date,Close,High,Low,Open,Volume,Gap_Up_aVWAP_942,Gap_Up_aVWAP_937,Gap_Up_aVWAP_901,Gap_Up_aVWAP_888,Gap_Up_aVWAP_863,Gap_Up_aVWAP_857,Gap_Up_aVWAP_855,Gap_Up_aVWAP_850,Gap_Up_aVWAP_848,Gap_Up_aVWAP_846,Gap_Down_aVWAP_873,Gap_Down_aVWAP_870,Gap_Down_aVWAP_841,Gap_Down_aVWAP_828,Gap_Down_aVWAP_768,Gap_Down_aVWAP_759,Gap_Down_aVWAP_741,Gap_Down_aVWAP_728,Gap_Down_aVWAP_718,Gap_Down_aVWAP_688,aVWAP_OB_bull_897,aVWAP_OB_bull_843,aVWAP_OB_bull_752,aVWAP_OB_bull_649,aVWAP_OB_bull_538,aVWAP_OB_bull_216,color,Liquidity,Liquidity_Level,StDev,StDev_Mean,StdDev_ZScore,OB,OB_High,OB_Low,OB_Mitigated_Index,FVG,FVG_High,FVG_Low,FVG_Mitigated_Index,QQEMOD,QQE1_Value,QQE1_Above_Upper,QQE1_Below_Lower,QQE2_Above_Threshold,QQE2_Below_Threshold,QQE2_Above_TL,banker_RSI,TTM_squeeze_Active,VI_plus,VI_minus,VI_Regular_Bullish,VI_Regular_Bearish,VI_Hidden_Bullish,VI_Hidden_Bearish,Fisher,Fisher_Signal,Fisher_Regular_Bullish,Fisher_Regular_Bearish,Fisher_Hidden_Bullish,Fisher_Hidden_Bearish,OBV,OBV_Smoothed,OBV_Regular_Bullish,OBV_Regular_Bearish,OBV_Hidden_Bullish,OBV_Hidden_Bearish,Volume_MA,Vol_Regular_Bullish,Vol_Regular_Bearish,Vol_Hidden_Bullish,Vol_Hidden_Bearish
2022-01-03 00:00:00+00:00,12.2575863158,12.7574102238,11.4245464691,12.4813170175,9700,,,,,,,,,,,,,,,,,,,,,,,,,,,#000000,-1.0,12.198477,,,,0.0,0.0,0.0,0.0,0.0,0.0,0.0,0.0,,,False,False,False,False,False,,0,,,False,False,False,False,,,False,False,False,False,0,0.0,False,False,False,False,9700.0,False,False,False,False
2022-01-04 00:00:00+00:00,11.648657989,11.8053646847,11.4718631324,11.5027094079,15057,,,,,,,,,,,,,,,,,,,,,,,,,,,"rgba(239, 83, 80, 0.5)",0.0,0.0,,,,0.0,0.0,0.0,0.0,0.0,0.0,0.0,0.0,0.0,,False,False,False,True,False,,0,,,False,False,False,False,,,False,False,False,False,-15057,-590.4705882352941,False,False,False,False,9910.078431372549,False,False,False,False
2022-01-05 00:00:00+00:00,11.991203974,11.9957737926,11.7672828632,11.7672828632,27366,,,,,,,,,,,,,,,,,,,,,,,,,,,"rgba(239, 83, 80, 0.5)",0.0,0.0,,,,0.0,0.0,0.0,0.0,0.0,0.0,0.0,0.0,12.741859672328605,-75.48371934465722,False,False,False,True,True,,0,,,False,False,False,False,,,False,False,False,False,12309,-84.60899653979249,False,False,False,False,10594.624375240293,False,False,False,False
2022-01-06 00:00:00+00:00,11.4653892227,11.7577624078,11.4653892227,11.7577624078,8500,,,,,,,,,,,,,,,,,,,,,,,,,,,"rgba(239, 83, 80, 0.5)",0.0,0.0,,,,0.0,0.0,0.0,0.0,0.0,0.0,0.0,0.0,16.238279861544832,-71.21684586518163,False,False,False,True,True,,0,,,False,False,False,False,,,False,False,False,False,3809,68.08155234412095,False,False,False,False,10512.48224287793,False,False,False,False
2022-01-07 00:00:00+00:00,11.8577271894,12.0205079357,11.6868350151,12.0019620886,9067,,,,,,,,,,,,,,,,,,,,,,,,,,,"rgba(239, 83, 80, 0.5)",0.0,0.0,,,,0.0,0.0,0.0,0.0,0.0,0.0,0.0,0.0,24.801461579570226,-61.791805457458054,False,False,False,True,True,,0,,,False,False,False,False,,,False,False,False,False,12876,570.3528640169005,False,False,False,False,10455.796664725854,False,False,False,False
2022-01-10 00:00:00+00:00,11.8339260509,12.0814578911,11.6720783093,12.0814578911,17810,,,,,,,,,,,,,,,,,,,,,,,,,,,"rgba(239, 83, 80, 0.5)",0.0,0.0,,,,0.0,0.0,0.0,0.0,0.0,0.0,0.0,0.0,30.28674319769985,-55.14863802196472,False,False,False,True,True,,0,,,False,False,False,False,,,False,False,False,False,-4934,354.4958889574142,False,False,False,False,10744.196795520918,False,False,False,False
2022-01-11 00:00:00+00:00,12.3670715528,12.432762695,11.9957737926,11.9957737926,18772,,,,,,,,,,,,,,,,,,,,,,,,,,,"rgba(239, 83, 80, 0.5)",0.0,0.0,,,,0.0,0.0,0.0,0.0,0.0,0.0,0.0,0.0,39.47842452403799,-44.93452662132816,False,False,False,True,True,,0,,,False,False,False,False,,,False,False,False,False,13838,883.2607560571234,False,False,False,False,11059.012607461274,False,False,False,False
2022-01-12 00:00:00+00:00,12.5516731828,12.7514123369,12.4384749682,12.5612888428,15250,,,,,,,,,,,,,,,,,,,,,,,,,,,#000000,0.0,0.0,,,,0.0,0.0,0.0,0.0,0.0,0.0,0.0,0.0,46.97143112435169,-36.40000104318431,False,False,False,False,True,,0,,,False,False,False,False,,,False,False,False,False,29088,1989.3289617019423,False,False,False,False,11223.365054227499,False,False,False,False
2022-01-13 00:00:00+00:00,12.5312994083,12.6416414863,12.523683044,12.567857957,10053,,,,,,,,,,,,,,,,,,,,,,,,,,,#000000,0.0,0.0,,,,0.0,0.0,0.0,0.0,0.0,0.0,0.0,0.0,51.72591491254126,-30.39146294253026,False,False,False,False,True,,0,,,False,False,False,False,,,False,False,False,False,19035,2657.7866494783366,False,False,False,False,11177.468385434264,False,False,False,False
2022-01-14 00:00:00+00:00,12.2433056327,12.5478650007,12.1481010788,12.5002627237,23402,,,,,,,,,,,,,,,,,,,,,,,,,,,#000000,0.0,0.0,,,,0.0,0.0,0.0,0.0,0.0,0.0,0.0,0.0,51.76235908936492,-28.595035345256264,False,False,False,False,True,,0,,,False,False,False,False,,,False,False,False,False,-4367,2382.304820087029,False,False,False,False,11656.8617820839,False,False,False,False
2022-01-18 00:00:00+00:00,11.7520501346,13.0239829748,11.4435873799,13.0239829748,58052,,,,,,,,,,,,,,,,,,,,,,,,,,,#000000,0.0,0.0,,12.073206829766665,,0.0,0.0,0.0,0.0,0.0,0.0,0.0,0.0,47.922905547689226,-28.595035345256264,False,False,False,False,True,,0,,,False,False,False,False,,,False,False,False,False,-62419,-158.92281991638401,False,False,False,False,13476.278967100217,False,False,False,False
2022-01-19 00:00:00+00:00,11.9386510602,12.0490883428,11.8147899356,11.8147899356,12062,,,,,,,,,,,,,,,,,,,,,,,,,,,#000000,0.0,0.0,,12.049288860650922,,0.0,0.0,0.0,0.0,0.0,0.0,0.0,0.0,47.06531817263788,-28.595035345256264,False,False,False,False,True,,0,,,False,False,False,False,,,False,False,False,False,-50357,-2127.474866194173,False,False,False,False,13420.81704682178,False,False,False,False
2022-01-20 00:00:00+00:00,11.9909183603,12.1432456466,11.6756008778,11.9957737926,75223,,,,,,,,,,,,,,,,,,,,,,,,,,,"rgba(239, 83, 80, 0.5)",0.0,0.0,,11.990957708518419,,0.0,0.0,0.0,0.0,0.0,0.0,0.0,0.0,46.96090004840162,-27.639115196512137,False,False,False,True,True,,0,,,False,False,False,False,,,False,False,False,False,24866,-1068.9072243826367,False,False,False,False,15844.432064593475,False,False,False,False
2022-01-21 00:00:00+00:00,11.9947265425,11.9957737926,11.8489683704,11.9291306048,41997,,,,,,,,,,,,,,,,,,,,,,,,,,,"rgba(239, 83, 80, 0.5)",0.0,0.0,,11.98098873077624,,0.0,0.0,0.0,0.0,0.0,0.0,0.0,0.0,46.92770496913769,-25.549806311099466,False,False,False,True,True,,0,,,False,False,False,False,,,False,False,False,False,66863,1595.0891373578588,False,False,False,False,16870.022964021184,False,False,False,False
2022-01-24 00:00:00+00:00,11.519751023,11.6339964877,11.2817396382,11.5384111156,17807,,,,,,,,,,,,,,,,,,,,,,,,,,,"rgba(239, 83, 80, 0.5)",0.0,0.0,,11.937370472559802,,0.0,0.0,0.0,0.0,0.0,0.0,0.0,0.0,43.474378556553056,-25.549806311099466,False,False,False,True,True,,0,,,False,False,False,False,,,False,False,False,False,49056,3456.3013280497075,False,False,False,False,16906.76716151055,False,False,False,False
2022-01-25 00:00:00+00:00,11.5196558185,11.519751023,11.4149308092,11.4149308092,12092,,,,,,,,,,,,,,,,,,,,,,,,,,,"rgba(239, 83, 80, 0.5)",0.0,0.0,,11.912177553144067,,0.0,0.0,0.0,0.0,0.0,0.0,0.0,0.0,41.1715706288993,-25.549806311099466,False,False,False,True,True,,0,,,False,False,False,False,,,False,False,False,False,36964,4770.32872694972,False,False,False,False,16717.95276301994,False,False,False,False
2022-01-26 00:00:00+00:00,11.6149555769,11.7292010416,11.5583088674,11.5734463914,3599,,,,,,,,,,,,,,,,,,,,,,,,,,,"rgba(239, 83, 80, 0.5)",0.0,0.0,,11.907646495209313,,0.0,0.0,0.0,0.0,0.0,0.0,0.0,0.0,40.706838310969985,-25.549806311099466,False,False,False,True,True,,0,,,False,False,False,False,,,False,False,False,False,40563,6173.962894520319,False,False,False,False,16203.484027215238,False,False,False,False
2022-01-27 00:00:00+00:00,11.2649836368,11.4293066968,11.2272826334,11.3975083758,22640,,,,,,,,,,,,,,,,,,,,,,,,,,,"rgba(239, 83, 80, 0.5)",0.0,0.0,,11.851811275304854,,0.0,0.0,0.0,0.0,0.0,0.0,0.0,0.0,38.145816650788035,-25.549806311099466,False,False,False,True,False,,1,,,False,False,False,False,,,False,False,False,False,17923,6634.709447676386,False,False,False,False,16455.896418304837,False,False,False,False
2022-01-28 00:00:00+00:00,11.1770146289,11.2341373613,11.0342077981,11.2341373613,13449,,,,,,,,,,,,,,,,,,,,,,,,,,,"rgba(239, 83, 80, 0.5)",0.0,0.0,,11.814992712748168,,0.0,0.0,0.0,0.0,0.0,0.0,0.0,0.0,35.94487470802769,-25.549806311099466,False,False,False,True,False,,0,,,False,False,False,False,,,False,False,False,False,4474,6549.975743845939,False,False,False,False,16337.97891170465,False,False,False,False
2022-01-31 00:00:00+00:00,11.3025894356,11.3025894356,10.8342782349,10.8342782349,5551,,,,,,,,,,,,,,,,,,,,,,,,,,,"rgba(239, 83, 80, 0.5)",0.0,0.0,,11.4736701058933,,0.0,0.0,0.0,0.0,0.0,0.0,0.0,0.0,35.978566900106586,-25.549806311099466,False,False,False,True,False,,0,,,False,False,False,False,,,False,False,False,False,10025,6686.251204871589,False,False,False,False,15914.960130853487,False,False,False,False
2022-02-01 00:00:00+00:00,11.3293419152,11.4815739969,11.3198214598,11.3924625344,21831,,,,,,,,,,,,,,,,,,,,,,,,,,,"rgba(239, 83, 80, 0.5)",0.0,0.0,,11.5492501313091,,0.0,0.0,0.0,0.0,0.0,0.0,0.0,0.0,36.32465016444603,-25.549806311099466,False,False,False,True,False,,0,,,False,False,False,False,,,False,False,False,False,31856,7673.300177229566,False,False,False,False,16146.96169434943,False,False,False,False
2022-02-02 00:00:00+00:00,11.3293419152,11.8053646847,11.3293419152,11.8053646847,1357,,,,,,,,,,,,,,,,,,,,,,,,,,,"rgba(239, 83, 80, 0.5)",0.0,0.0,,11.552310301662676,,0.0,0.0,0.0,0.0,0.0,0.0,0.0,0.0,36.55537234067232,-24.54947786034141,False,False,False,True,False,,0,,,False,False,False,False,,,False,False,False,False,31856,8621.641346749975,False,False,False,False,15566.963196531806,False,False,False,False
2022-02-03 00:00:00+00:00,11.1628291504,11.3293419152,11.1198918966,11.1198918966,11803,,,,,,,,,,,,,,,,,,,,,,,,,,,"rgba(239, 83, 80, 0.5)",0.0,0.0,,11.521689833102444,,0.0,0.0,0.0,0.0,0.0,0.0,0.0,0.0,35.44321578824772,-24.54947786034141,False,False,False,True,False,,0,,,False,False,False,False,,,False,False,False,False,20053,9069.929921387231,False,False,False,False,15419.356796667813,False,False,False,False
2022-02-04 00:00:00+00:00,11.2531782721,11.2626987275,11.1865350843,11.1865350843,7950,,,,,,,,,,,,,,,,,,,,,,,,,,,"rgba(239, 83, 80, 0.5)",0.0,0.0,,11.509749428675708,,0.0,0.0,0.0,0.0,0.0,0.0,0.0,0.0,35.98628068976599,-23.139476108767454,False,False,False,True,False,,0,,,False,False,False,False,,,False,False,False,False,28003,9812.403257803418,False,False,False,False,15126.440843857312,False,False,False,False
2022-02-07 00:00:00+00:00,11.4966924801,11.7196805862,11.4132171272,11.7196805862,9481,,,,,,,,,,,,,,,,,,,,,,,,,,,"rgba(239, 83, 80, 0.5)",0.0,0.0,,11.527771989536081,,0.0,0.0,0.0,0.0,0.0,0.0,0.0,0.0,39.412611642170106,-19.08575938535458,False,False,False,True,True,,0,,,False,False,False,False,,,False,False,False,False,37484,10897.563914360147,False,False,False,False,14905.0510068433,False,False,False,False
2022-02-08 00:00:00+00:00,11.9862533372,12.0251919997,11.9862533372,11.9957737926,2910,,,,,,,,,,,,,,,,,,,,,,,,,,,#000000,0.0,0.0,,11.545021154725614,,0.0,0.0,0.0,0.0,0.0,0.0,0.0,0.0,46.07042788503813,-12.311010737649354,False,False,False,False,True,,0,,,False,False,False,False,,,False,False,False,False,40394,12054.28689811073,False,False,False,False,14434.65684971219,False,False,False,False
2022-02-09 00:00:00+00:00,12.2147442666,14.2902035418,12.129060168,14.2902035418,13694,,,,,,,,,,,,,,,,,,,,,,,,,,,"rgba(38, 166, 154, 0.5)",0.0,0.0,,12.097980413970445,,0.0,0.0,0.0,0.0,0.0,0.0,0.0,0.0,52.01704412409076,-6.545925053417278,False,False,True,False,True,,1,,,False,False,False,False,,,False,False,False,False,54088,13702.667804067172,False,False,False,False,14405.611483056811,False,False,False,False
2022-02-10 00:00:00+00:00,12.5384397498,12.7098079469,12.2147442666,12.2147442666,3882,,,,,,,,,,,,,,,,,,,,,,,,,,,"rgba(38, 166, 154, 0.5)",0.0,0.0,,12.08596554134659,,0.0,0.0,0.0,0.0,0.0,0.0,0.0,0.0,57.760856308574965,-1.1689665146680355,False,False,True,False,True,,0,,,False,False,False,False,,,False,False,False,False,57970,15438.641615672383,False,False,False,False,13992.920836662426,False,False,False,False
2022-02-11 00:00:00+00:00,12.5241590668,13.9474671477,12.5092119518,12.8621352331,13054,,,,,,,,,,,,,,,,,,,,,,,,,,,"rgba(38, 166, 154, 0.5)",0.0,0.0,,12.192100636210192,,0.0,0.0,0.0,0.0,0.0,0.0,0.0,0.0,61.42555177574694,2.183628821347078,False,False,True,False,True,,0,,,False,False,False,False,,,False,False,False,False,44916,16594.616454273466,False,False,False,False,13956.100411695272,False,False,False,False
2022-02-14 00:00:00+00:00,12.4908374729,12.8526147777,12.3861124636,12.8526147777,12660,,,,,,,,,,,,,,,,,,,,,,,,,,,"rgba(38, 166, 154, 0.5)",0.0,0.0,,12.200115365421885,,0.0,0.0,0.0,0.0,0.0,0.0,0.0,0.0,63.4569736224624,4.085749394043987,False,False,True,False,True,,0,,,False,False,False,False,,,False,False,False,False,32256,17208.788358027447,False,False,False,False,13905.272944569966,False,False,False,False
2022-02-15 00:00:00+00:00,12.4051533744,12.6336443038,12.4051533744,12.4432351959,15516,,,,,,,,,,,,,,,,,,,,,,,,,,,"rgba(38, 166, 154, 0.5)",0.0,0.0,,12.20432288214952,,0.0,0.0,0.0,0.0,0.0,0.0,0.0,0.0,63.72292919052275,4.500061230820265,False,False,True,False,True,,0,,,False,False,False,False,,,False,False,False,False,16740,17190.404500849898,False,False,False,False,13968.438711449575,False,False,False,False
2022-02-16 00:00:00+00:00,12.5312042038,12.5312042038,12.5098783837,12.5098783837,360,,,,,,,,,,,,,,,,,,,,,,,,,,,"rgba(38, 166, 154, 0.5)",0.0,0.0,,12.204654344762723,,0.0,0.0,0.0,0.0,0.0,0.0,0.0,0.0,64.76492870855905,5.814443418953559,False,False,True,False,True,,0,,,False,False,False,False,,,False,False,False,False,17100,17186.859226306766,False,False,False,False,13434.774448255474,False,False,False,False
2022-02-17 00:00:00+00:00,12.78597159,12.78597159,12.3289897312,12.5527204329,10387,,,,,,,,,,,,,,,,,,,,,,,,,,,"rgba(38, 166, 154, 0.5)",0.0,0.0,,12.223870610609309,,0.0,0.0,0.0,0.0,0.0,0.0,0.0,0.0,66.99482302915078,8.29629243621904,False,False,True,False,True,,0,,,False,False,False,False,,,False,False,False,False,27487,17590.786315471207,False,False,False,False,13315.253881657221,False,False,False,False
2022-02-18 00:00:00+00:00,12.4019164195,12.5171139298,12.368309212,12.5171139298,3835,,,,,,,,,,,,,,,,,,,,,,,,,,,"rgba(38, 166, 154, 0.5)",0.0,0.0,,12.224327081490387,,0.0,0.0,0.0,0.0,0.0,0.0,0.0,0.0,64.02167613187979,8.29629243621904,False,False,True,False,True,,0,,,False,False,False,False,,,False,False,False,False,23652,17828.480969766453,False,False,False,False,12943.479219631448,False,False,False,False
2022-02-22 00:00:00+00:00,12.3099488205,12.383256327,12.2475898377,12.3765920082,3481,,,,,,,,,,,,,,,,,,,,,,,,,,,"rgba(38, 166, 154, 0.5)",0.0,0.0,,12.22189479158105,,0.0,0.0,0.0,0.0,0.0,0.0,0.0,0.0,61.12967105568846,8.29629243621904,False,False,True,False,False,,0,,,False,False,False,False,,,False,False,False,False,20171,17920.34446114816,False,False,False,False,12572.401603175313,False,False,False,False
2022-02-23 00:00:00+00:00,12.262251339,12.3589791657,12.2247407447,12.3589791657,7120,,,,,,,,,,,,,,,,,,,,,,,,,,,"rgba(38, 166, 154, 0.5)",0.0,0.0,,12.21640431036664,,0.0,0.0,0.0,0.0,0.0,0.0,0.0,0.0,58.71988673601162,8.29629243621904,False,False,True,False,False,,0,,,False,False,False,False,,,False,False,False,False,13051,17729.389776397253,False,False,False,False,12358.581932462557,False,False,False,False
2022-02-24 00:00:00+00:00,11.9005692387,12.19160956,11.796986684,12.19160956,7951,,,,,,,,,,,,,,,,,,,,,,,,,,,"rgba(38, 166, 154, 0.5)",0.0,0.0,,12.195031576982869,,0.0,0.0,0.0,0.0,0.0,0.0,0.0,0.0,53.89973257708587,12.298181221170374,False,False,True,False,False,,0,,,False,False,False,False,,,False,False,False,False,5100,17234.119589087557,False,False,False,False,12185.73558216991,False,False,False,False
2022-02-25 00:00:00+00:00,11.692832902,11.9005692387,11.6625578539,11.9005692387,2200,,,,,,,,,,,,,,,,,,,,,,,,,,,#000000,0.0,0.0,,12.18671636020918,,0.0,0.0,0.0,0.0,0.0,0.0,0.0,0.0,49.18836879316105,7.811074568048518,False,False,False,False,False,,0,,,False,False,False,False,,,False,False,False,False,2900,16671.997252260593,False,False,False,False,11794.138108359324,False,False,False,False
2022-02-28 00:00:00+00:00,11.7577624078,11.9767328818,11.6755056732,11.8084112305,5605,,,,,,,,,,,,,,,,,,,,,,,,,,,"rgba(239, 83, 80, 0.5)",0.0,0.0,,12.168811586705147,,0.0,0.0,0.0,0.0,0.0,0.0,0.0,0.0,46.72471086425369,5.468935980305297,False,False,False,True,False,,0,,,False,False,False,False,,,False,False,False,False,8505,16351.72285021116,False,False,False,False,11551.426809992292,False,False,False,False
2022-03-01 00:00:00+00:00,11.7904175698,11.7904175698,11.6815987647,11.7577624078,23750,,,,,,,,,,,,,,,,,,,,,,,,,,,"rgba(239, 83, 80, 0.5)",0.0,0.0,,12.103362937016216,,0.0,0.0,0.0,0.0,0.0,0.0,0.0,0.0,45.43767501550482,4.13064640820361,False,False,False,True,False,,0,,,False,False,False,False,,,False,False,False,False,32255,16975.38077765386,False,False,False,False,12029.80222920828,False,False,False,False
2022-03-02 00:00:00+00:00,11.6815987647,11.848206734,11.6815987647,11.6958794478,4555,,,,,,,,,,,,,,,,,,,,,,,,,,,"rgba(239, 83, 80, 0.5)",0.0,0.0,,12.092911870131902,,0.0,0.0,0.0,0.0,0.0,0.0,0.0,0.0,43.680595643170484,2.242926025882703,False,False,False,True,False,,0,,,False,False,False,False,,,False,False,False,False,27700,17395.954080490963,False,False,False,False,11736.672730023642,False,False,False,False
2022-03-03 00:00:00+00:00,11.6853117423,11.8707261306,11.5152848366,11.6160202827,14078,,,,,,,,,,,,,,,,,,,,,,,,,,,"rgba(239, 83, 80, 0.5)",0.0,0.0,,11.968581385947228,,0.0,0.0,0.0,0.0,0.0,0.0,0.0,0.0,42.55620197207746,0.8836663931480899,False,False,False,True,False,,0,,,False,False,False,False,,,False,False,False,False,41778,18352.112744001122,False,False,False,False,11828.48948570899,False,False,False,False
2022-03-04 00:00:00+00:00,11.9420246532,12.0355920172,11.9345698479,12.0281372119,2155,,,,,,,,,,,,,,,,,,,,,,,,,,,"rgba(239, 83, 80, 0.5)",0.0,0.0,,11.976722264211308,,0.0,0.0,0.0,0.0,0.0,0.0,0.0,0.0,44.83029821260503,0.8836663931480899,False,False,False,True,False,,0,,,False,False,False,False,,,False,False,False,False,43933,19355.28479325598,False,False,False,False,11449.136956857656,False,False,False,False
2022-03-07 00:00:00+00:00,12.3099861971,12.3099861971,12.185739442,12.2143161957,1405,,,,,,,,,,,,,,,,,,,,,,,,,,,#000000,0.0,0.0,,11.988206359643405,,0.0,0.0,0.0,0.0,0.0,0.0,0.0,0.0,49.607869141635106,0.8836663931480899,False,False,False,False,True,,0,,,False,False,False,False,,,False,False,False,False,45338,20374.21480136359,False,False,False,False,11055.249233059318,False,False,False,False
2022-03-08 00:00:00+00:00,12.693383011,12.693383011,12.3693379163,12.376888296,3400,,,,,,,,,,,,,,,,,,,,,,,,,,,"rgba(38, 166, 154, 0.5)",0.0,0.0,,12.026477728536198,,0.0,0.0,0.0,0.0,0.0,0.0,0.0,0.0,55.26162366479738,-3.156789688190365,False,False,True,False,True,,0,,,False,False,False,False,,,False,False,False,False,48738,21486.5201032709,False,False,False,False,10755.043380782483,False,False,False,False
2022-03-09 00:00:00+00:00,12.9455465792,12.9455465792,12.8738753164,12.8738753164,2560,,,,,,,,,,,,,,,,,,,,,,,,,,,"rgba(38, 166, 154, 0.5)",0.0,0.0,,12.060931927260109,,0.0,0.0,0.0,0.0,0.0,0.0,0.0,0.0,60.323342870567146,1.5324809677240907,False,False,True,False,True,,0,,,False,False,False,False,,,False,False,False,False,51298,22655.597746279887,False,False,False,False,10433.66913055572,False,False,False,False
2022-03-10 00:00:00+00:00,13.5715686335,13.6144815512,13.3039602379,13.3421900087,7160,,,,,,,,,,,,,,,,,,,,,,,,,,,"rgba(38, 166, 154, 0.5)",0.0,0.0,,12.17877452647118,,0.0,0.0,0.0,0.0,0.0,0.0,0.0,0.0,66.06755845247443,6.783557699929673,False,False,True,False,True,,0,,,False,False,False,False,,,False,False,False,False,58458,24059.613520935578,False,False,False,False,10305.2899489653,False,False,False,False
2022-03-11 00:00:00+00:00,13.081271823,13.3804197795,13.081271823,13.3804197795,875,,,,,,,,,,,,,,,,,,,,,,,,,,,"rgba(38, 166, 154, 0.5)",0.0,0.0,,12.187273233721488,,0.0,0.0,0.0,0.0,0.0,0.0,0.0,0.0,65.45912858715045,6.783557699929673,False,False,True,False,True,,0,,,False,False,False,False,,,False,False,False,False,57583,25374.256127957713,False,False,False,False,9935.474656849014,False,False,False,False
2022-03-14 00:00:00+00:00,12.4915776084,12.9025476445,12.4915776084,12.9025476445,1396,,,,,,,,,,,,,,,,,,,,,,,,,,,"rgba(38, 166, 154, 0.5)",0.0,0.0,,12.19185514592597,,0.0,0.0,0.0,0.0,0.0,0.0,0.0,0.0,61.090188450930114,6.783557699929673,False,False,True,False,False,,0,,,False,False,False,False,,,False,False,False,False,56187,26582.599024900548,False,False,False,False,9600.593297756895,False,False,False,False
2022-03-15 00:00:00+00:00,12.5902868766,12.6153751637,12.2384965257,12.4246755095,810,,,,,,,,,,,,,,,,,,,,,,,,,,,"rgba(38, 166, 154, 0.5)",0.0,0.0,,12.193142964567588,,0.0,0.0,0.0,0.0,0.0,0.0,0.0,0.0,58.70098168813975,6.783557699929673,False,False,True,False,False,4.483570133359478,0,,,False,False,False,False,0.045058133285200405,0.045058133285200405,False,False,False,False,56997,27775.320631767194,False,False,False,False,9255.864148825252,False,False,False,False
2022-03-16 00:00:00+00:00,12.8349765246,13.0688471475,12.7113987905,12.7113987905,5850,,,,,,,,,,,,,,,,,,,,,,,,,,,"rgba(38, 166, 154, 0.5)",0.0,0.0,,12.223108516175623,,0.0,0.0,0.0,0.0,0.0,0.0,0.0,0.0,58.37458976769145,6.783557699929673,False,False,True,False,False,6.821779080757828,0,0.8934212170929959,0.9046402859820406,False,False,False,False,0.17464930476166293,0.10985371902343166,False,False,False,False,62847,29150.680606992013,False,False,False,False,9122.300848871322,False,False,False,False
2022-03-17 00:00:00+00:00,13.1988283682,13.5844711811,13.1988283682,13.5844711811,12016,,,,,,,,,,,,,,,,,,,,,,,,,,,"rgba(38, 166, 154, 0.75)",0.0,0.0,,12.312786409797075,,0.0,0.0,0.0,0.0,0.0,0.0,0.0,0.0,59.83178217187978,6.783557699929673,True,False,True,False,False,10.08768025578826,0,0.9167707197198711,0.8546678081548221,False,False,False,False,0.32203554296864173,0.2159446309960367,False,False,False,False,74863,30943.320583188404,False,False,False,False,9235.7792469548,False,False,False,False
2022-03-18 00:00:00+00:00,13.4664367638,13.4759942065,13.3804197795,13.4090921076,1870,,,,,,,,,,,,,,,,,,,,,,,,,,,"rgba(38, 166, 154, 0.75)",0.0,0.0,,12.325966587433127,,0.0,0.0,0.0,0.0,0.0,0.0,0.0,0.0,61.89245840769411,6.783557699929673,True,False,True,False,False,12.340334439277754,0,0.9086175529937022,0.8647468755197619,False,False,False,False,0.3332502982725864,0.27459746463431156,False,False,False,False,76733,32738.99428580847,False,False,False,False,8946.925158838927,False,False,False,False
2022-03-21 00:00:00+00:00,13.4664367638,13.6469768564,13.42036989,13.5994763661,1870,,,,,,,,,,,,,,,,,,,,,,,,,,,"rgba(38, 166, 154, 0.75)",0.0,0.0,,12.339561475265054,,0.0,0.0,0.0,0.0,0.0,0.0,0.0,0.0,63.26624256490366,6.783557699929673,True,False,True,False,False,12.340334439277754,0,0.932550800454461,0.8549717384816001,False,False,False,False,0.3428282243713529,0.3087128445028322,False,False,False,False,76733,34464.2494118552,False,False,False,False,8669.398682021714,False,False,False,False
2022-03-22 00:00:00+00:00,13.619355847,13.7522043005,13.4090921076,13.7522043005,8765,,,,,,,,,,,,,,,,,,,,,,,,,,,"rgba(38, 166, 154, 1.0)",0.0,0.0,,12.40138647489199,,0.0,0.0,0.0,0.0,0.0,0.0,0.0,0.0,64.82986940926088,6.783557699929673,True,False,True,False,True,13.607955062264114,0,0.931382188950791,0.8708814668333826,False,False,False,False,0.34282822493313364,0.3257705347179829,False,False,False,False,85498,36465.57296433147,False,False,False,False,8673.147753314981,False,False,False,False
2022-03-23 00:00:00+00:00,13.4318388212,13.4759942065,13.4318388212,13.4759942065,4671,,,,,,,,,,,,,,,,,,,,,,,,,,,"rgba(38, 166, 154, 1.0)",0.0,0.0,,12.425965814492368,,0.0,0.0,0.0,0.0,0.0,0.0,0.0,0.0,64.25025966689013,6.783557699929673,True,False,True,False,True,11.420343763165139,0,0.9257934086676846,0.8785043817159688,False,False,False,False,0.30590316170128196,0.3158368482096324,False,False,False,False,80827,38205.236769651805,False,False,False,False,8516.200782596747,False,False,False,False
2022-03-24 00:00:00+00:00,13.7627174875,13.8320185045,13.3155247435,13.4759942065,24600,,,,,,,,,,,,,,,,,,,,,,,,,,,"rgba(38, 166, 154, 1.0)",0.0,0.0,,12.554740757413466,,0.0,0.0,0.0,0.0,0.0,0.0,0.0,0.0,65.3651208597015,7.9176097763941655,True,False,True,False,True,14.126349871955501,0,0.9126221943713377,0.8853210912694753,False,False,False,False,0.34080220642643644,0.32831952731803443,False,False,False,False,105427,40841.384347312516,False,False,False,False,9146.93800680864,False,False,False,False
2022-03-25 00:00:00+00:00,13.7627174875,13.7627174875,13.6575856178,13.6671430605,13150,,,,,,,,,,,,,,,,,,,,,,,,,,,"rgba(38, 166, 154, 1.0)",0.0,0.0,,12.614428909103399,,0.0,0.0,0.0,0.0,0.0,0.0,0.0,0.0,66.10836165490909,9.092701536932054,True,False,True,False,True,14.126349871955512,0,0.9101046165352263,0.9048440619161106,False,False,False,False,0.3428282263784248,0.3355738768482296,False,False,False,False,105427,43374.153588594374,False,False,False,False,9303.920830071047,False,False,False,False
2022-03-28 00:00:00+00:00,14.12590031,14.1284808196,13.5620111908,13.676222631,9990,,,,,,,,,,,,,,,,,,,,,,,,,,,"rgba(38, 166, 154, 1.0)",0.0,0.0,,12.663853641700186,,0.0,0.0,0.0,0.0,0.0,0.0,0.0,0.0,68.1102957463577,11.42258373884981,True,False,True,False,True,16.950039182274743,0,0.903647164240531,0.8849446108712887,False,False,False,False,0.3428282277424489,0.33920105229533926,False,False,False,False,115417,46199.36325178675,False,False,False,False,9330.825895558457,False,False,False,False
2022-03-29 00:00:00+00:00,14.0397877513,14.0397877513,13.9538663415,13.9634237842,5105,,,,,,,,,,,,,,,,,,,,,,,,,,,"rgba(38, 166, 154, 1.0)",0.0,0.0,,12.68884146557582,,0.0,0.0,0.0,0.0,0.0,0.0,0.0,0.0,68.6012425492049,12.286129829494072,True,False,True,False,True,15.929551577765867,0,0.9342813175185986,0.8794904532628238,False,False,False,False,0.342828229123108,0.3410146407092236,False,False,False,False,110312,48713.58430073629,False,False,False,False,9165.107232987537,False,False,False,False
2022-03-30 00:00:00+00:00,14.0685556538,14.0685556538,14.0685556538,14.0685556538,710,,,,,,,,,,,,,,,,,,,,,,,,,,,"rgba(38, 166, 154, 1.0)",0.0,0.0,,12.6923942375623,,0.0,0.0,0.0,0.0,0.0,0.0,0.0,0.0,69.05764401443801,13.13866714247547,True,False,True,False,True,16.152190834307536,0,0.9687514333137265,0.8939667537414452,False,False,False,False,0.34282822972781013,0.34192143521851687,False,False,False,False,111022,51157.05158306036,False,False,False,False,8833.53440032136,False,False,False,False
2022-03-31 00:00:00+00:00,13.9691582498,14.1151959742,13.9691582498,14.0972279819,1785,,,,,,,,,,,,,,,,,,,,,,,,,,,"rgba(38, 166, 154, 1.0)",0.0,0.0,,12.70083629127785,,0.0,0.0,0.0,0.0,0.0,0.0,0.0,0.0,68.28526561196936,13.13866714247547,True,False,True,False,True,14.95680999649553,0,0.9479370245223997,0.8447882216162541,False,False,False,False,0.336329878719041,0.33912565696877894,False,False,False,False,109237,53434.69661901878,False,False,False,False,8557.121286583268,False,False,False,False
2022-04-01 00:00:00+00:00,14.12590031,14.1736875235,14.0733343752,14.0972279819,7421,,,,,,,,,,,,,,,,,,,,,,,,,,,"rgba(38, 166, 154, 1.0)",0.0,0.0,,12.737695695824147,,0.0,0.0,0.0,0.0,0.0,0.0,0.0,0.0,68.5922566223249,13.43735568382538,True,False,True,False,True,16.197657017731775,0,0.9543531302297981,0.8391974015217161,False,False,False,False,0.34282823017189507,0.34097694357033703,False,False,False,False,116658,55914.041849645495,False,False,False,False,8512.567510638826,False,False,False,False
2022-04-04 00:00:00+00:00,14.12590031,14.12590031,14.12590031,14.12590031,10,,,,,,,,,,,,,,,,,,,,,,,,,,,"rgba(38, 166, 154, 1.0)",0.0,0.0,,12.737743758161908,,0.0,0.0,0.0,0.0,0.0,0.0,0.0,0.0,68.79691729589526,14.038243575528853,True,False,True,False,True,16.197657017731785,0,0.9477848390928354,0.8328460618433132,False,False,False,False,0.342828230190841,0.34190258688058905,False,False,False,False,116658,58296.15785554175,False,False,False,False,8179.1334906137745,False,False,False,False
2022-04-05 00:00:00+00:00,14.4163509937,14.4163509937,14.3178137595,14.3817530511,6921,,,,,,,,,,,,,,,,,,,,,,,,,,,"rgba(38, 166, 154, 1.0)",0.0,0.0,,12.77702235888758,,0.0,0.0,0.0,0.0,0.0,0.0,0.0,0.0,70.39641198624439,15.911790213173731,True,False,True,False,True,18.45243154989896,0,0.9728490363471696,0.8238824433767004,False,False,False,False,0.3428282319620293,0.34236540942130916,False,False,False,False,123579,60856.26931218717,False,False,False,False,8129.794922354411,False,False,False,False
2022-04-06 00:00:00+00:00,14.2979342786,14.2979342786,14.1034403197,14.1545726381,1361,,,,,,,,,,,,,,,,,,,,,,,,,,,"rgba(38, 166, 154, 1.0)",0.0,0.0,,12.783666263179034,,0.0,0.0,0.0,0.0,0.0,0.0,0.0,0.0,69.9888290998787,15.911790213173731,True,False,True,False,True,16.98505926153108,0,0.9509412709073116,0.8198403849321978,False,False,False,False,0.3059051943711029,0.32413530189620604,False,False,False,False,122218,63262.6116921014,False,False,False,False,7864.351984222865,False,False,False,False
2022-04-07 00:00:00+00:00,14.2630496128,14.3266066067,14.221474737,14.2405896224,3350,,,,,,,,,,,,,,,,,,,,,,,,,,,"rgba(38, 166, 154, 1.0)",0.0,0.0,,12.800175770042376,,0.0,0.0,0.0,0.0,0.0,0.0,0.0,0.0,69.27675329906313,15.911790213173731,True,False,True,False,True,16.55292627525156,0,0.9513700678506908,0.826308931403817,False,False,False,False,0.3220772978816883,0.3231062998889472,False,False,False,False,118868,65443.21515515626,False,False,False,False,7687.31857307687,False,False,False,False
2022-04-08 00:00:00+00:00,14.7341359634,14.7341359634,14.3848114328,14.3848114328,5150,,,,,,,,,,,,,,,,,,,,,,,,,,,"rgba(38, 166, 154, 1.0)",0.0,0.0,,12.831380439023526,,0.0,0.0,0.0,0.0,0.0,0.0,0.0,0.0,71.17016884034116,17.34631022493832,True,False,True,False,True,20.0,0,0.9672386233258046,0.7995761572206792,False,False,False,False,0.3428282331994348,0.33296726654419095,False,False,False,False,124018,67740.26554122857,False,False,False,False,7587.815883936601,False,False,False,False
2022-04-11 00:00:00+00:00,14.7184617574,14.7471340855,14.7184617574,14.7471340855,5130,,,,,,,,,,,,,,,,,,,,,,,,,,,"rgba(38, 166, 154, 1.0)",0.0,0.0,,12.863230445023135,,0.0,0.0,0.0,0.0,0.0,0.0,0.0,0.0,72.23197487933126,18.514272654666883,True,False,True,False,True,19.9105492814991,0,0.9962752599545729,0.7880960293931432,False,False,False,False,0.3428282342029485,0.3378977503735697,False,False,False,False,118888,69746.05904941568,False,False,False,False,7491.4309473116355,False,False,False,False
2022-04-12 00:00:00+00:00,15.4448274026,15.5786316004,15.4448274026,15.4792341963,1010,,,,,,,,,,,,,,,,,,,,,,,,,,,"rgba(38, 166, 154, 1.0)",0.0,0.0,,12.872148573853508,,0.0,0.0,0.0,0.0,0.0,0.0,0.0,0.0,75.421170391198,21.614691095909336,True,False,True,False,True,20.0,0,1.0066742760004561,0.7875286457458464,False,False,False,False,0.34282823713902005,0.34036299375629486,False,False,False,False,119898,71712.80183179154,False,False,False,False,7237.257184671964,False,False,False,False
2022-04-13 00:00:00+00:00,15.7697804544,15.8613885427,15.559516715,15.5957394228,22925,,,,,,,,,,,,,,,,,,,,,,,,,,,"rgba(38, 166, 154, 1.0)",1.0,15.5498905,,13.605740080351538,,0.0,0.0,0.0,0.0,0.0,0.0,0.0,0.0,78.30560369468645,24.302839749931564,True,False,True,False,True,20.0,0,0.9827045312734098,0.7780806823553136,False,False,False,False,0.3428282379043658,0.3415956158303303,False,False,False,False,142823,74501.43705407422,False,False,False,False,7852.462785273064,False,False,False,False
2022-04-14 00:00:00+00:00,15.6359762566,15.7888953398,15.6264188139,15.7609876071,2929,,,,,,,,,,,,,,,,,,,,,,,,,,,"rgba(38, 166, 154, 1.0)",0.0,0.0,,13.623057493843595,,0.0,0.0,0.0,0.0,0.0,0.0,0.0,0.0,78.72697231380697,24.66397342046146,True,False,True,False,True,20.0,0,0.9853980599872885,0.7950168406345396,False,False,False,False,0.34236673379586363,0.341981174813097,False,False,False,False,139894,77065.85128724779,False,False,False,False,7659.385813301571,False,False,False,False
2022-04-18 00:00:00+00:00,15.5212869442,15.6713387946,14.9962966167,15.6713387946,2423,,,,,,,,,,,,,,,,,,,,,,,,,,,"rgba(38, 166, 154, 1.0)",0.0,0.0,,13.630524906336564,,0.0,0.0,0.0,0.0,0.0,0.0,0.0,0.0,77.73239738435609,24.66397342046146,True,False,True,False,True,20.0,0,0.9644485797165381,0.7817028900976777,False,False,False,False,0.2818168430343536,0.3118990089237253,False,False,False,False,137471,79434.68064853219,False,False,False,False,7454.037350034843,False,False,False,False
2022-04-19 00:00:00+00:00,15.8271251106,15.8271251106,15.1553993653,15.272793434,2070,,,,,,,,,,,,,,,,,,,,,,,,,,,"rgba(38, 166, 154, 1.0)",0.0,0.0,,13.6413657426916,,0.0,0.0,0.0,0.0,0.0,0.0,0.0,0.0,78.06891713884247,24.66397342046146,True,False,True,False,True,20.0,0,0.9711633641811628,0.7780679879765133,False,False,False,False,0.3041330509407952,0.30801602993226024,False,False,False,False,139541,81791.79121133484,False,False,False,False,7242.898630425634,False,True,False,False
2022-04-20 00:00:00+00:00,15.1466351904,15.5204267743,15.0840339407,15.5204267743,1200,,,,,,,,,,,,,,,,,,,,,,,,,,,"rgba(38, 166, 154, 0.75)",0.0,0.0,1.259508344189697,13.64387794940468,1.1931300399300786,0.0,0.0,0.0,0.0,0.0,0.0,0.0,0.0,72.19637020031954,26.51921145642723,True,False,True,False,False,17.91358925104173,0,0.9499671898043133,0.7963830455579043,False,False,False,False,0.2692596779115598,0.28863785392191,False,False,False,False,138341,84009.40724226288,False,False,False,False,7005.922213546198,False,False,False,False
2022-04-21 00:00:00+00:00,14.4030661483,14.8618233979,14.4030661483,14.8618233979,2020,,,,,,,,,,,,,,,,,,,,,,,,,,,"rgba(38, 166, 154, 0.75)",0.0,0.0,1.2714062465474127,13.63661719943693,0.6028356010869168,0.0,0.0,0.0,0.0,0.0,0.0,0.0,0.0,63.88327436149412,19.004426727837824,True,False,True,False,False,10.624494506066679,0,0.9214324620385899,0.8290215038240709,False,False,False,False,0.15410970417503578,0.22137377904847289,False,False,False,False,136321,86060.84225237023,False,False,False,False,6810.39585223066,False,False,False,False
2022-04-22 00:00:00+00:00,14.4699682472,14.4699682472,14.4699682472,14.4699682472,500,,,,,,,,,,,,,,,,,,,,,,,,,,,"rgba(38, 166, 154, 0.5)",0.0,0.0,1.2778426778400227,13.634692388807327,0.6536609497223606,0.0,0.0,0.0,0.0,0.0,0.0,0.0,0.0,58.71295944501918,14.677099870779031,False,False,True,False,False,11.08484706107387,0,0.9119740133975418,0.9443222177162942,False,False,False,False,0.12688555174728003,0.17412966539787644,False,False,False,False,136821,88051.4366738459,False,False,False,False,6562.929348221615,False,False,False,False
2022-04-25 00:00:00+00:00,14.100381938,14.4012502342,13.9538663415,14.4012502342,3200,,,,,,,,,,,,,,,,,,,,,,,,,,,#000000,0.0,0.0,1.2816020934357155,13.6163743212324,0.377658260115723,0.0,0.0,0.0,0.0,0.0,0.0,0.0,0.0,53.430165962228656,10.254276985433386,False,True,False,False,False,7.7491728797937505,0,0.8834190741733317,0.8594327468712736,False,False,False,False,0.0783306605443555,0.12623016297111597,False,False,False,False,133621,89838.47837291079,False,False,False,False,6431.049765938415,False,False,False,False
2022-04-26 00:00:00+00:00,14.100381938,14.1417752224,14.0200994194,14.1417752224,3200,,,,,,,,,,,,,,,,,,,,,,,,,,,"rgba(239, 83, 80, 1.0)",0.0,0.0,1.2781037019799306,13.60031684654208,0.39125549099283646,0.0,0.0,0.0,0.0,0.0,0.0,0.0,0.0,49.9083036403683,7.433546354642431,False,True,False,True,False,7.7491728797937505,0,0.8613372301913981,0.9353329911748106,False,False,False,False,0.06237840536250469,0.09430428416681033,False,False,False,False,133621,91555.44000534566,False,False,False,False,6304.341931980045,False,False,False,False
2022-04-27 00:00:00+00:00,13.7741864187,14.0112109976,13.7436026021,14.0112109976,5560,,,,,,,,,,,,,,,,,,,,,,,,,,,"rgba(239, 83, 80, 1.0)",0.0,0.0,1.2756086471957786,13.570186732235124,0.1599234113952867,0.0,0.0,0.0,0.0,0.0,0.0,0.0,0.0,46.01134692932611,4.139198524033219,False,True,False,True,False,4.903830861311722,0,0.8473647110703211,0.8735902693784844,False,False,False,False,0.028868950780771514,0.06158661747379092,False,False,False,False,128061,92987.03059337132,False,False,False,False,6275.152052294553,False,False,False,False
2022-04-28 00:00:00+00:00,13.7917721133,13.7917721133,13.6728775261,13.714930274,2655,,,,,,,,,,,,,,,,,,,,,,,,,,,"rgba(239, 83, 80, 1.0)",0.0,0.0,1.2724531448730234,13.55711887762999,0.18441011884443656,0.0,0.0,0.0,0.0,0.0,0.0,0.0,0.0,43.544935634925814,2.071026237947322,False,True,False,True,False,5.036173512288723,0,0.8411250815705367,0.8728059886305087,False,False,False,False,0.005026410981736395,0.03330651422776366,False,False,False,False,130716,94466.59802108226,False,False,False,False,6133.185305145747,False,False,False,False
2022-04-29 00:00:00+00:00,13.7279952981,13.9646662517,13.7279952981,13.9538663415,1925,,,,,,,,,,,,,,,,,,,,,,,,,,,"rgba(239, 83, 80, 1.0)",0.0,0.0,1.2733288283249606,13.549314582103055,0.14032566609836067,0.0,0.0,0.0,0.0,0.0,0.0,0.0,0.0,41.58081029809345,0.3102970293187184,False,True,False,True,False,4.48085099932047,0,0.8453567993249489,0.863693238422536,False,False,False,False,0.02376012783567983,0.028533321031721744,False,False,False,False,128791,95812.65300064767,False,False,False,False,5968.1584304341495,False,False,False,False
2022-05-02 00:00:00+00:00,13.5715686335,13.7244877167,13.4377644357,13.7244877167,4538,,,,,,,,,,,,,,,,,,,,,,,,,,,"rgba(239, 83, 80, 1.0)",0.0,0.0,1.273965376288419,13.527351096516071,0.03470858612559218,0.0,0.0,0.0,0.0,0.0,0.0,0.0,0.0,39.48275940045342,-1.7141547247993998,False,True,False,True,False,3.1242052549809287,0,0.837619485265336,0.8912460936462335,False,False,False,False,-0.019815672247538007,0.004358824392091868,False,False,False,False,124253,96927.96072611248,False,False,False,False,5912.073786103399,False,False,False,False
2022-05-03 00:00:00+00:00,13.9634237842,13.9675449534,13.7703634416,13.7703634416,3166,,,,,,,,,,,,,,,,,,,,,,,,,,,"rgba(239, 83, 80, 1.0)",0.0,0.0,1.2774275734731653,13.520127818605474,0.3470223868655504,0.0,0.0,0.0,0.0,0.0,0.0,0.0,0.0,41.26774774068371,-1.7141547247993998,False,True,False,True,False,6.1290943072710995,0,0.8587984023768754,0.8705004976532221,False,False,False,False,0.027479225527738904,0.015919024959915387,False,False,False,False,127419,98123.687756461,False,False,False,False,5804.384618020912,False,False,False,False
2022-05-04 00:00:00+00:00,13.9032118951,13.9538663415,13.8227382276,13.8725325041,6334,,,,,,,,,,,,,,,,,,,,,,,,,,,"rgba(239, 83, 80, 1.0)",0.0,0.0,1.278015716808231,13.508538227912359,0.30881753799813627,0.0,0.0,0.0,0.0,0.0,0.0,0.0,0.0,42.09396853045896,-1.7141547247993998,False,True,False,True,False,5.600751873496861,0,0.8694175873913801,0.8638532763733022,False,False,False,False,0.03066048507234504,0.023289755016130214,False,False,False,False,121085,99024.13137385469,False,False,False,False,5825.1538486867585,False,False,False,False
2022-05-05 00:00:00+00:00,13.9538663415,13.9538663415,13.5800938724,13.9538663415,9249,,,,,,,,,,,,,,,,,,,,,,,,,,,"rgba(239, 83, 80, 1.0)",0.0,0.0,1.2730577412966837,13.494220092252624,0.36105687459172064,0.0,0.0,0.0,0.0,0.0,0.0,0.0,0.0,43.057820398220045,-1.7141547247993998,False,True,False,True,False,5.986569199646578,0,0.8584671889877655,0.8643374113585421,False,False,False,False,0.010720068624880088,0.01700491182050515,False,False,False,False,130334,100251.96935919372,False,False,False,False,5959.422325208847,False,False,False,False
2022-05-06 00:00:00+00:00,13.7531600448,13.8907872196,13.2275006963,13.8907872196,7433,,,,,,,,,,,,,,,,,,,,,,,,,,,"rgba(239, 83, 80, 1.0)",0.0,0.0,1.2683034920653324,13.479302120426212,0.21592460013480816,0.0,0.0,0.0,0.0,0.0,0.0,0.0,0.0,42.38687086288359,-1.7141547247993998,False,True,False,True,False,4.20622639761201,0,0.8615235957068026,0.8608295054259407,False,False,False,False,-0.023428662494550747,-0.003211875337022798,False,False,False,False,122901,101140.16663922534,False,False,False,False,6017.209685004578,False,False,False,False
2022-05-09 00:00:00+00:00,12.481637868,13.6398087743,12.481637868,13.4759942065,8244,,,,,,,,,,,,,,,,,,,,,,,,,,,"rgba(239, 83, 80, 1.0)",0.0,0.0,1.2637393215399502,13.439278484734166,-0.7577833501035776,0.0,0.0,0.0,0.0,0.0,0.0,0.0,0.0,36.7535384475123,-5.3893025080233485,False,True,False,True,False,0.0,0,0.8300991964243859,0.8603120071734617,False,False,False,False,-0.10569850309084387,-0.05445518921393334,False,False,False,False,114657,101670.23853572631,False,False,False,False,6104.534795396556,False,False,False,False
2022-05-10 00:00:00+00:00,12.9981220715,12.9981220715,12.9981220715,12.9981220715,515,,,,,,,,,,,,,,,,,,,,,,,,,,,"rgba(239, 83, 80, 1.0)",0.0,0.0,1.2570566273149881,13.437276680624587,-0.34935149267109816,0.0,0.0,0.0,0.0,0.0,0.0,0.0,0.0,36.595344058310374,-5.762447776604766,False,True,False,True,False,0.0,0,0.8313608296033018,0.8726714565921091,False,False,False,False,-0.11610995586143272,-0.08528257253768302,False,False,False,False,115172,102199.71937746253,False,False,False,False,5885.337352439828,False,False,False,False
2022-05-11 00:00:00+00:00,12.9790071861,13.0936964985,12.9415420107,12.9981220715,3678,,,,,,,,,,,,,,,,,,,,,,,,,,,"rgba(239, 83, 80, 1.0)",0.0,0.0,1.2431015811813646,13.42364497683925,-0.3576841969074601,0.0,0.0,0.0,0.0,0.0,0.0,0.0,0.0,36.41899519534236,-6.285655905146896,False,True,False,True,False,0.0,0,0.8284109655012989,0.8579462946234968,False,False,False,False,-0.11286472163742632,-0.09907364708755467,False,False,False,False,111494,102564.20097050323,False,False,False,False,5798.77510332454,False,False,False,False
2022-05-12 00:00:00+00:00,12.1188373431,12.7496285613,12.1188373431,12.7368215881,8105,,,,,,,,,,,,,,,,,,,,,,,,,,,"rgba(239, 83, 80, 1.0)",0.0,0.0,1.234417952229227,13.374780894823482,-1.0174378535692739,0.0,0.0,0.0,0.0,0.0,0.0,0.0,0.0,33.59765896319623,-9.315403855138172,False,True,False,True,False,0.0,0,0.8001897177708871,0.8718707693385326,False,False,False,False,-0.21131895462953038,-0.15519630085854252,False,False,False,False,103389,102596.5460304835,False,False,False,False,5889.215295351029,False,False,False,False
2022-05-13 00:00:00+00:00,12.1379522285,12.1763731482,11.9514865215,11.9883782503,6322,,,,,,,,,,,,,,,,,,,,,,,,,,,"rgba(239, 83, 80, 1.0)",0.0,0.0,1.2270746313576066,13.334750692134643,-0.9753265474248564,0.0,0.0,0.0,0.0,0.0,0.0,0.0,0.0,31.8480701340159,-11.260783340992205,False,True,False,True,False,0.0,0,0.798786681577612,0.9018240217604385,False,False,False,False,-0.327231370366428,-0.24121383561248527,False,False,False,False,109711,102875.5442253665,False,False,False,False,5906.18724455295,False,False,False,False
2022-05-16 00:00:00+00:00,11.8512289475,12.2526415409,11.8512289475,12.2526415409,25839,,,,,,,,,,,,,,,,,,,,,,,,,,,"rgba(239, 83, 80, 1.0)",0.0,0.0,1.2166714582577267,13.191980697526821,-1.1019833998134372,0.0,0.0,0.0,0.0,0.0,0.0,0.0,0.0,29.899733337972958,-13.37414520797141,False,True,False,True,False,0.0,0,0.7853729488302805,0.912926024614854,False,False,False,False,-0.34282825441539394,-0.2920210450139396,False,False,False,False,83872,102130.30719692075,False,False,False,False,6687.866176139109,False,False,False,False
2022-05-17 00:00:00+00:00,11.8416715048,11.8512289475,11.6409652081,11.6409652081,12609,,,,,,,,,,,,,,,,,,,,,,,,,,,"rgba(239, 83, 80, 1.0)",0.0,0.0,1.2043423964715558,13.127460803002023,-1.0676276962175268,0.0,0.0,0.0,0.0,0.0,0.0,0.0,0.0,28.57462291450262,-14.890267213582064,False,True,False,True,False,0.0,0,0.7722877393700797,0.9444210294748724,False,False,False,False,-0.34282825441539394,-0.3174246497146668,False,False,False,False,71263,100919.82456174739,False,False,False,False,6920.067502565025,False,False,False,False
2022-05-18 00:00:00+00:00,11.4186590909,11.4421226128,11.4186590909,11.4421226128,385,,,,,,,,,,,,,,,,,,,,,,,,,,,"rgba(239, 83, 80, 1.0)",0.0,0.0,1.2019755478306748,12.842066554167268,-1.1842233112281133,0.0,0.0,0.0,0.0,0.0,0.0,0.0,0.0,26.581934416589267,-17.031076098486615,False,True,False,True,False,0.0,0,0.7546702868071715,0.9618520645470134,False,False,False,False,-0.34282825441539394,-0.33012645206503033,False,False,False,False,70878,99741.71379462004,True,False,False,False,6663.790345601691,False,False,False,False
2022-05-19 00:00:00+00:00,11.8607863902,11.9706969813,11.8321140621,11.9280707868,3705,,,,,,,,,,,,,,,,,,,,,,,,,,,"rgba(239, 83, 80, 1.0)",0.0,0.0,1.192465200936967,12.898239178367165,-0.8700067619180818,0.0,0.0,0.0,0.0,0.0,0.0,0.0,0.0,28.571621406550445,-17.031076098486615,False,True,False,True,False,0.0,0,0.7418677327217322,0.9578174540534854,False,False,False,False,-0.2632875898038455,-0.2967070209344379,False,False,False,False,74583,98755.09756738004,False,False,False,False,6547.759351656527,False,False,False,False
2022-05-20 00:00:00+00:00,11.6887524216,12.0137054734,11.4880461249,12.0046259029,2565,,,,,,,,,,,,,,,,,,,,,,,,,,,"rgba(239, 83, 80, 0.75)",0.0,0.0,1.1856135822293068,12.880788337074108,-1.0054168856877679,0.0,0.0,0.0,0.0,0.0,0.0,0.0,0.0,29.331985909166143,-17.031076098486615,False,True,False,True,True,0.0,0,0.7185571203804233,0.9712804349265034,False,False,False,False,-0.2883116740552989,-0.2925093474948684,False,False,False,False,72018,97706.58393728672,False,False,False,False,6391.572710415095,False,False,False,False
2022-05-23 00:00:00+00:00,11.6887524216,11.6887524216,11.6887524216,11.6887524216,0,,,,,,,,,,,,,,,,,,,,,,,,,,,"rgba(239, 83, 80, 0.75)",0.0,0.0,1.1749765079455068,12.880788337074108,-1.014518934985713,0.0,0.0,0.0,0.0,0.0,0.0,0.0,0.0,29.838895577576608,-17.031076098486615,False,True,False,True,True,0.0,0,0.7437302229012133,0.9854349144525992,False,False,False,False,-0.29874071638719635,-0.2956250319410324,False,False,False,False,72018,96699.18848876568,False,False,False,False,6140.9228002027385,False,False,False,False
2022-05-24 00:00:00+00:00,11.725548576,11.7256441505,11.6361864868,11.6769967671,2490,,,,,,,,,,,,,,,,,,,,,,,,,,,"rgba(239, 83, 80, 0.75)",0.0,0.0,1.1656515408414527,12.86622747177585,-0.9785762346716631,0.0,0.0,0.0,0.0,0.0,0.0,0.0,0.0,30.483912668694423,-17.031076098486615,False,True,False,True,True,0.0,0,0.7562206489563356,0.9668070956430239,False,False,False,False,-0.3000608318260551,-0.2978429318835437,False,False,False,False,74508,95828.94580293173,False,False,False,False,5997.749357057533,False,False,False,False
2022-05-25 00:00:00+00:00,11.5262758957,11.5263714702,11.5262758957,11.5263714702,220,,,,,,,,,,,,,,,,,,,,,,,,,,,"rgba(239, 83, 80, 0.75)",0.0,0.0,1.1650714992657039,12.864314350034265,-1.1484603779060558,0.0,0.0,0.0,0.0,0.0,0.0,0.0,0.0,30.13514684817816,-17.031076098486615,False,True,False,True,True,0.0,0,0.7628127406534034,0.9507566388122861,False,False,False,False,-0.32631618691968,-0.31207955940161186,False,False,False,False,74288,94984.20283026775,False,False,False,False,5771.170950898415,False,False,False,False
2022-05-26 00:00:00+00:00,11.5262758957,11.5262758957,11.5262758957,11.5262758957,0,,,,,,,,,,,,,,,,,,,,,,,,,,,"rgba(239, 83, 80, 0.75)",0.0,0.0,1.1727459731216248,12.864314350034265,-1.1409448294865288,0.0,0.0,0.0,0.0,0.0,0.0,0.0,0.0,29.902636301167316,-17.031076098486615,False,True,False,True,True,0.0,0,0.7366350620189213,0.9709576865716665,False,False,False,False,-0.3263243688084724,-0.3192019641050421,False,False,False,False,74288,94172.58703300235,False,False,False,False,5544.850521451419,False,False,False,False
2022-05-27 00:00:00+00:00,12.1174037267,12.1174037267,12.1174037267,12.1174037267,500,,,,,,,,,,,,,,,,,,,,,,,,,,,"rgba(239, 83, 80, 0.75)",0.0,0.0,1.173900334159005,12.865874640946389,-0.6375932372338939,0.0,0.0,0.0,0.0,0.0,0.0,0.0,0.0,34.65911237600935,-20.218800636955663,False,True,False,True,True,0.0,0,0.7272524857783293,1.0058637178171883,False,False,False,False,-0.22792695135553048,-0.27356445773028626,False,False,False,False,74788,93412.4071493552,False,False,False,False,5347.013246100383,False,False,False,False
2022-05-31 00:00:00+00:00,12.090165015,12.090165015,12.090165015,12.090165015,192,,,,,,,,,,,,,,,,,,,,,,,,,,,"rgba(239, 83, 80, 0.75)",0.0,0.0,1.1784214176925107,12.866297141635071,-0.6586201803382273,0.0,0.0,0.0,0.0,0.0,0.0,0.0,0.0,37.67588646227653,-17.33027831587281,False,True,False,True,True,0.0,0,0.7233272494682991,1.0101582279635513,False,False,False,False,-0.23235368143714463,-0.25295906958371545,False,False,False,False,74596,92674.50882977265,False,False,False,False,5144.855863900369,False,False,False,False
2022-06-01 00:00:00+00:00,12.1104267935,12.1104267935,12.1104267935,12.1104267935,200,,,,,,,,,,,,,,,,,,,,,,,,,,,"rgba(239, 83, 80, 0.75)",0.0,0.0,1.1825374761313756,12.866775553036428,-0.6395981309706923,0.0,0.0,0.0,0.0,0.0,0.0,0.0,0.0,39.84650213636964,-15.290550874383548,False,True,False,True,True,0.0,0,0.7176722255691566,1.0202444032116111,False,False,False,False,-0.2290599726970014,-0.24100952114035842,False,False,False,False,74796,91973.39083644823,False,False,False,False,4950.939947668982,False,False,False,False
2022-06-02 00:00:00+00:00,12.5775945927,12.663611577,12.3822404639,12.4165516832,1377,,,,,,,,,,,,,,,,,,,,,,,,,,,#000000,0.0,0.0,1.1818929138205496,12.879112594038828,-0.25511448441140905,0.0,0.0,0.0,0.0,0.0,0.0,0.0,0.0,44.591987412835195,-10.88872139329964,False,True,False,False,True,0.0,0,0.7217359458219355,1.0098589267746236,False,False,False,False,-0.1629546053126114,-0.20198206322648493,False,False,False,False,76173,91353.76766639145,False,False,False,False,4810.7854399172575,False,False,False,False
2022-06-03 00:00:00+00:00,12.5775945927,12.5775945927,12.5775945927,12.5775945927,20,,,,,,,,,,,,,,,,,,,,,,,,,,,#000000,0.0,0.0,1.1805227408420897,12.879278669189967,-0.25555126221013674,0.0,0.0,0.0,0.0,0.0,0.0,0.0,0.0,47.755644263812236,-8.075110559859752,False,False,False,False,True,0.0,0,0.7370881343295361,1.0072409950862524,False,False,False,False,-0.15431055457436096,-0.17814630890042293,False,False,False,False,76173,90758.44344418003,False,False,False,False,4622.911501096974,False,False,False,False
2022-06-06 00:00:00+00:00,12.8260881029,12.9694497434,12.5046713049,12.5298073792,2800,,,,,,,,,,,,,,,,,,,,,,,,,,,"rgba(38, 166, 154, 0.5)",0.0,0.0,1.1787986822379537,12.884900476163295,-0.04989178741839104,0.0,0.0,0.0,0.0,0.0,0.0,0.0,0.0,51.43239522720508,-4.785877610492896,False,False,True,False,True,0.0,0,0.7388273497035568,1.0051712550697136,False,False,False,False,-0.12922160768080332,-0.15368395829061313,False,False,False,False,78973,90296.26919146709,False,False,False,False,4551.424775563759,False,False,False,False
2022-06-07 00:00:00+00:00,12.6586417068,12.6586417068,12.6586417068,12.6586417068,100,,,,,,,,,,,,,,,,,,,,,,,,,,,"rgba(38, 166, 154, 0.5)",0.0,0.0,1.1794813716569934,12.884841601915507,-0.19177911627186742,0.0,0.0,0.0,0.0,0.0,0.0,0.0,0.0,52.5008836556531,-3.902809815330869,False,False,True,False,True,0.0,0,0.7190949588679938,1.0094600773912663,False,False,False,False,-0.14153718398533519,-0.14761057113797416,False,False,False,False,78873,89848.29785062524,False,False,False,False,4376.85909809067,False,False,False,False
2022-06-08 00:00:00+00:00,12.5527452417,12.5906882892,12.5527452417,12.5906882892,677,,,,,,,,,,,,,,,,,,,,,,,,,,,"rgba(38, 166, 154, 0.5)",0.0,0.0,1.1782486743835863,12.881777173098945,-0.2792550830333681,0.0,0.0,0.0,0.0,0.0,0.0,0.0,0.0,52.36103456372639,-3.902809815330869,False,False,True,False,True,0.0,0,0.7148071596242198,1.0315798215812297,False,False,False,False,-0.1552388219225762,-0.15142469653027518,False,False,False,False,78196,89391.34499373798,False,False,False,False,4231.766584440056,False,False,False,False
2022-06-09 00:00:00+00:00,12.5527452417,12.5527452417,12.5527452417,12.5527452417,0,,,,,,,,,,,,,,,,,,,,,,,,,,,"rgba(38, 166, 154, 0.5)",0.0,0.0,1.176126035085505,12.881777173098945,-0.27975907477894024,0.0,0.0,0.0,0.0,0.0,0.0,0.0,0.0,52.267801835775245,-3.902809815330869,False,False,True,False,True,0.0,0,0.6933824163320685,1.0340432270621145,False,False,False,False,-0.15823675683820165,-0.15483072668423842,False,False,False,False,78196,88952.31185672864,False,False,False,False,4065.8149536777014,False,False,False,False
2022-06-10 00:00:00+00:00,12.6062669208,12.6062669208,12.5407028639,12.5407028639,1376,,,,,,,,,,,,,,,,,,,,,,,,,,,"rgba(38, 166, 154, 0.5)",0.0,0.0,1.1731079518187297,12.880296906598948,-0.23359315344688097,0.0,0.0,0.0,0.0,0.0,0.0,0.0,0.0,52.64999193869795,-3.246106294402793,False,False,True,False,True,0.0,0,0.688159806679943,1.0307430397049444,False,False,False,False,-0.15495955918832816,-0.1548951429362833,False,False,False,False,79572,88584.45648979812,False,False,False,False,3960.3320143177916,False,False,False,False
2022-06-13 00:00:00+00:00,12.9026432189,12.912965257,12.6847335254,12.6847335254,850,,,,,,,,,,,,,,,,,,,,,,,,,,,"rgba(38, 166, 154, 0.5)",0.0,0.0,1.1637878127461472,12.887643131832263,0.012889022297236081,0.0,0.0,0.0,0.0,0.0,0.0,0.0,0.0,55.15483594206479,-0.5952134606727384,False,False,True,False,True,0.39786719998248543,0,0.7009931913839862,1.019612202176159,False,False,False,False,-0.11954531101405351,-0.1372202269751684,False,False,False,False,80422,88264.36015686486,False,False,False,False,3838.358209834741,False,False,False,False
2022-06-14 00:00:00+00:00,12.3099861971,12.4518186468,12.2330487834,12.3564353686,3803,,,,,,,,,,,,,,,,,,,,,,,,,,,"rgba(38, 166, 154, 0.5)",0.0,0.0,1.1550467137083877,12.8639092560833,-0.47956766805117035,0.0,0.0,0.0,0.0,0.0,0.0,0.0,0.0,51.97765755518925,-0.5952134606727384,False,False,True,False,False,0.0,0,0.6837127679846473,1.0291266952347684,False,False,False,False,-0.19167318971236275,-0.16444670834376557,False,False,False,False,76619,87807.67936639958,False,False,False,False,3836.9716133706333,False,False,False,False
2022-06-15 00:00:00+00:00,12.3099861971,12.3099861971,12.3099861971,12.3099861971,100,,,,,,,,,,,,,,,,,,,,,,,,,,,#000000,0.0,0.0,1.147329251178325,12.863441173180709,-0.4823854839509245,0.0,0.0,0.0,0.0,0.0,0.0,0.0,0.0,49.85953863060556,-0.5952134606727384,False,False,False,False,False,0.0,0,0.6851278166227122,1.034587118213092,False,False,False,False,-0.196867942621953,-0.1806573254828593,False,False,False,False,76619,87368.90762654078,False,False,False,False,3690.423706963942,False,False,False,False
2022-06-16 00:00:00+00:00,12.1520972437,12.2168967052,11.9276884891,12.185739442,2815,,,,,,,,,,,,,,,,,,,,,,,,,,,#000000,0.0,0.0,1.141952391248166,12.748187350996018,-0.5219920829137937,0.0,0.0,0.0,0.0,0.0,0.0,0.0,0.0,47.34825859632137,3.183373417558599,False,False,False,False,False,0.0,0,0.6700952194176988,1.0400945382751698,False,False,False,False,-0.23526309559796144,-0.20796021054041036,False,False,False,False,73804,86836.95046471564,False,False,False,False,3656.093365514376,False,False,False,False
2022-06-17 00:00:00+00:00,12.2048543274,12.2048543274,12.2048543274,12.2048543274,944,,,,,,,,,,,,,,,,,,,,,,,,,,,"rgba(239, 83, 80, 0.5)",0.0,0.0,1.1339168018955998,12.747815942428797,-0.47883726047723596,0.0,0.0,0.0,0.0,0.0,0.0,0.0,0.0,46.17158820958864,1.9859003705583405,False,False,False,True,False,0.0,0,0.6954027581096535,1.0383188483627406,False,False,False,False,-0.21377307120259825,-0.2108666408715043,False,False,False,False,74748,86362.87397590328,False,False,False,False,3549.7367629451846,False,False,False,False
2022-06-21 00:00:00+00:00,12.2048543274,12.2048543274,12.2048543274,12.2048543274,0,,,,,,,,,,,,,,,,,,,,,,,,,,,"rgba(239, 83, 80, 0.5)",0.0,0.0,1.1258497163048309,12.747815942428797,-0.4822682878234056,0.0,0.0,0.0,0.0,0.0,0.0,0.0,0.0,45.38714128510015,1.0908690601200632,False,False,False,True,False,0.0,0,0.6865496268727372,1.0402481448215117,False,False,False,False,-0.21377307120259825,-0.21231985603705128,False,False,False,False,74748,85907.38872194629,False,False,False,False,3410.5313996924324,False,False,False,False
2022-06-22 00:00:00+00:00,12.7333809087,12.734336653,12.5298073792,12.5489222646,934,,,,,,,,,,,,,,,,,,,,,,,,,,,#000000,0.0,0.0,1.1171306470155788,12.764456545376042,-0.02781737011607524,0.0,0.0,0.0,0.0,0.0,0.0,0.0,0.0,49.33610393902174,1.0908690601200632,False,False,False,False,True,0.0,0,0.6851814118727366,1.052360186910591,False,False,False,False,-0.14571942875344127,-0.17901964239524626,False,False,False,False,75682,85506.39308579154,False,False,False,False,3313.4125212731215,False,False,False,False
2022-06-23 00:00:00+00:00,12.4533478376,12.4915776084,12.4533478376,12.472462723,2850,,,,,,,,,,,,,,,,,,,,,,,,,,,#000000,0.0,0.0,1.1156093414639312,12.775555736488123,-0.2888178566749113,0.0,0.0,0.0,0.0,0.0,0.0,0.0,0.0,49.63797714030011,1.0908690601200632,False,False,False,False,True,0.0,0,0.6564248510715893,1.0524061080634128,False,False,False,False,-0.1709551823815387,-0.1749874123883925,False,False,False,False,72832,85009.35806281932,False,False,False,False,3295.2394812231955,False,False,False,False
2022-06-24 00:00:00+00:00,12.4533478376,12.4533478376,12.4533478376,12.4533478376,70,,,,,,,,,,,,,,,,,,,,,,,,,,,#000000,0.0,0.0,1.1175972281738111,12.77568971212568,-0.2884240103676662,0.0,0.0,0.0,0.0,0.0,0.0,0.0,0.0,49.83922594115235,1.0908690601200632,False,False,False,False,True,0.0,0,0.638403686266613,1.0673936808862818,False,False,False,False,-0.17399131901470646,-0.1744893657015495,False,False,False,False,72832,84531.81460937543,False,False,False,False,3168.7595015673837,False,False,False,False
2022-06-27 00:00:00+00:00,12.2886730999,12.4866077382,12.1666245566,12.4365267385,8978,,,,,,,,,,,,,,,,,,,,,,,,,,,#000000,0.0,0.0,1.1226261322069107,12.758888649554198,-0.41885320158174627,0.0,0.0,0.0,0.0,0.0,0.0,0.0,0.0,48.63399007094468,1.0908690601200632,False,False,False,False,True,0.0,0,0.6186740262245826,1.0901320308117055,False,False,False,False,-0.19411046878821256,-0.18429991724488104,False,False,False,False,63854,83720.91991881169,False,False,False,False,3396.572854447094,False,False,False,False
2022-06-28 00:00:00+00:00,12.2886730999,12.2886730999,12.2886730999,12.2886730999,99,,,,,,,,,,,,,,,,,,,,,,,,,,,#000000,0.0,0.0,1.1273822231927044,12.758684243824531,-0.41690487419029587,0.0,0.0,0.0,0.0,0.0,0.0,0.0,0.0,47.83049949080623,1.0908690601200632,False,False,False,False,True,0.0,0,0.6182520927223989,1.098811359751059,False,False,False,False,-0.19286240829799434,-0.1885811627714377,False,False,False,False,63854,82941.82502003475,False,False,False,False,3267.256271919757,False,False,False,False
2022-06-29 00:00:00+00:00,12.4530133271,12.4530133271,12.4530133271,12.4530133271,185,,,,,,,,,,,,,,,,,,,,,,,,,,,#000000,0.0,0.0,1.1308325711790355,12.758823630217197,-0.27042933756174936,0.0,0.0,0.0,0.0,0.0,0.0,0.0,0.0,48.873548498878584,1.0908690601200632,False,False,False,False,True,0.0,0,0.6460945643426141,1.0945186080464933,False,False,False,False,-0.1652854459206357,-0.1769333043460367,False,False,False,False,64039,82200.53776434711,False,False,False,False,3146.383476942512,False,False,False,False
2022-06-30 00:00:00+00:00,12.4720804253,12.4720804253,12.4360488663,12.4360488663,425,,,,,,,,,,,,,,,,,,,,,,,,,,,#000000,0.0,0.0,1.1310049414937393,12.759173637991784,-0.2538390436319538,0.0,0.0,0.0,0.0,0.0,0.0,0.0,0.0,49.750609341074956,1.0908690601200632,True,False,False,False,True,0.0,0,0.6193472586601277,1.1076443397657563,False,False,False,False,-0.15677483946306833,-0.16685407190455254,False,False,False,False,64464,81504.98726378448,False,False,False,False,3039.6625562780996,False,False,False,False
2022-07-01 00:00:00+00:00,12.4720804253,12.4720804253,12.4720804253,12.4720804253,40,,,,,,,,,,,,,,,,,,,,,,,,,,,#000000,0.0,0.0,1.1319784771271513,12.759213119262942,-0.25365561250922025,0.0,0.0,0.0,0.0,0.0,0.0,0.0,0.0,50.335316569205865,1.0908690601200632,True,False,False,False,True,0.0,0,0.6285563405009791,1.1132573763701046,False,False,False,False,-0.11580425150652975,-0.14132916170554113,False,False,False,False,64464,80836.71325344,False,False,False,False,2922.0287305417037,False,False,False,False
2022-07-05 00:00:00+00:00,11.2299951721,12.3099861971,11.2299951721,12.2717564263,2190,,,,,,,,,,,,,,,,,,,,,,,,,,,"rgba(239, 83, 80, 0.5)",0.0,0.0,1.1543060876651892,12.73119234455809,-1.3005191504227065,0.0,0.0,0.0,0.0,0.0,0.0,0.0,0.0,42.707819724310525,-2.4311484067868108,False,False,False,True,False,0.0,0,0.6032355046804977,1.0840861339269359,False,False,False,False,-0.26210230991102457,-0.20171573580828284,False,False,False,False,62274,80108.76371408942,False,False,False,False,2893.3217215008526,False,False,False,False
2022-07-06 00:00:00+00:00,11.2299951721,11.4498163541,11.2276058114,11.4498163541,4185,,,,,,,,,,,,,,,,,,,,,,,,,,,"rgba(239, 83, 80, 1.0)",0.0,0.0,1.1764752154963387,12.670963054164181,-1.2248178823352909,0.0,0.0,0.0,0.0,0.0,0.0,0.0,0.0,37.62282182771363,-6.981328786781354,False,True,False,True,False,0.0,0,0.6072095741521594,1.1191196828168641,False,False,False,False,-0.34282825441539394,-0.2722719951118384,False,False,False,False,62274,79409.36121549769,False,False,False,False,2943.975771638074,False,False,False,False
2022-07-07 00:00:00+00:00,11.1521020141,11.1521020141,10.5131869696,11.01017399,11856,,,,,,,,,,,,,,,,,,,,,,,,,,,"rgba(239, 83, 80, 1.0)",0.0,0.0,1.1987966980787006,12.510126941269572,-1.1328233797657805,0.0,0.0,0.0,0.0,0.0,0.0,0.0,0.0,33.919654431942824,-10.154382551528101,False,True,False,True,False,0.0,0,0.599590677471814,1.1320895898099057,False,False,False,False,-0.34282825441539394,-0.3075501247636162,False,False,False,False,50418,78272.44508939974,False,False,False,False,3293.466917848346,False,False,False,False
2022-07-08 00:00:00+00:00,11.0614974573,11.2491100575,11.0580567779,11.2491100575,1000,,,,,,,,,,,,,,,,,,,,,,,,,,,"rgba(239, 83, 80, 1.0)",0.0,0.0,1.2219281483831623,12.501482641356478,-1.1784532388110105,0.0,0.0,0.0,0.0,0.0,0.0,0.0,0.0,31.08012151705814,-12.55376334130927,False,True,False,True,False,0.0,0,0.6329633320384394,1.1079935671335694,False,False,False,False,-0.26683732430153184,-0.287193724532574,False,False,False,False,49418,77140.89822314878,False,False,False,False,3203.527038717038,False,False,False,False
2022-07-11 00:00:00+00:00,10.826193218,11.2204377294,10.5770306868,10.5770306868,4168,,,,,,,,,,,,,,,,,,,,,,,,,,,"rgba(239, 83, 80, 1.0)",0.0,0.0,1.2484534396066969,12.45868153846931,-1.3076084927793516,0.0,0.0,0.0,0.0,0.0,0.0,0.0,0.0,28.28097240694573,-14.990825359302441,False,True,False,True,False,0.0,0,0.6311567271741297,1.1051687621792765,False,False,False,False,-0.3268917303294259,-0.307042727431,False,False,False,False,45250,75890.27476341744,False,False,False,False,3241.3495077869584,False,False,False,False
2022-07-12 00:00:00+00:00,10.7329125773,10.8811485135,10.7043358236,10.7521230371,9500,,,,,,,,,,,,,,,,,,,,,,,,,,,"rgba(239, 83, 80, 1.0)",0.0,0.0,1.2765278210169306,12.37020785631156,-1.2826162125532266,0.0,0.0,0.0,0.0,0.0,0.0,0.0,0.0,26.077758511353817,-16.94588323389422,False,True,False,True,False,0.0,0,0.6452936621231464,1.1124990161745634,False,False,False,False,-0.34282825441539394,-0.32493549092319696,False,False,False,False,35750,74316.14634132264,False,False,False,False,3486.7867819913913,False,False,False,False
2022-07-13 00:00:00+00:00,11.6041690537,11.6454572062,11.3568224367,11.3568224367,4100,,,,,,,,,,,,,,,,,,,,,,,,,,,"rgba(239, 83, 80, 0.75)",0.0,0.0,1.284236180876811,12.361047383211627,-0.5893606960947552,0.0,0.0,0.0,0.0,0.0,0.0,0.0,0.0,32.8118322324832,-16.94588323389422,False,True,False,True,True,0.0,0,0.6584579489014505,1.0915041636083727,False,False,False,False,-0.1809117308565802,-0.2529236108898886,False,False,False,False,39850,72964.53275931,False,False,False,False,3510.8343591681996,False,False,False,False
2022-07-14 00:00:00+00:00,11.3685780912,11.3685780912,10.9870449786,10.9870449786,700,,,,,,,,,,,,,,,,,,,,,,,,,,,"rgba(239, 83, 80, 0.75)",0.0,0.0,1.294918714113843,12.357996522019373,-0.764077636715959,0.0,0.0,0.0,0.0,0.0,0.0,0.0,0.0,35.98281867824804,-21.963526802576382,False,True,False,True,True,0.0,0,0.6459292800230528,1.077868023157898,False,False,False,False,-0.2531739626926256,-0.2530487867912571,False,False,False,False,39150,71638.47265110177,False,False,False,False,3400.605560769447,False,False,False,False
2022-07-15 00:00:00+00:00,11.3446844845,11.3446844845,11.0765982167,11.2043812256,4700,,,,,,,,,,,,,,,,,,,,,,,,,,,"rgba(239, 83, 80, 0.75)",0.0,0.0,1.3013360692746228,12.338829134917047,-0.7639415166377372,0.0,0.0,0.0,0.0,0.0,0.0,0.0,0.0,37.96356730607905,-20.225908446443125,False,True,False,True,True,0.0,0,0.6395358516876549,1.0996855885914218,False,False,False,False,-0.24572966792355433,-0.2493892273574057,False,False,False,False,34450,70180.10117458798,False,False,False,False,3451.562205445155,False,False,False,False
2022-07-18 00:00:00+00:00,10.9910591046,11.4593737968,10.9910591046,11.2532197578,4136,,,,,,,,,,,,,,,,,,,,,,,,,,,"rgba(239, 83, 80, 0.75)",0.0,0.0,1.314021872613386,12.320079492793163,-1.0114142054195392,0.0,0.0,0.0,0.0,0.0,0.0,0.0,0.0,37.42171006209423,-20.225908446443125,False,True,False,True,True,0.0,0,0.6389232763304198,1.090640165799585,False,False,False,False,-0.23845039107141103,-0.24391980921440837,False,False,False,False,30314,68616.72465793748,False,False,False,False,3478.4029032708354,False,False,False,False
2022-07-19 00:00:00+00:00,10.6012110168,10.6019756123,10.4314708345,10.4314708345,17228,,,,,,,,,,,,,,,,,,,,,,,,,,,"rgba(239, 83, 80, 0.75)",0.0,0.0,1.333129732858406,12.195109355008384,-1.1956063231677048,0.0,0.0,0.0,0.0,0.0,0.0,0.0,0.0,35.375331162712556,-20.225908446443125,False,True,False,True,True,0.0,0,0.6471466835182823,1.1173050490150158,False,False,False,False,-0.34282825441539394,-0.2933740318149012,False,False,False,False,13086,66439.04918115561,False,False,False,False,4017.602789417077,False,False,False,False
2022-07-20 00:00:00+00:00,10.2742509021,10.366002352,10.2742509021,10.366002352,13085,,,,,,,,,,,,,,,,,,,,,,,,,,,"rgba(239, 83, 80, 1.0)",0.0,0.0,1.3592851906275116,12.10332303698333,-1.3456132292877712,0.0,0.0,0.0,0.0,0.0,0.0,0.0,0.0,32.82496372562967,-20.225908446443125,False,True,False,True,False,0.0,0,0.6479481079588305,1.1201853452483355,False,False,False,False,-0.34282825441539394,-0.3181011431151476,False,False,False,False,1,63833.63548777696,False,False,False,False,4373.186993753662,False,False,False,False
2022-07-21 00:00:00+00:00,10.2216849672,10.5036295269,10.1739933282,10.1739933282,9300,,,,,,,,,,,,,,,,,,,,,,,,,,,"rgba(239, 83, 80, 1.0)",0.0,0.0,1.3824705378222308,12.046424779883832,-1.3199122605233211,0.0,0.0,0.0,0.0,0.0,0.0,0.0,0.0,30.94248184977293,-20.225908446443125,False,True,False,True,False,0.0,0,0.6753607018240831,1.1097906749484128,False,False,False,False,-0.33770654625134816,-0.32790384468324785,False,False,False,False,-9299,60965.68899806022,False,False,False,False,4566.395346939794,False,False,False,False
2022-07-22 00:00:00+00:00,10.6374337247,10.7043358236,10.6374337247,10.7043358236,1034,,,,,,,,,,,,,,,,,,,,,,,,,,,"rgba(239, 83, 80, 1.0)",0.0,0.0,1.3941945444211448,12.04217559175337,-1.0075651727905772,0.0,0.0,0.0,0.0,0.0,0.0,0.0,0.0,33.242144224108145,-20.225908446443125,False,True,False,True,False,0.0,0,0.677720401440344,1.0795561713154322,False,False,False,False,-0.24921374087044482,-0.2885587927768463,False,False,False,False,-8265,58250.760017744135,False,False,False,False,4427.870039216666,False,False,False,False
2022-07-25 00:00:00+00:00,10.3796694951,10.4845146415,9.9012239135,10.1896675342,2355,,,,,,,,,,,,,,,,,,,,,,,,,,,"rgba(239, 83, 80, 1.0)",0.0,0.0,1.4050592835791063,11.831312994491133,-1.0331546265388627,0.0,0.0,0.0,0.0,0.0,0.0,0.0,0.0,33.62989189927085,-20.225908446443125,False,True,False,True,False,0.0,0,0.6567491628528237,1.0867438631323751,True,False,False,False,-0.34282825441539394,-0.31569352359612013,False,False,False,False,-10620,55549.94589940123,False,False,False,False,4346.581018070914,False,False,False,False
2022-07-26 00:00:00+00:00,10.053760699,10.0626395633,10.0350281113,10.0350281113,3125,,,,,,,,,,,,,,,,,,,,,,,,,,,"rgba(239, 83, 80, 1.0)",0.0,0.0,1.4231371151207204,11.799966918721195,-1.2270119310134566,0.0,0.0,0.0,0.0,0.0,0.0,0.0,0.0,32.6024601171699,-20.225908446443125,False,True,False,True,False,0.0,0,0.6764662884463154,1.0889758842815056,False,False,False,False,-0.34282825441539394,-0.329260889005757,False,False,False,False,-13745,52832.497040601185,False,False,False,False,4298.675880107349,False,False,False,False
2022-07-27 00:00:00+00:00,10.1308892616,10.1308892616,10.1308892616,10.1308892616,1400,,,,,,,,,,,,,,,,,,,,,,,,,,,"rgba(239, 83, 80, 1.0)",0.0,0.0,1.4375333643280828,11.792201715401498,-1.1556687970007653,0.0,0.0,0.0,0.0,0.0,0.0,0.0,0.0,32.57409641154717,-20.225908446443125,False,True,False,True,False,0.0,0,0.6854007589418136,1.0522124413088676,False,False,False,False,-0.3208848744715447,-0.32507288173865084,False,False,False,False,-12345,50276.516764499174,False,False,False,False,4185.002316181571,False,False,False,False
2022-07-28 00:00:00+00:00,10.4176125426,10.4176125426,10.183359622,10.1908144273,1163,,,,,,,,,,,,,,,,,,,,,,,,,,,"rgba(239, 83, 80, 1.0)",0.0,0.0,1.4348336024342574,11.790173068173969,-0.9565990950068077,0.0,0.0,0.0,0.0,0.0,0.0,0.0,0.0,34.892866788534874,-20.225908446443125,False,True,False,True,False,0.0,0,0.6895782849645445,1.042318328452166,False,False,False,False,-0.27643652320536427,-0.30075470247200753,False,False,False,False,-11182,47866.37885216588,False,False,False,False,4066.4924214293524,False,False,False,False
2022-07-29 00:00:00+00:00,11.2299951721,11.2299951721,10.6125843737,10.6691644344,4500,,,,,,,,,,,,,,,,,,,,,,,,,,,"rgba(239, 83, 80, 0.5)",0.0,0.0,1.4177505242190702,11.816093435654151,-0.4134001388410611,0.0,0.0,0.0,0.0,0.0,0.0,0.0,0.0,41.37007405984673,-15.375865142418341,False,False,False,True,True,0.0,0,0.7291304595199475,0.976903850363226,False,False,False,False,-0.12120178024652356,-0.21097824135926554,False,False,False,False,-6682,45727.22674031624,False,False,False,False,4083.4927186282016,False,False,False,False
2022-08-01 00:00:00+00:00,11.3255695991,11.3351270418,11.3255695991,11.3351270418,1193,,,,,,,,,,,,,,,,,,,,,,,,,,,#000000,0.0,0.0,1.3787942810703617,11.823537972202708,-0.3611621979720817,0.0,0.0,0.0,0.0,0.0,0.0,0.0,0.0,46.15546283225373,-10.913273472917858,True,False,False,False,True,0.0,0,0.7774143992128909,0.9752129521392379,False,False,False,False,-0.022442041636230745,-0.11671014149774814,False,False,False,False,-5489,43718.74726030384,False,False,False,False,3970.1400629957234,False,False,False,False
2022-08-02 00:00:00+00:00,11.2777823856,11.3255695991,11.2299951721,11.2299951721,2700,,,,,,,,,,,,,,,,,,,,,,,,,,,#000000,0.0,0.0,1.3260763393370576,11.834504262907092,-0.4198264163173389,0.0,0.0,0.0,0.0,0.0,0.0,0.0,0.0,49.037389349904444,-8.299318366946139,True,False,False,False,True,0.0,0,0.7644337761919003,0.9857652051788451,False,False,False,False,-0.0350683958843752,-0.07588926869106166,False,False,False,False,-8189,41683.14932852722,False,False,False,False,3920.3306487605973,False,False,False,False
2022-08-03 00:00:00+00:00,10.6180225586,10.9910591046,10.6180225586,10.9910591046,520,,,,,,,,,,,,,,,,,,,,,,,,,,,#000000,0.0,0.0,1.2823418431168343,11.833281925310981,-0.947687524378988,0.0,0.0,0.0,0.0,0.0,0.0,0.0,0.0,47.28091653383001,-8.299318366946139,True,False,False,False,True,0.0,0,0.7614863887344399,0.9918147708460104,False,False,False,False,-0.14974057943512595,-0.1128149240630938,False,False,False,False,-8709,39706.98660976145,False,False,False,False,3786.9843488092015,False,False,False,False
2022-08-04 00:00:00+00:00,10.6087613966,10.7999102506,10.530963813,10.555813164,8604,,,,,,,,,,,,,,,,,,,,,,,,,,,#000000,0.0,0.0,1.237803778727092,11.805920774847328,-0.9671641004993851,0.0,0.0,0.0,0.0,0.0,0.0,0.0,0.0,46.06472061406235,-8.299318366946139,True,False,False,False,True,0.0,0,0.747145599564202,0.9833749715109317,False,False,False,False,-0.1840670571586475,-0.14844099061087065,False,False,False,False,-17313,37470.908703496294,False,False,False,False,3975.8869233657038,False,False,False,False
2022-08-05 00:00:00+00:00,10.6087613966,10.6087613966,10.6087613966,10.6087613966,100,,,,,,,,,,,,,,,,,,,,,,,,,,,"rgba(239, 83, 80, 0.5)",0.0,0.0,1.1755148575668117,11.805587037418038,-1.018128893151837,0.0,0.0,0.0,0.0,0.0,0.0,0.0,0.0,45.25392333421725,-8.299318366946139,True,False,False,True,False,0.0,0,0.754095167181981,0.9979878630837273,False,False,False,False,-0.19817225909902378,-0.17330662485494722,False,False,False,False,-17313,35322.5201268886,False,False,False,False,3823.8913577435196,False,False,False,False
2022-08-08 00:00:00+00:00,10.6661060528,10.6661060528,10.6409699785,10.6409699785,380,,,,,,,,,,,,,,,,,,,,,,,,,,,"rgba(239, 83, 80, 0.5)",0.0,0.0,1.1325487605091151,11.80446679060126,-1.0051317678274028,0.0,0.0,0.0,0.0,0.0,0.0,0.0,0.0,45.13976618659308,-8.299318366946139,True,False,False,True,False,0.0,0,0.7576466460140309,0.9963267728863273,False,False,False,False,-0.18702225442746787,-0.18016443964120754,False,False,False,False,-16933,33273.28404348121,False,False,False,False,3688.836794694754,False,False,False,False
2022-08-09 00:00:00+00:00,10.4176125426,10.417708117,10.3769934111,10.417708117,2115,,,,,,,,,,,,,,,,,,,,,,,,,,,"rgba(239, 83, 80, 0.5)",0.0,0.0,1.1143636702580382,11.794331076649037,-1.2354302018211418,0.0,0.0,0.0,0.0,0.0,0.0,0.0,0.0,43.602401593838394,-8.299318366946139,False,False,False,True,False,0.0,0,0.7579160651722373,0.9963885204617158,False,False,False,False,-0.25153007286489104,-0.2158472562530493,False,False,False,False,-19048,31221.468982952534,False,False,False,False,3627.117704706725,False,False,False,False
2022-08-10 00:00:00+00:00,10.4383521932,10.6087613966,10.3182151385,10.4176125426,53493,,,,,,,,,,,,,,,,,,,,,,,,,,,"rgba(239, 83, 80, 0.5)",0.0,0.0,1.0908135660064628,11.622111961052635,-1.0852081462338738,0.0,0.0,0.0,0.0,0.0,0.0,0.0,0.0,42.75356368398837,-8.299318366946139,False,False,False,True,False,0.0,0,0.7493465562171544,0.9838715502026815,False,False,False,False,-0.23470003590803387,-0.22527364608054157,False,False,False,False,34445,31347.88196401322,False,False,False,False,5582.642500600579,False,False,False,False
2022-08-11 00:00:00+00:00,10.6087613966,10.6087613966,10.5050631433,10.6087613966,2295,,,,,,,,,,,,,,,,,,,,,,,,,,,"rgba(239, 83, 80, 0.5)",0.0,0.0,1.0721766858752495,11.617326144723968,-0.940670284488276,0.0,0.0,0.0,0.0,0.0,0.0,0.0,0.0,43.647713591233206,-8.299318366946139,False,False,False,True,False,0.0,0,0.7594168353914825,0.979714833145254,False,False,False,False,-0.21114466228547007,-0.21820915418300582,False,False,False,False,36740,31559.337573267603,False,False,False,False,5453.715343714282,False,False,False,False
2022-08-12 00:00:00+00:00,10.5536149522,10.6027402077,10.5536149522,10.6027402077,5615,,,,,,,,,,,,,,,,,,,,,,,,,,,"rgba(239, 83, 80, 0.5)",0.0,0.0,1.0520266051619653,11.605739290798304,-1.0000929001565733,0.0,0.0,0.0,0.0,0.0,0.0,0.0,0.0,43.85350910069235,-8.299318366946139,False,False,False,True,False,0.0,0,0.7626962165035505,0.9797604041544006,False,False,False,False,-0.20581594840521972,-0.21201255129411278,False,False,False,False,31125,31542.30472725711,False,False,False,False,5460.0402321960755,False,False,False,False
2022-08-15 00:00:00+00:00,10.3698253291,10.5036295269,10.3698253291,10.4606210347,4361,,,,,,,,,,,,,,,,,,,,,,,,,,,"rgba(239, 83, 80, 0.5)",0.0,0.0,1.0415726946541928,11.594409532743843,-1.175706899699796,0.0,0.0,0.0,0.0,0.0,0.0,0.0,0.0,42.7170426289526,-8.299318366946139,False,False,False,True,False,0.0,0,0.7480867998427742,1.001069298895833,False,False,False,False,-0.24149365100899767,-0.22675310115155523,False,False,False,False,26764,31354.920228148985,False,False,False,False,5416.94061524721,False,False,False,False
2022-08-16 00:00:00+00:00,10.3698253291,10.4176125426,10.3534821021,10.3602678864,2825,,,,,,,,,,,,,,,,,,,,,,,,,,,"rgba(239, 83, 80, 0.5)",0.0,0.0,1.0285194401912527,11.586877946933338,-1.1833054099658327,0.0,0.0,0.0,0.0,0.0,0.0,0.0,0.0,41.959398314459435,-8.299318366946139,False,False,False,True,False,0.0,0,0.7352416756539936,1.001064794241383,False,False,False,False,-0.25454817043772776,-0.2406506357946415,False,False,False,False,26764,31174.88414077059,False,False,False,False,5315.295885237516,False,False,False,False
2022-08-17 00:00:00+00:00,10.3698253291,10.3698253291,10.3698253291,10.3698253291,145,,,,,,,,,,,,,,,,,,,,,,,,,,,"rgba(239, 83, 80, 0.5)",0.0,0.0,1.0149513116445033,11.586489422255754,-1.19874133783267,0.0,0.0,0.0,0.0,0.0,0.0,0.0,0.0,41.45430210479732,-3.7633529799719554,False,False,False,True,False,0.0,0,0.7329522862263705,1.0308878708699125,False,False,False,False,-0.25857529995693823,-0.24961296787578985,False,False,False,False,26764,31001.90829211292,False,False,False,False,5112.539183855653,False,False,False,False
2022-08-18 00:00:00+00:00,10.1978869349,10.3818677069,10.1977913605,10.2073488032,18625,,,,,,,,,,,,,,,,,,,,,,,,,,,"rgba(239, 83, 80, 0.5)",0.0,0.0,1.0065536182270158,11.532469550534904,-1.325893217676463,0.0,0.0,0.0,0.0,0.0,0.0,0.0,0.0,39.80917008293082,-5.623496470662225,False,False,False,True,False,0.0,0,0.7225212917292073,1.0203350009699719,False,False,False,False,-0.2791966102300413,-0.26440478905291553,False,False,False,False,8139,30105.32365320653,False,False,False,False,5642.439608018177,False,False,False,False
2022-08-19 00:00:00+00:00,10.1882339178,10.3855951095,10.1882339178,10.3855951095,15930,,,,,,,,,,,,,,,,,,,,,,,,,,,"rgba(239, 83, 80, 0.5)",0.0,0.0,0.9847805060514218,11.490670856236418,-1.322565719399415,0.0,0.0,0.0,0.0,0.0,0.0,0.0,0.0,38.63988984300589,-6.9715205841212295,False,False,False,True,False,0.0,0,0.7261378510558649,1.0199591636355025,False,False,False,False,-0.27995233282384047,-0.272178560938378,False,False,False,False,-7791,28619.1933138651,False,False,False,False,6045.87334888021,False,False,False,False
2022-08-22 00:00:00+00:00,10.1786764751,10.2241699023,10.1652960553,10.2179575646,9146,,,,,,,,,,,,,,,,,,,,,,,,,,,"rgba(239, 83, 80, 1.0)",0.0,0.0,0.9620267620612661,11.338825258094044,-1.2059423175591042,0.0,0.0,0.0,0.0,0.0,0.0,0.0,0.0,37.78235825836579,-8.003624159242001,False,True,False,True,False,0.0,0,0.7256812727203658,1.0281538079406662,False,False,False,False,-0.3040170046221049,-0.28809778278024145,False,False,False,False,-16937,26832.675929007644,False,False,False,False,6167.446943041771,False,False,False,False
2022-08-23 00:00:00+00:00,10.3029232302,10.3984976572,10.2169062459,10.2169062459,10051,,,,,,,,,,,,,,,,,,,,,,,,,,,"rgba(239, 83, 80, 0.5)",0.0,0.0,0.9319832020748448,11.32530402681177,-1.0969948753750887,0.0,0.0,0.0,0.0,0.0,0.0,0.0,0.0,39.00952416960264,-8.003624159242001,False,False,False,True,False,0.0,0,0.7301733579473008,1.0173193152951614,False,False,False,False,-0.2745699174482052,-0.2813338501142233,False,False,False,False,-6886,25510.374912183815,False,False,False,False,6319.743141353859,False,False,False,False
2022-08-24 00:00:00+00:00,10.3602678864,10.3698253291,10.3373300239,10.3602678864,10671,,,,,,,,,,,,,,,,,,,,,,,,,,,"rgba(239, 83, 80, 0.5)",0.0,0.0,0.9044218083692221,11.310537835932129,-1.050693316700949,0.0,0.0,0.0,0.0,0.0,0.0,0.0,0.0,40.629449079477524,-8.003624159242001,False,False,False,True,True,0.0,0,0.7271914604833519,1.032592552521133,False,False,False,False,-0.2576967852929739,-0.2695153177035986,False,False,False,False,3785,24658.39942543151,False,False,False,False,6490.380665222335,False,False,False,False
2022-08-25 00:00:00+00:00,10.7179073922,10.7179073922,10.627876282,10.627876282,579,,,,,,,,,,,,,,,,,,,,,,,,,,,#000000,0.0,0.0,0.9010055951659564,11.310791909740294,-0.658025344927064,0.0,0.0,0.0,0.0,0.0,0.0,0.0,0.0,45.824083974017874,-8.4522792053464,True,False,False,False,True,0.0,0,0.7529706337895935,1.025726853008858,False,False,False,False,-0.1722406869952902,-0.22087800234944438,False,False,False,False,4364,23862.540624434198,False,False,False,False,6258.561815605773,False,False,False,False
2022-08-26 00:00:00+00:00,10.7043358236,10.8094676933,10.4940720842,10.784331619,5100,,,,,,,,,,,,,,,,,,,,,,,,,,,#000000,0.0,0.0,0.8868618692311024,11.311483711285911,-0.6846025393022038,0.0,0.0,0.0,0.0,0.0,0.0,0.0,0.0,49.1167288894721,-5.503506076506184,True,False,False,False,True,0.0,0,0.7440217482371142,1.0094562556428959,False,False,False,False,-0.17780422134299503,-0.19934111184621972,False,False,False,False,-736,22897.891972495603,False,False,False,False,6213.12801891535,False,False,False,False
2022-08-29 00:00:00+00:00,10.3889402145,10.7521230371,10.3889402145,10.7521230371,3075,,,,,,,,,,,,,,,,,,,,,,,,,,,#000000,0.0,0.0,0.8760134678799708,11.308797211620229,-1.0500489214467943,0.0,0.0,0.0,0.0,0.0,0.0,0.0,0.0,47.808862793056754,-5.503506076506184,True,False,False,False,True,0.0,0,0.756109103155489,1.0133368062593404,False,False,False,False,-0.19930751869815336,-0.19932431527218653,False,False,False,False,-3811,21850.48444416244,False,False,False,False,6090.0641750363175,False,False,False,False
2022-08-30 00:00:00+00:00,10.9432718911,10.9432718911,10.3961082965,10.3961082965,13302,,,,,,,,,,,,,,,,,,,,,,,,,,,"rgba(38, 166, 154, 1.0)",0.0,0.0,0.8733730394830435,11.309978413037053,-0.4198738744604585,0.0,0.0,0.0,0.0,0.0,0.0,0.0,0.0,51.819583459278164,-3.372286423747788,True,False,True,False,True,0.0,0,0.7494484030894049,1.0026167333758988,False,False,False,False,-0.17308334128916203,-0.18620382828067428,False,False,False,False,9491,21365.798779685483,False,False,False,False,6372.885187779992,False,False,False,False
2022-08-31 00:00:00+00:00,11.6632239892,12.6807562878,10.9144738071,10.9144738071,87500,,,,,,,,,,,,,,,,,,,,,,,,,,,"rgba(38, 166, 154, 1.0)",0.0,0.0,0.8695013898215462,11.51481086758718,0.1706876186170107,0.0,0.0,0.0,0.0,0.0,0.0,0.0,0.0,58.192312984304124,2.3690272459222115,True,False,True,False,True,0.7924646617560782,0,0.8056686565215402,0.90069083448307,False,False,False,False,0.11733738685234693,-0.03443322071416367,False,False,False,False,96991,24331.492945188013,False,False,False,False,9554.34067061215,False,False,False,False
2022-09-01 00:00:00+00:00,11.5192335695,11.6248265439,11.2888488982,11.5192335695,34171,,,,,,,,,,,,,,,,,,,,,,,,,,,"rgba(38, 166, 154, 1.0)",0.0,0.0,0.8678696809498885,11.520154739230959,-0.0010614148082116444,0.0,0.0,0.0,0.0,0.0,0.0,0.0,0.0,61.08572718625906,4.7445983020054285,True,False,True,False,True,0.0,0,0.8237261262638228,0.9719356508464803,False,False,False,False,0.05347700019831397,0.00952188974207515,False,False,False,False,62820,25840.846163023776,False,False,False,False,10519.699859999908,False,False,False,False
2022-09-02 00:00:00+00:00,12.095195248,12.1623907772,11.6152271826,11.6152271826,4030,,,,,,,,,,,,,,,,,,,,,,,,,,,"rgba(38, 166, 154, 1.0)",0.0,0.0,0.8702336967661953,11.526065543838596,0.6539963992158656,0.0,0.0,0.0,0.0,0.0,0.0,0.0,0.0,65.2383339640562,8.367683688248938,True,False,True,False,True,3.7305569125184554,0,0.8547203542791934,0.9358474372340053,False,False,False,False,0.172839867846773,0.09118087879442408,False,False,False,False,66850,27449.048274277746,False,False,False,False,10265.201826274422,False,False,False,False
2022-09-06 00:00:00+00:00,11.7880156862,12.095195248,11.7112207957,12.095195248,26876,,,,,,,,,,,,,,,,,,,,,,,,,,,"rgba(38, 166, 154, 1.0)",0.0,0.0,0.8715542725527148,11.554988873715832,0.26736925034129,0.0,0.0,0.0,0.0,0.0,0.0,0.0,0.0,65.41660971607692,8.367683688248938,True,False,True,False,True,1.5311684822031495,0,0.8633031579922821,0.9388783726625651,False,False,False,False,0.17688276333193909,0.13403182106318157,False,False,False,False,39974,27940.22285175705,False,False,False,False,10916.605676224446,False,False,False,False
2022-09-07 00:00:00+00:00,12.0088009963,12.1047946093,11.6248265439,11.6632239892,23147,,,,,,,,,,,,,,,,,,,,,,,,,,,"rgba(38, 166, 154, 1.0)",0.0,0.0,0.8728349025022125,11.578460262955344,0.49303795266546935,0.0,0.0,0.0,0.0,0.0,0.0,0.0,0.0,66.41503174046215,9.332484184677824,True,False,True,False,True,3.0062139511798947,0,0.8757555295996805,0.9407523541561332,False,False,False,False,0.16611405326106277,0.15007293716212217,False,False,False,False,63121,29319.86117129599,False,False,False,False,11396.228983039175,False,False,False,False
2022-09-08 00:00:00+00:00,12.1623907772,12.2103875837,11.9224067445,11.9224067445,17545,,,,,,,,,,,,,,,,,,,,,,,,,,,"rgba(38, 166, 154, 1.0)",0.0,0.0,0.8768227133133663,11.601139766689004,0.6400963410153043,0.0,0.0,0.0,0.0,0.0,0.0,0.0,0.0,67.6672158120719,10.663050644036346,True,False,True,False,True,4.017834380680597,0,0.8874097024619432,0.924953333831056,False,False,False,False,0.22313843046423287,0.18660568381317752,False,False,False,False,80666,31333.435243009873,False,False,False,False,11637.35725821411,False,False,False,False
2022-09-09 00:00:00+00:00,11.9608041897,12.2870864806,11.9608041897,12.1911888611,15347,,,,,,,,,,,,,,,,,,,,,,,,,,,"rgba(38, 166, 154, 1.0)",0.0,0.0,0.8786626675836174,11.618268138428162,0.3898379479508729,0.0,0.0,0.0,0.0,0.0,0.0,0.0,0.0,66.7607882300619,10.663050644036346,True,False,True,False,True,2.558267784353852,0,0.8905053186208866,0.9214250498217649,False,False,False,False,0.23966705931551316,0.21313637156434534,False,False,False,False,65319,32666.202488382038,False,False,False,False,11782.833444166497,False,False,False,False
2022-09-12 00:00:00+00:00,12.1239933319,12.2391856676,11.8264131314,11.845611854,24382,,,,,,,,,,,,,,,,,,,,,,,,,,,"rgba(38, 166, 154, 1.0)",0.0,0.0,0.8819338952977444,11.6424532797795,0.5460047002252125,0.0,0.0,0.0,0.0,0.0,0.0,0.0,0.0,66.88286500812336,10.663050644036346,True,False,True,False,True,3.6469839674831412,0,0.8864253346913402,0.9265973889212202,False,False,False,False,0.21354439705747022,0.2133403843109078,False,False,False,False,89701,34902.86121432784,False,False,False,False,12276.91840714036,False,False,False,False
2022-09-13 00:00:00+00:00,12.3255799194,12.3639773646,12.1719901385,12.1719901385,970,,,,,,,,,,,,,,,,,,,,,,,,,,,"rgba(38, 166, 154, 1.0)",0.0,0.0,0.8883768434109074,11.643773911936917,0.7674738626068888,0.0,0.0,0.0,0.0,0.0,0.0,0.0,0.0,67.8177865080708,11.598951334452984,True,False,True,False,True,4.973560154366467,0,0.901697512916946,0.9183917396761827,False,False,False,False,0.3428282210396599,0.27808430267528383,False,False,False,False,90671,37089.84704906008,False,False,False,False,11833.509842154464,False,False,False,False
2022-09-14 00:00:00+00:00,12.2103875837,12.4887690617,12.095195248,12.4887690617,2025,,,,,,,,,,,,,,,,,,,,,,,,,,,"rgba(38, 166, 154, 1.0)",0.0,0.0,0.8931561302495827,11.64642359462225,0.6314282239994873,0.0,0.0,0.0,0.0,0.0,0.0,0.0,0.0,67.35680654705078,11.598951334452984,True,False,True,False,True,4.115891645042087,0,0.9526212862599798,0.9076488979794546,False,False,False,False,0.34282822139673136,0.3104562620360076,False,False,False,False,88646,39111.65696870478,False,False,False,False,11448.862397364093,False,False,False,False
2022-09-15 00:00:00+00:00,11.8552112153,12.1911888611,11.8552112153,12.1911888611,4763,,,,,,,,,,,,,,,,,,,,,,,,,,,"rgba(38, 166, 154, 0.75)",0.0,0.0,0.8908695451968723,11.64986576105178,0.2305000270301547,0.0,0.0,0.0,0.0,0.0,0.0,0.0,0.0,64.02283903035688,11.598951334452984,True,False,True,False,False,1.5335178089259216,0,0.9388540934467625,0.876348551811838,False,False,False,False,0.2563905393238784,0.283423400679943,False,False,False,False,83883,40867.39591110852,False,False,False,False,11186.67171511452,False,False,False,False
2022-09-16 00:00:00+00:00,11.9896022736,12.0184003576,11.8360124927,11.8744099379,1072,,,,,,,,,,,,,,,,,,,,,,,,,,,"rgba(38, 166, 154, 0.75)",0.0,0.0,0.8899054732288461,11.650590750285941,0.3809522848354014,0.0,0.0,0.0,0.0,0.0,0.0,0.0,0.0,62.56530743970366,11.598951334452984,True,False,True,False,False,2.447853946713412,0,0.9722295044736904,0.8699436246425991,False,False,False,False,0.22646602927148207,0.2549447149757125,False,False,False,False,84955,42596.32156165328,False,False,False,False,10790.017922364932,False,False,False,False
2022-09-19 00:00:00+00:00,11.9992016349,12.0759965254,11.8840092992,11.8840092992,8237,,,,,,,,,,,,,,,,,,,,,,,,,,,"rgba(38, 166, 154, 0.75)",0.0,0.0,0.8888103293491177,11.656626789044168,0.3854307657593296,0.0,0.0,0.0,0.0,0.0,0.0,0.0,0.0,61.650260528809454,11.598951334452984,True,False,True,False,False,2.513607467905153,0,0.9440978305930682,0.87218201778617,False,False,False,False,0.2428718964721225,0.24890830572391753,False,False,False,False,93192,44580.46581413747,False,False,False,False,10689.899572468268,False,False,False,False
2022-09-20 00:00:00+00:00,11.7448185603,11.970403551,11.7448185603,11.9320061058,6641,,,,,,,,,,,,,,,,,,,,,,,,,,,"rgba(38, 166, 154, 0.75)",0.0,0.0,0.8791260718961109,11.659309465412399,0.0972660209054825,0.0,0.0,0.0,0.0,0.0,0.0,0.0,0.0,58.86006725402146,14.268170842685933,True,False,True,False,False,0.6594286827386888,0,0.960962249990956,0.8720892865620314,False,False,False,False,0.2050203376136511,0.22696432166878433,False,False,False,False,86551,46226.36911554384,False,False,False,False,10531.119197077356,False,False,False,False
2022-09-21 00:00:00+00:00,11.8072144088,12.0232000382,11.7784163249,11.7784163249,2862,,,,,,,,,,,,,,,,,,,,,,,,,,,"rgba(38, 166, 154, 0.75)",0.0,0.0,0.8695701231437866,11.660698255947999,0.16849262520922006,0.0,0.0,0.0,0.0,0.0,0.0,0.0,0.0,57.446190994602745,12.797278640908495,True,False,True,False,False,1.101862746629127,0,0.9538631406337026,0.8483359146917907,False,False,False,False,0.2183083472040807,0.22263633443643252,False,False,False,False,89413,47919.962483561736,False,False,False,False,10230.36942464295,False,False,False,False
2022-09-22 00:00:00+00:00,12.0471984415,12.0471984415,11.7400188796,12.0088009963,2876,,,,,,,,,,,,,,,,,,,,,,,,,,,"rgba(38, 166, 154, 0.75)",0.0,0.0,0.8566786177198894,11.662465553972488,0.4490982727589328,0.0,0.0,0.0,0.0,0.0,0.0,0.0,0.0,58.13921179919683,12.797278640908495,True,False,True,False,False,2.7885300437701623,0,0.9482035453368587,0.8674823533638091,False,False,False,False,0.21608852339276322,0.21936242891459787,False,False,False,False,92289,49659.92473910834,False,False,False,False,9941.962780539305,False,False,False,False
2022-09-23 00:00:00+00:00,11.6008281407,11.9992016349,11.5969883961,11.9992016349,30678,,,,,,,,,,,,,,,,,,,,,,,,,,,"rgba(38, 166, 154, 0.75)",0.0,0.0,0.8438598070954939,11.66899848996698,-0.08078397465287228,0.0,0.0,0.0,0.0,0.0,0.0,0.0,0.0,55.006947430423814,10.252942460271989,True,False,True,False,False,0.0,0,0.9726404642884217,0.8636630443311676,False,False,False,False,0.1868276888874037,0.20309505890100077,False,False,False,False,61611,50128.59435718253,False,False,False,False,10755.140710714233,False,False,False,False
2022-09-26 00:00:00+00:00,11.3848425112,11.6344259052,11.3848425112,11.5192335695,2735,,,,,,,,,,,,,,,,,,,,,,,,,,,#000000,0.0,0.0,0.8322521031528851,11.66832764528757,-0.34062411258994896,0.0,0.0,0.0,0.0,0.0,0.0,0.0,0.0,51.489995741702586,6.900980895997392,True,False,False,False,False,0.0,1,0.9557940642098586,0.8853423665910771,False,False,False,False,0.1001437129505141,0.15161938592575744,False,False,False,False,58876,50471.62987258714,False,False,False,False,10440.62538872544,False,False,False,False
2022-09-27 00:00:00+00:00,11.2888488982,11.3944418725,11.2888488982,11.3944418725,964,,,,,,,,,,,,,,,,,,,,,,,,,,,"rgba(239, 83, 80, 0.5)",0.0,0.0,0.8201672797239904,11.639209450128327,-0.4271818208185939,0.0,0.0,0.0,0.0,0.0,0.0,0.0,0.0,48.534535515797415,4.15608035438629,False,False,False,True,False,0.0,0,0.9541586033857372,0.9046725933705458,False,False,False,False,0.050425740010774586,0.101022562968266,False,False,False,False,57912,50763.40909327,False,False,False,False,10068.99302054013,False,False,False,False
2022-09-28 00:00:00+00:00,11.5601268487,11.5672303761,11.3848425112,11.5096342082,2135,,,,,,,,,,,,,,,,,,,,,,,,,,,"rgba(239, 83, 80, 0.5)",0.0,0.0,0.8069191579982606,11.649189377107911,-0.1103735455096276,0.0,0.0,0.0,0.0,0.0,0.0,0.0,0.0,48.736542270988735,4.15608035438629,False,False,False,True,False,0.0,0,0.9640618188710329,0.8566749050673994,False,False,False,False,0.09016840555136418,0.0955954842598151,False,False,False,False,60047,51127.471481769215,False,False,False,False,9757.85603934248,False,False,False,False
2022-09-29 00:00:00+00:00,11.7688169636,11.9385336715,11.6632239892,11.8072144088,6211,,,,,,,,,,,,,,,,,,,,,,,,,,,#000000,0.0,0.0,0.787128919981076,11.6698731555788,0.12570216327914768,0.0,0.0,0.0,0.0,0.0,0.0,0.0,0.0,50.357781974702746,4.15608035438629,False,False,False,False,False,0.8472762206842681,0,0.991532755424763,0.8394013754348985,False,False,False,False,0.18767582566142388,0.14163565496061947,False,False,False,False,66258,51720.82554130768,False,False,False,False,9618.763645642775,False,False,False,False
2022-09-30 00:00:00+00:00,12.1431920546,12.4378924467,11.9320061058,11.9320061058,1689,,,,,,,,,,,,,,,,,,,,,,,,,,,"rgba(38, 166, 154, 1.0)",0.0,0.0,0.7844642226776447,11.677615923383058,0.5934956850266175,0.0,0.0,0.0,0.0,0.0,0.0,0.0,0.0,53.72008432198111,4.15608035438629,True,False,True,False,True,3.406685047901526,0,1.0043329949512265,0.8105532005284142,False,False,False,False,0.3078805860666096,0.22475812051361455,False,False,False,False,67947,52357.146108315224,False,False,False,False,9307.792522284235,False,False,False,False
2022-10-03 00:00:00+00:00,12.4599709777,12.4599709777,12.2775831129,12.2967818355,3980,,,,,,,,,,,,,,,,,,,,,,,,,,,"rgba(38, 166, 154, 1.0)",0.0,0.0,0.7872689505686487,11.696583527056397,0.9696653857518492,0.0,0.0,0.0,0.0,0.0,0.0,0.0,0.0,57.55336227811708,1.5896809923282476,True,False,True,False,True,5.478518452521023,0,1.0145070087767254,0.8205252452511819,False,False,False,False,0.3428282224897169,0.2837931715016657,False,False,False,False,71927,53124.59135896953,False,True,False,False,9098.859482194657,False,False,False,False
2022-10-04 00:00:00+00:00,12.3831760873,12.7661906034,12.373576726,12.5271665069,2565,,,,,,,,,,,,,,,,,,,,,,,,,,,"rgba(38, 166, 154, 1.0)",0.0,0.0,0.7910976259548805,11.768643290178812,0.7768103163998603,0.0,0.0,0.0,0.0,0.0,0.0,0.0,0.0,59.43083932127054,3.310523161766767,True,False,True,False,True,4.906494245761284,0,1.0578238260615664,0.7930014820515054,False,False,False,False,0.3428282250364595,0.3133106982690626,False,False,False,False,69362,53761.352482147195,False,False,False,False,8842.62969857918,False,False,False,False
2022-10-05 00:00:00+00:00,12.2391856676,12.3543780033,12.2294903127,12.3543780033,2201,,,,,,,,,,,,,,,,,,,,,,,,,,,"rgba(38, 166, 154, 1.0)",0.0,0.0,0.7916371016887277,11.764568576306285,0.5995387157590979,0.0,0.0,0.0,0.0,0.0,0.0,0.0,0.0,59.40953135222206,3.34867409298176,True,False,True,False,True,3.8344184282521603,0,1.0616544619533275,0.8082932665489385,False,False,False,False,0.2605243556793354,0.28691752697419903,False,False,False,False,67161,54286.82885539632,False,False,False,False,8582.173631968231,False,False,False,False
2022-10-06 00:00:00+00:00,12.219986945,12.2583843903,12.0567978028,12.2391856676,2113,,,,,,,,,,,,,,,,,,,,,,,,,,,"rgba(38, 166, 154, 1.0)",0.0,0.0,0.7918722117638602,11.761943859583386,0.5784305581279883,0.0,0.0,0.0,0.0,0.0,0.0,0.0,0.0,59.221450613143496,3.354568008030732,True,False,True,False,True,3.690776933361807,0,1.0489974918859122,0.8164769350461591,False,False,False,False,0.21886217515204945,0.2528898510631242,False,False,False,False,65048,54708.83556694941,False,False,False,False,8328.480548361633,False,False,False,False
2022-10-07 00:00:00+00:00,11.5363204327,11.9032080219,11.5000348469,11.9032080219,9404,,,,,,,,,,,,,,,,,,,,,,,,,,,"rgba(38, 166, 154, 0.75)",0.0,0.0,0.7745099810818521,11.722275309035156,-0.24009358288115334,0.0,0.0,0.0,0.0,0.0,0.0,0.0,0.0,54.07363002486301,3.354568008030732,True,False,True,False,False,0.0,0,1.0126447957395945,0.8382640643760776,False,False,False,False,0.08896374814694034,0.1709267996050323,False,False,False,False,55644,54745.508681971005,False,False,False,False,8370.657781759215,False,False,False,False
2022-10-10 00:00:00+00:00,11.4218000523,11.4808361243,11.4218000523,11.4808361243,425,,,,,,,,,,,,,,,,,,,,,,,,,,,#000000,0.0,0.0,0.7625718837293202,11.720694559669909,-0.39195584540591727,0.0,0.0,0.0,0.0,0.0,0.0,0.0,0.0,49.98429127377064,6.2478355916352015,False,False,False,False,False,0.0,0,0.9919053504805759,0.8946099395504757,False,False,False,False,0.019178570604220162,0.09505268510462622,False,False,False,False,55219,54764.07696895253,False,False,False,False,8059.063358945129,False,False,False,False
2022-10-11 00:00:00+00:00,11.2696501755,11.3560444273,11.0200667815,11.3272463434,22236,,,,,,,,,,,,,,,,,,,,,,,,,,,"rgba(239, 83, 80, 1.0)",0.0,0.0,0.7499472093407276,11.655213205923008,-0.5141202282250678,0.0,0.0,0.0,0.0,0.0,0.0,0.0,0.0,46.397200592332595,2.969952795587048,False,True,False,True,False,0.0,0,0.9315723500957168,0.9009448196104054,False,False,False,False,-0.05403091150466471,0.020510886799980758,False,False,False,False,32983,53909.917087817135,False,False,False,False,8615.02165859434,False,False,False,False
2022-10-12 00:00:00+00:00,11.2168536883,11.346445066,11.1064610333,11.2888488982,12618,,,,,,,,,,,,,,,,,,,,,,,,,,,"rgba(239, 83, 80, 1.0)",0.0,0.0,0.7401653997835491,11.637460770270952,-0.5682609347774861,0.0,0.0,0.0,0.0,0.0,0.0,0.0,0.0,43.70461328962749,0.5338990162043871,False,True,False,True,False,0.0,0,0.9436333075152284,0.9018467300567984,False,False,False,False,-0.04333573170560676,-0.011412422452813003,False,False,False,False,20365,52594.430143196856,False,False,False,False,8772.001201394562,False,False,False,False
2022-10-13 00:00:00+00:00,11.3176469821,11.3176469821,10.9432718911,11.1160603946,5284,,,,,,,,,,,,,,,,,,,,,,,,,,,"rgba(239, 83, 80, 1.0)",0.0,0.0,0.7300407641337407,11.630871492019091,-0.4290507123814667,0.0,0.0,0.0,0.0,0.0,0.0,0.0,0.0,42.858310873118796,-0.25343230013734797,False,True,False,True,False,0.0,0,0.9590960319798632,0.898837987858371,False,False,False,False,-0.07009763763029786,-0.04075503004155543,False,False,False,False,25649,51537.74660816953,False,False,False,False,8635.21684055556,False,False,False,False
2022-10-14 00:00:00+00:00,11.2024546464,11.3272463434,11.1928552851,11.3272463434,12558,,,,,,,,,,,,,,,,,,,,,,,,,,,"rgba(239, 83, 80, 1.0)",0.0,0.0,0.7158617052608605,11.619483246957184,-0.5825546994516477,0.0,0.0,0.0,0.0,0.0,0.0,0.0,0.0,41.54173133415953,-1.6106851920325127,False,True,False,True,False,0.0,0,0.9804780277546084,0.8849964990988948,False,False,False,False,-0.033985653603843397,-0.03737034182269941,False,False,False,False,13091,50030.03105490798,False,False,False,False,8789.051474259264,False,False,False,False
2022-10-17 00:00:00+00:00,11.2120540077,11.2120540077,11.0680635881,11.0680635881,1813,,,,,,,,,,,,,,,,,,,,,,,,,,,"rgba(239, 83, 80, 1.0)",0.0,0.0,0.7005306090643983,11.617567157074863,-0.5788657114018894,0.0,0.0,0.0,0.0,0.0,0.0,0.0,0.0,40.765850809181046,-2.5403650426296025,False,True,False,True,False,0.0,0,0.9676969374670165,0.8811964873458575,False,False,False,False,-0.0674175629119348,-0.05239395236731711,False,False,False,False,14904,48652.53964099002,False,False,False,False,8515.480828209882,False,False,False,False
2022-10-18 00:00:00+00:00,11.1160603946,11.2024546464,10.5400987161,11.2024546464,15935,,,,,,,,,,,,,,,,,,,,,,,,,,,"rgba(239, 83, 80, 1.0)",0.0,0.0,0.684466097415621,11.547339331253436,-0.6300953959324526,0.0,0.0,0.0,0.0,0.0,0.0,0.0,0.0,39.56702400253934,-3.9320331511804554,False,True,False,True,False,0.0,0,0.9358287783396134,0.8872384489951597,False,False,False,False,-0.14297022919858254,-0.09768209078294983,False,False,False,False,-1031,46704.16553742178,False,False,False,False,8806.442364358514,False,False,False,False
2022-10-19 00:00:00+00:00,10.9624706137,11.0872623107,10.8952750845,11.0776629494,39965,,,,,,,,,,,,,,,,,,,,,,,,,,,"rgba(239, 83, 80, 1.0)",0.0,0.0,0.6848881161921611,11.508449555260645,-0.7971797563026448,0.0,0.0,0.0,0.0,0.0,0.0,0.0,0.0,37.726360173376335,-5.933807644413463,False,True,False,True,False,0.0,0,0.9598037489168094,0.8921027185531815,False,False,False,False,-0.10909168488120011,-0.10338688783207498,False,False,False,False,-40996,43264.943359483674,False,False,False,False,10028.346585364063,False,False,False,False
2022-10-20 00:00:00+00:00,11.1089568672,11.1496581592,10.9528712524,10.9528712524,1030,,,,,,,,,,,,,,,,,,,,,,,,,,,"rgba(239, 83, 80, 1.0)",0.0,0.0,0.6848978886694932,11.507884215615652,-0.582462517428142,0.0,0.0,0.0,0.0,0.0,0.0,0.0,0.0,38.280903921877226,-5.933807644413463,False,True,False,True,False,0.0,0,0.9668051539093383,0.8994731639501335,False,False,False,False,-0.09225025095543946,-0.09781856939375722,False,False,False,False,-39966,40000.98479636667,False,False,False,False,9675.47024868312,False,False,False,False
2022-10-21 00:00:00+00:00,11.1640572012,11.1640572012,10.9144738071,10.9912686976,23765,,,,,,,,,,,,,,,,,,,,,,,,,,,"rgba(239, 83, 80, 1.0)",0.0,0.0,0.6848944067275641,11.495681865801187,-0.48419823748553287,0.0,0.0,0.0,0.0,0.0,0.0,0.0,0.0,39.30606017879256,-5.933807644413463,False,True,False,True,False,0.0,0,0.9571589595470614,0.9032022375253832,False,False,False,False,-0.09561406335652795,-0.09671631637514258,False,False,False,False,-16201,37796.98539258758,False,False,False,False,10228.000827166135,False,False,False,False
2022-10-24 00:00:00+00:00,10.847278278,11.1640572012,10.7512846649,11.1640572012,14794,,,,,,,,,,,,,,,,,,,,,,,,,,,"rgba(239, 83, 80, 1.0)",0.0,0.0,0.6858114318032131,11.482318449854175,-0.9259690673053609,0.0,0.0,0.0,0.0,0.0,0.0,0.0,0.0,37.64262102995372,-6.709863069130158,False,True,False,True,False,0.0,0,0.9456336821066103,0.9052977099581926,False,False,False,False,-0.11854927453636954,-0.10763279545575606,False,False,False,False,-30995,35099.2604752312,False,False,False,False,10407.05961825766,False,False,False,False
2022-10-25 00:00:00+00:00,10.7992814714,10.8952750845,10.7312219998,10.8280795554,11284,,,,,,,,,,,,,,,,,,,,,,,,,,,"rgba(239, 83, 80, 1.0)",0.0,0.0,0.6860007939198006,11.469875585798817,-0.9775413094889438,0.0,0.0,0.0,0.0,0.0,0.0,0.0,0.0,36.218060165430686,-8.3105568447953,False,True,False,True,False,0.0,0,0.9524619291444144,0.9184966810437047,False,False,False,False,-0.15946681181823322,-0.13354980363699465,False,False,False,False,-42279,32064.818887967238,False,False,False,False,10441.449437149515,False,False,False,False
2022-10-26 00:00:00+00:00,10.7320859423,10.9912686976,10.6936884971,10.7704833875,5740,,,,,,,,,,,,,,,,,,,,,,,,,,,"rgba(239, 83, 80, 1.0)",0.0,0.0,0.6860079131986446,11.463851259358021,-1.0667009854828415,0.0,0.0,0.0,0.0,0.0,0.0,0.0,0.0,34.81499966360515,-9.870993020588898,False,True,False,True,False,0.0,0,0.9518588073800753,0.9087568981774004,False,False,False,False,-0.15114691100626154,-0.1423483573216281,False,False,False,False,-48019,28924.276970792052,False,False,False,False,10257.07887098679,False,False,False,False
2022-10-27 00:00:00+00:00,10.7416853036,10.7416853036,10.7416853036,10.7416853036,225,,,,,,,,,,,,,,,,,,,,,,,,,,,"rgba(239, 83, 80, 1.0)",0.0,0.0,0.6858552819050713,11.46358588564415,-1.0525552563201916,0.0,0.0,0.0,0.0,0.0,0.0,0.0,0.0,34.02386026907523,-10.85310410904708,False,True,False,True,False,0.0,0,0.9532035958653329,0.9202881640578404,False,False,False,False,-0.1799314353288008,-0.16113989632521444,False,False,False,False,-47794,25915.71708958452,False,False,False,False,9863.664013301033,False,False,False,False
2022-10-28 00:00:00+00:00,10.8290394915,10.9144738071,10.5592974388,10.5592974388,1776,,,,,,,,,,,,,,,,,,,,,,,,,,,"rgba(239, 83, 80, 1.0)",0.0,0.0,0.6864480959929768,11.46161102702874,-0.9215140069894111,0.0,0.0,0.0,0.0,0.0,0.0,0.0,0.0,34.845113436525835,-10.85310410904708,False,True,False,True,False,0.0,0,0.9530648374479547,0.9115910488576312,False,False,False,False,-0.18130914297492448,-0.17122451965006946,False,False,False,False,-46018,23094.78700764003,False,False,False,False,9546.500718661777,False,False,False,False
2022-10-31 00:00:00+00:00,11.0392655041,11.0392655041,11.0392655041,11.0392655041,1204,,,,,,,,,,,,,,,,,,,,,,,,,,,"rgba(239, 83, 80, 0.75)",0.0,0.0,0.6861894466565737,11.461036461699655,-0.6146567243998208,0.0,0.0,0.0,0.0,0.0,0.0,0.0,0.0,38.2897660437818,-10.85310410904708,False,True,False,True,True,0.0,0,0.9696003803729094,0.906831329423616,False,False,False,False,-0.09561406337054942,-0.13341929151030946,False,False,False,False,-44814,20431.697321065913,False,False,False,False,9219.343827733865,False,False,False,False
2022-11-01 00:00:00+00:00,10.8088808328,11.0200667815,10.7608840262,11.0200667815,1787,,,,,,,,,,,,,,,,,,,,,,,,,,,"rgba(239, 83, 80, 0.75)",0.0,0.0,0.6870705463761227,11.459469509174449,-0.9469022938123407,0.0,0.0,0.0,0.0,0.0,0.0,0.0,0.0,38.453663856228474,-10.85310410904708,False,True,False,True,True,0.0,1,0.9562118261980108,0.8986097774346393,False,False,False,False,-0.16135967129969936,-0.1473894814050044,False,False,False,False,-46601,17802.96409278882,False,False,False,False,8927.879363901164,False,False,False,False
2022-11-02 00:00:00+00:00,11.0200667815,11.7496182409,10.847278278,11.0104674202,23443,,,,,,,,,,,,,,,,,,,,,,,,,,,"rgba(239, 83, 80, 0.75)",0.0,0.0,0.6842915174568375,11.44006436705583,-0.6137699720679671,0.0,0.0,0.0,0.0,0.0,0.0,0.0,0.0,41.11258529351315,-13.698883065849834,False,True,False,True,True,0.0,1,0.9599159197249357,0.8716172210508798,False,False,False,False,-0.04866271734544222,-0.09802609937522332,False,False,False,False,-23158,16196.651775424554,False,False,False,False,9497.09978100308,False,False,False,False
2022-11-03 00:00:00+00:00,10.7416853036,11.0296661428,10.7416853036,11.0296661428,6181,,,,,,,,,,,,,,,,,,,,,,,,,,,"rgba(239, 83, 80, 0.75)",0.0,0.0,0.6783092413582652,11.429870245144153,-1.0145592888667003,0.0,0.0,0.0,0.0,0.0,0.0,0.0,0.0,40.51133090929059,-13.698883065849834,False,True,False,True,True,0.0,1,0.9498131238555877,0.9133041269096224,False,False,False,False,-0.22993718856313927,-0.1639816439691813,False,False,False,False,-29339,14410.93994109418,False,False,False,False,9367.056652336292,False,False,False,False
2022-11-04 00:00:00+00:00,11.221653369,11.221653369,10.5784961614,11.0007720653,12639,,,,,,,,,,,,,,,,,,,,,,,,,,,"rgba(239, 83, 80, 0.75)",0.0,0.0,0.6694597816640072,11.421403932435819,-0.2983757484868163,0.0,0.0,0.0,0.0,0.0,0.0,0.0,0.0,44.66931532072796,-10.22271961559025,False,True,False,True,True,0.0,1,0.9404632771676895,0.9096226194637408,False,False,False,False,-0.22493381785330024,-0.19445773091124077,False,False,False,False,-16700,13190.903080659116,False,False,False,False,9495.368156166242,False,False,False,False
2022-11-07 00:00:00+00:00,10.8088808328,11.332046024,10.8088808328,11.332046024,13431,,,,,,,,,,,,,,,,,,,,,,,,,,,"rgba(239, 83, 80, 0.75)",0.0,0.0,0.6679088179440611,11.412928214008094,-0.9043859954828211,0.0,0.0,0.0,0.0,0.0,0.0,0.0,0.0,44.337822032518346,-10.22271961559025,False,True,False,True,True,0.0,1,0.9607278064095087,0.9096196766785466,False,False,False,False,-0.166490501024209,-0.1804741159677249,False,False,False,False,-30131,11492.004920633268,False,False,False,False,9649.706659845997,False,False,False,False
2022-11-08 00:00:00+00:00,10.7608840262,10.8559177032,10.5592974388,10.8088808328,20679,,,,,,,,,,,,,,,,,,,,,,,,,,,"rgba(239, 83, 80, 0.75)",0.0,0.0,0.663232279469615,11.388278654568355,-0.9459651584963281,0.0,0.0,0.0,0.0,0.0,0.0,0.0,0.0,43.79681419665509,-10.22271961559025,False,True,False,True,True,0.0,1,0.9527850134673779,0.9319126461266546,False,False,False,False,-0.32811945001214077,-0.25429678298993286,False,False,False,False,-50810,9048.789041392749,False,False,False,False,10082.227967303015,False,False,False,False
2022-11-09 00:00:00+00:00,10.4537044644,10.7704833875,10.4537044644,10.7704833875,7552,,,,,,,,,,,,,,,,,,,,,,,,,,,"rgba(239, 83, 80, 1.0)",0.0,0.0,0.6556433257599464,11.377424404762591,-1.4088756860171214,0.0,0.0,0.0,0.0,0.0,0.0,0.0,0.0,41.52805326683494,-10.22271961559025,False,True,False,True,False,0.0,1,0.9463943406082135,0.9465518961808923,False,False,False,False,-0.34282825441539394,-0.29856251870266337,False,False,False,False,-58362,6405.228686828328,False,False,False,False,9983.00334113427,True,False,False,False
2022-11-10 00:00:00+00:00,10.8088808328,10.9432718911,10.2713165995,10.5304993548,229178,,,,,,,,,,,,,,,,,,,,,,,,,,10.674489774466666,"rgba(239, 83, 80, 1.0)",0.0,0.0,0.6455463204864745,11.183126496149804,-0.579734794348727,1.0,10.943272,10.271317,0.0,0.0,0.0,0.0,0.0,43.07412189972502,-10.22271961559025,False,True,False,True,False,0.0,1,0.9022004480250033,1.0342049841026457,True,False,False,False,-0.34282825441539394,-0.32069538655902863,False,False,False,False,170816,12852.709914795845,False,False,False,False,18578.885563050575,False,False,False,False
2022-11-11 00:00:00+00:00,10.7800827488,10.9432718911,10.5113006322,10.8952750845,66148,,,,,,,,,,,,,,,,,,,,,,,,,,10.690257127758292,"rgba(239, 83, 80, 1.0)",0.0,0.0,0.6410160168414235,11.160722812088089,-0.5938074139920485,0.0,0.0,0.0,0.0,0.0,0.0,0.0,0.0,43.90752573299021,-10.22271961559025,False,True,False,True,False,0.0,1,0.8969595064853731,0.9750736321647265,False,False,False,False,-0.2981818078880111,-0.30943859722351985,False,False,False,False,104668,16453.309525980323,False,False,False,False,20444.341031166237,False,False,False,False
2022-11-14 00:00:00+00:00,10.5113006322,11.0104674202,10.4633038257,11.0104674202,48440,,,,,,,,,,,,,,,,,,,,,,,,,,10.686231827572826,"rgba(239, 83, 80, 1.0)",0.0,0.0,0.6458579650669506,11.141039955374364,-0.9750430547203746,0.0,0.0,0.0,0.0,0.0,0.0,0.0,0.0,42.69601397498572,-10.22271961559025,False,True,False,True,False,0.0,1,0.8801460172863018,1.0079671237224885,False,False,False,False,-0.294661580569975,-0.30205008889674745,False,False,False,False,56228,18013.101309275215,False,False,False,False,21542.210010336188,False,False,False,False
2022-11-15 00:00:00+00:00,10.847278278,10.9336725298,10.5688968001,10.5688968001,55186,,,,,,,,,,,,,,,,,,,,,,,,,,10.699656601463978,"rgba(239, 83, 80, 0.75)",0.0,0.0,0.6468282466349424,11.128000643909596,-0.43399831001510225,0.0,0.0,0.0,0.0,0.0,0.0,0.0,0.0,44.63358201969248,-9.986895777521802,False,True,False,True,True,0.0,1,0.8776206782951552,1.0051561653283618,False,False,False,False,-0.2893944890267219,-0.2957222889617347,False,False,False,False,111414,21675.88165008795,False,False,False,False,22861.57432365634,False,False,False,False
2022-11-16 00:00:00+00:00,10.6072942453,10.9816693363,10.5592974388,10.7512846649,41047,,,,,,,,,,,,,,,,,,,,,,,,,,10.701189375056254,"rgba(239, 83, 80, 0.75)",0.0,0.0,0.650087439301721,11.116040255488066,-0.7825808951708492,0.0,0.0,0.0,0.0,0.0,0.0,0.0,0.0,44.344698682091845,-9.986895777521802,False,True,False,True,True,0.0,1,0.8816931881310189,1.002931466459593,False,False,False,False,-0.282395869476879,-0.28905907921930685,False,False,False,False,70367,23585.33727165313,False,False,False,False,23574.72827174825,False,False,False,False
2022-11-17 00:00:00+00:00,10.8684928665,10.9624706137,10.5400987161,10.6840891358,25138,,,,,,,,,,,,,,,,,,,,,,,,,,10.70600821764822,"rgba(239, 83, 80, 0.5)",0.0,0.0,0.6478461182964175,11.110939887735618,-0.3742355080758361,0.0,0.0,0.0,0.0,0.0,0.0,0.0,0.0,46.11596027175641,-8.324423951470749,False,False,False,True,True,0.0,1,0.8642615219476537,1.0101385358884998,False,False,False,False,-0.28939448904498394,-0.2892267841321454,False,False,False,False,95505,26405.71620217654,False,False,False,False,23636.03304540518,False,False,False,False
2022-11-18 00:00:00+00:00,10.7416853036,10.9912686976,10.6927285609,10.9528712524,19651,,,,,,,,,,,,,,,,,,,,,,,,,,10.7101652138148,"rgba(239, 83, 80, 0.5)",0.0,0.0,0.646457385079618,11.107404080353046,-0.5657275872995141,0.0,0.0,0.0,0.0,0.0,0.0,0.0,0.0,46.419732965649985,-7.880620036007464,False,False,False,True,True,0.0,1,0.8706717914452334,1.0129344919805647,False,False,False,False,-0.25655572079448213,-0.2728912524633138,False,False,False,False,75854,28344.864586404914,False,False,False,False,23479.757239703016,False,False,False,False
2022-11-21 00:00:00+00:00,10.6744897744,10.847278278,10.5592974388,10.847278278,13251,,,,,,,,,,,,,,,,,,,,,,,,,,10.709726828520417,"rgba(239, 83, 80, 0.5)",0.0,0.0,0.645721543793552,11.103606772171425,-0.6645542523645781,0.0,0.0,0.0,0.0,0.0,0.0,0.0,0.0,46.152605497866986,-7.880620036007464,False,False,False,True,True,0.0,1,0.8697845359722289,1.0186454943295118,False,False,False,False,-0.30701408822692233,-0.28995267034511807,False,False,False,False,62603,29688.320877134134,False,False,False,False,23078.6295048127,False,False,False,False
2022-11-22 00:00:00+00:00,11.2120540077,11.2408520916,10.7512846649,10.7512846649,24084,,,,,,,,,,,,,,,,,,,,,,,,,,10.726255850449947,#000000,0.0,0.0,0.6429521014208803,11.105282582950316,0.166064353026807,0.0,0.0,0.0,0.0,0.0,0.0,0.0,0.0,49.75656975451781,-4.400596799150087,False,False,False,False,True,0.0,1,0.8617608192956505,1.001227838342856,False,False,False,False,-0.20196079199656564,-0.24595673117084185,False,False,False,False,86687,31923.563195677893,False,False,False,False,23118.055798741614,False,False,False,False
2022-11-23 00:00:00+00:00,11.0872623107,11.265810431,11.0488648655,11.2408520916,22875,,,,,,,,,,,,,,,,,,,,,,,,,,10.743369072289033,#000000,0.0,0.0,0.6367771975946065,11.10805669017644,-0.0326556597111042,0.0,0.0,0.0,0.0,0.0,0.0,0.0,0.0,51.19874156090037,-2.998720158203838,True,False,False,False,True,0.0,1,0.8820391589793742,1.0070252530919521,False,False,False,False,-0.14605546338923278,-0.19600609728003732,False,False,False,False,63812,33174.090129180724,False,False,False,False,23108.524198790965,False,False,False,False
2022-11-25 00:00:00+00:00,11.1352591172,11.5192335695,11.1160603946,11.5192335695,81182,,,,,,,,,,,,,,,,,,,,,,,,,,10.809940173338992,"rgba(38, 166, 154, 1.0)",0.0,0.0,0.6306640037187443,11.124568575003956,0.016951248419138334,0.0,0.0,0.0,0.0,0.0,0.0,0.0,0.0,52.48087250339706,-1.7348200558264253,True,False,True,False,True,0.0,1,0.8997286521256022,0.9746538930144243,False,False,False,False,-0.09136860825798844,-0.14368735276901287,False,False,False,False,144994,37559.18463391873,False,False,False,False,25385.915406681517,False,False,False,False
2022-11-28 00:00:00+00:00,11.1640572012,11.5000348469,11.0104674202,11.2984482595,60260,,,,,,,,,,,,,,,,,,,,,,,,,,10.84636383213099,"rgba(38, 166, 154, 1.0)",0.0,0.0,0.6268436394971615,11.133205518484866,0.04921750939338373,0.0,0.0,0.0,0.0,0.0,0.0,0.0,0.0,53.540016430017445,-0.6594958576399108,True,False,True,False,True,0.0,1,0.8965774295378715,0.9663891609574838,False,False,False,False,-0.11257143971969798,-0.12812939624435543,False,False,False,False,205254,44135.45190317682,False,False,False,False,26753.52656720381,False,False,False,False
2022-11-29 00:00:00+00:00,11.5480316535,11.6540653331,11.1817334875,11.3263248688,62125,,,,,,,,,,,,,,,,,,,,,,,,,,10.897396768032815,"rgba(38, 166, 154, 1.0)",0.0,0.0,0.6232743404309332,11.151804585381328,0.6357185631045243,0.0,0.0,0.0,0.0,0.0,0.0,0.0,0.0,56.71003886010108,2.3742474554037187,True,False,True,False,True,1.7154629467842533,1,0.9041815063295655,0.9605867386949317,False,False,False,False,-0.057464439671947004,-0.09279691795815122,False,False,False,False,267379,52890.10084815028,False,False,False,False,28140.643172411503,False,False,False,False
2022-11-30 00:00:00+00:00,12.2227914329,12.4444982176,11.6637047585,11.7600990127,87273,,,,,,,,,,,,,,,,,,,,,,,,,,11.024043857798643,"rgba(38, 166, 154, 1.0)",0.0,0.0,0.625699406493513,11.21386095015473,1.6124843211845514,0.0,0.0,0.0,0.0,0.0,0.0,0.0,0.0,61.82502945982763,7.088789212894646,True,False,True,False,True,6.337902982108037,0,0.9362456831848249,0.9100902911353224,False,False,False,False,0.15784535536892114,0.03252421870538496,False,False,False,False,354652,64723.90081488948,False,False,False,False,30459.559126434582,False,False,False,False
2022-12-01 00:00:00+00:00,13.1674551241,13.30240708,12.2806279854,12.2806279854,156860,,,,,,,,,,,,,,,,,,,,,,,,,,11.323130230667358,"rgba(38, 166, 154, 1.0)",0.0,0.0,0.6553184299875965,11.384494151183766,2.720755118927421,0.0,0.0,0.0,0.0,0.0,0.0,0.0,0.0,67.77699236878215,12.398227968076348,True,False,True,False,True,12.013461898945732,0,0.9677251962608314,0.8710194206409135,False,False,False,False,0.34282822050596823,0.1876762196056766,False,False,False,False,511512,82245.00274371734,False,False,False,False,35416.43916069205,False,False,False,False
2022-12-02 00:00:00+00:00,13.051782019,13.5144744392,12.8252555217,13.119257997,82428,,,,,,,,,,,,,,,,,,,,,,,,,,11.461698365477869,"rgba(38, 166, 154, 1.0)",0.0,0.0,0.6774774602658965,11.568170013329066,2.1899060746443797,0.0,0.0,0.0,0.0,0.0,0.0,0.0,0.0,70.80331288449354,14.875567900711388,True,False,True,False,True,11.123964502245489,0,0.9978467592590297,0.8639972750454061,False,False,False,False,0.34282822551248143,0.265252222559079,False,False,False,False,429084,95846.5320478853,False,False,False,False,37260.02978184138,False,False,False,False
2022-12-05 00:00:00+00:00,12.386661665,13.234931102,12.3384645379,13.1770945495,65767,,,,,,,,,,,,,,,,,,,,,,,,,,11.530391497251022,"rgba(38, 166, 154, 1.0)",0.0,0.0,0.6755729827370233,11.59772855000955,1.1677984986820487,0.0,0.0,0.0,0.0,0.0,0.0,0.0,0.0,68.12832248320821,14.875567900711388,True,False,True,False,True,6.250624522371201,0,0.9832607502906207,0.880831162795135,False,False,False,False,0.2355770865348337,0.25041465454695633,False,False,False,False,363317,106335.57000679176,False,False,False,False,38377.95018255348,False,False,False,False
2022-12-06 00:00:00+00:00,12.3577433888,12.4252193667,12.2011027257,12.4155799413,26607,,,,,,,,,,,,,,,,,,,,,,,,,,11.5485692704291,"rgba(38, 166, 154, 0.75)",0.0,0.0,0.6715729266600294,11.603958088597537,1.12241764115076,0.0,0.0,0.0,0.0,0.0,0.0,0.0,0.0,66.1632695960357,14.875567900711388,True,False,True,False,False,6.047160984991262,0,0.9869444044510515,0.9027227670186941,False,False,False,False,0.1097916055966915,0.1801031300718239,False,False,False,False,336710,115369.86137907444,False,False,False,False,37916.344293041584,False,False,False,False
2022-12-07 00:00:00+00:00,12.7240415547,12.8107963835,12.3867580593,12.4830559192,37570,,,,,,,,,,,,,,,,,,,,,,,,,,11.582612968901943,"rgba(38, 166, 154, 0.75)",0.0,0.0,0.6743859230142354,11.623662188792435,1.6316760601842166,0.0,0.0,0.0,0.0,0.0,0.0,0.0,0.0,66.21207128888486,14.875567900711388,True,False,True,False,False,8.208955377395469,0,0.9994689450167263,0.8724901816458512,False,False,False,False,0.18499603006425977,0.18254958006804184,False,False,False,False,374280,125523.2001485225,False,False,False,False,37902.7621639027,False,False,False,False
2022-12-08 00:00:00+00:00,12.4637770684,13.0132243173,12.3191856871,13.0132243173,59064,,,,,,,,,,,,,,,,,,,,,,,,,,11.630088852545656,"rgba(38, 166, 154, 0.75)",0.0,0.0,0.6724629713249045,11.652119369426547,1.20699240491161,0.0,0.0,0.0,0.0,0.0,0.0,0.0,0.0,64.52498810175028,21.176467804713766,True,False,True,False,False,6.3595801979564435,0,0.9962539149862025,0.8781875706222864,False,False,False,False,0.20302465936307593,0.1927871197155589,False,False,False,False,315216,132962.13347603142,False,False,False,False,38732.614628063384,False,False,False,False
2022-12-09 00:00:00+00:00,12.4926953447,12.9843060411,12.3191856871,12.3191856871,65704,,,,,,,,,,,,,,,,,,,,,,,,,,11.677946962965834,"rgba(38, 166, 154, 0.75)",0.0,0.0,0.6711831546742731,11.682482804607385,1.2071407550235855,0.0,0.0,0.0,0.0,0.0,0.0,0.0,0.0,63.522242681114555,20.051844872196,True,False,True,False,False,6.532113641961047,0,0.9880502651656565,0.8944929753253584,False,False,False,False,0.1991480248082188,0.19596757226188885,False,False,False,False,380920,142685.97137893215,False,False,False,False,39790.31601519815,False,False,False,False
2022-12-12 00:00:00+00:00,12.3191856871,12.5505318972,12.2420702837,12.5312530463,48114,,,,,,,,,,,,,,,,,,,,,,,,,,11.70213221299693,"rgba(38, 166, 154, 0.75)",0.0,0.0,0.6723857939448628,11.696905035560867,0.9254815570808452,0.0,0.0,0.0,0.0,0.0,0.0,0.0,0.0,61.653584584193254,18.07289328368114,True,False,True,False,False,5.296409056337307,0,0.9790913763000963,0.9451885521010029,False,False,False,False,0.1315187017691262,0.16374313701550752,False,False,False,False,332806,150141.65877583678,False,False,False,False,40116.7349949943,False,False,False,False
2022-12-13 00:00:00+00:00,12.5216136209,12.8011569581,12.454137643,12.6083684497,30451,,,,,,,,,,,,,,,,,,,,,,,,,,11.721378538614008,"rgba(38, 166, 154, 0.75)",0.0,0.0,0.6763541838679056,11.709955877480636,1.200048381127311,0.0,0.0,0.0,0.0,0.0,0.0,0.0,0.0,61.38785825967834,17.5744039865056,True,False,True,False,False,6.5317753228122974,0,0.9728834464795417,0.9347299002424473,False,False,False,False,0.19270001193323888,0.1782215744743732,False,False,False,False,363257,158499.12313756868,False,False,False,False,39737.68656381805,False,False,False,False
2022-12-14 00:00:00+00:00,12.4348587921,12.6662050022,12.2420702837,12.3963010905,111288,,,,,,,,,,,,,,,,,,,,,,,,,,11.774568382438977,"rgba(38, 166, 154, 0.75)",0.0,0.0,0.6715192714196174,11.745869952876271,1.026014991002686,0.0,0.0,0.0,0.0,0.0,0.0,0.0,0.0,60.56389110300193,16.485611313903817,True,False,True,False,False,5.904711797010581,0,0.9583044271896554,0.9557641197958169,False,False,False,False,0.14670513816696087,0.16246335632066705,False,False,False,False,251969,162164.60850472286,False,False,False,False,42543.581208374206,False,False,False,False
2022-12-15 00:00:00+00:00,12.3577433888,12.569810748,12.2902674108,12.5119741955,112003,,,,,,,,,,,,,,,,,,,,,,,,,,11.817907129201728,"rgba(38, 166, 154, 0.75)",0.0,0.0,0.6742940400159538,11.776657332821372,0.8617695270818032,0.0,0.0,0.0,0.0,0.0,0.0,0.0,0.0,59.420814838572696,15.089392568481557,True,False,True,False,False,5.344230995848708,0,0.9671701165638162,0.9425054477453133,False,False,False,False,0.14036968356065455,0.1514165199406608,False,False,False,False,139966,161294.07483787098,False,False,False,False,45267.479984516394,False,False,False,False
2022-12-16 00:00:00+00:00,13.0903397207,13.2156522512,12.27098856,12.27098856,110263,,,,,,,,,,,,,,,,,,,,,,,,,,11.883806177040332,"rgba(38, 166, 154, 0.75)",0.0,0.0,0.6969378568513144,11.827986145684584,1.8112857015955268,0.0,0.0,0.0,0.0,0.0,0.0,0.0,0.0,62.08931998480183,15.089392568481557,True,False,True,False,False,9.727656793134688,0,0.9752741643422248,0.9106417879110806,False,False,False,False,0.22380509899861914,0.18761080946963998,False,False,False,False,250229,164781.71896187603,False,False,False,False,47816.32390669222,False,False,False,False
2022-12-19 00:00:00+00:00,13.2734888037,13.3216859308,12.9168300631,13.3216859308,74154,,,,,,,,,,,,,,,,,,,,,,,,,,11.936350306410635,"rgba(38, 166, 154, 1.0)",0.0,0.0,0.7237490170596804,11.870035412267894,1.9391437616507,0.0,0.0,0.0,0.0,0.0,0.0,0.0,0.0,64.54081990205432,15.089392568481557,True,False,True,False,True,10.758952277992904,0,1.030967899717027,0.9026610973104234,False,False,False,False,0.3282705681968105,0.25794068883322524,False,False,False,False,324383,171040.59272807697,False,False,False,False,48849.17394956703,False,False,False,False
2022-12-20 00:00:00+00:00,13.1481762732,13.6205081188,13.0903397207,13.1770945495,38118,,,,,,,,,,,,,,,,,,,,,,,,,,11.964102520077988,"rgba(38, 166, 154, 1.0)",0.0,0.0,0.74334109388592,11.892477949836252,1.6892626193977915,0.0,0.0,0.0,0.0,0.0,0.0,0.0,0.0,65.14416816146063,9.735716734525091,True,False,True,False,True,9.823261059809923,0,1.04258063041153,0.8742938354737386,False,False,False,False,0.34282822746406083,0.300384458148643,False,False,False,False,286265,175559.19693481908,False,False,False,False,48428.34359860362,False,False,False,False
2022-12-21 00:00:00+00:00,13.4662773121,13.5915898426,12.9843060411,12.9843060411,89552,,,,,,,,,,,,,,,,,,,,,,,,,,12.027832053291215,"rgba(38, 166, 154, 1.0)",0.0,0.0,0.7731684620776955,11.944539726536224,1.9681837273528855,0.0,0.0,0.0,0.0,0.0,0.0,0.0,0.0,66.78704682630313,11.47675697263427,True,False,True,False,True,11.61463637247417,0,1.052523232867802,0.8741015013357039,False,False,False,False,0.3247490687414132,0.3125667634450281,False,False,False,False,375817,183412.44411384576,False,False,False,False,50041.03600650152,False,False,False,False
2022-12-22 00:00:00+00:00,13.4951955884,13.5626715663,13.2879479418,13.5626715663,55900,,,,,,,,,,,,,,,,,,,,,,,,,,12.067548992902651,"rgba(38, 166, 154, 1.0)",0.0,0.0,0.801261344396529,11.97734343132755,1.8943284456279632,0.0,0.0,0.0,0.0,0.0,0.0,0.0,0.0,67.99143395468995,12.796454317692636,True,False,True,False,True,11.77583387446338,0,1.0621914434898416,0.8751648270479784,False,False,False,False,0.34282822813244473,0.3276974957887364,False,False,False,False,431717,193149.8776780087,False,False,False,False,50270.799300364204,False,False,False,False
2022-12-23 00:00:00+00:00,13.6205081188,13.6879840968,13.1481762732,13.4951955884,20088,,,,,,,,,,,,,,,,,,,,,,,,,,12.08165205519917,"rgba(38, 166, 154, 1.0)",0.0,0.0,0.830740965837985,11.989055538950373,1.963852328148942,0.0,0.0,0.0,0.0,0.0,0.0,0.0,0.0,69.28337532575405,14.205115437106542,True,False,True,False,True,12.478893243005917,1,1.06277633079869,0.8692193237753144,False,False,False,False,0.3409292726473883,0.33431338421806234,False,False,False,False,451805,203293.21580828287,False,False,False,False,49087.16011211462,False,False,False,False
2022-12-27 00:00:00+00:00,14.0446428373,14.2181524949,13.7361812239,13.7747389256,16599,,,,,,,,,,,,,,,,,,,,,,,,,,12.0972862602253,"rgba(38, 166, 154, 1.0)",0.0,0.0,0.873970366185326,12.00203295212146,2.3371614922071653,0.0,0.0,0.0,0.0,0.0,0.0,0.0,0.0,71.60551523022879,16.555861838358197,True,False,True,False,True,14.791234157003696,0,1.0712296199685662,0.8483001736398127,False,False,False,False,0.34282823243659327,0.3385708083273278,False,False,False,False,468404,213689.71714913452,False,False,False,False,47813.1146175219,False,False,False,False
2022-12-28 00:00:00+00:00,14.0446428373,14.1603159424,13.3632318544,14.1603159424,88685,,,,,,,,,,,,,,,,,,,,,,,,,,12.170685447668454,"rgba(38, 166, 154, 1.0)",0.0,0.0,0.9135625275382191,12.063424154948128,2.1686733229860793,0.0,0.0,0.0,0.0,0.0,0.0,0.0,0.0,73.15360849987862,18.135081108073138,True,False,True,False,True,14.791234157003696,0,1.0587238786984745,0.8500706517258066,False,False,False,False,0.2961818433465578,0.31737632583694275,False,False,False,False,468404,223678.5125550508,False,False,False,False,49415.93365212888,False,False,False,False
2022-12-29 00:00:00+00:00,13.7265417984,14.5362535338,13.6879840968,14.198873644,90960,,,,,,,,,,,,,,,,,,,,,,,,,,12.24509930894425,"rgba(38, 166, 154, 1.0)",0.0,0.0,0.9397738971259983,12.229496989150395,1.5929840292732578,0.0,0.0,0.0,0.0,0.0,0.0,0.0,0.0,71.03755434266589,18.135081108073138,True,False,True,False,True,12.270642516228701,0,1.0946115919111832,0.835348338303084,False,False,False,False,0.3428282332828786,0.33010227955991067,False,False,False,False,377444,229708.53167053903,False,False,False,False,51045.112724594415,False,False,False,False
2022-12-30 00:00:00+00:00,13.2638493783,13.6879840968,13.1096185716,13.6879840968,82055,,,,,,,,,,,,,,,,,,,,,,,,,,12.284687284047061,"rgba(38, 166, 154, 0.75)",0.0,0.0,0.9544690847872692,12.245375808060398,1.0670576831376342,0.0,0.0,0.0,0.0,0.0,0.0,0.0,0.0,65.9436715090546,21.272817314916665,True,False,True,False,False,8.779963314918337,0,1.053975679643094,0.8680193849945891,False,False,False,False,0.19823017550661123,0.26416622753326097,False,False,False,False,295389,232284.23631091006,False,False,False,False,52261.186735394636,False,False,False,False
2023-01-03 00:00:00+00:00,13.3891619087,13.9578880085,13.30240708,13.5433927155,77313,,,,,,,,,,,,,,,,,,,,,,,,,,12.325864311346391,"rgba(38, 166, 154, 0.75)",0.0,0.0,0.9726580833857588,12.276973237761291,1.1434528637928483,0.0,0.0,0.0,0.0,0.0,0.0,0.0,0.0,63.2403326431027,18.85179387659406,True,False,True,False,False,9.503953848055747,0,1.0568090721546417,0.8606943450958264,False,False,False,False,0.24396684307130426,0.2540665353022826,False,False,False,False,372702,237790.81527910967,False,False,False,False,53243.610784987,False,False,False,False
2023-01-04 00:00:00+00:00,13.5915898426,13.716902373,13.30240708,13.5433927155,97960,,,,,,,,,,,,,,,,,,,,,,,,,,12.373831641256084,"rgba(38, 166, 154, 0.75)",0.0,0.0,0.9945136612648435,12.315327060923897,1.2833034189323498,0.0,0.0,0.0,0.0,0.0,0.0,0.0,0.0,62.52064630529322,18.232259857414277,True,False,True,False,False,10.663402255245185,0,1.057979690008852,0.8719193676019323,False,False,False,False,0.22003231050333844,0.23704942290281053,False,False,False,False,470662,246923.01860149755,False,False,False,False,54997.194675771825,False,False,False,False
2023-01-05 00:00:00+00:00,13.6590658205,13.716902373,13.1144382843,13.30240708,188887,,,,,,,,,,,,,,,,,,,,,,,,,,12.453507210829939,"rgba(38, 166, 154, 0.75)",0.0,0.0,1.0170337665238254,12.380937520954197,1.2567215972724166,0.0,0.0,0.0,0.0,0.0,0.0,0.0,0.0,62.39715327649826,18.0299522036195,True,False,True,False,False,11.04847247815728,0,1.0565478672517132,0.8728916798050914,False,False,False,False,0.20153542528041768,0.2192924240916141,False,False,False,False,659549,263104.42963673297,False,False,False,False,60247.77527672196,False,False,False,False
2023-01-06 00:00:00+00:00,13.30240708,13.7361812239,13.0325031682,13.7361812239,161362,,,,,,,,,,,,,,,,,,,,,,,,,,12.505141592410265,"rgba(38, 166, 154, 0.75)",0.0,0.0,1.031068476987198,12.423722494021462,0.8522077879308964,0.0,0.0,0.0,0.0,0.0,0.0,0.0,0.0,59.462150786531645,15.128334239146852,True,False,True,False,False,8.357530736917095,0,1.0529287175708428,0.8642942092874552,False,False,False,False,0.1954005057465865,0.2073464649191003,False,False,False,False,498187,272323.3539647042,False,False,False,False,64213.038991360314,False,False,False,False
2023-01-09 00:00:00+00:00,13.4084407596,13.6108686934,13.234931102,13.5048350138,127784,,,,,,,,,,,,,,,,,,,,,,,,,,12.54466858733381,"rgba(38, 166, 154, 0.5)",0.0,0.0,1.0466065183171052,12.458071054785746,0.9080487157125716,0.0,0.0,0.0,0.0,0.0,0.0,0.0,0.0,58.17206761640925,13.811547713332835,False,False,True,False,False,8.983822056633102,0,1.0621381725935535,0.8733523545396508,False,False,False,False,0.2029532879565826,0.20514987643784144,False,False,False,False,625971,286191.88910334324,False,False,False,False,66706.01785444423,False,False,False,False
2023-01-10 00:00:00+00:00,13.6687052459,13.6928038095,13.119257997,13.3698830579,135828,,,,,,,,,,,,,,,,,,,,,,,,,,12.586418354334507,"rgba(38, 166, 154, 0.5)",0.0,0.0,1.0668163360869114,12.495428887578816,1.099792268484347,0.0,0.0,0.0,0.0,0.0,0.0,0.0,0.0,58.85474780878343,13.811547713332835,False,False,True,False,False,10.501979118250723,1,1.054911727439292,0.8637803055078961,False,False,False,False,0.19964618359733827,0.20239803001758985,False,False,False,False,761799,304843.14835419256,False,False,False,False,69416.68382093661,False,False,False,False
2023-01-11 00:00:00+00:00,13.601229268,13.8229360527,13.5144744392,13.784378351,59329,,,,,,,,,,,,,,,,,,,,,,,,,,12.606401177183137,"rgba(38, 166, 154, 0.5)",0.0,0.0,1.0842478559808026,12.51371899803577,1.0030089190081697,0.0,0.0,0.0,0.0,0.0,0.0,0.0,0.0,58.7304687957441,13.811547713332835,False,False,True,False,False,9.984948168529929,1,1.0771209731787574,0.8651696158969012,False,False,False,False,0.2516828932891444,0.2270404616533671,False,False,False,False,702470,320436.3582226556,False,False,False,False,69021.08837697831,False,False,False,False
2023-01-12 00:00:00+00:00,13.6205081188,13.784378351,13.4469984613,13.6301475442,75447,,,,,,,,,,,,,,,,,,,,,,,,,,12.630072631338718,"rgba(38, 166, 154, 0.5)",0.0,0.0,1.0999319950251334,12.535437939866613,0.9864884227761676,0.0,0.0,0.0,0.0,0.0,0.0,0.0,0.0,58.772032152228576,13.76802630751316,False,False,True,False,False,10.099366389148514,1,1.0639010191396365,0.870546226682648,False,False,False,False,0.241080699169031,0.23406058041119904,False,False,False,False,777917,338376.77554725733,False,False,False,False,69273.08491121445,False,False,False,False
2023-01-13 00:00:00+00:00,13.1770945495,13.4951955884,12.9650271902,13.1385368478,167341,,,,,,,,,,,,,,,,,,,,,,,,,,12.658825837749706,"rgba(38, 166, 154, 0.5)",0.0,0.0,1.106172165134587,12.561261504478052,0.5567244091221727,0.0,0.0,0.0,0.0,0.0,0.0,0.0,0.0,55.1644331990264,10.11394042156622,False,False,True,False,False,6.7239124393264404,1,1.0499228691178195,0.8785338370771952,False,False,False,False,0.1653994888982242,0.19973003465471162,False,False,False,False,610576,349051.254937561,False,False,False,False,73118.88550293153,False,False,False,False
2023-01-17 00:00:00+00:00,12.9843060411,13.2638493783,12.868632936,13.2638493783,57721,,,,,,,,,,,,,,,,,,,,,,,,,,12.665190707523946,#000000,0.0,0.0,1.1111528157121444,12.566980506108372,0.37557888446168536,0.0,0.0,0.0,0.0,0.0,0.0,0.0,0.0,51.45822136010132,6.546810665297151,False,True,False,False,False,5.310642730003735,1,1.0454309274152307,0.9143074199836132,False,False,False,False,0.1338423514764016,0.16678619306555661,False,False,False,False,552855,357043.5586654998,False,False,False,False,72515.04685575774,False,False,False,False
2023-01-18 00:00:00+00:00,13.0325031682,13.2252916766,12.9518211774,12.9843060411,60768,,,,,,,,,,,,,,,,,,,,,,,,,,12.67220126033381,"rgba(239, 83, 80, 1.0)",0.0,0.0,1.1172441925269174,12.573416137587017,0.41091019643131593,0.0,0.0,0.0,0.0,0.0,0.0,0.0,0.0,49.395821556097104,4.61151258832674,False,True,False,True,False,5.6167295299671025,1,1.0526983414479907,0.8881197070285368,False,False,False,False,0.13812277193314754,0.15245448249935206,False,False,False,False,613623,367105.4975413626,False,False,False,False,72054.37835161039,False,False,False,False
2023-01-19 00:00:00+00:00,13.3361450689,13.4759167375,12.936108914,12.936108914,154270,,,,,,,,,,,,,,,,,,,,,,,,,,12.696516128535325,#000000,0.0,0.0,1.1275863874725616,12.596404355962541,0.6560390593181582,0.0,0.0,0.0,0.0,0.0,0.0,0.0,0.0,50.4244520530884,4.61151258832674,False,True,False,False,False,7.521992239804096,1,1.0585882146558268,0.8854159149008228,False,False,False,False,0.16073968843101735,0.1565970854651847,False,False,False,False,767893,382822.65450052486,False,False,False,False,75278.52037703744,False,False,False,False
2023-01-20 00:00:00+00:00,13.30240708,13.6879840968,12.8300752344,13.4373590358,397462,,,,,,,,,,,,,,,,,,,,,,,,,,12.753006448480333,#000000,0.0,0.0,1.1361158687230595,12.651455930573952,0.5729619375510404,0.0,0.0,0.0,0.0,0.0,0.0,0.0,0.0,50.83296392737822,4.61151258832674,False,True,False,False,False,7.2658676963872,1,1.0450501644025665,0.8830082333888265,False,False,False,False,0.1710006791283371,0.1637988822967609,False,False,False,False,370431,382336.70726521016,False,False,False,False,87913.16663676147,False,False,False,False
2023-01-23 00:00:00+00:00,12.9746666157,13.4855561629,12.936108914,13.418080185,238657,,,,,,,,,,,,,,,,,,,,,,,,,,12.774056170246299,"rgba(239, 83, 80, 1.0)",0.0,0.0,1.1405830133089487,12.673046033673337,0.26444421713035227,0.0,0.0,0.0,0.0,0.0,0.0,0.0,0.0,48.61196601994018,3.7437637997590443,False,True,False,True,False,4.810446330405814,1,1.0580147595377063,0.8738139007843219,False,False,False,False,0.16167108870198726,0.1627349854993741,False,False,False,False,131774,372510.71874500584,False,False,False,False,93824.68951375122,False,False,False,False
2023-01-24 00:00:00+00:00,12.9168300631,13.1674551241,12.7240415547,13.1481762732,237545,,,,,,,,,,,,,,,,,,,,,,,,,,12.782543165098973,"rgba(239, 83, 80, 1.0)",0.0,0.0,1.1448048565289466,12.683085937312768,0.2041781395791297,0.0,0.0,0.0,0.0,0.0,0.0,0.0,0.0,46.728711031623575,1.8599230027653277,False,True,False,True,False,4.383783900777534,1,1.0537482764257902,0.8831341884025423,False,False,False,False,0.11080992746833569,0.1367724564838549,False,False,False,False,-105771,353754.57291186834,False,False,False,False,99460.7801210551,False,False,False,False
2023-01-25 00:00:00+00:00,12.8589935106,12.868632936,12.4444982176,12.5216136209,431631,,,,,,,,,,,,,,,,,,,,,,,,,,12.77745977221027,"rgba(239, 83, 80, 1.0)",0.0,0.0,1.1484161954804963,12.684609093364498,0.15184775164420147,0.0,0.0,0.0,0.0,0.0,0.0,0.0,0.0,45.05504562269653,0.18278923380249523,False,True,False,True,False,3.953090990018744,1,1.0486639998640903,0.8982440657187454,False,False,False,False,0.048220732853191506,0.0924965946685232,False,False,False,False,-537402,318807.2563270892,False,False,False,False,112487.06325356274,False,False,False,False
2023-01-26 00:00:00+00:00,12.8300752344,12.9299396817,12.5023347701,12.7047627039,213911,,,,,,,,,,,,,,,,,,,,,,,,,,12.776496040165272,"rgba(239, 83, 80, 1.0)",0.0,0.0,1.1500948577269428,12.686283646290468,0.1250258508187088,0.0,0.0,0.0,0.0,0.0,0.0,0.0,0.0,43.7195242349988,-1.1862846108093308,False,True,False,True,False,3.7351451982529227,1,1.0417917778802013,0.8959115463327347,False,False,False,False,0.05978848259400088,0.07614253863126204,False,False,False,False,-751313,276841.75607896806,False,False,False,False,116464.47253773676,False,False,False,False
2023-01-27 00:00:00+00:00,12.8011569581,12.9843060411,12.5505318972,12.5505318972,125904,,,,,,,,,,,,,,,,,,,,,,,,,,12.776547494225529,"rgba(239, 83, 80, 1.0)",0.0,0.0,1.1504320293292123,12.687897436410541,0.09844955529923634,0.0,0.0,0.0,0.0,0.0,0.0,0.0,0.0,42.59534392826109,-2.381588852459025,False,True,False,True,False,3.5139883888327397,1,1.0456207027196505,0.8959504922556558,False,False,False,False,0.06975918295315366,0.07295086079220785,False,False,False,False,-877217,231584.5499582242,False,False,False,False,116834.6500852765,False,False,False,False
2023-01-30 00:00:00+00:00,13.1481762732,13.6590658205,12.6565655768,12.6565655768,212954,,,,,,,,,,,,,,,,,,,,,,,,,,12.791131962850173,"rgba(239, 83, 80, 0.75)",0.0,0.0,1.1525599250077634,12.70764364820216,0.3822210155319029,0.0,0.0,0.0,0.0,0.0,0.0,0.0,0.0,45.505816717316065,-2.381588852459025,False,True,False,True,True,5.890947926465582,1,1.0467925727995395,0.8724323122555975,False,False,False,False,0.14626704545478902,0.10960895312349844,False,False,False,False,-664263,196453.27348927426,False,False,False,False,120604.03635644213,False,False,False,False
2023-01-31 00:00:00+00:00,13.0132243173,13.3216859308,12.8204358089,13.0807002953,182055,,,,,,,,,,,,,,,,,,,,,,,,,,12.799453780909484,"rgba(239, 83, 80, 0.75)",0.0,0.0,1.1520995992881062,12.718591428459552,0.25573560569112685,0.0,0.0,0.0,0.0,0.0,0.0,0.0,0.0,46.19735055055216,-2.381588852459025,False,True,False,True,True,4.837514274723549,1,1.053076113689569,0.8870675845182567,False,False,False,False,0.12914908679688702,0.11937901996019273,False,False,False,False,-846318,155560.28237204783,False,False,False,False,123013.87806795421,False,False,False,False
2023-02-01 00:00:00+00:00,13.2156522512,13.3216859308,12.8300752344,13.0132243173,278300,,,,,,,,,,,,,,,,,,,,,,,,,,12.81448526252396,#000000,0.0,0.0,1.1544376953443047,12.7371858647975,0.4144583881244455,0.0,0.0,0.0,0.0,0.0,0.0,0.0,0.0,48.53653879415347,-6.517132534209743,False,True,False,False,True,6.208729964630447,1,1.0540050288901606,0.8866475065870527,False,False,False,False,0.13009802172379845,0.12473852084199559,False,False,False,False,-568018,127184.66345549692,False,False,False,False,129103.5299084266,False,False,False,False
2023-02-02 00:00:00+00:00,13.1385368478,13.3602436325,12.8879117869,13.2060128258,220073,,,,,,,,,,,,,,,,,,,,,,,,,,12.825644499055503,#000000,0.0,0.0,1.1540617796895671,12.750622817868765,0.33612934485672014,0.0,0.0,0.0,0.0,0.0,0.0,0.0,0.0,49.33145264029993,-5.664152846832678,False,True,False,False,True,5.596434205256056,1,1.0501837186515428,0.8870121122899702,False,False,False,False,0.13960048571211175,0.13216950327705368,False,False,False,False,-788091,91291.50018273233,False,False,False,False,132670.96010809613,False,False,False,False
2023-02-03 00:00:00+00:00,12.9843060411,13.2108325385,12.7722386818,12.9457483394,142304,,,,,,,,,,,,,,,,,,,,,,,,,,12.829312242806232,#000000,0.0,0.0,1.1517014504767529,12.755331855852313,0.19881383769457048,0.0,0.0,0.0,0.0,0.0,0.0,0.0,0.0,48.391292223754064,-5.664152846832678,False,True,False,False,True,4.375066160773464,1,1.0505557906617446,0.8878306265935355,False,False,False,False,0.09291958893875778,0.11254454610790574,False,False,False,False,-930395,51225.3629206644,False,False,False,False,133048.72637836687,False,False,False,False
2023-02-06 00:00:00+00:00,13.4084407596,13.5819504171,12.752959831,12.7722386818,406734,,,,,,,,,,,,,,,,,,,,,,,,,,12.854529493520111,#000000,0.0,0.0,1.152329359694125,12.784284096571966,0.5416478004116028,0.0,0.0,0.0,0.0,0.0,0.0,0.0,0.0,51.4660417514804,-3.4791200129377415,False,True,False,False,True,7.255840260464897,1,1.045217254702438,0.8924812383724817,False,False,False,False,0.11955993107180622,0.11605223858985597,False,False,False,False,-523661,28680.79966887364,False,False,False,False,143781.4822066662,False,False,False,False
2023-02-07 00:00:00+00:00,13.53375329,13.7747389256,13.2927676545,13.2927676545,186849,,,,,,,,,,,,,,,,,,,,,,,,,,12.872825907259099,"rgba(38, 166, 154, 0.5)",0.0,0.0,1.151629207943062,12.804418623986777,0.6333068499677044,0.0,0.0,0.0,0.0,0.0,0.0,0.0,0.0,54.40887069112962,-0.6790916969201106,False,True,True,False,True,8.07880164769675,1,1.05345764844912,0.8874944622899288,False,False,False,False,0.1989694087397601,0.15751082366480804,False,False,False,False,-336812,14347.74870146683,False,False,False,False,145470.40447307145,False,False,False,False
2023-02-08 00:00:00+00:00,13.5241138646,13.6879840968,13.4662773121,13.53375329,126762,,,,,,,,,,,,,,,,,,,,,,,,,,12.885148746342876,"rgba(38, 166, 154, 0.5)",0.0,0.0,1.1519683363337327,12.817870765687541,0.6130750964563457,0.0,0.0,0.0,0.0,0.0,0.0,0.0,0.0,56.263837985347564,1.0634601782591062,False,True,True,False,True,7.999658289506204,1,1.058735296687122,0.8999471278251095,False,False,False,False,0.2094143038941046,0.1834625637794563,False,False,False,False,-463574,-4394.2806593750065,False,False,False,False,144736.74155255884,False,False,False,False
2023-02-09 00:00:00+00:00,13.418080185,13.5433927155,13.2445705274,13.5241138646,125945,,,,,,,,,,,,,,,,,,,,,,,,,,12.894203575849822,"rgba(38, 166, 154, 0.5)",0.0,0.0,1.1507877427873487,12.827832937836744,0.5129071376217526,0.0,0.0,0.0,0.0,0.0,0.0,0.0,0.0,56.29147306178112,1.1551810075209872,False,True,True,False,True,7.121550156415918,1,1.0549258990852233,0.9038072779314174,False,False,False,False,0.15531565038624628,0.1693891070828513,False,False,False,False,-589519,-27340.348084497557,False,False,False,False,143999.81051128203,False,False,False,False
2023-02-10 00:00:00+00:00,13.53375329,13.5433927155,13.2927676545,13.3409647816,184252,,,,,,,,,,,,,,,,,,,,,,,,,,12.908258071979787,"rgba(38, 166, 154, 0.5)",0.0,0.0,1.145154962063252,12.843168010344312,0.6030496330483031,0.0,0.0,0.0,0.0,0.0,0.0,0.0,0.0,57.29445094951443,2.261756178914524,False,False,True,False,True,7.911648768914134,1,1.051547046967132,0.9092533287225815,False,False,False,False,0.10783997098686145,0.13861453903485638,False,False,False,False,-405267,-42161.00110079177,False,False,False,False,145578.32774613373,False,False,False,False
2023-02-13 00:00:00+00:00,13.0710608699,13.6108686934,12.936108914,13.6108686934,132960,,,,,,,,,,,,,,,,,,,,,,,,,,12.913532184556017,"rgba(38, 166, 154, 0.5)",0.0,0.0,1.1325793965726187,12.849140904632458,0.19594208224086568,0.0,0.0,0.0,0.0,0.0,0.0,0.0,0.0,53.42833585475469,2.261756178914524,False,True,True,False,False,4.151190689647496,1,1.0252708095314866,0.9387683906689449,False,False,False,False,0.022327869572423446,0.08047120430363991,False,False,False,False,-538227,-61614.56968507445,False,False,False,False,145083.4913639324,False,False,False,False
2023-02-14 00:00:00+00:00,13.5530321409,13.5530321409,12.9071906377,12.936108914,90950,,,,,,,,,,,,,,,,,,,,,,,,,,12.918610650250063,"rgba(38, 166, 154, 0.5)",0.0,0.0,1.1226714590909947,12.854738608370127,0.6219927716834157,0.0,0.0,0.0,0.0,0.0,0.0,0.0,0.0,54.61875578571724,2.261756178914524,False,True,True,False,False,7.409652036943889,1,1.003614104778391,0.9743105525384084,False,False,False,False,0.006409982007074176,0.043440593155357046,False,False,False,False,-447277,-76738.58656016957,False,False,False,False,142960.60934966055,False,False,False,False
2023-02-15 00:00:00+00:00,13.30240708,13.5530321409,13.2156522512,13.5530321409,81906,,,,,,,,,,,,,,,,,,,,,,,,,,12.923286796960031,"rgba(38, 166, 154, 0.5)",0.0,0.0,1.1087307976977965,12.859875705000164,0.3991332935990615,0.0,0.0,0.0,0.0,0.0,0.0,0.0,0.0,53.39087018537758,2.261756178914524,False,True,True,False,False,5.446453646274897,1,0.9946804415508833,0.9820322839659046,False,False,False,False,0.06307747396816807,0.05325903356176256,False,False,False,False,-529183,-94481.50473428056,False,False,False,False,140566.3109437915,False,False,False,False
2023-02-16 00:00:00+00:00,13.4566378867,13.4566378867,13.057854857,13.2734888037,77614,,,,,,,,,,,,,,,,,,,,,,,,,,12.927293381954762,"rgba(38, 166, 154, 0.5)",0.0,0.0,1.0970351904045041,12.864297956858008,0.5399461521590574,0.0,0.0,0.0,0.0,0.0,0.0,0.0,0.0,53.671054036368716,2.261756178914524,False,True,True,False,False,6.47157997283151,1,1.0073317289746977,0.9745855816818926,False,False,False,False,0.01636661272769587,0.034812823144729214,False,False,False,False,-451569,-108484.93592117153,False,False,False,False,138097.59286756438,False,False,False,False
2023-02-17 00:00:00+00:00,13.5144744392,13.7265417984,13.2542099529,13.5241138646,102636,,,,,,,,,,,,,,,,,,,,,,,,,,12.934751506406101,"rgba(38, 166, 154, 0.5)",0.0,0.0,1.08897896728489,12.872355065043061,0.5896526870100267,0.0,0.0,0.0,0.0,0.0,0.0,0.0,0.0,54.26923645466031,2.261756178914524,False,True,True,False,False,6.855898718797782,1,1.0200755795270895,0.9333738003367512,False,False,False,False,0.09109380649683184,0.06295331482078052,False,False,False,False,-348933,-117914.2717674001,False,False,False,False,136706.9421668756,False,False,False,False
2023-02-21 00:00:00+00:00,13.3698830579,13.8884841455,13.1674551241,13.4855561629,123540,,,,,,,,,,,,,,,,,,,,,,,,,,12.943116278837524,"rgba(38, 166, 154, 0.5)",0.0,0.0,1.0734768818126363,12.911093615257897,0.42738642109125424,0.0,0.0,0.0,0.0,0.0,0.0,0.0,0.0,53.39164789143467,2.261756178914524,False,True,True,False,False,5.701341301228737,1,1.010620642663067,0.9436545415263741,False,False,False,False,0.10569518480282199,0.08432424981180126,False,False,False,False,-472473,-131818.5356196589,False,False,False,False,136190.5914936648,False,False,False,False
2023-02-22 00:00:00+00:00,12.6758444276,13.2542099529,12.3384645379,13.0903397207,198465,,,,,,,,,,,,,,,,,,,,,,,,,,12.938581442660098,#000000,0.0,0.0,1.0576469450656976,12.885375509924248,-0.1981106108250835,0.0,0.0,0.0,0.0,0.0,0.0,0.0,0.0,48.20859171812114,3.036004271678138,False,True,False,False,False,0.486399932175555,1,0.9775735280842829,0.9714243341692458,False,False,False,False,-0.17797935777643703,-0.04682755398231789,False,False,False,False,-670938,-152960.47539928014,False,False,False,False,138632.72516057992,False,False,False,False
2023-02-23 00:00:00+00:00,12.7722386818,12.8300752344,12.5505318972,12.6276473005,113572,,,,,,,,,,,,,,,,,,,,,,,,,,12.935556079002934,"rgba(239, 83, 80, 1.0)",0.0,0.0,1.034844549689193,12.87808039019745,-0.10227788166757941,0.0,0.0,0.0,0.0,0.0,0.0,0.0,0.0,45.565665058429346,0.5988347669116578,False,True,False,True,False,1.1626174202622046,1,0.9853188920211595,0.9860529474187688,False,False,False,False,-0.22041137781206263,-0.13361946589719026,False,False,False,False,-557366,-168819.51557970053,False,False,False,False,137649.9516248709,False,False,False,False
2023-02-24 00:00:00+00:00,12.7336809802,12.7722386818,12.569810748,12.5890895989,76320,,,,,,,,,,,,,,,,,,,,,,,,,,12.93333481314947,"rgba(239, 83, 80, 1.0)",0.0,0.0,1.0214831524647803,12.873820657826093,-0.13719235338139713,0.0,0.0,0.0,0.0,0.0,0.0,0.0,0.0,43.57598890937531,-1.221958392925366,False,True,False,True,False,0.881543260385488,1,0.9889445347349651,0.9716243058152841,False,False,False,False,-0.23994535215398718,-0.18678240902558874,False,False,False,False,-633686,-187049.5737922613,False,False,False,False,135244.85548271914,False,False,False,False
2023-02-27 00:00:00+00:00,12.9746666157,13.051782019,12.6083684497,12.6083684497,79590,,,,,,,,,,,,,,,,,,,,,,,,,,12.93281624296782,"rgba(239, 83, 80, 1.0)",0.0,0.0,0.9988042221588864,12.874589481431528,0.10019694755810975,0.0,0.0,0.0,0.0,0.0,0.0,0.0,0.0,44.35214270217438,-1.221958392925366,False,True,False,True,False,2.585883276206186,1,0.9874519761327359,0.975642071315136,False,False,False,False,-0.17479598520473405,-0.1807891971151614,False,False,False,False,-554096,-201443.551290604,False,False,False,False,133062.31213045566,False,False,False,False
2023-02-28 00:00:00+00:00,13.0132243173,13.051782019,12.5987290243,12.9168300631,132181,,,,,,,,,,,,,,,,,,,,,,,,,,12.93212471178033,"rgba(239, 83, 80, 1.0)",0.0,0.0,0.9735915638375894,12.875605090388877,0.14135211522239596,0.0,0.0,0.0,0.0,0.0,0.0,0.0,0.0,45.195011194274514,-1.221958392925366,False,True,False,True,False,2.8567275244617463,1,0.9952075322909202,0.9705078909872159,False,False,False,False,-0.17674613427323596,-0.17876766569419866,False,False,False,False,-421915,-210089.49045567837,False,False,False,False,133027.7508704378,False,False,False,False
2023-03-01 00:00:00+00:00,13.3120465054,13.3988013342,13.1385368478,13.1578156987,169943,,,,,,,,,,,,,,,,,,,,,,,,,,12.93893951321675,#000000,0.0,0.0,0.9390507978788852,12.891495028398671,0.44784741991728727,0.0,0.0,0.0,0.0,0.0,0.0,0.0,0.0,48.117913706033576,-1.221958392925366,False,True,False,False,True,4.929294146284537,1,1.0091790614628033,0.9555733425392284,False,False,False,False,-0.05249852740037599,-0.11563309654728733,False,False,False,False,-251972,-211731.94181035765,False,False,False,False,134475.40769904808,False,False,False,False
2023-03-02 00:00:00+00:00,13.2831282291,13.3701989895,13.0896376504,13.0896376504,184920,,,,,,,,,,,,,,,,,,,,,,,,,,12.945326577068764,#000000,0.0,0.0,0.912776598866337,12.90365847346013,0.4157312491481159,0.0,0.0,0.0,0.0,0.0,0.0,0.0,0.0,49.814762088330596,-5.481310743947631,False,True,False,False,True,4.703183082609225,1,1.008259766855258,0.980776411890662,False,False,False,False,-0.07013611302149203,-0.09288460478438967,False,False,False,False,-436892,-220561.74801387303,False,False,False,False,136453.62700496777,False,False,False,False
2023-03-03 00:00:00+00:00,13.3895480474,13.447595221,13.1863829398,13.2637791712,155171,,,,,,,,,,,,,,,,,,,,,,,,,,12.952081555097053,#000000,0.0,0.0,0.884417192679055,12.914960025645447,0.5366110311774267,0.0,0.0,0.0,0.0,0.0,0.0,0.0,0.0,51.782271568495545,-3.558897155222745,False,True,False,False,True,5.442084380130979,1,0.9867275940933383,0.981793310600941,False,False,False,False,-0.03054983732874493,-0.0617172210565673,False,False,False,False,-281721,-222960.1500525447,False,False,False,False,137187.64163222394,False,False,False,False
2023-03-06 00:00:00+00:00,13.1089867083,13.4814560723,13.0702885925,13.447595221,143230,,,,,,,,,,,,,,,,,,,,,,,,,,12.956239973835444,#000000,0.0,0.0,0.8424578305287049,12.921170085843121,0.22293890050141713,0.0,0.0,0.0,0.0,0.0,0.0,0.0,0.0,50.594723018289876,-3.558897155222745,False,True,False,False,True,3.229991842133291,1,0.9752306804551605,0.9921693413062224,False,False,False,False,-0.04922386041946439,-0.05547054073801584,False,False,False,False,-424951,-230881.3598544057,False,False,False,False,137424.5968623328,False,False,False,False
2023-03-07 00:00:00+00:00,12.8671234849,12.9735433032,12.6639583772,12.9735433032,99786,,,,,,,,,,,,,,,,,,,,,,,,,,12.954942816557223,#000000,0.0,0.0,0.8088776275186622,12.918681267500483,-0.063739904339601,0.0,0.0,0.0,0.0,0.0,0.0,0.0,0.0,47.984094079301066,-3.558897155222745,False,True,False,False,False,1.3823037351188319,1,0.9654444741317041,1.0057708788397282,False,False,False,False,-0.26231483085987317,-0.1588926857989445,False,False,False,False,-524737,-242405.11044835055,False,False,False,False,135948.5734559668,False,False,False,False
2023-03-08 00:00:00+00:00,12.7703781955,12.9445197164,12.7220055508,12.8671234849,85729,,,,,,,,,,,,,,,,,,,,,,,,,,12.953644937209017,"rgba(239, 83, 80, 1.0)",0.0,0.0,0.7638227816977144,12.916415133802582,-0.1911921741558861,0.0,0.0,0.0,0.0,0.0,0.0,0.0,0.0,45.5675797647055,1.0393890158040904,False,True,False,True,False,0.6529883388733424,1,0.9555929036830357,1.0057870700927798,False,False,False,False,-0.2552839923297155,-0.20708833906433,False,False,False,False,-610466,-256838.87082292506,False,False,False,False,133979.1784184779,False,False,False,False
2023-03-09 00:00:00+00:00,12.692981964,12.9251706585,12.6639583772,12.7703781955,71747,,,,,,,,,,,,,,,,,,,,,,,,,,12.952186813154142,"rgba(239, 83, 80, 1.0)",0.0,0.0,0.7258649379326415,12.914053715075351,-0.30456320387232483,0.0,0.0,0.0,0.0,0.0,0.0,0.0,0.0,43.412534025674454,-1.024454122751628,False,True,False,True,False,0.06787411297461787,1,0.9583855579954061,1.011677125343847,False,False,False,False,-0.2740898608883873,-0.24058909997635866,False,False,False,False,-682213,-273520.20922202605,False,False,False,False,131538.70083343957,False,False,False,False
2023-03-10 00:00:00+00:00,12.5575385589,13.1670338819,12.503070961,12.7897272534,113710,,,,,,,,,,,,,,,,,,,,,,,,,,12.949705591714977,"rgba(239, 83, 80, 1.0)",0.0,0.0,0.6804233311647928,12.910249430726427,-0.5183697496419393,0.0,0.0,0.0,0.0,0.0,0.0,0.0,0.0,41.0425141790481,-3.288165283261641,False,True,False,True,False,0.0,1,0.9330662611221967,1.02399862153262,False,False,False,False,-0.25441857755300307,-0.24750383876468085,False,False,False,False,-795923,-294006.5931741035,False,False,False,False,130839.5360948733,False,False,False,False
2023-03-13 00:00:00+00:00,12.9348451874,13.1621966174,12.7800527244,12.7800527244,552722,,,,,,,,,,,,,,,,,,,,,,,,,,12.950212932784476,"rgba(239, 83, 80, 1.0)",0.0,0.0,0.6254927645010077,12.911283180778312,0.03766951107817365,0.0,0.0,0.0,0.0,0.0,0.0,0.0,0.0,43.2830522698269,-3.288165283261641,False,True,False,True,False,1.8768516239350106,1,0.949843757641243,1.0130347116694045,False,False,False,False,-0.1896076355833309,-0.2185557371740059,False,False,False,False,-243201,-292014.21697119746,False,False,False,False,147383.94644409395,False,False,False,False
2023-03-14 00:00:00+00:00,12.9058216006,13.0122414189,12.7800527244,13.0122414189,421762,,,,,,,,,,,,,,,,,,,,,,,,,,12.948186560366608,"rgba(239, 83, 80, 0.75)",0.0,0.0,0.5898481704603387,12.909167340809754,-0.00567220579347254,0.0,0.0,0.0,0.0,0.0,0.0,0.0,0.0,44.53796753908364,-3.288165283261641,False,True,False,True,True,1.6525476198678781,1,0.9350813969310171,1.0351966995807307,False,False,False,False,-0.17555430459412508,-0.19705502088406548,False,False,False,False,-664963,-306639.65944291523,False,False,False,False,158143.870112953,False,False,False,False
2023-03-15 00:00:00+00:00,12.1028356989,12.7220055508,11.9673922938,12.7220055508,542580,,,,,,,,,,,,,,,,,,,,,,,,,,12.914820083350099,"rgba(239, 83, 80, 1.0)",0.0,0.0,0.5556236854576442,12.868257038507531,-1.377589472229006,0.0,0.0,0.0,0.0,0.0,0.0,0.0,0.0,40.459916517867455,-3.5618815372618045,False,True,False,True,False,0.0,1,0.9251447373180507,1.0059255108172098,False,False,False,False,-0.34282825441539394,-0.2699416376497297,False,False,False,False,-1207543,-341969.20220985974,False,False,False,False,173219.79677519016,False,False,False,False
2023-03-16 00:00:00+00:00,12.3543734513,12.3833970381,11.9867413517,11.9867413517,358828,,,,,,,,,,,,,,,,,,,,,,,,,,12.893780386970525,"rgba(239, 83, 80, 1.0)",0.0,0.0,0.515849996849289,12.843949349959212,-0.9490663984674718,0.0,0.0,0.0,0.0,0.0,0.0,0.0,0.0,39.940455380627455,-4.07215256606387,False,True,False,True,False,0.0,1,0.918628622665647,1.0328301829048567,False,False,False,False,-0.34282825441539394,-0.30638494603256183,False,False,False,False,-848715,-361841.58643692406,False,False,False,False,180498.54984282976,False,False,False,False
2023-03-17 00:00:00+00:00,12.0060904096,12.8187508402,11.9577177649,12.5672130879,2666091,,,,,,,,,,,,,,,,,,,,,,,,,,12.77452121739259,"rgba(239, 83, 80, 1.0)",0.0,0.0,0.48240882044306765,12.698275696788164,-1.4348520546378625,0.0,0.0,0.0,0.0,0.0,0.0,0.0,0.0,37.918091977458054,-6.085920111812499,False,True,False,True,False,0.0,1,0.9189263043016047,1.0046979028687182,True,False,False,False,-0.2443724019726547,-0.2753786740026083,False,False,False,False,-3514806,-485487.2497139074,False,False,False,False,277972.7635744835,True,False,False,False
2023-03-20 00:00:00+00:00,12.5962366747,12.7800527244,12.2963262776,12.393071567,273394,,,,,,,,,,,,,,,,,,,,,,,,,,12.770408152722808,"rgba(239, 83, 80, 1.0)",0.0,0.0,0.4523304760551239,12.696599849997584,-0.2218801973567514,0.0,0.0,0.0,0.0,0.0,0.0,0.0,0.0,40.84918542030648,-6.085920111812499,False,True,False,True,False,0.0,0,0.9290437690046127,0.9944956157236896,False,False,False,False,-0.1746682762089086,-0.22502347510575843,False,False,False,False,-3241412,-593562.7301172836,False,False,False,False,277793.2042186214,False,False,False,False
2023-03-21 00:00:00+00:00,12.0834866411,12.6155857325,11.9964158806,12.6155857325,284933,,,,,,,,,,,,,,,,,,,,,,,,,,12.759974237403796,"rgba(239, 83, 80, 1.0)",0.0,0.0,0.4561328574945241,12.686527912889012,-1.322073737685629,0.0,0.0,0.0,0.0,0.0,0.0,0.0,0.0,40.366326038133536,-6.085920111812499,False,True,False,True,False,0.0,0,0.9199575124028407,1.0019310887172277,False,False,False,False,-0.283567014358056,-0.25429524473190723,False,False,False,False,-3526345,-708573.799524449,False,False,False,False,278073.19621004805,False,False,False,False
2023-03-22 00:00:00+00:00,12.3446989223,12.5188404432,11.9673922938,12.0060904096,155142,,,,,,,,,,,,,,,,,,,,,,,,,,12.754932594393876,"rgba(239, 83, 80, 0.75)",0.0,0.0,0.46358281505169935,12.681857346582527,-0.7272884441260565,0.0,0.0,0.0,0.0,0.0,0.0,0.0,0.0,41.6731792756093,-6.085920111812499,False,True,False,True,True,0.0,0,0.9112000846720578,1.000766691632962,False,False,False,False,-0.31411667140662114,-0.2842059580692642,False,False,False,False,-3371203,-812990.6309156471,False,False,False,False,273252.3649861246,False,False,False,False
2023-03-23 00:00:00+00:00,12.847774427,12.9735433032,12.3253498645,12.3253498645,157110,,,,,,,,,,,,,,,,,,,,,,,,,,12.754520710280111,"rgba(239, 83, 80, 0.75)",0.0,0.0,0.46422217548485245,12.683111203854647,0.3547077926067858,0.0,0.0,0.0,0.0,0.0,0.0,0.0,0.0,45.253905975671685,-10.708360663749488,False,True,False,True,True,1.3275510577803473,0,0.9304878761887747,0.9857935943392224,False,False,False,False,-0.12405278347558524,-0.2041293707724247,False,False,False,False,-3214093,-907151.5081346415,False,False,False,False,268697.7624376492,False,False,False,False
2023-03-24 00:00:00+00:00,13.0315904768,13.0606140636,12.7220055508,12.7220055508,88446,,,,,,,,,,,,,,,,,,,,,,,,,,12.7555952257559,#000000,0.0,0.0,0.457581702633141,12.685433221801564,0.7564927815218228,0.0,0.0,0.0,0.0,0.0,0.0,0.0,0.0,48.519658157764844,-7.590900741037437,False,False,False,False,True,2.489745992027771,0,0.930629667083613,0.9875380831192014,False,False,False,False,-0.00418392473359903,-0.10415664775301187,False,False,False,False,-3125647,-994151.3313450477,False,False,False,False,261629.06587146688,False,False,False,False
2023-03-27 00:00:00+00:00,13.3701989895,13.3895480474,12.8671234849,13.0702885925,159242,,,,,,,,,,,,,,,,,,,,,,,,,,12.760323803924193,"rgba(38, 166, 154, 1.0)",0.0,0.0,0.4513383165720651,12.693034288874488,1.500348354574921,0.0,0.0,0.0,0.0,0.0,0.0,0.0,0.0,52.20882504336174,-4.142407417732656,True,False,True,False,True,4.577940555726624,1,0.9396056530881577,0.9729974545334116,False,False,False,False,0.1177600065874961,0.006801679417242114,False,False,False,False,-2966405,-1071494.6124687714,False,False,False,False,257613.88681768387,False,False,False,False
2023-03-28 00:00:00+00:00,13.91197261,14.0377414861,13.2154065266,13.4185716342,158438,,,,,,,,,,,,,,,,,,,,,,,,,,12.77019796963179,"rgba(38, 166, 154, 1.0)",0.0,0.0,0.4595154226695161,12.706910897542256,2.6224619523258625,0.0,0.0,0.0,0.0,0.0,0.0,0.0,0.0,56.69998852034472,-0.016218858170709893,True,False,True,False,True,7.740363534908273,0,0.9778010201977118,0.9410550563498138,False,False,False,False,0.34282820303453515,0.17481494122588864,False,False,False,False,-2807967,-1139591.5688425452,False,False,False,False,253724.6363542453,False,False,False,False
2023-03-29 00:00:00+00:00,14.3763499989,14.4537462304,13.8355438314,13.9313216678,218466,,,,,,,,,,,,,,,,,,,,,,,,,,12.790469781450271,"rgba(38, 166, 154, 1.0)",0.0,0.0,0.4768153990666589,12.733940238131689,3.4445400966144177,0.0,0.0,0.0,0.0,0.0,0.0,0.0,0.0,61.11827619540004,3.9669846896019294,True,False,True,False,True,10.282281715204604,0,1.0060892166710447,0.9161887625734665,False,False,False,False,0.34282821661856283,0.25882157892222574,False,False,False,False,-2589501,-1196450.7622212688,False,False,False,False,252341.9447325102,False,False,False,False
2023-03-30 00:00:00+00:00,14.5021188751,14.6085386933,14.1925339491,14.4343971725,149797,,,,,,,,,,,,,,,,,,,,,,,,,,12.806061153940112,"rgba(38, 166, 154, 1.0)",0.0,0.0,0.4971439845871876,12.754255750269305,3.5158086570876748,0.0,0.0,0.0,0.0,0.0,0.0,0.0,0.0,64.42197939585718,6.891884521235724,True,False,True,False,True,10.951232043318743,0,1.0167310691811569,0.9091157083157888,False,False,False,False,0.3428282209841792,0.3008248999532025,False,False,False,False,-2439704,-1245205.7911537683,False,False,False,False,248320.57435084312,False,False,False,False
2023-03-31 00:00:00+00:00,14.4634207593,14.656911338,14.1635103623,14.6182132223,163312,,,,,,,,,,,,,,,,,,,,,,,,,,12.82265968300592,"rgba(38, 166, 154, 1.0)",0.0,0.0,0.5104174332003135,12.775627905975314,3.3066912365085903,0.0,0.0,0.0,0.0,0.0,0.0,0.0,0.0,66.34127862547552,8.597353555442481,True,False,True,False,True,10.673192741314235,0,1.016241440740901,0.9168511949051297,False,False,False,False,0.3428282211295323,0.3218265605413674,False,False,False,False,-2603016,-1298453.2503242088,False,False,False,False,244986.9047684571,False,False,False,False
2023-04-03 00:00:00+00:00,14.956821735,15.0148689087,14.3279773542,14.3473264121,318305,,,,,,,,,,,,,,,,,,,,,,,,,,12.860676005548855,"rgba(38, 166, 154, 1.0)",0.0,0.0,0.5446133840063913,12.823444398862463,3.9172326622668914,0.0,0.0,0.0,0.0,0.0,0.0,0.0,0.0,69.04863728782142,11.14571483439132,True,False,True,False,True,13.271117716188826,0,1.026987819460008,0.9105550341240269,False,False,False,False,0.3428282246264903,0.33232739258392885,False,False,False,False,-2284711,-1337130.0248212987,False,False,False,False,247862.12418930192,False,False,False,False
2023-04-04 00:00:00+00:00,14.9955198508,15.0438924955,14.4730952882,14.9181236193,211245,,,,,,,,,,,,,,,,,,,,,,,,,,12.886004426846563,"rgba(38, 166, 154, 1.0)",0.0,0.0,0.5749540733910692,12.854749802993442,3.7233757388313333,0.0,0.0,0.0,0.0,0.0,0.0,0.0,0.0,70.95774195600673,13.004838221019611,True,False,True,False,True,13.469995054370159,0,1.0285008382752352,0.9015361138110236,False,False,False,False,0.3428282256343854,0.33757780910915713,False,False,False,False,-2073466,-1366005.9454165418,False,False,False,False,246426.1585348195,False,False,False,False
2023-04-05 00:00:00+00:00,15.0438924955,15.2905929833,14.8020292721,14.9858453219,397798,,,,,,,,,,,,,,,,,,,,,,,,,,12.936880655961014,"rgba(38, 166, 154, 1.0)",0.0,0.0,0.6021814894730595,12.916496148382185,3.532815910664073,0.0,0.0,0.0,0.0,0.0,0.0,0.0,0.0,72.36965549300457,14.485297065936024,True,False,True,False,True,13.72181303073441,0,1.0496691869637196,0.8795581832033653,False,False,False,False,0.34282822852951633,0.34020301881933673,False,False,False,False,-1675668,-1378149.5554002067,False,False,False,False,252362.30918051285,False,False,False,False
2023-04-06 00:00:00+00:00,15.2470576031,15.3728264793,14.9955198508,14.9955198508,232277,,,,,,,,,,,,,,,,,,,,,,,,,,12.967660278444864,"rgba(38, 166, 154, 1.0)",0.0,0.0,0.6432313511265506,12.953259247873785,3.5660549679502935,0.0,0.0,0.0,0.0,0.0,0.0,0.0,0.0,73.89836239829926,16.153222593707056,True,False,True,False,True,14.778089303973193,0,1.0703748765046022,0.8660036038824581,False,False,False,False,0.3428282297194317,0.3415156242693842,False,False,False,False,-1443391,-1380708.043423728,False,False,False,False,251574.64999696333,False,False,False,False
2023-04-10 00:00:00+00:00,15.3341283635,15.3341283635,15.0922651401,15.2567321321,157502,,,,,,,,,,,,,,,,,,,,,,,,,,12.988501386651517,"rgba(38, 166, 154, 1.0)",0.0,0.0,0.6845085293027156,12.977933362224846,3.4421704046191004,0.0,0.0,0.0,0.0,0.0,0.0,0.0,0.0,75.16642188591707,17.62743282864841,True,False,True,False,True,15.228658770017354,0,1.072436315741209,0.8689825672995956,False,False,False,False,0.34282822995613416,0.3421719271127592,False,False,False,False,-1285889,-1376989.649563974,False,False,False,False,247885.52646767066,False,False,False,False
2023-04-11 00:00:00+00:00,15.3534774214,15.7985057525,15.2470576031,15.3921755372,233051,,,,,,,,,,,,,,,,,,,,,,,,,,13.021484599286246,"rgba(38, 166, 154, 1.0)",0.0,0.0,0.7227391012879573,13.01668080052924,3.233250583379909,0.0,0.0,0.0,0.0,0.0,0.0,0.0,0.0,76.07020784884925,18.80847989856838,True,False,True,False,True,15.329892551086818,0,1.076307577356084,0.8534064220011405,False,False,False,False,0.34282823222481906,0.34250007966878915,False,False,False,False,-1052838,-1364277.8201693085,False,False,False,False,247303.78033168358,False,False,False,False
2023-04-12 00:00:00+00:00,15.5082698844,15.6630623474,15.3147793057,15.566317058,173292,,,,,,,,,,,,,,,,,,,,,,,,,,13.04573106455084,"rgba(38, 166, 154, 1.0)",0.0,0.0,0.7639726610477016,13.044937554650522,3.2243723569522746,0.0,0.0,0.0,0.0,0.0,0.0,0.0,0.0,77.14973625813013,20.192304707769637,True,False,True,False,True,16.14364023449321,0,1.0767780080235636,0.8823500378025677,False,False,False,False,0.3353327597435269,0.33891641970615805,False,False,False,False,-879546,-1345268.7291822769,False,False,False,False,244401.35757357834,False,False,False,False
2023-04-13 00:00:00+00:00,16.2822321993,16.4853973069,15.866227455,16.2241850257,589320,,,,,,,,,,,,,,,,,,,,,,,,,,13.147837238928862,"rgba(38, 166, 154, 1.0)",0.0,0.0,0.8337488548908263,13.162646982338538,3.741636583560827,0.0,0.0,0.0,0.0,0.0,0.0,0.0,0.0,79.6793195038884,22.91566828161386,True,False,True,False,True,19.972394461888285,0,1.0765030487045906,0.8403957180371131,False,False,False,False,0.3428282358560039,0.340872327781081,False,False,False,False,-290226,-1303894.504508462,False,False,False,False,257927.57884520272,False,False,False,False
2023-04-14 00:00:00+00:00,16.4080010754,16.5714038692,16.1951614389,16.4660482491,372657,,,,,,,,,,,,,,,,,,,,,,,,,,13.21267528297715,"rgba(38, 166, 154, 1.0)",0.0,0.0,0.9018295080512021,13.236300729134538,3.5169622616577634,0.0,0.0,0.0,0.0,0.0,0.0,0.0,0.0,81.59363957417692,24.992910552279,True,False,True,False,True,20.0,0,1.0896071691017697,0.8362255131861058,False,False,False,False,0.3428282367731849,0.341850282277133,False,False,False,False,82431,-1249528.7984493065,False,False,False,False,262426.77183166536,False,False,False,False
2023-04-17 00:00:00+00:00,15.7694821657,16.5724680674,15.6824114052,16.5724680674,204070,,,,,,,,,,,,,,,,,,,,,,,,,,13.242943309206956,"rgba(38, 166, 154, 0.75)",0.0,0.0,0.9380892749905996,13.41309791471387,2.5118976560197246,0.0,0.0,0.0,0.0,0.0,0.0,0.0,0.0,77.17103911859235,24.992910552279,True,False,True,False,False,15.553396839014273,0,1.06572326965328,0.8403856753599037,False,False,False,False,0.2983249763401596,0.3200876293086463,False,False,False,False,-121639,-1205297.8259610983,False,False,False,False,260138.27097552162,False,False,False,False
2023-04-18 00:00:00+00:00,16.1564633231,16.2919067282,15.6437132895,15.9436236865,181547,,,,,,,,,,,,,,,,,,,,,,,,,,13.269540371015644,"rgba(38, 166, 154, 0.75)",0.0,0.0,0.9855345670179554,13.442061003264167,2.7542436467237366,0.0,0.0,0.0,0.0,0.0,0.0,0.0,0.0,75.46553163402515,24.992910552279,True,False,True,False,False,17.41894399636832,0,1.068185569863314,0.8467988318161017,False,False,False,False,0.2711382314647527,0.2956129303866995,False,False,False,False,59908,-1155681.9112175258,False,False,False,False,257056.26034903058,False,False,False,False
2023-04-19 00:00:00+00:00,15.7501331078,16.2435340835,15.6050151738,16.2435340835,123754,,,,,,,,,,,,,,,,,,,,,,,,,,13.286318909957679,"rgba(38, 166, 154, 0.75)",0.0,0.0,1.01853535685328,13.458031643011168,2.2503896888471093,0.0,0.0,0.0,0.0,0.0,0.0,0.0,0.0,71.45373593073712,28.28683115420374,True,False,True,False,False,14.412583507584273,0,1.0679331064928086,0.8621193171002546,False,False,False,False,0.2637926150994899,0.27970277274309474,False,False,False,False,-63846,-1112864.8166599758,False,False,False,False,251828.72072749998,False,False,False,False
2023-04-20 00:00:00+00:00,15.8178548103,16.166137852,15.6243642316,15.7985057525,139503,,,,,,,,,,,,,,,,,,,,,,,,,,13.304997917701701,"rgba(38, 166, 154, 0.75)",0.0,0.0,1.0512597245084983,13.476600925974202,2.2270936760374975,0.0,0.0,0.0,0.0,0.0,0.0,0.0,0.0,69.04095310377315,25.991903116777337,True,False,True,False,False,14.745924828276891,0,1.0473927633356377,0.8730226955232615,False,False,False,False,0.2589109959763972,0.269306884359746,False,False,False,False,75657,-1066256.1179674277,False,False,False,False,247423.79050289217,False,False,False,False
2023-04-21 00:00:00+00:00,15.7598076367,15.8178548103,15.4889208265,15.8178548103,163535,,,,,,,,,,,,,,,,,,,,,,,,,,13.32503569436556,"rgba(38, 166, 154, 0.75)",0.0,0.0,1.0807721183425438,13.49496875808945,2.095574858170724,0.0,0.0,0.0,0.0,0.0,0.0,0.0,0.0,67.00767486439116,24.016826389717053,True,False,True,False,False,14.316127474375755,0,1.0351465280212422,0.8837523123742842,False,False,False,False,0.21867353388577135,0.24399020912275865,False,False,False,False,-87878,-1027888.3486353717,False,False,False,False,244134.03401258268,False,False,False,False
2023-04-24 00:00:00+00:00,16.0984161495,16.2628831414,15.5566425291,15.6146897027,184815,,,,,,,,,,,,,,,,,,,,,,,,,,13.349949663891868,"rgba(38, 166, 154, 0.75)",0.0,0.0,1.1183601078989678,13.521824256070142,2.3039018248517737,0.0,0.0,0.0,0.0,0.0,0.0,0.0,0.0,67.04740405582741,23.905585410515116,True,False,True,False,False,15.998050364111222,0,1.0457070163479227,0.862936893573638,False,False,False,False,0.26135028303943897,0.2526702460810988,False,False,False,False,96937,-983777.5506496709,False,False,False,False,241807.79738463825,False,False,False,False
2023-04-25 00:00:00+00:00,16.1951614389,16.3064185216,15.9242746286,16.1467887942,235488,,,,,,,,,,,,,,,,,,,,,,,,,,13.383029221481447,"rgba(38, 166, 154, 0.75)",0.0,0.0,1.1565808064041372,13.558703197186125,2.2795279215386137,0.0,0.0,0.0,0.0,0.0,0.0,0.0,0.0,67.44953344332157,23.905585410515116,True,False,True,False,False,16.47099447149898,0,1.0576778302936678,0.8619626100119543,False,False,False,False,0.29625077961172924,0.27446051284641404,False,False,False,False,332425,-932161.7643496838,False,False,False,False,241559.96219308383,False,False,False,False
2023-04-26 00:00:00+00:00,15.5953406448,16.308546918,15.4889208265,16.2435340835,300249,,,,,,,,,,,,,,,,,,,,,,,,,,13.418961579389917,"rgba(38, 166, 154, 0.75)",0.0,0.0,1.1767157894450926,13.594401626009605,1.700443757735234,0.0,0.0,0.0,0.0,0.0,0.0,0.0,0.0,63.4063848788158,19.974599156889525,True,False,True,False,False,12.056216580688119,0,1.0543713376498318,0.8652042994043393,False,False,False,False,0.2594961490292756,0.26697833093784484,False,False,False,False,32176,-894344.5971202843,False,False,False,False,243861.4930874727,False,False,False,False
2023-04-27 00:00:00+00:00,16.0693925627,16.5144208937,15.9629727444,15.9629727444,715019,,,,,,,,,,,,,,,,,,,,,,,,,,13.51353843849008,"rgba(38, 166, 154, 0.75)",0.0,0.0,1.207338171628246,13.696268456024061,1.965583597407083,0.0,0.0,0.0,0.0,0.0,0.0,0.0,0.0,62.81742656060302,19.23273389566573,True,False,True,False,False,14.414377028436618,0,1.0589006545414381,0.8428546077171334,False,False,False,False,0.3175276317173789,0.2922529813276119,False,False,False,False,747195,-829970.49527243,False,False,False,False,262338.2580644346,False,False,False,False
2023-04-28 00:00:00+00:00,15.6920859342,16.2967439927,15.6727368763,16.0597180337,336017,,,,,,,,,,,,,,,,,,,,,,,,,,13.551112444440125,"rgba(38, 166, 154, 0.5)",0.0,0.0,1.2281166552938783,13.73374257108481,1.5945906723710828,0.0,0.0,0.0,0.0,0.0,0.0,0.0,0.0,60.16085490154828,16.513154849578385,False,False,True,False,False,11.774078883708974,0,1.036005616162869,0.8526258195555158,False,False,False,False,0.27400255106393057,0.28312776619577124,False,False,False,False,411178,-781298.0052617466,False,False,False,False,265227.6204932803,False,False,False,False
2023-05-01 00:00:00+00:00,15.6920859342,16.1467887942,15.6920859342,15.9629727444,390218,,,,,,,,,,,,,,,,,,,,,,,,,,13.592495519641677,"rgba(38, 166, 154, 0.5)",0.0,0.0,1.2478408070504108,13.774619349259865,1.5366275682813697,0.0,0.0,0.0,0.0,0.0,0.0,0.0,0.0,58.38980712884512,14.669486485049248,False,False,True,False,False,11.774078883708974,1,1.0425057545450434,0.8549196307698395,False,False,False,False,0.26297816393233947,0.27305296506405535,False,False,False,False,411178,-734534.2403495213,False,False,False,False,270129.2040033477,False,False,False,False
2023-05-02 00:00:00+00:00,16.2532086125,16.2532086125,15.5179444133,15.7307840499,397859,,,,,,,,,,,,,,,,,,,,,,,,,,13.6361507881407,"rgba(38, 166, 154, 0.5)",0.0,0.0,1.2794557391343189,13.818898401776385,1.9026138507696027,0.0,0.0,0.0,0.0,0.0,0.0,0.0,0.0,59.69954421220327,14.669486485049248,False,False,True,False,False,14.538692151216981,1,1.0284767115109736,0.8623309058787537,False,False,False,False,0.25728647915380887,0.2651697221089321,False,False,False,False,809037,-674002.0348456185,False,False,False,False,275138.21561105957,False,False,False,False
2023-05-03 00:00:00+00:00,16.4176756044,16.7659586461,16.2435340835,16.2532086125,438027,,,,,,,,,,,,,,,,,,,,,,,,,,13.691546427345314,"rgba(38, 166, 154, 0.5)",0.0,0.0,1.3113775608096094,14.021865436753345,1.8269415607260702,0.0,0.0,0.0,0.0,0.0,0.0,0.0,0.0,61.20885130412081,14.669486485049248,False,False,True,False,False,15.319184808103014,1,1.0587648264963128,0.8483291570227033,False,False,False,False,0.34282823726926076,0.3039989796890964,False,False,False,False,1247064,-598666.1119104963,False,False,False,False,281526.01107729255,False,False,False,False
2023-05-04 00:00:00+00:00,16.4273501333,16.7267768039,16.330604844,16.4660482491,302233,,,,,,,,,,,,,,,,,,,,,,,,,,13.728780140885332,"rgba(38, 166, 154, 1.0)",0.0,0.0,1.3397448247494257,14.059663097955603,1.7672671628250012,0.0,0.0,0.0,0.0,0.0,0.0,0.0,0.0,62.25400618798487,14.669486485049248,True,False,True,False,True,15.365392539862512,1,1.0993026159098762,0.826496662822562,False,False,False,False,0.34282823736377976,0.3234136085264381,False,False,False,False,1549297,-514432.26438459445,False,False,False,False,282338.0498585752,False,False,False,False
2023-05-05 00:00:00+00:00,16.6595388278,16.7562841171,15.9436236865,16.4176756044,220745,,,,,,,,,,,,,,,,,,,,,,,,,,13.754954679366305,"rgba(38, 166, 154, 1.0)",0.0,0.0,1.372320127465667,14.085289142514545,1.8758375934042815,0.0,0.0,0.0,0.0,0.0,0.0,0.0,0.0,63.894333478928225,14.669486485049248,True,False,True,False,True,16.47509309442011,1,1.0750697821675808,0.8130737973608478,False,False,False,False,0.31264502303808417,0.3180293157822611,False,False,False,False,1770042,-424845.03833029664,False,True,False,False,279922.63613863115,False,False,False,False
2023-05-08 00:00:00+00:00,16.4660482491,16.6982369435,16.3015812571,16.6595388278,156607,,,,,,,,,,,,,,,,,,,,,,,,,,13.773461379578924,"rgba(38, 166, 154, 1.0)",0.0,0.0,1.4001243729885515,14.103714497546258,1.6872313611049892,0.0,0.0,0.0,0.0,0.0,0.0,0.0,0.0,63.468910070468915,14.669486485049248,True,False,True,False,True,15.050191872673714,1,1.0870293881905158,0.8144213137010372,False,False,False,False,0.33792838529090896,0.32797885053658504,False,False,False,False,1613435,-344912.48780753993,False,False,False,False,275086.728839077,False,False,False,False
2023-05-09 00:00:00+00:00,16.4273501333,16.548281745,16.2241850257,16.320930315,191353,,,,,,,,,,,,,,,,,,,,,,,,,,13.795009204009588,"rgba(38, 166, 154, 1.0)",0.0,0.0,1.4250372329948404,14.124207117699427,1.616198483993513,0.0,0.0,0.0,0.0,0.0,0.0,0.0,0.0,62.878369810942566,14.669486485049248,True,False,True,False,True,14.764832563800248,1,1.083116506210777,0.8295197086303839,False,False,False,False,0.31872545216948206,0.3233521513530335,False,False,False,False,1422082,-275618.5863248913,False,False,False,False,271803.0531983289,False,False,False,False
2023-05-10 00:00:00+00:00,15.7017604631,16.2967439927,14.9955198508,16.2532086125,596154,,,,,,,,,,,,,,,,,,,,,,,,,,13.84160599074372,"rgba(38, 166, 154, 0.5)",0.0,0.0,1.431942653732829,14.152114364334485,1.0821984349204574,0.0,0.0,0.0,0.0,0.0,0.0,0.0,0.0,57.6988865102457,13.05091844565262,False,False,True,False,False,9.633558631965844,1,1.031934709646205,0.8398131862042237,False,False,False,False,0.19846312095440743,0.2609076361537205,False,False,False,False,825928,-232420.68097881714,False,False,False,False,284522.6981709434,False,False,False,False
2023-05-11 00:00:00+00:00,14.5891896355,15.5179444133,14.511793404,15.4792462976,463215,,,,,,,,,,,,,,,,,,,,,,,,,,13.861198989942984,#000000,0.0,0.0,1.4264578148201046,14.150959052133265,0.30721594344660097,0.0,0.0,0.0,0.0,0.0,0.0,0.0,0.0,49.79805344344518,5.73369992961122,False,True,False,False,False,2.6854123772331278,1,0.9934228608260657,0.8753675329852869,False,False,False,False,0.1003145271804607,0.18061108166709058,False,False,False,False,362713,-209082.10525415765,False,False,False,False,291530.2394191417,False,False,False,False
2023-05-12 00:00:00+00:00,14.5504915197,14.956821735,14.5021188751,14.511793404,188153,,,,,,,,,,,,,,,,,,,,,,,,,,13.867390787303307,"rgba(239, 83, 80, 1.0)",0.0,0.0,1.4197509638172015,14.149250069709373,0.28261396555902474,0.0,0.0,0.0,0.0,0.0,0.0,0.0,0.0,44.409924495340306,1.0349905405931992,False,True,False,True,False,2.4597088814619354,0,0.9948179426231858,0.8945200579052962,False,False,False,False,0.0566745468707007,0.11864281426889564,False,False,False,False,174560,-194037.31681281814,False,False,False,False,287476.2300301558,False,False,False,False
2023-05-15 00:00:00+00:00,14.5698405776,14.7439820985,14.5118901493,14.666585867,123357,,,,,,,,,,,,,,,,,,,,,,,,,,13.871093144399289,"rgba(239, 83, 80, 1.0)",0.0,0.0,1.4123591649224128,14.1480076091656,0.2986725890347973,0.0,0.0,0.0,0.0,0.0,0.0,0.0,0.0,40.94689737715687,-1.8447170140772116,False,True,False,True,False,2.5670778411290662,0,0.9918041016284993,0.9044536960164143,False,False,False,False,0.041209449395493924,0.07992613183219478,False,False,False,False,297917,-174744.99066329587,False,False,False,False,281040.1817936791,False,False,False,False
2023-05-16 00:00:00+00:00,14.3183028253,14.656911338,14.1344867755,14.656911338,257619,,,,,,,,,,,,,,,,,,,,,,,,,,13.876242989866522,"rgba(239, 83, 80, 1.0)",0.0,0.0,1.4035179252031025,14.142280680720244,0.12541496009342648,0.0,0.0,0.0,0.0,0.0,0.0,0.0,0.0,37.764995727963026,-4.5566100958643645,False,True,False,True,False,1.0734249082370972,0,0.9828309296635966,0.9089872582169682,False,False,False,False,0.005898495993460855,0.04291231391282782,False,False,False,False,40298,-166311.93220591173,False,False,False,False,280121.7040762799,False,False,False,False
2023-05-17 00:00:00+00:00,14.3376518831,14.3956990568,14.1441613044,14.3956990568,144832,,,,,,,,,,,,,,,,,,,,,,,,,,13.878645141893184,"rgba(239, 83, 80, 1.0)",0.0,0.0,1.398446494909911,14.138888006028719,0.14213191408805775,0.0,0.0,0.0,0.0,0.0,0.0,0.0,0.0,35.791748675200495,-6.252313782869045,False,True,False,True,False,1.1849949227749903,0,0.9951335423138258,0.9045167439702602,False,False,False,False,-0.013212536204057245,0.014849888854385287,False,False,False,False,185130,-152529.89564881715,False,False,False,False,274816.22548505326,False,False,False,False
2023-05-18 00:00:00+00:00,13.8442509074,14.3956990568,13.7958782627,14.3956990568,210331,,,,,,,,,,,,,,,,,,,,,,,,,,13.879752967228553,"rgba(239, 83, 80, 1.0)",0.0,0.0,1.392252065436569,14.130923709370595,-0.20590581913103778,0.0,0.0,0.0,0.0,0.0,0.0,0.0,0.0,32.84499655980224,-8.981763038594792,False,True,False,True,False,0.0,0,0.9812825898298615,0.904756541155012,False,False,False,False,-0.03969286998285505,-0.012421490564234883,False,False,False,False,-25201,-147536.60562337335,False,False,False,False,272287.39311309037,False,False,False,False
2023-05-19 00:00:00+00:00,14.0377414861,14.1151377176,13.7233192957,13.8345763785,181914,,,,,,,,,,,,,,,,,,,,,,,,,,13.88031662775377,"rgba(239, 83, 80, 1.0)",0.0,0.0,1.3875944859084894,14.12409649817491,-0.06223360855918396,0.0,0.0,0.0,0.0,0.0,0.0,0.0,0.0,32.394283780396925,-9.471046111654942,False,True,False,True,False,0.0,0,0.9808712171212383,0.9140853803337318,False,False,False,False,-0.06659809780894928,-0.03950979418659208,False,False,False,False,156713,-135605.2485401038,False,False,False,False,268743.33848120447,False,False,False,False
2023-05-22 00:00:00+00:00,13.9893688414,14.2099481012,13.9603452546,14.0764396019,77862,,,,,,,,,,,,,,,,,,,,,,,,,,13.880843179879875,"rgba(239, 83, 80, 1.0)",0.0,0.0,1.382142948498834,14.121785441747281,-0.09580528590845241,0.0,0.0,0.0,0.0,0.0,0.0,0.0,0.0,31.917352568673657,-10.160981040437917,False,True,False,True,False,0.0,0,0.9943564439257939,0.9179392824286229,False,False,False,False,-0.04131254095527622,-0.04041116757093415,False,False,False,False,78851,-127195.19957774681,False,False,False,False,261257.79579566704,False,False,False,False
2023-05-23 00:00:00+00:00,13.6314112708,13.9409961968,13.602387684,13.8926235521,167532,,,,,,,,,,,,,,,,,,,,,,,,,,13.87982821762576,"rgba(239, 83, 80, 1.0)",0.0,0.0,1.376292730518182,14.113855123617714,-0.3505386914570654,0.0,0.0,0.0,0.0,0.0,0.0,0.0,0.0,30.357161155311164,-11.959122039280786,False,True,False,True,False,0.0,0,0.9796073144022012,0.9325861633098363,False,False,False,False,-0.08915299500523452,-0.06478208128808434,False,False,False,False,-88681,-125684.83880999204,False,False,False,False,257582.2743919154,False,False,False,False
2023-05-24 00:00:00+00:00,13.3798735185,13.7957815174,13.2879654936,13.5927131551,185142,,,,,,,,,,,,,,,,,,,,,,,,,,13.877028580673622,"rgba(239, 83, 80, 1.0)",0.0,0.0,1.3765284744818322,14.10309206838387,-0.5253930908738456,0.0,0.0,0.0,0.0,0.0,0.0,0.0,0.0,28.544279748527483,-13.999609341121868,False,True,False,True,False,0.0,0,0.9689507351679444,0.9330637945563595,False,False,False,False,-0.12447668562526683,-0.09462938345667558,False,False,False,False,-273823,-131494.17846450215,False,False,False,False,254741.47931772264,False,False,False,False
2023-05-25 00:00:00+00:00,13.1670338819,13.3605244606,13.1380102951,13.3218263449,220553,,,,,,,,,,,,,,,,,,,,,,,,,,13.87150081423808,"rgba(239, 83, 80, 1.0)",0.0,0.0,1.379698890715139,14.087724051582807,-0.6673123939424099,0.0,0.0,0.0,0.0,0.0,0.0,0.0,0.0,26.72596066166374,-16.03157567871323,False,True,False,True,False,0.0,0,0.9933293195239723,0.9423584789482307,False,False,False,False,-0.16991489228272444,-0.13227213786970002,False,False,False,False,-494376,-145724.8381325609,False,False,False,False,253400.75463859626,False,False,False,False
2023-05-26 00:00:00+00:00,13.2928027581,13.447595221,13.1186612372,13.4282461632,160390,,,,,,,,,,,,,,,,,,,,,,,,,,13.867932464291561,"rgba(239, 83, 80, 1.0)",0.0,0.0,1.3815545266030258,14.077681878002688,-0.5681130239807127,0.0,0.0,0.0,0.0,0.0,0.0,0.0,0.0,26.681292424832872,-16.422067254914126,False,True,False,True,False,0.0,0,0.9919416783253104,0.927132197627313,False,False,False,False,-0.17149464857723126,-0.15188339322346564,False,False,False,False,-333986,-153107.6287940291,False,False,False,False,249753.27406453365,False,False,False,False
2023-05-30 00:00:00+00:00,13.2444301134,13.3318200481,12.8754503888,13.1958801496,209911,,,,,,,,,,,,,,,,,,,,,,,,,,13.862252468612748,"rgba(239, 83, 80, 1.0)",0.0,0.0,1.3830723687050175,14.032373937071062,-0.5697054192535281,0.0,0.0,0.0,0.0,0.0,0.0,0.0,0.0,26.483954428253007,-17.034688857459656,False,True,False,True,False,0.0,0,0.9841222164302199,0.9458905071214796,False,False,False,False,-0.2001045303630928,-0.17599396179327922,False,False,False,False,-543897,-168432.7021746554,False,False,False,False,248190.83194435586,False,False,False,False
2023-05-31 00:00:00+00:00,13.7881897075,13.8173196857,13.3512400336,13.3900800046,242992,,,,,,,,,,,,,,,,,,,,,,,,,,13.86034513547355,"rgba(239, 83, 80, 0.75)",0.0,0.0,1.3816672339729332,14.036945720906209,-0.18004046653905162,0.0,0.0,0.0,0.0,0.0,0.0,0.0,0.0,31.020068328029325,-17.034688857459656,False,True,False,True,True,0.0,0,0.9956196121100146,0.9345598309804407,False,False,False,False,-0.12408707099231601,-0.1500405163927976,False,False,False,False,-300905,-173627.69424623754,False,False,False,False,247986.95618183212,False,False,False,False
2023-06-01 00:00:00+00:00,13.8367396712,14.0066645444,13.6036998452,13.9047096205,144683,,,,,,,,,,,,,,,,,,,,,,,,,,13.860105005716978,"rgba(239, 83, 80, 0.75)",0.0,0.0,1.3758225901688756,14.03792154669176,-0.14622661157719835,0.0,0.0,0.0,0.0,0.0,0.0,0.0,0.0,34.40893465413037,-22.02409058767129,False,True,False,True,True,0.0,0,1.0157509314046922,0.9211263590775371,False,False,False,False,-0.08967361461742104,-0.11985706550510933,False,False,False,False,-156222,-172945.11800128708,False,False,False,False,243935.8206452897,False,False,False,False
2023-06-02 00:00:00+00:00,13.7881897075,13.9435495915,13.6245763296,13.8173196857,82845,,,,,,,,,,,,,,,,,,,,,,,,,,13.859875748055101,"rgba(239, 83, 80, 0.75)",0.0,0.0,1.3745082611638706,14.037320564164071,-0.18125089801433267,0.0,0.0,0.0,0.0,0.0,0.0,0.0,0.0,36.39773963646751,-20.051552066177464,False,True,False,True,True,0.0,0,1.017723098951417,0.9192129308021595,False,False,False,False,-0.13782679815249546,-0.12884193182880238,False,False,False,False,-239067,-175538.13298162876,False,False,False,False,237618.5335611607,False,False,False,False
2023-06-05 00:00:00+00:00,13.6716697944,13.807609693,13.5454398887,13.6134098379,97590,,,,,,,,,,,,,,,,,,,,,,,,,,13.859209142458107,"rgba(239, 83, 80, 0.75)",0.0,0.0,1.3717595912594998,14.034991625448237,-0.26485824000300845,0.0,0.0,0.0,0.0,0.0,0.0,0.0,0.0,37.058312255002384,-19.278176327477112,False,True,False,True,True,0.0,0,1.0016525967611516,0.9401093952831863,False,False,False,False,-0.18976900809018138,-0.15930546995949188,False,False,False,False,-336657,-181856.5199235257,False,False,False,False,232127.21851954656,False,False,False,False
2023-06-06 00:00:00+00:00,13.7007997727,13.768769722,13.5939898524,13.5939898524,80037,,,,,,,,,,,,,,,,,,,,,,,,,,13.858704164455085,"rgba(239, 83, 80, 0.75)",0.0,0.0,1.3701500473754293,14.033114828478006,-0.2425391703737608,0.0,0.0,0.0,0.0,0.0,0.0,0.0,0.0,37.774176242311036,-18.367618600593723,False,True,False,True,True,0.0,0,0.9885805067115232,0.9444725439576069,False,False,False,False,-0.2222589027981405,-0.1907821863788162,False,False,False,False,-256620,-184788.42110299526,False,False,False,False,226162.8962246624,False,False,False,False
2023-06-07 00:00:00+00:00,13.4871799322,13.8318846749,13.4580499539,13.7881897075,95039,,,,,,,,,,,,,,,,,,,,,,,,,,13.857775430230873,"rgba(239, 83, 80, 0.75)",0.0,0.0,1.3703514245141093,14.029896028350624,-0.3960415455787604,0.0,0.0,0.0,0.0,0.0,0.0,0.0,0.0,36.97556834613822,-18.367618600593723,False,True,False,True,True,0.0,0,0.9778945472879629,0.9542066489927361,False,False,False,False,-0.22963988420390474,-0.21021103529136048,False,False,False,False,-351659,-191332.36537346602,False,False,False,False,221020.78264722467,False,False,False,False
2023-06-08 00:00:00+00:00,13.69108978,13.7576032303,13.5648598742,13.5648598742,63975,,,,,,,,,,,,,,,,,,,,,,,,,,13.857338463621355,"rgba(239, 83, 80, 0.75)",0.0,0.0,1.3680675927805177,14.028257530515859,-0.24645547653868807,0.0,0.0,0.0,0.0,0.0,0.0,0.0,0.0,38.44594565024206,-17.249010655527947,False,True,False,True,True,0.0,0,0.9651051693519603,0.9781185534300405,False,False,False,False,-0.2263400522248108,-0.21827554375808564,False,False,False,False,-287684,-195110.86084901638,False,False,False,False,214862.12450419625,False,False,False,False
2023-06-09 00:00:00+00:00,13.7978997002,13.885289635,13.6182648343,13.885289635,94752,,,,,,,,,,,,,,,,,,,,,,,,,,13.857026735552079,"rgba(239, 83, 80, 0.75)",0.0,0.0,1.3566745976380619,14.026675612530553,-0.16862990781197382,0.0,0.0,0.0,0.0,0.0,0.0,0.0,0.0,40.41966439484819,-15.13742260542979,False,True,False,True,True,0.0,0,0.9424507179049955,0.9890991365983314,False,False,False,False,-0.2080555480978581,-0.21316554592797188,False,False,False,False,-192932,-195025.41532552557,False,False,False,False,210151.9235432474,False,False,False,False
2023-06-12 00:00:00+00:00,13.7881897075,13.8755796422,13.6036998452,13.8658696495,187423,,,,,,,,,,,,,,,,,,,,,,,,,,13.856339503815878,"rgba(239, 83, 80, 0.75)",0.0,0.0,1.3465723934175482,14.023183330034223,-0.17451243147634862,0.0,0.0,0.0,0.0,0.0,0.0,0.0,0.0,41.66065723730097,-13.749739732137556,False,True,False,True,True,0.0,0,0.9275037707804602,0.9955104317079467,False,False,False,False,-0.21049835360044397,-0.21183194976420794,False,False,False,False,-380355,-202293.24217550497,False,False,False,False,209260.59320821808,False,False,False,False
2023-06-13 00:00:00+00:00,13.8949996277,14.0552145081,13.7600307285,13.885289635,184684,,,,,,,,,,,,,,,,,,,,,,,,,,13.856652408082025,"rgba(239, 83, 80, 0.75)",0.0,0.0,1.335161603309386,14.021874135440545,-0.09502558149220845,0.0,0.0,0.0,0.0,0.0,0.0,0.0,0.0,43.56201678982588,-11.754669927311248,False,True,False,True,True,0.0,0,0.9342848436314292,0.9902694105652141,False,False,False,False,-0.176895906085664,-0.19436392792493595,False,False,False,False,-195671,-202033.54640391655,False,False,False,False,208296.80523926835,False,False,False,False
2023-06-14 00:00:00+00:00,13.768769722,14.118329461,13.6425398162,14.0600695045,194682,,,,,,,,,,,,,,,,,,,,,,,,,,13.856558897381122,"rgba(239, 83, 80, 0.75)",0.0,0.0,1.3276609477328318,14.022730198735577,-0.19128413558390028,0.0,0.0,0.0,0.0,0.0,0.0,0.0,0.0,43.7282264258484,-11.389548788049723,False,True,False,True,True,0.0,0,0.9224534488373912,1.0019791430308196,False,False,False,False,-0.1823057947345748,-0.18833486132975538,False,False,False,False,-390353,-209418.62301552767,False,False,False,False,207762.89130831667,False,False,False,False
2023-06-15 00:00:00+00:00,13.3609500264,13.7881897075,13.2735600916,13.69108978,148518,,,,,,,,,,,,,,,,,,,,,,,,,,13.854540211702062,"rgba(239, 83, 80, 1.0)",0.0,0.0,1.3236808737797114,14.0087915822176,-0.48942427789843246,0.0,0.0,0.0,0.0,0.0,0.0,0.0,0.0,40.92132726320871,-11.389548788049723,False,True,False,True,False,0.0,0,0.901671834126578,1.0163802566325384,False,False,False,False,-0.25293108413469356,-0.22063297273222449,False,False,False,False,-538871,-222338.32407374226,False,False,False,False,205439.5622374023,False,False,False,False
2023-06-16 00:00:00+00:00,13.2541401061,13.6036998452,13.2541401061,13.4386299684,392785,,,,,,,,,,,,,,,,,,,,,,,,,,13.847876343614269,"rgba(239, 83, 80, 1.0)",0.0,0.0,1.3242889145215349,13.983195267154803,-0.5505257599458282,0.0,0.0,0.0,0.0,0.0,0.0,0.0,0.0,38.41293823999095,-6.4797231291433945,False,True,False,True,False,0.0,0,0.8870792842190444,1.0338526567057837,False,False,False,False,-0.2739736214414483,-0.2473032970868364,False,False,False,False,-931656,-250154.7035218308,False,False,False,False,212786.44214966104,False,False,False,False
2023-06-20 00:00:00+00:00,12.8560304033,13.2444301134,12.8171904323,13.0793602366,162503,,,,,,,,,,,,,,,,,,,,,,,,,,13.842917305497055,"rgba(239, 83, 80, 1.0)",0.0,0.0,1.329678077430014,13.967524573791064,-0.8359122327107522,0.0,0.0,0.0,0.0,0.0,0.0,0.0,0.0,34.7186759036958,-9.983036507449853,False,True,False,True,False,0.0,0,0.8623894328714125,1.0511346451679044,False,False,False,False,-0.34282825441539394,-0.29506577575111514,False,False,False,False,-1094159,-283252.91122685705,False,False,False,False,210814.54245751747,False,False,False,False
2023-06-21 00:00:00+00:00,12.826900425,12.9045803671,12.5744406135,12.8754503888,116664,,,,,,,,,,,,,,,,,,,,,,,,,,13.83856563017581,"rgba(239, 83, 80, 1.0)",0.0,0.0,1.3364870910609576,13.905278123007108,-0.8068747578781684,0.0,0.0,0.0,0.0,0.0,0.0,0.0,0.0,32.124567783643045,-12.375540163029783,False,True,False,True,False,0.0,0,0.8492727717965755,1.0630207829524314,True,False,False,False,-0.34282825441539394,-0.3189470150832545,False,False,False,False,-1210823,-319628.2088258038,False,False,False,False,207122.36432192853,False,False,False,False
2023-06-22 00:00:00+00:00,13.0308102728,13.0308102728,12.7006705193,12.7006705193,89524,,,,,,,,,,,,,,,,,,,,,,,,,,13.835721535982673,"rgba(239, 83, 80, 1.0)",0.0,0.0,1.3374573175519406,13.901197413728232,-0.6507775085648144,0.0,0.0,0.0,0.0,0.0,0.0,0.0,0.0,32.82742220708121,-12.375540163029783,False,True,False,True,False,0.0,0,0.8467694761955411,1.0772552804142455,False,False,False,False,-0.3183489342696391,-0.3186479746764468,False,False,False,False,-1121299,-351066.2790679292,False,False,False,False,202510.66376028428,False,False,False,False
2023-06-23 00:00:00+00:00,12.9628403236,13.1182002076,12.8074804395,13.1084902148,78453,,,,,,,,,,,,,,,,,,,,,,,,,,13.833357563284231,"rgba(239, 83, 80, 1.0)",0.0,0.0,1.3361192286434262,13.897150946552642,-0.6992718934980497,0.0,0.0,0.0,0.0,0.0,0.0,0.0,0.0,32.892896569006965,-12.375540163029783,False,True,False,True,False,0.0,0,0.8481190890342062,1.0683503587002734,False,False,False,False,-0.2997680991805493,-0.3092080369284981,False,False,False,False,-1199752,-384348.07204565743,False,False,False,False,197645.65733831236,False,False,False,False
2023-06-26 00:00:00+00:00,13.0211002801,13.1182002076,12.9142903598,12.9628403236,99709,,,,,,,,,,,,,,,,,,,,,,,,,,13.830560253407619,"rgba(239, 83, 80, 1.0)",0.0,0.0,1.3325530524715006,13.892549176580383,-0.6539693822051562,0.0,0.0,0.0,0.0,0.0,0.0,0.0,0.0,33.6561575381888,-12.375540163029783,False,True,False,True,False,0.0,0,0.8395873530890654,1.102909554554904,False,False,False,False,-0.28963441479006674,-0.29942122585928244,False,False,False,False,-1100043,-412414.53980857285,False,False,False,False,193805.00410935894,False,False,False,False
2023-06-27 00:00:00+00:00,12.9822603091,13.1182002076,12.749317583,13.0987802221,74357,,,,,,,,,,,,,,,,,,,,,,,,,,13.82831330361281,"rgba(239, 83, 80, 1.0)",0.0,0.0,1.3282449411599806,13.887728990580774,-0.6817030906137017,0.0,0.0,0.0,0.0,0.0,0.0,0.0,0.0,33.89418986860638,-12.375540163029783,False,True,False,True,False,0.0,0,0.8188872591906882,1.1065372416466661,False,False,False,False,-0.30531147491277316,-0.30236635038602777,False,False,False,False,-1174400,-442296.3225611779,False,False,False,False,189120.76865408997,False,False,False,False
2023-06-28 00:00:00+00:00,12.8851603816,13.0211002801,12.7249455012,12.8948703743,124154,,,,,,,,,,,,,,,,,,,,,,,,,,13.82427794082566,"rgba(239, 83, 80, 1.0)",0.0,0.0,1.3229460463021034,13.878250668788652,-0.7506657508554762,0.0,0.0,0.0,0.0,0.0,0.0,0.0,0.0,33.368792821255326,-12.375540163029783,False,True,False,True,False,0.0,0,0.8352149448017769,1.1134589514623818,False,False,False,False,-0.31694811612311274,-0.3096572332545703,False,False,False,False,-1298554,-475875.0550097592,False,False,False,False,186573.05223628253,False,False,False,False
2023-06-29 00:00:00+00:00,13.0502302583,13.0987802221,12.7200905048,12.7977704468,113931,,,,,,,,,,,,,,,,,,,,,,,,,,13.82091236506899,"rgba(239, 83, 80, 0.75)",0.0,0.0,1.3213913268905313,13.871512353189399,-0.6215282923205061,0.0,0.0,0.0,0.0,0.0,0.0,0.0,0.0,35.28458621414222,-12.375540163029783,False,True,False,True,True,0.0,0,0.8347565783186168,1.0992459201038103,False,False,False,False,-0.30996192757566915,-0.30980958041511975,False,False,False,False,-1184623,-503669.0920682,False,False,False,False,183724.3443054479,False,False,False,False
2023-06-30 00:00:00+00:00,13.3803700119,13.4580499539,13.0308102728,13.1473301859,195671,,,,,,,,,,,,,,,,,,,,,,,,,,13.817398228250534,"rgba(239, 83, 80, 0.75)",0.0,0.0,1.3156927094966642,13.869340901962946,-0.3716452075272261,0.0,0.0,0.0,0.0,0.0,0.0,0.0,0.0,40.234739671177245,-14.53868471390394,False,True,False,True,True,0.0,0,0.8485250267630656,1.0823180763919447,False,False,False,False,-0.24695376431007535,-0.27838167236259753,False,False,False,False,-988952,-522699.7943400353,False,False,False,False,184192.84060719507,False,False,False,False
2023-07-03 00:00:00+00:00,13.6231198307,13.6522498089,13.3512400336,13.3997899974,28300,,,,,,,,,,,,,,,,,,,,,,,,,,13.817135158360992,#000000,0.0,0.0,1.2926127273145254,13.869863804968512,-0.19088778027208186,0.0,0.0,0.0,0.0,0.0,0.0,0.0,0.0,45.657273391690076,-9.557980176133562,False,False,False,False,True,0.0,0,0.8602325941151807,1.0711783482807935,False,False,False,False,-0.19985284700278114,-0.23911725968268932,False,False,False,False,-960652,-539874.3906404261,False,False,False,False,178079.39587750114,False,False,False,False
2023-07-05 00:00:00+00:00,12.9045803671,13.6134098379,12.8948703743,13.4580499539,140664,,,,,,,,,,,,,,,,,,,,,,,,,,13.813921738270095,"rgba(239, 83, 80, 0.5)",0.0,0.0,1.2827249313392675,13.8645511452476,-0.7483839712582132,0.0,0.0,0.0,0.0,0.0,0.0,0.0,0.0,43.741353981219355,-9.557980176133562,False,False,False,True,True,0.0,0,0.8482842139690135,1.056067033949164,False,False,False,False,-0.24515799623976609,-0.2421376279612277,False,False,False,False,-1101316,-561891.7086545271,False,False,False,False,176612.12545093248,False,False,False,False
2023-07-06 00:00:00+00:00,12.671540541,12.8754503888,12.593860599,12.7200905048,122901,,,,,,,,,,,,,,,,,,,,,,,,,,13.80939418969845,"rgba(239, 83, 80, 0.5)",0.0,0.0,1.2685471454192494,13.853713294464374,-0.93191077504153,0.0,0.0,0.0,0.0,0.0,0.0,0.0,0.0,41.20250694356417,-9.557980176133562,False,False,False,True,False,0.0,0,0.8297476537373232,1.1080912493872446,False,False,False,False,-0.34282825441539394,-0.2924829411883108,False,False,False,False,-1224217,-587865.2494916045,False,False,False,False,174505.80680579788,False,False,False,False
2023-07-07 00:00:00+00:00,12.7298004975,12.9725503163,12.6812505338,12.8366104178,276767,,,,,,,,,,,,,,,,,,,,,,,,,,13.80007647075095,"rgba(239, 83, 80, 0.5)",0.0,0.0,1.2661370063556174,13.833907102828704,-0.8720277503828018,0.0,0.0,0.0,0.0,0.0,0.0,0.0,0.0,40.051092886234684,-4.001363106227416,False,False,False,True,False,0.0,0,0.816261573279287,1.1056714410563735,False,False,False,False,-0.3249250058532073,-0.30870397352075907,False,False,False,False,-947450,-601966.6122566396,False,False,False,False,178516.04967615876,False,False,False,False
2023-07-10 00:00:00+00:00,12.8657403961,12.9919703018,12.6229905773,12.6229905773,201244,,,,,,,,,,,,,,,,,,,,,,,,,,13.793622698188251,"rgba(239, 83, 80, 0.5)",0.0,0.0,1.2502847121544818,13.82133391704017,-0.7643007321856297,0.0,0.0,0.0,0.0,0.0,0.0,0.0,0.0,40.55423824090526,-4.001363106227416,False,False,False,True,False,0.0,0,0.8295938424652004,1.1070454215385903,False,False,False,False,-0.32867707795410317,-0.3186905257374311,False,False,False,False,-746206,-607623.0588348106,False,False,False,False,179407.34184572115,False,False,False,False
2023-07-11 00:00:00+00:00,12.9531303308,13.1084902148,12.8463204106,12.8463204106,121537,,,,,,,,,,,,,,,,,,,,,,,,,,13.790334469710361,"rgba(239, 83, 80, 0.5)",0.0,0.0,1.2389102659489322,13.815744875618682,-0.6962687843723449,0.0,0.0,0.0,0.0,0.0,0.0,0.0,0.0,41.69822873547383,-4.001363106227416,False,False,False,True,False,0.0,1,0.8298258298681431,1.131666520693508,False,False,False,False,-0.2961352925144982,-0.30741290912596464,False,False,False,False,-624669,-608291.5271157986,False,False,False,False,177137.91667530072,False,False,False,False
2023-07-12 00:00:00+00:00,13.5357298959,13.5939898524,12.9725503163,13.0599402511,168119,,,,,,,,,,,,,,,,,,,,,,,,,,13.788013660365873,#000000,0.0,0.0,1.2299663795066735,13.814330293585297,-0.2265105797420583,0.0,0.0,0.0,0.0,0.0,0.0,0.0,0.0,46.81796783543011,-9.205155069697945,True,False,False,False,True,0.0,1,0.8484840327132883,1.0978498361197633,False,False,False,False,-0.23901431196309603,-0.2732136105445303,False,False,False,False,-456550,-602340.8789936104,False,False,False,False,176784.23366842617,False,False,False,False
2023-07-13 00:00:00+00:00,13.4483399612,13.6425398162,13.2541401061,13.3512400336,182608,,,,,,,,,,,,,,,,,,,,,,,,,,13.786000982379361,#000000,0.0,0.0,1.2247044354906929,13.813752064061163,-0.298367583452701,0.0,0.0,0.0,0.0,0.0,0.0,0.0,0.0,49.525965794837575,-6.69507834337611,True,False,False,False,True,0.0,0,0.8602868360321927,1.0888633534142758,False,False,False,False,-0.2088331963734066,-0.24102340345896844,False,False,False,False,-639158,-603784.6876605276,False,False,False,False,177012.61666182123,False,False,False,False
2023-07-14 00:00:00+00:00,13.5745698669,13.7396397437,13.4434849648,13.4483399612,136368,,,,,,,,,,,,,,,,,,,,,,,,,,13.785119445035704,"rgba(38, 166, 154, 1.0)",0.0,0.0,1.2226314982014554,13.814669119490503,-0.19637908310369923,0.0,0.0,0.0,0.0,0.0,0.0,0.0,0.0,52.166867838650674,-4.238889989017629,True,False,True,False,True,0.0,0,0.8747236382801825,1.0911731798623177,False,False,False,False,-0.18294899197021772,-0.2119861977145931,False,False,False,False,-502790,-599824.1116738403,False,False,False,False,175418.71012606352,False,False,False,False
2023-07-17 00:00:00+00:00,13.6716697944,13.7396397437,13.3997899974,13.4192099829,126126,,,,,,,,,,,,,,,,,,,,,,,,,,13.784383241386106,"rgba(38, 166, 154, 1.0)",0.0,0.0,1.2242208598455266,13.815473428848387,-0.11746543386504014,0.0,0.0,0.0,0.0,0.0,0.0,0.0,0.0,54.565138736562716,-1.9908106772842942,True,False,True,False,True,0.0,0,0.8365394421968659,1.1166915562931006,False,False,False,False,-0.1868809664009084,-0.19943358205775075,False,False,False,False,-376664,-591072.7347454544,False,False,False,False,173485.66267013949,False,False,False,False
2023-07-18 00:00:00+00:00,13.7396397437,13.7881897075,13.5551498814,13.6231198307,66271,,,,,,,,,,,,,,,,,,,,,,,,,,13.784191628755515,"rgba(38, 166, 154, 1.0)",0.0,0.0,1.2265153331430105,13.816304145949568,-0.06250586533892842,0.0,0.0,0.0,0.0,0.0,0.0,0.0,0.0,56.6172270491642,-0.031919730750168185,True,False,True,False,True,0.30064375622266937,0,0.8385617118891906,1.1133539870844427,False,False,False,False,-0.1672970910652294,-0.18336533656149007,False,False,False,False,-310393,-580065.686324064,False,False,False,False,169281.1660948399,False,False,False,False
2023-07-19 00:00:00+00:00,13.7007997727,13.8367396712,13.5551498814,13.7881897075,101747,,,,,,,,,,,,,,,,,,,,,,,,,,13.783909563083354,"rgba(38, 166, 154, 1.0)",0.0,0.0,1.2289295416347275,13.816668049065475,-0.0942839051711189,0.0,0.0,0.0,0.0,0.0,0.0,0.0,0.0,57.56836776663533,0.9599373888269866,True,False,True,False,True,0.02557589788202108,0,0.8535853475333469,1.1154065207982855,False,False,False,False,-0.16292493740139585,-0.17314513698144296,False,False,False,False,-412140,-573480.3652917478,False,False,False,False,166632.76742445404,False,False,False,False
2023-07-20 00:00:00+00:00,13.5551498814,13.7396397437,13.3124000626,13.7396397437,97757,,,,,,,,,,,,,,,,,,,,,,,,,,13.78313559102254,"rgba(38, 166, 154, 1.0)",0.0,0.0,1.2324649579150904,13.812502537889324,-0.20881133766648996,0.0,0.0,0.0,0.0,0.0,0.0,0.0,0.0,56.6500073551672,0.9599373888269866,True,False,True,False,True,0.0,0,0.8238956873184102,1.1171754213514444,False,False,False,False,-0.189191211049368,-0.18116817401540547,False,False,False,False,-509897,-570986.8999861891,False,False,False,False,163931.75693722055,False,False,False,False
2023-07-21 00:00:00+00:00,13.5454398887,13.5551498814,13.3609500264,13.4580499539,70532,,,,,,,,,,,,,,,,,,,,,,,,,,13.782471162956293,"rgba(38, 166, 154, 1.0)",0.0,0.0,1.2339679827271488,13.81034558017698,-0.214677929399368,0.0,0.0,0.0,0.0,0.0,0.0,0.0,0.0,55.933435359818446,0.9599373888269866,True,False,True,False,True,0.0,0,0.8290615840053094,1.119669155545112,False,False,False,False,-0.1675652485808965,-0.17436671129815098,False,False,False,False,-580429,-571357.1784181033,False,False,False,False,160269.02137105505,False,False,False,False
2023-07-24 00:00:00+00:00,13.4192099829,13.5065999177,13.1677211706,13.4386299684,120694,,,,,,,,,,,,,,,,,,,,,,,,,,13.780871637565765,"rgba(38, 166, 154, 0.75)",0.0,0.0,1.236055533841924,13.80504232508587,-0.31214806424321445,0.0,0.0,0.0,0.0,0.0,0.0,0.0,0.0,54.08428247070238,0.9599373888269866,True,False,True,False,False,0.0,0,0.8791733366176493,1.1204588149546644,False,False,False,False,-0.15688147407481165,-0.16562409268648132,False,False,False,False,-701123,-576446.0341664129,False,False,False,False,158717.05974866074,False,False,False,False
2023-07-25 00:00:00+00:00,13.5939898524,13.7007997727,13.2250101279,13.2541401061,313911,,,,,,,,,,,,,,,,,,,,,,,,,,13.77816857511637,"rgba(38, 166, 154, 0.75)",0.0,0.0,1.2358856020209215,13.80291820006535,-0.16905152655206057,0.0,0.0,0.0,0.0,0.0,0.0,0.0,0.0,54.556955339674616,0.9599373888269866,True,False,True,False,False,0.0,0,0.91428905974625,1.0817896878398636,False,False,False,False,-0.08928954998608564,-0.12745682133628347,False,False,False,False,-387212,-569025.0916500831,False,False,False,False,164803.0966212623,False,False,False,False
2023-07-26 00:00:00+00:00,13.3026900699,13.6134098379,13.0405202656,13.5065999177,230808,,,,,,,,,,,,,,,,,,,,,,,,,,13.774864304855479,#000000,0.0,0.0,1.2361134768667457,13.79598290891719,-0.39906760038533884,0.0,0.0,0.0,0.0,0.0,0.0,0.0,0.0,51.93048319551021,0.9599373888269866,True,False,False,False,False,0.0,0,0.9052908672132738,1.0553774010308827,False,False,False,False,-0.12415416272658149,-0.1258054920314325,False,False,False,False,-618020,-570946.4606049818,False,False,False,False,167391.5242047422,False,False,False,False
2023-07-27 00:00:00+00:00,12.8074804395,13.3124000626,12.788060454,13.3026900699,113210,,,,,,,,,,,,,,,,,,,,,,,,,,13.77203173486871,"rgba(239, 83, 80, 0.5)",0.0,0.0,1.2412125275344925,13.788464918382413,-0.7903436817794697,0.0,0.0,0.0,0.0,0.0,0.0,0.0,0.0,46.613586402477864,2.5468561249594472,True,False,False,True,False,0.0,0,0.892676652346051,1.0592488133519582,False,False,False,False,-0.20753861247688316,-0.16667205225415782,False,False,False,False,-731230,-577232.0896008648,False,False,False,False,165266.75854965427,False,False,False,False
2023-07-28 00:00:00+00:00,13.1182002076,13.1764601641,12.7686404685,12.8657403961,100542,,,,,,,,,,,,,,,,,,,,,,,,,,13.769693992221066,"rgba(239, 83, 80, 0.5)",0.0,0.0,1.2409253613334557,13.782881258650704,-0.535633384377334,0.0,0.0,0.0,0.0,0.0,0.0,0.0,0.0,45.98356777052655,1.946332930845152,True,False,False,True,False,0.0,0,0.9113827785632397,1.0622607312300092,False,False,False,False,-0.2317953456113484,-0.1992336989327531,False,False,False,False,-630688,-579328.3998125957,False,False,False,False,162728.53272417764,False,False,False,False
2023-07-31 00:00:00+00:00,13.3900800046,13.4968899249,13.1667501714,13.3124000626,180581,,,,,,,,,,,,,,,,,,,,,,,,,,13.767367256458348,#000000,0.0,0.0,1.2350488371862387,13.77971894542516,-0.315484642463903,0.0,0.0,0.0,0.0,0.0,0.0,0.0,0.0,47.70428642026047,1.946332930845152,True,False,False,False,False,0.0,0,0.9302550227738743,1.027966452778953,False,False,False,False,-0.040462907625273735,-0.11984830327901343,False,False,False,False,-450107,-574260.8939375919,False,False,False,False,163428.62948009226,False,False,False,False
2023-08-01 00:00:00+00:00,12.7977704468,13.2832700844,12.7783504613,13.1570401786,72767,,,,,,,,,,,,,,,,,,,,,,,,,,13.765546966350675,"rgba(239, 83, 80, 0.5)",0.0,0.0,1.2203849183231057,13.775593072662678,-0.801241158573375,0.0,0.0,0.0,0.0,0.0,0.0,0.0,0.0,45.138470022070074,1.1464938469886903,True,False,False,True,False,0.0,0,0.9224083131380999,1.0336852475744942,False,False,False,False,-0.18743029672531453,-0.15363930000216397,False,False,False,False,-522874,-572245.7216263139,False,False,False,False,159873.27146126513,False,False,False,False
2023-08-02 00:00:00+00:00,12.555020628,12.9045803671,12.360820773,12.9045803671,114482,,,,,,,,,,,,,,,,,,,,,,,,,,13.761485773260786,"rgba(239, 83, 80, 0.5)",0.0,0.0,1.204376198215328,13.765607210933194,-1.0051565156527247,0.0,0.0,0.0,0.0,0.0,0.0,0.0,0.0,42.23565842199849,-1.6486571243171184,False,False,False,True,False,0.0,0,0.9046582395240912,1.0386403206505734,False,False,False,False,-0.34282825441539394,-0.24823377720877896,False,False,False,False,-637356,-574799.0658762624,False,False,False,False,158093.22160003905,False,False,False,False
2023-08-03 00:00:00+00:00,12.593860599,12.6229905773,12.4482107077,12.4676306932,156958,,,,,,,,,,,,,,,,,,,,,,,,,,13.755716157520666,"rgba(239, 83, 80, 0.5)",0.0,0.0,1.2001007001411725,13.752058999813968,-0.9650843472366325,0.0,0.0,0.0,0.0,0.0,0.0,0.0,0.0,40.62871490610479,-3.216804478734666,False,False,False,True,False,0.0,0,0.8962729812018376,1.0589277512963737,False,False,False,False,-0.34282825441539394,-0.29553101581208646,False,False,False,False,-480398,-571097.0632928795,False,False,False,False,158048.70310591988,False,False,False,False
2023-08-04 00:00:00+00:00,12.3802407585,12.6424105628,12.360820773,12.6035705918,112055,,,,,,,,,,,,,,,,,,,,,,,,,,13.751311405526407,"rgba(239, 83, 80, 1.0)",0.0,0.0,1.189302474603523,13.742013924103933,-1.1450183571323242,0.0,0.0,0.0,0.0,0.0,0.0,0.0,0.0,38.4887010861075,-5.322499829794879,False,True,False,True,False,0.0,0,0.9107594342568319,1.0463520314840111,False,False,False,False,-0.34282825441539394,-0.3191796351137402,False,False,False,False,-592453,-571934.5510068842,False,False,False,False,156245.0284743152,False,False,False,False
2023-08-07 00:00:00+00:00,12.4967606715,12.593860599,12.2584774494,12.321980802,55681,,,,,,,,,,,,,,,,,,,,,,,,,,13.749114439709832,"rgba(239, 83, 80, 1.0)",0.0,0.0,1.1835675455722543,13.737135848135207,-1.047996948949361,0.0,0.0,0.0,0.0,0.0,0.0,0.0,0.0,38.13444557230321,-5.795312866356326,False,True,False,True,False,0.0,0,0.9214386757719296,1.0415376197180597,False,False,False,False,-0.34282825441539394,-0.33100394476456707,False,False,False,False,-536772,-570555.6274379868,False,False,False,False,152301.34108316558,False,False,False,False
2023-08-08 00:00:00+00:00,12.3802407585,12.5160835571,12.2443008599,12.283140831,100531,,,,,,,,,,,,,,,,,,,,,,,,,,13.744955458507153,"rgba(239, 83, 80, 1.0)",0.0,0.0,1.1766799906312082,13.662606419348023,-1.0898168330032727,0.0,0.0,0.0,0.0,0.0,0.0,0.0,0.0,37.261469113125465,-6.846490721443402,False,True,False,True,False,0.0,0,0.9299750155760979,1.0231413595859382,True,False,False,False,-0.34282825441539394,-0.3369160995899805,False,False,False,False,-637303,-573173.1714600266,False,False,False,False,150271.1316289238,False,False,False,False
2023-08-09 00:00:00+00:00,12.9628403236,13.0502302583,12.4093707367,12.438500715,239858,,,,,,,,,,,,,,,,,,,,,,,,,,13.738208773161078,"rgba(239, 83, 80, 0.5)",0.0,0.0,1.161197941385735,13.665688600289993,-0.6052786106830652,0.0,0.0,0.0,0.0,0.0,0.0,0.0,0.0,41.391301634207196,-6.846490721443402,False,False,False,True,True,0.0,0,0.9395109715053539,0.9973764104191273,False,False,False,False,-0.18088212247650665,-0.2588991110332436,False,False,False,False,-397445,-566281.870618457,False,False,False,False,153784.34215327972,False,False,False,False
2023-08-10 00:00:00+00:00,12.7200905048,13.1279102004,12.6618305483,13.0308102728,227045,,,,,,,,,,,,,,,,,,,,,,,,,,13.732108446094646,"rgba(239, 83, 80, 0.5)",0.0,0.0,1.1386514206271638,13.658619358824103,-0.8242459782003921,0.0,0.0,0.0,0.0,0.0,0.0,0.0,0.0,42.63352436012336,-6.846490721443402,False,False,False,True,True,0.0,0,0.9659094430848308,0.9870869102587606,False,False,False,False,-0.10802674589751785,-0.1834629284653807,False,False,False,False,-624490,-568564.5423589097,False,False,False,False,156657.30912766093,False,False,False,False
2023-08-11 00:00:00+00:00,13.0890702293,13.1667501714,12.7298004975,12.9240003526,90286,,,,,,,,,,,,,,,,,,,,,,,,,,13.730131062318053,"rgba(239, 83, 80, 0.5)",0.0,0.0,1.1071018364286282,13.65750569723616,-0.5134446075619038,0.0,0.0,0.0,0.0,0.0,0.0,0.0,0.0,45.88440730345573,-10.132819034945662,True,False,False,True,True,0.0,0,0.9490384915376313,1.0140404155965017,False,False,False,False,-0.08473450953509475,-0.13409871900023773,False,False,False,False,-534204,-567217.0701095407,False,False,False,False,154054.51269128209,False,False,False,False
2023-08-14 00:00:00+00:00,13.2832700844,13.3803700119,12.9142903598,13.0016802946,103769,,,,,,,,,,,,,,,,,,,,,,,,,,13.728478492410368,#000000,0.0,0.0,1.0878190718798812,13.65860659077091,-0.3450357840502687,0.0,0.0,0.0,0.0,0.0,0.0,0.0,0.0,49.181886426407914,-7.006025494523058,True,False,False,False,True,0.0,0,0.9455823209880488,1.01269745843968,False,False,False,False,0.0014789533465147733,-0.06630988282686148,False,False,False,False,-430435,-561853.067360147,False,False,False,False,152082.5318014279,False,False,False,False
2023-08-15 00:00:00+00:00,13.2055901424,13.3512400336,13.0987802221,13.1958801496,101370,,,,,,,,,,,,,,,,,,,,,,,,,,13.726951449360538,#000000,0.0,0.0,1.054948327449395,13.65936098157504,-0.43013560699427367,0.0,0.0,0.0,0.0,0.0,0.0,0.0,0.0,50.81534824448202,-5.455330706908143,True,False,False,False,True,0.0,0,0.9541522986243459,1.0109223111671704,False,False,False,False,0.03505867331311172,-0.01562560475687488,False,False,False,False,-531805,-560674.7117773962,False,False,False,False,150093.80506411698,False,False,False,False
2023-08-16 00:00:00+00:00,13.1570401786,13.3997899974,13.0890702293,13.3900800046,133195,,,,,,,,,,,,,,,,,,,,,,,,,,13.724946156198856,#000000,0.0,0.0,1.0308685704204057,13.65958857960907,-0.4874999737397376,0.0,0.0,0.0,0.0,0.0,0.0,0.0,0.0,51.53548540961934,-4.678496550256966,True,False,False,False,True,0.0,0,0.9579803597029402,1.0010375219876564,False,False,False,False,0.043463004836514135,0.013918700039819628,False,False,False,False,-665000,-564765.8995508316,False,False,False,False,149431.10682630847,False,False,False,False
2023-08-17 00:00:00+00:00,12.9919703018,13.2832700844,12.9045803671,13.1084902148,135502,,,,,,,,,,,,,,,,,,,,,,,,,,13.722305213894327,#000000,0.0,0.0,1.0063149148085138,13.656893235557032,-0.6607503515771265,0.0,0.0,0.0,0.0,0.0,0.0,0.0,0.0,50.76039444437323,-4.678496550256966,True,False,False,False,True,0.0,0,0.9461170952509297,1.0051317052187272,False,False,False,False,-0.021600594656863224,-0.0038409473085217983,False,False,False,False,-800502,-574010.4525096226,False,False,False,False,148884.86734292383,False,False,False,False
2023-08-18 00:00:00+00:00,13.2444301134,13.2901641792,12.8560304033,12.8560304033,125070,,,,,,,,,,,,,,,,,,,,,,,,,,13.720142770839551,"rgba(38, 166, 154, 1.0)",0.0,0.0,0.9595607560864609,13.65523871525048,-0.42812151210304833,0.0,0.0,0.0,0.0,0.0,0.0,0.0,0.0,52.051952696279955,-3.851394162926084,True,False,True,False,True,0.0,0,0.9508921263686186,1.0080772221392795,False,False,False,False,-0.030606502519552922,-0.01722372491403736,False,False,False,False,-675432,-577987.7680974805,False,False,False,False,147950.95097653466,False,False,False,False
2023-08-21 00:00:00+00:00,13.1667501714,13.3814381111,13.050618658,13.3026900699,52217,,,,,,,,,,,,,,,,,,,,,,,,,,13.71935026333345,"rgba(38, 166, 154, 1.0)",0.0,0.0,0.9022014774326059,13.654881713107264,-0.5410449372088579,0.0,0.0,0.0,0.0,0.0,0.0,0.0,0.0,52.27758985006821,-3.367215405259799,True,False,True,False,True,0.0,0,0.9597368823552104,1.0034368466705088,False,False,False,False,0.0311734154390914,0.006974845262527021,False,False,False,False,-727649,-583856.8360152263,False,False,False,False,144196.6783892196,False,False,False,False
2023-08-22 00:00:00+00:00,13.2735600916,13.3221100554,13.1764601641,13.1764601641,45617,,,,,,,,,,,,,,,,,,,,,,,,,,13.718736637673636,"rgba(38, 166, 154, 1.0)",0.0,0.0,0.8377141816910809,13.654812025608246,-0.4551098003839665,0.0,0.0,0.0,0.0,0.0,0.0,0.0,0.0,53.21784613875248,-2.1689708808470343,True,False,True,False,True,0.0,0,0.9628128846939792,1.0128231432146193,False,False,False,False,0.04556500049371084,0.02626992287811893,False,False,False,False,-682032,-587706.8424460018,False,False,False,False,140330.80864846587,False,False,False,False
2023-08-23 00:00:00+00:00,13.6425398162,13.7833347111,13.3512400336,13.3512400336,141940,,,,,,,,,,,,,,,,,,,,,,,,,,13.71821652132658,"rgba(38, 166, 154, 1.0)",0.0,0.0,0.7527050942887433,13.654889895441224,-0.016407593538203414,0.0,0.0,0.0,0.0,0.0,0.0,0.0,0.0,56.23944980854928,0.9296247862670342,True,False,True,False,True,1.381633331876749,0,0.96909984296395,0.987082721238387,False,False,False,False,0.18502456910357956,0.10564724599084925,False,False,False,False,-540092,-585839.5937226292,False,False,False,False,140393.9141916633,False,False,False,False
2023-08-24 00:00:00+00:00,13.3415300409,13.6425398162,13.3026900699,13.5454398887,87945,,,,,,,,,,,,,,,,,,,,,,,,,,13.71748062479296,"rgba(38, 166, 154, 1.0)",0.0,0.0,0.666309614820358,13.652729248844533,-0.4670489529532521,0.0,0.0,0.0,0.0,0.0,0.0,0.0,0.0,55.64726429484921,0.9296247862670342,True,False,True,False,True,0.0,0,0.9585081113870463,1.0037903674109812,False,False,False,False,0.15174233019222808,0.12869478809153867,False,False,False,False,-628037,-587494.3939688007,False,False,False,False,138337.09402728436,False,False,False,False
2023-08-25 00:00:00+00:00,13.1182002076,13.4774699394,12.9919703018,13.4094999902,52712,,,,,,,,,,,,,,,,,,,,,,,,,,13.716686574183342,"rgba(38, 166, 154, 0.75)",0.0,0.0,0.5674584265082165,13.648983230329486,-0.9353690031454696,0.0,0.0,0.0,0.0,0.0,0.0,0.0,0.0,53.56514768268426,0.9296247862670342,True,False,True,False,False,0.0,0,0.948477041974833,1.0156589382227743,False,False,False,False,0.09896502045531327,0.11382990427342597,False,False,False,False,-680749,-591151.4373425732,False,False,False,False,134979.247202685,False,False,False,False
2023-08-28 00:00:00+00:00,13.3026900699,13.3124000626,13.0696502438,13.1667501714,91744,,,,,,,,,,,,,,,,,,,,,,,,,,13.715395829838673,"rgba(38, 166, 154, 0.75)",0.0,0.0,0.4986639440339228,13.64519329084104,-0.6868417599443264,0.0,0.0,0.0,0.0,0.0,0.0,0.0,0.0,53.490620982239506,0.9296247862670342,True,False,True,False,False,0.0,0,0.9713070656348447,1.0071732335952464,False,False,False,False,0.07687627026166614,0.09535308726754606,False,False,False,False,-589005,-591067.2633291389,False,False,False,False,133283.7473123836,False,False,False,False
2023-08-29 00:00:00+00:00,13.5065999177,13.5065999177,13.1667501714,13.1667501714,86592,,,,,,,,,,,,,,,,,,,,,,,,,,13.714594502308035,"rgba(38, 166, 154, 0.75)",0.0,0.0,0.47768553305400596,13.645463202784061,-0.2907002106516848,0.0,0.0,0.0,0.0,0.0,0.0,0.0,0.0,54.78618776382429,0.9296247862670342,True,False,True,False,False,0.49057840254456053,0,0.9774439944674261,0.9871840877629435,False,False,False,False,0.15092071053165063,0.12313689889959833,False,False,False,False,-502413,-587590.6255515256,False,False,False,False,131452.6983981725,False,False,False,False
2023-08-30 00:00:00+00:00,13.4896074304,13.6455566492,13.4408732995,13.5578352136,91615,,,,,,,,,,,,,,,,,,,,,,,,,,13.714097649801037,"rgba(38, 166, 154, 0.75)",0.0,0.0,0.45661859533805743,13.64784437134482,-0.3465407290906989,0.0,0.0,0.0,0.0,0.0,0.0,0.0,0.0,55.49944793543856,0.9432682668756343,True,False,True,False,False,0.37053499135061685,0,1.0146519261268352,0.9609136969883241,False,False,False,False,0.25903053737965925,0.1910837181396288,False,False,False,False,-594028,-587843.0716083285,False,False,False,False,129890.43571589123,False,False,False,False
2023-08-31 00:00:00+00:00,13.3921391686,13.5675820398,13.2069494712,13.4798606042,467287,,,,,,,,,,,,,,,,,,,,,,,,,,13.709800355499487,"rgba(38, 166, 154, 0.75)",0.0,0.0,0.4329185821363225,13.647370759351356,-0.5895602574781261,0.0,0.0,0.0,0.0,0.0,0.0,0.0,0.0,55.07767769929522,0.9432682668756343,True,False,True,False,False,0.0,1,1.0150990676111722,0.9470028052674068,False,False,False,False,0.1769873718316402,0.1840355449856345,False,False,False,False,-1061315,-606410.5982119234,False,False,False,False,143121.67353095431,False,False,False,False
2023-09-01 00:00:00+00:00,13.3141645592,13.6845439539,13.2751772544,13.5578352136,115839,,,,,,,,,,,,,,,,,,,,,,,,,,13.70886926482979,"rgba(38, 166, 154, 0.75)",0.0,0.0,0.41655726735640874,13.647649376031364,-0.8005737577158444,0.0,0.0,0.0,0.0,0.0,0.0,0.0,0.0,54.074284224582144,0.9432682668756343,True,False,True,False,False,0.0,1,1.011953352900146,0.9477184111015213,False,False,False,False,0.2253476784635334,0.20469161172458394,False,False,False,False,-1177154,-628792.6923996911,False,False,False,False,142051.76476503455,False,False,False,False
2023-09-05 00:00:00+00:00,12.6611272052,13.2459367759,12.6123930743,13.2459367759,135310,,,,,,,,,,,,,,,,,,,,,,,,,,13.70556745346143,#000000,0.0,0.0,0.4047982822821937,13.638858845095303,-2.415355209471233,0.0,0.0,0.0,0.0,0.0,0.0,0.0,0.0,48.73619144964621,3.085496055244093,True,False,False,False,False,0.0,1,0.9711400287142984,0.9726127063554464,False,False,False,False,-0.05468201939034506,0.07500479616711944,False,False,False,False,-1312464,-655603.3319134287,False,False,False,False,141787.3818330724,False,False,False,False
2023-09-06 00:00:00+00:00,12.4466970293,12.7488486408,12.3882160722,12.6221399005,112533,,,,,,,,,,,,,,,,,,,,,,,,,,13.70185806476526,"rgba(239, 83, 80, 1.0)",0.0,0.0,0.4103710288098012,13.628311147872841,-2.879379965003564,0.0,0.0,0.0,0.0,0.0,0.0,0.0,0.0,44.053873315794185,-1.1892938938789115,False,True,False,True,False,0.0,1,0.9542828925145118,0.998501745074436,False,False,False,False,-0.2400319623551445,-0.08251358309401254,False,False,False,False,-1424997,-685775.632622706,False,False,False,False,140640.1511729519,False,False,False,False
2023-09-07 00:00:00+00:00,12.4954311602,12.5344184649,12.3004946366,12.4077097246,86427,,,,,,,,,,,,,,,,,,,,,,,,,,13.698821170892803,"rgba(239, 83, 80, 1.0)",0.0,0.0,0.4093314273395003,13.558946060224145,-2.598175534521229,0.0,0.0,0.0,0.0,0.0,0.0,0.0,0.0,41.40390505063516,-3.4675600306108265,False,True,False,True,False,0.0,0,0.9579789756818649,1.009641146299013,False,False,False,False,-0.32199277151507477,-0.20225317730454365,False,False,False,False,-1338570,-711375.4117355411,False,False,False,False,138514.14524460086,False,False,False,False
2023-09-08 00:00:00+00:00,12.6903676838,12.8950510335,12.427203377,12.427203377,94061,,,,,,,,,,,,,,,,,,,,,,,,,,13.69612840099042,"rgba(239, 83, 80, 1.0)",0.0,0.0,0.404470856971139,13.558537805744578,-2.1464343029454067,0.0,0.0,0.0,0.0,0.0,0.0,0.0,0.0,41.49060855213744,-3.4675600306108265,False,True,False,True,False,0.0,0,0.9661371746986739,0.9859653221471273,False,False,False,False,-0.19138191513870662,-0.19681754622162512,False,False,False,False,-1244509,-732282.6112753239,False,False,False,False,136770.88464677337,False,False,False,False
2023-09-11 00:00:00+00:00,12.7391018146,12.924291512,12.7001145099,12.7001145099,99299,,,,,,,,,,,,,,,,,,,,,,,,,,13.693623502702355,"rgba(239, 83, 80, 1.0)",0.0,0.0,0.4052849758007519,13.55732003027365,-2.018871323954298,0.0,0.0,0.0,0.0,0.0,0.0,0.0,0.0,42.00285701581656,-3.4675600306108265,False,True,False,True,False,0.0,0,0.9797995787846719,0.9878689457365394,False,False,False,False,-0.11378586010353385,-0.1553017031625795,False,False,False,False,-1145210,-748475.8422057034,False,False,False,False,135301.3989743509,False,False,False,False
2023-09-12 00:00:00+00:00,12.7683422932,12.7780891194,12.6221399005,12.7001145099,87684,,,,,,,,,,,,,,,,,,,,,,,,,,13.691265206877963,"rgba(239, 83, 80, 1.0)",0.0,0.0,0.4078958920972581,13.553305997648229,-1.924421695968106,0.0,0.0,0.0,0.0,0.0,0.0,0.0,0.0,42.63283124795286,-3.4675600306108265,False,True,False,True,False,0.0,0,0.959039551056997,1.0143173630997682,False,False,False,False,-0.1711749783139064,-0.16323834073824295,False,False,False,False,-1057526,-760595.4562368522,False,False,False,False,133434.0499949646,False,False,False,False
2023-09-13 00:00:00+00:00,12.7780891194,12.8755573811,12.6903676838,12.7196081623,74700,,,,,,,,,,,,,,,,,,,,,,,,,,13.689385922365352,"rgba(239, 83, 80, 1.0)",0.0,0.0,0.41076363356572176,13.550631970768098,-1.880747924693025,0.0,0.0,0.0,0.0,0.0,0.0,0.0,0.0,43.15640462569981,-3.4675600306108265,False,True,False,True,False,0.0,0,0.9454238971934558,1.0195310725347295,False,False,False,False,-0.12867017123228924,-0.1459542559852661,False,False,False,False,-982826,-769310.3795216815,False,False,False,False,131130.7539167307,False,False,False,False
2023-09-14 00:00:00+00:00,12.865810555,12.924291512,12.7196081623,12.8950510335,94383,,,,,,,,,,,,,,,,,,,,,,,,,,13.687166282428498,"rgba(239, 83, 80, 0.75)",0.0,0.0,0.41232205287625723,13.54795998736031,-1.6544092842034606,0.0,0.0,0.0,0.0,0.0,0.0,0.0,0.0,44.472302497218216,-3.4675600306108265,False,True,False,True,True,0.0,0,0.9708626895784582,1.0158446200398057,False,False,False,False,-0.10883587794700603,-0.12739506696613606,False,False,False,False,-888443,-773982.2469914195,False,False,False,False,129689.6655278393,False,False,False,False
2023-09-15 00:00:00+00:00,12.8365700764,13.1192280356,12.8170764241,12.8853042073,252875,,,,,,,,,,,,,,,,,,,,,,,,,,13.681883354608079,"rgba(239, 83, 80, 0.75)",0.0,0.0,0.41424767467292073,13.543103477042635,-1.7055820559535944,0.0,0.0,0.0,0.0,0.0,0.0,0.0,0.0,45.05588256238611,-3.4675600306108265,False,True,False,True,True,0.0,0,0.9920477831726929,0.9665715572112652,False,False,False,False,-0.03508539284082927,-0.08124022990348266,False,False,False,False,-1141318,-788387.5706388148,False,False,False,False,134520.4629581201,False,False,False,False
2023-09-18 00:00:00+00:00,12.9437851644,13.0412534262,12.8365700764,12.8365700764,62151,,,,,,,,,,,,,,,,,,,,,,,,,,13.680623713823161,"rgba(239, 83, 80, 0.5)",0.0,0.0,0.40899594485131213,13.541822917807725,-1.4622094936054637,0.0,0.0,0.0,0.0,0.0,0.0,0.0,0.0,46.70240411722398,-7.7979950876301345,False,False,False,True,True,0.0,0,0.9888162644205073,0.9765241640159392,False,False,False,False,-0.049779514888607115,-0.06550987239604489,False,False,False,False,-1079167,-799790.6855157241,False,False,False,False,131682.4448028997,False,False,False,False
2023-09-19 00:00:00+00:00,12.924291512,13.0607470785,12.8560637288,13.0607470785,62102,,,,,,,,,,,,,,,,,,,,,,,,,,13.679380347715457,#000000,0.0,0.0,0.40244096144200464,13.540545130906889,-1.531289500697847,0.0,0.0,0.0,0.0,0.0,0.0,0.0,0.0,47.56951106254193,-6.793932428457083,False,False,False,False,True,0.0,0,0.9930154896999659,0.976306743469791,False,False,False,False,-0.03998143821650793,-0.05274565530627641,False,False,False,False,-1141269,-813181.9919660878,False,False,False,False,128953.79990866834,False,False,False,False
2023-09-20 00:00:00+00:00,12.865810555,13.1192280356,12.8365700764,12.9730256429,82979,,,,,,,,,,,,,,,,,,,,,,,,,,13.6777108767918,#000000,0.0,0.0,0.39700256765478475,13.502839176989221,-1.6045957227741476,0.0,0.0,0.0,0.0,0.0,0.0,0.0,0.0,47.429979557758536,-6.728776660378628,False,False,False,False,True,0.0,0,0.9796070664655769,0.979540295894951,False,False,False,False,-0.03019102831875626,-0.04146834181251634,False,False,False,False,-1224248,-829302.2275752608,False,False,False,False,127150.86657891664,False,False,False,False
2023-09-21 00:00:00+00:00,12.865810555,12.8950510335,12.6708740314,12.758595467,115866,,,,,,,,,,,,,,,,,,,,,,,,,,13.674983587879387,#000000,0.0,0.0,0.39348511304374784,13.494637766845083,-1.5980965759565338,0.0,0.0,0.0,0.0,0.0,0.0,0.0,0.0,47.336958554569605,-6.571884468286541,False,False,False,False,True,0.0,0,0.9637153846454338,1.0202910273029926,False,False,False,False,-0.12867017123228924,-0.0850692565224028,False,False,False,False,-1224248,-844790.2970821133,False,False,False,False,126708.32279150815,False,False,False,False
2023-09-22 00:00:00+00:00,12.7488486408,12.9827724691,12.7293549885,12.8560637288,65553,,,,,,,,,,,,,,,,,,,,,,,,,,13.67346547982378,"rgba(239, 83, 80, 0.75)",0.0,0.0,0.39035156407293453,13.491723507377936,-1.9030918150468434,0.0,0.0,0.0,0.0,0.0,0.0,0.0,0.0,45.77289107399234,-6.571884468286541,False,True,False,True,True,0.0,0,0.9507216556764643,1.0182147954060112,False,False,False,False,-0.09155109528300501,-0.0883101759027039,False,False,False,False,-1289801,-862241.6971965403,False,False,False,False,124310.0748389,False,False,False,False
2023-09-25 00:00:00+00:00,12.8755573811,12.924291512,12.6318867267,12.6806208576,95504,,,,,,,,,,,,,,,,,,,,,,,,,,13.67123822115444,"rgba(239, 83, 80, 0.5)",0.0,0.0,0.38902735423957713,13.487661994085173,-1.5734230673358156,0.0,0.0,0.0,0.0,0.0,0.0,0.0,0.0,46.684889417716946,-6.571884468286541,False,False,False,True,True,0.0,0,0.9343626114793856,1.0270868876892703,False,False,False,False,-0.1311562355986695,-0.10973320575068671,False,False,False,False,-1194297,-875263.4737770681,False,False,False,False,123180.42484521764,False,False,False,False
2023-09-26 00:00:00+00:00,12.6611272052,12.8463169026,12.6318867267,12.7683422932,111678,,,,,,,,,,,,,,,,,,,,,,,,,,13.668355003181544,"rgba(239, 83, 80, 1.0)",0.0,0.0,0.3865825792560352,13.480935573186695,-2.120655228604425,0.0,0.0,0.0,0.0,0.0,0.0,0.0,0.0,44.70743974118574,-6.571884468286541,False,True,False,True,False,0.0,1,0.9348292423344476,1.0300293898559176,False,False,False,False,-0.15110555689284283,-0.13041938132176478,False,False,False,False,-1305975,-892154.1218642419,False,False,False,False,122729.34936109146,False,False,False,False
2023-09-27 00:00:00+00:00,12.2322668534,12.7196081623,12.0568239822,12.6221399005,233392,,,,,,,,,,,,,,,,,,,,,,,,,,13.66002982297616,"rgba(239, 83, 80, 1.0)",0.0,0.0,0.3906983393761402,13.388432077062888,-2.95922738117861,0.0,0.0,0.0,0.0,0.0,0.0,0.0,0.0,39.85414146382701,-6.266712976616077,False,True,False,True,False,0.0,1,0.8955381957013253,1.0391109736214634,False,False,False,False,-0.33831818864015634,-0.23436878498096056,False,False,False,False,-1539367,-917535.0190460364,False,False,False,False,127069.06115085258,False,False,False,False
2023-09-28 00:00:00+00:00,12.3297351152,12.3687224199,12.1055581131,12.2322668534,99469,,,,,,,,,,,,,,,,,,,,,,,,,,13.656332025366694,"rgba(239, 83, 80, 1.0)",0.0,0.0,0.39128122368097984,13.376836855976498,-2.6760848142057094,0.0,0.0,0.0,0.0,0.0,0.0,0.0,0.0,38.040883277147216,-7.838965160346724,False,True,False,True,False,0.0,1,0.8981592736821953,1.0615176188259805,False,False,False,False,-0.34282825441539394,-0.28859851969817724,False,False,False,False,-1439898,-938019.8418285447,False,False,False,False,125986.70581160346,False,False,False,False
2023-09-29 00:00:00+00:00,12.7391018146,12.8073295979,12.4369502031,12.4759375078,312744,,,,,,,,,,,,,,,,,,,,,,,,,,13.648088789841763,"rgba(239, 83, 80, 0.75)",0.0,0.0,0.3805981465270674,13.37342615577433,-1.6666511567712508,0.0,0.0,0.0,0.0,0.0,0.0,0.0,0.0,41.6437029517538,-7.838965160346724,False,True,False,True,True,0.0,1,0.9245175440485182,1.0330649284218076,False,False,False,False,-0.13987380646179384,-0.21423616307998555,False,False,False,False,-1127154,-945436.86763919,False,False,False,False,133310.52126997194,False,False,False,False
2023-10-02 00:00:00+00:00,12.3589755937,12.6708740314,12.212773201,12.5636589434,227816,,,,,,,,,,,,,,,,,,,,,,,,,,13.640688626521925,"rgba(239, 83, 80, 0.75)",0.0,0.0,0.37919999095197054,13.357277841546235,-2.6326536700067584,0.0,0.0,0.0,0.0,0.0,0.0,0.0,0.0,41.0568702987275,-7.838965160346724,False,True,False,True,True,0.0,1,0.907200537318256,1.0260893380691494,False,False,False,False,-0.23254195580722983,-0.2233890594436077,False,False,False,False,-1354970,-961496.9904768689,False,False,False,False,137016.6184750711,False,False,False,False
2023-10-03 00:00:00+00:00,12.4564438555,12.4808109209,12.2322668534,12.2420136796,151483,,,,,,,,,,,,,,,,,,,,,,,,,,13.635720144594167,"rgba(239, 83, 80, 0.75)",0.0,0.0,0.382788893065883,13.346911303830671,-2.32626250254709,0.0,0.0,0.0,0.0,0.0,0.0,0.0,0.0,41.651993187455034,-7.838965160346724,False,True,False,True,True,0.0,1,0.9204278659500947,1.0362329912005313,False,False,False,False,-0.2776795712811764,-0.250534315362392,False,False,False,False,-1203487,-970986.7947718936,False,False,False,False,137583.92755448006,False,False,False,False
2023-10-04 00:00:00+00:00,12.3687224199,12.4954311602,12.2322668534,12.4954311602,86610,,,,,,,,,,,,,,,,,,,,,,,,,,13.632841910099497,"rgba(239, 83, 80, 0.75)",0.0,0.0,0.3889040505246131,13.340959265786712,-2.4999401383842907,0.0,0.0,0.0,0.0,0.0,0.0,0.0,0.0,41.38518686734102,-7.838965160346724,False,True,False,True,True,0.0,1,0.9162820531803639,1.046696053469819,False,False,False,False,-0.27376957887358194,-0.26215194711798695,False,False,False,False,-1290097,-983500.9204671135,False,False,False,False,135584.950003324,False,False,False,False
2023-10-05 00:00:00+00:00,12.3492287675,12.5246716387,12.3004946366,12.3102414628,76323,,,,,,,,,,,,,,,,,,,,,,,,,,13.630368120008745,"rgba(239, 83, 80, 0.75)",0.0,0.0,0.3958287070024787,13.336201204604894,-2.493433193815106,0.0,0.0,0.0,0.0,0.0,0.0,0.0,0.0,41.054387385905486,-7.838965160346724,False,True,False,True,True,0.0,0,0.9290178944066214,1.0409785398458924,False,False,False,False,-0.24790440055865623,-0.2550281738383216,False,False,False,False,-1366420,-998517.3549585992,False,False,False,False,133260.95196397795,False,False,False,False
2023-10-06 00:00:00+00:00,12.6026462482,12.6221399005,12.2225200272,12.3102414628,65088,,,,,,,,,,,,,,,,,,,,,,,,,,13.628420592097392,"rgba(239, 83, 80, 0.75)",0.0,0.0,0.3979643439394809,13.333133197188522,-1.8355587884014273,0.0,0.0,0.0,0.0,0.0,0.0,0.0,0.0,43.58322540676541,-10.839662559124335,False,True,False,True,True,0.0,1,0.9385227499380113,1.018405058047895,False,False,False,False,-0.2427711720689525,-0.24889967295363705,False,False,False,False,-1301332,-1010392.4390778699,False,False,False,False,130587.50286735137,False,False,False,False
2023-10-09 00:00:00+00:00,12.7780891194,12.8463169026,12.6952410968,12.7196081623,57022,,,,,,,,,,,,,,,,,,,,,,,,,,13.62715138080124,#000000,0.0,0.0,0.3987089207888367,13.332898535632873,-1.3915149305794179,0.0,0.0,0.0,0.0,0.0,0.0,0.0,0.0,46.90116637332848,-7.660503789538595,False,False,False,False,True,0.0,1,0.9610842392035315,1.0008236959821555,False,False,False,False,-0.06530879501295947,-0.15710423398329826,False,False,False,False,-1244310,-1019565.6767610908,False,False,False,False,127702.58118627878,False,False,False,False
2023-10-10 00:00:00+00:00,12.8170764241,12.8853042073,12.6708740314,12.7391018146,83411,,,,,,,,,,,,,,,,,,,,,,,,,,13.625340275683591,#000000,0.0,0.0,0.3991961457917849,13.332628851469511,-1.291476465402591,0.0,0.0,0.0,0.0,0.0,0.0,0.0,0.0,49.46582127325436,-5.27923359687226,True,False,False,False,True,0.0,1,0.9388403222349757,1.0201320446585944,False,False,False,False,-0.06166697456747919,-0.10938560427538872,False,False,False,False,-1160899,-1025108.1600253617,False,False,False,False,125965.65643387569,False,False,False,False
2023-10-11 00:00:00+00:00,12.9145446859,12.9632788167,12.7780891194,12.8560637288,60262,,,,,,,,,,,,,,,,,,,,,,,,,,13.624183905763099,"rgba(38, 166, 154, 1.0)",0.0,0.0,0.3992651599995803,13.333122397339176,-1.0483702395661492,0.0,0.0,0.0,0.0,0.0,0.0,0.0,0.0,52.067554147713025,-2.8898552067118786,True,False,True,False,True,0.0,1,0.9734113303362855,1.009563028733935,False,False,False,False,-0.01564596221817341,-0.06251578324678106,False,False,False,False,-1100637,-1028070.0753184847,False,False,False,False,123389.04245607664,False,False,False,False
2023-10-12 00:00:00+00:00,12.5149248126,12.9047978597,12.2907478105,12.9047978597,112576,,,,,,,,,,,,,,,,,,,,,,,,,,13.621116070427103,#000000,0.0,0.0,0.4029578774985978,13.329073251856567,-2.020430632378938,0.0,0.0,0.0,0.0,0.0,0.0,0.0,0.0,49.79343611304875,-2.8898552067118786,True,False,False,False,True,0.0,1,0.9687889435554857,0.9898198650465835,False,False,False,False,-0.15222427759247995,-0.1073700304196305,False,False,False,False,-1213213,-1035330.5821687402,False,False,False,False,122965.0015754462,False,False,False,False
2023-10-13 00:00:00+00:00,12.9145446859,13.0607470785,12.6708740314,12.7391018146,128985,,,,,,,,,,,,,,,,,,,,,,,,,,13.618659620283491,#000000,0.0,0.0,0.4028786819952986,13.293469164699923,-0.9405423908836795,0.0,0.0,0.0,0.0,0.0,0.0,0.0,0.0,51.70205925565712,-2.8898552067118786,True,False,False,False,True,0.0,1,0.9774541636589773,0.9553785710771729,False,False,False,False,-0.01806476826506759,-0.06271739934234905,False,False,False,False,-1084228,-1037248.1279660445,False,False,False,False,123201.07994503654,False,False,False,False
2023-10-16 00:00:00+00:00,12.5539121173,12.9340383382,12.5539121173,12.8463169026,114489,,,,,,,,,,,,,,,,,,,,,,,,,,13.61590035313342,#000000,0.0,0.0,0.4057820222037918,13.286241188375396,-1.804735131187271,0.0,0.0,0.0,0.0,0.0,0.0,0.0,0.0,50.06862426890527,-2.8898552067118786,True,False,False,False,True,0.0,1,0.9758659399442314,0.9641195155372606,False,False,False,False,-0.07867769054470589,-0.07069754494352747,False,False,False,False,-1198717,-1043580.2405948271,False,False,False,False,122859.42975111354,False,False,False,False
2023-10-17 00:00:00+00:00,12.7488486408,12.7878359455,12.4954311602,12.6026462482,60050,,,,,,,,,,,,,,,,,,,,,,,,,,13.614454580103747,#000000,0.0,0.0,0.40377848877727246,13.283810730800965,-1.3248900198248414,0.0,0.0,0.0,0.0,0.0,0.0,0.0,0.0,50.49386819888107,-2.8898552067118786,True,False,False,False,True,0.0,1,0.978358995579412,0.9697145591197509,False,False,False,False,-0.13002404061004424,-0.10036079277678586,False,False,False,False,-1138667,-1047309.1331205202,False,False,False,False,120396.314858913,False,False,False,False
2023-10-18 00:00:00+00:00,12.6708740314,12.9241940438,12.651380379,12.7975827717,69913,,,,,,,,,,,,,,,,,,,,,,,,,,13.61290485048169,#000000,0.0,0.0,0.39774269657035355,13.28266821009909,-1.5381657135994038,0.0,0.0,0.0,0.0,0.0,0.0,0.0,0.0,50.157618627719124,-2.8898552067118786,True,False,False,False,True,0.0,1,0.9882635382979216,0.9572512924224472,False,False,False,False,-0.05683799663749246,-0.07859939470713917,False,False,False,False,-1208580,-1053633.4808412842,False,False,False,False,118416.57702130858,False,False,False,False
2023-10-19 00:00:00+00:00,12.7293549885,12.758595467,12.5539121173,12.5831525958,80210,,,,,,,,,,,,,,,,,,,,,,,,,,13.610993910234756,#000000,0.0,0.0,0.3985428405136329,13.280154288122656,-1.3820328547686307,0.0,0.0,0.0,0.0,0.0,0.0,0.0,0.0,50.421890646541094,-2.8898552067118786,True,False,False,False,True,0.0,1,0.9739715376845031,0.9996711594449684,False,False,False,False,-0.12265324800311778,-0.10062632135512847,False,False,False,False,-1128370,-1056564.3247298612,False,False,False,False,116918.27988321806,False,False,False,False
2023-10-20 00:00:00+00:00,12.651380379,12.9278978377,12.5685323565,12.6708740314,97125,,,,,,,,,,,,,,,,,,,,,,,,,,13.60877788076424,#000000,0.0,0.0,0.3987401687257666,13.278080260213354,-1.571699894736128,0.0,0.0,0.0,0.0,0.0,0.0,0.0,0.0,49.90500503357058,-2.8898552067118786,True,False,False,False,False,0.0,1,0.9594824410717228,0.9941518749094072,False,False,False,False,-0.07656122711762994,-0.08859377423637921,False,False,False,False,-1225495,-1063189.057093396,False,False,False,False,116142.07282897421,False,False,False,False
2023-10-23 00:00:00+00:00,12.4174565508,12.758595467,12.2615073319,12.5831525958,147333,,,,,,,,,,,,,,,,,,,,,,,,,,13.604551319516721,#000000,0.0,0.0,0.4026834254215166,13.268794017698365,-2.1141606859214797,0.0,0.0,0.0,0.0,0.0,0.0,0.0,0.0,47.626995704444035,-2.8898552067118786,True,False,False,False,False,0.0,1,0.9376755557126524,1.0072481450646023,False,False,False,False,-0.1970986445175199,-0.14284620937694956,False,False,False,False,-1372828,-1075331.7607367923,False,False,False,False,117365.24644352424,False,False,False,False
2023-10-24 00:00:00+00:00,12.7780891194,12.8853042073,12.3394819414,12.3394819414,108490,,,,,,,,,,,,,,,,,,,,,,,,,,13.601976979407656,#000000,0.0,0.0,0.40304624974564396,13.266158543190508,-1.2109514084265036,0.0,0.0,0.0,0.0,0.0,0.0,0.0,0.0,49.28775273555373,-2.8898552067118786,True,False,False,False,False,0.0,1,0.9316084193487035,1.0124063806176808,False,False,False,False,-0.1448087021589754,-0.14382745576796246,False,False,False,False,-1264338,-1082743.7701196633,False,False,False,False,117017.19756338604,False,False,False,False
2023-10-25 00:00:00+00:00,12.7488486408,12.9145446859,12.6903676838,12.7683422932,181145,,,,,,,,,,,,,,,,,,,,,,,,,,13.59824414599725,#000000,0.0,0.0,0.403678508180661,13.265047879292776,-1.2787384714119037,0.0,0.0,0.0,0.0,0.0,0.0,0.0,0.0,50.136728883450665,-2.8898552067118786,True,False,False,False,True,0.0,1,0.9414513112697733,1.0089339563984647,False,False,False,False,-0.049538819444682435,-0.09668313760632245,False,False,False,False,-1445483,-1096968.837958108,False,False,False,False,119532.01334521404,False,False,False,False
2023-10-26 00:00:00+00:00,12.4466970293,12.6708740314,12.1153049393,12.6026462482,137254,,,,,,,,,,,,,,,,,,,,,,,,,,13.594150003622515,#000000,0.0,0.0,0.4016147951671885,13.256624906055908,-2.0166783856126203,0.0,0.0,0.0,0.0,0.0,0.0,0.0,0.0,48.22565426411018,-2.8898552067118786,True,False,False,False,True,0.0,1,0.9070773833997697,1.0213440238321714,False,False,False,False,-0.2582096857568939,-0.17744641168160818,False,False,False,False,-1582737,-1116018.569802888,False,False,False,False,120226.99321402918,False,False,False,False
2023-10-27 00:00:00+00:00,12.651380379,12.7293549885,12.4369502031,12.4369502031,98131,,,,,,,,,,,,,,,,,,,,,,,,,,13.591719543264482,#000000,0.0,0.0,0.3981761193774537,13.253597746384674,-1.512439692079568,0.0,0.0,0.0,0.0,0.0,0.0,0.0,0.0,48.74028681303761,-2.8898552067118786,True,False,False,False,True,0.0,1,0.9364731542161804,1.0111252496886431,False,False,False,False,-0.15965650439192516,-0.1685514580367667,False,False,False,False,-1484606,-1130472.9788302258,False,False,False,False,119360.48367622412,False,False,False,False
2023-10-30 00:00:00+00:00,12.7683422932,12.8268232503,12.3589755937,12.6806208576,153087,,,,,,,,,,,,,,,,,,,,,,,,,,13.588125583836417,#000000,0.0,0.0,0.3909981607249065,13.249913244655085,-1.231645055726752,0.0,0.0,0.0,0.0,0.0,0.0,0.0,0.0,50.04107168548931,-2.8898552067118786,True,False,False,False,True,0.0,1,0.9348662843985842,1.0057686510973796,False,False,False,False,-0.15469979315343962,-0.16162562559510316,False,False,False,False,-1331519,-1138357.136523158,False,False,False,False,120683.09215950946,False,False,False,False
2023-10-31 00:00:00+00:00,12.4954311602,12.8463169026,12.3979628984,12.651380379,345119,,,,,,,,,,,,,,,,,,,,,,,,,,13.579512684455956,#000000,0.0,0.0,0.38339215056470255,13.238923615338305,-1.9392479841937438,0.0,0.0,0.0,0.0,0.0,0.0,0.0,0.0,48.661913573185416,-2.8898552067118786,True,False,False,False,True,0.0,1,0.9262127057065543,1.0099275412619027,False,False,False,False,-0.13987380646179473,-0.15074971602844894,False,False,False,False,-1676638,-1159466.189992838,False,False,False,False,129484.50031011693,False,False,False,False
2023-11-01 00:00:00+00:00,12.4954311602,12.5508906012,12.3784692461,12.4077097246,116950,,,,,,,,,,,,,,,,,,,,,,,,,,13.576324324891205,#000000,0.0,0.0,0.37292588956990413,13.233985732513162,-1.9804325550176656,0.0,0.0,0.0,0.0,0.0,0.0,0.0,0.0,47.74247483164949,-2.8898552067118786,True,False,False,False,False,0.0,1,0.9183612349692536,1.024281044313966,False,False,False,False,-0.22060862728033143,-0.18567917165439018,False,False,False,False,-1676638,-1179747.4374440992,False,False,False,False,128992.95127834764,False,False,False,False
2023-11-02 00:00:00+00:00,12.5344184649,12.6416335529,12.4077097246,12.592899422,82191,,,,,,,,,,,,,,,,,,,,,,,,,,13.574201854285054,#000000,0.0,0.0,0.3621382550309624,13.231091846764542,-1.923777375590926,0.0,0.0,0.0,0.0,0.0,0.0,0.0,0.0,47.51989757218996,-2.8898552067118786,True,False,False,False,False,0.0,1,0.9129935321236844,1.047835361524406,False,False,False,False,-0.18684591341658977,-0.18626254253548996,False,False,False,False,-1594447,-1196010.165387468,False,False,False,False,127157.58063998107,False,False,False,False
2023-11-03 00:00:00+00:00,12.9827724691,13.1777089927,12.6221399005,12.6221399005,167464,,,,,,,,,,,,,,,,,,,,,,,,,,13.57154541721845,#000000,0.0,0.0,0.3531743799752459,13.200556327298344,-0.6166468196634418,0.0,0.0,0.0,0.0,0.0,0.0,0.0,0.0,51.164244499732405,-2.839618605321803,True,False,False,False,True,0.03971265552773673,1,0.9247582368601676,1.0023828037852403,False,False,False,False,0.004925387317820664,-0.09066857760883465,False,False,False,False,-1426983,-1205067.9236075673,False,False,False,False,128738.2245364524,False,False,False,False
2023-11-06 00:00:00+00:00,12.7488486408,13.0510002523,12.7001145099,12.8950510335,83261,,,,,,,,,,,,,,,,,,,,,,,,,,13.570040734338628,#000000,0.0,0.0,0.34385260748508606,13.19881492280856,-1.3086022098235122,0.0,0.0,0.0,0.0,0.0,0.0,0.0,0.0,51.453809874183804,-2.526211867780674,True,False,False,False,True,0.0,1,0.947018315958556,1.00014598830468,False,False,False,False,-0.007388218859313361,-0.049028398234074004,False,False,False,False,-1510244,-1217035.6128778588,False,False,False,False,126954.80396639544,False,False,False,False
2023-11-07 00:00:00+00:00,12.5539121173,12.6903676838,12.3394819414,12.5636589434,157537,,,,,,,,,,,,,,,,,,,,,,,,,,13.566037198281796,#000000,0.0,0.0,0.33863407310722665,13.18644743268911,-1.8679021564047462,0.0,0.0,0.0,0.0,0.0,0.0,0.0,0.0,50.06036724085416,-2.526211867780674,True,False,False,False,True,0.0,1,0.9197389073765109,1.0081269214806177,False,False,False,False,-0.19195009984259206,-0.12048924903833304,False,False,False,False,-1667781,-1234711.902568923,False,False,False,False,128154.10577163484,False,False,False,False
2023-11-08 00:00:00+00:00,12.3394819414,12.4954311602,11.5499890209,12.3784692461,259515,,,,,,,,,,,,,,,,,,,,,,,,,,13.556995597341825,#000000,0.0,0.0,0.3312136605172778,13.084698393406422,-2.249956873284055,0.0,0.0,0.0,0.0,0.0,0.0,0.0,0.0,47.56114247296017,-2.526211867780674,True,False,False,False,False,0.0,1,0.8697436396155604,1.026361786148838,True,False,False,False,-0.34282825441539394,-0.23165875172686348,False,False,False,False,-1927296,-1261872.0632524947,False,False,False,False,133305.51338843346,False,False,False,False
2023-11-09 00:00:00+00:00,11.8716342848,12.3541021806,11.8521406325,12.319988289,115775,,,,,,,,,,,,,,,,,,,,,,,,,,13.552712211499252,"rgba(239, 83, 80, 1.0)",0.0,0.0,0.34354156793843776,13.070983250861712,-3.4911320142680173,0.0,0.0,0.0,0.0,0.0,0.0,0.0,0.0,43.15677474761164,-2.466775662130246,False,True,False,True,False,0.0,1,0.8734245250154854,1.0413856117930227,False,False,False,False,-0.3024779085272392,-0.26706833012705133,False,False,False,False,-2043071,-1292507.3156739655,False,False,False,False,132618.04227516157,False,False,False,False
2023-11-10 00:00:00+00:00,11.6864445874,11.9398620681,11.5792294995,11.774166023,119415,,,,,,,,,,,,,,,,,,,,,,,,,,13.547482512094193,"rgba(239, 83, 80, 1.0)",0.0,0.0,0.36650926078793755,13.050316431070588,-3.7212479726664376,0.0,0.0,0.0,0.0,0.0,0.0,0.0,0.0,39.33296042086617,-5.873342940448751,False,True,False,True,False,0.0,1,0.8712746231053772,1.0599285157711542,False,False,False,False,-0.34282825441539394,-0.30494829227122267,False,False,False,False,-2162486,-1326624.126824006,False,False,False,False,132100.27591142975,False,False,False,False
2023-11-13 00:00:00+00:00,11.6572041089,11.8765076979,11.5987231518,11.5987231518,126692,,,,,,,,,,,,,,,,,,,,,,,,,,13.541892764519613,"rgba(239, 83, 80, 1.0)",0.0,0.0,0.38645287854461885,13.031175261147714,-3.55533941789252,0.0,0.0,0.0,0.0,0.0,0.0,0.0,0.0,36.643433825255286,-8.182145664981263,False,True,False,True,False,0.0,0,0.8676267561882909,1.0703825018375916,False,False,False,False,-0.34282825441539394,-0.3238882733433083,False,False,False,False,-2289178,-1364371.3375367902,False,False,False,False,131888.18666000114,False,False,False,False
2023-11-14 00:00:00+00:00,12.0665708084,12.1737858963,11.6864445874,11.7254318921,194015,,,,,,,,,,,,,,,,,,,,,,,,,,13.534626680685498,"rgba(239, 83, 80, 1.0)",0.0,0.0,0.3874289241185445,13.01570593881759,-2.4498303335947518,0.0,0.0,0.0,0.0,0.0,0.0,0.0,0.0,38.74188740485711,-8.182145664981263,False,True,False,True,False,0.0,0,0.9072782473309674,1.0320013128913674,False,False,False,False,-0.23161877093145003,-0.27775352213737914,False,False,False,False,-2095163,-1393029.8341039747,False,False,False,False,134324.53228117755,False,False,False,False
2023-11-15 00:00:00+00:00,12.2517605057,12.3443553544,11.993469612,12.0763176345,112639,,,,,,,,,,,,,,,,,,,,,,,,,,13.531032491441128,"rgba(239, 83, 80, 0.75)",0.0,0.0,0.39144961575596754,13.011617661603083,-1.9411365481497445,0.0,0.0,0.0,0.0,0.0,0.0,0.0,0.0,41.623146107302155,-8.182145664981263,False,True,False,True,True,0.0,0,0.9370570044797002,0.9945266960556298,False,False,False,False,-0.10083151143296457,-0.18929251678517184,False,False,False,False,-1982524,-1416147.2523744071,False,False,False,False,133474.11925054315,False,False,False,False
2023-11-16 00:00:00+00:00,12.4077097246,12.6611272052,12.2712541581,12.2712541581,113520,,,,,,,,,,,,,,,,,,,,,,,,,,13.52810506396142,"rgba(239, 83, 80, 0.5)",0.0,0.0,0.39272393765383046,13.011997713497887,-1.538709334877727,0.0,0.0,0.0,0.0,0.0,0.0,0.0,0.0,44.724805664126535,-11.340655898947077,False,False,False,True,True,0.0,0,0.9569117368275755,0.9639576163368999,False,False,False,False,0.057765510033933334,-0.06576350337561926,False,False,False,False,-1869004,-1433906.3405165873,False,False,False,False,132691.6047701297,False,False,False,False
2023-11-17 00:00:00+00:00,12.212773201,12.6026462482,12.1932795487,12.5734057696,86414,,,,,,,,,,,,,,,,,,,,,,,,,,13.525660664126756,"rgba(239, 83, 80, 0.5)",0.0,0.0,0.3969695223198429,13.01038068010406,-2.0092410985179336,0.0,0.0,0.0,0.0,0.0,0.0,0.0,0.0,45.35415100882013,-10.80507793883119,False,False,False,True,True,0.0,0,0.9453522199108904,0.9872216633686874,False,False,False,False,0.021398128961366537,-0.02218268720712636,False,False,False,False,-1955418,-1454357.7781433878,False,False,False,False,130876.79673992854,False,False,False,False
2023-11-20 00:00:00+00:00,12.319988289,12.4077097246,12.1250517654,12.1250517654,69189,,,,,,,,,,,,,,,,,,,,,,,,,,13.523625504473875,#000000,0.0,0.0,0.3977395296605359,13.008425341064836,-1.7308741040962312,0.0,0.0,0.0,0.0,0.0,0.0,0.0,0.0,46.64149730843495,-9.519037043817363,True,False,False,False,True,0.0,1,0.9270627152312438,1.000271142328786,False,False,False,False,-0.04866315387134499,-0.035422920539235674,False,False,False,False,-1886229,-1471293.904490706,False,False,False,False,128457.66745600979,False,False,False,False
2023-11-21 00:00:00+00:00,12.5734057696,12.8555763875,12.4564438555,12.4564438555,108029,,,,,,,,,,,,,,,,,,,,,,,,,,13.521340053288714,#000000,0.0,0.0,0.3972420550227925,13.010733533358557,-1.1009100326335393,0.0,0.0,0.0,0.0,0.0,0.0,0.0,0.0,49.40445048453246,-6.816110542471662,True,False,False,False,True,0.0,1,0.9434413170601152,0.9657727031419776,False,False,False,False,0.16006427309350263,0.062320676277133474,False,False,False,False,-1778200,-1483329.4376479331,False,False,False,False,127656.54324204863,False,False,False,False
2023-11-22 00:00:00+00:00,12.5246716387,12.7001145099,12.4759375078,12.6611272052,47761,,,,,,,,,,,,,,,,,,,,,,,,,,13.520263924549225,#000000,0.0,0.0,0.39588850262048886,13.011162707786033,-1.2288587970244729,0.0,0.0,0.0,0.0,0.0,0.0,0.0,0.0,50.8207305961191,-5.386745602455889,True,False,False,False,True,0.0,1,0.940911499742103,0.9795972443111285,False,False,False,False,0.12315320016024396,0.09273693821868872,False,False,False,False,-1825961,-1496765.969504877,False,False,False,False,124523.38468353693,False,False,False,False
2023-11-24 00:00:00+00:00,12.7488486408,12.7683422932,12.4954311602,12.4954311602,48352,,,,,,,,,,,,,,,,,,,,,,,,,,13.51929548651904,"rgba(38, 166, 154, 1.0)",0.0,0.0,0.3949463108442819,13.01223157479699,-0.666882881964267,0.0,0.0,0.0,0.0,0.0,0.0,0.0,0.0,53.39101839471517,-2.8491318729288366,True,False,True,False,True,0.0,0,0.9406019007506181,0.9786166842717393,False,False,False,False,0.1469223396414516,0.11982963893007016,False,False,False,False,-1777609,-1507779.4216811564,False,False,False,False,121536.27155869236,False,False,False,False
2023-11-27 00:00:00+00:00,12.7293549885,12.7975827717,12.6221399005,12.7391018146,74616,,,,,,,,,,,,,,,,,,,,,,,,,,13.517885224257027,"rgba(38, 166, 154, 1.0)",0.0,0.0,0.3949460182402684,13.014167732188039,-0.721143474131115,0.0,0.0,0.0,0.0,0.0,0.0,0.0,0.0,54.91006885497096,-1.3060217693355156,True,False,True,False,True,0.0,0,0.9417862839012731,0.9875066454112155,False,False,False,False,0.18960732614141676,0.15471848253574347,False,False,False,False,-1852225,-1521287.0914191501,False,False,False,False,119696.26090933188,False,False,False,False
2023-11-28 00:00:00+00:00,13.0899875571,13.1484685141,12.6123930743,12.8170764241,148978,,,,,,,,,,,,,,,,,,,,,,,,,,13.515901721880633,"rgba(38, 166, 154, 1.0)",0.0,0.0,0.3949574372822496,13.021977799062782,0.17219515729391557,0.0,0.0,0.0,0.0,0.0,0.0,0.0,0.0,58.28658409617503,1.978494471427787,True,False,True,False,True,2.188686857104802,0,0.9412532637187766,0.9647519582355522,False,False,False,False,0.285657985532928,0.22018823403433574,False,False,False,False,-1703247,-1528422.7741085952,False,False,False,False,120844.56440308357,False,False,False,False
2023-11-29 00:00:00+00:00,13.0826774374,13.2098837251,12.9793467914,13.1511731308,92888,,,,,,,,,,,,,,,,,,,,,,,,,,13.514977148662147,"rgba(38, 166, 154, 1.0)",0.0,0.0,0.3917973458055015,13.027952031742174,0.13967783662575434,0.0,0.0,0.0,0.0,0.0,0.0,0.0,0.0,60.456380646346545,4.078811159466355,True,False,True,False,True,2.12934713294705,0,0.959924196160359,0.9625578426681345,False,False,False,False,0.3428281998348752,0.2815082169346055,False,False,False,False,-1796135,-1538921.2927710034,False,False,False,False,119748.22854413913,False,False,False,False
2023-11-30 00:00:00+00:00,13.6404280836,13.6795684798,13.1218178336,13.36644531,510756,,,,,,,,,,,,,,,,,,,,,,,,,,13.51457109542617,"rgba(38, 166, 154, 1.0)",0.0,0.0,0.4021160656838108,13.07629781599059,1.4029040760907916,0.0,0.0,0.0,0.0,0.0,0.0,0.0,0.0,64.70979550200644,8.106679580864487,True,False,True,False,True,6.244525573117507,0,0.9670494578178283,0.9394811440592885,False,False,False,False,0.3428282098800397,0.3121682134073226,False,False,False,False,-1285379,-1528978.457760376,False,True,False,False,135081.8666404474,False,False,False,False
2023-12-01 00:00:00+00:00,13.5915025883,13.7969896685,13.4163493152,13.6991386779,275676,,,,,,,,,,,,,,,,,,,,,,,,,,13.515122577701533,"rgba(38, 166, 154, 1.0)",0.0,0.0,0.4113904299741881,13.102360639126099,1.1889969078876985,0.0,0.0,0.0,0.0,0.0,0.0,0.0,0.0,66.99482604667558,10.228081331938924,True,False,True,False,True,5.835915147298071,0,0.9913365795720681,0.9221481921875245,False,False,False,False,0.3428282147879921,0.32749821409765734,False,False,False,False,-1561055,-1530236.3613776162,False,False,False,False,140595.36206631223,False,False,False,False
2023-12-04 00:00:00+00:00,13.5621472912,13.6502131827,13.2392390223,13.5719323902,188766,,,,,,,,,,,,,,,,,,,,,,,,,,13.514987563900748,"rgba(38, 166, 154, 1.0)",0.0,0.0,0.4213577437984538,13.11263267242496,1.0668241545124066,0.0,0.0,0.0,0.0,0.0,0.0,0.0,0.0,68.16820600711415,11.378013653309523,True,False,True,False,True,5.58776780021633,0,0.9792126140598311,0.9349211324169241,False,False,False,False,0.2799021873896399,0.3037002007436486,False,False,False,False,-1749821,-1538847.523676533,False,False,False,False,142484.40669116273,False,False,False,False
2023-12-05 00:00:00+00:00,13.36644531,13.5817174893,13.2926656632,13.5523621921,82532,,,,,,,,,,,,,,,,,,,,,,,,,,13.514796461179479,"rgba(38, 166, 154, 1.0)",0.0,0.0,0.42355275129889025,13.116213752460501,0.5907919539469985,0.0,0.0,0.0,0.0,0.0,0.0,0.0,0.0,66.6672774739599,11.378013653309523,True,False,True,False,True,3.939297225681141,0,0.9870209482013718,0.9354283061127822,False,False,False,False,0.27702989641441117,0.2903650485790299,False,False,False,False,-1832353,-1550357.5423558848,False,False,False,False,140133.33191896026,False,False,False,False
2023-12-06 00:00:00+00:00,13.3468751119,13.6404280836,13.2196688242,13.6404280836,134998,,,,,,,,,,,,,,,,,,,,,,,,,,13.514450731290854,"rgba(38, 166, 154, 1.0)",0.0,0.0,0.42648357485402494,13.122017190732308,0.5272370014358818,0.0,0.0,0.0,0.0,0.0,0.0,0.0,0.0,65.44230141707554,11.378013653309523,True,False,True,False,True,3.774870014076779,0,0.9848941392167082,0.9305029614908856,False,False,False,False,0.2743109261314085,0.2823379873552192,False,False,False,False,-1967351,-1566710.2269693795,False,False,False,False,139931.94635351084,False,False,False,False
2023-12-07 00:00:00+00:00,13.4545112015,13.5522643411,13.2685943195,13.5132217959,136766,,,,,,,,,,,,,,,,,,,,,,,,,,13.514173414537087,"rgba(38, 166, 154, 1.0)",0.0,0.0,0.43000416517237183,13.12841855601101,0.7583476438147371,0.0,0.0,0.0,0.0,0.0,0.0,0.0,0.0,65.36722969858909,11.378013653309523,True,False,True,False,True,4.5978756594,0,1.0172403052987795,0.9271079291845821,False,False,False,False,0.2668632544283665,0.2746006208917928,False,False,False,False,-1830585,-1577058.257284306,False,False,False,False,139807.79159454964,False,False,False,False
2023-12-08 00:00:00+00:00,13.3077347157,13.4545112015,13.1609582299,13.2294539233,121020,,,,,,,,,,,,,,,,,,,,,,,,,,13.513607865959761,"rgba(38, 166, 154, 0.75)",0.0,0.0,0.42226747854533975,13.131875250061075,0.4164646215350047,0.0,0.0,0.0,0.0,0.0,0.0,0.0,0.0,63.519044085896,11.378013653309523,True,False,True,False,False,3.3383229915149926,0,1.0090449562568116,0.9140012784051381,False,False,False,False,0.22832695460830935,0.25146378775005107,False,False,False,False,-1951605,-1591746.3648417844,False,False,False,False,139071.0154535869,False,False,False,False
2023-12-11 00:00:00+00:00,13.2588092204,13.2588092204,12.9359009516,13.2490241214,218966,,,,,,,,,,,,,,,,,,,,,,,,,,13.511820223042974,"rgba(38, 166, 154, 0.75)",0.0,0.0,0.4207916881952018,13.133703578923459,0.2973101536608901,0.0,0.0,0.0,0.0,0.0,0.0,0.0,0.0,61.699940738627504,11.378013653309523,True,False,True,False,False,2.918940242698543,0,0.9829293254802911,0.9427350067253416,False,False,False,False,0.15129488731544247,0.20137933753274678,False,False,False,False,-2170571,-1614445.3701421064,False,False,False,False,142204.15210246586,False,False,False,False
2023-12-12 00:00:00+00:00,12.8478350601,13.3273049138,12.7989095648,13.3273049138,205462,,,,,,,,,,,,,,,,,,,,,,,,,,13.509422514081841,"rgba(38, 166, 154, 0.75)",0.0,0.0,0.41868776819926873,13.131890581887168,-0.6784423700956465,0.0,0.0,0.0,0.0,0.0,0.0,0.0,0.0,56.34877137741864,12.517748539757108,True,False,True,False,False,0.0,0,0.991093391733794,0.9355605920010267,False,False,False,False,0.1389446670167674,0.17016200227475708,False,False,False,False,-2376033,-1644311.551705161,False,False,False,False,144684.85202001623,False,False,False,False
2023-12-13 00:00:00+00:00,13.2979496166,13.3077347157,12.6781614425,12.8771903573,191723,,,,,,,,,,,,,,,,,,,,,,,,,,13.507646989975276,"rgba(38, 166, 154, 0.75)",0.0,0.0,0.41860194902085196,13.109118662234803,0.4510990806585841,0.0,0.0,0.0,0.0,0.0,0.0,0.0,0.0,56.49264276726163,12.517748539757108,True,False,True,False,False,3.0292746065272596,0,0.9840472201369358,0.9280463071798414,False,False,False,False,0.1137711446628721,0.14196657346881458,False,False,False,False,-2184310,-1665487.9614422135,False,False,False,False,146529.48527413324,False,False,False,False
2023-12-14 00:00:00+00:00,13.2685943195,13.5817174893,13.0533221403,13.4349410034,185975,,,,,,,,,,,,,,,,,,,,,,,,,,13.506793406777293,"rgba(38, 166, 154, 0.75)",0.0,0.0,0.413579603487754,13.119800005735271,0.3597718855328761,0.0,0.0,0.0,0.0,0.0,0.0,0.0,0.0,56.31445081253046,12.255343081965378,True,False,True,False,False,2.7873142357360514,0,1.003318549432348,0.9158413014353676,False,False,False,False,0.23196854532453245,0.18696755939667353,False,False,False,False,-2370285,-1693127.0609934991,False,False,False,False,148076.3682045594,False,False,False,False
2023-12-15 00:00:00+00:00,13.1511731308,13.4251559044,12.9750413478,13.4055857063,229586,,,,,,,,,,,,,,,,,,,,,,,,,,13.505153014698202,"rgba(38, 166, 154, 0.75)",0.0,0.0,0.40704371505996156,13.12325497538194,0.06858760959851128,0.0,0.0,0.0,0.0,0.0,0.0,0.0,0.0,55.07825923000024,10.828572786700711,True,False,True,False,False,1.8150884762618382,0,0.9959233858246346,0.926126984413125,False,False,False,False,0.18863786528516413,0.18780271234091883,False,False,False,False,-2599871,-1728685.6468368915,False,False,False,False,151272.8243534002,False,False,False,False
2023-12-18 00:00:00+00:00,13.0924625365,13.2979496166,12.9163307535,13.2294539233,200686,,,,,,,,,,,,,,,,,,,,,,,,,,13.503372310487075,#000000,0.0,0.0,0.4019120977059842,13.123618695081465,-0.07751983271789328,0.0,0.0,0.0,0.0,0.0,0.0,0.0,0.0,53.694807739800424,9.26833166026583,True,False,False,False,False,1.3283583844433196,0,0.9968879916435499,0.9373532773571053,False,False,False,False,0.15483178934621586,0.17131725084356736,False,False,False,False,-2800557,-1770719.8175491705,False,False,False,False,153210.5959473845,False,False,False,False
2023-12-19 00:00:00+00:00,13.356660211,13.3615527605,13.0728923384,13.0924625365,249943,,,,,,,,,,,,,,,,,,,,,,,,,,13.502060281932453,"rgba(38, 166, 154, 0.75)",0.0,0.0,0.4027789881818538,13.130358542647992,0.5618507295366488,0.0,0.0,0.0,0.0,0.0,0.0,0.0,0.0,55.00300249429741,9.26833166026583,True,False,True,False,False,3.4112789315625633,1,0.9856830229771907,0.9428590937263437,False,False,False,False,0.19490980358916793,0.18311352721636764,False,False,False,False,-2550614,-1801303.9031354776,False,False,False,False,157004.02355729102,False,False,False,False
2023-12-20 00:00:00+00:00,12.9652562488,13.4153708053,12.921223303,13.4153708053,194592,,,,,,,,,,,,,,,,,,,,,,,,,,13.500356594047634,#000000,0.0,0.0,0.40362332746583823,13.130876294878831,-0.41033318643568656,0.0,0.0,0.0,0.0,0.0,0.0,0.0,0.0,52.38311718276836,7.739187336827378,False,False,False,False,False,0.19728772157833419,1,0.9795850843402137,0.9429160961989346,False,False,False,False,0.1770283939918957,0.1800709606041317,False,False,False,False,-2745206,-1838319.6716399686,False,False,False,False,158478.06184916195,False,False,False,False
2023-12-21 00:00:00+00:00,13.2588092204,13.3370900129,13.014181744,13.014181744,173068,,,,,,,,,,,,,,,,,,,,,,,,,,13.499239802178304,#000000,0.0,0.0,0.40673692388605576,13.133674324023696,0.3076556098736674,0.0,0.0,0.0,0.0,0.0,0.0,0.0,0.0,52.93460273245134,7.739187336827378,False,False,False,False,False,2.4724091785986566,1,0.9766755771657801,0.9486978982199594,False,False,False,False,0.1797032039198144,0.17988708226197303,False,False,False,False,-2572138,-1867096.860987421,False,False,False,False,159050.21628644972,False,False,False,False
2023-12-22 00:00:00+00:00,13.1413880318,13.5034366968,13.1038132514,13.3077347157,99028,,,,,,,,,,,,,,,,,,,,,,,,,,13.498703713257406,#000000,0.0,0.0,0.4082555001344354,13.135757146150738,0.013792553063971431,0.0,0.0,0.0,0.0,0.0,0.0,0.0,0.0,52.3246222279181,7.354800097372234,False,False,False,False,False,1.522439025367479,1,1.0054879745896872,0.9374709769529974,False,False,False,False,0.22679926510514706,0.20334317368356003,False,False,False,False,-2671166,-1898628.9840859536,False,False,False,False,156696.40388305957,False,False,False,False
2023-12-26 00:00:00+00:00,13.190313527,13.2881645176,13.0924625365,13.2098837251,57477,,,,,,,,,,,,,,,,,,,,,,,,,,13.498319895698948,#000000,0.0,0.0,0.41130857598149606,13.136529625525446,0.1307628982600507,0.0,0.0,0.0,0.0,0.0,0.0,0.0,0.0,52.313571492899385,7.073605785206169,False,False,False,False,False,1.903524170555773,1,0.9937086259775758,0.9629490819662861,False,False,False,False,0.18506050539325183,0.19420183953840592,False,False,False,False,-2613689,-1926670.5533374848,False,False,False,False,152805.44686803763,False,False,False,False
2023-12-27 00:00:00+00:00,13.2000986261,13.3370900129,13.1022476355,13.2979496166,100939,,,,,,,,,,,,,,,,,,,,,,,,,,13.497697951185845,#000000,0.0,0.0,0.4144475083392601,13.13812374218745,0.14953614792110104,0.0,0.0,0.0,0.0,0.0,0.0,0.0,0.0,52.390673428885535,6.837310001385866,False,False,False,False,False,1.98081148434839,1,1.0001004457588498,0.953754124300075,False,False,False,False,0.19580702111246753,0.19500443032543674,False,False,False,False,-2512750,-1949654.0610497403,False,False,False,False,150771.46855948714,False,False,False,False
2023-12-28 00:00:00+00:00,13.014181744,13.2783794185,12.9848264469,13.2098837251,135928,,,,,,,,,,,,,,,,,,,,,,,,,,13.49651129555962,#000000,0.0,0.0,0.4154481638586435,13.13837861044299,-0.2989467212695344,0.0,0.0,0.0,0.0,0.0,0.0,0.0,0.0,50.69198718995731,4.939025961044393,False,False,False,False,False,0.43445697225858027,1,0.9971066828419661,0.9493128417169493,False,False,False,False,0.1636910849183055,0.1793477576218711,False,False,False,False,-2648678,-1977066.764537986,False,False,False,False,150189.37175323276,False,False,False,False
2023-12-29 00:00:00+00:00,13.0239668431,13.1218178336,12.5836373856,12.8576201591,174094,,,,,,,,,,,,,,,,,,,,,,,,,,13.494319069142433,#000000,0.0,0.0,0.41649833109555856,13.135372773348493,-0.2674822968808791,0.0,0.0,0.0,0.0,0.0,0.0,0.0,0.0,49.66057552616695,3.736982385724943,False,False,False,False,False,0.5148126966407993,1,0.9692227431324568,0.9646673817571226,False,False,False,False,0.06385481828723688,0.121601287954554,False,False,False,False,-2474584,-1996577.2443600255,False,False,False,False,151126.80815506677,False,False,False,False
2024-01-02 00:00:00+00:00,12.6814883761,13.0239668431,12.6717032771,13.014181744,104701,,,,,,,,,,,,,,,,,,,,,,,,,,13.492745252278068,"rgba(239, 83, 80, 1.0)",0.0,0.0,0.4164762982268846,13.132428265158143,-1.082750425361501,0.0,0.0,0.0,0.0,0.0,0.0,0.0,0.0,46.09662676565759,0.23830144837510403,False,True,False,True,False,0.0,1,0.9786789630753396,0.9615563799761769,False,False,False,False,0.06212029841650279,0.0918607931855284,False,False,False,False,-2579285,-2019428.5288949264,False,False,False,False,149306.1882274171,False,False,False,False
2024-01-03 00:00:00+00:00,12.4955714941,12.7891244658,12.3879354045,12.4270758007,132424,,,,,,,,,,,,,,,,,,,,,,,,,,13.490100714239341,"rgba(239, 83, 80, 1.0)",0.0,0.0,0.41758561030989466,13.125763496894939,-1.509132468255471,0.0,0.0,0.0,0.0,0.0,0.0,0.0,0.0,42.45181707594931,-3.1724957422944158,False,True,False,True,False,0.0,1,0.9639093652757402,0.9817004989751331,False,False,False,False,-0.02953383756531375,0.031163477810107323,False,False,False,False,-2711709,-2046576.7826637528,False,False,False,False,148644.1416302635,False,False,False,False
2024-01-04 00:00:00+00:00,12.6717032771,12.7891244658,12.4270758007,12.6032075837,94038,,,,,,,,,,,,,,,,,,,,,,,,,,13.48837562279775,"rgba(239, 83, 80, 1.0)",0.0,0.0,0.417185958841219,13.121924183191117,-1.079185184807408,0.0,0.0,0.0,0.0,0.0,0.0,0.0,0.0,42.01872831314993,-3.52853196113238,False,True,False,True,False,0.0,1,0.9809676036430193,0.9731150185054933,False,False,False,False,-0.02261848591993255,0.004272495945087386,False,False,False,False,-2617671,-2068972.634323998,False,False,False,False,146502.72431142963,False,False,False,False
2024-01-05 00:00:00+00:00,12.7695542676,12.9163307535,12.5348097413,12.6325628809,132198,,,,,,,,,,,,,,,,,,,,,,,,,,13.486273805300206,"rgba(239, 83, 80, 1.0)",0.0,0.0,0.41674769590162153,13.118187362706212,-0.8365567429280074,0.0,0.0,0.0,0.0,0.0,0.0,0.0,0.0,42.77833113744893,-3.52853196113238,False,True,False,True,False,0.0,1,0.9823097440455856,0.9728673368021672,False,False,False,False,0.01886863048340778,0.011570563214247584,False,False,False,False,-2485473,-2085305.9819975668,False,False,False,False,145941.75473058925,False,False,False,False
2024-01-08 00:00:00+00:00,12.5151416922,12.7989095648,12.3781503054,12.5640671875,89468,,,,,,,,,,,,,,,,,,,,,,,,,,13.484523733285146,"rgba(239, 83, 80, 1.0)",0.0,0.0,0.4174939221419957,13.114261254733481,-1.4350378071604881,0.0,0.0,0.0,0.0,0.0,0.0,0.0,0.0,41.32704388354874,-4.234426781112994,False,True,False,True,False,0.0,1,0.9571563264988826,0.9804520447873999,False,False,False,False,-0.02953383758298476,-0.008981637184368589,False,False,False,False,-2574941,-2104507.3552525644,False,False,False,False,143727.09768233084,False,False,False,False
2024-01-09 00:00:00+00:00,12.3781503054,12.485786395,12.3210053269,12.4075056026,72130,,,,,,,,,,,,,,,,,,,,,,,,,,13.482859338495414,"rgba(239, 83, 80, 1.0)",0.0,0.0,0.4195187929154875,13.11003860533854,-1.7445900214677132,0.0,0.0,0.0,0.0,0.0,0.0,0.0,0.0,39.42693629222034,-6.104576306241981,False,True,False,True,False,0.0,0,0.9831112084410584,0.9860377863342703,False,False,False,False,-0.09518619486324015,-0.05208391602380437,False,False,False,False,-2647071,-2125784.3609289345,False,False,False,False,140919.36836145513,False,False,False,False
2024-01-10 00:00:00+00:00,12.3390099092,12.4662161969,12.299869513,12.299869513,58862,,,,,,,,,,,,,,,,,,,,,,,,,,13.481471727415201,"rgba(239, 83, 80, 1.0)",0.0,0.0,0.42215953161602743,13.106524186994946,-1.8180669162126943,0.0,0.0,0.0,0.0,0.0,0.0,0.0,0.0,37.89452102116775,-7.612610742111087,False,True,False,True,False,0.0,0,0.9654001353529605,0.9899553217916556,False,False,False,False,-0.10244368070645246,-0.07726379836512842,False,False,False,False,-2705933,-2148535.2879513293,False,False,False,False,137701.43234728044,False,False,False,False
2024-01-11 00:00:00+00:00,12.4075056026,12.4368608997,12.12373773,12.3487950082,91032,,,,,,,,,,,,,,,,,,,,,,,,,,13.479244774863107,"rgba(239, 83, 80, 1.0)",0.0,0.0,0.4236134055400567,13.100842369669497,-1.6367205522818014,0.0,0.0,0.0,0.0,0.0,0.0,0.0,0.0,37.76981662186314,-7.8347938680607,False,True,False,True,False,0.0,0,0.9600423140703713,0.9964394010586903,False,False,False,False,-0.13926091062735083,-0.10826235449623962,False,False,False,False,-2614901,-2166824.1394042186,False,False,False,False,135871.25852974004,False,False,False,False
2024-01-12 00:00:00+00:00,12.5836373856,12.8429425106,12.5053565931,12.5836373856,78206,,,,,,,,,,,,,,,,,,,,,,,,,,13.477867984184755,"rgba(239, 83, 80, 0.75)",0.0,0.0,0.4238919475182529,13.098371217629545,-1.2143043411018815,0.0,0.0,0.0,0.0,0.0,0.0,0.0,0.0,39.864555474913104,-7.8347938680607,False,True,False,True,True,0.0,0,0.972694163406956,0.9784407260541741,False,False,False,False,0.0007087268818510333,-0.0537768138071943,False,False,False,False,-2536695,-2181328.879035426,False,False,False,False,133609.87584229925,False,False,False,False
2024-01-16 00:00:00+00:00,12.1726632252,12.5183707749,12.1530930271,12.3292248101,93482,,,,,,,,,,,,,,,,,,,,,,,,,,13.475515178131925,"rgba(239, 83, 80, 0.75)",0.0,0.0,0.42490109017906136,13.092466955610202,-2.1647478711400314,0.0,0.0,0.0,0.0,0.0,0.0,0.0,0.0,38.15367736060463,-7.8347938680607,False,True,False,True,True,0.0,0,0.9527098331075248,0.9768789251182766,False,False,False,False,-0.11935681676789157,-0.08656681528754294,False,False,False,False,-2630177,-2198930.766132076,False,False,False,False,132036.23365240518,False,False,False,False
2024-01-17 00:00:00+00:00,12.0161016404,12.1824483243,11.947605947,12.1824483243,97951,,,,,,,,,,,,,,,,,,,,,,,,,,13.472581413740446,"rgba(239, 83, 80, 1.0)",0.0,0.0,0.43043869574939453,13.084452504003687,-2.4820046946376095,0.0,0.0,0.0,0.0,0.0,0.0,0.0,0.0,36.07011284490696,-9.48055084600091,False,True,False,True,False,0.0,0,0.9407151384444019,0.9986868597989345,False,False,False,False,-0.21776252358881043,-0.1521646694381767,False,False,False,False,-2728128,-2219683.598832779,False,False,False,False,130699.55782289909,False,False,False,False
2024-01-18 00:00:00+00:00,12.1726632252,12.257989289,11.9672739961,12.0552420366,79342,,,,,,,,,,,,,,,,,,,,,,,,,,13.47035338994689,"rgba(239, 83, 80, 1.0)",0.0,0.0,0.4352127522453264,13.078707402143763,-2.081841977904709,0.0,0.0,0.0,0.0,0.0,0.0,0.0,0.0,36.5475726447574,-9.48055084600091,False,True,False,True,False,0.0,0,0.9340559754175257,1.0271983107349676,False,False,False,False,-0.2002071113118758,-0.17618589037502624,False,False,False,False,-2648786,-2236511.1439765915,False,False,False,False,128685.53594749128,False,False,False,False
2024-01-19 00:00:00+00:00,12.0650271356,12.1824483243,11.8399698574,12.1726632252,107580,,,,,,,,,,,,,,,,,,,,,,,,,,13.467111406332654,"rgba(239, 83, 80, 1.0)",0.0,0.0,0.439825772730132,12.994684224184656,-2.113693981173484,0.0,0.0,0.0,0.0,0.0,0.0,0.0,0.0,36.134022858660956,-9.577337688441851,False,True,False,True,False,0.0,0,0.9233381096581451,1.0245458781990386,False,False,False,False,-0.23777036604800503,-0.20697812821151562,False,False,False,False,-2756366,-2256897.608918686,False,False,False,False,127857.86787111907,False,False,False,False
2024-01-22 00:00:00+00:00,12.0063165413,12.2313738196,11.8693251545,12.0063165413,92845,,,,,,,,,,,,,,,,,,,,,,,,,,13.464337813206017,"rgba(239, 83, 80, 1.0)",0.0,0.0,0.4464659715206378,12.987879657552014,-2.1985171969744197,0.0,0.0,0.0,0.0,0.0,0.0,0.0,0.0,35.45894578859708,-10.397062805750807,False,True,False,True,False,0.0,0,0.9455409438468138,1.00628054049288,False,False,False,False,-0.22320156862630064,-0.21508984841890813,False,False,False,False,-2849211,-2280125.585039522,False,False,False,False,126484.81422911442,False,False,False,False
2024-01-23 00:00:00+00:00,12.3781503054,12.4172907016,12.0259845904,12.0748122347,72105,,,,,,,,,,,,,,,,,,,,,,,,,,13.462549005551487,"rgba(239, 83, 80, 0.75)",0.0,0.0,0.44636929243174606,12.987210959996716,-1.3644770483172222,0.0,0.0,0.0,0.0,0.0,0.0,0.0,0.0,39.208540233892705,-10.397062805750807,False,True,False,True,True,0.0,0,0.9968581570991892,0.9880566139441839,False,False,False,False,-0.16044490304440048,-0.1877673757316543,False,False,False,False,-2777106,-2299615.013077188,False,False,False,False,124352.27249463934,False,False,False,False
2024-01-24 00:00:00+00:00,12.2607291167,12.5347118903,12.0748122347,12.5347118903,110052,,,,,,,,,,,,,,,,,,,,,,,,,,13.459866373919448,"rgba(239, 83, 80, 0.75)",0.0,0.0,0.4474575946818855,12.984385532811553,-1.6172625623351573,0.0,0.0,0.0,0.0,0.0,0.0,0.0,0.0,40.73857268932082,-13.579319379548295,False,True,False,True,True,0.0,1,0.9831743569933384,0.9740598723961397,False,False,False,False,-0.13046450940505994,-0.15911594256835712,False,False,False,False,-2887158,-2322655.9145251415,False,False,False,False,123791.47749484956,False,False,False,False
2024-01-25 00:00:00+00:00,12.4564310979,12.476001296,12.0552420366,12.2900844139,122444,,,,,,,,,,,,,,,,,,,,,,,,,,13.45699545016565,"rgba(239, 83, 80, 0.75)",0.0,0.0,0.448254223957672,12.98085113614097,-1.1699165567494814,0.0,0.0,0.0,0.0,0.0,0.0,0.0,0.0,43.678492718351634,-10.817920243128313,False,True,False,True,True,0.0,1,0.9968621245123644,0.9550112895856655,False,False,False,False,-0.14454896220322372,-0.1518324523857904,False,False,False,False,-2764714,-2339991.525720234,False,False,False,False,123738.63524014958,False,False,False,False
2024-01-26 00:00:00+00:00,12.4955714941,12.5542820884,12.3585801073,12.3781503054,62282,,,,,,,,,,,,,,,,,,,,,,,,,,13.455721636179684,#000000,0.0,0.0,0.44885355417969325,12.980224163877438,-1.079756783174346,0.0,0.0,0.0,0.0,0.0,0.0,0.0,0.0,46.00917179484756,-8.680536905056798,False,True,False,False,True,0.0,1,1.0121908180108043,0.9471558915119815,False,False,False,False,-0.1234311478500478,-0.1376318001179191,False,False,False,False,-2702432,-2354204.877652774,False,False,False,False,121328.5711130849,False,False,False,False
2024-01-29 00:00:00+00:00,12.8184797629,12.9261158525,12.4319683502,12.5444969894,245963,,,,,,,,,,,,,,,,,,,,,,,,,,13.452020767225985,#000000,0.0,0.0,0.44885830332682936,12.98449312206482,-0.3698569413428896,0.0,0.0,0.0,0.0,0.0,0.0,0.0,0.0,50.304583136090926,-4.7470399744922105,False,False,False,False,True,0.3030709016386055,1,1.0130123794365398,0.9446393469210294,False,False,False,False,-0.05378687695903322,-0.09570933853847616,False,False,False,False,-2456469,-2358215.235391881,False,False,False,False,126216.19577531687,False,False,False,False
2024-01-30 00:00:00+00:00,12.8086946639,12.9034144227,12.6423479799,12.7891244658,302368,,,,,,,,,,,,,,,,,,,,,,,,,,13.447889460844294,"rgba(38, 166, 154, 0.5)",0.0,0.0,0.4483578792617959,12.987492155071305,-0.39878297993934486,0.0,0.0,0.0,0.0,0.0,0.0,0.0,0.0,53.05968444124584,-2.3325370324442645,False,False,True,False,True,0.22003295337548678,0,1.0078200850961163,0.9548795582228382,False,False,False,False,-0.01491740953082252,-0.05531337403464934,False,False,False,False,-2758837,-2373925.8928274936,False,False,False,False,133124.10966648092,False,False,False,False
2024-01-31 00:00:00+00:00,12.4955714941,13.004396645,12.476001296,12.8576201591,266734,,,,,,,,,,,,,,,,,,,,,,,,,,13.443601880898477,"rgba(38, 166, 154, 0.5)",0.0,0.0,0.44847370506952156,12.940475247797622,-0.9920397755062441,0.0,0.0,0.0,0.0,0.0,0.0,0.0,0.0,51.7167263533308,-2.3325370324442645,False,False,True,False,True,0.0,1,0.9848252978424706,0.9678828392011998,False,False,False,False,-0.02844374974695358,-0.041878561890801455,False,False,False,False,-3025571,-2399480.60291269,False,False,False,False,138363.71320897187,False,False,False,False
2024-02-01 00:00:00+00:00,12.8086946639,12.9652562488,12.485786395,12.485786395,114474,,,,,,,,,,,,,,,,,,,,,,,,,,13.441996059355274,"rgba(38, 166, 154, 0.5)",0.0,0.0,0.44796752091442904,12.941765417597756,-0.29705446820367615,0.0,0.0,0.0,0.0,0.0,0.0,0.0,0.0,53.4027352017143,-2.3112962215408857,False,False,True,False,True,0.25648667579491047,0,0.9896065976336776,0.9669629491731498,False,False,False,False,-0.03452154520995959,-0.038200053550380524,False,False,False,False,-2911097,-2419543.991033761,False,False,False,False,137426.8617105808,False,False,False,False
2024-02-02 00:00:00+00:00,12.4662161969,12.6752259127,12.299967364,12.6227777818,125019,,,,,,,,,,,,,,,,,,,,,,,,,,13.439559637164674,#000000,0.0,0.0,0.4484742402408517,12.935547068908097,-1.0465057519380476,0.0,0.0,0.0,0.0,0.0,0.0,0.0,0.0,51.60198577134,-2.3112962215408857,False,False,False,False,True,0.0,0,0.9763796729388573,0.9653192904657039,False,False,False,False,-0.1337224156507403,-0.08596123460056042,False,False,False,False,-3036116,-2443723.285503025,False,False,False,False,136940.27889840116,False,False,False,False
2024-02-05 00:00:00+00:00,12.3487950082,12.4613236474,12.2313738196,12.3487950082,75907,,,,,,,,,,,,,,,,,,,,,,,,,,13.437881569531587,#000000,0.0,0.0,0.4502744858685286,12.93050314464602,-1.2918967312215581,0.0,0.0,0.0,0.0,0.0,0.0,0.0,0.0,49.520269037918254,-2.3112962215408857,False,False,False,False,False,0.0,1,0.9614884464619048,1.0023645598057003,False,False,False,False,-0.1937500965479777,-0.13985566557426907,False,False,False,False,-3112023,-2469931.117444083,False,False,False,False,134546.8169808168,False,False,False,False
2024-02-06 00:00:00+00:00,12.4368608997,12.5053565931,12.3194397111,12.4075056026,56938,,,,,,,,,,,,,,,,,,,,,,,,,,13.436710692431253,#000000,0.0,0.0,0.4512592416844972,12.927793175862291,-1.087916281403346,0.0,0.0,0.0,0.0,0.0,0.0,0.0,0.0,48.92410034318993,-2.3112962215408857,False,False,False,False,False,0.0,1,0.9651224134391183,0.9915651262893566,False,False,False,False,-0.1655342249603228,-0.15269494526729593,False,False,False,False,-3055085,-2492878.3285247074,False,False,False,False,131503.33396196124,False,False,False,False
2024-02-07 00:00:00+00:00,12.476001296,12.5249267913,12.3977205035,12.4368608997,45903,,,,,,,,,,,,,,,,,,,,,,,,,,13.435811031273273,#000000,0.0,0.0,0.45192874799286165,12.926078633413548,-0.9959033131051384,0.0,0.0,0.0,0.0,0.0,0.0,0.0,0.0,48.88915612515095,-2.3112962215408857,False,False,False,False,False,0.0,1,0.9680541450746565,0.9941542163862486,False,False,False,False,-0.1448031171706831,-0.14874903121898952,False,False,False,False,-3009182,-2513125.53132766,False,False,False,False,128146.4581203157,False,False,False,False
2024-02-08 00:00:00+00:00,12.4564310979,12.5934224846,12.3488928592,12.3879354045,114841,,,,,,,,,,,,,,,,,,,,,,,,,,13.433567606996645,#000000,0.0,0.0,0.45270974898468336,12.922046388632504,-1.0285073201466612,0.0,0.0,0.0,0.0,0.0,0.0,0.0,0.0,48.681747001389084,-2.3112962215408857,False,False,False,False,False,0.0,1,0.9586277789352561,0.9920413195311402,False,False,False,False,-0.14065159911180353,-0.14470031516539653,False,False,False,False,-3124023,-2537082.2948050066,False,False,False,False,127624.67544893078,False,False,False,False
2024-02-09 00:00:00+00:00,12.2215887205,12.4662161969,12.2020185224,12.4662161969,82928,,,,,,,,,,,,,,,,,,,,,,,,,,13.431671075649776,"rgba(239, 83, 80, 1.0)",0.0,0.0,0.45484385951927814,12.917230734506855,-1.5294083880610714,0.0,0.0,0.0,0.0,0.0,0.0,0.0,0.0,46.45289500184437,1.6021012701606026,False,True,False,True,False,0.0,1,0.9504373937737978,1.0183127081258097,False,False,False,False,-0.1990075551708795,-0.17185393516813802,False,False,False,False,-3206951,-2563351.6557930456,False,False,False,False,125871.86464701193,False,False,False,False
2024-02-12 00:00:00+00:00,12.3683652064,12.4269779497,12.2411589186,12.2411589186,37655,,,,,,,,,,,,,,,,,,,,,,,,,,13.430849011863044,"rgba(239, 83, 80, 1.0)",0.0,0.0,0.45615821423086417,12.915412243329925,-1.1992484621861077,0.0,0.0,0.0,0.0,0.0,0.0,0.0,0.0,46.552591689116554,1.4587268803181743,False,True,False,True,False,0.0,1,0.9311661618348337,1.0228202077049826,False,False,False,False,-0.19902860663971927,-0.18544127090392865,False,False,False,False,-3169296,-2587114.1790952794,False,False,False,False,122412.37975889382,False,False,False,False
2024-02-13 00:00:00+00:00,11.781259263,12.2802993149,11.6638380744,12.2215887205,209340,,,,,,,,,,,,,,,,,,,,,,,,,,13.424470231181798,"rgba(239, 83, 80, 1.0)",0.0,0.0,0.4676825227131139,12.89401717483731,-2.379301893476782,0.0,0.0,0.0,0.0,0.0,0.0,0.0,0.0,42.48688930670567,-2.5732478624214465,False,True,False,True,False,0.0,1,0.8893321862621322,1.0538660070986927,False,False,False,False,-0.34282825441539394,-0.2641347626596613,False,False,False,False,-3378636,-2618154.2505033077,False,False,False,False,125821.30604285878,False,False,False,False
2024-02-14 00:00:00+00:00,11.8693251545,11.9378208479,11.5562019847,11.8203996592,114341,,,,,,,,,,,,,,,,,,,,,,,,,,13.420733116827442,"rgba(239, 83, 80, 1.0)",0.0,0.0,0.47601423284902195,12.881830655550157,-2.1270487963986877,0.0,0.0,0.0,0.0,0.0,0.0,0.0,0.0,40.69361987456801,-4.33087461518906,False,True,False,True,False,0.0,1,0.8672401742018601,1.07913328674208,False,False,False,False,-0.34282825441539394,-0.30348150853752764,False,False,False,False,-3264295,-2643493.1034247465,False,False,False,False,125371.09796274667,False,False,False,False
2024-02-15 00:00:00+00:00,11.9867463432,12.1354798488,11.8203996592,11.9769612441,116609,,,,,,,,,,,,,,,,,,,,,,,,,,13.417388008659277,"rgba(239, 83, 80, 1.0)",0.0,0.0,0.4822849336757814,12.872920165739774,-1.8374486961176968,0.0,0.0,0.0,0.0,0.0,0.0,0.0,0.0,40.71229882809611,-4.424095707922277,False,True,False,True,False,0.0,0,0.8909140046468631,1.0605264580386855,False,False,False,False,-0.24458798669894408,-0.2740347476182359,False,False,False,False,-3147686,-2663265.373878678,False,False,False,False,125027.48627793307,False,False,False,False
2024-02-16 00:00:00+00:00,12.12373773,12.2118036215,11.9281335998,11.9378208479,99368,,,,,,,,,,,,,,,,,,,,,,,,,,13.414761170913307,"rgba(239, 83, 80, 1.0)",0.0,0.0,0.4858627937041197,12.866939770052017,-1.5296541527413425,0.0,0.0,0.0,0.0,0.0,0.0,0.0,0.0,42.09115651158374,-4.424095707922277,False,True,False,True,False,0.0,0,0.8938822956892913,1.0525425103451331,False,False,False,False,-0.20622762893597163,-0.24013118827710375,False,False,False,False,-3048318,-2678365.476863828,False,False,False,False,124021.23191409257,False,False,False,False
2024-02-20 00:00:00+00:00,12.1041675319,12.2509440177,12.0356718385,12.1530930271,114430,,,,,,,,,,,,,,,,,,,,,,,,,,13.411845177501526,"rgba(239, 83, 80, 1.0)",0.0,0.0,0.4895289596946324,12.860872203955003,-1.5457812190049682,0.0,0.0,0.0,0.0,0.0,0.0,0.0,0.0,42.849612517592135,-4.424095707922277,False,True,False,True,False,0.0,0,0.9027535478956908,1.0542396981257873,False,False,False,False,-0.1745102762315303,-0.20732073225431702,False,False,False,False,-3162748,-2697360.8699279916,False,False,False,False,123645.10517236344,False,False,False,False
2024-02-21 00:00:00+00:00,12.133522829,12.1726632252,11.947605947,12.1139526309,81429,,,,,,,,,,,,,,,,,,,,,,,,,,13.409704542433271,"rgba(239, 83, 80, 0.75)",0.0,0.0,0.4927002924790474,12.856283600970723,-1.466937980357418,0.0,0.0,0.0,0.0,0.0,0.0,0.0,0.0,43.67859622584875,-4.424095707922277,False,True,False,True,True,0.0,0,0.8947524361347048,1.0538637959863764,False,False,False,False,-0.20107812445399434,-0.20419942835415567,False,False,False,False,-3081319,-2712418.051499443,False,False,False,False,121989.57163619234,False,False,False,False
2024-02-22 00:00:00+00:00,12.0748122347,12.5542820884,12.0356718385,12.1530930271,154240,,,,,,,,,,,,,,,,,,,,,,,,,,13.40608592590165,"rgba(239, 83, 80, 0.75)",0.0,0.0,0.4967533756776863,12.850144184957944,-1.5607985536086453,0.0,0.0,0.0,0.0,0.0,0.0,0.0,0.0,43.67296796124223,-4.424095707922277,False,True,False,True,True,0.0,0,0.9069008864523417,1.026647738358736,False,False,False,False,-0.10005216465904894,-0.1521257965066023,False,False,False,False,-3235559,-2732933.3828131906,False,False,False,False,123254.29431712598,False,False,False,False
2024-02-23 00:00:00+00:00,11.9280357489,12.0943824328,11.771474164,12.0063165413,146889,,,,,,,,,,,,,,,,,,,,,,,,,,13.401820642231073,"rgba(239, 83, 80, 0.75)",0.0,0.0,0.5013789864759411,12.840154461341474,-1.8192200651497439,0.0,0.0,0.0,0.0,0.0,0.0,0.0,0.0,42.32700966866739,-4.424095707922277,False,True,False,True,True,0.0,0,0.9071912896104012,1.0441061416134358,False,False,False,False,-0.25740758357027943,-0.20476669003844086,False,False,False,False,-3382448,-2758404.544271497,False,False,False,False,124181.14552037595,False,False,False,False
2024-02-26 00:00:00+00:00,11.7519039659,11.8301847583,11.4974913904,11.8301847583,147747,,,,,,,,,,,,,,,,,,,,,,,,,11.693193371533333,13.396864618523711,"rgba(239, 83, 80, 1.0)",0.0,0.0,0.5107843982989414,12.737698994952362,-1.929963077054315,1.0,11.830185,11.497492,0.0,0.0,0.0,0.0,0.0,39.99592519523439,-5.962273022347482,False,True,False,True,False,0.0,0,0.8935735512623691,1.0574578271155037,True,False,False,False,-0.34282825441539394,-0.2737974722269174,False,False,False,False,-3530195,-2788670.836653007,False,False,False,False,125105.29667643964,False,False,False,False
2024-02-27 00:00:00+00:00,11.9671761451,11.9769612441,11.5562019847,11.7225486687,129310,,,,,,,,,,,,,,,,,,,,,,,,,11.758653282694915,13.392905727763713,"rgba(239, 83, 80, 1.0)",0.0,0.0,0.5159212868425085,12.732035938033597,-1.4825125701143642,0.0,0.0,0.0,0.0,0.0,0.0,0.0,0.0,41.186441168128745,-5.962273022347482,False,True,False,True,False,0.0,0,0.9024552016843499,1.0487392356975656,False,False,False,False,-0.29746833289665203,-0.28563290256178475,False,False,False,False,-3400885,-2812679.2352156346,False,False,False,False,125270.18700285378,False,False,False,False
2024-02-28 00:00:00+00:00,12.0454569375,12.0650271356,11.8447645559,11.8986804517,86203,,,,,,,,,,,,,,,,,,,,,,,,,11.8123858991691,13.390533239098378,"rgba(239, 83, 80, 0.75)",0.0,0.0,0.5189528106741226,12.73016723939727,-1.3194076374840868,0.0,0.0,0.0,0.0,0.0,0.0,0.0,0.0,42.891735691166964,-5.962273022347482,False,True,False,True,True,0.0,1,0.8957490732535999,1.0602903703113804,False,False,False,False,-0.21615657062575774,-0.25089473659377126,False,False,False,False,-3314682,-2832365.618148355,False,False,False,False,123738.14045372226,False,False,False,False
2024-02-29 00:00:00+00:00,12.2900844139,12.4466459988,12.0943824328,12.2118036215,161211,,,,,,,,,,,,,,,,,,,,,,,,,11.955209749844704,13.387034992822608,#000000,0.0,0.0,0.5133960725354282,12.733293171710965,-0.8632881736359207,0.0,0.0,0.0,0.0,0.0,0.0,0.0,0.0,46.584612760868566,-7.625332127757105,False,False,False,False,True,0.0,1,0.9115375719922402,1.0299989282142838,False,False,False,False,-0.08602974389597971,-0.1684622402448755,False,False,False,False,-3153471,-2844957.9860641058,False,False,False,False,125207.66435749785,False,False,False,False
2024-03-01 00:00:00+00:00,12.703504849,12.7624538274,12.2810371704,12.4775337651,134807,,,,,,,,,,,,,,,,,,,,,,,,,12.083441637292093,13.38492648199711,"rgba(38, 166, 154, 1.0)",0.0,0.0,0.5025002483762215,12.740022138186436,-0.07267118634157574,0.0,0.0,0.0,0.0,0.0,0.0,0.0,0.0,52.26518472118857,-2.440050896550474,True,False,True,False,True,1.1051490728094961,1,0.9261077714112345,1.004434073512778,False,False,False,False,0.015301468022358655,-0.07658038611125842,False,False,False,False,-3018664,-2851769.986610612,False,False,False,False,125584.10889249794,False,False,False,False
2024-03-04 00:00:00+00:00,12.9393007627,12.9687752519,12.6740303598,12.7231545085,218954,,,,,,,,,,,,,,,,,,,,,,,,,12.277222201860232,13.382704945358393,"rgba(38, 166, 154, 1.0)",0.0,0.0,0.491528804258614,12.755156509677434,0.37463573126770466,0.0,0.0,0.0,0.0,1.0,12.8017531464,12.7624538274,0.0,57.462376599892494,2.1107907530921466,True,False,True,False,True,3.0556014222975882,0,0.9396808977620715,0.9962548704014408,False,False,False,False,0.13675594807404498,0.03008778098139328,False,False,False,False,-2799710,-2849728.418508235,False,False,False,False,129245.6732496549,False,False,False,False
2024-03-05 00:00:00+00:00,12.890176614,13.0670235493,12.8017531464,13.0571987195,224889,,,,,,,,,,,,,,,,,,,,,,,,,12.408191690430295,13.380698178659232,"rgba(38, 166, 154, 1.0)",0.0,0.0,0.4881512616172162,12.76776712512408,0.2507613899642193,0.0,0.0,0.0,0.0,0.0,0.0,0.0,0.0,60.339956227713074,4.44837291526845,True,False,True,False,True,2.6200616319910353,0,0.9551010254517579,0.9936254491060854,False,False,False,False,0.18341488003252643,0.10675133050695985,False,False,False,False,-3024599,-2856586.088370657,False,False,False,False,132996.39194574684,False,False,False,False
2024-03-06 00:00:00+00:00,13.1849215061,13.4796663982,12.9391042661,12.9491255924,269131,,,,,,,,,,,,,,,,,,,,,,,,,12.563725359173436,13.379772202015777,"rgba(38, 166, 154, 1.0)",0.0,0.0,0.4902033544689486,12.7880116936908,0.8096839990807165,0.0,0.0,0.0,0.0,0.0,0.0,0.0,0.0,63.9115437829133,7.510985026183583,True,False,True,False,True,5.01105507183205,0,0.9582065271101916,0.9655571993781864,False,False,False,False,0.3008270826085279,0.20378920655774388,False,False,False,False,-2755468,-2852620.6731404355,False,False,False,False,138335.0040263058,False,False,False,False
2024-03-07 00:00:00+00:00,13.1652718466,13.3126442927,13.0178994006,13.1947463358,123961,,,,,,,,,,,,,,,,,,,,,,,,,12.613563386334018,13.379263652999713,"rgba(38, 166, 154, 1.0)",0.0,0.0,0.49304540310114453,12.795515167272026,0.7499444817906988,0.0,0.0,0.0,0.0,0.0,0.0,0.0,0.0,66.04122614357436,9.287531985945186,True,False,True,False,True,4.831656911743817,0,0.9573286137852706,0.9845785521349593,False,False,False,False,0.31714615086266085,0.2604676787102024,False,False,False,False,-2879429,-2853671.9800761044,False,False,False,False,137771.31759390168,False,False,False,False
2024-03-08 00:00:00+00:00,13.3715932711,13.4698415684,13.0571987195,13.2143959953,435969,,,,,,,,,,,,,,,,,,,,,,,,,12.768345135008781,13.378604431043158,"rgba(38, 166, 154, 1.0)",0.0,0.0,0.49713830328074526,12.8236476616664,1.1021995404851426,0.0,0.0,0.0,0.0,0.0,0.0,0.0,0.0,68.54205449532418,11.522327673247595,True,False,True,False,True,6.477781216816705,0,0.9607415340410965,0.9635495197352886,False,False,False,False,0.3428282081150964,0.3016479434126494,False,False,False,False,-2443460,-2837585.2357593947,False,False,False,False,149465.34435492515,False,False,False,False
2024-03-11 00:00:00+00:00,13.3912429306,13.4993160577,13.224220825,13.3519436116,295339,,,,,,,,,,,,,,,,,,,,,,,,,12.848327636302841,13.378565374115148,"rgba(38, 166, 154, 1.0)",0.0,0.0,0.5022938130451052,12.841587456005863,1.0942907523823702,0.0,0.0,0.0,0.0,0.0,0.0,0.0,0.0,70.30901727859077,13.152291063766725,True,False,True,False,True,6.63364616160279,0,0.9697686714408681,0.9647385078199184,False,False,False,False,0.3428282107941962,0.3222380771034228,False,False,False,False,-2148121,-2810547.4225923596,False,False,False,False,155185.87987041828,False,False,False,False
2024-03-12 00:00:00+00:00,13.2045711656,13.3715932711,13.0866732087,13.3715932711,333664,,,,,,,,,,,,,,,,,,,,,,,,,12.896871296470133,13.37757958961116,"rgba(38, 166, 154, 1.0)",0.0,0.0,0.505678333234282,12.855110806168799,0.691072439659573,0.0,0.0,0.0,0.0,0.0,0.0,0.0,0.0,68.88524266536535,13.152291063766725,True,False,True,False,True,4.872434772555234,0,0.9675281412830199,0.9675645736116644,False,False,False,False,0.2859939925009782,0.3041160348022005,False,False,False,False,-2481785,-2797654.7785691298,False,False,False,False,162185.02183628423,False,False,False,False
2024-03-13 00:00:00+00:00,13.3814181008,13.4207174198,13.1456221871,13.2340456548,291274,,,,,,,,,,,,,,,,,,,,,,,,,12.939661664187772,13.37724477392405,"rgba(38, 166, 154, 1.0)",0.0,0.0,0.5114635101315077,12.868049786086491,1.0037242238092625,0.0,0.0,0.0,0.0,0.0,0.0,0.0,0.0,69.05932698756244,13.152291063766725,True,False,True,False,True,6.30514813098495,0,0.9935698201651391,0.9552114238963136,False,False,False,False,0.30891312407370053,0.3065145794379505,False,False,False,False,-2190511,-2773845.2186252424,False,False,False,False,167247.33470544955,False,False,False,False
2024-03-14 00:00:00+00:00,13.2929946332,13.4207174198,13.1947463358,13.3715932711,135080,,,,,,,,,,,,,,,,,,,,,,,,,12.956081652497398,13.377057827348919,"rgba(38, 166, 154, 1.0)",0.0,0.0,0.5159390864756506,12.873525216733743,0.8130212024284248,0.0,0.0,0.0,0.0,0.0,0.0,0.0,0.0,67.97814986552676,13.152291063766725,True,False,True,False,True,5.4664048081909336,0,0.9912605589239102,0.949198776368782,False,False,False,False,0.31943448469756314,0.3129745320677568,False,False,False,False,-2325591,-2756266.6218164093,False,False,False,False,165985.87059935348,False,False,False,False
2024-03-15 00:00:00+00:00,13.2045711656,13.41089259,13.1357973574,13.1357973574,303344,,,,,,,,,,,,,,,,,,,,,,,,,12.983212937391285,13.376347496782309,"rgba(38, 166, 154, 0.75)",0.0,0.0,0.5190650926479488,12.883840292045415,0.6179010650059626,0.0,0.0,0.0,0.0,0.0,0.0,0.0,0.0,66.0758154699784,13.152291063766725,True,False,True,False,False,4.628196742534495,0,1.0043519472106859,0.9356564297633252,False,False,False,False,0.3047231909254053,0.3088488614965811,False,False,False,False,-2628935,-2751273.2248824327,False,False,False,False,171372.46390918276,False,False,False,False
2024-03-18 00:00:00+00:00,13.3322939521,13.4638484223,13.1063228682,13.2831698035,236300,,,,,,,,,,,,,,,,,,,,,,,,,13.004490813202256,13.376018926571911,"rgba(38, 166, 154, 0.75)",0.0,0.0,0.5221551709990748,12.892237025420652,0.8427704083392642,0.0,0.0,0.0,0.0,0.0,0.0,0.0,0.0,65.79894925036751,13.152291063766725,True,False,True,False,False,5.692323453656794,0,1.0003368542871065,0.9325397232122988,False,False,False,False,0.30973138326937955,0.3092901223829803,False,False,False,False,-2392635,-2737208.980769396,False,False,False,False,173918.64179509715,False,False,False,False
2024-03-19 00:00:00+00:00,13.1750966764,13.2929946332,13.076848379,13.2733449737,133906,,,,,,,,,,,,,,,,,,,,,,,,,13.010970365547081,13.375540919163932,"rgba(38, 166, 154, 0.75)",0.0,0.0,0.5231273055462629,12.895585880695497,0.5343074099575648,0.0,0.0,0.0,0.0,0.0,0.0,0.0,0.0,63.517188065446234,13.152291063766725,True,False,True,False,False,4.188464378989579,0,0.9899309953018607,0.9472968769020925,False,False,False,False,0.2674581462217033,0.2883741343023418,False,False,False,False,-2526541,-2728947.491327459,False,False,False,False,172349.5185874463,False,False,False,False
2024-03-20 00:00:00+00:00,13.6663381632,13.6859878226,13.1456221871,13.1652718466,211418,,,,,,,,,,,,,,,,,,,,,,,,,13.03763140696792,13.37601965115858,"rgba(38, 166, 154, 0.75)",0.0,0.0,0.5237497479104992,12.905580590438001,1.4525211244435792,0.0,0.0,0.0,0.0,0.0,0.0,0.0,0.0,65.4022255212715,13.152291063766725,True,False,True,False,False,8.160663374026353,0,1.0032018298378547,0.9177785115555648,False,False,False,False,0.3428282121396208,0.3156011732209813,False,False,False,False,-2315123,-2712719.079902853,False,False,False,False,173881.61589774254,False,False,False,False
2024-03-21 00:00:00+00:00,13.4796663982,13.8775720025,13.450191909,13.7940609497,172422,,,,,,,,,,,,,,,,,,,,,,,,,13.061708904290489,13.376731729813578,"rgba(38, 166, 154, 0.75)",0.0,0.0,0.5213976621003493,12.914660590191673,1.08363701849431,0.0,0.0,0.0,0.0,0.0,0.0,0.0,0.0,64.48565541367755,13.152291063766725,True,False,True,False,False,6.390320990698722,0,1.0257493817107903,0.8914269743605608,False,False,False,False,0.342828217383328,0.32921469530215464,False,False,False,False,-2487545,-2703888.723828231,False,False,False,False,173824.37605861537,False,False,False,False
2024-03-22 00:00:00+00:00,13.3224691224,13.597564355,13.2831698035,13.450191909,87874,,,,,,,,,,,,,,,,,,,,,,,,,13.068924544647162,13.376770666951902,"rgba(38, 166, 154, 0.75)",0.0,0.0,0.5168908870289172,12.917900738695522,0.7826959109879683,0.0,0.0,0.0,0.0,0.0,0.0,0.0,0.0,62.197642431621375,17.87955292137869,True,False,True,False,False,4.928212072609821,0,1.0171751756399943,0.9072645896800959,False,False,False,False,0.26208180250866636,0.2956482489054105,False,False,False,False,-2575419,-2698850.69544281,False,False,False,False,170453.77307592458,False,False,False,False
2024-03-25 00:00:00+00:00,13.597564355,13.6270388442,13.3912429306,13.41089259,95282,,,,,,,,,,,,,,,,,,,,,,,,,13.079509261333353,13.377050958806986,"rgba(38, 166, 154, 0.75)",0.0,0.0,0.5214755398663894,12.922268356173225,1.2949715704782554,0.0,0.0,0.0,0.0,0.0,0.0,0.0,0.0,62.563507050748086,17.87955292137869,True,False,True,False,False,7.106168835306928,0,1.029528787106809,0.8999068623541633,False,False,False,False,0.2865285138457536,0.2910883813755821,False,False,False,False,-2480137,-2690273.6877783863,False,False,False,False,167505.86040628047,False,False,False,False
2024-03-26 00:00:00+00:00,13.6270388442,13.7940609497,13.5438225364,13.7940609497,129562,,,,,,,,,,,,,,,,,,,,,,,,,13.096619040242912,13.37770391183756,"rgba(38, 166, 154, 0.75)",0.0,0.0,0.5269906927248604,12.929115674285864,1.3243557799957544,0.0,0.0,0.0,0.0,0.0,0.0,0.0,0.0,62.997469399024126,17.87955292137869,True,False,True,False,False,7.336101260644117,1,1.0222471994365583,0.910412377993386,False,False,False,False,0.3428282174767768,0.3169582994261794,False,False,False,False,-2350575,-2676952.1706106067,False,False,False,False,166017.86588054398,False,False,False,False
2024-03-27 00:00:00+00:00,14.0986306716,14.1084555013,13.6663381632,13.6663381632,206121,,,,,,,,,,,,,,,,,,,,,,,,,13.135514346197667,13.37986408018001,"rgba(38, 166, 154, 1.0)",0.0,0.0,0.5440110619139024,12.943882343660146,2.1226559693056575,0.0,0.0,0.0,0.0,0.0,0.0,0.0,0.0,65.872758851589,17.87955292137869,True,False,True,False,True,10.881361370836611,0,1.051099511721882,0.8752754162924191,False,False,False,False,0.3428282211058369,0.3298932602660082,False,False,False,False,-2144454,-2656069.8894101907,False,False,False,False,167590.53780679716,False,False,False,False
2024-03-28 00:00:00+00:00,14.1968789689,14.3933755637,14.0888058418,14.1968789689,189270,,,,,,,,,,,,,,,,,,,,,,,,,13.178952483809036,13.382748644171755,"rgba(38, 166, 154, 1.0)",0.0,0.0,0.5659350277898991,12.960309000763843,2.1850034145531425,0.0,0.0,0.0,0.0,0.0,0.0,0.0,0.0,68.23318225908349,13.085603956558678,True,False,True,False,True,11.58767477990299,0,1.0870129743633232,0.8400663089534479,False,False,False,False,0.3428282256771333,0.3363607429715707,False,False,False,False,-1955184,-2628584.16825685,False,False,False,False,168440.71279476592,False,False,False,False
2024-04-01 00:00:00+00:00,14.4817990313,14.5014486908,14.2067037987,14.3246017555,99039,,,,,,,,,,,,,,,,,,,,,,,,,13.20380773538732,13.384553345493424,"rgba(38, 166, 154, 1.0)",0.0,0.0,0.5976524999517979,12.969782608584293,2.5299257057197195,0.0,0.0,0.0,0.0,0.0,0.0,0.0,0.0,70.97992343824583,15.748457962237794,True,False,True,False,True,13.589506954423083,0,1.0920244833071098,0.8377593249817805,False,False,False,False,0.3428282268840926,0.3395944849278316,False,False,False,False,-1856145,-2598292.436168346,False,False,False,False,165719.07699889273,False,False,False,False
2024-04-02 00:00:00+00:00,14.2951272663,14.5898721584,14.1968789689,14.5898721584,139171,,,,,,,,,,,,,,,,,,,,,,,,,13.236063310138094,13.386988627225543,"rgba(38, 166, 154, 1.0)",0.0,0.0,0.6232802099267468,12.982475763675586,2.1060375120504595,0.0,0.0,0.0,0.0,0.0,0.0,0.0,0.0,70.62548482926015,15.748457962237794,True,False,True,False,True,11.758477063336635,0,1.0984902875059435,0.828832933646017,False,False,False,False,0.34282822728048246,0.34121135610415704,False,False,False,False,-1995316,-2574646.301416646,False,False,False,False,164677.9759401126,False,False,False,False
2024-04-03 00:00:00+00:00,14.864967391,14.8846170505,14.2951272663,14.4326748826,284382,,,,,,,,,,,,,,,,,,,,,,,,,13.31398315011275,13.393555239815642,"rgba(38, 166, 154, 1.0)",0.0,0.0,0.665660372786639,13.013228602879426,2.7818071554547883,0.0,0.0,0.0,0.0,0.0,0.0,0.0,0.0,72.63085557540393,17.473472611179048,True,False,True,False,True,15.583785391110887,0,1.1011202648078655,0.8171296243282065,False,False,False,False,0.34282822910271604,0.3420197926034365,False,False,False,False,-1710934,-2540775.230772856,False,False,False,False,169372.25139344152,False,False,False,False
2024-04-04 00:00:00+00:00,14.8453177315,15.012339837,14.5800473286,14.8354929018,179036,,,,,,,,,,,,,,,,,,,,,,,,,13.363170523037537,13.398072258100475,"rgba(38, 166, 154, 1.0)",0.0,0.0,0.7043651798299588,13.033281054631587,2.5725812813544495,0.0,0.0,0.0,0.0,0.0,0.0,0.0,0.0,73.75296865559955,18.656833821665217,True,False,True,False,True,15.391402176819462,0,1.109356427225867,0.8217490949662795,False,False,False,False,0.3428282307700068,0.34242401168672165,False,False,False,False,-1889970,-2515253.457017058,False,False,False,False,169751.22192703205,False,False,False,False
2024-04-05 00:00:00+00:00,15.2677854102,15.2972598994,14.7765439234,14.7765439234,145537,,,,,,,,,,,,,,,,,,,,,,,,,13.408667184912662,13.40250059359185,"rgba(38, 166, 154, 1.0)",0.0,0.0,0.7580438530029118,13.051840992252938,2.9232404024764915,0.0,0.0,0.0,0.0,0.0,0.0,0.0,0.0,75.82813249019333,20.74316006146502,True,False,True,False,True,18.045150912518494,0,1.117296667868978,0.8129282205067353,False,False,False,False,0.34282823245738697,0.34262612207205434,False,False,False,False,-1744433,-2485025.203800703,False,False,False,False,168801.64459656022,False,False,False,False
2024-04-08 00:00:00+00:00,15.4053330265,15.6018296212,15.250886703,15.2972598994,235178,,,,,,,,,,,,,,,,,,,,,,,,,13.489701878651813,13.410877147145971,"rgba(38, 166, 154, 1.0)",0.0,0.0,0.8130360100610202,13.08524495937147,2.853610465487747,0.0,0.0,0.0,0.0,0.0,0.0,0.0,0.0,77.58579439832928,22.503351048336285,True,False,True,False,True,18.87526672891355,0,1.1456798415975462,0.7916541622180581,False,False,False,False,0.34282823473024754,0.34272717840115097,False,False,False,False,-1509255,-2446759.70561244,False,False,False,False,171404.63892610688,False,False,False,False
2024-04-09 00:00:00+00:00,15.3660337075,15.759026897,15.1597122831,15.5035813239,167154,,,,,,,,,,,,,,,,,,,,,,,,,13.543685295312795,13.416814867010348,"rgba(38, 166, 154, 1.0)",0.0,0.0,0.8605983252289404,13.108317044016186,2.6234267454369093,0.0,0.0,0.0,0.0,0.0,0.0,0.0,0.0,78.2894099511079,23.291267258338223,True,False,True,False,True,18.478053663644033,0,1.1206263976969488,0.7919401465566308,False,False,False,False,0.3428282349014579,0.34277770665130447,False,False,False,False,-1676409,-2416549.8740197956,False,False,False,False,171237.94720351446,False,False,False,False
2024-04-10 00:00:00+00:00,15.5330558131,15.5428806428,14.9140915397,15.1400626236,215062,,,,,,,,,,,,,,,,,,,,,,,,,13.605472899100779,13.42403252679544,"rgba(38, 166, 154, 1.0)",0.0,0.0,0.9123869027752024,13.13589104726574,2.627355520495545,0.0,0.0,0.0,0.0,0.0,0.0,0.0,0.0,79.26536860863516,24.383275447831352,True,False,True,False,True,19.496540104060053,0,1.1022347397254963,0.8257332310749641,False,False,False,False,0.2984046320931203,0.3205911693722124,False,False,False,False,-1461347,-2379090.937783725,False,False,False,False,172956.53750925898,False,False,False,False
2024-04-11 00:00:00+00:00,15.8179758754,15.8572751944,15.4447305937,15.6509537699,273032,,,,,,,,,,,,,,,,,,,,,,,,,13.693860552736343,13.43491298621014,"rgba(38, 166, 154, 1.0)",0.0,0.0,0.9703622874764158,13.17552785371348,2.723156140536577,0.0,0.0,0.0,0.0,0.0,0.0,0.0,0.0,80.6874936770437,25.903093745537802,True,False,True,False,True,20.0,0,1.118816637301062,0.8088289548023532,False,False,False,False,0.3428282358393473,0.3317097026057798,False,False,False,False,-1188315,-2332393.8421843634,False,False,False,False,176881.06545007235,False,False,False,False
2024-04-12 00:00:00+00:00,15.6214792807,16.2502683838,15.4151578562,15.906399343,269385,,,,,,,,,,,,,,,,,,,,,,,,,13.776287461354045,13.445807383585509,"rgba(38, 166, 154, 1.0)",0.0,0.0,1.0171581162555001,13.322894520573133,2.259810666004148,0.0,0.0,0.0,0.0,0.0,0.0,0.0,0.0,79.2552571320049,25.903093745537802,True,False,True,False,True,19.169117431607255,0,1.124185787856271,0.7963399995256033,False,False,False,False,0.3428282366490281,0.33726896962740394,False,False,False,False,-1457700,-2298092.122883016,False,False,False,False,180508.6707265401,False,False,False,False
2024-04-15 00:00:00+00:00,15.2284860912,15.6214792807,15.1302377939,15.6214792807,190912,,,,,,,,,,,,,,,,,,,,,,,,,13.818871560763876,13.45202648573315,"rgba(38, 166, 154, 0.75)",0.0,0.0,1.0487657980484855,13.335245495697228,1.8052081780562095,0.0,0.0,0.0,0.0,0.0,0.0,0.0,0.0,74.26951345131936,29.200842903079575,True,False,True,False,False,15.307363671248424,0,1.1083465855077266,0.8280030047957238,False,False,False,False,0.2636138327244555,0.3004414011759297,False,False,False,False,-1648612,-2272622.3141425056,False,False,False,False,180916.64442353853,False,False,False,False
2024-04-16 00:00:00+00:00,15.1597122831,15.2972598994,14.8158432423,15.0712888155,289185,,,,,,,,,,,,,,,,,,,,,,,,,13.869680542915406,13.460193893288984,"rgba(38, 166, 154, 0.75)",0.0,0.0,1.0769021509871428,13.353485368214603,1.6772432975732454,0.0,0.0,0.0,0.0,0.0,0.0,0.0,0.0,70.31188044515234,25.594586130209223,True,False,True,False,False,14.650851969142689,0,1.1087671428842591,0.8367309818422936,False,False,False,False,0.2101615503460743,0.25530147576100204,False,False,False,False,-1937797,-2259491.909666329,False,False,False,False,185162.46228928212,False,False,False,False
2024-04-17 00:00:00+00:00,15.5527054725,15.5772675469,15.1302377939,15.3070847291,152396,,,,,,,,,,,,,,,,,,,,,,,,,13.9016417156294,13.465327422456141,"rgba(38, 166, 154, 0.75)",0.0,0.0,1.1145589575168793,13.370535771926626,1.9578773162749679,0.0,0.0,0.0,0.0,0.0,0.0,0.0,0.0,69.63816647368698,25.074284438237086,True,False,True,False,False,17.1049755316103,0,1.1280859561645162,0.8126686951742884,False,False,False,False,0.25986882913018977,0.2575851524455959,False,False,False,False,-1785401,-2240900.109287258,False,False,False,False,183877.5029838201,False,False,False,False
2024-04-18 00:00:00+00:00,15.3758585373,15.7099027483,15.1302377939,15.6509537699,149845,,,,,,,,,,,,,,,,,,,,,,,,,13.93151576877322,13.47031100842684,"rgba(38, 166, 154, 0.75)",0.0,0.0,1.145127060989032,13.386687377125446,1.7370746251132436,0.0,0.0,0.0,0.0,0.0,0.0,0.0,0.0,67.5500005503392,23.115665370245523,True,False,True,False,False,15.416634949467145,0,1.1209012472445143,0.8118988175503816,False,False,False,False,0.27112569216351634,0.2643554223045561,False,False,False,False,-1935246,-2228913.673628934,False,False,False,False,182542.89502367028,False,False,False,False
2024-04-19 00:00:00+00:00,15.3070847291,15.4544571752,15.1891867723,15.3758585373,148606,,,,,,,,,,,,,,,,,,,,,,,,,13.958284583473631,13.475003468030623,"rgba(38, 166, 154, 0.75)",0.0,0.0,1.1711031184258203,13.401159289104609,1.6274616726811455,0.0,0.0,0.0,0.0,0.0,0.0,0.0,0.0,65.52667740567192,21.19631378107826,True,False,True,False,False,14.763689167128014,0,1.1190457820916568,0.8274015273820141,False,False,False,False,0.2544719098261311,0.2594136660653436,False,False,False,False,-2083852,-2223224.9805454467,False,False,False,False,181212.03639529104,False,False,False,False
2024-04-22 00:00:00+00:00,14.8060184126,15.0712888155,14.7274197747,15.0221646668,224439,,,,,,,,,,,,,,,,,,,,,,,,,13.984086196157143,13.48033009200315,"rgba(38, 166, 154, 0.5)",0.0,0.0,1.1836060368746588,13.414036257575981,1.1760519223943657,0.0,0.0,0.0,0.0,0.0,0.0,0.0,0.0,60.21839594890781,16.245101682158236,False,False,True,False,False,10.190031850189083,0,1.096117595391603,0.8412602361947025,False,False,False,False,0.18429273438457666,0.22185320022496013,False,False,False,False,-2308291,-2226560.9028769983,False,False,False,False,182907.21143861295,False,False,False,False
2024-04-23 00:00:00+00:00,15.4642820049,15.6509537699,14.5407480097,14.6881204557,224814,,,,,,,,,,,,,,,,,,,,,,,,,14.018182334296558,13.486961778893503,"rgba(38, 166, 154, 0.5)",0.0,0.0,1.2105485886579923,13.514161060137585,1.6109398359006042,0.0,0.0,0.0,0.0,0.0,0.0,0.0,0.0,60.34618935336518,16.245101682158236,False,False,True,False,False,14.333735910064743,0,1.0902372016943591,0.8134601339286597,False,False,False,False,0.21667099051656186,0.219262095370761,False,False,False,False,-2083477,-2220949.7694308413,False,False,False,False,184550.61491160854,False,False,False,False
2024-04-24 00:00:00+00:00,15.5625303023,15.6764983272,15.424982686,15.4348075157,151427,,,,,,,,,,,,,,,,,,,,,,,,,14.046242626383021,13.49226141756969,"rgba(38, 166, 154, 0.5)",0.0,0.0,1.2387623616930639,13.537660027146629,1.6345913774663805,0.0,0.0,0.0,0.0,0.0,0.0,0.0,0.0,60.8857018297866,16.245101682158236,False,False,True,False,False,14.918774918269964,0,1.1319235244638457,0.8116866800482354,False,False,False,False,0.2935067081700419,0.25638440177040145,False,False,False,False,-1932050,-2209620.366708063,False,False,False,False,183251.6496209572,False,False,False,False
2024-04-25 00:00:00+00:00,15.9162241728,15.9193681183,15.3267343886,15.5428806428,239149,,,,,,,,,,,,,,,,,,,,,,,,,14.093185877517723,13.50124569507982,"rgba(38, 166, 154, 0.5)",0.0,0.0,1.2725759809355155,13.573172431593363,1.8411880911693592,0.0,0.0,0.0,0.0,0.0,0.0,0.0,0.0,62.77296441293903,16.245101682158236,False,False,True,False,False,16.974353051008357,0,1.1602668216905334,0.7959756743950908,False,False,False,False,0.30601463943602125,0.28119952060321135,False,False,False,False,-1692901,-2189356.862131276,False,False,False,False,185443.7025769981,False,False,False,False
2024-04-26 00:00:00+00:00,16.0734214486,16.1618449162,15.8085440389,16.0242972999,205768,,,,,,,,,,,,,,,,,,,,,,,,,14.138440128734336,13.50993384844985,"rgba(38, 166, 154, 0.5)",0.0,0.0,1.3069033810047805,13.607275671207617,1.887014612737744,0.0,0.0,0.0,0.0,0.0,0.0,0.0,0.0,64.65143911081313,16.245101682158236,False,False,True,False,True,17.860936729813353,1,1.1892386880303802,0.7671623942646139,False,False,False,False,0.3428282372759236,0.31201387893956745,False,False,False,False,-1487133,-2161818.671459461,False,False,False,False,186240.7338484884,False,False,False,False
2024-04-29 00:00:00+00:00,16.2993925325,16.2993925325,15.9555234917,16.1028959378,363754,,,,,,,,,,,,,,,,,,,,,,,,,14.220235208548695,13.526180144785267,"rgba(38, 166, 154, 1.0)",0.0,0.0,1.3444076441036392,13.666097425596485,1.9587028669858688,0.0,0.0,0.0,0.0,0.0,0.0,0.0,0.0,66.75515126551272,10.823303176523893,True,False,True,False,True,19.11346828737232,1,1.1832639749029898,0.7704167347903507,False,False,False,False,0.3428282378221891,0.32742105838087826,False,False,False,False,-1123379,-2121095.547088502,False,False,False,False,193202.03840344964,False,False,False,False
2024-04-30 00:00:00+00:00,15.8278007052,16.2011442351,15.6804282591,15.9948228107,467244,,,,,,,,,,,,,,,,,,,,,,,,,14.302421309558747,13.544580961487865,"rgba(38, 166, 154, 0.5)",0.0,0.0,1.367526028734049,13.719582791733202,1.5416290945616766,0.0,0.0,0.0,0.0,0.0,0.0,0.0,0.0,64.45461063543766,10.823303176523893,False,False,True,False,True,14.916069798232797,1,1.15726378310938,0.7777636320459154,False,False,False,False,0.31215720755695325,0.31978913296891576,False,False,False,False,-1590623,-2100292.7021046393,False,False,False,False,203948.78199547122,False,False,False,False
2024-05-01 00:00:00+00:00,15.9653483215,16.2316012073,15.6951655037,15.8278007052,302701,,,,,,,,,,,,,,,,,,,,,,,,,14.353379789248617,13.556654472199321,"rgba(38, 166, 154, 0.5)",0.0,0.0,1.393666348621102,13.75365717943358,1.5869588472554246,0.0,0.0,0.0,0.0,0.0,0.0,0.0,0.0,63.5609026542895,10.823303176523893,False,False,True,False,True,15.703153185342817,1,1.1504999173696295,0.7815421905934867,False,False,False,False,0.3158388655517374,0.3178139992603266,False,False,False,False,-1287922,-2068435.0275123005,False,False,False,False,207821.4179956488,False,False,False,False
2024-05-02 00:00:00+00:00,16.1028959378,16.1716697459,15.825442746,15.8867496836,135997,,,,,,,,,,,,,,,,,,,,,,,,,14.376212418999046,13.562194713360515,"rgba(38, 166, 154, 0.5)",0.0,0.0,1.4165069308231282,13.769211121078579,1.6474926920162145,0.0,0.0,0.0,0.0,0.0,0.0,0.0,0.0,63.601913967087945,10.823303176523893,False,False,True,False,True,16.48532317345616,1,1.1598908610585545,0.7819233123843925,False,False,False,False,0.32158602193682895,0.3197000105985778,False,False,False,False,-1151925,-2032493.457805936,False,False,False,False,205004.7741526822,False,False,False,False
2024-05-03 00:00:00+00:00,16.0341221296,16.2748304582,15.9849979809,16.1421952567,372642,,,,,,,,,,,,,,,,,,,,,,,,,14.438030594376697,13.577642994923876,"rgba(38, 166, 154, 0.5)",0.0,0.0,1.4332208929678385,13.812000644795935,1.5504389419014208,0.0,0.0,0.0,0.0,0.0,0.0,0.0,0.0,63.06136278082139,10.823303176523893,False,False,True,False,False,15.873745103795006,1,1.1650175283174484,0.7927662848439561,False,False,False,False,0.3428282378313148,0.3312641242149463,False,False,False,False,-1524567,-2012574.7731860955,False,False,False,False,211578.78300943974,False,False,False,False
2024-05-06 00:00:00+00:00,15.9751731512,16.3582432626,15.945698662,16.2109690649,135459,,,,,,,,,,,,,,,,,,,,,,,,,14.45935246915642,13.583201125127921,"rgba(38, 166, 154, 0.5)",0.0,0.0,1.4487426931719358,13.826906439947546,1.4828490396379166,0.0,0.0,0.0,0.0,0.0,0.0,0.0,0.0,62.19269932296035,10.823303176523893,False,False,True,False,False,15.34550162413477,1,1.1749425622724512,0.7679787448237934,False,False,False,False,0.3428282379128167,0.3370461810638815,False,False,False,False,-1660026,-1998749.3311003663,False,False,False,False,208593.69347965778,False,False,False,False
2024-05-07 00:00:00+00:00,16.1225455972,16.1716697459,15.7885013862,15.9653483215,154552,,,,,,,,,,,,,,,,,,,,,,,,,14.482070032507119,13.589348119963226,"rgba(38, 166, 154, 0.5)",0.0,0.0,1.4639060978996727,13.842835998763643,1.557278572517151,0.0,0.0,0.0,0.0,0.0,0.0,0.0,0.0,62.44890758581413,10.823303176523893,False,False,True,False,False,16.217187507258068,1,1.1854967026021028,0.7684159474311584,False,False,False,False,0.3140656912344261,0.3255559361491538,False,False,False,False,-1505474,-1979405.2004689793,False,False,False,False,206474.41138241632,False,False,False,False
2024-05-08 00:00:00+00:00,15.7197275781,16.3583415109,15.6313041104,16.1127207675,246911,,,,,,,,,,,,,,,,,,,,,,,,,14.514213665839367,13.59860664004562,"rgba(38, 166, 154, 0.5)",0.0,0.0,1.468019649360822,13.865509867826228,1.2630741768893228,0.0,0.0,0.0,0.0,0.0,0.0,0.0,0.0,59.260932738921916,14.003731187919172,False,True,True,False,False,12.645187816941146,1,1.1727695280015022,0.7698642136739992,False,False,False,False,0.3153408796282587,0.3204484078887062,False,False,False,False,-1752385,-1970502.4475094115,False,False,False,False,208060.1599556549,False,False,False,False
2024-05-09 00:00:00+00:00,16.2993925325,16.3337794366,15.7295524078,15.7983262159,415692,,,,,,,,,,,,,,,,,,,,,,,,,14.57315463753719,13.615485087776998,"rgba(38, 166, 154, 0.5)",0.0,0.0,1.4875627382740584,13.908300834102032,1.6073888091417425,0.0,0.0,0.0,0.0,0.0,0.0,0.0,0.0,60.31001768214508,14.003731187919172,False,True,True,False,False,16.035704814826712,1,1.160480414017449,0.7787280910107662,False,False,False,False,0.32004034900721795,0.32024437844796205,False,False,False,False,-1336693,-1945647.175058062,False,False,False,False,216202.58505543316,False,False,False,False
2024-05-10 00:00:00+00:00,16.1618449162,16.4271153191,15.945698662,16.3288670217,346202,,,,,,,,,,,,,,,,,,,,,,,,,14.620739031990164,13.62968819639458,"rgba(38, 166, 154, 0.5)",0.0,0.0,1.5004558928101523,13.943553336595192,1.4784117215536707,0.0,0.0,0.0,0.0,0.0,0.0,0.0,0.0,59.96688853019799,14.003731187919172,False,True,True,False,False,14.852725491342117,1,1.1605981603377067,0.7922540697024609,False,False,False,False,0.34282823420458886,0.33153630632627545,False,False,False,False,-1682895,-1935343.16819304,False,False,False,False,221300.6013277691,False,False,False,False
2024-05-13 00:00:00+00:00,16.0832462783,16.2404435541,15.8572751944,16.1618449162,134479,,,,,,,,,,,,,,,,,,,,,,,,,14.637128343972838,13.6349096354457,"rgba(38, 166, 154, 0.5)",0.0,0.0,1.5126149709459575,13.955875591738021,1.406419166426447,0.0,0.0,0.0,0.0,0.0,0.0,0.0,0.0,59.13468695327414,13.439113793768122,False,True,True,False,False,14.177024975444823,1,1.1487058865836717,0.8143632168955531,False,False,False,False,0.3128436741054985,0.322189990215887,False,False,False,False,-1817374,-1930716.926303117,False,False,False,False,217895.83264824876,False,False,False,False
2024-05-14 00:00:00+00:00,16.2993925325,16.2993925325,15.9358738323,16.0832462783,135070,,,,,,,,,,,,,,,,,,,,,,,,,14.654551186965962,13.64038532012638,"rgba(38, 166, 154, 0.5)",0.0,0.0,1.5278933115465785,13.969043453738166,1.525204057869058,0.0,0.0,0.0,0.0,0.0,0.0,0.0,0.0,59.77875580847203,13.439113793768122,False,True,True,False,False,15.434003974363513,1,1.1338645633006215,0.8216846039116324,False,False,False,False,0.3272440638776343,0.32471702704676064,False,False,False,False,-1682304,-1920975.2429186811,False,False,False,False,214647.76077969,False,False,False,False
2024-05-15 00:00:00+00:00,16.466414638,16.5450132759,16.1618449162,16.3386918514,120075,,,,,,,,,,,,,,,,,,,,,,,,,14.671830482337178,13.645640003058308,"rgba(38, 166, 154, 0.5)",0.0,0.0,1.548632307351557,13.982116360701104,1.60418858983221,0.0,0.0,0.0,0.0,0.0,0.0,0.0,0.0,61.07843829688333,13.439113793768122,False,True,True,False,False,16.389082429103258,1,1.137614596913206,0.8159390246083643,False,False,False,False,0.34282823118386785,0.33377262911531425,False,False,False,False,-1562229,-1906906.7628042232,False,False,False,False,210939.0250628394,False,False,False,False
2024-05-16 00:00:00+00:00,16.4271153191,16.6236119138,16.319042192,16.466414638,163504,,,,,,,,,,,,,,,,,,,,,,,,,14.695689461802951,13.652932949865423,"rgba(38, 166, 154, 0.5)",0.0,0.0,1.5666564141440902,14.000241887875664,1.549078285011336,0.0,0.0,0.0,0.0,0.0,0.0,0.0,0.0,61.58275873510158,13.439113793768122,False,True,True,False,True,16.03861209556262,1,1.1425894408966408,0.8311667149465427,False,False,False,False,0.3428282320123323,0.3383004305638233,False,False,False,False,-1725733,-1899801.9093609205,False,False,False,False,209078.8280015516,False,False,False,False
2024-05-17 00:00:00+00:00,17.026429933,17.1520895053,16.5548381056,16.5548381056,262952,,,,,,,,,,,,,,,,,,,,,,,,,14.742316764024975,13.666471296366307,"rgba(38, 166, 154, 0.5)",0.0,0.0,1.5923541627506743,14.035518836780184,1.8782951470125444,0.0,0.0,0.0,0.0,0.0,0.0,0.0,0.0,64.69362266966326,10.831201934282191,False,False,True,False,True,19.35904918449916,1,1.1411407546074779,0.7972588512595276,False,False,False,False,0.34282823422596903,0.34056433239489614,False,False,False,False,-1462781,-1882663.8344840219,False,False,False,False,211191.50141325546,False,False,False,False
2024-05-20 00:00:00+00:00,17.2524010169,17.3113499953,16.8495829977,16.987130614,181071,,,,,,,,,,,,,,,,,,,,,,,,,14.776537935860938,13.6763753791427,"rgba(38, 166, 154, 0.5)",0.0,0.0,1.6249297662042381,14.061425951166015,1.9637618388811695,0.0,0.0,0.0,0.0,0.0,0.0,0.0,0.0,67.58666389524592,13.562399179837819,False,False,True,False,True,20.0,1,1.1523424871632637,0.7976147772221603,False,False,False,False,0.34282823540245494,0.34169628389867557,False,False,False,False,-1281710,-1859097.0174454327,False,False,False,False,210010.30527940232,False,False,False,False
2024-05-21 00:00:00+00:00,17.4881969306,17.5176714198,17.1148534006,17.2720506764,239369,,,,,,,,,,,,,,,,,,,,,,,,,14.824674755005873,13.690267805172992,"rgba(38, 166, 154, 1.0)",0.0,0.0,1.656211105929649,14.097858283328232,2.047044990299552,0.0,0.0,0.0,0.0,0.0,0.0,0.0,0.0,70.30003938066922,16.04905351966285,True,False,True,False,True,20.0,0,1.1558736630722974,0.7908474859894471,False,False,False,False,0.3428282364876167,0.3422622601931461,False,False,False,False,-1042341,-1827067.3697024747,False,False,False,False,211161.6266409944,False,False,False,False
2024-05-22 00:00:00+00:00,17.0362547627,17.5373210793,16.9773057843,17.4881969306,240371,,,,,,,,,,,,,,,,,,,,,,,,,14.86777935417749,13.703399691713257,"rgba(38, 166, 154, 1.0)",0.0,0.0,1.67169691292003,14.130837167163842,1.7380050014336224,0.0,0.0,0.0,0.0,0.0,0.0,0.0,0.0,68.14318631226888,16.04905351966285,True,False,True,False,True,17.736524028213374,0,1.1549800397885521,0.7875554510756195,False,False,False,False,0.33229633452203106,0.33727929735758855,False,False,False,False,-1282712,-1805720.1003023775,False,False,False,False,212307.0922629162,False,False,False,False
2024-05-23 00:00:00+00:00,16.8299333383,17.1246782303,16.6923857219,16.987130614,217118,,,,,,,,,,,,,,,,,,,,,,,,,14.900489865628048,13.714157079462936,"rgba(38, 166, 154, 0.5)",0.0,0.0,1.6818624621952234,14.156324071153966,1.5896717640373206,0.0,0.0,0.0,0.0,0.0,0.0,0.0,0.0,65.14941189254709,19.896962773138966,False,False,True,False,False,15.981846184430648,0,1.1387766042511858,0.8093442913574516,False,False,False,False,0.2713313712501935,0.30430533430389106,False,False,False,False,-1499830,-1793724.4100944411,False,False,False,False,212495.7553114293,False,False,False,False
2024-05-24 00:00:00+00:00,17.399773463,17.4488976116,17.0067802735,17.0067802735,547578,,,,,,,,,,,,,,,,,,,,,,,,,14.994301195821933,13.744375652379821,"rgba(38, 166, 154, 0.5)",0.0,0.0,1.7026816607149062,14.229185626339103,1.8621142811449907,0.0,0.0,0.0,0.0,0.0,0.0,0.0,0.0,65.62807782644612,19.896962773138966,False,False,True,False,False,18.96965300335229,0,1.1402423217349786,0.79091144760338,False,False,False,False,0.32705706343884405,0.3156811988713676,False,False,False,False,-952252,-1760725.4920515218,False,False,False,False,225636.23549529482,False,False,False,False
2024-05-28 00:00:00+00:00,17.2818755061,17.7632921632,17.2524992652,17.6846935253,268340,,,,,,,,,,,,,,,,,,,,,,,,,15.040417490238262,13.759607029940442,"rgba(38, 166, 154, 0.5)",0.0,0.0,1.7177719888200331,14.44574215743786,1.6510534384777864,0.0,0.0,0.0,0.0,0.0,0.0,0.0,0.0,65.06544146756451,19.89582966067914,False,True,True,False,False,17.975931677464438,0,1.1518724811331844,0.7791389363339786,False,False,False,False,0.3428282372823379,0.32925471807685275,False,False,False,False,-1220592,-1739543.7864808738,False,False,False,False,227310.8929268519,False,False,False,False
2024-05-29 00:00:00+00:00,16.6236119138,16.987130614,16.5941374246,16.8888823167,410831,,,,,,,,,,,,,,,,,,,,,,,,,15.088105414409302,13.778301195102067,"rgba(38, 166, 154, 0.5)",0.0,0.0,1.7138787481721716,14.462604220226462,1.2608871519518081,0.0,0.0,0.0,0.0,0.0,0.0,0.0,0.0,60.51004563149216,15.573470538181382,False,True,True,False,False,12.692605293550486,0,1.1331662981694666,0.8047804137464245,False,False,False,False,0.22417501198782547,0.2767148650323391,False,False,False,False,-1631423,-1735303.7556384865,False,False,False,False,234507.75987089693,False,False,False,False
2024-05-30 00:00:00+00:00,16.0635966188,16.7022105517,15.8965745133,16.5548381056,380909,,,,,,,,,,,,,,,,,,,,,,,,,15.116908432392226,13.792447280893768,"rgba(38, 166, 154, 0.5)",0.0,0.0,1.7029793677439369,14.47329780246904,0.9338332844500318,0.0,0.0,0.0,0.0,0.0,0.0,0.0,0.0,54.81607508092373,10.375177892734648,False,True,True,False,False,8.570094763899476,0,1.104197156489944,0.8155407898093655,False,False,False,False,0.13591522140920045,0.20631504322076977,False,False,False,False,-2012332,-1746167.608358546,False,False,False,False,240248.98497399903,False,False,False,False
2024-05-31 00:00:00+00:00,16.2723742507,16.3610788953,16.0506126392,16.1541013912,380555,,,,,,,,,,,,,,,,,,,,,,,,,15.144437188639452,13.806459113828842,#000000,0.0,0.0,1.6808600302096526,14.490985868233887,1.059807687998817,0.0,0.0,0.0,0.0,0.0,0.0,0.0,0.0,52.147658919837,8.118930989967126,False,True,False,False,False,9.737232972712668,0,1.1087470620712172,0.8443567051142781,False,False,False,False,0.11929111688744751,0.16280308005410865,False,False,False,False,-1631777,-1741681.7021484068,False,False,False,False,245751.18164168537,False,False,False,False
2024-06-03 00:00:00+00:00,16.2033817494,16.299379887,16.0851088899,16.2822303223,208510,,,,,,,,,,,,,,,,,,,,,,,,,15.15852031764017,13.813967434070308,#000000,0.0,0.0,1.657493617027894,14.501175501273034,1.0269760502482335,0.0,0.0,0.0,0.0,0.0,0.0,0.0,0.0,50.03677514986941,6.304314183826008,False,True,False,False,False,9.238165343779716,0,1.0983695154350395,0.8536084639946777,False,False,False,False,0.11705318365222427,0.13992813185316647,False,False,False,False,-1840287,-1745548.5765739596,False,False,False,False,244290.74314593303,False,False,False,False
2024-06-04 00:00:00+00:00,15.6120174519,16.0752528182,15.3557595897,15.9668360304,277305,,,,,,,,,,,,,,,,,,,,,,,,,15.167664032830821,13.821737238253677,"rgba(239, 83, 80, 1.0)",0.0,0.0,1.6289932571121297,14.50534450218785,0.6793600555928967,0.0,0.0,0.0,0.0,0.0,0.0,0.0,0.0,46.07813036130945,2.7071991015822903,False,True,False,True,False,5.111428876163981,0,1.068638690286042,0.8492528531629209,False,False,False,False,0.034176930541569735,0.0870525311973681,False,False,False,False,-2117592,-1760138.5147475298,False,False,False,False,245585.41988530822,False,False,False,False
2024-06-05 00:00:00+00:00,15.6415856668,15.8091388844,15.5233128073,15.6711538817,238914,,,,,,,,,,,,,,,,,,,,,,,,,15.174947438412069,13.828297530617625,"rgba(239, 83, 80, 1.0)",0.0,0.0,1.601910988083317,14.509750021471586,0.7065533938827977,0.0,0.0,0.0,0.0,0.0,0.0,0.0,0.0,43.626715913906565,0.5269906891750225,False,True,False,True,False,5.285675266583631,0,1.0739682372116501,0.8641271791537578,False,False,False,False,0.013377531147631738,0.05021503117249992,False,False,False,False,-1878678,-1764787.1220123325,False,False,False,False,245323.79557608045,False,False,False,False
2024-06-06 00:00:00+00:00,15.8288510277,15.8682753141,15.5725931654,15.6415856668,385627,,,,,,,,,,,,,,,,,,,,,,,,,15.188565330172858,13.839353153365145,"rgba(239, 83, 80, 1.0)",0.0,0.0,1.5738659593710609,14.520676398261198,0.8311855413415051,0.0,0.0,0.0,0.0,0.0,0.0,0.0,0.0,43.21077235535585,0.14237231882636792,False,True,False,True,False,6.391138021145146,0,1.0695881989968146,0.868811083409637,False,False,False,False,0.0041541543021028785,0.027184592737301397,False,False,False,False,-1493051,-1754130.803502045,False,False,False,False,250825.8820240773,False,False,False,False
2024-06-07 00:00:00+00:00,14.9122363667,15.3853278046,14.7963289644,15.3853278046,447892,,,,,,,,,,,,,,,,,,,,,,,,,15.184401826046114,13.847238005803627,"rgba(239, 83, 80, 1.0)",0.0,0.0,1.54079088980104,14.515674895651511,0.25737526985228776,0.0,0.0,0.0,0.0,0.0,0.0,0.0,0.0,39.49954464450583,-3.4303772566311252,False,True,False,True,False,0.418027748166228,0,1.0307640605071002,0.8875005527533003,False,False,False,False,-0.15966875633264097,-0.06624208179766979,False,False,False,False,-1940943,-1761456.771992161,False,False,False,False,258553.96508195662,False,False,False,False
2024-06-10 00:00:00+00:00,15.217774587,15.217774587,14.9319485099,14.9516606531,116465,,,,,,,,,,,,,,,,,,,,,,,,,15.183978601111956,13.849427845862,"rgba(239, 83, 80, 1.0)",0.0,0.0,1.5048737218830133,14.515444336994644,0.46670377706279936,0.0,0.0,0.0,0.0,0.0,0.0,0.0,0.0,38.87828125270275,-4.100094385618675,False,True,False,True,False,2.2343891348109253,0,1.01845298906796,0.9048823766622971,False,False,False,False,-0.1811159557602011,-0.12367901877893545,False,False,False,False,-1824478,-1763928.1926983506,False,False,False,False,252981.84880423284,False,False,False,False
2024-06-11 00:00:00+00:00,15.0995017275,15.0995017275,14.9324413135,15.060077441,112450,,,,,,,,,,,,,,,,,,,,,,,,,15.183059412961333,13.851404828769631,"rgba(239, 83, 80, 1.0)",0.0,0.0,1.4626323927154234,14.514855873745,0.39972166394427083,0.0,0.0,0.0,0.0,0.0,0.0,0.0,0.0,38.04166115836151,-5.095689688522867,False,True,False,True,False,1.4984959678622545,0,1.00939114751605,0.9095466793646101,False,False,False,False,-0.20071803856042914,-0.1621985286696823,False,False,False,False,-1936928,-1770712.4988670428,False,False,False,False,247470.7959099492,False,False,False,False
2024-06-12 00:00:00+00:00,15.0107970829,15.3360474465,14.9220924383,15.1093577991,249889,,,,,,,,,,,,,,,,,,,,,,,,,15.18171762454099,13.85594274097102,"rgba(239, 83, 80, 1.0)",0.0,0.0,1.412461536287106,14.51460880322731,0.3512933038707767,0.0,0.0,0.0,0.0,0.0,0.0,0.0,0.0,37.15623668796606,-6.208357379918411,False,True,False,True,False,0.9447165537185072,0,1.0093622018688715,0.9036753988847421,False,False,False,False,-0.21112596754805557,-0.18666224810886894,False,False,False,False,-2186817,-1787030.3224408845,False,False,False,False,247565.62744289238,False,False,False,False
2024-06-13 00:00:00+00:00,14.7841074355,15.0403652978,14.68564528,14.9516606531,211204,,,,,,,,,,,,,,,,,,,,,,,,,15.177579331699528,13.858971237136185,"rgba(239, 83, 80, 1.0)",0.0,0.0,1.3663255279979305,14.511941317466116,0.1991956619830466,0.0,0.0,0.0,0.0,0.0,0.0,0.0,0.0,35.7330041914626,-7.855111792188737,False,True,False,True,False,0.0,0,0.9958847018211591,0.9266912081019075,False,False,False,False,-0.3246869626034347,-0.25567460535615183,False,False,False,False,-2398021,-1810990.741168693,True,False,False,False,246139.6812686613,True,False,False,False
2024-06-14 00:00:00+00:00,14.8826681518,14.9418045815,14.6264102896,14.8136756504,183620,,,,,,,,,,,,,,,,,,,,,,,,,15.173857577261373,13.861536177110041,"rgba(239, 83, 80, 1.0)",0.0,0.0,1.319700767667484,14.55773743852968,0.24621544613073362,0.0,0.0,0.0,0.0,0.0,0.0,0.0,0.0,35.51505844892422,-8.388226831474483,False,True,False,True,False,0.15287356981508182,0,0.981848664926014,0.9355580656980758,False,False,False,False,-0.34282825441539394,-0.2992514298857729,False,False,False,False,-2214401,-1826810.7513189402,False,False,False,False,243687.92906204713,False,False,False,False
2024-06-17 00:00:00+00:00,14.8629560085,14.8826681518,14.6560770652,14.7052588626,161727,,,,,,,,,,,,,,,,,,,,,,,,,15.170494943863833,13.863745381110478,"rgba(239, 83, 80, 1.0)",0.0,0.0,1.2780276913701818,14.555353431869671,0.24068537693463105,0.0,0.0,0.0,0.0,0.0,0.0,0.0,0.0,35.28631718519475,-8.986127077067763,False,True,False,True,False,0.028037657301034358,0,0.9747517212066085,0.9489590838896934,False,False,False,False,-0.34282825441539394,-0.32103984215058345,False,False,False,False,-2376128,-1848352.6042083935,False,False,False,False,240473.77498118253,False,False,False,False
2024-06-18 00:00:00+00:00,15.1487820856,15.4740324492,14.7939635072,14.8629560085,719845,,,,,,,,,,,,,,,,,,,,,,,,,15.169277984880788,13.876960163112313,"rgba(239, 83, 80, 1.0)",0.0,0.0,1.2455373207887612,14.571119180304441,0.46378610713145313,0.0,0.0,0.0,0.0,0.0,0.0,0.0,0.0,37.353790120617745,-8.986127077067763,False,True,False,True,False,1.8264529312587428,0,0.9614062842013863,0.9379785898997558,False,False,False,False,-0.24702827236554956,-0.2840340572580665,False,False,False,False,-1656283,-1840820.462866888,False,False,False,False,259272.64655054794,False,False,False,False
2024-06-20 00:00:00+00:00,15.1586381572,15.2769110167,15.0502213694,15.2670549451,167321,,,,,,,,,,,,,,,,,,,,,,,,,15.169212671099999,13.88004793797344,"rgba(239, 83, 80, 0.75)",0.0,0.0,1.2175588773688233,14.573461203888408,0.4806149125011308,0.0,0.0,0.0,0.0,0.0,0.0,0.0,0.0,38.80741409495889,-8.986127077067763,False,True,False,True,True,1.8881628147582248,0,0.9751596190829735,0.9516558050834633,False,False,False,False,-0.2394720919017072,-0.26175307457988684,False,False,False,False,-1488962,-1827022.091774069,False,False,False,False,255666.69962699706,False,False,False,False
2024-06-21 00:00:00+00:00,14.823531722,15.1487820856,14.725956613,15.1487820856,359050,,,,,,,,,,,,,,,,,,,,,,,,,15.164167406896752,13.885277434324168,"rgba(239, 83, 80, 0.75)",0.0,0.0,1.1878261704866564,14.570854155545053,0.21272268007988437,0.0,0.0,0.0,0.0,0.0,0.0,0.0,0.0,38.02187252485972,-8.986127077067763,False,True,False,True,True,0.0,0,0.9712723694648927,0.9471864311799092,False,False,False,False,-0.29803332886211387,-0.27989320172100035,False,False,False,False,-1848012,-1827845.225429988,False,False,False,False,259720.94670044814,False,False,False,False
2024-06-24 00:00:00+00:00,14.9615167248,15.0797895843,14.902380295,14.9220924383,257151,,,,,,,,,,,,,,,,,,,,,,,,,15.161749610341829,13.889289402753914,"rgba(239, 83, 80, 0.75)",0.0,0.0,1.1637923678861635,14.571148428027417,0.33542778552640073,0.0,0.0,0.0,0.0,0.0,0.0,0.0,0.0,38.643449657449935,-8.986127077067763,False,True,False,True,True,0.5912164589921467,0,0.9529367929044894,0.9596021546626309,False,False,False,False,-0.2839598539246872,-0.2819265278228438,False,False,False,False,-1590861,-1818551.726393518,False,False,False,False,259620.16447690118,False,False,False,False
2024-06-25 00:00:00+00:00,14.9516606531,14.981228868,14.8038195788,14.9418045815,104439,,,,,,,,,,,,,,,,,,,,,,,,,15.160417446305026,13.890808020920527,"rgba(239, 83, 80, 0.75)",0.0,0.0,1.1382985877907965,14.570832319571792,0.33455926029682287,0.0,0.0,0.0,0.0,0.0,0.0,0.0,0.0,39.001593930129175,-8.986127077067763,False,True,False,True,True,0.526242509455539,0,0.9486300726665291,0.9796394431496745,False,False,False,False,-0.3098710098867339,-0.29589876885478883,False,False,False,False,-1695300,-1813718.3253584781,False,False,False,False,253534.62861506193,False,False,False,False
2024-06-26 00:00:00+00:00,15.217774587,15.3163353032,14.9319485099,14.9319485099,158301,,,,,,,,,,,,,,,,,,,,,,,,,15.160376789450805,13.893647080447366,"rgba(239, 83, 80, 0.75)",0.0,0.0,1.1160862119463013,14.573028389678404,0.5776849408409465,0.0,0.0,0.0,0.0,0.0,0.0,0.0,0.0,41.48305354783551,-12.958587262793394,False,True,False,True,True,2.2490791999993576,0,0.966274052985065,0.9378165318567593,False,False,False,False,-0.24955311551776094,-0.2727259421862749,False,False,False,False,-1536999,-1802866.587109126,False,False,False,False,249799.97651251048,False,False,False,False
2024-06-27 00:00:00+00:00,15.1586381572,15.4247520911,15.1093577991,15.4148960195,171928,,,,,,,,,,,,,,,,,,,,,,,,,15.160986478314854,13.89689993244819,"rgba(239, 83, 80, 0.75)",0.0,0.0,1.0934424201914108,14.576190593496614,0.5326732829712487,0.0,0.0,0.0,0.0,0.0,0.0,0.0,0.0,42.72619090506579,-11.620301295173967,False,True,False,True,True,1.8459694056228315,0,0.9874750804099868,0.9185011904560926,False,False,False,False,-0.21322958136197429,-0.24297776177412458,False,False,False,False,-1708927,-1799182.6817322976,False,False,False,False,246746.17351201986,False,False,False,False
2024-06-28 00:00:00+00:00,15.2769110167,15.3508315539,15.0305092261,15.2670549451,137744,,,,,,,,,,,,,,,,,,,,,,,,,15.161388313882515,13.899472267063857,"rgba(239, 83, 80, 0.75)",0.0,0.0,1.0647077111689776,14.578550560927003,0.6559175334667618,0.0,0.0,0.0,0.0,0.0,0.0,0.0,0.0,44.56307727825961,-9.749677468080506,False,True,False,True,True,2.6168224691940303,0,0.9701627984500805,0.9335672373390691,False,False,False,False,-0.23256910802609965,-0.2377734349001121,False,False,False,False,-1571183,-1790241.5177427959,False,False,False,False,242471.57847233283,False,False,False,False
2024-07-01 00:00:00+00:00,15.1980624437,15.3557595897,15.0699335126,15.3261913748,69256,,,,,,,,,,,,,,,,,,,,,,,,,15.161548648463135,13.900750594719437,"rgba(239, 83, 80, 0.75)",0.0,0.0,1.0394099746834637,14.579668421963799,0.5949471688729205,0.0,0.0,0.0,0.0,0.0,0.0,0.0,0.0,45.162092336618,-9.057352800867783,False,True,False,True,True,2.064401925817137,0,0.9715245720739859,0.9383728581470904,False,False,False,False,-0.22693739044698086,-0.23235541267354648,False,False,False,False,-1640439,-1784366.9092038628,False,False,False,False,235678.81068910408,False,False,False,False
2024-07-02 00:00:00+00:00,15.5923053087,15.6218735236,15.1980624437,15.1980624437,160769,,,,,,,,,,,,,,,,,,,,,,,,,15.164002308329463,13.90430319258017,#000000,0.0,0.0,1.0103456066662422,14.584778666418297,0.9972099008834809,0.0,0.0,0.0,0.0,0.0,0.0,0.0,0.0,48.71308508018711,-5.620270970405983,False,True,False,False,True,4.620082906396156,0,0.9747751683111079,0.9157983040471069,False,False,False,False,-0.1774522433626233,-0.20490382801808488,False,False,False,False,-1479670,-1772418.0108037114,False,False,False,False,232741.17105423726,False,False,False,False
2024-07-03 00:00:00+00:00,16.1442453196,16.3216546088,15.7204342398,15.7598585263,204888,,,,,,,,,,,,,,,,,,,,,,,,,15.172994183878648,13.910507935782082,"rgba(38, 166, 154, 0.5)",0.0,0.0,0.9799337042186608,14.598134819218851,1.577770510112133,0.0,0.0,0.0,0.0,0.0,0.0,0.0,0.0,54.224867519628816,-0.5265375336146931,False,False,True,False,True,7.9751771738132256,0,1.0124507833442562,0.8822517509013321,False,False,False,False,-0.028347412388232116,-0.1166256202031585,False,False,False,False,-1274782,-1752902.8731251345,False,False,False,False,231648.88983642406,False,False,False,False
2024-07-05 00:00:00+00:00,15.3656156613,15.9274117439,15.217774587,15.897843529,452193,,,,,,,,,,,,,,,,,,,,,,,,,15.180141580194226,13.920554368985782,"rgba(38, 166, 154, 0.5)",0.0,0.0,0.947996131751377,14.611566520454549,0.7954137317547718,0.0,0.0,0.0,0.0,0.0,0.0,0.0,0.0,52.48690901799785,-0.5265375336146931,False,False,True,False,True,2.6468279256076173,0,0.9890142161622022,0.9147401293594682,False,False,False,False,-0.1372750193899046,-0.12695031979653154,False,False,False,False,-1726975,-1751886.0937868939,False,False,False,False,240297.6784702898,False,False,False,False
2024-07-08 00:00:00+00:00,15.4247520911,15.5035021034,15.2473428019,15.3360474465,464594,,,,,,,,,,,,,,,,,,,,,,,,,15.184742191946018,13.930025904188787,"rgba(38, 166, 154, 0.5)",0.0,0.0,0.9087656535449252,14.621803053014407,0.8835600629859182,0.0,0.0,0.0,0.0,0.0,0.0,0.0,0.0,51.67443491922622,-0.5265375336146931,False,False,True,False,False,3.005125737541089,0,0.95126894192833,0.9346083824280714,False,False,False,False,-0.18605604188938596,-0.15650318084295875,False,False,False,False,-1262381,-1732689.8155991726,False,False,False,False,249093.6126479255,False,False,False,False
2024-07-09 00:00:00+00:00,15.2769110167,15.478960485,15.2079185154,15.4247520911,286024,,,,,,,,,,,,,,,,,,,,,,,,,15.186544391507248,13.935517874152657,#000000,0.0,0.0,0.8832100298434727,14.62687464511536,0.735992968399423,0.0,0.0,0.0,0.0,0.0,0.0,0.0,0.0,50.24793271076816,-0.5265375336146931,False,True,False,False,False,2.031993965115216,0,0.9532022924404915,0.9456469718000949,False,False,False,False,-0.1940459363761184,-0.17527455860953856,False,False,False,False,-1548405,-1725462.9600854798,False,False,False,False,250541.86313232058,False,False,False,False
2024-07-10 00:00:00+00:00,15.4444642343,15.4641763776,15.3261913748,15.4444642343,385931,,,,,,,,,,,,,,,,,,,,,,,,,15.19048309268015,13.94333848465229,#000000,0.0,0.0,0.8499526424181503,14.63528798567479,0.9520250990961924,0.0,0.0,0.0,0.0,0.0,0.0,0.0,0.0,50.38446475277056,-0.5265375336146931,False,False,False,False,False,3.0697415194580486,0,0.9342176070891369,0.9546275519320535,False,False,False,False,-0.18113107164330336,-0.17820281512642094,False,False,False,False,-1162474,-1703384.961650755,False,False,False,False,255851.24104870015,False,False,False,False
2024-07-11 00:00:00+00:00,15.818994956,15.8485631709,15.4444642343,15.5824492371,307215,,,,,,,,,,,,,,,,,,,,,,,,,15.197538597842204,13.950732998989551,"rgba(38, 166, 154, 0.5)",0.0,0.0,0.8090150044600275,14.646058306602919,1.4498329980665192,0.0,0.0,0.0,0.0,0.0,0.0,0.0,0.0,52.65180822629352,-0.5265375336146931,False,False,True,False,False,5.3297759054889795,0,0.9331037041202916,0.9436388251387414,False,False,False,False,-0.11916477186800133,-0.14868379349721114,False,False,False,False,-855259,-1670125.1200173923,False,False,False,False,257865.50610561387,False,False,False,False
2024-07-12 00:00:00+00:00,16.2230938926,16.292086394,15.7500024547,15.8682753141,245406,,,,,,,,,,,,,,,,,,,,,,,,,15.207209715965329,13.957880579073526,"rgba(38, 166, 154, 0.5)",0.0,0.0,0.7776609310529928,14.65877320456583,2.011571657478024,0.0,0.0,0.0,0.0,0.0,0.0,0.0,0.0,56.100357926219935,0.8042209184871254,False,False,True,False,True,7.65923794235831,0,0.963538147924421,0.9234080498609483,False,False,False,False,-0.02834741237617271,-0.08851560293669193,False,True,False,False,-609853,-1628545.821193181,False,False,False,False,257376.8980230408,False,False,False,False
2024-07-15 00:00:00+00:00,15.8682753141,16.3512228237,15.8485631709,16.3512228237,226552,,,,,,,,,,,,,,,,,,,,,,,,,15.21530129322761,13.964234528226207,"rgba(38, 166, 154, 0.5)",0.0,0.0,0.7419369036056249,14.769155666603766,1.4814192988039712,0.0,0.0,0.0,0.0,0.0,0.0,0.0,0.0,55.96560638995414,0.8042209184871254,False,False,True,False,True,5.2550233781239974,0,0.9672747307698717,0.9219935096740832,False,True,False,False,-0.009337128958155439,-0.04892636594742369,False,False,False,False,-836405,-1597481.4752640366,False,False,False,False,256168.07849272547,False,False,False,False
2024-07-16 00:00:00+00:00,16.2230938926,16.3512228237,15.8781313858,15.9668360304,494635,,,,,,,,,,,,,,,,,,,,,,,,,15.235138510930495,13.9788273364581,"rgba(38, 166, 154, 1.0)",0.0,0.0,0.7218496350786541,14.901976551984745,1.8301835678995733,0.0,0.0,0.0,0.0,0.0,0.0,0.0,0.0,57.54563712904512,2.3364636499314173,True,False,True,False,True,7.2653500813496805,0,0.9625045260662596,0.9193351646748039,False,True,False,False,-0.005773866012987572,-0.02735011598020563,False,True,False,False,-341770,-1548237.8879987802,False,False,False,False,265519.7224734029,False,False,False,False
2024-07-17 00:00:00+00:00,15.976692102,16.3315106805,15.7697145979,16.2625181791,291817,,,,,,,,,,,,,,,,,,,,,,,,,15.244909575216777,13.986855958050196,"rgba(38, 166, 154, 1.0)",0.0,0.0,0.7011548738358762,14.909901483631106,1.521476435773309,0.0,0.0,0.0,0.0,0.0,0.0,0.0,0.0,56.990127723629925,2.3364636499314173,True,False,True,False,True,5.6187014439917355,0,0.9510541280455368,0.9257676861975828,False,False,False,False,-0.021216893252480763,-0.024283504616343196,False,False,False,False,-633587,-1512369.2257243185,False,False,False,False,266550.98825875967,False,False,False,False
2024-07-18 00:00:00+00:00,15.7697145979,15.9865481736,15.7598585263,15.976692102,291782,,,,,,,,,,,,,,,,,,,,,,,,,15.252155778137572,13.994089427161512,"rgba(38, 166, 154, 0.5)",0.0,0.0,0.6862601455684941,14.91247288300425,1.249149787338467,0.0,0.0,0.0,0.0,0.0,0.0,0.0,0.0,55.34504389093601,2.3364636499314173,False,False,True,False,True,4.258870011698452,0,0.9519654432408179,0.9443366591796013,False,False,False,False,-0.0640578543655098,-0.0441706794909265,False,False,False,False,-925369,-1489349.6090292472,False,False,False,False,267540.43969959265,False,False,False,False
2024-07-19 00:00:00+00:00,15.7992828128,15.8781313858,15.4346081627,15.6218735236,129623,,,,,,,,,,,,,,,,,,,,,,,,,15.254592149794096,13.997051436751791,"rgba(38, 166, 154, 0.5)",0.0,0.0,0.6654833539150058,14.912436766337668,1.332634454708836,0.0,0.0,0.0,0.0,0.0,0.0,0.0,0.0,54.41836756141073,2.3364636499314173,False,False,True,False,False,4.432382451735094,0,0.9445881457582133,0.9409955283584096,False,False,False,False,-0.11675619413277459,-0.08046343681185054,False,False,False,False,-795746,-1462149.4674986885,False,False,False,False,262131.9126525498,False,False,False,False
2024-07-22 00:00:00+00:00,15.6218735236,15.9324383404,15.4148960195,15.8091388844,146790,,,,,,,,,,,,,,,,,,,,,,,,,15.257030743958456,14.000300160443793,#000000,0.0,0.0,0.6576025365669051,14.912304383606543,1.0790243354258484,0.0,0.0,0.0,0.0,0.0,0.0,0.0,0.0,52.65087296639384,2.3364636499314173,False,False,False,False,False,3.2571925198841996,1,0.9502640703308162,0.94640663436975,False,False,False,False,-0.11253238086351622,-0.09649790883768339,False,False,False,False,-942536,-1441772.4687732498,False,False,False,False,257608.7003916655,False,False,False,False
2024-07-23 00:00:00+00:00,15.3261913748,15.4937445924,15.3064792316,15.3261913748,205523,,,,,,,,,,,,,,,,,,,,,,,,,15.258028695623514,14.004059455879469,#000000,0.0,0.0,0.6508919309362522,14.907389975635734,0.6434269335031645,0.0,0.0,0.0,0.0,0.0,0.0,0.0,0.0,49.71453084506685,4.558780416473262,False,False,False,False,False,1.336467445000629,1,0.9347318742907623,0.9591963513107981,False,False,False,False,-0.17990426136593302,-0.1382010851018082,False,False,False,False,-1148059,-1430254.29352724,False,False,False,False,255566.12390571786,False,False,False,False
2024-07-24 00:00:00+00:00,15.2374867302,15.5479529864,15.2276306586,15.375471733,197948,,,,,,,,,,,,,,,,,,,,,,,,,15.258669958516899,14.007561598807756,"rgba(239, 83, 80, 1.0)",0.0,0.0,0.651213763164902,14.903484082127898,0.5128924893246237,0.0,0.0,0.0,0.0,0.0,0.0,0.0,0.0,47.2568429936497,2.2125911590272977,False,True,False,True,False,0.7671986844471661,1,0.9206644804961851,0.9606953358109865,False,False,False,False,-0.18297230003816128,-0.16058669256998476,False,False,False,False,-1346007,-1426950.4780947992,False,False,False,False,253306.5896349054,False,False,False,False
2024-07-25 00:00:00+00:00,15.0699335126,15.1980624437,14.7939635072,15.0305092261,220337,,,,,,,,,,,,,,,,,,,,,,,,,15.256556187910716,14.01051427412377,"rgba(239, 83, 80, 1.0)",0.0,0.0,0.6548527757841401,14.894474053111802,0.2679372615899784,0.0,0.0,0.0,0.0,0.0,0.0,0.0,0.0,44.681419819113344,-0.20844350974486758,False,True,False,True,False,0.0,0,0.905936551326276,0.9664886750736212,False,False,False,False,-0.28267425653207934,-0.22163047455103205,False,False,False,False,-1566344,-1432416.8907185325,False,False,False,False,252013.6645511836,False,False,False,False
2024-07-26 00:00:00+00:00,15.0699335126,15.2867670884,15.0009410113,15.2867670884,116907,,,,,,,,,,,,,,,,,,,,,,,,,15.255912068912101,14.012226113058905,"rgba(239, 83, 80, 1.0)",0.0,0.0,0.6581425507085943,14.891373464339344,0.27130907744592536,0.0,0.0,0.0,0.0,0.0,0.0,0.0,0.0,42.96447103608911,-1.817047228268109,False,True,False,True,False,0.0,0,0.9115158009015724,0.9649974791658522,False,False,False,False,-0.24450651243968138,-0.23306849349535672,False,False,False,False,-1566344,-1437668.9342197664,False,False,False,False,246715.36398054898,False,False,False,False
2024-07-29 00:00:00+00:00,15.217774587,15.2670549451,15.0107970829,15.0699335126,177765,,,,,,,,,,,,,,,,,,,,,,,,,15.25526981909193,14.014926706061328,"rgba(239, 83, 80, 1.0)",0.0,0.0,0.6605866046152692,14.887955395771346,0.49928228777927197,0.0,0.0,0.0,0.0,0.0,0.0,0.0,0.0,43.15391641000315,-1.817047228268109,False,True,False,True,False,0.6613536434877076,0,0.9009775568922966,0.9770907068855471,False,False,False,False,-0.24576700936520976,-0.23941775143028324,False,False,False,False,-1388579,-1435743.8387601678,False,False,False,False,244011.4281381745,False,False,False,False
2024-07-30 00:00:00+00:00,14.9319485099,15.3163353032,14.8925242234,15.3163353032,171974,,,,,,,,,,,,,,,,,,,,,,,,,15.253852417695363,14.01725991425061,"rgba(239, 83, 80, 1.0)",0.0,0.0,0.6672715903528528,14.883669837899763,0.07235235651904029,0.0,0.0,0.0,0.0,0.0,0.0,0.0,0.0,41.48973616860732,-3.3879433739095646,False,True,False,True,False,0.0,0,0.88882302454783,0.9785681746658116,False,False,False,False,-0.2546122033755274,-0.24701497740290534,False,False,False,False,-1560553,-1440638.3156715338,False,False,False,False,241186.43095628533,False,False,False,False
2024-07-31 00:00:00+00:00,15.2571988735,15.2769110167,14.9910849396,15.1487820856,238940,,,,,,,,,,,,,,,,,,,,,,,,,15.25311463180169,14.0208854259252,"rgba(239, 83, 80, 1.0)",0.0,0.0,0.6694662468612921,14.880831408776848,0.5621903516237059,0.0,0.0,0.0,0.0,0.0,0.0,0.0,0.0,43.13797761412782,-3.3879433739095646,False,True,False,True,False,0.9175075247286344,0,0.8836196325786307,1.0080505598050251,False,False,False,False,-0.24702827237835054,-0.24702162489062796,False,False,False,False,-1321613,-1435970.6562334346,False,False,False,False,241098.33562466633,False,False,False,False
2024-08-01 00:00:00+00:00,15.0009410113,15.2769110167,14.7348270774,15.2670549451,175200,,,,,,,,,,,,,,,,,,,,,,,,,15.251417361342035,14.023138042249034,"rgba(239, 83, 80, 1.0)",0.0,0.0,0.6723017901856839,14.877088344055007,0.18422183170267306,0.0,0.0,0.0,0.0,0.0,0.0,0.0,0.0,42.6286228380464,-3.3879433739095646,False,True,False,True,False,0.0,0,0.8583001544688134,1.0154649061188676,False,False,False,False,-0.28010578542210435,-0.2635637051563662,False,False,False,False,-1496813,-1438356.6304987902,False,False,False,False,238514.08716879706,False,False,False,False
2024-08-02 00:00:00+00:00,14.8136756504,15.2273349765,14.7249710058,15.0699335126,260099,,,,,,,,,,,,,,,,,,,,,,,,,15.248115710900334,14.026184556840759,"rgba(239, 83, 80, 1.0)",0.0,0.0,0.6774489527264148,14.870871909353884,-0.08442888386452634,0.0,0.0,0.0,0.0,0.0,0.0,0.0,0.0,41.2199296082603,-3.9204207364970856,False,True,False,True,False,0.0,0,0.8461553474897571,1.0272997040582594,False,False,False,False,-0.2878608212471719,-0.275712263201769,False,False,False,False,-1756912,-1450848.99793021,False,False,False,False,239360.5543386482,False,False,False,False
2024-08-05 00:00:00+00:00,14.5771299314,14.6066981463,13.7393638434,14.2420234962,254198,,,,,,,,,,,,,,,,,,,,,,,,14.307730640366666,15.238993871158668,14.02711407946543,"rgba(239, 83, 80, 1.0)",0.0,0.0,0.690093405962094,14.861493118792856,-0.41206477983427586,1.0,14.606698,13.739364,0.0,0.0,0.0,0.0,0.0,39.042422848641806,-6.124883014422714,False,True,False,True,False,0.0,0,0.812557838935601,1.0463515953511353,True,False,False,False,-0.34282825441539394,-0.3092702588085815,False,False,False,False,-2011110,-1472820.0176192215,False,False,False,False,239942.41495281883,False,False,False,False
2024-08-06 00:00:00+00:00,14.4194327855,14.458857072,14.2124552814,14.4490010003,218024,,,,,,,,,,,,,,,,,,,,,,,,14.333516974447972,15.231770778302316,14.028064154489536,"rgba(239, 83, 80, 1.0)",0.0,0.0,0.7051044192961784,14.851623811047528,-0.6129461307006596,0.0,0.0,0.0,0.0,0.0,0.0,0.0,0.0,36.82480288462743,-8.310661928508495,False,True,False,True,False,0.0,0,0.8411399290693654,1.029033604947877,False,False,False,False,-0.3071202304140608,-0.30819524461132114,False,False,False,False,-2229134,-1502479.3894772911,False,False,False,False,239082.86926839457,False,False,False,False
2024-08-07 00:00:00+00:00,14.1828870665,14.6461224328,13.9956217056,14.5475617166,216690,,,,,,,,,,,,,,,,,,,,,,,,14.31507241075449,15.223987511065216,14.02875487119119,"rgba(239, 83, 80, 1.0)",0.0,0.0,0.7252629075955941,14.839319317939504,-0.9050955792234318,0.0,0.0,0.0,0.0,0.0,0.0,0.0,0.0,34.28257333150341,-10.754053156056884,False,True,False,True,False,0.0,0,0.825238162254453,1.0432746990789814,False,False,False,False,-0.310333990384059,-0.3092646174976901,False,False,False,False,-2445824,-1539473.2957722994,True,False,False,False,238204.7175323791,True,False,False,False
2024-08-08 00:00:00+00:00,14.7151149342,14.8432438653,14.0793983144,14.1828870665,268456,,,,,,,,,,,,,,,,,,,,,,,,14.37980421937445,15.2172227642708,14.03054173565316,"rgba(239, 83, 80, 0.75)",0.0,0.0,0.7268284845851772,14.833620155117032,-0.16304427169590865,0.0,0.0,0.0,0.0,0.0,0.0,0.0,0.0,37.214829714779384,-10.754053156056884,False,True,False,True,True,0.0,0,0.8199411728520958,1.0480588971639475,False,False,False,False,-0.2632263960470326,-0.2862455067723613,False,False,False,False,-2177368,-1564488.7743694643,False,False,False,False,239391.0423350309,False,False,False,False
2024-08-09 00:00:00+00:00,14.8333877937,15.0403652978,14.5771299314,14.6658345761,182361,,,,,,,,,,,,,,,,,,,,,,,,14.449750977826396,15.214528453673298,14.032383177751694,"rgba(239, 83, 80, 0.75)",0.0,0.0,0.7330449407422596,14.83419334851408,-0.0010989159999725822,0.0,0.0,0.0,0.0,0.0,0.0,0.0,0.0,40.037391370176,-15.315192357496535,False,True,False,True,True,0.0,0,0.8599280576931134,1.0177055047697938,False,False,False,False,-0.13346723336930982,-0.20985637007083557,False,False,False,False,-1995007,-1581371.84204125,False,False,False,False,237154.57008659834,False,False,False,False
2024-08-12 00:00:00+00:00,15.5430249506,15.6810099533,14.9713727964,14.9713727964,239467,,,,,,,,,,,,,,,,,,,,,,,,14.61447500147164,15.216140113227388,14.036570750495644,"rgba(239, 83, 80, 0.5)",0.0,0.0,0.7330895110925846,14.846309277167325,0.950382815318556,0.0,0.0,0.0,0.0,0.0,0.0,0.0,0.0,46.117053220009346,-9.742159222845181,False,False,False,True,True,2.9930014213206206,0,0.9034694605947347,0.9694188260715445,False,False,False,False,0.04442919223909404,-0.08271358891587077,False,False,False,False,-1755540,-1588201.9658827698,False,False,False,False,237245.2536126141,False,False,False,False
2024-08-13 00:00:00+00:00,15.3557595897,15.6415856668,15.3360474465,15.4740324492,164079,,,,,,,,,,,,,,,,,,,,,,,,14.70271838216446,15.21750267099902,14.039521621454607,#000000,0.0,0.0,0.7334703863310768,14.853702997998562,0.6844946995239933,0.0,0.0,0.0,0.0,0.0,0.0,0.0,0.0,48.94521576160188,-7.338746488515781,True,False,False,False,True,1.7923481643401473,1,0.913006530106183,0.9557205474481381,False,False,False,False,0.10041372096481056,0.008850066024469895,False,False,False,False,-1919619,-1601198.7123187396,False,False,False,False,234375.9887650606,False,False,False,False
2024-08-14 00:00:00+00:00,15.5824492371,15.6711538817,15.1192138707,15.3064792316,220870,,,,,,,,,,,,,,,,,,,,,,,,14.797229861524125,15.219416087924188,14.043511342468113,"rgba(38, 166, 154, 1.0)",0.0,0.0,0.7320028104684946,14.862483895000873,0.9835554342179882,0.0,0.0,0.0,0.0,0.0,0.0,0.0,0.0,52.00289562336092,-4.656283918888349,True,False,True,False,True,3.158458482198757,0,0.9030862620382013,0.9523096305773877,False,False,False,False,0.0856402070309557,0.0472451365277128,False,False,False,False,-1698749,-1605024.2137964363,False,False,False,False,233846.34214682295,False,False,False,False
2024-08-15 00:00:00+00:00,15.5923053087,15.7992828128,15.4641763776,15.7697145979,139075,,,,,,,,,,,,,,,,,,,,,,,,14.857249410628262,15.221409103638463,14.04629673203318,"rgba(38, 166, 154, 1.0)",0.0,0.0,0.7282339696022699,14.869106131449204,0.9930862984128256,0.0,0.0,0.0,0.0,0.0,0.0,0.0,0.0,54.09287865431245,-2.816056494989475,True,False,True,False,True,3.217886551702108,0,0.9549155568412341,0.9409393794534621,False,False,False,False,0.1673834211650665,0.10731427884638964,False,False,False,False,-1559674,-1603245.7740397134,False,False,False,False,230129.8189253789,False,False,False,False
2024-08-16 00:00:00+00:00,15.8485631709,15.9569799588,15.6317295952,15.6711538817,338768,,,,,,,,,,,,,,,,,,,,,,,,15.001577866958057,15.228510642518557,14.053871909495886,"rgba(38, 166, 154, 1.0)",0.0,0.0,0.7283051992936523,14.888034323918955,1.3188548535869515,0.0,0.0,0.0,0.0,0.0,0.0,0.0,0.0,56.81431067540946,-0.30293700417872316,True,False,True,False,True,4.759414407725977,0,0.9532806842613385,0.920038094207756,False,False,False,False,0.22482993393854142,0.16607210639246553,False,False,False,False,-1220906,-1588252.0574107051,False,False,False,False,234390.13975183462,False,False,False,False
2024-08-19 00:00:00+00:00,15.9964042453,16.0851088899,15.8781313858,15.8781313858,219223,,,,,,,,,,,,,,,,,,,,,,,,15.08931034724828,15.234359411149523,14.059221368384982,"rgba(38, 166, 154, 1.0)",0.0,0.0,0.7284937394415988,14.901500612913168,1.50296917201525,0.0,0.0,0.0,0.0,0.0,0.0,0.0,0.0,59.347402062390614,2.0721032789548772,True,False,True,False,True,5.636332478062055,0,0.9608118699524488,0.9153176040224636,False,False,False,False,0.2928670898747445,0.229469598133605,False,False,False,False,-1001683,-1565249.3492769522,False,False,False,False,233795.34995764503,False,False,False,False
2024-08-20 00:00:00+00:00,16.0949649615,16.3216546088,16.055540675,16.055540675,175834,,,,,,,,,,,,,,,,,,,,,,,,15.160527996520846,15.240036499531902,14.063869132731513,"rgba(38, 166, 154, 1.0)",0.0,0.0,0.7284282485208418,14.913537491638271,1.6218858511607082,0.0,0.0,0.0,0.0,0.0,0.0,0.0,0.0,61.51314896120619,4.149705191403797,True,False,True,False,True,6.220466880096421,0,1.0050086114663155,0.8966624773105645,False,False,False,False,0.3428282176685282,0.2861489079010666,False,False,False,False,-825849,-1536253.2571484442,False,False,False,False,231522.35584165895,False,False,False,False
2024-08-21 00:00:00+00:00,16.2033817494,16.2428060359,16.0161163885,16.1935256777,153112,,,,,,,,,,,,,,,,,,,,,,,,15.215051096696328,15.24490589158615,14.067893229326147,"rgba(38, 166, 154, 1.0)",0.0,0.0,0.7298834011150084,14.923438216737756,1.7536274022767655,0.0,0.0,0.0,0.0,0.0,0.0,0.0,0.0,63.48525741240803,6.100799580300929,True,False,True,False,True,6.86451849808515,0,0.9976638789011101,0.8930056534101078,False,False,False,False,0.32124880986088516,0.3036988588809759,False,False,False,False,-672737,-1502389.8745151719,False,False,False,False,228447.4399262998,False,False,False,False
2024-08-22 00:00:00+00:00,16.0851088899,16.1639574629,15.8585178032,16.0949649615,153327,,,,,,,,,,,,,,,,,,,,,,,,15.257807360744595,15.249102983812765,14.071679963847597,"rgba(38, 166, 154, 1.0)",0.0,0.0,0.7306430503300996,14.931771763246406,1.5785233653184316,0.0,0.0,0.0,0.0,0.0,0.0,0.0,0.0,63.6144967656943,6.409799717326926,True,False,True,False,True,6.019986510190414,0,0.9939245413156947,0.8951703830684554,False,False,False,False,0.27893941111915704,0.29131913500006645,False,False,False,False,-826064,-1475867.2912008516,False,False,False,False,225501.54032134687,False,False,False,False
2024-08-23 00:00:00+00:00,16.2329499642,16.3857190744,16.1097490689,16.2625181791,180838,,,,,,,,,,,,,,,,,,,,,,,,15.314819791091306,15.255283355598928,14.076596037773447,"rgba(38, 166, 154, 1.0)",0.0,0.0,0.7317031810497834,14.943448897449233,1.762328086233961,0.0,0.0,0.0,0.0,0.0,0.0,0.0,0.0,64.51494789156615,7.560177600538928,True,False,True,False,True,6.915867329285469,0,1.005152610975085,0.8941372655596784,False,False,False,False,0.3428282187159449,0.3170736768580057,False,False,False,False,-645226,-1443293.1229184652,False,False,False,False,223750.028936196,False,False,False,False
2024-08-26 00:00:00+00:00,16.3117985372,16.4103592535,16.1738135345,16.4005031818,156509,,,,,,,,,,,,,,,,,,,,,,,,15.361752837839116,15.260869550172835,14.08094202788071,"rgba(38, 166, 154, 1.0)",0.0,0.0,0.7355516926935066,15.052894369360601,1.711510122734456,0.0,0.0,0.0,0.0,0.0,0.0,0.0,0.0,65.54366820924969,8.86991953687469,True,False,True,False,True,7.393711956591002,0,1.0195444803087146,0.878229738325492,False,False,False,False,0.3428282194631425,0.32995094816057413,False,False,False,False,-488717,-1405858.7651569566,False,False,False,False,221113.1258406589,False,False,False,False
2024-08-27 00:00:00+00:00,16.3019424656,16.3906471102,16.0851088899,16.292086394,140946,,,,,,,,,,,,,,,,,,,,,,,,15.398720826645357,15.265660142680376,14.084772018980077,"rgba(38, 166, 154, 1.0)",0.0,0.0,0.7355813847891061,15.060201647473312,1.6881079970270048,0.0,0.0,0.0,0.0,0.0,0.0,0.0,0.0,66.11187624567484,9.771312713005543,True,False,True,False,True,7.320018285369052,0,1.0181445436853451,0.8744020548123418,False,False,False,False,0.3239966706518152,0.3269738094061947,False,False,False,False,-629663,-1375419.7155429584,False,False,False,False,217969.31698416246,False,False,False,False
2024-08-28 00:00:00+00:00,15.7204342398,16.1294612122,15.5725931654,16.0949649615,170153,,,,,,,,,,,,,,,,,,,,,,,,15.418084889165867,15.268780805749648,14.088420933229537,"rgba(38, 166, 154, 0.75)",0.0,0.0,0.7333299143933086,15.056877284089973,0.9048546127550162,0.0,0.0,0.0,0.0,0.0,0.0,0.0,0.0,60.819019938317545,9.771312713005543,True,False,True,False,False,3.113818206342806,0,0.9843478180889443,0.8787312574244804,False,False,False,False,0.1950648907334062,0.2610193500698004,False,False,False,False,-799816,-1352847.0208157834,False,False,False,False,216094.16729850904,False,False,False,False
2024-08-29 00:00:00+00:00,16.0456846034,16.134389248,15.7302903114,15.7302903114,148481,,,,,,,,,,,,,,,,,,,,,,,,15.43999877278026,15.272288017446826,14.09189251733438,"rgba(38, 166, 154, 0.75)",0.0,0.0,0.7330504061182604,15.061010212697116,1.3432560469027708,0.0,0.0,0.0,0.0,0.0,0.0,0.0,0.0,59.52499151613472,15.853207360706222,True,False,True,False,False,5.150775438449607,0,0.9846215503429361,0.9044672066250941,False,False,False,False,0.22150649488981064,0.24126292247980552,False,False,False,False,-651335,-1325336.7454896744,False,False,False,False,213442.67054170475,False,False,False,False
2024-08-30 00:00:00+00:00,16.1688854987,16.3468915776,15.96121174,16.060104006,199235,,,,,,,,,,,,,,,,,,,,,,,,15.47635977241753,15.278198243552245,14.096997102309995,"rgba(38, 166, 154, 0.75)",0.0,0.0,0.7316668666784429,15.071585136110821,1.4997267370744924,0.0,0.0,0.0,0.0,0.0,0.0,0.0,0.0,59.42513635008902,15.55400516211526,True,False,True,False,False,5.9074992555184025,0,0.9835472770206205,0.8859567276259388,False,False,False,False,0.29530232515596316,0.26828262381788437,False,False,False,False,-452100,-1291092.1672351772,False,False,False,False,212885.50699104965,False,False,False,False
2024-09-03 00:00:00+00:00,15.6942026216,16.0205470996,15.4173042767,16.010657873,203675,,,,,,,,,,,,,,,,,,,,,,,,15.487878581289355,15.28112521652536,14.101060550464076,"rgba(38, 166, 154, 0.75)",0.0,0.0,0.72555533107297,15.072319232095063,0.857113665728677,0.0,0.0,0.0,0.0,0.0,0.0,0.0,0.0,55.72949119680835,11.857648643117479,True,False,True,False,False,2.6021803763273823,0,0.967231198573515,0.890400189022886,False,False,False,False,0.15265854523673827,0.21047058452731132,False,False,False,False,-655775,-1266177.7685200723,False,False,False,False,212524.3106384595,False,False,False,False
2024-09-04 00:00:00+00:00,15.6150888088,15.8820979271,15.5557534492,15.5557534492,171695,,,,,,,,,,,,,,,,,,,,,,,,15.495694745898195,15.283412411978107,14.104414253138676,#000000,0.0,0.0,0.7198146221653845,15.073435513579089,0.7524899863682691,0.0,0.0,0.0,0.0,0.0,0.0,0.0,0.0,52.74040709541945,8.946934283809966,True,False,False,False,False,2.0667361664147172,0,0.9692208410464614,0.8975892705694504,False,False,False,False,0.15265854523673777,0.18156456488202455,False,False,False,False,-827470,-1248973.542303599,False,False,False,False,210923.16120165715,False,False,False,False
2024-09-05 00:00:00+00:00,15.684313395,15.8722087005,15.6546457152,15.8524302473,78357,,,,,,,,,,,,,,,,,,,,,,,,15.499999488255224,15.284583818032072,14.105991013452511,#000000,0.0,0.0,0.701265323860229,15.07451062366886,0.8695749676803939,0.0,0.0,0.0,0.0,0.0,0.0,0.0,0.0,51.28761220762753,7.497225535657492,False,False,False,False,False,2.513296996995937,1,0.976583943579592,0.892075987464535,False,False,False,False,0.1668760043490337,0.17422028461552913,False,False,False,False,-749113,-1229371.1680956148,False,False,False,False,205724.48821335688,False,False,False,False
2024-09-06 00:00:00+00:00,15.1898520648,15.7387041414,15.1502951584,15.7139810749,125107,,,,,,,,,,,,,,,,,,,,,,,,15.49611260223305,15.284891898226238,14.107921103097377,"rgba(239, 83, 80, 1.0)",0.0,0.0,0.6763737276203429,15.12061391007723,0.10236671221155756,0.0,0.0,0.0,0.0,0.0,0.0,0.0,0.0,47.20755758741528,3.586829360545046,False,True,False,True,False,0.0,0,0.9480279642396603,0.9143961566918678,False,False,False,False,0.06610714325952309,0.12016371393752612,False,False,False,False,-874220,-1215443.6713075514,False,False,False,False,202563.01808734288,False,False,False,False
2024-09-09 00:00:00+00:00,15.5656426758,15.6645349418,15.2788551043,15.2788551043,153971,,,,,,,,,,,,,,,,,,,,,,,,15.496339921669778,15.285988556942241,14.110559540583253,"rgba(239, 83, 80, 1.0)",0.0,0.0,0.6389425249828652,15.124061023276827,0.6911132617679732,0.0,0.0,0.0,0.0,0.0,0.0,0.0,0.0,47.30944587496598,3.586829360545046,False,True,False,True,False,1.632560535072109,0,0.9421756853361402,0.9192387511899557,False,False,False,False,0.07461945710473165,0.09739158552112889,False,False,False,False,-720249,-1196024.2724327454,False,False,False,False,200657.44875058436,False,False,False,False
2024-09-10 00:00:00+00:00,15.7337595281,15.7733164345,15.4667504097,15.585421129,164417,,,,,,,,,,,,,,,,,,,,,,,,15.501833176668045,15.287974876171356,14.113678243072723,#000000,0.0,0.0,0.6157364135917144,15.129928141961457,0.9806653834491823,0.0,0.0,0.0,0.0,0.0,0.0,0.0,0.0,48.49667593039773,3.586829360545046,False,False,False,False,False,2.691089909705905,0,0.9541948715258756,0.91093156641812,False,False,False,False,0.12127373579622147,0.10933266065867518,False,False,False,False,-555832,-1170918.6931216572,False,False,False,False,199236.254681934,False,False,False,False
2024-09-11 00:00:00+00:00,15.7040918483,15.7337595281,15.5161965428,15.7337595281,168428,,,,,,,,,,,,,,,,,,,,,,,,15.506864388148545,15.289951904611188,14.116846435268949,#000000,0.0,0.0,0.5975464997881155,15.13362616483895,0.954679985010927,0.0,0.0,0.0,0.0,0.0,0.0,0.0,0.0,49.08015726558615,3.586829360545046,False,False,False,False,False,2.4897684028880214,0,0.9545074483349185,0.9126725940505108,False,False,False,False,0.12283683997575147,0.11608475031721333,False,False,False,False,-724260,-1153402.6659404158,False,False,False,False,198028.08783166207,False,False,False,False
2024-09-12 00:00:00+00:00,16.3567808042,16.4556730702,15.7634272079,15.8227625675,176543,,,,,,,,,,,,,,,,,,,,,,,,15.530205309835598,15.2950667872795,14.12131830680465,"rgba(38, 166, 154, 0.5)",0.0,0.0,0.5647812451543971,15.149573126276584,2.1374783392345034,0.0,0.0,0.0,0.0,0.0,0.0,0.0,0.0,53.26532083831934,3.586829360545046,False,False,True,False,True,6.475963071498299,0,0.9578432748217314,0.8935907223294244,False,False,False,False,0.2802617461053938,0.19817324821130355,False,False,False,False,-547717,-1129650.2868839288,False,False,False,False,197185.53536767533,False,False,False,False
2024-09-13 00:00:00+00:00,16.7523498683,16.8710205876,16.4260053904,16.4260053904,228444,,,,,,,,,,,,,,,,,,,,,,,,15.578886247624613,15.305177622715632,14.128442138823843,"rgba(38, 166, 154, 1.0)",0.0,0.0,0.5454408399527408,15.178971036252946,2.884600339394056,0.0,0.0,0.0,0.0,0.0,0.0,0.0,0.0,57.74854167822763,1.4586941171136942,True,False,True,False,True,8.729022103768191,0,0.966414790976324,0.8991531538174878,False,False,False,False,0.3428282244956619,0.2705007363534827,False,False,False,False,-319273,-1097870.7854375003,False,False,False,False,198411.35751011944,False,False,False,False
2024-09-16 00:00:00+00:00,16.861131361,16.8809098142,16.6831252821,16.8512421344,251692,,,,,,,,,,,,,,,,,,,,,,,,15.633541374363919,15.317145508556408,14.13662781441638,"rgba(38, 166, 154, 1.0)",0.0,0.0,0.5526173012787363,15.208584057724511,2.9904009509864347,0.0,0.0,0.0,0.0,0.0,0.0,0.0,0.0,61.16460120610211,4.602179205887694,True,False,True,False,True,9.334880302076837,0,1.0108187102555255,0.8869912438161631,False,False,False,False,0.3428282260266857,0.3066644811900842,False,False,False,False,-67581,-1057467.2644399514,False,False,False,False,200500.79447050692,False,False,False,False
2024-09-17 00:00:00+00:00,16.6930145087,17.0786943463,16.6831252821,16.861131361,277140,,,,,,,,,,,,,,,,,,,,,,,,15.688825355410604,15.33019085494454,14.14561662277929,"rgba(38, 166, 154, 1.0)",0.0,0.0,0.5656646504547133,15.236535373196627,2.5748102419562042,0.0,0.0,0.0,0.0,0.0,0.0,0.0,0.0,62.04937170220615,5.4062205223914646,True,False,True,False,True,8.136296391174408,0,1.0093787933466736,0.8589152318648603,False,False,False,False,0.3428282270634469,0.32474635412676556,False,False,False,False,-344721,-1029516.4305403455,False,False,False,False,203506.2535108792,False,False,False,False
2024-09-18 00:00:00+00:00,16.3963377106,17.0144143734,16.386448484,16.7820175482,327830,,,,,,,,,,,,,,,,,,,,,,,,15.73644097532401,15.34310196424038,14.155306273579752,"rgba(38, 166, 154, 1.0)",0.0,0.0,0.568054605527335,15.25926419985895,2.0016975475191954,0.0,0.0,0.0,0.0,0.0,0.0,0.0,0.0,60.37238647080646,5.4062205223914646,True,False,True,False,True,6.061748637104618,0,0.9975004217446051,0.86302183350446,False,False,False,False,0.2942168877002369,0.30948162091350123,False,False,False,False,-672551,-1015517.78620543,False,False,False,False,208381.69454966826,False,False,False,False
2024-09-19 00:00:00+00:00,16.6336791491,16.7919067748,16.3073346711,16.7325714151,210399,,,,,,,,,,,,,,,,,,,,,,,,15.763765056818206,15.351111678126559,14.161430629902053,"rgba(38, 166, 154, 1.0)",0.0,0.0,0.5770851165274048,15.272305855081843,2.3590511261322895,0.0,0.0,0.0,0.0,0.0,0.0,0.0,0.0,60.482706925360326,5.4062205223914646,True,False,True,False,True,7.438004377404486,0,0.990873290134073,0.8764111025729968,False,False,False,False,0.2546170496129612,0.2820493352632312,False,False,False,False,-462152,-993817.1671385504,False,False,False,False,208460.8045673283,False,False,False,False
2024-09-20 00:00:00+00:00,16.6633468289,16.960023627,16.4062269372,16.811685228,660320,,,,,,,,,,,,,,,,,,,,,,,,15.848207049962237,15.3775614958408,14.18123040893592,"rgba(38, 166, 154, 1.0)",0.0,0.0,0.5916356263529365,15.31383710749086,2.2809811669524076,0.0,0.0,0.0,0.0,0.0,0.0,0.0,0.0,60.70886790402902,5.4062205223914646,True,False,True,False,True,7.609605772500977,0,0.9900685768084768,0.8868984827292863,False,False,False,False,0.2896290105658299,0.28583917291453054,False,False,False,False,198168,-947072.6507801759,False,False,False,False,226180.77301566838,False,False,False,False
2024-09-23 00:00:00+00:00,16.5446761097,16.8413529078,16.5150084298,16.6633468289,135046,,,,,,,,,,,,,,,,,,,,,,,,15.862792378553664,15.382667223309138,14.185172560522863,"rgba(38, 166, 154, 1.0)",0.0,0.0,0.6026897861492938,15.321219827554653,2.0299933900692992,0.0,0.0,0.0,0.0,0.0,0.0,0.0,0.0,59.865483358269515,5.4062205223914646,True,False,True,False,True,6.7619809510309885,0,0.9810971459047059,0.9111558651917745,False,False,False,False,0.28832037220162887,0.2870797725580797,False,False,False,False,63122,-907457.1742789926,False,False,False,False,222606.86034838727,False,False,False,False
2024-09-24 00:00:00+00:00,17.1380297059,17.1775866124,16.48534075,16.7523498683,343321,,,,,,,,,,,,,,,,,,,,,,,,15.911065385629291,15.39853035212175,14.196358525203827,"rgba(38, 166, 154, 1.0)",0.0,0.0,0.6290170051591131,15.34592269778654,2.8490597128771378,0.0,0.0,0.0,0.0,0.0,0.0,0.0,0.0,62.25138669472437,6.508216736870452,True,False,True,False,True,10.1565389437468,0,0.9755226690840865,0.8995165557305843,False,False,False,False,0.329363025953555,0.3082213992558174,False,False,False,False,406443,-855931.6772484438,False,False,False,False,227340.7481778623,False,False,False,False
2024-09-25 00:00:00+00:00,17.0688051197,17.2517558119,16.9699128537,17.0688051197,156340,,,,,,,,,,,,,,,,,,,,,,,,15.934916742545814,15.406403453982925,14.201724075633019,"rgba(38, 166, 154, 1.0)",0.0,0.0,0.6473038116500048,15.358243760980443,2.6425942933338553,0.0,0.0,0.0,0.0,0.0,0.0,0.0,0.0,63.25166761825827,7.703012744053616,True,False,True,False,True,9.655200305269151,0,0.9962791093333163,0.8957022304889228,False,False,False,False,0.34282822920412226,0.3255248142299698,False,False,False,False,250103,-812557.7683367402,False,False,False,False,224556.40511206377,False,False,False,False
2024-09-26 00:00:00+00:00,17.187475839,17.3753711444,16.9896913069,17.1973650656,200283,,,,,,,,,,,,,,,,,,,,,,,,15.96629977746134,15.41689917644791,14.208775330768352,"rgba(38, 166, 154, 1.0)",0.0,0.0,0.6709296911797206,15.504851105955757,2.507900239271902,0.0,0.0,0.0,0.0,0.0,0.0,0.0,0.0,64.46825055518532,9.107422990832205,True,False,True,False,True,10.321288392153289,0,1.0020809500529784,0.8883466167159707,False,False,False,False,0.34282822980474337,0.3341765220173566,False,False,False,False,450386,-763030.5617352995,False,False,False,False,223604.506872375,False,False,False,False
2024-09-27 00:00:00+00:00,16.2776669913,17.1182512527,16.2498782646,17.1182512527,244620,,,,,,,,,,,,,,,,,,,,,,,,15.983634236035883,15.425001209160794,14.215512402631983,"rgba(38, 166, 154, 0.75)",0.0,0.0,0.6721153365060754,15.496674804022755,1.1619913203248031,0.0,0.0,0.0,0.0,0.0,0.0,0.0,0.0,58.9047844530707,14.449886683971101,True,False,True,False,False,4.01988161863061,0,0.9667995575073348,0.8849230958775712,False,False,False,False,0.22437452460371107,0.27927552331053385,False,False,False,False,205766,-725038.5397064643,False,False,False,False,224428.64385777205,False,False,False,False
2024-09-30 00:00:00+00:00,16.0007686464,16.1787747253,15.8623194739,16.1688854987,245891,,,,,,,,,,,,,,,,,,,,16.013954281866667,,,,15.9845151625438,15.429209250702197,14.22070255383011,#000000,0.0,0.0,0.6691780563130623,15.483642064588244,0.7727787498904916,0.0,0.0,0.0,0.0,0.0,0.0,0.0,0.0,53.804857186858726,9.74889125752074,False,False,False,False,False,2.2480926086414996,0,0.9659202850837066,0.9170833546706054,False,False,False,False,0.07531252656645614,0.177294024938495,False,False,False,False,-40125,-698179.1852081716,False,False,False,False,225270.30488295745,False,False,False,False
2024-10-01 00:00:00+00:00,16.1293285923,16.2381100849,15.8919871537,16.2381100849,139823,,,,,,,,,,,,,,,,,,,,16.040243457519786,,,,15.986172304118213,15.431868846125017,14.22375934812309,#000000,0.0,0.0,0.6633972161348578,15.48135723126702,0.9767471814371554,0.0,0.0,0.0,0.0,0.0,0.0,0.0,0.0,51.20760207707622,7.479998015869498,False,False,False,False,False,3.0127910585737325,0,0.9678558207085204,0.9162279290861395,False,False,False,False,0.08513497750417855,0.13121450122133677,False,False,False,False,99698,-666889.8838274591,False,False,False,False,221919.430181665,False,False,False,False
2024-10-02 00:00:00+00:00,16.0007686464,16.2381100849,15.9414332868,16.1293285923,139488,,,,,,,,,,,,,,,,,,,,16.04551820550448,,,,15.987351899605432,15.43439468271337,14.226755823119051,#000000,0.0,0.0,0.6578324524054924,15.479823745745705,0.7919112210857943,0.0,0.0,0.0,0.0,0.0,0.0,0.0,0.0,48.788000481320864,5.3158257409962175,False,True,False,False,False,2.1849397876834864,0,0.9805537901918856,0.9023400902231938,False,False,False,False,0.09059886363647586,0.1109066824289063,False,False,False,False,-39790,-642297.7315204999,False,False,False,False,218686.82507650167,False,False,False,False
2024-10-03 00:00:00+00:00,16.0205470996,16.0699932326,15.7357373734,15.9513225134,227655,,,,,,,,,,,,,,,,,,,,16.01424352334749,,,,15.986203252722213,15.437704379934573,14.231311901028194,"rgba(239, 83, 80, 1.0)",0.0,0.0,0.6516578165312885,15.476287769766596,0.8351918998385457,0.0,0.0,0.0,0.0,0.0,0.0,0.0,0.0,47.315715178748526,3.9622838737042514,False,True,False,True,False,2.306040137622446,0,0.974925470377354,0.9122864660853958,False,False,False,False,0.04940234347019195,0.08015451294954913,False,False,False,False,187865,-609742.3302844019,False,False,False,False,219038.5182107565,False,False,False,False
2024-10-04 00:00:00+00:00,15.911765607,16.1688854987,15.7535379813,16.0205470996,122312,,,,,,,,,,,,,,,,,,,,16.00452839942137,,,,15.985645348349253,15.43947402423633,14.233753518297899,"rgba(239, 83, 80, 1.0)",0.0,0.0,0.6487603342968067,15.475110790391962,0.6730602867102357,0.0,0.0,0.0,0.0,0.0,0.0,0.0,0.0,45.68934063397404,2.369274351745794,False,True,False,True,False,1.5911498636316423,0,0.9941164564802667,0.8939511495109719,False,False,False,False,0.06223812459879522,0.07119631877417218,False,False,False,False,65553,-583260.1604693274,False,False,False,False,215245.3214181778,False,False,False,False
2024-10-07 00:00:00+00:00,15.8722087005,16.0007686464,15.8029841143,15.8722087005,132564,,,,,,,,,,,,,,,,,,,,15.989723964423817,,,,15.984299473499394,15.441179338038513,14.236310610239416,"rgba(239, 83, 80, 1.0)",0.0,0.0,0.645670049076476,15.473600924395361,0.6173552214087998,0.0,0.0,0.0,0.0,0.0,0.0,0.0,0.0,44.36262510766916,0.990734892983788,False,True,False,True,False,1.3292362280427525,0,0.9870521593684448,0.9050129217474361,False,False,False,False,0.049184939878432664,0.060190629326302425,False,False,False,False,-67011,-563015.0953528832,False,False,False,False,212002.91665668064,False,False,False,False
2024-10-08 00:00:00+00:00,15.684313395,15.8029841143,15.4865288629,15.7930948877,224768,,,,,,,,,,,,,,,,,,,,15.929217773602556,,,,15.976536887753461,15.442555598188434,14.240017951043393,"rgba(239, 83, 80, 1.0)",0.0,0.0,0.6369745548454897,15.467533021146068,0.34032815314972337,0.0,0.0,0.0,0.0,0.0,0.0,0.0,0.0,42.335331067591895,-1.087720979774332,False,True,False,True,False,0.08472548564962068,0,0.969549130097628,0.9103964015262695,False,False,False,False,-0.007242619040929359,0.02647400514268653,False,False,False,False,-291779,-552378.3857312016,False,False,False,False,212503.50816034022,False,False,False,False
2024-10-09 00:00:00+00:00,15.6051995822,15.6447564886,15.3480796905,15.535974996,133705,,,,,,,,,,,,,,,,,,,,15.890410103360058,,,,15.970344348708265,15.44289469787768,14.242020116536962,"rgba(239, 83, 80, 1.0)",0.0,0.0,0.6306614975414914,15.506981699396286,0.1557378771125171,0.0,0.0,0.0,0.0,0.0,0.0,0.0,0.0,40.5158217660846,-2.97382655531311,False,True,False,True,False,0.0,0,0.9667652568411543,0.9175391672198703,False,False,False,False,-0.03979491399716203,-0.006660454427237748,False,False,False,False,-425484,-547402.1353103701,False,False,False,False,209413.37058542494,False,False,False,False
2024-10-10 00:00:00+00:00,16.0798824592,16.0897716858,15.5755319024,15.7238703015,167517,,,,,,,,,,,,,,,,,,,,15.893102645896226,,,,15.969394627304206,15.445110119804315,14.245260463738576,"rgba(239, 83, 80, 1.0)",0.0,0.0,0.6248470562341562,15.517373770849904,0.9002341976934927,0.0,0.0,0.0,0.0,0.0,0.0,0.0,0.0,43.40333959479976,-2.97382655531311,False,True,False,True,False,2.6440705183736704,0,0.9753400421559318,0.8993252777117732,False,False,False,False,0.0339770518771746,0.013658298724968425,False,False,False,False,-257967,-536051.7378472184,False,False,False,False,207770.3756605063,False,False,False,False
2024-10-11 00:00:00+00:00,16.2282208583,16.48534075,16.0897716858,16.0897716858,176828,,,,,,,,,,,,,,,,,,,,15.931834640386793,,,,15.974709234825937,15.449164564846022,14.249386966455365,"rgba(239, 83, 80, 0.75)",0.0,0.0,0.6238314387612003,15.53143098787022,1.1169521558795734,0.0,0.0,0.0,0.0,0.0,0.0,0.0,0.0,46.391958035425176,-2.97382655531311,False,True,False,True,True,3.574482194954289,0,1.0090738694849282,0.8806499903933179,False,False,False,False,0.13453283613346276,0.0740955674292156,False,False,False,False,-81139,-518212.0226375236,False,False,False,False,206556.94916401585,False,False,False,False
2024-10-14 00:00:00+00:00,16.2974454445,16.3073346711,16.0304363262,16.1491070455,59512,,,,,,,,,,,,,,,,,,,,15.941245411176364,,,,15.976121633777915,15.450427330881112,14.250733515474659,#000000,0.0,0.0,0.6224553200776236,15.534152989152025,1.2262606338600939,0.0,0.0,0.0,0.0,0.0,0.0,0.0,0.0,48.8800984934591,-7.798635784982025,False,True,False,False,True,4.009176493837238,0,1.006939344108248,0.8852184663421894,False,False,False,False,0.10812124554663254,0.09110840648792407,False,False,False,False,-21627,-498738.10018115013,False,False,False,False,200790.48056934855,False,False,False,False
2024-10-15 00:00:00+00:00,16.2974454445,16.3468915776,16.0996609124,16.1589962721,139015,,,,,,,,,,,,,,,,,,,,15.963582577836654,,,,15.979853982344164,15.453500532890937,14.253929779932212,#000000,0.0,0.0,0.6222119792683706,15.540154585687258,1.2170946301985432,0.0,0.0,0.0,0.0,0.0,0.0,0.0,0.0,50.538858798815056,-6.146483867894716,False,False,False,False,True,4.009176493837238,0,1.0551284726957375,0.8595979138605162,False,False,False,False,0.10919371853778051,0.10015106251285229,False,False,False,False,-21627,-480027.8609583599,False,False,False,False,198367.91270388392,False,False,False,False
2024-10-16 00:00:00+00:00,16.4062269372,16.6534576023,16.337002351,16.435894617,150872,,,,,,,,,,,,,,,,,,,,16.000347879986933,,,,15.986984291542797,15.457715195889504,14.257764318900138,"rgba(38, 166, 154, 0.5)",0.0,0.0,0.6219266234610019,15.549671272245444,1.3772616135772586,0.0,0.0,0.0,0.0,0.0,0.0,0.0,0.0,52.506685079847884,-4.161528305837017,False,False,True,False,True,4.709134414587087,0,1.0478080503056357,0.8419741085855893,False,False,False,False,0.17319518553453134,0.1366731240236918,False,False,False,False,129245,-456134.80758744385,False,False,False,False,196505.3278919669,False,False,False,False
2024-10-17 00:00:00+00:00,16.6040114693,16.762239095,16.4952299766,16.4952299766,133663,,,,,,,,,,,,,,,,,,,,16.038135094883124,,,,15.99511777173063,15.461989407026815,14.261388001172122,"rgba(38, 166, 154, 0.5)",0.0,0.0,0.627841379277802,15.559321849347745,1.6639387820438816,0.0,0.0,0.0,0.0,0.0,0.0,0.0,0.0,55.281911586512024,-1.420447191080818,False,False,True,False,True,5.97185470035582,0,1.0620381025129868,0.8392689789856088,False,False,False,False,0.19823927456648863,0.1674561992950902,False,False,False,False,262908,-427937.05042715196,False,False,False,False,194040.92287659564,False,False,False,False
2024-10-18 00:00:00+00:00,17.6720479426,17.8500540215,16.7127929619,16.7127929619,384095,,,,,,,,,,,,,,,,,,,,16.242794876466167,,,,16.04551858712811,15.48236818019587,14.275210862002893,"rgba(38, 166, 154, 1.0)",0.0,0.0,0.6618872102337049,15.611997412155432,3.1123890877377525,0.0,0.0,0.0,0.0,0.0,0.0,0.0,0.0,62.021239507932165,4.919734625218048,True,False,True,False,True,12.189268874282643,0,1.061810527235384,0.7965336454422046,False,False,False,False,0.3428282244617076,0.2551422118783989,False,False,False,False,647003,-385782.538645695,False,False,False,False,201494.02394025854,False,False,False,False
2024-10-21 00:00:00+00:00,17.9093893811,18.037949327,17.6522694894,17.9291678343,256925,,,,,,,,,,,,,,,,,,,,16.389967263536438,,,,16.08785199761703,15.498922132877645,14.285720878803225,"rgba(38, 166, 154, 1.0)",0.0,0.0,0.7005219568399728,15.651265994082877,3.2234869513632782,0.0,0.0,0.0,0.0,0.0,0.0,0.0,0.0,67.1990086706865,9.586102253706244,True,False,True,False,True,13.446450731322749,0,1.0825832276463239,0.796228766107929,False,False,False,False,0.3428282250115955,0.2989852184449972,False,False,False,False,903928,-335205.6547772364,False,False,False,False,203667.78770730723,False,False,False,False
2024-10-22 00:00:00+00:00,18.5422998838,18.6708598297,18.037949327,18.0577277802,326115,,,,,,,,,,,,,,,,,,,,16.599113210666474,,,,16.15461069733168,15.524415127437047,14.301010305480416,"rgba(38, 166, 154, 1.0)",0.0,0.0,0.7623747035638399,15.892263981507806,3.4760281130842676,0.0,0.0,0.0,0.0,0.0,0.0,0.0,0.0,72.12799401207609,13.960668484989114,True,False,True,False,True,16.625727897968698,0,1.0829557926353628,0.7962102688673873,False,False,False,False,0.3428282293865888,0.320906723915793,False,False,False,False,1230043,-273823.3545898938,False,False,False,False,208469.63916976578,False,True,False,False
2024-10-23 00:00:00+00:00,18.1566200462,18.3642938049,17.9753505226,18.3642938049,271971,,,,,,,,,,,,,,,,,,,,16.723210295312303,,,,16.201553404796186,15.543517493815086,14.312900792455556,"rgba(38, 166, 154, 1.0)",0.0,0.0,0.8005763937762665,15.923402627299335,2.7895119519659133,0.0,0.0,0.0,0.0,0.0,0.0,0.0,0.0,72.21999844671126,13.960668484989114,True,False,True,False,True,13.774562644782332,0,1.0540256328340902,0.8027814520891137,False,False,False,False,0.2972917597120273,0.30909924181391013,False,False,False,False,958072,-225513.7328412705,False,False,False,False,210959.8886140887,False,False,False,False
2024-10-24 00:00:00+00:00,18.0577277802,18.2950692187,17.4841526371,18.2950692187,352092,,,,,,,,,,,,,,,,,,,,16.836930953432987,,,,16.252718049578988,15.565801871405512,14.327313937600211,"rgba(38, 166, 154, 1.0)",0.0,0.0,0.8336328984910233,15.954508041411959,2.5229567386257483,0.0,0.0,0.0,0.0,0.0,0.0,0.0,0.0,71.51114296964063,13.960668484989114,True,False,True,False,True,13.057625242237986,0,1.040877111226074,0.8096151644714311,False,False,False,False,0.2284735838932347,0.2687864128535724,False,False,False,False,605980,-192906.1354749462,False,False,False,False,216494.48121745777,False,False,False,False
2024-10-25 00:00:00+00:00,18.0181708738,18.2990249093,17.8896109279,18.2654015389,378882,,,,,,,,,,,,,,,,,,,,16.94903921243778,,,,16.308297886493058,15.59054311157147,14.343220663341809,"rgba(38, 166, 154, 1.0)",0.0,0.0,0.8651318341197592,15.99321282456107,2.340635229657514,0.0,0.0,0.0,0.0,0.0,0.0,0.0,0.0,70.71504560997224,13.960668484989114,True,False,True,False,True,12.768314625439249,0,1.0434882634878686,0.8159010317685695,False,False,False,False,0.27795283387743647,0.2733696233655044,False,False,False,False,227098,-176435.38506416403,False,False,False,False,222862.61920893003,False,False,False,False
2024-10-28 00:00:00+00:00,17.5434879967,18.037949327,17.3951495977,17.9885031939,498597,,,,,,,,,,,,,,,,,,,,17.02494947660966,,,,16.3605812843191,15.61710066998767,14.3616670488142,"rgba(38, 166, 154, 0.75)",0.0,0.0,0.8823171205359618,16.022001333750495,1.7244215572120851,0.0,0.0,0.0,0.0,0.0,0.0,0.0,0.0,66.62370001921073,13.960668484989114,True,False,True,False,False,9.373931507704558,0,1.015005430823905,0.838761399145189,False,False,False,False,0.1874936676902469,0.23043164552787565,False,False,False,False,-271499,-180163.36996360857,False,False,False,False,233675.73218112887,False,False,False,False
2024-10-29 00:00:00+00:00,17.6226018096,17.9588355141,17.4940418637,17.662158716,229638,,,,,,,,,,,,,,,,,,,,17.05625416506154,,,,16.383901122163557,15.629297995524045,14.37017826093223,"rgba(38, 166, 154, 0.75)",0.0,0.0,0.900485976808103,16.036047727378396,1.7618864958290228,0.0,0.0,0.0,0.0,0.0,0.0,0.0,0.0,64.27779629342888,13.960668484989114,True,False,True,False,False,9.802751516790888,0,1.009614090476527,0.8509158687463562,False,False,False,False,0.1898174408663929,0.21012454319713428,False,False,False,False,-41861,-174739.7476120945,False,False,False,False,233517.38974265323,False,False,False,False
2024-10-30 00:00:00+00:00,17.2468111986,17.6226018096,16.8907990408,17.5632664499,222102,,,,,,,,,,,,,,,,,,,,17.064816370654224,,,,16.39838720182995,15.638480572457777,14.37728780161062,"rgba(38, 166, 154, 0.75)",0.0,0.0,0.910480167240937,16.04164303862101,1.323662176663393,0.0,0.0,0.0,0.0,0.0,0.0,0.0,0.0,60.214470026338546,18.302506325260325,True,False,True,False,False,7.199388246698049,0,0.9779608973349967,0.8811335914938191,False,False,False,False,0.08120605603414044,0.14566529961563734,False,False,False,False,-263963,-178238.69868613002,False,False,False,False,233069.7273998041,False,False,False,False
2024-10-31 00:00:00+00:00,16.960023627,17.2962573316,16.6831252821,17.0193589867,984792,,,,,,,,,,,,,,,,,,,,17.051088901137625,,,,16.438382234060292,15.671284202293396,14.405434374054211,"rgba(38, 166, 154, 0.5)",0.0,0.0,0.9159249415102726,16.052074859377193,0.9912916730116427,0.0,0.0,0.0,0.0,0.0,0.0,0.0,0.0,55.846685017545056,14.133069918440384,False,False,True,False,False,5.280182625185656,0,0.9711066934050039,0.893724853672262,False,False,False,False,0.020470136363103082,0.08306771798937021,False,False,False,False,-1248755,-220219.73011020335,False,False,False,False,262549.03220765496,False,False,False,False
2024-11-01 00:00:00+00:00,16.8314636812,17.2220881321,16.762239095,17.0193589867,191669,,,,,,,,,,,,,,,,,,,,17.047661312407616,,,,16.444990809406956,15.677287887353788,14.410755329515581,#000000,0.0,0.0,0.9189398123747302,16.054477691428655,0.8455243524202652,0.0,0.0,0.0,0.0,0.0,0.0,0.0,0.0,52.22826352682584,10.723748278293428,False,True,False,False,False,4.4318486312537395,0,0.9830395354336476,0.8957302483953213,False,False,False,False,0.02103112551940162,0.05204942175438591,False,False,False,False,-1440424,-268070.8779490189,False,False,False,False,259769.4231014724,False,False,False,False
2024-11-04 00:00:00+00:00,16.9501344004,17.0589158931,16.8039716312,16.9006882674,209062,,,,,,,,,,,,,,,,,,,,17.04412350407618,,,,16.45198969088761,15.683767105427838,14.416531595106134,#000000,0.0,0.0,0.9231972215880488,16.05730345092799,0.967107491870693,0.0,0.0,0.0,0.0,0.0,0.0,0.0,0.0,50.617085717270996,9.156057828224782,False,True,False,False,False,5.127317592995528,0,0.9750975548484047,0.913049429360302,False,False,False,False,0.007256190516059534,0.029652806135222722,False,False,False,False,-1231362,-305847.0003823907,False,False,False,False,257780.89670533623,False,False,False,False
2024-11-05 00:00:00+00:00,17.1083620261,17.1380297059,16.8413529078,16.960023627,175871,,,,,,,,,,,,,,,,,,,,17.043731599042136,,,,16.45880665807444,15.68956061416544,14.421546156992289,#000000,0.0,0.0,0.9280794273724321,16.060833634537374,1.1287055403527004,0.0,0.0,0.0,0.0,0.0,0.0,0.0,0.0,50.59892150276665,8.932413183712498,False,True,False,False,False,6.051812508563415,0,0.9740227910619244,0.9109479671930761,False,False,False,False,0.020470136363103082,0.0250614712491629,False,False,False,False,-1055491,-335244.8042889636,False,False,False,False,254568.74389336226,False,False,False,False
2024-11-06 00:00:00+00:00,16.960023627,17.2468111986,16.0007686464,16.6633468289,454430,,,,,,,,,,,,,,,,,,,,17.024109523289617,,,,16.467010466997618,15.701073674698911,14.432966752003058,#000000,0.0,0.0,0.9276548995887697,16.062314836588328,0.9677184810963957,0.0,0.0,0.0,0.0,0.0,0.0,0.0,0.0,49.601342461597206,7.6437851062198305,False,True,False,False,False,5.038735336198851,0,0.944177896745802,0.9091124337754966,False,False,False,False,-0.06260503685477717,-0.018771782802807134,False,False,False,False,-1509921,-381310.5374541023,False,False,False,False,262406.44021126966,False,False,False,False
2024-11-07 00:00:00+00:00,17.2270327454,17.3160357848,16.8958425464,17.3061465582,436492,,,,,,,,,,,,,,,,,,,,17.031158735310324,,,,16.48579614851143,15.716188801431182,14.44576717607883,#000000,0.0,0.0,0.9290205787052392,16.074815157762647,1.2402498007559521,0.0,0.0,0.0,0.0,0.0,0.0,0.0,0.0,50.74839731879822,7.6437851062198305,False,True,False,False,False,6.608831497488513,0,1.0091188818998469,0.9013822579409062,False,False,False,False,0.046867918494957014,0.01404806784607494,False,False,False,False,-1073429,-408452.4379460983,False,False,False,False,269233.32490886695,False,False,False,False
2024-11-08 00:00:00+00:00,16.7820175482,17.4347065041,16.6732360555,17.1973650656,228731,,,,,,,,,,,,,,,,,,,,17.029168143870727,,,,16.492617415188253,15.72298650223217,14.451975518551802,"rgba(239, 83, 80, 1.0)",0.0,0.0,0.9219255934449873,16.078974448176716,0.7625811725176223,0.0,0.0,0.0,0.0,0.0,0.0,0.0,0.0,48.687306513096416,6.128221096718562,False,True,False,True,False,3.6085562829864237,0,0.993814659943179,0.8985306444604053,False,False,False,False,0.03506107597612551,0.024554571911100227,False,False,False,False,-1302160,-443499.79332076106,False,False,False,False,267644.9984418526,False,False,False,False
2024-11-11 00:00:00+00:00,16.1392178189,16.48534075,15.8524302473,16.3271131243,324267,,,,,,,,,,,,,,,,,,,16.158996272066666,16.99441557982685,,,,16.485995339112495,15.726329844292424,14.45792251852793,"rgba(239, 83, 80, 1.0)",0.0,0.0,0.9120968869336536,16.07095489638934,0.07484174487225043,0.0,0.0,0.0,0.0,0.0,0.0,0.0,0.0,44.30489615477168,1.7157102278349896,False,True,False,True,False,0.0,0,0.9549771953640136,0.9354099880713175,False,False,False,False,-0.1672429637900912,-0.0713441959394955,False,False,False,False,-1626427,-489889.09554347635,False,False,False,False,269865.46909119166,False,False,False,False
2024-11-12 00:00:00+00:00,15.8820979271,16.2479004192,15.8128733409,15.8326517941,324135,,,,,,,,,,,,,,,,,,,16.06999487293032,16.95551013308817,,,,16.47616982115423,15.728266697623415,14.463207973035196,"rgba(239, 83, 80, 1.0)",-1.0,17.542196,0.9052806083429507,16.106925198717764,-0.24835091964390346,0.0,0.0,0.0,0.0,0.0,0.0,0.0,0.0,40.41404314575978,-2.077664109232437,False,True,False,True,False,0.0,0,0.9808877829513015,0.936992294106881,False,False,False,False,-0.19972812564569004,-0.13553616079259276,False,False,False,False,-1950562,-547170.3859143205,False,False,False,False,271993.68598957633,False,False,False,False
2024-11-13 00:00:00+00:00,15.9908794198,16.2776669913,15.8524302473,15.9216548336,518717,,,,,,,,,,,,,,,,,,,16.056808573392708,16.90254077156859,,,,16.463009937214395,15.732019692385359,14.471918329421491,"rgba(239, 83, 80, 1.0)",0.0,0.0,0.8927063532442204,16.0954093393516,-0.11709328512306884,0.0,0.0,0.0,0.0,0.0,0.0,0.0,0.0,38.643805276325175,-3.8412523213918135,False,True,False,True,False,0.0,0,0.976966741284058,0.9304445155067017,False,False,False,False,-0.1915616233297749,-0.16354889206118384,False,False,False,False,-1431845,-581863.5080353275,False,False,False,False,281669.11006841646,False,False,False,False
2024-11-14 00:00:00+00:00,16.2381100849,16.4655622968,15.8524302473,15.8524302473,676885,,,,,,,,,,,,,,,,,,,16.103999164162918,16.852178729707997,,,,16.45248528243419,15.739024474814311,14.484178845443687,"rgba(239, 83, 80, 1.0)",0.0,0.0,0.8849915543301069,16.088888430522182,0.16861364794692482,0.0,0.0,0.0,0.0,0.0,0.0,0.0,0.0,39.280661974182124,-3.8412523213918135,False,True,False,True,False,0.2369918810497964,0,0.97492906683446,0.9251261034005676,False,False,False,False,-0.16955016419702412,-0.16654952812910398,False,False,False,False,-754960,-588651.6057594324,False,False,False,False,297167.77241867466,False,False,False,False
2024-11-15 00:00:00+00:00,16.0007686464,16.3172238977,15.8326517941,16.2084424051,2736630,,,,,,,,,,,,,,,,,,,16.071866502860193,16.674841152470503,,,,16.39902700396128,15.757321230506777,14.528209472739217,"rgba(239, 83, 80, 1.0)",0.0,0.0,0.8730435558701546,16.04725249696894,-0.05324344960385163,0.0,0.0,0.0,0.0,0.0,0.0,0.0,0.0,38.603871935267335,-4.285300210975336,False,True,False,True,False,0.0,0,0.9942147125147425,0.9254085710887172,False,False,False,False,-0.1942953616261224,-0.1804224448776132,False,False,False,False,-3491590,-702492.3271021998,False,False,False,False,392832.95781402074,False,False,False,False
2024-11-18 00:00:00+00:00,16.2479993115,16.4952299766,16.109550139,16.2974454445,227921,,,,,,,,,,,,,,,,,,,16.081933746499143,16.66777797493743,,,,16.397770677563418,15.759888992715627,14.532311916092041,"rgba(239, 83, 80, 1.0)",0.0,0.0,0.8559235395325975,16.047442563436643,0.2343161962491134,0.0,0.0,0.0,0.0,0.0,0.0,0.0,0.0,39.93860783822652,-4.285300210975336,False,True,False,True,False,0.31659863207074324,0,0.999359455932924,0.9145941243925242,False,False,False,False,-0.14488070168792241,-0.1626515732827678,False,False,False,False,-3263669,-802930.6280001528,False,False,False,False,386365.8222134709,False,False,False,False
2024-11-19 00:00:00+00:00,16.4655622968,16.4655622968,16.0798824592,16.3172238977,166669,,,,,,,,,,,,,,,,,,,16.090478493274855,16.66346092379845,,,,16.39728809697795,15.761938179778543,14.535389695886364,"rgba(239, 83, 80, 0.75)",0.0,0.0,0.8318766485898461,16.048009655875397,0.501940572117775,0.0,0.0,0.0,0.0,0.0,0.0,0.0,0.0,42.28889321713015,-4.285300210975336,False,True,False,True,True,1.6342834764032403,0,0.990690158058546,0.9203815379781307,False,False,False,False,-0.15188389480843437,-0.15726773404560107,False,False,False,False,-3097000,-892894.1327844606,False,False,False,False,377750.26055804064,False,False,False,False
2024-11-20 00:00:00+00:00,16.4260053904,16.5743437895,16.2677777647,16.3666700308,223490,,,,,,,,,,,,,,,,,,,16.104760908468478,16.65932004977817,,,,16.39755594366501,15.76506938619145,14.53969586853236,"rgba(239, 83, 80, 0.75)",0.0,0.0,0.8013341393482907,16.04966779186166,0.4696387936802616,0.0,0.0,0.0,0.0,0.0,0.0,0.0,0.0,43.62019694055156,-4.285300210975336,False,True,False,True,True,1.3842475004494865,0,0.9962216723631252,0.9147716114849308,False,False,False,False,-0.11700158099765387,-0.13713465752162746,False,False,False,False,-3320490,-988093.9707144818,False,False,False,False,371700.83857537236,False,False,False,False
2024-11-21 00:00:00+00:00,16.5842330161,16.6089560826,16.2974454445,16.4754515234,338137,,,,,,,,,,,,,,,,,,,16.128707617203194,16.655200045067637,,,,16.39911444793762,15.770278819295239,14.546428972261925,"rgba(239, 83, 80, 0.75)",0.0,0.0,0.7602575351536468,16.05324978622664,0.6984254746860871,0.0,0.0,0.0,0.0,0.0,0.0,0.0,0.0,45.6190242216794,-4.285300210975336,False,True,False,True,True,2.3517200507230207,0,0.98975855452564,0.9410377358489803,False,False,False,False,-0.10948381340730792,-0.12330923546446769,False,False,False,False,-2982353,-1066300.2071570512,False,False,False,False,370384.60961163224,False,False,False,False
2024-11-22 00:00:00+00:00,16.4556730702,16.7029037353,16.386448484,16.7029037353,222062,,,,,,,,,,,,,,,,,,,16.143603263491702,16.652903213620796,,,,16.400296540507334,15.773744172069378,14.550866473094386,"rgba(239, 83, 80, 0.75)",0.0,0.0,0.7346382598468342,16.055702200363267,0.5444460106394713,0.0,0.0,0.0,0.0,0.0,0.0,0.0,0.0,46.08238953678222,-10.001886879004289,False,True,False,True,True,1.5179837559857816,1,0.9691247582227227,0.956479690522689,False,False,False,False,-0.08815150905095664,-0.10573037225771217,False,False,False,False,-3204415,-1150147.8460920688,False,False,False,False,364568.03668568586,False,False,False,False
2024-11-25 00:00:00+00:00,16.2974454445,16.3815038707,16.0304363262,16.2974454445,308714,,,,,,,,,,,,,,,,,,16.236461880466667,16.148327804911403,16.643629318014042,,,,16.39800586552388,15.776718211118041,14.556132245247978,"rgba(239, 83, 80, 0.75)",0.0,0.0,0.7112266320899068,16.05518035299157,0.3406299491296384,0.0,0.0,0.0,0.0,0.0,0.0,0.0,0.0,45.35045434495439,-10.001886879004289,False,True,False,True,True,0.49602499089983354,1,0.9420586121567875,0.9672602411557735,False,False,False,False,-0.16769638032443474,-0.13671337629107344,False,False,False,False,-3513129,-1242813.7736963015,False,False,False,False,362377.6823058551,False,False,False,False
2024-11-26 00:00:00+00:00,16.3963377106,16.4952299766,16.2875562179,16.3172238977,210037,,,,,,,,,,,,,,,,,,16.299859294442903,16.15651538690448,16.63988926799944,,,,16.3979590848424,15.779401599149303,14.560028198842575,"rgba(239, 83, 80, 0.75)",0.0,0.0,0.7036200596059492,16.056302591459335,0.4832652430789092,0.0,0.0,0.0,0.0,0.0,0.0,0.0,0.0,45.67936258466827,-9.804035210428715,False,True,False,True,True,1.1252698905393466,1,0.9520759575175105,0.9704296749295014,False,False,False,False,-0.1239527442758464,-0.13033306028345992,False,False,False,False,-3303092,-1323608.998257231,False,False,False,False,356403.5379017039,False,False,False,False
2024-11-27 00:00:00+00:00,16.3963377106,16.5941222427,16.3567808042,16.5941222427,94244,,,,,,,,,,,,,,,,,,16.322801047591188,16.160842581081354,16.638619936179243,,,,16.398174319276777,15.780707324374703,14.561824234038298,"rgba(239, 83, 80, 0.75)",0.0,0.0,0.6920757479675804,16.057031128039593,0.4902737649120773,0.0,0.0,0.0,0.0,0.0,0.0,0.0,0.0,45.89863474447752,-9.224808956281507,False,True,False,True,True,1.1252698905393466,1,0.9664281918188263,0.9632067372562395,False,False,False,False,-0.10428646668002567,-0.1173097634817428,False,False,False,False,-3303092,-1401235.7826393005,False,False,False,False,346122.7717094802,False,False,False,False
2024-11-29 00:00:00+00:00,16.599066856,16.618910331,16.4006321058,16.5296146934,177444,,,,,,,,,,,,,,,,,,16.37145552106955,16.171102672689372,16.63739424964234,,,,16.399286108512758,15.783482851785648,14.565358220490097,#000000,0.0,0.0,0.6846532416512855,16.0590770360455,0.7887055623254207,0.0,0.0,0.0,0.0,0.0,0.0,0.0,0.0,47.793163435035034,-7.095871654959119,False,True,False,False,True,2.433482263195895,1,0.9710200820613137,0.9522894233901934,False,False,False,False,-0.09628094314121315,-0.10679535331147796,False,False,False,False,-3125648,-1468859.7911632494,False,False,False,False,339507.9179169516,False,False,False,False
2024-12-02 00:00:00+00:00,16.3807886307,16.5296146934,16.3212582057,16.4502407933,149525,,,,,,,,,,,,,,,,,,16.37767509610277,16.17644743962278,16.635054079957566,,,,16.399360292437954,15.785409641147112,14.56813245549292,#000000,0.0,0.0,0.6770134448887208,16.059952724685168,0.4738988692721854,0.0,0.0,0.0,0.0,0.0,0.0,0.0,0.0,47.27228482128341,-7.095871654959119,False,True,False,False,True,0.9556986162771004,1,0.9602084846289332,0.95967959807272,False,False,False,False,-0.11597732481145084,-0.1113863390614644,False,False,False,False,-3275173,-1539695.6032744946,False,False,False,False,332057.6074104045,False,False,False,False
2024-12-03 00:00:00+00:00,16.6883624936,16.8953299381,16.5593799059,16.579223381,396068,,,,,,,,,,,,,,,,,,16.477484909719724,16.20647571191425,16.637163514418365,,,,16.404759465606645,15.792909349081526,14.576645911107864,#000000,0.0,0.0,0.6733644251891804,16.067222192021585,0.9224430016538313,0.0,0.0,0.0,0.0,0.0,0.0,0.0,0.0,49.408021959491165,-5.0978784673972655,False,True,False,False,True,2.933259588639835,1,0.9584567229362662,0.9346857859413236,False,False,False,False,-0.045769469351205246,-0.07857790420633483,False,False,False,False,-2879105,-1592221.4619696126,False,False,False,False,334567.81888450624,False,False,False,False
2024-12-04 00:00:00+00:00,16.6089885935,16.7677363937,16.5494581684,16.6486755435,155279,,,,,,,,,,,,,,,,,,16.494620985814137,16.215804700370672,16.63721406074625,,,,16.40634346707737,15.795588572010374,14.579852963720976,#000000,0.0,0.0,0.6709931158116859,16.069530204872986,0.8039700794462602,0.0,0.0,0.0,0.0,0.0,0.0,0.0,0.0,50.15480305994387,-4.1993104145003315,False,False,False,False,True,2.3889830677830695,1,0.9584591098560248,0.9532112185851725,False,False,False,False,-0.061694015505596916,-0.07013595985596588,False,False,False,False,-3034384,-1648776.8556178631,False,False,False,False,327536.88481060404,False,False,False,False
2024-12-05 00:00:00+00:00,16.5593799059,16.7578146562,16.4204755808,16.579223381,199491,,,,,,,,,,,,,,,,,,16.5046028857713,16.225536449304798,16.636455203642793,,,,16.407813413794837,15.798752240703768,14.583833458739372,#000000,0.0,0.0,0.6693519571066001,16.071938238739314,0.7282292402157796,0.0,0.0,0.0,0.0,0.0,0.0,0.0,0.0,50.21615701002757,-3.9167140912138905,False,False,False,False,True,2.0458205971340995,1,0.9323616286191635,0.956912369875133,False,False,False,False,-0.07781123438657545,-0.07397359712127066,False,False,False,False,-3233875,-1710937.5671622609,False,False,False,False,322515.4775631294,False,False,False,False
2024-12-06 00:00:00+00:00,16.1426669305,16.4998494809,16.0037626053,16.4998494809,178511,,,,,,,,,,,,,,,,,,16.476987823682425,16.225299858789718,16.631582169398825,,,,16.406360690829295,15.800252095981868,14.586734970218538,#000000,0.0,0.0,0.6697589004849654,16.07145696136827,0.10632179591815319,0.0,0.0,0.0,0.0,0.0,0.0,0.0,0.0,47.072186211714005,-3.9167140912138905,False,True,False,False,False,0.0,1,0.9118235874941066,0.9708737254183555,False,False,False,False,-0.1568301539717563,-0.11540187554651347,False,False,False,False,-3412386,-1777661.035116682,False,False,False,False,316868.24314888904,False,False,False,False
2024-12-09 00:00:00+00:00,16.4303973183,16.9165624563,16.3311799432,16.3708668932,281573,,,,,,,,,,,,,,,,,,16.48777379084927,16.237192439260394,16.630287653738165,,,,16.4081617864438,15.80453792579906,14.592252833456197,#000000,0.0,0.0,0.6680201068885121,16.13851397263766,0.43693796437036214,0.0,0.0,0.0,0.0,0.0,0.0,0.0,0.0,47.463228838853496,-3.9167140912138905,False,True,False,False,False,1.1304261311566925,1,0.951669365199346,0.9368166582270606,False,False,False,False,-0.06974810266171202,-0.09257498910411274,False,False,False,False,-3130813,-1830725.8180532828,False,False,False,False,315484.11596657964,False,False,False,False
2024-12-10 00:00:00+00:00,16.4899277434,16.7181277061,16.3807886307,16.4800060058,280716,,,,,,,,,,,,,,,,,,16.492604108804446,16.247214715697595,16.62851977984683,,,,16.40957045326157,15.808596211113668,14.59764048492904,#000000,0.0,0.0,0.6672420215852416,16.14018858092904,0.5241563797796281,0.0,0.0,0.0,0.0,0.0,0.0,0.0,0.0,48.204829496043374,-3.9167140912138905,False,True,False,False,False,1.5205717022484038,1,0.9683752510830679,0.9091045258493554,False,False,False,False,-0.0870386843780808,-0.08980683674109677,False,False,False,False,-2850097,-1870701.1585217817,False,False,False,False,314120.6604384785,False,False,False,False
2024-12-11 00:00:00+00:00,16.8768755063,16.8768755063,16.4998494809,16.4998494809,268970,,,,,,,,,,,,,,,,,,16.51835960841728,16.263238973222062,16.630549815664477,,,,16.41332530612311,15.813624285433775,14.60336352347253,#000000,0.0,0.0,0.668132129806827,16.148029586015006,1.0908709337114497,0.0,0.0,0.0,0.0,0.0,0.0,0.0,0.0,51.48634339420637,-2.530648398181512,False,False,False,False,True,4.007486579413726,1,0.9718279938476421,0.9045889357584344,False,False,False,False,-0.05479690843994443,-0.0723018725905206,False,False,False,False,-2581127,-1898560.9954424961,False,False,False,False,312350.0463036362,False,False,False,False
2024-12-12 00:00:00+00:00,16.3411016807,16.6089885935,16.2914929931,16.599066856,192138,,,,,,,,,,,,,,,,,,16.511418664975118,16.26658403715984,16.628018357162492,,,,16.413329479995074,15.815902804889596,14.606793992167185,#000000,0.0,0.0,0.6679744864075781,16.146927068629733,0.2906916596688503,0.0,0.0,0.0,0.0,0.0,0.0,0.0,0.0,49.76552004488532,-2.530648398181512,False,False,False,False,True,0.40186363344867004,1,0.9499713075116714,0.9057522070149885,False,False,False,False,-0.11017564329621791,-0.09123875794336925,False,False,False,False,-2773265,-1932863.1132682809,False,False,False,False,307635.848409376,False,False,False,False
2024-12-13 00:00:00+00:00,15.9839191303,16.2617277806,15.686267005,16.2021973555,350247,,,,,,,,,,,,,,,,,15.977304638633335,16.45373309116574,16.255328682272943,16.614449788554538,,,,16.40722429716278,15.817011992163486,14.61151138060383,"rgba(239, 83, 80, 1.0)",0.0,0.0,0.6643914610114859,16.13513986209536,-0.22760787979595418,0.0,0.0,0.0,0.0,0.0,0.0,0.0,0.0,46.62612366561443,0.9475397597285564,False,True,False,True,False,0.0,1,0.9331657433462296,0.9111681779952121,False,False,False,False,-0.22335321803732044,-0.15729598799034483,False,False,False,False,-3123512,-1979555.2264734465,False,False,False,False,309306.8739619495,False,False,False,False
2024-12-16 00:00:00+00:00,16.0732147679,16.2418843056,15.9045452302,15.9839191303,332553,,,,,,,,,,,,,,,,,16.024017001284207,16.418341633735334,16.248840597410442,16.60394222383731,,,,16.402842048321766,15.818672886899176,14.616272925532995,"rgba(239, 83, 80, 1.0)",0.0,0.0,0.6641310059690818,16.129093733357927,-0.0841384680969502,0.0,0.0,0.0,0.0,0.0,0.0,0.0,0.0,45.214503030437996,-0.31940899426441405,False,True,False,True,False,0.0,1,0.9413282356680619,0.915841935550481,False,False,False,False,-0.199400703306774,-0.17834834564855942,False,False,False,False,-2790959,-2011374.9822980172,False,False,False,False,310218.4867477554,False,False,False,False
2024-12-17 00:00:00+00:00,16.0236060803,16.1228234554,15.8711089748,15.8946234927,256737,,,,,,,,,,,,,,,,,16.019051657004393,16.390706972443873,16.242336101576022,16.59511033074099,,,,16.39886120636732,15.819604984943654,14.619758760675841,"rgba(239, 83, 80, 1.0)",0.0,0.0,0.665393429459106,16.124253263517893,-0.15125965896553864,0.0,0.0,0.0,0.0,0.0,0.0,0.0,0.0,43.98361366445416,-1.4713156615749057,False,True,False,True,False,0.0,1,0.9380033226706929,0.9139851912617174,False,False,False,False,-0.21778670521578086,-0.19806752543217016,False,False,False,False,-3047696,-2052015.022207899,False,False,False,False,308121.173541961,False,False,False,False
2024-12-18 00:00:00+00:00,15.2893975045,16.0930582429,15.279475767,16.0434495554,368722,,,,,,,,,,,,,,,,,15.887974252257749,16.317266610071307,16.216852558555352,16.573488838922625,,,,16.386866576136004,15.817718701950861,14.623112447939892,"rgba(239, 83, 80, 1.0)",0.0,0.0,0.6737937972804312,16.109011665069936,-1.216416897688974,0.0,0.0,0.0,0.0,0.0,0.0,0.0,0.0,39.698489870332885,-5.470748673050998,False,True,False,True,False,0.0,0,0.930651031944406,0.911445077602727,False,False,False,False,-0.2943763885365552,-0.24622195698436267,False,False,False,False,-3416418,-2105521.021337001,False,False,False,False,310497.6765403155,False,False,False,False
2024-12-19 00:00:00+00:00,15.259632292,15.5771278923,15.2001018669,15.4481453047,308224,,,,,,,,,,,,,,,,,15.784560615179679,16.250850159500306,16.190700260031637,16.55253691509696,,,,16.37465457487819,15.814932821412269,14.625274086358244,"rgba(239, 83, 80, 1.0)",0.0,0.0,0.681432783052569,16.0944393049077,-1.2250760950596917,0.0,0.0,0.0,0.0,0.0,0.0,0.0,0.0,36.72719369179817,-8.13022827811023,False,True,False,True,False,0.0,0,0.9348016645449099,0.9278441962847233,False,False,False,False,-0.34282825441539394,-0.29452510569987833,False,False,False,False,-3724642,-2169015.9616767266,False,False,False,False,310408.5127544208,False,False,False,False
2024-12-20 00:00:00+00:00,15.1008844918,15.4580670422,15.0711192793,15.1901801294,1701493,,,,,,,,,,,,,,,,,15.489931991577267,15.965703060184614,16.05129588526821,16.43696320164469,,,,16.30383708561118,15.795849132886591,14.634774874447537,"rgba(239, 83, 80, 1.0)",0.0,0.0,0.6942261414861223,16.02180664542324,-1.3265449089137318,0.0,0.0,0.0,0.0,0.0,0.0,0.0,0.0,34.12216350780328,-10.444482716027892,False,True,False,True,False,0.0,0,0.9198027957961422,0.9506628517797042,False,False,False,False,-0.34282825441539394,-0.31867668005763616,False,False,False,False,-5426135,-2296746.120042345,False,False,False,False,364960.8455875808,False,False,False,False
2024-12-23 00:00:00+00:00,15.1108062293,15.361726971,14.9123714791,15.1802583919,518277,,,,,,,,,,,,,,,,,15.441075793800367,15.90120486968857,16.01298939263322,16.40352382870179,,,,16.282459956730385,15.78949534590278,14.637205332479214,"rgba(239, 83, 80, 1.0)",0.0,0.0,0.6963063399607572,16.002042810071398,-1.2799489673203708,0.0,0.0,0.0,0.0,0.0,0.0,0.0,0.0,32.48415524415958,-11.894989183374562,False,True,False,True,False,0.0,0,0.8927280078482208,0.9713499022546548,False,False,False,False,-0.34282825441539394,-0.3307524672365151,False,False,False,False,-4907858,-2399142.66435441,False,False,False,False,370973.24379983253,False,False,False,False
2024-12-24 00:00:00+00:00,15.0909627543,15.1207279668,14.9262619116,15.0413540667,251239,,,,,,,,,,,,,,,,,15.416791363593212,15.870422840301256,15.99391825505,16.386914122508486,,,,16.271655257940186,15.786080557407987,14.638178876308618,"rgba(239, 83, 80, 1.0)",0.0,0.0,0.7070234948467022,15.992139081065286,-1.2746059124395586,0.0,0.0,0.0,0.0,0.0,0.0,0.0,0.0,31.303761830754887,-13.002941775246647,False,True,False,True,False,0.0,0,0.8953798213311724,0.9738471830397115,False,False,False,False,-0.34282825441539394,-0.3367903608259545,False,False,False,False,-5159097,-2507376.167713061,False,False,False,False,366277.7832586626,False,False,False,False
2024-12-26 00:00:00+00:00,15.0909627543,15.2298670795,15.0314323292,15.1306497043,135403,,,,,,,,,,,,,,,,,15.407192336594186,15.856093946839668,15.984700015143623,16.37859788723419,,,,16.266244951305524,15.784429549530667,14.638793212282234,"rgba(239, 83, 80, 1.0)",0.0,0.0,0.7201796702483271,15.987323109787866,-1.244634349618325,0.0,0.0,0.0,0.0,0.0,0.0,0.0,0.0,30.51683288848509,-13.832134301651827,False,True,False,True,False,0.0,0,0.8966526509110602,0.9709227897064265,False,False,False,False,-0.319182912070699,-0.3279866364483267,False,False,False,False,-5159097,-2611365.219959608,False,False,False,False,357223.8701896955,False,False,False,False
2024-12-27 00:00:00+00:00,15.0909627543,15.1703366544,14.9222932166,15.0512758043,221738,,,,,,,,,,,,,,,,,15.389931025296837,15.832071798894821,15.96906382175815,16.36461516445612,,,,16.257065370760966,15.781516949410276,14.639678084747432,"rgba(239, 83, 80, 1.0)",0.0,0.0,0.7325815619591238,15.979124446556366,-1.2123724352018612,0.0,0.0,0.0,0.0,0.0,0.0,0.0,0.0,29.99221359363856,-14.499358166740251,False,True,False,True,False,0.0,0,0.8834663424870177,0.9876092857291088,False,False,False,False,-0.3377624630905578,-0.33287454976944225,False,False,False,False,-5159097,-2711276.2701572706,False,False,False,False,351910.6988097074,False,False,False,False
2024-12-30 00:00:00+00:00,14.8230758415,14.9917453792,14.6752419526,14.9222932166,343766,,,,,,,,,,,,,,,,,15.349734289415393,15.78722528323222,15.939929630251148,16.339772272144657,,,,16.240409011176602,15.775613173534202,14.640294259349556,"rgba(239, 83, 80, 1.0)",0.0,0.0,0.7570835931004296,15.963810395104048,-1.50674848061689,0.0,0.0,0.0,0.0,0.0,0.0,0.0,0.0,28.289406490840555,-16.31230752474032,False,True,False,True,False,0.0,0,0.8665720499320992,0.9991013066462766,False,False,False,False,-0.34282825441539394,-0.3378514020924181,False,False,False,False,-5502863,-2820750.2595628677,False,False,False,False,351591.2988563856,True,False,False,False
2024-12-31 00:00:00+00:00,14.9222932166,14.9619801667,14.3964411285,14.4361280786,341991,,,,,,,,,,,,,,,,,15.310438569758642,15.743449143132231,15.910656412907821,16.31473708681979,,,14.7602381706,16.223419049385857,15.769384025646527,14.640679294629344,"rgba(239, 83, 80, 1.0)",0.0,0.0,0.7767770746176741,15.920651995170804,-1.2852577801194651,1.0,14.96198,14.396441,0.0,0.0,0.0,0.0,0.0,28.50753610346558,-16.31230752474032,False,True,False,True,False,0.0,0,0.8462165943779705,1.0512579073546815,True,False,False,False,-0.34282825441539394,-0.340339828253906,False,False,False,False,-5160872,-2912519.7395800105,False,False,False,False,351214.81654829206,False,False,False,False
2025-01-02 00:00:00+00:00,15.1703366544,15.259632292,14.9917453792,14.9917453792,251121,,,,,,,,,,,,,,,,,15.30251194784458,15.725151922013831,15.89687584842288,16.301228987098458,,,14.921269597065418,16.2143685789392,15.76656408635104,14.641854853780888,"rgba(239, 83, 80, 0.75)",0.0,0.0,0.7887112594143915,15.92123583566152,-0.9520584019797733,0.0,0.0,0.0,0.0,0.0,0.0,0.0,0.0,31.717906928068192,-16.31230752474032,False,True,False,True,True,0.0,0,0.8282633074174103,1.0462606486226504,False,False,False,False,-0.25522124285460235,-0.2977805355542542,False,False,False,False,-4909751,-2990842.534106285,False,False,False,False,347289.5688405159,False,False,False,False
2025-01-03 00:00:00+00:00,15.0611975418,15.1693444806,14.9322149541,15.1108062293,196166,,,,,,,,,,,,,,,,,15.293780696989279,15.70961453390515,15.8852593890048,16.29012245619413,,,14.95432092993685,16.206843349414793,15.764077459535523,14.64261103833846,"rgba(239, 83, 80, 0.75)",0.0,0.0,0.803264342567195,15.916586353181785,-1.0648908037521023,0.0,0.0,0.0,0.0,0.0,0.0,0.0,0.0,33.10886439573271,-16.31230752474032,False,True,False,True,True,0.0,0,0.810490657413036,1.0844198213686174,False,False,False,False,-0.2658341192292604,-0.2818073273917573,False,False,False,False,-5105917,-3073786.630807999,False,False,False,False,341363.15437618195,False,False,False,False
2025-01-06 00:00:00+00:00,15.0909627543,15.279475767,14.9918445966,15.1306497043,244459,,,,,,,,,,,,,,,,,15.286515972754211,15.69309668190436,15.872347159219125,16.277285641435938,,,14.993680827758835,16.198134380135066,15.761290939310477,14.643701140037562,"rgba(239, 83, 80, 0.75)",0.0,0.0,0.8171808547450874,15.91144470957814,-1.0040396205000208,0.0,0.0,0.0,0.0,0.0,0.0,0.0,0.0,34.407460206347004,-20.65522348643855,False,True,False,True,True,0.0,0,0.8214088683704999,1.0749227761791118,False,False,False,False,-0.24667125479405133,-0.26423929109290434,False,False,False,False,-4861458,-3143891.3903841563,False,False,False,False,337562.99145946896,False,False,False,False
2025-01-07 00:00:00+00:00,15.1405714419,15.4679887797,15.0215105917,15.2001018669,285674,,,,,,,,,,,,,,,,,15.282938277831203,15.677764076862266,15.859527654622308,16.26376776784176,,,15.040522567280265,16.188961120705656,15.758514605038751,14.645205929769169,"rgba(239, 83, 80, 0.75)",0.0,0.0,0.8288763246334626,15.906567908027949,-0.9241384309856835,0.0,0.0,0.0,0.0,0.0,0.0,0.0,0.0,35.92141552204136,-19.082601842816576,False,True,False,True,True,0.0,0,0.8418602980260277,1.0645829239134046,False,False,False,False,-0.2243965933862876,-0.24431794223959596,False,False,False,False,-4575784,-3200044.0417416403,False,False,False,False,335528.12904929376,False,False,False,False
2025-01-08 00:00:00+00:00,15.259632292,15.2893975045,15.0512758043,15.2100236044,221866,,,,,,,,,,,,,,,,,15.280034719554244,15.666272798589148,15.849761868503801,16.253406536591847,,,15.06349392213525,16.181882436936643,15.756338952820961,14.646348672092463,"rgba(239, 83, 80, 0.75)",0.0,0.0,0.8376042405693017,15.902164974866242,-0.7671077243227984,0.0,0.0,0.0,0.0,0.0,0.0,0.0,0.0,38.46422747310437,-16.57194989981302,False,True,False,True,True,0.0,0,0.8236469395398464,1.0733377509365905,False,False,False,False,-0.22747067540396732,-0.23589430882178164,False,False,False,False,-4353918,-3245294.000889027,False,False,False,False,331070.79065520386,False,False,False,False
2025-01-10 00:00:00+00:00,15.3390061921,15.6961887425,15.279475767,15.4283018297,259669,,,,,,,,,,,,,,,,,15.286268531849597,15.660027600067775,15.84275025748531,16.244217557039196,,,15.11752423298539,16.17570372820348,15.754894935814193,14.648252716992838,"rgba(239, 83, 80, 0.75)",0.0,0.0,0.8450722348542191,15.900578999461965,-0.6645263969166386,0.0,0.0,0.0,0.0,0.0,0.0,0.0,0.0,41.14481227093934,-13.99718669148011,False,True,False,True,True,0.0,0,0.8540666605585356,1.0426378312750968,False,False,False,False,-0.1561164837031081,-0.19600539626244487,False,False,False,False,-4094249,-3278586.35379534,False,False,False,False,328270.72043343115,False,False,False,False
2025-01-13 00:00:00+00:00,15.1504931794,15.2695540295,14.9818236417,15.1703366544,298766,,,,,,,,,,,,,,,,15.133956950199998,15.279662145569944,15.643958189966268,15.829123039590563,16.23000239495955,,,15.119862428505224,16.165839450838703,15.751668785314063,14.649592713749023,"rgba(239, 83, 80, 0.75)",0.0,0.0,0.850203151709438,15.892873878940017,-0.8731803664187435,0.0,0.0,0.0,0.0,0.0,0.0,0.0,0.0,41.06628460990798,-13.99718669148011,False,True,False,True,True,0.0,0,0.8328812811738618,1.0556033054881155,False,False,False,False,-0.21911398325395706,-0.20755968975820097,False,False,False,False,-4393015,-3322289.437960229,False,False,False,False,327113.6725732966,False,False,False,False
2025-01-14 00:00:00+00:00,15.4779105172,15.5175974673,15.1207279668,15.1207279668,167879,,,,,,,,,,,,,,,,15.219622998081089,15.281860956852269,15.639370367917433,15.824238264608692,16.22387427174015,,,15.138535022955047,16.16163844451312,15.75056381538911,14.650711001893704,"rgba(239, 83, 80, 0.5)",0.0,0.0,0.8504300763245498,15.890807169814101,-0.48551511065858344,0.0,0.0,0.0,0.0,0.0,0.0,0.0,0.0,44.69608035674588,-10.50089808368665,False,False,False,True,True,0.0,0,0.8648471545663292,1.0292519304508236,False,False,False,False,-0.1572346144398339,-0.1823971520990174,False,False,False,False,-4225136,-3357695.1854912005,False,False,False,False,320869.1756096379,False,False,False,False
2025-01-15 00:00:00+00:00,15.4283018297,15.74579743,15.4084583547,15.74579743,226088,,,,,,,,,,,,,,,,15.320111407879185,15.289487953152227,15.636884988785514,15.8200280300377,16.217239394698677,,,15.173802054399337,16.157150667724043,15.749692833374748,14.652534921591133,#000000,0.0,0.0,0.8490903367781115,15.889726234500793,-0.5434338194822428,0.0,0.0,0.0,0.0,0.0,0.0,0.0,0.0,46.592658841355544,-8.699800068782544,True,False,False,False,True,0.0,1,0.8864672329982227,1.0034625773628638,False,False,False,False,-0.08600390035277103,-0.13420052622589423,False,False,False,False,-4451224,-3400578.6684131143,False,False,False,False,317152.26676220115,False,False,False,False
2025-01-16 00:00:00+00:00,15.6267365799,15.7805235113,15.3886148796,15.4977539923,202249,,,,,,,,,,,,,,,,15.383050208351468,15.297841764606398,15.636139299390704,15.817252950579059,16.21201128038992,,,15.205672346913168,16.153636912526217,15.74916695669933,14.654292177695236,#000000,0.0,0.0,0.8521072273369935,15.889271625589236,-0.3081009493484897,0.0,0.0,0.0,0.0,0.0,0.0,0.0,0.0,49.79772672666914,-5.681114308147876,True,False,False,False,True,0.0,1,0.8814170323890985,0.9983181965637515,False,False,False,False,-0.08396542838933016,-0.1090829773076122,False,False,False,False,-4248975,-3433849.1127890707,False,False,False,False,312646.2563009384,False,False,False,False
2025-01-17 00:00:00+00:00,15.6366583174,15.7358756925,15.3786931421,15.6068931049,135480,,,,,,,,,,,,,,,,15.409436213810052,15.302925071298477,15.635464034456803,15.815308683138511,16.208474503321153,,,15.223762614590777,16.151245330489257,15.74878210875086,14.655447165757133,"rgba(38, 166, 154, 1.0)",0.0,0.0,0.8545201190259221,15.888754129379342,-0.295014483996829,0.0,0.0,0.0,0.0,0.0,0.0,0.0,0.0,52.02804675534201,-3.6138962841465343,True,False,True,False,True,0.0,0,0.8795545202361091,0.9927419295656149,False,False,False,False,-0.09144335973570951,-0.10026316852166085,False,False,False,False,-4113495,-3460501.8926796955,False,False,False,False,305698.5599754114,False,False,False,False
2025-01-21 00:00:00+00:00,15.9839191303,16.0632930304,15.725953955,15.8152495926,216222,,,,,,,,,,,,,,,,15.498748387224104,15.320073311798438,15.641286887465403,15.816739177943798,16.205944902985287,,,15.273470346359696,16.149736056990847,15.749431707476267,14.657958804739847,"rgba(38, 166, 154, 1.0)",0.0,0.0,0.854927370540155,15.891307772438841,0.10832657960482188,0.0,0.0,0.0,0.0,0.0,0.0,0.0,0.0,56.38671837962538,0.42500806374378897,True,False,True,False,True,0.4875885343713158,0,0.8906172563498507,0.9769766613868596,False,False,False,False,0.0005571426305625014,-0.049853012945549176,False,False,False,False,-3897273,-3477630.171398139,False,False,False,False,302189.6752704933,False,False,False,False
2025-01-22 00:00:00+00:00,15.9045452302,16.1129017179,15.8003669863,16.0732147679,152463,,,,,,,,,,,,,,,,15.546751525278069,15.331890909490646,15.645462124653031,15.817861863494548,16.20428099726342,,,15.305191303389103,16.148753341428208,15.749925590858274,14.659744591263056,"rgba(38, 166, 154, 1.0)",0.0,0.0,0.8553523759423756,15.893002026295026,0.013495261402947194,0.0,0.0,0.0,0.0,0.0,0.0,0.0,0.0,58.26336139315546,2.0888066152034668,True,False,True,False,True,0.0,0,0.9304241607916139,0.9788218581286094,False,False,False,False,0.01742406598652746,-0.016214473479510858,False,False,False,False,-4049736,-3500065.6940884083,False,False,False,False,296318.04094616027,False,False,False,False
2025-01-23 00:00:00+00:00,15.8053278551,15.8747800177,15.5928042376,15.8251713301,225069,,,,,,,,,,,,,,,,15.575974157129826,15.343557265916365,15.647735360226429,15.817058156491035,16.200204575099256,,,15.334921746444367,16.146075887642716,15.749955094708033,14.661998794198054,"rgba(38, 166, 154, 1.0)",0.0,0.0,0.8564300485461178,15.893370798581405,-0.10280225878443558,0.0,0.0,0.0,0.0,0.0,0.0,0.0,0.0,58.24901306066083,2.096969344617378,True,False,True,False,True,0.0,0,0.8743031645328252,0.9923744353443053,False,False,False,False,-0.03692460192319457,-0.026569537701352716,False,False,False,False,-4274805,-3530447.627653569,False,False,False,False,293523.96090905595,False,False,False,False
2025-01-24 00:00:00+00:00,15.8251713301,16.1029799804,15.74579743,15.9243887052,205460,,,,,,,,,,,,,,,,15.611384899660461,15.356924919972485,15.65215962817996,15.817951916986638,16.197652298576667,,,15.366408586454126,16.14449371783612,15.750447079464799,14.664298622877189,"rgba(38, 166, 154, 1.0)",0.0,0.0,0.8569212520128983,15.894770917248655,-0.08122051703720334,0.0,0.0,0.0,0.0,0.0,0.0,0.0,0.0,58.42450754433493,2.444362073089671,True,False,True,False,True,0.0,0,0.8906172836972881,0.9867178150326744,False,False,False,False,0.07137073465188233,0.022400598475264807,False,False,False,False,-4069345,-3551580.8579416643,False,False,False,False,290070.4722459557,False,False,False,False
2025-01-27 00:00:00+00:00,15.5076757298,15.6763452674,15.3290844546,15.6763452674,160344,,,,,,,,,,,,,,,15.504368483933332,15.602762152068301,15.359680565736447,15.650093966716529,15.81503384740238,16.19321037372851,,,15.372243785662299,16.141406174779604,15.749780513938932,14.665523348089243,"rgba(38, 166, 154, 0.75)",0.0,0.0,0.8599919519126005,15.893038916795684,-0.4481009225012453,0.0,0.0,0.0,0.0,0.0,0.0,0.0,0.0,54.82798391171761,2.444362073089671,True,False,True,False,False,0.0,0,0.9043603539633793,0.9671723807349639,False,False,False,False,-0.06472182744950115,-0.021160614487118173,False,False,False,False,-4229689,-3578173.334100815,False,False,False,False,284983.15960885945,False,False,False,False
2025-01-28 00:00:00+00:00,15.6961887425,15.7954061176,15.5275192048,15.5275192048,138188,,,,,,,,,,,,,,,15.582444221461262,15.607325278352693,15.364647812865943,15.6503670520946,15.813904138130543,16.190353878167468,,,15.38282269243978,16.139467292284895,15.749601778832048,14.666787638752842,"rgba(38, 166, 154, 0.75)",0.0,0.0,0.8598925872836513,15.892544210934574,-0.22834883256157432,0.0,0.0,0.0,0.0,0.0,0.0,0.0,0.0,54.35312697645425,2.444362073089671,True,False,True,False,False,0.0,0,0.9149185533392806,0.9474499477408176,False,False,False,False,-0.013477070263921543,-0.01731884237551986,False,False,False,False,-4091501,-3598303.8308027443,False,False,False,False,279226.4866830219,False,False,False,False
2025-01-29 00:00:00+00:00,15.5374409423,15.7755626426,15.3489279296,15.6267365799,215279,,,,,,,,,,,,,,,15.570516960175283,15.602424578201534,15.369210602695347,15.648612315009016,15.810721962882615,16.184955884972215,,,15.391713164332462,16.135715634234053,15.748894556643744,14.668518630981648,"rgba(38, 166, 154, 0.75)",0.0,0.0,0.8605855447331575,15.890644133497767,-0.41042194278000055,0.0,0.0,0.0,0.0,0.0,0.0,0.0,0.0,52.38828623656343,8.184774903036285,True,False,True,False,False,0.0,0,0.9036384351590003,0.9500204097047972,False,False,False,False,-0.04547968070744813,-0.031399261541483994,False,False,False,False,-4306780,-3626087.2099869507,False,False,False,False,276718.7421072171,False,False,False,False
2025-01-30 00:00:00+00:00,16.172432143,16.2716495181,15.74579743,15.74579743,292061,,,,,,,,,,,,,,,15.749106949449219,15.653496196327177,15.39118531914009,15.658607036275926,15.814848391015506,16.183571749013886,,,15.435924265993778,16.135091481821163,15.75042903188834,14.672200823802061,"rgba(38, 166, 154, 1.0)",0.0,0.0,0.860445515820571,15.894111301726886,0.32346131876542233,0.0,0.0,0.0,0.0,0.0,0.0,0.0,0.0,56.051719146495635,8.184774903036285,True,False,True,False,True,2.037708989271053,0,0.9139306278513434,0.9237733977392343,False,False,False,False,0.09874578085283278,0.033673259655674394,False,False,False,False,-4014719,-3641327.672340404,False,False,False,False,277320.3992794831,False,False,False,False
2025-01-31 00:00:00+00:00,15.9045452302,16.2220408306,15.8549365426,16.2220408306,202756,,,,,,,,,,,,,,,15.798303749804882,15.677808928229448,15.404146347751157,15.664123975412561,15.816855761590102,16.182084984088846,,,15.460307719895987,16.134251410068156,15.751250994893486,14.67461862546166,"rgba(38, 166, 154, 1.0)",0.0,0.0,0.8612309469321151,15.89576204651963,0.010198406956528126,0.0,0.0,0.0,0.0,0.0,0.0,0.0,0.0,55.99211564422328,8.184774903036285,True,False,True,False,True,0.024355980426360446,0,0.9200761747355003,0.9182032265410758,False,False,False,False,0.10844078498082901,0.0710570223182517,False,False,False,False,-4217475,-3663921.6851898,False,False,False,False,274396.30519009166,False,False,False,False
2025-02-03 00:00:00+00:00,15.9839191303,16.0930582429,15.7358756925,15.8549365426,265984,,,,,,,,,,,,,,,15.827375560432442,15.700070062927496,15.418784290111411,15.669903648809319,15.81860666331559,16.179597472199376,,,15.48618962781453,16.13272914387017,15.752072936665344,14.677642413214231,"rgba(38, 166, 154, 1.0)",0.0,0.0,0.8616049068873894,15.897166742214528,0.10068697078208531,0.0,0.0,0.0,0.0,0.0,0.0,0.0,0.0,56.499021621067584,8.184774903036285,True,False,True,False,True,0.6121413521247909,1,0.9045434757713495,0.939278612020305,False,False,False,False,0.06815793609976856,0.06960747920901013,False,False,False,False,-3951491,-3675198.9132215725,False,False,False,False,274066.4108689116,False,False,False,False
2025-02-04 00:00:00+00:00,16.2716495181,16.3708668932,16.0335278178,16.0732147679,178651,,,,,,,,,,,,,,,15.87629869956429,15.728654645942571,15.433380043938822,15.677677307177474,15.822529418929886,16.179908023365982,,,15.51216413274379,16.13320824803106,15.753470758412043,14.680127198012507,"rgba(38, 166, 154, 1.0)",0.0,0.0,0.8615765468229041,15.900005807030245,0.431353096181881,0.0,0.0,0.0,0.0,0.0,0.0,0.0,0.0,58.66481526636561,3.1678542117349835,True,False,True,False,True,2.7085101116330037,0,0.919016743069586,0.9206807909234952,False,False,False,False,0.16217873650303352,0.11589310785602183,False,False,False,False,-3772840,-3679027.9754481777,False,False,False,False,270324.6300505229,False,False,False,False
2025-02-05 00:00:00+00:00,16.6982842311,16.8471102938,16.3014147306,16.3014147306,227598,,,,,,,,,,,,,,,15.976404656900637,15.786158011060365,15.460021107640099,15.694107441458515,15.832155418565018,16.183643469408555,,,15.559446689930464,16.136366473635906,15.75670255457756,14.684077804715931,"rgba(38, 166, 154, 1.0)",0.0,0.0,0.8631144567784544,15.906816858985243,0.916990053751252,0.0,0.0,0.0,0.0,0.0,0.0,0.0,0.0,62.253659938724766,6.682770378669652,True,False,True,False,True,5.664909415304912,0,0.9227157880624098,0.9013694003715765,False,False,False,False,0.2884059870674199,0.20214954746172087,False,False,False,False,-3545242,-3673781.466607073,False,False,False,False,268649.0759308946,False,False,False,False
2025-02-06 00:00:00+00:00,16.6784407561,16.8371885562,16.4899277434,16.6982842311,179032,,,,,,,,,,,,,,,16.04302710152395,15.828973542060291,15.481070004244256,15.707351886750367,15.84006517030822,16.18689159831279,,,15.595610772378175,16.13909298938423,15.75938333324169,14.687258922471713,"rgba(38, 166, 154, 1.0)",0.0,0.0,0.863606727240169,15.912327911506974,0.8871084724424206,0.0,0.0,0.0,0.0,0.0,0.0,0.0,0.0,64.44212322034127,8.792269412497085,True,False,True,False,True,5.508647224409934,0,0.9310030197033361,0.9038339100519021,False,False,False,False,0.31992810327720544,0.26103882536946316,False,False,False,False,-3724274,-3675761.5659558154,False,False,False,False,265134.6807963497,False,False,False,False
2025-02-07 00:00:00+00:00,16.2815712556,16.8867972438,16.2458530006,16.6982842311,360107,,,,,,,,,,,,,,,16.112514786261947,15.886100296214483,15.5145906960963,15.727684958305277,15.851850711127005,16.190674257366734,,,15.649516222458193,16.14248274884908,15.763569227617525,14.69299315472773,"rgba(38, 166, 154, 1.0)",0.0,0.0,0.846755958278708,15.920325839908164,0.4266228210855197,0.0,0.0,0.0,0.0,0.0,0.0,0.0,0.0,62.173670267843946,8.792269412497085,True,False,True,False,True,2.4468465240426767,0,0.9153317289711508,0.9076443726433909,False,False,False,False,0.28563165969883364,0.2733352425341484,False,False,False,False,-4084381,-3691785.85748696,False,False,False,False,268859.0854710027,False,False,False,False
2025-02-10 00:00:00+00:00,16.7379711811,16.9364059314,16.5593799059,16.599066856,412510,,,,,,,,,,,,,,,16.211559257662174,15.96546359543493,15.560501550243119,15.757767751175555,15.870541226312529,16.198983664542066,,,15.72164101544683,16.14943696879246,15.770131557318578,14.700518776110405,"rgba(38, 166, 154, 1.0)",0.0,0.0,0.8253439248599617,15.932894630639842,0.9754437225630012,0.0,0.0,0.0,0.0,0.0,0.0,0.0,0.0,63.069032580861446,8.792269412497085,True,False,True,False,True,5.546412170040902,0,0.93903908277226,0.8800480410458456,False,False,False,False,0.34282821861204316,0.3080817305730958,False,False,False,False,-3671871,-3691004.8826835495,False,False,False,False,274492.45466821827,False,False,False,False
2025-02-11 00:00:00+00:00,16.6982842311,16.8669537688,16.4750451371,16.8074233437,215551,,,,,,,,,,,,,,,16.24701959855357,15.998393916234976,15.581920525788995,15.771808100564458,15.879301835579794,16.20272562569382,,,15.753529530592154,16.15262039138454,15.77330116550992,14.704305880464293,"rgba(38, 166, 154, 1.0)",0.0,0.0,0.780415181137144,15.938677491034605,0.973336703879301,0.0,0.0,0.0,0.0,0.0,0.0,0.0,0.0,63.31900327017285,8.792269412497085,True,False,True,False,True,5.242237072084578,0,0.9227230422140417,0.8901906182563697,False,False,False,False,0.31553887287844634,0.31181030172577107,False,False,False,False,-3887422,-3698707.5147351753,False,False,False,False,272181.0250733862,False,False,False,False
2025-02-12 00:00:00+00:00,17.1646058941,17.2737450067,16.6288320685,16.6288320685,311630,,,,,,,,,,,,,,,16.323492274334335,16.06235177838289,15.620689505400547,15.798738431566397,15.896910140725799,16.211839973635346,,,15.811761947166945,16.160099076886507,15.779559869814133,14.710699619043282,"rgba(38, 166, 154, 1.0)",0.0,0.0,0.75408793284462,15.950384409080721,1.6101855395549327,0.0,0.0,0.0,0.0,0.0,0.0,0.0,0.0,65.55738107315479,10.075064315374718,True,False,True,False,True,8.263926989551983,0,0.928344175586586,0.8774455817973194,False,False,False,False,0.3428282218171464,0.32731926177145876,False,False,False,False,-3575792,-3693887.2984710513,False,False,False,False,273728.04369795934,False,False,False,False
2025-02-13 00:00:00+00:00,17.2935884817,17.3431971693,17.025701569,17.1447624191,266033,,,,,,,,,,,,,,,16.393177164491306,16.12099492451973,15.656628643784348,15.824409284485112,15.914093971802524,16.221327802806318,,,15.864885526250996,16.16782844101853,15.785698581666157,14.71659614002881,"rgba(38, 166, 154, 1.0)",0.0,0.0,0.7327871016095574,15.961790079766313,1.8174424727296747,0.0,0.0,0.0,0.0,0.0,0.0,0.0,0.0,67.54575882796408,12.102341535280843,True,False,True,False,True,9.069973348657705,0,0.9458988868902787,0.8760601378611514,False,False,False,False,0.3428282248510425,0.3350737433112506,False,False,False,False,-3309759,-3678823.443629049,False,False,False,False,273426.2772784316,False,False,False,False
2025-02-14 00:00:00+00:00,17.0157798314,17.2935884817,16.9314450626,17.2935884817,224215,,,,,,,,,,,,,,,16.43538520479219,16.160246607957895,15.683076821504557,15.843229580790494,15.926713038093103,16.22808156467043,,,15.902315015829592,16.1733979208875,15.790329119940399,14.721266578534996,"rgba(38, 166, 154, 1.0)",0.0,0.0,0.7066896370390751,15.970071795616224,1.4797274234346172,0.0,0.0,0.0,0.0,0.0,0.0,0.0,0.0,66.36119966805813,12.102341535280843,True,False,True,False,True,6.896017305486502,0,0.9487382267091875,0.8779912626351442,False,False,False,False,0.32170688479162207,0.32839031405143637,False,False,False,False,-3533974,-3673143.0732906554,False,False,False,False,271496.4232675127,False,False,False,False
2025-02-18 00:00:00+00:00,17.1646058941,17.4225710694,17.0951537315,17.4225710694,496186,,,,,,,,,,,,,,,16.530174500705378,16.248858693488668,15.744062436553364,15.88766184875631,15.95713257450903,16.245173528880343,,,15.986863251010533,16.18744613615473,15.801615433409248,14.732177629386712,"rgba(38, 166, 154, 1.0)",0.0,0.0,0.6976997545266534,16.07756453708054,1.5580360319274436,0.0,0.0,0.0,0.0,0.0,0.0,0.0,0.0,66.27268587930975,12.102341535280843,True,False,True,False,True,7.845295367126049,0,0.9496688488061223,0.8906985542426432,False,False,False,False,0.34282822570386035,0.3356092698776484,False,False,False,False,-3037788,-3648227.1880635708,False,False,False,False,280307.77921780635,False,False,False,False
2025-02-19 00:00:00+00:00,17.1646058941,17.1646058941,16.8272668187,17.1646058941,173384,,,,,,,,,,,,,,,16.551126848135596,16.271508770403642,15.76186693263155,15.900578627395847,15.96600862858062,16.249967682011736,,,16.010096243147775,16.191454623609346,15.805037859616851,14.735701693124085,"rgba(38, 166, 154, 1.0)",0.0,0.0,0.6862686615468057,16.080843308251232,1.579210368437975,0.0,0.0,0.0,0.0,0.0,0.0,0.0,0.0,66.21367668681081,12.102341535280843,True,False,True,False,True,7.84529536712607,0,0.9375764819086346,0.8975797197431507,False,False,False,False,0.26903937538594713,0.30232432263179776,False,False,False,False,-3037788,-3624288.396374803,False,False,False,False,276114.6898367159,False,False,False,False
2025-02-20 00:00:00+00:00,16.3807886307,17.1646058941,16.3311799432,17.085231994,392650,,,,,,,,,,,,,,,16.557326207006895,16.29275730432739,15.787692126599062,15.91834273608438,15.977896861403911,16.254953249309935,,,16.039061168841986,16.195964134634487,15.810091682552628,14.742180357776164,"rgba(38, 166, 154, 0.75)",0.0,0.0,0.674102729539436,16.077600324135293,0.44976573047234575,0.0,0.0,0.0,0.0,0.0,0.0,0.0,0.0,60.19728145587291,15.263356707644476,True,False,True,False,False,1.9624994991392022,0,0.9218201351570172,0.8994963189020178,False,False,False,False,0.20197143046971744,0.2521478765507576,False,False,False,False,-3430438,-3616686.42004638,False,False,False,False,280684.7019999819,False,False,False,False
2025-02-21 00:00:00+00:00,16.6784407561,16.8272668187,16.132745193,16.4303973183,545648,,,,,,,,,,,,,,,16.556166451316727,16.312265459905785,15.81795144733632,15.93901695653373,15.991783480407781,16.260227911296255,,,16.07019068677576,16.200947825911467,15.816338610387083,14.750733716556011,"rgba(38, 166, 154, 0.75)",0.0,0.0,0.6700251595821838,16.128826648467054,0.8202887604633747,0.0,0.0,0.0,0.0,0.0,0.0,0.0,0.0,57.94511284622598,13.179186964413915,True,False,True,False,False,3.9183756870099735,0,0.9352638655971144,0.9066154692133925,False,False,False,False,0.131483235368875,0.1918155559598163,False,False,False,False,-2884790,-3587984.599652404,False,False,False,False,291075.4195686101,False,False,False,False
2025-02-24 00:00:00+00:00,17.3134319568,17.3825864672,16.5674165133,16.8669537688,476149,,,,,,,,,,,,,,,16.60031438821965,16.36108797544481,15.860673389414119,15.97110703553633,16.01466801751466,16.273105601723653,,,16.121932388537715,16.211826560847662,15.825685920421128,14.760363523064155,"rgba(38, 166, 154, 0.75)",0.0,0.0,0.6794084578492524,16.158072562435894,1.7005372556319525,0.0,0.0,0.0,0.0,0.0,0.0,0.0,0.0,59.43601995284163,13.179186964413915,True,False,True,False,False,7.83380038807616,0,0.9491359710003482,0.9091143875701314,False,False,False,False,0.26329470710095043,0.22755513153038337,False,False,False,False,-2408641,-3541735.831038584,False,False,False,False,298333.2070365077,False,False,False,False
2025-02-25 00:00:00+00:00,17.1149972066,17.2459641417,16.7280494436,17.1646058941,325353,,,,,,,,,,,,,,,16.62336853882361,16.388661263176687,15.886942761650163,15.990933523878965,16.028945349850346,16.28106519246794,,,16.15241095861055,16.218624523030492,15.831703697972786,14.76673482913921,"rgba(38, 166, 154, 0.75)",0.0,0.0,0.6824442574110757,16.170282471928598,1.3843104757819715,0.0,0.0,0.0,0.0,0.0,0.0,0.0,0.0,59.13669185357606,13.179186964413915,True,False,True,False,False,6.403948834997976,1,0.9517172518508296,0.9042095808642697,False,False,False,False,0.2665869423723332,0.2470710369513583,False,False,False,False,-2733994,-3510059.680801777,False,False,False,False,299392.80676056625,False,False,False,False
2025-02-26 00:00:00+00:00,17.1546841566,17.2241363192,16.9364059314,17.0356233065,241170,,,,,,,,,,,,,,,16.641807336947803,16.4099127170585,15.906901120632982,16.00618984962803,16.0400500922648,16.28744154115361,,,16.175545765112535,16.22405282462358,15.836404077272578,14.771591163916332,"rgba(38, 166, 154, 0.75)",0.0,0.0,0.6833841706763739,16.1797061895358,1.4266908847174817,0.0,0.0,0.0,0.0,0.0,0.0,0.0,0.0,59.12358579884122,13.179186964413915,True,False,True,False,False,6.644750318336953,0,0.956076268819177,0.9125647520053797,False,False,False,False,0.29236235138470335,0.2697166941680308,False,False,False,False,-2492824,-3470168.0854762173,False,False,False,False,297109.5594366225,False,False,False,False
2025-02-27 00:00:00+00:00,16.5296146934,17.045545044,16.5196929559,16.9463276689,274142,,,,,,,,,,,,,,,16.64416225424519,16.41931918420291,15.921370677040267,16.016797498293645,16.047681625397903,16.29102385704277,,,16.189588014625137,16.227331053608253,15.84000536977521,14.776128924813039,"rgba(38, 166, 154, 0.75)",0.0,0.0,0.6779043373345464,16.181507347875257,0.5135051162136917,0.0,0.0,0.0,0.0,0.0,0.0,0.0,0.0,55.382968229654594,10.513045054083321,True,False,True,False,False,2.2845427259185733,1,0.9538917804930174,0.9159633144899173,False,False,False,False,0.21124078006173896,0.24047873711488488,False,False,False,False,-2766966,-3442591.533104601,False,False,False,False,296208.87083126477,False,False,False,False
2025-02-28 00:00:00+00:00,16.3708668932,16.618910331,16.2716495181,16.3510234182,498729,,,,,,,,,,,,,,,16.628390515114898,16.41938396313334,15.9374378167654,16.027748005740072,16.05538222193413,16.29304524735563,,,16.200345733813325,16.229729847046382,15.844384538557096,14.783144360730857,#000000,0.0,0.0,0.6657812055082801,16.17713886275579,0.2909785209336308,0.0,0.0,0.0,0.0,0.0,0.0,0.0,0.0,52.08664782549219,7.378118823701769,False,False,False,False,False,1.2295352642768052,1,0.9708435890682002,0.9221723148523537,False,False,False,False,0.1224545608208668,0.18146664896787584,False,False,False,False,-3265695,-3435654.414159322,False,False,False,False,304150.8366810191,False,False,False,False
2025-03-03 00:00:00+00:00,16.6834016248,17.0318020167,16.553995765,16.6535387341,579090,,,,,,,,,,,,,,,16.638077477448324,16.439966130892707,15.96694681387064,16.04999811985224,16.071802190839986,16.301296759153775,,,16.22888456045832,16.23721692320773,15.852304216819073,14.792871383154484,#000000,0.0,0.0,0.6644907080463464,16.18582060333867,0.7488156198967106,0.0,0.0,0.0,0.0,0.0,0.0,0.0,0.0,51.67266308471558,6.9637267931652005,False,False,False,False,False,3.198601336475001,1,0.9657982255764327,0.8949872208019887,False,False,False,False,0.21399157351608455,0.1977291112419802,False,False,False,False,-2686605,-3406279.927329545,False,False,False,False,314932.7646543125,False,False,False,False
2025-03-04 00:00:00+00:00,16.9223047507,17.111436392,16.4645066357,16.8227617816,299948,,,,,,,,,,,,,,,16.645420103546652,16.45201006291457,15.9828095726565,16.06218578536786,16.080923569549824,16.306154080901468,,,16.244521947349824,16.241569964903384,15.856694369038353,14.798066474923575,#000000,0.0,0.0,0.6714232766677721,16.19144450951751,1.0885238367214496,0.0,0.0,0.0,0.0,0.0,0.0,0.0,0.0,52.6460269072782,6.9637267931652005,False,False,False,False,False,4.662999195475592,1,0.9638755530316149,0.8878819173134295,False,False,False,False,0.2126726623090276,0.2052008867755039,False,False,False,False,-2386657,-3366294.714493092,False,False,False,False,314345.12682473165,False,False,False,False
2025-03-05 00:00:00+00:00,17.6191055346,17.6390141284,17.0218477198,17.0318020167,317891,,,,,,,,,,,,,,,16.675449053592796,16.48268654673903,16.01031136837195,16.084336358041394,16.09780520257667,16.316903640599783,,,16.276098523840144,16.25067995990359,15.864109545089839,14.80514224032423,"rgba(38, 166, 154, 1.0)",0.0,0.0,0.693458131746508,16.20674790472338,2.036687674740404,0.0,0.0,0.0,0.0,0.0,0.0,0.0,0.0,56.26987589324679,6.9637267931652005,True,False,True,False,True,8.688114103380784,1,1.011360926298024,0.8575661536090254,False,False,False,False,0.34282822647891553,0.27401455662720975,False,False,False,False,-2068766,-3315411.2354933633,False,False,False,False,314484.18067474215,False,False,False,False
2025-03-06 00:00:00+00:00,17.4697910809,17.7186485037,17.2607508457,17.4996539716,202977,,,,,,,,,,,,,,,16.694795471637118,16.50239486939186,16.028007905357796,16.098686098800766,16.108812745227567,16.324003547266553,,,16.2963388241183,16.256699403503116,15.8689772899015,14.809737089584052,"rgba(38, 166, 154, 1.0)",0.0,0.0,0.7105092531501092,16.2165516763011,1.7638607787900626,0.0,0.0,0.0,0.0,0.0,0.0,0.0,0.0,57.74829040063281,2.3604420610845693,True,False,True,False,True,7.653865955028298,1,1.0257163045463062,0.8311474316448118,False,False,False,False,0.34282822806205926,0.3084213923446345,False,False,False,False,-2271743,-3274483.0693955845,False,False,False,False,310111.3500600464,False,False,False,False
2025-03-07 00:00:00+00:00,17.4996539716,17.9177344419,17.2219290878,17.4498824871,171367,,,,,,,,,,,,,,,16.711678061561557,16.51947617852437,16.043257227837273,16.1111180841251,16.118393113459287,16.330254904306155,,,16.313790691309197,16.261996107332898,15.873224710652623,14.813695790430723,"rgba(38, 166, 154, 1.0)",0.0,0.0,0.7275610040820453,16.22504759462647,1.7518893533631386,0.0,0.0,0.0,0.0,0.0,0.0,0.0,0.0,58.860262773249346,3.493294578014705,True,False,True,False,True,7.823293336561207,1,1.0293841167823556,0.8192811818735534,False,False,False,False,0.34282822879261066,0.3256248105686226,False,False,False,False,-2100376,-3228439.654909483,False,False,False,False,304670.3951557309,False,False,False,False
2025-03-10 00:00:00+00:00,17.3304309241,17.5603751828,17.1811164704,17.340385221,197818,,,,,,,,,,,,,,,16.72612171228539,16.53500619205859,16.058316369515758,16.123349730404918,16.127850866992446,16.33628221292868,,,16.330340468469682,16.267164146949032,15.877549867234505,14.817936026303515,"rgba(38, 166, 154, 1.0)",0.0,0.0,0.7397733341499317,16.232767062524967,1.483784033438229,0.0,0.0,0.0,0.0,0.0,0.0,0.0,0.0,58.44660634642635,3.493294578014705,True,False,True,False,True,6.635740728644713,1,1.0347539699732842,0.8303950733008608,False,False,False,False,0.29261921824017767,0.3091220144044001,False,False,False,False,-2298194,-3191959.4331483273,False,False,False,False,300480.10514962376,False,False,False,False
2025-03-11 00:00:00+00:00,18.0670488956,18.1665918647,17.4498824871,17.4498824871,417232,,,,,,,,,,,,,,,16.778768068471635,16.586156855065173,16.10165202551504,16.159272597043973,16.155845432506013,16.355333760199365,,,16.38096930534625,16.283199504613,15.889872143495396,14.828715405113053,"rgba(38, 166, 154, 1.0)",0.0,0.0,0.7713185043603429,16.258270704439113,2.3450470602425293,0.0,0.0,0.0,0.0,0.0,0.0,0.0,0.0,61.18823930037351,5.957069444150051,True,False,True,False,True,10.729025588873029,1,1.039674968633285,0.7930780904191977,False,False,False,False,0.34282823074485047,0.3259751225746253,False,False,False,False,-1880962,-3140547.769103295,False,False,False,False,305058.6108300307,False,False,False,False
2025-03-12 00:00:00+00:00,18.1068660833,18.2561805369,17.8381000666,17.9376430358,193227,,,,,,,,,,,,,,,16.805101853805613,16.61151882260844,16.12290143351186,16.17702556798967,16.169768764605347,16.364971372983053,,,16.40587055907487,16.291302963262975,15.896014725630222,14.833961478227078,"rgba(38, 166, 154, 1.0)",0.0,0.0,0.8016404513076258,16.27092343820868,2.290232038685866,0.0,0.0,0.0,0.0,0.0,0.0,0.0,0.0,63.15531703801193,7.910178170371822,True,False,True,False,True,10.940582898568863,0,1.0514958982048965,0.7958789223610738,False,False,False,False,0.3428282324239135,0.3344016774992694,False,False,False,False,-1687735,-3083574.7193345386,False,False,False,False,300673.05746414716,False,False,False,False
2025-03-13 00:00:00+00:00,18.6344438196,18.7240324918,18.1665918647,18.1665918647,270881,,,,,,,,,,,,,,,16.852550392833383,16.65599184634062,16.15851744995329,16.207046854595582,16.193410953785058,16.38175687590968,,,16.448517420535016,16.305332460825348,15.90630634242678,14.842287242555994,"rgba(38, 166, 154, 1.0)",0.0,0.0,0.8484312823499468,16.293075229656534,2.7596443443933962,0.0,0.0,0.0,0.0,0.0,0.0,0.0,0.0,66.16199135706333,10.802293895675149,True,False,True,False,True,13.670036159898558,0,1.0667185507510546,0.7741724576755773,False,False,False,False,0.3428282347489674,0.3386149561241184,False,False,False,False,-1416854,-3018213.1224978897,False,False,False,False,299504.741485161,False,False,False,False
2025-03-14 00:00:00+00:00,18.8434840548,18.9629356177,18.6294666712,18.7339867887,252649,,,,,,,,,,,,,,,16.902171691442625,16.702129305406043,16.194960706553516,16.23796212414453,16.21787106108614,16.399378891362787,,,16.492400690658656,16.3200399836357,15.91694395128784,14.850658976909934,"rgba(38, 166, 154, 1.0)",0.0,0.0,0.8990074943325483,16.31605028323397,2.8113600692978404,0.0,0.0,0.0,0.0,0.0,0.0,0.0,0.0,68.75172436533586,13.245541725971819,True,False,True,False,True,14.708675700971096,0,1.1013921992053552,0.7598348286406671,False,False,False,False,0.3428282364251266,0.3407215962746225,False,False,False,False,-1164205,-2945506.9216156197,False,False,False,False,297667.2614269194,False,False,False,False
2025-03-17 00:00:00+00:00,18.8534383517,19.1450992512,18.5448551474,18.9430270239,430520,,,,,,,,,,,,,,,16.98265933278037,16.777620139812218,16.255626864609017,16.28969576128083,16.259076851025423,16.429263025039823,,,16.564638643937,16.3450630137146,15.935114533005319,14.864971874068152,"rgba(38, 166, 154, 1.0)",0.0,0.0,0.9466555552839007,16.3537996236902,2.6404944375572392,0.0,0.0,0.0,0.0,0.0,0.0,0.0,0.0,70.50684148546408,14.905622785810678,True,False,True,False,True,14.758248605113181,0,1.1094958537205115,0.7511819179579018,False,False,False,False,0.3428282348945969,0.3417749155846097,False,False,False,False,-733685,-2858768.807042458,False,False,False,False,302877.1727435108,False,False,False,False
2025-03-18 00:00:00+00:00,19.1022957745,19.3909703849,18.9131641331,19.0624785868,274161,,,,,,,,,,,,,,,17.037917496449513,16.829290137070554,16.29696388407635,16.325171038442924,16.287492952154405,16.450135159719302,,,16.61388659663988,16.36254360898228,15.94770016195021,14.874687722217795,"rgba(38, 166, 154, 1.0)",0.0,0.0,0.9999177232322027,16.37972259644621,2.7227972010068555,0.0,0.0,0.0,0.0,0.0,0.0,0.0,0.0,72.39642095428529,16.727329443130657,True,False,True,False,True,15.995864627072852,0,1.099415877857826,0.7533644062555208,False,False,False,False,0.34282823635624565,0.34230157597042765,False,False,False,False,-459524,-2764680.775393734,False,False,False,False,301751.0483221967,False,False,False,False
2025-03-19 00:00:00+00:00,19.162021556,19.3013817127,18.7638496795,19.0226613992,207655,,,,,,,,,,,,,,,17.076780147423396,16.865968279480303,16.326849703459565,16.350898916441857,16.308201390613583,16.465384217934794,,,16.649095962840043,16.375356629529634,15.956989711098828,14.88191458313946,"rgba(38, 166, 154, 1.0)",0.0,0.0,1.051293823960774,16.398240281958202,2.6289332354576063,0.0,0.0,0.0,0.0,0.0,0.0,0.0,0.0,73.8265713986886,18.148641551156572,True,False,True,False,True,16.29124143764416,0,1.0944818313878506,0.7564498305278662,False,False,False,False,0.32100968803390184,0.33165563200216475,False,False,False,False,-251869,-2666139.137143,False,False,False,False,298061.0072115223,False,False,False,False
2025-03-20 00:00:00+00:00,19.162021556,19.2516102282,18.8534383517,18.8833012424,204905,,,,,,,,,,,,,,,17.113947168086895,16.901215735506355,16.355855603666033,16.375939993273477,16.32843281926559,16.480334325606886,,,16.68305028085946,16.38794345274588,15.966141091622916,14.889043898199674,"rgba(38, 166, 154, 1.0)",0.0,0.0,1.0990202711485904,16.416130042946236,2.498490323735359,0.0,0.0,0.0,0.0,0.0,0.0,0.0,0.0,74.7800050282908,19.17420491823907,True,False,True,False,True,16.29124143764416,0,1.0952902685975978,0.7641893497888047,False,False,False,False,0.3246251488777002,0.3281403904399325,False,False,False,False,-251869,-2571461.8768628826,False,False,False,False,294407.8304581293,False,False,False,False
2025-03-21 00:00:00+00:00,19.042569993,19.1421129621,18.8633926486,19.042569993,329860,,,,,,,,,,,,,,,17.168870594128606,16.9538513768545,16.40007791657485,16.414244302530946,16.359545466784457,16.503383105786597,,,16.734169404415237,16.407421473689507,15.980419593318203,14.900271591247751,"rgba(38, 166, 154, 1.0)",0.0,0.0,1.1397252191791762,16.443102287140547,2.280784580454906,0.0,0.0,0.0,0.0,0.0,0.0,0.0,0.0,74.15358745856318,19.17420491823907,True,False,True,False,True,15.349358641768603,0,1.0942260597440567,0.7743279340286907,False,False,False,False,0.3156016412273965,0.3218710158336645,False,False,False,False,-581729,-2493433.1365937497,False,False,False,False,295798.11161663407,False,False,False,False
2025-03-24 00:00:00+00:00,19.2117930405,19.4108789788,18.9927985084,19.042569993,208272,,,,,,,,,,,,,,,17.20533109896476,16.988682905541268,16.4292148437193,16.43957906292742,16.380193921338066,16.518800694653905,,,16.767888652550358,16.420452728817768,15.989923737103323,14.907653615608046,"rgba(38, 166, 154, 1.0)",0.0,0.0,1.1832099963349096,16.461029774925883,2.3248309886620584,0.0,0.0,0.0,0.0,0.0,0.0,0.0,0.0,74.38130224269813,19.17420491823907,True,False,True,False,True,16.225945592846994,0,1.0976468179750671,0.7575002392855157,False,False,False,False,0.34282823624487485,0.33234962603926965,False,False,False,False,-373457,-2410296.8175116424,False,False,False,False,292365.71508264844,False,False,False,False
2025-03-25 00:00:00+00:00,19.3511531973,19.7383753472,19.3212903065,19.3611074942,147776,,,,,,,,,,,,,,,17.23374502165485,17.015629233643665,16.45146368288454,16.45897440342154,16.396021858563675,16.530702814818163,,,16.79380314529378,16.43049874697657,15.997186590294461,14.913198251874414,"rgba(38, 166, 154, 1.0)",0.0,0.0,1.2281867623479408,16.47489848838594,2.3418707944836394,0.0,0.0,0.0,0.0,0.0,0.0,0.0,0.0,75.04294411765363,20.08563562779186,True,False,True,False,True,16.942894655489198,0,1.0977229602852139,0.7579731059852569,False,False,False,False,0.34282823759810543,0.33758893181868754,False,False,False,False,-225681,-2324625.608981774,False,False,False,False,286695.5301774466,False,False,False,False
2025-03-26 00:00:00+00:00,19.1321586652,19.4706047602,19.0624785868,19.3611074942,143072,,,,,,,,,,,,,,,17.257601080791222,17.03858052976545,16.47094831635119,16.475986926036093,16.409965847879413,16.541168434822627,,,16.81613740454924,16.439372067411284,16.00368832415426,14.9182615085413,"rgba(38, 166, 154, 1.0)",0.0,0.0,1.2643898236263842,16.486839997947275,2.092170166053465,0.0,0.0,0.0,0.0,0.0,0.0,0.0,0.0,73.06379053393688,20.08563562779186,True,False,True,False,True,15.178984102263055,0,1.1011562500034862,0.7548025856686844,False,False,False,False,0.2971807583441249,0.3173848450814062,False,False,False,False,-368753,-2247924.722355038,False,False,False,False,281063.2348763703,False,False,False,False
2025-03-27 00:00:00+00:00,19.6298735108,19.6995535892,19.1470901106,19.2914274158,188326,,,,,,,,,,,,,,,17.292348721623725,17.071726404870383,16.49866264186855,16.50023801375128,16.429857122315475,16.556198191492935,,,16.848152383918155,16.45209327005531,16.012922536953962,14.92532583812391,"rgba(38, 166, 154, 1.0)",0.0,0.0,1.313009425177249,16.50406593818888,2.3806436668869706,0.0,0.0,0.0,0.0,0.0,0.0,0.0,0.0,73.72208198356067,20.08563562779186,True,False,True,False,True,17.72715409740229,0,1.0976242062854589,0.7566804651670477,False,False,False,False,0.3233623622196299,0.32037360365051804,False,False,False,False,-180427,-2166846.3803018993,False,False,False,False,277426.480567493,False,False,False,False
2025-03-28 00:00:00+00:00,19.3013817127,19.8090508552,19.2117930405,19.6497821047,192511,,,,,,,,,,,,,,,17.325964336422096,17.103995296401315,16.525994400497975,16.524208968150116,16.449589737173977,16.57113814859534,,,16.87947525004952,16.46476990178554,16.02217277189929,14.932443562486156,"rgba(38, 166, 154, 0.75)",0.0,0.0,1.3481660653690897,16.520971606811788,2.062364702175629,0.0,0.0,0.0,0.0,0.0,0.0,0.0,0.0,71.10024352705753,20.08563562779186,True,False,True,False,False,15.14122895840476,0,1.0875847742013909,0.7640340125557554,False,False,False,False,0.33926242087166447,0.32981801226109125,False,False,False,False,-372938,-2096497.032054766,False,False,False,False,274096.461721709,False,False,False,False
2025-03-31 00:00:00+00:00,19.0624785868,19.4905133541,18.8036668671,19.3909703849,306594,,,,,,,,,,,,,,,17.36955636913838,17.14677672549141,16.56379749127335,16.55746365885767,16.477162859912983,16.591981578883665,,,16.921751125654804,16.482578642343586,16.035424773231092,14.942927097274167,"rgba(38, 166, 154, 0.75)",0.0,0.0,1.3764090272639808,16.543849330713392,1.829855229221453,0.0,0.0,0.0,0.0,0.0,0.0,0.0,0.0,67.3950166430673,22.13735140459876,True,False,True,False,False,13.313518358864233,0,1.0710450292753424,0.7809229976972121,False,False,False,False,0.2739243908448276,0.30187120155295943,False,False,False,False,-679532,-2040929.7758957557,False,False,False,False,275370.87498752435,False,False,False,False
2025-04-01 00:00:00+00:00,19.1918844467,19.2217473374,18.8335297579,19.2018387436,219562,,,,,,,,,,,,,,,17.39886915121096,17.17576759974473,16.589822024550266,16.580427440261815,16.49629338675986,16.60648729954027,,,16.950571654649323,16.495011366201854,16.0447339689758,14.950337156613463,"rgba(38, 166, 154, 0.75)",0.0,0.0,1.4063415372767907,16.559550138930337,1.8717603355916368,0.0,0.0,0.0,0.0,0.0,0.0,0.0,0.0,65.59774560680623,20.466172986735373,True,False,True,False,False,13.99717795949999,0,1.072544106190619,0.7901344158133105,False,False,False,False,0.25295661941200104,0.2774139104824802,False,False,False,False,-459970,-1978931.3533116085,False,False,False,False,273182.2916546803,False,False,False,False
2025-04-02 00:00:00+00:00,19.3511531973,19.4307875726,18.8235754609,19.1022957745,247633,,,,,,,,,,,,,,,17.433010415410845,17.20942451645778,16.619911928225232,16.607043854725227,16.51851655476373,16.623425725548326,,,16.98393838873349,16.509532506457422,16.05557552106863,14.958903504957238,"rgba(38, 166, 154, 0.75)",0.0,0.0,1.4387592541761918,16.577855312098247,1.9275621527033684,0.0,0.0,0.0,0.0,0.0,0.0,0.0,0.0,65.20928430821402,20.062413687470652,True,False,True,False,False,14.834605500532827,0,1.0614142617911444,0.7998602702544374,False,False,False,False,0.27041386788951677,0.27391388918599846,False,False,False,False,-212337,-1909653.14337782,False,False,False,False,272180.3586486144,False,False,False,False
2025-04-03 00:00:00+00:00,19.6995535892,19.7592793707,18.449293897,18.6941696011,486950,,,,,,,,,,,,,,,17.500131800399327,17.275640657746532,16.679338452043424,16.659811837339767,16.562772085919068,16.65737521117518,,,17.0496048755941,16.538690454390593,16.077355409124454,14.976046325094934,"rgba(38, 166, 154, 0.75)",0.0,0.0,1.4775605345415344,16.614253994143553,2.08810368369359,0.0,0.0,0.0,0.0,0.0,0.0,0.0,0.0,66.53097705305099,20.062413687470652,True,False,True,False,False,16.623390590961858,0,1.0419850041217624,0.7968406968425361,False,False,False,False,0.26638478973418755,0.270149339460093,False,False,False,False,274613,-1823995.6475590821,False,False,False,False,280602.6975251393,False,False,False,False
2025-04-04 00:00:00+00:00,18.3756320999,19.5303305417,18.3059520215,19.1819301498,581403,,,,,,,,,,,,,,,17.550981154190982,17.328836256521768,16.73236421608427,16.707258259298374,16.60327275215982,16.68837330077532,,,17.10480401713071,16.565756265164662,16.09848823730992,14.99368623665652,"rgba(38, 166, 154, 0.5)",0.0,0.0,1.485583238180289,16.645489916422143,1.1646215028631655,0.0,0.0,0.0,0.0,0.0,0.0,0.0,0.0,59.16053319473397,14.434237581206247,False,True,True,False,False,7.152521839011939,1,1.0375698705107868,0.7994445496406486,False,False,False,False,0.23392606968556945,0.25203770457283126,False,False,False,False,-306790,-1764497.3868704906,False,False,False,False,292398.7878182711,False,False,False,False
2025-04-07 00:00:00+00:00,18.2561805369,18.813621164,17.6390141284,17.7783742852,351825,,,,,,,,,,,,,,,17.567611827078597,17.348390124279085,16.755452946483192,16.728101428831252,16.621472452444355,16.702208298231724,,,17.126763252136946,16.578108590087812,16.108716797094235,15.002862657509636,#000000,0.0,0.0,1.4919672276580673,16.772278453037238,0.9945942889054175,0.0,0.0,0.0,0.0,0.0,0.0,0.0,0.0,53.739058310919425,9.634634584021349,False,True,False,False,False,6.378070072487848,1,1.0073472968031647,0.8388409864773663,False,False,False,False,0.11689787808524574,0.1844677913290385,False,False,False,False,-658615,-1721129.4501304715,False,False,False,False,294729.2275116722,False,False,False,False
2025-04-08 00:00:00+00:00,18.2661348339,19.1122500714,18.1267746771,19.1122500714,282179,,,,,,,,,,,,,,,17.585446211262095,17.3679842815151,16.776693826681417,16.747283172504474,16.638130590669785,16.71501646638191,,,17.147837585968908,16.589449436090195,16.117864847670383,15.01078623745503,#000000,0.0,0.0,1.4974991321537994,16.790089368378926,0.985673670072938,0.0,0.0,0.0,0.0,0.0,0.0,0.0,0.0,50.18439996914714,6.644287239970062,False,True,False,False,False,6.433034421337414,1,1.0391541875859087,0.821464938727085,False,False,False,False,0.18050525747085852,0.1824865243999485,False,False,False,False,-376436,-1668396.3736547667,False,False,False,False,294237.0617269007,False,False,False,False
2025-04-09 00:00:00+00:00,19.7791879645,20.0977254657,18.9131641331,18.9131641331,709794,,,,,,,,,,,,,,,17.677610399845758,17.45932409541124,16.8604139439214,16.82274609032743,16.702625826025766,16.76570135850268,,,17.238746476888466,16.633394600165733,16.150998525283867,15.036761570584433,#000000,0.0,0.0,1.5223080831653923,16.874071297540496,1.9083631618895343,0.0,0.0,0.0,0.0,0.0,0.0,0.0,0.0,54.339136600517875,6.644287239970062,False,True,False,False,True,14.009984276349154,1,1.0358512546896288,0.7811070383946644,False,False,False,False,0.3382823487456973,0.2603844365728229,False,False,False,False,333358,-1589896.2021388935,False,False,False,False,310533.4122474144,False,False,False,False
2025-04-10 00:00:00+00:00,20.515805936,20.9138782695,19.8090508552,19.8886852305,594893,,,,,,,,,,,,,,,17.778777964740758,17.557407654488735,16.94666160923227,16.900704928419934,16.769198753689334,16.818685428552996,,,17.334526041875254,16.679124333679734,16.184750161461604,15.062162934958376,"rgba(38, 166, 154, 0.5)",0.0,0.0,1.5640030708301293,16.949897435117055,2.279988170988858,0.0,0.0,0.0,0.0,0.0,0.0,0.0,0.0,59.04507114974754,1.441348351497119,False,True,True,False,True,17.183864951644434,1,1.0688497198765299,0.7580919828812911,False,False,False,False,0.34282823776016574,0.3016063371664943,False,False,False,False,928251,-1491145.33146678,False,False,False,False,321684.7686298688,False,False,False,False
2025-04-11 00:00:00+00:00,21.3420125797,21.5510528149,21.0135207816,21.202652423,545651,,,,,,,,,,,,,,,17.89438587091389,17.66810029466243,17.041539729248406,16.98665808857554,16.842593084188433,16.877641708548154,,,17.44138187979399,16.729867298710968,16.221654403563853,15.089088855188127,"rgba(38, 166, 154, 1.0)",0.0,0.0,1.6255053092223382,17.03122094313845,2.6519701978850416,0.0,0.0,0.0,0.0,0.0,0.0,0.0,0.0,63.87490908336791,5.673548930471753,True,False,True,False,True,20.0,0,1.0848017447585478,0.7530151527155907,False,False,False,False,0.3428282406172855,0.32221728889188994,False,False,False,False,1473902,-1374868.9655269063,False,False,False,False,330467.75809536414,False,False,False,False
2025-04-14 00:00:00+00:00,21.5012813303,21.7003672686,20.8144348434,20.8642063279,363067,,,,,,,,,,,,,,,17.96797569755134,17.738901537701295,17.102934007562304,17.042481923102496,16.890514679916983,16.916335187448418,,,17.509991696164484,16.76328274567922,16.246090667062795,15.10698102465572,"rgba(38, 166, 154, 1.0)",0.0,0.0,1.6861761142422396,17.08021517570956,2.6219480380774143,0.0,0.0,0.0,0.0,0.0,0.0,0.0,0.0,67.38598906292255,8.70482853080663,True,False,True,False,True,20.0,0,1.0736931010479387,0.750782828969977,False,False,False,False,0.33939835203339846,0.33080782046264423,False,False,False,False,1836969,-1248914.5355062434,False,False,False,False,331746.1597386832,False,False,False,False
2025-04-15 00:00:00+00:00,21.5908700025,21.7999102377,21.4018379042,21.6804586747,369851,,,,,,,,,,,,,,,18.045289886494523,17.813259550337772,17.167410775484736,17.101233965754897,16.941072888461388,16.95733459546498,,,17.582003639614282,16.798725768455064,16.271997825412612,15.125855188784598,"rgba(38, 166, 154, 1.0)",0.0,0.0,1.743153023699659,17.130875274030753,2.5585790047298187,0.0,0.0,0.0,0.0,0.0,0.0,0.0,0.0,69.8974474606279,10.914947369026038,True,False,True,False,True,20.0,0,1.0958504473574604,0.7439056910847102,False,False,False,False,0.3428282406961504,0.3368180305793973,False,False,False,False,2206820,-1113395.5341138416,False,False,False,False,333240.4671999113,False,False,False,False
2025-04-16 00:00:00+00:00,21.9591789883,22.3573508648,21.7899559408,22.2378993018,247294,,,,,,,,,,,,,,,18.10132302327387,17.8669705111539,17.213660673845425,17.143423883457263,16.977399013290157,16.986899560932375,,,17.633852978943377,16.82427203920261,16.2905937502394,15.139263814838941,"rgba(38, 166, 154, 1.0)",0.0,0.0,1.8062911091918876,17.16746348581536,2.6527924973446795,0.0,0.0,0.0,0.0,0.0,0.0,0.0,0.0,72.26561409692418,13.126017094087999,True,False,True,False,True,20.0,0,1.0928813471239212,0.7335745729246919,False,False,False,False,0.3428282412560397,0.3398231359177185,False,False,False,False,2454114,-973493.1994427105,False,False,False,False,329870.01750579715,False,False,False,False
2025-04-17 00:00:00+00:00,21.8994532068,21.8994532068,21.521687639,21.7401844562,402784,,,,,,,,,,,,,,,18.183436462825927,17.9462694292448,17.283146286554075,17.207019871472454,17.0324619118155,17.031863125440537,,,17.710891779500805,16.86328651990805,16.319257122103245,15.160166878478757,"rgba(38, 166, 154, 1.0)",0.0,0.0,1.860798412266705,17.220099677463793,2.5147020217177207,0.0,0.0,0.0,0.0,0.0,0.0,0.0,0.0,73.46992575558991,14.37475206514209,True,False,True,False,True,20.0,0,1.0755850301438443,0.7606903826954584,False,False,False,False,0.29575578201125,0.3177894589644843,False,False,False,False,2051330,-854872.6818175061,False,False,False,False,332729.38936831494,False,False,False,False
2025-04-21 00:00:00+00:00,22.1582649265,22.8550657104,21.6615455106,22.4867567246,375883,,,,,,,,,,,,,,,18.266048449242433,18.02581461891716,17.352437250094738,17.270525627239625,17.087504186844647,17.076991218484753,,,17.787949074297526,16.902441156600528,16.347928750127654,15.180878862680547,"rgba(38, 166, 154, 1.0)",1.0,24.126173,1.9126745737331456,17.572043525791994,2.3978053892129956,0.0,0.0,0.0,0.0,0.0,0.0,0.0,0.0,74.79559490696646,15.873442023352723,True,False,True,False,True,20.0,0,1.0721552452905156,0.7374530457137537,False,False,False,False,0.34282824167404985,0.33030885031926704,False,False,False,False,2427213,-726163.4393932902,False,False,False,False,334421.68782445946,False,False,False,False
2025-04-22 00:00:00+00:00,21.9790875821,22.4369852401,21.9492246914,22.1582649265,566150,,,,,,,,,,,,,,,18.38121142916365,18.13738348200838,17.451076587053226,17.36126980289911,17.16661858531624,17.14216812613048,,,17.896584127698297,16.95922506250457,16.3898428389633,15.211393108202513,"rgba(38, 166, 154, 1.0)",0.0,0.0,1.9546670703986049,17.640329630413376,2.219691535910432,0.0,0.0,0.0,0.0,0.0,0.0,0.0,0.0,74.46140884889114,15.879398045284063,True,False,True,False,True,20.0,0,1.0887636818129816,0.750532519546061,False,False,False,False,0.3345433259311105,0.3324260881251888,False,False,False,False,1861063,-624703.5790249258,False,False,False,False,343509.0726156571,False,False,False,False
2025-04-23 00:00:00+00:00,21.0931551569,21.3270811344,20.8243891403,21.1827438291,865648,,,,,,,,,,,,,,21.081541810533334,18.499145791150074,18.25510017996885,17.56236347389628,17.46471342085779,17.258481601883933,17.218480230943555,,,18.014149280061716,17.026677415092937,16.441346908373394,15.250588682535053,"rgba(38, 166, 154, 0.75)",0.0,0.0,1.9728454986146338,17.68684248529956,1.726598800561124,0.0,0.0,0.0,0.0,0.0,0.0,0.0,0.0,69.21567641225772,15.879398045284063,True,False,True,False,False,16.181834716878086,0,1.0703008321459373,0.7779570858869038,False,False,False,False,0.19829185173677888,0.26535896993098385,False,False,False,False,995415,-561169.5171023797,False,False,False,False,363985.1089836706,False,False,False,False
2025-04-24 00:00:00+00:00,21.202652423,21.5012813303,20.9239321094,21.4614641427,566792,,,,,,,,,,,,,,21.132089037740997,18.574490572025695,18.330465960993106,17.634119873481918,17.53166770177031,17.318262709538587,17.26846476614488,,,18.089550007309054,17.0710135145884,16.475373173681575,15.276526132341289,"rgba(38, 166, 154, 0.75)",0.0,0.0,1.988172697791465,17.729048936060515,1.7471336825005648,0.0,0.0,0.0,0.0,0.0,0.0,0.0,0.0,66.09017707933523,15.879398045284063,True,False,True,False,False,16.625890586993894,0,1.075420755022764,0.7718890819824843,False,False,False,False,0.21450376942707908,0.23993136967903145,False,False,False,False,1562207,-477899.8497650315,False,False,False,False,371938.3203960757,False,False,False,False
2025-04-25 00:00:00+00:00,20.6750746866,21.08320086,20.5954403113,20.8144348434,405719,,,,,,,,,,,,,,21.05538496358158,18.617613984131346,18.37447801274569,17.67787553373547,17.572775614572627,17.355404976591288,17.29970844668087,,,18.134318733488932,17.098978784491663,16.497274408730018,15.293635101408332,"rgba(38, 166, 154, 0.5)",0.0,0.0,1.9896405022522432,17.75117639754942,1.46956110198841,0.0,0.0,0.0,0.0,0.0,0.0,0.0,0.0,61.50848342667386,20.192664249745974,False,False,True,False,False,13.34664959035478,0,1.0574524632753495,0.7927956486083095,False,False,False,False,0.17052498504762983,0.20522817736333065,False,False,False,False,1156488,-413806.2085977754,False,False,False,False,373263.0529295629,False,False,False,False
2025-04-28 00:00:00+00:00,20.4859430453,20.625303202,20.2172765716,20.625303202,506775,,,,,,,,,,,,,,20.92300511931459,18.66104037911211,18.41979631153911,17.725024408802746,17.61737552416043,17.39618193125154,17.334211605676728,,,18.18124513553518,17.130139035395246,16.52216429656026,15.313536089685714,"rgba(38, 166, 154, 0.5)",0.0,0.0,1.9858633985749663,17.772200948653126,1.3665300939602527,0.0,0.0,0.0,0.0,0.0,0.0,0.0,0.0,57.63287049224298,16.497767689161947,False,True,True,False,False,12.204960188436498,0,1.032568902084912,0.8079328439516227,False,False,False,False,0.12203083827948617,0.16362950782140842,False,False,False,False,649713,-372099.57296649006,False,False,False,False,378498.81555977615,False,False,False,False
2025-04-29 00:00:00+00:00,20.1674055441,20.5257602329,20.1076797626,20.4560801545,536269,,,,,,,,,,,,,,20.80089542412669,18.700479411150788,18.461652792854508,17.770079604972697,17.660240452466194,17.43575088127635,17.367887645554323,,,18.225164941821088,17.160769010203378,16.54699667940993,15.333712032370393,#000000,0.0,0.0,1.9767575957867425,17.792088591119178,1.2016227776453559,0.0,0.0,0.0,0.0,0.0,0.0,0.0,0.0,53.7156933616108,12.786272323561683,False,True,False,False,False,10.310307141167787,0,1.0320570043698845,0.8097426973550113,False,False,False,False,0.10999751474006714,0.13681351128073777,False,False,False,False,113444,-353058.64853643166,False,False,False,False,384685.88161625556,False,False,False,False
2025-04-30 00:00:00+00:00,20.6949832804,20.6949832804,19.7791879645,19.9085938244,330218,,,,,,,,,,,,,,20.75861565799852,18.725644367685216,18.488185518899982,17.79836272676205,17.687163164558847,17.460611383634806,17.389104259770807,,,18.252872552025842,17.180067985527117,16.562623794849756,15.346361349850763,#000000,0.0,0.0,1.9754031282180702,17.806612365332064,1.4621678349134817,0.0,0.0,0.0,0.0,0.0,0.0,0.0,0.0,53.403944151987055,12.391376247068997,False,True,False,False,False,12.60150418724972,0,1.0194482768304174,0.8137378019918012,False,False,False,False,0.10085504932007623,0.11883428030040699,False,False,False,False,443662,-321814.70153500297,False,False,False,False,382549.88625875534,False,False,False,False
2025-05-01 00:00:00+00:00,20.5556231237,20.635257499,20.2470399194,20.2470399194,441229,,,,,,,,,,,,,,20.724876003992172,18.7598702473331,18.52413627867981,17.83648832055407,17.72348383705876,17.494179761025187,17.41782534993315,,,18.29031279733844,17.206207381787138,16.583791226543187,15.363463081175109,#000000,0.0,0.0,1.9652955240935492,17.827827774726973,1.3879822731653362,0.0,0.0,0.0,0.0,0.0,0.0,0.0,0.0,52.56769676350822,11.31742436966325,False,True,False,False,False,11.773107048671047,0,1.0391829736247271,0.8067863756993378,False,False,False,False,0.12431995510448232,0.12157711770244466,False,False,False,False,2433,-309099.1053963754,False,False,False,False,384851.0279740983,False,False,False,False
2025-05-02 00:00:00+00:00,20.8442977341,21.0732465631,20.5058516391,20.9537950001,644463,,,,,,,,,,,,,,20.737312394254914,18.81663128330707,18.58281374547405,17.89695030165777,17.780992681180404,17.547140046308808,17.463228730196164,,,18.350664782423618,17.247408905166512,16.61687336657597,15.389829061800329,#000000,0.0,0.0,1.9639511275388104,17.86648593221122,1.5162351853533762,0.0,0.0,0.0,0.0,0.0,0.0,0.0,0.0,53.24210707726483,11.31742436966325,False,True,False,False,False,13.01212517711664,0,1.0617721696601818,0.7923415837772535,False,False,False,False,0.16471374607759046,0.14314543189001755,False,False,False,False,646896,-271609.1012631842,False,False,False,False,395031.88962217286,False,False,False,False
2025-05-05 00:00:00+00:00,21.5211899241,21.5908700025,21.1031094538,21.5012813303,488143,,,,,,,,,,,,,,20.805428831818567,18.869854027740356,18.636691791437716,17.950199552605405,17.831462325448495,17.593284944996377,17.50281595161931,,,18.40513800254681,17.28312538528673,16.645110462307084,15.411813229287985,"rgba(38, 166, 154, 0.5)",0.0,0.0,1.9723525166263967,17.905212988026836,1.8333319756947397,0.0,0.0,0.0,0.0,0.0,0.0,0.0,0.0,56.152372329330454,11.31742436966325,False,True,True,False,False,15.788430539754689,0,1.0774996365169325,0.7615966399481093,False,False,False,False,0.23052966768371366,0.18683754978686562,False,False,False,False,1135039,-216446.4306254123,False,False,False,False,398683.305715421,False,False,False,False
2025-05-06 00:00:00+00:00,21.9492246914,22.108493442,21.6904129716,21.8994532068,404995,,,,,,,,,,,,,,20.892090049014833,18.920948610931777,18.68782267914925,17.99952192043929,17.878117029106203,17.635761170253197,17.53928401301916,,,18.45632988416375,17.315911795003988,16.6707741866135,15.431475859334766,"rgba(38, 166, 154, 0.5)",0.0,0.0,1.9909476591399244,17.9433192422217,2.01205964947809,0.0,0.0,0.0,0.0,0.0,0.0,0.0,0.0,59.38028886397911,11.31742436966325,False,True,True,False,True,17.451565399480312,0,1.0775313451981927,0.7619893201740999,False,False,False,False,0.2977547529677571,0.24229615137731136,False,False,False,False,1540034,-147564.84511069025,False,False,False,False,398930.8231383457,False,False,False,False
2025-05-07 00:00:00+00:00,21.7999102377,21.9989961759,21.5610071118,21.8695903161,546858,,,,,,,,,,,,,,20.977357841010228,18.984415243852744,18.751717767595288,18.06206930483771,17.93748308048356,17.690114389268608,17.58615247705867,,,18.52063178657546,17.358228503982687,16.704188315869263,15.457312024199464,"rgba(38, 166, 154, 0.5)",0.0,0.0,2.002558260169543,17.990597132914182,1.9022233612635622,0.0,0.0,0.0,0.0,0.0,0.0,0.0,0.0,60.708841807329875,11.31742436966325,False,True,True,False,True,16.53637525940867,0,1.0712392292674515,0.762146115175888,False,False,False,False,0.28301611231717694,0.2626561318472441,False,False,False,False,993176,-102829.91000831024,False,False,False,False,404731.88889762625,False,False,False,False
2025-05-08 00:00:00+00:00,21.3718754705,21.8993536638,21.3718754705,21.8397274253,742850,,,,,,,,,,,,,,21.042740941895712,19.059278236416098,18.827896908280206,18.1385537189492,18.01046518324998,17.757531584684937,17.64465738512626,,,18.597996786958653,17.411411326947736,16.74678364934328,15.490760882517547,"rgba(38, 166, 154, 0.5)",0.0,0.0,2.0084020553853836,18.046517130892468,1.6557234298236385,0.0,0.0,0.0,0.0,0.0,0.0,0.0,0.0,59.35991979086108,11.31742436966325,False,True,True,False,True,13.96038141736522,0,1.0589726684565133,0.766135859403116,False,False,False,False,0.26535868193189577,0.2640074068895699,False,False,False,False,250326,-88980.65863543533,False,False,False,False,417991.42266634677,False,False,False,False
2025-05-09 00:00:00+00:00,21.9691332852,21.9691332852,21.4714184396,21.650595784,498607,,,,,,,,,,,,,,21.097076508607348,19.112034292983083,18.881331626894074,18.191744250536406,18.061239330838642,17.804438914769783,17.68547474040956,,,18.65205377080845,17.44851600789755,16.77645573107184,15.513945216225574,"rgba(38, 166, 154, 0.5)",0.0,0.0,2.0223723181149986,18.08651245128664,1.9198348390825741,0.0,0.0,0.0,0.0,0.0,0.0,0.0,0.0,60.47873620808797,11.31742436966325,False,True,True,False,True,16.311949266569247,0,1.0746153123102253,0.7588015041503283,False,False,False,False,0.2756918323209122,0.26984961960524106,False,False,False,False,748933,-56121.2994732614,False,False,False,False,421152.81785590184,False,False,False,False
2025-05-12 00:00:00+00:00,19.9981824966,21.1678123838,19.9185481213,21.1230180477,762311,,,,,,,,,,,,,20.3615143339,21.024639349747527,19.147713673128262,18.920887723142386,18.23884789170077,18.107375485782214,17.8489772200944,17.725038571984165,,,18.695024129778684,17.48566308939059,16.808333933844462,15.54101354487627,"rgba(38, 166, 154, 0.5)",0.0,0.0,2.0009687679672687,18.113650062833564,0.9418100191942931,0.0,0.0,0.0,0.0,0.0,0.0,0.0,0.0,54.1903809344936,11.31742436966325,False,True,True,False,False,5.826493658860873,0,1.0287627728725406,0.758356087263443,False,False,False,False,0.12369584189010231,0.19677273074767168,False,False,False,False,-13378,-54445.09165078057,False,False,False,False,434531.57009684684,False,False,False,False
2025-05-13 00:00:00+00:00,19.8687766367,20.0280453873,19.6565510266,19.948411012,473177,,,,,,,,,,,,,20.166041127104616,20.957038101089935,19.159964292590175,18.936066545156397,18.260284626235205,18.12881740374144,17.870391696096643,17.74437208252486,,,18.712785356105773,17.504239749653703,16.825036015814167,15.555900800403792,#000000,0.0,0.0,1.977078600410203,18.12360037471307,0.8827045427656961,0.0,0.0,0.0,0.0,0.0,0.0,0.0,0.0,49.669053832714525,7.3628175994083165,False,True,False,False,False,5.20941979352013,0,1.0187297292751833,0.8057179729567194,False,False,False,False,0.03852589825051775,0.11764931449909471,False,False,False,False,-486555,-71390.57825271075,False,False,False,False,436047.0771518725,False,False,False,False
2025-05-14 00:00:00+00:00,19.5601934324,19.7692336676,19.271518822,19.6597364016,541611,,,,,,,,,,,,,19.97330525421732,20.868989576043656,19.16726803453005,18.94702298690414,18.279373304119964,18.1483157459643,17.890508085210886,17.762804156716868,,19.533648640666662,18.72697075220099,17.52231976261542,16.841947791603975,15.571565197172694,"rgba(239, 83, 80, 1.0)",0.0,0.0,1.942523108781475,18.265089131001748,0.6667124295940327,0.0,0.0,0.0,0.0,0.0,0.0,0.0,0.0,45.86145964578057,3.835852438978499,False,True,False,True,False,3.746544895828741,0,1.0075075883664506,0.8122451061819101,False,False,False,False,-0.03671278454643958,0.040468264976327564,False,False,False,False,-1028166,-108911.18302711425,False,False,False,False,440186.83883219125,False,False,False,False
2025-05-15 00:00:00+00:00,19.838913746,19.8488680429,19.4407418695,19.6796449954,520715,,,,,,,,,,,,,19.913525286595114,20.803903895189528,19.17726940231038,18.960230683636233,18.29969211341633,18.168873970245386,17.911416211974252,17.781895176646035,,19.619848683782596,18.743028180344965,17.540894552706046,16.859058510571906,15.587172661246452,"rgba(239, 83, 80, 1.0)",0.0,0.0,1.9117994477181144,18.27802145842985,0.816451897940026,0.0,0.0,0.0,0.0,0.0,0.0,0.0,0.0,44.45533884938555,2.520278733099879,False,True,False,True,False,4.924472102481243,0,0.9992851894156901,0.8263067452410117,False,False,False,False,-0.02292255387917318,0.008772855548577192,False,False,False,False,-507451,-124540.19545742351,False,False,False,False,443344.8059368112,False,False,False,False
2025-05-16 00:00:00+00:00,19.7990965583,19.8289594491,19.3212903065,19.4506961664,2898137,,,,,,,,,,,,,19.766417687978194,20.529165844906533,19.221260014229657,19.020863673829936,18.39862739284285,18.269999049242728,18.015939149325654,17.87857111400236,,19.64175297994799,18.818629058185945,17.63607607975639,16.948760607228387,15.670703946823147,"rgba(239, 83, 80, 1.0)",0.0,0.0,1.8749052881613921,18.325513573864356,0.7859506257410471,0.0,0.0,0.0,0.0,1.0,19.9583653089,19.8488680429,0.0,43.3989683410253,1.3907929165250934,False,True,False,True,False,4.73232985598764,0,0.9887253348898123,0.8291731246258138,False,False,False,False,-0.03233917729666328,-0.011783160874043044,False,False,False,False,-3405588,-253208.73681203436,False,False,False,False,539611.1664883088,False,False,False,False
2025-05-19 00:00:00+00:00,20.2470399194,20.2470399194,19.9583653089,19.9583653089,340078,,,,,,,,,,20.15081504923333,,,19.790031199724776,20.518884347032174,19.231305304203953,19.032403613917648,18.413566002366714,18.284950061483293,18.030896313243442,17.892287912170115,,19.682008568814236,18.831536304159844,17.649324307070174,16.96079264342813,15.681487104136751,"rgba(239, 83, 80, 1.0)",0.0,0.0,1.8534300847122203,18.3370671874004,1.030507030048645,0.0,0.0,0.0,0.0,1.0,20.177459384,19.8289594491,0.0,44.57125333085223,1.3907929165250934,False,True,False,True,False,6.6194608799418155,0,1.003564724182039,0.8245005792660383,False,False,False,False,0.03893411377086175,0.013575476448409353,False,False,False,False,-3065510,-363495.06085862126,False,False,False,False,531786.3364299438,False,False,False,False
2025-05-20 00:00:00+00:00,20.7148918743,20.7348004681,20.177459384,20.2370856225,383877,,,,,,,,,,20.35844436197221,,,19.838817599526003,20.51958372764662,19.24710555686389,19.049612417811208,18.433857872829666,18.30502588304101,18.05060238834173,17.9102238317267,,19.752514297463495,18.85004473859861,17.666426854759298,16.975919957063265,15.694657801955612,"rgba(239, 83, 80, 1.0)",0.0,0.0,1.8292011194956168,18.35468872670907,1.290291768595534,0.0,0.0,0.0,0.0,1.0,20.8044805465,20.2470399194,0.0,47.10857399302698,1.3907929165250934,False,True,False,True,False,8.522213460165247,0,1.0110141230233745,0.8011165706629879,False,False,False,False,0.06279754173142575,0.03818650908991755,False,False,False,False,-2681633,-454402.43102102826,False,False,False,False,525985.9702954362,False,False,False,False
2025-05-21 00:00:00+00:00,21.2225610168,21.3191176968,20.8044805465,20.8044805465,318040,,,,,,,,,21.11538642003333,20.5894798776376,,,19.903903117687612,20.53392102694969,19.265574941431613,19.06893523512994,18.454868518788466,18.325581089666926,18.070396889087082,17.92809583985362,,19.83916127178334,18.87016837838611,17.68323653019413,16.99035449067578,15.706799121267192,#000000,0.0,0.0,1.8113196841415402,18.37466164492996,1.5722787075103073,0.0,0.0,0.0,0.0,1.0,20.9239321094,20.7348004681,0.0,50.48800388188906,1.3907929165250934,False,True,False,False,True,10.509195031866295,0,1.0223142304386241,0.8053104989189172,False,False,False,False,0.1434520310875782,0.09081927008874788,False,False,False,False,-2363593,-529272.6494123605,False,False,False,False,517831.2263622819,False,False,False,False
2025-05-22 00:00:00+00:00,21.0334293754,21.202652423,20.9239321094,21.202652423,638514,,,,,,,,,21.07396815771586,20.765724030759333,,,20.010633942097435,20.557858548936775,19.300366492257066,19.105513751042288,18.495110998379616,18.365056192998498,18.10858101136703,17.962694625690258,,19.976596596726786,18.908421932765766,17.71589335613646,17.01860083910285,15.73073344130531,#000000,0.0,0.0,1.7942885744059123,18.41140400346971,1.4613175435274912,0.0,0.0,0.0,0.0,0.0,0.0,0.0,0.0,51.94728679219217,-5.616264163146781,False,True,False,False,True,9.54851093563624,0,1.0140128051111104,0.8100383690829585,False,False,False,False,0.13520498777078313,0.1130121289297655,False,False,False,False,-3002107,-626246.5455138366,False,False,False,False,522563.88415199635,False,False,False,False
2025-05-23 00:00:00+00:00,21.6804586747,21.7501387531,21.312149689,21.4017383612,612376,,,,,,,,21.5809157056,21.27183709487883,20.983442676514453,,,20.139038792358093,20.601162498696986,19.342151447248785,19.148514810563466,18.54027372380189,18.409078844356607,18.150693233881857,18.000707716522122,,20.133703880475483,18.952590284651563,17.751482150391553,17.048818732664735,15.755742935907902,"rgba(38, 166, 154, 0.5)",0.0,0.0,1.7940905724404923,18.454152362484148,1.7982962297311014,0.0,0.0,0.0,0.0,0.0,0.0,0.0,0.0,54.95621829433257,-2.5746706611418233,False,True,True,False,True,12.01860634984644,0,1.0093629721863528,0.808280900686694,False,False,False,False,0.21418656191247182,0.16359934542111865,False,False,False,False,-2389731,-695402.7986309411,False,False,False,False,526085.9279107417,False,False,False,False
2025-05-27 00:00:00+00:00,21.4614641427,21.8994532068,21.4515098458,21.5311442211,458072,,,,,,,,21.590854999839,21.346933101202367,21.086797677344645,,,20.223489617640343,20.63194457025009,19.372734097550797,19.180014376063223,18.57345313689763,18.44146427719746,18.181741195079812,18.028805408696307,,20.23406516211156,18.98497008361783,17.77783675515055,17.07127654165853,15.774385324698725,"rgba(38, 166, 154, 0.5)",0.0,0.0,1.7872397064425265,18.484866298421117,1.6654720872354354,0.0,0.0,0.0,0.0,0.0,0.0,0.0,0.0,55.98721209382374,-1.3977197073835725,False,True,True,False,True,10.898999487607863,0,1.000000000002885,0.8114982398282963,False,False,False,False,0.23904864014452334,0.20132399278282098,False,False,False,False,-2847803,-779810.6496650218,False,False,False,False,523418.71505149687,False,False,False,False
2025-05-28 00:00:00+00:00,21.7103215655,21.7999102377,21.3519668766,21.5510528149,263576,,,,,,,,21.5967582636769,21.378439146398442,21.133482357350427,,,20.268344439063352,20.64910304105817,19.390087589981427,19.197897283327475,18.592323715813194,18.459899311595265,18.199439937127213,18.044849291710687,,20.28646552677226,19.003361343240808,17.792903536346024,17.084145681641086,15.78508881562727,"rgba(38, 166, 154, 0.5)",0.0,0.0,1.7735645289782564,18.50212617302676,1.8088969079244432,0.0,0.0,0.0,0.0,0.0,0.0,0.0,0.0,57.465587609649575,0.2639539781757776,False,True,True,False,True,11.841275277221975,0,0.9995673892247795,0.8188283746496914,False,False,False,False,0.2218731425082112,0.2115985676455161,False,False,False,False,-2584227,-850572.0751683542,False,False,False,False,513228.8046573205,False,False,False,False
2025-05-29 00:00:00+00:00,21.6406414871,21.879544613,21.5211899241,21.8695903161,269346,,,,,,,,21.61081888032584,21.410216555367963,21.178345728741945,,,20.31319761665309,20.667073308769506,19.40801381476515,19.216346822099464,18.611743044384493,18.47887016679383,18.217651376141863,18.061368377653892,,20.33829445456594,19.02231479444816,17.808416920028876,17.09739369339024,15.796097737399867,"rgba(38, 166, 154, 0.5)",0.0,0.0,1.7658001015818936,18.519839908915138,1.7673583637180057,0.0,0.0,0.0,0.0,0.0,0.0,0.0,0.0,58.10625938970444,1.1785722175264013,False,True,True,False,True,11.478070817158336,0,0.9955063606751416,0.824463952309945,False,False,False,False,0.24336385108545758,0.22748120936548683,False,False,False,False,-2853573,-929121.131044105,False,False,False,False,503664.77310213144,False,False,False,False
2025-05-30 00:00:00+00:00,21.8646131676,21.8745924525,21.4953796271,21.6051517608,1240915,,,,,,,,21.6692995904036,21.51947302230556,21.33371152602714,,,20.49595865985235,20.747163070699884,19.48934562266524,19.30005381988736,18.699958156171494,18.565162681245518,18.300666490652684,18.136895470922113,,20.5439959971657,19.108313395188855,17.87948158124735,17.15829966699199,15.846840205518403,"rgba(38, 166, 154, 0.5)",0.0,0.0,1.7585743993270881,18.599163523573388,1.8568731839131318,0.0,0.0,0.0,0.0,1.0,22.3635774115,21.879544613,0.0,59.30626014519929,2.661249261579229,False,False,True,False,True,12.33765814461054,0,0.9990991827044157,0.8211744165793445,False,False,False,False,0.2406956923690154,0.2340884508672511,False,False,False,False,-1612658,-955926.4984541401,False,False,False,False,532576.5467059695,False,False,False,False
2025-06-02 00:00:00+00:00,22.9922723588,23.2118166261,22.3635774115,22.3635774115,526664,,,,,,,22.855888798800002,21.85468768700515,21.682116948493864,21.492413423813414,,,20.6172469041977,20.811634888803887,19.53835030112709,19.34932238474476,18.74903392305931,18.612744112642464,18.34571810789359,18.17760731978813,,20.67910489464493,19.157889728506785,17.917320799718166,17.189814668175984,15.872123060222691,"rgba(38, 166, 154, 1.0)",0.0,0.0,1.7826506943674372,18.645818146279815,2.4381973575942197,0.0,0.0,0.0,0.0,0.0,0.0,0.0,0.0,63.17275213713681,6.586420201343344,True,False,True,False,True,16.410914326294215,0,1.0070846531211481,0.8001565600316948,False,False,False,False,0.3428282381778145,0.28845834452253283,False,False,False,False,-1085994,-961027.1847892719,False,False,False,False,532344.6821292648,False,False,False,False
2025-06-03 00:00:00+00:00,23.8405115734,23.880428713,22.7766200126,23.2517337656,926148,,,,,,,23.265982552179697,22.20912453898257,22.00244191443705,21.803335407903386,,,20.85612364142983,20.948757736432793,19.637207888974043,19.448030768517427,18.84566728737102,18.70621119464658,18.43381466238946,18.257135218842286,,20.94191381510025,19.25658648922077,17.99097267657634,17.250593897458256,15.920198694356465,"rgba(38, 166, 154, 1.0)",0.0,0.0,1.829066762450407,18.738470493427247,2.7894231007388335,0.0,0.0,0.0,0.0,0.0,0.0,0.0,0.0,67.35852348359069,10.647080203133228,True,False,True,False,True,19.195244414924225,0,1.0186982258137645,0.7835334930668507,False,False,False,False,0.34282823989897687,0.3156432922107548,False,False,False,False,-159846,-929608.3147975358,False,False,False,False,547787.9494967447,False,False,False,False
2025-06-04 00:00:00+00:00,24.3893722417,24.5228950734,23.9003872827,23.9502837071,515578,,,,,,24.270884865933336,23.529195393700164,22.429999263714375,22.205165585147046,21.999266127635362,,,21.00674006964347,21.040510634187775,19.700707366189334,19.511057576935347,18.906419202079334,18.76484114387057,18.48883899718519,18.30675332195153,,21.10609998251593,19.31925445576981,18.036765090825,17.288040755020603,15.949398672660228,"rgba(38, 166, 154, 1.0)",0.0,0.0,1.882235058350606,18.797170105750542,2.9710434470654676,0.0,0.0,0.0,0.0,0.0,0.0,0.0,0.0,71.00304730259671,14.087439805662584,True,False,True,False,True,20.0,0,1.0443792432617554,0.7742383091232079,False,False,False,False,0.34282824204083145,0.32923576712579317,False,False,False,False,355732,-879202.8122564559,False,False,False,False,546524.8142223626,False,False,False,False
2025-06-05 00:00:00+00:00,24.6787715032,25.3074664505,24.4991443754,25.0779428983,491699,,,,,,24.543063737866436,23.78888009998182,22.65232919884143,22.41118482418437,22.19842654014142,,,21.161009986610985,21.13772303629636,19.76685851005831,19.57651313460807,18.968994912071942,18.825162993649926,18.545325055848398,18.357669657642788,,21.273320011921633,19.384145334824566,18.083669474475286,17.32620503543813,15.978909850713457,"rgba(38, 166, 154, 1.0)",0.0,0.0,1.9411945529963535,18.857804295703303,2.998652143604913,0.0,0.0,0.0,0.0,0.0,0.0,0.0,0.0,73.85020607221799,16.747654846843673,True,False,True,False,True,20.0,0,1.051283706933771,0.764153884601437,False,False,False,False,0.34282824332270306,0.33603200522424814,False,False,False,False,847431,-811491.6823640459,False,False,False,False,544374.7822920739,False,False,False,False
2025-06-06 00:00:00+00:00,23.880428713,24.698730073,23.8604701432,24.6488336486,445926,,,,,,24.421388433674466,23.84376322199931,22.768202939858693,22.526565495865146,22.315333833809582,,,21.26644691453269,21.206159084776793,19.817506814346235,19.626968568524006,19.01813998105275,18.872743578557568,18.590223224216516,18.39836916841067,,21.385796021945623,19.434480228470054,18.12140631935832,17.357368231870435,16.00345535902682,"rgba(38, 166, 154, 1.0)",0.0,0.0,1.9697819715270026,18.904140367525514,2.5263142913308307,0.0,0.0,0.0,0.0,0.0,0.0,0.0,0.0,71.79788659014108,16.747654846843673,True,False,True,False,True,17.567886464507072,0,1.0404260722433436,0.776105323938098,False,False,False,False,0.2750834369900606,0.3055577211071544,False,False,False,False,401505,-763923.1850164362,False,False,False,False,540514.0457316005,False,False,False,False
2025-06-09 00:00:00+00:00,24.1897865442,24.2995586778,23.8504908583,24.0700351256,472645,,,,,,24.345771599855663,23.88146608052782,22.87036410785042,22.63102293213815,22.422855133759814,,,21.36916461859165,21.274594064956485,19.869523737366887,19.67886026308545,19.06889004831996,18.921942651583592,18.636752213582337,18.440641134950802,,21.494455838704734,19.486313899596603,18.1606767976734,17.38992895783228,16.029205423610048,"rgba(38, 166, 154, 1.0)",0.0,0.0,1.984827392791264,18.95158495272908,2.6391219762966065,0.0,0.0,0.0,0.0,0.0,0.0,0.0,0.0,71.07273295044078,16.747654846843673,True,False,True,False,True,18.536139293832036,0,1.0383968648704474,0.7928146576593936,False,False,False,False,0.25341589779591056,0.2794868094515325,False,False,False,False,874150,-699685.0208981446,False,False,False,False,537852.5145264397,False,False,False,False
2025-06-10 00:00:00+00:00,23.7806358642,24.2496622534,23.6010087364,24.1398901198,389510,,,,,,24.266927902699862,23.881015001588736,22.929666528396453,22.695147623838665,22.49115927782094,,,21.44158458715939,21.324121555743424,19.909120227510726,19.7185007892811,19.108036952801193,18.959985702112082,18.672883490088225,18.473579619518894,,21.570195027191893,19.52603823593873,18.19138626933771,17.41559315601455,16.04968725726804,"rgba(38, 166, 154, 0.75)",0.0,0.0,1.9909471642925158,18.987675147508874,2.407377153272828,0.0,0.0,0.0,0.0,0.0,0.0,0.0,0.0,68.73430438769344,16.747654846843673,True,False,True,False,False,16.45529811943073,0,1.029840585898679,0.7974165517664218,False,False,False,False,0.23770898915830893,0.2585978993049207,False,False,False,False,484640,-653240.9024315507,False,False,False,False,532035.1610155989,False,False,False,False
2025-06-11 00:00:00+00:00,24.0301179861,24.1299108349,23.6808430154,23.7806358642,292622,,,,,,24.23102638355216,23.885766823657466,22.972777076470656,22.741741904955912,22.54077715162041,,,21.494780915535046,21.361091479975123,19.93887112413742,19.748284059161843,19.137454222641132,18.988584332552588,18.700061260471745,18.498380026101096,,21.625630242181895,19.555883350821805,18.21452158087834,17.434947373342233,16.065140877113073,"rgba(38, 166, 154, 0.75)",0.0,0.0,2.0125697725230425,19.01474647270847,2.4920236713602466,0.0,0.0,0.0,0.0,0.0,0.0,0.0,0.0,67.78498725747735,16.747654846843673,True,False,True,False,False,17.25459297076213,0,1.0433251864073017,0.7906898278334503,False,False,False,False,0.235623565058126,0.24711073218152335,False,False,False,False,777262,-597142.7493950193,False,False,False,False,522646.4096032225,False,False,False,False
2025-06-12 00:00:00+00:00,24.4392686661,24.6786717103,24.3294965325,24.369413672,241758,,,,,24.48247896963333,24.25235840576115,23.919295762307062,23.023846187522924,22.793675375172175,22.593955315756666,,,21.546288061762997,21.397022600399396,19.966362110429372,19.775673968638568,19.16416593129942,19.014490894483618,18.724574795055066,18.52069792405327,,21.679639974628685,19.58320871568142,18.235268182865674,17.45215895142653,16.07872715005675,"rgba(38, 166, 154, 0.75)",0.0,0.0,2.0364578459065372,19.03965187351279,2.651474865262212,0.0,0.0,0.0,0.0,0.0,0.0,0.0,0.0,68.10816827015124,16.747654846843673,True,False,True,False,False,18.54445655372571,0,1.051659180986883,0.7727512607979313,False,False,False,False,0.2991539566694656,0.2731323444254945,False,False,False,False,1019020,-533763.818046195,False,False,False,False,511631.17785407655,False,False,False,False
2025-06-13 00:00:00+00:00,25.0779428983,25.3972800144,24.6089165091,24.6089165091,560397,,,,,24.86362026116328,24.37982939044049,24.047066139517266,23.169572672453377,22.938200512408073,22.739257298711745,,,21.680079077707727,21.49139188610485,20.036370615502594,19.845181095774212,19.231316541530735,19.07951200537266,18.785914875773553,18.576472356563187,,21.820215962004276,19.652323488035073,18.28698882741643,17.49480516587925,16.112085814494872,"rgba(38, 166, 154, 0.75)",0.0,0.0,2.0742852855658933,19.46618773931103,2.7053921647320593,0.0,0.0,0.0,0.0,0.0,0.0,0.0,0.0,69.63753732168949,16.747654846843673,True,False,True,False,False,20.0,0,1.054381421770706,0.7566892070720375,False,True,False,False,0.3428282434860508,0.30798029395577264,False,False,False,False,1579417,-450893.9820443834,False,False,False,False,513543.5630362696,False,False,False,False
2025-06-16 00:00:00+00:00,24.4791858056,25.0979014681,24.3796923354,25.0979014681,418300,,,,,24.79117838354461,24.409595514058694,24.095000374999046,23.245900973739776,23.017146145509894,22.820860972961565,,,21.762952287164868,21.551544639166803,20.083538078759435,19.892200621123088,19.277261225776314,19.1241282989957,18.828218836109645,18.615096254407497,,21.906268598649653,19.69925309567748,18.32296079299937,17.524753773005454,16.135781580722742,"rgba(38, 166, 154, 0.75)",0.0,0.0,2.0747210968993985,19.499166901756478,2.400331741594566,0.0,0.0,0.0,0.0,0.0,0.0,0.0,0.0,67.86752372597616,16.747654846843673,True,False,True,False,False,17.445690096106887,0,1.0592066099077062,0.7698625757294626,False,False,False,False,0.3142067883080319,0.31109354113190224,False,False,False,False,1161117,-387677.8651014664,False,False,False,False,509808.5213485728,False,False,False,False
2025-06-17 00:00:00+00:00,24.4891650905,24.5889579393,24.2097451139,24.5390615149,261684,,,,,24.7272838623959,24.410855518947972,24.110782293321215,23.28282309569616,23.05669498826791,22.862667833954507,,,21.808664588456132,21.585401826544,20.11114219740972,19.919794591658153,19.3044338346578,19.150567127768934,18.853373524566603,18.638127030232212,,21.95333342059741,19.726864823680796,18.344472954690122,17.542780067616878,16.150152296937907,"rgba(38, 166, 154, 0.75)",0.0,0.0,2.0655483303881828,19.518545551212462,2.406440685100502,0.0,0.0,0.0,0.0,0.0,0.0,0.0,0.0,66.71255776158803,22.71074954306536,True,False,True,False,False,17.476820120969247,0,1.0648810085068872,0.7759035357483341,False,False,False,False,0.2781589205215849,0.29462623082674355,False,False,False,False,1422801,-316678.69392101676,False,False,False,False,500078.14796235424,False,False,False,False
2025-06-18 00:00:00+00:00,24.5091236603,24.778564352,24.2082482212,24.3494551022,541785,,,,,24.666079546769804,24.42112413564549,24.145317745641734,23.35659554719294,23.13572212532498,22.94621062826545,,,21.900872671474545,21.654676308859827,20.168093294322308,19.976733459778888,19.360539404453363,19.20518479295202,18.905380677898144,18.685798420015765,,22.047980943747284,19.7838473912252,18.389035213108773,17.580176638695278,16.17999532036874,"rgba(38, 166, 154, 0.75)",0.0,0.0,2.059747878094944,19.56381027199271,2.4009314153930315,0.0,0.0,0.0,0.0,0.0,0.0,0.0,0.0,65.99730567335003,21.7380892535962,True,False,True,False,False,17.5402464090552,0,1.084948808662526,0.7462357660081562,False,False,False,False,0.2847578684667812,0.2896920496467624,False,False,False,False,1964586,-227217.33337509457,False,False,False,False,501713.71078736,False,False,False,False
2025-06-20 00:00:00+00:00,24.6488336486,24.8683779159,24.2496622534,24.4642168783,680037,,,,,24.6466837246485,24.44261029227558,24.18991534534342,23.44381052376409,23.229257264977175,23.04516313301644,,,22.011757853182505,21.73971784629851,20.23896594393344,20.047616455034735,19.430477483065953,19.273323834464136,18.97035061799504,18.745460746801133,,22.161289615225186,19.85480667834872,18.444877091475412,17.627156079356883,16.21755643437947,"rgba(38, 166, 154, 0.75)",0.0,0.0,2.058352900788417,19.62388949781382,2.4412452057474985,0.0,0.0,0.0,0.0,0.0,0.0,0.0,0.0,65.92552715237946,21.33407037017804,True,False,True,False,False,17.98925545048277,0,1.0729997073389579,0.7495668781612713,False,False,False,False,0.2840917706559665,0.28689191015136445,False,False,False,False,2644623,-114596.14383097323,False,False,False,False,508706.78095256153,False,False,False,False
2025-06-23 00:00:00+00:00,24.9082950554,25.3573628749,24.6687922183,24.6687922183,342774,,,,,24.683975460899298,24.47507330849378,24.22792946227804,23.496658356561376,23.284212789510683,23.10212318916707,,,22.07218010679904,21.786345221174233,20.276954700511773,20.085517358879798,19.467631956755888,19.309486900839154,19.004768668844545,18.77705147465017,,22.223212266017345,19.892660865491635,18.47440363912301,17.651908739677967,16.237236574825864,"rgba(38, 166, 154, 0.75)",0.0,0.0,2.075059104336861,19.658692546681884,2.529856859376429,0.0,0.0,0.0,0.0,0.0,0.0,0.0,0.0,66.62445052629889,21.33407037017804,True,False,True,False,False,18.821178558189047,0,1.0831650363590042,0.7746180559701946,False,False,False,False,0.3428282409309979,0.3148600755411812,False,False,False,False,2987397,7050.6461231825815,False,False,False,False,502199.6130720689,False,False,False,False
2025-06-24 00:00:00+00:00,24.2297036837,24.5091236603,23.8205530037,24.4791858056,358344,,,,,24.631617897744835,24.457873609324547,24.225939032566828,23.520633388718835,23.312909269310698,23.134528867390355,,24.1864601159,22.116263220984013,21.821936377567578,20.309444075813634,20.11821041429787,19.500441228661995,19.341593691898858,19.035617689076542,18.805563695803254,,22.267316863981726,19.925572752219324,18.5012644764245,17.674831015580832,16.255861429683375,"rgba(38, 166, 154, 0.5)",0.0,0.0,2.0681316845995608,19.684046526982595,2.197953442987626,0.0,0.0,0.0,0.0,0.0,0.0,0.0,0.0,63.496488254650075,18.477597398423597,False,False,True,False,False,15.304401150743534,0,1.0298483493272335,0.8128739356679106,False,False,False,False,0.23215897704538302,0.27350952629328207,False,False,False,False,2629053,109874.26784384208,False,False,False,False,496558.2164810074,False,False,False,False
2025-06-25 00:00:00+00:00,23.7008015852,24.1997658291,23.6259569486,24.0999729803,732602,,,,,24.49184211479929,24.391006598342436,24.191646493777377,23.54196518571444,23.345222870061658,23.17527491291953,,23.955262494698932,22.1868246855273,21.881380651792586,20.368461663520787,20.177931009207025,19.561291674287872,19.401362814352453,19.093416361956837,18.859258567445206,,22.336470708151047,19.98600039769869,18.552121978302196,17.718745182778783,16.292026692053092,"rgba(38, 166, 154, 0.5)",0.0,0.0,2.0480572855225208,19.72811702981523,1.9397331234175998,0.0,0.0,0.0,0.0,0.0,0.0,0.0,0.0,59.128515052785275,14.262537054532359,False,False,True,False,False,12.690217904336325,0,1.0021395920033205,0.8470955718745676,False,False,False,False,0.20044049234486144,0.23697500931907176,False,False,False,False,1896451,179936.1004774169,False,False,False,False,505814.83544253657,False,False,False,False
2025-06-26 00:00:00+00:00,23.7806358642,24.0500765559,23.6109880213,23.8504908583,311516,,,,,24.444375174135743,24.365532121330613,24.17781874019025,23.549425996633865,23.35708238679313,23.19053730573891,,23.923862975093947,22.21462718867927,21.90526115395292,20.392764305934644,20.20255733282262,19.586485129753218,19.426140649576116,19.117430529468916,18.88161768137303,,22.363551393485878,20.01094974259762,18.573341207620484,17.737144027697997,16.307243363374017,"rgba(38, 166, 154, 0.5)",0.0,0.0,2.021409159587809,19.746901228747394,1.9955062617185018,0.0,0.0,0.0,0.0,0.0,0.0,0.0,0.0,56.538602396225286,11.852028215118821,False,True,True,False,False,12.966809684088798,0,1.0077996215823126,0.8541503623288998,False,False,False,False,0.1901656332064149,0.21357032126274333,False,False,False,False,2207967,259466.72398810647,False,False,False,False,498195.27326831943,False,False,False,False
2025-06-27 00:00:00+00:00,23.0321894983,23.4912366027,22.7727280915,23.4513194632,592459,,,,,24.286243269516476,24.26741825166501,24.10758236999442,23.52707461647315,23.345219497265916,23.18654536547377,23.09871806416667,23.678808394595237,22.24245390203233,21.932665265725625,20.428583848226097,20.23938900826419,19.625616741418494,19.464947678330837,19.155581082118992,18.917503490666288,,22.388316199954083,20.04875662646723,18.60778504993541,17.76774885441065,16.333272990879625,#000000,0.0,0.0,1.997902110984189,20.021392395341444,1.5069792891281362,0.0,0.0,0.0,0.0,0.0,0.0,0.0,0.0,51.94854140409092,7.62146312815586,False,True,False,False,False,9.383488691929792,0,0.963356484602574,0.8678986130208645,False,False,False,False,0.10434568025713813,0.15895800075994074,False,False,False,False,1615508,312644.8132434748,False,False,False,False,501891.89000289515,False,False,False,False
2025-06-30 00:00:00+00:00,23.6409258759,23.7357290822,23.0321894983,23.062127353,407937,,,,,24.225113390587914,24.227027238267716,24.080217487402223,23.52517736001196,23.3490317277776,23.19477287034432,23.249960681485067,23.64329327063486,22.268484839522923,21.956586893425253,20.45605107669091,20.267429144611416,19.654881396844097,19.49387393937698,19.183858487724283,18.944020177156222,,22.412827785296585,20.077355571140707,18.63313174323368,17.790071508506145,16.352056196611464,#000000,0.0,0.0,1.9809940557600683,20.048972191155283,1.813207704637233,0.0,0.0,0.0,0.0,0.0,0.0,0.0,0.0,51.37168604942817,7.184747828193352,False,True,False,False,False,11.52925759132653,0,0.9654055933085284,0.8830502820968574,False,False,False,False,0.13506132295788792,0.14700966185891434,False,False,False,False,2023445,379735.0166456915,False,False,False,False,498207.38451258553,False,False,False,False
2025-07-01 00:00:00+00:00,23.5910294515,24.0899936954,23.4912366027,23.9303251374,398405,,,,,24.190980070912126,24.20333109434655,24.065898450174803,23.531391267564782,23.35993090890603,23.209383325361607,23.385000712106105,23.65478396597211,22.29802802598606,21.983051792739364,20.484626867820555,20.2964873611781,19.684913407483435,19.52350634055453,19.21273828000715,18.9710602763,,22.441228933851807,20.106889335831085,18.658921476486643,17.81267376489714,16.37095776872541,#000000,0.0,0.0,1.971473745205972,20.078066477142976,1.7818969098114987,0.0,0.0,0.0,0.0,0.0,0.0,0.0,0.0,50.79293864890064,6.590074921841463,False,True,False,False,False,11.293231162748036,0,0.9891321784454223,0.8610911293248467,False,False,False,False,0.18519825766096737,0.16610395975994086,False,False,False,False,1625040,428570.5061889977,False,False,False,False,494293.565512092,False,False,False,False
2025-07-02 00:00:00+00:00,23.8305322886,23.960262992,23.5311537422,23.6708637305,559246,,,,,24.154583152101313,24.17669712494982,24.050303113704985,23.541582462642467,23.376159026398557,23.23044339967,23.49609957379113,23.674620719045596,22.338913204722097,22.01991851801018,20.524511204666265,20.33704405447386,19.72684113792942,19.56489399951113,19.25310443119251,19.008897836380534,,22.480553888345327,20.148109135725687,18.695037445342795,17.84437725518841,16.39750614118559,#000000,0.0,0.0,1.967267694092663,20.115442924560035,1.8884513659201967,0.0,0.0,0.0,0.0,0.0,0.0,0.0,0.0,51.37601133109522,6.590074921841463,False,True,False,False,False,12.13314465190053,0,0.9858159536387104,0.8910880569398291,False,False,False,False,0.1796207286021991,0.17286234418107,False,False,False,False,2184286,497422.09418158606,False,False,False,False,496840.7198057355,False,False,False,False
2025-07-03 00:00:00+00:00,24.11993155,24.11993155,23.7008015852,23.8305322886,236651,,,,,24.148372511397007,24.17167153408194,24.048753804570058,23.549243883851318,23.38601402945391,23.242094207194594,23.548301723047434,23.694725675462017,22.357929559626857,22.036846985002484,20.54215173464644,20.35493542833443,19.745216514233157,19.583012231808997,19.27074093272634,19.025415538814865,,22.499047837810473,20.16625036623686,18.71078156307388,17.85815470859326,16.408995620195604,#000000,0.0,0.0,1.9657625021465845,20.13262512310057,2.0283764811595235,0.0,0.0,0.0,0.0,0.0,0.0,0.0,0.0,52.89177917139264,6.590074921841463,False,True,False,False,False,13.138751765634517,0,0.9821625154105923,0.8731217332626903,False,False,False,False,0.20012852913470858,0.18649543665788929,False,False,False,False,2420937,572854.0512725043,False,False,False,False,486637.2013819812,False,False,False,False
2025-07-07 00:00:00+00:00,24.5191029451,24.5191029451,23.6509051608,24.0201387013,671934,,,,,24.155842502823518,24.175600849367942,24.05944119373956,23.581395427158697,23.42336571834743,23.283826869725807,23.70802126326282,23.77892853278139,22.417544047722792,22.089328055727407,20.594836029285307,20.408221471758047,19.79955883887613,19.636528299810493,19.322722425741564,19.074053937902573,,22.557596506024503,20.220144733304625,18.7570700363613,17.898519050081983,16.442497987712894,"rgba(38, 166, 154, 0.5)",0.0,0.0,1.973611446480601,20.185406796775602,2.1958203353818018,0.0,0.0,0.0,0.0,0.0,0.0,0.0,0.0,55.335541894140235,6.590074921841463,False,True,True,False,True,14.500798963016777,0,0.9969532960262381,0.8454504302551841,False,False,False,False,0.22206270253940003,0.20427906959864467,False,False,False,False,3092871,671678.2453402492,False,False,False,False,493903.7425042564,False,False,False,False
2025-07-08 00:00:00+00:00,22.9922723588,24.5490407998,22.7727280915,24.5490407998,682340,,,,,24.094603077752748,24.128148642034258,24.024278562237683,23.574830746312006,23.423995924147032,23.290170901937394,23.656108504701464,23.731948245280776,22.44951451126691,22.121327968540413,20.635495865930242,20.44994988124692,19.84378762674785,19.680474177088282,19.366066947225455,19.11508101990111,,22.586838013405167,20.26290893623225,18.79660150498788,17.93392793550555,16.47279768093059,#000000,0.0,0.0,1.9582355560877431,20.21446926084952,1.4185234709455026,0.0,0.0,0.0,0.0,0.0,0.0,0.0,0.0,51.1229660049309,6.590074921841463,False,True,False,False,False,7.4180600985012966,0,0.967864363385825,0.8552922528726594,False,False,False,False,0.1691151996125834,0.18669713460561405,False,False,False,False,2410531,739868.5494445531,False,False,False,False,501293.3996609523,False,False,False,False
2025-07-09 00:00:00+00:00,23.471278033,23.6409258759,22.8326038008,23.0321894983,425672,,,,,24.05520507801462,24.096770151307215,24.000093044862545,23.567613670870475,23.42114529769774,23.290790662240408,23.619569981097303,23.698935974802193,22.466104440731794,22.138737729084657,20.65918900252804,20.4743560846911,19.86991251654937,19.706497238489494,19.391844182936016,19.139569326277275,,22.601617818399802,20.288004035503555,18.820281417582557,17.95530025340178,16.49123563322195,#000000,0.0,0.0,1.9463413160874192,20.231034583224183,1.6647868608623235,0.0,0.0,0.0,0.0,0.0,0.0,0.0,0.0,50.0577258755929,5.809916797173464,False,True,False,False,False,9.08785636217831,0,0.983130867736531,0.8742488017002592,False,False,False,False,0.11709142832131479,0.15189428146346443,False,False,False,False,2836203,822077.7435839823,False,False,False,False,498327.85457620904,False,False,False,False
2025-07-10 00:00:00+00:00,23.2317751959,23.8604701432,22.9323966496,23.8604701432,414500,,,,,24.021735998610275,24.069421638225027,23.978931374617723,23.5616616915436,23.419169644218186,23.29199811900987,23.593314203419595,23.67335799290043,22.482146573117394,22.15558201250036,20.68208825358134,20.497944356862664,19.895170202077598,19.731665931934103,19.416791606652303,19.163292285516057,,22.61596009247817,20.31225844433277,18.843237645469483,17.976051648096643,16.509164073717933,#000000,0.0,0.0,1.9277865297825978,20.247779573192958,1.5478869556389916,0.0,0.0,0.0,0.0,0.0,0.0,0.0,0.0,48.58401499574563,4.335498865591234,False,True,False,False,False,8.041042291876881,0,0.9988130933601242,0.8576042161750431,False,False,False,False,0.13658802736601772,0.14424115441474106,False,False,False,False,2421703,884808.1457963751,False,False,False,False,495040.48773008323,False,False,False,False
2025-07-11 00:00:00+00:00,23.551112312,23.6708637305,23.1220030622,23.5111951725,543725,,,,,23.98848549782043,24.041241073501347,23.957456443560428,23.557867011879182,23.420078497934327,23.296718732234257,23.577296191922976,23.654016215527037,22.504818126736783,22.178895403887495,20.71271917542923,20.529440813907456,19.928756546395434,19.76511563753395,19.449917455370443,19.194790498788425,,22.636591009071697,20.344593902078774,18.873703885396335,18.00356654720897,16.53290429191653,#000000,0.0,0.0,1.9141270172444533,20.271735256741675,1.7132494477713736,0.0,0.0,0.0,0.0,0.0,0.0,0.0,0.0,48.78859331502394,4.335498865591234,False,True,False,False,False,9.156269508508512,0,1.0075437995815617,0.8607740130669176,False,False,False,False,0.1365880273598968,0.14041459088731895,False,False,False,False,2965428,966401.0812553408,False,False,False,False,496949.68428968784,False,False,False,False
2025-07-14 00:00:00+00:00,23.5910294515,24.0999729803,23.5111951725,23.7606772944,416008,,,,,23.977683313501274,24.03094067154851,23.950750825184716,23.562255413431604,23.42747506870875,23.30661555948722,23.589488926855385,23.658948762369604,22.526505375707472,22.200066933670705,20.738104425289873,20.55540644603894,19.956082267628695,19.79226101390463,19.476684317940798,19.220179082018685,,22.657024047376876,20.37112658234704,18.89818382670912,18.02552863919011,16.551705601031294,#000000,0.0,0.0,1.9016634852755885,20.293628852201397,1.7339558890571762,0.0,0.0,0.0,0.0,0.0,0.0,0.0,0.0,49.07614501786996,4.335498865591234,False,True,False,False,False,9.295852145642751,0,1.0287490425697183,0.8517808825707271,False,False,False,False,0.18705995198960498,0.16373727143846195,False,False,False,False,3381436,1061108.3329708176,False,False,False,False,493775.50059205305,False,False,False,False
2025-07-15 00:00:00+00:00,23.5311537422,23.6108882284,23.1569305593,23.4612987481,566892,,,,,23.94789240016713,24.00481145047294,23.93040430393775,23.558012282670955,23.427646622866092,23.31039598432082,23.574492142568698,23.641445388035397,22.54778710580704,22.22252261725417,20.76860976506433,20.58683175053055,19.989775639997156,19.82587951964688,19.510083791828354,19.252044904676776,,22.676223954883135,20.403443171279093,18.92909593678165,18.053622483468327,16.57610119185513,#000000,0.0,0.0,1.8824335336143732,20.31788170012171,1.7069776885607413,0.0,0.0,0.0,0.0,0.0,0.0,0.0,0.0,49.02761151996093,4.098695376208866,False,True,False,False,False,9.023217238234917,1,1.0062989060135936,0.8662059495206466,False,False,False,False,0.13505521740437318,0.14939624442141758,False,False,False,False,2814544,1129870.51599157,False,False,False,False,496642.8142943255,False,False,False,False
2025-07-16 00:00:00+00:00,23.3315680447,23.5760605242,23.0022516437,23.5411330271,330251,,,,,23.927988225897725,23.987396310615978,23.916369072477178,23.55323275090098,23.425433543639613,23.31027432786349,23.560152826565066,23.626844447507118,22.557980725048814,22.233869684559785,20.78521513059073,20.604004687534854,20.008376775382043,19.84448582607343,19.528647712301268,19.269818539324255,,22.685134412373113,20.421164520798705,18.946397718014204,18.06946342902961,16.589966304468327,"rgba(239, 83, 80, 1.0)",0.0,0.0,1.868644716096575,20.330691533893607,1.605910682194818,0.0,0.0,0.0,0.0,0.0,0.0,0.0,0.0,48.17104818713987,2.9602029627336677,False,True,False,True,False,8.10894466371316,1,0.9941267089878781,0.8801484687449427,False,False,False,False,0.12347827593275633,0.13643726017708696,False,False,False,False,2484293,1182985.1232075868,False,False,False,False,490117.6451063127,False,False,False,False
2025-07-17 00:00:00+00:00,23.0222102135,23.0722064307,22.652976673,22.9523552193,400263,,,,,23.89147404287109,23.95609609550958,23.889944918154608,23.539058654132763,23.41467302518806,23.30225167454179,23.52134745414182,23.591484192545828,22.563737883345723,22.24243805959857,20.801998905403444,20.621582967648354,20.02802460268951,19.86427473016647,19.548620109449203,19.289102654553833,,22.689039659300015,20.43950558012766,18.965336044318875,18.087122924352208,16.60572879997216,"rgba(239, 83, 80, 1.0)",0.0,0.0,1.844666519405524,20.560862850740957,1.3343047845592462,0.0,0.0,0.0,0.0,0.0,0.0,0.0,0.0,46.371584972023626,0.9818788546563582,False,True,False,True,False,6.702835185474971,1,0.9661818640056015,0.9082576617843151,False,False,False,False,0.07172149085253539,0.10407937551481117,False,False,False,False,2084030,1218320.2164151326,False,False,False,False,486593.93353351613,False,False,False,False
2025-07-18 00:00:00+00:00,23.0920652076,23.2716923354,22.9124380798,23.141961632,389154,,,,,23.864386270994242,23.932236712420426,23.869971320719507,23.52959959913772,23.408183704244422,23.29817623818104,23.497602389923244,23.568451101527838,22.57187527351627,22.25269200594502,20.81940501911764,20.639712491870633,20.04802474488575,19.884368764038165,19.56881841204147,19.30855876655032,,22.69556627380461,20.45833190534729,18.984390162566413,18.104791606684312,16.62140468345379,"rgba(239, 83, 80, 1.0)",0.0,0.0,1.814258809512003,20.577177465517302,1.3861791542074147,0.0,0.0,0.0,0.0,0.0,0.0,0.0,0.0,45.54053512542529,-0.03218951046599017,False,True,False,True,False,6.968048040165691,1,0.9612429029922333,0.9161963100813084,False,False,False,False,0.09949925047927916,0.10178931299704516,False,False,False,False,2473184,1267530.5608694414,False,False,False,False,482772.7596694567,False,False,False,False
2025-07-21 00:00:00+00:00,23.71078087,23.8904079978,23.5311537422,23.5411330271,342355,,,,23.71078087,23.859939866498785,23.926984431315297,23.866541033837027,23.532910943117933,23.41344540631812,23.305096347903913,23.5074946068015,23.574000748256196,22.587101062985145,22.268010464341167,20.83861023415283,20.659411962851152,20.06893767977908,19.905210635433875,19.589485442964527,19.328283486697746,,22.709826449047448,20.478513840662487,19.003511011110092,18.12214825350017,16.636445567872677,"rgba(239, 83, 80, 0.75)",0.0,0.0,1.7903882061155603,20.603964962314247,1.7352750074389311,0.0,0.0,0.0,0.0,0.0,0.0,0.0,0.0,47.95029950423999,-0.03218951046599017,False,True,False,True,True,9.274751185079818,1,0.9707323495900598,0.8980347106244521,False,False,False,False,0.17529029904552787,0.13853980602128652,False,False,False,False,2815539,1328236.774168679,False,False,False,False,477266.18085888977,False,False,False,False
2025-07-22 00:00:00+00:00,24.1698279744,24.2596415383,23.551112312,23.8305322886,392394,,,,23.86178208647574,23.864229681911898,23.92874543309057,23.869601728152393,23.54236182878442,23.424780523396386,23.318080561683214,23.532039231957945,23.591947549648324,22.608326204518526,22.288540876590844,20.86244739109417,20.683745771298167,20.09445376758607,19.93057548680612,19.614528792140987,19.352119537649948,,22.7301659489544,20.503336435386707,19.026542185355098,18.142909859605503,16.65429242799246,#000000,0.0,0.0,1.7736664157230426,20.63495008654532,1.9929778545272123,0.0,0.0,0.0,0.0,0.0,0.0,0.0,0.0,51.35936091422283,-3.146919085475652,False,True,False,False,True,10.919666727653492,1,0.9769975969966193,0.8848719071771761,False,False,False,False,0.19950471796341626,0.16902226199235137,False,False,False,False,3207933,1401950.3516522602,False,False,False,False,473937.8600408941,False,False,False,False
2025-07-23 00:00:00+00:00,23.7906151491,24.1798072593,23.6409258759,24.1798072593,370623,,,,23.864688181577485,23.864412778011413,23.927323807866173,23.869620596743417,23.548599135407898,23.432856901168396,23.32774832475581,23.547445882835614,23.602763463992307,22.626063956742332,22.306120779945463,20.883761460387994,20.705562901403656,20.117500138388586,19.953528652615535,19.637265007359073,19.373819407371297,,22.74697905999714,20.52564649505837,19.047566933872794,18.16197547655053,16.67078841470896,#000000,0.0,0.0,1.7569926662856026,20.657712891871537,1.7831049140641106,0.0,0.0,0.0,0.0,0.0,0.0,0.0,0.0,51.80457395548288,-2.702706993495582,False,True,False,False,True,9.144509449560367,1,0.9795874596851386,0.8919688980386874,False,False,False,False,0.20012852913470858,0.18457539556352998,False,False,False,False,2837310,1458238.965312956,False,False,False,False,469886.29690203554,False,False,False,False
2025-07-24 00:00:00+00:00,23.5610915969,23.6858326578,23.141961632,23.5710708817,339944,,,,23.77020059691868,23.853858151263527,23.91716434497428,23.861484332720934,23.547131436715194,23.433349121306858,23.329884690997336,23.544059414451823,23.597954838285595,22.636714747377038,22.317793697731364,20.90041608734306,20.722770169183317,20.136124340495066,19.97218204172827,19.6559196685464,19.391753423340948,,22.75653291858058,20.543389911755373,19.0650756380254,18.178111276458438,16.685000128639548,#000000,0.0,0.0,1.701435519306639,20.67056130224665,1.6988773667022563,0.0,0.0,0.0,0.0,0.0,0.0,0.0,0.0,51.06438065404234,-2.702706993495582,False,True,False,False,True,8.084324798890684,1,1.0136127110402637,0.8992262529927535,False,False,False,False,0.1387264787470169,0.16165093715527346,False,False,False,False,2497366,1498989.0451046047,False,False,False,False,464790.5205529361,False,False,False,False
2025-07-25 00:00:00+00:00,23.6010087364,23.8205530037,23.3315680447,23.4912366027,325989,,,,23.736001754492783,23.84723108221421,23.91032586163053,23.856267754930723,23.5477336638987,23.435680511476278,23.3336830320597,23.54555178896989,23.597521272850702,22.648140641496113,22.329931855723878,20.916933443852518,20.739792796516433,20.154434995850824,19.990500101403242,19.6742035477593,19.409312594160077,,22.766992110027786,20.560904029191008,19.082195606290473,18.193846063821052,16.698815818144737,#000000,0.0,0.0,1.6373611863572135,20.684583766459497,1.7811738755264745,0.0,0.0,0.0,0.0,0.0,0.0,0.0,0.0,50.75860188445033,-2.702706993495582,False,True,False,False,True,8.233611010488094,1,1.027300647417203,0.8608198577557024,False,False,False,False,0.15864651960983697,0.16014872838255523,False,False,False,False,2823355,1550924.9649044243,False,False,False,False,459347.3236685073,False,False,False,False
2025-07-28 00:00:00+00:00,23.3116094749,23.551112312,23.1020444925,23.4513194632,281024,,,,23.679256467835263,23.8363188777549,23.900078116853432,23.847729300455843,23.54462476940826,23.434182164415574,23.333529397830322,23.538626105990218,23.590129283034315,22.655068367542498,22.338057314321738,20.929623389869242,20.752964976430672,20.168867143040448,20.004999184296995,19.688779248372274,19.423386770161745,,22.772967454014342,20.574542953077582,19.095994996642123,18.206679469542653,16.710228665239843,#000000,0.0,0.0,1.5654083964266692,20.693416431701404,1.6725303436311565,0.0,0.0,0.0,0.0,0.0,0.0,0.0,0.0,49.18771468072931,-2.702706993495582,False,True,False,False,False,6.882182203520891,1,1.0336415085817887,0.8622414047707719,False,False,False,False,0.1259730908386401,0.14306090961059767,False,False,False,False,2542331,1589803.632947388,False,False,False,False,452354.2521520952,False,False,False,False
2025-07-29 00:00:00+00:00,23.4812573178,23.5810501666,23.2716923354,23.3814644691,240371,,,,23.65466162353161,23.829485781593498,23.893397273255857,23.842297979767512,23.543463055546543,23.4342986282045,23.334723971795132,23.536204921692867,23.586870843407862,22.661955315789413,22.345759008636637,20.94092486491229,20.764660245569257,20.181585421781953,20.01775756559753,19.701573564813618,19.43572242311608,,22.779101050026913,20.586620290893887,19.108068797573125,18.21786843901996,16.72014050963686,#000000,0.0,0.0,1.5361514897015822,20.702239511364343,1.809077962080106,0.0,0.0,0.0,0.0,0.0,0.0,0.0,0.0,49.04136956650001,-2.702706993495582,False,True,False,False,False,7.537395029207811,1,1.033756185357071,0.8633457971227959,False,False,False,False,0.13829771981558453,0.14067931471309109,False,False,False,False,2782702,1636583.9610670984,False,False,False,False,444041.1834402483,False,False,False,False
2025-07-30 00:00:00+00:00,22.9723137891,23.5307545708,22.89247951,23.3116094749,375588,,,,23.58107060234537,23.810972014993418,23.876332064954564,23.827647700175724,23.536121560707144,23.42913857148883,23.33137294735683,23.52055411512026,23.571482966793333,22.668273195007096,22.354215625517707,20.956200808436886,20.78062298311285,20.199375375858985,20.03570202468124,19.719735314943115,19.453354263979268,,22.784063338871018,20.603246029107833,19.1254496592375,18.234215572229154,16.734852076157612,"rgba(239, 83, 80, 1.0)",0.0,0.0,1.5180189523495407,20.711568749531825,1.4892732637290638,0.0,0.0,0.0,0.0,0.0,0.0,0.0,0.0,46.63867949495399,0.6622019700800905,False,True,False,True,False,5.176567282558224,1,1.0260158458205233,0.8650784074410779,False,False,False,False,0.08809414893887933,0.11438673182598522,False,False,False,False,2407114,1666800.8253389772,False,False,False,False,441356.7448739641,False,False,False,False
2025-07-31 00:00:00+00:00,22.7727280915,23.2317751959,22.6729352427,23.0222102135,296979,,,,23.51210646049786,23.792094862435036,23.85920311746642,23.812644193070923,23.52717057173553,23.421995338500082,23.325714628341355,23.501902931349186,23.553799301784416,22.670631720535628,22.358755615634138,20.966817148498546,20.791823636966175,20.212154920796905,20.04865934315268,19.73296237767843,19.4662776929814,,22.785256011330983,20.61500910367283,19.138272059270275,18.24643653431983,16.746003372664944,"rgba(239, 83, 80, 1.0)",0.0,0.0,1.5110394761772312,20.716632913146096,1.3607157263393308,0.0,0.0,0.0,0.0,0.0,0.0,0.0,0.0,44.23278260366516,-1.6737748376135357,False,True,False,True,False,4.269264763037281,1,1.0047388495516214,0.8842965938076081,False,False,False,False,0.03154822726270203,0.07296747954434363,False,False,True,False,2110135,1684186.4792472525,False,False,False,False,435694.87252596556,False,False,True,False
2025-08-01 00:00:00+00:00,22.9922723588,23.3714851842,22.5531838242,23.221795911,608447,,,,23.420203406265124,23.75897082155434,23.8286577120377,23.785901540769345,23.51179951986887,23.410057832374612,23.316620300787648,23.471530385529604,23.524344213965936,22.676996432099198,22.36917811073172,20.989095065443852,20.815262495178658,20.23873103505852,20.075577461494774,19.760396415517878,19.493063972449104,22.972313789066664,22.789379077076266,20.6395672357633,19.164824592044216,18.271702312271778,16.769019452589855,"rgba(239, 83, 80, 1.0)",0.0,0.0,1.5060066405678723,20.936327067934908,1.3651634962843555,1.0,23.371485,22.553185,0.0,0.0,0.0,0.0,0.0,43.945910147646586,-2.0018923797650388,False,True,False,True,False,5.1564162471594095,1,0.9944865838049527,0.8956993202744052,False,False,False,False,-0.012545600361156933,0.030210939591593346,False,False,False,False,2718582,1724751.0094728505,False,False,False,False,442469.46576024144,False,False,False,False
2025-08-04 00:00:00+00:00,23.8205530037,23.8405115734,23.1619202017,23.1619202017,262803,,,,23.43304436952189,23.756375421299534,23.82541837806836,23.783484755568235,23.512932993366377,23.412297894032708,23.319819671939793,23.474821025804506,23.526128091679123,22.685400521654866,22.37819878319984,21.00159895291083,20.82816742519884,20.252683618881516,20.089567973670903,19.774418275346026,19.506597162147145,23.16395948077349,22.797095930581992,20.652863053458653,19.17807471494409,18.28399561568574,16.77992092524762,#000000,0.0,0.0,1.5071530334243695,20.956554381754906,1.9002706151464026,0.0,0.0,0.0,0.0,1.0,23.5710708817,23.3714851842,0.0,47.775583953881096,-2.0018923797650388,False,True,False,False,True,8.373525291253248,1,0.9915837746026105,0.8933447872649569,False,False,False,False,0.07752634470441588,0.05386864214800462,False,False,False,False,2981385,1774030.7738072486,False,False,False,False,435423.7220049379,False,False,False,False
2025-08-05 00:00:00+00:00,24.4093308115,24.4442583086,23.5710708817,23.5710708817,328342,,,,23.4889005822755,23.76445683877357,23.8311037422849,23.789449608595856,23.522084241200513,23.422482230164313,23.330952694202537,23.49436660027108,23.542161880068313,22.701645828961105,22.39410072728889,21.020220580399126,20.84718897576642,20.272702540667666,20.109521636643453,19.79421407970328,19.525565686980322,23.431538058268345,22.812752371331783,20.672279602180534,19.196500524622618,18.300807659401556,16.79455352323603,#000000,0.0,0.0,1.518199387671198,20.98845945362553,2.253242482940151,0.0,0.0,0.0,0.0,1.0,24.3362824462,23.8405115734,0.0,52.44973548694598,-2.1759736091959,False,True,False,False,True,10.527600889416806,1,1.0008348325915093,0.8745444333155599,False,False,False,False,0.14033820583851184,0.09710342399325822,False,False,False,False,3309727,1834254.1552265722,False,False,False,False,431224.438789058,False,False,False,False
2025-08-06 00:00:00+00:00,24.7186886427,24.8184814915,24.3362824462,24.449247951,379864,,,,23.583816671304806,23.784837783003777,23.847274328871794,23.805238420194385,23.540343338218896,23.441593925075715,23.350914798093516,23.53143784880492,23.573830004061815,22.726147511885966,22.417130214130943,21.044781406148513,20.872110903307888,20.298466185878798,20.135098271485543,19.819412776134396,19.54959361411672,23.718445253341187,22.83683642798118,20.697564623590345,19.219712892523617,18.321736038124357,16.812517785145534,"rgba(38, 166, 154, 0.5)",0.0,0.0,1.5330415471149605,21.02907637185273,2.406726861245717,0.0,0.0,0.0,0.0,0.0,0.0,0.0,0.0,56.53657921655953,1.424086450112469,False,False,True,False,True,11.626120977646803,0,1.0202660530471241,0.8805751084118897,False,False,False,False,0.2515100925994065,0.17430675829633235,False,False,False,False,3689591,1907012.4628647459,False,False,False,False,429210.3039345852,False,False,False,False
2025-08-07 00:00:00+00:00,26.5648563451,26.9141313159,25.0595810141,25.4571557237,976415,,,26.179522891699996,24.04286813663445,23.922332655945013,23.96337870708938,23.915284224163422,23.648115944022738,23.549098311920872,23.458837768485267,23.737356258654614,23.75609455575569,22.83567080674363,22.514404715152526,21.13317282322773,20.96061966197247,20.386620331769056,20.221848833102957,19.90357023648336,19.628939519370885,24.658646508513343,22.947281371576093,20.786256146746183,19.29538516371498,18.3880177332518,16.867434538612013,"rgba(38, 166, 154, 1.0)",0.0,0.0,1.5939301348741735,21.181745056761006,3.377256738272248,0.0,0.0,0.0,0.0,1.0,26.0159956768,24.8184814915,903.0,63.18446528024705,7.321951480959854,True,False,True,False,True,17.583495204988058,0,1.0261143271775215,0.8356117267771885,False,False,False,False,0.34282823762393094,0.2585674979601317,False,False,False,False,4666006,2015208.2878504423,False,False,False,False,450669.311623425,False,False,False,False
2025-08-08 00:00:00+00:00,26.4051877871,27.0837791588,26.0159956768,26.7744213276,741135,,,26.318524837951838,24.333863501205805,24.030048635871044,24.055799009547766,24.00318204949793,23.733904458283966,23.634548036294802,23.544478644249615,23.89142173010548,23.894516769628083,22.921846597967864,22.591146330576844,21.20241456018647,21.029881557623185,20.455411992949156,20.28952267810332,19.969180014692775,19.690809429748544,25.072936780062104,23.034241195232845,20.85559153685461,19.35437039596307,18.43963559850461,16.910117561475115,"rgba(38, 166, 154, 1.0)",0.0,0.0,1.644549162321717,21.282154057017557,3.1151599766406033,0.0,0.0,0.0,0.0,0.0,0.0,0.0,0.0,66.83236429792525,10.307858579894976,True,False,True,False,True,16.82174546553084,0,1.0548986548080248,0.830980405333921,False,False,False,False,0.3428282391908797,0.3006978685755057,False,False,False,False,3924871,2090097.0216602292,False,False,False,False,462060.1229323103,False,False,False,False
2025-08-11 00:00:00+00:00,26.8342970368,27.0338827344,25.6388785013,26.1557056651,734889,,,26.373610047397953,24.561612823155013,24.128354509588068,24.141051002612027,24.084655084556417,23.814044387378917,23.714549705924263,23.624785973167217,24.02815652112965,24.01868019089938,23.00340279028911,22.664392087105472,21.269340226018937,21.096879530114673,20.52212022402683,20.355208628445485,20.03296789096238,19.75107394108136,25.333474834312863,23.11638280184081,20.922709586752823,19.41191837637746,18.490178399864007,16.95207212253716,"rgba(38, 166, 154, 1.0)",0.0,0.0,1.694466425435976,21.36914264059446,3.2252951809295287,0.0,0.0,0.0,0.0,0.0,0.0,0.0,0.0,69.98301343322613,12.917473280294487,True,False,True,False,True,18.10546945675003,0,1.0386645430986048,0.8391814086114321,False,False,False,False,0.31065674915962627,0.30567730886756594,False,False,False,False,4659760,2190868.118850024,False,False,False,False,472759.29458202363,False,False,False,False
2025-08-12 00:00:00+00:00,26.6846077637,27.1137170134,26.5648563451,27.0338827344,368781,,,26.427742117537544,24.673064761796507,24.180380824825434,24.18653606649654,24.12816368411111,23.85662290868483,23.756977101319965,23.66730039363622,24.09882177513933,24.083295609500038,23.04617007411887,22.70278091525823,21.304088839424747,21.131628499904078,20.556615215845582,20.389156516678693,20.065902156793136,19.782177145684617,25.455342607113213,23.159505970545723,20.957485078178678,19.441597562305358,18.516198588640865,16.97361269631123,"rgba(38, 166, 154, 1.0)",0.0,0.0,1.7367508300110253,21.78755518296513,2.819663302365478,0.0,0.0,0.0,0.0,0.0,0.0,0.0,0.0,71.29547542472315,13.941110085844457,True,False,True,False,True,17.379889733713455,0,1.0639860345459495,0.837640951053153,False,False,False,False,0.34282823613472735,0.32425277250114665,False,False,False,False,4290979,2273225.408306886,False,False,False,False,468681.71440233645,False,False,False,False
2025-08-13 00:00:00+00:00,25.9461406827,26.8941727461,25.9261821129,26.824317752,510168,,,26.401364771284104,24.77556548359222,24.235061501689874,24.234582479470753,24.174501298736647,23.903216903335423,23.8038012900687,23.714548665998656,24.17260804189447,24.15122424331428,23.09557212408834,22.74795650157345,21.346848288735544,21.174547997228835,20.59969090284819,20.43167566514265,20.107371354781186,19.82151976717454,25.53846761345705,23.209008791915302,21.000588714460093,19.479317590788714,18.54962786897067,17.00164902174782,"rgba(38, 166, 154, 1.0)",0.0,0.0,1.7479746039343216,21.818835830654837,2.361192687099385,0.0,0.0,0.0,0.0,-1.0,26.5648563451,26.1956228046,908.0,68.62338590912975,13.941110085844457,True,False,True,False,True,13.892585271892251,0,1.0373650294605414,0.8651428972589382,False,False,False,False,0.26480257295931436,0.2945276727302305,False,False,False,False,3780811,2332346.4119026945,False,False,False,False,470308.6275630291,False,False,False,False
2025-08-14 00:00:00+00:00,25.75653427,26.1956228046,25.5070521481,25.9261821129,770884,,,26.292067289416504,24.868653852274882,24.295742161468667,24.288319982200296,24.22692620576167,23.957861660041353,23.85931651505919,23.771060258329975,24.253574112912208,24.226508838654908,23.15749540956115,22.80586517565582,21.404463428472532,21.232607496485915,20.658637729376462,20.490046371645853,20.164622017675626,19.876103585943525,25.576629527064746,23.270597260571606,21.059113582899442,19.531913541776035,18.596770814418566,17.041713307786353,"rgba(38, 166, 154, 0.75)",0.0,0.0,1.7485814815711953,21.85928612565788,2.228805569209294,0.0,0.0,0.0,0.0,0.0,0.0,0.0,0.0,66.01790692813186,13.941110085844457,True,False,True,False,False,13.022023525565274,0,1.0150120866938437,0.9010311249435278,False,False,False,False,0.1675844813101692,0.23105607702019987,False,False,False,False,3009927,2358918.1996712163,False,False,False,False,482095.8970703613,False,False,False,False
2025-08-15 00:00:00+00:00,26.0559128164,26.1107988832,25.5078504909,25.7964514095,1713557,,,26.174051549884194,25.037828303470107,24.420916537957954,24.40066436591253,24.337031201583713,24.07311052003358,23.976538691983325,23.890463403433856,24.414916758715368,24.3782815981117,23.28899524540911,22.929968234199116,21.52936258747128,21.35854719779395,20.786773362152054,20.617059923216818,20.289424902213153,19.995370459841055,25.649592776664146,23.401185817737083,21.186134433505885,19.647056939587273,18.70042348688513,17.130196803244893,"rgba(38, 166, 154, 0.75)",0.0,0.0,1.7454350967346561,21.970240408296203,2.3407758992283556,0.0,0.0,0.0,0.0,0.0,0.0,0.0,0.0,65.1110926058967,13.941110085844457,True,False,True,False,False,13.984774226482983,0,0.9858831838240324,0.9213131896497183,False,False,False,False,0.16042248421882388,0.19573928061951187,False,False,False,False,4723484,2451646.270272345,False,False,False,False,530388.4893421119,False,False,False,False
2025-08-18 00:00:00+00:00,25.8064306944,26.2954156534,25.4671350086,26.2056020895,368754,,,26.155107321169012,25.06595917345817,24.44474452134711,24.42228966575953,24.358353833786282,24.095692609726424,23.999586616877,23.914000132813914,24.44483702471205,24.40671741845879,23.315296158094345,22.95507889330401,21.555127323622955,21.384560491928312,20.813347202185593,20.64343868198118,20.315410035976914,20.020271169138645,25.659411650010863,23.427231371874978,21.212402905243874,19.671155919461448,18.72223806443614,17.148931854873997,"rgba(38, 166, 154, 0.75)",0.0,0.0,1.745302036453364,21.992927824630648,2.185010267631835,0.0,0.0,0.0,0.0,0.0,0.0,0.0,0.0,63.34518522148901,20.961478501218608,True,False,True,False,False,12.824699932068874,0,0.9712822680004538,0.9406353849616027,False,False,False,False,0.17269841370453276,0.1842188471620223,False,False,False,False,4354730,2526277.0047714687,False,False,False,False,524049.881916931,False,False,False,False
2025-08-19 00:00:00+00:00,24.8184814915,25.6766001981,24.698730073,25.6567414212,531580,,,26.06879467546153,25.065895197570963,24.459231104181736,24.435756895598796,24.372359058424802,24.113063385592287,24.018083663480745,23.933521880997752,24.462843685758525,24.42447076248229,23.34075391727091,22.98085444222907,21.584995221989818,21.414988682276704,20.845230587697987,20.675296184939935,20.34715323017985,20.050977440014446,25.62129660486975,23.45189433031678,21.24338663062083,19.70116367004275,18.7499879476986,17.173355518335036,"rgba(38, 166, 154, 0.5)",0.0,0.0,1.724398906452826,22.009073574731268,1.629209985146547,0.0,0.0,0.0,0.0,-1.0,25.4671350086,25.3672423669,911.0,58.31199435136034,16.075802825680128,False,False,True,False,False,8.42969019383358,0,0.9644083909669748,0.9378032137560304,False,False,False,False,0.055943673325896746,0.12008126024395953,False,False,False,False,3823150,2577134.769290235,False,False,False,False,524345.1806652867,False,False,False,False
2025-08-20 00:00:00+00:00,25.2376114564,25.3672423669,25.0080879042,25.0080879042,361070,,,26.024690140499054,25.070195579038238,24.4708739752586,24.446548554992244,24.38341621284466,24.12619220734507,24.031914362855105,23.948000056229734,24.47719309961104,24.43850765183036,23.35899489779762,22.999155901829116,21.605797389444565,21.436151600551646,20.867323771558965,20.69735495842418,20.369104959848364,20.072197306045584,25.603904280629212,23.469641856308765,21.264908408920693,19.721882390655466,18.76911265410376,17.190151443418014,"rgba(38, 166, 154, 0.5)",0.0,0.0,1.712884710893282,22.02253868318607,1.8769930940286372,0.0,0.0,0.0,0.0,0.0,0.0,0.0,0.0,56.38462729127452,14.195829448113557,False,False,True,False,False,9.841264786942691,0,0.9680365544876911,0.9303655448877985,False,False,False,False,0.055943673325896746,0.08801246678492813,False,False,False,False,4184220,2640157.7195141474,False,False,False,False,517942.2324039029,False,False,False,False
2025-08-21 00:00:00+00:00,25.9760785373,25.9903489147,25.3074664505,25.3174457354,372922,,,26.011339034478777,25.09157839023287,24.491316666857184,24.465295313288436,24.402028910307127,24.146219591521806,24.052452290245885,23.969050221438444,24.50229136425929,24.462589279930487,23.383004651039567,23.022411539792532,21.63030002291632,21.46093770910507,20.89279137309644,20.722684514327618,20.394142246558282,20.096275657273534,25.610266957289582,23.493329645846984,21.28998216194842,19.745262570523188,18.790435700977977,17.208618430943996,"rgba(38, 166, 154, 0.5)",0.0,0.0,1.7239332350205903,22.043982048369795,2.2808867588675743,0.0,0.0,0.0,0.0,1.0,25.6367828515,25.3672423669,0.0,57.28739216097084,14.195829448113557,False,False,True,False,False,12.234049993272645,0,0.9811296732203316,0.9103971003673288,False,False,False,False,0.13321894227995432,0.11061570453244123,False,False,False,False,4557142,2715333.5736508477,False,False,False,False,512255.164466495,False,False,False,False
2025-08-22 00:00:00+00:00,26.2854363685,26.4550842115,25.6367828515,25.7465549851,346874,,,26.016429738547416,25.120645043084565,24.515111656412042,24.487084174689457,24.423469595602192,24.16856326611061,24.075147911993774,23.992131484651562,24.53135346242086,24.49035266198213,23.408302331748356,23.046555033195776,21.65484085274814,21.48569033898154,20.918016089312644,20.747722703603085,20.418805430463905,20.119932936329178,25.629337413111404,23.518434491203802,21.3149539584442,19.76816806258984,18.811193734328157,17.22646012275572,"rgba(38, 166, 154, 0.5)",0.0,0.0,1.7450635679813036,22.06800079730259,2.4167804821437855,0.0,0.0,0.0,0.0,1.0,26.0159956768,25.9903489147,915.0,58.70593204878799,14.195829448113557,False,False,True,False,False,13.204101113615348,0,0.9880220248825431,0.8955775899694962,False,False,False,False,0.20099313346303832,0.15580441899773978,False,False,False,False,4904016,2801164.2570370887,False,False,False,False,505769.62860506383,False,False,False,False
2025-08-25 00:00:00+00:00,26.1557056651,26.4850220661,26.0159956768,26.3752499325,481816,,,26.028213649339524,25.161909733985784,24.54888281908396,24.518084869109543,24.45396312861838,24.200212898410545,24.10725556438614,24.024748477818804,24.572296635656368,24.52952425459444,23.44385507432756,23.080470005635398,21.689188352415556,21.520321115542018,20.95327247252851,20.782714450135188,20.453266473791615,20.152991951298475,25.658152159872937,23.553739271893438,21.34987881048543,19.800174941511166,18.840197630737983,17.25138264912887,"rgba(38, 166, 154, 0.5)",0.0,0.0,1.7594408346674173,22.10196554927964,2.3039934256082155,0.0,0.0,0.0,0.0,0.0,0.0,0.0,0.0,59.100082477722985,14.195829448113557,False,False,True,False,False,12.624602821683595,0,0.9887724631565082,0.9063877839157993,False,False,False,False,0.2366006094770758,0.1962025142374078,False,False,False,False,4422200,2864734.286172889,False,False,False,False,504830.27062055154,False,False,False,False
2025-08-26 00:00:00+00:00,26.4351256417,26.7494731154,26.2056020895,26.2056020895,613154,,,26.058222247483194,25.221300271022997,24.595986758395266,24.561412391676676,24.49647531330763,24.2438144668653,24.151323530441413,24.069374129078284,24.628936375768433,24.5837315399152,23.491692485923323,23.125876988604062,21.734477453050015,21.565921310554902,20.999518926056226,20.82857644098463,20.49836827528443,20.196222764966866,25.70530330622245,23.601355867895045,21.39580689255092,19.841984254411496,18.877993068774888,17.28375902265301,"rgba(38, 166, 154, 0.5)",0.0,0.0,1.770717119071874,22.148415032275928,2.420889572508885,0.0,0.0,0.0,0.0,0.0,0.0,0.0,0.0,60.16353036182315,14.195829448113557,False,False,True,False,False,13.512451924824564,0,0.9894774660993042,0.9211109357005618,False,False,False,False,0.2768223933456519,0.23651245379152985,False,False,False,False,5035354,2949856.627891599,False,False,False,False,509078.2600079809,False,False,False,False
2025-08-27 00:00:00+00:00,26.2854363685,26.3752499325,25.9461406827,26.2355399442,523114,,,26.066226013075863,25.25806015561437,24.62901052399617,24.592010736861884,24.526718327018365,24.27548410567757,24.183536300496577,24.102161340832847,24.668137381012645,24.621533714531477,23.527840544714245,23.16070703054025,21.77034582431769,21.60212625194178,21.03650841854063,20.86533607643091,20.534654130787008,20.23112240461567,25.72894890765705,23.63716947593689,21.432357611253053,19.87585101413546,18.908843457856097,17.310421013401953,"rgba(38, 166, 154, 0.5)",0.0,0.0,1.785548959216326,22.182432597519547,2.297894857378346,0.0,0.0,0.0,0.0,0.0,0.0,0.0,0.0,60.16475351459168,14.195829448113557,False,False,True,False,False,12.82905784470848,0,0.9869380041393351,0.9210254584271594,False,False,False,False,0.2209005639717564,0.22870650888164312,False,False,False,False,4512240,3011126.564052713,False,False,False,False,509628.6811841385,False,False,False,False
2025-08-28 00:00:00+00:00,26.6746284788,26.8342970368,26.1457263803,26.4850220661,505448,,,26.09095307820546,25.303257482835274,24.66645742662197,24.62669275445649,24.560821066969254,24.310499581211193,24.21893568748748,24.13800963534232,24.712413452539185,24.664127060219887,23.566306999471102,23.19739926659499,21.80714852892375,21.639191039668287,21.074135509933196,20.90267313811064,20.571412501750363,20.26641039299171,25.765103845197476,23.67543499415476,21.469697416824864,19.910021006839553,18.93982185887372,17.33703760703462,"rgba(38, 166, 154, 1.0)",0.0,0.0,1.7646072427505608,22.219578280755872,2.5246695639194305,0.0,0.0,0.0,0.0,1.0,26.6846077637,26.3752499325,0.0,61.344970574830626,14.195829448113557,True,False,True,False,True,14.07700264328831,0,0.9971048736491603,0.8953463423895073,False,False,False,False,0.2790567750847221,0.25388164198318264,False,False,False,False,5017688,3089815.247815352,False,False,False,False,509464.7329024076,False,False,False,False
2025-08-29 00:00:00+00:00,27.313302711,27.6925155363,26.6846077637,26.7345041881,833665,,,26.179262728341563,25.408256602974767,24.746254595765546,24.70053722874807,24.632967752991966,24.38274952229274,24.291394103059037,24.210892391814184,24.806391508285856,24.75424841280337,23.641603485929732,23.268112262509963,21.8751342299816,21.70740546674891,21.142637968038272,20.970465979575696,20.637838182844003,20.329951759266567,25.864129508124428,23.750783647787845,21.538174935068906,19.97130264567369,18.994877826383345,17.383812935359842,"rgba(38, 166, 154, 1.0)",0.0,0.0,1.750208937024792,22.29419773017218,2.867717604824871,0.0,0.0,0.0,0.0,1.0,27.27,26.8342970368,919.0,63.80358256908814,14.195829448113557,True,False,True,False,True,16.058168541522747,0,1.0114008961909047,0.8783600311234949,False,False,False,False,0.3428282372942031,0.29835493963869286,False,False,False,False,5851353,3198110.84594024,False,False,False,False,522178.46886701905,False,False,False,False
2025-09-02 00:00:00+00:00,27.7,28.238,27.27,28.0,1304690,,,26.347690765402277,25.59116732108089,24.88512717548772,24.82955421082157,24.758896614137665,24.507771915569176,24.416405365055176,24.336299773822276,24.968082722572515,24.90960075091853,23.769187494262763,23.387444959511512,21.98791051487793,21.820361120173832,21.255495785887035,21.08203663661262,20.746951674017296,20.43422165384569,26.043198587047126,23.87874128720823,21.651373698923145,20.07171782356527,19.08479147927919,17.45985088803937,"rgba(38, 166, 154, 1.0)",0.0,0.0,1.7302119296184537,22.420269661809552,3.051493431417233,0.0,0.0,0.0,0.0,0.0,0.0,0.0,0.0,66.32136878451155,10.514672311131704,True,False,True,False,True,17.219055351281217,0,1.025785033064461,0.8673538493297784,False,False,False,False,0.342828239273383,0.32059158945603794,False,False,False,False,7156043,3353323.871589643,False,False,False,False,552865.1955781163,False,False,False,False
2025-09-03 00:00:00+00:00,27.28,28.09,27.22,27.97,551037,,,26.399355996327802,25.65344588250015,24.936016068641948,24.877175798048224,24.80559311974598,24.554624868665837,24.463409792882285,24.383575849262012,25.026441739365936,24.966020901724615,23.818039579670767,23.433654032923894,22.032587898310886,21.86518926113032,21.300530686027066,21.126636088335445,20.790705938725015,20.47616577259782,26.10093760846721,23.927593080568112,21.696373893144987,20.112233344182084,19.121322313071936,17.49099403130649,"rgba(38, 166, 154, 1.0)",0.0,0.0,1.7014444828717235,22.46755456241133,2.8284469379019375,0.0,0.0,0.0,0.0,0.0,0.0,0.0,0.0,65.82402185623188,10.514672311131704,True,False,True,False,True,15.249078539907096,0,1.0137610479143453,0.885346318557582,False,False,False,False,0.32791033396104424,0.32425096170854106,False,False,False,False,6605006,3480840.817801814,False,False,False,False,552793.5016338766,False,False,False,False
2025-09-04 00:00:00+00:00,26.96,27.31,26.71,27.02,485698,,,26.42138572242763,25.690337427718795,24.970324552980426,24.909565230854643,24.8376122678834,24.587499501736286,24.496632027639816,24.417188525596373,25.06515638641064,25.0037788312243,23.853983602326668,23.468312252224045,22.067588191981233,21.900433873999127,21.336319113269592,21.162186651015592,20.825772603954995,20.509945689477853,26.13047298553642,23.963325889296424,21.73187405250836,20.14502410773809,19.15122207711668,17.516826171654795,"rgba(38, 166, 154, 1.0)",0.0,0.0,1.6571816709703406,22.501572870675695,2.6903671500987176,0.0,0.0,0.0,0.0,0.0,0.0,0.0,0.0,63.953664231301076,10.514672311131704,True,False,True,False,True,13.774715796931236,0,1.0251754642963422,0.8927361388907329,False,False,False,False,0.23377954350058855,0.27901525260456483,False,False,False,False,6119308,3584310.119064488,False,False,False,False,550162.3054913717,False,False,False,False
2025-09-05 00:00:00+00:00,28.33,28.49,27.11,27.38,1317177,,,26.563521623049628,25.849192349853496,25.100403411849424,25.03180109466708,24.957448021645348,24.70702989833675,24.61630213011027,24.53731997608122,25.212695190968883,25.146715686812527,23.97677524140757,23.584289505868494,22.178528941958767,22.01161336435752,21.447631454983537,21.272361983228684,20.93375399093616,20.613446863946756,26.282531556677984,24.086296285454456,21.843348914578097,20.244943044912286,19.241202058643598,17.593375732603274,"rgba(38, 166, 154, 1.0)",0.0,0.0,1.6597645006949973,22.620329772502792,3.4400484075339492,0.0,0.0,0.0,0.0,1.0,28.385,27.31,923.0,66.03733921254442,10.633978120127281,True,False,True,False,True,17.853193133252976,0,1.0370056288644767,0.8531445189700918,False,False,False,False,0.34282823941445545,0.31092174600951017,False,False,False,False,7436485,3735375.800669802,False,False,False,False,580241.3131191611,False,False,False,False
2025-09-08 00:00:00+00:00,28.78,29.085,28.385,28.73,872068,,,26.688269467276395,25.97676421726295,25.20204072050358,25.12738802973046,25.05094226931796,24.799280203368713,24.708319597642056,24.62939411811219,25.327519828974555,25.257878928821704,24.069080455902675,23.670797552539224,22.259210646885982,22.092266800377885,21.527786167925765,21.351557060539417,21.011124001688287,20.687440522101472,26.410126158025903,24.179024027523727,21.924022248262826,20.316183275934147,19.304957817734003,17.64717265613576,"rgba(38, 166, 154, 1.0)",0.0,0.0,1.6852107445874716,22.709757643989935,3.6020672046545856,0.0,0.0,0.0,0.0,0.0,0.0,0.0,0.0,68.25266628587434,12.86520771755331,True,False,True,False,True,19.10125235212124,0,1.0688146423800435,0.8335565001309211,False,False,False,False,0.3428282418028924,0.3268749939062013,False,False,False,False,8308553,3914716.0829964764,False,False,False,False,591685.4969184096,False,False,False,False
2025-09-09 00:00:00+00:00,28.58,28.88,28.37,28.84,630103,,,26.76435418295,26.057860615660246,25.269262778944466,25.190897606920924,25.113227055740058,24.86108666463719,24.77008067208965,24.691279025522007,25.402744002190055,25.330970812174755,24.13165434653165,23.72984770386992,22.315053258925833,22.148150478780114,21.58351305143435,21.406679406215797,21.0650862348799,20.73915789204561,26.489359669870048,24.241778485550917,21.979977223040283,20.36607669116185,19.34981938647712,17.685235210079696,"rgba(38, 166, 154, 1.0)",0.0,0.0,1.7110606611049732,22.76986928663846,3.3956310523844646,0.0,0.0,0.0,0.0,0.0,0.0,0.0,0.0,68.7827152709187,13.511781000252974,True,False,True,False,True,18.178362850693443,0,1.092719858583496,0.8296756301225572,False,False,False,False,0.3290168414132754,0.32794591765973835,False,False,False,False,7678450,4062313.4915064187,False,False,False,False,593192.0656667073,False,False,False,False
2025-09-10 00:00:00+00:00,28.25,29.25,28.14,28.89,501986,,,26.818852369702988,26.117461951310975,25.319968367512267,25.238952996131577,25.160438064320754,24.90810173067328,24.817113384378946,24.738445968796707,25.459114220033694,25.38587747467582,24.179596722917452,23.775292869091132,22.358403037256192,22.191560626650183,21.626890879347606,21.449617434618915,21.107174777629833,20.779551322266418,26.546745422424898,24.28980868689064,22.023469718416557,20.40509577473933,19.38500865538437,17.71519528296878,"rgba(38, 166, 154, 1.0)",0.0,0.0,1.7158858653948807,22.81572303568472,3.1670387138859484,0.0,0.0,0.0,0.0,0.0,0.0,0.0,0.0,67.59410875056814,13.511781000252974,True,False,True,False,True,16.664750950236712,0,1.0789797018083853,0.8282087558140445,False,False,False,False,0.3377915838790026,0.3328687507693705,False,False,False,False,7176464,4184437.0408591083,False,False,False,False,589615.3572091893,False,False,False,False
2025-09-11 00:00:00+00:00,28.87,28.91,27.89,28.04,415800,,,26.861779501765657,26.164905335294034,25.36092184987469,25.27784503445635,25.19868399171253,24.946250571314764,24.85529516716158,24.77675002652876,25.504444343585124,25.430096698180964,24.218615636554407,23.81236881070887,22.393913312985156,22.22713004707909,21.66246536788999,21.484843887203805,21.141726608436578,20.812737140183906,26.592135076696515,24.32888004183607,22.05911568729581,20.43717428549025,19.41398461089304,17.739909437741026,"rgba(38, 166, 154, 1.0)",0.0,0.0,1.7507643121508343,22.852961206462414,3.4368068573122703,0.0,0.0,0.0,0.0,0.0,0.0,0.0,0.0,68.19768139323881,13.511781000252974,True,False,True,False,True,18.42657920960546,0,1.059841301248083,0.8479740121977867,False,False,False,False,0.3011332389148243,0.3170009948420974,False,False,False,False,7592264,4318077.313766594,False,False,False,False,582799.068691182,False,False,False,False
2025-09-12 00:00:00+00:00,28.65,28.83,28.27,28.27,631064,,,26.923988619994084,26.234250263540837,25.421637085089774,25.33562636795167,25.255560235677837,25.003065659127543,24.912184054845913,24.833838112325644,25.57134199540125,25.49545383346031,24.276879648874903,23.86786374753393,22.447266821018893,22.2805852540277,21.71597086131038,21.53784434828773,21.19374460264418,20.862737568085493,26.658120132159645,24.387196196429482,22.112697885504645,20.485538991459077,19.457740841816502,17.777295775727858,"rgba(38, 166, 154, 1.0)",0.0,0.0,1.7677110135618033,22.908466719197815,3.2480044740081304,0.0,0.0,0.0,0.0,0.0,0.0,0.0,0.0,67.56163006153588,13.511781000252974,True,False,True,False,True,17.415967224841307,0,1.0672815974292416,0.8463375980287022,False,False,False,False,0.31966926549160285,0.3183351301668501,False,False,False,False,6961200,4421729.183814963,False,False,False,False,584691.8110954493,False,False,False,False
2025-09-15 00:00:00+00:00,28.67,29.3,28.465,28.66,744472,,,27.001168907553957,26.31858246737554,25.49535067345449,25.405860279183894,25.324686278229695,25.071981724891362,24.98114137713801,24.902991691546212,25.652324002797542,25.574605900147198,24.34718529549385,23.934785044718858,22.511336317172383,22.344745316524353,21.780101384805235,21.601354440100586,21.256050867350663,20.92262266008976,26.73914262880682,24.457603036395827,22.176979605941263,20.543450178693387,19.51010477480832,17.821995634079762,"rgba(38, 166, 154, 1.0)",0.0,0.0,1.786078004281032,23.39598707534386,2.952845795096806,0.0,0.0,0.0,0.0,0.0,0.0,0.0,0.0,67.18780797432531,13.511781000252974,True,False,True,False,True,17.473691932013473,0,1.0672148459028061,0.8400788793510277,False,False,False,False,0.34282824211192436,0.3305816861393872,False,False,False,False,7705672,4550511.255037907,False,False,False,False,590957.7008564121,False,False,False,False
2025-09-16 00:00:00+00:00,28.13,28.71,28.01,28.65,446505,,,27.03185763265558,26.3563966113231,25.53124162113947,25.44031272180684,25.35878233077171,25.106459004600772,25.01579684804758,24.937873769256544,25.691178289719684,25.612834658122704,24.383448241337543,23.969804858187242,22.545976777203954,22.379530116659247,21.8151627818719,21.636163698645653,21.29035412660942,20.95573195192759,26.7732179110691,24.493770711926917,22.211921559686836,20.575603352813403,19.539462340160984,17.847350998851155,"rgba(38, 166, 154, 0.75)",0.0,0.0,1.7837447791130705,23.41884240759662,2.641161251076458,0.0,0.0,0.0,0.0,-1.0,28.465,28.35,932.0,64.34375584170922,13.511781000252974,True,False,True,False,False,14.988363966383833,0,1.0571703403272439,0.864623321128598,False,False,False,False,0.27979470600731293,0.30518819607335007,False,False,False,False,7259167,4656733.048957989,False,False,False,False,585292.8890581214,False,False,False,False
2025-09-17 00:00:00+00:00,27.74,28.35,27.5,27.8,659413,,,27.06024528418102,26.398045265806516,25.57475195303136,25.482412983743487,25.400694756622663,25.14948801930456,25.05925692699524,24.981787313276705,25.737540974223577,25.658783646258634,24.430159188016674,24.015567318384054,22.592691335792725,22.426560517334075,21.862938909922295,21.68370631899356,21.33740002696494,21.001316025411658,26.807622370449863,24.540167660512974,22.25928013766385,20.620041567783534,19.58039558454339,17.88307463179499,"rgba(38, 166, 154, 0.75)",0.0,0.0,1.7742413704061213,23.44740987509703,2.4193946756637743,0.0,0.0,0.0,0.0,-1.0,28.01,27.93,931.0,60.78277477582428,15.357575186329953,True,False,True,False,False,13.240615971964274,0,1.0681720503289762,0.871534070504647,False,False,False,False,0.22894110125390615,0.2670646486636281,False,False,False,False,6599754,4732929.948998852,False,False,False,False,588199.56007545,False,False,False,False
2025-09-18 00:00:00+00:00,27.84,27.93,27.39,27.74,461960,,,27.07565675372174,26.423154931016086,25.602429746605566,25.50932213623676,25.427570211836937,25.17729078482672,25.087405222190103,25.01028274447689,25.76674770615147,25.68785061136017,24.46080778565687,24.04582065144607,22.624055091227557,22.458174566216968,21.895173103678314,21.715820213322207,21.369244333678054,21.032234195964104,26.82735868711854,24.570548355167258,22.291151183638885,20.650242179331524,19.608340795462457,17.907592601700415,"rgba(38, 166, 154, 0.5)",0.0,0.0,1.7863625436566009,23.468653182147474,2.4470658732602972,0.0,0.0,0.0,0.0,0.0,0.0,0.0,0.0,58.771079781834025,13.47797626542333,False,False,True,False,False,13.552866657359743,0,1.064184129827806,0.8577856998853953,False,False,False,False,0.1985378366358858,0.23280124264975696,False,False,False,False,7061714,4824254.8137439955,False,False,False,False,583248.989092099,False,False,False,False
2025-09-19 00:00:00+00:00,28.33,28.33,27.7492,27.86,1565730,,,27.153477157069315,26.526778960954765,25.708594496859202,25.612207832628236,25.529937659209974,25.2819327598569,25.19294567613563,25.11678815612654,25.879445162441304,25.799542304990045,24.57331350206207,24.1559976644779,22.73601835470393,22.570833095196825,22.009459159661105,21.82954315534487,21.481774839273953,21.141336454026746,26.916777596788176,24.682396491608515,22.40453597331917,20.756635637773314,19.706434780100498,17.99327848142919,"rgba(38, 166, 154, 0.5)",0.0,0.0,1.817882494114095,23.56871318405934,2.6191389329930073,0.0,0.0,0.0,0.0,1.0,28.1,27.93,934.0,59.12288131840563,13.47797626542333,False,False,True,False,False,15.067926381407645,0,1.0716634442854378,0.8516831483968521,False,False,False,False,0.2422158546030391,0.23750854862639803,False,False,False,False,8627444,4973399.48771482,False,False,False,False,621777.6561865265,False,False,False,False
2025-09-22 00:00:00+00:00,28.48,29.19,28.1,29.06,714387,,,27.200005019845346,26.58218801051935,25.762642081450196,25.664483700146747,25.58180603667532,25.334460006712845,25.245762952362814,25.169951868498412,25.937013176960395,25.85643520229661,24.62863686757956,24.20982639853124,22.789771139019155,22.62483272003409,22.063983212585786,21.883739615440938,21.5353001643336,21.19316668597463,26.967350445983172,24.737530724403307,22.458800239239842,20.80710338039879,19.75281393581959,18.033625895137316,"rgba(38, 166, 154, 0.5)",0.0,0.0,1.8548631938618412,23.62215374904024,2.6189781904322995,0.0,0.0,0.0,0.0,0.0,0.0,0.0,0.0,59.845074106049026,13.47797626542333,False,False,True,False,False,15.525988588729376,0,1.074867608017984,0.826310621557552,False,False,False,False,0.31387849734955736,0.27569352298797767,False,False,False,False,9341831,5144710.527412278,False,False,False,False,625409.3951596039,False,False,False,False
2025-09-23 00:00:00+00:00,28.45,28.765,28.24,28.7,694086,,,27.23920859197544,26.630574495744487,25.811367255793197,25.711784686472672,25.628842459834964,25.382325904749138,25.293967113633443,25.218530180287367,25.98852768412332,25.90749301442521,24.679561176240615,24.259664239007748,22.84013085006423,22.675470546498087,22.11526084111645,21.93475861316929,21.585775377740234,21.24213273494354,27.01064619018149,24.788208269696348,22.50973084728614,20.85486483279298,19.79688371860639,18.072146551450018,"rgba(38, 166, 154, 0.5)",0.0,0.0,1.8903996144981117,23.67002849646802,2.5285508243192427,0.0,0.0,0.0,0.0,0.0,0.0,0.0,0.0,60.16416108701651,13.47797626542333,False,False,True,False,False,15.385006004037493,0,1.0684593180623785,0.8484137767774195,False,False,False,False,0.2967528546161514,0.28622318880206454,False,False,False,False,8647745,5282084.42829807,False,False,False,False,628102.5953494234,False,False,False,False
2025-09-24 00:00:00+00:00,27.72,28.575,27.59,28.44,424353,,,27.252437523688826,26.650951970241202,25.834642518497844,25.734618850521226,25.65172338314966,25.406064144654895,25.318019561045745,25.242888111936246,26.012619454932118,25.931601365864797,24.70584699773124,24.285862461333917,22.86766963210665,22.703250657489352,22.14366695436659,21.963102951761076,21.613961986160433,21.26960738073466,27.026949209989226,24.814230731561334,22.5377568904234,20.881791021585897,19.82199903149239,18.094381286855043,"rgba(38, 166, 154, 0.5)",0.0,0.0,1.9038253244714427,23.69275452920473,2.115343996652292,0.0,0.0,0.0,0.0,0.0,0.0,0.0,0.0,56.821555151296444,11.333204982822423,False,False,True,False,False,12.019992858106836,1,1.0598719252874622,0.8427614438580439,False,False,False,False,0.24720658020954317,0.26671488450580383,False,False,False,False,8223392,5397429.823266773,False,False,False,False,620112.4151396421,False,False,False,False
2025-09-25 00:00:00+00:00,27.97,28.24,27.66,27.83,449262,,,27.265829970588626,26.67177675672244,25.858684478025793,25.758240470547342,25.675411892486412,25.430675976999662,25.34296839301925,25.268162238514748,26.037428628526442,25.956454368271515,24.733178749927948,24.313160225355947,22.89647569017092,22.732317330398136,22.17341560772266,21.992797197632147,21.643509498944443,21.298429414747854,27.04352179599838,24.841276567931544,22.567088657200323,20.910056305243497,19.84840451595274,18.117800602791064,"rgba(38, 166, 154, 0.5)",0.0,0.0,1.9230412768452276,23.716575496529412,2.21182174022202,0.0,0.0,0.0,0.0,0.0,0.0,0.0,0.0,55.62344859616874,10.142060910186864,False,True,True,False,False,12.828847284629912,1,1.065671297701666,0.8505474106592567,False,False,False,False,0.23183008104280778,0.2492724827743058,False,False,False,False,8672654,5525869.987060233,False,False,False,False,613412.3988596561,False,False,False,False
2025-09-26 00:00:00+00:00,28.63,28.64,28.0947,28.2,505824,,,27.29075595988781,26.70323134244544,25.891385034450924,25.790134908609772,25.707205924834565,25.463178869952124,25.375747704121306,25.301230975499315,26.07167155781127,25.990506911839518,24.768078829239002,24.347549841542932,22.931675802693906,22.76774546654432,22.20940163082476,22.028643550196964,21.679048894559827,21.332990363596558,27.071290309803363,24.87595731724864,22.602753575411136,20.943842197066466,19.879744306241033,18.145364174792302,"rgba(38, 166, 154, 0.5)",0.0,0.0,1.9496977738215082,23.749298355114572,2.50331190321821,0.0,0.0,0.0,0.0,1.0,28.91,28.24,938.0,57.20309770478547,10.142060910186864,False,False,True,False,False,14.907887933697431,1,1.0894420341049016,0.8306227178835942,False,False,False,False,0.27974167333723815,0.264507078055772,False,False,False,False,9178478,5669109.51697944,False,False,False,False,609193.245963199,False,False,False,False
2025-09-29 00:00:00+00:00,29.19,29.58,28.91,29.28,688074,,29.226666666666663,27.3444288741377,26.762364661368565,25.94756799261286,25.844549232404127,25.761130525780967,25.517407785523094,25.430146736968226,25.355870548185248,26.131314000564924,26.049413942370403,24.824236714131754,24.4020432107269,22.98544059661877,22.821685326494077,22.26366463168855,22.082551802691235,21.73224113987729,21.384508256673566,27.127472360333027,24.93202444191563,22.656888034150242,20.99399114826392,19.925815361312015,18.185413103651904,"rgba(38, 166, 154, 0.5)",0.0,0.0,1.9895485401972237,23.805205014346278,2.706541145821921,0.0,0.0,0.0,0.0,0.0,0.0,0.0,0.0,59.90293021869405,10.142060910186864,False,False,True,False,True,16.59877284823516,1,1.095122118225654,0.8209321040689257,False,False,False,False,0.3428282426451824,0.3036676603504772,False,False,False,False,9866552,5833715.104548874,False,False,False,False,612286.608866603,False,False,False,False
2025-09-30 00:00:00+00:00,29.26,29.8599,28.8,29.05,808441,,29.269865920911805,27.406331024220865,26.83053892551841,26.01275967815951,25.907781433400988,25.823828447138702,25.580490887982865,25.493435888754156,25.419442921518748,26.20030885987136,26.117617501181243,24.889603470333117,24.465569925547232,23.048243350304556,22.884698148444507,22.327077427467582,22.14556521592534,21.7944451049248,21.44479420762483,27.19222775437064,24.99727348652762,22.720133160381774,21.052707242060254,19.979829264207535,18.23243774235589,"rgba(38, 166, 154, 1.0)",0.0,0.0,2.031627998313551,23.869772353750374,2.6531568036688022,0.0,0.0,0.0,0.0,0.0,0.0,0.0,0.0,61.89768451873891,7.1497540601815786,True,False,True,False,True,16.807628664156436,1,1.08716429370149,0.8286700718030692,False,False,False,False,0.3428282428019624,0.32324795157621977,False,False,False,False,10674993,6023569.139664604,False,False,False,False,619978.9379306578,False,False,False,False
2025-10-01 00:00:00+00:00,30.01,30.14,29.51,29.51,724181,,29.471007986670244,27.47449707130681,26.902174174540832,26.078956394858334,25.971830538880205,25.887183029038205,25.64376475460608,25.556759887338586,25.48291879889663,26.27068959352576,26.187011210283288,24.95403876263513,24.52774692025125,23.108566833541214,22.945117716633654,22.38755989145841,22.205581861939137,21.853540503135438,21.501950177558626,27.262090337792895,25.06173857259062,22.780673607929604,21.10825071354678,20.03066445273059,18.27641351830272,"rgba(38, 166, 154, 1.0)",0.0,0.0,2.0939236487401263,23.934567312904818,2.9014585564046973,0.0,0.0,0.0,0.0,0.0,0.0,0.0,0.0,65.11138030044151,10.150035770984402,True,False,True,False,True,18.997260119050217,1,1.0978738176927387,0.8253574546080631,False,False,False,False,0.3428282436385005,0.33303809760736014,False,False,False,False,11399174,6234377.173403248,False,False,False,False,624065.293305926,False,False,False,False
2025-10-02 00:00:00+00:00,29.42,30.44,28.28,30.17,887533,,29.445021294108855,27.536586519304112,26.97136734420176,26.146669807398492,26.037767019102297,25.95268285958726,25.70985737131204,25.623126292268452,25.54962250557726,26.3417803051061,26.25746954350897,25.02289516912276,24.595007592849875,23.17564244361783,23.012456730433907,22.455458315621428,22.27311017933906,21.920304812979985,21.56678228251533,27.32731851581996,25.130406568102188,22.84829751663009,21.171503349471195,20.089092974789747,18.327525986417253,"rgba(38, 166, 154, 1.0)",0.0,0.0,2.133967350120884,24.00138504100226,2.539221117272854,0.0,0.0,0.0,0.0,0.0,0.0,0.0,0.0,64.26383844457132,10.150035770984402,True,False,True,False,True,16.241372828943582,1,1.0620877124782786,0.8230164262312721,False,False,False,False,0.2934909334652266,0.31326451553629336,False,False,False,False,10511641,6402113.009740376,False,False,False,False,634397.3602351054,False,False,False,False
2025-10-03 00:00:00+00:00,29.77,29.92,29.39,29.67,452005,,29.47654682959042,27.57179264798651,27.009535482774165,26.18333793353152,26.073433467551094,25.988069732561854,25.7454241568035,25.658793528005656,25.585431268948682,26.380357072638144,26.29565308497217,25.059608661766926,24.630747129841374,23.210951909120293,23.0478735783477,22.491075397901444,22.308509758371777,21.955262690338568,21.600699484648327,27.363856529619706,25.167062536839367,22.883834010049526,21.204561977892144,20.119563914415995,18.35410908771949,"rgba(38, 166, 154, 1.0)",0.0,0.0,2.179617226207225,24.03735537753648,2.6301153035200393,0.0,0.0,0.0,0.0,0.0,0.0,0.0,0.0,64.64247684206521,10.150035770984402,True,False,True,False,True,17.266004621765635,1,1.103866709474974,0.8256819532996348,False,False,False,False,0.32461560994679245,0.3189400627415429,False,False,False,False,10963646,6580996.656417225,False,False,False,False,627244.7186572581,False,False,False,False
2025-10-06 00:00:00+00:00,30.42,30.87,29.96,30.06,793636,30.416666666666668,29.647914589082056,27.651058809502093,27.0914050005436,26.258815141313526,26.1465843495776,26.060427456580395,25.817524506214355,25.730889778263332,25.65764105295005,26.460313415373133,26.374526341860392,25.132540866844508,24.701096309560683,23.278847418443707,23.115829489486,22.5589677360123,22.37586303186287,22.021554430670033,21.66483386227539,27.44444750747395,25.24007934891481,22.951878731654368,21.266883904301586,20.17660705548571,18.40344271516701,"rgba(38, 166, 154, 1.0)",0.0,0.0,2.238913538730717,24.11024230814334,2.818223027689485,0.0,0.0,0.0,0.0,0.0,0.0,0.0,0.0,66.43839813723068,11.47352521471997,True,False,True,False,True,19.11283703138114,0,1.1069028141937862,0.8060973161152617,False,False,False,False,0.3428282444905264,0.3308841536160346,False,False,False,False,11757282,6783988.23851851,False,False,False,False,633769.8669452087,False,False,False,False
2025-10-07 00:00:00+00:00,30.02,30.7,29.67,30.55,585807,30.294928153368183,29.705086142670197,27.70101426806807,27.144359646190562,26.30909948185445,26.195497923359127,26.108922172440515,25.86610308984946,25.77954923709979,25.706443613856727,26.513197674113893,26.426841937624456,25.182261078422112,24.749385698202353,23.326168074633458,23.16325304501644,22.60653848561244,22.423118107689028,22.06817563840255,21.710046910630208,27.495777625375748,25.2897723582568,22.999422545955092,21.310922994318204,20.217141152710788,18.43873650509708,"rgba(38, 166, 154, 1.0)",0.0,0.0,2.2849512624790247,24.159090305451514,2.565004247919834,0.0,0.0,0.0,0.0,0.0,0.0,0.0,0.0,65.69662851776425,11.47352521471997,True,False,True,False,True,17.25961242067024,0,1.1053120520275166,0.8073591930760478,False,False,False,False,0.3201678426062426,0.3255259981111386,False,False,False,False,11171475,6956046.542890334,False,False,False,False,631888.9702022595,False,False,False,False
