date,Open,High,Low,Close,Volume,Gap_Up_aVWAP_858,Gap_Up_aVWAP_846,Gap_Up_aVWAP_810,Gap_Up_aVWAP_786,Gap_Up_aVWAP_744,Gap_Up_aVWAP_666,Gap_Up_aVWAP_660,Gap_Up_aVWAP_630,Gap_Up_aVWAP_612,Gap_Up_aVWAP_606,Gap_Down_aVWAP_876,Gap_Down_aVWAP_864,Gap_Down_aVWAP_852,Gap_Down_aVWAP_840,Gap_Down_aVWAP_798,Gap_Down_aVWAP_774,Gap_Down_aVWAP_738,Gap_Down_aVWAP_732,Gap_Down_aVWAP_720,Gap_Down_aVWAP_696,aVWAP_OB_bull_739,aVWAP_OB_bull_643,aVWAP_OB_bull_564,aVWAP_OB_bull_392,aVWAP_OB_bear_342,aVWAP_OB_bear_283,aVWAP_OB_bear_159,color,Liquidity,Liquidity_Level,StDev,StDev_Mean,StdDev_ZScore,OB,OB_High,OB_Low,OB_Mitigated_Index,FVG,FVG_High,FVG_Low,FVG_Mitigated_Index,QQEMOD,QQE1_Value,QQE1_Above_Upper,QQE1_Below_Lower,QQE2_Above_Threshold,QQE2_Below_Threshold,QQE2_Above_TL,banker_RSI,TTM_squeeze_Active,VI_plus,VI_minus,VI_Regular_Bullish,VI_Regular_Bearish,VI_Hidden_Bullish,VI_Hidden_Bearish,Fisher,Fisher_Signal,Fisher_Regular_Bullish,Fisher_Regular_Bearish,Fisher_Hidden_Bullish,Fisher_Hidden_Bearish,OBV,OBV_Smoothed,OBV_Regular_Bullish,OBV_Regular_Bearish,OBV_Hidden_Bullish,OBV_Hidden_Bearish,Volume_MA,Vol_Regular_Bullish,Vol_Regular_Bearish,Vol_Hidden_Bullish,Vol_Hidden_Bearish
2025-03-24 14:00:00+00:00,0.6607,0.6817,0.6564,0.6638,175457.0,,,,,,,,,,,,,,,,,,,,,,,,,,,,"rgba(38, 166, 154, 1.0)",-1.0,0.60078,,,,0.0,0.0,0.0,0.0,0.0,0.0,0.0,0.0,,,False,False,False,False,False,,0,,,False,False,False,False,,,False,False,False,False,0.0,0.0,False,False,False,False,175457.0,False,False,False,False
2025-03-24 15:00:00+00:00,0.6692,0.6764,0.6622,0.6707,80900.0,,,,,,,,,,,,,,,,,,,,,,,,,,,,"rgba(38, 166, 154, 1.0)",0.0,0.0,,,,0.0,0.0,0.0,0.0,0.0,0.0,0.0,0.0,100.0,,False,False,True,False,False,,0,,,False,False,False,False,,,False,False,False,False,80900.0,1254.2635658914728,False,False,False,False,173991.0,False,False,False,False
2025-03-24 16:00:00+00:00,0.6706,0.6725,0.6615,0.6677,14396.0,,,,,,,,,,,,,,,,,,,,,,,,,,,,"rgba(239, 83, 80, 1.0)",0.0,0.0,,,,0.0,0.0,0.0,0.0,0.0,0.0,0.0,0.0,89.05109489051097,11.678832116788385,False,False,True,False,True,,0,,,False,False,False,False,,,False,False,False,False,66504.0,2265.8873865753258,False,False,False,False,171516.65891472867,False,False,False,False
2025-03-24 17:00:00+00:00,0.6631,0.6771,0.6618,0.6643,78670.0,,,,,,,,,,,,,,,,,,,,,,,,,,,,"rgba(239, 83, 80, 1.0)",0.0,0.0,,,,0.0,0.0,0.0,0.0,0.0,0.0,0.0,0.0,75.14445983054438,11.678832116788385,False,False,True,False,True,,0,,,False,False,False,False,,,False,False,False,False,-12166.0,2042.1371945353983,False,False,False,False,170077.17583077936,False,False,False,False
2025-03-24 18:00:00+00:00,0.6657,0.6771,0.663,0.6743,48780.0,,,,,,,,,,,,,,,,,,,,,,,,,,,,"rgba(38, 166, 154, 1.0)",0.0,0.0,,,,0.0,0.0,0.0,0.0,0.0,0.0,0.0,0.0,74.54798067596823,11.678832116788385,False,False,True,False,True,,0,,,False,False,False,False,,,False,False,False,False,36614.0,2578.135067488338,False,False,False,False,168196.59946130993,False,False,False,False
2025-03-24 19:00:00+00:00,0.6742,0.6859,0.6684,0.6825,71530.0,,,,,,,,,,,,,,,,,,,,,,,,,,,,"rgba(38, 166, 154, 1.0)",0.0,0.0,,,,0.0,0.0,0.0,0.0,0.0,0.0,0.0,0.0,76.93115153469148,11.678832116788385,False,False,True,False,True,,0,,,False,False,False,False,,,False,False,False,False,108144.0,4214.815143961387,False,False,False,False,166697.8924929175,False,False,False,False
2025-03-25 14:00:00+00:00,0.6794,0.6918,0.6711,0.6772,73979.0,,,,,,,,,,,,,,,,,,,,,,,,,,,,"rgba(239, 83, 80, 1.0)",0.0,0.0,,,,0.0,0.0,0.0,0.0,0.0,0.0,0.0,0.0,73.46980947195671,11.678832116788385,False,False,True,False,True,,0,,,False,False,False,False,,,False,False,False,False,34165.0,4679.159095217799,False,False,False,False,165260.390283725,False,False,False,False
2025-03-25 15:00:00+00:00,0.6772,0.6902,0.6716,0.6902,24267.0,,,,,,,,,,,,,,,,,,,,,,,,,,,,"rgba(38, 166, 154, 1.0)",0.0,0.0,,,,0.0,0.0,0.0,0.0,0.0,0.0,0.0,0.0,74.93687981483933,11.678832116788385,False,False,True,False,True,,0,,,False,False,False,False,,,False,False,False,False,58432.0,5512.536473586515,False,False,False,False,163074.44624831842,False,False,False,False
2025-03-25 16:00:00+00:00,0.6857,0.6902,0.6739,0.6818,3985.0,,,,,,,,,,,,,,,,,,,,,,,,,,,,"rgba(239, 83, 80, 1.0)",0.0,0.0,,,,0.0,0.0,0.0,0.0,0.0,0.0,0.0,0.0,70.78909235619423,11.678832116788385,False,False,True,False,False,,0,,,False,False,False,False,,,False,False,False,False,54447.0,6271.210326709204,False,False,False,False,160607.9432057088,False,False,False,False
2025-03-25 17:00:00+00:00,0.6759,0.6921,0.6759,0.6847,64207.0,,,,,,,,,,,,,,,,,,,,,,,,,,,,"rgba(38, 166, 154, 1.0)",0.0,0.0,,,,0.0,0.0,0.0,0.0,0.0,0.0,0.0,0.0,68.91447996107792,11.678832116788385,False,False,True,False,False,,0,,,False,False,False,False,,,False,False,False,False,118654.0,8013.5791588532475,False,False,False,False,159113.35493895365,False,False,False,False
2025-03-25 18:00:00+00:00,0.6847,0.6914,0.675,0.6808,22698.0,,,,,,,,,,,,,,,,,,,,,,,,,,,,"rgba(239, 83, 80, 1.0)",0.0,0.0,,,,0.0,0.0,0.0,0.0,0.0,0.0,0.0,0.0,65.5514876987864,11.678832116788385,False,False,True,False,False,,0,,,False,False,False,False,,,False,False,False,False,95956.0,9377.027543987306,False,False,False,False,156998.38819571404,False,False,False,False
2025-03-25 19:00:00+00:00,0.6818,0.686,0.6748,0.686,44913.0,,,,,,,,,,,,,,,,,,,,,,,,,,,,"rgba(38, 166, 154, 1.0)",0.0,0.0,,,,0.0,0.0,0.0,0.0,0.0,0.0,0.0,0.0,65.05731011117038,11.678832116788385,False,False,True,False,False,,0,,,False,False,False,False,,,False,False,False,False,140869.0,11415.662775863471,False,False,False,False,155260.63023919135,False,False,False,False
2025-03-26 14:00:00+00:00,0.6626,0.6823,0.6498,0.6609,51465.0,,,,,,,,,,,,,,,,,,,,,,,,,,,,"rgba(239, 83, 80, 1.0)",0.0,0.0,,,,0.0,0.0,0.0,0.0,0.0,0.0,0.0,0.0,55.99697456164314,20.958390366916262,False,False,True,False,False,,0,,,False,False,False,False,,,False,False,False,False,89404.0,12624.784283214425,False,False,False,False,153651.39566183955,False,False,False,False
2025-03-26 15:00:00+00:00,0.661,0.6719,0.6508,0.6516,19299.0,,,,,,,,,,,,,,,,,,,,,,,,,,,,"rgba(239, 83, 80, 1.0)",0.0,0.0,,,,0.0,0.0,0.0,0.0,0.0,0.0,0.0,0.0,48.11851133051451,12.795438538112485,False,False,False,True,False,,1,,,False,False,False,False,,,False,False,False,False,70105.0,13515.950418358389,False,False,False,False,151568.41278336142,False,False,False,False
2025-03-26 16:00:00+00:00,0.6674,0.6687,0.645,0.6663,47865.0,,,,,,,,,,,,,,,,,,,,,,,,,,,,"rgba(38, 166, 154, 1.0)",0.0,0.0,,,,0.0,0.0,0.0,0.0,0.0,0.0,0.0,0.0,47.50303520861753,11.4723602375892,False,False,False,True,False,,1,,,False,False,False,False,,,False,False,False,False,117970.0,15135.393047531126,False,False,False,False,149960.60793400698,False,False,False,False
2025-03-26 17:00:00+00:00,0.6663,0.6695,0.6449,0.653,35629.0,,,,,,,,,,,,,,,,,,,,,,,,,,,,"rgba(38, 166, 154, 1.0)",0.0,0.0,,0.6558,,0.0,0.0,0.0,0.0,0.0,0.0,0.0,0.0,44.42285921887089,7.688563451337515,False,False,False,True,False,,0,,,False,False,False,False,,,False,False,False,False,82341.0,16177.340442143046,False,False,False,False,148188.0248652627,False,False,False,False
2025-03-26 18:00:00+00:00,0.6528,0.6644,0.6517,0.66,51601.0,,,,,,,,,,,,,,,,,,,,,,,,,,,,"rgba(38, 166, 154, 1.0)",0.0,0.0,,0.657515498108449,,0.0,0.0,0.0,0.0,0.0,0.0,0.0,0.0,44.28252641129538,6.5813184454576685,False,False,False,True,False,,0,,,False,False,False,False,,,False,False,False,False,133942.0,18003.149117458655,False,False,False,False,146690.5516115377,False,False,False,False
2025-03-26 19:00:00+00:00,0.653,0.6635,0.651,0.6552,84547.0,,,,,,,,,,,,,,,,,,,,,,,,,,,,"rgba(38, 166, 154, 1.0)",0.0,0.0,,0.6570484923282318,,0.0,0.0,0.0,0.0,0.0,0.0,0.0,0.0,43.2074940204704,4.503013805433916,False,False,False,True,False,,0,,,False,False,False,False,,,False,False,False,False,49395.0,18489.844479978674,False,False,False,False,145727.08569507973,False,False,False,False
2025-03-27 14:00:00+00:00,0.6764,0.7097,0.667,0.7046,80980.0,,,,,,,,,,,,,,,,,,,,,,,,,,,,"rgba(38, 166, 154, 1.0)",0.0,0.0,,0.6688125097755289,,0.0,0.0,0.0,0.0,0.0,0.0,0.0,0.0,51.067821410403354,4.503013805433916,False,False,True,False,True,,0,,,False,False,False,False,,,False,False,False,False,130375.0,20224.49805393249,False,False,False,False,144723.2549091095,False,False,False,False
2025-03-27 15:00:00+00:00,0.7015,0.735,0.6933,0.7143,115102.0,,,,,,,,,,,,,,,,,,,,,,,,,,,,"rgba(38, 166, 154, 1.0)",0.0,0.0,,0.6830141220775715,,0.0,0.0,0.0,0.0,0.0,0.0,0.0,0.0,57.28170821437294,-3.6907677925610614,False,False,True,False,True,,0,,,False,False,False,False,,,False,False,False,False,245477.0,23716.784905809505,False,False,False,False,144264.01064695275,False,False,False,False
2025-03-27 16:00:00+00:00,0.7143,0.7179,0.6979,0.7098,56374.0,,,,,,,,,,,,,,,,,,,,,,,,,,,,"rgba(38, 166, 154, 1.0)",0.0,0.0,,0.6864052303019018,,0.0,0.0,0.0,0.0,0.0,0.0,0.0,0.0,60.40449645677629,-0.4316559829929645,False,False,True,False,True,,0,,,False,False,False,False,,,False,False,False,False,189103.0,26280.912271610905,False,False,False,False,142901.374822969,False,False,False,False
2025-03-27 17:00:00+00:00,0.7097,0.7418,0.6996,0.7184,92477.0,,,,,,,,,,,,,,,,,,,,,,,,,,,,"rgba(38, 166, 154, 1.0)",0.0,0.0,,0.7061695899053628,,0.0,0.0,0.0,0.0,0.0,0.0,0.0,0.0,63.444868002300844,2.8253715885553277,False,False,True,False,True,,0,,,False,False,False,False,,,False,False,False,False,281580.0,30239.037662748717,False,False,False,False,142119.6015698997,False,False,False,False
2025-03-27 18:00:00+00:00,0.7189,0.7292,0.7051,0.7269,19770.0,,,,,,,,,,,,,,,,,,,,,,,,,,,,"rgba(38, 166, 154, 1.0)",0.0,0.0,,0.7067264976272445,,0.0,0.0,0.0,0.0,0.0,0.0,0.0,0.0,66.36047316869328,6.0128559515135365,False,False,True,False,True,,0,,,False,False,False,False,,,False,False,False,False,301350.0,34442.30839665959,False,False,False,False,140222.70852230434,False,False,False,False
2025-03-27 19:00:00+00:00,0.7269,0.7279,0.7011,0.7175,63794.0,,,,,,,,,,,,,,,,,,,,,,,,,,,,"rgba(38, 166, 154, 1.0)",0.0,0.0,,0.7070806715032945,,0.0,0.0,0.0,0.0,0.0,0.0,0.0,0.0,65.9421307822709,6.140586700938208,False,False,True,False,True,,0,,,False,False,False,False,,,False,False,False,False,237556.0,37591.35787888192,False,False,False,False,139037.76730490426,False,False,False,False
2025-03-28 14:00:00+00:00,0.695,0.7121,0.6751,0.6807,40688.0,,,,,,,,,,,,,,,,,,,,,,,,,,,,"rgba(38, 166, 154, 1.0)",0.0,0.0,,0.7041453132764295,,0.0,0.0,0.0,0.0,0.0,0.0,0.0,0.0,59.11297902973443,6.140586700938208,False,False,True,False,False,,0,,,False,False,False,False,,,False,False,False,False,196868.0,40060.7631830853,False,False,False,False,137512.96471102978,False,False,False,False
2025-03-28 15:00:00+00:00,0.6807,0.6827,0.6622,0.6678,16500.0,,,,,,,,,,,,,,,,,,,,,,,,,,,,"rgba(38, 166, 154, 1.0)",0.0,0.0,,0.7023518789785834,,0.0,0.0,0.0,0.0,0.0,0.0,0.0,0.0,52.948555636264246,12.880666861783808,False,False,False,False,False,,0,,,False,False,False,False,,,False,False,False,False,180368.0,42236.06918024676,False,False,False,False,135636.79471550992,False,False,False,False
2025-03-28 16:00:00+00:00,0.6652,0.6736,0.6618,0.6675,16619.0,,,,,,,,,,,,,,,,,,,,,,,,,,,,"rgba(38, 166, 154, 1.0)",0.0,0.0,,0.7006102426471585,,0.0,0.0,0.0,0.0,0.0,0.0,0.0,0.0,48.80136429404537,8.871998549808374,False,False,False,True,False,,0,,,False,False,False,False,,,False,False,False,False,163749.0,44119.99058830495,False,False,False,False,133791.55758813766,False,False,False,False
2025-03-28 17:00:00+00:00,0.6673,0.6724,0.6638,0.6644,8192.0,,,,,,,,,,,,,,,,,,,,,,,,,,,,"rgba(38, 166, 154, 1.0)",0.0,0.0,,0.6998076590562834,,0.0,0.0,0.0,0.0,0.0,0.0,0.0,0.0,45.61457836337624,5.689720581331436,False,False,False,True,False,,0,,,False,False,False,False,,,False,False,False,False,155557.0,45847.69616057929,False,False,False,False,131844.27762553087,False,False,False,False
2025-03-28 18:00:00+00:00,0.6676,0.6714,0.6559,0.6601,19107.0,,,,,,,,,,,,,,,,,,,,,,,,,,,,"rgba(38, 166, 154, 1.0)",0.0,0.0,,0.6978857884242806,,0.0,0.0,0.0,0.0,0.0,0.0,0.0,0.0,42.88178901253474,2.830089572658885,False,False,False,True,False,,0,,,False,False,False,False,,,False,False,False,False,136450.0,47252.383041810615,False,False,False,False,130096.4128561428,False,False,False,False
2025-03-28 19:00:00+00:00,0.6601,0.6684,0.6562,0.6644,154066.0,,,,,,,,,,,,,,,,,,,,,,,,,,,,"rgba(38, 166, 154, 1.0)",0.0,0.0,,0.6880712804451699,,0.0,0.0,0.0,0.0,0.0,0.0,0.0,0.0,42.097031670966345,1.6446972818304886,False,False,False,True,False,,0,,,False,False,False,False,,,False,False,False,False,290516.0,51023.91198689882,False,False,False,False,130468.0343622491,False,False,False,False
2025-03-31 14:00:00+00:00,0.6301,0.6396,0.6181,0.629,20407.0,,,,,,,,,,,,,,,,,,,,,,,,,,,,"rgba(239, 83, 80, 1.0)",0.0,0.0,,0.6669927153676177,,0.0,0.0,0.0,0.0,0.0,0.0,0.0,0.0,37.31478976580951,-3.2976334247716323,False,False,False,True,False,,0,,,False,False,False,False,,,False,False,False,False,270109.0,54420.580018109686,False,False,False,False,128761.66173647779,False,False,False,False
2025-03-31 15:00:00+00:00,0.629,0.6458,0.6264,0.6452,10936.0,,,,,,,,,,,,,,,,,,,,,,,,,,,,"rgba(239, 83, 80, 1.0)",0.0,0.0,,0.6676208667780122,,0.0,0.0,0.0,0.0,0.0,0.0,0.0,0.0,37.48974894529557,-3.583138232638703,False,False,False,True,False,,0,,,False,False,False,False,,,False,False,False,False,281045.0,57934.13691705372,False,False,False,False,126934.907290951,False,False,False,False
2025-03-31 16:00:00+00:00,0.6452,0.6482,0.6335,0.6372,46096.0,,,,,,,,,,,,,,,,,,,,,,,,,,,,"rgba(239, 83, 80, 1.0)",0.0,0.0,,0.6669205103691489,,0.0,0.0,0.0,0.0,0.0,0.0,0.0,0.0,36.69829335776462,-4.94722972620518,False,False,False,True,False,,0,,,False,False,False,False,,,False,False,False,False,234949.0,60678.55339895986,False,False,False,False,125681.59089884323,False,False,False,False
2025-03-31 17:00:00+00:00,0.6372,0.6494,0.6347,0.6411,23779.0,,,,,,,,,,,,,,,,,,,,,,,,,,,,"rgba(239, 83, 80, 1.0)",0.0,0.0,,0.6663871256926265,,0.0,0.0,0.0,0.0,0.0,0.0,0.0,0.0,36.99220753218977,-5.3245901908414695,False,False,False,True,False,,0,,,False,False,False,False,,,False,False,False,False,258728.0,63749.087454789944,False,False,False,False,124101.70576862861,False,False,False,False
2025-03-31 18:00:00+00:00,0.6411,0.66,0.6397,0.6547,31963.0,,,,,,,,,,,,,,,,,,,,,,,,,,,,"rgba(239, 83, 80, 1.0)",0.0,0.0,,0.6666203748982772,,0.0,0.0,0.0,0.0,0.0,0.0,0.0,0.0,39.88661112650392,-5.3245901908414695,False,False,False,True,False,,0,,,False,False,False,False,,,False,False,False,False,290691.0,67267.56671905676,False,False,False,False,122673.19870244832,False,False,False,False
2025-03-31 19:00:00+00:00,0.6547,0.6633,0.6422,0.6582,20835.0,,,,,,,,,,,,,,,,,,,,,,,,,,,,"rgba(239, 83, 80, 1.0)",0.0,0.0,,0.6667698147855267,,0.0,0.0,0.0,0.0,0.0,0.0,0.0,0.0,42.471546672783596,-5.3245901908414695,False,False,False,True,True,,0,,,False,False,False,False,,,False,False,False,False,311526.0,71054.51917302486,False,False,False,False,121094.31190085998,False,False,False,False
2025-04-01 14:00:00+00:00,0.6499,0.6653,0.6401,0.659,24810.0,,,,,,,,,,,,,,,,,,,,,,,,,,,,"rgba(239, 83, 80, 1.0)",0.0,0.0,,0.6668136947361534,,0.0,0.0,0.0,0.0,0.0,0.0,0.0,0.0,44.35575526787591,-5.3245901908414695,False,False,False,True,True,,0,,,False,False,False,False,,,False,False,False,False,336336.0,75167.41034863688,False,False,False,False,119601.53187138928,False,False,False,False
2025-04-01 15:00:00+00:00,0.6598,0.6687,0.6542,0.6668,80955.0,,,,,,,,,,,,,,,,,,,,,,,,,,,,"rgba(239, 83, 80, 1.0)",0.0,0.0,,0.6678516680487983,,0.0,0.0,0.0,0.0,0.0,0.0,0.0,0.0,47.20007353514369,-9.25973142765202,False,False,False,False,True,,0,,,False,False,False,False,,,False,False,False,False,417291.0,80471.65204865801,False,False,False,False,119002.36083462356,False,False,False,False
2025-04-01 16:00:00+00:00,0.6611,0.6751,0.6563,0.6581,14897.0,,,,,,,,,,,,,,,,,,,,,,,,,,,,"rgba(239, 83, 80, 1.0)",0.0,0.0,,0.6667429762841244,,0.0,0.0,0.0,0.0,0.0,0.0,0.0,0.0,47.27447516072951,-8.827402980166902,False,False,False,True,True,,0,,,False,False,False,False,,,False,False,False,False,402394.0,85462.69620294239,False,False,False,False,117388.32423253637,False,False,False,False
2025-04-01 17:00:00+00:00,0.6668,0.6719,0.6543,0.6562,15150.0,,,,,,,,,,,,,,,,,,,,,,,,,,,,"rgba(239, 83, 80, 1.0)",0.0,0.0,,0.666442723669102,,0.0,0.0,0.0,0.0,0.0,0.0,0.0,0.0,46.932668008015256,-8.730242556501167,False,False,False,True,True,,0,,,False,False,False,False,,,False,False,False,False,387244.0,90141.47610677272,False,False,False,False,115803.2339343575,False,False,False,False
2025-04-01 18:00:00+00:00,0.6602,0.6627,0.644,0.6583,60348.0,,,,,,,,,,,,,,,,,,,,,,,,,,,,"rgba(239, 83, 80, 1.0)",0.0,0.0,,0.664769445952283,,0.0,0.0,0.0,0.0,0.0,0.0,0.0,0.0,47.239944036409675,-7.946238459482345,False,False,False,True,True,,0,,,False,False,False,False,,,False,False,False,False,447592.0,95683.34469426461,False,False,False,False,114943.46286560777,False,False,False,False
2025-04-01 19:00:00+00:00,0.6521,0.6635,0.6474,0.6532,21500.0,,,,,,,,,,,,,,,,,,,,,,,,,,,,"rgba(239, 83, 80, 1.0)",0.0,0.0,,0.6644632173148093,,0.0,0.0,0.0,0.0,0.0,0.0,0.0,0.0,46.24129725508166,-7.946238459482345,False,True,False,True,True,,1,,,False,False,False,False,,,False,False,False,False,426092.0,100805.95950520625,False,False,False,False,113494.72700722625,False,False,False,False
2025-04-02 14:00:00+00:00,0.6423,0.6508,0.6402,0.6462,18691.0,,,,,,,,,,,,,,,,,,,,,,,,,,,,"rgba(239, 83, 80, 1.0)",0.0,0.0,,0.6637223742372031,,0.0,0.0,0.0,0.0,0.0,0.0,0.0,0.0,44.03667417279097,-7.946238459482345,False,True,False,True,False,,1,,,False,False,False,False,,,False,False,False,False,407401.0,105559.37098574569,False,False,False,False,112024.901782308,False,False,False,False
2025-04-02 15:00:00+00:00,0.645,0.6627,0.6446,0.651,92723.0,,,,,,,,,,,,,,,,,,,,,,,,,,,,"rgba(239, 83, 80, 1.0)",0.0,0.0,,0.6626247938752683,,0.0,0.0,0.0,0.0,0.0,0.0,0.0,0.0,44.066118262430706,-7.946238459482345,False,True,False,True,False,,1,,,False,False,False,False,,,False,False,False,False,500124.0,111676.65205573411,False,False,False,False,111725.64749110943,False,False,False,False
2025-04-02 16:00:00+00:00,0.6479,0.6644,0.6471,0.6542,5502.0,,,,,,,,,,,,,,,,,,,,,,,,,,,,"rgba(239, 83, 80, 1.0)",0.0,0.0,,0.6625984801959672,,0.0,0.0,0.0,0.0,0.0,0.0,0.0,0.0,45.07131196007738,-7.946238459482345,False,True,False,True,False,,1,,,False,False,False,False,,,False,False,False,False,505626.0,117784.39388432738,False,False,False,False,110078.7692354333,False,False,False,False
2025-04-02 17:00:00+00:00,0.6623,0.6634,0.6481,0.6507,14766.0,,,,,,,,,,,,,,,,,,,,,,,,,,,,"rgba(239, 83, 80, 1.0)",0.0,0.0,,0.6624935647065064,,0.0,0.0,0.0,0.0,0.0,0.0,0.0,0.0,44.78205145071042,-7.946238459482345,False,True,False,True,False,,1,,,False,False,False,False,,,False,False,False,False,490860.0,123568.51180860138,False,False,False,False,108601.05188294596,False,False,False,False
2025-04-02 18:00:00+00:00,0.6522,0.6583,0.6458,0.6471,23633.0,,,,,,,,,,,,,,,,,,,,,,,,,,,,"rgba(239, 83, 80, 1.0)",0.0,0.0,,0.6621705100482063,,0.0,0.0,0.0,0.0,0.0,0.0,0.0,0.0,43.615783358663144,-7.946238459482345,False,True,False,True,False,,1,,,False,False,False,False,,,False,False,False,False,467227.0,128896.5503852122,False,False,False,False,107283.71774522586,False,False,False,False
2025-04-02 19:00:00+00:00,0.6466,0.6592,0.645,0.645,14776.0,,,,,,,,,,,,,,,,,,,,,,,,,,,,"rgba(239, 83, 80, 1.0)",0.0,0.0,,0.6619636769704987,,0.0,0.0,0.0,0.0,0.0,0.0,0.0,0.0,42.266453183521485,-7.946238459482345,False,True,False,True,False,,1,,,False,False,False,False,,,False,False,False,False,452451.0,133912.8984412554,False,False,False,False,105849.48956312933,False,False,False,False
2025-04-03 14:00:00+00:00,0.6238,0.6327,0.6113,0.6137,49797.0,,,,,,,,,,,,,,,,,,,,,,,,,,,,"rgba(239, 83, 80, 1.0)",0.0,0.0,,0.6589133525968629,,0.0,0.0,0.0,0.0,0.0,0.0,0.0,0.0,35.95084346071751,-10.384421436537586,False,True,False,True,False,,0,,,False,False,False,False,,,False,False,False,False,402654.0,138079.42714759253,False,False,False,False,104980.45871718934,False,False,False,False
2025-04-03 15:00:00+00:00,0.6135,0.6254,0.6112,0.619,32635.0,,,,,,,,,,,,,,,,,,,,,,,,,,,,"rgba(239, 83, 80, 1.0)",0.0,0.0,,0.6571793043976837,,0.0,0.0,0.0,0.0,0.0,0.0,0.0,0.0,33.59482304513132,-12.389893789532834,False,True,False,True,False,0.0,0,,,False,False,False,False,,,False,False,False,False,435289.0,142687.32750189342,False,False,False,False,103858.82369831819,False,False,False,False
2025-04-03 16:00:00+00:00,0.619,0.6258,0.6169,0.619,12241.0,,,,,,,,,,,,,,,,,,,,,,,,,,,,"rgba(239, 83, 80, 1.0)",0.0,0.0,,0.6566149038263197,,0.0,0.0,0.0,0.0,0.0,0.0,0.0,0.0,32.024142768073865,-13.739766605439776,False,True,False,True,False,0.0,0,,,False,False,False,False,,,False,False,False,False,435289.0,147223.78754062374,False,False,False,False,102438.39232315045,False,False,False,False
2025-04-03 17:00:00+00:00,0.6241,0.6259,0.6169,0.6193,4064.0,,,,,,,,,,,,,,,,,,,,,,,,,,,,"rgba(239, 83, 80, 1.0)",0.0,0.0,,0.6564333356978173,,0.0,0.0,0.0,0.0,0.0,0.0,0.0,0.0,31.099594152419584,-14.599987209451754,False,True,False,True,False,0.0,0,,,False,False,False,False,,,False,False,False,False,439353.0,151752.92261751328,False,False,False,False,100913.20794604733,False,False,False,False
2025-04-03 18:00:00+00:00,0.6195,0.6254,0.6118,0.6178,28101.0,,,,,,,,,,,,,,,,,,,,,,,,,,,,"rgba(239, 83, 80, 1.0)",0.0,0.0,,0.6551487618837392,,0.0,0.0,0.0,0.0,0.0,0.0,0.0,0.0,30.2076661054918,-15.533569269760832,False,True,False,True,False,0.0,0,,,False,False,False,False,,,False,False,False,False,411252.0,155776.16412731927,False,False,False,False,99784.33650502334,False,False,False,False
2025-04-03 19:00:00+00:00,0.6178,0.6242,0.6123,0.62,98216.0,,,,,,,,,,,,,,,,,,,,,,,,,,,,"rgba(239, 83, 80, 1.0)",0.0,0.0,,0.6514577732002663,,0.0,0.0,0.0,0.0,0.0,0.0,0.0,0.0,30.67607546217221,-15.533569269760832,False,True,False,True,False,0.0,0,,,False,False,False,False,,,False,False,False,False,509468.0,161259.75848193446,False,False,False,False,99760.02121037182,False,False,False,False
2025-04-04 14:00:00+00:00,0.5894,0.5908,0.5534,0.5731,72136.0,,,,,,,,,,,,,,,,,,,,,,,,,,,,"rgba(239, 83, 80, 1.0)",0.0,0.0,,0.6456776808463038,,0.0,0.0,0.0,0.0,0.0,0.0,0.0,0.0,25.54489682040587,-20.09384042427743,False,True,False,True,False,0.0,0,,,False,False,False,False,,,False,False,False,False,437332.0,165539.94827291224,False,False,False,False,99331.7418117614,False,False,False,False
2025-04-04 15:00:00+00:00,0.5672,0.5944,0.5672,0.5728,32833.0,,,,,,,,,,,,,,,,,,,,,,,,,,,,"rgba(239, 83, 80, 1.0)",0.0,0.0,,0.6435550248838606,,0.0,0.0,0.0,0.0,0.0,0.0,0.0,0.0,22.105244394171837,-23.202271655089397,False,True,False,True,False,0.0,0,,,False,False,False,False,,,False,False,False,False,404499.0,169244.73977255702,False,False,False,False,98300.75356661782,False,False,False,False
2025-04-04 16:00:00+00:00,0.5728,0.5946,0.5644,0.5825,59269.0,,,,,,,,,,,,,,,,,,,,,,,,,,,,"rgba(239, 83, 80, 1.0)",0.0,0.0,,0.6402245147580545,,0.0,0.0,0.0,0.0,0.0,0.0,0.0,0.0,23.167029518238095,-23.202271655089397,False,True,False,True,False,0.0,0,,,False,False,False,False,,,False,False,False,False,463768.0,173810.9918691065,False,False,False,False,97695.6101004687,False,False,False,False
2025-04-04 17:00:00+00:00,0.5825,0.5958,0.5691,0.5957,14272.0,,,,,,,,,,,,,,,,,,,,,,,,,,,,"rgba(239, 83, 80, 1.0)",0.0,0.0,,0.6395680405003058,,0.0,0.0,0.0,0.0,0.0,0.0,0.0,0.0,27.705044438563768,-27.462278797293536,False,True,False,True,True,0.0,0,,,False,False,False,False,,,False,False,False,False,478040.0,178527.72067733743,False,False,False,False,96402.22079658545,False,False,False,False
2025-04-04 18:00:00+00:00,0.5958,0.5958,0.5704,0.5835,11693.0,,,,,,,,,,,,,,,,,,,,,,,,,,,,"rgba(239, 83, 80, 1.0)",0.0,0.0,,0.6390039167789352,,0.0,0.0,0.0,0.0,0.0,0.0,0.0,0.0,29.040038330640368,-26.27449364701996,False,True,False,True,True,0.0,0,,,False,False,False,False,,,False,False,False,False,466347.0,182990.03508544073,False,False,False,False,95088.8995439252,False,False,False,False
2025-04-04 19:00:00+00:00,0.5831,0.5968,0.5737,0.5906,19113.0,,,,,,,,,,,,,,,,,,,,,,,,,,,,"rgba(239, 83, 80, 1.0)",0.0,0.0,,0.6381757023819123,,0.0,0.0,0.0,0.0,0.0,0.0,0.0,0.0,31.81467066117093,-23.658956865189978,False,True,False,True,True,0.0,0,,,False,False,False,False,,,False,False,False,False,485460.0,187679.4919058215,False,False,False,False,93910.97862076356,False,False,False,False
2025-04-07 14:00:00+00:00,0.5639,0.5969,0.5553,0.5684,26769.0,,,,,,,,,,,,,,,,,,,,,,,,,,,,"rgba(239, 83, 80, 1.0)",0.0,0.0,,0.6367413586029067,,0.0,0.0,0.0,0.0,0.0,0.0,0.0,0.0,30.8553325197003,-23.658956865189978,False,True,False,True,True,0.0,0,,,False,False,False,False,,,False,False,False,False,458691.0,191881.22071348317,False,False,False,False,92870.01771191451,False,False,False,False
2025-04-07 15:00:00+00:00,0.5675,0.5837,0.5516,0.5577,25201.0,,,,,,,,,,,,,,,,,,,,,,,,,,,,"rgba(239, 83, 80, 1.0)",0.0,0.0,,0.6352525749149082,,0.0,0.0,0.0,0.0,0.0,0.0,0.0,0.0,29.164690473703025,-23.658956865189978,False,True,False,True,False,0.0,0,,,False,False,False,False,,,False,False,False,False,433490.0,195627.09326056094,False,False,False,False,91820.88565436545,False,False,False,False
2025-04-07 16:00:00+00:00,0.5576,0.5625,0.5501,0.5575,62433.0,,,,,,,,,,,,,,,,,,,,,,,,,,,,"rgba(239, 83, 80, 1.0)",0.0,0.0,,0.6314500757367147,,0.0,0.0,0.0,0.0,0.0,0.0,0.0,0.0,28.017947077496377,-23.658956865189978,False,True,False,True,False,0.0,0,,,False,False,False,False,,,False,False,False,False,371057.0,198346.93677590106,False,False,False,False,91365.25952018924,False,False,False,False
2025-04-07 17:00:00+00:00,0.5575,0.59,0.5538,0.5837,30428.0,,,,,,,,,,,,,,,,,,,,,,,,,,,,"rgba(239, 83, 80, 1.0)",0.0,0.0,,0.6302068197078798,,0.0,0.0,0.0,0.0,0.0,0.0,0.0,0.0,33.49302271878398,-22.003165333170692,False,True,False,True,True,0.0,0,,,False,False,False,False,,,False,False,False,False,401485.0,201496.36411270878,False,False,False,False,90420.49580669793,False,False,False,False
2025-04-07 18:00:00+00:00,0.5836,0.5887,0.5639,0.5686,20418.0,,,,,,,,,,,,,,,,,,,,,,,,,,,,"rgba(239, 83, 80, 1.0)",0.0,0.0,,0.6293725705620319,,0.0,0.0,0.0,0.0,0.0,0.0,0.0,0.0,35.06235990430073,-20.529202844590774,False,True,False,True,True,0.0,0,,,False,False,False,False,,,False,False,False,False,381067.0,204280.4049791784,False,False,False,False,89335.18579419098,False,False,False,False
2025-04-07 19:00:00+00:00,0.5655,0.5889,0.5646,0.579,51487.0,,,,,,,,,,,,,,,,,,,,,,,,,,,,"rgba(239, 83, 80, 1.0)",0.0,0.0,,0.6275301656922432,,0.0,0.0,0.0,0.0,0.0,0.0,0.0,0.0,38.13036250671159,-17.605377798504904,False,False,False,True,True,0.0,0,,,False,False,False,False,,,False,False,False,False,432554.0,207819.53048337717,False,False,False,False,88748.39221598647,False,False,False,False
2025-04-08 14:00:00+00:00,0.545,0.5454,0.5042,0.5056,128225.0,,,,,,,,,,,,,,,,,,,,,,,,,,,,"rgba(239, 83, 80, 1.0)",0.0,0.0,,0.6183331361437205,,0.0,0.0,0.0,0.0,0.0,0.0,0.0,0.0,33.71321833967585,-17.605377798504904,False,True,False,True,False,0.0,0,,,False,False,False,False,,,False,False,False,False,304329.0,209315.80132859614,False,False,False,False,89360.43264674637,False,False,False,False
2025-04-08 15:00:00+00:00,0.5077,0.5199,0.5001,0.5114,117735.0,,,,,,,,,,,,,,,,,,,,,,,,,,,,"rgba(239, 83, 80, 1.0)",0.0,0.0,,0.6106503974473692,,0.0,0.0,0.0,0.0,0.0,0.0,0.0,0.0,31.706845758361307,-12.098912785630745,False,True,False,True,False,0.0,0,,,False,False,False,False,,,False,False,False,False,422064.0,212614.22301342408,False,False,False,False,89800.34841966502,False,False,False,False
2025-04-08 16:00:00+00:00,0.5109,0.5114,0.4778,0.4815,87353.0,,,,,,,,,,,,,,,,,,,,,,,,,,,,"rgba(239, 83, 80, 1.0)",0.0,0.0,,0.604611278005728,,0.0,0.0,0.0,0.0,0.0,0.0,0.0,0.0,28.721128346083326,-14.93530478036218,False,True,False,True,False,0.0,0,,,False,False,False,False,,,False,False,False,False,334711.0,214507.19630003767,False,False,False,False,89762.40503331363,False,False,False,False
2025-04-08 17:00:00+00:00,0.4812,0.4905,0.4582,0.4781,46151.0,,,,,,,,,,,,,,,,,,,,,,,,,,,,"rgba(239, 83, 80, 1.0)",0.0,0.0,,0.6012821767423022,,0.0,0.0,0.0,0.0,0.0,0.0,0.0,0.0,26.561320037242083,-17.03730666603169,False,True,False,True,False,0.0,0,,,False,False,False,False,,,False,False,False,False,288560.0,215655.301783758,False,False,False,False,89086.25921884364,False,False,False,False
2025-04-08 18:00:00+00:00,0.4745,0.4877,0.47,0.4768,44048.0,,,,,,,,,,,,,,,,,,,,,,,,,,,,"rgba(239, 83, 80, 1.0)",0.0,0.0,,0.5983329113269001,,0.0,0.0,0.0,0.0,0.0,0.0,0.0,0.0,25.05091489530946,-18.615730114810187,False,True,False,True,False,0.0,0,,,False,False,False,False,,,False,False,False,False,244512.0,216102.69245377727,False,False,False,False,88387.99163405536,False,False,False,False
2025-04-08 19:00:00+00:00,0.4756,0.485,0.4511,0.4573,84455.0,,,,,,,,,,,,,,,,,,,,,,,,,,,,"rgba(239, 83, 80, 1.0)",0.0,0.0,,0.5668568572161999,,0.0,0.0,0.0,0.0,0.0,0.0,0.0,0.0,23.028142702899224,-20.733091003955977,False,True,False,True,False,0.0,0,,,False,False,False,False,,,False,False,False,False,160057.0,215233.76698937762,True,False,False,False,88327.01501957388,False,False,False,False
2025-04-09 14:00:00+00:00,0.4622,0.4768,0.4544,0.4577,50613.0,,,,,,,,,,,,,,,,,,,,,,,,,,,,"rgba(239, 83, 80, 1.0)",0.0,0.0,,0.5640960469360643,,0.0,0.0,0.0,0.0,0.0,0.0,0.0,0.0,21.765564635724076,-22.179498682050156,False,True,False,True,False,0.0,0,,,False,False,False,False,,,False,False,False,False,210670.0,215163.01091202293,False,False,False,False,87742.3016084177,False,False,False,False
2025-04-09 15:00:00+00:00,0.4703,0.4758,0.459,0.4632,43832.0,,,,,,,,,,,,,,,,,,,,,,,,,,,,"rgba(239, 83, 80, 1.0)",0.0,0.0,,0.5620709424589322,,0.0,0.0,0.0,0.0,0.0,0.0,0.0,0.0,22.186782720037993,-22.179498682050156,False,True,False,True,False,0.0,0,,,False,False,False,False,,,False,False,False,False,254502.0,215772.91771958847,False,False,False,False,87061.52173851976,False,False,False,False
2025-04-09 16:00:00+00:00,0.4659,0.4708,0.4557,0.4665,19619.0,,,,,,,,,,,,,,,,,,,,,,,,,,,,"rgba(239, 83, 80, 1.0)",0.0,0.0,0.06803030000609223,0.5611344586303789,-1.3910633735541988,0.0,0.0,0.0,0.0,0.0,0.0,0.0,0.0,23.255143548344144,-22.179498682050156,False,True,False,True,False,0.0,0,,,False,False,False,False,,,False,False,False,False,274121.0,216677.53915029252,False,False,False,False,86015.90124644969,False,False,False,False
2025-04-09 17:00:00+00:00,0.4649,0.5245,0.4649,0.5225,25204.0,,,,,,,,,,,,,,,,,,,,,,,,,,,,"rgba(239, 83, 80, 1.0)",0.0,0.0,0.06893801885203285,0.5612488777037787,-0.5620828441117313,0.0,0.0,0.0,0.0,0.0,0.0,0.0,0.0,33.15622018209996,-22.82001339017493,False,False,False,True,True,0.0,0,,,False,False,False,False,,,False,False,False,False,299325.0,217958.8951324585,False,False,False,False,85073.08107208612,False,False,False,False
2025-04-09 18:00:00+00:00,0.525,0.532,0.5103,0.5139,82223.0,,,,,,,,,,,,,,,,,,,,,,,,,,,,"rgba(239, 83, 80, 1.0)",0.0,0.0,0.06989705042172846,0.5619867222187345,-0.6879649703184904,0.0,0.0,0.0,0.0,0.0,0.0,0.0,0.0,38.697689939621796,-17.955254609681212,True,False,False,True,True,0.0,0,,,False,False,False,False,,,False,False,False,False,217102.0,217945.60993660643,False,False,False,False,85028.89376864291,False,False,False,False
2025-04-09 19:00:00+00:00,0.5137,0.5357,0.5094,0.5317,40543.0,,,,,,,,,,,,,,,,,,,,,,,,,,,,"rgba(239, 83, 80, 1.0)",0.0,0.0,0.07047487188755691,0.5561007420543462,-0.34623322328670303,0.0,0.0,0.0,0.0,0.0,0.0,0.0,0.0,44.44415835623382,-12.950410278056275,True,False,False,True,True,0.0,0,,,False,False,False,False,,,False,False,False,False,257645.0,218561.10435619392,False,False,False,False,84339.1899892841,False,False,False,False
2025-04-10 14:00:00+00:00,0.5013,0.5049,0.4864,0.49,38081.0,,,,,,,,,,,,,,,,,,,,,,,,,,,,"rgba(239, 83, 80, 1.0)",0.0,0.0,0.07188284319603627,0.5526621449776707,-0.8717260223942567,0.0,0.0,0.0,0.0,0.0,0.0,0.0,0.0,43.72193695404786,-12.950410278056275,True,False,False,True,True,0.0,0,,,False,False,False,False,,,False,False,False,False,219564.0,218576.65312586533,False,False,False,False,83622.00874914016,False,False,False,False
2025-04-10 15:00:00+00:00,0.4901,0.5058,0.4848,0.4886,67622.0,,,,,,,,,,,,,,,,,,,,,,,,,,,,"rgba(239, 83, 80, 1.0)",0.0,0.0,0.0731236032437635,0.5498056778395061,-0.837016710397489,0.0,0.0,0.0,0.0,0.0,0.0,0.0,0.0,43.111665659219696,-12.950410278056275,True,False,False,True,True,0.0,0,,,False,False,False,False,,,False,False,False,False,151942.0,217543.55772856507,False,False,False,False,83373.9465979907,False,False,False,False
2025-04-10 16:00:00+00:00,0.4889,0.5055,0.4755,0.5055,83815.0,,,,,,,,,,,,,,,,,,,,,,,,,,,,"rgba(239, 83, 80, 1.0)",0.0,0.0,0.07380343323150182,0.5476991343143115,-0.5717773884846798,0.0,0.0,0.0,0.0,0.0,0.0,0.0,0.0,44.84336613873339,-12.535052126452769,True,False,False,True,True,0.0,0,,,False,False,False,False,,,False,False,False,False,235757.0,217825.93667850978,False,False,False,False,83380.78463523115,False,False,False,False
2025-04-10 17:00:00+00:00,0.4911,0.5111,0.483,0.5033,48238.0,,,,,,,,,,,,,,,,,,,,,,,,,,,,"rgba(239, 83, 80, 1.0)",0.0,0.0,0.0745098174074402,0.5468390688333807,-0.5843400285803567,0.0,0.0,0.0,0.0,0.0,0.0,0.0,0.0,45.741616678774605,-11.314292567090071,True,False,False,True,True,0.0,0,,,False,False,False,False,,,False,False,False,False,187519.0,217356.06169124605,False,False,False,False,82835.93526104151,False,False,False,False
2025-04-10 18:00:00+00:00,0.5034,0.5125,0.4885,0.5112,105761.0,,,,,,,,,,,,,,,,,,,,,,,,,,,,"rgba(239, 83, 80, 1.0)",0.0,0.0,0.074817205878698,0.545528961036639,-0.45883778515194623,0.0,0.0,0.0,0.0,0.0,0.0,0.0,0.0,47.39664474284342,-9.336125167227806,True,False,False,False,True,0.0,0,,,False,False,False,False,,,False,False,False,False,293280.0,218533.17701386238,False,False,False,False,83191.36262133544,False,False,False,False
2025-04-10 19:00:00+00:00,0.5112,0.5134,0.4909,0.5078,45089.0,,,,,,,,,,,,,,,,,,,,,,,,,,,,"rgba(239, 83, 80, 1.0)",0.0,0.0,0.07522574331741524,0.5449549868876232,-0.49391319047320836,0.0,0.0,0.0,0.0,0.0,0.0,0.0,0.0,48.01976416437883,-8.299197716535282,True,False,False,False,True,0.0,0,,,False,False,False,False,,,False,False,False,False,248191.0,218992.9882229498,False,False,False,False,82600.62831712869,False,False,False,False
2025-04-11 14:00:00+00:00,0.4854,0.4908,0.4704,0.4766,66877.0,,,,,,,,,,,,,,,,,,,,,,,,,,,,"rgba(239, 83, 80, 1.0)",0.0,0.0,0.07614118997501154,0.5427837224724548,-0.8692236422122547,0.0,0.0,0.0,0.0,0.0,0.0,0.0,0.0,44.71076972066307,-8.299197716535282,True,False,False,True,False,0.0,0,,,False,False,False,False,,,False,False,False,False,181314.0,218408.81786290405,False,False,False,False,82356.85113391739,False,False,False,False
2025-04-11 15:00:00+00:00,0.4766,0.4888,0.4717,0.4771,52118.0,,,,,,,,,,,,,,,,,,,,,,,,,,,,"rgba(239, 83, 80, 1.0)",0.0,0.0,0.07698937806694585,0.5412450157702869,-0.8331670859129403,0.0,0.0,0.0,0.0,0.0,0.0,0.0,0.0,42.588805859053174,-8.299197716535282,True,False,False,True,False,0.0,0,,,False,False,False,False,,,False,False,False,False,233432.0,218641.73541541715,False,False,False,False,81888.03173649231,False,False,False,False
2025-04-11 16:00:00+00:00,0.4753,0.4874,0.4739,0.485,39700.0,,,,,,,,,,,,,,,,,,,,,,,,,,,,"rgba(239, 83, 80, 1.0)",0.0,0.0,0.07749378778938304,0.5402300654094496,-0.71270313382483,0.0,0.0,0.0,0.0,0.0,0.0,0.0,0.0,42.561348660260904,-8.299197716535282,True,False,False,True,False,0.0,0,,,False,False,False,False,,,False,False,False,False,273132.0,219486.54571905406,False,False,False,False,81233.95372507382,False,False,False,False
2025-04-11 17:00:00+00:00,0.4865,0.4951,0.4766,0.4856,55484.0,,,,,,,,,,,,,,,,,,,,,,,,,,,,"rgba(239, 83, 80, 1.0)",0.0,0.0,0.07822659106435315,0.5390296536163107,-0.6830114017413441,0.0,0.0,0.0,0.0,0.0,0.0,0.0,0.0,42.65293528695806,-8.299197716535282,True,False,False,True,False,0.0,0,,,False,False,False,False,,,False,False,False,False,328616.0,221178.47524278966,False,False,False,False,80834.72963631299,False,False,False,False
2025-04-11 18:00:00+00:00,0.487,0.4937,0.4791,0.4806,40567.0,,,,,,,,,,,,,,,,,,,,,,,,,,,,"rgba(239, 83, 80, 1.0)",0.0,0.0,0.07907646715463232,0.5381606553809372,-0.7279113173882505,0.0,0.0,0.0,0.0,0.0,0.0,0.0,0.0,41.985567316716285,-8.299197716535282,True,False,False,True,False,0.0,0,,,False,False,False,False,,,False,False,False,False,288049.0,222215.22756460687,False,False,False,False,80210.42375047867,False,False,False,False
2025-04-11 19:00:00+00:00,0.4806,0.4939,0.4805,0.4861,39803.0,,,,,,,,,,,,,,,,,,,,,,,,,,,,"rgba(239, 83, 80, 1.0)",0.0,0.0,0.07958250867173308,0.5374011815788894,-0.6446288567064371,0.0,0.0,0.0,0.0,0.0,0.0,0.0,0.0,42.71541326212157,-8.299197716535282,True,False,False,True,False,0.0,0,,,False,False,False,False,,,False,False,False,False,327852.0,223853.00698220986,False,False,False,False,79583.95206442474,False,False,False,False
2025-04-14 14:00:00+00:00,0.4747,0.4962,0.4741,0.4925,189001.0,,,,,,,,,,,,,,,,,,,,,,,,,,,,"rgba(239, 83, 80, 1.0)",0.0,0.0,0.08006247094646803,0.5342092022381094,-0.5209582185640679,0.0,0.0,0.0,0.0,0.0,0.0,0.0,0.0,44.54418232983093,-8.299197716535282,True,False,False,True,True,0.0,1,,,False,False,False,False,,,False,False,False,False,516853.0,228395.64253287326,False,False,False,False,81280.34040451117,False,False,False,False
2025-04-14 15:00:00+00:00,0.4879,0.4925,0.4597,0.4734,64011.0,,,,,,,,,,,,,,,,,,,,,,,,,,,,"rgba(239, 83, 80, 1.0)",0.0,0.0,0.08073366496982186,0.5328211995414398,-0.7360151377204465,0.0,0.0,0.0,0.0,0.0,0.0,0.0,0.0,42.63095013221182,-8.299197716535282,True,False,False,True,True,0.0,1,,,False,False,False,False,,,False,False,False,False,452842.0,231875.43102073568,False,False,False,False,81012.59869281332,False,False,False,False
2025-04-14 16:00:00+00:00,0.4737,0.4834,0.4585,0.4706,64564.0,,,,,,,,,,,,,,,,,,,,,,,,,,,,"rgba(239, 83, 80, 1.0)",0.0,0.0,0.08143282904852826,0.5227139182184956,-0.6399620254804029,0.0,0.0,0.0,0.0,0.0,0.0,0.0,0.0,40.952530212252626,-5.082708510214452,True,False,False,True,False,0.0,1,,,False,False,False,False,,,False,False,False,False,388278.0,234300.27705142193,False,False,False,False,80757.58165881621,False,False,False,False
2025-04-14 17:00:00+00:00,0.4706,0.4835,0.4679,0.4822,150156.0,,,,,,,,,,,,,,,,,,,,,,,,,,,,"rgba(239, 83, 80, 1.0)",0.0,0.0,0.08104482872499048,0.5211730568617087,-0.4808827099130035,0.0,0.0,0.0,0.0,0.0,0.0,0.0,0.0,42.47076989617271,-5.082708510214452,True,False,False,True,False,0.0,1,,,False,False,False,False,,,False,False,False,False,538434.0,239015.52857000454,False,False,False,False,81833.52612922215,False,False,False,False
2025-04-14 18:00:00+00:00,0.4824,0.4904,0.4757,0.4843,146463.0,,,,,,,,,,,,,,,,,,,,,,,,,,,,"rgba(239, 83, 80, 1.0)",0.0,0.0,0.08029722786998054,0.5199538754472238,-0.4440237402087596,0.0,0.0,0.0,0.0,0.0,0.0,0.0,0.0,43.94013102786672,-5.082708510214452,True,False,False,True,True,0.0,1,,,False,False,False,False,,,False,False,False,False,684897.0,245928.4195999269,False,False,False,False,82835.53347605592,False,False,False,False
2025-04-14 19:00:00+00:00,0.4884,0.4908,0.4687,0.4904,139573.0,,,,,,,,,,,,,,,,,,,,,,,,,,,,"rgba(239, 83, 80, 1.0)",0.0,0.0,0.07943598097760138,0.518670679024034,-0.35589261536287276,0.0,0.0,0.0,0.0,0.0,0.0,0.0,0.0,46.26547365056983,-7.647315453681159,True,False,False,True,True,0.0,1,,,False,False,False,False,,,False,False,False,False,824470.0,254898.0565053544,False,False,False,False,83715.184119838,False,False,False,False
2025-04-15 14:00:00+00:00,0.4822,0.4886,0.4666,0.4729,48073.0,,,,,,,,,,,,,,,,,,,,,,,,,,,,"rgba(239, 83, 80, 1.0)",0.0,0.0,0.07851816219572748,0.5180301634224216,-0.5747735576123473,0.0,0.0,0.0,0.0,0.0,0.0,0.0,0.0,44.47261415328246,-7.647315453681159,True,False,False,True,True,0.0,1,,,False,False,False,False,,,False,False,False,False,776397.0,262983.31144325587,False,False,False,False,83162.59211798004,False,False,False,False
2025-04-15 15:00:00+00:00,0.4729,0.4777,0.469,0.4695,25627.0,,,,,,,,,,,,,,,,,,,,,,,,,,,,"rgba(239, 83, 80, 1.0)",0.0,0.0,0.0772789614389392,0.5176413605478342,-0.622955583918818,0.0,0.0,0.0,0.0,0.0,0.0,0.0,0.0,42.71482184323291,-7.647315453681159,True,False,False,True,False,0.0,1,,,False,False,False,False,,,False,False,False,False,750770.0,270545.8957619651,False,False,False,False,82270.56743398034,False,False,False,False
2025-04-15 16:00:00+00:00,0.4695,0.4808,0.4687,0.475,50248.0,,,,,,,,,,,,,,,,,,,,,,,,,,,,"rgba(239, 83, 80, 1.0)",0.0,0.0,0.07603346434893565,0.5169829363466414,-0.5521639281615753,0.0,0.0,0.0,0.0,0.0,0.0,0.0,0.0,42.95897821551616,-7.647315453681159,True,False,False,True,False,0.0,1,,,False,False,False,False,,,False,False,False,False,801018.0,278770.2694710819,False,False,False,False,81774.09352027522,False,False,False,False
2025-04-15 17:00:00+00:00,0.4729,0.479,0.471,0.4725,22085.0,,,,,,,,,,,,,,,,,,,,,,,,,,,,"rgba(239, 83, 80, 1.0)",0.0,0.0,0.07556990065287007,0.5166942668310902,-0.5848130862854559,0.0,0.0,0.0,0.0,0.0,0.0,0.0,0.0,42.62216748573021,-7.647315453681159,True,False,False,True,False,0.0,1,,,False,False,False,False,,,False,False,False,False,778933.0,286524.73040951474,False,False,False,False,80848.68121763528,False,False,False,False
2025-04-15 18:00:00+00:00,0.4727,0.477,0.4645,0.473,19554.0,,,,,,,,,,,,,,,,,,,,,,,,,,,,"rgba(239, 83, 80, 1.0)",0.0,0.0,0.07525657750427948,0.5164156060016988,-0.5769011485970108,0.0,0.0,0.0,0.0,0.0,0.0,0.0,0.0,42.54665971430006,-7.647315453681159,True,False,False,True,False,0.0,1,,,False,False,False,False,,,False,False,False,False,798487.0,294462.12993804936,False,False,False,False,79898.37608247815,False,False,False,False
2025-04-15 19:00:00+00:00,0.4698,0.4772,0.469,0.4726,38938.0,,,,,,,,,,,,,,,,,,,,,,,,,,,,"rgba(239, 83, 80, 1.0)",0.0,0.0,0.07486273625295327,0.5159032665558622,-0.5784355304559665,0.0,0.0,0.0,0.0,0.0,0.0,0.0,0.0,42.399039243191936,-7.647315453681159,True,False,False,True,False,0.0,1,,,False,False,False,False,,,False,False,False,False,759549.0,301672.7790862966,False,False,False,False,79263.33149205214,False,False,False,False
2025-04-16 14:00:00+00:00,0.4621,0.4717,0.4569,0.4647,26757.0,,,,,,,,,,,,,,,,,,,,,,,,,,,,"rgba(239, 83, 80, 1.0)",0.0,0.0,0.07456095935179094,0.5154470876841947,-0.6806120538868272,0.0,0.0,0.0,0.0,0.0,0.0,0.0,0.0,40.4387907297174,-6.506495544559613,True,False,False,True,False,0.0,1,,,False,False,False,False,,,False,False,False,False,732792.0,308356.7980151912,False,False,False,False,78449.27984101257,False,False,False,False
2025-04-16 15:00:00+00:00,0.4682,0.5231,0.4641,0.4976,69499.0,,,,,,,,,,,,,,,,,,,,,,,,,,,,"rgba(239, 83, 80, 1.0)",0.0,0.0,0.07381893292142347,0.5127699588475596,-0.20550227762987677,0.0,0.0,0.0,0.0,0.0,0.0,0.0,0.0,47.24277670093211,-6.294879096048845,True,False,False,False,True,0.0,1,,,False,False,False,False,,,False,False,False,False,802291.0,316014.69261960685,False,False,False,False,78310.51581246973,False,False,False,False
2025-04-16 16:00:00+00:00,0.4976,0.521,0.4887,0.5059,43771.0,,,,,,,,,,,,,,,,,,,,,,,,,,,,"rgba(239, 83, 80, 1.0)",0.0,0.0,0.07284015457780742,0.5133631885668289,-0.10245981231213332,0.0,0.0,0.0,0.0,0.0,0.0,0.0,0.0,53.05911119934047,-1.2277547412071783,True,False,True,False,True,0.0,1,,,False,False,False,False,,,False,False,False,False,846062.0,324232.48033093073,False,False,False,False,77775.01944328415,False,False,False,False
2025-04-16 17:00:00+00:00,0.5057,0.5146,0.483,0.485,59324.0,,,,,,,,,,,,,,,,,,,,,,,,,,,,"rgba(239, 83, 80, 1.0)",0.0,0.0,0.072642835326853,0.513013627841165,-0.38563511067704087,0.0,0.0,0.0,0.0,0.0,0.0,0.0,0.0,52.246765169078024,-1.2277547412071783,True,False,True,False,True,0.0,1,,,False,False,False,False,,,False,False,False,False,786738.0,331403.10854285426,False,False,False,False,77488.957126334,False,False,False,False
2025-04-16 18:00:00+00:00,0.4856,0.5073,0.476,0.4761,84835.0,,,,,,,,,,,,,,,,,,,,,,,,,,,,"rgba(239, 83, 80, 1.0)",0.0,0.0,0.07222914956474846,0.5121029194008918,-0.4984541506835498,0.0,0.0,0.0,0.0,0.0,0.0,0.0,0.0,50.11296867212782,-1.2277547412071783,True,False,False,False,False,0.0,1,,,False,False,False,False,,,False,False,False,False,701903.0,337147.29290653096,False,False,False,False,77602.84926391022,False,False,False,False
2025-04-16 19:00:00+00:00,0.476,0.4875,0.4675,0.4739,112912.0,,,,,,,,,,,,,,,,,,,,,,,,,,,,"rgba(239, 83, 80, 1.0)",0.0,0.0,0.0719159422238623,0.5104436572512185,-0.5081440376247072,0.0,0.0,0.0,0.0,0.0,0.0,0.0,0.0,48.29968846202655,3.4108243632704927,True,False,False,False,False,0.0,1,,,False,False,False,False,,,False,False,False,False,588991.0,341051.8465048793,False,False,False,False,78150.277957493,False,False,False,False
2025-04-17 14:00:00+00:00,0.4546,0.4601,0.4264,0.4304,236843.0,,,,,,,,,,,,,,,,,,,,,,,,,,,,"rgba(239, 83, 80, 1.0)",0.0,0.0,0.07219560436820266,0.4962726390287931,-0.9124189707289934,0.0,0.0,0.0,0.0,0.0,0.0,0.0,0.0,41.691919911185636,-2.638495765679174,False,False,False,True,False,0.0,0,,,False,False,False,False,,,False,False,False,False,352148.0,341223.8798924005,True,False,False,False,80610.63023722179,False,False,False,False
2025-04-17 15:00:00+00:00,0.4328,0.4568,0.4302,0.4389,185709.0,,,,,,,,,,,,,,,,,,,,,,,,,,,,"rgba(239, 83, 80, 1.0)",0.0,0.0,0.0719197568866204,0.49311603109521346,-0.7538405779191326,0.0,0.0,0.0,0.0,0.0,0.0,0.0,0.0,39.04664214833822,-4.888622135156851,False,False,False,True,False,0.0,0,,,False,False,False,False,,,False,False,False,False,537857.0,344272.4553979447,False,False,False,False,82240.06232656719,False,False,False,False
2025-04-17 16:00:00+00:00,0.4388,0.4482,0.4355,0.4429,108022.0,,,,,,,,,,,,,,,,,,,,,,,,,,,,"rgba(239, 83, 80, 1.0)",0.0,0.0,0.07137398097598528,0.4915200569288586,-0.6812014163146851,0.0,0.0,0.0,0.0,0.0,0.0,0.0,0.0,38.113604161443796,-5.718048860265398,False,True,False,True,False,0.0,0,,,False,False,False,False,,,False,False,False,False,645879.0,348948.5258568913,False,False,False,False,82639.78229049637,False,False,False,False
2025-04-17 17:00:00+00:00,0.4431,0.4614,0.4377,0.4463,108949.0,,,,,,,,,,,,,,,,,,,,,,,,,,,,"rgba(239, 83, 80, 1.0)",0.0,0.0,0.07062937313575349,0.49039531802008784,-0.6243198270404337,0.0,0.0,0.0,0.0,0.0,0.0,0.0,0.0,38.2293250659862,-5.77117853685742,False,True,False,True,False,0.0,0,,,False,False,False,False,,,False,False,False,False,754828.0,355241.23088236584,False,False,False,False,83047.67713870572,False,False,False,False
2025-04-17 18:00:00+00:00,0.4463,0.45,0.4394,0.4444,57079.0,,,,,,,,,,,,,,,,,,,,,,,,,,,,"rgba(239, 83, 80, 1.0)",0.0,0.0,0.06959010168301376,0.48971767940949373,-0.6512086965459242,0.0,0.0,0.0,0.0,0.0,0.0,0.0,0.0,38.032643926695286,-6.296235790031538,False,True,False,True,False,0.0,0,,,False,False,False,False,,,False,False,False,False,697749.0,360551.42885318183,False,False,False,False,82645.06198926842,False,False,False,False
2025-04-17 19:00:00+00:00,0.4444,0.4594,0.4395,0.4515,74845.0,,,,,,,,,,,,,,,,,,,,,,,,,,,,"rgba(239, 83, 80, 1.0)",0.0,0.0,0.06852668388010281,0.4890578209429781,-0.5480758562415023,0.0,0.0,0.0,0.0,0.0,0.0,0.0,0.0,39.61423859073228,-6.296235790031538,False,True,False,True,False,0.0,0,,,False,False,False,False,,,False,False,False,False,772594.0,366939.68577018677,False,False,False,False,82524.13079563635,False,False,False,False
2025-04-18 14:00:00+00:00,0.4515,0.4515,0.4515,0.4515,0.0,,,,,,,,,,,,,,,,,,,,,,,,,,,,"rgba(239, 83, 80, 1.0)",0.0,0.0,0.06738298881751921,0.4890578209429781,-0.557378376977147,0.0,0.0,0.0,0.0,0.0,0.0,0.0,0.0,40.66863503342361,-6.296235790031538,False,True,False,True,False,0.0,0,,,False,False,False,False,,,False,False,False,False,772594.0,373228.8999442924,False,False,False,False,81244.68690733191,False,False,False,False
2025-04-18 15:00:00+00:00,0.4515,0.4515,0.4515,0.4515,0.0,,,,,,,,,,,,,,,,,,,,,,,,,,,,"rgba(239, 83, 80, 1.0)",0.0,0.0,0.06604719270994641,0.4890578209429781,-0.5686512840586193,0.0,0.0,0.0,0.0,0.0,0.0,0.0,0.0,41.371565995217836,-6.296235790031538,False,True,False,True,True,0.0,0,,,False,False,False,False,,,False,False,False,False,772594.0,379420.60692190024,False,False,False,False,79985.07935838103,False,False,False,False
2025-04-18 16:00:00+00:00,0.4515,0.4515,0.4515,0.4515,0.0,,,,,,,,,,,,,,,,,,,,,,,,,,,,"rgba(239, 83, 80, 1.0)",0.0,0.0,0.0647104844952001,0.4890578209429781,-0.5803977707161805,0.0,0.0,0.0,0.0,0.0,0.0,0.0,0.0,41.840186636413975,-6.296235790031538,False,True,False,True,True,0.0,0,,,False,False,False,False,,,False,False,False,False,772594.0,385516.31844249094,False,False,False,False,78745.00060863869,False,False,False,False
2025-04-18 17:00:00+00:00,0.4515,0.4515,0.4515,0.4515,0.0,,,,,,,,,,,,,,,,,,,,,,,,,,,,"rgba(239, 83, 80, 1.0)",0.0,0.0,0.06342900976114325,0.4890578209429781,-0.5921237157006053,0.0,0.0,0.0,0.0,0.0,0.0,0.0,0.0,42.1526003972114,-6.296235790031538,False,True,False,True,True,0.0,0,,,False,False,False,False,,,False,False,False,False,772594.0,391517.5228077236,False,False,False,False,77524.14788602413,False,False,False,False
2025-04-18 18:00:00+00:00,0.4515,0.4515,0.4515,0.4515,0.0,,,,,,,,,,,,,,,,,,,,,,,,,,,,"rgba(239, 83, 80, 1.0)",0.0,0.0,0.06186980736242022,0.4890578209429781,-0.6070460301091993,0.0,0.0,0.0,0.0,0.0,0.0,0.0,0.0,42.36087623774303,-6.296235790031538,False,True,False,True,True,0.0,0,,,False,False,False,False,,,False,False,False,False,772594.0,397425.68524481315,False,False,False,False,76322.2231125974,False,False,False,False
2025-04-18 19:00:00+00:00,0.4515,0.4515,0.4515,0.4515,0.0,,,,,,,,,,,,,,,,,,,,,,,,,,,,"rgba(239, 83, 80, 1.0)",0.0,0.0,0.06004929965610848,0.4890578209429781,-0.6254497747361747,0.0,0.0,0.0,0.0,0.0,0.0,0.0,0.0,42.49972679809744,-6.296235790031538,False,True,False,True,True,0.0,0,,,False,False,False,False,,,False,False,False,False,772594.0,403242.2482642734,False,False,False,False,75138.93283178195,False,False,False,False
2025-04-21 14:00:00+00:00,0.4572,0.4578,0.4437,0.4454,18317.0,,,,,,,,,,,,,,,,,,,,,,,,,,,,"rgba(239, 83, 80, 1.0)",0.0,0.0,0.05824652717482688,0.48888931405702496,-0.7466421805113259,0.0,0.0,0.0,0.0,0.0,0.0,0.0,0.0,40.61018322773118,-6.296235790031538,False,True,False,True,False,0.0,0,,,False,False,False,False,,,False,False,False,False,754277.0,408684.6475159901,False,False,False,False,74257.97263283959,False,False,False,False
2025-04-21 15:00:00+00:00,0.4454,0.4531,0.4348,0.4412,4446.0,,,,,,,,,,,,,,,,,,,,,,,,,,,,"rgba(239, 83, 80, 1.0)",0.0,0.0,0.05643777126380116,0.4842562638097883,-0.7628980175091421,0.0,0.0,0.0,0.0,0.0,0.0,0.0,0.0,38.15708127181513,-8.711221283873797,False,True,False,True,False,0.0,0,,,False,False,False,False,,,False,False,False,False,749831.0,413973.73825217626,False,False,False,False,73175.61646798936,False,False,False,False
2025-04-21 16:00:00+00:00,0.4414,0.4478,0.4378,0.4451,16115.0,,,,,,,,,,,,,,,,,,,,,,,,,,,,"rgba(239, 83, 80, 1.0)",0.0,0.0,0.054445866097758484,0.48413074625412955,-0.7168725387534323,0.0,0.0,0.0,0.0,0.0,0.0,0.0,0.0,38.57276861395854,-8.711221283873797,False,True,False,True,False,0.0,1,,,False,False,False,False,,,False,False,False,False,765946.0,419430.6725428402,False,False,False,False,72290.9557475554,False,False,False,False
2025-04-21 17:00:00+00:00,0.445,0.4458,0.4365,0.4375,14802.0,,,,,,,,,,,,,,,,,,,,,,,,,,,,"rgba(239, 83, 80, 1.0)",0.0,0.0,0.05338869283399278,0.48380975718240515,-0.8674075862168246,0.0,0.0,0.0,0.0,0.0,0.0,0.0,0.0,36.64167291170321,-10.290294596051211,False,True,False,True,False,0.0,1,,,False,False,False,False,,,False,False,False,False,751144.0,424573.51482899766,False,False,False,False,71399.65410805841,False,False,False,False
2025-04-21 18:00:00+00:00,0.4375,0.4452,0.4363,0.4448,37185.0,,,,,,,,,,,,,,,,,,,,,,,,,,,,"rgba(239, 83, 80, 1.0)",0.0,0.0,0.05193252805583585,0.48341930294274815,-0.7436438083897282,0.0,0.0,0.0,0.0,0.0,0.0,0.0,0.0,38.799106963519876,-10.290294596051211,False,True,False,True,True,0.0,1,,,False,False,False,False,,,False,False,False,False,788329.0,430213.13475412945,False,False,False,False,70869.1943544451,False,False,False,False
2025-04-21 19:00:00+00:00,0.4398,0.4497,0.4393,0.4479,26799.0,,,,,,,,,,,,,,,,,,,,,,,,,,,,"rgba(239, 83, 80, 1.0)",0.0,0.0,0.05028457765109949,0.48327280271755163,-0.7034523181836483,0.0,0.0,0.0,0.0,0.0,0.0,0.0,0.0,41.53482086495588,-11.851868415307251,False,True,False,True,True,0.0,1,,,False,False,False,False,,,False,False,False,False,815128.0,436180.8070835228,False,False,False,False,70185.93552724441,False,False,False,False
2025-04-22 14:00:00+00:00,0.4565,0.4648,0.4428,0.446,108519.0,,,,,,,,,,,,,,,,,,,,,,,,,,,,"rgba(239, 83, 80, 1.0)",0.0,0.0,0.04848625762397301,0.48296799398306484,-0.7624427166510533,0.0,0.0,0.0,0.0,0.0,0.0,0.0,0.0,42.652709441333265,-10.847118790662812,False,False,False,True,True,0.0,1,,,False,False,False,False,,,False,False,False,False,706609.0,440373.49224501854,False,False,False,False,70780.24660434139,False,False,False,False
2025-04-22 15:00:00+00:00,0.446,0.4638,0.4457,0.458,45312.0,,,,,,,,,,,,,,,,,,,,,,,,,,,,"rgba(239, 83, 80, 1.0)",0.0,0.0,0.0464205455833099,0.4828969661253952,-0.5363350605329086,0.0,0.0,0.0,0.0,0.0,0.0,0.0,0.0,47.85260319425611,-6.099630212861484,True,False,False,False,True,0.0,0,,,False,False,False,False,-0.30621969509419594,-0.30621969509419594,False,False,False,False,751921.0,445203.6861637004,False,False,False,False,70385.39006783997,False,False,False,False
2025-04-22 16:00:00+00:00,0.458,0.4631,0.4543,0.4622,71277.0,,,,,,,,,,,,,,,,,,,,,,,,,,,,"rgba(239, 83, 80, 1.0)",0.0,0.0,0.04402945504672536,0.4828870020087077,-0.46984460713297616,0.0,0.0,0.0,0.0,0.0,0.0,0.0,0.0,52.53207824862879,-2.0195526397191372,True,False,True,False,True,0.0,0,0.9183368013726134,1.0148943160661483,False,False,False,False,-0.29603699132507943,-0.30112834320963766,False,False,False,False,823198.0,451064.06312240276,False,False,False,False,70399.2134776409,False,False,False,False
2025-04-22 17:00:00+00:00,0.4622,0.4623,0.4518,0.4563,87298.0,,,,,,,,,,,,,,,,,,,,,,,,,,,,"rgba(239, 83, 80, 1.0)",0.0,0.0,0.0430821434132632,0.4826056028042018,-0.6105917839757109,0.0,0.0,0.0,0.0,0.0,0.0,0.0,0.0,53.15411282507282,-1.6612706733730107,True,False,True,False,True,0.0,0,0.9151922795730367,1.013269483842667,False,False,False,False,-0.30028316186586307,-0.30070575253775034,False,False,False,False,735900.0,455480.1241592647,False,False,False,False,70661.21016791002,False,False,False,False
2025-04-22 18:00:00+00:00,0.4563,0.4613,0.4531,0.4597,85458.0,,,,,,,,,,,,,,,,,,,,,,,,,,,,"rgba(239, 83, 80, 1.0)",0.0,0.0,0.04203261140616315,0.48234985533495045,-0.5388638625395841,0.0,0.0,0.0,0.0,0.0,0.0,0.0,0.0,54.67503013139772,-0.2686314282054312,True,False,True,False,True,0.0,0,0.9158372365339577,1.0122218969555035,False,False,False,False,-0.299896713713431,-0.30030123312559065,False,False,False,False,821358.0,461152.6493660978,False,False,False,False,70890.61776220598,False,False,False,False
2025-04-22 19:00:00+00:00,0.4597,0.4619,0.4486,0.4599,73988.0,,,,,,,,,,,,,,,,,,,,,,,,,,,,"rgba(239, 83, 80, 1.0)",0.0,0.0,0.04059923369444884,0.4820654688865898,-0.545957814214127,0.0,0.0,0.0,0.0,0.0,0.0,0.0,0.0,55.75652830182473,0.8203654284223205,True,False,True,False,True,0.0,0,0.9140178702211804,1.0136956203310385,False,False,False,False,-0.3049273756749596,-0.30261430440027515,False,False,False,False,895346.0,467884.329220887,False,False,False,False,70938.63919224929,False,False,False,False
2025-04-23 14:00:00+00:00,0.4723,0.4758,0.4601,0.4615,102518.0,,,,,,,,,,,,,,,,,,,,,,,,,,,,"rgba(239, 83, 80, 1.0)",0.0,0.0,0.038543469177230366,0.4805874076364438,-0.4952176865210595,0.0,0.0,0.0,0.0,0.0,0.0,0.0,0.0,57.05757177996189,2.193550232850342,True,False,True,False,True,0.0,0,0.9177706213862254,1.0085266778891897,False,False,False,False,-0.2724190057736301,-0.2875166550869526,False,False,False,False,997864.0,476101.0683027337,False,False,False,False,71428.24168539271,False,False,False,False
2025-04-23 15:00:00+00:00,0.4622,0.464,0.4459,0.4605,115031.0,,,,,,,,,,,,,,,,,,,,,,,,,,,,"rgba(239, 83, 80, 1.0)",0.0,0.0,0.03677933012337519,0.47971735049723885,-0.5225040921837018,0.0,0.0,0.0,0.0,0.0,0.0,0.0,0.0,57.36305007969581,2.7092120133214763,True,False,True,False,True,0.0,0,0.910617591102005,1.0160617591102004,False,False,False,False,-0.3057026484992897,-0.29660965179312115,False,False,False,False,882833.0,482406.9897243967,False,False,False,False,72104.25344220833,False,False,False,False
2025-04-23 16:00:00+00:00,0.4501,0.4628,0.4474,0.4506,45574.0,,,,,,,,,,,,,,,,,,,,,,,,,,,,"rgba(239, 83, 80, 1.0)",0.0,0.0,0.034642990372972554,0.47937834121903666,-0.830711809494618,0.0,0.0,0.0,0.0,0.0,0.0,0.0,0.0,52.94112951473584,2.7092120133214763,True,False,True,False,False,0.0,0,0.9100040324058799,1.0186956999890024,False,False,False,False,-0.30531496758418475,-0.30096230968865295,False,False,False,False,837259.0,487908.57127905724,False,False,False,False,71692.9316834144,False,False,False,False
2025-04-23 17:00:00+00:00,0.4505,0.4627,0.4431,0.4527,120233.0,,,,,,,,,,,,,,,,,,,,,,,,,,,,"rgba(239, 83, 80, 1.0)",0.0,0.0,0.03316827486707054,0.47858735052266704,-0.7804852868114649,0.0,0.0,0.0,0.0,0.0,0.0,0.0,0.0,51.000061526523695,5.856286638934996,True,False,False,False,False,0.0,1,0.9082780607570815,1.0181391769577486,False,False,False,False,-0.3110099520587885,-0.30598613087372073,False,False,False,False,957492.0,495188.9345150409,False,False,False,False,72445.49088212116,False,False,False,False
2025-04-23 18:00:00+00:00,0.4527,0.4624,0.4443,0.4455,102071.0,,,,,,,,,,,,,,,,,,,,,,,,,,,,"rgba(239, 83, 80, 1.0)",0.0,0.0,0.032026399470795136,0.4779111222087879,-1.0120126753038095,0.0,0.0,0.0,0.0,0.0,0.0,0.0,0.0,46.997198428305495,2.111215047557529,True,False,False,True,False,0.0,1,0.9079356941443585,1.0182370820668694,False,False,False,False,-0.3098434885303365,-0.3079148097020286,False,False,False,False,855421.0,500773.9277783736,False,False,False,False,72904.801101003,False,False,False,False
2025-04-23 19:00:00+00:00,0.4455,0.451,0.4377,0.4421,133580.0,,,,,,,,,,,,,,,,,,,,,,,,,,,,"rgba(239, 83, 80, 1.0)",0.0,0.0,0.030822142970552517,0.4767137066663498,-1.123014279033738,0.0,0.0,0.0,0.0,0.0,0.0,0.0,0.0,43.23771347481063,-1.311895510979852,False,True,False,True,False,0.0,1,0.9046850942151183,1.0231321944424079,False,False,False,False,-0.33333337307949595,-0.3206240913907623,False,False,False,False,721841.0,504201.3242469259,False,False,False,False,73845.50185912699,False,False,False,False
2025-04-24 14:00:00+00:00,0.4575,0.4681,0.4418,0.456,187218.0,,,,,,,,,,,,,,,,,,,,,,,,,,,,"rgba(239, 83, 80, 1.0)",0.0,0.0,0.028132874361140228,0.4761286315449374,-0.7154843577853864,0.0,0.0,0.0,0.0,0.0,0.0,0.0,0.0,46.699229129246056,-1.311895510979852,False,False,False,True,True,0.0,1,0.9068561201008146,1.0165467363115024,False,False,False,False,-0.3057026484992897,-0.313163369945026,False,False,False,False,909059.0,510478.187436896,False,False,False,False,75603.2150085979,False,False,False,False
2025-04-24 15:00:00+00:00,0.4492,0.4569,0.4336,0.4414,204297.0,,,,,,,,,,,,,,,,,,,,,,,,,,,,"rgba(239, 83, 80, 1.0)",0.0,0.0,0.026052703824679238,0.4721592820231147,-1.180656035938081,0.0,0.0,0.0,0.0,0.0,0.0,0.0,0.0,44.58095480396499,-1.311895510979852,False,True,False,True,True,0.0,1,0.9043566804858534,1.018583169685068,False,False,False,False,-0.3309687425903483,-0.32206605626768714,False,False,False,False,704762.0,513490.33956965734,False,False,False,False,77598.46748908474,False,False,False,False
2025-04-24 16:00:00+00:00,0.4414,0.4524,0.44,0.4476,52243.0,,,,,,,,,,,,,,,,,,,,,,,,,,,,"rgba(239, 83, 80, 1.0)",0.0,0.0,0.02295011236699149,0.4719459219230789,-1.0608192907192449,0.0,0.0,0.0,0.0,0.0,0.0,0.0,0.0,45.2722929230046,-1.311895510979852,False,False,False,True,True,0.0,1,0.9163976522377107,1.0203961848862801,False,False,False,False,-0.3284766121040762,-0.32527133418588167,False,False,False,False,757005.0,517265.7606616006,False,False,False,False,77205.35946599815,False,False,False,False
2025-04-24 17:00:00+00:00,0.4458,0.4571,0.4441,0.4538,87375.0,,,,,,,,,,,,,,,,,,,,,,,,,,,,"rgba(239, 83, 80, 1.0)",0.0,0.0,0.022629689738428476,0.47180682402976154,-0.795716787896715,0.0,0.0,0.0,0.0,0.0,0.0,0.0,0.0,47.6242640961445,-1.311895510979852,True,False,False,True,True,0.0,1,0.9172890834835719,1.0149012104933957,False,False,False,False,-0.31698477999836266,-0.32112805709212217,False,False,False,False,844380.0,522337.2992559944,False,False,False,False,77363.02831148655,False,False,False,False
2025-04-24 18:00:00+00:00,0.4541,0.4625,0.4487,0.4603,162987.0,,,,,,,,,,,,,,,,,,,,,,,,,,,,"rgba(239, 83, 80, 1.0)",0.0,0.0,0.022096478215983338,0.4718198083921718,-0.5213413775521495,0.0,0.0,0.0,0.0,0.0,0.0,0.0,0.0,50.963298989272914,-5.0352586964748625,True,False,False,False,True,0.0,1,0.9208271787296898,1.0117799113737076,False,False,False,False,-0.304023339861649,-0.3125756984768856,False,False,False,False,1007367.0,529857.1395776068,False,False,False,False,78690.53174851775,False,False,False,False
2025-04-24 19:00:00+00:00,0.4615,0.4936,0.4585,0.4898,143138.0,,,,,,,,,,,,,,,,,,,,,,,,,,,,"rgba(38, 166, 154, 1.0)",0.0,0.0,0.022184389203315943,0.4729973559777743,0.7574084581834769,0.0,0.0,0.0,0.0,0.0,0.0,0.0,0.0,58.310098546290476,1.7670352385172166,True,False,True,False,True,0.0,0,0.9247746919256942,1.000588559867574,False,False,False,False,-0.2519789762211087,-0.2822773373489972,False,False,False,False,1150505.0,539479.587026016,False,False,False,False,79689.7173028043,False,False,False,False
2025-04-25 14:00:00+00:00,0.4903,0.5071,0.4832,0.5025,67322.0,,,,,,,,,,,,,,,,,,,,,,,,,,,,"rgba(38, 166, 154, 1.0)",0.0,0.0,0.022505858536575437,0.47385938255056176,1.272584976169331,0.0,0.0,0.0,0.0,0.0,0.0,0.0,0.0,64.55244436298406,7.298385407756065,True,False,True,False,True,0.43918319018597884,0,0.9316408396527089,0.9937722094003004,False,False,False,False,-0.2045546493489204,-0.2434159933489588,False,False,False,False,1217827.0,549996.6011806513,False,False,False,True,79497.96974772206,False,False,False,False
2025-04-25 15:00:00+00:00,0.5026,0.5043,0.4911,0.4949,71065.0,,,,,,,,,,,,,,,,,,,,,,,,,,,,"rgba(38, 166, 154, 1.0)",0.0,0.0,0.02269042358622685,0.474655987505246,0.8921831017311711,0.0,0.0,0.0,0.0,0.0,0.0,0.0,0.0,66.36713956580476,8.766736234132786,True,False,True,False,True,0.0,0,0.9348080867272193,0.9944696747729269,False,False,False,False,-0.19829561843734958,-0.22085580589315418,False,False,False,False,1146762.0,559248.7779065326,False,False,False,False,79367.22603070311,False,False,False,False
2025-04-25 16:00:00+00:00,0.4988,0.512,0.4908,0.4952,82258.0,,,,,,,,,,,,,,,,,,,,,,,,,,,,"rgba(38, 166, 154, 1.0)",0.0,0.0,0.02284964273184267,0.47738411945290576,0.7797006174747083,0.0,0.0,0.0,0.0,0.0,0.0,0.0,0.0,67.61736241636096,9.97429253197609,True,False,True,False,True,0.0,0,0.9323347298950723,1.0104556746134736,False,False,False,False,-0.18924094628732363,-0.2050483760902389,False,False,False,False,1229020.0,569632.82786147,False,False,False,False,79412.04423177747,False,False,False,False
2025-04-25 17:00:00+00:00,0.4977,0.5089,0.4909,0.4928,89307.0,,,,,,,,,,,,,,,,,,,,,,,,,,,,"rgba(38, 166, 154, 1.0)",0.0,0.0,0.022965430895502358,0.47807544951281067,0.6411615159405984,0.0,0.0,0.0,0.0,0.0,0.0,0.0,0.0,67.63041353408723,10.264454739568876,True,False,True,False,True,0.0,0,0.9219346150968802,1.0211715418568115,False,False,False,False,-0.19290798338089812,-0.19897817973556853,False,False,False,False,1139713.0,578471.2801426876,False,False,False,False,79565.45439872667,False,False,False,False
2025-04-25 18:00:00+00:00,0.4931,0.5073,0.4925,0.5015,47495.0,,,,,,,,,,,,,,,,,,,,,,,,,,,,"rgba(38, 166, 154, 1.0)",0.0,0.0,0.023238812904817316,0.47852412667883504,0.9886853263663092,0.0,0.0,0.0,0.0,0.0,0.0,0.0,0.0,68.98918719064096,11.959340479762545,True,False,True,False,True,0.31982604832302997,0,0.9206581215800913,1.0154036429053293,False,False,False,False,-0.19290798338089812,-0.1959430815582333,False,False,False,False,1187208.0,587909.0587451265,False,False,False,False,79068.23805145959,False,False,False,False
2025-04-25 19:00:00+00:00,0.4986,0.5024,0.4777,0.4906,103962.0,,,,,,,,,,,,,,,,,,,,,,,,,,,,"rgba(38, 166, 154, 1.0)",0.0,0.0,0.023350472186900853,0.4788629025930388,0.5026492532149066,0.0,0.0,0.0,0.0,0.0,0.0,0.0,0.0,66.3091444047136,11.959340479762545,True,False,True,False,True,0.0,0,0.9139095333308184,1.0263703927264496,False,False,False,False,-0.21555705031827144,-0.20575006593825237,False,False,False,False,1083246.0,595588.701245202,False,False,False,False,79454.18784911137,False,False,False,False
2025-04-28 14:00:00+00:00,0.484,0.489,0.4596,0.4733,59111.0,,,,,,,,,,,,,,,,,,,,,,,,,,,,"rgba(38, 166, 154, 1.0)",0.0,0.0,0.02255375057201669,0.47863481129897284,-0.2365376562065889,0.0,0.0,0.0,0.0,0.0,0.0,0.0,0.0,60.23004840499064,17.22132873001108,True,False,True,False,False,0.0,0,0.9046508127633955,1.0260009030704396,False,False,False,False,-0.2544662178660102,-0.2301081419021313,False,False,False,False,1024135.0,602232.829908067,False,False,False,False,79138.78958788484,False,False,False,False
2025-04-28 15:00:00+00:00,0.474,0.4864,0.4642,0.4684,12650.0,,,,,,,,,,,,,,,,,,,,,,,,,,,,"rgba(38, 166, 154, 1.0)",0.0,0.0,0.02196300263362372,0.4785902150649645,-0.46397185462082846,0.0,0.0,0.0,0.0,0.0,0.0,0.0,0.0,55.166596956554784,12.50600157342695,True,False,True,False,False,0.0,0,0.9077271013946476,1.026535996984546,False,False,False,False,-0.24457901585735642,-0.23734357887974386,False,False,False,False,1011485.0,608577.8247932133,False,False,False,False,78107.95564078585,False,False,False,False
2025-04-28 16:00:00+00:00,0.4683,0.4753,0.4682,0.4718,15527.0,,,,,,,,,,,,,,,,,,,,,,,,,,,,"rgba(38, 166, 154, 1.0)",0.0,0.0,0.020723278289472933,0.4785308240383848,-0.3247953313353883,0.0,0.0,0.0,0.0,0.0,0.0,0.0,0.0,52.65067063289962,10.170891244247514,True,False,False,False,False,0.0,0,0.9200061122359323,1.0271612484241892,False,False,False,False,-0.246574761844306,-0.2419591703620249,False,False,False,False,1027012.0,615065.1763468068,False,False,False,False,77137.7082665101,False,False,False,False
2025-04-28 17:00:00+00:00,0.4718,0.4772,0.4712,0.4724,6646.0,,,,,,,,,,,,,,,,,,,,,,,,,,,,"rgba(38, 166, 154, 1.0)",0.0,0.0,0.020577530122583294,0.4785121361854617,-0.29702963130418575,0.0,0.0,0.0,0.0,0.0,0.0,0.0,0.0,51.134552865701,8.621298665779307,False,False,False,False,False,0.0,0,0.9256684081130916,1.0152888752304856,False,False,False,False,-0.23724754235750264,-0.23960335635976376,False,False,False,False,1033658.0,621554.9875662362,False,False,False,False,76044.81356470374,False,False,False,False
2025-04-28 18:00:00+00:00,0.4724,0.4796,0.4724,0.4743,54393.0,,,,,,,,,,,,,,,,,,,,,,,,,,,,"rgba(38, 166, 154, 1.0)",0.0,0.0,0.020453974525107596,0.47842251738261754,-0.2015509199719146,0.0,0.0,0.0,0.0,0.0,0.0,0.0,0.0,50.674553143833506,7.886405204882898,False,False,False,False,False,0.0,0,0.9261525436773648,1.0108904794889557,False,False,False,False,-0.23172948563818171,-0.23566642099897273,False,False,False,False,1088051.0,628787.4838830386,False,False,False,False,75709.12653269283,False,False,False,False
2025-04-28 19:00:00+00:00,0.4774,0.483,0.4692,0.4777,46563.0,,,,,,,,,,,,,,,,,,,,,,,,,,,,"rgba(38, 166, 154, 1.0)",0.0,0.0,0.020016799250932416,0.47838850232199476,-0.03439622455936218,0.0,0.0,0.0,0.0,0.0,0.0,0.0,0.0,51.37667123554047,7.886405204882898,False,False,False,False,False,0.0,0,0.9243029418542131,1.0091020815730856,False,False,False,False,-0.2302690746487391,-0.23296774782385593,False,False,False,False,1134614.0,636629.7554507434,False,False,False,False,75257.2486019534,False,False,False,False
2025-04-29 14:00:00+00:00,0.4787,0.4883,0.4692,0.475,66429.0,,,,,,,,,,,,,,,,,,,,,,,,,,,,"rgba(38, 166, 154, 1.0)",0.0,0.0,0.01960227216099577,0.4783808697236705,-0.17247335900160143,0.0,0.0,0.0,0.0,0.0,0.0,0.0,0.0,50.94638301506722,7.282078989722301,False,False,False,False,False,0.0,0,0.9274372938559484,1.0066733144128253,False,False,False,False,-0.22208940015991827,-0.22752857399188708,False,False,False,False,1068185.0,643320.5344360031,False,False,False,False,75120.37653060528,False,False,False,False
2025-04-29 15:00:00+00:00,0.4747,0.4857,0.4736,0.4785,15420.0,,,,,,,,,,,,,,,,,,,,,,,,,,,,"rgba(38, 166, 154, 1.0)",0.0,0.0,0.01897038469550291,0.4783912783032139,0.005731127677757663,0.0,0.0,0.0,0.0,0.0,0.0,0.0,0.0,51.81261978218322,7.282078989722301,False,False,False,False,False,0.0,0,0.929007018755034,1.0065201549495646,False,False,False,False,-0.21931808768110256,-0.22342333083649482,False,False,False,False,1083605.0,650146.6501811813,False,False,False,False,74194.78929757264,False,False,False,False
2025-04-29 16:00:00+00:00,0.4789,0.4859,0.4733,0.4783,22574.0,,,,,,,,,,,,,,,,,,,,,,,,,,,,"rgba(38, 166, 154, 1.0)",0.0,0.0,0.01841172511258781,0.47840636217690313,-0.005776871871197534,0.0,0.0,0.0,0.0,0.0,0.0,0.0,0.0,52.31094385070853,7.282078989722301,False,False,True,False,False,0.0,0,0.9395010879701585,1.0049735778675783,False,False,False,False,-0.2194719621533365,-0.22144764649491566,False,False,False,False,1061031.0,656516.9501783722,False,False,False,False,73394.4669828816,False,False,False,False
2025-04-29 17:00:00+00:00,0.4783,0.5274,0.4748,0.4859,134523.0,,,,,,,,,,,,,,,,,,,,,,,,,,,0.4960333333333333,"rgba(38, 166, 154, 1.0)",1.0,0.6060333,0.018510625436595308,0.4804553458922158,0.2941366906501277,-1.0,0.5274,0.4748,439.0,0.0,0.0,0.0,0.0,55.12400419117357,7.282078989722301,True,False,True,False,True,0.0,1,0.9376630351388675,0.9913687279423049,False,False,False,False,-0.15414339705682026,-0.18779552177586795,False,False,False,False,1195554.0,664874.1137414982,False,False,False,False,74342.19617694545,False,False,False,False
2025-04-29 18:00:00+00:00,0.4937,0.5023,0.4835,0.4925,36036.0,,,,,,,,,,,,,,,,,,,,,,,,,,,0.49534314635991067,"rgba(38, 166, 154, 1.0)",0.0,0.0,0.01871093460716886,0.48056412527032,0.6379090612131644,0.0,0.0,0.0,0.0,0.0,0.0,0.0,0.0,58.76224660812634,3.6357842696005704,True,False,True,False,True,0.0,1,0.9383737408556435,1.0019150484507258,False,False,False,False,-0.1788764513272305,-0.18333598655154923,False,False,False,False,1231590.0,673660.4065517074,False,False,False,False,73748.3016625742,False,False,False,False
2025-04-29 19:00:00+00:00,0.4867,0.5005,0.4849,0.4849,48105.0,,,,,,,,,,,,,,,,,,,,,,,,,,,0.4941896800570739,"rgba(38, 166, 154, 1.0)",0.0,0.0,0.018709637348960164,0.4806475671056694,0.22728569319741102,0.0,0.0,0.0,0.0,0.0,0.0,0.0,0.0,57.91636655939159,3.6357842696005704,True,False,True,False,True,0.0,1,0.9384715521862316,1.0030630216708782,False,False,False,False,-0.17948228988347054,-0.18140913821750987,False,False,False,False,1183485.0,681564.6638144716,False,False,False,False,73350.7310941622,False,False,False,False
2025-04-30 14:00:00+00:00,0.466,0.4721,0.4616,0.4716,32244.0,,,,,,,,,,,,,,,,,,,,,,,,,,,0.4908797511438456,"rgba(38, 166, 154, 1.0)",0.0,0.0,0.018590897898825648,0.4795263620960263,-0.4263571420359937,0.0,0.0,0.0,0.0,0.0,0.0,0.0,0.0,53.11024356185463,8.320673809983312,False,False,True,False,False,0.0,1,0.9326143490897965,1.013079394217531,False,False,False,False,-0.2590673821015762,-0.22023826015954304,False,False,False,False,1151241.0,688846.4674762626,False,False,False,False,72713.41743378759,False,False,False,False
2025-04-30 15:00:00+00:00,0.4716,0.4956,0.4662,0.4808,63040.0,,,,,,,,,,,,,,,,,,,,,,,,,,,0.4888691479693028,"rgba(38, 166, 154, 1.0)",0.0,0.0,0.01859291815195454,0.4799859210763253,0.04378435472159113,0.0,0.0,0.0,0.0,0.0,0.0,0.0,0.0,52.72685574225206,7.897581383205619,False,False,True,False,False,0.0,1,0.9336281498989745,1.0053371964469522,False,False,False,False,-0.21547452638120654,-0.2178563932703748,False,False,False,False,1214281.0,696992.739298336,False,False,False,False,72563.44196969786,False,False,False,False
2025-04-30 16:00:00+00:00,0.4808,0.5073,0.4717,0.4921,205193.0,,,,,,,,,,,,,,,,,,,,,,,,,,,0.48946104950292885,"rgba(38, 166, 154, 1.0)",0.0,0.0,0.01868972141275417,0.48125280667065956,0.580382825927952,0.0,0.0,0.0,0.0,0.0,0.0,0.0,0.0,55.21694321943026,7.897581383205619,False,False,True,False,True,0.0,1,0.9367761534080121,1.0016328080501236,False,False,False,False,-0.18919377201970178,-0.20352508264503827,False,False,False,False,1419474.0,708193.9991541756,False,False,False,False,74619.7141872219,False,False,False,False
2025-04-30 17:00:00+00:00,0.4921,0.4928,0.4783,0.4798,132605.0,,,,,,,,,,,,,,,,,,,,,,,,,,,0.48827533558574454,"rgba(38, 166, 154, 1.0)",0.0,0.0,0.018511177728625913,0.4812726849279366,-0.07955652252526538,0.0,0.0,0.0,0.0,0.0,0.0,0.0,0.0,53.394996145788134,7.897581383205619,False,False,True,False,True,0.0,1,0.9339282323903548,1.0084298462122652,False,False,False,False,-0.20123041647244058,-0.20237774955873944,False,False,False,False,1286869.0,717165.7045936458,False,False,False,False,75518.71086648978,False,False,False,False
2025-04-30 18:00:00+00:00,0.4798,0.4943,0.4798,0.4908,184507.0,,,,,,,,,,,,,,,,,,,,,,,,,,,0.48828077742820253,"rgba(38, 166, 154, 1.0)",0.0,0.0,0.018704128271969524,0.48170187756901783,0.4864232269309688,0.0,0.0,0.0,0.0,0.0,0.0,0.0,0.0,54.669994214857894,7.897581383205619,False,False,True,False,True,0.0,1,0.9335919671382931,1.0103073178153053,False,False,False,False,-0.195002790062767,-0.19869026981075322,False,False,False,False,1471376.0,728858.8874681628,False,False,False,False,77208.45178328839,False,False,False,False
2025-04-30 19:00:00+00:00,0.4909,0.4924,0.4806,0.4856,110586.0,,,,,,,,,,,,,,,,,,,,,,,,,,,0.48803775316254044,"rgba(38, 166, 154, 1.0)",0.0,0.0,0.0188235356799771,0.48184182011339677,0.19965323999150938,0.0,0.0,0.0,0.0,0.0,0.0,0.0,0.0,54.122729659875134,7.897581383205619,False,False,True,False,True,0.0,1,0.9345124647404132,1.0098345658306016,False,False,False,False,-0.19187886783561453,-0.19528456882318387,False,False,False,False,1360790.0,738656.2690578037,False,False,False,False,77725.93315098934,False,False,False,False
2025-05-01 14:00:00+00:00,0.4839,0.5046,0.4796,0.4961,97177.0,,,,,,,,,,,,,,,,,,,,,,,,,,,0.4885399737168779,"rgba(38, 166, 154, 1.0)",0.0,0.0,0.019040924347307187,0.4821981165044165,0.7301054949860931,0.0,0.0,0.0,0.0,0.0,0.0,0.0,0.0,55.991733325218135,7.897581383205619,False,False,True,False,True,0.46188987463083464,1,0.9382058789976042,1.001673194660988,False,False,False,False,-0.17410565177214024,-0.18469511029766206,False,False,False,False,1457967.0,749808.3734134965,False,False,False,False,78027.50007888098,False,False,False,False
2025-05-01 15:00:00+00:00,0.4961,0.5001,0.4876,0.4911,64263.0,,,,,,,,,,,,,,,,,,,,,,,,,,,0.4887947204629881,"rgba(38, 166, 154, 1.0)",0.0,0.0,0.0191387506534897,0.48240525354076996,0.45430062895169415,0.0,0.0,0.0,0.0,0.0,0.0,0.0,0.0,55.82404718816059,7.897581383205619,False,False,True,False,True,0.0,1,0.9398728152012489,1.003693690263128,False,False,False,False,-0.16857428845421898,-0.1766346993759405,False,False,False,False,1393704.0,759791.2513450702,False,False,False,False,77814.09697688282,False,False,False,False
2025-05-01 16:00:00+00:00,0.4911,0.4954,0.4865,0.493,13476.0,,,,,,,,,,,,,,,,,,,,,,,,,,,0.48882882162326,"rgba(38, 166, 154, 1.0)",0.0,0.0,0.019183235736788755,0.4824415477695455,0.5503999625154976,0.0,0.0,0.0,0.0,0.0,0.0,0.0,0.0,56.14935880614247,7.897581383205619,False,False,True,False,True,0.0,1,0.943020594965675,1.0015636918382915,False,False,False,False,-0.1777462786607302,-0.17719048901833534,False,False,False,False,1407180.0,769828.2862079373,False,False,False,False,76816.60710127222,False,False,False,False
2025-05-01 17:00:00+00:00,0.495,0.4975,0.4929,0.4944,19509.0,,,,,,,,,,,,,,,,,,,,,,,,,,,0.48893317339371084,"rgba(38, 166, 154, 1.0)",0.0,0.0,0.019424790791593444,0.48251393371732243,0.6119018943473803,0.0,0.0,0.0,0.0,0.0,0.0,0.0,0.0,56.709510543333884,7.897581383205619,False,False,True,False,True,0.139254291023299,1,0.9434924285988114,1.0053287329883074,False,False,False,False,-0.1643142250868069,-0.17075235705257114,False,False,False,False,1426689.0,780012.1732434732,False,False,False,False,75928.11706869435,False,False,False,False
2025-05-01 18:00:00+00:00,0.4944,0.4975,0.4931,0.4962,63087.0,,,,,,,,,,,,,,,,,,,,,,,,,,,0.4892823989019813,"rgba(38, 166, 154, 1.0)",0.0,0.0,0.019700123473337456,0.4827526113927989,0.6826042803945386,0.0,0.0,0.0,0.0,0.0,0.0,0.0,0.0,57.551479123331205,7.897581383205619,False,False,True,False,True,0.5095028705372151,1,0.9423254738788717,1.0060101710587146,False,False,False,False,-0.16399890169637663,-0.16737562937447387,False,False,False,False,1489776.0,791016.2635807836,False,False,False,False,75729.029982358,False,False,False,False
2025-05-01 19:00:00+00:00,0.4958,0.4964,0.4782,0.4821,75435.0,,,,,,,,,,,,,,,,,,,,,,,,,,,0.4890633808308577,"rgba(38, 166, 154, 1.0)",0.0,0.0,0.019750722828598678,0.4827977447568037,-0.03532755549550873,0.0,0.0,0.0,0.0,0.0,0.0,0.0,0.0,53.62976979926719,7.287784511112825,False,True,True,False,False,0.0,1,0.9362709255339619,1.0060419472772755,False,False,False,False,-0.18677660759483816,-0.17707611848465601,False,False,False,False,1414341.0,800680.212982632,False,False,False,False,75724.47137798036,False,False,False,False
2025-05-02 14:00:00+00:00,0.4752,0.4831,0.4651,0.4765,116984.0,,,,,,,,,,,,,,,,,,,,,,,,,,,0.4878771519290936,"rgba(38, 166, 154, 1.0)",0.0,0.0,0.019767898902688263,0.4825199654140626,-0.3045323857480863,0.0,0.0,0.0,0.0,0.0,0.0,0.0,0.0,49.6096251559229,3.5723308748254254,False,True,False,False,False,0.0,1,0.9322580645161288,1.0091781874039938,False,False,False,False,-0.22981760210425953,-0.20344686029445777,False,False,False,False,1297357.0,808380.6282852269,False,False,False,False,76364.15399227524,False,False,False,False
2025-05-02 15:00:00+00:00,0.4768,0.4793,0.4596,0.4775,61281.0,,,,,,,,,,,,,,,,,,,,,,,,,,,0.48721544877373973,"rgba(38, 166, 154, 1.0)",0.0,0.0,0.019789334828964056,0.48234290846698163,-0.24472315562084884,0.0,0.0,0.0,0.0,0.0,0.0,0.0,0.0,47.28335578842794,1.5151824598402754,False,True,False,True,False,0.0,1,0.9305997317493772,1.0109599540141792,False,False,False,False,-0.2294353396838547,-0.21644109998915623,False,False,False,False,1358638.0,816911.7503273163,False,False,False,False,76130.3066435578,False,False,False,False
2025-05-02 16:00:00+00:00,0.4695,0.4802,0.4635,0.4788,34598.0,,,,,,,,,,,,,,,,,,,,,,,,,,,0.48691299202514016,"rgba(38, 166, 154, 1.0)",0.0,0.0,0.019820431536830455,0.4822666830891507,-0.17490452126175457,0.0,0.0,0.0,0.0,0.0,0.0,0.0,0.0,46.2274316130021,0.5678150447067978,False,True,False,True,False,0.0,1,0.9399035679845708,1.0052073288331727,False,False,False,False,-0.219852041668893,-0.2181465708290246,False,False,False,False,1393236.0,825847.0100121641,False,False,False,False,75486.39491264992,False,False,False,False
2025-05-02 17:00:00+00:00,0.4677,0.4792,0.4627,0.4663,21670.0,,,,,,,,,,,,,,,,,,,,,,,,,,,0.48666238000932,"rgba(38, 166, 154, 1.0)",0.0,0.0,0.019817266290866664,0.4821928749513872,-0.8019711053038564,0.0,0.0,0.0,0.0,0.0,0.0,0.0,0.0,42.30706481392545,-3.0646540851432604,False,True,False,True,False,0.0,1,0.9396870664405735,1.0027747803298905,False,False,False,False,-0.22330426500925296,-0.2207254179191388,False,False,False,False,1371566.0,834307.7695468592,False,False,False,False,74652.0322008259,False,False,False,False
2025-05-02 18:00:00+00:00,0.4636,0.4695,0.46,0.4616,66795.0,,,,,,,,,,,,,,,,,,,,,,,,,,,0.4856923220800862,"rgba(38, 166, 154, 1.0)",0.0,0.0,0.019534710341031027,0.4818761564720687,-1.0379553173860139,0.0,0.0,0.0,0.0,0.0,0.0,0.0,0.0,38.72054739374967,-6.2933964990336975,False,True,False,True,False,0.0,0,0.9364645141404023,1.0066656392078293,False,False,False,False,-0.24723384866164508,-0.23397963329039195,False,False,False,False,1304771.0,841601.773119776,False,False,False,False,74530.21774809991,False,False,False,False
2025-05-02 19:00:00+00:00,0.4616,0.4673,0.4546,0.4595,67057.0,,,,,,,,,,,,,,,,,,,,,,,,,,,0.4846659984916614,"rgba(38, 166, 154, 1.0)",0.0,0.0,0.019044608610233837,0.4815214791512936,-1.156310407947166,0.0,0.0,0.0,0.0,0.0,0.0,0.0,0.0,35.900172026075225,-8.802200570206743,False,True,False,True,False,0.0,0,0.9344773190719863,1.007541071909507,False,False,False,False,-0.26079395497838515,-0.24738679413438855,False,False,False,False,1237714.0,847743.0479551284,False,False,False,False,74414.3539070441,False,False,False,False
2025-05-05 14:00:00+00:00,0.4395,0.4463,0.437,0.439,77561.0,,,,,,,,,,,,,,,,,,,,,,,,,,,0.48269299452831227,"rgba(239, 83, 80, 1.0)",0.0,0.0,0.01920733249624988,0.4807608083547352,-2.1742117684945987,0.0,0.0,0.0,0.0,0.0,0.0,0.0,0.0,30.8973062142738,-13.317279267215852,False,True,False,True,False,0.0,0,0.9312116564417176,1.010314417177914,False,False,False,False,-0.33907744023415104,-0.2932321171842698,False,False,False,False,1160153.0,852586.6131031109,False,False,False,False,74463.1391177876,False,False,False,False
2025-05-05 15:00:00+00:00,0.4425,0.4456,0.4366,0.4404,26422.0,,,,,,,,,,,,,,,,,,,,,,,,,,,0.482062265017801,"rgba(239, 83, 80, 1.0)",0.0,0.0,0.019412498342350638,0.48051230460455796,-2.0663133563312797,0.0,0.0,0.0,0.0,0.0,0.0,0.0,0.0,28.174692699363224,-15.686864257908702,False,True,False,True,False,0.0,0,0.9307896050055661,1.0101339679858738,False,False,False,False,-0.3410353347861752,-0.3171337259852225,False,False,False,False,1186575.0,857764.727628644,False,False,False,False,73718.31525549633,False,False,False,False
2025-05-05 16:00:00+00:00,0.4404,0.4455,0.4377,0.4378,25267.0,,,,,,,,,,,,,,,,,,,,,,,,,,,0.4814690657043736,"rgba(239, 83, 80, 1.0)",0.0,0.0,0.01966550123283443,0.4802758703336647,-2.159918012297851,0.0,0.0,0.0,0.0,0.0,0.0,0.0,0.0,26.008882867700464,-17.65569257261496,False,True,False,True,False,0.0,0,0.9473353493304009,1.0087578054431923,False,False,False,False,-0.338477675475514,-0.32780570073036824,False,False,False,False,1161308.0,862470.8248747115,False,False,False,False,72967.13207324057,False,False,False,False
2025-05-05 17:00:00+00:00,0.44,0.4457,0.4374,0.4456,21698.0,,,,,,,,,,,,,,,,,,,,,,,,,,,0.4810039093763856,"rgba(239, 83, 80, 1.0)",0.0,0.0,0.01937248880558191,0.480089490924534,-1.7803335064824688,0.0,0.0,0.0,0.0,0.0,0.0,0.0,0.0,28.092806805024942,-17.65569257261496,False,True,False,True,False,0.0,0,0.9413626651895227,1.0101685526628155,False,False,False,False,-0.3387332489988684,-0.33326947486461833,False,False,False,False,1183006.0,867440.3624735532,False,False,False,False,72172.26180853916,False,False,False,False
2025-05-05 18:00:00+00:00,0.4411,0.4453,0.4395,0.4399,23845.0,,,,,,,,,,,,,,,,,,,,,,,,,,,0.4804880565935477,"rgba(239, 83, 80, 1.0)",0.0,0.0,0.019353958274750283,0.47988042389511043,-2.0657492037311047,0.0,0.0,0.0,0.0,0.0,0.0,0.0,0.0,28.406929715939608,-17.65569257261496,False,True,False,True,True,0.0,0,0.9426357208484799,1.010386290097072,False,False,False,False,-0.33439426224944113,-0.33383186855702973,False,False,False,False,1159161.0,871963.1630553586,False,False,False,False,71423.00193553856,False,False,False,False
2025-05-05 19:00:00+00:00,0.4398,0.445,0.4385,0.4395,67260.0,,,,,,,,,,,,,,,,,,,,,,,,,,,0.4790829497456387,"rgba(239, 83, 80, 1.0)",0.0,0.0,0.019412592272507367,0.4793000528269493,-2.0502183463315826,0.0,0.0,0.0,0.0,0.0,0.0,0.0,0.0,28.540548802353435,-17.65569257261496,False,True,False,True,True,0.0,0,0.9398735451653174,1.0110748660948008,False,False,False,False,-0.3377112103024008,-0.33577153942971527,False,False,False,False,1091901.0,875373.0520002367,False,False,False,False,71358.45926987128,False,False,False,False
2025-05-06 14:00:00+00:00,0.4398,0.4465,0.4333,0.436,45272.0,,,,,,,,,,,,,,,,,,,,,,,,,,,0.47813603789416265,"rgba(239, 83, 80, 1.0)",0.0,0.0,0.019588853973621676,0.47889911131967633,-2.18997555331436,0.0,0.0,0.0,0.0,0.0,0.0,0.0,0.0,27.94233680010791,-17.65569257261496,False,True,False,True,True,0.0,0,0.9369460520458132,1.0105224816868348,False,False,False,False,-0.34282825441539394,-0.3392998969225546,False,False,False,False,1046629.0,878028.1829769772,False,False,False,False,70954.01804088103,False,False,False,False
2025-05-06 15:00:00+00:00,0.4338,0.4404,0.4212,0.4221,54434.0,,,,,,,,,,,,,,,,,,,,,,,,,,,0.47676184458749815,"rgba(239, 83, 80, 1.0)",0.0,0.0,0.020080764584700945,0.4783020571226647,-2.798800657495071,0.0,0.0,0.0,0.0,0.0,0.0,0.0,0.0,25.383367856373596,-19.33807501644275,False,True,False,True,False,0.0,0,0.9306039724361572,1.0134171057965138,False,False,False,False,-0.34282825441539394,-0.34106407566897423,False,False,False,False,992195.0,879798.2111478768,False,False,False,False,70697.89373016969,False,False,False,False
2025-05-06 16:00:00+00:00,0.4211,0.4347,0.4154,0.4244,82609.0,,,,,,,,,,,,,,,,,,,,,,,,,,,0.4746920343758711,"rgba(239, 83, 80, 1.0)",0.0,0.0,0.0205734700152488,0.4773785417793988,-2.5750902370932947,0.0,0.0,0.0,0.0,0.0,0.0,0.0,0.0,24.8244359768864,-20.192359533162175,False,True,False,True,False,0.0,0,0.9351249642082872,1.0159119728392032,False,False,False,False,-0.34282825441539394,-0.3419461650421841,False,False,False,False,1074804.0,882821.5567114756,False,False,False,False,70882.56204443061,False,False,False,False
2025-05-06 17:00:00+00:00,0.4244,0.432,0.418,0.4185,57348.0,,,,,,,,,,,,,,,,,,,,,,,,,,,0.47329571955382305,"rgba(239, 83, 80, 1.0)",0.0,0.0,0.021211620816371627,0.4767392466529932,-2.745629254698105,0.0,0.0,0.0,0.0,0.0,0.0,0.0,0.0,23.576624151033627,-21.70374404385635,False,True,False,True,False,0.0,0,0.9372372867386467,1.0117036182312702,False,False,False,False,-0.34282825441539394,-0.342387209728789,False,False,False,False,1017456.0,884908.9124213752,True,False,False,False,70672.72387319912,True,False,False,False
2025-05-06 18:00:00+00:00,0.4183,0.4329,0.4135,0.4264,92149.0,,,,,,,,,,,,,,,,,,,,,,,,,,,0.4712624589790625,"rgba(239, 83, 80, 1.0)",0.0,0.0,0.021616480032810175,0.47578268871521867,-2.2844926019529574,0.0,0.0,0.0,0.0,0.0,0.0,0.0,0.0,26.50601716024095,-21.70374404385635,False,True,False,True,True,0.0,0,0.9361850756081526,1.0025887573964498,False,False,False,False,-0.34282825441539394,-0.3426077320720915,False,False,False,False,1109605.0,888392.572693912,False,False,False,False,71005.68939454488,False,False,False,False
2025-05-06 19:00:00+00:00,0.4264,0.4359,0.4102,0.4205,73584.0,,,,,,,,,,,,,,,,,,,,,,,,,,,0.46968980671888205,"rgba(239, 83, 80, 1.0)",0.0,0.0,0.02215503587030014,0.47172061909202223,-2.311917678304727,0.0,0.0,0.0,0.0,0.0,0.0,0.0,0.0,27.301942381044853,-21.70374404385635,False,True,False,True,True,0.0,0,0.9330196855268046,1.012710990054063,False,False,False,False,-0.34282825441539394,-0.34271799324374275,False,False,False,False,1036021.0,890681.3855203629,False,False,False,False,71045.66320238139,False,False,False,False
2025-05-07 14:00:00+00:00,0.4395,0.4453,0.4262,0.4378,75895.0,,,,,,,,,,,,,,,,,,,,,,,,,,,0.46862550813860904,"rgba(239, 83, 80, 1.0)",0.0,0.0,0.02231480137398116,0.4716680144189825,-1.5177376599225407,0.0,0.0,0.0,0.0,0.0,0.0,0.0,0.0,34.026523407728355,-20.878170447649442,False,True,False,True,True,0.0,0,0.9331022244232594,1.0059428005447566,False,False,False,False,-0.2827682596935907,-0.31274312646866675,False,False,False,False,1111916.0,894111.3795433029,False,False,False,False,71120.84671862354,False,False,False,False
2025-05-07 15:00:00+00:00,0.4378,0.4385,0.4235,0.4301,30496.0,,,,,,,,,,,,,,,,,,,,,,,,,,,0.46814400480819335,"rgba(239, 83, 80, 1.0)",0.0,0.0,0.022608398901752678,0.4714517518460984,-1.8290438003061191,0.0,0.0,0.0,0.0,0.0,0.0,0.0,0.0,36.67842757032797,-18.549673288677557,False,True,False,True,True,0.0,1,0.9314359101831137,1.0088656889551746,False,False,False,False,-0.28598201577405913,-0.29936257112136294,False,False,False,False,1081420.0,897015.3891627865,False,False,False,False,70491.00413383867,False,False,False,False
2025-05-07 16:00:00+00:00,0.4301,0.4372,0.4275,0.4316,12095.0,,,,,,,,,,,,,,,,,,,,,,,,,,,0.46796341943283903,"rgba(239, 83, 80, 1.0)",0.0,0.0,0.022865981104946323,0.47137441655047796,-1.7394581219991498,0.0,0.0,0.0,0.0,0.0,0.0,0.0,0.0,38.924653201433685,-16.52592666864394,False,True,False,True,True,0.0,0,0.9549112274875461,1.00544982330651,False,False,False,False,-0.2750435742524312,-0.28720307268689704,False,False,False,False,1093515.0,900061.894757162,False,False,False,False,69585.63972866288,False,False,False,False
2025-05-07 17:00:00+00:00,0.4351,0.4375,0.4266,0.4325,16010.0,,,,,,,,,,,,,,,,,,,,,,,,,,,0.46772780420084203,"rgba(239, 83, 80, 1.0)",0.0,0.0,0.02304943477057764,0.4712718983228712,-1.6821192670790834,0.0,0.0,0.0,0.0,0.0,0.0,0.0,0.0,40.731828002356615,-14.823832720096341,False,True,False,True,True,0.0,0,0.9561073596033847,0.9944439695700485,False,False,False,False,-0.27718913172043025,-0.28219610220366365,False,False,False,False,1109525.0,903309.3847609268,False,False,False,False,68755.00965535028,False,False,False,False
2025-05-07 18:00:00+00:00,0.4325,0.4357,0.4252,0.4357,8672.0,,,,,,,,,,,,,,,,,,,,,,,,,,,0.46760147213834635,"rgba(239, 83, 80, 1.0)",0.0,0.0,0.023128421577888858,0.4712160316007671,-1.5356011858034013,0.0,0.0,0.0,0.0,0.0,0.0,0.0,0.0,43.07994271787831,-12.555554792748907,False,False,False,True,True,0.0,1,0.9646911555229419,0.9914965252298527,False,False,False,False,-0.2886747772290732,-0.2854354397163684,False,False,False,False,1118197.0,906640.9756948659,False,False,False,False,67823.49012580996,False,False,False,False
2025-05-07 19:00:00+00:00,0.4344,0.4361,0.4272,0.4316,10236.0,,,,,,,,,,,,,,,,,,,,,,,,,,,0.46745113883462686,"rgba(239, 83, 80, 1.0)",0.0,0.0,0.023320955507132115,0.47114721710451846,-1.6957803076475135,0.0,0.0,0.0,0.0,0.0,0.0,0.0,0.0,43.34604248079538,-12.141740650129982,False,False,False,True,True,0.0,1,0.9737496184537564,0.9821218331661796,False,False,False,False,-0.2800537548799631,-0.28274459729816576,False,False,False,False,1107961.0,909762.2163817672,False,False,False,False,66930.66082153383,False,False,False,False
2025-05-08 14:00:00+00:00,0.4446,0.4494,0.4314,0.4344,74290.0,,,,,,,,,,,,,,,,,,,,,,,,,,,0.4665958314475857,"rgba(239, 83, 80, 1.0)",0.0,0.0,0.02336904728847629,0.47084452862569365,-1.5595213692628844,0.0,0.0,0.0,0.0,0.0,0.0,0.0,0.0,44.62690004600687,-10.674920313193446,False,False,False,True,True,0.0,1,0.9704394837809557,0.9751046389954656,False,False,False,False,-0.2183183745970848,-0.2505314859476253,False,False,False,False,1182251.0,913986.8486859258,False,False,False,False,67044.75910337051,False,False,False,False
2025-05-08 15:00:00+00:00,0.4328,0.4431,0.4326,0.4377,30824.0,,,,,,,,,,,,,,,,,,,,,,,,,,,0.4662483158832191,"rgba(239, 83, 80, 1.0)",0.0,0.0,0.023456875286322086,0.47069981031849395,-1.4068289111694454,0.0,0.0,0.0,0.0,0.0,0.0,0.0,0.0,46.75770734998173,-8.426104751344027,False,False,False,True,True,0.0,1,0.978988635362523,0.9764337943793497,False,False,False,False,-0.23612174384620935,-0.24332661489691731,False,False,False,False,1213075.0,918623.8742876945,False,False,False,False,66483.1969467291,False,False,False,False
2025-05-08 16:00:00+00:00,0.4374,0.4428,0.4353,0.4407,33822.0,,,,,,,,,,,,,,,,,,,,,,,,,,,0.4659000495499673,"rgba(239, 83, 80, 1.0)",0.0,0.0,0.02353260471525739,0.47055878770409,-1.2688262971897466,0.0,0.0,0.0,0.0,0.0,0.0,0.0,0.0,49.3057960103544,-5.849947187915873,True,False,False,False,True,0.0,1,0.9785837804283243,0.972775240544495,False,False,False,False,-0.2277260327356235,-0.23552632381627042,False,False,False,False,1246897.0,923713.3801126914,False,False,False,False,65976.82180026818,False,False,False,False
2025-05-08 17:00:00+00:00,0.4407,0.4443,0.4348,0.4349,120326.0,,,,,,,,,,,,,,,,,,,,,,,,,,,0.4646604827678219,"rgba(239, 83, 80, 1.0)",0.0,0.0,0.02367251327351099,0.46997603118412623,-1.4817197810329463,0.0,0.0,0.0,0.0,0.0,0.0,0.0,0.0,48.636373458275884,-5.849947187915873,True,False,False,False,True,0.0,1,0.9768104330796276,0.9721369119152532,False,False,False,False,-0.2242371772806232,-0.2298817505484468,False,False,False,False,1126571.0,926858.4594907892,False,False,False,False,66819.44471809348,False,False,False,False
2025-05-08 18:00:00+00:00,0.4349,0.4467,0.4346,0.4444,21979.0,,,,,,,,,,,,,,,,,,,,,,,,,,,0.4644772578241795,"rgba(239, 83, 80, 1.0)",0.0,0.0,0.023758532881568126,0.4698948448198656,-1.073081614380511,0.0,0.0,0.0,0.0,0.0,0.0,0.0,0.0,51.59753316352948,-3.396493764249797,True,False,True,False,True,0.0,1,0.9781610732272585,0.968801533181798,False,False,False,False,-0.21658042976665004,-0.22323109015754844,False,False,False,False,1148550.0,930295.5376382188,False,False,False,False,66124.2440247897,False,False,False,False
2025-05-08 19:00:00+00:00,0.4373,0.4474,0.4259,0.441,54789.0,,,,,,,,,,,,,,,,,,,,,,,,,,,0.46395835098110605,"rgba(239, 83, 80, 1.0)",0.0,0.0,0.02388442517134617,0.4696313601612636,-1.1987460429071692,0.0,0.0,0.0,0.0,0.0,0.0,0.0,0.0,52.18275637580723,-2.667174388208629,True,False,True,False,True,0.0,1,0.9696681175190422,0.9922923467537177,False,False,False,False,-0.24455026579823735,-0.2338906779778929,False,False,False,False,1093761.0,932829.8858918898,False,False,False,False,65948.50380735111,False,False,False,False
2025-05-09 14:00:00+00:00,0.448,0.4522,0.431,0.4354,43222.0,,,,,,,,,,,,,,,,,,,,,,,,,,,0.46358508539006327,"rgba(239, 83, 80, 1.0)",0.0,0.0,0.02407214584130949,0.46944231679717796,-1.4141787367688239,0.0,0.0,0.0,0.0,0.0,0.0,0.0,0.0,50.468297304113975,-2.667174388208629,True,False,False,False,True,0.0,1,0.9513854246972926,0.9935150333318217,False,False,False,False,-0.20998787861112753,-0.2219392782945102,False,False,False,False,1050539.0,934654.8333974419,False,False,False,False,65596.1549111131,False,False,False,False
2025-05-09 15:00:00+00:00,0.4354,0.442,0.4265,0.4359,65916.0,,,,,,,,,,,,,,,,,,,,,,,,,,,0.46292949734042066,"rgba(239, 83, 80, 1.0)",0.0,0.0,0.024254355826870452,0.46907568083239043,-1.3678236218352327,0.0,0.0,0.0,0.0,0.0,0.0,0.0,0.0,49.53270432502513,-2.667174388208629,True,False,False,False,False,0.0,1,0.9495055370733262,0.9998177095201203,False,False,False,False,-0.24438510217349393,-0.2331621902340021,False,False,False,False,1116455.0,937473.4406315901,False,False,False,False,65601.1137497005,False,False,False,False
2025-05-09 16:00:00+00:00,0.4314,0.4405,0.4301,0.4306,16885.0,,,,,,,,,,,,,,,,,,,,,,,,,,,0.4627601520330792,"rgba(239, 83, 80, 1.0)",0.0,0.0,0.02451230799502794,0.46897886120414906,-1.5656975757620955,0.0,0.0,0.0,0.0,0.0,0.0,0.0,0.0,46.956875392549485,1.4893272200656753,True,False,False,True,False,0.0,1,0.9692507177919791,0.9986570343613967,False,False,False,False,-0.23541617810159707,-0.2342891841677996,False,False,False,False,1099570.0,939986.5655830383,False,False,False,False,64845.82516443382,False,False,False,False
2025-05-09 17:00:00+00:00,0.4306,0.4412,0.4301,0.4312,3803.0,,,,,,,,,,,,,,,,,,,,,,,,,,,0.4627228465437114,"rgba(239, 83, 80, 1.0)",0.0,0.0,0.0247514817465241,0.46895758091203826,-1.5254674972071363,0.0,0.0,0.0,0.0,0.0,0.0,0.0,0.0,45.538540062524504,0.010148524516573332,True,False,False,True,False,0.0,1,0.9698534542916958,0.9987438939288207,False,False,False,False,-0.23243484929271532,-0.23336201673025747,False,False,False,False,1103373.0,942519.6885972547,False,False,False,False,63899.42477428756,False,False,False,False
2025-05-09 18:00:00+00:00,0.4307,0.4313,0.4219,0.4265,51238.0,,,,,,,,,,,,,,,,,,,,,,,,,,,0.4620982691180863,"rgba(239, 83, 80, 1.0)",0.0,0.0,0.025061569445326632,0.466107072942404,-1.5803907663807446,0.0,0.0,0.0,0.0,0.0,0.0,0.0,0.0,42.891334175072885,-2.5901408666050116,False,False,False,True,False,0.0,1,0.9700784442669922,1.0032411104326178,False,False,False,False,-0.311011485064603,-0.2721867508974303,False,False,False,False,1052135.0,944219.1507895453,False,False,False,False,63703.12361499627,False,False,False,False
2025-05-09 19:00:00+00:00,0.4265,0.4312,0.4224,0.4276,36219.0,,,,,,,,,,,,,,,,,,,,,,,,,,,0.4616756617927968,"rgba(239, 83, 80, 1.0)",0.0,0.0,0.025318574743197788,0.46587789020562614,-1.5118501177049901,0.0,0.0,0.0,0.0,0.0,0.0,0.0,0.0,41.76130107100081,-3.7578851009515404,False,False,False,True,False,0.0,1,0.9664865377322713,1.0059726962457336,False,False,False,False,-0.30923755473600534,-0.2907121528167178,False,False,False,False,1088354.0,946453.7996145135,False,False,False,False,63277.01317135292,False,False,False,False
2025-05-12 14:00:00+00:00,0.4383,0.4387,0.4244,0.4332,48105.0,,,,,,,,,,,,,,,,,,,,,,,,,,,0.4612092581665215,"rgba(239, 83, 80, 1.0)",0.0,0.0,0.02549175298542915,0.4657298157295352,-1.2760917520316852,0.0,0.0,0.0,0.0,0.0,0.0,0.0,0.0,44.00814778091369,-3.7578851009515404,True,False,False,True,True,0.0,1,0.9646649840468594,1.0030953854945472,False,False,False,False,-0.2676300058632728,-0.2791710793399953,False,False,False,False,1136459.0,949399.6166747536,False,False,False,False,63041.78816094435,False,False,False,False
2025-05-12 15:00:00+00:00,0.4332,0.4366,0.4311,0.4315,11640.0,,,,,,,,,,,,,,,,,,,,,,,,,,,0.4611022787436783,"rgba(239, 83, 80, 1.0)",0.0,0.0,0.02564656224437927,0.46569088167353667,-1.3331565200723925,0.0,0.0,0.0,0.0,0.0,0.0,0.0,0.0,44.72432426848428,-3.7578851009515404,True,False,False,True,True,0.0,1,0.9664410197321043,1.0045609486773248,False,False,False,False,-0.24781192751634495,-0.2634915034281701,False,False,False,False,1124819.0,952119.2970363853,False,False,False,False,62244.861212712654,False,False,False,False
2025-05-12 16:00:00+00:00,0.4325,0.4399,0.4314,0.4395,47996.0,,,,,,,,,,,,,,,,,,,,,,,,,,,0.4607292936597303,"rgba(239, 83, 80, 1.0)",0.0,0.0,0.02567191068459969,0.46560333482372507,-1.0168052991624104,0.0,0.0,0.0,0.0,0.0,0.0,0.0,0.0,48.85970981085159,-5.724154800755102,True,False,False,False,True,0.0,1,0.9842745861733202,1.0002921129503408,False,False,False,False,-0.23243484929271532,-0.24796317636044274,False,False,False,False,1172815.0,955540.9358420228,False,False,False,False,62023.948635771376,False,False,False,False
2025-05-12 17:00:00+00:00,0.4385,0.4541,0.4385,0.4529,119151.0,,,,,,,,,,,,,,,,,,,,,,,,,,,0.46027806131639065,"rgba(239, 83, 80, 1.0)",0.0,0.0,0.02567978136922191,0.46578535151422407,-0.501770296598692,0.0,0.0,0.0,0.0,0.0,0.0,0.0,0.0,55.58184982380139,0.39612835745428043,True,False,True,False,True,0.0,1,0.987088915956151,0.9923995127892813,False,False,False,False,-0.1433831197367073,-0.19567314804857502,False,False,False,False,1291966.0,960756.8283095883,False,False,False,False,62909.63935459663,False,False,False,False
2025-05-12 18:00:00+00:00,0.4416,0.4534,0.4372,0.4463,111508.0,,,,,,,,,,,,,,,,,,,,,,,,,,,0.4597892457263173,"rgba(239, 83, 80, 1.0)",0.0,0.0,0.025639948208684232,0.46564329126950926,-0.7544200601371625,0.0,0.0,0.0,0.0,0.0,0.0,0.0,0.0,56.99701208995741,1.4920148686147172,True,False,True,False,True,0.0,1,0.9854028804982482,0.9920688984040483,False,False,False,False,-0.15162844313454113,-0.17365079559155808,False,False,False,False,1180458.0,964163.0480257187,False,False,False,False,63663.102310339316,False,False,False,False
2025-05-12 19:00:00+00:00,0.4464,0.4599,0.4401,0.4599,111109.0,,,,,,,,,,,,,,,,,,,,,,,,,,,0.4595803680407527,"rgba(239, 83, 80, 1.0)",0.0,0.0,0.02560329039946126,0.4657045734774308,-0.22671201188863566,0.0,0.0,0.0,0.0,0.0,0.0,0.0,0.0,61.100959881502284,5.201431286661638,True,False,True,False,True,0.0,0,0.9855093605640652,0.9926574276683686,False,False,False,False,-0.11303423332868068,-0.14334251446011936,False,False,False,False,1291567.0,969239.0782888858,False,False,False,False,64398.697623357315,False,False,False,False
2025-05-13 14:00:00+00:00,0.4631,0.4825,0.4279,0.4495,61732.0,,,,,,,,,,,,,,,,,,,,,,,,,,,0.4594700247724684,"rgba(239, 83, 80, 1.0)",0.0,0.0,0.025620995894588022,0.4650189828883174,-0.6057134918629563,0.0,0.0,0.0,0.0,0.0,0.0,0.0,0.0,59.937689156015594,5.201431286661638,True,False,True,False,True,0.0,1,0.9787741473885045,0.9813498688290008,False,False,False,False,-0.07071698646428343,-0.1070297504622014,False,False,False,False,1229835.0,973279.3251371201,False,False,False,False,64357.35347415798,False,False,False,False
2025-05-13 15:00:00+00:00,0.4495,0.4533,0.4461,0.4488,47962.0,,,,,,,,,,,,,,,,,,,,,,,,,,,0.45933441530910785,"rgba(239, 83, 80, 1.0)",0.0,0.0,0.025650085927886743,0.46486973494599937,-0.6264982889795466,0.0,0.0,0.0,0.0,0.0,0.0,0.0,0.0,58.91984965945413,5.201431286661638,True,False,True,False,False,0.0,0,0.9867483136391904,0.9953595177725685,False,False,False,False,-0.1154865083399825,-0.11125812940109195,False,False,False,False,1181873.0,976513.3356001105,False,False,False,False,64103.16194742685,False,False,False,False
2025-05-13 16:00:00+00:00,0.4497,0.4554,0.4458,0.4504,104731.0,,,,,,,,,,,,,,,,,,,,,,,,,,,0.45908300287494663,"rgba(239, 83, 80, 1.0)",0.0,0.0,0.025418828589191745,0.4647399058482835,-0.5641450312301531,0.0,0.0,0.0,0.0,0.0,0.0,0.0,0.0,58.69297524869983,5.201431286661638,True,False,True,False,False,0.0,0,0.9896043892578688,0.9954278563865627,False,False,False,False,-0.10813371174276089,-0.10969592057192643,False,False,False,False,1286604.0,981320.9428001087,False,False,False,False,64733.05090948225,False,False,False,False
2025-05-13 17:00:00+00:00,0.4504,0.4812,0.4484,0.4516,24871.0,,,,,,,,,,,,,,,,,,,,,,,,,,,0.45909187683197594,"rgba(239, 83, 80, 1.0)",0.0,0.0,0.024909246953363474,0.4648253232552792,-0.5309403082333404,0.0,0.0,0.0,0.0,0.0,0.0,0.0,0.0,58.901321837634256,5.201431286661638,True,False,True,False,False,0.0,0,0.9977861199345461,0.9812301472711521,False,False,False,False,0.006857886410632558,-0.05141901708064693,False,False,False,False,1311475.0,986439.6103535953,False,False,False,False,64115.03461631198,False,False,False,False
2025-05-13 18:00:00+00:00,0.4513,0.457,0.4505,0.4505,23270.0,,,,,,,,,,,,,,,,,,,,,,,,,,,0.45905162425887774,"rgba(239, 83, 80, 1.0)",0.0,0.0,0.02454703615069743,0.46481419924326683,-0.5831335056252861,0.0,0.0,0.0,0.0,0.0,0.0,0.0,0.0,58.52714674469923,5.201431286661638,True,False,True,False,False,0.0,0,0.9993687481790813,0.9883946780615714,False,False,False,False,-0.08248515445379634,-0.06695208576722164,False,False,False,False,1288205.0,991118.1435264078,False,False,False,False,63481.778265671484,False,False,False,False
2025-05-13 19:00:00+00:00,0.4505,0.4549,0.4476,0.4518,52159.0,,,,,,,,,,,,,,,,,,,,,,,,,,,0.4589461271272996,"rgba(239, 83, 80, 1.0)",0.0,0.0,0.02415412769454833,0.4647592020579765,-0.536521219969432,0.0,0.0,0.0,0.0,0.0,0.0,0.0,0.0,58.74704555172738,5.201431286661638,True,False,True,False,False,0.0,0,0.9933694115352736,0.9894203110526061,False,False,False,False,-0.10283063783087772,-0.08489136179904969,False,False,False,False,1340364.0,996532.8079678589,False,False,False,False,63306.231315816105,False,False,False,False
2025-05-14 14:00:00+00:00,0.4458,0.455,0.4377,0.4446,10226.0,,,,,,,,,,,,,,,,,,,,,,,,,,,0.458910442614028,"rgba(239, 83, 80, 1.0)",0.0,0.0,0.023824943171327356,0.4647255029162123,-0.8447240680276947,0.0,0.0,0.0,0.0,0.0,0.0,0.0,0.0,55.49942475245743,5.201431286661638,True,False,True,False,False,0.0,1,0.9847592150752299,0.9927448020645664,False,False,False,False,-0.14297137052610637,-0.11393136616257803,False,False,False,False,1330138.0,1001704.9814877369,False,False,False,False,62483.28199309028,False,False,False,False
2025-05-14 15:00:00+00:00,0.4445,0.4536,0.4372,0.4437,10609.0,,,,,,,,,,,,,,,,,,,,,,,,,,,0.45887101086249177,"rgba(239, 83, 80, 1.0)",0.0,0.0,0.02326997857116681,0.4646874617936399,-0.9019115221551989,0.0,0.0,0.0,0.0,0.0,0.0,0.0,0.0,52.948485348988434,7.308307897418857,True,False,True,False,False,0.0,1,0.987890625,0.9936035156249999,False,False,False,False,-0.15080300758378035,-0.1323671868731792,False,False,False,False,1319529.0,1006632.4856507177,False,False,False,False,61679.02955908888,False,False,False,False
2025-05-14 16:00:00+00:00,0.4434,0.4546,0.434,0.439,82039.0,,,,,,,,,,,,,,,,,,,,,,,,,,,0.4585246235312816,"rgba(239, 83, 80, 1.0)",0.0,0.0,0.022978688363759533,0.46435174399827644,-1.1032720230567876,0.0,0.0,0.0,0.0,0.0,0.0,0.0,0.0,49.304223632826776,3.8493790690255167,True,False,False,False,False,0.0,1,0.9882140062597811,0.9929088419405321,False,False,False,False,-0.1598942783620397,-0.14613073261760945,False,False,False,False,1237490.0,1010211.671919699,False,False,False,False,61994.68801553711,False,False,False,False
2025-05-14 17:00:00+00:00,0.4446,0.4459,0.435,0.4363,60890.0,,,,,,,,,,,,,,,,,,,,,,,,,,,0.4582231746742537,"rgba(239, 83, 80, 1.0)",0.0,0.0,0.0229732333869682,0.4640612309290791,-1.208416354000343,0.0,0.0,0.0,0.0,0.0,0.0,0.0,0.0,45.852202344621354,0.6793667403644079,False,False,False,True,False,0.0,1,0.9875427454811919,0.9918417195896433,False,False,False,False,-0.19193152931783286,-0.16903113096772115,False,False,False,False,1176600.0,1012791.335920944,False,False,False,False,61977.56106955979,False,False,False,False
2025-05-14 18:00:00+00:00,0.4363,0.4456,0.4345,0.4349,13914.0,,,,,,,,,,,,,,,,,,,,,,,,,,,0.4581530099223789,"rgba(239, 83, 80, 1.0)",0.0,0.0,0.02302105522741391,0.4639951245774037,-1.2638484330968758,0.0,0.0,0.0,0.0,0.0,0.0,0.0,0.0,43.02052247635167,-1.8817459827996714,False,False,False,True,False,0.0,1,0.9874389051808407,0.9934995112414469,False,False,False,False,-0.19528140447831313,-0.18215626772301713,False,False,False,False,1162686.0,1015115.2842012394,False,False,False,False,61232.38958010925,False,False,False,False
2025-05-14 19:00:00+00:00,0.4381,0.4451,0.4338,0.4395,33845.0,,,,,,,,,,,,,,,,,,,,,,,,,,,0.4579940294439162,"rgba(239, 83, 80, 1.0)",0.0,0.0,0.022982926055877807,0.4638510933522183,-1.0595297262417371,0.0,0.0,0.0,0.0,0.0,0.0,0.0,0.0,43.87204592015624,-1.8817459827996714,False,False,False,True,False,0.0,1,0.9859952178792758,0.9928756160640217,False,False,False,False,-0.20031436877717793,-0.19123531825009754,False,False,False,False,1196531.0,1017927.9309578093,False,False,False,False,60807.77888894476,False,False,False,False
2025-05-15 14:00:00+00:00,0.4213,0.427,0.4142,0.4224,29057.0,,,,,,,,,,,,,,,,,,,,,,,,,,,0.4577272253944676,"rgba(239, 83, 80, 1.0)",0.0,0.0,0.023149660515477066,0.461342095558199,-1.682188623550814,0.0,0.0,0.0,0.0,0.0,0.0,0.0,0.0,39.05777823776835,-5.4799230257955855,False,True,False,True,False,0.0,1,0.980262838853596,0.9946656321225934,False,False,False,False,-0.34282825441539394,-0.2670317863327457,False,False,False,False,1167474.0,1020246.4746638897,False,False,False,False,60315.51875113166,False,False,False,False
2025-05-15 15:00:00+00:00,0.4223,0.4271,0.4204,0.4261,52060.0,,,,,,,,,,,,,,,,,,,,,,,,,,,0.45730150866757097,"rgba(239, 83, 80, 1.0)",0.0,0.0,0.023212525975473183,0.4610548279389693,-1.5058605847508058,0.0,0.0,0.0,0.0,0.0,0.0,0.0,0.0,37.71580935115814,-6.707683843619307,False,True,False,True,False,0.0,1,0.9810734737455107,0.9947102785596427,False,False,False,False,-0.3153799245793587,-0.2912058554560522,False,False,False,False,1219534.0,1023336.2037388681,False,False,False,False,60187.52621235442,False,False,False,False
2025-05-15 16:00:00+00:00,0.4244,0.4273,0.4212,0.4223,55178.0,,,,,,,,,,,,,,,,,,,,,,,,,,,0.45684953831540953,"rgba(239, 83, 80, 1.0)",0.0,0.0,0.023268791146969697,0.4606498312791886,-1.6481230604961157,0.0,0.0,0.0,0.0,0.0,0.0,0.0,0.0,35.840027597504175,-8.545854530093422,False,True,False,True,False,0.0,0,0.9877133105802048,0.9923451974646514,False,False,False,False,-0.31106599516836664,-0.30113592531220945,False,False,False,False,1164356.0,1025522.5571692733,True,False,False,False,60109.85913929466,False,False,False,False
2025-05-15 17:00:00+00:00,0.4239,0.4341,0.4223,0.4283,48519.0,,,,,,,,,,,,,,,,,,,,,,,,,,,0.45651601433421046,"rgba(239, 83, 80, 1.0)",0.0,0.0,0.02325294688289189,0.46043162321129705,-1.381830155683946,0.0,0.0,0.0,0.0,0.0,0.0,0.0,0.0,37.52929390716199,-8.545854530093422,False,True,False,True,False,0.0,0,0.9843796786106397,1.0144225970655756,False,False,False,False,-0.2773632737940984,-0.28924959955315394,False,False,False,False,1212875.0,1028427.2462054085,False,False,False,False,59930.155896824974,False,False,False,False
2025-05-15 18:00:00+00:00,0.4282,0.4361,0.4255,0.4293,67514.0,,,,,,,,,,,,,,,,,,,,,,,,,,,0.4560976286526497,"rgba(239, 83, 80, 1.0)",0.0,0.0,0.02315342186684284,0.4601685840076117,-1.3332190889596938,0.0,0.0,0.0,0.0,0.0,0.0,0.0,0.0,39.12369725072924,-8.545854530093422,False,True,False,True,True,0.0,0,0.9734120377377529,1.0125119822410575,False,False,False,False,-0.25187807967498976,-0.2705638396140718,False,False,False,False,1280389.0,1032333.6299851696,False,False,False,False,60047.73487516877,False,False,False,False
2025-05-15 19:00:00+00:00,0.4293,0.446,0.4291,0.4442,53522.0,,,,,,,,,,,,,,,,,,,,,,,,,,,0.4558935956990411,"rgba(239, 83, 80, 1.0)",0.0,0.0,0.022925839546650638,0.46015377510652816,-0.6958861887724829,0.0,0.0,0.0,0.0,0.0,0.0,0.0,0.0,45.66556105670982,-10.213370830735947,False,False,False,True,True,0.0,0,0.9779404289925789,1.0043204228931584,False,False,False,False,-0.19394280714000728,-0.23225332337703955,False,False,False,False,1333911.0,1037009.2481249344,False,False,False,False,59946.560691057624,False,False,False,False
2025-05-16 14:00:00+00:00,0.453,0.4565,0.4458,0.4529,39432.0,,,,,,,,,,,,,,,,,,,,,,,,,,,0.4558556514014356,"rgba(239, 83, 80, 1.0)",0.0,0.0,0.022533923015896212,0.46030003187408797,-0.32839518750763913,0.0,0.0,0.0,0.0,0.0,0.0,0.0,0.0,52.19460958173101,-4.345555064849648,True,False,True,False,True,0.0,0,0.989067953192363,0.994405666187641,False,False,False,False,-0.08063252327648761,-0.15644292332676357,False,False,False,False,1373343.0,1042223.7248981912,False,False,False,False,59628.5054865451,False,False,False,False
2025-05-16 15:00:00+00:00,0.4533,0.4777,0.4511,0.465,110276.0,,,,,,,,,,,,,,,,,,,,,,,,,,,0.4560731451934732,"rgba(38, 166, 154, 1.0)",0.0,0.0,0.02203818414389467,0.46103757178109983,0.17979830792900975,0.0,0.0,0.0,0.0,0.0,0.0,0.0,0.0,58.83909745076093,1.4729016372941715,True,False,True,False,True,2.414936002339388,0,0.9961636828644501,0.9734526854219948,False,False,False,False,0.02777897765195987,-0.06433197283740186,False,False,False,False,1483619.0,1049067.062496669,False,False,False,False,60413.73795962192,False,False,False,False
2025-05-16 16:00:00+00:00,0.4651,0.4781,0.4641,0.4699,114235.0,,,,,,,,,,,,,,,,,,,,,,,,,,,0.45644054630938125,"rgba(38, 166, 154, 1.0)",0.0,0.0,0.0217729547916724,0.46178573069924367,0.372676532808483,0.0,0.0,0.0,0.0,0.0,0.0,0.0,0.0,64.03700125894804,5.917002950394135,True,False,True,False,True,3.586878475195384,0,1.0237314597970335,0.965703877179287,False,False,False,False,0.08268742595627834,0.009177726559438243,False,False,False,False,1597854.0,1057575.3871091236,False,False,False,False,61248.17613079057,False,False,False,False
2025-05-16 17:00:00+00:00,0.47,0.4833,0.4658,0.4832,75382.0,,,,,,,,,,,,,,,,,,,,,,,,,,,0.4567828318807896,"rgba(38, 166, 154, 1.0)",0.0,0.0,0.021978507683640625,0.4623285339206153,0.9496307201475782,0.0,0.0,0.0,0.0,0.0,0.0,0.0,0.0,69.22036112652474,10.424393166699545,True,False,True,False,True,6.643679649917271,0,1.0227462873875757,0.9610960050198701,False,False,False,False,0.11113544630313649,0.060156586431287365,False,False,False,False,1673236.0,1067120.5128903775,False,False,False,False,61467.30518302637,False,False,False,False
2025-05-16 18:00:00+00:00,0.4839,0.4895,0.4747,0.4834,23493.0,,,,,,,,,,,,,,,,,,,,,,,,,,,0.4569130207156438,"rgba(38, 166, 154, 1.0)",0.0,0.0,0.022031662310048102,0.46251647082005426,0.9478871310777703,0.0,0.0,0.0,0.0,0.0,0.0,0.0,0.0,72.6990614312094,13.474441582495132,True,False,True,False,True,6.688547470413951,0,1.024601723687647,0.9534082005745624,False,False,False,False,0.1740884901904371,0.11712253831086222,False,False,False,False,1696729.0,1076881.88478355,False,False,False,False,60878.55626546007,False,False,False,False
2025-05-16 19:00:00+00:00,0.4798,0.4965,0.475,0.4906,234105.0,,,,,,,,,,,,,,,,,,,,,,,,,,,0.458373693744711,"rgba(38, 166, 154, 1.0)",0.0,0.0,0.021992494624750277,0.46550241943282006,1.1411884370286576,0.0,0.0,0.0,0.0,0.0,0.0,0.0,0.0,75.83870950749622,16.39477243621282,True,False,True,False,True,8.296890937788923,0,1.0236364587146367,0.9565967682894942,False,False,False,False,0.20498897462823512,0.16105575646954867,False,False,False,False,1930834.0,1090121.4524613244,False,False,False,False,63564.237563669994,False,True,False,False
2025-05-19 14:00:00+00:00,0.4732,0.4854,0.4537,0.4586,117649.0,,,,,,,,,,,,,,,,,,,,,,,,,,,0.4585508388022898,"rgba(38, 166, 154, 1.0)",0.0,0.0,0.021723351739790536,0.46531078723782704,-0.3089204335597495,0.0,0.0,0.0,0.0,0.0,0.0,0.0,0.0,67.61382573935633,16.39477243621282,True,False,True,False,False,0.260788741500356,0,1.0087692148973486,0.9543484989167439,False,False,False,False,0.06995249187012502,0.11550412416983685,False,False,False,False,1813185.0,1101331.7400200635,False,False,False,False,64402.76101229526,False,False,False,False
2025-05-19 15:00:00+00:00,0.4586,0.4635,0.4526,0.4569,56934.0,,,,,,,,,,,,,,,,,,,,,,,,,,,0.4585408813392807,"rgba(38, 166, 154, 1.0)",0.0,0.0,0.021177649870887542,0.4651286510838122,-0.3885535521636874,0.0,0.0,0.0,0.0,0.0,0.0,0.0,0.0,61.75482119032601,22.343051499912136,True,False,True,False,False,0.0,0,1.0081882255389718,0.9703565505804311,False,False,False,False,-0.024101578919753404,0.04570127262504173,False,False,False,False,1756251.0,1111485.5269964966,False,False,False,False,64286.966267918586,False,False,False,False
2025-05-19 16:00:00+00:00,0.4569,0.4637,0.453,0.4558,14970.0,,,,,,,,,,,,,,,,,,,,,,,,,,,0.45853780822233003,"rgba(38, 166, 154, 1.0)",0.0,0.0,0.0207390485156186,0.4650870003565493,-0.44780262457823394,0.0,0.0,0.0,0.0,0.0,0.0,0.0,0.0,57.5855438514967,18.525060248595636,True,False,True,False,False,0.0,0,1.0021646137195277,0.9663454105035302,False,False,False,False,-0.02164980311738194,0.012025734753829894,False,False,False,False,1741281.0,1121249.7978957759,False,False,False,False,63522.3621397338,False,False,False,False
2025-05-19 17:00:00+00:00,0.4558,0.462,0.4432,0.4494,48837.0,,,,,,,,,,,,,,,,,,,,,,,,,,,0.45847098650578916,"rgba(38, 166, 154, 1.0)",0.0,0.0,0.019951592498923264,0.4648761831217512,-0.7756866086046217,0.0,0.0,0.0,0.0,0.0,0.0,0.0,0.0,53.268801226028316,14.427234325798338,False,False,False,False,False,0.0,0,0.9971415445868,0.9675361135215149,False,False,False,False,-0.06872216645418514,-0.02834821585017762,False,False,False,False,1692444.0,1130105.5219594073,False,False,False,False,63294.68210655963,False,False,False,False
2025-05-19 18:00:00+00:00,0.451,0.46,0.4411,0.4536,9170.0,,,,,,,,,,,,,,,,,,,,,,,,,,,0.45845864108039364,"rgba(38, 166, 154, 1.0)",0.0,0.0,0.019291780633208726,0.4627553989318199,-0.4745751108148019,0.0,0.0,0.0,0.0,0.0,0.0,0.0,0.0,51.58435493030055,12.60500202536204,False,False,False,False,False,0.0,0,0.9961071789686551,0.9688574317492415,False,False,False,False,-0.08556743936450818,-0.0569578276073429,False,False,False,False,1701614.0,1138966.1185181763,False,False,False,False,62455.53974831839,False,False,False,False
2025-05-19 19:00:00+00:00,0.4539,0.4574,0.4415,0.4543,20035.0,,,,,,,,,,,,,,,,,,,,,,,,,,,0.4584298755563636,"rgba(38, 166, 154, 1.0)",0.0,0.0,0.018535368965913502,0.4626620435973007,-0.4511398512043905,0.0,0.0,0.0,0.0,0.0,0.0,0.0,0.0,50.66817337253437,11.251429696556563,False,False,False,False,False,0.0,0,0.9963388334419979,0.9704097497366968,False,False,False,False,-0.09462577069951882,-0.07579179915343086,False,False,False,False,1721649.0,1147999.9616419254,False,False,False,False,61797.85696152276,False,False,False,False
2025-05-20 14:00:00+00:00,0.4516,0.4836,0.4516,0.459,39743.0,,,,,,,,,,,,,,,,,,,,,,,,,,,0.4584781616827657,"rgba(38, 166, 154, 1.0)",0.0,0.0,0.017719935635288436,0.463067277709251,-0.22953117849656154,0.0,0.0,0.0,0.0,0.0,0.0,0.0,0.0,51.47256606927252,11.251429696556563,False,False,False,False,False,0.4489284691293598,0,1.001382101781924,0.957944617207167,False,False,False,False,0.053962734421782385,-0.010914532365824237,False,False,False,False,1761392.0,1157509.9157249962,False,False,False,False,61455.921194677445,False,False,False,False
2025-05-20 15:00:00+00:00,0.459,0.4806,0.4571,0.4623,13098.0,,,,,,,,,,,,,,,,,,,,,,,,,,,0.4584987821000494,"rgba(38, 166, 154, 1.0)",0.0,0.0,0.016820386279584668,0.46314132477637415,-0.05001816024851351,0.0,0.0,0.0,0.0,0.0,0.0,0.0,0.0,52.97085706667452,11.251429696556563,False,False,True,False,False,1.2454042988214589,0,1.0040499658436615,0.9598906997169901,False,False,False,False,0.06420889383883614,0.026647180736505953,False,False,False,False,1774490.0,1167075.4984269345,False,False,False,False,60706.18598235687,False,False,False,False
2025-05-20 16:00:00+00:00,0.4623,0.4717,0.4602,0.465,12024.0,,,,,,,,,,,,,,,,,,,,,,,,,,,0.4585152372052114,"rgba(38, 166, 154, 1.0)",0.0,0.0,0.016423450932748145,0.4631842687196195,0.11055723232685494,0.0,0.0,0.0,0.0,0.0,0.0,0.0,0.0,54.75622078381258,11.251429696556563,False,False,True,False,False,1.8974454613372522,0,1.0093804963846005,0.9672659761579049,False,False,False,False,0.04045476468336985,0.0335509727099379,False,False,False,False,1786514.0,1176679.1961257416,False,False,False,False,59951.423408986986,False,False,False,False
2025-05-20 17:00:00+00:00,0.463,0.4677,0.4616,0.4646,9720.0,,,,,,,,,,,,,,,,,,,,,,,,,,,0.458526622876136,"rgba(38, 166, 154, 1.0)",0.0,0.0,0.01616939963896402,0.4632058200335141,0.08622336002669374,0.0,0.0,0.0,0.0,0.0,0.0,0.0,0.0,55.7743624033637,11.251429696556563,False,False,True,False,True,1.7948122398907032,0,1.0144991644549297,0.9667256463186867,False,False,False,False,0.029822749392249867,0.03168686105109388,False,False,False,False,1776794.0,1185983.3016121641,False,False,False,False,59172.641650708116,False,False,False,False
2025-05-20 18:00:00+00:00,0.4646,0.4646,0.451,0.451,40989.0,,,,,,,,,,,,,,,,,,,,,,,,,,,0.4585033152952095,"rgba(38, 166, 154, 1.0)",0.0,0.0,0.01572701720829843,0.4630424492978323,-0.7657173091587907,0.0,0.0,0.0,0.0,0.0,0.0,0.0,0.0,51.57887796544111,9.338254555706513,False,True,False,False,False,0.0,0,1.0078010008831324,0.9657050338534001,False,False,False,False,-0.026144945495683126,0.0027709577777053785,False,False,False,False,1735805.0,1194507.6690290298,False,False,False,False,58890.724725890934,False,False,False,False
2025-05-20 19:00:00+00:00,0.4609,0.4676,0.4504,0.4534,13030.0,,,,,,,,,,,,,,,,,,,,,,,,,,,0.4584999325698536,"rgba(38, 166, 154, 1.0)",0.0,0.0,0.015241615624555395,0.46301310561462133,-0.630714344950011,0.0,0.0,0.0,0.0,0.0,0.0,0.0,0.0,49.68738407489074,7.127113452435182,False,True,False,False,False,0.0,0,1.0081129954547676,0.9633937735203557,False,False,False,False,-0.016338475533947776,-0.006783758878121199,False,False,False,False,1748835.0,1203101.8912146264,False,False,False,False,58179.705737892626,False,False,False,False
2025-05-21 14:00:00+00:00,0.4573,0.482,0.4446,0.45,88329.0,,,,,,,,,,,,,,,,,,,,,,,,,,,0.45850597001090637,"rgba(38, 166, 154, 1.0)",0.0,0.0,0.015034627059247423,0.4629264449675638,-0.8597782250683136,0.0,0.0,0.0,0.0,0.0,0.0,0.0,0.0,47.34289828658212,4.514912851714236,False,True,False,True,False,0.0,1,1.005302226935313,0.9566663453195797,False,False,False,False,0.018788907706520783,0.006002574414199793,False,False,False,False,1660506.0,1210193.427784942,False,False,False,False,58647.13665668498,False,False,False,False
2025-05-21 15:00:00+00:00,0.4497,0.467,0.4475,0.4558,74396.0,,,,,,,,,,,,,,,,,,,,,,,,,,,0.4584821828448925,"rgba(38, 166, 154, 1.0)",0.0,0.0,0.014956630034263261,0.46280710179411166,-0.4684946928592554,0.0,0.0,0.0,0.0,0.0,0.0,0.0,0.0,48.06676403585254,4.514912851714236,False,True,False,True,False,0.0,1,1.0052310793300376,0.9662139463454431,False,False,False,False,-0.030641144474205295,-0.012319285030002751,False,False,False,False,1734902.0,1218328.4444084312,False,False,False,False,58891.30508061234,False,False,False,False
2025-05-21 16:00:00+00:00,0.4558,0.4589,0.4483,0.4502,26706.0,,,,,,,,,,,,,,,,,,,,,,,,,,,0.45845279466905414,"rgba(38, 166, 154, 1.0)",0.0,0.0,0.014862447629828447,0.462726149095907,-0.8428052638360467,0.0,0.0,0.0,0.0,0.0,0.0,0.0,0.0,46.65122974060418,3.0605867724604323,False,True,False,True,False,0.0,1,1.0039569560391834,0.9772233749939682,False,False,False,False,-0.060519657087897576,-0.036419471058950166,False,False,False,False,1708196.0,1225923.2902315564,False,False,False,False,58392.30810261835,False,False,False,False
2025-05-21 17:00:00+00:00,0.4502,0.4516,0.4418,0.4423,32812.0,,,,,,,,,,,,,,,,,,,,,,,,,,,0.4583739198567191,"rgba(38, 166, 154, 1.0)",0.0,0.0,0.014853483469240975,0.46254746866210084,-1.3631461403669958,0.0,0.0,0.0,0.0,0.0,0.0,0.0,0.0,43.453053440502316,-0.3153148481238759,False,True,False,True,False,0.0,1,0.9994186046511628,0.9801841085271319,False,False,False,False,-0.11734282230162278,-0.07688114668028648,False,False,False,False,1675384.0,1232891.6733287415,False,False,False,False,57995.71417854675,False,False,False,False
2025-05-21 18:00:00+00:00,0.4423,0.4493,0.4355,0.4425,45054.0,,,,,,,,,,,,,,,,,,,,,,,,,,,0.45824438519507726,"rgba(38, 166, 154, 1.0)",0.0,0.0,0.014849236337928748,0.4622800936382469,-1.332061338920405,0.0,0.0,0.0,0.0,0.0,0.0,0.0,0.0,41.412763607277995,-2.514585171589488,False,True,False,True,False,0.0,1,0.9922184630256163,0.9810053165780571,False,False,False,False,-0.15311638301805977,-0.11499876484917312,False,False,False,False,1720438.0,1240450.5311065903,False,False,False,False,57795.06744709641,False,False,False,False
2025-05-21 19:00:00+00:00,0.4425,0.443,0.4268,0.4335,39098.0,,,,,,,,,,,,,,,,,,,,,,,,,,,0.4580776490961432,"rgba(239, 83, 80, 1.0)",0.0,0.0,0.014880540288548764,0.46196409581525727,-1.9128402103223132,0.0,0.0,0.0,0.0,0.0,0.0,0.0,0.0,37.79545186957013,-6.114819298126292,False,True,False,True,False,0.0,1,0.9892514580421266,0.9837084879741648,False,False,False,False,-0.2165142353835382,-0.16575650011635568,False,False,False,False,1681340.0,1247286.0267483487,False,False,False,False,57505.19043241274,False,False,False,False
2025-05-22 14:00:00+00:00,0.4433,0.4464,0.4347,0.4416,30063.0,,,,,,,,,,,,,,,,,,,,,,,,,,,0.45798565489343246,"rgba(239, 83, 80, 1.0)",0.0,0.0,0.014880549975300347,0.46179907336161286,-1.3574144366398102,0.0,0.0,0.0,0.0,0.0,0.0,0.0,0.0,38.97517856358003,-6.114819298126292,False,True,False,True,False,0.0,1,0.9918726555737232,0.981052226603828,False,False,False,False,-0.16862248926514956,-0.16718949469075262,False,False,False,False,1711403.0,1254481.6387367463,False,False,False,False,57079.730115631144,False,False,False,False
2025-05-22 15:00:00+00:00,0.4373,0.4489,0.4362,0.4445,10365.0,,,,,,,,,,,,,,,,,,,,,,,,,,,0.45795840447775565,"rgba(239, 83, 80, 1.0)",0.0,0.0,0.014874672590834675,0.46175168488358864,-1.1598026630998657,0.0,0.0,0.0,0.0,0.0,0.0,0.0,0.0,40.9118397376872,-6.114819298126292,False,True,False,True,True,0.0,1,0.9947565903405812,0.9801327689051373,False,False,False,False,-0.15186242467169597,-0.1595259596812243,False,False,False,False,1721768.0,1261726.3885237733,False,False,False,False,56355.47073399345,False,False,False,False
2025-05-22 16:00:00+00:00,0.4445,0.4487,0.441,0.4435,40530.0,,,,,,,,,,,,,,,,,,,,,,,,,,,0.4578613915037007,"rgba(239, 83, 80, 1.0)",0.0,0.0,0.014866806608635982,0.46158839999144224,-1.2166970666676236,0.0,0.0,0.0,0.0,0.0,0.0,0.0,0.0,41.869924740407974,-6.114819298126292,False,True,False,True,True,0.0,1,0.991596638655462,0.986960301361924,False,False,False,False,-0.1326918908012363,-0.14610892524123031,False,False,False,False,1681238.0,1268230.4445156527,False,False,False,False,56110.114598582695,False,False,False,False
2025-05-22 17:00:00+00:00,0.4435,0.4451,0.4344,0.4391,35223.0,,,,,,,,,,,,,,,,,,,,,,,,,,,0.45774812663672576,"rgba(239, 83, 80, 1.0)",0.0,0.0,0.014849434969680253,0.461402878926353,-1.5019345161544055,0.0,0.0,0.0,0.0,0.0,0.0,0.0,0.0,41.057232777643605,-6.114819298126292,False,True,False,True,True,0.0,1,0.9952500969367971,0.9829391236913532,False,False,False,False,-0.17535236389632028,-0.16073064456877528,False,False,False,False,1646015.0,1274087.5694068829,False,False,False,False,55786.28336449614,False,False,False,False
2025-05-22 18:00:00+00:00,0.4431,0.4462,0.4381,0.4456,11766.0,,,,,,,,,,,,,,,,,,,,,,,,,,,0.4577183622322203,"rgba(239, 83, 80, 1.0)",0.0,0.0,0.014633174946294233,0.46135598795126836,-1.0767306486182946,0.0,0.0,0.0,0.0,0.0,0.0,0.0,0.0,43.37887107954242,-6.114819298126292,False,True,False,True,True,0.0,1,0.9963033221460188,0.9817598132204871,False,False,False,False,-0.15520737785449362,-0.15796901121163445,False,False,False,False,1657781.0,1280036.3047649157,False,False,False,False,55103.7983510931,False,False,False,False
2025-05-22 19:00:00+00:00,0.4446,0.4535,0.439,0.439,32895.0,,,,,,,,,,,,,,,,,,,,,,,,,,,0.4576388490126654,"rgba(239, 83, 80, 1.0)",0.0,0.0,0.014464439152619935,0.46123355743443595,-1.5371185290933866,0.0,0.0,0.0,0.0,0.0,0.0,0.0,0.0,42.694822177140296,-6.114819298126292,False,True,False,True,True,0.0,1,0.9988297249853717,0.9781061049346595,False,False,False,False,-0.12107104566363518,-0.1395200284376348,False,False,False,False,1624886.0,1285382.811667785,False,False,False,False,54759.475896037395,False,False,False,False
2025-05-23 14:00:00+00:00,0.4378,0.4513,0.4321,0.448,19073.0,,,,,,,,,,,,,,,,,,,,,,,,,,,0.45759305148579593,"rgba(239, 83, 80, 1.0)",0.0,0.0,0.014152770078707062,0.4611645579177058,-0.9301753539762461,0.0,0.0,0.0,0.0,0.0,0.0,0.0,0.0,45.68488912315851,-9.214335858600826,False,True,False,True,True,0.0,1,0.9948827915590429,0.9790438130513184,False,False,False,False,-0.15897457692487738,-0.14924730268125608,False,False,False,False,1643959.0,1290942.1324171217,False,False,False,False,54206.1971999748,False,False,False,False
2025-05-23 15:00:00+00:00,0.4335,0.4503,0.4259,0.4325,67669.0,,,,,,,,,,,,,,,,,,,,,,,,,,,0.45734517297214033,"rgba(239, 83, 80, 1.0)",0.0,0.0,0.014063818762983378,0.4583492477173012,-1.8379963616523272,0.0,0.0,0.0,0.0,0.0,0.0,0.0,0.0,43.295273391720166,-9.214335858600826,False,True,False,True,False,0.0,1,0.9951042171594767,0.9741153659718856,True,False,False,False,-0.18928325515431127,-0.16926527891778367,True,False,False,False,1576290.0,1295366.130364143,True,False,False,False,54414.92282478139,False,False,False,False
2025-05-23 16:00:00+00:00,0.4282,0.4486,0.4266,0.4337,13208.0,,,,,,,,,,,,,,,,,,,,,,,,,,,0.4572976109236432,"rgba(239, 83, 80, 1.0)",0.0,0.0,0.013837465528488142,0.4582830603070101,-1.7765580160903955,0.0,0.0,0.0,0.0,0.0,0.0,0.0,0.0,42.14663963022045,-9.214335858600826,False,True,False,True,False,0.0,1,0.9934424636906786,0.9831932773109245,False,False,False,False,-0.19351887057163258,-0.18139207474470814,False,False,False,False,1589498.0,1299926.3143895052,False,False,False,False,53776.05580424214,False,False,False,False
2025-05-23 17:00:00+00:00,0.4338,0.451,0.432,0.4348,16365.0,,,,,,,,,,,,,,,,,,,,,,,,,,,0.45724726189854625,"rgba(239, 83, 80, 1.0)",0.0,0.0,0.013862552837447238,0.45823987030023233,-1.6908768951209074,0.0,0.0,0.0,0.0,0.0,0.0,0.0,0.0,41.81946843686335,-9.214335858600826,False,True,False,True,False,0.0,1,1.000048676012461,0.9765381619937692,False,False,False,False,-0.16065031879308342,-0.17102119676889577,False,False,False,False,1605863.0,1304669.518817575,False,False,False,False,53196.03943518412,False,False,False,False
2025-05-23 18:00:00+00:00,0.4348,0.4511,0.4326,0.4368,22662.0,,,,,,,,,,,,,,,,,,,,,,,,,,,0.45718146859121683,"rgba(239, 83, 80, 1.0)",0.0,0.0,0.013787597246717185,0.45818428781361753,-1.5509800171098767,0.0,0.0,0.0,0.0,0.0,0.0,0.0,0.0,42.44125605150375,-9.214335858600826,False,True,False,True,False,0.0,1,0.997233681145353,0.9743751516622177,False,False,False,False,-0.15771835180705396,-0.16436977428797486,False,False,False,False,1628525.0,1309690.5340297054,False,False,False,False,52722.64347494871,False,False,False,False
2025-05-23 19:00:00+00:00,0.4367,0.4453,0.4332,0.4424,21720.0,,,,,,,,,,,,,,,,,,,,,,,,,,,0.4571193745187696,"rgba(239, 83, 80, 1.0)",0.0,0.0,0.013702525314694573,0.4581249350340414,-1.147593941474275,0.0,0.0,0.0,0.0,0.0,0.0,0.0,0.0,45.08714499630189,-9.203041327151908,False,True,False,True,True,0.0,1,0.9955331132258691,0.9794620314624197,False,False,False,False,-0.17956649627589444,-0.17196813528193466,False,False,False,False,1650245.0,1314970.4482307953,False,False,False,False,52241.98233580222,False,False,False,False
2025-05-26 14:00:00+00:00,0.4424,0.4424,0.4424,0.4424,0.0,,,,,,,,,,,,,,,,,,,,,,,,,,,0.4571193745187696,"rgba(239, 83, 80, 1.0)",0.0,0.0,0.01362713945513054,0.4581249350340414,-1.1539424752948446,0.0,0.0,0.0,0.0,0.0,0.0,0.0,0.0,46.851070959500646,-7.396363631294641,False,True,False,True,True,0.0,1,0.9977514908593216,0.9833805846123767,False,False,False,False,-0.15311638301805977,-0.1625422591499972,False,False,False,False,1650245.0,1320168.5032969846,False,False,False,False,51432.02912129366,False,False,False,False
2025-05-26 15:00:00+00:00,0.4424,0.4424,0.4424,0.4424,0.0,,,,,,,,,,,,,,,,,,,,,,,,,,,0.4571193745187696,"rgba(239, 83, 80, 1.0)",0.0,0.0,0.01358581228691687,0.4581249350340414,-1.157452694174531,0.0,0.0,0.0,0.0,0.0,0.0,0.0,0.0,48.02702160163314,-6.1407495608421385,False,True,False,False,True,0.0,1,0.9928383150146716,0.9985577162182325,False,False,False,False,-0.15311638301805977,-0.15782932108402847,False,False,False,False,1650245.0,1325285.9683621475,False,False,False,False,50634.63332096352,False,False,False,False
2025-05-26 16:00:00+00:00,0.4424,0.4424,0.4424,0.4424,0.0,,,,,,,,,,,,,,,,,,,,,,,,,,,0.4571193745187696,"rgba(239, 83, 80, 1.0)",0.0,0.0,0.013495518508737108,0.4581249350340414,-1.1651968039509506,0.0,0.0,0.0,0.0,0.0,0.0,0.0,0.0,48.81098869638814,-5.217483734938824,False,True,False,False,True,0.0,1,0.980320112744111,1.005335212401852,False,False,False,False,-0.15311638301805977,-0.1554728520510441,False,False,False,False,1650245.0,1330324.0928836644,False,False,False,False,49849.600246219896,False,False,False,False
2025-05-26 17:00:00+00:00,0.4424,0.4424,0.4424,0.4424,0.0,,,,,,,,,,,,,,,,,,,,,,,,,,,0.4571193745187696,"rgba(239, 83, 80, 1.0)",0.0,0.0,0.013438500962084805,0.4581249350340414,-1.1701405594572998,0.0,0.0,0.0,0.0,0.0,0.0,0.0,0.0,49.3336334262248,-4.4968133928978276,False,False,False,False,True,0.0,1,0.9761856505877583,1.0039521686258612,False,False,False,False,-0.15311638301805977,-0.15429461753455193,False,False,False,False,1650245.0,1335284.1069474835,False,False,False,False,49076.738226898655,False,False,False,False
2025-05-26 18:00:00+00:00,0.4424,0.4424,0.4424,0.4424,0.0,,,,,,,,,,,,,,,,,,,,,,,,,,,0.4571193745187696,"rgba(239, 83, 80, 1.0)",0.0,0.0,0.013412304690729454,0.4581249350340414,-1.1724260219729727,0.0,0.0,0.0,0.0,0.0,0.0,0.0,0.0,49.68206324611591,-3.903272290420148,False,False,False,False,True,0.0,1,0.9760807211636959,1.0079389469371032,False,False,False,False,-0.15243716226443632,-0.15336588989949412,False,False,False,False,1650245.0,1340167.2215684527,False,False,False,False,48315.858564466114,False,False,False,False
2025-05-26 19:00:00+00:00,0.4424,0.4424,0.4424,0.4424,0.0,,,,,,,,,,,,,,,,,,,,,,,,,,,0.4571193745187696,"rgba(239, 83, 80, 1.0)",0.0,0.0,0.013405314530345935,0.4581249350340414,-1.1730373799469203,0.0,0.0,0.0,0.0,0.0,0.0,0.0,0.0,49.914349792709984,-3.3939297561686317,False,False,False,False,True,0.0,1,0.9758064516129031,1.0064102564102564,False,False,False,False,-0.15243716226443632,-0.15290152608196522,False,False,False,False,1650245.0,1344974.628985996,False,False,False,False,47566.775485947255,False,False,False,False
2025-05-27 14:00:00+00:00,0.448,0.4576,0.4438,0.445,59350.0,,,,,,,,,,,,,,,,,,,,,,,,,,,0.4570365901621022,"rgba(239, 83, 80, 1.0)",0.0,0.0,0.013346553761070445,0.45819629533769735,-0.9887417811321914,0.0,0.0,0.0,0.0,0.0,0.0,0.0,0.0,51.918375023328466,-1.2806600345560994,False,False,True,False,True,0.0,1,0.9749844945213976,0.998449452139756,False,False,False,False,-0.08341059935423198,-0.1181560627180986,False,False,False,False,1709595.0,1350627.657993965,False,False,False,False,47749.46113732791,False,False,False,False
2025-05-27 15:00:00+00:00,0.4477,0.4647,0.441,0.4474,54086.0,,,,,,,,,,,,,,,,,,,,,,,,,,,0.45698264057306603,"rgba(239, 83, 80, 1.0)",0.0,0.0,0.01334686966032021,0.45825108687136124,-0.8130061315891266,0.0,0.0,0.0,0.0,0.0,0.0,0.0,0.0,54.782579702528835,1.4950020532758117,True,False,True,False,True,0.0,1,0.9811769572861722,0.9922432516289171,False,False,False,False,-0.0656846929015763,-0.09192037780983744,False,False,False,False,1763681.0,1357031.5857770042,False,False,False,False,47847.70204992748,False,False,False,False
2025-05-27 16:00:00+00:00,0.4474,0.4477,0.4415,0.4455,69859.0,,,,,,,,,,,,,,,,,,,,,,,,,,,0.45684400057815877,"rgba(239, 83, 80, 1.0)",0.0,0.0,0.01333503655787439,0.45810634454719795,-0.9453550796419714,0.0,0.0,0.0,0.0,0.0,0.0,0.0,0.0,54.981840650518244,1.7491727539605861,True,False,True,False,True,0.0,1,0.9915138816134103,0.9948664222105814,False,False,False,False,-0.13402685030194775,-0.1129736140558926,False,False,False,False,1693822.0,1362253.1425866631,False,False,False,False,48188.96248326194,False,False,False,False
2025-05-27 17:00:00+00:00,0.442,0.4463,0.4415,0.4423,21840.0,,,,,,,,,,,,,,,,,,,,,,,,,,,0.45679582734260393,"rgba(239, 83, 80, 1.0)",0.0,0.0,0.013285494630137567,0.4580487635059022,-1.1854104001650618,0.0,0.0,0.0,0.0,0.0,0.0,0.0,0.0,52.55952354497433,1.7491727539605861,False,False,True,False,False,0.0,1,0.9890040177627407,0.9941848170860647,False,False,False,False,-0.13987430387437946,-0.12642395896513603,False,False,False,False,1671982.0,1367055.1403760172,False,False,False,False,47780.45143700982,False,False,False,False
2025-05-27 18:00:00+00:00,0.4423,0.4463,0.4367,0.4367,33371.0,,,,,,,,,,,,,,,,,,,,,,,,,,,0.45670405065120817,"rgba(239, 83, 80, 1.0)",0.0,0.0,0.013277620811510661,0.4579214204400282,-1.598284869050554,0.0,0.0,0.0,0.0,0.0,0.0,0.0,0.0,47.538626432862685,1.2685297295164801,False,True,False,True,False,0.0,1,0.9843725252098622,0.9883321894303362,False,False,False,False,-0.15999761117297798,-0.143210785069057,False,False,False,False,1638611.0,1371265.3087422804,False,False,False,False,47557.04908914919,False,False,False,False
2025-05-27 19:00:00+00:00,0.4366,0.4626,0.4365,0.4458,48561.0,,,,,,,,,,,,,,,,,,,,,,,,,,,0.4566381422713936,"rgba(239, 83, 80, 1.0)",0.0,0.0,0.013155152041123356,0.4564135469708111,-0.8067977426359572,0.0,0.0,0.0,0.0,0.0,0.0,0.0,0.0,50.05302790856443,1.2685297295164801,False,False,False,False,True,0.0,1,0.9828649043987044,0.980931982029046,False,False,False,False,-0.09291270222802578,-0.11806174364854138,False,False,False,False,1687172.0,1376163.0869013146,False,False,False,False,47572.61421954998,False,False,False,False
2025-05-28 14:00:00+00:00,0.4589,0.4607,0.449,0.4607,47479.0,,,,,,,,,,,,,,,,,,,,,,,,,,,0.45663937390637094,"rgba(239, 83, 80, 1.0)",0.0,0.0,0.013142175694375313,0.4567145500265858,0.3032564824955076,0.0,0.0,0.0,0.0,0.0,0.0,0.0,0.0,56.84017642139173,1.987644469534736,True,False,True,False,True,2.902904652783775,0,0.9871481346584111,0.981580727405172,False,False,False,False,-0.0492326344290086,-0.083647189038775,False,False,False,False,1734651.0,1381721.0390423795,False,False,False,False,47571.16283630114,False,False,False,False
2025-05-28 15:00:00+00:00,0.4607,0.4727,0.4554,0.4605,116832.0,,,,,,,,,,,,,,,,,,,,,,,,,,0.4628666666666667,0.45675383328367214,"rgba(239, 83, 80, 1.0)",0.0,0.0,0.013026247515081699,0.45680633685286764,0.28355542475727397,-1.0,0.4727,0.4554,437.0,0.0,0.0,0.0,0.0,61.244577420445836,5.664468281742309,True,False,True,False,True,2.8425031245577586,0,0.9921574737716837,0.9771476056923235,False,False,False,False,0.026241604170814475,-0.02870279243398026,False,False,False,False,1617819.0,1385381.4725455982,False,False,False,False,48644.9742651957,False,False,False,False
2025-05-28 16:00:00+00:00,0.4604,0.4675,0.4538,0.4596,18270.0,,,,,,,,,,,,,,,,,,,,,,,,,,0.46251957335938776,0.45676399674146734,"rgba(239, 83, 80, 1.0)",0.0,0.0,0.012904800000887708,0.4568353966849603,0.21423062076510438,0.0,0.0,0.0,0.0,0.0,0.0,0.0,0.0,63.589963324773095,7.532870561603204,True,False,True,False,True,2.5663473969919117,0,0.9913020833333334,0.9825520833333333,False,False,False,False,-0.001640160923963804,-0.015171476678972031,False,False,False,False,1599549.0,1388701.899327837,False,False,False,False,48174.044431626775,False,False,False,False
2025-05-28 17:00:00+00:00,0.4596,0.4625,0.4525,0.4582,14565.0,,,,,,,,,,,,,,,,,,,,,,,,,,0.4620537954258454,0.4567662064639262,"rgba(239, 83, 80, 1.0)",0.0,0.0,0.012854402547948836,0.4568293138916665,0.10663164649003758,0.0,0.0,0.0,0.0,0.0,0.0,0.0,0.0,64.18841562145506,8.0084918194853,True,False,True,False,True,2.1320058852830712,0,0.988320558944679,0.9837843474633712,False,False,False,False,-0.027473124228251253,-0.021322300453611644,False,False,False,False,1584984.0,1391745.0326715913,False,False,False,False,47652.973975322486,False,False,False,False
2025-05-28 18:00:00+00:00,0.4582,0.4587,0.4508,0.4532,18039.0,,,,,,,,,,,,,,,,,,,,,,,,,,0.4612126012187996,0.45675907540393307,"rgba(239, 83, 80, 1.0)",0.0,0.0,0.012726409796409799,0.4567788653564083,-0.2812156306186176,0.0,0.0,0.0,0.0,0.0,0.0,0.0,0.0,61.414596992238714,8.0084918194853,True,False,True,False,False,0.5894702971019399,0,0.9875601087183774,0.9858352498431945,False,False,False,False,-0.050054531462598334,-0.035688415958104985,False,False,False,False,1566945.0,1394461.3112348225,False,False,False,False,47193.842595860115,False,False,False,False
2025-05-28 19:00:00+00:00,0.4533,0.4635,0.4489,0.4489,48620.0,,,,,,,,,,,,,,,,,,,,,,,,,,0.4595391022499993,0.45673653918995516,"rgba(239, 83, 80, 1.0)",0.0,0.0,0.012687022240588312,0.4566689031971377,-0.6123504042015012,0.0,0.0,0.0,0.0,0.0,0.0,0.0,0.0,57.26637349168218,13.787997532708431,True,False,True,False,False,0.0,0,0.9854948805460751,1.0051194539249146,False,False,False,False,-0.015463500882978853,-0.02557595842054192,False,False,False,False,1518325.0,1396381.6785024996,False,False,False,False,47215.95356336616,False,False,False,False
2025-05-29 14:00:00+00:00,0.4511,0.46,0.4433,0.4503,41884.0,,,,,,,,,,,,,,,,,,,,,,,,,,0.4581864243574352,0.45670085111434383,"rgba(239, 83, 80, 1.0)",0.0,0.0,0.012677562217699145,0.45654144417513176,-0.4923221095628387,0.0,0.0,0.0,0.0,0.0,0.0,0.0,0.0,55.236788264637426,11.849564083291405,True,False,True,False,False,0.0,1,0.9778442154716779,0.9935935080881959,False,False,False,False,-0.055720613200193815,-0.04064828581036787,False,False,False,False,1560209.0,1398921.6369753291,False,False,False,False,47133.28761664731,False,False,False,False
2025-05-29 15:00:00+00:00,0.4502,0.46,0.4441,0.4441,21598.0,,,,,,,,,,,,,,,,,,,,,,,,,,0.45750821217882737,0.4566766640887018,"rgba(239, 83, 80, 1.0)",0.0,0.0,0.01268448609078178,0.45646487034047567,-0.9748026251896497,0.0,0.0,0.0,0.0,0.0,0.0,0.0,0.0,50.85878417267388,7.703186505459797,False,False,False,False,False,0.0,1,0.9775274901249066,0.992633714102701,False,False,False,False,-0.05217618188228007,-0.046412233846323966,False,False,False,False,1538611.0,1401087.3635338512,False,False,False,False,46737.391684606264,False,False,False,False
2025-05-29 16:00:00+00:00,0.444,0.4558,0.4439,0.4547,22154.0,,,,,,,,,,,,,,,,,,,,,,,,,,0.45706496303066835,0.45665901949010346,"rgba(239, 83, 80, 1.0)",0.0,0.0,0.012633438826243057,0.456418713689263,-0.13604480244070893,0.0,0.0,0.0,0.0,0.0,0.0,0.0,0.0,52.84823585838848,7.703186505459797,True,False,True,False,False,1.07863290843515,1,0.982921589688507,0.9864661654135337,False,False,False,False,-0.07168917068502141,-0.05905070226567269,False,False,False,False,1560765.0,1403562.9858046444,False,False,False,False,46356.25382903097,False,False,False,False
2025-05-29 17:00:00+00:00,0.452,0.4565,0.451,0.4517,25097.0,,,,,,,,,,,,,,,,,,,,,,,,,,0.45675815219883875,0.4566452898263259,"rgba(239, 83, 80, 1.0)",0.0,0.0,0.012639358234357691,0.4563924294356525,-0.3712553555841969,0.0,0.0,0.0,0.0,0.0,0.0,0.0,0.0,52.75559087290823,7.703186505459797,True,False,True,False,False,0.1679545152171933,1,0.9840596267885315,0.998694303900767,False,False,False,False,-0.037125873667185325,-0.04808828796642901,False,False,False,False,1535668.0,1405611.1255596112,False,False,False,False,46026.65299447235,False,False,False,False
2025-05-29 18:00:00+00:00,0.4528,0.4576,0.4513,0.4554,30938.0,,,,,,,,,,,,,,,,,,,,,,,,,,0.4565860485795505,0.4566364803584204,"rgba(239, 83, 80, 1.0)",0.0,0.0,0.012667252238710984,0.4563896977435656,-0.07813042046648827,0.0,0.0,0.0,0.0,0.0,0.0,0.0,0.0,54.182330595881595,7.703186505459797,True,False,True,False,True,1.2785366262713502,1,0.9809265811587794,1.00453339230429,False,False,False,False,-0.03093395837563909,-0.03951112317103405,False,False,False,False,1566606.0,1408107.1701245783,False,False,False,False,45792.720389906885,False,False,False,False
2025-05-29 19:00:00+00:00,0.4576,0.4669,0.4517,0.4631,56932.0,,,,,,,,,,,,,,,,,,,,,,,,,,0.45713222527227554,0.45667010485425236,"rgba(239, 83, 80, 1.0)",0.0,0.0,0.012781608831605422,0.45653633226307944,0.5135243789256342,0.0,0.0,0.0,0.0,0.0,0.0,0.0,0.0,57.720131560055954,1.363007108996797,True,False,True,False,True,3.5309293583020143,1,0.9775075987841945,0.9913788339320254,False,False,False,False,0.011927818745539404,-0.013791652212747323,False,False,False,False,1623538.0,1411447.182990864,False,False,False,False,45965.42239936569,False,True,False,False
2025-05-30 14:00:00+00:00,0.4391,0.451,0.4384,0.4475,41845.0,,,,,,,,,,,,,,,,,,,,,,,,,,0.4560788134467666,0.4566011365695389,"rgba(239, 83, 80, 1.0)",0.0,0.0,0.012776313528840651,0.456363903056638,-0.6937762631316944,0.0,0.0,0.0,0.0,0.0,0.0,0.0,0.0,53.7802301489749,1.363007108996797,True,False,True,False,False,0.0,1,0.9636203769852173,0.9943397263285155,False,False,False,False,-0.11760780945690727,-0.0656997308348273,False,False,False,False,1581693.0,1414086.6530220134,False,False,False,False,45901.539881546065,False,False,False,False
2025-05-30 15:00:00+00:00,0.4479,0.4485,0.439,0.446,41276.0,,,,,,,,,,,,,,,,,,,,,,,,,,0.45511921681223444,0.4565270023363429,"rgba(239, 83, 80, 1.0)",0.0,0.0,0.012776415067687463,0.45619137803412524,-0.7976711761580141,0.0,0.0,0.0,0.0,0.0,0.0,0.0,0.0,50.685749598904856,7.245887185818312,False,False,False,False,False,0.0,1,0.9634642896445472,0.9946627049631341,False,False,False,False,-0.12612669818438832,-0.09591321450960781,False,False,False,False,1540417.0,1416045.2630526798,False,False,False,False,45829.826084932945,False,False,False,False
2025-05-30 16:00:00+00:00,0.446,0.4466,0.4368,0.4433,31189.0,,,,,,,,,,,,,,,,,,,,,,,,,,0.45435982867223823,0.4564611404065379,"rgba(239, 83, 80, 1.0)",0.0,0.0,0.012782119690553395,0.4560431287443724,-0.9969495711881167,0.0,0.0,0.0,0.0,0.0,0.0,0.0,0.0,47.75783970429154,4.419151160580675,False,False,False,True,False,0.0,1,0.9624902896459883,1.0024414604372434,False,False,False,False,-0.14457346279600994,-0.12024333865280887,False,False,False,False,1509228.0,1417489.9566487623,False,False,False,False,45602.83653322856,False,False,False,False
2025-05-30 17:00:00+00:00,0.4433,0.4436,0.4368,0.4377,8455.0,,,,,,,,,,,,,,,,,,,,,,,,,,0.4541240678403206,0.45643981405901735,"rgba(239, 83, 80, 1.0)",0.0,0.0,0.012832587740123075,0.4559950504318294,-1.4256711742267796,0.0,0.0,0.0,0.0,0.0,0.0,0.0,0.0,44.13304887514803,0.9551382325003885,False,True,False,True,False,0.0,1,0.9579181742276649,1.00161424993042,False,False,False,False,-0.1581325721934418,-0.13918795542312534,False,False,False,False,1500773.0,1418781.1666232,False,False,False,False,45026.90108310099,False,False,False,False
2025-05-30 18:00:00+00:00,0.4377,0.4443,0.4371,0.4436,23784.0,,,,,,,,,,,,,,,,,,,,,,,,,,0.4535963769432344,0.45638815058340254,"rgba(239, 83, 80, 1.0)",0.0,0.0,0.012833049534705666,0.4558849511630628,-0.9572900914813303,0.0,0.0,0.0,0.0,0.0,0.0,0.0,0.0,44.331883382724115,0.9551382325003885,False,True,False,True,False,0.0,1,0.9586583463338534,0.9986070871406285,False,False,False,False,-0.15360669955439013,-0.14639732748875772,False,False,False,False,1524557.0,1420421.1020243908,False,False,False,False,44697.55377948702,False,False,False,False
2025-05-30 19:00:00+00:00,0.4442,0.4462,0.4267,0.431,93439.0,,,,,,,,,,,,,,,,,,,,,,,,,,0.4508908618445798,0.45609331277384013,"rgba(239, 83, 80, 1.0)",0.0,0.0,0.012941944797246816,0.45526322080609305,-1.8747739374730337,0.0,0.0,0.0,0.0,0.0,0.0,0.0,0.0,41.03551554020042,-2.3258055194585836,False,True,False,True,False,0.0,0,0.9497154224457092,0.9987290711167595,False,False,False,False,-0.19229569929757226,-0.16934651339316498,False,False,False,False,1431118.0,1420586.9454038576,False,False,False,False,45453.23511623916,False,False,False,False
2025-06-02 14:00:00+00:00,0.4096,0.4153,0.4026,0.4112,28521.0,,,,,,,,,,,,,,,,,,,,,,,,,,0.44917189893840653,0.45590218367782853,"rgba(239, 83, 80, 1.0)",0.0,0.0,0.013556631301768906,0.4548467897318777,-3.219589642906534,0.0,0.0,0.0,0.0,0.0,0.0,0.0,0.0,35.51938688931146,-7.577185678971702,False,True,False,True,False,0.0,0,0.9409936194579266,1.0070349566450345,False,False,False,False,-0.34282825441539394,-0.25608738390427943,False,False,False,False,1402597.0,1420308.0315216272,False,False,False,False,45190.719843119165,False,False,False,False
2025-06-02 15:00:00+00:00,0.4153,0.4169,0.4006,0.4039,16029.0,,,,,,,,,,,,,,,,,,,,,,,,,,0.4482085423138857,0.455789528477129,"rgba(239, 83, 80, 1.0)",0.0,0.0,0.014395504178054627,0.4546066787120579,-3.522396859802815,0.0,0.0,0.0,0.0,0.0,0.0,0.0,0.0,30.968145679133197,-11.78000083092028,False,True,False,True,False,0.0,0,0.9479746697237692,1.0055682934818213,False,False,False,False,-0.34282825441539394,-0.2994578191598367,False,False,False,False,1386568.0,1419784.930257726,False,False,False,False,44738.60015562894,False,False,False,False
2025-06-02 16:00:00+00:00,0.41,0.4132,0.4013,0.4131,23216.0,,,,,,,,,,,,,,,,,,,,,,,,,,0.44695540322197513,0.4556341727005343,"rgba(239, 83, 80, 1.0)",0.0,0.0,0.014899769270836761,0.45428486994928335,-2.764128034512203,0.0,0.0,0.0,0.0,0.0,0.0,0.0,0.0,31.366194495160986,-11.78000083092028,False,True,False,True,False,0.0,0,0.9553595881031932,1.0003286410691787,False,False,False,False,-0.34282825441539394,-0.32114303678761535,False,False,False,False,1409784.0,1419629.8770754356,False,False,False,False,44404.916432285856,False,False,False,False
2025-06-02 17:00:00+00:00,0.4132,0.4133,0.3993,0.4098,10814.0,,,,,,,,,,,,,,,,,,,,,,,,,,0.4463732178863717,0.4555594731166869,"rgba(239, 83, 80, 1.0)",0.0,0.0,0.015245938759174377,0.4541323822699802,-2.907815843304684,0.0,0.0,0.0,0.0,0.0,0.0,0.0,0.0,31.090238300686977,-11.96402925868189,False,True,False,True,False,0.0,0,0.9571428571428571,0.998186813186813,False,False,False,False,-0.34282825441539394,-0.3319856456015047,False,False,False,False,1398970.0,1419309.5689037233,False,False,False,False,43884.12703023491,False,False,False,False
2025-06-02 18:00:00+00:00,0.3998,0.4155,0.3906,0.41,18049.0,,,,,,,,,,,,,,,,,,,,,,,,,,0.4453884115764925,0.4554298896462338,"rgba(239, 83, 80, 1.0)",0.0,0.0,0.015647401073667376,0.4538705527898582,-2.803695807586022,0.0,0.0,0.0,0.0,0.0,0.0,0.0,0.0,30.98570581350699,-12.514398254664997,False,True,False,True,False,0.0,0,0.9504430587463079,0.9974838639098565,False,False,False,False,-0.34282825441539394,-0.33740695000844934,False,False,False,False,1417019.0,1419274.0562075416,False,False,False,False,43483.58242511499,False,False,False,False
2025-06-02 19:00:00+00:00,0.4142,0.4144,0.3894,0.4094,3070.0,,,,,,,,,,,,,,,,,,,,,,,,,,0.4452216586537612,0.4554074907139223,"rgba(239, 83, 80, 1.0)",0.0,0.0,0.01598368537597148,0.4538256917755926,-2.7794398307150403,0.0,0.0,0.0,0.0,0.0,0.0,0.0,0.0,30.798587279605034,-13.228136138083876,False,True,False,True,False,0.0,0,0.9504546196983722,0.9975499537213481,False,False,False,False,-0.34282825441539394,-0.34011760221192167,False,False,False,False,1413949.0,1419191.497196572,False,False,False,False,42857.015255733364,False,False,False,False
2025-06-03 14:00:00+00:00,0.4025,0.4114,0.3837,0.4031,131949.0,,,,,,,,,,,,,,,,,,,,,,,,,,0.4384019420647856,0.4543704408571054,"rgba(239, 83, 80, 1.0)",0.0,0.0,0.016618865650077967,0.4487564932138922,-2.747268927688696,0.0,0.0,0.0,0.0,0.0,0.0,0.0,0.0,29.465905357123447,-15.003517315300584,False,True,False,True,False,0.0,0,0.9493234136611137,0.9939619386489837,False,False,False,False,-0.34282825441539394,-0.34147292831365783,False,False,False,False,1282000.0,1417064.4972400358,False,False,False,False,44238.28633703982,False,False,False,False
2025-06-03 15:00:00+00:00,0.4031,0.4126,0.3899,0.4044,29200.0,,,,,,,,,,,,,,,,,,,,,,,,,,0.4372507988039143,0.4541579473857486,"rgba(239, 83, 80, 1.0)",0.0,0.0,0.01719447501876741,0.4484182259477573,-2.5600215127075625,0.0,0.0,0.0,0.0,0.0,0.0,0.0,0.0,29.23395954319276,-15.716819163971714,False,True,False,True,False,0.0,0,0.9558153252185103,0.9921711619925999,False,False,False,False,-0.3120632597625995,-0.3267680940381287,False,False,False,False,1311200.0,1415423.1872053065,False,False,False,False,44005.13461088416,False,False,False,False
2025-06-03 16:00:00+00:00,0.4044,0.4207,0.401,0.4117,21303.0,,,,,,,,,,,,,,,,,,,,,,,,,,0.4366570528143812,0.45403023348708293,"rgba(239, 83, 80, 1.0)",0.0,0.0,0.017634276818706336,0.44827873757366304,-2.0742975711292297,0.0,0.0,0.0,0.0,0.0,0.0,0.0,0.0,32.52878436330536,-15.716819163971714,False,True,False,True,True,0.0,0,0.9693356962569143,0.9836206433596476,False,False,False,False,-0.23469243207954812,-0.2807302630588384,False,False,False,False,1332503.0,1414137.6029075496,False,False,False,False,43653.163531645645,False,False,False,False
2025-06-03 17:00:00+00:00,0.4025,0.4158,0.4006,0.4128,21951.0,,,,,,,,,,,,,,,,,,,,,,,,,,0.4360407954030802,0.45389515639112354,"rgba(239, 83, 80, 1.0)",0.0,0.0,0.01800089917673601,0.4481091600469645,-1.961522016222241,0.0,0.0,0.0,0.0,0.0,0.0,0.0,0.0,35.21312086259975,-19.613678457354123,False,True,False,True,True,0.0,0,0.969437456511267,0.9859230316330353,False,False,False,False,-0.25573946555981986,-0.26823486430932914,False,False,False,False,1354454.0,1413212.2757306884,False,False,False,False,43316.69587999223,False,False,False,False
2025-06-03 18:00:00+00:00,0.4087,0.4135,0.3942,0.3976,26543.0,,,,,,,,,,,,,,,,,,,,,,,,,,0.43511772998553105,0.453703651087292,"rgba(239, 83, 80, 1.0)",0.0,0.0,0.018641604829801352,0.4477941285150644,-2.6925862324268173,0.0,0.0,0.0,0.0,0.0,0.0,0.0,0.0,33.323069972760585,-19.613678457354123,False,True,False,True,True,0.0,0,0.9656346419831898,0.987179487179487,False,False,False,False,-0.29078503240345877,-0.279509948356394,False,False,False,False,1327911.0,1411889.7753317629,False,False,False,False,43056.63857952723,False,False,False,False
2025-06-03 19:00:00+00:00,0.3976,0.4062,0.3926,0.3989,52347.0,,,,,,,,,,,,,,,,,,,,,,,,,,0.43330789838030115,0.4533118440993454,"rgba(239, 83, 80, 1.0)",0.0,0.0,0.019092440558669484,0.44713824255789525,-2.526562406187054,0.0,0.0,0.0,0.0,0.0,0.0,0.0,0.0,32.662035836837944,-19.613678457354123,False,True,False,True,False,0.0,1,0.965041642353191,0.9911941011086944,False,False,False,False,-0.3273709436252775,-0.30344044599083575,False,False,False,False,1380258.0,1411399.3602103402,False,False,False,False,43200.67519069735,False,False,False,False
2025-06-04 14:00:00+00:00,0.4133,0.4135,0.3892,0.4102,86677.0,,,,,,,,,,,,,,,,,,,,,,,,,,0.43107212663148925,0.4527349669316087,"rgba(239, 83, 80, 1.0)",0.0,0.0,0.018864006147363485,0.44630686561358524,-1.914061378665935,0.0,0.0,0.0,0.0,0.0,0.0,0.0,0.0,36.79001336403922,-17.994106544109897,False,True,False,True,True,0.0,1,0.9626438291388641,0.9873903220721902,False,False,False,False,-0.31123989775785116,-0.3073401718743435,False,False,False,False,1466935.0,1412260.3778814978,False,False,False,False,43874.726738128404,False,False,False,False
2025-06-04 15:00:00+00:00,0.4103,0.4109,0.3988,0.3997,89585.0,,,,,,,,,,,,,,,,,,,,,,,,,,0.42901072276200525,0.4521388130467884,"rgba(239, 83, 80, 1.0)",0.0,0.0,0.018846649808622398,0.44546164941305627,-2.428105253598981,0.0,0.0,0.0,0.0,0.0,0.0,0.0,0.0,36.9496383743555,-17.7446272245679,False,True,False,True,True,0.0,1,0.9683063544449684,0.9886321965529886,False,False,False,False,-0.2826697730702641,-0.2950049724723038,False,False,False,False,1377350.0,1411719.1317127924,False,False,False,False,44583.4131452892,False,False,False,False
2025-06-04 16:00:00+00:00,0.3998,0.4056,0.3938,0.4013,35826.0,,,,,,,,,,,,,,,,,,,,,,,,,,0.42818593777958397,0.45189052477122676,"rgba(239, 83, 80, 1.0)",0.0,0.0,0.018468753451543227,0.44510347965776964,-2.3717615686785556,0.0,0.0,0.0,0.0,0.0,0.0,0.0,0.0,37.65714354424139,-16.862595189809205,False,True,False,True,True,0.0,1,0.9683879423328965,0.9921887287024902,False,False,False,False,-0.3248787004384358,-0.30994183645536977,False,False,False,False,1413176.0,1411741.7188180203,False,False,False,False,44447.63929807542,False,False,False,False
2025-06-04 17:00:00+00:00,0.4013,0.4073,0.4013,0.405,17186.0,,,,,,,,,,,,,,,,,,,,,,,,,,0.4278651524944174,0.4517821046201794,"rgba(239, 83, 80, 1.0)",0.0,0.0,0.01875497752549484,0.44496053501196753,-2.1306629110936863,0.0,0.0,0.0,0.0,0.0,0.0,0.0,0.0,39.54195034816564,-14.873782323396767,False,True,False,True,True,0.0,1,0.9785144908409438,0.9880166816238187,False,False,False,False,-0.2871286134573305,-0.2985352249563501,False,False,False,False,1430362.0,1412030.4053479733,False,False,False,False,44024.978223686645,False,False,False,False
2025-06-04 18:00:00+00:00,0.405,0.4062,0.4006,0.405,5439.0,,,,,,,,,,,,,,,,,,,,,,,,,,0.4277628714051253,0.45174746089721834,"rgba(239, 83, 80, 1.0)",0.0,0.0,0.019033426452490263,0.4449145256236652,-2.0970751495163857,0.0,0.0,0.0,0.0,0.0,0.0,0.0,0.0,40.79848821744847,-13.499705054187274,False,True,False,True,True,0.0,1,0.9810698713176647,0.9854833563756248,False,False,False,False,-0.294449030322176,-0.296492127639263,False,False,False,False,1430362.0,1412314.616117772,False,False,False,False,43426.74600316437,False,False,False,False
2025-06-04 19:00:00+00:00,0.4026,0.4106,0.398,0.4084,52234.0,,,,,,,,,,,,,,,,,,,,,,,,,,0.42689170264541965,0.4514292620222988,"rgba(239, 83, 80, 1.0)",0.0,0.0,0.019223938717641928,0.44451043861989364,-1.8784099944489985,0.0,0.0,0.0,0.0,0.0,0.0,0.0,0.0,43.050834393549344,-11.225440548877998,False,False,False,True,True,0.0,1,0.9782886334610474,0.9816943380161771,False,False,False,False,-0.2871286134573305,-0.2918103705482967,False,False,False,False,1482596.0,1413404.2499764112,False,False,False,False,43563.29257675872,False,False,False,False
2025-06-05 14:00:00+00:00,0.4011,0.4122,0.3995,0.4038,46112.0,,,,,,,,,,,,,,,,,,,,,,,,,,0.42616098912106876,0.45114895759121326,"rgba(239, 83, 80, 1.0)",0.0,0.0,0.019559800842770377,0.44415681026427717,-2.063252616357478,0.0,0.0,0.0,0.0,0.0,0.0,0.0,0.0,42.930875312832114,-11.17231680927648,False,False,False,True,True,0.0,1,0.981415220293725,0.9812550066755674,False,False,False,False,-0.27459062401054707,-0.28320049727942187,False,False,False,False,1436484.0,1413762.0755581723,False,False,False,False,43602.8074205299,False,False,False,False
2025-06-05 15:00:00+00:00,0.4037,0.4092,0.3899,0.404,56403.0,,,,,,,,,,,,,,,,,,,,,,,,,,0.4251680621459546,0.45078027333977067,"rgba(239, 83, 80, 1.0)",0.0,0.0,0.019823078551099823,0.443667325239097,-2.001067853151204,0.0,0.0,0.0,0.0,0.0,0.0,0.0,0.0,42.9460073987736,-10.8837972420408,False,False,False,True,True,0.0,1,0.9779754568351107,0.9844059803869032,False,False,False,False,-0.32612433284084225,-0.30466241506013203,False,False,False,False,1492887.0,1414988.8185727743,False,False,False,False,43801.26001866122,False,False,False,False
2025-06-05 16:00:00+00:00,0.4047,0.4086,0.3841,0.3977,88560.0,,,,,,,,,,,,,,,,,,,,,,,,,,0.4235108128492216,0.45016387114981254,"rgba(239, 83, 80, 1.0)",0.0,0.0,0.020198677862355668,0.44282917667596094,-2.234263895067524,0.0,0.0,0.0,0.0,0.0,0.0,0.0,0.0,40.8077389564549,-10.8837972420408,False,True,False,True,False,0.0,1,0.9693429092078465,0.9928180941151248,False,False,False,False,-0.34282825441539394,-0.323745334737763,False,False,False,False,1404327.0,1414823.519060018,False,False,False,False,44495.193971860266,False,False,False,False
2025-06-05 17:00:00+00:00,0.3978,0.403,0.3886,0.3991,42165.0,,,,,,,,,,,,,,,,,,,,,,,,,,0.42279067434441353,0.44987585188359946,"rgba(239, 83, 80, 1.0)",0.0,0.0,0.02043771271206074,0.442449553488334,-2.1210569939537534,0.0,0.0,0.0,0.0,0.0,0.0,0.0,0.0,40.14675419424982,-10.8837972420408,False,True,False,True,False,0.0,1,0.9731932232468369,0.9921724211880762,False,False,False,False,-0.34282825441539394,-0.3332867945765785,False,False,False,False,1446492.0,1415314.5032606379,False,False,False,False,44459.06693353685,False,False,False,False
2025-06-05 18:00:00+00:00,0.3985,0.4029,0.3891,0.3903,15010.0,,,,,,,,,,,,,,,,,,,,,,,,,,0.4225169184615235,0.449768692939777,"rgba(239, 83, 80, 1.0)",0.0,0.0,0.02080903632541929,0.4423054331232449,-2.499175469251194,0.0,0.0,0.0,0.0,0.0,0.0,0.0,0.0,37.07208395927967,-9.30270648960446,False,True,False,True,False,0.0,1,0.9713796608356071,0.9915476381533195,False,False,False,False,-0.3411823285282016,-0.33723456155239007,False,False,False,False,1431482.0,1415565.162124814,False,False,False,False,44002.49225239674,False,False,False,False
2025-06-05 19:00:00+00:00,0.3903,0.3964,0.3812,0.3879,83091.0,,,,,,,,,,,,,,,,,,,,,,,,,,0.4208102979496602,0.4491239306970015,"rgba(239, 83, 80, 1.0)",0.0,0.0,0.021143152832809417,0.43796226126276955,-2.367776540170686,0.0,0.0,0.0,0.0,0.0,0.0,0.0,0.0,34.41645977850738,-11.795900188392203,False,True,False,True,False,0.0,1,0.9677092228864219,0.9951964133219471,True,False,False,False,-0.34282825441539394,-0.340031407983892,False,False,False,False,1348391.0,1414523.70224691,True,False,False,False,44608.51562832857,False,False,False,False
2025-06-06 14:00:00+00:00,0.3924,0.4023,0.3916,0.396,142789.0,,,,,,,,,,,,,,,,,,,,,,,,,,0.4188913254837262,0.4481915365848725,"rgba(239, 83, 80, 1.0)",0.0,0.0,0.021226528277194234,0.43711420938645845,-1.9369257586334319,0.0,0.0,0.0,0.0,0.0,0.0,0.0,0.0,36.95763503999294,-11.795900188392203,False,True,False,True,True,0.0,1,0.9720905459387484,0.9891344873501996,False,False,False,False,-0.2817433803516481,-0.31088739416777,False,False,False,False,1491180.0,1415712.171979516,False,False,False,False,46130.69368060254,False,False,False,False
2025-06-06 15:00:00+00:00,0.396,0.4027,0.3922,0.3972,125144.0,,,,,,,,,,,,,,,,,,,,,,,,,,0.4174913775056779,0.44741242341072834,"rgba(239, 83, 80, 1.0)",0.0,0.0,0.02147474301097012,0.43630418571540525,-1.820938471553738,0.0,0.0,0.0,0.0,0.0,0.0,0.0,0.0,39.22190451615338,-14.971164756510497,False,True,False,True,True,0.0,1,0.9713692725240807,0.9891437390240009,False,False,False,False,-0.27806584952287927,-0.29447662184532464,False,False,False,False,1616324.0,1418822.4328790584,False,False,False,False,47355.70618167847,False,False,False,False
2025-06-06 16:00:00+00:00,0.3955,0.4059,0.3955,0.4025,59995.0,,,,,,,,,,,,,,,,,,,,,,,,,,0.41700179056259057,0.4470760146654701,"rgba(239, 83, 80, 1.0)",0.0,0.0,0.021562369372886518,0.436003223741882,-1.5537821081949563,0.0,0.0,0.0,0.0,0.0,0.0,0.0,0.0,43.12917108346447,-11.414173631036007,False,False,False,True,True,0.0,1,0.9707721079348118,0.9944963932674327,False,False,False,False,-0.2543349720950037,-0.2744057969701642,False,False,False,False,1676319.0,1422814.6277181427,False,False,False,False,47551.66422537337,False,False,False,False
2025-06-06 17:00:00+00:00,0.4029,0.4038,0.3977,0.3994,63152.0,,,,,,,,,,,,,,,,,,,,,,,,,,0.4164865933139483,0.44671954525878027,"rgba(239, 83, 80, 1.0)",0.0,0.0,0.021730253996181434,0.43566341622133303,-1.6687985436205888,0.0,0.0,0.0,0.0,0.0,0.0,0.0,0.0,44.415984407544286,-10.298484133559576,False,False,False,True,True,0.0,1,0.9712388195597452,0.992233945691179,False,False,False,False,-0.2539721267077587,-0.26418896183896146,False,False,False,False,1613167.0,1425765.8272884039,False,False,False,False,47793.52989629782,False,False,False,False
2025-06-06 18:00:00+00:00,0.3983,0.4019,0.3978,0.3994,76710.0,,,,,,,,,,,,,,,,,,,,,,,,,,0.4158803280340228,0.44628828381498603,"rgba(239, 83, 80, 1.0)",0.0,0.0,0.02178984448137117,0.43524165243323665,-1.6448787628511454,0.0,0.0,0.0,0.0,0.0,0.0,0.0,0.0,45.27385995693083,-9.447336646493696,True,False,False,True,True,0.0,1,0.9697912754198639,0.9930782851317272,False,False,False,False,-0.2605134693867617,-0.26235121561286157,False,False,False,False,1613167.0,1428671.271826568,False,False,False,False,48241.847262246694,False,False,False,False
2025-06-06 19:00:00+00:00,0.3998,0.4123,0.3978,0.4059,75168.0,,,,,,,,,,,,,,,,,,,,,,,,,,0.4155198275246629,0.44592347627910994,"rgba(239, 83, 80, 1.0)",0.0,0.0,0.0218057734317032,0.43495953591997294,-1.3326532998698217,0.0,0.0,0.0,0.0,0.0,0.0,0.0,0.0,48.863745887436146,-6.031897404787159,True,False,False,False,True,0.0,1,0.9701396692888105,0.9883341360303955,False,False,False,False,-0.22300055100514446,-0.24267588330900303,False,False,False,False,1688335.0,1432697.066061815,False,False,False,False,48659.306994614955,False,False,False,False
2025-06-09 14:00:00+00:00,0.4068,0.4073,0.3967,0.4017,83106.0,,,,,,,,,,,,,,,,,,,,,,,,,,0.4150238766293601,0.44549415242565354,"rgba(239, 83, 80, 1.0)",0.0,0.0,0.02195781787349515,0.4345678728355399,-1.4968642615081549,0.0,0.0,0.0,0.0,0.0,0.0,0.0,0.0,49.19380237604453,-5.650666714181895,True,False,False,False,True,0.0,1,0.969633676092545,0.9922879177377891,False,False,False,False,-0.24492197414907813,-0.24379892872904058,False,False,False,False,1605229.0,1435371.979766283,False,False,False,False,49193.36425051239,False,False,False,False
2025-06-09 15:00:00+00:00,0.4017,0.4073,0.3979,0.4008,10310.0,,,,,,,,,,,,,,,,,,,,,,,,,,0.4149653065052293,0.4454415951633108,"rgba(239, 83, 80, 1.0)",0.0,0.0,0.022107830172922244,0.43452015450339543,-1.5252584373791696,0.0,0.0,0.0,0.0,0.0,0.0,0.0,0.0,48.982867637086486,-5.650666714181895,True,False,False,False,True,0.0,1,0.9747722494744219,0.9926149533717858,False,False,False,False,-0.24059191952525555,-0.24219542412714806,False,False,False,False,1594919.0,1437845.5769792087,False,False,False,False,48590.5213939153,False,False,False,False
2025-06-09 16:00:00+00:00,0.4009,0.4063,0.3986,0.4022,79062.0,,,,,,,,,,,,,,,,,,,,,,,,,,0.4145453116481344,0.4450461104106652,"rgba(239, 83, 80, 1.0)",0.0,0.0,0.022282746931440615,0.43416626713063267,-1.434574795871722,0.0,0.0,0.0,0.0,0.0,0.0,0.0,0.0,49.58664149676166,-4.795727369437223,True,False,False,False,True,0.0,1,0.9721980886185927,0.9957102519548219,False,False,False,False,-0.24167359763139679,-0.24193451087927242,False,False,False,False,1673981.0,1441506.5912896085,False,False,False,False,49062.94741881584,False,False,False,False
2025-06-09 17:00:00+00:00,0.4026,0.403,0.4003,0.4005,19705.0,,,,,,,,,,,,,,,,,,,,,,,,,,0.4144358935318498,0.44494615843135743,"rgba(239, 83, 80, 1.0)",0.0,0.0,0.022419318165966633,0.4340736784778357,-1.4975334320738514,0.0,0.0,0.0,0.0,0.0,0.0,0.0,0.0,49.04122439472403,-4.795727369437223,True,False,False,False,True,0.0,1,0.9753937007874016,0.9919072615923009,False,False,False,False,-0.24745199428817058,-0.2446932525837215,False,False,False,False,1654276.0,1444805.3418122502,False,False,False,False,48607.78544333032,False,False,False,False
2025-06-09 18:00:00+00:00,0.4006,0.4079,0.4005,0.405,19118.0,,,,,,,,,,,,,,,,,,,,,,,,,,0.41435682480825203,0.4448566917556784,"rgba(239, 83, 80, 1.0)",0.0,0.0,0.022449265884178757,0.4339999716945459,-1.2918004465786905,0.0,0.0,0.0,0.0,0.0,0.0,0.0,0.0,51.15691062937298,-2.805703866814973,True,False,False,False,True,0.0,1,0.9734910724066163,0.9883886515500055,False,False,False,False,-0.2290877850211737,-0.2368905188024476,False,False,False,False,1673394.0,1448349.3520167114,False,False,False,False,48150.57946746473,False,False,False,False
2025-06-09 19:00:00+00:00,0.403,0.4129,0.4027,0.4078,111091.0,,,,,,,,,,,,,,,,,,,,,,,,,,0.4140679528479937,0.44438681146290787,"rgba(239, 83, 80, 1.0)",0.0,0.0,0.022446199782691446,0.43366639020172826,-1.1523728048466435,0.0,0.0,0.0,0.0,0.0,0.0,0.0,0.0,53.91960761602128,-0.07454049770813498,True,False,True,False,True,0.0,1,0.9746835443037976,0.9860266315962519,False,False,False,False,-0.20341505377325161,-0.22015278628784962,False,False,False,False,1784485.0,1453560.757411801,False,False,False,False,49126.39994083737,False,False,False,False
2025-06-10 14:00:00+00:00,0.4099,0.4173,0.4049,0.4127,98469.0,,,,,,,,,,,,,,,,,,,,,,,,,,0.4139764516705241,0.44402277515525057,"rgba(239, 83, 80, 1.0)",0.0,0.0,0.02243337507190858,0.4334594987363795,-0.9253845518044614,0.0,0.0,0.0,0.0,0.0,0.0,0.0,0.0,57.81406171841611,3.5700526037698523,True,False,True,False,True,0.0,0,0.9804146835166039,0.9782263799989058,False,False,False,False,-0.1801126517086725,-0.20013271899826107,False,False,False,False,1882954.0,1460218.0169868118,False,False,False,False,49891.40149214221,False,False,False,False
2025-06-10 15:00:00+00:00,0.4113,0.4142,0.4082,0.41,66146.0,,,,,,,,,,,,,,,,,,,,,,,,,,0.41389823242231855,0.44377657018356437,"rgba(239, 83, 80, 1.0)",0.0,0.0,0.022366366964059737,0.43330610622993315,-1.0420157313605511,0.0,0.0,0.0,0.0,0.0,0.0,0.0,0.0,58.52910861173916,4.2234441317596705,True,False,True,False,True,0.0,1,0.9819187989699195,0.9798367212755466,False,False,False,False,-0.17940965291986938,-0.18977118595906523,False,False,False,False,1816808.0,1465746.5438552334,False,False,False,False,50143.41077133381,False,False,False,False
2025-06-10 16:00:00+00:00,0.4135,0.4135,0.4065,0.4075,31372.0,,,,,,,,,,,,,,,,,,,,,,,,,,0.4138436098560926,0.4436553496638043,"rgba(239, 83, 80, 1.0)",0.0,0.0,0.022385061218714072,0.4332218818455903,-1.149064619224121,0.0,0.0,0.0,0.0,0.0,0.0,0.0,0.0,57.36205405802421,4.2234441317596705,True,False,True,False,True,0.0,1,0.9798107602596545,0.9842666960061613,False,False,False,False,-0.18785743373813346,-0.18881430984859934,False,False,False,False,1785436.0,1470702.9695318963,False,False,False,False,49852.38114697204,False,False,False,False
2025-06-10 17:00:00+00:00,0.4075,0.4133,0.4075,0.41,97744.0,,,,,,,,,,,,,,,,,,,,,,,,,,0.41371942150414037,0.4432949292480268,"rgba(239, 83, 80, 1.0)",0.0,0.0,0.022264746343256193,0.4329844437291249,-1.0323245266203873,0.0,0.0,0.0,0.0,0.0,0.0,0.0,0.0,57.85355318647004,4.2234441317596705,True,False,True,False,True,0.0,1,0.9766789505527749,0.983224245091029,False,False,False,False,-0.18503861872293162,-0.18692646428576548,False,False,False,False,1883180.0,1477097.962252332,False,False,False,False,50594.88686562363,False,False,False,False
2025-06-10 18:00:00+00:00,0.4101,0.4137,0.4062,0.4137,15645.0,,,,,,,,,,,,,,,,,,,,,,,,,,0.4137054980065983,0.4432395710115249,"rgba(239, 83, 80, 1.0)",0.0,0.0,0.02226806277653334,0.43294971363887436,-0.8644538966883186,0.0,0.0,0.0,0.0,0.0,0.0,0.0,0.0,59.87688473473655,5.768874790124613,True,False,True,False,True,0.0,1,0.9757855924274944,0.984810962522701,False,False,False,False,-0.18820999228831772,-0.18756822828704162,False,False,False,False,1898825.0,1483636.3659383422,False,False,False,False,50053.02815452869,False,False,False,False
2025-06-10 19:00:00+00:00,0.4137,0.4337,0.41,0.419,194549.0,,,,,,,,,,,,,,,,,,,,,,,,,,0.41416813100016564,0.44277047951049153,"rgba(239, 83, 80, 1.0)",0.0,0.0,0.022239652761560025,0.43289751885142513,-0.6248981942490677,0.0,0.0,0.0,0.0,0.0,0.0,0.0,0.0,63.222901163149075,8.975892639073905,True,False,True,False,True,0.0,1,0.9740850317773395,0.9817006355467893,False,False,False,False,-0.1053965046885482,-0.14648236648779492,False,False,False,False,2093374.0,1493089.6625904609,False,False,False,False,52293.275780039876,False,False,False,False
2025-06-11 14:00:00+00:00,0.4279,0.4594,0.4195,0.4459,89605.0,,,,,,,,,,,,,,,,,,,,,,,,,0.4416,0.4149572070396119,0.44275926785433634,"rgba(38, 166, 154, 1.0)",0.0,0.0,0.022355405497435397,0.4328009299554375,0.5859464300956309,-1.0,0.4594,0.4195,436.0,0.0,0.0,0.0,0.0,70.33462358541448,15.457364069219295,True,False,True,False,True,6.375521456693612,0,0.9799935114091057,0.9673948307559208,False,True,False,False,0.014807327795519139,-0.0658375193461379,False,False,False,False,2182979.0,1503785.6213099884,False,False,False,False,52871.75212453538,False,False,False,False
2025-06-11 15:00:00+00:00,0.4455,0.4541,0.4295,0.4443,109287.0,,,,,,,,,,,,,,,,,,,,,,,,,0.4421677950847696,0.4158952651540996,0.4427578135921976,"rgba(38, 166, 154, 1.0)",0.0,0.0,0.022433622048122506,0.43321620668535277,0.49407060932342045,0.0,0.0,0.0,0.0,0.0,0.0,0.0,0.0,74.18673850728759,18.715997244596096,True,False,True,False,True,5.858774061416124,0,0.9838744472009493,0.973843166864416,False,False,False,False,0.030813915141472036,-0.017511802102332927,False,False,False,False,2073692.0,1512621.379119136,False,False,False,False,53746.40713035653,False,False,False,False
2025-06-11 16:00:00+00:00,0.4443,0.4539,0.4297,0.4395,36781.0,,,,,,,,,,,,,,,,,,,,,,,,,0.4419907419744024,0.4161787862136355,0.4427511374348107,"rgba(38, 166, 154, 1.0)",0.0,0.0,0.022402764629903895,0.43331932385443467,0.2758889917236009,0.0,0.0,0.0,0.0,0.0,0.0,0.0,0.0,74.12854251203146,18.715997244596096,True,False,True,False,True,4.3169121186302775,0,0.9904046496326352,0.9859085426033556,False,False,False,False,0.03081391514147235,0.006651056519569711,False,False,False,False,2036911.0,1520749.9003731026,False,False,False,False,53483.377562444024,False,False,False,False
2025-06-11 17:00:00+00:00,0.4423,0.4536,0.4377,0.4387,51968.0,,,,,,,,,,,,,,,,,,,,,,,,,0.44223330749093487,0.4166047202233468,0.4427543046740531,"rgba(38, 166, 154, 1.0)",0.0,0.0,0.022364128935929366,0.4335056784391331,0.2322612955661266,0.0,0.0,0.0,0.0,0.0,0.0,0.0,0.0,73.65258214748206,18.715997244596096,True,False,True,False,True,4.060522350350041,0,0.9848840381991815,0.9702046384720326,False,False,False,False,0.05707542123119641,0.03186323887538306,False,False,False,False,1984943.0,1527946.69261538,False,False,False,False,53459.88333666969,False,False,False,False
2025-06-11 18:00:00+00:00,0.4387,0.4467,0.4151,0.4283,44897.0,,,,,,,,,,,,,,,,,,,,,,,,,0.4405861506554639,0.4167842624054127,0.4426947964565147,"rgba(38, 166, 154, 1.0)",0.0,0.0,0.022259817714538777,0.43346222311426513,-0.2319076993561122,0.0,0.0,0.0,0.0,0.0,0.0,0.0,0.0,68.34762634455657,24.176350826757727,True,False,True,False,False,0.8098169260257038,0,0.9730385548665408,0.9754111620382853,False,False,False,False,-0.04342623241853783,-0.005781496771577386,False,False,False,False,1940046.0,1534335.8291639788,False,False,False,False,53327.125455481015,False,False,False,False
2025-06-11 19:00:00+00:00,0.4282,0.4442,0.421,0.4255,42907.0,,,,,,,,,,,,,,,,,,,,,,,,,0.43940299910772546,0.41695393996187885,0.44263933397528055,"rgba(38, 166, 154, 1.0)",0.0,0.0,0.02214645380678418,0.4334397188591173,-0.3585097157489441,0.0,0.0,0.0,0.0,0.0,0.0,0.0,0.0,63.681631702799024,19.91168353818962,True,False,True,False,False,0.0,0,0.974686974903789,0.9906227979836306,False,False,False,False,-0.03183674287999616,-0.01880911982578677,False,False,False,False,1897139.0,1539960.6845257776,False,False,False,False,53165.57312283789,False,False,False,False
2025-06-12 14:00:00+00:00,0.422,0.4282,0.4123,0.4202,28290.0,,,,,,,,,,,,,,,,,,,,,,,,,0.4380597669263254,0.41698099404128514,0.4425737758047325,"rgba(38, 166, 154, 1.0)",0.0,0.0,0.02202921279156441,0.433346284222766,-0.59676595560419,0.0,0.0,0.0,0.0,0.0,0.0,0.0,0.0,58.55862268030886,15.308622850574082,True,False,True,False,False,0.0,0,0.9689909939060563,0.9862481799061641,False,False,False,False,-0.1164233489569099,-0.06761623439134834,False,False,False,False,1868849.0,1545059.7281765405,False,False,False,False,52779.90532248382,False,False,False,False
2025-06-12 15:00:00+00:00,0.4202,0.4274,0.4141,0.4202,9432.0,,,,,,,,,,,,,,,,,,,,,,,,,0.4376604249613352,0.41699082934653314,0.44255232849272197,"rgba(38, 166, 154, 1.0)",0.0,0.0,0.021907291393872146,0.433318088364381,-0.5988001039713361,0.0,0.0,0.0,0.0,0.0,0.0,0.0,0.0,55.14328333198209,12.297584364589149,True,False,True,False,False,0.0,0,0.9716174810514434,0.9855937214427781,False,False,False,False,-0.11297455601419096,-0.09029539520276965,False,False,False,False,1868849.0,1550079.7168869816,False,False,False,False,52107.84477484841,False,False,False,False
2025-06-12 16:00:00+00:00,0.4183,0.4275,0.4163,0.4274,4667.0,,,,,,,,,,,,,,,,,,,,,,,,,0.43750486620683493,0.4169999680249156,0.44254325799877975,"rgba(38, 166, 154, 1.0)",0.0,0.0,0.021788757577167285,0.433308805755323,-0.2711859882049861,0.0,0.0,0.0,0.0,0.0,0.0,0.0,0.0,55.62917894246462,12.297584364589149,True,False,True,False,False,0.6023617553111897,0,0.9780498328119943,0.985546327257038,False,False,False,False,-0.10505234070370532,-0.09767386795323749,False,False,False,False,1873516.0,1555094.2329042377,False,False,False,False,51372.32780159495,False,False,False,False
2025-06-12 17:00:00+00:00,0.4274,0.4281,0.4188,0.4225,20367.0,,,,,,,,,,,,,,,,,,,,,,,,,0.43683689646227797,0.4170360332802779,0.4425025166802894,"rgba(38, 166, 154, 1.0)",0.0,0.0,0.02162239729689269,0.433266625185141,-0.4979385512765616,0.0,0.0,0.0,0.0,0.0,0.0,0.0,0.0,53.89005205506577,10.965965849736818,True,False,True,False,False,0.0,0,0.979589626982838,0.9844079909046612,False,False,False,False,-0.09439513855734478,-0.09603450325529114,False,False,False,False,1853149.0,1559715.2370452574,False,False,False,False,50891.62504498107,False,False,False,False
2025-06-12 18:00:00+00:00,0.4278,0.4278,0.4137,0.4242,50671.0,,,,,,,,,,,,,,,,,,,,,,,,,0.4352887049507165,0.41710616359696145,0.44239548757470104,"rgba(38, 166, 154, 1.0)",0.0,0.0,0.021415066010919956,0.4331561051295781,-0.41821515399537745,0.0,0.0,0.0,0.0,0.0,0.0,0.0,0.0,53.40721625319692,10.18466039813761,True,False,True,False,False,0.0,1,0.9784852765402589,0.985059219819624,False,False,False,False,-0.11297455601419096,-0.10450452963474105,False,False,False,False,1903820.0,1565050.194610447,False,False,False,False,50888.20450164803,False,False,False,False
2025-06-12 19:00:00+00:00,0.4242,0.4249,0.4129,0.423,41626.0,,,,,,,,,,,,,,,,,,,,,,,,,0.43410998728239,0.4171431602816297,0.4423014512524575,"rgba(38, 166, 154, 1.0)",0.0,0.0,0.021229897921694586,0.4330580960529651,-0.47377034454258216,0.0,0.0,0.0,0.0,0.0,0.0,0.0,0.0,52.53501195066568,8.937558184234433,False,False,False,False,False,0.0,1,0.9775207688548624,0.9819188792963024,False,False,False,False,-0.12574911519741241,-0.11512682241607673,False,False,False,False,1862194.0,1569657.075314161,False,False,False,False,50744.60443185504,False,False,False,False
2025-06-13 14:00:00+00:00,0.4117,0.4253,0.4052,0.419,15205.0,,,,,,,,,,,,,,,,,,,,,,,,,0.4336193177118933,0.4171404218966213,0.4422614632570499,"rgba(38, 166, 154, 1.0)",0.0,0.0,0.021085683884206147,0.4330096248604615,-0.6644140610945606,0.0,0.0,0.0,0.0,0.0,0.0,0.0,0.0,50.165877760578354,6.309300900535064,False,False,False,False,False,0.0,1,0.973739666072297,0.9816285729723889,False,False,False,False,-0.15107731444241837,-0.13310206842924754,False,False,False,False,1846989.0,1573956.795076732,False,False,False,False,50193.602812756515,False,False,False,False
2025-06-13 15:00:00+00:00,0.419,0.4249,0.4065,0.4225,8396.0,,,,,,,,,,,,,,,,,,,,,,,,,0.4333821404959523,0.41714235988055554,0.4422406895854282,"rgba(38, 166, 154, 1.0)",0.0,0.0,0.021004617853485855,0.4329866449934536,-0.4992542624008396,0.0,0.0,0.0,0.0,0.0,0.0,0.0,0.0,50.299191640561126,6.044370463006125,False,False,False,False,False,0.0,1,0.9749165679836365,0.9816449564000429,False,False,False,False,-0.14794489004769204,-0.1405234792384698,False,False,False,False,1855385.0,1578320.0230600387,False,False,False,False,49545.577962946336,False,False,False,False
2025-06-13 16:00:00+00:00,0.4246,0.4247,0.4041,0.4105,18531.0,,,,,,,,,,,,,,,,,,,,,,,,,0.43272578587686056,0.4171215408568184,0.442185797794351,"rgba(38, 166, 154, 1.0)",0.0,0.0,0.02082739386324991,0.43291423041258187,-1.0761898756873258,0.0,0.0,0.0,0.0,0.0,0.0,0.0,0.0,45.89759753306575,1.5982522501549994,False,True,False,True,False,0.0,1,0.9835410933031137,0.9786843667368194,False,False,False,False,-0.15700220497622253,-0.14876284210734617,False,False,False,False,1836854.0,1582328.3017722862,False,False,False,False,49064.73179297818,False,False,False,False
2025-06-13 17:00:00+00:00,0.4105,0.4234,0.3942,0.4214,59371.0,,,,,,,,,,,,,,,,,,,,,,,,,0.43087271976890335,0.4170546367396287,0.4420107157821968,"rgba(38, 166, 154, 1.0)",0.0,0.0,0.02028044591438488,0.4326950021465075,-0.5569405226191798,0.0,0.0,0.0,0.0,0.0,0.0,0.0,0.0,47.450162835181516,1.5982522501549994,False,True,False,True,False,0.0,1,0.9751546171891662,0.9796865003198976,False,False,False,False,-0.19633180046333687,-0.1725473212853415,False,False,False,False,1896225.0,1587194.9172486847,False,False,False,False,49224.51889696301,False,False,False,False
2025-06-13 18:00:00+00:00,0.4214,0.422,0.4005,0.4178,21981.0,,,,,,,,,,,,,,,,,,,,,,,,,0.43028656425813966,0.41703300313035574,0.44194738687367696,"rgba(38, 166, 154, 1.0)",0.0,0.0,0.019708609542276014,0.4326208855292205,-0.7520005659165818,0.0,0.0,0.0,0.0,0.0,0.0,0.0,0.0,47.24403362069715,1.5982522501549994,False,True,False,True,False,0.0,1,0.9782654680063458,0.9806980433632998,False,False,False,False,-0.17905821935131935,-0.17580277031833041,False,False,False,False,1874244.0,1591645.2906246742,False,False,False,False,48802.1387590256,False,False,False,False
2025-06-13 19:00:00+00:00,0.4044,0.4222,0.4015,0.4087,37004.0,,,,,,,,,,,,,,,,,,,,,,,,,0.4292430108087092,0.4169709424134485,0.44183161975427115,"rgba(38, 166, 154, 1.0)",0.0,0.0,0.019162220432186187,0.4324779739317287,-1.24087779993333,0.0,0.0,0.0,0.0,0.0,0.0,0.0,0.0,44.403215601482295,-0.36636426069413375,False,True,False,True,False,0.0,1,0.978314648139376,0.9842623295962946,False,False,False,False,-0.17484440248859226,-0.17532358640346135,False,False,False,False,1837240.0,1595452.9605374697,False,False,False,False,48619.221879040706,False,False,False,False
2025-06-16 14:00:00+00:00,0.425,0.4293,0.421,0.425,56562.0,,,,,,,,,,,,,,,,,,,,,,,,,0.42892953665405664,0.41709280653163777,0.4417371011387093,"rgba(38, 166, 154, 1.0)",0.0,0.0,0.018605097916116153,0.43245532413144827,-0.4007140497223782,0.0,0.0,0.0,0.0,0.0,0.0,0.0,0.0,47.79346226392052,-0.36636426069413375,False,True,False,False,True,0.19267510507430785,1,0.9805225404471439,0.975234305461019,False,False,False,False,-0.08273103639829123,-0.12902731140087628,False,False,False,False,1893802.0,1600078.5270407647,False,False,False,False,48742.36572587728,False,False,False,False
2025-06-16 15:00:00+00:00,0.4264,0.4264,0.4155,0.417,48273.0,,,,,,,,,,,,,,,,,,,,,,,,,0.42836564650426007,0.41712490007963265,0.4416310448561996,"rgba(38, 166, 154, 1.0)",0.0,0.0,0.018141503359532928,0.43237836014136954,-0.8476894023939091,0.0,0.0,0.0,0.0,0.0,0.0,0.0,0.0,47.77998791119133,-0.36636426069413375,False,True,False,True,True,0.0,1,0.9756814958768844,0.9818793003834236,False,False,False,False,-0.11159579232871078,-0.12031155186479353,False,False,False,False,1845529.0,1603883.960730055,False,False,False,False,48735.08873787918,False,False,False,False
2025-06-16 16:00:00+00:00,0.4192,0.4255,0.4157,0.4247,19684.0,,,,,,,,,,,,,,,,,,,,,,,,,0.4282111931052947,0.4171497128638537,0.4415926466877432,"rgba(38, 166, 154, 1.0)",0.0,0.0,0.017786244609166293,0.4323580491872069,-0.4305602084916914,0.0,0.0,0.0,0.0,0.0,0.0,0.0,0.0,49.846999773136844,-5.17368527745009,False,True,False,False,True,0.14290060219409284,1,0.9678131902808459,0.9886925423372254,False,False,False,False,-0.1140089092516411,-0.11716023055821731,False,False,False,False,1865213.0,1607935.573741992,False,False,False,False,48284.68426132291,False,False,False,False
2025-06-16 17:00:00+00:00,0.4247,0.4254,0.4175,0.418,29586.0,,,,,,,,,,,,,,,,,,,,,,,,,0.42793422818765475,0.41717379318374775,0.4415303363560837,"rgba(38, 166, 154, 1.0)",0.0,0.0,0.01735797451545192,0.43231745716353165,-0.8248345537543214,0.0,0.0,0.0,0.0,0.0,0.0,0.0,0.0,49.34477579842208,-5.17368527745009,False,True,False,False,True,0.0,1,0.9656344611462263,0.9998937695862327,False,False,False,False,-0.10815071925532753,-0.11265547490677241,False,False,False,False,1835627.0,1611465.673373899,False,False,False,False,47994.78217975201,False,False,False,False
2025-06-16 18:00:00+00:00,0.4179,0.4214,0.4167,0.4187,35175.0,,,,,,,,,,,,,,,,,,,,,,,,,0.4275745568195674,0.417189639567904,0.44145198965023247,"rgba(38, 166, 154, 1.0)",0.0,0.0,0.017061275049248363,0.4322602037551298,-0.7947942762769763,0.0,0.0,0.0,0.0,0.0,0.0,0.0,0.0,49.218887605356045,-5.17368527745009,False,True,False,False,True,0.0,1,0.9580975765986975,1.002241913099178,False,False,False,False,-0.12471187308208294,-0.11868367399442767,False,False,False,False,1870802.0,1615486.391616164,False,False,False,False,47796.025866887634,False,False,False,False
2025-06-16 19:00:00+00:00,0.4176,0.4303,0.4072,0.4209,24288.0,,,,,,,,,,,,,,,,,,,,,,,,,0.427356853469592,0.41720371184991306,0.4413994820791543,"rgba(38, 166, 154, 1.0)",0.0,0.0,0.01647090341964451,0.4308389462950918,-0.6034244778120555,0.0,0.0,0.0,0.0,0.0,0.0,0.0,0.0,49.83469102836134,-4.325730587317402,False,True,False,False,True,0.0,1,0.9522618414050027,1.000266098988824,False,False,False,False,-0.12678662654516026,-0.12273515026979397,False,False,False,False,1895090.0,1619821.3312810296,False,False,False,False,47431.56034957155,False,False,False,False
2025-06-17 14:00:00+00:00,0.405,0.405,0.3936,0.4011,165191.0,,,,,,,,,,,,,,,,,,,,,,,,,0.42311694107785813,0.41650572259459423,0.44073615376246844,"rgba(239, 83, 80, 1.0)",0.0,0.0,0.016014847615383066,0.4291484594707039,-1.751403456612471,0.0,0.0,0.0,0.0,0.0,0.0,0.0,0.0,45.24029576908359,-0.5124440498257599,False,True,False,True,False,0.0,1,0.9346021675918582,1.0085117631509384,False,False,False,False,-0.26452168302427664,-0.1936284166470353,False,False,False,False,1729899.0,1621527.9618038042,False,False,False,False,49257.28809608982,False,False,False,False
2025-06-17 15:00:00+00:00,0.3967,0.4034,0.396,0.4001,78379.0,,,,,,,,,,,,,,,,,,,,,,,,,0.4215274386448386,0.41619261964981746,0.4404282810606063,"rgba(239, 83, 80, 1.0)",0.0,0.0,0.015401656281582557,0.4287457119913797,-1.8599111334301408,0.0,0.0,0.0,0.0,0.0,0.0,0.0,0.0,41.9799056290453,-3.5611089012402175,False,True,False,True,False,0.0,1,0.9352295728134655,1.013156493022265,False,False,False,False,-0.2457403036836128,-0.21968436016532406,False,False,False,False,1651520.0,1621992.954644055,False,False,False,False,49708.78750545276,False,False,False,False
2025-06-17 16:00:00+00:00,0.4004,0.4092,0.3919,0.3949,107938.0,,,,,,,,,,,,,,,,,,,,,,,,,0.4195629289265445,0.4157507882143798,0.4399998397661333,"rgba(239, 83, 80, 1.0)",0.0,0.0,0.01447864572333254,0.4282052664572296,-2.300302603824178,0.0,0.0,0.0,0.0,0.0,0.0,0.0,0.0,38.769787221330816,-6.493070702252588,False,True,False,True,False,0.0,1,0.946603509527398,1.0069975239530626,False,False,False,False,-0.23748959454995833,-0.2285869773576412,False,False,False,False,1543582.0,1620777.2809286434,False,False,False,False,50611.56599374031,False,False,False,False
2025-06-17 17:00:00+00:00,0.393,0.4045,0.3801,0.388,157160.0,,,,,,,,,,,,,,,,,,,,,,,,,0.41637170732317125,0.41486972082328716,0.4392767084744305,"rgba(239, 83, 80, 1.0)",0.0,0.0,0.014222931363694645,0.42717441886993157,-2.7543139925379876,0.0,0.0,0.0,0.0,0.0,0.0,0.0,0.0,35.38149037876485,-9.554003315329261,False,True,False,True,False,0.0,0,0.9412707743280073,0.9977555709934272,False,False,False,False,-0.31077620109004817,-0.26968158922384466,False,False,False,False,1386422.0,1617143.8657204474,False,False,False,False,52263.47969926372,False,False,False,False
2025-06-17 18:00:00+00:00,0.388,0.3883,0.3816,0.3862,95318.0,,,,,,,,,,,,,,,,,,,,,,,,,0.41441263532952394,0.41424948159231445,0.43879974465569643,"rgba(239, 83, 80, 1.0)",0.0,0.0,0.01401059213208645,0.42648930082148395,-2.875631553731063,0.0,0.0,0.0,0.0,0.0,0.0,0.0,0.0,32.809347917190784,-11.86199867610901,False,True,False,True,False,0.0,0,0.9417340545172175,1.0065334975633267,False,False,False,False,-0.34282825441539394,-0.30625492181961933,False,False,False,False,1291104.0,1612088.9840813708,False,False,False,False,52930.9916419108,False,False,False,False
2025-06-17 19:00:00+00:00,0.3862,0.3885,0.3821,0.3846,73648.0,,,,,,,,,,,,,,,,,,,,,,,,,0.4130466333752163,0.41378302878250556,0.438434919489867,"rgba(239, 83, 80, 1.0)",0.0,0.0,0.013876941532848502,0.4259906971010863,-2.982695935059551,0.0,0.0,0.0,0.0,0.0,0.0,0.0,0.0,30.801239451885035,-13.713388286643834,False,True,False,True,False,0.0,0,0.9468974068682947,1.0055528599924524,False,False,False,False,-0.3397416437778142,-0.3229982827987168,False,False,False,False,1217456.0,1605970.6432429,False,False,False,False,53252.18556994319,False,False,False,False
2025-06-18 14:00:00+00:00,0.3721,0.3888,0.3713,0.3789,88504.0,,,,,,,,,,,,,,,,,,,,,,,,,0.411278347794407,0.41314007114459084,0.43795930103913416,"rgba(239, 83, 80, 1.0)",0.0,0.0,0.014020343263451623,0.42214019312396844,-3.0841037420736637,0.0,0.0,0.0,0.0,0.0,0.0,0.0,0.0,28.45293106031894,-15.945980662458773,False,True,False,True,False,0.0,0,0.9421634745076883,1.0043161586188294,False,False,False,False,-0.34282825441539394,-0.3329132686070554,False,False,False,False,1128952.0,1598575.0053631652,False,False,False,False,53798.72532854872,False,False,False,False
2025-06-18 15:00:00+00:00,0.3788,0.3878,0.3765,0.3831,92866.0,,,,,,,,,,,,,,,,,,,,,,,,,0.40976117309439214,0.41254527086556836,0.4374920259363798,"rgba(239, 83, 80, 1.0)",0.0,0.0,0.01382491575002474,0.42162341827334365,-2.7865210153830207,0.0,0.0,0.0,0.0,0.0,0.0,0.0,0.0,29.065421366668403,-15.945980662458773,False,True,False,True,False,0.0,0,0.9446157174536213,1.0034615176591488,False,False,False,False,-0.32541162176391997,-0.32916244518548765,False,False,False,False,1221818.0,1592733.8114815657,False,False,False,False,54404.41950950145,False,False,False,False
2025-06-18 16:00:00+00:00,0.3831,0.3923,0.376,0.3812,148568.0,,,,,,,,,,,,,,,,,,,,,,,,,0.40769483822370145,0.41166129439186144,0.4367699264469232,"rgba(239, 83, 80, 1.0)",0.0,0.0,0.013979176534272757,0.4208120470918459,-2.83364667401753,0.0,0.0,0.0,0.0,0.0,0.0,0.0,0.0,29.051778511054042,-15.945980662458773,False,True,False,True,False,0.0,0,0.938359153392974,1.0153283875190924,False,False,False,False,-0.30899997236468024,-0.31908120877508395,False,False,False,False,1073250.0,1584679.7989004562,False,False,False,False,55864.319982222354,False,False,False,False
2025-06-18 17:00:00+00:00,0.3866,0.3881,0.3773,0.3807,23045.0,,,,,,,,,,,,,,,,,,,,,,,,,0.40738924797860243,0.41152365571022403,0.43665730291991817,"rgba(239, 83, 80, 1.0)",0.0,0.0,0.014351648930586752,0.420679693795484,-2.785721277662933,0.0,0.0,0.0,0.0,0.0,0.0,0.0,0.0,28.924441925655593,-16.21244006323164,False,True,False,True,False,0.0,0,0.9356220818456469,1.0160944795385884,False,False,False,False,-0.3201462319469825,-0.3196137203610332,False,False,False,False,1050205.0,1576393.3679097514,False,False,False,False,55355.49331583131,False,False,False,False
2025-06-18 18:00:00+00:00,0.3802,0.3872,0.3778,0.3824,85795.0,,,,,,,,,,,,,,,,,,,,,,,,,0.40633122282446443,0.41102965491699284,0.4362453507465545,"rgba(239, 83, 80, 1.0)",0.0,0.0,0.014657217513055114,0.4202110464755431,-2.5796878869993534,0.0,0.0,0.0,0.0,0.0,0.0,0.0,0.0,29.901412470021352,-16.21244006323164,False,True,False,True,False,0.0,0,0.9341179058512978,1.011713594368676,False,False,False,False,-0.3215265104587283,-0.3205701154098808,False,False,False,False,1136000.0,1569565.5637561118,False,False,False,False,55827.42365201996,False,False,False,False
2025-06-18 19:00:00+00:00,0.3845,0.3878,0.381,0.384,41392.0,,,,,,,,,,,,,,,,,,,,,,,,,0.4058883821011353,0.41081192484156626,0.43605541252154684,"rgba(239, 83, 80, 1.0)",0.0,0.0,0.014910374887274392,0.4200125962318909,-2.41527101123572,0.0,0.0,0.0,0.0,0.0,0.0,0.0,0.0,31.57834034729878,-16.21244006323164,False,True,False,True,True,0.0,0,0.9351327579572315,1.0091803639162222,False,False,False,False,-0.30493409670668653,-0.31275210605828363,False,False,False,False,1177392.0,1563485.3534653191,False,False,False,False,55603.61863415919,False,False,False,False
2025-06-19 14:00:00+00:00,0.384,0.384,0.384,0.384,0.0,,,,,,,,,,,,,,,,,,,,,,,,,0.4058883821011353,0.41081192484156626,0.43605541252154684,"rgba(239, 83, 80, 1.0)",0.0,0.0,0.015160838361370478,0.4200125962318909,-2.3753697106652294,0.0,0.0,0.0,0.0,0.0,0.0,0.0,0.0,32.696292265483734,-16.21244006323164,False,True,False,True,True,0.0,0,0.9421766823594572,1.0096372196067571,False,False,False,False,-0.30838188520046933,-0.3105669956293765,False,False,False,False,1177392.0,1557499.4100007406,False,False,False,False,54741.54702742804,False,False,False,False
2025-06-19 15:00:00+00:00,0.384,0.384,0.384,0.384,0.0,,,,,,,,,,,,,,,,,,,,,,,,,0.4058883821011353,0.41081192484156626,0.43605541252154684,"rgba(239, 83, 80, 1.0)",0.0,0.0,0.015398967790368003,0.4200125962318909,-2.3386370256853612,0.0,0.0,0.0,0.0,0.0,0.0,0.0,0.0,33.4415935442737,-16.21244006323164,False,True,False,True,True,0.0,0,0.9419560476430131,1.011407481966113,False,False,False,False,-0.30838188520046933,-0.3094744404149229,False,False,False,False,1177392.0,1551606.2718611942,False,False,False,False,53892.840871964036,False,False,False,False
2025-06-19 16:00:00+00:00,0.384,0.384,0.384,0.384,0.0,,,,,,,,,,,,,,,,,,,,,,,,,0.4058883821011353,0.41081192484156626,0.43605541252154684,"rgba(239, 83, 80, 1.0)",0.0,0.0,0.01562716138563733,0.4200125962318909,-2.304487382141551,0.0,0.0,0.0,0.0,0.0,0.0,0.0,0.0,33.93846106346702,-19.68642323631094,False,True,False,True,True,0.0,0,0.9440287851961849,1.0198754926038038,False,False,False,False,-0.30838188520046933,-0.3089281628076961,False,False,False,False,1177392.0,1545804.5002044314,False,False,False,False,53057.292951468466,False,False,False,False
2025-06-19 17:00:00+00:00,0.384,0.384,0.384,0.384,0.0,,,,,,,,,,,,,,,,,,,,,,,,,0.4058883821011353,0.41081192484156626,0.43605541252154684,"rgba(239, 83, 80, 1.0)",0.0,0.0,0.015843137941064605,0.4200125962318909,-2.2730721884676703,0.0,0.0,0.0,0.0,0.0,0.0,0.0,0.0,34.26970607626256,-19.085392050011798,False,True,False,True,True,0.0,1,0.9417234607831811,1.01143583227446,False,False,False,False,-0.30838188520046933,-0.30865502400408273,False,False,False,False,1177392.0,1540092.6784958355,False,False,False,False,52234.69926229841,False,False,False,False
2025-06-19 18:00:00+00:00,0.384,0.384,0.384,0.384,0.0,,,,,,,,,,,,,,,,,,,,,,,,,0.4058883821011353,0.41081192484156626,0.43605541252154684,"rgba(239, 83, 80, 1.0)",0.0,0.0,0.016054934185834962,0.4200125962318909,-2.243085883445371,0.0,0.0,0.0,0.0,0.0,0.0,0.0,0.0,34.49053608479292,-18.579777966241192,False,True,False,True,True,0.0,1,0.9408995815899581,1.0067991631799162,False,False,False,False,-0.30838188520046933,-0.308518454602276,False,False,False,False,1177392.0,1534469.4121625666,False,False,False,False,51424.858963658124,False,False,False,False
2025-06-19 19:00:00+00:00,0.384,0.384,0.384,0.384,0.0,,,,,,,,,,,,,,,,,,,,,,,,,0.4058883821011353,0.41081192484156626,0.43605541252154684,"rgba(239, 83, 80, 1.0)",0.0,0.0,0.016246898747721013,0.4200125962318909,-2.2165827947282843,0.0,0.0,0.0,0.0,0.0,0.0,0.0,0.0,34.637756090479826,-18.14220559092786,False,True,False,True,True,0.0,1,0.9443600233781413,1.0025715955581531,False,False,False,False,-0.30838188520046933,-0.30845016990137264,False,False,False,False,1177392.0,1528933.3282530692,False,False,False,False,50627.574328562645,False,False,False,False
2025-06-20 14:00:00+00:00,0.3741,0.3882,0.3707,0.3741,140206.0,,,,,,,,,,,,,,,,,,,,,,,,,0.4040919058878652,0.4099230319441819,0.4353415346960969,"rgba(239, 83, 80, 1.0)",0.0,0.0,0.016636228457708676,0.4191193964516205,-2.706105928159457,0.0,0.0,0.0,0.0,0.0,0.0,0.0,0.0,30.204143453067868,-16.869557585600475,False,True,False,True,False,0.0,1,0.9403977372135068,0.9987752959701406,False,False,False,False,-0.34282825441539394,-0.3256392121583833,False,False,False,False,1037186.0,1521309.3386677501,False,False,False,False,52016.3871296702,False,False,False,False
2025-06-20 15:00:00+00:00,0.3745,0.376,0.3673,0.3759,185407.0,,,,,,,,,,,,,,,,,,,,,,,,,0.40168304224241697,0.4086607247365493,0.43435069908673235,"rgba(239, 83, 80, 1.0)",0.0,0.0,0.016959834692371587,0.4178468036423356,-2.4733026237102993,0.0,0.0,0.0,0.0,0.0,0.0,0.0,0.0,29.18186523473735,-17.81300408139986,False,True,False,True,False,0.0,1,0.9432403936269915,1.0022258669165887,False,False,False,False,-0.34282825441539394,-0.33423373328688866,False,False,False,False,1222593.0,1516678.0776031339,False,False,False,False,54084.45864703965,False,False,False,False
2025-06-20 16:00:00+00:00,0.3729,0.3759,0.3702,0.3755,147194.0,,,,,,,,,,,,,,,,,,,,,,,,,0.4000679980198527,0.4077397013747405,0.4335962288663943,"rgba(239, 83, 80, 1.0)",0.0,0.0,0.017288286718395062,0.4169500164191316,-2.3975780303914096,0.0,0.0,0.0,0.0,0.0,0.0,0.0,0.0,28.33661244804488,-18.643484514357674,False,True,False,True,False,0.0,1,0.9407647058823531,1.0050000000000001,False,False,False,False,-0.3316471207622839,-0.33294042702458626,False,False,False,False,1075399.0,1509836.5415162635,False,False,False,False,55528.01742770571,False,False,False,False
2025-06-20 17:00:00+00:00,0.3732,0.3764,0.3684,0.3705,63722.0,,,,,,,,,,,,,,,,,,,,,,,,,0.39937407887812487,0.40733213960322706,0.43326413725216684,"rgba(239, 83, 80, 1.0)",0.0,0.0,0.017723945425362205,0.4165525741074352,-2.5983252036838214,0.0,0.0,0.0,0.0,0.0,0.0,0.0,0.0,25.970989951516426,-20.883886576347003,False,True,False,True,False,0.0,0,0.9386539255588982,1.0061935940541498,False,False,False,False,-0.3368282608963649,-0.3348843439604756,False,False,False,False,1011677.0,1502113.1377718253,False,False,False,False,55655.05591719864,False,False,False,False
2025-06-20 18:00:00+00:00,0.3705,0.3747,0.3683,0.3686,41344.0,,,,,,,,,,,,,,,,,,,,,,,,,0.39892245484075695,0.40706360984682743,0.4330462886076555,"rgba(239, 83, 80, 1.0)",0.0,0.0,0.01819071142044086,0.41629046910967304,-2.6216934570290302,0.0,0.0,0.0,0.0,0.0,0.0,0.0,0.0,23.82882714705749,-22.857496961140466,False,True,False,True,False,0.0,0,0.9357142857142858,1.0070838252656436,False,False,False,False,-0.34282825441539394,-0.3388562991879348,False,False,False,False,970333.0,1493868.4844730373,False,False,False,False,55433.179081273076,False,False,False,False
2025-06-20 19:00:00+00:00,0.3699,0.3839,0.3603,0.3691,190546.0,,,,,,,,,,,,,,,,,,,,,,,,,0.39704966250137913,0.4058934543425322,0.4320704439021992,"rgba(239, 83, 80, 1.0)",0.0,0.0,0.01862733513990096,0.4151621059209435,-2.472823169551263,0.0,0.0,0.0,0.0,0.0,0.0,0.0,0.0,23.019793862595847,-23.61030040424212,False,True,False,True,False,0.0,0,0.9353799285253969,0.9995313140781533,False,False,False,False,-0.3380341492058479,-0.3384452241968914,False,False,False,False,1160879.0,1488705.8568067886,False,False,False,False,57527.95149861768,False,False,False,False
2025-06-23 14:00:00+00:00,0.362,0.3678,0.3584,0.3597,39592.0,,,,,,,,,,,,,,,,,,,,,,,,,0.39656575051268084,0.4055984753263642,0.43184172859643194,"rgba(239, 83, 80, 1.0)",0.0,0.0,0.019298966036807867,0.4148709740741411,-2.8587528455626314,0.0,0.0,0.0,0.0,0.0,0.0,0.0,0.0,20.140100598692012,-26.300833472611664,False,True,False,True,False,0.0,0,0.9314419420883298,1.008832992102954,False,False,False,False,-0.34282825441539394,-0.3406367393061427,False,False,False,False,1121287.0,1483009.4404221873,False,False,False,False,57249.874731197255,False,False,False,False
2025-06-23 15:00:00+00:00,0.3635,0.3661,0.3575,0.3611,110605.0,,,,,,,,,,,,,,,,,,,,,,,,,0.3952671569426637,0.4047876567163565,0.4312070088265071,"rgba(239, 83, 80, 1.0)",0.0,0.0,0.01988967652909933,0.4140761455198783,-2.6634996020358748,0.0,0.0,0.0,0.0,0.0,0.0,0.0,0.0,19.707319085858785,-26.711636946167474,False,True,False,True,False,0.0,0,0.930147922047429,1.0141465132660248,False,False,False,False,-0.34282825441539394,-0.34173249686076834,False,False,False,False,1231892.0,1479116.146772231,False,False,False,False,58077.08597567482,False,False,False,False
2025-06-23 16:00:00+00:00,0.3611,0.3615,0.3512,0.3519,29393.0,,,,,,,,,,,,,,,,,,,,,,,,0.3548666666666666,0.39487268955357707,0.4045445541981266,0.43102421442314587,"rgba(239, 83, 80, 1.0)",0.0,0.0,0.02070745846394016,0.4097239108785301,-2.7924195033023644,1.0,0.3615,0.3512,0.0,0.0,0.0,0.0,0.0,17.67230352048055,-28.672326768589286,False,True,False,True,False,0.0,0,0.9301351271611495,1.015636985897209,True,False,False,False,-0.34282825441539394,-0.3422803756380811,False,False,False,False,1202499.0,1474827.5088377777,True,False,False,False,57632.37146442404,True,False,False,False
2025-06-23 17:00:00+00:00,0.3519,0.3634,0.3519,0.3618,48552.0,,,,,,,,,,,,,,,,,,,,,,,,0.3574620865139949,0.3943038374776623,0.40418138542816634,0.43074059553912586,"rgba(239, 83, 80, 1.0)",0.0,0.0,0.021206712943632817,0.4095118679088626,-2.2498473967031183,0.0,0.0,0.0,0.0,0.0,0.0,0.0,0.0,23.568887253387203,-30.57749451788853,False,True,False,True,True,0.0,0,0.933701985967416,1.0140325841360447,False,False,False,False,-0.33391416779269284,-0.33809727171538695,False,False,False,False,1251051.0,1471358.1055999827,False,False,False,False,57491.59051148723,False,False,False,False
2025-06-23 18:00:00+00:00,0.3632,0.364,0.3541,0.3597,105295.0,,,,,,,,,,,,,,,,,,,,,,,,0.3584990504256712,0.3931379116267104,0.4034173248099069,0.4301350997739309,"rgba(239, 83, 80, 1.0)",0.0,0.0,0.021731199641013985,0.4088497404231105,-2.261713169775893,0.0,0.0,0.0,0.0,0.0,0.0,0.0,0.0,26.831664655978734,-27.789387303326286,False,True,False,True,True,0.0,0,0.9341199017787627,1.012756782655567,False,False,False,False,-0.32437123931211614,-0.3312342555137515,False,False,False,False,1145756.0,1466310.010939518,False,False,False,False,58232.72864309208,False,False,False,False
2025-06-23 19:00:00+00:00,0.3597,0.3666,0.3552,0.36,43899.0,,,,,,,,,,,,,,,,,,,,,,,,0.3589050995205579,0.39269267114344164,0.40311579082234916,0.4298903720191293,"rgba(239, 83, 80, 1.0)",0.0,0.0,0.022224085384351337,0.40859073929329215,-2.1863999554063267,0.0,0.0,0.0,0.0,0.0,0.0,0.0,0.0,29.207429914940615,-25.770145412227137,False,True,False,True,True,0.0,0,0.9312315745141687,1.012694783707358,False,False,False,False,-0.3118476260672861,-0.3215409407905188,False,False,False,False,1189655.0,1462020.7859637113,False,False,False,False,58010.50029203639,False,False,False,False
2025-06-24 14:00:00+00:00,0.3676,0.3811,0.3626,0.3745,91132.0,,,,,,,,,,,,,,,,,,,,,,,,0.3628646013407861,0.3921413527741448,0.4026780140623947,0.42947579654824697,"rgba(239, 83, 80, 1.0)",0.0,0.0,0.022416176189411115,0.40840099274004976,-1.5123450339431135,0.0,0.0,0.0,0.0,0.0,0.0,0.0,0.0,38.040292216255004,-17.849641283389623,False,False,False,True,True,0.0,0,0.9338619571093891,1.0024629062293506,False,False,False,False,-0.2394900427059521,-0.2805154917482354,False,False,False,False,1280787.0,1459210.959824739,False,False,False,False,58524.01191541567,False,False,False,False
2025-06-24 15:00:00+00:00,0.375,0.3777,0.3657,0.369,100959.0,,,,,,,,,,,,,,,,,,,,,,,,0.36477560464025316,0.39150768443109096,0.4021771527644199,0.42900807085471276,"rgba(239, 83, 80, 1.0)",0.0,0.0,0.0226682500506794,0.4080481176529392,-1.7225907410426182,0.0,0.0,0.0,0.0,0.0,0.0,0.0,0.0,41.6410975550112,-14.957228368908467,True,False,False,True,True,0.0,1,0.9353598462092995,1.001021266370299,False,False,False,False,-0.24046322271052442,-0.26048935722937994,False,False,False,False,1179828.0,1454879.4410677664,False,False,False,False,59181.91870742473,False,False,False,False
2025-06-24 16:00:00+00:00,0.3687,0.3777,0.3684,0.3777,30532.0,,,,,,,,,,,,,,,,,,,,,,,,0.365442531679718,0.39135721368048526,0.4020467378787466,0.42887722496565917,"rgba(38, 166, 154, 1.0)",0.0,0.0,0.022767641412655408,0.40796648360434373,-1.3293640327416658,0.0,0.0,0.0,0.0,0.0,0.0,0.0,0.0,47.10807019606963,-10.226391106535111,True,False,False,False,True,0.0,0,0.9318358324870063,0.9992831112969711,False,False,False,False,-0.23172044139779432,-0.24610489931358714,False,False,False,False,1210360.0,1451088.4419814444,False,False,False,False,58737.73392126311,False,False,False,False
2025-06-24 17:00:00+00:00,0.3777,0.38,0.3743,0.375,41790.0,,,,,,,,,,,,,,,,,,,,,,,,0.36637693048412645,0.39117761273301715,0.4018820126547695,0.4287051643053533,"rgba(38, 166, 154, 1.0)",0.0,0.0,0.022934962884693925,0.40786906353527047,-1.4331422161230638,0.0,0.0,0.0,0.0,0.0,0.0,0.0,0.0,49.60978477874154,-8.152596172384655,True,False,False,False,True,0.0,0,0.9355798999761848,0.9979161705167897,False,False,False,False,-0.20537451512961738,-0.22573970722160225,False,False,False,False,1168570.0,1446708.3110980112,False,False,False,False,58474.978356592364,False,False,False,False
2025-06-24 18:00:00+00:00,0.375,0.3818,0.3746,0.3797,44060.0,,,,,,,,,,,,,,,,,,,,,,,,0.3673906389948943,0.3910212782606008,0.4017258844948588,0.42853278941881373,"rgba(38, 166, 154, 1.0)",0.0,0.0,0.023040581120669316,0.4077845052719081,-1.2189147975401544,0.0,0.0,0.0,0.0,0.0,0.0,0.0,0.0,52.84633852093569,-5.203071141418604,True,False,True,False,True,0.0,0,0.9360327246857957,0.9968579558928149,False,False,False,False,-0.19867374885114028,-0.21220672803637125,False,False,False,False,1212630.0,1443079.1899957163,False,False,False,False,58251.49032005605,False,False,False,False
2025-06-24 19:00:00+00:00,0.3796,0.3862,0.3749,0.3826,70070.0,,,,,,,,,,,,,,,,,,,,,,,,0.3689920694357765,0.39083005799831366,0.40150872096446616,0.42827490294519877,"rgba(38, 166, 154, 1.0)",0.0,0.0,0.023109542274651576,0.40767859259050565,-1.085205076433465,0.0,0.0,0.0,0.0,0.0,0.0,0.0,0.0,55.914533817529446,-2.303417363176038,True,False,True,False,True,0.0,0,0.9366350627171546,0.9942877333490374,False,False,False,False,-0.18373944876957432,-0.19797308840297279,False,False,False,False,1282700.0,1440592.6909260151,False,False,False,False,58434.72302827224,False,False,False,False
2025-06-25 14:00:00+00:00,0.3763,0.4,0.3755,0.3775,13060.0,,,,,,,,,,,,,,,,,,,,,,,,0.36931588276427546,0.39080648746549257,0.4014748637271376,0.428230294413135,"rgba(38, 166, 154, 1.0)",0.0,0.0,0.023233923086335328,0.4076664023938446,-1.2983774751146744,0.0,0.0,0.0,0.0,0.0,0.0,0.0,0.0,55.534542199765866,-2.303417363176038,True,False,True,False,True,0.0,0,0.937884593057007,0.9863578311854174,False,False,False,False,-0.13845476174132632,-0.16821392507214955,False,False,False,False,1269640.0,1437942.2616093326,False,False,False,False,57731.238950314524,False,False,False,False
2025-06-25 15:00:00+00:00,0.3793,0.3835,0.3765,0.3772,38117.0,,,,,,,,,,,,,,,,,,,,,,,,0.36988171291961697,0.39068347831433337,0.40134667910293775,0.4280850575194584,"rgba(38, 166, 154, 1.0)",0.0,0.0,0.02335748235537694,0.4075824397560955,-1.300758330621254,0.0,0.0,0.0,0.0,0.0,0.0,0.0,0.0,55.14061931612114,-2.303417363176038,True,False,True,False,True,0.0,0,0.9387141535615173,0.9959528214616097,False,False,False,False,-0.18722721616778829,-0.17772057061996893,False,False,False,False,1231523.0,1434741.9629797305,False,False,False,False,57427.14222240267,False,False,False,False
2025-06-25 16:00:00+00:00,0.3772,0.3822,0.3767,0.378,54000.0,,,,,,,,,,,,,,,,,,,,,,,,0.37057184626862244,0.39051209791089314,0.4011667675652662,0.427880347817537,"rgba(38, 166, 154, 1.0)",0.0,0.0,0.023447872567200847,0.4074586347698447,-1.2563457382078982,0.0,0.0,0.0,0.0,0.0,0.0,0.0,0.0,55.22156871955808,-1.8617616977632423,True,False,True,False,True,0.0,0,0.9384847956276526,1.0047095761381475,False,False,False,False,-0.19071949197490953,-0.18422003129743925,False,False,False,False,1285523.0,1432428.4906854709,False,False,False,False,57374.00823445844,False,False,False,False
2025-06-25 17:00:00+00:00,0.377,0.3854,0.3765,0.3825,45577.0,,,,,,,,,,,,,,,,,,,,,,,,0.3712282841289063,0.39040179060722074,0.40103400293937813,0.4277176554076414,"rgba(38, 166, 154, 1.0)",0.0,0.0,0.02350475336246675,0.407375679380772,-1.058325479836534,0.0,0.0,0.0,0.0,0.0,0.0,0.0,0.0,57.13488842478377,0.49730728728971485,True,False,True,False,True,0.0,0,0.939475690575333,1.0070377103982173,False,False,False,False,-0.18120566902277271,-0.18271285016010597,False,False,False,False,1331100.0,1430857.5063337581,False,False,False,False,57191.10888198621,False,False,False,False
2025-06-25 18:00:00+00:00,0.3826,0.3901,0.3777,0.3835,26904.0,,,,,,,,,,,,,,,,,,,,,,,,0.37165891788155,0.3903543685870342,0.4009655824596927,0.4276269019138255,"rgba(38, 166, 154, 1.0)",0.0,0.0,0.02355297628520975,0.4073381892728203,-1.0121094244802356,0.0,0.0,0.0,0.0,0.0,0.0,0.0,0.0,58.80483103037379,2.551038416909954,True,False,True,False,True,0.0,0,0.9401040144919067,0.994331794542161,False,False,False,False,-0.16258774149930255,-0.17265029582970426,False,False,False,False,1358004.0,1429727.9946076532,False,False,False,False,56721.54130242053,False,False,False,False
2025-06-25 19:00:00+00:00,0.3888,0.3968,0.381,0.3957,66027.0,,,,,,,,,,,,,,,,,,,,,,,,0.37317538617974727,0.3903683708926524,0.4008712110097908,0.4274430688510844,"rgba(38, 166, 154, 1.0)",0.0,0.0,0.023545123402432973,0.4073392911350281,-0.49433978051800653,0.0,0.0,0.0,0.0,0.0,0.0,0.0,0.0,63.62511500143008,7.385070350778506,True,False,True,False,True,0.0,0,0.9424026011728502,0.9896649828717414,False,False,False,False,-0.13127842213692542,-0.15196435898331484,False,False,False,False,1424031.0,1429639.6691098602,False,False,False,False,56865.811979902384,False,False,False,False
2025-06-26 14:00:00+00:00,0.4087,0.4251,0.3906,0.4175,62422.0,,,,,,,,,,,,,,,,,,,,,,,,0.37576946168466613,0.3907002762819108,0.40096320278703074,0.4273653773484552,"rgba(38, 166, 154, 1.0)",0.0,0.0,0.02366274617952274,0.4064743843163369,0.4659482716002086,0.0,0.0,0.0,0.0,0.0,0.0,0.0,0.0,70.14737702877423,13.513506657614151,True,False,True,False,True,6.14341503647006,0,0.9514652014652016,0.9736149267399269,False,False,False,False,-0.014402402984780934,-0.08318338098404789,False,False,False,False,1486453.0,1430520.4959453663,False,False,False,False,56951.95442982638,False,False,False,False
2025-06-26 15:00:00+00:00,0.4176,0.4178,0.3881,0.4008,109168.0,,,,,,,,,,,,,,,,,,,,,,,,0.3785991674804457,0.3910148845977937,0.4009829337760574,0.4271585766001413,"rgba(38, 166, 154, 1.0)",0.0,0.0,0.02364859038139035,0.4063817434001846,-0.23602858818075875,0.0,0.0,0.0,0.0,0.0,0.0,0.0,0.0,67.77324071648965,13.513506657614151,True,False,True,False,True,0.8967040165450477,0,0.9502513136851725,0.9871487320082248,False,False,False,False,-0.044458502983597624,-0.06382094198382275,False,False,False,False,1377285.0,1429695.1394190816,False,False,False,False,57761.505523937594,False,False,False,False
2025-06-26 16:00:00+00:00,0.4008,0.4082,0.3977,0.405,10162.0,,,,,,,,,,,,,,,,,,,,,,,,0.3788458870088387,0.39104684514209087,0.4009867608611786,0.42714057091184976,"rgba(38, 166, 154, 1.0)",0.0,0.0,0.023633470844205372,0.40639486276384973,-0.059020648005737385,0.0,0.0,0.0,0.0,0.0,0.0,0.0,0.0,66.98156501350627,13.513506657614151,True,False,True,False,False,2.106273330515741,0,0.9502977553825012,0.9933577645442052,False,False,False,False,-0.044458502983597624,-0.054139722483710184,False,False,False,False,1387447.0,1429040.1295056075,False,False,False,False,57023.5286941091,False,False,False,False
2025-06-26 17:00:00+00:00,0.4034,0.4086,0.4023,0.4086,12001.0,,,,,,,,,,,,,,,,,,,,,,,,0.37916404504435414,0.39109293087255587,0.40099614645781034,0.42712193102895063,"rgba(38, 166, 154, 1.0)",0.0,0.0,0.023601231071871426,0.4064257364476826,0.09212500592432099,0.0,0.0,0.0,0.0,0.0,0.0,0.0,0.0,67.12603994176467,13.513506657614151,True,False,True,False,False,3.132289441163998,0,0.9489454880719144,1.0000000000000002,False,False,False,False,-0.019302790802377953,-0.03672125664304407,False,False,False,False,1399448.0,1428581.3368000942,False,False,False,False,56325.50499342524,False,False,False,False
2025-06-26 18:00:00+00:00,0.4087,0.41,0.404,0.4099,40513.0,,,,,,,,,,,,,,,,,,,,,,,,0.3802408677415079,0.391261115806112,0.4010359762940113,0.4270637120449125,"rgba(38, 166, 154, 1.0)",0.0,0.0,0.023600482664169035,0.40654701190651793,0.1420728610170615,0.0,0.0,0.0,0.0,0.0,0.0,0.0,0.0,67.47359473039788,13.513506657614151,True,False,True,False,False,3.503111825532798,0,0.9506280025467384,0.9961798923424208,False,False,False,False,-0.005289339963196083,-0.021005298303120076,False,False,False,False,1439961.0,1428757.7656869146,False,False,False,False,56080.3498772481,False,False,False,False
2025-06-26 19:00:00+00:00,0.4098,0.413,0.4015,0.4129,43788.0,,,,,,,,,,,,,,,,,,,,,,,,0.38136302466721256,0.3914516010591322,0.40108567823967944,0.4270050033650099,"rgba(38, 166, 154, 1.0)",0.0,0.0,0.02364152538484528,0.40668300267576213,0.26296938217967475,0.0,0.0,0.0,0.0,0.0,0.0,0.0,0.0,68.30636893949742,13.513506657614151,True,False,True,False,False,4.361386162710865,0,0.9499768679157993,0.9915567892667131,False,False,False,False,-0.00368658912814822,-0.012345943715634147,False,False,False,False,1483749.0,1429610.3429630864,False,False,False,False,55889.77080938379,False,False,False,False
2025-06-27 14:00:00+00:00,0.4069,0.4249,0.4029,0.4114,19950.0,,,,,,,,,,,,,,,,,,,,,,,,0.38191427413916984,0.39155605467404814,0.40111908987421224,0.42698424160284965,"rgba(38, 166, 154, 1.0)",0.0,0.0,0.02365251814108121,0.40676724534259706,0.19586729115985588,0.0,0.0,0.0,0.0,0.0,0.0,0.0,0.0,68.14128253790632,13.513506657614151,True,False,True,False,False,3.878282465435081,0,0.9521596971261401,0.9826191705386338,False,False,False,False,0.03896544047360231,0.01330974837898408,False,False,False,False,1463799.0,1430140.399661333,False,False,False,False,55332.565060401095,False,False,False,False
2025-06-27 15:00:00+00:00,0.4114,0.4141,0.402,0.4083,44551.0,,,,,,,,,,,,,,,,,,,,,,,,0.38289427560416434,0.39173303831839246,0.4011625013197437,0.4269217447886629,"rgba(38, 166, 154, 1.0)",0.0,0.0,0.023609079639858952,0.40687140335629335,0.060510475863479386,0.0,0.0,0.0,0.0,0.0,0.0,0.0,0.0,66.5170301599802,13.513506657614151,True,False,True,False,False,2.8785283246971645,0,0.9526654411764706,0.9915556066176471,False,False,False,False,0.0014421268451779651,0.007375937612081022,False,False,False,False,1419248.0,1429971.5252479792,False,False,False,False,55165.409012953016,False,False,False,False
2025-06-27 16:00:00+00:00,0.4083,0.4123,0.4002,0.4055,16364.0,,,,,,,,,,,,,,,,,,,,,,,,0.3832071999234178,0.3917887676264225,0.4011734734290894,0.4268962983520929,"rgba(38, 166, 154, 1.0)",0.0,0.0,0.023489447736264803,0.40689702075031364,-0.05947439744003808,0.0,0.0,0.0,0.0,0.0,0.0,0.0,0.0,64.09013711781986,13.513506657614151,True,False,True,False,False,1.9792795185733105,0,0.9547287178896441,0.9905540836309181,False,False,False,False,-0.010097788461292523,-0.0013609254246057505,False,False,False,False,1402884.0,1429551.5636162276,False,False,False,False,54563.836780194055,False,False,False,False
2025-06-27 17:00:00+00:00,0.4082,0.4099,0.3995,0.4041,7841.0,,,,,,,,,,,,,,,,,,,,,,,,0.3833444856225269,0.3918125146777899,0.4011770847868205,0.42688325364676993,"rgba(38, 166, 154, 1.0)",0.0,0.0,0.02279226990817999,0.40690555510746707,-0.12309239574510987,0.0,0.0,0.0,0.0,0.0,0.0,0.0,0.0,61.788855883648964,16.383305100580102,True,False,True,False,False,1.5284328318962253,0,0.953718148725949,0.9919107875426129,False,False,False,False,-0.020036979224862694,-0.010698952324734223,False,False,False,False,1395043.0,1429016.5471260534,False,False,False,False,53839.45171383446,False,False,False,False
2025-06-27 18:00:00+00:00,0.4041,0.4095,0.3954,0.3996,15078.0,,,,,,,,,,,,,,,,,,,,,,,,0.3835668278366858,0.39184719219355746,0.4011777575072355,0.4268548554050223,"rgba(38, 166, 154, 1.0)",0.0,0.0,0.02209005303848321,0.4069083643238738,-0.3308441274967438,0.0,0.0,0.0,0.0,0.0,0.0,0.0,0.0,58.1344684056629,12.865680871278684,True,False,True,False,False,0.08607555869579997,0,0.9515263431242426,0.9897282012810896,False,False,False,False,-0.034472410635806146,-0.022585681480270185,False,False,False,False,1379965.0,1428256.0580233238,False,False,False,False,53238.49897408509,False,False,False,False
2025-06-27 19:00:00+00:00,0.3996,0.4096,0.3961,0.4019,28411.0,,,,,,,,,,,,,,,,,,,,,,,,0.38399462280568053,0.3919187869376667,0.40118305793885795,0.4268036915652619,"rgba(38, 166, 154, 1.0)",0.0,0.0,0.021498188316708407,0.4069232705153767,-0.23366017830779817,0.0,0.0,0.0,0.0,0.0,0.0,0.0,0.0,56.68350840227539,11.458096848763468,True,False,True,False,False,0.8152873696615011,1,0.9480728358894825,0.9901200528462291,False,False,False,False,-0.031905234431882916,-0.027245457956076552,False,False,False,False,1408376.0,1427947.840069474,False,False,False,False,52853.576509370585,False,False,False,False
2025-06-30 14:00:00+00:00,0.4049,0.4068,0.3961,0.4005,43923.0,,,,,,,,,,,,,,,,,,,,,,,,0.3845721149885044,0.392013250537459,0.4011827591620686,0.4267204769400013,"rgba(38, 166, 154, 1.0)",0.0,0.0,0.020894402026279475,0.40693035686828666,-0.3077550082648451,0.0,0.0,0.0,0.0,0.0,0.0,0.0,0.0,55.00744490382553,9.78641679005733,True,False,True,False,False,0.35966584430640225,1,0.9480318569873374,0.992379533604538,False,False,False,False,-0.04089241295222456,-0.03406893545415056,False,False,False,False,1364453.0,1426963.4239443657,False,False,False,False,52715.117958837705,False,False,False,False
2025-06-30 15:00:00+00:00,0.4005,0.4066,0.397,0.4051,61610.0,,,,,,,,,,,,,,,,,,,,,,,,0.3853992635236155,0.39216757949556424,0.4011971114437695,0.42661265500323103,"rgba(38, 166, 154, 1.0)",0.0,0.0,0.020557054684391254,0.4069713338766913,-0.09103122531031593,0.0,0.0,0.0,0.0,0.0,0.0,0.0,0.0,55.94481092353207,9.78641679005733,True,False,True,False,False,1.8338820512615257,1,0.9481519802264758,0.9978157153532221,False,False,False,False,0.00591234670319121,-0.014078294375479675,False,False,False,False,1426063.0,1426949.4638832128,False,False,False,False,52853.023106762696,False,False,False,False
2025-06-30 16:00:00+00:00,0.4065,0.4132,0.4016,0.4125,121670.0,,,,,,,,,,,,,,,,,,,,,,,,0.3873387521951227,0.3926286947716691,0.401325432602922,0.4264574963300181,"rgba(38, 166, 154, 1.0)",0.0,0.0,0.020343647480050065,0.4072242136818468,0.25933335324094947,0.0,0.0,0.0,0.0,0.0,0.0,0.0,0.0,59.20589307357754,9.78641679005733,True,False,True,False,True,4.131555569073836,1,0.9643229468319241,0.9917757442372294,False,False,False,False,0.04733613314150527,0.016628919383012798,False,False,False,False,1547733.0,1428822.0768462638,False,False,False,False,53919.95298107645,False,False,False,False
2025-06-30 17:00:00+00:00,0.4125,0.4136,0.4042,0.4097,15341.0,,,,,,,,,,,,,,,,,,,,,,,,0.3875616725470879,0.3926852866618159,0.4013414532027207,0.4264382022010424,"rgba(38, 166, 154, 1.0)",0.0,0.0,0.020197002542740494,0.4072536133489598,0.12112622384748402,0.0,0.0,0.0,0.0,0.0,0.0,0.0,0.0,59.76058458973167,9.78641679005733,True,False,True,False,True,3.1835865785991757,1,0.9654792933680857,0.9900955690703737,False,False,False,False,0.058453507110064334,0.037541213246538564,False,False,False,False,1532392.0,1430427.8120889573,False,False,False,False,53321.82967904426,False,False,False,False
2025-06-30 18:00:00+00:00,0.405,0.411,0.4037,0.4051,38398.0,,,,,,,,,,,,,,,,,,,,,,,,0.3880361978149044,0.3928034539473199,0.4013682078831107,0.42638294927060544,"rgba(38, 166, 154, 1.0)",0.0,0.0,0.020005957040763404,0.4073026288958748,-0.1100986516859357,0.0,0.0,0.0,0.0,0.0,0.0,0.0,0.0,57.69178629724037,9.78641679005733,True,False,True,False,True,1.644374589878737,1,0.9664153132250582,0.9904872389791184,False,False,False,False,0.046965770501759596,0.04225349187414908,False,False,False,False,1493994.0,1431413.3343821517,False,False,False,False,53090.452474718,False,False,False,False
2025-06-30 19:00:00+00:00,0.4052,0.4228,0.4051,0.4228,64304.0,,,,,,,,,,,,,,,,,,,,,,,,0.3891927196440152,0.39314134311242993,0.40149942795202453,0.4263389237130552,"rgba(38, 166, 154, 1.0)",0.0,0.0,0.019908148270678546,0.40752407960372833,0.7673200032757752,0.0,0.0,0.0,0.0,0.0,0.0,0.0,0.0,61.610821265085335,6.783874607733651,True,False,True,False,True,6.907812379103316,1,0.9674332814571446,0.9820162545391667,False,False,False,False,0.09600447941521506,0.06912898564468206,False,False,False,False,1558298.0,1433380.538500258,False,False,False,False,53264.305924722365,False,False,False,False
2025-07-01 14:00:00+00:00,0.4107,0.4182,0.4102,0.4127,25252.0,,,,,,,,,,,,,,,,,,,,,,,,0.389572360481128,0.3932539298172868,0.4015397718824534,0.4263159231607675,"rgba(38, 166, 154, 1.0)",0.0,0.0,0.01974786867276746,0.40758944524717877,0.2587901933877428,0.0,0.0,0.0,0.0,0.0,0.0,0.0,0.0,60.053840622038265,6.783874607733651,True,False,True,False,True,3.6230207339319946,1,0.9676492558754239,0.9824742860426363,False,False,False,False,0.09786959916067371,0.0834992924026779,False,False,False,False,1533046.0,1434925.7394537423,False,False,False,False,52830.00660806,False,False,False,False
2025-07-01 15:00:00+00:00,0.4128,0.4227,0.4077,0.4199,30847.0,,,,,,,,,,,,,,,,,,,,,,,,0.39007740711551936,0.39341017875088735,0.40160103170906863,0.42629474196348627,"rgba(38, 166, 154, 1.0)",0.0,0.0,0.019663706449983036,0.40768687072375515,0.6211000610342912,0.0,0.0,0.0,0.0,0.0,0.0,0.0,0.0,60.82751904951911,6.783874607733651,True,False,True,False,True,5.646215587699196,1,0.9721166032953105,0.9809309828321235,False,False,False,False,0.10533700191966318,0.09441814716117053,False,False,False,False,1563893.0,1436925.231865312,False,False,False,False,52489.1848001831,False,False,False,False
2025-07-01 16:00:00+00:00,0.417,0.4231,0.4163,0.4164,12506.0,,,,,,,,,,,,,,,,,,,,,,,,0.39029055953896913,0.3934778611867677,0.40162871289470786,0.4262878285882613,"rgba(38, 166, 154, 1.0)",0.0,0.0,0.019544217088985034,0.40773028185765375,0.44359505949370687,0.0,0.0,0.0,0.0,0.0,0.0,0.0,0.0,60.00081079221103,6.783874607733651,True,False,True,False,True,4.5280417965539534,1,0.9866993349667486,0.9715902461789757,False,False,False,False,0.13909797400960042,0.11675806058538547,False,False,False,False,1551387.0,1438699.8329216635,False,False,False,False,51869.290462195764,False,False,False,False
2025-07-01 17:00:00+00:00,0.4163,0.4232,0.4161,0.4224,27960.0,,,,,,,,,,,,,,,,,,,,,,,,0.3907880948168802,0.39363961644891166,0.4016974095620588,0.4262763595352897,"rgba(38, 166, 154, 1.0)",0.0,0.0,0.019608256488588566,0.4078367014303713,0.7427125699882646,0.0,0.0,0.0,0.0,0.0,0.0,0.0,0.0,60.987157598924604,6.783874607733651,True,False,True,False,True,6.19679126042249,0,0.9876832844574781,0.9723167155425221,False,False,False,False,0.13872125695496992,0.1277396587701777,False,False,False,False,1579347.0,1440880.409155436,False,False,False,False,51498.60378836327,False,False,False,False
2025-07-01 18:00:00+00:00,0.4224,0.4232,0.4175,0.42,33357.0,,,,,,,,,,,,,,,,,,,,,,,,0.3913542775930606,0.3938277275890748,0.4017772809531993,0.42626194136386497,"rgba(38, 166, 154, 1.0)",0.0,0.0,0.01956024954242443,0.40795765157592295,0.6156541304832669,0.0,0.0,0.0,0.0,0.0,0.0,0.0,0.0,60.648570247313216,6.783874607733651,True,False,True,False,True,5.419524286071745,0,0.9880503885095362,0.9700376736519897,False,False,False,False,0.14399890705200483,0.13586928291109127,False,False,False,False,1545990.0,1442510.0152150416,False,False,False,False,51217.33861334988,False,False,False,False
2025-07-01 19:00:00+00:00,0.42,0.4274,0.4165,0.4235,156482.0,,,,,,,,,,,,,,,,,,,,,,,,0.3939284944758344,0.39474752597025875,0.402187211887021,0.4262199323565195,"rgba(38, 166, 154, 1.0)",0.0,0.0,0.019770265506511328,0.4085449552905951,0.7564412680486997,0.0,0.0,0.0,0.0,0.0,0.0,0.0,0.0,61.386837836282886,7.420239914598461,True,False,True,False,True,6.396776355027757,0,0.9886182697411098,0.9675650173969452,False,False,False,False,0.15609257473558122,0.14598092882333624,False,False,False,False,1702472.0,1446540.4335838007,False,False,False,False,52849.34886740647,False,False,False,False
2025-07-02 14:00:00+00:00,0.4317,0.4362,0.4261,0.4342,21181.0,,,,,,,,,,,,,,,,,,,,,,,,0.3943519952186911,0.39490949339940307,0.40226739921013394,0.4262288286606547,"rgba(38, 166, 154, 1.0)",0.0,0.0,0.020066715482859272,0.4086571550030354,1.2728961557651497,0.0,0.0,0.0,0.0,0.0,0.0,0.0,0.0,64.34274031614798,10.40927867148499,True,False,True,False,True,9.276364906677031,0,0.9978615978615978,0.9618651618651618,False,False,False,False,0.2266346631451743,0.1863077959842553,False,False,False,False,1723653.0,1450836.7524429664,False,False,False,False,52358.36671442342,False,False,False,False
2025-07-02 15:00:00+00:00,0.432,0.4435,0.432,0.4392,27984.0,,,,,,,,,,,,,,,,,,,,,,,,0.39498483161730563,0.3951558405983658,0.4023940490501281,0.42625250862978853,"rgba(38, 166, 154, 1.0)",0.0,0.0,0.02055943482589234,0.408833957527338,1.4769881920304213,0.0,0.0,0.0,0.0,0.0,0.0,0.0,0.0,67.25248722237914,13.206596570173275,True,False,True,False,True,10.565983452325767,0,1.0020958083832336,0.9565269461077844,False,False,False,False,0.2786032541400741,0.2324555250621647,False,False,False,False,1751637.0,1455500.322172533,False,False,False,False,51980.46955606027,False,False,False,False
2025-07-02 16:00:00+00:00,0.4391,0.4555,0.4351,0.4504,393045.0,,,,,,,,,,,,,,,,,,,,,,,,0.4037461395788943,0.3989901202758518,0.40449624448925725,0.4268118361543323,"rgba(38, 166, 154, 1.0)",0.0,0.0,0.02150361109418243,0.41154640908502504,1.806840290442492,0.0,0.0,0.0,0.0,0.0,0.0,0.0,0.0,70.92195371964019,16.598997478968997,True,False,True,False,True,13.33179718690587,0,1.0073976063030012,0.94731460876887,False,False,False,False,0.3399272865423787,0.2861914058022717,False,False,False,False,2144682.0,1466185.309425672,False,False,False,False,57268.29173348569,False,False,False,False
2025-07-02 17:00:00+00:00,0.4504,0.4548,0.4442,0.4458,31793.0,,,,,,,,,,,,,,,,,,,,,,,,0.40434456669974256,0.39928315769285716,0.40466247005143735,0.4268585202445336,"rgba(38, 166, 154, 1.0)",0.0,0.0,0.022028834502744482,0.4117453244106685,1.5459136335646226,0.0,0.0,0.0,0.0,0.0,0.0,0.0,0.0,71.23548925826117,16.87677573673693,True,False,True,False,True,11.770824930607532,0,1.0092087725675511,0.9480794862474252,False,False,False,False,0.3428274592928767,0.31450943254757424,False,False,False,False,2112889.0,1476211.723233026,False,False,False,False,56873.32597017583,False,False,False,False
2025-07-02 18:00:00+00:00,0.4458,0.4597,0.4453,0.459,107217.0,,,,,,,,,,,,,,,,,,,,,,,,0.40652673662594385,0.40037201755093715,0.4052947784540162,0.42706108915382857,"rgba(38, 166, 154, 1.0)",0.0,0.0,0.023106576420439943,0.412498865595076,2.012463186185791,0.0,0.0,0.0,0.0,0.0,0.0,0.0,0.0,73.40304298635361,18.97903797313515,True,False,True,False,True,14.881647301612027,0,1.003160517838692,0.9498571689053669,False,False,False,False,0.34282748410165953,0.3286684583246169,False,False,False,False,2220106.0,1487744.9678340643,False,False,False,False,57653.8480481576,False,False,False,False
2025-07-02 19:00:00+00:00,0.459,0.4952,0.4508,0.4696,217423.0,,,,,,,,,,,,,,,,,,,,,,,,0.4118081062221808,0.40311313936471627,0.40695918378830387,0.42771332721295696,"rgba(38, 166, 154, 1.0)",0.0,0.0,0.024419614919006228,0.4144605519475283,2.2579982622721744,0.0,0.0,0.0,0.0,1.0,0.4682,0.4597,0.0,76.02578843977773,21.47468252706129,True,False,True,False,True,17.21137888874545,0,1.0066288444311735,0.9266049567034937,False,False,False,False,0.3428276194759818,0.33574803890029936,False,False,False,False,2437529.0,1502470.3016660942,False,False,False,False,60130.88916369003,False,False,False,False
2025-07-03 14:00:00+00:00,0.478,0.4877,0.4682,0.4774,109306.0,,,,,,,,,,,,,,,,,,,,,,,,0.41438370917084494,0.4045248714819995,0.4078381277680349,0.4280769732779348,"rgba(38, 166, 154, 1.0)",0.0,0.0,0.0260507320711185,0.41546736283642777,2.377385671715333,0.0,0.0,0.0,0.0,0.0,0.0,0.0,0.0,78.49924979059901,23.801497403630393,True,False,True,False,True,18.8453603412372,0,1.0208395533528394,0.9297187555980176,False,False,False,False,0.3428276453225844,0.3392878421114419,False,False,False,False,2546835.0,1518662.002415457,False,False,False,False,60893.29398285762,False,False,False,False
2025-07-03 15:00:00+00:00,0.4774,0.5294,0.4714,0.5191,138920.0,,,,,,,,,,,,,,,,,,,,,,,,0.41874542767208905,0.4069213314087194,0.4093725350205525,0.42879568759973263,"rgba(38, 166, 154, 1.0)",0.0,0.0,0.029536785310630028,0.4172396576608014,3.4485927045872513,0.0,0.0,0.0,0.0,0.0,0.0,0.0,0.0,82.41732036245007,27.421817270253698,True,False,True,False,True,20.0,0,1.0230934791460646,0.9030306555755919,False,False,False,False,0.34282774024880286,0.34105779118012236,False,False,False,False,2685755.0,1536756.467494287,False,False,False,False,62103.010355216415,False,False,False,False
2025-07-03 16:00:00+00:00,0.5294,0.5442,0.4947,0.5433,184066.0,,,,,,,,,,,,,,,,,,,,,,,,0.4251510410551189,0.41055485438863115,0.4117523886142896,0.4299766788435482,"rgba(38, 166, 154, 1.0)",0.0,0.0,0.033873560446121755,0.424638967867804,3.5030575637578645,0.0,0.0,0.0,0.0,0.0,0.0,0.0,0.0,85.71699618190749,30.400785180107462,True,False,True,False,True,20.0,0,1.0380668462993752,0.9001318580519406,False,False,False,False,0.3428278003031627,0.34194279574164255,False,False,False,False,2869821.0,1557424.1346649183,False,False,False,False,63993.90941947662,False,False,False,False
2025-07-03 17:00:00+00:00,0.5433,0.5433,0.5433,0.5433,0.0,,,,,,,,,,,,,,,,,,,,,,,,0.4251510410551189,0.41055485438863115,0.4117523886142896,0.4299766788435482,"rgba(38, 166, 154, 1.0)",0.0,0.0,0.03771036505302228,0.424638967867804,3.146642361201062,0.0,0.0,0.0,0.0,0.0,0.0,0.0,0.0,87.91678006154577,32.38798604970758,True,False,True,False,True,20.0,0,1.0608474771966285,0.8984528345456645,False,False,False,False,0.34282785823613676,0.3423853269888897,False,False,False,False,2869821.0,1577771.3728871676,False,False,False,False,63001.75578506613,False,False,False,False
2025-07-03 18:00:00+00:00,0.5433,0.5433,0.5433,0.5433,0.0,,,,,,,,,,,,,,,,,,,,,,,,0.4251510410551189,0.41055485438863115,0.4117523886142896,0.4299766788435482,"rgba(38, 166, 154, 1.0)",0.0,0.0,0.041101796282613165,0.424638967867804,2.8870035585863647,0.0,0.0,0.0,0.0,0.0,0.0,0.0,0.0,89.38330264797128,33.79295501153965,True,False,True,False,True,20.0,0,1.0641711229946524,0.8946756568239944,False,False,False,False,0.34282785823613676,0.34260659261251325,False,False,False,False,2869821.0,1597803.1500517076,False,False,False,False,62024.98437754573,False,False,False,False
2025-07-03 19:00:00+00:00,0.5433,0.5433,0.5433,0.5433,0.0,,,,,,,,,,,,,,,,,,,,,,,,0.4251510410551189,0.41055485438863115,0.4117523886142896,0.4299766788435482,"rgba(38, 166, 154, 1.0)",0.0,0.0,0.04413756309171877,0.424638967867804,2.6884364205974842,0.0,0.0,0.0,0.0,0.0,0.0,0.0,0.0,90.36098437225496,34.857088149112414,True,False,True,False,True,20.0,0,1.0600209986000935,0.895298646756883,False,False,False,False,0.34282785823613676,0.34271722542432503,False,False,False,False,2869821.0,1617524.35702765,False,False,False,False,61063.356712777575,False,False,False,False
2025-07-04 14:00:00+00:00,0.5433,0.5433,0.5433,0.5433,0.0,,,,,,,,,,,,,,,,,,,,,,,,0.4251510410551189,0.41055485438863115,0.4117523886142896,0.4299766788435482,"rgba(38, 166, 154, 1.0)",0.0,0.0,0.04686090162278874,0.424638967867804,2.5321969493324996,0.0,0.0,0.0,0.0,0.0,0.0,0.0,0.0,91.01277218844407,35.71918193711333,True,False,True,False,True,20.0,0,1.0606273408239701,0.894311797752809,False,False,False,False,0.34282785823613676,0.34277254183023087,False,False,False,False,2869821.0,1636939.808856679,False,False,False,False,60116.638004052336,False,False,False,False
2025-07-04 15:00:00+00:00,0.5433,0.5433,0.5433,0.5433,0.0,,,,,,,,,,,,,,,,,,,,,,,,0.4251510410551189,0.41055485438863115,0.4117523886142896,0.4299766788435482,"rgba(38, 166, 154, 1.0)",0.0,0.0,0.04933530004601592,0.424638967867804,2.4051953068394996,0.0,0.0,0.0,0.0,0.0,0.0,0.0,0.0,91.44729739923682,36.456594058839585,True,False,True,False,True,20.0,0,1.062610541209763,0.8961207404787171,False,False,False,False,0.34282785823613676,0.3428002000331838,False,False,False,False,2869821.0,1656054.2459286684,False,False,False,False,59184.5971047647,False,False,False,False
2025-07-04 16:00:00+00:00,0.5433,0.5433,0.5433,0.5433,0.0,,,,,,,,,,,,,,,,,,,,,,,,0.4251510410551189,0.41055485438863115,0.4117523886142896,0.4299766788435482,"rgba(38, 166, 154, 1.0)",0.0,0.0,0.051594207545537944,0.424638967867804,2.2998905841797015,0.0,0.0,0.0,0.0,0.0,0.0,0.0,0.0,91.73698087309864,37.11078494192857,True,False,True,False,True,20.0,0,1.0621918621918625,0.8962874962874964,False,False,False,False,0.34282785823613676,0.3428140291346603,False,False,False,False,2869821.0,1674872.3351390767,False,False,False,False,58267.00645197765,False,False,False,False
2025-07-04 17:00:00+00:00,0.5433,0.5433,0.5433,0.5433,0.0,,,,,,,,,,,,,,,,,,,,,,,,0.4251510410551189,0.41055485438863115,0.4117523886142896,0.4299766788435482,"rgba(38, 166, 154, 1.0)",0.0,0.0,0.053627487136508396,0.424638967867804,2.2126905150365372,0.0,0.0,0.0,0.0,0.0,0.0,0.0,0.0,91.93010318900653,37.702927605397846,True,False,True,False,True,20.0,0,1.0686816488402837,0.8932820574450187,False,False,False,False,0.34282785823613676,0.3428209436853985,False,False,False,False,2869821.0,1693398.6710283933,False,False,False,False,57363.64201086172,False,False,False,False
2025-07-04 18:00:00+00:00,0.5433,0.5433,0.5433,0.5433,0.0,,,,,,,,,,,,,,,,,,,,,,,,0.4251510410551189,0.41055485438863115,0.4117523886142896,0.4299766788435482,"rgba(38, 166, 154, 1.0)",0.0,0.0,0.05553476070756629,0.424638967867804,2.1366983600962763,0.0,0.0,0.0,0.0,0.0,0.0,0.0,0.0,92.0588513996118,38.243261040726225,True,False,True,False,True,20.0,0,1.073245105812039,0.8913215832164422,False,False,False,False,0.34282785823613676,0.3428244009607676,False,False,False,False,2869821.0,1711637.7769039222,False,False,False,False,56474.28321999564,False,False,False,False
2025-07-04 19:00:00+00:00,0.5433,0.5433,0.5433,0.5433,0.0,,,,,,,,,,,,,,,,,,,,,,,,0.4251510410551189,0.41055485438863115,0.4117523886142896,0.4299766788435482,"rgba(38, 166, 154, 1.0)",0.0,0.0,0.05728180970013369,0.424638967867804,2.0715307835659926,0.0,0.0,0.0,0.0,0.0,0.0,0.0,0.0,92.14468354001531,38.7365481252676,True,False,True,False,True,20.0,0,1.0711253307081772,0.8869131852581064,False,False,False,False,0.34282785823613676,0.34282612959845216,False,False,False,False,2869821.0,1729594.1059441715,False,False,False,False,55598.71293751508,False,False,False,False
2025-07-07 14:00:00+00:00,0.5165,0.52,0.4798,0.4954,158643.0,,,,,,,,,,,,,,,,,,,,,,,,0.4286929450877071,0.4127804089217116,0.4132324799017441,0.4306757833448273,"rgba(239, 83, 80, 1.0)",0.0,0.0,0.05779211009462278,0.428807288437511,1.1522803277723734,0.0,0.0,0.0,0.0,0.0,0.0,0.0,0.0,74.46654858113762,29.245400910934947,True,False,True,False,False,14.090605277055236,0,1.0447164179104478,0.8902089552238808,False,False,False,False,0.17865921213590133,0.26074267086717673,False,False,False,False,2711178.0,1744812.4608907735,False,False,False,False,57196.29878344508,False,False,False,False
2025-07-07 15:00:00+00:00,0.4936,0.4999,0.4798,0.4919,119616.0,,,,,,,,,,,,,,,,,,,,,,,,0.43086826839113923,0.41423783899251077,0.41421541933837425,0.43113339000858886,"rgba(239, 83, 80, 1.0)",0.0,0.0,0.0582142690783294,0.4322865474151543,1.0240350609681903,0.0,0.0,0.0,0.0,0.0,0.0,0.0,0.0,62.09142105806794,18.79389087261211,False,True,True,False,False,13.099720130502675,0,1.0492886481338175,0.8986249181498899,False,False,False,False,0.14225409317305698,0.20149838202011686,False,False,False,False,2591562.0,1757940.360721924,False,False,False,False,58164.0460891281,False,False,False,False
2025-07-07 16:00:00+00:00,0.5,0.5124,0.4889,0.4889,54974.0,,,,,,,,,,,,,,,,,,,,,,,,0.4319161443106712,0.4149424412032302,0.41469485258038946,0.4313630692290836,"rgba(239, 83, 80, 1.0)",0.0,0.0,0.05856432354934709,0.4328061044352613,0.9578168441999203,0.0,0.0,0.0,0.0,0.0,0.0,0.0,0.0,53.32110629857723,11.86362398672668,False,True,False,False,False,12.250952670775543,0,1.05044404973357,0.8974541148608645,False,False,False,False,0.18139372293886605,0.19144605247949145,False,False,False,False,2536588.0,1770012.41714484,False,False,False,False,58114.58801022689,False,False,False,False
2025-07-07 17:00:00+00:00,0.4873,0.513,0.4868,0.4991,125006.0,,,,,,,,,,,,,,,,,,,,,,,,0.4342803942159809,0.4165559454969107,0.41580238840849904,0.4319023059082426,"rgba(239, 83, 80, 1.0)",0.0,0.0,0.059041818650422434,0.43401709592227267,1.1023187558478378,0.0,0.0,0.0,0.0,0.0,0.0,0.0,0.0,50.42474234553268,10.092826360567983,False,True,False,True,False,14.280482078256668,0,1.0483956121311668,0.8982812225024932,False,False,False,False,0.17865921213590133,0.1850526323076964,False,False,False,False,2661594.0,1783835.3874216639,False,False,False,False,59151.6641651071,False,False,False,False
2025-07-07 18:00:00+00:00,0.4991,0.505,0.4842,0.5005,105479.0,,,,,,,,,,,,,,,,,,,,,,,,0.43606282452218836,0.417821820149206,0.41668132098134303,0.43233042354638646,"rgba(239, 83, 80, 1.0)",0.0,0.0,0.05949889322916284,0.4348045408614497,1.1041459021014228,0.0,0.0,0.0,0.0,0.0,0.0,0.0,0.0,48.87844555985271,9.03479834206155,False,True,False,True,False,14.554295946444437,0,1.0446621188268905,0.9054282549122501,False,False,False,False,0.15940806711266972,0.17223034971018306,False,False,False,False,2767073.0,1799079.3814151264,False,False,False,False,59869.91743386513,False,False,False,False
2025-07-07 19:00:00+00:00,0.5005,0.5052,0.4893,0.5038,182814.0,,,,,,,,,,,,,,,,,,,,,,,,0.43905734913730154,0.4199999756777918,0.4182132655046896,0.4330916745978186,"rgba(239, 83, 80, 1.0)",0.0,0.0,0.05996729748427384,0.4362903236047287,1.125774867759806,0.0,0.0,0.0,0.0,1.0,0.5273,0.505,0.0,48.79393928326182,8.86498059283246,False,True,False,True,False,15.202881411243354,0,1.0460896283842542,0.9046321525885558,False,False,False,False,0.16901812681190176,0.1706242382610424,False,False,False,False,2949887.0,1816921.3599978376,False,False,False,False,61776.02724109202,False,False,False,False
2025-07-08 14:00:00+00:00,0.543,0.5785,0.5273,0.565,351069.0,,,,,,,,,,,,,,,,,,,,,,,,0.4488641135057996,0.42667606960694243,0.42297555129049624,0.43573211618785784,"rgba(38, 166, 154, 1.0)",0.0,0.0,0.06181022344663022,0.44372740034669383,1.9620152280798406,0.0,0.0,0.0,0.0,1.0,0.5497,0.5052,0.0,57.678946270765906,8.86498059283246,False,True,True,False,True,20.0,0,1.0522974101921472,0.8780284043441938,False,False,False,False,0.3428278775865232,0.2567260579237828,False,False,False,False,3300956.0,1839929.648990119,False,False,False,False,66261.18960944719,False,False,False,False
2025-07-08 15:00:00+00:00,0.5659,0.5773,0.5497,0.5571,185358.0,,,,,,,,,,,,,,,,,,,,,,,,0.4535979366243224,0.43005618425010983,0.42543933068859263,0.4371306602049716,"rgba(38, 166, 154, 1.0)",0.0,0.0,0.06328990093498488,0.44701208878444065,1.7394230294126733,0.0,0.0,0.0,0.0,0.0,0.0,0.0,0.0,61.82976452193051,1.0567875134196214,False,True,True,False,True,20.0,0,1.0643038814552692,0.8853256662611965,False,False,False,False,0.3428278968690896,0.29977697739643616,False,False,False,False,3115598.0,1859707.4528817453,False,False,False,False,68107.6517860449,False,False,False,False
2025-07-08 16:00:00+00:00,0.5587,0.579,0.5524,0.5625,147517.0,,,,,,,,,,,,,,,,,,,,,,,,0.457195733836012,0.43269134976299456,0.4273839506810052,0.4382503210442843,"rgba(38, 166, 154, 1.0)",0.0,0.0,0.06479360656926034,0.44946269238581477,1.7445750221259158,0.0,0.0,0.0,0.0,0.0,0.0,0.0,0.0,65.10883520526937,4.265509571925918,False,False,True,False,True,20.0,0,1.0658226460594102,0.8826592129781873,False,False,False,False,0.3428279006264405,0.3213024390114383,False,False,False,False,3263115.0,1881465.7094262145,False,False,False,False,69338.80447153257,False,False,False,False
2025-07-08 17:00:00+00:00,0.5655,0.5712,0.5564,0.5647,99033.0,,,,,,,,,,,,,,,,,,,,,,,,0.45947168186179566,0.434396358493727,0.42865428304546,0.438987893008568,"rgba(38, 166, 154, 1.0)",0.0,0.0,0.06611625120856236,0.45098933429767074,1.7198595447226925,0.0,0.0,0.0,0.0,0.0,0.0,0.0,0.0,67.51229992938391,6.817337729069905,False,False,True,False,True,20.0,0,1.0671584699453553,0.8872677595628417,False,False,False,False,0.3361206887989702,0.3287115639052043,False,False,False,False,3362148.0,1904422.0240087537,False,False,False,False,69799.17959600492,False,False,False,False
2025-07-08 18:00:00+00:00,0.5647,0.5746,0.5625,0.5722,235656.0,,,,,,,,,,,,,,,,,,,,,,,,0.4647898174258555,0.4384506857524375,0.43170683984326774,0.4407866532215498,"rgba(38, 166, 154, 1.0)",0.0,0.0,0.0675327304829765,0.45458437072251484,1.7416092676296195,0.0,0.0,0.0,0.0,0.0,0.0,0.0,0.0,69.86316904591301,9.4558710190975,False,False,True,False,True,20.0,0,1.0699411251635411,0.8851395551679023,False,False,False,False,0.34282790537808006,0.33576973464164217,False,False,False,False,3597804.0,1930676.0081326491,False,False,False,False,72370.60316815988,False,False,False,False
2025-07-08 19:00:00+00:00,0.5703,0.6007,0.5606,0.5897,267125.0,,,,,,,,,,,,,,,,,,,,,,,,0.4709504603202658,0.44321879905655887,0.43534383454543296,0.44298008794353577,"rgba(38, 166, 154, 1.0)",0.0,0.0,0.06928851189830061,0.45885507201039016,1.8884072468125697,0.0,0.0,0.0,0.0,0.0,0.0,0.0,0.0,72.91896739450365,12.80648652494073,True,False,True,False,True,20.0,0,1.0666203654236563,0.8717277486910996,False,False,False,False,0.3428279242071,0.33929882942437106,False,False,False,False,3864929.0,1960664.4266112125,False,False,False,False,75390.05118105662,False,False,False,False
2025-07-09 14:00:00+00:00,0.6492,0.6856,0.612,0.6784,305467.0,,,,,,,,,,,,,,,,,,,,,,,,0.48145257524569485,0.45101559374407163,0.4412931936958324,0.44670116092424667,"rgba(38, 166, 154, 1.0)",0.0,0.0,0.07392906712359923,0.4666835619815992,2.863778027449474,0.0,0.0,0.0,0.0,0.0,0.0,0.0,0.0,78.45304432488203,18.38033797770545,True,False,True,False,True,20.0,0,1.0783553537723818,0.8368617048410958,False,False,False,False,0.3428280011559311,0.34106341529015105,False,False,False,False,4170396.0,1994923.8308497984,False,False,False,False,78957.1356588697,False,False,False,False
2025-07-09 15:00:00+00:00,0.6817,0.7001,0.6592,0.6759,139454.0,,,,,,,,,,,,,,,,,,,,,,,,0.4863575735154572,0.45471119263554505,0.44414222843038986,0.4485117856601434,"rgba(38, 166, 154, 1.0)",0.0,0.0,0.07795181722711082,0.4818661424605696,2.489151176221039,0.0,0.0,0.0,0.0,0.0,0.0,0.0,0.0,81.67646381932865,21.709779470921717,True,False,True,False,True,20.0,0,1.0997488699146156,0.8346057257659467,False,False,False,False,0.34282802532249906,0.3419457203063251,False,False,False,False,4030942.0,2026490.0040149179,False,False,False,False,79895.07154012752,False,False,False,False
2025-07-09 16:00:00+00:00,0.6806,0.7,0.655,0.6639,197391.0,,,,,,,,,,,,,,,,,,,,,,,,0.4927119304784609,0.4596192310004383,0.4479689616195225,0.45096735717313563,"rgba(38, 166, 154, 1.0)",0.0,0.0,0.08114688299509547,0.4862919674640701,2.1887227947703747,0.0,0.0,0.0,0.0,0.0,0.0,0.0,0.0,81.54110743219294,22.02740889822131,True,False,True,False,True,20.0,0,1.0949792449100613,0.8394939711405417,False,False,False,False,0.3379104817911595,0.33992810104874227,False,False,False,False,3833551.0,2054506.4535650741,False,False,False,False,81716.71384183096,False,False,False,False
2025-07-09 17:00:00+00:00,0.6638,0.695,0.6545,0.6865,200166.0,,,,,,,,,,,,,,,,,,,,,,,,0.49891870188645854,0.4645029609380828,0.4518160198798981,0.45346572681741,"rgba(38, 166, 154, 1.0)",0.0,0.0,0.08467596036103145,0.4908381981612351,2.3107125210570394,0.0,0.0,0.0,0.0,0.0,0.0,0.0,0.0,82.33401699954695,23.411486371437363,True,False,True,False,True,20.0,0,1.0915407414605705,0.8431077207132792,False,False,False,False,0.33164343875287156,0.3357857699008069,False,False,False,False,4033717.0,2085191.8883935225,False,False,False,False,83553.13688304288,False,False,False,False
2025-07-09 18:00:00+00:00,0.6872,0.6946,0.6725,0.6833,355634.0,,,,,,,,,,,,,,,,,,,,,,,,0.5092501409684608,0.47284605796541535,0.45848181156980605,0.4578637017312328,"rgba(38, 166, 154, 1.0)",0.0,0.0,0.08775800986517078,0.4984641960353752,2.1061986734726776,0.0,0.0,0.0,0.0,0.0,0.0,0.0,0.0,82.2461905067492,24.050125914235934,True,False,True,False,True,20.0,0,1.1003762299826356,0.844105730272043,False,False,False,False,0.3428280280531285,0.3393068989769677,False,False,False,False,3678083.0,2109887.8746199794,False,False,False,False,87771.44483834454,False,False,False,False
2025-07-09 19:00:00+00:00,0.6833,0.6866,0.6682,0.6785,315325.0,,,,,,,,,,,,,,,,,,,,,,,,0.5172192542320994,0.4795428397276016,0.4639373864907779,0.46152983241267087,"rgba(38, 166, 154, 1.0)",0.0,0.0,0.09022309486404673,0.5042470829683148,1.9313560158212195,0.0,0.0,0.0,0.0,0.0,0.0,0.0,0.0,81.20680591348864,24.050125914235934,True,False,True,False,True,20.0,0,1.0972288810048905,0.8487870361491995,False,False,False,False,0.32896952477658414,0.33413821187677595,False,False,False,False,3362758.0,2129312.217649127,False,False,False,False,91299.4069338741,False,False,False,False
2025-07-10 14:00:00+00:00,0.6605,0.6742,0.6445,0.6655,88878.0,,,,,,,,,,,,,,,,,,,,,,,,0.519115785865886,0.48120267397017946,0.465312434336223,0.4624646453152143,"rgba(38, 166, 154, 1.0)",0.0,0.0,0.09220070289544624,0.5055692603689833,1.734593496671874,0.0,0.0,0.0,0.0,0.0,0.0,0.0,0.0,77.91631237467101,24.050125914235934,True,False,True,False,False,20.0,0,1.0833688396534582,0.8547081380485726,False,False,False,False,0.2889690301049831,0.3115536209908795,False,False,False,False,3273880.0,2147057.4545847992,False,False,False,False,91261.86574110085,False,False,False,False
2025-07-10 15:00:00+00:00,0.6656,0.676,0.6488,0.6728,67005.0,,,,,,,,,,,,,,,,,,,,,,,,0.5205567757713885,0.48246465073261,0.46635981291463346,0.46317933295203223,"rgba(38, 166, 154, 1.0)",0.0,0.0,0.09412812425931223,0.5065956725126141,1.7657244186605903,0.0,0.0,0.0,0.0,0.0,0.0,0.0,0.0,76.28228370694751,24.050125914235934,True,False,True,False,False,20.0,0,1.08346724643161,0.8635504300973629,False,False,False,False,0.2956620879974181,0.30360785449414884,False,False,False,False,3340885.0,2165566.4087772826,False,False,False,False,90885.79030325431,False,False,False,False
2025-07-10 16:00:00+00:00,0.6736,0.6844,0.6619,0.6714,83879.0,,,,,,,,,,,,,,,,,,,,,,,,0.5224026081174267,0.4840771604704809,0.4676991533618664,0.46409629503611877,"rgba(38, 166, 154, 1.0)",0.0,0.0,0.09579989332123663,0.5079416767427354,1.706247445486765,0.0,0.0,0.0,0.0,0.0,0.0,0.0,0.0,74.88921480038626,24.050125914235934,True,False,True,False,False,20.0,0,1.0861337528004196,0.870870870870871,False,False,False,False,0.31946358306037165,0.3115357187772603,False,False,False,False,3257006.0,2182487.9528272473,False,False,False,False,90777.15789545192,False,False,False,False
2025-07-10 17:00:00+00:00,0.6722,0.6818,0.6442,0.6477,105647.0,,,,,,,,,,,,,,,,,,,,,,,,0.5244437039552879,0.4859145919380203,0.46924250848881277,0.4651594047643091,"rgba(38, 166, 154, 1.0)",0.0,0.0,0.096919774235384,0.5093800473096738,1.42715925394539,0.0,0.0,0.0,0.0,0.0,0.0,0.0,0.0,69.34534665172009,25.742296366461716,False,False,True,False,False,20.0,0,1.0724809323037567,0.8703870387038704,False,False,False,False,0.2969817734343109,0.3042587461057856,False,False,False,False,3151359.0,2197509.209372561,False,False,False,False,91007.69808311934,False,False,False,False
2025-07-10 18:00:00+00:00,0.6503,0.6519,0.6176,0.6374,262920.0,,,,,,,,,,,,,,,,,,,,,,,,0.5284614258906285,0.48975227985668524,0.4725360757445228,0.4674552983009282,"rgba(38, 166, 154, 1.0)",0.0,0.0,0.09758060669827576,0.5120597173886146,1.2844794355393176,0.0,0.0,0.0,0.0,0.0,0.0,0.0,0.0,63.98274377865264,20.699087998514955,False,True,True,False,False,20.0,0,1.0595002357378593,0.885007072135785,False,False,False,False,0.23584210818815246,0.27005042714696903,False,False,False,False,2888439.0,2208221.2991497307,False,False,False,False,93673.0050895826,False,False,False,False
2025-07-10 19:00:00+00:00,0.6374,0.6488,0.6272,0.6483,60526.0,,,,,,,,,,,,,,,,,,,,,,,,0.5293934062517592,0.4906420708686976,0.4733022077964287,0.46799302569392387,"rgba(38, 166, 154, 1.0)",0.0,0.0,0.0984731082694775,0.5127110667410911,1.3769133080257983,0.0,0.0,0.0,0.0,0.0,0.0,0.0,0.0,61.85212768884881,18.717292232174245,False,True,True,False,False,20.0,0,1.0600931019889972,0.8866318709738092,False,False,False,False,0.24278041461947714,0.2564154208832231,False,False,False,False,2948965.0,2219705.6976125254,False,False,False,False,93159.09803393015,False,False,False,False
2025-07-11 14:00:00+00:00,0.5987,0.6205,0.5969,0.603,151479.0,,,,,,,,,,,,,,,,,,,,,,,,0.5309592533621287,0.49232275577702145,0.47480072944396673,0.4690585000544399,"rgba(38, 166, 154, 1.0)",0.0,0.0,0.0983667114277849,0.5136504385861708,0.9083312852176059,0.0,0.0,0.0,0.0,0.0,0.0,0.0,0.0,54.626910468960375,12.035235159558034,False,True,True,False,False,15.20688936120537,0,1.0492429536454695,0.8846960167714885,False,False,False,False,0.18096881077853033,0.21869211583087672,False,False,False,False,2797486.0,2228663.5317580677,False,False,False,False,94063.28256053588,False,False,False,False
2025-07-11 15:00:00+00:00,0.603,0.6194,0.591,0.6052,76233.0,,,,,,,,,,,,,,,,,,,,,,,,0.5317074321683074,0.49313874328396406,0.47553323042472395,0.46958238798134194,"rgba(38, 166, 154, 1.0)",0.0,0.0,0.0982745988645183,0.5141091627150782,0.9269011355670846,0.0,0.0,0.0,0.0,0.0,0.0,0.0,0.0,50.134189728033164,8.04307599935386,False,True,False,True,False,15.475737926212695,0,1.043639912627225,0.8843240228656412,False,False,False,False,0.17368454804648142,0.19618833193867907,False,False,False,False,2873719.0,2238664.3917308105,False,False,False,False,93786.84407122525,False,False,False,False
2025-07-11 16:00:00+00:00,0.6016,0.6215,0.5958,0.6084,79248.0,,,,,,,,,,,,,,,,,,,,,,,,0.5325042853089121,0.49399970099909496,0.47630557385200556,0.47013615232849154,"rgba(38, 166, 154, 1.0)",0.0,0.0,0.09818356173308544,0.5146190876269272,0.955158997266963,0.0,0.0,0.0,0.0,0.0,0.0,0.0,0.0,47.64723842427239,5.808823786779087,False,True,False,True,False,15.870343443868446,0,1.0496877168632892,0.8764746703678001,False,False,False,False,0.1808646177960897,0.18852647486738439,False,False,False,False,2952967.0,2249738.8507737434,False,False,False,False,93561.43563601245,False,False,False,False
2025-07-11 17:00:00+00:00,0.6083,0.6126,0.5938,0.5996,27616.0,,,,,,,,,,,,,,,,,,,,,,,,0.5327544617974469,0.49427969001720107,0.47655935560079515,0.47031898547820594,"rgba(38, 166, 154, 1.0)",0.0,0.0,0.09778945249780178,0.5147743439627886,0.8674315467623481,0.0,0.0,0.0,0.0,0.0,0.0,0.0,0.0,44.933827944289504,3.2020183586532553,False,True,False,True,False,14.21078289490443,0,1.0478080295339178,0.8805260729118597,False,False,False,False,0.16953033871599274,0.17902840679168858,False,False,False,False,2925351.0,2260213.4577384912,False,False,False,False,92539.02578119056,False,False,False,False
2025-07-11 18:00:00+00:00,0.5996,0.6067,0.581,0.6004,26252.0,,,,,,,,,,,,,,,,,,,,,,,,0.5329702686153752,0.4945298389502606,0.4767882243849395,0.4704844647579475,"rgba(38, 166, 154, 1.0)",0.0,0.0,0.09730755134905805,0.514902939372907,0.8786271922556264,0.0,0.0,0.0,0.0,0.0,0.0,0.0,0.0,43.27675337816338,1.4481508657537105,False,True,False,True,False,14.313594842016606,0,1.0406142562457026,0.8840705936282375,False,False,False,False,0.15018368883862515,0.16460604781515686,False,False,False,False,2951603.0,2270932.675447972,False,False,False,False,91511.31995512558,False,False,False,False
2025-07-11 19:00:00+00:00,0.6004,0.6022,0.578,0.585,118111.0,,,,,,,,,,,,,,,,,,,,,,,,0.5338079213624367,0.49555673630772495,0.4777419516460805,0.4711786787111009,"rgba(38, 166, 154, 1.0)",0.0,0.0,0.09656438313420801,0.5212381138566711,0.6603043904366971,0.0,0.0,0.0,0.0,0.0,0.0,0.0,0.0,40.304049296090774,-1.6160861807502371,False,True,False,True,False,11.441850669861026,0,1.0378346384993626,0.8871790202148971,False,False,False,False,0.14245636950592716,0.153531208660542,False,False,False,False,2833492.0,2279654.525441027,False,False,False,False,91923.71809535619,False,False,False,False
2025-07-14 14:00:00+00:00,0.6339,0.646,0.6069,0.6211,57594.0,,,,,,,,,,,,,,,,,,,,,,,,0.5344725610869254,0.49624180712572347,0.47835161498446455,0.4716180570027555,"rgba(38, 166, 154, 1.0)",0.0,0.0,0.09628269145528655,0.5222869654032033,1.0262803532313514,0.0,0.0,0.0,0.0,0.0,0.0,0.0,0.0,44.229368961516954,-1.6160861807502371,False,True,False,True,True,15.981057844226758,0,1.0424374804974814,0.8643070476530114,False,False,False,False,0.21822179920088688,0.18587650393071445,False,False,False,False,2891086.0,2289134.083186127,False,False,False,False,91391.47440395532,False,False,False,False
2025-07-14 15:00:00+00:00,0.621,0.6447,0.6104,0.6254,116848.0,,,,,,,,,,,,,,,,,,,,,,,,0.5358232431900022,0.4976326709225608,0.47959118598241535,0.4725143040275697,"rgba(38, 166, 154, 1.0)",0.0,0.0,0.09597741569934236,0.5237566684804704,1.0590338443570533,0.0,0.0,0.0,0.0,0.0,0.0,0.0,0.0,47.40394140956877,-1.6160861807502371,False,True,False,False,True,16.488961972344455,0,1.0439177259887007,0.8649364406779663,False,False,False,False,0.22054914221322952,0.20321282307197197,False,False,False,False,3007934.0,2300278.267942931,False,False,False,False,91786.14921939788,False,False,False,False
2025-07-14 16:00:00+00:00,0.6253,0.6386,0.621,0.6235,28211.0,,,,,,,,,,,,,,,,,,,,,,,,0.5361464926247526,0.4979662660672011,0.4798891076280642,0.47273034549923665,"rgba(38, 166, 154, 1.0)",0.0,0.0,0.09575396339737775,0.5240577936971516,1.0385179137720346,0.0,0.0,0.0,0.0,0.0,0.0,0.0,0.0,49.2146574605225,-8.734556422701601,False,True,False,False,True,16.1353424597552,0,1.052052494366135,0.8676594052405993,False,False,False,False,0.22531697862046735,0.21426490084621966,False,False,False,False,2979723.0,2310812.2947965288,False,False,False,False,90800.48799119015,False,False,False,False
2025-07-14 17:00:00+00:00,0.6268,0.6393,0.6121,0.6202,17055.0,,,,,,,,,,,,,,,,,,,,,,,,0.5363326765089113,0.49816117824836514,0.4800639800788253,0.4728574386565858,"rgba(38, 166, 154, 1.0)",0.0,0.0,0.0957374083174984,0.524216418228608,1.0025713402756549,0.0,0.0,0.0,0.0,0.0,0.0,0.0,0.0,49.85367339252242,-7.750514574830618,False,True,False,False,True,15.515296669173036,0,1.0473612394911747,0.8676878383731679,False,False,False,False,0.21663630911458043,0.21545060498040003,False,False,False,False,2962668.0,2320918.5847996837,False,False,False,False,89657.14709210192,False,False,False,False
2025-07-14 18:00:00+00:00,0.6202,0.6427,0.6132,0.6335,86565.0,,,,,,,,,,,,,,,,,,,,,,,,0.5373288601876757,0.49918750864746203,0.48098141311793247,0.4735244526733707,"rgba(38, 166, 154, 1.0)",0.0,0.0,0.09556707050949,0.5250978691118959,1.134304214937084,0.0,0.0,0.0,0.0,0.0,0.0,0.0,0.0,52.35818235243641,-4.971472406056421,False,True,True,False,True,17.134379884556246,1,1.0487109786039985,0.8666257453525079,False,False,False,False,0.22139603078458,0.21842331788249003,False,False,False,False,3049233.0,2332210.281159378,False,False,False,False,89609.2068271081,False,False,False,False
2025-07-14 19:00:00+00:00,0.6291,0.6584,0.6268,0.6564,166451.0,,,,,,,,,,,,,,,,,,,,,,,,0.5395353245952258,0.5013736750338529,0.4829168771987459,0.47493225689611424,"rgba(38, 166, 154, 1.0)",0.0,0.0,0.09574966444558183,0.5356921860473189,1.260660438358861,0.0,0.0,0.0,0.0,0.0,0.0,0.0,0.0,56.844163060229235,-0.46520232503262804,False,True,True,False,True,19.77529847417171,0,1.0589523475823406,0.8593202522775054,False,False,False,False,0.252640293456809,0.2355318056696495,False,False,False,False,3215684.0,2345907.5481181475,False,False,False,False,90800.55245769556,False,False,False,False
2025-07-15 14:00:00+00:00,0.6286,0.652,0.6115,0.6161,73655.0,,,,,,,,,,,,,,,,,,,,,,,,0.5403016198520764,0.5021863853996089,0.48365307342489133,0.47547409146979275,"rgba(38, 166, 154, 1.0)",0.0,0.0,0.0952720606407714,0.5359042596907039,0.8417550724727011,0.0,0.0,0.0,0.0,0.0,0.0,0.0,0.0,53.65265189054651,-0.46520232503262804,False,True,True,False,False,12.596303187015753,0,1.0470822856151913,0.8610075435706235,False,False,False,False,0.22945726059871227,0.2324945331341809,False,False,False,False,3142029.0,2358250.516364378,False,False,False,False,90534.72993897159,False,False,False,False
2025-07-15 15:00:00+00:00,0.613,0.6236,0.6118,0.6153,166681.0,,,,,,,,,,,,,,,,,,,,,,,,0.5417986090589099,0.5038476352119601,0.48518106672286127,0.47660878549148095,"rgba(38, 166, 154, 1.0)",0.0,0.0,0.09472361359752415,0.5363268580730077,0.8337218031244576,0.0,0.0,0.0,0.0,0.0,0.0,0.0,0.0,51.42643984689543,-0.46520232503262804,False,True,False,False,False,12.462104799623997,1,1.0469600034817426,0.8729163946555252,False,False,False,False,0.19978930178819873,0.21614191746118983,False,False,False,False,2975348.0,2367817.9192114417,False,False,False,False,91715.29226549917,False,False,False,False
2025-07-15 16:00:00+00:00,0.6188,0.62,0.6018,0.6044,120293.0,,,,,,,,,,,,,,,,,,,,,,,,0.5427295500886897,0.5049324986793552,0.4861951878044232,0.47736942714118424,"rgba(38, 166, 154, 1.0)",0.0,0.0,0.09402804546162506,0.5365886150752879,0.721182542844491,0.0,0.0,0.0,0.0,0.0,0.0,0.0,0.0,48.57263650044903,5.789881448437235,False,True,False,True,False,10.638046535525618,1,1.0395155317387705,0.8828039907637347,False,False,False,False,0.1855571854720421,0.20084955146661598,False,False,False,False,2855055.0,2375371.982479481,False,False,False,False,92158.35750169298,False,False,False,False
2025-07-15 17:00:00+00:00,0.6042,0.6208,0.6014,0.6088,42394.0,,,,,,,,,,,,,,,,,,,,,,,,0.5430592981194166,0.5053153116846807,0.4865532462461513,0.4776386513722938,"rgba(38, 166, 154, 1.0)",0.0,0.0,0.09327294601146553,0.5367261744795846,0.7727195140974294,0.0,0.0,0.0,0.0,0.0,0.0,0.0,0.0,47.39774375369766,4.415350987700826,False,True,False,True,False,11.186239206285624,1,1.0415834707873948,0.8816303498567586,False,False,False,False,0.18597469093005672,0.19341212119833634,False,False,False,False,2897449.0,2383466.199805381,False,False,False,False,91386.81707531013,False,False,False,False
2025-07-15 18:00:00+00:00,0.6047,0.621,0.5884,0.5953,82440.0,,,,,,,,,,,,,,,,,,,,,,,,0.5436090356951123,0.505990347046982,0.4871947535969198,0.47812469674333846,"rgba(38, 166, 154, 1.0)",0.0,0.0,0.0922548771044093,0.5368589895862167,0.6334733972670392,0.0,0.0,0.0,0.0,0.0,0.0,0.0,0.0,44.86493540563878,1.7273510481372867,False,True,False,True,False,8.947684331654063,1,1.035502449926932,0.8823175449153272,False,False,False,False,0.17264544460230954,0.18302878290032293,False,False,False,False,2815009.0,2390156.7858549096,False,False,False,False,91248.10673305726,False,False,False,False
2025-07-15 19:00:00+00:00,0.5962,0.598,0.5836,0.5945,96152.0,,,,,,,,,,,,,,,,,,,,,,,,0.5441339580227615,0.5066884468515481,0.4878723615272502,0.4786433800041449,"rgba(38, 166, 154, 1.0)",0.0,0.0,0.0910937056794515,0.5423607529923782,0.5723693708442819,0.0,0.0,0.0,0.0,0.0,0.0,0.0,0.0,43.07414389293745,-0.2581805575568339,False,True,False,True,False,8.816044560361128,1,1.0325746860400327,0.8924606746388926,False,False,False,False,0.14389749315089118,0.16346313802560705,False,False,False,False,2718857.0,2395252.913205996,False,False,False,False,91324.13608603312,False,False,False,False
2025-07-16 14:00:00+00:00,0.6059,0.6236,0.5976,0.6118,10209.0,,,,,,,,,,,,,,,,,,,,,,,,0.5442108290438618,0.5067782280453329,0.48795679989909585,0.4787073396735619,"rgba(38, 166, 154, 1.0)",0.0,0.0,0.08996599922313066,0.5424933256817127,0.7703651925923171,0.0,0.0,0.0,0.0,0.0,0.0,0.0,0.0,45.06505415879468,-0.2581805575568339,False,True,False,True,False,11.029585720808704,1,1.0372004241781547,0.8797030752916225,False,False,False,False,0.18493104713576367,0.17419709258068536,False,False,False,False,2729066.0,2400428.309900477,False,False,False,False,90066.53707694732,False,False,False,False
2025-07-16 15:00:00+00:00,0.6111,0.6329,0.603,0.6048,9154.0,,,,,,,,,,,,,,,,,,,,,,,,0.5442822491198531,0.5068605792324742,0.4880339912763293,0.4787657488517534,"rgba(38, 166, 154, 1.0)",0.0,0.0,0.08857201107542993,0.5426134704330239,0.7021013615013965,0.0,0.0,0.0,0.0,0.0,0.0,0.0,0.0,45.29600102454603,-0.2581805575568339,False,True,False,True,False,9.857788526661729,1,1.0433955081842405,0.8798798798798799,False,False,False,False,0.2003140326068361,0.18725556259376075,False,False,False,False,2719912.0,2405381.545405896,False,False,False,False,88812.07913776983,False,False,False,False
2025-07-16 16:00:00+00:00,0.6048,0.62,0.6048,0.616,46214.0,,,,,,,,,,,,,,,,,,,,,,,,0.5446407518411109,0.5072745270551733,0.4884223512619348,0.47905992970953276,"rgba(38, 166, 154, 1.0)",0.0,0.0,0.08722505605388711,0.5430862189514873,0.835927018533149,0.0,0.0,0.0,0.0,0.0,0.0,0.0,0.0,47.39732751587037,-0.2581805575568339,False,True,False,True,True,11.274916089910072,1,1.055054842275317,0.8807499362299126,False,False,False,False,0.1886900462000017,0.18797280439688124,False,False,False,False,2766126.0,2410974.4826864246,False,False,False,False,88151.64380230053,False,False,False,False
2025-07-16 17:00:00+00:00,0.6124,0.6341,0.6051,0.6214,76466.0,,,,,,,,,,,,,,,,,,,,,,,,0.5452818577881482,0.507994522306951,0.4890932888483466,0.47956761471645104,"rgba(38, 166, 154, 1.0)",0.0,0.0,0.08578184971508072,0.5438472167506142,0.904069841195692,0.0,0.0,0.0,0.0,0.0,0.0,0.0,0.0,49.688695593152964,-0.2581805575568339,False,True,False,False,True,11.949728513427207,1,1.053669222343921,0.875221164377791,False,False,False,False,0.20378000187750142,0.19587640313719135,False,False,False,False,2842592.0,2417666.227140899,False,False,False,False,87970.47103017184,False,False,False,False
2025-07-16 18:00:00+00:00,0.6213,0.6259,0.6025,0.6125,78938.0,,,,,,,,,,,,,,,,,,,,,,,,0.5458753572766101,0.508685286506137,0.48974445293813135,0.4800636011640603,"rgba(38, 166, 154, 1.0)",0.0,0.0,0.08423801570603531,0.5442924810672843,0.8096999716937647,0.0,0.0,0.0,0.0,0.0,0.0,0.0,0.0,49.536757047202485,-0.2581805575568339,False,True,False,False,True,10.428323964091433,1,1.0541619395772932,0.8814235892264383,False,False,False,False,0.192454322700134,0.19416536291866265,False,False,False,False,2763654.0,2423030.3786580944,False,False,False,False,87830.43271962654,False,False,False,False
2025-07-16 19:00:00+00:00,0.6126,0.6129,0.5933,0.605,74580.0,,,,,,,,,,,,,,,,,,,,,,,,0.5463461434223087,0.5092688807355303,0.49030477805003264,0.4804943621811973,"rgba(38, 166, 154, 1.0)",0.0,0.0,0.0826939388608651,0.544461617397322,0.7320776278964716,0.0,0.0,0.0,0.0,0.0,0.0,0.0,0.0,48.107895364382905,-0.2581805575568339,False,True,False,False,True,9.162020443942897,1,1.0553660898488486,0.8846785398509539,False,False,False,False,0.1693227814707229,0.1817440721946928,False,False,False,False,2689074.0,2427155.085965721,False,False,False,False,87624.99965420597,False,False,False,False
2025-07-17 14:00:00+00:00,0.6056,0.6339,0.5998,0.6139,28034.0,,,,,,,,,,,,,,,,,,,,,,,,0.5465581307262314,0.5095143388998272,0.4905363555740176,0.48067137195225074,"rgba(38, 166, 154, 1.0)",0.0,0.0,0.08103766140360878,0.544629401210952,0.8547951358572051,0.0,0.0,0.0,0.0,0.0,0.0,0.0,0.0,48.93412495425987,-0.2581805575568339,False,True,False,False,True,10.322905176915796,1,1.0568158168574402,0.8705098855359004,False,False,False,False,0.19800602708761506,0.18987504964115393,False,False,False,False,2717108.0,2431650.4799817563,False,False,False,False,86701.1081866989,False,False,False,False
2025-07-17 15:00:00+00:00,0.6138,0.6329,0.6129,0.6275,38254.0,,,,,,,,,,,,,,,,,,,,,,,,0.546880819963944,0.5098742957464704,0.49087248730549865,0.48092742443217507,"rgba(38, 166, 154, 1.0)",0.0,0.0,0.07925718424252934,0.5449422729933253,1.041643452208011,0.0,0.0,0.0,0.0,0.0,0.0,0.0,0.0,51.8487558259256,-2.8385607573143545,False,True,True,False,True,12.053545057524332,1,1.0617110218947892,0.8717354414138488,False,False,False,False,0.2107265426144314,0.20030079612779267,False,False,False,False,2755362.0,2436669.263237853,False,False,False,False,85949.99023031596,False,False,False,False
2025-07-17 16:00:00+00:00,0.6276,0.6276,0.6116,0.6155,45798.0,,,,,,,,,,,,,,,,,,,,,,,,0.5472330408365228,0.5102791212573535,0.49125411601889574,0.4812195831230997,"rgba(38, 166, 154, 1.0)",0.0,0.0,0.07768425756788867,0.5452254981591913,0.9046170233318571,0.0,0.0,0.0,0.0,0.0,0.0,0.0,0.0,51.394483411030265,-2.8385607573143545,False,True,False,False,True,10.005592166173454,1,1.0656837571440405,0.8739749855048455,False,False,False,False,0.20378000187750164,0.20204039900264714,False,False,False,False,2709564.0,2440900.189389204,False,False,False,False,85327.47875387696,False,False,False,False
2025-07-17 17:00:00+00:00,0.6131,0.6213,0.6041,0.6121,36386.0,,,,,,,,,,,,,,,,,,,,,,,,0.5474880096586243,0.5105816335243804,0.4915420727576619,0.48144113925457727,"rgba(38, 166, 154, 1.0)",0.0,0.0,0.0756897557422702,0.5453917319373791,0.8813381336540175,0.0,0.0,0.0,0.0,0.0,0.0,0.0,0.0,50.4483312044176,-2.8385607573143545,False,True,False,False,True,9.431331941169319,1,1.0602768023135716,0.8764718033464163,False,False,False,False,0.18931705595222093,0.19567872747743403,False,False,False,False,2673178.0,2444501.395755263,False,False,False,False,84568.69613753779,False,False,False,False
2025-07-17 18:00:00+00:00,0.6162,0.6178,0.6093,0.612,18171.0,,,,,,,,,,,,,,,,,,,,,,,,0.5476156339895336,0.5107328244366357,0.4916859973479303,0.4815519527349527,"rgba(38, 166, 154, 1.0)",0.0,0.0,0.07375034829662896,0.5454767386001718,0.9020060641919561,0.0,0.0,0.0,0.0,0.0,0.0,0.0,0.0,49.79711682238444,-2.8385607573143545,False,True,False,False,True,9.414217140551006,1,1.0628341691880467,0.8793882372445809,False,False,False,False,0.1910943844346489,0.19338655595604148,False,False,False,False,2655007.0,2447765.0485342513,False,False,False,False,83539.27449199457,False,False,False,False
2025-07-17 19:00:00+00:00,0.612,0.6223,0.6056,0.6062,24692.0,,,,,,,,,,,,,,,,,,,,,,,,0.5477838660866634,0.5109342237500493,0.4918783476421208,0.48170032992717776,"rgba(38, 166, 154, 1.0)",0.0,0.0,0.07152513646226871,0.5455817197255912,0.8475101659734182,0.0,0.0,0.0,0.0,0.0,0.0,0.0,0.0,48.13200730387299,-2.8385607573143545,False,True,False,True,False,8.413511094617984,1,1.0606135781030348,0.8760853386256512,False,False,False,False,0.1919311865635322,0.19265887125978684,False,False,False,False,2630315.0,2450595.280339922,False,False,False,False,82626.91364715743,False,False,False,False
2025-07-18 14:00:00+00:00,0.632,0.6535,0.6117,0.6351,132834.0,,,,,,,,,,,,,,,,,,,,,,,,0.5489827503752894,0.5122390391901915,0.4930917593219568,0.48262761659425824,"rgba(38, 166, 154, 1.0)",0.0,0.0,0.0695590493850482,0.5467871863760091,1.2696092658646059,0.0,0.0,0.0,0.0,0.0,0.0,0.0,0.0,52.52639839446385,-1.5442864863947108,False,False,True,False,True,12.198829679452007,1,1.0597191125585181,0.862690820272746,False,False,False,False,0.231264413350914,0.21196164230535042,False,False,False,False,2763149.0,2455441.0744431787,False,False,False,False,83405.31808673638,False,False,False,False
2025-07-18 15:00:00+00:00,0.6452,0.6454,0.6218,0.6255,30632.0,,,,,,,,,,,,,,,,,,,,,,,,0.5492463194615058,0.5125297924997237,0.4933636326808709,0.4828362811652721,"rgba(38, 166, 154, 1.0)",0.0,0.0,0.06724327556052233,0.5470317106231234,1.166931395337087,0.0,0.0,0.0,0.0,0.0,0.0,0.0,0.0,53.4007751262385,-0.7150386336130765,False,False,True,False,True,10.550343188743938,1,1.062103262847208,0.867141066591194,False,False,False,False,0.2333923781433415,0.22267701022434594,False,False,False,False,2732517.0,2459736.8252270054,False,False,False,False,82587.12710864744,False,False,False,False
2025-07-18 16:00:00+00:00,0.6255,0.6394,0.6174,0.6174,10302.0,,,,,,,,,,,,,,,,,,,,,,,,0.5493279152705243,0.512622179702906,0.4934507380268906,0.48290340898033424,"rgba(38, 166, 154, 1.0)",0.0,0.0,0.06478217825775896,0.5470993569969829,1.085184921126007,0.0,0.0,0.0,0.0,0.0,0.0,0.0,0.0,52.381904433900154,-0.7150386336130765,False,False,True,False,True,9.180179996766416,1,1.0585901494810244,0.8691940848795737,False,False,False,False,0.22234915415812434,0.22251308219123514,False,False,False,False,2722215.0,2463806.254293253,False,False,False,False,81466.42746355214,False,False,False,False
2025-07-18 17:00:00+00:00,0.6174,0.6366,0.6151,0.62,7086.0,,,,,,,,,,,,,,,,,,,,,,,,0.5493833176885836,0.5126851662175418,0.49351020458552647,0.4829492734165837,"rgba(38, 166, 154, 1.0)",0.0,0.0,0.06249847257232867,0.5471444495703653,1.1657172956558237,0.0,0.0,0.0,0.0,0.0,0.0,0.0,0.0,52.20757443145821,-0.7150386336130765,False,False,True,False,True,9.523656641067536,1,1.0571757787666878,0.8714240305149397,False,False,False,False,0.21695332110594773,0.21973320164859145,False,False,False,False,2729301.0,2467922.45190111,False,False,False,False,80313.2425416366,False,False,False,False
2025-07-18 18:00:00+00:00,0.6153,0.6264,0.6153,0.6257,25211.0,,,,,,,,,,,,,,,,,,,,,,,,0.5495759873604809,0.5129058057496194,0.49371901848755106,0.48311055411461196,"rgba(38, 166, 154, 1.0)",0.0,0.0,0.06023909607137003,0.5472962561527783,1.3015425024693363,0.0,0.0,0.0,0.0,0.0,0.0,0.0,0.0,53.21418945446676,-0.5371170197308004,False,False,True,False,True,10.279200751945506,1,1.0570038371771036,0.8760235768819971,False,False,False,False,0.2064089507511955,0.21307107619989346,False,False,False,False,2754512.0,2472365.7007088447,False,False,False,False,79458.94420765774,False,False,False,False
2025-07-18 19:00:00+00:00,0.6257,0.633,0.6185,0.623,63719.0,,,,,,,,,,,,,,,,,,,,,,,,0.5500741126167897,0.5134714839974309,0.4942534247495409,0.483523416730776,"rgba(38, 166, 154, 1.0)",0.0,0.0,0.05814434176495198,0.5477044429288985,1.2949765150920984,0.0,0.0,0.0,0.0,0.0,0.0,0.0,0.0,53.22351129404649,-0.27427386498969497,False,False,True,False,True,9.806195653869494,1,1.0579373820012588,0.8741346758967906,False,False,False,False,0.21674197501168174,0.2149065256057876,False,False,False,False,2690793.0,2475752.1704652966,False,False,False,False,79214.91406490335,False,False,False,False
2025-07-21 14:00:00+00:00,0.6361,0.6559,0.6274,0.6399,34857.0,,,,,,,,,,,,,,,,,,,,,,,,0.5504023944865711,0.5138232783381949,0.4945800430034535,0.4837740825987704,"rgba(38, 166, 154, 1.0)",0.0,0.0,0.05586884615929917,0.5480354104394995,1.6442900807109284,0.0,0.0,0.0,0.0,0.0,0.0,0.0,0.0,56.378033133891705,2.866960838935725,True,False,True,False,True,12.036719707519076,1,1.0589445889799247,0.8651419252125967,False,False,False,False,0.25060012857710495,0.23275332709144628,False,False,False,False,2725650.0,2479626.555419323,False,False,False,False,78527.19446699787,False,False,False,False
2025-07-21 15:00:00+00:00,0.6399,0.6844,0.6364,0.6364,58866.0,,,,,,,,,,,,,,,,,,,,,,,,0.5510200801285481,0.514465525089889,0.4951707648673516,0.48422596856771055,"rgba(38, 166, 154, 1.0)",0.0,0.0,0.05381070585733975,0.5487069791219958,1.62965750924159,0.0,0.0,0.0,0.0,0.0,0.0,0.0,0.0,57.54183970554274,4.0463258782312295,True,False,True,False,True,11.411936157642867,1,1.061296839858194,0.8567453207791714,False,False,False,False,0.2912703272655439,0.2620118271784951,False,False,False,False,2666784.0,2482528.2212267756,False,False,False,False,78222.3697465793,False,False,False,False
2025-07-21 16:00:00+00:00,0.6527,0.6671,0.6331,0.6566,49644.0,,,,,,,,,,,,,,,,,,,,,,,,0.5515345356025406,0.5150020285703338,0.4956650977203261,0.48460488274490016,"rgba(38, 166, 154, 1.0)",0.0,0.0,0.052184240070274016,0.5492529986158015,2.057077026313681,0.0,0.0,0.0,0.0,0.0,0.0,0.0,0.0,61.339657825112354,7.6141401582288,True,False,True,False,True,13.991091931648633,1,1.0647018713538903,0.8657852867641489,False,False,False,False,0.268820883923623,0.265416355551059,False,False,False,False,2716428.0,2486154.57438605,False,False,False,False,77779.29424663233,False,False,False,False
2025-07-21 17:00:00+00:00,0.6585,0.6683,0.6363,0.6527,16998.0,,,,,,,,,,,,,,,,,,,,,,,,0.5517097741014215,0.515184989306667,0.495833821416487,0.4847343583185622,"rgba(38, 166, 154, 1.0)",0.0,0.0,0.05059030965146307,0.5494368261822682,2.0411650873290395,0.0,0.0,0.0,0.0,0.0,0.0,0.0,0.0,62.796766646690365,8.927356346998245,True,False,True,False,True,13.285621022715379,1,1.0666140963538733,0.8619278284705794,False,False,False,False,0.2735930276259433,0.26950469158850116,False,False,False,False,2699430.0,2489461.170132003,False,False,False,False,76836.94859939771,False,False,False,False
2025-07-21 18:00:00+00:00,0.6561,0.6952,0.639,0.6798,59960.0,,,,,,,,,,,,,,,,,,,,,,,,0.5524381767151082,0.5159148478593251,0.49649758290571,0.48524078321193304,"rgba(38, 166, 154, 1.0)",0.0,0.0,0.05048649477786359,0.5502759985342812,2.5655178089826527,0.0,0.0,0.0,0.0,0.0,0.0,0.0,0.0,66.82837551278598,12.618489453474503,True,False,True,False,True,16.56995564292879,0,1.0653007075471699,0.8545474646226415,False,False,False,False,0.3060268449240604,0.28776576825628075,False,False,False,False,2759390.0,2493646.1132307313,False,False,False,False,76575.2904815776,False,False,False,False
2025-07-21 19:00:00+00:00,0.6706,0.693,0.6634,0.6722,101031.0,,,,,,,,,,,,,,,,,,,,,,,,0.553695078489216,0.5171673561954556,0.4976355355817254,0.4861100597400805,"rgba(38, 166, 154, 1.0)",0.0,0.0,0.05062270946436798,0.5517083846549619,2.3801889827696616,0.0,0.0,0.0,0.0,0.0,0.0,0.0,0.0,67.57162022658223,13.237900652107193,True,False,True,False,True,15.196330816048938,0,1.074363849078678,0.856683240713659,False,False,False,False,0.3307652682596486,0.30926551825796467,False,False,False,False,2658359.0,2496199.8013976966,False,False,False,False,76954.44876868492,False,False,False,False
2025-07-22 14:00:00+00:00,0.7172,0.7873,0.7069,0.78,190690.0,,,,,,,,,,,,,,,,,,,,,,,,0.5575388931535893,0.5206687225323695,0.5007114659437454,0.4884267860019226,"rgba(38, 166, 154, 1.0)",0.0,0.0,0.05401084465679877,0.5567190270274631,4.134002613573842,0.0,0.0,0.0,0.0,0.0,0.0,0.0,0.0,73.78268189920048,18.921951490737953,True,False,True,False,True,20.0,0,1.074651007419389,0.8259784099300257,False,False,False,False,0.34282806486776013,0.3260467915628624,False,False,False,False,2849049.0,2501670.3316085846,False,False,False,False,78717.79064824019,False,False,False,False
2025-07-22 15:00:00+00:00,0.7825,0.7825,0.7535,0.7702,216337.0,,,,,,,,,,,,,,,,,,,,,,,,0.5619511214963079,0.5246928046669525,0.5042553218649963,0.49110986932975625,"rgba(38, 166, 154, 1.0)",0.0,0.0,0.05663924428162075,0.5621351510869005,3.6735103293144724,0.0,0.0,0.0,0.0,0.0,0.0,0.0,0.0,76.38217861696737,21.11864081931465,True,False,True,False,True,20.0,0,1.0936721299968413,0.8312217035763171,False,False,False,False,0.3428280744913346,0.3344374330270985,False,False,False,False,2632712.0,2503701.985382095,False,False,False,False,80851.42180098065,False,False,False,False
2025-07-22 16:00:00+00:00,0.7702,0.7712,0.7336,0.747,90721.0,,,,,,,,,,,,,,,,,,,,,,,,0.5635895159877764,0.526219192016615,0.5056137123496459,0.4921472998447267,"rgba(38, 166, 154, 1.0)",0.0,0.0,0.05821883537819282,0.5640001945793063,3.1433092783790113,0.0,0.0,0.0,0.0,0.0,0.0,0.0,0.0,74.71620493918869,21.11864081931465,True,False,True,False,True,20.0,0,1.0869897781795426,0.8315833391280162,False,False,False,False,0.3150103446379516,0.324723888832525,False,False,False,False,2541991.0,2504295.613515706,False,False,False,False,81004.43851724452,False,False,False,False
2025-07-22 17:00:00+00:00,0.747,0.7882,0.7345,0.7688,110299.0,,,,,,,,,,,,,,,,,,,,,,,,0.5656818228764847,0.5281552468085651,0.5073333326490603,0.4934615055756179,"rgba(38, 166, 154, 1.0)",0.0,0.0,0.06032636687668894,0.5663792347536002,3.3554277462152027,0.0,0.0,0.0,0.0,0.0,0.0,0.0,0.0,74.71879251889351,21.11864081931465,True,False,True,False,True,20.0,0,1.0862629651182694,0.8277821517817411,False,False,False,False,0.33090961792933926,0.32781675338093214,False,False,False,False,2652290.0,2506590.100127865,False,False,False,False,81458.61776503918,False,False,False,False
2025-07-22 18:00:00+00:00,0.7763,0.7873,0.7656,0.7783,52438.0,,,,,,,,,,,,,,,,,,,,,,,,0.5667266937591975,0.5291157209428576,0.5081846268249844,0.49411221503260855,"rgba(38, 166, 154, 1.0)",0.0,0.0,0.06253242258120353,0.5675695673540211,3.369938728542429,0.0,0.0,0.0,0.0,0.0,0.0,0.0,0.0,75.17649882412853,21.11864081931465,True,False,True,False,True,20.0,0,1.0986803969038768,0.8271899614689536,False,False,False,False,0.34282807756310296,0.3353224154720176,False,False,False,False,2704728.0,2509662.0055522393,False,False,False,False,81008.68570666647,False,False,False,False
2025-07-22 19:00:00+00:00,0.7783,0.7942,0.7631,0.7812,94340.0,,,,,,,,,,,,,,,,,,,,,,,,0.5686021660564596,0.5308419290992372,0.5097164556951925,0.49528540709014224,"rgba(38, 166, 154, 1.0)",0.0,0.0,0.06460444402196908,0.5834999795488428,3.0601613162080348,0.0,0.0,0.0,0.0,0.0,0.0,0.0,0.0,75.62705234521289,21.11864081931465,True,False,True,False,True,20.0,0,1.0969413677471804,0.8266436337770553,False,False,False,False,0.3428280779002856,0.3390752466861516,False,False,False,False,2799068.0,2514148.92019484,False,False,False,False,81215.37274997396,False,False,False,False
2025-07-23 14:00:00+00:00,0.7695,0.78,0.7445,0.7554,57531.0,,,,,,,,,,,,,,,,,,,,,,,,0.5696253005922088,0.5318012017626217,0.5105751204302398,0.49594728151466533,"rgba(38, 166, 154, 1.0)",0.0,0.0,0.06570730621544643,0.5841901851671244,2.6056434922396448,0.0,0.0,0.0,0.0,0.0,0.0,0.0,0.0,71.98815505767627,21.11864081931465,True,False,True,False,False,19.35969545546888,0,1.0886845020308147,0.8327682857238764,False,False,False,False,0.31401978401370867,0.3265475153499301,False,False,False,False,2741537.0,2517674.3167809667,False,False,False,False,80848.17317245498,False,False,False,False
2025-07-23 15:00:00+00:00,0.76,0.76,0.7124,0.7422,56158.0,,,,,,,,,,,,,,,,,,,,,,,,0.5705005116883037,0.5326412722323027,0.511334967941122,0.49653717278429776,"rgba(38, 166, 154, 1.0)",0.0,0.0,0.06634766802422384,0.584587570772751,2.3755534131162515,0.0,0.0,0.0,0.0,0.0,0.0,0.0,0.0,67.80149197957454,22.85311973836947,True,False,True,False,False,17.365490818255054,0,1.0766092926077007,0.8422710841375651,False,False,False,False,0.2673459989973015,0.2969467571736158,False,False,False,False,2685379.0,2520274.3893890134,False,False,False,False,80465.3797899363,False,False,False,False
2025-07-23 16:00:00+00:00,0.7277,0.7494,0.7262,0.7422,15292.0,,,,,,,,,,,,,,,,,,,,,,,,0.5707387682570645,0.5328700236742862,0.5115419675428591,0.4966980115185259,"rgba(38, 166, 154, 1.0)",0.0,0.0,0.06687540446623776,0.5847386545549729,2.354547934353383,0.0,0.0,0.0,0.0,0.0,0.0,0.0,0.0,65.01038326084006,20.272540735269274,True,False,True,False,False,17.365490818255054,0,1.0795386756810499,0.8515609465102408,False,False,False,False,0.2701328752982924,0.2835398162359541,False,False,False,False,2685379.0,2522834.1507938346,False,False,False,False,79454.9397931931,False,False,False,False
2025-07-23 17:00:00+00:00,0.7271,0.746,0.713,0.7151,82688.0,,,,,,,,,,,,,,,,,,,,,,,,0.5719051652691339,0.534011541639365,0.5125836065031554,0.4975120250700654,"rgba(38, 166, 154, 1.0)",0.0,0.0,0.06565622041573561,0.585326598049514,1.9765591307077974,0.0,0.0,0.0,0.0,0.0,0.0,0.0,0.0,59.6832850133643,15.402405031569856,True,False,True,False,False,13.372981777436983,0,1.0736242759347023,0.8525868878357031,False,False,False,False,0.25543632812327816,0.2694880721796161,False,False,False,False,2602691.0,2524072.2414792012,False,False,False,False,79505.06475763972,False,False,False,False
2025-07-23 18:00:00+00:00,0.7157,0.7374,0.711,0.735,32702.0,,,,,,,,,,,,,,,,,,,,,,,,0.5723708578275927,0.5344665350829362,0.512998736552057,0.49783672583393557,"rgba(38, 166, 154, 1.0)",0.0,0.0,0.06454110184237186,0.5856462197266248,2.314087860448069,0.0,0.0,0.0,0.0,0.0,0.0,0.0,0.0,58.27775194253428,14.201116495111478,False,False,True,False,False,15.306382058374272,0,1.071674030436917,0.8562264768450337,False,False,False,False,0.24529731994550516,0.25739269606256066,False,False,False,False,2635393.0,2525798.1447120816,False,False,False,False,78779.43584666855,False,False,False,False
2025-07-23 19:00:00+00:00,0.735,0.7485,0.715,0.7437,58109.0,,,,,,,,,,,,,,,,,,,,,,,,0.5732334187853081,0.5353027354238631,0.5137595524660226,0.49843126799193194,"rgba(38, 166, 154, 1.0)",0.0,0.0,0.06332573554237154,0.5863656856229207,2.484524072709842,0.0,0.0,0.0,0.0,0.0,0.0,0.0,0.0,58.20891222539223,14.032942669578404,False,False,True,False,False,16.1302973528965,0,1.070411572016995,0.8546686991210718,False,False,False,False,0.2582968335329662,0.2578447647977634,False,False,False,False,2693502.0,2528398.2044839873,False,False,False,False,78458.96397307678,False,False,False,False
2025-07-24 14:00:00+00:00,0.729,0.7335,0.7089,0.7202,33862.0,,,,,,,,,,,,,,,,,,,,,,,,0.5736862711710975,0.5357509136815891,0.514170979218036,0.498754739096133,"rgba(38, 166, 154, 1.0)",0.0,0.0,0.06177864218830838,0.5866701010924128,2.161424954931394,0.0,0.0,0.0,0.0,0.0,0.0,0.0,0.0,55.24193376723124,11.06612701009579,False,False,True,False,False,12.790465895487198,0,1.0644508020187085,0.8580796554051883,False,False,False,False,0.23949361793554058,0.248669191366652,False,False,False,False,2659640.0,2530432.9610036155,False,False,False,False,77767.53817504458,False,False,False,False
2025-07-24 15:00:00+00:00,0.7202,0.728,0.6934,0.7064,49047.0,,,,,,,,,,,,,,,,,,,,,,,,0.574285984838749,0.5363558077566369,0.5147307331930292,0.49919721978696624,"rgba(38, 166, 154, 1.0)",0.0,0.0,0.05988334401225855,0.5870015781624511,1.9938502735102297,0.0,0.0,0.0,0.0,0.0,0.0,0.0,0.0,51.77392728153407,7.712057634407934,False,True,False,False,False,10.90395179784985,0,1.0589305085827323,0.8622934082062409,False,False,False,False,0.22119598023645287,0.23493258580155243,False,False,False,False,2610593.0,2531675.752305885,False,False,False,False,77322.25851341597,False,False,False,False
2025-07-24 16:00:00+00:00,0.6998,0.7133,0.6936,0.6965,20446.0,,,,,,,,,,,,,,,,,,,,,,,,0.5745194511831222,0.5365949210007395,0.5149534116831685,0.49937400549241606,"rgba(38, 166, 154, 1.0)",0.0,0.0,0.057785684096382434,0.587111715535374,1.8929997312513267,0.0,0.0,0.0,0.0,0.0,0.0,0.0,0.0,48.44295018307825,4.5495727820886955,False,True,False,True,False,9.57356667433297,0,1.0588930785454083,0.8711893653735541,False,False,False,False,0.20864711986289303,0.22178985283222274,False,False,False,False,2590147.0,2532582.283277887,False,False,False,False,76440.45605584364,False,False,False,False
2025-07-24 17:00:00+00:00,0.6965,0.7193,0.6962,0.7074,45154.0,,,,,,,,,,,,,,,,,,,,,,,,0.5750583316022515,0.5371413045383817,0.5154604098290807,0.4997758764612542,"rgba(38, 166, 154, 1.0)",0.0,0.0,0.05733176171112593,0.5874359587712813,2.092453426307991,0.0,0.0,0.0,0.0,0.0,0.0,0.0,0.0,47.733483653529774,3.774623039062064,False,True,False,True,False,10.692466781340045,0,1.059100302018757,0.8646955968844383,False,False,False,False,0.21608183135091985,0.2189358420915713,False,False,False,False,2635301.0,2534174.8215216408,False,False,False,False,75955.39472164451,False,False,False,False
2025-07-24 18:00:00+00:00,0.7113,0.7165,0.7013,0.7015,46035.0,,,,,,,,,,,,,,,,,,,,,,,,0.5755983206526175,0.5376908710365761,0.5159713500967161,0.5001816386886859,"rgba(38, 166, 154, 1.0)",0.0,0.0,0.056564582462788664,0.5877712093829168,2.010600726910701,0.0,0.0,0.0,0.0,0.0,0.0,0.0,0.0,46.56158530385033,2.436359692303249,False,True,False,True,False,9.890609349579648,0,1.0604716024340772,0.865586967545639,False,False,False,False,0.21761823093906968,0.2182770365153205,False,False,False,False,2589266.0,2535028.9483197546,False,False,False,False,75491.51263293685,False,False,False,False
2025-07-24 19:00:00+00:00,0.7015,0.724,0.6932,0.6986,76226.0,,,,,,,,,,,,,,,,,,,,,,,,0.5764748680610171,0.5385868170132604,0.516806248189173,0.5008462378872397,"rgba(38, 166, 154, 1.0)",0.0,0.0,0.055811423158305055,0.588334986531945,1.975671058508869,0.0,0.0,0.0,0.0,0.0,0.0,0.0,0.0,45.42034859667052,1.0677820821725135,False,True,False,True,False,9.494056945135366,0,1.0575682225929306,0.8651600516194013,False,False,False,False,0.21618630497465718,0.21723167074498884,False,False,False,False,2513040.0,2534688.0343923164,False,False,False,False,75502.90003397658,False,False,False,False
2025-07-25 14:00:00+00:00,0.6779,0.7,0.6544,0.679,99583.0,,,,,,,,,,,,,,,,,,,,,,,,0.5773618650659526,0.5395524454932135,0.5177285848245955,0.5015922278638691,"rgba(38, 166, 154, 1.0)",0.0,0.0,0.05487988646798732,0.5886104048220455,1.6470441357541952,0.0,0.0,0.0,0.0,0.0,0.0,0.0,0.0,42.40753307078609,-2.0151474084321563,False,True,False,True,False,6.856945584926745,0,1.044512973865371,0.8754945020714577,False,False,False,False,0.15954521555432213,0.18838844314965547,False,False,False,False,2413457.0,2532808.4834715053,False,False,False,False,75876.23491717073,False,False,False,False
2025-07-25 15:00:00+00:00,0.6775,0.6833,0.6516,0.6575,11579.0,,,,,,,,,,,,,,,,,,,,,,,,0.5774500970288569,0.5396528415941532,0.5178260461344996,0.5016718638600988,"rgba(239, 83, 80, 1.0)",0.0,0.0,0.053996713013077555,0.5886193409410057,1.275645409051325,0.0,0.0,0.0,0.0,0.0,0.0,0.0,0.0,38.434771958776516,-5.858598127492989,False,True,False,True,False,4.093816640833637,0,1.0424028268551238,0.8833612299299488,False,False,False,False,0.136266564621517,0.16232750388558626,False,False,False,False,2401878.0,2530778.5534952027,False,False,False,False,74879.37856186576,False,False,False,False
2025-07-25 16:00:00+00:00,0.6573,0.6609,0.65,0.6586,27543.0,,,,,,,,,,,,,,,,,,,,,,,,0.5776408368395035,0.5398764005406838,0.518045288766722,0.50185209525201,"rgba(239, 83, 80, 1.0)",0.0,0.0,0.053417031734080134,0.5957918734971507,1.1758071248795656,0.0,0.0,0.0,0.0,0.0,0.0,0.0,0.0,36.00027399116229,-8.195152843407818,False,True,False,True,False,4.218553040009144,0,1.039218135265097,0.8983326047586337,False,False,False,False,0.11493599611546146,0.13863175000052386,False,False,False,False,2429421.0,2529207.1185572925,False,False,False,False,74145.48121982132,False,False,False,False
2025-07-25 17:00:00+00:00,0.6586,0.6974,0.655,0.6656,91454.0,,,,,,,,,,,,,,,,,,,,,,,,0.5783961160193754,0.5407146655594907,0.5188527417191842,0.5025097856940841,"rgba(239, 83, 80, 1.0)",0.0,0.0,0.05337155290470668,0.5966384164197731,1.2921037486646814,0.0,0.0,0.0,0.0,0.0,0.0,0.0,0.0,35.80108874586192,-8.543918809707733,False,True,False,True,False,5.017972822742173,0,1.0413958262059528,0.8851118091624421,False,False,False,False,0.15189707765856633,0.14526441382954508,False,False,False,False,2520875.0,2529077.9384246212,False,False,False,False,74413.83034819618,False,False,False,False
2025-07-25 18:00:00+00:00,0.6806,0.6928,0.6633,0.6821,60497.0,,,,,,,,,,,,,,,,,,,,,,,,0.5789243880719359,0.5412913881927549,0.5194054348305653,0.5029591792264279,"rgba(239, 83, 80, 1.0)",0.0,0.0,0.05340463866211507,0.5970527670045913,1.5925064774521305,0.0,0.0,0.0,0.0,0.0,0.0,0.0,0.0,38.709567665924745,-8.543918809707733,False,True,False,True,True,6.868781136911586,0,1.0407507033979533,0.884240793989426,False,False,False,False,0.15521101586669203,0.15023771484811854,False,False,False,False,2581372.0,2529888.6990692005,False,False,False,False,74198.06553659623,False,False,False,False
2025-07-25 19:00:00+00:00,0.6821,0.7094,0.6658,0.6917,37560.0,,,,,,,,,,,,,,,,,,,,,,,,0.579280562648658,0.5416716792996524,0.5197670713020558,0.5032521071054912,"rgba(239, 83, 80, 1.0)",0.0,0.0,0.05354273053172801,0.5974055958655098,1.7611056290566618,0.0,0.0,0.0,0.0,0.0,0.0,0.0,0.0,42.21337458510062,-13.516065305933076,False,True,False,True,True,7.92199430025925,0,1.0396442107837145,0.8806088763907569,False,False,False,False,0.17237368469142067,0.1613056997697696,False,False,False,False,2618932.0,2531269.2153627016,False,False,False,False,73630.03351277302,False,False,False,False
2025-07-28 14:00:00+00:00,0.6888,0.713,0.6744,0.7102,40931.0,,,,,,,,,,,,,,,,,,,,,,,,0.5797020558246051,0.5421125149710413,0.5201831412647216,0.5035878083654206,"rgba(239, 83, 80, 1.0)",0.0,0.0,0.05378064379353685,0.5978908384014762,2.088282208552155,0.0,0.0,0.0,0.0,0.0,0.0,0.0,0.0,47.1732292447429,-8.890558301454632,False,True,False,False,True,9.900875344928128,0,1.0413413231644573,0.8811209975183102,False,False,False,False,0.1833884664457719,0.17234708310777075,False,False,False,False,2659863.0,2533262.917450101,False,False,False,False,73123.07175288507,False,False,False,False
2025-07-28 15:00:00+00:00,0.7027,0.7075,0.672,0.6982,91775.0,,,,,,,,,,,,,,,,,,,,,,,,0.580584569814868,0.5430506768121108,0.5210747614286666,0.5043109652902883,"rgba(239, 83, 80, 1.0)",0.0,0.0,0.0539003365581471,0.5986372835217965,1.8471631688384063,0.0,0.0,0.0,0.0,0.0,0.0,0.0,0.0,48.54570678675446,-7.626759511101177,False,True,False,False,True,8.274814977234069,1,1.04022936743823,0.8838151850851121,False,False,False,False,0.17625108603536083,0.1742990845715658,False,False,False,False,2568088.0,2533802.8412105646,False,False,False,False,73412.24893501087,False,False,False,False
2025-07-28 16:00:00+00:00,0.6986,0.7044,0.6914,0.6966,43805.0,,,,,,,,,,,,,,,,,,,,,,,,0.5810191733415252,0.5435088972855954,0.5215091628195966,0.5046631201112676,"rgba(239, 83, 80, 1.0)",0.0,0.0,0.05402989836301346,0.5990240090373422,1.8059628820152307,0.0,0.0,0.0,0.0,0.0,0.0,0.0,0.0,49.203975311136965,-6.856973588303887,False,True,False,False,True,8.058383396308663,1,1.0457569463258978,0.8880158945181975,False,False,False,False,0.1909979203519399,0.18264850246175285,False,False,False,False,2524283.0,2533655.2467731913,False,False,False,False,72953.22181973938,False,False,False,False
2025-07-28 17:00:00+00:00,0.7001,0.7001,0.6906,0.6912,33173.0,,,,,,,,,,,,,,,,,,,,,,,,0.5813363211628755,0.5438462490980654,0.5218301934863324,0.5049241238455004,"rgba(239, 83, 80, 1.0)",0.0,0.0,0.05415248880008833,0.5992745105239801,1.6975302800094025,0.0,0.0,0.0,0.0,0.0,0.0,0.0,0.0,48.73452000187826,-6.856973588303887,False,True,False,False,True,7.321551859557001,0,1.0458229144699183,0.885969933419697,False,False,False,False,0.18637534333951708,0.18451192290063495,False,False,False,False,2491110.0,2532995.6305441493,False,False,False,False,72336.47419462714,False,False,False,False
2025-07-28 18:00:00+00:00,0.6912,0.7012,0.6853,0.6915,55913.0,,,,,,,,,,,,,,,,,,,,,,,,0.5818607374623193,0.5444065493458483,0.5223645271978509,0.5053594057665589,"rgba(239, 83, 80, 1.0)",0.0,0.0,0.054257836831725116,0.5996666306384277,1.6925365020795733,0.0,0.0,0.0,0.0,0.0,0.0,0.0,0.0,48.48001366169716,-6.856973588303887,False,True,False,False,True,7.355570596782734,0,1.0447172820559116,0.8852276488820682,False,False,False,False,0.18257442712537994,0.18354317501300743,False,False,False,False,2547023.0,2533213.109140364,False,False,False,False,72081.84668773369,False,False,False,False
2025-07-28 19:00:00+00:00,0.6865,0.7061,0.6839,0.6964,56155.0,,,,,,,,,,,,,,,,,,,,,,,,0.5823956583130279,0.5449755918102818,0.5229065879269543,0.5058010496081466,"rgba(239, 83, 80, 1.0)",0.0,0.0,0.05440741596246013,0.6000872267685097,1.7702140696765298,0.0,0.0,0.0,0.0,0.0,0.0,0.0,0.0,49.31875317882269,-5.724073965946367,False,True,False,False,True,7.917556497434148,0,1.0443491558967286,0.8834447809529522,False,False,False,False,0.18574149036156104,0.18464233268728425,False,False,False,False,2603178.0,2534297.836130436,False,False,False,False,71834.91883210992,False,False,False,False
2025-07-29 14:00:00+00:00,0.6054,0.6422,0.5991,0.6187,53909.0,,,,,,,,,,,,,,,,,,,,,,,,0.5825648740195749,0.5452459269886382,0.523197595638654,0.5060551708331819,"rgba(239, 83, 80, 1.0)",0.0,0.0,0.05459880168965611,0.5995784131658454,0.35021989938246745,0.0,0.0,0.0,0.0,0.0,0.0,0.0,0.0,41.22306478953067,-3.3657100640195665,False,True,False,True,False,0.0,0,1.028202802726661,0.8890026622977678,False,False,False,False,0.05359303724795648,0.11911768496762036,False,False,False,False,2549269.0,2534529.947198181,False,False,False,False,71556.99760990666,False,False,False,False
2025-07-29 15:00:00+00:00,0.6129,0.6255,0.6129,0.6186,74032.0,,,,,,,,,,,,,,,,,,,,,,,,0.5827886459725412,0.5456090890477845,0.523590299771799,0.5063992657498053,"rgba(239, 83, 80, 1.0)",0.0,0.0,0.05474517215128949,0.5989711704593865,0.3585490513459125,0.0,0.0,0.0,0.0,0.0,0.0,0.0,0.0,35.81979276633474,-8.209329169678234,False,True,False,True,False,0.0,0,1.0320437785321315,0.8938897342853799,False,False,False,False,0.05104896931115264,0.0850833271393865,False,False,False,False,2475237.0,2533610.676698984,False,False,False,False,71595.36973998562,False,False,False,False
2025-07-29 16:00:00+00:00,0.6189,0.6229,0.5805,0.5963,252147.0,,,,,,,,,,,,,,,,,,,,,,,,0.5831392470327491,0.5465045629431295,0.5246410071662212,0.5073595019174099,"rgba(239, 83, 80, 1.0)",0.0,0.0,0.05521457896000092,0.5966412880056533,-0.006181121219822938,0.0,0.0,0.0,0.0,0.0,0.0,0.0,0.0,30.917101147505598,-12.502408881960108,False,True,False,True,False,0.0,0,1.0223549537533705,0.8948070399257736,False,False,False,False,0.020099468827072708,0.05259139798322961,False,False,False,False,2223090.0,2528796.4026416354,False,False,False,False,74394.61982153624,False,False,False,False
2025-07-29 17:00:00+00:00,0.5922,0.6148,0.5874,0.5988,51475.0,,,,,,,,,,,,,,,,,,,,,,,,0.5832108675913855,0.5466852066815586,0.5248531739532284,0.5075540185529044,"rgba(239, 83, 80, 1.0)",0.0,0.0,0.05527391213006918,0.5962728511635011,0.04572046267599127,0.0,0.0,0.0,0.0,0.0,0.0,0.0,0.0,28.15596158089091,-14.86050247054444,False,True,False,True,False,0.0,0,1.0239709233565062,0.897625984365535,False,False,False,False,0.014398963143078836,0.033495180563154224,False,False,False,False,2274565.0,2524854.8305076566,False,False,False,False,74039.27687856668,False,False,False,False
2025-07-29 18:00:00+00:00,0.5981,0.5991,0.5825,0.5848,33814.0,,,,,,,,,,,,,,,,,,,,,,,,0.5832261192287165,0.5467778442131903,0.5249707031588228,0.507665525427104,"rgba(239, 83, 80, 1.0)",0.0,0.0,0.055589653324671875,0.5959773567470225,-0.2010690133601125,0.0,0.0,0.0,0.0,0.0,0.0,0.0,0.0,25.497584078002387,-17.274434235147268,False,True,False,True,False,0.0,0,1.0211999884782672,0.9041967911973963,False,False,False,False,-0.003910692192706701,0.014792244185223761,False,False,False,False,2240751.0,2520450.1199571504,False,False,False,False,73415.629175023,False,False,False,False
2025-07-29 19:00:00+00:00,0.5848,0.5951,0.5657,0.5802,242375.0,,,,,,,,,,,,,,,,,,,,,,,,0.5831706225550555,0.5472986947715937,0.5256905676531547,0.5083734411047361,"rgba(239, 83, 80, 1.0)",0.0,0.0,0.05602574659102301,0.5967962060990311,-0.29622463079662403,0.0,0.0,0.0,0.0,0.0,0.0,0.0,0.0,23.466237717587358,-19.235319954491963,False,True,False,True,False,0.0,0,1.0155225248446316,0.906005670590257,False,False,False,False,-0.02240081254655644,-0.00380428418066634,False,False,False,False,1998376.0,2512355.947554714,False,False,False,False,76035.1543040924,False,False,False,False
2025-07-30 14:00:00+00:00,0.6119,0.6141,0.5882,0.6001,167450.0,,,,,,,,,,,,,,,,,,,,,,,,0.5834012264443318,0.5478663423564283,0.5263592839554908,0.508991344283055,"rgba(239, 83, 80, 1.0)",0.0,0.0,0.056018735701102676,0.5964803438011094,0.06461509981595939,0.0,0.0,0.0,0.0,0.0,0.0,0.0,0.0,26.35299828354141,-19.235319954491963,False,True,False,True,False,0.0,0,1.019668589944007,0.898303157775062,False,False,False,False,0.008777209547729906,0.002486462683531783,False,False,False,False,2165826.0,2506983.3902282845,False,False,False,False,77452.43873348631,False,False,False,False
2025-07-30 15:00:00+00:00,0.6001,0.6105,0.5896,0.5947,112117.0,,,,,,,,,,,,,,,,,,,,,,,,0.58353029090037,0.5482218588546067,0.5267853981472601,0.5093891781356173,"rgba(239, 83, 80, 1.0)",0.0,0.0,0.056101718269525744,0.5961138094853486,-0.025200823236043637,0.0,0.0,0.0,0.0,0.0,0.0,0.0,0.0,27.785162159057418,-19.235319954491963,False,True,False,True,True,0.0,0,1.0196507170239955,0.9027687065171093,False,False,False,False,0.006564688465710584,0.0045255755746211835,False,False,False,False,2053709.0,2499955.880302265,False,False,False,False,77989.87379188187,False,False,False,False
2025-07-30 16:00:00+00:00,0.5948,0.6088,0.5897,0.6054,39953.0,,,,,,,,,,,,,,,,,,,,,,,,0.5835850990997585,0.5483549440562067,0.5269424184101663,0.5095349003545216,"rgba(239, 83, 80, 1.0)",0.0,0.0,0.055792063984083345,0.5960117009335004,0.16827301942401648,0.0,0.0,0.0,0.0,0.0,0.0,0.0,0.0,30.888871851115937,-26.2703693576155,False,True,False,True,True,0.0,0,1.019501133786848,0.9034297052154197,False,False,False,False,0.004221971922155422,0.004373773748388303,False,False,False,False,2093662.0,2493656.750375098,False,False,False,False,77400.15481836432,False,False,False,False
2025-07-30 17:00:00+00:00,0.6056,0.6119,0.5921,0.6119,16062.0,,,,,,,,,,,,,,,,,,,,,,,,0.5836119918433085,0.5484122873664742,0.5270087434935086,0.5095959017665324,"rgba(239, 83, 80, 1.0)",0.0,0.0,0.055884725080273444,0.5959849743177135,0.2847831077172879,0.0,0.0,0.0,0.0,0.0,0.0,0.0,0.0,34.21052425737047,-22.95776829298387,False,True,False,True,True,0.0,0,1.0208616394927537,0.9039572010869568,False,False,False,False,0.005239508881347766,0.004806641314868035,False,False,False,False,2109724.0,2487704.304632848,False,False,False,False,76449.17567389355,False,False,False,False
2025-07-30 18:00:00+00:00,0.6104,0.618,0.5915,0.6054,95801.0,,,,,,,,,,,,,,,,,,,,,,,,0.5837685747857074,0.5487499342577407,0.5274003414514439,0.5099568720272545,"rgba(239, 83, 80, 1.0)",0.0,0.0,0.05608999663507717,0.5958136267583604,0.17091056902728768,0.0,0.0,0.0,0.0,0.0,0.0,0.0,0.0,35.56743836823273,-21.45560674983233,False,True,False,True,True,0.0,0,1.0181562280084446,0.9028852920478537,False,False,False,False,0.010295533587488739,0.007551087451178387,False,False,False,False,2013923.0,2480358.858049393,False,False,False,False,76749.20395801922,False,False,False,False
2025-07-30 19:00:00+00:00,0.6012,0.62,0.5907,0.6146,191018.0,,,,,,,,,,,,,,,,,,,,,,,,0.5841239843144687,0.549452060023402,0.5282039011136132,0.5106944834485748,"rgba(239, 83, 80, 1.0)",0.0,0.0,0.05617287450924223,0.5955957159193122,0.338317813477056,0.0,0.0,0.0,0.0,0.0,0.0,0.0,0.0,38.34685934538612,-18.58024770900653,False,True,False,True,True,0.0,0,1.017875625926651,0.9029568914873977,False,False,False,False,0.010776208135524672,0.009163647793351529,False,False,False,False,2204941.0,2476088.8137385496,False,False,False,False,78520.81319898016,False,False,False,False
2025-07-31 14:00:00+00:00,0.6233,0.6381,0.6048,0.6112,68071.0,,,,,,,,,,,,,,,,,,,,,,,,0.5842972190967864,0.5497383709146868,0.528520224086144,0.510980230852737,"rgba(239, 83, 80, 1.0)",0.0,0.0,0.0562635434106097,0.6002105249175885,0.1953214180310431,0.0,0.0,0.0,0.0,0.0,0.0,0.0,0.0,39.66554437381033,-17.054946540498705,False,True,False,True,True,0.0,0,1.0212641923215724,0.898675845987286,False,False,False,False,0.03915361764718429,0.024158632720267907,False,False,False,False,2136870.0,2470829.607323998,False,False,False,False,78358.80059124403,False,False,False,False
2025-07-31 15:00:00+00:00,0.6123,0.6179,0.5951,0.5995,37742.0,,,,,,,,,,,,,,,,,,,,,,,,0.584353341439341,0.549864065259833,0.5286676304609662,0.5111175718790206,"rgba(239, 83, 80, 1.0)",0.0,0.0,0.056595938573925135,0.5998827599428342,-0.00676302845184292,0.0,0.0,0.0,0.0,0.0,0.0,0.0,0.0,38.79862604656843,-17.054946540498705,False,True,False,True,True,0.0,1,1.0187870068064855,0.9057606109235793,False,False,False,False,0.003038762435727569,0.013598697577997738,False,False,False,False,2099128.0,2465066.791706572,False,False,False,False,77729.08275262009,False,False,False,False
2025-07-31 16:00:00+00:00,0.5995,0.6125,0.5943,0.6009,59052.0,,,,,,,,,,,,,,,,,,,,,,,,0.5844334785840885,0.5500538085211527,0.5288922534194133,0.5113279673434723,"rgba(239, 83, 80, 1.0)",0.0,0.0,0.056966799656146254,0.5995559592771572,0.023593404069659114,0.0,0.0,0.0,0.0,0.0,0.0,0.0,0.0,38.564628880130215,-17.054946540498705,False,True,False,True,True,0.0,1,1.0166035859325357,0.9105450727960881,False,False,False,False,-0.009293409431271625,0.0021526440733630565,False,False,False,False,2158180.0,2460308.856951431,False,False,False,False,77439.51557816086,False,False,False,False
2025-07-31 17:00:00+00:00,0.6009,0.6141,0.5911,0.5913,34649.0,,,,,,,,,,,,,,,,,,,,,,,,0.5844705585278783,0.5501566365478338,0.5290167707853081,0.5114459347054527,"rgba(239, 83, 80, 1.0)",0.0,0.0,0.057274777084599215,0.5993645464745876,-0.14080450217511264,0.0,0.0,0.0,0.0,0.0,0.0,0.0,0.0,36.982829405486314,-17.054946540498705,False,True,False,True,True,0.0,1,1.0140449438202248,0.9123981053095396,False,False,False,False,-0.018563797506071317,-0.00820557671635413,False,False,False,False,2123531.0,2455087.494828153,False,False,False,False,76776.09673198783,False,False,False,False
2025-07-31 18:00:00+00:00,0.5926,0.6122,0.5657,0.5837,70255.0,,,,,,,,,,,,,,,,,,,,,,,,0.5844847353748145,0.550314295469722,0.5292260456397444,0.5116524414067528,"rgba(239, 83, 80, 1.0)",0.0,0.0,0.0576931278247127,0.5987718766579276,-0.2612421483494546,0.0,0.0,0.0,0.0,0.0,0.0,0.0,0.0,34.903495818924625,-17.054946540498705,False,True,False,True,False,0.0,1,1.0061520794028382,0.9168238864736281,False,False,False,False,-0.05042253957144343,-0.02931405814389878,False,False,False,False,2053276.0,2448857.859249422,False,False,False,False,76674.99445707329,False,False,False,False
2025-07-31 19:00:00+00:00,0.5837,0.5964,0.5605,0.5775,51829.0,,,,,,,,,,,,,,,,,,,,,,,,0.5844604910487695,0.550401368642517,0.5293554764095413,0.5117858697586263,"rgba(239, 83, 80, 1.0)",0.0,0.0,0.058097958594026625,0.5982716458856279,-0.35752798184829,0.0,0.0,0.0,0.0,0.0,0.0,0.0,0.0,32.72809158594597,-12.058976606197824,False,True,False,True,False,0.0,1,1.0022266876663226,0.9214956823983057,False,False,False,False,-0.07526837232574532,-0.05229121523482205,False,False,False,False,2001447.0,2441921.256780438,False,False,False,False,76289.78524068456,False,False,False,False
2025-08-01 14:00:00+00:00,0.5621,0.5777,0.5511,0.5668,4585.0,,,,,,,,,,,,,,,,,,,,,,,0.5652,0.5844539893364559,0.5504054651154604,0.5293638662096877,0.5117953516910102,"rgba(239, 83, 80, 1.0)",0.0,0.0,0.05875045562407558,0.600023011437113,-0.5654936814396117,1.0,0.5777,0.5511,0.0,0.0,0.0,0.0,0.0,30.047531810441605,-14.778960511851352,False,True,False,True,False,0.0,1,0.9993775035184583,0.9281422539785645,True,False,False,False,-0.13342319242450332,-0.09285720382966269,False,False,False,False,1996862.0,2435021.1132644624,False,False,False,False,75178.08314392976,False,False,False,False
2025-08-01 15:00:00+00:00,0.5707,0.6193,0.5619,0.5773,98915.0,,,,,,,,,,,,,,,,,,,,,,,0.585237853462158,0.5844663718111704,0.5506177590636147,0.5296492530201942,0.5120790840916469,"rgba(239, 83, 80, 1.0)",0.0,0.0,0.059032421997130394,0.6004427858461399,-0.39203517428549367,0.0,0.0,0.0,0.0,0.0,0.0,0.0,0.0,31.4125835810025,-14.778960511851352,False,True,False,True,False,0.0,1,1.0008091051297265,0.9267490155887588,False,False,False,False,-0.08293664385811968,-0.08789692384389118,False,False,False,False,2095777.0,2429761.514609199,False,False,False,False,75546.09735875255,False,False,False,False
2025-08-01 16:00:00+00:00,0.5773,0.5864,0.5663,0.5673,11883.0,,,,,,,,,,,,,,,,,,,,,,,0.5840118373879458,0.5844567105792231,0.5506339474499843,0.5296756035432656,0.5121071451880457,"rgba(239, 83, 80, 1.0)",0.0,0.0,0.05948748003640361,0.6002773853482942,-0.5543584184119675,0.0,0.0,0.0,0.0,0.0,0.0,0.0,0.0,30.973122347389985,-14.778960511851352,False,True,False,True,False,0.0,1,0.9973034192643728,0.9336101822888577,False,False,False,False,-0.1331004738969559,-0.11049869887042355,False,False,False,False,2083894.0,2424399.227560994,False,False,False,False,74559.07259350058,False,False,False,False
2025-08-01 17:00:00+00:00,0.5673,0.582,0.5635,0.5683,16805.0,,,,,,,,,,,,,,,,,,,,,,,0.5823915496615931,0.5844405430073257,0.5506547210252906,0.5297110528841504,0.5121454474318039,"rgba(239, 83, 80, 1.0)",0.0,0.0,0.06011407947687286,0.6000438020623237,-0.5280593554549252,0.0,0.0,0.0,0.0,0.0,0.0,0.0,0.0,30.986898125402757,-14.778960511851352,False,True,False,True,False,0.0,1,0.9956390198697157,0.9454604922456323,False,False,False,False,-0.14148371542601704,-0.1259912071482203,False,False,False,False,2100699.0,2419380.619381754,False,False,False,False,73663.66061530677,False,False,False,False
2025-08-01 18:00:00+00:00,0.5705,0.5737,0.5629,0.5637,12662.0,,,,,,,,,,,,,,,,,,,,,,,0.5810257072833966,0.5844242352870077,0.550666934443426,0.5297348348160523,0.5121720799932752,"rgba(239, 83, 80, 1.0)",0.0,0.0,0.06074805578025947,0.5998488725079432,-0.595062212998264,0.0,0.0,0.0,0.0,0.0,0.0,0.0,0.0,30.336720071676666,-15.46946909425347,False,True,False,True,False,0.0,0,0.9890088700347087,0.9512423557930694,False,False,False,False,-0.15187383754016343,-0.13893252234419184,False,False,False,False,2088037.0,2414243.509003742,False,False,False,False,72717.89843522449,False,False,False,False
2025-08-01 19:00:00+00:00,0.5637,0.5792,0.5635,0.569,36553.0,,,,,,,,,,,,,,,,,,,,,,,0.5789181935616647,0.5843874212102259,0.5507103862514828,0.5298103455710068,0.512254159356935,"rgba(239, 83, 80, 1.0)",0.0,0.0,0.061373640290624414,0.5994263091105898,-0.4957553269858404,0.0,0.0,0.0,0.0,1.0,0.5804,0.5737,0.0,31.709484561214147,-15.46946909425347,False,True,False,True,False,0.0,1,0.9758907265695713,0.9496969198277517,False,False,False,False,-0.14474914369626,-0.14184083302022593,False,False,False,False,2124590.0,2409752.7569261645,False,False,False,False,72157.20233545356,False,False,False,False
2025-08-04 14:00:00+00:00,0.5999,0.6072,0.5804,0.5895,8716.0,,,,,,,,,,,,,,,,,,,,,,,0.5795347384182188,0.5843924725650257,0.5507320637538374,0.5298379185618729,0.5122810010790857,"rgba(239, 83, 80, 1.0)",0.0,0.0,0.061700550700599016,0.5994301630482914,-0.1609412385389781,0.0,0.0,0.0,0.0,0.0,0.0,0.0,0.0,38.073613670108266,-16.20252054053814,False,False,False,True,True,0.0,1,0.9776336147227274,0.9401753481175865,False,False,False,False,-0.09270589143762721,-0.11727336222892656,False,False,False,False,2133306.0,2405466.760694751,False,False,False,False,71173.61780312096,False,False,False,False
2025-08-04 15:00:00+00:00,0.5895,0.5975,0.585,0.5894,12693.0,,,,,,,,,,,,,,,,,,,,,,,0.5802293445818459,0.5843982208382258,0.5507622795141562,0.5298769174191461,0.5123192128517792,"rgba(239, 83, 80, 1.0)",0.0,0.0,0.061957030532723764,0.599420524308013,-0.16173345013235255,0.0,0.0,0.0,0.0,0.0,0.0,0.0,0.0,42.2932213685755,-12.441050044880782,True,False,False,True,True,0.0,1,0.9789536330682248,0.943001677216902,False,False,False,False,-0.0985869429066853,-0.10793015256780593,False,False,False,False,2120613.0,2401050.4233196387,False,False,False,False,70266.94155811133,False,False,False,False
2025-08-04 16:00:00+00:00,0.5894,0.6107,0.5874,0.5994,23747.0,,,,,,,,,,,,,,,,,,,,,,,0.5822142782527584,0.5844236261447094,0.5508307591058371,0.52995997391873,0.5123983810473031,"rgba(239, 83, 80, 1.0)",0.0,0.0,0.06201728898729584,0.5994852566517318,-0.0013747239378558193,0.0,0.0,0.0,0.0,1.0,0.5977,0.5975,0.0,47.294937595126655,-8.043342394244824,True,False,False,False,True,0.0,1,0.9797306379203742,0.9398102099518805,False,False,False,False,-0.08061749609275697,-0.09427382433028145,False,False,False,False,2144360.0,2397070.726834063,False,False,False,False,69545.7021541096,False,False,False,False
2025-08-04 17:00:00+00:00,0.5994,0.6131,0.5977,0.6007,21695.0,,,,,,,,,,,,,,,,,,,,,,,0.5841035746990314,0.5844540824720122,0.5508991759979806,0.5300407844660003,0.5124744653855315,"rgba(239, 83, 80, 1.0)",0.0,0.0,0.062144098659475545,0.5995707990536119,0.01817068669023095,0.0,0.0,0.0,0.0,0.0,0.0,0.0,0.0,50.901541753765784,-4.970432940480464,True,False,True,False,True,0.0,1,0.9825716809894787,0.9394158434396166,False,False,False,False,-0.06602731588816035,-0.0801505701092209,False,False,False,False,2166055.0,2393489.087658341,False,False,False,False,68803.8308028831,False,False,False,False
2025-08-04 18:00:00+00:00,0.5979,0.6139,0.5978,0.6093,9746.0,,,,,,,,,,,,,,,,,,,,,,,0.5849684916020672,0.5844699638136786,0.5509316885162605,0.5300785846764592,0.5125097866796403,"rgba(239, 83, 80, 1.0)",0.0,0.0,0.062273869782261716,0.5996166182833227,0.15549670753616004,0.0,0.0,0.0,0.0,0.0,0.0,0.0,0.0,55.04503175639847,-1.3479775614610503,True,False,True,False,True,0.0,0,0.9826731353627979,0.9394626006290986,False,False,False,False,-0.06499450295150128,-0.07257253653036108,False,False,False,False,2175801.0,2390114.078547359,False,False,False,False,67888.20551911747,False,False,False,False
2025-08-04 19:00:00+00:00,0.6093,0.6178,0.5999,0.6067,19797.0,,,,,,,,,,,,,,,,,,,,,,,0.5866193171032565,0.5845037740240686,0.5509989477486692,0.5301563834597702,0.5125823130209756,"rgba(239, 83, 80, 1.0)",0.0,0.0,0.06235010065952326,0.599708282275398,0.11213643042505897,0.0,0.0,0.0,0.0,0.0,0.0,0.0,0.0,56.94935095743184,0.2881679330708664,True,False,True,False,True,0.0,0,0.9833125514021172,0.9387154113495875,False,False,False,False,-0.058112513898281336,-0.06534252521432121,False,False,False,False,2156004.0,2386484.4649264696,False,False,False,False,67142.60543354976,False,False,False,False
2025-08-05 14:00:00+00:00,0.6364,0.6394,0.6095,0.6255,50765.0,,,,,,,,,,,,,,,,,,,,,,,0.5925184848927549,0.5846508739288157,0.5512207998056782,0.5303976634056818,0.5128001408714686,"rgba(239, 83, 80, 1.0)",0.0,0.0,0.06225629598032331,0.6002024898857818,0.40634460685251206,0.0,0.0,0.0,0.0,0.0,0.0,0.0,0.0,61.46904235562487,4.450706340258101,True,False,True,False,True,1.332035647883469,0,0.9852446081009995,0.9328248290373488,False,False,False,False,-0.022399974104555867,-0.04387124965943854,False,False,False,False,2206769.0,2383698.17864854,False,False,False,False,66888.6890702389,False,False,False,False
2025-08-05 15:00:00+00:00,0.6277,0.631,0.6104,0.617,39967.0,,,,,,,,,,,,,,,,,,,,,,,0.5954410173961887,0.5847506474038977,0.5513819340334768,0.5305760749107424,0.5129629033171899,"rgba(239, 83, 80, 1.0)",0.0,0.0,0.06221645513921958,0.6004459245606937,0.26607230197001486,0.0,0.0,0.0,0.0,0.0,0.0,0.0,0.0,61.845108179528545,4.841321108142367,True,False,True,False,True,0.1300996634423086,0,0.9855595667870036,0.9353842934128604,False,False,False,False,-0.030976073582316795,-0.037423661620877666,False,False,False,False,2166802.0,2380335.4471966247,False,False,False,False,66471.29854201815,False,False,False,False
2025-08-05 16:00:00+00:00,0.6165,0.63,0.6141,0.6214,67339.0,,,,,,,,,,,,,,,,,,,,,,,0.5995184724121371,0.5849288373519196,0.5516610868025996,0.5308830234422345,0.5132420844064111,"rgba(239, 83, 80, 1.0)",0.0,0.0,0.062092420944420995,0.60082708521248,0.3313273097522616,0.0,0.0,0.0,0.0,0.0,0.0,0.0,0.0,62.8605000989731,6.0446366426455,True,False,True,False,True,0.7476782174522967,0,0.9970066225165563,0.9348344370860928,False,False,False,False,-0.02788821883616676,-0.03265594022852221,False,False,False,False,2234141.0,2378068.866619933,False,False,False,False,66484.75127780081,False,False,False,False
2025-08-05 17:00:00+00:00,0.6214,0.6312,0.6168,0.622,24990.0,,,,,,,,,,,,,,,,,,,,,,,0.6008098319511288,0.5849972001636328,0.5517663229125411,0.5309982796542183,0.5133467527503253,"rgba(239, 83, 80, 1.0)",0.0,0.0,0.06215737892604053,0.600959201570954,0.3385084569618348,0.0,0.0,0.0,0.0,0.0,0.0,0.0,0.0,63.646515717529674,7.144956351237006,True,False,True,False,True,0.8328056039495699,0,0.9977184092537075,0.929084975990237,False,False,False,False,-0.02934314881888872,-0.030999544523705465,False,False,False,False,2259131.0,2376224.8686878406,False,False,False,False,65841.4218006256,False,False,False,False
2025-08-05 18:00:00+00:00,0.622,0.632,0.6149,0.6236,10698.0,,,,,,,,,,,,,,,,,,,,,,,0.601324594604529,0.5850265182537078,0.5518113838583323,0.5310476209328271,0.5133915673449428,"rgba(239, 83, 80, 1.0)",0.0,0.0,0.062168405405246346,0.6010133187700195,0.3633144695082441,0.0,0.0,0.0,0.0,0.0,0.0,0.0,0.0,64.48591886868788,8.36163617955345,True,False,True,False,True,1.0634596323579117,0,0.9947912514284195,0.932073666586941,False,False,False,False,-0.030622241733870733,-0.030810893128788097,False,False,False,False,2269829.0,2374575.320336091,False,False,False,False,64986.485028522875,False,False,False,False
2025-08-05 19:00:00+00:00,0.6279,0.6376,0.6186,0.6376,34986.0,,,,,,,,,,,,,,,,,,,,,,,0.6033926429266149,0.5851413796636329,0.5519742761072153,0.5312221410986219,0.5135481914110136,"rgba(239, 83, 80, 1.0)",0.0,0.0,0.06206351579465367,0.6012583284363126,0.5855561209894907,0.0,0.0,0.0,0.0,0.0,0.0,0.0,0.0,67.42777866410425,11.495738376374845,True,False,True,False,True,3.0610000112973736,0,0.9963255851106319,0.930612136219613,False,False,False,False,-0.019810832880730014,-0.025310863004759057,False,False,False,False,2304815.0,2373493.7649820433,False,False,False,False,64521.361229631046,False,False,False,False
2025-08-06 14:00:00+00:00,0.6465,0.6552,0.6171,0.6274,56010.0,,,,,,,,,,,,,,,,,,,,,,,0.606363705281171,0.5853318708897592,0.552240102224016,0.5315057405604081,0.5138022448592747,"rgba(239, 83, 80, 1.0)",0.0,0.0,0.06201862295144279,0.6067265712000528,0.3333422739188087,0.0,0.0,0.0,0.0,0.0,0.0,0.0,0.0,65.7826447821435,11.495738376374845,True,False,True,False,True,1.5239781616381904,0,0.9966339782666312,0.9241452425125896,False,False,False,False,-0.004221889255298239,-0.014766376130028649,False,False,False,False,2248805.0,2371560.605835035,False,False,False,False,64389.40214079956,False,False,False,False
2025-08-06 15:00:00+00:00,0.6273,0.6372,0.6158,0.6316,27963.0,,,,,,,,,,,,,,,,,,,,,,,0.6073977320361605,0.585416476137118,0.5523639589827739,0.5316397619438963,0.5139233494336436,"rgba(239, 83, 80, 1.0)",0.0,0.0,0.06198905962759838,0.6067722571987746,0.4005181390132237,0.0,0.0,0.0,0.0,0.0,0.0,0.0,0.0,65.4859090643032,11.495738376374845,True,False,True,False,True,2.126865859200219,0,0.9949450840280535,0.929072383220855,False,False,False,False,-0.11533268009449324,-0.06504952811226095,False,False,False,False,2276768.0,2370090.953031391,False,False,False,False,63824.65172001197,False,False,False,False
2025-08-06 16:00:00+00:00,0.6275,0.6386,0.6255,0.6314,28147.0,,,,,,,,,,,,,,,,,,,,,,,0.6085094681209879,0.5855085051866699,0.5524941770566472,0.5317793525291306,0.5140488597548636,"rgba(239, 83, 80, 1.0)",0.0,0.0,0.06194411334726499,0.6069249483048693,0.39511505407981257,0.0,0.0,0.0,0.0,0.0,0.0,0.0,0.0,65.21418898026067,11.495738376374845,True,False,True,False,True,2.0961276910454956,0,0.9935699104092119,0.9416718232936049,False,False,False,False,-0.12029111423315343,-0.09267032117270718,False,False,False,False,2248621.0,2368207.697945633,False,False,False,False,63271.509832879994,False,False,False,False
2025-08-06 17:00:00+00:00,0.6359,0.6381,0.6235,0.6296,54404.0,,,,,,,,,,,,,,,,,,,,,,,0.610278882259194,0.5856798815288919,0.552740138370641,0.5320442116379218,0.5142877539548674,"rgba(239, 83, 80, 1.0)",0.0,0.0,0.06198224090324438,0.607151872388738,0.36217031336934136,0.0,0.0,0.0,0.0,0.0,0.0,0.0,0.0,64.3123277207391,11.495738376374845,True,False,True,False,False,1.814979914322869,1,0.9869596911363697,0.9412781122600503,False,False,False,False,-0.12482640066290268,-0.10874836091780493,False,False,False,False,2194217.0,2365510.1677449252,False,False,False,False,63134.0290602772,False,False,False,False
2025-08-06 18:00:00+00:00,0.6296,0.6365,0.6127,0.6177,15476.0,,,,,,,,,,,,,,,,,,,,,,,0.6105490746630804,0.5857196064519655,0.5528025540380266,0.5321131115006741,0.5143508035446275,"rgba(239, 83, 80, 1.0)",0.0,0.0,0.062081966074796185,0.6071490146614467,0.16995249998754172,0.0,0.0,0.0,0.0,0.0,0.0,0.0,0.0,59.56175246319259,14.266618903242886,True,False,True,False,False,0.0,1,0.9833022614898274,0.9421253140958095,False,False,False,False,-0.1442195586878192,-0.12648395980281207,False,False,False,False,2178741.0,2362614.5217333757,False,False,False,False,62395.14488880003,False,False,False,False
2025-08-06 19:00:00+00:00,0.6157,0.6341,0.6129,0.6278,22246.0,,,,,,,,,,,,,,,,,,,,,,,0.6109992682768983,0.5857806581816742,0.552895469704381,0.5322148540942717,0.5144435131530368,"rgba(239, 83, 80, 1.0)",0.0,0.0,0.06213844458542495,0.6071816526429188,0.3318130586409533,0.0,0.0,0.0,0.0,0.0,0.0,0.0,0.0,59.054255519649175,13.65733121778483,True,False,True,False,False,1.4990373016023497,1,0.9823061362103843,0.9407687120701281,False,False,False,False,-0.14903546280522917,-0.13775971130402062,False,False,False,False,2200987.0,2360108.668683246,False,False,False,False,61772.67752618297,False,False,False,False
2025-08-07 14:00:00+00:00,0.6505,0.652,0.6172,0.6342,57096.0,,,,,,,,,,,,,,,,,,,,,,,0.6127441862312537,0.5859744278692972,0.5531642673340896,0.532501710722383,0.514701218553848,"rgba(239, 83, 80, 1.0)",0.0,0.0,0.06216840270986482,0.6075085423382119,0.4293412167327997,0.0,0.0,0.0,0.0,0.0,0.0,0.0,0.0,60.14605607338191,13.65733121778483,True,False,True,False,False,2.4545762625401437,1,0.9819312637392097,0.937241970939896,False,False,False,False,-0.11424248395228159,-0.1260010976281511,False,False,False,False,2258083.0,2358526.875370327,False,False,False,False,61700.17089787005,False,False,False,False
2025-08-07 15:00:00+00:00,0.6385,0.6409,0.6136,0.6392,55741.0,,,,,,,,,,,,,,,,,,,,,,,0.6139954881570294,0.5861496022502075,0.553414613964973,0.5327713799512828,0.514944979306633,"rgba(239, 83, 80, 1.0)",0.0,0.0,0.06208896044394237,0.6077197946770736,0.5070177548124454,0.0,0.0,0.0,0.0,0.0,0.0,0.0,0.0,61.90930810305318,13.65733121778483,True,False,True,False,True,3.1987109815697323,1,0.9814117393877441,0.9470328724377254,False,False,False,False,-0.13724510472142434,-0.1316231011747877,False,False,False,False,2313824.0,2357833.807535128,False,False,False,False,61607.78065139144,False,False,False,False
2025-08-07 16:00:00+00:00,0.6392,0.6434,0.616,0.62,12278.0,,,,,,,,,,,,,,,,,,,,,,,0.6141786686573283,0.5861839452494835,0.5534661773490361,0.5328277157597889,0.5149963399318611,"rgba(239, 83, 80, 1.0)",0.0,0.0,0.06213195150804961,0.6077421571921404,0.19728726541401956,0.0,0.0,0.0,0.0,0.0,0.0,0.0,0.0,57.35586933074062,11.94871838728399,True,False,True,False,False,0.17714205070060274,1,0.9737455123461864,0.9685384636465785,False,False,False,False,-0.12956270042188772,-0.1305929007983377,False,False,False,False,2301546.0,2356961.128348537,False,False,False,False,60842.977850594674,False,False,False,False
2025-08-07 17:00:00+00:00,0.62,0.6391,0.6142,0.6379,9186.0,,,,,,,,,,,,,,,,,,,,,,,0.6143549922749754,0.5862121064671332,0.5535067838741321,0.5328715887008608,0.5150360901712548,"rgba(239, 83, 80, 1.0)",0.0,0.0,0.06023756611261445,0.6077722507458968,0.5001488472787767,0.0,0.0,0.0,0.0,0.0,0.0,0.0,0.0,58.04595741608102,11.94871838728399,True,False,True,False,False,2.830007942862405,1,0.9601420352886124,0.9735748300255994,False,False,False,False,-0.13912893229747547,-0.1348609165479066,False,False,False,False,2310732.0,2356244.397676466,False,False,False,False,60042.09447306607,False,False,False,False
2025-08-07 18:00:00+00:00,0.6383,0.6492,0.6195,0.6489,20315.0,,,,,,,,,,,,,,,,,,,,,,,0.6149382185276088,0.5862866357942099,0.553606693815008,0.5329772165264427,0.5151305996209891,"rgba(38, 166, 154, 1.0)",0.0,0.0,0.05850604748906916,0.6079014628447856,0.7007572535621085,0.0,0.0,0.0,0.0,0.0,0.0,0.0,0.0,60.26309032747746,11.94871838728399,True,False,True,False,True,4.399652861409717,1,0.9625995134896064,0.9706435205661211,False,False,False,False,-0.11502277636564497,-0.12494184645677578,False,False,False,False,2331047.0,2355853.7403481486,False,False,False,False,59426.170527747214,False,False,False,False
2025-08-07 19:00:00+00:00,0.6487,0.6541,0.6411,0.6492,30996.0,,,,,,,,,,,,,,,,,,,,,,,0.6160860496058307,0.5864190775308671,0.5537745484834138,0.5331514963385678,0.5152848851401263,"rgba(38, 166, 154, 1.0)",0.0,0.0,0.057302601925111635,0.6081835479650551,0.7157869042063565,0.0,0.0,0.0,0.0,0.0,0.0,0.0,0.0,61.78789909659764,11.94871838728399,True,False,True,False,True,4.442359098472135,1,0.9684688448789728,0.9676610679368264,False,False,False,False,-0.07383528592663448,-0.09938856619170514,False,False,False,False,2362043.0,2355949.697862131,False,False,False,False,58985.39269010772,False,False,False,False
2025-08-08 14:00:00+00:00,0.6575,0.6804,0.6401,0.6622,92827.0,,,,,,,,,,,,,,,,,,,,,,,0.6202912973126155,0.5868936971907094,0.5543412274299301,0.5337278918697155,0.5157890047393483,"rgba(38, 166, 154, 1.0)",0.0,0.0,0.05547631586201485,0.6092967486440186,0.9536186845493961,0.0,0.0,0.0,0.0,0.0,0.0,0.0,0.0,64.70512560177178,9.925593709573647,True,False,True,False,True,6.280424498911213,1,0.9633622481500984,0.9604245766704543,False,False,False,False,-0.034746903722694275,-0.0670677349571997,False,False,False,False,2454870.0,2357483.345957292,False,False,False,False,59510.06877243163,False,False,False,False
2025-08-08 15:00:00+00:00,0.6621,0.6763,0.652,0.6679,41025.0,,,,,,,,,,,,,,,,,,,,,,,0.6220875418506023,0.5871141715571467,0.5546002618171985,0.5339899319344504,0.5160175651111707,"rgba(38, 166, 154, 1.0)",0.0,0.0,0.05326649613792169,0.6097869122770125,1.0909876176671478,0.0,0.0,0.0,0.0,0.0,0.0,0.0,0.0,67.37727801209073,12.454570301384564,True,False,True,False,True,7.072142019387684,1,0.9679043771789053,0.9594101045874606,False,False,False,False,-0.022722839887290645,-0.044895287422245175,False,False,False,False,2495895.0,2359629.2630742327,False,False,False,False,59223.47855890556,False,False,False,False
2025-08-08 16:00:00+00:00,0.6721,0.6761,0.6534,0.6665,51378.0,,,,,,,,,,,,,,,,,,,,,,,0.6241417399357144,0.5873883103979544,0.5549227722540289,0.5343164669220013,0.5163026942421305,"rgba(38, 166, 154, 1.0)",0.0,0.0,0.05080040299195034,0.6103571364615431,1.1051657119206926,0.0,0.0,0.0,0.0,0.0,0.0,0.0,0.0,68.6725676690472,13.725606777228492,True,False,True,False,True,6.8358437957787075,0,0.9759638069333038,0.9570901218462906,False,False,False,False,-0.020873653785101965,-0.03288447060367357,False,False,False,False,2444517.0,2360945.3520188183,False,False,False,False,59101.8432324109,False,False,False,False
2025-08-08 17:00:00+00:00,0.6586,0.6751,0.6537,0.6749,15291.0,,,,,,,,,,,,,,,,,,,,,,,0.6247517269399225,0.5874722027330456,0.5550206175037087,0.5344152339217794,0.5163888014179171,"rgba(38, 166, 154, 1.0)",0.0,0.0,0.04915954745831899,0.6105297855934755,1.3094142996556728,0.0,0.0,0.0,0.0,0.0,0.0,0.0,0.0,70.67820343913938,15.713035370072177,True,False,True,False,True,8.016591490646384,0,0.9748130438408716,0.9577993383558978,False,False,False,False,-0.021952327521084957,-0.027418399062379264,False,False,False,False,2459808.0,2362478.1062510842,False,False,False,False,58422.60535283864,False,False,False,False
2025-08-08 18:00:00+00:00,0.6748,0.6749,0.6546,0.6696,47741.0,,,,,,,,,,,,,,,,,,,,,,,0.6264873823888625,0.587728034761815,0.5553208837576077,0.5347191315364531,0.516654299362461,"rgba(38, 166, 154, 1.0)",0.0,0.0,0.04780046978547513,0.6110270291548445,1.225363916045731,0.0,0.0,0.0,0.0,0.0,0.0,0.0,0.0,70.07264538265281,15.713035370072177,True,False,True,False,True,7.1009619476089085,0,0.9714039333500236,0.9601657904253248,False,False,False,False,-0.020873653785101965,-0.024146026423740613,False,False,False,False,2412067.0,2363246.926309207,False,False,False,False,58256.9990682985,False,False,False,False
2025-08-08 19:00:00+00:00,0.6739,0.6739,0.6403,0.6428,57888.0,,,,,,,,,,,,,,,,,,,,,,,0.6277315472121742,0.5879810631744117,0.5556370667126841,0.5350466673966142,0.5169449107027924,"rgba(38, 166, 154, 1.0)",0.0,0.0,0.04623183400727341,0.6113841727848123,0.6795280327889497,0.0,0.0,0.0,0.0,0.0,0.0,0.0,0.0,62.61240919021117,17.92275683787986,True,False,True,False,False,2.680190819144382,0,0.9723189172630816,0.9596758472806262,False,False,False,False,-0.044465822273531116,-0.034305924348635865,False,False,False,False,2354179.0,2363106.338304413,False,False,False,False,58251.278152510924,False,False,False,False
2025-08-11 14:00:00+00:00,0.773,0.7974,0.7107,0.733,80963.0,,,,,,,,,,,,,,,,,,,,,,,0.635257010927561,0.588847559297448,0.5565055617044621,0.5358691324054309,0.5176321271717382,"rgba(38, 166, 154, 1.0)",0.0,0.0,0.046684805020694116,0.6137104117604675,2.5552123048742446,0.0,0.0,0.0,0.0,0.0,0.0,0.0,0.0,67.01769948386249,17.92275683787986,True,False,True,False,True,13.966758486199272,0,0.9810573399439534,0.9211845225264067,False,False,False,False,0.2599182817666848,0.11280617870902447,False,False,False,False,2435142.0,2364223.1702686856,False,False,False,False,58603.397871076646,False,False,False,False
2025-08-11 15:00:00+00:00,0.7341,0.8082,0.7171,0.8015,147829.0,,,,,,,,,,,,,,,,,,,,,,,0.6497516346663947,0.5906869222120364,0.5583059029522748,0.5375554531008334,0.5190313132974198,"rgba(38, 166, 154, 1.0)",0.0,0.0,0.04913514780226023,0.6183870601051364,3.7267200382053254,0.0,0.0,0.0,0.0,0.0,0.0,0.0,0.0,72.49145186344725,15.998262914262313,True,False,True,False,True,20.0,0,0.9805591557119052,0.9189568069405136,False,False,False,False,0.2884542667110639,0.2006302227100442,False,False,False,False,2582971.0,2367614.6094893264,False,False,False,False,59986.74053974212,False,False,False,False
2025-08-11 16:00:00+00:00,0.8015,0.8169,0.7667,0.7992,198120.0,,,,,,,,,,,,,,,,,,,,,,,0.6673226600354392,0.5933391404495792,0.5608761528992378,0.5399529315360568,0.5210175786581441,"rgba(38, 166, 154, 1.0)",0.0,0.0,0.051125304395670444,0.6244609168474863,3.417859027306086,0.0,0.0,0.0,0.0,0.0,0.0,0.0,0.0,75.81371753400231,18.830163130544662,True,False,True,False,True,20.0,0,1.0055033734620982,0.9164968911231645,False,False,False,False,0.34282792870861767,0.2717290757093309,False,False,False,False,2384851.0,2367881.840349957,False,False,False,False,62128.341461606586,False,False,False,False
2025-08-11 17:00:00+00:00,0.7993,0.8469,0.7633,0.8392,192500.0,,,,,,,,,,,,,,,,,,,,,,,0.6830805195717583,0.5961282611507178,0.5635529189609733,0.5424395311118473,0.5230748118315791,"rgba(38, 166, 154, 1.0)",0.0,0.0,0.05535719157851012,0.6303270037233003,3.773186289273117,0.0,0.0,0.0,0.0,0.0,0.0,0.0,0.0,79.12180137763339,21.772946875216405,True,False,True,False,True,20.0,0,1.006076094609748,0.9095887553133232,False,False,False,False,0.34282794670570066,0.3072785112075158,False,False,False,False,2577351.0,2371129.4242205,False,False,False,False,64149.60748545764,False,False,False,False
2025-08-11 18:00:00+00:00,0.8393,0.8987,0.8109,0.8952,231401.0,,,,,,,,,,,,,,,,,,,,,,,0.7039498250106451,0.6001569270002264,0.5673413458990509,0.5459240384760551,0.5259401501221941,"rgba(38, 166, 154, 1.0)",0.0,0.0,0.06226195639726423,0.6385296969469307,4.122425922747703,0.0,0.0,0.0,0.0,1.0,0.8783,0.8469,0.0,82.40865387623163,24.791276240717522,True,False,True,False,True,20.0,0,1.0169626360090331,0.8982755081092179,False,False,False,False,0.3428279993681153,0.3250532552878156,False,False,False,False,2808752.0,2377914.270356616,False,False,False,False,66742.65233064434,False,False,False,False
2025-08-11 19:00:00+00:00,0.8936,0.9233,0.8783,0.9215,388890.0,,,,,,,,,,,,,,,,,,,,,,,0.7363938042182089,0.6076225543790366,0.5743073611089622,0.5523113664136544,0.5311924629257191,"rgba(38, 166, 154, 1.0)",0.0,0.0,0.06983902241764753,0.6525006633116847,3.8517053557774634,0.0,0.0,0.0,0.0,0.0,0.0,0.0,0.0,84.99393511915657,27.25086965958839,True,False,True,False,True,20.0,0,1.0345398929390772,0.890415498343105,False,False,False,False,0.3428280342437708,0.3339406447657932,False,False,False,False,3197642.0,2390623.2274053507,False,False,False,False,71737.18485264985,False,False,False,False
2025-08-12 14:00:00+00:00,1.08,1.1,0.9534,0.9875,304738.0,,,,,,,,,,1.0136333333333332,,,,,,,,,,,,,0.7671494272338958,0.6152015930977834,0.5812420092345729,0.5586066630281311,0.5363381951132005,"rgba(38, 166, 154, 1.0)",0.0,0.0,0.07993203809183114,0.6663832915418709,4.017371708816048,0.0,0.0,0.0,0.0,0.0,0.0,0.0,0.0,87.4796750015537,29.71731796473391,True,False,True,False,True,20.0,0,1.0469846410520636,0.8566661759654548,False,False,False,False,0.34282809420396954,0.3383843694848814,False,False,False,False,3502380.0,2407859.7665153453,False,False,False,False,75349.60059136846,False,False,False,False
2025-08-12 15:00:00+00:00,0.9884,1.07,0.9716,1.03,260695.0,,,,,,,,,,1.0183514499507456,,,,,,,,,,,,,0.7894007196673234,0.6216250621971123,0.5871393201642947,0.5639754144962289,0.5407464267599635,"rgba(38, 166, 154, 1.0)",0.0,0.0,0.09104080914474656,0.6772894175000841,3.8742030723731635,0.0,0.0,0.0,0.0,0.0,0.0,0.0,0.0,89.49954623788646,31.83334974946517,True,False,True,False,True,20.0,0,1.0512530120481924,0.8653734939759035,False,False,False,False,0.33340473529990994,0.33589455239239563,False,False,False,False,3763075.0,2428870.85540658,False,False,False,False,78223.1726752232,False,False,False,False
2025-08-12 16:00:00+00:00,1.04,1.045,1.005,1.03,72062.0,,,,,,,,,,1.019291396376965,,,,,,,,,,,,,0.7949524267137008,0.6233772977991258,0.588752123453593,0.5654465728074471,0.5419579141446508,"rgba(38, 166, 154, 1.0)",0.0,0.0,0.10075764539878228,0.680144398941185,3.472248678243163,0.0,0.0,0.0,0.0,0.0,0.0,0.0,0.0,90.84612706210831,33.41346310177671,True,False,True,False,True,20.0,0,1.0579074836522158,0.8843787842092515,False,False,False,False,0.3401069391465304,0.33800074576946304,False,False,False,False,3763075.0,2449556.1909816717,False,False,False,False,78127.650618243,False,False,False,False
2025-08-12 17:00:00+00:00,1.03,1.035,0.9635,0.967,210401.0,,,,,,,,,,1.0116506708763022,,,,,,,,,,,,,0.8073295570403245,0.627931601776693,0.592989480179385,0.5693378455614989,0.5451849800971115,"rgba(38, 166, 154, 1.0)",0.0,0.0,0.10685550624284584,0.6870587745004955,2.6198109516536685,0.0,0.0,0.0,0.0,0.0,0.0,0.0,0.0,85.10672569145376,33.41346310177671,True,False,True,False,False,20.0,0,1.046589217992415,0.8874993999327925,False,False,False,False,0.2994519889890826,0.31872636737927285,False,False,False,False,3552674.0,2466658.7926718784,False,False,False,False,80178.40022106093,False,False,False,False
2025-08-12 18:00:00+00:00,0.9667,0.9946,0.96,0.9827,152910.0,,,,,,,,,,1.0066773562841682,,,,,,,,,,,,,0.8149580694860781,0.631086370445441,0.5959412042028225,0.5720588102348468,0.547452041196059,"rgba(38, 166, 154, 1.0)",0.0,0.0,0.11307608485336865,0.6916155797782566,2.5742350435921706,0.0,0.0,0.0,0.0,0.0,0.0,0.0,0.0,81.77552916037935,39.44748263248478,True,False,True,False,False,20.0,0,1.04302925989673,0.8961560527825589,False,False,False,False,0.265544611076564,0.29213548922791843,False,False,False,False,3705584.0,2485866.9354211516,False,False,False,False,81306.02192305999,False,False,False,False
2025-08-12 19:00:00+00:00,0.9827,0.9994,0.9337,0.9599,188236.0,,,,,,,,,,0.999973918134655,,,,,,,,,,,,,0.82270125811866,0.6347314629737085,0.5993757812848768,0.575239433839234,0.5501161590943365,"rgba(38, 166, 154, 1.0)",0.0,0.0,0.11803131233656754,0.6966097839422358,2.230681086616993,0.0,0.0,0.0,0.0,0.0,0.0,0.0,0.0,77.44512993971803,35.31499991570875,True,False,True,False,False,20.0,0,1.0385152900490324,0.8961318899969208,False,False,False,False,0.24915806286173545,0.27064677604482695,False,False,False,False,3517348.0,2501858.889910746,False,False,False,False,82963.85104053192,False,False,False,False
2025-08-13 14:00:00+00:00,1.075,1.1,1.055,1.095,215063.0,,,,,,,,,1.0833333333333333,1.0127418563663924,,,,,,,,,,,,,0.8372740867508085,0.6402684398640842,0.6044765029489427,0.5799030683710692,0.5539811524775504,"rgba(38, 166, 154, 1.0)",0.0,0.0,0.12779474498917132,0.7049283825261953,3.0523290883898038,0.0,0.0,0.0,0.0,0.0,0.0,0.0,0.0,78.30052471891915,35.31499991570875,True,False,True,False,False,20.0,0,1.0433257161323084,0.8800637074994806,False,False,False,False,0.34282811006586467,0.3067374430553458,False,False,False,False,3732411.0,2520937.2171989516,False,False,False,False,85011.89986160894,False,False,False,False
2025-08-13 15:00:00+00:00,1.095,1.14,1.075,1.095,154614.0,,,,,,,,,1.0916981491049393,1.0217278959410472,,,,,,,,,,,,,0.8475557094042813,0.6443413037028236,0.6082280039930926,0.5833344267215947,0.5568290301316358,"rgba(38, 166, 154, 1.0)",0.0,0.0,0.13663373914913682,0.7109406851771695,2.8108673393152674,0.0,0.0,0.0,0.0,0.0,0.0,0.0,0.0,78.87078790505323,35.31499991570875,True,False,True,False,False,20.0,0,1.0444602240190575,0.8754151682433514,False,False,False,False,0.34282811803950647,0.32478278054742615,False,False,False,False,3732411.0,2539719.756467185,False,False,False,False,86091.00218933594,False,False,False,False
2025-08-13 16:00:00+00:00,1.095,1.175,1.095,1.165,136708.0,,,,,,,,,1.1060879699569828,1.0316677416564282,,,,,,,,,,,,,0.857383200674452,0.6482048003439081,0.6117735728805621,0.5865712584459689,0.5595127244685688,"rgba(38, 166, 154, 1.0)",0.0,0.0,0.1475855903510901,0.7166673030934281,3.0377809638463833,0.0,0.0,0.0,0.0,0.0,0.0,0.0,0.0,80.52251775332073,35.31499991570875,True,False,True,False,True,20.0,0,1.0531267042355934,0.8680012724959097,False,False,False,False,0.34282812461212503,0.33380545257977556,False,False,False,False,3869119.0,2560330.59745219,False,False,False,False,86875.76184531522,False,False,False,False
2025-08-13 17:00:00+00:00,1.165,1.205,1.165,1.205,127790.0,,,,,,,,,1.1233325817006348,1.0428821295362354,,,,,,,,,,,,,0.8673980604950919,0.6520969477872842,0.6153321277374124,0.5898134290101384,0.5621974931398491,"rgba(38, 166, 154, 1.0)",0.0,0.0,0.15918694206034312,0.7224698278703008,3.0312170450939764,0.0,0.0,0.0,0.0,0.0,0.0,0.0,0.0,82.21282094265399,35.31499991570875,True,False,True,False,True,20.0,0,1.0685256265522691,0.855655904267329,False,False,False,False,0.3428281350700079,0.33831679382489177,False,False,False,False,3996909.0,2582603.130825024,False,False,False,False,87510.09111903128,False,False,False,False
2025-08-13 18:00:00+00:00,1.2,1.225,1.18,1.215,231952.0,,,,,,,,,1.1456497565214647,1.061367300807541,,,,,,,,,,,,,0.8848956472767435,0.6592134804544368,0.6218461550668137,0.5957548696740412,0.5671275551453563,"rgba(38, 166, 154, 1.0)",0.0,0.0,0.1701456269528303,0.7328728156630692,2.8336149037235714,0.0,0.0,0.0,0.0,0.0,0.0,0.0,0.0,83.4828802782425,35.31499991570875,True,False,True,False,True,20.0,0,1.0737241348354951,0.8512276134476413,False,False,False,False,0.34282813834307446,0.3405724660839831,False,False,False,False,4228861.0,2608126.5086416905,False,False,False,False,89749.5005590463,False,False,False,False
2025-08-13 19:00:00+00:00,1.215,1.255,1.21,1.245,206831.0,,,,,,,,,1.163194822164521,1.0773961881373415,,,,,,,,,,,,,0.9003618970110662,0.6657463695924648,0.6278266486724415,0.6012125939751959,0.5716637457589943,"rgba(38, 166, 154, 1.0)",0.0,0.0,0.1813407766887818,0.7422702465092927,2.7722929319614384,0.0,0.0,0.0,0.0,0.0,0.0,0.0,0.0,84.75557527083866,35.31499991570875,True,False,True,False,True,20.0,0,1.08008658008658,0.8455616548400053,False,False,False,False,0.34282814355512203,0.3417003048195526,False,False,False,False,4435692.0,2636460.85734492,False,False,False,False,91564.71760464249,False,False,False,False
2025-08-14 14:00:00+00:00,1.29,1.3,1.18,1.195,421193.0,,,,,,,,,1.1806173639745918,1.1005662293270244,,,,,,,,,,,,,0.9270396332533791,0.6783405774791238,0.639426059664366,0.6118454226368562,0.5805550744508872,"rgba(38, 166, 154, 1.0)",0.0,0.0,0.18980705660944033,0.7899495143620573,2.1340117320896117,0.0,0.0,0.0,0.0,0.0,0.0,0.0,0.0,81.34525844519814,35.31499991570875,True,False,True,False,False,20.0,0,1.0748336543512518,0.8387103834704955,False,False,False,False,0.3428281447858087,0.34226422480268065,False,False,False,False,4014499.0,2657825.7897891845,False,False,False,False,96675.23361077206,False,False,False,False
2025-08-14 15:00:00+00:00,1.195,1.22,1.14,1.215,248561.0,,,,,,,,,1.1821933132573446,1.1082899386851692,,,,,,,,,,,,,0.9392792823740893,0.6850730348854767,0.6456844957468406,0.6176198822018535,0.5854239456621373,"rgba(38, 166, 154, 1.0)",0.0,0.0,0.1983394567152251,0.7977269431856445,2.103832811307305,0.0,0.0,0.0,0.0,0.0,0.0,0.0,0.0,79.59640108403474,35.31499991570875,True,False,True,False,False,20.0,0,1.0661790091489727,0.8532927671327465,False,False,False,False,0.2783587059870031,0.3103114653948419,False,False,False,False,4263060.0,2682713.141885476,False,False,False,False,99030.05169432599,False,False,False,False
2025-08-14 16:00:00+00:00,1.215,1.22,1.15,1.165,152580.0,,,,,,,,,1.1818825665561474,1.1117549399319269,,,,,,,,,,,,,0.9458791725224505,0.689012512129355,0.6493643642701993,0.6210269116832712,0.5883095838797101,"rgba(38, 166, 154, 1.0)",0.0,0.0,0.20477716939714466,0.802163956408123,1.7718578914829766,0.0,0.0,0.0,0.0,0.0,0.0,0.0,0.0,74.67503077196126,30.631610444194365,False,False,True,False,False,20.0,0,1.065407567428828,0.8607148204393299,False,False,False,False,0.2836392064236022,0.29697533590922204,False,False,False,False,4110480.0,2704849.0621663216,False,False,False,False,99860.2834510031,False,False,False,False
2025-08-14 17:00:00+00:00,1.165,1.18,1.14,1.18,119982.0,,,,,,,,,1.180976667854264,1.1138110476307579,,,,,,,,,,,,,0.9505706099462049,0.6919936050063302,0.6521594893213977,0.6236216242584922,0.5905145868299997,"rgba(38, 166, 154, 1.0)",0.0,0.0,0.21086126250505524,0.8054243723105247,1.776407971950254,0.0,0.0,0.0,0.0,0.0,0.0,0.0,0.0,71.95198195296251,28.049545162996452,False,False,True,False,False,20.0,0,1.061979766935587,0.8715371152943184,False,False,False,False,0.25738409025984565,0.2771797130845338,False,False,False,False,4230462.0,2728501.9759311844,False,False,False,False,100172.24804866196,False,False,False,False
2025-08-14 18:00:00+00:00,1.175,1.19,1.165,1.175,52535.0,,,,,,,,,1.1808671674543765,1.1148249472368656,,,,,,,,,,,,,0.9526547895540537,0.6933144695546858,0.6533974722012298,0.6247707645714311,0.5914914453844957,"rgba(38, 166, 154, 1.0)",0.0,0.0,0.2163764795713996,0.8069165415521908,1.70112509075345,0.0,0.0,0.0,0.0,0.0,0.0,0.0,0.0,69.74793433246158,25.912229240336785,False,True,True,False,False,20.0,0,1.0667916169705232,0.866927926392912,False,False,False,False,0.27572413735181295,0.2764519252181734,False,False,False,False,4177927.0,2750973.6817307007,False,False,False,False,99433.68606341138,False,False,False,False
2025-08-14 19:00:00+00:00,1.175,1.2,1.15,1.185,241450.0,,,,,,,,,1.1806022364749906,1.1192082463935111,,,,,,,,,,,,,0.9618273489475895,0.6993143227529992,0.6590307627173247,0.6300071309961717,0.59595218787602,"rgba(38, 166, 154, 1.0)",0.0,0.0,0.22156841621283407,0.8136903764859393,1.675823792310671,0.0,0.0,0.0,0.0,0.0,0.0,0.0,0.0,68.7170433104368,24.78056381081788,False,True,True,False,False,20.0,0,1.0632500742122897,0.8683898053517664,False,False,False,False,0.2730932968839213,0.27477261105104733,False,False,False,False,4419377.0,2776840.399843403,False,False,False,False,101635.48938025771,False,False,False,False
2025-08-15 14:00:00+00:00,1.14,1.15,1.06,1.095,385440.0,,,,,,,,,1.1693115780278243,1.11746734078474,,,,,,,,,,,,,0.9703476963620261,0.7071059015044884,0.666485892015619,0.6370235003134466,0.6020151220734064,"rgba(38, 166, 154, 1.0)",0.0,0.0,0.22433313691275691,0.8206761312190791,1.222841496161155,0.0,0.0,0.0,0.0,0.0,0.0,0.0,0.0,61.862073345227145,18.304054401317714,False,True,True,False,False,20.0,0,1.0365104404499978,0.872576694756943,False,False,False,False,0.20077201949712942,0.23777231527408837,False,False,False,False,4033937.0,2796330.2696132725,False,False,False,False,106035.55931234673,False,False,False,False
2025-08-15 15:00:00+00:00,1.1,1.1,1.09,1.095,37539.0,,,,,,,,,1.1682905899852063,1.1172522575706574,,,,,,,,,,,,,0.9710830304643661,0.7078360979319563,0.6671876506666828,0.6376860587362279,0.6025900722133146,"rgba(38, 166, 154, 1.0)",0.0,0.0,0.22672426323342498,0.8213273348357157,1.2070726849491327,0.0,0.0,0.0,0.0,0.0,0.0,0.0,0.0,57.29209336842071,14.175607935602372,False,True,True,False,False,20.0,0,1.044736075870388,0.8800174701551516,False,False,False,False,0.19062391513505242,0.21419811520457038,False,False,False,False,4033937.0,2815517.9708595783,False,False,False,False,104973.59715246537,False,False,False,False
2025-08-15 16:00:00+00:00,1.095,1.095,1.03,1.035,212642.0,,,,,,,,,1.159989830372262,1.1139643755332909,,,,,,,,,,,,,0.9737426112849286,0.711481378399442,0.6707368466159269,0.6410645884746702,0.6055483060699047,"rgba(38, 166, 154, 1.0)",0.0,0.0,0.22779202841409893,0.8240576619304584,0.9260303775252107,0.0,0.0,0.0,0.0,0.0,0.0,0.0,0.0,51.19946669344256,8.69948479253307,False,True,False,False,False,15.494389129494692,0,1.0307081895393773,0.8861565167076522,False,False,False,False,0.15789777168866434,0.18604794344661735,False,False,False,False,3821295.0,2831111.413171833,False,False,False,False,106642.87471599304,False,False,False,False
2025-08-15 17:00:00+00:00,1.035,1.07,1.02,1.045,91267.0,,,,,,,,,1.1565332201196672,1.112474697400124,,,,,,,,,,,,,0.9747180150598483,0.7129848974592481,0.6722075012154681,0.6424689113285111,0.6067827105686415,"rgba(38, 166, 154, 1.0)",0.0,0.0,0.22906680761199386,0.8445854513731789,0.8749174562483728,0.0,0.0,0.0,0.0,0.0,0.0,0.0,0.0,47.83619864298699,5.767105083581107,False,True,False,True,False,16.036974874679508,0,1.0257747838409563,0.8917869832207185,False,False,False,False,0.1404182628199805,0.16323310313329892,False,False,False,False,3912562.0,2847878.0889366106,False,False,False,False,106404.48906148151,False,False,False,False
2025-08-15 18:00:00+00:00,1.045,1.06,1.035,1.05,77110.0,,,,,,,,,1.1538532957606777,1.1113250932970178,,,,,,,,,,,,,0.9755596539399501,0.7142573191799166,0.6734520853429635,0.64365757544498,0.6078281390186541,"rgba(38, 166, 154, 1.0)",0.0,0.0,0.23019839408179743,0.8455615789828037,0.888096643039796,0.0,0.0,0.0,0.0,0.0,0.0,0.0,0.0,45.966223199034914,4.0426594649627745,False,True,False,True,False,16.310009940202317,0,1.0290686947787049,0.8929501240236978,False,False,False,False,0.14290987923150927,0.1530714911824041,False,False,False,False,3989672.0,2865580.320115888,False,False,False,False,105950.31093649729,False,False,False,False
2025-08-15 19:00:00+00:00,1.045,1.07,1.03,1.035,87932.0,,,,,,,,,1.150863254247094,1.1099966670470567,,,,,,,,,,,,,0.9764533301651345,0.7156822251608147,0.674848796205241,0.6449934985704755,0.6090052875998118,"rgba(38, 166, 154, 1.0)",0.0,0.0,0.231058876900662,0.8465336983480238,0.8156635407390233,0.0,0.0,0.0,0.0,0.0,0.0,0.0,0.0,43.87302028939057,1.9288584838593437,False,True,False,True,False,15.033749854796152,0,1.0294435715888919,0.890122222448938,False,False,False,False,0.14540325932495,0.14923737525367703,False,False,False,False,3901740.0,2881644.811276882,False,False,False,False,105670.95727856709,False,False,False,False
2025-08-18 14:00:00+00:00,1.115,1.19,1.11,1.145,120478.0,,,,,,,,1.1483333333333332,1.150771493148872,1.1110206135886842,,,,,,,,,,,,,0.9794315945396124,0.7182210841264118,0.6772749994119981,0.647278636052348,0.6109876981794109,"rgba(38, 166, 154, 1.0)",0.0,0.0,0.23372533542947865,0.8507380372377691,1.2590075535521814,0.0,0.0,0.0,0.0,0.0,0.0,0.0,0.0,49.14489236884707,1.9288584838593437,False,True,False,False,True,20.0,0,1.0285493521416966,0.8698339739271704,False,False,False,False,0.24698036455425834,0.1981088699039677,False,False,False,False,4022218.0,2899328.116528403,False,False,False,False,105900.52383238774,False,False,False,False
2025-08-18 15:00:00+00:00,1.145,1.145,1.11,1.135,137205.0,,,,,,,,1.1385716300001683,1.1499475387737197,1.1115808792718627,,,,,,,,,,,,,0.9823453112505436,0.7209546803913554,0.6799015819167568,0.6497615982375281,0.6131512448371845,"rgba(38, 166, 154, 1.0)",0.0,0.0,0.23587969527164085,0.8540463242944638,1.1910888530782093,0.0,0.0,0.0,0.0,0.0,0.0,0.0,0.0,52.00678718865203,-6.300551405647951,False,True,True,False,True,19.878447603443774,0,1.0291766192234044,0.8800758039362772,False,False,False,False,0.22375868544143912,0.2109337776727034,False,False,False,False,3885013.0,2914610.052706257,False,False,False,False,106385.86454816468,False,False,False,False
2025-08-18 16:00:00+00:00,1.135,1.145,1.11,1.11,60097.0,,,,,,,,1.1353746459814966,1.1494645576587916,1.1117096227189502,,,,,,,,,,,,,0.9835162883636184,0.7221164619507457,0.6810213512806256,0.6508223987670511,0.6140780391316869,"rgba(38, 166, 154, 1.0)",0.0,0.0,0.23746226857797623,0.8552846281161999,1.0726561883247507,0.0,0.0,0.0,0.0,0.0,0.0,0.0,0.0,52.28922712664637,-5.78315121627741,False,True,True,False,True,17.816782525569163,0,1.0291289033126214,0.8870463450350259,False,False,False,False,0.22375868544143912,0.21734623155707128,False,False,False,False,3824916.0,2928723.323206935,False,False,False,False,105668.20773346446,False,False,False,False
2025-08-18 17:00:00+00:00,1.115,1.115,1.1,1.105,30997.0,,,,,,,,1.1328232700741925,1.1490908621847835,1.111676637649342,,,,,,,,,,,,,0.9840478513128357,0.7226906618359616,0.6815771077176815,0.6513503079425563,0.6145406570099093,"rgba(38, 166, 154, 1.0)",0.0,0.0,0.2387277590565137,0.8558261670277622,1.043757265418184,0.0,0.0,0.0,0.0,0.0,0.0,0.0,0.0,52.14892381831882,-5.451870189663367,False,True,True,False,True,17.40699445691156,0,1.0251942594354582,0.8911948937519821,False,False,False,False,0.20331535551521354,0.21033079353614242,False,False,False,False,3793919.0,2942137.209668843,False,False,False,False,104510.51459030996,False,False,False,False
2025-08-18 18:00:00+00:00,1.105,1.135,1.105,1.135,60902.0,,,,,,,,1.1316602795522022,1.148684538362152,1.1118456865302337,,,,,,,,,,,,,0.9852331695332825,0.723867481229075,0.6827117369020084,0.6524255959430664,0.6154808357935105,"rgba(38, 166, 154, 1.0)",0.0,0.0,0.24016152914086805,0.8570626680387899,1.157293314026929,0.0,0.0,0.0,0.0,0.0,0.0,0.0,0.0,53.849382985310726,-3.315611204688743,False,True,True,False,True,18.92280273313631,0,1.027014724509183,0.8862215009499684,False,False,False,False,0.21607173929168683,0.21320126641391463,False,False,False,False,3854821.0,2956287.345953047,False,False,False,False,103834.41358890981,False,False,False,False
2025-08-18 19:00:00+00:00,1.135,1.14,1.125,1.14,17416.0,,,,,,,,1.1317964660477566,1.148618851684892,1.1119293959415106,,,,,,,,,,,,,0.9855924657293028,0.7242111066282676,0.6830424492016914,0.6527386842354398,0.615754324274366,"rgba(38, 166, 154, 1.0)",0.0,0.0,0.24147678268640513,0.8574387760143688,1.1701382668849802,0.0,0.0,0.0,0.0,0.0,0.0,0.0,0.0,55.27564863971509,-1.4664604646159063,False,True,True,False,True,19.1726898739223,0,1.0314686007569902,0.8845292590610943,False,False,False,False,0.22889775122570502,0.22104950881980984,False,False,False,False,3872237.0,2970488.115783232,False,False,False,False,102494.59322319027,False,False,False,False
2025-08-19 14:00:00+00:00,1.075,1.08,1.025,1.055,129407.0,,,,,,,,1.1135509276396731,1.145337418199989,1.1103965174388837,,,,,,,,,,,,,0.986778845356228,0.7262424401449961,0.685043390014411,0.6546605739394192,0.6174592593953064,"rgba(38, 166, 154, 1.0)",0.0,0.0,0.24120395058244243,0.8585445127739941,0.8144787295217132,0.0,0.0,0.0,0.0,0.0,0.0,0.0,0.0,50.762640434170976,-1.4664604646159063,False,True,False,False,False,12.415459885935558,0,1.0172032154091102,0.884878257155062,False,False,False,False,0.14789843600933067,0.18447397241457025,False,False,False,False,3742830.0,2982462.408561786,False,False,False,False,102911.83983988498,False,False,False,False
2025-08-19 15:00:00+00:00,1.055,1.075,1.05,1.075,6941.0,,,,,,,,1.1129733649484803,1.1451923698429667,1.1103352439489023,,,,,,,,,,,,,0.9868538192395174,0.7263550989158639,0.6851539669362745,0.6547665675015882,0.6175531175062912,"rgba(38, 166, 154, 1.0)",0.0,0.0,0.2409099489716319,0.8586207210102984,0.8981749401108423,0.0,0.0,0.0,0.0,0.0,0.0,0.0,0.0,49.10295190036629,-1.4664604646159063,False,True,False,False,False,13.475390858362744,0,1.0213924467610982,0.8873602418276589,False,False,False,False,0.15789777168866434,0.17118587205161728,False,False,False,False,3749771.0,2994358.6657933863,False,False,False,False,101423.91984236738,False,False,False,False
2025-08-19 16:00:00+00:00,1.075,1.08,1.025,1.035,27825.0,,,,,,,,1.1098529798106216,1.1444694934356983,1.1099796124085008,,,,,,,,,,,,,0.9870780040559903,0.7267794785404802,0.6855733995140453,0.6551703213643391,0.6179122433360047,"rgba(38, 166, 154, 1.0)",0.0,0.0,0.23987866189478632,0.8588449465206434,0.7343506591537529,0.0,0.0,0.0,0.0,0.0,0.0,0.0,0.0,45.93378043037453,2.386239903245446,False,True,False,True,False,10.519557917226745,0,1.01560932314579,0.8921432430346531,False,False,False,False,0.14789843600933067,0.15954215403047398,False,False,False,False,3721946.0,3005639.089579535,False,False,False,False,100282.85131767951,False,False,False,False
2025-08-19 17:00:00+00:00,1.035,1.065,1.035,1.065,10292.0,,,,,,,,1.108914508389299,1.1442273475495404,1.1098662562662047,,,,,,,,,,,,,0.9871720380948332,0.7269402464853107,0.6857318687756175,0.655322626828257,0.6180475045382915,"rgba(38, 166, 154, 1.0)",0.0,0.0,0.23884299896575523,0.8589416396869399,0.8627356096068958,0.0,0.0,0.0,0.0,0.0,0.0,0.0,0.0,45.88215627023779,2.053848661389843,False,True,False,True,False,12.127077349789577,0,1.015857342007435,0.9001897459727385,False,False,False,False,0.14540325932494974,0.15247270667771184,False,False,False,False,3732238.0,3016904.188965899,False,False,False,False,98887.64432050618,False,False,False,False
2025-08-19 18:00:00+00:00,1.065,1.065,1.05,1.055,11077.0,,,,,,,,1.1079698228042598,1.1439730334664806,1.109748465460212,,,,,,,,,,,,,0.9872754335938035,0.7271139789436449,0.6859030422114061,0.655487102487713,0.618193543910522,"rgba(38, 166, 154, 1.0)",0.0,0.0,0.23767586089894543,0.8590488813676451,0.8244468659594714,0.0,0.0,0.0,0.0,0.0,0.0,0.0,0.0,45.28361121049674,1.0885994796767378,False,True,False,True,False,11.394477413035894,0,1.0194721909129776,0.8964592483190177,False,False,False,False,0.15289431147448085,0.15268350907609635,False,False,False,False,3721161.0,3027822.8992144894,False,False,False,False,97526.23898220377,False,False,False,False
2025-08-19 19:00:00+00:00,1.055,1.06,1.045,1.055,63934.0,,,,,,,,1.102806832788675,1.1424786246871046,1.1090366071603615,,,,,,,,,,,,,0.9878378673170813,0.7281030509602162,0.6868790836903784,0.6564259255381042,0.6190281606279849,"rgba(38, 166, 154, 1.0)",0.0,0.0,0.23615941689331005,0.8596454292656563,0.8272148250713166,0.0,0.0,0.0,0.0,0.0,0.0,0.0,0.0,44.88458117066937,0.2625822750027993,False,True,False,True,False,11.394477413035894,0,1.0179379192013727,0.897324910310404,False,False,False,False,0.14789843600933067,0.1502909725427135,False,False,False,False,3721161.0,3038572.3271336444,False,False,False,False,97005.42907550294,False,False,False,False
2025-08-20 14:00:00+00:00,1.05,1.07,1.01,1.015,53002.0,,,,,,,,1.0976386438825632,1.140984447375174,1.1082356465013115,,,,,,,,,,,,,0.9881450607200306,0.728864144542834,0.6876367011426844,0.6571585646415261,0.6196832467539728,"rgba(38, 166, 154, 1.0)",0.0,0.0,0.2340993435305667,0.877192442479178,0.5886712685412897,0.0,0.0,0.0,0.0,0.0,0.0,0.0,0.0,42.30182408868973,-2.550290928454025,False,True,False,True,False,8.47127675885734,0,1.0105794334255542,0.900693605580018,False,False,False,False,0.13544019007445854,0.142865581308586,False,False,False,False,3668159.0,3048333.3608214944,False,False,False,False,96323.205368906,False,False,False,False
2025-08-20 15:00:00+00:00,1.015,1.035,1.01,1.025,51867.0,,,,,,,,1.092706731589544,1.1394522408020766,1.1073841560880422,,,,,,,,,,,,1.0233333333333334,0.9883847676222317,0.7295848583379948,0.6883569977216945,0.6578568587981907,0.6203093679299403,"rgba(38, 166, 154, 1.0)",0.0,0.0,0.23186259694712277,0.8935000332877664,0.5671460961951644,1.0,1.035,1.01,0.0,0.0,0.0,0.0,0.0,41.46964154012431,-3.6524449392225478,False,True,False,True,False,9.040605668646954,0,1.005830733229329,0.9070007800312012,False,False,False,False,0.11806771504238578,0.1304666481754859,False,False,False,False,3720026.0,3058747.2001886033,False,False,False,False,95633.96187481443,False,False,False,False
2025-08-20 16:00:00+00:00,1.025,1.045,1.025,1.03,6921.0,,,,,,,,1.0921854941243077,1.139268147618988,1.1072851898546943,,,,,,,,,,,,1.0245106144111042,0.9884255884266552,0.7296840266655518,0.6884557408918469,0.6579523800367642,0.6203948384670174,"rgba(38, 166, 154, 1.0)",0.0,0.0,0.2295784398484407,0.8936165143505219,0.5940605125616913,0.0,0.0,0.0,0.0,0.0,0.0,0.0,0.0,41.382861046503635,-4.098445660117264,False,True,False,True,False,9.327341899209152,0,1.0071728029565459,0.923364263148483,False,False,False,False,0.13046878044926496,0.13046771431237542,False,False,False,False,3726947.0,3069106.8870073846,False,False,False,False,94258.56711706535,False,False,False,False
2025-08-20 17:00:00+00:00,1.03,1.05,1.025,1.045,36135.0,,,,,,,,1.0898983722581228,1.138377105594038,1.106818942947541,,,,,,,,,,,,1.030407066780443,0.9886689796020537,0.7302120858045238,0.6889803169205948,0.6584591576917275,0.6208477070956424,"rgba(38, 166, 154, 1.0)",0.0,0.0,0.22761399109928418,0.8943003513327399,0.6620842942889462,0.0,0.0,0.0,0.0,0.0,0.0,0.0,0.0,42.75511285941003,-4.098445660117264,False,True,False,True,False,10.189812636025184,0,0.9979120682455407,0.9213545705820358,False,False,False,False,0.1329536685820495,0.13171069144721245,False,False,False,False,3763082.0,3079866.1910847896,False,False,False,False,93357.42654160698,False,False,False,False
2025-08-20 18:00:00+00:00,1.045,1.045,1.025,1.045,8507.0,,,,,,,,1.0893717669684262,1.138166140828201,1.1067074015000415,,,,,,,,,,,,1.03105899319991,0.9887240960815666,0.730335474253043,0.689103001156302,0.6585777489021581,0.6209537571713053,"rgba(38, 166, 154, 1.0)",0.0,0.0,0.22546483697799619,0.8944088278459592,0.6679142263267304,0.0,0.0,0.0,0.0,0.0,0.0,0.0,0.0,43.669947401347635,-4.098445660117264,False,True,False,True,True,10.189812636025184,0,1.0018757607806357,0.9198212040787819,False,False,False,False,0.13046878044926496,0.1310897359482387,False,False,False,False,3763082.0,3090458.684246266,False,False,False,False,92041.91605258982,False,False,False,False
2025-08-20 19:00:00+00:00,1.045,1.065,1.04,1.055,4758.0,,,,,,,,1.089167089420491,1.1380662053256418,1.106658825714857,,,,,,,,,,,,1.0320385963939316,0.9887641744298911,0.7304078017180735,0.6891745270159187,0.6586466638123455,0.6210151787441667,"rgba(38, 166, 154, 1.0)",0.0,0.0,0.22340320303865122,0.8945306591094623,0.7182947187322766,0.0,0.0,0.0,0.0,0.0,0.0,0.0,0.0,45.33355091841363,-4.098445660117264,False,True,False,True,True,10.775301230720725,0,1.0047164131176496,0.9187572753181072,False,False,False,False,0.14789843600933067,0.13949408597878468,False,False,False,False,3767840.0,3100960.7201494244,False,False,False,False,90688.67704402252,False,False,False,False
2025-08-21 14:00:00+00:00,1.065,1.14,1.065,1.1,295274.0,,,,,,,,1.0924245352820816,1.1355864448476438,1.1063919447116979,,,,,,,,,,,,1.082995957487942,0.9929493594119019,0.7354962761094921,0.6941409393850626,0.6633948660651198,0.6252154273145566,"rgba(38, 166, 154, 1.0)",0.0,0.0,0.2216333021859277,0.9035095874551479,0.8865563550554187,0.0,0.0,0.0,0.0,0.0,0.0,0.0,0.0,50.32703374160588,-3.7558815618290637,False,True,False,False,True,13.333367740242416,0,1.0014665371886085,0.9027527299391587,False,False,False,False,0.19823124396881278,0.16886266497379873,False,False,False,False,4063114.0,3115877.8252633866,False,False,False,False,93860.54251620821,False,False,False,False
2025-08-21 15:00:00+00:00,1.105,1.105,1.075,1.095,73562.0,,,,,,,,1.0923783306826278,1.1348534630915992,1.1061984027798129,,,,,,,,,,,,1.0843330698944567,0.993852676912531,0.7367083147923459,0.695329769848805,0.6645353668603454,0.6262287197738114,"rgba(38, 166, 154, 1.0)",0.0,0.0,0.21975562031370297,0.9045952103187721,0.8664387714381251,0.0,0.0,0.0,0.0,0.0,0.0,0.0,0.0,53.101328307121825,-1.253399262345546,False,True,True,False,True,12.936259263270568,0,1.0039446558832856,0.9110371075166508,False,False,False,False,0.18556449900585556,0.17721358198982715,False,False,False,False,3989552.0,3129423.1613058145,False,False,False,False,93545.8364306856,False,False,False,False
2025-08-21 16:00:00+00:00,1.095,1.105,1.075,1.075,48335.0,,,,,,,,1.0920941466682392,1.1343127086689673,1.1060168978705016,,,,,,,,,,,,1.0843944299675714,0.9943974251808818,0.7374853487205756,0.6960939707671651,0.6652698038164286,0.6268826230592542,"rgba(38, 166, 154, 1.0)",0.0,0.0,0.21741646060163308,0.9051843154431861,0.7810617654564942,0.0,0.0,0.0,0.0,0.0,0.0,0.0,0.0,52.79167969640739,-1.253399262345546,False,True,True,False,True,11.351769181481554,0,1.007879954744844,0.9083384609277305,False,False,False,False,0.18556449900585556,0.18138904049784135,False,False,False,False,3941217.0,3142009.112293321,False,False,False,False,92844.89323020984,False,False,False,False
2025-08-21 17:00:00+00:00,1.075,1.085,1.055,1.085,41932.0,,,,,,,,1.0915414350823731,1.1337597804353723,1.1057882045637244,,,,,,,,,,,,1.0837000293206367,0.9948131814220116,0.7381373277381489,0.6967375283878721,0.6658897432646244,0.627436044848476,"rgba(38, 166, 154, 1.0)",0.0,0.0,0.2153335451035156,0.9055724001407448,0.8332542882392074,0.0,0.0,0.0,0.0,0.0,0.0,0.0,0.0,53.51774298887346,-0.7845787807474238,False,True,True,False,True,11.93156823051378,0,1.0103176974404937,0.9080171297679513,False,False,False,False,0.16541777117560602,0.1734034058367237,False,False,False,False,3983149.0,3155050.0407848973,False,False,False,False,92055.54604834612,False,False,False,False
2025-08-21 18:00:00+00:00,1.085,1.085,1.085,1.085,6279.0,,,,,,,,1.091509916153996,1.1336918097215454,1.1057652780641734,,,,,,,,,,,,1.0837142603925123,0.9948827867559152,0.7382376316464853,0.6968362508098297,0.6659846782112224,0.6275206468958671,"rgba(38, 166, 154, 1.0)",0.0,0.0,0.21288145127158553,0.9056483250240241,0.8424955481309934,0.0,0.0,0.0,0.0,0.0,0.0,0.0,0.0,54.001785183850835,-0.12363743310696407,False,True,True,False,True,11.93156823051378,0,1.0136073479679026,0.9054689532347467,False,False,False,False,0.18051445803689928,0.1769589319368115,False,False,False,False,3983149.0,3167888.7843386196,False,False,False,False,90725.677117364,False,False,False,False
2025-08-21 19:00:00+00:00,1.085,1.12,1.085,1.115,99858.0,,,,,,,,1.0925886914312013,1.1331056747585717,1.1057808153088526,,,,,,,,,,,,1.0871177146381399,0.9962382035504486,0.739924238367932,0.6984868222370553,0.6675664863911304,0.6289254458117562,"rgba(38, 166, 154, 1.0)",0.0,0.0,0.2106062375812005,0.907378649432587,0.9858271670959573,0.0,0.0,0.0,0.0,0.0,0.0,0.0,0.0,57.05218141426698,2.8999515366502635,False,False,True,False,True,13.676534183129732,0,1.0162422739183485,0.8978256955973837,False,False,False,False,0.19823124396881278,0.18759508795281216,False,False,False,False,4083007.0,3182076.6636511986,False,False,False,False,90867.26351864518,False,False,False,False
2025-08-22 14:00:00+00:00,1.1,1.15,1.095,1.125,101251.0,,,,,,,,1.0946581091466059,1.132895394926852,1.1060823192749336,,,,,,,,,,,,1.0918511172584602,0.997781794349731,0.7416956832697476,0.7002146830786157,0.6692192469787964,0.6303908552359663,"rgba(38, 166, 154, 1.0)",0.0,0.0,0.20821825579628656,0.9094007618789586,1.0354482958111808,0.0,0.0,0.0,0.0,0.0,0.0,0.0,0.0,59.86938237002293,5.58436494511357,False,False,True,False,True,14.248258059938227,0,1.0185365659619323,0.8907297281171065,False,False,False,False,0.2186312190734207,0.20311315351311643,False,False,False,False,4184258.0,3197614.3587883892,False,False,False,False,91028.2516811468,False,False,False,False
2025-08-22 15:00:00+00:00,1.125,1.135,1.115,1.125,68057.0,,,,,,,,1.0959714502683633,1.1327828282320431,1.1062982474862504,,,,,,,,,,,,1.094528128223627,0.9988119314895678,0.7428823692032629,0.7013727511115024,0.6703275011727768,0.6313742883832258,"rgba(38, 166, 154, 1.0)",0.0,0.0,0.2056160971193539,0.9107023126000537,1.0422223279316158,0.0,0.0,0.0,0.0,0.0,0.0,0.0,0.0,61.7475163405269,7.361102185296232,True,False,True,False,True,14.248258059938227,0,1.021777281429483,0.8956405552010211,False,False,False,False,0.22119352166545256,0.2121533375892845,False,False,False,False,4184258.0,3212911.159427329,False,False,False,False,90672.10824422979,False,False,False,False
2025-08-22 16:00:00+00:00,1.125,1.13,1.12,1.12,20787.0,,,,,,,,1.0963284729859344,1.1327418572321006,1.1063574299995085,,,,,,,,,,,,1.095221536272533,0.9991191419581796,0.7432417867783978,0.7017238213322997,0.6706636903957982,0.6316728727046027,"rgba(38, 166, 154, 1.0)",0.0,0.0,0.20301498147354471,0.911081101252919,1.0290811901204728,0.0,0.0,0.0,0.0,0.0,0.0,0.0,0.0,62.15228790042194,7.835959248005352,True,False,True,False,True,13.81716167463344,0,1.0261544011544013,0.8951619368286036,False,False,False,False,0.22119352166545256,0.21667342962736852,False,False,False,False,4163471.0,3227648.5212966725,False,False,False,False,89588.61819393164,False,False,False,False
2025-08-22 17:00:00+00:00,1.12,1.145,1.11,1.14,115630.0,,,,,,,,1.0987198191323049,1.1327165361654261,1.1068372672955942,,,,,,,,,,,,1.0995254095461418,1.0009135563657452,0.7452723199750897,0.7037044644660757,0.6725589699488039,0.6333552275987342,"rgba(38, 166, 154, 1.0)",0.0,0.0,0.20015401846155204,0.9133015829810933,1.1326198632502276,0.0,0.0,0.0,0.0,0.0,0.0,0.0,0.0,64.25758163362838,9.948231475788823,True,False,True,False,True,15.000091913702708,0,1.027254509018036,0.891062124248497,False,False,False,False,0.22375868544143912,0.22021605753440382,False,False,False,False,4279101.0,3243950.110113778,False,False,False,False,89992.36054751411,False,False,False,False
2025-08-22 18:00:00+00:00,1.135,1.14,1.11,1.135,188328.0,,,,,,,,1.1016596689744556,1.1325546215954532,1.1074811558937339,,,,,,,,,,,,1.104172456197003,1.0036624660739968,0.7485062701772278,0.7068667640235462,0.675590525124755,0.6360530281058616,"rgba(38, 166, 154, 1.0)",0.0,0.0,0.1970565533678752,0.9165337808041192,1.10864731703714,0.0,0.0,0.0,0.0,0.0,0.0,0.0,0.0,64.74513540886042,10.563870116340546,True,False,True,False,True,14.558369309824592,0,1.02715837049777,0.889346639201648,False,False,False,False,0.22119352166545256,0.22070478959992818,False,False,False,False,4090773.0,3257079.1471662777,False,False,False,False,91516.94410491698,False,False,False,False
2025-08-22 19:00:00+00:00,1.14,1.175,1.135,1.155,175103.0,,,,,,,,1.106167074534732,1.1332999269660415,1.1087687127782073,,,,,,,,,,,,1.1108015054054967,1.0066384037005722,0.7516722068063031,0.7099484085551038,0.678537139681412,0.6386695853663884,"rgba(38, 166, 154, 1.0)",0.0,0.0,0.19389372831807147,0.9201036560927148,1.211469529957933,0.0,0.0,0.0,0.0,0.0,0.0,0.0,0.0,66.81816895916745,12.678825237122261,True,False,True,False,True,15.745401900911425,0,1.0315315315315314,0.883939248983497,False,False,False,False,0.25217554470328196,0.23644016715160507,False,False,False,False,4265876.0,3272719.4084505215,False,False,False,False,92812.8519482516,False,False,False,False
2025-08-25 14:00:00+00:00,1.335,1.395,1.315,1.355,336262.0,,,,,,,1.3549999999999998,1.1409089766633906,1.1465895026295363,1.1209473401680237,,,,,,,,,,,,1.1597128851206921,1.0193147370734945,0.7605629575793238,0.718355706568111,0.686428444466262,0.6455390041013418,"rgba(38, 166, 154, 1.0)",0.0,0.0,0.1940653442473408,0.9360705671959473,2.1587029586803372,0.0,0.0,0.0,0.0,0.0,0.0,0.0,0.0,74.32176204790323,19.62446257097008,True,False,True,False,True,20.0,0,1.033021747424647,0.8693056085463563,False,False,False,False,0.34282816073243194,0.2896341639420185,False,False,False,False,4602138.0,3293330.549404777,False,False,False,False,96587.25734440274,False,False,False,False
2025-08-25 15:00:00+00:00,1.355,1.365,1.315,1.315,304284.0,,,,,,,1.343915768734798,1.1623062740988108,1.1561121688841576,1.1299743872367862,,,,,,,,,,,,1.1860968258930746,1.0292719746367112,0.7680782944655261,0.7255048155333639,0.6931685363127347,0.6514418358601646,"rgba(38, 166, 154, 1.0)",0.0,0.0,0.1925033996002635,0.9473995963654438,1.9095787627537202,0.0,0.0,0.0,0.0,0.0,0.0,0.0,0.0,75.61461258126445,20.6188283469442,True,False,True,False,True,20.0,0,1.0344408119820572,0.8769102105983425,False,False,False,False,0.3288396691999643,0.3092369165709914,False,False,False,False,4297854.0,3308904.5563907493,False,False,False,False,99807.36188169882,False,False,False,False
2025-08-25 16:00:00+00:00,1.315,1.38,1.28,1.355,334104.0,,,,,,,1.3420021443595136,1.1816088897874615,1.1658562244064605,1.139334774709143,,,,,,,,,,,,1.2080466272863826,1.0397240036523536,0.7762005185888623,0.733249245935811,0.7004844085924067,0.6578696452440522,"rgba(38, 166, 154, 1.0)",0.0,0.0,0.1916599990222955,0.9586767447505684,2.0678454412562526,0.0,0.0,0.0,0.0,0.0,0.0,0.0,0.0,77.36975273836747,22.20725561298198,True,False,True,False,True,20.0,0,1.0348032207088569,0.8708330197908044,False,False,False,False,0.3195828619349759,0.31440988925298363,False,False,False,False,4631958.0,3329417.0128808147,False,False,False,False,103439.86789903682,False,False,False,False
2025-08-25 17:00:00+00:00,1.355,1.355,1.32,1.325,60355.0,,,,,,,1.3414966336716567,1.1845560579075052,1.1674585577118333,1.1408964886283364,,,,,,,,,,,,1.2112270252203667,1.0415068429096972,0.7776303346037751,0.7346160425492085,0.7017781228196753,0.6590095666118408,"rgba(38, 166, 154, 1.0)",0.0,0.0,0.18981297141902612,0.9605471684615556,1.920062832449358,0.0,0.0,0.0,0.0,0.0,0.0,0.0,0.0,76.00638110347822,22.20725561298198,True,False,True,False,True,20.0,0,1.0428284043693243,0.8724736317659666,False,False,False,False,0.32652041756257016,0.3204651534077769,False,False,False,False,4571603.0,3348675.710355531,False,False,False,False,102771.88545098974,False,False,False,False
2025-08-25 18:00:00+00:00,1.325,1.375,1.31,1.365,215618.0,,,,,,,1.3429626860639323,1.195291855012971,1.173491575450466,1.146741998367002,,,,,,,,,,,,1.222765614803086,1.0480568132054469,0.7828303681649852,0.7395829968578301,0.7064778598710859,0.6631505757154277,"rgba(38, 166, 154, 1.0)",0.0,0.0,0.18853324267299365,0.9673747334520948,2.1090459216127555,0.0,0.0,0.0,0.0,0.0,0.0,0.0,0.0,76.19783477437029,22.20725561298198,True,False,True,False,True,20.0,0,1.0408337986227432,0.8658663688814441,False,False,False,False,0.33116234126086347,0.3258137473343202,False,False,False,False,4787221.0,3370978.738101957,False,False,False,False,104521.43761454028,False,False,False,False
2025-08-25 19:00:00+00:00,1.365,1.405,1.34,1.4,521274.0,,,,,,,1.3543490018513114,1.2205652626107748,1.1888943461566905,1.1616139783316546,,,,,,,,,,,,1.2493610529865704,1.0643450653292295,0.7957005038694854,0.7518722045077383,0.7181086659886737,0.6734119301473264,"rgba(38, 166, 154, 1.0)",0.0,0.0,0.18702770086297707,0.9840367853186288,2.2240727590728393,0.0,0.0,0.0,0.0,0.0,0.0,0.0,0.0,77.17189187222733,22.3481117755434,True,False,True,False,True,20.0,0,1.0452961672473868,0.8676328860553043,False,False,False,False,0.34282816276120515,0.3343209550477627,False,False,False,False,5308495.0,3401017.7499143295,False,False,False,False,110982.71765152414,False,False,False,False
2025-08-26 14:00:00+00:00,1.445,1.49,1.43,1.435,566222.0,,,,,,1.4516666666666667,1.3779164091591003,1.25023567308108,1.2084421557917344,1.1802758819349843,,,,,,,,,,,,1.2804827949986728,1.0838518422908017,0.8106647557189371,0.7661245735671927,0.7315824185856145,0.6853003807259626,"rgba(38, 166, 154, 1.0)",0.0,0.0,0.18639971970554964,1.036881829645198,2.1358303058808135,0.0,0.0,0.0,0.0,0.0,0.0,0.0,0.0,78.57794176299235,23.940790221440892,True,False,True,False,True,20.0,0,1.0542695331830425,0.8563442752148969,False,False,False,False,0.3428281717158058,0.33857456338178427,False,False,False,False,5874717.0,3439369.6762722465,False,False,False,False,118040.69102126795,False,False,False,False
2025-08-26 15:00:00+00:00,1.435,1.45,1.405,1.425,310460.0,,,,,,1.4428133994614543,1.383630795985319,1.2618386871595164,1.2169943677410058,1.1886717506751299,,,,,,,,,,,,1.291853977984195,1.0930640178034061,0.8182746044547463,0.7734193686072497,0.7385128227807555,0.6914582837911935,"rgba(38, 166, 154, 1.0)",0.0,0.0,0.1852215517590683,1.0451193775351644,2.050952596266849,0.0,0.0,0.0,0.0,0.0,0.0,0.0,0.0,78.5992578033568,24.264902994715726,True,False,True,False,True,20.0,0,1.04921667430142,0.8667521759047182,False,False,False,False,0.3161807945653129,0.3273776789735486,False,False,False,False,5564257.0,3472313.6657874053,False,False,False,False,121023.9361217134,False,False,False,False
2025-08-26 16:00:00+00:00,1.425,1.435,1.38,1.39,363219.0,,,,,,1.4307597958761762,1.3858058990011946,1.2718285826028488,1.2250903631447645,1.1968374970929783,,,,,,,,,,,,1.3010139586589633,1.1024703803516023,0.8265862204667989,0.7814330268759672,0.7461593034903862,0.6982934448324704,"rgba(38, 166, 154, 1.0)",0.0,0.0,0.18259041084715955,1.0532481468808552,1.844301962828862,0.0,0.0,0.0,0.0,0.0,0.0,0.0,0.0,75.53728851077771,24.264902994715726,True,False,True,False,False,20.0,0,1.0429309998355833,0.8705493341127896,False,False,False,False,0.29999800164905066,0.3136878403112996,False,False,False,False,5201038.0,3499115.593449616,False,False,False,False,124778.8983523845,False,False,False,False
2025-08-26 17:00:00+00:00,1.38,1.41,1.365,1.395,242472.0,,,,,,1.4240927092349,1.3861183967525743,1.277208034892183,1.2297793605700196,1.2016577242127218,,,,,,,,,,,,1.3057077391044687,1.1082042723042111,0.8318942640205773,0.7865713234873527,0.7510773049930703,0.7027091145129204,"rgba(38, 166, 154, 1.0)",0.0,0.0,0.1799044868912524,1.058203509815992,1.8720849935643498,0.0,0.0,0.0,0.0,0.0,0.0,0.0,0.0,73.68470082377613,27.933392733331104,True,False,True,False,False,20.0,0,1.0410713959895632,0.8747605232908204,False,False,False,False,0.2839663751007191,0.29882710770600934,False,False,False,False,5443510.0,3529261.2431635754,False,False,False,False,126603.59760273513,False,False,False,False
2025-08-26 18:00:00+00:00,1.395,1.435,1.39,1.425,257187.0,,,,,,1.4229947984931055,1.3883558206750075,1.2836316428153283,1.235250739449327,1.2072019756907528,,,,,,,,,,,,1.3115867981612297,1.1145937610001682,0.8376800578023375,0.7921641634515059,0.7564266363743702,0.70751091085706,"rgba(38, 166, 154, 1.0)",0.0,0.0,0.17754354471585695,1.0640746635463185,2.0328834654693373,0.0,0.0,0.0,0.0,0.0,0.0,0.0,0.0,73.56108616155844,27.63638659571413,True,False,True,False,False,20.0,0,1.0418488218114537,0.8703901899250821,False,False,False,False,0.30402911722447057,0.30142811246523993,False,False,False,False,5700697.0,3562926.913812202,False,False,False,False,128628.14647711132,False,False,False,False
2025-08-26 19:00:00+00:00,1.425,1.465,1.425,1.455,385666.0,,,,,,1.427592997168301,1.3942912985639235,1.29427276572719,1.2442119726919094,1.2161788633234396,,,,,,,,,,,,1.3216519581470239,1.124648000861444,0.8466077032230579,0.8007832614644144,0.764666124301286,0.7149078101345461,"rgba(38, 166, 154, 1.0)",0.0,0.0,0.17529390635046285,1.0736629648987037,2.1754152385588013,0.0,0.0,0.0,0.0,0.0,0.0,0.0,0.0,74.46671572721843,27.63638659571413,True,False,True,False,False,20.0,0,1.0480769230769231,0.8649155722326454,False,False,False,False,0.330473179403957,0.31595064593459843,False,False,False,False,6086363.0,3602049.953908137,False,False,False,False,132613.22947746617,False,False,False,False
2025-08-27 14:00:00+00:00,1.405,1.42,1.355,1.39,398145.0,,,,,,1.421398490352786,1.3937390317282492,1.3001542240387598,1.2502087867689093,1.2225503666938848,,,,,,,,,,,,1.3263609955824784,1.1326014645328237,0.8546623362026252,0.8086441405236205,0.7722401884093966,0.7217785162139035,"rgba(38, 166, 154, 1.0)",0.0,0.0,0.17107716763638486,1.080682667486313,1.8080573625764245,0.0,0.0,0.0,0.0,0.0,0.0,0.0,0.0,69.65326586385956,23.75342789889568,True,False,True,False,False,20.0,0,1.0314182645318357,0.8689069358306823,False,False,False,False,0.2839663751007191,0.29995851051765876,False,False,False,False,5688218.0,3634393.64454522,False,False,False,False,136730.00111347446,False,False,False,False
2025-08-27 15:00:00+00:00,1.395,1.395,1.36,1.37,79492.0,,,,,,1.419981470403936,1.3933985323385358,1.301077090026132,1.2512369578029099,1.223668606128353,,,,,,,,,,,,1.3270372557024148,1.1340524896491944,0.8562024274959165,0.8101529668066726,0.773698165677319,0.7231064323600033,"rgba(38, 166, 154, 1.0)",0.0,0.0,0.165586141812537,1.0819497546565449,1.7395794248866672,0.0,0.0,0.0,0.0,0.0,0.0,0.0,0.0,65.06999251134542,19.597775372030668,True,False,True,False,False,18.7433802752058,0,1.032481693586993,0.8745057711742698,False,False,False,False,0.2760040309168079,0.28798127071723334,False,False,False,False,5608726.0,3665003.448505759,False,False,False,False,135842.59024349813,False,False,False,False
2025-08-27 16:00:00+00:00,1.375,1.405,1.365,1.395,198250.0,,,,,,1.417741559634807,1.3931789448670933,1.3036802676792523,1.2539973045188835,1.2266267941491555,,,,,,,,,,,,1.329091478387462,1.1377928430134698,0.8601016268570775,0.813969130361191,0.7773837099944908,0.7264620579474921,"rgba(38, 166, 154, 1.0)",0.0,0.0,0.15880256077314803,1.0853005852028823,1.9502167552545215,0.0,0.0,0.0,0.0,0.0,0.0,0.0,0.0,63.30916498625503,18.105596613437356,True,False,True,False,False,19.835477294032216,0,1.043669843089489,0.869689044923694,False,False,False,False,0.2819725354842265,0.28497690310072993,False,False,False,False,5806976.0,3698212.325273111,False,False,False,False,136810.14698390898,False,False,False,False
2025-08-27 17:00:00+00:00,1.39,1.44,1.375,1.385,158031.0,,,,,,1.4167940841450546,1.3934067886257309,1.305917671855697,1.2563035879493,1.2290745106705017,,,,,,,,,,,,1.3309364629854494,1.1408316979255848,0.8632368520554059,0.8170362750466168,0.7803455588400878,0.729159499607594,"rgba(38, 166, 154, 1.0)",0.0,0.0,0.15444264515166373,1.0880766815365823,1.9225474814410033,0.0,0.0,0.0,0.0,0.0,0.0,0.0,0.0,61.37547525423801,16.34535380009288,False,False,True,False,False,19.08994796658835,0,1.042589437819421,0.8617262918796138,False,False,False,False,0.29999800164905066,0.29248745237489027,False,False,False,False,5648945.0,3728456.242710737,False,False,False,False,137139.15245702668,False,False,False,False
2025-08-27 18:00:00+00:00,1.38,1.395,1.365,1.375,68139.0,,,,,,1.4159283979506818,1.3931927749462756,1.306635775298655,1.2571290993275506,1.2299776128777098,,,,,,,,,,,,1.3314623013844231,1.142012618483074,0.8645233607297074,0.8183000829007708,0.7815696064117856,0.7302785642478331,"rgba(38, 166, 154, 1.0)",0.0,0.0,0.15158489142427548,1.0891298817140884,1.8858747438475327,0.0,0.0,0.0,0.0,0.0,0.0,0.0,0.0,59.297971404976224,14.387811221873491,False,False,True,False,False,18.341190513990313,0,1.046667140926229,0.8689620829479974,False,False,False,False,0.2779913826915598,0.285239417533225,False,False,False,False,5580806.0,3757174.8435989427,False,False,False,False,136069.38265149138,False,False,False,False
2025-08-27 19:00:00+00:00,1.375,1.4,1.365,1.375,212481.0,,,,,,1.4135720220155956,1.3926334366324191,1.3088363546795434,1.2596675255868406,1.2327557870722012,,,,,,,,,,,,1.333085364193543,1.145646327841501,0.86850707437385,0.8222164046746651,0.7853652082944846,0.7337524650459812,"rgba(38, 166, 154, 1.0)",0.0,0.0,0.14819847113532628,1.0923946421624406,1.9069384162506,0.0,0.0,0.0,0.0,0.0,0.0,0.0,0.0,57.91296883880169,13.014490533107669,False,False,True,False,False,18.341190513990313,0,1.0453786587098606,0.8668123046319977,False,False,False,False,0.27998087779935094,0.282610147666288,False,False,False,False,5580806.0,3785448.1948609743,False,False,False,False,137254.05888945275,False,False,False,False
2025-08-28 14:00:00+00:00,1.385,1.415,1.36,1.4,141835.0,,,,,,1.412653241853928,1.392606829098797,1.3104622613347194,1.261463093043896,1.2346961580854863,,,,,,,,,,,,1.33436442464789,1.1481284700170442,0.8711920601023655,0.8248544153430393,0.7879213451394806,0.7360922477547526,"rgba(38, 166, 154, 1.0)",0.0,0.0,0.1461225091095474,1.0946677105844498,2.0895636906059685,0.0,0.0,0.0,0.0,0.0,0.0,0.0,0.0,58.71131631504787,13.014490533107669,False,False,True,False,False,19.491060445707905,0,1.0450536268698842,0.8622988992379337,False,False,False,False,0.2839663751007192,0.2832882613835036,False,False,False,False,5722641.0,3815482.191839874,False,False,False,False,137325.08123225192,False,False,False,False
2025-08-28 15:00:00+00:00,1.405,1.5,1.395,1.46,308082.0,,,,,,1.4159107955403194,1.3959383338173206,1.3162366263214726,1.2669217527762657,1.2403020704324945,,,,,,,,,,,,1.3396756899184155,1.154637813547183,0.8775917549840255,0.8310988469511245,0.7939444566946121,0.7415775684470768,"rgba(38, 166, 154, 1.0)",0.0,0.0,0.14665348632832959,1.1296387173864022,2.252665728477678,0.0,0.0,0.0,0.0,0.0,0.0,0.0,0.0,62.38132938364759,13.014490533107669,False,False,True,False,True,20.0,0,1.053478170043869,0.848617784276861,False,True,False,False,0.33252550380840046,0.307906882595952,False,False,False,False,6030723.0,3849827.010571039,False,False,False,False,139972.47532167437,False,False,False,False
2025-08-28 16:00:00+00:00,1.46,1.46,1.405,1.445,72743.0,,,,,,1.4163120911766813,1.3964736661763326,1.3173883344345876,1.2680642522880594,1.2414927427930444,,,,,,,,,,,,1.3407016477616018,1.1560586653274199,0.879043337940203,0.8325199407558471,0.7953186191977837,0.742833387956895,"rgba(38, 166, 154, 1.0)",0.0,0.0,0.14706672496793455,1.1307770981873284,2.1366009332239004,0.0,0.0,0.0,0.0,0.0,0.0,0.0,0.0,63.37477126833305,8.341421010514011,False,False,True,False,True,20.0,1,1.0525019512618157,0.8607926459110222,False,False,False,False,0.3202513603545101,0.31407912147523104,False,False,False,False,5957980.0,3882511.5530428053,False,False,False,False,138930.1578748267,False,False,False,False
2025-08-28 17:00:00+00:00,1.445,1.465,1.435,1.445,139253.0,,,,,,1.41745494693692,1.3977465171571453,1.3197424678187248,1.2703574096640882,1.243866116469932,,,,,,,,,,,,1.3428378646356973,1.158850510854724,0.8818589026965111,0.8352740160370422,0.7979804302354228,0.7452650187076918,"rgba(38, 166, 154, 1.0)",0.0,0.0,0.14853238694363088,1.1333107938034037,2.098459552224692,0.0,0.0,0.0,0.0,0.0,0.0,0.0,0.0,64.03706585812336,9.16718004015324,False,False,True,False,True,20.0,1,1.0573719391819347,0.859522737505628,False,False,False,False,0.33458053412234584,0.32432982779878844,False,False,False,False,5957980.0,3914689.3584219865,False,False,False,False,138935.16317909295,False,False,False,False
2025-08-28 18:00:00+00:00,1.445,1.475,1.435,1.465,67898.0,,,,,,1.4181541554616472,1.3984630100085833,1.3209467792323728,1.271516138683968,1.2450593369010572,,,,,,,,,,,,1.3439448450623952,1.1602388850042784,0.8832457172991232,0.8366297126033331,0.7992902769191369,0.7464613596321251,"rgba(38, 166, 154, 1.0)",0.0,0.0,0.1509014811000857,1.1346377011453073,2.1892581600016197,0.0,0.0,0.0,0.0,0.0,0.0,0.0,0.0,65.58065219481338,10.85582041739638,True,False,True,False,True,20.0,0,1.0571477870761798,0.8580105254076438,False,False,False,False,0.3386988036192722,0.33151431570903034,False,True,False,False,6025878.0,3947420.9652681574,False,False,False,False,137833.81181197523,False,False,False,False
2025-08-28 19:00:00+00:00,1.465,1.475,1.435,1.465,130393.0,,,,,,1.419431990688708,1.3997925145304488,1.3232018390684215,1.2737017998133908,1.2473139879299273,,,,,,,,,,,,1.3460122875172678,1.1628693735244313,0.885890365306187,0.8392167507532196,0.8017912225814716,0.7487476215264833,"rgba(38, 166, 154, 1.0)",0.0,0.0,0.15301128989730584,1.1371222125093237,2.14283395500249,0.0,0.0,0.0,0.0,0.0,0.0,0.0,0.0,66.60970975260673,12.063800076461064,True,False,True,False,True,20.0,0,1.0565366164004333,0.859036745361693,False,False,False,False,0.3386988036192722,0.33510655966415126,False,False,False,False,6025878.0,3979645.105341519,False,False,False,False,137718.45038853373,False,False,False,False
2025-08-29 14:00:00+00:00,1.39,1.395,1.37,1.385,187363.0,,,,,,1.4178544234940886,1.3992835649469977,1.3245873861996857,1.2755143529910622,1.2493492677702305,,,,,,,,,,,,1.346956999853549,1.1656298086031984,0.8891558404141857,0.842450839371991,0.8049450614377296,0.7516626604019101,"rgba(38, 166, 154, 1.0)",0.0,0.0,0.15217290707234382,1.138788756594217,1.6179702953872919,0.0,0.0,0.0,0.0,0.0,0.0,0.0,0.0,59.83876119265355,14.765419192935056,False,False,True,False,False,15.685070439672042,0,1.0466333571258624,0.8634138880391555,False,False,False,False,0.27998087779935105,0.3075437187317511,False,False,False,False,5838515.0,4008464.793630798,False,False,False,False,138488.1333282464,False,False,False,False
2025-08-29 15:00:00+00:00,1.385,1.395,1.38,1.385,227336.0,,,,,,1.41628396439132,1.3988273101172597,1.3262757850951916,1.2777002629489906,1.2517978759535164,,,,,,,,,,,,1.3481402822875281,1.168937619613893,0.8930872159845872,0.8463475189482522,0.8087479141106318,0.7551823229896926,"rgba(38, 166, 154, 1.0)",0.0,0.0,0.15144713509317126,1.1411482645359272,1.6101442613229602,0.0,0.0,0.0,0.0,0.0,0.0,0.0,0.0,55.32479548601809,10.749462664398813,False,True,True,False,False,15.685070439672032,1,1.0485868583791886,0.8634218640862704,False,False,False,False,0.2839663751007191,0.2957550469162351,False,False,False,False,5838515.0,4036837.6650473746,False,False,False,False,139865.6196332348,False,False,False,False
2025-08-29 16:00:00+00:00,1.38,1.415,1.365,1.39,554509.0,,,,,,1.4134088038503037,1.398111804975623,1.3302401897703375,1.2828405189441332,1.2575583559972352,,,,,,,,,,,,1.3509766169737234,1.1767226638161135,0.9024838304510419,0.8556793289562242,0.8178707289317717,0.7636503414614932,"rgba(38, 166, 154, 1.0)",0.0,0.0,0.15010890941142044,1.1473738526391988,1.6163340891099824,0.0,0.0,0.0,0.0,0.0,0.0,0.0,0.0,52.765207660218266,8.547572808027248,False,True,False,False,False,15.929432461567597,0,1.0435055889647675,0.8634865627017292,False,False,False,False,0.2859624161151852,0.2908587315157102,False,False,False,False,6393024.0,4073367.6857443145,False,False,False,False,146294.1991738048,False,False,False,False
2025-08-29 17:00:00+00:00,1.39,1.395,1.375,1.385,241111.0,,,,,,1.4121189159204894,1.3976654171933403,1.3316824773805853,1.284834101950031,1.2598269830330067,,,,,,,,,,,,1.3519503425297088,1.179863872705598,0.9064189251144278,0.8596007402495794,0.8217148852086044,0.7672334962246194,"rgba(38, 166, 154, 1.0)",0.0,0.0,0.15077403891523286,1.1499582387954683,1.5589007424326893,0.0,0.0,0.0,0.0,0.0,0.0,0.0,0.0,50.62227969611722,6.616569734858025,False,True,False,False,False,15.548782115789656,0,1.0468744688806553,0.8633876066487641,False,False,False,False,0.2819725354842265,0.28641563349996835,False,False,False,False,6151913.0,4105593.1944924644,False,False,False,False,147764.22709359077,False,False,False,False
2025-08-29 18:00:00+00:00,1.385,1.4,1.38,1.38,251531.0,,,,,,1.4109678481029047,1.3972881831831934,1.3331528597242233,1.2868658242392894,1.2621395282832166,,,,,,,,,,,,1.3529567891409304,1.1830672335364492,0.9104703134290059,0.8636429552755908,0.8256817250701951,0.7709376890707126,"rgba(38, 166, 154, 1.0)",0.0,0.0,0.15126368600131376,1.1526636919311186,1.502913978090596,0.0,0.0,0.0,0.0,0.0,0.0,0.0,0.0,48.73038202089876,4.809722155808153,False,True,False,True,False,15.163634616059092,0,1.0478455892347427,0.8616623623759685,False,False,False,False,0.285962416115185,0.2861890248075767,False,False,False,False,5900382.0,4133419.377523589,False,False,False,False,149373.0142704343,False,False,False,False
2025-08-29 19:00:00+00:00,1.385,1.39,1.37,1.385,66294.0,,,,,,1.4106227070463417,1.3971482356755693,1.3334923992041525,1.287361725052285,1.2627111416998569,,,,,,,,,,,,1.3531744925866578,1.1838747302211334,0.9115156559600021,0.8646879397796209,0.8267087383352448,0.7718987400249612,"rgba(38, 166, 154, 1.0)",0.0,0.0,0.1523083051570766,1.1533416741748626,1.5209828878748708,0.0,0.0,0.0,0.0,0.0,0.0,0.0,0.0,48.06814058382038,4.02496331858913,False,True,False,True,False,15.422219251028856,0,1.0467140380104036,0.8635637303233261,False,False,False,False,0.2779913826915598,0.2820902037495683,False,False,False,False,5966676.0,4161841.9608177966,False,False,False,False,148084.96753755934,False,False,False,False
2025-09-01 14:00:00+00:00,1.385,1.385,1.385,1.385,0.0,,,,,,1.4106227070463417,1.3971482356755693,1.3334923992041525,1.287361725052285,1.2627111416998569,,,,,,,,,,,,1.3531744925866578,1.1838747302211334,0.9115156559600021,0.8646879397796209,0.8267087383352448,0.7718987400249612,"rgba(38, 166, 154, 1.0)",0.0,0.0,0.1534327331556241,1.1533416741748626,1.509836402315603,0.0,0.0,0.0,0.0,0.0,0.0,0.0,0.0,47.6266462924348,3.3109344108613428,False,True,False,True,False,15.422219251028856,0,1.0540086701735747,0.8630078305717857,False,False,False,False,0.2819725354842265,0.2820313696168974,False,False,False,False,5966676.0,4189823.8839058927,False,False,False,False,145789.07656798477,False,False,False,False
2025-09-01 15:00:00+00:00,1.385,1.385,1.385,1.385,0.0,,,,,,1.4106227070463417,1.3971482356755693,1.3334923992041525,1.287361725052285,1.2627111416998569,,,,,,,,,,,,1.3531744925866578,1.1838747302211334,0.9115156559600021,0.8646879397796209,0.8267087383352448,0.7718987400249612,"rgba(38, 166, 154, 1.0)",0.0,0.0,0.15452682789904765,1.1533416741748626,1.499146322840975,0.0,0.0,0.0,0.0,0.0,0.0,0.0,0.0,47.33231676484441,2.6442441568339206,False,True,False,True,False,15.422219251028856,0,1.055239474500879,0.8594358815213267,False,False,False,False,0.2819725354842265,0.28200195255056193,False,False,False,False,5966676.0,4217371.978729057,False,False,False,False,143528.7808072408,False,False,False,False
2025-09-01 16:00:00+00:00,1.385,1.385,1.385,1.385,0.0,,,,,,1.4106227070463417,1.3971482356755693,1.3334923992041525,1.287361725052285,1.2627111416998569,,,,,,,,,,,,1.3531744925866578,1.1838747302211334,0.9115156559600021,0.8646879397796209,0.8267087383352448,0.7718987400249612,"rgba(38, 166, 154, 1.0)",0.0,0.0,0.1555794168743292,1.1533416741748626,1.4890036900720727,0.0,0.0,0.0,0.0,0.0,0.0,0.0,0.0,47.13609707978415,2.0168584796804083,False,True,False,True,False,15.422219251028867,0,1.0571220728834696,0.8555493972564775,False,False,False,False,0.28171108571765197,0.2818565191341069,False,False,False,False,5966676.0,4244492.9713069005,False,False,False,False,141303.52839162466,False,False,False,False
2025-09-01 17:00:00+00:00,1.385,1.385,1.385,1.385,0.0,,,,,,1.4106227070463417,1.3971482356755693,1.3334923992041525,1.287361725052285,1.2627111416998569,,,,,,,,,,,,1.3531744925866578,1.1838747302211334,0.9115156559600021,0.8646879397796209,0.8267087383352448,0.7718987400249612,"rgba(38, 166, 154, 1.0)",0.0,0.0,0.15655117460521217,1.1533416741748626,1.4797610200583233,0.0,0.0,0.0,0.0,0.0,0.0,0.0,0.0,47.00528395641065,1.427949977708721,False,True,False,True,False,15.422219251028878,0,1.0558063048878625,0.8613764388929706,False,False,False,False,0.28171108571765197,0.2817838024258794,False,False,False,False,5966676.0,4271193.483379661,False,False,False,False,139112.77601345992,False,False,False,False
2025-09-01 18:00:00+00:00,1.385,1.385,1.385,1.385,0.0,,,,,,1.4106227070463417,1.3971482356755693,1.3334923992041525,1.287361725052285,1.2627111416998569,,,,,,,,,,,,1.3531744925866578,1.1838747302211334,0.9115156559600021,0.8646879397796209,0.8267087383352448,0.7718987400249612,"rgba(38, 166, 154, 1.0)",0.0,0.0,0.15752643135860706,1.1533416741748626,1.4705997198512675,0.0,0.0,0.0,0.0,0.0,0.0,0.0,0.0,46.91807520749498,0.8793744205298566,False,True,False,True,False,15.422219251028878,0,1.0552307719316725,0.8551113920050559,False,False,False,False,0.28171108571765197,0.28174744407176566,False,False,False,False,5966676.0,4297480.034024937,False,False,False,False,136955.98878844504,False,False,False,False
2025-09-01 19:00:00+00:00,1.385,1.385,1.385,1.385,0.0,,,,,,1.4106227070463417,1.3971482356755693,1.3334923992041525,1.287361725052285,1.2627111416998569,,,,,,,,,,,,1.3531744925866578,1.1838747302211334,0.9115156559600021,0.8646879397796209,0.8267087383352448,0.7718987400249612,"rgba(38, 166, 154, 1.0)",0.0,0.0,0.15826201333505846,1.1533416741748626,1.463764556910386,0.0,0.0,0.0,0.0,0.0,0.0,0.0,0.0,46.8599360415512,0.37332244537061854,False,True,False,True,False,15.422219251028878,0,1.0559039030576298,0.8538643088628995,False,False,False,False,0.28171108571765197,0.28172926489470884,False,False,False,False,5966676.0,4323359.041249356,False,False,False,False,134832.6401250583,False,False,False,False
2025-09-02 14:00:00+00:00,1.305,1.305,1.255,1.265,192690.0,,,,,,1.406133095576864,1.3940483177765026,1.3323262255536967,1.2871765880657189,1.262879617363213,,,,,,,,,,1.275,,1.3514886542112505,1.1849390792758108,0.9138444759199574,0.8670797155713025,0.8291027856853772,0.774189377556504,"rgba(239, 83, 80, 1.0)",0.0,0.0,0.15814971809438894,1.1535944642936193,0.7044308206726622,0.0,0.0,0.0,0.0,0.0,0.0,0.0,0.0,36.8311689451032,-9.079767595483254,False,True,False,True,False,5.772200907826534,0,1.0462324040850122,0.8554374827491028,False,False,False,False,0.19889591130221376,0.2403125880984613,False,False,False,False,5773986.0,4345849.381695103,False,False,False,False,135729.65345645277,False,False,False,False
2025-09-02 15:00:00+00:00,1.265,1.265,1.215,1.225,235451.0,,,,,,1.3994798962328687,1.3892645456887431,1.3300115945899456,1.2862389066103597,1.2624202726004206,,,,,,,,,,1.25300248049124,,1.3484979044934315,1.1856434981528188,0.9163391868373881,0.8696817849573679,0.8317342962224327,0.7767388794716429,"rgba(239, 83, 80, 1.0)",0.0,0.0,0.15798357766176893,1.1532566451664983,0.4541190666481739,0.0,0.0,0.0,0.0,0.0,0.0,0.0,0.0,29.061577083282657,-15.867529493918042,False,True,False,True,False,2.942880711918832,0,1.0389977877244432,0.8640908233437943,False,False,False,False,0.16432656444291735,0.2023195762706893,False,False,False,False,5538535.0,4364340.631591302,False,False,False,False,137275.72084472483,False,False,False,False
2025-09-02 16:00:00+00:00,1.23,1.27,1.23,1.265,84688.0,,,,,,1.3974874143881206,1.3878275649436187,1.3293753817603313,1.2860382753645787,1.2623765579453616,,,,,,,,,,1.2533323485996306,,1.3476423896897045,1.1859927576005895,0.917282768275782,0.8706594782899729,0.8327190142903861,0.7776887313496225,"rgba(239, 83, 80, 1.0)",0.0,0.0,0.15788272532153833,1.153304333858255,0.7074597041206983,0.0,0.0,0.0,0.0,0.0,0.0,0.0,0.0,29.04231066062679,-15.867529493918042,False,True,False,True,False,5.429554914514174,0,1.0397231881327191,0.868874081433392,False,False,False,False,0.17214077655588797,0.18723017641328865,False,False,False,False,5623223.0,4383858.187690662,False,False,False,False,136460.40734325623,False,False,False,False
2025-09-02 17:00:00+00:00,1.265,1.265,1.245,1.245,65980.0,,,,,,1.3959373297431474,1.3867015966525367,1.3288652600037973,1.2858671456727118,1.2623276258390979,,,,,,,,,,1.2531424730207488,,1.3469630414323222,1.1862494090675773,0.9180070516583579,0.8714111860447658,0.8334770026838658,0.7784209957029559,"rgba(239, 83, 80, 1.0)",0.0,0.0,0.15696507903364176,1.1533334246499998,0.583993432898242,0.0,0.0,0.0,0.0,0.0,0.0,0.0,0.0,28.144976060606957,-16.213293462430933,False,True,False,True,False,4.037932254979175,0,1.0414513976802273,0.8682382728299175,False,False,False,False,0.17460084853494934,0.180915512474119,False,False,False,False,5557243.0,4402050.200284605,False,False,False,False,135367.68784956232,False,False,False,False
2025-09-02 18:00:00+00:00,1.245,1.245,1.23,1.245,100630.0,,,,,,1.393449522115107,1.3848744196385694,1.3279843637204822,1.2855214793747785,1.2621731179084494,,,,,,,,,,1.2511959744239978,,1.3458206455182204,1.1865678790170415,0.9190672627569719,0.8725169649916144,0.8345956838439442,0.7795060434880369,"rgba(239, 83, 80, 1.0)",0.0,0.0,0.1560160536900302,1.1533019943291936,0.587747244607215,0.0,0.0,0.0,0.0,0.0,0.0,0.0,0.0,27.54675299392707,-16.885603459286237,False,True,False,True,False,4.037932254979175,0,1.0385294067259425,0.8737386716006235,False,False,False,False,0.15950422163577024,0.17020986705494462,False,False,False,False,5557243.0,4419960.166171665,False,False,False,False,134829.11904569314,False,False,False,False
2025-09-02 19:00:00+00:00,1.245,1.26,1.24,1.245,195570.0,,,,,,1.3890854063251579,1.3816474368998353,1.3264788946419352,1.2849846702278347,1.2619894596262962,,,,,,,,,,1.2505561561842982,,1.3438382809283782,1.1872710053073037,0.9211608809230034,0.8746954363188305,0.8367966054225082,0.781638159793132,"rgba(239, 83, 80, 1.0)",0.0,0.0,0.15408205372229647,1.1534149148728965,0.594391643378328,0.0,0.0,0.0,0.0,0.0,0.0,0.0,0.0,27.147937616140478,-17.514658676477907,False,True,False,True,False,4.037932254979175,0,1.0384477121385898,0.8716811886950715,False,False,False,False,0.16933349064678138,0.169771678850863,False,False,False,False,5557243.0,4437592.458169004,False,False,False,False,135770.83813025604,False,False,False,False
2025-09-03 14:00:00+00:00,1.255,1.27,1.18,1.2,280889.0,,,,,,1.3819464829798305,1.3762311457257932,1.3235766683377141,1.2835970482281294,1.261141781911107,,,,,,,,,,1.2423208405932011,,1.3402295381858371,1.1877438952717867,0.9238351238078261,0.877518999350949,0.8396769307800525,0.7844612238705413,"rgba(239, 83, 80, 1.0)",0.0,0.0,0.15236507840420155,1.1530216831532125,0.30832732368083093,0.0,0.0,0.0,0.0,0.0,0.0,0.0,0.0,24.891223332311405,-19.906551177438583,False,True,False,True,False,0.8985541844162235,0,1.027807830144026,0.8717289877611738,False,False,False,False,0.14886590809528275,0.15931879347307287,False,False,False,False,5276354.0,4450596.513081113,False,False,False,False,138020.7321127327,False,False,False,False
2025-09-03 15:00:00+00:00,1.2,1.2,1.15,1.17,187885.0,,,,,,1.3763245851139945,1.3718713147186787,1.3209667753919079,1.282119079039768,1.2600568355037232,,,,,,,,,,1.2326751479467544,,1.33712066206931,1.1875904806071642,0.9253363242404067,0.879143771823194,0.8413606366443683,0.7861419081084461,"rgba(239, 83, 80, 1.0)",0.0,0.0,0.15086841710338403,1.152252247777339,0.11763729323480068,0.0,0.0,0.0,0.0,0.0,0.0,0.0,0.0,22.399820076693565,-22.443417186068867,False,True,False,True,False,0.0,0,1.022260705819056,0.8848462430855624,False,False,False,False,0.10628300754453435,0.1328009005088036,False,False,False,False,5088469.0,4460486.009002336,False,False,False,False,138793.8215373415,False,False,False,False
2025-09-03 16:00:00+00:00,1.17,1.2,1.165,1.195,37264.0,,,,,,1.3753162740351588,1.371085365283325,1.3205056622402969,1.2818659954368745,1.259877426490147,,,,,,,,,,1.2314337274546052,,1.3365668575400413,1.1875885341188421,0.9256478116448649,0.8794784098645113,0.8417058867695159,0.7864849395650336,"rgba(239, 83, 80, 1.0)",0.0,0.0,0.14889496872531688,1.1521435669388373,0.2878299611333728,0.0,0.0,0.0,0.0,0.0,0.0,0.0,0.0,24.039004789810633,-22.443417186068867,False,True,False,True,False,0.5669205034003397,0,1.0236302521008402,0.8889915966386555,False,False,False,False,0.11225149201541179,0.1225261962621077,False,False,False,False,5125733.0,4470799.915839509,False,False,False,False,137219.71577707262,False,False,False,False
2025-09-03 17:00:00+00:00,1.195,1.23,1.195,1.205,48335.0,,,,,,1.3741840644852124,1.3702035308361962,1.3200157051090358,1.2816196855972002,1.2597197714907253,,,,,,,,,,1.230708939247871,,1.3359654395205123,1.1876496177011524,0.9260867550794201,0.8799442719659021,0.8421829037571285,0.7869549023822651,"rgba(239, 83, 80, 1.0)",0.0,0.0,0.14846815413681877,1.1520854841600028,0.35640313673755686,0.0,0.0,0.0,0.0,0.0,0.0,0.0,0.0,26.371913245633795,-22.443417186068867,False,True,False,True,True,1.2258418731799203,0,1.0284521494198913,0.8828214070149553,False,False,False,False,0.1358902364440055,0.1292082163530566,False,False,False,False,5174068.0,4481703.2969892835,False,False,False,False,135841.65816812575,False,False,False,False
2025-09-03 18:00:00+00:00,1.205,1.205,1.18,1.185,46163.0,,,,,,1.3729871473242585,1.3692662670221298,1.3194674704145917,1.2813207620380385,1.2595099340945917,,,,,,,,,,1.229435344228743,,1.3353060040554028,1.1876557200356916,0.9264752681769755,0.8803610889251676,0.8426126235944827,0.7873816003356383,"rgba(239, 83, 80, 1.0)",0.0,0.0,0.14803974387226948,1.1519684221857913,0.22312641828608396,0.0,0.0,0.0,0.0,0.0,0.0,0.0,0.0,26.85871063830783,-22.443417186068867,False,True,False,True,True,0.0,0,1.025278312547083,0.8870176613375741,False,False,False,False,0.11952047047050296,0.12436434341177978,False,False,False,False,5127905.0,4491721.928043714,False,False,False,False,134451.29137482148,False,False,False,False
2025-09-03 19:00:00+00:00,1.185,1.19,1.175,1.18,132432.0,,,,,,1.369485676585791,1.366508248717675,1.3178204487072054,1.2803966611797837,1.2588435675547773,,,,,,,,,,1.2255011452278237,,1.3333402413264839,1.187611441643931,0.9275484644732316,0.8815186396419009,0.8438100966760937,0.7885754761136632,"rgba(239, 83, 80, 1.0)",0.0,0.0,0.14733647218539414,1.1515752382831228,0.19292413680918144,0.0,0.0,0.0,0.0,0.0,0.0,0.0,0.0,26.92137494683614,-22.443417186068867,False,True,False,True,True,0.0,0,1.023986876684354,0.889740714082456,False,False,False,False,0.11152512488240468,0.11794473414709222,False,False,False,False,4995473.0,4499532.022182571,False,False,False,False,134419.984531801,False,False,False,False
2025-09-04 14:00:00+00:00,1.165,1.19,1.145,1.145,138253.0,,,,,,1.3655582721821147,1.3633867049979052,1.3158755048404425,1.2792423145326306,1.2579680632746668,,,,,,,,,,1.220315270611546,,1.331055446513557,1.1873999636084227,0.9285645369011227,0.8826310686272514,0.8449716205409419,0.7897458654488912,"rgba(239, 83, 80, 1.0)",0.0,0.0,0.14685679731943055,1.1509911646286233,-0.0407959640818789,0.0,0.0,0.0,0.0,0.0,0.0,0.0,0.0,25.323597515470087,-22.443417186068867,False,True,False,True,True,0.0,0,1.0191936021326227,0.8903865378207263,False,False,False,False,0.09954442445236822,0.10874457929973022,False,False,False,False,4857220.0,4505077.5722262515,False,False,False,False,134479.4111282072,False,False,False,False
2025-09-04 15:00:00+00:00,1.145,1.145,1.105,1.135,199968.0,,,,,,1.359295339113398,1.3583575896974394,1.3125911084985555,1.2771781633816028,1.2563282719031432,,,,,,,,,,1.2108643082564057,,1.3272628814303382,1.1867527917113772,0.9298196091389815,0.8840425307231539,0.8464692549514428,0.7912820440537685,"rgba(239, 83, 80, 1.0)",0.0,0.0,0.14685679731943055,1.1589463968260723,-0.16305950601650437,0.0,0.0,0.0,0.0,0.0,0.0,0.0,0.0,23.851063590323324,-22.443417186068867,False,True,False,True,False,0.0,0,1.0118711605512203,0.8991698489125018,False,False,False,False,0.06577906087323909,0.08726182008648466,False,False,False,False,4657252.0,4507436.865680108,False,False,False,False,135494.73808745982,False,False,False,False
2025-09-04 16:00:00+00:00,1.135,1.135,1.125,1.125,17536.0,,,,,,1.3587618522996032,1.3579268105357727,1.3123085645496493,1.276999839471724,1.2561864482797471,,,,,,,,,,1.2101273127283703,,1.3269370527352657,1.186696714303429,0.9299289197779015,0.8841655345100614,0.8465998338992152,0.7914160932150149,"rgba(239, 83, 80, 1.0)",0.0,0.0,0.14702674880737263,1.1588392216499805,-0.2301569063076751,0.0,0.0,0.0,0.0,0.0,0.0,0.0,0.0,22.461741096674192,-23.44286605162719,False,True,False,True,False,0.0,0,1.015513186208277,0.9033011393017397,False,False,False,False,0.06974221574606457,0.07850201791627462,False,False,False,False,4639716.0,4509487.704971889,False,False,False,False,133665.920442693,False,False,False,False
2025-09-04 17:00:00+00:00,1.125,1.135,1.125,1.13,20508.0,,,,,,1.358145558303428,1.3574287075938898,1.3119822158335608,1.2767941664198663,1.2560231435132714,,,,,,,,,,1.2092991622661617,,1.3265605404576464,1.1866331382148976,0.9300576763490682,0.8843102087632211,0.8467532924439407,0.7915735006499438,"rgba(239, 83, 80, 1.0)",0.0,0.0,0.1458946306182809,1.1587240420482992,-0.1968821054384991,0.0,0.0,0.0,0.0,0.0,0.0,0.0,0.0,22.388367797886332,-23.759805981040284,False,True,False,True,False,0.0,0,1.0157600066850507,0.9001086320715299,False,False,False,False,0.06974221574606457,0.0741221168311696,False,False,False,False,4660224.0,4511824.70179403,False,False,False,False,131911.53407924037,False,False,False,False
2025-09-04 18:00:00+00:00,1.125,1.165,1.125,1.14,116217.0,,,,,,1.3549153580051645,1.354809729022472,1.3102885752656233,1.275744307687462,1.2552027093961131,,,,,,,,,,1.2056493168080564,,1.3245966915034622,1.186359726445159,0.9308326585905009,0.8851711775555032,0.8476605876598815,0.7924977919490755,"rgba(239, 83, 80, 1.0)",0.0,0.0,0.14499154992464539,1.1583884855279554,-0.12682453244697556,0.0,0.0,0.0,0.0,0.0,0.0,0.0,0.0,24.072969834004276,-23.759805981040284,False,True,False,True,False,0.0,0,1.014075602289365,0.8957972847065087,False,False,False,False,0.08164531829219131,0.07788371756168044,False,False,False,False,4776441.0,4515927.280060789,False,False,False,False,131668.2079694847,False,False,False,False
2025-09-04 19:00:00+00:00,1.145,1.155,1.14,1.15,71755.0,,,,,,1.3530150152271414,1.353261947094212,1.3092905746520351,1.2751284758210795,1.2547244681666014,,,,,,,,,,1.2037559911991482,,1.3234379190885677,1.18621205074447,0.931319536774913,0.8857101473736521,0.8482274319080649,0.7930741474509823,"rgba(239, 83, 80, 1.0)",0.0,0.0,0.14320416346054265,1.158191012377774,-0.05719814410305944,0.0,0.0,0.0,0.0,0.0,0.0,0.0,0.0,26.88847286574394,-26.864437827530413,False,True,False,True,True,0.0,0,1.0169029080987557,0.8973847075264522,False,False,False,False,0.0836313242835684,0.08075752092262442,False,False,False,False,4848196.0,4521078.733083102,False,False,False,False,130739.32102422137,False,False,False,False
2025-09-05 14:00:00+00:00,1.19,1.195,1.14,1.155,100468.0,,,,,,1.350602986864358,1.3512892025945349,1.3080420244689415,1.2743769833434777,1.254155404666235,,,,,,,,,,1.2019690348231737,,1.3219776389301823,1.186088320438048,0.9320444567082199,0.8865039796215473,0.8490570093488313,0.7939119443420635,"rgba(239, 83, 80, 1.0)",0.0,0.0,0.14192794136653264,1.158107772860847,-0.02189683603471119,0.0,0.0,0.0,0.0,0.0,0.0,0.0,0.0,29.61732281390523,-24.28560762151492,False,True,False,True,True,0.0,0,1.018603111552466,0.8910294604435617,False,False,False,False,0.09954442445236822,0.09015097268749632,False,False,False,False,4948664.0,4527707.96202755,False,False,False,False,130269.99821764429,False,False,False,False
2025-09-05 15:00:00+00:00,1.155,1.205,1.15,1.175,59680.0,,,,,,1.349298979139517,1.3502183974490902,1.3073778317664768,1.2739883746752432,1.2538698475990495,,,,,,,,,,1.2013216030216007,,1.3211945965769911,1.1860581501351541,0.9324976337204344,0.8869959948983039,0.8495685492306059,0.7944257172165936,"rgba(239, 83, 80, 1.0)",0.0,0.0,0.14024987353658616,1.1581395717643774,0.1202170655164572,0.0,0.0,0.0,0.0,0.0,0.0,0.0,0.0,34.58768877814198,-19.75217367125835,False,True,False,True,True,0.0,0,1.0201125777675368,0.8895947858718193,False,False,False,False,0.10666713821332797,0.09840905545041215,False,False,False,False,5008344.0,4535159.683546502,False,False,False,False,129175.57964062653,False,False,False,False
2025-09-05 16:00:00+00:00,1.175,1.195,1.17,1.185,73109.0,,,,,,1.3477886216316346,1.348974113624898,1.3066143154849177,1.2735488378427693,1.2535528512955725,,,,,,,,,,1.2007748891312071,,1.3202905024585432,1.1860475030296882,0.93306559520295,0.8876102718858999,0.850205748733494,0.7950641652417629,"rgba(239, 83, 80, 1.0)",0.0,0.0,0.13845131189615775,1.1582063300415084,0.19352413199657956,0.0,0.0,0.0,0.0,0.0,0.0,0.0,0.0,39.30104581825243,-15.616194326130248,False,False,False,True,True,0.3287660377770898,0,1.022733267392021,0.8940158259149356,False,False,False,False,0.11067401194789826,0.1045415336991552,False,False,False,False,5081453.0,4543629.347367487,False,False,False,False,128306.33034387263,False,False,False,False
2025-09-05 17:00:00+00:00,1.185,1.195,1.175,1.185,69392.0,,,,,,1.3463945376029585,1.3478218463658735,1.3059079423288695,1.2731432072296116,1.2532616752074706,,,,,,,,,,1.2003325813725179,,1.319453585554514,1.1860436324111991,0.9336058805799127,0.8881942394922596,0.850811319933566,0.7956708102480209,"rgba(239, 83, 80, 1.0)",0.0,0.0,0.13569152217139646,1.1582498021916208,0.19713978721964825,0.0,0.0,0.0,0.0,0.0,0.0,0.0,0.0,42.443283844992735,-12.961012221077368,False,False,False,True,True,0.3287660377770898,0,1.0241801046429102,0.892056051628237,False,False,False,False,0.11267876888680961,0.1086101512929824,False,False,False,False,5081453.0,4551967.6985710915,False,False,False,False,127392.92987342499,False,False,False,False
2025-09-05 18:00:00+00:00,1.185,1.195,1.175,1.175,93827.0,,,,,,1.3445089336873899,1.3462579670627028,1.3049398063282764,1.2725800958248494,1.2528528437731072,,,,,,,,,,1.1996507681606838,,1.3183106441889334,1.186021872745718,0.934323104508218,0.8889713753612944,0.8516185232552311,0.7964810805688459,"rgba(239, 83, 80, 1.0)",0.0,0.0,0.13317647304600902,1.158231390164775,0.12591270403618499,0.0,0.0,0.0,0.0,0.0,0.0,0.0,0.0,43.1179566484469,-12.449350645205769,False,False,False,True,True,0.0,0,1.023813064961248,0.8923371837456412,False,False,False,False,0.11267876888680961,0.11064446008989601,False,False,False,False,4987626.0,4558722.090841307,False,False,False,False,126872.52785988351,False,False,False,False
2025-09-05 19:00:00+00:00,1.175,1.195,1.175,1.185,99858.0,,,,,,1.3425890956923228,1.3446586417497561,1.3039532952235482,1.27201005094783,1.2524429670677226,,,,,,,,,,1.1991025312891757,,1.3171440531961993,1.186016494518566,0.9350921139084878,0.8898033232951695,0.8524819292666574,0.7973471352623772,"rgba(239, 83, 80, 1.0)",0.0,0.0,0.13061438327044428,1.1582214869523402,0.205019633957261,0.0,0.0,0.0,0.0,0.0,0.0,0.0,0.0,45.22546891043408,-10.434224503324046,True,False,False,True,True,0.3373496950272781,0,1.024130060862662,0.8915387668695423,False,False,False,False,0.11062218343131233,0.11063332176060417,False,False,False,False,5087484.0,4566919.949898032,False,False,False,False,126453.697970583,False,False,False,False
2025-09-08 14:00:00+00:00,1.135,1.135,1.105,1.11,176012.0,,,,,,1.337895764169792,1.340741510290314,1.3012768782872979,1.2702480681199761,1.251012529544828,,,,,,,,,1.116666666666667,1.1940016716117785,,1.3140987472648944,1.1853790582013568,0.9360686532047754,0.8909215765416273,0.853682430837021,0.7985968618346976,"rgba(239, 83, 80, 1.0)",0.0,0.0,0.12931130814594602,1.1568880044721075,-0.36259786668608807,0.0,0.0,0.0,0.0,0.0,0.0,0.0,0.0,39.53743395325823,-4.401329756948897,False,False,False,True,False,0.0,0,1.0165007299030624,0.8957304771433725,False,False,False,False,0.05383328438260779,0.08223330307160598,False,False,False,False,4911472.0,4572261.842147674,False,False,False,False,127222.04373848093,False,False,False,False
2025-09-08 15:00:00+00:00,1.11,1.125,1.105,1.125,81141.0,,,,,,1.3358130070180396,1.338993793001482,1.3000795576368096,1.2694578591807093,1.2503712584097775,,,,,,,,,1.1171925598119925,1.1919030960443329,,1.3127373998861072,1.185096163876572,0.9365194282999575,0.8914371625035504,0.8542356760126476,0.7991726953298108,"rgba(239, 83, 80, 1.0)",0.0,0.0,0.12774457200083716,1.156336331898181,-0.24530460595989637,0.0,0.0,0.0,0.0,0.0,0.0,0.0,0.0,37.85961628370775,-5.8968276704738045,False,False,False,True,False,0.0,0,1.0129429690187917,0.8982912004194176,False,False,False,False,0.046436340755371085,0.06433482191348854,False,False,False,False,4992613.0,4578778.914362439,False,False,False,False,126507.60895183781,False,False,False,False
2025-09-08 16:00:00+00:00,1.125,1.125,1.11,1.115,40799.0,,,,,,1.3347727097317867,1.3381187901989633,1.2994779607663178,1.2690592795350937,1.2500471127668082,,,,,,,,,1.1171205484999822,1.190868351030957,,1.3120542137636106,1.1849512916163973,0.936743173863127,0.8916936273289308,0.8545112335416961,0.799459942852982,"rgba(239, 83, 80, 1.0)",0.0,0.0,0.12655081235657678,1.1560614297164045,-0.3244659512789807,0.0,0.0,0.0,0.0,0.0,0.0,0.0,0.0,36.02678230572003,-7.679435848639116,False,True,False,True,False,0.0,0,1.0139839431429323,0.9021946564885495,False,False,False,False,0.04849602525036336,0.056415423581925944,False,False,False,False,4951814.0,4584562.404062246,False,False,False,False,125178.79330917366,False,False,False,False
2025-09-08 17:00:00+00:00,1.115,1.115,1.095,1.095,110826.0,,,,,,1.3318051151858565,1.335617672973773,1.2977310665908495,1.2678814603846862,1.2490763524232362,,,,,,,,,1.1129307635603352,1.1876558652977727,,1.31008157670116,1.1844750707272227,0.9372977213378921,0.8923410933149838,0.8552141804186948,0.800200828284965,"rgba(239, 83, 80, 1.0)",0.0,0.0,0.12664424884599837,1.1551834805395083,-0.4752168463069527,0.0,0.0,0.0,0.0,0.0,0.0,0.0,0.0,33.482360413385116,-10.189022313679843,False,True,False,True,False,0.0,0,1.0095652030753526,0.9030967550748257,False,False,False,False,0.03820136349636823,0.04730839353914709,False,False,False,False,4840988.0,4588537.994696939,False,False,False,False,124956.26938189966,False,False,False,False
2025-09-08 18:00:00+00:00,1.095,1.115,1.09,1.105,317455.0,,,,,,1.3237667277741925,1.3287866160434803,1.2929348602793393,1.2646305154292112,1.2463953317995176,,,,,,,,,1.1087354815878652,1.1797706410712994,,1.3046740426169063,1.1831674771097027,0.9388816479292811,0.8941884096244713,0.8572192494255303,0.802314710622049,"rgba(239, 83, 80, 1.0)",0.0,0.0,0.1264599427372894,1.1529568535450752,-0.37922564653300356,0.0,0.0,0.0,0.0,0.0,0.0,0.0,0.0,33.32598592224875,-10.560609373151692,False,True,False,True,False,0.0,0,1.0085083272990587,0.9031005200447634,False,False,False,False,0.03614347163378501,0.04172593258646605,False,False,False,False,5158443.0,4597373.731213265,False,False,False,False,127940.74582559113,False,False,False,False
2025-09-08 19:00:00+00:00,1.105,1.115,1.095,1.11,163644.0,,,,,,1.3198994247415174,1.3254696642786734,1.290595620848407,1.2630379706764547,1.2450827784838931,,,,,,,,,1.1083550367073203,1.1764087529361071,,1.3020398932294328,1.1825372172620134,0.9397027070938477,0.8951430757376826,0.8582540593427691,0.8034048548048804,"rgba(239, 83, 80, 1.0)",0.0,0.0,0.1257834188932304,1.1519604710887896,-0.33359302408854963,0.0,0.0,0.0,0.0,0.0,0.0,0.0,0.0,34.003674286443385,-10.560609373151692,False,True,False,True,False,0.0,0,1.009283950617284,0.9029135802469136,False,False,False,False,0.03820136349636823,0.03996364804141714,False,False,False,False,5322087.0,4608609.595845617,False,False,False,False,128494.28465000057,False,False,False,False
2025-09-09 14:00:00+00:00,1.105,1.14,1.1,1.125,78012.0,,,,,,1.3182302086876183,1.3240290665128973,1.289590289801794,1.2623617720978089,1.244532573955118,,,,,,,,,1.1094279560982716,1.1752343782297527,,1.3009031905838608,1.1822990841355172,0.940126209636622,0.8956272286586385,0.8587739612753216,0.8039473710671431,"rgba(239, 83, 80, 1.0)",0.0,0.0,0.12505764436617145,1.1516013327485592,-0.21271256853895296,0.0,0.0,0.0,0.0,0.0,0.0,0.0,0.0,36.732919863639424,-10.560609373151692,False,False,False,True,True,0.0,0,1.0099266575877401,0.899092654273385,False,False,False,False,0.050556120975152295,0.04525988450828472,False,False,False,False,5400099.0,4620880.749398398,False,False,False,False,127711.61357015559,False,False,False,False
2025-09-09 15:00:00+00:00,1.12,1.155,1.12,1.125,37592.0,,,,,,1.317482999702255,1.3233817295612194,1.2891434676218732,1.262065061806423,1.2442942014467486,,,,,,,,,1.1103217083830192,1.1748056543193681,,1.3003958637059256,1.1822069498905974,0.9403426513705062,0.8958717948475134,0.8590348421928533,0.80421771133967,"rgba(239, 83, 80, 1.0)",0.0,0.0,0.12432531433213904,1.1514670597796477,-0.21288552473666064,0.0,0.0,0.0,0.0,0.0,0.0,0.0,0.0,38.55241691510345,-10.560609373151692,False,False,False,True,True,0.0,0,1.01555092600187,0.89649119929135,False,False,False,False,0.028499056896457535,0.03687947070237113,False,False,False,False,5400099.0,4632961.652508501,False,False,False,False,126314.41025899038,False,False,False,False
2025-09-09 16:00:00+00:00,1.125,1.165,1.115,1.145,139276.0,,,,,,1.3148894276145202,1.3211247208749648,1.287597419391454,1.2610479602903193,1.2434855460092429,,,,,,,,,1.1141352691735742,1.1735952959440696,,1.2986351638621678,1.181926290723883,0.941174789657059,0.8968051725658512,0.8600263171934758,0.8052407122196549,"rgba(239, 83, 80, 1.0)",0.0,0.0,0.12385355345206732,1.1510726598105285,-0.04903096957067687,0.0,0.0,0.0,0.0,0.0,0.0,0.0,0.0,42.682160264625395,-12.909946929408235,True,False,False,True,True,0.0,0,1.0145706417424685,0.9126762914128348,False,False,False,False,0.0271457843870338,0.032012627544702466,False,False,False,False,5539375.0,4647014.572624648,False,False,False,False,126515.36513869594,False,False,False,False
2025-09-09 17:00:00+00:00,1.145,1.155,1.135,1.145,144081.0,,,,,,1.3123357951772563,1.318890385808835,1.2860675411957152,1.260042574771623,1.2426892458548269,,,,,,,,,1.1175856805380762,1.1725541948649945,,1.2968921760946743,1.1816637121313969,0.9420426207292544,0.897776364415055,0.861056757108106,0.8063029207858479,"rgba(239, 83, 80, 1.0)",0.0,0.0,0.12354825442381842,1.1507139863021734,-0.0462490249564527,0.0,0.0,0.0,0.0,0.0,0.0,0.0,0.0,45.43532249764003,-10.272233656300543,True,False,False,True,True,0.0,0,1.0170427673805824,0.9151408688602121,False,False,False,False,0.018867795509372186,0.025440211527037328,False,False,False,False,5539375.0,4660849.618010312,False,False,False,False,126787.70056290219,False,False,False,False
2025-09-09 18:00:00+00:00,1.145,1.155,1.13,1.155,43759.0,,,,,,1.3115829317533707,1.318229370465481,1.2856147910982434,1.2597450416304337,1.2424540264317867,,,,,,,,,1.1185406240596367,1.1722710728220713,,1.2963763370161354,1.181588293478126,0.9423068819323057,0.8980718015826901,0.8613700677793359,0.80662579269395,"rgba(239, 83, 80, 1.0)",0.0,0.0,0.12310425523782294,1.150612698402593,0.03563891101027513,0.0,0.0,0.0,0.0,0.0,0.0,0.0,0.0,48.70021201591855,-7.179418178032691,True,False,False,False,True,0.0,0,1.0078538471977203,0.9162539014791694,False,False,False,False,0.010027769296181504,0.017733990411609415,False,False,False,False,5583134.0,4675148.600676819,False,False,False,False,125500.43388750835,False,False,False,False
2025-09-09 19:00:00+00:00,1.155,1.16,1.135,1.15,47349.0,,,,,,1.3107841284089345,1.3175267102607215,1.2851340350002636,1.2594295721523776,1.2422052101837553,,,,,,,,,1.119562877822755,1.1719911099452454,,1.2958283235297618,1.181510930044354,0.942594381162653,0.8983928253792236,0.8617102851220552,0.8069761727723759,"rgba(239, 83, 80, 1.0)",0.0,0.0,0.1226407997599786,1.1505100822596563,-0.004159156338304356,0.0,0.0,0.0,0.0,0.0,0.0,0.0,0.0,50.01401108077723,-5.8719411975086615,True,False,False,False,True,0.0,0,1.009371894596169,0.919696398588219,False,False,False,False,-0.010796903198729873,0.003468543606439771,False,False,False,False,5535785.0,4688491.800666325,False,False,False,False,124288.78374971752,False,False,False,False
2025-09-10 14:00:00+00:00,1.105,1.105,1.085,1.095,86120.0,,,,,,1.3088806304373048,1.3158652775214241,1.2839306391127558,1.2585870744803649,1.2415007980621522,,,,,,,,1.0950000000000002,1.11811999937247,1.1703874597886688,,1.2944852267524576,1.1811464197911756,0.9429802209512618,0.8988504650041447,0.8622122616994572,0.8075123362979753,"rgba(239, 83, 80, 1.0)",0.0,0.0,0.12342109125172716,1.1499819796621054,-0.44548285146794925,0.0,0.0,0.0,0.0,0.0,0.0,0.0,0.0,44.44877489832598,-5.8719411975086615,True,False,False,True,False,0.0,0,0.9952010733083354,0.9300113522997007,False,False,False,False,-0.10113746517099086,-0.048834460782275546,False,False,False,False,5449665.0,4700292.935539715,False,False,False,False,123697.01966057462,False,False,False,False
2025-09-10 15:00:00+00:00,1.095,1.115,1.095,1.11,23911.0,,,,,,1.3083865753203408,1.315432510876091,1.28361968210807,1.2583712596770729,1.2413218938464967,,,,,,,,1.0975353006576936,1.1179361974491326,1.170021073176988,,1.2941371228447023,1.1810593910003375,0.9430951969806112,0.898984684868797,0.8623582170656027,0.8076668736460488,"rgba(239, 83, 80, 1.0)",0.0,0.0,0.12383754979302576,1.1498584700591563,-0.32186093899445795,0.0,0.0,0.0,0.0,0.0,0.0,0.0,0.0,42.98855312768451,-0.6946998503563009,True,False,False,True,False,0.0,0,0.9852646489773357,0.9322312050856826,False,False,False,False,-0.1458455479462766,-0.09734000436427608,False,False,False,False,5473576.0,4712281.82026003,False,False,False,False,122149.94958831764,False,False,False,False
2025-09-10 16:00:00+00:00,1.11,1.11,1.1,1.1,5707.0,,,,,,1.3082670698319694,1.3153278390687293,1.283544230057429,1.2583187104937699,1.241278208434496,,,,,,,,1.0978211996060068,1.1178804780956402,1.169929678909981,,1.2940527552929038,1.1810377199285562,0.9431220564731148,0.899016180647808,0.8623925525078686,0.8077033235855898,"rgba(239, 83, 80, 1.0)",0.0,0.0,0.1247158933498672,1.1498276944206167,-0.39952962755784716,0.0,0.0,0.0,0.0,0.0,0.0,0.0,0.0,41.072652337911606,-2.6040560691756127,True,False,False,True,False,0.0,0,0.9780260840168674,0.9574933722399158,False,False,False,False,-0.1458455479462766,-0.12159277615527633,False,False,False,False,5467869.0,4723996.350178479,False,False,False,False,120344.63254043674,False,False,False,False
2025-09-10 17:00:00+00:00,1.105,1.125,1.095,1.105,51637.0,,,,,,1.3072183093404994,1.3144076696856952,1.2828832611839462,1.2578601462092038,1.2408984776286986,,,,,,,,1.1010643066965398,1.1175618719925167,1.169175231725654,,1.2933126988115307,1.1808547695650387,0.9433722445230335,0.8993076771250208,0.8627092135151911,0.8080382859789625,"rgba(239, 83, 80, 1.0)",0.0,0.0,0.12585741968629216,1.149570497806601,-0.3541348449515009,0.0,0.0,0.0,0.0,0.0,0.0,0.0,0.0,40.59400638749513,-3.283580562856649,True,False,False,True,False,0.0,0,0.973576613411625,0.9488643527441056,False,False,False,False,-0.13902132341547632,-0.13030704978537633,False,False,False,False,5519506.0,4736329.833121449,False,False,False,False,119279.39792740671,False,False,False,False
2025-09-10 18:00:00+00:00,1.105,1.105,1.095,1.095,72852.0,,,,,,1.3056837782788113,1.3130609495927559,1.2819062288644618,1.2571749796428218,1.2403262728811892,,,,,,,,1.1002361030747307,1.1166972498204408,1.167971848716669,,1.2922226600991016,1.1805628381628244,0.9437026164373634,0.8996979475008359,0.863136457607288,0.8084939048053124,"rgba(239, 83, 80, 1.0)",0.0,0.0,0.12736490811766485,1.1491604516308986,-0.425238414814095,0.0,0.0,0.0,0.0,0.0,0.0,0.0,0.0,39.22981313157533,-4.884813282859717,True,False,False,True,False,0.0,0,0.9673844147847663,0.9476810518118762,False,False,False,False,-0.15268328796502761,-0.14149516887520197,False,False,False,False,5446654.0,4747342.6109025115,False,False,False,False,118559.59330837714,False,False,False,False
2025-09-10 19:00:00+00:00,1.095,1.095,1.08,1.085,117142.0,,,,,,1.3031268551762054,1.3108145861652574,1.2802582460857133,1.2560055066143347,1.2393409577175567,,,,,,,,1.0957881769263702,1.1146723766271514,1.1658101265669558,,1.2903913241473624,1.1800317462810634,0.944191035051772,0.9002856119823983,0.863786286946512,0.8091941548670077,"rgba(239, 83, 80, 1.0)",0.0,0.0,0.1286740417062058,1.148419676652574,-0.4928707905000502,0.0,0.0,0.0,0.0,0.0,0.0,0.0,0.0,37.3260961150827,-6.985278798138971,False,False,False,True,False,0.0,0,0.9718959271050609,0.9471401910198703,False,False,False,False,-0.16984126113857198,-0.155668215006887,False,False,False,False,5329512.0,4756368.492904022,False,False,False,False,118537.61511754959,False,False,False,False
2025-09-11 14:00:00+00:00,1.07,1.075,1.04,1.045,212319.0,,,,,,1.2979507485015231,1.3062658015669746,1.276838850727226,1.2535169393366632,1.237203960126646,,,,,,,1.0533333333333335,1.079965533765851,1.1079924334516118,1.1606390526979378,,1.286624183726867,1.1787460465087454,0.9448627016608702,0.9011525668363771,0.8647798009425606,0.8103030110985695,"rgba(239, 83, 80, 1.0)",0.0,0.0,0.13092642869081517,1.1466413248945895,-0.7763239699649728,0.0,0.0,0.0,0.0,0.0,0.0,0.0,0.0,33.05302918929333,-11.184503074043974,False,True,False,True,False,0.0,0,0.9652836115270828,0.9416888856422804,False,False,False,False,-0.21144840043861188,-0.18355830772274945,False,False,False,False,5117193.0,4761962.671308611,True,False,False,False,119991.59007696742,False,False,False,False
2025-09-11 15:00:00+00:00,1.045,1.055,1.035,1.045,59383.0,,,,,,1.2964932048294027,1.304981210216555,1.2758658791228374,1.2528032964054163,1.236588336008096,,,,,,,1.0515120058004728,1.076664859769406,1.1061304881939773,1.1591709824805574,1.045,1.2855550183040565,1.1783675239609672,0.9450347628573049,0.9013801066973389,0.86504361473873,0.8106007716871991,"rgba(239, 83, 80, 1.0)",0.0,0.0,0.13267409096886923,1.148680236891067,-0.7814655908620064,1.0,1.055,1.035,0.0,0.0,0.0,0.0,0.0,30.204317905433754,-13.931582643058107,False,True,False,True,False,0.0,0,0.9689140163164582,0.9457652713578016,True,False,False,False,-0.3051924003129457,-0.24437535401784757,False,False,False,False,5117193.0,4767470.118265065,True,False,False,False,119051.92201375862,False,False,False,False
2025-09-11 16:00:00+00:00,1.045,1.065,1.045,1.065,140407.0,,,,,,1.2932920709808573,1.3021467739500767,1.2737285245250956,1.2512422402256844,1.2352485203887926,,,,,,,1.0538360563184337,1.0733198978181746,1.1030082307322022,1.1562323369666743,1.0543703054874283,1.2832023497300198,1.1775696286710997,0.9454931973589744,0.901964938492652,0.8657103122810031,0.8113416870286723,"rgba(239, 83, 80, 1.0)",0.0,0.0,0.13340229072685575,1.1480746172915754,-0.6227375619933895,0.0,0.0,0.0,0.0,0.0,0.0,0.0,0.0,31.96405313591159,-13.931582643058107,False,True,False,True,False,0.0,0,0.9651600753295667,0.9585687382297551,False,False,False,False,-0.2887364636580198,-0.2665559088379337,False,False,False,False,5257600.0,4775069.03116018,False,False,False,False,119383.00849416546,False,False,False,False
2025-09-11 17:00:00+00:00,1.065,1.105,1.055,1.075,42140.0,,,,,,1.2924284012876408,1.3013774912988214,1.2731540203634528,1.2508266703137871,1.234895340909348,,,,,,,1.056108632049823,1.07358020029127,1.1025337749661883,1.1555569072619454,1.0585442483362955,1.2825676832904433,1.177372044711236,0.9456543215923471,0.9021619546533353,0.8659301928262674,0.8115811284506431,"rgba(239, 83, 80, 1.0)",0.0,0.0,0.1331930455669092,1.1480232161266426,-0.5482509677275876,0.0,0.0,0.0,0.0,0.0,0.0,0.0,0.0,34.76310246647915,-13.931582643058107,False,False,False,True,True,0.0,0,0.963172804532578,0.9584513692162416,False,False,False,False,-0.2482332380195849,-0.25739457342875927,False,False,False,False,5299740.0,4783203.464785604,False,False,False,False,118185.4424710001,False,False,False,False
2025-09-11 18:00:00+00:00,1.075,1.075,1.05,1.055,72769.0,,,,,,1.2908268868909074,1.2999532672390655,1.2720772446397894,1.2500379573843419,1.2342182049253718,,,,,,,1.0566459399868695,1.0724627962645312,1.1011668645910295,1.154147268435356,1.0588808671142902,1.2813833713064229,1.176969877137162,0.9458933197200172,0.9024658385665484,0.8662761413702739,0.8119652476541964,"rgba(239, 83, 80, 1.0)",0.0,0.0,0.13335811706599918,1.1475097119710889,-0.6936938973523876,0.0,0.0,0.0,0.0,0.0,0.0,0.0,0.0,34.67325713938213,-13.931582643058107,False,False,False,True,True,0.0,0,0.9580152671755727,0.9704198473282443,False,False,False,False,-0.2764940576485909,-0.2669443155386751,False,False,False,False,5226971.0,4790083.581610633,False,False,False,False,117481.31157997684,False,False,False,False
2025-09-11 19:00:00+00:00,1.055,1.055,1.045,1.055,194029.0,,,,,,1.2865122496572607,1.296107564970019,1.269147878148818,1.2478756422071993,1.2323529292511834,,,,,,,1.0553060503221936,1.0687211490432882,1.097260005510444,1.1502688682526776,1.0561293690669016,1.2781697231688836,1.1758354540422318,0.9464795356173963,0.9032278539289834,0.867153146162653,0.8129494523018932,"rgba(239, 83, 80, 1.0)",0.0,0.0,0.13394072240031582,1.145896447717768,-0.6786319058822228,0.0,0.0,0.0,0.0,0.0,0.0,0.0,0.0,34.61336025465079,-13.931582643058107,False,False,False,True,True,0.0,0,0.9433781190019194,0.9798464491362763,False,False,False,False,-0.2969448993919897,-0.2819446074653324,False,False,False,False,5226971.0,4796857.029957755,False,False,False,False,118668.09744695395,False,False,False,False
2025-09-12 14:00:00+00:00,1.125,1.13,1.105,1.125,71704.0,,,,,1.1199999999999999,1.2854094606562807,1.295105263620212,1.2684189121732679,1.247362593250544,1.231930278299509,,,,,,,1.061157591307569,1.0719181186890643,1.0979044742969812,1.1498513725645596,1.064019664089276,1.2773562066756485,1.1756492671732688,0.9468342021435722,0.9036362238854267,0.8675944016841801,0.813414655760537,"rgba(239, 83, 80, 1.0)",0.0,0.0,0.1332762152431967,1.1460701497284835,-0.15809384810362173,0.0,0.0,0.0,0.0,0.0,0.0,0.0,0.0,43.126820730119135,-12.661305137712027,True,False,False,True,True,0.0,0,0.9427480916030536,0.9790076335877864,False,False,False,False,-0.18890102207659712,-0.23542281477096477,False,False,False,False,5298675.0,4804637.153524301,False,False,False,False,117939.97190514072,False,False,False,False
2025-09-12 15:00:00+00:00,1.125,1.125,1.09,1.095,108392.0,,,,,1.1099690535418145,1.283604670292538,1.2934694315174202,1.267208157195816,1.2464943337344563,1.231203136194,,,,,,,1.0662306074988468,1.074623820299952,1.098127500355637,1.1489012731472326,1.070205986338068,1.276013628336771,1.1752865708254843,0.947316255914481,0.9042032994327392,0.868214661384664,0.8140771308996825,"rgba(239, 83, 80, 1.0)",0.0,0.0,0.1323247779021306,1.1459384954499958,-0.3849505456012987,0.0,0.0,0.0,0.0,0.0,0.0,0.0,0.0,45.617088280445714,-10.45302296560024,True,False,False,True,True,0.0,0,0.9340344168260041,0.98565965583174,False,False,False,False,-0.20457850603132016,-0.22000066040114247,False,False,False,False,5190283.0,4810616.158896017,False,False,False,False,117791.94133296798,False,False,False,False
2025-09-12 16:00:00+00:00,1.095,1.135,1.085,1.11,86793.0,,,,,1.1099791174108584,1.2822376051666537,1.2922247776684888,1.2662903178502036,1.2458386271019775,1.2306568401446822,,,,,,,1.0700758736733282,1.0769061315711554,1.0985056122659282,1.1482753028060562,1.074659011255985,1.2749943568816333,1.1750254269371974,0.9477165188159162,0.9046701830470028,0.8687229912947247,0.8146175932990829,"rgba(239, 83, 80, 1.0)",0.0,0.0,0.1303606570285001,1.1458502287960566,-0.2750080401038384,0.0,0.0,0.0,0.0,0.0,0.0,0.0,0.0,48.628084231329936,-7.680792802020079,True,False,False,False,True,0.0,0,0.9379844961240311,0.9922480620155039,False,False,False,False,-0.20065011680696668,-0.2103253886040546,False,False,False,False,5277076.0,4817848.0944170095,False,False,False,False,117311.33759137157,False,False,False,False
2025-09-12 17:00:00+00:00,1.11,1.13,1.11,1.13,47659.0,,,,,1.1120024924653789,1.2815534576621614,1.2915979647548574,1.2658334747029516,1.2455163229304842,1.2303918707377361,,,,,,,1.0725268291819356,1.078494596175254,1.0989323352242468,1.1480568486117757,1.0774767412953452,1.2744847695485584,1.174912137998824,0.9479534603287694,0.9049422434679694,0.8690165878018812,0.8149268866822642,"rgba(38, 166, 154, 1.0)",0.0,0.0,0.12936320125073889,1.1458614709864092,-0.12261192389376446,0.0,0.0,0.0,0.0,0.0,0.0,0.0,0.0,52.29164167369501,-4.284046126432102,True,False,True,False,True,0.0,0,0.9500000000000002,0.9774509803921566,False,False,False,False,-0.18499623654960604,-0.19766081257683032,False,False,False,False,5324735.0,4825706.806131475,False,False,False,False,116231.45638840456,False,False,False,False
2025-09-12 18:00:00+00:00,1.13,1.135,1.115,1.12,75859.0,,,,,1.1142041595907177,1.2804765659237223,1.2906098046143606,1.2651123078538908,1.2450067936834144,1.2299728060606743,,,,,,,1.0759944766045197,1.080810342702967,1.0995821019535104,1.147716918688317,1.0813456099473384,1.2736806833516712,1.1747328362638743,0.9483292850506159,0.9053738893918019,0.8694825123625295,0.8154179138050147,"rgba(38, 166, 154, 1.0)",0.0,0.0,0.12870165934096747,1.1458507349425606,-0.2008578216856904,0.0,0.0,0.0,0.0,0.0,0.0,0.0,0.0,53.58035869627084,-3.031932184846113,True,False,True,False,True,0.0,0,0.9485148514851487,0.9762376237623764,False,False,False,False,-0.1772032452361992,-0.18743202890651478,False,False,False,False,5248876.0,4832267.568827111,False,False,False,False,115605.52683199519,False,False,False,False
2025-09-12 19:00:00+00:00,1.115,1.125,1.115,1.125,124109.0,,,,,1.1160042285695035,1.2787276266338512,1.2890020548607828,1.2639343684810334,1.2441709868111444,1.229283619809648,,,,,,,1.0805821259889892,1.0839935529786162,1.1005040682239005,1.1471438240969576,1.086236140483925,1.2723690674815338,1.1744327375472499,0.9489348685738465,0.906071043564686,0.8702361365368553,0.8162135650315295,"rgba(38, 166, 154, 1.0)",0.0,0.0,0.12745580403411727,1.1457544580419776,-0.16283650791157445,0.0,0.0,0.0,0.0,0.0,0.0,0.0,0.0,54.9016214867659,-1.6017300099893816,True,False,True,False,True,0.0,0,0.9501992031872512,0.9701195219123507,False,False,False,False,-0.18499623654960604,-0.18621413272806042,False,False,False,False,5372985.0,4840650.784814287,False,False,False,False,115737.36362529758,False,False,False,False
2025-09-15 14:00:00+00:00,1.155,1.155,1.115,1.13,61570.0,,,,,1.1178563009689528,1.277937595629071,1.288270579662197,1.2634044824914115,1.2437996250361854,1.2289816754971392,,,,,,,1.0830860263879392,1.0858296645556587,1.1011701853736384,1.1469947249363905,1.0889092016388677,1.2717764692737692,1.1743177552216777,0.9492539142995087,0.9064338593553355,0.8706256080945534,0.8166217699236279,"rgba(38, 166, 154, 1.0)",0.0,0.0,0.12624058255840712,1.1457645784857238,-0.12487726344600919,0.0,0.0,0.0,0.0,0.0,0.0,0.0,0.0,56.26861243386399,-0.04158289173941654,True,False,True,False,True,0.0,0,0.9453823237338631,0.9662363455809333,False,False,False,False,-0.16167997044841878,-0.1739470515882396,False,False,False,False,5434555.0,4849858.602103988,False,False,False,False,114897.55953808367,False,False,False,False
2025-09-15 15:00:00+00:00,1.135,1.135,1.115,1.13,27823.0,,,,,1.1182622078271176,1.2775670668304966,1.2879281560411369,1.2631542384604075,1.2436225461680592,1.2288363848776365,,,,,,,1.084001184441848,1.0865050441105808,1.1014018397892718,1.1468960326613007,1.0898533783555042,1.2714975170793634,1.1742575887583786,0.9493925183236478,0.9065926271526455,0.8707967725246003,0.8168020143022413,"rgba(38, 166, 154, 1.0)",0.0,0.0,0.12510600910234018,1.1457453246065397,-0.12585586191674977,0.0,0.0,0.0,0.0,0.0,0.0,0.0,0.0,57.179939731929394,1.154639439080782,True,False,True,False,True,0.0,0,0.9480519480519481,0.9720279720279718,False,False,False,False,-0.1772032452361992,-0.17557514841221938,False,False,False,False,5434555.0,4858923.662536484,False,False,False,False,113547.56636695059,False,False,False,False
2025-09-15 16:00:00+00:00,1.125,1.185,1.125,1.16,63005.0,,,,,1.1218903711722952,1.2769001632764647,1.2873013381832759,1.2627147484921275,1.2433258763200017,1.228605055920973,,,,,,,1.0872997560210025,1.0890378218827765,1.1025159687229755,1.1470022835235134,1.093434035758051,1.2709998072427338,1.1742074352479421,0.94975856760351,0.9070002060307358,0.871228874684899,0.817248844837355,"rgba(38, 166, 154, 1.0)",0.0,0.0,0.12367812773195022,1.145886725694817,0.11411293624828134,0.0,0.0,0.0,0.0,0.0,0.0,0.0,0.0,60.61482646994999,4.669382335976323,True,False,True,False,True,1.2382918741835098,0,0.9746963562753038,0.958502024291498,False,False,False,False,-0.1308561486063469,-0.15321564850928315,False,False,False,False,5497560.0,4868825.00110181,False,False,False,False,112763.96068684282,False,False,False,False
2025-09-15 17:00:00+00:00,1.16,1.175,1.15,1.175,21249.0,,,,,1.1232729673057111,1.276695469253825,1.2871073654076959,1.2625812433058274,1.2432377708550089,1.2285381708573309,,,,,,,1.0884965027686908,1.0899715674570265,1.102949188920052,1.1470741396253041,1.0947341710035974,1.2708475180705476,1.1742001913149334,0.9498876821207153,0.9071428599616925,0.8713794057756805,0.8174037096861954,"rgba(38, 166, 154, 1.0)",0.0,0.0,0.12159384467588963,1.1459516090043211,0.23889688719941266,0.0,0.0,0.0,0.0,0.0,0.0,0.0,0.0,64.03460392603658,8.036107753493177,True,False,True,False,True,2.446531543929879,0,0.973763874873865,0.9505549949545913,False,False,False,False,-0.11936372216515258,-0.13628968533721786,False,False,False,False,5518809.0,4878902.272402557,False,False,False,False,111345.1240870468,False,False,False,False
2025-09-15 18:00:00+00:00,1.175,1.19,1.165,1.175,109754.0,,,,,1.130617305225147,1.275745186282613,1.2861976875362668,1.261968820578581,1.2428449128343118,1.2282504546485822,,,,,,,1.0948673108776772,1.095042700309593,1.105433861779043,1.1476223241061163,1.1016162385345674,1.2701427775527894,1.1742123690884256,0.9505827876830637,0.9079054941542316,0.872180731816683,0.8182242672201625,"rgba(38, 166, 154, 1.0)",0.0,0.0,0.11781448235362901,1.1463585936542917,0.2431059898030108,0.0,0.0,0.0,0.0,0.0,0.0,0.0,0.0,66.31445556342764,10.29396076936223,True,False,True,False,True,2.446531543929879,0,0.9888097660223806,0.946083418107833,False,False,False,False,-0.09646963353188161,-0.11637965943454973,False,False,False,False,5518809.0,4888823.306938951,False,False,False,False,111320.45549654996,False,False,False,False
2025-09-15 19:00:00+00:00,1.175,1.19,1.175,1.185,81918.0,,,,,1.135525488680643,1.275094538477496,1.2855691653624732,1.2615526632762906,1.242583936203054,1.2280652669467729,,,,,,,1.0993941652164245,1.0987360940962112,1.1073454832054548,1.1481093390291528,1.1064371224064014,1.2696606368593175,1.1742458574090355,0.9511140453736897,0.9084859507225661,0.8727891231156114,0.8188456203258381,"rgba(38, 166, 154, 1.0)",0.0,0.0,0.11422279477778573,1.1466768052210907,0.33551266937098706,0.0,0.0,0.0,0.0,0.0,0.0,0.0,0.0,68.61925527353455,12.595021182446978,True,False,True,False,True,3.262224330285335,0,0.9928278688524592,0.9405737704918031,False,False,False,False,-0.08886178675373756,-0.10262072309414363,False,False,False,False,5600727.0,4899860.573498037,False,False,False,False,110864.60347334763,False,False,False,False
2025-09-16 14:00:00+00:00,1.165,1.255,1.155,1.225,198940.0,,,,,1.149566902273412,1.2740282415976318,1.2844885763759397,1.2609196479372928,1.2422581420100456,1.2279027034521786,,,,,,,1.111803998765804,1.1091507528386066,1.1132128432307447,1.1501468408940085,1.1196240993980273,1.2688888208394304,1.1745765719805297,0.9525503680812683,0.9100297440848546,0.8743906630566768,0.8204624421591622,"rgba(38, 166, 154, 1.0)",0.0,0.0,0.11047041102355426,1.1582958039733449,0.6038195694993178,0.0,0.0,0.0,0.0,0.0,0.0,0.0,0.0,72.53625573111114,16.35889780781524,True,False,True,False,True,6.409718563950197,0,0.9858728557013119,0.9263370332996972,False,False,False,False,-0.054740388467858205,-0.07868055578100092,False,False,False,False,5799667.0,4913811.060730625,False,False,False,False,112230.11349701665,False,False,False,False
2025-09-16 15:00:00+00:00,1.225,1.23,1.185,1.195,81207.0,,,,,1.153330935307617,1.2735464187282968,1.2840070668054562,1.2606229035601832,1.242091426516402,1.2278036823482954,,,,,,,1.1157554650495376,1.1125676093646735,1.1152354299830713,1.1508338441845885,1.1236977705333262,1.2685346127961137,1.1746799403260448,0.9531134217586436,0.9106381235730194,0.8750240214610188,0.8211046299837983,"rgba(38, 166, 154, 1.0)",0.0,0.0,0.10574310191972293,1.1585148540179016,0.3450357074809189,0.0,0.0,0.0,0.0,0.0,0.0,0.0,0.0,70.22559429734694,16.35889780781524,True,False,True,False,False,3.7649644254438215,0,0.992943548387097,0.9334677419354837,False,False,False,False,-0.05095841265679005,-0.06481948421889548,False,False,False,False,5718460.0,4926286.238083638,False,False,False,False,111749.13499318693,False,False,False,False
2025-09-16 16:00:00+00:00,1.195,1.205,1.19,1.195,67063.0,,,,,1.1556994092854516,1.273116126791813,1.2835812034503895,1.2603518897650285,1.2419313239759062,1.2277003926112222,,,,,,,1.1185408303783053,1.1150139465960747,1.116717226437496,1.1513175880219488,1.1265169831154958,1.2682153557003009,1.1747450147570868,0.9535641665343875,0.9111272405962616,0.8755346468979361,0.8216241230606812,"rgba(38, 166, 154, 1.0)",0.0,0.0,0.10066392216294046,1.1586205383541768,0.3613952334078279,0.0,0.0,0.0,0.0,0.0,0.0,0.0,0.0,68.68515334150415,16.35889780781524,True,False,True,False,False,3.7649644254438215,0,0.9927385892116184,0.9605809128630702,False,False,False,False,-0.06609614385532052,-0.065457814037108,False,False,False,False,5718460.0,4938568.001834279,False,False,False,False,111056.32669871893,False,False,False,False
2025-09-16 17:00:00+00:00,1.2,1.2,1.195,1.2,58982.0,,,,,1.1576547602292437,1.2727498099764118,1.283217190597864,1.2601216124734393,1.2417965939464128,1.2276149623100334,,,,,,,1.12088569728869,1.1170923828571886,1.1180028517336205,1.1517500080956151,1.1288771225041858,1.2679433901904675,1.1748062574500835,0.9539619288946498,0.9115585420224142,0.8759847283675953,0.8220818566777369,"rgba(38, 166, 154, 1.0)",0.0,0.0,0.09791437700984741,1.1587570826816813,0.4212141115310448,0.0,0.0,0.0,0.0,0.0,0.0,0.0,0.0,68.0859439235754,16.35889780781524,True,False,True,False,False,4.164318140597935,0,0.9937369519832987,0.9519832985386221,False,False,False,False,-0.06609614385532052,-0.06577697894621426,False,False,False,False,5777442.0,4951573.800255453,False,False,False,False,110248.9727964132,False,False,False,False
2025-09-16 18:00:00+00:00,1.2,1.215,1.195,1.215,24281.0,,,,,1.1585938725856824,1.272620174361856,1.2830857874678698,1.2600425728823528,1.2417540770929965,1.227591898954734,,,,,,,1.1219309680812397,1.1180198326247262,1.1185848380640029,1.1519634387608646,1.1299377261729107,1.2678480404005033,1.1748420535829922,0.9541319848708245,0.9117418970938787,0.8761753846401614,0.8222749674999019,"rgba(38, 166, 154, 1.0)",0.0,0.0,0.09507976736489986,1.1588637060931188,0.5904126131423919,0.0,0.0,0.0,0.0,0.0,0.0,0.0,0.0,68.92084301854892,16.35889780781524,True,False,True,False,False,5.359465234723178,0,0.993717277486911,0.9486910994764398,False,False,False,False,-0.054740388467858205,-0.06025868370703623,False,False,False,False,5801723.0,4964754.408003431,False,False,False,False,108916.13600887191,False,False,False,False
2025-09-16 19:00:00+00:00,1.215,1.235,1.215,1.23,128730.0,,,,,1.164683364859024,1.2721350533237765,1.282565749104531,1.2597746810088355,1.241653127368145,1.2275860685679632,,,,,,,1.1281726791615452,1.1235754880393707,1.122154749747695,1.1534280477599481,1.1363306483769953,1.2675017449409454,1.1751337548512435,0.9550945320312177,0.9127700689862298,0.8772381290003936,0.8233440279429887,"rgba(38, 166, 154, 1.0)",0.0,0.0,0.09204630640348278,1.15978991811495,0.7627691390166786,0.0,0.0,0.0,0.0,0.0,0.0,0.0,0.0,70.57297664541429,16.35889780781524,True,False,True,False,False,6.538134434007027,0,1.0000000000000002,0.9382845188284519,False,False,False,False,-0.024519267974614088,-0.042388975840825155,False,False,False,False,5930453.0,4979726.479197176,False,False,False,False,109223.32769865684,False,False,False,False
2025-09-17 14:00:00+00:00,1.215,1.215,1.195,1.205,48674.0,,,,,1.1660024184788456,1.2718681414080655,1.282296356690852,1.2596089485566255,1.2415606316999102,1.2275323813441794,,,,,,,1.1298657081495385,1.1251199381584496,1.1231766286356175,1.1538075423407923,1.138004834438634,1.2673036484805353,1.1751971822417981,0.9554278154359557,0.9131303696676466,0.8776134731578517,0.823725142435555,"rgba(38, 166, 154, 1.0)",0.0,0.0,0.0888587298686808,1.15993119011379,0.507196197298955,0.0,0.0,0.0,0.0,0.0,0.0,0.0,0.0,67.4082815547582,16.35889780781524,True,False,True,False,False,4.256799543864961,0,0.9916405433646814,0.9435736677115987,False,False,False,False,-0.054740388467858205,-0.048564682154341676,False,False,False,False,5881779.0,4993711.78959722,False,False,False,False,108284.578432011,False,False,False,False
2025-09-17 15:00:00+00:00,1.205,1.215,1.195,1.205,80645.0,,,,,1.1680076761859706,1.2714305519073406,1.2818541117369162,1.2593365528920604,1.2414084044457752,1.227443989788918,,,,,,,1.13251233800005,1.127553818051894,1.1248153438734279,1.1544241593850306,1.140605991890879,1.266978183828588,1.1753016803683831,0.9559780602407885,0.9137253785417356,0.8782334696114044,0.8243549154333201,"rgba(38, 166, 154, 1.0)",0.0,0.0,0.0856497161342359,1.1601619575999804,0.5235048570359124,0.0,0.0,0.0,0.0,0.0,0.0,0.0,0.0,65.29848482765415,20.642597489934175,True,False,True,False,False,4.256799543864961,0,0.9874739039665973,0.9446764091858039,False,False,False,False,-0.054740388467858205,-0.05165253531109994,False,False,False,False,5881779.0,5007480.273479433,False,False,False,False,107856.05783616586,False,False,False,False
2025-09-17 16:00:00+00:00,1.205,1.215,1.2,1.215,45364.0,,,,,1.1691881403290905,1.2712052472375996,1.2816235995447642,1.2591985074095076,1.2413350134966277,1.2274055813980358,,,,,,,1.134017905276527,1.1289430818961539,1.125764321765216,1.1547981811099488,1.1420891793709373,1.2668112445444184,1.1753699830535085,0.9562927094272443,0.9140647420499863,0.8785865165677376,0.8247128999410207,"rgba(38, 166, 154, 1.0)",0.0,0.0,0.08213919190525411,1.1603222256838024,0.6656721724176127,0.0,0.0,0.0,0.0,0.0,0.0,0.0,0.0,64.93802796287939,20.075779093086325,True,False,True,False,False,5.071671291083867,0,1.0031982942430704,0.9434968017057568,False,False,False,False,-0.05095841265679005,-0.05130547398394499,False,False,False,False,5927143.0,5021738.610324713,False,False,False,False,106887.18872242684,False,False,False,False
2025-09-17 17:00:00+00:00,1.215,1.225,1.21,1.225,9506.0,,,,,1.1694857065586024,1.2711659236563533,1.2815822011070892,1.2591755377355078,1.2413245719839328,1.2274021661237775,,,,,,,1.1343665615310607,1.1292634747324741,1.1259837961800334,1.1548900027263649,1.1424365695648673,1.2667825221894404,1.1753883849993212,0.9563611401738085,0.9141381566536707,0.878662631559535,0.8247897759929501,"rgba(38, 166, 154, 1.0)",0.0,0.0,0.07849416114167122,1.160368929021002,0.823386988776756,0.0,0.0,0.0,0.0,0.0,0.0,0.0,0.0,65.68968816556433,20.075779093086325,True,False,True,False,False,5.884046727880911,0,1.0000000000000002,0.9401709401709402,False,False,False,False,-0.03584398145788413,-0.04357472772091456,False,False,False,False,5936649.0,5035923.267528981,False,False,False,False,105377.40285076131,False,False,False,False
2025-09-17 18:00:00+00:00,1.225,1.245,1.175,1.195,97523.0,,,,,1.171498468690978,1.2706487052130586,1.2810580082725584,1.2588517989305366,1.241143101848615,1.227296675035709,,,,,,,1.1371875924438706,1.1319021368031283,1.1278277039875135,1.1556036592548895,1.1451732520646833,1.2663960488646342,1.1755131161181473,0.9570213055654118,0.914852457339779,0.8794073179450257,0.8255468630469774,"rgba(38, 166, 154, 1.0)",0.0,0.0,0.07437123826508737,1.1606324414643456,0.4621081931318043,0.0,0.0,0.0,0.0,0.0,0.0,0.0,0.0,61.28197447424523,16.235122279629294,True,False,True,False,False,3.1063479631417152,0,0.9978700745473909,0.9371671991480296,False,False,False,False,-0.04717789278256871,-0.04537631025174163,False,False,False,False,5839126.0,5048376.023071167,False,False,False,False,105255.62916315261,False,False,False,False
2025-09-17 19:00:00+00:00,1.195,1.21,1.185,1.21,154763.0,,,,,1.1739878786941673,1.269803462534775,1.2802048994225426,1.2583145993303189,1.2408325935913018,1.2271065666626093,,,,,,,1.141030744523523,1.1355572578081594,1.130464498860719,1.156621713893415,1.1488402850215222,1.2657598022341383,1.1756867802218955,0.9580477956555231,0.9159658947679429,0.8805701107649914,0.8267316441688346,"rgba(38, 166, 154, 1.0)",0.0,0.0,0.0700257352949965,1.1609700343615634,0.7001706648546943,0.0,0.0,0.0,0.0,0.0,0.0,0.0,0.0,60.082446156013646,15.007220612617473,True,False,True,False,False,4.344326858990925,1,0.9978678038379534,0.9413646055437099,False,False,False,False,-0.06609614385532052,-0.055736227053531075,False,False,False,False,5993889.0,5063035.138992544,False,False,False,False,106023.18530015799,False,False,False,False
2025-09-18 14:00:00+00:00,1.215,1.215,1.195,1.205,81179.0,,,,,1.1752745058155978,1.2693896174557313,1.2797833844750464,1.2580531783041824,1.2406853617015352,1.2270208897285513,,,,,,,1.1429700523464008,1.1374146191832377,1.1318349730263773,1.1571761353428198,1.1506894585912337,1.2654481404616424,1.1757885243739754,0.9585901117147474,0.9165532587979587,0.8811829873589107,0.8273556253648956,"rgba(38, 166, 154, 1.0)",0.0,0.0,0.06525984099619125,1.1611743608486893,0.6715560210125022,0.0,0.0,0.0,0.0,0.0,0.0,0.0,0.0,58.52269150681244,13.388291506852887,True,False,True,False,False,3.8823130013022116,1,0.9968051118210861,0.9403620873269433,False,False,False,False,-0.054740388467858205,-0.05523830776069464,False,False,False,False,5912710.0,5076208.392651575,False,False,False,False,105638.00413271367,False,False,False,False
2025-09-18 15:00:00+00:00,1.205,1.24,1.195,1.24,82674.0,,,,,1.1772903310800187,1.2691027833192698,1.2794724499074408,1.2578889418652706,1.240619999014431,1.227012944622485,,,,,,,1.1454268383028188,1.13973711439735,1.1335474655203694,1.157958587789065,1.1531004959000724,1.26523794264277,1.1759618668972276,0.9591846022514923,0.9171902974945169,0.8818431790688785,0.8280225282639124,"rgba(38, 166, 154, 1.0)",0.0,0.0,0.060517661780580254,1.1615642796440715,1.2960798227848591,0.0,0.0,0.0,0.0,0.0,0.0,0.0,0.0,61.0118892586952,13.388291506852887,True,False,True,False,True,6.722134370742701,1,0.9978835978835979,0.9343915343915343,False,False,False,False,-0.03584398145788413,-0.04554114460928939,False,False,False,False,5995384.0,5090459.177261628,False,False,False,False,105281.97306088865,False,False,False,False
2025-09-18 16:00:00+00:00,1.235,1.26,1.235,1.235,107441.0,,,,,1.1805955775251338,1.2688881861892087,1.2792078393495063,1.2577955535896999,1.240634613858783,1.2270959058935815,,,,,,,1.1490947975966228,1.143188187814196,1.1361088272040976,1.159219669026625,1.156751250375787,1.2650910016102341,1.1762688626160303,0.9600062464497904,0.9180633306402395,0.8827430036874735,0.8289257544976865,"rgba(38, 166, 154, 1.0)",0.0,0.0,0.05520437050201586,1.1622580438700412,1.317684731633751,0.0,0.0,0.0,0.0,0.0,0.0,0.0,0.0,61.862956573579226,13.388291506852887,True,False,True,False,True,6.249191880369018,1,1.013859275053305,0.9317697228144987,False,False,False,False,0.009428773246507755,-0.018056185681390818,False,False,False,False,5887943.0,5102823.267536642,False,False,False,False,105315.44634676634,False,False,False,False
2025-09-18 17:00:00+00:00,1.235,1.25,1.235,1.25,104211.0,,,,,1.18357718374531,1.2686967819054324,1.278966612637926,1.2577164182783398,1.240657301746394,1.227183748407805,,,,,,,1.1524575696247106,1.1463748888449703,1.1385184136057542,1.1604312902393918,1.1600836188064647,1.2649611234649307,1.1765713018419424,0.9608033240188145,0.9189099801316767,0.8836155217267819,0.8298015899406207,"rgba(38, 166, 154, 1.0)",0.0,0.0,0.05483496944355118,1.1629080543994899,1.5882555691065954,0.0,0.0,0.0,0.0,0.0,0.0,0.0,0.0,63.77049656179199,9.052459876419732,True,False,True,False,True,7.445973883009401,0,1.013888888888889,0.9262820512820513,False,False,False,False,-0.007764937759028207,-0.012910561720209513,False,False,False,False,5992154.0,5116611.340908166,False,False,False,False,105298.32314759167,False,False,False,False
2025-09-18 18:00:00+00:00,1.25,1.29,1.245,1.265,172641.0,,,,,1.1894957768398937,1.2686701873528414,1.2788245796695403,1.2578071898160514,1.240879330011987,1.2275020775216292,,,,,,,1.1587275270459831,1.1523048854369666,1.1430500701792692,1.1628603232860115,1.1663585763634423,1.2649791952599507,1.1772233249434156,0.9622139616425137,0.9203955281431098,0.8851378745959864,0.8313197499047654,"rgba(38, 166, 154, 1.0)",0.0,0.0,0.05569179990427579,1.1769391064975332,1.5812183059952736,0.0,0.0,0.0,0.0,0.0,0.0,0.0,0.0,66.23538039331069,11.500744563678403,True,False,True,False,True,8.624979394892566,0,1.0127523910733265,0.9202975557917109,False,False,False,False,0.031068731246810626,0.009079084763300556,False,False,False,False,6164795.0,5132862.25035145,False,False,False,False,106342.39565693133,False,False,False,False
2025-09-18 19:00:00+00:00,1.27,1.27,1.26,1.27,73106.0,,,,,1.1917553627727613,1.2686591345504319,1.2787654186549724,1.2578450751072543,1.2409722110410575,1.2276353343800275,,,,,,,1.1611798141097114,1.154643377496132,1.1448738609525044,1.1638557574485624,1.1687984833103917,1.2649867329762254,1.1774965929193404,0.9628073917942915,0.9210207752361508,0.8857788844214279,0.8319594495879794,"rgba(38, 166, 154, 1.0)",0.0,0.0,0.05582485480872952,1.1774572181715453,1.65773439349785,0.0,0.0,0.0,0.0,0.0,0.0,0.0,0.0,68.26084271254395,13.502422631847196,True,False,True,False,True,9.01667747944822,0,1.015991471215352,0.9253731343283579,False,False,False,False,0.02718307994070265,0.0181310823520016,False,False,False,False,6237901.0,5149994.634066932,False,False,False,False,105827.1027010099,False,False,False,False
2025-09-19 14:00:00+00:00,1.245,1.255,1.215,1.22,140892.0,,,,,1.1937982225639396,1.2682524375195332,1.2783123458249022,1.2576174711685026,1.240896572394526,1.2276507393378628,,,,,,1.2299999999999998,1.1640667054911653,1.1575004648724605,1.1472273827864456,1.1650559782234695,1.171539026533625,1.2646881140264796,1.1778039278039945,0.9638073437947298,0.9220922681246269,0.8868898592899597,0.8330834673224686,"rgba(38, 166, 154, 1.0)",0.0,0.0,0.05536952034996421,1.1772655039310755,0.7718054228900695,0.0,0.0,0.0,0.0,0.0,0.0,0.0,0.0,62.16098134861637,17.354272683159266,True,False,True,False,False,4.244777278063914,0,1.0052910052910056,0.9248677248677247,False,False,False,False,-0.027838587398248,-0.004853752523123199,False,False,False,False,6097009.0,5164677.027337212,False,False,False,False,106370.7445195989,False,False,False,False
2025-09-19 15:00:00+00:00,1.225,1.225,1.2,1.215,58096.0,,,,,1.1942192224831676,1.2680152333229868,1.2780643590910545,1.2574687139144314,1.2408184443436774,1.2276123818687463,,,,,,1.2251340449340327,1.164904388121439,1.158359903420682,1.1479725138716024,1.1654145161308882,1.172296741136344,1.2645080077039965,1.1778894788284138,0.9641918122593013,0.9225081327193393,0.887323726692998,0.833525718919723,"rgba(38, 166, 154, 1.0)",0.0,0.0,0.05483390152777817,1.1771068995368126,0.6910524220858392,0.0,0.0,0.0,0.0,0.0,0.0,0.0,0.0,57.53478048798276,13.26127785766883,False,False,True,False,False,3.788151228413433,0,0.9989417989417991,0.9354497354497351,False,False,False,False,-0.0637005428897369,-0.03427714770643005,False,False,False,False,6038913.0,5178231.073425007,False,False,False,False,105622.29886813225,False,False,False,False
2025-09-19 16:00:00+00:00,1.21,1.215,1.2,1.205,37675.0,,,,,1.1943907863434973,1.2678438787752977,1.2778880912734167,1.2573582874503695,1.240755783027762,1.2275760544992766,,,,,,1.2221941748393284,1.1653598535233283,1.1588373514236152,1.148398436762658,1.1656122397874835,1.1726961318332614,1.2643767554254934,1.1779343445884052,0.9644338510327556,0.9227710172938038,0.8875987308276562,0.8338069432187548,"rgba(38, 166, 154, 1.0)",0.0,0.0,0.0541567627813579,1.176988662351368,0.5172269576326001,0.0,0.0,0.0,0.0,0.0,0.0,0.0,0.0,53.319335413298404,9.5795692581571,False,False,False,False,False,2.872399991312225,0,0.9957035445757253,0.9548872180451126,False,False,False,False,-0.07168888553603214,-0.052983016621231095,False,False,False,False,6001238.0,5190990.870736247,False,False,False,False,104568.85237405267,False,False,False,False
2025-09-19 17:00:00+00:00,1.205,1.225,1.2,1.225,145890.0,,,,,1.1955194661837745,1.2672962729891337,1.2773083524549187,1.257018639508108,1.2405858395049203,1.2275032757767508,,,,,,1.2200862102767458,1.1674388513386833,1.1609690557778767,1.1502643508040948,1.1665425568278431,1.174589512657148,1.2639611784216538,1.1781667779241325,0.9654050687958038,0.9238201170223489,0.8886924199953605,0.834921048560831,"rgba(38, 166, 154, 1.0)",0.0,0.0,0.05450415307757767,1.1769551930471722,0.8814889185498215,0.0,0.0,0.0,0.0,0.0,0.0,0.0,0.0,53.01774581777435,9.399320612501583,False,False,False,False,False,4.543647152111237,0,0.9935483870967745,0.9451612903225804,False,False,False,False,-0.0637005428897369,-0.05834177975548399,False,False,False,False,6147128.0,5205814.7021977,False,False,False,False,105209.49032174177,False,False,False,False
2025-09-19 18:00:00+00:00,1.225,1.225,1.2,1.2,174971.0,,,,,1.1962535339648606,1.2665491825286095,1.2765337893998128,1.2565360959983178,1.2403152389800973,1.227351114396218,,,,,,1.216397736539892,1.1693341391777223,1.1629743707007072,1.152107454592476,1.1674363346171306,1.1762465886821942,1.2633860555601257,1.1783823421206814,0.966521758889168,0.9250329787314389,0.8899614840798111,0.8362197301137148,"rgba(38, 166, 154, 1.0)",0.0,0.0,0.054712022494208,1.1768482099055857,0.42315727035799466,0.0,0.0,0.0,0.0,0.0,0.0,0.0,0.0,50.001992631155744,6.507537960671613,False,True,False,False,False,2.260261274622515,0,0.993541442411195,0.9451022604951559,False,False,False,False,-0.0637005428897369,-0.06102116132261044,False,False,False,False,5972157.0,5217695.978132619,False,False,False,False,106291.06411520315,False,False,False,False
2025-09-19 19:00:00+00:00,1.205,1.225,1.2,1.225,451565.0,,,,,1.1988828095332358,1.264969672386652,1.2748476246124116,1.2555416906702581,1.2398140276822203,1.2271366361518081,,,,,,1.2165180821513266,1.174390730939759,1.1682632305688798,1.15699538631733,1.1700114884024013,1.1807930875493386,1.2621718738402523,1.179075592070881,0.9694545328936982,0.9282065540366481,0.8932751144393816,0.8396041298642676,"rgba(38, 166, 154, 1.0)",0.0,0.0,0.055100399763117605,1.1774101171728641,0.8636939664998773,0.0,0.0,0.0,0.0,0.0,0.0,0.0,0.0,50.85705716186955,6.507537960671613,False,True,False,False,False,4.330311635439465,0,0.9978448275862072,0.9407327586206896,False,False,False,False,-0.0637005428897369,-0.06236085210617367,False,False,False,False,6423722.0,5236394.0559910275,False,False,False,False,111644.14839248681,False,False,False,False
2025-09-22 14:00:00+00:00,1.195,1.215,1.18,1.205,165664.0,,,,,1.1989332187213388,1.2642236074392519,1.2740821460119893,1.2550380804076036,1.239506845410401,1.2269382513316858,,,,,,1.2141886975389722,1.1753565752584192,1.1693701175637385,1.1581576140152825,1.1705761366310743,1.1815542613999268,1.261584699279098,1.1792136795641825,0.9704419198503873,0.9292873099061492,0.8944121968023133,0.8407764876931623,"rgba(38, 166, 154, 1.0)",0.0,0.0,0.055100399763117605,1.1848005306893816,0.3665938794901322,0.0,0.0,0.0,0.0,0.0,0.0,0.0,0.0,49.30104331135746,5.549369464192658,False,True,False,False,False,2.5292090927547797,0,0.985058697972252,0.9413020277481321,False,False,False,False,-0.08769404485416024,-0.07502744848016696,False,False,False,False,6258058.0,5252233.807060935,False,False,False,False,112481.66547167306,False,False,False,False
2025-09-22 15:00:00+00:00,1.205,1.215,1.2,1.205,33146.0,,,,,1.199002410654965,1.2640916694179942,1.2739444790032706,1.2549504852560194,1.2394562281512302,1.2269086433822745,,,,,,1.2139822852186595,1.1755910696232381,1.1696285768444876,1.1584185055090361,1.170711588896838,1.1817518161930654,1.2614811203664262,1.179249880574744,0.9706441692226891,0.9295078158789073,0.8946436336722158,0.8410144737686674,"rgba(38, 166, 154, 1.0)",0.0,0.0,0.055282892455076144,1.1848627974171713,0.3642573984201831,0.0,0.0,0.0,0.0,0.0,0.0,0.0,0.0,48.26370074434939,4.262247334116857,False,True,False,True,False,2.5292090927547797,0,0.989281886387996,0.9485530546623792,False,False,False,False,-0.07168888553603214,-0.07335816700809955,False,False,False,False,6258058.0,5267827.980594873,False,False,False,False,111251.65515428277,False,False,False,False
2025-09-22 16:00:00+00:00,1.205,1.205,1.185,1.185,3161.0,,,,,1.1989961567765466,1.2640758402085932,1.2739284590300086,1.2549395582208778,1.239449204617116,1.2269037352780965,,,,,,1.2139240389961414,1.1756025431908317,1.1696431315653903,1.1584355496624845,1.170719086461941,1.1817592490042612,1.26146856535874,1.1792514418484519,0.9706622141934774,0.9295276892339603,0.8946646267775592,0.8410362229936534,"rgba(239, 83, 80, 1.0)",0.0,0.0,0.055312950766740324,1.1848510545946451,0.002692776344242488,0.0,0.0,0.0,0.0,0.0,0.0,0.0,0.0,45.52256977198988,1.3954286750392484,False,True,False,True,False,0.7387465451073716,0,0.9838012958963285,0.9568034557235419,False,False,False,False,-0.0917020277009954,-0.08253009735454747,False,False,False,False,6254897.0,5283131.3762445655,False,False,False,False,109575.83104336365,False,False,False,False
2025-09-22 17:00:00+00:00,1.185,1.205,1.185,1.195,64473.0,,,,,1.1989278577673341,1.2637692780453196,1.2736162505025044,1.2547292047036518,1.2393163611729094,1.2268133668913073,,,,,,1.212967505871402,1.175880868632759,1.1699801609962297,1.1588139076224135,1.1708949968731301,1.1819586570291012,1.2612256520748653,1.179291727616992,0.9710351661731393,0.9299375235326487,0.8950969621846407,0.8414834524054929,"rgba(239, 83, 80, 1.0)",0.0,0.0,0.055456094150054376,1.1847161529059982,0.18544124413406404,0.0,0.0,0.0,0.0,0.0,0.0,0.0,0.0,45.087490417526055,0.6885027804002561,False,True,False,True,False,1.6035528632191927,0,0.9794816414686826,0.9535637149028078,False,False,False,False,-0.0917020277009954,-0.08711606252777143,False,False,False,False,6319370.0,5299197.091341549,False,False,False,False,108876.56234501692,False,False,False,False
2025-09-22 18:00:00+00:00,1.195,1.2,1.195,1.195,58538.0,,,,,1.1988933050992872,1.2634999724847633,1.2733408780728168,1.2545447835923837,1.2392009427382673,1.226736034880822,,,,,,1.212252237699493,1.1761481775783778,1.1702983713201114,1.1591662299390162,1.1710634122319017,1.1821570588658212,1.2610121446449891,1.1793319888092435,0.9713752258842299,0.9303108692952449,0.8954905981572091,0.841890444564707,"rgba(239, 83, 80, 1.0)",0.0,0.0,0.055543749496315284,1.1846482951586508,0.18637029252114148,0.0,0.0,0.0,0.0,0.0,0.0,0.0,0.0,44.797437514550175,0.029432887494884596,False,True,False,True,False,1.6035528632191927,0,0.9805405405405407,0.9535135135135133,False,False,False,False,-0.08769404485416024,-0.08740505369096584,False,False,False,False,6319370.0,5315013.725584315,False,False,False,False,108096.11951796239,False,False,False,False
2025-09-22 19:00:00+00:00,1.2,1.21,1.19,1.195,41523.0,,,,,1.1988873005662266,1.2633149828165866,1.2731509588409935,1.2544184226437565,1.2391226436940297,1.2266844478540342,,,,,,1.211832088537752,1.1763487246718445,1.1705335053602717,1.1594231257387586,1.171189236777639,1.1823103741149168,1.2608654513451487,1.179363169466622,0.9716176009561623,0.9305767163247749,0.895770736884201,0.8421799265586786,"rgba(239, 83, 80, 1.0)",0.0,0.0,0.05554602020272629,1.1846238790662054,0.18680223886292793,0.0,0.0,0.0,0.0,0.0,0.0,0.0,0.0,44.604068912566255,-0.5900495427633103,False,True,False,True,False,1.6035528632191927,0,0.9815618221258137,0.9544468546637742,False,False,False,False,-0.08368887027462713,-0.08554696198279649,False,False,False,False,6319370.0,5330585.140691535,False,False,False,False,107063.978130087,False,False,False,False
2025-09-23 14:00:00+00:00,1.265,1.3,1.265,1.29,169216.0,,,,1.2850000000000001,1.2024927381858141,1.263562975775218,1.273271974507762,1.254696035919919,1.2394780708340816,1.2271129127505123,,,,,,1.219846783746869,1.1802091054045436,1.1743166296581378,1.1626923291718059,1.173289758522446,1.1861291808479564,1.2610934639631037,1.1800649064893927,0.9729755503231419,0.93200358372034,0.8972325103939843,0.8436406789468086,"rgba(38, 166, 154, 1.0)",0.0,0.0,0.05740664179799963,1.187323413477074,1.7885837475778599,0.0,0.0,0.0,0.0,0.0,0.0,0.0,0.0,53.49607329236619,-1.7340605784018877,False,True,True,False,True,9.323462313511602,0,0.9829242262540023,0.943436499466382,False,False,False,False,0.04774700346438059,-0.018899979259207948,False,False,False,False,6488586.0,5348538.642386239,False,False,False,False,108027.57536838022,False,False,False,False
2025-09-23 15:00:00+00:00,1.285,1.3,1.265,1.265,45421.0,,,,1.283236518711437,1.2033170732244414,1.2636030769760103,1.273281255301154,1.2547494408312962,1.2395552455528054,1.2272104492171043,,,,,,1.2214697026197245,1.1811203283054383,1.1752166238949895,1.1634832451741626,1.1737993667759725,1.1870239915770975,1.261132856410373,1.1802368499390539,0.9733283689359289,0.9323756346093549,0.897614620668198,0.8440237630731436,"rgba(38, 166, 154, 1.0)",0.0,0.0,0.05854873999460851,1.187827128507777,1.3180961964224909,0.0,0.0,0.0,0.0,0.0,0.0,0.0,0.0,56.44004459685022,0.8531974617619724,False,True,True,False,True,7.007242848063413,0,0.9775641025641026,0.9508547008547006,False,False,False,False,0.04774700346438059,0.014423512102586323,False,False,False,False,6443165.0,5365509.593667072,False,False,False,False,107056.93078902549,False,False,False,False
2025-09-23 16:00:00+00:00,1.265,1.265,1.25,1.265,80929.0,,,,1.2768741217415625,1.2044176910573003,1.2635835370408626,1.2732168738244378,1.25477208283483,1.2396305623418835,1.227325040872761,,,,,,1.223335603213736,1.182426053302548,1.1765244751850223,1.1646620357172375,1.174549905225142,1.1882868339102055,1.2611277735938853,1.1804890093856708,0.9739205486784003,0.9330045565730156,0.898263691177637,0.8446784176044893,"rgba(38, 166, 154, 1.0)",0.0,0.0,0.059668755310980585,1.1884157951783,1.2834892302103433,0.0,0.0,0.0,0.0,0.0,0.0,0.0,0.0,58.40269213317291,2.6147576406910105,False,False,True,False,True,7.007242848063413,0,0.9685746352413022,0.9786756453423121,False,False,False,False,0.007951893396846424,0.011187702749716373,False,False,False,False,6443165.0,5382217.429424171,False,False,False,False,106651.84659074602,False,False,False,False
2025-09-23 17:00:00+00:00,1.265,1.265,1.225,1.235,95422.0,,,,1.2682816181911807,1.2052513955975588,1.2634442841296545,1.2730375685134077,1.254705784617385,1.2396393682049887,1.2273838946542048,,,,,,1.2243257563664374,1.1835601646525797,1.1776881356086617,1.1657552005499394,1.175231932949226,1.1893542124407792,1.2610253617973277,1.1807162020512474,0.9745710974391654,0.9337016104566159,0.8989873825609808,0.8454137107412655,"rgba(38, 166, 154, 1.0)",0.0,0.0,0.06018829313605715,1.1887696914235544,0.7680946936298882,0.0,0.0,0.0,0.0,0.0,0.0,0.0,0.0,56.383091623106324,2.6147576406910105,False,True,True,False,True,4.286063129926539,0,0.9628796400449946,0.9718785151856018,False,False,False,False,-0.011928353199420092,-0.0003703252248518597,False,False,False,False,6347743.0,5397186.818115269,False,False,False,False,106477.74044205228,False,False,False,False
2025-09-23 18:00:00+00:00,1.235,1.245,1.225,1.225,14519.0,,,,1.2669706359364123,1.2053410485508425,1.2634135928062078,1.2730018248770616,1.254688064323837,1.2396341252044087,1.227386567156225,,,,,,1.2243855972607207,1.183699886688699,1.1778344524553905,1.1658972635229488,1.175319056331946,1.1894825572560916,1.2610018730538848,1.1807449755367287,0.9746661095411527,0.9338039603399153,0.8990940235244602,0.8455225336904589,"rgba(38, 166, 154, 1.0)",0.0,0.0,0.0605568752094793,1.1887991486655956,0.5977991963617341,0.0,0.0,0.0,0.0,0.0,0.0,0.0,0.0,54.04798525968805,2.6147576406910105,False,True,True,False,False,3.401191347380724,0,0.9702176403207333,0.9793814432989689,False,False,False,False,-0.027838587398247766,-0.014104456311549813,False,False,False,False,6333224.0,5411699.022485575,False,False,False,False,105052.02353597395,False,False,False,False
2025-09-23 19:00:00+00:00,1.23,1.25,1.23,1.245,70396.0,,,,1.2632276500323245,1.2059291405776986,1.2633122309691054,1.2728711080689055,1.2546396852687172,1.2396405853535997,1.2274296419891324,,,,,,1.2250426429712464,1.1845048542776402,1.1786624972650543,1.1666808917803204,1.1758119873707833,1.1902389007046197,1.2609271591035822,1.180911332130222,0.9751436721276631,0.9343158397724206,0.8996256269823054,0.8460629398954979,"rgba(38, 166, 154, 1.0)",0.0,0.0,0.06118558388768542,1.189046418106418,0.914489628738244,0.0,0.0,0.0,0.0,0.0,0.0,0.0,0.0,54.39938221304714,2.6147576406910105,False,True,True,False,False,4.995647049695954,0,0.960964408725603,0.9712973593570609,False,False,False,False,-0.019882212214401552,-0.01699333426297568,False,False,False,False,6403620.0,5427077.642292,False,False,False,False,104514.72084549372,False,False,False,False
2025-09-24 14:00:00+00:00,1.255,1.295,1.245,1.295,154218.0,,,,1.2669246673786994,1.2084091137921023,1.2634640595164264,1.2729205739047713,1.2548309779056748,1.2399081361957915,1.227763812628076,,,,,,1.2291401262558908,1.187275020945298,1.1814167211382063,1.169154560372629,1.177453902064409,1.1929499730071733,1.2610732699168443,1.1814906566851908,0.9763270438836983,0.9355643703170369,0.9009087031574081,0.8473509335334032,"rgba(38, 166, 154, 1.0)",0.0,0.0,0.06288843260056867,1.1903297503345567,1.6643800033982206,0.0,0.0,0.0,0.0,0.0,0.0,0.0,0.0,58.24489244371011,2.6147576406910105,False,False,True,False,True,8.758774714587684,0,0.9665898617511521,0.9654377880184333,False,False,False,False,0.027838428238859705,0.0054225469879420115,False,False,False,False,6557838.0,5444608.8106285585,False,False,False,False,105285.31432075737,False,False,False,False
2025-09-24 15:00:00+00:00,1.295,1.325,1.25,1.255,148219.0,,,,1.268779832720919,1.2105844999500788,1.2635910822782435,1.272952897485554,1.2549991078683609,1.2401508123066196,1.2280704255842128,,,,,,1.2324105775757292,1.1897415449278497,1.183880950199114,1.1713961133544921,1.17895787064779,1.195354969650699,1.2611980654062704,1.1820315183116108,0.977449481356811,0.9367500295239247,0.9021282919700575,0.8485768529756395,"rgba(38, 166, 154, 1.0)",0.0,0.0,0.06365390655585196,1.201010024066596,0.848180085946986,0.0,0.0,0.0,0.0,0.0,0.0,0.0,0.0,56.88712389681362,2.6147576406910105,False,True,True,False,True,5.237769525225158,0,0.9609195402298851,0.9655172413793103,False,False,False,False,0.05572015158757244,0.030571349287757225,False,False,False,False,6409619.0,5459570.208913387,False,False,False,False,105950.95285842005,False,False,False,False
2025-09-24 16:00:00+00:00,1.255,1.285,1.255,1.28,85497.0,,,,1.269230508764964,1.2117172311562552,1.2636448503704913,1.2729547816254487,1.255080178425557,1.240276697466682,1.2282335345738864,,,,,,1.2339729266050175,1.191051152569163,1.1851962418128668,1.1726074909674782,1.1797759515782011,1.1966260874323436,1.261253829449425,1.182329825559619,0.9780859581436258,0.9374235408396403,0.9028219633485765,0.8492753384532976,"rgba(38, 166, 154, 1.0)",0.0,0.0,0.06487513995194999,1.201464722622364,1.2105604309417048,0.0,0.0,0.0,0.0,0.0,0.0,0.0,0.0,57.68474690211639,2.6147576406910105,False,False,True,False,True,7.059234101954019,0,0.9475524475524478,0.9895104895104897,False,False,False,False,0.03220616413477215,0.03138875671126469,False,False,False,False,6495116.0,5475625.182418605,False,False,False,False,105633.83731022748,False,False,False,False
2025-09-24 17:00:00+00:00,1.285,1.285,1.26,1.275,100020.0,,,,1.2696562612503723,1.2129915420099786,1.2637070033609046,1.2729569622651675,1.2551741147839033,1.2404227592471937,1.2284228643893083,,,,,,1.2356557264930963,1.1925320728927165,1.1866866932718716,1.173988598792144,1.1807151758059335,1.1980615110279915,1.261318418892818,1.1826763402720761,0.978827083708583,0.9382080454531405,0.9036301823116997,0.8500895624857459,"rgba(38, 166, 154, 1.0)",0.0,0.0,0.0655385176617431,1.2020071837874893,1.1137391997365673,0.0,0.0,0.0,0.0,0.0,0.0,0.0,0.0,57.73303383851724,2.6147576406910105,False,False,True,False,True,6.624299700144675,0,0.9543325526932088,0.9800936768149883,False,False,False,False,0.03623527346014178,0.03381201508570324,False,False,False,False,6395096.0,5489880.5439314945,False,False,False,False,105546.80107285961,False,False,False,False
2025-09-24 18:00:00+00:00,1.275,1.275,1.26,1.275,84271.0,,,,1.2696838983406609,1.2139679006027921,1.263740834295503,1.2729426801325086,1.255238121963421,1.2405324608827506,1.228569404622781,,,,,,1.2368498511793022,1.193689258098949,1.1878570565318354,1.1750851081245868,1.1814640385630892,1.199178123356691,1.2613573548114365,1.1829555919039867,0.9794415958780934,0.9388596382182073,0.904302293353492,0.8507677731564471,"rgba(38, 166, 154, 1.0)",0.0,0.0,0.06630111490645653,1.2023894191044184,1.0951637992517456,0.0,0.0,0.0,0.0,0.0,0.0,0.0,0.0,57.76522512945114,2.9584338895410696,False,False,True,False,True,6.624299700144675,0,0.9598108747044921,0.9787234042553193,False,False,False,False,0.028178099834388244,0.03099505746004574,False,False,False,False,6395096.0,5503914.892087596,False,False,False,False,105216.94369188504,False,False,False,False
2025-09-24 19:00:00+00:00,1.275,1.275,1.26,1.27,75089.0,,,,1.269593610732981,1.2147850728324416,1.2637627284585216,1.2729229277375556,1.255288304346173,1.2406240363465135,1.2286938927698756,,,,,,1.2377959264092673,1.1946697231331616,1.1888519348834612,1.176024466083118,1.1821084384145686,1.200121529745934,1.2613851214193172,1.1831981807802914,0.9799838425230908,0.93943517094321,0.9048963783713971,0.8513678491156954,"rgba(38, 166, 154, 1.0)",0.0,0.0,0.06678168006866933,1.202704558782265,1.0076931450142839,0.0,0.0,0.0,0.0,0.0,0.0,0.0,0.0,57.2077039984033,2.9584338895410696,False,False,True,False,True,6.176304433161626,0,0.9630952380952382,0.9726190476190476,False,False,False,False,0.028178099834388244,0.02958657864721699,False,False,False,False,6320007.0,5516567.4829079425,False,False,False,False,104749.84378968527,False,False,False,False
2025-09-25 14:00:00+00:00,1.2,1.215,1.19,1.2,63972.0,,,,1.2659333490005944,1.2146192061029952,1.2635115417828833,1.2726637281192792,1.255113811797476,1.2405150161697887,1.228621998049388,,,,,1.2016666666666667,1.2368940704954994,1.1947471560741867,1.1889854944842726,1.1762426627435902,1.1822312660920342,1.2001392812904144,1.2611832988880431,1.1832427793670746,0.9803377693488174,0.9398248453628532,0.9053084197284113,0.8517962027391601,"rgba(38, 166, 154, 1.0)",0.0,0.0,0.06610972315398704,1.2021295149102482,-0.032211826167961116,0.0,0.0,0.0,0.0,0.0,0.0,0.0,0.0,50.831467886740086,5.4300873238609455,False,True,False,False,False,0.2742607871637297,0,0.949232585596222,0.9799291617473433,False,False,False,False,-0.07661302015505439,-0.0235132207539187,False,False,False,False,6256035.0,5528032.095576036,False,False,False,False,104117.62915728704,False,False,False,False
2025-09-25 15:00:00+00:00,1.205,1.225,1.19,1.21,78944.0,,,,1.2623419603891008,1.2145226345913673,1.263237468441529,1.2723762454965437,1.2549267047490356,1.2404042625326217,1.2285556153533392,,,,,1.2053492027951151,1.2360405762341582,1.1949301990025716,1.189231178639499,1.1765761384032563,1.1824319987663414,1.2002538281372659,1.2609638024245418,1.1833173275347755,0.9807860832712316,0.9403163284685926,0.9058267236058524,0.8523334112392971,"rgba(38, 166, 154, 1.0)",0.0,0.0,0.0656170984089126,1.2016453297231453,0.12732459190423248,0.0,0.0,0.0,0.0,0.0,0.0,0.0,0.0,47.59364919371161,2.460285274609035,False,True,False,True,False,1.0579440059088583,0,0.9408983451536643,0.9846335697399524,False,False,False,False,-0.06852173866382565,-0.04601747970887217,False,False,False,False,6334979.0,5540542.9002957875,False,False,False,False,103727.34033314305,False,False,False,False
2025-09-25 16:00:00+00:00,1.215,1.215,1.19,1.205,63893.0,,,,1.259507250234206,1.2143852133845017,1.2629976140024923,1.272127428126903,1.254760229392502,1.2403012929669703,1.2284890004483089,,,,,1.204726406168655,1.2352681973078263,1.1950208392702064,1.1893746362924087,1.1767993016868978,1.182561286289787,1.200288280060296,1.2607707337801768,1.1833653445543528,0.9811396908868655,0.9407053965910839,0.9062380021950331,0.8527609248988858,"rgba(38, 166, 154, 1.0)",0.0,0.0,0.06514191023043295,1.2012643018301934,0.05734707742821821,0.0,0.0,0.0,0.0,0.0,0.0,0.0,0.0,45.06688847560912,0.16306583709790345,False,True,False,True,False,0.653143326058327,0,0.962695547533093,0.9843561973525874,False,False,False,False,-0.07661302015505439,-0.06131524993196328,False,False,False,False,6271086.0,5551869.149903605,False,False,False,False,103109.75366131138,False,False,False,False
2025-09-25 17:00:00+00:00,1.205,1.205,1.18,1.185,115922.0,,,,1.253934837214063,1.213853694104784,1.262471149981853,1.2715939310603304,1.2543833156527984,1.2400490703606901,1.2283054480062645,,,,,1.1994368168330076,1.233408370316657,1.1949244670870423,1.1893859691907869,1.176996076340654,1.182643841833699,1.2000836068429308,1.2603431766487863,1.1833940961937,0.9817400591184199,0.9413726691636535,0.9069479368754595,0.8535045170539798,"rgba(239, 83, 80, 1.0)",0.0,0.0,0.06479579844015207,1.2004430699498725,-0.23833443404723623,0.0,0.0,0.0,0.0,0.0,0.0,0.0,0.0,41.943839387173306,-2.704619017375414,False,True,False,True,False,0.0,0,0.9589867310012066,0.9806996381182147,False,False,False,False,-0.09282674101255227,-0.07707099547225778,False,False,False,False,6155164.0,5561222.558432232,False,False,False,False,103308.39313943058,False,False,False,False
2025-09-25 18:00:00+00:00,1.185,1.21,1.17,1.21,91501.0,,,,1.250526532370613,1.2135629942874122,1.2620986637863394,1.271211703041847,1.2541193763396972,1.2398780440429182,1.2281867969760385,,,,,1.1988249097124317,1.2322542841512012,1.1949504688443395,1.1894886461482623,1.1772248307632733,1.1827656162320497,1.2000307806975683,1.260040963341481,1.1834393417814377,0.9822266093423433,0.9419109071972033,0.9075189471270997,0.8541007295329008,"rgba(239, 83, 80, 1.0)",0.0,0.0,0.0645079784157014,1.199991770345782,0.15514716008805904,0.0,0.0,0.0,0.0,0.0,0.0,0.0,0.0,42.684592561510385,-2.704619017375414,False,True,False,True,False,1.050113227706074,0,0.9553679131483719,0.9819059107358264,False,False,False,False,-0.09688745537020294,-0.08697922542123035,False,False,False,False,6246665.0,5571849.573030181,False,False,False,False,103125.33278067972,False,False,False,False
2025-09-25 19:00:00+00:00,1.205,1.215,1.19,1.2,213497.0,,,,1.2445689330224918,1.2131113328075447,1.2613109123823614,1.270393660430858,1.2535656088996978,1.2395297617599144,1.2279567536039386,,,,,1.1997914200767106,1.2301655967939003,1.1951764790162962,1.189876601846003,1.1778705216386665,1.1831409871027383,1.200087736807678,1.2594016128068026,1.1835831783587416,0.9833796149105251,0.943182458045513,0.9088654464878421,0.8555040207923732,"rgba(239, 83, 80, 1.0)",0.0,0.0,0.06436802966725455,1.1992925455538164,0.010990773678186457,0.0,0.0,0.0,0.0,0.0,0.0,0.0,0.0,42.35476538725486,-2.704619017375414,False,True,False,True,False,0.2392667827810655,0,0.9573690621193668,0.9890377588306943,False,False,False,False,-0.07661302015505439,-0.08179612278814237,False,False,False,False,6033168.0,5579001.796704132,False,False,False,False,104836.52141973894,False,False,False,False
2025-09-26 14:00:00+00:00,1.205,1.205,1.165,1.165,79446.0,,,,1.2416940551532132,1.2126268345458764,1.2609103577784593,1.2699924559797304,1.2532712066587248,1.2393229027145571,1.2277970916491994,,,,,1.1973807591237435,1.2288811663556862,1.1949681722557273,1.1897413645763328,1.1778750269724236,1.1831057183291946,1.1998094938419652,1.2590725474609794,1.1835678074437446,0.9837600485975513,0.9436100258752838,0.9093236820459071,0.8559883178506175,"rgba(239, 83, 80, 1.0)",0.0,0.0,0.0642413803942309,1.198832263789663,-0.5266428520377984,0.0,0.0,0.0,0.0,0.0,0.0,0.0,0.0,39.62587495385149,-5.208464599767758,False,True,False,True,False,0.0,0,0.9538274605103283,0.9805589307411907,False,False,False,False,-0.10501858560541798,-0.09340735419678017,False,False,False,False,5953722.0,5584811.4122591065,False,False,False,False,104442.86992485927,False,False,False,False
2025-09-26 15:00:00+00:00,1.165,1.175,1.155,1.165,104161.0,,,,1.2375646622242968,1.2117725321708563,1.2603071601822993,1.2693959565788522,1.2528206321922115,1.2389949707526096,1.2275333011147123,,,,,1.1932236500455218,1.2268710060308503,1.1944899960309183,1.1893670780825543,1.177712772740504,1.1829332342950767,1.1992353965710518,1.2585745557985712,1.1834968034097757,0.9842225624814568,0.9441365464967271,0.9098924540081876,0.8565949054365691,"rgba(239, 83, 80, 1.0)",0.0,0.0,0.06418806826902822,1.1981027200976375,-0.515714539949944,0.0,0.0,0.0,0.0,0.0,0.0,0.0,0.0,37.80661466491592,-7.079508173051046,False,True,False,True,False,0.0,0,0.9512195121951224,0.9890243902439024,False,False,False,False,-0.13769295602736506,-0.11555015511207262,False,False,False,False,5953722.0,5590530.9562550895,False,False,False,False,104438.49984850486,False,False,False,False
2025-09-26 16:00:00+00:00,1.165,1.175,1.15,1.175,56585.0,,,,1.2355498530656006,1.2113372432298788,1.259988320258863,1.2690798714576845,1.2525823912760146,1.238822018662967,1.2273947196286858,,,,,1.1914922402691799,1.2258591457037076,1.1942508932028293,1.1891820422314903,1.1776376640523867,1.1828494845550304,1.198946188079255,1.2583110070271464,1.1834619130892459,0.9844751402900191,0.9444236785541477,0.9102023890901829,0.8569252096672109,"rgba(239, 83, 80, 1.0)",0.0,0.0,0.06406654760890305,1.1977448806400885,-0.355019608344367,0.0,0.0,0.0,0.0,0.0,0.0,0.0,0.0,37.93847783332066,-7.172155076269682,False,True,False,True,False,0.0,0,0.950859950859951,0.9926289926289927,False,False,False,False,-0.14179645425474605,-0.12867330468340932,False,False,False,False,6010307.0,5597039.111972065,False,False,False,False,103696.58512217144,False,False,False,False
2025-09-26 17:00:00+00:00,1.175,1.185,1.16,1.16,20262.0,,,,1.2348727420370555,1.2111891499408225,1.2598767067130698,1.2689689941529227,1.2524990505464704,1.2387617146478154,1.2273466072725687,,,,,1.1909639192223525,1.225515009277647,1.1941713841910466,1.1891213662875941,1.177615064961696,1.1828227717135078,1.198849155787619,1.2582187120115491,1.1834506909877205,0.9845662393919836,0.9445270846351619,0.9103139090806975,0.8570439497153156,"rgba(239, 83, 80, 1.0)",0.0,0.0,0.06325709019122504,1.197624923146964,-0.5947937698876857,0.0,0.0,0.0,0.0,0.0,0.0,0.0,0.0,36.83298657714385,-8.506358336284165,False,True,False,True,False,0.0,0,0.9436090225563912,1.011278195488722,False,False,False,False,-0.12540949875374818,-0.12704140171857875,False,False,False,False,5990045.0,5603132.226515134,False,False,False,False,102403.02566291297,False,False,False,False
2025-09-26 18:00:00+00:00,1.16,1.17,1.16,1.16,49232.0,,,,1.2331635440000932,1.2107920420464704,1.2595918900989989,1.2686872671643583,1.2522852480788553,1.2386052468597937,1.2272201541861567,,,,,1.189512791381974,1.224624110870473,1.1939432191400163,1.1889402904438433,1.1775312741580526,1.1827360165038243,1.1985777197049416,1.2579828125857957,1.1834144975288168,0.9847812012051779,0.94477233580679,0.9105792327725986,0.8573274556920902,"rgba(239, 83, 80, 1.0)",0.0,0.0,0.0626999145077615,1.1973112638905055,-0.5950767905096084,0.0,0.0,0.0,0.0,0.0,0.0,0.0,0.0,36.09599240635931,-9.502454975909238,False,True,False,True,False,0.0,0,0.9404309252217999,1.005069708491762,False,False,False,False,-0.13769295602736506,-0.1323671788729719,False,False,False,False,5990045.0,5609130.874166062,False,False,False,False,101578.66867589105,False,False,False,False
2025-09-26 19:00:00+00:00,1.16,1.165,1.14,1.155,158242.0,,,,1.227470344568161,1.209299342459345,1.2585937711378583,1.267706834885296,1.2515284517983762,1.2380404602507558,1.226753976093285,,,,,1.1842875157705985,1.221485622721731,1.1929998947978253,1.1881544059316336,1.17708340141648,1.1823212652040536,1.1974929311450977,1.2571531867195016,1.1832415462013617,0.9854301448211096,0.9455210170240572,0.9113946909501808,0.8582054965673962,"rgba(239, 83, 80, 1.0)",0.0,0.0,0.06198299679664748,1.1990701906409373,-0.7110045160533601,0.0,0.0,0.0,0.0,0.0,0.0,0.0,0.0,35.165734534693286,-10.681574745175858,False,True,False,True,False,0.0,0,0.9276649746192894,1.0076142131979697,False,False,False,False,-0.1582594149967887,-0.1453132969348803,False,False,False,False,5831803.0,5612583.155186743,False,False,False,False,102457.16993672994,False,False,True,False
2025-09-29 14:00:00+00:00,1.55,1.665,1.54,1.655,899867.0,,,1.62,1.3407290228118762,1.262163121921681,1.2769198898779124,1.283949107915785,1.266886149052236,1.2519046740669588,1.2403745910357247,,,,,1.38076888409594,1.3012771685540432,1.242823024941476,1.2363113956690006,1.2192621022586607,1.2148226948979244,1.2481874495432868,1.2728053648145587,1.197069404661633,0.9990258824548911,0.9590141429012614,0.9246771408738603,0.8708424997109954,"rgba(38, 166, 154, 1.0)",0.0,0.0,0.0814950393670852,1.252653447180059,4.9370680221113385,0.0,0.0,0.0,0.0,0.0,0.0,0.0,0.0,52.56561736583618,-3.001682394139344,False,False,True,False,True,20.0,0,0.9387755102040819,0.9784580498866216,False,False,False,False,0.3428281215620399,0.0987574123135798,False,False,False,False,6731670.0,5629933.338827258,False,False,False,False,114820.11303848606,False,False,False,False
2025-09-29 15:00:00+00:00,1.655,1.655,1.57,1.605,869200.0,,,1.6150866756318443,1.399418540377938,1.3006272790690767,1.2924723058779213,1.297850142451177,1.2801649934530688,1.2640344326011532,1.2523404423597961,,,,,1.4503210245268539,1.3513079570345556,1.2800141823111604,1.2726488444574513,1.2521761933217048,1.241270878425774,1.2857649876823605,1.2862932725007528,1.2093226133506036,1.01141360784593,0.971354992625889,0.936864722267569,0.8824993451834623,"rgba(38, 166, 154, 1.0)",0.0,0.0,0.09341556866213357,1.2767416410488572,3.51395772302571,0.0,0.0,0.0,0.0,0.0,0.0,0.0,0.0,61.731898038031694,4.565312415735043,True,False,True,False,True,20.0,0,0.9461279461279465,0.9809203142536478,False,False,False,False,0.3428281239030677,0.22079276810832377,False,False,False,False,5862470.0,5633538.558380323,False,False,False,False,126515.92523943976,False,False,False,False
2025-09-29 16:00:00+00:00,1.605,1.62,1.475,1.575,537449.0,,,1.6014740341421145,1.4180938033333408,1.3170135884032728,1.2998859065005963,1.3044978312997213,1.2866269962628902,1.2700377464999195,1.2583126003357212,,,,,1.4671206872783955,1.3700115890276383,1.2963196903041436,1.2887571640707676,1.2672504773271627,1.2538042185265694,1.3021121737210644,1.2928190849504022,1.2155808781367796,1.0181646931776294,0.9781363583658197,0.9436060166706445,0.8890098532018313,"rgba(38, 166, 154, 1.0)",0.0,0.0,0.10186548275337384,1.28606288045498,2.8364575686993456,0.0,0.0,0.0,0.0,0.0,0.0,0.0,0.0,66.41770558864377,8.04565968429226,True,False,True,False,True,19.554220684053252,0,0.9378468368479469,0.9866814650388456,False,False,False,False,0.26011723516234114,0.24045500163533245,False,False,False,False,5325021.0,5628755.340420939,False,False,False,False,132886.9806620841,False,False,False,False
2025-09-29 17:00:00+00:00,1.575,1.71,1.555,1.695,307892.0,,,1.6075813683250664,1.433079142357788,1.328908193166553,1.305477886339227,1.3095562726931347,1.291471764278451,1.2744900993008883,1.2627041494198394,,,,,1.4825741588534613,1.3840612331979791,1.3079803758577064,1.3002299187681892,1.2778982550733218,1.2626971420528288,1.313847994727944,1.2977359728764821,1.2200531076227024,1.022638281908835,0.9825882911478382,0.9480008799788131,0.8932150806228129,"rgba(38, 166, 154, 1.0)",0.0,0.0,0.11460665200888652,1.2936047532179735,3.502373027622364,0.0,0.0,0.0,0.0,0.0,0.0,0.0,0.0,71.10504132359391,11.827649101406337,True,False,True,False,True,20.0,0,0.9547900968783642,0.9677072120559743,False,False,False,False,0.3428281283460395,0.29164156499068594,False,False,False,False,5632913.0,5628819.800259374,False,False,False,False,135600.23677585024,False,False,False,False
2025-09-29 18:00:00+00:00,1.695,1.76,1.67,1.75,974119.0,,,1.6399075154420368,1.482324783496094,1.368936467260896,1.3255558100236482,1.3278532526182782,1.3089327176420928,1.2905189706583846,1.2784686911587793,,,,,1.5333354333077722,1.4305235323148635,1.3471937052576783,1.3388424250542097,1.3139132033769307,1.293221326717396,1.3533174932335394,1.315478759073409,1.23591556198087,1.0379844339393982,0.9977932013675495,0.9629629730327128,0.9074748177057815,"rgba(38, 166, 154, 1.0)",0.0,0.0,0.12836680270240186,1.3198074591969249,3.351275654971391,0.0,0.0,0.0,0.0,0.0,0.0,0.0,0.0,74.82088156278434,14.963579362150142,True,False,True,False,True,20.0,0,0.9829242262540026,0.9615795090715049,False,False,False,False,0.3428281438695019,0.3172348544300939,False,False,False,False,6607032.0,5643985.880875507,False,False,False,False,148600.52767855022,False,False,False,False
2025-09-29 19:00:00+00:00,1.745,1.86,1.745,1.86,1856029.0,,,1.7018685377344513,1.5645110076906381,1.4417776382699092,1.3668641382466227,1.3659425656358661,1.3453457268033848,1.3241235422573652,1.311496963871957,,,,,1.615160158392395,1.5108389513808869,1.4190422293050722,1.4098842223244878,1.3812559919974183,1.3520839321008762,1.4254888927191238,1.3524592210945663,1.2688927673084467,1.0692343952829548,1.0286684272413797,0.993290809855907,0.9363356958590923,"rgba(38, 166, 154, 1.0)",0.0,0.0,0.1463897365082549,1.4008093148895133,3.136768301270855,0.0,0.0,0.0,0.0,0.0,0.0,0.0,0.0,78.30187078911052,18.119619367663233,True,False,True,False,True,20.0,0,0.9968619246861925,0.9372384937238493,False,False,False,False,0.34282815663882726,0.3300315055344606,False,False,False,False,8463061.0,5687692.471869686,False,False,False,False,175072.2869393479,False,False,False,False
2025-09-30 14:00:00+00:00,1.665,1.775,1.645,1.755,798418.0,,,1.704826835468694,1.5796539528560034,1.4601111907721347,1.3792483594117992,1.3774737375799744,1.3566003074461195,1.3347448327063218,1.322036913735158,,,,,1.6271103581853346,1.528220506069227,1.4377536378584947,1.4286422317742522,1.3998093212657425,1.3691356992415398,1.444108862317427,1.3638104100526227,1.2796777799667145,1.0802934279962058,1.0397159727387575,1.0042413000025892,0.9469026949333204,"rgba(38, 166, 154, 1.0)",0.0,0.0,0.15688169066167731,1.4115577750377226,2.189179779448747,0.0,0.0,0.0,0.0,0.0,0.0,0.0,0.0,76.24211070209118,18.119619367663233,True,False,True,False,True,20.0,0,0.9587939698492466,0.9407035175879399,False,False,False,False,0.25477916723561117,0.29240533638503585,False,False,False,False,7664643.0,5718342.867654652,False,False,False,False,184736.56156044325,False,False,False,False
2025-09-30 15:00:00+00:00,1.755,1.81,1.735,1.745,891168.0,,,1.7121352292025214,1.5971551723707804,1.4805432670151126,1.3935218611407199,1.390826556720216,1.369627247572049,1.3470554363530727,1.3342446781222306,,,,,1.6418613328223448,1.5477500656344736,1.4585579850994514,1.4494944659542819,1.4204651743182548,1.3882775291105895,1.4648224563094265,1.3769509764908339,1.2921144929126984,1.0929130092580825,1.0523070996176962,1.0167129568095918,0.9589325728883715,"rgba(38, 166, 154, 1.0)",0.0,0.0,0.16550079611142315,1.4252985558812967,1.9317214879345044,0.0,0.0,0.0,0.0,0.0,0.0,0.0,0.0,74.47839127954845,18.119619367663233,True,False,True,False,False,20.0,0,0.9791252485089464,0.9324055666003975,False,False,False,False,0.31376822756539624,0.30308678197521605,False,False,False,False,6773475.0,5734701.505365432,False,False,False,False,195688.9869626069,False,False,False,False
2025-09-30 16:00:00+00:00,1.745,1.755,1.675,1.68,168433.0,,,1.7119322145498905,1.599033448060269,1.4833449496463835,1.395682730867983,1.3928572271526187,1.3716351549081789,1.3489791657430141,1.3361644041727718,,,,,1.6430942010572385,1.5501548791722675,1.461478896878501,1.4524487349007311,1.4234707144195398,1.3911427416942836,1.4677120803715233,1.378967369859565,1.2941033541057394,1.0950371415700197,1.054441106398014,1.0188384880889663,0.9609998969066686,"rgba(38, 166, 154, 1.0)",0.0,0.0,0.17091030786156428,1.4270870980537584,1.4797989958048554,0.0,0.0,0.0,0.0,0.0,0.0,0.0,0.0,70.79141143540983,18.119619367663233,True,False,True,False,False,18.33746538981921,0,0.964774951076321,0.943248532289628,False,False,False,False,0.2594299829350944,0.2812583824551552,False,False,False,False,6605042.0,5748195.156445038,False,False,False,False,195266.41352132618,False,False,False,False
2025-09-30 17:00:00+00:00,1.675,1.7,1.645,1.675,330836.0,,,1.7102593189772348,1.6015284100761058,1.4879246674813567,1.3994351029271943,1.396391934517068,1.3751591488806325,1.3523830783566526,1.3395741916315769,,,,,1.6442402791454942,1.5537844041307063,1.4663307986905343,1.457385320782775,1.4285787610575353,1.3960950552582208,1.4724914757842809,1.3824966276362889,1.2976720821005974,1.0989629598066815,1.0584003359369007,1.0227940656675887,0.9648645280734568,"rgba(38, 166, 154, 1.0)",0.0,0.0,0.1765741811291866,1.429916679510136,1.3879906955963983,0.0,0.0,0.0,0.0,0.0,0.0,0.0,0.0,68.14095490054024,18.119619367663233,True,False,True,False,False,18.054335568499592,0,0.9593417231364958,0.9545014520813165,False,False,False,False,0.22022510289825412,0.2507417426767047,False,False,False,False,6274206.0,5756350.363321858,False,False,False,False,197368.26757525912,False,False,False,False
2025-09-30 18:00:00+00:00,1.675,1.715,1.67,1.71,169626.0,,,1.7100000664271275,1.6031668832088677,1.490493408433836,1.4014919941040636,1.3983304207720055,1.3770830627730892,1.3542345697241922,1.3414248077665036,,,,,1.6452713954429719,1.55593568694786,1.4690234301224299,1.4601150279025863,1.4313769276815291,1.3987903386295346,1.4751512450162572,1.3844262687207542,1.2995959594844155,1.1010419181538353,1.0604924610735402,1.0248809109656019,0.9668991309106117,"rgba(38, 166, 154, 1.0)",0.0,0.0,0.1824598684741523,1.4316198210804603,1.5257063443459387,0.0,0.0,0.0,0.0,0.0,0.0,0.0,0.0,67.20270094929735,26.310505857897525,True,False,True,False,False,19.26201818599388,0,0.9644913627639157,0.9520153550863724,False,False,False,False,0.23858453767845753,0.24466314017758112,False,False,False,False,6443832.0,5767008.993347876,False,False,False,False,196938.15489967368,False,False,False,False
2025-09-30 19:00:00+00:00,1.71,1.735,1.705,1.725,214200.0,,,1.7103117680484354,1.6056465997356484,1.4940031661831505,1.4042503119969367,1.4009306690308403,1.3796541570754028,1.3567011029529483,1.3438856318326158,,,,,1.64706707825198,1.5589929103147788,1.4726726508804475,1.4638040238576007,1.4351302138916275,1.4023858022733802,1.4787636749304935,1.3870081889063235,1.3021397824772054,1.1037484215730549,1.0632108203561708,1.027588452421292,0.9695337609114553,"rgba(38, 166, 154, 1.0)",0.0,0.0,0.18846164806876264,1.434048520615644,1.5438232784539738,0.0,0.0,0.0,0.0,0.0,0.0,0.0,0.0,66.93837555014044,25.42624109952348,True,False,True,False,False,19.77420835683691,0,0.9713740458015269,0.948473282442748,False,False,False,False,0.2640918024886875,0.2543774713331343,False,False,False,False,6658032.0,5780823.303528529,False,False,False,False,197205.7804051051,False,False,False,False
2025-10-01 14:00:00+00:00,1.68,1.715,1.645,1.715,398451.0,,,1.709428993010831,1.608869561028152,1.4994322451332018,1.4087836661389561,1.4052158186431039,1.3839255000724884,1.3608323003846063,1.348022626037177,,,,,1.648935452346645,1.5633945176621076,1.4784027906196453,1.46962950571211,1.4411552950025448,1.4082564980992927,1.4844132082913406,1.3912860878805595,1.3064584785437467,1.1084793136641755,1.0679807540670723,1.0323541080215586,0.9741924973942601,"rgba(38, 166, 154, 1.0)",0.0,0.0,0.1938761330204322,1.437748199132241,1.4300460636820116,0.0,0.0,0.0,0.0,0.0,0.0,0.0,0.0,66.25522547340108,24.075130218583794,True,False,True,False,False,19.185437338236824,0,0.9586466165413534,0.951127819548872,False,False,False,False,0.22709214975734787,0.2407348105452411,False,False,False,False,6259581.0,5788245.903473822,False,False,False,False,200325.86132905693,False,False,False,False
2025-10-01 15:00:00+00:00,1.715,1.725,1.655,1.695,343411.0,,,1.7087325996657876,1.6114596053691637,1.503877628235292,1.4125776044728775,1.4088089614378505,1.3875140850029997,1.3643119353989153,1.3515099901794665,,,,,1.6504245170216967,1.566960294814715,1.4831061095059934,1.4744164483820905,1.4461255348516373,1.4131283502497491,1.4890471583764453,1.39487782143131,1.3101045047512965,1.112496036963632,1.0720340760687186,1.0364069175476298,0.9781597375091126,"rgba(38, 166, 154, 1.0)",0.0,0.0,0.19816518725912177,1.440859106643467,1.2824699275974096,0.0,0.0,0.0,0.0,0.0,0.0,0.0,0.0,64.73992289386578,21.97106679250649,True,False,True,False,False,18.006278136974217,0,0.9610389610389612,0.9499072356215215,False,False,False,False,0.2362811987340566,0.23850800463964883,False,False,False,False,5916170.0,5790229.22279981,False,False,False,False,202544.2355720173,False,False,False,False
2025-10-01 16:00:00+00:00,1.695,1.705,1.67,1.67,135195.0,,,1.7083211922160435,1.612313695188747,1.5054815884464163,1.4139909191525015,1.410149772700448,1.3888582963239362,1.3656205746074401,1.3528237723712406,,,,,1.6508473201386742,1.5682020294191958,1.4848152278996887,1.4761606772592089,1.4479510442501282,1.414933454111006,1.4907278583793364,1.396221518455073,1.311483894225258,1.114035172020011,1.0735898627034899,1.0379646617182448,0.9796878406104533,"rgba(38, 166, 154, 1.0)",0.0,0.0,0.20150910381151588,1.44198760903341,1.1315240187850977,0.0,0.0,0.0,0.0,0.0,0.0,0.0,0.0,62.403686411216555,19.202401260389678,True,False,True,False,False,16.544422415756124,0,0.9726156751652503,0.9527856468366381,False,False,False,False,0.2339803186472372,0.23624416164344303,False,False,False,False,5780975.0,5790085.746477332,False,False,False,False,201500.0613771023,False,False,False,False
2025-10-01 17:00:00+00:00,1.675,1.705,1.65,1.675,453328.0,,,1.7067860549631413,1.6148358941203975,1.5105080615326283,1.418536953757043,1.4144700382689217,1.3932018575669103,1.3698627417532918,1.3570879283138424,,,,,1.651968101525712,1.57200126563793,1.490197168274906,1.4816637037074705,1.4537443022566017,1.4207027991259582,1.496013378328239,1.4005593130919634,1.315973878291489,1.119090973303114,1.0787067499493412,1.0430933974267864,0.9847275336501362,"rgba(38, 166, 154, 1.0)",0.0,0.0,0.20471689966636947,1.4455784147916835,1.1206773138036417,0.0,0.0,0.0,0.0,0.0,0.0,0.0,0.0,61.04763852987322,17.433254981554498,True,False,True,False,False,16.731331864976305,0,0.9764150943396228,0.9452830188679245,False,False,False,False,0.22480082412849045,0.23052249288596674,False,False,False,False,6234303.0,5796972.835679233,False,False,False,False,205404.37050303872,False,False,False,False
2025-10-01 18:00:00+00:00,1.675,1.71,1.665,1.675,258090.0,,,1.7061559181314898,1.6163309573798186,1.5133496637933894,1.4211205535931097,1.416928628907793,1.3956734703434053,1.372277976484211,1.3595154225435873,,,,,1.6527245517216849,1.574178030905639,1.493233258975884,1.4847664038347665,1.4570080660161786,1.4239578311348529,1.498996618036165,1.4030276903175298,1.318527490448826,1.1219629050945237,1.08161335675287,1.0460070148585865,0.9875916532898906,"rgba(38, 166, 154, 1.0)",0.0,0.0,0.20761758852049222,1.4476698815087192,1.0949463391385212,0.0,0.0,0.0,0.0,0.0,0.0,0.0,0.0,60.143606608977656,16.099818620286456,True,False,True,False,False,16.731331864976305,0,0.9773584905660379,0.9462264150943396,False,False,False,False,0.2339803186472372,0.23225140576660197,False,False,False,False,6234303.0,5803753.148304361,False,False,False,False,206221.2019681079,False,False,False,False
2025-10-01 19:00:00+00:00,1.67,1.675,1.65,1.65,112522.0,,,1.7056022071499823,1.6167268816980909,1.5143815678078623,1.4221253407133112,1.4178872317497846,1.3966454015899419,1.3732356610281813,1.360481651668725,,,,,1.6527829128910834,1.5748893307559453,1.4943570831090507,1.4859228600963974,1.4582481434073706,1.4252174760227139,1.5000953232470458,1.4039956316431024,1.3195541977158691,1.1231505233221744,1.0828195615014742,1.047219504795429,0.9887884074804832,"rgba(38, 166, 154, 1.0)",0.0,0.0,0.21005271753573082,1.448421825347164,0.9596551618930935,0.0,0.0,0.0,0.0,0.0,0.0,0.0,0.0,57.92758133704196,13.592328553253587,False,False,True,False,False,15.22932858736402,0,0.9717247879359097,0.9519321394910463,False,False,False,False,0.2111006166250989,0.22167601119585045,False,False,False,False,6121781.0,5808683.812671735,False,False,False,False,204768.5011624008,False,False,False,False
2025-10-02 14:00:00+00:00,1.745,1.785,1.625,1.645,714942.0,,,1.7041904238939325,1.620584858843692,1.5217635130954856,1.4290147855356663,1.4244607741626598,1.403269236076873,1.3797293401825177,1.3670146711081061,,,,,1.65478080363092,1.5805013025233128,1.5022605347944018,1.494008415031867,1.466788225667018,1.433795680300124,1.5078564373276235,1.4106055680383192,1.326437767274497,1.1309452002308127,1.0907169364996447,1.0551439684366641,0.996592610418726,"rgba(38, 166, 154, 1.0)",0.0,0.0,0.21232034270867522,1.4744436399984882,0.8032973092716428,0.0,0.0,0.0,0.0,0.0,0.0,0.0,0.0,56.12344824863982,11.55548141618101,False,False,True,False,False,14.928820614413155,0,0.9706422018348627,0.9293577981651376,False,False,False,False,0.25013911598223504,0.23590756358904275,False,False,False,False,5406839.0,5802453.660537289,False,False,False,False,212678.16781104574,False,False,False,False
2025-10-02 15:00:00+00:00,1.645,1.67,1.62,1.655,238078.0,,,1.7029442400427668,1.6210973674323998,1.5235611872510322,1.4309123018123968,1.4262805151004663,1.4051296143413947,1.3815795603698846,1.3688880256162816,,,,,1.6546503530110834,1.581633338758926,1.5042496475064284,1.496067804508923,1.4690369242621206,1.4361290792219323,1.5097928649875911,1.4124532361430002,1.328444264584828,1.1333244569616074,1.0931415782524958,1.0575882274802517,0.9990163865050518,"rgba(38, 166, 154, 1.0)",0.0,0.0,0.2145711835097951,1.4752621097874896,0.8376608977612571,0.0,0.0,0.0,0.0,0.0,0.0,0.0,0.0,55.547496014307356,10.67090608743107,False,False,True,False,False,15.334363207102658,0,0.9680656934306572,0.9534671532846717,False,False,False,False,0.19521478262556125,0.215561173107302,False,False,False,False,5644917.0,5800011.23169175,False,False,False,False,213071.9636589365,False,False,False,False
2025-10-02 16:00:00+00:00,1.655,1.655,1.625,1.645,297952.0,,,1.7012797826934787,1.621562079797312,1.525623840140729,1.4331698478770498,1.428449506824278,1.4073556966997132,1.3838025066848914,1.3711425475110612,,,,,1.6543297098911665,1.582861535031156,1.5065522489702674,1.4984594368461144,1.471672095193415,1.43888922579259,1.512029286495673,1.4146612777892273,1.3308688006850469,1.136233270060042,1.0961103626687254,1.0605847550007288,1.001993550625645,"rgba(38, 166, 154, 1.0)",0.0,0.0,0.21652646884783644,1.4763381802290754,0.7789431964987681,0.0,0.0,0.0,0.0,0.0,0.0,0.0,0.0,54.390200656671915,9.226885082207033,False,False,True,False,False,14.716324447979432,0,0.9797047970479705,0.9575645756457566,False,False,False,False,0.19069412147943082,0.2031276472933664,False,False,False,False,5346965.0,5792987.259107382,False,False,False,False,214387.9332146119,False,False,False,False
2025-10-02 17:00:00+00:00,1.645,1.645,1.59,1.61,134994.0,,,1.7002308775058086,1.6214955905321349,1.5263254941975963,1.434048043940609,1.4292967882667347,1.408237318588566,1.3846943384298271,1.372052303749224,,,,,1.653894518326458,1.5831566978268596,1.5073693623598678,1.499320354367234,1.4726565568295245,1.4399542527860985,1.5128144368622338,1.4155318582232614,1.3318617852313803,1.1374712890151557,1.097379655024421,1.0618704622948834,1.0032775082343337,"rgba(38, 166, 154, 1.0)",0.0,0.0,0.2180747454305426,1.47657851941472,0.6118153678082597,0.0,0.0,0.0,0.0,0.0,0.0,0.0,0.0,51.12272079984397,5.909181419583781,False,True,False,False,False,12.57643202670058,0,0.9788018433179726,0.9465437788018435,False,False,False,False,0.17044337222264683,0.18678550975800662,False,False,False,False,5211971.0,5783979.255090213,False,False,False,False,213157.0195213621,False,False,False,False
2025-10-02 18:00:00+00:00,1.61,1.625,1.605,1.61,69077.0,,,1.69969364732179,1.6214534894357149,1.5266736211067284,1.4344900388295807,1.429723511416657,1.4086819458006608,1.3851447532934886,1.3725120338151804,,,,,1.6536661492623022,1.5832978508228575,1.507776337424523,1.4997497119598036,1.473149260411972,1.4404891231403216,1.5132051109651483,1.4159707201359928,1.3323642447867883,1.1381001130377961,1.0980246749169706,1.0625240850594382,1.003930652328074,"rgba(38, 166, 154, 1.0)",0.0,0.0,0.21921187660993238,1.4767101513236465,0.6080411825201004,0.0,0.0,0.0,0.0,0.0,0.0,0.0,0.0,48.944400895292,3.7250918449884125,False,True,False,True,False,12.57643202670058,0,0.9787430683918671,0.9500924214417745,False,False,False,False,0.16820210481624934,0.177493807287128,False,False,False,False,5211971.0,5775110.910050055,False,False,False,False,210923.2207690929,False,False,False,False
2025-10-02 19:00:00+00:00,1.605,1.63,1.605,1.615,150308.0,,,1.698591556472619,1.621400360402297,1.5274503547304747,1.4354620927914397,1.4306619690545461,1.409658452045853,1.3861329547341978,1.3735201172275584,,,,,1.653218350738851,1.583634060914875,1.5086788081700722,1.5006999813192936,1.4742347341156938,1.4416638731067999,1.5140727461705024,1.4169349797192878,1.3334642940224704,1.139472232915001,1.0994316905038515,1.0639495692958747,1.0053547864419476,"rgba(38, 166, 154, 1.0)",0.0,0.0,0.2202777321457633,1.4770690437333847,0.6261684053263403,0.0,0.0,0.0,0.0,0.0,0.0,0.0,0.0,47.96021138126923,2.6444010555522937,False,True,False,True,False,12.797121064925065,0,0.9731481481481484,0.9546296296296298,False,False,False,False,0.17044337222264658,0.17396858975488727,False,False,False,False,5362279.0,5768710.415320597,False,False,False,False,209983.4499044558,False,False,False,False
2025-10-03 14:00:00+00:00,1.655,1.67,1.61,1.645,110734.0,,,1.698040275653204,1.6215647299499831,1.5281720226748534,1.4362694970995526,1.4314394556773726,1.4104581873031088,1.3869339629616122,1.3743332913933302,,,,,1.6531162624200824,1.5840616524806692,1.509485877888805,1.501539039144767,1.4751625006993119,1.442641564156102,1.51485619775228,1.417727634442219,1.3343403466809012,1.14053076523158,1.1005132502834878,1.0650423493030838,1.0064424721087826,"rgba(38, 166, 154, 1.0)",0.0,0.0,0.22171989471338172,1.4775625341976861,0.7551756508758992,0.0,0.0,0.0,0.0,0.0,0.0,0.0,0.0,49.933476287914615,2.6444010555522937,False,True,False,False,True,14.1149766617167,0,0.9770009199632016,0.9429622815087397,False,False,False,False,0.19069412147943082,0.18233135561715905,False,False,False,False,5473013.0,5764125.959269115,False,False,False,False,208444.6987431464,False,False,False,False
2025-10-03 15:00:00+00:00,1.645,1.655,1.615,1.655,328893.0,,,1.696464100253117,1.6220375768680009,1.5302626837929336,1.4386307326755399,1.4337152671947193,1.4128013182812025,1.389283717120871,1.3767196953565792,,,,,1.6528234145890541,1.5852952949273587,1.5118262377653304,1.5039732721853285,1.4778584380287763,1.445489871535715,1.5171274324431836,1.4200492868458037,1.3369132088326796,1.1436485848117086,1.1037003213712082,1.0682637965576396,1.0096512134756963,"rgba(38, 166, 154, 1.0)",0.0,0.0,0.22331249062349787,1.479041011652115,0.7879496030723585,0.0,0.0,0.0,0.0,0.0,0.0,0.0,0.0,52.047271690666534,2.6444010555522937,False,True,True,False,True,14.550590902767542,1,0.9789377289377292,0.9432234432234433,False,False,False,False,0.18618114836043556,0.1842562519887973,False,False,False,False,5801906.0,5764711.696334709,False,False,False,False,210312.11426650846,False,False,False,False
2025-10-03 16:00:00+00:00,1.655,1.7,1.645,1.645,142892.0,,,1.6960664788694384,1.6224553356236495,1.5313192140592795,1.439747448142719,1.434790169223672,1.4138995685915916,1.390377631114323,1.3778269814341637,,,,,1.6529389207354297,1.5860146884687008,1.5129828093956539,1.5051670010964526,1.479154061255333,1.4468359948470249,1.5182563409167027,1.4211401808274688,1.3380961692495064,1.1450495146904582,1.1051286170824262,1.069704671264641,1.0110826612311896,"rgba(38, 166, 154, 1.0)",0.0,0.0,0.22472441581426889,1.479894067627543,0.7347040230328798,0.0,0.0,0.0,0.0,0.0,0.0,0.0,0.0,52.421138275870575,2.6444010555522937,False,True,True,False,True,13.901545871595413,1,0.9899451553930531,0.9351005484460696,False,False,False,False,0.22022510289825412,0.2022406774435257,False,False,False,False,5659014.0,5763072.972360528,False,False,False,False,209266.84117710523,False,False,False,False
2025-10-03 17:00:00+00:00,1.645,1.645,1.6,1.615,343679.0,,,1.6939323634005057,1.6223970131897292,1.5329809390057776,1.4418765702166507,1.4368522679494655,1.4160499083710314,1.3925611836595762,1.3800565303412997,,,,,1.6520906598058964,1.5867518667601686,1.5149122732238718,1.5071992793953326,1.481481332358432,1.4493719169445707,1.5201113878080603,1.4232619704140754,1.3405321298130992,1.1481091038003473,1.108269855418753,1.0728909041518606,1.0142729569462483,"rgba(38, 166, 154, 1.0)",0.0,0.0,0.2253006000000038,1.4809573621860388,0.5949502034790806,0.0,0.0,0.0,0.0,0.0,0.0,0.0,0.0,49.88740600135175,2.6444010555522937,False,True,False,False,False,11.971887412692041,1,0.989041095890411,0.936986301369863,False,False,False,False,0.17493102335342656,0.18858585039847614,False,False,False,False,5315335.0,5756131.298370442,False,False,False,False,211350.75061621988,False,False,False,False
2025-10-03 18:00:00+00:00,1.615,1.635,1.595,1.625,206557.0,,,1.6926787440505533,1.6223398159645237,1.533931474933854,1.4431204320527473,1.4380586009258016,1.4173104598497024,1.393844198564621,1.3813677139451481,,,,,1.6515761369585114,1.58715828698468,1.516020932998834,1.5083689283123511,1.4828270348356305,1.4508460848613531,1.5211760451306888,1.4245049374080916,1.3419674231496388,1.1499226494181851,1.1101333310552195,1.0747824150367107,1.016169114702382,"rgba(38, 166, 154, 1.0)",0.0,0.0,0.22587591267757895,1.4815956192875186,0.6348812452489366,0.0,0.0,0.0,0.0,0.0,0.0,0.0,0.0,49.22111246494791,2.6444010555522937,False,True,False,False,False,12.43380399714054,1,0.9845594913714807,0.9373297002724797,False,False,False,False,0.16820210481624934,0.17839397760736275,False,False,False,False,5521892.0,5752499.681341443,False,False,False,False,211276.42890123973,False,False,False,False
2025-10-03 19:00:00+00:00,1.625,1.64,1.615,1.625,318294.0,,,1.6910339808300314,1.6224316697600054,1.5354960494703649,1.4450927450782005,1.439970913381183,1.419301702580718,1.3958653006176567,1.383430237415719,,,,,1.651004517016502,1.5879265197321146,1.5178189637224113,1.510256860825731,1.4849740429067795,1.4531785633512397,1.5229090894545145,1.42647060529126,1.34421615384443,1.1527392408715496,1.1130249980236724,1.077715886502052,1.019107920781767,"rgba(38, 166, 154, 1.0)",0.0,0.0,0.22642306729970502,1.4827549062339886,0.6282270418045727,0.0,0.0,0.0,0.0,0.0,0.0,0.0,0.0,48.776916774012015,2.6444010555522937,False,True,False,False,False,12.43380399714054,1,0.9882246376811593,0.9365942028985507,False,False,False,False,0.1794256602639134,0.17890981893563807,False,False,False,False,5521892.0,5748924.368452429,False,False,False,False,212935.61605005772,False,False,False,False
2025-10-06 14:00:00+00:00,1.535,1.545,1.515,1.535,95365.0,,,1.689853089991175,1.6218580149535797,1.5354767896938337,1.4453705769352132,1.4402486230984692,1.4196209989590485,1.3962175903318994,1.383802737186421,,,,1.5316666666666667,1.650189614078995,1.5876006530710447,1.5178860589094716,1.5103587461549552,1.4851819292964497,1.4534892979015706,1.522951984578636,1.426776173302243,1.344658713451483,1.1534087972297848,1.1137260094574597,1.0784376785729997,1.019846105911137,"rgba(38, 166, 154, 1.0)",0.0,0.0,0.22600701575653026,1.4937900021723818,0.18233946273602533,0.0,0.0,0.0,0.0,0.0,0.0,0.0,0.0,42.29049290162057,-3.244405753023635,False,True,False,True,False,6.814895119445598,1,0.981216457960644,0.945438282647585,False,False,False,False,0.09284002294092984,0.13587492093828396,False,False,False,False,5426527.0,5743925.959639213,False,False,False,False,211112.8158012196,False,False,False,False
2025-10-06 15:00:00+00:00,1.535,1.575,1.53,1.555,291693.0,,,1.686827501990879,1.6205584418458114,1.5357473267049029,1.4464200316114042,1.441286577167172,1.4207731598593936,1.3974544490861205,1.3850958334727959,,,,1.5479950076388207,1.6482080185453831,1.5870041239560058,1.5184037186828268,1.5109753009733424,1.4860975492455448,1.4546838837643212,1.523400430200179,1.4278907002228225,1.3461548347836614,1.1555586328306007,1.1159661016100562,1.0807361097290624,1.0221858790029748,"rgba(38, 166, 154, 1.0)",0.0,0.0,0.22531859325956616,1.4944090431149732,0.268912369851458,0.0,0.0,0.0,0.0,0.0,0.0,0.0,0.0,40.04851634455342,-5.216698341525216,False,True,False,True,False,7.794250813728727,0,0.981316725978648,0.9386120996441282,False,False,False,False,0.11265229222747776,0.12426360658288085,False,False,False,False,5718220.0,5743527.4176293025,False,False,False,False,212362.12098259604,False,False,False,False
2025-10-06 16:00:00+00:00,1.555,1.565,1.535,1.545,43258.0,,,1.6863738099475325,1.6203558776993305,1.5357755418951677,1.4465667334027597,1.4414320887071292,1.420935955428654,1.3976303882696985,1.385280272218884,,,,1.5480290182098737,1.6479059069543927,1.5869045478242163,1.5184683977253592,1.5110546170749173,1.4862213024910422,1.4548497549702926,1.5234548887899568,1.4280477935337552,1.3463695738496162,1.1558715036460736,1.1162925887658306,1.081071487330012,1.0225278704455192,"rgba(38, 166, 154, 1.0)",0.0,0.0,0.22463309423820071,1.4943762087066341,0.22536212424552363,0.0,0.0,0.0,0.0,0.0,0.0,0.0,0.0,37.992426241133096,-7.083973107278396,False,True,False,True,False,7.191935264570169,0,0.9821268990169795,0.9472743521000894,False,False,False,False,0.11044685699284969,0.11735523178786528,False,False,False,False,5674962.0,5742464.387898616,False,False,False,False,209740.3516650364,False,False,False,False
2025-10-06 17:00:00+00:00,1.545,1.575,1.545,1.57,130028.0,,,1.6851740549053276,1.619879177303903,1.5359599980665293,1.4470697919575832,1.4419281457455557,1.4214801285389114,1.3982091704928867,1.3858829423021193,,,,1.5515803893084725,1.6471438613061726,1.5867235071759977,1.5187579506683568,1.5113861372199875,1.4866794664747014,1.455424260456882,1.5237150006662503,1.428576117034163,1.3470600511573028,1.1568447892614957,1.1173049750354587,1.0821089684071465,1.0235824311606505,"rgba(38, 166, 154, 1.0)",0.0,0.0,0.22400128699759275,1.4945643423095127,0.3367643940871554,0.0,0.0,0.0,0.0,0.0,0.0,0.0,0.0,39.21231503413223,-7.083973107278396,False,True,False,True,False,8.427408357355986,0,0.9820466786355476,0.9470377019748655,False,False,False,False,0.11927523804241202,0.11831523491513865,False,False,False,False,5804990.0,5743433.7772335205,False,False,False,False,208504.50125162498,False,False,False,False
2025-10-06 18:00:00+00:00,1.565,1.595,1.565,1.565,70512.0,,,1.684594546587505,1.6196766397446107,1.5361011904410802,1.4473679768996248,1.4422211530989102,1.4217976161325139,1.3985434032456816,1.3862294322355417,,,,1.5541980446673516,1.6467930609213188,1.5866748807065678,1.5189541018453894,1.5116041450153341,1.4869631209201264,1.4557666764012174,1.523895761793456,1.4288855509160676,1.3474527503006504,1.1573857364250149,1.1178663699336764,1.082683306990068,1.0241649074748125,"rgba(38, 166, 154, 1.0)",0.0,0.0,0.22364154475531123,1.4947492270639404,0.3141221950193632,0.0,0.0,0.0,0.0,0.0,0.0,0.0,0.0,39.66784488002166,-7.083973107278396,False,True,False,True,False,8.11834129120675,0,0.9820627802690584,0.9417040358744393,False,False,False,False,0.13698908123058082,0.12765215807285973,False,False,False,False,5734478.0,5743294.927974086,False,False,False,False,206365.08262756877,False,False,False,False
2025-10-06 19:00:00+00:00,1.565,1.58,1.555,1.575,81093.0,,,1.6839055050736969,1.6194201411437226,1.5362416022297887,1.4476958261648099,1.4425439082947324,1.4221492623827043,1.3989153840812039,1.3866158366518555,,,,1.5559979319679733,1.6463660085830436,1.586595716016928,1.5191580278002101,1.511833397623858,1.4872686961262818,1.456141646069393,1.5240818929163054,1.429227682792753,1.3478928209839953,1.1579987022376483,1.118503264023648,1.0833354864098415,1.0248272035504558,"rgba(38, 166, 154, 1.0)",0.0,0.0,0.2232247887361698,1.4948826887466216,0.35890866649254327,0.0,0.0,0.0,0.0,1.0,1.605,1.595,881.0,41.05687334011588,-7.083973107278396,False,True,False,True,True,8.62020272002734,0,0.9793906810035844,0.9444444444444445,False,False,False,False,0.12590861470995923,0.12678038639140948,False,False,False,False,5815571.0,5744415.487230302,False,False,False,False,204422.8797961336,False,False,False,False
2025-10-07 14:00:00+00:00,1.66,1.675,1.605,1.615,208138.0,,1.631666666666667,1.683111557730895,1.6195803165993186,1.5372454245403915,1.4489495949638285,1.4437621111045542,1.4234175042162247,1.4002042710122031,1.3879312214704806,,,,1.5731153774950992,1.6461591516908267,1.587138308126155,1.5202999462638795,1.5130288258563918,1.4886198145329945,1.4576080943563936,1.5251852597805338,1.43047964158284,1.3493258069882628,1.1597979097219313,1.1203519226995287,1.0852125436592384,1.0267112089236448,"rgba(38, 166, 154, 1.0)",0.0,0.0,0.22328075890523713,1.4965273725209716,0.5305993586725023,0.0,0.0,0.0,0.0,0.0,0.0,0.0,0.0,45.68615238557196,-9.213871355595963,False,True,False,True,True,10.59282947656438,0,0.9832155477031802,0.9319787985865723,False,False,False,False,0.19069412147943082,0.15873725393542015,False,False,False,False,6023709.0,5748745.619211227,False,False,False,False,204480.47855898424,False,False,False,False
2025-10-07 15:00:00+00:00,1.615,1.68,1.615,1.645,316042.0,,1.6407105638012387,1.6822894671522648,1.6201077728972004,1.5389657367026301,1.4509746415439975,1.445727434240459,1.4254507587450522,1.402259358661128,1.390023023515828,,,,1.5919202890636819,1.6461697694313633,1.5882069371881573,1.522217878770168,1.515022893322377,1.4908338504646066,1.4599764273039293,1.5270480389238141,1.4324908622175712,1.3515883678914151,1.1625899063770424,1.123215249127478,1.088115835563354,1.0296200481800781,"rgba(38, 166, 154, 1.0)",0.0,0.0,0.22374178730712938,1.4988853459605016,0.653050356833556,0.0,0.0,0.0,0.0,0.0,0.0,0.0,0.0,50.920388114663574,-4.427754269513144,False,True,True,False,True,12.025056849000205,0,0.9851007887817705,0.9316389132340053,False,False,False,False,0.19747806016678104,0.1781076570511006,False,False,False,False,6339751.0,5757908.493331983,False,False,False,False,206210.1145503178,False,False,False,False
2025-10-07 16:00:00+00:00,1.645,1.72,1.645,1.695,460142.0,,1.6621937096465045,1.6824286521817398,1.6219428207128046,1.5422710058976676,1.4544376567032262,1.4490779757891967,1.4288691961830446,1.405670712937352,1.3934741793268663,,,,1.617621835386759,1.6473668432160335,1.5907147988770192,1.525773258012526,1.5186725461526227,1.4947482269426522,1.4640369008614098,1.5305337634596188,1.4358876495798352,1.355259956865433,1.1669293491205852,1.1276431964091251,1.0925885079460558,1.0340781067051037,"rgba(38, 166, 154, 1.0)",0.0,0.0,0.22482241239947243,1.5030594476127543,0.8537429624507318,0.0,0.0,0.0,0.0,1.0,1.69,1.68,850.0,57.131531057035154,1.089404142462719,False,False,True,False,True,14.31986794041168,0,0.9973684210526317,0.9228070175438597,False,False,False,False,0.229385822174923,0.20374673961301182,False,False,False,False,6799893.0,5774063.2918849755,False,False,False,False,210147.04300690204,False,False,False,False
2025-10-07 17:00:00+00:00,1.695,1.74,1.69,1.7,417218.0,,1.6764249444658494,1.6832012991160807,1.6240904238384641,1.545606644773398,1.4577975842160829,1.4523269601987494,1.4321659359524337,1.408944898017441,1.3967782745839332,,,,1.6358579525766792,1.6490017306085711,1.5934074913161975,1.5293152527320955,1.52229146367699,1.4985799529772192,1.4679677668188933,1.5340183246832675,1.439169381317956,1.35874971717423,1.1709762088941575,1.1317634379423365,1.0967435871727147,1.038210994683226,"rgba(38, 166, 154, 1.0)",0.0,0.0,0.22521637243863007,1.5069298612543551,0.857265112012472,0.0,0.0,0.0,0.0,0.0,0.0,0.0,0.0,61.50812057214214,4.8258696831886425,True,False,True,False,True,14.544663497410003,0,1.005235602094241,0.9179755671902268,False,False,False,False,0.2594299829350944,0.2315883612740531,False,False,False,False,7217111.0,5796436.124568929,False,False,False,False,213357.44544090354,False,False,False,False
2025-10-07 18:00:00+00:00,1.7,1.7,1.66,1.685,328496.0,,1.6774202328737668,1.6831681695081762,1.6251751976079292,1.5477042364476716,1.4600912057457276,1.4545535801518115,1.4344485035961125,1.411235675916929,1.399100639226205,,,,1.6420201441313793,1.6496595358612127,1.594948751853982,1.5315871243345687,1.5246301347177056,1.5011105728353138,1.4706233320100757,1.536241491180866,1.4414338889322411,1.3612316634920798,1.1739550406861636,1.1348097492377394,1.0998265995877965,1.0412938776517864,"rgba(38, 166, 154, 1.0)",0.0,0.0,0.22514115692281111,1.5090580884873754,0.7814737825698644,0.0,0.0,0.0,0.0,0.0,0.0,0.0,0.0,62.72266302652797,5.77656858409015,True,False,True,False,True,13.540559611934995,0,0.9991311902693312,0.9252823631624676,False,False,False,False,0.2270921497573478,0.22934025551570045,False,False,False,False,6888615.0,5813369.130389566,False,False,False,False,215142.5393100368,False,False,False,False
2025-10-07 19:00:00+00:00,1.685,1.725,1.68,1.725,171578.0,,1.6803598259163006,1.6834673437267105,1.6260018013028212,1.5490006573731234,1.4614214238335228,1.4558424272969348,1.4357589396393895,1.4125407111316255,1.4004187799559948,,,,1.6464829589593464,1.650287610834214,1.595988661848411,1.5329660012109947,1.5260400827573104,1.5026078216264331,1.4721670155809983,1.5375973636203024,1.4427374653713034,1.3626262007339696,1.1755832110517468,1.1364692453445533,1.101501802146476,1.042963121429399,"rgba(38, 166, 154, 1.0)",0.0,0.0,0.22532003265825795,1.510429334175053,0.952292893328245,0.0,0.0,0.0,0.0,0.0,0.0,0.0,0.0,65.61272998902365,8.486612753803804,True,False,True,False,True,15.360330949156477,0,1.005190311418685,0.9195501730103806,False,False,False,False,0.2478230530198576,0.23858165426777903,False,False,False,False,7060193.0,5832699.733019184,False,False,False,False,214467.1200959277,False,False,False,False
2025-10-08 14:00:00+00:00,1.665,1.675,1.635,1.64,153007.0,,1.678098938928396,1.683137849444183,1.6262085510923243,1.549715029333033,1.462312319355876,1.456712100241781,1.4366636874461562,1.4134621020475175,1.4013588595777675,,,1.6500000000000001,1.646677471261044,1.6502849657155878,1.5964205313336612,1.53376708533071,1.5268752224615543,1.5035439481134127,1.4731838450068806,1.5383741244720708,1.4436307297573039,1.3636472439711844,1.1768647553679707,1.137787092182861,1.1028414078215283,1.0443114121835848,"rgba(38, 166, 154, 1.0)",0.0,0.0,0.22449717588865853,1.511041072717195,0.574434519152986,0.0,0.0,0.0,0.0,0.0,0.0,0.0,0.0,60.405107808062226,8.486612753803804,False,False,True,False,False,9.908855454238072,0,0.9914456800684347,0.9204448246364414,False,False,False,False,0.20427999066876734,0.22143082246827317,False,False,False,False,6907186.0,5849358.43483284,False,False,False,False,213514.25001692108,False,False,False,False
2025-10-08 15:00:00+00:00,1.635,1.695,1.635,1.695,402928.0,,1.6775908516981757,1.6829321958908352,1.627290940258824,1.5520059295591424,1.4649258237889458,1.4592569062179654,1.4392850560578596,1.4161074961870403,1.404046453946055,,,1.6681193844604136,1.6502780224712768,1.650869384884989,1.5980410091647643,1.5362677737451167,1.5294573885019789,1.5063644435028878,1.4761776067480847,1.5408160231448058,1.4462271787212815,1.3665334095621753,1.1803832633047673,1.1413931775425197,1.1064977774153566,1.0479788840842112,"rgba(38, 166, 154, 1.0)",0.0,0.0,0.2237789288762691,1.5132142440963088,0.8123452767271198,0.0,0.0,0.0,0.0,1.0,1.69,1.675,855.0,59.91959024967886,8.486612753803804,False,False,True,False,False,12.402369581444148,0,0.9906542056074766,0.9175870858113848,False,False,False,False,0.21337843632330872,0.21740462939579094,False,False,False,False,7310114.0,5872005.807936206,False,False,False,False,216450.89730348045,False,False,False,False
2025-10-08 16:00:00+00:00,1.695,1.745,1.69,1.725,366876.0,,1.6830995476955484,1.6837659449577447,1.6291265012732765,1.5547571271999079,1.467748149427573,1.4619956031483918,1.4420684049795673,1.418880727941023,1.4068469235772487,,,1.6887452251869561,1.6575112280733504,1.6523264338688657,1.6002888241239075,1.5391828844438842,1.5324345416172407,1.5095171328574233,1.479426983539497,1.5436853169181388,1.4489962950223738,1.369491820785365,1.1838315579464198,1.1449081234896967,1.110046907814186,1.0515183129708034,"rgba(38, 166, 154, 1.0)",0.0,0.0,0.22368228755484207,1.5160332000401717,0.9342125487186562,0.0,0.0,0.0,0.0,0.0,0.0,0.0,0.0,60.95113587004187,8.486612753803804,True,False,True,False,False,13.70919549136152,0,0.9991525423728814,0.9135593220338982,False,False,False,False,0.26175950214910937,0.23958206577245017,False,False,False,False,7676990.0,5899990.058975955,False,False,False,False,218783.0694383102,False,False,False,False
2025-10-08 17:00:00+00:00,1.725,1.74,1.685,1.7,536375.0,,1.6871267947115764,1.6845481039992978,1.631354760576936,1.5583482086132248,1.4715780676458863,1.4657211750318542,1.445873056873076,1.4226917099171186,1.4107037750848446,,,1.6959455214528285,1.664204423924316,1.6540006596801136,1.603123810722098,1.543017599757584,1.5363629085531185,1.5137160591836287,1.4838017329516644,1.5474517597103246,1.452775404297804,1.3735879532030708,1.188686416000152,1.149868109597633,1.115064628478994,1.0565372442246146,"rgba(38, 166, 154, 1.0)",0.0,0.0,0.22271326453132395,1.5195686241213342,0.8101510085551668,0.0,0.0,0.0,0.0,0.0,0.0,0.0,0.0,59.854267252594354,8.486612753803804,False,False,True,False,False,12.16187917224735,0,0.9949324324324326,0.9172297297297298,False,False,False,False,0.2571032146369937,0.24834264020472194,False,False,False,False,7140615.0,5919224.55418563,False,False,False,False,223706.97533849144,False,False,False,False
2025-10-08 18:00:00+00:00,1.695,1.705,1.685,1.695,119835.0,,1.6873978617886296,1.684621922992915,1.6317522843283212,1.5590583893370227,1.4723698753156769,1.4664932796352363,1.4466658366865146,1.4234903660457665,1.4115140118188154,,,1.6958737639756958,1.6650846419137537,1.6542726626667497,1.6036592718288436,1.5437835036859617,1.5371505118428719,1.5145674257335084,1.4846996793832088,1.5482020168104687,1.4535614479661312,1.374453684897943,1.1897312977032763,1.1509381682844855,1.1161492521609429,1.0576253674956475,"rgba(38, 166, 154, 1.0)",0.0,0.0,0.2214789559482553,1.5202446481106773,0.789038178101902,0.0,0.0,0.0,0.0,0.0,0.0,0.0,0.0,58.76249978086938,8.486612753803804,False,False,True,False,False,11.85270888200968,0,0.9957555178268254,0.9244482173174873,False,False,False,False,0.24089036390368843,0.24461650205420518,False,False,False,False,7020780.0,5936302.933190503,False,False,False,False,222096.55711618924,False,False,False,False
2025-10-08 19:00:00+00:00,1.695,1.745,1.695,1.725,606605.0,,1.692483843620634,1.6859006161228172,1.6345079731512417,1.563226517824424,1.4767633772745472,1.4707701794850014,1.45102545154646,1.427852450565458,1.4159248185443543,,,1.7030324012433968,1.6722364625912143,1.6564624151288627,1.6070409277095945,1.5482083523827754,1.541674065453169,1.5193764225901318,1.4896922304066813,1.5525548530865774,1.4578943606344228,1.3791241269285783,1.195230698908131,1.1565533505058538,1.1218280474505893,1.0633051184557138,"rgba(38, 166, 154, 1.0)",0.0,0.0,0.2200487865644111,1.524348391039947,0.9118505586547276,0.0,0.0,0.0,0.0,1.0,2.15,1.705,859.0,59.6612596068439,8.486612753803804,False,False,True,False,False,13.194919045605143,0,0.9940878378378378,0.916385135135135,False,False,False,False,0.2640918024886875,0.25435415227144637,False,False,False,False,7627385.0,5962521.259807704,False,False,False,False,228057.92832369017,False,False,False,False
2025-10-09 14:00:00+00:00,2.215,2.315,2.15,2.205,1256724.0,2.223333333333333,1.8173221273571454,1.7217681134453149,1.6696629050588452,1.5965135493933416,1.5030614849765218,1.4960251069514239,1.4755840757430292,1.4512525456900143,1.4390326422777924,,,1.8929824843493546,1.7866001702248144,1.6922143469975515,1.6415786730428792,1.5812954128133632,1.5746221848353241,1.551687414428554,1.520375244589143,1.5857033617522174,1.4826923423749614,1.402012185711609,1.216789429366135,1.1778631743649743,1.142821934282479,1.0835031149665226,"rgba(38, 166, 154, 1.0)",0.0,0.0,0.23161643113383049,1.6023687013988088,2.6018503767247165,0.0,0.0,0.0,0.0,0.0,0.0,0.0,0.0,68.85759759163662,12.299472225645744,True,False,True,False,True,20.0,0,1.0000000000000002,0.8951426368542791,False,False,False,False,0.34282819204423287,0.2985911721578396,False,False,False,False,8884109.0,6007817.193764174,False,False,False,False,244006.23951247017,False,False,False,False
2025-10-09 15:00:00+00:00,2.205,2.225,2.105,2.13,1010856.0,2.1921282953633385,1.8707711540216718,1.7437549805995742,1.6918258703944047,1.6182184242666267,1.5209784422143637,1.5133015409738018,1.492487060337677,1.467480661375136,1.4551061932227647,,,1.9520808547819257,1.8390589980607357,1.7144774963629086,1.6636521120408394,1.60299027442724,1.5962797506615685,1.5731089011617927,1.5409753358382423,1.6074039125465183,1.4997246297491704,1.4180470296262044,1.2323240306768624,1.1932889041030124,1.1580796474096502,1.0982793505228268,"rgba(38, 166, 154, 1.0)",0.0,0.0,0.23918109163267035,1.6220813653973707,2.123573528055808,0.0,0.0,0.0,0.0,0.0,0.0,0.0,0.0,71.92743903484165,15.060884639440047,True,False,True,False,True,20.0,0,0.9924012158054712,0.911094224924012,False,False,False,False,0.3012806644439641,0.2999359183009018,False,False,False,False,7873253.0,6036738.679132172,False,False,False,False,255895.38308592024,False,False,False,False
2025-10-09 16:00:00+00:00,2.135,2.185,2.045,2.055,843504.0,2.165794031919421,1.8970464270571872,1.758078302374448,1.706674029788648,1.6332380337494499,1.53387944112504,1.5257856831618803,1.5047703091950833,1.4793549942695772,1.466900090605474,,,1.9748408077844548,1.8663510092087423,1.7292141328388009,1.6786378218824276,1.6180831699863212,1.6113822181070365,1.5881670413495212,1.5556235284191742,1.6224778080900615,1.5120781593982908,1.429891870560789,1.2441013823061111,1.2050325702405247,1.1697373007280092,1.1096358259708339,"rgba(38, 166, 154, 1.0)",0.0,0.0,0.24358484471858635,1.6349197820017687,1.7245745254945983,0.0,0.0,0.0,0.0,0.0,0.0,0.0,0.0,71.21898157401782,15.060884639440047,True,False,True,False,True,20.0,0,0.9887302779864764,0.9166040570999249,False,False,False,False,0.271150106285941,0.2855430122934214,False,False,False,False,7029749.0,6052134.187982836,False,False,False,False,265005.5942008672,False,False,False,False
2025-10-09 17:00:00+00:00,2.055,2.125,2.04,2.12,701630.0,2.1527662473503124,1.9146275630212528,1.769131722135909,1.718216347373349,1.645028875887672,1.5441768585284943,1.5357689589004602,1.5146123695519706,1.4888950506207559,1.476384090200036,,,1.988895912035663,1.8849795273665606,1.7406296707518851,1.6903319949164042,1.6299495952850314,1.6232647833876226,1.6000459710916113,1.5672305343384243,1.6343240828726289,1.5219698746517099,1.4394331956384057,1.2536555917521122,1.2145704511572375,1.1792154334682259,1.118886880992703,"rgba(38, 166, 154, 1.0)",0.0,0.0,0.25085304911890843,1.6452143341657801,1.8926844521198698,0.0,0.0,0.0,0.0,0.0,0.0,0.0,0.0,71.6885105318659,15.060884639440047,True,False,True,False,True,20.0,0,0.986607142857143,0.927827380952381,False,False,False,False,0.2518229867880341,0.2686829995407277,False,False,False,False,7731379.0,6078168.991269923,False,False,False,False,271774.9648334119,False,False,False,False
2025-10-09 18:00:00+00:00,2.115,2.12,2.07,2.09,471113.0,2.146230124761496,1.9246848964016972,1.7761194629797807,1.7255563807023528,1.6525856021389715,1.5508613198073944,1.542258659218991,1.521020267270635,1.4951194011307056,1.482576335976455,,,1.9965011650392492,1.895786310773132,1.747868857706067,1.6977914593721957,1.6375640576497161,1.6308939949367431,1.6076886920644513,1.5747240468278418,1.6419229366559733,1.5284066786237682,1.4456717151180682,1.2599388440991255,1.2208489006931444,1.1854599662015886,1.1249912424825135,"rgba(38, 166, 154, 1.0)",0.0,0.0,0.25620322029609877,1.6518388827575976,1.7102092500477215,0.0,0.0,0.0,0.0,0.0,0.0,0.0,0.0,70.87988211210143,15.060884639440047,True,False,True,False,True,20.0,0,0.9903846153846154,0.9282544378698223,False,False,False,False,0.25923396871131393,0.26395848412602085,False,False,False,False,7260266.0,6096496.07667659,False,False,False,False,274865.4770065373,False,False,False,False
2025-10-09 19:00:00+00:00,2.095,2.125,2.08,2.09,743681.0,2.1391451168915756,1.9388530383213372,1.7867216851815795,1.7367257943679355,1.6641389132506015,1.5611824718923657,1.5522913461820962,1.5309375805967778,1.5047681738546537,1.4921801281504525,,,2.007000158784425,1.9111149987630633,1.7588674610601711,1.7091625720215673,1.6492139484336008,1.6425706597498637,1.6194020869556172,1.586238072084346,1.6535465230442543,1.5383649267629167,1.455355117164076,1.2697265729825553,1.2306350322108885,1.1951989070532865,1.1345221840839965,"rgba(38, 166, 154, 1.0)",0.0,0.0,0.2609744387055155,1.6620508031653032,1.6398126918383609,0.0,0.0,0.0,0.0,-1.0,2.07,1.965,0.0,70.3407964989251,15.060884639440047,True,False,True,False,True,20.0,0,0.992619926199262,0.9298892988929889,False,False,False,False,0.2636939159998456,0.2638262000629332,False,False,False,False,7260266.0,6114539.02122424,False,False,False,False,282133.9347273662,False,False,False,False
2025-10-10 14:00:00+00:00,1.945,1.965,1.85,1.855,799086.0,2.104976205366863,1.9349153307724671,1.7902484708570225,1.7415065383737591,1.6702586940145205,1.5677110485474843,1.5587137033391123,1.5374451112840986,1.511277391318721,1.4987371829156209,,1.8900000000000001,1.9953313343035177,1.9095270969678184,1.7631451333112946,1.7145156104573145,1.6555824220194575,1.6490383370451343,1.626169877964365,1.5932496838882573,1.6598446657905441,1.5448450741919468,1.4621755560336176,1.2774109660241821,1.238442873250909,1.2030733240452494,1.1423881725196636,"rgba(239, 83, 80, 1.0)",0.0,0.0,0.25996226337370504,1.6654070264143281,0.7293095971899782,0.0,0.0,0.0,0.0,-1.0,2.08,1.855,0.0,62.71447403998057,18.86419744512166,True,False,True,False,False,10.692512752015109,0,0.9750178443968596,0.9343326195574589,False,False,False,False,0.15049434060124894,0.20716027033209108,False,False,False,False,6461180.0,6119913.299964949,False,False,False,False,290148.69542926754,False,False,False,False
2025-10-10 15:00:00+00:00,1.855,1.855,1.76,1.785,519877.0,2.0799937994411906,1.9281929500762798,1.7904604078723563,1.7426699038393267,1.6725061478322425,1.5706733224258616,1.5616625462763738,1.540504837867058,1.5144167893072629,1.5019334470762955,,1.8545259722979341,1.9834294222549664,1.9044183265055634,1.7639110445304813,1.7161307931720435,1.6580254122222238,1.6515626741419243,1.6289530806526624,1.5963085773185266,1.6622320486837348,1.5478680018070077,1.4655895649646118,1.2815893408744687,1.24273599463635,1.207442459683835,1.1468127961853125,"rgba(239, 83, 80, 1.0)",0.0,0.0,0.25764249971163306,1.6657882742408148,0.46270210036237475,0.0,0.0,0.0,0.0,-1.0,1.85,1.785,884.0,56.12077070308253,12.853062914800027,False,False,True,False,False,7.88975366747378,0,0.9647141848976712,0.9491884262526465,False,False,False,False,0.09406590359310459,0.15061308696259784,False,False,False,False,5941303.0,6117144.148027508,False,False,False,False,293710.37456989905,False,False,False,False
2025-10-10 16:00:00+00:00,1.785,1.785,1.73,1.73,337040.0,2.0632686315620634,1.9225647552338734,1.7898750793608786,1.7427419988416268,1.6733482566079643,1.5721300937573444,1.563129947067345,1.5420632402979029,1.5160541962540928,1.503616669536673,,1.8329129878790478,1.9744954317426824,1.8998369226459513,1.7637039560736643,1.7165204822893207,1.6590050633286484,1.6526004951435098,1.6301795264551175,1.5977529109286772,1.6631724933007466,1.549395993312237,1.4674299613717312,1.2839962589547926,1.245229542200447,1.2099969784153821,1.1494252447152322,"rgba(239, 83, 80, 1.0)",0.0,0.0,0.25498830568486314,1.6654313339353517,0.25322206793455027,0.0,0.0,0.0,0.0,0.0,0.0,0.0,0.0,50.61187233477807,7.998606731066225,False,True,False,False,False,5.771682281310145,0,0.9661733615221988,0.9577167019027483,False,False,False,False,0.06609604975521138,0.10835456835890461,False,False,False,False,5604263.0,6109192.502321654,False,False,False,False,294382.1517083502,False,False,False,False
2025-10-10 17:00:00+00:00,1.735,1.77,1.73,1.745,595357.0,2.037509277999454,1.913438509323801,1.788879928803954,1.7428649632926652,1.6747909595542354,1.57464583677167,1.5656664088616827,1.5447596885727046,1.5188912320741796,1.5065344414470865,,1.8105464674685523,1.9602688720953632,1.8923689398054668,1.7633512936289175,1.717186278250141,1.6606845915001782,1.6543803530597703,1.6322854809997136,1.6002382737162848,1.6647844750897316,1.5520389230293268,1.470623016137983,1.2881878007461078,1.249574638195732,1.2144508849537945,1.1539849251396965,"rgba(239, 83, 80, 1.0)",0.0,0.0,0.25313250100108486,1.6650050702886443,0.31601998714109397,0.0,0.0,0.0,0.0,0.0,0.0,0.0,0.0,47.408579508474986,5.239016809667142,False,True,False,True,False,6.260501863101762,0,0.9669711876317638,0.9571328179901616,False,False,False,False,0.06077234741199805,0.08456345788545133,False,False,False,False,6199620.0,6110594.479029845,False,False,False,False,299048.42842605023,False,False,False,False
2025-10-10 18:00:00+00:00,1.745,1.775,1.74,1.77,299506.0,2.0266076628047123,1.9095418796644565,1.788555880161615,1.7430706995961782,1.6756237681010056,1.575979549277991,1.567007573703986,1.5461768218633891,1.5203738426179623,1.5080556333392705,,1.8048073209908584,1.954176845043015,1.8892062724032725,1.7633320708809186,1.7176497109026967,1.661630789913023,1.655374507126439,1.6334352845886255,1.6015676198884403,1.6656983278637838,1.5534306473711212,1.4722778682717041,1.2903282323632084,1.2517899508499128,1.2167190268909274,1.156303484893768,"rgba(239, 83, 80, 1.0)",0.0,0.0,0.25060515945595996,1.6650241436089601,0.41888944592734056,0.0,0.0,0.0,0.0,0.0,0.0,0.0,0.0,46.09650398747235,4.028901207855647,False,True,False,True,False,7.0761628731514925,0,0.9670406732117813,0.9579242636746144,False,False,False,False,0.06497496934476178,0.07476921361510655,False,False,False,False,6499126.0,6116618.223541011,False,False,False,False,299055.5225589797,False,False,False,False
2025-10-10 19:00:00+00:00,1.775,1.78,1.71,1.715,731655.0,2.000933118885626,1.8992408658713464,1.7870420240516494,1.7428605787803881,1.676982417091307,1.5787024094822264,1.5697695279445547,1.5491431323547267,1.523528663250652,1.5113136920361967,,1.7892476717336057,1.9388979668253197,1.8805996728154697,1.7625637358708046,1.7180803469012706,1.6632726033668648,1.6571370553656832,1.6355933703548953,1.6041989195819075,1.6672592565308346,1.556328396712825,1.4758770825883807,1.2951852686521557,1.2568430555655206,1.2219142284759685,1.161647462896288,"rgba(239, 83, 80, 1.0)",0.0,0.0,0.24794512252469283,1.6645234437204177,0.20357954923898697,0.0,0.0,0.0,0.0,-1.0,1.74,1.715,871.0,43.861078214749085,1.764976471871698,False,True,False,True,False,4.94655470701484,0,0.9615384615384617,0.9629370629370629,False,False,False,False,0.0579717992693181,0.06637050644221232,False,False,False,False,5767471.0,6111205.088292314,False,False,False,False,305762.4912014761,False,False,False,False
2025-10-13 14:00:00+00:00,1.715,1.715,1.715,1.715,0.0,2.000933118885626,1.8992408658713464,1.7870420240516494,1.7428605787803881,1.676982417091307,1.5787024094822264,1.5697695279445547,1.5491431323547267,1.523528663250652,1.5113136920361967,,1.7892476717336057,1.9388979668253197,1.8805996728154697,1.7625637358708046,1.7180803469012706,1.6632726033668648,1.6571370553656832,1.6355933703548953,1.6041989195819075,1.6672592565308346,1.556328396712825,1.4758770825883807,1.2951852686521557,1.2568430555655206,1.2219142284759685,1.161647462896288,"rgba(239, 83, 80, 1.0)",0.0,0.0,0.24502301785603825,1.6645234437204177,0.20600740583988542,0.0,0.0,0.0,0.0,0.0,0.0,0.0,0.0,42.370794366266914,0.08932574146600558,False,True,False,True,False,4.94655470701484,0,0.9628070175438598,0.9677192982456141,False,False,False,False,0.04118603132578836,0.053778268884000335,False,False,False,False,5767471.0,6105875.877621115,False,False,False,False,301021.9874619183,False,False,False,False
2025-10-13 15:00:00+00:00,1.715,1.715,1.715,1.715,0.0,2.000933118885626,1.8992408658713464,1.7870420240516494,1.7428605787803881,1.676982417091307,1.5787024094822264,1.5697695279445547,1.5491431323547267,1.523528663250652,1.5113136920361967,,1.7892476717336057,1.9388979668253197,1.8805996728154697,1.7625637358708046,1.7180803469012706,1.6632726033668648,1.6571370553656832,1.6355933703548953,1.6041989195819075,1.6672592565308346,1.556328396712825,1.4758770825883807,1.2951852686521557,1.2568430555655206,1.2219142284759685,1.161647462896288,"rgba(239, 83, 80, 1.0)",0.0,0.0,0.24192149348292757,1.6645234437204177,0.2086484981258786,0.0,0.0,0.0,0.0,0.0,0.0,0.0,0.0,41.377271800612135,-1.2322206270623113,False,True,False,True,False,4.94655470701484,0,0.9634574841883347,0.9648629655657063,False,False,False,False,0.026406104111962505,0.04009218649798142,False,False,False,False,5767471.0,6100629.290371176,False,False,False,False,296354.9799043692,False,False,False,False
2025-10-13 16:00:00+00:00,1.715,1.715,1.715,1.715,0.0,2.000933118885626,1.8992408658713464,1.7870420240516494,1.7428605787803881,1.676982417091307,1.5787024094822264,1.5697695279445547,1.5491431323547267,1.523528663250652,1.5113136920361967,,1.7892476717336057,1.9388979668253197,1.8805996728154697,1.7625637358708046,1.7180803469012706,1.6632726033668648,1.6571370553656832,1.6355933703548953,1.6041989195819075,1.6672592565308346,1.556328396712825,1.4758770825883807,1.2951852686521557,1.2568430555655206,1.2219142284759685,1.161647462896288,"rgba(239, 83, 80, 1.0)",0.0,0.0,0.23853207237088833,1.6645234437204177,0.21161328863607684,0.0,0.0,0.0,0.0,0.0,0.0,0.0,0.0,40.71492342350895,-2.3338897031872605,False,True,False,True,False,4.94655470701484,0,0.9616477272727275,0.9680397727272728,False,False,False,False,0.026406104111962505,0.033249145304971965,False,False,False,False,5767471.0,6095464.04555922,False,False,False,False,291760.3290531387,False,False,False,False
2025-10-13 17:00:00+00:00,1.715,1.725,1.705,1.725,47356.0,1.9993318051439932,1.898552451627376,1.7869165471067396,1.742819317364688,1.6770435683942186,1.5788569853164662,1.5699274513707944,1.5493149880057888,1.5237138232047587,1.5115058756511017,,1.7882391601851961,1.9379072575503653,1.8800156085467237,1.7624862361333187,1.7180807526642234,1.6633522361759379,1.6572246062994682,1.635707005576407,1.6043444120104997,1.6673336056567778,1.5564955699704799,1.476091879572619,1.295484209934479,1.2571552029584578,1.222236092633524,1.1619799946788014,"rgba(239, 83, 80, 1.0)",0.0,0.0,0.23336430939820693,1.664471065932353,0.25937528418007616,0.0,0.0,0.0,0.0,0.0,0.0,0.0,0.0,40.81116260099698,-2.7872393302565115,False,True,False,True,False,5.303030106142817,0,0.9622775800711745,0.9658362989323843,False,False,False,False,0.025729475229685623,0.029489310267328796,False,False,False,False,5814827.0,6091113.083612565,False,False,False,False,287971.114649214,False,False,False,False
2025-10-13 18:00:00+00:00,1.725,1.735,1.71,1.725,85214.0,1.9965460594539663,1.8973608064716554,1.7867082871093238,1.7427605087499936,1.6771664218392777,1.579144214402039,1.5702203258771257,1.5496324754205844,1.5240546584256234,1.511859138629416,,1.786619617651965,1.9361868665746162,1.8790073214936431,1.7623631774973803,1.7180958685019823,1.6635079300932047,1.6573943579119883,1.6359230267018228,1.6046167267788232,1.6674799112969287,1.5568047868465469,1.476485393620981,1.2960274207100049,1.2577219075415473,1.2228200426619498,1.1625827327851201,"rgba(239, 83, 80, 1.0)",0.0,0.0,0.22812231980407777,1.6643949736000792,0.26566899044324727,0.0,0.0,0.0,0.0,0.0,0.0,0.0,0.0,40.87532205265566,-3.324464691098484,False,True,False,True,False,5.303030106142817,0,0.9635714285714286,0.9657142857142857,False,False,False,False,0.027445058867785775,0.028467184567557285,False,False,False,False,5814827.0,6086829.578440277,False,False,False,False,284827.59349186183,False,False,False,False
2025-10-13 19:00:00+00:00,1.725,1.735,1.7,1.705,122262.0,1.9925032437771022,1.8955824799375216,1.7863650805194833,1.742633635155279,1.677303618560358,1.5795258883194727,1.5706112668837153,1.5500598686444815,1.5245172109974203,1.5123400642676663,,1.7840866141057075,1.9336524215135555,1.8774916407576046,1.7621430698469993,1.7180762850728595,1.6636928033931466,1.6575996882421784,1.6361958663808793,1.6049725361667717,1.6676511502435931,1.5572199220727725,1.4770250266021065,1.2967862121294773,1.2585151814356015,1.223638808031177,1.1634298808627566,"rgba(239, 83, 80, 1.0)",0.0,0.0,0.22233034831930823,1.6642475782612098,0.1832967116133965,0.0,0.0,0.0,0.0,-1.0,1.71,1.65,877.0,40.05527557108158,-4.679401334765409,False,True,False,True,False,4.460991720243296,0,0.9586600142551673,0.9650748396293655,False,False,False,False,0.024476765186785453,0.02647197487717137,False,False,False,False,5692565.0,6080716.949317171,False,False,False,False,282307.1966935384,False,False,False,False
2025-10-14 14:00:00+00:00,1.635,1.65,1.61,1.615,221552.0,1.9832365408955845,1.8909258304538734,1.7850088424220985,1.7417217114762027,1.6769465323742354,1.5797590681069968,1.570879171829517,1.5504127473620837,1.5249602238269695,1.512825283115869,1.625,1.7747099585295896,1.9274199827397622,1.8733740442025804,1.7610364104711507,1.717387871089184,1.663434382597529,1.6573842826083853,1.6361248128547703,1.6050906126986833,1.6673644575506226,1.557544112416294,1.4776334584574546,1.2978641165092322,1.2596678398880075,1.2248491736621305,1.1647128534490623,"rgba(239, 83, 80, 1.0)",0.0,0.0,0.21558245010388466,1.663302411222419,-0.2240553959709761,0.0,0.0,0.0,0.0,-1.0,1.7,1.66,884.0,36.407385595383175,-8.515444940399512,False,True,False,True,False,0.810785573285024,0,0.9520451339915376,0.9703808180535967,False,False,False,False,-0.027445118238320562,-0.00048657168057459656,False,False,False,False,5471013.0,6071264.174909153,False,False,False,False,281365.25565953006,False,False,False,False
2025-10-14 15:00:00+00:00,1.615,1.66,1.615,1.63,319889.0,1.9710035797187482,1.8847206841801845,1.7832102684426452,1.740540386767952,1.6765370823204824,1.5801650510181031,1.5713319825976313,1.5509839587564966,1.5256562765116979,1.5135803419623763,1.630908104484145,1.763752876871611,1.9191360177819057,1.8678903662349402,1.7595848703737664,1.716517340023916,1.6631628032285724,1.657172745427094,1.6361145994537185,1.6053430697237492,1.667053369593656,1.5580753480301321,1.478562187527124,1.299455216736938,1.261364583868668,1.2266272956113262,1.1665927197331467,"rgba(239, 83, 80, 1.0)",0.0,0.0,0.20917032587158807,1.6621138385548595,-0.1535296100010603,0.0,0.0,0.0,0.0,0.0,0.0,0.0,0.0,35.00185670960833,-10.103926039324406,False,True,False,True,False,1.3858905786150757,0,0.9529824561403509,0.967719298245614,False,False,False,False,-0.02458737383097599,-0.012536972755775293,False,False,False,False,5790902.0,6066917.474522965,False,False,False,False,281962.52301364584,False,False,False,False
2025-10-14 16:00:00+00:00,1.635,1.635,1.61,1.635,290568.0,1.9603560674990712,1.8791598989477245,1.7815237503661225,1.739406829045003,1.6760987912500922,1.5804734221409795,1.571684667305493,1.5514453626747786,1.5262333335843385,1.514211628971402,1.6294268391327498,1.7546364736239906,1.9117988916205972,1.8629529474811755,1.7582087820468282,1.715663173724708,1.662848899256636,1.656913108593542,1.6360373121599312,1.6055053149128016,1.6667038058497956,1.558500019571107,1.4793519043438206,1.3008519444185769,1.2628584837059085,1.2281964378358325,1.168257151328417,"rgba(239, 83, 80, 1.0)",0.0,0.0,0.20207667352265848,1.6610085166461812,-0.12870617965346165,0.0,0.0,0.0,0.0,0.0,0.0,0.0,0.0,34.42711652709043,-10.934050310049244,False,True,False,True,False,1.57947772322985,0,0.9521800281293953,0.9753867791842474,False,False,False,False,-0.03353403584095534,-0.023035504298365317,False,False,False,False,6081470.0,6067143.095072996,False,False,False,False,282095.94126149634,False,False,False,False
2025-10-14 17:00:00+00:00,1.635,1.635,1.62,1.635,237209.0,1.9522220847472809,1.8748525163652272,1.7802027077770763,1.7385249014933428,1.67577040289485,1.5807400973155235,1.5719865244488798,1.5518343932163425,1.526715029791609,1.5147369084146742,1.629553996472188,1.7482184908615686,1.906143485391556,1.859124394188944,1.757134278413538,1.7150034817667168,1.662619857138526,1.6567274050925462,1.6359972616837992,1.6056565238065312,1.666446277798353,1.5588595898189814,1.480004830167666,1.301994946868026,1.2640801109952142,1.2294789700317066,1.1696168451175217,"rgba(239, 83, 80, 1.0)",0.0,0.0,0.19334963429260008,1.6601726572483515,-0.13019242234643785,0.0,0.0,0.0,0.0,0.0,0.0,0.0,0.0,34.04395640541183,-11.627893562526836,False,True,False,True,False,1.57947772322985,0,0.9535538353272344,0.972554539057002,False,False,False,False,-0.03974316091144764,-0.03138933260490648,False,False,False,False,6081470.0,6067365.217630004,False,False,False,False,281400.01969155064,False,False,False,False
2025-10-14 18:00:00+00:00,1.635,1.655,1.62,1.62,170291.0,1.9466543937380303,1.8718714103932759,1.7792788209823294,1.7379100772046094,1.6755460049817805,1.5809361955556047,1.5722074765940643,1.5521172128822878,1.5270636240360151,1.5151164845943446,1.629844247466806,1.74406351910522,1.9022451578243509,1.856472026784704,1.756383905525011,1.7145452870517002,1.662465689930642,1.6566038773130893,1.6359767354728323,1.6057712832292337,1.6662719700722999,1.5591214966720803,1.4804752524256424,1.3028147635661915,1.2649560809458351,1.2303984658771854,1.1705915500273731,"rgba(239, 83, 80, 1.0)",0.0,0.0,0.18405230846760212,1.659602441084727,-0.21516948857882928,0.0,0.0,0.0,0.0,0.0,0.0,0.0,0.0,33.15219419867978,-12.802442753579491,False,True,False,True,False,0.9555360573079241,0,0.9519774011299437,0.9766949152542372,False,False,False,False,-0.0336238040717913,-0.03250656833834889,False,False,False,False,5911179.0,6064943.725883802,False,False,False,False,279677.3992312165,False,False,False,False
2025-10-14 19:00:00+00:00,1.625,1.625,1.595,1.595,169317.0,1.9408543423643967,1.8686578337497475,1.778207640061358,1.7371540587529877,1.6751909192425332,1.5810279744614288,1.5723277463236638,1.5523028339375515,1.527320159958502,1.5154056613200246,1.6268583901300326,1.7393031135751456,1.898106054045433,1.853589819612647,1.7554890369955714,1.7139496961304126,1.6621825124658791,1.6563522030993376,1.635831436066687,1.6057679144903523,1.6659681588132835,1.5592850053511413,1.480858111344814,1.303560086854336,1.265759876632007,1.2312480635438954,1.1715007962805466,"rgba(239, 83, 80, 1.0)",0.0,0.0,0.17459949021112028,1.6588995714891133,-0.3659779957653251,0.0,0.0,0.0,0.0,0.0,0.0,0.0,0.0,31.542244282529975,-14.594195869989136,False,True,False,True,False,0.0,0,0.9449541284403672,0.9795342272406493,False,False,False,False,-0.05045947492443026,-0.041483021631389574,False,False,False,False,5741862.0,6059934.706877851,False,False,False,False,277966.3852896472,False,False,False,False
2025-10-15 14:00:00+00:00,1.655,1.655,1.605,1.605,467080.0,1.9265751060242986,1.8607169899491376,1.7755976729744514,1.735369881753102,1.6744579034201872,1.5814510944529319,1.5728219317806076,1.552968033119899,1.5281691425740527,1.5163404436696923,1.625565707983236,1.7291529190948867,1.8878799103591979,1.8464817501222883,1.7533418290816976,1.7125860503867805,1.6616391348595683,1.6558917435067066,1.6356504917767662,1.6059571949354978,1.6653703656784877,1.5598923430973664,1.4820423381928767,1.305709846418318,1.2680656407750925,1.2336755468489446,1.1740851153930336,"rgba(239, 83, 80, 1.0)",0.0,0.0,0.16368716042038112,1.6573049841763055,-0.3195423760909279,0.0,0.0,0.0,0.0,0.0,0.0,0.0,0.0,31.469356761204047,-14.930691081248,False,True,False,True,False,0.33395980880762366,0,0.94311797752809,0.976123595505618,False,False,False,False,-0.038213060660177836,-0.039848041145783705,False,False,False,False,6208942.0,6062244.897468892,False,False,False,False,280898.3793161643,False,False,False,False
2025-10-15 15:00:00+00:00,1.605,1.615,1.575,1.585,238874.0,1.9190841315109126,1.856364742042232,1.7740425951545857,1.7342433859193869,1.6738820743806047,1.5815052019873264,1.572917971080835,1.5531569048971086,1.5284600222101352,1.5166778171058246,1.6217366573985632,1.7233423886168284,1.8823800134372133,1.842549366457284,1.7520259466487371,1.7116790999176963,1.6611624701303924,1.6554586448966242,1.63536501028352,1.6058707116147226,1.6648652245797937,1.5600497668390916,1.4825118283173186,1.306694757219616,1.2691342761671613,1.2348102880474459,1.1753075321128938,"rgba(239, 83, 80, 1.0)",0.0,0.0,0.1519421416672001,1.6562987589110851,-0.46924940065180415,0.0,0.0,0.0,0.0,0.0,0.0,0.0,0.0,30.52178853295497,-16.09620949453116,False,True,False,True,False,0.0,0,0.9377186843946815,0.9818054583624911,False,False,False,False,-0.059654019430077906,-0.049751030287930806,False,False,False,False,5970068.0,6060815.798283327,False,False,False,False,280246.8385515726,False,False,False,False
2025-10-15 16:00:00+00:00,1.585,1.835,1.575,1.715,678883.0,1.9064878527937843,1.8498583622452518,1.7725007603081768,1.7336787244497842,1.6745498637394198,1.583386025309379,1.5748513090963216,1.5552798593650448,1.5307717231678228,1.5190867176303064,1.6427803592153625,1.721732948287184,1.8736561487185737,1.8369101412021203,1.7510381296627864,1.711609268793558,1.6620583669353528,1.6564529313928607,1.636686632147644,1.6076031968725664,1.6656957295972254,1.562108691870927,1.4852273716813027,1.3105881429202548,1.2732179416711442,1.239037917671369,1.179705520103222,"rgba(38, 166, 154, 1.0)",0.0,0.0,0.1380157975028998,1.667520005252176,0.3440185515489745,0.0,0.0,0.0,0.0,1.0,1.635,1.615,888.0,39.08182471259336,-14.881412680561972,False,True,False,True,True,4.709693291647238,0,0.941820670773443,0.9609856262833676,False,False,False,False,0.007639006212478744,-0.02105601203772603,False,False,False,False,6648951.0,6069934.173503741,False,False,False,False,286427.2441554241,False,False,False,False
2025-10-15 17:00:00+00:00,1.71,1.74,1.635,1.725,402965.0,1.8994132912649637,1.8460481087579117,1.771504852411319,1.7332486278788282,1.6748393504550518,1.5844035600827489,1.5759029649731524,1.5564456050430637,1.532052902193462,1.5204264324036798,1.6499934326630021,1.7204324371175586,1.868638813594544,1.8335787561555956,1.7503622859221692,1.7114672050142252,1.662481331490444,1.6569336316599086,1.637360068439216,1.60852131045308,1.6660804051310067,1.5632358688604544,1.4867495091526524,1.3128159718415373,1.2755604277766657,1.2414678712501095,1.1822412654349816,"rgba(38, 166, 154, 1.0)",0.0,0.0,0.13790609156266873,1.667114631854398,0.41974482410225744,0.0,0.0,0.0,0.0,0.0,0.0,0.0,0.0,45.260843449788574,-9.533756990570609,False,True,False,True,True,5.088980760709589,0,0.9463679565512562,0.9708078750848609,False,False,False,False,-0.0030555953378387725,-0.0120558036877824,False,False,False,False,7051916.0,6085158.697945543,False,False,False,False,288234.0310677431,False,False,False,False
2025-10-15 18:00:00+00:00,1.725,1.73,1.66,1.705,630551.0,1.8891816289596655,1.8403960596781737,1.7699651545716093,1.7325645808446406,1.675250203131537,1.5859381740998486,1.5774919359793544,1.5582117757865055,1.5339996795733577,1.5224643380282872,1.6579577250850648,1.718540312541245,1.8612723194737302,1.8286181371907735,1.7493060945933532,1.71122043820128,1.6630960040587146,1.657636587453002,1.6383582846139333,1.609896384573824,1.6666365833845287,1.5649420904542952,1.4890702172923758,1.3162365454878975,1.2791605466566978,1.2452055874431478,1.186147308551797,"rgba(38, 166, 154, 1.0)",0.0,0.0,0.13739428368454878,1.666627195212305,0.27928967464030213,0.0,0.0,0.0,0.0,0.0,0.0,0.0,0.0,48.07696373298817,-7.339537068287065,False,True,False,False,True,4.216625638852719,0,0.9494609164420487,0.9690026954177897,False,False,False,False,0.0015277482693586602,-0.005264027709211871,False,False,False,False,6421365.0,6090371.198752589,False,False,False,False,293541.27089615015,False,False,False,False
2025-10-15 19:00:00+00:00,1.71,1.72,1.67,1.68,1110788.0,1.8727962789227066,1.8308987605012859,1.767106920776845,1.7311445634210603,1.6756910110441943,1.5883501861649763,1.5800067383303642,1.5610396176763452,1.5371521103369634,1.5257781897287797,1.6651655850136975,1.7147997768815808,1.8491457429988534,1.8202051101799326,1.7472584796631105,1.7105405810524892,1.6638847472366003,1.6585765186436334,1.6398058857253346,1.6120001454946602,1.6673253874313325,1.5676638760588062,1.492878963182085,1.321988655344968,1.2852324705833031,1.2515249581568153,1.1927766791690955,"rgba(38, 166, 154, 1.0)",0.0,0.0,0.13655520614141886,1.6656385860465253,0.10516928910496284,0.0,0.0,0.0,0.0,0.0,0.0,0.0,0.0,48.3948770848985,-7.23477125050303,False,False,False,False,True,3.1311287466233146,0,0.9504353650368386,0.9698593436034828,False,False,False,False,0.0015277482693586602,-0.0018681397199266053,False,False,False,False,5310577.0,6078281.366213788,False,False,False,False,306211.7628202408,False,False,False,False
2025-10-16 14:00:00+00:00,1.625,1.68,1.6,1.605,694394.0,1.8608394607057634,1.8232058780291158,1.7640738588653075,1.7290441906221272,1.6748224714582678,1.588921259784754,1.5806727084114212,1.561930337202759,1.5382896022794594,1.5270308140204003,1.660624666103611,1.7082519413000956,1.839786514835516,1.8131914374071327,1.7447458786707593,1.708926459985655,1.6632449193185568,1.6580372194102824,1.6396083077219672,1.612263971544039,1.6666197544225623,1.568478240194359,1.4944652781362087,1.3249078108150825,1.2883733893780946,1.254842142851724,1.1963299689395266,"rgba(38, 166, 154, 1.0)",0.0,0.0,0.13707612799049274,1.663404731949893,-0.42607515113020883,0.0,0.0,0.0,0.0,-1.0,1.67,1.605,0.0,44.893623282518554,-7.23477125050303,False,True,False,True,False,0.0,0,0.941528239202658,0.9774086378737542,False,False,False,False,-0.03209437597277255,-0.016981257846349577,False,False,False,False,4616183.0,6055613.174489544,False,False,False,False,312230.0920788417,False,False,False,False
2025-10-16 15:00:00+00:00,1.605,1.605,1.555,1.555,244699.0,1.855939815185713,1.819884011837701,1.7626032746576183,1.7279193022785686,1.6741600698650712,1.588834849450183,1.5806291848119554,1.5619755401718278,1.5384356895122815,1.5272221110320707,1.6569207846553664,1.7047018229743407,1.8358407338536868,1.8101198438309083,1.743466793255491,1.7079832661016825,1.6626677818663478,1.6574978656800337,1.639198468878402,1.6120341953061035,1.6660180581536275,1.568493250921699,1.4947825701545199,1.3257336395230719,1.289284347963241,1.2558219687886962,1.1974059051020338,"rgba(239, 83, 80, 1.0)",0.0,0.0,0.138114132200563,1.662142535377376,-0.7757536008102963,0.0,0.0,0.0,0.0,-1.0,1.6,1.585,0.0,40.72060892417677,-3.0394610481431528,False,True,False,True,False,0.0,0,0.9331568497683654,0.9900727994705493,False,False,False,False,-0.0688586495832905,-0.04291995371482003,False,False,False,False,4371484.0,6029502.644652497,False,False,False,False,311183.09840320074,False,False,False,False
2025-10-16 16:00:00+00:00,1.555,1.585,1.54,1.575,162678.0,1.852717653642299,1.8176802216553798,1.7616127172115525,1.7271566767438153,1.6737031331133418,1.5887612890340919,1.5805844693056135,1.5619899748492165,1.5385175972250358,1.5273341766580864,1.6544898250001352,1.7023571357245464,1.8332327462357811,1.8080787745327527,1.7426024119756,1.7073406257736887,1.6622672435683081,1.6571223393221317,1.6389087585170996,1.6118641288774818,1.6656012721916056,1.568487551844751,1.4949784449127204,1.3262685055323495,1.2898760599158385,1.2564597595650209,1.1981082790668063,"rgba(239, 83, 80, 1.0)",0.0,0.0,0.137723184960546,1.6613074296323311,-0.6266732043486791,0.0,0.0,0.0,0.0,0.0,0.0,0.0,0.0,39.32462299475982,-4.322131778611514,False,True,False,True,False,0.0,0,0.9358889623265038,0.9920687376074024,False,False,False,False,-0.0796122393223772,-0.061266096518598614,False,False,False,False,4534162.0,6006319.068766411,False,False,False,False,308880.69377679453,False,False,False,False
2025-10-16 17:00:00+00:00,1.575,1.58,1.555,1.555,163980.0,1.8495045319977408,1.8154682889492453,1.760607416078744,1.7263793978073416,1.6732322320453599,1.5886765199749202,1.5805289588950178,1.5619941285860344,1.5385899607709939,1.5274369777599806,1.6520803277432448,1.7000168260074617,1.8306222961599596,1.80602778141755,1.741723277707796,1.7066835202490738,1.6618529078676547,1.6567331031065264,1.6386056953475108,1.6116814387882432,1.6651706384210256,1.5684713924175384,1.4951656794920651,1.3267978118643686,1.290462806075294,1.25709313181228,1.1988071966627996,"rgba(239, 83, 80, 1.0)",0.0,0.0,0.13860865903817643,1.6604716467924412,-0.7609311533949089,0.0,0.0,0.0,0.0,0.0,0.0,0.0,0.0,37.60611027583582,-6.050401307381165,False,True,False,True,False,0.0,0,0.9379128137384412,0.9927344782034345,False,False,False,False,-0.07653801796908546,-0.06890205724384205,False,False,False,False,4370182.0,5980952.602583986,False,False,False,False,306634.1713926582,False,False,False,False
2025-10-16 18:00:00+00:00,1.555,1.555,1.525,1.555,152015.0,1.8464021584306003,1.8133052209771332,1.7595987639969042,1.7255851086931897,1.6727270384629171,1.5885419558128433,1.5804232914478107,1.5619455551956778,1.5386072420745498,1.5274833493591085,1.6495192044201146,1.6976348712963105,1.8280841040081717,1.804015581882079,1.7408329882413078,1.706002470659133,1.6614009900993034,1.656304879039212,1.6382590072659886,1.6114495471095724,1.6647033656177705,1.5684033723372548,1.495291902690911,1.3272485212890277,1.2909681006014821,1.2576429472897048,1.199420265499182,"rgba(239, 83, 80, 1.0)",0.0,0.0,0.13948883516302021,1.6596121475805332,-0.7499678913962781,0.0,0.0,0.0,0.0,0.0,0.0,0.0,0.0,36.46043512988648,-7.341492833708109,False,True,False,True,False,0.0,0,0.933421226104153,0.996044825313118,False,False,False,False,-0.09346568559645062,-0.08118387142014633,False,False,False,False,4370182.0,5955979.414947025,False,False,False,False,304236.9749369581,False,False,False,False
2025-10-16 19:00:00+00:00,1.555,1.56,1.535,1.55,400307.0,1.8386141675566816,1.8078399834035281,1.7570278036583211,1.723564377965482,1.6714497664718948,1.588218363608538,1.5801739201088287,1.5618438650894675,1.5386758048751095,1.5276273141116412,1.6435237673745766,1.6918285787786398,1.8216872788836607,1.7989285572281235,1.7385659068762227,1.7042727513670348,1.6602610961280277,1.655226071053202,1.6373904231602887,1.6108767921764569,1.6635238717564147,1.5682513695526126,1.4956433381194174,1.3284445657497193,1.2923064994914064,1.2590974810354598,1.2010398164740674,"rgba(239, 83, 80, 1.0)",0.0,0.0,0.14049943092443892,1.657507345148991,-0.765179933054738,0.0,0.0,0.0,0.0,0.0,0.0,0.0,0.0,35.468174310679984,-8.575516935891834,False,True,False,True,False,0.0,0,0.9335088874259381,0.9967083607636601,False,False,False,False,-0.0888441551469719,-0.08501401328355912,False,False,False,False,3969875.0,5925187.098436218,False,False,False,False,305726.4326898735,False,False,False,False
2025-10-17 14:00:00+00:00,1.525,1.545,1.51,1.515,149110.0,1.8355752863825803,1.805670824425512,1.7559732594891984,1.722717691685316,1.670885422443934,1.588024437178294,1.5800098633129074,1.5617369999741133,1.5386356239215393,1.527616298500981,1.6409283718191012,1.6894226109710797,1.8191675421660896,1.7969011459916193,1.7376258422150073,1.703536366896406,1.6597488209295397,1.654737018012922,1.6369815351923336,1.610581875274121,1.6629965808856928,1.5681250082147005,1.4957115085854125,1.3288365011876757,1.2927531535133239,1.2595890560081093,1.2015960950085833,"rgba(239, 83, 80, 1.0)",0.0,0.0,0.14200869152439075,1.6566210749015116,-0.997270472541376,0.0,0.0,0.0,0.0,-1.0,1.535,1.525,896.0,33.28403494552086,-10.934223215777607,False,True,False,True,False,0.0,0,0.9339061467283543,1.0006609385327165,False,False,False,False,-0.1011771910691879,-0.09309560217637351,False,False,False,False,3820765.0,5892560.3992356565,False,False,False,False,303298.2709427437,False,False,False,False
2025-10-17 15:00:00+00:00,1.515,1.525,1.495,1.525,61594.0,1.83430397448729,1.8047582539475013,1.7555249189045372,1.7223555001407622,1.6706404626319231,1.5879343928211587,1.5799324476057792,1.5616834879499837,1.538610081971789,1.527602943248562,1.6398150207136457,1.6883998304026833,1.8181101029086695,1.796047100685459,1.7372249070948087,1.7032199434116468,1.659525469957677,1.6545233135949888,1.6368011648519152,1.6104490504612097,1.6627669974051462,1.5680633459141058,1.495731104333409,1.3289910242348586,1.292930502769163,1.259785182176835,1.201819383965484,"rgba(239, 83, 80, 1.0)",0.0,0.0,0.14330201836844297,1.6562422163928983,-0.9158434604560995,0.0,0.0,0.0,0.0,0.0,0.0,0.0,0.0,32.82330612735114,-11.691871651103469,False,True,False,True,False,0.0,0,0.9306472919418759,0.9986789960369881,False,False,False,False,-0.11199369094214719,-0.10254464655926035,False,False,False,False,3882359.0,5861394.486069212,False,False,False,False,299550.9179048717,False,False,False,False
2025-10-17 16:00:00+00:00,1.525,1.545,1.525,1.525,169708.0,1.831032912236915,1.8024162015956058,1.7543832094831004,1.721443756988855,1.6700413480687875,1.5877438737018823,1.5797746027386046,1.561589092458455,1.5385894693689095,1.527614761231338,1.6372432047932688,1.685907853853429,1.8153923800675642,1.793858496977293,1.7362099500681676,1.7024302966476124,1.6589841863341848,1.654007801994744,1.6363745711837332,1.6101485556204271,1.6622090357548218,1.5679473187427706,1.495831412888532,1.329453482032646,1.293454250391159,1.260359195143449,1.2024656152247961,"rgba(239, 83, 80, 1.0)",0.0,0.0,0.14449904142579656,1.6553190776484943,-0.901868111806237,0.0,0.0,0.0,0.0,0.0,0.0,0.0,0.0,32.51615358190466,-12.377730385847045,False,True,False,True,False,0.0,0,0.9332892998678997,0.9966974900924702,False,False,False,False,-0.0965489069526075,-0.09954677675593393,False,False,False,False,3882359.0,5830711.76535496,False,False,False,False,297537.8494102225,False,False,False,False
2025-10-17 17:00:00+00:00,1.525,1.565,1.52,1.545,253488.0,1.8264619751968911,1.799139369754474,1.7527875993857265,1.7201807635600115,1.6692306696950805,1.5875203984443649,1.579597459965694,1.5615037419062945,1.5386104117240758,1.5276827449583366,1.634021930263755,1.6826004537445824,1.8115907218354528,1.7907985975226925,1.7347978800869055,1.701343933177764,1.6582574771998162,1.6533184693119531,1.6358140712894715,1.6097700510221598,1.6614581105962243,1.5678306721810344,1.4960286428203076,1.3301799523323103,1.294270396748891,1.2612487577107128,1.2034602118032012,"rgba(239, 83, 80, 1.0)",0.0,0.0,0.14539083704104805,1.654087277122705,-0.7503036597272403,0.0,0.0,0.0,0.0,0.0,0.0,0.0,0.0,34.49307713012928,-12.377730385847045,False,True,False,True,False,0.0,0,0.9326287978863936,0.997357992073976,False,False,False,False,-0.09192474274090617,-0.09573575974842005,False,False,False,False,4135847.0,5804434.792248682,False,False,False,False,296854.9060085136,False,False,False,False
2025-10-17 18:00:00+00:00,1.545,1.57,1.545,1.545,339339.0,1.8207738443595876,1.7950468316342332,1.7507891735817314,1.7186118302637603,1.6682464535405899,1.5872916459377657,1.5794276542472234,1.5614529239794595,1.538696909440804,1.5278304034155596,1.6304794539482057,1.6787070652525082,1.8068484104903348,1.7869783743002343,1.7330366780766213,1.7000032361754631,1.6573822401945824,1.6524916946921762,1.6351542282325635,1.6093452820402518,1.660551443039183,1.5677392801808816,1.4963453959870872,1.3311900365233125,1.2953981784713657,1.2624727845581682,1.204821515324585,"rgba(239, 83, 80, 1.0)",0.0,0.0,0.14628224600236556,1.6526216805154008,-0.7357125246331022,0.0,0.0,0.0,0.0,0.0,0.0,0.0,0.0,35.81102616227902,-12.377730385847045,False,True,False,True,True,0.0,0,0.9306472919418759,0.9993394980184941,False,False,False,False,-0.08268796304766972,-0.08921186139804488,False,False,False,False,4135847.0,5778565.214074284,False,False,False,False,297513.57413241256,False,False,False,False
2025-10-17 19:00:00+00:00,1.545,1.56,1.535,1.555,95288.0,1.8191995674488048,1.793906508291941,1.7502258353202598,1.718167779946589,1.6679651500025146,1.5872217092932703,1.5793743254625596,1.5614329559074775,1.5387155258709473,1.5278661818858028,1.629499370806504,1.677627649200135,1.8055308061733404,1.7859126513542618,1.7325391954117144,1.6996226617223475,1.6571312995286311,1.6522542636186603,1.6349633641323378,1.6092201222624227,1.6602917440315128,1.5677079334533135,1.4964285472125456,1.3314677992571708,1.295709031526109,1.2628107365076604,1.2051982350010055,"rgba(239, 83, 80, 1.0)",0.0,0.0,0.1470226127119558,1.652210724241138,-0.6611957334181754,0.0,0.0,0.0,0.0,0.0,0.0,0.0,0.0,37.86602020771493,-16.647496451441278,False,True,False,True,True,0.0,0,0.929419525065963,0.9993403693931397,False,False,False,False,-0.0888441551469719,-0.0890280082725084,False,False,False,False,4231135.0,5754574.047964605,False,False,False,False,294378.29391330533,False,False,False,False
