date,Open,High,Low,Close,Volume,Gap_Up_aVWAP_443,Gap_Up_aVWAP_440,Gap_Up_aVWAP_434,Gap_Up_aVWAP_432,Gap_Up_aVWAP_428,Gap_Up_aVWAP_427,Gap_Up_aVWAP_422,Gap_Up_aVWAP_418,Gap_Up_aVWAP_417,Gap_Up_aVWAP_410,Gap_Down_aVWAP_441,Gap_Down_aVWAP_437,Gap_Down_aVWAP_436,Gap_Down_aVWAP_430,Gap_Down_aVWAP_429,Gap_Down_aVWAP_425,Gap_Down_aVWAP_420,Gap_Down_aVWAP_419,Gap_Down_aVWAP_416,Gap_Down_aVWAP_415,aVWAP_OB_bull_333,aVWAP_OB_bull_221,aVWAP_OB_bull_145,color,Liquidity,Liquidity_Level,StDev,StDev_Mean,StdDev_ZScore,OB,OB_High,OB_Low,OB_Mitigated_Index,FVG,FVG_High,FVG_Low,FVG_Mitigated_Index,QQEMOD,QQE1_Value,QQE1_Above_Upper,QQE1_Below_Lower,QQE2_Above_Threshold,QQE2_Below_Threshold,QQE2_Above_TL,banker_RSI,TTM_squeeze_Active,VI_plus,VI_minus,VI_Regular_Bullish,VI_Regular_Bearish,VI_Hidden_Bullish,VI_Hidden_Bearish,Fisher,Fisher_Signal,Fisher_Regular_Bullish,Fisher_Regular_Bearish,Fisher_Hidden_Bullish,Fisher_Hidden_Bearish,OBV,OBV_Smoothed,OBV_Regular_Bullish,OBV_Regular_Bearish,OBV_Hidden_Bullish,OBV_Hidden_Bearish,Volume_MA,Vol_Regular_Bullish,Vol_Regular_Bearish,Vol_Hidden_Bullish,Vol_Hidden_Bearish
2024-01-16 17:00:00+00:00,9.655,9.655,9.435,9.59,233.0,,,,,,,,,,,,,,,,,,,,,,,,"rgba(38, 166, 154, 1.0)",0.0,0.0,,,,0.0,0.0,0.0,0.0,0.0,0.0,0.0,0.0,,,False,False,False,False,False,,0,,,False,False,False,False,,,False,False,False,False,0.0,0.0,False,False,False,False,233.0,False,False,False,False
2024-01-17 17:00:00+00:00,9.39,9.4,9.39,9.395,54.0,,,,,,,,,,,,,,,,,,,,,,,,"rgba(239, 83, 80, 1.0)",0.0,0.0,,,,0.0,0.0,0.0,0.0,0.0,0.0,0.0,0.0,0.0,,False,False,False,True,False,,0,,,False,False,False,False,,,False,False,False,False,-54.0,-0.8372093023255813,False,False,False,False,230.2248062015504,False,False,False,False
2024-01-18 17:00:00+00:00,9.395,9.395,9.33,9.33,100.0,,,,,,,,,,,,,,,,,,,,,,,,"rgba(239, 83, 80, 1.0)",0.0,0.0,,,,0.0,0.0,0.0,0.0,0.0,0.0,0.0,0.0,0.0,-50.0,False,False,False,True,True,,0,,,False,False,False,False,,,False,False,False,False,-154.0,-3.211826212367045,False,False,False,False,228.2058169581155,False,False,False,False
2024-01-19 17:00:00+00:00,9.33,9.615,9.33,9.615,291.0,,,,,,,,,,,,,,,,,,,,,,,,"rgba(38, 166, 154, 1.0)",0.0,0.0,,,,0.0,0.0,0.0,0.0,0.0,0.0,0.0,0.0,19.120387625792038,-32.791651136787166,False,False,False,True,True,,0,,,False,False,False,False,,,False,False,False,False,137.0,-1.0379994493846105,False,False,False,False,229.17937018357105,False,False,False,False
2024-01-22 17:00:00+00:00,9.615,9.74,9.48,9.48,1347.0,,,,,,,,,,,,,,,,,,,,,,,,"rgba(239, 83, 80, 1.0)",0.0,0.0,,,,0.0,0.0,0.0,0.0,0.0,0.0,0.0,0.0,27.390992880471543,-26.495329665123133,False,False,False,True,True,,0,,,False,False,False,False,,,False,False,False,False,-1210.0,-19.78159635714609,False,False,False,False,246.50992258382576,False,False,False,False
2024-01-23 17:00:00+00:00,9.87,10.11,9.85,10.02,661.0,,,,,,,,,,,,,,,,,,,,,,,,"rgba(38, 166, 154, 1.0)",0.0,0.0,,,,0.0,0.0,0.0,0.0,0.0,0.0,0.0,0.0,42.492844649964496,-14.011751791885594,False,False,False,True,True,,0,,,False,False,False,False,,,False,False,False,False,-549.0,-27.986532847732967,False,False,False,False,252.93612533446412,False,False,False,False
2024-01-24 17:00:00+00:00,10.02,10.02,9.59,9.59,445.0,,,,,,,,,,,,,,,,,,,,,,,,"rgba(239, 83, 80, 1.0)",0.0,0.0,,,,0.0,0.0,0.0,0.0,0.0,0.0,0.0,0.0,44.9306391035374,-13.233248219599439,False,False,False,False,True,,0,,,False,False,False,False,,,False,False,False,False,-994.0,-42.96348582683788,False,False,False,False,255.91385982540265,False,False,False,False
2024-01-25 17:00:00+00:00,9.59,9.69,9.59,9.69,115.0,,,,,,,,,,,,,,,,,,,,,,,,"rgba(38, 166, 154, 1.0)",0.0,0.0,,,,0.0,0.0,0.0,0.0,0.0,0.0,0.0,0.0,47.82925326717359,-11.359886143424916,False,False,False,False,True,,0,,,False,False,False,False,,,False,False,False,False,-879.0,-55.925292248127214,False,False,False,False,253.72914882035764,False,False,False,False
2024-01-26 17:00:00+00:00,9.98,9.98,9.68,9.68,2.0,,,,,,,,,,,,,,,,,,,,,,,,"rgba(239, 83, 80, 1.0)",0.0,0.0,,,,0.0,0.0,0.0,0.0,0.0,0.0,0.0,0.0,49.60990521007312,-10.04589515436686,False,False,False,False,True,,0,,,False,False,False,False,,,False,False,False,False,-881.0,-68.71714818226476,False,False,False,False,249.8263713192668,False,False,False,False
2024-01-29 17:00:00+00:00,9.68,10.08,9.68,10.01,497.0,,,,,,,,,,,,,,,,,,,,,,,,"rgba(38, 166, 154, 1.0)",0.0,0.0,,,,0.0,0.0,0.0,0.0,0.0,0.0,0.0,0.0,54.53781165551405,-5.523210349350975,False,False,True,False,True,,0,,,False,False,False,False,,,False,False,False,False,-384.0,-73.6052544119971,False,False,False,False,253.65852060113863,False,False,False,False
2024-01-30 17:00:00+00:00,10.01,10.06,10.01,10.06,52.0,,,,,,,,,,,,,,,,,,,,,,,,"rgba(38, 166, 154, 1.0)",0.0,0.0,,,,0.0,0.0,0.0,0.0,0.0,0.0,0.0,0.0,58.28888397198441,-2.0041462342050735,False,False,True,False,True,,0,,,False,False,False,False,,,False,False,False,False,-332.0,-77.61137449863278,False,False,False,False,250.53203190964808,False,False,False,False
2024-01-31 17:00:00+00:00,10.09,10.22,9.98,9.98,287.0,,,,,,,,,,,,,,,,,,,,,,,,"rgba(239, 83, 80, 1.0)",0.0,0.0,,,,0.0,0.0,0.0,0.0,0.0,0.0,0.0,0.0,59.34260183113007,-0.7925642015740593,False,False,True,False,True,,0,,,False,False,False,False,,,False,False,False,False,-619.0,-86.00499659942918,False,False,False,False,251.09742676376206,False,False,False,False
2024-02-01 17:00:00+00:00,10.27,10.27,9.935,10.02,414.0,,,,,,,,,,,,,,,,,,,,,,,,"rgba(239, 83, 80, 1.0)",0.0,0.0,,10.075000000000001,,0.0,0.0,0.0,0.0,0.0,0.0,0.0,0.0,60.50493517786772,0.7599755228286256,False,False,True,False,True,,0,,,False,False,False,False,,,False,False,False,False,-205.0,-87.84988037308143,False,False,False,False,253.62304805424634,False,False,False,False
2024-02-02 17:00:00+00:00,9.985,10.0,9.7,9.845,644.0,,,,,,,,,,,,,,,,,,,,,,,,"rgba(239, 83, 80, 1.0)",0.0,0.0,,9.937028985507247,,0.0,0.0,0.0,0.0,0.0,0.0,0.0,0.0,58.143405497954504,0.7599755228286256,False,False,True,False,True,,0,,,False,False,False,False,,,False,False,False,False,-849.0,-99.6506574215608,False,False,False,False,259.67540389836654,False,False,False,False
2024-02-05 17:00:00+00:00,9.9,10.01,9.825,9.825,600.0,,,,,,,,,,,,,,,,,,,,,,,,"rgba(239, 83, 80, 1.0)",0.0,0.0,,9.918803779654201,,0.0,0.0,0.0,0.0,0.0,0.0,0.0,0.0,56.232666171540366,0.7599755228286256,False,False,True,False,False,,0,,,False,False,False,False,,,False,False,False,False,-1449.0,-120.57080226773815,False,False,False,False,264.95175422552364,False,False,False,False
2024-02-06 17:00:00+00:00,9.79,9.79,9.75,9.75,724.0,,,,,,,,,,,,,,,,,,,,,,,,"rgba(239, 83, 80, 1.0)",0.0,0.0,,9.87154911838791,,0.0,0.0,0.0,0.0,0.0,0.0,0.0,0.0,53.669291161642334,0.7599755228286256,False,False,True,False,False,,0,,,False,False,False,False,,,False,False,False,False,-2173.0,-152.3914099845174,False,False,False,False,272.0687812917946,False,False,False,False
2024-02-07 17:00:00+00:00,9.75,9.895,9.75,9.81,1741.0,,,,,,,,,,,,,,,,,,,,,,,,"rgba(239, 83, 80, 1.0)",0.0,0.0,,9.849077936777428,,0.0,0.0,0.0,0.0,0.0,0.0,0.0,0.0,53.02886690030703,0.7599755228286256,False,False,True,False,False,,0,,,False,False,False,False,,,False,False,False,False,-432.0,-156.72642688398224,False,False,False,False,294.84290871362725,False,False,False,False
2024-02-08 17:00:00+00:00,9.81,9.82,9.81,9.82,100.0,,,,,,,,,,,,,,,,,,,,,,,,"rgba(239, 83, 80, 1.0)",0.0,0.0,,9.848310442813165,,0.0,0.0,0.0,0.0,0.0,0.0,0.0,0.0,52.78761073622833,0.7599755228286256,False,False,True,False,False,,0,,,False,False,False,False,,,False,False,False,False,-332.0,-159.44384662221506,False,False,False,False,291.8220884234935,False,False,False,False
2024-02-09 17:00:00+00:00,9.82,9.82,9.82,9.82,0.0,,,,,,,,,,,,,,,,,,,,,,,,"rgba(239, 83, 80, 1.0)",0.0,0.0,,9.848310442813165,,0.0,0.0,0.0,0.0,0.0,0.0,0.0,0.0,52.6267732935092,0.7599755228286256,False,False,True,False,False,,0,,,False,False,False,False,,,False,False,False,False,-332.0,-162.11913582187063,False,False,False,False,287.29771495956334,False,False,False,False
2024-02-12 17:00:00+00:00,9.98,9.98,9.95,9.97,8.0,,,,,,,,,,,,,,,,,,,,,,,,"rgba(239, 83, 80, 1.0)",0.0,0.0,,9.848534231466163,,0.0,0.0,0.0,0.0,0.0,0.0,0.0,0.0,55.377678511044806,0.7599755228286256,False,False,True,False,False,,0,,,False,False,False,False,,,False,False,False,False,-324.0,-164.62891666184163,False,False,False,False,282.96751782840727,False,False,False,False
2024-02-13 17:00:00+00:00,9.88,9.88,9.795,9.8,4.0,,,,,,,,,,,,,,,,,,,,,,,,"rgba(239, 83, 80, 1.0)",0.0,0.0,,9.848512003148366,,0.0,0.0,0.0,0.0,0.0,0.0,0.0,0.0,53.427506052249335,0.7599755228286256,False,False,True,False,False,,0,,,False,False,False,False,,,False,False,False,False,-328.0,-167.16180167483634,False,False,False,False,278.64244003261797,False,False,False,False
2024-02-14 17:00:00+00:00,9.8,9.835,9.57,9.57,274.0,,,,,,,,,,,,,,,,,,,,,,,,"rgba(239, 83, 80, 1.0)",0.0,0.0,,9.836955348562135,,0.0,0.0,0.0,0.0,0.0,0.0,0.0,0.0,48.47764305157956,4.453788268705438,False,False,False,True,False,,0,,,False,False,False,False,,,False,False,False,False,-602.0,-173.90347916824973,False,False,False,False,278.57046421815875,False,False,False,False
2024-02-15 17:00:00+00:00,9.57,9.67,9.385,9.385,223.0,,,,,,,,,,,,,,,,,,,,,,,,"rgba(239, 83, 80, 1.0)",0.0,0.0,,9.820133488306565,,0.0,0.0,0.0,0.0,0.0,0.0,0.0,0.0,43.03407620335854,-0.6544591781779943,False,False,False,True,False,,0,,,False,False,False,False,,,False,False,False,False,-825.0,-183.99799887106755,False,False,False,False,277.7089066333811,False,False,False,False
2024-02-16 17:00:00+00:00,9.45,9.45,9.25,9.32,921.0,,,,,,,,,,,,,,,,,,,,,,,,"rgba(239, 83, 80, 1.0)",0.0,0.0,,9.741909015861784,,0.0,0.0,0.0,0.0,0.0,0.0,0.0,0.0,38.74260556971609,-4.554636916338673,False,False,False,True,False,,0,,,False,False,False,False,,,False,False,False,False,-1746.0,-208.2150841598882,False,False,False,False,287.68241195689455,False,False,False,False
2024-02-19 17:00:00+00:00,9.32,9.32,9.32,9.32,0.0,,,,,,,,,,,,,,,,,,,,,,,,"rgba(239, 83, 80, 1.0)",0.0,0.0,,9.741909015861784,,0.0,0.0,0.0,0.0,0.0,0.0,0.0,0.0,35.88162514728779,-7.147202143973622,False,False,False,True,False,,0,,,False,False,False,False,,,False,False,False,False,-1746.0,-232.05671076206045,False,False,False,False,283.2222195234543,False,False,False,False
2024-02-20 17:00:00+00:00,9.19,9.27,9.15,9.19,188.0,,,,,,,,,,,,,,,,,,,,,,,,"rgba(239, 83, 80, 1.0)",0.0,0.0,,9.724574273811562,,0.0,0.0,0.0,0.0,0.0,0.0,0.0,0.0,32.614045239244035,-10.195085244894798,False,False,False,True,False,,0,,,False,False,False,False,,,False,False,False,False,-1934.0,-258.44342842466415,False,False,False,False,281.74590604247055,False,False,False,False
2024-02-21 17:00:00+00:00,9.19,9.23,9.09,9.12,70.0,,,,,,,,,,,,,,,,,,,,,,,,"rgba(239, 83, 80, 1.0)",0.0,0.0,,9.717730502453055,,0.0,0.0,0.0,0.0,0.0,0.0,0.0,0.0,29.77712390501753,-12.895343269774656,False,False,False,True,False,,0,,,False,False,False,False,,,False,False,False,False,-2004.0,-285.5063210072275,False,False,False,False,278.46302377824617,False,False,False,False
2024-02-22 17:00:00+00:00,9.12,9.16,8.98,9.06,587.0,,,,,,,,,,,,,,,,,,,,,,,,"rgba(239, 83, 80, 1.0)",0.0,0.0,,9.658916333230739,,0.0,0.0,0.0,0.0,0.0,0.0,0.0,0.0,27.338887706330354,-15.295392643619564,False,False,False,True,False,,0,,,False,False,False,False,,,False,False,False,False,-2591.0,-321.2504090536271,False,False,False,False,283.2465427894361,False,False,False,False
2024-02-23 17:00:00+00:00,8.86,8.86,8.76,8.76,80.0,,,,,,,,,,,,,,,,,,,,,,,,"rgba(239, 83, 80, 1.0)",0.0,0.0,,9.648389328063242,,0.0,0.0,0.0,0.0,0.0,0.0,0.0,0.0,23.640133712400427,-18.894460456259456,False,False,False,True,False,,0,,,False,False,False,False,,,False,False,False,False,-2671.0,-357.6806352698499,False,False,False,False,280.0954335989022,False,False,False,False
2024-02-26 17:00:00+00:00,8.715,8.72,8.425,8.425,103.0,,,,,,,,,,,,,,,,,,,,,,,,"rgba(239, 83, 80, 1.0)",0.0,0.0,,9.631044504315723,,0.0,0.0,0.0,0.0,0.0,0.0,0.0,0.0,19.77700343809491,-22.6060947803624,False,False,False,True,False,,0,,,False,False,False,False,,,False,False,False,False,-2774.0,-395.1429510021003,False,False,False,False,277.3497679617099,False,False,False,False
2024-02-27 17:00:00+00:00,8.47,8.71,8.47,8.71,100.0,,,,,,,,,,,,,,,,,,,,,,,,"rgba(239, 83, 80, 1.0)",0.0,0.0,,9.616282013469007,,0.0,0.0,0.0,0.0,0.0,0.0,0.0,0.0,23.008535483656,-22.6060947803624,False,False,False,True,True,,0,,,False,False,False,False,,,False,False,False,False,-2674.0,-430.47406804082743,False,False,False,False,274.600159156102,False,False,False,False
2024-02-28 17:00:00+00:00,8.17,8.295,8.145,8.16,452.0,,,,,,,,,,,,,,,,,,,,,,,,"rgba(239, 83, 80, 1.0)",0.0,0.0,,8.863888312825477,,0.0,0.0,0.0,0.0,0.0,0.0,0.0,0.0,22.20867378768176,-22.6060947803624,False,False,False,True,True,,0,,,False,False,False,False,,,False,False,False,False,-3126.0,-472.2651677611247,False,False,False,False,277.35054428546476,False,False,False,False
2024-02-29 17:00:00+00:00,8.17,8.72,8.17,8.47,1691.0,,,,,,,,,,,,,,,,,,,,,,,,"rgba(239, 83, 80, 1.0)",0.0,0.0,,8.862040935984268,,0.0,0.0,0.0,0.0,0.0,0.0,0.0,0.0,25.913478099628833,-22.6060947803624,False,False,False,True,True,,0,,,False,False,False,False,,,False,False,False,False,-1435.0,-487.19128919118475,False,False,False,False,299.2675901104963,False,False,False,False
2024-03-01 17:00:00+00:00,8.85,8.85,8.51,8.51,212.0,,,,,,,,,,,,,,,,,,,,,,,,"rgba(239, 83, 80, 1.0)",0.0,0.0,,8.863966231402365,,0.0,0.0,0.0,0.0,0.0,0.0,0.0,0.0,28.8882877964976,-28.631711189004086,False,False,False,True,True,,0,,,False,False,False,False,,,False,False,False,False,-1223.0,-498.5991761804687,False,False,False,False,297.9146042173103,False,False,False,False
2024-03-04 17:00:00+00:00,8.415,8.5,8.34,8.5,285.0,,,,,,,,,,,,,,,,,,,,,,,,"rgba(239, 83, 80, 1.0)",0.0,0.0,,8.852377756039324,,0.0,0.0,0.0,0.0,0.0,0.0,0.0,0.0,30.797764497205314,-26.59648611392607,False,False,False,True,True,,0,,,False,False,False,False,,,False,False,False,False,-1508.0,-514.2488013559653,False,False,False,False,297.7143777953365,False,False,False,False
2024-03-05 17:00:00+00:00,8.78,9.02,8.75,9.01,247.0,,,,,,,,,,,,,,,,,,,,,,,,"rgba(38, 166, 154, 1.0)",0.0,0.0,,8.869390911234156,,0.0,0.0,0.0,0.0,0.0,0.0,0.0,0.0,37.89013069153033,-19.837107554991306,False,False,False,True,True,,0,,,False,False,False,False,,,False,False,False,False,-1261.0,-525.8263393194387,False,False,False,False,296.92810837215296,False,False,False,False
2024-03-06 17:00:00+00:00,9.08,9.25,9.045,9.25,1360.0,,,,,,,,,,,,,,,,,,,,,,,,"rgba(38, 166, 154, 1.0)",0.0,0.0,,8.978360941259268,,0.0,0.0,0.0,0.0,0.0,0.0,0.0,0.0,44.59691386336009,-13.705025257133414,False,False,False,True,True,,0,,,False,False,False,False,,,False,False,False,False,99.0,-516.1391092524707,False,False,False,False,313.40984312607304,False,False,False,False
2024-03-07 17:00:00+00:00,9.25,9.27,9.25,9.27,131.0,,,,,,,,,,,,,,,,,,,,,,,,"rgba(38, 166, 154, 1.0)",0.0,0.0,,8.986871786460565,,0.0,0.0,0.0,0.0,0.0,0.0,0.0,0.0,49.22875232118359,-9.572101639614523,False,False,False,False,True,,0,,,False,False,False,False,,,False,False,False,False,230.0,-504.571061047006,False,False,False,False,310.58178354272303,False,False,False,False
2024-03-08 17:00:00+00:00,9.675,9.865,9.675,9.865,45.0,,,,,,,,,,,,,,,,,,,,,,,,"rgba(38, 166, 154, 1.0)",0.0,0.0,,9.262888038184814,,0.0,0.0,0.0,0.0,0.0,0.0,0.0,0.0,56.156571176101465,-3.304336009551463,False,False,True,False,True,,0,,,False,False,False,False,,,False,False,False,False,275.0,-492.48468800751755,False,False,False,False,306.4642365110529,False,False,False,False
2024-03-11 17:00:00+00:00,9.865,9.865,9.865,9.865,0.0,,,,,,,,,,,,,,,,,,,,,,,,"rgba(38, 166, 154, 1.0)",0.0,0.0,,9.262888038184814,,0.0,0.0,0.0,0.0,0.0,0.0,0.0,0.0,60.77511707938005,0.8083575269183001,False,False,True,False,True,,0,,,False,False,False,False,,,False,False,False,False,275.0,-480.5857005965483,False,False,False,False,301.7128529992536,False,False,False,False
2024-03-12 17:00:00+00:00,9.85,9.85,9.62,9.62,300.0,,,,,,,,,,,,,,,,,,,,,,,,"rgba(38, 166, 154, 1.0)",0.0,0.0,,9.366786564044542,,0.0,0.0,0.0,0.0,0.0,0.0,0.0,0.0,60.905269561023715,1.0004196277384239,False,False,True,False,True,,0,,,False,False,False,False,,,False,False,False,False,-25.0,-473.522356401253,False,False,False,False,301.68629713880006,False,False,False,False
2024-03-13 17:00:00+00:00,9.555,9.555,9.555,9.555,0.0,,,,,,,,,,,,,,,,,,,,,,,,"rgba(38, 166, 154, 1.0)",0.0,0.0,,9.366786564044542,,0.0,0.0,0.0,0.0,0.0,0.0,0.0,0.0,60.251048189012536,1.0004196277384239,True,False,True,False,True,,0,,,False,False,False,False,,,False,False,False,False,-25.0,-466.56852141828784,False,False,False,False,297.00899020641555,False,False,False,False
2024-03-14 17:00:00+00:00,9.555,9.555,9.555,9.555,0.0,,,,,,,,,,,,,,,,,,,,,,,,"rgba(38, 166, 154, 1.0)",0.0,0.0,,9.366786564044542,,0.0,0.0,0.0,0.0,0.0,0.0,0.0,0.0,59.814900607671746,1.0004196277384239,True,False,True,False,True,,0,,,False,False,False,False,,,False,False,False,False,-25.0,-459.7224978304074,False,False,False,False,292.40419966057965,False,False,False,False
2024-03-15 17:00:00+00:00,9.42,9.76,9.34,9.75,2805.0,,,,,,,,,,,,,,,,,,,,,,,,"rgba(38, 166, 154, 1.0)",0.0,0.0,,9.422066852681853,,0.0,0.0,0.0,0.0,0.0,0.0,0.0,0.0,61.18366031087955,2.813411698814818,True,False,True,False,True,,0,,,False,False,False,False,,,False,False,False,False,2780.0,-409.49424205009103,False,False,False,False,331.3591733092528,False,False,False,False
2024-03-18 17:00:00+00:00,9.69,9.69,9.69,9.69,0.0,,,,,,,,,,,,,,,,,,,,,,,,"rgba(38, 166, 154, 1.0)",0.0,0.0,,9.422066852681853,,0.0,0.0,0.0,0.0,0.0,0.0,0.0,0.0,61.237846619379695,3.5741999806454956,True,False,True,False,True,,0,,,False,False,False,False,,,False,False,False,False,2780.0,-360.0447189175315,False,False,False,False,326.22182178507836,False,False,False,False
2024-03-19 17:00:00+00:00,9.62,9.62,9.435,9.435,200.0,,,,,,,,,,,,,,,,,,,,,,,,"rgba(38, 166, 154, 1.0)",0.0,0.0,,9.421322434394716,,0.0,0.0,0.0,0.0,0.0,0.0,0.0,0.0,57.97151351594538,3.5741999806454956,True,False,True,False,False,,0,,,False,False,False,False,,,False,False,False,False,2580.0,-314.4626302521434,False,False,False,False,324.2648943155422,False,False,False,False
2024-03-20 17:00:00+00:00,9.1,9.435,9.1,9.385,220.0,,,,,,,,,,,,,,,,,,,,,,,,"rgba(38, 166, 154, 1.0)",0.0,0.0,,9.412924648353028,,0.0,0.0,0.0,0.0,0.0,0.0,0.0,0.0,55.20413671802917,3.5741999806454956,True,False,True,False,False,,0,,,False,False,False,False,,,False,False,False,False,2360.0,-272.9980933490094,False,False,False,False,322.648384326154,False,False,False,False
2024-03-21 17:00:00+00:00,9.385,9.385,9.385,9.385,0.0,,,,,,,,,,,,,,,,,,,,,,,,"rgba(38, 166, 154, 1.0)",0.0,0.0,,9.412924648353028,,0.0,0.0,0.0,0.0,0.0,0.0,0.0,0.0,53.359218852751695,10.023413704427917,True,False,True,False,False,,0,,,False,False,False,False,,,False,False,False,False,2360.0,-232.1764174831333,False,False,False,False,317.64608379396554,False,False,False,False
2024-03-22 17:00:00+00:00,9.385,9.385,9.2,9.2,6.0,,,,,,,,,,,,,,,,,,,,,,,,"rgba(38, 166, 154, 1.0)",0.0,0.0,,9.41266027823822,,0.0,0.0,0.0,0.0,0.0,0.0,0.0,0.0,49.83227618776557,6.4045347328139925,True,False,False,False,False,,0,,,False,False,False,False,,,False,False,False,False,2354.0,-192.08065907254206,False,False,False,False,312.8143615646017,False,False,False,False
2024-03-25 17:00:00+00:00,9.2,9.2,9.2,9.2,0.0,,,,,,,,,,,,,,,,,,,,,,,,"rgba(38, 166, 154, 1.0)",0.0,0.0,,9.41266027823822,,0.0,0.0,0.0,0.0,0.0,0.0,0.0,0.0,47.48098107777483,3.966639555778592,False,False,False,True,False,0.0,0,,,False,False,False,False,,,False,False,False,False,2354.0,-152.60654032723133,False,False,False,False,307.9645265015846,False,False,False,False
2024-03-26 17:00:00+00:00,9.26,9.26,9.26,9.26,0.0,,,,,,,,,,,,,,,,,,,,,,,,"rgba(38, 166, 154, 1.0)",0.0,0.0,,9.41266027823822,,0.0,0.0,0.0,0.0,0.0,0.0,0.0,0.0,46.94114259496847,3.165934539224139,False,False,False,True,False,0.0,0,,,False,False,False,False,,,False,False,False,False,2354.0,-113.74442342293315,False,False,False,False,303.1898826798546,False,False,False,False
2024-03-27 17:00:00+00:00,9.1,9.38,9.1,9.38,111.0,,,,,,,,,,,,,,,,,,,,,,,,"rgba(38, 166, 154, 1.0)",0.0,0.0,,9.408442444821944,,0.0,0.0,0.0,0.0,0.0,0.0,0.0,0.0,48.53243068872095,3.165934539224139,True,False,False,False,False,0.0,0,,,False,False,False,False,,,False,False,False,False,2465.0,-73.76388972645356,False,False,False,False,300.2101945762909,False,False,False,False
2024-03-28 17:00:00+00:00,9.15,9.15,8.57,8.57,200.0,,,,,,,,,,,,,,,,,,,,,,,,"rgba(239, 83, 80, 1.0)",0.0,0.0,,9.383041970324985,,0.0,0.0,0.0,0.0,0.0,0.0,0.0,0.0,41.821116554926945,-1.9428596851982292,False,False,False,True,False,0.0,0,,,False,False,False,False,,,False,False,False,False,2265.0,-37.50398445937675,False,False,False,False,298.6565481487515,False,False,False,False
2024-03-29 17:00:00+00:00,8.57,8.57,8.57,8.57,0.0,,,,,,,,,,,,,,,,,,,,,,,,"rgba(239, 83, 80, 1.0)",0.0,0.0,,9.383041970324985,,0.0,0.0,0.0,0.0,0.0,0.0,0.0,0.0,37.346907132397604,-6.0475375858773575,False,True,False,True,False,0.0,0,,,False,False,False,False,,,False,False,False,False,2265.0,-1.8062482662081152,False,False,False,False,294.02621406892587,False,False,False,False
2024-04-01 17:00:00+00:00,8.575,8.65,8.15,8.15,1652.0,,,,,,,,,,,,,,,,,,,,,,,,"rgba(239, 83, 80, 1.0)",0.0,0.0,,9.140957829257006,,0.0,0.0,0.0,0.0,0.0,0.0,0.0,0.0,32.20274922319151,-10.70500174144771,False,True,False,True,False,0.0,0,,,False,False,False,False,,,False,False,False,False,613.0,7.72563155187263,False,False,False,False,315.080071215144,False,False,False,False
2024-04-02 17:00:00+00:00,8.1,8.27,8.1,8.25,923.0,,,,,,,,,,,,,,,,,,,,,,,,"rgba(239, 83, 80, 1.0)",0.0,0.0,,9.04157286139872,,0.0,0.0,0.0,0.0,0.0,0.0,0.0,0.0,30.27342394272528,-12.413600452954874,False,True,False,True,False,0.0,0,,,False,False,False,False,,,False,False,False,False,1536.0,31.419807806882357,False,False,False,False,324.505186390103,False,False,False,False
2024-04-03 17:00:00+00:00,8.01,8.01,7.81,7.93,1000.0,,,,,,,,,,,,,,,,,,,,,,,,"rgba(239, 83, 80, 1.0)",0.0,0.0,,8.928259182035097,,0.0,0.0,0.0,0.0,0.0,0.0,0.0,0.0,27.474263950543218,-15.084098465957723,False,True,False,True,False,0.0,0,,,False,False,False,False,,,False,False,False,False,536.0,39.24275652305472,False,False,False,False,334.9779741980084,False,False,False,False
2024-04-04 17:00:00+00:00,8.0,8.0,7.96,7.96,233.0,,,,,,,,,,,,,,,,,,,,,,,,"rgba(239, 83, 80, 1.0)",0.0,0.0,,8.90674630475213,,0.0,0.0,0.0,0.0,0.0,0.0,0.0,0.0,26.07169408664115,-16.56173318013485,False,True,False,True,False,0.0,0,,,False,False,False,False,,,False,False,False,False,769.0,50.55682231339496,False,False,False,False,333.39692033447335,False,False,False,False
2024-04-05 17:00:00+00:00,7.85,7.95,7.85,7.95,100.0,,,,,,,,,,,,,,,,,,,,,,,,"rgba(239, 83, 80, 1.0)",0.0,0.0,,8.89728773743168,,0.0,0.0,0.0,0.0,0.0,0.0,0.0,0.0,25.085222607307443,-17.79226192504018,False,True,False,True,False,0.0,0,,,False,False,False,False,,,False,False,False,False,669.0,60.14508863411752,False,False,False,False,329.7783634300629,False,False,False,False
2024-04-08 17:00:00+00:00,7.91,7.91,7.71,7.755,313.0,,,,,,,,,,,,,,,,,,,,,,,,"rgba(239, 83, 80, 1.0)",0.0,0.0,,8.865236287905649,,0.0,0.0,0.0,0.0,0.0,0.0,0.0,0.0,23.449233146635574,-19.705749708316798,False,True,False,True,False,0.0,0,,,False,False,False,False,,,False,False,False,False,356.0,64.73198648475136,False,False,False,False,329.5182337644805,False,False,False,False
2024-04-09 17:00:00+00:00,7.875,7.92,7.875,7.92,149.0,,,,,,,,,,,,,,,,,,,,,,,,"rgba(239, 83, 80, 1.0)",0.0,0.0,,8.852271444881604,,0.0,0.0,0.0,0.0,0.0,0.0,0.0,0.0,25.228134424997954,-19.705749708316798,False,True,False,True,False,0.0,0,,,False,False,False,False,,,False,False,False,False,505.0,71.55784715940638,False,False,False,False,326.7195014580544,False,False,False,False
2024-04-10 17:00:00+00:00,7.92,7.92,7.82,7.85,1200.0,,,,,,,,,,,,,,,,,,,,,,,,"rgba(239, 83, 80, 1.0)",0.0,0.0,,8.756289059296355,,0.0,0.0,0.0,0.0,0.0,0.0,0.0,0.0,25.944349978271646,-19.705749708316798,False,True,False,True,False,0.0,0,,,False,False,False,False,,,False,False,False,False,-695.0,59.67322937398922,False,False,False,False,340.2587339935884,False,False,False,False
2024-04-11 17:00:00+00:00,7.8,7.915,7.76,7.915,199.0,,,,,,,,,,,,,,,,,,,,,,,,"rgba(239, 83, 80, 1.0)",0.0,0.0,,8.742310068559673,,0.0,0.0,0.0,0.0,0.0,0.0,0.0,0.0,27.599543838398162,-19.705749708316798,False,True,False,True,True,0.0,0,,,False,False,False,False,,,False,False,False,False,-496.0,51.05814054648551,False,False,False,False,338.0686761022149,False,False,False,False
2024-04-12 17:00:00+00:00,7.89,7.97,7.89,7.97,1.0,,,,,,,,,,,,,,,,,,,,,,,,"rgba(239, 83, 80, 1.0)",0.0,0.0,,8.742247571422183,,0.0,0.0,0.0,0.0,0.0,0.0,0.0,0.0,29.72235301497451,-19.705749708316798,False,True,False,True,True,0.0,0,,,False,False,False,False,,,False,False,False,False,-495.0,42.592122863594255,False,False,False,False,332.8428051548937,False,False,False,False
2024-04-15 17:00:00+00:00,7.72,7.72,7.575,7.64,700.0,,,,,,,,,,,,,,,,,,,,,,,,"rgba(239, 83, 80, 1.0)",0.0,0.0,,8.684900988215052,,0.0,0.0,0.0,0.0,0.0,0.0,0.0,0.0,28.53291314567261,-19.705749708316798,False,True,False,True,True,0.0,0,,,False,False,False,False,,,False,False,False,False,-1195.0,23.404648090515273,False,False,False,False,338.53516476489534,False,False,False,False
2024-04-16 17:00:00+00:00,7.01,7.28,7.01,7.28,234.0,,,,,,,,,,,,,,,,,,,,,,,,"rgba(239, 83, 80, 1.0)",0.0,0.0,,8.365291589307885,,0.0,0.0,0.0,0.0,0.0,0.0,0.0,0.0,25.820566528830685,-19.705749708316798,False,True,False,True,False,0.0,0,,,False,False,False,False,,,False,False,False,False,-1429.0,0.8867465697320895,False,False,False,False,336.91446453598223,False,False,False,False
2024-04-17 17:00:00+00:00,7.245,7.255,7.09,7.13,968.0,,,,,,,,,,,,,,,,,,,,,,,,"rgba(239, 83, 80, 1.0)",0.0,0.0,,8.280694899748058,,0.0,0.0,0.0,0.0,0.0,0.0,0.0,0.0,23.376342182311404,-21.3565944481941,False,True,False,True,False,0.0,0,,,False,False,False,False,,,False,False,False,False,-2397.0,-36.28979213677538,False,False,False,False,346.6987364036414,False,False,False,False
2024-04-18 17:00:00+00:00,7.13,7.3,7.13,7.3,3.0,,,,,,,,,,,,,,,,,,,,,,,,"rgba(239, 83, 80, 1.0)",0.0,0.0,,8.280519605205276,,0.0,0.0,0.0,0.0,0.0,0.0,0.0,0.0,24.642245749919663,-21.3565944481941,False,True,False,True,False,0.0,0,,,False,False,False,False,,,False,False,False,False,-2394.0,-72.84343877031375,False,False,False,False,341.37007382374,False,False,False,False
2024-04-19 17:00:00+00:00,7.68,7.68,7.68,7.68,0.0,,,,,,,,,,,,,,,,,,,,,,,,"rgba(239, 83, 80, 1.0)",0.0,0.0,,8.280519605205276,,0.0,0.0,0.0,0.0,0.0,0.0,0.0,0.0,30.61653587767741,-24.86592946475109,False,True,False,True,True,0.0,0,,,False,False,False,False,,,False,False,False,False,-2394.0,-108.83036220023136,False,False,False,False,336.07751453965096,False,False,False,False
2024-04-22 17:00:00+00:00,7.72,7.845,7.705,7.705,180.0,,,,,,,,,,,,,,,,,,,,,,,,"rgba(239, 83, 80, 1.0)",0.0,0.0,,8.288130485859535,,0.0,0.0,0.0,0.0,0.0,0.0,0.0,0.0,34.89424877201809,-21.0030843108499,False,True,False,True,True,0.0,0,,,False,False,False,False,,,False,False,False,False,-2214.0,-141.46865115836732,False,False,False,False,333.6577081126796,False,False,False,False
2024-04-23 17:00:00+00:00,8.04,8.085,8.04,8.085,62.0,,,,,,,,,,,,,,,,,,,,,,,,"rgba(38, 166, 154, 1.0)",0.0,0.0,,8.256443235904003,,0.0,0.0,0.0,0.0,0.0,0.0,0.0,0.0,41.67552964538214,-14.929553555388807,False,False,False,True,True,0.0,0,,,False,False,False,False,,,False,False,False,False,-2152.0,-172.63967982257867,False,False,False,False,329.4459607000799,False,False,False,False
2024-04-24 17:00:00+00:00,8.085,8.085,7.725,7.725,200.0,,,,,,,,,,,,,,,,,,,,,,,,"rgba(38, 166, 154, 1.0)",0.0,0.0,,8.177846459876395,,0.0,0.0,0.0,0.0,0.0,0.0,0.0,0.0,42.849223881603805,-14.061985490216365,False,False,False,True,True,0.0,0,,,False,False,False,False,,,False,False,False,False,-2352.0,-206.42821191835264,False,False,False,False,327.4390465806988,False,False,False,False
2024-04-25 17:00:00+00:00,7.725,7.725,7.725,7.725,29.0,,,,,,,,,,,,,,,,,,,,,,,,"rgba(38, 166, 154, 1.0)",0.0,0.0,,8.173278351419228,,0.0,0.0,0.0,0.0,0.0,0.0,0.0,0.0,43.63168670575158,-13.277241323082066,True,False,False,True,True,0.0,0,,,False,False,False,False,,,False,False,False,False,-2352.0,-239.69289080333942,False,False,False,False,322.81208461820734,False,False,False,False
2024-04-26 17:00:00+00:00,7.71,7.8,7.54,7.54,252.0,,,,,,,,,,,,,,,,,,,,,,,,"rgba(38, 166, 154, 1.0)",0.0,0.0,,8.137995078456168,,0.0,0.0,0.0,0.0,0.0,0.0,0.0,0.0,42.56043709980962,-13.277241323082066,False,False,False,True,True,0.0,0,,,False,False,False,False,,,False,False,False,False,-2604.0,-276.34881497693107,False,False,False,False,321.71422284118086,False,False,False,False
2024-04-29 17:00:00+00:00,7.13,7.2,7.12,7.125,594.0,,,,,,,,,,,,,,,,,,,,,,,,"rgba(239, 83, 80, 1.0)",0.0,0.0,0.8671112858116784,8.009728470247088,-1.020317097382626,0.0,0.0,0.0,0.0,0.0,0.0,0.0,0.0,39.008574510463006,-13.277241323082066,False,False,False,True,False,0.0,0,,,False,False,False,False,,,False,False,False,False,-3198.0,-321.64573257418795,False,False,False,False,325.93570775837185,True,False,False,False
2024-04-30 17:00:00+00:00,7.22,7.405,7.22,7.25,360.0,,,,,,,,,,,,,,,,,,,,,,,,"rgba(239, 83, 80, 1.0)",0.0,0.0,0.885076410403222,7.985146036592099,-0.8306017739837654,0.0,0.0,0.0,0.0,0.0,0.0,0.0,0.0,38.152771657984175,-13.277241323082066,False,False,False,True,False,0.0,0,,,False,False,False,False,,,False,False,False,False,-2838.0,-360.65897703040207,False,False,False,False,326.46383632025754,False,False,False,False
2024-05-01 17:00:00+00:00,7.245,7.365,7.18,7.18,1388.0,,,,,,,,,,,,,,,,,,,,,,,,"rgba(239, 83, 80, 1.0)",0.0,0.0,0.9051360059069519,7.907529522364121,-0.8037792305424115,0.0,0.0,0.0,0.0,0.0,0.0,0.0,0.0,37.09297162399065,-13.277241323082066,False,True,False,True,False,0.0,0,,,False,False,False,False,,,False,False,False,False,-4226.0,-420.5867448283803,False,False,False,False,342.9217613385481,False,False,False,False
2024-05-02 17:00:00+00:00,7.25,7.28,7.25,7.28,500.0,,,,,,,,,,,,,,,,,,,,,,,,"rgba(239, 83, 80, 1.0)",0.0,0.0,0.9219338859647641,7.8884589284771565,-0.6599810872993677,0.0,0.0,0.0,0.0,0.0,0.0,0.0,0.0,37.70425982533908,-13.277241323082066,False,False,False,True,False,0.0,0,,,False,False,False,False,,,False,False,False,False,-3726.0,-471.833461962824,False,False,False,False,345.357082868183,False,False,False,False
2024-05-03 17:00:00+00:00,7.49,7.49,7.39,7.39,133.0,,,,,,,,,,,,,,,,,,,,,,,,"rgba(239, 83, 80, 1.0)",0.0,0.0,0.9325676411957504,7.886562854481143,-0.5324684586358199,0.0,0.0,0.0,0.0,0.0,0.0,0.0,0.0,39.5362666531347,-13.277241323082066,False,False,False,True,False,0.0,0,,,False,False,False,False,,,False,False,False,False,-3593.0,-520.2236408471213,False,False,False,False,342.06472499425763,False,False,False,False
2024-05-06 17:00:00+00:00,7.27,7.3,7.25,7.25,104.0,,,,,,,,,,,,,,,,,,,,,,,,"rgba(239, 83, 80, 1.0)",0.0,0.0,0.9465432748539138,7.882765337170109,-0.6685012233252279,0.0,0.0,0.0,0.0,0.0,0.0,0.0,0.0,39.4462687704811,-13.277241323082066,False,False,False,True,False,0.0,0,,,False,False,False,False,,,False,False,False,False,-3697.0,-569.4759875006542,False,False,False,False,338.3737990253544,False,False,False,False
2024-05-07 17:00:00+00:00,7.17,7.21,7.135,7.15,393.0,,,,,,,,,,,,,,,,,,,,,,,,"rgba(239, 83, 80, 1.0)",0.0,0.0,0.9539605776885041,7.863831169116979,-0.7482816227549244,0.0,0.0,0.0,0.0,0.0,0.0,0.0,0.0,38.49378655428984,-13.277241323082066,False,False,False,True,False,0.0,0,,,False,False,False,False,,,False,False,False,False,-4090.0,-624.0577551363031,False,False,False,False,339.2207168699225,False,False,False,False
2024-05-08 17:00:00+00:00,7.22,7.44,7.22,7.44,597.0,,,,,,,,,,,,,,,,,,,,,,,,"rgba(239, 83, 80, 1.0)",0.0,0.0,0.9605851585605762,7.851788552626741,-0.42868510819363476,0.0,0.0,0.0,0.0,0.0,0.0,0.0,0.0,41.70526693695168,-13.003244405601976,False,False,False,True,True,0.0,0,,,False,False,False,False,,,False,False,False,False,-3493.0,-668.5374798628719,False,False,False,False,343.21729490294695,False,False,False,False
2024-05-09 17:00:00+00:00,7.74,7.74,7.655,7.655,13.0,,,,,,,,,,,,,,,,,,,,,,,,"rgba(239, 83, 80, 1.0)",0.0,0.0,0.9615256177104768,7.852003016502975,-0.20488587394277183,0.0,0.0,0.0,0.0,0.0,0.0,0.0,0.0,46.124766388344156,-8.769417583463053,True,False,False,True,True,0.0,0,,,False,False,False,False,,,False,False,False,False,-3480.0,-712.1260460665483,False,False,False,False,338.09764691995554,False,False,False,False
2024-05-10 17:00:00+00:00,7.34,7.34,7.34,7.34,0.0,,,,,,,,,,,,,,,,,,,,,,,,"rgba(239, 83, 80, 1.0)",0.0,0.0,0.9669759772303246,7.852003016502975,-0.529488868968066,0.0,0.0,0.0,0.0,0.0,0.0,0.0,0.0,45.80177248388405,-8.769417583463053,True,False,False,True,True,0.0,0,,,False,False,False,False,,,False,False,False,False,-3480.0,-755.0388205461367,False,False,False,False,332.8558229367004,False,False,False,False
2024-05-13 17:00:00+00:00,7.42,7.45,7.42,7.45,10.0,,,,,,,,,,,,,,,,,,,,,,,,"rgba(239, 83, 80, 1.0)",0.0,0.0,0.9638775762419118,7.8518860175200205,-0.4169471595002184,0.0,0.0,0.0,0.0,0.0,0.0,0.0,0.0,46.784070523042374,-7.941155916681986,True,False,False,True,True,0.0,0,,,False,False,False,False,,,False,False,False,False,-3470.0,-797.1312419330183,False,False,False,False,327.8503063020229,False,False,False,False
2024-05-14 17:00:00+00:00,7.625,7.74,7.625,7.74,54.0,,,,,,,,,,,,,,,,,,,,,,,,"rgba(239, 83, 80, 1.0)",0.0,0.0,0.9544311923344194,7.852865701918889,-0.11825441459308676,0.0,0.0,0.0,0.0,0.0,0.0,0.0,0.0,50.21827089302829,-4.581801696423213,True,False,False,False,True,0.0,0,,,False,False,False,False,,,False,False,False,False,-3416.0,-837.7338583371575,False,False,False,False,323.60456511904573,False,False,False,False
2024-05-15 17:00:00+00:00,7.765,7.765,7.6,7.61,486.0,,,,,,,,,,,,,,,,,,,,,,,,"rgba(239, 83, 80, 1.0)",0.0,0.0,0.9471801297526247,7.858041973492313,-0.261874131119171,0.0,0.0,0.0,0.0,0.0,0.0,0.0,0.0,51.06488244189465,-3.6757499346908062,True,False,False,False,True,0.0,0,,,False,False,False,False,,,False,False,False,False,-3902.0,-885.2418605334806,False,False,False,False,326.1223237993706,False,False,False,False
2024-05-16 17:00:00+00:00,7.84,7.9,7.84,7.89,59.0,,,,,,,,,,,,,,,,,,,,,,,,"rgba(38, 166, 154, 1.0)",0.0,0.0,0.9347833877332131,7.859894290923952,0.03220608054348484,0.0,0.0,0.0,0.0,0.0,0.0,0.0,0.0,54.07345489950645,-0.7403676915424953,True,False,True,False,True,0.0,0,,,False,False,False,False,,,False,False,False,False,-3843.0,-931.0985758740467,False,False,False,False,321.98089242263615,False,False,False,False
2024-05-17 17:00:00+00:00,7.8,7.81,7.755,7.8,1532.0,,,,,,,,,,,,,,,,,,,,,,,,"rgba(38, 166, 154, 1.0)",0.0,0.0,0.9258540590928677,7.883242409626211,-0.08990878077239364,0.0,0.0,0.0,0.0,0.0,0.0,0.0,0.0,55.01470552463686,0.25246903746019456,True,False,True,False,True,0.0,0,,,False,False,False,False,,,False,False,False,False,-5375.0,-999.9962723721235,False,False,False,False,340.74087858662625,False,False,False,False
2024-05-20 17:00:00+00:00,7.68,7.755,7.68,7.75,275.0,,,,,,,,,,,,,,,,,,,,,,,,"rgba(38, 166, 154, 1.0)",0.0,0.0,0.9169352448473359,7.884515131176165,-0.14670079695601773,0.0,0.0,0.0,0.0,0.0,0.0,0.0,0.0,55.03252150067838,0.4920079818628835,True,False,True,False,True,0.0,0,,,False,False,False,False,,,False,False,False,False,-5650.0,-1072.0893534206177,False,False,False,False,339.7216401589266,False,False,False,False
2024-05-21 17:00:00+00:00,7.785,7.83,7.775,7.8,1817.0,,,,,,,,,,,,,,,,,,,,,,,,"rgba(38, 166, 154, 1.0)",0.0,0.0,0.908058055650867,7.897361061468511,-0.10721898326063098,0.0,0.0,0.0,0.0,0.0,0.0,0.0,0.0,55.56714642689109,1.2966936559581015,True,False,True,False,True,0.0,0,,,False,False,False,False,,,False,False,False,False,-3833.0,-1114.8941696466545,False,False,False,False,362.6251806215789,False,False,False,False
2024-05-22 17:00:00+00:00,7.885,7.9,7.88,7.9,344.0,,,,,,,,,,,,,,,,,,,,,,,,"rgba(38, 166, 154, 1.0)",0.0,0.0,0.8962381490540449,7.900965124068924,-0.0010768611779609788,0.0,0.0,0.0,0.0,0.0,0.0,0.0,0.0,56.97604100196966,2.908355763010931,True,False,True,False,True,0.0,0,,,False,False,False,False,,,False,False,False,False,-3489.0,-1151.7020119777142,False,False,False,False,362.33641813132186,False,False,False,False
2024-05-23 17:00:00+00:00,8.24,8.92,8.24,8.77,551.0,,,,,,,,,,,,,,,,,,,,,,,,"rgba(38, 166, 154, 1.0)",0.0,0.0,0.8823107611716405,7.933078011580095,0.9485569316966469,0.0,0.0,0.0,0.0,0.0,0.0,0.0,0.0,63.4920604944153,9.065251936233885,True,False,True,False,True,2.9293684653124146,0,,,False,False,False,False,,,False,False,False,False,-2938.0,-1179.396554427672,False,False,False,False,365.26143490447964,False,False,False,False
2024-05-24 17:00:00+00:00,9.23,9.45,9.23,9.36,580.0,,,,,,,,,,,,,,,,,,,,,,,,"rgba(38, 166, 154, 1.0)",0.0,0.0,0.8739723695304693,7.989220629948371,1.5684470331574238,0.0,0.0,0.0,0.0,0.0,0.0,0.0,0.0,69.72170797567506,14.61916808739241,True,False,True,False,True,7.984169387662185,0,,,False,False,False,False,,,False,False,False,False,-2358.0,-1197.6694760644525,False,False,False,False,368.5907149834799,False,False,False,False
2024-05-27 17:00:00+00:00,9.36,9.36,9.36,9.36,0.0,,,,,,,,,,,,,,,,,,,,,,,,"rgba(38, 166, 154, 1.0)",0.0,0.0,0.8620055861945624,7.989220629948371,1.590220982329262,0.0,0.0,0.0,0.0,0.0,0.0,0.0,0.0,73.87480629651489,18.12859012041477,True,False,True,False,True,7.984169387662185,0,,,False,False,False,False,,,False,False,False,False,-2358.0,-1215.659096590585,False,False,False,False,362.87613025505385,False,False,False,False
2024-05-28 17:00:00+00:00,9.78,9.78,9.405,9.405,100.0,,,,,,,,,,,,,,,,,,,,,,,,"rgba(38, 166, 154, 1.0)",0.0,0.0,0.8545158104273265,7.999523681194032,1.644763387236939,0.0,0.0,0.0,0.0,0.0,0.0,0.0,0.0,76.77855840884472,20.559862844352438,True,False,True,False,True,8.355378972857896,0,,,False,False,False,False,,,False,False,False,False,-2258.0,-1231.819420674452,False,False,False,False,358.80053133637085,False,False,False,False
2024-05-29 17:00:00+00:00,9.56,9.56,9.46,9.46,400.0,,,,,,,,,,,,,,,,,,,,,,,,"rgba(38, 166, 154, 1.0)",0.0,0.0,0.8525650380728408,8.038307073407433,1.667547768327679,0.0,0.0,0.0,0.0,0.0,0.0,0.0,0.0,78.89032625024949,22.406814915625432,True,False,True,False,True,8.812615687415391,0,,,False,False,False,False,,,False,False,False,False,-1858.0,-1241.527646710507,False,False,False,False,359.43928278852013,False,False,False,False
2024-05-30 17:00:00+00:00,9.72,10.59,9.72,10.195,3290.0,,,,,,,,,,,,,,,,,,,,,,,,"rgba(38, 166, 154, 1.0)",0.0,0.0,0.870233928372188,8.396900525973946,2.066225431349799,0.0,0.0,0.0,0.0,0.0,0.0,0.0,0.0,82.06012967980755,25.349496362728317,True,False,True,False,True,14.4751194989047,0,,,False,False,False,False,,,False,False,False,False,1432.0,-1200.0776056762356,False,False,False,False,404.8743326677679,False,False,False,False
2024-05-31 17:00:00+00:00,11.305,11.37,11.01,11.31,3333.0,,,,,,,,,,,,,,,,,,,,,,,,"rgba(38, 166, 154, 1.0)",0.0,0.0,0.9269973954500474,9.097728740637406,2.386491343148338,0.0,0.0,0.0,0.0,0.0,0.0,0.0,0.0,85.51976045173149,28.586231321371727,True,False,True,False,True,20.0,0,,,False,False,False,False,,,False,False,False,False,4765.0,-1107.595782332418,False,True,False,False,450.27162983570946,False,False,False,False
2024-06-03 17:00:00+00:00,10.73,10.73,10.29,10.29,362.0,,,,,,,,,,,,,,,,,,,,,,,,"rgba(38, 166, 154, 1.0)",0.0,0.0,0.9461307977687264,9.109120994192322,1.2481139062300484,0.0,0.0,0.0,0.0,0.0,0.0,0.0,0.0,79.69721989025149,28.586231321371727,True,False,True,False,False,12.05039640481617,0,,,False,False,False,False,,,False,False,False,False,4403.0,-1022.1601888078844,False,False,False,False,448.9030774351558,False,False,False,False
2024-06-04 17:00:00+00:00,10.58,10.58,10.31,10.31,185.0,,,,,,,,,,,,,,,,,,,,,,,,"rgba(38, 166, 154, 1.0)",0.0,0.0,0.9666738505480188,9.114924645651147,1.2362756618184625,0.0,0.0,0.0,0.0,0.0,0.0,0.0,0.0,75.87714080628503,33.63144261812009,True,False,True,False,False,12.17411301811362,0,,,False,False,False,False,,,False,False,False,False,4588.0,-935.1809610744289,False,False,False,False,444.81155685476574,False,False,False,False
2024-06-05 17:00:00+00:00,10.15,10.22,9.805,10.22,515.0,,,,,,,,,,,,,,,,,,,,,,,,"rgba(38, 166, 154, 1.0)",0.0,0.0,0.9850041157823191,9.121859960257948,1.1148583261196603,0.0,0.0,0.0,0.0,0.0,0.0,0.0,0.0,72.68314638593353,30.68552770815731,True,False,True,False,False,11.394449340403707,0,,,False,False,False,False,,,False,False,False,False,4073.0,-857.5347446236625,False,False,False,False,445.8997497717461,False,False,False,False
2024-06-06 17:00:00+00:00,10.23,10.23,10.0,10.0,314.0,,,,,,,,,,,,,,,,,,,,,,,,"rgba(38, 166, 154, 1.0)",0.0,0.0,0.9984498029490562,9.127151351857139,0.8742038363518979,0.0,0.0,0.0,0.0,0.0,0.0,0.0,0.0,68.94997592812263,27.164349929887337,True,False,True,False,False,9.509161555817954,0,,,False,False,False,False,,,False,False,False,False,3759.0,-785.9605625364738,False,False,False,False,443.8547924109438,False,False,False,False
2024-06-07 17:00:00+00:00,9.83,9.83,9.83,9.83,0.0,,,,,,,,,,,,,,,,,,,,,,,,"rgba(239, 83, 80, 1.0)",0.0,0.0,1.0099879715633762,9.127151351857139,0.6958980383250616,0.0,0.0,0.0,0.0,0.0,0.0,0.0,0.0,65.24487910875092,23.63686314728841,True,False,True,False,False,8.079653347837276,0,,,False,False,False,False,,,False,False,False,False,3759.0,-715.496057690947,False,False,False,False,436.9733227611617,False,False,False,False
2024-06-10 17:00:00+00:00,9.83,9.83,8.85,8.85,395.0,,,,,,,,,,,,,,,,,,,,,,,,"rgba(239, 83, 80, 1.0)",0.0,0.0,1.0107489106402048,9.113994580695707,-0.26118710385598504,0.0,0.0,0.0,0.0,0.0,0.0,0.0,0.0,57.41697799675755,16.36974320848745,True,False,True,False,False,0.5611326706341728,0,,,False,False,False,False,,,False,False,False,False,3364.0,-652.2480567965138,False,False,False,False,436.3225735710662,False,False,False,False
2024-06-11 17:00:00+00:00,8.69,8.86,8.69,8.775,104.0,,,,,,,,,,,,,,,,,,,,,,,,"rgba(239, 83, 80, 1.0)",0.0,0.0,1.0109536350655517,9.108536721720895,-0.3299228670356065,0.0,0.0,0.0,0.0,0.0,0.0,0.0,0.0,51.873071305249596,11.381016528504233,False,False,False,False,False,0.030875137996826396,0,,,False,False,False,False,,,False,False,False,False,3260.0,-591.5930481640097,False,False,False,False,431.17028560872404,False,False,False,False
2024-06-12 17:00:00+00:00,8.775,8.905,8.355,8.44,260.0,,,,,,,,,,,,,,,,,,,,,,,,"rgba(239, 83, 80, 1.0)",0.0,0.0,1.0101703406441498,9.092715316662574,-0.6461438139693952,0.0,0.0,0.0,0.0,0.0,0.0,0.0,0.0,46.7484418844423,6.74384744822332,False,False,False,True,False,0.0,0,,,False,False,False,False,,,False,False,False,False,3000.0,-535.9094350141801,False,False,False,False,428.5164827310694,False,False,False,False
2024-06-13 17:00:00+00:00,8.09,8.11,8.055,8.1,79.0,,,,,,,,,,,,,,,,,,,,,,,,"rgba(239, 83, 80, 1.0)",0.0,0.0,1.0112764790684678,9.086061478455846,-0.9750661652530002,0.0,0.0,0.0,0.0,0.0,0.0,0.0,0.0,42.028582047321976,2.4081319902006655,False,True,False,True,False,0.0,0,,,False,False,False,False,,,False,False,False,False,2921.0,-482.3139398976811,False,False,False,False,423.0976225336885,False,False,False,False
2024-06-14 17:00:00+00:00,8.06,8.065,8.06,8.065,22.0,,,,,,,,,,,,,,,,,,,,,,,,"rgba(239, 83, 80, 1.0)",0.0,0.0,1.0125581197866846,9.084203512441647,-1.0065629740408015,0.0,0.0,0.0,0.0,0.0,0.0,0.0,0.0,38.74888259192899,-0.7129271147456535,False,True,False,True,False,0.0,0,,,False,False,False,False,,,False,False,False,False,2899.0,-429.8904679612829,False,False,False,False,416.8790547424685,False,False,False,False
2024-06-17 17:00:00+00:00,8.27,8.27,8.27,8.27,0.0,,,,,,,,,,,,,,,,,,,,,,,,"rgba(239, 83, 80, 1.0)",0.0,0.0,1.0129069663708128,9.084203512441647,-0.803828524705375,0.0,0.0,0.0,0.0,0.0,0.0,0.0,0.0,38.25131545857944,-1.4807353222074013,False,True,False,True,False,0.0,0,,,False,False,False,False,,,False,False,False,False,2899.0,-378.2797630316506,False,False,False,False,410.4158135836705,False,False,False,False
2024-06-18 17:00:00+00:00,7.735,7.805,7.735,7.795,145.0,,,,,,,,,,,,,,,,,,,,,,,,"rgba(239, 83, 80, 1.0)",0.0,0.0,1.0143086759414464,9.06996696713363,-1.2569812300483862,0.0,0.0,0.0,0.0,0.0,0.0,0.0,0.0,35.89512504419656,-4.184978951352321,False,True,False,True,False,0.0,0,,,False,False,False,False,,,False,False,False,False,2754.0,-329.71728608542344,False,False,False,False,406.3008397296601,False,False,False,False
2024-06-19 17:00:00+00:00,7.795,7.795,7.795,7.795,0.0,,,,,,,,,,,,,,,,,,,,,,,,"rgba(239, 83, 80, 1.0)",0.0,0.0,1.0133143949747596,9.06996696713363,-1.2582146009732618,0.0,0.0,0.0,0.0,0.0,0.0,0.0,0.0,34.32433143460797,-6.218243097607804,False,True,False,True,False,0.0,0,,,False,False,False,False,,,False,False,False,False,2754.0,-281.9077157585176,False,False,False,False,400.001601904394,False,False,False,False
2024-06-20 17:00:00+00:00,7.97,7.97,7.775,7.92,700.0,,,,,,,,,,,,,,,,,,,,,,,,"rgba(239, 83, 80, 1.0)",0.0,0.0,1.010746236676128,9.011762562268071,-1.0801549614059096,0.0,0.0,0.0,0.0,0.0,0.0,0.0,0.0,34.45846697124567,-6.744972169484512,False,True,False,True,False,0.0,0,,,False,False,False,False,,,False,False,False,False,3454.0,-223.9866659017964,False,False,False,False,404.6527398593646,False,False,False,False
2024-06-21 17:00:00+00:00,7.95,7.95,7.715,7.715,3637.0,,,,,,,,,,,,,,,,,,,,,,,,"rgba(239, 83, 80, 1.0)",0.0,0.0,1.0003212231826084,8.7935850760711,-1.0782387207975939,0.0,0.0,0.0,0.0,0.0,0.0,0.0,0.0,33.54347225749462,-8.343283195680478,False,True,False,True,False,0.0,0,,,False,False,False,False,,,False,False,False,False,-183.0,-223.35121371727243,False,False,False,False,454.7666508692969,False,False,False,False
2024-06-24 17:00:00+00:00,7.735,7.75,7.63,7.63,1100.0,,,,,,,,,,,,,,,,,,,,,,,,"rgba(239, 83, 80, 1.0)",0.0,0.0,0.9897725282395232,8.622659662890134,-1.002916967856995,0.0,0.0,0.0,0.0,0.0,0.0,0.0,0.0,32.52224989582538,-10.02423554302053,False,True,False,True,False,0.0,0,,,False,False,False,False,,,False,False,False,False,-1283.0,-239.779877070493,False,False,False,False,464.77026868527673,False,False,False,False
2024-06-25 17:00:00+00:00,7.66,7.855,7.66,7.785,368.0,,,,,,,,,,,,,,,,,,,,,,,,"rgba(239, 83, 80, 1.0)",0.0,0.0,0.9814784628166698,8.61234734379872,-0.8429602636662855,0.0,0.0,0.0,0.0,0.0,0.0,0.0,0.0,33.554082418564455,-10.02423554302053,False,True,False,True,False,0.0,0,,,False,False,False,False,,,False,False,False,False,-915.0,-250.24840610815977,False,False,False,False,463.26995444209416,False,False,False,False
2024-06-26 17:00:00+00:00,7.685,7.855,7.685,7.85,298.0,,,,,,,,,,,,,,,,,,,,,,,,"rgba(239, 83, 80, 1.0)",0.0,0.0,0.9731500722206538,8.604398177585288,-0.7752125793546005,0.0,0.0,0.0,0.0,0.0,0.0,0.0,0.0,34.965028323880595,-10.02423554302053,False,True,False,True,False,0.0,0,,,False,False,False,False,,,False,False,False,False,-617.0,-255.9344773312891,False,False,False,False,460.7076295670229,False,False,False,False
2024-06-27 17:00:00+00:00,7.805,7.93,7.805,7.92,486.0,,,,,,,,,,,,,,,,,,,,,,,,"rgba(239, 83, 80, 1.0)",0.0,0.0,0.9637841708224557,8.594478432460122,-0.6998231065411129,0.0,0.0,0.0,0.0,0.0,0.0,0.0,0.0,36.71895802075222,-10.02423554302053,False,True,False,True,True,0.0,0,,,False,False,False,False,,,False,False,False,False,-131.0,-253.9975086904939,False,False,False,False,461.09975934117756,False,False,False,False
2024-06-28 17:00:00+00:00,8.42,9.175,8.42,9.175,2451.0,,,,,,,,,,,,,,,,,,,,,,,,"rgba(38, 166, 154, 1.0)",0.0,0.0,0.9544653802847765,8.6993016639986,0.49839244652275394,0.0,0.0,0.0,0.0,0.0,0.0,0.0,0.0,46.68803798483687,-9.702325606377954,False,True,False,False,True,3.89782028859128,0,,,False,False,False,False,,,False,False,False,False,2320.0,-214.09057057126142,False,False,False,False,491.95092586301973,False,False,False,False
2024-07-01 17:00:00+00:00,8.98,8.99,8.445,8.445,451.0,,,,,,,,,,,,,,,,,,,,,,,,"rgba(38, 166, 154, 1.0)",0.0,0.0,0.940841213589833,8.695443292092138,-0.2661908178283955,0.0,0.0,0.0,0.0,0.0,0.0,0.0,0.0,48.35459831616943,-8.264160051061921,False,True,False,False,True,0.0,0,,,False,False,False,False,,,False,False,False,False,1869.0,-181.79459273294728,False,False,False,False,491.3160277876241,False,False,False,False
2024-07-02 17:00:00+00:00,8.315,8.52,8.255,8.32,600.0,,,,,,,,,,,,,,,,,,,,,,,,"rgba(38, 166, 154, 1.0)",0.0,0.0,0.9312937431530596,8.680559767830761,-0.3871600882982658,0.0,0.0,0.0,0.0,0.0,0.0,0.0,0.0,48.752288015956054,-7.787661643215287,False,True,False,False,True,0.0,0,,,False,False,False,False,,,False,False,False,False,1269.0,-159.30165331073104,False,False,False,False,493.0010506126221,False,False,False,False
2024-07-03 17:00:00+00:00,8.46,8.46,8.46,8.46,0.0,,,,,,,,,,,,,,,,,,,,,,,,"rgba(38, 166, 154, 1.0)",0.0,0.0,0.9225045813993032,8.680559767830761,-0.23908799184086857,0.0,0.0,0.0,0.0,0.0,0.0,0.0,0.0,49.85125340144215,-6.486557236752539,False,True,False,False,True,0.0,0,,,False,False,False,False,,,False,False,False,False,1269.0,-137.15744163149492,False,False,False,False,485.3576234713411,False,False,False,False
2024-07-04 17:00:00+00:00,8.46,8.46,8.46,8.46,0.0,,,,,,,,,,,,,,,,,,,,,,,,"rgba(38, 166, 154, 1.0)",0.0,0.0,0.9134621152713653,8.680559767830761,-0.2414547512627144,0.0,0.0,0.0,0.0,0.0,0.0,0.0,0.0,50.58389699176622,-5.44429660650804,False,True,False,False,True,0.0,0,,,False,False,False,False,,,False,False,False,False,1269.0,-115.35655106356477,False,False,False,False,477.8326990764366,False,False,False,False
2024-07-05 17:00:00+00:00,8.42,8.42,8.31,8.36,200.0,,,,,,,,,,,,,,,,,,,,,,,,"rgba(38, 166, 154, 1.0)",0.0,0.0,0.9068103042687203,8.67628399453086,-0.3487873847947955,0.0,0.0,0.0,0.0,0.0,0.0,0.0,0.0,50.32802403099213,-5.28647421387948,False,True,False,False,True,0.0,0,,,False,False,False,False,,,False,False,False,False,1069.0,-96.99443399281182,False,False,False,False,473.52521536982516,False,False,False,False
2024-07-08 17:00:00+00:00,8.36,8.36,8.125,8.15,585.0,,,,,,,,,,,,,,,,,,,,,,,,"rgba(38, 166, 154, 1.0)",0.0,0.0,0.8998844119968721,8.65962400561774,-0.566321628448778,0.0,0.0,0.0,0.0,0.0,0.0,0.0,0.0,48.62933920115769,-5.28647421387948,False,True,False,False,True,0.0,0,,,False,False,False,False,,,False,False,False,False,484.0,-87.98676834951242,False,False,False,False,475.2535066044015,False,False,False,False
2024-07-09 17:00:00+00:00,8.115,8.175,8.115,8.155,304.0,,,,,,,,,,,,,,,,,,,,,,,,"rgba(38, 166, 154, 1.0)",0.0,0.0,0.8917532584038451,8.650801636540217,-0.5559852255854456,0.0,0.0,0.0,0.0,0.0,0.0,0.0,0.0,47.541771910843835,-5.28647421387948,False,True,False,True,False,0.0,0,,,False,False,False,False,,,False,False,False,False,788.0,-74.40557814254322,False,False,False,False,472.59841347875187,False,False,False,False
2024-07-10 17:00:00+00:00,8.23,8.23,8.09,8.135,72.0,,,,,,,,,,,,,,,,,,,,,,,,"rgba(38, 166, 154, 1.0)",0.0,0.0,0.8812493792726721,8.603626091741223,-0.5317746630675616,0.0,0.0,0.0,0.0,0.0,0.0,0.0,0.0,46.65123185035082,-5.28647421387948,False,True,False,True,False,0.0,0,,,False,False,False,False,,,False,False,False,False,716.0,-62.15122809382162,False,False,False,False,466.3875853628022,False,False,False,False
2024-07-11 17:00:00+00:00,8.175,8.51,8.175,8.5,264.0,,,,,,,,,,,,,,,,,,,,,,,,"rgba(38, 166, 154, 1.0)",0.0,0.0,0.8808846290688305,8.618050733761883,-0.13401384229700214,0.0,0.0,0.0,0.0,0.0,0.0,0.0,0.0,49.42904896695671,-5.145141219640152,False,True,False,False,True,0.0,0,,,False,False,False,False,-0.1354326400404807,-0.1354326400404807,False,False,False,False,980.0,-45.99384471252206,False,False,False,False,463.24979334167347,False,False,False,False
2024-07-12 17:00:00+00:00,8.5,8.5,8.21,8.345,223.0,,,,,,,,,,,,,,,,,,,,,,,,"rgba(38, 166, 154, 1.0)",0.0,0.0,0.8799722200774918,8.61549669242571,-0.30739230881844076,0.0,0.0,0.0,0.0,0.0,0.0,0.0,0.0,49.803922724936044,-4.556902311487015,False,True,False,False,True,0.0,0,0.8290089323692046,0.9503757266411454,False,False,False,False,-0.1333560239475637,-0.1343943319940222,False,False,False,False,757.0,-33.54432774023489,False,False,False,False,459.5249903441281,False,False,False,False
2024-07-15 17:00:00+00:00,8.345,8.7,8.345,8.7,200.0,,,,,,,,,,,,,,,,,,,,,,,,"rgba(38, 166, 154, 1.0)",0.0,0.0,0.8819087765126796,8.620975027845498,0.08960674194329797,0.0,0.0,0.0,0.0,0.0,0.0,0.0,0.0,52.88774744029635,-1.470473370094581,False,False,True,False,True,1.0105859195763323,0,0.8382269904009034,0.9431112365894972,False,False,False,False,-0.10563218509074802,-0.12001325854238512,False,False,False,False,957.0,-18.187051341161478,False,False,False,False,455.50134708297884,False,False,False,False
2024-07-16 17:00:00+00:00,9.01,9.02,8.925,8.925,272.0,,,,,,,,,,,,,,,,,,,,,,,,"rgba(38, 166, 154, 1.0)",0.0,0.0,0.8858702292452684,8.665365638886788,0.293083967088963,0.0,0.0,0.0,0.0,0.0,0.0,0.0,0.0,56.43412826793438,1.8972649118558422,False,False,True,False,True,2.5235215373825,0,0.8510161177295026,0.9407147862648914,False,False,False,False,-0.031827808404569766,-0.07592053347347744,False,False,False,False,1229.0,1.1491820129650563,False,False,False,False,452.6563649576613,False,False,False,False
2024-07-17 17:00:00+00:00,8.8,8.8,8.8,8.8,0.0,,,,,,,,,,,,,,,,,,,,,,,,"rgba(38, 166, 154, 1.0)",0.0,0.0,0.8878728350226582,8.665365638886788,0.15163698651707994,0.0,0.0,0.0,0.0,0.0,0.0,0.0,0.0,57.445383934132224,2.8745383164369755,False,False,True,False,True,1.6351790079841209,0,0.8503449246797127,0.9493171899197521,False,False,False,False,-0.06003494590526345,-0.06797773968937044,False,False,False,False,1229.0,20.18562880346172,False,False,False,False,445.63843681878285,False,False,False,False
2024-07-18 17:00:00+00:00,8.765,8.765,8.7,8.7,23.0,,,,,,,,,,,,,,,,,,,,,,,,"rgba(38, 166, 154, 1.0)",0.0,0.0,0.8890583995654272,8.664260424977343,0.04019935590297118,0.0,0.0,0.0,0.0,0.0,0.0,0.0,0.0,57.041644631541566,2.8745383164369755,False,False,True,False,True,0.9249548904644911,0,0.843586479988686,0.9526233913166453,False,False,False,False,-0.07109606751588171,-0.06953690360262607,False,False,False,False,1206.0,38.57034773674138,False,False,False,False,439.08590291461564,False,False,False,False
2024-07-19 17:00:00+00:00,8.33,8.375,8.18,8.18,157.0,,,,,,,,,,,,,,,,,,,,,,,,"rgba(38, 166, 154, 1.0)",0.0,0.0,0.8884774150855599,8.6382978352891,-0.515823843698904,0.0,0.0,0.0,0.0,0.0,0.0,0.0,0.0,52.24867474214622,6.922845528850715,False,False,False,False,False,0.0,0,0.8375656121435663,0.9690736274648886,False,False,False,False,-0.1462501974454086,-0.10789355052401733,False,False,False,False,1049.0,54.23592374082291,False,False,False,False,434.7124780632263,False,False,False,False
2024-07-22 17:00:00+00:00,8.18,8.21,8.18,8.18,20.0,,,,,,,,,,,,,,,,,,,,,,,,"rgba(38, 166, 154, 1.0)",0.0,0.0,0.8867433330669815,8.635699132756178,-0.5139019553494141,0.0,0.0,0.0,0.0,0.0,0.0,0.0,0.0,49.05336148254933,4.0034800700002435,False,True,False,False,False,0.0,0,0.8431625771272777,0.9708710001434924,False,False,False,False,-0.1600296252015037,-0.13396158786276052,False,False,False,False,1049.0,69.65862259755434,False,False,False,False,428.2828272405406,False,False,False,False
2024-07-23 17:00:00+00:00,8.18,8.18,8.18,8.18,0.0,,,,,,,,,,,,,,,,,,,,,,,,"rgba(38, 166, 154, 1.0)",0.0,0.0,0.8859899181904589,8.635699132756178,-0.5143389596203262,0.0,0.0,0.0,0.0,0.0,0.0,0.0,0.0,46.92315264281806,2.0648939632217704,False,True,False,True,False,0.0,0,0.8427111814649589,0.9621528277449991,False,False,False,False,-0.1625413122708525,-0.1482514500668065,False,False,False,False,1049.0,84.84220984410388,False,False,False,False,421.64278340735393,False,False,False,False
2024-07-24 17:00:00+00:00,8.18,8.29,8.14,8.205,138.0,,,,,,,,,,,,,,,,,,,,,,,,"rgba(38, 166, 154, 1.0)",0.0,0.0,0.8848159731301799,8.62207855543651,-0.4713732212146061,0.0,0.0,0.0,0.0,0.0,0.0,0.0,0.0,45.81362614865691,0.9832890147503761,False,True,False,True,False,0.0,0,0.8382714265067205,0.9671917907212023,False,False,False,False,-0.1566838150683826,-0.15246763256759455,False,False,False,False,1187.0,101.92992752093949,False,False,False,False,417.2452208739066,False,False,False,False
2024-07-25 17:00:00+00:00,8.205,8.205,8.205,8.205,0.0,,,,,,,,,,,,,,,,,,,,,,,,"rgba(38, 166, 154, 1.0)",0.0,0.0,0.8839808454571491,8.62207855543651,-0.4718185440102131,0.0,0.0,0.0,0.0,0.0,0.0,0.0,0.0,45.073941819216145,0.12865639285139707,False,True,False,True,False,0.0,0,0.8382804503582395,0.9722181605497882,False,False,False,False,-0.15835628062457185,-0.1554119565960832,False,False,False,False,1187.0,118.75271934232026,False,False,False,False,410.77630272082274,False,False,False,False
2024-07-26 17:00:00+00:00,8.205,8.205,8.205,8.205,0.0,,,,,,,,,,,,,,,,,,,,,,,,"rgba(38, 166, 154, 1.0)",0.0,0.0,0.8833898061159356,8.62207855543651,-0.47213421815484713,0.0,0.0,0.0,0.0,0.0,0.0,0.0,0.0,44.5808189329223,-0.5909096949317316,False,True,False,True,False,0.0,0,0.8283789720310439,0.9715917411041148,False,False,False,False,-0.15835628062457185,-0.15688411861032753,False,False,False,False,1187.0,135.3146926858502,False,False,False,False,404.4076778724379,False,False,False,False
2024-07-29 17:00:00+00:00,8.44,8.44,8.21,8.365,943.0,,,,,,,,,,,,,,,,,,,,,,,,"rgba(38, 166, 154, 1.0)",0.0,0.0,0.8805475262278276,8.595522081979547,-0.2617940260045695,0.0,0.0,0.0,0.0,0.0,0.0,0.0,0.0,46.67735544120252,-0.5909096949317316,False,True,False,True,False,0.0,0,0.8292325717633273,0.9695371997656708,False,False,False,False,-0.1383418583359363,-0.14761298847313192,False,False,False,False,2130.0,166.24004628761995,False,False,False,False,412.7579464325551,False,False,False,False
2024-07-30 17:00:00+00:00,8.45,8.45,8.45,8.45,0.0,,,,,,,,,,,,,,,,,,,,,,,,"rgba(38, 166, 154, 1.0)",0.0,0.0,0.8732270996525292,8.595522081979547,-0.16664860955123095,0.0,0.0,0.0,0.0,0.0,0.0,0.0,0.0,49.24719638746221,-0.5909096949317316,False,False,False,False,True,0.0,0,0.8338742992033047,0.9685748008262025,False,False,False,False,-0.11760974039860872,-0.13261136443587032,False,False,False,False,2130.0,196.68593704285064,False,False,False,False,406.3585984258488,False,False,False,False
2024-07-31 17:00:00+00:00,8.12,8.12,7.91,7.91,123.0,,,,,,,,,,,,,,,,,,,,,,,,"rgba(239, 83, 80, 1.0)",0.0,0.0,0.8639557984188901,8.587974397826175,-0.7847327364049448,0.0,0.0,0.0,0.0,0.0,0.0,0.0,0.0,44.82507963213415,-0.5909096949317316,False,True,False,True,False,0.0,0,0.8362650249193783,0.9614482556435063,False,False,False,False,-0.19031177652389916,-0.16146157047988474,False,False,False,False,2007.0,224.7528217398607,False,False,False,False,401.96544186110697,False,False,False,False
2024-08-01 17:00:00+00:00,7.9,8.01,7.9,8.01,100.0,,,,,,,,,,,,,,,,,,,,,,,,"rgba(239, 83, 80, 1.0)",0.0,0.0,0.85683079368625,8.582213168165877,-0.6678251673286703,0.0,0.0,0.0,0.0,0.0,0.0,0.0,0.0,43.28248111698451,-1.6699559278706388,False,True,False,True,False,0.0,0,0.8319377111796677,0.9648890847656821,False,False,False,False,-0.20048027240690602,-0.18097092144339538,False,False,False,False,2107.0,253.93494853459154,False,False,False,False,397.2838071035704,False,False,False,False
2024-08-02 17:00:00+00:00,7.94,8.065,7.94,8.065,16.0,,,,,,,,,,,,,,,,,,,,,,,,"rgba(239, 83, 80, 1.0)",0.0,0.0,0.854223545019022,8.581420010312328,-0.6045490238750433,0.0,0.0,0.0,0.0,0.0,0.0,0.0,0.0,43.03463675630234,-2.021590232099193,False,True,False,True,False,0.0,0,0.8345313187619186,0.9578993692239988,False,False,False,False,-0.192426941510339,-0.1866989314768672,False,False,False,False,2123.0,282.9127012704893,False,False,False,False,391.37243024925147,False,False,False,False
2024-08-05 17:00:00+00:00,7.68,7.695,7.65,7.69,771.0,,,,,,,,,,,,,,,,,,,,,,,,"rgba(239, 83, 80, 1.0)",0.0,0.0,0.8543673809442995,8.524993797159171,-0.977324059629107,0.0,0.0,0.0,0.0,0.0,0.0,0.0,0.0,39.594261252779994,-5.382104669602924,False,True,False,True,False,0.0,0,0.8308834230825207,0.9612865667297337,False,False,False,False,-0.24894934883658695,-0.21782414015672708,False,False,False,False,1352.0,299.4876981500166,False,False,False,False,397.258129005077,False,False,False,False
2024-08-06 17:00:00+00:00,7.51,7.805,7.47,7.805,2620.0,,,,,,,,,,,,,,,,,,,,,,,7.693333333333333,"rgba(239, 83, 80, 1.0)",0.0,0.0,0.8559458074114421,8.361250882790456,-0.6498669401427112,1.0,7.805,7.47,0.0,0.0,0.0,0.0,0.0,38.956040577975685,-6.106337557779575,False,True,False,True,False,0.0,0,0.8255478662053056,0.9563148788927337,False,False,False,False,-0.2550304854705363,-0.2364273128136317,False,False,False,False,3972.0,356.42587337249694,False,False,False,False,431.71924328406806,False,False,False,False
2024-08-07 17:00:00+00:00,7.805,7.81,7.805,7.81,5.0,,,,,,,,,,,,,,,,,,,,,,,7.693552380952381,"rgba(239, 83, 80, 1.0)",0.0,0.0,0.8552303309161334,8.361158866442619,-0.6444566411158626,0.0,0.0,0.0,0.0,0.0,0.0,0.0,0.0,38.60528330005968,-6.674571799032066,False,True,False,True,False,0.0,0,0.834943058959204,0.9561770217673345,False,False,False,False,-0.22565739948530203,-0.23104235614946686,False,False,False,False,3977.0,412.5588055682722,False,False,False,False,425.1034410626096,False,False,False,False
2024-08-08 17:00:00+00:00,7.81,7.9,7.81,7.895,100.0,,,,,,,,,,,,,,,,,,,,,,,7.699966360856269,"rgba(239, 83, 80, 1.0)",0.0,0.0,0.8539073519801582,8.35982629223371,-0.544352137448877,0.0,0.0,0.0,0.0,0.0,0.0,0.0,0.0,39.70373251740425,-6.674571799032066,False,True,False,True,False,0.0,0,0.8347537194857718,0.9543550483894266,False,False,False,False,-0.2175202300697772,-0.22428129310962203,False,False,False,False,4077.0,469.3718473424075,False,False,False,False,420.0630776352823,False,False,False,False
2024-08-09 17:00:00+00:00,7.9,8.09,7.9,8.09,460.0,,,,,,,,,,,,,,,,,,,,,,,7.747150706436421,"rgba(239, 83, 80, 1.0)",0.0,0.0,0.8496147616674531,8.359204397623033,-0.31685466139346863,0.0,0.0,0.0,0.0,0.0,0.0,0.0,0.0,43.194887962722525,-6.674571799032066,False,True,False,True,True,0.0,0,0.8403349213223615,0.9484625378951926,False,False,False,False,-0.1936968562305325,-0.20898907467007727,False,False,False,False,4537.0,532.4358497091919,False,False,False,False,420.68225472620816,False,False,False,False
2024-08-12 17:00:00+00:00,7.94,7.94,7.94,7.94,0.0,,,,,,,,,,,,,,,,,,,,,,,7.747150706436421,"rgba(239, 83, 80, 1.0)",0.0,0.0,0.8393964101265463,8.359204397623033,-0.4994117112793396,0.0,0.0,0.0,0.0,0.0,0.0,0.0,0.0,43.68669270561138,-10.731481899934757,False,True,False,True,True,0.0,0,0.8431344148319815,0.9469872537659328,False,False,False,False,-0.2030287224524891,-0.20600889856128318,False,False,False,False,4537.0,594.5221156051734,False,False,False,False,414.16004922657703,False,False,False,False
2024-08-13 17:00:00+00:00,8.12,8.31,8.12,8.29,270.0,,,,,,,,,,,,,,,,,,,,,,,7.785665701881331,"rgba(38, 166, 154, 1.0)",0.0,0.0,0.8299944371896508,8.36267534429862,-0.08756124263277928,0.0,0.0,0.0,0.0,0.0,0.0,0.0,0.0,48.13952774476085,-6.474725790386827,True,False,False,False,True,0.0,0,0.8488657708423637,0.9368588354284062,False,False,False,False,-0.1566838150683826,-0.1813463568148329,False,False,False,False,4807.0,659.8318502469536,False,False,False,False,411.92500970368434,False,False,False,False
2024-08-14 17:00:00+00:00,8.99,8.99,8.99,8.99,0.0,,,,,,,,,,,,,,,,,,,,,,,7.785665701881331,"rgba(38, 166, 154, 1.0)",0.0,0.0,0.8222252984683945,8.36267534429862,0.7629595645742523,0.0,0.0,0.0,0.0,0.0,0.0,0.0,0.0,55.90134516511878,0.5699895143962266,True,False,True,False,True,4.133814295471829,0,0.8597065945022078,0.9309215211508333,False,False,False,False,-0.0289697900969097,-0.1051580734558713,False,False,False,False,4807.0,724.1290308632799,False,False,False,False,405.5385754447125,False,False,False,False
2024-08-15 17:00:00+00:00,8.89,9.06,8.89,9.06,1402.0,,,,,,,,,,,,,,,,,,,,,,,8.137152220163337,"rgba(38, 166, 154, 1.0)",0.0,0.0,0.8163140790625103,8.43923274320748,0.7604514888502669,0.0,0.0,0.0,0.0,0.0,0.0,0.0,0.0,61.42159287853838,5.292521328534846,True,False,True,False,True,4.618297000654007,0,0.8555634301913537,0.9255846917080083,False,False,False,False,-0.031419489338263586,-0.06828878139706744,False,False,False,False,6209.0,809.1657900747018,False,False,False,False,420.987589778903,False,False,False,False
2024-08-16 17:00:00+00:00,9.34,9.95,9.32,9.95,667.0,,,,,,,,,,,,,,,,,,,,,,,8.33068941588221,"rgba(38, 166, 154, 1.0)",0.0,0.0,0.8276661804775547,8.49448727023319,1.758574609061583,0.0,0.0,0.0,0.0,0.0,0.0,0.0,0.0,68.23861586424837,11.16246670213416,True,False,True,False,True,10.352303323355425,0,0.8665092373940824,0.9095707737185722,False,False,False,False,0.07642781061758948,0.004069514610261019,False,False,False,False,6876.0,903.2252351898227,False,False,False,False,424.8017356738037,False,False,False,False
2024-08-19 17:00:00+00:00,10.08,10.08,10.08,10.08,0.0,,,,,,,,,,,,,,,,,,,,,,,8.33068941588221,"rgba(38, 166, 154, 1.0)",0.0,0.0,0.8381714707709942,8.49448727023319,1.8916328997792924,0.0,0.0,0.0,0.0,0.0,0.0,0.0,0.0,73.10457212492906,15.218743631480507,True,False,True,False,True,11.127901626987907,0,0.8856467972766429,0.908434069751285,False,False,False,False,0.15000252598261987,0.07703602029644044,False,False,False,False,6876.0,995.8263943341665,False,False,False,False,418.2156622525044,False,False,False,False
2024-08-20 17:00:00+00:00,10.08,10.08,9.315,9.315,3.0,,,,,,,,,,,,,,,,,,,,,,,8.331362101200169,"rgba(38, 166, 154, 1.0)",0.0,0.0,0.829857645449934,8.494688764695885,0.9884963280170252,0.0,0.0,0.0,0.0,0.0,0.0,0.0,0.0,69.15968672504931,15.218743631480507,True,False,True,False,False,5.340167973891322,0,0.8695652173913042,0.9079846869018319,False,False,False,False,0.08669366148149085,0.08186484088896565,False,False,False,False,6873.0,1086.9453649646446,False,False,False,False,411.77821012455854,False,False,False,False
2024-08-21 17:00:00+00:00,9.315,9.39,9.315,9.39,100.0,,,,,,,,,,,,,,,,,,,,,,,8.34973135477756,"rgba(38, 166, 154, 1.0)",0.0,0.0,0.827251838078103,8.50017519316277,1.0756395644940473,0.0,0.0,0.0,0.0,0.0,0.0,0.0,0.0,66.89012909666684,15.218743631480507,True,False,True,False,False,5.805337247578926,0,0.8737102765167147,0.923648369789517,False,False,False,False,0.03019457810036636,0.056029709494666,False,False,False,False,6973.0,1178.2020259729445,False,False,False,False,406.944439424953,False,False,False,False
2024-08-22 17:00:00+00:00,9.27,9.27,9.2,9.2,100.0,,,,,,,,,,,,,,,,,,,,,,,8.364985449042548,"rgba(38, 166, 154, 1.0)",0.0,0.0,0.8249080920686597,8.504755415440947,0.8428146010976276,0.0,0.0,0.0,0.0,0.0,0.0,0.0,0.0,63.845511737826044,22.725525355204923,True,False,True,False,False,4.434133406932876,0,0.8773480662983425,0.9205801104972378,False,False,False,False,0.011014033948209911,0.03352187172143795,False,False,False,False,6873.0,1266.4934674307283,False,False,False,False,402.1856109067366,False,False,False,False
2024-08-23 17:00:00+00:00,9.56,9.77,9.56,9.77,34.0,,,,,,,,,,,,,,,,,,,,,,,8.372864375397791,"rgba(38, 166, 154, 1.0)",0.0,0.0,0.8252371048851805,8.507194237843391,1.530233862099922,0.0,0.0,0.0,0.0,1.0,9.77,9.27,0.0,64.62036539856256,22.725525355204923,True,False,True,False,False,7.918775164859756,0,0.8783061532136494,0.914485404960943,False,False,False,False,0.08135328021415027,0.05743757596779411,False,False,False,False,6907.0,1353.9431811139727,False,False,False,False,396.4773068616709,False,False,False,False
2024-08-26 17:00:00+00:00,9.77,10.245,9.77,10.245,100.0,,,,,,,,,,,,,,,,,,,,,,,8.40210515839163,"rgba(38, 166, 154, 1.0)",0.0,0.0,0.8373201460773659,8.516405388516157,2.0644369057425322,0.0,0.0,0.0,0.0,1.0,9.995,9.77,0.0,66.91125060681608,22.725525355204923,True,False,True,False,False,10.622068382721555,0,0.8944910015111965,0.9012226954251958,False,False,False,False,0.13792609773063588,0.097681836849215,False,False,False,False,7007.0,1441.5874728796475,False,False,False,False,391.8807594684667,False,False,False,False
2024-08-27 17:00:00+00:00,9.995,10.52,9.995,10.49,215.0,,,,,,,,,,,,,,,,,,,,,,,8.470500877770464,"rgba(38, 166, 154, 1.0)",0.0,0.0,0.8590719274755579,8.538497632258496,2.2716402495843724,0.0,0.0,0.0,0.0,0.0,0.0,0.0,0.0,69.23349713571233,22.725525355204923,True,False,True,False,True,11.959158177233288,0,0.9001650165016499,0.9055280528052805,False,False,False,False,0.17976073806908352,0.13872128745914925,False,False,False,False,7222.0,1531.2062717497304,False,False,False,False,389.1384221123664,False,False,False,False
2024-08-28 17:00:00+00:00,10.54,10.54,10.15,10.15,345.0,,,,,,,,,,,,,,,,,,,,,,,8.567725172610706,"rgba(38, 166, 154, 1.0)",0.0,0.0,0.8680627286670554,8.571144285307676,1.8188267535880953,0.0,0.0,0.0,0.0,0.0,0.0,0.0,0.0,67.93670547524476,22.725525355204923,True,False,True,False,True,9.474670660146717,0,0.8962056640087983,0.909678306296398,False,False,False,False,0.1945437917913004,0.16663253962522484,False,False,False,False,6877.0,1614.0867946683393,False,False,False,False,388.4541054904692,False,False,False,False
2024-08-29 17:00:00+00:00,10.15,10.57,10.15,10.57,311.0,,,,,,,,,,,,,,,,,,,,,,,8.653757179639534,"rgba(38, 166, 154, 1.0)",0.0,0.0,0.8903638693364708,8.60128010784294,2.211140815523226,0.0,0.0,0.0,0.0,0.0,0.0,0.0,0.0,68.67029901832613,22.725525355204923,True,False,True,False,True,11.752439102901661,0,0.9012834516657562,0.900191152375751,False,False,False,False,0.19708630904004606,0.18185942433263547,False,False,False,False,7188.0,1700.5040536657293,False,False,False,False,387.2532666456557,False,False,False,False
2024-08-30 17:00:00+00:00,10.57,10.77,10.41,10.77,301.0,,,,,,,,,,,,,,,,,,,,,,,8.739192852741837,"rgba(38, 166, 154, 1.0)",0.0,0.0,0.9152035268154767,8.632270065029646,2.33579730883332,0.0,0.0,0.0,0.0,0.0,0.0,0.0,0.0,69.8461629531144,22.725525355204923,True,False,True,False,True,12.803007599107776,0,0.9035929786066921,0.9016730663741084,False,False,False,False,0.23640931908178453,0.20913437170721,False,False,False,False,7489.0,1790.24817686471,False,False,False,False,385.91600669766103,False,False,False,False
2024-09-02 17:00:00+00:00,10.77,10.77,10.77,10.77,0.0,,,,,,,,,,,,,,,,,,,,,,,8.739192852741837,"rgba(38, 166, 154, 1.0)",0.0,0.0,0.9369643815280508,8.632270065029646,2.2815487729469837,0.0,0.0,0.0,0.0,0.0,0.0,0.0,0.0,70.63007224297324,22.725525355204923,True,False,True,False,True,12.803007599107765,0,0.9057150745444504,0.9069574820541139,False,False,False,False,0.2676866372206464,0.2384105044639282,False,False,False,False,7489.0,1878.600918308668,False,False,False,False,379.9328127953717,False,False,False,False
2024-09-03 17:00:00+00:00,10.65,10.65,10.19,10.19,174.0,,,,,,,,,,,,,,,,,,,,,,,8.777921927755424,"rgba(38, 166, 154, 1.0)",0.0,0.0,0.9435845398181203,8.64688561899187,1.6353748030945596,0.0,0.0,0.0,0.0,0.0,0.0,0.0,0.0,66.2897391660911,22.507698707116063,True,False,True,False,False,8.60945742920497,0,0.889070146818923,0.9089178901576944,False,False,False,False,0.20728192765561987,0.22284621605977403,False,False,False,False,7315.0,1962.8861753891538,False,False,False,False,376.7400560078466,False,False,False,False
2024-09-04 17:00:00+00:00,10.19,10.46,10.19,10.46,98.0,,,,,,,,,,,,,,,,,,,,,,,8.79928040155145,"rgba(38, 166, 154, 1.0)",0.0,0.0,0.9561399498000243,8.655069715049192,1.8877260440046542,0.0,0.0,0.0,0.0,0.0,0.0,0.0,0.0,64.7484106429171,20.780987247481676,True,False,True,False,False,10.082263329901725,0,0.8875325744068027,0.9185296941434646,False,False,False,False,0.19115762267344225,0.20700191936660814,False,False,False,False,7413.0,2047.3840641428103,False,False,False,False,372.418504751911,False,False,False,False
2024-09-05 17:00:00+00:00,10.74,11.25,10.69,11.11,552.0,,,,,,,,,,,,,,,,,,,,,,,8.955064698146028,"rgba(38, 166, 154, 1.0)",0.0,0.0,0.9909614405094507,8.71563416752766,2.416204843693415,0.0,0.0,0.0,0.0,0.0,0.0,0.0,0.0,66.3509941130672,20.780987247481676,True,False,True,False,False,13.437176938440825,0,0.8920660491341116,0.9052221774734862,False,False,False,False,0.3030527615403689,0.2550273404534885,False,False,False,False,7965.0,2139.130047644472,False,False,False,False,375.2027139805635,False,False,False,False
2024-09-06 17:00:00+00:00,11.11,11.17,10.82,10.82,113.0,,,,,,,,,,,,,,,,,,,,,,,8.983160184023424,"rgba(38, 166, 154, 1.0)",0.0,0.0,1.014508268584843,8.727018837848325,2.063049880383148,0.0,0.0,0.0,0.0,0.0,0.0,0.0,0.0,65.24835333884843,20.780987247481676,True,False,True,False,False,11.404296323547019,0,0.9020080321285138,0.9076305220883532,False,False,False,False,0.30752401277738894,0.28127567661543873,False,False,False,False,7852.0,2227.701674812775,False,False,False,False,371.13755562427565,False,False,False,False
2024-09-09 17:00:00+00:00,10.82,10.82,10.51,10.51,100.0,,,,,,,,,,,,,,,,,,,,,,,9.00336059479554,"rgba(38, 166, 154, 1.0)",0.0,0.0,1.0300798097304902,8.735455566769424,1.7227251873763711,0.0,0.0,0.0,0.0,0.0,0.0,0.0,0.0,62.38638560140244,17.87078912742767,True,False,True,False,False,9.290831793161882,0,0.8944008511770181,0.9114243915414283,False,False,False,False,0.2493830955911991,0.2653293861033189,False,False,False,False,7752.0,2313.349710862189,False,False,False,False,366.9338725913411,False,False,False,False
2024-09-10 17:00:00+00:00,10.51,10.51,10.3,10.3,46.0,,,,,,,,,,,,,,,,,,,,,,,9.011106456382457,"rgba(38, 166, 154, 1.0)",0.0,0.0,1.0409211400580778,8.738783948215772,1.499840854127644,0.0,0.0,0.0,0.0,0.0,0.0,0.0,0.0,59.125896018872396,14.65448889498954,False,False,True,False,False,7.88934230453377,0,0.8894326147335007,0.9201163867213331,False,False,False,False,0.20472911662024296,0.23502925136178093,False,False,False,False,7706.0,2396.956692089132,False,False,False,False,361.95815363643663,False,False,False,False
2024-09-11 17:00:00+00:00,10.3,10.94,10.3,10.58,110.0,,,,,,,,,,,,,,,,,,,,,,,9.032442661479863,"rgba(38, 166, 154, 1.0)",0.0,0.0,1.0565402615727961,8.747842278967392,1.7341106512166473,0.0,0.0,0.0,0.0,0.0,0.0,0.0,0.0,58.48459452519006,13.88445501968959,False,False,True,False,False,9.3739056211245,0,0.8957264957264957,0.9146614069690991,False,False,False,False,0.24158922673826524,0.2383092390500231,False,False,False,False,7816.0,2480.9728674055796,False,False,False,False,358.05182567308105,False,False,False,False
2024-09-12 17:00:00+00:00,10.58,10.94,10.58,10.94,193.0,,,,,,,,,,,,,,,,,,,,,,,9.073421229758088,"rgba(38, 166, 154, 1.0)",0.0,0.0,1.0718407295627168,8.765258790589668,2.028977953000134,0.0,0.0,0.0,0.0,0.0,0.0,0.0,0.0,59.812273773619765,13.88445501968959,False,False,True,False,False,11.224782673390056,0,0.8962818003913893,0.9150684931506848,False,False,False,False,0.26593605638600676,0.25212264771801496,False,False,False,False,8009.0,2566.6787144225473,False,False,False,False,355.49288263938985,False,False,False,False
2024-09-13 17:00:00+00:00,11.73,12.065,11.395,12.065,1111.0,,,,,,,,,,,,,,,,,,,,,,,9.396141133263379,"rgba(38, 166, 154, 1.0)",0.0,0.0,1.0974948254510721,8.90485709514381,2.8794148560630934,0.0,0.0,0.0,0.0,0.0,0.0,0.0,0.0,64.47491500565849,9.089769158410732,True,False,True,False,True,16.487094974737264,0,0.912488837861972,0.8998596759790787,False,False,False,False,0.34282823826146586,0.2974754429897404,False,False,False,False,9120.0,2668.280594819097,False,False,False,False,367.20617128063964,False,False,False,False
2024-09-16 17:00:00+00:00,11.36,11.36,10.575,10.67,268.0,,,,,,,,,,,,,,,,,,,,,,,9.436409301217937,"rgba(38, 166, 154, 1.0)",0.0,0.0,1.1045479977254347,8.925061636336316,1.5797759511193603,0.0,0.0,0.0,0.0,0.0,0.0,0.0,0.0,60.29254327486863,9.089769158410732,False,False,True,False,False,7.838374715050474,0,0.8872366790582401,0.8981412639405203,False,False,False,False,0.2239082255302986,0.2606918342600195,False,False,False,False,8852.0,2764.1522135040723,False,False,False,False,365.668091105746,False,False,False,False
2024-09-17 17:00:00+00:00,11.615,11.615,11.12,11.39,91.0,,,,,,,,,,,,,,,,,,,,,,,9.454248491589983,"rgba(38, 166, 154, 1.0)",0.0,0.0,1.1290190472303805,8.933665369322348,2.1756361300576255,0.0,0.0,0.0,0.0,0.0,0.0,0.0,0.0,59.85697262788074,9.089769158410732,False,False,True,False,False,11.023627034887532,0,0.8852161278605156,0.8821891270129552,False,False,False,False,0.28531705713935596,0.27300444569968774,False,False,False,False,8943.0,2859.948303217187,False,False,False,False,361.40967108860264,False,False,False,False
2024-09-18 17:00:00+00:00,11.07,11.07,10.79,10.84,200.0,,,,,,,,,,,,,,,,,,,,,,,9.482908448144844,"rgba(38, 166, 154, 1.0)",0.0,0.0,1.1403988436167891,8.94843245624497,1.6586894614483303,0.0,0.0,0.0,0.0,0.0,0.0,0.0,0.0,57.36370129225223,13.082673202486092,False,False,True,False,False,7.95687171547717,0,0.8776072884200428,0.8887556940781586,False,False,False,False,0.2182420245832605,0.2456232351414741,False,False,False,False,8743.0,2951.1584070432773,False,False,False,False,358.9071955678491,False,False,False,False
2024-09-19 17:00:00+00:00,10.73,10.735,10.585,10.69,399.0,,,,,,,,,,,,,,,,,,,,,,,9.528069539791508,"rgba(38, 166, 154, 1.0)",0.0,0.0,1.1513635198993155,8.97332687668471,1.490991414653652,0.0,0.0,0.0,0.0,0.0,0.0,0.0,0.0,55.121303824427976,10.852795007484886,False,True,True,False,False,7.141925866099392,0,0.8735851304658643,0.8905039914214224,False,False,False,False,0.17782702980884899,0.21172513247516156,False,False,False,False,8344.0,3034.768354220901,False,False,False,False,359.52878943501423,False,False,False,False
2024-09-20 17:00:00+00:00,10.69,11.36,10.69,11.36,200.0,,,,,,,,,,,,,,,,,,,,,,,9.558170533932136,"rgba(38, 166, 154, 1.0)",0.0,0.0,1.179441969899472,8.989055039743736,2.0102260397417835,0.0,0.0,0.0,0.0,0.0,0.0,0.0,0.0,55.98099225106317,10.852795007484886,False,True,True,False,False,10.050048295976012,0,0.8778625954198472,0.877392836171462,False,False,False,False,0.23262408140216304,0.2221746069386623,False,False,False,False,8544.0,3120.182798341507,False,False,False,False,357.05547487013024,False,False,False,False
2024-09-23 17:00:00+00:00,12.1,12.12,12.05,12.06,258.0,,,,,,,,,,,,,,,,,,,,,,,9.617532127413362,"rgba(38, 166, 154, 1.0)",0.0,0.0,1.2302450682396224,9.018184531549238,2.4725280734539705,0.0,0.0,0.0,0.0,0.0,0.0,0.0,0.0,58.584193074059534,10.852795007484886,False,False,True,False,True,12.88786771654203,0,0.8985019161537565,0.8799210312391129,False,False,False,False,0.34282823942232504,0.28250142318049365,False,False,False,False,8802.0,3208.2729875145064,False,False,False,False,355.5197310736941,False,False,False,False
2024-09-24 17:00:00+00:00,12.06,12.34,12.06,12.3,194.0,,,,,,,,,,,,,,,,,,,,,,,9.663085577498503,"rgba(38, 166, 154, 1.0)",0.0,0.0,1.2851139221068215,9.040731234966204,2.5361710809968794,0.0,0.0,0.0,0.0,0.0,0.0,0.0,0.0,60.95468445153009,5.425441744584475,False,False,True,False,True,13.823017339575014,0,0.9153439153439151,0.8732510288065842,False,False,False,False,0.34282823976341376,0.3126648314719537,False,False,False,False,8996.0,3298.0051892584675,False,False,False,False,353.0155491965826,False,False,False,False
2024-09-25 17:00:00+00:00,12.265,12.265,12.11,12.11,609.0,,,,,,,,,,,,,,,,,,,,,,,9.792597526030583,"rgba(38, 166, 154, 1.0)",0.0,0.0,1.3283128125287025,9.107079957824379,2.2607024594297007,0.0,0.0,0.0,0.0,0.0,0.0,0.0,0.0,61.55481669155477,6.197523018647992,False,False,True,False,True,12.755693400943198,0,0.9160716375980333,0.86117289008545,False,False,False,False,0.3409978464886951,0.32683133898032435,False,False,False,False,8387.0,3376.9043336110494,False,False,False,False,356.98430037182936,False,False,False,False
2024-09-26 17:00:00+00:00,11.555,11.555,11.555,11.555,0.0,,,,,,,,,,,,,,,,,,,,,,,9.792597526030583,"rgba(38, 166, 154, 1.0)",0.0,0.0,1.3507316169028118,9.107079957824379,1.8122919546287295,0.0,0.0,0.0,0.0,0.0,0.0,0.0,0.0,59.2725362582185,6.197523018647992,False,False,True,False,True,9.721267889163329,0,0.925999532382511,0.8668459200374095,False,False,False,False,0.25092325435366136,0.28887729666699286,False,False,False,False,8387.0,3454.5802354155294,False,False,False,False,351.449660055987,False,False,False,False
2024-09-27 17:00:00+00:00,13.425,13.425,12.81,13.41,963.0,,,,,,,,,,,,,,,,,,,,,,,10.051862282357877,"rgba(38, 166, 154, 1.0)",0.0,0.0,1.4284170883808274,9.239958434092243,2.9193444966656625,0.0,0.0,0.0,0.0,0.0,0.0,0.0,0.0,62.66234074656401,7.334136108326959,False,False,True,False,True,16.60752051294511,0,0.9299527771531366,0.8495615021362716,False,False,False,False,0.34282824201426193,0.3158527693406274,False,False,False,False,9350.0,3545.9820922307927,False,False,False,False,360.931060675274,False,False,False,False
2024-09-30 17:00:00+00:00,13.23,13.23,13.1,13.13,135.0,,,,,,,,,,,,,,,,,,,,,,,10.084453439194624,"rgba(38, 166, 154, 1.0)",0.0,0.0,1.4909132789687622,9.25735808528455,2.597496426749977,0.0,0.0,0.0,0.0,0.0,0.0,0.0,0.0,63.71045870780325,8.447676346525178,False,False,True,False,True,15.14288110041516,0,0.9401217861975641,0.8490076680198466,False,False,False,False,0.3428282421121115,0.3293405057263694,False,False,False,False,9215.0,3633.873842738842,False,False,False,False,357.4282535330217,False,False,False,False
2024-10-01 17:00:00+00:00,13.01,13.33,13.01,13.075,220.0,,,,,,,,,,,,,,,,,,,,,,,10.135869493125174,"rgba(38, 166, 154, 1.0)",0.0,0.0,1.5406406266681794,9.285149207163785,2.4599187683582135,0.0,0.0,0.0,0.0,0.0,0.0,0.0,0.0,64.15834843262887,9.103158650573107,False,False,True,False,True,14.85492911559206,0,0.9357479255438437,0.8480601031621439,False,False,False,False,0.3428282421223216,0.33608437392434554,False,False,False,False,8995.0,3716.992077735139,False,False,False,False,355.29758293561054,False,False,False,False
2024-10-02 17:00:00+00:00,13.32,13.32,12.92,13.215,421.0,,,,,,,,,,,,,,,,,,,,,,,10.230001359232896,"rgba(38, 166, 154, 1.0)",0.0,0.0,1.5900083488930263,9.337037914461684,2.438957058457069,0.0,0.0,0.0,0.0,0.0,0.0,0.0,0.0,64.82632111529506,10.039400906957184,False,False,True,False,True,15.349854150238539,0,0.9363859180035649,0.848373440285205,False,False,False,False,0.33669407125045164,0.33638922258739856,False,False,False,False,9416.0,3805.3487897082373,False,False,False,False,356.3162250606398,False,False,False,False
2024-10-03 17:00:00+00:00,13.32,13.48,13.24,13.465,313.0,,,,,,,,,,,,,,,,,,,,,,,10.301781996473684,"rgba(38, 166, 154, 1.0)",0.0,0.0,1.6441984410385173,9.376953659356113,2.4863460751500126,0.0,0.0,0.0,0.0,0.0,0.0,0.0,0.0,65.94713125981792,11.411299372540725,True,False,True,False,True,16.231051532817546,0,0.946999220576773,0.8443380469880859,False,False,False,False,0.34282824249813565,0.33960873254276713,False,False,False,False,9729.0,3897.188343356171,False,False,False,False,355.6446556798546,False,False,False,False
2024-10-04 17:00:00+00:00,13.465,13.53,13.23,13.41,379.0,,,,,,,,,,,,,,,,,,,,,,,10.384323225199811,"rgba(38, 166, 154, 1.0)",0.0,0.0,1.6887416739813752,9.423834000814582,2.3604356193731153,0.0,0.0,0.0,0.0,0.0,0.0,0.0,0.0,66.362352762293,12.127128525738215,True,False,True,False,True,15.929498922911598,0,0.945936944937833,0.8465808170515099,False,False,False,False,0.34282824253636257,0.34121848753956485,False,False,False,False,9350.0,3981.728058963052,False,False,False,False,356.00675404140725,False,False,False,False
2024-10-07 17:00:00+00:00,13.285,13.63,13.17,13.31,1231.0,,,,,,,,,,,,,,,,,,,,,,,10.622813142127915,"rgba(38, 166, 154, 1.0)",0.0,0.0,1.7245509273143764,9.565805028842373,2.1711130195432498,0.0,0.0,0.0,0.0,0.0,0.0,0.0,0.0,65.9894357446938,12.127128525738215,True,False,True,False,True,15.37528006130104,0,0.9462555066079292,0.8455947136563876,False,False,False,False,0.342828242574345,0.34202336505695496,False,False,False,False,8119.0,4045.87180998688,False,False,False,False,369.57254080045516,False,False,False,False
2024-10-08 17:00:00+00:00,13.31,13.31,12.785,12.99,169.0,,,,,,,,,,,,,,,,,,,,,,,10.648906397090284,"rgba(38, 166, 154, 1.0)",0.0,0.0,1.7505050030678975,9.582470799730876,1.9465978070883327,0.0,0.0,0.0,0.0,0.0,0.0,0.0,0.0,63.684401463106305,12.127128525738215,False,False,True,False,False,13.611714751274196,0,0.9395892506008301,0.853725147476513,False,False,False,False,0.30163237242755864,0.3218278687422568,False,False,False,False,7950.0,4106.40092921189,False,False,False,False,366.4628890050992,False,False,False,False
2024-10-09 17:00:00+00:00,12.99,12.99,12.815,12.83,299.0,,,,,,,,,,,,,,,,,,,,,,,10.690886285870226,"rgba(38, 166, 154, 1.0)",0.0,0.0,1.7706012059836072,9.610076881828137,1.8185479075075668,0.0,0.0,0.0,0.0,0.0,0.0,0.0,0.0,61.153246426257255,14.946876495753187,False,True,True,False,False,12.738191442509926,0,0.9375340673716341,0.8622042952142156,False,False,False,False,0.2849779359240898,0.3034029023331733,False,False,False,False,7651.0,4161.355953565194,False,False,False,False,365.4169527414543,False,False,False,False
2024-10-10 17:00:00+00:00,12.82,12.82,12.62,12.79,1505.0,,,,,,,,,,,,,,,,,,,,,,,10.86857455131155,"rgba(38, 166, 154, 1.0)",0.0,0.0,1.7881716012943636,9.949494089884762,1.5884973836175138,0.0,0.0,0.0,0.0,0.0,0.0,0.0,0.0,59.20396075428147,13.05134777981624,False,True,True,False,False,12.518104036950035,0,0.9377189141856389,0.8651488616462346,False,False,False,False,0.2642317908049445,0.2838173465690589,False,False,False,False,6146.0,4192.125628703718,False,False,False,False,383.084906962517,False,False,False,False
2024-10-11 17:00:00+00:00,13.17,13.81,13.17,13.74,1358.0,,,,,,,,,,,,,,,,,,,,,,,11.064554832283996,"rgba(38, 166, 154, 1.0)",0.0,0.0,1.8396833403585424,10.101229257851871,1.9779331922628358,0.0,0.0,0.0,0.0,0.0,0.0,0.0,0.0,61.96121998627656,13.05134777981624,False,True,True,False,True,16.098805808521764,0,0.9492077273713911,0.8500108530497069,False,False,False,False,0.34282824271464196,0.3133227946418504,False,False,False,False,7504.0,4243.472518181179,False,False,False,False,398.1998696452686,False,False,False,False
2024-10-14 17:00:00+00:00,14.61,14.61,13.655,13.655,200.0,,,,,,,,,,,,,,,,,,,,,,,11.095267307218526,"rgba(38, 166, 154, 1.0)",0.0,0.0,1.8791380092099752,10.381057567642584,1.7422575757135805,0.0,0.0,0.0,0.0,0.0,0.0,0.0,0.0,63.19935491501295,9.132074047157161,False,False,True,False,True,15.62464080754393,0,0.9592185331482863,0.8353795238603607,False,False,False,False,0.34282824379283966,0.328075519217345,False,False,False,False,7304.0,4290.92255665899,False,False,False,False,395.1270034492179,False,False,False,False
2024-10-15 17:00:00+00:00,13.15,13.325,13.15,13.325,164.0,,,,,,,,,,,,,,,,,,,,,,,11.113905928329668,"rgba(38, 166, 154, 1.0)",0.0,0.0,1.9058135762417472,10.371983823914011,1.5494779829983782,0.0,0.0,0.0,0.0,0.0,0.0,0.0,0.0,61.740145746927915,9.132074047157161,False,True,True,False,True,13.793726443597208,0,0.954950180199279,0.8577485690057239,False,False,False,False,0.2503859795938657,0.28923074940560534,False,False,False,False,7140.0,4335.094299966603,False,False,False,False,391.54363905465635,False,False,False,False
2024-10-16 17:00:00+00:00,14.6,14.6,14.06,14.06,338.0,,,,,,,,,,,,,,,,,,,,,,,11.16824761708839,"rgba(38, 166, 154, 1.0)",0.0,0.0,1.9495152504434738,10.429177867493442,1.8624230467961833,0.0,0.0,0.0,0.0,0.0,0.0,0.0,0.0,63.61259655160799,9.482407583610886,False,False,True,False,True,16.480728318355265,0,0.9558930614792466,0.8491625923228959,False,False,False,False,0.3428282440854413,0.31602949674552333,False,False,False,False,7478.0,4383.821520122159,False,False,False,False,390.7135051158245,False,False,False,False
2024-10-17 17:00:00+00:00,14.135,14.135,13.28,13.4,823.0,,,,,,,,,,,,,,,,,,,,,,,11.26719897699051,"rgba(38, 166, 154, 1.0)",0.0,0.0,1.9737770760513749,10.484018315280828,1.4773612076560936,0.0,0.0,0.0,0.0,0.0,0.0,0.0,0.0,60.97333584528997,9.482407583610886,False,True,True,False,False,12.943161705749933,0,0.9405189211362937,0.8637062865347145,False,False,False,False,0.2797770647630588,0.29790328075429107,False,False,False,False,6655.0,4419.033589577629,False,False,False,False,397.41562131557913,False,False,False,False
2024-10-18 17:00:00+00:00,14.005,14.19,13.61,14.05,301.0,,,,,,,,,,,,,,,,,,,,,,,11.306460116037858,"rgba(38, 166, 154, 1.0)",0.0,0.0,2.009185389138567,10.513265022178897,1.7602830465223862,0.0,0.0,0.0,0.0,0.0,0.0,0.0,0.0,61.59094590684067,9.482407583610886,False,True,True,False,False,15.264563932204126,0,0.943455710363063,0.8632157022271941,False,False,False,False,0.2990231441648337,0.2984632124595624,False,False,False,False,6956.0,4458.3664021423165,False,False,False,False,395.9208054812291,False,False,False,False
2024-10-21 17:00:00+00:00,13.445,13.445,13.445,13.445,0.0,,,,,,,,,,,,,,,,,,,,,,,11.306460116037858,"rgba(38, 166, 154, 1.0)",0.0,0.0,2.024665099656171,10.513265022178897,1.4480098354631443,0.0,0.0,0.0,0.0,0.0,0.0,0.0,0.0,58.982134242521596,13.279867283081927,False,True,True,False,False,12.167630059174062,0,0.94120623355596,0.8667273831208256,False,False,False,False,0.25385134763069195,0.2761572800451272,False,False,False,False,6956.0,4497.08940365949,False,False,False,False,389.7824984195046,False,False,False,False
2024-10-22 17:00:00+00:00,14.3,14.43,14.12,14.24,867.0,,,,,,,,,,,,,,,,,,,,,,,11.42605932664645,"rgba(38, 166, 154, 1.0)",0.0,0.0,2.0553186377549024,10.606888753613642,1.7676632613787489,0.0,0.0,0.0,0.0,0.0,0.0,0.0,0.0,59.951529163106116,13.279867283081927,False,True,True,False,False,14.931071142525301,0,0.9423553924000394,0.8560373052882229,False,False,False,False,0.3371573415695182,0.3066573108073227,False,False,False,False,7823.0,4548.653909029111,False,False,False,False,397.1812193742409,False,True,False,False
2024-10-23 17:00:00+00:00,14.25,14.25,13.17,13.17,200.0,,,,,,,,,,,,,,,,,,,,,,,11.445508743548263,"rgba(38, 166, 154, 1.0)",0.0,0.0,2.059992110542043,10.618447128107096,1.2386226426961982,0.0,0.0,0.0,0.0,0.0,0.0,0.0,0.0,56.26178022596752,10.711553021673218,False,True,True,False,False,9.80840294212992,1,0.928341306257932,0.8633212925900615,False,False,False,False,0.2800256951930693,0.293341503000196,False,False,False,False,7623.0,4596.318189509279,False,False,False,False,394.124146205648,False,False,False,False
2024-10-24 17:00:00+00:00,13.56,13.56,13.43,13.43,400.0,,,,,,,,,,,,,,,,,,,,,,,11.482319718629453,"rgba(38, 166, 154, 1.0)",0.0,0.0,2.07248303441256,10.640622626386378,1.3459108360827976,0.0,0.0,0.0,0.0,0.0,0.0,0.0,0.0,54.727752020468735,9.268252494967555,False,True,True,False,False,10.716329298032573,1,0.9298622643352544,0.8665624694734786,False,False,False,False,0.2586194810559095,0.27598049202805275,False,False,False,False,8023.0,4649.445039284329,False,False,False,False,394.2152447140876,False,False,False,False
2024-10-25 17:00:00+00:00,13.06,13.06,13.06,13.06,72.0,,,,,,,,,,,,,,,,,,,,,,,11.487458044963134,"rgba(38, 166, 154, 1.0)",0.0,0.0,2.074345278234387,10.643101578993274,1.1651379576807526,0.0,0.0,0.0,0.0,0.0,0.0,0.0,0.0,52.327043320647654,6.984060360576223,False,True,False,False,False,9.017188193848387,0,0.9298878595806921,0.8744027303754266,False,False,False,False,0.2161987669623251,0.24608962949518892,False,False,False,False,7951.0,4700.631937900075,False,False,False,False,389.21965952472186,False,False,False,False
2024-10-28 17:00:00+00:00,13.25,13.25,13.25,13.25,0.0,,,,,,,,,,,,,,,,,,,,,,,11.487458044963134,"rgba(38, 166, 154, 1.0)",0.0,0.0,2.0823724450731578,10.643101578993274,1.251888646132724,0.0,0.0,0.0,0.0,0.0,0.0,0.0,0.0,51.49948082104332,6.1275440312102205,False,True,False,False,False,9.695508370978196,0,0.9306747269890794,0.8736349453978158,False,False,False,False,0.23462467796593187,0.24035715373056038,False,False,False,False,7951.0,4751.025241188446,False,False,False,False,383.18524619875717,False,False,False,False
2024-10-29 17:00:00+00:00,12.98,12.98,12.98,12.98,0.0,,,,,,,,,,,,,,,,,,,,,,,11.487458044963134,"rgba(38, 166, 154, 1.0)",0.0,0.0,2.0874047790765626,10.643101578993274,1.1195233643378626,0.0,0.0,0.0,0.0,0.0,0.0,0.0,0.0,49.851506685734364,4.4407143299780145,False,True,False,False,False,8.451503248473816,0,0.9309037900874634,0.8737609329446064,False,False,False,False,0.20848421184630025,0.2244206827884303,False,False,False,False,7951.0,4800.637252952965,False,False,False,False,377.2443896685439,False,False,False,False
2024-10-30 17:00:00+00:00,12.71,12.71,12.71,12.71,0.0,,,,,,,,,,,,,,,,,,,,,,,11.487458044963134,"rgba(38, 166, 154, 1.0)",0.0,0.0,2.085907418069344,10.643101578993274,0.9908869411470755,0.0,0.0,0.0,0.0,0.0,0.0,0.0,0.0,47.6805306948321,2.2784000702053575,False,True,False,True,False,7.219224133325326,0,0.9304018637157832,0.8758493496408464,False,False,False,False,0.18262168889169925,0.2035211858400648,False,False,False,False,7951.0,4849.480086240515,False,False,False,False,371.39563944112456,False,False,False,False
2024-10-31 17:00:00+00:00,12.14,12.96,12.14,12.96,125.0,,,,,,,,,,,,,,,,,,,,,,,11.494200626724242,"rgba(38, 166, 154, 1.0)",0.0,0.0,2.0848418502468,10.64512270875463,1.1103371178832289,0.0,0.0,0.0,0.0,0.0,0.0,0.0,0.0,47.50140679105975,1.9388172897182514,False,True,False,True,False,8.151864886608674,0,0.9213450852653763,0.8707606821230122,False,False,False,False,0.16741111592377894,0.18546615088192187,False,False,False,False,8076.0,4899.503650794925,False,False,False,False,367.5755520079288,False,False,False,False
2024-11-01 17:00:00+00:00,12.56,12.73,12.43,12.57,534.0,,,,,,,,,,,,,,,,,,,,,,,11.519590983630561,"rgba(38, 166, 154, 1.0)",0.0,0.0,2.0690960575805692,10.652935711258618,0.9265226144130979,0.0,0.0,0.0,0.0,0.0,0.0,0.0,0.0,45.72540556554101,0.06022608570761179,False,True,False,True,False,6.369614835252602,0,0.9245318886037447,0.8708297690333618,False,False,False,False,0.1665223133051366,0.1759942320935292,False,False,False,False,7542.0,4940.472586441515,False,False,False,False,370.15577600780585,False,False,False,False
2024-11-04 17:00:00+00:00,12.105,12.53,12.105,12.5,211.0,,,,,,,,,,,,,,,,,,,,,,,11.527476897187043,"rgba(239, 83, 80, 1.0)",0.0,0.0,2.0508359820388327,10.654875049255368,0.8996940598391033,0.0,0.0,0.0,0.0,0.0,0.0,0.0,0.0,44.24840167796218,-1.5081278201548258,False,True,False,True,False,6.051440797893246,0,0.9175824175824173,0.8795945433876468,False,False,False,False,0.1409036810426931,0.15844895656811114,False,False,False,False,7331.0,4977.535026961801,False,False,False,False,367.6882445968321,False,False,False,False
2024-11-05 17:00:00+00:00,12.28,12.35,12.13,12.13,268.0,,,,,,,,,,,,,,,,,,,,,,,11.53526909012691,"rgba(239, 83, 80, 1.0)",0.0,0.0,2.0276847468066603,10.655862893808644,0.7270050773488981,0.0,0.0,0.0,0.0,0.0,0.0,0.0,0.0,41.74585131265942,-3.9886259807041284,False,True,False,True,False,4.377358782045821,0,0.9111636707663195,0.881929990539262,False,False,False,False,0.13344748986379815,0.14594822321595463,False,False,False,False,7063.0,5009.867817241463,False,False,False,False,366.14269041703625,False,False,False,False
2024-11-06 17:00:00+00:00,11.9,11.9,11.7,11.7,324.0,,,,,,,,,,,,,,,,,,,,,,,11.538450082735798,"rgba(239, 83, 80, 1.0)",0.0,0.0,2.001035434671452,10.651888998374293,0.5237843285857626,0.0,0.0,0.0,0.0,0.0,0.0,0.0,0.0,38.534285751355824,-7.035542483100613,False,True,False,True,False,2.4795871724001444,0,0.9075804776739353,0.8847352024922118,False,False,False,False,0.08805135623266895,0.1169997897243118,False,False,False,False,6739.0,5036.676068136944,False,False,False,False,365.48931537181085,False,False,False,False
2024-11-07 17:00:00+00:00,11.71,11.79,11.23,11.35,378.0,,,,,,,,,,,,,,,,,,,,,,,11.537159143107697,"rgba(239, 83, 80, 1.0)",0.0,0.0,1.9720279268164789,10.643923964731387,0.3580456572988083,0.0,0.0,0.0,0.0,0.0,0.0,0.0,0.0,35.28596251865821,-10.030864865449658,False,True,False,True,False,0.9710059710778012,0,0.8995600486754652,0.8883272489001215,False,False,False,False,0.05194430945232251,0.08447204958831715,False,False,False,False,6361.0,5057.208222119317,False,False,False,False,365.68327947457345,False,False,False,False
2024-11-08 17:00:00+00:00,11.08,11.6,11.08,11.5,888.0,,,,,,,,,,,,,,,,,,,,,,,11.532016508959133,"rgba(239, 83, 80, 1.0)",0.0,0.0,1.9419074095814512,10.629096836913503,0.44847821208643895,0.0,0.0,0.0,0.0,0.0,0.0,0.0,0.0,34.24808859791085,-10.990357754534884,False,True,False,True,False,1.5960319515862942,0,0.896635287538447,0.8944915649175134,False,False,False,False,0.03514707111518968,0.059809560351753416,False,False,False,False,7249.0,5091.189489993436,False,False,False,False,373.78121312613047,False,False,False,False
2024-11-11 17:00:00+00:00,11.91,12.315,11.87,12.06,467.0,,,,,,,,,,,,,,,,,,,,,,,11.542161423339396,"rgba(239, 83, 80, 1.0)",0.0,0.0,1.915750747860452,10.635791163606926,0.7434207388323655,0.0,0.0,0.0,0.0,0.0,0.0,0.0,0.0,37.31700159297227,-10.990357754534884,False,True,False,True,True,3.8834094378498243,0,0.9060686987752092,0.8861773643981949,False,False,False,False,0.10978145278047892,0.08479550656611617,False,False,False,False,7716.0,5131.884226582685,False,False,False,False,375.22646563580287,False,False,False,False
2024-11-12 17:00:00+00:00,11.77,11.96,11.525,11.9,2011.0,,,,,,,,,,,,,,,,,,,,,,,11.560777407583691,"rgba(239, 83, 80, 1.0)",0.0,0.0,1.8889017568012372,10.651048404736514,0.6612051636706214,0.0,0.0,0.0,0.0,0.0,0.0,0.0,0.0,38.62778930413183,-10.990357754534884,False,True,False,True,True,3.1732070731342112,0,0.8981481481481479,0.8953061972863953,False,False,False,False,0.07496641322298883,0.0798809598945525,False,False,False,False,5705.0,5140.769742449621,False,False,False,False,400.58729562594544,False,False,False,False
2024-11-13 17:00:00+00:00,11.84,12.645,11.81,12.5,709.0,,,,,,,,,,,,,,,,,,,,,,,11.57994474579497,"rgba(239, 83, 80, 1.0)",0.0,0.0,1.8517874661579747,10.669929599268414,0.9882723769205293,0.0,0.0,0.0,0.0,0.0,0.0,0.0,0.0,42.955289437952516,-12.273397264049763,False,True,False,True,True,5.565300795956922,0,0.9064989138305574,0.8840514120202752,False,False,False,False,0.12327666250784926,0.10157881120120088,False,False,False,False,6414.0,5160.50974644265,False,False,False,False,405.36888794182227,False,False,False,False
2024-11-14 17:00:00+00:00,13.29,13.69,13.19,13.415,230.0,,,,,,,,,,,,,,,,,,,,,,,11.595019644626928,"rgba(38, 166, 154, 1.0)",0.0,0.0,1.8248383193838962,10.855579634971363,1.4025463723782117,0.0,0.0,0.0,0.0,0.0,0.0,0.0,0.0,49.586939293732556,-6.262144194276978,False,True,False,False,True,8.986424214487542,0,0.922660273486059,0.874622624755816,False,False,False,False,0.247141866506939,0.17436033885406993,False,False,False,False,6644.0,5183.509595335012,False,False,False,False,402.6499904543521,False,False,False,False
2024-11-15 17:00:00+00:00,12.715,12.715,11.85,11.88,1319.0,,,,,,,,,,,,,,,,,,,,,,,11.619699931238939,"rgba(38, 166, 154, 1.0)",0.0,0.0,1.7825437967655489,10.812986430749973,0.5985903803239725,0.0,0.0,0.0,0.0,0.0,0.0,0.0,0.0,47.62300749832394,-6.262144194276978,False,True,False,False,True,2.453682825137566,0,0.9045765204602472,0.8836404533264124,False,False,False,False,0.12878726974990806,0.151573804301989,False,False,False,False,5325.0,5185.70324501974,False,False,False,False,416.8569673465327,False,False,False,False
2024-11-18 17:00:00+00:00,11.88,12.07,11.59,12.07,148.0,,,,,,,,,,,,,,,,,,,,,,,11.621145619525107,"rgba(38, 166, 154, 1.0)",0.0,0.0,1.7276795274441086,10.812584729343712,0.7278058521168456,0.0,0.0,0.0,0.0,0.0,0.0,0.0,0.0,47.077816931589155,-6.262144194276978,False,True,False,True,False,3.159472069091297,0,0.9003008165019336,0.8963472281908036,False,False,False,False,0.08364991785078593,0.11761186107638746,False,False,False,False,5473.0,5190.157458275248,False,False,False,False,412.68864227139267,False,False,False,False
2024-11-19 17:00:00+00:00,11.89,11.89,11.02,11.27,215.0,,,,,,,,,,,,,,,,,,,,,,,11.619509365047548,"rgba(239, 83, 80, 1.0)",0.0,0.0,1.671989891775111,10.806096933555256,0.27745566449102665,0.0,0.0,0.0,0.0,0.0,0.0,0.0,0.0,44.23610060761226,-6.262144194276978,False,True,False,True,False,0.02353388844209192,0,0.8871230993900865,0.9080834979812732,False,False,False,False,0.0465071603003404,0.08205951068836392,False,False,False,False,5258.0,5191.20928062757,False,False,False,False,409.6237020811385,False,False,False,False
2024-11-20 17:00:00+00:00,10.38,11.06,10.38,11.06,671.0,,,,,,,,,,,,,,,,,,,,,,10.833333333333334,11.602272831236727,"rgba(239, 83, 80, 1.0)",0.0,0.0,1.614012324545179,10.844008737967162,0.13382256055182487,1.0,11.06,10.38,0.0,0.0,0.0,0.0,0.0,41.756040076395365,-1.9088106887387823,False,True,False,True,False,0.0,0,0.8639048189677307,0.9253616365659505,False,False,False,False,-0.026016332137195307,0.02802158927558431,False,False,True,False,4587.0,5181.841694881406,False,False,False,False,413.67604778530693,False,False,False,False
2024-11-21 17:00:00+00:00,11.4,11.68,11.4,11.665,119.0,,,,,,,,,,,,,,,,,,,,,,10.946056962025317,11.602193019572104,"rgba(239, 83, 80, 1.0)",0.0,0.0,1.5538414414685857,10.85088064281004,0.5239397891335095,0.0,0.0,0.0,0.0,1.0,11.665,11.06,0.0,42.813757195464966,-1.9088106887387823,False,True,False,True,False,1.5225592765058487,0,0.8746506309816209,0.9198780384517659,False,False,False,False,0.054911300508829926,0.04146644489220712,False,False,False,False,4706.0,5174.464304263089,False,False,False,False,409.10742688941065,False,False,False,False
2024-11-22 17:00:00+00:00,11.665,12.12,11.665,12.05,782.0,,,,,,,,,,,,,,,,,,,,,,11.442986641221374,11.610701718191244,"rgba(239, 83, 80, 1.0)",0.0,0.0,1.4965716075672835,10.894224494193285,0.7722821280068646,0.0,0.0,0.0,0.0,1.0,12.29,11.68,0.0,45.067382925816005,-1.9088106887387823,False,True,False,True,True,2.9408262690401443,0,0.8792111054680883,0.9188251227357372,False,False,False,False,0.08986005976888657,0.06566325233054685,False,False,False,False,5488.0,5179.325322801645,False,False,False,False,414.88870709267553,False,False,False,False
2024-11-25 17:00:00+00:00,12.365,12.72,12.29,12.72,1077.0,,,,,,,,,,,,,,,,,,,,,,11.903905247263118,11.642630768601213,"rgba(239, 83, 80, 1.0)",0.0,0.0,1.433498215951133,10.964012444124771,1.2249666838337314,0.0,0.0,0.0,0.0,0.0,0.0,0.0,0.0,48.95222448300767,-7.229930533249771,False,True,False,False,True,5.3288835620824635,0,0.8867164554837624,0.9083661995468659,False,False,False,False,0.15116335773037629,0.10841330503046157,False,False,False,False,6565.0,5200.808651130301,False,False,False,False,425.15399845557977,False,False,False,False
2024-11-26 17:00:00+00:00,12.72,12.72,12.72,12.72,0.0,,,,,,,,,,,,,,,,,,,,,,11.903905247263118,11.642630768601213,"rgba(239, 83, 80, 1.0)",0.0,0.0,1.3774037400352186,10.964012444124771,1.274853192884703,0.0,0.0,0.0,0.0,0.0,0.0,0.0,0.0,51.54211885446878,-4.701479123115959,False,False,True,False,True,5.3288835620824635,0,0.8918826447694806,0.9231887776922418,False,False,False,False,0.17292864287314633,0.14067097395180395,False,False,False,False,6565.0,5221.958904601149,False,False,False,False,418.5624635958033,False,False,False,False
2024-11-27 17:00:00+00:00,12.33,13.075,12.33,13.075,237.0,,,,,,,,,,,,,,,,,,,,,,11.979682952182952,11.65118093642088,"rgba(38, 166, 154, 1.0)",0.0,0.0,1.343062176151556,10.979066069560043,1.5605635894279282,0.0,0.0,0.0,0.0,0.0,0.0,0.0,0.0,54.520884309174924,-1.8101697900265137,False,False,True,False,True,6.579836497752531,0,0.8761740629039205,0.9295131408875486,False,False,False,False,0.1711512438978545,0.15591110892482923,False,False,False,False,6802.0,5246.455665770122,False,False,False,False,415.7475416795893,False,False,False,False
2024-11-28 17:00:00+00:00,13.075,13.075,13.075,13.075,0.0,,,,,,,,,,,,,,,,,,,,,,11.979682952182952,11.65118093642088,"rgba(38, 166, 154, 1.0)",0.0,0.0,1.3076429624010757,10.979066069560043,1.6028334879663422,0.0,0.0,0.0,0.0,0.0,0.0,0.0,0.0,56.506727945645686,0.17435972893054696,True,False,True,False,True,6.579836497752531,0,0.9000087711604242,0.9271993684764493,False,False,False,False,0.20923544925946624,0.18257327909214774,False,False,False,False,6802.0,5270.57263219229,False,False,False,False,409.3018433589755,False,False,False,False
2024-11-29 17:00:00+00:00,14.5,14.5,13.26,13.26,168.0,,,,,,,,,,,,,,,,,,,,,,12.072850360183367,11.661479275292024,"rgba(38, 166, 154, 1.0)",0.0,0.0,1.2946990571745205,10.997020755718722,1.7478805068568428,0.0,0.0,0.0,0.0,0.0,0.0,0.0,0.0,58.54397027404319,2.2603315179481314,True,False,True,False,True,7.240001974711426,0,0.9019607843137254,0.9050567595459238,False,False,False,False,0.29379279819815063,0.23818303864514917,False,False,False,False,6970.0,5296.920343321091,False,False,False,False,405.5607295084487,False,False,False,False
2024-12-02 17:00:00+00:00,13.535,13.88,13.535,13.785,2086.0,,,,,,,,,,,,,,,,,,,,,,12.746735084306097,11.784701250689018,"rgba(38, 166, 154, 1.0)",0.0,0.0,1.2909890405044675,11.173615277446132,2.0227783820174356,0.0,0.0,0.0,0.0,0.0,0.0,0.0,0.0,61.7387231266086,5.418141490297657,True,False,True,False,True,9.08177333940942,0,0.9092781735473346,0.9065316281864216,False,False,False,False,0.2753655343693537,0.2567742865072514,False,False,False,False,9056.0,5355.200648075803,False,False,False,False,431.61405153157347,False,False,False,False
2024-12-03 17:00:00+00:00,13.315,13.445,13.045,13.445,24.0,,,,,,,,,,,,,,,,,,,,,,12.749360637748515,11.785745389100992,"rgba(38, 166, 154, 1.0)",0.0,0.0,1.2603404444974298,11.17485613900201,1.8012147994689063,0.0,0.0,0.0,0.0,0.0,0.0,0.0,0.0,61.666365331186164,5.56772773744725,True,False,True,False,True,7.598141498800285,0,0.8956862077767378,0.9091295839360164,False,False,False,False,0.2268104908634065,0.24179238868532896,False,False,False,False,9032.0,5412.205289190906,False,False,False,False,425.2944538334095,False,False,False,False
2024-12-04 17:00:00+00:00,13.445,13.525,13.14,13.16,7606.0,,,,,,,,,,,,,,,,,,,,,,13.06243918037066,12.05099619863869,"rgba(38, 166, 154, 1.0)",0.0,0.0,1.225158934348665,11.461788994877821,1.3861148602936189,0.0,0.0,0.0,0.0,0.0,0.0,0.0,0.0,59.899932816475136,5.56772773744725,True,False,True,False,True,6.370055550128416,0,0.8976771787046455,0.9042048151915903,False,False,False,False,0.23590979880027918,0.23885109374280405,False,False,False,False,1426.0,5350.403656800349,False,False,False,False,536.623221991031,False,False,False,False
2024-12-05 17:00:00+00:00,13.15,13.575,13.15,13.4,4950.0,,,,,,,,,,,,,,,,,,,,,,13.149751598946576,12.188525447321666,"rgba(38, 166, 154, 1.0)",0.0,0.0,1.1833864979809197,11.60789416526389,1.5143875967773681,0.0,0.0,0.0,0.0,1.0,13.69,13.525,0.0,59.79187106657828,5.56772773744725,True,False,True,False,True,7.235818487093489,0,0.913649978605049,0.9024390243902438,False,False,False,False,0.2390383400256627,0.23894471688423338,False,False,False,False,6376.0,5366.304375299569,False,False,False,False,605.0476681617126,False,False,False,False
2024-12-06 17:00:00+00:00,13.69,15.775,13.69,15.505,3969.0,,,,,,,,,,,,,,,,,,,,,,13.48650967464306,12.403914953928806,"rgba(38, 166, 154, 1.0)",0.0,0.0,1.2083328474680355,11.832834900859671,3.039034407477258,0.0,0.0,0.0,0.0,0.0,0.0,0.0,0.0,65.38590817377649,9.746780462970236,True,False,True,False,True,14.110357052599294,0,0.9235526966848094,0.8527131782945736,False,False,False,False,0.34282824397624506,0.29088648043023924,False,False,False,False,10345.0,5443.493454752289,False,False,False,False,657.2019678801357,False,False,False,False
2024-12-09 17:00:00+00:00,17.145,17.245,16.38,16.94,2589.0,,,,,,,,,,,,,,,,,,,,,,13.84572466155916,12.616485218524804,"rgba(38, 166, 154, 1.0)",0.0,0.0,1.2990494168380688,12.049195460046736,3.764910307921659,0.0,0.0,0.0,0.0,0.0,0.0,0.0,0.0,71.01940887911577,14.973002606805295,True,False,True,False,True,18.12406380528556,0,0.9598026528631509,0.8379165318667098,False,False,False,False,0.3428282463428315,0.31685736338653536,False,False,False,False,12934.0,5559.625339174734,False,False,False,False,687.1523249672654,False,False,False,False
2024-12-10 17:00:00+00:00,16.66,16.66,16.12,16.37,500.0,,,,,,,,,,,,,,,,,,,,,,13.896931552183387,12.650909550616563,"rgba(38, 166, 154, 1.0)",0.0,0.0,1.3594682916625804,12.083990696009002,3.1527100192600783,0.0,0.0,0.0,0.0,0.0,0.0,0.0,0.0,72.07990881725317,15.908650522658661,True,False,True,False,True,15.700748301984891,0,0.9536583406955262,0.8364789976708698,False,False,False,False,0.30908847595121414,0.31297291966887475,False,False,False,False,12434.0,5666.204791280552,False,False,False,False,684.2507385336644,False,False,False,False
2024-12-11 17:00:00+00:00,16.37,17.53,16.37,17.08,1174.0,,,,,,,,,,,,,,,,,,,,,,14.037004598232635,12.742131064428778,"rgba(38, 166, 154, 1.0)",0.0,0.0,1.4339164789025916,12.175742722546065,3.420183357685708,0.0,0.0,0.0,0.0,0.0,0.0,0.0,0.0,73.82772144810048,17.64862692794324,True,False,True,False,True,17.599300928531395,0,0.9588954635108481,0.8254832347140039,False,False,False,False,0.3428282464620237,0.3279005830654492,False,False,False,False,13608.0,5789.333399167675,False,False,False,False,691.843750339344,False,False,False,False
2024-12-12 17:00:00+00:00,16.76,17.44,16.76,17.385,1429.0,,,,,,,,,,,,,,,,,,,,,,14.201818718576142,12.853151734566287,"rgba(38, 166, 154, 1.0)",0.0,0.0,1.5200390049523447,12.286835831940525,3.3539693070042707,0.0,0.0,0.0,0.0,0.0,0.0,0.0,0.0,75.41062005871859,19.315384273945696,True,False,True,False,True,18.393726846788464,0,0.9652310101801096,0.8281910728269383,False,False,False,False,0.34282824658810085,0.33536441482677504,False,False,False,False,15037.0,5932.708075149572,False,False,False,False,703.2725294038502,False,False,False,False
2024-12-13 17:00:00+00:00,17.05,17.08,16.64,16.685,502.0,,,,,,,,,,,,,,,,,,,,,,14.248625865222538,12.887434981637465,"rgba(38, 166, 154, 1.0)",0.0,0.0,1.5740999058234677,12.321083423253466,2.7723250351530977,0.0,0.0,0.0,0.0,0.0,0.0,0.0,0.0,73.19552544515314,19.315384273945696,True,False,True,False,True,15.461666319862815,0,0.9598033093974396,0.8296128629409927,False,False,False,False,0.3241563116017145,0.32976036321424473,False,False,False,False,14535.0,6066.076942201517,False,False,False,False,700.1520250720075,False,False,False,False
2024-12-16 17:00:00+00:00,17.475,17.475,16.61,16.84,9497.0,,,,,,,,,,,,,,,,,,,,,,14.941305778491172,13.464129353972922,"rgba(38, 166, 154, 1.0)",0.0,0.0,1.6275908604464897,12.893967608187385,2.424462122335903,0.0,0.0,0.0,0.0,0.0,0.0,0.0,0.0,72.03286399580493,19.315384273945696,True,False,True,False,False,15.881028899058453,0,0.958952637658837,0.8256449749711205,False,False,False,False,0.33833419749037486,0.3340472803523098,False,False,False,False,24032.0,6344.618384958083,False,False,False,False,836.5372649933718,False,False,False,False
2024-12-17 17:00:00+00:00,17.57,18.57,17.35,18.13,2987.0,,,,,,,,,,,,,,,,,,,,,,15.168870446982272,13.657560869214757,"rgba(38, 166, 154, 1.0)",0.0,0.0,1.7114942025625852,13.489491400049786,2.7113785094930933,0.0,0.0,0.0,0.0,0.0,0.0,0.0,0.0,73.48156207243129,19.315384273945696,True,False,True,False,False,19.217757650407272,0,0.9636623532952149,0.8081552813722538,False,False,False,False,0.3428282472402173,0.33843776379626356,False,False,False,False,27019.0,6665.151433253306,False,False,False,False,869.8777725128544,False,False,False,False
2024-12-18 17:00:00+00:00,18.29,18.29,16.55,17.07,4342.0,,,,,,,,,,,,,,,,,,,,,,15.376162890394925,13.86963626863872,"rgba(38, 166, 154, 1.0)",0.0,0.0,1.7534392022639307,13.661522223454377,1.94388135736033,0.0,0.0,0.0,0.0,0.0,0.0,0.0,0.0,70.14083690187813,19.315384273945696,True,False,True,False,False,14.960443450563815,0,0.953579048039432,0.8162289413668802,False,False,False,False,0.30455277093904654,0.32149526736765505,False,False,False,False,22677.0,6913.397147466432,False,False,False,False,923.7091248769963,False,False,False,False
2024-12-19 17:00:00+00:00,16.455,16.75,16.17,16.75,610.0,,,,,,,,,,,,,,,,,,,,,,15.392052634288783,13.891417307837118,"rgba(38, 166, 154, 1.0)",0.0,0.0,1.7919990523444864,13.677089663552325,1.7147946213628644,0.0,0.0,0.0,0.0,0.0,0.0,0.0,0.0,66.7645100493769,22.49123163657832,True,False,True,False,False,13.725437286622792,0,0.945159647974398,0.8331515019274128,False,False,False,False,0.23851540190975778,0.2800053346387064,False,False,False,False,22067.0,7148.33672657548,False,False,False,False,918.8454175145622,False,False,False,False
2024-12-20 17:00:00+00:00,17.36,18.04,17.19,17.435,1277.0,,,,,,,,,,,,,,,,,,,,,,15.451329906715884,13.952548826168389,"rgba(38, 166, 154, 1.0)",0.0,0.0,1.8418221906530268,13.734693144747272,2.0090467331923967,0.0,0.0,0.0,0.0,0.0,0.0,0.0,0.0,66.05574568749982,21.68827157379988,True,False,True,False,False,15.509378588691867,0,0.9543045408967195,0.8254548059017334,False,False,False,False,0.3182695301479615,0.29913743239333396,False,False,False,False,23344.0,7399.4322812022165,False,False,False,False,924.3982017391427,False,False,False,False
2024-12-23 17:00:00+00:00,17.03,17.03,17.03,17.03,0.0,,,,,,,,,,,,,,,,,,,,,,15.451329906715884,13.952548826168389,"rgba(38, 166, 154, 1.0)",0.0,0.0,1.8687774897794116,13.734693144747272,1.7633489665169841,0.0,0.0,0.0,0.0,0.0,0.0,0.0,0.0,64.04367617881046,19.591822731950586,True,False,True,False,False,13.947057477323149,0,0.9506031836676421,0.8346777071882362,False,False,False,False,0.27744384519096343,0.28829063879214867,False,False,False,False,23344.0,7646.6348814936555,False,False,False,False,910.0664466734195,False,False,False,False
2024-12-24 17:00:00+00:00,17.03,17.03,16.75,16.77,113.0,,,,,,,,,,,,,,,,,,,,,,15.454713616933212,13.956820735966321,"rgba(38, 166, 154, 1.0)",0.0,0.0,1.8802515956815447,13.738212771839718,1.6124369925405295,0.0,0.0,0.0,0.0,0.0,0.0,0.0,0.0,61.72050853094025,17.225043213519427,True,False,True,False,False,12.952528828440666,0,0.9450142450142448,0.8361111111111111,False,False,False,False,0.26781050720124444,0.27805057299669655,False,False,False,False,23231.0,7888.252945346468,False,False,False,False,897.7088273451494,False,False,False,False
2024-12-25 17:00:00+00:00,16.77,16.77,16.77,16.77,0.0,,,,,,,,,,,,,,,,,,,,,,15.454713616933212,13.956820735966321,"rgba(38, 166, 154, 1.0)",0.0,0.0,1.893621643287766,13.738212771839718,1.6010522687607205,0.0,0.0,0.0,0.0,0.0,0.0,0.0,0.0,60.17173009902678,15.583049640335133,True,False,True,False,False,12.952528828440666,0,0.9426354340416272,0.8479947784465879,False,False,False,False,0.25959189102727875,0.26882123201198765,False,False,False,False,23231.0,8126.124992705438,False,False,False,False,883.7908610297208,False,False,False,False
2024-12-26 17:00:00+00:00,16.99,17.16,16.735,16.97,56.0,,,,,,,,,,,,,,,,,,,,,,15.456510174988418,13.959009787176715,"rgba(38, 166, 154, 1.0)",0.0,0.0,1.9150224918115386,13.740066597393735,1.6866294868165592,0.0,0.0,0.0,0.0,0.0,0.0,0.0,0.0,59.79164586105679,14.96486335409648,True,False,True,False,False,13.503263323937336,0,0.9442016317016317,0.8416375291375292,False,False,False,False,0.27176108861463844,0.270291160313313,False,False,False,False,23287.0,8361.177318399927,False,False,False,False,870.9568941920506,False,False,False,False
2024-12-27 17:00:00+00:00,16.97,16.97,16.26,16.47,137.0,,,,,,,,,,,,,,,,,,,,,,15.459752924537689,13.96365928731324,"rgba(38, 166, 154, 1.0)",0.0,0.0,1.9379825188177455,13.743618284266061,1.4068144006774377,0.0,0.0,0.0,0.0,0.0,0.0,0.0,0.0,57.30163691104288,12.364541288470427,False,False,True,False,False,11.543663454515332,0,0.9404356951581384,0.8386046175001809,False,False,False,False,0.24902654794665313,0.2596588541299831,False,False,False,False,23150.0,8590.461390982873,False,False,False,False,859.5777175379103,False,False,False,False
2024-12-30 17:00:00+00:00,15.84,16.26,15.84,16.25,81.0,,,,,,,,,,,,,,,,,,,,,,15.460885462117503,13.965926583200073,"rgba(38, 166, 154, 1.0)",0.0,0.0,1.932878689164676,14.005582038878988,1.1611789056927173,0.0,0.0,0.0,0.0,0.0,0.0,0.0,0.0,54.71261725760424,9.76130703128679,False,False,True,False,False,10.691792237934006,0,0.9308659719726913,0.8480776140855193,False,False,False,False,0.210952914321023,0.23530588422550303,False,False,False,False,23069.0,8814.93485778934,False,False,False,False,847.5067451729815,False,False,False,False
2024-12-31 17:00:00+00:00,16.38,16.38,16.07,16.3,7.0,,,,,,,,,,,,,,,,,,,,,,15.461003014825849,13.966134431386823,"rgba(38, 166, 154, 1.0)",0.0,0.0,1.939186987160109,14.00637110146977,1.1827786148097013,0.0,0.0,0.0,0.0,0.0,0.0,0.0,0.0,53.21263084533694,8.200274322902104,False,False,True,False,False,10.838257982479195,0,0.9344637618945408,0.8470344136796165,False,False,False,False,0.22267646020279938,0.22899117221415122,False,False,False,False,23076.0,9036.036642939893,False,False,False,False,834.4756328447181,False,False,False,False
2025-01-01 17:00:00+00:00,16.3,16.3,16.3,16.3,0.0,,,,,,,,,,,,,,,,,,,,,,15.461003014825849,13.966134431386823,"rgba(38, 166, 154, 1.0)",0.0,0.0,1.9330870447350406,14.00637110146977,1.1865109255049655,0.0,0.0,0.0,0.0,0.0,0.0,0.0,0.0,52.212639903825405,7.061707106923997,False,True,False,False,False,10.838257982479195,0,0.9391983939198391,0.8478525847852584,False,False,False,False,0.22771914983252609,0.22835516102333864,False,False,False,False,23076.0,9253.710493436949,False,False,False,False,821.5380261339473,False,False,False,False
2025-01-02 17:00:00+00:00,16.92,16.92,16.65,16.77,71.0,,,,,,,,,,,,,,,,,,,,,,15.46299295949229,13.968729203195013,"rgba(38, 166, 154, 1.0)",0.0,0.0,1.9298115321319538,14.026540942835618,1.4216202004625564,0.0,0.0,0.0,0.0,0.0,0.0,0.0,0.0,53.833235501074846,7.061707106923997,False,False,True,False,False,12.237351113210028,0,0.9421705647461494,0.8439817455790074,False,False,False,False,0.26061732291621387,0.24448624196977625,False,False,False,False,23147.0,9469.110330748004,False,False,False,False,809.9017776667542,False,False,False,False
2025-01-03 17:00:00+00:00,16.99,17.51,16.99,17.49,309.0,,,,,,,,,,,,,,,,,,,,,,15.475171662796424,13.982164894442718,"rgba(38, 166, 154, 1.0)",0.0,0.0,1.9527094297711185,14.075635871483755,1.7485264711997879,0.0,0.0,0.0,0.0,0.0,0.0,0.0,0.0,57.659920870517794,2.8150949290910248,False,False,True,False,True,14.306175122345323,0,0.9445621468926552,0.8334039548022597,False,False,False,False,0.29268478720664637,0.26858551458821134,False,False,False,False,23456.0,9685.961333372064,False,False,False,False,802.1358586331612,False,False,False,False
2025-01-06 17:00:00+00:00,18.1,18.99,18.1,18.715,995.0,,,,,,,,,,,,,,,,,,,,,,15.539492194768943,14.04086812517827,"rgba(38, 166, 154, 1.0)",0.0,0.0,2.016774418236701,14.612087653075582,2.0343932914974503,0.0,0.0,0.0,0.0,0.0,0.0,0.0,0.0,63.31747883425549,8.026225697385115,True,False,True,False,True,17.591483376967787,0,0.9528824833702881,0.8246951219512194,False,False,False,False,0.34282824762504216,0.30570688110662675,False,False,False,False,24451.0,9914.876661536839,False,False,False,False,805.1260003597788,False,False,False,False
2025-01-07 17:00:00+00:00,18.84,18.84,18.0,18.085,2010.0,,,,,,,,,,,,,,,,,,,,,,15.649971017369726,14.147675644489825,"rgba(38, 166, 154, 1.0)",0.0,0.0,2.060335838101569,14.701865251341712,1.6420307243578172,0.0,0.0,0.0,0.0,0.0,0.0,0.0,0.0,63.74234172583434,8.334539020196992,True,False,True,False,True,15.033978650640183,0,0.9511876075731496,0.8322891566265058,False,False,False,False,0.3343638144240342,0.3200353477653305,False,False,False,False,22441.0,10109.08012414867,False,False,False,False,823.8062174084644,False,False,False,False
2025-01-08 17:00:00+00:00,18.085,18.085,17.06,17.06,68.0,,,,,,,,,,,,,,,,,,,,,,15.652332401588591,14.15042856372677,"rgba(38, 166, 154, 1.0)",0.0,0.0,2.075115687646606,14.701639105281751,1.136496104172809,0.0,0.0,0.0,0.0,0.0,0.0,0.0,0.0,59.77137260539028,8.334539020196992,False,False,True,False,False,11.086344389610357,0,0.9383860414394766,0.8441248636859324,False,False,False,False,0.27811023868201507,0.29907279322367275,False,False,False,False,22373.0,10299.218416797527,False,False,False,False,812.0882915571704,False,False,False,False
2025-01-09 17:00:00+00:00,17.06,17.06,17.06,17.06,0.0,,,,,,,,,,,,,,,,,,,,,,15.652332401588591,14.15042856372677,"rgba(38, 166, 154, 1.0)",0.0,0.0,2.0790434672557154,14.701639105281751,1.1343490080230134,0.0,0.0,0.0,0.0,0.0,0.0,0.0,0.0,57.124059858427586,12.988884175063355,False,False,True,False,False,11.086344389610357,0,0.9362372440243819,0.8601465653037463,False,False,False,False,0.24492733437148873,0.27200006379758074,False,False,False,False,22373.0,10486.4088289402,False,False,False,False,799.4977754089972,False,False,False,False
2025-01-10 17:00:00+00:00,16.76,16.76,16.43,16.43,79.0,,,,,,,,,,,,,,,,,,,,,,15.653720425425227,14.152774891452054,"rgba(239, 83, 80, 1.0)",0.0,0.0,2.0920629350773012,14.6979423475142,0.8279185216872076,0.0,0.0,0.0,0.0,0.0,0.0,0.0,0.0,53.05750992563333,9.223449116111027,False,True,False,False,False,8.73665419782877,0,0.9271636090840891,0.8620336902407418,False,False,False,False,0.21527269272161492,0.24363637825959783,False,False,False,False,22294.0,10669.47225794888,False,False,False,False,788.3272672631213,False,False,False,False
2025-01-13 17:00:00+00:00,16.43,16.43,15.61,15.61,230.0,,,,,,,,,,,,,,,,,,,,,,15.654760994640604,14.157707946029463,"rgba(239, 83, 80, 1.0)",0.0,0.0,2.0933227455691217,14.680982257262041,0.44380052942356085,0.0,0.0,0.0,0.0,0.0,0.0,0.0,0.0,47.90204204992695,4.529603979615004,False,True,False,True,False,5.80728519615953,0,0.9167680043237401,0.8665045264153494,False,False,False,False,0.17910613678124623,0.21137125752042202,False,False,False,False,22064.0,10846.131602786883,False,False,False,False,779.6710305613674,False,False,False,False
2025-01-14 17:00:00+00:00,15.355,15.355,14.66,14.75,414.0,,,,,,,,,,,,,,,,,,,,,,15.648829300707499,14.161607809288943,"rgba(239, 83, 80, 1.0)",0.0,0.0,2.0889222683582966,14.79202539315469,-0.020118217796451583,0.0,0.0,0.0,0.0,0.0,0.0,0.0,0.0,42.44146769738919,-0.3545768617618634,False,True,False,True,False,2.8911664274072955,0,0.9092973550627836,0.8789740849585893,False,False,False,False,0.11647388917739183,0.16392257334890692,False,False,False,False,21650.0,11013.633438402589,False,False,False,False,774.0017122580904,False,False,False,False
2025-01-15 17:00:00+00:00,15.09,15.325,15.09,15.32,506.0,,,,,,,,,,,,,,,,,,,,,,15.644874787118747,14.168325409079397,"rgba(239, 83, 80, 1.0)",0.0,0.0,2.08787708899223,14.767116143930496,0.26480670676661766,0.0,0.0,0.0,0.0,0.0,0.0,0.0,0.0,41.25437830727613,-1.3422236833546108,False,True,False,True,False,4.6091585848633585,0,0.9131682573583393,0.8740572649002201,False,False,False,False,0.1287586621956264,0.14634061777226665,False,False,False,False,22156.0,11186.38330757464,False,False,False,False,769.8466469517634,False,False,False,False
2025-01-16 17:00:00+00:00,16.0,16.0,15.605,15.9,5134.0,,,,,,,,,,,,,,,,,,,,,,15.662057881209728,14.266973176542923,"rgba(239, 83, 80, 1.0)",0.0,0.0,2.09272560754352,14.739283500456757,0.5546434254731147,0.0,0.0,0.0,0.0,0.0,0.0,0.0,0.0,42.694931002541765,-1.3422236833546108,False,True,False,True,False,6.308431754322623,0,0.9169589095480711,0.8676636008734202,False,False,False,False,0.16555056080402758,0.1559455892881471,False,False,False,False,27290.0,11436.051783426195,False,False,False,False,837.5079392470849,False,False,False,False
2025-01-17 17:00:00+00:00,15.71,16.49,15.51,16.25,10966.0,,,,,,,,,,,,,,,,,,,,,,15.730223297723738,14.470831746941503,"rgba(239, 83, 80, 1.0)",0.0,0.0,2.1004199322735015,14.84573598912246,0.668563456907191,0.0,0.0,0.0,0.0,0.0,0.0,0.0,0.0,44.9111250384517,-1.3422236833546108,False,True,False,True,True,7.314566697196781,0,0.9167809785093733,0.8625645045398133,False,False,False,False,0.17785699808032848,0.16690129368423778,False,False,False,False,38256.0,11851.86493407075,False,False,False,False,994.5388239099208,False,False,False,False
2025-01-20 17:00:00+00:00,16.25,16.25,16.25,16.25,0.0,,,,,,,,,,,,,,,,,,,,,,15.730223297723738,14.470831746941503,"rgba(239, 83, 80, 1.0)",0.0,0.0,2.1066866260885764,14.84573598912246,0.6665747024201678,0.0,0.0,0.0,0.0,0.0,0.0,0.0,0.0,46.388587729058315,-1.3422236833546108,False,True,False,True,True,7.314566697196781,0,0.9268276719680607,0.866876104457098,False,False,False,False,0.19351208046599563,0.18020668707511672,False,False,False,False,38256.0,12261.231369201436,False,False,False,False,979.119617337674,False,False,False,False
2025-01-21 17:00:00+00:00,17.02,17.49,17.0,17.23,1023.0,,,,,,,,,,,,,,,,,,,,,,15.75267407999612,14.499525029795363,"rgba(38, 166, 154, 1.0)",0.0,0.0,2.123318624696235,14.87828502522976,1.1075657451583276,0.0,0.0,0.0,0.0,0.0,0.0,0.0,0.0,50.69983823454978,-6.408005941140253,False,True,False,False,True,10.086566908296717,0,0.9271591421394987,0.8615959296708959,False,False,False,False,0.2568410807455295,0.21852388391032312,False,False,False,False,39279.0,12680.111503012266,False,False,False,False,979.7999333479426,False,False,False,False
2025-01-22 17:00:00+00:00,17.86,18.1,17.455,17.55,540.0,,,,,,,,,,,,,,,,,,,,,,15.767853368909398,14.516943926771363,"rgba(38, 166, 154, 1.0)",0.0,0.0,2.1422850728447096,14.899524181451635,1.2372190107401704,0.0,0.0,0.0,0.0,0.0,0.0,0.0,0.0,54.488989072151895,-2.7256049424593627,False,True,True,False,True,10.960431752092433,0,0.9308961212661613,0.8524934717533915,False,False,False,False,0.2915485471331761,0.2550362155217496,False,False,False,False,39819.0,13100.869464205873,False,False,False,False,972.981329730145,False,False,False,False
2025-01-23 17:00:00+00:00,17.55,17.93,17.5,17.5,620.0,,,,,,,,,,,,,,,,,,,,,,15.784475448502604,14.536349080813032,"rgba(38, 166, 154, 1.0)",0.0,0.0,2.157866108947465,14.922579521796477,1.1944302139583176,0.0,0.0,0.0,0.0,0.0,0.0,0.0,0.0,56.77255621675124,-0.4501306486450858,False,True,True,False,True,10.776324425303034,0,0.9316391359593391,0.8579415501905971,False,False,False,False,0.28744084559983074,0.27123853056079017,False,False,False,False,39199.0,13505.491643055393,False,False,False,False,967.5087509746388,False,False,False,False
2025-01-24 17:00:00+00:00,18.19,18.19,17.62,17.63,485.0,,,,,,,,,,,,,,,,,,,,,,15.798444728374024,14.552183234702209,"rgba(38, 166, 154, 1.0)",0.0,0.0,2.182307837014619,14.941657748406945,1.2318804001871186,0.0,0.0,0.0,0.0,0.0,0.0,0.0,0.0,58.72216067780569,1.5882414164173184,False,False,True,False,True,11.139196987747578,0,0.9302061660677131,0.8551793707836832,False,False,False,False,0.29995818639918753,0.2855983584799888,False,False,False,False,39684.0,13911.35998967469,False,False,False,False,960.0279951455747,False,False,False,False
2025-01-27 17:00:00+00:00,16.935,17.17,16.935,17.16,598.0,,,,,,,,,,,,,,,,,,,,,,15.809303049072321,14.567203416128558,"rgba(38, 166, 154, 1.0)",0.0,0.0,2.197064431717251,14.956896143267528,1.0027488611294393,0.0,0.0,0.0,0.0,0.0,0.0,0.0,0.0,57.54169297240574,1.5882414164173184,False,False,True,False,True,9.380347351415903,0,0.9299018374024666,0.8625094387113013,False,False,False,False,0.2444458009268639,0.2650220797034264,False,False,False,False,39086.0,14301.664485958801,False,False,False,False,954.4151580115348,False,False,False,False
2025-01-28 17:00:00+00:00,16.96,18.21,16.96,18.155,372.0,,,,,,,,,,,,,,,,,,,,,,15.819543061195905,14.578978166771915,"rgba(38, 166, 154, 1.0)",0.0,0.0,2.225375901033538,14.970703630925037,1.4309026927073631,0.0,0.0,0.0,0.0,0.0,0.0,0.0,0.0,60.049942185164824,3.3091487993251008,False,False,True,False,True,12.152487205783263,0,0.9313275434243177,0.8501861042183623,False,False,False,False,0.2789268047350761,0.27197444221925127,False,False,False,False,39458.0,14691.68519160285,False,False,False,False,945.385465639263,False,False,False,False
2025-01-29 17:00:00+00:00,17.93,18.34,17.5,18.045,923.0,,,,,,,,,,,,,,,,,,,,,,15.846877474089737,14.60950826431465,"rgba(38, 166, 154, 1.0)",0.0,0.0,2.2545347455559095,15.006996556284816,1.3475079280563906,0.0,0.0,0.0,0.0,0.0,0.0,0.0,0.0,61.14301731771501,4.6707111038573785,False,False,True,False,True,11.73911646583559,0,0.9380803049867796,0.8505810736026564,False,False,False,False,0.3009502486213127,0.286462345420282,False,False,False,False,38535.0,15061.348987081876,False,False,False,False,945.0384041564837,False,False,False,False
2025-01-30 17:00:00+00:00,19.17,19.45,18.905,19.0,5468.0,,,,,,,,,,,,,,,,,,,,,,16.076801519260673,14.838349917235188,"rgba(38, 166, 154, 1.0)",0.0,0.0,2.297639854481296,15.292464309053056,1.6136278641388466,0.0,0.0,0.0,0.0,0.0,0.0,0.0,0.0,64.40006809201645,8.032780839351524,True,False,True,False,True,14.29007981608385,0,0.9475123018042647,0.8421724075086569,False,False,False,False,0.34282824799721723,0.31464529670874963,False,False,False,False,44003.0,15510.056754724017,False,False,False,False,1015.1618397509567,False,False,False,False
2025-01-31 17:00:00+00:00,19.0,19.0,18.03,18.545,2105.0,,,,,,,,,,,,,,,,,,,,,,16.141295522238625,14.909001760135952,"rgba(38, 166, 154, 1.0)",0.0,0.0,2.3324495649365935,15.369702272400461,1.3613575081465306,0.0,0.0,0.0,0.0,0.0,0.0,0.0,0.0,64.21233791963212,8.148181274998684,True,False,True,False,True,12.573268859416093,0,0.9395346033277069,0.8501326259946952,False,False,False,False,0.3002523498578438,0.3074488232832967,False,False,False,False,41898.0,15919.172153875583,False,False,False,False,1032.0585554137326,False,False,False,False
2025-02-03 17:00:00+00:00,18.43,18.43,17.97,18.19,55.0,,,,,,,,,,,,,,,,,,,,,,16.142709279106892,14.910647163201235,"rgba(38, 166, 154, 1.0)",0.0,0.0,2.3539329787545777,15.371391877035308,1.1974037274654978,0.0,0.0,0.0,0.0,0.0,0.0,0.0,0.0,62.3732871466989,8.148181274998684,True,False,True,False,True,11.252934199952598,0,0.9338402586516584,0.8566638725901091,False,False,False,False,0.2801247428739543,0.2937867830786255,False,False,False,False,41843.0,16321.091965443402,False,False,False,False,1016.9103607561553,False,False,False,False
2025-02-04 17:00:00+00:00,18.68,19.285,18.68,19.04,846.0,,,,,,,,,,,,,,,,,,,,,,16.17264081907095,14.941900289865538,"rgba(38, 166, 154, 1.0)",0.0,0.0,2.396099856542388,15.406673631481713,1.5163501465090177,0.0,0.0,0.0,0.0,0.0,0.0,0.0,0.0,63.601854912759165,8.148181274998684,True,False,True,False,True,13.517718948437146,0,0.9371709164053718,0.8494350115364139,False,False,False,False,0.3300294835971279,0.3119081333378767,False,False,False,False,42689.0,16729.89674117296,False,False,False,False,1014.2605877211761,False,False,False,False
2025-02-05 17:00:00+00:00,20.15,20.215,19.525,19.68,852.0,,,,,,,,,,,,,,,,,,,,,,16.210556909424145,14.979042233831867,"rgba(38, 166, 154, 1.0)",0.0,0.0,2.4416897080977678,15.450806145030542,1.7320767012055227,0.0,0.0,0.0,0.0,0.0,0.0,0.0,0.0,65.90525696928745,10.52997794052719,True,False,True,False,True,15.1513576292203,0,0.9411076671150358,0.8425054096730803,False,False,False,False,0.3428282482070318,0.32736819077245427,False,False,False,False,43541.0,17145.57276068966,False,False,False,False,1011.7449196944912,False,False,False,False
2025-02-06 17:00:00+00:00,19.855,20.01,19.58,19.83,351.0,,,,,,,,,,,,,,,,,,,,,,16.225948136406124,14.994179232473375,"rgba(38, 166, 154, 1.0)",0.0,0.0,2.48982896405962,15.4686345971988,1.7516726914808127,0.0,0.0,0.0,0.0,0.0,0.0,0.0,0.0,67.76952217311344,12.528366653909721,True,False,True,False,True,15.529272945430765,0,0.9432235499854269,0.8454095016030313,False,False,False,False,0.33806956021472906,0.3327188754935917,False,False,False,False,43892.0,17560.246051221606,False,False,False,False,1001.500812412406,False,False,False,False
2025-02-07 17:00:00+00:00,19.705,19.88,19.245,19.815,1020.0,,,,,,,,,,,,,,,,,,,,,,16.267970693323694,15.036188520236532,"rgba(38, 166, 154, 1.0)",0.0,0.0,2.5295574195377872,15.517117652371134,1.699064948845556,0.0,0.0,0.0,0.0,0.0,0.0,0.0,0.0,68.92305080265604,13.862027687382387,True,False,True,False,True,15.470979006116153,0,0.9395048814504882,0.8496048349604837,False,False,False,False,0.3220641948998295,0.3273915351967106,False,False,False,False,42872.0,17952.676345001117,False,False,False,False,1001.7876215222913,False,False,False,False
2025-02-10 17:00:00+00:00,20.51,21.37,20.51,20.805,199.0,,,,,,,,,,,,,,,,,,,,,,16.279033890430814,15.046491388528048,"rgba(38, 166, 154, 1.0)",0.0,0.0,2.592813482832247,15.529755256442908,2.0345639123238066,0.0,0.0,0.0,0.0,0.0,0.0,0.0,0.0,71.77966223582399,16.750703640359745,True,False,True,False,True,17.945232388669158,0,0.94470337763968,0.8406697738650095,False,False,False,False,0.3428282482251925,0.3351098917109515,False,False,False,False,43071.0,18342.107719497224,False,False,False,False,989.3413018087673,False,False,False,False
2025-02-11 17:00:00+00:00,21.175,21.36,20.94,21.12,1193.0,,,,,,,,,,,,,,,,,,,,,,16.34772608640717,15.110060906292626,"rgba(38, 166, 154, 1.0)",0.0,0.0,2.655884615357004,15.607727551388535,2.0754939490737274,0.0,0.0,0.0,0.0,0.0,0.0,0.0,0.0,74.22640543060484,19.17445215215909,True,False,True,False,True,18.704920193941287,0,0.9494729605866175,0.8407424381301559,False,False,False,False,0.3428282481992159,0.3389690699550837,False,False,False,False,44264.0,18743.99752229572,False,False,False,False,992.4988010055306,False,False,False,False
2025-02-12 17:00:00+00:00,21.51,22.745,21.51,22.42,1377.0,,,,,,,,,,,,,,,,,,,,,,16.44205126710878,15.194714990538563,"rgba(38, 166, 154, 1.0)",0.0,0.0,2.7481879779523983,15.713481687536257,2.440341914842591,0.0,0.0,0.0,0.0,0.0,0.0,0.0,0.0,77.60653471930863,22.403930046022168,True,False,True,False,True,20.0,0,0.9500085212747826,0.8324717377719708,False,False,False,False,0.3428282486705219,0.34089865931280283,False,False,False,False,45641.0,19161.00531264772,False,False,False,False,998.4600599046696,False,False,False,False
2025-02-13 17:00:00+00:00,22.765,23.19,22.675,22.675,2138.0,,,,,,,,,,,,,,,,,,,,,,16.59776578687014,15.333509712595404,"rgba(38, 166, 154, 1.0)",0.0,0.0,2.8432206915575216,16.449760834183937,2.189502624365703,0.0,0.0,0.0,0.0,0.0,0.0,0.0,0.0,80.13373802990242,24.790100319789985,True,False,True,False,True,20.0,0,0.9535277198127573,0.8257853476961257,False,False,False,False,0.34282824900814735,0.3418634541604751,False,False,False,False,47779.0,19604.69515276171,False,False,False,False,1016.1273457976204,False,False,False,False
2025-02-14 17:00:00+00:00,22.335,22.4,21.19,21.41,545.0,,,,,,,,,,,,,,,,,,,,,,16.62898740233418,15.362657551907395,"rgba(38, 166, 154, 1.0)",0.0,0.0,2.887932202356097,16.467269417356793,1.7115119872311129,0.0,0.0,0.0,0.0,0.0,0.0,0.0,0.0,75.38023603539395,24.790100319789985,True,False,True,False,False,17.339214749469388,0,0.948923076923077,0.8329510489510492,False,False,False,False,0.28247124039996363,0.31216734728021933,False,False,False,False,47234.0,20033.05646822277,False,False,False,False,1008.8230458627735,False,False,False,False
2025-02-17 17:00:00+00:00,21.41,21.41,21.41,21.41,0.0,,,,,,,,,,,,,,,,,,,,,,16.62898740233418,15.362657551907395,"rgba(38, 166, 154, 1.0)",0.0,0.0,2.9260050756453984,16.467269417356793,1.6892419715140015,0.0,0.0,0.0,0.0,0.0,0.0,0.0,0.0,72.21123470572164,28.22101237578076,True,False,True,False,False,17.3392147494694,0,0.9513437849944008,0.8361702127659575,False,False,False,False,0.2625080469040573,0.2873376970921383,False,False,False,False,47234.0,20454.77652297901,False,False,False,False,993.182378485056,False,False,False,False
2025-02-18 17:00:00+00:00,21.955,22.0,21.85,21.85,415.0,,,,,,,,,,,,,,,,,,,,,,16.653594197029516,15.385488270456918,"rgba(38, 166, 154, 1.0)",0.0,0.0,2.963030365343203,16.486897295374373,1.810005988245898,0.0,0.0,0.0,0.0,0.0,0.0,0.0,0.0,71.13093961971968,27.209491131788937,True,False,True,False,False,18.375668286376936,0,0.9531772575250835,0.8352285395763659,False,False,False,False,0.28755326228251454,0.2874454796873264,False,False,False,False,47649.0,20876.3923908398,False,False,False,False,984.2183106015667,False,False,False,False
2025-02-19 17:00:00+00:00,20.25,21.375,20.25,20.71,1116.0,,,,,,,,,,,,,,,,,,,,,,16.704733575520567,15.435663890440496,"rgba(38, 166, 154, 1.0)",0.0,0.0,2.9597466670871113,16.51083618985849,1.4187578473647522,0.0,0.0,0.0,0.0,0.0,0.0,0.0,0.0,65.60145410175923,22.03382736402824,True,False,True,False,False,14.139571012820603,0,0.9413093794775708,0.8418384216907308,False,False,False,False,0.22549026469705696,0.2564678721921917,False,False,False,False,46533.0,21274.16925299732,False,False,False,False,986.2614375689843,False,False,False,False
2025-02-20 17:00:00+00:00,20.035,20.035,19.51,19.655,1281.0,,,,,,,,,,,,,,,,,,,,,,16.74722964634404,15.48107678644097,"rgba(239, 83, 80, 1.0)",0.0,0.0,2.9255051923779867,16.520261085479437,1.0715205437637603,0.0,0.0,0.0,0.0,0.0,0.0,0.0,0.0,58.66365311971451,15.758957469825077,False,False,True,False,False,10.47767154619665,0,0.9287081078125855,0.8555573779454378,False,False,False,False,0.16699072553902827,0.21172929886560998,False,False,False,False,45252.0,21645.918566904336,False,False,False,False,990.8310276841938,False,False,False,False
2025-02-21 17:00:00+00:00,19.415,19.415,18.66,19.05,815.0,,,,,,,,,,,,,,,,,,,,,,16.767531312539123,15.504854313643547,"rgba(239, 83, 80, 1.0)",0.0,0.0,2.882254341672508,16.520759331473343,0.8775216787630877,0.0,0.0,0.0,0.0,0.0,0.0,0.0,0.0,52.494117866516746,10.346839464161263,False,True,False,False,False,8.471126150800732,0,0.9168343758498775,0.8634212673375035,False,False,False,False,0.12677234892489658,0.16925082389525328,False,False,False,False,44437.0,21999.268666642252,False,False,False,False,988.1049652394776,False,False,False,False
2025-02-24 17:00:00+00:00,18.295,18.59,18.04,18.23,384.0,,,,,,,,,,,,,,,,,,,,,,16.773838254426455,15.513579643379316,"rgba(239, 83, 80, 1.0)",0.0,0.0,2.839926312329141,16.516592191411142,0.6033282628321514,0.0,0.0,0.0,0.0,0.0,0.0,0.0,0.0,46.55752001669334,5.1745395738361495,False,True,False,True,False,5.846368413365376,0,0.9055594575611864,0.8684964071532768,False,False,False,False,0.08850520343602547,0.1288780136656394,False,False,False,False,44053.0,22341.18698188811,False,False,False,False,978.7389967861524,False,False,False,False
2025-02-25 17:00:00+00:00,17.7,18.08,17.37,17.94,231.0,,,,,,,,,,,,,,,,,,,,,,16.77638639043469,15.517879347453892,"rgba(239, 83, 80, 1.0)",0.0,0.0,2.7889170587094005,16.5123352265656,0.5119065011187773,0.0,0.0,0.0,0.0,0.0,0.0,0.0,0.0,42.00532068223394,1.2220300846158807,False,True,False,True,False,4.939235319228917,0,0.8971877184492121,0.8733128999300964,False,False,False,False,0.05745158268147127,0.09316479817355533,False,False,False,False,43822.0,22674.22284263403,False,False,False,False,967.1461441228012,False,False,False,False
2025-02-26 17:00:00+00:00,17.94,18.32,17.72,18.09,876.0,,,,,,,,,,,,,,,,,,,,,,16.78824371438746,15.53578775883562,"rgba(239, 83, 80, 1.0)",0.0,0.0,2.7490486478904663,16.503867382008266,0.5769750998073031,0.0,0.0,0.0,0.0,0.0,0.0,0.0,0.0,39.62028216458985,-0.9093714564060349,False,True,False,True,False,5.351701354699305,0,0.8984178063824082,0.8732099758648432,False,False,False,False,0.07296083328322699,0.08306281572839117,False,False,False,False,44698.0,23015.676752050556,False,False,False,False,965.7330256092694,False,False,False,False
2025-02-27 17:00:00+00:00,17.915,18.01,17.915,18.0,930.0,,,,,,,,,,,,,,,,,,,,,,16.799919196727664,15.554013650533483,"rgba(239, 83, 80, 1.0)",0.0,0.0,2.723762853311759,16.49798953629448,0.5514468566451229,0.0,0.0,0.0,0.0,0.0,0.0,0.0,0.0,37.806841430496206,-2.7579543072122874,False,True,False,True,False,5.0631181882677865,0,0.8959850107066383,0.8759100642398288,False,False,False,False,0.06993532573222576,0.07649907073030845,False,False,False,False,43768.0,23337.418197755196,False,False,False,False,965.1790252122264,False,False,False,False
2025-02-28 17:00:00+00:00,18.0,18.0,17.5,17.675,2912.0,,,,,,,,,,,,,,,,,,,,,,16.827564722262125,15.60364554547167,"rgba(239, 83, 80, 1.0)",0.0,0.0,2.662232741735986,16.48509793896521,0.44695643712160177,0.0,0.0,0.0,0.0,0.0,0.0,0.0,0.0,35.77222215328461,-4.98901078189045,False,True,False,True,False,4.017402930155125,0,0.8963780540077153,0.8759108444063439,False,False,False,False,0.058764751682726823,0.06763191120651764,False,False,False,False,40856.0,23609.024117169844,False,False,False,False,995.3622961391686,False,False,False,False
2025-03-03 17:00:00+00:00,16.245,16.75,15.82,16.485,1188.0,,,,,,,,,,,,,,,,,,,,,,16.82183252222109,15.610557659998129,"rgba(239, 83, 80, 1.0)",0.0,0.0,2.6013874537801205,16.460145321661557,0.009554393099853667,0.0,0.0,0.0,0.0,0.0,0.0,0.0,0.0,31.98641346785392,-8.891509087749668,False,True,False,True,False,0.34078411762535765,0,0.8864654127812022,0.8794057215109847,False,False,False,False,-0.020220279227390878,0.02370581598956338,False,False,False,False,39668.0,23858.00048744628,False,False,False,False,998.3489272067784,False,False,False,False
2025-03-04 17:00:00+00:00,16.045,16.18,15.665,15.825,1866.0,,,,,,,,,,,,,,,,,,,,,,16.804530346149757,15.614555508701981,"rgba(239, 83, 80, 1.0)",0.0,0.0,2.517849030172118,16.523684259892306,-0.277492515047475,0.0,0.0,0.0,0.0,0.0,0.0,0.0,0.0,28.441630825208065,-12.52137792098106,False,True,False,True,False,0.0,0,0.8788118186127349,0.8881339864117553,False,False,False,False,-0.039335783795566154,-0.007814983903001387,False,False,True,False,37802.0,24074.186526400597,False,False,False,False,1011.8008818237275,False,False,False,False
2025-03-05 17:00:00+00:00,16.63,17.05,16.63,16.76,325.0,,,,,,,,,,,,,,,,,,,,,,16.80455872288511,15.617535148432815,"rgba(239, 83, 80, 1.0)",0.0,0.0,2.4186201020826186,16.52924399400597,0.09540812374598752,0.0,0.0,0.0,0.0,0.0,0.0,0.0,0.0,30.446480207028138,-12.52137792098106,False,True,False,True,False,1.1469222108692847,0,0.8802317085899175,0.8802317085899175,False,False,False,False,0.00902239337139724,0.0006037047341979265,False,False,False,False,38127.0,24292.059603510665,False,False,False,False,1001.152806136538,False,False,False,False
2025-03-06 17:00:00+00:00,17.62,17.9,17.48,17.8,2887.0,,,,,,,,,,,,,,,,,,,,,,16.83022815661922,15.663097641460014,"rgba(239, 83, 80, 1.0)",0.0,0.0,2.333623150598431,16.601692455324873,0.5134965962125615,0.0,0.0,0.0,0.0,0.0,0.0,0.0,0.0,35.55234383251864,-12.52137792098106,False,True,False,True,True,4.027755555736054,0,0.8858133278145695,0.8702918046357616,False,False,False,False,0.053855636769928224,0.027229670752063076,False,False,False,False,41014.0,24551.314493378715,False,False,False,False,1030.390747126669,False,False,False,False
2025-03-07 17:00:00+00:00,17.47,18.17,17.47,17.995,1300.0,,,,,,,,,,,,,,,,,,,,,,16.843203708288886,15.684438709470237,"rgba(239, 83, 80, 1.0)",0.0,0.0,2.255667650508268,16.621685544405075,0.6088283685256017,0.0,0.0,0.0,0.0,0.0,0.0,0.0,0.0,39.59106553231719,-19.31322522318097,False,True,False,True,True,4.553511369018683,0,0.8884484711211779,0.8649747760733039,False,False,False,False,0.05600772495113755,0.041618697851600314,False,False,False,False,42314.0,24826.70496634959,False,False,False,False,1034.5707355433099,False,False,False,False
2025-03-10 17:00:00+00:00,17.75,17.75,17.16,17.34,735.0,,,,,,,,,,,,,,,,,,,,,,16.847189743056273,15.693822669526396,"rgba(239, 83, 80, 1.0)",0.0,0.0,2.191381819601326,16.624150495654156,0.3266658041710307,0.0,0.0,0.0,0.0,0.0,0.0,0.0,0.0,40.42215359808424,-18.249338389836574,False,True,False,True,True,2.583602664576283,0,0.8829694323144105,0.8714615977395326,False,False,False,False,0.035441596208530136,0.03853014703006523,False,False,False,False,41579.0,25086.43047074727,False,False,False,False,1029.9262280155065,False,False,False,False
2025-03-11 17:00:00+00:00,20.5,21.735,20.21,21.735,5179.0,,,,,,,,,,,,,,,,,,,,,,17.051669566602353,15.897254536547962,"rgba(38, 166, 154, 1.0)",0.0,0.0,2.1811883962234355,16.957705734757447,2.190225417260646,0.0,0.0,0.0,0.0,0.0,0.0,0.0,0.0,50.036113967657585,-9.100923166454237,False,True,True,False,True,13.081424665787804,0,0.886641673243883,0.8574881610102606,False,False,False,False,0.22848851592997205,0.13350933148001864,False,False,False,False,46758.0,25422.423796782197,False,False,False,False,1094.2529531625528,False,False,False,False
2025-03-12 17:00:00+00:00,21.58,21.69,20.91,21.135,787.0,,,,,,,,,,,,,,,,,,,,,,17.081211958451565,15.926967799326473,"rgba(38, 166, 154, 1.0)",0.0,0.0,2.1601506141182885,16.998309576200363,1.9150009248258446,0.0,0.0,0.0,0.0,0.0,0.0,0.0,0.0,54.89319718256195,-4.662015681238074,False,False,True,False,True,11.337892247231213,0,0.8892242232337225,0.8636948347516327,False,False,False,False,0.24711642116157953,0.19031287632079907,False,False,False,False,45971.0,25741.00637357627,False,False,False,False,1089.489341485614,False,False,False,False
2025-03-13 17:00:00+00:00,21.02,21.69,20.81,21.35,1396.0,,,,,,,,,,,,,,,,,,,,,,17.13307669864285,15.979243656159039,"rgba(38, 166, 154, 1.0)",0.0,0.0,2.138263113871651,17.06714339845921,2.0029605214421107,0.0,0.0,0.0,0.0,0.0,0.0,0.0,0.0,58.44255718322701,-1.3530156330879777,True,False,True,False,True,11.795355091634725,0,0.9020408163265305,0.8628670980587357,False,False,False,False,0.24426187576605476,0.2172873760434269,False,False,False,False,47367.0,26076.29309646656,False,False,False,False,1094.2414447183953,False,False,False,False
2025-03-14 17:00:00+00:00,22.97,25.32,22.97,25.22,10378.0,,,,,,,,,,,,,,,,,,,,,,17.752502233775765,16.555861649404342,"rgba(38, 166, 154, 1.0)",1.0,25.62,2.2467669324272586,18.420646338190075,3.0262834848046976,0.0,0.0,0.0,0.0,0.0,0.0,0.0,0.0,64.80893290559588,4.614715060087036,True,False,True,False,True,19.164718177866472,0,0.9092051220101472,0.8476926793911572,False,True,False,False,0.3428282489229386,0.28005781248318273,False,False,False,False,57745.0,26567.28080039731,False,False,False,False,1238.175685885552,False,False,False,False
2025-03-17 17:00:00+00:00,22.705,23.64,22.7,23.48,5281.0,,,,,,,,,,,,,,,,,,,,,,17.97892816832862,16.779399236285265,"rgba(38, 166, 154, 1.0)",0.0,0.0,2.2883702883442014,18.62674395422853,2.1208351071902554,0.0,0.0,0.0,0.0,0.0,0.0,0.0,0.0,65.18205005185706,5.103156386858387,True,False,True,False,True,14.38337500596139,0,0.8985245979410789,0.8492812752028086,False,False,False,False,0.2901580842522814,0.28510794836773207,False,False,False,False,52464.0,26968.78032287177,False,False,False,False,1300.8551326160084,False,False,False,False
2025-03-18 17:00:00+00:00,22.91,23.38,22.65,22.82,565.0,,,,,,,,,,,,,,,,,,,,,,18.0006453051262,16.80129000458361,"rgba(38, 166, 154, 1.0)",0.0,0.0,2.2935095103081267,18.6455132739679,1.820130549827661,0.0,0.0,0.0,0.0,0.0,0.0,0.0,0.0,64.11066439295425,5.103156386858387,True,False,True,False,True,12.660575908285047,0,0.8995470416155517,0.8494385203359442,False,False,False,False,0.2816666742360048,0.28338731130186845,False,False,False,False,51899.0,27355.2953566257,False,False,False,False,1289.4465259087835,False,False,False,False
2025-03-19 17:00:00+00:00,21.92,22.15,21.675,21.895,2099.0,,,,,,,,,,,,,,,,,,,,,,18.063027284901235,16.867700842412294,"rgba(38, 166, 154, 1.0)",0.0,0.0,2.2607064749245342,18.685206057503844,1.41981897167933,0.0,0.0,0.0,0.0,0.0,0.0,0.0,0.0,61.60925636205515,5.103156386858387,True,False,True,False,False,10.309076632419451,0,0.8929494104936821,0.8612428953919865,False,False,False,False,0.22391443177516168,0.25365087153851507,False,False,False,False,49800.0,27703.275273577237,False,False,False,False,1301.9977425613606,False,False,False,False
2025-03-20 17:00:00+00:00,20.78,21.76,20.78,21.56,1323.0,,,,,,,,,,,,,,,,,,,,,,18.095951442926978,16.904287692985417,"rgba(38, 166, 154, 1.0)",0.0,0.0,2.2216930075552224,18.701668666382268,1.2865554889435749,0.0,0.0,0.0,0.0,0.0,0.0,0.0,0.0,59.29915521821168,5.103156386858387,True,False,True,False,False,9.471684868530922,0,0.8773876404494383,0.864747191011236,False,False,False,False,0.19094653472699216,0.22229870313275363,False,False,False,False,48477.0,28025.348525149682,False,False,False,False,1302.3233589557583,False,False,False,False
2025-03-21 17:00:00+00:00,21.27,21.27,20.87,21.0,678.0,,,,,,,,,,,,,,,,,,,,,,18.1109450719109,16.921479670019114,"rgba(38, 166, 154, 1.0)",0.0,0.0,2.2179642723708297,18.707674651982906,1.0335267238397752,0.0,0.0,0.0,0.0,0.0,0.0,0.0,0.0,56.662194909913154,5.103156386858387,False,False,True,False,False,8.080610755872922,0,0.8758977707303423,0.8691819792929764,False,False,False,False,0.1807704803166815,0.20153459172471755,False,False,False,False,47799.0,28331.91676506984,False,False,False,False,1292.6439270339636,False,False,False,False
2025-03-24 17:00:00+00:00,22.155,22.155,21.6,21.72,299.0,,,,,,,,,,,,,,,,,,,,,,18.11924925969131,16.930438087847712,"rgba(38, 166, 154, 1.0)",0.0,0.0,2.2439512287741614,18.713339286040462,1.339895749695965,0.0,0.0,0.0,0.0,0.0,0.0,0.0,0.0,56.20179813055618,5.103156386858387,False,False,True,False,False,9.495838702628454,0,0.8780679454587474,0.8623526692858794,False,False,False,False,0.22210675752663597,0.21182067462567677,False,False,False,False,48098.0,28638.36766793697,False,False,False,False,1277.2385948318868,False,False,False,False
2025-03-25 17:00:00+00:00,21.53,21.54,21.14,21.45,1382.0,,,,,,,,,,,,,,,,,,,,,,18.152568413391553,16.967668692389093,"rgba(38, 166, 154, 1.0)",0.0,0.0,2.2565141577539674,18.732030822401214,1.204499058097703,0.0,0.0,0.0,0.0,0.0,0.0,0.0,0.0,55.29269240682375,5.103156386858387,False,False,True,False,False,8.817550003042534,0,0.873290203327172,0.8649722735674676,False,False,False,False,0.19451730014619495,0.20316898738593586,False,False,False,False,46716.0,28918.64103742632,False,False,False,False,1278.8628026639503,False,False,False,False
2025-03-26 17:00:00+00:00,20.365,20.46,20.13,20.46,729.0,,,,,,,,,,,,,,,,,,,,,,18.164361253640948,16.98254276430218,"rgba(38, 166, 154, 1.0)",0.0,0.0,2.2608700151103727,18.733073533420118,0.7638327082220941,0.0,0.0,0.0,0.0,0.0,0.0,0.0,0.0,52.569248519514275,9.71443712044433,False,False,False,False,False,6.373513525033076,0,0.8666976312122622,0.8708313980492337,False,False,False,False,0.14166642565842938,0.17241770652218263,False,False,False,False,45987.0,29183.2667577763,False,False,False,False,1270.3377979714858,False,False,False,False
2025-03-27 17:00:00+00:00,20.505,20.65,20.235,20.27,612.0,,,,,,,,,,,,,,,,,,,,,,18.174321099393428,16.9950577375765,"rgba(38, 166, 154, 1.0)",0.0,0.0,2.2648521758336306,18.734488421310374,0.6779743044927183,0.0,0.0,0.0,0.0,0.0,0.0,0.0,0.0,50.3608379929762,7.191922306374622,False,True,False,False,False,5.911478192959031,0,0.8667811238457613,0.8690548002412882,False,False,False,False,0.14907217465714878,0.1607449405896657,False,False,False,False,45375.0,29434.301381686742,False,False,False,False,1260.1310104060362,False,False,False,False
2025-03-28 17:00:00+00:00,19.39,19.5,18.55,18.84,1918.0,,,,,,,,,,,,,,,,,,,,,,18.185257981677008,17.017488428607923,"rgba(239, 83, 80, 1.0)",0.0,0.0,2.253670629507839,18.709050244364846,0.058105099263662516,0.0,0.0,0.0,0.0,0.0,0.0,0.0,0.0,46.21258827447761,2.9842274431697007,False,True,False,True,False,2.5306589229993968,0,0.8602904127158628,0.8751316934634236,False,False,False,False,0.07845104859911255,0.11959799459438913,False,False,False,False,43457.0,29651.70756181563,False,False,False,False,1270.3305296245474,False,False,False,False
2025-03-31 17:00:00+00:00,19.0,19.35,18.54,18.54,2898.0,,,,,,,,,,,,,,,,,,,,,,18.198074155086935,17.04783111664067,"rgba(239, 83, 80, 1.0)",0.0,0.0,2.2438054367163365,18.672800040181258,-0.05918518513601742,0.0,0.0,0.0,0.0,0.0,0.0,0.0,0.0,42.94651947618847,-0.264144934650254,False,True,False,True,False,1.8433103633768262,0,0.8615433760781271,0.8768767398348013,False,False,False,False,0.07449503734205495,0.09704651596822204,False,False,False,False,40559.0,29820.812870934766,False,False,False,False,1295.5657152117637,False,False,False,False
2025-04-01 17:00:00+00:00,18.92,18.92,18.27,18.27,16.0,,,,,,,,,,,,,,,,,,,,,,18.198106837576585,17.04796557390134,"rgba(239, 83, 80, 1.0)",0.0,0.0,2.2434108583314005,18.672564610745553,-0.17944310523885593,0.0,0.0,0.0,0.0,0.0,0.0,0.0,0.0,40.301154333536346,-2.905221277503337,False,True,False,True,False,1.2227208495674518,0,0.8568894952251025,0.8829013187812642,False,False,False,False,0.05721317969052778,0.0771298478293749,False,False,False,False,40543.0,29987.048330300117,False,False,False,False,1275.7274870689457,False,False,False,False
2025-04-02 17:00:00+00:00,17.98,17.98,17.61,17.88,346.0,,,,,,,,,,,,,,,,,,,,,,18.19719126497162,17.049529298275264,"rgba(239, 83, 80, 1.0)",0.0,0.0,2.237551801202157,18.665044976719905,-0.3508499674948885,0.0,0.0,0.0,0.0,0.0,0.0,0.0,0.0,37.84952825854875,-5.380684888679198,False,True,False,True,False,0.32608003916096706,0,0.8540930106064727,0.889629226724685,False,False,False,False,0.01782311346977753,0.047476480649576214,False,False,False,False,40197.0,30145.342154636546,False,False,False,False,1261.313107424466,False,False,False,False
2025-04-03 17:00:00+00:00,17.28,17.665,17.16,17.63,1021.0,,,,,,,,,,,,,,,,,,,,,,18.192093842738633,17.052105525425294,"rgba(239, 83, 80, 1.0)",0.0,0.0,2.229589339233029,18.639958015868043,-0.452979388668707,0.0,0.0,0.0,0.0,0.0,0.0,0.0,0.0,35.767219242099785,-7.540810500754645,False,True,False,True,False,0.0,0,0.8489644569051281,0.8916975671520305,False,False,False,False,-0.000983242991095647,0.023246618829240284,False,False,False,False,39176.0,30285.35235378947,False,False,False,False,1257.5873228132339,False,False,False,False
2025-04-04 17:00:00+00:00,16.52,16.74,16.31,16.68,3670.0,,,,,,,,,,,,,,,,,,,,,,18.151575678877343,17.042205831735256,"rgba(239, 83, 80, 1.0)",0.0,0.0,2.2370306896210117,18.526199125837987,-0.8252900303977335,0.0,0.0,0.0,0.0,0.0,0.0,0.0,0.0,32.81504577735136,-10.515248050514998,False,True,False,True,False,0.0,0,0.8454182193687425,0.8899115521034439,False,False,False,False,-0.044644163752711484,-0.0106987724617356,False,False,False,False,35506.0,30366.29262737413,False,False,False,False,1294.989069746362,False,False,False,False
2025-04-07 17:00:00+00:00,16.48,17.835,16.48,17.35,826.0,,,,,,,,,,,,,,,,,,,,,,18.14635566036453,17.043042937278816,"rgba(239, 83, 80, 1.0)",0.0,0.0,2.2341418571428697,18.515209224587757,-0.5215466604604428,0.0,0.0,0.0,0.0,0.0,0.0,0.0,0.0,33.41436793373955,-10.515248050514998,False,True,False,True,False,0.0,0,0.8482829090585989,0.8784930472255542,False,False,False,False,-0.013520379214508106,-0.012109575838121854,False,False,False,False,36332.0,30458.784214546624,False,False,False,False,1287.7179213782015,False,False,False,False
2025-04-08 17:00:00+00:00,17.255,17.405,16.705,16.99,1987.0,,,,,,,,,,,,,,,,,,,,,,18.13152610980355,17.042935195578558,"rgba(239, 83, 80, 1.0)",0.0,0.0,2.2317358977076722,18.476331190687425,-0.6659977966990234,0.0,0.0,0.0,0.0,0.0,0.0,0.0,0.0,33.12296688323801,-10.798743159510195,False,True,False,True,False,0.0,0,0.8527447250851508,0.8814084133233069,False,False,False,False,-0.01856079266046819,-0.015335184249295022,False,False,False,False,34345.0,30519.035622073032,False,False,False,False,1298.5595039924929,False,False,False,False
2025-04-09 17:00:00+00:00,16.8,18.45,16.64,18.24,3239.0,,,,,,,,,,,,,,,,,,,,,,18.12398279648929,17.055971279058284,"rgba(239, 83, 80, 1.0)",0.0,0.0,2.2210885408524934,18.451079161841633,-0.09503410510623725,0.0,0.0,0.0,0.0,0.0,0.0,0.0,0.0,37.19175603419047,-10.798743159510195,False,True,False,True,True,1.2288174622964654,0,0.8517021743905119,0.8789369646386999,False,False,False,False,0.005530780151648969,-0.004902202048823027,False,False,False,False,37584.0,30628.569953513757,False,False,False,False,1328.6438527678029,False,False,False,False
2025-04-10 17:00:00+00:00,17.27,17.78,17.195,17.78,799.0,,,,,,,,,,,,,,,,,,,,,,18.121171250867764,17.058279757516175,"rgba(239, 83, 80, 1.0)",0.0,0.0,2.2144821695554997,18.4415149156937,-0.2987221684546141,0.0,0.0,0.0,0.0,0.0,0.0,0.0,0.0,38.80466726093355,-10.798743159510195,False,True,False,True,True,0.1704809870890962,0,0.8483957336610632,0.8878988719659395,False,False,False,False,0.0027039147258443594,-0.0010991436614893337,False,False,False,False,36785.0,30724.01848136626,False,False,False,False,1320.4323201667514,False,False,False,False
2025-04-11 17:00:00+00:00,17.73,17.95,17.01,17.05,1126.0,,,,,,,,,,,,,,,,,,,,,,18.115446238963383,17.05998122827682,"rgba(239, 83, 80, 1.0)",0.0,0.0,2.2075241930866842,18.424146501466325,-0.6224830992882191,0.0,0.0,0.0,0.0,0.0,0.0,0.0,0.0,38.26895156603196,-10.798743159510195,False,True,False,True,True,0.0,0,0.8488850021862703,0.8784871010056845,False,False,False,False,0.002335197299946441,0.0006180268192285537,False,False,False,False,35659.0,30800.529822740424,False,False,False,False,1317.4178655905225,False,False,False,False
2025-04-14 17:00:00+00:00,17.01,17.49,16.89,17.24,926.0,,,,,,,,,,,,,,,,,,,,,,18.110024813762564,17.060714825796484,"rgba(239, 83, 80, 1.0)",0.0,0.0,2.195441526321175,18.408598701926792,-0.5322841387103457,0.0,0.0,0.0,0.0,0.0,0.0,0.0,0.0,38.593686007952044,-10.798743159510195,False,True,False,True,True,0.0,0,0.8453925665273808,0.886562568726633,False,False,False,False,-0.011922354937978866,-0.005652164059375156,False,False,False,False,36585.0,30890.21153091499,False,False,False,False,1311.3493715503594,False,False,False,False
2025-04-15 17:00:00+00:00,17.595,17.77,17.49,17.77,605.0,,,,,,,,,,,,,,,,,,,,,,18.10834230690248,17.062720891965704,"rgba(239, 83, 80, 1.0)",0.0,0.0,2.1798716137085243,18.402471687738686,-0.2901417146593733,0.0,0.0,0.0,0.0,0.0,0.0,0.0,0.0,40.688335971065335,-14.33765003738079,False,True,False,True,True,0.19782589530488792,0,0.8549183943537717,0.8774591971768859,False,False,False,False,0.009709799812101516,0.00202881787636318,False,False,False,False,37190.0,30987.882669970568,False,False,False,False,1300.3982185030668,False,False,False,False
2025-04-16 17:00:00+00:00,18.05,18.05,17.11,17.23,2949.0,,,,,,,,,,,,,,,,,,,,,,18.096362413951642,17.068981290615454,"rgba(239, 83, 80, 1.0)",0.0,0.0,2.1683065339626637,18.36557111798591,-0.5237133681051119,0.0,0.0,0.0,0.0,0.0,0.0,0.0,0.0,40.64741005841838,-14.033663478853875,False,True,False,True,True,0.0,0,0.8507048458149783,0.8774889867841411,False,False,False,False,0.00725152123927514,0.00464016955781916,False,False,False,False,34241.0,31038.318597567923,False,False,False,False,1325.9579360456548,False,False,False,False
2025-04-17 17:00:00+00:00,16.76,17.39,16.76,17.0,1187.0,,,,,,,,,,,,,,,,,,,,,,18.088597965792303,17.06886264380527,"rgba(239, 83, 80, 1.0)",0.0,0.0,2.1655979595766333,18.345669432553695,-0.6213846972855334,0.0,0.0,0.0,0.0,0.0,0.0,0.0,0.0,40.02497018677205,-14.033663478853875,False,True,False,True,True,0.0,0,0.8515304998898923,0.8820964545254352,False,False,False,False,-0.01757723131287149,-0.0064685308775261656,False,False,False,False,33054.0,31069.56947202423,False,False,False,False,1323.8035494402957,False,False,False,False
2025-04-18 17:00:00+00:00,17.0,17.0,17.0,17.0,0.0,,,,,,,,,,,,,,,,,,,,,,18.088597965792303,17.06886264380527,"rgba(239, 83, 80, 1.0)",0.0,0.0,2.1702609383529197,18.345669432553695,-0.6200496026873923,0.0,0.0,0.0,0.0,0.0,0.0,0.0,0.0,39.610010272341164,-14.033663478853875,False,True,False,True,True,0.0,0,0.8523636040518928,0.8872845210591792,False,False,False,False,-0.021265777249752753,-0.01386715406363946,False,False,False,False,33054.0,31100.335836799048,False,False,False,False,1303.2794634024617,False,False,False,False
2025-04-21 17:00:00+00:00,15.53,15.88,15.26,15.5,1199.0,,,,,,,,,,,,,,,,,,,,,,18.069686828449044,17.059311928845908,"rgba(239, 83, 80, 1.0)",0.0,0.0,2.202836557918189,18.30569216405931,-1.2736724174901355,0.0,0.0,0.0,0.0,0.0,0.0,0.0,0.0,35.888603822718025,-10.14244649349964,False,True,False,True,False,0.0,0,0.8561395759717316,0.8863515901060072,False,False,False,False,-0.09182143448546852,-0.05284429427455399,False,False,False,False,31855.0,31112.036056383557,False,False,False,False,1301.6627275357569,False,False,False,False
2025-04-22 17:00:00+00:00,15.91,15.91,15.8,15.82,77.0,,,,,,,,,,,,,,,,,,,,,,18.068623635574298,17.05882216375309,"rgba(239, 83, 80, 1.0)",0.0,0.0,2.227128853014096,18.303450470483803,-1.115090609653237,0.0,0.0,0.0,0.0,0.0,0.0,0.0,0.0,34.841416750536894,-11.252113297678314,False,True,False,True,False,0.0,0,0.858284755343579,0.8796590708355415,False,False,False,False,-0.07770911846372731,-0.06527670636914065,False,False,False,False,31932.0,31124.74867566443,False,False,False,False,1282.6757085041947,False,False,False,False
2025-04-23 17:00:00+00:00,16.475,16.525,15.95,16.045,720.0,,,,,,,,,,,,,,,,,,,,,,18.060198042726594,17.05549974638776,"rgba(239, 83, 80, 1.0)",0.0,0.0,2.2402456187731703,18.285468288572453,-1.0000993952615798,0.0,0.0,0.0,0.0,0.0,0.0,0.0,0.0,35.160852830536925,-11.252113297678314,False,True,False,True,False,0.0,0,0.8588789573334508,0.8730130773633922,False,False,False,False,-0.058816333968329144,-0.062046520168734895,False,False,False,False,32652.0,31148.426990770404,False,False,False,False,1273.9520541087809,False,False,False,False
2025-04-24 17:00:00+00:00,16.38,16.38,15.655,15.665,1525.0,,,,,,,,,,,,,,,,,,,,,,18.040047557879923,17.04638928095654,"rgba(239, 83, 80, 1.0)",0.0,0.0,2.2596003353858016,18.24429736479931,-1.1414838829712437,0.0,0.0,0.0,0.0,0.0,0.0,0.0,0.0,34.42636243987277,-12.012860917027119,False,True,False,True,False,0.0,0,0.856955035498291,0.8748794811114033,False,False,False,False,-0.06967678609878186,-0.06586165313375839,False,False,False,False,31127.0,31148.09478936311,False,False,False,False,1277.8442703241487,False,False,False,False
2025-04-25 17:00:00+00:00,15.385,15.4,15.085,15.31,1217.0,,,,,,,,,,,,,,,,,,,,,15.265,18.019542446357658,17.03525079293313,"rgba(239, 83, 80, 1.0)",0.0,0.0,2.278183174500358,18.115000719131,-1.231244594608237,1.0,15.4,15.085,0.0,0.0,0.0,0.0,0.0,33.0906070823382,-13.473562102218551,False,True,False,True,False,0.0,0,0.8545017482517484,0.8814685314685315,True,False,False,False,-0.10808373005569026,-0.08697269159472432,False,False,False,False,29910.0,31128.899521310967,True,False,False,False,1276.9009483036193,True,False,False,False
2025-04-28 17:00:00+00:00,16.18,16.18,15.86,15.96,1393.0,,,,,,,,,,,,,,,,,,,,,15.657281609195405,18.00260501520214,17.027894206129364,"rgba(239, 83, 80, 1.0)",0.0,0.0,2.2722261220110775,18.10702481007146,-0.9448992726882283,0.0,0.0,0.0,0.0,0.0,0.0,0.0,0.0,35.37583540503297,-13.473562102218551,False,True,False,True,True,0.0,0,0.857217391304348,0.8785217391304349,False,False,False,False,-0.0695532844799254,-0.07826298803732486,False,False,False,False,31303.0,31131.5987535387,False,False,False,False,1278.7009336012377,False,False,False,False
2025-04-29 17:00:00+00:00,16.08,16.08,15.54,15.54,1860.0,,,,,,,,,,,,,,,,,,,,,15.683379194630874,17.977326545800956,17.015601035597395,"rgba(239, 83, 80, 1.0)",0.0,0.0,2.2556595447855012,18.06226712050633,-1.1181949538161278,0.0,0.0,0.0,0.0,0.0,0.0,0.0,0.0,35.69397766388285,-13.473562102218551,False,True,False,True,True,0.0,0,0.8590481171548118,0.881276150627615,False,False,False,False,-0.0799351831501579,-0.07909908559374138,False,False,False,False,29443.0,31105.41892790244,False,False,False,False,1287.7133222275752,False,False,False,False
2025-04-30 17:00:00+00:00,15.86,15.86,15.34,15.59,699.0,,,,,,,,,,,,,,,,,,,,,15.671653124395434,17.96745971041303,17.01060659925742,"rgba(239, 83, 80, 1.0)",0.0,0.0,2.250460777643473,18.043915174812586,-1.0904056623382508,0.0,0.0,0.0,0.0,0.0,0.0,0.0,0.0,36.16029095038359,-13.473562102218551,False,True,False,True,True,0.0,0,0.8567692441809783,0.8831836805858252,False,False,False,False,-0.0903343057986124,-0.08471669569617689,False,False,False,False,30142.0,31090.482200338058,False,False,False,False,1278.5859838984654,False,False,False,False
2025-05-01 17:00:00+00:00,15.815,16.07,15.615,16.07,1123.0,,,,,,,,,,,,,,,,,,,,,15.715680758635303,17.95390564289234,17.00446460969434,"rgba(239, 83, 80, 1.0)",0.0,0.0,2.2477200660881795,18.022470980142458,-0.8686450815650018,0.0,0.0,0.0,0.0,0.0,0.0,0.0,0.0,38.87310960777571,-14.37128080637428,False,True,False,True,True,0.0,0,0.862148616256265,0.8797559381128786,False,False,False,False,-0.07832739173481028,-0.08152204371549358,False,False,False,False,31265.0,31093.187902658396,False,False,False,False,1276.17379810159,False,False,False,False
2025-05-02 17:00:00+00:00,17.12,17.12,16.78,16.84,1346.0,,,,,,,,,,,,,,,,,,,,,15.926736056559307,17.945720826539972,17.003854520525685,"rgba(239, 83, 80, 1.0)",0.0,0.0,2.2401580904637566,18.01990646384164,-0.5267067841615481,0.0,0.0,0.0,0.0,0.0,0.0,0.0,0.0,43.86235726378308,-9.781258021091368,False,False,False,True,True,0.0,0,0.8679866556908282,0.8772583510246524,False,False,False,False,-0.02372512314782312,-0.05262358343165835,False,False,False,False,32611.0,31116.719873159815,False,False,False,False,1277.2563748752086,False,False,False,False
2025-05-05 17:00:00+00:00,15.98,16.26,15.71,16.0,1010.0,,,,,,,,,,,,,,,,,,,,,15.934124653098982,17.93424552526244,16.99878692875795,"rgba(239, 83, 80, 1.0)",0.0,0.0,2.24400124857442,18.000400872839137,-0.8914437432287354,0.0,0.0,0.0,0.0,0.0,0.0,0.0,0.0,44.07079135743543,-9.703426642672923,False,False,False,True,True,0.0,0,0.8652512811679085,0.8785151371603291,False,False,False,False,-0.07128250164811524,-0.061953042539886795,False,False,False,False,31601.0,31124.228092180594,False,False,False,False,1273.112865187221,False,False,False,False
2025-05-06 17:00:00+00:00,16.62,17.2,16.025,16.025,2270.0,,,,,,,,,,,,,,,,,,,,,16.03445167002503,17.914492975082613,16.992320097029253,"rgba(239, 83, 80, 1.0)",0.0,0.0,2.258744155977413,17.972050079485086,-0.8620055858617385,0.0,0.0,0.0,0.0,0.0,0.0,0.0,0.0,44.31675406409488,-9.414677224424793,False,False,False,True,True,0.0,0,0.8724998929290334,0.8699730181164076,False,False,False,False,-0.040334710458794526,-0.05114387649934066,False,False,False,False,33871.0,31166.813703154538,False,False,False,False,1288.5684796804421,False,False,False,False
2025-05-07 17:00:00+00:00,15.5,15.81,15.22,15.36,2373.0,,,,,,,,,,,,,,,,,,,,,15.93248313395029,17.881589176886756,16.974767556802608,"rgba(239, 83, 80, 1.0)",0.0,0.0,2.2872347815530216,17.912172235377113,-1.1158330819209565,0.0,0.0,0.0,0.0,0.0,0.0,0.0,0.0,42.27729418422754,-9.414677224424793,False,False,False,True,False,0.0,0,0.8690506707681793,0.878706314620183,False,False,False,False,-0.09454889410597915,-0.07284638530265991,False,False,False,False,31498.0,31171.948374423457,False,False,False,False,1305.3813714683422,False,False,False,False
2025-05-08 17:00:00+00:00,16.27,16.27,15.65,15.69,930.0,,,,,,,,,,,,,,,,,,,,,15.928396971614747,17.87106180057698,16.969819406986453,"rgba(239, 83, 80, 1.0)",0.0,0.0,2.3087516477895846,17.89491582862773,-0.955025123962005,0.0,0.0,0.0,0.0,0.0,0.0,0.0,0.0,42.48517035988979,-9.414677224424793,False,False,False,True,False,0.0,1,0.8667662753468518,0.8770544290288156,False,False,False,False,-0.07251791677694597,-0.07268215103980294,False,False,False,False,32428.0,31191.422043037044,False,False,False,False,1299.5615052440266,False,False,False,False
2025-05-09 17:00:00+00:00,16.705,17.0,16.405,16.57,680.0,,,,,,,,,,,,,,,,,,,,,15.96170726796859,17.8664389301851,16.96880265136969,"rgba(239, 83, 80, 1.0)",0.0,0.0,2.318023437685134,17.889233876573194,-0.5691201629482359,0.0,0.0,0.0,0.0,0.0,0.0,0.0,0.0,46.16101898417434,-7.635614563649739,True,False,False,True,True,0.0,1,0.8717557251908399,0.8657336726039019,False,False,False,False,-0.035903689912211066,-0.054292920476007006,False,False,False,False,33108.0,31221.136429966704,False,False,False,False,1289.9559005115611,False,False,False,False
2025-05-12 17:00:00+00:00,16.875,17.11,16.57,16.68,440.0,,,,,,,,,,,,,,,,,,,,,15.98536818547248,17.86378215882105,16.96841876636648,"rgba(239, 83, 80, 1.0)",0.0,0.0,2.3226838642685066,17.88621034535056,-0.5193174860800251,0.0,0.0,0.0,0.0,0.0,0.0,0.0,0.0,49.006251592197046,-5.0190293194009925,True,False,False,False,True,0.0,0,0.8704136728880575,0.8702861272905065,False,False,False,False,-0.02913673626722427,-0.041714828371615637,False,False,False,False,33548.0,31257.211834153266,False,False,False,False,1276.7782896509168,False,False,False,False
2025-05-13 17:00:00+00:00,16.87,17.49,16.87,17.285,786.0,,,,,,,,,,,,,,,,,,,,,16.045298154234096,17.860943023480242,16.969343684282528,"rgba(239, 83, 80, 1.0)",0.0,0.0,2.3270234341456497,17.8847561679665,-0.257735336553109,0.0,0.0,0.0,0.0,0.0,0.0,0.0,0.0,52.9588977716555,-1.4469708342397922,True,False,True,False,True,0.2751743223340988,0,0.8650458519940286,0.870505438259757,False,False,False,False,-0.012414047851335848,-0.02706443811147574,False,False,False,False,34334.0,31304.913976259417,False,False,False,False,1269.1693239198949,False,False,False,False
2025-05-14 17:00:00+00:00,17.87,17.87,17.5,17.5,368.0,,,,,,,,,,,,,,,,,,,,,16.080503789026977,17.860457189687743,16.97049019280912,"rgba(239, 83, 80, 1.0)",0.0,0.0,2.3295419880040416,17.935090544264103,-0.18677085302801935,0.0,0.0,0.0,0.0,0.0,0.0,0.0,0.0,56.26735911628904,1.4633029958159582,True,False,True,False,True,0.8252030188581578,0,0.8768549184911181,0.86210159576756,False,False,False,False,0.012414042934377145,-0.007325197588549298,False,False,False,False,34702.0,31357.581976627487,False,False,False,False,1255.1977064947803,False,False,False,False
2025-05-15 17:00:00+00:00,17.03,17.04,16.88,17.035,560.0,,,,,,,,,,,,,,,,,,,,,16.11020287305775,17.85774169159189,16.97052879848976,"rgba(239, 83, 80, 1.0)",0.0,0.0,2.3356263372781476,17.90815523373803,-0.3738420053764128,0.0,0.0,0.0,0.0,0.0,0.0,0.0,0.0,56.13414434725163,1.4633029958159582,True,False,True,False,True,0.0,0,0.8778622674743309,0.859904626884908,False,False,False,False,-0.023233231963755537,-0.015279214776152418,False,False,False,False,34142.0,31400.75124830768,False,False,False,False,1244.4194474793574,False,False,False,False
2025-05-16 17:00:00+00:00,16.96,16.96,16.79,16.79,723.0,,,,,,,,,,,,,,,,,,,,,16.14015356058049,17.85370883743511,16.97010477579385,"rgba(239, 83, 80, 1.0)",0.0,0.0,2.344339239203323,17.89252177710989,-0.47029105629122275,0.0,0.0,0.0,0.0,0.0,0.0,0.0,0.0,54.8900880834933,1.4633029958159582,True,False,True,False,True,0.0,0,0.8820730230143624,0.8589721405087387,False,False,False,False,-0.027414689394387595,-0.021346952085270005,False,False,False,False,33419.0,31432.041926628488,False,False,False,False,1236.3354250378168,False,False,False,False
2025-05-19 17:00:00+00:00,16.63,16.665,16.54,16.6,531.0,,,,,,,,,,,,,,,,,,,,,16.153538423726033,17.85005176188433,16.969180757071967,"rgba(239, 83, 80, 1.0)",0.0,0.0,2.354489485799137,17.880358787125036,-0.5437946505377868,0.0,0.0,0.0,0.0,0.0,0.0,0.0,0.0,53.16388650413138,1.4633029958159582,True,False,True,False,False,0.0,0,0.8877240299286584,0.8542717939794676,False,False,False,False,-0.0650180819530576,-0.0431825170191638,False,False,False,False,32888.0,31454.614920014094,False,False,False,False,1225.399992091494,False,False,False,False
2025-05-20 17:00:00+00:00,17.04,17.08,16.71,16.725,1326.0,,,,,,,,,,,,,,,,,,,,,16.199784313725488,17.842725753604192,16.968366392244846,"rgba(239, 83, 80, 1.0)",0.0,0.0,2.3623995988961752,17.868358000300802,-0.4839816264932619,0.0,0.0,0.0,0.0,0.0,0.0,0.0,0.0,52.626766745819594,1.4633029958159582,True,False,True,False,False,0.0,0,0.8821864111498259,0.8527439024390246,False,False,False,False,-0.060606643784416554,-0.05189458040179018,False,False,False,False,34214.0,31497.39608404488,False,False,False,False,1226.9596821365872,False,False,False,False
2025-05-21 17:00:00+00:00,16.12,16.12,15.635,15.635,1796.0,,,,,,,,,,,,,,,,,,,,,16.1660015087179,17.822853367655224,16.958571778760376,"rgba(239, 83, 80, 1.0)",0.0,0.0,2.3803546427423727,17.812849449677238,-0.9149264611966259,0.0,0.0,0.0,0.0,0.0,0.0,0.0,0.0,47.72792542129996,2.587543084056506,True,False,False,True,False,0.0,0,0.8762073894399446,0.8604409407891889,False,False,False,False,-0.13967709400385647,-0.09578583720282333,False,False,False,False,32418.0,31511.669012974417,False,False,False,False,1235.7820126460974,False,False,False,False
2025-05-22 17:00:00+00:00,15.9,15.975,15.8,15.82,298.0,,,,,,,,,,,,,,,,,,,,,16.161873456364,17.819703280169605,16.957057080087505,"rgba(239, 83, 80, 1.0)",0.0,0.0,2.393017856067815,17.80567435523077,-0.8297783278949755,0.0,0.0,0.0,0.0,0.0,0.0,0.0,0.0,45.45578634459892,0.47605747173271595,True,False,False,True,False,0.0,0,0.8725077103514184,0.8642109378393642,False,False,False,False,-0.14734733207530318,-0.12156658463906325,False,False,False,False,32716.0,31530.340811222875,False,False,False,False,1221.2427566360805,False,False,False,False
2025-05-23 17:00:00+00:00,15.805,15.805,15.51,15.52,896.0,,,,,,,,,,,,,,,,,,,,,16.140084051565378,17.809073003420917,16.95147733794968,"rgba(239, 83, 80, 1.0)",0.0,0.0,2.408969176950057,17.70377395820002,-0.9065180157119525,0.0,0.0,0.0,0.0,0.0,0.0,0.0,0.0,42.842354769022876,-1.9740235741696281,False,False,False,True,False,0.0,0,0.8664818264523676,0.8659186414244251,False,False,False,False,-0.16093155635272327,-0.14124907049589325,False,False,False,False,31820.0,31534.831651358953,False,False,False,False,1216.2002332773816,False,False,False,False
2025-05-26 17:00:00+00:00,15.52,15.52,15.52,15.52,0.0,,,,,,,,,,,,,,,,,,,,,16.140084051565378,17.809073003420917,16.95147733794968,"rgba(239, 83, 80, 1.0)",0.0,0.0,2.4119616740564216,17.70377395820002,-0.9053933077333539,0.0,0.0,0.0,0.0,0.0,0.0,0.0,0.0,41.100067051972175,-3.6448830467963944,False,False,False,True,False,0.0,0,0.8691026423650476,0.8706287607918376,False,False,False,False,-0.18635536122991736,-0.1638022158629053,False,False,False,False,31820.0,31539.252866066563,False,False,False,False,1197.3444157071897,False,False,False,False
2025-05-27 17:00:00+00:00,16.26,16.32,16.09,16.26,717.0,,,,,,,,,,,,,,,,,,,,,16.14264123325622,17.80298729127303,16.94906879004987,"rgba(239, 83, 80, 1.0)",0.0,0.0,2.398469102581055,17.71099084581087,-0.604965410748639,0.0,0.0,0.0,0.0,0.0,0.0,0.0,0.0,44.1176129205586,-3.6448830467963944,True,False,False,True,True,0.0,0,0.8635576340174937,0.8695332120897203,False,False,False,False,-0.15192891179421897,-0.15786556382856215,False,False,False,False,32537.0,31554.72181387948,False,False,False,False,1189.8972154636674,False,False,False,False
2025-05-28 17:00:00+00:00,17.12,17.12,16.73,16.73,319.0,,,,,,,,,,,,,,,,,,,,,16.152312736852487,17.801379920846113,16.948937903077205,"rgba(239, 83, 80, 1.0)",0.0,0.0,2.351541955306667,17.714879426969453,-0.4188228174057876,0.0,0.0,0.0,0.0,0.0,0.0,0.0,0.0,48.21567644518045,-7.458604480049033,True,False,False,False,True,0.0,0,0.8643662155693835,0.8757669379052262,False,False,False,False,-0.10758751205010217,-0.13272653793933215,False,False,False,False,32856.0,31574.89666947825,False,False,False,False,1176.394933053378,False,False,False,False
2025-05-29 17:00:00+00:00,16.47,16.52,16.36,16.36,563.0,,,,,,,,,,,,,,,,,,,,,16.158379224460592,17.797216720206986,16.94755239849968,"rgba(239, 83, 80, 1.0)",0.0,0.0,2.2975018983611104,17.696655270955954,-0.5817863619218067,0.0,0.0,0.0,0.0,0.0,0.0,0.0,0.0,49.06588651776407,-6.646901366039302,True,False,False,False,True,0.0,0,0.8626749814661375,0.8758885351707296,False,False,False,False,-0.137399443132534,-0.13506299053593307,False,False,False,False,32293.0,31586.03005444758,False,False,False,False,1166.8849340913102,False,False,False,False
2025-05-30 17:00:00+00:00,16.005,16.13,16.005,16.125,688.0,,,,,,,,,,,,,,,,,,,,,16.156398723506744,17.790970026061984,16.94483959370558,"rgba(239, 83, 80, 1.0)",0.0,0.0,2.272518410910649,17.67228720044998,-0.6808689395083698,0.0,0.0,0.0,0.0,0.0,0.0,0.0,0.0,48.50339150332424,-6.646901366039302,True,False,False,False,True,0.0,0,0.866806685919314,0.8760392053907414,False,False,False,False,-0.1645228614051243,-0.14979292597052868,False,False,False,False,31605.0,31586.32416213056,False,False,False,False,1159.4603614697396,False,False,False,False
2025-06-02 17:00:00+00:00,15.9,15.96,15.8,15.82,3700.0,,,,,,,,,,,,,,,,,,,,,16.118069516286873,17.75377741453536,16.92676145823481,"rgba(239, 83, 80, 1.0)",0.0,0.0,2.2484799910762385,17.578934809171823,-0.7822772789407416,0.0,0.0,0.0,0.0,0.0,0.0,0.0,0.0,46.7261679590708,-6.646901366039302,True,False,False,True,True,0.0,0,0.8634532878031697,0.8767183258909028,False,False,False,False,-0.17775178816558662,-0.16377235706805765,False,False,False,False,27905.0,31529.249368919234,False,False,False,False,1198.848572919821,False,False,False,False
2025-06-03 17:00:00+00:00,16.085,16.085,15.76,15.985,1335.0,,,,,,,,,,,,,,,,,,,,,16.110279994657226,17.74128236279416,16.920883766255084,"rgba(239, 83, 80, 1.0)",0.0,0.0,2.209430408437808,17.558754218582997,-0.7122895623110986,0.0,0.0,0.0,0.0,0.0,0.0,0.0,0.0,46.512494681841396,-6.646901366039302,True,False,False,True,True,0.0,0,0.8628954517570765,0.8759530277802122,False,False,False,False,-0.25174445050308997,-0.2077584037855738,False,False,False,False,29240.0,31493.757130641414,False,False,False,False,1200.9594477582734,False,False,False,False
2025-06-04 17:00:00+00:00,16.3,16.3,15.84,15.9,1274.0,,,,,,,,,,,,,,,,,,,,,16.106324002007195,17.729976049359887,16.915736778846153,"rgba(239, 83, 80, 1.0)",0.0,0.0,2.192986562444693,17.542922957549045,-0.7491714658376888,0.0,0.0,0.0,0.0,0.0,0.0,0.0,0.0,45.92679324955204,-6.646901366039302,True,False,False,True,False,0.0,0,0.8590400641739829,0.8920629261553547,False,False,False,False,-0.25888871281943354,-0.23332355830250368,False,False,False,False,27966.0,31439.06322163922,False,False,False,False,1202.0918594209359,False,False,False,False
2025-06-05 17:00:00+00:00,15.74,16.385,15.74,16.135,708.0,,,,,,,,,,,,,,,,,,,,,16.105888116341465,17.72402221266985,16.913132000284005,"rgba(239, 83, 80, 1.0)",0.0,0.0,2.188591947282919,17.535603054948318,-0.6399562315337628,0.0,0.0,0.0,0.0,0.0,0.0,0.0,0.0,47.05287496222668,-6.646901366039302,True,False,False,True,False,0.0,0,0.8404140414041404,0.9004500450045007,False,False,False,False,-0.2594676480059948,-0.24639560315424924,False,False,False,False,28674.0,31396.194024404504,False,False,False,False,1194.431520515185,False,False,False,False
2025-06-06 17:00:00+00:00,16.11,16.12,15.95,16.035,210.0,,,,,,,,,,,,,,,,,,,,,16.10542492506508,17.72220906773538,16.912314437971606,"rgba(239, 83, 80, 1.0)",0.0,0.0,2.1905742942750575,17.53315735899554,-0.6839107730383251,0.0,0.0,0.0,0.0,0.0,0.0,0.0,0.0,47.180221070023784,-6.646901366039302,True,False,False,True,False,0.0,0,0.8461503643688045,0.8993798940840992,False,False,False,False,-0.2615918698575839,-0.2539937365059166,False,False,False,False,28464.0,31350.73365193312,False,False,False,False,1179.169016321151,False,False,False,False
2025-06-09 17:00:00+00:00,16.73,16.77,16.18,16.745,1147.0,,,,,,,,,,,,,,,,,,,,,16.12126139117547,17.715463567632764,16.910557221940408,"rgba(239, 83, 80, 1.0)",0.0,0.0,2.1917789228950015,17.534038128569414,-0.3599989580733877,0.0,0.0,0.0,0.0,1.0,16.6,16.12,0.0,51.33924140146687,-2.8501533479696093,True,False,True,False,True,0.0,0,0.8440567066521266,0.900763358778626,False,False,False,False,-0.22786635317830398,-0.24093004484211028,False,False,False,False,29611.0,31323.761037174463,False,False,False,False,1178.6702718820634,False,False,False,False
2025-06-10 17:00:00+00:00,16.6,16.845,16.6,16.765,1423.0,,,,,,,,,,,,,,,,,,,,,16.146491784071372,17.708435968461878,16.909472540269793,"rgba(239, 83, 80, 1.0)",0.0,0.0,2.1935806180598547,17.538207105987468,-0.35248629552140265,0.0,0.0,0.0,0.0,0.0,0.0,0.0,0.0,54.210285961349754,-0.11309632529913216,True,False,True,False,True,0.0,0,0.8437115095114274,0.8988641029150132,False,False,False,False,-0.20912189545629747,-0.2250259701492039,False,False,False,False,31034.0,31319.268617993464,False,False,False,False,1182.4583296823414,False,False,False,False
2025-06-11 17:00:00+00:00,17.905,18.19,17.845,18.12,2404.0,,,,,,,,,,,,,,,,,,,,,16.269899765580792,17.71254930258527,16.92138340158127,"rgba(38, 166, 154, 1.0)",0.0,0.0,2.1936751178154092,17.600398563571378,0.23686344081163324,0.0,0.0,0.0,0.0,1.0,16.96,16.845,0.0,60.902679503041725,5.997241129873657,True,False,True,False,True,3.6109062808543086,0,0.8500249353946594,0.8951353311873783,False,False,False,False,-0.11306761599082397,-0.16904679307001394,False,False,False,False,33438.0,31352.117166551707,False,False,False,False,1201.3969602299019,False,False,False,False
2025-06-12 17:00:00+00:00,17.25,17.315,16.96,17.035,353.0,,,,,,,,,,,,,,,,,,,,,16.27775227317212,17.71147912509351,16.92166158477164,"rgba(38, 166, 154, 1.0)",0.0,0.0,2.194090804743365,17.601827991013515,-0.2583429955533744,0.0,0.0,0.0,0.0,0.0,0.0,0.0,0.0,59.326448314996604,5.997241129873657,True,False,True,False,True,0.367620544160026,0,0.8449990956773377,0.8996201844818232,False,False,False,False,-0.1780070942868673,-0.17352694367844063,False,False,False,False,33085.0,31378.98356707028,False,False,False,False,1188.2435189860273,False,False,False,False
2025-06-13 17:00:00+00:00,17.31,17.31,17.09,17.15,600.0,,,,,,,,,,,,,,,,,,,,,16.292026130054815,17.709906880475245,16.92233982763462,"rgba(38, 166, 154, 1.0)",0.0,0.0,2.1946242675400276,17.604881606833292,-0.20727083608857283,0.0,0.0,0.0,0.0,0.0,0.0,0.0,0.0,58.688362276378875,5.997241129873657,True,False,True,False,False,0.6991622335083143,0,0.8415120274914091,0.9125315005727379,False,False,False,False,-0.17335195537573794,-0.17343944952708928,False,False,False,False,33685.0,31414.73575982888,False,False,False,False,1179.1234644281044,False,False,False,False
2025-06-16 17:00:00+00:00,17.625,17.75,17.385,17.72,800.0,,,,,,,,,,,,,,,,,,,,,16.319326232010837,17.709544842048388,16.924736860609453,"rgba(38, 166, 154, 1.0)",0.0,0.0,2.190973061211589,17.61460642981878,0.04810354451502725,0.0,0.0,0.0,0.0,1.0,17.7,17.31,0.0,60.19502013364989,5.997241129873657,True,False,True,False,False,2.331860158434914,0,0.8478029355929064,0.9041533546325881,False,False,False,False,-0.14612285056935936,-0.15978115004822432,False,False,False,False,34485.0,31462.336755800527,False,False,False,False,1173.2455812586763,False,False,False,False
2025-06-17 17:00:00+00:00,17.7,18.99,17.7,18.99,3184.0,,,,,,,,,,,,,,,,,,,,,16.488988664288545,17.722719480056114,16.94684880670775,"rgba(38, 166, 154, 1.0)",0.0,0.0,2.1869858211661795,17.69307221276649,0.5930206655578308,0.0,0.0,0.0,0.0,0.0,0.0,0.0,0.0,64.31898564274604,8.84060501045505,True,False,True,False,True,5.7895542369368655,0,0.8577162629757786,0.8817993079584778,False,False,False,False,-0.0891685492426958,-0.12447484964546006,False,False,False,False,37669.0,31558.564092919896,False,False,False,False,1204.4200683709448,False,False,False,False
2025-06-18 17:00:00+00:00,20.87,20.885,19.87,20.0,1178.0,,,,,,,,,,,,,,,,,,,,,16.591524860429967,17.737131247994398,16.963299788292264,"rgba(38, 166, 154, 1.0)",0.0,0.0,2.201467166388046,17.747786745671085,1.0230510310195213,0.0,0.0,0.0,0.0,0.0,0.0,0.0,0.0,68.76355055256248,12.938748457547021,True,False,True,False,True,8.362626430880276,0,0.8650211047898697,0.8809414571481008,False,False,False,False,0.0579388857876369,-0.033267981928911575,False,False,False,False,38847.0,31671.563099231214,False,False,False,False,1204.0104549078294,False,False,False,False
2025-06-19 17:00:00+00:00,20.0,20.0,20.0,20.0,0.0,,,,,,,,,,,,,,,,,,,,,16.591524860429967,17.737131247994398,16.963299788292264,"rgba(38, 166, 154, 1.0)",0.0,0.0,2.2177402730975615,17.747786745671085,1.0155441922796504,0.0,0.0,0.0,0.0,0.0,0.0,0.0,0.0,71.72659382577343,15.616769751093841,True,False,True,False,True,8.362626430880276,0,0.8679714483076215,0.8830762145982042,False,False,False,False,0.030616946357350124,-0.0013255177857807252,False,False,False,False,38847.0,31782.810182964065,False,False,False,False,1185.3436261495685,False,False,False,False
2025-06-20 17:00:00+00:00,22.785,23.15,22.38,22.935,9037.0,,,,,,,,,,,,,,,,,,,,,17.668761854650977,17.950104349169564,17.178788226610877,"rgba(38, 166, 154, 1.0)",0.0,0.0,2.2983571237882936,18.347705356347955,1.995901592564946,0.0,0.0,0.0,0.0,0.0,0.0,0.0,0.0,76.72188372254517,20.174509554190536,True,False,True,False,True,15.10071261091295,0,0.8738839786441744,0.8791780698999508,False,False,False,False,0.2345303648803032,0.11660242354726125,False,False,False,False,47884.0,32032.44103284059,False,False,False,False,1307.074732720893,False,False,False,False
2025-06-23 17:00:00+00:00,23.8,25.23,23.705,25.11,24768.0,,,,,,,,,,,,,,,,,,,,,19.923582858428638,18.643305421354466,17.865901996164443,"rgba(38, 166, 154, 1.0)",0.0,0.0,2.4488555425889045,19.651550432668955,2.228979812161737,0.0,0.0,0.0,0.0,0.0,0.0,0.0,0.0,81.17091795642364,24.160503271463327,True,False,True,False,True,19.355392160268295,0,0.881132407244593,0.8640320028134345,False,False,False,False,0.34282824658603245,0.22971533506664685,False,False,False,False,72652.0,32662.201636982598,False,False,False,False,1670.8100081825846,False,False,False,False
2025-06-24 17:00:00+00:00,25.28,25.95,24.905,25.805,2461.0,,,,,,,,,,,,,,,,,,,,,20.097870426279552,18.713293275001817,17.935223606057605,"rgba(38, 166, 154, 1.0)",0.0,0.0,2.5772845144586576,19.759964154787866,2.345505826500438,0.0,0.0,0.0,0.0,0.0,0.0,0.0,0.0,84.41252052319234,27.062016238325924,True,False,True,False,True,20.0,0,0.8925760755508919,0.8618835257082897,False,False,False,False,0.3428282473073554,0.28627179118700113,False,False,False,False,75113.0,33320.35354958752,False,False,False,False,1683.0610158076609,False,False,False,False
2025-06-25 17:00:00+00:00,23.275,23.78,23.1,23.49,2449.0,,,,,,,,,,,,,,,,,,,,,20.198253521756996,18.76062496265028,17.984329924487277,"rgba(38, 166, 154, 1.0)",0.0,0.0,2.630666128431962,19.82182251900155,1.394391116893616,0.0,0.0,0.0,0.0,0.0,0.0,0.0,0.0,79.36921009280942,27.062016238325924,True,False,True,False,False,13.78409353621771,0,0.8849211464913412,0.8638648962227669,False,False,False,False,0.2070198772552691,0.24664583422113512,False,False,False,False,72664.0,33930.3325643226,False,False,False,False,1694.9360388183948,False,False,False,False
2025-06-26 17:00:00+00:00,23.97,24.48,23.88,24.42,1419.0,,,,,,,,,,,,,,,,,,,,,20.26739315675408,18.792238120509197,18.016504010993046,"rgba(38, 166, 154, 1.0)",0.0,0.0,2.7069023501658243,19.86537667580128,1.682596095097301,0.0,0.0,0.0,0.0,0.0,0.0,0.0,0.0,77.00056050898539,34.9786587257732,True,False,True,False,False,15.5258385680016,0,0.8940153365034486,0.8523754444587245,False,False,False,False,0.25646234586438754,0.2515540900427613,False,False,False,False,74083.0,34552.85454006954,False,False,False,False,1690.6579606971793,False,False,False,False
2025-06-27 17:00:00+00:00,24.46,25.08,23.905,23.98,1906.0,,,,,,,,,,,,,,,,,,,,,20.358018541539618,18.834605813799232,18.059626366975614,"rgba(38, 166, 154, 1.0)",0.0,0.0,2.6656887570662633,19.923052986831085,1.5219132400264945,0.0,0.0,0.0,0.0,0.0,0.0,0.0,0.0,74.23847961218159,32.30142244843452,True,False,True,False,False,14.299214208139627,0,0.8930515393774452,0.8493791461132847,False,False,False,False,0.2777024826539603,0.2646282863483608,False,False,False,False,72177.0,35136.17462471962,False,False,False,False,1693.9965969654402,False,False,False,False
2025-06-30 17:00:00+00:00,24.675,24.675,24.325,24.36,875.0,,,,,,,,,,,,,,,,,,,,,20.399616819319817,18.854300666057764,18.079638005165222,"rgba(38, 166, 154, 1.0)",0.0,0.0,2.6920104229213244,19.949764348227976,1.6382684161326944,0.0,0.0,0.0,0.0,0.0,0.0,0.0,0.0,72.87203998107591,30.803409623446953,True,False,True,False,False,15.015494425365308,0,0.8923694779116467,0.8500951173113509,False,False,False,False,0.2782151884017048,0.2714217373750328,False,False,False,False,73052.0,35724.01687859994,False,False,False,False,1681.2989753070613,False,False,False,False
2025-07-01 17:00:00+00:00,24.94,25.695,24.91,24.99,2668.0,,,,,,,,,,,,,,,,,,,,,20.54377661550934,18.921388052129245,18.1469330451523,"rgba(38, 166, 154, 1.0)",0.0,0.0,2.7554671404613216,20.043522482642878,1.7951502468394447,0.0,0.0,0.0,0.0,0.0,0.0,0.0,0.0,72.74037974723248,30.283453783208614,True,False,True,False,False,16.189511219517367,0,0.8933103622153121,0.8440205059248678,False,False,False,False,0.3339689428897463,0.3026953401323895,False,False,False,False,75720.0,36344.109640172035,False,False,False,False,1696.596665612378,False,False,False,False
2025-07-02 17:00:00+00:00,25.62,25.735,25.36,25.625,5409.0,,,,,,,,,,,,,,,,,,,,,20.83251438123541,19.06100649967987,18.28658517563103,"rgba(38, 166, 154, 1.0)",0.0,0.0,2.8580066495739542,20.235435027196303,1.8857776183295882,0.0,0.0,0.0,0.0,0.0,0.0,0.0,0.0,73.40067803349582,30.283453783208614,True,False,True,False,False,17.35000181173577,0,0.8929786965838901,0.8462120257153665,False,False,False,False,0.342828247388282,0.32276179376033576,False,False,False,False,81129.0,37038.44902559573,False,False,False,False,1754.153306455597,False,False,False,False
2025-07-03 17:00:00+00:00,26.095,26.095,26.095,26.095,0.0,,,,,,,,,,,,,,,,,,,,,20.83251438123541,19.06100649967987,18.28658517563103,"rgba(38, 166, 154, 1.0)",0.0,0.0,2.978178969265095,20.235435027196303,1.9674992783424365,0.0,0.0,0.0,0.0,0.0,0.0,0.0,0.0,74.3766133032345,30.283453783208614,True,False,True,False,False,18.196565213948322,0,0.8900521341075744,0.8516509134065191,False,False,False,False,0.34282824773528014,0.332795020747808,False,False,False,False,81129.0,37722.02345930742,False,False,False,False,1726.9571311617117,False,False,False,False
2025-07-04 17:00:00+00:00,26.095,26.095,26.095,26.095,0.0,,,,,,,,,,,,,,,,,,,,,20.83251438123541,19.06100649967987,18.28658517563103,"rgba(38, 166, 154, 1.0)",0.0,0.0,3.1000170851025737,20.235435027196303,1.890171831943247,0.0,0.0,0.0,0.0,0.0,0.0,0.0,0.0,75.02723681639364,30.283453783208614,True,False,True,False,False,18.19656521394831,0,0.8901173959445038,0.8493062966915691,False,False,False,False,0.34282824773528014,0.33781163424154403,False,False,False,False,81129.0,38394.999839783275,False,False,False,False,1700.1826019964137,False,False,False,False
2025-07-07 17:00:00+00:00,25.54,26.09,25.53,25.97,1601.0,,,,,,,,,,,,,,,,,,,,,20.91657049776841,19.1030052396268,18.328523959341723,"rgba(38, 166, 154, 1.0)",0.0,0.0,3.2023206787780727,20.735502276407946,1.6345951104401604,0.0,0.0,0.0,0.0,0.0,0.0,0.0,0.0,74.92789213527948,30.283453783208614,True,False,True,False,False,17.81911678083628,0,0.8929413277332534,0.8422406034371922,False,False,False,False,0.3239065301647917,0.33085908220316784,False,False,False,False,79528.0,39032.720772499815,False,False,False,False,1698.6448872367794,False,False,False,False
2025-07-08 17:00:00+00:00,25.985,25.985,25.665,25.81,1851.0,,,,,,,,,,,,,,,,,,,,,21.00949629030497,19.150613219889443,18.376161028681754,"rgba(38, 166, 154, 1.0)",0.0,0.0,3.299120822006694,20.794525947745704,1.520245642050668,0.0,0.0,0.0,0.0,0.0,0.0,0.0,0.0,74.13210387324263,29.122080378223743,True,False,True,False,False,17.330703170961257,0,0.8943881694234304,0.8348078813523103,False,False,False,False,0.32489673573733047,0.32787790897024915,False,False,False,False,77677.0,39631.85688455408,False,False,False,False,1701.0069820083022,False,False,False,False
2025-07-09 17:00:00+00:00,25.47,25.51,24.93,24.93,4298.0,,,,,,,,,,,,,,,,,,,,,21.18289308947076,19.24731793838253,18.474334442605063,"rgba(38, 166, 154, 1.0)",0.0,0.0,3.3777724441833863,20.884411953018336,1.1977088788051051,0.0,0.0,0.0,0.0,0.0,0.0,0.0,0.0,69.8919118396908,24.786899083614813,True,False,True,False,False,14.682243266640715,0,0.8912440823986011,0.8366528767006443,False,False,False,False,0.28542038592233837,0.3066491474462938,False,False,False,False,73379.0,40155.06840572378,False,False,False,False,1741.2704396515844,False,False,False,False
2025-07-10 17:00:00+00:00,25.305,25.45,24.96,24.96,1101.0,,,,,,,,,,,,,,,,,,,,,21.2249847031011,19.27158860927285,18.499025149808315,"rgba(38, 166, 154, 1.0)",0.0,0.0,3.455786488232769,20.91015687429255,1.1719020082685931,0.0,0.0,0.0,0.0,0.0,0.0,0.0,0.0,67.14035822500277,22.053908213562067,True,False,True,False,False,14.742370581320184,0,0.8979775088724505,0.8336682772480439,False,False,False,False,0.28445301183997707,0.29555107964313543,False,False,False,False,74480.0,40687.23788780558,False,False,False,False,1731.3437661686141,False,False,False,False
2025-07-11 17:00:00+00:00,23.86,23.86,23.3,23.38,3150.0,,,,,,,,,,,,,,,,,,,,,21.292846031701202,19.321129575661402,18.551738641925866,"rgba(38, 166, 154, 1.0)",0.0,0.0,3.502328569024518,21.20506093339456,0.6209980085367067,0.0,0.0,0.0,0.0,0.0,0.0,0.0,0.0,60.01793425711062,15.459064799483343,False,False,True,False,False,10.17916772276726,0,0.8997407454630456,0.8318670576735095,False,False,False,False,0.17944225077413975,0.2374966652086376,False,False,False,False,71330.0,41162.319470940376,False,False,False,False,1753.3384364605736,False,False,False,False
2025-07-14 17:00:00+00:00,24.39,25.15,24.39,25.15,548.0,,,,,,,,,,,,,,,,,,,,,21.31134291476615,19.332435215266628,18.563321451890147,"rgba(38, 166, 154, 1.0)",0.0,0.0,3.5855033169746138,21.22977947194616,1.0933529218881477,0.0,0.0,0.0,0.0,0.0,0.0,0.0,0.0,59.69682433405686,15.290072201480655,False,False,True,False,False,13.739905596289802,0,0.9006647593402896,0.825732076741838,False,False,False,False,0.254793689788668,0.2461451774986528,False,False,False,False,71878.0,41638.5315721661,False,False,False,False,1734.6510188410296,False,False,False,False
2025-07-15 17:00:00+00:00,26.11,26.855,25.96,26.765,1953.0,,,,,,,,,,,,,,,,,,,,,21.405027056774774,19.38405157349615,18.61479547628425,"rgba(38, 166, 154, 1.0)",0.0,0.0,3.707393030295143,21.364428835278627,1.4567031659687395,0.0,0.0,0.0,0.0,0.0,0.0,0.0,0.0,62.224757017773655,15.290072201480655,False,False,True,False,True,16.720575223704927,0,0.9059358444917198,0.8230926458932969,False,False,False,False,0.34282824778164916,0.29448671264015097,False,False,False,False,73831.0,42137.63960980694,False,False,False,False,1738.0362743628739,False,False,False,False
2025-07-16 17:00:00+00:00,26.21,26.69,25.98,26.69,2146.0,,,,,,,,,,,,,,,,,,,,,21.50274384854061,19.439347774582384,18.670077174947775,"rgba(38, 166, 154, 1.0)",0.0,0.0,3.8188773620406073,21.468955396222935,1.3671673920911707,0.0,0.0,0.0,0.0,0.0,0.0,0.0,0.0,63.6770969487449,15.290072201480655,False,False,True,False,True,16.50958349996941,0,0.9061168212584609,0.8276510403609929,False,False,False,False,0.33802636703037353,0.31625653983526225,False,False,False,False,71685.0,42595.7382205076,False,False,False,False,1744.3612933649997,False,False,False,False
2025-07-17 17:00:00+00:00,27.46,27.63,26.69,26.79,2749.0,,,,,,,,,,,,,,,,,,,,,21.63663889793488,19.514717240101724,18.74498615797496,"rgba(38, 166, 154, 1.0)",0.0,0.0,3.9253016754439605,21.602257051384143,1.3216163692766647,0.0,0.0,0.0,0.0,0.0,0.0,0.0,0.0,64.81621890465142,15.290072201480655,False,False,True,False,True,16.69207343204904,0,0.9065997844291519,0.819210679048172,False,False,False,False,0.34282824820051994,0.3295423940178911,False,False,False,False,74434.0,43089.35468220516,False,False,False,False,1759.9370872663176,False,False,False,False
2025-07-18 17:00:00+00:00,26.515,26.97,26.17,26.9,3336.0,,,,,,,,,,,,,,,,,,,,,21.78049713702656,19.59995313283745,18.830274799273134,"rgba(38, 166, 154, 1.0)",0.0,0.0,4.021919628174513,21.723338099605225,1.2871122197795832,0.0,0.0,0.0,0.0,0.0,0.0,0.0,0.0,65.77999227627201,10.381612537808088,False,False,True,False,True,16.895557375072872,0,0.901930598319048,0.8281184987933763,False,False,False,False,0.30658301651966874,0.3180627052687799,False,False,False,False,77770.0,43627.03910573686,False,False,False,False,1784.3721711846692,False,False,False,False
2025-07-21 17:00:00+00:00,27.72,27.825,26.655,26.83,870.0,,,,,,,,,,,,,,,,,,,,,21.81980073217171,19.623158803399363,18.853400087391808,"rgba(38, 166, 154, 1.0)",0.0,0.0,4.114766038251685,21.757134849932402,1.232844128416836,0.0,0.0,0.0,0.0,0.0,0.0,0.0,0.0,66.12543386687646,11.037840578648776,False,False,True,False,True,16.687782373482815,0,0.9042915248609613,0.8283805096704576,False,False,False,False,0.3428282482419611,0.3304454767553705,False,False,False,False,76900.0,44142.89896456264,False,False,False,False,1770.1958584531237,False,False,False,False
2025-07-22 17:00:00+00:00,26.37,27.67,26.37,27.03,2144.0,,,,,,,,,,,,,,,,,,,,,21.912796088368754,19.67913291609632,18.909293895281433,"rgba(38, 166, 154, 1.0)",0.0,0.0,4.204089448393076,21.834305645919034,1.2358667478083538,0.0,0.0,0.0,0.0,0.0,0.0,0.0,0.0,66.8047218638037,12.05160683556359,False,False,True,False,True,17.06964822548379,0,0.9022581176858414,0.8294873908027034,False,False,False,False,0.3293064716754184,0.32987597421539444,False,False,False,False,79044.0,44684.00130619733,False,False,False,False,1775.991271500362,False,False,False,False
2025-07-23 17:00:00+00:00,28.71,29.74,28.46,28.845,3458.0,,,,,,,,,,,,,,,,,,,,,22.111778637499164,19.791654014615506,19.019586442118733,"rgba(38, 166, 154, 1.0)",0.0,0.0,4.342700966528158,22.60099396731031,1.4378162532525376,0.0,0.0,0.0,0.0,0.0,0.0,0.0,0.0,70.36690321159197,15.661760736094692,True,False,True,False,True,20.0,0,0.9092088197146563,0.8197957198443582,False,False,False,False,0.3428282490705798,0.3363521116429871,False,False,False,False,82502.0,45270.32686734156,False,False,False,False,1802.0689262057829,False,False,False,False
2025-07-24 17:00:00+00:00,28.065,28.065,26.56,26.68,928.0,,,,,,,,,,,,,,,,,,,,,22.14901630841235,19.815221756682583,19.043188806230045,"rgba(38, 166, 154, 1.0)",0.0,0.0,4.416591687617845,22.602668069913676,0.9231851659544045,0.0,0.0,0.0,0.0,0.0,0.0,0.0,0.0,65.45187324646989,20.429610585704083,False,False,True,False,False,14.175879454761574,0,0.8971988795518208,0.8247699079631854,False,False,False,False,0.2499435439015564,0.2931478277722718,False,False,False,False,81574.0,45833.17451280913,False,False,False,False,1788.5174699855381,False,False,False,False
2025-07-25 17:00:00+00:00,25.725,26.12,25.47,26.12,2593.0,,,,,,,,,,,,,,,,,,,,,22.22570201765581,19.8695770883044,19.098714081334315,"rgba(38, 166, 154, 1.0)",0.0,0.0,4.469719908793276,22.583348599345538,0.7912467610547167,0.0,0.0,0.0,0.0,0.0,0.0,0.0,0.0,60.768119405937725,16.1895833484474,False,True,True,False,False,12.670323585829117,0,0.8908013769914338,0.8441277719958372,False,False,False,False,0.1743356294626595,0.23374172861746564,False,False,False,False,78981.0,46347.094287804335,False,False,False,False,1800.9900673501033,False,False,False,False
2025-07-28 17:00:00+00:00,26.14,26.14,25.265,25.265,550.0,,,,,,,,,,,,,,,,,,,,,22.24007133557132,19.880326584897304,19.109782039896345,"rgba(239, 83, 80, 1.0)",0.0,0.0,4.505472271292688,22.581421227099113,0.5956265206645979,0.0,0.0,0.0,0.0,0.0,0.0,0.0,0.0,55.66976470959827,11.668190590137797,False,True,True,False,False,10.423450223141447,0,0.8848693425107048,0.8450518228020331,False,False,False,False,0.16979833794933402,0.20177003328339982,False,False,False,False,78431.0,46844.519182567055,False,False,False,False,1781.594872507466,False,False,False,False
2025-07-29 17:00:00+00:00,23.6,24.42,23.6,24.25,1612.0,,,,,,,,,,,,,,,,,,,,,22.263168936084526,19.90351918877076,19.134673324507204,"rgba(239, 83, 80, 1.0)",0.0,0.0,4.527580053863659,22.544872319676386,0.37660906268648403,0.0,0.0,0.0,0.0,0.0,0.0,0.0,0.0,50.247927612105464,6.917855807511806,False,True,False,False,False,7.851283710830224,0,0.8742063016652688,0.8590711233576935,False,False,False,False,0.08780023756405805,0.14478513542372895,False,False,False,False,76819.0,47309.23981539547,False,False,False,False,1778.9654946391333,False,False,False,False
2025-07-30 17:00:00+00:00,24.54,24.54,23.835,24.03,609.0,,,,,,,,,,,,,,,,,,,,,22.271956875351734,19.91230825505966,19.14409721706444,"rgba(239, 83, 80, 1.0)",0.0,0.0,4.5411931073053635,22.535044370776276,0.32919886776424623,0.0,0.0,0.0,0.0,0.0,0.0,0.0,0.0,46.21939687146226,3.455142494631424,False,True,False,True,False,7.303171966902706,0,0.8828237554025932,0.8542100208099889,False,False,False,False,0.09632604844201431,0.12055559193287163,False,False,False,False,76210.0,47757.31361670717,False,False,False,False,1760.8264947222474,False,False,False,False
2025-07-31 17:00:00+00:00,24.455,24.455,23.91,23.93,1200.0,,,,,,,,,,,,,,,,,,,,,22.28869764812821,19.929370741367254,19.16242723081414,"rgba(239, 83, 80, 1.0)",0.0,0.0,4.549747319981141,22.51900646393571,0.3101256920065921,0.0,0.0,0.0,0.0,0.0,0.0,0.0,0.0,43.33194290777608,0.9291272561553043,False,True,False,True,False,7.0514001549201595,0,0.8847970538787926,0.8512128732687535,False,False,False,False,0.09608569933708012,0.10832064563497587,False,False,False,False,75010.0,48179.83588621559,False,False,False,False,1752.131510307949,False,False,False,False
2025-08-01 17:00:00+00:00,24.03,24.04,23.41,23.41,2312.0,,,,,,,,,,,,,,,,,,,,,22.311800508898216,19.958128180672308,19.19397773240104,"rgba(239, 83, 80, 1.0)",0.0,0.0,4.5510087813503315,22.484322411860916,0.20340052779780096,0.0,0.0,0.0,0.0,0.0,0.0,0.0,0.0,40.34399135476315,-1.8325957313570598,False,True,False,True,False,5.740827814394912,0,0.8785808991924142,0.8607818715095022,False,False,False,False,0.07413696848860864,0.09122880706179226,False,False,False,False,72698.0,48559.9624616231,False,False,False,False,1760.8116419310816,False,False,False,False
2025-08-04 17:00:00+00:00,23.49,23.75,23.38,23.63,297.0,,,,,,,,,,,,,,,,,,,,,22.314636175726083,19.961756584772964,19.197968093512166,"rgba(239, 83, 80, 1.0)",0.0,0.0,4.534789468379146,22.480674342127983,0.2534463101068317,0.0,0.0,0.0,0.0,0.0,0.0,0.0,0.0,39.20182143651721,-3.0286988924132388,False,True,False,True,False,6.21513657078853,0,0.874636040116467,0.8697832416693628,False,False,False,False,0.06647877815709885,0.07885379260944556,False,False,False,False,72995.0,48938.80025291576,False,False,False,False,1738.1168877926152,False,False,False,False
2025-08-05 17:00:00+00:00,24.18,24.65,24.085,24.29,1519.0,,,,,,,,,,,,,,,,,,,,,22.3374364224271,19.984042731607104,19.22175541307419,"rgba(239, 83, 80, 1.0)",0.0,0.0,4.527430155265867,22.47864240053194,0.40008515589384963,0.0,0.0,0.0,0.0,0.0,0.0,0.0,0.0,40.87752989089237,-3.0286988924132388,False,True,False,True,False,7.627548495328053,0,0.8768010947436207,0.8632375432665219,False,False,False,False,0.1049862279815138,0.09192001029547968,False,False,False,False,74514.0,49335.31497767675,False,False,False,False,1734.719726741567,False,False,False,False
2025-08-06 17:00:00+00:00,24.64,25.48,24.64,25.43,2023.0,,,,,,,,,,,,,,,,,,,,,22.379439292905715,20.019038771863872,19.258247838291176,"rgba(239, 83, 80, 1.0)",0.0,0.0,4.535046864483648,22.49890167819492,0.6463215065670133,0.0,0.0,0.0,0.0,0.0,0.0,0.0,0.0,45.411960160588244,-3.0286988924132388,False,True,False,True,True,9.980677704674058,0,0.8816764835517089,0.8533477581440078,False,False,False,False,0.13846246443944976,0.11519123736746473,False,False,False,False,76537.0,49757.04652841045,False,False,False,False,1739.1891883424728,False,False,False,False
2025-08-07 17:00:00+00:00,23.295,23.355,21.91,21.94,3896.0,,,,,,,,,,,,,,,,,,,,,22.380053618890884,20.049528996098974,19.29487278559816,"rgba(239, 83, 80, 1.0)",0.0,0.0,4.501880850176856,22.426441649326257,-0.10805298174587322,0.0,0.0,0.0,0.0,0.0,0.0,0.0,0.0,41.394811235695414,-3.0286988924132388,False,True,False,True,False,1.6207187382107584,0,0.8613806706114397,0.8633136094674558,False,False,False,False,0.021971780711200654,0.06858150903933269,False,False,False,False,72641.0,50111.83650471416,False,False,False,False,1772.6281156549924,False,False,False,False
2025-08-08 17:00:00+00:00,21.69,21.69,20.73,21.03,1364.0,,,,,,,,,,,,,,,,,,,,,22.36826540338749,20.05443736313805,19.302409393581087,"rgba(239, 83, 80, 1.0)",0.0,0.0,4.4591005617523045,22.38862673497814,-0.3046862738713914,0.0,0.0,0.0,0.0,0.0,0.0,0.0,0.0,37.5812783737085,-4.523238217002387,False,True,False,True,False,0.0,0,0.8520073780463875,0.8761037635885564,False,False,False,False,-0.0458140961835425,0.011383706427895095,False,False,False,False,71277.0,50439.97857440852,False,False,False,False,1766.2927960324344,False,False,False,False
2025-08-11 17:00:00+00:00,20.95,21.0,20.3,20.96,1274.0,,,,,,,,,,,,,,,,,,,,,22.35393814153007,20.057336845910125,19.30789414705118,"rgba(239, 83, 80, 1.0)",0.0,0.0,4.424704538412949,22.350953238596293,-0.31436070510940806,0.0,0.0,0.0,0.0,0.0,0.0,0.0,0.0,34.951469977186505,-7.111140103758309,False,True,False,True,False,0.0,0,0.845901509762074,0.8921033910362818,False,False,False,False,-0.07258072972916331,-0.030598511650634107,False,False,False,False,70003.0,50743.281232169626,False,False,False,False,1758.660349582319,False,False,False,False
2025-08-12 17:00:00+00:00,22.29,22.37,21.94,22.28,1217.0,,,,,,,,,,22.19666666666667,,,,,,,,,,,22.352616495993857,20.06578164192919,19.318288118622597,"rgba(239, 83, 80, 1.0)",0.0,0.0,4.385638028715869,22.33416781597051,-0.012351182568153967,0.0,0.0,0.0,0.0,0.0,0.0,0.0,0.0,36.870553101085605,-7.111140103758309,False,True,False,True,False,2.3118484385465763,0,0.8447109712937475,0.8944553676759733,False,False,False,False,-0.0007739516553520022,-0.015686231652993054,False,False,False,False,71220.0,51060.749740198,False,False,False,False,1750.2625147050737,False,False,False,False
2025-08-13 17:00:00+00:00,22.41,22.71,22.26,22.4,911.0,,,,,,,,,,22.307973057644112,,,,,,,,,,,22.35326694343421,20.07282559599848,19.326718227091934,"rgba(239, 83, 80, 1.0)",0.0,0.0,4.345696180969994,22.324653175191344,0.017338263346296987,0.0,0.0,0.0,0.0,0.0,0.0,0.0,0.0,38.46167085841104,-7.111140103758309,False,True,False,True,True,2.560640165444564,0,0.8555683304920111,0.8868096578519605,False,False,False,False,0.014944281488997842,-0.0003709750819976057,False,False,False,False,72131.0,51387.4202868616,False,False,False,False,1737.2506927716618,False,False,False,False
2025-08-14 17:00:00+00:00,21.965,22.265,21.8,22.265,1228.0,,,,,,,,,,22.235532379817244,,,,,,,,,,,22.35123417348268,20.080883919646023,19.33675965179787,"rgba(239, 83, 80, 1.0)",0.0,0.0,4.310706441759509,22.308765626087947,-0.010152773490667701,0.0,0.0,0.0,0.0,0.0,0.0,0.0,0.0,39.25073536464351,-7.111140103758309,False,True,False,True,True,2.2570853852985415,0,0.8498204632442883,0.8819792447618673,False,False,False,False,-0.006608433368571813,-0.0034897042252847094,False,False,False,False,70903.0,51689.98741419708,False,False,False,False,1729.3553331938065,False,False,False,False
2025-08-15 17:00:00+00:00,22.255,22.255,22.03,22.1,1200.0,,,,,,,,,,22.207297336845187,,,,,,,,,,,22.349428796735026,20.088767745999977,19.346566777037104,"rgba(239, 83, 80, 1.0)",0.0,0.0,4.284526377475014,22.29447513462271,-0.04539011257933238,0.0,0.0,0.0,0.0,0.0,0.0,0.0,0.0,39.4201265631295,-7.111140103758309,False,True,False,True,True,1.881815751919568,0,0.851139601139601,0.8828347578347578,False,False,False,False,-0.00136929783310965,-0.00242950102919718,False,False,False,False,69703.0,51969.25892715526,False,False,False,False,1721.148273764445,False,False,False,False
2025-08-18 17:00:00+00:00,21.9,21.96,21.54,21.845,2432.0,,,,,,,,,,22.059167143674873,,,,,,,,,,,22.34025954578658,20.101876494467895,19.363781916558395,"rgba(239, 83, 80, 1.0)",0.0,0.0,4.243693044702638,22.26089897861298,-0.0980040201381064,0.0,0.0,0.0,0.0,0.0,0.0,0.0,0.0,38.95552959542578,-7.111140103758309,False,True,False,True,True,1.297369164954656,0,0.8549712735397381,0.8819023300351102,False,False,False,False,-0.020065837593933846,-0.011247669311565513,False,False,False,False,67271.0,52206.49522285828,False,False,False,False,1732.1692307603453,False,False,False,False
2025-08-19 17:00:00+00:00,20.9,20.925,20.535,20.71,1615.0,,,,,,,,,,21.808397458251,,,,,,,,,,20.723333333333333,22.3231028437524,20.105055729777117,19.37013470322278,"rgba(239, 83, 80, 1.0)",0.0,0.0,4.201266727680713,22.22616041667736,-0.36088173280879665,0.0,0.0,0.0,0.0,0.0,0.0,0.0,0.0,36.37536843008324,-7.764631699109252,False,True,False,True,True,0.0,0,0.8574105078529856,0.8776209838156741,False,False,False,False,-0.06875145533939354,-0.03999956232547953,False,False,False,False,65656.0,52415.014676767445,False,False,False,False,1730.3526535392546,False,False,False,False
2025-08-20 17:00:00+00:00,20.02,20.04,19.755,19.755,851.0,,,,,,,,,,21.6321126859883,,,,,,,,,19.849999999999998,20.421951878886187,22.309352252334662,20.104370028948342,19.37131333189024,"rgba(239, 83, 80, 1.0)",0.0,0.0,4.148629445886819,22.186596964792578,-0.5861205481254536,0.0,0.0,0.0,0.0,0.0,0.0,0.0,0.0,33.14682181703625,-11.122789246467619,False,True,False,True,False,0.0,0,0.8608740728925751,0.8762660499242365,False,False,False,False,-0.1087196833928633,-0.07435962285917141,False,False,False,False,64805.0,52607.10747247648,False,False,False,False,1716.7192790657778,False,False,False,False
2025-08-21 17:00:00+00:00,20.225,20.445,20.19,20.39,757.0,,,,,,,,,20.34166666666667,21.536444520615028,,,,,,,,,20.081462479270318,20.403094942600063,22.299668168490314,20.104936164110722,19.37342879784506,"rgba(239, 83, 80, 1.0)",0.0,0.0,4.0981334544900685,22.18364865813094,-0.43767453599290485,0.0,0.0,0.0,0.0,0.0,0.0,0.0,0.0,33.3852259358168,-11.172711271228138,False,True,False,True,False,0.0,0,0.8680339010154312,0.8687135204285602,False,False,False,False,-0.08852022395806837,-0.08143992340861989,False,False,False,False,65562.0,52807.958519414824,False,False,False,False,1701.8399103980912,False,False,False,False
2025-08-22 17:00:00+00:00,20.99,21.09,20.89,20.95,1234.0,,,,,,,,20.97666666666667,20.735232713879125,21.476089267511288,,,,,,,,,20.470161271405114,20.561898511704435,22.28913856228542,20.10831326732219,19.379106239920116,"rgba(239, 83, 80, 1.0)",0.0,0.0,4.060134051175331,22.186753608110124,-0.3046090578590891,0.0,0.0,0.0,0.0,0.0,0.0,0.0,0.0,35.49471686163958,-11.172711271228138,False,True,False,True,False,0.0,0,0.8760307421343367,0.8636218077015454,False,False,False,False,-0.05631962118651448,-0.06887977229756719,False,False,False,False,66796.0,53024.827379578936,False,False,False,False,1694.5865784539346,False,False,False,False
2025-08-25 17:00:00+00:00,20.84,20.88,20.56,20.57,695.0,,,,,,,,20.866177639536893,20.718353809878383,21.42994165293795,,,,,,,,20.669999999999998,20.509428423334274,20.576481301759834,22.28191314267614,20.109536134683694,19.38167574557297,"rgba(239, 83, 80, 1.0)",0.0,0.0,4.023601735749677,22.176008733939515,-0.3991470427279461,0.0,0.0,0.0,0.0,0.0,0.0,0.0,0.0,36.0634943890115,-11.172711271228138,False,True,False,True,True,0.0,0,0.8699679230152364,0.8664394546912593,False,False,False,False,-0.06923000227107481,-0.06905488728432099,False,False,False,False,66101.0,53227.55873803508,False,False,False,False,1679.0891121213156,False,False,False,False
2025-08-26 17:00:00+00:00,20.52,20.52,20.22,20.24,556.0,,,,,,,,20.745466130114018,20.651179827267118,21.381625577609746,,,,,,,20.326666666666664,20.517407407407404,20.4846017591009,20.55214757066106,22.274957730318583,20.109913654988972,19.3831781459485,"rgba(239, 83, 80, 1.0)",0.0,0.0,3.996545103682136,22.162633783852378,-0.4810739611273247,0.0,0.0,0.0,0.0,-1.0,20.56,20.465,422.0,35.72080671259761,-11.172711271228138,False,True,False,True,True,0.0,0,0.8667467467467466,0.8672672672672674,False,False,False,False,-0.08600068387956208,-0.07752778558194154,False,False,False,False,65545.0,53418.52681961592,False,False,False,False,1661.676877824861,False,False,False,False
2025-08-27 17:00:00+00:00,20.315,20.465,20.15,20.15,921.0,,,,,,,,20.61284155412018,20.563531107374487,21.305425081393356,,,,,,,20.281978108779057,20.406137968078575,20.442427203829276,20.51086337808619,22.263124675346706,20.11033031497374,19.38546810860965,"rgba(239, 83, 80, 1.0)",0.0,0.0,3.9723509582028407,22.14037401354677,-0.5010569394521095,0.0,0.0,0.0,0.0,0.0,0.0,0.0,0.0,35.28741829256012,-11.172711271228138,False,True,False,True,True,0.0,0,0.8693159034405324,0.8674312294490338,False,False,False,False,-0.08900026249928716,-0.08326402404061435,False,False,False,False,64624.0,53592.25508597846,False,False,False,False,1650.1935153779639,False,False,False,False
2025-08-28 17:00:00+00:00,20.53,20.9,20.5,20.9,1372.0,,,,,,,20.766666666666666,20.65701234826287,20.61388376994881,21.256110481019412,,,,,,,20.515390780390778,20.545710590669678,20.512088422591084,20.55472815898013,22.25017854102692,20.113126218656483,19.390851490961442,"rgba(239, 83, 80, 1.0)",0.0,0.0,3.938111563260312,22.121851747966762,-0.3102633656612836,0.0,0.0,0.0,0.0,1.0,20.575,20.465,425.0,38.08660774057476,-11.172711271228138,False,True,False,True,True,0.0,0,0.8770886434437836,0.857830642877372,False,False,False,False,-0.07018719133643538,-0.07672560768852486,False,False,False,False,65996.0,53784.56120867647,False,False,False,False,1645.8804376201658,False,False,False,False
2025-08-29 17:00:00+00:00,20.74,20.87,20.575,20.77,1228.0,,,,,,,20.753284615384615,20.673639416139416,20.636480851693033,21.21690283858502,,,,,,,20.582541492927806,20.5952790583962,20.548577620173365,20.579158449813992,22.23856198783207,20.115500932043332,19.395535889872182,"rgba(239, 83, 80, 1.0)",0.0,0.0,3.8992332094427886,22.104234130612582,-0.3421785922887255,0.0,0.0,0.0,0.0,0.0,0.0,0.0,0.0,39.5623507480181,-14.493446096939728,False,True,False,True,True,0.0,0,0.8806970509383377,0.8551060199853768,False,False,False,False,-0.06911036257872681,-0.07291798513362584,False,False,False,False,64768.0,53954.84708141016,False,False,False,False,1639.4016711454344,False,False,False,False
2025-09-01 17:00:00+00:00,20.77,20.77,20.77,20.77,0.0,,,,,,,20.753284615384615,20.673639416139416,20.636480851693033,21.21690283858502,,,,,,,20.582541492927806,20.5952790583962,20.548577620173365,20.579158449813992,22.23856198783207,20.115500932043332,19.395535889872182,"rgba(239, 83, 80, 1.0)",0.0,0.0,3.8558968038787103,22.104234130612582,-0.34602433583555825,0.0,0.0,0.0,0.0,0.0,0.0,0.0,0.0,40.54617941964699,-13.38409476154628,False,True,False,True,True,0.0,0,0.8797850080006564,0.8608296065318183,False,False,False,False,-0.06683757976664037,-0.0698777824501331,False,False,False,False,64768.0,54122.49286309372,False,False,False,False,1613.9845909726369,False,False,False,False
2025-09-02 17:00:00+00:00,20.06,20.62,20.06,20.62,1125.0,,,,,,,20.656655033557048,20.635728275604173,20.60750760649087,21.166071579594817,,,,,,20.433333333333334,20.550273292323464,20.564383867503253,20.533741846893236,20.563314017127038,22.225943423385363,20.116603057474325,19.398830596497575,"rgba(239, 83, 80, 1.0)",0.0,0.0,3.814059295069519,22.060886275656408,-0.3777828723111511,0.0,0.0,0.0,0.0,0.0,0.0,0.0,0.0,40.66816022340039,-13.036766566111169,False,True,False,True,True,0.0,0,0.8736772759089223,0.8661835549882656,False,False,False,False,-0.08744028565738315,-0.07865903405375813,False,False,False,False,63643.0,54270.09762490622,False,False,False,False,1606.4034345234486,False,False,False,False
2025-09-03 17:00:00+00:00,20.74,21.12,20.6,20.81,904.0,,,,,,,20.693111543169874,20.65908545944825,20.631755383682133,21.150081479045635,,,,,,20.616004599967145,20.593661152964298,20.601462284958096,20.562765045456114,20.58579913542962,22.21822087184684,20.118622416621342,19.402506227710436,"rgba(239, 83, 80, 1.0)",0.0,0.0,3.7482404604760133,22.061125495640663,-0.33379008332933263,0.0,0.0,0.0,0.0,1.0,21.34,20.62,430.0,41.753022111771074,-11.767971464320802,False,True,False,True,True,0.0,0,0.8780256484268688,0.8640880788421099,False,False,False,False,-0.0625331252452125,-0.0705960796494853,False,False,False,False,64547.0,54429.429444675116,False,False,False,False,1595.5134587944028,False,False,False,False
2025-09-04 17:00:00+00:00,21.34,21.84,21.34,21.84,376.0,,,,,,21.673333333333332,20.766750582750582,20.70442575199144,20.674472803955787,21.160646547094835,,,,,,20.781308385308385,20.65628946827111,20.657617156657846,20.604443224540038,20.620947223654806,22.216957940871886,20.12041718220867,19.404907036925614,"rgba(239, 83, 80, 1.0)",0.0,0.0,3.6819817849718857,22.070948192577806,-0.0627238824266941,0.0,0.0,0.0,0.0,1.0,22.9,21.12,429.0,46.90769337976223,-6.870210323496487,False,False,False,False,True,1.7195807905841178,0,0.8845203787566897,0.8561959654178676,False,False,False,False,-0.027690642334853438,-0.04914336099216937,False,False,False,False,64923.0,54592.12046103674,False,False,False,False,1576.6062733867377,False,False,False,False
2025-09-05 17:00:00+00:00,23.32,23.355,22.9,23.13,1426.0,,,,,23.12833333333333,22.824737328893818,21.29040429171202,21.055802412659688,21.004773456673586,21.300606710561322,,,,,,21.65493343774471,21.102057620974538,21.067153512340656,20.918909567496723,20.894724604389996,22.224899409308488,20.133528859135637,19.419777008552042,"rgba(38, 166, 154, 1.0)",0.0,0.0,3.6080137319708165,22.14803224623654,0.27216297572877485,0.0,0.0,0.0,0.0,0.0,0.0,0.0,0.0,53.91496083203288,-0.576975949709329,True,False,True,False,True,4.678382801740593,0,0.8844142700514463,0.8651851227123221,False,False,False,False,0.04557545563740129,-0.0017839526773840396,False,False,False,False,66349.0,54774.39766319121,False,False,False,False,1574.2712924039974,False,False,False,False
2025-09-08 17:00:00+00:00,22.805,22.805,21.93,21.97,629.0,,,,,22.85489943227899,22.672147950089123,21.37456161473088,21.126671444041023,21.07372226677359,21.329031210201354,,,,,22.235,21.73674103139013,21.185531997969623,21.146721909300982,20.987471840318037,20.956309323787956,22.224938082976728,20.137561716153503,19.424727484265134,"rgba(38, 166, 154, 1.0)",0.0,0.0,3.5275038044047493,22.15484695041102,-0.052401630348408196,0.0,0.0,0.0,0.0,-1.0,22.9,21.5,432.0,54.01010978104764,-0.576975949709329,True,False,True,False,True,1.8318799505492152,0,0.8699819244188488,0.8675017865399977,False,False,False,False,0.009347193811544962,0.003781620567080461,False,False,False,False,65720.0,54944.096924227,False,False,False,False,1559.615923529517,False,False,False,False
2025-09-09 17:00:00+00:00,21.245,21.5,21.07,21.095,530.0,,,,,22.520039329464858,22.41252110773387,21.363885155906896,21.13125015157027,21.080393800164497,21.32634798258437,,,,21.221666666666664,21.771612021857923,21.682033734134937,21.187644204257197,21.150790821552963,20.997319766211785,20.96620027193661,22.22171171881795,20.139311902339582,19.427386064182596,"rgba(38, 166, 154, 1.0)",0.0,0.0,3.4632346126102793,22.146265178838497,-0.3035500901413514,0.0,0.0,0.0,0.0,-1.0,21.93,21.13,432.0,51.42856659569561,-0.576975949709329,True,False,False,False,False,0.0,0,0.8668936241751775,0.8745429327953602,False,False,False,False,-0.04223509178630513,-0.019226735609612335,False,False,False,False,65190.0,55102.9481347041,False,False,False,False,1543.6528859554157,False,False,False,False
2025-09-10 17:00:00+00:00,21.13,21.13,20.92,20.93,694.0,,,,,22.196912168344003,22.143050159598722,21.332841823595686,21.1230624465355,21.07553962132776,21.31579539747044,,,,21.092203159041393,21.480125022486057,21.59794540229885,21.17382884267322,21.140339836776334,20.99711172106081,20.967462951787034,22.216560787417755,20.141113460065423,19.430413929303125,"rgba(239, 83, 80, 1.0)",0.0,0.0,3.4079591155606934,22.13249510718171,-0.3528490414368927,0.0,0.0,0.0,0.0,0.0,0.0,0.0,0.0,49.2429993358143,4.450070028113323,False,False,False,False,False,0.0,0,0.8565600451369296,0.8970096783993753,False,False,False,False,-0.054647516562116506,-0.03693712608586442,False,False,False,False,64496.0,55248.576845793956,False,False,False,False,1530.4799729948668,False,False,False,False
2025-09-11 17:00:00+00:00,21.93,22.005,21.7,21.79,130.0,,,,21.831666666666667,22.182983768456044,22.13235535006605,21.34054888677601,21.13085589396503,21.083355198643023,21.31883943836715,,,,21.16320039389463,21.50317112119684,21.60317136796239,21.182474977252046,21.148829586245988,21.005191267004268,20.974931308028097,22.216258696435297,20.141781220312076,19.43128333778952,"rgba(239, 83, 80, 1.0)",0.0,0.0,3.3391137492799676,22.132486149928088,-0.10256797930347265,0.0,0.0,0.0,0.0,0.0,0.0,0.0,0.0,50.544414949261196,4.450070028113323,True,False,False,False,False,1.398087415277132,0,0.8710882559774963,0.8903832630098455,False,False,False,False,-0.015182478483496535,-0.026059802284680477,False,False,False,False,64626.0,55393.96325128552,False,False,False,False,1508.7671051964967,False,False,False,False
2025-09-12 17:00:00+00:00,21.79,22.375,21.79,22.375,384.0,,,,22.091900129701685,22.182681694349235,22.13674382345886,21.377187807835114,21.163867311264067,21.115845870946167,21.333592311696037,,,,21.387855772919057,21.61297352485565,21.638909056684955,21.219754744525545,21.184925250683683,21.03785319528912,21.004927183941575,22.21617482948534,20.144156550390193,19.4342199028478,"rgba(239, 83, 80, 1.0)",0.0,0.0,3.2605885032287163,22.135195131157225,0.0735464989235269,0.0,0.0,0.0,0.0,1.0,26.64,22.005,436.0,53.021234283085406,4.450070028113323,True,False,True,False,True,2.7286773775963375,0,0.8729242831343873,0.885477690173105,False,False,False,False,-0.004226980439282592,-0.015143391361981534,False,False,False,False,65010.0,55543.049092350855,False,False,False,False,1491.3288555035276,False,False,False,False
2025-09-15 17:00:00+00:00,26.96,27.36,26.64,27.125,3739.0,,,27.041666666666668,26.44345834313034,24.594756151531243,24.45585187995279,23.066546223179387,22.542346379811413,22.44259101796407,22.14962389436925,,,,25.24755979550849,24.937225679659353,23.67180738653517,22.773067765567767,22.673697849389264,22.316883368469032,22.182604786253435,22.322459814871547,20.22154735861835,19.5125409421537,"rgba(38, 166, 154, 1.0)",0.0,0.0,3.2151740905326305,22.82248319876215,1.3381909284187745,0.0,0.0,0.0,0.0,1.0,26.65,22.375,436.0,61.464530059768734,5.48998938142168,True,False,True,False,True,12.143591698237131,0,0.8875633760811213,0.8783179242469432,False,False,False,False,0.2341704141418231,0.10951351138992078,False,False,False,False,68749.0,55747.79251727565,False,False,False,False,1526.1764701468837,False,False,False,False
2025-09-16 17:00:00+00:00,26.915,27.0,26.65,26.81,3894.0,,,26.928582689200404,26.62343296100814,25.353122994340392,25.23588854996328,23.956081187998297,23.382049116969974,23.2702898902593,22.75487031860135,,,,25.90096734606766,25.670378000000003,24.55815414648254,23.6530518018018,23.541606282140876,23.134562835159713,22.96569311939867,22.423314531145028,20.297761262797803,19.59006109659674,"rgba(38, 166, 154, 1.0)",0.0,0.0,3.1607961592548577,23.011242616382876,1.2018356110989015,0.0,0.0,0.0,0.0,-1.0,26.64,26.315,0.0,66.18164269658006,9.544878840639264,True,False,True,False,True,11.38210030827062,0,0.8947864456153878,0.8774793299918608,False,False,False,False,0.22538766389667791,0.16745058764329934,False,False,False,False,64855.0,55888.98953251169,False,False,False,False,1562.8869124701878,False,False,False,False
2025-09-17 17:00:00+00:00,26.3,26.315,25.43,25.485,1571.0,,,26.726276437780676,26.481157131096936,25.4002892975302,25.29550088486752,24.11205125356442,23.555329082585953,23.445573050605308,22.90335304721844,,,25.743333333333332,25.878335008834462,25.680283179212402,24.679042115742547,23.821635008641785,23.71306029212518,23.312629330320938,23.142854938898132,22.45308122314107,20.323019137541124,19.616283944589128,"rgba(38, 166, 154, 1.0)",0.0,0.0,3.076646600814953,23.041619028774708,0.7941701755990045,0.0,0.0,0.0,0.0,-1.0,26.65,24.515,438.0,65.75282165881688,9.544878840639264,True,False,True,False,True,8.259318491382516,0,0.8882074869043054,0.878114220007666,False,False,False,False,0.17814261522808392,0.17279660143569164,False,False,False,False,63284.0,56003.640857589024,False,False,False,False,1563.0126967729755,False,False,False,False
2025-09-18 17:00:00+00:00,24.415,24.515,23.72,24.265,2600.0,,,26.162485739297416,25.992630161822806,25.19464597892757,25.11175525365721,24.118943791864865,23.621535252138177,23.521278417120936,22.99934110679252,,24.166666666666668,24.760515463917525,25.54970277654704,25.40257497706584,24.605040551049882,23.862265576641455,23.764846389157228,23.39931331980013,23.240607885620552,22.478136318732517,20.35229926615218,19.64815280321805,"rgba(38, 166, 154, 1.0)",0.0,0.0,2.9810041267337257,23.022615814439156,0.4167670129736183,0.0,0.0,0.0,0.0,-1.0,25.43,25.07,440.0,62.69689713867655,9.544878840639264,True,False,True,False,False,5.524285074439749,0,0.8804812947506672,0.8927678684912937,False,False,False,False,0.09296215767093913,0.13287937955331539,False,False,False,False,60684.0,56076.20456522331,False,False,False,False,1579.0900193036268,False,False,False,False
2025-09-19 17:00:00+00:00,24.73,25.07,24.21,24.21,1367.0,,,25.98959266570496,25.84319778346121,25.138401123948753,25.063264705882354,24.14244723625715,23.668680262725783,23.572302285830908,23.05685934543547,,24.280382320813377,24.69538702299266,25.453150334250008,25.32287510190072,24.59739188049633,23.89925381728227,23.80628619361253,23.45490691670064,23.300648180525442,22.493535402296292,20.36883208384282,19.665940763324368,"rgba(38, 166, 154, 1.0)",0.0,0.0,2.8744860284801925,23.0252931666735,0.4121456224133688,0.0,0.0,0.0,0.0,0.0,0.0,0.0,0.0,60.53790592688437,9.544878840639264,True,False,True,False,False,5.40278468810963,0,0.8893021683080432,0.8846527748425548,False,False,False,False,0.1181271290244542,0.12550325428888479,False,False,False,False,59317.0,56126.44945568495,False,False,False,False,1575.801801950082,False,False,False,False
2025-09-22 17:00:00+00:00,24.44,24.74,23.975,24.67,3236.0,,,25.68823540765121,25.578991489864666,25.0299896039604,24.968651017366515,24.183430933015938,23.758369682989063,23.670299532370834,23.173956777085156,,24.361825628210468,24.60918699186992,25.27632800587857,25.17443201590853,24.577962250239622,23.967463396047275,23.883753089576413,23.562715730721294,23.41866840485016,22.52844787418323,20.407120803448315,19.707231858338016,"rgba(38, 166, 154, 1.0)",0.0,0.0,2.7857385308320066,23.035463682188592,0.5867515201878005,0.0,0.0,0.0,0.0,0.0,0.0,0.0,0.0,59.93388161553318,9.544878840639264,True,False,True,False,False,6.287604698829014,0,0.8922201460845929,0.8861474435196197,False,False,False,False,0.10450470693243537,0.11500398061066008,False,False,False,False,62553.0,56226.08589823247,False,False,False,False,1601.5413088965925,False,False,False,False
2025-09-23 17:00:00+00:00,25.99,25.99,25.02,25.26,1599.0,,25.423333333333332,25.664711114813585,25.565552105831532,25.058842148722423,25.001437354378055,24.25739765209173,23.846495365772927,23.760818505721147,23.262939066326908,,24.554662576687118,24.734687811304994,25.288233471772013,25.19396734239762,24.633810389467307,24.049777883856066,23.968712670255847,23.656220273639665,23.514545508928308,22.553601913891207,20.430202067290544,19.731447621974596,"rgba(38, 166, 154, 1.0)",0.0,0.0,2.695695088285935,23.062909091688876,0.8150368778199434,0.0,0.0,0.0,0.0,0.0,0.0,0.0,0.0,60.580808839366824,9.544878840639264,True,False,True,False,False,7.412208208450778,0,0.898015087024316,0.8798516583083993,False,False,False,False,0.16013349463070944,0.13756873762068478,False,False,False,False,64152.0,56348.968287407166,False,False,False,False,1601.5019087586609,False,False,False,False
2025-09-24 17:00:00+00:00,24.585,24.93,24.56,24.83,1410.0,,25.118747092057163,25.599978797555284,25.509504515805318,25.041496833125084,24.987800438131586,24.283181635594627,23.887824952561676,23.804912952610394,23.313850015538716,24.773333333333333,24.584855072463768,24.739312286061843,25.253913286691247,25.166739965416458,24.641490851357332,24.0841389085357,24.006049441628825,23.703623951687337,23.565485176362543,22.57048036217934,20.447752939085984,19.750212360851563,"rgba(38, 166, 154, 1.0)",0.0,0.0,2.6348447737925453,23.074306815292978,0.6663364772642408,0.0,0.0,0.0,0.0,0.0,0.0,0.0,0.0,59.7979183899562,9.544878840639264,True,False,True,False,False,6.421166269408207,0,0.9003188097768329,0.8817853347502659,False,False,False,False,0.12320120784874258,0.13038497273471367,False,False,False,False,62742.0,56448.085058145036,False,False,False,False,1598.5328869174414,False,False,False,False
2025-09-25 17:00:00+00:00,24.775,25.05,24.63,24.95,334.0,,25.094560773756108,25.587746582278484,25.499073809053822,25.039158419346165,24.986248588987838,24.2901251693055,23.898160845799172,23.815856235924716,23.326229495236966,24.793123088685014,24.594096971995704,24.743098401694592,25.248049531521467,25.16235942186252,24.644518010379734,24.09295503746878,24.015515136718754,23.71529775738435,23.577934635320428,22.574626772605832,20.451988440056663,19.754727917169944,"rgba(38, 166, 154, 1.0)",0.0,0.0,2.5368718199054796,23.077456195821565,0.7381310279398361,0.0,0.0,0.0,0.0,1.0,25.28,24.93,0.0,59.5286433576693,15.168528063373742,True,False,True,False,False,6.655207636107306,0,0.9006695952573888,0.8790890092549156,False,False,False,False,0.1277974793431573,0.12909122603893547,False,False,False,False,63076.0,56550.84342933658,False,False,False,False,1578.9277258799616,False,False,False,False
2025-09-26 17:00:00+00:00,25.92,25.92,25.28,25.41,733.0,25.53666666666667,25.174066077854103,25.58591864798451,25.50038616627772,25.05418039764926,25.002614662772466,24.321330214132036,23.93490403932247,23.853571642148072,23.36399933174818,25.01315435338447,24.655352720394834,24.788365758754864,25.257570091355024,25.17436673960613,24.669027772572246,24.127360415718407,24.050964984792127,23.75422656363902,23.61791655063585,22.58626846291332,20.462637665423767,19.76588335057386,"rgba(38, 166, 154, 1.0)",0.0,0.0,2.438658248720793,23.090396890549858,0.9511800641467079,0.0,0.0,0.0,0.0,0.0,0.0,0.0,0.0,60.34127231817915,15.168528063373742,True,False,True,False,False,7.555532758624121,0,0.9059589128493043,0.8694653566415722,False,False,False,False,0.164778595948046,0.14693491099349074,False,False,False,False,63809.0,56663.37298857167,False,False,False,False,1565.812567339187,False,False,False,False
