date,Close,High,Low,Open,Volume,Gap_Up_aVWAP_947,Gap_Up_aVWAP_937,Gap_Up_aVWAP_931,Gap_Up_aVWAP_921,Gap_Up_aVWAP_901,Gap_Up_aVWAP_889,Gap_Up_aVWAP_863,Gap_Up_aVWAP_855,Gap_Up_aVWAP_850,Gap_Up_aVWAP_848,Gap_Down_aVWAP_903,Gap_Down_aVWAP_873,Gap_Down_aVWAP_843,Gap_Down_aVWAP_841,Gap_Down_aVWAP_828,Gap_Down_aVWAP_768,Gap_Down_aVWAP_759,Gap_Down_aVWAP_728,Gap_Down_aVWAP_718,Gap_Down_aVWAP_715,aVWAP_OB_bull_879,aVWAP_OB_bull_843,aVWAP_OB_bull_751,aVWAP_OB_bull_651,aVWAP_OB_bull_625,aVWAP_OB_bull_538,aVWAP_OB_bull_439,aVWAP_OB_bull_295,aVWAP_OB_bull_183,aVWAP_OB_bear_737,color,Liquidity,Liquidity_Level,StDev,StDev_Mean,StdDev_ZScore,OB,OB_High,OB_Low,OB_Mitigated_Index,FVG,FVG_High,FVG_Low,FVG_Mitigated_Index,QQEMOD,QQE1_Value,QQE1_Above_Upper,QQE1_Below_Lower,QQE2_Above_Threshold,QQE2_Below_Threshold,QQE2_Above_TL,banker_RSI,TTM_squeeze_Active,VI_plus,VI_minus,VI_Regular_Bullish,VI_Regular_Bearish,VI_Hidden_Bullish,VI_Hidden_Bearish,Fisher,Fisher_Signal,Fisher_Regular_Bullish,Fisher_Regular_Bearish,Fisher_Hidden_Bullish,Fisher_Hidden_Bearish,OBV,OBV_Smoothed,OBV_Regular_Bullish,OBV_Regular_Bearish,OBV_Hidden_Bullish,OBV_Hidden_Bearish,Volume_MA,Vol_Regular_Bullish,Vol_Regular_Bearish,Vol_Hidden_Bullish,Vol_Hidden_Bearish
2022-01-03 00:00:00+00:00,39.9895447326,40.4866655373,39.8939445779,40.4866655373,1357061,,,,,,,,,,,,,,,,,,,,,,,,,,,,,,,#000000,-1.0,41.47779,,,,0.0,0.0,0.0,0.0,0.0,0.0,0.0,0.0,,,False,False,False,False,False,,0,,,False,False,False,False,,,False,False,False,False,0,0.0,False,False,False,False,1357061.0,False,False,False,False
2022-01-04 00:00:00+00:00,39.8843845624,40.5774856843,39.8174644541,40.3815053671,1961794,,,,,,,,,,,,,,,,,,,,,,,,,,,,,,,"rgba(239, 83, 80, 0.5)",0.0,0.0,,,,0.0,0.0,0.0,0.0,0.0,0.0,0.0,0.0,0.0,,False,False,False,True,False,,0,,,False,False,False,False,,,False,False,False,False,-1961794,-76933.09803921568,False,False,False,False,1380776.0196078431,False,False,False,False
2022-01-05 00:00:00+00:00,38.6989426435,40.4388654599,38.6224625197,40.0660248564,2113761,,,,,,,,,,,,,,,,,,,,,,,,,,,,,,,"rgba(239, 83, 80, 0.5)",0.0,0.0,,,,0.0,0.0,0.0,0.0,0.0,0.0,0.0,0.0,0.0,-50.0,False,False,False,True,True,,0,,,False,False,False,False,,,False,False,False,False,-4075555,-233741.80007689347,False,False,False,False,1409520.5286428297,False,False,False,False
2022-01-06 00:00:00+00:00,36.939899796,38.3834621328,36.8347396258,37.8289812352,3489530,,,,,,,,,,,,,,,,,,,,,,,,,,,,,,,"rgba(239, 83, 80, 0.5)",0.0,0.0,,,,0.0,0.0,0.0,0.0,0.0,0.0,0.0,0.0,0.0,-50.0,False,False,False,True,True,,0,,,False,False,False,False,,,False,False,False,False,-7565085,-521245.45497583883,False,False,False,False,1491089.5275195814,False,False,False,False
2022-01-07 00:00:00+00:00,36.8634196722,37.2649403222,36.3471788366,37.0354999508,3158472,,,,,,,,,,,,,,,,,,,,,,,,,,,,,,,"rgba(239, 83, 80, 0.5)",0.0,0.0,,,,0.0,0.0,0.0,0.0,0.0,0.0,0.0,0.0,0.0,-50.0,False,False,False,True,True,,0,,,False,False,False,False,,,False,False,False,False,-10723557,-921336.1038003156,False,False,False,False,1556477.0754599902,False,False,False,False
2022-01-10 00:00:00+00:00,37.6186608948,37.6282209102,36.3376188211,36.7104594246,2272897,,,,,,,,,,,,,,,,,,,,,,,,,,,,,,,"rgba(239, 83, 80, 0.5)",0.0,0.0,,,,0.0,0.0,0.0,0.0,0.0,0.0,0.0,0.0,7.76760063484995,-42.879699418054216,False,False,False,True,True,,0,,,False,False,False,False,,,False,False,False,False,-8450660,-1216603.7075728523,False,False,False,False,1584571.9744615592,False,False,False,False
2022-01-11 00:00:00+00:00,38.0393015757,38.0393015757,37.1883645982,37.5135007245,1834561,,,,,,,,,,,,,,,,,,,,,,,,,,,,,,,"rgba(239, 83, 80, 0.5)",0.0,0.0,,,,0.0,0.0,0.0,0.0,0.0,0.0,0.0,0.0,16.139943932188935,-35.636584764096256,False,False,False,True,True,,0,,,False,False,False,False,,,False,False,False,False,-6616099,-1428348.621001368,False,False,False,False,1594375.4656591453,False,False,False,False
2022-01-12 00:00:00+00:00,38.5268623649,38.6033424887,37.7525011114,38.0584216066,2257629,,,,,,,,,,,,,,,,,,,,,,,,,,,,,,,"rgba(239, 83, 80, 0.5)",0.0,0.0,,,,0.0,0.0,0.0,0.0,0.0,0.0,0.0,0.0,24.795401079760612,-28.437254250717782,False,False,False,True,True,,0,,,False,False,False,False,,,False,False,False,False,-4358470,-1543255.3417464122,False,False,False,False,1620385.408182316,False,False,False,False
2022-01-13 00:00:00+00:00,38.1540217614,38.9379430303,38.0201815447,38.507742334,1767451,,,,,,,,,,,,,,,,,,,,,,,,,,,,,,,"rgba(239, 83, 80, 0.5)",0.0,0.0,,,,0.0,0.0,0.0,0.0,0.0,0.0,0.0,0.0,29.11158189985912,-25.402158235748363,False,False,False,True,True,,0,,,False,False,False,False,,,False,False,False,False,-6125921,-1722967.7205014548,False,False,False,False,1626152.6862928134,False,False,False,False
2022-01-14 00:00:00+00:00,37.9150213745,38.2496219161,37.3796605079,38.0966616685,1618325,,,,,,,,,,,,,,,,,,,,,,,,,,,,,,,"rgba(239, 83, 80, 0.5)",0.0,0.0,,,,0.0,0.0,0.0,0.0,0.0,0.0,0.0,0.0,31.132495083767907,-24.313915039182525,False,False,False,True,True,,0,,,False,False,False,False,,,False,False,False,False,-7744246,-1959096.28048179,False,False,False,False,1625845.7182028992,False,False,False,False
2022-01-18 00:00:00+00:00,37.6091008793,38.6511425661,37.5326207555,37.9628214519,1613740,,,,,,,,,,,,,,,,,,,,,,,,,,,,,,,"rgba(239, 83, 80, 0.5)",0.0,0.0,,,,0.0,0.0,0.0,0.0,0.0,0.0,0.0,0.0,31.454177287816456,-24.313915039182525,False,False,False,True,True,,0,,,False,False,False,False,,,False,False,False,False,-9357986,-2249248.818502112,False,False,False,False,1625370.9841557269,False,False,False,False
2022-01-19 00:00:00+00:00,40.400625398,40.6109457385,38.1444617459,38.1827018078,3690090,,,,,,,,,,,,,,,,,,,,,,,,,,,,,,,"rgba(239, 83, 80, 0.5)",0.0,0.0,,,,0.0,0.0,0.0,0.0,0.0,0.0,0.0,0.0,42.2505427005956,-14.81628398911414,False,False,False,True,True,,0,,,False,False,False,False,,,False,False,False,False,-5667896,-2383313.41385497,False,False,False,False,1706340.3573260906,False,False,False,False
2022-01-20 00:00:00+00:00,39.8748245469,40.7830260171,39.836584485,40.6396257849,2133577,,,,,,,,,,,,,,,,,,,,,,,,,,,,,,,#000000,0.0,0.0,,40.164811682999996,,0.0,0.0,0.0,0.0,0.0,0.0,0.0,0.0,47.56874830939989,-10.506913797505433,False,False,False,False,True,,0,,,False,False,False,False,,,False,False,False,False,-7801473,-2595790.2603704617,False,False,False,False,1723094.7354701655,False,False,False,False
2022-01-21 00:00:00+00:00,39.0048631387,40.2859052123,38.8684417178,40.2859052123,2089434,,,,,,,,,,,,,,,,,,,,,,,,,,,,,,,#000000,0.0,0.0,,39.779675858404765,,0.0,0.0,0.0,0.0,0.0,0.0,0.0,0.0,48.42763695304332,-10.195855410915186,False,False,False,False,True,,0,,,False,False,False,False,,,False,False,False,False,-9890907,-2881873.2697676984,False,False,False,False,1737460.9811380024,False,False,False,False
2022-01-24 00:00:00+00:00,38.4408222256,38.6129025042,37.1836801907,38.3547820864,2564238,,,,,,,,,,,,,,,,,,,,,,,,,,,,,,,#000000,0.0,0.0,,39.137207671717285,,0.0,0.0,0.0,0.0,0.0,0.0,0.0,0.0,47.49787676356007,-10.195855410915186,False,False,False,False,True,,0,,,False,False,False,False,,,False,False,False,False,-12455145,-3257295.6905611223,False,False,False,False,1769883.6093286688,False,False,False,False
2022-01-25 00:00:00+00:00,38.6415825506,38.9188229994,37.8194212197,38.2400619007,2092270,,,,,,,,,,,,,,,,,,,,,,,,,,,,,,,#000000,0.0,0.0,,38.97762446567232,,0.0,0.0,0.0,0.0,0.0,0.0,0.0,0.0,47.49402576306692,-10.195855410915186,False,False,False,False,True,,0,,,False,False,False,False,,,False,False,False,False,-10362875,-3535945.8595587257,False,False,False,False,1782526.2128844073,False,False,False,False
2022-01-26 00:00:00+00:00,37.9532614364,39.2343035101,37.6702849783,38.4408222256,2681255,,,,,,,,,,,,,,,,,,,,,,,,,,,,,,,"rgba(239, 83, 80, 0.5)",0.0,0.0,,38.817206513840866,,0.0,0.0,0.0,0.0,0.0,0.0,0.0,0.0,45.69272592890631,-10.195855410915186,False,False,False,True,True,,0,,,False,False,False,False,,,False,False,False,False,-13044130,-3908815.8258505403,False,False,False,False,1817770.479045803,False,False,False,False
2022-01-27 00:00:00+00:00,37.2936203686,38.2018218388,37.0354999508,37.1502201365,2301956,,,,,,,,,,,,,,,,,,,,,,,,,,,,,,,"rgba(239, 83, 80, 0.5)",0.0,0.0,,38.60019233682081,,0.0,0.0,0.0,0.0,0.0,0.0,0.0,0.0,42.99096510214895,-10.195855410915186,False,False,False,True,False,,0,,,False,False,False,False,,,False,False,False,False,-15346086,-4357336.224836794,False,False,False,False,1836758.1465342029,False,False,False,False
2022-01-28 00:00:00+00:00,37.2936203686,37.2936203686,36.5957392389,36.9016597341,2921583,,,,,,,,,,,,,,,,,,,,,,,,,,,,,,,"rgba(239, 83, 80, 0.5)",0.0,0.0,,37.6966315046611,,0.0,0.0,0.0,0.0,0.0,0.0,0.0,0.0,41.18979121764404,-10.195855410915186,False,False,False,True,False,,1,,,False,False,False,False,,,False,False,False,False,-15346086,-4788267.588568685,False,False,False,False,1879300.2976505088,False,False,False,False
2022-01-31 00:00:00+00:00,38.5459823959,38.6320225351,37.542180771,37.5613008019,2044528,,,,,,,,,,,,,,,,,,,,,,,,,,,,,,,"rgba(239, 83, 80, 0.5)",0.0,0.0,,37.93433422177121,,0.0,0.0,0.0,0.0,0.0,0.0,0.0,0.0,44.09310454743215,-10.195855410915186,False,False,False,True,False,,1,,,False,False,False,False,,,False,False,False,False,-13301558,-5122122.114507168,False,False,False,False,1885779.8153897047,False,False,False,False
2022-02-01 00:00:00+00:00,38.8232228446,39.3012236184,38.2305018852,39.0909032779,1397308,,,,,,,,,,,,,,,,,,,,,,,,,,,,,,,#000000,0.0,0.0,,38.086303289771024,,0.0,0.0,0.0,0.0,0.0,0.0,0.0,0.0,46.79411625819582,-10.195855410915186,False,False,False,False,True,,1,,,False,False,False,False,,,False,False,False,False,-11904250,-5388087.913938259,False,False,False,False,1866624.0579234418,False,False,False,False
2022-02-02 00:00:00+00:00,38.871022922,39.6645042065,38.5842224578,38.8997029684,1489140,,,,,,,,,,,,,,,,,,,,,,,,,,,,,,,#000000,0.0,0.0,,38.22563856394811,,0.0,0.0,0.0,0.0,0.0,0.0,0.0,0.0,48.732117895080506,-9.263595794435453,False,False,False,False,True,,1,,,False,False,False,False,,,False,False,False,False,-10415110,-5585226.034960288,False,False,False,False,1851820.7615342874,False,False,False,False
2022-02-03 00:00:00+00:00,38.2305018852,38.8519028911,37.9915014983,38.5746624423,1825380,,,,,,,,,,,,,,,,,,,,,,,,,,,,,,,#000000,0.0,0.0,,38.25300111779262,,0.0,0.0,0.0,0.0,0.0,0.0,0.0,0.0,48.04756986952506,-9.263595794435453,False,False,False,False,True,,1,,,False,False,False,False,,,False,False,False,False,-12240490,-5846216.778687336,False,False,False,False,1850783.8689250997,False,False,False,False
2022-02-04 00:00:00+00:00,38.306982009,38.6559225738,37.8385412507,37.9723814674,1232520,,,,,,,,,,,,,,,,,,,,,,,,,,,,,,,#000000,0.0,0.0,,38.25873171210253,,0.0,0.0,0.0,0.0,0.0,0.0,0.0,0.0,47.85049287783784,-9.263595794435453,False,False,False,False,True,,1,,,False,False,False,False,,,False,False,False,False,-11007970,-6048638.473640773,False,False,False,False,1826538.2270064685,False,False,False,False
2022-02-07 00:00:00+00:00,39.1291433398,39.4159438041,38.2591819316,38.6415825506,1994978,,,,,,,,,,,,,,,,,,,,,,,,,,,,,,,#000000,0.0,0.0,,38.34148438687995,,0.0,0.0,0.0,0.0,0.0,0.0,0.0,0.0,50.295945835167714,-6.825328246631884,False,False,False,False,True,,1,,,False,False,False,False,,,False,False,False,False,-9012992,-6164887.631537214,False,False,False,False,1833143.7083003323,False,False,False,False
2022-02-08 00:00:00+00:00,39.7601043612,39.9799847171,39.1004632934,39.253423541,1705659,,,,,,,,,,,,,,,,,,,,,,,,,,,,,,,"rgba(38, 166, 154, 0.5)",0.0,0.0,,38.45639916027989,,0.0,0.0,0.0,0.0,0.0,0.0,0.0,0.0,53.57656058808858,-3.441048584768687,False,False,True,False,True,,1,,,False,False,False,False,,,False,False,False,False,-7307333,-6209689.410692617,False,False,False,False,1828144.3079748293,False,False,False,False
2022-02-09 00:00:00+00:00,39.6836242374,40.3050252433,39.5211039743,39.8652645314,1414547,,,,,,,,,,,,,,,,,,,,,,,,,,,,,,,"rgba(38, 166, 154, 0.5)",0.0,0.0,,38.55091960982544,,0.0,0.0,0.0,0.0,0.0,0.0,0.0,0.0,55.47263490702947,-1.436057350839107,False,False,True,False,True,,1,,,False,False,False,False,,,False,False,False,False,-8721880,-6308206.688704672,False,False,False,False,1811924.8057013066,False,False,False,False
2022-02-10 00:00:00+00:00,38.2305018852,39.7505443457,38.0297415602,39.3203436494,2734757,,,,,,,,,,,,,,,,,,,,,,,,,,,,,,,"rgba(38, 166, 154, 0.5)",0.0,0.0,,38.56508104717208,,0.0,0.0,0.0,0.0,0.0,0.0,0.0,0.0,52.13820891762347,-1.436057350839107,False,False,True,False,False,,1,,,False,False,False,False,,,False,False,False,False,-11456637,-6510105.916598607,False,False,False,False,1848114.3035169416,False,False,False,False
2022-02-11 00:00:00+00:00,40.1329449647,40.4484254754,38.3261020399,38.3834621328,2484111,,,,,,,,,,,,,,,,,,,,,,,,,,,,,,,"rgba(38, 166, 154, 0.5)",0.0,0.0,,38.66578219543305,,0.0,0.0,0.0,0.0,0.0,0.0,0.0,0.0,54.4788255544136,-1.436057350839107,False,False,True,False,False,,1,,,False,False,False,False,,,False,False,False,False,-8972526,-6606671.410065329,False,False,False,False,1873055.3504378458,False,False,False,False
2022-02-14 00:00:00+00:00,40.5535856456,40.7734660016,39.828554072,40.3623853361,1923904,,,,,,,,,,,,,,,,,,,,,,,,,,,,,,,"rgba(38, 166, 154, 0.5)",0.0,0.0,,38.78158674896956,,0.0,0.0,0.0,0.0,0.0,0.0,0.0,0.0,56.82266647961134,-0.11618478324228221,False,False,True,False,True,,1,,,False,False,False,False,,,False,False,False,False,-7048622,-6624002.805749041,False,False,False,False,1875049.4151265577,False,False,False,False
2022-02-15 00:00:00+00:00,40.018224779,40.1568450034,39.2056234636,39.63582416,1778669,,,,,,,,,,,,,,,,,,,,,,,,,,,,,,,"rgba(38, 166, 154, 0.5)",0.0,0.0,,38.84032033895028,,0.0,0.0,0.0,0.0,0.0,0.0,0.0,0.0,56.85646822267421,0.10073412457570186,False,False,True,False,True,,0,,,False,False,False,False,,,False,False,False,False,-8827291,-6710406.264347118,False,False,False,False,1871269.7910039476,False,False,False,False
2022-02-16 00:00:00+00:00,40.9359862647,41.3566269456,40.3050252433,40.3050252433,2138743,,,,,,,,,,,,,,,,,,,,,,,,,,,,,,,"rgba(38, 166, 154, 0.5)",0.0,0.0,,38.97249076323,,0.0,0.0,0.0,0.0,0.0,0.0,0.0,0.0,58.648979826852454,2.058693739988435,False,False,True,False,True,,0,,,False,False,False,False,,,False,False,False,False,-6688548,-6709549.077509977,False,False,False,False,1881758.9364547732,False,False,False,False
2022-02-17 00:00:00+00:00,42.15010823,42.5420688645,41.2132267134,41.3566269456,3055417,,,,,,,,,,,,,,,,,,,,,,,,,,,,,,,"rgba(38, 166, 154, 0.5)",0.0,0.0,,39.227143406264005,,0.0,0.0,0.0,0.0,0.0,0.0,0.0,0.0,61.758704369400704,5.207232525316726,False,False,True,False,True,,0,,,False,False,False,False,,,False,False,False,False,-3633131,-6588905.231333115,False,False,False,False,1927784.7428683115,False,False,False,False
2022-02-18 00:00:00+00:00,41.586067317,42.350868555,41.2992668527,42.1979083074,1637334,,,,,,,,,,,,,,,,,,,,,,,,,,,,,,,"rgba(38, 166, 154, 0.5)",0.0,0.0,,39.33627047205124,,0.0,0.0,0.0,0.0,0.0,0.0,0.0,0.0,62.19765254560373,5.818541351102418,False,False,True,False,True,,0,,,False,False,False,False,,,False,False,False,False,-5270465,-6537201.692849464,False,False,False,False,1916394.5176577894,False,False,False,False
2022-02-22 00:00:00+00:00,41.0315864194,42.5946489496,40.9646663111,41.9780279514,3118282,,,,,,,,,,,,,,,,,,,,,,,,,,,,,,,"rgba(38, 166, 154, 0.5)",0.0,0.0,,39.502778848088056,,0.0,0.0,0.0,0.0,0.0,0.0,0.0,0.0,60.96920435988412,5.818541351102418,False,False,True,False,True,,0,,,False,False,False,False,,,False,False,False,False,-8388747,-6609811.31273772,False,False,False,False,1963527.360102582,False,False,False,False
2022-02-23 00:00:00+00:00,41.8346277193,42.1835682842,40.6587458159,40.9359862647,3680713,,,,,,,,,,,,,,,,,,,,,,,,,,,,,,,"rgba(38, 166, 154, 0.5)",0.0,0.0,,39.67114545325576,,0.0,0.0,0.0,0.0,0.0,0.0,0.0,0.0,61.579397852983156,5.818541351102418,False,False,True,False,True,,0,,,False,False,False,False,,,False,False,False,False,-4708034,-6535231.810277417,False,False,False,False,2030867.9734318927,False,False,False,False
2022-02-24 00:00:00+00:00,40.8595061409,43.1347898239,40.1711850266,42.8862294216,3989754,,,,,,,,,,,,,,,,,,,,,,,,,,,,,,,"rgba(38, 166, 154, 0.5)",0.0,0.0,,39.810459966254584,,0.0,0.0,0.0,0.0,0.0,0.0,0.0,0.0,59.44711264615696,5.818541351102418,False,False,True,False,True,,0,,,False,False,False,False,,,False,False,False,False,-8697788,-6620037.935364577,False,False,False,False,2107687.0332973087,False,False,False,False
2022-02-25 00:00:00+00:00,42.0258280288,42.0736281062,40.3337052897,40.4579854909,2125940,,,,,,,,,,,,,,,,,,,,,,,,,,,,,,,"rgba(38, 166, 154, 0.5)",0.0,0.0,,39.879425156981156,,0.0,0.0,0.0,0.0,0.0,0.0,0.0,0.0,60.081552499574876,5.818541351102418,False,False,True,False,True,,0,,,False,False,False,False,,,False,False,False,False,-6571848,-6618148.133977731,False,False,False,False,2108402.8359131007,False,False,False,False
2022-02-28 00:00:00+00:00,41.8633077657,42.5707489109,41.4092070307,42.4464687097,3119879,,,,,,,,,,,,,,,,,,,,,,,,,,,,,,,"rgba(38, 166, 154, 0.5)",0.0,0.0,,39.99795972634196,,0.0,0.0,0.0,0.0,0.0,0.0,0.0,0.0,60.08203686074371,5.818541351102418,False,False,True,False,True,,0,,,False,False,False,False,,,False,False,False,False,-9691727,-6738680.638527623,False,False,False,False,2148068.5678380774,False,False,False,False
2022-03-01 00:00:00+00:00,43.8231109382,43.9665111703,42.0162680133,42.0640680907,4678345,,,,,,,,,,,,,,,,,,,,,,,,,,,,,,,"rgba(38, 166, 154, 0.5)",0.0,0.0,,40.257362896010505,,0.0,0.0,0.0,0.0,0.0,0.0,0.0,0.0,62.94428796829467,7.8306923866095985,False,False,True,False,True,,0,,,False,False,False,False,,,False,False,False,False,-5013382,-6671021.868389285,False,False,False,False,2247295.0945895254,False,False,False,False
2022-03-02 00:00:00+00:00,43.316430118,43.9856312012,42.6663490657,43.2686300406,2593202,,,,,,,,,,,,,,,,,,,,,,,,,,,,,,,"rgba(38, 166, 154, 0.5)",0.0,0.0,,40.38625098117099,,0.0,0.0,0.0,0.0,0.0,0.0,0.0,0.0,63.53301393081724,8.596191607147482,False,False,True,False,True,,0,,,False,False,False,False,,,False,False,False,False,-7606584,-6707710.579432842,False,False,False,False,2260860.071272289,False,False,False,False
2022-03-03 00:00:00+00:00,43.5649905203,43.6892707215,42.8527693674,43.4024702572,1862179,,,,,,,,,,,,,,,,,,,,,,,,,,,,,,,"rgba(38, 166, 154, 0.5)",0.0,0.0,,40.47360143170924,,0.0,0.0,0.0,0.0,0.0,0.0,0.0,0.0,64.28036322706944,9.541154955769017,False,False,True,False,True,,0,,,False,False,False,False,,,False,False,False,False,-5744405,-6669933.890043319,False,False,False,False,2245225.5194576895,False,False,False,False
2022-03-04 00:00:00+00:00,44.6739523154,44.9033926868,43.3642301953,43.6892707215,3534547,,,,,,,,,,,,,,,,,,,,,,,,,,,,,,,"rgba(38, 166, 154, 0.5)",0.0,0.0,,40.67599530000747,,0.0,0.0,0.0,0.0,0.0,0.0,0.0,0.0,66.249810009007,11.61535782755994,False,False,True,False,True,,0,,,False,False,False,False,,,False,False,False,False,-2209858,-6495028.953178875,False,False,False,False,2295787.146145623,False,False,False,False
2022-03-07 00:00:00+00:00,45.792474126,46.174874745,44.26287165,44.9511927642,4236111,,,,,,,,,,,,,,,,,,,,,,,,,,,,,,,"rgba(38, 166, 154, 0.5)",0.0,0.0,,40.95730100551025,,0.0,0.0,0.0,0.0,0.0,0.0,0.0,0.0,68.80659712961327,14.16056142222071,False,False,True,False,True,,0,,,False,False,False,False,,,False,False,False,False,2026253,-6160861.033446371,False,False,False,False,2371878.277669324,False,False,False,False
2022-03-08 00:00:00+00:00,46.193994776,48.125117902,45.7446740487,46.0314745129,6563063,,,,,,,,,,,,,,,,,,,,,,,,,,,,,,,"rgba(38, 166, 154, 0.5)",0.0,0.0,,43.18949451869733,,0.0,0.0,0.0,0.0,0.0,0.0,0.0,0.0,70.92055844830537,16.219371729876116,False,False,True,False,True,,0,,,False,False,False,False,,,False,False,False,False,8589316,-5582422.718409258,False,False,False,False,2536238.4628587626,False,False,False,False
2022-03-09 00:00:00+00:00,46.1079546367,46.7197956271,43.9856312012,44.2246315881,3784985,,,,,,,,,,,,,,,,,,,,,,,,,,,,,,,"rgba(38, 166, 154, 0.5)",0.0,0.0,,43.18580397568821,,0.0,0.0,0.0,0.0,0.0,0.0,0.0,0.0,72.05482769466833,17.3514077457786,False,False,True,False,True,,0,,,False,False,False,False,,,False,False,False,False,4804331,-5175099.043177523,False,False,False,False,2585208.9152956735,False,False,False,False
2022-03-10 00:00:00+00:00,46.9683560295,47.4367967878,46.1175146522,46.1175146522,3315144,,,,,,,,,,,,,,,,,,,,,,,,,,,,,,,"rgba(38, 166, 154, 0.5)",0.0,0.0,,43.36549858195471,,0.0,0.0,0.0,0.0,0.0,0.0,0.0,0.0,73.73333274755227,19.01913707723827,False,False,True,False,True,,0,,,False,False,False,False,,,False,False,False,False,8119475,-4653743.198347032,False,False,False,False,2613833.820578196,False,False,False,False
2022-03-11 00:00:00+00:00,45.9836744355,46.4043151164,45.1519530892,45.2762332904,3268676,,,,,,,,,,,,,,,,,,,,,,,,,,,,,,,"rgba(38, 166, 154, 0.5)",0.0,0.0,,43.42705531155908,,0.0,0.0,0.0,0.0,0.0,0.0,0.0,0.0,71.78271449822222,19.01913707723827,False,False,True,False,True,,0,,,False,False,False,False,,,False,False,False,False,4850799,-4281016.053313816,False,False,False,False,2639513.906045718,False,False,False,False
2022-03-14 00:00:00+00:00,44.7217523928,45.4674335999,44.2526424335,44.8651526249,4129178,,,,,,,,,,,,,,,,,,,,,,,,,,,,,,,"rgba(38, 166, 154, 0.5)",0.0,0.0,,43.412981297054536,,0.0,0.0,0.0,0.0,0.0,0.0,0.0,0.0,67.22112099698235,22.24964088087627,False,False,True,False,False,,0,,,False,False,False,False,,,False,False,False,False,721621,-4084834.2080858233,False,False,False,False,2697932.105808631,False,False,False,False
2022-03-15 00:00:00+00:00,44.8555926095,45.2762332904,42.7810692514,43.478950381,2806329,,,,,,,,,,,,,,,,,,,,,,,,,,,,,,,"rgba(38, 166, 154, 0.5)",0.0,0.0,,43.38860020334429,,0.0,0.0,0.0,0.0,0.0,0.0,0.0,0.0,64.41103315763974,19.72518441515919,False,False,True,False,False,13.53140313223236,0,,,False,False,False,False,0.1415658313270152,0.1415658313270152,False,False,False,False,3527950,-3786293.6509059872,False,False,False,False,2702182.964404371,False,False,False,False
2022-03-16 00:00:00+00:00,45.1041530118,45.3144733523,43.8422309691,44.5209920678,3523187,,,,,,,,,,,,,,,,,,,,,,,,,,,,,,,"rgba(38, 166, 154, 0.5)",0.0,0.0,,43.40402277227804,,0.0,0.0,0.0,0.0,0.0,0.0,0.0,0.0,62.98652215506689,18.47012247066516,False,False,True,False,False,14.205300351947706,0,1.0156855653165995,0.8908951649494576,False,False,False,False,0.17831253939056924,0.1599391853587922,False,False,False,False,7051137,-3361296.3704783013,False,False,False,False,2734379.201094396,False,False,False,False
2022-03-17 00:00:00+00:00,45.6490738939,46.8249557974,45.5582537469,45.6777539403,2764842,,,,,,,,,,,,,,,,,,,,,,,,,,,,,,,"rgba(38, 166, 154, 0.75)",0.0,0.0,,43.48191302585682,,0.0,0.0,0.0,0.0,0.0,0.0,0.0,0.0,63.007477392122965,18.458174703486236,True,False,True,False,False,15.660621336639618,0,1.0338495090393376,0.8733070980841968,False,False,False,False,0.28938293878977045,0.22466106207428133,False,False,False,False,9815979,-2844540.4735967997,False,False,False,False,2735573.8206593217,False,False,False,False
2022-03-18 00:00:00+00:00,45.6681939249,46.1843391604,44.7408724238,45.228433213,5738917,,,,,,,,,,,,,,,,,,,,,,,,,,,,,,,"rgba(38, 166, 154, 0.75)",0.0,0.0,,43.58475812266443,,0.0,0.0,0.0,0.0,0.0,0.0,0.0,0.0,63.05607620107047,18.33656584603385,True,False,True,False,False,15.711436469803985,0,1.0392335309115683,0.8795810482511993,False,False,False,False,0.2384856106343081,0.23157333635429472,False,False,False,False,15554896,-2122993.9452204546,False,False,False,False,2853351.984555035,False,False,False,False
2022-03-21 00:00:00+00:00,46.394755101,47.140436308,45.993234451,46.0505945439,2129551,,,,,,,,,,,,,,,,,,,,,,,,,,,,,,,"rgba(38, 166, 154, 0.75)",0.0,0.0,,43.65163469943533,,0.0,0.0,0.0,0.0,0.0,0.0,0.0,0.0,64.38009270012469,18.33656584603385,True,False,True,False,False,17.61686160649427,0,1.074854325414362,0.8370195125743635,False,False,False,False,0.3161449121260054,0.27385912424015,False,False,False,False,17684447,-1346231.5552118095,False,False,False,False,2824967.6322195437,False,False,False,False
2022-03-22 00:00:00+00:00,45.9836744355,46.4329951629,45.4196335225,46.4329951629,1863458,,,,,,,,,,,,,,,,,,,,,,,,,,,,,,,"rgba(38, 166, 154, 0.75)",0.0,0.0,,43.69209433969886,,0.0,0.0,0.0,0.0,0.0,0.0,0.0,0.0,63.89028773569379,18.33656584603385,True,False,True,False,False,15.929704485254906,0,1.0735632610134709,0.8315405825655506,False,False,False,False,0.26972444792768036,0.2717917860839152,False,False,False,False,15820989,-673007.2197133072,False,False,False,False,2787261.3721325025,False,False,False,False
2022-03-23 00:00:00+00:00,46.4138751319,46.6248472916,45.9439825944,46.1453651105,1700574,,,,,,,,,,,,,,,,,,,,,,,,,,,,,,,"rgba(38, 166, 154, 0.75)",0.0,0.0,,43.736734025527646,,0.0,0.0,0.0,0.0,0.0,0.0,0.0,0.0,64.3802616103195,18.33656584603385,True,False,True,False,False,17.056864168776812,0,1.0816492770290638,0.8325005776849236,False,False,False,False,0.2953224465514321,0.28355711631767366,False,False,False,False,17521563,40505.33792250871,False,False,False,False,2744646.1810684833,False,False,False,False
2022-03-24 00:00:00+00:00,46.3563372702,47.4879152176,45.9727515253,46.7207437278,2531150,,,,,,,,,,,,,,,,,,,,,,,,,,,,,,,"rgba(38, 166, 154, 0.75)",0.0,0.0,,43.80941853886873,,0.0,0.0,0.0,0.0,0.0,0.0,0.0,0.0,64.4972573363247,18.33656584603385,True,False,True,False,False,16.817753200879537,1,1.0695201281718825,0.8277839473905397,False,False,False,False,0.3277367022560373,0.30564690928685545,False,False,False,False,14990413,626776.22663143,False,False,False,False,2736273.7818108955,False,False,False,False
2022-03-25 00:00:00+00:00,46.2987994085,46.3803113792,45.6658829294,46.1741340414,1519388,,,,,,,,,,,,,,,,,,,,,,,,,,,,,,,"rgba(38, 166, 154, 0.75)",0.0,0.0,,43.841316649036884,,0.0,0.0,0.0,0.0,0.0,0.0,0.0,0.0,64.34924720588837,18.33656584603385,True,False,True,False,False,16.57503946263127,1,1.057571750186066,0.8506420447888012,False,False,False,False,0.27660748866755547,0.29112719897720546,False,False,False,False,13471025,1130472.2569596092,False,False,False,False,2688552.770759488,False,False,False,False
2022-03-28 00:00:00+00:00,45.0041975194,45.7426000784,44.5726635564,45.5603968495,2084082,,,,,,,,,,,,,,,,,,,,,,,,,,,,,,,"rgba(38, 166, 154, 0.75)",0.0,0.0,,43.857077972134306,,0.0,0.0,0.0,0.0,0.0,0.0,0.0,0.0,59.85500017872758,13.981212713597486,True,False,True,False,False,11.335267580263736,1,1.0306401339083457,0.8580050231049015,False,False,False,False,0.2158778639126785,0.25350253144494195,False,False,False,False,11386943,1532686.7959023698,False,False,False,False,2664848.0346512725,False,False,False,False
2022-03-29 00:00:00+00:00,45.598755424,45.675472573,43.8438506411,44.0931813753,1989154,,,,,,,,,,,,,,,,,,,,,,,,,,,,,,,"rgba(38, 166, 154, 0.75)",0.0,0.0,,43.870465492288496,,0.0,0.0,0.0,0.0,0.0,0.0,0.0,0.0,58.40171671410019,12.566717211548116,True,False,True,False,False,12.99781523937569,1,1.02904609828086,0.8514445997906895,False,False,False,False,0.18849508410352703,0.22099880777423447,False,False,False,False,13376097,1997134.2548865906,False,False,False,False,2638350.2293708306,False,False,False,False
2022-03-30 00:00:00+00:00,46.3659269138,46.3755165574,45.7330104347,45.8193172273,2800356,,,,,,,,,,,,,,,,,,,,,,,,,,,,,,,"rgba(38, 166, 154, 0.75)",0.0,0.0,,43.926090285311865,,0.0,0.0,0.0,0.0,0.0,0.0,0.0,0.0,59.18250960552827,12.566717211548116,True,False,True,False,False,15.058791099880139,1,1.0509667996059167,0.84643353800229,False,False,False,False,0.2788294124262702,0.24991411010025233,False,False,False,False,16176453,2553185.9703812343,False,False,False,False,2644703.3968464844,False,False,False,False
2022-03-31 00:00:00+00:00,45.6275243549,46.8358194513,45.6083450676,46.5097715681,1982034,,,,,,,,,,,,,,,,,,,,,,,,,,,,,,,"rgba(38, 166, 154, 0.5)",0.0,0.0,,43.96067732862546,,0.0,0.0,0.0,0.0,0.0,0.0,0.0,0.0,57.45533674354278,11.609086689805153,False,False,True,False,False,12.2116113551943,1,1.0494239445249867,0.870993702835161,False,False,False,False,0.29084048868029183,0.2703772993902721,False,False,False,False,14194419,3009704.912719225,False,False,False,False,2618716.361676034,False,False,False,False
2022-04-01 00:00:00+00:00,46.8645883822,46.9508951748,45.2822971845,45.3590143335,1946080,,,,,,,,,,,,,,,,,,,,,,,,,,,,,,,"rgba(38, 166, 154, 0.5)",0.0,0.0,,44.000887292792804,,0.0,0.0,0.0,0.0,0.0,0.0,0.0,0.0,58.90789260818309,11.609086689805153,False,False,True,False,False,15.431060366973846,1,1.0210868770049206,0.8730655555681144,False,False,False,False,0.2832813484406706,0.2768293239154713,False,False,False,False,16140499,3524638.0141812162,False,False,False,False,2592338.4651397187,False,False,False,False
2022-04-04 00:00:00+00:00,46.7878712332,47.478325574,46.3803113792,47.1043294727,1765600,,,,,,,,,,,,,,,,,,,,,,,,,,,,,,,"rgba(38, 166, 154, 0.5)",0.0,0.0,,44.04602528861201,,0.0,0.0,0.0,0.0,0.0,0.0,0.0,0.0,59.640289514208966,11.609086689805153,False,False,True,False,True,15.138586439004087,1,1.0498131194402691,0.8583053494728099,False,False,False,False,0.34241479714316003,0.3096220605293157,False,False,False,False,14374899,3950138.4449976394,False,False,False,False,2559917.34885973,False,False,False,False
2022-04-05 00:00:00+00:00,45.7617793656,47.8904884569,45.6083450676,47.2577637707,2206349,,,,,,,,,,,,,,,,,,,,,,,,,,,,,,,"rgba(38, 166, 154, 0.5)",0.0,0.0,,44.08946505295767,,0.0,0.0,0.0,0.0,0.0,0.0,0.0,0.0,57.1914454315435,11.373103332761467,False,False,True,False,False,11.328024273971696,1,1.0604259338574484,0.8358891838276306,False,False,False,False,0.32913839789394433,0.31938022921163,False,False,False,False,12168550,4272429.094213419,False,False,False,False,2546051.923414251,False,False,False,False
2022-04-06 00:00:00+00:00,46.3371579829,46.691974797,45.7138311475,46.0015204562,1948909,,,,,,,,,,,,,,,,,,,,,,,,,,,,,,,"rgba(38, 166, 154, 0.5)",0.0,0.0,,44.12294862372651,,0.0,0.0,0.0,0.0,0.0,0.0,0.0,0.0,56.85777127958157,10.991644876524738,False,False,True,False,False,12.83181666006331,1,1.053213132776077,0.8563655305427483,False,False,False,False,0.2894637159406192,0.3044219725761246,False,False,False,False,14117459,4658508.698361913,False,False,False,False,2522634.553868594,False,False,False,False
2022-04-07 00:00:00+00:00,46.9317158875,47.2625585925,46.183723685,46.3083890521,2217827,,,,,,,,,,,,,,,,,,,,,,,,,,,,,,,"rgba(38, 166, 154, 0.5)",0.0,0.0,,44.1719009443753,,0.0,0.0,0.0,0.0,0.0,0.0,0.0,0.0,57.87594799227304,10.991644876524738,False,False,True,False,False,14.342381168999975,1,1.062167501904922,0.8518554510987246,False,False,False,False,0.3272087477824363,0.31581536017928047,False,False,False,False,16335286,5116421.53372027,False,False,False,False,2510681.3164619827,False,False,False,False
2022-04-08 00:00:00+00:00,47.6605288028,47.8043734572,46.9892537493,47.12350876,1812567,,,,,,,,,,,,,,,,,,,,,,,,,,,,,,,"rgba(38, 166, 154, 0.5)",0.0,0.0,,44.22283966027556,,0.0,0.0,0.0,0.0,0.0,0.0,0.0,0.0,59.9281314742424,10.991644876524738,False,False,True,False,True,16.131542820323002,1,1.08170196676955,0.8284963725549656,False,False,False,False,0.3428282473292083,0.32932180375424436,False,False,False,False,18147853,5627458.061809671,False,False,False,False,2483304.284443866,False,False,False,False
2022-04-11 00:00:00+00:00,47.7372459518,49.0606167717,47.3440705633,48.3893417181,2391057,,,,,,,,,,,,,,,,,,,,,,,,,,,,,,,"rgba(38, 166, 154, 0.5)",0.0,0.0,,44.30035137413085,,0.0,0.0,0.0,0.0,0.0,0.0,0.0,0.0,61.43725636252643,7.330404124030636,False,False,True,False,True,16.317461674225793,1,1.0914813554574647,0.801142151550589,False,False,False,False,0.34282824709320037,0.33607502542372236,False,False,False,False,20538910,6212220.882915175,False,False,False,False,2479686.7438774398,False,False,False,False
2022-04-12 00:00:00+00:00,48.063293835,48.7585429976,47.6892977337,48.3318038564,2335585,,,,,,,,,,,,,,,,,,,,,,,,,,,,,,,"rgba(38, 166, 154, 1.0)",0.0,0.0,,44.37545507202395,,0.0,0.0,0.0,0.0,0.0,0.0,0.0,0.0,63.06082360241403,8.917427846504886,True,False,True,False,True,17.110336553919666,1,1.086954954203526,0.8196102081406879,False,False,False,False,0.34282824699151165,0.339451636207617,False,False,False,False,22874495,6865643.397310657,False,False,False,False,2474035.6950979326,False,False,False,False
2022-04-13 00:00:00+00:00,49.1565132079,49.7223021816,48.3126245691,48.5140070852,2579574,,,,,,,,,,,,,,,,,,,,,,,,,,,,,,,"rgba(38, 166, 154, 1.0)",0.0,0.0,,44.47576079793975,,0.0,0.0,0.0,0.0,0.0,0.0,0.0,0.0,65.95389037496045,11.659122605243972,True,False,True,False,True,19.66816098192532,1,1.0819524233974818,0.8136182225709422,False,False,False,False,0.3428282475384981,0.3411399418730575,False,False,False,False,25454069,7594601.2640827885,False,False,False,False,2478174.4521529158,False,False,False,False
2022-04-14 00:00:00+00:00,49.1852821388,49.4729714474,48.6578517395,48.9838996227,1989139,,,,,,,,,,,,,,,,,,,,,,,,,,,,,,,"rgba(38, 166, 154, 1.0)",0.0,0.0,,44.55065986866348,,0.0,0.0,0.0,0.0,0.0,0.0,0.0,0.0,67.92636133745899,13.481400638215774,True,False,True,False,True,19.733733243569123,0,1.0821342696410081,0.8213550126779434,False,False,False,False,0.3428282475689777,0.3419840947210176,False,False,False,False,27443208,8372977.99882464,False,False,False,False,2458996.591284174,False,False,False,False
2022-04-18 00:00:00+00:00,48.9838996227,49.7702503997,48.926361761,49.5976368145,2596839,,,,,,,,,,,,,,,,,,,,,,,,,,,,,,,"rgba(38, 166, 154, 1.0)",0.0,0.0,,44.64726360092036,,0.0,0.0,0.0,0.0,0.0,0.0,0.0,0.0,68.413997468725,13.947570910239477,True,False,True,False,True,18.938561520476203,0,1.0942741894472507,0.8062759269827812,False,False,False,False,0.34282824774344844,0.34240617123223305,False,False,False,False,24846369,9018993.332204066,False,False,False,False,2464402.1759396964,False,False,False,False
2022-04-19 00:00:00+00:00,48.6674413832,49.0126685536,48.187959202,48.5619553033,1914150,,,,,,,,,,,,,,,,,,,,,,,,,,,,,,,"rgba(38, 166, 154, 1.0)",0.0,0.0,,44.705819318935376,,0.0,0.0,0.0,0.0,0.0,0.0,0.0,0.0,67.4361328322235,13.947570910239477,True,False,True,False,True,17.690998748508743,0,1.0862190862450887,0.8140134067366394,False,False,False,False,0.2909743938679585,0.3166902825500958,False,False,False,False,22932219,9564610.02505881,False,False,False,False,2442823.6592361787,False,False,False,False
2022-04-20 00:00:00+00:00,49.5880471709,49.7750452215,48.5619553033,48.7249792449,1843933,,,,,,,,,,,,,,,,,,,,,,,,,,,,,,,"rgba(38, 166, 154, 1.0)",1.0,48.73536,3.862095463293606,45.905419687519256,0.9535309311697299,0.0,0.0,0.0,0.0,0.0,0.0,0.0,0.0,68.54163609717006,14.153271401004474,True,False,True,False,True,19.864601795153003,0,1.0855118646096182,0.8141249231633161,False,False,False,False,0.3301468265593933,0.32341855455474455,False,False,False,False,24776152,10161141.082899641,False,False,False,False,2419337.7510308386,False,False,False,False
2022-04-21 00:00:00+00:00,47.1043294727,49.3483060803,46.7303333715,49.127744277,2654957,,,,,,,,,,,,,,,,,,,,,,,,,,,,,,,"rgba(38, 166, 154, 0.5)",0.0,0.0,3.8828037042383086,45.714285133290716,0.3580001579508052,0.0,0.0,0.0,0.0,0.0,0.0,0.0,0.0,61.92287588575246,16.70591184108568,False,False,True,False,False,10.895849514216746,0,1.0443112657135152,0.8290812890189319,False,False,False,False,0.25263255443547167,0.28802555449510814,False,False,False,False,22121195,10630162.805138871,False,False,False,False,2428577.721578649,False,False,False,False
2022-04-22 00:00:00+00:00,46.1261858233,46.8358194513,45.0713250248,46.1165961796,2551176,,,,,,,,,,,,,,,,,,,,,,,,,,,,,,,"rgba(38, 166, 154, 0.5)",0.0,0.0,3.88721907447436,45.51288098543737,0.15777470374384833,0.0,0.0,0.0,0.0,0.0,0.0,0.0,0.0,55.578680550048695,11.031614603464398,False,True,True,False,False,7.751868034659562,0,1.0127065631755248,0.8656696347509661,False,False,False,False,0.11628442218343422,0.20215498833927117,False,False,False,False,19570019,10980745.401015777,False,False,False,False,2433385.4972030157,False,False,False,False
2022-04-25 00:00:00+00:00,44.6781496363,45.522038275,43.4794441835,44.3616913968,3985930,,,,,,,,,,,,,,,,,,,,,,,,,,,,,,,"rgba(239, 83, 80, 1.0)",0.0,0.0,3.8623030614570117,45.23089507513051,-0.1431129121757721,0.0,0.0,0.0,0.0,0.0,0.0,0.0,0.0,49.02795942102063,5.340523524039966,False,True,False,True,False,3.4161217638190458,0,1.003399234710196,0.8693011318165327,False,False,False,False,0.008809660490803657,0.10548232441503741,False,False,False,False,15584089,11161268.679407315,False,False,False,False,2494269.5953519167,False,False,False,False
2022-04-26 00:00:00+00:00,43.517802758,45.0329664503,43.5082131144,44.9178907268,2783577,,,,,,,,,,,,,,,,,,,,,,,,,,,,,,,"rgba(239, 83, 80, 1.0)",0.0,0.0,3.7987596603697873,45.090539708266334,-0.41401328088053757,0.0,0.0,0.0,0.0,0.0,0.0,0.0,0.0,43.16150538200391,0.38455696430439446,False,True,False,True,False,0.19464279194900413,0,1.0011754393718846,0.8849268288920267,False,False,False,False,-0.016672474702577256,0.04440492485623008,False,False,False,False,12800512,11225552.731195265,False,False,False,False,2505614.9837694885,False,False,False,False
2022-04-27 00:00:00+00:00,43.1917548748,43.8342609975,43.0383205769,43.5273924016,2104115,,,,,,,,,,,,,,,,,,,,,,,,,,,,,,,"rgba(239, 83, 80, 1.0)",0.0,0.0,3.7300261499954535,44.98375965788725,-0.48042686861308864,0.0,0.0,0.0,0.0,0.0,0.0,0.0,0.0,38.8602369780662,-3.126629755979394,False,True,False,True,False,0.0,0,0.9752711205630168,0.9047159668781392,False,False,False,False,-0.07376452383311215,-0.014679799488441034,False,False,False,False,10696397,11204801.526050353,False,False,False,False,2489869.8863667636,False,False,False,False
2022-04-28 00:00:00+00:00,43.7000059868,43.872619572,42.7889898427,43.3547788164,2934503,,,,,,,,,,,,,,,,,,,,,,,,,,,,,,,"rgba(239, 83, 80, 1.0)",0.0,0.0,3.6750576213412143,44.873707533898006,-0.31936956315521997,0.0,0.0,0.0,0.0,0.0,0.0,0.0,0.0,37.38865791457194,-4.149496430143749,False,True,False,True,False,0.6952212389302872,0,0.9853385893394301,0.9009802195051684,False,False,False,False,-0.13713563813036925,-0.07590771880940514,False,False,False,False,13630900,11299942.64267583,False,False,False,False,2507306.479058263,False,False,False,False
2022-04-29 00:00:00+00:00,43.0191412896,44.227436386,42.7362468028,44.1219503062,5217024,,,,,,,,,,,,,,,,,,,,,,,,,,,,,,,"rgba(239, 83, 80, 1.0)",0.0,0.0,3.6256438136375277,44.72173938166664,-0.4695988297754098,0.0,0.0,0.0,0.0,0.0,0.0,0.0,0.0,35.474234910656435,-5.827829626011756,False,True,False,True,False,0.0,0,0.9739851359246223,0.9121683220609429,False,False,False,False,-0.1464259244697357,-0.11116682163957042,False,False,False,False,8413876,11186763.558649328,False,False,False,False,2613569.9112520567,False,False,False,False
2022-05-02 00:00:00+00:00,42.4054040978,42.4149937414,41.3697225866,41.9546908476,2773944,,,,,,,,,,,,,,,,,,,,,,,,,,,,,,,"rgba(239, 83, 80, 1.0)",0.0,0.0,3.5849010214149297,44.60867984027938,-0.6145987655775677,0.0,0.0,0.0,0.0,0.0,0.0,0.0,0.0,33.41112523209433,-7.796671560864361,False,True,False,True,False,0.0,0,0.9482438794443134,0.9473329388969073,False,False,False,False,-0.2813909636268794,-0.1962788926332249,False,False,False,False,5639932,10969240.752427787,False,False,False,False,2619859.0912029566,False,False,False,False
2022-05-03 00:00:00+00:00,43.1917548748,43.3451891728,42.4725316032,42.4917108904,1946625,,,,,,,,,,,,,,,,,,,,,,,,,,,,,,,"rgba(239, 83, 80, 1.0)",0.0,0.0,3.5341183910823144,44.56385526727922,-0.3882440373082758,0.0,0.0,0.0,0.0,0.0,0.0,0.0,0.0,34.27802761198281,-7.796671560864361,False,True,False,True,False,0.0,0,0.9606707280660165,0.9331223197505505,False,False,False,False,-0.19422581395865327,-0.1952523532959391,False,False,False,False,7586557,10836586.487626696,False,False,False,False,2593457.7542930366,False,False,False,False
2022-05-04 00:00:00+00:00,43.9685160082,44.1219503062,42.5588383958,43.1725755876,2197457,,,,,,,,,,,,,,,,,,,,,,,,,,,,,,,"rgba(239, 83, 80, 1.0)",0.0,0.0,3.476703868405744,44.53361573108613,-0.16253892890373206,0.0,0.0,0.0,0.0,0.0,0.0,0.0,0.0,36.85411260594645,-7.796671560864361,False,True,False,True,False,1.460356869382636,0,0.966182649176592,0.9260399426540337,False,False,False,False,-0.158156110513284,-0.17670423190461154,False,False,False,False,9784014,10795309.135170747,False,False,False,False,2577928.3129482116,False,False,False,False
2022-05-05 00:00:00+00:00,42.4725316032,44.5151256947,41.9738701348,44.5151256947,2065237,,,,,,,,,,,,,,,,,,,,,,,,,,,,,,,"rgba(239, 83, 80, 1.0)",0.0,0.0,3.411171055785203,44.49312432782452,-0.5923457638389844,0.0,0.0,0.0,0.0,0.0,0.0,0.0,0.0,36.252774014951584,-7.796671560864361,False,True,False,True,False,0.0,0,0.9630010221733841,0.9165593440482878,False,False,False,False,-0.1661332092576376,-0.17141872058112456,False,False,False,False,7718777,10674660.816144442,False,False,False,False,2557822.771263968,False,False,False,False
2022-05-06 00:00:00+00:00,42.3382765924,43.1054480822,42.0409976402,42.501300534,2200288,,,,,,,,,,,,,,,,,,,,,,,,,,,,,,,"rgba(239, 83, 80, 1.0)",0.0,0.0,3.3946217200923425,44.440548364006084,-0.61929485667372,0.0,0.0,0.0,0.0,0.0,0.0,0.0,0.0,35.66395912977656,-7.796671560864361,False,True,False,True,False,0.0,0,0.9694596979904746,0.9459238470376329,False,False,False,False,-0.22262456580017426,-0.1970216431906494,False,False,False,False,5518489,10472457.999825053,False,False,False,False,2543801.799841852,False,False,False,False
2022-05-09 00:00:00+00:00,40.775164682,41.8971529858,40.6504993149,41.206698645,3530075,,,,,,,,,,,,,,,,,,,,,,,,,,,,,,,"rgba(239, 83, 80, 1.0)",0.0,0.0,3.3830823473981186,44.30982461838065,-1.0448045815671931,0.0,0.0,0.0,0.0,0.0,0.0,0.0,0.0,33.30786494881064,-9.00275995055783,False,True,False,True,False,0.0,0,0.9466708948651331,0.9419637966358114,False,False,False,False,-0.34282825441539394,-0.26992494880302165,False,False,False,False,1988414,10139750.391988777,False,False,False,False,2582479.1802402106,False,False,False,False
2022-05-10 00:00:00+00:00,39.9312760432,41.7053601134,39.5764592292,41.3697225866,2690285,,,,,,,,,,,,,,,,,,,,,,,,,,,,,,,"rgba(239, 83, 80, 1.0)",0.0,0.0,3.3679385479345805,44.20002415689675,-1.2674661526453923,0.0,0.0,0.0,0.0,0.0,0.0,0.0,0.0,30.859280172688813,-11.652549814487514,False,True,False,True,False,0.0,0,0.9190365883742806,0.9517776906239369,False,False,False,False,-0.34282825441539394,-0.30637660160920777,False,False,False,False,-701871,9714588.768773532,False,False,False,False,2586706.859446477,False,False,False,False
2022-05-11 00:00:00+00:00,39.8162003198,41.3217743685,39.6435867346,40.4778857297,3085507,,,,,,,,,,,,,,,,,,,,,,,,,,,,,,,"rgba(239, 83, 80, 1.0)",0.0,0.0,3.343356833125623,44.080388948576,-1.2754213329929005,0.0,0.0,0.0,0.0,0.0,0.0,0.0,0.0,29.108968188593167,-13.604732944575751,False,True,False,True,False,0.0,0,0.9134548577637465,0.9771019229237822,False,False,False,False,-0.34282825441539394,-0.3246024280123009,False,False,False,False,-3787378,9185099.875880452,False,False,False,False,2606267.6492721057,False,False,False,False
2022-05-12 00:00:00+00:00,37.7736062282,39.3367181387,36.9297175895,38.9531323938,4623806,,,,,,,,,,,,,,,,,,,,,,,,,,,,,,,"rgba(239, 83, 80, 1.0)",0.0,0.0,3.3621170016682993,42.659296961202166,-1.4531590454995646,0.0,0.0,0.0,0.0,0.0,0.0,0.0,0.0,26.148284947869573,-16.661278068479206,False,True,False,True,False,0.0,0,0.8733038519907848,0.997353250564551,False,False,False,False,-0.34282825441539394,-0.3337153412138474,False,False,False,False,-8411184,8495049.527806709,False,False,False,False,2685386.8002810427,False,False,False,False
2022-05-13 00:00:00+00:00,38.032526606,38.3202159147,37.2365861854,37.5242754941,2438136,,,,,,,,,,,,,,,,,,,,,,,,,,,,,,,"rgba(239, 83, 80, 1.0)",0.0,0.0,3.3603413728759723,42.54654443692213,-1.343321207588734,0.0,0.0,0.0,0.0,0.0,0.0,0.0,0.0,24.931477378787704,-18.04299011966947,False,True,False,True,False,0.0,0,0.8752668958163468,1.0066769704016136,False,False,False,False,-0.34282825441539394,-0.3382717978146207,False,False,False,False,-5973048,7927673.15416723,False,False,False,False,2675690.6904661,False,False,False,False
2022-05-16 00:00:00+00:00,38.1763712604,38.2722676966,37.677709792,38.0708851805,2268006,,,,,,,,,,,,,,,,,,,,,,,,,,,,,,,"rgba(239, 83, 80, 1.0)",0.0,0.0,3.339558976912282,42.46349157661005,-1.2837384654227224,0.0,0.0,0.0,0.0,0.0,0.0,0.0,0.0,24.562017939626568,-18.691331954296416,False,True,False,True,False,0.0,0,0.8728028711224909,1.0232867789922147,False,False,False,False,-0.33029491246684906,-0.3342833551407349,False,False,False,False,-3705042,7471488.246160672,False,False,False,False,2659703.055545861,False,False,False,False
2022-05-17 00:00:00+00:00,38.6270845106,38.9819013246,38.0037576752,38.6270845106,2028485,,,,,,,,,,,,,,,,,,,,,,,,,,,,,,,"rgba(239, 83, 80, 1.0)",0.0,0.0,3.30906490966423,42.416395120661946,-1.145130335459768,0.0,0.0,0.0,0.0,0.0,0.0,0.0,0.0,25.728937310579845,-18.691331954296416,False,True,False,True,False,0.0,0,0.8636369646125241,1.0310237604206818,False,False,False,False,-0.2977429559210434,-0.31601315553088916,False,False,False,False,-1676557,7112741.373762215,False,False,False,False,2634949.4063087683,False,False,False,False
2022-05-18 00:00:00+00:00,37.6968890793,38.6846223724,37.5434547813,38.5503673616,1853038,,,,,,,,,,,,,,,,,,,,,,,,,,,,,,,"rgba(239, 83, 80, 1.0)",0.0,0.0,3.3279703373683662,42.3477224062643,-1.3974984316242456,0.0,0.0,0.0,0.0,0.0,0.0,0.0,0.0,25.457553881271807,-18.691331954296416,False,True,False,True,False,0.0,0,0.8351816956966956,1.061836116861249,False,False,False,False,-0.3214901592987979,-0.3187516574148435,False,False,False,False,-3529595,6695394.849300952,False,False,False,False,2604286.213904503,False,False,False,False
2022-05-19 00:00:00+00:00,39.8833278251,40.2586776768,38.516669391,38.516669391,3669529,,,,,,,,,,,,,,,,,,,,,,,,,,,,,,,"rgba(239, 83, 80, 0.75)",0.0,0.0,3.3096800076249875,42.32754882930199,-0.738506743422593,0.0,0.0,0.0,0.0,0.0,0.0,0.0,0.0,30.903778524994067,-18.691331954296416,False,True,False,True,True,0.0,0,0.8606359864654048,1.010652385610318,False,False,False,False,-0.24286473501191533,-0.28080819621337944,False,False,False,False,139934,6438317.953249934,False,False,False,False,2646060.4408102087,False,False,False,False
2022-05-20 00:00:00+00:00,40.0180687975,40.2009315458,39.36832858,40.1624341251,2062288,,,,,,,,,,,,,,,,,,,,,,,,,,,,,,,"rgba(239, 83, 80, 0.75)",0.0,0.0,3.2901358139496395,42.318648730332235,-0.6992355522462481,0.0,0.0,0.0,0.0,0.0,0.0,0.0,0.0,34.825848297597474,-21.503974713400662,False,True,False,True,True,0.0,0,0.8424124192974366,1.0213920268850516,False,False,False,False,-0.21899039236225906,-0.24989929428781926,False,False,False,False,2202222,6272196.543318564,False,False,False,False,2623167.4039156907,False,False,False,False
2022-05-23 00:00:00+00:00,40.2971750975,41.0430626231,39.9410739562,40.7880172111,2241399,,,,,,,,,,,,,,,,,,,,,,,,,,,,,,,"rgba(239, 83, 80, 0.75)",0.0,0.0,3.2528911725007386,42.32348556835719,-0.6229259951845899,0.0,0.0,0.0,0.0,0.0,0.0,0.0,0.0,38.07262011504004,-18.47881187192685,False,True,False,True,True,0.0,0,0.8697417349624722,1.003601301276477,False,False,False,False,-0.17702642954292133,-0.21346286191537028,False,False,False,False,4443621,6200487.698482541,False,False,False,False,2608196.0939582125,False,False,False,False
2022-05-24 00:00:00+00:00,41.1441183524,41.2114888386,40.1335610596,40.4030430043,2135124,,,,,,,,,,,,,,,,,,,,,,,,,,,,,,,"rgba(239, 83, 80, 0.75)",0.0,0.0,3.206190220915711,42.33485098008555,-0.37138552164427313,0.0,0.0,0.0,0.0,0.0,0.0,0.0,0.0,42.07429766519945,-14.78251835128772,False,True,False,True,True,0.0,0,0.8908489351086836,0.9954698622323794,False,False,False,False,-0.16642570415459687,-0.18994428303498356,False,False,False,False,6578745,6215321.318149893,False,False,False,False,2589644.247136322,False,False,False,False
2022-05-25 00:00:00+00:00,40.951631249,41.2402656606,40.383794294,40.5762813974,2226427,,,,,,,,,,,,,,,,,,,,,,,,,,,,,,,"rgba(239, 83, 80, 0.75)",0.0,0.0,3.1780286146085017,42.34176134784302,-0.43741900008482626,0.0,0.0,0.0,0.0,0.0,0.0,0.0,0.0,44.337233005340934,-12.729766087311361,False,True,False,True,True,0.0,0,0.9127299147962693,0.992245015983815,False,False,False,False,-0.15825608247694717,-0.17410018275596537,False,False,False,False,4352318,6142262.364496956,False,False,False,False,2575400.4335231325,False,False,False,False
2022-05-26 00:00:00+00:00,40.7591441456,41.1248696421,40.4800378457,40.9420068939,2183344,,,,,,,,,,,,,,,,,,,,,,,,,,,,,,,#000000,0.0,0.0,3.163340253230716,42.34217986387672,-0.5004316929422856,0.0,0.0,0.0,0.0,0.0,0.0,0.0,0.0,45.42261427595635,-11.68448819512156,False,True,False,False,True,0.0,0,0.897847443044087,0.9943575747837553,False,False,False,False,-0.15881619964108631,-0.16645819119852584,False,False,False,False,2168974,5986447.1345166825,False,False,False,False,2560025.6714241863,False,False,False,False
2022-05-27 00:00:00+00:00,40.8457633422,41.3654785213,40.7110223698,41.2114888386,1959255,,,,,,,,,,,,,,,,,,,,,,,,,,,,,,,#000000,0.0,0.0,3.1461210331029195,42.344519333824564,-0.47638217851599546,0.0,0.0,0.0,0.0,0.0,0.0,0.0,0.0,46.368046345176644,-10.648272186935237,False,True,False,False,True,0.0,0,0.8812364869080818,1.0122877861082602,False,False,False,False,-0.14505218358116073,-0.15575518738984329,False,False,False,False,4128229,5913575.835123871,False,False,False,False,2536466.037250689,False,False,False,False
2022-05-31 00:00:00+00:00,39.7582112079,41.2499862593,39.4983536183,40.8553876973,2864919,,,,,,,,,,,,,,,,,,,,,,,,,,,,,,,"rgba(239, 83, 80, 0.75)",0.0,0.0,3.11481393353055,42.316880102686326,-0.8214516017289525,0.0,0.0,0.0,0.0,0.0,0.0,0.0,0.0,44.597923450730036,-10.648272186935237,False,True,False,True,True,0.0,0,0.8760327923069995,1.004614579130512,False,False,False,False,-0.18397341976500764,-0.16986430357742546,False,False,False,False,1263310,5731212.469040582,False,False,False,False,2549346.5455937996,False,False,False,False
2022-06-01 00:00:00+00:00,39.8255816941,40.4607891353,39.3876735339,39.989195732,2422472,,,,,,,,,,,,,,,,,,,,,,,,,,,,,,,"rgba(239, 83, 80, 0.75)",0.0,0.0,3.1198377725539386,42.285524863357956,-0.7884843214922082,0.0,0.0,0.0,0.0,0.0,0.0,0.0,0.0,43.615608573842934,-10.648272186935237,False,True,False,True,True,0.0,0,0.8601642269597949,1.0348518829789475,False,False,False,False,-0.2106536678632364,-0.19025898572033093,False,False,False,False,3685782,5650999.509470363,False,False,False,False,2544371.073217572,False,False,False,False
2022-06-02 00:00:00+00:00,41.7793257937,41.9236911212,40.2875507423,40.4607891353,2227883,,,,,,,,,,,,,,,,,,,,,,,,,,,,,,,#000000,0.0,0.0,3.1060594268595905,42.13140853577424,-0.11335351121411553,0.0,0.0,0.0,0.0,0.0,0.0,0.0,0.0,47.68805926249354,-9.05426902958132,False,False,False,False,True,0.0,0,0.8768731549147857,0.9964965086312386,False,False,False,False,-0.14112983345807853,-0.16569440958920473,False,False,False,False,5913665,5661300.116942114,False,False,False,False,2531959.7762286477,False,False,False,False
2022-06-03 00:00:00+00:00,40.7398954353,41.7215796626,40.6580884163,41.5772143351,1527181,,,,,,,,,,,,,,,,,,,,,,,,,,,,,,,#000000,0.0,0.0,3.095397951703625,42.1103224442567,-0.44273047612584243,0.0,0.0,0.0,0.0,0.0,0.0,0.0,0.0,48.08544208784821,-8.518756964191915,False,False,False,False,True,0.0,0,0.8746272837076758,1.0013178270002707,False,False,False,False,-0.13623294069202624,-0.15096367514061548,False,False,False,False,4386484,5611307.328042424,False,False,False,False,2492556.686964779,False,False,False,False
2022-06-06 00:00:00+00:00,40.2201802561,41.1729914179,39.7967086286,41.00937738,2075523,,,,,,,,,,,,,,,,,,,,,,,,,,,,,,,#000000,0.0,0.0,3.1053531682675524,42.047932464733485,-0.588581108039692,0.0,0.0,0.0,0.0,0.0,0.0,0.0,0.0,47.305956315700456,-8.518756964191915,False,False,False,False,True,0.0,0,0.8616466869462929,1.0215109858344604,False,False,False,False,-0.1774512632541584,-0.16420746919738693,False,False,False,False,2310961,5481881.981844682,False,False,False,False,2476202.4247308667,False,False,False,False
2022-06-07 00:00:00+00:00,40.7013980146,40.8265146318,40.0373175079,40.0373175079,1928925,,,,,,,,,,,,,,,,,,,,,,,,,,,,,,,#000000,0.0,0.0,3.1199996011442495,42.02025842138821,-0.4227117228811579,0.0,0.0,0.0,0.0,0.0,0.0,0.0,0.0,47.89461399635698,-8.217830039826318,False,False,False,False,True,0.0,0,0.8696165426306269,1.0106134389414634,False,False,False,False,-0.18056865849489373,-0.17238806384614033,False,False,False,False,4239886,5433176.25706646,False,False,False,False,2454740.5649374994,False,False,False,False
2022-06-08 00:00:00+00:00,40.2201802561,40.6917736594,39.9795713768,40.6147788181,2555572,,,,,,,,,,,,,,,,,,,,,,,,,,,,,,,#000000,0.0,0.0,3.136712388568057,41.97916464804593,-0.5607732472880388,0.0,0.0,0.0,0.0,0.0,0.0,0.0,0.0,47.253977088678255,-8.217830039826318,False,False,False,False,True,0.0,0,0.8906509314978331,1.011400017416106,False,False,False,False,-0.18624560143621452,-0.17931683264117743,False,False,False,False,1684314,5286162.050906992,False,False,False,False,2458694.738861519,False,False,False,False
2022-06-09 00:00:00+00:00,38.9978871495,40.046941863,38.887207065,39.9218252458,2090635,,,,,,,,,,,,,,,,,,,,,,,,,,,,,,,"rgba(239, 83, 80, 0.5)",0.0,0.0,3.1689495411475335,41.90883482839417,-0.9185844208298948,0.0,0.0,0.0,0.0,0.0,0.0,0.0,0.0,44.52836675083358,-8.217830039826318,False,False,False,True,False,0.0,0,0.882017125786081,1.0173886197298763,False,False,False,False,-0.23806834179360192,-0.20869258721738967,False,False,False,False,-406321,5062927.421459659,False,False,False,False,2444261.0236120475,False,False,False,False
2022-06-10 00:00:00+00:00,40.6725249491,40.9420068939,38.2086900255,38.4974206806,2216311,,,,,,,,,,,,,,,,,,,,,,,,,,,,,,,#000000,0.0,0.0,3.1810091594521857,41.87386165045485,-0.37765898843300866,0.0,0.0,0.0,0.0,0.0,0.0,0.0,0.0,46.45548235207134,-8.217830039826318,False,False,False,False,False,0.0,0,0.8507504720510876,1.0144095106267474,False,False,False,False,-0.2315450437296938,-0.22011881547354173,False,False,False,False,1809990,4935361.248069084,False,False,False,False,2435321.8069998105,False,False,False,False
2022-06-13 00:00:00+00:00,38.45892326,39.6812163666,38.2664361566,39.4983536183,3343981,,,,,,,,,,,,,,,,,,,,,,,,,,,,,,,"rgba(239, 83, 80, 0.5)",0.0,0.0,3.2216316633032647,41.76568161136869,-1.0264234701425006,0.0,0.0,0.0,0.0,0.0,0.0,0.0,0.0,44.194927552651635,-8.217830039826318,False,False,False,True,False,0.0,1,0.8419127613805933,1.0243615473374301,False,False,False,False,-0.2680479433178342,-0.24408337939568797,False,False,False,False,-1533991,4681661.159909512,False,False,False,False,2470955.500842955,False,False,False,False
2022-06-14 00:00:00+00:00,37.4387416119,38.4675851796,36.9478994982,38.3915527738,2896094,,,,,,,,,,,,,,,,,,,,,,,,,,,,,,,"rgba(239, 83, 80, 1.0)",0.0,0.0,3.2956129207347415,41.63628737478379,-1.2736768133400715,0.0,0.0,0.0,0.0,0.0,0.0,0.0,0.0,41.407745147797655,-3.0178548445272284,False,True,False,True,False,0.0,1,0.8276975380715781,1.0430021742445639,False,False,False,False,-0.34282825441539394,-0.29345581690554096,False,False,False,False,-4430085,4324337.781089531,False,False,False,False,2487627.5988491136,False,False,False,False
2022-06-15 00:00:00+00:00,37.4002441912,38.3145579324,36.2645702812,38.237563091,4452656,,,,,,,,,,,,,,,,,,,,,,,,,,,,,,,"rgba(239, 83, 80, 1.0)",0.0,0.0,3.366753372595157,41.45294495948581,-1.203741503988429,0.0,0.0,0.0,0.0,0.0,0.0,0.0,0.0,39.50182127669313,-4.881944270243622,False,True,False,True,False,0.0,0,0.8053671692624719,1.051832070892303,False,False,False,False,-0.34282825441539394,-0.31814203566046745,False,False,False,False,-8882741,3806413.123007589,False,False,False,False,2564687.5361491484,False,False,False,False
2022-06-16 00:00:00+00:00,37.4579903223,37.9392080808,36.4666817397,37.0345186948,2992796,,,,,,,,,,,,,,,,,,,,,,,,,,,,,,,"rgba(239, 83, 80, 1.0)",0.0,0.0,3.43875360907559,41.34559482470698,-1.1305272038528082,0.0,0.0,0.0,0.0,0.0,0.0,0.0,0.0,38.37183115188837,-6.04472336571353,False,True,False,True,False,0.0,0,0.8167680684238083,1.0634141718134515,False,False,False,False,-0.34282825441539394,-0.3304851450379307,False,False,False,False,-5889945,3426163.784850429,False,False,False,False,2581476.103358986,False,False,False,False
2022-06-17 00:00:00+00:00,36.9671482086,37.4483659671,36.6591688431,37.3232493499,4689204,,,,,,,,,,,,,,,,,,,,,,,,,,,,,,,"rgba(239, 83, 80, 1.0)",0.0,0.0,3.5192113196570403,41.183557710499095,-1.1981120537853913,0.0,0.0,0.0,0.0,0.0,0.0,0.0,0.0,36.922848403639634,-7.550823377970069,False,True,False,True,False,0.0,0,0.817391255502325,1.0535325093474486,False,False,False,False,-0.34282825441539394,-0.33665669972666235,False,False,False,False,-10579149,2876935.8325033532,False,False,False,False,2664132.099305692,False,False,False,False
2022-06-21 00:00:00+00:00,37.6985992015,38.17981696,37.0152699844,37.2077570878,2116183,,,,,,,,,,,,,,,,,,,,,,,,,,,,,,,"rgba(239, 83, 80, 1.0)",0.0,0.0,3.5793142265880515,41.13112632409848,-0.9589901599308603,0.0,0.0,0.0,0.0,0.0,0.0,0.0,0.0,37.859921184966275,-7.550823377970069,False,True,False,True,False,0.0,0,0.8154704677055168,1.0505124105986183,False,False,False,False,-0.310408644857518,-0.32353267229209015,False,False,False,False,-8462966,2432233.7998561626,False,False,False,False,2642643.89933292,False,False,False,False
2022-06-22 00:00:00+00:00,36.8131585259,37.8718375946,36.8131585259,37.6216043602,2907649,,,,,,,,,,,,,,,,,,,,,,,,,,,,,,,"rgba(239, 83, 80, 1.0)",0.0,0.0,3.6523953295817027,41.04946906421127,-1.1598718528633218,0.0,0.0,0.0,0.0,0.0,0.0,0.0,0.0,37.11615594178663,-7.640851995745116,False,True,False,True,False,0.0,0,0.8027083859806821,1.0630258568233295,False,False,False,False,-0.32553185408601504,-0.3245322631890526,False,False,False,False,-11370615,1890945.6116265096,False,False,False,False,2653036.2562218253,False,False,False,False
2022-06-23 00:00:00+00:00,35.7737281675,37.101889181,35.4176270262,36.707290619,3498077,,,,,,,,,,,,,,,,,,,,,,,,,,,,,,,"rgba(239, 83, 80, 1.0)",0.0,0.0,3.7377257471948595,40.92234434136769,-1.3774729667450032,0.0,0.0,0.0,0.0,0.0,0.0,0.0,0.0,35.222297375630816,-9.639369120981748,False,True,False,True,False,0.0,0,0.7782161123465634,1.0913035236232258,False,False,False,False,-0.34282825441539394,-0.3336802588022233,False,False,False,False,-14868692,1233704.9209744895,False,False,False,False,2686175.1089190086,False,False,False,False
2022-06-24 00:00:00+00:00,36.76503675,36.8035341707,35.4465000917,35.8410986537,1873900,,,,,,,,,,,,,,,,,,,,,,,,,,,,,,,"rgba(239, 83, 80, 1.0)",0.0,0.0,3.788609426512369,40.86271674480644,-1.0815788943909663,0.0,0.0,0.0,0.0,0.0,0.0,0.0,0.0,36.47192345213519,-9.639369120981748,False,True,False,True,False,0.0,0,0.7747094318436502,1.0908870040301348,False,False,False,False,-0.34282825441539394,-0.3382542566088086,False,False,False,False,-12994792,675724.6495637251,False,False,False,False,2654321.1830790476,False,False,False,False
2022-06-27 00:00:00+00:00,37.3040006395,37.4291172567,36.5725496466,36.76503675,2638981,,,,,,,,,,,,,,,,,,,,,,,,,,,,,,,"rgba(239, 83, 80, 0.75)",0.0,0.0,3.8247007127409294,40.80093605016623,-0.9143030195845534,0.0,0.0,0.0,0.0,0.0,0.0,0.0,0.0,38.55981477423894,-9.639369120981748,False,True,False,True,True,0.0,0,0.7827316936871626,1.1001614246715217,False,False,False,False,-0.29451631319913807,-0.31638528490397333,False,False,False,False,-10355811,243115.40840436338,False,False,False,False,2653719.607272026,False,False,False,False
2022-06-28 00:00:00+00:00,36.4570573846,37.6216043602,36.4474330294,37.4772390326,1559838,,,,,,,,,,,,,,,,,,,,,,,,,,,,,,,"rgba(239, 83, 80, 0.75)",0.0,0.0,3.8623701415335168,40.76225335304855,-1.1146513178923898,0.0,0.0,0.0,0.0,0.0,0.0,0.0,0.0,38.57921983735281,-9.639369120981748,False,True,False,True,True,0.0,0,0.777249865472419,1.0934856888057236,False,False,False,False,-0.2926858740395518,-0.3045355794717626,False,False,False,False,-11915649,-233698.8821212979,False,False,False,False,2610822.2893397897,False,False,False,False
2022-06-29 00:00:00+00:00,36.1009562433,36.9382751431,35.802601233,36.9094020776,2036584,,,,,,,,,,,,,,,,,,,,,,,,,,,,,,,"rgba(239, 83, 80, 0.75)",0.0,0.0,3.9157248699098792,40.70357925525666,-1.175420430410014,0.0,0.0,0.0,0.0,0.0,0.0,0.0,0.0,38.04299843429963,-9.639369120981748,False,True,False,True,True,0.0,0,0.7654445758981396,1.1067518957666398,False,False,False,False,-0.3289552376440443,-0.31674540855790345,False,False,False,False,-13952233,-771680.6122341882,False,False,False,False,2588303.1407382293,False,False,False,False
2022-06-30 00:00:00+00:00,34.6765516781,35.9084691399,34.6188055471,35.7737281675,3346553,,,,,,,,,,,,,,,,,,,,,,,,,,,,,,,"rgba(239, 83, 80, 1.0)",0.0,0.0,4.0104004704566885,40.57845001830309,-1.471648126834327,0.0,0.0,0.0,0.0,0.0,0.0,0.0,0.0,35.73788726655465,-9.727772058288537,False,True,False,True,False,0.0,0,0.7587749618624585,1.1068836397604862,False,False,False,False,-0.34282825441539394,-0.32978683148664867,False,False,False,False,-17298786,-1419802.392146573,False,False,False,False,2618038.4293367304,False,False,False,False
2022-07-01 00:00:00+00:00,35.6774846158,35.8651595416,33.9547250403,34.1953339196,1892569,,,,,,,,,,,,,,,,,,,,,,,,,,,,,,,"rgba(239, 83, 80, 1.0)",0.0,0.0,4.0738696343818575,40.512725005056346,-1.186891290886881,0.0,0.0,0.0,0.0,0.0,0.0,0.0,0.0,36.700364216332645,-9.727772058288537,False,True,False,True,False,0.0,0,0.746894287697378,1.1168698178242316,False,False,False,False,-0.34282825441539394,-0.3363075429510213,False,False,False,False,-15406217,-1968289.239513374,False,False,False,False,2589588.6477941135,False,False,False,False
2022-07-05 00:00:00+00:00,33.7044918059,35.4272513814,33.204025337,35.2155155676,4234470,,,,,,,,,,,,,,,,,,,,,,,,,,,,,,,"rgba(239, 83, 80, 1.0)",0.0,0.0,4.178168599446601,40.33927361152628,-1.5879641157862945,0.0,0.0,0.0,0.0,0.0,0.0,0.0,0.0,34.88328754792019,-10.723770455619047,False,True,False,True,False,0.0,0,0.7602561582169145,1.1174957043759728,False,False,False,False,-0.34282825441539394,-0.3395678986832076,False,False,False,False,-19640687,-2661324.445806967,False,False,False,False,2654093.798861011,False,False,False,False
2022-07-06 00:00:00+00:00,33.5697508335,34.3204505368,32.5880666062,33.8681058438,4370625,,,,,,,,,,,,,,,,,,,,,,,,,,,,,,,"rgba(239, 83, 80, 1.0)",0.0,0.0,4.272122464157384,40.15363007728387,-1.5411260559644202,0.0,0.0,0.0,0.0,0.0,0.0,0.0,0.0,33.524584631855674,-12.11993956097136,False,True,False,True,False,0.0,0,0.7773451208728175,1.102304311984972,False,False,False,False,-0.34282825441539394,-0.3411980765493008,False,False,False,False,-24011312,-3498578.85969689,False,False,False,False,2721408.7479252852,False,False,False,False
2022-07-07 00:00:00+00:00,33.9739737507,34.3204505368,33.4061367956,33.877730199,3274792,,,,,,,,,,,,,,,,,,,,,,,,,,,,,,,"rgba(239, 83, 80, 1.0)",0.0,0.0,4.347719272397766,40.032867776222375,-1.393579862432309,0.0,0.0,0.0,0.0,0.0,0.0,0.0,0.0,33.647233849999935,-12.134073200741966,False,True,False,True,False,0.0,0,0.8144694191434391,1.0947844542647887,False,False,False,False,-0.3150686112022584,-0.3281333438757796,False,False,False,False,-20736520,-4174576.5514734825,False,False,False,False,2743110.0519282157,False,False,False,False
2022-07-08 00:00:00+00:00,33.8681058438,34.4888767523,33.483131637,33.9451006851,1585999,,,,,,,,,,,,,,,,,,,,,,,,,,,,,,,"rgba(239, 83, 80, 1.0)",0.0,0.0,4.409188400121298,39.97714305084965,-1.3855241946299197,0.0,0.0,0.0,0.0,0.0,0.0,0.0,0.0,33.58570891309553,-12.40264507060239,False,True,False,True,False,0.0,0,0.8137854982915849,1.0861290221869746,False,False,False,False,-0.30403553821403867,-0.3160844410449091,False,False,False,False,-22322519,-4886260.569062758,False,False,False,False,2697733.147931031,False,False,False,False
2022-07-11 00:00:00+00:00,33.4638829266,34.0220955265,33.4350098611,33.5505021232,1556975,,,,,,,,,,,,,,,,,,,,,,,,,,,,,,,"rgba(239, 83, 80, 1.0)",0.0,0.0,4.478879902077134,39.920453578579476,-1.4415592275615974,0.0,0.0,0.0,0.0,0.0,0.0,0.0,0.0,32.980554726365575,-13.212586945666025,False,True,False,True,False,0.0,0,0.8192496411573067,1.0759403012581898,False,False,False,False,-0.3227001704327648,-0.3193923057388369,False,False,False,False,-23879494,-5631093.252628925,False,False,False,False,2652997.534286677,False,False,False,False
2022-07-12 00:00:00+00:00,33.3676393749,33.7622379369,32.6169396717,33.2906445336,2892440,,,,,,,,,,,,,,,,,,,,,,,,,,,,,,,"rgba(239, 83, 80, 1.0)",0.0,0.0,4.537274502987124,39.81101287078,-1.4200977903448397,0.0,0.0,0.0,0.0,0.0,0.0,0.0,0.0,32.43867477680638,-13.957269969881693,False,True,False,True,False,0.0,0,0.8112991186860946,1.0801256867523235,False,False,False,False,-0.34282825441539394,-0.3311102800771154,False,False,False,False,-26771934,-6460145.830957203,False,False,False,False,2662387.434902886,False,False,False,False
2022-07-13 00:00:00+00:00,33.7333648714,34.6091811919,32.9634164578,33.0596600095,3016032,,,,,,,,,,,,,,,,,,,,,,,,,,,,,,,"rgba(239, 83, 80, 1.0)",0.0,0.0,4.58097372353738,39.71211873969045,-1.3051273002443076,0.0,0.0,0.0,0.0,0.0,0.0,0.0,0.0,33.263005759947234,-13.957269969881693,False,True,False,True,False,0.0,0,0.8173939252257968,1.0729478474854899,False,False,False,False,-0.29987938672698705,-0.3154948334020512,False,False,False,False,-23755902,-7138410.778762803,False,False,False,False,2676255.84922042,False,False,False,False
2022-07-14 00:00:00+00:00,32.7709293544,33.0163504112,31.6833772202,32.4821986993,3153638,,,,,,,,,,,,,,,,,,,,,,,,,,,,,,,"rgba(239, 83, 80, 1.0)",0.0,0.0,4.640588728283971,39.58730993915898,-1.4688611691042017,0.0,0.0,0.0,0.0,0.0,0.0,0.0,0.0,32.29477642679967,-14.407684964454262,False,True,False,True,False,0.0,0,0.8089661618912471,1.067831004181495,False,False,False,False,-0.34282825441539394,-0.32916154390872254,False,False,False,False,-26909540,-7913749.179595635,False,False,False,False,2694976.7178784427,False,False,False,False
2022-07-15 00:00:00+00:00,32.5303204751,33.0789087198,32.1886558666,33.0404112992,2290079,,,,,,,,,,,,,,,,,,,,,,,,,,,,,,,"rgba(239, 83, 80, 1.0)",0.0,0.0,4.716176344908543,39.50167964989213,-1.4781803446171442,0.0,0.0,0.0,0.0,0.0,0.0,0.0,0.0,31.298905091601267,-15.505403357187525,False,True,False,True,False,0.0,0,0.8013235103196251,1.0794825695846189,False,False,False,False,-0.3238125987895853,-0.3264870713491539,False,False,False,False,-29199619,-8748489.17255267,False,False,False,False,2679098.376000857,False,False,False,False
2022-07-18 00:00:00+00:00,32.5976909613,33.3868880853,32.5640057182,33.0692843647,2004805,,,,,,,,,,,,,,,,,,,,,,,,,,,,,,,"rgba(239, 83, 80, 1.0)",0.0,0.0,4.775300586850594,39.43199251478969,-1.431177248257171,0.0,0.0,0.0,0.0,0.0,0.0,0.0,0.0,30.883640069881682,-16.045559293474447,False,True,False,True,False,0.0,0,0.802967739008693,1.0865073224913042,False,False,False,False,-0.3008628075500149,-0.31367493944958436,False,False,False,False,-27194814,-9471874.459903544,False,False,False,False,2652655.4985106275,False,False,False,False
2022-07-19 00:00:00+00:00,32.7131832234,33.1077817853,32.4629499889,32.6458127372,2247293,,,,,,,,,,,,,,,,,,,,,,,,,,,,,,,"rgba(239, 83, 80, 1.0)",0.0,0.0,4.81293938614858,39.35484304471297,-1.3799591659989245,0.0,0.0,0.0,0.0,0.0,0.0,0.0,0.0,31.06167922049932,-16.045559293474447,False,True,False,True,False,0.0,0,0.8045883028403616,1.0987999673102329,False,False,False,False,-0.3115921489271549,-0.31263354418836964,False,False,False,False,-24947521,-10078762.559515169,False,False,False,False,2636758.9299415834,False,False,False,False
2022-07-20 00:00:00+00:00,31.0866671996,32.8382998406,31.0577941341,32.8382998406,3171246,,,,,,,,,,,,,,,,,,,,,,,,,,,,,,,"rgba(239, 83, 80, 1.0)",0.0,0.0,4.892809699181065,39.22902095990033,-1.6641468319651098,0.0,0.0,0.0,0.0,0.0,0.0,0.0,0.0,28.749771870997265,-18.33405727022261,False,True,False,True,False,0.0,0,0.7852089914921349,1.0811866652045945,False,False,False,False,-0.34282825441539394,-0.3277308993018818,False,False,False,False,-28118767,-10786213.714043986,False,False,False,False,2657719.2071987763,False,False,False,False
2022-07-21 00:00:00+00:00,31.4812657616,31.8662399684,31.0192967134,31.1444133306,3583119,,,,,,,,,,,,,,,,,,,,,,,,,,,,,,,"rgba(239, 83, 80, 1.0)",0.0,0.0,4.933311667389607,39.088657535648906,-1.542045645389814,0.0,0.0,0.0,0.0,0.0,0.0,0.0,0.0,28.683604452127163,-18.47393531295932,False,True,False,True,False,0.0,0,0.8047174225615529,1.0852089004222654,False,False,False,False,-0.34282825441539394,-0.33527957685863785,False,False,False,False,-24535648,-11325407.215454027,False,False,False,False,2694009.3951517656,False,False,False,False
2022-07-22 00:00:00+00:00,31.279154303,32.4725743441,31.0385454238,31.789245127,2948210,,,,,,,,,,,,,,,,,,,,,,,,,,,,,,,"rgba(239, 83, 80, 1.0)",0.0,0.0,4.97100571818428,38.98014726535351,-1.5491820768145064,0.0,0.0,0.0,0.0,0.0,0.0,0.0,0.0,28.336703075427643,-18.922073403588847,False,True,False,True,False,0.0,0,0.8189639496117258,1.0742156899605404,False,False,False,False,-0.3192405318661275,-0.3272600543623827,False,False,False,False,-27483858,-11959071.952102888,False,False,False,False,2703978.0463222847,False,False,False,False
2022-07-25 00:00:00+00:00,30.6246981514,31.4716414064,30.3696527394,31.279154303,3013150,,,,,,,,,,,,,,,,,,,,,,,,,,,,,,,"rgba(239, 83, 80, 1.0)",0.0,0.0,5.033434893681802,37.71190711082407,-1.408026349624639,0.0,0.0,0.0,0.0,0.0,0.0,0.0,0.0,27.167527219527415,-20.140266309531658,False,True,False,True,False,0.0,0,0.8063538447083424,1.0841213572085895,False,False,False,False,-0.34282825441539394,-0.33504415438888835,False,False,False,False,-30497008,-12686049.836334148,False,False,False,False,2716102.4366625873,False,False,False,False
2022-07-26 00:00:00+00:00,31.2310325272,31.2599055927,30.6054494411,30.6728199273,2458543,,,,,,,,,,,,,,,,,,,,,,,,,,,,,,,"rgba(239, 83, 80, 0.75)",0.0,0.0,5.063122623782179,37.64663739891648,-1.2671241343398458,0.0,0.0,0.0,0.0,0.0,0.0,0.0,0.0,28.743049252410984,-20.140266309531658,False,True,False,True,True,0.0,0,0.8433554813243909,1.0669482793314322,False,False,False,False,-0.34196081559365693,-0.33850248499127267,False,False,False,False,-28038465,-13288105.332948497,False,False,False,False,2706002.066597388,False,False,False,False
2022-07-27 00:00:00+00:00,31.6352554443,31.8566156132,30.9038044514,31.279154303,2644433,,,,,,,,,,,,,,,,,,,,,,,,,,,,,,,"rgba(239, 83, 80, 0.75)",0.0,0.0,5.064432964587008,37.59520071194043,-1.176823804227498,0.0,0.0,0.0,0.0,0.0,0.0,0.0,0.0,31.257180100428535,-21.607204380721292,False,True,False,True,True,0.0,0,0.8429042206046761,1.0419866438776493,False,False,False,False,-0.31002948202111835,-0.3242659835061955,False,False,False,False,-25394032,-13762847.555185812,False,False,False,False,2703587.5933974907,False,False,False,False
2022-07-28 00:00:00+00:00,32.0876001373,32.7805537096,31.5486362478,32.4244525683,3446805,,,,,,,,,,,,,,,,,,,,,,,,,,,,,,,"rgba(239, 83, 80, 0.75)",0.0,0.0,5.032574442768487,37.5531029301402,-1.0860252252589733,0.0,0.0,0.0,0.0,0.0,0.0,0.0,0.0,34.49498168484406,-18.66361699736083,False,True,False,True,True,0.0,0,0.8475847813077834,1.0266025298708061,False,False,False,False,-0.25546779628317584,-0.2898668898946857,False,False,False,False,-21947227,-14083803.611845192,False,False,False,False,2732733.3740485692,False,False,False,False
2022-07-29 00:00:00+00:00,33.0115382336,33.146279206,31.6833772202,32.3378333717,3371922,,,,,,,,,,,,,,,,,,,,,,,,,,,,,,,"rgba(239, 83, 80, 0.5)",0.0,0.0,4.974244950844265,37.51745966708193,-0.9058503306551384,0.0,0.0,0.0,0.0,0.0,0.0,0.0,0.0,39.44343312291667,-14.24411307757682,True,False,False,True,True,0.0,0,0.8457893027535835,1.0316639639198826,False,False,False,False,-0.23838429918024293,-0.2641255945374643,False,False,False,False,-18575305,-14259940.921184598,False,False,False,False,2757799.5946741155,False,False,False,False
2022-08-01 00:00:00+00:00,32.9634164578,33.3387663094,32.5976909613,33.1270304957,1745322,,,,,,,,,,,,,,,,,,,,,,,,,,,,,,,"rgba(239, 83, 80, 0.5)",0.0,0.0,4.899666418343455,37.5017864880971,-0.9262610232619664,0.0,0.0,0.0,0.0,0.0,0.0,0.0,0.0,42.609874259344096,-11.606434862427278,True,False,False,True,True,0.0,0,0.8659884067160811,1.0243238695390677,False,False,False,False,-0.20106858889219772,-0.232597091714831,False,False,False,False,-20320627,-14497614.885059712,False,False,False,False,2718094.590961405,False,False,False,False
2022-08-02 00:00:00+00:00,32.3474577269,33.4350098611,32.3282090166,33.1847766267,2372262,,,,,,,,,,,,,,,,,,,,,,,,,,,,,,,"rgba(239, 83, 80, 0.5)",0.0,0.0,4.7939489232753445,37.46842974599828,-1.0682158072722034,0.0,0.0,0.0,0.0,0.0,0.0,0.0,0.0,43.05849862199209,-11.44527263861594,True,False,False,True,True,0.0,0,0.8562643887051317,1.0610384102739414,False,False,False,False,-0.2068704506856434,-0.21973377120023718,False,False,False,False,-22692889,-14818998.183684822,False,False,False,False,2704532.528570762,False,False,False,False
2022-08-03 00:00:00+00:00,31.5293875374,32.578442251,31.2117838168,32.5303204751,3286721,,,,,,,,,,,,,,,,,,,,,,,,,,,,,,,"rgba(239, 83, 80, 0.5)",0.0,0.0,4.688732610460122,37.38609876950674,-1.2491032691949555,0.0,0.0,0.0,0.0,0.0,0.0,0.0,0.0,41.459084208010445,-11.44527263861594,True,False,False,True,True,0.0,0,0.82674841428457,1.0729960993633525,False,False,False,False,-0.2740304052628733,-0.24688208823155525,False,False,False,False,-25979610,-15256669.235305026,False,False,False,False,2727363.4490189673,False,False,False,False
2022-08-04 00:00:00+00:00,32.4918230545,32.9634164578,31.7122502857,31.8373669029,2309765,,,,,,,,,,,,,,,,,,,,,,,,,,,,,,,"rgba(239, 83, 80, 0.5)",0.0,0.0,4.558636082997816,37.344437339458594,-1.0644881926542054,0.0,0.0,0.0,0.0,0.0,0.0,0.0,0.0,43.348151037246176,-11.44527263861594,True,False,False,True,True,0.0,0,0.8236803294457423,1.0768783648253792,False,False,False,False,-0.24362579401256562,-0.24525394112206045,False,False,False,False,-23669845,-15586597.696665615,False,False,False,False,2710987.039253518,False,False,False,False
2022-08-05 00:00:00+00:00,32.4629499889,32.4725743441,31.1155402651,31.6833772202,1751160,,,,,,,,,,,,,,,,,,,,,,,,,,,,,,,"rgba(239, 83, 80, 0.5)",0.0,0.0,4.4248442159781805,37.306588298560015,-1.0946460650907355,0.0,0.0,0.0,0.0,0.0,0.0,0.0,0.0,44.53343765958874,-10.43079490686501,True,False,False,True,True,0.0,1,0.8119996013872245,1.0864147401788233,False,False,False,False,-0.28103851793515994,-0.2631462295286102,False,False,False,False,-25421005,-15972260.728168925,False,False,False,False,2673346.7632043604,False,False,False,False
2022-08-08 00:00:00+00:00,33.0019138785,33.425385506,32.9441677475,33.0596600095,2188596,,,,,,,,,,,,,,,,,,,,,,,,,,,,,,,#000000,0.0,0.0,4.233660903876534,37.28202209936107,-1.0109709582413675,0.0,0.0,0.0,0.0,0.0,0.0,0.0,0.0,46.88634117194495,-8.192876932843618,True,False,False,False,True,0.0,1,0.8292349726734435,1.0791443929633573,False,False,False,False,-0.1866212934150679,-0.22488376147183906,False,False,False,False,-23232409,-16256972.425103478,False,False,False,False,2654336.929353209,False,False,False,False
2022-08-09 00:00:00+00:00,32.8479241958,33.2906445336,32.3955795028,33.204025337,1596909,,,,,,,,,,,,,,,,,,,,,,,,,,,,,,,#000000,0.0,0.0,4.114605490396205,37.259482005958816,-1.0721703017350563,0.0,0.0,0.0,0.0,0.0,0.0,0.0,0.0,47.99060136018842,-7.119400103442153,True,False,False,False,True,0.0,0,0.8199810662049469,1.0791373291481956,False,False,False,False,-0.2094534479403258,-0.21716860470608243,False,False,False,False,-24829318,-16593142.839805303,False,False,False,False,2612869.1674177893,False,False,False,False
2022-08-10 00:00:00+00:00,33.3676393749,33.7237405162,32.7998024199,33.1174061405,2480018,,,,,,,,,,,,,,,,,,,,,,,,,,,,,,,"rgba(38, 166, 154, 1.0)",0.0,0.0,4.007172747186817,36.74142500284151,-0.8419366572878672,0.0,0.0,0.0,0.0,0.0,0.0,0.0,0.0,50.23918791131355,-4.937628612339104,True,False,True,False,True,0.0,0,0.8233751694016196,1.0758647103844203,False,False,False,False,-0.18150327968810154,-0.199335942197092,False,False,False,False,-22349300,-16818874.49314627,False,False,False,False,2607659.317715131,False,False,False,False
2022-08-11 00:00:00+00:00,32.3859551476,33.6371213197,32.3137724838,33.540877768,2692292,,,,,,,,,,,,,,,,,,,,,,,,,,,,,,,#000000,0.0,0.0,3.945237876130772,36.67229628403734,-1.0864594914213628,0.0,0.0,0.0,0.0,0.0,0.0,0.0,0.0,48.834112475384075,-4.937628612339104,True,False,False,False,True,0.0,0,0.8334050030354352,1.075920461450334,False,False,False,False,-0.20058570795363526,-0.1999608250753636,False,False,False,False,-25041592,-17141334.003218964,False,False,False,False,2610978.246432185,False,False,False,False
2022-08-12 00:00:00+00:00,32.8094267751,32.973040813,31.1541339294,32.2512141752,5515529,,,,,,,,,,,,,,,,,,,,,,,,,,,,,,,#000000,0.0,0.0,3.8984721696613494,36.53775454026771,-0.956356132072012,0.0,0.0,0.0,0.0,0.0,0.0,0.0,0.0,49.16086612125745,-4.937628612339104,True,False,False,False,True,0.0,0,0.8193198160450897,1.0731522460913916,False,False,False,False,-0.26240464518371887,-0.23118273512954124,False,False,False,False,-19526063,-17234852.787406456,False,False,False,False,2724882.197552492,False,False,False,False
2022-08-15 00:00:00+00:00,32.6554370923,32.8671729061,32.0491027166,32.1645949787,3224008,,,,,,,,,,,,,,,,,,,,,,,,,,,,,,,#000000,0.0,0.0,3.8555388517322187,36.488141875471634,-0.9940775934470679,0.0,0.0,0.0,0.0,0.0,0.0,0.0,0.0,48.92502376167407,-4.937628612339104,True,False,False,False,True,0.0,1,0.8228273171823206,1.1061540968714303,False,False,False,False,-0.2354416154529222,-0.23331217529123172,False,False,False,False,-22750071,-17451135.854566988,False,False,False,False,2744455.7584327864,False,False,False,False
2022-08-16 00:00:00+00:00,32.5591935406,32.8190511302,32.0298540063,32.5014474096,1788779,,,,,,,,,,,,,,,,,,,,,,,,,,,,,,,#000000,0.0,0.0,3.7957387658073514,36.460346817102476,-1.0277718033824448,0.0,0.0,0.0,0.0,0.0,0.0,0.0,0.0,48.47000732449098,-4.937628612339104,True,False,False,False,True,0.0,1,0.8167237510665999,1.1052016189005098,False,False,False,False,-0.230208737393821,-0.23176045634252634,False,False,False,False,-24538850,-17729085.428897694,False,False,False,False,2706978.238494246,False,False,False,False
2022-08-17 00:00:00+00:00,31.3561491444,32.4148282131,31.1251646203,32.24158982,5388330,,,,,,,,,,,,,,,,,,,,,,,,,,,,,,,"rgba(239, 83, 80, 0.5)",0.0,0.0,3.7653204917668908,36.328800602323824,-1.3206449407950367,0.0,0.0,0.0,0.0,0.0,0.0,0.0,0.0,44.9604105104041,-0.3715831961239786,True,False,False,True,False,0.0,1,0.8139608912438613,1.1006022621975344,False,False,False,False,-0.2780102083059801,-0.25488533232425326,False,False,False,False,-29927180,-18207442.078744844,False,False,False,False,2812129.28796506,False,False,False,False
2022-08-18 00:00:00+00:00,31.3465247892,31.7796207719,31.0675147328,31.3946465651,2329196,,,,,,,,,,,,,,,,,,,,,,,,,,,,,,,"rgba(239, 83, 80, 0.5)",0.0,0.0,3.7426514121471515,36.27227502813154,-1.3161124819010717,0.0,0.0,0.0,0.0,0.0,0.0,0.0,0.0,42.5982106090424,-2.6657216714899477,True,False,False,True,False,0.0,1,0.8090780350788725,1.1052334076960058,False,False,False,False,-0.303754694659546,-0.2793200134918996,False,False,False,False,-32256376,-18758380.663892105,False,False,False,False,2793190.7276527053,False,False,False,False
2022-08-19 00:00:00+00:00,30.7498147687,31.2021594617,30.490823371,31.1155402651,2417568,,,,,,,,,,,,,,,,,,,,,,,,,,,,,,,"rgba(239, 83, 80, 0.5)",0.0,0.0,3.705588495120411,36.20273442097957,-1.4715394489863287,0.0,0.0,0.0,0.0,0.0,0.0,0.0,0.0,39.65907597626726,-5.444220975688658,False,False,False,True,False,0.0,1,0.7992871062539865,1.1098144405975365,False,False,False,False,-0.34282825441539394,-0.3110741339536468,False,False,False,False,-34673944,-19382520.402563002,False,False,False,False,2778460.424607501,False,False,False,False
2022-08-22 00:00:00+00:00,30.9134288065,30.9230531617,30.2734091877,30.3359674963,2562972,,,,,,,,,,,,,,,,,,,,,,,,,,,,,,,"rgba(239, 83, 80, 0.5)",0.0,0.0,3.635361271938962,36.13106766810722,-1.4352463128992767,0.0,0.0,0.0,0.0,0.0,0.0,0.0,0.0,38.39641678135104,-6.626125788629459,False,False,False,True,False,0.0,1,0.813640767939208,1.1079640140173748,False,False,False,False,-0.34282825441539394,-0.32695119418452034,False,False,False,False,-32110972,-19881675.367168374,False,False,False,False,2770009.898152305,False,False,False,False
2022-08-23 00:00:00+00:00,31.2984030134,31.9624835201,31.0000480031,31.0770428444,3079586,,,,,,,,,,,,,,,,,,,,,,,,,,,,,,,"rgba(239, 83, 80, 0.5)",0.0,0.0,3.5907627281400196,36.070472623748586,-1.3289849459979413,0.0,0.0,0.0,0.0,0.0,0.0,0.0,0.0,39.1691963065544,-6.626125788629459,False,False,False,True,False,0.0,1,0.8299009780687078,1.1096609079125968,False,False,False,False,-0.2665552067608995,-0.2967532004727099,False,False,False,False,-29031386,-20240487.548848048,False,False,False,False,2782150.1374404496,False,False,False,False
2022-08-24 00:00:00+00:00,31.5871336685,31.6150442985,30.9134288065,31.2310325272,1688766,,,,,,,,,,,,,,,,,,,,,,,,,,,,,,,"rgba(239, 83, 80, 0.5)",0.0,0.0,3.5381614241143207,36.03775663465483,-1.2578914392717173,0.0,0.0,0.0,0.0,0.0,0.0,0.0,0.0,40.84355147982619,-6.626125788629459,False,False,False,True,False,0.0,1,0.8391718954456547,1.1140694155882085,False,False,False,False,-0.2748936315256027,-0.2858234159991563,False,False,False,False,-27342620,-20519002.54693244,False,False,False,False,2739272.3281290596,False,False,False,False
2022-08-25 00:00:00+00:00,31.7796207719,31.972986277,31.2285290822,31.972986277,1815483,,,,,,,,,,,,,,,,,,,,,,,,,,,,,,,"rgba(239, 83, 80, 0.5)",0.0,0.0,3.5127537105362014,36.007926308266605,-1.2037011088150495,0.0,0.0,0.0,0.0,0.0,0.0,0.0,0.0,42.72698235820418,-6.626125788629459,True,False,False,True,True,0.0,1,0.8646152264947509,1.0890613663574138,False,False,False,False,-0.2399693366328844,-0.26289637631602036,False,False,False,False,-25527137,-20715399.976464503,False,False,False,False,2703045.2956534103,False,False,False,False
2022-08-26 00:00:00+00:00,30.6097594657,31.9826545523,30.3293794832,31.7989573224,2218758,,,,,,,,,,,,,,,,,,,,,,,,,,,,,,,"rgba(239, 83, 80, 0.5)",0.0,0.0,3.5180533892865142,35.9598591679468,-1.5207556879436213,0.0,0.0,0.0,0.0,0.0,0.0,0.0,0.0,40.63311304930427,-6.626125788629459,False,False,False,True,True,0.0,1,0.860039949469595,1.086899357858568,False,False,False,False,-0.2848670079493999,-0.27388169213271013,False,False,False,False,-27745895,-20991105.66366197,False,False,False,False,2684053.6370003354,False,False,False,False
2022-08-29 00:00:00+00:00,30.3100429327,30.8611346224,30.1746870791,30.3293794832,1777744,,,,,,,,,,,,,,,,,,,,,,,,,,,,,,,"rgba(239, 83, 80, 0.5)",0.0,0.0,3.526433774936783,35.91515451528409,-1.5894560738446215,0.0,0.0,0.0,0.0,0.0,0.0,0.0,0.0,38.53974393248771,-6.626125788629459,False,False,False,True,False,0.0,0,0.8520084181154075,1.1009121921486598,False,False,False,False,-0.34282825441539394,-0.30835497327405204,False,False,False,False,-29523639,-21325714.8141066,False,False,False,False,2648512.0826081657,False,False,False,False
2022-08-30 00:00:00+00:00,29.8266291698,30.39705741,29.6139271142,30.3873891348,2466644,,,,,,,,,,,,,,,,,,,,,,,,,,,,,,,"rgba(239, 83, 80, 1.0)",0.0,0.0,3.568104378212951,35.84589209965855,-1.6869638025760993,0.0,0.0,0.0,0.0,0.0,0.0,0.0,0.0,36.085606895425954,-8.731473339426962,False,True,False,True,False,0.0,0,0.8391712375226219,1.1006444652786773,False,False,False,False,-0.34282825441539394,-0.325591613844723,False,False,False,False,-31990283,-21743933.17433771,False,False,False,False,2641380.0009372574,False,False,False,False
2022-08-31 00:00:00+00:00,29.4882395358,30.0683360513,29.381888508,29.5752540131,3216645,,,,,,,,,,,,,,,,,,,,,,,,,,,,,,,"rgba(239, 83, 80, 1.0)",0.0,0.0,3.6101260687849748,35.75295350889142,-1.7353172309574991,0.0,0.0,0.0,0.0,0.0,0.0,0.0,0.0,33.758931170494584,-10.931899730058284,False,True,False,True,False,0.0,0,0.8283232260161055,1.1208114744172684,False,False,False,False,-0.34282825441539394,-0.3342099341300585,False,False,False,False,-35206928,-22271893.75573623,False,False,False,False,2663939.412665208,False,False,False,False
2022-09-01 00:00:00+00:00,28.7727871667,29.2853024381,28.6712702765,29.0144940482,3490289,,,,,,,,,,,,,,,,,,,,,,,,,,,,,,,"rgba(239, 83, 80, 1.0)",0.0,0.0,3.6615864244492182,34.8919330717371,-1.671173419307603,0.0,0.0,0.0,0.0,0.0,0.0,0.0,0.0,30.90914202834189,-13.604010214307863,False,True,False,True,False,0.0,0,0.8185610092858894,1.1260663975594871,False,False,False,False,-0.34282825441539394,-0.3385190942727262,False,False,False,False,-38697217,-22916024.079040695,False,False,False,False,2696345.2788352,False,False,False,False
2022-09-02 00:00:00+00:00,30.1166774275,30.5614180894,29.1691864523,29.3528836822,4212796,,,,,,,,,,,,,,,,,,,,,,,,,,,,,,,"rgba(239, 83, 80, 0.75)",0.0,0.0,3.675869745231115,34.86709706124654,-1.2923253442017333,0.0,0.0,0.0,0.0,0.0,0.0,0.0,0.0,34.41056807455219,-13.604010214307863,False,True,False,True,True,0.0,0,0.8449513950195475,1.0833187578051786,False,False,False,False,-0.2632490663238797,-0.30088408029830294,False,False,False,False,-34484421,-23369686.70339204,False,False,False,False,2755813.934567153,False,False,False,False
2022-09-06 00:00:00+00:00,29.8266291698,30.6518164631,29.6671026281,30.2520332812,2605019,,,,,,,,,,,,,,,,,,,,,,,,,,,,,,,"rgba(239, 83, 80, 0.75)",0.0,0.0,3.703442776257187,34.832623130127004,-1.3517135980662338,0.0,0.0,0.0,0.0,0.0,0.0,0.0,0.0,36.06953422028979,-13.604010214307863,False,True,False,True,True,0.0,0,0.8521583163451025,1.077050703113106,False,False,False,False,-0.23760615270831706,-0.26924511650331,False,False,False,False,-37089440,-23907716.24443549,False,False,False,False,2749900.4077213826,False,False,False,False
2022-09-07 00:00:00+00:00,30.9674856502,31.2672021832,29.681605041,29.7782877935,2954618,,,,,,,,,,,,,,,,,,,,,,,,,,,,,,,"rgba(239, 83, 80, 0.5)",0.0,0.0,3.676701876555186,34.81216439432659,-1.0456868338013803,0.0,0.0,0.0,0.0,0.0,0.0,0.0,0.0,40.70491849495516,-15.539608880724863,True,False,False,True,True,0.0,0,0.8347925104225937,1.076255308014143,False,False,False,False,-0.21048623989511694,-0.23986567819921348,False,False,False,False,-34134822,-24308779.21524194,False,False,False,False,2757928.548595054,False,False,False,False
2022-09-08 00:00:00+00:00,31.33488011,31.4315628626,30.5904229152,30.7161104935,2307776,,,,,,,,,,,,,,,,,,,,,,,,,,,,,,,"rgba(239, 83, 80, 0.5)",0.0,0.0,3.638609573234119,34.80440503799455,-0.9535304236861878,0.0,0.0,0.0,0.0,0.0,0.0,0.0,0.0,44.76688986327302,-11.87455786519891,True,False,False,True,True,0.0,0,0.8518265225144381,1.0771866364578742,False,False,False,False,-0.14961860892169848,-0.194742143560456,False,False,False,False,-31827046,-24603613.20680108,False,False,False,False,2740275.5074736793,False,False,False,False
2022-09-09 00:00:00+00:00,31.9536497265,32.0600007543,31.4895725141,31.7312793956,2121746,,,,,,,,,,,,,,,,,,,,,,,,,,,,,,,#000000,0.0,0.0,3.5839768647581036,34.810527697232956,-0.7971251150712374,0.0,0.0,0.0,0.0,0.0,0.0,0.0,0.0,49.00499873252309,-8.080779209812064,True,False,False,False,True,0.0,0,0.8751091905431868,1.0540740576366443,False,False,False,False,-0.03636652674126512,-0.11555433515086055,False,False,False,False,-29705300,-24803679.35555398,False,False,False,False,2716019.4483570647,False,False,False,False
2022-09-12 00:00:00+00:00,32.611092444,32.9591503533,32.3210441863,32.7271117471,3370877,,,,,,,,,,,,,,,,,,,,,,,,,,,,,,,"rgba(38, 166, 154, 1.0)",0.0,0.0,3.4988453509397672,34.6177404981578,-0.5735172186500976,0.0,0.0,0.0,0.0,0.0,0.0,0.0,0.0,53.27945859904325,-4.274259815619843,True,False,True,False,True,0.0,0,0.9065831602229529,1.0265736626729767,False,False,False,False,0.07759557580230675,-0.018979379674276903,False,False,False,False,-26334423,-24863708.518081278,False,False,False,False,2741700.1366567877,False,False,False,False
2022-09-13 00:00:00+00:00,31.4895725141,32.4370634894,31.3977238992,31.6249283677,2208843,,,,,,,,,,,,,,,,,,,,,,,,,,,,,,,"rgba(38, 166, 154, 1.0)",0.0,0.0,3.422080642906464,34.57738709653164,-0.9023208114140391,0.0,0.0,0.0,0.0,0.0,0.0,0.0,0.0,52.811598391072785,-4.274259815619843,True,False,True,False,True,0.0,0,0.8976649291739639,1.0323583577606077,False,False,False,False,0.033453147163120686,0.007236883744421892,False,False,False,False,-28543266,-25008004.889921226,False,False,False,False,2720803.778356522,False,False,False,False
2022-09-14 00:00:00+00:00,31.5765869915,32.1277753639,31.4412311378,31.673269744,1437285,,,,,,,,,,,,,,,,,,,,,,,,,,,,,,,"rgba(38, 166, 154, 1.0)",0.0,0.0,3.3432449639597785,34.55966541251467,-0.8922703700064725,0.0,0.0,0.0,0.0,0.0,0.0,0.0,0.0,52.717080511639914,-4.274259815619843,True,False,True,False,True,0.0,0,0.913591408045862,1.0356752616717668,False,False,False,False,0.03987084846426079,0.02355386610434134,False,False,False,False,-27105981,-25090278.46286549,False,False,False,False,2670469.7086170507,False,False,False,False
2022-09-15 00:00:00+00:00,30.6290960162,31.6229947127,30.1940236296,31.2188608069,3016587,,,,,,,,,,,,,,,,,,,,,,,,,,,,,,,#000000,0.0,0.0,3.2660400344689493,34.48301728428295,-1.1799981713052061,0.0,0.0,0.0,0.0,0.0,0.0,0.0,0.0,50.20885746505719,-4.274259815619843,True,False,False,False,True,0.0,0,0.9013694084066091,1.0246851986103944,False,False,False,False,-0.07574781398049237,-0.026096973938075512,False,False,False,False,-30122568,-25287623.150596257,False,False,False,False,2684042.9357301076,False,False,False,False
2022-09-16 00:00:00+00:00,31.035163577,31.4412311378,30.0489995007,30.1456822533,3352653,,,,,,,,,,,,,,,,,,,,,,,,,,,,,,,#000000,0.0,0.0,3.206541978301488,34.421760653506446,-1.0561524219621585,0.0,0.0,0.0,0.0,0.0,0.0,0.0,0.0,49.66518238145942,-4.274259815619843,True,False,False,False,True,0.0,0,0.8844921255565567,1.0278169674293407,False,False,False,False,-0.09744528613420156,-0.06177113003613854,False,False,False,False,-26769915,-25345752.24272974,False,False,False,False,2710262.9382504956,False,False,False,False
2022-09-19 00:00:00+00:00,31.3638849358,31.3832214863,30.4695694745,30.5614180894,2135226,,,,,,,,,,,,,,,,,,,,,,,,,,,,,,,#000000,0.0,0.0,3.1363754821048633,34.395170163085524,-0.966493088783868,0.0,0.0,0.0,0.0,0.0,0.0,0.0,0.0,50.196386113389394,-4.274259815619843,True,False,False,False,True,0.0,0,0.8906372111730094,1.0320436145262022,False,False,False,False,-0.06266328450173776,-0.062217207268938146,False,False,False,False,-24634689,-25317867.409681514,False,False,False,False,2687712.4700838095,False,False,False,False
2022-09-20 00:00:00+00:00,30.6677691172,30.8708028976,30.2357905787,30.8127932461,1957211,,,,,,,,,,,,,,,,,,,,,,,,,,,,,,,#000000,0.0,0.0,3.0040619405626665,34.36030833937061,-1.2291821191539722,0.0,0.0,0.0,0.0,0.0,0.0,0.0,0.0,48.70016782507295,-4.274259815619843,True,False,False,False,False,0.0,0,0.8793147111370384,1.0235498965854561,False,False,False,False,-0.11429204361029988,-0.08825462543961901,False,False,False,False,-26591900,-25367829.472046945,False,False,False,False,2659065.353609935,False,False,False,False
2022-09-21 00:00:00+00:00,30.6290960162,31.4605676884,30.1070091523,30.7934566956,3285690,,,,,,,,,,,,,,,,,,,,,,,,,,,,,,,#000000,0.0,0.0,2.897195361088613,34.312414779722914,-1.271339452282886,0.0,0.0,0.0,0.0,0.0,0.0,0.0,0.0,47.60252036390179,-4.274259815619843,True,False,False,False,False,0.0,0,0.8923210601536816,1.0079928954773811,False,False,False,False,-0.08234278712356734,-0.08529870628159317,False,False,False,False,-29877590,-25544682.82608432,False,False,False,False,2683638.8691546433,False,False,False,False
2022-09-22 00:00:00+00:00,30.3777208595,31.296207009,30.2520332812,30.7644518698,1952862,,,,,,,,,,,,,,,,,,,,,,,,,,,,,,,"rgba(239, 83, 80, 0.5)",0.0,0.0,2.801250700691871,34.28392125569211,-1.3944486993710807,0.0,0.0,0.0,0.0,0.0,0.0,0.0,0.0,46.19120280307228,-4.274259815619843,True,False,False,True,False,0.0,0,0.8874205415021057,1.0266964700854777,False,False,False,False,-0.053348231703157056,-0.06932346899237511,False,False,False,False,-31830452,-25791183.57800258,False,False,False,False,2654980.952717206,False,False,False,False
2022-09-23 00:00:00+00:00,29.043498874,29.7009415915,28.4924071843,29.5849222884,4426590,,,,,,,,,,,,,,,,,,,,,,,,,,,,,,,"rgba(239, 83, 80, 0.5)",0.0,0.0,2.699748944540302,34.15599159467612,-1.8936919045806468,0.0,0.0,0.0,0.0,0.0,0.0,0.0,0.0,42.24793309362572,-1.6030039170142487,False,False,False,True,False,0.0,0,0.8993160925179398,1.0275654484592198,False,False,False,False,-0.32249232755303087,-0.195907898272703,False,False,False,False,-36257042,-26201609.39847307,False,False,False,False,2724455.817316531,False,False,False,False
2022-09-26 00:00:00+00:00,28.1153444492,29.2465326544,27.6706037874,28.8791381946,3851160,,,,,,,,,,,,,,,,,,,,,,,,,,,,,28.344160296999995,,"rgba(239, 83, 80, 1.0)",0.0,0.0,2.6244223602896204,33.51516509487806,-2.0575272972000422,0.0,0.0,0.0,0.0,0.0,0.0,0.0,0.0,38.048392366226324,-5.6418597904064,False,True,False,True,False,0.0,0,0.8763792229744836,1.036646265675921,False,False,False,False,-0.34282825441539394,-0.26936807634404847,False,False,False,False,-40108202,-26746965.971081972,False,False,False,False,2768640.295068824,True,False,False,False
2022-09-27 00:00:00+00:00,28.5407485606,29.120845076,28.4924071843,28.4924071843,2231057,,,,,,,,,,,,,,,,,,,,,,,,,,,,,28.48129093484926,,"rgba(239, 83, 80, 1.0)",0.0,0.0,2.5712315631248175,33.47437674943366,-1.9187801906250017,0.0,0.0,0.0,0.0,0.0,0.0,0.0,0.0,36.765153936472345,-6.881845753602711,False,True,False,True,False,0.0,0,0.8785881984341236,1.0381887396617822,False,False,False,False,-0.29004252787993334,-0.2797053021119909,False,False,False,False,-37877145,-27183443.580059152,False,False,False,False,2747558.597222988,False,False,False,False
2022-09-28 00:00:00+00:00,30.3100429327,30.3293794832,29.0628354245,29.0725036997,3083651,,,,,,,,,,,,,,,,,,,,,,,,,,,,,28.958837024835525,,"rgba(239, 83, 80, 0.5)",0.0,0.0,2.4116869075113234,33.47594812326851,-1.3127347421044306,0.0,0.0,0.0,0.0,0.0,0.0,0.0,0.0,40.91728669047549,-6.881845753602711,False,False,False,True,True,0.0,0,0.8837229177951783,1.0016127772529186,False,False,False,False,-0.1613372707097404,-0.22052128641086566,False,False,False,False,-34793494,-27481876.929860756,False,False,False,False,2760738.691449538,False,False,False,False
2022-09-29 00:00:00+00:00,30.6774373925,30.7644518698,29.8798046837,30.1843553544,3340641,,,,,,,,,,,,,,,,,,,,,,,,,,,,,29.35462453444375,,"rgba(239, 83, 80, 0.5)",0.0,0.0,2.3211949668712073,33.48143404835265,-1.2079970428473825,0.0,0.0,0.0,0.0,0.0,0.0,0.0,0.0,44.52430313759111,-12.285435090615273,True,False,False,True,True,0.0,0,0.9220604202111816,0.9888856733640519,False,False,False,False,-0.07406652604374887,-0.14729390622730726,False,False,False,False,-31452853,-27637601.48163092,False,False,False,False,2783479.958451517,False,False,False,False
2022-09-30 00:00:00+00:00,31.2865387337,32.011659378,30.5904229152,30.6097594657,3115313,,,,,,,,,,,,,,,,,,,,,,,,,,,,,29.741816062003945,,#000000,0.0,0.0,2.2512360629384642,33.506922261437545,-0.9862952909697763,0.0,0.0,0.0,0.0,0.0,0.0,0.0,0.0,48.26255029234372,-8.848134311287438,True,False,False,False,True,0.0,0,0.936282654926187,0.9492419888003732,False,False,False,False,0.06065363821416366,-0.043320134006571795,False,False,False,False,-28337540,-27665050.050978728,False,False,False,False,2796493.018904399,False,False,False,False
2022-10-03 00:00:00+00:00,32.5144096914,32.7077751966,31.7358273523,31.9246449007,3302752,,,,,,,,,,,,,,,,,,,,,,,,,,,,,30.191649902304714,,"rgba(38, 166, 154, 1.0)",0.0,0.0,2.1738861050397604,33.558563434475914,-0.48031667374626297,0.0,0.0,0.0,0.0,0.0,0.0,0.0,0.0,53.04560746699415,-4.475136756246435,True,False,True,False,True,0.0,0,0.9483968597678533,0.9395707341095423,False,False,False,False,0.1893296995593888,0.07300478277640851,False,False,False,False,-25034788,-27561902.519567795,False,False,False,False,2816346.3122806973,False,False,False,False
2022-10-04 00:00:00+00:00,33.6455978966,34.1193433842,32.7271117471,33.0558331059,5743442,,,,,,,,,,,,,,,,,,,,,,,,,,,,,30.961314660806707,,"rgba(38, 166, 154, 1.0)",0.0,0.0,2.095583834011487,33.66718749586996,-0.010302426903451805,0.0,0.0,0.0,0.0,0.0,0.0,0.0,0.0,57.92875805611594,-0.07476944585688017,True,False,True,False,True,0.0,0,0.9745634681528789,0.8941763050980497,False,False,False,False,0.3428282394967953,0.20791651113660192,False,False,False,False,-19291346,-27237566.969780825,False,True,False,False,2931134.378465768,False,False,False,False
2022-10-05 00:00:00+00:00,32.9881551791,32.9978234543,32.142181094,32.9204772523,2655160,,,,,,,,,,,,,,,,,,,,,,,,,,,,,31.131185492287408,,"rgba(38, 166, 154, 1.0)",0.0,0.0,2.024527287925843,33.66871136618989,-0.3361556009388892,0.0,0.0,0.0,0.0,0.0,0.0,0.0,0.0,59.37965147379401,1.1422702296165497,True,False,True,False,True,0.0,0,0.949249503563764,0.9003319964683275,False,False,False,False,0.22005714868600698,0.21398682991130447,False,False,False,False,-21946506,-27030074.3827306,False,False,False,False,2920311.8538200515,False,False,False,False
2022-10-06 00:00:00+00:00,33.3072082626,33.471568942,32.6787703708,32.7077751966,2526281,,,,,,,,,,,,,,,,,,,,,,,,,,,,,31.30225890574353,,"rgba(38, 166, 154, 1.0)",0.0,0.0,1.9252646161711564,33.69367322902152,-0.20073342810927344,0.0,0.0,0.0,0.0,0.0,0.0,0.0,0.0,60.86167653855334,2.5672109192309662,True,False,True,False,True,0.0,0,0.9532866934612984,0.9022095283296898,False,False,False,False,0.2917332301551117,0.2528600300332081,False,False,False,False,-19420225,-26731648.916741163,False,False,False,False,2904859.663474167,False,False,False,False
2022-10-07 00:00:00+00:00,31.1995242564,32.9591503533,31.1705194306,32.7271117471,3091398,,,,,,,,,,,,,,,,,,,,,,,,,,,,,31.346755403761993,,"rgba(38, 166, 154, 1.0)",0.0,0.0,1.8499709591630806,33.6626235228632,-1.3314259092896765,0.0,0.0,0.0,0.0,0.0,0.0,0.0,0.0,56.97136836066659,2.5672109192309662,True,False,True,False,True,0.0,0,0.9108214226327503,0.9225326961905731,False,False,False,False,0.15054280600780323,0.20170141802050567,False,False,False,False,-22511623,-26566157.704319943,False,False,False,False,2912174.8923575333,False,False,False,False
2022-10-10 00:00:00+00:00,30.7934566956,31.6636014688,30.5904229152,30.9384808244,2013481,,,,,,,,,,,,,,,,,,,,,,,,,,,,,31.327692876014055,,"rgba(38, 166, 154, 0.75)",0.0,0.0,1.8049900671796373,33.62807952965185,-1.5704368049410105,0.0,0.0,0.0,0.0,0.0,0.0,0.0,0.0,53.617964346039315,2.5672109192309662,True,False,True,False,False,0.0,0,0.8977880903646058,0.9508927115831022,False,False,False,False,0.024747010323082342,0.11322421417179401,False,False,False,False,-24525104,-26486116.38258191,False,False,False,False,2876931.9946180223,False,False,False,False
2022-10-11 00:00:00+00:00,30.6677691172,31.5669187162,30.5614180894,30.7547835946,2020570,,,,,,,,,,,,,,,,,,,,,,,,,,,,,31.30607135213485,,#000000,0.0,0.0,1.724302614916532,33.59619019791118,-1.6983220087808857,0.0,0.0,0.0,0.0,0.0,0.0,0.0,0.0,51.139467522104425,9.76980451653094,True,False,False,False,False,0.0,0,0.881929243670774,0.9561223057164594,False,False,False,False,0.016388996735473785,0.0648066054536339,False,False,False,False,-26545674,-26488451.975421835,False,False,False,False,2843349.1712996685,False,False,False,False
2022-10-12 00:00:00+00:00,30.957817375,31.1221780543,30.4260622358,30.6000911904,1987868,,,,,,,,,,,,,,,,,,,,,,,,,,,,,31.28205543289469,,#000000,0.0,0.0,1.6098137814141502,33.56623134428417,-1.6203203124480596,0.0,0.0,0.0,0.0,0.0,0.0,0.0,0.0,50.16765452470424,8.683991187360888,True,False,False,False,False,0.0,0,0.8834220156601599,0.9652383858987762,False,False,False,False,-0.022175013136111886,0.021315796158761006,False,False,False,False,-24557806,-26412740.368542545,False,False,False,False,2809800.8900722307,False,False,False,False
2022-10-13 00:00:00+00:00,30.8804711729,30.9191442739,28.7727871667,29.9716532987,3061776,,,,,,,,,,,,,,,,,,,,,,,,,,,,,31.20255007169536,,#000000,0.0,0.0,1.5211002632897768,33.250149971720646,-1.5578715328702908,0.0,0.0,0.0,0.0,0.0,0.0,0.0,0.0,49.3428762749605,7.61221265407071,True,False,False,False,False,0.0,0,0.8751705102367084,0.9538307705200126,False,False,False,False,-0.1466011823319927,-0.06264269308661585,False,False,False,False,-27619582,-26460067.4913448,False,False,False,False,2819682.2669321434,False,False,False,False
2022-10-14 00:00:00+00:00,29.681605041,30.6871056678,29.5075760863,30.6774373925,2702443,,,,,,,,,,,,,,,,,,,,,,,,,,,,,31.12739935338977,,"rgba(239, 83, 80, 0.5)",0.0,0.0,1.454314654078189,33.19204511259636,-2.4138105613887504,0.0,0.0,0.0,0.0,0.0,0.0,0.0,0.0,46.281311549119266,4.404546559055923,False,False,False,True,False,0.0,0,0.8788899141777626,0.9642168873795572,False,False,False,False,-0.11261584024117512,-0.08762926666389548,False,False,False,False,-30322025,-26611516.805409707,False,False,False,False,2815084.648621079,False,False,False,False
2022-10-17 00:00:00+00:00,30.3100429327,30.8998077234,30.1746870791,30.5034084379,2054857,,,,,,,,,,,,,,,,,,,,,,,,,,,,,31.09815078581933,,"rgba(239, 83, 80, 0.5)",0.0,0.0,1.4206846361609244,33.17388920292913,-2.015821243740639,0.0,0.0,0.0,0.0,0.0,0.0,0.0,0.0,45.90573909152135,3.7331671051668494,False,False,False,True,False,0.0,0,0.8921880093490144,0.9438079216760422,False,False,False,False,-0.0537127498316303,-0.07067100824776289,False,False,False,False,-28267168,-26676444.30323678,False,False,False,False,2785271.7996555464,False,False,False,False
2022-10-18 00:00:00+00:00,30.7934566956,31.0448318523,30.319711208,30.7161104935,2314982,,,,,,,,,,,,,,,,,,,,,,,,,,,,,31.080289026996407,,"rgba(239, 83, 80, 0.5)",0.0,0.0,1.3431646685000078,33.16094791269404,-1.7626217191507578,0.0,0.0,0.0,0.0,0.0,0.0,0.0,0.0,46.86171181905661,3.7331671051668494,False,False,False,True,False,0.0,0,0.8707709018940866,0.9494082819684404,False,False,False,False,-0.034395257375464665,-0.05253313281161377,False,False,False,False,-25952186,-26648042.01683534,False,False,False,False,2766829.0624141525,False,False,False,False
2022-10-19 00:00:00+00:00,30.0489995007,30.3777208595,29.5172443616,30.3777208595,2838756,,,,,,,,,,,,,,,,,,,,,,,,,,,,,31.020220380980746,,"rgba(239, 83, 80, 0.5)",0.0,0.0,1.3312944853205437,33.11328085883758,-2.3017306778670927,0.0,0.0,0.0,0.0,0.0,0.0,0.0,0.0,45.86441756319183,2.985548730265606,False,False,False,True,False,0.0,0,0.8600971189182158,0.9517468458598453,False,False,False,False,-0.13284018113177548,-0.09268665697169462,False,False,False,False,-28790942,-26732077.31029278,False,False,False,False,2769649.7266332055,False,False,False,False
2022-10-20 00:00:00+00:00,30.2713698317,30.9770572427,29.7009415915,30.0103263997,2295731,,,,,,,,,,,,,,,,,,,,,,,,,,,,,30.990428496395793,,"rgba(239, 83, 80, 0.5)",0.0,0.0,1.3174450476073303,33.08804965508513,-2.1379865737099437,0.0,0.0,0.0,0.0,0.0,0.0,0.0,0.0,45.797883134811315,2.4745891111396077,False,False,False,True,False,0.0,0,0.8571682841183824,0.9491944011888965,False,False,False,False,-0.08018759782518695,-0.08643712739844078,False,False,False,False,-26495211,-26722788.435379338,False,False,False,False,2751064.6785299424,False,False,False,False
2022-10-21 00:00:00+00:00,31.6055918172,31.673269744,30.2810381069,30.3390477585,3392456,,,,,,,,,,,,,,,,,,,,,,,,,,,,,31.00197956018811,,#000000,0.0,0.0,1.285015034276945,33.08590078454721,-1.151977936336096,0.0,0.0,0.0,0.0,0.0,0.0,0.0,0.0,48.91000110595887,2.4745891111396077,True,False,False,False,False,0.0,0,0.8754034069366526,0.9357272657804663,False,False,False,False,0.0048198942550536274,-0.04080861657169358,False,False,False,False,-23102755,-26580826.339874264,False,False,False,False,2776217.2793719056,False,False,False,False
2022-10-24 00:00:00+00:00,31.5862552667,31.6708526752,30.8437317269,31.1801877059,2414927,,,,,,,,,,,,,,,,,,,,,,,,,,,,,31.016659568642304,,#000000,0.0,0.0,1.2537536651286758,33.08659089864817,-1.1966749718687244,0.0,0.0,0.0,0.0,0.0,0.0,0.0,0.0,50.93382727385314,2.4745891111396077,True,False,False,False,True,0.0,0,0.903179490827923,0.9231243659222577,False,False,False,False,0.04208616693979013,0.0006387751840482743,False,False,False,False,-25517682,-26539134.404977236,False,False,False,False,2762049.0331220273,False,False,False,False
2022-10-25 00:00:00+00:00,31.9246449007,32.2146931585,31.5475821657,31.5669187162,2201531,,,,,,,,,,,,,,,,,,,,,,,,,,,,,31.047750436073162,,"rgba(38, 166, 154, 1.0)",0.0,0.0,1.2323438684108954,33.09735618133742,-0.9516104317130472,0.0,0.0,0.0,0.0,0.0,0.0,0.0,0.0,53.0428725707346,-3.107041886452059,True,False,True,False,True,0.0,0,0.8995957613778418,0.9116048058183336,False,False,False,False,0.1256522590095073,0.06314551709677779,False,False,False,False,-23316151,-26412742.8988997,False,False,False,False,2740067.9337839084,False,False,False,False
2022-10-26 00:00:00+00:00,32.6787703708,33.2782034368,32.2146931585,32.3693855626,2917480,,,,,,,,,,,,,,,,,,,,,,,,,,,,,31.122800656213915,,"rgba(38, 166, 154, 1.0)",0.0,0.0,1.2200202949732977,33.131150449007876,-0.3707971744992774,0.0,0.0,0.0,0.0,0.0,0.0,0.0,0.0,56.021989913559736,-0.12290163863863768,True,False,True,False,True,0.0,0,0.9074094278160254,0.888286860133911,False,False,False,False,0.24480509741550635,0.15397530725614206,False,False,False,False,-20398671,-26176896.942080103,False,False,False,False,2747025.2697139513,False,False,False,False
2022-10-27 00:00:00+00:00,32.6014241688,32.9881551791,32.3597172873,32.6304289945,1887618,,,,,,,,,,,,,,,,,,,,,,,,,,,,,31.165791366626937,,"rgba(38, 166, 154, 1.0)",0.0,0.0,1.1975002070712075,33.14884083352138,-0.45713283512512226,0.0,0.0,0.0,0.0,0.0,0.0,0.0,0.0,57.75385828614684,1.6388239300358123,True,False,True,False,True,0.0,0,0.9269923277304858,0.8872407180340173,False,False,False,False,0.23460073221191702,0.19428801973402954,False,False,False,False,-22286289,-26024324.081606373,False,False,False,False,2713323.023842816,False,False,False,False
2022-10-28 00:00:00+00:00,32.2823710853,32.4177269389,31.5862552667,32.2533662595,1873375,,,,,,,,,,,,,,,,,,,,,,,,,,,,,31.191061738031262,,"rgba(38, 166, 154, 1.0)",0.0,0.0,1.1911450587750476,33.15551778853401,-0.7330313774981714,0.0,0.0,0.0,0.0,0.0,0.0,0.0,0.0,57.82939696072273,1.898663944460786,True,False,True,False,True,0.0,0,0.9117254425238286,0.8835117400361411,False,False,False,False,0.14200829284390856,0.16814815628896906,False,False,False,False,-24159664,-25951200.156837497,False,False,False,False,2680383.8856529016,False,False,False,False
2022-10-31 00:00:00+00:00,31.6055918172,32.1663517822,31.595923542,31.895640075,2282476,,,,,,,,,,,,,,,,,,,,,,,,,,,,,31.21023894039245,,"rgba(38, 166, 154, 1.0)",0.0,0.0,1.1837746558726279,33.15652161693424,-1.3101562802009497,0.0,0.0,0.0,0.0,0.0,0.0,0.0,0.0,55.75704136820848,1.898663944460786,True,False,True,False,True,0.0,0,0.922192459761348,0.877971535891634,False,False,False,False,0.1256522590095078,0.14690020764923845,False,False,False,False,-26442140,-25970452.699706618,False,False,False,False,2664779.654842984,False,False,False,False
2022-11-01 00:00:00+00:00,31.9053083502,32.7078718793,31.7216111203,32.4564000399,2903814,,,,,,,,,,,,,,,,,,,,,,,,,,,,,31.245558778896807,,"rgba(38, 166, 154, 1.0)",0.0,0.0,1.1766817676738357,33.16434485006657,-1.069988959169089,0.0,0.0,0.0,0.0,0.0,0.0,0.0,0.0,55.19462328771428,1.898663944460786,True,False,True,False,True,0.0,0,0.9267342246093841,0.8627098209531757,False,False,False,False,0.1709915207693265,0.15894586420928247,False,False,False,False,-23538326,-25875075.182071067,False,False,False,False,2674153.5507314946,False,False,False,False
2022-11-02 00:00:00+00:00,30.3003746574,32.4854048657,30.1650188038,31.9439814512,3858649,,,,,,,,,,,,,,,,,,,,,,,,,,,,,31.2325936445422,,#000000,0.0,0.0,1.1719428725433887,33.139162426169925,-2.422291935279316,0.0,0.0,0.0,0.0,0.0,0.0,0.0,0.0,50.6695249684808,6.366080147770575,True,False,False,False,False,0.0,1,0.8910969956432008,0.8859047652975832,False,False,False,False,0.051135070018760914,0.1050404671140217,False,False,False,False,-27396975,-25934757.527872205,False,False,False,False,2720604.352663593,False,False,False,False
2022-11-03 00:00:00+00:00,29.6526002152,30.0683360513,29.3407983381,29.8846388214,3512877,,,,,,,,,,,,,,,,,,,,,,,,,,,,,31.16596561428103,,"rgba(239, 83, 80, 0.5)",0.0,0.0,1.1873984618683278,32.84144241311635,-2.685570430080246,0.0,0.0,0.0,0.0,0.0,0.0,0.0,0.0,46.36605337683999,2.321154737066024,False,False,False,True,False,0.0,1,0.8784763549158687,0.9173984904799594,False,False,False,False,-0.1658617616556078,-0.030410647270793047,True,False,False,False,-30909852,-26129859.271877218,False,False,False,False,2751673.868245413,True,False,False,False
2022-11-04 00:00:00+00:00,33.1621841337,33.2782034368,31.1705194306,31.1995242564,4260015,,,,,,,,,,,,,,,,,,,,,,,,,,,,,31.234087038286944,,#000000,0.0,0.0,1.206558087809876,32.97347891839227,0.15639961077238262,0.0,0.0,0.0,0.0,0.0,0.0,0.0,0.0,50.88274105372987,2.321154737066024,True,False,False,False,True,0.4818482412320826,0,0.884055654745646,0.8863917108829108,False,False,False,False,0.1723084432171783,0.07094889797319263,False,False,False,False,-26649837,-26150250.555333015,False,False,False,False,2810824.50086324,False,False,False,False
2022-11-07 00:00:00+00:00,33.0848379316,33.5295785935,32.6014241688,33.2878717121,2098591,,,,,,,,,,,,,,,,,,,,,,,,,,,,,31.27799790001854,,"rgba(38, 166, 154, 1.0)",0.0,0.0,1.2235606909977972,33.01708816629373,0.05537098879093467,0.0,0.0,0.0,0.0,0.0,0.0,0.0,0.0,53.72298199540816,-2.9542484885556206,True,False,True,False,True,0.3078831787786349,0,0.9206122770115661,0.8811167272991991,False,False,False,False,0.29033595829899594,0.1806424281360943,False,False,False,False,-28748428,-26252139.866888583,False,False,False,False,2782893.775339192,False,False,False,False
2022-11-08 00:00:00+00:00,34.5834205966,35.424560544,32.9784869038,33.0945062069,3573735,,,,,,,,,,,,,,,,,,,,,,,,,,,,,31.39727341600793,,"rgba(38, 166, 154, 1.0)",0.0,0.0,1.2762177390316416,33.12016266945451,1.1465582105572132,0.0,0.0,0.0,0.0,0.0,0.0,0.0,0.0,57.703532750050314,0.6497822116140171,True,False,True,False,True,3.562941043452202,0,0.9312367821971971,0.836695855969347,False,False,False,False,0.3428282415185918,0.26173533482734307,False,False,False,False,-25174693,-26209887.048579227,False,False,False,False,2813907.1566984393,False,False,False,False
2022-11-09 00:00:00+00:00,34.5060743945,34.8638005791,34.0903385584,34.5834205966,2768315,,,,,,,,,,,,,,,,,,,,,,,,,,,,,31.488087463525655,,"rgba(38, 166, 154, 1.0)",0.0,0.0,1.32543301280901,33.18592487551177,0.996013760205362,0.0,0.0,0.0,0.0,0.0,0.0,0.0,0.0,60.16723852132204,2.842644423519303,True,False,True,False,True,3.3830381072601625,0,0.9576965071476526,0.8382009412939196,False,False,False,False,0.34282824210904783,0.3022817884681954,False,False,False,False,-27943008,-26277852.576085925,False,False,False,False,2812119.228984775,False,False,False,False
2022-11-10 00:00:00+00:00,36.6911046027,36.8457970069,35.6082577739,36.1980225646,3657658,,,,,,,,,,,,,,,,,,,,,,,,,,,,,31.671041043009826,,"rgba(38, 166, 154, 1.0)",0.0,0.0,1.4573093612535355,33.32203082769162,2.3118452845937947,0.0,0.0,0.0,0.0,0.0,0.0,0.0,0.0,64.28142740045651,6.62935937143817,True,False,True,False,True,7.81776943391586,0,0.9687652237153437,0.8126542650204353,False,False,False,False,0.3428282448812302,0.3225550166747128,False,False,False,False,-24285350,-26199715.220160987,False,False,False,False,2845277.6121618426,False,False,False,False
2022-11-11 00:00:00+00:00,36.7297777038,37.0778356131,36.323710143,36.8071239058,2555585,,,,,,,,,,,,,,,,,,,,,,,,,,,,,31.799326343565102,,"rgba(38, 166, 154, 1.0)",0.0,0.0,1.575878512454564,33.41126105349877,2.1058201022947918,0.0,0.0,0.0,0.0,0.0,0.0,0.0,0.0,67.06196299721452,9.163328661483803,True,False,True,False,True,7.892818604260356,0,0.9909001304414992,0.799935464027692,False,False,False,False,0.34282824542923507,0.33269163105197397,False,False,False,False,-21729765,-26024423.054664478,False,False,False,False,2833917.1175672607,False,False,False,False
2022-11-14 00:00:00+00:00,36.4977390976,36.9134749337,36.3140418677,36.3140418677,1795148,,,,,,,,,,,,,,,,,,,,,,,,,,,,,31.8832246300103,,"rgba(38, 166, 154, 1.0)",0.0,0.0,1.66762375879334,33.46664655066338,1.8176117550219235,0.0,0.0,0.0,0.0,0.0,0.0,0.0,0.0,68.27499204990278,10.323451867223632,True,False,True,False,True,7.329734374014617,0,0.9889814721858601,0.8250804452938572,False,False,False,False,0.33502895270002747,0.33386029187600075,False,False,False,False,-23524913,-25926403.052520774,False,False,False,False,2793181.0737410937,False,False,False,False
2022-11-15 00:00:00+00:00,36.1690177388,36.9811528605,35.8587627858,36.8554652821,2716098,,,,,,,,,,,,,,,,,,,,,,,,,,,,,31.998523268038735,,"rgba(38, 166, 154, 1.0)",0.0,0.0,1.74195404644809,33.538928199028845,1.5098501278687617,0.0,0.0,0.0,0.0,0.0,0.0,0.0,0.0,68.15023286479902,10.372432028054789,True,False,True,False,True,6.529142949155943,0,0.9740478625064714,0.8258148672910967,False,False,False,False,0.3177969337179287,0.32582861279696473,False,False,False,False,-26241011,-25938740.619088586,False,False,False,False,2790158.208104188,False,False,False,False
2022-11-16 00:00:00+00:00,35.9756522337,36.2753687667,35.8112915543,36.1496811883,1579940,,,,,,,,,,,,,,,,,,,,,,,,,,,,,32.05820409016532,,"rgba(38, 166, 154, 1.0)",0.0,0.0,1.8102764126978594,33.574356946923395,1.3264799065673913,0.0,0.0,0.0,0.0,0.0,0.0,0.0,0.0,67.50148419592911,10.372432028054789,True,False,True,False,True,6.056030306996384,0,0.9725930524491763,0.8437975223014228,False,False,False,False,0.2848141776869853,0.305321395241975,False,False,False,False,-27820951,-26012552.790889036,False,False,False,False,2742698.670531475,False,False,False,False
2022-11-17 00:00:00+00:00,35.2988729656,35.5483144673,34.9411467811,35.1538488368,2019537,,,,,,,,,,,,,,,,,,,,,,,,,,,,,32.11785097945715,,"rgba(38, 166, 154, 1.0)",0.0,0.0,1.8569001502215114,33.6059309607317,0.9117033054611726,0.0,0.0,0.0,0.0,0.0,0.0,0.0,0.0,65.1322529742828,10.372432028054789,True,False,True,False,True,4.410256137408677,0,0.9459199615676642,0.8516683550406658,False,False,False,False,0.21673763028804424,0.26102951276500963,False,False,False,False,-29840488,-26162667.89712868,False,False,False,False,2714339.389334162,False,False,False,False
2022-11-18 00:00:00+00:00,35.9273108574,35.9515795083,35.1604214876,35.4710602196,1414493,,,,,,,,,,,,,,,,,,,,,,,,,,,,,32.16368895604052,,"rgba(38, 166, 154, 1.0)",0.0,0.0,1.9165863564600276,33.631444027010225,1.1978937566008179,0.0,0.0,0.0,0.0,0.0,0.0,0.0,0.0,64.63887245829065,10.372432028054789,True,False,True,False,True,5.742672270828706,0,0.9376226599820227,0.8560211855798958,False,False,False,False,0.24300447448806559,0.2520169936265376,False,False,False,False,-28425995,-26251425.822731476,False,False,False,False,2663365.0211249795,False,False,False,False
2022-11-21 00:00:00+00:00,35.8593586347,35.9855556197,35.4254351559,35.6360870461,1202229,,,,,,,,,,,,,,,,,,,,,,,,,,,,,32.20256409087977,,"rgba(38, 166, 154, 0.75)",0.0,0.0,1.9716342138146035,33.653103072284466,1.118998416114417,0.0,0.0,0.0,0.0,0.0,0.0,0.0,0.0,64.1043501919533,10.372432028054789,True,False,True,False,False,5.57486410652108,0,0.9339884725857215,0.86637616899008,False,False,False,False,0.25573549217433733,0.2538762429004375,False,False,False,False,-29628224,-26383849.280663576,False,False,False,False,2606065.5693161567,False,False,False,False
2022-11-22 00:00:00+00:00,37.0824986423,37.0824986423,36.0389466517,36.1894122876,2116351,,,,,,,,,,,,,,,,,,,,,,,,,,,,,32.287268878198724,,"rgba(38, 166, 154, 0.75)",0.0,0.0,2.0581948738438545,33.70421536815543,1.641381638384581,0.0,0.0,0.0,0.0,0.0,0.0,0.0,0.0,65.73153207857008,10.372432028054789,True,False,True,False,False,8.127585403358395,0,0.9585268160366707,0.8420847689333211,False,False,False,False,0.33029450404286376,0.29208537347165064,False,False,False,False,-27511873,-26428085.50495128,False,False,False,False,2586861.0764017976,False,False,False,False
2022-11-23 00:00:00+00:00,37.461089597,37.6455313442,36.8301046725,37.0630837216,1591072,,,,,,,,,,,,,,,,,,,,,,,,,,,,,32.35689721442676,,"rgba(38, 166, 154, 0.75)",0.0,0.0,2.1534375607680514,33.747252394813465,1.7246087232090186,0.0,0.0,0.0,0.0,0.0,0.0,0.0,0.0,67.3535044429789,11.279325915028771,True,False,True,False,False,8.895277615589919,0,0.9705634977930463,0.8284660082450788,False,False,False,False,0.3428282459789373,0.317456809725294,False,False,False,False,-25920801,-26408191.994953193,False,False,False,False,2547810.524386041,False,False,False,False
2022-11-25 00:00:00+00:00,37.3348926121,37.6261164235,37.1019135631,37.4028448348,1001816,,,,,,,,,,,,,,,,,,,,,,,,,,,,,32.400120997112275,,"rgba(38, 166, 154, 1.0)",0.0,0.0,2.2354463457790734,33.773824174488595,1.5930010775411114,0.0,0.0,0.0,0.0,0.0,0.0,0.0,0.0,67.99484437988525,12.208358181199102,True,False,True,False,True,8.568962037013684,0,0.994769409893638,0.8180762894981548,False,False,False,False,0.3428282460984884,0.3301425279118912,False,False,False,False,-26922617,-26428365.52456287,False,False,False,False,2487183.2881356077,False,False,False,False
2022-11-28 00:00:00+00:00,36.2670719706,37.2960627706,36.1845585574,37.0339613404,1715605,,,,,,,,,,,,,,,,,,,,,,,,,,,,,32.461166219488014,,"rgba(38, 166, 154, 0.75)",0.0,0.0,2.288307867019304,33.80921156453305,1.0740951606605715,0.0,0.0,0.0,0.0,0.0,0.0,0.0,0.0,64.99947928603166,12.208358181199102,True,False,True,False,False,5.853629222182924,0,0.9815402516346651,0.8191421003986019,False,False,False,False,0.2917840788129513,0.3109633033624213,False,False,False,False,-28638222,-26515026.562815305,False,False,False,False,2456925.3160518585,False,False,False,False
2022-11-29 00:00:00+00:00,36.6553703857,36.8592270536,36.2088272083,36.5971256234,1408850,,,,,,,,,,,,,,,,,,,,,,,,,,,,,32.50988382277066,,"rgba(38, 166, 154, 0.75)",0.0,0.0,2.347371544315533,33.83725609575386,1.200540364720096,0.0,0.0,0.0,0.0,0.0,0.0,0.0,0.0,63.767357199249666,12.208358181199102,True,False,True,False,False,6.6773574446620465,0,0.9749798160730124,0.8245586641888693,False,False,False,False,0.27523362194803663,0.293098462655229,False,False,False,False,-27229372,-26543040.10937157,False,False,False,False,2415824.3232655115,False,False,False,False
2022-11-30 00:00:00+00:00,37.8882178537,37.9901461876,36.6660485921,37.228110548,2972606,,,,,,,,,,,,,,,,,,,,,,,,,,,,,32.63190767467849,,"rgba(38, 166, 154, 0.75)",0.0,0.0,2.4393472132985634,33.91143263591842,1.6302661614145693,0.0,0.0,0.0,0.0,0.0,0.0,0.0,0.0,65.05514923762018,12.208358181199102,True,False,True,False,False,9.216286665920386,0,0.9941888707171022,0.8062281316625962,False,False,False,False,0.33984394593975614,0.31647120429749254,False,False,False,False,-24256766,-26453382.30116092,False,False,False,False,2437658.8988237265,False,False,False,False
2022-12-01 00:00:00+00:00,38.9463310348,39.2909458782,38.334761031,38.6356923027,2877260,,,,,,,,,,,,,,,,,,,,,,,,,,,,,32.775433315340685,,"rgba(38, 166, 154, 1.0)",0.0,0.0,2.5607513690719834,34.0027027336833,1.9305381853249846,0.0,0.0,0.0,0.0,0.0,0.0,0.0,0.0,67.3566035724664,12.208358181199102,True,False,True,False,True,11.28972960493417,0,1.0161944138093513,0.7987560126936991,False,False,False,False,0.3428282472622433,0.32964972577986795,False,False,False,False,-21379506,-26254406.759938926,False,False,False,False,2454898.157693384,False,False,False,False
2022-12-02 00:00:00+00:00,38.4900803971,38.7424743669,37.9755849971,38.1988565857,2123569,,,,,,,,,,,,,,,,,,,,,,,,,,,,,32.86958275557837,,"rgba(38, 166, 154, 1.0)",0.0,0.0,2.6567107765681532,34.06114947957479,1.667073042571218,0.0,0.0,0.0,0.0,0.0,0.0,0.0,0.0,67.46018686010572,12.287166930944423,True,False,True,False,True,10.109418184405484,0,1.0046689466670435,0.8014541172375552,False,False,False,False,0.3106985753061618,0.3201741505430149,False,False,False,False,-23503075,-26146511.396804065,False,False,False,False,2441904.857391683,False,False,False,False
2022-12-05 00:00:00+00:00,37.742605948,38.2959311895,37.3348926121,38.2668088084,2622826,,,,,,,,,,,,,,,,,,,,,,,,,,,,,32.96922470034711,,"rgba(38, 166, 154, 1.0)",0.0,0.0,2.725061928861912,34.12099696085514,1.3290006178528866,0.0,0.0,0.0,0.0,0.0,0.0,0.0,0.0,65.34001558915162,12.287166930944423,True,False,True,False,True,8.206750874797613,0,1.0129656887914957,0.7880705397072998,False,False,False,False,0.27300777402547066,0.29659096228424275,False,False,False,False,-26125901,-26145703.145949002,False,False,False,False,2448999.804160637,False,False,False,False
2022-12-06 00:00:00+00:00,37.6746537254,38.4512505556,37.640677614,38.0629521405,2032876,,,,,,,,,,,,,,,,,,,,,,,,,,,,,33.045746352659464,,"rgba(38, 166, 154, 0.75)",0.0,0.0,2.7830565188226917,34.16708990878997,1.2603279138915313,0.0,0.0,0.0,0.0,0.0,0.0,0.0,0.0,63.73079381787745,12.287166930944423,True,False,True,False,False,8.034553973959923,0,1.0319763529608996,0.7751696642253889,False,False,False,False,0.2870493668778541,0.2918201645810484,False,False,False,False,-28158777,-26224647.218656883,False,False,False,False,2432681.2236053175,False,False,False,False
2022-12-07 00:00:00+00:00,38.2668088084,38.7230594461,37.9464626159,37.9464626159,2175225,,,,,,,,,,,,,,,,,,,,,,,,,,,,,33.131391356817794,,"rgba(38, 166, 154, 0.75)",0.0,0.0,2.853208060622603,34.21946121886222,1.4185252191719242,0.0,0.0,0.0,0.0,0.0,0.0,0.0,0.0,63.76849052436508,12.287166930944423,True,False,True,False,False,9.244605529302849,0,1.0250934575528248,0.7704501586986187,False,False,False,False,0.3044600546319707,0.29814010960650955,False,False,False,False,-25983552,-26215192.50419975,False,False,False,False,2422584.9011109914,False,False,False,False
2022-12-08 00:00:00+00:00,38.3638834122,38.8104265895,37.9852924574,38.693937065,2197710,,,,,,,,,,,,,,,,,,,,,,,,,,,,,33.21634149536702,,"rgba(38, 166, 154, 0.75)",0.0,0.0,2.9237609624400247,34.27143826564976,1.399719470614619,0.0,0.0,0.0,0.0,0.0,0.0,0.0,0.0,63.97423451550509,12.287166930944423,True,False,True,False,False,9.442766361255455,0,1.0253423918601197,0.7945881008191708,False,False,False,False,0.3094414897771199,0.3037907996918147,False,False,False,False,-23785842,-26119923.856976233,False,False,False,False,2413766.2775380113,False,False,False,False
2022-12-09 00:00:00+00:00,37.8493880122,39.1598951631,37.8299730914,38.6453997631,1883817,,,,,,,,,,,,,,,,,,,,,,,,,,,,,33.28554285554365,,"rgba(38, 166, 154, 0.75)",0.0,0.0,2.9791746179839964,34.313510025170864,1.18686496779496,0.0,0.0,0.0,0.0,0.0,0.0,0.0,0.0,62.38695706196613,12.287166930944423,True,False,True,False,False,8.08858268577946,0,1.0087728055357987,0.7975710549424253,False,False,False,False,0.31718910108277365,0.3104899503872942,False,False,False,False,-25669659,-26102266.411604617,False,False,False,False,2392983.9529286777,False,False,False,False
2022-12-12 00:00:00+00:00,37.9561700763,38.0629521405,37.3640149933,37.4805045178,1898024,,,,,,,,,,,,,,,,,,,,,,,,,,,,,33.346786283310706,,"rgba(38, 166, 154, 0.75)",0.0,0.0,3.034673613389975,34.3498204850734,1.1883813716619143,0.0,0.0,0.0,0.0,0.0,0.0,0.0,0.0,61.57367940351025,15.821426647311512,True,False,True,False,False,8.315064635920663,0,0.9888157311571389,0.8350542950317054,False,False,False,False,0.2557733913322021,0.28313167085974816,False,False,False,False,-23771635,-26010869.101345614,False,False,False,False,2373573.7586961803,False,False,False,False
2022-12-13 00:00:00+00:00,38.6745221442,39.6258532612,38.0726596008,39.3249219895,2633056,,,,,,,,,,,,,,,,,,,,,,,,,,,,,33.447475321942555,,"rgba(38, 166, 154, 0.75)",0.0,0.0,3.0943721187761417,34.41219104711039,1.3774461937614038,0.0,0.0,0.0,0.0,0.0,0.0,0.0,0.0,62.60183748573272,15.821426647311512,True,False,True,False,False,9.829318151501209,0,0.9870974696421703,0.8270118272095418,False,False,False,False,0.3428282463160744,0.3129799585879113,False,False,False,False,-21138579,-25819798.901292846,False,False,False,False,2383749.532864958,False,False,False,False
2022-12-14 00:00:00+00:00,38.4997878574,39.1598951631,38.179441665,38.7424743669,3056528,,,,,,,,,,,,,,,,,,,,,,,,,,,,,33.55604463024326,,"rgba(38, 166, 154, 0.75)",0.0,0.0,3.141689021314352,34.47893852672246,1.2798368340719433,0.0,0.0,0.0,0.0,0.0,0.0,0.0,0.0,62.62967823870379,15.821426647311512,True,False,True,False,False,9.353883700629286,0,0.975428458881548,0.8603703456271966,False,False,False,False,0.328351311891327,0.3206656352396191,False,False,False,False,-24195107,-25756085.49339901,False,False,False,False,2410133.002164372,False,False,False,False
2022-12-15 00:00:00+00:00,37.305770231,37.9124865046,37.2717941197,37.5775791216,2380856,,,,,,,,,,,,,,,,,,,,,,,,,,,,,33.619520399165076,,"rgba(38, 166, 154, 0.5)",0.0,0.0,3.1542076703324615,34.51578018805698,0.8845295980936301,0.0,0.0,0.0,0.0,0.0,0.0,0.0,0.0,58.75011305997021,12.697504098211951,False,False,True,False,False,6.181341368803803,0,0.979996754612891,0.8629210235866441,False,False,False,False,0.2439997497318811,0.2823326924857501,False,False,False,False,-26575963,-25788237.5524814,False,False,False,False,2408984.8844324355,False,False,False,False
2022-12-16 00:00:00+00:00,37.8299730914,38.1503192839,37.0436688008,37.3446000725,3928056,,,,,,,,,,,,,,,,,,,,,,,,,,,,,33.72449880906079,,"rgba(38, 166, 154, 0.5)",0.0,0.0,3.1676646364139462,34.57753999929766,1.0267605524631405,0.0,0.0,0.0,0.0,0.0,0.0,0.0,0.0,57.513890524939924,11.500215923042603,False,False,True,False,False,7.321630030605249,1,0.9669876041096136,0.867705484652834,False,False,False,False,0.24437136434936071,0.2633520284175554,False,False,False,False,-22647907,-25665087.334737033,False,False,False,False,2468556.300729203,False,False,False,False
2022-12-19 00:00:00+00:00,37.1892807065,38.0435372197,36.9854240385,37.820265631,1809132,,,,,,,,,,,,,,,,,,,,,,,,,,,,,33.76787729682447,,#000000,0.0,0.0,3.1528206868826096,34.789549215153436,0.7611379553968001,0.0,0.0,0.0,0.0,0.0,0.0,0.0,0.0,54.85497401804176,8.97918228056431,False,True,False,False,False,5.65490677090224,1,0.9977881387907764,0.8642056166225318,False,False,False,False,0.23806282040251575,0.2507074244100356,False,False,False,False,-24457039,-25617712.89023754,False,False,False,False,2442696.5242300187,False,False,False,False
2022-12-20 00:00:00+00:00,38.8395489707,39.0238936432,37.8688029329,37.8785103933,2560227,,,,,,,,,,,,,,,,,,,,,,,,,,,,,33.846757798025784,,"rgba(38, 166, 154, 0.5)",0.0,0.0,3.188894110590792,34.88075909117232,1.2414303336005885,0.0,0.0,0.0,0.0,0.0,0.0,0.0,0.0,56.796163978977376,8.97918228056431,False,False,True,False,False,9.158610938951941,1,1.011337560049594,0.815018365472149,False,False,False,False,0.31053187730861986,0.2806196508593277,False,False,False,False,-21896812,-25471795.20826744,False,False,False,False,2447305.5624955087,False,False,False,False
2022-12-21 00:00:00+00:00,38.8686713518,39.3346294499,38.8007191292,39.1113578612,2014371,,,,,,,,,,,,,,,,,,,,,,,,,,,,,33.91242559438282,,"rgba(38, 166, 154, 0.5)",0.0,0.0,3.2164201561821852,34.93834410020001,1.221957039426465,0.0,0.0,0.0,0.0,0.0,0.0,0.0,0.0,58.14622567280263,8.97918228056431,False,False,True,False,True,9.21846063964096,1,1.0281388543714782,0.8064174061755035,False,False,False,False,0.34282824650501115,0.31172394868216946,False,False,False,False,-19882441,-25252604.847158913,False,False,False,False,2430327.7365152924,False,False,False,False
2022-12-22 00:00:00+00:00,38.6356923027,38.6696684141,37.9755849971,38.4221281744,1539894,,,,,,,,,,,,,,,,,,,,,,,,,,,,,33.95596839146618,,"rgba(38, 166, 154, 0.5)",0.0,0.0,3.2505189193877158,34.96395317194854,1.1295855282833085,0.0,0.0,0.0,0.0,0.0,0.0,0.0,0.0,58.31215725375881,8.97918228056431,False,False,True,False,True,8.59812965925498,1,1.0171834043033638,0.8074458080521204,False,False,False,False,0.284951971639766,0.2983379601609677,False,False,False,False,-21422335,-25102398.186486013,False,False,False,False,2395408.766455869,False,False,False,False
2022-12-23 00:00:00+00:00,39.0045757971,39.2472623065,38.3250535707,38.6453997631,1195694,,,,,,,,,,,,,,,,,,,,,,,,,,,,,33.9924145369611,,"rgba(38, 166, 154, 0.5)",0.0,0.0,3.2926503022867557,34.98935402832237,1.2194498049152234,0.0,0.0,0.0,0.0,0.0,0.0,0.0,0.0,59.240264272945275,4.994530588538467,False,False,True,False,True,9.379046853987457,1,1.0537338949776311,0.7899933367539818,False,False,False,False,0.32071807981221206,0.30952801998658985,False,False,False,False,-20226641,-24911192.022310093,False,False,False,False,2348361.128555639,False,False,False,False
2022-12-27 00:00:00+00:00,39.9559069141,40.2519844556,39.0142832575,39.2375548461,2641560,,,,,,,,,,,,,,,,,,,,,,,,,,,,,34.085289064428544,,"rgba(38, 166, 154, 1.0)",0.0,0.0,3.35802978152551,35.06439846161136,1.4566602355344471,0.0,0.0,0.0,0.0,0.0,0.0,0.0,0.0,61.72640697208051,7.441528906247072,True,False,True,False,True,11.348957809452585,1,1.0563056502673243,0.7708269215757736,False,False,False,False,0.34282824695552944,0.3261781334710596,False,False,False,False,-17585081,-24623893.550846953,False,False,False,False,2359859.1235142415,False,False,False,False
2022-12-28 00:00:00+00:00,38.6065699216,39.722927865,38.5580326197,39.5967308801,1803883,,,,,,,,,,,,,,,,,,,,,,,,,,,,,34.13851352766083,,"rgba(38, 166, 154, 0.5)",0.0,0.0,3.395726911454966,35.09764709616814,1.033334810757321,0.0,0.0,0.0,0.0,0.0,0.0,0.0,0.0,59.305078048178565,7.441528906247072,False,False,True,False,False,7.753508852826073,1,1.0408476384266863,0.7892878156963703,False,False,False,False,0.30650136072453177,0.31633974709779566,False,False,False,False,-19388964,-24418602.195911776,False,False,False,False,2338056.138278389,False,False,False,False
2022-12-29 00:00:00+00:00,38.5192027782,39.130772782,38.4463968254,38.8298415103,1434358,,,,,,,,,,,,,,,,,,,,,,,,,,,,,34.177744314179414,,"rgba(38, 166, 154, 0.5)",0.0,0.0,3.4202540611566126,35.12006517883991,0.9938260546091178,0.0,0.0,0.0,0.0,0.0,0.0,0.0,0.0,57.45671099783348,7.441528906247072,False,False,True,False,False,7.526474824403614,1,1.0365086678135724,0.8023300186595085,False,False,False,False,0.28103066997998744,0.2986852085388916,False,False,False,False,-20823322,-24277610.815679945,False,False,False,False,2302616.995600805,False,False,False,False
2022-12-30 00:00:00+00:00,37.9367551555,38.6453997631,37.6746537254,38.5871550008,1804813,,,,,,,,,,,,,,,,,,,,,,,,,,,,,34.21959219469954,,"rgba(38, 166, 154, 0.5)",0.0,0.0,3.4338706283078024,35.13899842830909,0.8147530964408052,0.0,0.0,0.0,0.0,0.0,0.0,0.0,0.0,54.67598967132599,9.36094840546211,False,True,True,False,False,6.014481547454409,1,1.0446593532715747,0.8054223610638244,False,False,False,False,0.2363819140863638,0.2675335613126277,False,False,False,False,-22628135,-24212925.48957485,False,False,False,False,2283095.2702831263,False,False,False,False
2023-01-03 00:00:00+00:00,39.3831667518,39.5870234197,38.4706654763,38.7327669065,2179478,,,,,,,,,,,,,,,,,,,,,,,,,,,,,34.282497753001635,,"rgba(38, 166, 154, 0.5)",0.0,0.0,3.457615806929405,35.179861722252745,1.2156657258228087,0.0,0.0,0.0,0.0,0.0,0.0,0.0,0.0,56.061337668589935,9.36094840546211,False,True,True,False,False,9.075139030927865,1,1.045750946474816,0.7912075219711955,False,False,False,False,0.2983806035196155,0.2829570824161216,False,False,False,False,-20448657,-24065307.11743466,False,False,False,False,2279031.8479190823,False,False,False,False
2023-01-04 00:00:00+00:00,40.7227962839,41.1936081122,40.0432740575,40.0918113594,3884026,,,,,,,,,,,,,,,,,,,,,,,,,,,,,34.42421525371442,,"rgba(38, 166, 154, 0.5)",0.0,0.0,3.511772123920595,35.28883957720913,1.5473545876388817,0.0,0.0,0.0,0.0,0.0,0.0,0.0,0.0,59.219901639807794,9.36094840546211,False,False,True,False,True,11.728120848053983,1,1.05143162257434,0.7813174347332436,False,False,False,False,0.3428282476290079,0.31289266502256474,False,False,False,False,-16564631,-23771162.955966637,False,False,False,False,2341972.7950595105,False,False,False,False
2023-01-05 00:00:00+00:00,40.7422112047,40.7810410462,39.7811726273,39.9656143745,2274098,,,,,,,,,,,,,,,,,,,,,,,,,,,,,34.50149377661336,,"rgba(38, 166, 154, 1.0)",0.0,0.0,3.5650851838684243,35.344647772684354,1.5140068620068212,0.0,0.0,0.0,0.0,0.0,0.0,0.0,0.0,61.35536102330446,6.168311866759787,True,False,True,False,True,11.765753275661197,0,1.0368311237006338,0.7891621205473527,False,False,False,False,0.32010318227150597,0.31649792364703533,False,False,False,False,-14290533,-23399373.54592873,False,False,False,False,2339311.0383905102,False,False,False,False
2023-01-06 00:00:00+00:00,42.0333034349,42.2565750236,40.87811565,41.3731961292,3608463,,,,,,,,,,,,,,,,,,,,,,,,,,,,,34.645868530124375,,"rgba(38, 166, 154, 1.0)",0.0,0.0,3.635377236046476,35.45662789875395,1.809076502690069,0.0,0.0,0.0,0.0,0.0,0.0,0.0,0.0,64.60387818730584,9.163099459053498,True,False,True,False,True,14.218857116195878,0,1.040730966951735,0.7771715101751744,False,False,False,False,0.34282824817185126,0.32966308590944327,False,False,False,False,-10682070,-22900655.75981388,False,False,False,False,2389081.703551667,False,False,False,False
2023-01-09 00:00:00+00:00,41.625590099,42.4705274503,41.625590099,42.3148197858,2302907,,,,,,,,,,,,,,,,,,,,,,,,,,,,,34.73735351168523,,"rgba(38, 166, 154, 1.0)",0.0,0.0,3.687143617092401,35.52628609409481,1.6542084166808146,0.0,0.0,0.0,0.0,0.0,0.0,0.0,0.0,65.52708427564673,9.98430335768711,True,False,True,False,True,13.117326759711087,0,1.0475405377532678,0.7950389541033616,False,False,False,False,0.34282824841500414,0.3362456671622237,False,False,False,False,-12984977,-22511805.6123702,False,False,False,False,2385702.3034123858,False,False,False,False
2023-01-10 00:00:00+00:00,42.1886228009,42.2759899443,41.6061751783,41.7420796236,2233919,,,,,,,,,,,,,,,,,,,,,,,,,,,,,34.82532673512862,,"rgba(38, 166, 154, 1.0)",0.0,0.0,3.7421074793293005,35.59250545422835,1.7626744777127226,0.0,0.0,0.0,0.0,0.0,0.0,0.0,0.0,66.9447434488481,11.366955549101633,True,False,True,False,True,14.175534043157924,0,1.0446454813990573,0.7935248448639666,False,False,False,False,0.3364227394438205,0.3363342033030221,False,False,False,False,-10751058,-22050599.8236498,False,False,False,False,2379750.017004057,False,False,False,False
2023-01-11 00:00:00+00:00,41.9944735934,42.576921216,41.4654170028,42.3827720085,1875785,,,,,,,,,,,,,,,,,,,,,,,,,,,,,34.89745840132385,,"rgba(38, 166, 154, 1.0)",0.0,0.0,3.7584381730384484,35.64602111707605,1.6891198375605168,0.0,0.0,0.0,0.0,0.0,0.0,0.0,0.0,67.2567850865994,11.783621865792412,True,False,True,False,True,13.642177017798982,0,1.0587503817863102,0.7819267067707163,False,False,False,False,0.34121562093859975,0.3387749121208109,False,False,False,False,-12626843,-21681040.73252628,False,False,False,False,2359986.683003898,False,False,False,False
2023-01-12 00:00:00+00:00,42.7613629632,42.9118285991,41.7760557349,42.6157510575,2368194,,,,,,,,,,,,,,,,,,,,,,,,,,,,,34.99237426560084,,"rgba(38, 166, 154, 1.0)",0.0,0.0,3.7629289676293456,35.717314840653266,1.871958833967706,0.0,0.0,0.0,0.0,0.0,0.0,0.0,0.0,68.59702669854317,13.236865015471267,True,False,True,False,True,15.086511983112821,0,1.0654818123218135,0.7755109043183391,False,False,False,False,0.3428282485554711,0.340801580338141,False,False,False,False,-10258649,-21233103.801838975,False,False,False,False,2360308.5385723724,False,False,False,False
2023-01-13 00:00:00+00:00,43.2273210613,43.45059265,42.7031182009,42.7128256613,2211588,,,,,,,,,,,,,,,,,,,,,,,,,,,,,35.08633084738562,,"rgba(38, 166, 154, 1.0)",0.0,0.0,3.7805806767949064,35.78900023701866,1.9675074969137774,0.0,0.0,0.0,0.0,0.0,0.0,0.0,0.0,70.12254594761654,14.862624330634318,True,False,True,False,True,15.948335218878466,0,1.08179225446846,0.7761893364139729,False,False,False,False,0.34282824887664387,0.34181491460739244,False,False,False,False,-8047061,-20716004.0841198,False,False,False,False,2354476.360589142,False,False,False,False
2023-01-17 00:00:00+00:00,42.780777884,43.0817091557,42.576921216,42.7322405821,2084469,,,,,,,,,,,,,,,,,,,,,,,,,,,,,35.16954130971806,,"rgba(38, 166, 154, 1.0)",0.0,0.0,3.8167720495629744,35.850974328911086,1.8156189222467158,0.0,0.0,0.0,0.0,0.0,0.0,0.0,0.0,69.55262570734331,14.862624330634318,True,False,True,False,True,14.686762007470936,0,1.1071738314639927,0.7695294382375808,False,False,False,False,0.32917852084662375,0.33549671772700806,False,False,False,False,-10131530,-20300926.669056278,False,False,False,False,2343887.8366444698,False,False,False,False
2023-01-18 00:00:00+00:00,42.7128256613,43.4797150311,42.654580899,43.1981986802,1741668,,,,,,,,,,,,,,,,,,,,,,,,,,,,,35.23891730401566,,"rgba(38, 166, 154, 1.0)",0.0,0.0,3.850800926354599,35.90254103360059,1.7685371843271154,0.0,0.0,0.0,0.0,0.0,0.0,0.0,0.0,68.92699864608564,14.862624330634318,True,False,True,False,True,14.493998088075717,0,1.1242676764423256,0.7227383892915555,False,False,False,False,0.3421658805954697,0.3388312991612389,False,False,False,False,-11873198,-19970427.505563878,False,False,False,False,2320271.3724623336,False,False,False,False
2023-01-19 00:00:00+00:00,43.6447418576,43.8000612236,42.7225331217,42.7710704236,2222062,,,,,,,,,,,,,,,,,,,,,,,,,,,,,35.33060331136687,,"rgba(38, 166, 154, 1.0)",0.0,0.0,3.9114731166752637,35.97137088261076,1.9617598654267563,0.0,0.0,0.0,0.0,0.0,0.0,0.0,0.0,70.01626107684287,15.318771136413488,True,False,True,False,True,16.260739523693776,0,1.125428052858347,0.7506709790029618,False,False,False,False,0.34282824715105054,0.3408297731561447,False,False,False,False,-9651136,-19565749.407306474,False,False,False,False,2316420.024522634,False,False,False,False
2023-01-20 00:00:00+00:00,43.8971358274,43.9165507481,43.0525867745,43.2176136009,2501255,,,,,,,,,,,,,,,,,,,,,,,,,,,,,35.43428555627016,,"rgba(38, 166, 154, 1.0)",0.0,0.0,3.9890357273632797,36.04920587111374,1.9673751985855679,0.0,0.0,0.0,0.0,0.0,0.0,0.0,0.0,71.11302787495498,16.585237946518774,True,False,True,False,True,16.730945933405454,0,1.1049111066118043,0.752902931210392,False,False,False,False,0.34282824643678783,0.34182900979646624,False,False,False,False,-7149881,-19078852.607019946,False,False,False,False,2323668.454933511,False,False,False,False
2023-01-23 00:00:00+00:00,44.0621626538,44.1301148764,43.1593688387,43.2370285217,2265182,,,,,,,,,,,,,,,,,,,,,,,,,,,,,35.527781343614244,,"rgba(38, 166, 154, 1.0)",0.0,0.0,4.076116286564787,36.119254039121195,1.94864622504988,0.0,0.0,0.0,0.0,0.0,0.0,0.0,0.0,72.09293630534269,17.727106514048216,True,False,True,False,True,17.04049835856054,0,1.1026808113489746,0.778331022066018,False,False,False,False,0.3428282463363791,0.34232862806642267,False,False,False,False,-4884699,-18522219.13223485,False,False,False,False,2321374.86846553,False,False,False,False
2023-01-24 00:00:00+00:00,44.3825088463,44.4456073387,40.1209337405,40.1209337405,1784021,,,,,,,,,,,,,,,,,,,,,,,,,,,,,35.59295490867213,,"rgba(38, 166, 154, 1.0)",0.0,0.0,4.1576776676510665,36.592433534586426,1.87366023401104,0.0,0.0,0.0,0.0,0.0,0.0,0.0,0.0,73.2333944496481,19.006271846879216,True,False,True,False,True,17.644048938226263,0,1.021094319692262,0.776721691820353,False,False,False,False,0.22683971626576332,0.284584172166093,False,False,False,False,-3100678,-17917452.813323677,False,False,False,False,2300302.167741392,False,False,False,False
2023-01-25 00:00:00+00:00,45.1008609142,45.1688131368,44.0864313047,44.1786521783,3377698,,,,,,,,,,,,,,,,,,,,,,,,,,,,,35.742623699412235,,"rgba(38, 166, 154, 1.0)",0.0,0.0,4.25410837007044,37.24446248008147,1.8467791016777613,0.0,0.0,0.0,0.0,0.0,0.0,0.0,0.0,74.98939043741939,20.829679344444813,True,False,True,False,True,18.97889866028107,0,1.0872216140068547,0.7876555451797193,False,False,False,False,0.3428282465216908,0.31370620934389193,False,False,False,False,277020,-17203944.07554628,False,False,False,False,2342552.9846927095,False,True,False,False
2023-01-26 00:00:00+00:00,44.6251953557,45.0620310727,44.3070818791,44.9261266274,2144777,,,,,,,,,,,,,,,,,,,,,,,,,,,,,35.83392256408292,,"rgba(38, 166, 154, 1.0)",0.0,0.0,4.300132838545039,37.31120334442641,1.7008758300937277,0.0,0.0,0.0,0.0,0.0,0.0,0.0,0.0,74.02467200759938,20.829679344444813,True,False,True,False,True,17.523954384095777,0,1.0772978214432432,0.7933540418939911,False,False,False,False,0.34282824656929994,0.3282672279565959,False,False,False,False,-1867757,-16602524.974544466,False,False,False,False,2334797.063724368,False,False,False,False
2023-01-27 00:00:00+00:00,44.324264084,44.4989983708,43.7320119264,44.2077745595,1775712,,,,,,,,,,,,,,,,,,,,,,,,,,,,,35.9040793796714,,"rgba(38, 166, 154, 0.75)",0.0,0.0,4.323532887878909,37.347779610618275,1.6136073563683082,0.0,0.0,0.0,0.0,0.0,0.0,0.0,0.0,72.09008648703879,20.829679344444813,True,False,True,False,False,16.6083860179966,0,1.064170889965578,0.7994769121928881,False,False,False,False,0.29879981069311334,0.3135335193248546,False,False,False,False,-3643469,-16094326.701032918,False,False,False,False,2312872.1592645887,False,False,False,False
2023-01-30 00:00:00+00:00,43.8194761444,44.3922163066,43.809768684,44.324264084,1216589,,,,,,,,,,,,,,,,,,,,,,,,,,,,,35.950450896411425,,"rgba(38, 166, 154, 0.75)",0.0,0.0,4.325944563451143,37.370956287389376,1.4906616953653553,0.0,0.0,0.0,0.0,0.0,0.0,0.0,0.0,68.74891817893666,22.97685924098721,True,False,True,False,False,15.08260190406736,0,1.0747079007047278,0.8007054730570975,False,False,False,False,0.2976921720212276,0.30561284567304114,False,False,False,False,-4860058,-15653767.144129666,False,False,False,False,2269880.6628228403,False,False,False,False
2023-01-31 00:00:00+00:00,44.401923767,44.47958345,43.3923478877,43.5185448727,1696813,,,,,,,,,,,,,,,,,,,,,,,,,,,,,36.01491350338134,,"rgba(38, 166, 154, 0.75)",0.0,0.0,4.339263500660507,37.40734717255671,1.6119271377224726,0.0,0.0,0.0,0.0,0.0,0.0,0.0,0.0,67.82051974445756,22.118922845594625,True,False,True,False,False,16.234989321184926,0,1.0670653991454602,0.788430641303746,False,False,False,False,0.2851460126080011,0.2953794291405211,False,False,False,False,-3163245,-15163942.74632066,False,False,False,False,2247407.421143513,False,False,False,False
2023-02-01 00:00:00+00:00,44.4504610689,44.8581744048,43.5913508255,44.1786521783,2539400,,,,,,,,,,,,,,,,,,,,,,,,,,,,,36.111945854515795,,"rgba(38, 166, 154, 0.75)",0.0,0.0,4.344463854457438,37.469657479932195,1.6068274067478934,0.0,0.0,0.0,0.0,0.0,0.0,0.0,0.0,67.30743616691626,21.578128118293606,True,False,True,False,False,16.33093984967647,0,1.0845135547801867,0.7769351658917033,False,False,False,False,0.3059592475406334,0.3006693383405773,False,False,False,False,-623845,-14593742.834700242,False,False,False,False,2258858.110510434,False,False,False,False
2023-02-02 00:00:00+00:00,43.4408851896,44.6251953557,43.2661509028,44.4213386878,2936316,,,,,,,,,,,,,,,,,,,,,,,,,,,,,36.214366625887116,,"rgba(38, 166, 154, 0.5)",0.0,0.0,4.29438841474635,37.52361518148035,1.3779075008214312,0.0,0.0,0.0,0.0,0.0,0.0,0.0,0.0,63.07883150555048,17.5640329927258,False,False,True,False,False,13.27187854845004,0,1.0737995720222993,0.7907315180682251,False,False,False,False,0.2830102682200406,0.29183980328030895,False,False,False,False,-3560161,-14161053.350986507,False,False,False,False,2285425.0865688487,False,False,False,False
2023-02-03 00:00:00+00:00,42.6934107406,42.9944390869,42.0333034349,42.4798466123,3612827,,,,,,,,,,,,,,,,,,,,,,,,,,,,,36.317221556994355,,"rgba(38, 166, 154, 0.5)",0.0,0.0,4.2395973987835935,37.55136683258166,1.2128613696889419,0.0,0.0,0.0,0.0,0.0,0.0,0.0,0.0,57.9781564515877,12.912790218475848,False,True,True,False,False,11.093311276498689,0,1.047734970550306,0.8155886863507962,False,False,False,False,0.15546639806996687,0.2236531006751379,False,False,False,False,-7172988,-13887011.572516449,False,False,False,False,2337480.0635661487,False,False,False,False
2023-02-06 00:00:00+00:00,42.4021869292,42.8390226462,42.2303648805,42.3633570877,2472746,,,,,,,,,,,,,,,,,,,,,,,,,,,,,36.38481134353894,,#000000,0.0,0.0,4.185190125625451,37.57394967578622,1.1536482473880996,0.0,0.0,0.0,0.0,0.0,0.0,0.0,0.0,53.76600384718522,9.22668292071615,False,True,False,False,False,10.256780375935424,0,1.043997825372158,0.8374113496908452,False,False,False,False,0.15719407275347957,0.19042358671430876,False,False,False,False,-9645734,-13720686.961829528,False,False,False,False,2342784.6100929664,False,False,False,False
2023-02-07 00:00:00+00:00,42.7516555028,43.19334495,42.140085499,42.42160185,1844802,,,,,,,,,,,,,,,,,,,,,,,,,,,,,36.43593771567563,,#000000,0.0,0.0,4.109842727775675,37.59582945195005,1.2545068977956675,0.0,0.0,0.0,0.0,0.0,0.0,0.0,0.0,52.10640525404737,7.91900792124364,False,True,False,False,False,11.018026991390972,0,1.0280051731880389,0.8418470986158737,False,False,False,False,0.16817022542535923,0.179296906069834,False,False,False,False,-7800932,-13488539.708424449,False,False,False,False,2323255.8802853995,False,False,False,False
2023-02-08 00:00:00+00:00,42.3827720085,42.9555121708,42.3051123255,42.7710704236,1203068,,,,,,,,,,,,,,,,,,,,,,,,,,,,,36.46806144048612,,"rgba(239, 83, 80, 1.0)",0.0,0.0,4.027003852831703,37.60916616806268,1.185398875911336,0.0,0.0,0.0,0.0,0.0,0.0,0.0,0.0,49.89088790191768,5.971047214414682,False,True,False,True,False,9.942280303186934,0,1.0260315629918038,0.8461117643108858,False,False,False,False,0.16513981160453198,0.172218358837183,False,False,False,False,-9004000,-13312675.406133294,False,False,False,False,2279326.9438036196,False,False,False,False
2023-02-09 00:00:00+00:00,41.9459362915,43.1593688387,41.625590099,42.8875599481,1816003,,,,,,,,,,,,,,,,,,,,,,,,,,,,,36.51352272376864,,"rgba(239, 83, 80, 1.0)",0.0,0.0,3.9654563991181604,37.625749779594905,1.0894550531096034,0.0,0.0,0.0,0.0,0.0,0.0,0.0,0.0,47.177482132926734,3.500668504506905,False,True,False,True,False,8.6777381388453,0,1.0307701064795276,0.8383633663445633,False,False,False,False,0.14541230385344708,0.15881533134531506,False,False,False,False,-10820003,-13214923.547069244,False,False,False,False,2261157.3773799483,False,False,False,False
2023-02-10 00:00:00+00:00,41.8391542273,42.1886228009,41.4799781934,41.7906169254,1301666,,,,,,,,,,,,,,,,,,,,,,,,,,,,,36.543382984056535,,"rgba(239, 83, 80, 1.0)",0.0,0.0,3.89635361296499,37.63428778703481,1.079179884052011,0.0,0.0,0.0,0.0,0.0,0.0,0.0,0.0,45.069772787368294,1.5617263295644221,False,True,False,True,False,8.368164668387923,0,1.027722878056085,0.848007498913429,False,False,False,False,0.07442044827832286,0.11661788981181896,False,False,False,False,-12121669,-13172050.819733195,False,False,False,False,2223530.264541519,False,False,False,False
2023-02-13 00:00:00+00:00,41.7712020047,41.984766133,41.39261105,41.6352975594,1414283,,,,,,,,,,,,,,,,,,,,,,,,,,,,,36.57472380973752,,"rgba(239, 83, 80, 1.0)",0.0,0.0,3.8288581498680885,37.643042274228684,1.0781699318407867,0.0,0.0,0.0,0.0,0.0,0.0,0.0,0.0,43.463012521313225,0.02573013354735565,False,True,False,True,False,8.16836661421058,0,1.01848957833554,0.8701783304056796,False,False,False,False,0.05428590964565037,0.08545189972873467,False,False,False,False,-13535952,-13186321.454253463,False,False,False,False,2191795.0776967537,False,False,False,False
2023-02-14 00:00:00+00:00,41.9168139104,42.0915481971,41.033435016,41.5188080349,1803606,,,,,,,,,,,,,,,,,,,,,,,,,,,,,36.613872453397555,,"rgba(239, 83, 80, 1.0)",0.0,0.0,3.7751180897702556,37.65473396769187,1.1289924821841835,0.0,0.0,0.0,0.0,0.0,0.0,0.0,0.0,43.06346364796397,-0.4736789965029118,False,True,False,True,False,8.516760344924094,0,0.9899833260439576,0.8865872149951838,False,False,False,False,0.04264213782686473,0.0640470187777997,False,False,False,False,-11732346,-13129302.808988621,False,False,False,False,2176571.9766106065,False,False,False,False
2023-02-15 00:00:00+00:00,41.1693394613,41.188754382,40.5092321556,40.9072380311,2479531,,,,,,,,,,,,,,,,,,,,,,,,,,,,,36.659162277791395,,"rgba(239, 83, 80, 1.0)",0.0,0.0,3.7080362588515476,37.66027311102283,0.9463408945639581,0.0,0.0,0.0,0.0,0.0,0.0,0.0,0.0,40.54361843562472,-3.0324083237321773,False,True,False,True,False,6.29685035100238,0,0.9776850384628112,0.8844262452273091,False,False,False,False,-0.023064754260792526,0.020491132258503585,False,False,False,False,-14211877,-13171756.698832205,False,False,False,False,2188452.722625877,False,False,False,False
2023-02-16 00:00:00+00:00,41.1305096198,41.4362946217,40.0995773277,40.8101634273,2177058,,,,,,,,,,,,,,,,,,,,,,,,,,,,,36.6975475104064,,"rgba(239, 83, 80, 1.0)",0.0,0.0,3.6277505013257705,37.66609600170165,0.9549757120376028,0.0,0.0,0.0,0.0,0.0,0.0,0.0,0.0,38.75652873185084,-4.876020444216387,False,True,False,True,False,6.182465856891888,0,0.9853680404380044,0.8758533572193127,False,False,False,False,-0.030531410215441503,-0.005020138978468959,False,False,False,False,-16388935,-13297920.553779962,False,False,False,False,2188005.8707581954,False,False,False,False
2023-02-17 00:00:00+00:00,41.0431424764,41.2275842235,40.1209337405,40.4704023141,1987278,,,,,,,,,,,,,,,,,,,,,,,,,,,,,36.73123095380211,,"rgba(239, 83, 80, 1.0)",0.0,0.0,3.521907486730173,37.67157499071176,0.9573129045528922,0.0,0.0,0.0,0.0,0.0,0.0,0.0,0.0,37.30800048150699,-6.419963319300784,False,True,False,True,False,5.921062323537711,0,0.9803809731225619,0.8829892960441486,False,False,False,False,-0.03916483489609051,-0.022092486937279734,False,False,False,False,-18376213,-13497069.27716114,False,False,False,False,2180134.1895519914,False,False,False,False
2023-02-21 00:00:00+00:00,40.7033813632,41.1984618424,40.3636202499,40.8587007292,2219354,,,,,,,,,,,,,,,,,,,,,,,,,,,,,36.767817231706026,,"rgba(239, 83, 80, 1.0)",0.0,0.0,3.415362073579873,37.678406234085074,0.8856967618499805,0.0,0.0,0.0,0.0,0.0,0.0,0.0,0.0,35.35872128081884,-8.447285970423408,False,True,False,True,False,4.900131842977153,0,0.9840363238249626,0.8927791301087472,False,False,False,False,-0.029324017500603188,-0.025708252218941463,False,False,False,False,-20595567,-13775441.73688031,False,False,False,False,2181672.2213342665,False,False,False,False
2023-02-22 00:00:00+00:00,39.8200024688,40.3927426311,39.0579668292,40.3053754877,4136113,,,,,,,,,,,,,,,,,,,,,,,,,,,,,36.81762252466194,,"rgba(239, 83, 80, 1.0)",0.0,0.0,3.242440502961146,37.67046541336593,0.6629380102644938,0.0,0.0,0.0,0.0,0.0,0.0,0.0,0.0,31.99386869659336,-11.757986367341765,False,True,False,True,False,2.3123322419202488,0,0.9551127609986212,0.9045878995442964,False,False,False,False,-0.12717189654513922,-0.07644007438204034,False,False,False,False,-24731680,-14205098.139355592,False,False,False,False,2258316.9577525305,False,False,False,False
2023-02-23 00:00:00+00:00,39.5967308801,39.9364919933,39.310360799,39.800587548,2023193,,,,,,,,,,,,,,,,,,,,,,,,,,,,,36.84023428220751,,"rgba(239, 83, 80, 1.0)",0.0,0.0,3.0263640449522278,37.66693312972919,0.6376621324158218,0.0,0.0,0.0,0.0,0.0,0.0,0.0,0.0,29.313452615592595,-14.350988337519865,False,True,False,True,False,1.671890419031346,0,0.9618211440660901,0.9177607601490793,False,False,False,False,-0.13671868440462753,-0.10657937939333394,False,False,False,False,-26754873,-14697246.173106356,False,False,False,False,2249096.410389686,False,False,False,False
2023-02-24 00:00:00+00:00,39.286092148,39.3055070688,38.8007191292,38.9851608763,2092564,,,,,,,,,,,,,,,,,,,,,,,,,,,,,36.85922840361505,,"rgba(239, 83, 80, 1.0)",0.0,0.0,2.9277484788224464,37.65897175035613,0.5557582590900385,0.0,0.0,0.0,0.0,0.0,0.0,0.0,0.0,26.938854400549772,-16.642986875651374,False,True,False,True,False,0.7806694128927489,0,0.956097004516017,0.9044214106833032,False,False,False,False,-0.19064672560691578,-0.14861305250012485,False,False,False,False,-28847437,-15252155.617298264,False,False,False,False,2242957.8844920513,False,False,False,False
2023-02-27 00:00:00+00:00,39.9656143745,40.0626889782,39.2947317878,39.3249219895,1716518,,,,,,,,,,,,,,,,,,,,,,,,,,,,,36.87892372150534,,"rgba(239, 83, 80, 1.0)",0.0,0.0,2.8199012272249457,37.65930450433899,0.8178690260121769,0.0,0.0,0.0,0.0,0.0,0.0,0.0,0.0,29.25818777624938,-16.642986875651374,False,True,False,True,False,2.6576671055698853,0,0.9534556554502404,0.9190545356205068,False,False,False,False,-0.1315377241578149,-0.14007538832896987,False,False,False,False,-27130919,-15717989.47544343,False,False,False,False,2222313.183139422,False,False,False,False
2023-02-28 00:00:00+00:00,40.4315724726,40.8489932688,39.5950806118,39.9461994537,3163295,,,,,,,,,,,,,,,,,,,,,,,,,,,,,36.92089531358552,,"rgba(239, 83, 80, 0.75)",0.0,0.0,2.750789672497111,37.66978394589847,1.0039984351818634,0.0,0.0,0.0,0.0,0.0,0.0,0.0,0.0,33.050187092447075,-16.642986875651374,False,True,False,True,True,3.915544944310561,0,0.9571696715032103,0.8969080092571158,False,False,False,False,-0.08094785795473909,-0.11051162314185448,False,False,False,False,-23967624,-16041504.554837806,False,False,False,False,2259214.4308594447,False,False,False,False
2023-03-01 00:00:00+00:00,40.3927426311,41.188754382,40.3539127896,40.7810410462,2808328,,,,,,,,,,,,,,,,,,,,,,,,,,,,,36.961116472370136,,"rgba(239, 83, 80, 0.75)",0.0,0.0,2.6753729947355476,37.6849271400164,1.012126345153327,0.0,0.0,0.0,0.0,0.0,0.0,0.0,0.0,35.452812248519024,-21.367555314587605,False,True,False,True,True,3.7990359272495873,0,0.9880486783110255,0.8780437147323612,False,False,False,False,-0.030218374072802315,-0.0703649986073284,False,False,False,False,-26775952,-16462463.278177502,False,False,False,False,2280748.296315937,False,False,False,False
2023-03-02 00:00:00+00:00,40.3927426311,40.4606948537,39.9073696122,39.9947367556,2059512,,,,,,,,,,,,,,,,,,,,,,,,,,,,,36.9869885354449,,"rgba(239, 83, 80, 0.75)",0.0,0.0,2.646355787897421,37.69234375143071,1.020421702939197,0.0,0.0,0.0,0.0,0.0,0.0,0.0,0.0,37.05456235256699,-19.809758167177268,False,True,False,True,True,3.7990359272495873,0,0.9839271172968227,0.8944985936244126,False,False,False,False,-0.08447015147577183,-0.07741757504155011,False,False,False,False,-26775952,-16866913.816288188,False,False,False,False,2272072.363127077,False,False,False,False
2023-03-03 00:00:00+00:00,40.6645515216,41.0237275556,40.2762531065,40.8684081896,1767615,,,,,,,,,,,,,,,,,,,,,,,,,,,,,37.01155957744177,,"rgba(239, 83, 80, 0.75)",0.0,0.0,2.6172784840409857,37.70238998021743,1.1317716320385967,0.0,0.0,0.0,0.0,0.0,0.0,0.0,0.0,39.57016608585674,-17.343635394889347,False,True,False,True,True,4.557055411121787,0,0.9917029958588185,0.8815566896390237,False,False,False,False,-0.07828298579802985,-0.07785028041978997,False,False,False,False,-25008337,-17186185.31368865,False,False,False,False,2252289.7214358193,False,False,False,False
2023-03-06 00:00:00+00:00,40.0432740575,40.6063067594,39.8054412782,40.2762531065,1599205,,,,,,,,,,,,,,,,,,,,,,,,,,,,,37.030476438646794,,"rgba(239, 83, 80, 0.75)",0.0,0.0,2.5819704542791215,37.70774810046759,0.9045517748515373,0.0,0.0,0.0,0.0,0.0,0.0,0.0,0.0,38.949632204204626,-17.343635394889347,False,True,False,True,True,2.629455482485003,0,0.9778036340824324,0.9172616348839041,False,False,False,False,-0.12367554308797149,-0.10076291175388073,False,False,False,False,-26607542,-17555650.281779293,False,False,False,False,2226678.555889317,False,False,False,False
2023-03-07 00:00:00+00:00,37.7328984876,39.7908800877,37.5436030103,39.6258532612,3232756,,,,,,,,,,,,,,,,,,,,,,,,,,,,,37.04642183958716,,"rgba(239, 83, 80, 1.0)",0.0,0.0,2.5550706591582597,37.69230954060475,0.0158856456081839,0.0,0.0,0.0,0.0,0.0,0.0,0.0,0.0,33.667505817055854,-17.343635394889347,False,True,False,True,False,0.0,0,0.9167777408938508,0.9360107052740138,False,False,False,False,-0.2862631659541643,-0.19351303885402252,False,False,False,False,-29840298,-18037401.172689907,False,False,False,False,2266132.573305422,False,False,False,False
2023-03-08 00:00:00+00:00,37.587286582,38.2085640461,37.2717941197,37.9658775367,2720787,,,,,,,,,,,,,,,,,,,,,,,,,,,,37.68921491593333,37.052865502336616,,"rgba(239, 83, 80, 1.0)",0.0,0.0,2.525406210802301,37.67361896849829,-0.03418554453893759,1.0,38.208565,37.271793,0.0,0.0,0.0,0.0,0.0,29.944705689948314,-12.830549900712263,False,True,False,True,False,0.0,0,0.9257048302322046,0.9562406012424137,True,False,False,False,-0.34282825441539394,-0.26817064663470824,False,False,False,False,-32561085,-18606957.401211873,True,False,False,False,2283962.1586659937,False,False,False,False
2023-03-09 00:00:00+00:00,37.9173402348,38.4609580159,37.7134835669,37.9270476952,2365875,,,,,,,,,,,,,,,,,,,,,,,,,,,,37.84799489712159,37.06131455156247,,"rgba(239, 83, 80, 1.0)",0.0,0.0,2.473570295548684,37.67095590386907,0.09960676329850456,0.0,0.0,0.0,0.0,0.0,0.0,0.0,0.0,29.04410302525539,-13.690508937667445,False,True,False,True,False,0.0,0,0.9250248951005549,0.9598025251647548,False,False,False,False,-0.3062446133419323,-0.2872076299883203,False,False,False,False,-30195210,-19061398.67959572,False,False,False,False,2287174.426953602,False,False,False,False
2023-03-10 00:00:00+00:00,39.286092148,40.5771843782,38.2862237291,38.3638834122,3519711,,,,,,,,,,,,,,,,,,,,,,,,,,,,38.4758274653457,37.090785335144766,,"rgba(239, 83, 80, 0.75)",0.0,0.0,2.423467378611062,37.70979738252542,0.6504295371939295,0.0,0.0,0.0,0.0,0.0,0.0,0.0,0.0,33.73740420519169,-13.690508937667445,False,True,False,True,True,0.5614517864219621,0,0.9185017613078746,0.9348596343144502,False,False,False,False,-0.17087994625665734,-0.22904378812248882,False,False,False,False,-26675499,-19359990.84902334,False,False,False,False,2335509.1945240493,False,False,False,False
2023-03-13 00:00:00+00:00,42.0041810538,42.2080377217,40.5771843782,40.8198708877,4997383,,,,,,,,,,,,,,,,,,,,,,,,,,,,39.622204579668434,37.17054738999368,,"rgba(239, 83, 80, 0.75)",0.0,0.0,2.3735755307349176,37.82381859515485,1.761208945961288,0.0,0.0,0.0,0.0,0.0,0.0,0.0,0.0,42.987278092181626,-15.209644499085861,False,True,False,True,True,7.345920961343499,0,0.9496530412424523,0.8812819046148461,False,False,False,False,0.017132156797073368,-0.10595581566270773,False,False,False,False,-21678116,-19450897.71768909,False,False,False,False,2439896.4025819297,False,False,False,False
2023-03-14 00:00:00+00:00,42.6157510575,42.7419480424,41.5673453368,42.0041810538,3118970,,,,,,,,,,,,,,,,,,,,,,,,,,,,40.12319952497398,37.226692195335076,,#000000,0.0,0.0,2.354547208439271,37.890732014932034,2.006763349501911,0.0,0.0,0.0,0.0,0.0,0.0,0.0,0.0,50.10378573373243,-8.954332502495518,False,False,False,False,True,8.732595002863558,0,0.9688434881370813,0.8630899520285172,False,False,False,False,0.08979561865341538,-0.008080098504646173,False,False,False,False,-18559146,-19415927.062093437,False,False,False,False,2466526.7397355796,False,False,False,False
2023-03-15 00:00:00+00:00,42.6934107406,43.5185448727,41.8391542273,43.3535180462,3570483,,,,,,,,,,,,,,,,,,,,,,,,,,,,40.573706644349265,37.294114520059885,,"rgba(38, 166, 154, 0.5)",0.0,0.0,2.3411382056942243,37.96432949002893,2.0199923434971847,0.0,0.0,0.0,0.0,0.0,0.0,0.0,0.0,54.969736865322446,-4.8403154343097725,False,False,True,False,True,8.9081251969601,0,0.9867808081474088,0.843480846879754,False,False,False,False,0.1402889196073035,0.06610441055132867,False,False,False,False,-14988663,-19242308.86357997,False,False,False,False,2509819.14209889,False,False,False,False
2023-03-16 00:00:00+00:00,42.1109631179,42.858437567,41.1402170801,42.7710704236,3252307,,,,,,,,,,,,,,,,,,,,,,,,,,,,40.77576553061227,37.346892598357044,,"rgba(38, 166, 154, 0.5)",0.0,0.0,2.317132778193299,38.010819424962634,1.7694901783463202,0.0,0.0,0.0,0.0,0.0,0.0,0.0,0.0,56.53513590145002,-3.655041298011568,False,False,True,False,True,7.240972823164842,0,0.9706376318133599,0.879566958116866,False,False,False,False,0.07493328719424198,0.07051884887278533,False,False,False,False,-18240970,-19203040.672851346,False,False,False,False,2538936.3129969733,False,False,False,False
2023-03-17 00:00:00+00:00,43.9747955104,44.3922163066,42.3536496273,42.7031182009,7379781,,,,,,,,,,,,,,,,,,,,,,,,,,,,41.44340874908888,37.5002587249833,,"rgba(38, 166, 154, 1.0)",0.0,0.0,2.2922074124252747,38.164878186715434,2.5346385724917324,0.0,0.0,0.0,0.0,0.0,0.0,0.0,0.0,60.46996445692974,-0.029030269273846443,True,False,True,False,True,11.369190851212633,0,0.9718398352143791,0.873468720197232,False,False,False,False,0.20830348918914662,0.13941116903096598,False,False,False,False,-10861189,-18875909.234700315,False,False,False,False,2728773.359546112,False,False,False,False
2023-03-20 00:00:00+00:00,44.7319774198,45.2853026614,44.324264084,44.4601685293,3324253,,,,,,,,,,,,,,,,,,,,,,,,,,,,41.76730744384199,37.58014635235722,,"rgba(38, 166, 154, 1.0)",0.0,0.0,2.288204170975931,38.24708079258268,2.8340550679319327,0.0,0.0,0.0,0.0,0.0,0.0,0.0,0.0,64.01844178720408,3.300922743412464,True,False,True,False,True,12.936656142913137,0,1.0032380759048363,0.8466537465852179,False,False,False,False,0.3428282439313303,0.24111970648114817,False,False,False,False,-7536936,-18431243.617653243,False,False,False,False,2752125.5023090094,False,False,False,False
2023-03-21 00:00:00+00:00,43.732109001,44.2271894802,43.295273284,43.8680134462,2129044,,,,,,,,,,,,,,,,,,,,,,,,,,,,41.88343299248072,37.62321528107421,,"rgba(38, 166, 154, 1.0)",0.0,0.0,2.2861215819072243,38.2862196832062,2.382152095887438,0.0,0.0,0.0,0.0,0.0,0.0,0.0,0.0,63.706241466776696,3.300922743412464,True,False,True,False,True,10.111545191727917,0,0.9650126867317624,0.8792010181681107,False,False,False,False,0.23683887582117208,0.23897929115116012,False,False,False,False,-9665980,-18087507.789509982,False,False,False,False,2727690.933591009,False,False,False,False
2023-03-22 00:00:00+00:00,44.5766580538,45.275595201,43.6350343972,43.8583059859,2648027,,,,,,,,,,,,,,,,,,,,,,,,,,,,42.06068428981888,37.68235565275866,,"rgba(38, 166, 154, 1.0)",0.0,0.0,2.3130711853083055,38.342584066161045,2.695150078923329,0.0,0.0,0.0,0.0,0.0,0.0,0.0,0.0,64.6670461926947,4.3670675684600795,True,False,True,False,True,11.859889058196607,0,0.9587827457478943,0.867092265200241,False,False,False,False,0.3066116040980245,0.2727954476245923,False,False,False,False,-7017953,-17653407.60168606,False,False,False,False,2724566.8577639107,False,False,False,False
2023-03-23 00:00:00+00:00,45.3435474236,46.0155200981,44.691052218,44.8955656407,2727108,,,,,,,,,,,,,,,,,,,,,,,,,,,,42.275525652501926,37.749712006980175,,"rgba(38, 166, 154, 1.0)",0.0,0.0,2.3483025618754683,38.40910525558331,2.9529594186868775,0.0,0.0,0.0,0.0,0.0,0.0,0.0,0.0,66.27269888576987,6.331693921760106,True,False,True,False,True,13.397821491259617,0,0.9748607526779932,0.8517607536347277,False,False,False,False,0.34282824468667744,0.30781184615563484,False,False,False,False,-4290845,-17129385.538874842,False,False,False,False,2724666.5104006203,False,False,False,False
2023-03-24 00:00:00+00:00,45.8207454098,46.1421236454,45.2948537516,45.7817904722,2478803,,,,,,,,,,,,,,,,,,,,,,,,,,,,42.47038039293496,37.813105614264416,,"rgba(38, 166, 154, 1.0)",0.0,0.0,2.3784154575719816,38.47174834688604,3.089871048187781,0.0,0.0,0.0,0.0,0.0,0.0,0.0,0.0,67.9127033491643,8.36045763736142,True,False,True,False,True,14.336036775209756,0,0.9868631571173383,0.853959129318451,False,False,False,False,0.34282824513200383,0.32532004564381933,False,False,False,False,-1812042,-16528705.400095437,False,False,False,False,2715024.8041104,False,False,False,False
2023-03-27 00:00:00+00:00,45.752574269,46.0252588325,44.5060162642,44.6520972804,1894274,,,,,,,,,,,,,,,,,,,,,,,,,,,,42.59183789877963,37.85892411628698,,"rgba(38, 166, 154, 1.0)",0.0,0.0,2.4001702403070606,38.51539405196694,3.0152778730008682,0.0,0.0,0.0,0.0,0.0,0.0,0.0,0.0,68.7990519385602,9.708255705890295,True,False,True,False,True,14.138136741517172,0,0.969172183178031,0.862167012490583,False,False,False,False,0.30133976541286767,0.3133299055283435,False,False,False,False,-3706316,-16025866.600091694,False,False,False,False,2682838.498066855,False,False,False,False
2023-03-28 00:00:00+00:00,46.862789992,46.9991322737,45.5856523611,46.0642137701,2280743,,,,,,,,,,,,,,,,,,,,,,,,,,,,42.7751493299693,37.920949165781664,,"rgba(38, 166, 154, 1.0)",0.0,0.0,2.4583260617273917,38.576973143266095,3.3705117387527164,0.0,0.0,0.0,0.0,0.0,0.0,0.0,0.0,70.71557366722749,12.038040435251823,True,False,True,False,True,16.299087039476138,0,0.9719405255550498,0.8566766794360068,False,False,False,False,0.34282824575497367,0.3280790756416586,False,False,False,False,-1425573,-15453306.066754764,False,False,False,False,2667070.0471622725,False,False,False,False
2023-03-29 00:00:00+00:00,46.862789992,47.2036456964,46.2784659272,46.3174208649,2039992,,,,,,,,,,,,,,,,,,,,,,,,,,,,42.93716310212907,37.97758781625297,,"rgba(38, 166, 154, 1.0)",0.0,0.0,2.511512903144286,38.633077031705746,3.276795014666688,0.0,0.0,0.0,0.0,0.0,0.0,0.0,0.0,71.99325481967236,13.737278943029942,True,False,True,False,True,16.299087039476138,0,0.9874222907132431,0.8504924187871641,False,False,False,False,0.3428282461866666,0.3354536609141626,False,False,False,False,-1425573,-14903198.88766634,False,False,False,False,2642478.751195125,False,False,False,False
2023-03-30 00:00:00+00:00,46.8920061952,47.2328618996,46.4927180843,47.1841682276,2167052,,,,,,,,,,,,,,,,,,,,,,,,,,,,43.09925010994334,38.03757942987951,,"rgba(38, 166, 154, 1.0)",0.0,0.0,2.5497170601607566,38.69189587265607,3.2160863849053594,0.0,0.0,0.0,0.0,0.0,0.0,0.0,0.0,72.88139220642036,15.073485707548201,True,False,True,False,True,16.356141069464446,0,0.9895830594822045,0.8561697590712292,False,False,False,False,0.3428282462964726,0.3391409536053176,False,False,False,False,741479,-14289682.107757859,False,False,False,False,2623834.5648737475,False,False,False,False
2023-03-31 00:00:00+00:00,46.9017449296,47.242600634,46.5414117563,46.8433125231,2108193,,,,,,,,,,,,,,,,,,,,,,,,,,,,43.245490938035296,38.09531825394491,,"rgba(38, 166, 154, 1.0)",0.0,0.0,2.584073164772588,38.747815093590305,3.1554562568770312,0.0,0.0,0.0,0.0,0.0,0.0,0.0,0.0,73.48673418949343,16.15642810711877,True,False,True,False,True,16.375521933244407,0,0.9893653208737762,0.8604176781014563,False,False,False,False,0.3428282463223914,0.3409845999638545,False,False,False,False,2849672,-13617550.574120296,False,False,False,False,2603613.327035561,False,False,False,False
2023-04-03 00:00:00+00:00,47.9145733085,48.187257872,46.4927180843,46.9406998673,2771926,,,,,,,,,,,,,,,,,,,,,,,,,,,,43.45212812363517,38.175506411251334,,"rgba(38, 166, 154, 1.0)",0.0,0.0,2.6543370701683977,38.826364336783314,3.4239091462261464,0.0,0.0,0.0,0.0,0.0,0.0,0.0,0.0,75.1734991923307,18.23791592901992,True,False,True,False,True,18.361920404742282,0,0.9835089609253925,0.8491418300968115,False,False,False,False,0.34282824670005696,0.34190642333195576,False,False,False,False,5621598,-12863074.159448912,False,False,False,False,2610213.8240145585,False,False,False,False
2023-04-04 00:00:00+00:00,48.7131495303,48.7423657335,47.3886816502,47.7684922923,2741101,,,,,,,,,,,,,,,,,,,,,,,,,,,,43.671889732063974,38.259722864905,,"rgba(38, 166, 154, 1.0)",0.0,0.0,2.7390966065570277,38.90972088369814,3.579073707416443,0.0,0.0,0.0,0.0,0.0,0.0,0.0,0.0,77.13161803277744,20.499626358871325,True,False,True,False,True,19.864956944137433,0,0.9960271014276312,0.8446762823519737,False,False,False,False,0.342828247242194,0.34236733528707486,False,False,False,False,8362699,-12030690.898294054,False,False,False,False,2615346.65444536,False,False,False,False
2023-04-05 00:00:00+00:00,48.4209874979,49.3266897983,47.8269246988,49.2293024541,2361742,,,,,,,,,,,,,,,,,,,,,,,,,,,,43.85498763456257,38.332902059048266,,"rgba(38, 166, 154, 1.0)",0.0,0.0,2.781045407542678,38.98172228021994,3.3941427896427485,0.0,0.0,0.0,0.0,0.0,0.0,0.0,0.0,77.2264164077782,20.981574352872656,True,False,True,False,True,18.934348957311506,0,1.0530973766002918,0.8330231749725421,False,False,False,False,0.3428282475806333,0.34259779143385405,False,False,False,False,6000957,-11323567.45130213,False,False,False,False,2605401.3738788753,False,False,False,False
2023-04-06 00:00:00+00:00,48.2749064817,48.4502037012,47.6564968466,48.0801317935,5226344,,,,,,,,,,,,,,,,,,,,,,,,,,,,44.18419406530795,38.485014137283436,,"rgba(38, 166, 154, 1.0)",0.0,0.0,2.822163773275967,39.12688954213084,3.2414904571431533,0.0,0.0,0.0,0.0,0.0,0.0,0.0,0.0,76.66891234509254,20.981574352872656,True,False,True,False,True,18.46654801375728,0,0.9849138516700582,0.8586956768338881,False,False,False,False,0.3074539380604314,0.32502586474714273,False,False,False,False,774613,-10849129.002231458,False,False,False,False,2708183.4376483313,False,False,False,False
2023-04-10 00:00:00+00:00,47.4860689943,47.7665445454,47.1452132899,47.6321500105,1584509,,,,,,,,,,,,,,,,,,,,,,,,,,,,44.25911236016958,38.52710309079613,,"rgba(38, 166, 154, 0.75)",0.0,0.0,2.820344070067217,39.165519937466634,2.950189356377026,0.0,0.0,0.0,0.0,0.0,0.0,0.0,0.0,73.14879086609729,20.981574352872656,True,False,True,False,False,15.97020913307859,0,0.9652264749067788,0.8612431763873494,False,False,False,False,0.2679651125080877,0.2964954886276152,False,False,False,False,-809896,-10455433.590379244,False,False,False,False,2664117.7734268284,False,False,False,False
2023-04-11 00:00:00+00:00,48.2554290129,48.6449783894,47.7197986202,47.8658796364,1871214,,,,,,,,,,,,,,,,,,,,,,,,,,,,44.3627443265139,38.580379819583605,,"rgba(38, 166, 154, 0.75)",0.0,0.0,2.866947018217125,39.215491617272015,3.1531581637841617,0.0,0.0,0.0,0.0,0.0,0.0,0.0,0.0,72.13804116341501,20.981574352872656,True,False,True,False,False,17.498625091631155,0,0.982451890852562,0.8364686359308098,False,False,False,False,0.31610200866579446,0.3062987486467048,False,False,False,False,1061318,-10003796.27310947,False,False,False,False,2633023.5078022466,False,False,False,False
2023-04-12 00:00:00+00:00,49.4435546112,49.4922482833,48.4112487635,49.0540052347,2756746,,,,,,,,,,,,,,,,,,,,,,,,,,,,44.5397201489753,38.665120450682345,,"rgba(38, 166, 154, 0.75)",0.0,0.0,2.9415834932332343,39.29655701570898,3.449501813847199,0.0,0.0,0.0,0.0,0.0,0.0,0.0,0.0,73.13056483778395,20.981574352872656,True,False,True,False,False,19.752798223354144,0,0.990060209170012,0.8202121508035062,False,False,False,False,0.3428282478092036,0.3245634982279542,False,False,False,False,3818064,-9461762.536909098,False,False,False,False,2637875.3702413742,False,False,False,False
2023-04-13 00:00:00+00:00,50.8654098354,51.3815627593,50.0717029808,50.1836984265,2848471,,,,,,,,,,,,,,,,,,,,,,,,,,,,44.770650057700244,38.764920170936904,,"rgba(38, 166, 154, 1.0)",0.0,0.0,3.049674332801088,39.99370695676596,3.564873390480522,0.0,0.0,0.0,0.0,0.0,0.0,0.0,0.0,75.28922026514996,20.981574352872656,True,False,True,False,True,20.0,0,1.013375955527138,0.8023321510987861,False,True,False,False,0.3428282487120847,0.3336958734700195,False,False,False,False,6666535,-8829280.28055972,False,False,False,False,2646134.022388771,False,False,False,False
2023-04-14 00:00:00+00:00,49.5604194242,50.5342928654,48.8884467497,49.8623201909,2473780,,,,,,,,,,,,,,,,,,,,,,,,,,,,44.92309450765985,38.84236438987357,,"rgba(38, 166, 154, 0.75)",0.0,0.0,3.1116888511053022,40.036256259421485,3.0607697686082713,0.0,0.0,0.0,0.0,0.0,0.0,0.0,0.0,72.63865000740448,20.981574352872656,True,False,True,False,False,18.285492670982503,0,0.9861371885560711,0.8186973978242559,False,False,False,False,0.2859490847286436,0.3098224790993316,False,False,False,False,4192755,-8318612.230341692,False,False,False,False,2639375.0411186237,False,False,False,False
2023-04-17 00:00:00+00:00,48.4209874979,49.297473595,48.2164740753,49.1708700477,1898980,,,,,,,,,,,,,,,,,,,,,,,,,,,,45.01007447188137,38.8955574229362,,"rgba(38, 166, 154, 0.75)",0.0,0.0,3.1525374593461306,40.06013901511473,2.6521012329285374,0.0,0.0,0.0,0.0,0.0,0.0,0.0,0.0,67.97746379494869,23.46543786257547,True,False,True,False,False,14.995647220249996,0,0.9764918855444708,0.8303704937167257,False,False,False,False,0.23408136395388346,0.2719519215266075,False,False,False,False,2293775,-7902440.182092999,False,False,False,False,2610339.941466913,False,False,False,False
2023-04-18 00:00:00+00:00,48.7131495303,49.5214644865,48.352816357,48.5962847173,1921545,,,,,,,,,,,,,,,,,,,,,,,,,,,,45.09906991062745,38.94998585514129,,"rgba(38, 166, 154, 0.75)",0.0,0.0,3.1726635316747234,40.09674774597306,2.715825897799721,0.0,0.0,0.0,0.0,0.0,0.0,0.0,0.0,65.35362022775448,21.078739626950124,True,False,True,False,False,15.544258213541688,0,0.9965975919359141,0.807372007318901,False,False,False,False,0.24377061192734692,0.25786126672697723,False,False,False,False,4215320,-7427233.900442293,False,False,False,False,2583328.3751348774,False,False,False,False
2023-04-19 00:00:00+00:00,47.8950958397,48.5194461028,47.5347626664,47.7100598858,1873674,,,,,,,,,,,,,,,,,,,,,,,,,,,,45.16260378521583,38.99783117913628,,"rgba(38, 166, 154, 0.75)",0.0,0.0,3.1680058410077625,40.122167955631156,2.4535711972034195,0.0,0.0,0.0,0.0,0.0,0.0,0.0,0.0,61.65017160727024,17.68956488845143,True,False,True,False,False,13.239234293334174,0,0.9776115003132614,0.8193695820363357,False,False,False,False,0.1952478545093053,0.22655456061814128,False,False,False,False,2341646,-7044140.571013184,False,False,False,False,2555498.791796255,False,False,False,False
2023-04-20 00:00:00+00:00,48.0801317935,48.5768072485,47.6224112761,47.8269246988,1785752,,,,,,,,,,,,,,,,,,,,,,,,,,,,45.22286697734838,39.04351459090905,,"rgba(38, 166, 154, 0.75)",0.0,0.0,3.1486762732300897,40.15129536040866,2.518149134765605,0.0,0.0,0.0,0.0,0.0,0.0,0.0,0.0,59.542585853953966,15.80809610814643,True,False,True,False,False,13.600004859040535,0,0.9803800685304689,0.8237671499188256,False,False,False,False,0.1990778230277736,0.21281619182295744,False,False,False,False,4127398,-6606041.019208746,False,False,False,False,2525312.6430983627,False,False,False,False
2023-04-21 00:00:00+00:00,47.8269246988,48.1239560983,47.3301518564,47.690582417,1523682,,,,,,,,,,,,,,,,,,,,,,,,,,,,45.26662218173969,39.0807123423614,,"rgba(38, 166, 154, 0.75)",0.0,0.0,3.1496657466341857,40.17408747081953,2.429729959808748,0.0,0.0,0.0,0.0,0.0,0.0,0.0,0.0,57.50242789522399,13.920935036840874,True,False,True,False,False,12.883172137659638,0,0.97323551650955,0.8275446512750134,False,False,False,False,0.17945678868942544,0.19613649025619145,False,False,False,False,2603716,-6244874.077278991,False,False,False,False,2486033.010035682,False,False,False,False
2023-04-24 00:00:00+00:00,48.0703930591,48.2749064817,47.3399879782,47.9048345741,1333506,,,,,,,,,,,,,,,,,,,,,,,,,,,,45.305699675166835,39.11350916414229,,"rgba(38, 166, 154, 0.5)",0.0,0.0,3.1720813353027544,40.19617868697311,2.4823494544396176,0.0,0.0,0.0,0.0,0.0,0.0,0.0,0.0,56.687959979231536,13.102295420625396,False,False,True,False,False,13.37238740792343,0,0.9839212244322886,0.8267452766854478,False,False,False,False,0.18367873670027487,0.18990761347823315,False,False,False,False,3937222,-5845576.191895502,False,False,False,False,2440835.872387224,False,False,False,False
2023-04-25 00:00:00+00:00,48.2554290129,48.3722938259,47.4372779349,48.0022219182,1895816,,,,,,,,,,,,,,,,,,,,,,,,,,,,45.36191635473704,39.160383771433246,,"rgba(38, 166, 154, 0.5)",0.0,0.0,3.1949397745129007,40.22991063134219,2.511946686939154,0.0,0.0,0.0,0.0,0.0,0.0,0.0,0.0,56.5725416734585,12.815422308473188,False,False,True,False,False,13.746505851888038,0,0.987819819196393,0.8104749346363671,False,False,False,False,0.188799288212595,0.18935345084541408,False,False,False,False,5833038,-5387591.321625089,False,False,False,False,2419462.544058313,False,False,False,False
2023-04-26 00:00:00+00:00,47.4860689943,48.8592305465,47.2133844308,48.6936720615,1564434,,,,,,,,,,,,,,,,,,,,,,,,,,,,45.40374909567668,39.19796529065003,,#000000,0.0,0.0,3.2154272515403193,40.25656899560781,2.2483792768842674,0.0,0.0,0.0,0.0,0.0,0.0,0.0,0.0,54.32706701795648,10.464591352193722,False,False,False,False,False,11.518130646235448,0,0.985895914620743,0.802836497801528,False,False,False,False,0.19573368002810956,0.19254356543676182,False,False,False,False,4268604,-5008916.99528685,False,False,False,False,2385932.0129187712,False,False,False,False
2023-04-27 00:00:00+00:00,48.5962847173,48.6839333271,46.9406998673,47.2036456964,2118171,,,,,,,,,,,,,,,,,,,,,,,,,,,,45.463107088278676,39.24961874520178,,"rgba(38, 166, 154, 0.5)",0.0,0.0,3.249220789332325,40.68458128457615,2.4349540845913435,0.0,0.0,0.0,0.0,0.0,0.0,0.0,0.0,55.42012999506118,10.464591352193722,False,False,True,False,False,13.781580373369547,1,0.9873757285815258,0.8092565760053555,False,False,False,False,0.18393466399468672,0.18823911471572427,False,False,False,False,6386775,-4562027.113118739,False,False,False,False,2375431.581039604,False,False,False,False
2023-04-28 00:00:00+00:00,48.0898705279,48.5962847173,47.5152851976,48.4015100291,3224309,,,,,,,,,,,,,,,,,,,,,,,,,,,,45.548349297528226,39.32704533686331,,#000000,0.0,0.0,3.2761579454329106,40.74080331236961,2.2431968598386014,0.0,0.0,0.0,0.0,0.0,0.0,0.0,0.0,54.764088165857885,10.464591352193722,False,False,False,False,False,12.332247314262617,0,1.0155691047210507,0.8069460238256622,False,False,False,False,0.1967621834206912,0.19250064906820774,False,False,False,False,3162466,-4259105.8145650625,False,False,False,False,2408720.8915870707,False,False,False,False
2023-05-01 00:00:00+00:00,47.6224112761,49.1026989068,47.5931950729,48.9858340938,1835217,,,,,,,,,,,,,,,,,,,,,,,,,,,,45.5951334842192,39.37070463124318,,#000000,0.0,0.0,3.292238851149581,40.77355832788642,2.0803025715531263,0.0,0.0,0.0,0.0,0.0,0.0,0.0,0.0,53.11108393852636,8.70500598151721,False,False,False,False,False,11.009719914100497,1,1.0230490121994755,0.8034670932795097,False,False,False,False,0.212240441471656,0.20237054526993187,False,False,False,False,1327249,-4040033.076738982,False,False,False,False,2386230.542897382,False,False,False,False
2023-05-02 00:00:00+00:00,49.6675455027,49.6870229715,47.5364182513,47.6418887449,2426786,,,,,,,,,,,,,,,,,,,,,,,,,,,,45.67468447069293,39.433377389895654,,"rgba(38, 166, 154, 0.5)",0.0,0.0,3.3489241380034884,40.83655097675447,2.6369646376075466,0.0,0.0,0.0,0.0,0.0,0.0,0.0,0.0,56.144893420161104,8.70500598151721,False,False,True,False,True,15.061867298739248,1,1.0214974844250182,0.7945421671909288,False,False,False,False,0.2263011240620808,0.21433583466600634,False,False,False,False,3754035,-3734383.3482394144,False,False,False,False,2387820.9529798375,False,False,False,False
2023-05-03 00:00:00+00:00,49.3461672671,49.9059497211,48.9371404218,49.5214644865,1552656,,,,,,,,,,,,,,,,,,,,,,,,,,,,45.730080878774956,39.47484895824927,,"rgba(38, 166, 154, 0.5)",0.0,0.0,3.398003273570009,40.87969934414402,2.491600873021214,0.0,0.0,0.0,0.0,0.0,0.0,0.0,0.0,57.317675251829854,8.70500598151721,False,False,True,False,True,14.156566039830103,1,1.038999438354872,0.7912009654858218,False,False,False,False,0.27005130857134624,0.24219357161867627,False,False,False,False,2201379,-3501608.35419081,False,False,False,False,2355069.3861963144,False,False,False,False
2023-05-04 00:00:00+00:00,50.0668336136,51.1673106022,49.6675455027,49.7162391748,3305505,,,,,,,,,,,,,,,,,,,,,,,,,,,,45.8704631639553,39.56994139412181,,"rgba(38, 166, 154, 0.5)",0.0,0.0,3.4568942242284355,40.98722900052209,2.6265208086036926,0.0,0.0,0.0,0.0,0.0,0.0,0.0,0.0,59.333803636973826,3.871403082196487,False,False,True,False,True,15.524551886576685,1,1.069500335316416,0.7603576258237229,False,False,False,False,0.3252935781084118,0.28374357486354407,False,False,False,False,5506884,-3148334.144222543,False,False,False,False,2392341.371051361,False,False,False,False
2023-05-05 00:00:00+00:00,50.7290675536,51.1186169301,48.8202756088,49.1026989068,2438895,,,,,,,,,,,,,,,,,,,,,,,,,,,,45.966908480134705,39.638537471744115,,"rgba(38, 166, 154, 1.0)",0.0,0.0,3.526547998471135,41.057814197991014,2.7424136463765025,0.0,0.0,0.0,0.0,0.0,0.0,0.0,0.0,61.714766249457114,6.230285088728081,True,False,True,False,True,16.75254507568608,1,1.0515800318346131,0.7602570419708169,False,False,False,False,0.30022457425339916,0.29198407455847164,False,False,False,False,7945779,-2713270.883664796,False,False,False,False,2394167.0035591503,False,False,False,False
2023-05-08 00:00:00+00:00,50.4855991933,50.9822746484,50.076572348,50.6998513504,1458807,,,,,,,,,,,,,,,,,,,,,,,,,,,,46.02640216161787,39.680268069407504,,"rgba(38, 166, 154, 1.0)",0.0,0.0,3.591235460961139,41.100925841365736,2.613215828912147,0.0,0.0,0.0,0.0,0.0,0.0,0.0,0.0,62.566420202873836,7.147980824136091,True,False,True,False,True,16.047315687816347,1,1.081624502818705,0.7576507516230506,False,False,False,False,0.33162191189404994,0.3118029932262608,False,False,False,False,6486972,-2352477.045089706,False,False,False,False,2357486.2191058504,False,False,False,False
2023-05-09 00:00:00+00:00,50.5635090686,51.2062655398,50.3492569116,50.4271667869,1340468,,,,,,,,,,,,,,,,,,,,,,,,,,,,46.0819886290601,39.719005020690716,,"rgba(38, 166, 154, 1.0)",0.0,0.0,3.655022742834026,41.72661818433549,2.4177389597889536,0.0,0.0,0.0,0.0,0.0,0.0,0.0,0.0,63.27176392435622,7.990920455731612,True,False,True,False,True,16.194903722591906,1,1.078402083388392,0.7659006333796603,False,False,False,False,0.34282824873445084,0.3273156209803558,False,False,False,False,7827440,-1953264.6119489335,False,False,False,False,2317603.151689935,False,False,False,False
2023-05-10 00:00:00+00:00,50.4758604589,50.6998513504,49.6675455027,50.6024640063,1172585,,,,,,,,,,,,,,,,,,,,,,,,,,,,46.12516870384371,39.75136507187805,,"rgba(38, 166, 154, 1.0)",0.0,0.0,3.714226940715328,41.746823106187094,2.350162629274282,0.0,0.0,0.0,0.0,0.0,0.0,0.0,0.0,63.43813625038095,8.385671232961307,True,False,True,False,True,15.93356832081233,0,1.064177447755597,0.7841972679522292,False,False,False,False,0.30943919227859595,0.3183774066294759,False,False,False,False,6654855,-1615691.293833289,False,False,False,False,2272700.4790746435,False,False,False,False
2023-05-11 00:00:00+00:00,48.9079242185,49.9986624727,48.8494918121,49.6772842371,2227017,,,,,,,,,,,,,,,,,,,,,,,,,,,,46.18506702592468,39.806328392164325,,"rgba(38, 166, 154, 0.5)",0.0,0.0,3.744076275052415,41.7593461701942,1.9093035299356247,0.0,0.0,0.0,0.0,0.0,0.0,0.0,0.0,58.93394628483486,8.385671232961307,False,False,True,False,False,11.413286720180096,0,1.0334982797145522,0.7949037418925743,False,False,False,False,0.2676884263913966,0.2930329165104363,False,False,False,False,4427838,-1378690.145055513,False,False,False,False,2270908.9700913243,False,False,False,False
2023-05-12 00:00:00+00:00,49.0345277659,49.3802528375,48.4794199044,48.7131495303,1269605,,,,,,,,,,,,,,,,,,,,,,,,,,,,46.21509508428032,39.836434463380556,,"rgba(38, 166, 154, 0.5)",0.0,0.0,3.774989022225142,41.77087707344192,1.924151474267485,0.0,0.0,0.0,0.0,0.0,0.0,0.0,0.0,56.24693708996713,11.510317900877723,False,False,True,False,False,11.672659209305994,0,1.0344384360873498,0.7943472013273373,False,False,False,False,0.24101339136823635,0.2670231539393363,False,False,False,False,5697443,-1101194.7276023556,False,False,False,False,2231642.1477348018,False,False,False,False
2023-05-15 00:00:00+00:00,49.46303208,49.6480680339,49.0345277659,49.2098249853,880366,,,,,,,,,,,,,,,,,,,,,,,,,,,,46.23864048664119,39.85814327594922,,"rgba(38, 166, 154, 0.5)",0.0,0.0,3.811256230008198,41.78574799079674,2.0143710172923064,0.0,0.0,0.0,0.0,0.0,0.0,0.0,0.0,55.53314485686265,10.80321237776321,False,False,True,False,False,12.552403602841988,0,1.0372112980337154,0.7982365017557097,False,False,False,False,0.26319563420727604,0.26510939407330614,False,False,False,False,6577809,-800057.3265199105,False,False,False,False,2178650.9262550054,False,False,False,False
2023-05-16 00:00:00+00:00,48.3333388882,49.3753834703,47.6613662138,49.1513925788,1800366,,,,,,,,,,,,,,,,,,,,,,,,,,,,46.27186084831297,39.897949206201844,,#000000,0.0,0.0,3.830114419925338,41.798474321113915,1.7061799859267568,0.0,0.0,0.0,0.0,0.0,0.0,0.0,0.0,52.16721968497016,7.576033754329785,False,True,False,False,False,9.398284334816104,1,1.0233530779530775,0.79846631753153,False,False,False,False,0.21906146389033598,0.24208542898182106,False,False,False,False,4777443,-581331.8235191298,False,False,False,False,2163816.223264613,False,False,False,False
2023-05-17 00:00:00+00:00,47.9632669805,48.1775191376,47.2133844308,48.1775191376,1944117,,,,,,,,,,,,,,,,,,,,,,,,,,,,46.29593912003443,39.93717915884753,,"rgba(239, 83, 80, 1.0)",0.0,0.0,3.8423487979629707,41.804115950160266,1.6029651013476502,0.0,0.0,0.0,0.0,0.0,0.0,0.0,0.0,49.09647541782508,4.707291777283373,False,True,False,True,False,8.394028134805115,1,1.0513344148999844,0.8014048254797923,False,False,False,False,0.17575211340791103,0.20891877119486604,False,False,False,False,2833326,-447423.6735772031,False,False,False,False,2155200.5674503148,False,False,False,False
2023-05-18 00:00:00+00:00,46.745925179,47.2441576104,45.8862300033,47.0878493966,1893254,,,,,,,,,,,,,,,,,,,,,,,,,,,,46.300968171393194,39.969420957015224,,"rgba(239, 83, 80, 1.0)",0.0,0.0,3.846282793518664,41.79458193989554,1.2873060835380912,0.0,0.0,0.0,0.0,0.0,0.0,0.0,0.0,44.68748672538562,0.650142167352989,False,True,False,True,False,5.191169353413482,0,1.0249703869778741,0.7849849310082605,False,False,False,False,0.111374215628254,0.16014649341156,False,False,False,False,940072,-393012.0785349599,False,False,False,False,2144928.1530404985,False,False,False,False
2023-05-19 00:00:00+00:00,46.9706182363,47.5079277211,46.2183849576,46.853387076,1559384,,,,,,,,,,,,,,,,,,,,,,,,,,,,46.30839252848688,39.99682627444425,,"rgba(239, 83, 80, 1.0)",0.0,0.0,3.851429337374334,41.794949115825666,1.3438307358386543,0.0,0.0,0.0,0.0,0.0,0.0,0.0,0.0,42.44088780661792,-1.330536796496304,False,True,False,True,False,5.6925113012528,0,1.025060147356296,0.7879050552566647,False,False,False,False,0.10264647193048013,0.13139648267102005,False,False,False,False,2499456,-279581.95780809876,False,False,False,False,2121965.6372349886,False,False,False,False
2023-05-22 00:00:00+00:00,46.6873095988,46.9738420932,46.4971997339,46.7361559156,817331,,,,,,,,,,,,,,,,,,,,,,,,,,,,46.311050083871926,40.01073264668238,,"rgba(239, 83, 80, 1.0)",0.0,0.0,3.8502530655910228,41.794980515124884,1.270651305338064,0.0,0.0,0.0,0.0,0.0,0.0,0.0,0.0,40.39908839410175,-3.190535605856276,False,True,False,True,False,4.953745841405297,0,1.0269738381820097,0.8256292768446973,False,False,False,False,0.04576597451878124,0.08858122859490064,False,False,False,False,1682125,-202652.2731881733,False,False,False,False,2070803.4945983223,False,False,False,False
2023-05-23 00:00:00+00:00,45.065611881,46.3063083278,45.0167655642,46.0327689537,2217501,,,,,,,,,,,,,,,,,,,,,,,,,,,,46.29642937236166,40.04116104496468,,"rgba(239, 83, 80, 1.0)",0.0,0.0,3.839202964838611,41.77670662281521,0.8566635544685371,0.0,0.0,0.0,0.0,0.0,0.0,0.0,0.0,36.45815227682639,-6.854875961168062,False,True,False,True,False,0.8951891865992465,0,0.9901995153161618,0.8705907192298962,False,False,False,False,-0.054714038933994326,0.016933594830453157,False,False,False,False,-535376,-215700.2624749116,False,False,False,False,2076556.3379474077,False,False,False,False
2023-05-24 00:00:00+00:00,43.9128388045,45.173073778,43.8249154343,45.173073778,1974835,,,,,,,,,,,,,,,,,,,,,,,,,,,,46.26629848771186,40.062241656538546,,"rgba(239, 83, 80, 1.0)",0.0,0.0,3.8281633741530063,41.74892933200356,0.5652604815945733,0.0,0.0,0.0,0.0,0.0,0.0,0.0,0.0,32.470294268392,-10.504081294258356,False,True,False,True,False,0.0,0,0.9575018890889571,0.8959293431057281,False,False,False,False,-0.14303185437375762,-0.06304912977165224,False,False,False,False,-2510211,-305681.0757111896,False,False,False,False,2072567.2658710387,False,False,False,False
2023-05-25 00:00:00+00:00,43.2582981594,43.7272228007,43.111759209,43.6490686938,1633542,,,,,,,,,,,,,,,,,,,,,,,,,,,,46.2304703690933,40.07570110462124,,"rgba(239, 83, 80, 1.0)",0.0,0.0,3.824156621996594,41.71930305880703,0.40244039476329296,0.0,0.0,0.0,0.0,0.0,0.0,0.0,0.0,29.142981902430115,-13.514098395105293,False,True,False,True,False,0.0,0,0.9421146374564769,0.9254938739445543,False,False,False,False,-0.22704879001700087,-0.14504895989432656,False,False,False,False,-4143753,-456193.70019310375,False,False,False,False,2055350.5887780567,False,False,False,False
2023-05-26 00:00:00+00:00,43.6197609037,43.9128388045,43.1508362624,43.8639924877,1259626,,,,,,,,,,,,,,,,,,,,,,,,,,,,46.20528541568356,40.086616958017814,,"rgba(239, 83, 80, 1.0)",0.0,0.0,3.8142890859724936,41.70070196786003,0.5031236208334445,0.0,0.0,0.0,0.0,0.0,0.0,0.0,0.0,28.14935195610324,-14.408551903532455,False,True,False,True,False,0.0,0,0.9526420146570806,0.9113532815509011,False,False,False,False,-0.32701566084906486,-0.2360323103716957,False,False,False,False,-2884127,-551406.7707737663,False,False,False,False,2024145.702943623,False,False,False,False
2023-05-30 00:00:00+00:00,43.111759209,43.7627829193,42.9261432051,43.6197609037,1540226,,,,,,,,,,,,,,,,,,,,,,,,,,,,46.17177264367738,40.09874938096739,,"rgba(239, 83, 80, 1.0)",0.0,0.0,3.802942921049971,41.88077313585775,0.32369301845907783,0.0,0.0,0.0,0.0,0.0,0.0,0.0,0.0,26.89157591953605,-15.69936563685436,False,True,False,True,False,0.0,0,0.932708005091221,0.9397193449724569,False,False,False,False,-0.34282825441539394,-0.28943028239354485,False,False,False,False,-4424353,-703287.0150571481,False,False,False,False,2005168.459690932,False,False,False,False
2023-05-31 00:00:00+00:00,44.2059167053,44.455032921,43.1410669991,43.3071444762,2193060,,,,,,,,,,,,,,,,,,,,,,,,,,,,46.136013604760336,40.11946940396426,,"rgba(239, 83, 80, 1.0)",0.0,0.0,3.783780101661643,41.879981894344326,0.6147119410914605,0.0,0.0,0.0,0.0,0.0,0.0,0.0,0.0,29.56267850746213,-15.69936563685436,False,True,False,True,False,0.0,0,0.9101126930056315,0.9479636184780609,False,False,False,False,-0.29826732146754464,-0.29384880193054475,False,False,False,False,-2231293,-763208.8183882403,False,False,False,False,2012536.7553893267,False,False,False,False
2023-06-01 00:00:00+00:00,45.173073778,45.9290193768,44.3719941825,44.3719941825,1948077,,,,,,,,,,,,,,,,,,,,,,,,,,,,46.12232569336998,40.14353400543919,,"rgba(239, 83, 80, 0.75)",0.0,0.0,3.7610938468939117,41.90460269792946,0.8690214105584729,0.0,0.0,0.0,0.0,0.0,0.0,0.0,0.0,33.93055592610348,-15.69936563685436,False,True,False,True,True,1.3343492909095396,0,0.9482511758627503,0.9137757443940203,False,False,False,False,-0.17129803101751867,-0.2325734164740317,False,False,False,False,-283216,-744385.5706083094,False,False,False,False,2010008.9218446473,False,False,False,False
2023-06-02 00:00:00+00:00,44.3133786023,45.3928822036,43.8542232244,45.2316893582,2112839,,,,,,,,,,,,,,,,,,,,,,,,,,,,46.09836884924527,40.16608824898935,,"rgba(239, 83, 80, 0.75)",0.0,0.0,3.7416057776564893,41.90180957411828,0.6445278234769496,0.0,0.0,0.0,0.0,0.0,0.0,0.0,0.0,35.35754290950417,-22.215432151832083,False,True,False,True,True,0.0,0,0.9346891293283935,0.9385443463261961,False,False,False,False,-0.21990768146005227,-0.226240548967042,False,False,False,False,-2396055,-809156.9207805325,False,False,False,False,2014041.4739291708,False,False,False,False
2023-06-05 00:00:00+00:00,44.7529954535,45.0069963009,43.9714543847,43.9714543847,1319600,,,,,,,,,,,,,,,,,,,,,,,,,,,,46.08429368490475,40.18024006071828,,"rgba(239, 83, 80, 0.75)",0.0,0.0,3.7097448090406893,41.90069768765514,0.7688663001546032,0.0,0.0,0.0,0.0,0.0,0.0,0.0,0.0,37.45139287359761,-20.096818697774076,False,True,False,True,True,0.3608551975093768,0,0.9212315161837018,0.9577708498118703,False,False,False,False,-0.23245533513108646,-0.22934794204906422,False,False,False,False,-1076455,-819639.1983969823,False,False,False,False,1986808.4749515562,False,False,False,False
2023-06-06 00:00:00+00:00,45.036304091,45.0460733543,44.577148713,44.7432261901,1035972,,,,,,,,,,,,,,,,,,,,,,,,,,,,46.075655893190344,40.19206391256711,,"rgba(239, 83, 80, 0.75)",0.0,0.0,3.6757436911130132,41.903182929893504,0.8523774845024047,0.0,0.0,0.0,0.0,0.0,0.0,0.0,0.0,39.583343230432746,-17.91566145899504,False,True,False,True,True,1.0130277297237775,0,0.9207873719948706,0.9589094908313034,False,False,False,False,-0.20245385653770842,-0.21590089929338632,False,False,False,False,-40483,-789084.0533618066,False,False,False,False,1949520.7700514952,False,False,False,False
2023-06-07 00:00:00+00:00,43.9323773312,45.6419984193,43.9128388045,45.0851504078,1264376,,,,,,,,,,,,,,,,,,,,,,,,,,,,46.061871714841345,40.205219803278226,,"rgba(239, 83, 80, 0.75)",0.0,0.0,3.6435263786187386,41.901034950633445,0.5575209754174029,0.0,0.0,0.0,0.0,0.0,0.0,0.0,0.0,38.965114068955344,-17.91566145899504,False,True,False,True,True,0.0,0,0.9230262547868406,0.9477406769820091,False,False,False,False,-0.2056179437509934,-0.21075942152218985,False,False,False,False,-1304859,-809310.521857422,False,False,False,False,1922652.3476965346,False,False,False,False
2023-06-08 00:00:00+00:00,44.2645322855,44.8604573505,43.9568004896,44.5673794497,1695237,,,,,,,,,,,,,,,,,,,,,,,,,,,,46.04220080926729,40.22218149260664,,"rgba(239, 83, 80, 0.75)",0.0,0.0,3.602795216958154,41.89660679803015,0.6572467611603797,0.0,0.0,0.0,0.0,0.0,0.0,0.0,0.0,39.4693094924227,-17.54514240510654,False,True,False,True,True,0.0,0,0.9054842766535465,0.9750036423978746,False,False,False,False,-0.24001834697525304,-0.22538888424872144,False,False,False,False,390378,-762263.9131571309,False,False,False,False,1913734.0987672587,False,False,False,False
2023-06-09 00:00:00+00:00,43.8249154343,44.2352244954,43.3071444762,44.0203007015,1650821,,,,,,,,,,,,,,,,,,,,,,,,,,,,46.017114405851956,40.23630354881763,,"rgba(239, 83, 80, 0.75)",0.0,0.0,3.5455806411249142,41.885053018943466,0.5471212226443881,0.0,0.0,0.0,0.0,0.0,0.0,0.0,0.0,38.99061938976069,-17.54514240510654,False,True,False,True,True,0.0,0,0.8836174935007914,0.9878042520306768,False,False,False,False,-0.30087324889392086,-0.2631310665713211,False,False,False,False,-1260443,-781800.3479352826,False,False,False,False,1903423.7811685428,False,False,False,False
2023-06-12 00:00:00+00:00,44.0007621748,44.0593777549,43.355990793,43.6197609037,1120404,,,,,,,,,,,,,,,,,,,,,,,,,,,,46.00052634829817,40.24586822132244,,"rgba(239, 83, 80, 0.75)",0.0,0.0,3.480215047066918,41.87827591405357,0.6098721579102532,0.0,0.0,0.0,0.0,0.0,0.0,0.0,0.0,39.206140993282006,-17.033357998291905,False,True,False,True,True,0.0,0,0.8809050461842953,0.9910750819276821,False,False,False,False,-0.3070485898260695,-0.2850898281986953,False,False,False,False,-140039,-756633.2362515461,False,False,False,False,1872717.1230835018,False,False,False,False
2023-06-13 00:00:00+00:00,43.8835310144,44.6553028199,43.4829912167,44.3133786023,1397908,,,,,,,,,,,,,,,,,,,,,,,,,,,,45.9820471602765,40.258403072305214,,"rgba(239, 83, 80, 0.75)",0.0,0.0,3.405648866346187,41.87290937834558,0.5903784315297158,0.0,0.0,0.0,0.0,0.0,0.0,0.0,0.0,39.10370182831096,-16.68204725097268,False,True,False,True,True,0.0,0,0.8830376529962627,0.9818414615539364,False,False,False,False,-0.27218365711083226,-0.2786367426547638,False,False,False,False,-1537947,-787272.9916926619,False,False,False,False,1854097.1574723842,False,False,False,False
2023-06-14 00:00:00+00:00,43.5416067968,44.3915327092,43.0922206823,44.3719941825,1214696,,,,,,,,,,,,,,,,,,,,,,,,,,,,45.96361148198515,40.26826839071934,,"rgba(239, 83, 80, 0.75)",0.0,0.0,3.3481512739975092,41.865713843255676,0.5005427820898295,0.0,0.0,0.0,0.0,0.0,0.0,0.0,0.0,38.304184112309514,-16.68204725097268,False,True,False,True,True,0.0,0,0.8768380185970536,1.0010205624605024,False,False,False,False,-0.3037206120382131,-0.29117867734648845,False,False,False,False,-2752643,-864346.3253517733,False,False,False,False,1829022.6022773888,False,False,False,False
2023-06-15 00:00:00+00:00,43.6490686938,43.7760691175,42.9661971849,43.4439141632,1197084,,,,,,,,,,,,,,,,,,,,,,,,,,,,45.944077698139985,40.27733542517379,,"rgba(239, 83, 80, 0.75)",0.0,0.0,3.298744241188076,41.85738440046431,0.5431413175246322,0.0,0.0,0.0,0.0,0.0,0.0,0.0,0.0,38.17464538547196,-16.68204725097268,False,True,False,True,True,0.0,0,0.8592993998787629,1.01988247100729,False,False,False,False,-0.34017315534421605,-0.31567591634535225,False,False,False,False,-1555559,-891452.704749743,False,False,False,False,1804240.6963057264,False,False,False,False
2023-06-16 00:00:00+00:00,43.8346846976,44.6553028199,43.49276048,43.9323773312,3414541,,,,,,,,,,,,,,,,,,,,,,,,,,,,45.90156624788909,40.30717650365548,,"rgba(239, 83, 80, 0.75)",0.0,0.0,3.2454736002467577,41.84941696940055,0.6117035516938124,0.0,0.0,0.0,0.0,0.0,0.0,0.0,0.0,38.81386151059746,-15.762087893024827,False,True,False,True,True,0.0,1,0.8599612832050485,1.0152153585623518,False,False,False,False,-0.2717170782581977,-0.29369649730177494,False,False,False,False,1858982,-783592.520249753,False,False,False,False,1867389.727823149,False,False,False,False
2023-06-20 00:00:00+00:00,41.9980631859,43.1254361777,41.9882939225,42.9847587853,2363759,,,,,,,,,,,,,,,,,,,,,,,,,,,,45.84906515583241,40.318581200306376,,"rgba(239, 83, 80, 1.0)",0.0,0.0,3.2139076581462738,41.82040748907001,0.05527716279579202,0.0,0.0,0.0,0.0,0.0,0.0,0.0,0.0,35.54876266079034,-15.762087893024827,False,True,False,True,False,0.0,1,0.8414719454758596,1.0140707843410595,False,False,False,False,-0.34282825441539394,-0.3182623758585844,False,False,False,False,-504777,-772658.5782791745,False,False,False,False,1886855.189477143,False,False,False,False
2023-06-21 00:00:00+00:00,41.6854467584,41.9785246592,41.294676224,41.8612934989,1166236,,,,,,,,,,,,,,,,,,,,,,,,,,,,45.81850625145286,40.32220989406063,,"rgba(239, 83, 80, 1.0)",0.0,0.0,3.1935073966276892,41.80195528907337,-0.03648293747382684,0.0,0.0,0.0,0.0,0.0,0.0,0.0,0.0,32.89639450797638,-12.62947272517355,False,True,False,True,False,0.0,0,0.8456151303928028,1.0294297922471367,False,False,False,False,-0.34282825441539394,-0.33054531513698915,False,False,False,False,-1671013,-807888.1634446972,False,False,False,False,1858595.6134192161,False,False,False,False
2023-06-22 00:00:00+00:00,41.7929086553,41.8319857088,41.1774450636,41.2262913804,1516051,,,,,,,,,,,,,,,,,,,,,,,,,,,,45.77895164524059,40.32671407260086,,"rgba(239, 83, 80, 1.0)",0.0,0.0,3.156176265622841,41.77883034396974,0.004460559279786558,0.0,0.0,0.0,0.0,0.0,0.0,0.0,0.0,31.56872586150798,-13.959932443558401,False,True,False,True,False,0.0,0,0.836953151204949,1.0500125899131707,False,False,False,False,-0.34282825441539394,-0.3366867847761915,False,False,False,False,-154962,-782283.2158586306,False,False,False,False,1845162.4913243449,False,False,False,False
2023-06-23 00:00:00+00:00,41.6170619149,42.3595259302,41.4509844377,42.027370976,1318846,,,,,,,,,,,,,,,,,,,,,,,,,,,,45.74682727990595,40.33124336509635,,"rgba(239, 83, 80, 1.0)",0.0,0.0,3.0497180110666124,41.761521279044125,-0.047368105385455765,0.0,0.0,0.0,0.0,0.0,0.0,0.0,0.0,30.37701893881224,-15.178472636386296,False,True,False,True,False,0.0,0,0.8318250252659065,1.0580060807601075,False,False,False,False,-0.3111599405898181,-0.3239233626830048,False,False,False,False,-1473808,-809401.8348445666,False,False,False,False,1824522.6289194685,False,False,False,False
2023-06-26 00:00:00+00:00,41.9882939225,42.5549111974,41.4412151744,41.8026779187,1696114,,,,,,,,,,,,,,,,,,,,,,,,,,,,45.70818168823166,40.33775424553877,,"rgba(239, 83, 80, 1.0)",0.0,0.0,2.9255851005673996,41.74241736084876,0.08404355135782936,0.0,0.0,0.0,0.0,0.0,0.0,0.0,0.0,31.233699284276597,-15.178472636386296,False,True,False,True,False,0.0,0,0.8123805123792527,1.0779492542534148,False,False,False,False,-0.30390971831576274,-0.3139165404993838,False,False,False,False,222306,-768942.7040663484,False,False,False,False,1819486.9964128227,False,False,False,False
2023-06-27 00:00:00+00:00,41.9687553958,42.5549111974,41.187214327,42.1348328729,1530560,,,,,,,,,,,,,,,,,,,,,,,,,,,,45.67314557129591,40.3432651262045,,"rgba(239, 83, 80, 1.0)",0.0,0.0,2.8083920266279176,41.72542804180189,0.08664294432222794,0.0,0.0,0.0,0.0,0.0,0.0,0.0,0.0,31.76125374248415,-15.178472636386296,False,True,False,True,False,0.0,0,0.8314458231787557,1.0701528453260796,False,False,False,False,-0.3138390483303579,-0.31387779441487085,False,False,False,False,-1308254,-790092.1666519818,False,False,False,False,1808156.525965261,False,False,False,False
2023-06-28 00:00:00+00:00,41.5779848614,41.7636008653,41.2262913804,41.675677495,1209214,,,,,,,,,,,,,,,,,,,,,,,,,,,,45.64316643257107,40.34653520408005,,"rgba(239, 83, 80, 1.0)",0.0,0.0,2.744921532984995,41.71006747651105,-0.04811890377333215,0.0,0.0,0.0,0.0,0.0,0.0,0.0,0.0,31.234937846553173,-15.178472636386296,False,True,False,True,False,0.0,0,0.8426615551328737,1.0643468209359688,False,False,False,False,-0.34282825441539394,-0.32835302441513237,False,False,False,False,-2517468,-857832.3954107277,False,False,False,False,1784668.583770545,False,False,False,False
2023-06-29 00:00:00+00:00,41.5486770713,41.6361119784,40.7769052659,41.07975243,1123393,,,,,,,,,,,,,,,,,,,,,,,,,,,,45.61435360478609,40.34903782394452,,"rgba(239, 83, 80, 1.0)",0.0,0.0,2.754677202058056,41.69510099109658,-0.05315465626505609,0.0,0.0,0.0,0.0,0.0,0.0,0.0,0.0,30.817876529520017,-15.288263167473701,False,True,False,True,False,0.0,0,0.8319453509424904,1.070620163870013,False,False,False,False,-0.34282825441539394,-0.3355906394152631,False,False,False,False,-3640861,-966970.7720612874,False,False,False,False,1758736.2079364061,False,False,False,False
2023-06-30 00:00:00+00:00,42.2227562432,42.27160256,41.5144846496,41.5486770713,1448474,,,,,,,,,,,,,,,,,,,,,,,,,,,,45.583579929965225,40.35449888754571,,"rgba(239, 83, 80, 0.75)",0.0,0.0,2.761819722377324,41.68200827952889,0.19579408434582757,0.0,0.0,0.0,0.0,0.0,0.0,0.0,0.0,33.869956692035316,-15.288263167473701,False,True,False,True,True,0.0,0,0.8605015524436337,1.0465635161869744,False,False,False,False,-0.2905695657942183,-0.31308010260474073,False,False,False,False,-2192387,-1015026.3104118252,False,False,False,False,1746569.0625271355,False,False,False,False
2023-07-03 00:00:00+00:00,42.9456817319,43.129343883,42.1250636096,42.3106796134,755645,,,,,,,,,,,,,,,,,,,,,,,,,,,,45.570965670714585,40.35858955964676,,"rgba(239, 83, 80, 0.75)",0.0,0.0,2.757732966510908,41.67841962418617,0.45953039076048646,0.0,0.0,0.0,0.0,0.0,0.0,0.0,0.0,38.787447378764455,-15.430305178352413,False,True,False,True,True,0.0,0,0.8695086583273542,1.03291909482112,False,False,False,False,-0.23633798092482405,-0.2747090417647824,False,False,False,False,-1436742,-1031564.1805917537,False,False,False,False,1707709.2953692086,False,False,False,False
2023-07-05 00:00:00+00:00,41.783139392,43.3364522663,41.783139392,43.1606055258,2030025,,,,,,,,,,,,,,,,,,,,,,,,,,,,45.5325428373648,40.3675211312937,,"rgba(239, 83, 80, 0.75)",0.0,0.0,2.76444022061181,41.66468234070851,0.042850284990165875,0.0,0.0,0.0,0.0,0.0,0.0,0.0,0.0,38.7740686408041,-15.430305178352413,False,True,False,True,True,0.0,0,0.8703384084450235,1.0214244460122188,False,False,False,False,-0.2412563394766958,-0.2579826906207391,False,False,False,False,-3466767,-1127062.3303724693,False,False,False,False,1720349.1269233574,False,False,False,False
2023-07-06 00:00:00+00:00,40.4740581017,41.4998307545,40.2200572543,41.4021381209,2633142,,,,,,,,,,,,,,,,,,,,,,,,,,,,45.46046688170873,40.36967814522251,,"rgba(239, 83, 80, 1.0)",0.0,0.0,2.8300169713194516,41.70197645706245,-0.43389080977487915,0.0,0.0,0.0,0.0,0.0,0.0,0.0,0.0,36.169046816617254,-15.430305178352413,False,True,False,True,False,0.0,0,0.8502752202854571,1.0495026118850799,True,False,False,False,-0.34282825441539394,-0.3004054725180665,False,False,False,False,-6099909,-1322075.9252598234,True,False,False,False,1756144.9258675394,False,False,False,False
2023-07-07 00:00:00+00:00,40.6108277887,41.323984014,40.4642888383,40.4642888383,1800174,,,,,,,,,,,,,,,,,,,,,,,,,,,,45.41311892901173,40.37141423107276,,"rgba(239, 83, 80, 1.0)",0.0,0.0,2.895761517527196,41.67967962403675,-0.3691090681560979,0.0,0.0,0.0,0.0,0.0,0.0,0.0,0.0,34.95198464454138,-15.430305178352413,False,True,False,True,False,0.0,0,0.8525309348092391,1.054107721105238,False,False,False,False,-0.3402769258661505,-0.32034119919210846,False,False,False,False,-4299735,-1438846.8693672814,False,False,False,False,1757871.5562256752,False,False,False,False
2023-07-10 00:00:00+00:00,41.2849069606,41.4705229644,40.3665962047,40.3665962047,1323068,,,,,,,,,,,,,,,,,,,,,,,,,,,,45.38071444107537,40.37339419378894,,"rgba(239, 83, 80, 1.0)",0.0,0.0,2.9354467424565733,41.66776839087533,-0.1304269720645418,0.0,0.0,0.0,0.0,0.0,0.0,0.0,0.0,36.593790278888,-15.430305178352413,False,True,False,True,False,0.0,0,0.8533075136637756,1.060311015690683,False,False,False,False,-0.33845715866893605,-0.3293991789305223,False,False,False,False,-2976667,-1499153.5411567998,False,False,False,False,1740820.436373688,False,False,False,False
2023-07-11 00:00:00+00:00,41.0992909568,41.7440623385,41.0309061132,41.5193692812,897892,,,,,,,,,,,,,,,,,,,,,,,,,,,,45.36025034852866,40.37523363988162,,"rgba(239, 83, 80, 1.0)",0.0,0.0,2.9851296106589245,41.66202514051745,-0.18851247922640021,0.0,0.0,0.0,0.0,0.0,0.0,0.0,0.0,37.26326746257845,-15.430305178352413,False,True,False,True,False,0.0,0,0.8667253639156111,1.0537085153680685,False,False,False,False,-0.30391780333699525,-0.31665849113375877,False,False,False,False,-3874559,-1592306.6964055528,False,False,False,False,1707764.4192609943,False,False,False,False
2023-07-12 00:00:00+00:00,43.0824514189,43.2387596327,41.7147545485,41.8026779187,2500085,,,,,,,,,,,,,,,,,,,,,,,,,,,,45.323398582969666,40.388013324509615,,"rgba(239, 83, 80, 0.5)",0.0,0.0,3.0026486247306394,41.67907815363015,0.46737845171468984,0.0,0.0,0.0,0.0,0.0,0.0,0.0,0.0,43.300070884806,-11.686944977161943,False,False,False,True,True,0.0,0,0.8606019385930849,1.0158970417277855,False,False,False,False,-0.22618600092810554,-0.2714222460309321,False,False,False,False,-1374474,-1583764.2377229822,False,False,False,False,1738835.8145840927,False,False,False,False
2023-07-13 00:00:00+00:00,43.5806838503,43.6734918522,43.224008045,43.3755293197,1393057,,,,,,,,,,,,,,,,,,,,,,,,,,,,45.30948700028451,40.397581783061405,,#000000,0.0,0.0,3.0147103986626957,41.69446177904549,0.625672725344107,0.0,0.0,0.0,0.0,0.0,0.0,0.0,0.0,48.36872241061259,-7.151582850236707,True,False,False,False,True,0.0,0,0.8803898015975414,1.0149555777323096,False,False,False,False,-0.15905073139438453,-0.21523648871265832,False,False,False,False,18583,-1520927.0911456104,False,False,False,False,1725275.8610709913,False,False,False,False
2023-07-14 00:00:00+00:00,43.6881457472,44.0984548084,43.355990793,43.6588379572,1023962,,,,,,,,,,,,,,,,,,,,,,,,,,,,45.300625611858166,40.40507809479343,,"rgba(38, 166, 154, 1.0)",0.0,0.0,3.0253381437603597,41.70567400600046,0.6552893088292656,0.0,0.0,0.0,0.0,0.0,0.0,0.0,0.0,51.97438438670545,-4.063390753017835,True,False,True,False,True,0.0,0,0.8807446139840825,1.0181041517999396,False,False,False,False,-0.14010099130994488,-0.17766874001130162,False,False,False,False,1042545,-1420398.7738457827,False,False,False,False,1697773.3567152661,False,False,False,False
2023-07-17 00:00:00+00:00,43.4048371098,43.736992064,43.0433743655,43.2582981594,855440,,,,,,,,,,,,,,,,,,,,,,,,,,,,45.29182365372186,40.41071328613178,,"rgba(38, 166, 154, 1.0)",0.0,0.0,3.036134445959301,41.711554037819724,0.5577101746050193,0.0,0.0,0.0,0.0,0.0,0.0,0.0,0.0,53.483495599400094,-2.871676914495694,True,False,True,False,True,0.0,0,0.8501248708697566,1.0283689398206952,False,False,False,False,-0.16305013663417392,-0.17035943832273776,False,False,False,False,187105,-1357359.410165556,False,False,False,False,1664740.6760597655,False,False,False,False
2023-07-18 00:00:00+00:00,43.8835310144,44.4013019725,43.4341448999,43.7467613274,1036587,,,,,,,,,,,,,,,,,,,,,,,,,,,,45.28411186503091,40.41867832267097,,"rgba(38, 166, 154, 1.0)",0.0,0.0,3.0416717051823947,41.72215318778153,0.7105887933059698,0.0,0.0,0.0,0.0,0.0,0.0,0.0,0.0,55.61666833079035,-0.9601508507328802,True,False,True,False,True,0.41492680376804003,0,0.8470794017047361,1.0446051773006981,False,False,False,False,-0.12719580419130774,-0.14877762125702276,False,False,False,False,1223692,-1256141.7078061225,False,False,False,False,1640107.1985672256,False,False,False,False
2023-07-19 00:00:00+00:00,43.8053769076,44.088685545,43.5318375335,43.6783764839,1482812,,,,,,,,,,,,,,,,,,,,,,,,,,,,45.272456702713264,40.42969182566369,,"rgba(38, 166, 154, 1.0)",0.0,0.0,3.047179310200958,41.73434603503342,0.6796550717030166,0.0,0.0,0.0,0.0,0.0,0.0,0.0,0.0,56.763956703403096,0.12029828224095951,True,False,True,False,True,0.2126424576344661,0,0.8595406602583896,1.0508776018043786,False,False,False,False,-0.1344702008305232,-0.14162391104377298,False,False,False,False,-259120,-1217042.8173039218,False,False,False,False,1633938.7594077266,False,False,False,False
2023-07-20 00:00:00+00:00,42.9652202586,43.844453961,42.8772968883,43.6392994304,1583034,,,,,,,,,,,,,,,,,,,,,,,,,,,,45.25536796610732,40.43936749873605,,"rgba(38, 166, 154, 1.0)",0.0,0.0,3.0605986736536703,41.73888267844882,0.40068552296901067,0.0,0.0,0.0,0.0,0.0,0.0,0.0,0.0,54.77248753150984,0.12029828224095951,True,False,True,False,True,0.0,0,0.8246521677794115,1.0527990610172542,False,False,False,False,-0.1650534419615829,-0.15333867650267793,False,False,False,False,-1842154,-1241556.981331219,False,False,False,False,1631942.4943329138,False,False,False,False
2023-07-21 00:00:00+00:00,43.1703747891,43.3742593155,42.6736077473,42.7893735181,1023818,,,,,,,,,,,,,,,,,,,,,,,,,,,,45.24362681410346,40.445241150898504,,"rgba(38, 166, 154, 1.0)",0.0,0.0,3.062766251753622,41.74028189974491,0.4669285122677183,0.0,0.0,0.0,0.0,0.0,0.0,0.0,0.0,54.03938775897897,0.12029828224095951,True,False,True,False,True,0.0,0,0.8153855328603798,1.0657196375519244,False,False,False,False,-0.17869588253048374,-0.16601727951658085,False,False,False,False,-818336,-1224960.0801025438,False,False,False,False,1608094.4749473094,False,False,False,False
2023-07-24 00:00:00+00:00,43.5122990067,43.5513760602,42.7796042547,43.2192211059,1379875,,,,,,,,,,,,,,,,,,,,,,,,,,,,45.229500489019024,40.45374061743113,,"rgba(38, 166, 154, 1.0)",0.0,0.0,3.050510083933019,41.74389129022503,0.5797088578035324,0.0,0.0,0.0,0.0,0.0,0.0,0.0,0.0,54.53569369989066,0.12029828224095951,True,False,True,False,True,0.0,0,0.8290552890320193,1.0534028080734819,False,False,False,False,-0.15351644833070144,-0.15976686392364114,False,False,False,False,561539,-1154901.2926475422,False,False,False,False,1599144.6916160425,False,False,False,False
2023-07-25 00:00:00+00:00,44.5673794497,44.6064565031,43.6392994304,43.6783764839,2222669,,,,,,,,,,,,,,,,,,,,,,,,,,,,45.21851517171989,40.47208099837151,,"rgba(38, 166, 154, 1.0)",0.0,0.0,3.0338224756677334,41.763425796929866,0.9242312875122968,0.0,0.0,0.0,0.0,0.0,0.0,0.0,0.0,57.454420609604696,1.1835114619470772,True,False,True,False,True,2.237313915377303,0,0.8652107366533167,1.0309699401731571,False,False,False,False,-0.07623310979234174,-0.11799998685799144,False,False,False,False,2784208,-1000426.41842607,False,False,False,True,1623596.6252781586,False,False,False,False
2023-07-26 00:00:00+00:00,43.9714543847,44.7041491367,43.5709145869,44.6748413466,2676583,,,,,,,,,,,,,,,,,,,,,,,,,,,,45.20304473160526,40.492847829815645,,"rgba(38, 166, 154, 1.0)",0.0,0.0,3.0211785470456007,42.05621097177743,0.6339391674800156,0.0,0.0,0.0,0.0,0.0,0.0,0.0,0.0,57.335892507014364,1.2860862436673415,True,False,True,False,True,0.6644703870875333,0,0.8713998970521757,1.017527139499399,False,False,False,False,-0.075086236154802,-0.09654311150639672,False,False,False,False,107625,-956973.4216250477,False,False,False,False,1664890.2086005837,False,False,False,False
2023-07-27 00:00:00+00:00,42.7698349914,43.5904531136,42.6633500207,43.5025297434,1833638,,,,,,,,,,,,,,,,,,,,,,,,,,,,45.182760348227255,40.502720172447376,,"rgba(38, 166, 154, 0.75)",0.0,0.0,3.0270134230683112,42.0331702633833,0.2433635485071588,0.0,0.0,0.0,0.0,0.0,0.0,0.0,0.0,53.86274929864677,1.2860862436673415,True,False,True,False,False,0.0,0,0.8392101145366192,1.03566165057383,False,False,False,False,-0.1354571046000256,-0.11600010805321116,False,False,False,False,-1726013,-987131.8364632812,False,False,False,False,1671507.7690476195,False,False,False,False
2023-07-28 00:00:00+00:00,42.9945280487,43.2680674227,42.5549111974,43.1312977357,947776,,,,,,,,,,,,,,,,,,,,,,,,,,,,45.17209534244529,40.50765356756946,,#000000,0.0,0.0,3.020272906434797,42.02606532870094,0.3206540435255756,0.0,0.0,0.0,0.0,0.0,0.0,0.0,0.0,52.173401852625055,1.2860862436673415,True,False,False,False,False,0.0,0,0.8612530019200433,1.0389599447990978,False,False,False,False,-0.1326870265063837,-0.12434356727979742,False,False,False,False,-778237,-978939.8820921722,False,False,False,False,1643126.1310457522,False,False,False,False
2023-07-31 00:00:00+00:00,43.7956076442,44.1375318618,42.9823164695,43.2973752128,1121695,,,,,,,,,,,,,,,,,,,,,,,,,,,,45.16351578449426,40.51513832858788,,"rgba(38, 166, 154, 0.75)",0.0,0.0,2.985860520885894,42.0304396724542,0.5911756290685934,0.0,0.0,0.0,0.0,0.0,0.0,0.0,0.0,53.1270176204884,1.2860862436673415,True,False,True,False,False,0.2807958464722873,0,0.8806385283698133,1.0031697024599804,False,False,False,False,-0.033173274867227355,-0.07875842107351239,False,False,False,False,343458,-927081.1416179694,False,False,False,False,1622677.8513968992,False,False,False,False
2023-08-01 00:00:00+00:00,42.7893735181,43.1215284723,42.5744497242,42.9554509952,1429108,,,,,,,,,,,,,,,,,,,,,,,,,,,,45.14699027798073,40.52216293418204,,#000000,0.0,0.0,2.9248064663528823,42.02173718206489,0.2624571385717437,0.0,0.0,0.0,0.0,0.0,0.0,0.0,0.0,51.11921544372516,6.889379769413445,True,False,False,False,False,0.0,0,0.897032134383441,1.0056489199048464,False,False,False,False,-0.11189675040374657,-0.09532758573862948,False,False,False,False,-1085650,-933299.5282211863,False,False,False,False,1615086.8768323148,False,False,False,False
2023-08-02 00:00:00+00:00,41.294676224,42.5939882509,41.2262913804,42.5549111974,1641892,,,,,,,,,,,,,,,,,,,,,,,,,,,,45.11922961086018,40.526275134373044,,"rgba(239, 83, 80, 0.5)",0.0,0.0,2.910932940339021,41.99458535419929,-0.24044151636065272,0.0,0.0,0.0,0.0,0.0,0.0,0.0,0.0,46.78824161224341,2.704456978763254,True,False,False,True,False,0.0,0,0.8620838130326577,1.0168923351530241,False,False,False,False,-0.2152981929934347,-0.1553128893660321,False,False,False,False,-2727542,-1003661.9780948652,False,False,False,False,1616138.0581330084,False,False,False,False
2023-08-03 00:00:00+00:00,41.431445911,41.4949461228,40.7524821075,41.0602139033,1367682,,,,,,,,,,,,,,,,,,,,,,,,,,,,45.09325024778291,40.528296512213984,,"rgba(239, 83, 80, 0.5)",0.0,0.0,2.912140305838943,41.96927905753709,-0.1846865501152956,0.0,0.0,0.0,0.0,0.0,0.0,0.0,0.0,44.28912459069912,0.3506847271884652,True,False,False,True,False,0.0,0,0.8486082661863331,1.0274411882585366,False,False,False,False,-0.3026585295811886,-0.22898570947361035,False,False,False,False,-1359860,-1017630.527973498,False,False,False,False,1606394.683304263,False,False,False,False
2023-08-04 00:00:00+00:00,42.9261432051,43.0238358387,41.6854467584,41.7049852851,4276229,,,,,,,,,,,,,,,,,,,,,,,,,,,,45.041169620289054,40.546342654968875,,"rgba(239, 83, 80, 0.5)",0.0,0.0,2.8867494879493427,41.95394537746797,0.3367794232545787,0.0,0.0,0.0,0.0,0.0,0.0,0.0,0.0,46.357028835649515,0.3506847271884652,True,False,False,True,False,0.0,0,0.889073646447087,0.9956560489374391,False,False,False,False,-0.10041286098182944,-0.1646992852277199,False,False,False,False,2916369,-863356.0366804197,False,False,False,False,1711094.0682727234,False,False,False,False
2023-08-07 00:00:00+00:00,42.4962956173,43.0140665754,42.3888337203,42.7991427814,1599925,,,,,,,,,,,,,,,,,,,,,,,,,,,,45.02289434916914,40.55330513083045,,"rgba(239, 83, 80, 0.5)",0.0,0.0,2.876825147133118,41.950285319924134,0.1897961361746258,0.0,0.0,0.0,0.0,0.0,0.0,0.0,0.0,46.807382945142194,0.3506847271884652,True,False,False,True,False,0.0,0,0.9237586202975087,0.9741269550847047,False,False,False,False,-0.04676258563707799,-0.10573093543239895,False,False,False,False,1316444,-777873.6823007953,False,False,False,False,1706734.4969679108,False,False,False,False
2023-08-08 00:00:00+00:00,42.7405272013,42.8577583616,41.8612934989,41.9394476057,2251425,,,,,,,,,,,,,,,,,,,,,,,,,,,,44.9960937040789,40.56233962924964,,#000000,0.0,0.0,2.8597630177186915,41.94312937568646,0.2788335329441536,0.0,0.0,0.0,0.0,0.0,0.0,0.0,0.0,47.688425396156006,0.3506847271884652,True,False,False,False,True,0.0,0,0.9273901058989558,0.9532059651728091,False,False,False,False,-0.09965393376784978,-0.10269243460012437,False,False,False,False,3567869,-607452.4006419407,False,False,False,False,1728094.9088515223,False,False,False,False
2023-08-09 00:00:00+00:00,43.1899133159,43.3120291079,42.4279107738,42.9945280487,2608019,,,,,,,,,,,,,,,,,,,,,,,,,,,,44.97167394434551,40.5753388810049,,#000000,0.0,0.0,2.841235053002478,41.94464902129507,0.4382827437275896,0.0,0.0,0.0,0.0,0.0,0.0,0.0,0.0,49.34037117102606,0.3506847271884652,True,False,False,False,True,0.0,0,0.9375788637632548,0.9482115553012515,False,False,False,False,-0.020808811719173752,-0.06175062315964906,False,False,False,False,6175888,-341439.0515971588,False,False,False,False,1762601.735955384,False,False,False,False
2023-08-10 00:00:00+00:00,43.0140665754,43.6392994304,42.6428345677,43.6099916404,2777935,,,,,,,,,,,,,,,,,,,,,,,,,,,,44.947857330518126,40.58972832289115,,#000000,0.0,0.0,2.8185076575588823,41.94828796635933,0.3781357862138094,0.0,0.0,0.0,0.0,0.0,0.0,0.0,0.0,49.977079643122906,0.3506847271884652,True,False,False,False,True,0.0,0,0.9460927960878365,0.9393291893270721,False,False,False,False,0.020899001540231305,-0.02042581080970888,False,False,False,False,3397953,-194796.22604432906,False,False,False,False,1802418.726702232,False,False,False,False
2023-08-11 00:00:00+00:00,44.2059167053,44.6162257665,42.6916808845,42.8089120448,3099534,,,,,,,,,,,,,,,,,,,,,,,,,,,,44.93232981484521,40.61026466506152,,"rgba(38, 166, 154, 1.0)",0.0,0.0,2.7854937950223735,42.23655659467473,0.707005743162838,0.0,0.0,0.0,0.0,0.0,0.0,0.0,0.0,53.080308345868936,-2.532878670229721,True,False,True,False,True,1.6930578588034244,1,0.9441179161499315,0.9352064996582721,False,False,False,False,0.10012443957680005,0.03984931438354558,False,False,False,False,6497487,67646.25340838972,False,False,False,False,1853285.9923217522,False,False,False,False
2023-08-14 00:00:00+00:00,43.248528896,43.8151461709,42.867527625,43.6295301671,1658935,,,,,,,,,,,,,,,,,,,,,,,,,,,,44.92027565799308,40.61937071761874,,"rgba(38, 166, 154, 1.0)",0.0,0.0,2.7672962951704307,42.230395614524085,0.3679162521385208,0.0,0.0,0.0,0.0,0.0,0.0,0.0,0.0,52.636526103358065,-2.532878670229721,True,False,True,False,True,0.0,1,0.9195671566921836,0.9734200592750262,False,False,False,False,0.0846391011883859,0.06224420778596574,False,False,False,False,4838552,254740.59641198226,False,False,False,False,1845664.3847797227,False,False,False,False
2023-08-15 00:00:00+00:00,41.4607537011,43.0433743655,41.4216766476,42.9359124685,2127528,,,,,,,,,,,,,,,,,,,,,,,,,,,,44.89247100034864,40.625209777986235,,#000000,0.0,0.0,2.745631017005161,42.19165423033616,-0.26620493602720147,0.0,0.0,0.0,0.0,0.0,0.0,0.0,0.0,48.768639009407636,-2.532878670229721,True,False,False,False,False,0.0,1,0.8987373098496395,0.9741357501896748,False,False,False,False,-0.10109704538966094,-0.0194264188018476,False,False,False,False,2711024,351065.4357683751,False,False,False,False,1856717.8598864002,False,False,False,False
2023-08-16 00:00:00+00:00,40.5424429452,41.3825995942,40.4789427334,41.323984014,2450313,,,,,,,,,,,,,,,,,,,,,,,,,,,,44.84846365669663,40.62607897662245,,"rgba(239, 83, 80, 0.5)",0.0,0.0,2.745450710305003,42.13116989265832,-0.5786761865711372,0.0,0.0,0.0,0.0,0.0,0.0,0.0,0.0,44.75733229918278,0.5291539662796438,False,False,False,True,False,0.0,0,0.8787250987195878,0.996588690381326,False,False,False,False,-0.3296103117987466,-0.1745183653002971,False,False,False,False,260711,347522.1245617722,False,False,False,False,1879996.100675169,False,False,False,False
2023-08-17 00:00:00+00:00,40.2591343078,41.172560432,40.0735183039,40.6694433689,2190404,,,,,,,,,,,,,,,,,,,,,,,,,,,,44.8070647049422,40.62553281656409,,"rgba(239, 83, 80, 0.5)",0.0,0.0,2.7552596278921455,42.08340499529,-0.6621048227261354,0.0,0.0,0.0,0.0,0.0,0.0,0.0,0.0,41.662790958399185,-2.3082003350428337,False,False,False,True,False,0.0,0,0.8613733718727427,1.0012531691938038,False,False,False,False,-0.34282825441539394,-0.25867330985784553,False,False,False,False,-1929693,258219.570657389,False,False,False,False,1892168.959472221,False,False,False,False
2023-08-18 00:00:00+00:00,40.0637490406,40.2395957811,39.6827477695,40.1614416742,1272155,,,,,,,,,,,,,,,,,,,,,,,,,,,,44.78059520141993,40.62392931042439,,"rgba(239, 83, 80, 1.0)",0.0,0.0,2.7188981475552736,42.132190978378375,-0.7607647751123873,0.0,0.0,0.0,0.0,0.0,0.0,0.0,0.0,39.29964882038962,-4.463284314885769,False,True,False,True,False,0.0,0,0.8631602551468122,1.0299127875734675,True,False,False,False,-0.34282825441539394,-0.30075078213661977,False,False,False,False,-3201848,122530.64631788355,True,False,False,False,1867854.6865517418,False,False,False,False
2023-08-21 00:00:00+00:00,40.3372884147,40.3665962047,39.7609018764,40.1614416742,1505311,,,,,,,,,,,,,,,,,,,,,,,,,,,,44.750680137658215,40.62252142380199,,"rgba(239, 83, 80, 1.0)",0.0,0.0,2.6797948461757994,42.106232395262666,-0.6601042550279693,0.0,0.0,0.0,0.0,0.0,0.0,0.0,0.0,38.54458033583927,-5.184197451016885,False,True,False,True,False,0.0,0,0.8634370186909017,1.013222027889674,False,False,False,False,-0.3247432494331894,-0.3127470157849046,False,False,False,False,-1696537,51194.66018777048,False,False,False,False,1853637.2870791245,False,False,False,False
2023-08-22 00:00:00+00:00,40.6499048422,40.7573667391,40.2591343078,40.4935966284,1374934,,,,,,,,,,,,,,,,,,,,,,,,,,,,44.72604430477781,40.62233807514447,,"rgba(239, 83, 80, 1.0)",0.0,0.0,2.6072738046202577,42.09319005416696,-0.5535610450307767,0.0,0.0,0.0,0.0,0.0,0.0,0.0,0.0,38.98890165952443,-5.184197451016885,False,True,False,True,False,0.0,0,0.8848969717905559,0.9943397504168834,False,False,False,False,-0.24853799183814887,-0.2806425038115267,False,False,False,False,-321603,36575.144101975566,False,False,False,False,1834864.609154453,False,False,False,False
2023-08-23 00:00:00+00:00,41.7538316019,42.1152943462,40.8648286361,41.1579065369,1767092,,,,,,,,,,,,,,,,,,,,,,,,,,,,44.70246298080506,40.62568473831481,,"rgba(239, 83, 80, 0.5)",0.0,0.0,2.487665928473078,42.10245265150927,-0.14013981765760905,0.0,0.0,0.0,0.0,0.0,0.0,0.0,0.0,42.27561044598288,-5.184197451016885,False,False,False,True,True,0.0,0,0.8930500813822108,0.9653152936060234,False,False,False,False,-0.08861721499194498,-0.18462985940173585,False,False,False,False,1445489,91826.6678626824,False,False,False,False,1832206.859775847,False,False,False,False
2023-08-24 00:00:00+00:00,41.4412151744,41.9706274335,41.1274893912,41.4118033822,1117992,,,,,,,,,,,,,,,,,,,,,,,,,,,,44.68741930565509,40.627646585088655,,"rgba(239, 83, 80, 0.5)",0.0,0.0,2.3691754331785955,42.10228736202674,-0.2790304923683166,0.0,0.0,0.0,0.0,0.0,0.0,0.0,0.0,43.74348974618034,-5.184197451016885,False,False,False,True,True,0.0,0,0.8949683952512342,0.9792397622362944,False,False,False,False,-0.07922790644286128,-0.13192888292229857,False,False,False,False,327497,101068.64167198897,False,False,False,False,1804198.4339022846,False,False,False,False
2023-08-25 00:00:00+00:00,41.2451365599,41.7843527497,40.5784692706,41.5000387587,1040260,,,,,,,,,,,,,,,,,,,,,,,,,,,,44.67219188202637,40.62882695010327,,"rgba(239, 83, 80, 0.5)",0.0,0.0,2.2369886923797586,42.09618425838049,-0.38044345122510603,0.0,0.0,0.0,0.0,0.0,0.0,0.0,0.0,44.259413772489395,-5.184197451016885,False,False,False,True,True,0.0,0,0.8917533026218837,0.9777201435802589,False,False,False,False,-0.13803274826859926,-0.13498081559544892,False,False,False,False,-712763,69153.67533191097,False,False,False,False,1774240.063945332,False,False,False,False
2023-08-28 00:00:00+00:00,42.166706048,42.3235689396,41.3137640749,41.5098426894,1137972,,,,,,,,,,,,,,,,,,,,,,,,,,,,44.65916839019237,40.631752809585315,,#000000,0.0,0.0,2.083544967915677,42.09965362058244,0.032181895975416486,0.0,0.0,0.0,0.0,0.0,0.0,0.0,0.0,47.03323898541288,-8.925376929146331,True,False,False,False,True,0.0,0,0.907393522737724,0.9545513643946052,False,False,False,False,-0.0364719119940437,-0.08572636379474631,False,False,False,False,425209,83116.62924046349,False,False,False,False,1749288.3751631621,False,False,False,False
2023-08-29 00:00:00+00:00,42.9216087138,42.9314126446,41.882392057,41.8921959877,1240710,,,,,,,,,,,,,,,,,,,,,,,,,,,,44.6484316573226,40.63649677440587,,#000000,0.0,0.0,1.9783538963609966,42.11117571418793,0.4096501647671767,0.0,0.0,0.0,0.0,0.0,0.0,0.0,0.0,50.57677187685216,-5.483842612498279,True,False,False,False,True,0.0,0,0.9079953350180925,0.9596293836392427,False,False,False,False,0.05656479236303757,-0.014580785715854371,False,False,False,False,1665919,145187.3104467198,False,False,False,False,1729344.1251567637,False,False,False,False
2023-08-30 00:00:00+00:00,42.9216087138,43.7059231718,42.7598438569,43.1765109127,1076737,,,,,,,,,,,,,,,,,,,,,,,,,,,,44.641658245724464,40.64175716211098,,"rgba(38, 166, 154, 1.0)",0.0,0.0,1.8584368450382047,42.33875873100301,0.31362377707540795,0.0,0.0,0.0,0.0,0.0,0.0,0.0,0.0,52.93912713781168,-3.220832231075107,True,False,True,False,True,0.0,0,0.9521208097370254,0.9279673082744146,False,False,False,False,0.18926424066928685,0.08734172747671624,False,False,False,False,1665919,204823.8472919465,False,False,False,False,1703751.6888761064,False,False,False,False
2023-08-31 00:00:00+00:00,42.7255300993,43.0441578479,42.166706048,42.8627851295,1398332,,,,,,,,,,,,,,,,,,,,,,,,,,,,44.63016723609481,40.64723370565547,,"rgba(38, 166, 154, 1.0)",0.0,0.0,1.7058485146972253,42.33388464200604,0.22958982226125477,0.0,0.0,0.0,0.0,0.0,0.0,0.0,0.0,53.88759082429351,-2.2492867023423813,True,False,True,False,True,0.0,0,0.9542254558076544,0.9192041824269398,False,False,False,False,0.08810591261420063,0.08772382004545844,False,False,False,False,267587,207285.14739814468,False,False,False,False,1691774.4461750828,False,False,False,False
2023-09-01 00:00:00+00:00,42.3431768011,43.4706288344,42.2794512513,43.3333738043,2281504,,,,,,,,,,,,,,,,,,,,,,,,,,,,44.61218652254832,40.656337332600984,,"rgba(38, 166, 154, 1.0)",0.0,0.0,1.5921803465550584,42.34222762666019,0.0005961475669914884,0.0,0.0,0.0,0.0,0.0,0.0,0.0,0.0,53.304916038776305,-2.2492867023423813,True,False,True,False,True,0.0,0,0.9590981267612511,0.9090650582533926,False,False,False,False,0.13123366636964925,0.10947874320755385,False,False,False,False,-2013917,120179.18083351155,False,False,False,False,1714901.0953446876,False,False,False,False
2023-09-05 00:00:00+00:00,41.0294500839,42.4314121776,40.7941557465,42.0000392257,1900115,,,,,,,,,,,,,,,,,,,,,,,,,,,,44.587626611218695,40.659144463468806,,#000000,0.0,0.0,1.4975736206532728,42.30858844415086,-0.8541405528316316,0.0,0.0,0.0,0.0,0.0,0.0,0.0,0.0,49.47449120645927,-2.2492867023423813,True,False,False,False,False,0.0,0,0.9264547001176231,0.9398959170050816,False,False,False,False,-0.06910162855415129,0.02018855732670128,False,False,False,False,-3914032,-38025.17919917518,False,False,False,False,1722164.3857233273,False,False,False,False
2023-09-06 00:00:00+00:00,41.0392540146,41.2353326291,40.4461162058,40.8627832616,1534039,,,,,,,,,,,,,,,,,,,,,,,,,,,,44.56491673582394,40.65987914369988,,"rgba(239, 83, 80, 0.5)",0.0,0.0,1.4430083434012893,42.277040957537125,-0.8577822495603606,0.0,0.0,0.0,0.0,0.0,0.0,0.0,0.0,46.95235531547505,3.089452334016464,False,False,False,True,False,0.0,0,0.9195755986809683,0.9659577109509896,False,False,False,False,-0.19337714277441934,-0.08659429272385903,False,False,False,False,-2379993,-129867.05452469773,False,False,False,False,1714786.9196165302,False,False,False,False
2023-09-07 00:00:00+00:00,40.9314107767,41.0587638368,40.7157243007,40.9019989845,2083470,,,,,,,,,,,,,,,,,,,,,,,,,,,,44.534477126815716,40.660850213317,,"rgba(239, 83, 80, 0.5)",0.0,0.0,1.3748280211140154,42.24228993475076,-0.9534859181794695,0.0,0.0,0.0,0.0,0.0,0.0,0.0,0.0,45.00186512556479,1.1875482043413683,False,False,False,True,False,0.0,0,0.9281230323479948,0.9687026273043646,False,False,False,False,-0.18575813371828706,-0.13617621322107304,False,False,False,False,-4463463,-299811.9935629449,False,False,False,False,1729245.0796315684,False,False,False,False
2023-09-08 00:00:00+00:00,41.3333719364,41.9216077799,40.9706264996,41.0294500839,1333325,,,,,,,,,,,,,,,,,,,,,,,,,,,,44.517940985594855,40.66276461359905,,"rgba(239, 83, 80, 0.5)",0.0,0.0,1.3039385949996647,42.23145292409504,-0.6887448466814265,0.0,0.0,0.0,0.0,0.0,0.0,0.0,0.0,45.13849734445394,1.1875482043413683,False,False,False,True,False,0.0,0,0.9358269665875987,0.9401585039506741,False,False,False,False,-0.09562097036380864,-0.11589859179244083,False,False,False,False,-3130138,-410805.17028596665,False,False,False,False,1713718.8019989578,False,False,False,False
2023-09-11 00:00:00+00:00,42.2843532167,42.451020039,41.9608235028,42.0784706715,1003259,,,,,,,,,,,,,,,,,,,,,,,,,,,,44.50887828478607,40.66578221137111,,#000000,0.0,0.0,1.2738683452137973,42.233513942938814,0.0399093626528978,0.0,0.0,0.0,0.0,0.0,0.0,0.0,0.0,48.14093978282334,1.1875482043413683,False,False,False,False,False,0.0,0,0.9517258545822543,0.9173196656422627,False,False,False,False,0.02474816033212636,-0.045575215730157236,False,False,False,False,-2126879,-478102.18321592873,False,False,False,False,1685857.6332931165,False,False,False,False
2023-09-12 00:00:00+00:00,42.1863139095,42.7246477456,41.7990586458,42.05886281,1196779,,,,,,,,,,,,,,,,,,,,,,,,,,,,44.49818270438163,40.669377279046294,,#000000,0.0,0.0,1.2658602712137985,42.23552756659753,-0.03887763777461969,0.0,0.0,0.0,0.0,0.0,0.0,0.0,0.0,49.82092618426439,1.1875482043413683,True,False,False,False,True,0.0,0,0.93468308859712,0.9245059932016726,False,False,False,False,0.033594716043368854,-0.005990249843394191,False,False,False,False,-3323658,-589692.6074035394,False,False,False,False,1666678.0790463276,False,False,False,False
2023-09-13 00:00:00+00:00,41.6372937889,42.3431768011,41.2549404906,42.2353335631,1525640,,,,,,,,,,,,,,,,,,,,,,,,,,,,44.4817613052695,40.672506593304355,,#000000,0.0,0.0,1.2683429152241814,42.22950724662161,-0.46691904106779436,0.0,0.0,0.0,0.0,0.0,0.0,0.0,0.0,49.18740619862557,1.1875482043413683,True,False,False,False,True,0.0,0,0.9127417411153235,0.9482866556334651,False,False,False,False,-0.039575073002139326,-0.02278266142276676,False,False,False,False,-4849298,-756735.9561328123,False,False,False,False,1661147.1739856873,False,False,False,False
2023-09-14 00:00:00+00:00,42.0882746022,42.451020039,41.6274898581,41.6274898581,1513440,,,,,,,,,,,,,,,,,,,,,,,,,,,,44.46748984933529,40.676486248924064,,#000000,0.0,0.0,1.2637063686221117,42.22847447729826,-0.11094339522173097,0.0,0.0,0.0,0.0,0.0,0.0,0.0,0.0,50.18936823836853,1.1875482043413683,True,False,False,False,True,0.0,1,0.9253425933116795,0.9494779319752139,False,False,False,False,-0.0015956413139817422,-0.01218915136837425,False,False,False,False,-3335858,-857877.9970687805,False,False,False,False,1655354.7357901703,False,False,False,False
2023-09-15 00:00:00+00:00,43.3529816657,43.4412170423,42.5098436234,42.6569025843,2996791,,,,,,,,,,,,,,,,,,,,,,,,,,,,44.45176068609116,40.69022370604056,,"rgba(38, 166, 154, 1.0)",0.0,0.0,1.265434981518509,42.25486095434171,0.8677812194195529,0.0,0.0,0.0,0.0,0.0,0.0,0.0,0.0,54.075934867382834,-1.6764288510504883,True,False,True,False,True,1.3456625755647842,1,0.9588764363956643,0.8939135354236595,False,False,False,False,0.14742500314155335,0.06761792588658955,False,False,False,False,-339067,-837532.4677719655,False,False,False,False,1707960.0794846734,False,False,False,False
2023-09-18 00:00:00+00:00,43.6176877953,43.8333742713,43.1274912591,43.4608249037,1075930,,,,,,,,,,,,,,,,,,,,,,,,,,,,44.44795039747918,40.6959802893122,,"rgba(38, 166, 154, 1.0)",0.0,0.0,1.2569113795703786,42.26725200923885,1.0744081150118447,0.0,0.0,0.0,0.0,0.0,0.0,0.0,0.0,57.23205832969893,1.3460783058583843,True,False,True,False,True,2.007034071931539,1,0.9660345911449427,0.8825194517145685,False,False,False,False,0.23013565417407916,0.14887679003033435,False,False,False,False,736863,-775791.4690358101,False,False,False,False,1683174.586171549,False,False,False,False
2023-09-19 00:00:00+00:00,42.9412165753,43.7549428255,42.8725890602,43.6176877953,891480,,,,,,,,,,,,,,,,,,,,,,,,,,,,44.44367277994353,40.700167160330885,,"rgba(38, 166, 154, 1.0)",0.0,0.0,1.219980214815087,42.274308704910155,0.5466546606994981,0.0,0.0,0.0,0.0,0.0,0.0,0.0,0.0,56.98412479828458,1.3460783058583843,True,False,True,False,True,0.24511995007915033,0,0.9628083634597279,0.8864155506344672,False,False,False,False,0.20254331442113205,0.17571005222573322,False,False,False,False,-154617,-751431.6859363666,False,False,False,False,1652127.7396550179,False,False,False,False
2023-09-20 00:00:00+00:00,43.7745506869,44.2794531192,43.0294519518,43.1372951898,1368896,,,,,,,,,,,,,,,,,,,,,,,,,,,,44.439782482669834,40.707867340157755,,"rgba(38, 166, 154, 1.0)",0.0,0.0,1.2108634828045097,42.50906069495387,1.04511368120137,0.0,0.0,0.0,0.0,0.0,0.0,0.0,0.0,58.715793420202694,2.93242248382829,True,False,True,False,True,2.3350094328616784,0,0.9517332094297717,0.8812264295175346,False,False,False,False,0.2593183209413351,0.21751418658353416,False,False,False,False,1214279,-674344.9923702345,False,False,False,False,1641020.6126097231,False,True,False,False
2023-09-21 00:00:00+00:00,42.4706279005,43.2929816097,42.4412161083,42.6569025843,1994680,,,,,,,,,,,,,,,,,,,,,,,,,,,,44.42697967882824,40.71543481675986,,"rgba(38, 166, 154, 1.0)",0.0,0.0,1.1822930061559784,42.48594354160447,-0.01295418396685614,0.0,0.0,0.0,0.0,0.0,0.0,0.0,0.0,56.06181278217265,2.93242248382829,True,False,True,False,True,0.0,0,0.9285985091037803,0.930741045406994,False,False,False,False,0.1299571767141212,0.1737356816488277,False,False,False,False,-780401,-678504.0514929704,False,False,False,False,1654889.6081936557,False,False,False,False
2023-09-22 00:00:00+00:00,42.4804318312,43.5489622409,42.4020003854,42.9412165753,1064009,,,,,,,,,,,,,,,,,,,,,,,,,,,,44.420530018530556,40.71959851934929,,"rgba(38, 166, 154, 0.75)",0.0,0.0,1.144070717760628,42.48537409081926,-0.004319889970557587,0.0,0.0,0.0,0.0,0.0,0.0,0.0,0.0,54.31740126711064,2.93242248382829,True,False,True,False,False,0.0,1,0.902017622281831,0.9377168906344405,False,False,False,False,0.1474170868614371,0.16057638425513238,False,False,False,False,283608,-640774.1671206971,False,False,False,False,1631717.8196370418,False,False,False,False
2023-09-25 00:00:00+00:00,41.8235684726,42.3529807318,41.4118033822,42.2451374938,1210968,,,,,,,,,,,,,,,,,,,,,,,,,,,,44.40896798421323,40.72217847573603,,#000000,0.0,0.0,1.133109781087928,42.467127623636266,-0.5679583406458343,0.0,0.0,0.0,0.0,0.0,0.0,0.0,0.0,51.45026942083166,7.336482770405311,True,False,False,False,False,0.0,1,0.8803873534741979,0.966962247510105,False,False,False,False,-0.02639117618006617,0.0670926040375331,False,False,False,False,-927360,-652012.8272336109,False,False,False,False,1615217.8267100991,False,False,False,False
2023-09-26 00:00:00+00:00,40.7353321622,41.6470977196,40.7353321622,41.4216073129,1191884,,,,,,,,,,,,,,,,,,,,,,,,,,,,44.39404198994716,40.722881217956655,,"rgba(239, 83, 80, 1.0)",0.0,0.0,1.1289994095453002,42.439096815746865,-1.5090925992893536,0.0,0.0,0.0,0.0,0.0,0.0,0.0,0.0,47.178244927197134,3.311188694383766,False,True,False,True,False,0.0,0,0.870932733259182,0.9704322897819717,False,False,False,False,-0.13645404314344042,-0.03468071955295366,False,False,False,False,-2119244,-709551.3045969987,False,False,False,False,1598616.5001724483,False,False,False,False
2023-09-27 00:00:00+00:00,39.4412133065,40.5490574784,38.7843499479,40.490233894,1928456,,,,,,,,,,,,,,,,,,,,,,,,,,,,44.359868282139445,40.71883873704118,,"rgba(239, 83, 80, 1.0)",0.0,0.0,1.1659954372474999,42.367071267255724,-2.509321964125889,0.0,0.0,0.0,0.0,0.0,0.0,0.0,0.0,42.16034951871698,-1.2875677446914366,False,True,False,True,False,0.0,0,0.8332201004010638,1.0011903573078758,False,False,False,False,-0.34282825441539394,-0.1887544869841738,False,False,False,False,-4047700,-840459.096573587,False,False,False,False,1611551.382518627,False,False,False,False
2023-09-28 00:00:00+00:00,39.6765076439,39.7745469511,39.0490560775,39.5490565445,1537420,,,,,,,,,,,,,,,,,,,,,,,,,,,,44.332454320261,40.71537667402555,,"rgba(239, 83, 80, 1.0)",0.0,0.0,1.1884820126659241,42.318222306299425,-2.2227636886768725,0.0,0.0,0.0,0.0,0.0,0.0,0.0,0.0,39.552671274808105,-3.5688730377597793,False,True,False,True,False,0.0,0,0.8368826252900324,1.0098557549358058,False,False,False,False,-0.34282825441539394,-0.26579137069978387,False,False,False,False,-2510280,-905942.2692569759,False,False,False,False,1608644.2694786808,False,False,False,False
2023-09-29 00:00:00+00:00,39.7549390897,40.9216068459,39.4902329601,40.6667046471,1771283,,,,,,,,,,,,,,,,,,,,,,,,,,,,44.30483850569141,40.71322448746427,,"rgba(239, 83, 80, 1.0)",0.0,0.0,1.207855430933976,42.280148323058405,-2.0906551965459816,0.0,0.0,0.0,0.0,0.0,0.0,0.0,0.0,38.072759959695176,-4.889878740958267,False,True,False,True,False,0.0,0,0.858679145696072,0.9838834017297826,False,False,False,False,-0.22270283249933948,-0.24424710159956167,False,False,False,False,-738997,-899395.3959527808,False,False,False,False,1615022.2589108895,False,False,False,False
2023-10-02 00:00:00+00:00,38.1863101737,39.3235661378,37.9537609369,39.137291454,1971761,,,,,,,,,,,,,,,,,,,,,,,,,,,,44.26332546356058,40.705173151660134,,"rgba(239, 83, 80, 1.0)",0.0,0.0,1.283840899615854,42.21049471432065,-3.134488503851804,0.0,0.0,0.0,0.0,0.0,0.0,0.0,0.0,34.671942754478295,-8.092425651337237,False,True,False,True,False,0.0,0,0.8354263751775504,0.9969057691474945,False,False,False,False,-0.34282825441539394,-0.2935376780074778,False,False,False,False,-2710758,-970429.2235624758,False,False,False,False,1629012.0134634038,False,False,False,False
2023-10-03 00:00:00+00:00,38.4706241647,38.6078791949,37.6214076853,37.8921922519,2263371,,,,,,,,,,,,,,,,,,,,,,,,,,,38.23330368163333,44.21432889855096,40.69494969905302,,"rgba(239, 83, 80, 1.0)",0.0,0.0,1.3394338625313913,42.04907571939772,-2.6716149671883156,1.0,38.60788,37.621407,0.0,0.0,0.0,0.0,0.0,33.35443899817746,-9.363439489702905,False,True,False,True,False,0.0,0,0.8281067400831935,1.013133071009999,False,False,False,False,-0.34282825441539394,-0.3181829662114359,False,False,False,False,-447387,-949917.7638149277,False,False,False,False,1653888.836464839,False,False,False,False
2023-10-04 00:00:00+00:00,38.0588590743,38.637290987,37.7010156028,38.6176831256,1440651,,,,,,,,,,,,,,,,,,,,,,,,,,,38.19405351558906,44.18303558082764,40.68822136518543,,"rgba(239, 83, 80, 1.0)",0.0,0.0,1.401068696960794,42.00147593396771,-2.814006813670204,0.0,0.0,0.0,0.0,0.0,0.0,0.0,0.0,31.86988441691545,-10.894277677074754,False,True,False,True,False,0.0,0,0.8157168497446817,1.0309630525221563,False,False,False,False,-0.33613966505586496,-0.3271613156336504,False,False,False,False,-1888038,-986706.7926849305,True,False,False,False,1645526.5683681788,True,False,False,False
2023-10-05 00:00:00+00:00,38.4118005804,38.4118005804,37.8823883212,38.0392512128,1251354,,,,,,,,,,,,,,,,,,,,,,,,,,,38.20447679685096,44.15657229909708,40.68263995801581,,"rgba(239, 83, 80, 1.0)",0.0,0.0,1.4607277543805295,41.96570480786283,-2.432968235733963,0.0,0.0,0.0,0.0,0.0,0.0,0.0,0.0,32.13314193794242,-10.894277677074754,False,True,False,True,False,0.0,0,0.8182672875001945,1.0372594200258827,False,False,False,False,-0.3384958172090821,-0.33282856642136627,False,False,False,False,-636684,-972980.4086580705,False,False,False,False,1630068.8205890346,False,False,False,False
2023-10-06 00:00:00+00:00,38.9412128395,39.2549386227,38.1519964161,38.4314084418,1715432,,,,,,,,,,,,,,,,,,,,,,,,,,,38.35317392066969,44.12399367744234,40.6767319330834,,"rgba(239, 83, 80, 1.0)",0.0,0.0,1.5010666612290358,41.93411245390184,-1.9938485689578447,0.0,0.0,0.0,0.0,0.0,0.0,0.0,0.0,34.109629189881474,-10.894277677074754,False,True,False,True,False,0.0,0,0.8463836430196301,1.0082686521614936,False,False,False,False,-0.2659463232673751,-0.2993874448443707,False,False,False,False,1078748,-892520.4710636364,False,False,False,False,1633416.3962522098,False,False,False,False
2023-10-09 00:00:00+00:00,39.9706255656,40.1447433753,39.3039582763,39.5588604752,1527075,,,,,,,,,,,,,,,,,,,,,,,,,,,38.623884050568904,44.1008179414958,40.6743294730709,,"rgba(239, 83, 80, 0.75)",0.0,0.0,1.517577786836274,41.92757487583938,-1.2895215831532916,0.0,0.0,0.0,0.0,0.0,0.0,0.0,0.0,38.451358885524684,-10.894277677074754,False,True,False,True,True,0.0,0,0.8642094064395346,0.9811365852648916,False,False,False,False,-0.13911371332097783,-0.21925057908267426,False,False,False,False,2605823,-755330.5310219252,False,False,False,False,1629246.1454187897,False,False,False,False
2023-10-10 00:00:00+00:00,39.921605912,40.2451356259,39.6176840595,39.9706255656,1205740,,,,,,,,,,,,,,,,,,,,,,,,,,,38.791117022173225,44.08320762208975,40.672706586501256,,"rgba(239, 83, 80, 0.75)",0.0,0.0,1.5341095555410509,41.92175215464327,-1.303783185118003,0.0,0.0,0.0,0.0,0.0,0.0,0.0,0.0,41.226216766145555,-15.743402817931518,False,True,False,True,True,0.0,0,0.8607806056364248,0.9951799219376081,False,False,False,False,-0.11404656508356771,-0.16664857208312098,False,False,False,False,1400083,-670804.510197536,False,False,False,False,1612638.0612847195,False,False,False,False
2023-10-11 00:00:00+00:00,40.6961164393,40.7353321622,39.7745469511,40.3823906561,1271580,,,,,,,,,,,,,,,,,,,,,,,,,,,38.9829976535645,44.066895728504235,40.67208709355007,,"rgba(239, 83, 80, 0.75)",0.0,0.0,1.5398829894292871,41.92147929850693,-0.7957506301573453,0.0,0.0,0.0,0.0,0.0,0.0,0.0,0.0,45.149494164559115,-12.004467554083703,False,True,False,True,True,0.0,0,0.8831351279756297,0.9796882049560804,False,False,False,False,-0.07515125064817502,-0.120899911365648,False,False,False,False,2671663,-539727.3529348875,False,False,False,False,1599263.2353519856,False,False,False,False
2023-10-12 00:00:00+00:00,39.9019980505,40.7451360929,39.8039587433,40.5686653398,1097503,,,,,,,,,,,,,,,,,,,,,,,,,,,39.09182466340381,44.05197397917124,40.671058650931464,,"rgba(239, 83, 80, 0.5)",0.0,0.0,1.5559882868827868,41.916394394885714,-1.2946089384909756,0.0,0.0,0.0,0.0,0.0,0.0,0.0,0.0,45.70774558689887,-11.422031295980624,False,False,False,True,True,0.0,0,0.9113501238852767,0.9730195809334199,False,False,False,False,-0.07280240706082262,-0.09685115921323531,False,False,False,False,1574160,-456829.809682539,False,False,False,False,1579586.3633773979,False,False,False,False
2023-10-13 00:00:00+00:00,41.6372937889,41.7941566805,40.8529793309,41.2353326291,2895064,,,,,,,,,,,,,,,,,,,,,,,,,,,39.552957601889084,44.025866588384076,40.67497502981325,,#000000,0.0,0.0,1.5558816759446117,41.939567040768814,-0.19427778894901795,0.0,0.0,0.0,0.0,0.0,0.0,0.0,0.0,49.95655355147326,-7.312446279094019,True,False,False,False,True,0.0,0,0.9237532015549189,0.9205122968764133,False,False,False,False,0.052351593357559165,-0.022249782927838073,False,False,False,False,4469224,-263651.2289106748,False,False,False,False,1631173.7216763236,False,False,False,False
2023-10-16 00:00:00+00:00,41.8333724034,42.112784429,41.1863129755,41.5196466202,1176384,,,,,,,,,,,,,,,,,,,,,,,,,,,39.71317307601863,44.01654423958425,40.677147808163916,,"rgba(38, 166, 154, 1.0)",0.0,0.0,1.5555703889398516,41.949632934296325,-0.07473820003449672,0.0,0.0,0.0,0.0,0.0,0.0,0.0,0.0,53.155589267254356,-4.274762813562113,True,False,True,False,True,0.0,0,0.9163654272343038,0.9397145091201463,False,False,False,False,0.09139402229678088,0.03457211968447141,False,False,False,False,5645608,-31915.57287496209,False,False,False,False,1613338.8306301932,False,False,False,False
2023-10-17 00:00:00+00:00,42.3235689396,42.4853337966,41.6863134425,41.8333724034,1239489,,,,,,,,,,,,,,,,,,,,,,,,,,,39.89106849441499,44.008721871865674,40.680429024809854,,"rgba(38, 166, 154, 1.0)",0.0,0.0,1.555967670687218,41.96436419280563,0.2308561762312967,0.0,0.0,0.0,0.0,0.0,0.0,0.0,0.0,56.202909511397216,-1.3870374279704194,True,False,True,False,True,0.7169840312290461,0,0.9128571641952405,0.9328068790743779,False,False,False,False,0.14410650349400533,0.08933931158923837,False,False,False,False,6885097,239339.8221397423,False,False,False,False,1598678.052958421,False,False,False,False
2023-10-18 00:00:00+00:00,42.1372942558,43.0392558825,41.9412156413,42.7059222379,1687104,,,,,,,,,,,,,,,,,,,,,,,,,,,40.11410610100254,43.999366769314754,40.68549301608612,,"rgba(38, 166, 154, 1.0)",0.0,0.0,1.5508570180654617,41.98521396311866,0.09806209786576273,0.0,0.0,0.0,0.0,0.0,0.0,0.0,0.0,57.66183258846711,0.050310822554443746,True,False,True,False,True,0.25666363804770853,0,0.9275291888539542,0.9197644730538007,False,False,False,False,0.19368402965795706,0.1415116706235977,False,False,False,False,5197993,433796.8095068112,False,False,False,False,1602145.73715613,False,False,False,False
2023-10-19 00:00:00+00:00,42.1372942558,42.2941571474,41.4643524509,41.9804313642,1391017,,,,,,,,,,,,,,,,,,,,,,,,,,,40.24182298151002,43.98982234132629,40.688642979812116,,"rgba(38, 166, 154, 1.0)",0.0,0.0,1.5513151860841343,41.995207303171576,0.09159128583475298,0.0,0.0,0.0,0.0,0.0,0.0,0.0,0.0,58.63444797318037,1.1383235669384604,True,False,True,False,True,0.2566636380477192,0,0.9080886083120285,0.9419444908295186,False,False,False,False,0.11906654310559948,0.1302891068645986,False,False,False,False,5197993,620628.0326634068,False,False,False,False,1593866.1788362819,False,False,False,False
2023-10-20 00:00:00+00:00,42.2843532167,43.1863148434,42.1372942558,42.166706048,2454047,,,,,,,,,,,,,,,,,,,,,,,,,,,40.49076330929707,43.97788622417592,40.6966300685169,,"rgba(38, 166, 154, 1.0)",0.0,0.0,1.5442509262744126,42.02234147440997,0.16966915015692763,0.0,0.0,0.0,0.0,0.0,0.0,0.0,0.0,59.62010642411017,2.3302065469021898,True,False,True,False,True,0.6283356989204805,0,0.9166709377550734,0.9315266893925971,False,False,False,False,0.21499044756285837,0.17263977721372847,False,False,False,False,7652040,896369.6784413124,False,False,False,False,1627598.7600583886,False,False,False,False
2023-10-23 00:00:00+00:00,42.7255300993,42.8529811988,41.3235680057,42.0294510179,2942472,,,,,,,,,,,,,,,,,,,,,,,,,,,40.69913676438544,43.96153666034632,40.70490274279493,,"rgba(38, 166, 154, 1.0)",0.0,0.0,1.5408394994786987,42.04420554518411,0.44217749762152186,0.0,0.0,0.0,0.0,0.0,0.0,0.0,0.0,61.27689769099,4.194640572182479,True,False,True,False,True,1.7434745105832725,0,0.8999436753862047,0.9554960088264293,False,False,False,False,0.14440462666350581,0.15852220193861716,False,False,False,False,10594512,1276688.985169104,False,False,False,False,1679162.416526687,False,False,False,False
2023-10-24 00:00:00+00:00,42.8039615451,42.8921969217,42.0784706715,42.3039610782,2569035,,,,,,,,,,,,,,,,,,,,,,,,,,,40.87198146902257,43.949975040588086,40.71335981688568,,"rgba(38, 166, 154, 1.0)",0.0,0.0,1.5430745420370238,42.066242782299426,0.4780836846849329,0.0,0.0,0.0,0.0,0.0,0.0,0.0,0.0,62.55894388438984,5.710775307210639,True,False,True,False,True,1.9421935399226236,0,0.9172483368694898,0.9465756362345749,False,False,False,False,0.19307790757201604,0.1758000547553166,False,False,False,False,13163547,1742840.279868355,False,False,False,False,1714059.380584464,False,False,False,False
2023-10-25 00:00:00+00:00,42.5980789999,43.3137659428,42.5833731038,42.6470986535,1461396,,,,,,,,,,,,,,,,,,,,,,,,,,,40.96877453432862,43.944632455044285,40.718747805628915,,"rgba(38, 166, 154, 1.0)",0.0,0.0,1.5424446242068632,42.08027230898735,0.3357052063887934,0.0,0.0,0.0,0.0,0.0,0.0,0.0,0.0,62.510161891192546,6.010716540077105,True,False,True,False,True,1.3871631610794424,0,0.9570289007302584,0.9264122709061736,False,False,False,False,0.2510471280609275,0.21342359140812206,False,False,False,False,11702151,2133401.4845793997,False,False,False,False,1704151.0127184067,False,False,False,False
2023-10-26 00:00:00+00:00,41.9314117106,42.6078829306,41.0784697375,42.5000396927,1830901,,,,,,,,,,,,,,,,,,,,,,,,,,,41.02144205457773,43.93230361220224,40.72241288909047,,"rgba(38, 166, 154, 1.0)",0.0,0.0,1.5363016279564592,42.0835778712164,-0.09904706071216152,0.0,0.0,0.0,0.0,0.0,0.0,0.0,0.0,59.791660906721496,6.010716540077105,True,False,True,False,True,0.0,0,0.946761641732064,0.9104684482909234,False,False,False,False,0.11470923723146696,0.16406641431979452,False,False,False,False,9871250,2436846.5243998156,False,False,False,False,1709121.6004549398,False,False,False,False
2023-10-27 00:00:00+00:00,42.6765104457,42.6863143764,41.5196466202,42.1569021173,1751652,,,,,,,,,,,,,,,,,,,,,,,,,,,41.08864943432089,43.92303117840917,40.72717484332384,,"rgba(38, 166, 154, 1.0)",0.0,0.0,1.5263812384365523,42.09164462627098,0.3831715201295944,0.0,0.0,0.0,0.0,0.0,0.0,0.0,0.0,60.06354610575779,6.010716540077105,True,False,True,False,True,1.5587237572013244,0,0.96294690126295,0.9050921046129121,False,False,False,False,0.14619390300419186,0.1551301586619932,False,False,False,False,11622902,2797083.9940311955,False,False,False,False,1710789.4592606283,False,False,False,False
2023-10-30 00:00:00+00:00,42.6176868614,42.9706283675,41.8333724034,42.8627851295,1610659,,,,,,,,,,,,,,,,,,,,,,,,,,,41.15279653332907,43.91552789749264,40.732027442924,,"rgba(38, 166, 154, 0.75)",0.0,0.0,1.5141943504809439,42.10054450892586,0.34152970674463884,0.0,0.0,0.0,0.0,0.0,0.0,0.0,0.0,60.007301337220454,6.010716540077105,True,False,True,False,False,1.3995444537406883,0,0.9769761599956069,0.8835342993841429,False,False,False,False,0.1827948662501607,0.16896251245607696,False,False,False,False,10012243,3080031.4060299722,False,False,False,False,1706862.7745837409,False,False,False,False
2023-10-31 00:00:00+00:00,41.4216073129,42.9706283675,41.0784697375,42.274549286,2812505,,,,,,,,,,,,,,,,,,,,,,,,,,,41.20297815286609,43.89678329328685,40.73729705879448,,"rgba(38, 166, 154, 0.75)",0.0,0.0,1.5042239759495688,42.17856389057377,-0.5032206571471023,0.0,0.0,0.0,0.0,0.0,0.0,0.0,0.0,55.81311459742376,11.405432880794216,True,False,True,False,False,0.0,0,0.9622007640027413,0.8886252544878167,False,False,False,False,0.13666154574748257,0.15281202910177977,False,False,False,False,7199738,3241588.52736213,False,False,False,False,1750221.2932275156,False,False,False,False
2023-11-01 00:00:00+00:00,42.2451374938,42.2647453553,41.1618031487,41.5686662738,1606208,,,,,,,,,,,,,,,,,,,,,,,,,,,41.231151231237575,43.88656934547055,40.74046794555692,,"rgba(38, 166, 154, 0.75)",0.0,0.0,1.4859094226501335,42.18101365493965,0.04315460813620021,0.0,0.0,0.0,0.0,0.0,0.0,0.0,0.0,55.40403952115753,10.83381794246803,True,False,True,False,False,0.4073248765624804,0,0.9550703287835624,0.9097960963200289,False,False,False,False,0.09905522430173051,0.12593362670175515,False,False,False,False,8805946,3459798.6243283213,False,False,False,False,1744573.7131009465,False,False,False,False
2023-11-02 00:00:00+00:00,42.4020003854,42.7353340301,41.9510195721,42.6078829306,1681895,,,,,,,,,,,,,,,,,,,,,,,,,,,41.27770628601792,43.878489065550454,40.74512526282138,,"rgba(38, 166, 154, 0.75)",0.0,0.0,1.4692710532679454,42.194321259736384,0.14134840892815395,0.0,0.0,0.0,0.0,0.0,0.0,0.0,0.0,55.55135592338386,10.729708628968524,True,False,True,False,False,0.8144432497613998,1,0.961844602726984,0.9250060053347451,False,False,False,False,0.17555932315158826,0.1507464749266717,False,False,False,False,10487841,3735408.1292566224,False,False,False,False,1742115.72435189,False,False,False,False
2023-11-03 00:00:00+00:00,44.019648955,44.4314140455,42.7647458222,43.0980794669,2066098,,,,,,,,,,,,,,,,,,,,,,,,,,,41.39609081702832,43.877583729919586,40.75564486624425,,"rgba(38, 166, 154, 1.0)",0.0,0.0,1.4855455941847884,42.241443303337725,1.197005099421461,0.0,0.0,0.0,0.0,0.0,0.0,0.0,0.0,59.17307422899739,10.729708628968524,True,False,True,False,True,4.843736324935097,1,0.9660543180382044,0.8879573399680564,False,False,False,False,0.33530993291077665,0.24302820391872418,False,False,False,False,12553939,4081232.869285775,False,False,False,False,1754820.911632208,False,False,False,False
2023-11-06 00:00:00+00:00,43.627491726,44.357884565,43.5392563495,43.7059231718,1689488,,,,,,,,,,,,,,,,,,,,,,,,,,,41.48864767578264,43.87739400438071,40.7644871223983,,"rgba(38, 166, 154, 1.0)",0.0,0.0,1.4921170637318655,42.27401594718903,0.9070841770456389,0.0,0.0,0.0,0.0,0.0,0.0,0.0,0.0,60.25901698229842,10.729708628968524,True,False,True,False,True,3.785203981787184,1,0.9898365340305703,0.8851236537246763,False,False,False,False,0.34282824171969856,0.2929282228192114,False,False,False,False,10864451,4347241.423431431,False,False,False,False,1752258.836666239,False,False,False,False
2023-11-07 00:00:00+00:00,42.5098436234,43.2059227049,41.8627841955,42.9314126446,2004188,,,,,,,,,,,,,,,,,,,,,,,,,,,41.533229879226916,43.869008108324564,40.77045502923771,,"rgba(38, 166, 154, 0.75)",0.0,0.0,1.4811858845055386,42.280010521616035,0.15516830411916324,0.0,0.0,0.0,0.0,0.0,0.0,0.0,0.0,57.687862015817196,10.729708628968524,True,False,True,False,False,0.8603972254259347,1,0.9523525824535457,0.9105257700617967,False,False,False,False,0.17167461505481252,0.23230141893701195,False,False,False,False,8860263,4524222.661728238,False,False,False,False,1762138.4116989356,False,False,False,False
2023-11-08 00:00:00+00:00,41.5882741352,42.7647458222,41.4019994515,42.274549286,1435310,,,,,,,,,,,,,,,,,,,,,,,,,,,41.54472695723612,43.86037651138044,40.77323310560283,,"rgba(38, 166, 154, 0.75)",0.0,0.0,1.4456177449763306,42.27578169050382,-0.47558046218855315,0.0,0.0,0.0,0.0,0.0,0.0,0.0,0.0,53.77416758825934,9.102537507442086,True,False,True,False,False,0.0,1,0.9342692319116094,0.9297254693643197,False,False,False,False,0.1195540213268193,0.17592772013191563,False,False,False,False,7424953,4637976.792640856,False,False,False,False,1749321.611240154,False,False,False,False
2023-11-09 00:00:00+00:00,42.0882746022,43.1863148434,41.38239159,41.6470977196,1666255,,,,,,,,,,,,,,,,,,,,,,,,,,,41.567312659312336,43.851987937421555,40.77728370731204,,#000000,0.0,0.0,1.4229535101002937,42.276349734024805,-0.1321723657799242,0.0,0.0,0.0,0.0,0.0,0.0,0.0,0.0,52.42128479044206,7.855471980625829,False,False,False,False,False,0.0,1,0.9195095040462901,0.936980496176846,False,False,False,False,0.1426853544538724,0.159306537292894,False,False,False,False,9091208,4812613.310576508,False,False,False,False,1746064.0970738733,False,False,False,False
2023-11-10 00:00:00+00:00,42.1372942558,42.5833731038,41.4216073129,42.0784706715,1929719,,,,,,,,,,,,,,,,,,,,,,,,,,,41.585242159845194,43.84137000370993,40.781391617044854,,#000000,0.0,0.0,1.4186347993069515,42.274397055814106,-0.0966441821962103,0.0,0.0,0.0,0.0,0.0,0.0,0.0,0.0,51.644454073982494,7.065911729005727,False,False,False,False,False,0.0,1,0.930956405868513,0.936265870591017,False,False,False,False,0.11028224601899729,0.13479439165594564,False,False,False,False,11020927,5056076.592514684,False,False,False,False,1753266.2501297998,False,False,False,False
2023-11-13 00:00:00+00:00,42.4706279005,42.6274907921,41.6863134425,41.9118038492,1447021,,,,,,,,,,,,,,,,,,,,,,,,,,,41.60366300453952,43.83442992602115,40.78497245406316,,#000000,0.0,0.0,1.4136126065642884,42.2758186862073,0.1378094772132588,0.0,0.0,0.0,0.0,0.0,0.0,0.0,0.0,52.00616373162417,7.065911729005727,False,False,False,False,False,0.7952187546670331,1,0.933319915433229,0.9426952433544595,False,False,False,False,0.12800065635171742,0.13139752400383153,False,False,False,False,12467948,5346738.216337638,False,False,False,False,1741256.632477651,False,False,False,False
2023-11-14 00:00:00+00:00,43.95102144,44.1863157774,43.0882755362,43.5098445573,1541235,,,,,,,,,,,,,,,,,,,,,,,,,,,41.66395150545695,43.83399888136998,40.79257239882298,,"rgba(38, 166, 154, 1.0)",0.0,0.0,1.416799909573192,42.295785752298606,1.1682917796063583,0.0,0.0,0.0,0.0,0.0,0.0,0.0,0.0,55.48175664827397,7.065911729005727,True,False,True,False,True,4.41018719984859,1,0.9731804649610335,0.9025756167627476,False,False,False,False,0.3037986661943667,0.2175980950990991,False,False,False,False,14009183,5686441.933344005,False,False,False,False,1733412.6468902922,False,False,False,False
2023-11-15 00:00:00+00:00,43.7157271026,44.0490607472,43.166706982,43.5000406266,1264016,,,,,,,,,,,,,,,,,,,,,,,,,,,41.70870003416958,43.833275333123225,40.79857003243457,,"rgba(38, 166, 154, 1.0)",0.0,0.0,1.4301650673030466,42.31027664045905,0.9827190540958292,0.0,0.0,0.0,0.0,0.0,0.0,0.0,0.0,57.07781230546756,1.7115797495891911,True,False,True,False,True,3.7876874322760976,1,0.9806847630521632,0.8842114831512621,False,False,False,False,0.30015850275891937,0.25887829892900927,False,False,False,False,12745167,5963254.681056005,False,False,False,False,1715004.9352475356,False,False,False,False
2023-11-16 00:00:00+00:00,44.9706302353,45.3529835336,43.9706293014,44.2549432924,1919880,,,,,,,,,,,,,,,,,,,,,,,,,,,41.81012918639325,43.83862738900445,40.81120143474715,,"rgba(38, 166, 154, 1.0)",0.0,0.0,1.4769571837034812,42.34734512498549,1.7761416101017942,0.0,0.0,0.0,0.0,0.0,0.0,0.0,0.0,60.378916182602964,4.871912388816831,True,False,True,False,True,6.70140463480865,1,0.9858921551525012,0.8570884708817152,False,False,False,False,0.3428282431027444,0.30085327101587683,False,False,False,False,14665047,6304501.438661652,False,False,False,False,1723039.2515123382,False,False,False,False
2023-11-17 00:00:00+00:00,44.8333752052,45.4314149794,44.4314140455,45.3431796029,1165889,,,,,,,,,,,,,,,,,,,,,,,,,,,41.871150565757794,43.84231352119542,40.819091574633084,,"rgba(38, 166, 154, 1.0)",0.0,0.0,1.5175413466640748,42.369814863496465,1.6233892718106424,0.0,0.0,0.0,0.0,0.0,0.0,0.0,0.0,62.134933824155624,6.5368097504093186,True,False,True,False,True,6.330010426529569,1,0.9900865914099413,0.8711994687837038,False,False,False,False,0.34282824355016767,0.32184075728302225,False,False,False,False,13499158,6586644.83322394,False,False,False,False,1701190.222041266,False,False,False,False
2023-11-20 00:00:00+00:00,44.9706302353,44.9993557524,44.0784725394,44.4608258377,1153733,,,,,,,,,,,,,,,,,,,,,,,,,,,41.92506722014883,43.845195681889955,40.826457872262004,,"rgba(38, 166, 154, 1.0)",0.0,0.0,1.5553294794864805,42.38940629181395,1.6595994466319048,0.0,0.0,0.0,0.0,0.0,0.0,0.0,0.0,63.55112698294146,7.927212286928068,True,False,True,False,True,6.647066942588381,0,0.9777709356495294,0.8966866714799131,False,False,False,False,0.300749209963197,0.3112949836231096,False,False,False,False,14652891,6902968.212313197,False,False,False,False,1679721.311372981,False,False,False,False
2023-11-21 00:00:00+00:00,46.0588665458,46.9608281725,45.5294542867,45.5980818017,1924960,,,,,,,,,,,,,,,,,,,,,,,,,,,42.05707564112986,43.858495126794,40.843442983170696,,"rgba(38, 166, 154, 1.0)",0.0,0.0,1.6277241706615497,42.44093386203699,2.2226939606681553,0.0,0.0,0.0,0.0,0.0,0.0,0.0,0.0,66.26050044757619,10.549114327824796,True,False,True,False,True,9.108390373496647,0,0.9959320308773726,0.8785441891839261,False,False,False,False,0.34282824530577194,0.32706161446444076,False,False,False,False,16577851,7282375.3804577775,False,False,False,False,1689338.5148485505,False,False,False,False
2023-11-22 00:00:00+00:00,46.3431805368,46.4608277055,45.9020036542,46.2843569525,1266421,,,,,,,,,,,,,,,,,,,,,,,,,,,42.140593791245905,43.867357509833795,40.854667626762854,,"rgba(38, 166, 154, 1.0)",0.0,0.0,1.7039940243641738,42.47371949881058,2.270818431674526,0.0,0.0,0.0,0.0,0.0,0.0,0.0,0.0,68.47562884707096,12.677554264203373,True,False,True,False,True,9.734919623995005,0,1.01148352161098,0.8794663696890931,False,False,False,False,0.3370341235668014,0.3320478690156211,False,False,False,False,17844272,7696567.404753551,False,False,False,False,1672753.5142662546,False,False,False,False
2023-11-24 00:00:00+00:00,46.5294552206,46.9412203111,46.2745530218,46.4118080519,629410,,,,,,,,,,,,,,,,,,,,,,,,,,,42.18427985962168,43.87237831246679,40.86058692890015,,"rgba(38, 166, 154, 1.0)",0.0,0.0,1.7786670383070713,42.49107638522539,2.2704523940682693,0.0,0.0,0.0,0.0,0.0,0.0,0.0,0.0,70.22575976156637,14.38269824151756,True,False,True,False,True,10.14717814407345,0,1.0115142356600824,0.8727917675219179,False,False,False,False,0.34282824569484294,0.337438057355232,False,False,False,False,18473682,8119199.349665176,False,False,False,False,1631838.0823342446,False,False,False,False
2023-11-27 00:00:00+00:00,46.8431810038,47.118555572,46.3121014795,47.0103727059,1399844,,,,,,,,,,,,,,,,,,,,,,,,,,,42.282197135988156,43.884200448834584,40.874112139141516,,"rgba(38, 166, 154, 1.0)",0.0,0.0,1.8611906014915844,42.530288309169514,2.3172762054429414,0.0,0.0,0.0,0.0,0.0,0.0,0.0,0.0,71.85757280053068,16.00959319641592,True,False,True,False,True,10.843642291113557,0,1.0043381918147327,0.890816315445687,False,False,False,False,0.34282824580378213,0.3401331515795071,False,False,False,False,19873526,8580153.335952817,False,False,False,False,1622740.275183882,False,False,False,False
2023-11-28 00:00:00+00:00,48.3380715166,48.4167499647,46.7546677498,47.187399214,2259588,,,,,,,,,,,,,,,,,,,,,,,,,,,42.4677292331186,43.910166214609866,40.89979179933203,,"rgba(38, 166, 154, 1.0)",0.0,0.0,1.9829968224991488,42.60651832287684,2.8903491567373027,0.0,0.0,0.0,0.0,0.0,0.0,0.0,0.0,74.7510485182574,18.82097447940059,True,False,True,False,True,14.02738390403324,0,1.0013034065521336,0.8772427017768462,False,False,False,False,0.3428282465951796,0.34148069908734335,False,False,False,False,22133114,9111641.989444863,False,False,False,False,1647714.6957649062,False,False,False,False
2023-11-29 00:00:00+00:00,48.2397234566,48.6232808908,47.9643488884,48.1610450085,1978379,,,,,,,,,,,,,,,,,,,,,,,,,,,42.63276628467832,43.93513438285206,40.9235345904892,,"rgba(38, 166, 154, 1.0)",0.0,0.0,2.102011903082578,42.675391582951,2.6471457490269024,0.0,0.0,0.0,0.0,0.0,0.0,0.0,0.0,76.26359230123178,20.315187201857796,True,False,True,False,True,13.731781710814591,0,1.0262014308746843,0.8719331211502163,False,False,False,False,0.3428282471391866,0.34215447311326497,False,False,False,False,20154735,9544704.460447025,False,False,False,False,1660681.9233819689,False,False,False,False
2023-11-30 00:00:00+00:00,48.0922013665,48.4905110097,47.8856704404,48.3479063226,2394356,,,,,,,,,,,,,,,,,,,,,,,,,,,42.81639862411955,43.964150484522214,40.951601587158066,,"rgba(38, 166, 154, 1.0)",0.0,0.0,2.2084126699262185,42.752911339066976,2.417704852060736,0.0,0.0,0.0,0.0,0.0,0.0,0.0,0.0,76.61236974512533,20.78740343060592,True,False,True,False,True,13.2831118911555,0,1.0239968445375511,0.8831478225420798,False,False,False,False,0.33515486650704107,0.338654669810153,False,False,False,False,17760379,9866887.775723612,False,False,False,False,1689453.4557983621,False,False,False,False
2023-12-01 00:00:00+00:00,48.7314637569,48.7412985629,47.6594699023,48.1905494266,3052745,,,,,,,,,,,,,,,,,,,,,,,,,,,43.042535698760524,44.002494357024084,40.98816140659286,,"rgba(38, 166, 154, 1.0)",0.0,0.0,2.3217866744708155,42.85020958478756,2.533072584479754,0.0,0.0,0.0,0.0,0.0,0.0,0.0,0.0,77.64896266422713,21.985139604668205,True,False,True,False,True,14.632834313118408,0,1.0386837712682382,0.8695768967426631,False,False,False,False,0.33604515196302437,0.3373499108865887,False,False,False,False,20813124,10296151.94138151,False,False,False,False,1742915.8692964655,False,False,False,False
2023-12-04 00:00:00+00:00,48.0922013665,48.1413753965,47.09888596,47.4726085882,2197940,,,,,,,,,,,,,,,,,,,,,,,,,,,43.177222816663075,44.025962009442146,41.01214285959911,,"rgba(38, 166, 154, 1.0)",0.0,0.0,2.400355377817376,42.90902607530096,2.1593366295252756,0.0,0.0,0.0,0.0,0.0,0.0,0.0,0.0,75.55774307836961,21.985139604668205,True,False,True,False,True,12.676259844811327,0,1.019308974714523,0.8752192573869166,False,False,False,False,0.2945524311004826,0.31595117099353565,False,False,False,False,18615184,10622388.492699884,False,False,False,False,1760759.952853467,False,False,False,False
2023-12-05 00:00:00+00:00,47.3349213041,48.0233577245,47.0595467359,47.7381483503,1836636,,,,,,,,,,,,,,,,,,,,,,,,,,,43.27695097312816,44.0437737882365,41.03115539060291,,"rgba(38, 166, 154, 0.75)",0.0,0.0,2.4480008191833154,42.953174698771164,1.7899285698730456,0.0,0.0,0.0,0.0,0.0,0.0,0.0,0.0,71.30734159557039,27.009761097597107,True,False,True,False,False,10.42227152555434,0,1.0349543445221285,0.8576575029239235,False,False,False,False,0.2890042757626952,0.3024777233781154,False,False,False,False,16778548,10863806.512594007,False,False,False,False,1763735.4841141156,False,False,False,False
2023-12-06 00:00:00+00:00,47.177564408,47.8660008284,46.9710334819,47.6299654842,1072577,,,,,,,,,,,,,,,,,,,,,,,,,,,43.33127996335265,44.05368637356353,41.04197624664745,,"rgba(38, 166, 154, 0.75)",0.0,0.0,2.4906561471411104,42.97748771627367,1.686333417219142,0.0,0.0,0.0,0.0,0.0,0.0,0.0,0.0,67.91460244162565,23.834100775962582,True,False,True,False,False,9.959162706394991,0,1.0482262688501314,0.8507810580366209,False,False,False,False,0.28036967835445287,0.2914237008662841,False,False,False,False,15705971,11053695.316021694,False,False,False,False,1736631.2298351307,False,False,False,False
2023-12-07 00:00:00+00:00,47.0300423179,47.4529389762,46.7448329438,47.3840953341,1323700,,,,,,,,,,,,,,,,,,,,,,,,,,,43.3920982094313,44.064867594298335,41.05472538410954,,"rgba(38, 166, 154, 0.75)",0.0,0.0,2.529603418395472,43.004951353976935,1.591194467343098,0.0,0.0,0.0,0.0,0.0,0.0,0.0,0.0,65.10660774641417,21.24642431850259,True,False,True,False,False,9.520812917461086,0,1.076336469711987,0.8387493755844184,False,False,False,False,0.2581056743874973,0.2747646876268907,False,False,False,False,14382271,11184227.695785549,False,False,False,False,1720437.8482729688,False,False,False,False
2023-12-08 00:00:00+00:00,46.5284672116,46.9415290639,46.0072224934,46.1744141954,1997905,,,,,,,,,,,,,,,,,,,,,,,,,,,43.466279452326326,44.07834764929824,41.07201138121254,,"rgba(38, 166, 154, 0.75)",0.0,0.0,2.564075921128922,43.03891530247467,1.360939385753031,0.0,0.0,0.0,0.0,0.0,0.0,0.0,0.0,61.427818115954125,17.856648806461394,True,False,True,False,False,8.034460520642934,0,1.0568558987802261,0.8334368382609023,False,False,False,False,0.21529666922916266,0.24503067842802667,False,False,False,False,12384366,11231291.943009645,False,False,False,False,1731318.913046578,False,False,False,False
2023-12-11 00:00:00+00:00,46.9513638699,47.0349597209,45.5646562231,45.9678832693,1672408,,,,,,,,,,,,,,,,,,,,,,,,,,,43.52618205082644,44.08963072644721,41.086462132642275,,"rgba(38, 166, 154, 0.75)",0.0,0.0,2.602907433441089,43.066770338170734,1.492405562265334,0.0,0.0,0.0,0.0,0.0,0.0,0.0,0.0,60.16822000923449,16.724142827245174,True,False,True,False,False,9.03252859464708,0,1.041367100842202,0.8519703473704365,False,False,False,False,0.20347434109017484,0.22425250975910077,False,False,False,False,14056774,11342095.160930835,False,False,False,False,1729008.6811623985,False,False,False,False
2023-12-12 00:00:00+00:00,45.6039954471,47.138225184,45.407299327,47.0792163479,2135906,,,,,,,,,,,,,,,,,,,,,,,,,,,43.58792080810631,44.1011456876026,41.103228604444574,,#000000,0.0,0.0,2.614417997303352,43.09607308468078,0.9592660259400059,0.0,0.0,0.0,0.0,0.0,0.0,0.0,0.0,55.20654468637571,12.082089902668365,False,False,False,False,False,5.148945171398548,0,1.067274183619881,0.8295593160531132,False,False,False,False,0.20164780150328768,0.21295015563119424,False,False,False,False,11920868,11364792.13501198,False,False,False,False,1744965.4387638732,False,False,False,False
2023-12-13 00:00:00+00:00,47.6299654842,47.6496350963,45.1761813859,45.5154821931,3324176,,,,,,,,,,,,,,,,,,,,,,,,,,,43.70641415139252,44.125764706182665,41.13311908963976,,"rgba(38, 166, 154, 0.5)",0.0,0.0,2.668031781046325,43.43737132432022,1.5714183727734936,0.0,0.0,0.0,0.0,0.0,0.0,0.0,0.0,56.6751352414571,12.082089902668365,False,False,True,False,False,9.774095913181522,0,1.0672946521869358,0.8129487425720968,False,False,False,False,0.21071963255785459,0.2118348940945244,False,False,False,False,15245044,11516958.874815432,False,False,False,False,1806895.2646947019,False,False,False,False
2023-12-14 00:00:00+00:00,48.2790626806,49.075681967,48.0135229185,48.3184019046,3462051,,,,,,,,,,,,,,,,,,,,,,,,,,,43.88117080858783,44.16624100746455,41.17278949124855,,"rgba(38, 166, 154, 0.5)",0.0,0.0,2.736297191613685,43.5620947712526,1.7238507293009515,0.0,0.0,0.0,0.0,0.0,0.0,0.0,0.0,58.791709835533595,12.082089902668365,False,False,True,False,True,11.156142497670402,0,1.1068693516217967,0.7967608500091834,False,False,False,False,0.34282824729197925,0.2773315706932518,False,False,False,False,18707095,11798924.99737169,False,False,False,False,1871803.3327458901,False,False,False,False
2023-12-15 00:00:00+00:00,47.9840185004,48.5249328307,47.6201306782,48.0331925305,3671181,,,,,,,,,,,,,,,,,,,,,,,,,,,44.037452124102686,44.204289822166025,41.212030104097394,,"rgba(38, 166, 154, 0.5)",0.0,0.0,2.793965789327999,43.64525230168836,1.5529059859230392,0.0,0.0,0.0,0.0,0.0,0.0,0.0,0.0,59.35119223610284,12.082089902668365,False,False,True,False,True,10.317662386155313,0,1.0965354304148969,0.803509476897618,False,False,False,False,0.30769682727465747,0.29251419898395464,False,False,False,False,15035914,11925865.742572801,False,False,False,False,1942367.1628342867,False,False,False,False
2023-12-18 00:00:00+00:00,48.0331925305,48.4659239947,47.5512870362,48.1118709785,1469044,,,,,,,,,,,,,,,,,,,,,,,,,,,44.09636140853892,44.21920426864065,41.22754736496015,,"rgba(38, 166, 154, 0.5)",0.0,0.0,2.8495901080478228,43.67595186325404,1.529076288881066,0.0,0.0,0.0,0.0,0.0,0.0,0.0,0.0,59.82137868822857,12.082089902668365,False,False,True,False,True,10.424542445541874,0,1.0911357174779062,0.8180955795353353,False,False,False,False,0.2984489224734946,0.2954815607287246,False,False,False,False,16504958,12105437.987962103,False,False,False,False,1923805.4701741186,False,False,False,False
2023-12-19 00:00:00+00:00,49.1445256091,49.7739531934,47.7479831563,48.1905494266,2425165,,,,,,,,,,,,,,,,,,,,,,,,,,,44.21068889320038,44.24916745534072,41.2562801119905,,"rgba(38, 166, 154, 1.0)",0.0,0.0,2.9282396511056348,43.74197027072865,1.8449840115823415,0.0,0.0,0.0,0.0,0.0,0.0,0.0,0.0,62.16167432615539,5.499888927255768,True,False,True,False,True,12.794928776304857,0,1.0800362222702293,0.8180305109096503,False,False,False,False,0.342828246027006,0.31915490337786534,False,False,False,False,18930123,12373072.694316529,False,False,False,False,1943466.6282065064,False,False,False,False
2023-12-20 00:00:00+00:00,47.9741836944,49.3215521172,47.9741836944,49.2527084751,1600408,,,,,,,,,,,,,,,,,,,,,,,,,,,44.27597938403751,44.26676807741173,41.273974318553,,"rgba(38, 166, 154, 0.5)",0.0,0.0,2.964501041909307,43.77729386293745,1.4157154179171796,0.0,0.0,0.0,0.0,0.0,0.0,0.0,0.0,60.330934806439124,5.499888927255768,False,False,True,False,True,9.46325922358001,1,1.0776511490893081,0.8292669141526731,False,False,False,False,0.33301169050055485,0.3260832969392101,False,False,False,False,17329715,12567450.823951174,False,False,False,False,1930013.3486689962,False,False,False,False
2023-12-21 00:00:00+00:00,48.7314637569,48.8593162349,48.2888974866,48.6429505028,2087218,,,,,,,,,,,,,,,,,,,,,,,,,,,44.36217619380084,44.29061224469123,41.29757220655975,,"rgba(38, 166, 154, 0.5)",0.0,0.0,3.014033011311392,43.82489079741601,1.6279094957056097,0.0,0.0,0.0,0.0,0.0,0.0,0.0,0.0,60.52210864113336,5.499888927255768,False,False,True,False,True,11.065203713398361,1,1.075166961681736,0.8395466843045147,False,False,False,False,0.32660568505069887,0.3263444909949545,False,False,False,False,19416933,12836057.96810995,False,False,False,False,1936178.2369564867,False,False,False,False
2023-12-22 00:00:00+00:00,49.036342743,50.1060745922,48.977333907,49.6657703274,1663425,,,,,,,,,,,,,,,,,,,,,,,,,,,44.44007062533294,44.31266954031711,41.318175568136034,,"rgba(38, 166, 154, 0.5)",0.0,0.0,3.0651139364268025,44.25632650983618,1.5594905547740219,0.0,0.0,0.0,0.0,0.0,0.0,0.0,0.0,61.19022082523197,5.499888927255768,False,False,True,False,True,11.700835335776183,1,1.0813841581247177,0.8203148347931496,False,False,False,False,0.3428282454029174,0.33458636819893595,False,False,False,False,21080358,13159363.851713482,False,False,False,False,1925482.031585644,False,False,False,False
2023-12-26 00:00:00+00:00,49.1641952211,49.3607929931,48.7806377869,49.1150211911,641150,,,,,,,,,,,,,,,,,,,,,,,,,,,44.467835248629484,44.32066709377891,41.32582227983151,,"rgba(38, 166, 154, 0.5)",0.0,0.0,3.1190593182773996,44.26798508186657,1.5697714084955334,0.0,0.0,0.0,0.0,0.0,0.0,0.0,0.0,61.87019525632131,6.2144992663737995,False,False,True,False,True,11.968985513678454,1,1.0782463397149336,0.8586087068544773,False,False,False,False,0.2992350747116274,0.31691072145528165,False,False,False,False,21721508,13495134.210469816,False,False,False,False,1875116.0695626775,False,False,False,False
2023-12-27 00:00:00+00:00,49.6165962973,49.9116404775,49.085516773,49.1740300271,992010,,,,,,,,,,,,,,,,,,,,,,,,,,,44.51412932907363,44.33411241265807,41.33828576238597,,"rgba(38, 166, 154, 1.0)",0.0,0.0,3.187462803618995,44.2979859952879,1.668603095845834,0.0,0.0,0.0,0.0,0.0,0.0,0.0,0.0,63.158350913510276,7.771908015547453,True,False,True,False,True,12.91856271100782,1,1.0779018160381275,0.8544882308840365,False,False,False,False,0.33875353926856877,0.3278321303619252,False,False,False,False,22713518,13856639.457118059,False,False,False,False,1840484.458991592,False,False,False,False
2023-12-28 00:00:00+00:00,48.7806377869,49.6756051334,48.7511333689,49.2330388631,1411383,,,,,,,,,,,,,,,,,,,,,,,,,,,44.57254397174851,44.35141017607003,41.35494304483118,,"rgba(38, 166, 154, 0.5)",0.0,0.0,3.2323542876869715,44.32577231101324,1.3782107650936382,0.0,0.0,0.0,0.0,0.0,0.0,0.0,0.0,61.35243504353228,7.771908015547453,False,False,True,False,True,10.490125097632134,1,1.0638152378597687,0.8649483991211051,False,False,False,False,0.3120695748893302,0.3199508526256277,False,False,False,False,21302135,14148619.674485978,False,False,False,False,1823656.9507958433,False,False,False,False
2023-12-29 00:00:00+00:00,48.5249328307,48.6302636031,47.9053400524,48.3872455467,1555273,,,,,,,,,,,,,,,,,,,,,,,,,,,44.6252310500644,44.36745643853995,41.37152052656783,,"rgba(38, 166, 154, 0.5)",0.0,0.0,3.2645820825461436,44.34192286008986,1.2813309222562697,0.0,0.0,0.0,0.0,0.0,0.0,0.0,0.0,59.39189635116716,7.771908015547453,False,False,True,False,False,9.759385707373625,0,1.0471476297170186,0.888712598969756,False,False,False,False,0.22638969424172314,0.27317027343367545,False,False,False,False,19746862,14368158.589212019,False,False,False,False,1813132.08998032,False,False,False,False
2024-01-02 00:00:00+00:00,47.6299654842,48.7215306028,47.4431041701,48.4560891887,1370183,,,,,,,,,,,,,,,,,,,,,,,,,,,44.66532847350308,44.380001517595126,41.38518146691825,,"rgba(38, 166, 154, 0.5)",0.0,0.0,3.283337002537121,44.35226479232383,0.9982833590774886,0.0,0.0,0.0,0.0,0.0,0.0,0.0,0.0,55.65433272171016,10.837807737210937,False,True,True,False,False,7.248558479788976,1,1.047039169117087,0.8756384333759291,False,False,False,False,0.20999516366789356,0.2415827185507845,False,False,False,False,18376679,14525355.46806645,False,False,False,False,1795761.5374320725,False,False,False,False
2024-01-03 00:00:00+00:00,46.8038417798,47.236573244,46.4891279876,46.9415290639,1693831,,,,,,,,,,,,,,,,,,,,,,,,,,,44.69749699970394,44.39067308586064,41.39919618318636,,#000000,0.0,0.0,3.2972162923337183,44.347870738000225,0.7448619756944971,0.0,0.0,0.0,0.0,0.0,0.0,0.0,0.0,51.27151147945004,6.74114141603917,False,True,False,False,False,5.015925779272315,0,1.0202885053557509,0.9087561021926903,False,False,False,False,0.10453001455970748,0.17305636655524598,False,False,False,False,16682848,14609963.018338354,False,False,False,False,1791764.2614543443,False,False,False,False
2024-01-04 00:00:00+00:00,47.157894796,47.3693431251,46.2678448525,46.7448329438,2006739,,,,,,,,,,,,,,,,,,,,,,,,,,,44.735921732497616,44.40364899653264,41.41597547954743,,"rgba(239, 83, 80, 1.0)",0.0,0.0,3.3151886549894964,44.35179128049997,0.8464385612796822,0.0,0.0,0.0,0.0,0.0,0.0,0.0,0.0,49.35756785214041,5.033477621300328,False,True,False,True,False,5.836958020547886,0,1.0303380551720698,0.9003110822503575,False,False,False,False,0.10075936863855536,0.13690786759690066,False,False,False,False,18689587,14769948.272521164,False,False,False,False,1800194.6433580955,False,False,False,False
2024-01-05 00:00:00+00:00,46.8333461978,47.8709182314,46.6956589137,47.0103727059,1816405,,,,,,,,,,,,,,,,,,,,,,,,,,,44.772670301923334,44.41620805089945,41.43162774170876,,"rgba(239, 83, 80, 1.0)",0.0,0.0,3.326149096717014,44.3625276323127,0.7428466053809958,0.0,0.0,0.0,0.0,0.0,0.0,0.0,0.0,47.317299461085796,3.1488173196422053,False,True,False,True,False,4.95951983476013,0,1.0247204061923574,0.8932267466458366,False,False,False,False,0.14051482478454486,0.13871134619072276,False,False,False,False,16873182,14852428.026539942,False,False,False,False,1800830.3436185624,False,False,False,False
2024-01-08 00:00:00+00:00,47.0890511539,47.236573244,46.0908183444,46.2825970615,1022117,,,,,,,,,,,,,,,,,,,,,,,,,,,44.79005460599727,44.422377967656,41.4398936173373,,"rgba(239, 83, 80, 1.0)",0.0,0.0,3.34211483734747,44.366317530967926,0.8146738683261472,0.0,0.0,0.0,0.0,0.0,0.0,0.0,0.0,46.74841589800772,2.5734152861638577,False,True,False,True,False,5.565440252387656,0,1.0062362409503682,0.9113850102942523,False,False,False,False,0.08758385662964556,0.11314760141018415,False,False,False,False,17895299,14971756.300008966,False,False,False,False,1770292.5654374424,False,False,False,False
2024-01-09 00:00:00+00:00,46.8923550338,47.0398771239,45.9580484633,46.9710334819,1470099,,,,,,,,,,,,,,,,,,,,,,,,,,,44.81241215141165,44.43054741351111,41.45135068263118,,"rgba(239, 83, 80, 1.0)",0.0,0.0,3.3490192677891186,44.37059339898,0.7529851079312432,0.0,0.0,0.0,0.0,0.0,0.0,0.0,0.0,45.84954193681356,1.5831152342869004,False,True,False,True,False,5.022056370641902,0,1.0282555648482274,0.9015225604436549,False,False,False,False,0.0736049020815865,0.09337625174588532,False,False,False,False,16425200,15028754.092165478,False,False,False,False,1758520.2687536213,False,False,False,False
2024-01-10 00:00:00+00:00,47.4726085882,47.6447176933,46.7054937197,46.8431810038,1695173,,,,,,,,,,,,,,,,,,,,,,,,,,,44.84642832906366,44.442629876980625,41.4661347426276,,"rgba(239, 83, 80, 1.0)",0.0,0.0,3.361462072010355,44.385960028306776,0.9182458387957437,0.0,0.0,0.0,0.0,0.0,0.0,0.0,0.0,47.11213022586389,1.5831152342869004,False,True,False,True,False,6.414527006651337,0,1.0334700027187385,0.8923707615723053,False,False,False,False,0.13122465871682928,0.1123004552313573,False,False,False,False,18120373,15149994.04933546,False,False,False,False,1756036.0621358322,False,False,False,False
2024-01-11 00:00:00+00:00,46.9611986759,47.6398002903,46.4694583756,47.5021130062,1799418,,,,,,,,,,,,,,,,,,,,,,,,,,,44.877897576504886,44.45421752352412,41.48107195921268,,"rgba(239, 83, 80, 1.0)",0.0,0.0,3.360784118997188,44.39904872415944,0.7623667159273142,0.0,0.0,0.0,0.0,0.0,0.0,0.0,0.0,46.49374694165257,1.5831152342869004,False,True,False,True,False,4.983167506261964,0,1.0242888954038396,0.8972506166846692,False,False,False,False,0.12090516058536455,0.11660280790836092,False,False,False,False,16320955,15195914.086616421,False,False,False,False,1757737.3146010935,False,False,False,False
2024-01-12 00:00:00+00:00,47.7086439323,48.8298118169,47.3447561101,48.1905494266,1727505,,,,,,,,,,,,,,,,,,,,,,,,,,,44.92009794444981,44.4692686270573,41.4977499911411,,#000000,0.0,0.0,3.3528127394358984,44.42435277767065,0.9795629550077181,0.0,0.0,0.0,0.0,0.0,0.0,0.0,0.0,48.348696003076405,1.5831152342869004,False,True,False,False,True,6.7720961684147625,0,1.0450838918714755,0.870973933298793,False,False,False,False,0.2104326637765546,0.16351773584245777,False,False,False,False,18048460,15307778.632239308,False,False,False,False,1756551.7336363448,False,False,False,False
2024-01-16 00:00:00+00:00,47.0202075119,47.1913331364,46.3661929126,46.9611986759,1296682,,,,,,,,,,,,,,,,,,,,,,,,,,,44.93981781408879,44.4769433305625,41.508087876651715,,"rgba(239, 83, 80, 0.75)",0.0,0.0,3.3106290814181056,44.43243232634849,0.7816566344070884,0.0,0.0,0.0,0.0,0.0,0.0,0.0,0.0,47.64516212182225,1.5831152342869004,False,True,False,True,True,4.854538046901503,0,1.0237746815035733,0.8783836973046958,False,False,False,False,0.08835501718732294,0.12593637651489037,False,False,False,False,16751778,15364406.058426002,False,False,False,False,1738517.6264349194,False,False,False,False
2024-01-17 00:00:00+00:00,45.279446849,46.2432578375,45.2106032069,46.1252401654,1919124,,,,,,,,,,,,,,,,,,,,,,,,,,,44.94927719644581,44.48215044517814,41.51966866748401,,"rgba(239, 83, 80, 1.0)",0.0,0.0,3.2596271999519444,44.427377283664285,0.2614009250347033,0.0,0.0,0.0,0.0,0.0,0.0,0.0,0.0,43.52004365026238,-1.2721892651335693,False,True,False,True,False,0.2985836971952516,0,0.9829484045222813,0.8908981935187555,False,False,False,False,-0.003954021502219063,0.060991177506335655,False,False,False,False,14832654,15343553.036526944,False,False,False,False,1745600.2293198246,False,False,False,False
2024-01-18 00:00:00+00:00,45.5941606411,45.7416827312,44.9548982508,45.279446849,1412681,,,,,,,,,,,,,,,,,,,,,,,,,,,44.954470212145395,44.485440193302885,41.52784297788939,,"rgba(239, 83, 80, 1.0)",0.0,0.0,3.208570822088792,44.42324154044711,0.36493478423225684,0.0,0.0,0.0,0.0,0.0,0.0,0.0,0.0,41.74198387928635,-2.991755815779385,False,True,False,True,False,1.0766418998537226,0,0.9708169290162303,0.9303323474220392,False,False,False,False,-0.03711804983180131,0.011936563837267173,False,False,False,False,16245335,15378917.035094516,False,False,False,False,1732544.5732680669,False,False,False,False
2024-01-19 00:00:00+00:00,45.426968939,45.8203611793,44.8860546087,45.7318479252,1591799,,,,,,,,,,,,,,,,,,,,,,,,,,,44.95955845283125,44.488915530420996,41.53688962882132,,"rgba(239, 83, 80, 1.0)",0.0,0.0,3.1142439903206247,44.41896468125551,0.3236754284113462,0.0,0.0,0.0,0.0,0.0,0.0,0.0,0.0,40.23011537102593,-4.4832999982591915,False,True,False,True,False,0.6495097759335877,0,0.956843962042184,0.9279344430713901,False,False,False,False,-0.0366869826589233,-0.012375209410828062,False,False,False,False,14653536,15350470.719992772,False,False,False,False,1727025.1390222604,False,False,False,False
2024-01-22 00:00:00+00:00,45.348290491,45.5744910291,44.7877065487,45.0237418928,2050251,,,,,,,,,,,,,,,,,,,,,,,,,,,44.96378557821232,44.492648519360436,41.548053981338526,,"rgba(239, 83, 80, 1.0)",0.0,0.0,3.0221880309318347,44.566066107038296,0.2588271728812718,0.0,0.0,0.0,0.0,0.0,0.0,0.0,0.0,39.059686733065405,-5.68892837433966,False,True,False,True,False,0.4461042673440616,0,0.9786717713046557,0.9185494394020498,False,False,False,False,-0.05178359266942376,-0.03207940104012591,False,False,False,False,12603285,15242737.946659721,False,False,False,False,1739700.6629821719,False,False,False,False
2024-01-23 00:00:00+00:00,46.4989627936,46.5825586447,45.4859777751,45.7220131192,1064601,,,,,,,,,,,,,,,,,,,,,,,,,,,44.97340983703442,44.497034021384124,41.55531438704413,,"rgba(239, 83, 80, 0.75)",0.0,0.0,2.9157121043848977,44.58584323418856,0.6561414470702812,0.0,0.0,0.0,0.0,0.0,0.0,0.0,0.0,41.95194419785819,-5.68892837433966,False,True,False,True,True,3.3222491588535803,0,0.9959342828144669,0.89147865299885,False,False,False,False,0.02295507230184006,-0.004562164369142925,False,False,False,False,13667886,15180979.046790713,False,False,False,False,1713226.1663946358,False,False,False,False
2024-01-24 00:00:00+00:00,45.2302728189,47.4872624491,45.2106032069,47.216903632,1439264,,,,,,,,,,,,,,,,,,,,,,,,,,,44.983944148035086,44.50218477890131,41.56464411614148,,"rgba(239, 83, 80, 0.75)",0.0,0.0,2.8084666150418984,44.59540058896356,0.22605653438645903,0.0,0.0,0.0,0.0,0.0,0.0,0.0,0.0,41.105915111820096,-5.68892837433966,False,True,False,True,True,0.06424731463880917,0,0.9916666128006583,0.8842186232282404,False,False,False,False,0.050540488127238443,0.02298916187904776,False,False,False,False,12228622,15065200.33907343,False,False,False,False,1702482.5520262187,False,False,False,False
2024-01-25 00:00:00+00:00,46.0072224934,46.0268921054,45.397464521,45.8203611793,1306761,,,,,,,,,,,,,,,,,,,,,,,,,,,44.99175469086882,44.50630865080277,41.572764323846215,,"rgba(239, 83, 80, 0.75)",0.0,0.0,2.712631315481277,44.598359244658816,0.519371445983334,0.0,0.0,0.0,0.0,0.0,0.0,0.0,0.0,42.66447747010599,-5.68892837433966,False,True,False,True,True,1.9627954949510418,1,0.9912844975290377,0.8951794941144298,False,False,False,False,-0.012255843257575642,0.005366659310736059,False,False,False,False,13535383,15005207.502247022,False,False,False,False,1686964.0597898965,False,False,False,False
2024-01-26 00:00:00+00:00,45.9973876873,46.4497887636,45.6925087012,46.1055705534,1233478,,,,,,,,,,,,,,,,,,,,,,,,,,,45.00107965107881,44.51087765060869,41.58082603899904,,"rgba(239, 83, 80, 0.75)",0.0,0.0,2.641191609131037,44.60470773280612,0.5272922834069114,0.0,0.0,0.0,0.0,0.0,0.0,0.0,0.0,43.68121864495926,-5.68892837433966,False,True,False,True,True,1.9376176751656295,1,0.9917720998748346,0.8884249906693134,False,False,False,False,-0.05607758333698029,-0.025355462013122117,False,False,False,False,12301905,14899195.639413808,False,False,False,False,1669180.2927393124,False,False,False,False
2024-01-29 00:00:00+00:00,46.9415290639,47.0300423179,45.5744910291,46.3317710915,1839702,,,,,,,,,,,,,,,,,,,,,,,,,,,45.02078598194242,44.519707003654304,41.59405260747309,,"rgba(239, 83, 80, 0.75)",0.0,0.0,2.568813208765251,44.622792829518616,0.9026488288324895,0.0,0.0,0.0,0.0,0.0,0.0,0.0,0.0,46.778089187102026,-8.446298292152989,False,True,False,True,True,4.206317024632373,1,0.9763562729211444,0.8994290186138482,False,False,False,False,-0.030321649766436372,-0.027838555889779244,False,False,False,False,14141607,14869486.281005424,False,False,False,False,1675867.4185142412,False,False,False,False
2024-01-30 00:00:00+00:00,46.6169804657,47.3054168861,46.3416058975,47.0792163479,1201192,,,,,,,,,,,,,,,,,,,,,,,,,,,45.03539466210675,44.526116376221985,41.60306849697775,,#000000,0.0,0.0,2.510566617435605,44.636178708960855,0.7889859376694887,0.0,0.0,0.0,0.0,0.0,0.0,0.0,0.0,47.99304869088195,-7.225066517701663,False,True,False,False,True,3.35291259323499,1,0.9881106978858141,0.8925453462542274,False,False,False,False,-0.02860915908830222,-0.02822385748904073,False,False,False,False,12940415,14793836.426848348,False,False,False,False,1657252.6962195653,False,False,False,False
2024-01-31 00:00:00+00:00,46.0957357474,47.3054168861,45.8695352093,46.7546677498,1854998,,,,,,,,,,,,,,,,,,,,,,,,,,,45.05322461583755,44.534482552217916,41.61603908130451,,#000000,0.0,0.0,2.4227749696632612,44.648808000732785,0.5972192072251434,0.0,0.0,0.0,0.0,0.0,0.0,0.0,0.0,47.48618913038703,-7.225066517701663,False,True,False,False,True,1.9933963350001527,1,0.9706306951787822,0.9187988046362892,False,False,False,False,-0.05981186762075113,-0.044017862554895926,False,False,False,False,11085417,14648408.214030767,False,False,False,False,1665007.4140148766,False,False,False,False
2024-02-01 00:00:00+00:00,47.24640805,47.6988091263,46.4989627936,46.4989627936,2682968,,,,,,,,,,,,,,,,,,,,,,,,,,,45.09143102284641,44.55104422311386,41.63748462090394,,#000000,0.0,0.0,2.384205839341967,44.89240712685444,0.9873312464477728,0.0,0.0,0.0,0.0,0.0,0.0,0.0,0.0,50.00024399017362,-5.103986326214702,False,True,False,False,True,4.739545550774896,1,0.9669645134058331,0.9074858222347447,False,False,False,False,0.007727967413802659,-0.018144947570546632,False,False,False,False,13768385,14613897.499755051,False,False,False,False,1704927.4369946853,False,False,False,False
2024-02-02 00:00:00+00:00,46.4202843456,46.5480384756,45.436803745,46.0072224934,1675684,,,,,,,,,,,,,,,,,,,,,,,,,,,45.10318493794176,44.557288535227514,41.648347783638165,,#000000,0.0,0.0,2.342081034052915,44.87760625647035,0.6586783577082661,0.0,0.0,0.0,0.0,0.0,0.0,0.0,0.0,49.620339326724434,-5.103986326214702,False,True,False,False,True,2.601104716405235,1,0.9440107143254662,0.909193934687717,False,False,False,False,-0.21024626986787082,-0.11419560871920872,False,False,False,False,12092701,14515027.048784265,False,False,False,False,1703780.6355439133,False,False,False,False
2024-02-05 00:00:00+00:00,45.7220131192,46.0170572994,45.2302728189,45.6531694772,2115452,,,,,,,,,,,,,,,,,,,,,,,,,,,45.1109412418588,44.56273162689614,41.660532260887344,,#000000,0.0,0.0,2.3072471335242772,44.85784615760642,0.3745446029760945,0.0,0.0,0.0,0.0,0.0,0.0,0.0,0.0,47.8299710887274,-5.103986326214702,False,True,False,False,True,0.8467656464609412,1,0.9179028566335473,0.9347696521747579,False,False,False,False,-0.269345080886961,-0.19177034480308486,False,False,False,False,9977249,14337074.968439784,False,False,False,False,1719924.6106206228,False,False,False,False
2024-02-06 00:00:00+00:00,46.1744141954,46.3907799276,45.6826738952,45.9088744333,1280115,,,,,,,,,,,,,,,,,,,,,,,,,,,45.119115047529014,44.567272546839334,41.668652028660595,,#000000,0.0,0.0,2.2671807948871034,44.858854150944026,0.5802625213757955,0.0,0.0,0.0,0.0,0.0,0.0,0.0,0.0,47.80755239360865,-5.103986326214702,False,True,False,False,True,1.9387245365151173,1,0.9194536769174301,0.9202226448081082,False,False,False,False,-0.20324958517308395,-0.1975099649880844,False,False,False,False,11257364,14216301.989285283,False,False,False,False,1702677.1749100103,False,False,False,False
2024-02-07 00:00:00+00:00,45.8892048213,46.2235882255,45.7121783132,46.1547445834,1551382,,,,,,,,,,,,,,,,,,,,,,,,,,,45.12741591051153,44.5722309265415,41.67813957275258,,#000000,0.0,0.0,2.224870844104153,44.858359034960465,0.4633283721035972,0.0,0.0,0.0,0.0,0.0,0.0,0.0,0.0,47.12593796242511,-5.103986326214702,False,True,False,False,False,1.216718997095466,1,0.9134515502388735,0.9309455718401398,False,False,False,False,-0.21412994188402365,-0.20581995343605403,False,False,False,False,9705982,14039426.695587821,False,False,False,False,1696744.0307958922,False,False,False,False
2024-02-08 00:00:00+00:00,45.1417595649,45.8695352093,44.8713023997,45.4958125811,1393751,,,,,,,,,,,,,,,,,,,,,,,,,,,45.12891443559836,44.574563367435864,41.68533832063985,,"rgba(239, 83, 80, 1.0)",0.0,0.0,2.1860279804383604,44.84824953257528,0.1342663657332791,0.0,0.0,0.0,0.0,0.0,0.0,0.0,0.0,45.02849268109703,-5.103986326214702,False,True,False,True,False,0.0,1,0.8986523820740631,0.9397988995424049,False,False,False,False,-0.3109987727579453,-0.2584093630969997,False,False,False,False,8312231,13814830.785956927,False,False,False,False,1684861.9511568376,False,False,False,False
2024-02-09 00:00:00+00:00,44.7385325187,45.1417595649,44.1976181884,45.1417595649,2598893,,,,,,,,,,,,,,,,,,,,,,,,,,,45.121725539274536,44.57527040005805,41.69646055279447,,"rgba(239, 83, 80, 1.0)",0.0,0.0,2.1580739618326743,44.81769809298642,-0.03668343888417615,0.0,0.0,0.0,0.0,0.0,0.0,0.0,0.0,42.812469515832134,-2.7454244839356647,False,True,False,True,False,0.0,1,0.8784072983788107,0.9735587952618334,False,False,False,False,-0.34282825441539394,-0.30061880875619684,False,False,False,False,5713338,13497125.186507635,False,False,False,False,1720706.306013432,False,False,False,False
2024-02-12 00:00:00+00:00,44.7975413547,44.8958894147,44.3235037052,44.6893584886,1522140,,,,,,,,,,,,,,,,,,,,,,,,,,,45.11742977090303,44.575609547717185,41.70289265720614,,"rgba(239, 83, 80, 1.0)",0.0,0.0,2.1305593851383393,44.80286859746317,-0.002500396281054389,0.0,0.0,0.0,0.0,0.0,0.0,0.0,0.0,41.53185916128237,-4.044234241016078,False,True,False,True,False,0.0,1,0.859747037538597,0.9812340892280731,False,False,False,False,-0.34282825441539394,-0.32172353158579536,False,False,False,False,7235478,13251570.394879885,False,False,False,False,1712919.3920521212,False,False,False,False
2024-02-13 00:00:00+00:00,42.5650403915,43.9615828442,42.2404917933,43.7845563361,1911097,,,,,,,,,,,,,,,,,,,,,,,,,,,45.09139898000755,44.56838692156012,41.70619306349453,,"rgba(239, 83, 80, 1.0)",0.0,0.0,2.1312764199454612,44.75527303182742,-1.0276623997855099,0.0,0.0,0.0,0.0,0.0,0.0,0.0,0.0,36.9757851390476,-8.356160196424831,False,True,False,True,False,0.0,0,0.829338596175319,0.9812706120668954,False,False,False,False,-0.34282825441539394,-0.3322758930005947,False,False,False,False,5324381,12940700.222531654,False,False,False,False,1720691.0629520381,False,False,False,False
2024-02-14 00:00:00+00:00,42.5060315554,42.6584710485,41.797925523,42.5158663614,2949809,,,,,,,,,,,,,,,,,,,,,,,,,,,45.0415969387151,44.553332401885754,41.7087498701364,,"rgba(239, 83, 80, 1.0)",0.0,0.0,2.117427459146693,44.67657401069519,-1.025084682792346,0.0,0.0,0.0,0.0,0.0,0.0,0.0,0.0,33.862069879670415,-11.170520100683838,False,True,False,True,False,0.0,0,0.8251294197387157,1.0069393087433531,False,False,False,False,-0.34282825441539394,-0.33755207370799434,False,False,False,False,2374572,12526342.253020609,False,False,False,False,1768891.7663656839,False,False,False,False
2024-02-15 00:00:00+00:00,43.597695022,44.0500960983,42.9387630197,43.0174414677,2437832,,,,,,,,,,,,,,,,,,,,,,,,,,,45.01945342509915,44.54769253859277,41.714985908156336,,"rgba(239, 83, 80, 1.0)",0.0,0.0,2.100425623755733,44.64414714373423,-0.49820955805285055,0.0,0.0,0.0,0.0,0.0,0.0,0.0,0.0,35.24250518013274,-11.170520100683838,False,True,False,True,False,0.0,0,0.8557049498066855,0.9858236785381284,False,False,False,False,-0.21917356823449674,-0.27836282097124554,False,False,False,False,4812404,12223834.870549213,False,False,False,False,1795124.7167042845,False,False,False,False
2024-02-16 00:00:00+00:00,43.6763734701,44.0304264863,43.3518248719,43.489512156,1430467,,,,,,,,,,,,,,,,,,,,,,,,,,,45.00809938565584,44.54491867276526,41.71894094555177,,"rgba(239, 83, 80, 0.75)",0.0,0.0,2.080691917153525,44.62852119307048,-0.45761110288401496,0.0,0.0,0.0,0.0,0.0,0.0,0.0,0.0,36.394906569531244,-11.170520100683838,False,True,False,True,True,0.0,0,0.8635496903512132,0.9852476394614462,False,False,False,False,-0.20062884119325294,-0.23949583108224926,False,False,False,False,6242871,11989287.267782578,False,False,False,False,1780824.4140884303,False,False,False,False
2024-02-20 00:00:00+00:00,43.489512156,44.1681137703,43.2829812299,43.9615828442,1293676,,,,,,,,,,,,,,,,,,,,,,,,,,,44.997695689013696,44.54231117885802,41.722432880662524,,"rgba(239, 83, 80, 0.75)",0.0,0.0,2.031823201406533,44.61477601118542,-0.5538197685735897,0.0,0.0,0.0,0.0,0.0,0.0,0.0,0.0,36.79544176760997,-11.170520100683838,False,True,False,True,True,0.0,0,0.863855544288381,0.9803214868398634,False,False,False,False,-0.19739781166813408,-0.21844682137519167,False,False,False,False,4949195,11713205.218065616,False,False,False,False,1761720.5547124133,False,False,False,False
2024-02-21 00:00:00+00:00,40.0669996661,42.3486746593,39.1326930956,42.2404917933,6045906,,,,,,,,,,,,,,,,,,,,,,,,,,,44.84314151529518,44.488409846843275,41.71230754157803,,"rgba(239, 83, 80, 1.0)",0.0,0.0,2.1015346797322882,44.42623494001522,-2.0743104151250717,0.0,0.0,0.0,0.0,0.0,0.0,0.0,0.0,32.49059943554005,-12.154878286521303,False,True,False,True,False,0.0,0,0.8213906688527363,0.9856279606588504,False,False,False,False,-0.34282825441539394,-0.2806375378952928,False,False,False,False,-1096711,11210855.5624552,False,False,False,False,1929727.8270766323,False,False,False,False
2024-02-22 00:00:00+00:00,38.9458317815,39.889973158,38.7196312433,39.8014599039,5084592,,,,,,,,,,,,,,,,,,,,,,,,,,,44.68366714059143,44.429365139809484,41.6945932658907,,"rgba(239, 83, 80, 1.0)",0.0,0.0,2.2170224159859133,44.24857627740272,-2.391831700783496,0.0,0.0,0.0,0.0,0.0,0.0,0.0,0.0,28.695842600341187,-15.65967913358682,False,True,False,True,False,0.0,0,0.82599192850984,1.014791578805926,False,False,False,False,-0.34282825441539394,-0.3117328961553434,False,False,False,False,-6181303,10528810.128633428,False,False,False,False,2053447.990720686,False,False,False,False
2024-02-23 00:00:00+00:00,39.2015367376,39.3883980517,38.4835958992,39.0441798415,3684885,,,,,,,,,,,,,,,,,,,,,,,,,,,44.570383797743226,44.386103855238154,41.68109797391686,,"rgba(239, 83, 80, 1.0)",0.0,0.0,2.341219077261505,44.12991939449229,-2.105049760083519,0.0,0.0,0.0,0.0,0.0,0.0,0.0,0.0,26.910824959679466,-17.251378042047236,False,True,False,True,False,0.0,0,0.8276993030483412,1.024318884872609,False,False,False,False,-0.34282825441539394,-0.3272805752853687,False,False,False,False,-2496418,10018016.868687019,False,False,False,False,2117425.9126532082,False,False,False,False
2024-02-26 00:00:00+00:00,38.5426047352,38.7393008553,37.9328467629,38.6016135713,2146829,,,,,,,,,,,,,,,,,,,,,,,,,,38.404917451133336,44.499308586617865,44.358341538442616,41.67147915170095,,"rgba(239, 83, 80, 1.0)",0.0,0.0,2.478290301404966,43.78986543307303,-2.1172905752398377,1.0,38.7393,37.932846,0.0,0.0,0.0,0.0,0.0,25.14260882748278,-18.90015473803978,False,True,False,True,False,0.0,0,0.8128226467543769,1.0291125141586097,True,False,False,False,-0.34282825441539394,-0.33505441485038134,False,False,False,False,-4643247,9443065.344424782,False,False,False,False,2118578.9749021023,True,False,False,False
2024-02-27 00:00:00+00:00,38.8474837214,39.1425279016,38.4737610932,38.6999616313,2707301,,,,,,,,,,,,,,,,,,,,,,,,,,38.63712343361483,44.41794642462911,44.326119435256196,41.66096518035271,,"rgba(239, 83, 80, 1.0)",0.0,0.0,2.5791821385007196,43.72220037680924,-1.8900241990055473,0.0,0.0,0.0,0.0,0.0,0.0,0.0,0.0,24.91616338299591,-19.19026446574646,False,True,False,True,False,0.0,0,0.8199338373402801,1.0317445489893458,False,False,False,False,-0.31193402323891356,-0.3234942190446475,False,False,False,False,-1935946,8996829.605427733,False,False,False,False,2141666.1131412354,False,False,False,False
2024-02-28 00:00:00+00:00,39.1031886775,39.2556281706,38.3950826452,38.3950826452,2308495,,,,,,,,,,,,,,,,,,,,,,,,,,38.72763840673979,44.351556458577996,44.29941616495106,41.65236431283337,,"rgba(239, 83, 80, 1.0)",0.0,0.0,2.649155194180119,43.663729541076336,-1.7215076238626204,0.0,0.0,0.0,0.0,0.0,0.0,0.0,0.0,25.584271053669625,-19.19026446574646,False,True,False,True,False,0.0,0,0.7763178435801196,1.048069417704431,False,False,False,False,-0.3108188166470855,-0.3171565178458665,False,False,False,False,372549,8658622.522861939,False,False,False,False,2148208.4224298145,False,False,False,False
2024-02-29 00:00:00+00:00,40.5095659363,40.6374184144,39.8309643219,39.90964277,3737618,,,,,,,,,,,,,,,,,,,,,,,,,,39.27569968519692,44.274389882858394,44.26790319743982,41.64566466687701,,"rgba(239, 83, 80, 0.75)",0.0,0.0,2.6848849086274367,43.62332121173331,-1.1597351027702423,0.0,0.0,0.0,0.0,0.0,0.0,0.0,0.0,30.035487638310073,-19.19026446574646,False,True,False,True,True,0.0,0,0.7966472678620911,1.0228697790599313,False,False,False,False,-0.2217683321326342,-0.2694624249892503,False,False,False,False,4110167,8480251.718043825,False,False,False,False,2210538.209785508,False,False,False,False
2024-03-01 00:00:00+00:00,41.2766808047,41.9159431951,40.3718786522,40.8144449225,3124983,,,,,,,,,,,,,,,,,,,,,,,,,,39.701819704057165,44.22570701694399,44.24761612956755,41.643740714567336,,"rgba(239, 83, 80, 0.75)",0.0,0.0,2.7023381547104486,43.60531626722077,-0.8617113511355805,0.0,0.0,0.0,0.0,0.0,0.0,0.0,0.0,34.83086364780878,-21.326807617075797,False,True,False,True,True,0.0,0,0.8085971351413848,1.0009717337014392,False,False,False,False,-0.16613305753154176,-0.21779774126039603,False,False,False,False,7235150,8431424.199689165,False,False,False,False,2246398.7897939193,False,False,False,False
2024-03-04 00:00:00+00:00,42.0536304792,42.5945448095,41.6405686269,41.797925523,3088973,,,,,,,,,,,,,,,,,,,,,,,,,,40.133994430417445,44.19301323264215,44.233698401488724,41.6456139672156,,"rgba(239, 83, 80, 0.75)",0.0,0.0,2.7095824653041647,43.60419872834096,-0.5722535737501163,0.0,0.0,0.0,0.0,0.0,0.0,0.0,0.0,39.71277442889907,-16.89638330988602,False,True,False,True,True,0.0,0,0.8179790635352497,1.0053340294969908,False,False,False,False,-0.10768894863149726,-0.16274334494594664,False,False,False,False,10324123,8505647.682054296,False,False,False,False,2279440.915684354,False,False,False,False
2024-03-05 00:00:00+00:00,42.0142912552,42.7519017056,41.817595135,42.6043796155,2236878,,,,,,,,,,,,,,,,,,,,,,,,,,40.37218863476047,44.17103926742379,44.22419036067364,41.64725477300284,,"rgba(239, 83, 80, 0.5)",0.0,0.0,2.7359440200692435,43.60128591479614,-0.5800537759379929,0.0,0.0,0.0,0.0,0.0,0.0,0.0,0.0,42.884258226788134,-14.119134387063475,False,False,False,True,True,0.0,0,0.8159274690801832,0.9953110600583477,False,False,False,False,-0.09773719561089711,-0.1302402702784219,False,False,False,False,8087245,8489239.733738441,False,False,False,False,2277771.781735948,False,False,False,False
2024-03-06 00:00:00+00:00,43.1157895278,43.464925141,42.3929312864,42.6535536455,3120431,,,,,,,,,,,,,,,,,,,,,,,,,,40.735871038872205,44.153215449531054,44.21622211360984,41.65283498700029,,#000000,0.0,0.0,2.742728742566318,43.611587134290026,-0.1807680062542828,0.0,0.0,0.0,0.0,0.0,0.0,0.0,0.0,47.272808381204136,-10.175532280593572,False,False,False,False,True,0.0,0,0.8208437953165258,0.9751002260117273,False,False,False,False,-0.059555959479883354,-0.09489811487915262,False,False,False,False,11207676,8595845.077513404,False,False,False,False,2310817.2412757147,False,False,False,False
2024-03-07 00:00:00+00:00,43.519016574,44.1484441583,43.3026508419,43.568190604,1969100,,,,,,,,,,,,,,,,,,,,,,,,,,40.971193004032635,44.148526824283145,44.213949589786644,41.65807159923513,,"rgba(38, 166, 154, 1.0)",0.0,0.0,2.753077864622951,43.62473897490831,-0.038401529526950785,0.0,0.0,0.0,0.0,0.0,0.0,0.0,0.0,50.95053842777811,-6.906373086146722,True,False,True,False,True,0.0,0,0.8244438804673657,0.9813083054623022,False,False,False,False,-0.011339695928655845,-0.05311890540390423,False,False,False,False,13176776,8775489.42741484,False,False,False,False,2297416.5651472555,False,False,False,False
2024-03-08 00:00:00+00:00,43.9714176502,44.4238187265,43.558355798,43.9419132322,2240524,,,,,,,,,,,,,,,,,,,,,,,,,,41.22423532186641,44.146783452690855,44.212894224750144,41.66496873743933,,"rgba(38, 166, 154, 1.0)",0.0,0.0,2.758474321029171,43.642262333990104,0.11932513335382193,0.0,0.0,0.0,0.0,0.0,0.0,0.0,0.0,54.23037375926593,-3.9653395819843666,True,False,True,False,True,0.0,0,0.8321289945022662,0.9640772577734161,False,False,False,False,0.004361258137810521,-0.024378823633046855,False,False,False,False,15417300,9035952.587124063,False,False,False,False,2295185.4841610887,False,False,False,False
2024-03-11 00:00:00+00:00,44.1976181884,44.4139839205,43.6665386641,44.0599309043,1622606,,,,,,,,,,,,,,,,,,,,,,,,,,41.38868038740389,44.14637036289731,44.21249517494368,41.67016999763169,,"rgba(38, 166, 154, 1.0)",0.0,0.0,2.7625766677180428,43.65465022676905,0.19654403368267606,0.0,0.0,0.0,0.0,0.0,0.0,0.0,0.0,56.831618285545375,-1.5884857757250614,True,False,True,False,True,0.0,0,0.8286927765801111,0.9732095994644665,False,False,False,False,0.016113507004987884,-0.0041326583140294856,False,False,False,False,17039906,9349833.113119196,False,False,False,False,2268809.818115556,False,False,False,False
2024-03-12 00:00:00+00:00,43.9025740082,44.0107568743,43.1551287518,43.3616596779,1956486,,,,,,,,,,,,,,,,,,,,,,,,,,41.537439862402955,44.14219997690286,44.21040958057979,41.67537298961813,,"rgba(38, 166, 154, 1.0)",0.0,0.0,2.769613377019769,43.663260686238985,0.08640676129984816,0.0,0.0,0.0,0.0,0.0,0.0,0.0,0.0,57.66543883449688,-0.7460853819426418,True,False,True,False,True,0.0,0,0.823077590561367,0.9729398796118572,False,False,False,False,0.01867598704540639,0.0072716643656884515,False,False,False,False,15083420,9574679.657702757,False,False,False,False,2256561.825248279,False,False,False,False
2024-03-13 00:00:00+00:00,44.8368805787,45.2381406637,44.0205916803,44.0205916803,1589772,,,,,,,,,,,,,,,,,,,,,,,,,,41.69522401840463,44.146295956278514,44.21198613117508,41.68168925453626,,"rgba(38, 166, 154, 1.0)",0.0,0.0,2.7698650747995006,43.67932655479135,0.41790989548197965,0.0,0.0,0.0,0.0,0.0,0.0,0.0,0.0,60.00651673675719,1.6395143711629743,True,False,True,False,True,1.4951868778395543,0,0.8487539035257804,0.9371289860585117,False,False,False,False,0.09625074140636061,0.05176120288602453,False,False,False,False,16673192,9853052.690734021,False,False,False,False,2230413.2046503075,False,False,False,False
2024-03-14 00:00:00+00:00,44.2762966364,44.7975413547,43.9714176502,44.3156358604,1714193,,,,,,,,,,,,,,,,,,,,,,,,,,41.830728185918645,44.147887889879044,44.21245961674908,41.6876833694034,,"rgba(38, 166, 154, 1.0)",0.0,0.0,2.772022524801962,43.69195443544193,0.21079994687265954,0.0,0.0,0.0,0.0,0.0,0.0,0.0,0.0,59.842905460057786,1.7256035057588193,True,False,True,False,True,0.16286139961461998,0,0.8538356676916965,0.9447462182825151,False,False,False,False,0.07954708427943516,0.06565414358272985,False,False,False,False,14958999,10053285.879332688,False,False,False,False,2210169.275056178,False,False,False,False
2024-03-15 00:00:00+00:00,43.6862082761,44.8467153847,43.469842544,44.6991932946,3437096,,,,,,,,,,,,,,,,,,,,,,,,,,42.03232023095824,44.14560306183547,44.210997786367045,41.69806213250199,,"rgba(38, 166, 154, 1.0)",0.0,0.0,2.7766119656951695,43.707948685051555,-0.007829833343715065,0.0,0.0,0.0,0.0,0.0,0.0,0.0,0.0,58.052575312324095,1.7256035057588193,True,False,True,False,True,0.0,0,0.8614345192542935,0.9264058323827855,False,False,False,False,0.06415747071571834,0.06490580714922409,False,False,False,False,11521903,10110878.707594153,False,False,False,False,2258284.048583387,False,False,False,False
2024-03-18 00:00:00+00:00,43.4305033199,43.9615828442,43.3124856479,43.9222436202,1885506,,,,,,,,,,,,,,,,,,,,,,,,,,42.10679006323606,44.14072023415755,44.20857015228142,41.70265374511715,,"rgba(38, 166, 154, 0.75)",0.0,0.0,2.767643046501589,43.71117910826952,-0.1014132905340906,0.0,0.0,0.0,0.0,0.0,0.0,0.0,0.0,56.15401855480009,1.7256035057588193,True,False,True,False,False,0.0,0,0.8614548202669279,0.9425377739896044,False,False,False,False,0.028797666927433976,0.04685173703832903,False,False,False,False,9636397,10092271.581806146,False,False,False,False,2243665.301580117,False,False,False,False
2024-03-19 00:00:00+00:00,42.6437188395,43.2731464238,42.5257011674,43.0272762737,1477212,,,,,,,,,,,,,,,,,,,,,,,,,,42.13267892063827,44.13198951753122,44.204456610824636,41.70478775919202,,"rgba(38, 166, 154, 0.75)",0.0,0.0,2.7675785526418206,43.70727091045907,-0.3842897503103732,0.0,0.0,0.0,0.0,0.0,0.0,0.0,0.0,52.861194337498944,1.7256035057588193,True,False,True,False,False,0.0,0,0.8395546484723494,0.9592764575169589,False,False,False,False,-0.02113779525212269,0.01285697089310317,False,False,False,False,8159185,10016464.264872571,False,False,False,False,2213608.3093612893,False,False,False,False
2024-03-20 00:00:00+00:00,44.3943143085,44.6598540706,42.4647253702,42.5355359734,2074210,,,,,,,,,,,,,,,,,,,,,,,,,,42.21610791871134,44.12931243026345,44.20295161962645,41.71052734911073,,"rgba(38, 166, 154, 0.75)",0.0,0.0,2.7519002269393096,43.71327492536004,0.24747967839568788,0.0,0.0,0.0,0.0,0.0,0.0,0.0,0.0,54.63003383012956,1.7256035057588193,True,False,True,False,False,0.5522146931451317,0,0.8510768966474912,0.9272718883592327,False,False,False,False,0.023735163543886113,0.01829606721849464,False,False,False,False,10233395,10024971.352524627,False,False,False,False,2208141.70899418,False,False,False,False
2024-03-21 00:00:00+00:00,44.6401844586,46.1055705534,44.5123319805,45.4663081631,2463216,,,,,,,,,,,,,,,,,,,,,,,,,,42.37354690623241,44.1396040352368,44.20725663890026,41.7212701749787,,"rgba(38, 166, 154, 0.75)",0.0,0.0,2.724432777515212,43.73601269213894,0.3318752343325182,0.0,0.0,0.0,0.0,0.0,0.0,0.0,0.0,56.27035292202894,1.7256035057588193,True,False,True,False,False,1.1137804401720466,0,0.8863038465181369,0.9005215795872789,False,False,False,False,0.14291673301462848,0.08060640011656156,False,False,False,False,12696611,10129741.534778563,False,False,False,False,2218144.622366957,False,False,False,False
2024-03-22 00:00:00+00:00,44.1484441583,44.7385325187,44.1189397403,44.4041491145,992815,,,,,,,,,,,,,,,,,,,,,,,,,,42.41598498040361,44.14044888742596,44.20750774964103,41.72461906398087,,"rgba(38, 166, 154, 0.75)",0.0,0.0,2.7077856219059155,43.74088415182315,0.15051413346008619,0.0,0.0,0.0,0.0,0.0,0.0,0.0,0.0,56.01775756732029,1.7256035057588193,True,False,True,False,False,0.0,0,0.867339809154952,0.9317758001425631,False,False,False,False,0.08256227081182425,0.08158433546419291,False,False,False,False,11703796,10191469.16086568,False,False,False,False,2170092.480313351,False,False,False,False
2024-03-25 00:00:00+00:00,44.1681137703,44.8467153847,44.1681137703,44.2566270244,1046332,,,,,,,,,,,,,,,,,,,,,,,,,,42.46008306054766,44.14159868131016,44.20789303836816,41.72821876302196,,"rgba(38, 166, 154, 0.75)",0.0,0.0,2.6994436696505546,43.74619361810101,0.15629892816159818,0.0,0.0,0.0,0.0,0.0,0.0,0.0,0.0,55.89347683207377,1.7256035057588193,True,False,True,False,False,0.0062515397655253935,0,0.8706337638101289,0.9290977043897546,False,False,False,False,0.08792633843183154,0.08475533694801222,False,False,False,False,12750128,10291808.723184673,False,False,False,False,2126023.44186969,False,False,False,False
2024-03-26 00:00:00+00:00,43.9124088142,44.7975413547,43.8829043962,44.7680369367,1090595,,,,,,,,,,,,,,,,,,,,,,,,,,42.49953550535114,44.14186189250294,44.20787099738085,41.731684374832554,,"rgba(38, 166, 154, 0.75)",0.0,0.0,2.6934977708527748,43.75046904613306,0.060122480820047466,0.0,0.0,0.0,0.0,0.0,0.0,0.0,0.0,55.05374061387171,1.7256035057588193,True,False,True,False,False,0.0,1,0.8557881132412327,0.9547390901762179,False,False,False,False,0.12283632695021363,0.10379583194911293,False,False,False,False,11659533,10345444.969334295,False,False,False,False,2085418.4049336237,False,False,False,False
2024-03-27 00:00:00+00:00,45.5056473871,45.5253169991,43.8337303662,43.8632347842,1299207,,,,,,,,,,,,,,,,,,,,,,,,,,42.56420203732919,44.14638738429107,44.20977513546768,41.73706418642846,,"rgba(38, 166, 154, 1.0)",0.0,0.0,2.6849325014664456,43.76039099984879,0.650018719762226,0.0,0.0,0.0,0.0,0.0,0.0,0.0,0.0,57.890655479862,1.9034727191982697,True,False,True,False,True,3.1147835161499025,1,0.875300498701288,0.9246862801690686,False,False,False,False,0.14886782830513717,0.12633183012712507,False,False,False,False,12958740,10447927.127399616,False,False,False,False,2054586.585132305,False,False,False,False
2024-03-28 00:00:00+00:00,46.3514407035,46.6661544957,45.7318479252,45.9285440453,1586438,,,,,,,,,,,,,,,,,,,,,,,,,,42.67903630869118,44.16058731444952,44.216105017738265,41.74624285648592,,"rgba(38, 166, 154, 1.0)",0.0,0.0,2.683772533916141,43.78241400384758,0.9572445753827434,0.0,0.0,0.0,0.0,0.0,0.0,0.0,0.0,61.156521690389255,5.201817357770651,True,False,True,False,True,4.980471729761547,1,0.9296126749714008,0.9052327258452081,False,False,False,False,0.2684932176447962,0.19741252388596064,False,False,False,False,14545178,10608603.632207474,False,False,False,False,2036227.8170879008,False,False,False,False
2024-04-01 00:00:00+00:00,47.0005378999,47.5021130062,46.2432578375,47.5021130062,1391845,,,,,,,,,,,,,,,,,,,,,,,,,,42.79175619830962,44.17680685901574,44.22343290813189,41.755450394574055,,"rgba(38, 166, 154, 1.0)",0.0,0.0,2.6842277044077902,43.8057695180485,1.1902002116308352,0.0,0.0,0.0,0.0,0.0,0.0,0.0,0.0,64.27309230139997,8.246636668801216,True,False,True,False,True,6.375232669981564,0,0.9427718100560094,0.8839767212842484,False,False,False,False,0.32382672383034455,0.2606196238581526,False,False,False,False,15937023,10817561.254473846,False,False,False,False,2010957.902692297,False,False,False,False
2024-04-02 00:00:00+00:00,48.5200154277,48.5890760434,47.3558507631,47.3854481699,5655158,,,,,,,,,,,,,,,,,,,,,,,,,,43.315011613890576,44.26975318284958,44.26632699063604,41.80143389751449,,"rgba(38, 166, 154, 1.0)",0.0,0.0,2.712045994231032,43.928085805176266,1.6931606736358917,0.0,0.0,0.0,0.0,0.0,0.0,0.0,0.0,68.15373852009068,11.921469956298125,True,False,True,False,True,9.492198853562144,0,0.9568193195755892,0.863029978954842,False,False,False,False,0.34282824672934525,0.30172393529374897,False,False,False,False,21592181,11240095.362141538,False,False,False,False,2153867.7104298538,False,False,False,False
2024-04-03 00:00:00+00:00,50.404383656,50.6559616132,48.450954812,48.5002838233,2888479,,,,,,,,,,,,,,,,,,,,,,,,,,43.62459590300982,44.33540838934888,44.29719867470721,41.830817789299665,,"rgba(38, 166, 154, 1.0)",0.0,0.0,2.764377201917538,44.00884093359521,2.3135564560322877,0.0,0.0,0.0,0.0,0.0,0.0,0.0,0.0,72.34737227180503,15.795827153257036,True,False,True,False,True,13.05276104407973,0,0.9767690221638412,0.8293456298651943,False,False,False,False,0.3428282478126281,0.32227609155318854,False,False,False,False,24480660,11759333.191077163,False,False,False,False,2182675.9962953497,False,False,False,False
2024-04-04 00:00:00+00:00,49.3586086183,50.2662624246,49.0725003533,50.0689463798,2672284,,,,,,,,,,,,,,,,,,,,,,,,,,43.87452370528898,44.39185724072972,44.32407264858281,41.85689690600952,,"rgba(38, 166, 154, 1.0)",0.0,0.0,2.7832998630055723,44.07719940348707,1.8975351111143852,0.0,0.0,0.0,0.0,0.0,0.0,0.0,0.0,72.21348611379577,15.795827153257036,True,False,True,False,True,10.423408193968026,0,0.9755800796709957,0.8517933648003556,False,False,False,False,0.34282824788016497,0.3325521697166768,False,False,False,False,21808376,12153413.301231,False,False,False,False,2201876.3101661205,False,False,False,False
2024-04-05 00:00:00+00:00,49.8913619394,50.404383656,48.8949159129,49.5263272565,1885103,,,,,,,,,,,,,,,,,,,,,,,,,,44.04328451800373,44.4321928285189,44.343455507839124,41.87557845852737,,"rgba(38, 166, 154, 1.0)",0.0,0.0,2.8173270603060843,44.12525087816224,2.0466601632723846,0.0,0.0,0.0,0.0,0.0,0.0,0.0,0.0,72.66190080758562,16.170159087090468,True,False,True,False,True,11.410490095318497,0,0.9768505927541171,0.8622859116971829,False,False,False,False,0.3415392901241102,0.3370457299203935,False,False,False,False,23693479,12605964.897261158,False,False,False,False,2189453.827414508,False,False,False,False
2024-04-08 00:00:00+00:00,49.3882060251,50.4142494583,48.7494939879,50.2662624246,2309562,,,,,,,,,,,,,,,,,,,,,,,,,,44.22997614247363,44.4788345439065,44.366082962463075,41.89772882289463,,"rgba(38, 166, 154, 1.0)",0.0,0.0,2.839649554556782,44.180262179361286,1.8340093542111668,0.0,0.0,0.0,0.0,0.0,0.0,0.0,0.0,71.57878841538096,16.170159087090468,True,False,True,False,True,10.156067105486198,0,0.9745524209488933,0.8435275498406352,False,False,False,False,0.33712000161861766,0.3370828657695056,False,False,False,False,21383917,12950198.313054837,False,False,False,False,2194163.9518296258,False,False,False,False
2024-04-09 00:00:00+00:00,50.3155914358,50.769418339,49.8124355215,50.3155914358,2761848,,,,,,,,,,,,,,,,,,,,,,,,,,44.46780064491305,44.54198143456904,44.39695070361916,41.92674958321347,,"rgba(38, 166, 154, 1.0)",0.0,0.0,2.8643454617606308,44.25320671557664,2.116499144798334,0.0,0.0,0.0,0.0,0.0,0.0,0.0,0.0,71.90237500697013,16.170159087090468,True,False,True,False,True,11.879442794525911,0,0.9801954246956033,0.8394645744816139,False,False,False,False,0.3428282482199383,0.3399555569947219,False,False,False,False,24145765,13389240.143915433,False,False,False,False,2216426.071365719,False,False,False,False
2024-04-10 00:00:00+00:00,50.6214313054,50.7408075125,48.7617275827,49.1316951668,2762992,,,,,,,,,,,,,,,,,,,,,,,,,,44.678050999796795,44.601029769798494,44.42617651564349,41.954694537789074,,"rgba(38, 166, 154, 1.0)",0.0,0.0,2.9137878765237692,44.32059252167686,2.162421923190998,0.0,0.0,0.0,0.0,0.0,0.0,0.0,0.0,72.44631533821601,16.69295776868495,True,False,True,False,True,12.438971355874905,0,0.9658377119085,0.8502510376653097,False,False,False,False,0.30974669542503674,0.3248511262098793,False,False,False,False,26908757,13919417.275526593,False,False,False,False,2237860.0293513774,False,False,False,False
2024-04-11 00:00:00+00:00,51.9138513991,52.3084834888,50.5129074807,51.134453022,2948658,,,,,,,,,,,,,,,,,,,,,,,,,,44.94509494112933,44.68007692184869,44.465481216052574,41.98993424553663,,"rgba(38, 166, 154, 1.0)",0.0,0.0,2.986369174529651,44.40895419041719,2.5130507214885167,0.0,0.0,0.0,0.0,0.0,0.0,0.0,0.0,74.06967873411504,18.553908641694917,True,False,True,False,True,14.74225711341304,0,0.9813974397385558,0.8323052006496671,False,False,False,False,0.3428282487505447,0.333839687480212,False,False,False,False,29857415,14544436.794133393,False,False,False,False,2265734.459572892,False,False,False,False
2024-04-12 00:00:00+00:00,51.1048556152,53.5713061758,50.7102235255,52.5551285448,3833332,,,,,,,,,,,,,,,,,,,,,,,,,,45.273234609717036,44.78335171532164,44.51747671460713,42.036391103279406,,"rgba(38, 166, 154, 1.0)",0.0,0.0,3.0299676105888715,44.90213819946932,2.0471233402145805,0.0,0.0,0.0,0.0,0.0,0.0,0.0,0.0,72.84312503986004,18.553908641694917,True,False,True,False,True,12.680379686403672,0,0.9918627570642055,0.8169083684847834,False,False,False,False,0.34282824905013376,0.33833396826517287,False,False,False,False,26024083,14994618.998285025,False,False,False,False,2327208.8729229746,False,False,False,False
2024-04-15 00:00:00+00:00,50.5326390852,51.8151933767,49.8420329282,51.5488167161,2149065,,,,,,,,,,,,,,,,,,,,,,,,,,45.41594013841564,44.831349195778394,44.542084767260185,42.05942130922607,,"rgba(38, 166, 154, 0.75)",0.0,0.0,3.056986716622223,44.934201015009414,1.8313583241135274,0.0,0.0,0.0,0.0,0.0,0.0,0.0,0.0,70.49655734932728,18.553908641694917,True,False,True,False,False,11.25012410939101,0,0.9755408249393205,0.8560986644985027,False,False,False,False,0.27391743762261844,0.30612570294389563,False,False,False,False,23875018,15342869.93952875,False,False,False,False,2320222.8386907014,False,False,False,False
2024-04-16 00:00:00+00:00,50.5721022941,50.8779421637,49.0430016046,49.427669234,2132437,,,,,,,,,,,,,,,,,,,,,,,,,,45.536044193130735,44.87372161617821,44.564096114594406,42.08067017026494,,"rgba(38, 166, 154, 0.75)",0.0,0.0,3.0766791508886104,44.962681507416775,1.823206292103323,0.0,0.0,0.0,0.0,0.0,0.0,0.0,0.0,68.98824803804831,18.553908641694917,True,False,True,False,False,11.323220887899303,0,0.9899241428232761,0.8634015123394533,False,False,False,False,0.22971779649304647,0.26792174971847105,False,False,False,False,26007455,15761088.961508015,False,False,False,False,2312858.688153811,False,False,False,False
2024-04-17 00:00:00+00:00,51.9631804103,52.5699272482,50.7398209323,50.7792841412,2799589,,,,,,,,,,,,,,,,,,,,,,,,,,45.73600384742991,44.94478714480406,44.60088105281395,42.11386357945978,,"rgba(38, 166, 154, 0.75)",0.0,0.0,3.144799749506057,45.04581891775357,2.199619067520249,0.0,0.0,0.0,0.0,0.0,0.0,0.0,0.0,69.79956958217792,18.553908641694917,True,False,True,False,False,13.84542869822825,0,1.0216380308943156,0.8356741878641885,False,False,False,False,0.31697554484795704,0.29244864728321407,False,False,False,False,28807044,16272695.041448878,False,False,False,False,2331946.1513634655,False,False,False,False
2024-04-18 00:00:00+00:00,51.9829120148,52.5802863406,51.4501586937,52.3380808955,1993783,,,,,,,,,,,,,,,,,,,,,,,,,,45.87627088072119,44.99631114244571,44.627745203404196,42.137965878980474,,"rgba(38, 166, 154, 0.75)",0.0,0.0,3.214823658219911,45.105168810884884,2.139384282036611,0.0,0.0,0.0,0.0,0.0,0.0,0.0,0.0,70.36419870191506,18.553908641694917,True,False,True,False,False,13.8804687388404,0,1.0252904279437618,0.842026304391718,False,False,False,False,0.3361074135570822,0.3142780304201481,False,False,False,False,30800827,16842425.7064901,False,False,False,False,2318684.8513099966,False,False,False,False
2024-04-19 00:00:00+00:00,51.9434488058,52.4268731157,51.6770721453,51.9138513991,1921788,,,,,,,,,,,,,,,,,,,,,,,,,,46.00589639755272,45.045347015669016,44.65349496008816,42.16111351515366,,"rgba(38, 166, 154, 0.75)",0.0,0.0,3.290909017918469,45.160008736527686,2.061266365109937,0.0,0.0,0.0,0.0,0.0,0.0,0.0,0.0,70.61062700524047,18.553908641694917,True,False,True,False,False,13.77665893001313,0,1.0280900432791324,0.8423756497575591,False,False,False,False,0.33807175706980697,0.32617489374497755,False,False,False,False,28879039,17314449.757215977,False,False,False,False,2303120.268905683,False,False,False,False
2024-04-22 00:00:00+00:00,50.8286131524,51.4402928915,50.2267992157,50.5227732829,2343438,,,,,,,,,,,,,,,,,,,,,,,,,,46.127026390254755,45.094222693082905,44.67964219557949,42.18582007796372,,"rgba(38, 166, 154, 0.75)",0.0,0.0,3.3436998963025903,45.20588593253799,1.6815884781046098,0.0,0.0,0.0,0.0,0.0,0.0,0.0,0.0,67.33974685760192,21.863759512962204,True,False,True,False,False,10.88503424063661,0,1.0188376569269255,0.8461287258035378,False,False,False,False,0.2741714384185084,0.30017316608174294,False,False,False,False,26535601,17676063.531442802,False,False,False,False,2304701.356399578,False,False,False,False
2024-04-23 00:00:00+00:00,51.7757301677,51.7954617722,50.2662624246,50.4241152605,1602907,,,,,,,,,,,,,,,,,,,,,,,,,,46.21398497701851,45.129749848723144,44.69869068062078,42.2035083747297,,"rgba(38, 166, 154, 0.75)",0.0,0.0,3.414116583498081,45.24175677746719,1.913810858660879,0.0,0.0,0.0,0.0,0.0,0.0,0.0,0.0,66.71793888475464,21.15328640526984,True,False,True,False,False,12.645697363601212,0,1.0289194202182101,0.831871470956488,False,False,False,False,0.28436020516057625,0.2922666856211596,False,False,False,False,28138508,18086355.47138622,False,False,False,False,2277180.0090897908,False,False,False,False
2024-04-24 00:00:00+00:00,51.8546565856,52.0221779077,51.0357949995,51.5488167161,1627737,,,,,,,,,,,,,,,,,,,,,,,,,,46.305376455968286,45.167490506236305,44.71896943533378,42.22210693619792,,"rgba(38, 166, 154, 0.75)",0.0,0.0,3.4854332606859226,45.281224186594166,1.8859728209835813,0.0,0.0,0.0,0.0,0.0,0.0,0.0,0.0,66.42788225797912,20.702624055957756,True,False,True,False,False,12.790963039657765,0,1.037935973651486,0.8261192921936049,False,False,False,False,0.31034505188339223,0.30130586875227594,False,False,False,False,29766245,18544390.35486127,False,False,False,False,2251711.6557921516,False,False,False,False
2024-04-25 00:00:00+00:00,53.008955448,53.2753321085,50.72995513,51.5192193094,2560302,,,,,,,,,,,,,,,,,,,,,,,,,,46.461144844306276,45.23230826016661,44.75383310524757,42.25337866709527,,"rgba(38, 166, 154, 0.75)",0.0,0.0,3.581826612811362,45.35214731711379,2.1376825174897043,0.0,0.0,0.0,0.0,0.0,0.0,0.0,0.0,67.92184210164123,20.702624055957756,True,False,True,False,False,14.881112385904789,1,1.0649145927811687,0.8067956905010426,False,False,False,False,0.33543562902493945,0.3183707488886077,False,False,False,False,32326547,19084867.086043183,False,False,False,False,2263813.2379179494,False,False,False,False
2024-04-26 00:00:00+00:00,53.2753321085,53.7192932094,52.5156653359,53.5219771646,1500584,,,,,,,,,,,,,,,,,,,,,,,,,,46.561160495253226,45.27414067256718,44.77634406781939,42.27312194622386,,"rgba(38, 166, 154, 1.0)",0.0,0.0,3.6818294613501763,45.399476088932666,2.1391148346885016,0.0,0.0,0.0,0.0,0.0,0.0,0.0,0.0,69.26942333421027,20.702624055957756,True,False,True,False,True,15.353027699823507,1,1.0962549671839832,0.7829169992980294,False,False,False,False,0.3428282494046552,0.33059949914663145,False,False,False,False,33827131,19662995.082668938,False,False,False,False,2233882.679568226,False,False,False,False
2024-04-29 00:00:00+00:00,52.8412368099,53.581171978,51.8941197946,53.4035875377,2079753,,,,,,,,,,,,,,,,,,,,,,,,,,46.68689241944974,45.32850972123276,44.805875388970264,42.299372688508406,,"rgba(38, 166, 154, 1.0)",0.0,0.0,3.763782285950208,45.45863236507451,1.9614855174763854,0.0,0.0,0.0,0.0,0.0,0.0,0.0,0.0,68.703739496059,20.702624055957756,True,False,True,False,True,14.188830791141854,1,1.0772079745097316,0.8032331982064916,False,False,False,False,0.3239123263382057,0.3272559127424186,False,False,False,False,31747378,20136892.45197604,False,False,False,False,2227838.3784086877,False,False,False,False
2024-04-30 00:00:00+00:00,51.4402928915,52.0125094215,51.1048556152,51.3021716601,2030093,,,,,,,,,,,,,,,,,,,,,,,,,,46.780528976877015,45.37201938751727,44.82999106263716,42.321819808801365,,"rgba(38, 166, 154, 0.75)",0.0,0.0,3.814635507476663,45.501339565722624,1.5568861858851424,0.0,0.0,0.0,0.0,0.0,0.0,0.0,0.0,64.31546466269202,18.459533563456688,True,False,True,False,False,10.55841751200505,1,1.0476962998913542,0.8162016228947638,False,False,False,False,0.2665359967009178,0.2968959547216682,False,False,False,False,29717285,20512594.120526,False,False,False,False,2220083.6576867783,False,False,False,False
2024-05-01 00:00:00+00:00,52.2591544776,53.1865398884,51.5685483206,51.8250591789,1674731,,,,,,,,,,,,,,,,,,,,,,,,,,46.86796983339117,45.41217543928541,44.85217476372217,42.34189687752965,,"rgba(38, 166, 154, 0.75)",0.0,0.0,3.877098115449784,45.543076647219436,1.7322434538392968,0.0,0.0,0.0,0.0,0.0,0.0,0.0,0.0,62.9125367623098,17.17787617301218,True,False,True,False,False,12.085834818158652,1,1.0527095017491117,0.8023117632962882,False,False,False,False,0.30618378795396517,0.3015398713378167,False,False,False,False,31392016,20939238.11579949,False,False,False,False,2198697.2789539634,False,False,False,False
2024-05-02 00:00:00+00:00,52.318349291,52.5847259516,51.4994877049,51.7559985632,1129193,,,,,,,,,,,,,,,,,,,,,,,,,,46.923250066217655,45.43820107775174,44.86665297050583,42.355113349307935,,"rgba(38, 166, 154, 0.75)",0.0,0.0,3.9416770143644686,45.56960468480632,1.7121505850427474,0.0,0.0,0.0,0.0,0.0,0.0,0.0,0.0,62.08500590170127,16.385040199058267,True,False,True,False,False,12.195641401040849,1,1.1036772774642158,0.7918527852732191,False,False,False,False,0.28983601162921463,0.2956879414835156,False,False,False,False,32521209,21393433.052434802,False,False,False,False,2156755.934681259,False,False,False,False
2024-05-03 00:00:00+00:00,51.9829120148,52.9793580413,51.3219032646,52.8215052054,1788139,,,,,,,,,,,,,,,,,,,,,,,,,,47.00780883986659,45.47876389402174,44.889338747734264,42.37588536878569,,"rgba(38, 166, 154, 0.5)",0.0,0.0,3.9966365410423577,45.610632519867636,1.5944105573509115,0.0,0.0,0.0,0.0,0.0,0.0,0.0,0.0,60.564801622370936,14.896167883811245,False,False,True,False,False,11.324446485479836,1,1.1091508778960382,0.7542675050766026,False,False,False,False,0.2951081368446437,0.2953980391640797,False,False,False,False,30733070,21759693.32488834,False,False,False,False,2142300.3686153274,False,False,False,False
2024-05-06 00:00:00+00:00,53.048418657,53.3641243287,52.4860679292,53.048418657,1156554,,,,,,,,,,,,,,,,,,,,,,,,,,47.07016356440787,45.50815867824064,44.90570156041802,42.39047391744785,,"rgba(38, 166, 154, 0.75)",0.0,0.0,4.071642494569364,45.64169171820851,1.8191005100939877,0.0,0.0,0.0,0.0,0.0,0.0,0.0,0.0,61.58785214926211,14.896167883811245,True,False,True,False,False,13.32187159507549,1,1.1212288965258717,0.7360809772143677,False,False,False,False,0.33321870531252845,0.3143083722383041,False,False,False,False,31889624,22156945.508226056,False,False,False,False,2103643.648277472,False,False,False,False
2024-05-07 00:00:00+00:00,53.1273450749,53.2061728348,52.722847183,52.8708342166,882853,,,,,,,,,,,,,,,,,,,,,,,,,,47.11730725659627,45.53059936870348,44.91822872106537,42.401638269308464,,"rgba(38, 166, 154, 0.75)",0.0,0.0,4.14405734958515,45.66533642761119,1.8006528428077406,0.0,0.0,0.0,0.0,0.0,0.0,0.0,0.0,62.41031061359325,14.896167883811245,True,False,True,False,False,13.467766662845445,1,1.1406705308760337,0.7326669521477132,False,False,False,False,0.3349309612254152,0.32461966673185966,False,False,False,False,32772477,22573240.860844642,False,False,False,False,2055769.5052077672,False,False,False,False
2024-05-08 00:00:00+00:00,53.6305009893,53.739320788,52.4564705224,52.4564705224,1116360,,,,,,,,,,,,,,,,,,,,,,,,,,47.178407193140856,45.559750135200034,44.93451403667428,42.416062396918015,,"rgba(38, 166, 154, 1.0)",0.0,0.0,4.223358940501723,45.6962495530688,1.8786590360914561,0.0,0.0,0.0,0.0,0.0,0.0,0.0,0.0,63.85881060230391,14.896167883811245,True,False,True,False,True,14.400235810163366,1,1.1278660949227222,0.7331575936461369,False,False,False,False,0.3418137111432186,0.33321668893753914,False,False,False,False,33888837,23016989.729046814,False,False,False,False,2018929.916768247,False,False,False,False
2024-05-09 00:00:00+00:00,55.0314449077,55.2583583592,53.9363408588,54.0843278924,2071666,,,,,,,,,,,,,,,,,,,,,,,,,,47.31515334132542,45.62344170447337,44.96985211385993,42.4463299896897,,"rgba(38, 166, 154, 1.0)",0.0,0.0,4.334595911794081,45.76668968333955,2.137397675098573,0.0,0.0,0.0,0.0,0.0,0.0,0.0,0.0,66.89740291538345,12.57114632987546,True,False,True,False,True,16.901661457392848,1,1.1442290795043166,0.7173843086935615,False,False,False,False,0.3428282492587453,0.3380224690981422,False,False,False,False,35960503,23524578.48477047,False,False,False,False,2020997.99846361,False,False,False,False
2024-05-10 00:00:00+00:00,54.2027175193,56.5606442552,53.5910377803,56.2350727812,2600076,,,,,,,,,,,,,,,,,,,,,,,,,,47.480885273223635,45.70250816908637,45.014037418170986,42.48423943475816,,"rgba(38, 166, 154, 1.0)",0.0,0.0,4.41669097427181,45.85292951485301,1.8905076341284306,0.0,0.0,0.0,0.0,0.0,0.0,0.0,0.0,66.28353424556161,12.57114632987546,True,False,True,False,True,14.667489779117197,1,1.1267223029102882,0.7182491758084282,False,False,False,False,0.342828249099134,0.34042535909863814,False,False,False,False,33360427,23910298.034387317,False,False,False,False,2043706.9397003313,False,False,False,False
2024-05-13 00:00:00+00:00,53.8376828363,54.2520465305,53.3641243287,54.0744620902,1344906,,,,,,,,,,,,,,,,,,,,,,,,,,47.552787846378145,45.73857567761692,45.03449062477841,42.50222294727816,,"rgba(38, 166, 154, 1.0)",0.0,0.0,4.489324745471477,45.890631016034334,1.7702109494934855,0.0,0.0,0.0,0.0,0.0,0.0,0.0,0.0,64.79107792075382,12.57114632987546,True,False,True,False,True,13.698308803061796,1,1.1171249739744875,0.7659394158441011,False,False,False,False,0.271940791697657,0.3061830753981476,False,False,False,False,32015521,24228149.915391736,False,False,False,False,2016302.9812807105,False,False,False,False
2024-05-14 00:00:00+00:00,54.6170812135,54.6565444225,53.9363408588,54.1435227059,1484567,,,,,,,,,,,,,,,,,,,,,,,,,,47.637526768753645,45.78087586369495,45.05845502839419,42.5230312809072,,"rgba(38, 166, 154, 1.0)",0.0,0.0,4.574954089548275,45.9354480437191,1.89764377955498,0.0,0.0,0.0,0.0,0.0,0.0,0.0,0.0,65.13289103637537,12.57114632987546,True,False,True,False,True,15.108678779516683,1,1.111862562852639,0.7719039380807353,False,False,False,False,0.2983307524884965,0.30225691394332205,False,False,False,False,33500088,24591755.330474414,False,False,False,False,1995450.5898579375,False,False,False,False
2024-05-15 00:00:00+00:00,55.1695661391,55.6628562512,53.98566987,55.248492557,1853614,,,,,,,,,,,,,,,,,,,,,,,,,,47.74858580160731,45.836362771258656,45.08991170075753,42.5500780880008,,"rgba(38, 166, 154, 1.0)",0.0,0.0,4.670389520016084,45.99468586048739,1.9644786027571028,0.0,0.0,0.0,0.0,0.0,0.0,0.0,0.0,66.22307254647185,12.57114632987546,True,False,True,False,True,16.089052066640875,1,1.108917822224103,0.7624115691048305,False,False,False,False,0.32760117347466183,0.31492904370899194,False,False,False,False,35353702,25013792.454769537,False,False,False,False,1989888.3706478225,False,False,False,False
2024-05-16 00:00:00+00:00,55.0807739189,55.61352724,54.4986915866,55.0610423144,1192643,,,,,,,,,,,,,,,,,,,,,,,,,,47.81948511724135,45.87219504172852,45.110301172471566,42.5675931016254,,"rgba(38, 166, 154, 1.0)",0.0,0.0,4.758930728013734,46.03278908820461,1.9012642435482157,0.0,0.0,0.0,0.0,0.0,0.0,0.0,0.0,66.64883806153776,12.622177605280399,True,False,True,False,True,15.845182344662312,1,1.1138708914876938,0.7773060150832433,False,False,False,False,0.341628504303741,0.32827877400636646,False,False,False,False,34161059,25372508.789876614,False,False,False,False,1958623.8463086921,False,False,False,False
2024-05-17 00:00:00+00:00,56.2449385835,56.2942675947,55.3372847772,55.7417826691,1778346,,,,,,,,,,,,,,,,,,,,,,,,,,47.93542898725602,45.93025985984721,45.14326770509566,42.59548169767941,,"rgba(38, 166, 154, 1.0)",0.0,0.0,4.868541554223724,46.095416944973266,2.0847150066371465,0.0,0.0,0.0,0.0,0.0,0.0,0.0,0.0,68.66543656556192,14.680400673321984,True,False,True,False,True,17.890739684465245,0,1.1116117687939815,0.7769336328084746,False,False,False,False,0.342828248681131,0.3355535113437487,False,False,False,False,35939405,25786896.87654812,False,False,False,False,1951554.1268456061,False,False,False,False
2024-05-20 00:00:00+00:00,57.0046053561,57.0933975763,55.4260769974,56.2350727812,1794668,,,,,,,,,,,,,,,,,,,,,,,,,,48.056918789565636,45.99135587531353,45.17801337473849,42.62466057515101,,"rgba(38, 166, 154, 1.0)",0.0,0.0,4.993418331716742,46.74553050174533,2.0545194039105454,0.0,0.0,0.0,0.0,0.0,0.0,0.0,0.0,70.94705967764233,16.911489914747804,True,False,True,False,True,19.176098457653975,0,1.1086657468422305,0.7725796393869014,False,False,False,False,0.34282824887167973,0.33919088010771425,False,False,False,False,37734073,26255413.587271724,False,False,False,False,1945401.729714406,False,False,False,False
2024-05-21 00:00:00+00:00,57.0440685651,57.0736659718,56.2153411767,56.5705100575,1209127,,,,,,,,,,,,,,,,,,,,,,,,,,48.13939774896254,46.03316719822188,45.20185745445376,42.64463094151459,,"rgba(38, 166, 154, 1.0)",0.0,0.0,5.111070901057177,46.794956852163665,2.0052767631958304,0.0,0.0,0.0,0.0,0.0,0.0,0.0,0.0,72.5159008456158,18.42660051307152,True,False,True,False,True,19.24262016371808,0,1.1179189257933686,0.7730652771616068,False,False,False,False,0.3428282490268649,0.3410095645672896,False,False,False,False,38943200,26752973.838751264,False,False,False,False,1916528.2109020764,False,True,False,False
2024-05-22 00:00:00+00:00,55.8503064938,56.9059473337,55.2682241615,56.7382286956,1784232,,,,,,,,,,,,,,,,,,,,,,,,,,48.24770431245347,46.08990007734773,45.23453698164953,42.67239824937411,,"rgba(38, 166, 154, 0.75)",0.0,0.0,5.19226226315759,46.841968299412436,1.734954387475275,0.0,0.0,0.0,0.0,0.0,0.0,0.0,0.0,69.45247268716987,18.42660051307152,True,False,True,False,False,15.899113868331298,0,1.1114366264635485,0.7727867224334573,False,False,False,False,0.31307765707206375,0.3270436108196767,False,False,False,False,37158968,27161052.041153178,False,False,False,False,1911340.1242000344,False,False,False,False
2024-05-23 00:00:00+00:00,54.9327868852,56.3041333969,54.636812818,55.860172296,1543891,,,,,,,,,,,,,,,,,,,,,,,,,,48.33060588695892,46.134961693669275,45.26078429367065,42.695045602471104,,"rgba(38, 166, 154, 0.5)",0.0,0.0,5.253391912664007,46.87380403926092,1.5340532326384833,0.0,0.0,0.0,0.0,0.0,0.0,0.0,0.0,64.85421457869012,19.511456243631343,False,False,True,False,False,13.438366616514479,0,1.0921390549161136,0.8000863896245711,False,False,False,False,0.2807794878612243,0.3039115493404505,False,False,False,False,35615077,27492582.43169619,False,False,False,False,1896930.3546235627,False,False,False,False
2024-05-24 00:00:00+00:00,55.6529904489,55.7516484714,54.9637655043,55.3964795906,1017762,,,,,,,,,,,,,,,,,,,,,,,,,,48.38546664975193,46.16495717557126,45.27829542516744,42.710125612507234,,"rgba(38, 166, 154, 0.5)",0.0,0.0,5.323041994260398,46.89929423318432,1.6444912937291125,0.0,0.0,0.0,0.0,0.0,0.0,0.0,0.0,63.187786132468915,18.124622366708238,False,False,True,False,False,14.744883792347686,0,1.0974414715040868,0.801599315335287,False,False,False,False,0.27493585180633145,0.28942370057339095,False,False,False,False,36632839,27851023.86574732,False,False,False,False,1862453.164246168,False,False,False,False
2024-05-28 00:00:00+00:00,56.6888996844,56.7579603001,56.0180251319,56.590241662,1107898,,,,,,,,,,,,,,,,,,,,,,,,,,48.45281240815959,46.20099348332211,45.29921534239583,42.72782672846879,,"rgba(38, 166, 154, 0.5)",0.0,0.0,5.404317565814391,46.939180989450065,1.8040610264324324,0.0,0.0,0.0,0.0,0.0,0.0,0.0,0.0,63.81987039832373,18.124622366708238,False,False,True,False,False,16.56507837874788,0,1.1141054199530425,0.7900542149840265,False,False,False,False,0.32906797963839707,0.309245840105894,False,False,False,False,37740737,28238855.753365073,False,False,False,False,1832862.765648279,False,False,False,False
2024-05-29 00:00:00+00:00,55.3816808873,56.5292827063,55.2876962555,56.3116340855,1096939,,,,,,,,,,,,,,,,,,,,,,,,,,48.512232436124144,46.233824442812505,45.318458329866814,42.74434832850544,,"rgba(38, 166, 154, 0.5)",0.0,0.0,5.451761475865319,46.97003814842244,1.5429220034874032,0.0,0.0,0.0,0.0,0.0,0.0,0.0,0.0,60.91933982599052,16.143589675296226,False,True,True,False,False,13.1367575082125,0,1.1030161314004456,0.7811361225256499,False,False,False,False,0.3036602641021298,0.3064530521040119,False,False,False,False,36643798,28568461.331664484,False,False,False,False,1804003.0101326604,False,False,False,False
2024-05-30 00:00:00+00:00,55.5696501507,56.2918478472,55.3520015299,55.3520015299,1130005,,,,,,,,,,,,,,,,,,,,,,,,,,48.572479043065236,46.26742689015712,45.3382166746514,42.76133058099038,,"rgba(38, 166, 154, 0.5)",0.0,0.0,5.498853141649171,47.001951087989674,1.5580883580645637,0.0,0.0,0.0,0.0,0.0,0.0,0.0,0.0,59.33942386952184,14.673626004621454,False,True,True,False,False,13.474758053552229,0,1.1155594536835327,0.777263054129709,False,False,False,False,0.2969301191086614,0.3016915856063367,False,False,False,False,37773803,28929455.122579604,False,False,False,False,1777571.7156176541,False,False,False,False
2024-05-31 00:00:00+00:00,54.520979523,56.4105652767,54.1054685196,55.7774056525,3439946,,,,,,,,,,,,,,,,,,,,,,,,,,48.731890834757095,46.36054654841303,45.39374209137958,42.809880466045314,,"rgba(38, 166, 154, 0.5)",0.0,0.0,5.498240756052366,47.0803581164274,1.3532731171115233,0.0,0.0,0.0,0.0,0.0,0.0,0.0,0.0,55.91298989604798,11.460911668096763,False,True,True,False,False,10.805884591332877,0,1.0993550138567798,0.7947416426086353,False,False,False,False,0.2614262117370077,0.28155889867167216,False,False,False,False,34333857,29141392.451105893,False,False,False,False,1842762.8640248051,False,False,False,False
2024-06-03 00:00:00+00:00,54.4913001656,55.134352909,54.0569922358,54.7287350247,1632709,,,,,,,,,,,,,,,,,,,,,,,,,,48.799580420486926,46.401783382669,45.41864727942563,42.8319418287747,,#000000,0.0,0.0,5.49161497093932,47.11341833020406,1.3434812663375744,0.0,0.0,0.0,0.0,0.0,0.0,0.0,0.0,53.56443558391088,9.302377691739977,False,True,False,False,False,10.731199002184518,1,1.0732329169953263,0.8317042673269621,False,False,False,False,0.2237622167848406,0.25266055772825635,False,False,False,False,32701148,29280990.707925268,False,False,False,False,1834525.4575924599,False,False,False,False
2024-06-04 00:00:00+00:00,52.2257758849,53.8284611839,51.6717612137,53.8284611839,2404592,,,,,,,,,,,,,,,,,,,,,,,,,,48.86306961844959,46.447168837891915,45.44716838090847,42.858807707303335,,"rgba(239, 83, 80, 1.0)",0.0,0.0,5.471425986771083,47.13260415978736,0.9308673346632134,0.0,0.0,0.0,0.0,0.0,0.0,0.0,0.0,47.957353324413226,4.135123572941545,False,True,False,True,False,5.2879493235778625,0,1.0419968183290238,0.8270197117474325,False,False,False,False,0.12170262970188608,0.1871815937150712,False,False,False,False,30296556,29320816.797810555,False,False,False,False,1856881.0082751086,False,False,False,False
2024-06-05 00:00:00+00:00,53.0864772492,53.3585380253,52.1466309319,52.5819281736,1608055,,,,,,,,,,,,,,,,,,,,,,,,,,48.9075581106987,46.478561200085196,45.46688214148557,42.877222662147574,,"rgba(239, 83, 80, 1.0)",0.0,0.0,5.457470076775965,47.15071530275623,1.087639851971549,0.0,0.0,0.0,0.0,0.0,0.0,0.0,0.0,46.20014270807225,2.6581786543221,False,True,False,True,False,6.962602003474412,0,1.0475711218710704,0.8360511077029358,False,False,False,False,0.12183727301368878,0.15450943336438,False,False,False,False,31904611,29422142.060641512,False,False,False,False,1847123.1255976534,False,False,False,False
2024-06-06 00:00:00+00:00,54.9958492412,55.055207956,52.9924926175,53.0370116536,1148128,,,,,,,,,,,,,,,,,,,,,,,,,,48.95041066058532,46.50595308391324,45.48370439802057,42.892276823572445,,"rgba(239, 83, 80, 1.0)",0.0,0.0,5.4609478200381565,47.17457450742087,1.4322192761264068,0.0,0.0,0.0,0.0,0.0,0.0,0.0,0.0,48.59153139005731,2.6581786543221,False,True,False,True,False,10.47157431118394,0,1.0615194596218014,0.8158680390917394,False,False,False,False,0.1876128751812822,0.17106115427283108,False,False,False,False,33052739,29564518.41120459,False,False,False,False,1819711.5520448044,False,False,False,False
2024-06-07 00:00:00+00:00,52.0279135024,53.5613469674,51.7954252028,53.224980917,2449319,,,,,,,,,,,,,,,,,,,,,,,,,,49.00843655683909,46.54985207824375,45.511787798103846,42.918993947462866,,"rgba(239, 83, 80, 1.0)",0.0,0.0,5.36450691278683,47.19907219623151,0.9001463479632148,0.0,0.0,0.0,0.0,0.0,0.0,0.0,0.0,45.88425987849958,2.6581786543221,False,True,False,True,False,4.008434217495438,0,1.0275196400827824,0.8294027960543835,False,False,False,False,0.07956800084274036,0.12531457755778572,False,False,False,False,30603420,29605259.649980884,False,False,False,False,1844402.0401999103,False,False,False,False
2024-06-10 00:00:00+00:00,53.2348740362,53.3338052275,52.2653483615,52.2653483615,1970501,,,,,,,,,,,,,,,,,,,,,,,,,,49.06008402357737,46.58755026905903,45.53577682199925,42.941462807528616,,"rgba(239, 83, 80, 1.0)",0.0,0.0,5.242107246668156,47.225463213456315,1.1463731167581928,0.0,0.0,0.0,0.0,0.0,0.0,0.0,0.0,46.01610073381348,2.6581786543221,False,True,False,True,False,6.168281185901904,0,1.009208673956671,0.8416938178980844,False,False,False,False,0.0704253545872601,0.09786996607252291,False,False,False,False,32573921,29721677.742138498,False,False,False,False,1849347.0974469727,False,False,False,False
2024-06-11 00:00:00+00:00,52.7600043179,52.8094699136,52.0476997406,52.6709662458,1362991,,,,,,,,,,,,,,,,,,,,,,,,,,49.09137443371368,46.61171978555871,45.551376097856846,42.9563178247075,,"rgba(239, 83, 80, 1.0)",0.0,0.0,5.112693322825035,47.24111038971555,1.0794494368645142,0.0,0.0,0.0,0.0,0.0,0.0,0.0,0.0,45.47879348656243,2.114404169319492,False,True,False,True,False,5.188824122933074,0,0.9945585185257206,0.8534202924126132,False,False,False,False,0.009140762207820246,0.053505364140171575,False,False,False,False,31210930,29780079.7914664,False,False,False,False,1830274.3093117974,False,False,False,False
2024-06-12 00:00:00+00:00,52.9479735814,53.9759675902,52.5918212927,53.9372854944,1359446,,,,,,,,,,,,,,,,,,,,,,,,,,49.1276545600029,46.63818476254851,45.568268604287596,42.97206395283567,,"rgba(239, 83, 80, 1.0)",0.0,0.0,4.954958228656458,47.26155716352011,1.1476214642927007,0.0,0.0,0.0,0.0,0.0,0.0,0.0,0.0,45.44193900688829,1.772709066294695,False,True,False,True,False,5.527433269641666,0,0.9918307841082293,0.8565496406674648,False,False,False,False,0.017212548099307,0.035358956119739285,False,False,False,False,32570376,29889503.172193207,False,False,False,False,1811810.4540446682,False,False,False,False
2024-06-13 00:00:00+00:00,52.3148139571,53.1359428449,51.9388754302,52.5918212927,710671,,,,,,,,,,,,,,,,,,,,,,,,,,49.143086178619434,46.65044344913871,45.576249329524984,42.979705570280686,,"rgba(239, 83, 80, 1.0)",0.0,0.0,4.789532156827798,47.26967304067522,1.0533682103444262,0.0,0.0,0.0,0.0,0.0,0.0,0.0,0.0,44.50438436441239,0.5257343761592068,False,True,False,True,False,4.206936791198185,0,0.9691821148592304,0.8921719524791212,False,False,False,False,-0.053858281042870784,-0.00924966246156575,False,False,False,False,31859705,29966765.988969944,False,False,False,False,1768628.5146703674,False,False,False,False
2024-06-14 00:00:00+00:00,52.3741726719,52.8094699136,51.7212268093,52.7896836753,965840,,,,,,,,,,,,,,,,,,,,,,,,,,49.1628214765904,46.66656034605674,45.58681220391595,42.989894615775206,,"rgba(239, 83, 80, 1.0)",0.0,0.0,4.619923640055464,47.28002067241695,1.1026485276327833,0.0,0.0,0.0,0.0,0.0,0.0,0.0,0.0,43.997671335944766,-0.32088732224823957,False,True,False,True,False,4.317815600701088,0,0.9600155973475846,0.8928009701796775,False,False,False,False,-0.07939664587093181,-0.04432315416624878,False,False,False,False,32825545,30078874.969794653,False,False,False,False,1737146.6121342746,False,False,False,False
2024-06-17 00:00:00+00:00,52.1268446936,52.4038520293,51.622295618,52.0279135024,1156269,,,,,,,,,,,,,,,,,,,,,,,,,,49.18426511938387,46.68488163601212,45.59894378354084,43.001735798517764,,"rgba(239, 83, 80, 1.0)",0.0,0.0,4.480681071636362,47.29113055312051,1.079236406958433,0.0,0.0,0.0,0.0,0.0,0.0,0.0,0.0,43.264744921740075,-1.3866020377776138,False,True,False,True,False,3.7931183112628872,0,0.9606626669562216,0.8988828384413333,False,False,False,False,-0.10316967479775598,-0.07374641448200238,False,False,False,False,31669276,30141243.637645844,False,False,False,False,1714367.0979329306,False,False,False,False
2024-06-18 00:00:00+00:00,52.1268446936,52.5818292424,51.7509061667,51.998234145,1272261,,,,,,,,,,,,,,,,,,,,,,,,,,49.2083230583915,46.705278499284496,45.612450443674305,43.01487586612831,,"rgba(239, 83, 80, 1.0)",0.0,0.0,4.354485113659524,47.30423575408742,1.1075038296455766,0.0,0.0,0.0,0.0,0.0,0.0,0.0,0.0,42.776127312270276,-2.2141781957249123,False,True,False,True,False,3.7931183112628872,0,0.9638476939998445,0.8955500090796412,False,False,False,False,-0.0990867610387288,-0.08641658776036559,False,False,False,False,31669276,30201166.475385223,False,False,False,False,1697029.6038963452,False,False,False,False
2024-06-20 00:00:00+00:00,53.2942327509,54.0065373283,52.4731038632,52.4731038632,1130688,,,,,,,,,,,,,,,,,,,,,,,,,,49.23727813902659,46.7269285207655,45.626427098227616,43.027930079775174,,"rgba(239, 83, 80, 0.75)",0.0,0.0,4.2493600346596825,47.32211479466108,1.4054158526290197,0.0,0.0,0.0,0.0,0.0,0.0,0.0,0.0,45.090095992879355,-2.2141781957249123,False,True,False,True,True,6.035219859250656,0,0.9606373134804027,0.8832266890434345,False,False,False,False,0.0040151299340052725,-0.04120072891318016,False,False,False,False,32799964,30303080.103801493,False,False,False,False,1674820.1292337435,False,False,False,False
2024-06-21 00:00:00+00:00,52.4434245058,53.4228432996,51.7805855241,53.3041258701,4251183,,,,,,,,,,,,,,,,,,,,,,,,,,49.32397481562045,46.79836475507782,45.67368273106757,43.07333412805271,,"rgba(239, 83, 80, 0.75)",0.0,0.0,4.129370854704178,47.37494549853557,1.2274216062455194,0.0,0.0,0.0,0.0,0.0,0.0,0.0,0.0,45.002752627928984,-2.2141781957249123,False,True,False,True,True,4.181069111413439,0,0.9651818062717781,0.8900217460520621,False,False,False,False,-0.0693070816907725,-0.05525390530197633,False,False,False,False,28548781,30234284.06051516,False,False,False,False,1775853.9673030085,False,False,False,False
2024-06-24 00:00:00+00:00,52.7402180797,53.1557290831,52.4434245058,52.7995767945,988751,,,,,,,,,,,,,,,,,,,,,,,,,,49.34488926344701,46.815385905216495,45.68494715695605,43.08408806457476,,"rgba(239, 83, 80, 0.75)",0.0,0.0,4.033733428649304,47.388332859055346,1.3267820780206423,0.0,0.0,0.0,0.0,0.0,0.0,0.0,0.0,45.61335366225681,-2.2141781957249123,False,True,False,True,True,4.753198828708165,1,0.9501311082117179,0.9129528720789329,False,False,False,False,-0.049699717783805636,-0.05247681154289098,False,False,False,False,29537532,30206960.45029888,False,False,False,False,1744987.1842715181,False,False,False,False
2024-06-25 00:00:00+00:00,52.7204318414,52.918294224,52.2653483615,52.5522488162,806852,,,,,,,,,,,,,,,,,,,,,,,,,,49.36105639731536,46.82886792498516,45.69392540543126,43.09271491064556,,"rgba(239, 83, 80, 0.75)",0.0,0.0,3.94221855336262,47.398715582073024,1.3499292815178086,0.0,0.0,0.0,0.0,0.0,0.0,0.0,0.0,45.97889611632346,-2.2141781957249123,False,True,False,True,True,4.709392454858776,1,0.9434445291308048,0.9309676581767664,False,False,False,False,-0.07028872284581154,-0.06138276719435126,False,False,False,False,28730680,30149067.099306766,False,False,False,False,1708197.5692020468,False,False,False,False
2024-06-26 00:00:00+00:00,52.2851345997,52.8787217475,51.8894098345,52.1862034084,1133693,,,,,,,,,,,,,,,,,,,,,,,,,,49.38156104021556,46.84678584961959,45.70598759011625,43.10445054816372,,"rgba(239, 83, 80, 0.75)",0.0,0.0,3.854513142520357,47.41185734520332,1.2643042258016999,0.0,0.0,0.0,0.0,0.0,0.0,0.0,0.0,45.28097270723122,-2.2141781957249123,False,True,False,True,True,3.7384960047614406,1,0.9495402464629735,0.9060540090336032,False,False,False,False,-0.0909374026415508,-0.07616008491795104,False,False,False,False,27596987,30048985.526784934,False,False,False,False,1685667.978252947,False,False,False,False
2024-06-27 00:00:00+00:00,52.4137451484,52.8886148666,52.1367378128,52.7797905562,867306,,,,,,,,,,,,,,,,,,,,,,,,,,49.397729979105996,46.86073369727996,45.71536404719718,43.113533159219365,,"rgba(239, 83, 80, 0.75)",0.0,0.0,3.767811918841609,47.422418494231685,1.3247281875213306,0.0,0.0,0.0,0.0,0.0,0.0,0.0,0.0,45.17624699155693,-2.2141781957249123,False,True,False,True,True,3.9992260602994136,1,0.9635985260991331,0.8911850761444926,False,False,False,False,-0.14019825046921233,-0.10817916769358168,False,False,False,False,28464293,29986840.72181298,False,False,False,False,1653575.3516547924,False,False,False,False
2024-06-28 00:00:00+00:00,51.8597304772,52.7995767945,51.4244332354,52.7105387223,942035,,,,,,,,,,,,,,,,,,,,,,,,,,49.41255538459509,46.8745934640187,45.72484078942196,43.12290353517906,,"rgba(239, 83, 80, 1.0)",0.0,0.0,3.6663177031728074,47.43201625064953,1.2076733619453535,0.0,0.0,0.0,0.0,0.0,0.0,0.0,0.0,43.85194558908114,-2.761745367427011,False,True,False,True,False,2.748827229705334,1,0.9312176183423493,0.9180870474266924,False,False,False,False,-0.1869422125007449,-0.14756069009716327,False,False,False,False,27522258,29890190.418996785,False,False,False,False,1625671.808452644,False,False,False,False
2024-07-01 00:00:00+00:00,51.4837919502,52.3736780159,51.4046469972,51.9388754302,679831,,,,,,,,,,,,,,,,,,,,,,,,,51.75403898776668,49.422041372256416,46.88402032057037,45.73136574412509,43.1294459547613,,"rgba(239, 83, 80, 1.0)",0.0,0.0,3.5838902872621747,47.739280663044696,1.0448174991472277,1.0,52.373676,51.404648,0.0,0.0,0.0,0.0,0.0,42.16151455887642,-4.524126143906457,False,True,False,True,False,1.9059675924718782,1,0.9205923792043769,0.9241516813352223,True,False,False,False,-0.2132808160458297,-0.1804207530714965,False,False,False,False,26842427,29770670.28491848,True,False,False,False,1588580.0120427364,False,False,False,False
2024-07-02 00:00:00+00:00,52.0476997406,52.6709662458,51.5629369033,51.8300511198,1254722,,,,,,,,,,,,,,,,,,,,,,,,,51.974446737523245,49.441870836372665,46.90253099171891,45.744048855889474,43.141969639716564,,"rgba(239, 83, 80, 1.0)",0.0,0.0,3.482199268679243,47.76288076527156,1.2304921817279064,0.0,0.0,0.0,0.0,0.0,0.0,0.0,0.0,42.83925355479707,-4.524126143906457,False,True,False,True,False,3.0990250848685754,1,0.9189820689063887,0.9170761969897538,False,False,False,False,-0.18636058797192753,-0.183390670521712,False,False,False,False,28097149,29705041.999235403,False,False,False,False,1575487.540982237,False,False,False,False
2024-07-03 00:00:00+00:00,53.9372854944,54.3132240213,52.690752484,52.690752484,723646,,,,,,,,,,,,,,,,,,,,,,,,,52.429792509801096,49.459794005470215,46.91632340245804,45.7531243782764,43.15042709382617,,#000000,0.0,0.0,3.36520540264679,47.797644023647166,1.8244477635522351,0.0,0.0,0.0,0.0,0.0,0.0,0.0,0.0,47.864119715857264,-5.6343255788253686,False,True,False,False,True,6.8997015541921485,1,0.9473812305620987,0.8791421615688348,False,False,False,False,-0.03948837921551023,-0.11143952486861113,False,False,False,False,28820795,29670365.64632421,False,False,False,False,1542081.9903554826,False,False,False,False
2024-07-05 00:00:00+00:00,55.2134978621,55.7378331759,54.6100175952,55.0651010751,1216667,,,,,,,,,,,,,,,,,,,,,,,,,53.2955630308069,49.50054353504931,46.94466268590294,45.771303834760445,43.166697705458,,"rgba(38, 166, 154, 0.5)",0.0,0.0,3.2433781234152184,47.868768869607344,2.264530595266761,0.0,0.0,0.0,0.0,0.0,0.0,0.0,0.0,53.380560991419806,-0.6676575856927727,False,True,True,False,True,9.293378449859702,1,0.9645793254144676,0.8634304427335724,False,False,False,False,0.14119807548944807,0.014879275310418473,False,False,False,False,30037462,29684761.581762478,False,False,False,False,1529320.6181846792,False,False,False,False
2024-07-08 00:00:00+00:00,55.5498639125,55.5647035912,54.600124476,54.9562767647,2559661,,,,,,,,,,,,,,,,,,,,,,,,,54.06835807326333,49.58516215812149,47.00402002425873,45.80952888115881,43.2009300515436,,"rgba(38, 166, 154, 0.5)",0.0,0.0,3.08248022424454,47.96544909540587,2.460490989509245,0.0,0.0,0.0,0.0,0.0,0.0,0.0,0.0,57.566548082869886,2.9001607624799064,False,False,True,False,True,9.90870065073841,0,0.9535897940931594,0.8690205534049199,False,False,False,False,0.1279777773928203,0.07142852635161938,False,False,False,False,32597123,29798971.83345807,False,False,False,False,1569726.1233539076,False,False,False,False
2024-07-09 00:00:00+00:00,55.4707189594,55.8367643672,55.0627267265,55.6191157464,923830,,,,,,,,,,,,,,,,,,,,,,,,,54.242666796296966,49.616249798152936,47.025798052063195,45.8235672874744,43.213460928941586,,"rgba(38, 166, 154, 0.5)",0.0,0.0,2.971613588386644,47.99558567950852,2.5155132245676324,0.0,0.0,0.0,0.0,0.0,0.0,0.0,0.0,60.11608386956715,4.937573254131699,False,False,True,False,True,9.718218075349409,0,0.9635031285969705,0.8798418259381515,False,False,False,False,0.17677172810771255,0.12410012722966596,False,False,False,False,31673293,29872474.624302853,False,False,False,False,1544396.863614539,False,False,False,False
2024-07-10 00:00:00+00:00,57.7065638827,57.7560294784,55.9356955585,56.1731304176,1703693,,,,,,,,,,,,,,,,,,,,,,,,,54.78601367982955,49.68893214623707,47.0735931827096,45.85383525545838,43.23965712324442,,"rgba(38, 166, 154, 1.0)",0.0,0.0,2.9017352533583627,48.07313362311139,3.319886005602762,0.0,0.0,0.0,0.0,0.0,0.0,0.0,0.0,64.76360172822267,8.98600429787978,True,False,True,False,True,13.683489040467109,0,0.9444683522954467,0.8569068252413813,False,False,False,False,0.34282824040683735,0.23346418381825165,False,False,False,False,33376986,30009906.442957647,False,False,False,False,1550643.7709237728,False,False,False,False
2024-07-11 00:00:00+00:00,58.6563033192,59.0322418461,57.4097703088,58.9629900122,1943699,,,,,,,,,,,,,,,,,,,,,,,,,55.41828507054482,49.7836133122914,47.13419063378241,45.89192440292465,43.272065993246784,,"rgba(38, 166, 154, 1.0)",0.0,0.0,2.8252578808054225,48.17050457233523,3.711448366573703,0.0,0.0,0.0,0.0,0.0,0.0,0.0,0.0,68.78009080580114,12.412242259483847,True,False,True,False,True,15.256417072504792,0,0.9742522580944561,0.836639653296291,False,False,False,False,0.3428282432982874,0.2881462135582695,False,False,False,False,35320685,30218172.268724013,False,False,False,False,1566057.7014757819,False,False,False,False
2024-07-12 00:00:00+00:00,58.953096893,59.1113867991,58.0726092905,58.1913267201,1012135,,,,,,,,,,,,,,,,,,,,,,,,,55.695709358279004,49.834059092686054,47.166453387439894,45.91221475694412,43.28927309744123,,"rgba(38, 166, 154, 1.0)",0.0,0.0,2.742430289801311,48.219420381021294,3.9139286609747743,0.0,0.0,0.0,0.0,0.0,0.0,0.0,0.0,71.72991689698813,14.883237583265185,True,False,True,False,True,15.741156709744669,0,1.0067914761369063,0.8232228697320653,False,False,False,False,0.34282824336547923,0.3154872284618744,False,False,False,False,36332820,30457962.375832878,False,False,False,False,1544335.2425943788,False,False,False,False
2024-07-15 00:00:00+00:00,58.8541657017,59.3883941347,58.225952637,59.0916005609,1112085,,,,,,,,,,,,,,,,,,,,,,,,,55.96057154413987,49.88951485650134,47.202032664436,45.934626666849574,43.308270372174874,,"rgba(38, 166, 154, 1.0)",0.0,0.0,2.6274014928283633,48.27119504101071,4.027922907700285,0.0,0.0,0.0,0.0,0.0,0.0,0.0,0.0,73.3666159198496,16.241209191126558,True,False,True,False,True,15.491422892266296,0,1.004208361483181,0.8365942203718674,False,False,False,False,0.34282824370917186,0.3291577360855231,False,False,False,False,35220735,30644737.77285904,False,False,False,False,1527384.2526887169,False,False,False,False
2024-07-16 00:00:00+00:00,61.4956285093,61.5253078667,58.8145932252,59.32903542,2732246,,,,,,,,,,,,,,,,,,,,,,,,,56.761747065826476,50.04961197092574,47.301847021864745,45.99695835525567,43.36010676968775,,"rgba(38, 166, 154, 1.0)",0.0,0.0,2.6585976084570127,48.422459174591054,4.917317796842638,0.0,0.0,0.0,0.0,0.0,0.0,0.0,0.0,76.57884366941832,19.190118554723483,True,False,True,False,True,19.642267926285,0,1.0134293765655156,0.8015565574933733,False,False,False,False,0.34282824547110513,0.3359929907783141,False,False,False,False,37952981,30931335.54647241,False,False,False,False,1574633.7329754338,False,True,False,False
2024-07-17 00:00:00+00:00,60.6942858598,62.386009231,60.5755684303,61.5352009859,1845263,,,,,,,,,,,,,,,,,,,,,,,,,57.22618953961732,50.16111586469711,47.37145671168602,46.04049168815103,43.39616505372398,,"rgba(38, 166, 154, 1.0)",0.0,0.0,2.6732533909759186,49.27227215421496,4.272701474593558,0.0,0.0,0.0,0.0,0.0,0.0,0.0,0.0,76.41483766364306,19.190118554723483,True,False,True,False,True,17.64189005120526,0,1.0408053214236919,0.795397018740235,False,True,False,False,0.342828246693475,0.33941061873589456,False,False,False,False,36107718,31134330.936806828,False,False,False,False,1585246.6454077698,False,False,False,False
2024-07-18 00:00:00+00:00,60.2886679755,61.0662671391,59.635722113,60.8426826468,1222675,,,,,,,,,,,,,,,,,,,,,,,,,57.42667494051365,50.2279421640794,47.41426328145695,46.06751971284447,43.4187902724942,,"rgba(38, 166, 154, 1.0)",0.0,0.0,2.6825818909027674,49.309522841353186,4.0927530195367146,0.0,0.0,0.0,0.0,0.0,0.0,0.0,0.0,75.18096523760099,19.190118554723483,True,False,True,False,True,16.641448750782423,0,1.0181617212984075,0.8267271220879235,False,False,False,False,0.2578236895773246,0.2986171541566096,False,False,False,False,34885043,31281417.68438303,False,False,False,False,1571028.149509426,False,False,False,False
2024-07-19 00:00:00+00:00,59.3982872539,60.135324629,58.3694028644,58.9629900122,900384,,,,,,,,,,,,,,,,,,,,,,,,,57.511776857846414,50.271637874106545,47.44310833151231,46.08592645150007,43.4344013382877,,"rgba(38, 166, 154, 0.75)",0.0,0.0,2.6985660855814735,49.325435097899735,3.732668327012573,0.0,0.0,0.0,0.0,0.0,0.0,0.0,0.0,72.01439098353792,19.190118554723483,True,False,True,False,False,14.477092991180783,0,0.9948654453717528,0.8387518248297681,False,False,False,False,0.17853506372330957,0.2385761089399596,False,False,False,False,33984659,31387427.14774056,False,False,False,False,1544728.3789404288,False,False,False,False
2024-07-22 00:00:00+00:00,59.3587147774,59.7544395425,58.7453413913,58.9234175357,820931,,,,,,,,,,,,,,,,,,,,,,,,,57.58231181577491,50.3110476459362,47.46925349444326,46.1026455504833,43.44859481987707,,"rgba(38, 166, 154, 0.75)",0.0,0.0,2.7466872050574045,49.34500408856955,3.6457411933883344,0.0,0.0,0.0,0.0,0.0,0.0,0.0,0.0,69.80031570357791,19.190118554723483,True,False,True,False,False,14.381357041004016,0,1.0037732781595232,0.8508422097463819,False,False,False,False,0.1783594002069096,0.20846775457343458,False,False,False,False,33163728,31457086.004691914,False,False,False,False,1516344.1680015884,False,False,False,False
2024-07-23 00:00:00+00:00,59.6950808278,59.9523019251,59.0520280843,59.3686078965,898269,,,,,,,,,,,,,,,,,,,,,,,,,57.66501853459299,50.355111695230555,47.49840526479026,46.12127919545627,43.46437070037864,,"rgba(38, 166, 154, 0.75)",0.0,0.0,2.777003532984882,49.37302458182686,3.716976274379601,0.0,0.0,0.0,0.0,0.0,0.0,0.0,0.0,68.81071935429182,25.906175302900365,True,False,True,False,False,14.938735916013417,0,0.9916336924050629,0.8666303019097849,False,False,False,False,0.1963352967536925,0.20240152566356354,False,False,False,False,34061997,31559239.377056938,False,False,False,False,1492105.9261191732,False,False,False,False
2024-07-24 00:00:00+00:00,59.2993560626,60.7734308129,59.2795698243,60.0908055929,1549939,,,,,,,,,,,,,,,,,,,,,,,,,57.807205650167916,50.43193787678946,47.54927810529259,46.15382857151082,43.49188602339173,,"rgba(38, 166, 154, 0.75)",0.0,0.0,2.8014489587249076,49.42763599786614,3.5237907990395856,0.0,0.0,0.0,0.0,0.0,0.0,0.0,0.0,66.99883963983677,23.95324785665707,True,False,True,False,False,13.956810510684438,0,0.9996700096718734,0.8707070755040207,False,False,False,False,0.23411595141496205,0.2182587385392628,False,False,False,False,32512058,31596604.813250784,False,False,False,False,1494373.8898007744,False,False,False,False
2024-07-25 00:00:00+00:00,58.112181767,58.7453413913,57.2811597601,57.6867776445,1471165,,,,,,,,,,,,,,,,,,,,,,,,,57.82151695456676,50.49037295845815,47.590373380965545,46.180659580665036,43.515140472079636,,"rgba(38, 166, 154, 0.75)",0.0,0.0,2.7833059601753467,49.45057230603096,3.111986100307622,0.0,0.0,0.0,0.0,0.0,0.0,0.0,0.0,62.71110638979952,19.73169789102495,True,False,True,False,False,11.079885274164646,0,0.9819392891280357,0.8609945192231758,False,False,False,False,0.09165440771784737,0.1549565731285551,False,False,False,False,31040893,31574812.193123303,False,False,False,False,1493463.7372595677,False,False,False,False
2024-07-26 00:00:00+00:00,57.6768845253,58.7453413913,57.5680602149,58.5573721279,1431867,,,,,,,,,,,,,,,,,,,,,,,,,57.83116701333113,50.546025468957794,47.6298753221275,46.20654948608536,43.53762569163397,,"rgba(38, 166, 154, 0.5)",0.0,0.0,2.772888612883948,49.47643665603343,2.9573664918107463,0.0,0.0,0.0,0.0,0.0,0.0,0.0,0.0,58.850454078302235,16.043710789066424,False,False,True,False,False,10.050749037668748,0,0.9794098251452292,0.8687573211313148,False,False,False,False,0.10161776698065204,0.12828717005460358,False,False,False,False,29609026,31497722.538491018,False,False,False,False,1491048.1789356633,False,False,False,False
2024-07-29 00:00:00+00:00,58.0132505757,58.3001510305,57.3800909514,57.8846400271,1057191,,,,,,,,,,,,,,,,,,,,,,,,,57.833771472824125,50.5860501264723,47.65857240012786,46.225432316823245,43.5540691732116,,"rgba(38, 166, 154, 0.5)",0.0,0.0,2.7704315464362606,49.4962217053496,3.074260716279478,0.0,0.0,0.0,0.0,0.0,0.0,0.0,0.0,57.011017232117865,14.27765405583365,False,False,True,False,False,10.657304622118634,0,0.9758216075695777,0.887942735955218,False,False,False,False,0.0796536014288944,0.103970385741749,False,False,False,False,30666217,31465114.478158038,False,False,False,False,1474034.1719185784,False,False,False,False
2024-07-30 00:00:00+00:00,58.2506854348,58.8541657017,57.7560294784,58.0132505757,983112,,,,,,,,,,,,,,,,,,,,,,,,,57.84965904213094,50.62484122281304,47.68612378110352,46.24352092098773,43.56974059652362,,"rgba(38, 166, 154, 0.5)",0.0,0.0,2.789076101011876,49.51913168048067,3.1306258553330704,0.0,0.0,0.0,0.0,0.0,0.0,0.0,0.0,56.3107965660102,13.484892500792576,False,False,True,False,False,11.087227312006341,0,0.973870345598891,0.8793533176738116,False,False,False,False,0.11194591629507701,0.107958151018413,False,False,False,False,31649329,31472338.5770538,False,False,False,False,1454782.3220394184,False,False,False,False
2024-07-31 00:00:00+00:00,59.1212799182,59.3785010156,58.1913267201,59.1410661565,1291598,,,,,,,,,,,,,,,,,,,,,,,,,57.89577487190124,50.67922514222071,47.72417466510081,46.2684028153129,43.59113025562557,,"rgba(38, 166, 154, 0.5)",0.0,0.0,2.809984877888305,49.55669916201846,3.403783711238081,0.0,0.0,0.0,0.0,0.0,0.0,0.0,0.0,57.64798138567807,13.484892500792576,False,False,True,False,False,12.646063038533264,0,0.9717765789038258,0.8851706689662043,False,False,False,False,0.14551523918281986,0.12673669510061641,False,False,False,False,32940927,31529930.279914435,False,False,False,False,1448382.9368614021,False,False,False,False
2024-08-01 00:00:00+00:00,57.8450675505,59.2498904669,57.1723354497,59.2301042287,1196604,,,,,,,,,,,,,,,,,,,,,,,,,57.90335174137638,50.72408381514496,47.75666464888993,46.28989833199209,43.60985032340311,,"rgba(38, 166, 154, 0.5)",0.0,0.0,2.7928393292452927,49.58312522013904,2.9582590891806078,0.0,0.0,0.0,0.0,0.0,0.0,0.0,0.0,55.27882816105873,12.19755162104164,False,False,True,False,False,9.561001904752924,0,0.9563031673786191,0.8989310627280637,False,False,False,False,0.10540213174291443,0.11606941342176542,False,False,False,False,31744323,31538337.837564852,False,False,False,False,1438509.253062916,False,False,False,False
2024-08-02 00:00:00+00:00,57.0536180202,59.5565771599,56.6381070167,58.2803647922,1920192,,,,,,,,,,,,,,,,,,,,,,,,,57.894244231557174,50.79167641926171,47.80667782161197,46.32324102235645,43.63908728154806,,#000000,0.0,0.0,2.7627576067605406,49.62112891056013,2.6902429266513903,0.0,0.0,0.0,0.0,0.0,0.0,0.0,0.0,52.02140933154632,8.947689546302591,False,True,False,False,False,7.7184988898718885,0,0.9393841948064724,0.8973097437695449,False,False,False,False,0.09749267085728654,0.10678104213952598,False,False,False,False,29824131,31471114.04001329,False,False,False,False,1457398.7725506448,False,False,False,False
2024-08-05 00:00:00+00:00,55.510291436,56.1731304176,52.8193630327,53.680064397,1647685,,,,,,,,,,,,,,,,,,,,,,,,,57.74638434922956,50.824778033312306,47.83672979219218,46.344437409668345,43.65891560855773,,"rgba(239, 83, 80, 1.0)",0.0,0.0,2.7436585332497017,49.61860091671751,2.1473847593942863,0.0,0.0,0.0,0.0,0.0,0.0,0.0,0.0,47.17951550297695,4.322137943852269,False,True,False,True,False,4.281203488758663,0,0.905746713138637,0.9334789045831575,False,False,False,False,-0.1517609381914275,-0.022489948025950758,False,False,False,False,28176446,31341911.37177748,False,False,False,False,1464860.9775486588,False,False,False,False
2024-08-06 00:00:00+00:00,54.4220483317,55.3000626545,53.5514538483,55.0354217177,2700502,,,,,,,,,,,,,,,,,,,,,,,,,57.50261270722428,50.87244771970043,47.88258027174391,46.3772845311053,43.690076160372755,,"rgba(239, 83, 80, 1.0)",0.0,0.0,2.7235077359546285,49.61410156825913,1.765350874524178,0.0,0.0,0.0,0.0,0.0,0.0,0.0,0.0,42.450035157371076,-0.06138756150586033,False,True,False,True,False,1.9795929685025015,0,0.9213538417845517,0.9345418559627254,False,False,False,False,-0.15672757418080366,-0.0896087611033772,False,False,False,False,25475944,31111873.43562934,False,False,False,False,1513317.4882330252,False,False,False,False
2024-08-07 00:00:00+00:00,52.8292561518,55.282749696,52.4829969823,55.1838185047,2310112,,,,,,,,,,,,,,,,,,,,,,,,53.53166761003334,57.26805895247426,50.902234352639205,47.91601461618944,46.402077840729696,43.714384009279364,,"rgba(239, 83, 80, 1.0)",0.0,0.0,2.7124557153893383,49.95092844065699,1.0611519645510115,1.0,55.28275,52.482998,0.0,0.0,0.0,0.0,0.0,37.51472408565872,-4.553192329323565,False,True,False,True,False,0.0,0,0.9057856693356082,0.9297176669804472,False,False,False,False,-0.19525685727794873,-0.14243280919066298,False,False,False,False,23165832,30800263.967565447,False,False,False,False,1544564.3318317302,False,False,False,False
2024-08-08 00:00:00+00:00,53.7888887074,54.520979523,53.0271185344,53.224980917,1857855,,,,,,,,,,,,,,,,,,,,,,,,53.64191308966422,57.10983195592536,50.927917899215934,47.94378932501328,46.422580364656774,43.73433641102063,,"rgba(239, 83, 80, 1.0)",0.0,0.0,2.6736454898836035,49.952776569890965,1.4347871294170857,0.0,0.0,0.0,0.0,0.0,0.0,0.0,0.0,36.563858943300204,-5.337163876142512,False,True,False,True,False,0.6793531428339499,0,0.9021078730335798,0.9481745763308619,False,False,False,False,-0.20304603403676416,-0.17273942161371358,False,False,False,False,25023687,30573731.537464842,False,False,False,False,1556850.2403873487,False,False,False,False
2024-08-09 00:00:00+00:00,55.2134978621,55.3915740064,53.5415607292,54.4121552126,960724,,,,,,,,,,,,,,,,,,,,,,,,53.84302935385515,57.054970426996064,50.94532412856778,47.96033774296826,46.43448196217224,43.7455822046407,,"rgba(239, 83, 80, 1.0)",0.0,0.0,2.647988965188036,49.96750902861531,1.9811218635921188,0.0,0.0,0.0,0.0,0.0,0.0,0.0,0.0,38.90787477907626,-5.337163876142512,False,True,False,True,False,3.3819807455025455,0,0.9205177506777488,0.9365261208018063,False,False,False,False,-0.15385123398460665,-0.16329532779916012,False,False,False,False,25984411,30393758.18305446,False,False,False,False,1533472.7407643152,False,False,False,False
2024-08-12 00:00:00+00:00,56.5589620637,56.9942593054,55.4212533638,55.4212533638,1319712,,,,,,,,,,,,,,,,,,,,,,,,54.35094664411551,57.03269004615412,50.97907050189576,47.98832237908737,46.45394147829001,43.76325334199277,,"rgba(239, 83, 80, 0.75)",0.0,0.0,2.6284327124130358,50.01276326554182,2.4905331482305417,0.0,0.0,0.0,0.0,0.0,0.0,0.0,0.0,42.809086403037185,-5.337163876142512,False,True,False,True,True,5.806859940975546,0,0.9415771131069388,0.912188366681467,False,False,False,False,-0.0328492855778713,-0.09807230668851571,False,False,False,False,27304123,30272596.01901311,False,False,False,False,1525089.966616695,False,False,False,False
2024-08-13 00:00:00+00:00,57.5680602149,57.726350121,56.4006721576,56.4501377533,4778126,,,,,,,,,,,,,,,,,,,,,,,,55.57702236409848,57.052488995812695,51.11792895416846,48.09894911819727,46.530174750514526,43.83140908800923,,"rgba(239, 83, 80, 0.75)",0.0,0.0,2.6333121240100557,50.17040169489927,2.8092600389259754,0.0,0.0,0.0,0.0,0.0,0.0,0.0,0.0,46.94200143001613,-11.623007287607265,False,True,False,True,True,7.55451560079354,0,0.9691928410958751,0.9032827796065236,False,False,False,False,0.0260529225445752,-0.03600969207197026,False,False,False,False,32082249,30343562.802581225,False,False,False,False,1652660.0071415305,False,False,False,False
2024-08-14 00:00:00+00:00,57.0140455437,57.5284877384,56.430351515,57.3899840706,1266743,,,,,,,,,,,,,,,,,,,,,,,,55.72038733912496,57.05090784607105,51.15230483937402,48.12707362164062,46.549754087905455,43.849040006605975,,#000000,0.0,0.0,2.633489103217342,50.20087151094209,2.5871282415538497,0.0,0.0,0.0,0.0,0.0,0.0,0.0,0.0,48.718020511588406,-9.91133202991557,False,True,False,False,True,6.402672642720276,0,0.969707421396559,0.8891328127816289,False,False,False,False,0.0202634640099418,-0.00787311403101423,False,False,False,False,30815506,30362070.37895059,False,False,False,False,1637526.0068614704,False,False,False,False
2024-08-15 00:00:00+00:00,57.1525492115,57.3603047132,55.7293250935,57.2415872836,1188535,,,,,,,,,,,,,,,,,,,,,,,,55.80960305312813,57.04376188701464,51.18286413486854,48.15257975973046,46.56763109120952,43.86523370128311,,#000000,0.0,0.0,2.629232759839779,50.22548825332429,2.6346320736540005,0.0,0.0,0.0,0.0,0.0,0.0,0.0,0.0,50.13149515708811,-8.42062591197169,False,True,False,False,True,6.64596615057955,0,0.9936592940972914,0.8812954927402471,False,False,False,False,-0.009644767457709046,-0.008758940744361638,False,False,False,False,32004041,30426461.383697625,False,False,False,False,1619918.5163963146,False,False,False,False
2024-08-16 00:00:00+00:00,58.41886846,58.5375858896,57.419663428,57.5087015001,1582730,,,,,,,,,,,,,,,,,,,,,,,,56.0497176352542,57.076642446909254,51.232994441312385,48.19172015160993,46.59454955405506,43.889035228168225,,"rgba(38, 166, 154, 0.5)",0.0,0.0,2.6171960483851757,50.27562524954307,3.111437989325009,0.0,0.0,0.0,0.0,0.0,0.0,0.0,0.0,53.060143605555695,-5.44483961531629,False,False,True,False,True,8.835268473015905,0,1.0058980686197672,0.8584144716269507,False,False,False,False,0.08925224930527184,0.0402466542804551,False,False,False,False,33586771,30550395.094140854,False,False,False,False,1618460.1432043023,False,False,False,False
2024-08-19 00:00:00+00:00,59.8533707338,60.0809124738,58.033036814,58.4683340557,1969966,,,,,,,,,,,,,,,,,,,,,,,,56.42380163408912,57.15851935882304,51.305050223446834,48.24582886137114,46.63133944167808,43.92103106046113,,"rgba(38, 166, 154, 0.5)",0.0,0.0,2.644296600063525,50.352939212280184,3.592801019859717,0.0,0.0,0.0,0.0,0.0,0.0,0.0,0.0,56.879498933039905,-1.6747797477455606,False,False,True,False,True,11.197441152987164,0,1.0029017672055525,0.8603644109393829,False,False,False,False,0.16469027193461103,0.10246846310753306,False,False,False,False,35556737,30746722.22770396,False,False,False,False,1632244.6866080554,False,False,False,False
2024-08-20 00:00:00+00:00,61.010865672,61.5747734624,60.5458890729,60.5458890729,2076855,,,,,,,,,,,,,,,,,,,,,,,,56.92066754389331,57.30232824607271,51.39565338316007,48.31108387517524,46.675125663374246,43.958373786132896,,"rgba(38, 166, 154, 1.0)",0.0,0.0,2.6968365197160233,50.45574267639945,3.9138905597110507,0.0,0.0,0.0,0.0,0.0,0.0,0.0,0.0,60.70240307895163,2.0329349466443176,True,False,True,False,True,13.01937589147466,0,1.0614715462452415,0.8403560213483431,False,False,False,False,0.3106939744571481,0.20658121878234056,False,False,False,False,37633592,31016795.552107725,False,False,False,False,1649680.3851724453,False,False,False,False
2024-08-21 00:00:00+00:00,61.3818576394,61.5405439735,60.5487543849,60.7967017821,2139346,,,,,,,,,,,,,,,,,,,,,,,,57.343175455011995,57.44389985014663,51.48831139820144,48.37820171098676,46.72030524898321,43.99692395734059,,"rgba(38, 166, 154, 1.0)",0.0,0.0,2.747768857633532,50.555837724500506,3.939931077107853,0.0,0.0,0.0,0.0,0.0,0.0,0.0,0.0,63.63780672169591,4.8845475037227075,True,False,True,False,True,13.592875088589714,0,1.0586958271068898,0.8402765446113998,False,False,False,False,0.3095077528783897,0.25804448583036516,False,False,False,False,39772938,31360173.68731919,False,False,False,False,1668882.9583029377,False,False,False,False
2024-08-22 00:00:00+00:00,60.4892470096,61.1636639299,60.3010053457,60.4793291137,1206295,,,,,,,,,,,,,,,,,,,,,,,,57.51930560562232,57.508973835165705,51.5370937298564,48.41425296903326,46.744768119282874,44.017946425320226,,"rgba(38, 166, 154, 1.0)",0.0,0.0,2.786498872597392,50.60518660457179,3.5471252122972987,0.0,0.0,0.0,0.0,0.0,0.0,0.0,0.0,63.5454685024971,4.969472268377501,True,False,True,False,True,11.625026312734136,0,1.0611190776071406,0.840841853506657,False,False,False,False,0.286053956807642,0.27204922131900355,False,False,False,False,38566643,31642780.327032164,False,False,False,False,1650742.2540557638,False,False,False,False
2024-08-23 00:00:00+00:00,61.6000513488,62.0959461432,60.7471123026,60.9950596998,1569572,,,,,,,,,,,,,,,,,,,,,,,,57.77597511273012,57.611133928290045,51.60550276217178,48.464004415695996,46.77836115102838,44.04658103690153,,"rgba(38, 166, 154, 1.0)",0.0,0.0,2.8496611006542474,51.40382528451727,3.5780486535545593,0.0,0.0,0.0,0.0,0.0,0.0,0.0,0.0,64.80289936472805,6.483438637379749,True,False,True,False,True,13.363547537115725,0,1.0562501454315605,0.8409969719810548,False,False,False,False,0.3382591357098435,0.3051541785144235,False,False,False,False,40136215,31975856.196560312,False,False,False,False,1647559.1068378908,False,False,False,False
2024-08-26 00:00:00+00:00,61.7884913707,62.0463566637,61.3421860558,62.0166029761,887039,,,,,,,,,,,,,,,,,,,,,,,,57.91548275524314,57.67008357016927,51.64469671885721,48.49247938847438,46.79759327453198,44.062948805745854,,"rgba(38, 166, 154, 1.0)",0.0,0.0,2.918070540735068,51.44729452797852,3.5438474493205745,0.0,0.0,0.0,0.0,0.0,0.0,0.0,0.0,65.85640033441521,7.8583936483882795,True,False,True,False,True,13.654855196489343,0,1.0731714671350934,0.829473221429307,False,False,False,False,0.3428282468616012,0.32399121268801234,False,False,False,False,41023254,32330656.110420693,False,False,False,False,1617734.7889226794,False,False,False,False
2024-08-27 00:00:00+00:00,61.9174240172,61.9868492884,60.9157165327,61.2430070969,959812,,,,,,,,,,,,,,,,,,,,,,,,58.051362094797575,57.7301789306988,51.68626896307847,48.522877169269215,46.81818207440202,44.08050617995296,,"rgba(38, 166, 154, 1.0)",0.0,0.0,2.9953091117859834,51.48836333390218,3.4817978025244236,0.0,0.0,0.0,0.0,0.0,0.0,0.0,0.0,66.71518493815628,9.091011694013744,True,False,True,False,True,13.856611655305635,0,1.0704176744180007,0.8258927105787609,False,False,False,False,0.3245818860613176,0.32428654937466495,False,False,False,False,41983066,32709181.988443412,False,False,False,False,1591933.8952394372,False,False,False,False
2024-08-28 00:00:00+00:00,60.885962845,61.3818576394,60.5487543849,60.975223908,1090020,,,,,,,,,,,,,,,,,,,,,,,,58.1672321160725,57.784859336806036,51.729912165827955,48.55547496376729,46.84044190577969,44.0996446894528,,"rgba(38, 166, 154, 1.0)",0.0,0.0,3.038227988207288,51.52094826677243,3.082393623710055,0.0,0.0,0.0,0.0,0.0,0.0,0.0,0.0,64.68267773172053,9.091011694013744,True,False,True,False,True,11.533367949385909,0,1.0592945864898706,0.8228126235047243,False,False,False,False,0.28869363185280267,0.3064900906137338,False,False,False,False,40893046,33030117.83203387,False,False,False,False,1572250.9973869103,False,False,False,False
2024-08-29 00:00:00+00:00,61.153746034,61.590133453,60.8710860012,60.9653060121,912224,,,,,,,,,,,,,,,,,,,,,,,,58.265933755990275,57.832950458111135,51.76716780994224,48.583207834690754,46.85936764063051,44.11588070312246,,"rgba(38, 166, 154, 1.0)",0.0,0.0,3.079972821799706,51.553666450813736,3.116936459710932,0.0,0.0,0.0,0.0,0.0,0.0,0.0,0.0,63.742279023833774,9.091011694013744,True,False,True,False,True,11.969941160039912,0,1.061936014900313,0.8221518329572354,False,False,False,False,0.3081905424463335,0.30734031653003363,False,False,False,False,41805270,33374241.446463916,False,False,False,False,1546367.5857246784,False,False,False,False
2024-08-30 00:00:00+00:00,61.3025144723,61.416570275,60.7371944068,61.0545670751,751036,,,,,,,,,,,,,,,,,,,,,,,,58.341128259078495,57.870935165531435,51.79745059492062,48.605853955868845,46.87485453388318,44.12918342939749,,"rgba(38, 166, 154, 1.0)",0.0,0.0,3.1283555852705596,51.57996406545658,3.1078789293073763,0.0,0.0,0.0,0.0,0.0,0.0,0.0,0.0,63.35606857755054,9.091011694013744,True,False,True,False,True,12.21477447224277,0,1.0561023382660624,0.8453406217872856,False,False,False,False,0.29686647546982975,0.3021033959999317,False,False,False,False,42556306,33734322.40934768,False,False,False,False,1515178.111774691,False,False,False,False
2024-09-03 00:00:00+00:00,59.2296742321,60.7371944068,58.5056678324,60.7371944068,1482743,,,,,,,,,,,,,,,,,,,,,,,,58.397372613825695,57.90672633170293,51.8461507418765,48.644436261799434,46.90178523712886,44.15282857268515,,"rgba(38, 166, 154, 0.5)",0.0,0.0,3.1428890914563845,51.600662233304675,2.4273882331813743,0.0,0.0,0.0,0.0,0.0,0.0,0.0,0.0,58.40616003796614,14.954656930105202,False,False,True,False,False,7.65024623079729,0,1.0274881452870912,0.8415009064477114,False,False,False,False,0.19282822744935155,0.2474658117246416,False,False,False,False,41073563,34022135.76584385,False,False,False,False,1513906.146607056,False,False,False,False
2024-09-04 00:00:00+00:00,59.1900026485,59.8246488063,58.5750931036,58.9916447308,1091879,,,,,,,,,,,,,,,,,,,,,,,,58.425162506401,57.927376579165305,51.88025541820099,48.67190744538438,46.92108154173271,44.16986100152639,,"rgba(38, 166, 154, 0.5)",0.0,0.0,3.1554422031025955,51.61560327351583,2.4004240570581907,0.0,0.0,0.0,0.0,0.0,0.0,0.0,0.0,55.030014766132545,11.647035638470257,False,False,True,False,False,7.565855654532832,0,1.0195216460634051,0.8510707537108432,False,False,False,False,0.163539835518611,0.2055028236216263,False,False,False,False,39981684,34255843.53973233,False,False,False,False,1497356.0624263873,False,False,False,False
2024-09-05 00:00:00+00:00,59.3883605662,60.2611354042,59.2941405553,60.2313817166,727493,,,,,,,,,,,,,,,,,,,,,,,,58.452848479870276,57.9455353234448,51.9041942581234,48.6909130295299,46.93437605179933,44.181528091607554,,#000000,0.0,0.0,3.1734944335985467,51.63045964579917,2.444592572233961,0.0,0.0,0.0,0.0,0.0,0.0,0.0,0.0,53.214881286337814,9.84694324400921,False,False,False,False,False,7.915331373952647,0,1.0297459281517034,0.841745929036538,False,False,False,False,0.2037617862406792,0.20463230493115275,False,False,False,False,40709177,34508915.44013499,False,False,False,False,1467165.3540959407,False,False,False,False
2024-09-06 00:00:00+00:00,57.5039603479,59.2693458156,57.1667518877,59.2594279197,1420901,,,,,,,,,,,,,,,,,,,,,,,,58.432823173461045,57.94623182478056,51.94054797879534,48.722222872244544,46.956866289673904,44.20181308596307,,"rgba(239, 83, 80, 1.0)",0.0,0.0,3.175106151235877,52.178472255631604,1.6772630074731527,0.0,0.0,0.0,0.0,0.0,0.0,0.0,0.0,48.55223473111407,5.399071823267185,False,True,False,True,False,3.949066748127013,0,1.0059292553343488,0.85492941662358,False,False,False,False,0.09630567101591041,0.1504689879735316,False,False,False,False,39288276,34696341.34444342,False,False,False,False,1465351.0657000216,False,False,False,False
2024-09-09 00:00:00+00:00,58.0791983093,58.2874741229,57.5237961396,57.5237961396,755779,,,,,,,,,,,,,,,,,,,,,,,,58.42248335776602,57.94641525759516,51.959655453109804,48.73876119783194,46.96877371984184,44.21256550475874,,"rgba(239, 83, 80, 1.0)",0.0,0.0,3.179751882337909,52.18209959041836,1.8545782617937476,0.0,0.0,0.0,0.0,0.0,0.0,0.0,0.0,46.77159700578312,3.725780054766311,False,True,False,True,False,4.992204267822949,0,1.0070788027859938,0.8674449495833693,False,False,False,False,0.07512087646306087,0.11279493221829623,False,False,False,False,40044055,34906055.60544564,False,False,False,False,1437524.7101823736,False,False,False,False
2024-09-10 00:00:00+00:00,58.9222194596,58.9519731472,57.4841245561,58.1585414764,1155818,,,,,,,,,,,,,,,,,,,,,,,,58.42347059148601,57.954514473473075,51.99100566962005,48.765274650278165,46.98774225423771,44.229560738210125,,"rgba(239, 83, 80, 1.0)",0.0,0.0,3.190862395332567,52.2033805955611,2.105649831176324,0.0,0.0,0.0,0.0,0.0,0.0,0.0,0.0,47.39355076489281,3.725780054766311,False,True,False,True,False,6.4962159110621585,0,1.015680960202687,0.8579560246964487,False,False,False,False,0.09630567101591041,0.10455030161710333,False,False,False,False,41199873,35152871.97385953,False,False,False,False,1426477.3882144375,False,False,False,False
2024-09-11 00:00:00+00:00,58.7833689172,58.9817268349,57.6824824738,58.9817268349,938305,,,,,,,,,,,,,,,,,,,,,,,,58.424992916602044,57.96128279669016,52.016350500059886,48.78675812244936,47.00313492832852,44.243356639253456,,"rgba(239, 83, 80, 1.0)",0.0,0.0,3.1953957850205548,52.21876949146622,2.0543932167988244,0.0,0.0,0.0,0.0,0.0,0.0,0.0,0.0,47.53225741410877,3.725780054766311,False,True,False,True,False,6.203018586749849,0,1.0183957214582295,0.852745560129676,False,False,False,False,0.09862215145069407,0.1015862265338987,False,False,False,False,40261568,35353212.99449249,False,False,False,False,1407333.3729903419,False,False,False,False
2024-09-12 00:00:00+00:00,60.8661270533,61.2132534093,59.6759795469,59.8842553605,1535687,,,,,,,,,,,,,,,,,,,,,,,,58.512438606317566,58.01519860767029,52.070757375293255,48.82929570428294,47.03283684057682,44.26920392723838,,#000000,0.0,0.0,3.2308975756896423,52.29794054819344,2.6519523768182784,0.0,0.0,0.0,0.0,0.0,0.0,0.0,0.0,51.43900167576861,3.725780054766311,False,True,False,False,True,9.793703341520331,0,1.0309302797634237,0.8379858454631852,False,False,False,False,0.23347505505094818,0.16753064079242344,False,False,False,False,41797255,35605920.524120234,False,False,False,False,1412366.8485593481,False,False,False,False
2024-09-13 00:00:00+00:00,62.0463566637,62.6116767292,61.4016934311,61.6992303077,2138605,,,,,,,,,,,,,,,,,,,,,,,,58.699620072300135,58.126608821820575,52.15795928066379,48.89519319250989,47.07834038468441,44.30821644664691,,"rgba(38, 166, 154, 0.5)",0.0,0.0,3.289893664132105,52.42936896846176,2.923191044162598,0.0,0.0,0.0,0.0,0.0,0.0,0.0,0.0,55.67658726651055,-1.1252250273449533,False,False,True,False,True,11.70393567746028,0,1.0400431501947078,0.845619844926737,False,False,False,False,0.3428282454187907,0.2551794431056071,False,False,False,False,43935860,35932584.81729199,False,False,False,False,1440846.7760668248,False,False,False,False
2024-09-16 00:00:00+00:00,61.7289839954,62.2744682691,60.8958807409,62.2347966856,1341619,,,,,,,,,,,,,,,,,,,,,,,,58.79464788124806,58.18675562934016,52.20977282799058,48.93498942668117,47.1060101833943,44.33207033817504,,"rgba(38, 166, 154, 0.5)",0.0,0.0,3.3356325501419635,52.49221221661692,2.7691214904321417,0.0,0.0,0.0,0.0,0.0,0.0,0.0,0.0,57.76723921598959,0.8710573862619881,False,False,True,False,True,11.012526242741188,0,1.018005204431026,0.8681704525004964,False,False,False,False,0.3053577759471985,0.28026860952640276,False,False,False,False,42594241,36193826.236221716,False,False,False,False,1436955.490730871,False,False,False,False
2024-09-17 00:00:00+00:00,61.1934176175,62.0116440281,60.8462912615,61.3620218476,1129261,,,,,,,,,,,,,,,,,,,,,,,,58.86248623736731,58.23178260646053,52.251652793477,48.96755291803044,47.12876727612402,44.35177046313076,,"rgba(38, 166, 154, 0.5)",0.0,0.0,3.3699255045024157,52.53720722692189,2.568665206104085,0.0,0.0,0.0,0.0,0.0,0.0,0.0,0.0,57.92347974296089,1.1403040757891603,False,False,True,False,True,9.847453588637478,0,1.017456605560954,0.8696418145133062,False,False,False,False,0.2916851844897464,0.2859768970080746,False,False,False,False,41464980,36400538.14852674,False,False,False,False,1424889.0401139741,False,False,False,False
2024-09-18 00:00:00+00:00,60.7967017821,63.7423168603,60.7471123026,61.4810365982,1824812,,,,,,,,,,,,,,,,,,,,,,,,58.98173785742278,58.31114846234929,52.321547856316904,49.02155097271741,47.166447806106675,44.384276835936014,,"rgba(38, 166, 154, 0.5)",0.0,0.0,3.387768439538447,52.61375173285408,2.415439601403447,0.0,0.0,0.0,0.0,0.0,0.0,0.0,0.0,57.12384911934157,1.1403040757891603,False,False,True,False,True,8.987556639274509,0,1.0100578864841538,0.8552391731584069,False,False,False,False,0.3428282456715993,0.31440257133983696,False,False,False,False,39640168,36527582.456427656,False,False,False,False,1440572.293442838,False,False,False,False
2024-09-19 00:00:00+00:00,61.6992303077,62.6711841045,60.9256344286,62.3339756444,999115,,,,,,,,,,,,,,,,,,,,,,,,59.04303886659989,58.353149376585336,52.359396324090596,49.05093078218615,47.18700108462444,44.40202662192877,,"rgba(38, 166, 154, 0.5)",0.0,0.0,3.418036085103858,52.65326956295181,2.646537520236075,0.0,0.0,0.0,0.0,0.0,0.0,0.0,0.0,58.13782246403969,1.7923408357594752,False,False,True,False,True,10.50491970401826,0,1.0056711405488088,0.8932423038191737,False,False,False,False,0.30428130386655056,0.30934193760319373,False,False,False,False,40639283,36688825.61499912,False,False,False,False,1423260.2427195895,False,False,False,False
2024-09-20 00:00:00+00:00,62.0860282473,62.6612662087,61.7091482036,62.3339756444,2530176,,,,,,,,,,,,,,,,,,,,,,,,59.207272137121635,58.46663586673379,52.457787430023004,49.12697545526824,47.240166781110155,44.4478124861649,,"rgba(38, 166, 154, 0.5)",0.0,0.0,3.418202664758477,52.7572334826537,2.729152036778208,0.0,0.0,0.0,0.0,0.0,0.0,0.0,0.0,59.43639629286219,3.323846804707266,False,False,True,False,True,11.14678458044666,0,0.9969727259320241,0.9082950170444621,False,False,False,False,0.3376339151404554,0.32348792637182455,False,False,False,False,43169459,36942968.10068543,False,False,False,False,1466668.7037894097,False,False,False,False
2024-09-23 00:00:00+00:00,61.7190660995,62.8199525428,61.7190660995,62.0959461432,1278868,,,,,,,,,,,,,,,,,,,,,,,,59.282134205757586,58.520472427475944,52.50643634035911,49.16488365322163,47.26677720420205,44.470778936834954,,"rgba(38, 166, 154, 0.5)",0.0,0.0,3.4225634005281633,52.805863082283324,2.604247744787198,0.0,0.0,0.0,0.0,0.0,0.0,0.0,0.0,59.33749353468356,3.5482536219939433,False,False,True,False,True,10.324725624399434,0,0.9888299509256573,0.9073738000747866,False,False,False,False,0.3428282456971186,0.3331580860344716,False,False,False,False,41890591,37136992.528109536,False,False,False,False,1459303.9703074722,False,False,False,False
2024-09-24 00:00:00+00:00,62.9488851894,63.3654368166,61.8331219022,62.0463566637,1751572,,,,,,,,,,,,,,,,,,,,,,,,59.40022603826782,58.60423549393846,52.57660329408671,49.218958434954075,47.30461145999047,44.503258666425346,,"rgba(38, 166, 154, 1.0)",0.0,0.0,3.472036233211562,52.879784759369144,2.9000562648844097,0.0,0.0,0.0,0.0,0.0,0.0,0.0,0.0,61.27015605534527,5.705193690915017,True,False,True,False,True,12.36858039941557,0,0.9869955167301342,0.9031862066382259,False,False,False,False,0.3428282460228923,0.33799316602868196,False,False,False,False,43642163,37392097.2524974,False,False,False,False,1470765.4616679635,False,False,False,False
2024-09-25 00:00:00+00:00,63.6332200055,63.9505926739,62.4351381825,62.7306914799,2557143,,,,,,,,,,,,,,,,,,,,,,,,59.58856655944483,58.73835510719597,52.683523485284056,49.300745737382805,47.361737069828806,44.55208624443543,,"rgba(38, 166, 154, 1.0)",0.0,0.0,3.486221606166591,52.99507395718928,3.051483023768046,0.0,0.0,0.0,0.0,0.0,0.0,0.0,0.0,63.51639448056294,8.074576166001059,True,False,True,False,True,13.472612145393551,0,0.9869682284067218,0.9212610463418816,False,False,False,False,0.3428282465517985,0.34041070629024023,False,False,False,False,46199306,37737477.98769358,False,False,False,False,1513368.5023868668,False,False,False,False
2024-09-26 00:00:00+00:00,63.6927273808,64.287801134,63.0282283565,63.6828094849,1566901,,,,,,,,,,,,,,,,,,,,,,,,59.70471842821396,58.82247595754544,52.74999223346408,49.35156162744744,47.39725903858447,44.582403914466376,,"rgba(38, 166, 154, 1.0)",0.0,0.0,3.5185357599679117,53.85032331282072,2.797301133034112,0.0,0.0,0.0,0.0,0.0,0.0,0.0,0.0,65.0972940242834,9.760412402224567,True,False,True,False,True,13.568697039688494,0,0.972074926359349,0.9273462855087874,False,False,False,False,0.3428282469218672,0.34161947660605374,False,False,False,False,47766207,38130761.47837226,False,False,False,False,1515467.8160187544,False,False,False,False
2024-09-27 00:00:00+00:00,61.937259809,63.6927273808,61.8182450583,63.5340410466,1666899,,,,,,,,,,,,,,,,,,,,,,,,59.78635921610708,58.88771660937219,52.812235516403604,49.40077901354958,47.4321346774293,44.61255213495753,,"rgba(38, 166, 154, 0.75)",0.0,0.0,3.5028076716260577,53.87471662781853,2.3017373310247176,0.0,0.0,0.0,0.0,0.0,0.0,0.0,0.0,61.54529558977254,9.760412402224567,True,False,True,False,False,9.592092993426824,0,0.9688264883349701,0.918619405440669,False,False,False,False,0.27657673129043975,0.30909810394824677,False,False,False,False,46099308,38443253.498828255,False,False,False,False,1521406.2938219407,False,False,False,False
2024-09-30 00:00:00+00:00,60.5785080726,61.7488197871,59.9090501003,61.4909544941,1703807,,,,,,,,,,,,,,,,,,,,,,,,59.81432921291085,58.92095660948862,52.86375695525056,49.44407597587694,47.46352064169834,44.64027749171933,,"rgba(38, 166, 154, 0.5)",0.0,0.0,3.469006659757989,53.867186092755524,1.934652376917802,0.0,0.0,0.0,0.0,0.0,0.0,0.0,0.0,56.509411563557805,12.242504233896668,False,False,True,False,False,6.695087866986238,0,0.9620837036322265,0.931038705186543,False,False,False,False,0.14203622427427298,0.22556716411125988,False,False,False,False,44395501,38676674.96946244,False,False,False,False,1528559.2626916685,False,False,False,False
2024-10-01 00:00:00+00:00,60.6876049273,61.3074734202,59.9239269441,61.2727607846,1507140,,,,,,,,,,,,,,,,,,,,,,,,59.83508469969504,58.94773545220189,52.908172501377415,49.481744772779344,47.49094054314838,44.664562678491386,,#000000,0.0,0.0,3.4193554007381386,53.87562235741424,1.9921832543102296,0.0,0.0,0.0,0.0,0.0,0.0,0.0,0.0,53.38101050378109,9.438696933806128,False,False,False,False,False,6.886205435069698,0,0.9577384605087833,0.9321196007534219,False,False,False,False,0.12753702077575563,0.17655209244350775,False,False,False,False,45902641,38960046.18634627,False,False,False,False,1527719.2916057208,False,False,False,False
2024-10-02 00:00:00+00:00,61.1339102422,61.4512829106,60.1421206536,60.806619678,1600811,,,,,,,,,,,,,,,,,,,,,,,,59.863026288919265,58.97966598537958,52.956421006961236,49.52243758954763,47.520534163872405,44.69071030757805,,#000000,0.0,0.0,3.371496168811021,53.89801984348728,2.146195646209054,0.0,0.0,0.0,0.0,0.0,0.0,0.0,0.0,52.256613098247556,8.465142577681753,False,True,False,False,False,7.672588843872262,0,0.9568509088965339,0.9331392102921094,False,False,False,False,0.13984082234052958,0.15819645739201865,False,False,False,False,47503452,39295081.70845034,False,False,False,False,1530585.6331113789,False,False,False,False
2024-10-03 00:00:00+00:00,60.191710133,60.6826459794,59.3685247745,60.6380154479,1308167,,,,,,,,,,,,,,,,,,,,,,,,59.867563099148235,58.99412483562072,52.99135822101769,49.55307387943497,47.54313114812122,44.71092758951617,,#000000,0.0,0.0,3.3035850333873213,53.90530913689814,1.9029027352312824,0.0,0.0,0.0,0.0,0.0,0.0,0.0,0.0,49.63325689613264,5.992692357848497,False,True,False,False,False,5.666376799220249,1,0.938955647193561,0.9475064368596329,False,False,False,False,0.08766910630656762,0.12293278184929313,False,False,False,False,46195285,39565677.91596209,False,False,False,False,1521863.333773678,False,False,False,False
2024-10-04 00:00:00+00:00,59.8148300893,60.543795437,59.4379500457,59.8743374647,1320342,,,,,,,,,,,,,,,,,,,,,,,,59.86889307637707,59.0063927398093,53.02554216460086,49.58338114152465,47.56558649974485,44.731082256775025,,"rgba(239, 83, 80, 1.0)",0.0,0.0,3.228090705525558,53.9133474112178,1.82816507230747,0.0,0.0,0.0,0.0,0.0,0.0,0.0,0.0,47.18706199196023,3.67849186500505,False,True,False,True,False,4.875222319445829,0,0.9577723350572654,0.9301293326302071,False,False,False,False,0.08533378819664085,0.10413328502296698,False,False,False,False,44874943,39773884.38984594,False,False,False,False,1513960.5363707887,False,False,False,False
2024-10-07 00:00:00+00:00,59.1404131691,59.6462258593,58.5850109995,59.6462258593,930413,,,,,,,,,,,,,,,,,,,,,,,,59.85824387466457,59.00746560460633,53.0466336390241,49.60297202887352,47.58033032965618,44.74449922907126,,"rgba(239, 83, 80, 1.0)",0.0,0.0,3.1733715982243833,53.91215609264593,1.6475401366103706,0.0,0.0,0.0,0.0,0.0,0.0,0.0,0.0,44.35942023405488,0.9978322094301291,False,True,False,True,False,3.469915460554997,0,0.9413721011500925,0.939327903723461,False,False,False,False,0.02668864938611041,0.06541096720453869,False,False,False,False,43944530,39937439.1196559,False,False,False,False,1491076.3192582089,False,False,False,False
2024-10-08 00:00:00+00:00,59.1999205444,59.2395921279,58.2478025393,58.5155857283,1075884,,,,,,,,,,,,,,,,,,,,,,,,59.84259391553332,59.00629852869458,53.069932965319055,49.62498552980565,47.59699656515457,44.75973717671727,,"rgba(239, 83, 80, 1.0)",0.0,0.0,3.0948135426077816,54.43199633193344,1.5406176000021528,0.0,0.0,0.0,0.0,0.0,0.0,0.0,0.0,42.641301985439085,-0.6594389467208686,False,True,False,True,False,3.583045171142558,0,0.9395527756428138,0.9388988356593175,False,False,False,False,0.001847353874193949,0.03362916053936632,False,False,False,False,45020414,40136771.46790469,False,False,False,False,1474794.267522593,False,False,False,False
2024-10-09 00:00:00+00:00,59.0015626267,59.2197563362,58.2478025393,58.9222194596,1554857,,,,,,,,,,,,,,,,,,,,,,,,59.8191854690932,59.00357238529494,53.10286253332912,49.6563674335679,47.62084139927851,44.7815880109332,,"rgba(239, 83, 80, 1.0)",0.0,0.0,3.0191362772931565,54.93045566908806,1.348434314883573,0.0,0.0,0.0,0.0,0.0,0.0,0.0,0.0,41.11568760267334,-2.201754401928909,False,True,False,True,False,3.162570883980255,0,0.9347336415901125,0.9460118435325902,False,False,False,False,0.0011850866557443615,0.017407123597555342,False,False,False,False,43465557,40267312.07700647,False,False,False,False,1477933.9825217072,False,False,False,False
2024-10-10 00:00:00+00:00,60.4594933219,60.4942059575,59.1106594814,59.8148300893,2015431,,,,,,,,,,,,,,,,,,,,,,,,59.82503107947875,59.02282835587453,53.15381537256297,49.70200445095597,47.65488959281778,44.81221931522743,,"rgba(239, 83, 80, 1.0)",0.0,0.0,2.945196287456612,55.010318778916954,1.8501906192774666,0.0,0.0,0.0,0.0,0.0,0.0,0.0,0.0,44.03002013019579,-2.201754401928909,False,True,False,True,False,5.934198674535729,0,0.9389690508265156,0.9354643702933733,False,False,False,False,0.07267187441277523,0.04503949900516528,False,False,False,False,45480988,40471769.956339546,False,False,False,False,1499012.2969326205,False,False,False,False
2024-10-11 00:00:00+00:00,60.2115459248,61.4612008064,60.0231059029,60.9057986368,1858988,,,,,,,,,,,,,,,,,,,,,,,,59.84425169824389,59.04928149618691,53.20382153606202,49.745943818515805,47.68750333664205,44.841370330229246,,"rgba(239, 83, 80, 0.75)",0.0,0.0,2.8507796390619093,55.0744396173616,1.8020004903391413,0.0,0.0,0.0,0.0,0.0,0.0,0.0,0.0,45.401216283654065,-2.201754401928909,False,True,False,True,True,5.395910693545574,0,0.9628455522482197,0.9211204668053252,False,False,False,False,0.1361285641953385,0.09058403160025189,False,False,False,False,43622000,40595308.389424264,False,False,False,False,1513128.9911705568,False,False,False,False
2024-10-14 00:00:00+00:00,60.4099038425,60.4198217384,59.5768005881,59.93384484,942528,,,,,,,,,,,,,,,,,,,,,,,,59.84803613476383,59.05864509664692,53.22745311548622,49.76720650617736,47.703426255986074,44.85570619958985,,"rgba(239, 83, 80, 0.75)",0.0,0.0,2.7545023386187433,55.09018581744685,1.931280997830172,0.0,0.0,0.0,0.0,0.0,0.0,0.0,0.0,46.8232198752145,-2.201754401928909,False,True,False,True,True,5.771773824382649,0,0.9629856216723319,0.9364652661774854,False,False,False,False,0.08583413448334017,0.08820908304179603,False,False,False,False,44564528,40750964.06042723,False,False,False,False,1490752.481712888,False,False,False,False
2024-10-15 00:00:00+00:00,61.2529249928,61.2826786805,60.0131880071,60.1322027577,1281129,,,,,,,,,,,,,,,,,,,,,,,,59.86541804848924,59.07938685980988,53.26261091578483,49.79794951947776,47.72624366662849,44.87605780989398,,#000000,0.0,0.0,2.6382929694378796,55.12867093828363,2.3212941570401906,0.0,0.0,0.0,0.0,0.0,0.0,0.0,0.0,49.79744776228273,-6.7924315090476455,False,True,False,False,True,7.355892795271561,0,1.018173342930208,0.8885769156552171,False,False,False,False,0.12972519482236558,0.1089671389320808,False,False,False,False,45845657,40950755.94041048,False,False,False,False,1482531.9530182648,False,False,False,False
2024-10-16 00:00:00+00:00,62.2248787897,62.4232367074,61.0545670751,61.8579166419,1988216,,,,,,,,,,,,,,,,,,,,,,,,59.91880247643995,59.129203807035,53.32400759885798,49.84983060515178,47.76432234699001,44.90961159438437,,"rgba(38, 166, 154, 0.5)",0.0,0.0,2.508288867698001,55.216719395721896,2.794000118658538,0.0,0.0,0.0,0.0,0.0,0.0,0.0,0.0,53.739557524861965,-2.994601879944277,False,False,True,False,True,9.129178627595689,0,1.0253749913169508,0.8631904120325474,False,False,False,False,0.20466203550042308,0.15681458721625194,False,False,False,False,47833873,41220682.09961007,False,False,False,False,1502362.6999587251,False,False,False,False
2024-10-17 00:00:00+00:00,63.0579820441,63.4051084001,62.3141398526,62.7505272716,1471630,,,,,,,,,,,,,,,,,,,,,,,,59.976063426501064,59.178179439507836,53.37425614925082,49.89118763215762,47.794409549668075,44.93585511520657,,"rgba(38, 166, 154, 1.0)",0.0,0.0,2.402160391479405,55.296729732281484,3.2309467508281733,0.0,0.0,0.0,0.0,0.0,0.0,0.0,0.0,57.791308946953876,0.806369036637463,True,False,True,False,True,10.6056454892489,0,1.0570360781833021,0.8449979214099549,False,False,False,False,0.28409149353305796,0.22045304037465496,False,False,False,False,49305503,41537733.89962536,False,False,False,False,1501157.4960387752,False,False,False,False
2024-10-18 00:00:00+00:00,65.944089747,66.20195504,63.4447799837,63.7819884438,2068677,,,,,,,,,,,,,,,,,,,,,,,,60.11217612014845,59.285377898555836,53.46059391462721,49.95893609937409,47.842819940917316,44.97725784345372,,"rgba(38, 166, 154, 1.0)",0.0,0.0,2.43457382206972,55.46314053210032,4.305044735094313,0.0,0.0,0.0,0.0,0.0,0.0,0.0,0.0,63.878058236956875,6.405762198933601,True,False,True,False,True,15.333345790433537,0,1.0613207180993882,0.7981278233586866,False,False,False,False,0.34282824726398037,0.28164064381931764,False,False,False,False,51374180,41923476.88395378,False,False,False,False,1523413.1628607842,False,False,False,False
2024-10-21 00:00:00+00:00,66.3408055824,67.7293110065,66.1969960921,66.9953867109,2011183,,,,,,,,,,,,,,,,,,,,,,,,60.27640222661196,59.412530159781,53.55432054980776,50.03090824968255,47.89383164840642,45.020438583961855,,"rgba(38, 166, 154, 1.0)",0.0,0.0,2.505517035989011,55.644606359998875,4.269058668834385,0.0,0.0,0.0,0.0,0.0,0.0,0.0,0.0,68.27986176695175,10.309870791577566,True,False,True,False,True,15.941516307720224,0,1.0884181720117172,0.7855556202383609,False,False,False,False,0.34282824752901303,0.31223444567416536,False,False,False,False,53385363,42372962.61399481,False,False,False,False,1542541.3917682045,False,False,False,False
2024-10-22 00:00:00+00:00,67.9673405078,68.07286692,66.7573572096,67.1441551492,1632835,,,,,,,,,,,,,,,,,,,,,,,,60.420474615858375,59.52411918131539,53.63424889934344,50.09181290709817,47.936887990385266,45.05672593398421,,"rgba(38, 166, 154, 1.0)",1.0,66.00033,2.6354165027840235,56.70678368753589,4.272780719240618,0.0,0.0,0.0,0.0,0.0,0.0,0.0,0.0,72.45732229888057,14.014976766445685,True,False,True,False,True,18.356965835753815,0,1.067642699871669,0.7989239799255933,False,False,False,False,0.3428282476018027,0.327531346637984,False,False,False,False,55018198,42868854.19775972,False,False,False,False,1546082.317581216,False,False,False,False
2024-10-23 00:00:00+00:00,66.8763719603,67.4416920258,66.2515445194,66.8069466891,1324438,,,,,,,,,,,,,,,,,,,,,,,,60.52157154009074,59.60430102307664,53.69500347508697,50.13882260634538,47.97036033950179,45.08510719141785,,"rgba(38, 166, 154, 1.0)",0.0,0.0,2.707305121166421,56.78709435194634,3.7266865598092553,0.0,0.0,0.0,0.0,0.0,0.0,0.0,0.0,72.35509093828676,14.014976766445685,True,False,True,False,True,15.814850170459295,0,1.0400139490219482,0.8113472854536643,False,False,False,False,0.3045636193801574,0.3160474830090707,False,False,False,False,53693760,43293360.30765149,False,False,False,False,1537390.3835584235,False,False,False,False
2024-10-24 00:00:00+00:00,66.5689171878,67.2383751601,64.9225464707,67.1342372533,1658133,,,,,,,,,,,,,,,,,,,,,,,,60.63192182133952,59.69396387128933,53.76677514648555,50.19516080340082,48.0107442091735,45.11953723020661,,"rgba(38, 166, 154, 1.0)",0.0,0.0,2.7975917982443814,56.87012232655671,3.4668370372438644,0.0,0.0,0.0,0.0,0.0,0.0,0.0,0.0,71.51353204979151,14.014976766445685,True,False,True,False,True,15.109246438187995,0,1.021776759016897,0.8149150770822821,False,False,False,False,0.25430957189453457,0.2851785274518026,False,False,False,False,52035627,43636194.29558673,False,False,False,False,1542125.38812476,False,False,False,False
2024-10-25 00:00:00+00:00,65.5870454951,66.5391635001,65.5572918074,66.0234329141,1261257,,,,,,,,,,,,,,,,,,,,,,,,60.70800798928512,59.757014006562585,53.819309961094945,50.23682551239477,48.04075749171344,45.145220281438476,,"rgba(38, 166, 154, 1.0)",0.0,0.0,2.8622505872198434,56.92711490659798,3.025566883336225,0.0,0.0,0.0,0.0,0.0,0.0,0.0,0.0,68.58986709232306,14.014976766445685,True,False,True,False,True,12.884084330546113,0,1.0395368672503675,0.8201191478326362,False,False,False,False,0.23961507159622925,0.26239679952401596,False,False,False,False,50774370,43916122.75458333,False,False,False,False,1531110.941531632,False,False,False,False
2024-10-28 00:00:00+00:00,65.9044181634,66.0531866017,65.1010685967,65.2696728267,1369682,,,,,,,,,,,,,,,,,,,,,,,,60.784961997746514,59.8217730333534,53.87487269689557,50.281223660587656,48.0728581018064,45.17276012871973,,"rgba(38, 166, 154, 0.75)",0.0,0.0,2.932546546204868,56.984836628255366,3.0415822544020097,0.0,0.0,0.0,0.0,0.0,0.0,0.0,0.0,67.07334449727233,14.014976766445685,True,False,True,False,False,13.3859193663532,0,1.0143235915608846,0.8435920420230476,False,False,False,False,0.20527103159958,0.23383391556179797,False,False,False,False,52144052,44238786.64656045,False,False,False,False,1524780.3948049014,False,False,False,False
2024-10-29 00:00:00+00:00,67.2929235875,67.3127593793,66.0928581853,66.4201487495,1540394,,,,,,,,,,,,,,,,,,,,,,,,60.88944578843228,59.90765620753177,53.94309757474422,50.334760202630534,48.111297603374446,45.2054710229857,,"rgba(38, 166, 154, 0.75)",0.0,0.0,3.036116521950948,57.07930082094608,3.364041759500998,0.0,0.0,0.0,0.0,0.0,0.0,0.0,0.0,67.78317546283759,14.014976766445685,True,False,True,False,False,15.530795408927307,0,1.0170431609875537,0.8446112311279081,False,False,False,False,0.2882930464425698,0.2610634810021839,False,False,False,False,53684446,44609204.66042083,False,False,False,False,1525392.6930478467,False,False,False,False
2024-10-30 00:00:00+00:00,66.9953867109,67.3415212773,65.5176202239,67.1441551492,2070028,,,,,,,,,,,,,,,,,,,,,,,,61.018041695834,60.015324878381136,54.031695938362795,50.404950616787424,48.161937425089896,45.248706049675945,,"rgba(38, 166, 154, 0.75)",0.0,0.0,3.1275029221018804,57.189226096312154,3.1354600967079116,0.0,0.0,0.0,0.0,0.0,0.0,0.0,0.0,67.5013346005145,14.014976766445685,True,False,True,False,False,14.846895658411398,0,0.9843492161485797,0.8615709723247725,False,False,False,False,0.26782414850880504,0.2644438147554945,False,False,False,False,51614418,44883918.90903178,False,False,False,False,1546750.9403793039,False,False,False,False
2024-10-31 00:00:00+00:00,65.4680307444,66.3507234783,64.4123699063,66.0928581853,4929473,,,,,,,,,,,,,,,,,,,,,,,,61.24092219716557,60.21387421080143,54.21799967668518,50.557415404630085,48.27360120475451,45.34518481635092,,"rgba(38, 166, 154, 0.75)",0.0,0.0,3.179799997463653,57.35546518634677,2.551281704674559,0.0,0.0,0.0,0.0,0.0,0.0,0.0,0.0,63.83275253205207,21.243810385886604,True,False,True,False,False,11.42695392912264,0,0.961285454247754,0.8686744994252732,False,False,False,False,0.1911563068182875,0.227800060786891,False,False,False,False,46684945,44954547.38318739,False,False,False,False,1679406.707423253,False,False,False,False
2024-11-01 00:00:00+00:00,64.5952559065,65.8746644758,64.5754201147,65.854828684,1266217,,,,,,,,,,,,,,,,,,,,,,,,61.28948282186981,60.25883643264586,54.2632188253221,50.595050764842725,48.301394709127806,45.369332874213576,,"rgba(38, 166, 154, 0.75)",0.0,0.0,3.21360504599433,57.39113098626353,2.2417580309740335,0.0,0.0,0.0,0.0,0.0,0.0,0.0,0.0,59.70536553632385,17.134005324499626,True,False,True,False,False,9.550374119530876,0,0.9697694095813554,0.8732802078254674,False,False,False,False,0.1799158759010928,0.2038579683439919,False,False,False,False,45418728,44972750.54463103,False,False,False,False,1663203.1894850864,False,False,False,False
2024-11-04 00:00:00+00:00,64.3373906134,65.0118075337,63.9010031944,64.7440243448,1167776,,,,,,,,,,,,,,,,,,,,,,,,61.32615624127193,60.294439288208764,54.302285666595694,50.62815380443042,48.32603098401992,45.390874333084994,,"rgba(38, 166, 154, 0.5)",0.0,0.0,3.2388675108005005,57.41606749418819,2.1369577780293882,0.0,0.0,0.0,0.0,0.0,0.0,0.0,0.0,56.470076402739494,13.9741821901127,False,False,True,False,False,9.000498711405324,0,0.9580109410760136,0.8999437931315032,False,False,False,False,0.12530430426729353,0.1645811363056427,False,False,False,False,44250952,44944444.71935138,False,False,False,False,1643774.672250377,False,False,False,False
2024-11-05 00:00:00+00:00,65.0316433255,65.160575972,64.2282937587,64.7440243448,1037279,,,,,,,,,,,,,,,,,,,,,,,,61.36203922346047,60.32850079611947,54.33806429802028,50.65825307570213,48.3483801214379,45.410359239198996,,"rgba(38, 166, 154, 0.5)",0.0,0.0,3.273656679495367,57.44274050732065,2.318173089350706,0.0,0.0,0.0,0.0,0.0,0.0,0.0,0.0,55.59801865169155,13.018755479223273,False,False,True,False,False,10.159001475165429,0,0.9545621339667615,0.8975992115308388,False,False,False,False,0.1421221204497103,0.1533516283776765,False,False,False,False,45288231,44957926.53427877,False,False,False,False,1619990.5282405585,False,False,False,False
2024-11-06 00:00:00+00:00,62.2347966856,62.8298704387,60.6876049273,61.9075061213,2936966,,,,,,,,,,,,,,,,,,,,61.917424017200005,,,,61.37779087865436,60.36174978372025,54.41046017702087,50.72552397250063,48.4002805039047,45.45713062943215,,#000000,0.0,0.0,3.27567643841992,57.43222991486634,1.4661297783886935,0.0,0.0,0.0,0.0,0.0,0.0,0.0,0.0,50.44579272478768,8.031855023351156,False,True,False,False,False,4.427698202241757,0,0.9242267511327803,0.9027767024583958,False,False,False,False,-0.0626594220015753,0.045346103188050595,False,False,False,False,42351265,44855704.51332666,False,False,False,False,1671636.6251723012,False,False,False,False
2024-11-07 00:00:00+00:00,63.8811674027,64.029935841,62.4926619786,63.1373252112,2269220,,,,,,,,,,,,,,,,,,,,62.59323937306166,,,,61.42261061285382,60.411170976976756,54.47681494972619,50.7840770067448,48.44467843118352,45.49647396457602,,#000000,0.0,0.0,3.2902092178589326,57.463858868998486,1.95042567471667,0.0,0.0,0.0,0.0,0.0,0.0,0.0,0.0,49.835073291934634,7.376114278714475,False,True,False,False,False,7.169771219562506,0,0.9558179548288951,0.8838643384022172,False,False,False,False,0.041731093629000925,0.04353859840852576,False,False,False,False,44620485,44846480.2186864,False,False,False,False,1695071.267322407,False,False,False,False
2024-11-08 00:00:00+00:00,64.287801134,65.5572918074,62.978638877,63.6927273808,2440415,,,,,,,,,,,,,,,,,,,,63.129838867476224,,,,61.48689798739298,60.47616551442902,54.553404830997636,50.8504165494775,48.49468287488188,45.54048464968996,,#000000,0.0,0.0,3.298026727801201,57.51693573014897,2.053005012595874,0.0,0.0,0.0,0.0,0.0,0.0,0.0,0.0,50.0622081664677,7.376114278714475,False,True,False,False,False,7.827558631915089,0,0.9588742266594342,0.8701486077081543,False,False,False,False,0.11204048868779766,0.07778954354816171,False,False,False,False,47060900,44933320.21011046,False,False,False,False,1724300.433309764,False,False,False,False
2024-11-11 00:00:00+00:00,60.4694112178,62.9240904496,59.7850764017,61.9868492884,2406320,,,,,,,,,,,,,,,,,,,61.059526023033335,62.63427790526038,,,,61.477605545860236,60.48568444547546,54.60316956547047,50.899679595006425,48.53369742649387,45.57626614645379,,"rgba(239, 83, 80, 1.0)",0.0,0.0,3.276467053351799,57.50087780898575,0.9060165600558892,0.0,0.0,0.0,0.0,0.0,0.0,0.0,0.0,45.554840169258966,2.892338037758087,False,True,False,True,False,0.7855065687248661,0,0.9095325712195932,0.8890493797981289,False,False,False,False,-0.09087699845194054,-0.006543727451889414,False,False,False,False,44654580,44922389.22147868,False,False,False,False,1751046.2986701652,False,False,False,False
2024-11-12 00:00:00+00:00,59.1999205444,60.3900680507,58.9916447308,59.6958153387,1655367,,,,,,,,,,,,,,,,,,,60.435021096162906,62.194987733893555,,,,61.44886207369061,60.475044871403945,54.62894363237669,50.92822404010153,48.55713001677601,45.598358900382095,,"rgba(239, 83, 80, 1.0)",0.0,0.0,3.264841269340688,57.47093693155249,0.5295766226321534,0.0,0.0,0.0,0.0,0.0,0.0,0.0,0.0,41.43076662307442,-1.0791965869653524,False,True,False,True,False,0.0,0,0.9312944508181722,0.9155083194138005,False,False,False,False,-0.2090924948389394,-0.10781811114541441,False,False,False,False,42999213,44846970.546126574,False,False,False,False,1747294.169310551,False,False,False,False
2024-11-13 00:00:00+00:00,58.5552573118,59.8247479852,58.5552573118,59.5966363798,1342519,,,,,,,,,,,,,,,,,,,60.07317081148371,61.86410381766642,,,,61.41968394008659,60.46169150539174,54.647329525616456,50.94976692876134,48.57511381173414,45.61552110550163,,"rgba(239, 83, 80, 1.0)",0.0,0.0,3.261581223896888,57.442725961374286,0.34110183805156824,0.0,0.0,0.0,0.0,0.0,0.0,0.0,0.0,38.14138620841785,-4.196588737995889,False,True,False,True,False,0.0,0,0.9252132409050516,0.911342718247222,False,False,False,False,-0.24568600812715177,-0.1767520596362831,False,False,False,False,41656694,44721861.66196475,False,False,False,False,1731420.633259157,False,False,False,False
2024-11-14 00:00:00+00:00,58.8428762925,59.586718484,57.8014972245,57.8213330162,1947532,,,,,,,,,,,,,,,,,,,59.72098305109291,61.45891951821853,,,,61.37460713705865,60.439739267792966,54.67229591598459,50.979906386345704,48.60050591107242,45.63990349007145,,"rgba(239, 83, 80, 1.0)",0.0,0.0,3.2638940471878946,57.8207329133607,0.3131668382495318,0.0,0.0,0.0,0.0,0.0,0.0,0.0,0.0,36.48225460896407,-5.81085710591006,False,True,False,True,False,0.0,0,0.9094926610254594,0.9214062007318504,False,False,False,False,-0.2825640321377773,-0.2296580458870302,False,False,False,False,43604226,44678032.812475935,False,False,False,False,1739895.5888176216,False,False,False,False
2024-11-15 00:00:00+00:00,58.188295164,59.3486889827,57.9155530271,58.8527941884,1372451,,,,,,,,,,,,,,,,,,,59.52641449266119,61.209531094113224,,,,61.34069786203954,60.4222871813289,54.68859815703702,51.00030111118697,48.617868128546334,45.65669251957071,,"rgba(239, 83, 80, 1.0)",0.0,0.0,3.2596684697530973,57.784946686468366,0.12373911067164087,0.0,0.0,0.0,0.0,0.0,0.0,0.0,0.0,34.764438686415936,-7.568446909819059,False,True,False,True,False,0.0,0,0.9365148128137202,0.9129995644008224,False,False,False,False,-0.2872249361555949,-0.25844149102131253,False,False,False,False,42231775,44582101.13355531,False,False,False,False,1725485.9970992836,False,False,False,False
2024-11-18 00:00:00+00:00,60.3999859466,60.4594933219,59.4280321498,59.5073753169,1820966,,,,,,,,,,,,,,,,,,,59.62474394153151,61.098052090883535,,,,61.321618046203746,60.41846698491031,54.71910736486406,51.03298090622693,48.64455795861954,45.68169078608799,,"rgba(239, 83, 80, 1.0)",0.0,0.0,3.227798056915028,57.795619467338824,0.8068554579124755,0.0,0.0,0.0,0.0,0.0,0.0,0.0,0.0,37.52396876549881,-7.568446909819059,False,True,False,True,False,0.8140980303099532,0,0.9368701712164265,0.8771495883053236,False,False,False,False,-0.20915677737826927,-0.2337991341997909,False,False,False,False,44052741,44561341.91263157,False,False,False,False,1729230.3109385273,False,False,False,False
2024-11-19 00:00:00+00:00,62.0761103514,62.1157819349,60.5456798372,61.2628428887,1714693,,,,,,,,,,,,,,,,,,,59.89809775383411,61.13949619869571,,,,61.325282545263505,60.431117928589856,54.75536237223466,51.06854118184842,48.67281778624216,45.70756542912824,,"rgba(239, 83, 80, 0.75)",0.0,0.0,3.164342248724095,57.83223562798344,1.3411554091937266,0.0,0.0,0.0,0.0,0.0,0.0,0.0,0.0,41.72737066940651,-7.568446909819059,False,True,False,True,True,3.501504684480036,0,0.9490111683131479,0.866103327989267,False,False,False,False,-0.11258362073731361,-0.17319137746855226,False,False,False,False,45767434,44608639.641547985,False,False,False,False,1728660.220313487,False,False,False,False
2024-11-20 00:00:00+00:00,62.4430724992,62.6215946251,61.8131869314,61.9967671843,1171021,,,,,,,,,,,,,,,,,,,60.10687303970187,61.20356128177385,,,,61.33459085827428,60.44487147724419,54.78246837665311,51.09432805766493,48.69310941604931,45.72597985703112,,"rgba(239, 83, 80, 0.75)",0.0,0.0,3.0689219990795995,57.86145405849087,1.492908077195576,0.0,0.0,0.0,0.0,0.0,0.0,0.0,0.0,45.013508785398855,-12.921164982894517,False,True,False,True,True,4.075485428217423,0,0.961423237312423,0.859662877766577,False,False,False,False,-0.06065832041340209,-0.11692484894097718,False,False,False,False,46938455,44700004.94972258,False,False,False,False,1706792.015595311,False,False,False,False
2024-11-21 00:00:00+00:00,63.1125304715,63.1522989217,62.4845866428,63.1025883589,1093657,,,,,,,,,,,,,,,,,,,60.31842814196453,61.288055715028726,,,,61.34868045747118,60.46180939302833,54.809696446903494,51.119640260201564,48.71287278854178,45.743787073315595,,#000000,0.0,0.0,2.9143655398316266,57.89317750108857,1.790905395729106,0.0,0.0,0.0,0.0,0.0,0.0,0.0,0.0,48.09497793100654,-9.97883898862382,False,True,False,False,True,5.119798092456367,0,0.9549017235165935,0.8708513681135879,False,False,False,False,-0.01541905696761797,-0.06617195295429758,False,False,False,False,48032112,44830675.81443934,False,False,False,False,1682747.505179809,False,False,False,False
2024-11-22 00:00:00+00:00,63.4406201857,63.699115112,62.8938039954,63.2716042723,5675630,,,,,,,,,,,,,,,,,,,61.1686660588064,61.70719576838612,,,,61.43685792082455,60.56080993016709,54.95543012590083,51.253982318851484,48.81762526436649,45.83789860250344,,#000000,0.0,0.0,2.785471652249907,58.04127979827924,1.938393586974598,0.0,0.0,0.0,0.0,0.0,0.0,0.0,0.0,50.58985370007446,-7.564224029861407,False,True,False,False,True,5.630591619405482,0,0.9447945900598262,0.8817629350883582,False,False,False,False,0.020505724671920446,-0.022833114141188566,False,False,False,False,53707742,45178796.05701035,False,False,False,False,1839331.1324276596,False,False,False,False
2024-11-25 00:00:00+00:00,60.5872338836,62.2873351298,60.4778706456,61.641097814,4109464,,,,,,,,,,,,,,,,,,61.11747988633333,61.160013199030075,61.63136026244429,,,,61.42695793804875,60.57431631999892,55.030683437464674,51.33184471662903,48.881055585841786,45.89682591908931,,#000000,0.0,0.0,2.6891465102091123,58.042093139877366,0.9464492671039777,0.0,0.0,0.0,0.0,0.0,0.0,0.0,0.0,48.24098708958269,-7.564224029861407,False,True,False,False,True,0.7188328837809763,0,0.9235649141440513,0.8830705806583201,False,False,False,False,-0.12394519503207824,-0.0733891545866334,False,False,False,False,49598278,45352109.0743825,False,False,False,False,1928355.95076383,False,False,False,False
2024-11-26 00:00:00+00:00,61.7106926018,61.7477766817,60.4182179703,60.9053814852,1664151,,,,,,,,,,,,,,,,,,61.167848512063415,61.16848432931713,61.61457384828026,,,,61.42528769402843,60.581301449213555,55.06149736218343,51.363583799781,48.90692051631201,45.92083226700151,,#000000,0.0,0.0,2.624511958600528,58.046358272095645,1.3961964690983122,0.0,0.0,0.0,0.0,0.0,0.0,0.0,0.0,48.28879621483999,-7.564224029861407,False,True,False,False,True,2.493371131137586,0,0.923594813555686,0.8866271043367642,False,False,False,False,-0.14687542134142617,-0.1101322879640298,False,False,False,False,51262429,45583886.326367505,False,False,False,False,1917994.9723025034,False,False,False,False
2024-11-27 00:00:00+00:00,61.3826028877,62.4066404804,61.0396000047,62.1978561168,900782,,,,,,,,,,,,,,,,,,61.22746960022349,61.18327014098122,61.61444443980638,,,,61.4265163495519,60.5866887821732,55.07889352889803,51.381225988441656,48.92123354841232,45.93406302803663,,#000000,0.0,0.0,2.5812214550092705,58.05131573674886,1.2905855654059626,0.0,0.0,0.0,0.0,0.0,0.0,0.0,0.0,47.888309768426765,-7.564224029861407,False,True,False,False,True,1.9455991027182087,0,0.9309024237525183,0.8975024471594047,False,False,False,False,-0.09803901549763974,-0.10408565173083477,False,False,False,False,50361647,45771249.49003936,False,False,False,False,1878104.267506327,False,False,False,False
2024-11-29 00:00:00+00:00,61.9691875282,62.2873351298,61.5814451387,61.7802873897,356729,,,,,,,,,,,,,,,,,,61.26392418825082,61.1932617392686,61.617835461392986,,,,61.42788401052424,60.58950316099667,55.08611078744502,51.38842510586797,48.92704293616407,45.93940883005232,,#000000,0.0,0.0,2.522758662569399,58.05431182271148,1.5518233129368253,0.0,0.0,0.0,0.0,0.0,0.0,0.0,0.0,48.5046344491261,-7.564224029861407,False,True,False,False,True,2.8756975504453592,0,0.933711045830489,0.8835945055186176,False,False,False,False,-0.08203370778164164,-0.0930596797562382,False,False,False,False,50718376,45965254.45121429,False,False,False,False,1818442.4923100004,False,False,False,False
2024-12-02 00:00:00+00:00,61.1241079614,61.6510399265,60.8159024723,61.442255563,985005,,,,,,,,,,,,,,,,,,61.25570275012415,61.1933928245715,61.60627731530522,,,,61.42621779153208,60.5929565646143,55.103793393876586,51.406845960509216,48.942135738932684,45.95346139436452,,#000000,0.0,0.0,2.46593571445844,58.056379646114294,1.2440422908426991,0.0,0.0,0.0,0.0,0.0,0.0,0.0,0.0,47.69644646795221,-7.564224029861407,False,True,False,False,True,1.4449203633877055,0,0.9108823879236672,0.8878073804586375,False,False,False,False,-0.13534125906061903,-0.11420046940842862,False,False,False,False,49733371,46113023.72763726,False,False,False,False,1785758.6690821573,False,False,False,False
2024-12-03 00:00:00+00:00,62.7347301946,63.2318358221,61.641097814,62.1680297792,1240141,,,,,,,,,,,,,,,,,,61.42721998146535,61.24991302584525,61.63734885542511,,,,61.43621014726968,60.60676308646017,55.13077111265191,51.43309829097622,48.96315542284189,45.97266781935354,,#000000,0.0,0.0,2.436008522744102,58.0727806265394,1.9137657050596157,0.0,0.0,0.0,0.0,0.0,0.0,0.0,0.0,49.55826113880605,-6.970942851633133,False,True,False,False,True,3.982419722271942,0,0.9156253153181756,0.865485438939959,False,False,False,False,-0.04415017562193058,-0.0791753225151796,False,False,False,False,50973512,46303631.11086717,False,False,False,False,1764361.897745602,False,False,False,False
2024-12-04 00:00:00+00:00,62.5955406188,63.3113727225,62.3668720302,62.3867562553,753564,,,,,,,,,,,,,,,,,,61.52739884571281,61.28752926025168,61.65965483649971,,,,61.44340284997386,60.61601173933397,55.14755717835713,51.44930776028021,48.97610461284455,45.98447293023454,,#000000,0.0,0.0,2.4259926022282015,58.08392621440039,1.85969833554143,0.0,0.0,0.0,0.0,0.0,0.0,0.0,0.0,50.576792807456044,-5.636063427851852,False,False,False,False,True,3.7428723178543777,0,0.9238434936317224,0.8714724648977868,False,False,False,False,-0.013864750369969318,-0.04652003644257446,False,False,False,False,50219948,46457212.16534297,False,False,False,False,1724722.7645006767,False,False,False,False
2024-12-05 00:00:00+00:00,62.5657142812,63.2815463848,61.6609820391,62.6353090691,1467714,,,,,,,,,,,,,,,,,,61.65212345811887,61.343833619029326,61.69112186288263,,,,61.45451333039679,60.63167980889748,55.178950970701166,51.48003664587558,49.000790348017816,46.00706902878064,,#000000,0.0,0.0,2.424936729280706,58.102265098422365,1.840645625464052,0.0,0.0,0.0,0.0,0.0,0.0,0.0,0.0,51.20413631787471,-4.668733262368349,False,False,False,False,True,3.6906866180328954,0,0.9078372986580362,0.8792113289526494,False,False,False,False,-0.04153051355751798,-0.044025275000046216,False,False,False,False,48752234,46547213.02160403,False,False,False,False,1714643.9894222186,False,False,False,False
2024-12-06 00:00:00+00:00,60.9749762731,62.8341513201,60.8357866974,62.8341513201,1062204,,,,,,,,,,,,,,,,,,61.64332929575623,61.3504674206365,61.68736563610194,,,,61.45521987762873,60.63715576918849,55.198565246053775,51.50025276228128,49.01734069180284,46.02243963803886,,#000000,0.0,0.0,2.426612719946273,58.1074723627901,1.1816899692067009,0.0,0.0,0.0,0.0,0.0,0.0,0.0,0.0,49.04507703750336,-4.668733262368349,False,True,False,False,True,0.9513316938041356,0,0.8913616810281033,0.8898742761856147,False,False,False,False,-0.0895598970726714,-0.0667925860363588,False,False,False,False,47690030,46592029.37369799,False,False,False,False,1689058.1074840925,False,False,False,False
2024-12-09 00:00:00+00:00,61.8200558399,63.9277837006,61.750461052,62.5358879435,1995723,,,,,,,,,,,,,,,,,,61.760872525492736,61.416480845304484,61.72560483262652,,,,61.46979311168274,60.65782659773995,55.24056417400863,51.54159179503849,49.05066982424783,46.05300077996819,62.49943353083333,#000000,0.0,0.0,2.4209043678368496,58.69329277972539,1.291568184896319,0.0,0.0,0.0,0.0,0.0,0.0,0.0,0.0,49.066762019676005,-4.668733262368349,False,False,False,False,True,2.3228317668727136,0,0.9090219107249737,0.8616260130305943,False,False,False,False,-0.013864750373727851,-0.04032866820504333,False,False,False,False,49685753,46713351.86884709,False,False,False,False,1701084.1817004026,False,False,False,False
2024-12-10 00:00:00+00:00,61.4223713379,62.7347301946,61.1837606367,62.2972772423,1245659,,,,,,,,,,,,,,,,,,61.76240500708183,61.429075693102796,61.72716612323029,,,,61.472474454520096,60.66554958052925,55.263961455392106,51.56555395245042,49.07028134900192,46.07118697401113,62.223066579028064,#000000,0.0,0.0,2.421321352813344,58.68651061431284,1.1299040172459376,0.0,0.0,0.0,0.0,0.0,0.0,0.0,0.0,48.43573171890951,-4.668733262368349,False,True,False,False,False,1.6411905938468827,0,0.9253590211569185,0.8540132404946156,False,False,False,False,-0.0801536414359164,-0.06024115482047986,False,False,False,False,48440094,46781067.246539354,False,False,False,False,1683224.370653328,False,False,False,False
2024-12-11 00:00:00+00:00,63.6792308869,63.6941440557,61.551618801,61.7007504893,1319373,,,,,,,,,,,,,,,,,,61.85596142356528,61.48375697127989,61.763794726491426,,,,61.48609310581972,60.682258066120404,55.29307161513052,51.59376628340878,49.092933970411025,46.09186501921748,62.44059150679103,#000000,0.0,0.0,2.429651427827341,58.716114409863984,2.042727783990878,0.0,0.0,0.0,0.0,0.0,0.0,0.0,0.0,51.49325448007176,-3.4432492247584463,False,False,False,False,True,5.2042013685264585,0,0.9288349343032373,0.8372307618700592,False,False,False,False,-0.0301224478347467,-0.04518180132761328,False,False,False,False,49759467,46897867.236871146,False,False,False,False,1668955.6894512367,False,False,False,False
2024-12-12 00:00:00+00:00,61.0445710609,62.6353090691,60.9600631043,62.6054827314,1872589,,,,,,,,,,,,,,,,,,61.82543307271463,61.48676332277248,61.755109798924664,,,,61.48686220765775,60.691043768905075,55.326400009335345,51.62857409302615,49.12166340320643,46.118651105589926,62.180386354480596,#000000,0.0,0.0,2.4319266688479804,58.71046409162257,0.9597768712257718,0.0,0.0,0.0,0.0,0.0,0.0,0.0,0.0,49.64629110870466,-3.4432492247584463,False,False,False,False,True,0.8175936459656086,1,0.9081712027008507,0.8418061993232036,False,False,False,False,-0.09238478338578897,-0.06878329235670112,False,False,False,False,47886878,46936651.97268012,False,False,False,False,1676941.309472757,False,False,False,False
2024-12-13 00:00:00+00:00,60.2094336067,61.0495421172,59.8018069921,60.4182179703,1418596,,,,,,,,,,,,,,,,,,61.72304115360163,61.447161552219136,61.71389403999162,,,,61.47606213636349,60.68846530637526,55.34661520661307,51.65162889920132,49.14125818991349,46.13731698727779,61.8503430800382,#000000,0.0,0.0,2.4371534173991756,58.68813613456242,0.6242107949695861,0.0,0.0,0.0,0.0,0.0,0.0,0.0,0.0,47.405570313488425,-3.4432492247584463,False,True,False,False,False,0.0,1,0.9083973164865766,0.8558755106866781,False,False,False,False,-0.1977614017537954,-0.13327234705524826,False,False,False,False,46468282,46918284.522771105,False,False,False,False,1666810.120865982,False,False,False,False
2024-12-16 00:00:00+00:00,59.672559529,60.6866550091,59.6029647411,60.2989126197,1506307,,,,,,,,,,,,,,,,,,61.60365040085117,61.39492982510575,61.66161435130845,,,,61.4611488184107,60.68282295542027,55.36634613246173,51.674951576494664,49.16131270341655,46.156574288662355,61.550481940871315,"rgba(239, 83, 80, 1.0)",0.0,0.0,2.4495399268600395,58.663833843112094,0.41180209998901524,0.0,0.0,0.0,0.0,0.0,0.0,0.0,0.0,45.274684722956344,0.22456489021249126,False,True,False,True,False,0.0,1,0.9051913534435528,0.8584949109256871,False,False,False,False,-0.21980125772687786,-0.17653680239106306,False,False,False,False,44961975,46841566.50227028,False,False,False,False,1660515.880832022,False,False,False,False
2024-12-17 00:00:00+00:00,59.4140646026,59.7322122043,58.7181167241,59.0561485508,1253938,,,,,,,,,,,,,,,,,,61.478238980904116,61.33399171166028,61.60325598181944,,,,61.44317686964202,60.67354102770206,55.38017761221834,51.69264253120874,49.17687611362567,46.17175596291444,61.28316210125796,"rgba(239, 83, 80, 1.0)",0.0,0.0,2.4655773094823217,58.637450586950116,0.31498262604182675,0.0,0.0,0.0,0.0,0.0,0.0,0.0,0.0,43.539133093976616,-1.468042908915848,False,True,False,True,False,0.0,1,0.9065736333323758,0.8608131405629866,False,False,False,False,-0.2935899069354347,-0.23506335466324887,False,False,False,False,43708037,46718682.992377326,False,False,False,False,1644571.6502111584,False,False,False,False
2024-12-18 00:00:00+00:00,56.8887680148,59.4538330528,56.729694214,59.0859748885,1858617,,,,,,,,,,,,,,,,,,61.196779290303716,61.184218292328076,61.465681412399036,,,,61.39773410792361,60.644404934333025,55.392193524013926,51.71323086065312,49.19622631033286,46.19146152511025,60.747760276364374,"rgba(239, 83, 80, 1.0)",0.0,0.0,2.5140517095711528,58.57332600740684,-0.6700570183952951,0.0,0.0,0.0,0.0,0.0,0.0,0.0,0.0,39.731645921447296,-5.0671069351461355,False,True,False,True,False,0.0,0,0.8892205709087684,0.862128172457174,False,False,False,False,-0.34282825441539394,-0.2889458045393214,False,False,False,False,41849420,46527731.50248018,False,False,False,False,1652965.5854969954,False,False,False,False
2024-12-19 00:00:00+00:00,56.5706204132,57.9426319451,56.3817202747,57.1572050536,1373113,,,,,,,,,,,,,,,,,,60.97653988074164,61.05985160468428,61.35172404311306,,,,61.35842665679245,60.61804265898509,55.39821299218399,51.72651480695758,49.20924889314718,46.20506029266813,60.37256512113885,"rgba(239, 83, 80, 1.0)",0.0,0.0,2.5692178777054187,58.521931356695106,-0.759496094289144,0.0,0.0,0.0,0.0,0.0,0.0,0.0,0.0,36.906785134967194,-7.6563034473620775,False,True,False,True,False,0.0,0,0.8859488551146185,0.880325738188609,False,False,False,False,-0.34282825441539394,-0.3158870294773577,False,False,False,False,40476307,46290420.73767704,False,False,False,False,1641990.9743010348,False,False,False,False
2024-12-20 00:00:00+00:00,56.7794047767,57.7636739192,56.6700415387,57.0677260407,3370366,,,,,,,,,,,,,,,,,,60.534147319615286,60.790729945817446,61.101250548024865,,,,61.2670964567562,60.55674198371147,55.413781479591144,51.75949203437356,49.241463602999715,46.23862151502209,59.72616299996576,"rgba(239, 83, 80, 1.0)",0.0,0.0,2.619804717394626,58.416671994949084,-0.6249577334440921,0.0,0.0,0.0,0.0,0.0,0.0,0.0,0.0,35.45788251930529,-8.97183374952624,False,True,False,True,False,0.0,0,0.8789928460056424,0.8968989496137333,False,False,False,False,-0.33888325349189624,-0.32738514148462694,False,False,False,False,43846673,46194587.49306225,False,False,False,False,1709770.3870735432,False,False,False,False
2024-12-23 00:00:00+00:00,56.9782470277,57.1968740827,55.9890068289,56.4711992877,1395341,,,,,,,,,,,,,,,,,,60.36335365189893,60.68015179230393,60.99766039305746,,,,61.2273576814121,60.52949505444027,55.41880029963446,51.7721349401201,49.25413126288537,46.25200880280325,59.50086543478407,"rgba(239, 83, 80, 1.0)",0.0,0.0,2.6320995998231056,58.3741021072271,-0.5303200075031025,0.0,0.0,0.0,0.0,0.0,0.0,0.0,0.0,34.92965154519979,-9.518155917281973,False,True,False,True,False,0.0,0,0.8601151300706622,0.9144809742116838,False,False,False,False,-0.34282825441539394,-0.33510669795001047,False,False,False,False,45242014,46157231.66980491,False,False,False,False,1697439.8228745807,False,False,False,False
2024-12-24 00:00:00+00:00,57.037899703,57.2665682917,56.5803636835,57.0180154779,372755,,,,,,,,,,,,,,,,,,60.32312741381737,60.65335280645725,60.972319548611374,,,,61.2174188133162,60.52273669588527,55.420380598046414,51.77566491309733,49.257616713498635,46.25566126298586,59.451002345926774,"rgba(239, 83, 80, 1.0)",0.0,0.0,2.654546942601673,58.36396788118377,-0.49954595147754755,0.0,0.0,0.0,0.0,0.0,0.0,0.0,0.0,34.71822328560586,-9.878756054653465,False,True,False,True,False,0.0,0,0.8719631418622655,0.9013643445416162,False,False,False,False,-0.32037128367927237,-0.3277389908146414,False,False,False,False,45614769,46135958.62393021,False,False,False,False,1645491.3984481266,False,False,False,False
2024-12-26 00:00:00+00:00,57.0677260407,57.514723421,56.5805625257,57.037899703,501978,,,,,,,,,,,,,,,,,,60.27188911990793,60.618759182377026,60.93946983371717,,,,61.204397421353676,60.5139117038825,55.4226313606657,51.78049590354057,49.26236192250493,46.26061855467061,59.389256749944764,"rgba(239, 83, 80, 1.0)",0.0,0.0,2.6898186282781777,58.3509809407377,-0.47707859799422303,0.0,0.0,0.0,0.0,0.0,0.0,0.0,0.0,34.65390701756441,-10.191388122696452,False,True,False,True,False,0.0,0,0.8663524274140048,0.9081754103911371,False,False,False,False,-0.3120154908383359,-0.31987724082648866,False,False,False,False,46116747,46135205.22691334,False,False,False,False,1600647.7357638862,False,False,False,False
2024-12-27 00:00:00+00:00,56.729694214,56.9235654087,56.1729359111,56.2922412617,626603,,,,,,,,,,,,,,,,,,60.20158911119206,60.57121606236747,60.894614181719646,,,,61.186524054794,60.5015477642536,55.4246673349674,51.786005399659146,49.26793883895042,46.26654499785614,59.30262312228448,"rgba(239, 83, 80, 1.0)",0.0,0.0,2.7305061433791242,58.33280269400355,-0.5871103728847977,0.0,0.0,0.0,0.0,0.0,0.0,0.0,0.0,34.12999031602821,-10.987272872987347,False,True,False,True,False,0.0,0,0.8468459441728933,0.9263576242087049,False,False,False,False,-0.34282825441539394,-0.3313527476209413,False,False,False,False,45490144,46109908.70821086,False,False,False,False,1562449.902988832,False,False,False,False
2024-12-30 00:00:00+00:00,55.755367184,56.2226464739,55.1449214734,56.1232253484,1050915,,,,,,,,,,,,,,,,,,60.06145483133612,60.47639174575789,60.80604867735787,,,55.70764504376666,61.151018102522364,60.47622680296669,55.4254796596763,51.79349633140415,49.276127444061565,46.27560469587008,59.12409372711301,"rgba(239, 83, 80, 1.0)",0.0,0.0,2.8144886631473964,58.491246452613176,-0.9720697419877635,1.0,56.222645,55.14492,0.0,0.0,0.0,0.0,0.0,32.490300465620855,-12.814820181134415,False,True,False,True,False,0.0,0,0.8158653762046292,0.9415324933307954,True,False,False,False,-0.34282825441539394,-0.3370905010181676,False,False,False,False,44439229,46044391.85690848,False,False,False,False,1542389.71071476,False,False,False,False
2024-12-31 00:00:00+00:00,55.9144409848,56.1828780237,55.501843314,55.6559460585,969143,,,,,,,,,,,,,,,,,,59.94419120563545,60.39496878230931,60.729474341496044,,,55.78380329413392,61.11962338107799,60.45388147377677,55.426643778466094,51.80065820877174,49.28384638508581,46.28408441163048,58.981434969674844,"rgba(239, 83, 80, 1.0)",0.0,0.0,2.890791188080325,58.46292380345235,-0.8815866151663155,0.0,0.0,0.0,0.0,0.0,0.0,0.0,0.0,31.882859308158682,-13.63251112538412,False,True,False,True,False,0.0,0,0.8057228247292502,0.9777380681519418,False,False,False,False,-0.3328491493276389,-0.3349698251729033,False,False,False,False,45408372,46019449.9017356,False,False,False,False,1519909.4475494754,False,False,False,False
2025-01-02 00:00:00+00:00,57.7338475816,57.9724582828,56.8191732269,56.9185943524,2114942,,,,,,,,,,,,,,,,,,59.8041542160005,60.287841717058264,60.624075479880815,,,56.66593600520249,61.07340640007474,60.4230507146031,55.438570312871384,51.82247760421684,49.3048152232673,46.30569985551467,58.85295224398244,"rgba(239, 83, 80, 0.75)",0.0,0.0,2.9243667559468136,58.46742916948028,-0.25085143181460184,0.0,0.0,0.0,0.0,0.0,0.0,0.0,0.0,36.23162610458907,-13.63251112538412,False,True,False,True,True,0.0,0,0.7812599881872964,0.9821238728905735,False,False,False,False,-0.2380803606591993,-0.2865250929160513,False,False,False,False,47523314,46078424.96441263,False,False,False,False,1543244.057449496,False,False,False,False
2025-01-03 00:00:00+00:00,57.2069156164,57.9217535088,57.1572050536,57.8531529322,1180286,,,,,,,,,,,,,,,,,,59.73030381440378,60.22982354750224,60.56676826354896,,,56.83529487315992,61.04755834806271,60.40566011995732,55.44491240390565,51.834411963013075,49.31635741187521,46.317640891291326,58.786834974417395,"rgba(239, 83, 80, 0.75)",0.0,0.0,2.9661846868148887,58.454250685789034,-0.42051834295201246,0.0,0.0,0.0,0.0,0.0,0.0,0.0,0.0,38.20975958356871,-16.46817038452899,False,True,False,True,True,0.0,0,0.7810480859248029,0.991781201913846,False,False,False,False,-0.2239529384960195,-0.2552390157060354,False,False,False,False,46343028,46088801.55404351,False,False,False,False,1529010.408137751,False,False,False,False
2025-01-06 00:00:00+00:00,56.1132832358,57.813384482,56.0635726731,57.6046001184,978717,,,,,,,,,,,,,,,,,,59.653230000320534,60.170807336645105,60.509571145633835,,,56.80856732671807,61.021927403242486,60.38772448864804,55.448123972032235,51.842921302622386,49.32500311472496,46.32684261856992,58.7081289793292,"rgba(239, 83, 80, 0.75)",0.0,0.0,3.0289689133953286,58.43000716667581,-0.7648556314428706,0.0,0.0,0.0,0.0,0.0,0.0,0.0,0.0,37.798040456161246,-16.46817038452899,False,True,False,True,True,0.0,0,0.7803823622752654,0.9918191840632375,False,False,False,False,-0.26059107449608027,-0.25791504510105784,False,False,False,False,45364311,46060390.1597673,False,False,False,False,1507430.2744852903,False,False,False,False
2025-01-07 00:00:00+00:00,56.5109677379,58.0519951832,56.2226464739,57.2665682917,1403464,,,,,,,,,,,,,,,,,,59.55845473703405,60.095653982773314,60.43587281036417,,,56.83044106345377,60.98789588157348,60.36411274823189,55.4536981366289,51.85573959383516,49.337812087988965,46.340346924948804,58.61831468641148,"rgba(239, 83, 80, 0.75)",0.0,0.0,3.080785476514783,58.40211711153067,-0.6138529891312261,0.0,0.0,0.0,0.0,0.0,0.0,0.0,0.0,38.50961403284647,-16.05574080023912,False,True,False,True,True,0.0,0,0.7962198122981513,0.9850439789626383,False,False,False,False,-0.2478944172399995,-0.2529047311705287,False,False,False,False,46767775,46088130.74173721,False,False,False,False,1503353.1656819456,False,False,False,False
2025-01-08 00:00:00+00:00,57.4753526553,57.9724582828,56.3320097119,56.3916623872,1640862,,,,,,,,,,,,,,,,,,59.468632606232845,60.02083367336039,60.36125109404097,,,56.90590947322378,60.95200875557018,60.33953634204171,55.46161468986633,51.871618148456,49.353384539165845,46.35658475437921,58.54262847203304,"rgba(239, 83, 80, 0.75)",0.0,0.0,3.111310583596224,58.377303655069184,-0.28989423445044166,0.0,0.0,0.0,0.0,0.0,0.0,0.0,0.0,41.211899861621056,-13.391123882221933,False,True,False,True,True,0.0,0,0.7917628916941691,0.9780034101799433,False,False,False,False,-0.24694536556466437,-0.24992504836759655,False,False,False,False,48408637,46179130.987159275,False,False,False,False,1508745.668988536,False,False,False,False
2025-01-10 00:00:00+00:00,56.839057452,58.6684061613,56.5905046383,58.2607795468,2019969,,,,,,,,,,,,,,,,,,59.3721234127766,59.93731439673138,60.2770499785744,,,56.98773046650584,60.910009961691614,60.31083464040353,55.47183462864193,51.891419832715854,49.37272700478022,46.37670177680351,58.46710160177744,"rgba(239, 83, 80, 0.75)",0.0,0.0,3.152479204112452,58.34937970398204,-0.4790903140651343,0.0,0.0,0.0,0.0,0.0,0.0,0.0,0.0,41.85232031269162,-12.702368997215359,False,True,False,True,True,0.0,0,0.8031192122687735,0.9641582616908326,False,False,False,False,-0.2167950745795105,-0.23336006147355354,False,False,False,False,46388668,46187348.12491774,False,False,False,False,1528793.6427536914,False,False,False,False
2025-01-13 00:00:00+00:00,55.4272774698,56.2226464739,55.1886667686,55.9840357727,1533660,,,,,,,,,,,,,,,,,55.61286357076666,59.24552946364501,59.83643286094603,60.1795798603488,,,56.82417281581234,60.86332190538941,60.27665586987274,55.47240692707571,51.9015751435885,49.38414319843073,46.3894977607012,58.334463907016165,"rgba(239, 83, 80, 0.75)",0.0,0.0,3.2151630065883987,58.29990263583687,-0.8934617498865179,0.0,0.0,0.0,0.0,0.0,0.0,0.0,0.0,40.0616306390086,-12.702368997215359,False,True,False,True,True,0.0,0,0.7788027520787316,1.00241476354635,False,False,False,False,-0.3413214220319901,-0.2873407417527718,False,False,False,False,44855008,46135099.49256802,True,False,False,False,1528984.4802927624,True,False,False,False
2025-01-14 00:00:00+00:00,56.5805625257,57.1174366034,55.556524933,55.7851935217,1502757,,,,,,,,,,,,,,,,,56.01142111989397,59.155216175989324,59.76004403109302,60.10410498898526,,,56.781788056578925,60.82526135372997,60.249344894288974,55.476152644775105,51.91361976960757,49.396729941992966,46.40309329578393,58.251007571043445,"rgba(239, 83, 80, 0.75)",0.0,0.0,3.2431279199288756,58.26683182086695,-0.5199515211240652,0.0,0.0,0.0,0.0,0.0,0.0,0.0,0.0,41.44522128657968,-12.702368997215359,False,True,False,True,True,0.0,1,0.7881741476816978,0.9905258077110907,False,False,False,False,-0.2937094760602297,-0.29052510890650074,False,False,False,False,46357765,46143831.47325163,False,False,False,False,1527955.9516538307,False,False,False,False
2025-01-15 00:00:00+00:00,57.8034423694,57.8332687071,56.1033411233,57.4554684302,1884963,,,,,,,,,,,,,,,,,56.48454551789043,59.08169310759541,59.691512957452275,60.033952177574825,,,56.83561662602221,60.787235938804315,60.222920663715584,55.4849048218776,51.93139938383851,49.41430984907555,46.42150109971581,58.19898559907499,"rgba(239, 83, 80, 0.5)",0.0,0.0,3.248522835577668,58.242316218895226,-0.1350995119039023,0.0,0.0,0.0,0.0,0.0,0.0,0.0,0.0,44.67962001188364,-9.976757276302799,False,False,False,True,True,0.0,1,0.8137194796896636,0.9776078233705069,False,False,False,False,-0.24598997319187998,-0.26825754104919036,False,False,False,False,48242728,46226141.14096725,False,False,False,False,1541956.2280595629,False,False,False,False
2025-01-16 00:00:00+00:00,57.1472629411,58.4795060229,57.0786623645,58.3303743346,1272954,,,,,,,,,,,,,,,,,56.70729667326335,59.04332406274374,59.65312669860443,59.99374164216749,,,56.888765218431885,60.764303165706224,60.207238496774416,55.491837220553,51.944062271078806,49.4266233807733,46.434265435321215,58.17767567339243,"rgba(239, 83, 80, 0.5)",0.0,0.0,3.2754043468459124,58.22985456438876,-0.3305215199861508,0.0,0.0,0.0,0.0,0.0,0.0,0.0,0.0,45.670259022983515,-9.0303060940413,False,False,False,True,True,0.0,1,0.8237416713318458,0.9641031211600268,False,False,False,False,-0.1783949523575021,-0.22332624670334622,False,False,False,False,46969774,46255303.213870496,False,False,False,False,1531407.121076835,False,False,False,False
2025-01-17 00:00:00+00:00,57.4355842051,57.7736160318,56.3717781621,56.7495784391,874655,,,,,,,,,,,,,,,,,56.767474960253566,59.01165057475974,59.62294654997345,59.96271074641782,,,56.9032370871556,60.7469084294832,60.19505477842134,55.495718916475155,51.95215246552329,49.43467405078439,46.44272428805852,58.155342671576044,#000000,0.0,0.0,3.299138426931974,58.218374829188505,-0.23727122745087723,0.0,0.0,0.0,0.0,0.0,0.0,0.0,0.0,46.88884553272319,-7.813383199111442,True,False,False,False,True,0.0,1,0.8239679184944503,0.9623426310731603,False,False,False,False,-0.23236019190963367,-0.22784321930648993,False,False,False,False,47844429,46317621.872150086,False,False,False,False,1505652.135936567,False,False,False,False
2025-01-21 00:00:00+00:00,59.1158012261,59.87140178,57.8730371573,57.8829792698,1044735,,,,,,,,,,,,,,,,,57.04893959758936,59.01048328319905,59.6132748578137,59.94952511446281,,,57.013235470346295,60.73653264165639,60.189087578303926,55.50511359000944,51.9650165800163,49.44644436733159,46.45446154488784,58.17640658363406,#000000,0.0,0.0,3.3049977850520675,58.22101727550123,0.2707366264043254,0.0,0.0,0.0,0.0,0.0,0.0,0.0,0.0,50.57543566391521,-4.3045467354746165,True,False,False,False,True,0.0,1,0.8357840795079833,0.9371921146258991,False,False,False,False,-0.08505975101152359,-0.15645148515900675,False,False,False,False,48889164,46418466.661477536,False,False,False,False,1487576.9541351332,False,False,False,False
2025-01-22 00:00:00+00:00,58.6286377111,59.5433120658,58.3800848974,59.4737172779,850745,,,,,,,,,,,,,,,,,57.21992798835495,59.00791684133036,59.60440861421952,59.937958227957125,,,57.09015389568224,60.72769001754479,60.18387010372627,55.512499396701486,51.97530368698817,49.45590430561381,46.46392470379328,58.190593582910914,"rgba(38, 166, 154, 1.0)",0.0,0.0,3.3142465431663473,58.22203981344859,0.12268185011455289,0.0,0.0,0.0,0.0,0.0,0.0,0.0,0.0,52.03884431772694,-2.9509737830774725,True,False,True,False,True,0.0,1,0.871717177864763,0.9371844755832974,False,False,False,False,-0.07813416880039968,-0.11729282697970322,False,False,False,False,48038419,46481994.2041647,False,False,False,False,1462603.1520121868,False,False,False,False
2025-01-23 00:00:00+00:00,58.608753486,58.6485219362,57.5051789929,58.2011268715,1137073,,,,,,,,,,,,,,,,,57.336344630376296,58.99207730137997,59.583747514613044,59.914597148596194,,,57.151829575265836,60.712284816132936,60.17386786091577,55.520565248369536,51.98781636117077,49.467717476205245,46.47594223285673,58.192332061909546,"rgba(38, 166, 154, 1.0)",0.0,0.0,3.322999561259158,58.217303345391635,0.11780023842676461,0.0,0.0,0.0,0.0,0.0,0.0,0.0,0.0,52.972202902345984,-2.0330638148033557,True,False,True,False,True,0.0,0,0.8407433110258439,0.965761065086265,False,False,False,False,-0.1470586489964898,-0.1321757379880965,False,False,False,False,46901346,46498439.37262883,False,False,False,False,1449837.2636979835,False,False,False,False
2025-01-24 00:00:00+00:00,59.6526753039,60.0404176933,59.2196963023,59.7222700917,1719382,,,,,,,,,,,,,,,,,57.671067273647274,59.01195720981493,59.584965280648575,59.90890535989847,,,57.33621811046651,60.702258428786514,60.16969742454308,55.53879909780446,52.010798816893775,49.488323267059826,46.49619660012131,58.24973449232635,"rgba(38, 166, 154, 1.0)",0.0,0.0,3.3236673491661537,58.22923290401222,0.4282746287003996,0.0,0.0,0.0,0.0,0.0,0.0,0.0,0.0,55.36345366092535,0.28722302802012223,True,False,True,False,True,0.7181819147751405,0,0.8461969606672765,0.9736305263176537,False,False,False,False,0.012132626824046085,-0.06002155558202521,False,False,False,False,48620728,46581666.37762378,False,False,False,False,1460407.645513749,False,False,False,False
2025-01-27 00:00:00+00:00,58.8672484124,59.0163801006,57.9724582828,58.89707475,1359907,,,,,,,,,,,,,,,,58.61869559860001,57.7688370115721,59.002605912301746,59.567985865279105,59.88827229922667,,,57.40729031981246,60.68699639338796,60.16021579694095,55.549550089344244,52.02646332698822,49.50293169241002,46.510933594349694,58.26097193495774,"rgba(38, 166, 154, 1.0)",0.0,0.0,3.325599086493724,58.22671106113005,0.1926081089784315,0.0,0.0,0.0,0.0,0.0,0.0,0.0,0.0,55.18058913594262,0.28722302802012223,True,False,True,False,True,0.0,0,0.8791779473955676,0.9612010485352668,False,False,False,False,-0.08654032950932557,-0.07328094254567538,False,False,False,False,47260821,46608299.89222677,False,False,False,False,1456466.443728896,False,False,False,False
2025-01-28 00:00:00+00:00,60.0205334682,60.0801861435,58.6186955986,59.5532541784,1363368,,,,,,,,,,,,,,,,59.09652349991001,57.9379715771827,59.015890337778224,59.568075065348694,59.88329957193138,,,57.52128890342662,60.67887628306123,60.15663964259376,55.56358186481125,52.04435628662793,49.51905897205074,46.52683399805898,58.29985112309505,"rgba(38, 166, 154, 1.0)",0.0,0.0,3.3218053715625064,58.23404209530463,0.5378073586698555,0.0,0.0,0.0,0.0,0.0,0.0,0.0,0.0,56.94493032253108,1.990156328882506,True,False,True,False,True,1.3433751716078497,0,0.8989024219514955,0.915445847583887,False,False,False,False,-0.012197291795124639,-0.04273911717040001,False,False,False,False,48624189,46687354.36704141,False,False,False,False,1452815.5243669786,False,False,False,False
2025-01-29 00:00:00+00:00,60.0901282561,60.955092048,59.8018069921,60.0503598059,1137979,,,,,,,,,,,,,,,,59.44600505243069,58.108091110392316,59.04003453621177,59.578249149586284,59.88848706399479,,,57.63748585696651,60.67647800853271,60.15727553614372,55.577277615776836,52.06062713193243,49.533427375480386,46.54079602341851,58.347697673791515,"rgba(38, 166, 154, 1.0)",0.0,0.0,3.3164241991274497,58.24581973526423,0.5561135759777086,0.0,0.0,0.0,0.0,0.0,0.0,0.0,0.0,58.22978241096421,3.336798798835744,True,False,True,False,True,1.4625920425383292,0,0.9198378655762138,0.8965638939351638,False,False,False,False,0.07716861275103686,0.017214747790318424,False,False,False,False,49762168,46807935.29382411,False,False,False,False,1440468.9939996463,False,False,False,False
2025-01-30 00:00:00+00:00,62.7546144197,63.0528777962,60.865613035,61.4521976755,1727823,,,,,,,,,,,,,,,,60.304916125511745,58.516603356007764,59.129615355395714,59.63426571896542,59.93370024724926,,,57.912973858028614,60.69056291352928,60.173031374987616,55.60644146746703,52.09101548968146,49.559098399421806,46.564929116378075,58.48473332622554,"rgba(38, 166, 154, 1.0)",0.0,0.0,3.324125870052708,58.28737368257898,1.343884350880547,0.0,0.0,0.0,0.0,0.0,0.0,0.0,0.0,62.454002222255085,7.387826491133808,True,False,True,False,True,5.835968686687494,0,0.9344130664617468,0.8582237660260567,False,False,False,False,0.21742965927830554,0.11732220353431198,False,False,False,False,51489991,46991545.32151728,False,False,False,False,1451737.7785486798,False,False,False,False
2025-01-31 00:00:00+00:00,62.1083771039,63.3809675104,61.6609820391,62.8043249824,1271571,,,,,,,,,,,,,,,,60.69015575618469,58.77980177198304,59.195613656021706,59.67643898456959,59.96810617171801,,,58.102206298871494,60.701824056330956,60.18536147344122,55.62825329889675,52.11361287647742,49.578160899257476,46.582822129797314,58.58358483798858,"rgba(38, 166, 154, 1.0)",0.0,0.0,3.3268194484453,58.31786254450817,1.1393809066383866,0.0,0.0,0.0,0.0,0.0,0.0,0.0,0.0,63.749642617363264,8.595951652102436,True,False,True,False,True,4.663448967507584,0,0.9433592287296959,0.8515095994085566,False,False,False,False,0.26907874144269184,0.19320047248850192,False,False,False,False,50218420,47118089.42655582,False,False,False,False,1444672.4146840258,False,False,False,False
2025-02-03 00:00:00+00:00,63.1920673719,63.5201570861,61.6510399265,61.839940065,1589749,,,,,,,,,,,,,,,,61.08477105935833,59.09411968496578,59.284452694253865,59.734987548548055,60.01676214984845,,,58.33770853605958,60.71902876782403,60.2033848505451,55.656946651581514,52.14283224911759,49.60266370294051,46.60570651595007,58.71275956645603,"rgba(38, 166, 154, 1.0)",0.0,0.0,3.3376428040980444,58.35881726794035,1.4481028641007538,0.0,0.0,0.0,0.0,0.0,0.0,0.0,0.0,65.80363489440992,10.561161520277771,True,False,True,False,True,6.366925013855784,0,0.9394359492799255,0.877106994272802,False,False,False,False,0.27510660402135156,0.23415353825492674,False,False,False,False,51808169,47302014.1157105,False,False,False,False,1450361.6925395543,False,False,False,False
2025-02-04 00:00:00+00:00,63.6494045492,64.2161049646,62.8381281651,63.5102149735,1267547,,,,,,,,,,,,,,,,61.40865194482982,59.35739723907585,59.36728442910294,59.791646227713336,60.06495772122046,,,58.53923006432443,60.73764132156277,60.22186165922236,55.68214523613925,52.16771420773855,49.6232874526931,46.62478396492165,58.828856720912505,"rgba(38, 166, 154, 1.0)",0.0,0.0,3.3528894521838737,58.39698212023747,1.566536118732282,0.0,0.0,0.0,0.0,1.0,64.3552945403,63.5201570861,0.0,67.64369620847823,12.331854201294519,True,False,True,False,True,7.075339925148278,0,0.9419472297012508,0.8886155684815679,False,False,False,False,0.34282824497224457,0.28849089161358565,False,False,False,False,53075716,47528433.79744734,False,False,False,False,1443192.4889105523,False,False,False,False
2025-02-05 00:00:00+00:00,65.5582901589,66.6121540893,64.3552945403,64.5441946788,2231015,,,,,,,,,,,,,,,,62.17415796832921,59.93474043030674,59.56943175005648,59.93661897115615,60.191961323887035,,,58.981858259213965,60.79188047515344,60.272473716809664,55.73692936940698,52.218657548432176,49.66447123317639,46.662092453089336,59.098639382270335,"rgba(38, 166, 154, 1.0)",0.0,0.0,3.3926518081391444,58.49025303207718,2.083337025587546,0.0,0.0,0.0,0.0,1.0,65.1208372067,64.2161049646,0.0,70.56505706454728,15.109146824382663,True,False,True,False,True,9.93565970216655,0,0.9377907507361085,0.8625371080382419,False,False,False,False,0.34282824685761726,0.31565956923560146,False,False,False,False,55306731,47833465.06029254,False,False,False,False,1474087.4893454327,False,False,False,False
2025-02-06 00:00:00+00:00,66.4829066262,66.6121540893,65.1208372067,65.6577112844,2051237,,,,,,,,,,,,,,,,62.74524483027492,60.42228334528121,59.76044154474046,60.07640582888322,60.31544276836243,,,59.37302875248773,60.846499945701574,60.32307543279138,55.78963581553933,52.26712477686991,49.70348812330002,46.69728625962544,59.34831387416364,"rgba(38, 166, 154, 1.0)",0.0,0.0,3.4442488195371137,58.579057809046404,2.294796117028453,0.0,0.0,0.0,0.0,0.0,0.0,0.0,0.0,73.1913691267999,17.568105226326523,True,False,True,False,True,11.26225799297277,0,0.9400815569981719,0.8709854803829303,False,False,False,False,0.34282824714171656,0.329243908188659,False,False,False,False,57357968,48206974.97949676,False,False,False,False,1496720.8034887493,False,False,False,False
2025-02-07 00:00:00+00:00,65.8068429727,67.5069442189,65.6278849468,66.8607069031,1314553,,,,,,,,,,,,,,,,63.05156223389747,60.707694734922946,59.881530794153804,60.16617011722585,60.39509892591206,,,59.61005628369551,60.882506314906735,60.3563875176869,55.8239195614263,52.29854871716379,49.728763140063386,46.720054280145334,59.50455704493789,"rgba(38, 166, 154, 1.0)",0.0,0.0,3.4416124157860977,58.635783173738524,2.0836337543614807,0.0,0.0,0.0,0.0,0.0,0.0,0.0,0.0,73.24492196775765,17.65717928589207,True,False,True,False,True,9.969669691228862,0,0.9420706054518707,0.8684165599654268,False,False,False,False,0.34282824761015007,0.33603607789940454,False,False,False,False,56043415,48514286.35284983,False,False,False,False,1489576.968057818,False,False,False,False
2025-02-10 00:00:00+00:00,67.2782756302,67.6958443573,66.3049428115,67.2683335177,1471992,,,,,,,,,,,,,,,,63.40594876273051,61.03624825653892,60.027712863113315,60.27602378143911,60.49323699878874,,,59.8856624063369,60.927969854352284,60.398073534946064,55.86487694746932,52.33551659869093,49.75829940073281,46.74649778368671,59.69048798063808,"rgba(38, 166, 154, 1.0)",0.0,0.0,3.46297972710178,58.7046403772992,2.4757971251758395,0.0,0.0,0.0,0.0,0.0,0.0,0.0,0.0,74.47537948710166,18.964981266042443,True,False,True,False,True,12.064093742105324,0,0.9728081557005531,0.8549088662344915,False,False,False,False,0.3428282478705219,0.33943216288496325,False,False,False,False,57515407,48867271.47626749,False,False,False,False,1488887.3614673153,False,False,False,False
2025-02-11 00:00:00+00:00,66.4133118383,66.9800122537,66.2343538124,66.7115752148,1208428,,,,,,,,,,,,,,,,63.616581294167354,61.25941567298747,60.13435305096116,60.35656232040124,60.565136641930714,,,60.081035802416714,60.9615101458502,60.42912969345621,55.89664140101937,52.364600597893066,49.781704515802694,46.76756932590212,59.825597512968336,"rgba(38, 166, 154, 1.0)",0.0,0.0,3.4251277857815503,58.755348140872115,2.2358183917159997,0.0,0.0,0.0,0.0,0.0,0.0,0.0,0.0,73.24368386380212,18.964981266042443,True,False,True,False,True,10.4139979074826,0,0.9688545184211785,0.8528703075610973,False,False,False,False,0.31730429708246105,0.3283682299837122,False,False,False,False,56306979,49159024.712492295,False,False,False,False,1477888.9551352637,False,False,False,False
2025-02-12 00:00:00+00:00,67.9145708334,67.9642813962,66.0553957865,66.1150484618,1440017,,,,,,,,,,,,,,,,63.89034377816505,61.53824062473712,60.27166888417067,60.461470701317275,60.65935233514418,,,60.32536327045784,61.006393192549,60.47033317185379,55.936963370591386,52.400974323496655,49.81078550130388,46.793594617980986,59.997453120601904,"rgba(38, 166, 154, 1.0)",0.0,0.0,3.4513095540287155,58.82098242123978,2.6348225998868378,0.0,0.0,0.0,0.0,0.0,0.0,0.0,0.0,73.7132747612626,18.964981266042443,True,False,True,False,True,12.511497197425733,0,0.9591477001887965,0.8498263792655344,False,False,False,False,0.3428282478759798,0.33559823892984597,False,False,False,False,57746996,49495807.9002377,False,False,False,False,1476403.7804240768,False,False,False,False
2025-02-13 00:00:00+00:00,68.8590715258,69.0903250637,67.039664929,67.9543392836,1933137,,,,,,,,,,,,,,,,64.29195971086781,61.93381442626528,60.47345133245174,60.61763690481689,60.80050904037463,,,60.672710238639056,61.075229098420344,60.532995498911156,55.99545336608802,52.45284218397406,49.85193631930221,46.830157281427354,60.246567300356865,"rgba(38, 166, 154, 1.0)",0.0,0.0,3.5109859460727346,58.9181017807436,2.8313897855888674,0.0,0.0,0.0,0.0,0.0,0.0,0.0,0.0,74.73611658219286,19.700389785799757,True,False,True,False,True,13.7877086545708,0,0.9675534066202681,0.8391443281312095,False,False,False,False,0.3428282484332843,0.33921324368156514,False,False,False,False,59680133,49895193.198267594,False,False,False,False,1494314.887074113,False,False,False,False
2025-02-14 00:00:00+00:00,67.1092597168,69.1772191274,66.9203595784,69.097682227,1436028,,,,,,,,,,,,,,,,64.50881228733878,62.17443475132712,60.60607372761612,60.72105847118793,60.89403745637703,,,60.89327869794961,61.12141252791078,60.57540329211394,56.03647085812287,52.48972047386752,49.88140794109371,46.85648925768017,60.409280899785834,"rgba(38, 166, 154, 0.75)",0.0,0.0,3.542025979070948,58.98281025458645,2.294294144151102,0.0,0.0,0.0,0.0,0.0,0.0,0.0,0.0,71.67691061443264,19.700389785799757,True,False,True,False,False,10.487158119915673,0,0.9796093968167247,0.8364018105272687,False,False,False,False,0.3418591188266424,0.3405361812541038,False,False,False,False,58244105,50222601.504217885,False,False,False,False,1492029.1267966968,False,False,False,False
2025-02-18 00:00:00+00:00,68.322197448,68.610518712,67.50704364,67.9543392836,1576863,,,,,,,,,,,,,,,,64.74408653233684,62.43456483758207,60.75431192200633,60.837669251999856,60.999872160467035,,,61.13376162494277,61.17449863059495,60.62403856506806,56.08275279311211,52.53109712483202,49.91440057807254,46.885895007779986,60.58957378806824,"rgba(38, 166, 154, 0.75)",0.0,0.0,3.5974932105373782,59.05572162875728,2.575814678982682,0.0,0.0,0.0,0.0,0.0,0.0,0.0,0.0,70.78869319713102,19.700389785799757,True,False,True,False,False,12.139991447153218,0,0.9780105824461262,0.8627203619711074,False,False,False,False,0.3424565764682568,0.3414963788611803,False,False,False,False,59820968,50599008.03346424,False,False,False,False,1495355.9453536891,False,False,False,False
2025-02-19 00:00:00+00:00,69.0380295517,69.2567560278,67.1539992233,68.3023132229,1767303,,,,,,,,,,,,,,,,64.99678408360737,62.716088361590785,60.920926522389756,60.96990328406145,61.12028920995994,,,61.39706589386675,61.23587514899949,60.68021450190878,56.13564014818127,52.578205016331694,49.95191595379579,46.919275596721675,60.79046968120028,"rgba(38, 166, 154, 0.75)",0.0,0.0,3.643639095271259,59.13846476528239,2.716944386524269,0.0,0.0,0.0,0.0,0.0,0.0,0.0,0.0,70.82787475512528,19.700389785799757,True,False,True,False,False,13.095103833499458,0,0.965397742627956,0.8578386029571191,False,False,False,False,0.34282824850035115,0.3421623136807657,False,False,False,False,61588271,51029959.522348,False,False,False,False,1506020.535731976,False,False,False,False
2025-02-20 00:00:00+00:00,69.5450772917,69.9029933436,68.71988195,69.207045465,1680521,,,,,,,,,,,,,,,,65.26203740272074,62.998926003470274,61.09103749293655,61.106135916838475,61.24491308232428,,,61.66037906528592,61.300469978877864,60.73901128188423,56.18917487257613,52.625280486177296,49.98918681397664,46.95225166621131,60.99365729756412,"rgba(38, 166, 154, 0.75)",0.0,0.0,3.710735754716257,59.2235169530962,2.7815401097977235,0.0,0.0,0.0,0.0,0.0,0.0,0.0,0.0,71.29484429218797,19.700389785799757,True,False,True,False,False,13.767574137253948,0,0.9925610606956817,0.8489521938042581,False,False,False,False,0.34282824898043324,0.3424952813305995,False,False,False,False,63268792,51509913.73715789,False,False,False,False,1512863.6911934672,False,False,False,False
2025-02-21 00:00:00+00:00,67.6560759071,69.097682227,67.5964232318,69.097682227,1803874,,,,,,,,,,,,,,,,65.43581379576018,63.22162839402411,61.239329522128706,61.22582041340009,61.35431145943223,,,61.88090487085926,61.35794609109409,60.792090977665005,56.24066617171026,52.67170517414079,50.026420787449226,46.98553916585663,61.16985828005159,"rgba(38, 166, 154, 0.75)",0.0,0.0,3.753683465107163,59.299279915045325,2.226292139370921,0.0,0.0,0.0,0.0,0.0,0.0,0.0,0.0,67.82534215704563,22.368953762349577,True,False,True,False,False,10.24722520698959,0,0.9835756786905181,0.8477840458014361,False,False,False,False,0.2912598141122195,0.3168775477214095,False,False,False,False,61464918,51900306.06119092,False,False,False,False,1524275.8601662724,False,False,False,False
2025-02-24 00:00:00+00:00,68.4514449112,68.9041092956,67.2782756302,68.3321395606,1266970,,,,,,,,,,,,,,,,65.54961449327462,63.369606281031935,61.34117740111967,61.30858825926059,61.43013471816917,,,62.02921337621644,61.398295643972894,60.82939312387469,56.276852466986455,52.70434463920318,50.05261735659714,47.00896079485091,61.29010707812445,"rgba(38, 166, 154, 0.75)",0.0,0.0,3.827125918579279,59.35185803588176,2.377655470164468,0.0,0.0,0.0,0.0,0.0,0.0,0.0,0.0,66.39631875064148,20.938583945695612,True,False,True,False,False,11.332057209196925,0,0.977711145403014,0.8705589006957224,False,False,False,False,0.277837416363832,0.2973574820426208,False,False,False,False,62731888,52325073.980359904,False,False,False,False,1514185.434277399,False,False,False,False
2025-02-25 00:00:00+00:00,68.5409239241,68.7248530063,66.8308805654,67.7952654828,1661656,,,,,,,,,,,,,,,,65.67630491400485,63.544172051510515,61.46696113842009,61.41147244879267,61.52451324860967,,,62.20816555748218,61.449128170490056,60.87657779551524,56.32327409658114,52.74645277371972,50.086522817983074,47.03934172514643,61.437804075604085,"rgba(38, 166, 154, 0.75)",0.0,0.0,3.9036042100434467,59.417627380887424,2.3371469166211996,0.0,0.0,0.0,0.0,0.0,0.0,0.0,0.0,65.54476339605587,20.03088249701159,True,False,True,False,False,11.454270073781295,0,0.9792585124207943,0.8587431501964724,False,False,False,False,0.26153180871310544,0.2794446453778631,False,False,False,False,64393544,52798347.31446344,False,False,False,False,1519968.593717501,False,False,False,False
2025-02-26 00:00:00+00:00,69.8532827808,70.3901568586,67.8648602707,68.123355197,1359377,,,,,,,,,,,,,,,,65.82430663478819,63.717289843402625,61.58665291876379,61.50986053494621,61.615197100534985,,,62.378653111033884,61.49846804362391,60.921849756249756,56.365285278774685,52.783727701859995,50.11622521451001,47.06570972648602,61.57744818173609,"rgba(38, 166, 154, 0.75)",0.0,0.0,4.004897128584416,59.48005297998169,2.59013639246331,0.0,0.0,0.0,0.0,0.0,0.0,0.0,0.0,66.40351481820605,20.03088249701159,True,False,True,False,False,13.228816535876767,0,0.9889870928162349,0.8521714128311847,False,False,False,False,0.33286431442963765,0.3061544799037504,False,False,False,False,65752921,53306369.811935455,False,False,False,False,1513670.884159952,False,False,False,False
2025-02-27 00:00:00+00:00,67.6461337946,69.6743247549,67.1887966172,68.7795346253,1617455,,,,,,,,,,,,,,,,65.93105469002859,63.86935411885876,61.70319077280085,61.606411785186054,61.70412627656954,,,62.538176706691175,61.547553247287546,60.96753062007584,56.41034204705271,52.8246697364629,50.149252889656886,47.09531948601087,61.71271331502974,"rgba(38, 166, 154, 0.75)",0.0,0.0,4.069686616435765,59.542323664289064,1.9912614641095545,0.0,0.0,0.0,0.0,0.0,0.0,0.0,0.0,62.89736136149449,17.397641924234563,True,False,True,False,False,9.193899633804456,0,0.9984695468842276,0.858419789025268,False,False,False,False,0.295715390879407,0.3009349353915787,False,False,False,False,64135466,53731040.250683084,False,False,False,False,1517740.8494870127,False,False,False,False
2025-02-28 00:00:00+00:00,68.521039699,69.0678558893,66.30215902,66.6022119768,2070756,,,,,,,,,,,,,,,,66.04297117380392,64.0408765018573,61.84193313293982,61.72225525759125,61.81099795236923,,,62.722996724847405,61.60742740144246,61.023530596406886,56.46652453741297,52.87606940793525,50.19087927195314,47.132737005319086,61.87271761533994,"rgba(38, 166, 154, 0.75)",0.0,0.0,4.142535273179605,60.33665711417599,1.9756941208957,0.0,0.0,0.0,0.0,0.0,0.0,0.0,0.0,61.62798599587582,16.18279254974877,True,False,True,False,False,10.389080643136065,0,1.0017401130492793,0.8492938654484146,False,False,False,False,0.2567257361531774,0.27883033577237804,False,False,False,False,66206222,54220263.064381786,False,False,False,False,1539427.7181345809,False,False,False,False
2025-03-03 00:00:00+00:00,68.3420816731,70.5591727719,67.8549181581,69.4456561662,1746921,,,,,,,,,,,,,,,,66.17061898746977,64.20738136554866,61.97181144904884,61.83120823105934,61.91191935302962,,,62.89607419955094,61.664535710311554,61.0764863090504,56.517399691167576,52.921887938486286,50.22772384871232,47.165641233841605,62.02165141809765,"rgba(38, 166, 154, 0.75)",0.0,0.0,4.205884726008585,60.42678433039466,1.881957746905967,0.0,0.0,0.0,0.0,0.0,0.0,0.0,0.0,60.465026398312226,15.028089119327959,True,False,True,False,False,10.066609831435656,1,1.0222223774826684,0.8304373444000993,False,False,False,False,0.3371651175411179,0.30799772665674796,False,False,False,False,64459301,54621793.9638178,False,False,False,False,1547564.7095802836,False,False,False,False
2025-03-04 00:00:00+00:00,68.6005765994,69.7439195428,67.6661174408,68.8491294132,1259102,,,,,,,,,,,,,,,,66.24810813204567,64.31454327237317,62.059259765331326,61.90503030891587,61.98038217713743,,,63.010037530961334,61.70375538657598,61.1130203480157,56.55308149692838,52.954239379025886,50.25383808704423,47.18902531099704,62.12142108251747,"rgba(38, 166, 154, 0.75)",0.0,0.0,4.282655091178398,60.4767286148239,1.8969185730856455,0.0,0.0,0.0,0.0,0.0,0.0,0.0,0.0,60.03733482061446,14.515020213592607,True,False,True,False,False,10.426044719383658,1,1.0300009315994592,0.8309136683944774,False,False,False,False,0.31021265948652854,0.30910519307163825,False,False,False,False,65718403,55056955.10249161,False,False,False,False,1536252.4464594882,False,False,False,False
2025-03-05 00:00:00+00:00,70.5591727719,70.5989412221,68.6403450496,68.9286663136,1874761,,,,,,,,,,,,,,,,66.41068681269255,64.50848110618527,62.20939266283098,62.03201466962607,62.098550690590166,,,63.20767318703737,61.771782921257575,61.17575202702985,56.61131976140688,53.00601430471098,50.295241006041195,47.225790341074436,62.29214258034132,"rgba(38, 166, 154, 0.75)",0.0,0.0,4.395157011249192,60.576188836240455,2.271360024251369,0.0,0.0,0.0,0.0,0.0,0.0,0.0,0.0,62.09154299312088,14.515020213592607,True,False,True,False,False,13.07623061341883,1,1.0643536737984018,0.8157956697784857,False,False,False,False,0.34282824910063286,0.32596672108613556,False,False,False,False,67593164,55548571.137688026,False,False,False,False,1549527.291696371,False,False,False,False
2025-03-06 00:00:00+00:00,69.7936301055,71.1357158787,69.2766402529,69.7439195428,1120432,,,,,,,,,,,,,,,,66.50466710167117,64.62086902616838,62.297946087104805,62.10727782924269,62.168706837942395,,,63.322770083106896,61.81257241090224,61.21339375278588,56.646236318433424,53.03705370823427,50.320072566811305,47.247837007996715,62.392407355447716,"rgba(38, 166, 154, 0.75)",0.0,0.0,4.474746943807632,60.63198154310828,2.0474115469412286,0.0,0.0,0.0,0.0,0.0,0.0,0.0,0.0,61.942069696426486,14.515020213592607,True,False,True,False,False,11.65774557525074,1,1.0755734119927762,0.792625050279123,False,False,False,False,0.3428282493152872,0.3343974852007114,False,False,False,False,66472732,55976969.60287673,False,False,False,False,1532700.0253553367,False,False,False,False
2025-03-07 00:00:00+00:00,70.0819513695,71.3943102262,69.2475098631,69.8731670059,1605057,,,,,,,,,,,,,,,,66.63730863863756,64.77903215504998,62.42412180102309,62.21495606584368,62.2692320400004,,,63.48513030878655,61.87151787514772,61.267805180973305,56.69658008725138,53.081771070101524,50.355846091466695,47.27958386450164,62.53474698478795,"rgba(38, 166, 154, 1.0)",0.0,0.0,4.557555780229049,60.710090966575535,2.0563347668897793,0.0,0.0,0.0,0.0,0.0,0.0,0.0,0.0,62.19692073066769,14.515020213592607,True,False,True,False,True,12.047383321941798,1,1.0722376866928758,0.7910113001775463,False,False,False,False,0.342828249355264,0.3386128672779877,False,False,False,False,68077789,56451511.54001882,False,False,False,False,1535537.5537727745,False,False,False,False
2025-03-10 00:00:00+00:00,69.296524478,70.5392885468,68.8292451881,69.584845742,2147870,,,,,,,,,,,,,,,,66.76962347995992,64.95235883592652,62.57254476484126,62.34272227603957,62.38865304795979,,,63.66994562373738,61.94275753454797,61.33410961327484,56.75998528006122,53.13887032276919,50.401872199339884,47.320664695101826,62.70107968021246,"rgba(38, 166, 154, 1.0)",0.0,0.0,4.609736691643133,60.79483654000118,1.8442892743551487,0.0,0.0,0.0,0.0,0.0,0.0,0.0,0.0,60.76340605648844,14.515020213592607,True,False,True,False,True,10.583983422549043,1,1.0748270092846415,0.7955061058224608,False,False,False,False,0.3109413470420674,0.3247771071600275,False,False,False,False,65929919,56823213.79335141,False,False,False,False,1559550.5908797246,False,False,False,False
2025-03-11 00:00:00+00:00,70.6585938974,71.5832103646,69.6295852484,69.8433406683,1813684,,,,,,,,,,,,,,,,66.91176835717438,65.12099086478574,62.71160637189869,62.46267760338563,62.50107712210079,,,63.84425124559966,62.01019497200742,61.39644928176178,56.81747209818615,53.18989724106332,50.44272478763502,47.356897765758035,62.856478731450125,"rgba(38, 166, 154, 1.0)",0.0,0.0,4.706100070274621,60.88027119990043,2.0777974440583797,0.0,0.0,0.0,0.0,0.0,0.0,0.0,0.0,61.59927473165426,14.515020213592607,True,False,True,False,True,12.444943768980629,1,1.0720895085913449,0.7845038697923932,False,False,False,False,0.3428282494520703,0.33380267830604893,False,False,False,False,67743603,57251464.35047489,False,False,False,False,1569516.606923657,False,False,False,False
2025-03-12 00:00:00+00:00,70.7580150229,71.0761626245,69.9228775687,70.3404462958,1553557,,,,,,,,,,,,,,,,67.02427735875521,65.25671459477294,62.826403473186524,62.562231842746826,62.59452374683091,,,63.98595385265406,62.06688067932369,61.448968606125206,56.8662012640132,53.233274382206986,50.47752124913061,47.387793955623245,62.98419277625087,"rgba(38, 166, 154, 1.0)",0.0,0.0,4.804767795700386,60.94993149207632,2.041323108184454,0.0,0.0,0.0,0.0,0.0,0.0,0.0,0.0,62.28073170600553,14.515020213592607,True,False,True,False,True,12.579259082672664,1,1.0751950189187358,0.7934903876789425,False,False,False,False,0.3375327832812543,0.33566773079365164,False,False,False,False,69297160,57723844.5720249,False,False,False,False,1568890.7399854744,False,False,False,False
2025-03-13 00:00:00+00:00,72.2990424683,73.346046341,70.8973040198,71.1358152999,2446246,,,,,,,,,,,,,,,,67.26148846350543,65.51730867103741,63.03632773782449,62.744338122418306,62.765877736123905,,,64.24849523168399,62.171066820703075,61.54468702487202,56.951075585352314,53.3073781605099,50.536396165384694,47.43961090616059,63.217403850638114,"rgba(38, 166, 154, 1.0)",0.0,0.0,4.936832463123178,61.08423120708018,2.2716613020578422,0.0,0.0,0.0,0.0,0.0,0.0,0.0,0.0,64.52220544971243,10.768016960061601,True,False,True,False,True,14.629447998804288,1,1.089039052658163,0.7659419395093066,False,False,False,False,0.34282824990959926,0.33924799035162545,False,False,False,False,71743406,58273631.29469059,False,False,False,False,1603296.828613495,False,False,False,False
2025-03-14 00:00:00+00:00,73.3926748488,74.496249342,71.8914158537,73.9991437144,2504012,,,,,,,,,,,,,,,,67.53125178097063,65.8045322242661,63.26590643650154,62.9442580664109,62.95444096117082,,,64.53463779780769,62.28677541110472,61.65067806245156,57.04307363444557,53.386937552444834,50.59932017461268,47.494731712663636,63.47148917165904,"rgba(38, 166, 154, 1.0)",0.0,0.0,5.09134920567314,61.23264833005557,2.3883701603486305,0.0,0.0,0.0,0.0,0.0,0.0,0.0,0.0,67.08313190409231,13.230721988336867,True,False,True,False,True,16.03199148050457,1,1.1155413444221876,0.7539282630709947,False,False,False,False,0.34282825018020313,0.3410381202659143,False,False,False,False,74247418,58900054.30274194,False,False,False,False,1638618.9921972796,False,False,False,False
2025-03-17 00:00:00+00:00,75.57993961,75.778781861,74.118449065,74.2775228659,2702472,,,,,,,,,,,,,,,,67.88433135668275,66.16462968033358,63.547317983401165,63.18984495638433,63.18661503351852,,,64.88666487359906,62.430122292129646,61.781300899563696,57.15269646570521,53.480230663754575,50.67249969094474,47.55832280772613,63.78214385787112,"rgba(38, 166, 154, 1.0)",0.0,0.0,5.30237541649044,61.41771563030433,2.6709206473104508,0.0,0.0,0.0,0.0,0.0,0.0,0.0,0.0,70.50523427694847,16.406451226320016,True,False,True,False,True,18.701268907180484,0,1.125650489783115,0.7365501788225672,False,False,False,False,0.34282825056641403,0.34193318541616413,False,False,False,False,76949890,59607890.99675206,False,False,False,False,1680338.7179934648,False,False,False,False
2025-03-18 00:00:00+00:00,75.092776095,76.9917195922,74.2373567312,76.9917195922,2007157,,,,,,,,,,,,,,,,68.13547480539972,66.42246132739018,63.75271852836471,63.37009078567631,63.357339014376805,,,65.14014742013495,62.53684810105282,61.878700484353075,57.23451960150828,53.54989797493633,50.72719107732915,47.60584364258626,64.00784077818744,"rgba(38, 166, 154, 1.0)",0.0,0.0,5.478285220535755,61.55164358024365,2.471783043350212,0.0,0.0,0.0,0.0,0.0,0.0,0.0,0.0,71.66819158960044,17.41525805955108,True,False,True,False,True,17.74710075027041,0,1.1216127839869758,0.7407049347974262,False,False,False,False,0.3428282506951567,0.3423807180556604,False,False,False,False,74942733,60209257.349820614,False,False,False,False,1693155.1212094075,False,False,False,False
2025-03-19 00:00:00+00:00,75.7290712982,75.8782029865,74.297407091,75.1027182076,1398257,,,,,,,,,,,,,,,,68.29764097634659,66.59112501017697,63.890011870729936,63.49114297717217,63.47215049228509,,,65.30736669852291,62.60937808655255,61.94504833456381,57.290657084489574,53.59786341575248,50.76493494671878,47.63868782717055,64.15812339932053,"rgba(38, 166, 154, 1.0)",0.0,0.0,5.666185569901183,61.64052125832971,2.4864258090502296,0.0,0.0,0.0,0.0,0.0,0.0,0.0,0.0,72.95206392414292,18.603229131340754,True,False,True,False,True,18.513720904408785,0,1.117651050928901,0.7540889125096459,False,False,False,False,0.3233559719017999,0.33286834497873014,False,False,False,False,76340990,60841874.316494316,False,False,False,False,1681590.4890051172,False,False,False,False
2025-03-20 00:00:00+00:00,75.1325445452,76.0472188999,74.2178701906,74.6354389177,1309200,,,,,,,,,,,,,,,,68.43945650865275,66.74038567290823,64.01377372676866,63.600689071901385,63.57615890800949,,,65.45645755131113,62.675650884968576,62.005799949292275,57.34241348343064,53.642234257215854,50.7999271960133,47.669182120733694,64.29317347613865,"rgba(38, 166, 154, 1.0)",0.0,0.0,5.824003085148605,61.72029070932831,2.302926979910669,0.0,0.0,0.0,0.0,0.0,0.0,0.0,0.0,72.3718593266061,18.603229131340754,True,False,True,False,True,17.331018242425035,0,1.1281936795639445,0.7513835670321632,False,False,False,False,0.32500053790845856,0.32893444144359435,False,False,False,False,75031790,61398341.598200426,False,False,False,False,1666986.9404166813,False,False,False,False
2025-03-21 00:00:00+00:00,74.5658441298,74.6453810302,73.2634273857,74.5211046233,3159269,,,,,,,,,,,,,,,,68.71213820004613,67.04053311623082,64.27628334548392,63.83510277376816,63.79913442515324,,,65.76384042232918,62.82043795322747,62.13940949437989,57.459307422045185,53.74373708931141,50.880590914480344,47.73989016716072,64.57767457258598,"rgba(38, 166, 154, 0.75)",0.0,0.0,5.960189224662398,61.88749567391151,2.1271721379964457,0.0,0.0,0.0,0.0,0.0,0.0,0.0,0.0,70.64954652190913,18.603229131340754,True,False,True,False,False,16.212731369484644,0,1.1126276656724847,0.7644604242955713,False,False,False,False,0.282226865854852,0.30558065364922316,False,False,False,False,71872521,61809093.73160433,False,False,False,False,1725507.8054983802,False,False,False,False
2025-03-24 00:00:00+00:00,74.4763651169,75.2816762335,74.2576386408,74.2576386408,1406105,,,,,,,,,,,,,,,,68.83598747143422,67.17553479246364,64.39464875892958,63.94114573803205,63.90015364573616,,,65.90172373276722,62.88657779646828,62.200436650271236,57.51239709314095,53.7897195994281,50.91710156413997,47.771848700621256,64.7055979209743,"rgba(38, 166, 154, 0.75)",0.0,0.0,6.082261783424828,61.96362021201245,2.057251948442412,0.0,0.0,0.0,0.0,0.0,0.0,0.0,0.0,69.28454992303912,18.603229131340754,True,False,True,False,False,16.035085144773735,0,1.1227133689846083,0.7553602970774627,False,False,False,False,0.3117093172680879,0.30864498545865554,False,False,False,False,70466416,62148596.56565907,False,False,False,False,1712982.2052827575,False,False,False,False
2025-03-25 00:00:00+00:00,75.5004027096,76.0173925622,74.9337022942,75.490460597,1657063,,,,,,,,,,,,,,,,68.99490050979733,67.34520655250074,64.54147611073006,64.07273781958499,64.02561288956451,,,66.07338039799326,62.96888573989788,62.27623002329018,57.5774837882287,53.84574717154884,50.96145071010731,47.81054773825045,64.86419963539817,"rgba(38, 166, 154, 0.75)",0.0,0.0,6.228467544366271,62.05898592355741,2.1580616243558213,0.0,0.0,0.0,0.0,0.0,0.0,0.0,0.0,69.58524182395163,18.603229131340754,True,False,True,False,False,17.346366376683147,0,1.1229909339066695,0.7486803491180866,False,False,False,False,0.3376662281185094,0.32315560678858246,False,False,False,False,72123479,62539768.425829306,False,False,False,False,1710789.295271669,False,False,False,False
2025-03-26 00:00:00+00:00,74.8243390561,76.0571610124,74.5906994112,75.9676819995,1035599,,,,,,,,,,,,,,,,69.08560902233194,67.44365645763371,64.62860031878846,64.15115560856839,64.1004546363257,,,66.17395654779476,63.01845351572946,62.32200036036194,57.61718437985759,53.88008946047167,50.98871809297694,47.8343936334557,64.95799634851613,"rgba(38, 166, 154, 0.75)",0.0,0.0,6.3504499377062835,62.11552906778312,2.0012455988129827,0.0,0.0,0.0,0.0,0.0,0.0,0.0,0.0,68.07549992810854,22.293575801717836,True,False,True,False,False,15.983323310163652,0,1.1332379664623882,0.7282817127507748,False,False,False,False,0.3317034139353545,0.3274295103619685,False,False,False,False,71087880,62874988.487561494,False,False,False,False,1684311.2444767018,False,False,False,False
2025-03-27 00:00:00+00:00,76.176466363,76.5244403023,75.1126603201,75.5898817225,1603033,,,,,,,,,,,,,,,,69.23825690850452,67.60618339126313,64.77046800542308,64.2788304187682,64.22237881544108,,,66.33847365592652,63.09927309537347,62.39648082986844,57.681004394598695,53.93497305289189,51.03216413709594,47.87227548120971,65.11071837720343,"rgba(38, 166, 154, 0.75)",0.0,0.0,6.497373491066544,62.20834661599921,2.149810191180486,0.0,0.0,0.0,0.0,0.0,0.0,0.0,0.0,68.68270957842971,22.293575801717836,True,False,True,False,False,17.709079680173325,0,1.133170923312607,0.7311690662913203,False,False,False,False,0.3428282504862268,0.3351288804240976,False,False,False,False,72690913,63259926.70373555,False,False,False,False,1681123.8623403606,False,False,False,False
2025-03-28 00:00:00+00:00,76.3951928391,77.4115750052,75.689302848,76.9121826918,2243010,,,,,,,,,,,,,,,,69.45772861076013,67.83805178603261,64.97277625755076,64.46127665898764,64.39679057917478,,,66.57249703939874,63.21554209435174,62.50359870968581,57.77228085240766,54.01325669338688,51.09406493424776,47.92616554461245,65.32812305310078,"rgba(38, 166, 154, 0.75)",0.0,0.0,6.632337404486173,62.34154940412973,2.118957854204502,0.0,0.0,0.0,0.0,0.0,0.0,0.0,0.0,69.32892841610587,22.293575801717836,True,False,True,False,False,17.98428511470873,0,1.1334994271767627,0.7293227987638605,False,False,False,False,0.34282825061280914,0.3389785655184534,False,False,False,False,74933923,63717730.48005965,False,False,False,False,1703158.612836817,False,False,False,False
2025-03-31 00:00:00+00:00,77.1806197306,77.5932174015,75.0032970821,77.1806197306,2085491,,,,,,,,,,,,,,,,69.65277055159588,68.04526335103888,65.15619329958975,64.62737248179415,64.55578741390079,,,66.78258124906748,63.32260001291201,62.60240143144899,57.85677707676234,54.08585823160022,51.15156054721611,47.97625308084471,65.52457708526528,"rgba(38, 166, 154, 1.0)",0.0,0.0,6.782797594095799,62.462837263671815,2.1698690345322302,0.0,0.0,0.0,0.0,0.0,0.0,0.0,0.0,70.60961299535269,22.293575801717836,True,False,True,False,True,18.97048825186548,0,1.1143583373594792,0.7375936579248213,False,False,False,False,0.3332687876435033,0.33612367658097836,False,False,False,False,77019414,64239365.12790045,False,False,False,False,1718152.0397843928,False,False,False,False
2025-04-01 00:00:00+00:00,76.5492955837,77.436043899,75.4034971987,77.3463727211,1853259,,,,,,,,,,,,,,,,69.81428716038678,68.21867227328903,65.31260327110044,64.76964576681043,64.69215749242862,,,66.95964638037981,63.41539450445479,62.688244556466756,57.93071562492761,54.14961568584411,51.2021776873712,48.020415756008695,65.69151676864695,"rgba(38, 166, 154, 1.0)",0.0,0.0,6.906565143811126,62.56665810463752,2.024542907785663,0.0,0.0,0.0,0.0,0.0,0.0,0.0,0.0,69.72523335188018,22.293575801717836,True,False,True,False,True,17.655972535857238,0,1.1251709439348874,0.7335900659832197,False,False,False,False,0.3375983849968391,0.3368610307889087,False,False,False,False,75166155,64667866.691512205,False,False,False,False,1723450.3519497109,False,False,False,False
2025-04-02 00:00:00+00:00,77.3762631137,77.5157516128,75.463277984,76.8581629744,2028416,,,,,,,,,,,,,,,,69.99066064523988,68.40756530286237,65.4837147156659,64.92567944945111,64.84186846846727,,,67.15249036862983,63.51793944218139,62.783159436569655,58.01236677970782,54.21998540495145,51.258050840027735,48.069141394337514,65.87378250822813,"rgba(38, 166, 154, 1.0)",0.0,0.0,7.052265638347546,62.68089930548026,2.083779108987604,0.0,0.0,0.0,0.0,0.0,0.0,0.0,0.0,70.13029886295017,22.293575801717836,True,False,True,False,True,18.708484929978074,0,1.115142638540865,0.7561901324451015,False,False,False,False,0.34038759491431597,0.3386243128516123,False,False,False,False,77194571,65159109.99772742,False,False,False,False,1735409.7891281536,False,False,False,False
2025-04-03 00:00:00+00:00,78.213194108,80.136142702,73.4646070619,73.9289044945,3417204,,,,,,,,,,,,,,,,70.28831084635863,68.7250385235763,65.7726382616159,65.18998534628274,65.09580361637188,,,67.47635977048623,63.693384010516006,62.94565467836265,58.151855634373064,54.34008383125403,51.35341096600074,48.152239174640485,66.1807558055257,"rgba(38, 166, 154, 1.0)",0.0,0.0,7.195218557508564,62.87534088256158,2.1316730135226556,0.0,0.0,0.0,0.0,0.0,0.0,0.0,0.0,71.31020412842766,22.293575801717836,True,False,True,False,True,19.755618921022105,0,1.0840054131522214,0.7402692785787852,False,False,False,False,0.3428282504596343,0.3407262816556233,False,False,False,False,80611775,65765096.86056164,False,False,False,False,1801362.5032799907,False,False,False,False
2025-04-04 00:00:00+00:00,70.6409613027,76.8481995102,70.5911439816,75.9116338738,4044575,,,,,,,,,,,,,,,,70.39931857524,68.88642802661998,65.96775552605112,65.37541908150378,65.27518383789837,,,67.666783312829,63.827249744034184,63.073359711501496,58.27545418543009,54.452567331308146,51.44560198208163,48.23461726057734,66.38195353168477,"rgba(38, 166, 154, 0.5)",0.0,0.0,7.195250612576851,63.00776548468665,1.0608658723673923,0.0,0.0,0.0,0.0,0.0,0.0,0.0,0.0,60.23201273207667,14.523485872399931,False,True,True,False,False,5.867550739514172,0,1.0475932867981474,0.7655287257403566,False,False,False,False,0.22253072375757077,0.281628502706597,False,False,False,False,76567200,66188708.74838275,False,False,False,False,1889331.6207984225,False,False,False,False
2025-04-07 00:00:00+00:00,70.4217650899,73.8093429238,67.7814470722,68.2497298904,2421594,,,,,,,,,,,,,,,,70.40662035119057,68.9288448873432,66.04582518350438,65.45263000413496,65.35039353029455,,,67.73102887618322,63.8876567337482,63.132489688759016,58.33821465617867,54.51186206049353,51.4952009054707,48.27961828838788,66.45984286344653,#000000,0.0,0.0,7.184793496118606,63.78721092190172,0.9234161248451234,0.0,0.0,0.0,0.0,0.0,0.0,0.0,0.0,52.65424808255029,7.982118186016329,False,True,False,False,False,5.518958248716309,0,1.0106730690233379,0.8099992282555223,False,False,False,False,0.11398855964786853,0.19780853117723277,False,False,False,False,74145606,66500743.93472068,False,False,False,False,1910204.6552769158,False,False,False,False
2025-04-08 00:00:00+00:00,70.3022035193,73.5702197826,69.510108114,73.4606216762,2225398,,,,,,,,,,,,,,,,70.42400553176522,68.97584741068357,66.12218018960232,65.52766429035263,65.42346003345705,,,67.79649495729925,63.945911300410266,63.18926614532821,58.39744750857434,54.56750090777813,51.54163634714393,48.321654657762,66.53646429571369,"rgba(239, 83, 80, 1.0)",0.0,0.0,7.167347164743176,63.84937001211647,0.9003098857727437,0.0,0.0,0.0,0.0,0.0,0.0,0.0,0.0,47.489794733731856,3.819759671130086,False,True,False,True,False,5.326235207692925,0,1.0384966170229764,0.8126551276149632,False,False,False,False,0.1318152820545914,0.16481190661591208,False,False,False,False,71920208,66713271.937280655,False,False,False,False,1922565.1785993897,False,False,False,False
2025-04-09 00:00:00+00:00,74.3473699916,75.3835702702,71.5476365465,72.623690682,2879247,,,,,,,,,,,,,,,,70.52493110055764,69.10459711440568,66.26782051917479,65.66611833959817,65.55767174683866,,,67.94158173488555,64.04702326515722,63.28550124417931,58.488952038282775,54.65029042779641,51.60942003869872,48.382063217464896,66.68668013993596,#000000,0.0,0.0,7.158126982255069,64.00293293966789,1.4451318169649523,0.0,0.0,0.0,0.0,1.0,73.9662674853,73.5702197826,0.0,49.3064353363183,3.819759671130086,False,True,False,False,False,10.64415973478258,0,1.0385517836448355,0.8014878795971043,False,False,False,False,0.19854329105983404,0.18167759883787304,False,False,False,False,74799455,67030377.15542652,False,False,False,False,1960082.1127719628,False,False,False,False
2025-04-10 00:00:00+00:00,77.615386255,78.5918057483,73.9662674853,75.0348490226,3524870,,,,,,,,,,,,,,,,70.74637604194737,69.34765966580946,66.50636773264473,65.88922432536332,65.77351872893611,,,68.19562974376436,64.20493934911345,63.43363864386708,58.620965993940345,54.76625255147247,51.70287489615295,48.46422277906578,66.93589773827694,#000000,0.0,0.0,7.195309417125498,64.24087892649791,1.8587814023215643,0.0,0.0,0.0,0.0,0.0,0.0,0.0,0.0,53.379339799016414,3.819759671130086,False,True,False,False,True,14.453779770060983,0,1.0476271740922953,0.7879443366187087,False,False,False,False,0.31702623461846424,0.24935191672816864,False,False,False,False,78324325,67473277.0709,False,False,False,False,2021446.3436436504,False,False,False,False
2025-04-11 00:00:00+00:00,81.829931619,82.6867895417,79.1099058876,79.5682252416,3609948,,,,,,,,,,,,,,,,71.11560436530812,69.72288795658415,66.84202838164406,66.19935508334655,66.0731436558029,,,68.57003564129673,64.41912778667005,63.63206355389829,58.78720280597573,54.90775480725641,51.81489187102975,48.56114691740977,67.28981970310589,"rgba(38, 166, 154, 0.5)",0.0,0.0,7.32782995057663,64.5643807194743,2.356161512477111,0.0,0.0,0.0,0.0,0.0,0.0,0.0,0.0,58.73133704903442,0.4597158992925827,False,True,True,False,True,18.829433522050664,0,1.0740272911909163,0.7779613559552703,False,False,False,False,0.3428282503851246,0.2960900835566466,False,False,False,False,81934273,68040374.95047253,False,False,False,False,2083740.5262458604,False,False,False,False
2025-04-14 00:00:00+00:00,82.0292009033,83.3244512516,79.9767272745,81.142452588,2607119,,,,,,,,,,,,,,,,71.38057327365742,69.9921303414315,67.08427907614983,66.42381994201517,66.29025155028721,,,68.83886802635655,64.57560992885467,63.77717576945857,58.908748645100715,55.01119651105025,51.896816343738685,48.63200130716563,67.54469154965307,"rgba(38, 166, 154, 0.5)",0.0,0.0,7.451870081715704,64.77842308655923,2.314959550766749,0.0,0.0,0.0,0.0,0.0,0.0,0.0,0.0,62.40712339666426,3.601321596934703,False,True,True,False,True,19.024605125850552,0,1.0736353287395985,0.7783757291419428,False,False,False,False,0.3428282505304845,0.3194591670435656,False,False,False,False,84541392,68687473.65829714,False,False,False,False,2104265.1722754342,False,False,False,False
2025-04-15 00:00:00+00:00,83.065401182,83.2845973948,81.6107354062,82.8262780408,1955497,,,,,,,,,,,,,,,,71.586875454575,70.2007616774418,67.27142487143946,66.59735689409871,66.45819479904507,,,69.04661885350703,64.69703059389198,63.88973253880572,59.00253839943883,55.090787340033856,51.95976571810764,48.68634892028611,67.74147089661471,"rgba(38, 166, 154, 0.5)",0.0,0.0,7.58821496492483,64.93897363050235,2.388760418001313,0.0,0.0,0.0,0.0,0.0,0.0,0.0,0.0,65.43286349149514,6.248563504697358,False,False,True,False,True,20.0,0,1.0869093075765144,0.7794624925262358,False,False,False,False,0.34282825050082677,0.3311437087721962,False,False,False,False,86496889,69385882.1030698,False,False,False,False,2098431.126303849,False,False,False,False
2025-04-16 00:00:00+00:00,84.4503227082,85.8842644784,83.3951918476,85.5263768437,2910959,,,,,,,,,,,,,,,,71.93136012220418,70.54494033477515,67.5756278961527,66.87904719886795,66.73084427299227,,,69.38666330178712,64.89382291433651,64.07173950136055,59.15203067946219,55.216628303784944,52.05883757569699,48.77149210197905,68.06165729567073,"rgba(38, 166, 154, 1.0)",0.0,0.0,7.7458634727803215,65.19796292146994,2.4855020817736637,0.0,0.0,0.0,0.0,0.0,0.0,0.0,0.0,68.18572472469417,8.7642931159657,True,False,True,False,True,20.0,0,1.0880357558136673,0.7660532204285063,False,False,False,False,0.3428282505489422,0.3369859796605692,False,False,False,False,89407848,70171057.23628275,False,False,False,False,2130294.964488012,False,False,False,False
2025-04-17 00:00:00+00:00,83.7030628919,84.350688066,82.6568991491,84.3108342092,1746360,,,,,,,,,,,,,,,,72.11363339568865,70.72937483025287,67.74254560254698,67.03447263418958,66.88150682352824,,,69.57056254819445,65.00408354539823,64.17411723379855,59.23736228596944,55.2890392479681,52.11615451878182,48.82094785525397,68.23661316870613,"rgba(38, 166, 154, 1.0)",0.0,0.0,7.85620138379582,65.33393919232049,2.3381686392952736,0.0,0.0,0.0,0.0,0.0,0.0,0.0,0.0,68.94209810724077,9.554667079424,True,False,True,False,True,20.0,0,1.0756856528806056,0.7978732576997936,False,False,False,False,0.29863677827736423,0.3178113789689667,False,False,False,False,87661488,70856956.48191872,False,False,False,False,2115238.691370835,False,False,False,False
2025-04-21 00:00:00+00:00,84.8289343485,87.1006041901,83.9994759524,86.0195683225,2028800,,,,,,,,,,,,,,,,72.34942663259609,70.96533629926144,67.95297282057041,67.23005513569387,67.07107969023717,,,69.80411674260046,65.14240196395183,64.30225669185936,59.342782019552196,55.37784372851087,52.1861480006315,48.88109308367484,68.45747418384724,"rgba(38, 166, 154, 1.0)",1.0,91.08218,7.958729646253907,66.90331799317183,2.252321306549919,0.0,0.0,0.0,0.0,0.0,0.0,0.0,0.0,70.11458587466352,10.913821020411788,True,False,True,False,True,20.0,0,1.076758336582743,0.7769381522501783,False,False,False,False,0.3428282505136279,0.33031981474129735,False,False,False,False,89690288,71595518.50223564,False,False,False,False,2111848.938768057,False,False,False,False
2025-04-22 00:00:00+00:00,83.1550723599,85.6857922712,82.746570327,85.4367056658,2363578,,,,,,,,,,,,,,,,72.5842066009689,71.20400030467454,68.1719353867288,67.43487533583762,67.269935255242,,,70.04302388331882,65.28979258832155,64.43944496839369,59.45774214685258,55.47567152881436,52.263773483213505,48.94813972523558,68.68619405377021,"rgba(38, 166, 154, 1.0)",0.0,0.0,8.001662828703811,67.03249153365456,2.0149037982967766,0.0,0.0,0.0,0.0,0.0,0.0,0.0,0.0,68.4837635566104,10.913821020411788,True,False,True,False,True,18.388418796570516,0,1.0623918808967066,0.796803253892007,False,False,False,False,0.2915123492295453,0.3109160819854213,False,False,False,False,87326710,72212427.9727362,False,False,False,False,2121720.666659506,False,False,False,False
2025-04-23 00:00:00+00:00,81.2321237659,81.7801142979,78.7113673189,79.5981156343,4182438,,,,,,,,,,,,,,,80.57453512756666,72.86249768198121,71.50111493607137,68.4668086309673,67.71509518005941,67.54302487958998,,,70.350475903414,65.49981759097318,64.63724091695866,59.63149480248615,55.627283646374224,52.386010114996324,49.05504000711652,68.99053487436109,"rgba(38, 166, 154, 0.5)",0.0,0.0,8.023091470432416,67.14607777738112,1.7556880711668728,0.0,0.0,0.0,0.0,0.0,0.0,0.0,0.0,64.95997060794981,10.913821020411788,False,False,True,False,False,15.311552422167228,0,1.0332035318641801,0.8253890141453629,False,False,False,False,0.14622286993194386,0.2285694759586826,False,False,False,False,83144272,72641127.73851125,False,False,False,False,2202533.1111042313,False,False,False,False
2025-04-24 00:00:00+00:00,81.8697854759,82.2982144372,80.6243524487,82.2733057767,1408923,,,,,,,,,,,,,,,80.83229158435982,72.96379250601026,71.60781557909269,68.57113688185431,67.81411606801574,67.63953695219004,,,70.46000512480485,65.57398737446466,64.70699107762456,59.69221165280235,55.68002235729005,52.42843584571706,49.09205199401171,69.09832434999821,"rgba(38, 166, 154, 0.5)",0.0,0.0,8.034506315189597,67.21507818065166,1.8239710967110645,0.0,0.0,0.0,0.0,0.0,0.0,0.0,0.0,63.16177834864028,10.913821020411788,False,True,True,False,False,15.969645906708642,0,1.0504160482166813,0.8191031101710715,False,False,False,False,0.18658257431487027,0.20757602513677642,False,False,False,False,84553195,73108267.63111866,False,False,False,False,2171411.145962889,False,False,False,False
2025-04-25 00:00:00+00:00,81.3516853366,81.5509546209,79.4985806267,79.7176772049,1464036,,,,,,,,,,,,,,,80.82567531850502,73.05710023745668,71.70766887894472,68.67127745830129,67.90966068104807,67.73278283387467,,,70.56359646027646,65.64653996926494,64.77547281003345,59.75266621858145,55.732919239098536,52.47118971501408,49.12948182984127,69.20137570702467,"rgba(38, 166, 154, 0.5)",0.0,0.0,7.9977648993315,67.27631634168483,1.7599128221550584,0.0,0.0,0.0,0.0,0.0,0.0,0.0,0.0,61.28965589384975,10.913821020411788,False,True,True,False,False,15.145623072864659,0,1.0406375961931025,0.8304547992427337,False,False,False,False,0.14536323773003731,0.17646963143340688,False,False,False,False,83089159,73499675.13578068,False,False,False,False,2143670.944160423,False,False,False,False
2025-04-28 00:00:00+00:00,81.7701508337,81.8100046906,79.9169464892,80.913292911,1704901,,,,,,,,,,,,,,,80.89184995820085,73.1679927199756,71.8258133807777,68.78929632862928,68.02227074520142,67.84270727986285,,,70.68585753570609,65.73217818838548,64.85629156261881,59.82384615061232,55.79513227515476,52.52145529669069,49.17345991149053,69.32282504091059,"rgba(38, 166, 154, 0.5)",0.0,0.0,7.963885364658352,67.35472143047349,1.8101000633683693,0.0,0.0,0.0,0.0,0.0,0.0,0.0,0.0,60.45548228235552,18.57096733537695,False,True,True,False,False,15.589158502305654,0,1.0363879605200719,0.8368370370998394,False,False,False,False,0.15816694820192498,0.16731828981766594,False,False,False,False,84794060,73942592.18927948,False,False,False,False,2126464.2796835434,False,False,False,False
2025-04-29 00:00:00+00:00,81.5310276925,81.9494931896,80.8933659825,81.0129275532,1597960,,,,,,,,,,,,,,,80.97918364489271,73.27290937489484,71.93728069201197,68.90047074892239,68.1284026456396,67.94634029934669,,,70.80104218152535,65.8130948623057,64.93266514592266,59.89104073163175,55.85383580810375,52.568887386373795,49.21494551736566,69.43719340848502,"rgba(38, 166, 154, 0.5)",0.0,0.0,7.932873391638244,67.43218259891958,1.7772683865648866,0.0,0.0,0.0,0.0,0.0,0.0,0.0,0.0,59.54561014743477,17.29501161973593,False,True,True,False,False,15.199421151546606,0,1.0451219826994078,0.8349321267459807,False,False,False,False,0.17937326779440768,0.1733457788060368,False,False,False,False,83196100,74305474.84852344,False,False,False,False,2105738.6216567378,False,False,False,False
2025-04-30 00:00:00+00:00,83.2148531452,83.2248166095,81.0228910174,81.1922699091,2687839,,,,,,,,,,,,,,,81.28994064540676,73.46497858184215,72.13872339807371,69.09810981387763,68.31668889023844,68.13015676658647,,,71.00751993706179,65.95617235694307,65.06746155807579,60.0084791577154,55.955920465793895,52.65115131944847,49.28670667134377,69.6408456991824,"rgba(38, 166, 154, 0.5)",0.0,0.0,7.907189329535418,67.58202470738819,1.9770398540248821,0.0,0.0,0.0,0.0,0.0,0.0,0.0,0.0,60.667743853670444,17.29501161973593,False,True,True,False,False,16.992619957842177,0,1.0444282348126899,0.8248024922803211,False,False,False,False,0.20630186278733315,0.18982382079668497,False,False,False,False,85883939,74759532.2662284,False,False,False,False,2128566.087474121,False,False,False,False
2025-05-01 00:00:00+00:00,80.8136582688,81.371612265,80.1162157736,80.9332198394,1923516,,,,,,,,,,,,,,,81.22276637097482,73.57230228062762,72.25503416516248,69.21833023458164,68.43243672548056,68.2434516601631,,,71.12937941234038,66.04656610529477,65.15326111723277,60.08540097033251,56.023790903383876,52.706366723396016,49.33522063557404,69.76372782513617,"rgba(38, 166, 154, 0.5)",0.0,0.0,7.783779586920527,67.66213812397913,1.689605929607773,0.0,0.0,0.0,0.0,0.0,0.0,0.0,0.0,58.03153068861964,15.158730908240713,False,True,True,False,False,13.146418852477911,0,1.0259564553068126,0.8310881701029919,False,False,False,False,0.15364166295872272,0.17173274187770385,False,False,False,False,83960423,75120351.51069002,False,False,False,False,2120524.9075731747,False,False,False,False
2025-05-02 00:00:00+00:00,80.5446447349,81.9993105107,79.8073483828,81.7004065842,1389229,,,,,,,,,,,,,,,81.18548564902702,73.64804810765904,72.33726649528454,69.30375095368994,68.51481497436556,68.32412864740334,,,71.21566323209706,66.11124122761233,65.2147128282065,60.14064725811354,56.07261151962294,52.74613400916125,49.370184648482315,69.85093417122137,"rgba(38, 166, 154, 0.5)",0.0,0.0,7.6702392157791985,67.72001138918641,1.6719991365237719,0.0,0.0,0.0,0.0,0.0,0.0,0.0,0.0,55.93111392220101,12.864380439850464,False,True,True,False,False,12.727110540265638,0,1.011681165124117,0.8325070800646331,False,False,False,False,0.1596767964587198,0.1657047691682118,False,False,False,False,82571194,75412541.41223158,False,False,False,False,2091846.6366879523,False,False,False,False
2025-05-05 00:00:00+00:00,83.0952915746,83.3941955012,81.4029971773,82.6867895417,1807622,,,,,,,,,,,,,,,81.32930190207733,73.76915935160511,72.46480546117,69.43060843587622,68.63626342009746,68.44289518281705,,,71.34688302084805,66.20503679334882,65.30335287662146,60.218484612712594,56.14057457778418,52.8011073345513,49.41823065578803,69.98118395252641,"rgba(38, 166, 154, 0.5)",0.0,0.0,7.618789539864455,67.81743299184527,2.0052868638535117,0.0,0.0,0.0,0.0,0.0,0.0,0.0,0.0,57.250170064273085,12.864380439850464,False,True,True,False,False,15.467022019667834,0,1.0288194973873803,0.8141556441202887,False,False,False,False,0.21691326714819165,0.19130901815820173,False,False,False,False,84378816,75764160.02351663,False,False,False,False,2080700.572504111,False,False,False,False
2025-05-06 00:00:00+00:00,85.44666913,85.5662307006,83.4639397507,84.4602861724,2049265,,,,,,,,,,,,,,,81.68372238125787,73.93561253784726,72.63602633712061,69.59496612825973,68.79264455319388,68.59563876592136,,,71.52027679910432,66.32412814350572,65.41534839877197,60.31465600334332,56.22355236229826,52.86775292073615,49.47612022925543,70.15074051385895,"rgba(38, 166, 154, 0.5)",0.0,0.0,7.585566726530974,67.95443693712491,2.3059888368913772,0.0,0.0,0.0,0.0,0.0,0.0,0.0,0.0,60.08578904896336,12.864380439850464,False,True,True,False,True,17.833095108032413,1,1.0435412041866383,0.796086316243512,False,False,False,False,0.3004943647005649,0.2459016914293833,False,False,False,False,86428081,76182353.00298657,False,False,False,False,2079467.8049549302,False,False,False,False
2025-05-07 00:00:00+00:00,84.6296650641,85.0879844181,83.3144877874,83.5436474644,1698597,,,,,,,,,,,,,,,81.88992618165186,74.06389519907957,72.76892712152284,69.72433837423307,68.9161691192851,68.71640973079519,,,71.65557315732144,66.41915271098968,65.504930920346,60.39224771073881,56.29081617677085,52.92195503944951,49.52330878822709,70.28385779931767,"rgba(38, 166, 154, 0.5)",0.0,0.0,7.522581163817125,68.05936804835197,2.2027408750934483,0.0,0.0,0.0,0.0,0.0,0.0,0.0,0.0,60.815399247251264,12.864380439850464,False,True,True,False,True,16.54314723299838,1,1.0430150100786801,0.7960040305052973,False,False,False,False,0.2878667803860645,0.2668842359077239,False,False,False,False,84729484,76517534.61071257,False,False,False,False,2064531.6949566978,False,False,False,False
2025-05-08 00:00:00+00:00,82.1587259382,84.3307611376,82.1587259382,83.8525148552,1782876,,,,,,,,,,,,,,,81.96462106662086,74.17652227130239,72.88800906180336,69.84437945374165,69.03164693794652,68.82952786219934,,,71.778540103668,66.50977627219378,65.59082758685,60.468216083995365,56.35741247030691,52.976009604097854,49.57062865581028,70.40667501381076,"rgba(38, 166, 154, 0.5)",0.0,0.0,7.43828548013274,68.15089483202783,1.8832069760681192,0.0,0.0,0.0,0.0,0.0,0.0,0.0,0.0,58.19236546803293,12.864380439850464,False,True,True,False,True,12.778957527536942,1,1.0246105379598935,0.8116417123209502,False,False,False,False,0.24990979401581948,0.2583970149617717,False,False,False,False,82946608,76769655.13578267,False,False,False,False,2053486.373585847,False,False,False,False
2025-05-09 00:00:00+00:00,85.4566325942,86.2337828032,82.3878856152,83.6930994277,2631889,,,,,,,,,,,,,,,82.23732996050214,74.37111510747157,73.08968353657112,70.0416866438626,69.22049364405252,69.01433720688493,,,71.98401912846235,66.65633569889908,65.72919945985795,60.5884081841561,56.46178177826227,53.060257545341216,49.64401983109513,70.60934154668573,"rgba(38, 166, 154, 0.5)",0.0,0.0,7.39173433120081,69.59158653246126,2.1463225477100463,0.0,0.0,0.0,0.0,0.0,0.0,0.0,0.0,59.27118021367296,12.864380439850464,False,True,True,False,True,16.078614913372824,1,1.0306199734816361,0.7940350633922351,False,False,False,False,0.2922660785688088,0.27533154676529026,False,False,False,False,85578497,77115099.91477159,False,False,False,False,2076168.829523657,False,False,False,False
2025-05-12 00:00:00+00:00,78.6914403905,81.6705161915,78.2829383575,81.4413565145,2898137,,,,,,,,,,,,,,79.54829831316668,81.97068879592389,74.47449851276542,73.20894230835668,70.17878492070811,69.35583087005287,69.14776278709456,,,72.11426823112795,66.76975348961983,65.83855755614914,60.69143280743104,56.555041899960095,53.137508392335995,49.71267123233247,70.74683275601008,"rgba(38, 166, 154, 0.5)",0.0,0.0,7.218713455404561,69.53775850819761,1.2680489312744705,0.0,0.0,0.0,0.0,0.0,0.0,0.0,0.0,54.06948364808195,10.402893471436613,False,True,True,False,False,6.9784931963627805,1,0.9901358756822279,0.801689350458037,False,False,False,False,0.11210084064280736,0.1937161937040488,False,False,False,False,82680360,77333345.40830995,False,False,False,False,2108402.87542469,False,False,False,False
2025-05-13 00:00:00+00:00,78.2231575722,79.3440472967,77.3762631137,78.8608192822,1931226,,,,,,,,,,,,,,79.05490736448697,81.74407461684613,74.52492523551965,73.27100008860684,70.25622432012906,69.43338243047356,69.22448579654525,,,72.1846035980328,66.83703903157799,65.90400221887609,60.755014331515916,56.61345794262658,53.1863430394252,49.7563590183874,70.82361044897927,#000000,0.0,0.0,7.056017560206254,69.5313767529595,1.23182528176509,0.0,0.0,0.0,0.0,0.0,0.0,0.0,0.0,50.288124205106286,6.869722561017696,False,True,False,False,False,6.404008344068085,0,0.9725385508813897,0.8278833562254573,False,False,False,False,0.048332764408942505,0.12102447905649566,False,False,False,False,80749134,77467297.90210173,False,False,False,False,2101454.7626629374,False,False,False,False
2025-05-14 00:00:00+00:00,76.2205012645,76.5094417268,75.144447129,76.3500262993,2792752,,,,,,,,,,,,,75.9581300401,77.92024447023303,81.26813546203093,74.55163487789542,73.31741681094516,70.33364357075303,69.51405161192537,69.30501174910084,,75.9581300401,72.24550771136865,66.9132712951376,65.97969646800044,60.833922434352324,56.68826837059878,53.25003788987989,49.81410716934505,70.89785204357385,"rgba(239, 83, 80, 1.0)",-1.0,80.29251,6.84478145634926,70.30648547491832,0.8640182052994265,0.0,0.0,0.0,0.0,0.0,0.0,0.0,0.0,46.456728579975035,3.34714087570314,False,True,False,True,False,3.988467085862183,0,0.9584029467436552,0.8312685700129521,False,False,False,False,-0.07295926525435542,0.02403260690107012,False,False,False,False,77956382,77486477.67064676,False,False,False,False,2128564.458244783,False,False,False,False
2025-05-15 00:00:00+00:00,78.4822076419,78.5270432309,76.4098070846,77.1570669009,1733613,,,,,,,,,,,,,76.6660055092,77.8991403577713,81.09995773688016,74.58885669841978,73.36503983254504,70.39610065302043,69.57720816286452,69.36765594871916,,76.6660055092,72.3006684795837,66.96949444858892,66.03471073227408,60.88842987903455,56.738843121131815,53.292601334614204,49.85235186354193,70.95930890288778,"rgba(239, 83, 80, 1.0)",0.0,0.0,6.667830949379863,70.36001055864934,1.2181168276328402,0.0,0.0,0.0,0.0,0.0,0.0,0.0,0.0,45.9954083011351,2.9473177367578955,False,True,False,True,False,6.3364694193955415,0,0.9594943388729908,0.8223621194078498,False,False,False,False,-0.006187027211421373,0.008922789844824374,False,False,False,False,79689995,77572890.11493511,False,False,False,False,2113076.1657645954,False,False,False,False
2025-05-16 00:00:00+00:00,78.213194108,78.2231575722,76.4895147984,77.2168476863,2163850,,,,,,,,,,,,,76.98166193760433,77.85083047437766,80.90225994846628,74.63182464956678,73.4209339514209,70.47091089116915,69.65315330666719,69.44306500666868,,76.98166193760433,72.36599151229566,67.03780930447667,66.10171511178822,60.95531901600694,56.80114037860861,53.34516643007883,49.8996616316189,71.03269510643354,"rgba(239, 83, 80, 1.0)",0.0,0.0,6.476454080768833,70.4004987402333,1.2063229771003383,0.0,0.0,0.0,0.0,1.0,78.7113673189,78.5270432309,0.0,45.48887771370755,2.332595783331108,False,True,False,True,False,6.01136161176705,0,0.9537731102760554,0.8266366357051744,False,False,False,False,-0.010850161049154828,-0.0009636856021652271,False,False,False,False,77526145,77571056.97317296,False,False,False,False,2115067.296518925,False,False,False,False
2025-05-19 00:00:00+00:00,80.0663984525,80.1162157736,78.7113673189,79.2493943866,1384230,,,,,,,,,,,,,77.43590320381996,78.04182967067155,80.85741841728637,74.67643331695454,73.47242360130494,70.5310156382306,69.71290263707508,69.50211894704586,,77.43590320381996,72.42239068445251,67.08916682317873,66.1514933693947,61.00289707722329,56.8445835323198,53.3814173417115,49.93200580810574,71.09267920568767,"rgba(239, 83, 80, 1.0)",0.0,0.0,6.363010688072686,70.46343749529166,1.5091851055992824,0.0,0.0,0.0,0.0,1.0,79.6379694911,78.2231575722,0.0,46.839266950741546,2.332595783331108,False,True,False,True,False,7.896783416108779,0,0.9660918230000963,0.8181592396289198,False,False,False,False,0.07487793727884093,0.03695712583833785,False,False,False,False,78910375,77623579.2487348,False,False,False,False,2086407.0103809282,False,False,False,False
2025-05-20 00:00:00+00:00,82.6768260775,82.7864241839,79.6379694911,79.6379694911,1496181,,,,,,,,,,,,,78.10257526185572,78.42196143778679,80.88838555129753,74.74352718184969,73.54550309713909,70.60967126253746,69.78999028496247,69.57806603519117,,78.10257526185572,72.49959103062884,67.15328922635409,66.21308285839609,61.05973293657071,56.89560154949886,53.42356743232245,49.969316879846474,71.17206496835075,#000000,0.0,0.0,6.258027945158732,70.56346125215859,1.9356520826520784,0.0,0.0,0.0,0.0,1.0,83.294560859,80.1162157736,0.0,49.822238790771536,2.332595783331108,False,True,False,False,True,10.43309829892852,0,0.97585039229788,0.7953063394179807,False,False,False,False,0.14069666677826362,0.08882689630830073,False,False,False,False,80406556,77732715.59192167,False,False,False,False,2063260.8923267743,False,False,False,False
2025-05-21 00:00:00+00:00,84.9584593833,85.2673267741,83.294560859,83.294560859,2416183,,,,,,,,,,84.50678233880002,,,79.39347230274396,79.2962413166482,81.09101981975054,74.8918445893448,73.70050039998995,70.76593545770781,69.9412516561055,69.72667179034818,,79.39347230274396,72.65879518597217,67.27540964597944,66.32935739313206,61.16325110577319,56.98682131064636,53.49810063038145,50.03469848787418,71.33129777759866,"rgba(38, 166, 154, 0.5)",0.0,0.0,6.211650227416101,70.77968145736972,2.282610483016252,0.0,0.0,0.0,0.0,1.0,83.7429167488,82.7864241839,0.0,53.378713419894204,-3.3506043166499424,False,True,True,False,True,12.538712865432398,0,0.9938701645497252,0.7908121296802892,False,False,False,False,0.2815588307248356,0.18519286351656816,False,False,False,False,82822739,77932324.35302278,False,False,False,False,2077100.9749806263,False,False,False,False
2025-05-22 00:00:00+00:00,84.2510534239,84.853843009,83.7429167488,84.2809438165,1255969,,,,,,,,,,84.43010780319308,,,79.85716642669568,79.64278118969219,81.18129955086273,74.96541976095445,73.777715715376,70.84448120295583,70.01746656720304,69.8016026758355,,79.85716642669568,72.73836118721336,67.3373961845781,66.38847851329194,61.21618789658515,57.03361673815068,53.53642403561768,50.06836678080351,71.41119358490403,"rgba(38, 166, 154, 0.5)",0.0,0.0,6.149011282285332,70.87553781597862,2.1752302921373503,0.0,0.0,0.0,0.0,0.0,0.0,0.0,0.0,55.043716127477644,-1.6941125831338155,False,True,True,False,True,11.644773441674346,0,0.9942251688091814,0.7895189370712077,False,False,False,False,0.2811954527281916,0.23319415812237987,False,False,False,False,81566770,78074851.6332964,False,False,False,False,2044899.7210598176,False,False,False,False
2025-05-23 00:00:00+00:00,86.3035270527,86.8017002636,85.0879844181,85.8950250198,1505297,,,,,,,,,86.06440391146666,84.90526478279749,,,80.49072273584879,80.13653575646538,81.34141887386151,75.06867164475706,73.88423494415157,70.9497487509623,70.11902777889972,69.90132404292211,,80.49072273584879,72.84679760130669,67.41884474051065,66.46582977463808,61.284191234954285,57.09314435741878,53.584884191710394,50.11072850658184,71.51873785903895,"rgba(38, 166, 154, 0.5)",0.0,0.0,6.163332411912302,71.0095860161907,2.4814402362834826,0.0,0.0,0.0,0.0,0.0,0.0,0.0,0.0,57.54835719720476,0.783059907419613,False,True,True,False,True,13.504021955239594,0,0.9919391893051951,0.7901113511641793,False,False,False,False,0.34282824952638635,0.2880112038243831,False,False,False,False,83072067,78270820.8633632,False,False,False,False,2023738.830037864,False,False,False,False
2025-05-27 00:00:00+00:00,85.2075459888,86.134148161,84.1514187817,84.5649025467,1944925,,,,,,,,,85.55704625310631,84.97601957819064,,,81.03525609149159,80.59088932426936,81.49680297398773,75.18857817493752,74.00918904011428,71.07565122180196,70.24106196564539,70.02129815463265,,81.03525609149159,72.97495319623471,67.51800801734467,66.56032725891704,61.36833468301391,57.16731852403922,53.64555478980101,50.16394826583049,71.64692071752378,"rgba(38, 166, 154, 0.5)",0.0,0.0,6.161922881711383,71.15192771519011,2.2810441713457723,0.0,0.0,0.0,0.0,0.0,0.0,0.0,0.0,58.055649537600935,1.4169274086284105,False,True,True,False,True,12.111096534401675,0,0.9771957889305706,0.8009977241202305,False,False,False,False,0.3040971145545189,0.296054159189451,False,False,False,False,81127142,78382833.4569568,False,False,False,False,2020648.0916050067,False,False,False,False
2025-05-28 00:00:00+00:00,86.0195683225,86.0495159498,84.7118552611,85.4305983177,1253533,,,,,,,,,85.56680008408718,85.06845323846558,,,81.35365145052303,80.86622958858744,81.60138560160657,75.26762282069129,74.09131021112458,71.15805864196854,70.32090359050498,70.09979255464292,,81.35365145052303,73.05900696201432,67.5828755237855,66.62212145372918,61.423225518478326,57.21564731938858,53.685065388820234,50.198583279077994,71.73085125100243,"rgba(38, 166, 154, 0.5)",0.0,0.0,6.151899649527259,71.24296116144048,2.401958419818346,0.0,0.0,0.0,0.0,0.0,0.0,0.0,0.0,58.98677125628848,2.542764016016662,False,False,True,False,True,12.850600726484007,0,0.9703846138908646,0.8143011852718742,False,False,False,False,0.31548855756806254,0.3057713583787568,False,False,False,False,82380675,78539611.55668399,False,False,False,False,1990565.146836183,False,False,False,False
2025-05-29 00:00:00+00:00,85.9097603555,86.713355023,85.4405808602,86.3989049357,976324,,,,,,,,,85.64491041733334,85.16791836601206,,,81.59447507404197,81.0781235779494,81.6875495239677,75.33087535223268,74.1568166473454,71.2234791080822,70.38424084813725,70.16205460476355,,81.59447507404197,73.12590805961172,67.63426826368007,66.6710515826076,61.466558923537875,57.25374033881163,53.71618235866748,50.225837467423744,71.79751947465193,"rgba(38, 166, 154, 0.5)",0.0,0.0,6.159912747160425,71.31480297005723,2.369344824270555,0.0,0.0,0.0,0.0,0.0,0.0,0.0,0.0,59.477239759354866,3.306579017655004,False,False,True,False,True,12.708286915832929,0,0.9744224884490152,0.8162559045406556,False,False,False,False,0.3428282495686571,0.32429980397370695,False,False,False,False,81404351,78651954.27995129,False,False,False,False,1950790.9842151562,False,False,False,False
2025-05-30 00:00:00+00:00,86.5985557848,86.8780669735,85.5453975559,85.7400571338,1866104,,,,,,,,,85.81696642976273,85.36299926981654,,,82.0205136698092,81.46146111963105,81.85470342659396,75.45327764411326,74.28335984612836,71.34959702384423,70.5063342902071,70.28208475181928,,82.0205136698092,73.25499779571274,67.73339806283526,66.76542370663455,61.55003317346665,57.32707548623467,53.77607815284179,50.278278592463415,71.92605410046623,"rgba(38, 166, 154, 0.5)",0.0,0.0,6.153225037311484,71.45088717486627,2.4617446165356194,0.0,0.0,0.0,0.0,0.0,0.0,0.0,0.0,60.363582619135926,4.480291172620937,False,False,True,False,True,13.347554888978355,0,0.9746970930799326,0.806793948594653,False,False,False,False,0.3428282496110257,0.3335640267923663,False,False,False,False,83270455,78833071.95524731,False,False,False,False,1947469.9260106403,False,False,False,False
2025-06-02 00:00:00+00:00,91.6696873512,91.7196000635,88.1458498651,88.5052213934,2707797,,,,,,,,90.51171242659998,87.05672105440584,86.36411501680205,,,82.99905047561202,82.32660758067514,82.28359981435638,75.69234491442892,74.52430179102711,71.57879114678637,70.72601311642498,70.49754476768811,,82.99905047561202,73.49618700803211,67.90721377319927,66.92960008904352,61.69037891061194,57.44803655935618,53.87368155704472,50.362872602514216,72.1613885619062,"rgba(38, 166, 154, 1.0)",0.0,0.0,6.299764372515786,71.72553156445447,3.1658574205976064,0.0,0.0,0.0,0.0,0.0,0.0,0.0,0.0,64.18274530096188,8.344177070576315,True,False,True,False,True,17.760580417029814,0,0.9831885171415209,0.7855073689296417,False,False,False,False,0.3428282505451694,0.33819613866876785,False,False,False,False,85978252,79113275.09425724,False,False,False,False,1977286.674010223,False,False,False,False
2025-06-03 00:00:00+00:00,91.5498968418,91.6397397239,89.7680130138,90.7612759879,1571251,,,,,,,,90.68582622273844,87.57879964548707,86.8327075442553,,,83.49966138947799,82.78169425068089,82.52678550898631,75.83194805191904,74.66491090406758,71.71255727464133,70.85429018915231,70.62339070485677,,83.49966138947799,73.6368900547153,68.00895311235082,67.02572458839569,61.772524913448294,57.518823896917766,53.930810285643446,50.412374806946346,72.29869189342877,"rgba(38, 166, 154, 1.0)",0.0,0.0,6.441515166253172,71.88023926258175,3.05357622726199,0.0,0.0,0.0,0.0,0.0,0.0,0.0,0.0,66.57079036247904,10.726458616789849,True,False,True,False,True,17.600811465617134,0,1.0043732088434296,0.779518720477578,False,False,False,False,0.3428282506950818,0.34051219468192484,False,False,False,False,84407001,79320872.1886001,False,False,False,False,1961363.706401979,False,False,False,False
2025-06-04 00:00:00+00:00,92.5880812569,93.0372956674,91.4301063323,91.9791461673,1747806,,,,,,,,91.16897173600326,88.19342459369001,87.39207232791566,,,84.07662947647306,83.31026567330825,82.82299049921986,75.99800390147192,74.83138043796708,71.86959738622302,71.004639253112,70.77084294601654,,84.07662947647306,73.80288242103028,68.12774128807744,67.13779617388816,61.86760907577248,57.600414573122116,53.9964869888375,50.46914685544178,72.46008251582025,"rgba(38, 166, 154, 1.0)",0.0,0.0,6.561627882464165,72.06222832905122,3.128164732215881,0.0,0.0,0.0,0.0,0.0,0.0,0.0,0.0,68.72839026206948,12.862598632056049,True,False,True,False,True,18.461994428511492,0,1.0089994414094823,0.7751194782918518,False,False,False,False,0.34282825096056124,0.34167022282124304,False,False,False,False,86154807,79588869.63218442,False,False,False,False,1952988.8943862151,False,False,False,False
2025-06-05 00:00:00+00:00,91.4301063323,95.0637517854,90.741310903,94.4248690684,2643040,,,,,,,,91.54782773113203,88.88096026819689,88.05915724184051,,,84.82445167134993,84.01183365187676,83.24107906146696,76.2437649115247,75.07808818216098,72.10326775978854,71.22867176019207,70.99066653082453,,84.82445167134993,74.0491704438831,68.30562605498538,67.30579795358214,62.0105581474157,57.72328429288874,54.09553261797615,50.55482879997972,72.69998318993004,"rgba(38, 166, 154, 1.0)",0.0,0.0,6.654797914174308,73.8430833895072,2.6427583781820823,0.0,0.0,0.0,0.0,0.0,0.0,0.0,0.0,68.51766137861893,12.862598632056049,True,False,True,False,True,16.89282494470006,0,1.0026381734265395,0.7737012049479303,False,True,False,False,0.34282825106508386,0.34224923694316345,False,False,False,False,83511767,79742708.74464777,False,False,False,False,1980049.7220573442,False,False,False,False
2025-06-06 00:00:00+00:00,88.5451515632,91.4700365021,88.2257102047,91.2803681955,2541890,,,,,,,,91.0639717396463,88.95314265724345,88.21265298416722,,,85.18898048181843,84.38464763131104,83.48949817951643,76.43071739087068,75.26898582981853,72.29059123180207,71.40987654903519,71.16890025627002,,85.18898048181843,74.24227891748735,68.45328857920025,67.4462321409333,62.13334609906792,57.83049368413291,54.18289140755811,50.63102341074835,72.89104937252571,"rgba(38, 166, 154, 0.75)",0.0,0.0,6.678641044375377,73.94745349430487,2.185728799003059,0.0,0.0,0.0,0.0,0.0,0.0,0.0,0.0,64.82346403171181,12.862598632056049,True,False,True,False,False,13.131176915875258,0,0.9879640947401946,0.8009010171709049,False,False,False,False,0.24350578561555936,0.2928775112793614,False,False,False,False,80969877,79790832.98995571,False,False,False,False,2002082.6741335269,False,False,False,False
2025-06-09 00:00:00+00:00,88.9744008887,89.0941913982,87.2474210443,88.7248373274,1585757,,,,,,,,90.7386679293337,88.91304051779701,88.22757685476851,,,85.34241175197891,84.5519924538246,83.61071512218234,76.53612442419711,75.37749056683143,72.39887533212742,71.5150799324341,71.27250592086196,,85.34241175197891,74.3527248878382,68.54012945564591,67.52909344811422,62.20667373879369,57.89495624533319,54.23566946242388,50.67721505717407,73.0011450134255,"rgba(38, 166, 154, 0.75)",0.0,0.0,6.710470476736589,74.01466659347679,2.229312288472861,0.0,0.0,0.0,0.0,0.0,0.0,0.0,0.0,62.71514143536429,18.563383124020348,True,False,True,False,False,13.513316616455896,0,0.9798161156287706,0.8221815203408382,False,False,False,False,0.19102633755677312,0.24195192441806726,False,False,False,False,82555634,79899256.55897705,False,False,False,False,1985756.177108683,False,False,False,False
2025-06-10 00:00:00+00:00,88.0160768132,89.2838597048,86.9480445961,89.243929535,1633981,,,,,,,,90.43794664119969,88.85130407252011,88.21834519392667,,,85.46953988305411,84.69603905751373,83.72079633017468,76.63962722591462,75.48444351166778,72.50650067788672,71.6198794695589,71.37578267595862,,85.46953988305411,74.46191495349976,68.62723840034094,67.61235100298386,62.28078524984103,57.96032483175121,54.28931838834754,50.72424588098791,73.11039066636899,"rgba(38, 166, 154, 0.5)",0.0,0.0,6.6744011234780745,74.08571694143302,2.08713255527378,0.0,0.0,0.0,0.0,0.0,0.0,0.0,0.0,60.18235954756127,16.1174080368217,False,False,True,False,False,12.285121888500175,0,0.9740252181042838,0.8275897513028955,False,False,False,False,0.18932874303605063,0.21564033372705893,False,False,False,False,80921653,79939350.53705639,False,False,False,False,1971961.0721240288,False,False,False,False
2025-06-11 00:00:00+00:00,89.0043485161,89.0043485161,87.8463735915,88.1159022377,2352967,,,,,,,,90.18286382786975,88.82877624963356,88.25195659983918,,,85.66672865518092,84.9136917020927,83.88845934648596,76.79228181311161,75.64174843217754,72.66415561613667,71.77332034505297,71.52699127123401,,85.66672865518092,74.6221997295322,68.75473809668685,67.73417218529563,62.388964958227724,58.05562638842164,54.367495801387015,50.79273202295357,73.27048508110737,"rgba(38, 166, 154, 0.5)",0.0,0.0,6.663644244823901,74.20955288307724,2.220225913848097,0.0,0.0,0.0,0.0,0.0,0.0,0.0,0.0,59.41455307621072,15.309005480468386,False,False,True,False,False,13.187672566984538,0,0.9844997650332502,0.8290404259046908,False,False,False,False,0.19891858379351032,0.20727945876028464,False,False,False,False,83274620,80070145.41795614,False,False,False,False,1986902.4810603415,False,False,False,False
2025-06-12 00:00:00+00:00,90.2521663228,91.1206475163,89.7230915728,90.0125853039,1945640,,,,,,,90.36530180396666,90.20181503871369,88.94254889701013,88.38925275509304,,,85.89805310777342,85.15286285601346,84.0667564836781,76.9338187247895,75.78613523776082,72.80622819091337,71.91106469435746,71.66261169690222,,85.89805310777342,74.76822500151196,68.8681087018962,67.84217984749407,62.48366170156496,58.138462572251434,54.43515475862062,50.8517824905763,73.41517587972575,"rgba(38, 166, 154, 0.5)",0.0,0.0,6.66930390382847,74.34621683862882,2.384948971217291,0.0,0.0,0.0,0.0,0.0,0.0,0.0,0.0,60.00825897649515,15.309005480468386,False,False,True,False,False,14.312914830865697,0,0.9896359765642975,0.8186173469248212,False,False,False,False,0.26175980460878556,0.2345196316845351,False,False,False,False,85220260,80272110.69568336,False,False,False,False,1985284.3445481714,False,False,False,False
2025-06-13 00:00:00+00:00,91.5399142993,91.9841374385,90.7013807332,91.290350738,1955366,,,,,,,90.8881900715438,90.31587886611418,89.11334260363331,88.57429917095119,,,86.15784907672425,85.41703148031314,84.26440451454867,77.08393902951875,75.93859924907554,72.95507886268719,72.05516634850181,71.80445016233989,,86.15784907672425,74.92191071986808,68.98632496994941,67.9546732887326,62.581724772859864,58.22396697490004,54.50486293904754,50.91251292789276,73.56694180388577,"rgba(38, 166, 154, 0.75)",0.0,0.0,6.719181926264628,74.49703937580483,2.536450882045063,0.0,0.0,0.0,0.0,0.0,0.0,0.0,0.0,61.46541456051929,15.309005480468386,True,False,True,False,False,15.454410221328821,0,0.992795796206159,0.8098620220191519,False,False,False,False,0.29141167497461296,0.262965653329574,False,False,False,False,87175626,80542836.78604873,False,False,False,False,1984111.0761345176,False,False,False,False
2025-06-16 00:00:00+00:00,91.7295826059,92.2736311697,90.3519917473,90.6814156483,1644142,,,,,,,91.05528176545997,90.39951251686512,89.24203026602788,88.71531852632141,,,86.35970861947284,85.62396227765902,84.42349796114351,77.2081504903147,76.06486418725943,73.07869569516683,72.17496104797874,71.92240518843272,,86.35970861947284,75.04928844834102,69.08495992833745,68.04860690042918,62.66378955617937,58.29561602508597,54.5633414457338,50.963491076454666,73.69288926411355,"rgba(38, 166, 154, 1.0)",0.0,0.0,6.710722432275818,74.6191478562898,2.5497157604546485,0.0,0.0,0.0,0.0,0.0,0.0,0.0,0.0,62.592626511168525,15.309005480468386,True,False,True,False,True,15.622267164407784,0,1.0041122495675725,0.8198660908892533,False,False,False,False,0.29043976843565794,0.276702710882616,False,False,False,False,88819768,80867422.32385075,False,False,False,False,1970778.9555017913,False,False,False,False
2025-06-17 00:00:00+00:00,91.0906998889,92.5082209173,90.2521663228,92.5082209173,1303544,,,,,,,91.09875687377071,90.44828173231171,89.32738802826648,88.81138300360517,,,86.50420038728313,85.77375895000219,84.54181628736974,77.30397056742439,76.16244339867681,73.17465040814763,72.2680738923474,72.01412692596122,,86.50420038728313,75.14787161865634,69.16196546931221,68.12201835668078,62.72814522304932,58.3519163412759,54.60936362499046,51.003650268742064,73.7905588961152,"rgba(38, 166, 154, 1.0)",0.0,0.0,6.693996761933366,74.71110820569791,2.4469076197269217,0.0,0.0,0.0,0.0,0.0,0.0,0.0,0.0,62.34203865305831,15.309005480468386,True,False,True,False,True,14.752631788647378,0,1.0344044580507938,0.7971206359254646,False,False,False,False,0.2926273118278788,0.2846650113552474,False,False,False,False,87516224,81128159.64448406,False,False,False,False,1944612.8788154465,False,False,False,False
2025-06-18 00:00:00+00:00,90.9110141247,91.7395651484,90.6015553087,91.0906998889,988606,,,,,,,91.09690108310247,90.47380868708574,89.38137469526431,88.87407160571976,,,86.60390501503751,85.87825275800616,84.62628479757919,77.3747494936954,76.2346508924322,73.24595565790638,72.33735261319795,72.08239643768924,,86.60390501503751,75.22092703845668,69.21948720425925,68.17690767863733,62.77641992146812,58.39422836802211,54.64400034532286,51.03390294835159,73.8630740842526,"rgba(38, 166, 154, 1.0)",0.0,0.0,6.655258135792571,74.77771964777506,2.424142557320001,0.0,0.0,0.0,0.0,0.0,0.0,0.0,0.0,61.88351877274565,15.309005480468386,True,False,True,False,True,14.506129187497493,0,1.0595234680369472,0.7724927998946052,False,False,False,False,0.2838774811534308,0.2842712462543391,False,False,False,False,86527618,81339903.10940626,False,False,False,False,1907122.4129795467,False,False,False,False
2025-06-20 00:00:00+00:00,89.024313601,91.1456038724,88.9843834312,89.5633708935,2400434,,,,,,,90.77361460956466,90.40667770985166,89.40475696058263,88.92705292687018,,,86.7602579838544,86.05335164040372,84.78106032494034,77.52679346359474,76.39123987844528,73.40367282540272,72.49136045989162,72.23437366182063,,86.7602579838544,75.3805189298218,69.34925982192033,68.30121607637852,62.8873312194801,58.49223840274544,54.72468632935635,51.1046709221922,74.02287545547397,"rgba(38, 166, 154, 0.5)",0.0,0.0,6.573955651963419,74.90922778761475,2.14712215303271,0.0,0.0,0.0,0.0,0.0,0.0,0.0,0.0,58.724958283192315,13.605000638343832,False,False,True,False,False,11.94757275582343,0,1.034763036366386,0.7719017205032108,False,False,False,False,0.2380453093255439,0.2611582777899415,False,False,False,False,84127184,81449208.24237072,False,False,False,False,1926467.9654117215,False,False,False,False
2025-06-23 00:00:00+00:00,90.0125853039,91.509966672,88.714854785,88.8446278369,1469995,,,,,,,90.68641743706277,90.38977887394046,89.43226465338805,88.96970042752885,,,86.85925589297875,86.16271817550997,84.8778800647624,77.62077082746075,76.48789953445853,73.50087898091336,72.58628121018523,72.32805146129856,,86.85925589297875,75.47894544117526,69.42931711706763,68.37790650129043,62.955710060233194,58.55264672818392,54.77442227067052,51.14828464467563,74.1213698940796,"rgba(38, 166, 154, 0.5)",0.0,0.0,6.54425969309134,74.9922085326478,2.295198765890808,0.0,0.0,0.0,0.0,0.0,0.0,0.0,0.0,57.806423218886565,12.583033744529615,False,False,True,False,False,12.896441249602304,0,1.0271065871124128,0.7888410681521696,False,False,False,False,0.22592412860529007,0.2435412031976158,False,False,False,False,85597179,81611873.76227775,False,False,False,False,1908567.0648073403,False,False,False,False
2025-06-24 00:00:00+00:00,88.4153785113,88.7847325821,86.0594984923,87.5468973179,2237093,,,,,,,90.21585754113747,90.19783622417876,89.33412831500713,88.90482390090227,,,86.8980740297726,86.2258630267627,84.9556814692776,77.73491667585007,76.60767759939762,73.62620291153756,72.70983710322605,72.45030677440913,,86.8980740297726,75.60276683403441,69.53638149606445,68.48118741693752,63.050246843130196,58.63738644120683,54.84487539571431,51.21051634323029,74.2474522259452,"rgba(38, 166, 154, 0.5)",0.0,0.0,6.460039012788287,75.07789317747589,2.064613744192759,0.0,0.0,0.0,0.0,0.0,0.0,0.0,0.0,55.00347539095993,9.809153617170345,False,True,True,False,False,10.767873050703397,0,0.9778637613171813,0.8246048414723695,False,False,False,False,0.11872750019883892,0.18113435169822736,False,False,False,False,83360086,81680431.10493353,False,False,False,False,1921450.4348148955,False,False,False,False
2025-06-25 00:00:00+00:00,89.1441041105,89.9327249643,87.836391049,87.8563561339,1405532,,,,,,,90.10188074248414,90.1441793711234,89.32126863334922,88.90697174251059,,,86.95312802825771,86.29267288888222,85.0228033816044,77.81388589367843,76.68971980421922,73.71051221800867,72.79264258824328,72.53216605869555,,86.95312802825771,75.68696248076458,69.60746525785707,68.54958108426071,63.112185186812496,58.69259248711142,54.890618722092015,51.25080693633298,74.33251800512325,#000000,0.0,0.0,6.3830657890009626,75.14384449840378,2.1933440880745563,0.0,0.0,0.0,0.0,0.0,0.0,0.0,0.0,54.07350956092604,8.843379780971887,False,True,False,False,False,11.483977502178963,0,0.9623130107621549,0.8477413927882633,False,False,False,False,0.176509121123878,0.1788217364110527,False,False,False,False,84765618,81801418.8263087,False,False,False,False,1901218.3393319584,False,False,False,False
2025-06-26 00:00:00+00:00,90.0924456435,90.1323758134,88.9444532614,89.5334232661,1727725,,,,,,,90.06356006280515,90.12269476430372,89.33803416128161,88.93824952539539,,,87.04069621761381,86.3923153138798,85.11744045436025,77.91589075711275,76.79517355233727,73.8179319837818,72.89795944972619,72.63623801649925,,87.04069621761381,75.794793860592,69.69750038227933,68.63610273531029,63.19011982369391,58.76185744671482,54.94791719306438,51.301200826000276,74.4410494345195,"rgba(38, 166, 154, 0.5)",0.0,0.0,6.289791244556112,75.23290078027068,2.362486175688331,0.0,0.0,0.0,0.0,0.0,0.0,0.0,0.0,54.62883497354207,8.843379780971887,False,True,True,False,False,12.410593035378788,1,0.963618185411801,0.848632735380033,False,False,False,False,0.20270261099919687,0.19076217370512477,False,False,False,False,86493343,81985415.85272796,False,False,False,False,1894414.6789659993,False,False,False,False
2025-06-27 00:00:00+00:00,87.1775432471,88.0060942708,86.4138787494,87.7166005396,2629218,,,,,,,89.68141221250661,89.91205616025373,89.21033674373967,88.84241212664772,,87.1991720891,87.04797034810701,86.42647082294495,85.17932846722238,78.03533559733376,76.9217179042038,73.95315795198808,73.0320698443647,72.76917708340746,,87.04797034810701,75.92658115303625,69.8159031457087,68.75082333520602,63.29664851300894,58.858127819248615,55.02844975535983,51.372615416895954,74.57650715137324,#000000,0.0,0.0,6.177768539558965,75.32148404319545,1.919149143899613,0.0,0.0,0.0,0.0,0.0,0.0,0.0,0.0,51.28939078370604,6.019908377518803,False,True,False,False,False,8.58601881643989,0,0.9290626514872211,0.8510711715426161,False,False,False,False,0.11042020926728219,0.15059119148620348,False,False,False,False,83864125,82059090.72124845,False,False,False,False,1923230.4954771367,False,False,False,False
2025-06-30 00:00:00+00:00,89.6432312331,89.9327249643,86.558625615,87.2024996032,2045963,,,,,,,89.59019145352931,89.84832026805812,89.18819137276797,88.83703016003055,,87.86101229263788,87.1053403931839,86.49934219540201,85.2591951315575,78.1411699671535,77.03226039455676,74.06830993546122,73.14565828197104,72.88162544777681,,87.1053403931839,76.04052322990474,69.91485738359503,68.84635670543047,63.38409731580784,58.93656580918334,55.09377255388776,51.4303290066972,74.69233451302745,#000000,0.0,0.0,6.091163227286609,75.4102174900365,2.336665955577057,0.0,0.0,0.0,0.0,0.0,0.0,0.0,0.0,51.95578080852498,6.019908377518803,False,True,False,False,False,11.002964601381827,1,0.9189008096732059,0.8579841599823419,False,False,False,False,0.15114526483371293,0.1508682281599582,False,False,False,False,85910088,82210110.22237596,False,False,False,False,1928043.5348701903,False,False,False,False
2025-07-01 00:00:00+00:00,89.2239644501,91.2504205682,89.1142563085,90.8910490398,1475256,,,,,,,89.60751008470687,89.84885709315876,89.20911980282798,88.86657051253844,,88.34118435178569,87.17224740136295,86.57494755349444,85.33304880169563,78.22436122828238,77.11842193664563,74.15667365207727,73.2325291444089,72.96755390257972,,87.17224740136295,76.12878142010486,69.98989962279622,68.91863594240496,63.44962989952951,58.995045954192065,55.142324796923816,51.47311498867213,74.78144463477832,#000000,0.0,0.0,6.024729690817233,75.48406426020568,2.2805836767807826,0.0,0.0,0.0,0.0,0.0,0.0,0.0,0.0,51.89432229579789,6.019908377518803,False,True,False,False,False,10.463313111698188,1,0.9461903341327396,0.836424693200528,False,False,False,False,0.22876907609109165,0.18981865212552493,False,False,False,False,84434832,82297354.21365534,False,False,False,False,1910287.1609537122,False,False,False,False
2025-07-02 00:00:00+00:00,89.5334232661,89.9826376766,88.3954134264,89.7630217426,1035623,,,,,,,89.59454842543703,89.83510637738073,89.21113809788125,88.87523431425205,,88.47991580939029,87.20794592513688,86.61733869378196,85.37726817809924,78.2792876591973,77.17559579541238,74.21592921392748,73.29094272413485,73.02537874534394,,87.20794592513688,76.18757324485819,70.04077004934551,68.96773288744785,63.49447042635546,59.03522567270243,55.1757798296046,51.50265711830568,74.8410809523712,#000000,0.0,0.0,5.978263633612818,75.53164052594057,2.3421153027501718,0.0,0.0,0.0,0.0,0.0,0.0,0.0,0.0,52.21656175753229,6.019908377518803,False,True,False,False,False,10.766873672344001,1,0.9311175976932645,0.8689426614917757,False,False,False,False,0.18867416371077061,0.18924640791814779,False,False,False,False,85470455,82421789.53861003,False,False,False,False,1875986.6056221942,False,False,False,False
2025-07-03 00:00:00+00:00,90.4019044596,90.5017298841,88.3355181717,88.3355181717,778170,,,,,,,89.59926660187129,89.83345573795052,89.21957413811575,88.88801404863801,,88.60366006157493,87.2394928804888,86.65344107331111,85.41352457478402,78.32184496592194,77.21975939649498,74.26144692430196,73.33576158207995,73.06973380368433,,87.2394928804888,76.2328844403219,70.07969238945033,69.00526859779325,63.52863750503333,59.06578719997363,55.201200373074585,51.52508434427783,74.88693193157603,#000000,0.0,0.0,5.979702361468485,75.5692217122408,2.4805051908497693,0.0,0.0,0.0,0.0,0.0,0.0,0.0,0.0,53.45587026648298,6.019908377518803,False,True,False,False,True,11.620599247414084,1,0.9403998836016256,0.8523677967423127,False,False,False,False,0.19788425398020404,0.1935653309491759,False,False,False,False,86248625,82571861.51748806,False,False,False,False,1832934.9740291669,False,False,False,False
2025-07-07 00:00:00+00:00,92.4483256626,92.5980637994,88.0959371528,89.4485716553,1776525,,,,,,,89.69519621443719,89.8829170463737,89.28305966707421,88.95799146970245,,89.04935858003985,87.3445507688489,86.76621003250523,85.5182730669139,78.42875822569657,77.3297812274274,74.37301603373419,73.44521158927759,73.17794939395444,,87.3445507688489,76.3450523662243,70.17381710736588,69.09579831687574,63.61016137490579,59.13827937062568,55.261274834754495,51.57792570527233,74.99963103079573,"rgba(38, 166, 154, 0.5)",0.0,0.0,6.003504134902917,75.66787708947686,2.795109022340083,0.0,0.0,0.0,0.0,0.0,0.0,0.0,0.0,56.405506296810245,2.180427318124231,False,True,True,False,True,13.58330066875003,1,0.9667834018197201,0.814772990523335,False,False,False,False,0.2354826970528614,0.21452401400101867,False,False,False,False,88025150,82785715.96778266,False,False,False,False,1830722.818184886,False,False,False,False
2025-07-08 00:00:00+00:00,86.5686081574,91.9991112522,85.4405808602,91.9491985399,2722984,,,,,,,89.53919841339412,89.77240490523383,89.21834728344466,88.91279070712609,,88.82070706625595,87.37125574537676,86.81301163842917,85.58711381665978,78.55047883164384,77.45837641022223,74.51046976330078,73.5818032127939,73.31347771040559,88.00276675659998,87.37125574537676,76.47879076176885,70.29565248608854,69.21407714475502,63.72042178710803,59.23821527400133,55.34516370187206,51.65241836696057,75.13715223800615,#000000,0.0,0.0,5.949544055985666,76.84509742462949,1.6343287218770948,1.0,91.999115,85.44058,0.0,0.0,0.0,0.0,0.0,51.858841627631506,6.359571403343502,False,True,False,False,False,6.2101706954988884,1,0.9290214326410083,0.8276907565253957,False,False,False,False,0.1699497431533397,0.1922368785771792,False,False,True,False,85302166,82884400.28277159,False,False,False,False,1865713.4527658708,False,False,True,False
2025-07-09 00:00:00+00:00,88.6849071576,88.7348198699,86.2030474528,86.7482939216,1828691,,,,,,,89.44214351859318,89.70032258443983,89.17422032370726,88.88080403752264,,88.69961061193382,87.38459753817207,86.83931778763002,85.62889583004755,78.62941302479727,77.54198098944944,74.60037024100112,73.67130045524556,73.40232871985052,87.95113685906948,87.38459753817207,76.56591458607235,70.37595678397574,69.29214557338824,63.793523305145996,59.30464421109454,55.40103984676505,51.70209881459793,75.22698067963164,#000000,0.0,0.0,5.899952078513082,76.90315766435131,1.996922913349822,0.0,0.0,0.0,0.0,0.0,0.0,0.0,0.0,50.93493556291293,5.579061403738628,False,True,False,False,False,8.250692711247765,1,0.9463070175793601,0.8500024723699151,False,False,False,False,0.12056312775444487,0.15640000316581204,False,False,False,False,87130857,83050927.9971727,False,False,False,False,1864261.5918730916,False,False,False,False
2025-07-10 00:00:00+00:00,89.7330741152,89.8229169973,87.8463735915,89.134121568,1728353,,,,,,,89.4260592588219,89.6807049115092,89.17301354381007,88.88796950474205,,88.74648649274751,87.42738367471586,86.89184948448677,85.6883893188705,78.71279807324676,77.62925954688723,74.69219287059809,73.76227522752703,73.4925378626736,88.27671107157843,87.42738367471586,76.65608069158289,70.45659961047427,69.3702944522869,63.86580174360533,59.369901784778875,55.45571601912353,51.75055930425018,75.31906546459689,#000000,0.0,0.0,5.845679561404568,76.98821504947867,2.1802185583123315,0.0,0.0,0.0,0.0,0.0,0.0,0.0,0.0,51.28226128388429,5.579061403738628,False,True,False,False,False,9.236583441449458,1,0.9558802193048012,0.8436445081746548,False,False,False,False,0.17451986798588567,0.16545993557584887,False,False,False,False,88859210,83278703.76198946,False,False,False,False,1858931.8431721863,False,False,False,False
2025-07-11 00:00:00+00:00,90.8611014125,91.4600539597,89.6132836058,90.3020790351,1780258,,,,,,,89.48826542139479,89.71392677161558,89.21726606933368,88.93770770580025,,88.93633555483848,87.5064402829332,86.97830233604849,85.77355123240385,78.80956612503839,77.7294213190061,74.79533532298404,73.86396950862381,73.59325120255787,88.79974863995166,87.5064402829332,76.7586934554064,70.54560266011778,69.45625313867983,63.94424631137537,59.44021781260604,55.51436713042943,51.80235595685946,75.42288288787644,#000000,0.0,0.0,5.798287378326652,77.09875445524267,2.373519292731065,0.0,0.0,0.0,0.0,0.0,0.0,0.0,0.0,52.521686261082095,5.579061403738628,False,True,False,False,False,10.286226917120235,1,0.9622677630869273,0.8330109491975313,False,False,False,False,0.24324183435453506,0.20435088496519196,False,False,False,False,90639468,83567361.18308792,False,False,False,False,1855846.594420336,False,False,False,False
2025-07-14 00:00:00+00:00,91.2104903983,93.0822171084,90.8910490398,91.0407871766,2234942,,,,,,,89.62313332618415,89.79743839789408,89.3085865643815,89.03347334582124,,89.2477266530565,87.63276340910289,87.1117974928351,85.8992779560926,78.93976563561755,77.86336693661146,74.93166835196958,73.99804449746006,73.72595048340249,89.4354111607796,87.63276340910289,76.89528524836842,70.66219411383449,69.56865375527325,64.04604615589835,59.531094939307316,55.5899833172859,51.86899444532438,75.56037442041482,"rgba(38, 166, 154, 0.5)",0.0,0.0,5.769900584151289,77.24714835176873,2.4200316526918417,0.0,0.0,0.0,0.0,0.0,0.0,0.0,0.0,53.662982383173286,5.579061403738628,False,True,True,False,True,10.611039155379608,1,0.9709265189086141,0.8301202309865884,False,False,False,False,0.3035949147375863,0.25397289985138916,False,False,False,False,92874410,83932343.48963349,False,False,False,False,1870713.0809136562,False,False,False,False
2025-07-15 00:00:00+00:00,90.4518171719,91.6247659102,88.9244881765,91.6247659102,1714549,,,,,,,89.65450928801282,89.81397102061274,89.33641447441973,89.06683019279347,,89.33333090815468,87.69337527958673,87.17980188275675,85.96996390991266,79.02718632001054,77.95423936115917,75.0262190971383,74.09156285106955,73.81865950627886,89.56365199362912,87.69337527958673,76.98870250455916,70.74490912497164,69.64873930065653,64.11973024898435,59.597461862699184,55.64554921365246,51.918183027870214,75.65532889090379,"rgba(38, 166, 154, 0.5)",0.0,0.0,5.707351910025099,77.32866918593626,2.299340954061834,0.0,0.0,0.0,0.0,0.0,0.0,0.0,0.0,53.533070936881586,5.579061403738628,False,True,True,False,True,9.669406201780571,1,0.9769168318651353,0.8408300052736342,False,False,False,False,0.23252934472714737,0.24325112228926826,False,False,False,False,91159861,84215775.54886355,False,False,False,False,1864588.9993091992,False,False,False,False
2025-07-16 00:00:00+00:00,90.3420092049,91.490001587,89.3138073322,90.5316775115,1698786,,,,,,,89.68500096030617,89.83080621466023,89.36379924157981,89.09943025010097,,89.40929735555619,87.7518547370738,87.2453961513903,86.0385622097418,79.11285425240797,78.0433253789312,75.11905428510993,74.18344348921555,73.90976637802838,89.66505541183858,87.7518547370738,77.08031879514533,70.82638066716017,69.72766530963989,64.19246427701223,59.663039957719775,55.700505576858966,51.96685652487625,75.74851947535534,"rgba(38, 166, 154, 0.5)",0.0,0.0,5.664354052940793,77.40741750293923,2.2835069243677393,0.0,0.0,0.0,0.0,0.0,0.0,0.0,0.0,53.312436025306006,5.579061403738628,False,True,True,False,True,9.532088509391027,1,0.9823338187714266,0.8467292904241582,False,False,False,False,0.23772586237469653,0.24048849233198238,False,False,False,False,89461075,84421473.56655517,False,False,False,False,1858086.920904917,False,False,False,False
2025-07-17 00:00:00+00:00,88.8446278369,89.5933185209,88.275622917,89.0592524996,1671359,,,,,,,89.6540887037461,89.80455890177045,89.35226125947315,89.09478990094065,,89.37571310903961,87.77600503669888,87.27817328356402,86.08174278398432,79.18500096971877,78.11938872315308,75.20056589921427,74.2646816950436,73.99047712064853,89.58240723337437,87.77600503669888,77.15936428920124,70.89987364911106,69.79922011492695,64.25961715348626,59.7241972456475,55.752109120847514,52.01278700857646,75.82992030107518,#000000,0.0,0.0,5.601818199668968,77.46222026273732,2.0319130625901627,0.0,0.0,0.0,0.0,0.0,0.0,0.0,0.0,51.37302470732526,5.477569270795101,False,True,False,False,True,7.6665580844765735,1,0.9625115243739575,0.8723560073294517,False,False,False,False,0.1784997578368351,0.20949412508440873,False,False,False,False,87789716,84553561.50512163,False,False,False,False,1850764.2573400182,False,False,False,False
2025-07-18 00:00:00+00:00,88.16581495,89.6332486907,87.8064434217,89.6132836058,1140937,,,,,,,89.62463263618204,89.7804705253032,89.33848490707624,89.08584022811057,,89.33919563336565,87.78670982788388,87.29489956141396,86.10671971743793,79.23179519381424,78.16894631008024,75.25417277868851,74.3182389622894,74.0437241677028,89.51008455181527,87.78670982788388,77.21104183161137,70.94867851990008,69.84682200165749,64.3045653060463,59.76527238478376,55.786852319235535,52.04376220642205,75.88335820751927,#000000,0.0,0.0,5.543296316252949,77.49633761633336,1.9247532018780449,0.0,0.0,0.0,0.0,0.0,0.0,0.0,0.0,49.31596064682517,3.4079828765075533,False,True,False,False,False,6.831164669486647,1,0.9453551139860298,0.8902457607069255,False,False,False,False,0.1699497431533397,0.18972193411887422,False,False,False,False,86648779,84635726.89707765,False,False,False,False,1822927.8943070765,False,False,False,False
2025-07-21 00:00:00+00:00,91.2504205682,92.0090937946,89.5434058086,89.5633708935,1529026,,,,,,,89.66926341382371,89.8090861588072,89.3737461006272,89.12462564822454,,89.42695778386533,87.84508720522011,87.35866317568627,86.17169740844888,79.30976061769658,78.2498268812339,75.33819804386289,74.40139278438643,74.1261879624531,89.63073200916699,87.84508720522011,77.29408318471754,71.02252736477533,69.91837869307432,64.3704806569643,59.82471100366806,55.83670069473467,52.087915070946806,75.96771931191033,#000000,0.0,0.0,5.5022369163380995,77.5705833715696,2.4862319461399593,0.0,0.0,0.0,0.0,0.0,0.0,0.0,0.0,51.49490967888223,3.4079828765075533,False,True,False,False,True,9.882449422898343,1,0.9527987543135022,0.8617015656820987,False,False,False,False,0.25308419921073505,0.22140306666480464,False,False,False,False,88177805,84774631.92072168,False,False,False,False,1811402.329824446,False,False,False,False
2025-07-22 00:00:00+00:00,95.5528963657,96.2317092525,92.0739803206,92.1887795588,3027641,,,,,,94.61952864626666,89.9821812765685,90.03425780665489,89.59364087287884,89.34381896717092,,89.93708488791802,88.08506173118384,87.60211274173172,86.39100102987038,79.50909825604998,78.45265431611081,75.54064100507733,74.59977475640441,74.32240767486205,90.34733818197613,88.08506173118384,77.49921741384493,71.19392553884713,70.08324192760269,64.51801646512796,59.955602856649705,55.9453102876543,52.1833134534759,76.17245584995541,"rgba(38, 166, 154, 0.5)",0.0,0.0,5.555730324181117,77.79228961293943,3.196808649163218,0.0,0.0,0.0,0.0,0.0,0.0,0.0,0.0,56.32794787435702,1.8481468513483605,False,False,True,False,True,13.782457203136815,1,0.9777211742267466,0.8235027886086308,False,False,False,False,0.34282825037380465,0.28211565851930465,False,False,False,False,91205446,85026820.70814437,False,False,False,False,1859097.9639489776,False,False,False,False
2025-07-23 00:00:00+00:00,94.7842405967,96.6626556102,94.3649738137,95.3732106015,1973982,,,,,,94.8764950761875,90.19150989637842,90.18933271216007,89.74466659210769,89.49405564112809,,90.2581456485344,88.24727072596883,87.76616372943543,86.53879093684203,79.64177247987769,78.58742765425238,75.67478411115059,74.73117274747632,74.45236866232094,90.7689364688735,88.24727072596883,77.63535393018016,71.30740917806916,70.19237156512172,64.61549918072764,60.04200657899572,56.01698194929209,52.246232580975565,76.30816459904628,"rgba(38, 166, 154, 0.5)",0.0,0.0,5.596155554261751,77.93732740023789,3.0104440509399972,0.0,0.0,0.0,0.0,0.0,0.0,0.0,0.0,58.59980482898997,3.8269525210888418,False,False,True,False,True,12.823573579617118,1,0.9950612187081835,0.8341894433444513,False,False,False,False,0.34282825065320305,0.3124719545862539,False,False,False,False,89231464,85191708.680374,False,False,False,False,1863603.220264704,False,False,False,False
2025-07-24 00:00:00+00:00,93.8458816061,94.8940485637,92.3784478654,94.2651483891,1335417,,,,,,94.62986088341827,90.28316908440524,90.25840711376962,89.81470167748057,89.5650690377461,,90.39306520921599,88.3293828375261,87.85090304989657,86.61859390301548,79.72140962698224,78.66894883593268,75.75734045343987,74.81242234745498,74.53283907899865,90.929775641822,88.3293828375261,77.71820887779766,71.37860435347497,70.26109174350289,64.67774957996157,60.09763486998011,56.06339393327908,52.28714982586785,76.39139950592882,"rgba(38, 166, 154, 0.5)",0.0,0.0,5.395664239888369,78.01795035271371,2.9334537046200166,0.0,0.0,0.0,0.0,0.0,0.0,0.0,0.0,58.96047686014903,4.086639943695474,False,False,True,False,True,11.657685454926266,1,1.0305844572124498,0.8359396911700044,False,False,False,False,0.2736897488182391,0.2930808517022465,False,False,False,False,87896047,85297761.16349658,False,False,False,False,1842890.0351562842,False,False,False,False
2025-07-25 00:00:00+00:00,93.8159339787,94.2312077448,92.459006983,92.897540073,1553814,,,,,,94.4077798501156,90.37796783781117,90.33087940051378,89.88902305141184,89.64081388739959,,90.52845145239723,88.41835763207482,87.94317512430337,86.7066297901584,79.8116073398981,78.76143013627772,75.85137034745226,74.90507650428206,74.62463963097025,91.08385125391713,88.41835763207482,77.81232825922746,71.46012340122249,70.33985508509052,64.74933918743592,60.16173814831338,56.116960573499874,52.33442315191286,76.48612021449551,"rgba(38, 166, 154, 1.0)",0.0,0.0,5.159095729229348,78.10742520608034,3.0448182389060188,0.0,0.0,0.0,0.0,0.0,0.0,0.0,0.0,59.1627100255478,4.337276503717753,True,False,True,False,True,11.620237123797349,0,1.0385311870331302,0.8223722587239048,False,False,False,False,0.26320876259081694,0.2781448071465317,False,False,False,False,86342233,85338720.84335947,False,False,False,False,1831553.7200521163,False,False,False,False
2025-07-28 00:00:00+00:00,91.5698619267,93.1670687193,91.2204729408,93.1471036343,1381279,,,,,,94.04697524842032,90.41898800008445,90.36310918967553,89.92593116207938,89.68024579452471,,90.58276488965521,88.47208572985218,88.00101418202728,86.76597580758173,79.88203270822905,78.83432198468213,75.92701741404915,74.98002159580147,74.69900878351963,91.12944980792943,88.47208572985218,77.88706410716853,71.52713746916986,70.40487144345926,64.80934129077242,60.21593500992805,56.16252457397868,52.37481186172755,76.56202193299427,"rgba(38, 166, 154, 0.5)",0.0,0.0,4.847193377001996,78.1717878524413,2.7640890371379103,0.0,0.0,0.0,0.0,0.0,0.0,0.0,0.0,56.58131914534835,4.337276503717753,False,False,True,False,True,8.847240478758991,0,1.0412870676201924,0.8160152465802953,False,False,False,False,0.21246097355042876,0.24530289034848024,False,False,False,False,84960954,85323906.45734537,False,False,False,False,1813895.88789321,False,False,False,False
2025-07-29 00:00:00+00:00,93.2169814315,93.226963974,90.9516430725,91.7794953182,1053724,,,,,,93.88555924305932,90.45805232271871,90.39388229782249,89.95957688597902,89.7155181601125,,90.63480437815306,88.51744226664977,88.04921235448302,86.81443522773833,79.93731829046237,78.89139762578685,75.98595889060607,75.03835282002582,74.75687656967426,91.17905231659287,88.51744226664977,77.94546998776485,71.57915742943395,70.45530382168222,64.85574140768192,60.2577777282261,56.19766992659042,52.40593977736097,76.6212106258931,"rgba(38, 166, 154, 0.5)",0.0,0.0,4.694810551068409,78.22341871764556,3.1936459524319516,0.0,0.0,0.0,0.0,0.0,0.0,0.0,0.0,56.46978309957047,4.337276503717753,False,False,True,False,False,10.394888534264116,0,1.030492521052215,0.8332183592133975,False,False,False,False,0.20849300353895392,0.22689794694371707,False,False,False,False,86014678,85350995.53744948,False,False,False,False,1784085.2256228882,False,False,False,False
2025-07-30 00:00:00+00:00,90.8411363276,94.0654975401,90.2322012379,93.0772258372,2024868,,,,,,93.52936501269309,90.50246016746729,90.42997400120656,90.0031125585052,89.76297671703122,,90.68918948727811,88.58570130130342,88.12367940068407,86.893186555706,80.03590641646356,78.99374033083693,76.09293443353751,75.14456662545645,74.86234629425674,91.21461286229707,88.58570130130342,78.05065360131829,71.67482405224989,70.54828151368682,64.94205211774542,60.336009019515146,56.26361876477597,52.46449991959117,76.72837956492813,"rgba(38, 166, 154, 0.5)",0.0,0.0,4.594026430567116,78.3115562121037,2.7273635241035326,0.0,0.0,0.0,0.0,0.0,0.0,0.0,0.0,53.84165193936,8.643028443007644,False,True,True,False,False,7.552259782206082,1,1.0257722119184711,0.8286550745902088,False,False,False,False,0.19447261411625685,0.21068528052998697,False,False,False,False,83989810,85297615.71245146,False,False,False,False,1793527.6873631673,False,False,False,False
2025-07-31 00:00:00+00:00,91.3502459927,92.787732106,90.8012061578,91.3402634502,1225393,,,,,,93.3594063708739,90.52644465527615,90.4497879965215,90.02743939829293,89.78967411176725,,90.71754444395994,88.62476211487486,88.16648367840703,86.93898540302104,80.09443592676685,79.05456558749542,76.15669624369977,75.20793397974504,74.92528913195184,91.2313428457026,88.62476211487486,78.11322444545091,71.73208767734359,70.60397930293637,64.99388682579517,60.38306365651207,56.303335613372695,52.49979424601102,76.79221431329279,#000000,0.0,0.0,4.582563681794122,78.36359362521331,2.83392730996425,0.0,0.0,0.0,0.0,0.0,0.0,0.0,0.0,52.62269465692658,7.40726809221303,False,True,False,False,False,8.039645898203847,0,1.0166196620536647,0.8500713404917664,False,False,False,False,0.15970130371537333,0.18519329212268015,False,False,False,False,85215203,85294383.84137493,False,False,False,False,1771247.8957018668,False,False,False,False
2025-08-01 00:00:00+00:00,91.9392159975,93.7161085542,91.0058482781,93.1870338042,1622409,,,,,,93.23781900382913,90.57219793976432,90.48716701250576,90.06959522976072,89.83445228616216,,90.77426179524272,88.68450749697796,88.2306692153749,87.0055122396826,80.17483227137812,79.13783392458576,76.24341502079457,75.29399036142803,75.01073806733321,91.27960501638674,88.68450749697796,78.1986633367886,71.8095716723707,70.67927108345165,65.06367806624694,60.44628624651147,56.35663517026882,52.5471096482643,76.87912879578131,#000000,0.0,0.0,4.578346965199037,78.43709618621565,2.949125506196178,0.0,0.0,0.0,0.0,0.0,0.0,0.0,0.0,52.44235593999582,7.097383986573263,False,True,False,False,False,8.606002965833039,1,1.0109456244951656,0.8633786697791884,False,False,False,False,0.1457754397117553,0.1654843659172177,False,False,False,False,86837612,85354902.59269357,False,False,False,False,1765411.076262578,False,False,False,False
2025-08-04 00:00:00+00:00,95.7026345025,95.7425646723,93.0372956674,93.0372956674,1546422,,,,,,93.38462834954579,90.67900038297364,90.5727810650364,90.15520559250378,89.9206122794069,,90.91500348549779,88.7802825983913,88.32874484430394,87.09831241154554,80.26684941583554,79.23185016968557,76.33855160314651,75.3877195875875,75.10362261321468,91.43728762517968,88.7802825983913,78.29410663492634,71.89224723926742,70.75917672510617,65.13622274533162,60.51123985507305,56.410973792123784,52.59506097096479,76.97499034730228,"rgba(38, 166, 154, 0.5)",0.0,0.0,4.656211879646745,78.5293208249499,3.688258636300072,0.0,0.0,0.0,0.0,0.0,0.0,0.0,0.0,55.69458155287384,7.097383986573263,False,True,True,False,True,12.076174657107984,1,0.9942845540283567,0.8564864717299364,False,False,False,False,0.270255141659684,0.21786975378845086,False,False,False,False,88384034,85473692.05964676,False,False,False,False,1756823.26935032,False,False,False,False
2025-08-05 00:00:00+00:00,97.8089509602,98.3280431678,94.9040311062,95.1336295826,2763799,,,,,,93.89875440823697,90.95095529122645,90.79211211308287,90.36888870824465,90.13281988432003,,91.27136121361195,89.00348257557575,88.55353730546557,87.30418874938896,80.452722223018,79.42026612760104,76.52599819795691,75.57160191747562,75.28563867931634,91.84763307268044,89.00348257557575,78.48418189456085,72.05248127404877,70.91352918701192,65.27448104815599,60.6340738202646,56.5132124429103,52.68491253981712,77.16446067710507,"rgba(38, 166, 154, 0.5)",0.0,0.0,4.796673665489128,78.72328327216997,3.978938118168566,0.0,0.0,0.0,0.0,1.0,97.1101729884,95.7425646723,903.0,59.312196016944135,4.398755781398563,False,False,True,False,True,13.899980187730574,0,1.0061538818727336,0.8365648459955208,False,False,False,False,0.3428282479598788,0.2803490008741648,False,False,False,False,91147833,85696207.390641,False,False,False,False,1796312.5136895233,False,False,False,False
2025-08-06 00:00:00+00:00,98.3979209649,98.487763847,97.1101729884,97.629265196,1968612,,,,,,94.27454748331137,91.16007264226766,90.9627691546917,90.5345318229341,90.29694163761822,,91.54016370063269,89.1738830242991,88.7245156178879,87.46004823213971,80.59034576556405,79.55943328945773,76.66377389463784,75.70661241375609,75.41924649153368,92.15397633625754,89.1738830242991,78.62430500612174,72.1698272541056,71.0264772912608,65.3752646571297,60.72341882840381,56.587485444571215,52.75010819081216,77.30383621268072,"rgba(38, 166, 154, 1.0)",0.0,0.0,4.935883906434645,78.8674782215368,3.9568278171823312,0.0,0.0,0.0,0.0,1.0,98.9618347881,98.3280431678,902.0,62.105000893401936,6.951796231628869,True,False,True,False,True,14.40113440155357,0,1.019454749888539,0.8518925008250224,False,False,False,False,0.3428282485632542,0.3115886247187095,False,False,False,False,93116445,85987197.10081194,False,False,False,False,1803069.3562899341,False,False,False,False
2025-08-07 00:00:00+00:00,99.6157911443,100.3544992858,98.9618347881,99.5059831773,1908835,,,,,99.6440417394,94.71281794878557,91.39733757569142,91.1576331443173,90.72234239354515,90.48229891448982,,91.84242870072757,89.36273415109761,88.91287638207456,87.62982539701981,80.73416406099508,79.7042631623328,76.80586186356652,75.84552899711095,75.5566367683799,92.49902101697559,89.36273415109761,78.76964194096038,72.2897851036119,71.14172626474664,65.47729599116464,60.813449991304516,56.66210109069458,52.81543756696301,77.4478148307751,"rgba(38, 166, 154, 1.0)",0.0,0.0,5.110390191036527,79.02039805362698,4.030101874959907,0.0,0.0,0.0,0.0,1.0,98.8572177432,98.487763847,903.0,64.74362807731742,9.347179317053786,True,False,True,False,True,15.43205308520185,0,1.0381839565785378,0.8361932229015537,False,False,False,False,0.3428282492278011,0.3272084369732553,False,False,False,False,95025280,86341631.72430952,False,False,False,False,1807217.0285922897,False,False,False,False
2025-08-08 00:00:00+00:00,100.5142199651,103.6287732106,98.8572177432,103.5688779559,3101151,,,,,100.4834152119547,95.44893242910227,91.81467456092082,91.50393099649459,91.05543753149053,90.81057551112161,,92.3656468876139,89.69404139429663,89.24238221795594,87.92580476811497,80.97967010272582,79.95085865748631,77.04647945262172,76.08047716101679,75.78893336063717,93.09095358468817,89.69404139429663,79.01658667103892,72.4920058194441,71.33581146588894,65.64829778892584,60.963909633474984,56.786581189646625,52.924248638364965,77.69186226503925,"rgba(38, 166, 154, 1.0)",0.0,0.0,5.281263973267295,80.83691125981642,3.7258710802728645,0.0,0.0,0.0,0.0,-1.0,98.9618347881,97.6790780828,904.0,67.05523415174488,11.447133393556712,True,False,True,False,True,16.185240140547798,0,1.0321267511303418,0.8149184110268769,False,False,False,False,0.3428282495317313,0.3350183432524933,False,False,False,False,98126431,86803780.71551307,False,False,False,False,1857959.537274945,False,False,False,False
2025-08-11 00:00:00+00:00,97.3397714648,97.6790780828,95.6127916204,96.6110458657,3403090,,,,,99.02470638462671,95.61154530592067,92.04512495668635,91.70368014687915,91.2553776195715,91.01147974081861,96.87721372266667,92.63182201896375,89.91165392410645,89.46414376423593,88.13809988208256,81.18823506390576,80.16324237018354,77.26056692131914,76.29147241444888,75.99811777922557,93.35972491838352,89.91165392410645,79.23168504511538,72.67904011423337,71.51671002215664,65.81239948964314,61.110857660105324,56.90971621538581,53.03289829259603,77.9075629871665,"rgba(38, 166, 154, 1.0)",0.0,0.0,5.3228479077072475,80.92476644289279,3.0838763959682196,0.0,0.0,0.0,0.0,0.0,0.0,0.0,0.0,64.37003839725156,11.447133393556712,True,False,True,False,True,12.209547660562563,0,0.998303120604334,0.8478639717652451,False,False,False,False,0.12885853405562253,0.23193843865405792,False,False,False,False,94723341,87114351.70706157,False,False,False,False,1918552.888754359,False,False,False,False
2025-08-12 00:00:00+00:00,96.241691795,97.7690207904,95.5029836534,97.3697190922,2099845,,,,,98.52133482702578,95.67016322823933,92.16696018728419,91.81133434947732,91.36430653239385,91.12147810116717,96.73501620625915,92.76785473167672,90.03263440182249,89.58810460361065,88.25876869154312,81.3112274777297,80.28879022026975,77.38791082210142,76.41722408347192,76.12286828438454,93.49169245798517,90.03263440182249,79.35909507932794,72.7912679368146,71.62543750167363,65.91159491065537,61.19999366129531,56.984613988075154,53.09910444461996,78.03568865042836,"rgba(38, 166, 154, 0.75)",0.0,0.0,5.343950343930131,81.00959140252816,2.8503446724150523,0.0,0.0,0.0,0.0,0.0,0.0,0.0,0.0,61.33972030088319,17.40284414110633,True,False,True,False,False,10.887768061181529,0,0.9967366939192626,0.8494578038255056,False,False,False,False,0.11381293485103963,0.17287568675254877,False,False,False,False,92623496,87330396.58129446,False,False,False,False,1925662.3833130116,False,False,False,False
2025-08-13 00:00:00+00:00,94.9539438184,96.7308363752,94.5346770354,96.6509760355,2183629,,,,,97.98562435524391,95.6533148838908,92.25645521317323,91.89325768360214,91.44969240894866,91.20888832611851,96.35760210459343,92.86084001433632,90.13325944368772,89.69272101233727,88.3643888016645,81.42795592598503,80.4086140821365,77.51105576662111,76.53928596125095,76.2440935707102,93.57175554313943,90.13325944368772,79.48125150343104,72.90150517129145,71.73255792261077,66.01039226667245,61.28934300230494,57.06004447133391,53.16600235398909,78.15925611603798,"rgba(38, 166, 154, 0.5)",0.0,0.0,5.326381974679599,81.08451079998741,2.6039125778708145,0.0,0.0,0.0,0.0,-1.0,95.5029836534,95.363228059,912.0,57.9333178480464,14.27859455798766,False,False,True,False,False,9.357769410479115,0,0.9814750637993978,0.8829049404360452,False,False,False,False,0.0662361328552187,0.11955590980388374,False,False,False,False,90439867,87452336.59771429,False,False,False,False,1935778.7212223052,False,False,False,False
2025-08-14 00:00:00+00:00,94.1154102523,95.363228059,93.0790226948,94.5147119505,1746345,,,,,97.5261837563825,95.58197253555997,92.29816206342646,91.93429058031465,91.4951486107092,91.25667563126319,95.95554545263374,92.89716016306018,90.19305279493715,89.75641534033386,88.43238161007156,81.51189579124437,80.49539573998469,77.60170027922457,76.62953807113546,76.33384549952737,93.59162737231352,90.19305279493715,79.5702292580481,72.9841565372717,71.81315355675575,66.0856687658874,61.357919925447206,57.11824334009738,53.21780991807425,78.24991578321989,"rgba(38, 166, 154, 0.5)",0.0,0.0,5.2983405003120945,81.13172962521637,2.450518351230699,0.0,0.0,0.0,0.0,-1.0,94.5346770354,94.4448341533,908.0,54.79112563157787,11.417933499364054,False,True,True,False,False,8.370949331395924,0,0.9586911741179285,0.8931137496160865,False,False,False,False,-0.000252357852426369,0.05965177597572868,False,False,False,False,88693522,87501010.53505883,False,False,False,False,1928349.9478410385,False,False,False,False
2025-08-15 00:00:00+00:00,94.1753055071,94.4448341533,92.9175051579,94.0255673703,1619716,,,,,97.15507072390932,95.50706639735593,92.32858198840792,91.96550476926961,91.53081979933505,91.29465879324307,95.64638303313139,92.92068143857426,90.24236467893358,89.80948556133954,88.49039602197466,81.58670552794662,80.57293840874024,77.68318995423411,76.7108194025492,76.41472027500384,93.59903555215361,90.24236467893358,79.649900469178,73.05902289164827,71.88626147636998,66.15428780666367,61.42061308092009,57.17156566466943,53.265346213976656,78.33131502517064,#000000,0.0,0.0,5.26115064007469,81.17553857799473,2.470898063645014,0.0,0.0,0.0,0.0,0.0,0.0,0.0,0.0,52.76500998793147,9.572090578197546,False,True,False,False,False,8.427710623293066,0,0.9449943644234351,0.910413021256415,False,False,False,False,-0.025653162606014357,0.016999306684857163,False,False,False,False,90313238,87611293.96505651,False,False,False,False,1916246.6557688408,False,False,False,False
2025-08-18 00:00:00+00:00,93.226963974,94.6844151722,92.0939454055,94.4148865259,1876653,,,,,96.75545877993012,95.40365794976395,92.35099277042457,91.99093540823355,91.56199405362993,91.32876047680273,95.31090715585235,92.93225362807593,90.28999362986275,89.86171120408981,88.54981313939051,81.66869107266284,80.65824851061582,77.77363826903539,76.8012611426423,76.50477660022416,93.59041661747263,90.28999362986275,79.73782352035387,73.14298119274453,71.96840602601768,66.23191028280539,61.49180993671518,57.23229551554935,53.31959282948372,78.42150035735939,#000000,0.0,0.0,5.237116404195482,81.22284923138331,2.2921229577788518,0.0,0.0,0.0,0.0,0.0,0.0,0.0,0.0,50.3564133484544,7.300314144002769,False,True,False,False,False,7.295027269214987,0,0.9432470632497792,0.9228073314934834,False,False,False,False,-0.03940074679525914,-0.011200720055200987,False,False,False,False,88436585,87643658.31936803,False,False,False,False,1914693.963385749,False,False,False,False
2025-08-19 00:00:00+00:00,90.8611014125,93.0273131249,90.7862323441,92.7627757499,1337942,,,,,96.39474209213343,95.2774149469068,92.3386049034865,91.98528198996253,91.56194807697126,91.33146230027353,94.958989710879,92.90543361748303,90.30376678304788,89.87944059357945,88.57588980140316,81.717649993418,80.70994840158146,77.83019627660322,76.8582768701522,76.56168129810341,93.54417918117088,90.30376678304788,79.79171893828503,73.1971850130678,72.0217486217755,66.28336992411072,61.539553790860715,57.27334305202647,53.35646447041197,78.47755580205038,"rgba(239, 83, 80, 1.0)",0.0,0.0,5.146903141300541,82.21801311123626,1.6792793771284713,0.0,0.0,0.0,0.0,0.0,0.0,0.0,0.0,46.448433204167614,3.6201269099762357,False,True,False,True,False,4.545778779255986,0,0.9506040034987141,0.9060067716769151,False,False,False,False,-0.10953690618651668,-0.06036881312085883,False,False,False,False,87098643,87622285.1695889,False,False,False,False,1892076.2393314058,False,False,False,False
2025-08-20 00:00:00+00:00,93.0772258372,93.2469290589,91.490001587,91.8393905729,1589161,,,,,96.10609782737329,95.1771086031243,92.34345395770995,91.994747508186,91.57680449006446,91.34902429228644,94.72303956115796,92.89861977946768,90.33306964040635,89.91285414368191,88.61694584509036,81.78129315895326,80.7765847651398,77.90184910973764,76.93020893283597,76.63339200475582,93.51945878930589,90.33306964040635,79.86073588677245,73.26479921415522,72.08810462716556,66.3467403775854,61.59803574598607,57.32345481218832,53.40136423515721,78.54879532644647,"rgba(239, 83, 80, 1.0)",0.0,0.0,5.059733766216722,82.27981736487985,2.1339874727032577,0.0,0.0,0.0,0.0,0.0,0.0,0.0,0.0,46.60777538075597,3.6201269099762357,False,True,False,True,False,6.72587225321627,0,0.9588224478301385,0.8818512119430376,False,False,False,False,-0.0876100668051561,-0.07398943996300747,False,False,False,False,88687804,87664070.22176187,False,False,False,False,1880197.2103380174,False,False,False,False
2025-08-21 00:00:00+00:00,94.35,95.28,92.69,93.0,1375585,,,,,95.98244017748713,95.14342820414724,92.37083292732503,92.02231754609302,91.60762348135096,91.3815600477763,94.67383604554814,92.92185809988115,90.37421455648148,89.95689497517326,88.66494724880535,81.84334695980849,80.84091374462714,77.96959208252814,76.99786072573785,76.70073836451984,93.53253576597403,90.37421455648148,79.92685013678954,73.32746290978962,72.14937780947825,66.40447181696362,61.65092400879728,57.36855885035713,53.44163263694122,78.61641050314783,"rgba(239, 83, 80, 1.0)",0.0,0.0,5.033407057577683,82.35579233386503,2.3829202623455528,0.0,0.0,0.0,0.0,0.0,0.0,0.0,0.0,48.105711581725814,3.6201269099762357,False,True,False,True,False,7.941919224456239,0,0.9702919379184705,0.8680759648850679,False,False,False,False,-0.01135828687743215,-0.04267386342021981,False,False,False,False,90063389,87758161.15424179,False,False,False,False,1860408.4962071148,False,False,False,False
2025-08-22 00:00:00+00:00,95.57,96.28,93.1,93.25,1439561,,,,,95.92170608301956,95.13832474790458,92.41260738443283,92.06222466977795,91.65011748366652,91.42548916889868,94.69769805882115,92.96253855443804,90.42621340880686,90.01153397396352,88.72223958428124,81.912215940425,80.91197819624263,78.0437003640093,77.07168918398247,76.77418503219158,93.56557725678873,90.42621340880686,79.99962246525354,73.39538848352854,72.21568220992927,66.46653549008114,61.70757808790268,57.41676583126222,53.48459527480446,78.69051301349946,#000000,0.0,0.0,5.05428091030708,82.43851104251206,2.5980924270966392,0.0,0.0,0.0,0.0,0.0,0.0,0.0,0.0,50.352752132990474,3.6201269099762357,False,True,False,False,True,9.090144113440054,0,0.967087892970005,0.8604989521174056,False,False,False,False,0.021803191578319784,-0.010435335920950013,False,False,False,False,91502950,87905015.61878133,False,False,False,False,1843904.6728264436,False,False,False,False
2025-08-25 00:00:00+00:00,95.5,96.12,95.01,96.05,1183041,,,,,95.90370332792645,95.14866402223655,92.4532142426105,92.10035874726627,91.6899805789616,91.46635350319835,94.74808551629664,93.00372405083978,90.47322048161917,90.06051366679974,88.77269291472253,81.97067654879694,80.97215002850443,78.10611892469367,77.13379247647732,76.83594642909924,93.60191366240073,90.47322048161917,80.06111827813137,73.4523318056273,72.27121721302044,66.51833605096562,61.75477394499193,57.45687943993497,53.52031134521444,78.75298643311396,#000000,0.0,0.0,5.059688337729209,82.50653641308676,2.56803635315307,0.0,0.0,0.0,0.0,0.0,0.0,0.0,0.0,51.76282574111532,3.6201269099762357,False,True,False,False,True,9.005927475153666,0,0.972507234220165,0.8711820803824288,False,False,False,False,0.06303606696733567,0.02630036552319283,False,False,False,False,90319909,87999717.3200056,False,False,False,False,1817988.4503626616,False,False,False,False
2025-08-26 00:00:00+00:00,96.7,97.14,95.23,95.84,1627307,,,,,95.93152736082,95.18964428246005,92.5216357908555,92.16354216566839,91.75479427724926,91.53220910284364,94.86993965454413,93.07574460258462,90.54663564349944,90.13627318287752,88.84907755075105,82.0550463089455,81.05868913358869,78.19522449185104,77.22228228649828,76.92390471787733,93.66981565500137,90.54663564349944,80.14931906921896,73.5330485350059,72.34983130444907,66.59127662211925,61.82103602889585,57.51309452651321,53.57028977893116,78.84229373679159,"rgba(38, 166, 154, 0.5)",0.0,0.0,5.035601438778637,82.60668381678484,2.7987354349937266,0.0,0.0,0.0,0.0,0.0,0.0,0.0,0.0,53.96204058909221,-2.793519333325598,False,True,True,False,True,10.142173368408312,0,0.9702172992301519,0.8735582691664392,False,False,False,False,0.09237437649864731,0.05933737101092007,False,False,False,False,91947216,88154521.18980931,False,False,False,False,1810510.746426871,False,False,False,False
2025-08-27 00:00:00+00:00,96.58,96.72,94.5372,95.95,1821582,,,,,95.9324413204477,95.21730557977772,92.58752746714565,92.22536308734375,91.81895199495139,91.5977515996903,94.95403217356379,93.14313081776672,90.6210111881767,90.21348190833957,88.92819516976236,82.1456421469335,81.15184071656287,78.29170774116885,77.31826829441627,77.01936603709903,93.73092604168158,90.6210111881767,80.24444915921596,73.62111471398931,72.43572822639624,66.67138190411208,61.89402938248262,57.57516472391613,53.62556071161812,78.93887366276783,"rgba(38, 166, 154, 0.5)",0.0,0.0,5.059399688658948,82.69967821140747,2.7434720802363937,0.0,0.0,0.0,0.0,0.0,0.0,0.0,0.0,55.251815597077325,-1.3573933544688828,False,True,True,False,True,9.992851395068694,0,0.9676955394194243,0.8791371175115256,False,False,False,False,0.06603977843307442,0.06268857472199724,False,False,False,False,90125634,88231819.73138541,False,False,False,False,1810944.9132336606,False,False,False,False
2025-08-28 00:00:00+00:00,97.23,97.88,96.0601,96.75,1415875,,,,,95.98598475383258,95.26816520739762,92.65339021649947,92.28597425323159,91.88054354628616,91.66004447130452,95.07446887503919,93.21327401890545,90.6891908338477,90.28345061717447,88.99802791895699,82.22085171441776,81.22882120546709,78.37065457213758,77.3966083284705,77.09722354528985,93.79891786800474,90.6891908338477,80.32278008627085,73.69247274849029,72.50519790227848,66.73569610388054,61.95239419382437,57.62466507729594,53.669547258986164,79.01804786224743,"rgba(38, 166, 154, 0.5)",0.0,0.0,4.936279851171846,82.78370923623444,2.9265542471900354,0.0,0.0,0.0,0.0,1.0,97.04,96.72,0.0,56.83205514009057,0.37638131616370885,False,False,True,False,True,10.616954779791776,0,0.9798216733960734,0.8717638652777497,False,False,False,False,0.1297583561276996,0.09622346542484841,False,False,False,False,91541509,88361611.4674095,False,False,False,False,1795451.9754597917,False,False,False,False
2025-08-29 00:00:00+00:00,100.42,100.71,97.04,97.34,2019444,,,,,96.20250400471807,95.42455109891367,92.7920744362435,92.41085470317778,92.00441418938043,91.78383909161155,95.40039903119575,93.36723663002739,90.81870375831403,90.41434366947864,89.12382313194169,82.34348465737105,81.35333400501736,78.49603050265355,77.5204077738477,77.22008945631299,93.95732849929844,90.81870375831403,80.44865095038438,73.80359046881824,72.61295839704526,66.83397975777642,62.04081556746149,57.69921740634816,53.73549640532968,79.14423603704198,"rgba(38, 166, 154, 1.0)",0.0,0.0,4.852506665211467,82.94007983717677,3.6022454720443906,0.0,0.0,0.0,0.0,1.0,99.75,97.88,0.0,60.77562062953297,4.277262237441768,True,False,True,False,True,13.57037040486745,0,0.9848634625505313,0.8475464720757084,False,False,False,False,0.22221532214714407,0.15921939378599625,False,False,False,False,93560953,88565507.2137856,False,False,False,False,1804235.976422153,False,False,False,False
2025-09-02 00:00:00+00:00,101.57,102.58,99.75,102.19,3258979,,,,,96.67704568969019,95.76354251869024,93.06564233228316,92.65607184388298,92.24544726314718,92.02358687789886,96.0413361835164,93.67399998716844,91.06457575188432,90.66112272332546,89.35712845731926,82.55950232195839,81.5716126741572,78.71344808670534,77.73447655139995,77.43237779892812,94.27838057844802,91.06457575188432,80.66844681113872,73.99413551641949,72.79732746641135,67.00058067148252,62.18988480594983,57.82445652834807,53.8459606150545,79.36351791444709,"rgba(38, 166, 154, 1.0)",0.0,0.0,4.701176261704079,83.22037175437222,3.9031993748254843,0.0,0.0,0.0,0.0,0.0,0.0,0.0,0.0,64.23131697417992,7.59585178081209,True,False,True,False,True,14.589770387667098,0,1.0167883537611746,0.8301608190544119,False,False,False,False,0.3387172349706198,0.24896831437830802,False,False,False,False,96819932,88889210.14657833,False,False,False,False,1861284.7224448137,False,False,False,False
2025-09-03 00:00:00+00:00,102.44,103.4,101.13,102.5,2310364,,,,,97.0266073757811,96.02130907510207,93.2719685251812,92.841502639743,92.42735758567201,92.20431676720585,96.49056382388257,93.9047888462698,91.24874641399869,90.84558569221025,89.53089489052104,82.71788453066844,81.73136153256368,78.87195616922583,77.89040426363002,77.58697650725503,94.52025297836015,91.24874641399869,80.82906945644956,74.13262808359599,72.9312432040248,67.121210287004,62.297626702047886,57.91488603578443,53.92564295974025,79.52349091955675,"rgba(38, 166, 154, 1.0)",0.0,0.0,4.640660036673668,83.41977318944623,4.098603789168552,0.0,0.0,0.0,0.0,0.0,0.0,0.0,0.0,67.12945212242343,10.341581087853427,True,False,True,False,True,15.353860190801665,0,1.029042048508537,0.8261350692410054,False,False,False,False,0.3428282494957197,0.29589828193701384,False,False,False,False,99130296,89290821.35651644,False,False,False,False,1878895.6745058014,False,False,False,False
2025-09-04 00:00:00+00:00,102.73,103.08,100.48,101.25,2072023,,,,,97.2933056576978,96.2281236008296,93.44489867259112,92.99802242514806,92.58139396504883,92.35757925661522,96.82843252816582,94.09624065830278,91.4055895817929,91.00295475586867,89.68012885816223,82.85616657208803,81.87099859034419,79.01095621506619,78.02729181133553,77.7227465139018,94.71917626765521,91.4055895817929,80.96961076934885,74.25469734095205,73.04939665231197,67.22800477740739,62.39321847681695,57.99526227815784,53.99654901615667,79.66366889623819,"rgba(38, 166, 154, 1.0)",0.0,0.0,4.555219104329378,83.5841430988903,4.2030594934309695,0.0,0.0,0.0,0.0,1.0,103.5501,103.4,929.0,69.26147162427466,12.37864688134249,True,False,True,False,True,15.609368208409052,0,1.0534671669679267,0.8155915283992551,False,False,False,False,0.31914981332404824,0.30752404763053104,False,False,False,False,101202319,89757938.91116285,False,False,False,False,1886469.295113417,False,False,False,False
2025-09-05 00:00:00+00:00,104.24,105.98,103.5501,104.7,2115005,,,,104.59003333333334,97.66512992140049,96.50892355096485,93.6634591832534,93.19473300829219,92.77354081545545,92.54801674877338,97.27824095093868,94.34074498731665,91.59733948484735,91.19420912998103,89.85871061380229,83.0133263090252,82.02890054138273,79.16627401473272,78.1797413922925,77.8738094490928,94.9768129378785,91.59733948484735,81.12787051034486,74.38926516372695,73.17928590308927,67.34409115216535,62.496418780485065,58.0816262834275,54.07245164801801,79.82067577973093,"rgba(38, 166, 154, 1.0)",0.0,0.0,4.567482707914212,83.78148873515373,4.4791655651804,0.0,0.0,0.0,0.0,0.0,0.0,0.0,0.0,71.67648103255931,14.717655006544476,True,False,True,False,True,16.93102658346106,0,1.0565117131635515,0.8050897060444789,False,False,False,False,0.3428282501963399,0.3251761489134355,False,False,False,False,103317324,90289679.50288196,False,False,False,False,1895431.4796187733,False,False,False,False
2025-09-08 00:00:00+00:00,106.05,106.62,105.15,106.06,2158419,,,,105.27187386745774,98.07418131511626,96.821418632367,93.90432827075065,93.41169596263819,92.98508370656931,92.7574580743118,97.76191444447653,94.61014813260387,91.80710249545953,91.40303456946764,90.05290252864766,83.18127498262729,82.19730438604302,79.33116109932686,78.34138738630378,78.03393369078125,95.26125727678101,91.80710249545953,81.29637510002604,74.5314537084412,73.31639273415158,67.46608601064052,62.604579278694544,58.171982319247945,54.15174155506177,79.98750160524345,"rgba(38, 166, 154, 1.0)",0.0,0.0,4.708082604330649,83.99267386749798,4.684991319441371,0.0,0.0,0.0,0.0,0.0,0.0,0.0,0.0,74.29884837883887,17.26201379477152,True,False,True,False,True,18.469740211420337,0,1.0529502107819984,0.7968888223661413,False,False,False,False,0.3428282504493586,0.33400219968139705,False,False,False,False,105475743,90885211.40472974,False,False,False,False,1905744.7157121547,False,False,False,False
2025-09-09 00:00:00+00:00,104.61,106.84,104.5,106.59,2162503,,,,105.28692446742068,98.41594968902895,97.09437654037089,94.12434027888635,93.61133313258524,93.18044295461787,92.95121113144559,98.162177741384,94.85362159105999,92.00219655205032,91.59768623925208,90.23536355312011,83.3425503024324,82.35929712358694,79.49051346352775,78.49784693134413,78.18899629715237,95.51602016201046,92.00219655205032,81.45870628983735,74.66983001909018,73.45001018913644,67.58557299833542,62.71085470849393,58.26099096832156,54.22998551844024,80.14855612689169,"rgba(38, 166, 154, 1.0)",0.0,0.0,4.830496191940091,84.18510120639358,4.228323133281073,0.0,0.0,0.0,0.0,0.0,0.0,0.0,0.0,73.35231655381936,17.26201379477152,True,False,True,False,True,16.50140413705448,0,1.0689596345445762,0.7929491626442334,False,False,False,False,0.3342057671405293,0.33410398341096315,False,False,False,False,103313240,91372585.07513249,False,False,False,False,1915813.6680371684,False,False,False,False
2025-09-10 00:00:00+00:00,105.45,106.23,103.79,105.25,1752939,,,,105.25904099991787,98.66429595877275,97.29903117347963,94.29409216068127,93.7661669903375,93.33228901295901,93.10195964371272,98.45020212809736,95.04010760147544,92.15440255073625,91.74972607362643,90.37856166618728,83.47062726748894,82.48804936837851,79.61746697249964,78.62259965033742,78.31266974606584,95.71002997620099,92.15440255073625,81.58781992665413,74.78050832880895,73.55696555045058,67.68146934876349,62.79629287937645,58.3326512014468,54.293037092191064,80.27679223151719,"rgba(38, 166, 154, 1.0)",0.0,0.0,4.947245633935574,84.33326008943965,4.268383151568283,0.0,0.0,0.0,0.0,0.0,0.0,0.0,0.0,73.30374061252073,17.26201379477152,True,False,True,False,True,17.22559726465121,0,1.0630640224498908,0.8104288401738282,False,False,False,False,0.30802742338647726,0.3210657033987202,False,False,False,False,105066179,91909588.75846063,False,False,False,False,1909426.426153358,False,False,False,False
2025-09-11 00:00:00+00:00,107.37,107.37,104.76,105.59,1635392,,,,105.46561684728083,98.92467607818318,97.51188757698594,94.46682809055687,93.9235194871168,93.48622563808196,93.2545825633478,98.74801354599528,95.23040981805057,92.30760620657011,91.90243549183957,90.52162169471039,83.59608521754532,82.61390431901111,79.74095068340938,78.74377785727154,78.43275450756953,95.90887498793128,92.30760620657011,81.71380701453451,74.88757714531611,73.6603145236892,67.77368602602638,62.878210181871026,58.40122126213303,54.35326984376859,80.40164484542602,"rgba(38, 166, 154, 1.0)",0.0,0.0,5.15559058158933,84.4810539361979,4.439636100185842,0.0,0.0,0.0,0.0,0.0,0.0,0.0,0.0,74.46274306453518,17.973861468620868,True,False,True,False,True,18.846952416447042,0,1.0510552812178602,0.8124174304456125,False,False,False,False,0.3428282504325213,0.33194697691562075,False,False,False,False,106701571,92489666.49342296,False,False,False,False,1898679.9780689126,False,False,False,False
2025-09-12 00:00:00+00:00,106.63,108.67,106.15,107.63,1892789,,,,105.73771457832622,99.2293065462271,97.76322091093985,94.6712206285796,94.11001649337602,93.66863448304184,93.43540067695142,99.09300611242465,95.45517923121376,92.48882350232265,92.08297554440396,90.69066853077551,83.7436660006408,82.76184991960288,79.88589827785006,78.88597360664835,78.57365773126618,96.14363213395228,92.48882350232265,81.861824199213,75.01312830159458,73.78147470483857,67.88165359556294,62.97404507132917,58.48140954133883,54.42367623757949,80.54823426399649,"rgba(38, 166, 154, 1.0)",0.0,0.0,5.293869212000529,84.65423711108932,4.151172235062857,0.0,0.0,0.0,0.0,0.0,0.0,0.0,0.0,73.8654505621817,17.973861468620868,True,False,True,False,True,17.822479989268007,0,1.066271632990524,0.7947532075979992,False,False,False,False,0.3428282507011611,0.3373876138083909,False,False,False,False,104808782,92972769.06230833,False,False,False,False,1898448.9593211121,False,False,False,False
2025-09-15 00:00:00+00:00,107.7,107.975,105.4184,106.25,2087265,,,,105.93328446240808,99.53543778830408,98.02228242040296,94.88703375904889,94.30785103402482,93.86249592504852,93.62773668297301,99.43687169018443,95.69099328989674,92.68201863900597,92.27564026586738,90.87182560139134,83.90346496110008,82.9221562857484,80.04328233296441,79.04048534381849,78.72680399461825,96.38872151289235,92.68201863900597,82.0223070848863,75.1499432809728,73.91359886190834,67.99967165478992,63.07896361958815,58.56931629350577,54.500924654423045,80.70731945006544,"rgba(38, 166, 154, 1.0)",0.0,0.0,5.465382416240529,84.83726699842454,4.18318998751821,0.0,0.0,0.0,0.0,0.0,0.0,0.0,0.0,74.18198485059726,18.35667647983378,True,False,True,False,True,18.728821956089234,0,1.0611367774830212,0.80427993909715,False,False,False,False,0.3165582107181676,0.32697291226327924,False,False,False,False,106896047,93518779.96182564,False,False,False,False,1905853.5099359704,False,False,False,False
2025-09-16 00:00:00+00:00,105.23,107.6,104.48,107.6,2051398,,,,105.9121588603622,99.76694062933164,98.22943817982986,95.0706421443659,94.47777472610531,94.02989310835329,93.79424397360722,99.6954871258,95.88882407099476,92.8507026915194,92.44444022003347,91.03240500404067,84.04994717837421,83.06952358520864,80.18904830698779,79.18392995553586,78.869085813603,96.59178271251476,92.8507026915194,82.17019685957393,75.27799860774525,74.03752738945492,68.11124508049139,63.17864871698508,58.653162600734724,54.57480753082451,80.85441772947165,"rgba(38, 166, 154, 0.75)",0.0,0.0,5.540631056561412,84.99631277468032,3.651874131080833,0.0,0.0,0.0,0.0,0.0,0.0,0.0,0.0,70.25005429878965,18.35667647983378,True,False,True,False,False,15.355120530050481,0,1.0557831421051305,0.8200368701047116,False,False,False,False,0.2927417731567241,0.30985734271000165,False,False,False,False,104844649,93962931.68881287,False,False,False,False,1911561.1369973049,False,False,False,False
2025-09-17 00:00:00+00:00,105.11,106.715,103.3,103.85,1931055,,,,105.81765216939861,99.94508577772272,98.39668645158764,95.2265208182588,94.62316583001862,94.17371330852563,93.93758189156293,99.89338589586295,96.05486907287742,92.99683518744345,92.59104755661541,91.17311745630298,84.18149014427242,83.20212378102887,80.32089780123891,79.31389901818802,78.99807017756979,96.76051582979962,92.99683518744345,82.30349283007693,75.3947108679319,74.15065053901117,68.21365287667207,63.270464054326816,58.73060256187305,54.64317516685331,80.98731572565664,"rgba(38, 166, 154, 0.75)",0.0,0.0,5.6132177199314315,85.1339249657353,3.5587564977808688,0.0,0.0,0.0,0.0,0.0,0.0,0.0,0.0,67.44576863588622,23.205301423292028,True,False,True,False,False,15.194178227910864,0,1.0720073324072004,0.8207140935939038,False,False,False,False,0.2559282770116699,0.28289280986083576,False,False,False,False,102913594,94313938.05395746,False,False,False,False,1912325.602213097,False,False,False,False
2025-09-18 00:00:00+00:00,104.78,104.9,102.805,104.19,1800755,,,,105.66541114174571,100.07382996092024,98.52571902774753,95.35490838862705,94.74403500844694,94.29389592467314,94.05765941172672,100.03580688751957,96.18973228974322,93.12025737760953,92.7152726820128,91.29364575560477,84.2975677576778,83.31941791893807,80.43826406581829,79.42982105154967,79.11318517419205,96.89581529533217,93.12025737760953,82.42164532537173,75.49951990437981,74.25241528146994,68.30637044977361,63.35392575680894,58.80121677075678,54.70565262949621,81.10545110172193,"rgba(38, 166, 154, 0.75)",0.0,0.0,5.731219799543698,85.2504531430854,3.407572478457289,0.0,0.0,0.0,0.0,0.0,0.0,0.0,0.0,65.04177298369021,20.853329204237212,True,False,True,False,False,14.745600994577611,0,1.06090873235709,0.8077125339983214,False,False,False,False,0.20729406484293375,0.24509343735188477,False,False,False,False,101112839,94580561.62046894,False,False,False,False,1907950.2844792502,False,False,False,False
2025-09-19 00:00:00+00:00,107.65,108.445,105.38,105.39,8717736,,,107.15833333333335,106.12521625832203,100.98616439855053,99.36966359118858,96.12257491356716,95.4615811297981,95.00203041142167,94.76245573743887,101.02634546889098,97.00726479365353,93.83336697523622,93.42887356537273,91.97570850100094,84.92294623083227,83.9482296921927,81.06025022241745,80.04224854639729,79.7208341922383,97.73020933868783,93.83336697523622,83.05245885164734,76.04824540659642,74.78387244646309,68.78550779112915,63.78252756146798,59.16237122401775,55.024092992904215,81.73291617935186,"rgba(38, 166, 154, 0.75)",0.0,0.0,5.916456047720064,85.9153662899819,3.673589989465679,0.0,0.0,0.0,0.0,1.0,105.63,104.9,934.0,66.07370800240736,20.853329204237212,True,False,True,False,False,17.292618734737513,0,1.062636575151944,0.7943309266192375,False,False,False,False,0.3232381395638023,0.28416578845784357,False,False,False,False,109830575,95178601.3608427,False,False,False,False,2175000.70469575,False,False,False,False
2025-09-22 00:00:00+00:00,107.67,109.67,105.63,109.48,2966934,,,107.2848685380075,106.27051187995363,101.26624210526191,99.63650836117725,96.37234711899582,95.69684568151978,95.23474199988846,94.99429617253739,101.32598029972381,97.27071838089998,94.06828726632773,93.66415944058512,92.201840027787,85.13264805458982,84.15917017588201,81.26929696914733,80.24827163257979,79.92532328241198,97.99748641052746,94.06828726632773,83.26415847119836,76.23360419938318,74.96357507029686,68.94797276447564,63.9281422478592,59.28532020296959,55.132616246115674,81.94367731288555,"rgba(38, 166, 154, 0.75)",0.0,0.0,6.095613957096298,86.1338253215288,3.533060792571935,0.0,0.0,0.0,0.0,0.0,0.0,0.0,0.0,66.77782160211144,20.853329204237212,True,False,True,False,False,17.309959412925146,0,1.050349040233804,0.8007426353077629,False,False,False,False,0.34282825050281274,0.31349701948032815,False,False,False,False,112797509,95869538.91531947,False,False,False,False,2206056.9123547403,False,False,False,False
2025-09-23 00:00:00+00:00,107.61,109.36,106.96,108.49,2830505,,,107.41977135951399,106.41212179244192,101.52468761732476,99.88507963943286,96.60723229401707,95.91876716412517,95.4544299788456,95.2132325831017,101.6008637864442,97.51756618960685,94.2901869110512,93.88645554721775,92.41591949058412,85.33192411141769,84.3596350869003,81.46807254729787,80.44423755799595,80.11985746992333,98.24740768655167,94.2901869110512,83.46536088187206,76.41020486422623,75.13485282971433,69.10297717554538,64.06717305398769,59.40280804253366,55.236361175425884,82.14404020779571,"rgba(38, 166, 154, 0.75)",0.0,0.0,6.2536224685705255,86.34010435285258,3.4012119781847603,0.0,0.0,0.0,0.0,0.0,0.0,0.0,0.0,67.1336996566067,20.853329204237212,True,False,True,False,False,17.225123617346462,0,1.050891844606996,0.8155616586186327,False,False,False,False,0.34282825060545685,0.3281626350428925,False,False,False,False,109967004,96422380.68334617,False,False,False,False,2230545.0726545546,False,False,False,False
2025-09-24 00:00:00+00:00,105.31,108.355,105.25,107.32,1915145,,,107.28983178467207,106.40642589937376,101.64609377108982,100.01198304816096,96.73825240940972,96.04423282463432,95.57954934743364,95.33836650572155,101.72883766712604,97.65254978103007,94.41850024757126,94.01560258835603,92.54229183618997,85.45498688043412,84.48390230721591,81.59251998888593,80.56731065218861,80.24215055492552,98.38166991331711,94.41850024757126,83.59048973548865,76.52231505520815,75.24388872658868,69.20267802626307,64.15718341268625,59.479255590201184,55.30410758616534,82.26920709308386,"rgba(38, 166, 154, 0.75)",0.0,0.0,6.313116958674534,86.46108456272988,2.985674993930024,0.0,0.0,0.0,0.0,0.0,0.0,0.0,0.0,63.43636198005274,18.86990085526132,True,False,True,False,False,14.024812824753756,0,1.0526369469945067,0.8127675511241416,False,False,False,False,0.2919323746305367,0.3100475048367146,False,False,False,False,108051859,96878438.65654828,False,False,False,False,2218176.442354376,False,False,False,False
2025-09-25 00:00:00+00:00,107.35,107.53,104.64,105.41,2008209,,,107.20453434915188,106.41171975493694,101.77217912704913,100.14386913991673,96.87470698549859,96.17510283427055,95.7100958009146,95.46894183080545,101.86135229142576,97.79290604049243,94.55237109628358,94.15034681135057,92.67426432652987,85.58372128364505,84.61389584283168,81.72273634300922,80.69611376254728,80.37014818938641,98.52119628706258,94.55237109628358,83.72138678095932,76.63976341444712,75.35814376279916,69.3072164814992,64.25160621845805,59.559494884623206,55.375233395829426,82.40016049409255,"rgba(38, 166, 154, 0.75)",0.0,0.0,6.416521275853407,86.58750655724826,3.235786581256257,0.0,0.0,0.0,0.0,0.0,0.0,0.0,0.0,63.09776668649125,18.413391855389534,True,False,True,False,False,15.881515893984396,1,1.0450087429414445,0.8188286948943586,False,False,False,False,0.2656290843047179,0.28783829457071625,False,False,False,False,110060068,97395365.29746795,False,False,False,False,2209942.425007146,False,False,False,False
2025-09-26 00:00:00+00:00,109.04,109.22,107.43,108.01,1897402,,,107.33131427922659,106.51397734551638,101.9346424748866,100.30236660365716,97.0269661876598,96.3198015140868,95.85356136679366,95.61200856937603,102.03249276686519,97.95183883977226,94.69745638327589,94.29576247880513,92.81488530671979,85.71572889865634,84.74672100554064,81.85462965358428,80.82624408012809,80.49936886469146,98.6815281517749,94.69745638327589,83.85473469827153,76.75747247448994,75.47240716577488,69.4108810208683,64.34475646141603,59.63836582538189,55.44494913824502,82.533040361288,"rgba(38, 166, 154, 0.75)",0.0,0.0,6.5373065912035,86.72269616472528,3.4138377210737754,0.0,0.0,0.0,0.0,1.0,110.3,107.53,938.0,64.33503796975715,18.413391855389534,True,False,True,False,False,17.365077176163894,1,1.0782043374615435,0.7970684206636531,False,False,False,False,0.3428282506375219,0.3153332726041191,False,False,False,False,111957470,97966428.226979,False,False,False,False,2197685.9377519637,False,False,False,False
2025-09-29 00:00:00+00:00,110.49,112.08,110.3,111.26,2175650,,110.95666666666668,107.68168940044683,106.74357220127257,102.17551807493487,100.52748844324813,97.2319656134881,96.51324541716791,96.04441830280032,95.80186844441776,102.286363989742,98.16822422724161,94.88824753907794,94.48630418720121,92.99713896652253,85.88090231409872,84.91234670990963,82.01768816465837,80.98671655378541,80.65860162860523,98.90221219773318,94.88824753907794,84.02052748766542,76.90145563201531,75.61186931797029,69.53630093262561,64.4568411564728,59.73289984192318,55.52825556119972,82.69761240994214,"rgba(38, 166, 154, 1.0)",0.0,0.0,6.699160345932475,86.8981083751729,3.5216191890602193,0.0,0.0,0.0,0.0,0.0,0.0,0.0,0.0,66.25830793484938,18.413391855389534,True,False,True,False,True,18.604115768067732,1,1.0926940619620438,0.7848454966276414,False,False,False,False,0.3428282507871649,0.329080761695642,False,False,False,False,114133120,98600416.1396465,False,False,False,False,2196821.783330318,False,False,False,False
2025-09-30 00:00:00+00:00,111.84,112.68,109.31,109.6,2746114,,111.13521169239323,108.07254919190633,107.02115798550265,102.47222003724345,100.80672138281099,97.48809515581775,96.75548135412414,96.28356409315248,96.03982650327816,102.59798639171288,98.43786000183864,95.12743596510239,94.72522655279123,93.22602459013723,86.0889452982812,85.12096745074447,82.22315806091711,81.1889782655232,80.85932220293768,99.17678356221936,95.12743596510239,84.22936994004908,77.08316150880812,75.7879212494732,69.69474413478932,64.59851594940872,59.85246727681015,55.63365395431948,82.90495648833013,"rgba(38, 166, 154, 1.0)",0.0,0.0,6.900842115392687,87.1178968407424,3.582476275484359,0.0,0.0,0.0,0.0,0.0,0.0,0.0,0.0,68.46021787321527,13.351135294917661,True,False,True,False,True,19.73288611993886,1,1.0831280016658307,0.8072061507667948,False,False,False,False,0.3353998978440909,0.33224032976986645,False,False,False,False,116879234,99317232.52632704,False,False,False,False,2218362.654572266,False,False,False,False
2025-10-01 00:00:00+00:00,111.47,114.005,110.85,113.0,2310316,,111.44607917408732,108.41076498391558,107.27039667185949,102.72945381399208,101.04843185486402,97.7090186083798,96.96452619569342,96.48985977542252,96.24504731492439,102.86746238787933,98.67040740169425,95.33341186919326,94.93086705802006,93.4228632487133,86.26704319959474,85.2994404870186,82.39868323096105,81.36170732534765,81.03072368810227,99.41375729244295,95.33341186919326,84.40793369275947,77.23823216746028,75.93813329758659,69.82976176781848,64.71915690831723,59.95425089647449,55.7233385519302,83.08212515349715,"rgba(38, 166, 154, 1.0)",0.0,0.0,7.088860893233594,89.08704721422693,3.1574822983390574,0.0,0.0,0.0,0.0,0.0,0.0,0.0,0.0,69.27063007023548,14.241789124811987,True,False,True,False,True,19.205563241802736,1,1.083015120186324,0.8312641014350964,False,False,False,False,0.3428282508257243,0.33753429029779536,False,False,False,False,114568918,99915337.8390201,False,False,False,False,2221968.6681184517,False,False,False,False
2025-10-02 00:00:00+00:00,109.83,112.22,105.63,112.0,2395761,,110.89380770136663,108.47600061017016,107.3649805902572,102.90446528964803,101.22587536593123,97.88671180688482,97.135252172651,96.65974428869008,96.41472816435532,103.04898119288572,98.8533925719736,95.50599692866021,95.1041143920255,93.59187600257026,86.42886121560778,85.46241077773401,82.56109094926063,81.52220061245455,81.19019178613607,99.59675433359146,95.50599692866021,84.57168825731179,77.38442467007305,76.0802883136636,69.95938665426108,64.83604620346591,60.05357221714584,55.81130202987864,83.24557456001669,"rgba(38, 166, 154, 1.0)",0.0,0.0,7.22232777378132,89.16817099022849,2.8608268216209476,0.0,0.0,0.0,0.0,0.0,0.0,0.0,0.0,67.0555019602857,14.241789124811987,True,False,True,False,True,16.89206120289729,1,1.0263905305048762,0.8524261266382966,False,False,False,False,0.2215171606251994,0.2795257254614974,False,False,False,False,112173157,100396036.62964676,False,False,False,False,2228784.0536824344,False,False,False,False
2025-10-03 00:00:00+00:00,109.66,111.27,109.31,110.33,1308435,,110.7964423386291,108.54311224516388,107.43482812249793,103.00849560369939,101.32956582814832,97.98859264652859,97.23294117943612,96.75679763459617,96.51158753839289,103.15690757992516,98.95867863797633,95.6042056962436,95.20258221344552,93.68761933772826,86.51955016083416,85.55364499646083,82.65177376990705,81.61175108352516,81.27915308426485,99.70244821597538,95.6042056962436,84.66327698500906,77.46582892788827,76.15939983152279,70.03135189908339,64.90084816909145,60.108585673725585,55.85998643621542,83.33688553141616,"rgba(38, 166, 154, 0.75)",0.0,0.0,7.334568778901329,89.24965346074734,2.782760262329968,0.0,0.0,0.0,0.0,0.0,0.0,0.0,0.0,65.30484344898885,14.241789124811987,True,False,True,False,False,16.65398079054291,1,1.0674447306075847,0.8459180906507494,False,False,False,False,0.26785375204786355,0.2736897387546805,False,False,False,False,110864722,100806573.31083709,False,False,False,False,2192691.9339301824,False,False,False,False
2025-10-06 00:00:00+00:00,109.81,111.28,109.71,110.7,2009905,,110.71419423998476,108.64719760637986,107.54248399665113,103.16661691585446,101.48749776506426,98.14418441307527,97.38230261015386,96.90522920501006,96.65973930244908,103.32068955530583,99.11926891142377,95.75442621170892,95.35320945591968,93.83419557260724,86.65860496686098,85.69353802386935,82.79085474280643,81.74911691585652,81.41562438715287,99.86356482595629,95.75442621170892,84.80371749279975,77.59079975194732,76.28087437050678,70.14191011750471,65.000440362502,60.19317210839212,55.9348581916121,83.47691605434179,"rgba(38, 166, 154, 0.75)",0.0,0.0,7.437984874941181,89.38055446792065,2.7466371437386004,0.0,0.0,0.0,0.0,0.0,0.0,0.0,0.0,64.29784655265375,14.241789124811987,True,False,True,False,False,16.7897687492013,1,1.069468206953869,0.8405191914409614,False,False,False,False,0.2749061311924984,0.27429793497358945,False,False,False,False,112874627,101279830.31825525,False,False,False,False,2185523.818874097,False,False,False,False
2025-10-07 00:00:00+00:00,108.32,110.405,107.5,110.06,1706489,,110.48446842168244,108.65180511875852,107.57998010296788,103.26786349295486,101.59472898853309,98.25699225102935,97.49176042174373,97.01462274035282,96.76922425969143,103.42468265818368,99.23390990013692,95.86642305870181,95.46591566557831,93.94526335824774,86.76785172189969,85.80378116069396,82.90135165023251,81.85853457445741,81.52441778972491,99.9770563728331,95.86642305870181,84.91468400509362,77.69124264094457,76.37873638261672,70.23175309468836,65.08181831000633,60.26258532203465,55.99648597329831,83.5879663532218,"rgba(38, 166, 154, 0.5)",0.0,0.0,7.4746325626371375,89.46693797216787,2.5222727498434443,0.0,0.0,0.0,0.0,0.0,0.0,0.0,0.0,61.118442645399725,16.167455895539703,False,False,True,False,False,14.674393538320434,1,1.0669844198012877,0.8441938835316504,False,False,False,False,0.22244087963413864,0.24836940730386403,False,False,False,False,111168138,101667607.09008837,False,False,False,False,2166738.139702564,False,False,False,False
2025-10-08 00:00:00+00:00,107.21,110.6,106.1176,110.53,2506234,,110.11806139411935,108.60662396432646,107.59736173282678,103.39017150513762,101.73031733524772,98.40659296916738,97.63805873726197,97.16141170612545,96.91641147549217,103.54939314036434,99.38424142658594,96.01787170823313,95.61869149042995,94.09712647458367,86.92082776824867,85.9584491341882,83.05717856477293,82.01310008748091,81.67818418220607,100.12446027292,96.01787170823313,85.07062417884642,77.83397998624064,76.51802067152765,70.36033648755732,65.19869984837916,60.3625652464434,56.085424945601936,83.74439011257364,"rgba(38, 166, 154, 0.5)",0.0,0.0,7.49772280908782,89.58332787664845,2.350936754021721,0.0,0.0,0.0,0.0,0.0,0.0,0.0,0.0,57.3546247561437,12.638258558780919,False,True,True,False,False,13.130455788810423,1,1.0580221716433686,0.8456771946822379,False,False,False,False,0.20257867728548143,0.22547404229467272,False,False,False,False,108661904,101941893.24341825,False,False,False,False,2180051.702851483,False,False,False,False
2025-10-09 00:00:00+00:00,103.38,108.5,102.5,108.165,2917041,,109.34437676472017,108.33137009797483,107.46103593037225,103.43135371849124,101.80424116743711,98.51900323821167,97.75241452879702,97.2785425781311,97.03501109770505,103.58784029343728,99.4903816503714,96.14378042320885,95.74727326398025,94.2301993878279,87.06962638303335,86.11014223271863,83.21327160099469,82.16894105172297,81.83353052367333,100.2224995106525,96.14378042320885,85.22463783450536,77.98106549730007,76.66235189415143,70.49632830060688,65.32387868864348,60.47066391473959,56.18223430846525,83.90036310674584,#000000,0.0,0.0,7.438578036157873,89.65774272587063,1.8447419933524143,0.0,0.0,0.0,0.0,-1.0,106.1176,105.96,947.0,50.61372161732466,6.475260681802169,False,True,False,False,False,8.093390968926652,1,1.036863432115313,0.8685784559945926,False,False,False,False,0.10883396144849491,0.1671540018715838,False,False,False,False,105744863,102091029.31230381,False,False,False,False,2208953.2439161306,False,False,False,False
2025-10-10 00:00:00+00:00,105.45,105.96,103.58,104.31,2518573,,108.8597448170599,108.13573519965126,107.36175737112158,103.47003911291897,101.86940570839975,98.61596646846112,97.8510165049669,97.37947813637349,97.13718330534928,103.6244584692581,99.58211560201816,96.25210718631061,95.85785717017836,94.34462017584511,87.19757140249607,86.24056620648743,83.3475029470521,82.30298291879326,81.96715960469267,100.30751424831703,96.25210718631061,85.35705296419809,78.10772742769508,76.78667955771343,70.61357345304727,65.43187662867305,60.564000285162365,56.265858802386376,84.03447515855342,"rgba(239, 83, 80, 1.0)",0.0,0.0,7.4090948241337715,89.73616133834521,2.1208850790341938,0.0,0.0,0.0,0.0,0.0,0.0,0.0,0.0,48.87648998658884,5.121300922559058,False,True,False,True,False,10.137895397073503,1,1.0388780872783687,0.8765239080199613,False,False,False,False,0.08391125650722484,0.12553262918940433,False,False,False,False,108263436,102333084.4765272,False,False,False,False,2221095.195135106,False,False,False,False
2025-10-13 00:00:00+00:00,108.99,109.19,106.96,108.2,1822998,108.38000000000001,108.82392733906539,108.14568514255747,107.39060764121403,103.5563280784141,101.96419803190857,98.72062374486461,97.95373589508021,97.48263204695516,97.24065479546742,103.71227497362354,99.68694318718624,96.35857989576184,95.96529242500709,94.45176212278132,87.3064354410186,86.35067909156415,83.45865857115088,82.41334641696855,82.07699457713146,100.41023863686115,96.35857989576184,85.46811836319745,78.21011253871532,76.88670369772788,70.70624408183795,65.51633519391837,60.636441151773724,56.33039959694514,84.14598634538686,#000000,0.0,0.0,7.44403679308715,89.83550524670417,2.5731327350616406,0.0,0.0,0.0,0.0,1.0,107.21,105.96,0.0,51.32856687005675,5.121300922559058,False,True,False,False,False,13.421529622318598,1,1.050123123951511,0.8648696214184465,False,False,False,False,0.1923498975654106,0.15894126337740747,False,False,False,False,110086434,102637137.39901632,False,False,False,False,2205483.5404239255,False,False,False,False
2025-10-14 00:00:00+00:00,108.32,110.16,107.21,107.56,1919267,108.47402477287598,108.80493680876413,108.16285959678282,107.4245763368413,103.64728640333296,102.06382620437404,98.83045617984736,98.06159981153752,97.59095546804296,97.34931141221374,103.80478730907888,99.79691183432844,96.47035253937796,96.07806802452272,94.56427015820847,87.42083234045141,86.46638436382526,83.57547542334075,82.52934626891559,82.1924460518192,100.5180236177695,96.47035253937796,85.58482322184831,78.31780916523772,76.99193684272542,70.8037906837709,65.60527442298878,60.71276262110464,56.398414872068784,84.26316749059731,#000000,0.0,0.0,7.403888569912192,89.94064297058038,2.4823924422781505,0.0,0.0,0.0,0.0,0.0,0.0,0.0,0.0,52.21986143839453,5.121300922559058,False,True,False,False,True,12.565395677308068,1,1.045664750784077,0.8790620699975296,False,False,False,False,0.21278583160250128,0.18586354748995437,False,False,False,False,108167167,102854001.30493726,False,False,False,False,2194259.3623680854,False,False,False,False
