date,Close,High,Low,Open,Volume,Gap_Up_aVWAP_884,Gap_Up_aVWAP_754,Gap_Up_aVWAP_632,Gap_Up_aVWAP_548,Gap_Up_aVWAP_519,Gap_Up_aVWAP_473,Gap_Up_aVWAP_386,Gap_Up_aVWAP_337,Gap_Up_aVWAP_257,Gap_Up_aVWAP_204,Gap_Down_aVWAP_904,Gap_Down_aVWAP_837,Gap_Down_aVWAP_785,Gap_Down_aVWAP_773,Gap_Down_aVWAP_648,Gap_Down_aVWAP_599,Gap_Down_aVWAP_111,aVWAP_OB_bear_889,aVWAP_OB_bear_765,aVWAP_OB_bear_731,aVWAP_OB_bear_635,aVWAP_OB_bear_558,aVWAP_OB_bear_386,aVWAP_OB_bear_295,aVWAP_OB_bear_149,aVWAP_OB_bear_44,color,Liquidity,Liquidity_Level,StDev,StDev_Mean,StdDev_ZScore,OB,OB_High,OB_Low,OB_Mitigated_Index,FVG,FVG_High,FVG_Low,FVG_Mitigated_Index,QQEMOD,QQE1_Value,QQE1_Above_Upper,QQE1_Below_Lower,QQE2_Above_Threshold,QQE2_Below_Threshold,QQE2_Above_TL,banker_RSI,TTM_squeeze_Active,VI_plus,VI_minus,VI_Regular_Bullish,VI_Regular_Bearish,VI_Hidden_Bullish,VI_Hidden_Bearish,Fisher,Fisher_Signal,Fisher_Regular_Bullish,Fisher_Regular_Bearish,Fisher_Hidden_Bullish,Fisher_Hidden_Bearish,OBV,OBV_Smoothed,OBV_Regular_Bullish,OBV_Regular_Bearish,OBV_Hidden_Bullish,OBV_Hidden_Bearish,Volume_MA,Vol_Regular_Bullish,Vol_Regular_Bearish,Vol_Hidden_Bullish,Vol_Hidden_Bearish
2022-01-03 00:00:00+00:00,23.8,24.7,23.8,24.0,116066,,,,,,,,,,,,,,,,,,,,,,,,,,,#000000,1.0,26.0,,,,0.0,0.0,0.0,0.0,0.0,0.0,0.0,0.0,,,False,False,False,False,False,,0,,,False,False,False,False,,,False,False,False,False,0,0.0,False,False,False,False,116066.0,False,False,False,False
2022-01-04 00:00:00+00:00,23.9,24.148,23.2,23.8,87643,,,,,,,,,,,,,,,,,,,,,,,,,,,"rgba(38, 166, 154, 0.5)",0.0,0.0,,,,0.0,0.0,0.0,0.0,0.0,0.0,0.0,0.0,100.0,,False,False,True,False,False,,0,,,False,False,False,False,,,False,False,False,False,87643,3436.9803921568628,False,False,False,False,114951.37254901962,False,False,False,False
2022-01-05 00:00:00+00:00,22.7,24.771,22.6,23.9,181455,,,,,,,,,,,,,,,,,,,,,,,,,,,"rgba(38, 166, 154, 0.5)",0.0,0.0,,,,0.0,0.0,0.0,0.0,0.0,0.0,0.0,0.0,69.01408450704221,-73.94366197183115,False,False,True,False,True,,0,,,False,False,False,False,,,False,False,False,False,-93812,-376.705113417916,False,False,False,False,117559.35793925414,False,False,False,False
2022-01-06 00:00:00+00:00,22.9,23.6,21.9,22.9,139994,,,,,,,,,,,,,,,,,,,,,,,,,,,#000000,0.0,0.0,,,,0.0,0.0,0.0,0.0,0.0,0.0,0.0,0.0,52.86859544753472,-73.94366197183115,False,False,False,False,True,,0,,,False,False,False,False,,,False,False,False,False,46182,1449.1264596572964,False,False,False,False,118439.14782398927,False,False,False,False
2022-01-07 00:00:00+00:00,23.3,24.2,22.7,22.8,173890,,,,,,,,,,,,,,,,,,,,,,,,,,,#000000,0.0,0.0,,,,0.0,0.0,0.0,0.0,0.0,0.0,0.0,0.0,48.52802462330484,-73.94366197183115,False,False,False,False,True,,0,,,False,False,False,False,,,False,False,False,False,220072,10022.572480847206,False,False,False,False,120613.69104657792,False,False,False,False
2022-01-10 00:00:00+00:00,22.4,23.3,22.2,23.1,140528,,,,,,,,,,,,,,,,,,,,,,,,,,,"rgba(239, 83, 80, 0.5)",0.0,0.0,,,,0.0,0.0,0.0,0.0,0.0,0.0,0.0,0.0,40.65096851148702,-73.94366197183115,False,False,False,True,True,,0,,,False,False,False,False,,,False,False,False,False,79544,12748.902971794376,False,False,False,False,121394.64433886898,False,False,False,False
2022-01-11 00:00:00+00:00,22.6,22.9,22.0,22.4,114468,,,,,,,,,,,,,,,,,,,,,,,,,,,"rgba(239, 83, 80, 0.5)",0.0,0.0,,,,0.0,0.0,0.0,0.0,0.0,0.0,0.0,0.0,37.502680835839826,-73.94366197183115,False,False,False,True,True,,0,,,False,False,False,False,,,False,False,False,False,194012,19857.259717998517,False,False,False,False,121123.01122754079,False,False,False,False
2022-01-12 00:00:00+00:00,22.0,23.1,22.0,23.1,102333,,,,,,,,,,,,,,,,,,,,,,,,,,,"rgba(239, 83, 80, 0.5)",0.0,0.0,,,,0.0,0.0,0.0,0.0,0.0,0.0,0.0,0.0,33.146029137409656,-73.94366197183115,False,False,False,True,True,,0,,,False,False,False,False,,,False,False,False,False,91679,22673.79855258681,False,False,False,False,120386.14804214703,False,False,False,False
2022-01-13 00:00:00+00:00,21.4,22.6,21.4,22.1,158923,,,,,,,,,,,,,,,,,,,,,,,,,,,"rgba(239, 83, 80, 0.5)",0.0,0.0,,,,0.0,0.0,0.0,0.0,0.0,0.0,0.0,0.0,28.67187314528497,-73.94366197183115,False,False,False,True,True,,0,,,False,False,False,False,,,False,False,False,False,-67244,19147.610374053995,False,False,False,False,121897.39713853342,False,False,False,False
2022-01-14 00:00:00+00:00,21.3,21.4,20.3,21.1,176348,,,,,,,,,,,,,,,,,,,,,,,,,,,"rgba(239, 83, 80, 0.5)",0.0,0.0,,,,0.0,0.0,0.0,0.0,0.0,0.0,0.0,0.0,25.464716212842248,-73.94366197183115,False,False,False,True,True,,0,,,False,False,False,False,,,False,False,False,False,-243592,8844.096241738152,False,False,False,False,124032.71489780663,False,False,False,False
2022-01-18 00:00:00+00:00,20.1,21.1,20.1,21.0,125912,,,,,,,,,,,,,,,,,,,,,,,,,,,"rgba(239, 83, 80, 0.5)",0.0,0.0,,,,0.0,0.0,0.0,0.0,0.0,0.0,0.0,0.0,21.35433518947001,-73.94366197183115,False,False,False,True,True,,0,,,False,False,False,False,,,False,False,False,False,-369504,-5993.084003035892,False,False,False,False,124106.4123527946,False,False,False,False
2022-01-19 00:00:00+00:00,19.4,20.4,19.1,20.3,259674,,,,,,,,,,,,,,,,,,,,,,,,,,,"rgba(239, 83, 80, 0.5)",0.0,0.0,,,,0.0,0.0,0.0,0.0,0.0,0.0,0.0,0.0,17.886585661605427,-73.94366197183115,False,False,False,True,False,,0,,,False,False,False,False,,,False,False,False,False,-629178,-30431.70815977958,False,False,False,False,129422.78833895954,False,False,False,False
2022-01-20 00:00:00+00:00,18.7,20.0,18.7,19.4,304165,,,,,,,,,,,,,,,,,,,,,,,,,,,"rgba(239, 83, 80, 0.5)",0.0,0.0,,,,0.0,0.0,0.0,0.0,0.0,0.0,0.0,0.0,15.010610821685436,-73.94366197183115,False,False,False,True,False,,0,,,False,False,False,False,,,False,False,False,False,-933343,-65839.99411429802,False,False,False,False,136275.4240903729,False,False,False,False
2022-01-21 00:00:00+00:00,17.9,18.7,17.7,18.2,256182,,,,,,,,,,,,,,,,,,,,,,,,,,,"rgba(239, 83, 80, 0.5)",0.0,0.0,,,,0.0,0.0,0.0,0.0,0.0,0.0,0.0,0.0,12.591233476100271,-73.94366197183115,False,False,False,True,False,,0,,,False,False,False,False,,,False,False,False,False,-1189525,-109906.07277648241,False,False,False,False,140977.64275349551,False,False,False,False
2022-01-24 00:00:00+00:00,18.9,18.9,16.6,17.5,325305,,,,,,,,,,,,,,,,,,,,,,,,,,,"rgba(239, 83, 80, 0.5)",0.0,0.0,,18.133333333333333,,0.0,0.0,0.0,0.0,0.0,0.0,0.0,0.0,16.599097423476287,-73.94366197183115,False,False,False,True,False,,0,,,False,False,False,False,,,False,False,False,False,-864220,-139487.0110989733,False,False,False,False,148206.1665670839,False,False,False,False
2022-01-25 00:00:00+00:00,18.5,18.899,18.0,18.4,118014,,,,,,,,,,,,,,,,,,,,,,,,,,,"rgba(239, 83, 80, 0.5)",0.0,0.0,,18.221979797843087,,0.0,0.0,0.0,0.0,0.0,0.0,0.0,0.0,18.660212379292997,-68.51779649076595,False,False,False,True,False,,0,,,False,False,False,False,,,False,False,False,False,-982234,-172535.91262450378,False,False,False,False,147022.16003504142,False,False,False,False
2022-01-26 00:00:00+00:00,18.8,20.0,18.5,19.0,188627,,,,,,,,,,,,,,,,,,,,,,,,,,,"rgba(239, 83, 80, 0.5)",0.0,0.0,,18.484056489003805,,0.0,0.0,0.0,0.0,0.0,0.0,0.0,0.0,21.52359212105968,-62.27026300370011,False,False,False,True,False,,0,,,False,False,False,False,,,False,False,False,False,-793607,-196891.64154118992,False,False,False,False,148653.72238660842,False,False,False,False
2022-01-27 00:00:00+00:00,17.5,19.4,17.4,19.4,158061,,,,,,,,,,,,,,,,,,,,,,,,,,,"rgba(239, 83, 80, 0.5)",0.0,0.0,,18.407216217071493,,0.0,0.0,0.0,0.0,0.0,0.0,0.0,0.0,21.468837793272982,-59.04075522665684,False,False,False,True,False,,0,,,False,False,False,False,,,False,False,False,False,-951668,-226490.71442192758,False,False,False,False,149022.63523419242,False,False,False,False
2022-01-28 00:00:00+00:00,17.8,17.9,16.924,17.4,93797,,,,,,,,,,,,,,,,,,,,,,,,,,,"rgba(239, 83, 80, 0.5)",0.0,0.0,,18.31532116245985,,0.0,0.0,0.0,0.0,0.0,0.0,0.0,0.0,22.796017670092183,-54.69594740510927,False,False,False,True,False,,0,,,False,False,False,False,,,False,False,False,False,-857871,-251250.7256210677,False,False,False,False,146856.92404853783,False,False,False,False
2022-01-31 00:00:00+00:00,19.3,19.399,17.8,17.8,134912,,,,,,,,,,,,,,,,,,,,,,,,,,,"rgba(239, 83, 80, 0.5)",0.0,0.0,,18.383879119074074,,0.0,0.0,0.0,0.0,0.0,0.0,0.0,0.0,29.209114049563254,-45.95803506577716,False,False,False,True,False,,0,,,False,False,False,False,,,False,False,False,False,-722959,-269749.0893222023,False,False,False,False,146388.4956544775,False,False,False,False
2022-02-01 00:00:00+00:00,20.2,20.5,19.2,19.6,93642,,,,,,,,,,,,,,,,,,,,,,,,,,,"rgba(239, 83, 80, 0.5)",0.0,0.0,,18.51712344467039,,0.0,0.0,0.0,0.0,0.0,0.0,0.0,0.0,35.95826101730452,-37.45777400890693,False,False,False,True,True,,0,,,False,False,False,False,,,False,False,False,False,-629317,-283849.79170172376,False,False,False,False,144320.00562881172,False,False,False,False
2022-02-02 00:00:00+00:00,19.0,20.5,18.9,20.3,101451,,,,,,,,,,,,,,,,,,,,,,,,,,,"rgba(239, 83, 80, 0.5)",0.0,0.0,,18.59648692724034,,0.0,0.0,0.0,0.0,0.0,0.0,0.0,0.0,37.85146590824657,-33.855839324031294,False,False,False,True,True,,0,,,False,False,False,False,,,False,False,False,False,-730768,-301375.99594871496,False,False,False,False,142638.86815317205,False,False,False,False
2022-02-03 00:00:00+00:00,18.5,19.2,18.3,19.0,72150,,,,,,,,,,,,,,,,,,,,,,,,,,,"rgba(239, 83, 80, 0.5)",0.0,0.0,,18.600424430846292,,0.0,0.0,0.0,0.0,0.0,0.0,0.0,0.0,38.1758727761444,-31.768867748441117,False,False,False,True,True,,0,,,False,False,False,False,,,False,False,False,False,-802918,-321044.3098330791,False,False,False,False,139874.59881383195,False,False,False,False
2022-02-04 00:00:00+00:00,18.6,18.9,18.0,18.3,107533,,,,,,,,,,,,,,,,,,,,,,,,,,,"rgba(239, 83, 80, 0.5)",0.0,0.0,,18.59267487769335,,0.0,0.0,0.0,0.0,0.0,0.0,0.0,0.0,38.69080617679824,-29.518821625150267,False,False,False,True,True,,0,,,False,False,False,False,,,False,False,False,False,-695385,-335724.3368984486,False,False,False,False,138606.30082113267,False,False,False,False
2022-02-07 00:00:00+00:00,19.2,20.6,19.0,20.077,242656,,,,,,,,,,,,,,,,,,,,,,,,,,,"rgba(239, 83, 80, 0.5)",0.0,0.0,,19.171035291632133,,0.0,0.0,0.0,0.0,0.0,0.0,0.0,0.0,40.80519210208499,-25.869872141752033,False,False,False,True,True,,0,,,False,False,False,False,,,False,False,False,False,-452729,-340312.7550592937,False,False,False,False,142686.68118108824,False,False,False,False
2022-02-08 00:00:00+00:00,18.9,19.4,18.45,19.4,173785,,,,,,,,,,,,,,,,,,,,,,,,,,,"rgba(239, 83, 80, 0.5)",0.0,0.0,,19.03683649785991,,0.0,0.0,0.0,0.0,0.0,0.0,0.0,0.0,41.520690967810204,-23.68513281493102,False,False,False,True,True,,0,,,False,False,False,False,,,False,False,False,False,-626514,-351536.3332922626,False,False,False,False,143906.22309555538,False,False,False,False
2022-02-09 00:00:00+00:00,18.5,19.1,18.1,19.1,317930,,,,,,,,,,,,,,,,,,,,,,,,,,,"rgba(239, 83, 80, 0.5)",0.0,0.0,,18.860527992700565,,0.0,0.0,0.0,0.0,0.0,0.0,0.0,0.0,41.088421754863745,-22.710734592563682,False,False,False,True,True,,1,,,False,False,False,False,,,False,False,False,False,-944444,-374787.6143396249,False,False,False,False,150730.68493494537,False,False,False,False
2022-02-10 00:00:00+00:00,17.6,18.4,17.4,18.1,342308,,,,,,,,,,,,,,,,,,,,,,,,,,,"rgba(239, 83, 80, 0.5)",0.0,0.0,,18.606764927618688,,0.0,0.0,0.0,0.0,0.0,0.0,0.0,0.0,38.978996069899225,-22.710734592563682,False,False,False,True,True,,1,,,False,False,False,False,,,False,False,False,False,-1286752,-410550.9235812082,False,False,False,False,158243.52081984948,False,False,False,False
2022-02-11 00:00:00+00:00,16.0,17.6,15.95,17.4,434703,,,,,,,,,,,,,,,,,,,,,,,,,,,"rgba(239, 83, 80, 0.5)",0.0,0.0,,18.149418979826088,,0.0,0.0,0.0,0.0,0.0,0.0,0.0,0.0,35.140901063445895,-22.710734592563682,False,False,False,True,False,,1,,,False,False,False,False,,,False,False,False,False,-1721455,-461958.9265780236,False,False,False,False,169085.06902299263,False,False,False,False
2022-02-14 00:00:00+00:00,16.0,16.7,15.7,16.1,242504,,,,,,,,,,,,,,,,,,,,,,,,,,,"rgba(239, 83, 80, 0.5)",0.0,0.0,,17.93665204115129,,0.0,0.0,0.0,0.0,0.0,0.0,0.0,0.0,32.582171059143676,-22.710734592563682,False,False,False,True,False,,0,,,False,False,False,False,,,False,False,False,False,-1721455,-511350.92945731676,False,False,False,False,171964.24278679685,False,False,False,False
2022-02-15 00:00:00+00:00,16.1,16.5,15.926,16.5,226141,,,,,,,,,,,,,,,,,,,,,,,,,,,"rgba(239, 83, 80, 0.5)",0.0,0.0,,17.781436355157595,,0.0,0.0,0.0,0.0,0.0,0.0,0.0,0.0,31.254118018106468,-22.710734592563682,False,False,False,True,False,,0,,,False,False,False,False,,,False,False,False,False,-1495314,-549937.716537422,False,False,False,False,174088.8215010401,False,False,False,False
2022-02-16 00:00:00+00:00,17.1,17.4,15.8,16.2,212624,,,,,,,,,,,,,,,,,,,,,,,,,,,"rgba(239, 83, 80, 0.5)",0.0,0.0,,17.706129899713574,,0.0,0.0,0.0,0.0,0.0,0.0,0.0,0.0,33.85934759127721,-22.710734592563682,False,False,False,True,False,,0,,,False,False,False,False,,,False,False,False,False,-1282690,-578673.1002026212,False,False,False,False,175600.00497158756,False,False,False,False
2022-02-17 00:00:00+00:00,16.0,16.99,16.0,16.7,128921,,,,,,,,,,,,,,,,,,,,,,,,,,,"rgba(239, 83, 80, 0.5)",0.0,0.0,,17.646269523260948,,0.0,0.0,0.0,0.0,0.0,0.0,0.0,0.0,33.633391565797,-22.710734592563682,False,False,False,True,False,,0,,,False,False,False,False,,,False,False,False,False,-1411611,-611337.3315672243,False,False,False,False,173769.4557570155,False,False,False,False
2022-02-18 00:00:00+00:00,15.3,16.2,15.2,16.0,193805,,,,,,,,,,,,,,,,,,,,,,,,,,,"rgba(239, 83, 80, 0.5)",0.0,0.0,,17.517600930676792,,0.0,0.0,0.0,0.0,0.0,0.0,0.0,0.0,32.42723822747969,-22.710734592563682,False,False,False,True,False,,0,,,False,False,False,False,,,False,False,False,False,-1605416,-650320.8087606665,False,False,False,False,174555.16337438746,False,False,False,False
2022-02-22 00:00:00+00:00,14.7,15.5,14.4,15.5,158302,,,,,,,,,,,,,,,,,,,,,,,,,,,"rgba(239, 83, 80, 0.5)",0.0,0.0,,17.389898834313655,,0.0,0.0,0.0,0.0,0.0,0.0,0.0,0.0,30.797222436387923,-22.710734592563682,False,False,False,True,False,,0,,,False,False,False,False,,,False,False,False,False,-1763718,-693983.4437112287,False,False,False,False,173917.78441852913,False,False,False,False
2022-02-23 00:00:00+00:00,14.4,15.35,14.2,15.1,164693,,,,,,,,,,,,,,,,,,,,,,,,,,,"rgba(239, 83, 80, 0.5)",0.0,0.0,,17.259469728733457,,0.0,0.0,0.0,0.0,0.0,0.0,0.0,0.0,29.311891385369343,-22.710734592563682,False,False,False,True,False,,0,,,False,False,False,False,,,False,False,False,False,-1928411,-742392.367487259,False,False,False,False,173556.0281668221,False,False,False,False
2022-02-24 00:00:00+00:00,14.9,14.9,13.6,13.8,252917,,,,,,,,,,,,,,,,,,,,,,,,,,,"rgba(239, 83, 80, 0.5)",0.0,0.0,,17.069812268735262,,0.0,0.0,0.0,0.0,0.0,0.0,0.0,0.0,30.132468963429485,-22.710734592563682,False,False,False,True,False,,0,,,False,False,False,False,,,False,False,False,False,-1675494,-778984.5883701115,False,False,False,False,176668.2231406722,False,False,False,False
2022-02-25 00:00:00+00:00,15.2,15.3,14.5,15.0,105921,,,,,,,,,,,,,,,,,,,,,,,,,,,"rgba(239, 83, 80, 0.5)",0.0,0.0,,17.01305673538672,,0.0,0.0,0.0,0.0,0.0,0.0,0.0,0.0,31.735123899526343,-22.710734592563682,False,False,False,True,False,,0,,,False,False,False,False,,,False,False,False,False,-1569573,-809988.0554928523,False,False,False,False,173893.82223319486,False,False,False,False
2022-02-28 00:00:00+00:00,15.9,16.4,14.8,14.9,148560,,,,,,,,,,,,,,,,,,,,,,,,,,,"rgba(239, 83, 80, 0.5)",0.0,0.0,,16.965170413423937,,0.0,0.0,0.0,0.0,0.0,0.0,0.0,0.0,35.11214932182201,-21.481944702345164,False,False,False,True,True,,0,,,False,False,False,False,,,False,False,False,False,-1421013,-833949.8180225444,False,False,False,False,172900.3390083637,False,False,False,False
2022-03-01 00:00:00+00:00,15.6,16.2,15.212,16.0,95053,,,,,,,,,,,,,,,,,,,,,,,,,,,"rgba(239, 83, 80, 0.5)",0.0,0.0,,16.93568050307759,,0.0,0.0,0.0,0.0,0.0,0.0,0.0,0.0,36.69661741231347,-19.7250649171107,False,False,False,True,True,,0,,,False,False,False,False,,,False,False,False,False,-1516066,-860699.4722177387,False,False,False,False,169847.5021845063,False,False,False,False
2022-03-02 00:00:00+00:00,16.2,16.2,15.4,16.0,122413,,,,,,,,,,,,,,,,,,,,,,,,,,,"rgba(239, 83, 80, 0.5)",0.0,0.0,,16.907433262711425,,0.0,0.0,0.0,0.0,0.0,0.0,0.0,0.0,39.659785628603615,-16.710716977233645,False,False,False,True,True,,0,,,False,False,False,False,,,False,False,False,False,-1393653,-881599.6105621412,False,False,False,False,167987.32562825116,False,False,False,False
2022-03-03 00:00:00+00:00,15.4,16.459,15.2,16.4,146116,,,,,,,,,,,,,,,,,,,,,,,,,,,"rgba(239, 83, 80, 0.5)",0.0,0.0,,16.86738279804593,,0.0,0.0,0.0,0.0,0.0,0.0,0.0,0.0,39.77470653736235,-16.39287293044064,False,False,False,True,True,,0,,,False,False,False,False,,,False,False,False,False,-1539769,-907410.1748538219,False,False,False,False,167129.626584006,False,False,False,False
2022-03-04 00:00:00+00:00,14.9,15.5,14.62,15.3,115232,,,,,,,,,,,,,,,,,,,,,,,,,,,"rgba(239, 83, 80, 0.5)",0.0,0.0,,16.819904033519336,,0.0,0.0,0.0,0.0,0.0,0.0,0.0,0.0,38.81597714527889,-16.39287293044064,False,False,False,True,True,,0,,,False,False,False,False,,,False,False,False,False,-1655001,-936727.4621144563,False,False,False,False,165094.42554149596,False,False,False,False
2022-03-07 00:00:00+00:00,13.3,14.9,13.3,14.3,254704,,,,,,,,,,,,,,,,,,,,,,,,,,,"rgba(239, 83, 80, 0.5)",-1.0,10.802333,,15.717337534850992,,0.0,0.0,0.0,0.0,0.0,0.0,0.0,0.0,35.53687228116488,-16.39287293044064,False,False,False,True,False,,0,,,False,False,False,False,,,False,False,False,False,-1909705,-974883.4439923208,False,False,False,False,168608.52650065298,False,False,False,False
2022-03-08 00:00:00+00:00,20.3,27.3,13.6,13.8,2607410,,,,,,,,,,,,,,,,,,,,,,,,,,20.4,"rgba(239, 83, 80, 0.5)",0.0,0.0,,19.054745159550393,,0.0,0.0,0.0,0.0,0.0,0.0,0.0,0.0,45.3795410739983,-11.122779324033658,False,False,False,True,True,,0,,,False,False,False,False,,,False,False,False,False,697705,-909291.7403063475,False,False,False,False,264247.7999712156,False,False,False,False
2022-03-09 00:00:00+00:00,16.8,18.0,16.202,17.9,816891,,,,,,,,,,,,,,,,,,,,,,,,,,19.589065211849075,#000000,0.0,0.0,,18.645768733424255,,0.0,0.0,0.0,0.0,0.0,0.0,0.0,0.0,47.20419553295597,-9.700148151288374,False,False,False,False,True,,1,,,False,False,False,False,,,False,False,False,False,-119186,-878307.2014708045,False,False,False,False,285920.0823252856,False,False,False,False
2022-03-10 00:00:00+00:00,15.5,18.1,15.215,17.0,516775,,,,,,,,,,,,,,,,,,,,,,,,,,19.154070141166187,#000000,0.0,0.0,,18.398654963324596,,0.0,0.0,0.0,0.0,0.0,0.0,0.0,0.0,47.031851152689356,-9.700148151288374,False,False,False,False,True,,1,,,False,False,False,False,,,False,False,False,False,-635961,-868803.4288641063,False,False,False,False,294973.216351745,False,False,False,False
2022-03-11 00:00:00+00:00,14.4,15.8,14.4,15.5,243461,,,,,,,,,,,,,,,,,,,,,,,,,,18.90462425568229,"rgba(239, 83, 80, 0.5)",0.0,0.0,,18.24184861288347,,0.0,0.0,0.0,0.0,0.0,0.0,0.0,0.0,45.814307776708795,-9.700148151288374,False,False,False,True,True,,1,,,False,False,False,False,,,False,False,False,False,-879422,-869219.8434184551,False,False,False,False,292953.1294359903,False,False,False,False
2022-03-14 00:00:00+00:00,13.7,14.8,13.4,14.6,248107,,,,,,,,,,,,,,,,,,,,,,,,,,18.628233495779643,"rgba(239, 83, 80, 0.5)",0.0,0.0,,18.0604120245068,,0.0,0.0,0.0,0.0,0.0,0.0,0.0,0.0,44.31933623692662,-9.700148151288374,False,False,False,True,True,,1,,,False,False,False,False,,,False,False,False,False,-1127529,-879349.6142647903,False,False,False,False,291194.4576934025,False,False,False,False
2022-03-15 00:00:00+00:00,14.8,14.88,13.6,14.3,338666,,,,,,,,,,,,,,,,,,,,,,,,,,18.330007676927302,"rgba(239, 83, 80, 0.5)",0.0,0.0,,17.862570282164995,,0.0,0.0,0.0,0.0,0.0,0.0,0.0,0.0,44.79949286005694,-9.700148151288374,False,False,False,True,True,0.0,1,,,False,False,False,False,-0.33264626062741476,-0.33264626062741476,False,False,False,False,-788863,-875801.1195877398,False,False,False,False,293056.08680346515,False,False,False,False
2022-03-16 00:00:00+00:00,15.3,15.6,14.5,14.8,255940,,,,,,,,,,,,,,,,,,,,,,,,,,18.16726326765793,"rgba(239, 83, 80, 0.5)",0.0,0.0,,17.754824417056543,,0.0,0.0,0.0,0.0,0.0,0.0,0.0,0.0,45.777403651840544,-9.700148151288374,False,False,False,True,True,0.0,1,0.8413267089429269,1.0735132571029111,False,False,False,False,-0.27103614025359535,-0.30184120044050505,False,False,False,False,-532923,-862354.9188195931,False,False,False,False,291600.553987643,False,False,False,False
2022-03-17 00:00:00+00:00,17.8,17.9,15.2,15.2,409783,,,,,,,,,,,,,,,,,,,,,,,,,,18.076775665882476,#000000,0.0,0.0,,17.70478756980902,,0.0,0.0,0.0,0.0,0.0,0.0,0.0,0.0,49.334340032161165,-7.046602401087206,True,False,False,False,True,0.0,1,0.860603469337894,1.037099926704129,False,False,False,False,-0.16272904809655786,-0.23228512426853146,False,False,False,False,-123140,-833366.0984737268,False,False,False,False,296235.1597136178,False,False,False,False
2022-03-18 00:00:00+00:00,17.2,17.7,16.3,17.7,420719,,,,,,,,,,,,,,,,,,,,,,,,,,18.00422700761885,#000000,0.0,0.0,,17.665466303835153,,0.0,0.0,0.0,0.0,0.0,0.0,0.0,0.0,50.91228002787512,-5.3837325835147425,True,False,False,False,True,0.0,1,0.8791585066942567,1.046311692470655,False,False,False,False,-0.1259560137143349,-0.1791205689914332,False,False,False,False,-543859,-822012.8789257376,False,False,False,False,301116.8789405348,False,False,False,False
2022-03-21 00:00:00+00:00,17.0,17.3,16.4,17.2,136476,,,,,,,,,,,,,,,,,,,,,,,,,,17.979086074525917,#000000,0.0,0.0,,17.650864994108844,,0.0,0.0,0.0,0.0,0.0,0.0,0.0,0.0,51.689851868802386,-4.4370901138355165,True,False,False,False,True,0.0,1,0.8879075495403599,1.0371817039644726,False,False,False,False,-0.1367280552424978,-0.1579243121169655,False,False,False,False,-680335,-816456.8836737479,False,False,False,False,294660.37388404325,False,False,False,False
2022-03-22 00:00:00+00:00,17.5,17.7,16.853,17.2,213584,,,,,,,,,,,,,,,,,,,,,,,,,,17.957476345342503,"rgba(38, 166, 154, 1.0)",0.0,0.0,,17.641168750657396,,0.0,0.0,0.0,0.0,0.0,0.0,0.0,0.0,52.83451815186917,-3.1002096959843755,True,False,True,False,True,0.0,1,0.8826377044246011,1.0399944817899065,False,False,False,False,-0.08785656933725489,-0.1228904407271102,False,False,False,False,-466751,-802742.927451248,False,False,False,False,291480.90824153175,False,False,False,False
2022-03-23 00:00:00+00:00,17.1,17.7,16.8,17.7,161085,,,,,,,,,,,,,,,,,,,,,,,,,,17.938317913813545,"rgba(38, 166, 154, 1.0)",0.0,0.0,,17.631300578089274,,0.0,0.0,0.0,0.0,0.0,0.0,0.0,0.0,52.97004254423426,-2.67764341360909,True,False,True,False,True,0.0,1,0.8879626835646752,1.0287794206397103,False,False,False,False,-0.08416265645483269,-0.10352654859097143,False,False,False,False,-627836,-795883.8322570815,False,False,False,False,286367.3432124521,False,False,False,False
2022-03-24 00:00:00+00:00,17.3,17.4,16.8,17.4,109308,,,,,,,,,,,,,,,,,,,,,,,,,,17.92529769377989,"rgba(38, 166, 154, 1.0)",0.0,0.0,,17.62442358559098,,0.0,0.0,0.0,0.0,0.0,0.0,0.0,0.0,53.34778660998627,-1.9751632086670199,True,False,True,False,True,0.0,1,0.8900625978090765,1.0276263314654954,False,False,False,False,-0.09597406755362266,-0.09975030807229704,False,False,False,False,-518528,-785007.1329528823,False,False,False,False,279423.8395570618,False,False,False,False
2022-03-25 00:00:00+00:00,16.3,17.4,15.95,17.4,219008,,,,,,,,,,,,,,,,,,,,,,,,,,17.880323583307465,#000000,0.0,0.0,,17.595458788952104,,0.0,0.0,0.0,0.0,0.0,0.0,0.0,0.0,51.939074673825935,-1.9751632086670199,True,False,False,False,True,0.0,1,0.8798658055436887,1.030017842334079,False,False,False,False,-0.11538274532917511,-0.10756652670073608,False,False,False,False,-737536,-783145.5198959066,False,False,False,False,277054.5909469809,False,False,False,False
2022-03-28 00:00:00+00:00,15.9,16.4,15.4,16.3,145900,,,,,,,,,,,,,,,,,,,,,,,,,,17.838101686518012,#000000,0.0,0.0,,17.566160883950257,,0.0,0.0,0.0,0.0,0.0,0.0,0.0,0.0,50.36239838410369,-1.9751632086670199,True,False,False,False,False,0.0,1,0.8801929811301741,1.0363918071196434,False,False,False,False,-0.15523504640165794,-0.13140078655119702,False,False,False,False,-883436,-787078.4798999886,False,False,False,False,271911.27365494246,False,False,False,False
2022-03-29 00:00:00+00:00,17.3,17.4,15.8,15.9,210855,,,,,,,,,,,,,,,,,,,,,,,,,,17.80806746590477,#000000,0.0,0.0,,17.547716439040066,,0.0,0.0,0.0,0.0,0.0,0.0,0.0,0.0,51.60526153503698,-1.9751632086670199,True,False,False,False,False,0.0,1,0.8997196004306135,1.0086247903262147,False,False,False,False,-0.07630158022085491,-0.10385118338602597,False,False,False,False,-672581,-782588.3826490087,False,False,False,False,269516.9099821996,False,False,False,False
2022-03-30 00:00:00+00:00,16.9,17.7,16.6,17.1,168014,,,,,,,,,,,,,,,,,,,,,,,,,,17.79081933182147,#000000,0.0,0.0,,17.538010073276602,,0.0,0.0,0.0,0.0,0.0,0.0,0.0,0.0,51.72419191040571,-1.9751632086670199,True,False,False,False,False,0.0,1,0.9146341463414633,1.0036221893565287,False,False,False,False,-0.012992862054818276,-0.05842202272042213,False,False,False,False,-840595,-784863.1519568907,False,False,False,False,265536.40370838786,False,False,False,False
2022-03-31 00:00:00+00:00,15.8,16.9,15.8,16.8,140663,,,,,,,,,,,,,,,,,,,,,,,,,,17.759789968550706,#000000,0.0,0.0,,17.51650712847068,,0.0,0.0,0.0,0.0,0.0,0.0,0.0,0.0,49.96069287949287,-1.9751632086670199,True,False,False,False,False,0.0,1,0.9169326263413162,1.004887794335687,False,False,False,False,-0.09643960987870114,-0.07743081629956164,False,False,False,False,-981258,-792564.9107036793,False,False,False,False,260639.40748452954,False,False,False,False
2022-04-01 00:00:00+00:00,15.7,16.182,15.3,16.0,183426,,,,,,,,,,,,,,,,,,,,,,,,,,17.710386061435152,#000000,0.0,0.0,,17.480977536873983,,0.0,0.0,0.0,0.0,0.0,0.0,0.0,0.0,48.62208761851169,-1.9751632086670199,True,False,False,False,False,0.0,1,0.9152309013742929,1.0089303759094586,False,False,False,False,-0.160811392670739,-0.11912110448515031,False,False,False,False,-1164684,-807157.8161662802,False,False,False,False,257611.43072043033,False,False,False,False
2022-04-04 00:00:00+00:00,17.3,17.7,15.8,15.9,352353,,,,,,,,,,,,,,,,,,,,,,,,,,17.675721315670064,#000000,0.0,0.0,,17.35468233340162,,0.0,0.0,0.0,0.0,0.0,0.0,0.0,0.0,50.54625933841013,-1.9751632086670199,True,False,False,False,False,0.0,0,0.9337516215946513,0.9724204171240395,False,False,False,False,-0.05462118902868454,-0.08687114675691743,False,False,False,False,-812331,-807360.6861205437,False,False,False,False,261326.78637845267,False,False,False,False
2022-04-05 00:00:00+00:00,16.7,17.2,16.4,17.1,158213,,,,,,,,,,,,,,,,,,,,,,,,,,17.65786966575922,#000000,0.0,0.0,,17.335138455888334,,0.0,0.0,0.0,0.0,0.0,0.0,0.0,0.0,50.73072661198647,-1.9751632086670199,True,False,False,False,True,0.0,0,0.9528869591712371,0.9795475319926873,False,False,False,False,-0.04941025355383701,-0.06814070015537722,False,False,False,False,-970544,-813760.0317628754,False,False,False,False,257283.10848125844,False,False,False,False
2022-04-06 00:00:00+00:00,16.0,16.55,15.6,16.5,188916,,,,,,,,,,,,,,,,,,,,,,,,,,17.621031347483104,#000000,0.0,0.0,,17.26898077090114,,0.0,0.0,0.0,0.0,0.0,0.0,0.0,0.0,49.62509180861619,-1.9751632086670199,True,False,False,False,True,0.0,1,0.9232600547057034,0.9859310100293789,False,False,False,False,-0.12537726220974182,-0.09675898118255952,False,False,False,False,-1159460,-827316.8932623705,False,False,False,False,254602.04540356205,False,False,False,False
2022-04-07 00:00:00+00:00,15.5,15.8,15.0,15.7,178695,,,,,,,,,,,,,,,,,,,,,,,,,,17.57462593579075,#000000,0.0,0.0,,17.191351057906708,,0.0,0.0,0.0,0.0,0.0,0.0,0.0,0.0,48.04033406787357,-1.9751632086670199,True,False,False,False,False,0.0,1,0.906203802824081,1.0068817862058417,False,False,False,False,-0.19740681972019622,-0.14708290045137787,False,False,False,False,-1338155,-847349.760193258,False,False,False,False,251625.298524991,False,False,False,False
2022-04-08 00:00:00+00:00,15.0,15.5,14.9,15.3,94304,,,,,,,,,,,,,,,,,,,,,,,,,,17.547599786559974,"rgba(239, 83, 80, 0.5)",0.0,0.0,,17.150186028554515,,0.0,0.0,0.0,0.0,0.0,0.0,0.0,0.0,46.15056525423699,0.08710870523986358,True,False,False,True,False,0.0,1,0.9174754762028339,1.003114132973478,False,False,False,False,-0.2191096556366959,-0.1830962780440369,False,False,False,False,-1432459,-870295.2205778362,False,False,False,False,245455.83583773646,False,False,False,False
2022-04-11 00:00:00+00:00,14.7,15.3,14.2,14.9,104783,,,,,,,,,,,,,,,,,,,,,,,,,,17.513403355391702,"rgba(239, 83, 80, 0.5)",0.0,0.0,,17.098934485836477,,0.0,0.0,0.0,0.0,0.0,0.0,0.0,0.0,44.38982136309363,-1.6279609432627566,True,False,False,True,False,0.0,0,0.914706187169655,0.9862680070473626,False,False,False,False,-0.268728113132474,-0.22591219558825545,False,False,False,False,-1537242,-896449.9962414504,False,False,False,False,239939.25404017817,False,False,False,False
2022-04-12 00:00:00+00:00,14.2,15.1,14.1,15.0,170111,,,,,,,,,,,,,,,,,,,,,,,,,,17.454463614946864,"rgba(239, 83, 80, 0.5)",0.0,0.0,,17.016798179112243,,0.0,0.0,0.0,0.0,0.0,0.0,0.0,0.0,42.3843218711266,-3.545234411666563,True,False,False,True,False,0.0,0,0.9012964631232618,1.0083427989502958,False,False,False,False,-0.2855473833145505,-0.25572978945140296,False,False,False,False,-1707353,-928250.1140359034,False,False,False,False,237200.8911366418,False,False,False,False
2022-04-13 00:00:00+00:00,14.4,14.6,14.1,14.3,62836,,,,,,,,,,,,,,,,,,,,,,,,,,17.43255545878809,"rgba(239, 83, 80, 0.5)",0.0,0.0,,16.988327035397806,,0.0,0.0,0.0,0.0,0.0,0.0,0.0,0.0,41.584692407652895,-4.330027895632085,True,False,False,True,False,0.0,0,0.8817832781391424,1.0295541804652146,False,False,False,False,-0.3139383932151448,-0.28483409133327386,False,False,False,False,-1644517,-956339.0115246915,False,False,False,False,230363.0522685382,False,False,False,False
2022-04-14 00:00:00+00:00,13.9,14.45,13.8,14.3,69895,,,,,,,,,,,,,,,,,,,,,,,,,,17.40606889978394,"rgba(239, 83, 80, 0.5)",0.0,0.0,,16.95359883461014,,0.0,0.0,0.0,0.0,0.0,0.0,0.0,0.0,40.15712816041162,-5.741805683631313,False,False,False,True,False,0.0,0,0.8802827251713586,1.0319335141563006,False,False,False,False,-0.339915074623841,-0.31237458297855747,False,False,False,False,-1714412,-986067.3640139194,False,False,False,False,224070.18747369357,False,False,False,False
2022-04-18 00:00:00+00:00,13.5,13.9,13.15,13.9,147346,,,,,,,,,,,,,,,,,,,,,,,,,,17.342908442545788,"rgba(239, 83, 80, 0.5)",0.0,0.0,,16.870543537717175,,0.0,0.0,0.0,0.0,0.0,0.0,0.0,0.0,38.51205152320824,-7.352748286481798,False,False,False,True,False,0.0,0,0.8793728997362537,1.02195654211238,False,False,False,False,-0.34282825441539394,-0.3276014186969757,False,False,False,False,-1861758,-1020408.1732682755,False,False,False,False,221061.39580805853,False,False,False,False
2022-04-19 00:00:00+00:00,14.2,14.2,13.2,13.6,79159,,,,,,,,,,,,,,,,,,,,,,,,,,17.312843394646514,"rgba(239, 83, 80, 0.5)",0.0,0.0,,16.83507550362593,,0.0,0.0,0.0,0.0,0.0,0.0,0.0,0.0,39.50851588602249,-7.352748286481798,False,False,False,True,False,0.0,0,0.8842137633200966,1.0139050445897342,False,False,False,False,-0.32422402682252277,-0.32591272275974925,False,False,False,False,-1782599,-1050298.009610696,False,False,False,False,215496.59597244838,False,False,False,False
2022-04-20 00:00:00+00:00,13.6,14.3,13.4,14.3,71738,,,,,,,,,,,,,,,,,,,,,,,,,,17.285264899075862,"rgba(239, 83, 80, 0.5)",0.0,0.0,2.708127906277097,16.80314253818917,-1.1827884978271126,0.0,0.0,0.0,0.0,0.0,0.0,0.0,0.0,39.01430427549723,-7.352748286481798,False,False,False,True,False,0.0,0,0.8770575224241106,1.038538260078976,False,False,False,False,-0.3084488173359826,-0.31718077004786593,False,False,False,False,-1854337,-1081828.9504102767,False,False,False,False,209859.00397352883,False,False,False,False
2022-04-21 00:00:00+00:00,12.9,13.85,12.8,13.8,117003,,,,,,,,,,,,,,,,,,,,,,,,,,17.233887469856935,"rgba(239, 83, 80, 0.5)",0.0,0.0,2.6499206175429664,16.741595175058087,-1.4497019833824507,0.0,0.0,0.0,0.0,0.0,0.0,0.0,0.0,37.45477021693891,-8.534663596053043,False,False,False,True,False,0.0,0,0.8765465559063867,1.0283224696109385,False,False,False,False,-0.34282825441539394,-0.33000451223162997,False,False,False,False,-1971340,-1116711.736668697,False,False,False,False,206217.5920529983,False,False,False,False
2022-04-22 00:00:00+00:00,12.7,13.0,12.3,12.9,117437,,,,,,,,,,,,,,,,,,,,,,,,,,17.177182887120303,"rgba(239, 83, 80, 1.0)",0.0,0.0,2.583051481282356,16.673453595497563,-1.5382789016365026,0.0,0.0,0.0,0.0,0.0,0.0,0.0,0.0,36.07633835622123,-9.93561130089465,False,True,False,True,False,0.0,0,0.8740016055950904,1.0359217884696499,False,False,False,False,-0.34282825441539394,-0.336416383323512,False,False,False,False,-2088777,-1154831.9430738464,False,False,False,False,202736.0002077827,False,False,False,False
2022-04-25 00:00:00+00:00,12.7,12.8,12.1,12.5,92901,,,,,,,,,,,,,,,,,,,,,,,,,,17.132016528016848,"rgba(239, 83, 80, 1.0)",0.0,0.0,2.546308403647623,16.620617458691648,-1.5397260807352746,0.0,0.0,0.0,0.0,0.0,0.0,0.0,0.0,35.15738378240944,-10.904401505943852,False,True,False,True,False,0.0,0,0.8815208022656067,1.030645889483261,False,False,False,False,-0.34282825441539394,-0.33962231886945293,False,False,False,False,-2088777,-1191457.2394238918,False,False,False,False,198428.74529767357,False,False,False,False
2022-04-26 00:00:00+00:00,12.0,12.7,11.9,12.7,135350,,,,,,,,,,,,,,,,,,,,,,,,,,17.06310553514528,"rgba(239, 83, 80, 1.0)",0.0,0.0,2.5121420456768915,16.540857402126427,-1.8075639512266921,0.0,0.0,0.0,0.0,0.0,0.0,0.0,0.0,33.30768794334256,-12.743958955437996,False,True,False,True,False,0.0,0,0.8974295087413312,1.021316944202206,False,False,False,False,-0.34282825441539394,-0.34122528664242346,False,False,False,False,-2224127,-1231954.0927798178,False,False,False,False,195955.0690114903,False,False,False,False
2022-04-27 00:00:00+00:00,12.0,12.3,11.9,12.0,133942,,,,,,,,,,,,,,,,,,,,,,,,,,16.994962840576605,"rgba(239, 83, 80, 1.0)",0.0,0.0,2.4546701215041966,16.46428180064124,-1.8186891026748524,0.0,0.0,0.0,0.0,0.0,0.0,0.0,0.0,32.07455738396464,-13.97696456158723,False,True,False,True,False,0.0,0,0.9000600198204987,1.0145164217020506,False,False,False,False,-0.34282825441539394,-0.34202677052890873,False,False,False,False,-2224127,-1270862.8342394328,False,False,False,False,193523.18395221618,False,False,False,False
2022-04-28 00:00:00+00:00,12.4,12.6,11.4,11.9,212004,,,,,,,,,,,,,,,,,,,,,,,,,,16.892233941293604,"rgba(239, 83, 80, 1.0)",0.0,0.0,2.408730367222949,16.35429628972407,-1.641651694823368,0.0,0.0,0.0,0.0,0.0,0.0,0.0,0.0,32.9302715365074,-13.97696456158723,False,True,False,True,False,0.0,0,0.8908799070140723,1.0074720834659396,False,False,False,False,-0.34282825441539394,-0.3424275124721513,False,False,False,False,-2012123,-1299931.8603476905,False,False,False,False,194247.92183644298,False,False,False,False
2022-04-29 00:00:00+00:00,11.9,12.8,11.8,12.3,70118,,,,,,,,,,,,,,,,,,,,,,,,,,16.85943758508258,"rgba(239, 83, 80, 1.0)",0.0,0.0,2.3593196454039904,16.320344294650166,-1.8735673664486705,0.0,0.0,0.0,0.0,0.0,0.0,0.0,0.0,32.46705380964541,-13.97696456158723,False,True,False,True,False,0.0,0,0.8973056691177497,1.0173017622682052,False,False,False,False,-0.31675302728704025,-0.3295902698795958,False,False,False,False,-2082241,-1330610.6501379772,False,False,False,False,189380.08176442562,False,False,False,False
2022-05-02 00:00:00+00:00,12.4,12.4,11.3,11.8,115089,,,,,,,,,,,,,,,,,,,,,,,,,,16.805080845794034,"rgba(239, 83, 80, 0.75)",0.0,0.0,2.309301988843317,16.264420905325085,-1.6734151375588153,0.0,0.0,0.0,0.0,0.0,0.0,0.0,0.0,34.203885447880104,-13.97696456158723,False,True,False,True,True,0.0,0,0.8890733790062648,1.0186970656769314,False,False,False,False,-0.34282825441539394,-0.33620926214749486,False,False,False,False,-1967152,-1355573.0560149192,False,False,False,False,186466.70600895793,False,False,False,False
2022-05-03 00:00:00+00:00,12.4,12.698,12.0,12.3,128085,,,,,,,,,,,,,,,,,,,,,,,,,,16.75012622652365,"rgba(239, 83, 80, 0.75)",0.0,0.0,2.2708517273409976,16.21072435258047,-1.6781035532612918,0.0,0.0,0.0,0.0,0.0,0.0,0.0,0.0,35.36177320670324,-13.97696456158723,False,True,False,True,True,0.0,0,0.9096220942452393,1.003531043759721,False,False,False,False,-0.3004284474653397,-0.3183188548064173,False,False,False,False,-1967152,-1379556.5440143342,False,False,False,False,184177.22734194,False,False,False,False
2022-05-04 00:00:00+00:00,13.3,13.3,12.0,12.5,141330,,,,,,,,,,,,,,,,,,,,,,,,,,16.697793452075217,"rgba(239, 83, 80, 0.5)",0.0,0.0,2.2111616937791005,16.16344674893629,-1.2949965427640746,0.0,0.0,0.0,0.0,0.0,0.0,0.0,0.0,39.52716092152279,-14.452958488554913,False,False,False,True,True,0.0,0,0.9210529992873809,0.9853284334958848,False,False,False,False,-0.27535936533572647,-0.2968391100710719,False,False,False,False,-1825822,-1397057.1501314193,False,False,False,False,182496.9439167659,False,False,False,False
2022-05-05 00:00:00+00:00,12.3,13.1,12.1,13.0,102590,,,,,,,,,,,,,,,,,,,,,,,,,,16.657128608694148,"rgba(239, 83, 80, 0.5)",0.0,0.0,2.199563429246655,16.125500359702038,-1.7392089306614182,0.0,0.0,0.0,0.0,0.0,0.0,0.0,0.0,39.649187026713555,-14.385475460887335,False,False,False,True,True,0.0,0,0.9225044333049414,0.983244201795663,False,False,False,False,-0.27949957343298054,-0.28816934175202624,False,False,False,False,-1928412,-1417894.5952243048,False,False,False,False,179363.33827297116,False,False,False,False
2022-05-06 00:00:00+00:00,11.9,12.3,11.5,12.3,89230,,,,,,,,,,,,,,,,,,,,,,,,,,16.617381558223542,"rgba(239, 83, 80, 0.75)",0.0,0.0,2.2090045044999176,16.086650064454528,-1.8952655170806527,0.0,0.0,0.0,0.0,0.0,0.0,0.0,0.0,38.82322994508586,-14.385475460887335,False,True,False,True,True,0.0,0,0.9219595877216417,0.9880478647861972,False,False,False,False,-0.3385281895222487,-0.3133487656371375,False,False,False,False,-2017642,-1441414.1012939399,False,False,False,False,175828.69755638408,False,False,False,False
2022-05-09 00:00:00+00:00,11.0,11.9,10.85,11.5,203986,,,,,,,,,,,,,,,,,,,,,,,,,,16.5167822837691,"rgba(239, 83, 80, 1.0)",0.0,0.0,2.251184272917403,15.985557642854834,-2.214637736605117,0.0,0.0,0.0,0.0,0.0,0.0,0.0,0.0,36.48251214979541,-14.385475460887335,False,True,False,True,False,0.0,0,0.9005142432777055,0.9992993960794205,False,False,False,False,-0.34282825441539394,-0.3280885100262657,False,False,False,False,-2221628,-1472010.724772609,False,False,False,False,176932.90549534943,False,False,False,False
2022-05-10 00:00:00+00:00,10.4,11.55,10.0,11.4,277554,,,,,,,,,,,,,,,,,,,,,,,,,,16.370886467977286,"rgba(239, 83, 80, 1.0)",0.0,0.0,2.317849267149452,15.838218470481,-2.3462347390557685,0.0,0.0,0.0,0.0,0.0,0.0,0.0,0.0,33.90654859283616,-11.829070867366717,False,True,False,True,False,0.0,0,0.8843193067571545,1.0196306630957555,False,False,False,False,-0.34282825441539394,-0.3354583822208298,False,False,False,False,-2499182,-1512291.9512521145,False,False,False,False,180878.83077004162,False,False,False,False
2022-05-11 00:00:00+00:00,9.996,10.95,9.9,10.4,377004,,,,,,,,,,,,,,,,,,,,,,,,,,16.17193292325802,"rgba(239, 83, 80, 1.0)",0.0,0.0,2.374028073636545,15.64043807283991,-2.377578485916444,0.0,0.0,0.0,0.0,0.0,0.0,0.0,0.0,31.554213690816002,-13.995723639346807,False,True,False,True,False,0.0,0,0.8772468092856441,1.0252175009456563,False,False,False,False,-0.34282825441539394,-0.33914331831811184,False,False,False,False,-2876186,-1565777.9923794826,False,False,False,False,188570.01387709883,True,False,False,False
2022-05-12 00:00:00+00:00,10.8,11.1,9.476,9.9,222093,,,,,,,,,,,,,,,,,,,,,,,,,,16.064036514345304,"rgba(239, 83, 80, 1.0)",0.0,0.0,2.408085852828886,14.690460969473875,-1.6155823368604472,0.0,0.0,0.0,0.0,0.0,0.0,0.0,0.0,33.07450360828559,-13.995723639346807,False,True,False,True,False,0.0,0,0.8701715995180255,1.0228522360566734,False,False,False,False,-0.34282825441539394,-0.3409857863667529,False,False,False,False,-2654093,-1608457.0122861697,False,False,False,False,189884.64078387927,False,False,False,False
2022-05-13 00:00:00+00:00,12.0,12.2,10.7,11.1,148866,,,,,,,,,,,,,,,,,,,,,,,,,,16.00865143172087,"rgba(239, 83, 80, 0.75)",0.0,0.0,2.4056403535505178,14.728700453345676,-1.134292767128864,0.0,0.0,0.0,0.0,0.0,0.0,0.0,0.0,37.75407278074014,-17.182380965119698,False,True,False,True,True,0.0,0,0.8902600629451713,1.0111672464248247,False,False,False,False,-0.26025134060384925,-0.3006185634853011,False,False,False,False,-2505227,-1643624.4627847513,False,False,False,False,188276.06663549185,False,False,False,False
2022-05-16 00:00:00+00:00,11.5,12.1,11.1,11.7,94150,,,,,,,,,,,,,,,,,,,,,,,,,,15.973809511396123,"rgba(239, 83, 80, 0.75)",0.0,0.0,2.4308078064116345,14.724788732887943,-1.3266325393484666,0.0,0.0,0.0,0.0,0.0,0.0,0.0,0.0,39.72526094484693,-15.484423084156141,False,True,False,True,True,0.0,0,0.9039468607022766,0.9993109530896862,False,False,False,False,-0.2498614599840714,-0.27524001173468626,False,False,False,False,-2599377,-1681104.9544402512,False,False,False,False,184584.8483360608,False,False,False,False
2022-05-17 00:00:00+00:00,12.3,12.4,11.5,12.1,70659,,,,,,,,,,,,,,,,,,,,,,,,,,15.950943921876314,"rgba(239, 83, 80, 0.5)",0.0,0.0,2.434594647208493,14.731174811881468,-0.9985953163369734,0.0,0.0,0.0,0.0,0.0,0.0,0.0,0.0,43.18071673149619,-12.361951753327034,False,False,False,True,True,0.0,0,0.9269453412000446,0.9867805855504842,False,False,False,False,-0.225818429754232,-0.25052922074445916,False,False,False,False,-2528718,-1714344.681717104,False,False,False,False,180117.16800915648,False,False,False,False
2022-05-18 00:00:00+00:00,12.1,12.499,11.479,11.7,95178,,,,,,,,,,,,,,,,,,,,,,,,,,15.920245536612235,"rgba(239, 83, 80, 0.5)",0.0,0.0,2.410063958778986,14.730925164529033,-1.091641221779833,0.0,0.0,0.0,0.0,0.0,0.0,0.0,0.0,44.97664691931148,-10.792958606459706,True,False,False,True,True,0.0,0,0.9104850213980028,1.1978635962230826,False,False,False,False,-0.17100366254972596,-0.21076644164709257,False,False,False,False,-2623896,-1750013.360865453,False,False,False,False,176786.22024409153,False,False,False,False
2022-05-19 00:00:00+00:00,12.5,12.6,11.844,12.1,95235,,,,,,,,,,,,,,,,,,,,,,,,,,15.892247246326663,#000000,0.0,0.0,2.3506105928629086,14.7341110192219,-0.9504385907241575,0.0,0.0,0.0,0.0,0.0,0.0,0.0,0.0,47.24885890672029,-8.707425965166287,True,False,False,False,True,0.0,0,0.906233120881495,1.0819199884771886,False,False,False,False,-0.14843192971305402,-0.1795991856800733,False,False,False,False,-2528661,-1780548.5624001413,False,False,False,False,173588.1331756958,False,False,False,False
2022-05-20 00:00:00+00:00,11.9,12.5,11.15,12.4,100868,,,,,,,,,,,,,,,,,,,,,,,,,,15.859272692215585,#000000,0.0,0.0,2.327693347810548,14.719120945847477,-1.2111221387899616,0.0,0.0,0.0,0.0,0.0,0.0,0.0,0.0,47.14502191697228,-8.707425965166287,True,False,False,False,True,0.0,1,0.9089932786490639,1.087951561834577,False,False,False,False,-0.1869938497392455,-0.18329651770965938,False,False,False,False,-2629529,-1813841.9128942534,False,False,False,False,170736.36324723717,False,False,False,False
2022-05-23 00:00:00+00:00,11.7,11.9,11.3,11.9,63738,,,,,,,,,,,,,,,,,,,,,,,,,,15.837601068832175,#000000,0.0,0.0,2.3157647418206144,14.705230481717415,-1.2977270218540224,0.0,0.0,0.0,0.0,0.0,0.0,0.0,0.0,46.555814200365184,-8.707425965166287,True,False,False,False,True,0.0,1,0.9257616479034713,1.057323284530231,False,False,False,False,-0.20908819140516996,-0.19619235455741468,False,False,False,False,-2693267,-1848329.1712121258,False,False,False,False,166540.34900224747,False,False,False,False
2022-05-24 00:00:00+00:00,10.8,11.5,10.5,11.5,76268,,,,,,,,,,,,,,,,,,,,,,,,,,15.80769017236011,"rgba(239, 83, 80, 0.5)",0.0,0.0,2.315823002152223,14.675138280182145,-1.6733309396187717,0.0,0.0,0.0,0.0,0.0,0.0,0.0,0.0,44.02617133795565,-8.707425965166287,True,False,False,True,False,0.0,1,0.9254815401739392,1.0424472239515536,False,False,False,False,-0.2690687613428227,-0.2326305579501187,False,False,False,False,-2769535,-1884454.8899881209,False,False,False,False,163000.2568845123,False,False,False,False
2022-05-25 00:00:00+00:00,11.1,11.1,10.5,11.0,59752,,,,,,,,,,,,,,,,,,,,,,,,,,15.784351708058598,"rgba(239, 83, 80, 0.5)",0.0,0.0,2.2894535318705715,14.652103823582243,-1.5515072807265224,0.0,0.0,0.0,0.0,0.0,0.0,0.0,0.0,43.34166956102513,-8.707425965166287,False,False,False,True,False,0.0,1,0.9206910390429414,1.0521719188946432,False,False,False,False,-0.2894692928318022,-0.26104992539096045,False,False,False,False,-2709783,-1916820.698223881,False,False,False,False,158951.30563413928,False,False,False,False
2022-05-26 00:00:00+00:00,11.7,11.8,11.0,11.1,83432,,,,,,,,,,,,,,,,,,,,,,,,,,15.756090792330538,"rgba(239, 83, 80, 0.5)",0.0,0.0,2.254908894665876,14.632682074712166,-1.3005767468697313,0.0,0.0,0.0,0.0,0.0,0.0,0.0,0.0,44.77615533025284,-8.707425965166287,True,False,False,True,False,0.0,1,0.9125454091144981,1.0528571703154133,False,False,False,False,-0.22889733135327975,-0.2449736283721201,False,False,False,False,-2626351,-1944645.4159405916,False,False,False,False,155989.76423672205,False,False,False,False
2022-05-27 00:00:00+00:00,11.7,11.985,11.3,11.7,89145,,,,,,,,,,,,,,,,,,,,,,,,,,15.727435284535886,"rgba(239, 83, 80, 0.5)",0.0,0.0,2.2261975817058186,14.615251499590423,-1.3095205580794043,0.0,0.0,0.0,0.0,0.0,0.0,0.0,0.0,45.73247917640465,-8.707425965166287,True,False,False,True,False,0.0,1,0.9010237542989682,1.097276653603135,False,False,False,False,-0.2049000042007794,-0.22493681628644974,False,False,False,False,-2626351,-1971378.9682566468,False,False,False,False,153368.4009333212,False,False,False,False
2022-05-31 00:00:00+00:00,12.0,12.6,11.5,11.7,98414,,,,,,,,,,,,,,,,,,,,,,,,,,15.69911214237281,#000000,0.0,0.0,2.2097274375968885,14.603415666610244,-1.178161443042721,0.0,0.0,0.0,0.0,0.0,0.0,0.0,0.0,47.344515359870485,-7.856248431444428,True,False,False,False,True,0.0,1,0.8841006208175441,1.083649117149077,False,False,False,False,-0.1650785418630522,-0.19500767907475097,False,False,False,False,-2527937,-1993204.7734230529,False,False,False,False,151213.32638691645,False,False,False,False
2022-06-01 00:00:00+00:00,11.7,12.35,11.5,12.1,69643,,,,,,,,,,,,,,,,,,,,,,,,,,15.678340839496354,#000000,0.0,0.0,2.2202546231709,14.59206987679707,-1.3025847786172848,0.0,0.0,0.0,0.0,0.0,0.0,0.0,0.0,47.44375881261941,-7.533087324249536,True,False,False,False,True,0.0,1,0.8819660223558371,1.080706993260966,False,False,False,False,-0.17723299926716024,-0.1861203391709556,False,False,False,False,-2597580,-2016905.7627005803,False,False,False,False,148014.49005801778,False,False,False,False
2022-06-02 00:00:00+00:00,12.7,12.7,11.6,12.0,41848,,,,,,,,,,,,,,,,,,,,,,,,,,15.66752920091955,#000000,0.0,0.0,2.2172521092640953,14.58910391112415,-0.8520023064725568,0.0,0.0,0.0,0.0,0.0,0.0,0.0,0.0,50.56488697375583,-4.37830907937397,True,False,False,False,True,0.0,1,0.8754792733112515,1.08130081300813,False,False,False,False,-0.15470425859423487,-0.17041229888259524,False,False,False,False,-2555732,-2038036.2033789891,False,False,False,False,143851.0982910367,False,False,False,False
2022-06-03 00:00:00+00:00,12.3,12.7,12.072,12.6,70829,,,,,,,,,,,,,,,,,,,,,,,,,,15.64951914073476,"rgba(38, 166, 154, 1.0)",0.0,0.0,2.2161698142890156,14.583983246443168,-1.030599384450107,0.0,0.0,0.0,0.0,0.0,0.0,0.0,0.0,51.291517961286544,-3.551551558953925,True,False,True,False,True,0.0,0,0.8853924873342348,1.08174716912581,False,False,False,False,-0.12891995238616813,-0.1496661256343817,False,False,False,False,-2626561,-2061115.6071680484,False,False,False,False,140987.486593349,False,False,False,False
2022-06-06 00:00:00+00:00,12.4,12.8,12.1,12.8,43019,,,,,,,,,,,,,,,,,,,,,,,,,,15.638926139394252,"rgba(38, 166, 154, 1.0)",0.0,0.0,2.1973645305228815,14.581238664427483,-0.9926612695019875,0.0,0.0,0.0,0.0,0.0,0.0,0.0,0.0,52.07973266162151,-2.624959393578152,True,False,True,False,True,0.0,1,0.8861873778780492,1.0735249682734724,False,False,False,False,-0.12266637208190277,-0.13616624885814224,False,False,False,False,-2583542,-2081602.91669087,False,False,False,False,137145.5851583157,False,False,False,False
2022-06-07 00:00:00+00:00,12.9,12.9,11.9,12.3,82059,,,,,,,,,,,,,,,,,,,,,,,,,,15.619744677345775,"rgba(38, 166, 154, 1.0)",0.0,0.0,2.1896223535512274,14.577465571134164,-0.7660981211730759,0.0,0.0,0.0,0.0,0.0,0.0,0.0,0.0,54.086701900968485,-0.5584562385873184,True,False,True,False,True,0.0,1,0.8983595226963186,1.072164738885614,False,False,False,False,-0.12755114127937556,-0.1318586950687589,False,False,False,False,-2501483,-2098068.802310836,False,False,False,False,134985.32691681312,False,False,False,False
2022-06-08 00:00:00+00:00,13.1,13.85,12.674,12.8,114669,,,,,,,,,,,,,,,,,,,,,,,,,,15.59888525137853,"rgba(38, 166, 154, 1.0)",1.0,13.09,2.187031308203682,14.387067955505033,-0.5885000140039911,0.0,0.0,0.0,0.0,0.0,0.0,0.0,0.0,55.99016209484052,1.3567574399801643,True,False,True,False,True,0.0,1,0.9255403188235533,1.0324090016001943,False,False,False,True,-0.043983460022265795,-0.08792107754551236,False,False,False,False,-2386814,-2109392.143396686,False,False,False,False,134188.608214193,False,False,False,False
2022-06-09 00:00:00+00:00,12.6,13.2,12.2,13.2,81882,,,,,,,,,,,,,,,,,,,,,,,,,,15.580886772980191,"rgba(38, 166, 154, 1.0)",0.0,0.0,2.1913170659682386,14.351260654736743,-0.7991817715173704,0.0,0.0,0.0,0.0,0.0,0.0,0.0,0.0,55.26215043471386,1.3567574399801643,True,False,True,False,True,0.0,1,0.9067030285632267,1.0666406938834097,False,False,False,False,-0.09832497159510693,-0.09312302457030965,False,False,False,False,-2468696,-2123482.490714463,False,False,False,False,132137.3686763815,False,False,False,False
2022-06-10 00:00:00+00:00,11.8,12.39,11.65,12.2,62384,,,,,,,,,,,,,,,,,,,,,,,,,,15.563970324416527,"rgba(38, 166, 154, 0.75)",0.0,0.0,2.2048922011605883,14.306403410097785,-1.136746462606421,0.0,0.0,0.0,0.0,0.0,0.0,0.0,0.0,52.088311559896574,1.3567574399801643,True,False,True,False,False,0.0,1,0.8743289660420823,1.085357576256196,False,False,False,False,-0.1557057013381585,-0.12441436295423408,False,False,False,False,-2531080,-2139466.7067648764,False,False,False,False,129401.94245377832,False,False,False,False
2022-06-13 00:00:00+00:00,10.8,11.5,10.65,11.5,155766,,,,,,,,,,,,,,,,,10.983333333333334,,,,,,,,,15.511343782216676,#000000,0.0,0.0,2.231235571896734,14.170110260942751,-1.5104233292936788,0.0,0.0,0.0,0.0,0.0,0.0,0.0,0.0,47.36689292242007,2.332594532572088,True,False,False,False,False,0.0,1,0.8703486819125111,1.080955022704391,False,False,False,False,-0.25566508135609456,-0.19003972215516432,False,False,False,False,-2686846,-2160932.561401548,False,False,False,False,130435.82706343409,False,False,False,False
2022-06-14 00:00:00+00:00,11.0,11.0,10.65,11.0,79811,,,,,,,,,,,,,,,,,10.949454389293805,,,,,,,,,15.484259687343862,"rgba(239, 83, 80, 0.5)",0.0,0.0,2.250214563703371,14.120725324842358,-1.3868567803180123,0.0,0.0,0.0,0.0,0.0,0.0,0.0,0.0,44.96902127274303,0.2212735184789878,True,False,False,True,False,0.0,1,0.879302823192139,1.0773209797037622,False,False,False,False,-0.28288631949516746,-0.2364630208251659,False,False,False,False,-2607035,-2178426.774679919,False,False,False,False,128450.53972761316,False,False,False,False
2022-06-15 00:00:00+00:00,11.4,11.6,11.0,11.0,66947,,,,,,,,,,,,,,,,,11.034404818570868,,,,,,,,,15.463982548320297,"rgba(239, 83, 80, 0.5)",0.0,0.0,2.254029344397596,14.097209847849456,-1.1966170070293838,0.0,0.0,0.0,0.0,0.0,0.0,0.0,0.0,44.842743060968694,0.15861609223758677,True,False,False,True,False,0.0,1,0.8746175407065067,1.1014185762885937,False,False,False,False,-0.23148017278009028,-0.23397159680262808,False,False,False,False,-2540088,-2192609.567829726,False,False,False,False,126038.63620888322,False,False,False,False
2022-06-16 00:00:00+00:00,10.6,11.399,10.4,11.3,109576,,,,,,,,,,,,,,,,,10.971988735743752,,,,,,,,,15.426984796788217,"rgba(239, 83, 80, 0.5)",0.0,0.0,2.2727749433375743,14.043702634506287,-1.5151973778139263,0.0,0.0,0.0,0.0,0.0,0.0,0.0,0.0,42.68173230854862,-1.9257924695070798,False,False,False,True,False,0.0,0,0.8513781839144267,1.0969319128039796,False,False,False,False,-0.2663864223250933,-0.2501790095638607,False,False,False,False,-2649664,-2210533.2710520895,False,False,False,False,125393.04263206429,False,False,False,False
2022-06-17 00:00:00+00:00,11.0,11.1,10.5,10.7,74849,,,,,,,,,,,,,,,,,10.9557996655365,,,,,,,,,15.402409072912672,"rgba(239, 83, 80, 0.5)",0.0,0.0,2.274627635460374,14.01329638027292,-1.32474271098137,0.0,0.0,0.0,0.0,0.0,0.0,0.0,0.0,42.70739199400379,-1.9945894895711689,False,False,False,True,False,0.0,0,0.8724345555387701,1.0936400716490062,False,False,False,False,-0.27029220829529615,-0.2602356089295784,False,False,False,False,-2574815,-2224818.829050047,False,False,False,False,123410.9233131598,False,False,False,False
2022-06-21 00:00:00+00:00,11.6,11.7,11.0,11.0,49582,,,,,,,,,,,,,,,,,10.99992959338168,,,,,,,,,15.388290493509505,"rgba(239, 83, 80, 0.5)",0.0,0.0,2.2768828851728067,14.002893414845179,-1.0553434392664465,0.0,0.0,0.0,0.0,0.0,0.0,0.0,0.0,44.73458824680496,-1.9945894895711689,True,False,False,True,False,0.0,0,0.8998414318917393,1.069270369485414,False,False,False,False,-0.1895422605278916,-0.224888934728735,False,False,False,False,-2525233,-2236599.776930437,False,False,False,False,120515.67141852608,False,False,False,False
2022-06-22 00:00:00+00:00,11.1,11.8,10.9,11.4,60200,,,,,,,,,,,,,,,,,11.026838823523496,,,,,,,,,15.37056612475524,"rgba(239, 83, 80, 0.5)",0.0,0.0,2.289237474211312,13.987740003479242,-1.2614418713699096,0.0,0.0,0.0,0.0,0.0,0.0,0.0,0.0,44.65385400453687,-1.9945894895711689,True,False,False,True,False,0.0,0,0.9004898892893368,1.0601894814079462,False,False,False,False,-0.17466840454044755,-0.1997786696345913,False,False,False,False,-2585433,-2250279.5111684594,False,False,False,False,118150.35097074075,False,False,False,False
2022-06-23 00:00:00+00:00,10.8,11.3,10.7,11.1,34390,,,,,,,,,,,,,,,,,11.02174367725576,,,,,,,,,15.359692239776908,"rgba(239, 83, 80, 0.5)",0.0,0.0,2.3106434338076163,13.9761836175886,-1.3745883813647066,0.0,0.0,0.0,0.0,0.0,0.0,0.0,0.0,43.78537380588258,-1.9945894895711689,False,False,False,True,False,0.0,0,0.9103126295350918,1.0673909723585748,False,False,False,False,-0.22472867297955923,-0.21225367130707526,False,False,False,False,-2619823,-2264771.412691265,False,False,False,False,114865.63132482934,False,False,False,False
2022-06-24 00:00:00+00:00,11.3,11.55,10.9,10.9,44222,,,,,,,,,,,,,,,,,11.036690083903043,,,,,,,,,15.346782377176323,"rgba(239, 83, 80, 0.5)",0.0,0.0,2.1823693044260306,13.965525448441557,-1.2213906432039912,0.0,0.0,0.0,0.0,0.0,0.0,0.0,0.0,44.973747073915035,-1.9945894895711689,True,False,False,True,False,0.0,0,0.9142079978941366,1.0556957027222673,False,False,False,False,-0.17966327734452378,-0.19595847432579952,False,False,False,False,-2575601,-2276960.8082719995,False,False,False,False,112095.2928415027,False,False,False,False
2022-06-27 00:00:00+00:00,10.9,11.3,10.65,11.2,39561,,,,,,,,,,,,,,,,,11.031892871397185,,,,,,,,,15.33446105206758,"rgba(239, 83, 80, 0.5)",0.0,0.0,2.163335611986764,13.953128477744347,-1.4113059762097728,0.0,0.0,0.0,0.0,0.0,0.0,0.0,0.0,44.58991536041827,-1.9945894895711689,True,False,False,True,False,0.0,0,0.9090233290333867,1.0500470078929531,False,False,False,False,-0.21508608169372948,-0.2055222780097645,False,False,False,False,-2615162,-2290223.6001044703,False,False,False,False,109250.81076928691,False,False,False,False
2022-06-28 00:00:00+00:00,10.5,11.0,10.4,10.9,78310,,,,,,,,,,,,,,,,,10.9925451072052,,,,,,,,,15.308526902775283,"rgba(239, 83, 80, 0.5)",0.0,0.0,2.1713978718415228,13.923470469401545,-1.5766205326977514,0.0,0.0,0.0,0.0,0.0,0.0,0.0,0.0,43.227437219164464,-2.4178777095377484,False,False,False,True,False,0.0,0,0.9100181670934838,1.0533849891654081,False,False,False,False,-0.25932157223792607,-0.2324219251238453,False,False,False,False,-2693472,-2306037.2628454715,False,False,False,False,108037.44564107958,False,False,False,False
2022-06-29 00:00:00+00:00,10.3,10.6,10.1,10.6,72484,,,,,,,,,,,,,,,,,10.937349985791812,,,,,,,,,15.283251800034845,"rgba(239, 83, 80, 0.5)",0.0,0.0,2.1929273529908717,13.892410155514382,-1.6381801935275213,0.0,0.0,0.0,0.0,0.0,0.0,0.0,0.0,41.77910046021411,-3.978518178440055,False,False,False,True,False,0.0,0,0.9172260492550125,1.050377445694038,False,False,False,False,-0.32999031246252214,-0.2812061187931837,False,False,False,False,-2765956,-2324073.2917534923,False,False,False,False,106643.19287084117,False,False,False,False
2022-06-30 00:00:00+00:00,10.1,10.3,10.0,10.3,62473,,,,,,,,,,,,,,,,,10.883233521983914,,,,,,,,,15.26080078044179,"rgba(239, 83, 80, 1.0)",0.0,0.0,2.22041043134004,13.86412679771607,-1.6952391974867376,0.0,0.0,0.0,0.0,0.0,0.0,0.0,0.0,40.267316240902375,-5.560152993646497,False,True,False,True,False,0.0,0,0.9125779556072154,1.0645774191385207,False,False,False,False,-0.34282825441539394,-0.3120171866042888,False,False,False,False,-2828429,-2343851.9469788456,False,False,False,False,104911.02844453369,False,False,False,False
2022-07-01 00:00:00+00:00,10.2,10.2,9.999,10.1,42416,,,,,,,,,,,,,,,,,10.850447275033904,,,,,,,,,15.245667933113205,"rgba(239, 83, 80, 1.0)",0.0,0.0,2.23692106543191,13.845646331079397,-1.629760829479912,0.0,0.0,0.0,0.0,0.0,0.0,0.0,0.0,39.73336061252372,-6.214023310294117,False,True,False,True,False,0.0,0,0.9066260956446704,1.0701439665743222,False,False,False,False,-0.34282825441539394,-0.32742272050984134,False,False,False,False,-2786013,-2361191.5961169302,False,False,False,False,102460.2430153363,False,False,False,False
2022-07-05 00:00:00+00:00,10.1,10.1,9.631,10.1,94342,,,,,,,,,,,,,,,,,10.770115632121952,,,,,,,,,15.21109284206152,"rgba(239, 83, 80, 1.0)",0.0,0.0,2.2471578198665636,13.320238686825695,-1.4330273816802566,0.0,0.0,0.0,0.0,0.0,0.0,0.0,0.0,39.06402117478468,-7.023431219441186,False,True,False,True,False,0.0,0,0.9086254792570654,1.0605872764423627,True,False,False,False,-0.34282825441539394,-0.3351254874626176,False,False,False,False,-2880355,-2381550.9452888155,False,False,False,False,102141.88054414664,False,False,False,False
2022-07-06 00:00:00+00:00,10.2,10.5,10.001,10.1,58221,,,,,,,,,,,,,,,,,10.742307596492008,,,,,,,,,15.191142118115009,"rgba(239, 83, 80, 1.0)",0.0,0.0,2.198238262012705,13.315007613385484,-1.4170473088451236,0.0,0.0,0.0,0.0,0.0,0.0,0.0,0.0,39.15851723278627,-7.127012139688773,False,True,False,True,False,0.0,0,0.9282682904326965,1.032037088292278,False,False,False,False,-0.26095407600123954,-0.2980397817319286,False,False,False,False,-2822134,-2398828.7121402347,False,False,False,False,100419.49307182716,False,False,False,False
2022-07-07 00:00:00+00:00,10.4,10.5,10.1,10.4,56120,,,,,,,,,,,,,,,,,10.722845017397766,,,,,,,,,15.17244573735862,"rgba(239, 83, 80, 1.0)",0.0,0.0,2.1579595460811087,13.307565477921237,-1.3473679259657232,0.0,0.0,0.0,0.0,0.0,0.0,0.0,0.0,40.31731947459131,-7.127012139688773,False,True,False,True,False,0.0,1,0.9347129319955407,1.027615198810851,False,False,False,False,-0.25069192358667597,-0.27436585265930225,False,False,False,False,-2766014,-2413228.135193559,False,False,False,False,98682.25804940258,False,False,False,False
2022-07-08 00:00:00+00:00,11.3,11.7,10.465,10.5,116499,,,,,,,,,,,,,,,,,10.761698874310673,,,,,,,,,15.140602614075549,"rgba(239, 83, 80, 0.5)",0.0,0.0,2.1078316249832056,13.093689030580148,-0.8509640947219579,0.0,0.0,0.0,0.0,0.0,0.0,0.0,0.0,45.134843855655916,-8.637630158492293,True,False,False,True,True,0.0,1,0.946941867940123,0.9959592249058683,False,False,False,False,-0.09378943116283485,-0.18407764191106854,False,False,False,False,-2649515,-2422494.2867545956,False,False,False,False,99380.9538121711,False,False,False,False
2022-07-11 00:00:00+00:00,10.1,11.1,10.1,11.1,155409,,,,,,,,,,,,,,,,,10.726533677237848,,,,,,,,,15.091350969621768,"rgba(239, 83, 80, 0.5)",0.0,0.0,2.053747020922005,13.009548444089177,-1.416702453831422,0.0,0.0,0.0,0.0,0.0,0.0,0.0,0.0,44.02351482808129,-8.637630158492293,False,False,False,True,True,0.0,1,0.9351609703309585,0.9960321038867346,False,False,False,False,-0.1895102425281831,-0.1867939422196258,True,False,False,False,-2804924,-2437491.530411278,False,False,False,False,101578.13209404674,False,False,False,False
2022-07-12 00:00:00+00:00,11.4,11.7,10.6,10.7,224453,,,,,,,,,,,,,,,,,10.794420164901062,,,,,,,,,15.033919292231204,#000000,0.0,0.0,1.990409020575734,12.855560156469556,-0.7312869573151999,0.0,0.0,0.0,0.0,0.0,0.0,0.0,0.0,47.552041840815065,-6.62337756827614,True,False,False,False,True,0.0,1,0.9469121458575387,0.9781928679953525,False,False,False,False,-0.08057285510073994,-0.13368339866018286,False,False,False,False,-2580471,-2443098.568434365,False,False,False,False,106396.75436486844,False,False,False,False
2022-07-13 00:00:00+00:00,10.9,11.6,10.7,11.0,98050,,,,,,,,,,,,,,,,,10.80947009185981,,,,,,,,,15.008287186498999,#000000,0.0,0.0,1.919925842411739,12.844796448569838,-1.0129539410370438,0.0,0.0,0.0,0.0,0.0,0.0,0.0,0.0,48.35389097122368,-5.963150008004199,True,False,False,False,True,0.0,1,0.9400752418487999,0.9848620566105339,False,False,False,False,-0.08057285510073994,-0.1071281268804614,False,False,False,False,-2678521,-2452330.8206526255,False,False,False,False,106069.43066428538,False,False,False,False
2022-07-14 00:00:00+00:00,10.4,10.9,10.3,10.7,75195,,,,,,,,,,,,,,,,,10.798239428712364,,,,,,,,,14.986223515145957,#000000,0.0,0.0,1.8811043518908694,12.812311399130266,-1.282391057521839,0.0,0.0,0.0,0.0,0.0,0.0,0.0,0.0,47.461848211466176,-5.963150008004199,True,False,False,False,True,0.0,1,0.9416613823715916,0.9914847359362262,False,False,False,False,-0.1895102425281826,-0.148319184704322,False,False,False,False,-2753716,-2464149.8472936987,False,False,False,False,104858.66867745065,False,False,False,False
2022-07-15 00:00:00+00:00,10.4,10.9,10.2,10.7,38571,,,,,,,,,,,,,,,,,10.792144744726606,,,,,,,,,14.974906156317855,#000000,0.0,0.0,1.8491696887137545,12.79718751653967,-1.296358863748792,0.0,0.0,0.0,0.0,0.0,0.0,0.0,0.0,46.867153038294504,-5.963150008004199,True,False,False,False,True,0.0,1,0.9235472621042619,0.9982336156528827,False,False,False,False,-0.19959862596044445,-0.17395890533238323,False,False,False,False,-2753716,-2475505.382693946,False,False,False,False,102259.15225872709,False,False,False,False
2022-07-18 00:00:00+00:00,10.8,11.257,10.5,10.5,78865,,,,,,,,,,,,,,,,,10.794558793484113,,,,,,,,,14.953750740899272,#000000,0.0,0.0,1.7625215548615054,12.784451743311156,-1.1259162974986074,0.0,0.0,0.0,0.0,0.0,0.0,0.0,0.0,47.85730796177152,-5.963150008004199,True,False,False,False,True,0.0,1,0.927347592359602,1.0015326546951846,False,False,False,False,-0.13395165418398944,-0.15395527975818635,False,False,False,False,-2674851,-2483322.8578824187,False,False,False,False,101341.73452309074,False,False,False,False
2022-07-19 00:00:00+00:00,10.9,11.359,10.9,10.9,61700,,,,,,,,,,,,,,,,,10.802421578537668,,,,,,,,,14.938152982018499,#000000,0.0,0.0,1.6817905721726227,12.781119664254806,-1.1185219464185006,0.0,0.0,0.0,0.0,0.0,0.0,0.0,0.0,48.86226852795588,-5.331823567535793,True,False,False,False,True,0.0,1,0.9355527696522264,0.9968658587547011,False,False,False,False,-0.0845835987136468,-0.11926943923591657,False,False,False,False,-2613151,-2488414.157573304,False,False,False,False,99787.15669865582,False,False,False,False
2022-07-20 00:00:00+00:00,11.5,11.5,10.8,10.8,87666,,,,,,,,,,,,,,,,,10.821658206179455,,,,,,,,,14.917411418088024,#000000,0.0,0.0,1.62794813561499,12.784050584769949,-0.7887539883356743,0.0,0.0,0.0,0.0,0.0,0.0,0.0,0.0,51.49428220462771,-2.748329566271977,True,False,False,False,True,0.0,1,0.9470377437520361,0.9749616046912086,False,False,False,False,-0.08057285510073968,-0.09992114716832812,False,False,False,False,-2525485,-2489867.9160998412,False,False,False,False,99311.81722027715,False,False,False,False
2022-07-21 00:00:00+00:00,11.1,11.7,11.0,11.5,72661,,,,,,,,,,,,,,,,,10.836434143430246,,,,,,,,,14.90039679102713,#000000,0.0,0.0,1.575843385459217,12.784997126436474,-1.0692668713048847,0.0,0.0,0.0,0.0,0.0,0.0,0.0,0.0,51.72090875025874,-2.456432458174106,True,False,False,False,True,0.0,1,0.9665446696696697,0.9606794294294294,False,False,False,False,-0.04155932283989058,-0.07074023500410935,False,False,False,False,-2598146,-2494114.115468475,False,False,False,False,98266.68713320747,False,False,False,False
2022-07-22 00:00:00+00:00,10.6,11.2,10.3,11.1,61229,,,,,,,,,,,,,,,,,10.832720663256236,,,,,,,,,14.883965003746342,#000000,0.0,0.0,1.4583912884649108,12.771260795283053,-1.488805379226108,0.0,0.0,0.0,0.0,0.0,0.0,0.0,0.0,50.1336674418591,-2.456432458174106,True,False,False,False,True,0.0,1,0.9696002287130128,0.9636441606708914,False,False,False,False,-0.15946406815330472,-0.11510215157870704,False,False,False,False,-2659375,-2500594.9344697115,False,False,False,False,96814.22881425815,False,False,False,False
2022-07-25 00:00:00+00:00,10.6,10.8,10.35,10.7,29167,,,,,,,,,,,,,,,,,10.829528593861653,,,,,,,,,14.875965689170195,#000000,0.0,0.0,1.355667103095184,12.763666862358775,-1.5960163504881186,0.0,0.0,0.0,0.0,0.0,0.0,0.0,0.0,49.07550656959268,-2.456432458174106,True,False,False,False,False,0.0,1,0.972784840721226,0.9582829796490548,False,False,False,False,-0.19454954563571994,-0.1548258486072135,False,False,False,False,-2659375,-2506821.6037061936,False,False,False,False,94161.39631173824,False,False,False,False
2022-07-26 00:00:00+00:00,10.4,10.5,10.2,10.4,42308,,,,,,,,,,,,,,,,,10.821091541029903,,,,,,,,,14.86383207662487,#000000,0.0,0.0,1.2762282537523413,12.5329672018729,-1.6713054233062081,0.0,0.0,0.0,0.0,0.0,0.0,0.0,0.0,47.64775547664528,-2.456432458174106,True,False,False,False,False,0.0,1,0.9762889165628891,0.9657285180572851,False,False,False,False,-0.24037835187873782,-0.19760210024297564,False,False,False,False,-2701683,-2514463.2270902647,False,False,False,False,92127.92978970929,False,False,False,False
2022-07-27 00:00:00+00:00,10.3,10.6,10.2,10.3,50733,,,,,,,,,,,,,,,,,10.811371256672919,,,,,,,,,14.849368058877673,"rgba(239, 83, 80, 0.5)",0.0,0.0,1.2110577897400958,12.339050858571907,-1.683694102664998,0.0,0.0,0.0,0.0,0.0,0.0,0.0,0.0,46.32636201805708,0.3773025792167033,False,False,False,True,False,0.0,1,0.9442765685019205,0.9903713188220231,False,False,False,False,-0.23011471427761088,-0.21385840726029326,False,False,False,False,-2752416,-2523794.7083808426,False,False,False,False,90504.59920972069,False,False,False,False
2022-07-28 00:00:00+00:00,11.5,11.5,10.6,10.6,85185,,,,,,,,,,,,,,,,,10.824845357198047,,,,,,,,,14.829766017650613,#000000,0.0,0.0,1.148460809671548,12.414753094445047,-0.7965035347672506,0.0,0.0,0.0,0.0,0.0,0.0,0.0,0.0,50.06829444701053,0.3773025792167033,True,False,False,False,True,0.0,1,0.9369171974522293,0.9572993630573248,False,False,False,False,-0.1001643555608769,-0.15701138141058507,False,False,False,False,-2667231,-2529419.6609933586,False,False,False,False,90295.98747600615,False,False,False,False
2022-07-29 00:00:00+00:00,12.1,12.2,11.4,11.6,95969,,,,,,,,,,,,,,,,,10.865262256962264,,,,,,,,,14.812143649601623,"rgba(38, 166, 154, 1.0)",0.0,0.0,1.0935469674824978,12.498660114143613,-0.3645569198197185,0.0,0.0,0.0,0.0,0.0,0.0,0.0,0.0,54.250744785131985,-0.3425643588125098,True,False,True,False,True,0.0,1,0.9469731800766283,0.9469731800766283,False,False,False,False,0.045939831748613935,-0.05553577483098557,False,False,False,False,-2571262,-2531060.5370328347,False,False,False,False,90518.45855537846,False,False,False,False
2022-08-01 00:00:00+00:00,11.9,12.111,11.5,12.1,46820,,,,,,,,,,,,,,,,,10.882762693976987,,,,,,,,,14.803438682269299,"rgba(38, 166, 154, 1.0)",0.0,0.0,1.051978931724809,12.520302416162673,-0.5896528889087487,0.0,0.0,0.0,0.0,0.0,0.0,0.0,0.0,56.16439301264674,1.29020908012955,True,False,True,False,True,0.0,1,0.9495366665806254,0.9512661005136678,False,False,False,False,0.047010889171502444,-0.004262442829741562,False,False,False,False,-2618082,-2534473.143423704,False,False,False,False,88804.79351399107,False,False,False,False
2022-08-02 00:00:00+00:00,13.2,13.2,11.8,11.9,148678,,,,,,,,,,,,,,,,,10.982870516164152,,,,,,,,,14.784381861782414,"rgba(38, 166, 154, 1.0)",0.0,0.0,1.0173726614433523,12.645551119318718,0.5449811083921616,0.0,0.0,0.0,0.0,0.0,0.0,0.0,0.0,60.51476995054454,5.218396668152522,True,False,True,False,True,0.8065986212567182,0,0.9487114383648598,0.9269772756125428,False,False,False,False,0.1839779433297651,0.08985775025001178,False,False,False,False,-2469404,-2531921.412309049,False,False,False,False,91152.76239579535,False,False,False,False
2022-08-03 00:00:00+00:00,12.8,13.7,12.5,13.6,95841,,,,,,,,,,,,,,,,,11.050840074198328,,,,,,,,,14.773855438120627,"rgba(38, 166, 154, 1.0)",0.0,0.0,0.9911230125196486,12.712823842322905,0.08795695042482682,0.0,0.0,0.0,0.0,0.0,0.0,0.0,0.0,61.74500242739653,6.200044203475777,True,False,True,False,True,0.0,0,0.9840448579074806,0.9114056327258827,False,False,False,False,0.3078945902388214,0.19887617024441656,False,False,False,False,-2565245,-2533228.219669479,False,False,False,False,91336.6148508622,False,False,False,False
2022-08-04 00:00:00+00:00,13.1,13.1,12.6,13.0,48242,,,,,,,,,,,,,,,,,11.08223675334914,,,,,,,,,14.768406393393517,"rgba(38, 166, 154, 1.0)",0.0,0.0,0.9816239150666147,12.73940948409993,0.367340801671075,0.0,0.0,0.0,0.0,0.0,0.0,0.0,0.0,63.237512777320426,7.549576876619966,True,False,True,False,True,0.5128092431989231,0,0.9827264596908138,0.9111792513095694,False,False,False,False,0.25534998490161614,0.22711307757301635,False,False,False,False,-2517003,-2532591.9365451857,False,False,False,False,89646.62995474995,False,False,False,False
2022-08-05 00:00:00+00:00,13.2,13.399,12.7,12.8,71629,,,,,,,,,,,,,,,,,11.130988326237404,,,,,,,,,14.761102967717724,"rgba(38, 166, 154, 1.0)",0.0,0.0,0.9516691438096315,12.779674332376738,0.4416720562575496,0.0,0.0,0.0,0.0,0.0,0.0,0.0,0.0,64.46044820473722,8.729309184563363,True,False,True,False,True,0.8110159305421334,0,1.0109747890459182,0.8971113526945177,False,False,False,False,0.2971556322423235,0.2621343549076699,False,False,False,False,-2445374,-2529171.6253081197,False,False,False,False,88940.05623103428,False,False,False,False
2022-08-08 00:00:00+00:00,15.5,16.0,13.5,13.5,263022,,,,,,,,,,,,,,,,,11.446322724837906,,,,,,,,15.0,14.764881541632217,"rgba(38, 166, 154, 1.0)",0.0,0.0,1.0290997363654626,13.224161327078473,2.2114850412451292,-1.0,16.0,13.5,0.0,0.0,0.0,0.0,0.0,69.01199637584511,13.030757814560559,True,False,True,False,True,7.18301926004921,0,1.022628201988539,0.8267620120487831,False,False,False,False,0.3428282392519667,0.3024812970798183,False,False,False,False,-2182352,-2515570.8556881933,False,True,False,False,95766.79912393489,False,True,False,False
2022-08-09 00:00:00+00:00,12.0,13.7,11.6,13.5,260619,,,,,,,,,,,,,,,,,11.520075554438005,,,,,,,,13.722555911397313,14.728904787253734,"rgba(38, 166, 154, 0.75)",0.0,0.0,1.0186459466786104,13.119474949184225,-1.0989833639787963,0.0,0.0,0.0,0.0,0.0,0.0,0.0,0.0,62.625208805320185,19.146214385439663,True,False,True,False,False,0.0,0,0.9254336049528837,0.8662994491737606,False,False,False,False,0.04627826737158756,0.17437978222570294,False,False,False,False,-2442971,-2512723.8025239506,False,False,False,False,102231.59131515314,False,False,False,False
2022-08-10 00:00:00+00:00,13.3,13.3,11.8,12.3,188556,,,,,,,,,,,,,,,,,11.58572172173915,,,,,,,,13.478306844875787,14.707608634968246,"rgba(38, 166, 154, 0.75)",0.0,0.0,1.029981578073729,13.116341917933312,0.1783120067158542,0.0,0.0,0.0,0.0,0.0,0.0,0.0,0.0,60.52021573832779,17.410336570995355,True,False,True,False,False,0.8205870620059201,0,0.9245569733401864,0.881807414690831,False,False,False,False,0.03274482624395257,0.10356230423482776,False,False,False,False,-2254415,-2502594.045562227,False,False,False,False,105616.86224397067,False,False,False,False
2022-08-11 00:00:00+00:00,13.0,14.0,12.7,13.7,163710,,,,,,,,,,,,,,,,,11.655963178922898,,,,,,,,13.432520461647185,14.693610808955537,"rgba(38, 166, 154, 0.75)",0.0,0.0,1.0349919949205535,13.141814494000643,-0.13701989454665195,0.0,0.0,0.0,0.0,0.0,0.0,0.0,0.0,58.522667644216874,15.6441886092002,True,False,True,False,False,0.06588805830534028,0,0.9404658613094841,0.8804422790273421,False,False,False,False,0.14177244069259592,0.12266737246371184,False,False,False,False,-2418125,-2499281.5339715513,False,False,False,False,107895.02450891299,False,False,False,False
2022-08-12 00:00:00+00:00,13.1,13.35,12.8,13.2,105424,,,,,,,,,,,,,,,,,11.694102876606285,,,,,,,,13.39500742698777,14.683824933547665,"rgba(38, 166, 154, 0.75)",0.0,0.0,1.0487844172535894,13.151861297007523,-0.0494489583887319,0.0,0.0,0.0,0.0,0.0,0.0,0.0,0.0,57.36489587226814,14.545772327772497,True,False,True,False,False,0.3187310916741488,0,0.9423055387578669,0.888597728952496,False,False,False,False,0.10404563999240658,0.1133565062280592,False,False,False,False,-2312701,-2491964.6502863923,False,False,False,False,107798.12158699484,False,False,False,False
2022-08-15 00:00:00+00:00,12.9,13.2,12.6,13.1,86089,,,,,,,,,,,,,,,,,11.719853324932949,,,,,,,,13.355084346680158,14.675016281040739,"rgba(38, 166, 154, 0.75)",0.0,0.0,1.0586344071151312,13.155004702913661,-0.24088080001912138,0.0,0.0,0.0,0.0,0.0,0.0,0.0,0.0,56.141227143696156,13.265826293457096,True,False,True,False,False,0.0,0,0.9348569616525856,0.8986613513329861,False,False,False,False,0.08019707263619547,0.09677678943212734,False,False,False,False,-2398790,-2488310.742432024,False,False,False,False,106946.78348554406,False,False,False,False
2022-08-16 00:00:00+00:00,12.4,13.0,12.3,13.0,84365,,,,,,,,,,,,,,,,,11.737210640135574,,,,,,,,13.297334977158643,14.664862729835402,"rgba(38, 166, 154, 0.75)",0.0,0.0,1.0586344071151312,13.150125240391812,-0.7085781789730101,0.0,0.0,0.0,0.0,0.0,0.0,0.0,0.0,54.19039178263998,11.240573551562647,True,False,True,False,False,0.0,0,0.9175052576830014,0.903349087537595,False,False,False,False,0.04627826737158776,0.07152752840185755,False,False,False,False,-2483155,-2488108.556454297,False,False,False,False,106061.22334885606,False,False,False,False
2022-08-17 00:00:00+00:00,11.8,12.3,11.7,12.3,65777,,,,,,,,,,,,,,,,,11.740295595110958,,,,,,,,13.223646790334566,14.654644743248502,#000000,0.0,0.0,1.0583177186051411,13.13526148269628,-1.261683008063163,0.0,0.0,0.0,0.0,0.0,0.0,0.0,0.0,51.59497389374689,8.613923367580668,False,False,False,False,False,0.0,0,0.9010424911241267,0.9191786707672827,False,False,False,False,-0.04160758022345616,0.014959974089200696,False,False,False,False,-2548932,-2490493.789534521,False,False,False,False,104481.44988419504,False,False,False,False
2022-08-18 00:00:00+00:00,11.6,11.922,11.3,11.8,67704,,,,,,,,,,,,,,,,,11.73817716327098,,,,,,,,13.138504192387675,14.642956544702146,#000000,0.0,0.0,1.0541821973574126,13.115095637454118,-1.4372236993302558,0.0,0.0,0.0,0.0,0.0,0.0,0.0,0.0,49.43865470840044,6.420637535150419,False,False,False,False,False,0.0,0,0.8956275802294552,0.9293843943160827,False,False,False,False,-0.09442541207970509,-0.0397327189952522,False,False,False,False,-2616636,-2495440.5428861086,False,False,False,False,103039.19694755995,False,False,False,False
2022-08-19 00:00:00+00:00,11.0,11.4,10.9,11.4,67533,,,,,,,,,,,,,,,,,11.728193696196929,,,,,,,,13.036740143460587,14.629453245505772,"rgba(239, 83, 80, 1.0)",0.0,0.0,1.052049427126499,13.087342183940656,-1.9840723545108425,0.0,0.0,0.0,0.0,0.0,0.0,0.0,0.0,46.7478140905607,3.7344183853571877,False,True,False,True,False,0.0,0,0.8627989023912191,0.9579403694053082,False,False,False,False,-0.1577318920262541,-0.09873230551075315,False,False,False,False,-2684169,-2502841.6588513595,False,False,False,False,101646.79706726348,False,False,False,False
2022-08-22 00:00:00+00:00,10.5,11.0,10.5,10.8,71283,,,,,,,,,,,,,,,,,11.710950076515426,,,,,,,,12.918105157802247,14.6135750539411,"rgba(239, 83, 80, 1.0)",0.0,0.0,1.0395045583579345,13.052003675299277,-2.455019225053307,0.0,0.0,0.0,0.0,0.0,0.0,0.0,0.0,43.975516039907404,1.002282183546285,False,True,False,True,False,0.0,0,0.862924860615392,0.9516177945739147,False,False,False,False,-0.2136789964519975,-0.15620565098137534,False,False,False,False,-2755452,-2512747.9467395414,False,False,False,False,100456.0599273708,False,False,False,False
2022-08-23 00:00:00+00:00,10.7,11.0,10.6,10.6,49605,,,,,,,,,,,,,,,,,11.700395095767968,,,,,,,,12.84568672271204,14.602878536012051,"rgba(239, 83, 80, 1.0)",0.0,0.0,1.0400025280634928,13.029851464411523,-2.2402363470690383,0.0,0.0,0.0,0.0,0.0,0.0,0.0,0.0,42.748668349289225,-0.2896259751475796,False,True,False,True,False,0.0,0,0.8793879812339394,0.9346016927175427,False,False,False,False,-0.20662012076266598,-0.18141288587202065,False,False,False,False,-2705847,-2520320.4586321088,False,False,False,False,98461.90071453275,False,False,False,False
2022-08-24 00:00:00+00:00,11.7,11.8,11.0,11.1,91802,,,,,,,,,,,,,,,,,11.696333687961348,,,,,,,,12.76677417045622,14.586993326066182,"rgba(239, 83, 80, 1.0)",0.0,0.0,1.039253680933299,13.007142265847328,-1.2577701574012738,0.0,0.0,0.0,0.0,0.0,0.0,0.0,0.0,44.77167613600279,-0.2896259751475796,False,True,False,True,False,0.0,0,0.9052092430429343,0.8946349753345765,False,False,False,False,-0.12327708365150425,-0.15234498476176245,False,False,False,False,-2614045,-2523995.9308426143,False,False,False,False,98200.72813749225,False,False,False,False
2022-08-25 00:00:00+00:00,11.8,11.9,11.4,11.8,58914,,,,,,,,,,,,,,,,,11.696380761097078,,,,,,,,12.728084305023653,14.577539321269604,"rgba(239, 83, 80, 0.75)",0.0,0.0,1.0380468478727038,12.996128199959495,-1.15228730033789,0.0,0.0,0.0,0.0,0.0,0.0,0.0,0.0,46.384097813624564,-0.2896259751475796,False,True,False,True,True,0.0,0,0.9149516663922667,0.8808947009431521,False,False,False,False,-0.08911116588784847,-0.12072807532480545,False,False,False,False,-2555131,-2525216.9139468255,False,False,False,False,96660.0721321004,False,False,False,False
2022-08-26 00:00:00+00:00,11.5,12.3,11.2,12.2,68420,,,,,,,,,,,,,,,,,11.695944202262291,,,,,,,,12.68518425297073,14.566511003192836,"rgba(239, 83, 80, 0.75)",0.0,0.0,1.0297277506022833,12.98338703243532,-1.4405623540471684,0.0,0.0,0.0,0.0,0.0,0.0,0.0,0.0,46.656375989013824,-0.2896259751475796,False,True,False,True,True,0.0,0,0.9031545667991725,0.8869284236464654,False,False,False,False,-0.07550708161490098,-0.09811757846985322,False,False,False,False,-2623551,-2529073.1526155774,False,False,False,False,95552.61832299842,False,False,False,False
2022-08-29 00:00:00+00:00,11.2,11.3,11.0,11.3,51896,,,,,,,,,,,,,,,,,11.690111072201002,,,,,,,,12.64001652758983,14.556768967954518,"rgba(239, 83, 80, 0.75)",0.0,0.0,1.0146707627387488,12.968312540715429,-1.742745140248733,0.0,0.0,0.0,0.0,0.0,0.0,0.0,0.0,46.040397202779666,-0.2896259751475796,False,True,False,True,True,0.0,0,0.9067431850789097,0.8997107039537128,False,False,False,False,-0.1577318920262541,-0.12792473524805364,False,False,False,False,-2675447,-2534813.3034933982,False,False,False,False,93840.59407503769,False,False,False,False
2022-08-30 00:00:00+00:00,10.9,11.3,10.6,11.1,64165,,,,,,,,,,,,,,,,,11.679937512710323,,,,,,,,12.579476809642484,14.543976934134834,"rgba(239, 83, 80, 0.75)",0.0,0.0,1.0137345104403495,12.947106914140319,-2.019371830649318,0.0,0.0,0.0,0.0,0.0,0.0,0.0,0.0,44.84094326628889,-0.2896259751475796,False,True,False,True,True,0.0,0,0.8952296032099866,0.8929300513879437,False,False,False,False,-0.18556184877924875,-0.1567432920136512,False,False,False,False,-2739612,-2542844.62492503,False,False,False,False,92676.84528778131,False,False,False,False
2022-08-31 00:00:00+00:00,10.9,11.0,10.6,10.6,30717,,,,,,,,,,,,,,,,,11.674523994250873,,,,,,,,12.550320329970106,14.537716340284659,"rgba(239, 83, 80, 0.75)",0.0,0.0,1.015141227471227,12.936599466541022,-2.0062227909059547,0.0,0.0,0.0,0.0,0.0,0.0,0.0,0.0,44.04130730862837,-0.2896259751475796,False,True,False,True,True,0.0,0,0.8826712668667439,0.9134390434104498,False,False,False,False,-0.20662012076266598,-0.1816817063881586,False,False,False,False,-2739612,-2550560.992575029,False,False,False,False,90247.04743335852,False,False,False,False
2022-09-01 00:00:00+00:00,10.7,10.85,10.4,10.6,63353,,,,,,,,,,,,,,,,,11.661188178544872,,,,,,,,12.487055009912659,14.524234766019829,"rgba(239, 83, 80, 1.0)",0.0,0.0,1.0197455962548496,12.913098157326443,-2.1702453685059675,0.0,0.0,0.0,0.0,0.0,0.0,0.0,0.0,42.93014738295737,-1.6615497412329319,False,True,False,True,False,0.0,0,0.8779731373905577,0.9173843547963835,False,False,False,False,-0.23142000027243703,-0.20655085333029782,False,False,False,False,-2802965,-2560459.1889446354,False,False,False,False,89192.37890656014,False,False,False,False
2022-09-02 00:00:00+00:00,10.6,10.9,10.5,10.9,36114,,,,,,,,,,,,,,,,,11.65386314769161,,,,,,,,12.453151348654783,14.516624314932818,"rgba(239, 83, 80, 1.0)",0.0,0.0,1.0212463679956085,12.900234357422447,-2.252379474246843,0.0,0.0,0.0,0.0,0.0,0.0,0.0,0.0,41.89112968756633,-2.950925634771046,False,True,False,True,False,0.0,0,0.8845794280509145,0.9038042045209388,False,False,False,False,-0.2207589110092576,-0.2136548821697777,False,False,False,False,-2839079,-2571385.4560448457,False,False,False,False,87110.87385140093,False,False,False,False
2022-09-06 00:00:00+00:00,10.4,10.7,10.3,10.5,68222,,,,,,,,,,,,,,,,,11.637571473399005,,,,,,,,12.385636461431416,14.501586644006634,"rgba(239, 83, 80, 1.0)",0.0,0.0,1.0267204853099179,12.873879922198595,-2.4094969931878283,0.0,0.0,0.0,0.0,0.0,0.0,0.0,0.0,40.58633375660285,-4.464124672358103,False,True,False,True,False,0.0,0,0.8763507143375155,0.9162859283970316,False,False,False,False,-0.24930531331634764,-0.23148009774306266,False,False,False,False,-2907301,-2584558.6146313227,False,False,False,False,86370.13370036561,False,False,False,False
2022-09-07 00:00:00+00:00,10.6,10.7,10.3,10.4,38228,,,,,,,,,,,,,,,,,11.629145186491108,,,,,,,,12.351019389383683,14.493347464572432,"rgba(239, 83, 80, 1.0)",0.0,0.0,1.0247179352616627,12.860084887665492,-2.205567805435529,0.0,0.0,0.0,0.0,0.0,0.0,0.0,0.0,40.714772334990684,-4.607194524566516,False,True,False,True,False,0.0,0,0.8816791108300702,0.9096967191186128,False,False,False,False,-0.24930531331634764,-0.24039270552970515,False,False,False,False,-2869073,-2595716.0415085256,False,False,False,False,84482.20688858656,False,False,False,False
2022-09-08 00:00:00+00:00,10.7,10.8,10.4,10.4,50403,,,,,,,,,,,,,,,,,11.619225957289185,,,,,,,,12.30971223597327,14.482809396334385,"rgba(239, 83, 80, 1.0)",0.0,0.0,1.0270784245081621,12.843357927811411,-2.0868493356169986,0.0,0.0,0.0,0.0,0.0,0.0,0.0,0.0,41.3094329324006,-4.607194524566516,False,True,False,True,False,0.0,0,0.8896546667644255,0.8994794339760978,False,False,False,False,-0.2349850994110447,-0.23768890247037494,False,False,False,False,-2818670,-2604459.333998387,False,False,False,False,83145.76740275964,False,False,False,False
2022-09-09 00:00:00+00:00,11.4,11.6,10.8,10.95,66555,,,,,,,,,,,,,,,,,11.61464894516513,,,,,,,,12.277610192822179,14.471257083454104,"rgba(239, 83, 80, 0.75)",0.0,0.0,1.0266415113333724,12.830238847821438,-1.3931239210889537,0.0,0.0,0.0,0.0,0.0,0.0,0.0,0.0,44.889789823714345,-4.607194524566516,False,True,False,True,True,0.0,0,0.9052448144831425,0.8689885519277778,False,False,False,False,-0.1508137266869232,-0.19425131457864908,False,False,False,False,-2752115,-2610249.7522729603,False,False,False,False,82495.14907323965,False,False,False,False
2022-09-12 00:00:00+00:00,11.8,11.9,11.314,11.4,42300,,,,,,,,,,,,,,,,,11.615112823784846,,,,,,,,12.26597839387463,14.464879602399943,#000000,0.0,0.0,1.0247443100115166,12.825448271703134,-1.0006869632597513,0.0,0.0,0.0,0.0,0.0,0.0,0.0,0.0,48.78778691367457,-5.8055429753683185,False,False,False,False,True,0.0,0,0.9206547604740042,0.8554671538110232,False,False,False,False,-0.09497075871997294,-0.14461103664931102,False,False,False,False,-2709815,-2614154.271791668,False,False,False,False,80918.86871742633,False,False,False,False
2022-09-13 00:00:00+00:00,11.0,11.5,10.9,11.3,42304,,,,,,,,,,,,,,,,,11.61120180111375,,,,,,,,12.244654980092683,14.457307757449657,#000000,0.0,0.0,1.0252716625275762,12.816392805538833,-1.7716209975616857,0.0,0.0,0.0,0.0,0.0,0.0,0.0,0.0,48.13889417000731,-5.8055429753683185,False,False,False,False,True,0.0,0,0.9051108694624367,0.8578554205474919,False,False,False,False,-0.1508137266869232,-0.14771238166811712,False,False,False,False,-2752119,-2619564.6532900343,False,False,False,False,79404.56014027237,False,False,False,False
2022-09-14 00:00:00+00:00,10.6,11.3,10.5,11.3,123865,,,,,,,,,,,,,,,,,11.592368078484224,,,,,,,,12.16918204035381,14.433130665945692,"rgba(239, 83, 80, 1.0)",0.0,0.0,1.0294965094953654,12.783299600021879,-2.1207450242760713,0.0,0.0,0.0,0.0,0.0,0.0,0.0,0.0,46.35559646464817,-5.8055429753683185,False,True,False,True,False,0.0,1,0.9072249782521807,0.8633296499188865,False,False,False,False,-0.23918882694455304,-0.1934506043063351,False,False,False,False,-2875984,-2629620.3139453274,False,False,False,False,81148.10680143816,False,False,False,False
2022-09-15 00:00:00+00:00,10.6,10.9,10.4,10.5,108745,,,,,,,,,,,,,,,,,11.57321056743751,,,,,,,,12.101828513241573,14.411205118177849,"rgba(239, 83, 80, 1.0)",0.0,0.0,1.0334931582299838,12.752583397145921,-2.082823074351602,0.0,0.0,0.0,0.0,0.0,0.0,0.0,0.0,45.166731327742085,-5.8055429753683185,False,True,False,True,False,0.0,1,0.8961771759063338,0.8821413457469317,False,False,False,False,-0.28561066829215753,-0.2395306362992463,False,False,False,False,-2875984,-2639281.6349670794,False,False,False,False,82230.33790726411,False,False,False,False
2022-09-16 00:00:00+00:00,10.3,10.6,10.2,10.6,89848,,,,,,,,,,,,,,,,,11.553620422077325,,,,,,,,12.04115580803501,14.392014342352638,"rgba(239, 83, 80, 1.0)",0.0,0.0,1.0392270169663946,12.724144980002192,-2.3326423778689933,0.0,0.0,0.0,0.0,0.0,0.0,0.0,0.0,43.33593564053161,-1.906053510398408,False,True,False,True,False,0.0,1,0.8891475055249917,0.8891945267315559,False,False,False,False,-0.3344348056795403,-0.2869827209893933,False,False,False,False,-2965832,-2652087.531635037,False,False,False,False,82529.06975403806,False,False,False,False
2022-09-19 00:00:00+00:00,10.4,10.4,10.2,10.2,41767,,,,,,,,,,,,,,,,,11.544478957882886,,,,,,,,12.013839726113952,14.383081771322324,"rgba(239, 83, 80, 1.0)",0.0,0.0,1.0449363099691629,12.711076994135064,-2.211691729042573,0.0,0.0,0.0,0.0,0.0,0.0,0.0,0.0,42.6381514268985,-2.6576736578381315,False,True,False,True,False,0.0,1,0.8789641357339382,0.9216102717574938,False,False,False,False,-0.34282825441539394,-0.3149054877023936,False,False,False,False,-2924065,-2662753.3147081733,False,False,False,False,80930.55721466403,False,False,False,False
2022-09-20 00:00:00+00:00,10.2,10.4,10.1,10.2,47418,,,,,,,,,,,,,,,,,11.533421974416475,,,,,,,,11.982084612048714,14.372738938799445,"rgba(239, 83, 80, 1.0)",0.0,0.0,1.042130527350636,12.695719037926807,-2.394823846367468,0.0,0.0,0.0,0.0,0.0,0.0,0.0,0.0,41.429251860505715,-3.9338891842656594,False,True,False,True,False,0.0,0,0.8877485567671585,0.910001480238812,False,False,False,False,-0.34282825441539394,-0.3288668710588938,False,False,False,False,-2971483,-2674860.3611902054,False,False,False,False,79616.3392846772,False,False,False,False
2022-09-21 00:00:00+00:00,10.1,10.4,10.1,10.4,61234,,,,,,,,,,,,,,,,,11.519057201756645,,,,,,,,11.941964797972908,14.359351646112549,"rgba(239, 83, 80, 1.0)",0.0,0.0,1.045889422780804,12.676010864970841,-2.4629858652951673,0.0,0.0,0.0,0.0,0.0,0.0,0.0,0.0,40.24758589777812,-5.192631815546427,False,True,False,True,False,0.0,1,0.884029158383035,0.9350563286944996,False,False,False,False,-0.34282825441539394,-0.3358475627371439,False,False,False,False,-3032717,-2688893.954869021,False,False,False,False,78895.4632342977,False,False,False,False
2022-09-22 00:00:00+00:00,9.702,10.1,9.525,10.1,133974,,,,,,,,,,,,,,,,,11.478911764626686,,,,,,,,11.840270809630644,14.327401241139237,"rgba(239, 83, 80, 1.0)",0.0,0.0,1.0545111925130115,12.625312412679921,-2.7721966665079765,0.0,0.0,0.0,0.0,0.0,0.0,0.0,0.0,38.04175990581278,-7.3948250581953445,False,True,False,True,False,0.0,0,0.8657123030661286,0.9396540646123005,False,False,False,False,-0.34282825441539394,-0.3393379085762689,False,False,False,False,-3166691,-2707631.0938937655,False,False,False,False,81055.40585256054,False,False,False,False
2022-09-23 00:00:00+00:00,9.3,9.694,9.1,9.6,94273,,,,,,,,,,,,,,,,,11.44519988518936,,,,,,,,11.761109859652406,14.30317843234125,"rgba(239, 83, 80, 1.0)",0.0,0.0,1.061745994971451,12.585080919755523,-3.0940365542361703,0.0,0.0,0.0,0.0,0.0,0.0,0.0,0.0,35.327740373534915,-10.006915082313427,False,True,False,True,False,0.0,0,0.864871116136825,0.9318958649225155,False,False,False,False,-0.34282825441539394,-0.34108308149583144,False,False,False,False,-3260964,-2729330.4235449904,False,False,False,False,81573.74287795032,False,False,False,False
2022-09-26 00:00:00+00:00,9.103,9.69899,9.1,9.3,45053,,,,,,,,,,,,,,,,,11.428981760852377,,,,,,,,11.724076455120068,14.2915367325972,"rgba(239, 83, 80, 1.0)",0.0,0.0,1.0670850207183682,12.565941988158878,-3.2452353101420206,0.0,0.0,0.0,0.0,0.0,0.0,0.0,0.0,32.95607246557244,-12.239752521283393,False,True,False,True,False,0.0,0,0.8670960750054304,0.9315900364828746,False,False,False,False,-0.34248307782459947,-0.3417830796602155,False,False,False,False,-3306017,-2751945.583405971,False,False,False,False,80141.5568827366,False,False,False,False
2022-09-27 00:00:00+00:00,9.15,9.4,9.138,9.4,53353,,,,,,,,,,,,,,,,,11.409457102107059,,,,,,,,11.680387886587605,14.277624158790138,"rgba(239, 83, 80, 1.0)",0.0,0.0,1.0793383400270422,12.543125234343401,-3.14370861157252,0.0,0.0,0.0,0.0,0.0,0.0,0.0,0.0,31.724105821273206,-13.40609453656689,False,True,False,True,False,0.0,0,0.8599999633986833,0.9494378952778814,False,False,False,False,-0.34282825441539394,-0.34230566703780474,False,False,False,False,-3252664,-2771581.599742992,False,False,False,False,79091.02524027633,False,False,False,False
2022-09-28 00:00:00+00:00,9.338,9.35,9.15,9.15,40417,,,,,,,,,,,,,,,,,11.395229563458312,,,,,,,,11.648952002846103,14.267239519961645,"rgba(239, 83, 80, 1.0)",0.0,0.0,1.0961199485556774,12.526477530382063,-2.908876473403682,0.0,0.0,0.0,0.0,0.0,0.0,0.0,0.0,32.325294978707774,-13.40609453656689,False,True,False,True,False,0.0,0,0.8510727748206104,0.9556094997781795,False,False,False,False,-0.34282825441539394,-0.3425669607265993,False,False,False,False,-3212247,-2788862.5958315018,False,False,False,False,77574.39679948118,False,False,False,False
2022-09-29 00:00:00+00:00,8.9,9.5,8.8,9.4,139779,,,,,,,,,,,,,,,,,11.342655337620993,,,,,,,,11.537092392443178,14.230138186796703,"rgba(239, 83, 80, 1.0)",0.0,0.0,1.1247583545082538,12.466372917801321,-3.1707903333250145,0.0,0.0,0.0,0.0,0.0,0.0,0.0,0.0,31.229617969681453,-14.010548944339732,False,True,False,True,False,0.0,0,0.8444749002335383,0.9553719762930448,False,False,False,False,-0.34282825441539394,-0.34269760757099665,False,False,False,False,-3352026,-2810947.4352106587,False,False,False,False,80013.7930034231,False,False,False,False
2022-09-30 00:00:00+00:00,8.716,9.138,8.716,9.0,38136,,,,,,,,,,,,,,,,,11.327435492392512,,,,,,,,11.505783807029344,14.21969959285795,"rgba(239, 83, 80, 1.0)",0.0,0.0,1.1572910037615718,12.449320069831257,-3.2259129792737995,0.0,0.0,0.0,0.0,0.0,0.0,0.0,0.0,29.935142377536092,-15.378234502993536,False,True,False,True,False,0.0,0,0.8357748214114327,0.969983774222682,False,False,False,False,-0.34282825441539394,-0.3427629309931953,False,False,False,False,-3390162,-2833661.7318690643,False,False,False,False,78371.526611132,False,False,False,False
2022-10-03 00:00:00+00:00,9.1,9.199,8.828,8.982,31318,,,,,,,,,,,,,,,,,11.31600414145369,,,,,,,,11.482378389393839,14.211453228139078,"rgba(239, 83, 80, 1.0)",0.0,0.0,1.1780562012626614,12.436367576581075,-2.8320954238049914,0.0,0.0,0.0,0.0,0.0,0.0,0.0,0.0,31.929533016215167,-15.378234502993536,False,True,False,True,False,0.0,0,0.8527529446050502,0.9515539175056236,False,False,False,False,-0.3318652339392473,-0.3373140824662213,False,False,False,False,-3358844,-2854257.1149330228,False,False,False,False,76526.29027344055,False,False,False,False
2022-10-04 00:00:00+00:00,9.4,9.5,9.3,9.369,40093,,,,,,,,,,,,,,,,,11.303811706029462,,,,,,,,11.457354419578305,14.201662391483524,"rgba(239, 83, 80, 0.75)",0.0,0.0,1.191834281212767,12.422131180145556,-2.5356974772284158,0.0,0.0,0.0,0.0,0.0,0.0,0.0,0.0,35.2255756109009,-19.580825398967985,False,True,False,True,True,0.0,0,0.8585311631215103,0.9326710635522164,False,False,False,False,-0.2837675764564657,-0.31054082946134354,False,False,False,False,-3318751,-2872472.561406238,False,False,False,False,75097.53379212915,False,False,False,False
2022-10-05 00:00:00+00:00,9.409,9.489,9.1,9.359,22885,,,,,,,,,,,,,,,,,11.296677915478618,,,,,,,,11.442879863376756,14.196013527149463,"rgba(239, 83, 80, 0.75)",0.0,0.0,1.205888549524355,12.413869743967691,-2.4918303977203506,0.0,0.0,0.0,0.0,0.0,0.0,0.0,0.0,37.48167768210699,-17.472694931039086,False,True,False,True,True,0.0,0,0.8598356967377668,0.9275615800623618,False,False,False,False,-0.29676156635821455,-0.303651197909779,False,False,False,False,-3295866,-2889076.2256648173,False,False,False,False,73049.98344733976,False,False,False,False
2022-10-06 00:00:00+00:00,9.111,9.49,9.111,9.211,31177,,,,,,,,,,,,,,,,,11.286574267616958,,,,,,,,11.422598474765874,14.188188508524032,"rgba(239, 83, 80, 0.75)",0.0,0.0,1.2226602132715352,12.402287598971997,-2.691907010014931,0.0,0.0,0.0,0.0,0.0,0.0,0.0,0.0,37.594987300972434,-17.333964376767533,False,True,False,True,True,0.0,0,0.8600527725528838,0.9301880503820799,False,False,False,False,-0.29601999278783075,-0.2998355953488049,False,False,False,False,-3327043,-2906251.393285805,False,False,False,False,71407.90566509115,False,False,False,False
2022-10-07 00:00:00+00:00,8.928,9.134,8.83,9.0,38018,,,,,,,,,,,,,,,,,11.272761421286338,,,,,,,,11.395334999932428,14.178154876938992,"rgba(239, 83, 80, 0.75)",0.0,0.0,1.2444533715145587,12.386823903992187,-2.7793921276316156,0.0,0.0,0.0,0.0,0.0,0.0,0.0,0.0,36.87762002983125,-17.333964376767533,False,True,False,True,True,0.0,0,0.8460709719120251,0.9714230414222326,False,False,False,False,-0.3358485186346144,-0.31784205699170964,False,False,False,False,-3365061,-2924243.92688244,False,False,False,False,70098.49759979345,False,False,False,False
2022-10-10 00:00:00+00:00,8.738,9.0095,8.7,8.9,28828,,,,,,,,,,,,,,,,,11.261731379256647,,,,,,,,11.373826101979766,14.17035683821696,"rgba(239, 83, 80, 0.75)",0.0,0.0,1.269562186009107,12.37461884962657,-2.8644668923688967,0.0,0.0,0.0,0.0,0.0,0.0,0.0,0.0,35.6076378455696,-17.333964376767533,False,True,False,True,True,0.0,0,0.8179273159127607,0.9941081783243101,False,False,False,False,-0.34282825441539394,-0.33033515570355176,False,False,False,False,-3393889,-2942661.380730188,False,False,False,False,68480.04671352704,False,False,False,False
2022-10-11 00:00:00+00:00,8.835,8.835,8.5,8.505,34563,,,,,,,,,,,,,,,,,11.248141673418564,,,,,,,,11.347590821632668,14.160876318270967,"rgba(239, 83, 80, 0.75)",0.0,0.0,1.2904851521532537,12.359689765285147,-2.7312904448408295,0.0,0.0,0.0,0.0,0.0,0.0,0.0,0.0,35.57018042907735,-17.333964376767533,False,True,False,True,True,0.0,0,0.8080475602012778,0.9964740551102366,False,False,False,False,-0.34282825441539394,-0.3365817050594728,False,False,False,False,-3359326,-2959001.169721161,False,False,False,False,67149.96645025148,False,False,False,False
2022-10-12 00:00:00+00:00,8.532,8.85259,8.53,8.8,13580,,,,,,,,,,,,,,,,,11.242663226530857,,,,,,,,11.33709457851078,14.157102211287928,"rgba(239, 83, 80, 1.0)",0.0,0.0,1.3180447063464904,12.35370792206714,-2.899528296472276,0.0,0.0,0.0,0.0,0.0,0.0,0.0,0.0,34.2340810417936,-17.333964376767533,False,True,False,True,False,0.0,0,0.794176309591413,1.0275326641469387,False,False,False,False,-0.33993352997146653,-0.3382576175154697,False,False,False,False,-3372906,-2975232.73169288,False,False,False,False,65049.18345220241,False,False,False,False
2022-10-13 00:00:00+00:00,8.555,8.75,8.016,8.505,36298,,,,,,,,,,,,,,,,,11.227028206426882,,,,,,,,11.307406411726152,14.146678908597595,"rgba(239, 83, 80, 1.0)",0.0,0.0,1.3433865560288287,12.0585134023153,-2.6079711655534212,0.0,0.0,0.0,0.0,0.0,0.0,0.0,0.0,33.55249460142649,-17.333964376767533,False,True,False,True,False,0.0,0,0.7555449910463818,1.0456823270441735,False,False,False,False,-0.34282825441539394,-0.34054293596543184,False,False,False,False,-3336608,-2989404.3108421788,False,False,False,False,63921.68606191996,False,False,False,False
2022-10-14 00:00:00+00:00,8.345,8.75,8.3,8.75,17284,,,,,,,,,,,,,,,,,11.219709798730959,,,,,,,,11.293602437105214,14.141750393681574,"rgba(239, 83, 80, 1.0)",0.0,0.0,1.3718373689497327,12.051747495927227,-2.7020312901704093,0.0,0.0,0.0,0.0,0.0,0.0,0.0,0.0,32.19342434375528,-13.701307361148551,False,True,False,True,False,0.0,0,0.7606184402659572,1.0280287600478233,False,False,False,False,-0.326397817966087,-0.33347037696575943,False,False,False,False,-3353892,-3003697.945711113,False,False,False,False,62092.75719674663,False,False,False,False
2022-10-17 00:00:00+00:00,8.321,8.541,8.211,8.211,47258,,,,,,,,,,,,,,,,,11.1991243300072,,,,,,,,11.255128486745953,14.12806440369615,"rgba(239, 83, 80, 1.0)",0.0,0.0,1.3987214777261163,12.0282211342352,-2.6504355536614637,0.0,0.0,0.0,0.0,0.0,0.0,0.0,0.0,31.18432789816071,-14.82485806634027,False,True,False,True,False,0.0,0,0.7523371797612833,1.0435067192051855,False,False,False,False,-0.34282825441539394,-0.3381493156905767,False,False,False,False,-3401150,-3019284.3007812654,False,False,False,False,61511.002012560486,False,False,False,False
2022-10-18 00:00:00+00:00,8.36,8.6,8.11,8.6,28578,,,,,,,,,,,,,,,,,11.186814552332626,,,,,,,,11.232339959028716,14.119818121858517,"rgba(239, 83, 80, 1.0)",0.0,0.0,1.4243608129282002,12.015211342146674,-2.566211671207307,0.0,0.0,0.0,0.0,0.0,0.0,0.0,0.0,30.94611571536513,-15.233557304053647,False,True,False,True,False,0.0,0,0.7147125572659617,1.1314022094301692,False,False,False,False,-0.34282825441539394,-0.3404887850529853,False,False,False,False,-3372572,-3033138.720358471,False,False,False,False,60219.51173755812,False,False,False,False
2022-10-19 00:00:00+00:00,8.209,8.49999,8.2,8.37,18649,,,,,,,,,,,,,,,,,11.178687704177033,,,,,,,,11.217387240624968,14.114399586978253,"rgba(239, 83, 80, 1.0)",0.0,0.0,1.452010590882902,12.006334833443942,-2.6152253002059407,0.0,0.0,0.0,0.0,0.0,0.0,0.0,0.0,30.049114980690575,-16.280321959547713,False,True,False,True,False,0.0,0,0.8148958612455025,1.1340512932452036,False,False,False,False,-0.34282825441539394,-0.3416585197341896,False,False,False,False,-3391221,-3047181.1626973543,False,False,False,False,58589.29559098722,False,False,False,False
2022-10-20 00:00:00+00:00,8.2,8.384,8.17,8.201,18318,,,,,,,,,,,,,,,,,11.170606955066377,,,,,,,,11.202590046267186,14.10903981576467,"rgba(239, 83, 80, 1.0)",0.0,0.0,1.4793878631818662,11.997317646431123,-2.566816817236729,0.0,0.0,0.0,0.0,0.0,0.0,0.0,0.0,29.406446917621214,-17.07539715847934,False,True,False,True,False,0.0,0,0.7970948238452185,1.129806066769685,False,False,False,False,-0.34282825441539394,-0.34224338707479174,False,False,False,False,-3409539,-3061391.273964125,False,False,False,False,57010.029097223014,False,False,False,False
2022-10-21 00:00:00+00:00,8.382,8.47,8.122,8.25,25389,,,,,,,,,,,,,,,,,11.159759915789438,,,,,,,,11.182826973814445,14.101720080502112,"rgba(239, 83, 80, 0.75)",0.0,0.0,1.5025598903685076,11.986162489991136,-2.3986814190196464,0.0,0.0,0.0,0.0,0.0,0.0,0.0,0.0,31.264446992432703,-17.07539715847934,False,True,False,True,True,0.0,0,0.7520625608942322,1.1589119954287643,False,False,False,False,-0.33989809034822266,-0.34107073871150717,False,False,False,False,-3384150,-3074048.478906709,False,False,False,False,55769.988740469176,False,False,False,False
2022-10-24 00:00:00+00:00,8.85,8.85,8.5,8.806,57170,,,,,,,,,,,,,,,,,11.139112590421139,,,,,,,,11.14552687498868,14.086466572921912,"rgba(239, 83, 80, 0.75)",0.0,0.0,1.5146985632982342,11.971366055462877,-2.060717644483763,0.0,0.0,0.0,0.0,0.0,0.0,0.0,0.0,37.1098306381092,-16.71649486504286,False,True,False,True,True,0.0,0,0.7575920253596037,1.1163542442378123,False,False,False,False,-0.28029680125011414,-0.31068376998081065,False,False,False,False,-3326980,-3083967.362086838,False,False,False,False,55824.891142803725,False,False,False,False
2022-10-25 00:00:00+00:00,9.35,9.595,8.937,9.0,74249,,,,,,,,,,9.293999999999999,,,,,,,11.118944318820725,,,,,,,,11.109619721809322,14.068846497717178,"rgba(239, 83, 80, 0.5)",0.0,0.0,1.5205873180162293,11.963947616918423,-1.7190381544998028,0.0,0.0,0.0,0.0,0.0,0.0,0.0,0.0,44.41781898200195,-10.159066703831314,False,False,False,True,True,0.0,0,0.7806257028893403,1.0838841965086694,False,False,False,False,-0.18274142532780932,-0.24671259765430997,False,False,False,False,-3252731,-3090585.5439657858,False,False,False,False,56547.40521563495,False,False,False,False
2022-10-26 00:00:00+00:00,9.286,9.5,9.13,9.5,44995,,,,,,,,,,9.298276469535853,,,,,,,11.107010036182563,,,,,,,,11.088661431403551,14.058256810451269,#000000,0.0,0.0,1.5251774907788456,11.957130345621104,-1.7513570464884505,0.0,0.0,0.0,0.0,0.0,0.0,0.0,0.0,48.75119968400329,-6.580887695918875,True,False,False,False,True,0.0,0,0.7974002625022582,1.0808006039705558,False,False,False,False,-0.14703768318099902,-0.1968751404176545,False,False,False,False,-3297726,-3098708.699104382,False,False,False,False,56094.3697169826,False,False,False,False
2022-10-27 00:00:00+00:00,9.196,9.691,9.1,9.55,46001,,,,,,,,,,9.306829303962804,,,,,,,11.095128366792649,,,,,,,,11.068009750092253,14.047532589811906,"rgba(38, 166, 154, 1.0)",0.0,0.0,1.5329217902865144,11.774672896867079,-1.6821946906926715,0.0,0.0,0.0,0.0,0.0,0.0,0.0,0.0,50.86267726138807,-5.021698665880066,True,False,True,False,True,0.0,0,0.8233531890757766,1.0494691182520217,False,False,False,False,-0.11798761205989983,-0.15743137623877718,False,False,False,False,-3343727,-3108317.259923818,False,False,False,False,55698.55129670877,False,False,False,False
2022-10-28 00:00:00+00:00,9.1,9.4,8.7,9.191,64170,,,,,,,,,,9.23965306685846,,,,,,,11.076393737466782,,,,,,,,11.03577234398566,14.03182640028308,"rgba(38, 166, 154, 1.0)",0.0,0.0,1.5419739743775622,11.74894024584588,-1.7178890758614518,0.0,0.0,0.0,0.0,0.0,0.0,0.0,0.0,51.434995880775354,-4.717152091341198,True,False,True,False,True,0.0,0,0.8239033792582139,1.0458410250819885,False,False,False,False,-0.18518945814980262,-0.1713104171942899,False,False,False,False,-3407897,-3120065.485024845,False,False,False,False,56030.76497134764,False,False,False,False
2022-10-31 00:00:00+00:00,9.0,9.301,8.85,9.2,43948,,,,,,,,,,9.209216527718334,,,,,,,11.063658726002599,,,,,,,,11.014108407908779,14.021091557244183,"rgba(38, 166, 154, 1.0)",0.0,0.0,1.5520535390598438,11.735580074163614,-1.7625552246224003,0.0,0.0,0.0,0.0,0.0,0.0,0.0,0.0,50.94819699796257,-4.717152091341198,True,False,True,False,True,0.0,0,0.8523840579622466,1.037307307755443,False,False,False,False,-0.1801799597189382,-0.17574518845661405,False,False,False,False,-3451845,-3133076.44639642,False,False,False,False,55556.93105090263,False,False,False,False
2022-11-01 00:00:00+00:00,9.393,9.393,9.113,9.17,38744,,,,,,,,,,9.220444728891056,,,,,,,11.0539377694766,,,,,,,,10.997773705859284,14.012138933840056,"rgba(38, 166, 154, 1.0)",0.0,0.0,1.557055953446195,11.730251968867448,-1.5010712773002555,0.0,0.0,0.0,0.0,0.0,0.0,0.0,0.0,53.5651513831248,-2.726893760637786,True,False,True,False,True,0.0,0,0.8740231222255214,1.0129622510893355,False,False,False,False,-0.14554249575189956,-0.1606438421042568,False,False,False,False,-3413101,-3144057.801439698,False,False,False,False,54897.60042145547,False,False,False,False
2022-11-02 00:00:00+00:00,9.019,9.383,8.9,9.322,35823,,,,,,,,,,9.208112335814677,,,,,,,11.044035718576701,,,,,,,,10.981207284601387,14.003543146155835,"rgba(38, 166, 154, 1.0)",0.0,0.0,1.5655881758036796,11.720866093460616,-1.7257834053796677,0.0,0.0,0.0,0.0,0.0,0.0,0.0,0.0,52.25468860553448,-2.726893760637786,True,False,True,False,True,0.0,0,0.8649517606716673,1.017017779933363,False,False,False,False,-0.16725499912764025,-0.16394942061594853,False,False,False,False,-3448924,-3156013.3386381413,False,False,False,False,54149.57687551604,False,False,False,False
2022-11-03 00:00:00+00:00,8.8,9.0,8.6,8.871,54366,,,,,,,,,,9.1529603202617,,,,,,,11.026902879569628,,,,,,,,10.95267861694675,13.989758786869814,#000000,0.0,0.0,1.5726347528736682,11.699652613101426,-1.8438182214928822,0.0,0.0,0.0,0.0,0.0,0.0,0.0,0.0,49.87150187235842,-2.726893760637786,True,False,False,False,False,0.0,0,0.8436606085152465,1.078503041992877,False,False,False,False,-0.23483408371053802,-0.19939175216324329,False,False,False,False,-3503290,-3169632.031240567,False,False,False,False,54158.06405686835,False,False,False,False
2022-11-04 00:00:00+00:00,9.0,9.188,8.891,8.994,46881,,,,,,,,,,9.139744149856295,,,,,,,11.013817906862743,,,,,,,,10.931194507005431,13.978446576371363,#000000,0.0,0.0,1.5793160206155858,11.687177756409193,-1.7014819841831181,0.0,0.0,0.0,0.0,0.0,0.0,0.0,0.0,49.81906972015713,-2.726893760637786,True,False,False,False,False,0.0,0,0.8345548449433102,1.071377527675014,False,False,False,False,-0.18725485300272837,-0.19332330258298583,False,False,False,False,-3456409,-3180878.1868781922,False,False,False,False,53872.68899581469,False,False,False,False
2022-11-07 00:00:00+00:00,8.606,9.1,8.262,8.99,139581,,,,,,,,,,9.025059521908833,,,,,,,10.968779518767173,,,,,,,,10.858073122336872,13.942573412585197,#000000,0.0,0.0,1.5927504282990865,11.634315136382883,-1.9013117702419013,0.0,0.0,0.0,0.0,0.0,0.0,0.0,0.0,47.23315916313821,3.315201347394975,True,False,False,False,False,0.0,0,0.8145613960085621,1.092825121787999,False,False,False,False,-0.25533593904822477,-0.2243296208156053,False,False,False,False,-3595990,-3197157.0815104204,False,False,False,False,57233.79923127295,False,False,False,False
2022-11-08 00:00:00+00:00,7.935,8.4,7.7,8.4,169078,,,,,,,,,,8.798965172763852,,,,,,,10.901904042689965,,,,,,,,10.751414193819816,13.894543815303514,"rgba(239, 83, 80, 0.5)",0.0,0.0,1.617324014069711,11.548385249603655,-2.2341752290632275,0.0,0.0,0.0,0.0,0.0,0.0,0.0,0.0,42.371015486320665,-1.3555707672073396,False,False,False,True,False,0.0,0,0.8023808344780318,1.078523344986303,False,False,False,False,-0.34282825441539394,-0.2835789376154996,False,False,False,False,-3765068,-3219428.0979217766,False,False,False,False,61619.846320242636,False,False,False,False
2022-11-09 00:00:00+00:00,7.668,8.247,7.6,8.101,74177,,,,,,,,,,8.713321333120197,,,,,,,10.871807167726574,,,,,,,,10.704299804222421,13.87310352069096,"rgba(239, 83, 80, 1.0)",0.0,0.0,1.6465684412473682,11.511674463242267,-2.334354507809264,0.0,0.0,0.0,0.0,0.0,0.0,0.0,0.0,38.15856691361902,-5.258346533603046,False,True,False,True,False,0.0,0,0.8144554586753645,1.085077739784728,False,False,False,False,-0.34282825441539394,-0.3132035960154468,False,False,False,False,-3839245,-3243734.6431013145,False,False,False,False,62112.28371944881,False,False,False,False
2022-11-10 00:00:00+00:00,7.776,8.039,7.651,7.8,89494,,,,,,,,,,8.626758874683897,,,,,,,10.83608208640538,,,,,,,,10.649133735411674,13.847367701418683,"rgba(239, 83, 80, 1.0)",0.0,0.0,1.6723360990268026,11.469907125709973,-2.2088305860643693,0.0,0.0,0.0,0.0,0.0,0.0,0.0,0.0,36.24466778672496,-6.980567022009531,False,True,False,True,False,0.0,0,0.8164905635341964,1.0812815784982683,False,False,False,False,-0.34282825441539394,-0.32801592521542033,False,False,False,False,-3749751,-3263578.421803224,False,False,False,False,63186.07651476454,False,False,False,False
2022-11-11 00:00:00+00:00,8.204,8.297,7.8,7.8,100143,,,,,,,,,,8.575158196381672,,,,,,,10.800686582167742,,,,,,,,10.5956905558573,13.820146210092513,"rgba(239, 83, 80, 1.0)",0.0,0.0,1.6829788068018618,11.432493800269722,-1.918321126339539,0.0,0.0,0.0,0.0,0.0,0.0,0.0,0.0,38.18361241895588,-6.980567022009531,False,True,False,True,False,0.0,0,0.8322846433516056,1.065285172386623,False,False,False,False,-0.303265615014277,-0.3156407701148487,False,False,False,False,-3649608,-3278716.83663447,False,False,False,False,64635.3676318326,False,False,False,False
2022-11-14 00:00:00+00:00,8.106,8.329,8.017,8.3,42484,,,,,,,,,,8.558210990345202,,,,,,,10.786220577511452,,,,,,,,10.574133062250729,13.808776633112736,"rgba(239, 83, 80, 0.5)",0.0,0.0,1.6862232919368492,11.417668129830007,-1.9639558685173426,0.0,0.0,0.0,0.0,0.0,0.0,0.0,0.0,38.989779261188175,-6.980567022009531,False,False,False,True,False,0.0,0,0.8365626779619458,1.0662787296744178,False,False,False,False,-0.2795149992107746,-0.29757788466281165,False,False,False,False,-3692092,-3294927.627354687,False,False,False,False,63766.68654823132,False,False,False,False
2022-11-15 00:00:00+00:00,8.0,8.4,7.984,8.2,72668,,,,,,,,,,8.530710535343887,,,,,,,10.761629814735462,,,,,,,,10.537790771098825,13.789357069406782,"rgba(239, 83, 80, 0.5)",0.0,0.0,1.692513792031335,11.392603371547404,-2.004476056573602,0.0,0.0,0.0,0.0,0.0,0.0,0.0,0.0,38.990664442914266,-6.980567022009531,False,False,False,True,False,0.0,0,0.8436550677041715,1.0549026199797866,False,False,False,False,-0.27591789709013037,-0.286747890876471,False,False,False,False,-3764760,-3313352.4262819546,False,False,False,False,64115.75766398696,False,False,False,False
2022-11-16 00:00:00+00:00,8.054,8.155,7.898,8.0,30524,,,,,,,,,,8.517765806067315,,,,,,,10.751078297906426,,,,,,,,10.5222727103407,13.78110708139226,"rgba(239, 83, 80, 0.5)",0.0,0.0,1.6703597927144886,11.381718201618655,-1.992216417165314,0.0,0.0,0.0,0.0,0.0,0.0,0.0,0.0,39.43322237776013,-6.980567022009531,False,False,False,True,False,0.0,0,0.8390968897533954,1.0655390969318195,False,False,False,False,-0.307496539454863,-0.297122215165667,False,False,False,False,-3734236,-3329857.664466976,False,False,False,False,62798.43383402669,False,False,False,False
2022-11-17 00:00:00+00:00,7.801,8.048,7.756,8.048,27898,,,,,,,,,,8.502607252420189,,,,,,,10.740915833184225,,,,,,,,10.5073139218354,13.773368507353004,"rgba(239, 83, 80, 0.5)",0.0,0.0,1.6591274552585957,11.370935344818669,-2.151694454518113,0.0,0.0,0.0,0.0,0.0,0.0,0.0,0.0,38.37456467784235,-6.980567022009531,False,False,False,True,False,0.0,0,0.8279261531545956,1.0743132572062524,False,False,False,False,-0.3316471090012729,-0.31438466208346993,False,False,False,False,-3762134,-3346809.677625134,False,False,False,False,61429.78936994721,False,False,False,False
2022-11-18 00:00:00+00:00,7.767,7.981,7.7,7.981,69415,,,,,,,,,,8.464919942107327,,,,,,,10.715483063223221,,,,,,,,10.470091758103118,13.754031359143683,"rgba(239, 83, 80, 1.0)",0.0,0.0,1.6382030723650767,11.343994635232313,-2.183486709048958,0.0,0.0,0.0,0.0,0.0,0.0,0.0,0.0,37.49147781097194,-6.980567022009531,False,True,False,True,False,0.0,0,0.8078614138085566,1.1182591523950949,False,False,False,False,-0.34282825441539394,-0.3286064582494319,False,False,False,False,-3831549,-3365819.062816305,False,False,False,False,61742.934884851245,False,False,False,False
2022-11-21 00:00:00+00:00,7.695,7.8,7.501,7.8,56867,,,,,,,,,,8.430512159107364,,,,,,,10.693909307734144,,,,,,,,10.438668829598598,13.737883458864488,"rgba(239, 83, 80, 1.0)",-1.0,5.2012,1.6123449963911125,11.092423613411736,-2.1071319233886903,0.0,0.0,0.0,0.0,0.0,0.0,0.0,0.0,36.50922252399687,-8.067560140298326,False,True,False,True,False,0.0,0,0.7741177214795072,1.1408799041647648,True,False,False,False,-0.34282825441539394,-0.33571735633241295,False,False,False,False,-3888416,-3386313.0603529206,False,False,False,False,61551.72175211199,False,False,False,False
2022-11-22 00:00:00+00:00,7.601,7.7,7.56298,7.656,30684,,,,,,,,,,8.412150059365427,,,,,,,10.682227621789233,,,,,,,,10.421740075337413,13.72914310017288,"rgba(239, 83, 80, 1.0)",0.0,0.0,1.491475111400789,11.079772039313362,-2.3324372044305246,0.0,0.0,0.0,0.0,0.0,0.0,0.0,0.0,35.33266795751808,-9.494412289634347,False,True,False,True,False,0.0,0,0.8015543775331132,1.1457655052545122,False,False,False,False,-0.34282825441539394,-0.3392728053739035,False,False,False,False,-3919100,-3407206.6658292767,False,False,False,False,60341.2228598723,False,False,False,False
2022-11-23 00:00:00+00:00,8.412,8.5,7.6,7.6,128012,,,,,,,,,,8.391265901617933,,,,,,,10.643012827598069,,,,,,,,10.366689610791127,13.696202210160056,"rgba(239, 83, 80, 0.5)",0.0,0.0,1.4754802678792311,11.064037080480336,-1.79740599600984,0.0,0.0,0.0,0.0,0.0,0.0,0.0,0.0,41.26588358173475,-14.083960825234257,False,False,False,True,True,0.0,0,0.8222259626108939,1.0998593282050795,False,False,False,False,-0.24317498514205402,-0.29122389525797876,False,False,False,False,-3791088,-3422260.835796756,False,False,False,False,62994.978826151826,False,False,False,False
2022-11-25 00:00:00+00:00,8.75,8.818,8.5,8.545,57028,,,,,,,,,,8.402323576458956,,,,,,,10.629517401252484,,,,,,,,10.348612531743845,13.683018483954953,#000000,0.0,0.0,1.417559793676695,11.063331844860242,-1.631911299388791,0.0,0.0,0.0,0.0,0.0,0.0,0.0,0.0,47.11406095926925,-8.697389116551705,True,False,False,False,True,0.0,0,0.8629078174351994,1.0636613018804395,False,False,False,False,-0.08525230751855739,-0.18823810138826808,False,False,False,False,-3734060,-3434488.2540008053,False,False,False,False,62760.97965649882,False,False,False,False
2022-11-28 00:00:00+00:00,9.6,9.68,8.7,8.8,118989,,,,,,,,,,8.468731859397822,,,,,,,10.611006317096628,,,,,,,,10.326137934064956,13.659215353176615,"rgba(38, 166, 154, 1.0)",0.0,0.0,1.3616610759531282,11.07729182410075,-1.084918890750169,0.0,0.0,0.0,0.0,0.0,0.0,0.0,0.0,54.45923489951463,-2.123443328145605,True,False,True,False,True,0.0,0,0.8841373545684726,1.0105812656699027,False,False,False,False,0.055521739384348914,-0.06635818100195959,False,False,False,False,-3615071,-3441569.9303144994,False,False,False,False,64966.00006212632,False,False,False,False
2022-11-29 00:00:00+00:00,9.345,9.8,9.2765,9.8,65105,,,,,,,,,,8.506747440113928,,,,,,,10.602234125594268,,,,,,,,10.316004147557907,13.646739871487272,"rgba(38, 166, 154, 1.0)",0.0,0.0,1.2982948134775734,11.082351612908298,-1.3381795836145098,0.0,0.0,0.0,0.0,0.0,0.0,0.0,0.0,57.592749852120356,0.396222445956262,True,False,True,False,True,0.0,0,0.9109363835675992,0.9964645170639429,False,False,False,False,0.1517565094782773,0.04269916423815885,False,False,False,False,-3680176,-3450927.03108648,False,False,False,False,64971.451040082145,False,False,False,False
2022-11-30 00:00:00+00:00,9.599,9.6,9.371,9.6,39263,,,,,,,,,,8.529418408333887,,,,,,,10.59723819363158,,,,,,,,10.310360811021955,13.63934096519506,"rgba(38, 166, 154, 1.0)",0.0,0.0,1.237251463148509,11.084711592014491,-1.2008161932043389,0.0,0.0,0.0,0.0,0.0,0.0,0.0,0.0,60.61340260820346,2.9387735263537635,True,False,True,False,True,0.0,0,0.9181302559872717,1.0040672468980685,False,False,False,False,0.13817920347525162,0.09043918385670524,False,False,False,False,-3640913,-3458377.461239951,False,False,False,False,63963.27648949069,False,False,False,False
2022-12-01 00:00:00+00:00,9.6,9.8,9.384,9.5,42619,,,,,,,,,,8.554595684541866,,,,,,,10.592224097149387,,,,,,,,10.304872394942096,13.631478302733811,"rgba(38, 166, 154, 1.0)",0.0,0.0,1.1896667915660326,11.087259204776446,-1.2501477012892612,0.0,0.0,0.0,0.0,0.0,0.0,0.0,0.0,62.63089251518118,4.669308363019724,True,False,True,False,True,0.0,0,0.9191091652057147,0.9953440993421258,False,False,False,False,0.26962300537366457,0.1800310946151849,False,False,False,False,-3598294,-3463864.384328581,False,False,False,False,63126.24603892243,False,False,False,False
2022-12-02 00:00:00+00:00,9.988,10.0,9.6,9.6,62138,,,,,,,,,,8.59816990714492,,,,,,,10.58694286149434,,,,,,,,10.29998284235744,13.62082669018345,"rgba(38, 166, 154, 1.0)",0.0,0.0,1.1594212947582088,11.093883301831486,-0.9538235211231932,0.0,0.0,0.0,0.0,0.0,0.0,0.0,0.0,65.36513206807915,7.1975753807975025,True,False,True,False,True,0.24656383155105033,0,0.9531714298367271,0.9733848856843572,False,False,False,False,0.3428282202602565,0.26142965743772073,False,False,False,False,-3536156,-3466699.349649029,False,False,False,False,63087.49129229802,False,False,False,False
2022-12-05 00:00:00+00:00,10.1,10.2,9.97,10.0,44592,,,,,,,,,,8.633000229993744,,,,,,,10.58437464323342,,,,,,,,10.298329755240621,13.613679965261653,"rgba(38, 166, 154, 1.0)",0.0,0.0,1.1341652047703519,11.040680155917737,-0.8294031169014823,0.0,0.0,0.0,0.0,0.0,0.0,0.0,0.0,67.55918902420049,9.292634349166434,True,False,True,False,True,0.7626054183231474,0,0.9881878830858954,0.9462882985603926,False,False,False,False,0.34282822422772086,0.3021289408327208,False,False,False,False,-3491564,-3467674.433976518,False,True,False,False,62362.17790828634,False,True,False,False
2022-12-06 00:00:00+00:00,9.0,10.2,8.9,10.2,62043,,,,,,,,,,8.656083065424802,,,,,,,10.575681179925851,,,,,,,,10.288235470893186,13.601753032393614,"rgba(38, 166, 154, 0.75)",0.0,0.0,1.1197228944522044,10.921454177029009,-1.7160086540599235,0.0,0.0,0.0,0.0,0.0,0.0,0.0,0.0,62.0178800158847,9.292634349166434,True,False,True,False,False,0.0,0,0.9422967202060893,0.9481314510970107,False,False,False,False,0.18827732012929216,0.24520313048100648,False,False,False,False,-3553607,-3471044.338526459,False,False,False,False,62349.661127569234,False,False,False,False
2022-12-07 00:00:00+00:00,9.2,9.393,9.002,9.2,28782,,,,,,,,,,8.663883620918908,,,,,,,10.571134592746082,,,,,,,,10.282784737757941,13.59602377954318,"rgba(38, 166, 154, 0.75)",0.0,0.0,1.112258189126671,10.910491435112242,-1.5378546562604278,0.0,0.0,0.0,0.0,0.0,0.0,0.0,0.0,59.22623841776805,17.99729976480735,True,False,True,False,False,0.0,0,0.9467105149882058,0.9716334647635119,False,False,False,False,0.09151500752687691,0.1683590690039417,False,False,False,False,-3524825,-3473153.384074441,False,False,False,False,61033.282259821426,False,False,False,False
2022-12-08 00:00:00+00:00,9.34,9.591,9.12988,9.2,34894,,,,,,,,,,8.675706790286174,,,,,,,10.566281608099542,,,,,,,,10.27718507887475,13.5893424251982,"rgba(38, 166, 154, 0.75)",0.0,0.0,1.1012664331381476,10.9067310785023,-1.4226630644119187,0.0,0.0,0.0,0.0,0.0,0.0,0.0,0.0,57.9950009376929,16.766419841110533,True,False,True,False,False,0.0,0,0.9522354159075662,0.9613922951450493,False,False,False,False,0.13592253879626903,0.15214080390010537,False,False,False,False,-3489931,-3473811.3297970123,False,False,False,False,60008.21236727941,False,False,False,False
2022-12-09 00:00:00+00:00,9.3,9.499,9.202,9.34,33618,,,,,,,,,,8.686396194305924,,,,,,,10.5615661806885,,,,,,,,10.271738432882229,13.58289502877048,"rgba(38, 166, 154, 0.75)",0.0,0.0,1.0663444375339146,10.903010490197557,-1.503276459063044,0.0,0.0,0.0,0.0,0.0,0.0,0.0,0.0,56.94003899892588,15.555969175186348,True,False,True,False,False,0.0,0,0.9696834781885616,0.9711993042791336,False,False,False,False,0.13319994557529458,0.14267037473769997,False,False,False,False,-3523549,-3475761.8266677177,False,False,False,False,58973.30207836649,False,False,False,False
2022-12-12 00:00:00+00:00,8.551,9.43011,8.551,9.27,52831,,,,,,,,,,8.690320744561372,,,,,,,10.55130229770925,,,,,,,,10.25890298182929,13.571639296181814,#000000,0.0,0.0,1.029467287589206,10.880640402346716,-2.2629571919689058,0.0,0.0,0.0,0.0,0.0,0.0,0.0,0.0,52.45924472455715,11.101264747148633,True,False,False,False,False,0.0,0,0.9461923324710797,0.9593104464592473,False,False,False,False,0.03560672865459093,0.08913855169614546,False,False,False,False,-3576380,-3479707.6373866308,False,False,False,False,58732.427487058005,False,False,False,False
2022-12-13 00:00:00+00:00,8.085,8.8,8.0,8.6,90196,,,,,,,,,,8.674203423277435,,,,,,,10.528514897309176,,,,,,,,10.229215258781263,13.550328564629124,"rgba(239, 83, 80, 0.5)",0.0,0.0,1.0048959700539606,10.827467524129364,-2.7291059033524627,0.0,0.0,0.0,0.0,0.0,0.0,0.0,0.0,47.67529034448086,6.494035069181024,False,False,False,True,False,0.0,0,0.9238177610215963,0.9935048146085518,False,False,False,False,-0.1238991211279623,-0.01738028471590842,False,False,False,False,-3666576,-3487035.8084695083,False,False,False,False,59966.29307580083,False,False,False,False
2022-12-14 00:00:00+00:00,8.25,8.65,8.0,8.2,74104,,,,,,,,,,8.662075220878142,,,,,,,10.51017576920523,,,,,,,,10.205548906059494,13.532964829995,"rgba(239, 83, 80, 0.5)",0.0,0.0,0.9841920090260285,10.795141001334816,-2.586020794716192,0.0,0.0,0.0,0.0,0.0,0.0,0.0,0.0,45.43589664636083,4.319017868904808,False,False,False,True,False,0.0,0,0.9133277459449618,1.0121921735369288,False,False,False,False,-0.1444403499376092,-0.08091031732675881,False,False,False,False,-3592472,-3491170.5610785475,False,False,False,False,60520.71295518119,False,False,False,False
2022-12-15 00:00:00+00:00,8.252,8.55,8.094,8.094,33710,,,,,,,,,,8.656795091383442,,,,,,,10.501927815390404,,,,,,,,10.19496673429022,13.525101991780948,"rgba(239, 83, 80, 0.5)",0.0,0.0,0.9693608701493143,10.7822902988012,-2.6102665959803493,0.0,0.0,0.0,0.0,0.0,0.0,0.0,0.0,43.95504240090631,2.759520677892368,False,False,False,True,False,0.0,0,0.9257262881381657,1.0158389931197565,False,False,False,False,-0.14526440860680964,-0.11308736296678423,False,False,False,False,-3558762,-3493821.2057421342,False,False,False,False,59469.31244713487,False,False,False,False
2022-12-16 00:00:00+00:00,8.0,8.576,8.0,8.2,32650,,,,,,,,,,8.650344992804209,,,,,,,10.493613732265771,,,,,,,,10.184258421772851,13.517353917231405,"rgba(239, 83, 80, 1.0)",0.0,0.0,0.9565074566330642,10.769234861855638,-2.895152403310509,0.0,0.0,0.0,0.0,0.0,0.0,0.0,0.0,41.896908506408806,0.5737159436048174,False,True,False,True,False,0.0,0,0.9220193101682963,1.0146854744659388,False,False,False,False,-0.15461772313849034,-0.13385254305263727,False,False,False,False,-3591412,-3497648.295713031,False,False,False,False,58417.57470410998,False,False,False,False
2022-12-19 00:00:00+00:00,7.872,8.114,7.826,8.1,39283,,,,,,,,,,8.63863567562984,,,,,,,10.48259150767509,,,,,,,,10.169897815555846,13.507617197026065,"rgba(239, 83, 80, 1.0)",0.0,0.0,0.948885310948268,10.750692689281863,-3.0337625169948543,0.0,0.0,0.0,0.0,0.0,0.0,0.0,0.0,39.99650324174228,-1.4980049498935841,False,True,False,True,False,0.0,0,0.926360211856006,1.0190461882379114,False,False,False,False,-0.24364964080362428,-0.18875109192813078,False,False,False,False,-3630695,-3502865.8135282067,False,False,False,False,57667.199225517434,False,False,False,False
2022-12-20 00:00:00+00:00,7.814,8.187,7.744,7.911,46677,,,,,,,,,,8.624785341425817,,,,,,,10.469503739388875,,,,,,,,10.152902717592072,13.496045667867177,"rgba(239, 83, 80, 1.0)",0.0,0.0,0.942977307533209,10.729937657675062,-3.0922670507342738,0.0,0.0,0.0,0.0,0.0,0.0,0.0,0.0,38.48244830718219,-3.241121487939253,False,True,False,True,False,0.0,0,0.9287211072477898,1.0108796248101168,False,False,False,False,-0.24493384152812758,-0.21684246672812918,False,False,False,False,-3677372,-3509709.1933898455,False,False,False,False,57236.21102059518,False,False,False,False
2022-12-21 00:00:00+00:00,7.7,8.042,7.625,8.0,71115,,,,,,,,,,8.601103792706756,,,,,,,10.448847338350351,,,,,,,,10.12606620364995,13.478111617150828,"rgba(239, 83, 80, 1.0)",0.0,0.0,0.9418927679446124,10.698066008372518,-3.183022643771714,0.0,0.0,0.0,0.0,0.0,0.0,0.0,0.0,36.971927687416965,-5.014736786391211,False,True,False,True,False,0.0,0,0.9322546427948031,1.0096430328274064,False,False,False,False,-0.28297777560021303,-0.2499101211641711,False,False,False,False,-3748487,-3519073.028943185,False,False,False,False,57780.47725508165,False,False,False,False
2022-12-22 00:00:00+00:00,7.699,7.9,7.525,7.8,61441,,,,,,,,,,8.579762985743805,,,,,,,10.43071982415241,,,,,,,,10.102579459627307,13.462488387201212,"rgba(239, 83, 80, 1.0)",0.0,0.0,0.9350061999120276,10.67136146576261,-3.17897514053091,0.0,0.0,0.0,0.0,0.0,0.0,0.0,0.0,35.960285228372896,-6.347372998663829,False,True,False,True,False,0.0,0,0.9271206273391438,1.0161020782192582,False,False,False,False,-0.31856423574027803,-0.28423717845222457,False,False,False,False,-3809928,-3530479.1062395307,False,False,False,False,57924.02716664707,False,False,False,False
2022-12-23 00:00:00+00:00,7.802,7.833,7.683,7.7,45114,,,,,,,,,,8.565846372520092,,,,,,,10.417873876003648,,,,,,,,10.086080331936746,13.451198859783933,"rgba(239, 83, 80, 1.0)",0.0,0.0,0.9221424134214232,10.65387465768072,-3.092661845039115,0.0,0.0,0.0,0.0,0.0,0.0,0.0,0.0,36.26112559896892,-6.458051086175836,False,True,False,True,False,0.0,0,0.9532973408179579,1.0150130542873705,False,False,False,False,-0.30509524873338656,-0.29466621359280554,False,False,False,False,-3764814,-3539668.709916412,False,False,False,False,57421.673160111895,False,False,False,False
2022-12-27 00:00:00+00:00,7.845,8.165,7.676,7.8,139344,,,,,,,,,,8.531941854408268,,,,,,,10.380773126097761,,,,,,,,10.039188870015444,13.41735714841686,"rgba(239, 83, 80, 1.0)",0.0,0.0,0.8838625968385276,10.609185805209338,-3.1273931209404093,0.0,0.0,0.0,0.0,0.0,0.0,0.0,0.0,36.88118496919592,-6.458051086175836,False,True,False,True,False,0.0,0,0.9412906263468073,1.0012040819207515,False,False,False,False,-0.2578202686537383,-0.2762432411232719,False,False,False,False,-3625470,-3543033.466390278,False,False,False,False,60634.3134283428,False,False,False,False
2022-12-28 00:00:00+00:00,7.622,7.9,7.603,7.9,79532,,,,,,,,,,8.508838857904186,,,,,,,10.35852591389099,,,,,,,,10.011057102355558,13.39757794354462,"rgba(239, 83, 80, 1.0)",0.0,0.0,0.8271332981890088,10.581919131854868,-3.57852735264745,0.0,0.0,0.0,0.0,0.0,0.0,0.0,0.0,35.99716724579251,-7.57783669600326,False,True,False,True,False,0.0,0,0.9418753071503351,1.003534047848513,False,False,False,False,-0.3070127242987454,-0.29162798271100865,False,False,False,False,-3705002,-3549385.1735906596,False,False,False,False,61375.39917625093,False,False,False,False
2022-12-29 00:00:00+00:00,7.698,7.9,7.6,7.61,121984,,,,,,,,,,8.476822470885716,,,,,,,10.325421185135983,,,,,,,,9.969647141081474,13.36763466195894,"rgba(239, 83, 80, 1.0)",0.0,0.0,0.7970526845711244,10.543729056370346,-3.5703148756114738,0.0,0.0,0.0,0.0,0.0,0.0,0.0,0.0,36.21603395903776,-7.810506724755626,False,True,False,True,False,0.0,0,0.945519480138498,1.0060347652769663,False,False,False,False,-0.3074555292624121,-0.2995417559867104,False,False,False,False,-3583018,-3550704.1079596533,False,False,False,False,63752.20705169207,False,False,False,False
2022-12-30 00:00:00+00:00,7.748,7.825,7.501,7.6,110314,,,,,,,,,,8.448575192025082,,,,,,,10.295728245785977,,,,,,,,9.932805598413998,13.340630638591653,"rgba(239, 83, 80, 1.0)",0.0,0.0,0.7768020961458785,10.362150741844141,-3.3652725125412384,0.0,0.0,0.0,0.0,0.0,0.0,0.0,0.0,36.91063510892317,-7.810506724755626,False,True,False,True,False,0.0,0,0.937661576462954,1.0049816313073694,False,False,False,False,-0.3333455995365641,-0.3164436777616373,False,False,False,False,-3472704,-3547645.28019653,False,False,False,False,65578.1597163316,False,False,False,False
2023-01-03 00:00:00+00:00,7.789,8.05,7.725,7.987,53691,,,,,,,,,,8.438358948312203,,,,,,,10.282408488962506,,,,,,,,9.916577597397588,13.327957551387861,"rgba(239, 83, 80, 1.0)",0.0,0.0,0.7533807223395396,10.352163751121838,-3.402215739158044,0.0,0.0,0.0,0.0,0.0,0.0,0.0,0.0,37.844720276029584,-7.810506724755626,False,True,False,True,False,0.0,0,0.9485346974069405,0.9907487472261867,False,False,False,False,-0.26732362031040574,-0.2918836490360215,False,False,False,False,-3419013,-3542600.8770515677,False,False,False,False,65111.99659020096,False,False,False,False
2023-01-04 00:00:00+00:00,8.5,8.52501,7.7,7.988,39913,,,,,,,,,,8.435875551017153,,,,,,,10.27416407616794,,,,,,,,9.90691084971485,13.319237920664674,"rgba(239, 83, 80, 0.75)",0.0,0.0,0.730164753221422,10.351116520308882,-2.535203886714498,0.0,0.0,0.0,0.0,0.0,0.0,0.0,0.0,44.57738232188088,-10.766026959941826,False,True,False,True,True,0.0,0,0.9504775727146137,0.9750340773138251,False,False,False,False,-0.2033637079790806,-0.24762367850755104,False,False,False,False,-3379100,-3536189.0779515062,False,False,False,False,64123.800645487194,False,False,False,False
2023-01-05 00:00:00+00:00,8.463,8.842,8.2,8.2,37961,,,,,,,,,,8.436656230201537,,,,,,,10.267379608989563,,,,,,,,9.899239228201438,13.311395663802081,#000000,0.0,0.0,0.7022278062651357,10.352719375468547,-2.6910346736612403,0.0,0.0,0.0,0.0,0.0,0.0,0.0,0.0,48.73485169147175,-6.918201718090657,False,False,False,False,True,0.0,0,0.9605643677153622,0.9801198973050694,False,False,False,False,-0.09096982601505883,-0.16929675226130494,False,False,False,False,-3417061,-3531517.388620075,False,False,False,False,63097.80846331122,False,False,False,False
2023-01-06 00:00:00+00:00,8.782,8.822,8.505,8.8,29103,,,,,,,,,,8.439057356616225,,,,,,,10.262802409525657,,,,,,,,9.89425337335768,13.305651575194402,"rgba(38, 166, 154, 1.0)",0.0,0.0,0.6787428118843967,10.355192496080209,-2.3178035458122164,0.0,0.0,0.0,0.0,0.0,0.0,0.0,0.0,53.50496181839024,-2.6036021513023115,True,False,True,False,True,0.0,0,0.9563510643910418,1.006017700282255,False,False,False,False,-0.052434879797432526,-0.11086581602936874,False,False,False,False,-3387958,-3525887.60867419,False,False,False,False,61764.67871965196,False,False,False,False
2023-01-09 00:00:00+00:00,8.925,9.148,8.8,8.85,26771,,,,,,,,,,8.443322689944036,,,,,,,10.259299145226423,,,,,,,,9.890676244973566,13.300672042673376,"rgba(38, 166, 154, 1.0)",0.0,0.0,0.6577125547568158,10.35922778257589,-2.180630082553591,0.0,0.0,0.0,0.0,0.0,0.0,0.0,0.0,57.47832286203617,0.8920010266630882,True,False,True,False,True,0.0,0,0.9598066762965749,0.9879213909280987,False,False,False,False,0.031148424137747953,-0.03985869594581039,False,False,False,False,-3361187,-3519428.7612752025,False,False,False,False,60392.3775933911,False,False,False,False
2023-01-10 00:00:00+00:00,9.233,9.25,8.81,8.81,18979,,,,,,,,,,8.44711586264979,,,,,,,10.257092822466856,,,,,,,,9.88853483723929,13.29726233806781,"rgba(38, 166, 154, 1.0)",0.0,0.0,0.6494603950086081,10.362554501153733,-1.7392199891400015,0.0,0.0,0.0,0.0,0.0,0.0,0.0,0.0,61.6528937502682,4.569868096246886,True,False,True,False,True,0.0,0,0.9612141988388319,0.9915376433830179,False,False,False,False,0.046235404243666345,0.0031883541489279785,False,False,False,False,-3342208,-3512478.927499704,False,False,False,False,58768.32357012087,False,False,False,False
2023-01-11 00:00:00+00:00,9.999,10.1,9.3,9.3,101266,,,,,,,,,9.799666666666667,8.487695768896662,,,,,,,10.252503669477651,,,,,,,,9.887272589124219,13.282187907540862,"rgba(38, 166, 154, 1.0)",0.0,0.0,0.6642929786182405,10.39706358315093,-0.5992289486167973,0.0,0.0,0.0,0.0,0.0,0.0,0.0,0.0,67.09442811669224,9.409758770686025,True,False,True,False,True,3.5298347336392304,0,0.9953859641028007,0.9459498652042371,False,False,False,False,0.23042759806381752,0.11680797610637275,False,False,False,False,-3240942,-3501830.4205389316,False,False,False,False,60434.89911639064,False,False,False,False
2023-01-12 00:00:00+00:00,10.2,10.2,9.7246,10.2,48094,,,,,,,,,9.877547862881627,8.509525365970408,,,,,,,10.251503218538843,,,,,,,,9.888306210261034,13.275568132305827,"rgba(38, 166, 154, 1.0)",0.0,0.0,0.6867103162021315,10.41302602352661,-0.3102123537400119,0.0,0.0,0.0,0.0,0.0,0.0,0.0,0.0,71.24530647412277,13.01038551628578,True,False,True,False,True,4.5144525253695775,0,1.0066918647337904,0.9378142213237546,False,False,False,False,0.3062188900958158,0.21151343310109427,False,False,False,False,-3192848,-3489713.4628707385,False,False,False,False,59950.94228829689,False,False,False,False
2023-01-13 00:00:00+00:00,10.1,10.2,9.9,10.1,36376,,,,,,,,,9.914586377797878,8.52589736694451,,,,,,,10.250842629455802,,,,,,,,9.889205569424751,13.270617958478542,"rgba(38, 166, 154, 1.0)",0.0,0.0,0.7048175630027746,10.424020871264062,-0.4597230379498745,0.0,0.0,0.0,0.0,0.0,0.0,0.0,0.0,73.01716410936778,14.481216978095588,True,False,True,False,True,3.9621971095164987,0,1.0077669389502073,0.9460445623990918,False,False,False,False,0.33229886078872656,0.27190614694491044,False,False,False,False,-3229224,-3479498.189816984,False,False,False,False,59026.43474757936,False,False,False,False
2023-01-17 00:00:00+00:00,10.2,10.3,10.1,10.1,33463,,,,,,,,,9.958157726388654,8.541934449552485,,,,,,,10.250676021407395,,,,,,,,9.890640556203058,13.266266609511788,"rgba(38, 166, 154, 1.0)",0.0,0.0,0.7229826426835397,10.422793645625498,-0.3081590517837911,0.0,0.0,0.0,0.0,0.0,0.0,0.0,0.0,74.50823850558389,15.87609886338791,True,False,True,False,True,4.462105386819598,0,1.0255518531157366,0.941201464024998,False,False,False,False,0.3428282255793148,0.3073671862621126,False,False,False,False,-3195761,-3468371.24119671,False,False,False,False,58023.94711041939,False,False,False,False
2023-01-18 00:00:00+00:00,9.72,10.2,9.7,10.1,46294,,,,,,,,,9.943366901575558,8.559348249698143,,,,,,,10.248973081399722,,,,,,,,9.890530707069601,13.259627914793636,"rgba(38, 166, 154, 1.0)",0.0,0.0,0.7327723752120623,10.422127938075171,-0.9581801413733378,0.0,0.0,0.0,0.0,0.0,0.0,0.0,0.0,71.03022752529287,15.87609886338791,True,False,True,False,True,1.8144651087079637,0,1.0220896288775634,0.9303968297631491,False,False,False,False,0.2722964587930039,0.28983182252755824,False,False,False,False,-3242055,-3459496.094483114,False,False,False,False,57563.949184520585,False,False,False,False
2023-01-19 00:00:00+00:00,9.463,9.796,9.219,9.72,30557,,,,,,,,,9.896847573495467,8.567336799636381,,,,,,,10.24672684519373,,,,,,,,9.888870836221404,13.254769170874017,"rgba(38, 166, 154, 0.75)",0.0,0.0,0.7384276899828358,10.41742932991616,-1.2925156286302675,0.0,0.0,0.0,0.0,0.0,0.0,0.0,0.0,66.73522791904429,15.87609886338791,True,False,True,False,False,0.44114123009264006,0,0.9937557273626507,0.9591847874631546,False,False,False,False,0.15324478444670242,0.22153830348713033,False,False,False,False,-3272612,-3452167.3064641682,False,False,False,False,56504.8531380688,False,False,False,False
2023-01-20 00:00:00+00:00,9.573,9.693,9.45,9.5,18048,,,,,,,,,9.878181905435035,8.572390238028616,,,,,,,10.245545320424675,,,,,,,,9.888091954666612,13.25196570678545,"rgba(38, 166, 154, 0.75)",0.0,0.0,0.7440412325104903,10.41706437611438,-1.1344322589037155,0.0,0.0,0.0,0.0,0.0,0.0,0.0,0.0,64.45433663305359,23.477104159311153,True,False,True,False,False,1.0188177478528324,0,1.030058726866651,0.9587911389077786,False,False,False,False,0.17012415678755563,0.195831230137343,False,False,False,False,-3254564,-3444418.1571910637,False,False,False,False,54996.74125030139,False,False,False,False
2023-01-23 00:00:00+00:00,9.71,9.839,9.5,9.5,39682,,,,,,,,,9.85628918009309,8.584538545437239,,,,,,,10.243387735331066,,,,,,,,9.88698949825032,13.246002209025654,"rgba(38, 166, 154, 0.75)",0.0,0.0,0.748891445482702,10.419913152856017,-0.9479520124554738,0.0,0.0,0.0,0.0,0.0,0.0,0.0,0.0,63.657009183068716,22.54957295179358,True,False,True,False,False,1.7401795117675043,0,1.0663331618894047,0.9299744224193054,False,False,False,False,0.19616151655868613,0.19599637334801456,False,False,False,False,-3214882,-3435416.7392620025,False,False,False,False,54396.163162054276,False,False,False,False
2023-01-24 00:00:00+00:00,9.896,10.1,9.701,9.831,29209,,,,,,,,,9.859546559126589,8.595037415302722,,,,,,,10.242418215092664,,,,,,,,9.887036833219478,13.241890673992822,"rgba(38, 166, 154, 0.75)",0.0,0.0,0.7572497708785058,10.425252453383914,-0.6989139828592,0.0,0.0,0.0,0.0,0.0,0.0,0.0,0.0,64.07079301141182,22.54957295179358,True,False,True,False,False,2.7165996482090655,0,1.0802734567120553,0.9110317159197898,False,False,False,False,0.25865914876945184,0.2273277610587332,False,False,False,False,-3185673,-3425622.8671340807,False,False,False,False,53408.431273346265,False,False,False,False
2023-01-25 00:00:00+00:00,9.901,10.0,9.607,10.0,10906,,,,,,,,,9.858894611846642,8.598727267276848,,,,,,,10.241991463736747,,,,,,,,9.886961841232152,13.240329223016587,"rgba(38, 166, 154, 0.75)",0.0,0.0,0.7684651962437152,10.426802855415982,-0.6842246831556262,0.0,0.0,0.0,0.0,0.0,0.0,0.0,0.0,64.3724556745126,22.53822075390103,True,False,True,False,False,2.7430165382460956,0,1.0738898089138416,0.9063096540569586,False,False,False,False,0.23220115055315854,0.22976445580594587,False,False,False,False,-3174767,-3415785.3821484307,False,False,False,False,51741.669262626805,False,False,False,False
2023-01-26 00:00:00+00:00,9.69,10.1,9.5,10.0,23083,,,,,,,,,9.853604546203078,8.606010622471528,,,,,,,10.24093003748452,,,,,,,,9.886578550800825,13.236958621776607,"rgba(38, 166, 154, 0.75)",0.0,0.0,0.7763849525812879,10.429220446825443,-0.9521313420201134,0.0,0.0,0.0,0.0,0.0,0.0,0.0,0.0,62.56201769747405,20.35748848196259,True,False,True,False,False,1.5385090964601709,0,1.063483979811132,0.9145963276420886,False,False,False,False,0.23125263288229386,0.23050854434411988,False,False,False,False,-3197850,-3407238.8965739827,False,False,False,False,50617.7998797787,False,False,False,False
2023-01-27 00:00:00+00:00,9.81,9.812,9.6,9.693,52701,,,,,,,,,9.840932190850914,8.62198360835171,,,,,,,10.238410060964823,,,,,,,,9.885552985466948,13.229237554162747,"rgba(38, 166, 154, 0.75)",0.0,0.0,0.786522448148491,10.43398241840936,-0.7933434320638181,0.0,0.0,0.0,0.0,0.0,0.0,0.0,0.0,62.106594284501696,19.46632734904388,True,False,True,False,False,2.1931349395102373,0,1.0586214897416786,0.928283154978696,False,False,False,False,0.20592478076582466,0.21821666255497227,False,False,False,False,-3145149,-3396960.861414219,False,False,False,False,50699.49400214032,False,False,False,False
2023-01-30 00:00:00+00:00,9.67,9.9,9.543,9.75,10965,,,,,,,,,9.83781594166715,8.625144496304564,,,,,,,10.237850900711068,,,,,,,,9.88528835911092,13.227618701719752,"rgba(38, 166, 154, 0.75)",0.0,0.0,0.79384293111379,10.434779250144867,-0.9633886253441278,0.0,0.0,0.0,0.0,0.0,0.0,0.0,0.0,60.46012476597163,17.450030955302395,True,False,True,False,False,1.3828274508428997,0,1.057716472016763,0.9273477386598147,False,False,False,False,0.21008245945226592,0.2141495610036191,False,False,False,False,-3156114,-3387515.8864567988,False,False,False,False,49141.278551076,False,False,False,False
2023-01-31 00:00:00+00:00,10.2,10.2,9.6,9.9,34224,,,,,,,,,9.848596544098033,8.63756330546387,,,,,,,10.237076184400708,,,,,,,,9.885808813315618,13.222998699271871,"rgba(38, 166, 154, 0.75)",0.0,0.0,0.8109632632952427,10.440899841687335,-0.2970539512584956,0.0,0.0,0.0,0.0,0.0,0.0,0.0,0.0,62.43438619135796,17.450030955302395,True,False,True,False,False,4.251685309005836,0,1.0630637981680682,0.904774966840508,False,False,False,False,0.258521885125093,0.23633572306435605,False,False,False,False,-3121890,-3377099.1850271206,False,False,False,False,48556.28723534753,False,False,False,False
2023-02-01 00:00:00+00:00,11.4,11.4,10.001,10.2,108982,,,,,,,,,10.038150302369694,8.701761475040682,,,,,,,10.24422704226246,,,,,,,,9.900732349468681,13.21261103957819,"rgba(38, 166, 154, 1.0)",0.0,0.0,0.8655803864491505,10.489662014153982,1.0517081949840337,0.0,0.0,0.0,0.0,0.0,0.0,0.0,0.0,67.66021411380223,10.90643048218702,True,False,True,False,True,10.095346575957741,0,1.0829289064817098,0.8552265094137979,False,False,False,False,0.34282823028195736,0.2895819766731567,False,False,False,False,-3012908,-3362817.1777711553,False,False,False,False,50925.92303003979,False,False,False,False
2023-02-02 00:00:00+00:00,11.7,12.0,11.2,11.5,71421,,,,,,,,,10.202013842276369,8.754510841909877,,,,,,,10.253509763773366,,,,,,,,9.916753895737372,13.207928848946594,"rgba(38, 166, 154, 1.0)",0.0,0.0,0.9260369984631167,10.530690654738397,1.2627026211719716,0.0,0.0,0.0,0.0,0.0,0.0,0.0,0.0,71.7828478987163,14.838155485523146,True,False,True,False,True,11.434723487877203,0,1.132075379883991,0.8312257503600952,False,False,False,False,0.3428282357520267,0.3162051062125917,False,False,False,False,-2941487,-3346294.4257016983,False,False,False,False,51729.65153866568,False,False,False,False
2023-02-03 00:00:00+00:00,12.4,12.5,11.4,11.6,66495,,,,,,,,,10.367690164871277,8.809632737796244,,,,,,,10.264926876303669,,,,,,,,9.935389721940238,13.204879069752932,"rgba(38, 166, 154, 1.0)",0.0,0.0,1.0104614354009207,10.573104175958994,1.8079817398633815,0.0,0.0,0.0,0.0,0.0,0.0,0.0,0.0,75.75272804321403,18.537544864472324,True,False,True,False,True,14.411641469565044,0,1.1435912582144723,0.809788713475741,False,False,False,False,0.34282823726462663,0.32951667173860916,False,False,False,False,-2874992,-3327811.977634965,False,False,False,False,52308.68481165919,False,False,False,False
2023-02-06 00:00:00+00:00,12.4,12.7,12.0,12.7,55053,,,,,,,,,10.502419711262021,8.857502384207184,,,,,,,10.27563128413856,,,,,,,,9.952451095968,13.202973108935808,"rgba(38, 166, 154, 1.0)",0.0,0.0,1.085898757081289,10.608957222290165,1.6493644237367517,0.0,0.0,0.0,0.0,0.0,0.0,0.0,0.0,78.39931480621253,20.976163676110588,True,False,True,False,True,14.411641469565044,0,1.1611588317615875,0.8023757941664931,False,False,False,False,0.342828238613013,0.33617245517581107,False,False,False,False,-2874992,-3310054.3314532014,False,False,False,False,52416.30501512353,False,False,False,False
2023-02-07 00:00:00+00:00,11.7,12.6,11.5,12.6,60523,,,,,,,,,10.601130573330202,8.90234550827109,,,,,,,10.28486134848587,,,,,,,,9.967616014901191,13.199807220677828,"rgba(38, 166, 154, 1.0)",0.0,0.0,1.1273624124517667,10.638764548029956,0.9413436533351227,0.0,0.0,0.0,0.0,0.0,0.0,0.0,0.0,75.09546053545674,20.976163676110588,True,False,True,False,True,10.254342233547877,0,1.139451665526496,0.8382025111214323,False,False,False,False,0.29611738305603585,0.31614491911592346,False,False,False,False,-2935515,-3295366.514533468,False,False,False,False,52734.21462237358,False,False,False,False
2023-02-08 00:00:00+00:00,11.0,11.8,10.8,11.7,46507,,,,,,,,,10.631277946359921,8.927800776867123,,,,,,,10.288760129537511,,,,,,,,9.974823404619837,13.195982764157671,"rgba(38, 166, 154, 0.75)",0.0,0.0,1.1465384133701724,10.651897924282597,0.3036113501807413,0.0,0.0,0.0,0.0,0.0,0.0,0.0,0.0,69.09053329664283,27.16380427942879,True,False,True,False,False,6.392661276447573,0,1.0799831755669855,0.8867557556191443,False,False,False,False,0.18419959324960505,0.2501722561827643,False,False,False,False,-2982022,-3283078.494355685,False,False,False,False,52490.01012737855,False,False,False,False
2023-02-09 00:00:00+00:00,10.3,11.3,9.9,11.0,119325,,,,,,,,,10.616261524411716,8.971255889093756,,,,,,,10.291044199992,,,,,,,,9.9825873438049,13.182818819214742,"rgba(38, 166, 154, 0.5)",0.0,0.0,1.1529799749790808,10.663963595817682,-0.3156720877344683,0.0,0.0,0.0,0.0,0.0,0.0,0.0,0.0,62.1410683355281,20.872381036046647,False,False,True,False,False,2.796858471465505,0,1.0383653215674784,0.9385053458128931,False,False,False,False,0.08376910051694311,0.16697067834985369,False,False,False,False,-3101347,-3275951.769086835,False,False,False,False,55110.99012238331,False,False,False,False
2023-02-10 00:00:00+00:00,10.7,10.8,10.2,10.2,64231,,,,,,,,,10.613384955037528,8.994644541157516,,,,,,,10.292639127887787,,,,,,,,9.987198602719022,13.175960697207156,"rgba(38, 166, 154, 0.5)",0.0,0.0,1.1679444147886902,10.671036093887306,0.024799045011002236,0.0,0.0,0.0,0.0,0.0,0.0,0.0,0.0,59.03834714646122,18.24265689725746,False,False,True,False,False,4.610104822694712,0,1.0281350953188473,0.9613760239929943,False,False,False,False,0.0696043923640964,0.11828753535697505,False,False,False,False,-3037116,-3266585.660495194,False,False,False,False,55468.63756856436,False,False,False,False
2023-02-13 00:00:00+00:00,11.2,11.3,10.6,10.8,64217,,,,,,,,,10.636402468372905,9.024093489010578,,,,,,,10.296899675252401,,,,,,,,9.995391284971934,13.17035980210074,"rgba(38, 166, 154, 0.5)",0.0,0.0,1.192724677382042,10.684161479703404,0.4324875053552424,0.0,0.0,0.0,0.0,0.0,0.0,0.0,0.0,58.678908222229985,17.98596611966066,False,False,True,False,False,6.7948550431568115,0,1.0396258741107594,0.9377153306022701,False,False,False,False,0.133649066861407,0.12596830110919102,False,False,False,False,-2972899,-3255068.536554206,False,False,False,False,55811.71060509125,False,False,False,False
2023-02-14 00:00:00+00:00,11.1,11.778,10.8,11.2,49790,,,,,,,,,10.660436996525334,9.048481301876572,,,,,,,10.30102490937456,,,,,,,,10.002818423688842,13.166427016978078,"rgba(38, 166, 154, 0.5)",0.0,0.0,1.2143862785430235,10.695858087960707,0.332795189784397,0.0,0.0,0.0,0.0,0.0,0.0,0.0,0.0,57.98804885878988,17.165501863408082,False,False,True,False,False,6.280006930159882,0,1.0454422837095592,0.9291354596697083,False,False,False,False,0.1825979413886021,0.15428312124889657,False,False,False,False,-3022689,-3245955.6135520805,False,False,False,False,55575.56509116611,False,False,False,False
2023-02-15 00:00:00+00:00,11.4,11.4,10.9,11.1,24983,,,,,,,,,10.671920249573104,9.060556425257076,,,,,,,10.303097347567029,,,,,,,,10.006533585114386,13.164467096714212,"rgba(38, 166, 154, 0.5)",0.0,0.0,1.24207290656599,10.701586697113814,0.5622965441031299,0.0,0.0,0.0,0.0,0.0,0.0,0.0,0.0,58.562540487715786,17.165501863408082,False,False,True,False,False,7.579107621169321,0,1.041201000364511,0.9497214094612413,False,False,False,False,0.16243568740945752,0.15835940432917706,False,False,False,False,-2997706,-3236220.334589254,False,False,False,False,54375.85665621841,False,False,False,False
2023-02-16 00:00:00+00:00,12.0,13.4,11.199,11.2,107229,,,,,,,,,10.792942572284968,9.133294545383041,,,,,,,10.321021327380857,,,,,,,,10.034589973275931,13.160286821610011,"rgba(38, 166, 154, 0.5)",0.0,0.0,1.2842576664649255,10.66294508621786,1.0411111015303847,0.0,0.0,0.0,0.0,0.0,0.0,0.0,0.0,60.77216319370976,17.165501863408082,False,False,True,False,False,10.083590781988697,0,1.0361929730355768,0.8937571727892014,False,False,False,False,0.33486882860185385,0.24661411646551545,False,False,False,False,-2890477,-3222661.772448499,False,False,False,False,56448.52894420985,False,False,False,False
2023-02-17 00:00:00+00:00,12.1,12.3,11.5,11.9,44082,,,,,,,,,10.82996044695141,9.160030192735311,,,,,,,10.327390264293742,,,,,,,,10.0446979011754,13.158164507461455,"rgba(38, 166, 154, 0.5)",0.0,0.0,1.3266080389508694,10.674603877244369,1.074466670564492,0.0,0.0,0.0,0.0,0.0,0.0,0.0,0.0,62.52753815113421,17.165501863408082,False,False,True,False,False,10.491126568458807,0,1.08266248815762,0.9287784551648832,False,False,False,False,0.2732358551259305,0.259924985795723,False,False,False,False,-2846395,-3207906.212744637,False,False,False,False,55963.56702482908,False,False,False,False
2023-02-21 00:00:00+00:00,11.5,12.1,11.2,11.9,45473,,,,,,,,,10.854223555405579,9.183551258257875,,,,,,,10.332450699628021,,,,,,,,10.053046380642982,13.155311825757545,"rgba(38, 166, 154, 0.5)",0.0,0.0,1.3517288573467117,10.68036484586776,0.606360624527236,0.0,0.0,0.0,0.0,0.0,0.0,0.0,0.0,60.65213620543298,17.165501863408082,False,False,True,False,False,7.326825444321621,0,1.0681258067529744,0.9100647244506843,False,False,False,False,0.2356993087231547,0.24781214725943884,False,False,False,False,-2891868,-3195512.5573428865,False,False,False,False,55552.172239541665,False,False,False,False
2023-02-22 00:00:00+00:00,11.5,11.6,11.1,11.6,31926,,,,,,,,,10.866035906912842,9.19845144495231,,,,,,,10.33542278109035,,,,,,,,10.058103492389371,13.153058482696633,"rgba(38, 166, 154, 0.5)",0.0,0.0,1.3754292593832775,10.683071278339481,0.5939445566446782,0.0,0.0,0.0,0.0,0.0,0.0,0.0,0.0,59.401868241632165,17.157659817516105,False,False,True,False,False,7.326825444321621,0,1.060552221330078,0.9331110711033257,False,False,False,False,0.19149174892515178,0.21965194809229532,False,False,False,False,-2891868,-3183604.9276431655,False,False,False,False,54625.65568112827,False,False,False,False
2023-02-23 00:00:00+00:00,11.9,12.1,11.1,11.4,22636,,,,,,,,,10.878639962761698,9.210318228842516,,,,,,,10.338111031042788,,,,,,,,10.06246258720689,13.151737137774122,"rgba(38, 166, 154, 0.5)",0.0,0.0,1.4060695678200328,10.688150662609884,0.8618701130620195,0.0,0.0,0.0,0.0,0.0,0.0,0.0,0.0,60.01077150248642,17.157659817516105,False,False,True,False,False,9.021992680228507,1,1.0568694142097108,0.9156110555939466,False,False,False,False,0.22827276688329456,0.22396235748779494,False,False,False,False,-2869232,-3171276.577539512,False,False,False,False,53371.159379907556,False,False,False,False
2023-02-24 00:00:00+00:00,11.9,12.1,11.4,11.9,18826,,,,,,,,,10.890077323630718,9.220495206119212,,,,,,,10.340502326870961,,,,,,,,10.06629070403741,13.150715597742625,"rgba(38, 166, 154, 0.5)",0.0,0.0,1.4357791835041518,10.693124338252126,0.8405719177529672,0.0,0.0,0.0,0.0,0.0,0.0,0.0,0.0,60.41670700972259,17.157659817516105,False,False,True,False,False,9.021992680228507,1,1.0879130532797672,0.9128979301029861,False,False,False,False,0.25063020776598127,0.23729628262688812,False,False,False,False,-2869232,-3159431.6921458053,False,False,False,False,52016.447247362164,False,False,False,False
2023-02-27 00:00:00+00:00,11.4,12.3,11.3,12.3,30445,,,,,,,,,10.905360503430702,9.235942980649789,,,,,,,10.34400118924014,,,,,,,,10.0719725093176,13.14890409563304,"rgba(38, 166, 154, 0.5)",0.0,0.0,1.4512701312553564,10.69971686191446,0.4825312138683592,0.0,0.0,0.0,0.0,0.0,0.0,0.0,0.0,57.99656205147559,14.648906434456094,False,False,True,False,False,6.369137312074738,1,1.1018213931464225,0.8868187665844844,False,False,False,False,0.2581365135026542,0.24771639806477116,False,False,False,False,-2899677,-3149245.2336302833,False,False,False,False,51170.50813962247,False,False,False,False
2023-02-28 00:00:00+00:00,11.6,11.8,11.0,11.8,19034,,,,,,,,,10.912182717791605,9.24471556616981,,,,,,,10.34584993931345,,,,,,,,10.075061342786796,13.147621290466526,"rgba(38, 166, 154, 0.5)",0.0,0.0,1.4619362469924384,10.702597584923101,0.6138451091304943,0.0,0.0,0.0,0.0,0.0,0.0,0.0,0.0,57.23925654034123,13.566981910887279,False,False,True,False,False,7.242335726393101,1,1.091752758730484,0.8985386305301956,False,False,False,False,0.19880408065132127,0.22326023935804623,False,False,False,False,-2880643,-3138711.8127036053,False,False,False,False,49910.25291846081,False,False,False,False
2023-03-01 00:00:00+00:00,11.25,11.7,11.1,11.7,10012,,,,,,,,,10.914963977510137,9.249061528340775,,,,,,,10.34671898219699,,,,,,,,10.076544850957509,13.146900534539155,"rgba(38, 166, 154, 0.5)",0.0,0.0,1.4605078254183286,10.703764113703635,0.37400408049159806,0.0,0.0,0.0,0.0,0.0,0.0,0.0,0.0,54.96106624533246,11.077440788201258,False,True,True,False,False,5.415311928539424,1,1.0915234764551962,0.8990030966661485,False,False,False,False,0.19880408065132105,0.21103216000468364,False,False,False,False,-2890655,-3128984.0945583656,False,False,False,False,48345.6155491094,False,False,False,False
2023-03-02 00:00:00+00:00,10.8,11.1,10.6,11.1,18903,,,,,,,,,10.913996515567886,9.255212240174314,,,,,,,10.34751281371186,,,,,,,,10.078203796022285,13.145150472711281,#000000,0.0,0.0,1.453266582936919,10.702924590226676,0.06679807470501684,0.0,0.0,0.0,0.0,0.0,0.0,0.0,0.0,51.443587837651705,7.536414880193888,False,True,False,False,False,3.1379646800114323,1,1.07367490622545,0.9143366673633486,False,False,False,False,0.11934081061309532,0.16518648530888946,False,False,False,False,-2909558,-3120379.149673724,False,False,False,False,47191.00317463453,False,False,False,False
2023-03-03 00:00:00+00:00,11.2,11.5,10.9,10.9,23757,,,,,,,,,10.918194025436591,9.264655346237992,,,,,,,10.34925703929048,,,,,,,,10.081285830502695,13.143303022840671,#000000,0.0,0.0,1.4564864825579198,10.704931389335485,0.33990607986629706,0.0,0.0,0.0,0.0,0.0,0.0,0.0,0.0,51.0293888503476,6.971134848756591,False,True,False,False,False,4.937650135688369,1,1.0844332033807091,0.8853248706030635,False,False,False,False,0.1696723995561467,0.1674294424325181,False,False,False,False,-2885801,-3111180.0065492643,False,False,False,False,46272.0226579822,False,False,False,False
2023-03-06 00:00:00+00:00,12.0,12.3,11.5,11.5,74186,,,,,,,,,10.962679196890866,9.304515005934634,,,,,,,10.359313734414066,,,,,,,,10.097040015406833,13.139725040764707,#000000,0.0,0.0,1.4716101467930331,10.727520805282294,0.8646849829696552,0.0,0.0,0.0,0.0,0.0,0.0,0.0,0.0,53.84880214789992,6.971134848756591,False,True,False,False,True,8.34438065800311,1,1.0944495621239771,0.8561323655857574,False,False,False,False,0.2732358551259305,0.22033264877922432,False,False,False,False,-2811615,-3099432.359233607,False,False,False,False,47366.68843610054,False,False,False,False
2023-03-07 00:00:00+00:00,12.1,12.4,11.6,12.2,31490,,,,,,,,,10.982230934345633,9.321706673860998,,,,,,,10.36381279313607,,,,,,,,10.104006286560411,13.138338034251202,"rgba(38, 166, 154, 0.5)",0.0,0.0,1.4852692511691399,10.737537388310075,0.9173169178702465,0.0,0.0,0.0,0.0,0.0,0.0,0.0,0.0,56.06601798300409,6.971134848756591,False,True,True,False,True,8.75523566031898,1,1.0999926930748842,0.8503747906838826,False,False,False,False,0.28845777259912514,0.2543952106891747,False,False,False,False,-2780125,-3086910.50200876,False,False,False,False,46744.07320331229,False,False,False,False
2023-03-08 00:00:00+00:00,12.8,13.4,11.75,12.2,102232,,,,,,,,,11.07557208196971,9.388415939987855,,,,,,,10.383587690592908,,,,,,,12.65,10.133400211469427,13.136358603159913,"rgba(38, 166, 154, 0.5)",0.0,0.0,1.5144537177025692,10.73715007303714,1.362108265739682,-1.0,13.4,11.75,0.0,0.0,0.0,0.0,0.0,59.6695948994149,3.6326809798927115,False,False,True,False,True,11.548830417859161,1,1.1035688337209382,0.8226077219497911,False,False,False,False,0.3428282393368597,0.2986117250130172,False,False,False,False,-2677893,-3070870.599969201,False,False,False,False,48920.070332594165,False,True,False,False
2023-03-09 00:00:00+00:00,12.5,13.2,12.3,13.0,46648,,,,,,,,,11.115193290712769,9.41812569622673,,,,,,,10.392563194545621,,,,,,,12.65522210281211,10.14667554482516,13.135491488347165,"rgba(38, 166, 154, 0.5)",0.0,0.0,1.5287694865685715,10.757306659076125,1.1399320540047344,0.0,0.0,0.0,0.0,0.0,0.0,0.0,0.0,60.49548253016898,4.464515578450531,False,False,True,False,True,9.981596322067368,1,1.112547600636551,0.830207376095518,False,False,False,False,0.34282823985558264,0.3207199824342999,False,False,False,False,-2724541,-3057289.047029232,False,False,False,False,48830.969535237535,False,False,False,False
2023-03-10 00:00:00+00:00,11.6,12.5,11.4,12.5,48428,,,,,,,,,11.133290834444331,9.440637378115595,,,,,,,10.398419547203263,,,,,,,12.453494705401368,10.155801928605278,13.133000571799915,"rgba(38, 166, 154, 0.5)",0.0,0.0,1.5226299933262344,10.757662380694583,0.5532122859771748,0.0,0.0,0.0,0.0,0.0,0.0,0.0,0.0,57.12631879013507,4.464515578450531,False,True,True,False,False,5.518234535734575,1,1.0855456490056687,0.8620937880158043,False,False,False,False,0.23018722473044678,0.27545360358237336,False,False,False,False,-2772969,-3046139.24126338,False,False,False,False,48815.16680836547,False,False,False,False
2023-03-13 00:00:00+00:00,11.8,11.8,11.0,11.7,62109,,,,,,,,,11.145815333786,9.465357855738185,,,,,,,10.404305208770497,,,,,,,12.233191862265516,10.165295461833633,13.129085687428335,"rgba(38, 166, 154, 0.5)",0.0,0.0,1.5164326271855488,10.755601071333029,0.6887209559750396,0.0,0.0,0.0,0.0,0.0,0.0,0.0,0.0,55.61129372950987,4.464515578450531,False,True,True,False,False,6.335998047216428,1,1.0753016009064984,0.8760568870373553,False,False,False,False,0.15610339239599547,0.21577849798918441,False,False,False,False,-2710860,-3032991.0357236397,False,False,False,False,49336.493600194284,False,False,False,False
2023-03-14 00:00:00+00:00,8.95,11.35,8.67,10.5,339161,,,,,,,,,10.928395084601396,9.476950668766854,,,,,,,10.383715630806494,,,,,,,10.77330382450853,10.146848086590257,13.083291826740583,"rgba(239, 83, 80, 1.0)",0.0,0.0,1.496123178312788,10.610405275389398,-1.109805194824851,0.0,0.0,0.0,0.0,0.0,0.0,0.0,0.0,47.42710549026783,4.131076121679513,False,True,False,True,False,0.0,1,0.9985366383399216,0.8850619271548835,False,False,False,False,-0.02549992911143644,0.09513928443887398,False,False,False,False,-3050021,-3033658.8774599675,False,False,False,False,60702.16051783373,False,False,False,False
2023-03-15 00:00:00+00:00,8.061,9.073,8.01,9.073,109769,,,,,,,,,10.813467757206107,9.455876448939412,,,,,,,10.366025836109877,,,,,,,10.402632093216083,10.126364284384879,13.063308030396987,"rgba(239, 83, 80, 1.0)",0.0,0.0,1.5015782087914005,10.54916081581723,-1.6570304505283915,0.0,0.0,0.0,0.0,0.0,0.0,0.0,0.0,40.69601239158307,-1.8555684444614897,False,True,False,True,False,0.0,0,0.98442948813076,0.9426813681188981,False,False,False,False,-0.24608060331891446,-0.07547065944002024,False,False,False,False,-3159790,-3038605.1959909494,False,False,False,False,62626.35030144809,False,False,False,False
2023-03-16 00:00:00+00:00,8.744,8.789,8.07,8.3,41211,,,,,,,,,10.775502021111704,9.44926925983312,,,,,,,10.359970702125851,,,,,,,10.299912276746207,10.119459715576511,13.0560929674929,"rgba(239, 83, 80, 1.0)",0.0,0.0,1.5016435922675766,10.530116579333782,-1.1894410821123231,0.0,0.0,0.0,0.0,0.0,0.0,0.0,0.0,38.495046834560696,-3.5630425897975897,False,True,False,True,False,0.0,0,0.9802710719791605,0.9557283852882554,False,False,False,False,-0.29299147836292627,-0.18423106890147325,False,False,False,False,-3118579,-3041741.4235991477,False,False,False,False,61786.53264256778,False,False,False,False
2023-03-17 00:00:00+00:00,8.4,8.8,8.3,8.6,28052,,,,,,,,,10.749989518855022,9.444658985009783,,,,,,,10.35579478552205,,,,,,,10.234981091206818,10.114692929346962,13.0511576762466,"rgba(239, 83, 80, 1.0)",0.0,0.0,1.511866241521493,10.517495864135023,-1.4005841297203938,0.0,0.0,0.0,0.0,0.0,0.0,0.0,0.0,36.46368755488825,-5.303028187371915,False,True,False,True,False,0.0,0,0.9865219621609118,0.967034379054727,False,False,False,False,-0.3223080827163277,-0.25326957580890047,False,False,False,False,-3146631,-3045854.74032075,False,False,False,False,60463.60979383963,False,False,False,False
2023-03-20 00:00:00+00:00,8.361,8.45,8.0,8.4,90821,,,,,,,,,10.663132575395565,9.426479870323643,,,,,,,10.340745187213004,,,,,,,10.029517129167429,10.0972827001979,13.034449655130127,"rgba(239, 83, 80, 1.0)",0.0,0.0,1.5213555418391709,10.236081227379076,-1.2325069162414755,0.0,0.0,0.0,0.0,0.0,0.0,0.0,0.0,35.043008429190564,-6.631676891630541,False,True,False,True,False,0.0,0,0.9662425081614294,0.9837276760897907,False,False,False,False,-0.34282825441539394,-0.2980489151121472,False,False,False,False,-3237452,-3053368.358347387,False,False,False,False,61654.09568427729,False,False,False,False
2023-03-21 00:00:00+00:00,8.558,8.8,8.404,8.425,23358,,,,,,,,,10.644599269928749,9.423152158536253,,,,,,,10.337496927379865,,,,,,,9.991743026657652,10.093625762550197,13.030456097867594,"rgba(239, 83, 80, 1.0)",0.0,0.0,1.529133367818729,10.230852338873337,-1.0939872048306811,0.0,0.0,0.0,0.0,0.0,0.0,0.0,0.0,34.842829373556135,-6.982523085495501,False,True,False,True,False,0.0,0,0.9687818359709907,0.9744051401539222,False,False,False,False,-0.28227805182766225,-0.2901634834699047,False,False,False,False,-3214094,-3059671.324686705,False,False,False,False,60152.28801038406,False,False,False,False
2023-03-22 00:00:00+00:00,8.185,8.8,8.17,8.8,20517,,,,,,,,,10.627016610460048,9.419548555191957,,,,,,,10.334324955922426,,,,,,,9.955608717908245,10.089998680144667,13.026794711497594,"rgba(239, 83, 80, 1.0)",0.0,0.0,1.5417477752611142,10.223046569701415,-1.3219066065175582,0.0,0.0,0.0,0.0,0.0,0.0,0.0,0.0,33.969967505333145,-8.114349964608564,False,True,False,True,False,0.0,0,0.956187813749361,0.9831915511868619,False,False,False,False,-0.3008358561315018,-0.2954996698007033,False,False,False,False,-3234611,-3066531.704110756,False,False,False,False,58597.962990369,False,False,False,False
2023-03-23 00:00:00+00:00,8.32,8.675,8.282,8.4,40689,,,,,,,,,10.593562103900483,9.412753476716443,,,,,,,10.328195339751238,,,,,,,9.890286431723146,10.083021352922739,13.019614018289152,"rgba(239, 83, 80, 1.0)",0.0,0.0,1.5523963611082234,10.208630662823449,-1.2165904984956255,0.0,0.0,0.0,0.0,0.0,0.0,0.0,0.0,33.95284996397679,-8.529757927582722,False,True,False,True,False,0.0,0,0.9563677121069591,0.9864649840882251,False,False,False,False,-0.30187265861561774,-0.2986861642081605,False,False,False,False,-3193922,-3071527.4019887657,False,False,False,False,57895.65071623689,False,False,False,False
2023-03-24 00:00:00+00:00,8.3,8.49699,8.1,8.4,18883,,,,,,,,,10.577492405015768,9.409230836682433,,,,,,,10.325175548942607,,,,,,,9.859368636862515,10.079557177803398,13.016197526365882,"rgba(239, 83, 80, 1.0)",0.0,0.0,1.5627307967347204,10.200883129057399,-1.2163855303992452,0.0,0.0,0.0,0.0,0.0,0.0,0.0,0.0,33.89556346770277,-9.067677567191843,False,True,False,True,False,0.0,0,0.9405322327197276,1.01149381056744,False,False,False,False,-0.33084549550714154,-0.314765829857651,False,False,False,False,-3212805,-3077067.6999499905,False,False,False,False,56365.74284501191,False,False,False,False
2023-03-27 00:00:00+00:00,8.45,8.498,8.131,8.24,55396,,,,,,,,,10.532843604869244,9.39958181654915,,,,,,,10.31663191139976,,,,,,,9.778496843805385,10.069815354156027,13.006331770000669,"rgba(239, 83, 80, 1.0)",0.0,0.0,1.5680536488799854,10.180542370844176,-1.1036244659615135,0.0,0.0,0.0,0.0,0.0,0.0,0.0,0.0,34.572318154202904,-9.067677567191843,False,True,False,True,False,0.0,0,0.9303767085643555,1.0140383869918734,False,False,False,False,-0.3282482302437738,-0.3215070300507124,False,False,False,False,-3157409,-3080218.339167638,False,False,False,False,56327.71371383498,False,False,False,False
2023-03-28 00:00:00+00:00,8.45,8.59,8.3,8.454,24783,,,,,,,,,10.514222090187559,9.395678611514615,,,,,,,10.313002526102233,,,,,,,9.747123308645191,10.065712613104383,13.002013946730965,"rgba(239, 83, 80, 1.0)",0.0,0.0,1.574583798232958,10.172598900547223,-1.094002683426803,0.0,0.0,0.0,0.0,0.0,0.0,0.0,0.0,35.023487945202994,-9.067677567191843,False,True,False,True,False,0.0,0,0.9301965187640341,1.0117058584393526,False,False,False,False,-0.30722623727562876,-0.3143666336631706,False,False,False,False,-3157409,-3083245.4239061624,False,False,False,False,55090.666117214,False,False,False,False
2023-03-29 00:00:00+00:00,8.474,8.564,8.3,8.4,21094,,,,,,,,,10.49862731806757,9.392379193191413,,,,,,,10.309923363257706,,,,,,,9.721548254368058,10.062235446546477,12.998344740483427,"rgba(239, 83, 80, 1.0)",0.0,0.0,1.5814040232289648,10.165918951190228,-1.0698840564067937,0.0,0.0,0.0,0.0,0.0,0.0,0.0,0.0,35.45736346578266,-9.067677567191843,False,True,False,True,False,0.0,0,0.9252395490644297,1.0148811070529604,False,False,False,False,-0.3093083378918005,-0.31183748577748555,False,False,False,False,-3136315,-3085326.5837529795,False,False,False,False,53757.46352438208,False,False,False,False
2023-03-30 00:00:00+00:00,8.979,8.985,8.439,8.49,25958,,,,,,,,,10.483020106060925,9.389861596013812,,,,,,,10.306867128632485,,,,,,,9.699807379180168,10.058912294760525,12.994189044119732,"rgba(239, 83, 80, 0.75)",0.0,0.0,1.5832660657498554,10.161107358898619,-0.7466258416514208,0.0,0.0,0.0,0.0,0.0,0.0,0.0,0.0,38.422120936156674,-9.067677567191843,False,True,False,True,True,0.0,0,0.9389749668223859,1.0016712249749884,False,False,False,False,-0.2650018580438516,-0.2884196719106686,False,False,False,False,-3110357,-3086308.168703843,False,False,False,False,52667.288484210236,False,False,False,False
2023-03-31 00:00:00+00:00,9.525,9.7,8.899,9.0,37260,,,,,,,,,10.468584359670247,9.389769308119478,,,,,,,10.304164790753486,,,,,,,9.689146455705265,10.056334203747484,12.989052449465628,"rgba(239, 83, 80, 0.75)",0.0,0.0,1.576725954125981,10.161221456363664,-0.4035079493039345,0.0,0.0,0.0,0.0,0.0,0.0,0.0,0.0,42.81696670856203,-12.639082007470499,False,True,False,True,True,0.0,0,0.9630123786414487,0.9734867492916581,False,False,False,False,-0.17504349944986142,-0.231731585680265,False,False,False,False,-3073097,-3085790.0836566337,False,False,False,False,52063.08109267258,False,False,False,False
2023-04-03 00:00:00+00:00,9.5,9.8,9.24,9.5,47402,,,,,,,,,10.453014125811295,9.39071674242239,,,,,,,10.301258966263347,,,,,,,9.682106332550807,10.053743821837381,12.982788631312683,#000000,0.0,0.0,1.5639830323265904,9.988839697744677,-0.3125607424381554,0.0,0.0,0.0,0.0,0.0,0.0,0.0,0.0,45.6346443550935,-9.943988442471678,False,True,False,False,True,0.0,0,0.9660529977900726,0.9686258758089265,False,False,False,False,-0.14206409569756562,-0.1868978406889153,False,False,False,False,-3120499,-3087151.217630883,False,False,False,False,51880.29359884229,False,False,False,False
2023-04-04 00:00:00+00:00,9.4,9.788,9.246,9.6,12680,,,,,,,,,10.448781385246393,9.390895399710391,,,,,,,10.30045058201355,,,,,,,9.679943211539797,10.053010049567238,12.98109986493293,#000000,0.0,0.0,1.553703644681175,9.988503520398513,-0.37877462823309255,0.0,0.0,0.0,0.0,0.0,0.0,0.0,0.0,47.03623880272148,-8.589359344389116,False,True,False,False,True,0.0,0,0.9651307200344766,0.9727109982878512,False,False,False,False,-0.1425105835880642,-0.16470421213848974,False,False,False,False,-3133179,-3088956.228704182,False,False,False,False,50343.02718320142,False,False,False,False
2023-04-05 00:00:00+00:00,9.0,9.41599,9.0,9.21,25234,,,,,,,,,10.437559853535271,9.389872126808427,,,,,,,10.298184753722458,,,,,,,9.66876303297768,10.050696868326652,12.977418871487366,#000000,0.0,0.0,1.5455973313352678,9.980369826227903,-0.6342983430108186,0.0,0.0,0.0,0.0,0.0,0.0,0.0,0.0,46.15403508100397,-8.589359344389116,False,True,False,False,True,0.0,0,0.9540406697839512,0.9884483086718051,False,False,False,False,-0.1888369807000223,-0.17677059641925602,False,False,False,False,-3158413,-3091680.023656959,False,False,False,False,49358.359450526856,False,False,False,False
2023-04-06 00:00:00+00:00,8.591,9.2,8.49,9.2,33814,,,,,,,,,10.418527714611454,9.386468283407783,,,,,,,10.294176163159992,,,,,,,9.644296552427894,10.046337219752308,12.972012273875405,"rgba(239, 83, 80, 1.0)",0.0,0.0,1.537400040902119,9.963860028458754,-0.8929751476090666,0.0,0.0,0.0,0.0,0.0,0.0,0.0,0.0,43.945401002104866,-8.589359344389116,False,True,False,True,False,0.0,0,0.944145893096324,0.9913975801812078,False,False,False,False,-0.2443168864608325,-0.21054374144004426,False,False,False,False,-3192227,-3095623.0423370786,False,False,False,False,48748.77672697678,False,False,False,False
2023-04-10 00:00:00+00:00,8.8,8.803,8.4,8.5,18677,,,,,,,,,10.407622239070625,9.384327998363558,,,,,,,10.291837758497056,,,,,,,9.629981013305857,10.043769185798858,12.968966329917158,"rgba(239, 83, 80, 1.0)",0.0,0.0,1.5246893879508052,9.955583362542649,-0.7579139539337659,0.0,0.0,0.0,0.0,0.0,0.0,0.0,0.0,43.64191567820737,-8.589359344389116,False,True,False,True,False,0.0,0,0.9442944266189912,1.0036658180793192,False,False,False,False,-0.28235694868791655,-0.2464503450639804,False,False,False,False,-3173550,-3098679.0014611147,False,False,False,False,47569.491365134556,False,False,False,False
2023-04-11 00:00:00+00:00,8.61,8.875,8.55,8.7,22452,,,,,,,,,10.394770298730034,9.381809972616924,,,,,,,10.289054002206372,,,,,,,9.613502583323823,10.04071856586266,12.965319506193236,"rgba(239, 83, 80, 1.0)",0.0,0.0,1.5127385216735332,9.947006193412108,-0.883831656466966,0.0,0.0,0.0,0.0,0.0,0.0,0.0,0.0,42.65331212017679,-8.589359344389116,False,True,False,True,False,0.0,0,0.9456849012917559,0.9947636194060264,False,False,False,False,-0.26492368898346075,-0.25568701702372054,False,False,False,False,-3196002,-3102495.5896391105,False,False,False,False,46584.49170375673,False,False,False,False
2023-04-12 00:00:00+00:00,8.437,8.69299,8.3,8.6,24584,,,,,,,,,10.379287422206508,9.378288839451974,,,,,,,10.285636642272733,,,,,,,9.592349236153371,10.036901714279614,12.961145978837804,"rgba(239, 83, 80, 1.0)",0.0,0.0,1.500568750192448,9.935913276739054,-0.9988967693395048,0.0,0.0,0.0,0.0,0.0,0.0,0.0,0.0,41.28862491666237,-3.580893326045363,False,True,False,True,False,0.0,0,0.9409702933988648,1.0014315690969615,False,False,False,False,-0.29900384531166274,-0.2773454311676916,False,False,False,False,-3220586,-3107126.5861238516,False,False,False,False,45721.72732321725,False,False,False,False
2023-04-13 00:00:00+00:00,8.355,8.512,8.252,8.3,28510,,,,,,,,,10.360680689602043,9.373773980551979,,,,,,,10.281463459317488,,,,,,,9.566593082869412,10.032206037698774,12.956204001121856,"rgba(239, 83, 80, 1.0)",0.0,0.0,1.4893506084717014,9.922907073644636,-1.0527454480671576,0.0,0.0,0.0,0.0,0.0,0.0,0.0,0.0,40.039292347630806,-4.9691663875047425,False,True,False,True,False,0.0,0,0.9378577008543884,1.013413976467555,False,False,False,False,-0.31734087715511755,-0.29734315416140455,False,False,False,False,-3249096,-3112694.014118995,False,False,False,False,45046.75762426756,False,False,False,False
2023-04-14 00:00:00+00:00,8.294,8.5,8.05,8.3,28093,,,,,,,,,10.341850525264418,9.368960775324988,,,,,,,10.277172430994828,,,,,,,9.5403872409068,10.027350694122054,12.95124752112613,"rgba(239, 83, 80, 1.0)",0.0,0.0,1.4809411552203204,9.910068214569046,-1.0912440436086215,0.0,0.0,0.0,0.0,0.0,0.0,0.0,0.0,38.94162353700375,-6.210503174345092,False,True,False,True,False,0.0,0,0.9209848247532624,1.0446308296313025,False,False,False,False,-0.3346660547993945,-0.3160046044803995,False,False,False,False,-3277189,-3119144.7978790347,False,False,False,False,44381.904384100206,False,False,False,False
2023-04-17 00:00:00+00:00,7.826,8.20994,7.811,8.13,60122,,,,,,,,,10.296357450149907,9.355696654838988,,,,,,,10.266531787873452,,,,,,,9.473848452254863,10.015088903270131,12.93992295262362,"rgba(239, 83, 80, 1.0)",0.0,0.0,1.4813041767794406,9.877328472959976,-1.3848124545357368,0.0,0.0,0.0,0.0,0.0,0.0,0.0,0.0,36.353962798228864,-8.81695809305495,False,True,False,True,False,0.0,0,0.8812297367892923,1.0657056730180436,False,False,False,False,-0.34282825441539394,-0.32941642944789673,False,False,False,False,-3337311,-3127700.3352171117,False,False,False,False,44999.16303570412,False,False,False,False
2023-04-18 00:00:00+00:00,7.39,7.9,7.0,7.878,345183,,,,,,,,,10.014272228618333,9.257677374678657,,,,,,,10.194004126950086,,,,,,,9.078192668967876,9.930394368677614,12.869224852799693,"rgba(239, 83, 80, 1.0)",0.0,0.0,1.4864213145418752,9.513589616607938,-1.4286592878025584,0.0,0.0,0.0,0.0,0.0,0.0,0.0,0.0,33.23202646268536,-11.825925667500115,False,True,False,True,False,0.0,0,0.8545029350937093,1.0869651464240726,False,False,False,False,-0.34282825441539394,-0.33612234193164536,False,False,False,False,-3682494,-3149456.9495223234,False,False,False,False,56771.07821077455,False,False,False,False
2023-04-19 00:00:00+00:00,7.737,7.8,7.144,7.448,45301,,,,,,,,,9.982982705832795,9.246414210215978,,,,,,,10.185196052008191,,,,,,,9.040586151779777,9.92024744276606,12.860300150139432,"rgba(239, 83, 80, 1.0)",0.0,0.0,1.4856378260768477,9.497164353429728,-1.1847869800662167,0.0,0.0,0.0,0.0,0.0,0.0,0.0,0.0,33.71288178929382,-11.825925667500115,False,True,False,True,False,0.0,0,0.842545905988239,1.0948216498926742,False,False,False,False,-0.33975693301731946,-0.3379396374744824,False,False,False,False,-3637193,-3168583.8534626244,False,False,False,False,56321.271222116724,False,False,False,False
2023-04-20 00:00:00+00:00,7.762,7.83,7.4,7.7,44384,,,,,,,,,9.95436996341413,9.236192702236464,,,,,,,10.176961801958736,,,,,,,9.007962146738894,9.91082285328902,12.85175562238393,"rgba(239, 83, 80, 1.0)",0.0,0.0,1.4853612043497901,9.483270539277665,-1.1588228736801724,0.0,0.0,0.0,0.0,0.0,0.0,0.0,0.0,34.21362410408599,-11.825925667500115,False,True,False,True,False,0.0,0,0.8596635911243548,1.0930725433444635,False,False,False,False,-0.31994017992932083,-0.3289399087019016,False,False,False,False,-3592809,-3185220.133718992,False,False,False,False,55853.14293889647,False,False,False,False
2023-04-21 00:00:00+00:00,8.1,8.285,7.625,7.75,61959,,,,,,,,,9.921333871897128,9.225175084019119,,,,,,,10.167096619078949,,,,,,,8.975789852521205,9.899764492434393,12.840651698721311,"rgba(239, 83, 80, 0.75)",0.0,0.0,1.4797350666208662,9.471793157561107,-0.9270532195291853,0.0,0.0,0.0,0.0,0.0,0.0,0.0,0.0,36.91363266913736,-11.825925667500115,False,True,False,True,True,0.0,0,0.8829572643172942,1.0605900328633897,False,False,False,False,-0.27375264196093413,-0.3013462753314179,False,False,False,False,-3530850,-3198774.246122169,False,False,False,False,56092.588313841705,False,False,False,False
2023-04-24 00:00:00+00:00,7.899,8.26,7.72,8.26,16114,,,,,,,,,9.912733064842552,9.222240612074458,,,,,,,10.16449410318107,,,,,,,8.967396806407168,9.896843725697986,12.837746178763862,"rgba(239, 83, 80, 0.75)",0.0,0.0,1.4891877238134983,9.468502500473235,-1.053931935762986,0.0,0.0,0.0,0.0,0.0,0.0,0.0,0.0,37.77030856652229,-11.825925667500115,False,True,False,True,True,0.0,0,0.9072587690278536,1.049099002037119,False,False,False,False,-0.26906512497522433,-0.28520570015332114,False,False,False,False,-3546964,-3212428.746274241,False,False,False,False,54524.800536828305,False,False,False,False
2023-04-25 00:00:00+00:00,7.79,7.962,7.63,7.72,30881,,,,,,,,,9.895079018780393,9.215921898601636,,,,,,,10.159150266284106,,,,,,,8.949112208341177,9.8907942594223,12.831998897502825,"rgba(239, 83, 80, 0.75)",0.0,0.0,1.5000932343397135,9.460438372498212,-1.1135563672037212,0.0,0.0,0.0,0.0,0.0,0.0,0.0,0.0,37.83649281289169,-11.825925667500115,False,True,False,True,True,0.0,0,0.8959034564269911,1.0439300738463408,False,False,False,False,-0.2951993138696273,-0.2902025070114742,False,False,False,False,-3577845,-3226758.795439957,False,False,False,False,53597.592672638966,False,False,False,False
2023-04-26 00:00:00+00:00,7.801,7.95,7.511,7.63,21290,,,,,,,,,9.882849838532744,9.21147647507149,,,,,,,10.15541805353317,,,,,,,8.936409604003698,9.886564685883995,12.828012825907983,"rgba(239, 83, 80, 0.75)",0.0,0.0,1.5143089378589,9.454643640458332,-1.0920120717219297,0.0,0.0,0.0,0.0,0.0,0.0,0.0,0.0,37.9683034700548,-11.825925667500115,False,True,False,True,True,0.0,0,0.8808462610037171,1.0583613638475151,False,False,False,False,-0.3041105538605564,-0.2971565304360153,False,False,False,False,-3556555,-3239691.979932508,False,False,False,False,52330.62825410411,False,False,False,False
2023-04-27 00:00:00+00:00,7.4,7.87912,7.104,7.8,83810,,,,,,,,,9.829593892898217,9.190770881233973,,,,,,,10.139059006105862,,,,,,,8.877157528750146,9.867810906434286,12.811479427784562,"rgba(239, 83, 80, 0.75)",0.0,0.0,1.5376523057354037,9.424701702841725,-1.3167487183478601,0.0,0.0,0.0,0.0,0.0,0.0,0.0,0.0,36.2039555299331,-11.825925667500115,False,True,False,True,True,0.0,0,0.8633477210619657,1.0739066633878653,False,False,False,False,-0.33703142599309177,-0.31709397821455354,False,False,False,False,-3640365,-3255404.6473861355,False,False,False,False,53565.11342060983,False,False,False,False
2023-04-28 00:00:00+00:00,7.376,7.47,7.2,7.47,51174,,,,,,,,,9.796723635447352,9.177561466213252,,,,,,,10.128752506075408,,,,,,,8.840572971179586,9.855973837626527,12.80122322897242,"rgba(239, 83, 80, 1.0)",0.0,0.0,1.5629680632843772,9.405548741028293,-1.2985222082935306,0.0,0.0,0.0,0.0,0.0,0.0,0.0,0.0,34.92449270114058,-11.825925667500115,False,True,False,True,False,0.0,0,0.8623591626025493,1.075249253001318,False,False,False,False,-0.34282825441539394,-0.3299611163149737,False,False,False,False,-3691539,-3272507.955331777,False,False,False,False,53471.344266860426,False,False,False,False
2023-05-01 00:00:00+00:00,7.115,7.427,7.025,7.2,38746,,,,,,,,,9.770824025258559,9.166823195107359,,,,,,,10.120554251822913,,,,,,,8.811175477754059,9.8465191963227,12.793256764024186,"rgba(239, 83, 80, 1.0)",0.0,0.0,1.5945625057880086,9.389708746839649,-1.426540971948617,0.0,0.0,0.0,0.0,0.0,0.0,0.0,0.0,32.97288466822849,-12.906387181906013,False,True,False,True,False,0.0,0,0.8411607853920072,1.139241722283276,False,False,False,False,-0.34282825441539394,-0.3363946853651838,False,False,False,False,-3730285,-3290459.996299159,False,False,False,False,52893.879785807076,False,False,False,False
2023-05-02 00:00:00+00:00,6.9,7.3,6.607,7.2,73800,,,,,,,,,9.718186029210768,9.144108298830677,,,,,,,10.10372621561955,,,,,,,8.749674614972415,9.826995891493649,12.777462239533511,"rgba(239, 83, 80, 1.0)",0.0,0.0,1.6290264597257325,9.355582685519678,-1.507392756489116,0.0,0.0,0.0,0.0,0.0,0.0,0.0,0.0,30.853219114336916,-14.981625828501066,False,True,False,True,False,0.0,0,0.8194718054911742,1.1110075443307894,False,False,False,False,-0.34282825441539394,-0.3396114698902889,False,False,False,False,-3804085,-3310602.153307035,False,False,False,False,53713.727637344055,False,False,False,False
2023-05-03 00:00:00+00:00,6.731,6.991,6.6,6.8,41950,,,,,,,,,9.687438961386617,9.130471310200596,,,,,,,10.093755621257406,,,,,,,8.713522596787218,9.81540058161103,12.76827468727872,"rgba(239, 83, 80, 1.0)",0.0,0.0,1.665937059256883,9.159192375437193,-1.457553490358349,0.0,0.0,0.0,0.0,0.0,0.0,0.0,0.0,28.83621636026821,-16.91539175236263,False,True,False,True,False,0.0,0,0.8254885775924611,1.1159589996616313,False,False,False,False,-0.34282825441539394,-0.3412198621528414,False,False,False,False,-3846035,-3331599.519844014,False,False,False,False,53252.40498489919,False,False,False,False
2023-05-04 00:00:00+00:00,6.782,6.829,6.628,6.7,36112,,,,,,,,,9.661234103436891,9.118720833353235,,,,,,,10.085149161095549,,,,,,,8.683015902675997,9.805399095651147,12.760351820121821,"rgba(239, 83, 80, 1.0)",0.0,0.0,1.6992880440280396,9.141667693099665,-1.3886213708102382,0.0,0.0,0.0,0.0,0.0,0.0,0.0,0.0,28.0454435531399,-17.700474357013327,False,True,False,True,False,0.0,0,0.827777440681952,1.1068022214514301,False,False,False,False,-0.34282825441539394,-0.34202405828411764,False,False,False,False,-3809923,-3350357.303379543,False,False,False,False,52580.23224039334,False,False,False,False
2023-05-05 00:00:00+00:00,7.1,7.14299,6.6,7.0,42697,,,,,,,,,9.632945794736248,9.106142653010602,,,,,,,10.075640410841048,,,,,,,8.65177010445861,9.794430377572372,12.75132377611805,"rgba(239, 83, 80, 0.75)",0.0,0.0,1.7252523222692842,8.968990447315466,-1.0833142626100736,0.0,0.0,0.0,0.0,0.0,0.0,0.0,0.0,30.74441772658712,-17.700474357013327,False,True,False,True,True,0.0,0,0.8245111279534043,1.1139900480821623,False,False,False,False,-0.3253392758133814,-0.3336816670487495,False,False,False,False,-3767226,-3366705.0954038748,False,False,False,False,52192.65450547596,False,False,False,False
2023-05-08 00:00:00+00:00,7.835,7.997,7.5,7.5,69262,,,,,,,,7.777333333333334,9.60208778382394,9.093770527920942,,,,,,,10.064396497395341,,,,,,,8.626954387158898,9.781948997997139,12.738823304375776,"rgba(239, 83, 80, 0.75)",0.0,0.0,1.737809948036769,8.999888426646141,-0.6703198056623704,0.0,0.0,0.0,0.0,0.0,0.0,0.0,0.0,37.88065885343623,-17.034436211727936,False,True,False,True,True,0.0,0,0.8316483133978863,1.096876779950636,False,False,False,False,-0.22176598965413077,-0.27772382835144016,False,False,False,False,-3697964,-3379695.6406821543,False,False,False,False,52862.04060330043,False,False,False,False
2023-05-09 00:00:00+00:00,7.516,7.834,7.303,7.834,31207,,,,,,,,7.7070312069726326,9.586833915749033,9.087325543362343,,,,,,,10.058868457286296,,,,,,,8.613370272962252,9.775746404715502,12.732955547212534,"rgba(239, 83, 80, 0.75)",0.0,0.0,1.7548147338879772,8.996456849502728,-0.8436542165466206,0.0,0.0,0.0,0.0,0.0,0.0,0.0,0.0,40.77969409286243,-14.622620628155815,False,True,False,True,True,0.0,0,0.8261915520919757,1.1094496957844415,False,False,False,False,-0.24257866140760195,-0.26015124487952107,False,False,False,False,-3729171,-3393400.5567338346,False,False,False,False,52012.823324739635,False,False,False,False
2023-05-10 00:00:00+00:00,7.584,8.059,7.45,7.6,37603,,,,,,,,7.70448083608552,9.570055067208278,9.080365393605838,,,,,,,10.052627311785509,,,,,,,8.599648640105313,9.76880793242988,12.726102395694122,"rgba(239, 83, 80, 0.5)",0.0,0.0,1.7701034886018447,8.880202035613902,-0.7322747195067877,0.0,0.0,0.0,0.0,0.0,0.0,0.0,0.0,43.14784913845005,-12.640094521793102,False,False,False,True,True,0.0,1,0.839039739088424,1.0875881948937933,False,False,False,False,-0.2210755734315511,-0.24061340915553608,False,False,False,False,-3691568,-3405093.3976462334,False,False,False,False,51447.73221396553,False,False,False,False
2023-05-11 00:00:00+00:00,7.613,7.9,7.59,7.72,14476,,,,,,,,7.704150523114036,9.563686268270141,9.077710915096592,,,,,,,10.05023683744929,,,,,,,8.594494351157966,9.76615344876751,12.723470858894544,"rgba(239, 83, 80, 0.5)",0.0,0.0,1.7840098228227297,8.87939582260184,-0.7098592207290084,0.0,0.0,0.0,0.0,0.0,0.0,0.0,0.0,44.92364755275523,-11.11930097035723,False,False,False,True,True,0.0,1,0.8386728348267146,1.0900276539732379,False,False,False,False,-0.2221688284967454,-0.23139111882614075,False,False,False,False,-3677092,-3415760.009503244,False,False,False,False,49997.860362437474,False,False,False,False
2023-05-12 00:00:00+00:00,7.631,7.719,7.5,7.6,11260,,,,,,,,7.698136969297389,9.558539364915774,9.075527162330978,,,,,,,10.048314161810392,,,,,,,8.590151272010898,9.764009269875501,12.721391513256028,#000000,0.0,0.0,1.7970160098952592,8.877260238136872,-0.6935164913803472,0.0,0.0,0.0,0.0,0.0,0.0,0.0,0.0,46.2394882914432,-9.92234065568826,True,False,False,False,True,0.0,0,0.854247163096245,1.0827179405107568,False,False,False,False,-0.23782045307927607,-0.23460578595270842,False,False,False,False,-3665832,-3425566.754228607,False,False,False,False,48478.72858351836,False,False,False,False
2023-05-15 00:00:00+00:00,7.15,7.8,6.973,7.8,31648,,,,,,,,7.634912488403188,9.541938922531477,9.068131529531684,,,,,,,10.042241768615543,,,,,,,8.574338521634383,9.757141636179806,12.715203021640862,"rgba(239, 83, 80, 0.5)",0.0,0.0,1.8173973002695598,8.860949515023048,-0.941428445375855,0.0,0.0,0.0,0.0,0.0,0.0,0.0,0.0,44.11514203114879,-9.92234065568826,False,False,False,True,True,0.0,0,0.8318401420914205,1.0956371912149243,False,False,False,False,-0.2638343694649229,-0.24922007770881566,False,False,False,False,-3697480,-3436230.0187686617,False,False,False,False,47818.70001161568,False,False,False,False
2023-05-16 00:00:00+00:00,7.296,7.54899,7.1,7.1,12885,,,,,,,,7.615127062764091,9.535272178968619,9.065150668244113,,,,,,,10.0397837937536,,,,,,,8.568048351500325,9.754364905875983,12.712690932404547,"rgba(239, 83, 80, 0.5)",0.0,0.0,1.8342625636567107,8.855619325044135,-0.8502704879583549,0.0,0.0,0.0,0.0,0.0,0.0,0.0,0.0,43.86058787404185,-9.92234065568826,True,False,False,True,True,0.0,0,0.8227186905738716,1.1412735762997177,False,False,False,False,-0.271128542456812,-0.26017431008281383,False,False,False,False,-3684595,-3445969.8219542042,False,False,False,False,46448.75099155232,False,False,False,False
2023-05-17 00:00:00+00:00,7.3,7.3,7.112,7.3,12238,,,,,,,,7.594166592090211,9.528756852433323,9.062203638826869,,,,,,,10.037386917377678,,,,,,,8.56176524506122,9.751649666008646,12.710272848414835,"rgba(239, 83, 80, 0.5)",0.0,0.0,1.8506344378895465,8.849986834664673,-0.8375434947769964,0.0,0.0,0.0,0.0,0.0,0.0,0.0,0.0,43.72380806817604,-9.92234065568826,True,False,False,True,True,0.0,1,0.8162456470814569,1.1556182997337932,False,False,False,False,-0.2851475642321282,-0.27266093715747103,False,False,False,False,-3672357,-3454847.75050502,False,False,False,False,45107.15291345223,False,False,False,False
2023-05-18 00:00:00+00:00,7.303,7.374,7.077,7.172,15615,,,,,,,,7.571501573776924,9.5205475782558,9.058485907170192,,,,,,,10.034349845897207,,,,,,,8.553917826773878,9.748212910200705,12.707198493085972,"rgba(239, 83, 80, 0.5)",0.0,0.0,1.8641287080994204,8.843514840526078,-0.8263993971192665,0.0,0.0,0.0,0.0,0.0,0.0,0.0,0.0,43.65969667504735,-9.92234065568826,True,False,False,True,True,0.0,1,0.8012948284440233,1.194805584374344,False,False,False,False,-0.2828331603514708,-0.2777470487544709,False,False,False,False,-3656742,-3462765.172053843,False,False,False,False,43950.59789723841,False,False,False,False
2023-05-19 00:00:00+00:00,7.271,7.377,6.98,7.0,8673,,,,,,,,7.558673854446155,9.515929514908734,9.056379725379209,,,,,,,10.032640417066874,,,,,,,8.549460385055202,9.746276079139234,12.705479273331752,"rgba(239, 83, 80, 0.5)",0.0,0.0,1.8644096496268394,8.839786218400334,-0.8414385855138253,0.0,0.0,0.0,0.0,0.0,0.0,0.0,0.0,43.37646044783398,-9.92234065568826,True,False,False,True,True,0.0,1,0.7750861664550297,1.1911209340889337,False,False,False,False,-0.2802320064765155,-0.2789895276154932,False,False,False,False,-3665415,-3470712.224130163,False,False,False,False,42567.16268558201,False,False,False,False
2023-05-22 00:00:00+00:00,7.16,7.304,7.0,7.2,15623,,,,,,,,7.534443349264847,9.507461165619352,9.052485930725608,,,,,,,10.029506851208172,,,,,,,8.541180640990474,9.74271961950646,12.702354313813226,"rgba(239, 83, 80, 0.5)",0.0,0.0,1.85970113388884,8.832679664521084,-0.8994346640114836,0.0,0.0,0.0,0.0,0.0,0.0,0.0,0.0,42.33888039883463,-9.92234065568826,True,False,False,True,False,0.0,1,0.8018320051891291,1.1739802130156327,False,False,False,False,-0.27704393194897386,-0.2780167297822336,False,False,False,False,-3681038,-3478960.2937721172,False,False,False,False,41510.52885477487,False,False,False,False
2023-05-23 00:00:00+00:00,6.891,7.298,6.7,7.003,99592,,,,,,,,7.376392721796702,9.45058985626794,9.025564654261428,,,,,,,10.008369429921613,,,,,,,8.483637617069757,9.718613535507378,12.681830640819173,"rgba(239, 83, 80, 0.5)",0.0,0.0,1.8425931988848283,8.782352790568106,-1.0264624832615188,0.0,0.0,0.0,0.0,0.0,0.0,0.0,0.0,39.81038184013563,-5.360170924101297,False,False,False,True,False,0.0,1,0.8040125706901335,1.1500236164041469,False,False,False,False,-0.282908697845001,-0.2804627138136173,False,False,False,False,-3780630,-3490790.4783300734,False,False,False,False,43788.23360556801,False,False,False,False
2023-05-24 00:00:00+00:00,6.636,6.91,6.533,6.894,91620,,,,,,,,7.237778234433321,9.395030966874211,8.998241025863587,,,,,,,9.987478366018772,,,,,,,8.425523591595116,9.694666380370613,12.662193712428804,"rgba(239, 83, 80, 1.0)",0.0,0.0,1.8267550565844348,8.732083147366112,-1.1474352512729602,0.0,0.0,0.0,0.0,0.0,0.0,0.0,0.0,36.67799186633748,-8.461594365085887,False,True,False,True,False,0.0,1,0.8877913392301204,1.1823890756299125,False,False,False,False,-0.34282825441539394,-0.31164548411450566,False,False,False,False,-3872250,-3505749.675258306,False,False,False,False,45663.9891504477,False,False,False,False
2023-05-25 00:00:00+00:00,7.025,7.1,6.65,6.8,16299,,,,,,,,7.2268851541983885,9.386209452835358,8.993929598587291,,,,,,,9.984049221675898,,,,,,,8.416909955104577,9.690772097122107,12.658849079550425,"rgba(239, 83, 80, 1.0)",0.0,0.0,1.8167973655274356,8.726023952159062,-0.9362761001501324,0.0,0.0,0.0,0.0,0.0,0.0,0.0,0.0,38.608468191965244,-8.461594365085887,False,True,False,True,False,0.0,1,0.9166023121258031,1.0841802943014243,False,False,False,False,-0.3027185297753741,-0.3071820069449399,False,False,False,False,-3855951,-3519483.060542294,False,False,False,False,44512.420948469364,False,False,False,False
2023-05-26 00:00:00+00:00,7.0,7.1,6.722,7.0,21001,,,,,,,,7.214593027669962,9.375007310235084,8.988442626811572,,,,,,,9.979664700508488,,,,,,,8.406071178840048,9.685798823552625,12.654557078074017,"rgba(239, 83, 80, 0.5)",0.0,0.0,1.8173185525497404,8.718558076116791,-0.9456559356121764,0.0,0.0,0.0,0.0,0.0,0.0,0.0,0.0,39.72416115053352,-8.461594365085887,False,False,False,True,True,0.0,1,0.9162582294926025,1.0738636483001942,False,False,False,False,-0.29345120869049657,-0.30031660781771824,False,False,False,False,-3876952,-3533501.4503249493,False,False,False,False,43590.40444068625,False,False,False,False
2023-05-30 00:00:00+00:00,7.004,7.18,6.9,7.0,14877,,,,,,,,7.20908387870236,9.367416140513477,8.984738410687852,,,,,,,9.976655403636281,,,,,,,8.398940737928074,9.68239838838562,12.651566954647263,"rgba(239, 83, 80, 0.5)",0.0,0.0,1.8250684191050084,8.714015009569808,-0.9369593992582367,0.0,0.0,0.0,0.0,0.0,0.0,0.0,0.0,40.50907222103146,-8.461594365085887,False,False,False,True,True,0.0,1,0.9132716739178467,1.0716265897429482,False,False,False,False,-0.2606300683757834,-0.2804733380967508,False,False,False,False,-3862075,-3546386.6875671083,False,False,False,False,42464.38858026719,False,False,False,False
2023-05-31 00:00:00+00:00,7.057,7.2,6.91,6.912,17513,,,,,,,,7.203930758527174,9.358647550253506,8.980457158309791,,,,,,,9.973153919492052,,,,,,,8.390808365114157,9.6784481828512,12.648068389767348,"rgba(239, 83, 80, 0.5)",0.0,0.0,1.8262581322928597,8.70897111737203,-0.9045660567698537,0.0,0.0,0.0,0.0,0.0,0.0,0.0,0.0,41.612370235940375,-13.1110362411791,True,False,False,True,True,0.0,1,0.9259156783049752,1.0563175088716643,False,False,False,False,-0.25685029254872654,-0.2686618153227387,False,False,False,False,-3844562,-3558079.8370742807,False,False,False,False,41485.902753590046,False,False,False,False
2023-06-01 00:00:00+00:00,6.9,7.095,6.85,7.082,13031,,,,,,,,7.1976984480770225,9.351864018263608,8.977106939030648,,,,,,,9.970458341490433,,,,,,,8.384339528847466,9.675396661628847,12.645418121448946,"rgba(239, 83, 80, 0.5)",0.0,0.0,1.8205112216375228,8.704595533115464,-0.991257571866136,0.0,0.0,0.0,0.0,0.0,0.0,0.0,0.0,41.04555107144378,-13.1110362411791,True,False,False,True,True,0.0,1,0.9071706922436727,1.078229334536579,False,False,False,False,-0.2777312509403598,-0.27319653313154924,False,False,False,False,-3857593,-3569825.451306662,False,False,False,False,40370.02421423358,False,False,False,False
2023-06-02 00:00:00+00:00,6.85,6.94,6.6,6.618,36428,,,,,,,,7.172107206696668,9.331917790129667,8.967103993619345,,,,,,,9.96257141649038,,,,,,,8.364682142111427,9.666429827896168,12.63782549951462,"rgba(239, 83, 80, 0.5)",0.0,0.0,1.815382800323873,8.690141371901682,-1.0136382098438919,0.0,0.0,0.0,0.0,0.0,0.0,0.0,0.0,40.264700764124335,-13.1110362411791,False,False,False,True,True,0.0,1,0.905299382152217,1.0859763682269892,False,False,False,False,-0.33004557770683096,-0.3016210554191901,False,False,False,False,-3894021,-3582539.0022358126,False,False,False,False,40215.43502936167,False,False,False,False
2023-06-05 00:00:00+00:00,7.075,7.088,6.85,7.0,49047,,,,,,,,7.1588327564373495,9.30770871629383,8.955054852261982,,,,,,,9.952706602965497,,,,,,,8.342376637622934,9.655311959451678,12.627996144917889,"rgba(239, 83, 80, 0.5)",0.0,0.0,1.7997979941704159,8.675952332706782,-0.889517789158728,0.0,0.0,0.0,0.0,0.0,0.0,0.0,0.0,42.40818739770995,-11.938551721855518,True,False,False,True,True,0.0,1,0.9146070348046008,1.079172741046911,False,False,False,False,-0.27862223245309115,-0.2901216439361406,False,False,False,False,-3844974,-3592830.570775585,False,False,False,False,40561.77091056317,False,False,False,False
2023-06-06 00:00:00+00:00,7.28,7.71,6.4,7.09,147744,,,,,,,,7.1532834681400965,9.241552299662061,8.921918687204446,,,,,,,9.924634293370747,,,,,,,8.285313077501824,9.623937182158356,12.599250469002047,#000000,0.0,0.0,1.7659974467654285,8.506435709395683,-0.6944719606712921,0.0,0.0,0.0,0.0,0.0,0.0,0.0,0.0,45.8906893565929,-8.584235013287653,True,False,False,False,True,0.0,1,0.906553692236497,1.0422064933457866,True,False,False,False,-0.25685029254872654,-0.27348596824243354,False,False,False,False,-3697230,-3596924.6660392876,False,False,False,False,44764.995580737166,False,False,False,False
2023-06-07 00:00:00+00:00,7.4,7.6,6.93,7.25,142454,,,,,,,,7.1778137339907,9.18658489940459,8.894185665101894,,,,,,,9.899800474607275,,,,,,,8.242972671099487,9.596546026268381,12.572720107809818,#000000,0.0,0.0,1.7253352070182202,8.490321609942985,-0.6319476966028609,0.0,0.0,0.0,0.0,0.0,0.0,0.0,0.0,49.30080323993931,-5.423011367108899,True,False,False,False,True,0.0,1,0.9286169753406682,1.0463161629584503,False,False,False,False,-0.20462975798273844,-0.23905786311258598,False,False,False,False,-3554776,-3595271.777175002,False,False,False,False,48595.93693051218,False,False,False,False
2023-06-08 00:00:00+00:00,7.97,8.06,7.37,7.5,165684,,,,,,,,7.273638446569001,9.142161734095692,8.87271990219049,,,,,,,9.876857737662329,,,,,,,8.221681411549206,9.5721474451866,12.545038285739846,"rgba(38, 166, 154, 1.0)",0.0,0.0,1.6930307144290166,8.501275577791532,-0.3138015000340424,0.0,0.0,0.0,0.0,0.0,0.0,0.0,0.0,55.46086757302453,0.18209090149301232,True,False,True,False,True,0.0,1,0.9409442273441075,1.0304097764287194,False,False,False,False,-0.09598604462070315,-0.16752195386664456,False,False,False,False,-3389092,-3587186.295717159,False,False,False,False,53187.62567833523,False,False,False,False
2023-06-09 00:00:00+00:00,8.83,9.1485,8.0,8.0,200849,,,,,,,,7.491672744039184,9.124117130125224,8.867766942965622,,,,,,,9.86094444707042,,,,,,,8.245786735328656,9.557365666688034,12.517909762258222,"rgba(38, 166, 154, 1.0)",0.0,0.0,1.6579551472432226,8.506650158088792,0.19502930609966146,0.0,0.0,0.0,0.0,0.0,0.0,0.0,0.0,62.85441529998159,6.72075201396612,True,False,True,False,True,2.1950768931422715,0,0.9668818596224882,0.9839164483406029,False,False,False,False,0.10736434962989826,-0.030078802118373153,False,False,False,False,-3188243,-3571541.460590996,False,False,False,False,58978.267808596596,False,False,False,False
2023-06-12 00:00:00+00:00,8.27,8.6,8.1337,8.55,74148,,,,,,,,7.537941594171356,9.11336830224951,8.86323328586393,,,,,,,9.853613791957878,,,,,,,8.24755531430831,9.550097591229804,12.507154766407954,"rgba(38, 166, 154, 1.0)",0.0,0.0,1.610200264529824,8.511625811312099,-0.15005947808774808,0.0,0.0,0.0,0.0,0.0,0.0,0.0,0.0,63.13013426380066,6.72075201396612,True,False,True,False,True,0.0,0,0.9578014956112546,1.0131662361501415,False,False,False,False,0.058105670170316495,0.014013434025971671,False,False,False,False,-3262391,-3559417.9131168392,False,False,False,False,59573.159267083,False,False,False,False
2023-06-13 00:00:00+00:00,8.59,8.84,8.05,8.22,68459,,,,,,,,7.584026363069051,9.105671616804186,8.860352057807635,,,,,,,9.847608711305828,,,,,,,8.25199414531502,9.54432996924866,12.497649894344388,"rgba(38, 166, 154, 1.0)",0.0,0.0,1.5594807723339525,8.521658657157662,0.04382313912088619,0.0,0.0,0.0,0.0,0.0,0.0,0.0,0.0,64.54321925873603,7.71839791777542,True,False,True,False,True,0.8308446173677169,0,0.9363387378973158,1.0319067535225377,False,False,False,False,0.07662089915221097,0.04531716658909132,False,False,False,False,-3193932,-3545085.1322102966,False,False,False,False,59921.623609550334,False,False,False,False
2023-06-14 00:00:00+00:00,8.18,8.65,8.13,8.65,41213,,,,,,,,7.60479510028537,9.099843893707448,8.857830075000466,,,,,,,9.843559657685496,,,,,,,8.252725586099473,9.540320413773326,12.491702794000712,"rgba(38, 166, 154, 1.0)",0.0,0.0,1.5203274747996403,8.524140468189088,-0.22635943498583555,0.0,0.0,0.0,0.0,0.0,0.0,0.0,0.0,62.673877737264476,7.71839791777542,True,False,True,False,True,0.0,0,0.9259275938734006,1.0434133368728933,False,False,False,False,0.06400963893879444,0.05466340276394288,False,False,False,False,-3235145,-3532930.6172216577,False,False,False,False,59187.95209545032,False,False,False,False
2023-06-15 00:00:00+00:00,8.59,8.72,8.13,8.18,62600,,,,,,,,7.640767565204185,9.09293808482362,8.855170367094589,,,,,,,9.838091882380365,,,,,,,8.256378889767078,9.53507209762358,12.483047057551758,"rgba(38, 166, 154, 1.0)",0.0,0.0,1.4732563399637082,8.531853707450097,0.039467871932820316,0.0,0.0,0.0,0.0,0.0,0.0,0.0,0.0,63.08452463199744,7.71839791777542,True,False,True,False,True,0.8266661354144098,0,0.9258312080965606,1.0400979738095124,False,False,False,False,0.12277985244911528,0.08872162760652907,False,False,False,False,-3172545,-3518797.8479188476,False,False,False,False,59321.75789562874,False,False,False,False
2023-06-16 00:00:00+00:00,8.54,8.7,8.4101,8.7,21410,,,,,,,,7.653372224891263,9.090877234272742,8.854437491373943,,,,,,,9.836327798423145,,,,,,,8.25798447392702,9.533407367124688,12.480146892552202,"rgba(38, 166, 154, 1.0)",0.0,0.0,1.4336920240483437,8.534923850971301,0.0035406132862231218,0.0,0.0,0.0,0.0,0.0,0.0,0.0,0.0,63.01792503144818,7.71839791777542,True,False,True,False,True,0.5558577426950642,0,0.9463080014534911,1.0263494822234613,False,False,False,False,0.2446481626877332,0.16668489514713114,False,False,False,False,-3193955,-3506058.912706344,False,False,False,False,57835.022291878595,False,False,False,False
2023-06-20 00:00:00+00:00,8.06,8.69,8.0001,8.47,55588,,,,,,,,7.6741011145401785,9.082671011600581,8.850691839359964,,,,,,,9.83070710013855,,,,,,,8.257873180762715,9.52780067408523,12.472063698980316,"rgba(38, 166, 154, 0.75)",0.0,0.0,1.4038991102325435,8.536155784956184,-0.3391666690901406,0.0,0.0,0.0,0.0,0.0,0.0,0.0,0.0,59.947316453442475,7.71839791777542,True,False,True,False,False,0.0,0,0.9502309871353907,1.018201365895599,False,False,False,False,0.2112820880291756,0.18898349158815336,False,False,False,False,-3249543,-3495999.4651492327,False,False,False,False,57746.90377062846,False,False,False,False
2023-06-21 00:00:00+00:00,7.98,8.23,7.85,8.01,48298,,,,,,,,7.684236264869715,9.073735740621748,8.846242906761312,,,,,,,9.825149749514358,,,,,,,8.255015045212106,9.522099028800172,12.464684317331553,"rgba(38, 166, 154, 0.75)",0.0,0.0,1.361690294986152,8.533175194100583,-0.406241563252243,0.0,0.0,0.0,0.0,0.0,0.0,0.0,0.0,57.437776401350604,13.97820498986816,True,False,True,False,False,0.0,0,0.9477999372040062,1.0207187084825002,False,False,False,False,0.10748380930594255,0.14823365044704795,False,False,False,False,-3297841,-3488228.5449473024,False,False,False,False,57376.35852472146,False,False,False,False
2023-06-22 00:00:00+00:00,8.2,8.43,7.88,7.88,50951,,,,,,,,7.6988012070979215,9.065789922289133,8.842443678714867,,,,,,,9.819808085273396,,,,,,,8.25395093540302,9.516726740501955,12.4571878839812,"rgba(38, 166, 154, 0.75)",0.0,0.0,1.2881215144682774,8.532943833924541,-0.258472380272274,0.0,0.0,0.0,0.0,0.0,0.0,0.0,0.0,56.91235536658233,13.290067824914871,True,False,True,False,False,0.0,0,0.9435408961239199,1.015499441530682,False,False,False,False,0.18265629904419114,0.16544497474561953,False,False,False,False,-3246890,-3478764.2882827027,False,False,False,False,57124.38368061473,False,False,False,False
2023-06-23 00:00:00+00:00,7.99,8.26,7.97,8.11,21099,,,,,,,,7.703394485578411,9.062189615492121,8.840658501877439,,,,,,,9.817477147147295,,,,,,,8.2530195816744,9.514355745136884,12.454021417252259,"rgba(38, 166, 154, 0.75)",0.0,0.0,1.2036038040472983,8.53215139994337,-0.4504400851179634,0.0,0.0,0.0,0.0,0.0,0.0,0.0,0.0,55.247284560723884,11.47359692751801,True,False,True,False,False,0.0,0,0.9567421300667199,1.0150880713577486,False,False,False,False,0.1679645376052898,0.16670475617545466,False,False,False,False,-3267989,-3470498.5907029887,False,False,False,False,55711.6235362769,False,False,False,False
2023-06-26 00:00:00+00:00,7.64,8.12,7.6,7.96,48905,,,,,,,,7.705696201520377,9.051553791201254,8.835018347683523,,,,,,,9.811214069804118,,,,,,,8.247511495889443,9.507802558452926,12.44622034136635,#000000,0.0,0.0,1.0729592613778884,8.525735209390904,-0.8255068400765261,0.0,0.0,0.0,0.0,0.0,0.0,0.0,0.0,52.15375453725171,8.359768998911456,True,False,False,False,False,0.0,0,0.9445913344047046,1.0133319256921878,False,False,False,False,0.07570899929139746,0.12120687773342606,False,False,False,False,-3316894,-3464474.8812636556,False,False,False,False,55444.69712308957,False,False,False,False
2023-06-27 00:00:00+00:00,7.47,7.61,7.43,7.61,55328,,,,,,,,7.699559973877782,9.037085086343287,8.827004784948993,,,,,,,9.803189702467197,,,,,,,8.23769876399936,9.499237735368265,12.43689132967444,#000000,0.0,0.0,0.9402266882115343,8.513889325597088,-1.1102528131622567,0.0,0.0,0.0,0.0,0.0,0.0,0.0,0.0,49.20725883709387,5.472329549044005,True,False,False,False,False,0.0,0,0.9441453816307277,1.0319309089904358,False,False,False,False,-0.04558411940405779,0.037811379164684134,False,False,False,False,-3372222,-3460857.1212141006,False,False,False,False,55440.12076532136,False,False,False,False
2023-06-28 00:00:00+00:00,7.84,7.95,7.21,7.39,38048,,,,,,,,7.69888807787828,9.028334144811279,8.822222867634329,,,,,,,9.798093405694008,,,,,,,8.232567314448339,9.493868747209266,12.430708072027327,#000000,0.0,0.0,0.839793705899533,8.410128257421066,-0.6788908435678039,0.0,0.0,0.0,0.0,0.0,0.0,0.0,0.0,49.5364313192467,5.472329549044005,True,False,False,False,False,0.0,0,0.9487333784000282,1.0102752064145797,False,False,False,False,-0.024183653221703755,0.006813862971490189,False,False,False,False,-3334174,-3455889.1556762927,False,False,False,False,54758.07681374013,False,False,False,False
2023-06-29 00:00:00+00:00,7.65,7.99,7.62,7.82,58180,,,,,,,,7.700537147336051,9.016004972993,8.815529202301526,,,,,,,9.79066235564186,,,,,,,8.226071374837671,9.486106006245441,12.421455497184937,#000000,0.0,0.0,0.7081400266171217,8.406229342529004,-1.0679093316354549,0.0,0.0,0.0,0.0,0.0,0.0,0.0,0.0,48.68231452031755,4.6685528620209595,True,False,False,False,False,0.0,0,0.9963689614032567,0.9965293655258821,False,False,False,False,0.05603074424322606,0.03142230360735812,False,False,False,False,-3392354,-3453397.5809438895,False,False,False,False,54892.26987986797,False,False,False,False
2023-06-30 00:00:00+00:00,7.67,7.81,7.65,7.65,20394,,,,,,,,7.700636560300495,9.01159305567749,8.813107739511434,,,,,,,9.78801516486502,,,,,,,8.223630900667999,9.48333363503824,12.418190797832247,#000000,0.0,0.0,0.6973559007079901,8.403683334799439,-1.0520931049046367,0.0,0.0,0.0,0.0,0.0,0.0,0.0,0.0,48.24325375644757,3.979487101376577,True,False,False,False,False,0.0,0,0.9916550312020418,0.9997158639892207,False,False,False,False,0.029263492279262095,0.030342897943310108,False,False,False,False,-3371960,-3450203.950318639,False,False,False,False,53539.39655124569,False,False,False,False
2023-07-03 00:00:00+00:00,7.91,8.017,7.69,7.7,36097,,,,,,,,7.703770930957829,9.004821555060184,8.80947460614392,,,,,,,9.783710901757937,,,,,,,8.220714895418578,9.478895008617515,12.412622271393271,#000000,0.0,0.0,0.6969953887163758,8.402952228454307,-0.7072532134856074,0.0,0.0,0.0,0.0,0.0,0.0,0.0,0.0,49.50697102742491,3.979487101376577,True,False,False,False,False,0.0,0,0.981987280814616,0.991668402586316,False,False,False,False,0.07338063059549221,0.05186176426940116,False,False,False,False,-3335863,-3445719.991482614,False,False,False,False,52855.38100021645,False,False,False,False
2023-07-05 00:00:00+00:00,7.72,7.91,7.6,7.91,36749,,,,,,,,7.704492782709134,8.997234036940158,8.805299371464875,,,,,,,9.779054310715113,,,,,,,8.21671453991783,9.47404043641746,12.406806486046506,#000000,0.0,0.0,0.6894598029035625,8.398953658507576,-0.9847617738528904,0.0,0.0,0.0,0.0,0.0,0.0,0.0,0.0,49.10561423621631,3.979487101376577,True,False,False,False,False,0.0,0,0.9686732110373062,1.0148354722016186,False,False,False,False,0.03817936220067973,0.045020563235040445,False,False,False,False,-3372612,-3442853.0114244726,False,False,False,False,52223.75821589423,False,False,False,False
2023-07-06 00:00:00+00:00,7.48,7.65,7.4,7.62,21640,,,,,,,,7.702425312360412,8.991985090919501,8.80231915611339,,,,,,,9.77600900484116,,,,,,,8.213244368406341,9.470810765101428,12.40321756522949,"rgba(239, 83, 80, 0.5)",0.0,0.0,0.6876819464399647,8.394048724258122,-1.3291736521367563,0.0,0.0,0.0,0.0,0.0,0.0,0.0,0.0,47.3790800849514,2.415769468297988,False,False,False,True,False,0.0,0,0.9531211448309893,1.0218720596168562,False,False,False,False,-0.043799422951198284,0.0006105701419210803,False,False,False,False,-3394252,-3440947.089407827,False,False,False,False,51024.395148604264,False,False,False,False
2023-07-07 00:00:00+00:00,7.54,7.62,7.42,7.48,20458,,,,,,,,7.700676610451156,8.987112229262296,8.799550479869742,,,,,,,9.773158663821713,,,,,,,8.210071944893153,9.467793123570397,12.39984104928274,"rgba(239, 83, 80, 0.5)",0.0,0.0,0.6857339388968243,8.389853528731605,-1.2393342089773303,0.0,0.0,0.0,0.0,0.0,0.0,0.0,0.0,46.68249651666605,1.5024356314215623,False,False,False,True,False,0.0,0,0.9574865331970883,1.010723822259227,False,False,False,False,-0.04558411940405779,-0.02248677463106835,False,False,False,False,-3373794,-3438313.6349212457,False,False,False,False,49825.7129859139,False,False,False,False
2023-07-10 00:00:00+00:00,7.695,7.77,7.47,7.47,32477,,,,,,,,7.699810888047951,8.98006421203739,8.795586132882669,,,,,,,9.768886132793321,,,,,,,8.205957190516134,9.46331268531796,12.39462036208904,"rgba(239, 83, 80, 0.5)",0.0,0.0,0.6804791017569357,8.385367426320599,-1.0145314154955414,0.0,0.0,0.0,0.0,0.0,0.0,0.0,0.0,47.39665109209599,1.5024356314215623,False,False,False,True,False,0.0,0,0.964384963856237,1.0039345732328893,False,False,False,False,-0.009930177692771876,-0.016208476161920116,False,False,False,False,-3341317,-3434509.845316491,False,False,False,False,49145.371300191786,False,False,False,False
2023-07-11 00:00:00+00:00,7.81,7.81,7.66,7.7,26870,,,,,,,,7.700575364575776,8.97478620777362,8.792652507201963,,,,,,,9.765554880436188,,,,,,,8.203286543567739,9.459855784229092,12.390414032918285,#000000,0.0,0.0,0.6790846759551529,8.383162922591676,-0.8440227601742095,0.0,0.0,0.0,0.0,0.0,0.0,0.0,0.0,48.727365842610645,1.5024356314215623,False,False,False,False,False,0.0,0,0.9893554993834879,0.999224037628527,False,False,False,False,0.031046248909851328,0.007418886373965606,False,False,False,False,-3314447,-3429801.498441335,False,False,False,False,48271.82732763525,False,False,False,False
2023-07-12 00:00:00+00:00,8.36,8.56,7.78,7.78,95407,,,,,,,,7.723564977866208,8.963569562186446,8.787082647609605,,,,,,,9.756586030817093,,,,,,,8.203912142683807,9.451080478295959,12.37706060312197,"rgba(38, 166, 154, 1.0)",0.0,0.0,0.6795078377926332,8.392913294074933,-0.04843696017083786,0.0,0.0,0.0,0.0,0.0,0.0,0.0,0.0,52.99443057321001,-1.5403542847844207,True,False,True,False,True,0.5500126382499992,0,0.9906063694765666,0.9499723291698154,False,False,False,False,0.18818554621258637,0.09780221629327598,False,False,False,False,-3219040,-3421536.341639714,False,False,False,False,50120.26547164955,False,False,False,False
2023-07-13 00:00:00+00:00,9.08,9.25,8.3058,8.4,112242,,,,,,,,7.779369040794483,8.96208377476,8.78814240085053,,,,,,,9.750581245601323,,,,,,,8.220043330841781,9.446302079353833,12.36388961370287,"rgba(38, 166, 154, 1.0)",0.0,0.0,0.6929680184500528,8.425783759220847,0.9440785481593,0.0,0.0,0.0,0.0,0.0,0.0,0.0,0.0,58.80127523377528,3.830312896421013,True,False,True,False,True,4.457822529225872,0,1.0199345376043156,0.92064491843791,False,False,False,False,0.34282821839820027,0.2203152173457381,False,False,False,False,-3106798,-3409193.6615754114,False,False,False,False,52556.41192374173,False,False,False,False
2023-07-14 00:00:00+00:00,9.25,9.4,8.71,9.01,100005,,,,,,,,7.834696737936211,8.964506322535904,8.791531322941735,,,,,,,9.746761988987885,,,,,,,8.238814745429849,9.44389333861681,12.35304486576424,"rgba(38, 166, 154, 1.0)",0.0,0.0,0.7087904103229419,8.4573671398029,1.1182894811400705,0.0,0.0,0.0,0.0,0.0,0.0,0.0,0.0,63.23064713815104,7.725751735247641,True,False,True,False,True,5.338770549116738,0,1.0541017162128135,0.9091249068178965,False,False,False,False,0.34282822267519364,0.2815717200104659,False,False,False,False,-3006793,-3393413.243474415,False,False,False,False,54417.14086790872,False,False,False,False
2023-07-17 00:00:00+00:00,9.87,9.89,9.208,9.32,83644,,,,,,,,7.895466931016846,8.973266439944382,8.798852459044515,,,,,,,9.74630452136385,,,,,,,8.263114610611712,9.445194899267753,12.345524447929773,"rgba(38, 166, 154, 1.0)",0.0,0.0,0.7436942731337193,8.494039398097911,1.8501696888214236,0.0,0.0,0.0,0.0,0.0,0.0,0.0,0.0,67.90508840915187,11.792783143781044,True,False,True,False,True,8.432486591909495,0,1.0741887885016,0.8774066194299902,False,False,False,False,0.34282822822060777,0.3121999741155368,False,False,False,False,-2923149,-3374971.508436203,False,False,False,False,55563.292206422106,False,False,False,False
2023-07-18 00:00:00+00:00,9.67,10.07,9.5834,9.89,52837,,,,,,,,7.934253366890968,8.97962713434198,8.804043966994357,,,,,,,9.746393902299596,,,,,,,8.279309111090878,9.446466315549502,12.341003758185016,"rgba(38, 166, 154, 1.0)",0.0,0.0,0.7696576489430714,8.517130684207698,1.49789886110464,0.0,0.0,0.0,0.0,0.0,0.0,0.0,0.0,69.43474463886429,12.942941873897567,True,False,True,False,True,7.230404925135481,0,1.0874266203183296,0.864948921329839,False,False,False,False,0.34282823056322387,0.32751410233938033,False,False,False,False,-2975986,-3359325.0179092935,False,False,False,False,55456.37878656242,False,False,False,False
2023-07-19 00:00:00+00:00,11.62,12.0,10.22,10.5,446386,,,,,,,11.279999999999998,8.431080929518421,9.124217957732466,8.910564354835007,,,,,,,9.786441261538853,,,,,,11.279999999999998,8.528400940438999,9.504389624331072,12.325473512932104,"rgba(38, 166, 154, 1.0)",0.0,0.0,0.8746014789760121,8.914959227552915,3.09288383048947,-1.0,12.0,10.22,0.0,0.0,0.0,0.0,0.0,74.10256998265432,17.13856969667924,True,False,True,False,True,15.726817146734472,0,1.0858513949811175,0.8034767355584066,False,False,False,False,0.3428282375381557,0.33517116993876805,False,False,False,False,-2529600,-3326786.7819128507,False,False,False,False,70786.95216748153,False,False,False,False
2023-07-20 00:00:00+00:00,11.26,11.76,10.39,11.44,148497,,,,,,,11.244220577827907,8.558443063245926,9.165435971730883,8.9419745424422,,,,,,,9.798069583445766,,,,,,11.244220577827907,8.598492662298387,9.521365225550078,12.319712879822346,"rgba(38, 166, 154, 1.0)",0.0,0.0,0.9387652985521818,8.990223534450411,2.4178316657530576,0.0,0.0,0.0,0.0,0.0,0.0,0.0,0.0,75.13516546649075,17.95064506410614,True,False,True,False,True,13.63347473049852,0,1.072075380663205,0.8359253583045967,False,False,False,False,0.3369326282380015,0.3360518990883848,False,False,False,False,-2678097,-3301347.9669358763,False,False,False,False,73834.40502365874,False,False,False,False
2023-07-21 00:00:00+00:00,10.76,11.31,10.68,11.31,75714,,,,,,,11.20723798346846,8.613717197014,9.18353487841145,8.956079444936318,,,,,,,9.802959935511845,,,,,,11.20723798346846,8.6298261887726,9.528724941195131,12.316254937669136,"rgba(38, 166, 154, 1.0)",0.0,0.0,0.9778339572381037,9.021263483862205,1.7781510892185253,0.0,0.0,0.0,0.0,0.0,0.0,0.0,0.0,73.18565648968564,17.95064506410614,True,False,True,False,True,10.826944794325243,0,1.0898875905125815,0.847187392478405,False,False,False,False,0.3235405430970564,0.32979622109272055,False,False,False,False,-2753811,-3279875.9290168225,False,False,False,False,73908.11463057408,False,False,False,False
2023-07-24 00:00:00+00:00,10.45,10.91,10.35,10.53,149604,,,,,,,11.091006289921616,8.700308434641263,9.21128121025547,8.978540660518835,,,,,,,9.809529188806994,,,,,,11.091006289921616,8.68029513539603,9.539465393904951,12.307792205282583,"rgba(38, 166, 154, 0.75)",0.0,0.0,1.0061330868570373,9.065463363818967,1.3760969142820394,0.0,0.0,0.0,0.0,0.0,0.0,0.0,0.0,70.37685537366775,17.95064506410614,True,False,True,False,False,9.14137354601003,0,1.0723524834897198,0.8700994642576876,False,False,False,False,0.2637624637426274,0.296779342417674,False,False,False,False,-2903415,-3265112.7553298883,False,False,False,False,76876.58072349275,False,False,False,False
2023-07-25 00:00:00+00:00,9.89,10.57,9.88,10.29,67598,,,,,,,11.016565187240206,8.728014990048273,9.219364896599464,8.98563212270287,,,,,,,9.810700318263653,,,,,,11.016565187240206,8.696942949323743,9.542127591744526,12.302997398699322,"rgba(38, 166, 154, 0.75)",0.0,0.0,1.0237362577370248,9.07673420509459,0.7944094865831355,0.0,0.0,0.0,0.0,0.0,0.0,0.0,0.0,66.02359044683074,23.67053257932558,True,False,True,False,False,6.201767045073346,0,1.0492582173575564,0.8787208526575465,False,False,False,False,0.19950766435415043,0.24814350338591223,False,False,False,False,-2971013,-3253579.4315914614,False,False,False,False,76512.71481276753,False,False,False,False
2023-07-26 00:00:00+00:00,10.7,11.04,9.9,9.91,125595,,,,,,,10.958328307318443,8.791941405518692,9.241102642053262,9.003548775529293,,,,,,,9.815934011091265,,,,,,10.958328307318443,8.736024393645817,9.550711923080566,12.295896244182048,"rgba(38, 166, 154, 0.75)",0.0,0.0,1.0691108106297538,9.111065270578965,1.4862208048247878,0.0,0.0,0.0,0.0,0.0,0.0,0.0,0.0,65.32075750971245,22.976732407615145,True,False,True,False,False,9.575353932189284,0,1.0511742653608618,0.8593238555951416,False,False,False,False,0.23815088102175397,0.2431471922038331,False,False,False,False,-2845418,-3237573.100940816,False,False,False,False,78437.51031030607,False,False,False,False
2023-07-27 00:00:00+00:00,10.13,10.9899,10.1,10.89,100154,,,,,,,10.908708121727427,8.83596754041772,9.256128156530943,9.016274055694877,,,,,,,9.819264874648976,,,,,,10.908708121727427,8.763705169812141,9.556505142847325,12.289824506215759,"rgba(38, 166, 154, 0.75)",0.0,0.0,1.0934219256020943,9.133970049912056,0.9109291909794832,0.0,0.0,0.0,0.0,0.0,0.0,0.0,0.0,62.57532693364901,20.253694497259588,True,False,True,False,False,6.698662217766884,0,1.0767321497113806,0.8642656648524734,False,False,False,False,0.2501082125478654,0.24662770237584924,False,False,False,False,-2945572,-3226122.0773745095,False,False,False,False,79289.13735696074,False,False,False,False
2023-07-28 00:00:00+00:00,10.49,10.799,10.02,10.02,78551,,,,,,,10.877581921635702,8.869474436060266,9.267941627591625,9.02630392095827,,,,,,,9.821981881158015,,,,,,10.877581921635702,8.785162656367223,9.561151023654391,12.28516434160416,"rgba(38, 166, 154, 0.75)",0.0,0.0,1.1283251357174922,9.151933161909906,1.1858876450884253,0.0,0.0,0.0,0.0,0.0,0.0,0.0,0.0,61.73374466411284,19.284506557937164,True,False,True,False,False,8.163748336653498,0,1.0686229681004422,0.8637310510204438,False,False,False,False,0.2285475345002883,0.23758761843806878,False,False,False,False,-2867021,-3212039.6821833523,False,False,False,False,79260.19079394267,False,False,False,False
2023-07-31 00:00:00+00:00,10.98,11.3,10.38,10.38,77150,,,,,,,10.878134128554235,8.910119363968565,9.283700623440232,9.03912038325923,,,,,,,9.826566344552406,,,,,,10.878134128554235,8.81131171397891,9.567990025420555,12.281719370663028,"rgba(38, 166, 154, 0.75)",0.0,0.0,1.177657906246186,9.176826404075765,1.5311522865514453,0.0,0.0,0.0,0.0,0.0,0.0,0.0,0.0,62.42146450084376,19.284506557937164,True,False,True,False,False,10.097336448927202,0,1.0787575770983584,0.8415999292066723,False,False,False,False,0.2979045892969299,0.26774610386749936,False,False,False,False,-2789871,-3195484.0475879265,False,False,False,False,79177.43821378806,False,False,False,False
2023-08-01 00:00:00+00:00,11.18,11.376,10.71,10.93,48698,,,,,,,10.885913283209922,8.937479139931002,9.294724619784688,9.04799437444607,,,,,,,9.82998738131538,,,,,,10.885913283209922,8.829059085339681,9.572926396990143,12.27986718770515,"rgba(38, 166, 154, 0.75)",0.0,0.0,1.2308640267114237,9.194239929133342,1.6133057980190848,0.0,0.0,0.0,0.0,0.0,0.0,0.0,0.0,63.36751209821703,19.284506557937164,True,False,True,False,False,10.8700536821697,0,1.0900495121057603,0.8434973764970436,False,False,False,False,0.3315620500937515,0.2996540769806254,False,False,False,False,-2741173,-3177667.9280746747,False,False,False,False,77982.16612697285,False,False,False,False
2023-08-02 00:00:00+00:00,10.59,11.27,10.35,11.27,83963,,,,,,,10.876974625475246,8.975611640981668,9.309750684299251,9.060507143644719,,,,,,,9.834205020656375,,,,,,10.876974625475246,8.854350476070245,9.579403486894037,12.275747516923746,"rgba(38, 166, 154, 0.75)",0.0,0.0,1.2636695203163626,9.217027567341797,1.0864964380200264,0.0,0.0,0.0,0.0,0.0,0.0,0.0,0.0,61.47679294741381,18.25501030758477,True,False,True,False,False,7.899047479050203,0,1.0798062979589274,0.8498016403893859,False,False,False,False,0.29298736995189784,0.2963207234662616,False,False,False,False,-2825136,-3163843.14658155,False,False,False,False,78216.70863179745,False,False,False,False
2023-08-03 00:00:00+00:00,10.58,10.8999,10.46,10.46,46509,,,,,,,10.869578324297045,8.995001787145764,9.31742324136691,9.066990739653567,,,,,,,9.836293029050703,,,,,,10.869578324297045,8.867417042238186,9.58268363920857,12.273342052165066,"rgba(38, 166, 154, 0.75)",0.0,0.0,1.2941112502130325,9.228429740564447,1.0444003629618872,0.0,0.0,0.0,0.0,0.0,0.0,0.0,0.0,60.1748425312791,16.70668094796467,True,False,True,False,False,7.84947125134147,0,1.0824092708785498,0.8602429527906028,False,False,False,False,0.27182635805768485,0.2840735407619732,False,False,False,False,-2871645,-3152384.395735215,False,False,False,False,76973.26907760931,False,False,False,False
2023-08-04 00:00:00+00:00,10.36,10.88,10.2,10.77,45402,,,,,,,10.857737792479822,9.011634805218803,9.32390033386185,9.072606798393444,,,,,,,9.837903990485527,,,,,,10.857737792479822,8.878812586473687,9.585367861795072,12.27076084390546,"rgba(38, 166, 154, 0.5)",0.0,0.0,1.31502941425672,9.237792993923165,0.853370269828624,0.0,0.0,0.0,0.0,0.0,0.0,0.0,0.0,58.355109239015235,14.686055652172243,False,False,True,False,False,6.751935724137962,0,1.0834995014955136,0.861074670724668,False,False,False,False,0.24931637306037532,0.2666949569111743,False,False,False,False,-2917047,-3143155.4782554028,False,False,False,False,75735.18009417366,False,False,False,False
2023-08-07 00:00:00+00:00,10.12,10.52,10.06,10.52,41172,,,,,,,10.840989846142621,9.023919014711568,9.328471926321638,9.07677531022897,,,,,,,9.838799372371161,,,,,,10.840989846142621,8.887437434573869,9.587120834982015,12.268104999823494,"rgba(38, 166, 154, 0.5)",0.0,0.0,1.3320063878590485,9.244076759842052,0.6575968765178598,0.0,0.0,0.0,0.0,0.0,0.0,0.0,0.0,56.11745249011747,12.31950234064454,False,False,True,False,False,5.5638937644870055,0,1.0841559223135848,0.8605360074834338,False,False,False,False,0.20825905234006364,0.23747700462561896,False,False,False,False,-2958219,-3135903.067343426,False,False,False,False,74379.76126695116,False,False,False,False
2023-08-08 00:00:00+00:00,10.12,10.4699,10.0,10.2,54698,,,,,,,10.818818862890126,9.039378029978227,9.334231310489217,9.082092919583165,,,,,,,9.839872585456954,,,,,,10.818818862890126,8.898419436868151,9.589303652337799,12.264523891630256,#000000,0.0,0.0,1.348143375565483,9.251910225779826,0.6439150241390688,0.0,0.0,0.0,0.0,0.0,0.0,0.0,0.0,54.62568132418563,10.69025477419936,False,False,False,False,False,5.5638937644870055,0,1.0788094218135322,0.8688722404439487,False,False,False,False,0.19953445256171953,0.21850572859366924,False,False,False,False,-2958219,-3128935.064702507,False,False,False,False,73607.9274917766,False,False,False,False
2023-08-09 00:00:00+00:00,8.69,10.13,8.36,10.13,315236,,,,,,,10.527761503179212,9.040834102856774,9.324132689186035,9.081504420792426,,,,,,,9.826621550837393,,,,,,10.527761503179212,8.905870643717277,9.578600008162125,12.23291125414264,"rgba(239, 83, 80, 1.0)",0.0,0.0,1.3488114176416117,9.228602591117708,-0.39931645304385976,0.0,0.0,0.0,0.0,-1.0,10.0,8.86,0.0,48.669295154001006,4.966304022006597,False,True,False,True,False,0.0,0,1.0218315343690278,0.8852124195783198,False,False,False,False,0.046415784215422036,0.13246075640454563,False,False,False,False,-3273455,-3134602.513145546,False,False,False,False,83083.5381783736,False,False,False,False
2023-08-10 00:00:00+00:00,7.96,8.86,7.85,8.86,161000,,,,,,,10.348174840463063,9.012379948037763,9.303811408522893,9.069986134197102,,,,,,,9.812828025263942,,,,,,10.348174840463063,8.890165422396729,9.56474587988505,12.212810918267813,"rgba(239, 83, 80, 1.0)",0.0,0.0,1.3485933095617109,9.195175413013983,-0.9158991107670641,0.0,0.0,0.0,0.0,-1.0,8.36,8.2,0.0,42.99149842843606,-0.25184640471152875,False,True,False,True,False,0.0,0,1.0003057907596147,0.9290565437693604,False,False,False,False,-0.0891989578481098,0.021630899278217916,False,False,False,False,-3434455,-3146361.4341986617,False,False,False,False,86139.08570079033,False,False,False,False
2023-08-11 00:00:00+00:00,8.13,8.2,7.83,7.95,65478,,,,,,,10.27767597600331,8.99899359759154,9.294493035250666,9.064466732696838,,,,,,,9.80669317075971,,,,,,10.27767597600331,8.882406877976228,9.55848831738986,12.204347838443491,"rgba(239, 83, 80, 1.0)",0.0,0.0,1.347471864755001,9.180501934655556,-0.7796095503979661,0.0,0.0,0.0,0.0,0.0,0.0,0.0,0.0,39.99150929850625,-2.87032248758279,False,True,False,True,False,0.0,0,0.9993899109575042,0.9499726985153484,False,False,False,False,-0.14160720703422472,-0.0599881538780034,False,False,False,False,-3368977,-3155091.4563869494,False,False,False,False,85328.84704585737,False,False,False,False
2023-08-14 00:00:00+00:00,8.0,8.181,7.75,8.13,32425,,,,,,,10.243200338581746,8.99197801586011,9.289649112037797,9.06155095863959,,,,,,,9.803539401391888,,,,,,10.243200338581746,8.878268969092202,9.55525250570266,12.20009278664187,"rgba(239, 83, 80, 1.0)",0.0,0.0,1.34668907197489,9.172996654674797,-0.8710226280774845,0.0,0.0,0.0,0.0,0.0,0.0,0.0,0.0,37.67235831517664,-4.929553723341812,False,True,False,True,False,0.0,0,0.9987867059369512,0.9476463611794433,False,False,False,False,-0.14929527380516255,-0.10464171384158298,False,False,False,False,-3401402,-3164750.6933913827,False,False,False,False,83254.18637739238,False,False,False,False
2023-08-15 00:00:00+00:00,7.86,7.95,7.73,7.95,45542,,,,,,,10.193800356828397,8.98104087086493,9.28223592112645,9.056992977999299,,,,,,,9.798813374045336,,,,,,10.193800356828397,8.871689320308919,9.550356522682506,12.19394687071441,"rgba(239, 83, 80, 1.0)",0.0,0.0,1.3436066605887276,9.161648860780105,-0.9687722597398865,0.0,0.0,0.0,0.0,0.0,0.0,0.0,0.0,35.7706922828344,-6.697750204994875,False,True,False,True,False,0.0,0,1.0042555649110436,0.9483252832230432,False,False,False,False,-0.1935600523633963,-0.14910088310248965,False,False,False,False,-3446944,-3175817.097572113,False,False,False,False,81775.27710769072,False,False,False,False
2023-08-16 00:00:00+00:00,7.701,7.9171,7.7,7.77,18301,,,,,,,10.173910293237237,8.976421645009932,9.279125962217762,9.055059629619267,,,,,,,9.796848933748963,,,,,,10.173910293237237,8.86887978225383,9.548311896731791,12.191440088437968,"rgba(239, 83, 80, 1.0)",0.0,0.0,1.3411078527817242,9.15693111394258,-1.0856182155094312,0.0,0.0,0.0,0.0,0.0,0.0,0.0,0.0,34.089724141069965,-8.355160411193985,False,True,False,True,False,0.0,0,0.9957417298310075,0.953794727044882,False,False,False,False,-0.21040140776242416,-0.1797511454324569,False,False,False,False,-3465245,-3187167.2113928143,False,False,False,False,79286.08977013423,False,False,False,False
2023-08-17 00:00:00+00:00,7.64,7.91,7.6056,7.71,22892,,,,,,,10.148935013977974,8.970435338038847,9.275114599679338,9.052547654006329,,,,,,,9.794331435844256,,,,,,10.148935013977974,8.865212938108735,9.545683147902404,12.188270063272265,"rgba(239, 83, 80, 1.0)",0.0,0.0,1.3361768079045513,9.150879470979778,-1.1307481629988794,0.0,0.0,0.0,0.0,0.0,0.0,0.0,0.0,32.80416709409832,-9.727092344768067,False,True,False,True,False,0.0,0,1.0067646431305612,0.9720754527541762,False,False,False,False,-0.25052291283416905,-0.21513702913331298,False,False,False,False,-3488137,-3198969.948200939,False,False,False,False,77074.55683797211,False,False,False,False
2023-08-18 00:00:00+00:00,7.56,7.61,7.4,7.61,40612,,,,,,,10.102395206946767,8.958320003557448,9.267162588851871,9.047465694088812,,,,,,,9.789461617605708,,,,,,10.102395206946767,8.857667248094565,9.540541859194194,12.18241214157595,"rgba(239, 83, 80, 1.0)",0.0,0.0,1.32890928953779,9.138972276737722,-1.188171599949389,0.0,0.0,0.0,0.0,0.0,0.0,0.0,0.0,31.718367639545125,-10.989856087169457,False,True,False,True,False,0.0,0,0.9825072515393618,0.976782352043153,False,False,False,False,-0.34282825441539394,-0.27898264177435345,False,False,False,False,-3528749,-3211902.4600361967,False,False,False,False,75644.65264824772,False,False,False,False
2023-08-21 00:00:00+00:00,7.6,7.6464,7.326,7.51,47323,,,,,,,10.050220271456064,8.944463822032935,9.257991339439613,9.04158948931332,,,,,,,9.783815353330786,,,,,,10.050220271456064,8.848986224102005,9.53458623196866,12.175605918784095,"rgba(239, 83, 80, 1.0)",0.0,0.0,1.3186143013313978,9.12539459190297,-1.156816356657733,0.0,0.0,0.0,0.0,0.0,0.0,0.0,0.0,31.284086187922192,-11.713388625309662,False,True,False,True,False,0.0,0,0.9657569515962925,0.9901390319258497,False,False,False,False,-0.34282825441539394,-0.3109054480948737,False,False,False,False,-3481426,-3222472.0106230127,False,False,False,False,74533.9996032184,False,False,False,False
2023-08-22 00:00:00+00:00,7.4,7.49,7.27,7.41,117547,,,,,,,9.922741955453896,8.907955748875418,9.233849355386523,9.025883047125783,,,,,,,9.76906563160227,,,,,,9.922741955453896,8.825716986577387,9.518942811776329,12.158288387910934,"rgba(239, 83, 80, 1.0)",0.0,0.0,1.310705972759353,9.090308549889986,-1.2896168820620215,0.0,0.0,0.0,0.0,0.0,0.0,0.0,0.0,30.35064096274212,-12.964430146994161,False,True,False,True,False,0.0,0,0.9394510893840885,1.028405049051235,False,False,False,False,-0.34282825441539394,-0.3268668512551338,False,False,False,False,-3598973,-3237236.755304463,False,False,False,False,76220.78393250395,False,False,False,False
2023-08-23 00:00:00+00:00,7.07,7.39,7.02,7.39,48878,,,,,,,9.868833235113497,8.891086388170885,9.22278364316923,9.018548457143218,,,,,,,9.762407291133353,,,,,,9.868833235113497,8.814767876469041,9.511820520190863,12.150783965167628,"rgba(239, 83, 80, 1.0)",0.0,0.0,1.3110940411979912,9.074471479868226,-1.5288540843619973,0.0,0.0,0.0,0.0,0.0,0.0,0.0,0.0,28.746977945338514,-14.840700032471759,False,True,False,True,False,0.0,0,0.9333371228332976,1.0210651615664457,False,False,False,False,-0.34282825441539394,-0.3348475528352639,False,False,False,False,-3647851,-3253339.2747042887,False,False,False,False,75148.51789593518,False,False,False,False
2023-08-24 00:00:00+00:00,6.9,7.08,6.87,7.05,54785,,,,,,,9.806361986891748,8.870313893622528,9.209271667317045,9.00947451338996,,,,,,,9.754385581100948,,,,,,9.806361986891748,8.801129500777673,9.503180156233826,12.142046553512122,"rgba(239, 83, 80, 1.0)",0.0,0.0,1.3203697616150567,9.05528082149916,-1.6323312485306027,0.0,0.0,0.0,0.0,0.0,0.0,0.0,0.0,27.206830599209873,-16.619932147646338,False,True,False,True,False,0.0,0,0.929758040317521,1.0402356856433619,False,False,False,False,-0.34282825441539394,-0.33883790362532895,False,False,False,False,-3702636,-3270958.75412765,False,False,False,False,74349.94856668283,False,False,False,False
2023-08-25 00:00:00+00:00,7.05,7.25,6.89,6.91,32537,,,,,,,9.771932427015381,8.858901897268908,9.201721386129778,9.00441754077946,,,,,,,9.749834740148394,,,,,,9.771932427015381,8.793613787325736,9.49830270786023,12.136984224054395,"rgba(239, 83, 80, 1.0)",0.0,0.0,1.3253256656384553,9.044678606610738,-1.5050478975292705,0.0,0.0,0.0,0.0,0.0,0.0,0.0,0.0,27.46905211664526,-16.673368739293892,False,True,False,True,False,0.0,0,0.9273156148001864,1.0281137716338902,False,False,False,False,-0.32590534150061384,-0.33237162256297137,False,False,False,False,-3670099,-3286611.312789311,False,False,False,False,72710.22509347957,False,False,False,False
2023-08-28 00:00:00+00:00,6.95,7.1381,6.9,7.01,30323,,,,,,,9.739836586592544,8.848001649873432,9.194512587097817,8.999565691752297,,,,,,,9.74550149876626,,,,,,9.739836586592544,8.786397605959856,9.493649521152912,12.132212980571875,"rgba(239, 83, 80, 1.0)",0.0,0.0,1.3320943819874538,9.034606253676682,-1.5649088246783966,0.0,0.0,0.0,0.0,0.0,0.0,0.0,0.0,27.307679237399967,-17.203211430578037,False,True,False,True,False,0.0,0,0.9267750118860466,1.0347697230290853,False,False,False,False,-0.3349583852053901,-0.33366500388418074,False,False,False,False,-3700422,-3302839.182876005,False,False,False,False,71047.98097216665,False,False,False,False
2023-08-29 00:00:00+00:00,7.16,7.259,6.96,6.96,26357,,,,,,,9.71383205523092,8.839289522683272,9.188653920079544,8.995640463156935,,,,,,,9.74192404638352,,,,,,9.71383205523092,8.780625224085957,9.489829242130398,12.1281779936164,"rgba(239, 83, 80, 1.0)",0.0,0.0,1.336329223205422,9.026492608339353,-1.396731116799377,0.0,0.0,0.0,0.0,0.0,0.0,0.0,0.0,29.070045620772802,-17.203211430578037,False,True,False,True,False,0.0,0,0.918843464750437,1.029513359043365,False,False,False,False,-0.3189222003501978,-0.3262936021171893,False,False,False,False,-3674065,-3317397.058057338,False,False,False,False,69295.39348306209,False,False,False,False
2023-08-30 00:00:00+00:00,7.14,7.28,7.02,7.02,18122,,,,,,,9.696388741976623,8.833420893398829,9.184684484446175,8.992980418322055,,,,,,,9.739489077589937,,,,,,9.696388741976623,8.776728099650748,9.48723225509824,12.125418735171406,"rgba(239, 83, 80, 0.75)",0.0,0.0,1.3408780076320757,9.021022765056538,-1.4028291569777709,0.0,0.0,0.0,0.0,0.0,0.0,0.0,0.0,30.158203065650465,-17.203211430578037,False,True,False,True,True,0.0,0,0.9341618405534334,1.0288686651762926,False,False,False,False,-0.31179337268866514,-0.3190434874029272,False,False,False,False,-3692187,-3332094.7028394034,False,False,False,False,67288.59373862829,False,False,False,False
2023-08-31 00:00:00+00:00,7.15,7.31,7.06,7.17,23367,,,,,,,9.674475314561024,8.826032210302218,9.179655581446498,8.989611136737393,,,,,,,9.736388320673477,,,,,,9.674475314561024,8.771812155332617,9.483930169207479,12.121884412893317,"rgba(239, 83, 80, 0.75)",0.0,0.0,1.3408780076320757,9.01412665276295,-1.3902283743581607,0.0,0.0,0.0,0.0,0.0,0.0,0.0,0.0,30.98226151176447,-17.203211430578037,False,True,False,True,True,0.0,0,0.940582503669384,1.0116712939220853,False,False,False,False,-0.3056573162793615,-0.3123504018411444,False,False,False,False,-3668820,-3345299.6164535447,False,False,False,False,65566.17829789777,False,False,False,False
2023-09-01 00:00:00+00:00,7.12,7.3685,7.08,7.19,19044,,,,,,,9.65700915160217,8.82011736593058,9.175608485118705,8.98689876135209,,,,,,,9.733882659453103,,,,,,9.65700915160217,8.767868217733175,9.481264727267437,12.119017083328401,"rgba(239, 83, 80, 0.75)",0.0,0.0,1.3428113225349052,9.008602593370949,-1.406454176902322,0.0,0.0,0.0,0.0,0.0,0.0,0.0,0.0,31.376925760997707,-17.203211430578037,False,True,False,True,True,0.0,0,0.9396708670974191,1.0168314711027022,False,False,False,False,-0.2988026003592767,-0.3055765011002105,False,False,False,False,-3687864,-3358733.5138475234,False,False,False,False,63741.7791489606,False,False,False,False
2023-09-05 00:00:00+00:00,7.12,7.19,6.9701,7.02,19856,,,,,,,9.638358440148869,8.81363477683145,9.171202922041179,8.983928634595726,,,,,,,9.731176897476951,,,,,,9.638358440148869,8.76352781688909,9.478375923493557,12.115972811623829,"rgba(239, 83, 80, 0.75)",0.0,0.0,1.3447777910820065,9.002593617994876,-1.399929141066602,0.0,0.0,0.0,0.0,0.0,0.0,0.0,0.0,31.640035260486535,-17.203211430578037,False,True,False,True,True,0.0,0,0.9323656456559627,1.0171778877639759,False,False,False,False,-0.32412572820550645,-0.3148511146528585,False,False,False,False,-3687864,-3371640.5917358557,False,False,False,False,62020.76820194254,False,False,False,False
2023-09-06 00:00:00+00:00,7.03,7.21,6.96,7.08,47390,,,,,,,9.59446741490337,8.798120741527997,9.160629049297253,8.976777813756904,,,,,,,9.724676314821705,,,,,,9.59446741490337,8.753094867857593,9.471432558301977,12.108683435406657,"rgba(239, 83, 80, 0.75)",0.0,0.0,1.3478655933206658,8.988250540145938,-1.4528529772182242,0.0,0.0,0.0,0.0,0.0,0.0,0.0,0.0,31.289019469657546,-17.203211430578037,False,True,False,True,True,0.0,0,0.9447112518023048,1.0115636597537663,False,False,False,False,-0.32324993160823684,-0.31905052313054766,False,False,False,False,-3735254,-3385899.9410795476,False,False,False,False,61447.01258618009,False,False,False,False
2023-09-07 00:00:00+00:00,7.0,7.0,6.82,6.99,30640,,,,,,,9.565495965857675,8.787512843978776,9.153438745705879,8.971878061370225,,,,,,,9.720290733615146,,,,,,9.565495965857675,8.745915927261501,9.466729224380869,12.103863563754578,"rgba(239, 83, 80, 0.75)",0.0,0.0,1.3509979970777606,8.978529171835001,-1.4644945263535587,0.0,0.0,0.0,0.0,0.0,0.0,0.0,0.0,30.874710051915507,-17.203211430578037,False,True,False,True,True,0.0,0,0.9457953449042205,1.0007227287346103,False,False,False,False,-0.34282825441539394,-0.3309393887729708,False,False,False,False,-3765894,-3400801.66888035,False,False,False,False,60238.89444554558,False,False,False,False
2023-09-08 00:00:00+00:00,6.8,7.0397,6.8,7.0,32693,,,,,,,9.53458083092052,8.775963051682664,9.14561090966895,8.966522064846309,,,,,,,9.715525684831642,,,,,,9.53458083092052,8.738065555026239,9.461611073285022,12.098670904968099,"rgba(239, 83, 80, 1.0)",0.0,0.0,1.355690947400947,8.967987009459154,-1.599174954745766,0.0,0.0,0.0,0.0,0.0,0.0,0.0,0.0,29.448790304072663,-17.203211430578037,False,True,False,True,False,0.0,0,0.9521576882594968,1.0117876095772949,False,False,False,False,-0.34109222937689854,-0.33601580907493467,False,False,False,False,-3798587,-3416401.09363014,False,False,False,False,59158.66329081831,False,False,False,False
2023-09-11 00:00:00+00:00,7.26,7.44,6.82,6.82,53986,,,,,,,9.490533420340189,8.760098674817337,9.13446099351832,8.958972823348432,,,,,,,9.708502685679717,,,,,,9.490533420340189,8.727270256278167,9.454159227564844,12.090599674383695,"rgba(239, 83, 80, 0.75)",0.0,0.0,1.3512327148680727,8.839197180108915,-1.1687085153670955,0.0,0.0,0.0,0.0,0.0,0.0,0.0,0.0,34.00500337392023,-19.639358632576037,False,True,False,True,True,0.0,0,0.9376881199303273,0.9978136182431693,False,False,False,False,-0.30450357457343225,-0.32025969182418346,False,False,False,False,-3744601,-3429271.678193664,False,False,False,False,58955.81375000191,False,False,False,False
2023-09-12 00:00:00+00:00,7.1,7.36,7.0,7.25,25176,,,,,,,9.470376757818327,8.752715423790312,9.129251708212484,8.955434788271397,,,,,,,9.705215075379567,,,,,,9.470376757818327,8.722222568288467,9.450670352567611,12.086829476668827,"rgba(239, 83, 80, 0.75)",0.0,0.0,1.3446125793210777,8.832204412015127,-1.288255396874059,0.0,0.0,0.0,0.0,0.0,0.0,0.0,0.0,35.90296287134579,-17.91188293478273,False,True,False,True,True,0.0,0,0.9435653664995333,0.9942118324614905,False,False,False,False,-0.29591672760642046,-0.30808820971530193,False,False,False,False,-3769777,-3442624.8280684226,False,False,False,False,57631.11517157046,False,False,False,False
2023-09-13 00:00:00+00:00,6.95,7.15,6.85,7.04,29509,,,,,,,9.445487852360303,8.743236658847676,9.12265829637349,8.950915897770608,,,,,,,9.701116403103997,,,,,,9.445487852360303,8.715710553091705,9.446292847188333,12.082265697899231,"rgba(239, 83, 80, 0.75)",0.0,0.0,1.3455967989056892,8.821241297449253,-1.3906404199021922,0.0,0.0,0.0,0.0,0.0,0.0,0.0,0.0,36.168089717558786,-17.681273580884096,False,True,False,True,True,0.0,0,0.9373088463378221,1.010037832118164,False,False,False,False,-0.32703840069686535,-0.31756330520608367,False,False,False,False,-3799286,-3456611.5406931904,False,False,False,False,56528.28712562653,False,False,False,False
2023-09-14 00:00:00+00:00,7.19,7.21,6.9358,6.96,47586,,,,,,,9.408427253092936,8.729264810168827,9.112744776637365,8.944145673178241,,,,,,,9.69484437352057,,,,,,9.408427253092936,8.706083410621003,9.439633220164325,12.075108531628647,"rgba(239, 83, 80, 0.75)",0.0,0.0,1.3433060652229922,8.808583863028947,-1.2049255973248785,0.0,0.0,0.0,0.0,0.0,0.0,0.0,0.0,38.822193871857635,-15.165388495260594,False,True,False,True,True,0.0,0,0.9436062670991807,1.0039913206917324,False,False,False,False,-0.31436340584987793,-0.3159633555279808,False,False,False,False,-3751700,-3468183.637136595,False,False,False,False,56177.60919913137,False,False,False,False
2023-09-15 00:00:00+00:00,6.99,7.17,6.95,7.08,25145,,,,,,,9.388689015627538,8.72163902839103,9.107350150341635,8.940442162198545,,,,,,,9.691446194618386,,,,,,9.388689015627538,8.70080485399582,9.4360162233324,12.071277691413144,"rgba(239, 83, 80, 0.75)",0.0,0.0,1.343488955016849,8.801210118827148,-1.3481391953865622,0.0,0.0,0.0,0.0,0.0,0.0,0.0,0.0,39.16227448872276,-14.838867217294386,False,True,False,True,True,0.0,1,0.9530564269026702,0.9978165779954731,False,False,False,False,-0.316599090669154,-0.31628122309856743,False,False,False,False,-3776845,-3480288.004307709,False,False,False,False,54960.644132498775,False,False,False,False
2023-09-18 00:00:00+00:00,6.72,6.96,6.685,6.96,45416,,,,,,,9.350181268553882,8.70603385706319,9.096517235608161,8.932921518393517,,,,,,,9.684758417838378,,,,,,9.350181268553882,8.689944863057931,9.428837544759043,12.0640327467842,"rgba(239, 83, 80, 0.75)",0.0,0.0,1.348242517281449,8.784270950703801,-1.5310828165144417,0.0,0.0,0.0,0.0,0.0,0.0,0.0,0.0,37.71432967279515,-14.838867217294386,False,True,False,True,True,0.0,1,0.9418157826049128,1.0032626663959863,False,False,False,False,-0.34282825441539394,-0.3295547387569807,False,False,False,False,-3822261,-3493698.710021132,False,False,False,False,54586.344362596865,False,False,False,False
2023-09-19 00:00:00+00:00,6.77,6.77,6.64,6.67,29135,,,,,,,9.325492542637928,8.69583720777398,9.089436652684057,8.927986598606491,,,,,,,9.680393316887551,,,,,,9.325492542637928,8.682818904730274,9.42414570944549,12.059341262576362,"rgba(239, 83, 80, 0.75)",0.0,0.0,1.3501373252810729,8.773511254316741,-1.4839314614901478,0.0,0.0,0.0,0.0,0.0,0.0,0.0,0.0,37.293148786939376,-14.838867217294386,False,True,False,True,True,0.0,1,0.9379896989947037,1.015684958489575,False,False,False,False,-0.34282825441539394,-0.3361914965861873,False,False,False,False,-3793126,-3505440.9566869703,False,False,False,False,53588.25242680876,False,False,False,False
2023-09-20 00:00:00+00:00,6.71,6.8496,6.71,6.75,26141,,,,,,,9.303983157006236,8.686914813061001,9.08319945811017,8.923637378794318,,,,,,,9.676527228580076,,,,,,9.303983157006236,8.676566065793907,9.41999632388098,12.055162439705242,"rgba(239, 83, 80, 1.0)",0.0,0.0,1.352249350906496,8.764500911568172,-1.5193210558325754,0.0,0.0,0.0,0.0,0.0,0.0,0.0,0.0,36.623564367150664,-14.838867217294386,False,True,False,True,False,0.0,1,0.9335873071477572,1.0142458875217117,False,False,False,False,-0.3303026951966857,-0.33324709589143653,False,False,False,False,-3819267,-3517747.860346305,False,False,False,False,52511.88958654174,False,False,False,False
2023-09-21 00:00:00+00:00,6.61,6.72,6.58,6.65,36792,,,,,,,9.272916921399954,8.673724046682628,9.074027888889646,8.917208575642393,,,,,,,9.670880556211637,,,,,,9.272916921399954,8.667288866213948,9.413916273450237,12.049159325774054,"rgba(239, 83, 80, 1.0)",0.0,0.0,1.3589331224719499,8.750956450623447,-1.5754685901900505,0.0,0.0,0.0,0.0,0.0,0.0,0.0,0.0,35.5254236884511,-14.838867217294386,False,True,False,True,False,0.0,1,0.9226584567559893,1.0474510917487407,False,False,False,False,-0.34282825441539394,-0.3380376751534152,False,False,False,False,-3856059,-3531014.9638621365,False,False,False,False,51895.42332824599,False,False,False,False
2023-09-22 00:00:00+00:00,6.54,6.674,6.4603,6.64,36188,,,,,,,9.242168777358843,8.66042030904753,9.064785088590742,8.910703842082851,,,,,,,9.665203726541106,,,,,,9.242168777358843,8.657896036555913,9.407793448216912,12.043182203056432,"rgba(239, 83, 80, 1.0)",0.0,0.0,1.3689507531992144,8.737389287660404,-1.6051631386484453,0.0,0.0,0.0,0.0,0.0,0.0,0.0,0.0,34.338690023426565,-11.950805732623735,False,True,False,True,False,0.0,0,0.8956936916866085,1.0770533804001705,False,False,False,False,-0.34282825441539394,-0.34043296478440455,False,False,False,False,-3892247,-3545180.9260636214,False,False,False,False,51279.445942824575,False,False,False,False
2023-09-25 00:00:00+00:00,6.39,6.5759,6.34,6.54,30188,,,,,,,9.215897196923123,8.64880886584049,9.056751363900098,8.905023171327292,,,,,,,9.66029739957291,,,,,,9.215897196923123,8.649669805819173,9.402486605469232,12.038094631856342,"rgba(239, 83, 80, 1.0)",0.0,0.0,1.3825392315760368,8.72547259425895,-1.6892631622443068,0.0,0.0,0.0,0.0,0.0,0.0,0.0,0.0,32.610157996243586,-13.682927114667251,False,True,False,True,False,0.0,0,0.8733375554148196,1.0881203136850173,False,False,False,False,-0.34282825441539394,-0.3416306095998992,False,False,False,False,-3922435,-3559975.203472891,False,False,False,False,50452.330415654986,False,False,False,False
2023-09-26 00:00:00+00:00,6.19,6.4255,6.1201,6.35,38985,,,,,,,9.180418494927634,8.632719356390602,9.045701796249961,8.897163862451057,,,,,,,9.653611157666838,,,,,,9.180418494927634,8.638231755304869,9.395224001329435,12.031315689705153,"rgba(239, 83, 80, 1.0)",0.0,0.0,1.4026805158515463,8.708734981894391,-1.7956583508720834,0.0,0.0,0.0,0.0,0.0,0.0,0.0,0.0,30.347230568530897,-15.862739722309513,False,True,False,True,False,0.0,0,0.8429604177247333,1.114846527425089,False,False,False,False,-0.34282825441539394,-0.34222943200764655,False,False,False,False,-3961420,-3575718.1366700325,False,False,False,False,50002.63118366851,False,False,False,False
2023-09-27 00:00:00+00:00,6.12,6.32,6.05,6.27,39894,,,,,,,9.143990819850416,8.615919202020535,9.034156217511203,8.888922442927607,,,,,,,9.646632373041772,,,,,,9.143990819850416,8.626242529835968,9.387634312236854,12.024297172233336,"rgba(239, 83, 80, 1.0)",0.0,0.0,1.4218989468788366,8.691499103886674,-1.8084963840301638,0.0,0.0,0.0,0.0,0.0,0.0,0.0,0.0,28.475866546481964,-17.625716720504343,False,True,False,True,False,0.0,0,0.8237695404736939,1.1272682157636493,False,False,False,False,-0.34282825441539394,-0.3425288432115202,False,False,False,False,-4001314,-3592408.1705261096,False,False,False,False,49606.214274505044,False,False,False,False
2023-09-28 00:00:00+00:00,6.04,6.11,5.965,6.11,59428,,,,,,,9.089120272179958,8.590058417191655,9.01638643229867,8.876178533793691,,,,,,,9.63591682935503,,,,,,9.089120272179958,8.607701086026985,9.375958464754735,12.013650813336026,"rgba(239, 83, 80, 1.0)",0.0,0.0,1.4435259992915401,8.66525856743274,-1.818643078629118,0.0,0.0,0.0,0.0,0.0,0.0,0.0,0.0,26.81346466385831,-19.182605700038835,False,True,False,True,False,0.0,0,0.799005768994722,1.243735643269214,False,False,False,False,-0.34282825441539394,-0.34267854881345705,False,False,False,False,-4060742,-3610774.2030544975,False,False,False,False,49991.38234217151,False,False,False,False
2023-09-29 00:00:00+00:00,6.06,6.2,6.02,6.11,16197,,,,,,,9.074763597446209,8.583249833043771,9.011668576181023,8.872791872905093,,,,,,,9.633051834266727,,,,,,9.074763597446209,8.602800821144502,9.372842542886108,12.010782378369347,"rgba(239, 83, 80, 1.0)",0.0,0.0,1.462969812673112,8.658541317508027,-1.7762097994079722,0.0,0.0,0.0,0.0,0.0,0.0,0.0,0.0,26.053275066892382,-19.91739358222631,False,True,False,True,False,0.0,0,0.7826247826247826,1.241887741887742,False,False,False,False,-0.3321379563563357,-0.3374082525848964,False,False,False,False,-4044545,-3627784.8225425566,False,False,False,False,48666.11244640008,False,False,False,False
2023-10-02 00:00:00+00:00,5.915,6.08,5.85,5.92,42965,,,,,,,9.035518460817801,8.564326271107724,8.998609053050062,8.863381461143172,,,,,,,9.625164002302295,,,,,,9.035518460817801,8.589148421751148,9.364241488609911,12.003000749079368,"rgba(239, 83, 80, 1.0)",0.0,0.0,1.4852290304167906,8.63974226712442,-1.8345603346844042,0.0,0.0,0.0,0.0,0.0,0.0,0.0,0.0,24.743768870035883,-21.212060053828665,False,True,False,True,False,0.0,0,0.7568515097824858,1.230896822105779,False,False,False,False,-0.34282825441539394,-0.34011825350014513,False,False,False,False,-4087510,-3645813.260874221,False,False,False,False,48442.53940928636,False,False,False,False
2023-10-03 00:00:00+00:00,5.84,5.9241,5.81,5.84,32268,,,,,,,9.005842639569622,8.549807432719714,8.988585746726699,8.85613598569915,,,,,,,9.619117230369348,,,,,,9.005842639569622,8.578639588551322,9.357640182988714,11.997082669620426,"rgba(239, 83, 80, 1.0)",0.0,0.0,1.506866850529678,8.625389836042977,-1.8484644712065212,0.0,0.0,0.0,0.0,0.0,0.0,0.0,0.0,23.480666483706322,-22.471936628652475,False,True,False,True,False,0.0,0,0.7655915324152737,1.2241031589789997,False,False,False,False,-0.34282825441539394,-0.3414732539577695,False,False,False,False,-4119778,-3664400.1133889575,False,False,False,False,47808.24374617709,False,False,False,False
2023-10-04 00:00:00+00:00,5.83,5.87,5.7,5.83,42699,,,,,,,8.966706971316983,8.530423905862671,8.975176165478773,8.84641730860772,,,,,,,9.611022543051993,,,,,,8.966706971316983,8.56456334738682,9.348798820835116,11.989195139346522,"rgba(239, 83, 80, 1.0)",0.0,0.0,1.5277367812528433,8.606378156348992,-1.817314468315793,0.0,0.0,0.0,0.0,0.0,0.0,0.0,0.0,22.584827339598284,-23.403310055195885,False,True,False,True,False,0.0,0,0.7773466234195805,1.2157417418306944,False,False,False,False,-0.34282825441539394,-0.3421507541865817,False,False,False,False,-4162477,-3683932.5403148807,False,False,False,False,47607.88124632701,False,False,False,False
2023-10-05 00:00:00+00:00,5.68,5.78,5.63,5.75,48391,,,,,,,8.92208350584074,8.507965217938537,8.959624551177061,8.835106460440636,,,,,,,9.601642553876285,,,,,,8.92208350584074,8.548192218027804,9.338541614769582,11.980131558038554,"rgba(239, 83, 80, 1.0)",0.0,0.0,1.5516697628596676,8.584461342038932,-1.871829568094516,0.0,0.0,0.0,0.0,0.0,0.0,0.0,0.0,21.206436111218636,-24.802952560824178,False,True,False,True,False,0.0,0,0.7596564745127087,1.2532930688863908,False,False,False,False,-0.34282825441539394,-0.3424895043009878,False,False,False,False,-4210868,-3704596.675988807,False,False,False,False,47638.59178568674,False,False,False,False
2023-10-06 00:00:00+00:00,5.69,5.7,5.59,5.66,32756,,,,,,,8.892227045749461,8.492768176828115,8.949063732529483,8.827407197276361,,,,,,,9.595259306871066,,,,,,8.892227045749461,8.537075090149923,9.331561546433896,11.973975484450891,"rgba(239, 83, 80, 1.0)",0.0,0.0,1.5744303087520641,8.569764649520682,-1.8290835951978468,0.0,0.0,0.0,0.0,0.0,0.0,0.0,0.0,20.510339368355627,-25.566649387870083,False,True,False,True,False,0.0,0,0.7365835753381771,1.2655701778060866,False,False,False,False,-0.34282825441539394,-0.34265887935819084,False,False,False,False,-4178112,-3723165.904381403,False,False,False,False,47054.960735267654,False,False,False,False
2023-10-09 00:00:00+00:00,5.68,5.73,5.63,5.73,15846,,,,,,,8.878067164543657,8.48552602794648,8.944009987506181,8.82371943055313,,,,,,,9.59219442576893,,,,,,8.878067164543657,8.531764912894014,9.328212717656399,11.971011151863767,"rgba(239, 83, 80, 1.0)",0.0,0.0,1.5961808904240637,8.562820853807084,-1.8060740302693348,0.0,0.0,0.0,0.0,0.0,0.0,0.0,0.0,19.98932545898512,-26.200162508913788,False,True,False,True,False,0.0,0,0.7332855189725889,1.2632965013335722,False,False,False,False,-0.33803347907101333,-0.3403461792146021,False,False,False,False,-4193958,-3741628.3395037004,False,False,False,False,45831.079922119905,False,False,False,False
2023-10-10 00:00:00+00:00,5.69,5.84,5.65,5.66,35002,,,,,,,8.847677780361382,8.46992427809197,8.933060846228956,8.815724590705669,,,,,,,9.585521983802922,,,,,,8.847677780361382,8.52029581326012,9.32093160729826,11.964521664885082,"rgba(239, 83, 80, 1.0)",0.0,0.0,1.6170820213532104,8.548018088394599,-1.7673921610995003,0.0,0.0,0.0,0.0,0.0,0.0,0.0,0.0,19.904982621751714,-26.46144878537583,False,True,False,True,False,0.0,0,0.7020471116096466,1.2973686670405682,False,False,False,False,-0.329168288880618,-0.33475723404761004,False,False,False,False,-4158956,-3757994.1301113986,False,False,False,False,45406.41012125246,False,False,False,False
2023-10-11 00:00:00+00:00,5.54,5.7,5.51,5.69,86281,,,,,,,8.771883938080952,8.430238125176373,8.905194092045498,8.795285922216165,,,,,,,9.568564872260598,,,,,,8.771883938080952,8.490990474011085,9.302397799398324,11.94821608574187,"rgba(239, 83, 80, 1.0)",0.0,0.0,1.6397558796555252,8.510378823444409,-1.8114762449081243,0.0,0.0,0.0,0.0,0.0,0.0,0.0,0.0,18.938320332086242,-27.571365733502187,False,True,False,True,False,0.0,0,0.6652805153598385,1.3188548627469832,False,False,False,False,-0.34282825441539394,-0.33879274423150196,False,False,False,False,-4245237,-3777101.693636442,False,False,False,False,47009.33521453668,False,False,False,False
2023-10-12 00:00:00+00:00,5.262,5.54,5.14,5.54,143400,,,,,,,8.643403115551514,8.3606225540026,8.856217772543785,8.75908145570606,,,,,,,9.538814258994336,,,,,,8.643403115551514,8.439163590746688,9.26979612401931,11.920160601101419,"rgba(239, 83, 80, 1.0)",0.0,0.0,1.6667620222812007,8.444520141871575,-1.909402841754124,0.0,0.0,0.0,0.0,0.0,0.0,0.0,0.0,17.04657236818462,-29.501903600299055,False,True,False,True,False,0.0,0,0.6538633318445737,1.3324897027442806,False,False,False,False,-0.34282825441539394,-0.340810499323448,False,False,False,False,-4388637,-3801083.4703565817,False,False,False,False,50789.36128455485,False,False,False,False
2023-10-13 00:00:00+00:00,5.38,5.49,5.25,5.3,25469,,,,,,,8.621964779127572,8.348816737504212,8.847801914556742,8.752839245189293,,,,,,,9.53364736408941,,,,,,8.621964779127572,8.430306450096882,9.264147473856612,11.91524704729788,"rgba(239, 83, 80, 0.75)",0.0,0.0,1.6909439954284926,8.433547430517073,-1.805824106991368,0.0,0.0,0.0,0.0,0.0,0.0,0.0,0.0,18.479153118655553,-29.501903600299055,False,True,False,True,True,0.0,0,0.649517301157598,1.3165587372573158,False,False,False,False,-0.33856122080266066,-0.33968586006305435,False,False,False,False,-4363168,-3823126.000930833,False,False,False,False,49796.405940062505,False,False,False,False
2023-10-16 00:00:00+00:00,5.49,5.5225,5.29,5.42,12513,,,,,,,8.611730015193913,8.343168508402131,8.843754192083685,8.749835905080824,,,,,,,9.531150595514966,,,,,,8.611730015193913,8.426059852877604,9.261421566548094,11.912858126880767,"rgba(239, 83, 80, 0.75)",0.0,0.0,1.7120521859942135,8.428331793541783,-1.7162629840254848,0.0,0.0,0.0,0.0,0.0,0.0,0.0,0.0,21.720640468683435,-31.899412889622507,False,True,False,True,True,0.0,0,0.6587692427003764,1.322327348869673,False,False,False,False,-0.3329474127933467,-0.33631663642820053,False,False,False,False,-4350655,-3843813.412659036,False,False,False,False,48334.31158947182,False,False,False,False
2023-10-17 00:00:00+00:00,5.82,5.82,5.46,5.46,38193,,,,,,,8.583473067446766,8.327626332619685,8.832417259857644,8.741434712585749,,,,,,,9.524041826454427,,,,,,8.583473067446766,8.414317315661998,9.253701558245213,11.905876129116066,"rgba(239, 83, 80, 0.75)",0.0,0.0,1.7270084020933127,8.414297859230157,-1.50219179946409,0.0,0.0,0.0,0.0,0.0,0.0,0.0,0.0,29.229770199780397,-25.03490408289455,False,True,False,True,True,0.0,0,0.6767143247427375,1.2816553267331883,False,False,False,False,-0.29807517672745293,-0.3171959065778267,False,False,False,False,-4312462,-3862191.7886331915,False,False,False,False,47936.61309576704,False,False,False,False
2023-10-18 00:00:00+00:00,5.76,5.83,5.591,5.83,20140,,,,,,,8.568929760227872,8.319587442884075,8.826523159205884,8.737062355244452,,,,,,,9.520330223372016,,,,,,8.568929760227872,8.408227055503952,9.249674919724722,11.902216676205336,"rgba(239, 83, 80, 0.5)",0.0,0.0,1.7422844026793718,8.407069754282505,-1.5193097924837697,0.0,0.0,0.0,0.0,0.0,0.0,0.0,0.0,33.604848803872414,-21.353605607658814,False,False,False,True,True,0.0,0,0.6843982169390789,1.2819811788013866,False,False,False,False,-0.27404025832034634,-0.2956180824490865,False,False,False,False,-4332602,-3880639.247902478,False,False,False,False,46846.54983710951,False,False,False,False
2023-10-19 00:00:00+00:00,5.57,5.7,5.53,5.68,13945,,,,,,,8.558500254949635,8.31377910779722,8.822288474740407,8.733914925669225,,,,,,,9.517678647811048,,,,,,8.558500254949635,8.40382731351898,9.246791924182185,11.899633339590583,"rgba(239, 83, 80, 0.5)",0.0,0.0,1.7600927911657125,8.401800312749511,-1.6088926259813863,0.0,0.0,0.0,0.0,0.0,0.0,0.0,0.0,34.690470615723484,-20.70250919151411,False,False,False,True,True,0.0,0,0.7603381731299395,1.2940635912516083,False,False,False,False,-0.27664918405211714,-0.2861336332506018,False,False,False,False,-4346547,-3898910.1401415966,False,False,False,False,45556.292980752274,False,False,False,False
2023-10-20 00:00:00+00:00,5.388,5.5445,5.34,5.5426,20829,,,,,,,8.542140149301186,8.304590389943092,8.81563996097875,8.728962392511882,,,,,,,9.513547328175981,,,,,,8.542140149301186,8.396870720983216,9.242286981199118,11.895671080942227,"rgba(239, 83, 80, 0.5)",0.0,0.0,1.7801535971790592,8.393373909472045,-1.688266627236293,0.0,0.0,0.0,0.0,0.0,0.0,0.0,0.0,33.93693973835117,-20.70250919151411,False,False,False,True,True,0.0,0,0.7687268473386627,1.2230454279586662,False,False,False,False,-0.31477183109328843,-0.3004527321719451,False,False,False,False,-4367376,-3917281.3503321223,False,False,False,False,44586.5952168012,False,False,False,False
2023-10-23 00:00:00+00:00,5.19,5.47,5.19,5.31,59202,,,,,,,8.49450015360794,8.27752817529279,8.796105404313685,8.714370025281786,,,,,,,9.501447505089237,,,,,,8.49450015360794,8.376345898755902,9.229070262132732,11.884191128610189,"rgba(239, 83, 80, 0.5)",0.0,0.0,1.8031160018246273,8.368440151726,-1.762748568871687,0.0,0.0,0.0,0.0,0.0,0.0,0.0,0.0,32.07489870002254,-20.70250919151411,False,False,False,True,True,0.0,0,0.756881994894954,1.1786373453760062,False,False,False,False,-0.34282825441539394,-0.3216404932936695,False,False,False,False,-4426578,-3937253.767966157,False,False,False,False,45159.7483455541,False,False,False,False
2023-10-24 00:00:00+00:00,5.29,5.39,5.17,5.1701,20444,,,,,,,8.478370741489831,8.268295152010571,8.789409703669437,8.709359567501798,,,,,,,9.497285182410518,,,,,,8.478370741489831,8.369320855890603,9.224526658124125,11.880236054462136,"rgba(239, 83, 80, 0.5)",0.0,0.0,1.8234817015906766,8.35996512887387,-1.6835733126336556,0.0,0.0,0.0,0.0,0.0,0.0,0.0,0.0,32.39344255500598,-20.70250919151411,False,False,False,True,True,0.0,0,0.7575769676157011,1.1865191869983631,False,False,False,False,-0.34282825441539394,-0.3322343738545317,False,False,False,False,-4406134,-3955641.2280459157,False,False,False,False,44190.503312395114,False,False,False,False
2023-10-25 00:00:00+00:00,5.25,5.3233,5.1,5.24,14985,,,,,,,8.466434715891344,8.261430805819,8.784435915951528,8.70563331833056,,,,,,,9.494196934755346,,,,,,8.466434715891344,8.364093995733429,9.221153265128114,11.877314224916207,"rgba(239, 83, 80, 0.5)",0.0,0.0,1.843588633934144,8.353653650558865,-1.6834849127572418,0.0,0.0,0.0,0.0,0.0,0.0,0.0,0.0,32.298230783622884,-20.70250919151411,False,False,False,True,True,0.0,0,0.7566694456023344,1.1780549587969344,False,False,False,False,-0.34282825441539394,-0.33753131413496285,False,False,False,False,-4421119,-3973895.2583186254,False,False,False,False,43045.18945700707,False,False,False,False
2023-10-26 00:00:00+00:00,5.27,5.27,5.095,5.17,22100,,,,,,,8.448921617927859,8.251321205181693,8.77709959390853,8.700132234416186,,,,,,,9.489636906110611,,,,,,8.448921617927859,8.356385792586028,9.216172669414503,11.87300150527861,"rgba(239, 83, 80, 0.5)",0.0,0.0,1.8603415560657717,8.344367034806183,-1.65258203515478,0.0,0.0,0.0,0.0,0.0,0.0,0.0,0.0,32.57720464123611,-20.70250919151411,False,False,False,True,True,0.0,0,0.7578562983101017,1.180298728353455,False,False,False,False,-0.34282825441539394,-0.34017978427517837,False,False,False,False,-4399019,-3990566.777600248,False,False,False,False,42223.809478300915,False,False,False,False
2023-10-27 00:00:00+00:00,4.95,5.3,4.9,5.12,76090,,,,,,,8.387099008029427,8.215196547517904,8.750934629753546,8.68045221378538,,,,,,,9.473420274754625,,,,,,8.387099008029427,8.328782808961671,9.1984302993937,11.857836125765923,"rgba(239, 83, 80, 0.5)",0.0,0.0,1.8751293324283858,8.129738330649582,-1.6957434752149403,0.0,0.0,0.0,0.0,0.0,0.0,0.0,0.0,30.440277629046463,-20.70250919151411,False,False,False,True,False,0.0,0,0.7516742095894896,1.1759616228857865,True,False,False,False,-0.34282825441539394,-0.3415040193452862,False,False,False,False,-4475109,-4009568.4333806303,False,False,False,False,43551.89538111264,False,False,False,False
2023-10-30 00:00:00+00:00,5.03,5.13,4.98,5.09,15485,,,,,,,8.37477965577374,8.207936829923694,8.745649992944365,8.676469458640945,,,,,,,9.470132065469542,,,,,,8.37477965577374,8.323216044520544,9.19483517119035,11.854756579563334,"rgba(239, 83, 80, 0.5)",0.0,0.0,1.8846610617927635,8.123236837508113,-1.6412695631148153,0.0,0.0,0.0,0.0,0.0,0.0,0.0,0.0,30.361246189663884,-20.70250919151411,False,False,False,True,False,0.0,0,0.7733853051338193,1.1663819446115347,False,False,False,False,-0.34282825441539394,-0.34216613688034003,False,False,False,False,-4459624,-4027217.6712872726,False,False,False,False,42451.23281714744,False,False,False,False
2023-10-31 00:00:00+00:00,5.09,5.1799,5.0,5.04,35100,,,,,,,8.347547855763521,8.191827401861817,8.733866471853386,8.66758125954738,,,,,,,9.462769487572823,,,,,,8.347547855763521,8.31083328194355,9.186793888739317,11.847830772327548,"rgba(239, 83, 80, 0.5)",0.0,0.0,1.8817185251593596,8.109493874268468,-1.6046469404943293,0.0,0.0,0.0,0.0,0.0,0.0,0.0,0.0,31.312681807222564,-20.70250919151411,False,False,False,True,False,0.0,0,0.7784276188776588,1.167183114586544,False,False,False,False,-0.33173480067601147,-0.33695046877817575,False,False,False,False,-4424524,-4042798.311628948,False,False,False,False,42162.9491772593,False,False,False,False
2023-11-01 00:00:00+00:00,5.17,5.23,5.0405,5.19,38733,,,,,,,8.318532247946884,8.174565065343135,8.721152715303218,8.657979175801911,,,,,,,9.454778809946735,,,,,,8.318532247946884,8.297517788260928,9.178079450414375,11.840268728651184,"rgba(239, 83, 80, 0.5)",0.0,0.0,1.8788837290762228,8.095259328380953,-1.5569134391403743,0.0,0.0,0.0,0.0,0.0,0.0,0.0,0.0,33.27223598603246,-20.70250919151411,True,False,False,True,True,0.0,0,0.7928171128962118,1.1611923887981752,False,False,False,False,-0.3156669625656445,-0.3263087156719101,False,False,False,False,-4385791,-4056249.005290558,False,False,False,False,42028.44136638639,False,False,False,False
2023-11-02 00:00:00+00:00,5.59,5.67,5.2105,5.26,49545,,,,,,,8.286110836021408,8.155239115671021,8.70657035747693,8.646966412952803,,,,,,,9.445411806051526,,,,,,8.286110836021408,8.282486208772818,9.16793181243255,11.83111553443531,"rgba(239, 83, 80, 0.5)",0.0,0.0,1.819712962911286,8.083283840276726,-1.3701522663705277,0.0,0.0,0.0,0.0,0.0,0.0,0.0,0.0,39.93491024266233,-14.990176728340096,True,False,False,True,True,0.0,0,0.826485094212378,1.1132661103572674,False,False,False,False,-0.21608838578631934,-0.2711985507291147,False,False,False,False,-4336246,-4067229.279592889,False,False,False,False,42323.20837162614,False,False,False,False
2023-11-03 00:00:00+00:00,5.68,5.82,5.65,5.68,76525,,,,,,,8.241409850878288,8.12842086646182,8.685871975277568,8.6313159701284,,,,,,,9.431854161743422,,,,,,8.241409850878288,8.261440643071827,9.153326047093095,11.817532807378461,#000000,0.0,0.0,1.7656514860215398,8.067624137693983,-1.3522624122577585,0.0,0.0,0.0,0.0,0.0,0.0,0.0,0.0,45.26280219749198,-10.20823322099065,True,False,False,False,True,0.0,0,0.8697200522417725,1.0708995481573418,False,False,False,False,-0.12373587184546134,-0.197467211287288,False,False,False,False,-4259721,-4074777.974510815,False,False,False,False,43664.455102150605,False,False,False,False
2023-11-06 00:00:00+00:00,6.11,6.28,5.63,5.63,75368,,,,,,,8.203764533415708,8.105685873484363,8.667728610206078,8.617582159629828,,,,,,,9.419632307383926,,,,,,8.203764533415708,8.243371942948,9.140265150403787,11.804847381391882,"rgba(38, 166, 154, 1.0)",0.0,0.0,1.7180883727493639,8.05586864148166,-1.132577737178787,0.0,0.0,0.0,0.0,0.0,0.0,0.0,0.0,52.196125191180215,-4.079844803679833,True,False,True,False,True,0.0,0,0.8695441972529779,1.0462856554096356,False,False,False,False,-0.05623184682143882,-0.12684952905436342,False,False,False,False,-4184353,-4079075.0343339206,False,False,False,False,44907.7313726545,False,False,False,False
2023-11-07 00:00:00+00:00,6.2,6.21,5.68,5.76,42752,,,,,,,8.183189758461191,8.093145827602516,8.657635004659014,8.609924497334765,,,,,,,9.412785365476173,,,,,,8.183189758461191,8.233356317447697,9.13295933339956,11.797705104586647,"rgba(38, 166, 154, 1.0)",0.0,0.0,1.6751726813771801,8.048464450195098,-1.1034471077187413,0.0,0.0,0.0,0.0,0.0,0.0,0.0,0.0,57.387537464399585,0.29429993525527465,True,False,True,False,True,0.0,0,0.8755926006259102,1.0419933070988132,False,False,False,False,-0.05928453643209216,-0.09306703274322779,False,False,False,False,-4141601,-4081527.0329874926,False,False,False,False,44823.19288745237,False,False,False,False
2023-11-08 00:00:00+00:00,6.29,6.36,5.73,5.92,61255,,,,,,,8.155673385464294,8.076269854292798,8.643833914317602,8.599439426294339,,,,,,,9.403302113598304,,,,,,8.155673385464294,8.219785603651587,9.12287543285572,11.787673395131522,"rgba(38, 166, 154, 1.0)",0.0,0.0,1.6433576206015437,8.038553275398943,-1.0640126369809226,0.0,0.0,0.0,0.0,0.0,0.0,0.0,0.0,61.411907334511056,3.612793126525169,True,False,True,False,True,0.0,0,0.8786110565221992,1.039530770509894,False,False,False,False,-0.02879787645309512,-0.060932454598161455,False,False,False,False,-4080346,-4081480.7179683754,False,False,False,False,45467.5774801013,False,False,False,False
2023-11-09 00:00:00+00:00,6.09,6.3,5.97,6.28,34431,,,,,,,8.140477718904167,8.066878538783978,8.63612192426585,8.593568837560385,,,,,,,9.397984839210682,,,,,,8.140477718904167,8.212210030405236,9.117224441359117,11.782043586211458,"rgba(38, 166, 154, 1.0)",0.0,0.0,1.5876408138725364,8.03259586166686,-1.2235738995198322,0.0,0.0,0.0,0.0,0.0,0.0,0.0,0.0,61.463846616056195,3.612793126525169,True,False,True,False,True,0.0,0,0.8927835671644037,1.0454128509345724,False,False,False,False,-0.0014071844527481082,-0.031169819525454782,False,False,False,False,-4114777,-4082786.4545186353,False,False,False,False,45034.770520097336,False,False,False,False
2023-11-10 00:00:00+00:00,6.03,6.32,5.84,6.32,37784,,,,,,,8.123600784816585,8.05637892803033,8.627523591855226,8.587011607227947,,,,,,,9.392069007212335,,,,,,8.123600784816585,8.203735916244272,9.110930781983187,11.775816683468218,"rgba(38, 166, 154, 1.0)",0.0,0.0,1.5456289902481353,8.025383603886734,-1.2909848459599578,0.0,0.0,0.0,0.0,0.0,0.0,0.0,0.0,60.75672318650162,3.612793126525169,True,False,True,False,True,0.0,0,0.88204165496445,1.045379964819441,False,False,False,False,-0.018143067416748003,-0.024656443471101394,False,False,False,False,-4152561,-4085522.711204179,False,False,False,False,44750.426578132734,False,False,False,False
2023-11-13 00:00:00+00:00,5.79,5.9999,5.76,5.98,39112,,,,,,,8.10463756327285,8.044474370593326,8.617947785726775,8.579688759220224,,,,,,,9.385576211066272,,,,,,8.10463756327285,8.194166629674196,9.103988978657723,11.769144968196542,"rgba(38, 166, 154, 0.75)",0.0,0.0,1.490971882925915,8.01595638711447,-1.4929566496896005,0.0,0.0,0.0,0.0,0.0,0.0,0.0,0.0,57.57119402474344,3.612793126525169,True,False,True,False,False,0.0,0,0.8722514561454148,1.0712345596779085,False,False,False,False,-0.073914561180774,-0.049285502325937695,False,False,False,False,-4191673,-4089685.467627545,False,False,False,False,44529.31181036283,False,False,False,False
2023-11-14 00:00:00+00:00,5.92,6.02,5.8,5.87,98381,,,,,,,8.059609999128345,8.015938862944207,8.594695318939864,8.56186478950847,,,,,,,9.369640034080101,,,,,,8.059609999128345,8.171078339368707,9.086995270444035,11.752608339086265,"rgba(38, 166, 154, 0.75)",0.0,0.0,1.4117434964680344,7.993660950519484,-1.4688652405394218,0.0,0.0,0.0,0.0,0.0,0.0,0.0,0.0,56.67686286454362,3.612793126525169,True,False,True,False,False,0.0,0,0.8826931325711074,1.0557544113949326,False,False,False,False,-0.06453651969554801,-0.05691101101074285,False,False,False,False,-4093292,-4089826.9002696024,False,False,False,False,46641.14271976036,False,False,False,False
2023-11-15 00:00:00+00:00,6.55,6.55,5.98,5.98,57355,,,,,,,8.039490673283048,8.003112580961288,8.583550558732354,8.553317117001628,,,,,,,9.361608691076192,,,,,,8.039490673283048,8.160453066635991,9.07855403055891,11.743744856229858,"rgba(38, 166, 154, 0.75)",0.0,0.0,1.312467512699595,7.985808502566485,-1.0939764136433303,0.0,0.0,0.0,0.0,0.0,0.0,0.0,0.0,60.39901239463978,3.612793126525169,True,False,True,False,False,0.0,0,0.8952581680070207,1.0132285027838122,False,False,False,False,0.04584383605580003,-0.005533587477471409,False,False,False,False,-4035937,-4087713.570847265,False,False,False,False,47061.29398565211,False,False,False,False
2023-11-16 00:00:00+00:00,6.46,6.6,6.1,6.6,69331,,,,,,,8.016173467555744,7.988118271010578,8.570386027051423,8.543197383947293,,,,,,,9.352043147862775,,,,,,8.016173467555744,8.14796223733923,9.068519133522733,11.733122333226534,"rgba(38, 166, 154, 1.0)",0.0,0.0,1.229943502254761,7.976353279279833,-1.2328641734356243,0.0,0.0,0.0,0.0,0.0,0.0,0.0,0.0,61.903968569752244,3.9335083745379222,True,False,True,False,True,0.0,0,0.917832833044434,0.9967516453163093,False,False,False,False,0.07233765687594561,0.033402034699237096,False,False,False,False,-4105268,-4088401.9798336467,False,False,False,False,47934.61579013635,False,False,False,False
2023-11-17 00:00:00+00:00,6.73,6.74,6.4,6.52,37018,,,,,,,8.005760425666471,7.981392077632161,8.564176276010443,8.538421492325632,,,,,,,9.3473665608536,,,,,,8.005760425666471,8.142251269038004,9.063661890581326,11.727718168337224,"rgba(38, 166, 154, 1.0)",0.0,0.0,1.139347517874355,7.972833177720484,-1.0908288807608049,0.0,0.0,0.0,0.0,0.0,0.0,0.0,0.0,64.36592257661634,6.475587648060099,True,False,True,False,True,0.0,0,0.9407994626401999,0.9897565788092723,False,False,False,False,0.1414775917824881,0.08743981324086258,False,False,False,False,-4068250,-4087611.7061146805,False,False,False,False,47506.513210131,False,False,False,False
2023-11-20 00:00:00+00:00,7.19,7.25,6.75,6.75,94402,,,,,,7.0633333333333335,7.9881288827563015,7.969996940488137,8.552068007817297,8.529122758532147,,,,,,,9.3374274315333,,,,,,7.9881288827563015,8.13204249997711,9.053579742910733,11.715171786720095,"rgba(38, 166, 154, 1.0)",0.0,0.0,1.0521814057616665,7.970802454219144,-0.742079692668515,0.0,0.0,0.0,0.0,0.0,0.0,0.0,0.0,67.94660479948683,10.032698202219386,True,False,True,False,True,2.756337779599992,0,0.9635833786100861,0.9833405070525892,False,False,False,False,0.2812851399222797,0.18436247658157115,False,False,False,False,-3973848,-4083150.384306262,False,False,False,False,49345.55190777292,False,False,False,False
2023-11-21 00:00:00+00:00,7.05,7.19,6.9,7.18,36831,,,,,,7.058655775097219,7.9813067639227855,7.965547141188634,8.54734447908792,8.525485675819374,,,,,,,9.333544843880077,,,,,,7.9813067639227855,8.128050439332801,9.049640983852964,11.710277620137845,"rgba(38, 166, 154, 1.0)",0.0,0.0,0.9666426092688131,7.969591822304207,-0.9513255607465972,0.0,0.0,0.0,0.0,0.0,0.0,0.0,0.0,68.84051112834186,11.05557386143336,True,False,True,False,True,1.7016280128368386,0,0.9612752710589204,0.9818395841754065,False,False,False,False,0.3326218329928657,0.25849215478721843,False,False,False,False,-4010679,-4080308.369235428,False,False,False,False,48854.78516629163,False,False,False,False
2023-11-22 00:00:00+00:00,7.02,7.12,6.82,7.01,36763,,,,,,7.042902211957427,7.97416427017332,7.960860881751111,8.542471810218316,8.521726487550215,,,,,,,9.329581192844282,,,,,,7.97416427017332,8.12387545716926,9.045607575729877,11.705339993427168,"rgba(38, 166, 154, 1.0)",0.0,0.0,0.8705361021951872,7.96786191387649,-1.0888255081969773,0.0,0.0,0.0,0.0,0.0,0.0,0.0,0.0,69.11005773755593,11.608468545598555,True,False,True,False,True,1.4748073033056883,0,0.9662390707766929,0.9719119847398614,False,False,False,False,0.30550704302583254,0.2819995989065255,False,False,False,False,-4047442,-4079019.4920105096,False,False,False,False,48380.59751271157,False,False,False,False
2023-11-24 00:00:00+00:00,6.96,6.97,6.8,6.9,17900,,,,,,7.030105004949003,7.970456448574256,7.958417041460799,8.53999392197743,8.519811686324688,,,,,,,9.327593129743686,,,,,,7.970456448574256,8.121717383054332,9.043576488148044,11.702900584323004,"rgba(38, 166, 154, 1.0)",0.0,0.0,0.8322420054741525,7.966742228973385,-1.2096748570144749,0.0,0.0,0.0,0.0,0.0,0.0,0.0,0.0,68.60260854158945,11.608468545598555,True,False,True,False,True,1.0160454323980304,0,0.9550181877718379,0.9831932174915825,False,False,False,False,0.2794478594424887,0.28072372917450705,False,False,False,False,-4065342,-4078483.1197748035,False,False,False,False,47185.27996319347,False,False,False,False
2023-11-27 00:00:00+00:00,6.85,6.97,6.8,6.97,14726,,,,,,7.018597694503427,7.967320606436449,7.956345028315497,8.537915312142385,8.518204020129758,,,,,,,9.325935266145237,,,,,,7.967320606436449,8.11989416980375,9.041879777867528,11.70088024878073,"rgba(38, 166, 154, 1.0)",0.0,0.0,0.8141382902650133,7.965712549518803,-1.3704214171717968,0.0,0.0,0.0,0.0,0.0,0.0,0.0,0.0,66.99532111177908,11.608468545598555,True,False,True,False,True,0.17243315704608975,0,0.9552078638422079,0.9816782206196923,False,False,False,False,0.2843590296480246,0.28254137941126584,False,False,False,False,-4080068,-4078545.2719404977,False,False,False,False,45912.36702346039,False,False,False,False
2023-11-28 00:00:00+00:00,7.2,7.253,6.85,6.9,44322,,,,,,7.033508184183594,7.959931500213676,7.95145719623958,8.532541724013546,8.514051303110998,,,,,,,9.321420886077165,,,,,,7.959931500213676,8.11543506108049,9.037323483632544,11.695095960866896,"rgba(38, 166, 154, 1.0)",0.0,0.0,0.7943374114588877,7.964236223030824,-0.962105286753673,0.0,0.0,0.0,0.0,0.0,0.0,0.0,0.0,67.91195765984814,11.608468545598555,True,False,True,False,True,2.7748412824791693,0,0.9800296961473155,0.9489126805390774,False,False,False,False,0.3428282173175942,0.31268479836443,False,False,False,False,-4035746,-4076866.869119302,False,False,False,False,45849.99968920705,False,False,False,False
2023-11-29 00:00:00+00:00,7.58,7.68,7.2,7.2,65367,,,,,,7.128966000775565,7.954052171949486,7.947572772431749,8.526805005879304,8.509630517506956,,,,,,,9.315946944018366,,,,,,7.954052171949486,8.111402743082065,9.03197332072862,11.6873055935874,"rgba(38, 166, 154, 1.0)",0.0,0.0,0.7842622761792133,7.965924436957375,-0.49208593691071145,0.0,0.0,0.0,0.0,0.0,0.0,0.0,0.0,70.18049420163861,13.913252369329804,True,False,True,False,True,5.454457268108172,0,1.007895521249974,0.9073818617902522,False,False,False,False,0.34282822336056895,0.32775651086249946,False,False,False,False,-3970379,-4072690.874251879,False,False,False,False,46615.37225041461,False,False,False,False
2023-11-30 00:00:00+00:00,7.21,7.64,7.15,7.64,43507,,,,,,7.154095896760481,7.948961878645247,7.9441749666518,8.52246376599638,8.506271269999663,,,,,,,9.312017786619062,,,,,,7.948961878645247,8.108095750653144,9.028081462062877,11.68194775797682,"rgba(38, 166, 154, 1.0)",0.0,0.0,0.7712376170687893,7.96571143382265,-0.9798684829389553,0.0,0.0,0.0,0.0,0.0,0.0,0.0,0.0,67.96497186131262,13.913252369329804,True,False,True,False,True,2.594198292134866,0,0.9995871767627891,0.9176722183496545,False,False,False,False,0.328916805251332,0.3283366580569157,False,False,False,False,-4013886,-4070384.8007518053,False,False,False,False,46493.475299417965,False,False,False,False
2023-12-01 00:00:00+00:00,7.55,7.565,7.12,7.12,26642,,,,,,7.172132485237169,7.946277195262983,7.942377229183463,8.51999501211664,8.504360400252212,,,,,,,9.30971435062782,,,,,,7.946277195262983,8.106287866576722,9.025816779564787,11.678732315553596,"rgba(38, 166, 154, 1.0)",0.0,0.0,0.7679256544814566,7.965840544545642,-0.5415114628856094,0.0,0.0,0.0,0.0,0.0,0.0,0.0,0.0,68.08534601394416,13.913252369329804,True,False,True,False,True,4.9300130683832535,0,1.0062262537049194,0.9157168148634401,False,False,False,False,0.3128403293702416,0.32058849371357867,False,False,False,False,-3987244,-4067124.3771929108,False,False,False,False,45714.98607198981,False,False,False,False
2023-12-04 00:00:00+00:00,7.69,7.86,7.4597,7.64,47609,,,,,,7.22749321822728,7.943831265713397,7.940743273854952,8.51663213239052,8.501765330267018,,,,,,,9.306170139883351,,,,,,7.943831265713397,8.104272850163984,9.02243049222305,11.673345396880734,"rgba(38, 166, 154, 1.0)",1.0,6.015714,0.7690592064743947,7.926588516223925,-0.30763368311851985,0.0,0.0,0.0,0.0,0.0,0.0,0.0,0.0,68.75873207705241,13.913252369329804,True,False,True,False,True,5.867085037509693,0,1.0362394304390254,0.8944124601287669,False,False,False,False,0.342828225981604,0.33170835984759134,False,False,False,False,-3939635,-4062124.7937735813,False,True,False,False,45789.26112799022,False,True,False,False
2023-12-05 00:00:00+00:00,7.36,7.7928,7.36,7.62,21819,,,,,,7.240916381040022,7.942055636275584,7.939547015982291,8.514800069729699,8.500345674949996,,,,,,,9.30438705430055,,,,,,7.942055636275584,8.103005812987943,9.020694857203479,11.670779489157868,"rgba(38, 166, 154, 0.75)",0.0,0.0,0.7652357524036101,7.9243445183459515,-0.7374779818811937,0.0,0.0,0.0,0.0,0.0,0.0,0.0,0.0,66.23649316819998,13.913252369329804,True,False,True,False,False,3.34695550485516,0,1.0371100822513064,0.8937587295018364,False,False,False,False,0.31928022925502547,0.3254942945513084,False,False,False,False,-3961454,-4058176.919507951,False,False,False,False,44849.250887676884,False,False,False,False
2023-12-06 00:00:00+00:00,7.39,7.6,7.39,7.46,11668,,,,,,7.246454750525035,7.941016550915625,7.938845204359111,8.513780270585979,8.499554487433159,,,,,,,9.303411560416265,,,,,,7.941016550915625,8.102280509188128,9.01974128427984,11.669394067093092,"rgba(38, 166, 154, 0.75)",0.0,0.0,0.7610597696455486,7.923306534065124,-0.7007419854993823,0.0,0.0,0.0,0.0,0.0,0.0,0.0,0.0,64.71740895249398,13.913252369329804,True,False,True,False,False,3.553499833172829,0,1.0515474628881647,0.8941127576399082,False,False,False,False,0.2966362931983942,0.31106529387485127,False,False,False,False,-3949786,-4053926.295213522,False,False,False,False,43548.02536266995,False,False,False,False
2023-12-07 00:00:00+00:00,7.12,7.4,6.94,7.34,28785,,,,,,7.240988146684314,7.936850043707658,7.9360193696006345,8.510543131996611,8.497033481088335,,,,,,,9.3006098047143,,,,,,7.936850043707658,8.099647150317914,9.016932242668606,11.665731405287593,"rgba(38, 166, 154, 0.75)",0.0,0.0,0.7566156568907456,7.9163821064142414,-1.0525583222622077,0.0,0.0,0.0,0.0,0.0,0.0,0.0,0.0,61.431775342583265,16.779191372026517,True,False,True,False,False,1.5276218845427643,0,1.0265500917289954,0.9014650980794644,False,False,False,False,0.2088703261582656,0.25996781001655844,False,False,False,False,-3978571,-4050971.185597305,False,False,False,False,42969.083191584854,False,False,False,False
2023-12-08 00:00:00+00:00,6.9,7.1342,6.85,7.04,23387,,,,,,7.228260150572547,7.93267586130931,7.933179032958909,8.507554030071084,8.494700597248253,,,,,,,9.298135837703292,,,,,,7.93267586130931,8.09708659129807,9.014421781919008,11.662633578313406,"rgba(38, 166, 154, 0.75)",0.0,0.0,0.7547330474895977,7.910214021209245,-1.3385050841081239,0.0,0.0,0.0,0.0,0.0,0.0,0.0,0.0,57.59272455601539,13.139267983653205,True,False,True,False,False,0.0,0,1.026649956102961,0.9064611352156046,False,False,False,False,0.16221789948033857,0.21109285474844852,False,False,False,False,-4001958,-4049049.099887607,False,False,False,False,42201.15836054231,False,False,False,False
2023-12-11 00:00:00+00:00,6.83,6.925,6.75,6.86,15709,,,,,,7.216591673104323,7.929529794058866,7.93103351262112,8.505389115050276,8.493008729626078,,,,,,,9.29638728508638,,,,,,7.929529794058866,8.09518242155399,9.012635342378589,11.66049917975746,#000000,0.0,0.0,0.7541050241096061,7.9059026939294625,-1.4267279218830458,0.0,0.0,0.0,0.0,0.0,0.0,0.0,0.0,54.524417014555134,10.310865001959804,True,False,False,False,False,0.0,0,1.0167943692088384,0.9254722024233785,False,False,False,False,0.12224357013668671,0.16666821244256763,False,False,False,False,-4017667,-4047818.4293037797,False,False,False,False,41162.250189540646,False,False,False,False
2023-12-12 00:00:00+00:00,6.97,6.97,6.6,6.71,46350,,,,,,7.1868132584329505,7.920449258867605,7.924818519954531,8.499078376900462,8.48807183764442,,,,,,,9.291266938048464,,,,,,7.920449258867605,8.089649140736618,9.007409559909007,11.654227740388741,#000000,0.0,0.0,0.7531771084922316,7.813954325652844,-1.12052572514098,0.0,0.0,0.0,0.0,0.0,0.0,0.0,0.0,53.56362859721047,9.436008008470715,True,False,False,False,False,0.44395422456375755,0,1.0179076045819246,0.9157226118988747,False,False,False,False,0.10876301091866658,0.1377156116806171,False,False,False,False,-3971317,-4044818.373252651,False,False,False,False,41365.69135857827,False,False,False,False
2023-12-13 00:00:00+00:00,6.88,6.97,6.61,6.9,57787,,,,,,7.15335696482705,7.909063253222167,7.9169798308001695,8.491151489869402,8.481858741603476,,,,,,,9.284843720398259,,,,,,7.909063253222167,8.082672285003817,9.00084953829904,11.646388410656744,#000000,0.0,0.0,0.7524824202549552,7.803766070236553,-1.2276247861359524,0.0,0.0,0.0,0.0,0.0,0.0,0.0,0.0,52.18834651223557,8.071885713497316,True,False,False,False,False,0.0,0,1.0207397745271594,0.9073263144818162,False,False,False,False,0.1100451026594841,0.12388035717005061,False,False,False,False,-4029104,-4044202.1233211746,False,False,False,False,42009.66424647716,False,False,False,False
2023-12-14 00:00:00+00:00,7.59,7.64,6.9,6.9,71031,,,,,,7.175868742960003,7.9023772607747835,7.91230845583237,8.48472149346385,8.47682182181357,,,,,,,9.27876679179991,,,,,,7.9023772607747835,8.077935557802624,8.994884271589047,11.637894564953617,"rgba(38, 166, 154, 1.0)",0.0,0.0,0.7602453906825193,7.8169931686469685,-0.29857881603620484,0.0,0.0,0.0,0.0,0.0,0.0,0.0,0.0,55.826902755752606,8.071885713497316,True,False,True,False,True,4.783505687241078,0,1.042775397705144,0.8660175559483507,False,False,False,False,0.2354804363782575,0.17968039677415404,False,False,False,False,-3958073,-4040824.510641913,False,False,False,False,43147.75584465452,False,False,False,False
2023-12-15 00:00:00+00:00,7.22,7.64,7.17,7.64,19870,,,,,,7.180461753637691,7.9004202037489195,7.910935699940994,8.482882333458836,8.475378573713982,,,,,,,9.277044102648787,,,,,,7.9004202037489195,8.076559432216705,8.993189188931934,11.635506028246326,"rgba(38, 166, 154, 1.0)",0.0,0.0,0.7613992867568475,7.818654967584787,-0.7862562757771105,0.0,0.0,0.0,0.0,0.0,0.0,0.0,0.0,55.43074523274034,8.071885713497316,True,False,True,False,True,2.055624080275379,0,1.0650903623337955,0.8657920339632654,False,False,False,False,0.27193855054687976,0.2258094736605169,False,False,False,False,-3977943,-4038358.5690481127,False,False,False,False,42234.902674275916,False,False,False,False
2023-12-18 00:00:00+00:00,7.05,7.38,6.82,7.07,40094,,,,,,7.175368339068591,7.894688941154824,7.906926163964977,8.478346615800996,8.47181123479902,,,,,,,9.273111226590766,,,,,,7.894688941154824,8.072819213915688,8.989242049005227,11.630403020239843,#000000,0.0,0.0,0.7600986481733257,7.816057017971796,-1.007838942764587,0.0,0.0,0.0,0.0,0.0,0.0,0.0,0.0,54.01019181042103,8.071885713497316,True,False,False,False,True,0.8399103137148209,0,1.045601539389414,0.8796002182716333,False,False,False,False,0.19041735474188415,0.20811341420120053,False,False,False,False,-4018037,-4037561.644771716,False,False,False,False,42150.94570665725,False,False,False,False
2023-12-19 00:00:00+00:00,7.02,7.34,6.955,7.11,61850,,,,,,7.170101904280194,7.886235676594183,7.900977308792839,8.471514856139981,8.466429201243288,,,,,,,9.2671316100177,,,,,,7.886235676594183,8.067229522621506,8.983253845700927,11.6225907955069,#000000,0.0,0.0,0.7588468313918665,7.8127539777533315,-1.044682464179594,0.0,0.0,0.0,0.0,0.0,0.0,0.0,0.0,52.85548301099645,8.071885713497316,True,False,False,False,True,0.6250585249285052,0,1.0502359490237079,0.8854954929497866,False,False,False,False,0.20292428989175954,0.20551885204648002,False,False,False,False,-4079887,-4039221.4626238057,False,False,False,False,42923.45763972952,False,False,False,False
2023-12-20 00:00:00+00:00,7.08,7.3,6.96,7.3,54104,,,,,,7.166613742400823,7.87906541633967,7.895899111897949,8.465630293904637,8.4617844470231,,,,,,,9.261947908737417,,,,,,7.87906541633967,8.062434443963372,8.978069821924805,11.615791610896338,#000000,0.0,0.0,0.7583234768193965,7.81002934699678,-0.9626885746155591,0.0,0.0,0.0,0.0,0.0,0.0,0.0,0.0,52.5157243537908,8.071885713497316,False,False,False,False,True,1.0525899582361475,1,1.0489730729356386,0.8948639636862898,False,False,False,False,0.1983093821424349,0.20191411709445745,False,False,False,False,-4025783,-4038694.464089539,False,False,False,False,43361.91028130875,False,False,False,False
2023-12-21 00:00:00+00:00,7.19,7.3,7.09,7.09,53887,,,,,,7.168154649065542,7.872787362935342,7.89141639500004,8.460163541746068,8.457462491921426,,,,,,,9.257001051878238,,,,,,7.872787362935342,8.058104815669065,8.973155370457318,11.609160008938948,#000000,0.0,0.0,0.7604408927400693,7.80877407166907,-0.8137043622673468,0.0,0.0,0.0,0.0,0.0,0.0,0.0,0.0,53.09163993132053,8.071885713497316,False,False,False,False,True,1.8393357217007953,1,1.0634367394892166,0.8866485775825897,False,False,False,False,0.21549417048485403,0.20870414378965574,False,False,False,False,-3971896,-4036074.9164781845,False,False,False,False,43774.65889772802,False,False,False,False
2023-12-22 00:00:00+00:00,7.04,7.38,7.03,7.21,41668,,,,,,7.16737964141527,7.867706516424258,7.887776425508518,8.455824992602441,8.454026819966861,,,,,,,9.253112115501857,,,,,,7.867706516424258,8.054620117245117,8.969281727799734,11.603995570121727,#000000,0.0,0.0,0.760904446416591,7.807055777780749,-1.008084236323138,0.0,0.0,0.0,0.0,0.0,0.0,0.0,0.0,52.21455861819293,7.3010414464923485,False,False,False,False,True,0.7183881415687772,1,1.0810064798451569,0.8728659990462565,False,False,False,False,0.21814890009725935,0.21342652194345754,False,False,False,False,-4013564,-4035192.1354398243,False,False,False,False,43692.04482330731,False,False,False,False
2023-12-26 00:00:00+00:00,7.07,7.25,7.0511,7.1,44234,,,,,,7.165485980203441,7.862195560073084,7.883814846411284,8.451158468517502,8.450326114249581,,,,,,,9.248947937867735,,,,,,7.862195560073084,8.050843268195162,8.965128323095175,11.598493873062258,#000000,0.0,0.0,0.7636101724672465,7.80482224488797,-0.9623002303829163,0.0,0.0,0.0,0.0,0.0,0.0,0.0,0.0,51.879376793117856,6.6765392674864685,False,False,False,False,False,0.9388816904470474,1,1.0755233358622047,0.8765236449464723,False,False,False,False,0.20372947033612773,0.20857799613979264,False,False,False,False,-3969330,-4032609.306599047,False,False,False,False,43713.29796749134,False,False,False,False
2023-12-27 00:00:00+00:00,6.89,7.11,6.89,7.11,75007,,,,,,7.151642649097356,7.851045733802325,7.875792698847645,8.442372818766001,8.443344805132034,,,,,,,9.241393878893772,,,,,,7.851045733802325,8.043412760503417,8.957518369581082,11.58886230507011,#000000,0.0,0.0,0.7589737559113124,7.797595767811112,-1.1958196982995108,0.0,0.0,0.0,0.0,0.0,0.0,0.0,0.0,50.107861644399016,4.718478955532014,False,False,False,False,False,0.0,1,1.064267236531324,0.8861376673040153,False,False,False,False,0.16427336862935335,0.186425682384573,False,False,False,False,-4044337,-4033069.2161441827,False,False,False,False,44940.501968766184,False,False,False,False
2023-12-28 00:00:00+00:00,6.73,7.0,6.7,6.9,62117,,,,,,7.13330745265109,7.840460149173878,7.868155506140357,8.43442896217055,8.437018804113698,,,,,,,9.2347571466912,,,,,,7.840460149173878,8.036472881760854,8.950778634208097,11.58065276741975,"rgba(239, 83, 80, 0.5)",0.0,0.0,0.7553360149598705,7.789394541829957,-1.402547370770133,0.0,0.0,0.0,0.0,0.0,0.0,0.0,0.0,47.662577118460206,2.21935018475412,False,False,False,True,False,0.0,1,1.044171086784787,0.9087461911748109,False,False,False,False,0.12545957237961336,0.1559426273820932,False,False,False,False,-4106454,-4035947.0508051952,False,False,False,False,45614.090126853785,False,False,False,False
2023-12-29 00:00:00+00:00,6.62,6.83,6.5,6.82,103081,,,,,,7.093784133626653,7.820705878999548,7.85384028599313,8.420133891444307,8.425606684803245,,,,,,,9.223101829458665,,,,,,7.820705878999548,8.02364701447425,8.938858174866299,11.566636562500884,"rgba(239, 83, 80, 1.0)",0.0,0.0,0.7528194990820577,7.772744124894153,-1.5312357428304382,0.0,0.0,0.0,0.0,0.0,0.0,0.0,0.0,45.20511593873837,-0.1972914296373034,False,True,False,True,False,0.0,1,1.0253634985684612,0.9193173524953687,False,False,False,False,0.07808968721408192,0.11701615729808756,False,False,False,False,-4209535,-4042754.4213618543,False,False,False,False,47867.69443560462,False,False,False,False
2024-01-02 00:00:00+00:00,6.58,6.6983,6.53,6.62,25743,,,,,,7.083956989307501,7.815679488244554,7.850179401673644,8.416505264893818,8.422704171695996,,,,,,,9.220154335392703,,,,,,7.815679488244554,8.020372014967268,8.935839426092583,11.563115135094746,"rgba(239, 83, 80, 1.0)",0.0,0.0,0.7469736840643361,7.768545046458691,-1.5911471472351395,0.0,0.0,0.0,0.0,0.0,0.0,0.0,0.0,43.262171159908206,-2.07768812963063,False,True,False,True,False,0.0,1,1.0339580763099039,0.9225127173784454,False,False,False,False,0.06513927568486534,0.09107771649147645,False,False,False,False,-4235278,-4050304.365622174,False,False,False,False,47000.059359698564,False,False,False,False
2024-01-03 00:00:00+00:00,6.41,6.66,6.35,6.52,48156,,,,,,7.0619209879577785,7.805395857027853,7.842683757034113,8.409274520806296,8.41691495683235,,,,,,,9.214386606745636,,,,,,7.805395857027853,8.013730339568017,8.92990119443737,11.556369655823223,"rgba(239, 83, 80, 1.0)",0.0,0.0,0.7432422216208937,7.759478258450718,-1.8156641525392887,0.0,0.0,0.0,0.0,0.0,0.0,0.0,0.0,40.708448813975735,-4.504612467278179,False,True,False,True,False,0.0,0,1.035796604846534,0.9177177210859556,False,False,False,False,0.03740902307698238,0.06424336978422941,False,False,False,False,-4283434,-4059446.7042252263,False,False,False,False,47045.39036520058,False,False,False,False
2024-01-04 00:00:00+00:00,6.2183,6.411,6.06,6.41,38748,,,,,,7.038439222020579,7.795742775192315,7.835649207986388,8.40276827158482,8.411701019957313,,,,,,,9.209352421004686,,,,,,7.795742775192315,8.007588991469726,8.9246721510473,11.550695516641612,"rgba(239, 83, 80, 1.0)",0.0,0.0,0.7420454347153842,7.750299983448812,-2.0645635857006783,0.0,0.0,0.0,0.0,0.0,0.0,0.0,0.0,37.744664523089966,-7.26633108146855,False,True,False,True,False,0.0,0,1.0278344123380796,0.9277914011048861,False,False,False,False,-0.030902410362004442,0.016670479711112483,False,False,False,False,-4322182,-4069750.0491575706,False,False,False,False,46720.00250774174,False,False,False,False
2024-01-05 00:00:00+00:00,6.3,6.33,6.07,6.07,18346,,,,,,7.027824513801553,7.791223789307331,7.832347272633366,8.39970632516172,8.409245062098183,,,,,,,9.206977652294887,,,,,,7.791223789307331,8.004701779230459,8.922206683512638,11.548014996897109,"rgba(239, 83, 80, 1.0)",0.0,0.0,0.7403022420094956,7.746083382252017,-1.9533689082539196,0.0,0.0,0.0,0.0,0.0,0.0,0.0,0.0,36.847524470236245,-8.08696953208603,False,True,False,True,False,0.0,0,1.0294443856138846,0.928008114901657,False,False,False,False,-0.039908510498656506,-0.011619015393772011,False,False,False,False,-4303836,-4078929.8903670777,False,False,False,False,45607.29652704598,False,False,False,False
2024-01-08 00:00:00+00:00,6.39,6.4015,6.3099,6.32,12601,,,,,,7.021895232167067,7.788400304754438,7.830276316870412,8.397737804770882,8.4076649180912,,,,,,,9.205422024139873,,,,,,7.788400304754438,8.002873508720603,8.9206000207377,11.54622175153701,"rgba(239, 83, 80, 1.0)",0.0,0.0,0.7389944513146463,7.743605541148933,-1.8316856625119646,0.0,0.0,0.0,0.0,0.0,0.0,0.0,0.0,37.42681085651712,-8.08696953208603,False,True,False,True,False,0.0,0,1.0464801773238683,0.9192054095002945,False,False,False,False,-0.0004370819927418425,-0.006028048693256927,False,False,False,False,-4291235,-4087255.580940918,False,False,False,False,44312.931957357905,False,False,False,False
2024-01-09 00:00:00+00:00,6.4,6.455,6.2951,6.34,16122,,,,,,7.014646873951902,7.784845234348413,7.827664513670694,8.395244878926727,8.405662863852031,,,,,,,9.203445571430906,,,,,,7.784845234348413,8.000563477899984,8.918560414085974,11.543936428478087,"rgba(239, 83, 80, 1.0)",0.0,0.0,0.738294360209448,7.740530362326946,-1.8157125864359145,0.0,0.0,0.0,0.0,0.0,0.0,0.0,0.0,37.94817908643976,-8.08696953208603,False,True,False,True,False,0.0,0,1.0459692003549486,0.913138710728206,False,False,False,False,0.004465725044023737,-0.0007811618246165949,False,False,False,False,-4275113,-4094622.538551078,False,False,False,False,43207.40521393211,False,False,False,False
2024-01-10 00:00:00+00:00,6.13,6.46,6.11,6.46,35989,,,,,,6.995337528939039,7.7761311579209735,7.821265957741063,8.389288798988265,8.400877442909641,,,,,,,9.198809328606412,,,,,,7.7761311579209735,7.994954311508675,8.913750478531796,11.53869410939666,"rgba(239, 83, 80, 1.0)",0.0,0.0,0.7381716061695384,7.732626385307574,-2.1710756305350136,0.0,0.0,0.0,0.0,0.0,0.0,0.0,0.0,36.16477894020282,-9.005801549246833,False,True,False,True,False,0.0,0,1.0466562285276593,0.9143021278033723,False,False,False,False,-0.018352649006673504,-0.00956690541564505,False,False,False,False,-4311102,-4103111.9291961337,False,False,False,False,42924.33049966026,False,False,False,False
2024-01-11 00:00:00+00:00,6.1,6.21,5.95,6.21,36412,,,,,,6.973170994184329,7.766584987691134,7.814251122530604,8.382888339347538,8.395731022841993,,,,,,,9.193902033010344,,,,,,7.766584987691134,7.988845856309595,8.908636188977042,11.533254360381154,"rgba(239, 83, 80, 1.0)",0.0,0.0,0.7385377128543058,7.723715736499615,-2.1985549393601955,0.0,0.0,0.0,0.0,0.0,0.0,0.0,0.0,34.7623741667801,-10.476400311824648,False,True,False,True,False,0.0,0,1.0346726173789207,0.9208540318692039,False,False,False,False,-0.07588133709768101,-0.04272412125666303,False,False,False,False,-4347514,-4112696.3241296187,False,False,False,False,42668.94498986966,False,False,False,False
2024-01-12 00:00:00+00:00,6.0,6.26,6.0,6.26,21542,,,,,,6.960558803644138,7.760987922254259,7.810127667556755,8.379118436280633,8.392697069926351,,,,,,,9.191006067358769,,,,,,7.760987922254259,7.985250360486309,8.905619185037592,11.530041213824918,"rgba(239, 83, 80, 1.0)",0.0,0.0,0.7392874941954819,7.718564220841927,-2.32462233479565,0.0,0.0,0.0,0.0,0.0,0.0,0.0,0.0,33.11164838041874,-12.169178817385692,False,True,False,True,False,0.0,0,1.036192124138316,0.9212023108481483,False,False,False,False,-0.0700593518792297,-0.05639173656794636,False,False,False,False,-4369056,-4122749.644751987,False,False,False,False,41840.437343208105,False,False,False,False
2024-01-16 00:00:00+00:00,5.9,6.15,5.9,6.08,43852,,,,,,6.933053976180145,7.749012594245221,7.801294631844864,8.371138148013754,8.386269919080853,,,,,,,9.184931861440193,,,,,,7.749012594245221,7.977576940746095,8.899273105781429,11.523388122605896,"rgba(239, 83, 80, 1.0)",0.0,0.0,0.7404850792469407,7.707397574994251,-2.440829161382076,0.0,0.0,0.0,0.0,0.0,0.0,0.0,0.0,31.327253474890774,-13.965165558069316,False,True,False,True,False,0.0,0,1.0282543391188252,0.9303738317757009,False,False,False,False,-0.15741145912090293,-0.10690159784442464,False,False,False,False,-4412908,-4134128.403781321,False,False,False,False,41919.32215327838,False,False,False,False
2024-01-17 00:00:00+00:00,5.8,6.0099,5.75,5.81,20875,,,,,,6.91877832767434,7.742952782542254,7.796821139712756,8.367152054226123,8.383057500757245,,,,,,,9.181931302032597,,,,,,7.742952782542254,7.973707934943751,8.896127551276189,11.52015243067456,"rgba(239, 83, 80, 1.0)",0.0,0.0,0.7421693222288417,7.70165457106763,-2.5622920728610645,0.0,0.0,0.0,0.0,0.0,0.0,0.0,0.0,29.48643646635246,-15.791397172727535,False,True,False,True,False,0.0,0,1.0128778353508985,0.9644224426163882,False,False,False,False,-0.2880065235052305,-0.19745406067482757,False,False,False,False,-4433783,-4145879.564417348,False,False,False,False,41094.0546178557,False,False,False,False
2024-01-18 00:00:00+00:00,5.78,5.88,5.7001,5.88,44083,,,,,,6.88802919680145,7.729835784856533,7.787119955345287,8.35855379296243,8.376122450237247,,,,,,,9.175486136992673,,,,,,7.729835784856533,7.965328474028968,8.88936126805164,11.513251380627203,"rgba(239, 83, 80, 1.0)",0.0,0.0,0.7441118266802148,7.6892247781917336,-2.5657766880410446,0.0,0.0,0.0,0.0,0.0,0.0,0.0,0.0,28.128070743905532,-17.157608293690487,False,True,False,True,False,0.0,0,0.98863495007294,0.9835404674936955,False,False,False,False,-0.34282825441539394,-0.27014115754511075,False,False,False,False,-4477866,-4158898.6403225497,False,False,False,False,41211.26816225352,False,False,False,False
2024-01-19 00:00:00+00:00,5.83,5.99,5.63,5.72,54553,,,,,,6.85318885025425,7.714091550074828,7.7754214576060185,8.348115451849887,8.367690130088006,,,,,,,9.167614232701359,,,,,,7.714091550074828,7.955188730910443,8.88110908805257,11.504778821452943,"rgba(239, 83, 80, 1.0)",0.0,0.0,0.7447700219264473,7.674686727197468,-2.4768541601955714,0.0,0.0,0.0,0.0,0.0,0.0,0.0,0.0,28.223066584390686,-17.191097686645577,False,True,False,True,False,0.0,0,0.985565481323078,1.0033858747513766,False,False,False,False,-0.33494613309142424,-0.3025436453182675,False,False,False,False,-4423313,-4169267.8308981364,False,False,False,False,41734.47333236122,False,False,False,False
2024-01-22 00:00:00+00:00,5.75,5.97,5.75,5.93,34593,,,,,,6.832380996714427,7.704276029256334,7.768099941385807,8.341557937123534,8.362385675958961,,,,,,,9.162651504022419,,,,,,7.704276029256334,7.948828270531634,8.87591049844193,11.49942555227233,"rgba(239, 83, 80, 1.0)",0.0,0.0,0.7455908273151817,7.665779677021218,-2.5694786025195637,0.0,0.0,0.0,0.0,0.0,0.0,0.0,0.0,27.659946916332927,-17.923900898058804,False,True,False,True,False,0.0,0,0.989400554846715,1.0005209003968207,False,False,False,False,-0.3153641036479495,-0.3089538744831085,False,False,False,False,-4457906,-4180586.974784484,False,False,False,False,41454.41555462157,False,False,False,False
2024-01-23 00:00:00+00:00,5.75,5.8772,5.6712,5.77,9759,,,,,,6.8263379249131715,7.701441737029475,7.7659839385061575,8.339672277922004,8.360859616947549,,,,,,,9.161230199805004,,,,,,7.701441737029475,7.946992681066832,8.874419703135151,11.497901969755368,"rgba(239, 83, 80, 1.0)",0.0,0.0,0.746325275299793,7.663195217378653,-2.5634871023363606,0.0,0.0,0.0,0.0,0.0,0.0,0.0,0.0,27.28453380429442,-18.50853627213563,False,True,False,True,False,0.0,0,0.9814005689661379,1.015106411072033,False,False,False,False,-0.34282825441539394,-0.3258910644492512,False,False,False,False,-4457906,-4191462.230675289,False,False,False,False,40211.45808189132,False,False,False,False
2024-01-24 00:00:00+00:00,5.62,5.845,5.51,5.82,51379,,,,,,6.792495978728563,7.685831850313159,7.754320452739734,8.329376111889957,8.352522175656548,,,,,,,9.153529945956919,,,,,,7.685831850313159,7.936904209214219,8.866323114918076,11.489743366549796,"rgba(239, 83, 80, 1.0)",0.0,0.0,0.7470265933324638,7.51564626831126,-2.5375887354355577,0.0,0.0,0.0,0.0,0.0,0.0,0.0,0.0,26.016357475324565,-19.93318364242821,False,True,False,True,False,0.0,0,0.9573343413252695,1.0134338925288597,False,False,False,False,-0.34282825441539394,-0.3343596594323226,False,False,False,False,-4509285,-4203925.868688023,False,False,False,False,40649.40090220931,False,False,False,False
2024-01-25 00:00:00+00:00,5.57,5.65,5.52,5.59,17283,,,,,,6.780792573132434,7.680433627744247,7.750280473885839,8.325829359678078,8.34964794965143,,,,,,,9.150889437407535,,,,,,7.680433627744247,7.933414605117279,8.863542438427565,11.486967279423173,"rgba(239, 83, 80, 1.0)",0.0,0.0,0.7484679908373293,7.509830150780428,-2.59173428193007,0.0,0.0,0.0,0.0,0.0,0.0,0.0,0.0,24.80751274072821,-21.2624645079003,False,True,False,True,False,0.0,0,0.9649992645616787,1.0268986565993332,False,False,False,False,-0.34282825441539394,-0.3385939569238583,False,False,False,False,-4526568,-4216578.501288492,False,False,False,False,39733.071455063844,False,False,False,False
2024-01-26 00:00:00+00:00,6.0108,6.1824,5.5642,5.66,139393,,,,,,6.718558051330624,7.644756096700061,7.723244582660747,8.301046893326205,8.329494479377525,,,,,,,9.131743790030505,,,,,,7.644756096700061,7.909645063729891,8.843584922926057,11.465952235971178,"rgba(239, 83, 80, 0.75)",0.0,0.0,0.7457716035582438,7.4902011674813185,-1.9837188227907359,0.0,0.0,0.0,0.0,0.0,0.0,0.0,0.0,32.0334734920307,-22.305909154636417,False,True,False,True,True,0.0,0,0.9749894989498948,0.9769876987698769,False,False,False,False,-0.24296370710722123,-0.2907788320155398,False,False,False,False,-4387175,-4223268.560061493,False,False,False,False,43641.30394702213,False,False,False,False
2024-01-29 00:00:00+00:00,6.5804,6.69,6.22,6.25,97217,,,,,6.4968,6.7079231628306815,7.62876436879511,7.710744367686949,8.288181807325211,8.318956953967202,,,,,,,9.120901690514067,,,,,,7.62876436879511,7.8981122084201845,8.8325432551272,11.45290598127852,"rgba(239, 83, 80, 0.75)",0.0,0.0,0.7430400710036289,7.402051023833255,-1.105796384202329,0.0,0.0,0.0,0.0,0.0,0.0,0.0,0.0,42.31256535073935,-13.047147582368034,False,True,False,True,True,0.0,0,0.9999883137978991,0.9418611445466337,False,False,False,False,-0.05330755353837999,-0.1720431927769599,False,False,False,False,-4289958,-4225883.832215944,False,False,False,False,45742.3116353742,False,False,False,False
2024-01-30 00:00:00+00:00,6.39,6.58,6.35,6.58,28054,,,,,6.484079839707515,6.704265974120169,7.624004706727768,7.707017835655059,8.284386724202134,8.315844535501626,,,,,,,9.117722181007915,,,,,,7.624004706727768,7.894685603586466,8.829299227772978,11.449110937603537,#000000,0.0,0.0,0.7375973029718265,7.400244726523804,-1.3696426525062708,0.0,0.0,0.0,0.0,0.0,0.0,0.0,0.0,47.0446477285228,-9.269087186841517,False,False,False,False,True,0.0,0,1.000562382587678,0.9823268280425498,False,False,False,False,-0.05011808403071165,-0.11108063840383578,False,False,False,False,-4318012,-4229496.701540809,False,False,False,False,45048.652355555605,False,False,False,False
2024-01-31 00:00:00+00:00,6.31,6.51,6.27,6.43,23894,,,,,6.464738056961531,6.700347835781734,7.619720229835953,7.703670073049623,8.281032815630969,8.313093751632978,,,,,,,9.114942723181557,,,,,,7.619720229835953,7.8916266431807225,8.826454736575464,11.445833769567948,#000000,0.0,0.0,0.7271075202719316,7.397539226720222,-1.4957062008016269,0.0,0.0,0.0,0.0,0.0,0.0,0.0,0.0,49.35777929404373,-7.635850325143416,False,False,False,False,True,0.0,0,0.9884166129836034,0.989340366827513,False,False,False,False,-0.07406846205602613,-0.09257455022993095,False,False,False,False,-4341906,-4233904.909323523,False,False,False,False,44219.05814553382,False,False,False,False
2024-02-01 00:00:00+00:00,6.02,6.5,6.01,6.37,42817,,,,,6.400490613356114,6.689780815308843,7.610985109907615,7.69688288187786,8.274469793206762,8.30771373828831,,,,,,,9.109639130061321,,,,,,7.610985109907615,7.885509786308233,8.820988866867744,11.439756485981109,#000000,0.0,0.0,0.7194583135630004,7.388708258936404,-1.9024149601637088,0.0,0.0,0.0,0.0,0.0,0.0,0.0,0.0,48.17875258589662,-7.635850325143416,False,False,False,False,True,0.0,0,0.9547956590342436,0.9984703034098986,False,False,False,False,-0.11741275243495247,-0.1049936513324417,False,False,False,False,-4384723,-4239819.344252012,False,False,False,False,44164.075473159945,False,False,False,False
2024-02-02 00:00:00+00:00,5.97,6.057,5.93,6.02,35443,,,,,6.335842464988458,6.678213070229149,7.602881688451433,7.69060989702691,8.268576127363366,8.302883415246608,,,,,,,9.104978435675118,,,,,,7.602881688451433,7.8799170293279985,8.816155788196587,11.434554255145152,#000000,0.0,0.0,0.7138723824805315,7.378995393225014,-1.9737356813399907,0.0,0.0,0.0,0.0,0.0,0.0,0.0,0.0,46.96691303341517,-7.635850325143416,False,False,False,False,True,0.0,0,0.9284092871770832,1.057218288139357,False,False,False,False,-0.20279305765104538,-0.15389335449174354,False,False,False,False,-4420166,-4246891.762124482,False,False,False,False,43822.07251342818,False,False,False,False
2024-02-05 00:00:00+00:00,5.76,5.93,5.76,5.93,32919,,,,,6.270195674184925,6.665264444221235,7.594648398370275,7.684251234334328,8.262726068587897,8.29808915031835,,,,,,,9.100428228163874,,,,,,7.594648398370275,7.874291149048636,8.811414483538716,11.429581787484633,"rgba(239, 83, 80, 1.0)",0.0,0.0,0.7145081052881656,7.368381445503026,-2.2510331703716027,0.0,0.0,0.0,0.0,0.0,0.0,0.0,0.0,44.46479414217377,-7.635850325143416,False,True,False,True,False,0.0,0,0.9057378065411985,1.0591757792159486,False,False,False,False,-0.2525297954852682,-0.2032115749885059,False,False,False,False,-4453085,-4254977.771452934,False,False,False,False,43394.50104231335,False,False,False,False
2024-02-06 00:00:00+00:00,5.76,5.79,5.71,5.79,27643,,,,,6.22058362333485,6.653898676320098,7.587548884846424,7.678764979168528,8.257708495263488,8.293975143358871,,,,,,,9.096543501781104,,,,,,7.587548884846424,7.869445902704404,8.807360686198852,11.42536602448881,"rgba(239, 83, 80, 1.0)",0.0,0.0,0.7145081052881656,7.359468546654865,-2.2385589957860446,0.0,0.0,0.0,0.0,0.0,0.0,0.0,0.0,42.796714881346176,-7.635850325143416,False,True,False,True,False,0.0,0,0.9063199175444332,1.0643932728323993,False,False,False,False,-0.2849869232322238,-0.24409924911036485,False,False,False,False,-4453085,-4262746.682376348,False,False,False,False,42776.79511908538,False,False,False,False
2024-02-07 00:00:00+00:00,5.7,5.8,5.655,5.79,29455,,,,,6.173980520116011,6.641636851847565,7.579900792618012,7.672847661214502,8.252309642359496,8.289545887793555,,,,,,,9.09237081135565,,,,,,7.579900792618012,7.8642223624665775,8.803003605247227,11.420853127238788,"rgba(239, 83, 80, 1.0)",0.0,0.0,0.7127469030713495,7.350205758992665,-2.315275944211954,0.0,0.0,0.0,0.0,0.0,0.0,0.0,0.0,41.185470515910325,-1.2522961597806557,False,True,False,True,False,0.0,0,0.9068234343230239,1.0577522953159135,False,False,False,False,-0.29275813997267575,-0.2684286945415203,False,False,False,False,-4482540,-4271366.028165511,False,False,False,False,42254.37178108203,False,False,False,False
2024-02-08 00:00:00+00:00,5.95,5.9765,5.64,5.64,22102,,,,,6.153249609083555,6.633980860105131,7.574622746688779,7.668740882982661,8.248492059846326,8.286409089895292,,,,,,,9.089373546773265,,,,,,7.574622746688779,7.8605689083562815,8.79988729019876,11.417552832382055,"rgba(239, 83, 80, 1.0)",0.0,0.0,0.7053989333881837,7.3448191716369085,-1.9773480021259602,0.0,0.0,0.0,0.0,0.0,0.0,0.0,0.0,43.17531201502001,-1.2522961597806557,False,True,False,True,False,0.0,0,0.9068555467378197,1.0461223138017008,False,False,False,False,-0.2650203737725396,-0.26672453415702996,False,False,False,False,-4460438,-4278780.615296275,False,False,False,False,41464.08269162784,False,False,False,False
2024-02-09 00:00:00+00:00,5.85,5.983,5.8,5.96,14683,,,,,6.141826469843725,6.629119161231072,7.5711791951338565,7.666056103901514,8.245986075304156,8.284348651149486,,,,,,,9.087399071195003,,,,,,7.5711791951338565,7.858175902076039,8.797836230476609,11.415371242934404,"rgba(239, 83, 80, 1.0)",0.0,0.0,0.6946559646898899,7.341471719570296,-2.1470653033780875,0.0,0.0,0.0,0.0,0.0,0.0,0.0,0.0,43.539840286930875,-1.2522961597806557,False,True,False,True,False,0.0,0,0.9125266899405059,1.064283949287529,False,False,False,False,-0.23683473054652934,-0.25177963235177964,False,False,False,False,-4475121,-4286480.2382258335,False,False,False,False,40413.84415470126,False,False,False,False
2024-02-12 00:00:00+00:00,5.8,5.87,5.55,5.55,29187,,,,,6.111237839341634,6.6179013996380425,7.563822323579261,7.660334122634557,8.240731706200872,8.280029655238463,,,,,,,9.083313360536543,,,,,,7.563822323579261,7.853106711447119,8.793575847154624,11.410932077927416,"rgba(239, 83, 80, 1.0)",0.0,0.0,0.6864121180207472,7.208599987459019,-2.0521199298180854,0.0,0.0,0.0,0.0,0.0,0.0,0.0,0.0,43.30230227553376,-1.2522961597806557,False,True,False,True,False,0.0,0,0.8732261843040114,1.099506499990399,False,False,False,False,-0.2988262367712397,-0.27530293456150967,False,False,False,False,-4504308,-4295022.503393448,False,False,False,False,39973.57575647769,False,False,False,False
2024-02-13 00:00:00+00:00,5.65,5.78,5.59,5.7,19901,,,,,6.089630069796561,6.609844928849935,7.558657757202408,7.656317304736132,8.23706648504402,8.277016096366165,,,,,,,9.080477818377975,,,,,,7.558657757202408,7.849555591923382,8.790614455385725,11.407873700575978,"rgba(239, 83, 80, 1.0)",0.0,0.0,0.6790724007758363,7.201766001626599,-2.285126004022127,0.0,0.0,0.0,0.0,0.0,0.0,0.0,0.0,41.758628470264895,-1.6769486189079146,False,True,False,True,False,0.0,0,0.8754749692043979,1.1032776948595784,False,False,False,False,-0.3075322960465509,-0.2914176153040303,False,False,False,False,-4524209,-4304010.209142724,False,False,False,False,39186.41592289033,False,False,False,False
2024-02-14 00:00:00+00:00,5.8,5.8,5.6,5.74,24130,,,,,6.069516510740174,6.60087305070167,7.552631522798252,7.65161534419476,8.232740088881664,8.27345547115355,,,,,,,9.07710647102803,,,,,,7.552631522798252,7.845383627235444,8.787100260644003,11.404208536608913,"rgba(239, 83, 80, 1.0)",0.0,0.0,0.6700660968472489,7.196170211682978,-2.0836305824934986,0.0,0.0,0.0,0.0,0.0,0.0,0.0,0.0,42.70120026985047,-1.6769486189079146,False,True,False,True,False,0.0,0,0.8761036156867421,1.0986614209735,False,False,False,False,-0.3023033150756029,-0.29686046518981657,False,False,False,False,-4500079,-4311699.181333206,False,False,False,False,38595.96823963973,False,False,False,False
2024-02-15 00:00:00+00:00,5.75,5.8266,5.66,5.8,20646,,,,,6.05458883604744,6.593447033442566,7.547541247737188,7.647635960076428,8.22906822045324,8.270431443390446,,,,,,,9.074237785923172,,,,,,7.547541247737188,7.8418476102783,8.784111855228643,11.401083060777815,"rgba(239, 83, 80, 1.0)",0.0,0.0,0.653036067668271,7.1916132800669175,-2.2075553731884034,0.0,0.0,0.0,0.0,0.0,0.0,0.0,0.0,42.821943301175125,-1.6769486189079146,False,True,False,True,False,0.0,0,0.8553389305992843,1.1182691531444258,False,False,False,False,-0.2850098101797427,-0.29093513768477963,False,False,False,False,-4520725,-4319896.272261315,False,False,False,False,37892.04791651661,False,False,False,False
2024-02-16 00:00:00+00:00,5.79,5.84,5.66,5.78,25451,,,,,6.038935010622079,6.584656798674812,7.541367221623543,7.6427989433275725,8.224589016041707,8.266739777620598,,,,,,,9.070727129229027,,,,,,7.541367221623543,7.837541874736828,8.780457554732873,11.39724704400999,"rgba(239, 83, 80, 0.5)",0.0,0.0,0.6372354913541811,7.186359783201897,-2.1912774824178576,0.0,0.0,0.0,0.0,0.0,0.0,0.0,0.0,43.456253783462195,-1.6769486189079146,False,False,False,True,False,0.0,0,0.8596594486572314,1.114799200635112,False,False,False,False,-0.28008559212673984,-0.28551036490575976,False,False,False,False,-4495274,-4326773.830211852,False,False,False,False,37404.16368449636,False,False,False,False
2024-02-20 00:00:00+00:00,5.8,5.8,5.7,5.79,36069,,,,,6.019664533928821,6.572562764359811,7.53270652645665,7.635998416302284,8.218277476886291,8.261533495898975,,,,,,,9.065769582361453,,,,,,7.53270652645665,7.831480035781058,8.775299525284634,11.391822808505054,"rgba(239, 83, 80, 0.5)",0.0,0.0,0.622500487571689,7.179023303219981,-2.215296743942178,0.0,0.0,0.0,0.0,0.0,0.0,0.0,0.0,44.0258053693308,-1.6769486189079146,False,False,False,True,False,0.0,0,0.861065811658697,1.1074241963570024,False,False,False,False,-0.2770416312710388,-0.2812759980883993,False,False,False,False,-4459205,-4331967.20941923,False,False,False,False,37351.80432432003,False,False,False,False
2024-02-21 00:00:00+00:00,5.86,5.92,5.74,5.74,32481,,,,,6.008899417073117,6.562937357651188,7.525300244506129,7.630155023959228,8.212790642736888,8.257000899416404,,,,,,,9.061416859069261,,,,,,7.525300244506129,7.826244291618608,8.77078253053615,11.387010652877086,"rgba(239, 83, 80, 0.5)",0.0,0.0,0.6087683247699464,7.173861166088081,-2.1582285290296412,0.0,0.0,0.0,0.0,0.0,0.0,0.0,0.0,45.31793406272119,-1.6769486189079146,False,False,False,True,True,0.0,0,0.892852109698695,1.0869951238760955,False,False,False,False,-0.2459988481977527,-0.26363742314307603,False,False,False,False,-4426724,-4335683.161991025,False,False,False,False,37160.79239003297,False,False,False,False
2024-02-22 00:00:00+00:00,5.97,5.97,5.77,5.87,25888,,,,,6.00408781318591,6.556101354910698,7.519663636978293,7.62568869232832,8.208551866207976,8.25349480677243,,,,,,,9.058024095317403,,,,,,7.519663636978293,7.82222340650226,8.76726992268472,11.383224962023549,#000000,0.0,0.0,0.6032707438292728,7.170526069944076,-1.9900286599739838,0.0,0.0,0.0,0.0,0.0,0.0,0.0,0.0,47.76766859247645,-1.6769486189079146,False,False,False,False,True,0.0,0,0.900718771708465,1.0651289394218637,False,False,False,False,-0.23065348235457261,-0.24714545274882432,False,False,False,False,-4400836,-4338238.175246279,False,False,False,False,36718.72210022776,False,False,False,False
2024-02-23 00:00:00+00:00,5.76,5.97,5.76,5.97,20156,,,,,5.9981216523615855,6.550289272973105,7.515104229318567,7.6220798601993405,8.205157732958781,8.250687287126427,,,,,,,9.055326296781834,,,,,,7.515104229318567,7.818985234606505,8.764471137105716,11.380241702742076,#000000,0.0,0.0,0.6019937155847787,7.167100312405938,-2.337400334884022,0.0,0.0,0.0,0.0,0.0,0.0,0.0,0.0,46.57220358348374,-1.6769486189079146,False,False,False,False,True,0.0,0,0.9073283176829957,1.0501753592035297,False,False,False,False,-0.23256568601280622,-0.23985556938081526,False,False,False,False,-4420992,-4341483.423275837,False,False,False,False,36069.20358649334,False,False,False,False
2024-02-26 00:00:00+00:00,6.25,6.26,5.77,5.77,83748,,,,,6.009989456711773,6.535580723208919,7.4993402549489945,7.609419975546672,8.192710385790123,8.240352850708444,,,,,,,9.045076355282921,,,,,,7.4993402549489945,7.807409142296008,8.753937553669283,11.368467017726461,#000000,0.0,0.0,0.6011970561057615,7.162398984061987,-1.5176371454178903,0.0,0.0,0.0,0.0,0.0,0.0,0.0,0.0,51.21867346419293,-3.538361396815759,True,False,False,False,True,0.0,1,0.9186822118214176,1.0318516857711386,False,False,False,False,-0.17585661568375993,-0.2078560925322876,False,False,False,False,-4337244,-4341317.171382667,False,False,False,False,37938.960308591646,False,False,False,False
2024-02-27 00:00:00+00:00,6.62,6.85,6.26,6.28,112658,,,,,6.091362692458359,6.537285891998784,7.485780804004431,7.59804194229349,8.17999791846264,8.229700761459915,,,,,,,9.033639010196566,,,,,,7.485780804004431,7.7964023163994085,8.74244855560861,11.354153886885486,"rgba(38, 166, 154, 1.0)",0.0,0.0,0.6009415385065895,7.094197955226957,-0.7890916584088946,0.0,0.0,0.0,0.0,0.0,0.0,0.0,0.0,56.889612794189865,1.670388580377292,True,False,True,False,True,1.8625887160861154,0,0.9524131087897247,0.9899809817810976,False,False,False,False,0.02176165700083612,-0.09304721776572573,False,False,False,False,-4224586,-4336739.478387268,False,False,False,False,40869.118727862566,False,False,False,False
2024-02-28 00:00:00+00:00,6.2399,6.69,6.16,6.63,40234,,,,,6.104628264724806,6.534744746874638,7.47992035716171,7.593202753653137,8.174908452000242,8.225442743097947,,,,,,,9.029227497929094,,,,,,7.47992035716171,7.791839653509886,8.737973434849332,11.348835512391005,"rgba(38, 166, 154, 1.0)",0.0,0.0,0.6011381854808487,7.091023156168385,-1.4158527551989966,0.0,0.0,0.0,0.0,0.0,0.0,0.0,0.0,56.55488479782072,1.670388580377292,True,False,True,False,True,0.0,0,0.9257407718590712,1.0493334453593233,False,False,False,False,-0.025390086676684496,-0.05921865222120511,False,False,False,False,-4264820,-4333919.106685807,False,False,False,False,40844.212111083645,False,False,False,False
2024-02-29 00:00:00+00:00,6.2,6.435,6.1571,6.23,27816,,,,,6.109828889863693,6.532038545313665,7.475547334660288,7.589611029249383,8.171214570408928,8.222353956597138,,,,,,,9.026072838772157,,,,,,7.475547334660288,7.7884841625641705,8.734760444320447,11.3450921683029,"rgba(38, 166, 154, 1.0)",0.0,0.0,0.6004084551354705,7.087703592185818,-1.4784994857967562,0.0,0.0,0.0,0.0,0.0,0.0,0.0,0.0,55.95048423780582,1.670388580377292,True,False,True,False,True,0.0,0,0.9053604252570918,1.0681035889938466,False,False,False,False,-0.040334840194680525,-0.04977674620794282,False,False,False,False,-4292636,-4332300.1613255795,False,False,False,False,40333.30183221762,False,False,False,False
2024-03-01 00:00:00+00:00,6.22,6.3529,6.16,6.22,41172,,,,,6.116023416099402,6.527843082115372,7.46902751997975,7.584251593604411,8.165716889180844,8.217753997925318,,,,,,,9.021383376819639,,,,,,7.46902751997975,7.783480539115668,8.729982147273594,11.339540063890531,"rgba(38, 166, 154, 1.0)",0.0,0.0,0.5990516326526019,7.083132628815266,-1.440831777710567,0.0,0.0,0.0,0.0,0.0,0.0,0.0,0.0,55.71588942873888,1.670388580377292,True,False,True,False,True,0.0,0,0.9285443628308268,1.0569619330768334,False,False,False,False,-0.05650637753933104,-0.05314156187363693,False,False,False,False,-4251464,-4329130.1157834,False,False,False,False,40366.19195644438,False,False,False,False
2024-03-04 00:00:00+00:00,5.73,6.22,5.73,6.11,49972,,,,,6.1042316980596265,6.516809251243989,7.4589650562543035,7.576114883061456,8.15787497343455,8.21121168666226,,,,,,,9.014996153317606,,,,,,7.4589650562543035,7.776075945224468,8.723391718681672,11.332354423047542,#000000,0.0,0.0,0.5999750735272409,7.06979184249423,-2.2330791754691104,0.0,0.0,0.0,0.0,0.0,0.0,0.0,0.0,51.30187683164701,6.809746373012587,True,False,False,False,False,0.0,0,0.8882284028290017,1.0632475665668706,False,False,False,False,-0.1728110745525579,-0.11297631821309742,False,False,False,False,-4301436,-4328044.072027188,False,False,False,False,40742.89031109362,False,False,False,False
2024-03-05 00:00:00+00:00,5.7,5.844,5.65,5.72,28729,,,,,6.093215366242829,6.50903435732109,7.452645511201286,7.571025499420554,8.153070328613676,8.207205432862683,,,,,,,9.011145971542922,,,,,,7.452645511201286,7.771481204176984,8.71940062209678,11.328109174961059,#000000,0.0,0.0,0.6030933068621687,7.060872735590775,-2.256487876927789,0.0,0.0,0.0,0.0,0.0,0.0,0.0,0.0,48.14213685132592,3.862411717790927,True,False,False,False,False,0.0,0,0.8808232594173454,1.0884799228194295,False,False,False,False,-0.27040323236825625,-0.19168977529067682,False,False,False,False,-4330165,-4328127.245673181,False,False,False,False,40271.757357717404,False,False,False,False
2024-03-06 00:00:00+00:00,5.7,5.8699,5.675,5.71,33601,,,,,6.081695743055955,6.500328182026048,7.445384954508253,7.565163117004272,8.147514174902863,8.202568169202868,,,,,,,9.006677533154418,,,,,,7.445384954508253,7.766177870373377,8.714772612929623,11.323167182422901,"rgba(239, 83, 80, 0.5)",0.0,0.0,0.6089461446238214,7.051528447113121,-2.2194548057251144,0.0,0.0,0.0,0.0,0.0,0.0,0.0,0.0,46.03564353111186,1.9200666815119405,False,False,False,True,False,0.0,0,0.8736481390631979,1.087478307986322,False,False,False,False,-0.2592901713906625,-0.22548997334066967,False,False,False,False,-4330165,-4328207.157607566,False,False,False,False,40010.15902996378,False,False,False,False
2024-03-07 00:00:00+00:00,5.57,5.82,5.43,5.82,88566,,,,,6.043261433461961,6.474159894823893,7.424967906842085,7.548699536937031,8.132134142336485,8.189728036412518,,,,,,,8.994448574576703,,,,,,7.424967906842085,7.751359714672326,8.702063710609357,11.309852980897528,"rgba(239, 83, 80, 0.5)",0.0,0.0,0.6169359978398036,6.910490244368416,-2.172818978082219,0.0,0.0,0.0,0.0,0.0,0.0,0.0,0.0,43.59400859144143,-0.36756301463104535,False,False,False,True,False,0.0,0,0.8605106190361465,1.0967066021274576,True,False,False,False,-0.3240195866236949,-0.2747547799821823,False,False,False,False,-4418731,-4331757.11221119,False,False,False,False,41914.30965623972,False,False,False,False
2024-03-08 00:00:00+00:00,5.56,5.72,5.5,5.59,30096,,,,,6.03122204607099,6.465481601757393,7.418082609583379,7.5431298276942265,8.126922715658885,8.185371268692789,,,,,,,8.990296723351731,,,,,,7.418082609583379,7.74633946050169,8.697750168866662,11.305332186684472,"rgba(239, 83, 80, 0.5)",0.0,0.0,0.6236513574913984,6.902315590017276,-2.1523493437369607,0.0,0.0,0.0,0.0,0.0,0.0,0.0,0.0,41.88551910570428,-1.9944644128273552,False,False,False,True,False,0.0,0,0.8649896768827835,1.0952572024717118,False,False,False,False,-0.3297979601681609,-0.3022763700751716,False,False,False,False,-4448827,-4336348.088202908,False,False,False,False,41450.84653246561,False,False,False,False
2024-03-11 00:00:00+00:00,6.65,6.65,5.8,5.92,191451,,,,6.366666666666666,6.080015719315787,6.459653662864696,7.393527365497705,7.522191946480561,8.104233556736668,8.166162768211848,,,,,,,8.97007992365366,,,,,,7.393527365497705,7.726220103400682,8.677354354090951,11.2806114068308,#000000,0.0,0.0,0.6175021448902887,6.927718662278498,-0.4497452593105407,0.0,0.0,0.0,0.0,0.0,0.0,0.0,0.0,49.53786870927415,-7.106501508798715,True,False,False,False,True,2.62433953994611,0,0.8882150770729434,1.0106811368516373,False,False,False,False,0.003913037053809683,-0.14918166651068096,False,False,False,False,-4257376,-4333251.1435675,False,False,False,False,47333.20549197677,False,False,False,False
2024-03-12 00:00:00+00:00,6.42,6.68,6.41,6.68,82300,,,,6.407753883395251,6.104927812835707,6.460733704289565,7.384679098569724,7.514456230070571,8.095411918408994,8.158647337375507,,,,,,,8.961935875496057,,,,,,7.384679098569724,7.718601901816908,8.669208084786245,11.27035390093838,"rgba(38, 166, 154, 1.0)",0.0,0.0,0.6127168611333296,6.934857549453011,-0.8402862433077,0.0,0.0,0.0,0.0,0.0,0.0,0.0,0.0,52.68364841064335,-4.402438815794717,True,False,True,False,True,0.6850132676175065,0,0.9429783255769192,1.0010792529095145,False,False,False,False,0.2625366498420462,0.05667749166568263,False,False,False,False,-4339676,-4333503.098721716,False,False,False,False,48704.45233542866,False,False,False,False
2024-03-13 00:00:00+00:00,6.25,6.43,6.135,6.38,47479,,,,6.387639681847896,6.110402794848351,6.4580746494469805,7.378333215753652,7.509036373091421,8.089632655319663,8.15374001654744,,,,,,,8.956821567616073,,,,,,7.378333215753652,7.713420359917054,8.664036483119794,11.264169732325753,"rgba(38, 166, 154, 1.0)",0.0,0.0,0.6083696584203135,6.93344398032382,-1.1234024755581065,0.0,0.0,0.0,0.0,0.0,0.0,0.0,0.0,53.433689481922116,-3.8248133333084056,True,False,True,False,True,0.0,0,0.9376727007118197,1.0065944970059466,False,False,False,False,0.11785346922894079,0.08726548044731171,False,False,False,False,-4387155,-4335607.094850276,False,False,False,False,48656.39538109812,False,False,False,False
2024-03-14 00:00:00+00:00,6.04,6.21,6.0,6.19,48810,,,,6.347500256729003,6.109518871445825,6.452733729405334,7.370786971190962,7.502673052127399,8.083117890450264,8.148219491839999,,,,,,,8.951216770866376,,,,,,7.370786971190962,7.707441311558849,8.658326402276423,11.257588905256238,#000000,0.0,0.0,0.6056796651547286,6.928358598350465,-1.4667135937666371,0.0,0.0,0.0,0.0,0.0,0.0,0.0,0.0,52.373874211800825,-3.8248133333084056,True,False,False,False,True,0.0,0,0.9239745645411065,1.0098672038811,False,False,False,False,0.023818899963520577,0.05554219020541614,False,False,False,False,-4435965,-4339542.6989737945,False,False,False,False,48662.41909164329,False,False,False,False
2024-03-15 00:00:00+00:00,5.97,6.11,5.95,6.0,24051,,,,6.32690293612389,6.107942957280184,6.449646192583914,7.366890868480354,7.499397460942383,8.079806144438864,8.145413857397509,,,,,,,8.94839264139267,,,,,,7.366890868480354,7.704378952192654,8.655442192718366,11.254306493977404,#000000,0.0,0.0,0.6046314563791775,6.925274009698773,-1.5799277388235993,0.0,0.0,0.0,0.0,0.0,0.0,0.0,0.0,51.15995679424656,-3.8248133333084056,True,False,False,False,True,0.0,0,0.9321854359656048,1.0142414046165136,False,False,False,False,-0.027223249165182616,0.014159470520116763,False,False,False,False,-4460016,-4344267.142151293,False,False,False,False,47697.26540177493,False,False,False,False
2024-03-18 00:00:00+00:00,5.98,6.0,5.8999,6.0,18554,,,,6.3104041646774665,6.106157084823701,6.447025864334949,7.363790186800203,7.496795774266717,8.077196955464267,8.143203898771198,,,,,,,8.946180652668705,,,,,,7.363790186800203,7.701954515093364,8.653179474952953,11.251752970219226,#000000,0.0,0.0,0.597849160695326,6.9226073532506565,-1.5766641742113687,0.0,0.0,0.0,0.0,0.0,0.0,0.0,0.0,50.431631563736,-3.8248133333084056,True,False,False,False,True,0.0,0,0.947889437676585,1.004699532865024,False,False,False,False,-0.08186593111600873,-0.033853230297945985,False,False,False,False,-4441462,-4348078.705204184,False,False,False,False,46554.39224876415,False,False,False,False
2024-03-19 00:00:00+00:00,6.0159,6.04,5.9144,5.92,27578,,,,6.290338542814285,6.1041118947281205,6.443420292701042,7.359305003716582,7.493020434632552,8.07338562513253,8.13997256544884,,,,,,,8.94293199193864,,,,,,7.359305003716582,7.698425466694137,8.64986081471329,11.247983639233034,#000000,0.0,0.0,0.5808549613758291,6.919025569239118,-1.5548211331447512,0.0,0.0,0.0,0.0,0.0,0.0,0.0,0.0,50.25840804675521,-3.8248133333084056,True,False,False,False,True,0.0,0,0.9477113490059395,0.9961375680193477,False,False,False,False,-0.06322641191245489,-0.048539821105200436,False,False,False,False,-4413884,-4350659.305000098,False,False,False,False,45810.220003714574,False,False,False,False
2024-03-20 00:00:00+00:00,6.07,6.14,6.02,6.06,30174,,,,6.27663238569407,6.103592730204007,6.440280944894441,7.354739202484723,7.489148007136189,8.069404056970436,8.136590064234975,,,,,,,8.939489660405712,,,,,,7.354739202484723,7.694775670154968,8.646357093117361,11.243933470853888,#000000,0.0,0.0,0.5719299368291557,6.916096557922539,-1.4793709918620341,0.0,0.0,0.0,0.0,0.0,0.0,0.0,0.0,50.63613667723713,-3.8248133333084056,True,False,False,False,True,0.0,0,0.9386695641675723,0.9945316772127178,False,False,False,False,0.006804193992041243,-0.020867813556579597,False,False,False,False,-4383710,-4351955.410686369,False,False,False,False,45197.03490552969,False,False,False,False
2024-03-21 00:00:00+00:00,6.06,6.155,5.99,6.1,29865,,,,6.264197199334215,6.10294471274695,6.437156214823555,7.350222796281817,7.485313540441649,8.065462452964708,8.13323960515777,,,,,,,8.93608081861061,,,,,,7.350222796281817,7.691160869160823,8.642887418988327,11.239924566046756,#000000,0.0,0.0,0.5534489691653879,6.91316135930087,-1.5415357274717747,0.0,0.0,0.0,0.0,0.0,0.0,0.0,0.0,50.78567700265387,-3.8248133333084056,True,False,False,False,True,0.0,0,0.9376126989535859,0.9972668285272109,False,False,False,False,0.0017009983724077594,-0.009583407592085919,False,False,False,False,-4413575,-4354371.865169257,False,False,False,False,44595.77863472461,False,False,False,False
2024-03-22 00:00:00+00:00,6.3,6.4993,6.0049,6.06,48439,,,,6.264538793623484,6.107724325342356,6.4348831989361805,7.344095462683478,7.480008581930171,8.059738426269048,8.128351820753467,,,,,,,8.93095296899631,,,,,,7.344095462683478,7.686049358136401,8.6377147073594,11.233686196205744,"rgba(38, 166, 154, 1.0)",0.0,0.0,0.5282465146207486,6.91160694275689,-1.1578059217219634,0.0,0.0,0.0,0.0,0.0,0.0,0.0,0.0,53.10548060598971,-2.4746506279164464,True,False,True,False,True,0.0,0,0.9522999732969798,0.9734515761809059,False,False,False,False,0.12454300290514493,0.057479797656529504,False,False,False,False,-4365136,-4354793.988103796,False,False,False,False,44746.49319806874,False,False,False,False
2024-03-25 00:00:00+00:00,7.24,7.41,6.3,6.3,362925,,,,6.550696174308324,6.263777938429828,6.485067568506331,7.329413632505848,7.464303395876428,8.034653397640152,8.106303133896192,,,,,,,8.903304971514023,,,,,6.983333333333334,7.329413632505848,7.667633828103813,8.611149421977588,11.194100764768898,"rgba(38, 166, 154, 1.0)",0.0,0.0,0.5250419429251251,6.930233934767173,0.5899834659056978,-1.0,7.41,6.3,0.0,0.0,0.0,0.0,0.0,59.85967365957771,4.054103727213992,True,False,True,False,True,7.544870808081878,0,0.9851663726907418,0.8979815126719097,False,True,False,False,0.3428281960959023,0.2001539968762159,False,False,False,False,-4002211,-4340967.204256589,False,True,False,False,57224.08170010526,False,False,False,False
2024-03-26 00:00:00+00:00,6.82,7.24,6.06,6.06,256902,,,,6.584986436439692,6.31339254755393,6.49854768419002,7.311976011546251,7.447716370626218,8.013101905561857,8.087481544780049,,,,,,,8.881451201283305,,,,,6.868662271891996,7.311976011546251,7.65013209896713,8.589745276025521,11.164710376854933,"rgba(38, 166, 154, 1.0)",0.0,0.0,0.5124152356463282,6.932794409346082,-0.22012305938524604,0.0,0.0,0.0,0.0,0.0,0.0,0.0,0.0,60.6017395278225,4.739041952852958,True,False,True,False,True,3.924301469877115,0,0.9678949539392275,0.9175968401184957,False,False,False,False,0.22729977849265628,0.2137268876844361,False,False,False,False,-4259113,-4337757.235462213,False,False,False,False,65054.58830010113,False,False,False,False
2024-03-27 00:00:00+00:00,6.8,7.14,6.71,6.93,70760,,,,6.6020212390232675,6.330452080992684,6.5048885489981805,7.308695400748049,7.444333457992358,8.00807435460232,8.083037937155083,,,,,,,8.875990847021729,,,,,6.870165521022937,7.308695400748049,7.646304724074315,8.584479252852761,11.157000839726075,"rgba(38, 166, 154, 1.0)",0.0,0.0,0.506377243585828,6.937267421709166,-0.271077390320957,0.0,0.0,0.0,0.0,0.0,0.0,0.0,0.0,60.9310837905245,5.164121596713784,True,False,True,False,True,3.756449078381902,0,1.0146039083841145,0.9178955044930351,False,False,False,False,0.34282819914244267,0.27827754341343935,False,False,False,False,-4329873,-4337448.049757812,False,False,False,False,65278.32993539129,False,False,False,False
2024-03-28 00:00:00+00:00,6.74,6.89,6.49,6.85,99830,,,,6.609822458215035,6.345695526438476,6.509473087703437,7.302264297109388,7.438147696875691,7.999954738227671,8.07590925250672,,,,,,,8.86765928852918,,,,,6.849515546856913,7.302264297109388,7.639734111171213,8.576339004904911,11.145723445170473,"rgba(38, 166, 154, 1.0)",0.0,0.0,0.5039183961106184,6.938116688384666,-0.39315232369721936,0.0,0.0,0.0,0.0,0.0,0.0,0.0,0.0,60.62320623296651,5.164121596713784,True,False,True,False,True,3.247024613697004,0,1.0101895139301622,0.9253340849350825,False,False,False,False,0.21762547107116637,0.24795150724230286,False,False,False,False,-4429703,-4341065.890943781,False,False,False,False,66633.29738890535,False,False,False,False
2024-04-01 00:00:00+00:00,6.61,6.74,6.495,6.74,42479,,,,6.609981648483604,6.3502598924853455,6.510483548450187,7.299154474096389,7.435221004933139,7.9962876657815345,8.07269667081772,,,,,,,8.86398391609784,,,,,6.837554886804595,7.299154474096389,7.636694070665784,8.572727810146608,11.14084334335889,"rgba(38, 166, 154, 1.0)",0.0,0.0,0.5010963555108594,6.937402338308274,-0.6533720205857271,0.0,0.0,0.0,0.0,0.0,0.0,0.0,0.0,59.26385075153712,5.164121596713784,True,False,True,False,True,2.1438080582555266,0,1.013499493463853,0.9268574009203091,False,False,False,False,0.1804791033707227,0.21421530530651278,False,False,False,False,-4472182,-4346207.699142064,False,False,False,False,65686.07004032083,False,False,False,False
2024-04-02 00:00:00+00:00,6.65,6.66,6.39,6.66,39908,,,,6.6087656033101085,6.353651711515273,6.510984456899511,7.296053803229228,7.432329435248693,7.9927402546453825,8.06959172558062,,,,,,,8.860467928701738,,,,,6.8251688217896955,7.296053803229228,7.633720077170221,8.569263813058674,11.136219312824679,"rgba(38, 166, 154, 1.0)",0.0,0.0,0.49614783399904216,6.936247843321749,-0.5769406287931137,0.0,0.0,0.0,0.0,0.0,0.0,0.0,0.0,58.63506583212526,5.164121596713784,True,False,True,False,True,2.4649016997684896,0,1.0114323936228966,0.9381128879834066,False,False,False,False,0.13377741283895744,0.1739963590727351,False,False,False,False,-4432274,-4349582.848195316,False,False,False,False,64675.16533285727,False,False,False,False
2024-04-03 00:00:00+00:00,6.64,6.68,6.53,6.63,53524,,,,6.609052307174979,6.359066683937511,6.5122332219058645,7.292218475078567,7.428703658320187,7.9881759150915785,8.065585338303295,,,,,,,8.855871624317494,,,,,6.8131213943657105,7.292218475078567,7.629942950146805,8.56475221941204,11.130099989681653,"rgba(38, 166, 154, 0.75)",0.0,0.0,0.49270845136531394,6.9354383142966025,-0.5996209593684297,0.0,0.0,0.0,0.0,0.0,0.0,0.0,0.0,58.11565868751616,5.164121596713784,True,False,True,False,False,2.3779063286247855,0,1.0127143191707035,0.9353806900122028,False,False,False,False,0.17412678681269644,0.1740615729427158,False,False,False,False,-4485798,-4354924.618854323,False,False,False,False,64237.86473156875,False,False,False,False
2024-04-04 00:00:00+00:00,6.26,6.69,6.25,6.6,77084,,,,6.598669952252189,6.360245425497195,6.51035525670422,7.285023066181159,7.422159934273051,7.980625324844254,8.058997073984195,,,,,,,8.848647812903605,,,,,6.781384630640256,7.285023066181159,7.623399574765489,8.557572649399441,11.120894478458535,"rgba(38, 166, 154, 0.75)",0.0,0.0,0.4664834282775931,6.930202894494256,-1.4367131903674712,0.0,0.0,0.0,0.0,0.0,0.0,0.0,0.0,54.3509825417903,9.258744184302842,True,False,True,False,False,0.0,0,1.0003098458061461,0.930053828114558,False,False,False,False,0.10629400687670747,0.14017778990971164,False,False,False,False,-4562882,-4363079.810271801,False,False,False,False,64741.63474209547,False,False,False,False
2024-04-05 00:00:00+00:00,6.17,6.29,6.05,6.25,35107,,,,6.589188395811545,6.357782640018664,6.507781123818567,7.280942641365367,7.418542775312653,7.9767133052933135,8.055600170474811,,,,,,,8.845064172537379,,,,,6.760716852556381,7.280942641365367,7.619886556823737,8.553971668582712,11.116510120860395,#000000,0.0,0.0,0.45146923476433826,6.925971091703421,-1.6744686758069565,0.0,0.0,0.0,0.0,0.0,0.0,0.0,0.0,51.14329732967916,6.182336152533445,True,False,False,False,False,0.0,0,0.9979407019945249,0.952122849041846,False,False,False,False,-0.041890178739096846,0.0491438055853074,False,False,False,False,-4597989,-4372291.935359182,False,False,False,False,63579.492203189766,False,False,False,False
2024-04-08 00:00:00+00:00,6.205,6.5,6.09,6.15,34908,,,,6.58221190041723,6.356603526006947,6.505968987347907,7.277259278183416,7.4152388738936965,7.973043840816231,8.052404176573335,,,,,,,8.841636548229747,,,,,6.744596069411334,7.277259278183416,7.616638026025815,8.550544108568582,11.112241886680053,#000000,0.0,0.0,0.4404384414983639,6.922668714876662,-1.6294415910545073,0.0,0.0,0.0,0.0,0.0,0.0,0.0,0.0,49.35065428741163,4.4902714383906925,False,False,False,False,False,0.0,0,0.9997777083533594,0.9285963183697011,False,False,False,False,0.013803131777911749,0.03147346868160957,False,False,False,False,-4563081,-4379773.859462744,False,False,False,False,62455.119959927426,False,False,False,False
2024-04-09 00:00:00+00:00,6.21,6.3518,6.1506,6.28,7901,,,,6.580540867514218,6.3562618260582235,6.505516143947653,7.276406722137356,7.414475863721544,7.9722021317344,8.05167126652047,,,,,,,8.840853734302618,,,,,6.740890598535628,7.276406722137356,7.615889987851717,8.54976041776503,11.111271384498068,"rgba(239, 83, 80, 0.5)",0.0,0.0,0.4296361127723741,6.92188164867365,-1.656940903035338,0.0,0.0,0.0,0.0,0.0,0.0,0.0,0.0,48.20872428925677,3.3705811915304196,False,False,False,True,False,0.0,0,1.000782607623954,0.9687018573065974,False,False,False,False,-0.00818119558901805,0.01164613654629576,False,False,False,False,-4555180,-4386652.531640676,False,False,False,False,60315.74270659694,False,False,False,False
2024-04-10 00:00:00+00:00,6.05,6.2294,5.97,6.11,30707,,,,6.571343804794982,6.353250853155287,6.502765564684019,7.272616280979748,7.411132204112235,7.96864824663669,8.04858660828677,,,,,,,8.83763572190911,,,,,6.722727723857613,7.272616280979748,7.612665805766739,8.546516708579992,11.107383901176403,"rgba(239, 83, 80, 1.0)",0.0,0.0,0.41675652778596034,6.917757419456995,-2.082168752261661,0.0,0.0,0.0,0.0,0.0,0.0,0.0,0.0,46.011408654221896,1.2284345505287533,False,True,False,True,False,0.0,0,0.9611272773279353,1.0162006578947371,False,False,False,False,-0.08441899930984438,-0.03638643138177431,False,False,False,False,-4585887,-4394465.648046924,False,False,False,False,59154.61554163235,False,False,False,False
2024-04-11 00:00:00+00:00,5.89,6.05,5.76,6.05,60981,,,,6.547565671361786,6.343540603958038,6.495069953730058,7.2640117920273735,7.403632723707537,7.960948438794096,8.041921243599294,,,,,,,8.830843883901505,,,,,6.679956986434968,7.2640117920273735,7.6055411202768735,8.539623244583147,11.099400797029679,"rgba(239, 83, 80, 1.0)",0.0,0.0,0.40032466534856903,6.907293934061978,-2.5411722587120744,0.0,0.0,0.0,0.0,0.0,0.0,0.0,0.0,43.24897315402947,-1.4104035759108768,False,True,False,True,False,0.0,0,0.9398711840479973,1.020538707807104,False,False,False,False,-0.18398752236021337,-0.11018697687099384,False,False,False,False,-4646868,-4404363.779496064,False,False,False,False,59226.23846156834,False,False,False,False
2024-04-12 00:00:00+00:00,5.86,6.11,5.76,5.9518,74607,,,,6.5210855586186005,6.332467482411589,6.486071740571047,7.2537063802457435,7.394618494119269,7.9516510756442615,8.033860371162787,,,,,,,8.82260523416855,,,,,6.633914086546978,7.2537063802457435,7.5969553022090475,8.531269914372979,11.089685845142434,"rgba(239, 83, 80, 1.0)",0.0,0.0,0.3878350181327713,6.895269061576714,-2.66935426966087,0.0,0.0,0.0,0.0,0.0,0.0,0.0,0.0,41.169351770306626,-3.379242314496814,False,True,False,True,False,0.0,0,0.9452921590226318,1.0122609152813942,False,False,False,False,-0.16845775794559545,-0.13932236740829465,False,False,False,False,-4721475,-4416799.513633474,False,False,False,False,59829.40558072252,False,False,False,False
2024-04-15 00:00:00+00:00,5.79,5.86,5.7,5.85,37212,,,,6.506112721539146,6.325559924480485,6.480722072367322,7.2481456947231955,7.38978283910583,7.946759479863616,8.029624133617363,,,,,,,8.818335408715427,,,,,6.609279163783677,7.2481456947231955,7.592386229640638,8.526922923771956,11.084735703304807,"rgba(239, 83, 80, 1.0)",0.0,0.0,0.37398192738522457,6.888466824645424,-2.9372190050080556,0.0,0.0,0.0,0.0,0.0,0.0,0.0,0.0,39.21140263263657,-5.248524573660305,False,True,False,True,False,0.0,0,0.956919911040671,1.0278573071908792,False,False,False,False,-0.2497427332148795,-0.19453255031158706,False,False,False,False,-4758687,-4430206.866040004,False,False,False,False,58942.44849912556,False,False,False,False
2024-04-16 00:00:00+00:00,5.7,5.89,5.63,5.8,58501,,,,6.482424833658116,6.314204767170573,6.471962114092912,7.239232159831479,7.382035621510665,7.93896072287102,8.022868637179355,,,,,,,8.811551521033236,,,,,6.571422886306927,7.239232159831479,7.58507860153226,8.520009255858577,11.076908770561193,"rgba(239, 83, 80, 1.0)",0.0,0.0,0.3658733323762479,6.8775632367199435,-3.218499771688715,0.0,0.0,0.0,0.0,0.0,0.0,0.0,0.0,37.18263925983245,-7.200541021815162,False,True,False,True,False,0.0,0,0.9579166825089035,0.9976490120781214,False,False,False,False,-0.26044834243926807,-0.22749044637542756,False,False,False,False,-4817188,-4445382.596783534,False,False,False,False,58925.1367932775,False,False,False,False
2024-04-17 00:00:00+00:00,5.715,5.8,5.67,5.67,38156,,,,6.467517974454713,6.306887225921718,6.466270106711639,7.233430253840317,7.3769861290748056,7.93387695643598,8.018461542084044,,,,,,,8.807126220848135,,,,,6.548137246590403,7.233430253840317,7.580313405699598,8.515499573218278,11.071805031859926,"rgba(239, 83, 80, 1.0)",0.0,0.0,0.3610151473350686,6.870573955764759,-3.2009015807091266,0.0,0.0,0.0,0.0,0.0,0.0,0.0,0.0,36.078634329982535,-8.315271835347609,False,True,False,True,False,0.0,0,0.9736252117753463,0.9978281084799309,False,False,False,False,-0.2739132619646534,-0.2507018541700405,False,False,False,False,-4779032,-4458466.887105748,False,False,False,False,58110.66084059996,False,False,False,False
2024-04-18 00:00:00+00:00,5.68,5.75,5.62,5.7,39784,,,,6.451681240440878,6.298871124851427,6.46007099823782,7.2272486043996915,7.3716111112498295,7.928493478058007,8.013794463137392,,,,,,,8.802458371106038,,,,,6.523929873156235,7.2272486043996915,7.575250775392341,8.510737298460224,11.066449166669756,"rgba(239, 83, 80, 1.0)",0.0,0.0,0.35856978467131734,6.8630870362248135,-3.2994610444081043,0.0,0.0,0.0,0.0,0.0,0.0,0.0,0.0,35.02857220125398,-9.441002145758041,False,True,False,True,False,0.0,0,0.9737089380722007,0.9921209350754895,False,False,False,False,-0.3011420726779106,-0.27592196342397557,False,False,False,False,-4818816,-4472598.224866306,False,False,False,False,57391.96825861565,False,False,False,False
2024-04-19 00:00:00+00:00,5.74,5.74,5.5927,5.6,18603,,,,6.444564195405767,6.295238305086851,6.457233764959422,7.224389034388586,7.369120653795091,7.925993444936865,8.011625596993882,,,,,,,8.800285751072385,,,,,6.513167264124277,7.224389034388586,7.572902180521256,8.50852189433599,11.063951930544972,"rgba(239, 83, 80, 1.0)",0.0,0.0,0.3556731762687094,6.8596764258390595,-3.148048547223446,0.0,0.0,0.0,0.0,0.0,0.0,0.0,0.0,35.44282179809076,-9.441002145758041,False,True,False,True,False,0.0,0,0.9754711830837498,0.993391692958122,False,False,False,False,-0.3114084485486881,-0.29366520598633183,False,False,False,False,-4800213,-4485445.863106843,False,False,False,False,55870.83224847386,False,False,False,False
2024-04-22 00:00:00+00:00,5.83,6.02,5.62,5.96,39383,,,,6.432499904764863,6.289343330443739,6.45232196411692,7.2188900275808585,7.364286712580494,7.921031711522399,8.007308649112586,,,,,,,8.795891731045046,,,,,6.494801531957602,7.2188900275808585,7.56829793168225,8.504063199272434,11.058802985859673,"rgba(239, 83, 80, 0.75)",0.0,0.0,0.3543353285714381,6.853640452944814,-2.888903167154657,0.0,0.0,0.0,0.0,0.0,0.0,0.0,0.0,37.333186518006265,-9.441002145758041,False,True,False,True,True,0.0,0,0.9782441010596596,0.9868743835512507,False,False,False,False,-0.2284960662001761,-0.26108063609325394,False,False,False,False,-4760830,-4496245.241024222,False,False,False,False,55224.25059167096,False,False,False,False
2024-04-23 00:00:00+00:00,5.85,5.95,5.76,5.8,51023,,,,6.418285852349815,6.282399346654122,6.446368668240591,7.211981380318159,7.3581898848744665,7.91472964417591,8.001817530323768,,,,,,,8.790275528879993,,,,,6.47341359971073,7.211981380318159,7.562470704962847,8.498373066790501,11.052185388702203,"rgba(239, 83, 80, 0.75)",0.0,0.0,0.35460114949782695,6.846320886351359,-2.809694463095543,0.0,0.0,0.0,0.0,0.0,0.0,0.0,0.0,38.951379285891555,-9.441002145758041,False,True,False,True,True,0.0,0,0.9769897746375622,0.9917148021284934,False,False,False,False,-0.21007076225652446,-0.23557569917488919,False,False,False,False,-4709807,-4504620.211964449,False,False,False,False,55059.4956665074,False,False,False,False
2024-04-24 00:00:00+00:00,5.62,5.86,5.57,5.86,40610,,,,6.404204668106563,6.274900690292749,6.4403800234751305,7.205850645623462,7.352828154961183,7.909329724397742,7.9971227967065674,,,,,,,8.7855629505591,,,,,6.452988835727403,7.205850645623462,7.557402439468808,8.493571675935515,11.046758516014576,"rgba(239, 83, 80, 0.75)",0.0,0.0,0.35682521082602314,6.839270647645958,-3.41699692357342,0.0,0.0,0.0,0.0,0.0,0.0,0.0,0.0,37.39421300122793,-9.441002145758041,False,True,False,True,True,0.0,0,0.980745121379817,0.9902427596337711,False,False,False,False,-0.28475519412277067,-0.2601654466488299,False,False,False,False,-4750417,-4514259.301691333,False,False,False,False,54492.848777624764,False,False,False,False
2024-04-25 00:00:00+00:00,5.645,5.68,5.56,5.56,20417,,,,6.396802392960541,6.270857194736122,6.43718838608242,7.202676233668129,7.35005707075263,7.906557897743189,7.994713721756665,,,,,,,8.783157150905957,,,,,6.442408263600517,7.202676233668129,7.554790163545411,8.491116797612097,11.044006318689586,"rgba(239, 83, 80, 0.75)",0.0,0.0,0.3573635095080113,6.835563588143904,-3.3315197452111835,0.0,0.0,0.0,0.0,0.0,0.0,0.0,0.0,36.836310650183634,-9.441002145758041,False,True,False,True,True,0.0,0,0.9787243526879531,0.997191690971382,False,False,False,False,-0.3372062677081067,-0.2986858571784683,False,False,False,False,-4730000,-4522719.72123285,False,False,False,False,53156.540982423794,False,False,False,False
2024-04-26 00:00:00+00:00,5.69,5.6996,5.53,5.67,48041,,,,6.380183082273106,6.261706753820002,6.429882240746928,7.195311384742049,7.34361517891414,7.900095198705801,7.98909200919334,,,,,,,8.77753140727385,,,,,6.4188898994298365,7.195311384742049,7.548707956604328,8.48538025807319,11.037555209112757,"rgba(239, 83, 80, 0.75)",0.0,0.0,0.3568770455992232,6.827105817882104,-3.186267740960526,0.0,0.0,0.0,0.0,0.0,0.0,0.0,0.0,37.35566185634577,-9.441002145758041,False,True,False,True,True,0.0,0,0.9761309257959548,0.9972117654565175,False,False,False,False,-0.34012711681451047,-0.3194064869964894,False,False,False,False,-4681959,-4528964.398831562,False,False,False,False,52955.931532132665,False,False,False,False
2024-04-29 00:00:00+00:00,5.68,5.82,5.6501,5.69,59820,,,,6.362526595307388,6.252039943442284,6.421836568809309,7.186685469368228,7.336020034739588,7.89237107581061,7.982357057669221,,,,,,,8.770725243240435,,,,,6.394169050061413,7.186685469368228,7.541490947520131,8.4784613876647,11.029657909760719,"rgba(239, 83, 80, 0.75)",0.0,0.0,0.3588170259450662,6.81773766314325,-3.1708017760490392,0.0,0.0,0.0,0.0,0.0,0.0,0.0,0.0,37.573071446128864,-9.441002145758041,False,True,False,True,True,0.0,0,0.9799697632732214,0.9912287976116814,False,False,False,False,-0.273886236698437,-0.2966463618474632,False,False,False,False,-4741779,-4537310.0694656195,False,False,False,False,53225.11068773531,False,False,False,False
2024-04-30 00:00:00+00:00,5.45,5.7,5.45,5.65,38188,,,,6.348675163330362,6.2439931366829,6.415483481602534,7.180550920603509,7.330663554671387,7.887055473008183,7.977732142307069,,,,,,,8.766136193874221,,,,,6.375247482033576,7.180550920603509,7.536453420510746,8.473770502499532,11.024455090512614,"rgba(239, 83, 80, 1.0)",0.0,0.0,0.36456841138053986,6.810583977878632,-3.7320402300528484,0.0,0.0,0.0,0.0,0.0,0.0,0.0,0.0,35.14644971397851,-10.45511488890238,False,True,False,True,False,0.0,0,0.9673510602490745,0.9997396213713698,False,False,False,False,-0.34282825441539394,-0.31973730813142853,False,False,False,False,-4779967,-4546826.027525792,False,False,False,False,52635.42007253,False,False,False,False
2024-05-01 00:00:00+00:00,5.21,5.47,5.21,5.45,48016,,,,6.327033538682083,6.230842116422064,6.405514362929796,7.171802912930868,7.323092627940921,7.879737126820864,7.971381066783574,,,,,,,8.759963478814935,,,,,6.3462400867155795,7.171802912930868,7.529411069545392,8.467420524619863,11.017645895034882,"rgba(239, 83, 80, 1.0)",0.0,0.0,0.37602054824524744,6.695294275598438,-3.9500348651949255,0.0,0.0,0.0,0.0,0.0,0.0,0.0,0.0,31.620659179949563,-13.875878082842405,False,True,False,True,False,0.0,0,0.9500763848286528,1.0116871931247369,False,False,False,False,-0.34282825441539394,-0.33128278127341126,False,False,False,False,-4827983,-4557851.791152232,False,False,False,False,52454.266344195494,True,False,False,False
2024-05-02 00:00:00+00:00,5.76,5.89,5.22,5.3,150415,,,,6.284430453711615,6.205524067566566,6.38427438956074,7.149600978943351,7.303501623054659,7.859942683125364,7.954085249968015,,,,,,,8.742578752089049,,,,,6.290068752548484,7.149600978943351,7.510820183125546,8.449724397683745,10.99763180786637,"rgba(239, 83, 80, 0.75)",0.0,0.0,0.376854961107938,6.684757172542822,-2.453880850670174,0.0,0.0,0.0,0.0,0.0,0.0,0.0,0.0,37.38259753335818,-17.548866198995434,False,True,False,True,True,0.0,0,0.9491597739892602,0.9924358325765104,False,False,False,False,-0.24527628672338228,-0.2882795339983968,False,False,False,False,-4677568,-4562546.544440379,False,False,False,False,56295.86374246234,False,False,False,False
2024-05-03 00:00:00+00:00,5.33,5.84,5.31,5.73,92979,,,,6.255892638691452,6.187637734500208,6.369566175592748,7.135050403600759,7.290696058143358,7.847178351842278,7.942931453418875,,,,,,,8.731484566996722,,,,,6.2535542013531025,7.135050403600759,7.498729429348902,8.438397166775058,10.985036741016351,"rgba(239, 83, 80, 0.75)",0.0,0.0,0.3839833429429084,6.668482926333695,-3.485783826129937,0.0,0.0,0.0,0.0,0.0,0.0,0.0,0.0,37.68297077107138,-17.433761874044052,False,True,False,True,True,0.0,1,0.9537472440145076,0.9985600162520989,False,False,False,False,-0.23645558259173824,-0.2623675582950675,False,False,False,False,-4770547,-4570703.425050561,False,False,False,False,57734.418105503035,False,False,False,False
2024-05-06 00:00:00+00:00,6.01,6.11,5.35,5.35,79069,,,,6.243017990148342,6.180019872693533,6.362003846980603,7.125323408507767,7.281921327397802,7.837938122964765,7.934792679481995,,,,,,,8.72306495512468,,,,,6.237415816175169,7.125323408507767,7.4902342252251,8.429904329429892,10.975012104108405,"rgba(239, 83, 80, 0.75)",0.0,0.0,0.38321068523624563,6.663324625707821,-1.7048705865418468,0.0,0.0,0.0,0.0,0.0,0.0,0.0,0.0,43.52459265232396,-12.065469321060576,False,True,False,True,True,0.0,1,0.9570040967740074,0.9818505399767716,False,False,False,False,-0.1691988793704941,-0.21578321883278082,False,False,False,False,-4691478,-4575439.682891716,False,False,False,False,58571.06837587547,False,False,False,False
2024-05-07 00:00:00+00:00,6.11,6.25,6.0,6.13,34284,,,,6.241450608852922,6.179480574375458,6.360559784438797,7.122101335271953,7.278916402196093,7.834543908122055,7.931776235537761,,,,,,,8.71980132836219,,,,,6.235536614111353,7.122101335271953,7.487228269433437,8.426656160453957,10.970927164886486,#000000,0.0,0.0,0.382976009527787,6.663720168271496,-1.4458351293446234,0.0,0.0,0.0,0.0,0.0,0.0,0.0,0.0,48.053199160389376,-8.087668111815702,False,False,False,False,True,0.0,1,0.9944829769645235,0.9909652151990762,False,False,False,False,-0.003123059167863369,-0.1094531390003221,False,False,False,False,-4657194,-4578645.734543022,False,False,False,False,57618.63432191957,False,False,False,False
2024-05-08 00:00:00+00:00,5.93,6.1676,5.88,6.02,52551,,,,6.2366824502972475,6.17694076043457,6.357224152970968,7.11657924931356,7.273837164169008,7.8289823026968115,7.926848074621513,,,,,,,8.71457015666445,,,,,6.229717955126234,7.11657924931356,7.48221902846446,8.421420861045322,10.964514858182678,#000000,0.0,0.0,0.3819786425093517,6.66188131729577,-1.916026803194507,0.0,0.0,0.0,0.0,0.0,0.0,0.0,0.0,49.59544495429337,-6.885866834023382,True,False,False,False,True,0.0,0,0.9585460973847193,1.031551789009729,False,False,False,False,-0.04529405841794279,-0.07737359870913244,False,False,False,False,-4709745,-4583786.882208001,False,False,False,False,57419.90356419723,False,False,False,False
2024-05-09 00:00:00+00:00,5.6,6.02,5.55,5.77,85336,,,,6.221195840050171,6.167149529658559,6.348029837489271,7.105605986149313,7.263958990126098,7.818708737198328,7.9177921790125945,,,,,,,8.705282147387809,,,,,6.210765047405474,7.105605986149313,7.4726987163528555,8.412030286008008,10.953575341905912,#000000,0.0,0.0,0.38368371980942917,6.6523998467676595,-2.7428837671047743,0.0,0.0,0.0,0.0,0.0,0.0,0.0,0.0,48.248042437464605,-6.885866834023382,False,False,False,False,True,0.0,1,0.9446112719448092,1.0309220266244705,False,False,False,False,-0.1457231283134573,-0.11154836351129487,False,False,False,False,-4795081,-4592072.926042981,False,False,False,False,58514.65244403263,False,False,False,False
2024-05-10 00:00:00+00:00,5.81,5.88,5.64,5.68,42117,,,,6.214674296901696,6.163033466055755,6.34396873032832,7.100460180120735,7.259297101566364,7.813803268367172,7.913458041205278,,,,,,,8.70080094766022,,,,,6.202891699553168,7.100460180120735,7.46818000974506,8.407511138946546,10.9482479160254,#000000,0.0,0.0,0.38178997162364836,6.64834279125292,-2.1958219271388333,0.0,0.0,0.0,0.0,0.0,0.0,0.0,0.0,48.919766920218144,-6.885866834023382,True,False,False,False,True,0.0,1,0.9477885652642934,1.021628910463862,False,False,False,False,-0.15637263908432683,-0.13396050129781084,False,False,False,False,-4752964,-4598382.379923649,False,False,False,False,57871.607250149005,False,False,False,False
2024-05-13 00:00:00+00:00,5.75,5.99,5.55,5.99,43300,,,,6.207967983034838,6.158748338915358,6.339756577122748,7.095158348928912,7.2544918091564075,7.808751674250146,7.908992728890117,,,,,,,8.696187210595998,,,,,6.1948454274800735,7.095158348928912,7.463522991630876,8.402857720848429,10.942768178530542,#000000,0.0,0.0,0.37961914591587687,6.6440568728705784,-2.3551416794681383,0.0,0.0,0.0,0.0,0.0,0.0,0.0,0.0,48.92412703882084,-6.885866834023382,True,False,False,False,True,0.0,1,0.9430641760811665,1.0099686413001752,False,False,False,False,-0.1521087441624856,-0.14303462273014822,False,False,False,False,-4796264,-4606142.443456055,False,False,False,False,57300.17167171179,False,False,False,False
2024-05-14 00:00:00+00:00,6.1,6.1,5.7506,5.78,36313,,,,6.205205720487528,6.157187034111461,6.337602491397889,7.091474141454658,7.251077239394101,7.80498838383331,7.905645071116988,,,,,,,8.692618784632161,,,,,6.191650505098871,7.091474141454658,7.460140305149184,8.399292312682904,10.938376583335573,#000000,0.0,0.0,0.37979008262145486,6.642334182476155,-1.427984055646634,0.0,0.0,0.0,0.0,0.0,0.0,0.0,0.0,51.39833904929449,-4.941641051813264,True,False,False,False,True,0.0,1,0.9801049240461857,0.9955517444664773,False,False,False,False,-0.08649392900916157,-0.1147642758696549,False,False,False,False,-4759951,-4612174.151555818,False,False,False,False,56477.14533164466,False,False,False,False
2024-05-15 00:00:00+00:00,6.15,6.2,5.95,6.04,40520,,,,6.203780448018619,6.1566240134218075,6.336009995099494,7.08782095943362,7.247636780337712,7.801074719200028,7.9021488036864005,,,,,,,8.688818717627198,,,,,6.19012991476614,7.08782095943362,7.456680211410437,8.395517433521002,10.933600348490831,"rgba(38, 166, 154, 1.0)",0.0,0.0,0.3741443133096315,6.641408698683466,-1.3134201996457697,0.0,0.0,0.0,0.0,0.0,0.0,0.0,0.0,53.372376866856364,-2.8821886618622656,True,False,True,False,True,0.30658361644231036,0,0.9967535357971642,0.9673157616727304,False,False,False,False,-0.023947813931381474,-0.0693560449005182,False,False,False,False,-4719431,-4616380.302475197,False,False,False,False,55851.37492648212,False,False,False,False
2024-05-16 00:00:00+00:00,6.275,6.31,6.14,6.2,40268,,,,6.204283742804075,6.157448010575019,6.3353857629148695,7.08473391584663,7.244657581090837,7.797525580117011,7.898959747299649,,,,,,,8.685259356676156,,,,,6.190965869522572,7.08473391584663,7.453616277866888,8.392009049658196,10.929001991846336,"rgba(38, 166, 154, 1.0)",0.0,0.0,0.3727425147700096,6.641640534245639,-0.9836295021829308,0.0,0.0,0.0,0.0,0.0,0.0,0.0,0.0,55.51060899463652,-0.6890889381069343,True,False,True,False,True,1.3684261791864571,0,1.006556032381926,0.9622686368445452,False,False,False,False,0.038536391783618416,-0.015409826558449888,False,False,False,False,-4679163,-4618842.3690447975,False,False,False,False,55240.262184267136,False,False,False,False
2024-05-17 00:00:00+00:00,6.31,6.31,6.18,6.19,10192,,,,6.204492791979102,6.157715201276958,6.335270872166928,7.083979204784325,7.243925054772198,7.796644231629004,7.898166671998381,,,,,,,8.684369308904579,,,,,6.191275387725569,7.083979204784325,7.452859178722997,8.391133177462393,10.927845757326011,"rgba(38, 166, 154, 1.0)",0.0,0.0,0.3727425147700096,6.641732144865609,-0.8899766775203926,0.0,0.0,0.0,0.0,0.0,0.0,0.0,0.0,57.1705280795845,1.042819885098794,True,False,True,False,True,1.6662870367659508,0,1.023864720300407,0.9586638654447543,False,False,False,False,0.04687971456415733,0.015734944002853718,False,False,False,False,-4668971,-4620808.197709708,False,False,False,False,53473.66366723705,False,False,False,False
2024-05-20 00:00:00+00:00,6.32,6.3525,6.22,6.28,14666,,,,6.2049391285089515,6.158205556235912,6.335180221015533,7.082936515133444,7.242906090224627,7.7954032980421974,7.897048352431398,,,,,,,8.683106023235224,,,,,6.191896707914123,7.082936515133444,7.451799702238374,8.389892361908403,10.926193973688306,"rgba(38, 166, 154, 1.0)",0.0,0.0,0.3746207143423442,6.592787618469505,-0.7281701412277493,0.0,0.0,0.0,0.0,0.0,0.0,0.0,0.0,58.3491348170231,2.3434163847211096,True,False,True,False,True,1.7526737614837344,0,1.0221707016574921,0.9497957722116688,False,False,False,False,0.064109744620593,0.03992234431172336,False,False,False,False,-4654305,-4622121.797799523,False,False,False,False,51951.79450381599,False,False,False,False
2024-05-21 00:00:00+00:00,6.17,6.31,6.16,6.31,16137,,,,6.204983219447359,6.158417518804714,6.334859301211481,7.081669834895797,7.241687867123904,7.793963682402999,7.895755017531828,,,,,,,8.681668588305822,,,,,6.192033787182792,7.081669834895797,7.450551365757099,8.38847394110703,10.924344854000935,"rgba(38, 166, 154, 1.0)",0.0,0.0,0.37512387187968715,6.590562471680995,-1.121129587337703,0.0,0.0,0.0,0.0,0.0,0.0,0.0,0.0,57.4606781106529,2.3434163847211096,True,False,True,False,True,0.39329265938466307,0,1.015135044736182,1.0138485980947727,False,False,False,False,0.042707310396112856,0.04131482735391811,False,False,False,False,-4670442,-4624016.707689738,False,False,False,False,50547.2927585683,False,False,False,False
2024-05-22 00:00:00+00:00,5.89,6.13,5.84,6.13,13431,,,,6.2038878576765075,6.1577633063397545,6.334024773543657,7.080303541841803,7.240420322555676,7.792570704577136,7.894513954303417,,,,,,5.953333333333333,8.680347584199811,,,,,6.1907700730863064,7.080303541841803,7.449296336506141,8.387153835313176,10.922722039262212,"rgba(38, 166, 154, 0.75)",0.0,0.0,0.3742921111635045,6.585243745766151,-1.8574897119924698,0.0,0.0,0.0,0.0,0.0,0.0,0.0,0.0,54.17301196365746,2.3434163847211096,True,False,True,False,False,0.0,0,0.9567685673460757,1.02468811471996,False,False,False,False,-0.06149698292259117,-0.01009107778433653,False,False,False,False,-4683873,-4626364.013270533,False,False,False,False,49091.75186607543,False,False,False,False
2024-05-23 00:00:00+00:00,5.73,6.019,5.6501,5.93,23554,,,,6.200825909207375,6.155771349178944,6.3319829626146955,7.07758988469313,7.237938817433177,7.789929287027572,7.892169370171009,,,,,,5.855491518183047,8.67790367943421,,,,,6.187172638161659,7.07758988469313,7.446874945926595,8.3846962933598,10.919790753528954,#000000,0.0,0.0,0.3745715370541722,6.576853621505947,-2.2608595094172115,0.0,0.0,0.0,0.0,0.0,0.0,0.0,0.0,50.65416516197852,6.595076081900643,True,False,False,False,False,0.0,0,0.9623993979822203,1.0157073071183502,False,False,False,False,-0.12471004563457527,-0.06740056170945591,False,False,False,False,-4707427,-4629542.95392659,False,False,False,False,48090.27140073914,False,False,False,False
2024-05-24 00:00:00+00:00,5.78,5.81,5.6691,5.73,13901,,,,6.198832779729356,6.154453394059113,6.330680233756919,7.0759354510139385,7.236430910868881,7.788337193543783,7.890757309477544,,,,,,5.827502066711212,8.676439936727524,,,,,6.184828423185637,7.0759354510139385,7.445408840271347,8.383221956925315,10.918046599867377,#000000,0.0,0.0,0.3738105132210015,6.573083397650194,-2.1216187603084156,0.0,0.0,0.0,0.0,0.0,0.0,0.0,0.0,48.833548670671846,4.847182488157721,False,False,False,False,False,0.0,0,0.9745946119513216,1.0176797354140579,False,False,False,False,-0.165110069325257,-0.11625531551735645,False,False,False,False,-4693526,-4632052.092988293,False,False,False,False,46749.51565953368,False,False,False,False
2024-05-28 00:00:00+00:00,5.66,5.87,5.66,5.71,24070,,,,6.195247093044007,6.152061818490672,6.328348935584594,7.07303079388474,7.233786725399382,7.785555182136667,7.888290390511096,,,,,,5.796192034882687,8.673888941806723,,,,,6.180615298533503,7.07303079388474,7.44284175816079,8.380650679869637,10.9150158729278,"rgba(239, 83, 80, 0.5)",0.0,0.0,0.3758702401789827,6.567695794196266,-2.414917961485956,0.0,0.0,0.0,0.0,0.0,0.0,0.0,0.0,46.58468324903174,2.6691791466989514,False,False,False,True,False,0.0,1,0.9772941138815097,1.0073808533111417,False,False,False,False,-0.15423999607773536,-0.1352476557975459,False,False,False,False,-4717596,-4635406.75600836,False,False,False,False,45860.122888571575,False,False,False,False
2024-05-29 00:00:00+00:00,5.5,5.89,5.48,5.67,41081,,,,6.187877940457841,6.147025707834549,6.323709652728565,7.067710737383723,7.228976596950543,7.780578878381671,7.883885568578919,,,,,,5.734994241779203,8.66938788395824,,,,,6.171942000052282,7.067710737383723,7.438206400085756,8.376097558534974,10.909745166212574,"rgba(239, 83, 80, 1.0)",0.0,0.0,0.3799097540679757,6.558413168587744,-2.7859594476175675,0.0,0.0,0.0,0.0,0.0,0.0,0.0,0.0,43.801027244359226,-0.0023095212823491806,False,True,False,True,False,0.0,0,0.9695820831816414,0.999077293897586,False,False,False,False,-0.18854354238787455,-0.16189559909271023,False,False,False,False,-4758677,-4640240.883223718,False,False,False,False,45672.70630470603,False,False,False,False
2024-05-30 00:00:00+00:00,5.4901,5.66,5.48,5.54,65885,,,,6.174828860230755,6.137942992313475,6.315560285733259,7.058791681973374,7.220940674342991,7.772351541217578,7.876608212446135,,,,,,5.665594263842014,8.662008049338974,,,,,6.156634473736802,7.058791681973374,7.430496008616671,8.368615437848582,10.901186448276883,"rgba(239, 83, 80, 1.0)",0.0,0.0,0.3837298846891616,6.544921990157464,-2.7488658878156365,0.0,0.0,0.0,0.0,0.0,0.0,0.0,0.0,41.866331766043466,-1.8700159268795176,False,True,False,True,False,0.0,0,0.9687785409550977,1.0159704237510792,False,False,False,False,-0.23865732373466214,-0.20027646141368619,False,False,False,False,-4824562,-4647469.1623129845,False,False,False,False,46465.34527314893,False,False,False,False
2024-05-31 00:00:00+00:00,5.39,5.57,5.39,5.53,41213,,,,6.165763880435926,6.131528596368821,6.309942625094604,7.052924943588775,7.215675204117618,7.767021508702673,7.871897734709105,,,,,,5.625774036644483,8.657271760852304,,,,,6.146031582527477,7.052924943588775,7.42546770424574,8.363801206151942,10.895753531236483,"rgba(239, 83, 80, 1.0)",0.0,0.0,0.3880053249007092,6.447547405369446,-2.725600236646425,0.0,0.0,0.0,0.0,0.0,0.0,0.0,0.0,39.7603675739091,-3.9279532554780303,False,True,False,True,False,0.0,0,0.9569496998447795,1.0280144872426238,False,False,False,False,-0.27870215848600816,-0.23948930994984718,False,False,False,False,-4865775,-4656030.175555613,False,False,False,False,46259.370948711716,False,False,False,False
2024-06-03 00:00:00+00:00,5.53,5.535,5.39,5.39,35246,,,,6.158559724876894,6.126413930014376,6.305389038131451,7.048050270858858,7.21128563982702,7.762551116383711,7.867941752524932,,,,,,5.60657091530208,8.653276361569874,,,,,6.137656487347101,7.048050270858858,7.421263462840156,8.359745885666515,10.891145606432138,"rgba(239, 83, 80, 1.0)",0.0,0.0,0.39101234270967045,6.356194450839371,-2.1129625860757697,0.0,0.0,0.0,0.0,0.0,0.0,0.0,0.0,40.29414492687594,-3.9279532554780303,False,True,False,True,False,0.0,0,0.9587684203299274,1.0311702253818258,False,False,False,False,-0.2865870730950295,-0.26303819152243835,False,False,False,False,-4830529,-4662873.266710295,False,False,False,False,45827.47404876223,False,False,False,False
2024-06-04 00:00:00+00:00,6.34,6.39,5.5,5.54,177291,,,,6.154420805694503,6.124510097507713,6.299209993674734,7.033093128377704,7.1969925193839135,7.746100882842328,7.853131786837632,,,,,,5.797870208933938,8.637055549687236,,,,,6.134002472439587,7.033093128377704,7.406767646030329,8.34368221260318,10.87060953630652,#000000,0.0,0.0,0.39216992948560764,6.406210886298564,-0.16883213454282472,0.0,0.0,0.0,0.0,0.0,0.0,0.0,0.0,47.77824129053844,-8.819303177709102,False,False,False,False,True,2.4732111568232753,0,0.965554628349363,0.9993117016805442,False,False,False,False,-0.0782349536176993,-0.1706365725700688,False,False,False,False,-4653238,-4662495.413113813,False,False,False,False,50982.90643900685,False,False,False,False
2024-06-05 00:00:00+00:00,6.55,6.6,6.22,6.45,65500,,,,6.159960941283601,6.1291409354015345,6.3007660138321775,7.029832563736475,7.1935629626181194,7.7414692377813275,7.848879212440102,,,,,,5.883970725286594,8.631996096326114,,,,,6.1409897877671025,7.029832563736475,7.402998450590755,8.338789761322394,10.86366464410628,"rgba(38, 166, 154, 1.0)",0.0,0.0,0.3966708734972043,6.387359938844984,0.4100126125246302,-1.0,6.6,6.22,0.0,0.0,0.0,0.0,0.0,53.937476133827744,-3.2562924225158127,True,False,True,False,True,4.198967548734661,0,0.9910373359341633,1.0439463770056032,False,False,False,True,0.11607047619467863,-0.027283048187695093,False,False,False,False,-4587738,-4659563.749854448,False,False,False,False,51552.20422571247,False,False,False,False
2024-06-06 00:00:00+00:00,6.37,6.5,6.36,6.44,17695,,,,6.1611930013767395,6.1301947926624285,6.301056859971696,7.0288868288445805,7.192583573949133,7.740178448785472,7.847696447903957,,,,,,5.901909981427482,8.630604061711583,,,,,6.142554391299475,7.0288868288445805,7.401935356928899,8.33743973850975,10.861772383190631,"rgba(38, 166, 154, 1.0)",0.0,0.0,0.39820173787063945,6.390280489374994,-0.050930188008325196,0.0,0.0,0.0,0.0,0.0,0.0,0.0,0.0,56.241979795384594,-1.35804833403472,True,False,True,False,True,2.584303987807825,0,1.0128867206901948,1.0387418097201526,False,False,False,False,0.12451969673350213,0.048618324272903524,False,False,False,False,-4605433,-4657440.975350353,False,False,False,False,50224.47072666492,False,False,False,False
2024-06-07 00:00:00+00:00,6.24,6.43,6.21,6.21,28286,,,,6.162225698550045,6.1311674810385774,6.3010241260831235,7.0270971615880615,7.190790427170501,7.737939755335398,7.845656697067269,,,,,,5.92214527380824,8.628265752028382,,,,,6.143943314053113,7.0270971615880615,7.40004136993743,8.335155218113966,10.858671699616547,"rgba(38, 166, 154, 1.0)",0.0,0.0,0.3986870296947233,6.391464079348679,-0.3799072156038168,0.0,0.0,0.0,0.0,0.0,0.0,0.0,0.0,56.543773273648355,-1.1524171233339047,True,False,True,False,True,1.4358739807157193,0,0.9578527399860567,1.0372326106313805,False,False,False,False,0.15023117416272855,0.09942474921781604,False,False,False,False,-4633719,-4656510.701807202,False,False,False,False,49364.13854130551,False,False,False,False
2024-06-10 00:00:00+00:00,6.17,6.21,6.08,6.21,10741,,,,6.16219938732036,6.1312175527694865,6.300786819287697,7.0262906247560695,7.190005462916576,7.737009264538522,7.844813818890673,,,,,,5.926596282328423,8.627325888978145,,,,,6.14397604515194,7.0262906247560695,7.399233097800159,8.334229668417233,10.857459311316074,"rgba(38, 166, 154, 1.0)",0.0,0.0,0.399051492407618,6.39063864286332,-0.5529077000367283,0.0,0.0,0.0,0.0,0.0,0.0,0.0,0.0,56.08214050998407,-1.1524171233339047,True,False,True,False,True,0.8192241576332115,0,0.9613540811241428,1.0336484807647763,False,False,False,False,0.08610252716980625,0.09276363819381114,False,False,False,False,-4644460,-4656038.125265744,False,False,False,False,47849.505657332746,False,False,False,False
2024-06-11 00:00:00+00:00,6.06,6.18,6.0546,6.12,21771,,,,6.161817850455517,6.131067064465555,6.300129177365139,7.024557449808848,7.188333628991014,7.7350610528397965,7.843052354758397,,,,,,5.93304135756572,8.625380657978999,,,,,6.143654894787266,7.024557449808848,7.397525661438291,8.332308708018711,10.85497505071082,"rgba(38, 166, 154, 1.0)",0.0,0.0,0.39793704048170975,6.3883953856119815,-0.8252445794300866,0.0,0.0,0.0,0.0,0.0,0.0,0.0,0.0,54.73124770787355,-1.1524171233339047,True,False,True,False,True,0.0,0,0.9588751176766211,1.0254393850379042,False,False,False,False,0.07569201714240244,0.0842278276681068,False,False,False,False,-4666231,-4656437.845843558,False,False,False,False,46826.819160966756,False,False,False,False
2024-06-12 00:00:00+00:00,6.05,6.21,5.9,6.06,19300,,,,6.161247530973153,6.130754244060609,6.299420991801201,7.022952239192958,7.186795000962754,7.733290597802917,7.841453707691087,,,,,,5.936917435687672,8.623628139505877,,,,,6.143096620238961,7.022952239192958,7.395963623588688,8.330574389799306,10.85275416838483,"rgba(38, 166, 154, 1.0)",0.0,0.0,0.3970545698396948,6.386181143050647,-0.8466875049099071,0.0,0.0,0.0,0.0,0.0,0.0,0.0,0.0,53.73281202954121,-1.1524171233339047,True,False,True,False,True,0.0,0,0.955490305413017,1.0176034218680519,False,False,False,False,0.0430700611122775,0.06364894439019214,False,False,False,False,-4685531,-4657578.753849694,False,False,False,False,45747.336056615124,False,False,False,False
2024-06-13 00:00:00+00:00,6.05,6.12,5.96,6.03,12176,,,,6.160857745306872,6.1305328596598425,6.298958227654727,7.0219318532891055,7.185817909225269,7.732168930851584,7.840440988206231,,,,,,5.939037601033695,8.62251944049376,,,,,6.14270910904355,7.0219318532891055,7.394972704248936,8.32947680024433,10.851351195751995,"rgba(38, 166, 154, 1.0)",0.0,0.0,0.39079894267096854,6.384888457214289,-0.8569328640590689,0.0,0.0,0.0,0.0,0.0,0.0,0.0,0.0,53.06718824398631,-1.1524171233339047,True,False,True,False,True,0.0,0,0.9498790353865577,1.0253496688461454,False,False,False,False,0.07901354261710924,0.0713312435036507,False,False,False,False,-4685531,-4658674.920365392,False,False,False,False,44430.81307400277,False,False,False,False
2024-06-14 00:00:00+00:00,6.046,6.08,5.9685,5.97,4797,,,,6.1606894964783265,6.130434153782692,6.298767952089996,7.021525579516357,7.185429438709106,7.731724341035733,7.840039693410111,,,,,,5.939757709433958,8.622080903160706,,,,,6.142539184994117,7.021525579516357,7.394579294248203,8.32904243342013,10.850797329097526,#000000,0.0,0.0,0.3899064123098189,6.384371882666194,-0.8678284634039931,0.0,0.0,0.0,0.0,0.0,0.0,0.0,0.0,52.576479633133,-1.1524171233339047,True,False,False,False,True,0.0,0,0.9695217052248505,1.0295612742974323,False,False,False,False,0.08451714187899603,0.07792419269132336,False,False,False,False,-4690328,-4659916.217605965,False,False,False,False,42876.545894630115,False,False,False,False
2024-06-17 00:00:00+00:00,5.9558,5.969,5.9001,5.96,5660,,,,6.160353839387178,6.130212383245503,6.298468421403065,7.021003169881705,7.184935746676771,7.731172355601058,7.839542916547942,,,,,,5.939774788046293,8.621545719053437,,,,,6.142177632367415,7.021003169881705,7.394084815883193,8.328510095116023,10.850131800132878,#000000,0.0,0.0,0.38930643657704195,6.38341008863371,-1.098389465104792,0.0,0.0,0.0,0.0,0.0,0.0,0.0,0.0,51.16118318475086,-1.1524171233339047,True,False,False,False,False,0.0,0,0.9732826369855546,1.003155193346468,False,False,False,False,0.03001172657869807,0.05396795963501072,False,False,False,False,-4695988,-4661330.7973076925,False,False,False,False,41417.07350660541,False,False,False,False
2024-06-18 00:00:00+00:00,5.93,5.94,5.8326,5.94,25138,,,,6.158599857953156,6.129022114294841,6.2969928602146386,7.018601662673401,7.182676078484268,7.728669152653526,7.837292373575126,,,,,,5.938262467168468,8.619135244522658,,,,,6.140264200959333,7.018601662673401,7.391831202377321,8.326108331932712,10.84715360590077,#000000,0.0,0.0,0.38858606190425843,6.378833480621947,-1.1550426652527048,0.0,0.0,0.0,0.0,0.0,0.0,0.0,0.0,49.90320275923027,-1.1524171233339047,True,False,False,False,False,0.0,0,0.9635588752849285,1.0197946288692707,False,False,False,False,0.0007871257784192786,0.027377542706715,False,False,False,False,-4721126,-4663675.707217195,False,False,False,False,40778.678467130696,False,False,False,False
2024-06-20 00:00:00+00:00,5.615,5.9,5.6,5.65,86568,,,,6.148281389087648,6.121576914908628,6.289522580118982,7.008974271264297,7.17377508988991,7.719182828009701,7.828802079677986,,,,,,5.910725367605614,8.610271064754183,,,,,6.128694676456152,7.008974271264297,7.3831094625921425,8.317208541249382,10.836519891855858,"rgba(239, 83, 80, 0.5)",0.0,0.0,0.389896822031912,6.357103287904009,-1.9033324868784625,0.0,0.0,0.0,0.0,0.0,0.0,0.0,0.0,45.78385202564363,1.6518899842224357,False,False,False,True,False,0.0,0,0.9401342933419626,1.009443190092005,False,False,False,False,-0.0819259431078963,-0.027274200200590654,False,False,False,False,-4807694,-4669323.483404756,False,False,False,False,42574.33813508636,False,False,False,False
2024-06-21 00:00:00+00:00,5.705,5.72,5.55,5.65,8400,,,,6.147202301441199,6.12078899906729,6.288750663373611,7.0080144331141305,7.1728898389743305,7.718245850535614,7.827963810216129,,,,,,5.907866959011502,8.609400041438484,,,,,6.127484642950916,7.0080144331141305,7.382244557809042,8.316332808453094,10.835481042942737,"rgba(239, 83, 80, 0.5)",0.0,0.0,0.3898452508090002,6.355135152897651,-1.6676749339603378,0.0,0.0,0.0,0.0,0.0,0.0,0.0,0.0,44.313274121936175,0.12733991642801357,False,False,False,True,False,0.0,0,0.9494066347342628,1.0137699238212279,False,False,False,False,-0.15254857379855974,-0.0899113869995752,False,False,False,False,-4799294,-4674420.366408491,False,False,False,False,41234.168012141796,False,False,False,False
2024-06-24 00:00:00+00:00,5.6,5.81,5.6,5.72,14553,,,,6.145388338337057,6.119464538302771,6.287442443945769,7.006369085134788,7.171370382644888,7.716633734693988,7.826520841181597,,,,,,5.903289576118524,8.607898170649904,,,,,6.125454698265932,7.006369085134788,7.380758288663679,8.314823619499313,10.8336862771292,"rgba(239, 83, 80, 1.0)",0.0,0.0,0.391054657053918,6.351942609434346,-1.922858086128532,0.0,0.0,0.0,0.0,0.0,0.0,0.0,0.0,42.32748807673943,-1.8919464554652805,False,True,False,True,False,0.0,0,0.9684681665512337,0.9937889586451887,False,False,False,False,-0.10942551584647209,-0.09966845142302364,False,False,False,False,-4813847,-4679888.077529727,False,False,False,False,40187.84769794016,False,False,False,False
2024-06-25 00:00:00+00:00,5.56,5.61,5.55,5.58,25063,,,,6.141667760378214,6.116715053413102,6.284851658008137,7.003340667589295,7.168592762077441,7.713732455984863,7.823929104487558,,,,,,5.892705317027594,8.605230275029594,,,,,6.121267566356134,7.003340667589295,7.378060401856044,8.312133695200409,10.83054046610726,"rgba(239, 83, 80, 1.0)",0.0,0.0,0.3912045016367459,6.345483775842944,-2.0078597576372164,0.0,0.0,0.0,0.0,0.0,0.0,0.0,0.0,40.62461433089243,-3.6367494345808353,False,True,False,True,False,0.0,0,0.9639662954702878,1.013442231136348,False,False,False,False,-0.1868225243570664,-0.14324548789004501,False,False,False,False,-4838910,-4686124.23135209,False,False,False,False,39594.716415668,False,False,False,False
2024-06-26 00:00:00+00:00,5.45,5.78,5.44,5.55,69386,,,,6.131320679104475,6.109016530719159,6.277610513831988,6.99492604310093,7.1608733328518195,7.705678966341922,7.816732073899836,,,,,,5.86529704931355,8.597828247330385,,,,,6.109657392175402,6.99492604310093,7.370564651636171,8.3046690486435,10.82182344994579,"rgba(239, 83, 80, 1.0)",0.0,0.0,0.3930729606207033,6.329162388475876,-2.2366391905655028,0.0,0.0,0.0,0.0,0.0,0.0,0.0,0.0,38.468385507354334,-5.801816607997438,False,True,False,True,False,0.0,0,0.960698919483094,0.981723570886865,False,False,False,False,-0.16807886393943713,-0.15566217591474107,False,False,False,False,-4908296,-4694836.8497304395,False,False,False,False,40763.002046426125,False,False,False,False
2024-06-27 00:00:00+00:00,5.54,5.58,5.45,5.52,32510,,,,6.126323595691774,6.105268513527799,6.274112489742795,6.990926458847992,7.157207237825107,7.701868042106024,7.813326182473469,,,,,,5.852709822172605,8.594334587982186,,,,,6.104062191146571,6.990926458847992,7.367009639727246,8.301143216222592,10.817723305443291,"rgba(239, 83, 80, 1.0)",0.0,0.0,0.3890365951567082,6.32188018595868,-2.0097857006067255,0.0,0.0,0.0,0.0,0.0,0.0,0.0,0.0,38.54439900549172,-5.884767447004464,False,True,False,True,False,0.0,0,0.9663777610955664,0.9989839016659462,False,False,False,False,-0.22790211785364212,-0.1917821468841916,False,False,False,False,-4875786,-4701932.89483905,False,False,False,False,40439.35490735059,False,False,False,False
2024-06-28 00:00:00+00:00,5.57,5.62,5.48,5.52,15943,,,,6.1240367253162455,6.10355223271519,6.272484515883584,6.989017354530988,7.155451923035746,7.700032534586736,7.811683876143263,,,,,,5.847460677106792,8.592642752221645,,,,,6.101512399989523,6.989017354530988,7.3653026770438546,8.299438111920011,10.815727545465494,"rgba(239, 83, 80, 1.0)",0.0,0.0,0.3884960216753971,6.318722999870067,-1.927234664183132,0.0,0.0,0.0,0.0,0.0,0.0,0.0,0.0,39.099014057448784,-5.884767447004464,False,True,False,True,False,0.0,0,0.9656455291452299,0.9891344704001457,False,False,False,False,-0.20569686949637087,-0.19873950819028124,False,False,False,False,-4859843,-4708125.447982617,False,False,False,False,39478.71353843489,False,False,False,False
2024-07-01 00:00:00+00:00,5.48,5.6,5.46,5.6,24943,,,,6.12022503155189,6.100677467650709,6.269799009535428,6.985950660958197,7.1526392000748595,7.69710922501204,7.809069976942254,,,,,,5.838442042436872,8.5899619077737,,,,,6.097257022387774,6.985950660958197,7.362574733271043,8.296732624126282,10.812582489978777,"rgba(239, 83, 80, 1.0)",0.0,0.0,0.3911892801594445,6.3135000984226295,-2.1306823594013196,0.0,0.0,0.0,0.0,0.0,0.0,0.0,0.0,38.46010283413447,-6.435431986268171,False,True,False,True,False,0.0,0,0.967942942374524,0.9868712947750178,False,False,False,False,-0.21835973582042748,-0.20854962200535437,False,False,False,False,-4884786,-4715053.312767612,False,False,False,False,38908.68555653548,False,False,False,False
2024-07-02 00:00:00+00:00,5.645,5.65,5.4,5.46,35520,,,,6.1153335778035895,6.096987564245649,6.26626632250625,6.981757930619656,7.148776059737521,7.693057933631791,7.805441449287178,,,,,,5.8283207015887495,8.586216282110273,,,,,6.091829236864224,6.981757930619656,7.3588120053344666,8.292960287434056,10.80815382152473,"rgba(239, 83, 80, 0.75)",0.0,0.0,0.39276399985020377,6.22823225382968,-1.4849432586798166,0.0,0.0,0.0,0.0,0.0,0.0,0.0,0.0,40.79333105067505,-6.435431986268171,False,True,False,True,True,0.0,0,0.9657335617261693,0.9824648395239812,False,False,False,False,-0.22153610060026843,-0.21504286130281142,False,False,False,False,-4849266,-4720316.555404176,False,False,False,False,38775.795926867424,False,False,False,False
2024-07-03 00:00:00+00:00,5.66,5.79,5.5001,5.65,38062,,,,6.110982065790661,6.09371265361436,6.262974191579584,6.977560533995543,7.14487840376712,7.688906549706223,7.801713325094929,,,,,,5.8215189749793845,8.582325558695947,,,,,6.087053706512085,6.977560533995543,7.354987746469933,8.28905517186991,10.803493332906429,"rgba(239, 83, 80, 0.75)",0.0,0.0,0.39423779618231825,6.225597846787695,-1.434661649047291,0.0,0.0,0.0,0.0,0.0,0.0,0.0,0.0,42.585260166252894,-6.435431986268171,False,True,False,True,True,0.0,0,0.9709627811489133,0.9929244032332598,False,False,False,False,-0.14632632526164005,-0.18068459328222575,False,False,False,False,-4811204,-4723880.768917738,False,False,False,False,38747.80392973537,False,False,False,False
2024-07-05 00:00:00+00:00,5.86,5.92,5.66,5.75,31453,,,,6.108699422712098,6.092025202621209,6.2609978804047355,6.974536099941306,7.142022980881625,7.685762458317219,7.798875338063303,,,,,,5.8212688013030975,8.579296803609799,,,,,6.084630360491289,6.974536099941306,7.3521418668646765,8.286035977356715,10.799770266610025,#000000,0.0,0.0,0.39436352271324376,6.226844981737404,-0.930220369301626,0.0,0.0,0.0,0.0,0.0,0.0,0.0,0.0,46.65431993034248,-8.411681978600988,False,False,False,False,True,0.0,0,0.9726155399651856,0.9778904772311102,False,False,False,False,-0.05758653277325769,-0.11913556302774173,False,False,False,False,-4779751,-4726071.7583719455,False,False,False,False,38461.733187392805,False,False,False,False
2024-07-08 00:00:00+00:00,5.805,5.9799,5.75,5.92,37401,,,,6.106316133596762,6.090269668831327,6.258834799887729,6.971057528308448,7.13872393385427,7.682100418565949,7.795564789497188,,,,,,5.822099830167013,8.575744991313982,,,,,6.08213356188092,6.971057528308448,7.348840740838673,8.282501207330007,10.795378403854526,#000000,0.0,0.0,0.3946374306205622,6.227476531070001,-1.0705434869816126,0.0,0.0,0.0,0.0,0.0,0.0,0.0,0.0,48.52288222245181,-6.664123213051099,True,False,False,False,True,0.0,0,0.9936866966435026,0.9664425973868677,False,False,False,False,-0.012140992641159068,-0.06563827783445039,False,False,False,False,-4817152,-4729643.532553438,False,False,False,False,38420.135807495055,False,False,False,False
2024-07-09 00:00:00+00:00,5.8,5.81,5.6,5.75,25143,,,,6.104084071550448,6.088588584399426,6.257016038666882,6.968507315447507,7.136330687784519,7.679502130223008,7.793222340976141,,,,,,5.820132180249235,8.573267961492418,,,,,6.07973091136833,6.968507315447507,7.346470430641705,8.280025367479034,10.792365831956765,#000000,0.0,0.0,0.3947313421272876,6.225526188493888,-1.0780146977958256,0.0,0.0,0.0,0.0,0.0,0.0,0.0,0.0,49.68844792397807,-5.535634729109901,True,False,False,False,True,0.0,0,0.9832032601013518,0.9659102870633524,False,False,False,False,-0.10942551584647209,-0.08753189684046124,False,False,False,False,-4842295,-4734061.237159186,False,False,False,False,37899.46381504427,False,False,False,False
2024-07-10 00:00:00+00:00,5.975,6.0,5.66,5.79,62245,,,,6.100759094591431,6.086142754825891,6.253778616397636,6.9629598916657205,7.131037012107026,7.67356633244177,7.787844045319683,,,,,,5.823271663000919,8.5674596160901,,,,,6.076322029603849,6.9629598916657205,7.341146046833243,8.274257002541479,10.785131755726646,"rgba(38, 166, 154, 1.0)",0.0,0.0,0.3945138856505855,6.225751559879743,-0.6355962844406197,0.0,0.0,0.0,0.0,0.0,0.0,0.0,0.0,52.87204932328578,-2.4979681071483384,True,False,True,False,True,0.038519442898149236,0,0.9900969518803915,0.9536917435006609,False,False,False,False,-0.03331509947423524,-0.06042349815734824,False,False,False,False,-4780050,-4735864.718054905,False,False,False,False,38854.19072425822,False,False,False,False
2024-07-11 00:00:00+00:00,6.32,6.35,6.05,6.05,46981,,,6.24,6.1022899803625705,6.08748187203818,6.2536902771079514,6.96019382457671,7.128215941530355,7.670009353076864,7.784569685828048,,,,,,5.839574602363046,8.563679560186165,,,,,6.078386708672191,6.96019382457671,7.3381401208284895,8.270575946465222,10.780087152287903,"rgba(38, 166, 154, 1.0)",0.0,0.0,0.39476566595408,6.234039723648976,0.2177501332170639,0.0,0.0,0.0,0.0,0.0,0.0,0.0,0.0,58.337199696157256,2.5595766234499706,True,False,True,False,True,3.5093756860645655,0,1.004497027574457,0.9394254041840638,False,False,False,False,0.19309866263714803,0.0663375822398999,False,False,False,False,-4733069,-4735755.082052751,False,False,False,False,39172.88912722849,False,False,False,False
2024-07-12 00:00:00+00:00,6.215,6.35,6.215,6.35,26723,,,6.247251438185174,6.103270126170923,6.08833174417278,6.2537132037596574,6.958673327378536,7.126655212474655,7.668022178585994,7.782737425682652,,,,,,5.8487264053501455,8.561553379956516,,,,,6.079680511055179,6.958673327378536,7.336468654220683,8.268508647559356,10.777235370904563,"rgba(38, 166, 154, 1.0)",0.0,0.0,0.3659286624072004,6.238281071711984,-0.06362188618632157,0.0,0.0,0.0,0.0,0.0,0.0,0.0,0.0,60.223599509164636,4.16620650803668,True,False,True,False,True,2.3964563812545236,0,1.0314585530245488,0.9300626073875241,False,False,False,False,0.24550431399064507,0.1559209481152725,False,False,False,False,-4759792,-4736697.706285978,False,False,False,False,38684.65818106267,False,False,False,False
2024-07-15 00:00:00+00:00,6.26,6.32,6.16,6.21,25184,,,6.2471025132810185,6.104105100948225,6.089063428057263,6.25368915675537,6.957219198036059,7.125166944412609,7.6661368815137685,7.780999628978787,,,,,,5.856725779192549,8.559541650086727,,,,,6.0807941241223675,6.957219198036059,7.334878733265849,8.266551385962659,10.774543194612441,"rgba(38, 166, 154, 1.0)",0.0,0.0,0.35298310199703176,6.241733436379845,0.05174911636508953,0.0,0.0,0.0,0.0,0.0,0.0,0.0,0.0,61.89682779172874,5.673975344570749,True,False,True,False,True,2.8437710281998996,0,1.0454359728691671,0.9146849718068152,False,False,False,False,0.20313627633714182,0.17952861222620714,False,False,False,False,-4734608,-4736615.757019862,False,False,False,False,38155.22060533472,False,False,False,False
2024-07-16 00:00:00+00:00,6.44,6.5,6.1521,6.31,39115,,,6.280244901680883,6.106434783358549,6.0910229250631875,6.254270934964388,6.955343542932236,7.123172856186943,7.663459887276011,7.778514188056023,,,,,,5.872085241655436,8.55658222172334,,,,6.364033333333334,6.0836978164672315,6.955343542932236,7.332683838661248,8.263695133586692,10.77047635020675,"rgba(38, 166, 154, 1.0)",0.0,0.0,0.34318526715572173,6.210714655795015,0.6681095202753742,0.0,0.0,0.0,0.0,0.0,0.0,0.0,0.0,64.54429751129489,8.158777206851028,True,False,True,False,True,4.613785531595397,0,1.0459835778376978,0.9315692457687795,False,False,False,False,0.26513086786668116,0.22232974004644415,False,False,False,False,-4695493,-4735003.099881828,False,True,False,False,38192.85901296865,False,True,False,False
2024-07-17 00:00:00+00:00,6.37,6.4899,6.35,6.4365,14935,,,6.2922617182562,6.1074472501091766,6.091870311179801,6.254570345785839,6.9546778508395395,7.1224534619795845,7.66247145100224,7.777593769438812,,,,,,5.878156028222269,8.555474547298239,,,,6.374883428923837,6.084943971846546,6.9546778508395395,7.331882260514077,8.262629308348952,10.768939333792089,"rgba(38, 166, 154, 1.0)",0.0,0.0,0.33371701723577707,6.213966965122266,0.46756091784044146,0.0,0.0,0.0,0.0,0.0,0.0,0.0,0.0,65.06293698115701,8.698608495121789,True,False,True,False,True,3.846276237254788,0,1.0558621501746674,0.9263414059740158,False,False,False,False,0.33515385963106126,0.2787417998387527,False,False,False,False,-4710428,-4734039.370474698,False,False,False,False,37280.78611049929,False,False,False,False
2024-07-18 00:00:00+00:00,6.1,6.496,6.09,6.36,23229,,,6.283876212154756,6.108086869016128,6.09244523719663,6.254489654193001,6.953318739956817,7.121066400033029,7.660724386926713,7.775983051625509,,,,,,5.884277413433998,8.553614390074921,,,,6.3309326897777325,6.085810309751422,6.953318739956817,7.33040432925206,8.260818542669586,10.766455358156545,"rgba(38, 166, 154, 0.75)",0.0,0.0,0.32435906367379086,6.214040095230039,-0.35158596753359006,0.0,0.0,0.0,0.0,0.0,0.0,0.0,0.0,61.33020057838023,8.698608495121789,True,False,True,False,False,0.9639536991953435,0,1.0349063852157387,0.9470742852521331,False,False,False,False,0.2411085812575086,0.2599251905481306,False,False,False,False,-4733657,-4734024.375554122,False,False,False,False,36729.73567479344,False,False,False,False
2024-07-19 00:00:00+00:00,5.95,6.1,5.93,6.1,10430,,,6.267636067746714,6.107815636809536,6.092258556991191,6.254124888357273,6.952512498529134,7.1202811291113965,7.659812643735079,7.775151085663254,,,,,,5.885125927964931,8.55269568799611,,,,6.290786737963037,6.085560691963637,6.952512498529134,7.329600542304661,8.259912509762545,10.765283122152574,"rgba(38, 166, 154, 0.75)",0.0,0.0,0.3124807776833198,6.211970431129252,-0.8383569481344006,0.0,0.0,0.0,0.0,0.0,0.0,0.0,0.0,57.017058213073156,13.76329153373851,True,False,True,False,False,0.0,0,0.9691969555130449,0.9903618380886483,False,False,False,False,0.04693361674634928,0.15342940364723995,False,False,False,False,-4744087,-4734418.988277489,False,False,False,False,35698.373491468206,False,False,False,False
2024-07-22 00:00:00+00:00,6.1,6.235,5.98,6.04,10232,,,6.259181560305309,6.107809123192962,6.09228205686625,6.253920834270567,6.951814804278959,7.11958805580953,7.658979046158259,7.774386770045035,,,,,,5.886791479086388,8.551834361415153,,,,6.271377400680001,6.085612031322476,6.951814804278959,7.328878768518116,8.259068135148231,10.764160596118053,"rgba(38, 166, 154, 0.75)",0.0,0.0,0.30110869132115675,6.2114126417922115,-0.3700080569025532,0.0,0.0,0.0,0.0,0.0,0.0,0.0,0.0,55.87134308830571,12.707842653991179,True,False,True,False,False,0.9556599345047125,0,0.980589322498962,0.9702163346062089,False,False,False,False,0.11044686975504177,0.13193813670114085,False,False,False,False,-4733855,-4734396.871090137,False,False,False,False,34699.6921780773,False,False,False,False
2024-07-23 00:00:00+00:00,5.9,6.105,5.9,6.1,15844,,,6.237513556806303,6.107311276372602,6.091929073093356,6.2533169976691765,6.950562712239261,7.118372402456833,7.657576636519489,7.773107847551449,,,,,,5.887736854532066,8.550427385099887,,,,6.229180009081455,6.085134369384553,6.950562712239261,7.327638179805571,8.25767907448254,10.762372503538437,#000000,0.0,0.0,0.2979560800030118,6.209029015203646,-1.0371629778473441,0.0,0.0,0.0,0.0,0.0,0.0,0.0,0.0,52.812233500151756,9.776440991511649,True,False,False,False,False,0.0,0,1.0009653071923708,0.9680949329694014,False,False,False,False,0.03839090479562879,0.08516452074838482,False,False,False,False,-4749699,-4734996.954576799,False,False,False,False,33960.25326913309,False,False,False,False
2024-07-24 00:00:00+00:00,5.97,6.08,5.84,5.9,21167,,,6.212694993727907,6.106627960841178,6.0914416741707775,6.252500183583252,6.948886439896015,7.116745291186964,7.655701160493041,7.771397352155311,,,,,,5.88888989522249,8.54854647092964,,,,6.187482393739997,6.0844752102503294,6.948886439896015,7.325978241489988,8.255821919884736,10.759983267983044,#000000,0.0,0.0,0.2962473072488635,6.2065366003532905,-0.7984430391955846,0.0,0.0,0.0,0.0,0.0,0.0,0.0,0.0,51.610550011333935,8.570133644831444,False,False,False,False,False,0.0,0,0.991784184555269,0.9617263231721063,False,False,False,False,0.009380084978909502,0.04727230286364716,False,False,False,False,-4728532,-4734743.426946336,False,False,False,False,33458.557062500426,False,False,False,False
2024-07-25 00:00:00+00:00,5.9496,6.0159,5.8805,5.9699,9691,,,6.2021883292065505,6.106285474977118,6.091194350038703,6.252108860975386,6.948109488689118,7.1159924178296405,7.654836456884901,7.770608961726735,,,,,,5.8893044315495935,8.547681354064718,,,,6.171481873762759,6.084139549201253,6.948109488689118,7.325211444931778,8.254967218552233,10.758886843022745,#000000,0.0,0.0,0.29392942662786936,6.205494343664745,-0.8705979071252411,0.0,0.0,0.0,0.0,0.0,0.0,0.0,0.0,50.56521791081563,7.415379772688084,False,False,False,False,False,0.0,0,1.0027501006656785,0.9756431894313887,False,False,False,False,0.001330199096688176,0.02430125098016767,False,False,False,False,-4738223,-4734879.880791578,False,False,False,False,32526.496001225903,False,False,False,False
2024-07-26 00:00:00+00:00,6.03,6.05,5.9735,6.0,14732,,,6.191672235924879,6.105994895884577,6.0910016727097815,6.251651067264366,6.947012276090709,7.114917481085496,7.6535768550059835,7.769457226062498,,,,,,5.890645249089652,8.546402298452001,,,,6.157279205228758,6.083891354484777,6.947012276090709,7.324105903859771,8.253708066592457,10.757244996613734,#000000,0.0,0.0,0.2919050377794656,6.2048173046076815,-0.5988841643074206,0.0,0.0,0.0,0.0,0.0,0.0,0.0,0.0,50.90971199684934,7.415379772688084,False,False,False,False,False,0.27455296399008944,0,0.9913505563483239,0.9797158290071524,False,False,False,False,0.04471190334015717,0.03450657716016242,False,False,False,False,-4723491,-4734433.258015438,False,False,False,False,31828.67262862881,False,False,False,False
2024-07-29 00:00:00+00:00,5.98,6.08,5.98,6.08,4115,,,6.188875261391328,6.105909945485482,6.0909447351392165,6.251521059166331,6.946704778628429,7.114616371397064,7.653224397372887,7.769134963343821,,,,,,5.891001713144448,8.546044623266123,,,,6.153656125756927,6.083817659324217,6.946704778628429,7.323796371130254,8.2533559011857,10.756786157549396,#000000,0.0,0.0,0.2914495516742499,6.204636725263418,-0.7707568049872717,0.0,0.0,0.0,0.0,0.0,0.0,0.0,0.0,50.45438550912575,6.75627267962696,False,False,False,False,False,0.0,0,0.9741233244919142,0.9856556104571224,False,False,False,False,0.05719402497504848,0.04585030106760545,False,False,False,False,-4727606,-4734165.52240699,False,False,False,False,30741.861937310034,False,False,False,False
2024-07-30 00:00:00+00:00,5.9,6.0799,5.9,5.98,6588,,,6.1832684195524115,6.105696052427558,6.0907911929125005,6.251266646780904,6.946184781795973,7.114111302017063,7.652642084987307,7.768603601871747,,,,,,5.891321021365876,8.545460144154244,,,,6.146153531908889,6.083610907086332,6.946184781795973,7.323280953856186,8.252778897924676,10.756043491323311,#000000,0.0,0.0,0.2914592173964576,6.2041252740444515,-1.0434573892057237,0.0,0.0,0.0,0.0,0.0,0.0,0.0,0.0,49.06909035715352,5.095593510217064,False,False,False,False,False,0.0,0,0.9502153758885364,0.9954265860705865,False,False,False,False,0.029819651040539408,0.03783497605407243,False,False,False,False,-4734194,-4734166.639175343,False,False,False,False,29794.65166525866,False,False,False,False
2024-07-31 00:00:00+00:00,5.98,5.99,5.8701,5.92,5036,,,6.178920427344814,6.105518124228222,6.090662186939307,6.251063624576267,6.945782313016286,7.113721080131577,7.652193737004377,7.768194651013562,,,,,,5.891516331308955,8.5450112430373,,,,6.1404175657000595,6.08343641848617,6.945782313016286,7.322883389658826,8.252335469760482,10.755474367416317,#000000,0.0,0.0,0.29170936989825447,6.203708734305138,-0.7668890937002311,0.0,0.0,0.0,0.0,0.0,0.0,0.0,0.0,49.34865224707735,5.03981045793995,False,False,False,False,False,0.0,0,0.9439698381015749,1.003397649146152,False,False,False,False,-0.011051645680181294,0.01339166518694557,False,False,False,False,-4729158,-4733970.221952781,False,False,False,False,28823.724148974008,False,False,False,False
2024-08-01 00:00:00+00:00,5.89,5.99,5.88,5.99,17382,,,6.163474984670859,6.104804311045738,6.090136431558286,6.250303668277862,6.944358601317757,7.112345443126613,7.650623852703845,7.766763876733257,,,,,,5.891858889742223,8.543447120307253,,,,6.120514304712826,6.082720628451584,6.944358601317757,7.3214863510536805,8.250788556318605,10.753500141754037,#000000,0.0,0.0,0.29154029545471766,6.2020929548035095,-1.070496804967341,0.0,0.0,0.0,0.0,0.0,0.0,0.0,0.0,48.257622797779625,3.6487339692535414,False,True,False,False,False,0.0,0,0.9411822222222223,1.0071822222222222,False,False,False,False,-0.007674602593218807,0.0028585312968633816,False,False,False,False,-4746540,-4734463.1544252215,False,False,False,False,28375.02908430836,False,False,False,False
2024-08-02 00:00:00+00:00,5.69,5.83,5.55,5.75,56759,,,6.086282662392562,6.099657313959271,6.086151301527412,6.246135047317887,6.938699340376851,7.107013200865845,7.644838669807783,7.761527280820199,,,,,5.69,5.884231205046728,8.537905965360642,,,,6.022479916551323,6.0771834491713435,6.938699340376851,7.316198303795569,8.245254492711277,10.74675851178887,"rgba(239, 83, 80, 1.0)",0.0,0.0,0.29162468428861893,6.190521395942238,-1.7163204039575561,0.0,0.0,0.0,0.0,0.0,0.0,0.0,0.0,45.1030753179812,0.3989463584330082,False,True,False,True,False,0.0,0,0.9228608923884516,1.0129746281714787,False,False,False,False,-0.17662012262847246,-0.08688079566580453,False,False,False,False,-4803299,-4737162.599349723,False,False,False,False,29488.125982962934,False,False,False,False
2024-08-05 00:00:00+00:00,5.58,5.795,5.55,5.55,27915,,,6.053278563235814,6.096879341703084,6.083984735249114,6.2439313131292,6.935827705463009,7.104316405323596,7.641935889546449,7.758901648563062,,,,,5.6740656517939385,5.879805544981735,8.535142505105206,,,,5.984126552657214,6.074184207284163,6.935827705463009,7.313533186176036,8.242490198851705,10.743417821203874,"rgba(239, 83, 80, 1.0)",0.0,0.0,0.29305137867017567,6.185037295489122,-2.064611667191921,0.0,0.0,0.0,0.0,0.0,0.0,0.0,0.0,41.871555470379946,-2.7765266773127166,False,True,False,True,False,0.0,0,0.9487263111502865,1.0038166593212872,False,False,False,False,-0.18896158734212073,-0.13792119150396265,False,False,False,False,-4831214,-4740850.889571303,False,False,False,False,29426.434767944782,False,False,False,False
2024-08-06 00:00:00+00:00,5.541,5.8199,5.54,5.62,15716,,,6.036444509844962,6.0953027950360115,6.082752252173346,6.242681222638289,6.934206576700105,7.102794171346614,7.640298789269578,7.757420693049694,,,,,5.667735994288939,5.877302573850036,8.533584697273232,,,,5.965319400950086,6.072482728688978,6.934206576700105,7.3120292762271175,8.240931697809545,10.741535994211048,"rgba(239, 83, 80, 1.0)",0.0,0.0,0.29473737110837844,6.182102854491697,-2.175166495109831,0.0,0.0,0.0,0.0,0.0,0.0,0.0,0.0,39.32872770514786,-5.217195116439875,False,True,False,True,False,0.0,0,0.9643034825870647,0.9917732764747691,False,False,False,False,-0.1837009053253908,-0.16081104841467672,False,False,False,False,-4846930,-4745010.854686154,False,False,False,False,28888.770659397927,False,False,False,False
2024-08-07 00:00:00+00:00,5.58,6.15,5.57,6.15,14751,,,6.026655461287745,6.094256377904839,6.0819424117536345,6.241767814153553,6.932843922349574,7.101497386420554,7.638866344948298,7.756119501195974,,,,,5.680410248883253,5.876256728599617,8.532191069242057,,,,5.9557941277111235,6.071378144862954,6.932843922349574,7.310731847490703,8.239545136552678,10.739816945686153,"rgba(239, 83, 80, 1.0)",0.0,0.0,0.29629068831458744,6.114381187417804,-1.80357064360532,0.0,0.0,0.0,0.0,0.0,0.0,0.0,0.0,38.39937121387377,-6.149663400824153,False,True,False,True,False,0.0,0,0.9641934135669266,0.9436459941488049,False,False,False,False,-0.05890527335397897,-0.10985816088432784,False,False,False,False,-4832179,-4748429.213325913,False,False,False,False,28334.34828059801,False,False,False,False
2024-08-08 00:00:00+00:00,5.61,5.7,5.5,5.58,32621,,,5.9952099030087185,6.090823713138379,6.079245928276077,6.239070087543072,6.929421275383835,7.098288723540925,7.635430656793823,7.753012273052437,,,,,5.663394195620885,5.870668133685525,8.528932393147791,,,,5.922003229118297,6.067669233471865,6.929421275383835,7.307567688949529,8.236282181639025,10.735894865846573,"rgba(239, 83, 80, 1.0)",0.0,0.0,0.2977896514092395,6.032292852998969,-1.418091095511677,0.0,0.0,0.0,0.0,0.0,0.0,0.0,0.0,38.387235613612766,-6.314364373648324,False,True,False,True,False,0.0,0,0.9589639835753495,0.9871351618989084,False,False,False,False,-0.24074738348052996,-0.1753027721824289,False,False,False,False,-4799558,-4750434.263783721,False,False,False,False,28502.452269594167,False,False,False,False
2024-08-09 00:00:00+00:00,5.56,5.66,5.53,5.65,10459,,,5.985628565963458,6.08968852946276,6.078351735682751,6.23818289876932,6.9283111339458845,7.097249140146278,7.634320737314425,7.7520086752959445,,,,,5.658101873118402,5.868793997995674,8.52788199355207,,,,5.911903495030657,6.066441803941716,6.9283111339458845,7.306543796000503,8.235229783122149,10.734633734580855,"rgba(239, 83, 80, 1.0)",0.0,0.0,0.2999057222731871,6.029605930492386,-1.5658451827225157,0.0,0.0,0.0,0.0,0.0,0.0,0.0,0.0,37.73959346910857,-7.161162292966559,False,True,False,True,False,0.0,0,0.9763252026832022,0.9920675873046414,False,False,False,False,-0.24436287610900584,-0.20983282414571736,False,False,False,False,-4810017,-4752770.841674556,False,False,False,False,27794.86590608067,False,False,False,False
2024-08-12 00:00:00+00:00,5.645,5.65,5.52,5.6,11846,,,5.975857374672501,6.088463677113943,6.077387006450086,6.237214102950259,6.927076202262626,7.096090242761479,7.633078341979356,7.750884453225563,,,,,5.654403067418527,5.866859524680617,8.52670194904144,,,,5.901876054828173,6.065121105618781,6.927076202262626,7.305400151730432,8.234048561129493,10.733212110893417,"rgba(239, 83, 80, 1.0)",0.0,0.0,0.2996441521669958,6.0274989075036745,-1.2765105033336441,0.0,0.0,0.0,0.0,0.0,0.0,0.0,0.0,39.11971848553848,-7.161162292966559,False,True,False,True,False,0.0,0,0.9753428026809321,0.9727075482471167,False,False,False,False,-0.2516127986574283,-0.23072281140157283,False,False,False,False,-4798171,-4754551.240040259,False,False,False,False,27169.420184273586,False,False,False,False
2024-08-13 00:00:00+00:00,5.64,5.905,5.6177,5.68,27852,,,5.9613447458936495,6.086292648929811,6.075686909414814,6.235363376630773,6.924435469105919,7.093583794119772,7.630329830974998,7.748388356935363,,,,,5.663760797430599,5.864385575717079,8.524041121495921,,,,5.888965318613954,6.062820214197164,6.924435469105919,7.302900157495802,8.231397728400156,10.729948200979548,"rgba(239, 83, 80, 0.75)",0.0,0.0,0.2996942599707396,6.02800098798239,-1.2946560538739453,0.0,0.0,0.0,0.0,0.0,0.0,0.0,0.0,39.962972000256144,-7.161162292966559,False,True,False,True,True,0.0,0,0.9919069913152446,0.9429399376925355,False,False,False,False,-0.12680872452971156,-0.1787657679656422,False,False,False,False,-4826023,-4757354.054156328,False,False,False,False,27196.188020184425,False,False,False,False
2024-08-14 00:00:00+00:00,5.6,6.07,5.52,6.07,15691,,,5.954156481463147,6.085110992490543,6.074760630225421,6.234344902306786,6.922964053505151,7.0921850882882715,7.628792240183718,7.7469911303280865,,,,,5.668626484090944,5.8631144812287515,8.522549169740298,,,,5.882823265026045,6.061571594495151,6.922964053505151,7.3015032866554685,8.22991219249653,10.728114618272295,"rgba(239, 83, 80, 0.75)",0.0,0.0,0.30058209428599564,6.027776609073937,-1.4231606513025354,0.0,0.0,0.0,0.0,0.0,0.0,0.0,0.0,39.88381961334345,-7.161162292966559,False,True,False,True,True,0.0,0,0.9839699404861978,0.9280706768434149,False,False,False,False,-0.12873935967085662,-0.15375256381824942,False,False,False,False,-4841714,-4760662.287326668,False,False,False,False,26745.004176255625,False,False,False,False
2024-08-15 00:00:00+00:00,5.78,5.84,5.52,5.52,21260,,,5.944427529038577,6.0834478360395075,6.073453199488032,6.2329260994540965,6.920948409510459,7.090271398240827,7.626694646291499,7.74508547006591,,,,,5.672673265778231,5.861219239525924,8.520518189788513,,,,5.874391719353747,6.059810398789577,6.920948409510459,7.2995945656902625,8.227888827354244,10.72562413346476,"rgba(239, 83, 80, 0.75)",0.0,0.0,0.29997830387003427,6.026627517862283,-0.8221511845374473,0.0,0.0,0.0,0.0,0.0,0.0,0.0,0.0,43.57019970828878,-10.939016849164787,False,True,False,True,True,0.0,1,0.9734514055657582,1.0202447379573387,False,False,False,False,-0.21420056772605003,-0.1839765657721497,False,False,False,False,-4820454,-4763007.060372681,False,False,False,False,26529.905973265206,False,False,False,False
2024-08-16 00:00:00+00:00,5.78,5.8399,5.7,5.71,9347,,,5.941441110017844,6.082839036626296,6.0729765934423785,6.232376471638059,6.92010825180873,7.089468289361462,7.625802745779327,7.744273467573426,,,,,5.676524586876971,5.8607328423675185,8.519645249287752,,,,5.87222804595543,6.059174751915736,6.92010825180873,7.298788513072557,8.22702147019915,10.724543060194245,"rgba(239, 83, 80, 0.75)",0.0,0.0,0.29620789646442225,6.026708305795835,-0.8328890240286593,0.0,0.0,0.0,0.0,0.0,0.0,0.0,0.0,46.027786438252335,-8.5662508557323,False,True,False,True,True,0.0,1,0.9241676663990693,1.0396345038470907,False,False,False,False,-0.1471547269311183,-0.165565646351634,False,False,False,False,-4820454,-4765259.881534536,False,False,False,False,25856.066523333237,False,False,False,False
2024-08-19 00:00:00+00:00,5.82,5.84,5.75,5.84,11886,,,5.938442775749318,6.082143088422989,6.072433226043738,6.23172504043017,6.919069583261937,7.088471710982803,7.624688177811202,7.743257579282687,,,,,5.682409909424463,5.8603318518000425,8.51854811657911,,,,5.870402623798389,6.058454994177036,6.919069583261937,7.2977848906399485,8.225932880232286,10.723177342664018,#000000,0.0,0.0,0.28606294730315923,6.027084359856187,-0.7239118585907811,0.0,0.0,0.0,0.0,0.0,0.0,0.0,0.0,48.44548136457159,-6.28132164880887,False,False,False,False,True,0.0,1,0.9198365236703894,1.0354350418248182,False,False,False,False,-0.12645967723153398,-0.146012661791584,False,False,False,False,-4808568,-4766958.2391214175,False,False,False,False,25308.22077732017,False,False,False,False
2024-08-20 00:00:00+00:00,5.88,5.94,5.73,5.83,21643,,,5.935079454547585,6.081095334837174,6.071620030943651,6.230672591715492,6.917262142107363,7.086726771321088,7.622714088761978,7.741454928735244,,,,,5.695469151790964,5.860202075246926,8.516586938614068,,,,5.869463588180838,6.057392588325981,6.917262142107363,7.296017826396258,8.223991330799597,10.720716048308496,"rgba(38, 166, 154, 0.5)",0.0,0.0,0.2857330242921204,6.028436439950766,-0.519493468836879,0.0,0.0,0.0,0.0,0.0,0.0,0.0,0.0,51.19257629414636,-3.7240496292407457,False,False,True,False,True,0.0,1,0.9316071900367157,1.0199794101837596,False,False,False,False,-0.0969192956651776,-0.1214659787283808,False,False,False,False,-4786925,-4767741.24935195,False,False,False,False,25164.48662918997,False,False,False,False
2024-08-21 00:00:00+00:00,6.02,6.11,5.85,5.9,23545,,,5.937393686759186,6.080666525760979,6.07130990331711,6.229962849816894,6.915565931020033,7.08505342104422,7.6207447371023385,7.739646068144123,,,,,5.718746356069934,5.861996746996023,8.514571186976076,,,,5.875370007648372,6.057039372633513,6.915565931020033,7.294290428014843,8.222010065656466,10.718119987997435,"rgba(38, 166, 154, 1.0)",0.0,0.0,0.2788438177271199,6.032482889137148,-0.044766598158414786,0.0,0.0,0.0,0.0,0.0,0.0,0.0,0.0,55.299662163864035,0.045530561701028205,True,False,True,False,True,1.1761517747579333,1,0.957503859592102,0.9872972021342868,False,False,False,False,0.009134975440248634,-0.056165501644066085,False,False,False,False,-4763380,-4767570.2199655995,False,False,False,False,25100.97734961389,False,False,False,False
2024-08-22 00:00:00+00:00,6.01,6.08,5.96,6.08,12112,,,5.93898127765092,6.080506067006727,6.071198775714873,6.229635234995075,6.914717806489679,7.084212966395502,7.619748016535549,7.738729426462523,,,,,5.730260000808331,5.863061936180984,8.513545084627125,,,,5.878752866942479,6.056925181332408,6.914717806489679,7.29341951001599,8.221002891405481,10.716792224754045,"rgba(38, 166, 154, 1.0)",0.0,0.0,0.2788438177271199,6.034484714038835,-0.08780798598445669,0.0,0.0,0.0,0.0,0.0,0.0,0.0,0.0,57.77873129117788,2.229579751537763,True,False,True,False,True,1.0488234988689165,1,0.969713392768429,0.9872910061512613,False,False,False,False,0.03832635557026638,-0.008919573036899851,False,False,False,False,-4775492,-4767880.878006165,False,False,False,False,24591.60568884472,False,False,False,False
2024-08-23 00:00:00+00:00,6.08,6.2,6.03,6.03,31683,,,5.947162599913063,6.08065480084369,6.071368820786409,6.22912980692269,6.912720175922226,7.0821986894497915,7.617287246621948,7.736456690721799,,,,,5.764512570876052,5.867313799274947,8.510957979578327,,,,5.891988769403242,6.057266019706751,6.912720175922226,7.291301200512081,8.218476046996525,10.713386536543327,"rgba(38, 166, 154, 1.0)",0.0,0.0,0.2785426535017041,6.000614587840991,0.2850027138070749,0.0,0.0,0.0,0.0,0.0,0.0,0.0,0.0,60.50071365335477,4.673998391941929,True,False,True,False,True,1.921329516652218,0,0.9880649079071128,0.9771069044553415,False,False,False,False,0.10801127343256924,0.049545850197834695,False,False,False,False,-4743809,-4766936.882790237,False,False,False,False,24869.69958339983,False,False,False,False
2024-08-26 00:00:00+00:00,6.085,6.09,5.99,6.02,6506,,,5.948253760586192,6.0806205215705695,6.071351053331568,6.22898683405855,6.912286762495125,7.081765714684781,7.616766823023022,7.735976984319708,,,,,5.769887867281774,5.867993350203109,8.510416762064702,,,,5.893937996488313,6.057262607375603,6.912286762495125,7.290849485684283,8.217946073976725,10.712680486172706,"rgba(38, 166, 154, 1.0)",0.0,0.0,0.27943383219740453,6.00116522011186,0.3000165700369296,0.0,0.0,0.0,0.0,0.0,0.0,0.0,0.0,62.39163437567343,6.376443004542217,True,False,True,False,True,1.9841189497539773,0,0.978817177643721,0.978817177643721,False,False,False,False,0.052943451827475195,0.05124465101265495,False,False,False,False,-4737303,-4765774.76973964,False,False,False,False,24149.554501697876,False,False,False,False
2024-08-27 00:00:00+00:00,6.04,6.08,6.0,6.08,11820,,,5.9499099108220985,6.080522152429301,6.071289350117461,6.228705340728845,6.911486705513211,7.08096854797495,7.615813139610016,7.735098390471706,,,,,5.778673282757127,5.8691174138240525,8.509428093531135,,,,5.897043641453862,6.0572155084760535,6.911486705513211,7.29001971070613,8.216977218560471,10.71139416299596,"rgba(38, 166, 154, 1.0)",0.0,0.0,0.27788114949235776,6.002029012503873,0.1366447042755285,0.0,0.0,0.0,0.0,0.0,0.0,0.0,0.0,62.276628971327995,6.376443004542217,True,False,True,False,True,1.3814204798823297,0,0.9784433562829056,0.9755439784985827,False,False,False,False,0.052943451827475195,0.05209405142006507,False,False,False,False,-4749123,-4765121.759161616,False,False,False,False,23666.04256045482,False,False,False,False
2024-08-28 00:00:00+00:00,5.89,6.0499,5.8635,6.01,20464,,,5.949441897688792,6.079912352626623,6.0708247177227985,6.227948523748381,6.90993771387977,7.0794516654750135,7.614054355678545,7.733484861343226,,,,,5.78697845371943,5.869848507933767,8.507645208009308,,,,5.898372340259416,6.056638412299467,6.90993771387977,7.288464653573934,8.215220657127976,10.70911854807483,"rgba(38, 166, 154, 0.75)",0.0,0.0,0.27770122304237366,6.0006942368509595,-0.3986091081567519,0.0,0.0,0.0,0.0,-1.0,6.0,5.92,0.0,58.350771862372994,6.376443004542217,True,False,True,False,False,0.0,0,0.9793395629487665,0.9752771689790831,False,False,False,False,-0.007858642590392869,0.022117704414836098,False,False,False,False,-4769587,-4765296.866645474,False,False,False,False,23540.4722639664,False,False,False,False
2024-08-29 00:00:00+00:00,5.76,5.92,5.7,5.92,17050,,,5.945597303471952,6.078918917428306,6.070041815168561,6.227019129100407,6.908464704573562,7.078035501695084,7.612468899681238,7.732037432251077,,,,,5.787248704831648,5.869141889859514,8.506080274574893,,,,5.895354395073546,6.055611044298393,6.908464704573562,7.287036982596225,8.213668770593353,10.70716823406764,"rgba(38, 166, 154, 0.75)",0.0,0.0,0.2776321954419135,5.997190557070561,-0.8543337587091426,0.0,0.0,0.0,0.0,-1.0,5.8635,5.81,0.0,53.196972499757344,9.685879772131322,True,False,True,False,False,0.0,0,0.9722315642128037,0.986102147849878,False,False,False,False,-0.1153590274566006,-0.04662066152088225,False,False,False,False,-4786637,-4766133.734620161,False,False,False,False,23285.943939889286,False,False,False,False
2024-08-30 00:00:00+00:00,5.71,5.81,5.6,5.77,25367,,,5.937152064926145,6.077008874674983,6.068522880945651,6.225368847470852,6.906110572463324,7.075792546185365,7.610003024691801,7.729791849163929,,,,,5.7824535884161055,5.866939762064927,8.503681024351792,,,,5.887619219421591,6.053597070179469,6.906110572463324,7.2847949814544455,8.211281005390463,10.704218290856861,#000000,0.0,0.0,0.27742900382280306,5.99095503131926,-1.012709657057734,0.0,0.0,0.0,0.0,0.0,0.0,0.0,0.0,48.904285049123565,5.8192898619184135,False,False,False,False,False,0.0,0,0.9868678607202918,0.9951386272365533,False,False,False,False,-0.19381992377304652,-0.12022029264696438,False,False,False,False,-4812004,-4767932.568556625,False,False,False,False,23367.553981462257,False,False,False,False
2024-09-03 00:00:00+00:00,5.58,5.71,5.52,5.7,33756,,,5.9221562035470905,6.0737965950683455,6.0659496040681,6.222754709476875,6.902723528800144,7.072594775372006,7.6065539398885225,7.726659118236039,,,,,5.7693106768337,5.862269619268601,8.50037698369572,,,,5.872913177124439,6.050165256175582,6.902723528800144,7.281626678462335,8.207979837743691,10.700217123760018,"rgba(239, 83, 80, 1.0)",0.0,0.0,0.27806408604114335,5.981318293227552,-1.4432582752458432,0.0,0.0,0.0,0.0,0.0,0.0,0.0,0.0,44.07593153305255,1.4971167415679503,False,True,False,True,False,0.0,0,0.984140088243118,0.9878092407606153,False,False,False,False,-0.26296618009734896,-0.19159323637215667,False,False,False,False,-4845760,-4770984.62469166,False,False,False,False,23774.944021404914,False,False,False,False
2024-09-04 00:00:00+00:00,5.41,5.6292,5.36,5.59,64113,,,5.886327571590077,6.066072604931767,6.059716020790006,6.216765338499595,6.895665900431714,7.065996814857818,7.599590037916883,7.720352362168206,,,,,5.732260085177229,5.849382719175496,8.493826640302968,,,,5.8365460685105965,6.041835192701413,6.895665900431714,7.275153549512319,8.201404442488341,10.692431233435702,"rgba(239, 83, 80, 1.0)",0.0,0.0,0.2795663806166993,5.960608358813088,-1.9695084852423728,0.0,0.0,0.0,0.0,0.0,0.0,0.0,0.0,38.86204598132864,-3.1369082173873437,False,True,False,True,False,0.0,0,0.9650667372204838,1.0034577452581448,False,False,False,False,-0.34282825441539394,-0.2672107453937753,False,False,False,False,-4909873,-4776431.227644928,False,False,False,False,25356.828569585112,False,False,False,False
2024-09-05 00:00:00+00:00,5.52,5.53,5.41,5.41,24037,,,5.874885404262197,6.063323313212526,6.057490922352271,6.2146041931760045,6.893074991762235,7.063568246925789,7.59701551920264,7.7180180983195195,,,,,5.721491497491483,5.845009222113704,8.491394486201253,,,,5.825191798288544,6.038880911459656,6.893074991762235,7.2727656113776735,8.198965549888266,10.689529441469663,"rgba(239, 83, 80, 1.0)",0.0,0.0,0.277738909250507,5.954626356835383,-1.5648738522385834,0.0,0.0,0.0,0.0,0.0,0.0,0.0,0.0,38.013390452338434,-3.7344127573524943,False,True,False,True,False,0.0,0,0.9743305900607029,0.9942926621237831,False,False,False,False,-0.34282825441539394,-0.30501949990458466,False,False,False,False,-4885836,-4780721.610874538,False,False,False,False,25305.070586464128,False,False,False,False
2024-09-06 00:00:00+00:00,5.4501,5.585,5.408,5.55,32163,,,5.860354263130164,6.059649603715678,6.054511375065457,6.211710156489281,6.889609236517811,7.060318764096116,7.593571281531567,7.7148944628941285,,,,,5.708165580333195,5.839230124357087,8.488140170349507,,,,5.810869414735092,6.03493690648487,6.889609236517811,7.269570312234402,8.195702242786352,10.685647521483427,"rgba(239, 83, 80, 1.0)",0.0,0.0,0.27651657127075874,5.9472219138188676,-1.7978015260868294,0.0,0.0,0.0,0.0,0.0,0.0,0.0,0.0,36.58232069707803,-5.101043979249049,False,True,False,True,False,0.0,0,0.9838919128008181,1.004798349588779,False,False,False,False,-0.3223037610122339,-0.3136616304584093,False,False,False,False,-4917999,-4786105.037899066,False,False,False,False,25574.008994838085,False,False,False,False
2024-09-09 00:00:00+00:00,5.37,5.51,5.36,5.51,21182,,,5.849750051665235,6.0569752415424745,6.052336190393674,6.20964119038912,6.887226769608701,7.058094562134934,7.591236586806849,7.712779849207977,,,,,5.697783735188116,5.834822704078227,8.485952608885226,,,,5.800264647624805,6.032056005411372,6.887226769608701,7.26739274053355,8.193503870835565,10.683060900405472,"rgba(239, 83, 80, 1.0)",0.0,0.0,0.2794373396666036,5.9417351737959745,-2.046022820279176,0.0,0.0,0.0,0.0,0.0,0.0,0.0,0.0,34.699226422344815,-7.013482397464962,False,True,False,True,False,0.0,0,0.9785896174813152,0.993298338833782,False,False,False,False,-0.34282825441539394,-0.3282449424369016,False,False,False,False,-4939181,-4792108.016804985,False,False,False,False,25401.773347981692,False,False,False,False
2024-09-10 00:00:00+00:00,5.27,5.72,5.2,5.52,42302,,,5.829256340650607,6.051563439287536,6.047923900980191,6.205455428694182,6.8824382053648625,7.053625769645545,7.586553396603237,7.70853789377344,,,,,5.677999727471062,5.825950759285888,8.481569544411146,,,,5.7798507478200705,6.026228972144902,6.8824382053648625,7.263020269808287,8.1890976845637,10.677886503809964,"rgba(239, 83, 80, 1.0)",0.0,0.0,0.2869997120693267,5.931234571578689,-2.3039555225022803,0.0,0.0,0.0,0.0,0.0,0.0,0.0,0.0,32.39274670851737,-9.378335878675053,False,True,False,True,False,0.0,0,0.9624352676786967,0.9784240400074615,False,False,False,False,-0.3241426193258066,-0.3261937808813541,False,False,False,False,-4981483,-4799534.486734201,False,False,False,False,26064.527334335355,False,False,False,False
2024-09-11 00:00:00+00:00,5.18,5.35,5.17,5.29,37137,,,5.80649662881059,6.0457181942687015,6.04313973634217,6.2010811577144915,6.877800246606828,7.049337604792779,7.582153038987195,7.704564463411509,,,,,5.653750112019439,5.815600335638912,8.477528694993858,,,,5.75661490903998,6.019896300270171,6.877800246606828,7.258864021792777,8.185015325997325,10.67321200240168,"rgba(239, 83, 80, 1.0)",0.0,0.0,0.2964978442835851,5.919183509602863,-2.4930485123388357,0.0,0.0,0.0,0.0,0.0,0.0,0.0,0.0,30.006257997672602,-11.835068907987583,False,True,False,True,False,0.0,0,0.9616831446552014,1.0094796378087962,False,False,False,False,-0.34282825441539394,-0.334511017648374,False,False,False,False,-5018620,-4808126.075489723,False,False,False,False,26498.741948675146,False,False,False,False
2024-09-12 00:00:00+00:00,5.26,5.33,5.21,5.26,19974,,,5.795630844101642,6.042736341424561,6.04069472054677,6.1988251900421165,6.875366855321747,7.047081756951303,7.579826612563753,7.702461394887099,,,,,5.642720042075809,5.810491744254871,8.475381781966966,,,,5.74566164547361,6.016674526811445,6.875366855321747,7.256672302487594,8.182849047693011,10.670716542314683,"rgba(239, 83, 80, 1.0)",0.0,0.0,0.30354084479293003,5.913518839339277,-2.1529848471796136,0.0,0.0,0.0,0.0,0.0,0.0,0.0,0.0,30.465312767576226,-11.835068907987583,False,True,False,True,False,0.0,0,0.9675921378115538,1.013136391644862,False,False,False,False,-0.3364563403662882,-0.3354836790073311,False,False,False,False,-4998646,-4815597.445078361,False,False,False,False,26242.86971539377,False,False,False,False
2024-09-13 00:00:00+00:00,5.3,5.415,5.22,5.25,60448,,,5.767843066496074,6.034365020723858,6.033812994667017,6.192390171763011,6.868251932315918,7.0404611337294885,7.572950877507216,7.696236030464893,,,,,5.616437689797151,5.796827551873865,8.468992837002434,,,,5.718159705042766,6.00766519025783,6.868251932315918,7.250218037696381,8.176413578370944,10.663241231572073,"rgba(239, 83, 80, 1.0)",0.0,0.0,0.3088606405296995,5.899224606696447,-1.9401132033812085,0.0,0.0,0.0,0.0,0.0,0.0,0.0,0.0,31.761338658679897,-11.835068907987583,False,True,False,True,False,0.0,0,0.9592002161577953,1.018202287669999,False,False,False,False,-0.30653663569594297,-0.32101015735163707,False,False,False,False,-4938198,-4820405.309977249,False,False,False,False,27584.247373613623,False,False,False,False
2024-09-16 00:00:00+00:00,4.92,5.24,4.86,5.05,207545,,,5.642496645703971,5.995488826786793,6.001567915791956,6.163577807438074,6.839616896684376,7.014165649287038,7.546515611562873,7.672403503005641,,,,,5.485827310525139,5.728900343983941,8.445151575072037,,,,5.591019207206649,5.965591207560586,6.839616896684376,7.224944145793928,8.152206356406413,10.636279343182773,"rgba(239, 83, 80, 1.0)",0.0,0.0,0.3236940733258084,5.831154293280688,-2.814862453053265,0.0,0.0,0.0,0.0,-1.0,5.22,5.05,0.0,29.058979612997003,-13.475568307862588,False,True,False,True,False,0.0,0,0.9084551980856156,1.039625985996632,False,False,False,False,-0.34282825441539394,-0.33191920588351553,False,False,False,False,-5145743,-4833163.650762456,False,False,False,False,34641.53179033466,False,False,False,False
2024-09-17 00:00:00+00:00,4.86,5.05,4.82,4.94,148629,,,5.565226877829062,5.966858506470913,5.9775675548728335,6.142136776202132,6.818592703676671,6.994861855087169,7.527208887086907,7.6549846898764375,,,,,5.409246919039578,5.6814100550069355,8.427804580151232,,,,5.513757062865358,5.934745999830007,6.818592703676671,7.206418285591088,8.134571026314662,10.616799713271247,"rgba(239, 83, 80, 1.0)",0.0,0.0,0.33974859664002455,5.787462299299799,-2.729848801354953,0.0,0.0,0.0,0.0,0.0,0.0,0.0,0.0,26.852785875494668,-15.82982327087091,False,True,False,True,False,0.0,0,0.896934353147628,1.0617738032987387,False,False,False,False,-0.34282825441539394,-0.3373737301494547,False,False,False,False,-5294372,-4851250.25269334,False,False,False,False,39111.62858287056,False,False,False,False
2024-09-18 00:00:00+00:00,4.5999,4.9,4.55,4.89,175446,,,5.467568670252863,5.928102309869158,5.944825718422463,6.113265899580313,6.7914785811989935,6.970097310797138,7.502836621236641,7.633028679363394,,,,,5.310745742992852,5.617460824284344,8.406239942878322,,,,5.415676746362612,5.893019075013858,6.7914785811989935,7.182806326546314,8.11255279868401,10.593068575475277,"rgba(239, 83, 80, 1.0)",0.0,0.0,0.36390754487144283,5.730015794945218,-3.105502512580366,0.0,0.0,0.0,0.0,0.0,0.0,0.0,0.0,23.91142199293671,-18.83215464908471,False,True,False,True,False,0.0,0,0.8876924827761291,1.0592746277280247,False,False,False,False,-0.34282825441539394,-0.3401009922824243,False,False,False,False,-5469818,-4875507.8114112485,False,False,False,False,44458.07452079721,False,False,False,False
2024-09-19 00:00:00+00:00,4.69,4.81,4.65,4.67,65958,,,5.437558378994896,5.9145051640500945,5.933255361555169,6.102951834872655,6.78162094955421,6.96105774931155,7.493888850227684,7.624950536953286,,,,,5.281912219897771,5.596273815277744,8.398269018712462,,,,5.385959742886197,5.878455914877208,6.78162094955421,7.17416041398777,8.104427486801226,10.584246096746057,"rgba(239, 83, 80, 1.0)",0.0,0.0,0.38424375796971,5.711653930773949,-2.65886929737577,0.0,0.0,0.0,0.0,0.0,0.0,0.0,0.0,23.854747649864986,-19.128011984383082,False,True,False,True,False,0.0,0,0.885506322388694,1.0803138171643112,False,False,False,False,-0.3406449301114457,-0.340372961196935,False,False,False,False,-5403860,-4896227.505081396,False,False,False,False,45301.208853314965,False,False,False,False
2024-09-20 00:00:00+00:00,4.61,4.705,4.5912,4.65,46140,,,5.41574203069405,5.904540396158842,5.924758161830029,6.095409188386925,6.774511476998911,6.954549831095477,7.4874814876840965,7.61916897241709,,,,,5.260682709153101,5.58072013699907,8.392590881163748,,,,5.364283218923494,5.867783220638598,6.774511476998911,7.167949418525591,8.098630818231525,10.578004925496202,"rgba(239, 83, 80, 1.0)",0.0,0.0,0.4013859834384434,5.698170989037093,-2.7110338525410294,0.0,0.0,0.0,0.0,0.0,0.0,0.0,0.0,23.312623744107185,-19.985981541644904,False,True,False,True,False,0.0,0,0.848912255257433,1.1211928934010151,False,False,False,False,-0.34282825441539394,-0.34160060780616447,False,False,False,False,-5450000,-4917944.073509576,False,False,False,False,45334.1026237732,False,False,False,False
2024-09-23 00:00:00+00:00,4.61,4.6779,4.57,4.65,47755,,,5.3939367691130515,5.894260260577171,5.915971563435692,6.087598560711932,6.767147580590447,6.947805872731251,7.4808427685383325,7.613176381911686,,,,,5.239600945043791,5.564878301120103,8.386706909173967,,,,5.342660977646014,5.856786451315257,6.767147580590447,7.1615122842822805,8.092623823331405,10.571541612664387,"rgba(239, 83, 80, 1.0)",0.0,0.0,0.4116122858066454,5.684520115563146,-2.6105151683152155,0.0,0.0,0.0,0.0,0.0,0.0,0.0,0.0,22.951207806935315,-20.722766595214907,False,True,False,True,False,0.0,0,0.8316204599769192,1.1239538750920044,False,False,False,False,-0.34282825441539394,-0.3422144311107792,False,False,False,False,-5450000,-4938809.011803318,False,False,False,False,45429.0397757821,False,False,False,False
2024-09-24 00:00:00+00:00,4.59,4.65,4.5501,4.65,38509,,,5.376715942241976,5.885944667851127,5.908849847534807,6.081264097804002,6.761183884172788,6.94234342974996,7.475469630823843,7.608325098852679,,,,,5.223000644456022,5.5521825486479095,8.381947117558653,,,,5.325601472152954,5.847899508982025,6.761183884172788,7.1562991631359525,8.087763527739465,10.566320135472953,"rgba(239, 83, 80, 1.0)",0.0,0.0,0.42505373984344447,5.673621796331739,-2.549375984154046,0.0,0.0,0.0,0.0,0.0,0.0,0.0,0.0,22.570125050339747,-21.508488386199822,False,True,False,True,False,0.0,0,0.8339028579782178,1.1244426577004605,False,False,False,False,-0.34282825441539394,-0.34252134276308654,False,False,False,False,-5488509,-4960365.87408554,False,False,False,False,45157.6656669279,False,False,False,False
2024-09-25 00:00:00+00:00,4.49,4.6,4.46,4.6,58761,,,5.349272837543235,5.872684228136725,5.897475904097622,6.071185857098112,6.751812601306943,6.9337742815471195,7.467082346578531,7.600756584226443,,,,,5.196225852069178,5.531869144573775,8.374554054315684,,,,5.298324634138316,5.8337257767525506,6.751812601306943,7.148137704873597,8.080203751486012,10.558263649104813,"rgba(239, 83, 80, 1.0)",0.0,0.0,0.44277903783884376,5.65615349375725,-2.6337143227220463,0.0,0.0,0.0,0.0,0.0,0.0,0.0,0.0,21.63113423881424,-22.814712252964704,False,True,False,True,False,0.0,0,0.8230308562061677,1.1482737102888172,False,False,False,False,-0.34282825441539394,-0.3426747985892402,False,False,False,False,-5547270,-4983381.722160617,False,False,False,False,45691.12975842092,False,False,False,False
2024-09-26 00:00:00+00:00,4.44,4.5101,4.42,4.48,48838,,,5.326213080860715,5.861378154351685,5.887758711165253,6.06258847580931,6.743875821174243,6.926522592427775,7.460006577092079,7.594372546306554,,,,,5.1736384350665565,5.514620785451438,8.368335770897039,,,,5.27538091274896,5.821647228077298,6.743875821174243,7.141239076977691,8.073839588794351,10.55151767625411,"rgba(239, 83, 80, 1.0)",0.0,0.0,0.46149834074637097,5.641339609068483,-2.6031287720895873,0.0,0.0,0.0,0.0,0.0,0.0,0.0,0.0,20.680732503912303,-24.095218840213853,False,True,False,True,False,0.0,0,0.7999457289629553,1.1564315857435599,False,False,False,False,-0.34282825441539394,-0.3427515265023171,False,False,False,False,-5596108,-5007410.203644515,False,False,False,False,45814.536434561276,False,False,False,False
2024-09-27 00:00:00+00:00,4.51,4.5899,4.43,4.43,34696,,,5.3115016446882,5.853755504561129,5.881188585528525,6.056736813402052,6.738401103200131,6.921507069403835,7.455088709266236,7.589929589088067,,,,,5.159543430239178,5.503299716963648,8.363990086860031,,,,5.260838621317308,5.813524079699194,6.738401103200131,7.136456349604,8.069398241389818,10.546775994082052,"rgba(239, 83, 80, 1.0)",0.0,0.0,0.4775654151201277,5.63170857053902,-2.3488061216846363,0.0,0.0,0.0,0.0,0.0,0.0,0.0,0.0,21.9564452926291,-24.095218840213853,False,True,False,True,False,0.0,0,0.8210899339143759,1.1530600517191842,False,False,False,False,-0.3228032783046031,-0.3327774024034601,False,False,False,False,-5561412,-5029135.764285907,False,False,False,False,45378.51539791182,False,False,False,False
2024-09-30 00:00:00+00:00,4.59,4.63,4.5,4.55,60336,,,5.289068846074163,5.841318107323563,5.870432351614305,6.047077797669606,6.729213168494495,6.913062411584692,7.446758690367669,7.582392070774299,,,,,5.138664329540773,5.485426321216941,8.356580121914881,,,,5.238850277177906,5.800310216989604,6.729213168494495,7.128380173396797,8.061838116601667,10.538634324718076,"rgba(239, 83, 80, 0.75)",0.0,0.0,0.4900079123721653,5.616662324923397,-2.095195401954323,0.0,0.0,0.0,0.0,0.0,0.0,0.0,0.0,24.85623520785597,-24.095218840213853,False,True,False,True,True,0.0,0,0.8425151427747333,1.1117200269204883,False,False,False,False,-0.2985867800736685,-0.3156820912385643,False,False,False,False,-5501076,-5047643.224509989,False,False,False,False,45965.08342152312,False,False,False,False
2024-10-01 00:00:00+00:00,4.52,4.63,4.47,4.62,39407,,,5.274490406321453,5.8331144005880695,5.863324086232138,6.040695705404558,6.723162139203971,6.907501589908347,7.441281276351422,7.577435114809106,,,,,5.125054530885386,5.473705805024117,8.351713598545427,,,,5.224550836612716,5.791600503046251,6.723162139203971,7.1230643759511745,8.05687101805418,10.533299114033206,"rgba(239, 83, 80, 0.75)",0.0,0.0,0.503335895179865,5.606792745861764,-2.159179896107754,0.0,0.0,0.0,0.0,0.0,0.0,0.0,0.0,26.04667099021958,-28.733940712252977,False,True,False,True,True,0.0,0,0.8357337485402879,1.1291358505254965,False,False,False,False,-0.3051505547445098,-0.31041632299153704,False,False,False,False,-5540483,-5066970.274529206,False,False,False,False,45707.90367950261,False,False,False,False
2024-10-02 00:00:00+00:00,4.5,4.55,4.46,4.47,30462,,,5.263060776478301,5.826665575645133,5.8577303515231725,6.035679568833337,6.718429332190809,6.903154548908127,7.43700797445133,7.573568271894235,,,,,5.1143175215872665,5.464494938183395,8.34792411880253,,,,5.213321068420651,5.784755028702777,6.718429332190809,7.118912033231023,8.053001061147151,10.529156250854582,"rgba(239, 83, 80, 0.75)",0.0,0.0,0.5161097768099899,5.599024586502332,-2.1294395802677206,0.0,0.0,0.0,0.0,0.0,0.0,0.0,0.0,26.628659326994978,-28.00290935879283,False,True,False,True,True,0.0,0,0.8407637043598073,1.1256766066332056,False,False,False,False,-0.32499843726520156,-0.3177073801283693,False,False,False,False,-5570945,-5086733.989253551,False,False,False,False,45110.02510383585,False,False,False,False
2024-10-03 00:00:00+00:00,4.45,4.5419,4.43,4.46,35979,,,5.24948477314206,5.818961655307301,5.851040540903463,6.029684218976762,6.712791526439206,6.897977834946545,7.431926351887642,7.568970048256093,,,,,5.101517022322772,5.453513032523764,8.343423809883546,,,,5.199969462627775,5.776579728465688,6.712791526439206,7.113969704977314,8.048403330929922,10.524246585565555,"rgba(239, 83, 80, 0.75)",0.0,0.0,0.5301677541993012,5.589755264389422,-2.149801181535012,0.0,0.0,0.0,0.0,0.0,0.0,0.0,0.0,26.48057749787258,-27.9311745597058,False,True,False,True,True,0.0,0,0.8417207387694486,1.1255967865721777,False,False,False,False,-0.3334749920799216,-0.32559118610414545,False,False,False,False,-5606924,-5107133.597518118,False,False,False,False,44751.94568799915,False,False,False,False
2024-10-04 00:00:00+00:00,4.46,4.51,4.39,4.51,61565,,,5.226716879295249,5.80578163402449,5.839572876545874,6.019396775076567,6.7031215779369,6.8890957935891235,7.423210937411835,7.561081178572966,,,,,5.080078984161468,5.434891657828661,8.335706435931904,,,,5.177589576049521,5.762606836270166,6.7031215779369,7.105489647550749,8.040518068518239,10.515835329965462,"rgba(239, 83, 80, 0.75)",0.0,0.0,0.5431043929547835,5.57404817368367,-2.051259735946235,0.0,0.0,0.0,0.0,0.0,0.0,0.0,0.0,26.691150633294093,-27.4629500810468,False,True,False,True,True,0.0,0,0.8334414774145247,1.1225754928874472,False,False,False,False,-0.34282825441539394,-0.3342097202597697,False,False,False,False,-5545359,-5124318.907419369,False,False,False,False,45411.28115121487,False,False,False,False
2024-10-07 00:00:00+00:00,4.37,4.42,4.36,4.4,65111,,,5.201957917066064,5.791409206242156,5.827045507575725,6.00818206624218,6.6926689046027334,6.879504175780713,7.413832908067421,7.552594329936528,,,,,5.056531194354098,5.414585898837395,8.327431245211173,,,,5.1531847195913105,5.7473735624213536,6.6926689046027334,7.096344612999853,8.032054180288068,10.506862507475757,"rgba(239, 83, 80, 0.75)",0.0,0.0,0.5593983756929084,5.556874899583937,-2.1216988664183978,0.0,0.0,0.0,0.0,0.0,0.0,0.0,0.0,25.831332640102413,-27.4629500810468,False,True,False,True,True,0.0,0,0.8195485719419794,1.1333619510636812,False,False,False,False,-0.34282825441539394,-0.3385189873375818,False,False,False,False,-5610470,-5143383.656148021,False,False,False,False,46183.81914528488,False,False,False,False
2024-10-08 00:00:00+00:00,4.34,4.42,4.32,4.35,45830,,,5.184912382415185,5.781300974502921,5.818215840019473,6.000268027470244,6.685294067869438,6.872734092815988,7.407216013369817,7.546604001800775,,,,,5.040346608161814,5.400444246178161,8.321592958489454,,,,5.136393092712042,5.736671470898896,6.685294067869438,7.089889366524543,8.026082167794355,10.500538486127606,"rgba(239, 83, 80, 0.75)",0.0,0.0,0.575216058137005,5.544920434262933,-2.0947266982868977,0.0,0.0,0.0,0.0,0.0,0.0,0.0,0.0,24.944687980337342,-27.4629500810468,False,True,False,True,True,0.0,0,0.8149065098681254,1.136356829821006,False,False,False,False,-0.34282825441539394,-0.3406736208764879,False,False,False,False,-5656300,-5163498.022573589,False,False,False,False,46169.94388468547,False,False,False,False
2024-10-09 00:00:00+00:00,4.35,4.393,4.32,4.34,27116,,,5.175081199575242,5.775363653956722,5.813021397273131,5.995605200683499,6.680941972391984,6.868736582386147,7.403307258540622,7.543064024441071,,,,,5.031043258524182,5.392209701362267,8.318141803689903,,,,5.126718600363871,5.7303910656295045,6.680941972391984,7.086076446791028,8.02255242823436,10.496799461147733,"rgba(239, 83, 80, 1.0)",0.0,0.0,0.5901899984406669,5.537964639996853,-2.012851188829969,0.0,0.0,0.0,0.0,0.0,0.0,0.0,0.0,24.71462278954629,-27.4629500810468,False,True,False,True,False,0.0,0,0.8209824221509152,1.1405420677685616,False,False,False,False,-0.34282825441539394,-0.3417509376459409,False,False,False,False,-5629184,-5181760.217766782,False,False,False,False,45422.73039901153,False,False,False,False
2024-10-10 00:00:00+00:00,4.35,4.3699,4.3,4.35,42894,,,5.159732015991893,5.76597787691521,5.804799129411098,5.988218827276858,6.6740483034899345,6.862402905802072,7.39711547426886,7.537455085925167,,,,,5.016529304067506,5.3792685033636385,8.312675025870206,,,,5.111618475236679,5.720469468373788,6.6740483034899345,7.08003495268246,8.01696086084917,10.4908802768281,"rgba(239, 83, 80, 1.0)",0.0,0.0,0.604428872280917,5.5270326330541915,-1.9473468046164892,0.0,0.0,0.0,0.0,0.0,0.0,0.0,0.0,24.56124599568559,-27.4629500810468,False,True,False,True,False,0.0,0,0.82107867994564,1.1344800308310174,False,False,False,False,-0.34282825441539394,-0.34228959603066744,False,False,False,False,-5629184,-5199306.248442595,False,False,False,False,45323.56450101108,False,False,False,False
2024-10-11 00:00:00+00:00,4.34,4.3865,4.33,4.38,26226,,,5.150757744531903,5.760348085275402,5.7998584762776275,5.983768260072423,6.669875307785872,6.858564665937815,7.3933571031987855,7.534048415774914,,,,,5.008106454243627,5.371602765924912,8.309350197533545,,,,5.102809776861214,5.714525707874297,6.669875307785872,7.076370563598558,8.013561769790023,10.487273974126568,"rgba(239, 83, 80, 1.0)",0.0,0.0,0.6182835123523677,5.520566521590407,-1.9094258507698765,0.0,0.0,0.0,0.0,0.0,0.0,0.0,0.0,24.32339666961397,-27.4629500810468,False,True,False,True,False,0.0,0,0.8221522020659342,1.1335209601598903,False,False,False,False,-0.3331640193135432,-0.33772680767210533,False,False,False,False,-5655410,-5217192.670072297,False,False,False,False,44574.640402932215,False,False,False,False
2024-10-14 00:00:00+00:00,4.37,4.3863,4.3,4.35,14833,,,5.145769381042113,5.757183622346149,5.797078845906256,5.981261692901735,6.667521695626922,6.856398954307647,7.391235487781911,7.532124842320628,,,,,5.003436034617732,5.367317316334685,8.307472167271534,,,,5.097917164227305,5.711186655943428,6.667521695626922,7.074302349338185,8.011642054205561,10.485236161021245,"rgba(239, 83, 80, 1.0)",0.0,0.0,0.6306762119736898,5.516952797427105,-1.8186079887772149,0.0,0.0,0.0,0.0,0.0,0.0,0.0,0.0,25.49609102271745,-27.40757327618077,False,True,False,True,False,0.0,0,0.8446456610488848,1.1266199099759235,False,False,False,False,-0.33942015630960426,-0.3385734819908548,False,False,False,False,-5640577,-5233795.977128285,False,False,False,False,43408.30156360154,False,False,False,False
2024-10-15 00:00:00+00:00,4.37,4.44,4.3192,4.44,18559,,,5.1398034656926495,5.753312358995005,5.793674212217915,5.978182926652364,6.664614422320467,6.853720730575712,7.388606286641945,7.529739712756363,,,,,4.997899801617508,5.362132983847855,8.305139311635669,,,,5.092081182359873,5.7071061118950075,6.664614422320467,7.071742085288738,8.009258876161933,10.482698456397994,"rgba(239, 83, 80, 0.75)",0.0,0.0,0.6423615955866423,5.5125886475603325,-1.7787312557452215,0.0,0.0,0.0,0.0,0.0,0.0,0.0,0.0,26.277887258119772,-26.505816897340942,False,True,False,True,True,0.0,0,0.8446355845918886,1.1188804513829966,False,False,False,False,-0.32436102985160653,-0.33146725592123066,False,False,False,False,-5640577,-5249748.174103647,False,False,False,False,42433.81914934266,False,False,False,False
2024-10-16 00:00:00+00:00,4.54,4.59,4.36,4.43,96493,,,5.114879262951545,5.735257414496584,5.777712467063127,5.96355184400602,6.650405147702115,6.840560167579612,7.375552818276809,7.517867445290155,,,,,4.975900418908165,5.339214225247632,8.293424616375038,,,,5.068052074378706,5.6881677722563895,6.650405147702115,7.059099025870105,7.997326845882113,10.469797382896436,"rgba(239, 83, 80, 0.5)",0.0,0.0,0.6503095944808178,5.420237670146945,-1.3535670972987768,0.0,0.0,0.0,0.0,0.0,0.0,0.0,0.0,33.160752009098424,-20.035893438349444,False,False,False,True,True,0.0,0,0.8492253889048822,1.106174498075467,False,False,False,False,-0.2855921579558055,-0.3085297069385181,False,False,False,False,-5544084,-5261290.755511347,False,False,False,False,44553.787025839025,False,False,False,False
2024-10-17 00:00:00+00:00,4.44,4.56,4.42,4.54,40245,,,5.104674610394283,5.727740528389937,5.77105154439138,5.9574388924263175,6.64447007020179,6.835060318921111,7.370099432114735,7.512905187301365,,,,,4.9668659484346405,5.32975523435091,8.288530061355411,,,,5.058207503377572,5.680291744077504,6.64447007020179,7.053814827685514,7.992341182288166,10.464412106683563,"rgba(239, 83, 80, 0.5)",0.0,0.0,0.6592033004896954,5.4122251648921775,-1.4748487517734672,0.0,0.0,0.0,0.0,0.0,0.0,0.0,0.0,35.46353635563662,-18.122976866584736,False,False,False,True,True,0.0,0,0.8479107509624125,1.1554338432530107,False,False,False,False,-0.2795744392408978,-0.29405207308970793,False,False,False,False,-5584329,-5273958.921961883,False,False,False,False,44384.81498561005,False,False,False,False
2024-10-18 00:00:00+00:00,4.41,4.48,4.37,4.44,29653,,,5.096743188209903,5.722025990699967,5.76598714245371,5.952806077813681,6.640010783155985,6.83093314531702,7.366020668902802,7.509195301283196,,,,,4.95971717383232,5.322491059888774,8.284881410118693,,,,5.05051728147886,5.674300068117901,6.640010783155985,7.049854980421787,7.988621164438705,10.460415087445828,"rgba(239, 83, 80, 0.5)",0.0,0.0,0.6680799302316369,5.405685501832712,-1.4903688268071273,0.0,0.0,0.0,0.0,0.0,0.0,0.0,0.0,36.38427293851199,-17.450084475257754,False,False,False,True,True,0.0,0,0.8486264016598827,1.1150693318518348,False,False,False,False,-0.3058002405509169,-0.29992615682031243,False,False,False,False,-5613982,-5287293.160316319,False,False,False,False,43807.09675088025,False,False,False,False
2024-10-21 00:00:00+00:00,4.44,4.58,4.38,4.58,26316,,,5.090331544636289,5.717176480660355,5.761679085646034,5.9488424031717,6.636151144481459,6.827352887840384,7.362467533372349,7.505959977025445,,,,,4.954062806130225,5.316469195621304,8.281688147740793,,,,5.04433981515247,5.66922624795889,6.636151144481459,7.046412896749047,7.985369348872073,10.456899668189472,"rgba(239, 83, 80, 0.5)",0.0,0.0,0.6742538627078871,5.400724560160327,-1.4248706804614184,0.0,0.0,0.0,0.0,0.0,0.0,0.0,0.0,37.989933097157405,-16.04383342358112,False,False,False,True,True,0.0,0,0.8475685890729929,1.098415055287461,False,False,False,False,-0.28358403304527247,-0.29175509493279245,False,False,False,False,-5587666,-5299072.487362738,False,False,False,False,43121.171388100636,False,False,False,False
2024-10-22 00:00:00+00:00,4.3298,4.43,4.26,4.42,108426,,,5.060135900497197,5.695599233277287,5.742518536564266,5.931354524078803,6.619471812995924,6.811929520909144,7.347282771656451,7.492149373018863,,,,,4.926354143223313,5.2889562826317045,8.26815236086967,,,,5.014914971618313,5.6466068725664575,6.619471812995924,7.031635229779448,7.971554179176441,10.442153470679019,"rgba(239, 83, 80, 0.5)",0.0,0.0,0.682459995638408,5.37572561689154,-1.5325815777862961,0.0,0.0,0.0,0.0,0.0,0.0,0.0,0.0,36.82287434020255,-16.04383342358112,False,False,False,True,True,0.0,1,0.834998154341771,1.112406179040034,False,False,False,False,-0.3386523076075023,-0.3152037012701474,False,False,False,False,-5696092,-5314641.8800151795,False,False,False,False,45682.14505915551,False,False,False,False
2024-10-23 00:00:00+00:00,4.31,4.45,4.25,4.27,54118,,,5.045891481723355,5.685055151689718,5.733125146850376,5.922749742020005,6.611225287713025,6.804292609087947,7.339752462621659,7.485294053868721,,,,,4.913366985274739,5.275750592973862,8.261425457739525,,,,5.001062539002152,5.635575063298002,6.611225287713025,7.024310676053753,7.964691632476074,10.434815933601582,"rgba(239, 83, 80, 0.5)",0.0,0.0,0.6904346490187859,5.364205166554318,-1.5268717583228282,0.0,0.0,0.0,0.0,0.0,0.0,0.0,0.0,35.686208529397774,-16.04383342358112,False,False,False,True,False,0.0,1,0.8212050696970379,1.140060547183878,False,False,False,False,-0.3365789615847043,-0.3258913314274259,False,False,False,False,-5750210,-5331722.982759682,False,False,False,False,46012.96289997295,False,False,False,False
2024-10-24 00:00:00+00:00,4.33,4.365,4.25,4.35,33688,,,5.037041944039808,5.678469635648691,5.7272512241386195,5.917367542204484,6.606073302278771,6.799520914941513,7.335050219564914,7.481012435250136,,,,,4.905274540216897,5.267528103498195,8.257226576942,,,,4.992449669745433,5.628688206324485,6.606073302278771,7.019734680170193,7.960407391433865,10.430241081222194,"rgba(239, 83, 80, 0.5)",0.0,0.0,0.6953583872564244,5.3570231354380455,-1.47696950847206,0.0,0.0,0.0,0.0,0.0,0.0,0.0,0.0,35.67198885901928,-16.04383342358112,False,False,False,True,False,0.0,1,0.8235720395362098,1.1769981942596464,False,False,False,False,-0.34282825441539394,-0.33435979292140994,False,False,False,False,-5716522,-5346813.140298518,False,False,False,False,45529.631021542635,False,False,False,False
2024-10-25 00:00:00+00:00,4.26,4.3612,4.2401,4.33,33627,,,5.028086423610743,5.671825654436556,5.721321387085082,5.911937986069805,6.600891304634541,6.794722787794124,7.330327821459573,7.4767125263170815,,,,,4.897040508995739,5.259223346413507,8.253014600870994,,,,4.983720095909971,5.621740600045175,6.600891304634541,7.015135401607845,7.956108273963275,10.425660525584794,"rgba(239, 83, 80, 0.5)",0.0,0.0,0.6950088844256288,5.3497181459206775,-1.567919735042302,0.0,0.0,0.0,0.0,0.0,0.0,0.0,0.0,34.305191134930624,-16.04383342358112,False,False,False,True,False,0.0,1,0.8180977526859478,1.1537591103215832,False,False,False,False,-0.34282825441539394,-0.33859402366840197,False,False,False,False,-5750149,-5362630.232835831,False,False,False,False,45062.861177560575,False,False,False,False
2024-10-28 00:00:00+00:00,4.25,4.32,4.2,4.28,65185,,,5.010633233511563,5.6588464189565455,5.709723554774487,5.901320067778916,6.590780562074769,6.785361505960597,7.321124007058989,7.468330945442774,,,,,4.880922060190344,5.243027393695742,8.244812744775153,,,,4.9666860303560405,5.608173291799986,6.590780562074769,7.006164809392337,7.947734261865861,10.416756748418704,"rgba(239, 83, 80, 0.5)",0.0,0.0,0.695846585470991,5.335430301373445,-1.559870126600909,0.0,0.0,0.0,0.0,0.0,0.0,0.0,0.0,33.208398427974586,-12.74823978784282,False,False,False,True,False,0.0,1,0.7908108503683465,1.1591452407669414,False,False,False,False,-0.34282825441539394,-0.340711139041898,False,False,False,False,-5815334,-5380383.32174423,False,False,False,False,45851.9646607935,False,False,False,False
2024-10-29 00:00:00+00:00,4.23,4.2738,4.17,4.2,55484,,,4.9957820499129575,5.647736509199652,5.699780795776161,5.8922149397018115,6.582125695947246,6.777347272059414,7.313251720461329,7.461160144646381,,,,,4.867155656378357,5.229213482465866,8.237802067533103,,,,4.95217658555374,5.596566793512436,6.582125695947246,6.99848656661985,7.9405746374307355,10.409158932451414,"rgba(239, 83, 80, 0.5)",0.0,0.0,0.6951683878374887,5.323231942252146,-1.5726145799767202,0.0,0.0,0.0,0.0,0.0,0.0,0.0,0.0,32.09107771040728,-13.924829003257344,False,False,False,True,False,0.0,1,0.7814212307917101,1.1645155005722911,False,False,False,False,-0.34282825441539394,-0.341769696728646,False,False,False,False,-5870818,-5399616.054224848,False,False,False,False,46229.691536840815,False,False,False,False
2024-10-30 00:00:00+00:00,4.12,4.29,4.1,4.19,130286,,,4.960701784904762,5.621337647208521,5.6761036592805585,5.870530908940089,6.561584384423411,6.758325900608651,7.294598635361123,7.444163889733789,,,,,4.83443040521041,5.196518335994343,8.221212846781347,,,,4.917841654646857,5.569008682876273,6.561584384423411,6.980270659918456,7.923624922228591,10.39123417181631,"rgba(239, 83, 80, 1.0)",0.0,0.0,0.6914968997786808,5.294259104005991,-1.6981408078356126,0.0,0.0,0.0,0.0,0.0,0.0,0.0,0.0,29.51187502149719,-16.440926071772594,False,True,False,True,False,0.0,1,0.7747845616776112,1.1751458633400873,False,False,False,False,-0.34282825441539394,-0.34229897557201994,False,False,False,False,-6001104,-5423203.816804266,False,False,False,False,49526.01735892549,False,False,False,False
2024-10-31 00:00:00+00:00,4.12,4.1615,4.02,4.11,45262,,,4.948191385177382,5.611957275086742,5.667677027447723,5.8628223357976825,6.554324866420026,6.75160687689577,7.288027182510128,7.438175854219457,,,,,4.822653831826129,5.184889901751635,8.21538296630637,,,,4.905564491472579,5.559219082077827,6.554324866420026,6.973842006918796,7.91766375035185,10.384961805746501,"rgba(239, 83, 80, 1.0)",0.0,0.0,0.6881178129983906,5.2838747491537,-1.6913887813516346,0.0,0.0,0.0,0.0,0.0,0.0,0.0,0.0,27.792406562223796,-18.08570433713041,False,True,False,True,False,0.0,1,0.7467086114861098,1.2146864666030888,False,False,False,False,-0.34282825441539394,-0.3425636149937069,False,False,False,False,-6001104,-5445866.569086451,False,False,False,False,49358.80099190881,False,False,False,False
2024-11-01 00:00:00+00:00,4.12,4.17,4.04,4.14,39693,,,4.937635608381507,5.6038768872803235,5.66040538542149,5.856153412411726,6.548018221021774,6.745763468197306,7.282303599302282,7.432957102077808,,,,,4.8127647893916965,5.1749810012929895,8.210295721194898,,,,4.895221015882229,5.550795997897299,6.548018221021774,6.968246467737923,7.912464287464743,10.37947977139449,"rgba(239, 83, 80, 1.0)",0.0,0.0,0.6892887279737229,5.2750982673426785,-1.675782905573226,0.0,0.0,0.0,0.0,0.0,0.0,0.0,0.0,26.646094256041533,-19.19911934704071,False,True,False,True,False,0.0,1,0.7358889672319737,1.2096584653826645,False,False,False,False,-0.33762319729185114,-0.34009340614277905,False,False,False,False,-6001104,-5467640.585985022,False,False,False,False,48979.749972618265,False,False,False,False
2024-11-04 00:00:00+00:00,4.07,4.14,4.025,4.1,34101,,,4.928438048561592,5.596858299226993,5.6540856887833595,5.850361238718994,6.542555957883084,6.740703826556708,7.2773538795164034,7.428444024977098,,,,,4.804112455360491,5.166364006858552,8.205901555413169,,,,4.886197359213728,5.543480036588221,6.542555957883084,6.963403601522276,7.907971552159412,10.37475394690465,"rgba(239, 83, 80, 1.0)",0.0,0.0,0.6931261574571195,5.2674350678905775,-1.7275860317891076,0.0,0.0,0.0,0.0,0.0,0.0,0.0,0.0,25.067481010104565,-20.738746877764008,False,True,False,True,False,0.0,0,0.7252999712826659,1.232847635814261,False,False,False,False,-0.34282825441539394,-0.34146083027908647,False,False,False,False,-6035205,-5489898.013985609,False,False,False,False,48396.26958153519,False,False,False,False
2024-11-05 00:00:00+00:00,4.05,4.1029,4.0,4.05,79523,,,4.907069345881551,5.580448805131765,5.639290022213161,5.836793150153286,6.529771009973654,6.728858545120423,7.265772174995075,7.417881040401451,,,,,4.783974459814174,5.146293512678541,8.19562294893633,,,,4.865222138388773,5.526385082104097,6.529771009973654,6.952066396973344,7.89746078045538,10.363713109799155,"rgba(239, 83, 80, 1.0)",0.0,0.0,0.6936537443120432,5.24957700660252,-1.7293599529146129,0.0,0.0,0.0,0.0,0.0,0.0,0.0,0.0,23.7063128575932,-22.075904607338025,False,True,False,True,False,0.0,0,0.7272715926110832,1.223664503245132,False,False,False,False,-0.34282825441539394,-0.34214454234724023,False,False,False,False,-6114728,-5514401.150692055,False,False,False,False,49616.92567637695,False,False,False,False
2024-11-06 00:00:00+00:00,3.99,4.0904,3.97,4.07,79791,,,4.885834774320997,5.563970389862268,5.624402969688285,5.823126887512817,6.51689916221787,6.7169274322435,7.254112090037826,7.407241775007291,,,,,4.7639299928299135,5.126262530095159,8.185276091048765,,,,4.8443692792428426,5.50923343466152,6.51689916221787,6.940646421741431,7.886878838400323,10.352613995565845,"rgba(239, 83, 80, 1.0)",0.0,0.0,0.6979865311872695,5.231750999448199,-1.779047222209274,0.0,0.0,0.0,0.0,0.0,0.0,0.0,0.0,21.94250827775619,-23.79321219334515,False,True,False,True,False,0.0,0,0.7241220766955786,1.2236125953724182,False,False,False,False,-0.34282825441539394,-0.3424863983813171,False,False,False,False,-6194519,-5541072.43890021,False,False,False,False,50800.222708675894,True,False,False,False
2024-11-07 00:00:00+00:00,4.06,4.21,3.98,3.98,78354,,,4.86746853256199,5.548804746415362,5.610641631697944,5.810392021806993,6.504719793185798,6.7055991029634985,7.24297681192377,7.397062451185017,,,,,4.746904673719117,5.1084107130698975,8.175326695480486,,,,4.826433984281282,5.493499913524878,6.504719793185798,6.929771487099332,7.876721165845727,10.341866541598556,"rgba(239, 83, 80, 0.75)",0.0,0.0,0.6987751672000176,5.216165398316977,-1.6545599394290382,0.0,0.0,0.0,0.0,0.0,0.0,0.0,0.0,24.459307971826107,-23.79321219334515,False,True,False,True,True,0.0,0,0.7437152391546159,1.2039055740946727,False,False,False,False,-0.3160934454219931,-0.32928992190165507,False,False,False,False,-6116165,-5563625.0883551035,False,False,False,False,51880.76299461018,False,False,False,False
2024-11-08 00:00:00+00:00,4.06,4.17,4.03,4.17,27970,,,4.8611413119928875,5.543478185627297,5.605799179405314,5.805899784248798,6.500407546163098,6.7015839114292834,7.23902494789012,7.393447465523146,,,,,4.741061129195325,5.102205518010073,8.171789626500175,,,,4.8202624735624395,5.487980365838417,6.500407546163098,6.925914010082304,7.873111487379574,10.338040984580493,"rgba(239, 83, 80, 0.75)",0.0,0.0,0.6990019875030753,5.210760975587709,-1.6462914214283926,0.0,0.0,0.0,0.0,0.0,0.0,0.0,0.0,26.13717443453939,-23.79321219334515,False,True,False,True,True,0.0,0,0.7678067656971663,1.1947197603295467,False,False,False,False,-0.312261902297482,-0.32077591209956857,False,False,False,False,-6116165,-5585293.320184316,False,False,False,False,50943.08601442939,False,False,False,False
2024-11-11 00:00:00+00:00,4.01,4.09,4.01,4.05,52495,,,4.848789817853062,5.533245641809108,5.596496879866263,5.797288139366952,6.492188770728438,6.693937752724044,7.231517395559176,7.3865817480113956,,,,,4.729551473076209,5.0901970976938715,8.16508658562915,,,,4.808182481373129,5.477371684385234,6.492188770728438,6.918575360237889,7.866266039302174,10.330816347626715,"rgba(239, 83, 80, 0.75)",0.0,0.0,0.6976316437957357,5.200205122116762,-1.7060652748504768,0.0,0.0,0.0,0.0,0.0,0.0,0.0,0.0,26.223198419142328,-28.22285313813643,False,True,False,True,True,0.0,0,0.774127648775536,1.1941251110265192,False,False,False,False,-0.33360261785299505,-0.3271892649762818,False,False,False,False,-6168660,-5608170.44488297,False,False,False,False,51003.94538641255,False,False,False,False
2024-11-12 00:00:00+00:00,4.12,4.12,3.96,4.05,64964,,,4.834553610878092,5.521023411905952,5.58535510947368,5.786925991373973,6.482216755119913,6.684642098403346,7.2223619743299095,7.37819976327349,,,,,4.7164129948249895,5.0761185763774215,8.156881476267637,,,,4.7943007887221665,5.464724897716251,6.482216755119913,6.909639036365554,7.857894455651535,10.321941070285378,"rgba(239, 83, 80, 0.5)",0.0,0.0,0.6943480419775895,5.1879210080207985,-1.5380197587642455,0.0,0.0,0.0,0.0,0.0,0.0,0.0,0.0,31.252859713374136,-23.45719753537733,False,False,False,True,True,0.0,0,0.7770857215641319,1.1783084957330274,False,False,False,False,-0.3378861106735121,-0.33253768782489695,False,False,False,False,-6103696,-5627602.819593442,False,False,False,False,51551.39850851402,False,False,False,False
2024-11-13 00:00:00+00:00,4.0,4.1,3.91,4.1,192224,,,4.792073284587544,5.484498979380065,5.551981845557821,5.755876725586275,6.452423541715586,6.6568620040870465,7.195041818635402,7.353174482648019,,,,,4.676910097376542,5.034164081153841,8.13242144973063,,,,4.7527861597268535,5.426961132054047,6.452423541715586,6.882940260752978,7.8329279666598985,10.295562019896055,"rgba(239, 83, 80, 0.5)",0.0,0.0,0.6937565347614663,5.063002602797345,-1.5322415711195234,0.0,0.0,0.0,0.0,0.0,0.0,0.0,0.0,31.912122494507777,-22.905375681506666,False,False,False,True,True,0.0,0,0.7869426833337609,1.1692933596858235,False,False,False,False,-0.34282825441539394,-0.33768297112014545,False,False,False,False,-6295920,-5653811.33647213,False,False,False,False,57067.97111602328,False,False,False,False
2024-11-14 00:00:00+00:00,4.05,4.06,3.91,3.94,122041,,,4.76739034962239,5.46225880285618,5.531558661210429,5.736755217630576,6.43390224788797,6.63954329391037,7.177953786964956,7.33749352533829,,,,,4.654137667631142,5.009270173395572,8.117053408795602,,,,4.728725191827402,5.40403567762626,6.43390224788797,6.866261922921897,7.817257820839706,10.278937057108672,"rgba(239, 83, 80, 0.5)",0.0,0.0,0.6897402967143675,4.958096415438494,-1.3165772969395626,0.0,0.0,0.0,0.0,0.0,0.0,0.0,0.0,34.182942225888425,-20.764583289006627,True,False,False,True,True,0.0,1,0.781367460175407,1.1610754557774425,False,False,False,False,-0.34282825441539394,-0.3402556127677697,False,False,False,False,-6173879,-5674206.146806557,False,False,False,False,59615.933033041976,False,False,False,False
2024-11-15 00:00:00+00:00,4.15,4.15,3.9441,4.05,70421,,,4.75517143161014,5.45037065452144,5.520583045062653,5.726378841185032,6.423667030885274,6.6299331463548885,7.1684069095588985,7.328713297046915,,,,,4.643124248235201,4.996476885487904,8.108397821980033,,,,4.716899163903053,5.391830028756531,6.423667030885274,6.8569748860989215,7.8084500915714,10.269497703716837,"rgba(239, 83, 80, 0.5)",0.0,0.0,0.685088682476633,4.950048111146842,-1.1678022591974864,0.0,0.0,0.0,0.0,0.0,0.0,0.0,0.0,38.82748521132589,-16.45995105116451,True,False,False,True,True,0.0,1,0.7867706064427374,1.1560243035652868,False,False,False,False,-0.3119777459555395,-0.3261166793616546,False,False,False,False,-6103458,-5691039.552814143,False,False,False,False,60039.66114939327,False,False,False,False
2024-11-18 00:00:00+00:00,4.4,4.48,4.0601,4.13,133876,,,4.740701628959314,5.432061568803533,5.503459845719819,5.709739061701047,6.406355783440346,6.613506297167162,7.151770760341529,7.313334525937808,,,,,4.631495196197848,4.979029349273414,8.092986929967935,,,,4.703355181354207,5.373236460242256,6.406355783440346,6.840950756268688,7.792855080872129,10.25230160675949,#000000,0.0,0.0,0.68046260825702,4.9467307746766,-0.803469239958725,0.0,0.0,0.0,0.0,0.0,0.0,0.0,0.0,47.05202001401247,-9.009970049462737,True,False,False,False,True,0.0,1,0.8140531487821095,1.1009654459030118,False,False,False,False,-0.20528825280318183,-0.2657024660824182,False,False,False,False,-5969582,-5701962.786037117,False,False,False,False,62935.20384941706,False,False,False,False
2024-11-19 00:00:00+00:00,4.45,4.47,4.29,4.37,73285,,,4.734759643851518,5.423072675831263,5.4949837521226295,5.70137145087616,6.397401384693736,6.604960243978977,7.143031881527255,7.305232770823898,,,,,4.627174030317104,4.971091207396811,8.084803298612046,,,,4.69794232829815,5.364168313844763,6.397401384693736,6.8325733990411806,7.7845962336123025,10.243072249939717,"rgba(38, 166, 154, 1.0)",0.0,0.0,0.67669730053493,4.945335153285006,-0.7319892555998714,0.0,0.0,0.0,0.0,0.0,0.0,0.0,0.0,53.28010331087861,-3.6703896651450307,True,False,True,False,True,0.0,0,0.856039379996401,1.133652931650515,False,False,False,False,-0.13516998981936196,-0.20043622795089008,False,False,False,False,-5896297,-5709583.735604289,False,False,False,False,63341.078208263454,False,False,False,False
2024-11-20 00:00:00+00:00,4.32,4.41,4.21,4.4,42151,,,4.7305333046319955,5.417523325456354,5.489770429360607,5.696276727699166,6.392056478900392,6.599875006483712,7.137866417764374,7.300449435378922,,,,,4.623792177437168,4.965915690258682,8.079998112372804,,,,4.693992281967989,5.358547641103248,6.392056478900392,6.827603515354699,7.77973828299317,10.237695416850517,"rgba(38, 166, 154, 1.0)",0.0,0.0,0.6742913825278065,4.94263123462399,-0.9233860179109046,0.0,0.0,0.0,0.0,0.0,0.0,0.0,0.0,54.166348982239825,-3.281944461888557,True,False,True,False,True,0.0,0,0.8456623217610895,1.0879907149963008,False,False,False,False,-0.1706622031853397,-0.18554921556811488,False,False,False,False,-5938448,-5718558.804796278,False,False,False,False,62510.094749115866,False,False,False,False
2024-11-21 00:00:00+00:00,4.32,4.44,4.23,4.29,46016,,,4.726195665602592,5.411618646211431,5.484211234727483,5.69082389582202,6.386299224072565,6.594389465870037,7.132281947814923,7.295273967080023,,,,,4.620376258638883,4.960499753328307,8.074789429033927,,,,4.689956444316686,5.352576592482806,6.386299224072565,6.822236079894141,7.774475812054278,10.231853163783837,"rgba(38, 166, 154, 1.0)",0.0,0.0,0.6708855135826409,4.9398077511879945,-0.9238651582713675,0.0,0.0,0.0,0.0,0.0,0.0,0.0,0.0,54.757179429813974,-2.879147614348085,True,False,True,False,True,0.0,0,0.8481001442928384,1.0847910285294786,False,False,False,False,-0.15794201397096733,-0.1717456147695411,False,False,False,False,-5938448,-5727181.910490542,False,False,False,False,61863.26750405251,False,False,False,False
2024-11-22 00:00:00+00:00,4.43,4.5,4.29,4.29,115401,,,4.717747001581482,5.398118758032011,5.471411933096539,5.678098328094878,6.372534424122189,6.581210348193731,7.1187546826550365,7.2827072105622195,,,,,4.614321320820635,4.948917971722112,8.062056412492154,,,,4.682292331743477,5.339002855038528,6.372534424122189,6.80928728826806,7.761640883454699,10.217442065968408,"rgba(38, 166, 154, 1.0)",0.0,0.0,0.6656166746410944,4.935042722534511,-0.7587591203402976,0.0,0.0,0.0,0.0,0.0,0.0,0.0,0.0,57.09552873583979,-0.6541194437321991,True,False,True,False,True,0.0,0,0.854704633887513,1.0877886704734951,False,False,False,False,-0.07606186109423226,-0.12390373793188666,False,False,False,False,-5823047,-5730941.325765423,False,False,False,False,63962.78642546221,False,False,False,False
2024-11-25 00:00:00+00:00,4.51,4.61,4.4063,4.44,81786,,,4.713902946237126,5.3897316372496205,5.463375820329706,5.669943277848664,6.363395151382381,6.572399941402359,7.109606633826884,7.274180838570489,,,,,4.612243546412348,4.942489931463574,8.053336334803982,,,,4.679027836938692,5.330644395017103,6.363395151382381,6.800580490623241,7.752878722472086,10.207450554420237,"rgba(38, 166, 154, 1.0)",0.0,0.0,0.6602514432934462,4.933633393903748,-0.6416243360114341,0.0,0.0,0.0,0.0,0.0,0.0,0.0,0.0,59.87479707452482,2.030115972126957,True,False,True,False,True,0.0,0,0.9200708397900849,1.0611904730899948,False,False,False,False,0.033464026560275466,-0.045219855685805596,False,False,False,False,-5741261,-5731346.018872661,False,False,False,False,64661.73597740487,False,False,False,False
2024-11-26 00:00:00+00:00,4.46,4.5291,4.4153,4.45,32306,,,4.712130094193118,5.386311289612051,5.460104800749666,5.666641603861534,6.3597311732446595,6.568872258609043,7.105954560068778,7.270778015330697,,,,,4.611131670774841,4.939769187789205,8.049864277286108,,,,4.677472206732749,5.327227986101873,6.3597311732446595,6.7970987246553785,7.749387415470108,10.203485399607615,"rgba(38, 166, 154, 1.0)",0.0,0.0,0.6533499056262954,4.9325470387532935,-0.723267937569095,0.0,0.0,0.0,0.0,0.0,0.0,0.0,0.0,60.38026034533307,2.645370026805381,True,False,True,False,True,0.0,0,0.925321627375018,1.0477053060253068,False,False,False,False,0.10196527629651728,0.02837271030535584,False,False,False,False,-5773567,-5733001.743622753,False,False,False,False,63392.88358613409,False,False,False,False
2024-11-27 00:00:00+00:00,4.5,4.5388,4.46,4.51,26797,,,4.710866007326382,5.383589974024736,5.457493394723201,5.663988225473878,6.356753106979855,6.565998793749577,7.102968957303629,7.267993336240917,,,,,4.610422432572422,4.9376849655822435,8.047014649725838,,,,4.676390516128466,5.324517677329831,6.356753106979855,6.794257480087599,7.746524809670178,10.200218581980037,"rgba(38, 166, 154, 1.0)",0.0,0.0,0.6458542767137615,4.931846679448067,-0.668644143142306,0.0,0.0,0.0,0.0,0.0,0.0,0.0,0.0,61.38078203358713,3.853616572018332,True,False,True,False,True,0.0,0,0.9657016689751641,1.0275785460579545,False,False,False,False,0.12637855518189064,0.07737563274362325,False,False,False,False,-5746770,-5733541.67524539,False,False,False,False,61957.75089648178,False,False,False,False
2024-11-29 00:00:00+00:00,4.75,4.81,4.5,4.52,68941,,,4.710501290178344,5.378130415945963,5.452139179006155,5.658304817788551,6.349902390525426,6.55930866590931,7.095868878247448,7.261337175678234,,,,,4.6116497155872755,4.934663883054722,8.040089850523886,,,4.6866666666666665,4.676548813871638,5.319188617368131,6.349902390525426,6.787573248576357,7.739606241805179,10.192106403175025,"rgba(38, 166, 154, 1.0)",0.0,0.0,0.6380828767176459,4.888454318673147,-0.21698485216429558,0.0,0.0,0.0,0.0,0.0,0.0,0.0,0.0,65.24216428808433,7.746558274350228,True,False,True,False,True,0.0,0,0.9648258881463241,0.9851186449849832,False,False,False,False,0.3428281438695019,0.21010188830656257,False,False,False,False,-5677829,-5731356.864451453,False,True,False,False,62231.603802502104,False,False,False,False
2024-12-02 00:00:00+00:00,4.71,4.765,4.68,4.75,46042,,,4.710579336932633,5.374696471333581,5.448750839846742,5.654668354559534,6.345444894387056,6.5549422593454,7.091212329937883,7.256965406883536,,,,,4.612784382110782,4.932938939564839,8.035524542982236,,,4.699346773001226,4.676974305664451,5.315854649851757,6.345444894387056,6.783199702167737,7.73505084556666,10.186733080728303,"rgba(38, 166, 154, 1.0)",0.0,0.0,0.626254535717077,4.8904208327928576,-0.28809505161710525,0.0,0.0,0.0,0.0,0.0,0.0,0.0,0.0,66.74549539526518,9.35473935064384,True,False,True,False,True,0.0,0,0.9971207388292812,0.9769115849517858,False,False,False,False,0.34282815398725974,0.2764650211469112,False,False,False,False,-5723871,-5731063.301139631,False,False,False,False,61596.71737887457,False,False,False,False
2024-12-03 00:00:00+00:00,4.71,4.74,4.654,4.72,22869,,,4.710533798033001,5.372960254411296,5.44704056048908,5.65283996246853,6.343216865300352,6.552761157315339,7.088889680219678,7.254785033806283,,,,,4.6132497095627985,4.932025284105611,8.033250025016944,,,4.699676334039404,4.677096890752703,5.314165663493522,6.343216865300352,6.781016404039167,7.732780566683861,10.184059793108407,"rgba(38, 166, 154, 1.0)",0.0,0.0,0.6138624869427848,4.89092398706695,-0.2947304826655957,0.0,0.0,0.0,0.0,0.0,0.0,0.0,0.0,67.74771613338575,10.551552951488809,True,False,True,False,True,0.0,0,0.9964582964405877,0.9765566468240454,False,False,False,False,0.31742812975864126,0.29694657545277625,False,False,False,False,-5723871,-5730781.250114548,False,False,False,False,60077.98336401674,False,False,False,False
2024-12-04 00:00:00+00:00,4.58,4.75,4.5055,4.69,33155,,,4.709834021367149,5.370125645438967,5.444278955748044,5.64995345123613,6.339821923751805,6.549455720413585,7.085404429215777,7.251520007245553,,,,,4.6132390003006485,4.93020445614959,8.029869552671562,,,4.682645249414741,4.676624182456101,5.311378216410163,6.339821923751805,6.777723353083753,7.729398194247534,10.18012554919982,"rgba(38, 166, 154, 1.0)",0.0,0.0,0.6000083186299415,4.889950908954349,-0.5165776862262351,0.0,0.0,0.0,0.0,0.0,0.0,0.0,0.0,64.9841147396651,10.551552951488809,True,False,True,False,True,0.0,0,0.9793472888307037,0.971946511348304,False,False,False,False,0.25030644291517434,0.2736265091839753,False,False,False,False,-5757026,-5731810.455992409,False,False,False,False,59022.18009483961,False,False,False,False
2024-12-05 00:00:00+00:00,4.34,4.57,4.34,4.51,57823,,,4.706253301372936,5.3639727717677745,5.438387115681518,5.644018183583645,6.33326768403726,6.543139882293656,7.0788717509218095,7.24542541030472,,,,,4.610680617843491,4.925161368425928,8.02365417327691,,,4.615435182595522,4.673381348019462,5.305227823188385,6.33326768403726,6.7714887052941,7.723148586777055,10.173037399726633,"rgba(38, 166, 154, 0.75)",0.0,0.0,0.5848920415452465,4.8834723498206385,-0.929184039476448,0.0,0.0,0.0,0.0,0.0,0.0,0.0,0.0,58.571195856287126,15.92733012670709,True,False,True,False,False,0.0,0,0.9683615223380835,0.988135570876781,False,False,False,False,0.09085931671328792,0.1822429129486316,False,False,False,False,-5814849,-5735066.869482903,False,False,False,False,58975.15342445375,False,False,False,False
2024-12-06 00:00:00+00:00,4.31,4.408,4.25,4.34,52706,,,4.7020298319844445,5.357883480610536,5.432586518372486,5.638247156766853,6.327041151270483,6.537162412709806,7.072735707769,7.239709089731578,,,,,4.607303904232828,4.919816135887324,8.01786026081811,,,4.560626357434455,4.669438359844228,5.29910958840933,6.327041151270483,6.765608694698865,7.71731117622872,10.16648642508862,"rgba(38, 166, 154, 0.75)",0.0,0.0,0.564505939205338,4.876712373570445,-1.0039086114279216,0.0,0.0,0.0,0.0,0.0,0.0,0.0,0.0,53.82725923926418,11.558202780359444,True,False,True,False,False,0.0,0,0.962109334169541,0.997661231315982,False,False,False,False,-0.022152817385552172,0.08004504778153972,False,False,False,False,-5867555,-5740262.482444358,False,False,False,False,58729.304270553606,False,False,False,False
2024-12-09 00:00:00+00:00,4.365,4.45,4.27,4.32,66972,,,4.69733362011481,5.350535630593069,5.425558256892615,5.6312016439968176,6.319337559254234,6.529746232692318,7.065088131018775,7.232574384231471,,,,,4.603698234632027,4.91359415593783,8.010601647757355,,,4.522392720301017,4.665103519915183,5.291750536427344,6.319337559254234,6.758296377314495,7.710007481108974,10.158238836510643,#000000,0.0,0.0,0.5423385871813362,4.870403524431213,-0.9318966718888949,0.0,0.0,0.0,0.0,0.0,0.0,0.0,0.0,51.747497725174654,9.697290509827027,True,False,False,False,False,0.0,0,0.9635117348866907,1.0025932731276956,False,False,False,False,0.005593233160808295,0.04281914047117401,False,False,False,False,-5800583,-5742627.992936736,False,False,False,False,59052.547240335814,False,False,False,False
2024-12-10 00:00:00+00:00,4.36,4.42,4.2692,4.33,46142,,,4.694060368450799,5.345475561032603,5.4207156813913375,5.626347337942921,6.314032883727376,6.524638061911679,7.059821052882156,7.22765895359618,,,,,4.601155515090393,4.909296512639102,8.00560109415629,,,4.5022055939017696,4.662072602332287,5.286683005054409,6.314032883727376,6.75325924918062,7.704976023998886,10.152558410927133,#000000,0.0,0.0,0.5156772432266941,4.866282510469889,-0.9817817581050869,0.0,0.0,0.0,0.0,0.0,0.0,0.0,0.0,50.26894607856515,8.273102564442638,True,False,False,False,False,0.0,0,0.9544089934368704,1.0116966664500617,False,False,False,False,-0.008188701237468296,0.017315219616852857,False,False,False,False,-5846725,-5746710.228507844,False,False,False,False,58546.25127012657,False,False,False,False
2024-12-11 00:00:00+00:00,4.335,4.39,4.22,4.39,50577,,,4.690187751221791,5.339796162635095,5.415286961715877,5.620924905645956,6.308148835309955,6.518977362095763,7.053997453971174,7.2222254964827926,,,,,4.5980492153060455,4.9043726596024975,8.000083649560128,,,4.480939369430276,4.6584545123040355,5.280987062865618,6.308148835309955,6.747682680006706,7.699421330012107,10.14630756105995,#000000,0.0,0.0,0.4864172302505174,4.8614617527530815,-1.0823254605556225,0.0,0.0,0.0,0.0,0.0,0.0,0.0,0.0,48.795506359639134,6.737864378892411,True,False,False,False,False,0.0,0,0.9519761178532026,1.0155753131286909,False,False,False,False,-0.04365486806936819,-0.013169824226257667,False,False,False,False,-5897302,-5752615.788174204,False,False,False,False,58233.73161247455,False,False,False,False
2024-12-12 00:00:00+00:00,4.26,4.425,4.25,4.36,48109,,,4.686544748412488,5.334434309891322,5.410156890334744,5.6157954633525495,6.302574658326986,6.513611633428076,7.0484742009203964,7.217070049677446,,,,,4.595122370393534,4.89973813413594,7.994845993174678,,,4.464432282055233,4.655049560588404,5.275612208155816,6.302574658326986,6.742394614430338,7.6941493669341785,10.140370751735823,"rgba(239, 83, 80, 0.5)",0.0,0.0,0.4566531683004272,4.857085142748618,-1.3075243624627657,0.0,0.0,0.0,0.0,0.0,0.0,0.0,0.0,46.397899866948435,4.27652176934653,True,False,False,True,False,0.0,0,0.9576352782591948,1.0006418897233453,False,False,False,False,-0.014543440937702755,-0.013856632581980211,False,False,False,False,-5945411,-5760176.384716392,False,False,False,False,57836.68331394614,False,False,False,False
2024-12-13 00:00:00+00:00,4.13,4.2756,4.0608,4.25,44320,,,4.681877428053335,5.328797143717341,5.40480684013577,5.61054371093497,6.297066238771598,6.50834251846201,7.043116320399476,7.212082305377233,,,,,4.591021561958127,4.894415169875131,7.989829922273903,,,4.4389636625773115,4.650571216803227,5.269919296903943,6.297066238771598,6.737231558780507,7.689083505736808,10.1347659186892,"rgba(239, 83, 80, 0.5)",0.0,0.0,0.4316419396290696,4.85109797066009,-1.67059292542278,0.0,0.0,0.0,0.0,0.0,0.0,0.0,0.0,42.71834332873384,0.6404831419893213,False,False,False,True,False,0.0,0,0.9380163194972378,1.018536820232122,False,False,False,False,-0.16760349109451977,-0.09073006183825,False,False,False,False,-5989731,-5769178.526492219,False,False,False,False,57306.61730163453,False,False,False,False
2024-12-16 00:00:00+00:00,3.77,4.1,3.77,4.1,163218,,,4.656738185412008,5.303727161728343,5.381232603913727,5.587923825966731,6.274443456845647,6.486890984905258,7.021688652652485,7.192210310942024,,,,,4.567409148542691,4.8683826859232004,7.970150595228473,,,4.308793430726017,4.625945698263235,5.2443826167689105,6.274443456845647,6.716383971722808,7.669107123153806,10.113268336927408,"rgba(239, 83, 80, 0.5)",0.0,0.0,0.415964470169197,4.818869351126931,-2.521535915556189,0.0,0.0,0.0,0.0,0.0,0.0,0.0,0.0,36.56758723611956,-5.187548610735448,False,False,False,True,False,0.0,0,0.9053170035905758,1.0319708819044806,False,False,False,False,-0.34282825441539394,-0.21677915812682197,False,False,False,False,-6152949,-5784228.348982722,False,False,False,False,61460.004858433174,False,False,False,False
2024-12-17 00:00:00+00:00,3.63,3.842,3.56,3.77,207828,,,4.619142074321004,5.268664647399806,5.348337122943119,5.556645553198611,6.243856334238096,6.457993482823289,6.99308785681401,7.1657200420897125,,,,,4.531298621138416,4.83069483852239,7.944135530556731,,,4.1643730496539755,4.588854130537415,5.208560561335916,6.243856334238096,6.688409103575885,7.642627744049085,10.085224998351261,"rgba(239, 83, 80, 1.0)",0.0,0.0,0.40367356191269693,4.773737768938355,-2.8333234495691677,0.0,0.0,0.0,0.0,0.0,0.0,0.0,0.0,31.509983833648732,-9.828594942331137,False,True,False,True,False,0.0,0,0.89055133262773,1.0562878860771674,False,False,False,False,-0.34282825441539394,-0.27980370627110795,False,False,False,False,-6360777,-5806838.100003007,False,False,False,False,67199.92623653384,False,False,False,False
2024-12-18 00:00:00+00:00,3.53,3.75,3.48,3.56,128861,,,4.595139257485895,5.246477908163132,5.327498615414781,5.536849982535007,6.22459313646145,6.4397980843621605,6.975120478411091,7.149072997994706,,,,,4.50811947842865,4.806757212576479,7.927823597409753,,,4.092624324787989,4.565132234675604,5.185893493113531,6.22459313646145,6.670806310471386,7.626013885804031,10.067715214719165,"rgba(239, 83, 80, 1.0)",0.0,0.0,0.39732816954881606,4.746307440758843,-3.0612162287411295,0.0,0.0,0.0,0.0,0.0,0.0,0.0,0.0,27.531621413563666,-13.426746451079708,False,True,False,True,False,0.0,0,0.8880297958606382,1.0660034887558343,False,False,False,False,-0.34282825441539394,-0.3113159803432509,False,False,False,False,-6489638,-5833614.566669556,False,False,False,False,69618.00756059133,False,False,False,False
2024-12-19 00:00:00+00:00,3.45,3.8,3.42,3.8,104971,,,4.575838352099025,5.228513523769264,5.310598005984,5.5207724584821625,6.208930302048693,6.424991492251638,6.960495275840452,7.135512993222045,,,,,4.489473958152868,4.787464844341217,7.914534574819804,,,4.043382891858506,4.5460550159836375,5.167554058930719,6.208930302048693,6.656475899110026,7.612480620858606,10.053455516081142,"rgba(239, 83, 80, 1.0)",0.0,0.0,0.39776327526034955,4.724846309898792,-3.20503774277392,0.0,0.0,0.0,0.0,0.0,0.0,0.0,0.0,24.424971431741156,-16.26163002752658,False,True,False,True,False,0.0,0,0.8851149987487771,1.0549400550538026,False,False,False,False,-0.34282825441539394,-0.3270721173793224,False,False,False,False,-6594609,-5863457.485623692,False,False,False,False,71004.3994209603,False,False,False,False
2024-12-20 00:00:00+00:00,3.38,3.5,3.35,3.43,145310,,,4.546595827157997,5.202139755458692,5.2858157204711445,5.4973124907077215,6.186367160507011,6.4037088082201175,6.9395915934343755,7.116147735337232,,,,,4.460963700849162,4.758653038759976,7.895656884388163,,,3.9719170403920554,4.5170646866109925,5.140587586882402,6.186367160507011,6.635926402049441,7.593222453144281,10.033375458375307,"rgba(239, 83, 80, 1.0)",0.0,0.0,0.3947856192008791,4.692657326601312,-3.324987696508244,0.0,0.0,0.0,0.0,0.0,0.0,0.0,0.0,21.972524048821132,-18.579685639823857,False,True,False,True,False,0.0,0,0.8805162599334948,1.0856563151665444,False,False,False,False,-0.34282825441539394,-0.33495018589735814,False,False,False,False,-6739919,-5897828.525403155,False,False,False,False,73918.34454170696,True,False,False,False
2024-12-23 00:00:00+00:00,3.49,3.5499,3.26,3.43,148922,,,4.5186943344314825,5.176233783163633,5.261386412482226,5.474066785444974,6.163808445106088,6.382373971188505,6.9185619147448,7.096632361179642,,,,,4.433880234732513,4.730838393431994,7.8765730650490955,,,3.916088932760565,4.489443639955459,5.114156834721164,6.163808445106088,6.615284466081218,7.573776781145019,10.012993779047571,"rgba(239, 83, 80, 1.0)",0.0,0.0,0.3888237864066039,4.570902188711597,-2.7799281486891,0.0,0.0,0.0,0.0,0.0,0.0,0.0,0.0,23.045333270818066,-18.579685639823857,False,True,False,True,False,0.0,0,0.8703994552383879,1.0798031829015142,False,False,False,False,-0.34282825441539394,-0.338889220156376,False,False,False,False,-6590997,-5925011.602838325,False,False,False,False,76859.66436360081,False,False,False,False
2024-12-24 00:00:00+00:00,3.43,3.5,3.375,3.49,58248,,,4.508174489076463,5.166316106771471,5.252014465877709,5.465123952479897,6.155090721289634,6.374117163629301,6.910409004022822,7.089058962363937,,,,,4.423688807609704,4.720288098694558,7.869155965319794,,,3.897344982432717,4.479036225225458,5.10405048156821,6.155090721289634,6.607287250367991,7.566223449307421,10.005058130353913,"rgba(239, 83, 80, 1.0)",0.0,0.0,0.3858363761075667,4.560302974340942,-2.9294878459718547,0.0,0.0,0.0,0.0,0.0,0.0,0.0,0.0,23.29443602172363,-18.579685639823857,False,True,False,True,False,0.0,0,0.8868060720066493,1.0849009143007131,False,False,False,False,-0.3246381695955816,-0.3317636948759788,False,False,False,False,-6649245,-5953412.91253094,False,False,False,False,76129.79517287137,False,False,False,False
2024-12-26 00:00:00+00:00,3.69,3.69,3.33,3.41,274226,,,4.467172392458784,5.124628488683938,5.212338507616732,5.4267856352145865,6.116786189978442,6.33761569700384,6.874004311360294,7.055122872991285,,,,,4.384562092361224,4.677824921043129,7.835620285725655,,,3.8466076572803383,4.438671440214579,5.061780151051597,6.116786189978442,6.5717507156274815,7.532180402867601,9.968716079952253,"rgba(239, 83, 80, 0.75)",0.0,0.0,0.3775799510012272,4.52429657080564,-2.209589170699713,0.0,0.0,0.0,0.0,0.0,0.0,0.0,0.0,28.775459339597354,-18.579685639823857,False,True,False,True,True,0.0,0,0.882849469241591,1.068209916016541,False,False,False,False,-0.2848385548593614,-0.3083011248676701,False,False,False,False,-6375019,-5969946.48458855,False,False,False,False,83898.27379354308,False,False,False,False
2024-12-27 00:00:00+00:00,3.745,3.81,3.56,3.68,122213,,,4.452610868544216,5.1082962273844545,5.196657441951303,5.411401066836088,6.10096411460191,6.322431276479977,6.858686910608694,7.0407864019613005,,,,,4.370959232547766,4.662079201242193,7.821310247718494,,,3.8374579207448805,4.424434344782551,5.0453207693894635,6.10096411460191,6.556880089783939,7.517705332908635,9.95299052103525,"rgba(239, 83, 80, 0.75)",0.0,0.0,0.36978526192728256,4.512653867893546,-2.0759450062790847,0.0,0.0,0.0,0.0,0.0,0.0,0.0,0.0,33.36205519206352,-25.841353812716928,False,True,False,True,True,0.0,0,0.9032203173522778,1.0712553707406303,False,False,False,False,-0.1920411307573016,-0.25017112781248585,False,False,False,False,-6252806,-5981039.014604686,False,False,False,False,85400.81207614923,False,False,False,False
2024-12-30 00:00:00+00:00,3.69,3.7866,3.6,3.75,91218,,,4.441919930534674,5.096239922800778,5.185065701178171,5.400011445204821,6.089227017027175,6.3111566488582715,6.847304372411541,7.03012483058933,,,,,4.360967532247403,4.650502269073503,7.810660885469338,,,3.8307749476169604,4.413980214775738,5.033178801286013,6.089227017027175,6.545831664748522,7.506936480603064,9.941280618118133,"rgba(239, 83, 80, 0.75)",0.0,0.0,0.3591478113382826,4.503588929492401,-2.2653317208331214,0.0,0.0,0.0,0.0,0.0,0.0,0.0,0.0,35.730895947394885,-23.504660960668133,False,True,False,True,True,0.0,0,0.9015810527652548,1.070205515694118,False,False,False,False,-0.18773168348197333,-0.2189514056472296,False,False,False,False,-6344024,-5995273.719914306,False,False,False,False,85628.93709277084,False,False,False,False
2024-12-31 00:00:00+00:00,3.58,3.7,3.5,3.69,116057,,,4.427007290835427,5.080134756715016,5.1696134082098695,5.384910334277641,6.073849039635808,6.296414589198216,6.8324899691218635,7.016258933804406,,,,,4.346854832840307,4.634687419610032,7.796867448577941,,,3.8176447271077207,4.399339345034943,5.016925968979356,6.073849039635808,6.531414534158448,7.492969725510331,9.926210523404805,"rgba(239, 83, 80, 0.5)",0.0,0.0,0.3479939040212121,4.489585195597416,-2.6137963484037705,0.0,0.0,0.0,0.0,0.0,0.0,0.0,0.0,36.00744769350355,-23.01693687879078,False,False,False,True,True,0.0,0,0.897268172002432,1.0702350252636437,False,False,False,False,-0.23661259134849927,-0.22778199849786443,False,False,False,False,-6460081,-6013501.456388256,False,False,False,False,86822.1944616818,False,False,False,False
2025-01-02 00:00:00+00:00,3.84,3.84,3.58,3.59,45166,,,4.422431266395319,5.074624497366703,5.164282826023763,5.379620213794877,6.068298210841729,6.291057588966542,6.827044017780304,7.0111437543319575,,,,,4.342638486231453,4.629586008588122,7.791727199986803,,,3.816289861423497,4.39488501399209,5.011399383349671,6.068298210841729,6.526145271146375,7.487783091013806,9.920512692723962,"rgba(239, 83, 80, 0.5)",0.0,0.0,0.3425692550904435,4.485864520824049,-1.8853545997685377,0.0,0.0,0.0,0.0,0.0,0.0,0.0,0.0,40.43572191234411,-18.560360706894954,False,False,False,True,True,0.0,0,0.9052024084838632,1.0656291018188633,False,False,False,False,-0.1790815397065733,-0.20343176910221888,False,False,False,False,-6414915,-6029243.163980873,False,False,False,False,85188.6182082825,False,False,False,False
2025-01-03 00:00:00+00:00,3.91,3.96,3.8405,3.85,50576,,3.9034999999999997,4.4185139341802415,5.0692034022964645,5.1589914077656225,5.37428024615724,6.062515095590902,6.285439030332818,6.8212653837523884,7.005698024772568,,,,,4.339172769090635,4.624910218225043,7.7862001967724295,,,3.8182997954707365,4.391120054242747,5.005999788425654,6.062515095590902,6.520586792838926,7.482225104930789,9.914299897757497,"rgba(239, 83, 80, 0.5)",0.0,0.0,0.3370203123398014,4.483343685201134,-1.7012140343133344,0.0,0.0,0.0,0.0,0.0,0.0,0.0,0.0,44.336156068799184,-14.715417412210556,False,False,False,True,True,0.0,0,0.9454892341237395,1.0388389206868356,False,False,False,False,-0.08207329813884658,-0.14275253362053272,False,False,False,False,-6364339,-6042384.177158094,False,False,False,False,83831.26063148711,False,False,False,False
2025-01-06 00:00:00+00:00,4.02,4.18,3.8571,3.88,95865,,3.979131844906822,4.4128785728920334,5.060069312109307,5.149994462387316,5.365050640626992,6.052219837380178,6.27537454813227,6.810805877509162,6.995810518566218,,,,,4.334454335797392,4.617603911049201,7.77607741273284,,,3.826701763133632,4.3857936228782,4.996965680605204,6.052219837380178,6.510577565321843,7.472075884623298,9.902784578183875,#000000,0.0,0.0,0.3351077344472576,4.480717055828441,-1.374832653708723,0.0,0.0,0.0,0.0,0.0,0.0,0.0,0.0,48.34683727299064,-10.826062365681082,True,False,False,False,True,0.0,0,0.948935553646647,1.0176459021144033,False,False,False,False,-0.022633389068207804,-0.08269296134437026,False,False,False,False,-6268474,-6051250.4447205225,False,False,False,False,84303.17197927194,False,False,False,False
2025-01-07 00:00:00+00:00,4.07,4.19,4.0,4.02,93410,,4.021011293817134,4.408455437330268,5.051889066440623,5.141879628808399,5.356623370333272,6.042617923628102,6.265944807638048,6.80093415299102,6.986456459376505,,,,,4.330946179093405,4.611437723741779,7.766442677298453,,,3.836888809834945,4.38167866738417,4.988918496371777,6.042617923628102,6.50116407216317,7.462436213322403,9.891735825780605,"rgba(38, 166, 154, 1.0)",0.0,0.0,0.331081486651686,4.47914636676879,-1.2357875123329727,0.0,0.0,0.0,0.0,0.0,0.0,0.0,0.0,51.636268009338025,-7.64020236577592,True,False,True,False,True,0.0,0,0.9640043954689698,1.0077536894210921,False,False,False,False,0.015667833808969744,-0.03351256376770026,False,False,False,False,-6175064,-6056105.878260895,False,False,False,False,84660.30248988872,False,False,False,False
2025-01-08 00:00:00+00:00,3.88,4.07,3.78,4.07,68150,,3.996448322678606,4.4035728035488715,5.044930566860001,5.135058726219795,5.349699166449054,6.035044130377012,6.258562594718189,6.793311121302,6.979256325618135,,,,,4.326642544429916,4.6055442577858265,7.759109106398319,,,3.83892092279645,4.37699170738213,4.982004502828962,6.035044130377012,6.49384303224525,7.455071623642725,9.883456818670826,"rgba(38, 166, 154, 1.0)",0.0,0.0,0.33006479979657244,4.475481776679024,-1.804135966773902,0.0,0.0,0.0,0.0,0.0,0.0,0.0,0.0,50.911900949446746,-7.64020236577592,True,False,True,False,True,0.0,0,0.9434091780904889,1.0193515172316325,False,False,False,False,-0.0696036851409922,-0.05155812445434623,False,False,False,False,-6243214,-6063443.451662429,False,False,False,False,84012.839647148,False,False,False,False
2025-01-10 00:00:00+00:00,3.88,3.88,3.7656,3.86,46904,,3.976018917644628,4.399811287409491,5.039905905997981,5.130149322416871,5.344748277762864,6.029696542129708,6.253362013248364,6.787964484188721,6.97421083634593,,,,,4.323255283424432,4.601153579709722,7.753988928452491,,,3.8389762162276093,4.373356875723814,4.976998045931462,6.029696542129708,6.488696107253218,7.449923610220764,9.877707282499497,#000000,0.0,0.0,0.3287530338871055,4.472342064261602,-1.8017843280649795,0.0,0.0,0.0,0.0,0.0,0.0,0.0,0.0,50.4289895761859,-7.64020236577592,True,False,False,False,True,0.0,0,0.9459729713350704,1.0343918550390885,False,False,False,False,-0.12127763438095839,-0.0864178794176523,False,False,False,False,-6243214,-6070493.277087431,False,False,False,False,82557.59103353435,False,False,False,False
2025-01-13 00:00:00+00:00,3.67,3.91,3.6301,3.91,48895,,3.947040466732706,4.395214297622668,5.034256550261024,5.124656492551222,5.33926298591893,6.023883015419788,6.247729059285201,6.78221324861694,6.968792410115367,,,,,4.319013785081561,4.5960033968800404,7.748522535013925,,,3.8370133448653303,4.368880518819793,4.971346460353316,6.023883015419788,6.483139588176899,7.4444166976032955,9.871621098176245,#000000,0.0,0.0,0.33102168486148215,4.4681197124350325,-2.4110798444186825,0.0,0.0,0.0,0.0,0.0,0.0,0.0,0.0,47.34699545920568,-7.64020236577592,True,False,False,False,False,0.0,0,0.9364474480732778,1.026228824912918,False,False,False,False,-0.14818578852329456,-0.11730183397047343,False,False,False,False,-6292109,-6079184.08975067,False,False,False,False,81237.48942437614,False,False,False,False
2025-01-14 00:00:00+00:00,3.7,3.74,3.61,3.73,28571,,3.9296147455156185,4.392342196193051,5.030843215896763,5.121344204265818,5.335968871090625,6.020420655572791,6.244379484309102,6.778803919127179,6.965582488182953,,,,,4.31633906104195,4.592837137566842,7.74529281855562,,,3.835309020345345,4.3660754922196965,4.967926109048823,6.020420655572791,6.4798402116751594,7.441160169455795,9.868039428371544,"rgba(239, 83, 80, 0.5)",0.0,0.0,0.33371326337866813,4.465391797766434,-2.2935612148502917,0.0,0.0,0.0,0.0,0.0,0.0,0.0,0.0,45.79485602840385,-7.64020236577592,True,False,False,True,False,0.0,0,0.9410484490900195,1.044974891930476,False,False,False,False,-0.197242626664619,-0.15727223031754622,False,False,False,False,-6263538,-6086413.654858487,False,False,False,False,79172.13689793002,False,False,False,False
2025-01-15 00:00:00+00:00,3.77,4.0,3.695,3.98,32612,,3.922043710128471,4.389726193220855,5.027365939927992,5.117943908828889,5.3325382212865895,6.016714272749517,6.24077277144453,6.775095040143116,6.962080317911509,,,,,4.313974617399902,4.5897954213702015,7.741737900578128,,,3.835138485499061,4.363544719259236,4.964462164439692,6.016714272749517,6.476269494580099,7.437586514120593,9.864047569890367,"rgba(239, 83, 80, 0.5)",0.0,0.0,0.3354468959353743,4.463139599416008,-2.0663169277009663,0.0,0.0,0.0,0.0,0.0,0.0,0.0,0.0,45.93927133489744,-7.64020236577592,True,False,False,True,False,0.0,0,0.9582031787194751,1.0060902536295946,False,False,False,False,-0.10874013200653443,-0.13300618116204033,False,False,False,False,-6230926,-6092080.805648349,False,False,False,False,77346.24917644256,False,False,False,False
2025-01-16 00:00:00+00:00,3.81,3.8247,3.6701,3.8,29415,,3.9128944988989978,4.387167246220679,5.024108504543394,5.114766458653024,5.329348293402251,6.013300866223852,6.23745722086247,6.771697377797996,6.958874556464184,,,,,4.311632036128175,4.586883094123028,7.738493393754317,,,3.834392914292024,4.3610591712769455,4.96121054699225,6.013300866223852,6.472992416673456,7.4343217240202035,9.860419777320644,#000000,0.0,0.0,0.33544494075923365,4.460831042921561,-1.9402022920616846,0.0,0.0,0.0,0.0,0.0,0.0,0.0,0.0,46.70501709427924,-7.64020236577592,True,False,False,False,False,0.0,0,0.9539040451552211,1.0240867042960176,False,False,False,False,-0.15980316558046304,-0.14640467337125168,False,False,False,False,-6201511,-6096372.185819003,False,False,False,False,75466.59234599383,False,False,False,False
2025-01-17 00:00:00+00:00,3.82,3.8985,3.76,3.81,43262,,3.9059160748428376,4.383790275198245,5.019567625234596,5.110320110295844,5.324853421429092,6.008428388999526,6.232710978750172,6.766810272341691,6.954256719281498,,,,,4.3085862663726795,4.582937435629003,7.733800613344502,,,3.8342601987379954,4.357794438189766,4.956690792378805,6.008428388999526,6.468289920334023,7.429606257334855,9.855142688611918,#000000,0.0,0.0,0.33373856979026273,4.457916403107018,-1.9114254714638326,0.0,0.0,0.0,0.0,0.0,0.0,0.0,0.0,47.390939974367924,-7.64020236577592,True,False,False,False,False,0.0,0,0.9642658115229312,1.013883049969203,False,False,False,False,-0.11800016705604399,-0.13220242021364784,False,False,False,False,-6158249,-6098798.727551591,False,False,False,False,74203.66715595487,False,False,False,False
2025-01-21 00:00:00+00:00,4.27,4.29,3.87,3.96,131206,,3.9524882863433537,4.379479142709019,5.009608817390811,5.100305550579719,5.31423467442777,5.99591145335567,6.220312182590505,6.753675194645134,6.941746134885948,,,,,4.30550059897874,4.5761293184127405,7.720786452498307,,,3.8486774436141014,4.353896713898825,4.946985305590895,5.99591145335567,6.455829541483481,7.416632305985705,9.84003349327801,"rgba(38, 166, 154, 1.0)",0.0,0.0,0.331181165673988,4.456457743510044,-0.5630082952651722,0.0,0.0,0.0,0.0,0.0,0.0,0.0,0.0,53.56597025040852,-3.5595111153498706,True,False,True,False,True,0.0,0,0.973526247239368,0.9682314966872414,False,False,False,False,0.00815278674157719,-0.062024816736035326,False,False,False,False,-6027043,-6095984.777451528,False,False,False,False,76439.05275768213,False,False,False,False
2025-01-22 00:00:00+00:00,4.59,4.78,4.1553,4.27,157543,,4.058471220384419,4.3821967377394975,5.002861429696041,5.093035835158196,5.3056317911757205,5.984020753733635,6.208200695298955,6.740258025682659,6.928811409453891,,,,,4.309950679894063,4.574893451199872,7.706866176420397,,4.5084333333333335,3.8836704803965563,4.357197093269866,4.940790552522772,5.984020753733635,6.443377793607468,7.402911352002532,9.823152679313576,"rgba(38, 166, 154, 1.0)",0.0,0.0,0.3326568691689526,4.434714864816004,0.4668027315110939,-1.0,4.78,4.1553,0.0,0.0,0.0,0.0,0.0,60.04044183149643,2.5721222518200406,True,False,True,False,True,2.9481872795525916,0,1.0031352198708072,0.9244033622530337,False,False,False,False,0.2051691741366632,0.07157217870031393,False,False,False,False,-5869500,-6087103.021473037,False,False,False,False,79619.59970836126,False,False,False,False
2025-01-23 00:00:00+00:00,4.395,4.76,4.3,4.58,57962,,4.086426073182711,4.382987682484591,5.000308976393943,5.090300536414306,5.302421044002613,5.979625000383661,6.203726905462069,6.735310540936243,6.92404136210523,,,,,4.311351655902737,4.5742936960998515,7.70173774590208,,4.502130728444042,3.8951801275427784,4.358193458048763,4.938434085610154,5.979625000383661,6.4387816216377844,7.397855162612663,9.81694162326066,"rgba(38, 166, 154, 1.0)",0.0,0.0,0.3320306799455578,4.4368009022042525,-0.12589469807762013,0.0,0.0,0.0,0.0,0.0,0.0,0.0,0.0,61.38559613502819,3.7745515920498818,True,False,True,False,True,0.04066595264378847,0,1.0149606785704828,0.9382596185247625,False,False,False,False,0.23796319245458059,0.15476768557744724,False,False,False,False,-5927462,-6080842.589258408,False,False,False,False,78770.28207273925,False,False,False,False
2025-01-24 00:00:00+00:00,4.42,4.648,4.3501,4.48,69494,,4.11456812711093,4.383807670459715,4.997209406259321,5.0869873102542345,5.298547028722531,5.974345448991887,6.198355378818399,6.729374987903376,6.918318048018382,,,,,4.312885182317143,4.573487470860138,7.695587025183422,,4.494954355746278,3.9081359985503497,4.359253861907007,4.9355649290270875,5.974345448991887,6.4332648506803025,7.391790554335165,9.80949671988459,"rgba(38, 166, 154, 1.0)",0.0,0.0,0.3315449641239031,4.439027577129499,-0.05739063834004828,0.0,0.0,0.0,0.0,0.0,0.0,0.0,0.0,62.485103358692015,4.894736559864796,True,False,True,False,True,0.4046713659353607,0,1.0147637452557539,0.9453758835614052,False,False,False,False,0.22162591255477346,0.18819679906611037,False,False,False,False,-5857968,-6072102.40928749,False,False,False,False,78406.50630518085,False,False,False,False
2025-01-27 00:00:00+00:00,4.43,4.46,4.326,4.43,48114,,4.128530372958582,4.383943032364493,4.994811780605598,5.084464866638867,5.2956689205619725,5.970548771911618,6.19451148258239,6.725161600683694,6.914262436666567,,,,,4.313489549217777,4.572568626994253,7.691253572515538,,4.482009721726062,3.9157402955342864,4.359547422000075,4.9333129851346404,5.970548771911618,6.429332810384559,7.387509888248489,9.80428948779479,"rgba(38, 166, 154, 1.0)",0.0,0.0,0.33217532409651224,4.439572944601265,-0.028818951640380546,0.0,0.0,0.0,0.0,0.0,0.0,0.0,0.0,63.30515403719862,5.871652748568195,True,False,True,False,True,0.5522310530620409,0,1.014339433007555,0.9549889096832326,False,False,False,False,0.16646435072155605,0.1773305748938332,False,False,False,False,-5809854,-6061818.157942883,False,False,False,False,77218.56488144827,False,False,False,False
2025-01-28 00:00:00+00:00,4.36,4.45,4.2329,4.43,35227,,4.1359718455157415,4.383776625275279,4.992897997696503,5.082473941923179,5.293437624427189,5.967678594731896,6.19161715736308,6.7220099268671465,6.911233285594298,,,,,4.3136521956541,4.571672309367721,7.688032450115575,,4.46915834247344,3.920523010960569,4.359492108193388,4.93149743630832,5.967678594731896,6.426381799493964,7.384323052585802,9.800442658000335,"rgba(38, 166, 154, 1.0)",0.0,0.0,0.33234408603766147,4.439451598250043,-0.2390642758151547,0.0,0.0,0.0,0.0,0.0,0.0,0.0,0.0,62.68566970408973,5.871652748568195,True,False,True,False,True,0.0,0,1.0105529067912782,0.9586591600782846,False,False,False,False,0.1400287901041943,0.15867968249901376,False,False,False,False,-5845081,-6053318.661552966,False,False,False,False,75571.83684688168,False,False,False,False
2025-01-29 00:00:00+00:00,4.43,4.5699,4.36,4.37,52856,,4.151358765648193,4.384251438106907,4.990514389351001,5.079933444031949,5.2904811735946815,5.963670712004425,6.187539255850727,6.717506426239102,6.906888401822101,,,,,4.3146432388543365,4.570968776800308,7.683363492019554,,4.467168274785769,3.9292307548298946,4.360141065114573,4.9292835344673165,5.963670712004425,6.4221939242817,7.379719861635116,9.794792538366623,"rgba(38, 166, 154, 1.0)",0.0,0.0,0.3331459423609958,4.440944216219283,-0.03285111666593417,0.0,0.0,0.0,0.0,0.0,0.0,0.0,0.0,62.9915878796849,6.1787409475975466,True,False,True,False,True,0.5579304165119083,0,1.0275464280171742,0.9483213491283431,False,False,False,False,0.20375932881298886,0.1812195056560013,False,False,False,False,-5792225,-6043079.694433242,False,False,False,False,74681.01971563142,False,False,False,False
2025-01-30 00:00:00+00:00,4.425,4.505,4.35,4.35,29944,,4.158719279599098,4.384414913299788,4.989106863306833,5.078442498135756,5.288762508340757,5.961369691903588,6.185202171553421,6.714933108769999,6.904407101105626,,,,,4.315091819256747,4.570484534802287,7.680702647600224,,4.464480018028403,3.933794381455723,4.360400771174913,4.9279687150248925,5.961369691903588,6.419797300159119,7.377094795092934,9.791580992093802,"rgba(38, 166, 154, 1.0)",0.0,0.0,0.33388520845510594,4.441558504177738,-0.04959340443488071,0.0,0.0,0.0,0.0,0.0,0.0,0.0,0.0,63.102753826663125,6.717706537372592,True,False,True,False,True,0.48081164456771575,0,1.0266727567306697,0.9504895032576095,False,False,False,False,0.18428385533869882,0.18275168049735008,False,False,False,False,-5822169,-6034416.529945664,False,False,False,False,72926.62678560666,False,False,False,False
2025-01-31 00:00:00+00:00,4.37,4.54,4.32,4.35,33413,,4.165998544732371,4.384524475020854,4.987498252655746,5.076744503115534,5.286815871837876,5.958782423588634,6.1825770028894205,6.7120476251260515,6.901625612181397,,,,,4.315514005941189,4.5698858400785465,7.677723492540308,,4.4607232755412385,3.9386199646904414,4.360615893819494,4.926461162739955,5.958782423588634,6.417107509046698,7.374154604018522,9.787990803977227,"rgba(38, 166, 154, 1.0)",0.0,0.0,0.3341401785352908,4.442097930312646,-0.21577150831931793,0.0,0.0,0.0,0.0,0.0,0.0,0.0,0.0,62.11535384615153,6.717706537372592,True,False,True,False,True,0.0,0,1.0211229417182404,0.9552837480740595,False,False,False,False,0.18557949942374996,0.18416558996055002,False,False,False,False,-5855582,-6027403.411124266,False,False,False,False,71377.07279401424,False,False,False,False
2025-02-03 00:00:00+00:00,4.17,4.25,4.03,4.25,55270,,4.165266975596425,4.382874912987217,4.983667719662273,5.072866703798411,5.282665480938452,5.95380631254065,6.177617143785588,6.706753147908848,6.89655952091144,,,,4.15,4.31430500767786,4.567310671128487,7.672416277086272,,4.42890974510781,3.9421047328681595,4.359115616085821,4.922740873277423,5.95380631254065,6.412099650855219,7.368878386448737,9.781776010635728,"rgba(38, 166, 154, 0.75)",0.0,0.0,0.333117820500524,4.439515901873084,-0.8090708010400781,0.0,0.0,0.0,0.0,0.0,0.0,0.0,0.0,58.09988816919128,6.717706537372592,True,False,True,False,False,0.0,0,0.9878139680008321,0.9983099031011112,False,False,False,False,0.03822699872863782,0.11119629434459392,False,False,False,False,-5910852,-6022832.767550766,False,False,False,False,70745.42288052349,False,False,False,False
2025-02-04 00:00:00+00:00,4.35,4.38,4.16,4.16,26214,,4.168056272813871,4.382588279629234,4.9821806358796765,5.071329321905487,5.280961095828825,5.951646876378953,6.175442735060476,6.7043932843721565,6.894291203246774,,,,4.197183741593442,4.314244111434884,4.566525697106561,7.670009275015257,,4.42278537504321,3.9448555600213133,4.35890534251152,4.921321355522403,5.951646876378953,6.40988569860037,7.3664957111734966,9.778909824088375,"rgba(38, 166, 154, 0.75)",0.0,0.0,0.33294117083340746,4.439306729430725,-0.26823576431588675,0.0,0.0,0.0,0.0,0.0,0.0,0.0,0.0,57.789888206292325,6.717706537372592,True,False,True,False,False,0.0,0,0.979227487087357,0.9862236348874571,False,False,False,False,0.10369937303889519,0.10744783369174456,False,False,False,False,-5884638,-6017413.364901717,False,False,False,False,68999.09257148336,False,False,False,False
2025-02-05 00:00:00+00:00,4.41,4.45,4.279,4.4165,29884,,4.173056138411712,4.38257724740692,4.980697502458912,5.069771103410937,5.279188505061924,5.949315088274486,6.173079268454192,6.701801212286051,6.891792611701583,,,,4.246150408256112,4.314500595116044,4.565909892700341,7.667336884523464,,4.420623075877508,3.948667560942195,4.358984730752835,4.919924916882294,5.949315088274486,6.40746634436359,7.363857280366061,9.775695431984564,"rgba(38, 166, 154, 0.75)",0.0,0.0,0.3311758921241225,4.439664926615068,-0.08957453522598041,0.0,0.0,0.0,0.0,0.0,0.0,0.0,0.0,58.290789751115014,6.717706537372592,True,False,True,False,False,0.3229070865648467,0,0.9998696649520367,0.9783209370221048,False,False,False,False,0.15182297228189284,0.1296354029868187,False,False,False,False,-5854754,-6011034.5662781205,False,False,False,False,67465.16737260166,False,False,False,False
2025-02-06 00:00:00+00:00,4.38,4.435,4.2742,4.435,22401,,4.176362901560093,4.3825221778418655,4.9795599534118065,5.068579675605087,5.277839902674605,5.947553277505764,6.171295332251758,6.699848123605545,6.889910570141146,,,,4.265729242699479,4.314642899894398,4.56541003503708,7.665326409394394,,4.418537882203772,3.9513731081623815,4.358996397584486,4.918850842875498,5.947553277505764,6.40564176281923,7.361871586763928,9.7732810325676,"rgba(38, 166, 154, 0.75)",0.0,0.0,0.33051435289583775,4.439845930662255,-0.18106908259174914,0.0,0.0,0.0,0.0,0.0,0.0,0.0,0.0,58.10027609381416,6.717706537372592,True,False,True,False,False,0.0,0,0.9977049809766485,0.9821546999895284,False,False,False,False,0.1467524095346033,0.13819390626071099,False,False,False,False,-5877155,-6005784.387208391,False,False,False,False,65697.94512269572,False,False,False,False
2025-02-07 00:00:00+00:00,4.26,4.4,4.21,4.35,41936,,4.179948334792942,4.382035862317915,4.977190555832639,5.066130138292009,5.275125078792327,5.944113953586874,6.167830567741106,6.696086530016077,6.886293134879759,,,,4.271522011705225,4.314508461857749,4.564145338559617,7.661486118501394,,4.410373854462953,3.9554619603756733,4.358629186991581,4.916588327984081,5.944113953586874,6.40211290466823,7.358070904768322,9.768705954953237,"rgba(38, 166, 154, 0.75)",0.0,0.0,0.3293080331747125,4.439505924043649,-0.5451003497033233,0.0,0.0,0.0,0.0,0.0,0.0,0.0,0.0,55.961779192642524,10.878811361406356,True,False,True,False,False,0.0,0,0.9868439455925033,0.9904279869925522,False,False,False,False,0.12145550416901396,0.12982470521486247,False,False,False,False,-5919091,-6002384.646533553,False,False,False,False,64766.104137491966,False,False,False,False
2025-02-10 00:00:00+00:00,4.35,4.4,4.22,4.27,15367,,4.18158716857656,4.381923013892401,4.9763683047845415,5.0652747708578225,5.274167527657508,5.942882546012815,6.166586615096275,6.694730127724007,6.884987069641619,,,,4.275688946575112,4.314526068376679,4.563740803101877,7.660094963198874,,4.408394129485045,3.957082503804292,4.358560485146093,4.915807212773465,5.942882546012815,6.400843099086919,7.356695644644195,9.767041565754347,"rgba(38, 166, 154, 0.75)",0.0,0.0,0.3283540297019447,4.439501734957018,-0.2725769348354311,0.0,0.0,0.0,0.0,0.0,0.0,0.0,0.0,55.81491800037473,10.480362116426932,True,False,True,False,False,0.0,0,0.9775050587338712,1.000043798561655,False,False,False,False,0.12399806852603826,0.12691138687045037,False,False,False,False,-5903724,-5998515.601571453,False,False,False,False,62828.88436739425,False,False,False,False
2025-02-11 00:00:00+00:00,4.36,4.39,4.26,4.39,17655,,4.183597179646431,4.381823280935514,4.975445413384523,5.064312092698345,5.273085175315969,5.941481729643799,6.16516984236621,6.693182434331622,6.88349598757236,,,,4.280846696402477,4.314576701971421,4.563303394437532,7.658504489610254,,4.4065675250019245,3.9589939361882163,4.358511634001532,4.914932471067306,5.941481729643799,6.399395495800371,7.355124097566831,9.765135300865586,"rgba(38, 166, 154, 0.75)",0.0,0.0,0.32861274067390833,4.4395498933304705,-0.24207793394538446,0.0,0.0,0.0,0.0,0.0,0.0,0.0,0.0,55.85951507421626,10.224366017704057,True,False,True,False,False,0.0,0,0.9802485982452916,0.9938419013129696,False,False,False,False,0.13163547586075625,0.12927343136560332,False,False,False,False,-5886069,-5994105.930921592,False,False,False,False,61057.35949024153,False,False,False,False
2025-02-12 00:00:00+00:00,4.28,4.3499,4.2452,4.3,12756,,4.184600130821446,4.381680012000429,4.974733443058457,5.063575239420522,5.272267235871258,5.940442821861971,6.164122427531659,6.692044152662419,6.882400741878223,,,,4.281471777066411,4.314538964516486,4.5629259111959914,7.657340753006279,,4.404492205685452,3.960200030133413,4.358404098333558,4.914253081243195,5.940442821861971,6.398328070725172,7.353972748685341,9.763747426747003,"rgba(38, 166, 154, 0.75)",0.0,0.0,0.3284173487421743,4.439461881734845,-0.48554646198070034,0.0,0.0,0.0,0.0,0.0,0.0,0.0,0.0,54.43483994150284,8.588422694450145,True,False,True,False,False,0.0,1,0.9742415918940365,0.9973230090424743,False,False,False,False,0.11766996993129382,0.12347170064844856,False,False,False,False,-5898825,-5990369.423826627,False,False,False,False,59163.18852983991,False,False,False,False
2025-02-13 00:00:00+00:00,4.47,4.5,4.29,4.39,34575,,4.1903745779935875,4.381844419182685,4.9731721821793355,5.061915861512871,5.270346245730587,5.937852059184767,6.161483429667962,6.689128893481166,6.879583526858247,,,,4.300176966156105,4.315008405931033,4.562389511945829,7.6543105885620495,,4.405216178173608,3.9646739744409842,4.358671651068582,4.912797003037531,5.937852059184767,6.395616132607273,7.3509869440961335,9.760077264131608,"rgba(38, 166, 154, 0.75)",0.0,0.0,0.3299266230186049,4.440167755972487,0.09042084495809376,0.0,0.0,0.0,0.0,0.0,0.0,0.0,0.0,56.21652000731809,8.588422694450145,True,False,True,False,False,1.3265547816221144,1,0.9735808263242546,1.0070662061328342,False,False,False,False,0.16749440478502187,0.14548305271673523,False,False,False,False,-5864250,-5985423.564068721,False,False,False,False,58198.9458423952,False,False,False,False
2025-02-14 00:00:00+00:00,4.58,4.65,4.38,4.5,36548,,4.19912704303176,4.382543399675277,4.971877413553338,5.060488181969177,5.268602337275766,5.935332798984413,6.158888809291309,6.686213422463118,6.876753473281674,,,,4.32971575064535,4.316046498324278,4.562287868794232,7.6512289887675955,,4.411397992259843,3.9704972782301406,4.359485188100852,4.911629320574246,5.935332798984413,6.392926322536065,7.347962724546003,9.75628778263294,"rgba(38, 166, 154, 1.0)",0.0,0.0,0.3335703256616907,4.441769064705258,0.4143981783167875,0.0,0.0,0.0,0.0,0.0,0.0,0.0,0.0,58.70878871357542,4.652257502272505,True,False,True,False,True,2.96704291727524,1,0.9662201312796741,0.9900891629407338,False,False,False,False,0.24162645828500973,0.19355475550087248,False,False,False,False,-5827702,-5979238.404693477,False,False,False,False,57349.88914269343,False,False,False,False
2025-02-18 00:00:00+00:00,4.72,4.765,4.58,4.58,48192,,4.214905092366103,4.384353024203146,4.970772727079929,5.059159115818726,5.2667893326360735,5.932383446809476,6.155798879007888,6.682651544965714,6.873273397974956,,,,4.380427605013331,4.318331399470043,4.562941210984565,7.647372325271692,,4.427568164655604,3.980006046700243,4.361455190259452,4.910718978783074,5.932383446809476,6.389680249825373,7.344199524363389,9.751444337234721,"rgba(38, 166, 154, 1.0)",0.0,0.0,0.3399687717506569,4.428182479445427,0.8583656641516485,0.0,0.0,0.0,0.0,0.0,0.0,0.0,0.0,61.821231057043285,7.606506601154713,True,False,True,False,True,4.991561558308678,1,0.9858859039109594,0.9781685974224197,False,False,False,False,0.3428281959831789,0.2681914757420257,False,False,False,False,-5779510,-5971405.91823491,False,True,False,False,56990.756235136825,False,True,False,False
2025-02-19 00:00:00+00:00,4.57,4.72,4.57,4.68,24664,,4.221483132911664,4.385064569199399,4.9700747072710705,5.058357916942081,5.2657567446796705,5.930796785266938,6.154149109008622,6.680771241672358,6.871441053675255,,,,4.396595670502906,4.319275996103132,4.563092175204853,7.645356928441505,,4.433151758812101,3.9843155690881007,4.3622454433781055,4.910113665353465,5.930796785266938,6.387957199927776,7.342228239922906,9.748935701978473,"rgba(38, 166, 154, 1.0)",0.0,0.0,0.34331566909847455,4.428455897298905,0.41228558857444886,0.0,0.0,0.0,0.0,0.0,0.0,0.0,0.0,61.08804449012787,7.606506601154713,True,False,True,False,True,2.6068932392906383,1,0.9977436979148657,0.9827449081918461,False,False,False,False,0.32684273493291977,0.2975171053374727,False,False,False,False,-5804174,-5964847.803794325,False,False,False,False,55723.040304347145,False,False,False,False
2025-02-20 00:00:00+00:00,4.39,4.5391,4.32,4.5391,25380,,4.22468605268151,4.38516152966628,4.96894318668046,5.057154929527067,5.2643636308283694,5.928915039575692,6.152230295509433,6.678649087327268,6.869388366881859,,,4.416366666666667,4.397879534270454,4.319587831049329,4.562693788886082,7.64314642007,,4.432665114910032,3.9872887241904604,4.362415135731771,4.909058039571111,5.928915039575692,6.385983809706175,7.340051186954938,9.746254410256256,"rgba(38, 166, 154, 0.75)",0.0,0.0,0.34437467810337585,4.4256849280110355,-0.10362239235349294,0.0,0.0,0.0,0.0,0.0,0.0,0.0,0.0,57.807627081877804,7.606506601154713,True,False,True,False,False,0.0,1,0.993979754007739,0.9810323383084576,False,False,False,False,0.20637943574316922,0.251948270540321,False,False,False,False,-5829554,-5959542.164429842,False,False,False,False,54533.11715515706,False,False,False,False
2025-02-21 00:00:00+00:00,4.49,4.57,4.3501,4.43,27129,,4.228921809798969,4.385441615581874,4.967855764316983,5.055981294155718,5.262973479749111,5.926979965904547,6.150247197895626,6.676438791344219,6.8672459363307805,,,4.444093780113886,4.402562778837127,4.320102561932413,4.562425639524309,7.640826166420561,,4.433788367474624,3.990813724836827,4.362774611362877,4.908057013755256,5.926979965904547,6.383936147585005,7.337770337040871,9.743420152276743,"rgba(38, 166, 154, 0.75)",0.0,0.0,0.3464812437234334,4.4250112782574575,0.18756779167653198,0.0,0.0,0.0,0.0,0.0,0.0,0.0,0.0,56.90540750957656,11.450977857819055,True,False,True,False,False,1.3442501010420322,1,1.0043300829073414,0.9645603333476522,False,False,False,False,0.22300410947956661,0.2374761900099438,False,False,False,False,-5802425,-5953380.70700122,False,False,False,False,53458.44589417051,False,False,False,False
2025-02-24 00:00:00+00:00,4.5,4.58,4.4002,4.55,26171,,4.233254451066345,4.385784217931193,4.966860252919219,5.05489851402522,5.261676405309959,5.925147944575151,6.148365098224527,6.674333272276487,6.865202894005896,,,4.460494302236909,4.407915348319531,4.320672658777131,4.562233477052471,7.63860753196608,,4.435468247343495,3.9943292516592255,4.363194177739317,4.907146937797799,5.925147944575151,6.381989003875509,7.335591363496112,9.74070096637469,"rgba(38, 166, 154, 0.75)",0.0,0.0,0.348631494444785,4.425144077523741,0.21471359779319849,0.0,0.0,0.0,0.0,0.0,0.0,0.0,0.0,56.432953562349255,10.950486233905792,True,False,True,False,False,1.4910744869250223,1,1.0069162234842302,0.9673090306118066,False,False,False,False,0.23950292564711603,0.23848955782852993,False,False,False,False,-5776254,-5946434.561628624,False,False,False,False,52388.349976752055,False,False,False,False
2025-02-25 00:00:00+00:00,4.285,4.47,4.2682,4.47,37362,,4.235718224589171,4.385582539871081,4.9649913254033535,5.052942513142715,5.259466587628242,5.922263220624391,6.14543895144234,6.671124977132024,6.862105373810535,,,4.422042230399338,4.402728266916439,4.3207679897499345,4.561357958675675,7.635292456925168,,4.431817291077718,3.997757521220707,4.363093176068308,4.905378793083563,5.922263220624391,6.378992525147966,7.332319999943182,9.736711350615087,#000000,0.0,0.0,0.34870704553175996,4.423074737872115,-0.3959619962985212,0.0,0.0,0.0,0.0,0.0,0.0,0.0,0.0,52.98553583450775,7.645395689253711,True,False,False,False,False,0.0,1,0.9931145107207153,0.9718010631127189,False,False,False,False,0.17375036212188058,0.20611995997520527,False,False,False,False,-5813616,-5941225.990584364,False,False,False,False,51799.081350212764,False,False,False,False
2025-02-26 00:00:00+00:00,4.28,4.32,4.23,4.32,18901,,4.236186210604434,4.385334605499806,4.9639529516695795,5.051867924463033,5.25827459490844,5.920748596320872,6.143909549228365,6.669460530399409,6.860501313327095,,,4.401679977224952,4.397966743138058,4.320663946972026,4.56078896780158,7.633585200934695,,4.4288400047853145,3.9991456342291176,4.362894064753725,4.904386909761088,5.920748596320872,6.377432193317573,7.330632204890083,9.734671232632342,#000000,0.0,0.0,0.3486499961561813,4.4218072582585695,-0.40673242455750724,0.0,0.0,0.0,0.0,0.0,0.0,0.0,0.0,50.620983139441904,5.447286822248621,False,False,False,False,False,0.0,1,0.9940121818166199,0.9819162736355592,False,False,False,False,0.12365225922442734,0.1648861095998163,False,False,False,False,-5832517,-5936962.892914389,False,False,False,False,50508.96051294952,False,False,False,False
2025-02-27 00:00:00+00:00,4.2,4.44,4.2,4.25,30301,,4.2369745141047535,4.384951598424857,4.962302853689135,5.050158780528385,5.256376150728805,5.918331157889535,6.14146728349041,6.666800718282563,6.857937236625484,,,4.3793673668433755,4.391231356155761,4.320510731513577,4.559892171006308,7.630854558819916,,4.4243977875924605,4.001368760116743,4.36258903406682,4.902811702537486,5.918331157889535,6.3749395472880055,7.327933264695828,9.731405807139964,"rgba(239, 83, 80, 0.5)",0.0,0.0,0.3480036631264606,4.420182592171932,-0.6327019382319559,0.0,0.0,0.0,0.0,0.0,0.0,0.0,0.0,47.96517312116105,2.9943163060109512,False,False,False,True,False,0.0,1,0.9889195492640086,0.9747550255012685,False,False,False,False,0.14751774206632415,0.15620192583307024,False,False,False,False,-5862818,-5934055.250055002,False,False,False,False,49716.49147322601,False,False,False,False
2025-02-28 00:00:00+00:00,4.24,4.34,4.2,4.21,14432,,4.237170152998497,4.384735577597789,4.961496772585002,5.049326323566756,5.255456064115543,5.91716823869062,6.140293836798824,6.665525364723762,6.8567083278157135,,,4.369779498467612,4.387757133239655,4.32040233474409,4.559436670827661,7.629547796450968,,4.422093611999458,4.002340162498712,4.362409548262349,4.902040238454662,5.91716823869062,6.373743097596538,7.326641046317158,9.729846197636437,"rgba(239, 83, 80, 0.5)",0.0,0.0,0.34781535693871846,4.41941736999257,-0.5158408518005183,0.0,0.0,0.0,0.0,0.0,0.0,0.0,0.0,46.90879431139048,2.0271314072276425,False,False,False,True,False,0.0,1,1.0051158591634064,0.970345213017497,False,False,False,False,0.12100965539769169,0.13860579061538097,False,False,False,False,-5848386,-5930695.671621473,False,False,False,False,48332.785925256365,False,False,False,False
2025-03-03 00:00:00+00:00,4.2,4.23,4.03,4.2,44653,,4.235022640358879,4.383504377565148,4.95863695664377,5.046415185485533,5.252316130945309,5.913349507743655,6.136466974830637,6.661413337571697,6.85275751677198,,,4.326695587730521,4.370008937798869,4.319481453790164,4.55753713304112,7.625383259801004,,4.410923118448715,4.004074692384528,4.361283872441223,4.8992703758115095,5.913349507743655,6.369863432488631,7.32251094499315,9.724932358651243,"rgba(239, 83, 80, 0.5)",0.0,0.0,0.34754836334638456,4.415782579712466,-0.6208706541869268,0.0,0.0,0.0,0.0,0.0,0.0,0.0,0.0,45.61511334866449,0.76102137691894,False,False,False,True,False,0.0,0,1.0174469753059536,0.9659858020121074,False,False,False,False,0.04756173708912222,0.0930837638522516,False,False,False,False,-5893039,-5929218.939401022,False,False,False,False,48188.480594854154,False,False,False,False
2025-03-04 00:00:00+00:00,4.075,4.1,4.0,4.07,38902,,4.231165661997301,4.382004051169395,4.955869936380634,5.0436262091878055,5.249359935155663,5.90985720623678,6.132985845030573,6.657706589471224,6.84920414222397,,,4.287035257372169,4.350723206345014,4.318233394312159,4.555511110029595,7.621664162344581,,4.398601989227898,4.004612330291905,4.359869481782934,4.896568697346569,5.90985720623678,6.366350082992423,7.318813928175364,9.720585568119615,"rgba(239, 83, 80, 1.0)",0.0,0.0,0.34719958172416515,4.4119501835675,-0.9704798084555064,0.0,0.0,0.0,0.0,0.0,0.0,0.0,0.0,43.03900935365755,-1.7242026939991462,False,True,False,True,False,0.0,0,1.0245909549502126,0.9457384743606614,False,False,False,False,0.005870815278629461,0.049477289565440535,False,False,False,False,-5931941,-5929325.686875492,False,False,False,False,47824.30488525203,False,False,False,False
2025-03-05 00:00:00+00:00,3.99,4.13,3.95,4.13,33793,,4.22729801590208,4.380572234389084,4.953386882664298,5.041130649160928,5.246728717462761,5.906777058850893,6.129920488498314,6.654451965592891,6.846086140701097,,,4.257033374968578,4.3340232519630595,4.317014183442978,4.553641506021657,7.618408111949874,,4.3875461718680295,4.004772095688022,4.358510146979425,4.894138475159916,5.906777058850893,6.363260648526882,7.315574829728394,9.716791743930894,"rgba(239, 83, 80, 1.0)",0.0,0.0,0.34783148037321804,4.408645129511224,-1.2035860844510786,0.0,0.0,0.0,0.0,0.0,0.0,0.0,0.0,40.285541143803215,-4.330570493313459,False,True,False,True,False,0.0,0,1.027439536631737,0.9345182827076975,False,False,False,False,0.0006638531475891272,0.02507057135651483,False,False,False,False,-5965734,-5930753.463860768,False,False,False,False,47274.05763484999,False,False,False,False
2025-03-06 00:00:00+00:00,3.9,3.9599,3.82,3.94,49529,,4.218430059314168,4.377737826266527,4.949265879724894,5.037030499774899,5.242484856408076,5.90197031846625,6.125167450596841,6.649461271679245,6.8413186806539406,,,4.205048973365306,4.303365777125482,4.314462151475331,4.55025880321789,7.6134742598912775,,4.367088062804063,4.003395031644539,4.355772274419003,4.890072697631426,5.90197031846625,6.358496470930181,7.310651851709421,9.711113626506734,"rgba(239, 83, 80, 1.0)",0.0,0.0,0.3487179608452966,4.402472809827648,-1.4409146251304288,0.0,0.0,0.0,0.0,0.0,0.0,0.0,0.0,37.43879365266324,-6.987488418507951,False,True,False,True,False,0.0,0,1.0189394963283327,0.9503987025273685,False,False,False,False,-0.07762111841460323,-0.0262752735290442,False,False,False,False,-6015263,-5934067.563317209,False,False,False,False,47362.486747208815,False,False,False,False
2025-03-07 00:00:00+00:00,3.83,3.9,3.75,3.9,27010,,4.2128385970381865,4.37599526541555,4.946891055273645,5.034677306236661,5.240067969766726,5.899272047089776,6.1225068134568,6.646681641205635,6.838666671240858,,,4.17769051949292,4.285943304308605,4.312865199789519,4.548243025834537,7.610741056621881,,4.35515847440866,4.00221241682436,4.354079575059431,4.887722076115497,5.899272047089776,6.355836108176642,7.307920901520168,9.707986390056757,"rgba(239, 83, 80, 1.0)",0.0,0.0,0.3507270184079449,4.3988964222325615,-1.6220490363558326,0.0,0.0,0.0,0.0,0.0,0.0,0.0,0.0,34.80618467384915,-9.423712726315088,False,True,False,True,False,0.0,0,1.0189394963283327,0.9287651484434833,False,False,False,False,-0.11174721862362057,-0.06901124607633238,False,False,False,False,-6042273,-5938310.913775357,False,False,False,False,46564.35001202416,False,False,False,False
2025-03-10 00:00:00+00:00,3.62,3.83,3.56,3.82,79161,,4.191043335725631,4.369512468487776,4.939023079994528,5.0269453258076675,5.232251933746729,5.890809483074627,6.114214665814007,6.638115695867557,6.830518074253235,,,4.088918355407122,4.226349657005456,4.306755590256946,4.541130584799444,7.602422546348514,,4.31352478570151,3.995822361298108,4.347725128355448,4.879883918724016,5.890809483074627,6.347590225479054,7.29958253763436,9.698596554741298,"rgba(239, 83, 80, 1.0)",0.0,0.0,0.3565262584619234,4.38623351838803,-2.1491643327860603,0.0,0.0,0.0,0.0,0.0,0.0,0.0,0.0,31.215370051267445,-12.739195181033367,False,True,False,True,False,0.0,0,1.0099471052299025,0.9394598595490403,False,False,False,False,-0.19481647748219244,-0.1319138617792624,False,False,False,False,-6121434,-5945492.211274363,False,False,False,False,47842.65001155262,False,False,False,False
2025-03-11 00:00:00+00:00,3.69,3.76,3.5847,3.64,34294,,4.182276041748197,4.366773438781087,4.935666469758578,5.023642982755386,5.228907708045982,5.887176776125554,6.110651779511639,6.6344303084415355,6.827010111053559,,,4.059999440403983,4.204299754129129,4.304178458209818,4.538113768204518,7.598837229866372,,4.2972299858966325,3.9931977971029724,4.3450417675371735,4.876542418272539,5.887176776125554,6.3440445913940255,7.295990227336595,9.694543309126484,"rgba(239, 83, 80, 1.0)",0.0,0.0,0.3596895558345577,4.38132593384007,-1.9220072493793814,0.0,0.0,0.0,0.0,0.0,0.0,0.0,0.0,30.44167234740518,-13.425143925438043,False,True,False,True,False,0.0,0,1.001788137192355,0.9415395951082315,False,False,False,False,-0.24246967994136476,-0.18719177086031358,False,False,False,False,-6087140,-5951047.026518506,False,False,False,False,47311.33040325644,False,False,False,False
2025-03-12 00:00:00+00:00,3.665,3.77,3.5832,3.68,47491,,4.170491289331301,4.362986009228304,4.931027371659817,5.019077861181923,5.224283914050956,5.882153308761373,6.105723882753572,6.62933237335189,6.822156624900266,,,4.025590937103025,4.176249271513563,4.300613242856223,4.533944186504869,7.593876068187864,,4.2758089267262,3.989571838542893,4.341330761271217,4.871924514077544,5.882153308761373,6.3391399549471315,7.291019733398993,9.688934176296591,"rgba(239, 83, 80, 1.0)",0.0,0.0,0.3624980646110145,4.374853962148796,-1.9582282816061884,0.0,0.0,0.0,0.0,0.0,0.0,0.0,0.0,29.68971344699988,-14.223869021385042,False,True,False,True,False,0.0,0,1.0057869419571546,0.9570451910877442,False,False,False,False,-0.2907897569623919,-0.23899076391135274,False,False,False,False,-6134631,-5958246.398027584,False,False,False,False,47318.37626979541,False,False,False,False
2025-03-13 00:00:00+00:00,3.44,3.7,3.36,3.7,64221,,4.150157233127331,4.356664272569284,4.923954187520815,5.012167643408989,5.217383530042821,5.874868062633214,6.09862073129143,6.622065268823774,6.8152584034812795,,,3.9692149820453304,4.131206993143827,4.294546782328903,4.5272510794516805,7.586892448984355,,4.241418316174804,3.982193977190375,4.335097347136319,4.864844465874129,5.874868062633214,6.332108293836919,7.284000053566313,9.681148369984468,"rgba(239, 83, 80, 1.0)",0.0,0.0,0.37099352851240164,4.291017600924361,-2.293887994048697,0.0,0.0,0.0,0.0,0.0,0.0,0.0,0.0,27.35322827996973,-16.567190769500385,False,True,False,True,False,0.0,0,0.9647102492372595,0.9745964492970114,False,False,False,False,-0.34282825441539394,-0.2909095091633733,False,False,False,False,-6198852,-5967681.911830424,False,False,False,False,47981.224259215196,False,False,False,False
2025-03-14 00:00:00+00:00,3.52,3.6646,3.41,3.41,7266,,4.148041853622587,4.355980968429207,4.923175948374153,5.011405995284583,5.216620564015175,5.874057518001455,6.097829237081282,6.621253472299748,6.814487144687366,,,3.9639671011029787,4.126721746419642,4.293893214043387,4.526522348373098,7.58610990330969,,4.237875743841678,3.981426894524599,4.334424317599483,4.8640664251471755,5.874057518001455,6.331323754031648,7.283214084481062,9.68027320046924,"rgba(239, 83, 80, 1.0)",0.0,0.0,0.37708624482460185,4.290107143997448,-2.0422573206181407,0.0,0.0,0.0,0.0,0.0,0.0,0.0,0.0,27.624794847017856,-16.567190769500385,False,True,False,True,False,0.0,0,0.9658259625507256,0.9758316312299233,False,False,False,False,-0.3381031693881354,-0.31450633927575433,False,False,False,False,-6191586,-5976462.464307663,False,False,False,False,46384.5487980695,False,False,False,False
2025-03-17 00:00:00+00:00,3.7,3.78,3.52,3.52,23401,,4.142798276790372,4.35414742689637,4.9209182483682605,5.009181841591234,5.214364707484552,5.8716012410371325,6.095417504924046,6.618756104626416,6.812107818811357,,,3.9529134617207693,4.115900364775309,4.292167670943963,4.524500385484476,7.583675604075846,,4.228840489554859,3.9797108160235273,4.332627923449235,4.861820301885759,5.8716012410371325,6.328921845386078,7.280776111220949,9.67751821522685,"rgba(239, 83, 80, 0.75)",0.0,0.0,0.3785379888583076,4.28943849629495,-1.5571448933638867,0.0,0.0,0.0,0.0,0.0,0.0,0.0,0.0,31.383409768158515,-16.567190769500385,False,True,False,True,True,0.0,0,0.9848036013137993,0.9578832436883038,False,False,False,False,-0.2668360682900308,-0.2906712037828926,False,False,False,False,-6168185,-5983980.995119127,False,False,False,False,45483.23315892952,False,False,False,False
2025-03-18 00:00:00+00:00,3.74,3.86,3.53,3.64,18219,,4.139158690949799,4.352816205165155,4.919226645702959,5.0075110285164,5.2126619840482,5.869730181040463,6.093576587520212,6.616843181779954,6.810283354051939,,,3.946079720183978,4.108600730644628,4.290923413123012,4.523011934098715,7.581803400805918,,4.222528684524648,3.978570812400391,4.331326577364682,4.8601405873978045,5.869730181040463,6.327085209187462,7.278903016931145,9.675390501157711,"rgba(239, 83, 80, 0.75)",0.0,0.0,0.37814194865581374,4.288908326117587,-1.4515933185112069,0.0,0.0,0.0,0.0,0.0,0.0,0.0,0.0,34.60679453197483,-21.49852082118465,False,True,False,True,True,0.0,0,0.9786725010450296,0.9634817720145503,False,False,False,False,-0.23913940990517019,-0.26490530684403135,False,False,False,False,-6149966,-5990490.210996809,False,False,False,False,44414.04754485386,False,False,False,False
2025-03-19 00:00:00+00:00,3.95,3.95,3.74,3.75,21808,,4.136575992133942,4.351649460652473,4.917491805353639,5.005778014844011,5.2108589069567275,5.867670747026108,6.091533651544228,6.614690451481992,6.808221898963044,,,3.94392702392903,4.1037834611735,4.28987482522302,4.5216084588943914,7.5796630585448,,4.2176124848271845,3.978074613523832,4.330200258757822,4.858432645956126,5.867670747026108,6.3250327402980435,7.276770195538832,9.672918161087491,"rgba(239, 83, 80, 0.75)",0.0,0.0,0.37626124238672926,4.290020631701103,-0.9036823180199426,0.0,0.0,0.0,0.0,0.0,0.0,0.0,0.0,40.07800931448951,-16.406045005900147,False,True,False,True,True,0.0,0,0.9744302390216787,0.9663746172917932,False,False,False,False,-0.1491263620745931,-0.2070158344593122,False,False,False,False,-6128158,-5995888.947820464,False,False,False,False,43527.535876428214,False,False,False,False
2025-03-20 00:00:00+00:00,3.85,3.94,3.8,3.86,8729,,4.135490376176851,4.351167618945343,4.916787900910523,5.00507559314114,5.2101295421117335,5.866840717968497,6.090710835621398,6.613824489914993,6.807392889465937,,,3.942889643979063,4.101772289270149,4.28943960352886,4.521033862948562,7.578803189580792,,4.215588818114239,3.97784388483292,4.329734373985175,4.857739065452227,5.866840717968497,6.324206577965019,7.275913064588694,9.671926313129129,"rgba(239, 83, 80, 0.75)",0.0,0.0,0.37437335028723334,4.290177461325248,-1.1757713549522884,0.0,0.0,0.0,0.0,0.0,0.0,0.0,0.0,42.341784447514,-14.413818352304503,False,True,False,True,True,0.0,0,0.9770267364346642,0.9855655508565693,False,False,False,False,-0.13439192852440626,-0.17070388149185922,False,False,False,False,-6136887,-6001418.2832000535,False,False,False,False,42162.88741068593,False,False,False,False
2025-03-21 00:00:00+00:00,3.7,3.9,3.7,3.85,17685,,4.13254524078826,4.350001449214376,4.915234066056099,5.00353486244741,5.208548374122521,5.865080144710702,6.08897340045479,6.6120101154724225,6.8056596406716725,,,3.9384108668013726,4.096188248060554,4.288361138524707,4.519702148464035,7.577017016602395,,4.210453020435967,3.976987036770642,4.328598292574467,4.8562005149786955,5.865080144710702,6.32246878447596,7.274128678413541,9.669884437048427,"rgba(239, 83, 80, 0.75)",0.0,0.0,0.36895213195692095,4.2893669150870135,-1.5974075334949633,0.0,0.0,0.0,0.0,0.0,0.0,0.0,0.0,42.001854992118076,-14.413818352304503,False,True,False,True,True,0.0,0,0.9553031116840333,0.9900544276148528,False,False,False,False,-0.17581570565926832,-0.17325979357556376,False,False,False,False,-6154572,-6007424.311309855,False,False,False,False,41202.9702573257,False,False,False,False
2025-03-24 00:00:00+00:00,3.89,3.99,3.71,3.71,24179,,4.129637884262705,4.348677535567753,4.913294664172698,5.0015987104086825,5.206536747137833,5.862788518619478,6.086700874969717,6.609617383218694,6.80336840706928,,,3.935889676771521,4.0910014144293285,4.287165718930869,4.518121764561394,7.57463954614418,,4.205107265117315,3.9763600316799574,4.3273183630047525,4.854290019026013,5.862788518619478,6.32018640316914,7.27175914899963,9.667140736897078,"rgba(239, 83, 80, 0.75)",0.0,0.0,0.3619947488542884,4.289196727704611,-1.102769388141862,0.0,0.0,0.0,0.0,0.0,0.0,0.0,0.0,44.544165911866756,-12.284385754977073,False,True,False,True,True,0.0,0,0.9749973144268986,0.9703602248719876,False,False,False,False,-0.1461745297140752,-0.15971716164481947,False,False,False,False,-6130393,-6012246.612827116,False,False,False,False,40535.36358056783,False,False,False,False
2025-03-25 00:00:00+00:00,4.12,4.12,3.95,3.99,25749,,4.128884002584067,4.347853280708425,4.91162909610823,4.999905071123181,5.2047190973012905,5.860597386662128,6.084503123083728,6.607259094925261,6.801098036820396,,,3.9402899131899285,4.090360298996545,4.286497299400945,4.516958619327631,7.572247304907168,,4.202819647349271,3.9768680173251565,4.326547252515547,4.85267253250968,5.860597386662128,6.317957957609135,7.269387233058519,9.664322320574689,#000000,0.0,0.0,0.3541150370421175,4.2909851269067385,-0.4828519238690276,0.0,0.0,0.0,0.0,0.0,0.0,0.0,0.0,48.90212296532249,-8.130258210230728,False,False,False,False,True,0.0,0,0.9924776722426992,0.936994967394386,False,False,False,False,-0.03829006208037591,-0.09900361186259769,False,False,False,False,-6104644,-6015870.039775072,False,False,False,False,39955.50618525144,False,False,False,False
2025-03-26 00:00:00+00:00,4.09,4.12,3.94,4.12,33954,,4.127718760150195,4.346723031276279,4.909408378288015,4.9976494118267984,5.202303168994249,5.857694813423056,6.081593268911015,6.604139736523021,6.798095399023357,,,3.945067392653774,4.089163638909215,4.28556966648349,4.51538908324072,7.5690857793447215,,4.199635793344726,3.9774269652451295,4.325486124895831,4.8505138568300445,5.857694813423056,6.315008791650173,7.266251869397733,9.660601301212749,"rgba(38, 166, 154, 0.5)",0.0,0.0,0.3488197603707475,4.29240345119034,-0.580252251120216,0.0,0.0,0.0,0.0,0.0,0.0,0.0,0.0,51.380086691702296,-5.80499580944317,False,False,True,False,True,0.0,0,1.0036293746927099,0.9391141107585035,False,False,False,False,-0.04118302962982761,-0.07009332074621265,False,False,False,False,-6138598,-6020682.9009603625,False,False,False,False,39720.15300151609,False,False,False,False
2025-03-27 00:00:00+00:00,4.24,4.25,3.9,3.9,18550,,4.1277370226627434,4.346274667485725,4.908312455464159,4.996525253477976,5.201078885141785,5.856182989894524,6.080069511166564,6.6024920354844,6.796505416612213,,,3.9493648106530377,4.0898145744323715,4.285237008309181,4.514682686771936,7.567400158417627,,4.198852103651169,3.9780613972660355,4.325077186655403,4.84945677970206,5.856182989894524,6.3134576125385395,7.26458405548313,9.658599445907582,"rgba(38, 166, 154, 1.0)",0.0,0.0,0.3478887416638501,4.254291025515353,-0.04107929864876557,0.0,0.0,0.0,0.0,0.0,0.0,0.0,0.0,54.61901294697462,-2.7424370376285623,True,False,True,False,True,0.2795308689549181,0,1.0018147547451015,0.9139876386270986,False,False,False,False,-0.015165303840113614,-0.04262931229316313,False,False,False,False,-6120048,-6024579.571510936,False,False,False,False,38889.95092302526,False,False,False,False
2025-03-28 00:00:00+00:00,3.86,4.16,3.8163,4.16,30245,,4.1253881326229855,4.344927116624422,4.906110026898231,4.994309522065737,5.198745784028238,5.8534607377197165,6.077355524938485,6.599610037326271,6.793737920176223,,,3.9492212917891254,4.086157208639698,4.28405641718325,4.512986532454936,7.564507986381686,,4.194285816061276,3.977841675138619,4.323786713189966,4.847299452174207,5.8534607377197165,6.310719809616506,7.261708664444632,9.655229750620734,"rgba(38, 166, 154, 0.5)",0.0,0.0,0.34721219204714937,4.248081104312643,-1.117705867482741,0.0,0.0,0.0,0.0,0.0,0.0,0.0,0.0,52.03238894367051,-2.7424370376285623,False,False,True,False,True,0.0,0,0.9802172630409887,0.9383004199493284,False,False,False,False,-0.06542889669913163,-0.05402910449614738,False,False,False,False,-6150293,-6029509.509883057,False,False,False,False,38550.933239769365,False,False,False,False
2025-03-31 00:00:00+00:00,3.71,3.94,3.38,3.84,74849,,4.111522337459671,4.3394132963185115,4.89918981225658,4.987471243634316,5.191778817992006,5.845812774639274,6.0698256504291805,6.591785094625752,6.786267999329324,,,3.9266385442634424,4.062001053598628,4.278878523148761,4.5068647631015,7.556840319612257,,4.172189466262951,3.9729047583673345,4.318388476537808,4.840426675475759,5.845812774639274,6.303204754875301,7.25403917384641,9.646515911115891,#000000,0.0,0.0,0.3472495792224235,4.229629697119114,-1.496415627868265,0.0,0.0,0.0,0.0,0.0,0.0,0.0,0.0,48.87270083282413,-2.7424370376285623,False,False,False,False,False,0.0,0,0.9464067188573919,0.9441436306640069,False,False,False,False,-0.260648009975853,-0.1573385572360002,False,False,False,False,-6225142,-6037181.372240585,False,False,False,False,39974.38683820978,False,False,False,False
2025-04-01 00:00:00+00:00,3.56,3.77,3.44,3.66,69523,,4.096971304832553,4.3337135562675115,4.892380684425343,4.980767059009895,5.184997579852301,5.838475090394909,6.062622008887751,6.584339415888553,6.779169127696409,,,3.9025821826173033,4.037482090869671,4.273466675710349,4.500673068248674,7.549586828686427,,4.149985552798048,3.9671621724074497,4.312788057338811,4.833644790692976,5.838475090394909,6.296033695514717,7.24677288326868,9.63832767130437,"rgba(239, 83, 80, 1.0)",0.0,0.0,0.3493993816935105,4.2170022527512865,-1.88037611734414,0.0,0.0,0.0,0.0,0.0,0.0,0.0,0.0,45.46413029389653,3.281398922802204,False,True,False,True,False,0.0,0,0.9447867943673127,0.965138053637571,False,False,False,False,-0.29493862838533774,-0.22613859281066898,False,False,False,False,-6294665,-6047278.769407622,False,False,False,False,41133.1559818094,False,False,False,False
2025-04-02 00:00:00+00:00,3.4,3.565,3.36,3.46,54081,,4.08305078946159,4.328466983462034,4.886535026999957,4.97504478622874,5.1792752273589375,5.832425750438492,6.056712838449225,6.578287360285954,6.773412949006013,,,3.878309983271144,4.014341039645321,4.268414341266234,4.495139011465584,7.54375206515378,,4.129576953636057,3.961102283316306,4.307608858565416,4.827796723318203,5.832425750438492,6.290177240748267,7.240911957833839,9.631817609083928,"rgba(239, 83, 80, 1.0)",0.0,0.0,0.3547894058767842,4.2053809920035805,-2.2700254817734993,0.0,0.0,0.0,0.0,0.0,0.0,0.0,0.0,41.939111772802015,-0.0458883448290095,False,True,False,True,False,0.0,0,0.9317455364296497,1.0188832007826534,False,False,False,False,-0.34282825441539394,-0.28448342361303147,False,False,False,False,-6348746,-6059101.013744578,False,False,False,False,41640.914570758054,False,False,False,False
2025-04-03 00:00:00+00:00,3.1,3.3933,3.068,3.24,78024,,4.056408621796863,4.318863534883065,4.876712523981526,4.9655054995981045,5.169885477940795,5.822828235522172,6.0474089746963635,6.568891553389469,6.764511410836135,,,3.8295033242774608,3.9704466676504904,4.259021014004888,4.485351162851513,7.534842662354761,,4.0919628572003415,3.9484358182492265,4.298079287325604,4.817911935839575,5.822828235522172,6.28101888733476,7.231923555763646,9.622064186680813,"rgba(239, 83, 80, 1.0)",0.0,0.0,0.3688156721180357,4.183218330128737,-2.9370181692877297,0.0,0.0,0.0,0.0,0.0,0.0,0.0,0.0,37.64636825236905,-4.066228753719955,False,True,False,True,False,0.0,0,0.8795181764726228,1.076000484244751,False,False,False,False,-0.34282825441539394,-0.3136558390142127,False,False,False,False,-6426770,-6073519.405362438,False,False,False,False,43067.70223464989,False,False,False,False
2025-04-04 00:00:00+00:00,2.94,3.1,2.75,3.06,98870,,4.015505745382506,4.304211704713868,4.862558284820607,4.9518362680290275,5.156586984111519,5.809589498956123,6.034653708563324,6.556160461907575,6.752488782637498,,,3.7556294968194024,3.904896811769484,4.244550594583443,4.470741751377354,7.522940582306589,,4.036028023862514,3.9277454011603212,4.2834928126098495,4.8036080481354695,5.809589498956123,6.268533074553238,7.219870438257444,9.60925511972937,"rgba(239, 83, 80, 1.0)",0.0,0.0,0.38806778222815846,4.151144232144892,-3.1209605321804803,0.0,0.0,0.0,0.0,0.0,0.0,0.0,0.0,33.91992928679486,-7.523167950089643,False,True,False,True,False,0.0,0,0.8379661963961446,1.1005901662243327,False,False,False,False,-0.34282825441539394,-0.3282420467148033,False,False,False,False,-6525640,-6091249.62475999,False,False,False,False,45256.02763721264,False,False,False,False
2025-04-07 00:00:00+00:00,2.82,2.94,2.75,2.91,73843,,3.984378859211434,4.2927391511559625,4.851616360350682,4.94128051930109,5.146345261956049,5.799462740501026,6.02491072208467,6.546466711658639,6.743340463005804,,,3.702519450081722,3.8568911503821584,4.233194119640944,4.459358011046406,7.513911513257214,,3.9944039188583713,3.9114375673078987,4.272062566660754,4.792540333385862,5.799462740501026,6.259009319192068,7.2107173991946585,9.59958712343119,"rgba(239, 83, 80, 1.0)",0.0,0.0,0.40990883407427264,4.128459828514204,-3.192075212209553,0.0,0.0,0.0,0.0,0.0,0.0,0.0,0.0,30.830554778455177,-10.40563370865111,False,True,False,True,False,0.0,0,0.8320098708852951,1.1057771118847222,False,False,False,False,-0.34282825441539394,-0.33553515056509864,False,False,False,False,-6599483,-6111180.345357637,False,False,False,False,46377.0853769298,False,False,False,False
2025-04-08 00:00:00+00:00,2.5861,2.9493,2.52,2.9,61678,,3.956342657676128,4.282310152675636,4.8418866718980915,4.931915133021174,5.137303118175135,5.790627092093846,6.016433567051955,6.538079417596392,6.735436827710014,,,3.655669265400561,3.814499215256128,4.222833889151954,4.4490938658570975,7.506153059726004,,3.957520176763963,3.896316894881501,4.261659500492031,4.782682089571183,5.790627092093846,6.250744510788807,7.202837649756137,9.591352512259894,"rgba(239, 83, 80, 1.0)",0.0,0.0,0.43826483859171583,4.108426944753666,-3.473532007827473,0.0,0.0,0.0,0.0,0.0,0.0,0.0,0.0,27.71751723872418,-13.359004030305584,False,True,False,True,False,0.0,0,0.8185847549348039,1.0861464721950214,False,False,False,False,-0.34282825441539394,-0.33918170249024626,False,False,False,False,-6661161,-6132748.214167141,False,False,False,False,46977.12124450118,False,False,False,False
2025-04-09 00:00:00+00:00,2.91,2.9892,2.5,2.61,34253,,3.9426461645572584,4.276988007221859,4.836806030960078,4.927011129141629,5.132543521718024,5.785922093828071,6.011905636359353,6.533575309173527,6.731184625451118,,,3.6343256390824545,3.7945125464464917,4.217564330937867,4.443811785058027,7.50195731022846,,3.9396856907101587,3.8888589497825587,4.2563565282538125,4.777543970352873,5.785922093828071,6.2463181112772,7.198584160523363,9.586863614270095,"rgba(239, 83, 80, 1.0)",0.0,0.0,0.4519941292649347,4.000302308285129,-2.4122045789803868,0.0,0.0,0.0,0.0,0.0,0.0,0.0,0.0,29.9176614410314,-13.359004030305584,False,True,False,True,False,0.0,0,0.8288637641746197,1.0799905992160417,True,False,False,False,-0.3390300547143151,-0.3391058786022807,False,False,False,False,-6626908,-6152127.029297842,False,False,False,False,46478.136097657996,False,False,False,False
2025-04-10 00:00:00+00:00,2.78,3.05,2.75,2.93,22443,,3.934310603221543,4.273662960835821,4.833588897017751,4.923900861941097,5.129515764512927,5.782909392153195,6.009001317350968,6.530677579515033,6.728446140296119,,,3.621877783110173,3.7826063432528683,4.214278623154177,4.440495399821476,7.4992474385434775,,3.928897457467646,3.884294540252264,4.253045662580314,4.774293968477986,5.782909392153195,6.243474635955258,7.195839795440272,9.583951735484323,"rgba(239, 83, 80, 1.0)",0.0,0.0,0.4682442035425825,3.9962066023490004,-2.597376738777713,0.0,0.0,0.0,0.0,0.0,0.0,0.0,0.0,30.614817066981892,-13.359004030305584,False,True,False,True,False,0.0,0,0.8403865378207264,1.0843135621459512,False,False,False,False,-0.28084233190903835,-0.3099741052556595,False,False,False,False,-6649351,-6171626.008541063,False,False,False,False,45535.5817408871,False,False,False,False
2025-04-11 00:00:00+00:00,2.87,3.04,2.79,2.79,29320,,3.9240106362053435,4.2694647384065,4.829486573538171,4.919930096054837,5.125641875468149,5.779036605135835,6.005263202988305,6.52693998361976,6.724911290775837,,,3.6070289887720333,3.7681563005169028,4.210136071061836,4.436292795976701,7.495742452249108,,3.9156395301397176,3.8786226595500324,4.2488673824769485,4.770153032819115,5.779036605135835,6.239810879120661,7.1922927540977835,9.580174000385398,"rgba(239, 83, 80, 0.75)",0.0,0.0,0.47998876517244415,3.991127220151836,-2.3357363786401373,0.0,0.0,0.0,0.0,0.0,0.0,0.0,0.0,32.18415101144273,-13.359004030305584,False,True,False,True,True,0.0,0,0.8450739119663061,1.0782228094805515,False,False,False,False,-0.27532821023454424,-0.29265115774510186,False,False,False,False,-6620031,-6189210.518010042,False,False,False,False,44899.6765745778,False,False,False,False
2025-04-14 00:00:00+00:00,2.95,2.985,2.8,2.93,19307,,3.9174154780338832,4.266737656795879,4.826810992571666,4.917338926422629,5.1231116245270085,5.776502391781631,6.002815817001264,6.524490907263249,6.722594270053673,,,3.5977361912389094,3.759021101264266,4.2074466263310635,4.433558832177664,7.493443212365786,,3.9071924448186377,3.874967429240884,4.24615375452515,4.767453182915783,5.776502391781631,6.2374111163348624,7.18996659062915,9.577693061560392,"rgba(239, 83, 80, 0.75)",0.0,0.0,0.49060395387382716,3.987658931447565,-2.115064347227883,0.0,0.0,0.0,0.0,0.0,0.0,0.0,0.0,34.21102212765176,-13.359004030305584,False,True,False,True,True,0.0,0,0.8479377174093091,1.0859035945005797,False,False,False,False,-0.2836056270130615,-0.2881283923790817,False,False,False,False,-6600724,-6205348.301617491,False,False,False,False,43896.04219910416,False,False,False,False
2025-04-15 00:00:00+00:00,2.84,2.93,2.75,2.89,12277,,3.912970574024889,4.264917829280743,4.825049993270173,4.915635968910434,5.121453641999897,5.7748530021497375,6.001225543808701,6.52290444735896,6.72109469933975,,,3.59135126621244,3.7528300655621067,4.205647974405246,4.431743817956309,7.491959513102939,,3.901513236754721,3.872485613668978,4.244341563761341,4.76567432794816,5.7748530021497375,6.235854101823902,7.188463980633643,9.576099483381702,"rgba(239, 83, 80, 0.75)",0.0,0.0,0.5031744503495382,3.9847757097314584,-2.2751069910966697,0.0,0.0,0.0,0.0,0.0,0.0,0.0,0.0,34.74123604646246,-13.359004030305584,False,True,False,True,True,0.0,0,0.8629126864420981,1.0755991285403048,False,False,False,False,-0.30306994743238724,-0.2955991699057345,False,False,False,False,-6613001,-6221334.681946217,False,False,False,False,42656.0797599236,False,False,False,False
2025-04-16 00:00:00+00:00,2.757,2.88,2.75,2.75,14236,,3.907651040087846,4.262747947853916,4.8229663838473416,4.913622666051156,5.11949681285127,5.772913887339579,5.9993576844052825,6.521044427194758,6.719337450662224,,,3.583651959746759,3.745411151691557,4.203500717877631,4.429585883574,7.490223864429221,,3.894731140778282,3.869499713309623,4.242179894560728,4.76356834029121,5.772913887339579,6.23402687840546,7.186705152843033,9.574240411423133,"rgba(239, 83, 80, 0.75)",0.0,0.0,0.5200496296723971,3.9810863013177076,-2.353787468493757,0.0,0.0,0.0,0.0,0.0,0.0,0.0,0.0,34.489456598481475,-13.359004030305584,False,True,False,True,True,0.0,0,0.8508949679162444,1.0913711583924346,False,False,False,False,-0.3124167503635675,-0.304007960134651,False,False,False,False,-6627237,-6237252.41990911,False,False,False,False,41541.56682816189,False,False,False,False
2025-04-17 00:00:00+00:00,2.85,2.86,2.74,2.77,10404,,3.9038681418077323,4.261188838648146,4.821462083174215,4.912168279326856,5.118081702573573,5.771508317491229,5.998002924408322,6.519693910913542,6.718061075257313,,,3.5782661666069346,3.7401798506836452,4.2019589309833245,4.428032634846417,7.488961893672552,,3.889920710175994,3.867370470001218,4.240627047907249,4.7620484749171075,5.771508317491229,6.232700876577215,7.185426794182432,9.572886610124087,"rgba(239, 83, 80, 0.75)",0.0,0.0,0.5337889594008597,3.9785994860701117,-2.1143177770796995,0.0,0.0,0.0,0.0,0.0,0.0,0.0,0.0,35.61620605382749,-13.359004030305584,False,True,False,True,True,0.0,0,0.839311455948444,1.0993979479352158,False,False,False,False,-0.31805022369858554,-0.31102909191661826,False,False,False,False,-6616833,-6252137.932853851,False,False,False,False,40320.48577607711,False,False,False,False
2025-04-21 00:00:00+00:00,2.79,2.9899,2.69,2.88,31314,,3.892707540877014,4.256537903112128,4.816962950710872,4.907816827369893,5.113845219722545,5.767295360675181,5.993940800809257,6.515642328114529,6.714230991760216,,,3.5626402611388754,3.7248949321736227,4.197361193915881,4.423394831641288,7.485173105013897,,3.875785780258479,3.8610536535520765,4.235995309473225,4.757503813415316,5.767295360675181,6.22872381114452,7.1815895296642625,9.568819202303645,"rgba(239, 83, 80, 0.75)",0.0,0.0,0.548268314851537,3.97146207152653,-2.1548975921514857,0.0,0.0,0.0,0.0,0.0,0.0,0.0,0.0,35.86144510690702,-13.359004030305584,False,True,False,True,True,0.0,0,0.8373966024421515,1.086095490316038,False,False,False,False,-0.3030885893498123,-0.3070588406332153,False,False,False,False,-6648147,-6267667.700192915,False,False,False,False,39967.290255446635,False,False,False,False
2025-04-22 00:00:00+00:00,2.85,2.95,2.75944,2.87,16646,,3.887031065671105,4.254129001790799,4.814615206619864,4.905544055034404,5.111628799639777,5.7650833759946005,5.991805959688501,6.513509568243767,6.712213642562378,,,3.554919051911534,3.717237530039305,4.194982393602922,4.420986132449094,7.483174430588232,,3.868632113679145,3.857822439582683,4.233597215777225,4.755133755385042,5.7650833759946005,6.226631940480346,7.179566401263351,9.566668589142477,"rgba(239, 83, 80, 0.75)",0.0,0.0,0.5599866683000118,3.9680409667605026,-1.9965492574218109,0.0,0.0,0.0,0.0,0.0,0.0,0.0,0.0,36.92079225222611,-19.335261158532163,False,True,False,True,True,0.0,0,0.8486037480327101,1.0865020875479565,False,False,False,False,-0.2975905867415356,-0.30232471368737546,False,False,False,False,-6631501,-6281935.6727343695,False,False,False,False,39052.729853272256,False,False,False,False
2025-04-23 00:00:00+00:00,2.787,2.8903,2.787,2.88,12465,,3.8826916393944453,4.252289845121043,4.8128324559707325,4.903819180872392,5.109948658995547,5.763411160686224,5.990193095513312,6.511900299572995,6.710691970697469,,,3.548989989079458,3.7113837209835516,4.193164615624997,4.419150876380653,7.48166865148682,,3.863175178474257,3.8553403974057634,4.231765764434638,4.753333319702349,5.763411160686224,6.225052474988697,7.178041566943383,9.565051447170719,"rgba(239, 83, 80, 0.75)",0.0,0.0,0.5737392407265015,3.9653062504068957,-2.053731323858652,0.0,0.0,0.0,0.0,0.0,0.0,0.0,0.0,37.02188088462319,-18.773688647642512,False,True,False,True,True,0.0,0,0.8491054288307314,1.09209713932908,False,False,False,False,-0.3035733510088965,-0.30294903234813597,False,False,False,False,-6643966,-6296132.940470276,False,False,False,False,38010.07378059491,False,False,False,False
2025-04-24 00:00:00+00:00,2.915,2.96,2.86,2.86,17509,,3.877168813777203,4.249876840432413,4.810446911928576,4.901505924944844,5.107685691866917,5.761137428641947,5.987994784170561,6.509697414566794,6.708606101690723,,,3.541834819982,3.7041098988009997,4.1907868061223095,4.416725268702027,7.479596117968428,,3.8562611030561995,3.8521765266768417,4.229365299091082,4.7509278445035745,5.761137428641947,6.222895098720085,7.175945829562572,9.562811609627676,"rgba(239, 83, 80, 0.75)",0.0,0.0,0.5838493843078274,3.9622953830265586,-1.7937766334517276,0.0,0.0,0.0,0.0,0.0,0.0,0.0,0.0,39.059281062307775,-16.42530330435997,False,True,False,True,True,0.0,0,0.8462890874496594,1.0789312679427445,False,False,False,False,-0.2771644213455189,-0.29005672684682743,False,False,False,False,-6626457,-6309086.825157717,False,False,False,False,37206.110102924526,False,False,False,False
2025-04-25 00:00:00+00:00,2.905,2.97,2.85,2.85,11181,,3.873662702018166,4.248336642211071,4.808923998049127,4.900029051117291,5.106240839212595,5.759685655161518,5.986591096120888,6.5082907912391015,6.707274124847691,,,3.537325360019728,3.6995145172399555,4.189269036771774,4.415176968110715,7.478272645498472,,3.8518828040751503,3.850160077927259,4.227833091795664,4.749392248934043,5.759685655161518,6.22151751255361,7.174607552865981,9.561381353417257,"rgba(239, 83, 80, 0.5)",0.0,0.0,0.5933500626864059,3.9603571380106333,-1.778641655875926,0.0,0.0,0.0,0.0,0.0,0.0,0.0,0.0,40.302155125085534,-14.917690593852129,False,False,False,True,True,0.0,0,0.847607895055174,1.0755366191314633,False,False,False,False,-0.2771644213455189,-0.2836105740961732,False,False,False,False,-6637638,-6321971.1849554535,False,False,False,False,36185.517549868666,False,False,False,False
2025-04-28 00:00:00+00:00,2.85,2.9868,2.85,2.98,9562,,3.870645054595606,4.24700977639937,4.807614821415845,4.89875969887731,5.104999555373956,5.758439729768827,5.985386714223961,6.507084465401586,6.706131942080984,,,3.533442440388956,3.6955638641724944,4.187961011604779,4.413844211627641,7.477138266613594,,3.8481203386447156,3.8484192095503738,4.226512945867212,4.74807196659558,5.758439729768827,6.220335783573014,7.173460309306531,9.560156344735836,"rgba(239, 83, 80, 0.5)",0.0,0.0,0.6032170947316129,3.9586468137204776,-1.837890244496044,0.0,0.0,0.0,0.0,0.0,0.0,0.0,0.0,40.470283179325016,-14.434731213238436,False,False,False,True,True,0.0,0,0.8435913834409388,1.0881908068380233,False,False,False,False,-0.27408062107571424,-0.27884559758594374,False,False,False,False,-6647200,-6334725.256133672,False,False,False,False,35141.45803810911,False,False,False,False
2025-04-29 00:00:00+00:00,2.92,2.9999,2.85,2.96,7364,,3.8683993929418903,4.246010596650479,4.806622392437051,4.897796728507743,5.104056526189318,5.757490218615896,5.984468130621212,6.506163105954601,6.705259168251217,,,3.530612440507984,3.6926521467022617,4.186977013996742,4.4128381032644866,7.4762703077206565,,3.84532654299985,3.8471216841702813,4.225519164507333,4.747071641301129,5.757490218615896,6.219433846389504,7.172582918128908,9.55921715335515,"rgba(239, 83, 80, 0.5)",0.0,0.0,0.6118340886425795,3.8783313736036304,-1.5663255634052573,0.0,0.0,0.0,0.0,0.0,0.0,0.0,0.0,41.783647249564076,-12.875930883521562,False,False,False,True,True,0.0,1,0.8342942313641902,1.1007960098659415,False,False,False,False,-0.27167951820126907,-0.27526255789360643,False,False,False,False,-6639836,-6346690.383344116,False,False,False,False,34052.14595818326,False,False,False,False
2025-04-30 00:00:00+00:00,2.92,2.92,2.8707,2.8707,5561,,3.866675340229413,4.245245812935396,4.805865796686898,4.897062892051991,5.1033384889967435,5.756768617443906,5.983770348633604,6.50546381544656,6.704596913460527,,,3.5284237970029353,3.6904118171577873,4.186223364416828,4.412069176374155,7.475612239041715,,3.8431830259191337,3.8461233756747832,4.224758347159676,4.746308796254711,5.756768617443906,6.218748990548165,7.171917511417421,9.558505980951988,"rgba(239, 83, 80, 0.5)",0.0,0.0,0.6200636520274639,3.876975213634401,-1.5433499617423385,0.0,0.0,0.0,0.0,0.0,0.0,0.0,0.0,42.65922329639012,-11.773444934485717,False,False,False,True,True,0.0,1,0.8168464595388217,1.1188310408156912,False,False,False,False,-0.2817028069904158,-0.27848268244201113,False,False,False,False,-6639836,-6358186.289879641,False,False,False,False,32934.84611668588,False,False,False,False
2025-05-01 00:00:00+00:00,2.89,2.9136,2.85,2.9136,32110,,3.8566453105363405,4.240784425010866,4.80146525143698,4.8927958010336665,5.0991657940068205,5.752581369039351,5.979722571775421,6.501410007878562,6.700758343093821,,,3.5157031438523965,3.677413626927642,4.181824618909726,4.407588734910344,7.47180035573767,,3.8307475151311925,3.8402844925464854,4.220319309322265,4.741870970089998,5.752581369039351,6.2147773904691945,7.1680622974459185,9.554390805537667,"rgba(239, 83, 80, 0.5)",0.0,0.0,0.6284912337845404,3.8703013384506155,-1.559769310619665,0.0,0.0,0.0,0.0,0.0,0.0,0.0,0.0,42.78987244455712,-11.372977221273715,False,False,False,True,True,0.0,1,0.8140818238492106,1.1157406601214088,False,False,False,False,-0.2819141331107147,-0.28019840777636296,False,False,False,False,-6671946,-6370490.592237302,False,False,False,False,32902.49921014918,False,False,False,False
2025-05-02 00:00:00+00:00,2.96,2.96,2.86,2.92,17138,,3.851603808066627,4.238488813408478,4.799176240592827,4.890573359616154,5.096987375983738,5.750384269126682,5.977595835049989,6.499275252026937,6.698735331658007,,,3.5095569806302254,3.67100589888617,4.1795648871851565,4.4052739956085105,7.469787100106759,,3.8245311812587786,3.83733315411708,4.218036437243571,4.739564561951832,5.750384269126682,6.2126882767927825,7.166027710171275,9.552210359791081,"rgba(239, 83, 80, 0.5)",0.0,0.0,0.6354378471657791,3.868113434741395,-1.4291144897834165,0.0,0.0,0.0,0.0,0.0,0.0,0.0,0.0,44.25955552079118,-9.72275901828261,True,False,False,True,True,0.0,1,0.8318329869185791,1.099945655817827,False,False,False,False,-0.27048204073827053,-0.27534022425731675,False,False,False,False,-6654808,-6381640.294502506,False,False,False,False,32284.283554849215,False,False,False,False
2025-05-05 00:00:00+00:00,2.85,2.96,2.85,2.91,8509,,3.8490135856702103,4.237317358551212,4.798017591171026,4.889449348785677,5.095887511626545,5.749279245106968,5.9765271832197975,6.498204438390024,6.69772107135942,,,3.506346664780921,3.667696140456501,4.178410229655492,4.404096398162955,7.468779388143414,,3.8213403381051623,3.835810837394333,4.2168709685033905,4.738396390382378,5.749279245106968,6.211639405708528,7.165008740096316,9.551121770912411,"rgba(239, 83, 80, 0.5)",0.0,0.0,0.6441421369275842,3.8665718389794916,-1.5781793810731197,0.0,0.0,0.0,0.0,0.0,0.0,0.0,0.0,43.480094966650334,-9.72275901828261,True,False,False,True,True,0.0,1,0.8266142610505235,1.1036768858805943,False,False,False,False,-0.2725039005754669,-0.27392206241639183,False,False,False,False,-6663317,-6392686.439816133,False,False,False,False,31351.91949387474,False,False,False,False
2025-05-06 00:00:00+00:00,2.74,2.84,2.6901,2.78,23237,,3.8410645421732266,4.233821741692743,4.794645940087792,4.8861874564620384,5.092713118959222,5.746129094478796,5.973489996970899,6.495178295843541,6.694859638483824,,2.7567,3.495942088348857,3.657317646311687,4.174951285308624,4.400615171498878,7.465951719055559,,3.811539722339528,3.83111244378015,4.21338863625833,4.734990374125686,5.746129094478796,6.208666609307027,7.162144075848596,9.548092844651382,"rgba(239, 83, 80, 0.5)",0.0,0.0,0.6546001706205435,3.8597115364803827,-1.7105274131213954,0.0,0.0,0.0,0.0,0.0,0.0,0.0,0.0,41.429926824473505,-9.72275901828261,False,False,False,True,False,0.0,1,0.8084577380824891,1.114570169990076,False,False,False,False,-0.3291138551177369,-0.30151795876706433,False,False,False,False,-6686554,-6404210.657862559,False,False,False,False,31033.687356860042,False,False,False,False
2025-05-07 00:00:00+00:00,2.69,2.7867,2.69,2.75,8445,,3.8381133015819957,4.232525871021048,4.793402664948114,4.884985313503509,5.0915445957968775,5.744972700134279,5.972375802864531,6.494069592023583,6.69381164753394,,2.7475127327820212,3.4920589777360984,3.6534620304838024,4.173667922201393,4.3993271854703915,7.464917387497855,,3.807907524001264,3.8293605794173304,4.2120973197204155,4.733733912132965,5.744972700134279,6.207576701162796,7.1610957579383685,9.546987130716936,"rgba(239, 83, 80, 0.5)",0.0,0.0,0.6655885972986028,3.8571986234937343,-1.753633743473064,0.0,0.0,0.0,0.0,0.0,0.0,0.0,0.0,39.41708410998574,-6.799431015610907,False,False,False,True,False,0.0,1,0.820744950886429,1.113556501834645,False,False,False,False,-0.34110064009028984,-0.3213092994286771,False,False,False,False,-6694999,-6415614.122260106,False,False,False,False,30147.856480120434,False,False,False,False
2025-05-08 00:00:00+00:00,2.81,2.8597,2.65,2.7492,17974,,3.8321682667648997,4.22986806150848,4.790826523465253,4.882491391493746,5.089114840780345,5.7425558951692555,5.970044108541095,6.491743916195174,6.691611604068501,,2.7568228277213898,3.484461727684944,3.6458044966748955,4.171039710478564,4.396675620223515,7.462741115265926,,3.8006163582084,3.8258212601217414,4.209450191735074,4.7311325942452624,5.7425558951692555,6.205293161952343,7.1588918235566625,9.544652542861906,"rgba(239, 83, 80, 0.5)",0.0,0.0,0.6706893449507733,3.771480591837901,-1.4335706971883844,0.0,0.0,0.0,0.0,0.0,0.0,0.0,0.0,40.67133273967747,-6.799431015610907,False,False,False,True,False,0.0,1,0.822501599648256,1.0924131989747952,False,False,False,False,-0.33342006445547434,-0.3273646819420757,False,False,False,False,-6677025,-6425865.5292302985,False,False,False,False,29670.450343645123,False,False,False,False
2025-05-09 00:00:00+00:00,2.76,2.8799,2.71,2.72,10548,,3.82874311723152,4.2283235832165165,4.78932530558562,4.881037551892835,5.087697502483464,5.741144230421084,5.968681644995085,6.490384143087089,6.690324976955282,,2.761461742298408,3.480139664564032,3.641423543604887,4.16951301339944,4.395133201844113,7.461467654327912,,3.7964266624577028,3.8237750014585754,4.207912117792308,4.729617061145748,5.741144230421084,6.203958412195024,7.157602446764466,9.54328528021733,"rgba(239, 83, 80, 0.5)",0.0,0.0,0.671271720569176,3.769414395949086,-1.5037344267880026,0.0,0.0,0.0,0.0,0.0,0.0,0.0,0.0,40.75389144805165,-6.799431015610907,False,False,False,True,False,0.0,1,0.829476270384699,1.1019707082643126,False,False,False,False,-0.31400795126420966,-0.3206863166031427,False,False,False,False,-6687573,-6436128.5672996985,False,False,False,False,28920.550330168844,False,False,False,False
2025-05-12 00:00:00+00:00,2.8973,2.8973,2.79,2.8,33146,,3.8189187093558803,4.223753215367434,4.78480586926777,4.87665198151677,5.083405803781014,5.736834071048403,5.964512782182967,6.486207717612957,6.686368239664444,,2.7969943931440815,3.468384834947323,3.6291710483803956,4.165006838214887,4.390539772706471,7.457537287913787,,3.784482240879881,3.817876382782881,4.20336463699099,4.725060779151568,5.736834071048403,6.199866640313369,7.15362803053985,9.539042076941184,"rgba(239, 83, 80, 0.5)",0.0,0.0,0.6719487607475255,3.76662481081501,-1.293736757320467,0.0,0.0,0.0,0.0,0.0,0.0,0.0,0.0,43.498228598079635,-10.281580069543104,True,False,False,True,True,0.0,1,0.8339324071975217,1.0887366917450139,False,False,False,False,-0.28599346711490914,-0.3033398918590259,False,False,False,False,-6654427,-6444689.290150691,False,False,False,False,29086.254238789676,False,False,False,False
2025-05-13 00:00:00+00:00,3.03,3.0496,2.81,2.81,17466,,3.8143629503262373,4.221535998189315,4.7825583434959835,4.874464902195657,5.0812541547795265,5.734648179489658,5.9623923603319255,6.484072469991036,6.684341891613743,,2.823190494152469,3.463376565936239,3.6237030518350686,4.162829046321037,4.38829056401736,7.45551466972507,,3.778990072941668,3.815124502090763,4.201161340073614,4.7227993115463915,5.734648179489658,6.197780084671816,7.151586240215089,9.536842334219271,#000000,0.0,0.0,0.6698311179839916,3.766611710201076,-1.0996976557584779,0.0,0.0,0.0,0.0,0.0,0.0,0.0,0.0,47.48350660115415,-6.56883343504888,True,False,False,False,True,0.0,1,0.8523158298913764,1.0658666733651752,False,False,False,False,-0.23831804998739362,-0.27082897092320973,False,False,False,False,-6636961,-6452229.357203606,False,False,False,False,28630.557994131257,False,False,False,False
2025-05-14 00:00:00+00:00,2.82,3.09,2.82,3.09,18600,,3.8092645179487183,4.219083921620622,4.780101175472013,4.87207663770521,5.078910171759908,5.732279540001568,5.9600975635461255,6.4817671178368474,6.682155588024969,,2.835666979353403,3.4575953843541356,3.617516778376347,4.160416055133307,4.385813977565877,7.45333724720616,,3.7728453286156953,3.8120315789485284,4.198723120620127,4.720324769911804,5.732279540001568,6.195524515245444,7.149386480450083,9.534482443151377,#000000,0.0,0.0,0.6699728931909665,3.6920739984534285,-1.3016556450513828,0.0,0.0,0.0,0.0,0.0,0.0,0.0,0.0,46.79855107509749,-6.56883343504888,True,False,False,False,True,0.0,1,0.8657187993680885,1.059179299548176,False,False,False,False,-0.2252305849125365,-0.24802977791787312,False,False,False,False,-6655561,-6460203.14711719,False,False,False,False,28237.202778675128,False,False,False,False
2025-05-15 00:00:00+00:00,2.85,2.9554,2.81,2.9,13280,,3.805506236572188,4.217287870350936,4.778314996987354,4.870341889152884,5.0772102915164545,5.730567954343624,5.9584407444537675,6.480105380653016,6.6805803713828835,,2.8390296980994565,3.453258283322499,3.6129301749986884,4.158646452391489,4.384005181767012,7.451770829840562,,3.7683191291046265,3.809743228738523,4.196936476651067,4.718524936200499,5.730567954343624,6.1938972778547585,7.147803155335546,9.532788849738012,#000000,0.0,0.0,0.6700814739677688,3.689435851807177,-1.2527369945577005,0.0,0.0,0.0,0.0,0.0,0.0,0.0,0.0,46.84442022544946,-6.56883343504888,True,False,False,False,True,0.0,1,0.8688804309721914,1.0740822882162302,False,False,False,False,-0.26299947636886406,-0.2555146271433686,False,False,False,False,-6642281,-6467343.455073379,False,False,False,False,27650.645806962377,False,False,False,False
2025-05-16 00:00:00+00:00,2.95,2.96,2.8301,2.8684,6036,,3.8038835756437077,4.216498285074688,4.777521927624548,4.869570787211474,5.07645307628906,5.729801986159212,5.957698410912428,6.479359291564339,6.679872646276786,,2.8420465199150153,3.4514475590640146,3.6109799569396057,4.157869670040386,4.383207038261964,7.451065677244795,,3.7663715740666297,3.808752740898883,4.196151426856771,4.717726424294099,5.729801986159212,6.1931674431431665,7.147090884728135,9.532024167318488,#000000,0.0,0.0,0.6670490699752282,3.6889970066455127,-1.1078600359535111,0.0,0.0,0.0,0.0,0.0,0.0,0.0,0.0,48.5018394629345,-5.673508974481351,True,False,False,False,True,0.0,1,0.8845814867268709,1.0613710570576715,False,False,False,False,-0.2564986008708075,-0.256006614007088,False,False,False,False,-6636245,-6473967.045070502,False,False,False,False,26803.012638061893,False,False,False,False
2025-05-19 00:00:00+00:00,2.8846,2.9435,2.87,2.87,4267,,3.8027220547467806,4.215934693607384,4.776957486388893,4.869022143823868,5.075914639008542,5.729258064900025,5.957171442736955,6.478829980807015,6.679370638999566,,2.84364512556727,3.4501417087430526,3.6095803101594903,4.157314956697844,4.382637963857297,7.450565781789943,,3.764977634535494,3.80804293230696,4.195590984066343,4.717157985711589,5.729258064900025,6.192649499076511,7.146585842741516,9.531482557482395,#000000,0.0,0.0,0.6643503716459918,3.6885238211236087,-1.210090120265622,0.0,0.0,0.0,0.0,0.0,0.0,0.0,0.0,48.53486878300277,-5.533359065694597,True,False,False,False,True,0.0,1,0.893190607709857,1.0572522186476592,False,False,False,False,-0.2503593948888543,-0.25318300444797115,False,False,False,False,-6640512,-6480498.219773619,False,False,False,False,25919.24743656927,False,False,False,False
2025-05-20 00:00:00+00:00,2.89,2.95,2.88,2.88,10376,,3.7999327337601847,4.214573814748099,4.775591688485896,4.867694229839712,5.074610827327774,5.727939701199434,5.955893836872064,6.477546140222207,6.678152827916353,,2.847647644376435,3.4470336671412154,3.6062344213655666,4.15597592260811,4.381262775225793,7.44935260055365,,3.7616350702829777,3.80633534517335,4.194237846485046,4.715782748893165,5.727939701199434,6.191393491925023,7.145360350616025,9.530167351193018,#000000,0.0,0.0,0.6618880693184963,3.687491171380148,-1.2048731626198872,0.0,0.0,0.0,0.0,0.0,0.0,0.0,0.0,48.65291998427787,-5.237749837674116,True,False,False,False,True,0.0,1,0.9096215436632983,1.0512690327316074,False,False,False,False,-0.2460415803969325,-0.2496122924224518,False,False,False,False,-6630136,-6486366.368017791,False,False,False,False,25309.708321409693,False,False,False,False
2025-05-21 00:00:00+00:00,2.92,3.0,2.89,2.89,2410,,3.7993090254966946,4.214265373502507,4.775279832026078,4.867390771162235,5.07431240694673,5.727636919578072,5.955600162659423,6.477250582870713,6.677872332443793,,2.848941705019554,3.446356648860311,3.605494967216243,4.15567277831101,4.380950222056239,7.449072771849177,,3.7608895373325097,3.8059528494254935,4.1939312774340385,4.7154689179268345,5.727636919578072,6.191104563752886,7.145077824766143,9.529863330479913,#000000,0.0,0.0,0.6615092327056475,3.6873736259372962,-1.1600346419938108,0.0,0.0,0.0,0.0,0.0,0.0,0.0,0.0,49.2958643865113,-4.417005788666067,True,False,False,False,True,0.0,1,0.9077151708745268,1.0404746658572968,False,False,False,False,-0.23041470949129259,-0.24001350095687218,False,False,False,False,-6627726,-6491909.882997486,False,False,False,False,24411.680544099512,False,False,False,False
2025-05-22 00:00:00+00:00,2.9436,2.97,2.89,2.92,12521,,3.7960750619657087,4.212662608302972,4.773659424688981,4.865813964501442,5.072761776889824,5.7260636921171315,5.954074238629482,6.475714902652076,6.676414882254113,,2.8549521184555395,3.4428533515480706,3.6016671459984058,4.154097482370001,4.379326151047829,7.44761881109309,,3.757027784469816,3.8039661563083556,4.192338221646291,4.7138382562604795,5.7260636921171315,6.1896032977583575,7.14360984636646,9.528283750592921,#000000,0.0,0.0,0.6576379991020302,3.6865877234411557,-1.1297822273890286,0.0,0.0,0.0,0.0,0.0,0.0,0.0,0.0,50.18342974964318,-3.3767969462245375,True,False,False,False,True,0.0,1,0.9069342315298375,1.0446169892223895,False,False,False,False,-0.23821387077778441,-0.23911368586732829,False,False,False,False,-6615205,-6496744.985625035,False,False,False,False,23945.379346291687,False,False,False,False
2025-05-23 00:00:00+00:00,2.9091,2.97,2.9,2.92,10789,,3.7932815516339686,4.211275962602319,4.772259260960828,4.864451599100287,5.071422346928206,5.72470554455048,5.952757075063431,6.474389667636642,6.675157208739116,,2.859026745286761,3.439825013688739,3.59836372816199,4.1527342818436335,4.377921762653042,7.446364458495567,,3.753696298855206,3.802245517466216,4.190959866841264,4.712429115207468,5.72470554455048,6.188307565320675,7.142343298006066,9.526921591945792,#000000,0.0,0.0,0.6524832910303006,3.685660696913316,-1.1901618134727887,0.0,0.0,0.0,0.0,0.0,0.0,0.0,0.0,50.03248352862281,-3.3354244168130265,True,False,False,False,True,0.0,1,0.9268837080870876,1.0390605524853402,False,False,False,False,-0.23561103305855574,-0.237362359462942,False,False,False,False,-6625994,-6501813.574424054,False,False,False,False,23429.442901339073,False,False,False,False
2025-05-27 00:00:00+00:00,2.94,2.96,2.89,2.89,14736,,3.7895108134031514,4.2093921975845445,4.770354050767602,4.862597403976591,5.069598698637337,5.7228550715904545,5.9509620543177455,6.472583064528874,6.673442459395027,,2.8641577699172354,3.4357745884427886,3.593927787614898,4.150882759449678,4.376012769917106,7.444653719439561,,3.7492087718627576,3.799915983266602,4.18908749798688,4.710511953997452,5.7228550715904545,6.186541438880438,7.140616119594543,9.525063038746005,#000000,0.0,0.0,0.6468961382806205,3.6843761728857003,-1.1506888491623573,0.0,0.0,0.0,0.0,0.0,0.0,0.0,0.0,50.61105090967044,-2.577963297901789,True,False,False,False,True,0.0,1,0.9197099955492046,1.037285171043282,False,False,False,False,-0.24081988035243618,-0.2390911199076891,False,False,False,False,-6611258,-6506105.512681934,False,False,False,False,23088.523571874794,False,False,False,False
2025-05-28 00:00:00+00:00,2.9,2.94,2.89,2.94,20699,,3.784147558669056,4.206714274541057,4.767655521811566,4.859972002686931,5.067018445207242,5.720241345593364,5.9484275976543906,6.470034209035195,6.671023623494605,,2.868383879214359,3.4299719019197603,3.5876106142448183,4.148249009009361,4.373302808311624,7.442242272789424,,3.7428354054023307,3.7965899781430616,4.1864252085542,4.707795786951665,5.720241345593364,6.184048655179833,7.138180907705497,9.522446268563504,#000000,0.0,0.0,0.6433292475470131,3.6819569703960404,-1.2154848755557266,0.0,0.0,0.0,0.0,0.0,0.0,0.0,0.0,50.05513277401475,-2.577963297901789,True,False,False,False,True,0.0,1,0.9070686054112659,1.0515576920010843,False,False,False,False,-0.2460415803969325,-0.24256635015231082,False,False,False,False,-6631957,-6511040.86512578,False,False,False,False,22994.816765134605,False,False,False,False
2025-05-29 00:00:00+00:00,2.89,2.9207,2.88,2.89,10253,,3.7814756364724356,4.205378521939045,4.766312329572354,4.8586654357682875,5.0657348816173045,5.718942439259234,5.947168343161718,6.468768373584748,6.669822464221157,,2.8696291814143273,3.4270735629377644,3.584464838217855,4.146934790547549,4.371952184623107,7.441045291584156,,3.7396650570148178,3.7949274648790494,4.185097083655199,4.706443617514626,5.718942439259234,6.18281035414711,7.136971958774665,9.521148283215796,#000000,0.0,0.0,0.6376612128481918,3.6806066989295743,-1.239853833038131,0.0,0.0,0.0,0.0,0.0,0.0,0.0,0.0,49.443322282815146,-2.577963297901789,True,False,False,False,True,0.0,1,0.9022579380795932,1.063276852389581,False,False,False,False,-0.2537152745668129,-0.24814081235956187,False,False,False,False,-6642210,-6516184.7527679065,False,False,False,False,22495.137676305796,False,False,False,False
2025-05-30 00:00:00+00:00,2.91,2.94,2.9,2.9,7854,,3.779485245366544,4.204372579943303,4.765295587439552,4.857675828323972,5.0647616249976455,5.71795522315051,5.946210678608929,6.4678046878791555,6.66890768741749,,2.8711517538545235,3.4249565923310517,3.5821431477431167,4.145945828628293,4.370933092564503,7.440132793373804,,3.7373091198315804,3.793686037379639,4.184097145435097,4.7054204937495445,5.71795522315051,6.1818681243989335,7.136050661240714,9.52015731071016,#000000,0.0,0.0,0.6309142150049802,3.6797469869409474,-1.2200501567948838,0.0,0.0,0.0,0.0,0.0,0.0,0.0,0.0,49.57915899198149,-2.577963297901789,True,False,False,False,True,0.0,1,0.8797629057193467,1.0706651116308472,False,False,False,False,-0.24342910304553672,-0.2457849577025493,False,False,False,False,-6634356,-6520818.919326028,False,False,False,False,21920.975414489883,False,False,False,False
2025-06-02 00:00:00+00:00,2.82,2.97,2.75,2.97,17630,,3.7746907939776815,4.201997796871094,4.7629310884435885,4.855378130162597,5.062509059397183,5.715686422618431,5.944013576962577,6.465600786699967,6.666817619059846,,2.869493179824308,3.419622252645609,3.5764478924553886,4.143605586807197,4.368540849111407,7.4380541573887955,,3.731622584082265,3.7906907234904867,4.181734648158841,4.703038417669589,5.715686422618431,6.179709764469207,7.13394978911039,9.517910372700058,#000000,0.0,0.0,0.6261175476315181,3.6017570190897614,-1.2485786767149358,0.0,0.0,0.0,0.0,0.0,0.0,0.0,0.0,47.4281630090984,-2.577963297901789,True,False,False,False,False,0.0,1,0.8599221628697419,1.0670459794160347,False,False,False,False,-0.2750058103091782,-0.26039538400586376,False,False,False,False,-6651986,-6525962.726411282,False,False,False,False,21752.701868823613,False,False,False,False
2025-06-03 00:00:00+00:00,2.86,2.89,2.79,2.79,5232,,3.7732774284476176,4.2012946376167495,4.762230504466953,4.854697259415318,5.0618414526221205,5.715013807524672,5.943362149196709,6.464947257939976,6.666197795759525,,2.8690433539611573,3.4180580818420148,3.5747746625047165,4.142912701859265,4.367832354690551,7.437437649022994,,3.729948954566835,3.7898054560165977,4.1810351423962,4.702332670757043,5.715013807524672,6.179069772165648,7.133326715784347,9.51724384704326,#000000,0.0,0.0,0.6160190856641992,3.6008805113608857,-1.202690839622379,0.0,0.0,0.0,0.0,0.0,0.0,0.0,0.0,47.167071020171974,-0.2090826573069151,True,False,False,False,False,0.0,1,0.8731066987859013,1.071933411887326,False,False,False,False,-0.2856484489908942,-0.273021916498379,False,False,False,False,-6646754,-6530699.639101036,False,False,False,False,21104.83120730112,False,False,False,False
2025-06-04 00:00:00+00:00,2.83,2.902,2.82,2.85,17626,,3.76856790229602,4.198938114787171,4.759879004232275,4.852411440346398,5.05959937633644,5.712753321225351,5.941172411972119,6.462749763471567,6.664113347675753,,2.867899309845474,3.4128873022088917,3.5692244365560097,4.14059107780018,4.3654566298732185,7.435363730441454,,3.7243823056891894,3.78684786993544,4.178691021607816,4.699964151906907,5.712753321225351,6.1769181058161395,7.131230943713932,9.51500072525194,"rgba(239, 83, 80, 0.5)",0.0,0.0,0.6024066227456172,3.5981585171647614,-1.2751495222009495,0.0,0.0,0.0,0.0,0.0,0.0,0.0,0.0,46.23793743798793,-1.1776570859225899,True,False,False,True,False,0.0,1,0.8734924679559183,1.0829476918205487,False,False,False,False,-0.2744752888208404,-0.27374860265960965,False,False,False,False,-6664380,-6535942.006195113,False,False,False,False,20968.406454073625,False,False,False,False
2025-06-05 00:00:00+00:00,2.83,2.9199,2.82,2.8624,14101,,3.7648589725982413,4.1970670991463175,4.7580078050208305,4.850591949849138,5.057813797177738,5.710951238526317,5.939426206542008,6.46099656685943,6.662450011268435,,2.8673648292320766,3.4088611729582605,3.564881445919254,4.138748313421297,4.363568838771789,7.433708079433105,,3.720009484702731,3.7845101413804567,4.17683003678279,4.698079767814444,5.710951238526317,6.175201834505617,7.129558113589498,9.513208894622755,"rgba(239, 83, 80, 0.5)",0.0,0.0,0.5832373951726512,3.596161172274416,-1.3136352000331104,0.0,0.0,0.0,0.0,0.0,0.0,0.0,0.0,45.61851504986524,-1.8446394593928446,True,False,False,True,False,0.0,1,0.8521798749397914,1.1027884694661292,False,False,False,False,-0.2697337887066778,-0.2717411956831437,False,False,False,False,-6664380,-6540978.790265893,False,False,False,False,20699.096397051133,False,False,False,False
2025-06-06 00:00:00+00:00,2.88,2.9015,2.8342,2.9015,2638,,3.764180064496908,4.196721630554508,4.757660959017883,4.850254533176403,5.057482388888811,5.710616161141253,5.939101364505157,6.460670158402982,6.662140245032582,,2.867404726587164,3.408135075883318,3.5640922222692324,4.138408256215991,4.36321976983167,7.433399507631211,,3.7192106900390023,3.784081279946284,4.176486486603173,4.697730586092799,5.710616161141253,6.174882429475567,7.129246425310253,9.512874556502611,"rgba(239, 83, 80, 0.5)",0.0,0.0,0.5666010090461389,3.595856944733245,-1.2634233495954683,0.0,0.0,0.0,0.0,0.0,0.0,0.0,0.0,46.85933769208701,-1.8446394593928446,True,False,False,True,True,0.0,1,0.8526147543323094,1.1055715706529257,False,False,False,False,-0.2708452492685717,-0.2712932224758577,False,False,False,False,-6661742,-6545714.602412328,False,False,False,False,19990.8181069707,False,False,False,False
2025-06-09 00:00:00+00:00,2.875,2.91,2.81,2.81,7374,,3.7622731443943285,4.195751872594789,4.756688551832198,4.84930867521264,5.056553613333086,5.709677663270527,5.938191656679252,6.459756310214885,6.661273048303323,,2.8673470108949193,3.406089811280993,3.561873714725165,4.137453488726407,4.362240373075158,7.432535874020814,,3.716967662077187,3.7828755671928795,4.175522045690693,4.696751540577178,5.709677663270527,6.173988059863546,7.128373993564677,9.51193918902915,#000000,0.0,0.0,0.5538961988746425,3.5949084026281,-1.2997171746091531,0.0,0.0,0.0,0.0,0.0,0.0,0.0,0.0,47.526743593434745,-1.8446394593928446,True,False,False,False,True,0.0,1,0.8502391793630765,1.1222647881473589,False,False,False,False,-0.2704032336486797,-0.2708482280622687,False,False,False,False,-6669116,-6550553.872905962,False,False,False,False,19496.04092630518,False,False,False,False
2025-06-10 00:00:00+00:00,2.92,2.95,2.83,2.83,15159,,3.758530239056274,4.193815051449246,4.754729601798263,4.847401315491464,5.05467721817904,5.707774015724948,5.936344506475055,6.457897414394868,6.6595079884983415,,2.868882343611551,3.4022021569331926,3.55758383625907,4.135549092172573,4.360277979587994,7.430775092857054,,3.7125813055185812,3.7805009850357782,4.173596689231147,4.69478055688682,5.707774015724948,6.172170420156807,7.12659633905789,9.510027267258238,#000000,0.0,0.0,0.5367489562268934,3.593702662565542,-1.2551541176742518,0.0,0.0,0.0,0.0,0.0,0.0,0.0,0.0,49.46753427847257,-3.135629112950703,True,False,False,False,True,0.0,1,0.8663941017513347,1.120760750652192,False,False,False,False,-0.2228130673129814,-0.24683064768762505,False,False,False,False,-6653957,-6554608.897497885,False,False,False,False,19325.960889979488,False,False,False,False
2025-06-11 00:00:00+00:00,2.91,2.9441,2.9,2.9,7168,,3.7568086200316158,4.1929139687713874,4.753813734669885,4.846509051000129,5.05379850935445,5.706880541127877,5.935477038070557,6.457023554941728,6.65867794957904,,2.869951371858864,3.4004498520762194,3.55562975253434,4.1346637429431325,4.359363322741092,7.429946287995808,,3.710569224573305,3.7794055011829335,4.17270116079106,4.693859422743434,5.706880541127877,6.171316376633687,7.125759871857605,9.509126056986794,#000000,0.0,0.0,0.5179327670652321,3.593255095764179,-1.3191965042793379,0.0,0.0,0.0,0.0,0.0,0.0,0.0,0.0,50.38794558292317,-2.276084367638738,True,False,False,False,True,0.0,1,0.9207946407026987,1.1018798834805577,False,False,False,False,-0.19015078223000595,-0.2184907149588155,False,False,False,False,-6661125,-6558785.999556792,False,False,False,False,18849.17810998029,False,False,False,False
2025-06-12 00:00:00+00:00,2.8775,2.91,2.77,2.9,19156,,3.7518853509195735,4.190388656612091,4.751283403373906,4.844047685639949,5.051381815914281,5.704439553816942,5.933110936745093,6.454647134488024,6.656422702320251,,2.8689927301959637,3.3952008089101233,3.5499349475040147,4.132176906707563,4.356813766972988,7.427700706658949,,3.7048012243480457,3.776269806566431,4.1701895018382595,4.691311763495988,5.704439553816942,6.168990269473692,7.123491310123355,9.506694907390495,#000000,0.0,0.0,0.5046131364779891,3.5903552612097145,-1.4126767808408192,0.0,0.0,0.0,0.0,0.0,0.0,0.0,0.0,49.78578462192485,-2.276084367638738,True,False,False,False,True,0.0,1,0.8946732807973645,1.0870333993217711,False,False,False,False,-0.23891505744755048,-0.228702886203183,False,False,False,False,-6680281,-6563550.509378094,False,False,False,False,18861.210340961457,False,False,False,False
2025-06-13 00:00:00+00:00,2.82,2.95,2.76,2.95,26670,,3.7450505564848093,4.186864606366239,4.747754783682479,4.840615217544361,5.048012000512721,5.701037124998736,5.929812982289631,6.451335362913171,6.653279718638288,,2.867169734667764,3.387937434608535,3.5420560323405805,4.128705936217852,4.353256931197101,7.42457169911925,,3.696813654989057,3.7718963194043593,4.1666842939358615,4.6877588708454585,5.701037124998736,6.165748228150525,7.120330136056174,9.503308428950813,#000000,0.0,0.0,0.4909024675445093,3.586225575262211,-1.5608509345957582,0.0,0.0,0.0,0.0,0.0,0.0,0.0,0.0,47.44682325357924,0.26251197282559957,True,False,False,False,False,0.0,1,0.9034060595849831,1.0559295252244458,False,False,False,False,-0.17151929526861676,-0.2001110907358999,False,False,False,False,-6706951,-6569174.058029934,False,False,False,False,19167.43738641395,False,False,False,False
2025-06-16 00:00:00+00:00,2.88,2.91,2.81,2.81,6700,,3.7433936735235482,4.185997520383695,4.746881215024705,4.839764820193183,5.047175998654999,5.700190611786983,5.928991836020871,6.450509713046273,6.652495787461475,,2.8671609133251854,3.3862195847599508,3.5401694187410224,4.127852675716003,4.352379781441047,7.423790305617571,,3.6948844787648967,3.770831501896353,4.165822104223169,4.686879728495405,5.700190611786983,6.164940473267466,7.119541052570642,9.502461202214713,#000000,0.0,0.0,0.4778498103901852,3.585386623300019,-1.4761680510536146,0.0,0.0,0.0,0.0,0.0,0.0,0.0,0.0,48.19105975230756,0.26251197282559957,True,False,False,False,False,0.0,1,0.9463228311451218,1.041195023977819,False,False,False,False,0.04548385796679774,-0.07731361638455107,False,False,False,False,-6700251,-6574314.330264054,False,False,False,False,18678.518273221245,False,False,False,False
2025-06-17 00:00:00+00:00,2.9,2.93,2.86,2.9009,6315,,3.7418909537886713,4.1851998613682895,4.746071711965826,4.838976136158528,5.046399455045596,5.699401646829937,5.928225856098834,6.449738366719645,6.65176305294462,,2.867640640292203,3.3847036757334394,3.538479616932448,4.12706860662631,4.3515706569445545,7.423058905104417,,3.6931399157934455,3.769863386650529,4.165029245938896,4.686065524977901,5.699401646829937,6.164186417765352,7.1188028244004355,9.50166646666915,#000000,0.0,0.0,0.4623584556057296,3.5847937569399932,-1.4810884253059766,0.0,0.0,0.0,0.0,0.0,0.0,0.0,0.0,49.39837478494389,0.26251197282559957,True,False,False,False,True,0.0,1,0.9945239974545463,0.9999863441333031,False,False,False,False,0.15143271557835436,0.03705954959690164,False,False,False,False,-6693936,-6579005.376136052,False,False,False,False,18193.674419369432,False,False,False,False
2025-06-18 00:00:00+00:00,3.01,3.05,2.91,2.915,13727,,3.7390014748747373,4.183594724492983,4.744403204733754,4.8373462439221315,5.044786606735112,5.697745253297681,5.926613389717447,6.448106848759709,6.6502108474804515,,2.8718174348619323,3.3820647113516134,3.5353666378122335,4.125496728655407,4.349927581081665,7.421502630626197,,3.689815227741551,3.767990505138017,4.163435781560514,4.684390412333471,5.697745253297681,6.162595301792909,7.117234471211112,9.499964000689454,"rgba(38, 166, 154, 1.0)",0.0,0.0,0.4462874848433154,3.5847415013502157,-1.2878279603829779,0.0,0.0,0.0,0.0,0.0,0.0,0.0,0.0,53.48225339299276,0.2081412126297053,True,False,True,False,True,0.0,1,0.9999862691305338,0.9601667476787964,False,False,False,False,0.34282795253757087,0.18994375106723627,False,False,False,False,-6680209,-6582974.145699345,False,False,False,False,18018.510716649063,False,False,False,False
2025-06-20 00:00:00+00:00,2.93,3.0681,2.92,3.0,19005,,3.734945903870999,4.181347412317225,4.742075659471242,4.835073311284911,5.042539028305823,5.695440689912483,5.924370718342899,6.44583926655799,6.648053846377484,,2.876370035554458,3.378310113963799,3.5309797168997794,4.12329457954484,4.347630425578856,7.419341370516461,,3.685151249211049,3.7653549737028036,4.161204333959253,4.682053053436176,5.695440689912483,6.1603830386784235,7.115055962079974,9.49760214946148,"rgba(38, 166, 154, 1.0)",0.0,0.0,0.43337297860760915,3.584157110734565,-1.5094552337718803,0.0,0.0,0.0,0.0,0.0,0.0,0.0,0.0,53.31989064735563,0.2081412126297053,True,False,True,False,True,0.0,1,1.034263303273795,0.9573101235992607,False,False,False,False,0.3428279647567104,0.26638585791197333,False,False,False,False,-6699214,-6587532.571358195,False,False,False,False,18057.196570898122,False,False,False,False
2025-06-23 00:00:00+00:00,3.02,3.17,3.0,3.02,21911,,3.7308728173875614,4.1789603137543665,4.739536860932363,4.832586891135347,5.0400670227602165,5.692876857537258,5.92186861200095,6.443296750458607,6.6456314096102265,,2.8856163103855335,3.375014338380537,3.526813573751446,4.120965293215326,4.345165463956414,7.416902977419989,,3.680523382542255,3.762683006615127,4.158837435527377,4.679508667514899,5.692876857537258,6.157908719387171,7.11260207511102,9.49491906868375,"rgba(38, 166, 154, 1.0)",0.0,0.0,0.4216074851804742,3.5850132857503487,-1.340140546860756,0.0,0.0,0.0,0.0,0.0,0.0,0.0,0.0,55.53077805456411,1.934950612907926,True,False,True,False,True,0.0,1,1.039970618115472,0.9361862195407303,False,False,False,False,0.34282804075396345,0.3046069493329684,False,False,False,False,-6677303,-6591052.98032454,False,False,False,False,18208.32611713741,False,False,False,False
2025-06-24 00:00:00+00:00,3.01,3.04,2.9778,2.9778,7892,,3.7292999855685816,4.178061465815522,4.7385948704789165,4.831665714552331,5.039153845082264,5.691935666036502,5.920951438573477,6.4423672779405665,6.644746530852232,,2.8877803376347093,3.373641081308244,3.5251581854797687,4.120086065794702,4.344242588761346,7.4160144760071764,,3.6787287791319905,3.761651562859553,4.157945462359698,4.678563584853499,5.691935666036502,6.157002922592117,7.111707159641529,9.493945093550899,"rgba(38, 166, 154, 1.0)",0.0,0.0,0.41161592199024444,3.5848714991417183,-1.3966211422583001,0.0,0.0,0.0,0.0,0.0,0.0,0.0,0.0,56.64960040814634,2.9321844086416036,True,False,True,False,True,0.0,1,0.9996469501094455,0.9631446614251549,False,False,False,False,0.18726907083280853,0.24593801008288846,False,False,False,False,-6685195,-6594744.824233382,False,False,False,False,17803.764308622216,False,False,False,False
2025-06-25 00:00:00+00:00,3.0,3.15,2.9609,3.0,19020,,3.7256821788489396,4.175952081586823,4.736365145823725,4.829483152827535,5.036986411613873,5.68969346512353,5.918764395888365,6.440147339660594,6.642631945715331,,2.8938181237024634,3.370621883071194,3.5214237163615745,4.118025497942727,4.34206969922181,7.413888078005946,,3.6746202338819094,3.75926840608642,4.155853154707979,4.676328013571019,5.68969346512353,6.154841251742235,7.109566536694808,9.49160900221892,"rgba(38, 166, 154, 1.0)",0.0,0.0,0.40286943879296183,3.584855034251386,-1.4517235062646388,0.0,0.0,0.0,0.0,0.0,0.0,0.0,0.0,57.019165523072715,3.289777487693307,True,False,True,False,True,0.0,1,0.9923647063205332,0.9456683675369658,False,False,False,False,0.2809006710677908,0.26341934057533967,False,False,False,False,-6704215,-6599037.772302661,False,False,False,False,17851.459825931146,False,False,False,False
2025-06-26 00:00:00+00:00,2.97,3.09,2.97,3.0,52537,,3.7154990481555465,4.170028866241454,4.730139206087031,4.823391694438755,5.030943447471506,5.683456935054912,5.912684182238774,6.433981972893475,6.636760314684125,,2.905500172696036,3.361904990405556,3.5108410926598554,4.11223336003056,4.335981866242713,7.407989140726739,,3.6630716276406377,3.75252361610542,4.149975845331846,4.6700833843921306,5.683456935054912,6.148834314779433,7.103626307886515,9.485138108367575,"rgba(38, 166, 154, 1.0)",0.0,0.0,0.39832099535925336,3.5830551560473425,-1.5390982729755835,0.0,0.0,0.0,0.0,0.0,0.0,0.0,0.0,56.11998040890046,3.289777487693307,True,False,True,False,True,0.0,1,0.9921458089032978,0.945898575898764,False,False,False,False,0.229214938837718,0.24631713970652885,False,False,False,False,-6756752,-6605222.643977067,False,False,False,False,19211.677087659336,False,False,False,False
2025-06-27 00:00:00+00:00,2.985,3.06,2.96,3.0,16779,,3.7122698916586225,4.16813630011957,4.728150660214545,4.821445918822695,5.029013133479458,5.681465065787126,5.910742106860085,6.432012795281576,6.634884760428823,,2.9084922854735757,3.359145299047586,3.507498224759275,4.110382344203028,4.334037126099615,7.406104932755301,,3.6594213928788424,3.7503711207065153,4.148097833276217,4.668088893706873,5.681465065787126,6.146915601086233,7.101728918403042,9.483071532270998,"rgba(38, 166, 154, 1.0)",0.0,0.0,0.3920780206322523,3.5822559385518473,-1.5233089005824196,0.0,0.0,0.0,0.0,0.0,0.0,0.0,0.0,56.00301852706696,3.289777487693307,True,False,True,False,True,0.0,1,1.0015767444527264,0.9442405825354052,False,False,False,False,0.18943858619893142,0.21787786295273015,False,False,False,False,-6739973,-6610506.9716642415,False,False,False,False,19116.2779861825,False,False,False,False
2025-06-30 00:00:00+00:00,3.1394,3.165,2.93,3.0,39790,,3.7055393595719304,4.163965263166737,4.723661281349944,4.81704144098375,5.024622304872144,5.676887768403566,5.906267764845581,6.427455968060118,6.630538213718159,,2.920148997554112,3.354131298854868,3.500915925924927,4.1063184288178745,4.329711301357423,7.401720588449013,,3.651911986616727,3.7458319826702224,4.143964164413279,4.663594295256951,5.676887768403566,6.142485263675855,7.097320212070922,9.47823383755501,"rgba(38, 166, 154, 1.0)",0.0,0.0,0.38601911879999,3.582190576495497,-1.147069030860417,0.0,0.0,0.0,0.0,1.0,3.07,3.06,876.0,59.818193275499404,6.07327215719976,True,False,True,False,True,0.0,1,0.9968513853904283,0.9208773512788702,False,False,False,False,0.2646098123340483,0.24124383764338922,False,False,False,False,-6700183,-6614023.678657801,False,False,False,False,19927.012182802795,False,False,False,False
2025-07-01 00:00:00+00:00,3.11,3.144,3.07,3.1,15599,,3.7030633482382513,4.162383513386025,4.721939777900217,4.815350359116232,5.022932672191136,5.675118277579831,5.904536012369093,6.425688817389629,6.628851422411128,,2.925076617070199,3.3524215909528117,3.498568611744941,4.104779982635874,4.328063829823091,7.400016059398661,,3.6491712221732997,3.744148023837608,4.14239749777563,4.661872252056925,5.675118277579831,6.140768806982946,7.095607311907885,9.476348135255465,"rgba(38, 166, 154, 1.0)",0.0,0.0,0.3835810342142197,3.5823445271759207,-1.2314074081987303,0.0,0.0,0.0,0.0,0.0,0.0,0.0,0.0,61.183328586796705,7.32916213986821,True,False,True,False,True,0.0,1,1.020496200550352,0.9204608568326978,False,False,False,False,0.34282805350467516,0.2920359455740322,False,False,False,False,-6715782,-6618014.201063378,False,False,False,False,19757.286214849744,False,False,False,False
2025-07-02 00:00:00+00:00,3.11,3.2,3.06,3.11,29549,,3.6985483007852404,4.159443562047652,4.718719677001617,4.812184806575257,5.019765737113206,5.671793007078626,5.901279397607448,6.422361924820321,6.625674474335992,,2.934461665024605,3.349446319394174,3.494369725314779,4.101923313026563,4.324994261542241,7.396802419398647,,3.644199404652654,3.7410586772913947,4.139486532123617,4.65865272214206,5.671793007078626,6.137539073096854,7.0923790758253,9.472787723765496,"rgba(38, 166, 154, 1.0)",0.0,0.0,0.379875343811463,3.5827273713518673,-1.244427623569294,0.0,0.0,0.0,0.0,0.0,0.0,0.0,0.0,62.09341879432823,8.194606864305634,True,False,True,False,True,0.0,1,1.0275014325348908,0.9303642361594466,False,False,False,False,0.3428280653033349,0.31743200543868355,False,False,False,False,-6715782,-6621848.232394226,False,False,False,False,20141.27499073799,False,False,False,False
2025-07-03 00:00:00+00:00,3.19,3.2,3.1076,3.1076,4283,,3.6979476534431552,4.159036245255419,4.71826642808537,4.811738486837402,5.0193178551324475,5.671319774675189,5.90081521571472,6.4218864721619555,6.625220053621964,,2.9360386113665706,3.34910138473687,3.4938377746707996,4.101528567197439,4.324566340576137,7.39634164895911,,3.643544762572448,3.740644096062298,4.139083582748505,4.658200079851895,5.671319774675189,6.137078108476916,7.091916601957873,9.472275443376027,"rgba(38, 166, 154, 1.0)",0.0,0.0,0.37270588806462274,3.5828728965951795,-1.0541097127155128,0.0,0.0,0.0,0.0,0.0,0.0,0.0,0.0,64.47035850032455,10.450764785154213,True,False,True,False,True,0.0,0,1.0243531753211508,0.9226771057782456,False,False,False,False,0.342828076137047,0.3301300407878653,False,False,False,False,-6711499,-6625363.948770924,False,False,False,False,19519.381853846306,False,False,False,False
2025-07-07 00:00:00+00:00,3.18,3.26,3.1475,3.16,33460,,3.693563120566783,4.1559612970003,4.714802783450881,4.808323356929495,5.015882761745523,5.667673038549057,5.8972339858800735,6.41821101696387,6.62170481287202,,2.949170458699797,3.3468841421797944,3.4901149471762145,4.098554526416712,4.321320324531075,7.392770906313054,,3.638808550889911,3.7375935208389293,4.136043650288651,4.654744155987887,5.667673038549057,6.133518110779867,7.088334921116884,9.468295231143491,"rgba(38, 166, 154, 1.0)",0.0,0.0,0.3642116280255613,3.584392296871259,-1.1103223119578092,0.0,0.0,0.0,0.0,1.0,3.21,3.2,880.0,65.59732540616076,11.51159692346176,True,False,True,False,True,0.0,0,1.0263430176222306,0.9031352132569102,False,False,False,False,0.34282809527112734,0.33647906802949634,False,False,False,False,-6744959,-6630053.950779907,False,False,False,False,20066.07276153861,False,False,False,False
2025-07-08 00:00:00+00:00,3.22,3.28,3.21,3.2402,27762,,3.6902766620677236,4.153532726391567,4.712017846720407,4.805572215135229,5.013106172079098,5.664705309859722,5.894314609457997,6.415206379543485,6.6188283564990416,,2.9607425020298095,3.345576902917729,3.4875148715106206,4.0962126780051085,4.318738419223918,7.389841620547674,,3.63530956837601,3.735277074665232,4.133645127584817,4.651969035076524,5.664705309859722,6.130611856143749,7.085399291854002,9.465018124102562,"rgba(38, 166, 154, 1.0)",0.0,0.0,0.3490765285461373,3.586013785056763,-1.0485201814661307,0.0,0.0,0.0,0.0,0.0,0.0,0.0,0.0,67.20876675473198,13.056317028943226,True,False,True,False,True,0.0,0,1.0320650276766568,0.9173689722236074,False,False,False,False,0.3428281082281972,0.3396535881288468,False,False,False,False,-6717197,-6633471.325259127,False,False,False,False,20367.873829713564,False,False,False,False
2025-07-09 00:00:00+00:00,3.27,3.32,3.21,3.21,32660,,3.6867221300280235,4.150785010387361,4.708821321237981,4.802409651596092,5.009905763745888,5.661266276126751,5.890927040089899,6.411712190024339,6.615480624557635,,2.9745738417914858,3.344491013653487,3.4848812950667885,4.093569490808642,4.315800461566242,7.386425662323398,,3.63157439338102,3.7327415430950848,4.130933591501209,4.6487870857389,5.661266276126751,6.127235678429204,7.081978333516286,9.46118580117845,"rgba(38, 166, 154, 1.0)",0.0,0.0,0.33694512677511396,3.58812794930616,-0.9441535847422625,0.0,0.0,0.0,0.0,0.0,0.0,0.0,0.0,69.2626974033309,15.008098419285147,True,False,True,False,True,0.026312465130004625,0,1.0337834462778268,0.9122363009707121,False,False,False,False,0.34282811377978417,0.34124085095431544,False,False,False,False,-6684537,-6635473.900739161,False,False,False,False,20849.91799325421,False,False,False,False
2025-07-10 00:00:00+00:00,3.26,3.36,3.25,3.35,28894,,3.6837987715161864,4.148432068345364,4.70605071323277,4.799664923381336,5.00712192248992,5.658261574064839,5.887963944736103,6.408650258720819,6.6125450839778805,,2.9867051326591008,3.3438356033439676,3.4828468030630293,4.091310679977031,4.31327242744021,7.383425400500062,,3.6285397598826576,3.730632308344893,4.128613205349185,4.646031525191571,5.658261574064839,6.12427974398791,7.078975427014136,9.457812085178478,"rgba(38, 166, 154, 1.0)",0.0,0.0,0.3287688501605281,3.590069479157352,-1.003956059085857,0.0,0.0,0.0,0.0,0.0,0.0,0.0,0.0,70.10863946000332,15.830791624779877,True,False,True,False,True,0.0,0,1.0406248432038268,0.9079627368667527,False,False,False,False,0.34282812370729343,0.34203448733080444,False,False,False,False,-6713431,-6638531.041886645,False,False,False,False,21165.372189597183,False,False,False,False
2025-07-11 00:00:00+00:00,3.32,3.32,3.26,3.26,23683,,3.6814946090180705,4.146535403013284,4.703803817888894,4.797437474989011,5.0048601047327015,5.655814814553688,5.885549599465982,6.406153052084968,6.610150057082215,,2.9962795507793762,3.343407662413056,3.4812954814016335,4.089491678609826,4.3112297540648505,7.380975507523922,,3.6261646327797434,3.7289572970110494,4.126743391626717,4.643797842219539,5.655814814553688,6.121870030331351,7.07652412245637,9.455054043558379,"rgba(38, 166, 154, 1.0)",0.0,0.0,0.3146558636217529,3.5915951219349926,-0.8631497243015839,0.0,0.0,0.0,0.0,0.0,0.0,0.0,0.0,71.83586280052604,17.516763757919648,True,False,True,False,True,1.0552270072581642,0,1.0429430143313183,0.915574271547918,False,False,False,False,0.323345482506108,0.33268998491845625,False,False,False,False,-6689748,-6640539.550047954,False,False,False,False,21264.102691965923,False,False,False,False
2025-07-14 00:00:00+00:00,3.43,3.43,3.3,3.33,31366,,3.67916886941741,4.144292292299936,4.701022074281643,4.794667736125237,5.00202555214961,5.6527010323966564,5.882465891626542,6.402944003367467,6.607066295539357,,3.011465626678142,3.3439598372254697,3.4802439856873306,4.0873584595660954,4.308767835411886,7.377804176318985,,3.623893279174679,3.7272030245323595,4.124538183107852,4.641040974835488,5.6527010323966564,6.118782727045924,7.07335687297872,9.451456446173607,"rgba(38, 166, 154, 1.0)",0.0,0.0,0.2910138049538423,3.5947003802079633,-0.5659538393173007,0.0,0.0,0.0,0.0,1.0,3.45,3.32,904.0,74.63238867200607,20.17157410838834,True,False,True,False,True,3.2569991767347943,0,1.0455954036081005,0.8849059448231963,False,False,False,False,0.34282813622222924,0.3377590605703428,False,False,False,False,-6658382,-6641239.253967642,False,False,False,False,21660.2555275751,False,False,False,False
2025-07-15 00:00:00+00:00,3.9,3.9215,3.45,3.45,94046,3.757166666666667,3.6809710715621775,4.14089589719335,4.6950828283474575,4.788596137039895,4.995521554205567,5.644934001509227,5.874631150715103,6.394539810612742,6.598915083912625,,3.089356136021268,3.359191159564743,3.489172727590011,4.084380620319861,4.304398756432932,7.369205461292767,,3.6275782189900565,3.7276565011255545,4.121285088025161,4.635267188549402,5.644934001509227,6.110817230579392,7.06484398321443,9.441352553482366,"rgba(38, 166, 154, 1.0)",0.0,0.0,0.2821102431112835,3.617696363474882,1.000685524253573,0.0,0.0,0.0,0.0,1.0,3.83,3.43,886.0,79.68829928287784,24.831656794418976,True,False,True,False,True,11.500543932597243,0,1.0671683825140033,0.8187251619363519,False,False,False,False,0.34282817623748413,0.3402936184039135,False,False,False,False,-6564336,-6638223.4400865575,False,False,False,False,24498.912173552548,False,False,False,False
2025-07-16 00:00:00+00:00,3.925,4.09,3.83,3.99,53499,3.8264826414540196,3.6844396813338856,4.139939625306645,4.69241931853551,4.785808144399948,4.992418413293917,5.640988545475523,5.870600051033213,6.3901275910458395,6.594609489635104,,3.1375330547133697,3.371291095128958,3.497442779101994,4.083686223307639,4.3028016001469425,7.364590114362469,,3.6325451505090163,3.729540147617852,4.120418247093269,4.632723993881987,5.640988545475523,6.106676001188625,7.0602995702582705,9.435813603185448,"rgba(38, 166, 154, 1.0)",0.0,0.0,0.26524067209455676,3.6330775564320006,1.1005945704432938,0.0,0.0,0.0,0.0,0.0,0.0,0.0,0.0,83.15257482350697,27.867268939090977,True,False,True,False,True,11.894112509013219,0,1.1220044570626124,0.804515065482187,False,False,False,False,0.34282819378775586,0.34156090609583467,False,False,False,False,-6510837,-6633227.893416496,False,False,False,False,25636.17051968774,False,False,False,False
2025-07-17 00:00:00+00:00,3.98,4.07,3.82,3.99,36502,3.852302009812711,3.686828208471336,4.139320740405029,4.6906331329592055,4.783935332950344,4.99032850980991,5.638320304053352,5.867871209787886,6.387136530244132,6.591689056911958,,3.1677238067590894,3.3793806565021747,3.5030176468337144,4.083245415019786,4.301745495569621,7.361455899679741,,3.635933818495735,3.730855249962446,4.119860177551819,4.631020566777199,5.638320304053352,6.103870434074,7.057214829637424,9.432046551299521,"rgba(38, 166, 154, 1.0)",0.0,0.0,0.2708271695284538,3.642804687244309,1.2450571829362356,0.0,0.0,0.0,0.0,0.0,0.0,0.0,0.0,85.66874677072018,30.022891029188855,True,False,True,False,True,12.760108423768322,0,1.1194518336969843,0.811593986310787,False,False,False,False,0.33376101029045335,0.337660958193144,False,False,False,False,-6474335,-6626996.799557026,False,False,False,False,26062.28147969999,False,False,False,False
2025-07-18 00:00:00+00:00,3.86,4.08,3.82,4.08,34230,3.8629183468711776,3.688731067174351,4.138628418062108,4.688882701658789,4.7821092606732245,4.988307088201134,5.635771422230041,5.865270321780339,6.3842961008863215,6.588918243146065,,3.1928559696466907,3.386297058289872,3.507711201398818,4.082715874348823,4.3006563527992405,7.358490406254519,,3.638691815337941,3.7318767173228027,4.11922347941505,4.629344514800889,5.635771422230041,6.10120132508381,7.054293515855534,9.428495050990746,"rgba(38, 166, 154, 1.0)",0.0,0.0,0.2766517453175135,3.650842618649377,0.7560313097268652,0.0,0.0,0.0,0.0,0.0,0.0,0.0,0.0,83.40247473675353,30.022891029188855,True,False,True,False,True,10.158357475370678,0,1.1397629389678272,0.7967017595523816,False,False,False,False,0.33677746189782864,0.33721921004548633,False,False,False,False,-6508565,-6622352.415260672,False,False,False,False,26382.58416677058,False,False,False,False
2025-07-21 00:00:00+00:00,3.935,4.0,3.825,3.83,22852,3.868328023589033,3.689984224136288,4.138168650522784,4.687718530775744,4.780894462981546,4.986961828882411,5.634073989939958,5.863537827826337,6.382403463831772,6.587071640630901,,3.2087198902670475,3.390816783294804,3.51078624821034,4.082364260409456,4.299932692290514,7.356513481565992,,3.6405034391307294,3.73255253119022,4.118800672117362,4.628229971522092,5.634073989939958,6.09942305265135,7.052346268914768,9.426126610430675,"rgba(38, 166, 154, 0.75)",0.0,0.0,0.2899874630527449,3.6559380122591705,0.962324318448456,0.0,0.0,0.0,0.0,0.0,0.0,0.0,0.0,82.47128076182086,30.022891029188855,True,False,True,False,False,11.361568980023744,0,1.1389123409706248,0.8029054703193689,False,False,False,False,0.31390626351383727,0.3255627367796618,False,False,False,False,-6485713,-6616994.006819077,False,False,False,False,26244.12988572075,False,False,False,False
2025-07-22 00:00:00+00:00,4.0,4.15,3.8501,3.9,27993,3.88202748604722,3.692028646994124,4.137813719207123,4.686445418245548,4.77954893823333,4.985441801477445,5.6320961318693765,5.861506996324499,6.380164224476207,6.584880862928587,,3.2293171660103486,3.3970717825613272,3.5152157389371568,4.082146902065861,4.299235917611256,7.354151231547909,4.0000333333333336,3.6433174985586225,3.733724444379753,4.118492710474702,4.627023198834884,5.6320961318693765,6.097328519050533,7.050025107926029,9.423270247869445,"rgba(38, 166, 154, 0.75)",0.0,0.0,0.3087191570294215,3.650621381513176,1.131703720133985,-1.0,4.15,3.8501,0.0,0.0,0.0,0.0,0.0,82.32071694750152,30.022891029188855,True,False,True,False,False,12.389027820065873,0,1.1464655172413791,0.794396551724138,False,False,False,False,0.34282819295513844,0.33419546486740015,False,False,False,False,-6457720,-6610747.967335976,False,False,False,False,26312.713027457194,False,False,False,False
2025-07-23 00:00:00+00:00,4.01,4.12,3.95,3.95,20840,3.892422918980188,3.6936633432892303,4.1376015140908535,4.685537335212934,4.778584362211909,4.984343723748842,5.63065075669043,5.860019562044573,6.378518528843691,6.583269078642703,,3.2444745052001376,3.4018477134718483,3.5186399487973414,4.082038072441508,4.298765274817523,7.352408708187301,4.011399390439526,3.6455383410345172,3.7346768431179296,4.1183157907758865,4.626165831925684,5.63065075669043,6.095791676889281,7.048314429757969,9.42115615189984,"rgba(38, 166, 154, 0.75)",0.0,0.0,0.3293976518618374,3.6563022356785795,1.073771359092066,0.0,0.0,0.0,0.0,0.0,0.0,0.0,0.0,82.2932321709534,30.022891029188855,True,False,True,False,False,12.547318966294334,0,1.15219608913665,0.8016120458039397,False,False,False,False,0.34282819243568363,0.3385118286515419,False,False,False,False,-6436880,-6603929.615675742,False,False,False,False,26098.09683030201,False,False,False,False
2025-07-24 00:00:00+00:00,3.97,4.07,3.97,4.0,13378,3.897314326388431,3.694631386275021,4.1374371554530684,4.684935120400295,4.777947290698912,4.9836230076453605,5.629710807906049,5.859053854651485,6.377452836569564,6.58222604872645,,3.2536232408097465,3.4047624941200327,3.520714167017742,4.081939090340829,4.2984381719434674,7.351283235429986,4.009664846516962,3.6468640214937613,3.7352363716130466,4.118173754730504,4.625595373153964,5.629710807906049,6.0947952085303045,7.047208827199544,9.419794038532931,"rgba(38, 166, 154, 0.75)",0.0,0.0,0.346834726182842,3.65929169635478,0.89583966134182,0.0,0.0,0.0,0.0,0.0,0.0,0.0,0.0,80.88251502449333,30.022891029188855,True,False,True,False,False,11.65314010768034,0,1.1486826139712254,0.8146125845033801,False,False,False,False,0.33355940645001303,0.3360356175507775,False,False,False,False,-6450258,-6597903.277806105,False,False,False,False,25599.269503623498,False,False,False,False
2025-07-25 00:00:00+00:00,4.02,4.06,3.97,4.0,12498,3.9020372082101162,3.6955691249582943,4.137299201797842,4.684384465570564,4.777363299022968,4.982959801042745,5.628840860074578,5.8581590539898425,6.37646369530868,6.581257424611933,,3.26212159063331,3.407520223652368,3.522689061705227,4.081862491024641,4.29814701689634,7.350236663764554,4.010836174579592,3.6481396471935987,3.7357828850750856,4.1180567477465635,4.625074781353331,5.628840860074578,6.093871073875981,7.046181197132259,9.418525274093163,"rgba(38, 166, 154, 0.75)",0.0,0.0,0.36388832967754925,3.6622265757983277,0.9831956537839619,0.0,0.0,0.0,0.0,0.0,0.0,0.0,0.0,80.41944172957315,30.022891029188855,True,False,True,False,False,12.467786772860894,0,1.1490137601133878,0.8344800094490049,False,False,False,False,0.33048212440203195,0.3332588709764047,False,False,False,False,-6437760,-6591623.14926469,False,True,False,False,25085.4942289716,False,True,False,False
2025-07-28 00:00:00+00:00,4.005,4.1,3.98,4.02,16178,3.908191184862577,3.696818708743616,4.137138320522275,4.6836854489390545,4.776620255340162,4.982113013711142,5.627724290204099,5.857009401765767,6.375190858571207,6.580010376460863,,3.273010942200287,3.411120925933826,3.5252820492502974,4.081781299509081,4.297786608393671,7.348887645071372,4.013950690784528,3.6498297284211545,3.7365164267260345,4.117923070347202,4.624415120004857,5.627724290204099,6.0926827621811475,7.044857137515266,9.416887355381698,"rgba(38, 166, 154, 0.75)",0.0,0.0,0.37590429033909323,3.666091323818774,0.9015823572418012,0.0,0.0,0.0,0.0,0.0,0.0,0.0,0.0,79.55192242752165,34.599734180611776,True,False,True,False,False,12.124797015804823,0,1.152388573499215,0.8307917622901316,False,False,False,False,0.34282819269393244,0.33804353183516855,False,False,False,False,-6453938,-6586223.731646467,False,False,False,False,24736.180729796244,False,False,False,False
2025-07-29 00:00:00+00:00,3.85,4.02,3.8101,3.96,30096,3.9069590834695713,3.698182217507111,4.136470605788455,4.682122027400957,4.774993269447163,4.980319372903676,5.625476335702101,5.854716972887907,6.372690698961699,6.577571190721606,,3.288989773614563,3.4162686808821348,3.5287603209980665,4.081251153971937,4.2967841422555875,7.346279087129449,3.983953940911809,3.6518271731737584,3.7372446626100153,4.117302402073864,4.622914838501241,5.625476335702101,6.0903314825285575,7.0422870032091796,9.413766722985791,"rgba(38, 166, 154, 0.75)",0.0,0.0,0.3859262070618418,3.66980135475918,0.4669251321715623,0.0,0.0,0.0,0.0,0.0,0.0,0.0,0.0,73.95805290720251,29.159352357254946,True,False,True,False,False,8.66545460204392,0,1.127009285703605,0.8242594613992854,False,False,False,False,0.2674789632222996,0.30276124752873407,False,False,False,False,-6484034,-6582216.291189743,False,False,False,False,24946.369720784627,False,False,False,False
2025-07-30 00:00:00+00:00,3.81,4.0,3.81,3.8867,19136,3.905271304505204,3.6989514068402025,4.136013120854683,4.6811060002232505,4.773938457174173,4.979161026083278,5.624033546006458,5.853247295210622,6.371090811726931,6.576011022467551,,3.298405630315997,3.419349965321533,3.5308182855094836,4.08087984255855,4.2961177981592416,7.344612918580992,3.968846525453365,3.6529763296704845,3.73764522581848,4.116874397229313,4.621938002834807,5.624033546006458,6.088825467763892,7.0406446258343935,9.411777164238869,"rgba(38, 166, 154, 0.75)",0.0,0.0,0.39315802177996173,3.6720991013916375,0.3507518376047312,0.0,0.0,0.0,0.0,0.0,0.0,0.0,0.0,69.14009967881873,24.7050033694033,True,False,True,False,False,7.799723783769604,0,1.1228844956874833,0.8294703458905125,False,False,False,False,0.2615555891384627,0.2821584183335984,False,False,False,False,-6503170,-6579116.436633283,False,False,False,False,24718.51208467543,False,False,False,False
2025-07-31 00:00:00+00:00,3.72,3.946,3.6991,3.9384,9565,3.902410107817976,3.6991472523075912,4.135711272510186,4.680545783435594,4.773362486196224,4.978538525222604,5.623278310408784,5.852482013560339,6.370264709265289,6.575207362187674,,3.3023203712582907,3.420589255529441,3.5315848605646463,4.08061896403354,4.295718737572326,7.343760324255592,3.9573136304926826,3.6533265086860496,3.7377197394960526,4.116586582736786,4.621395382043765,5.623278310408784,6.0880446229442615,7.039802327308889,9.410767984127249,"rgba(38, 166, 154, 0.5)",0.0,0.0,0.39866637522944165,3.6727306603807506,0.1185686643174886,0.0,0.0,0.0,0.0,-1.0,3.81,3.71,898.0,63.66520878170416,19.784275667123794,False,False,True,False,False,5.878291369744833,0,1.099049850318886,0.8399496724369822,False,False,False,False,0.21359240585589503,0.24787541209474673,False,False,False,False,-6512735,-6576513.243039821,False,False,False,False,24124.256708805802,False,False,False,False
2025-08-01 00:00:00+00:00,3.66,3.71,3.65,3.65,17904,3.8923753146227504,3.6990418514799526,4.1349610191720725,4.67936408190354,4.77216047971001,4.977262608532992,5.6217777906967985,5.850971317390557,6.368650979004444,6.573642253539462,,3.3077873649975844,3.42216814430594,3.5323702163505484,4.079940178344362,4.294804468572931,7.342113916339748,3.926975042763603,3.6534229022872124,3.737543171865609,4.115860857130414,4.620241592344752,5.6217777906967985,6.086511402018219,7.038171125807429,9.408841320584544,"rgba(38, 166, 154, 0.5)",0.0,0.0,0.40320027594530006,3.6727141244795405,-0.03153302524342816,0.0,0.0,0.0,0.0,0.0,0.0,0.0,0.0,58.65863698959827,15.409779662844983,False,False,True,False,False,4.621368786084837,0,1.089056647432282,0.8735736908325741,False,False,False,False,0.13277473286867253,0.19032507248170963,False,False,False,False,-6530639,-6574714.253116691,False,False,False,False,23880.32507316636,False,False,False,False
2025-08-04 00:00:00+00:00,3.76,3.7649,3.66,3.66,5432,3.8902232941928307,3.6990780515108757,4.134760922750371,4.679025665330476,4.7718145317215885,4.976892291347533,5.621335825701609,5.850524951115927,6.368171738445668,6.573176732749702,,3.3096589561797938,3.4227472614501226,3.5326990140656527,4.079762464103395,4.294552100673392,7.341622174418182,3.9207375971949294,3.653532195793292,3.7375354878818405,4.11566843525625,4.619912380329264,5.621335825701609,6.086057200797136,7.037684617870582,9.408262634154665,"rgba(38, 166, 154, 0.5)",0.0,0.0,0.40851785431868376,3.672951612644205,0.21308343426255383,0.0,0.0,0.0,0.0,1.0,3.74,3.71,901.0,57.44346172517306,14.54727878218938,False,False,True,False,False,6.433587710761824,0,1.089122380456177,0.8727712168577052,False,False,False,False,0.15098438845001752,0.17065473046586357,False,False,False,False,-6525207,-6572772.792210153,False,False,False,False,23156.861344806897,False,False,False,False
2025-08-05 00:00:00+00:00,3.74,3.82,3.74,3.76,7151,3.8881260868739616,3.699187961169935,4.134522640546871,4.678598485018309,4.7713761868919935,4.976420088821028,5.620766097529268,5.849948232978148,6.367550268918936,6.572572388131285,,3.312321061840645,3.423601622387696,3.5332147563988876,4.079554293622461,4.294242698865344,7.340981892384198,3.9146225108369275,3.653749172744876,3.737567333923424,4.115440471707669,4.619497990181513,5.620766097529268,6.0854692562646315,7.037051791219482,9.407506142166666,#000000,0.0,0.0,0.4120600760886098,3.6734560969312335,0.16149077993777056,0.0,0.0,0.0,0.0,0.0,0.0,0.0,0.0,56.1464021996959,13.405892065424865,False,False,False,False,False,6.00789022340134,0,1.100700474701864,0.8604550191038556,False,False,False,False,0.18922659788642587,0.17994066417614474,False,False,False,False,-6532358,-6571187.8983979905,False,False,False,False,22529.18050775565,False,False,False,False
2025-08-06 00:00:00+00:00,3.755,3.7737,3.75,3.75,16058,3.883405909880083,3.6994076397894,4.133978380230444,4.677633225011976,4.770386302949717,4.975354855953863,5.619483119093791,5.848649930593673,6.366151996524868,6.5712128124337585,,3.318095749981974,3.425465371874608,3.5343296703899405,4.07907725686948,4.29353990601192,7.339542081691573,3.9019338320703536,3.654202941351255,3.737621206378671,4.114919250672572,4.618561182651586,5.619483119093791,6.084146037866599,7.0356285496967885,9.40580599580297,#000000,0.0,0.0,0.4165122831103868,3.6745700772954075,0.19310336325249816,0.0,0.0,0.0,0.0,0.0,0.0,0.0,0.0,55.61360444406559,12.823947743655054,False,True,False,False,False,6.282805028653044,0,1.0997773995024225,0.8649993452926543,False,False,False,False,0.17890197572051544,0.1794213199483301,False,False,False,False,-6516300,-6569035.431794148,False,False,False,False,22275.408723137778,False,False,False,False
2025-08-07 00:00:00+00:00,3.7053,3.7799,3.67,3.779,12880,3.8786855705945156,3.6994629037224334,4.133495100690284,4.676825810269377,4.769561444646649,4.974472902741926,5.618432580762646,5.847589239408119,6.3650138402009695,6.570107303809719,,3.322198948107837,3.426763030416633,3.5350540279284646,4.078646489476923,4.292934179058047,7.33837478656065,3.890629126117639,3.6544229933412433,3.73758352644626,4.1144539810429155,4.617775310363295,5.618432580762646,6.083067005654971,7.034473537849684,9.404433123727058,#000000,0.0,0.0,0.4189944753466526,3.675197517470442,0.07184458101661802,0.0,0.0,0.0,0.0,0.0,0.0,0.0,0.0,53.94069970694111,11.056034860927703,False,True,False,False,False,5.202305431199218,0,1.0890759706069548,0.8634351675056415,False,False,False,False,0.1580248427549664,0.16872308135164826,False,False,False,False,-6529180,-6567472.4736845745,False,False,False,False,21906.961322230414,False,False,False,False
2025-08-08 00:00:00+00:00,3.82,3.8725,3.7,3.71,14431,3.8761642296631225,3.6997814850173376,4.133057887275732,4.675997308460777,4.768708222382801,4.973548350179145,5.617305859680576,5.84644617812703,6.363777867570653,6.568904016700172,,3.327595574900024,3.4285940204282,3.5362060983635892,4.078270776210939,4.292350253132473,7.337096378753095,3.884617019027169,3.6549703820751693,3.737714838153032,4.1140378341864245,4.616973729587441,5.617305859680576,6.081899607698495,7.033211241385312,9.40291710579519,#000000,0.0,0.0,0.4239276845434472,3.6765868477187986,0.3382962649293625,0.0,0.0,0.0,0.0,0.0,0.0,0.0,0.0,55.38441912252375,11.056034860927703,False,True,False,False,False,7.320964334218349,0,1.0917890188609523,0.8498088320991515,False,False,False,False,0.19279104865230726,0.18075706500197775,False,False,False,False,-6514749,-6565404.886481258,False,False,False,False,21613.78636841746,False,False,False,False
2025-08-11 00:00:00+00:00,3.605,3.88,3.57,3.83,74555,3.8497331933173102,3.6995374244302663,4.130065862634257,4.671196796289636,4.763816112160598,4.968340154731943,5.611148526214783,5.840237883655831,6.357132265094528,6.5624523875520255,,3.3473988867972144,3.4349735174419034,3.539505729247938,4.075574230428312,4.288674427346353,7.330296955038685,3.834691837948753,3.6555524261553582,3.7371246631499835,4.111147218115167,4.6122922339429255,5.611148526214783,6.075591332093895,7.026479284318407,9.394940999542309,#000000,0.0,0.0,0.424128312804473,3.679595403075956,-0.17587932902358558,0.0,0.0,0.0,0.0,-1.0,3.7,3.4881,0.0,51.633660945685556,8.625050871829849,False,True,False,False,False,2.8037621624559996,0,1.071978097193703,0.8516769336071185,False,False,False,False,0.15805303533842993,0.16940505017020385,False,False,False,False,-6589304,-6566342.106619248,False,False,False,False,23689.9123931854,False,False,False,False
2025-08-12 00:00:00+00:00,3.35,3.4881,3.25,3.26,50696,3.8078789846645877,3.695797627310156,4.126597193520222,4.666900873112632,4.759528417539827,4.963939272902391,5.60628717864529,5.8354084332340905,6.352089403282579,6.55759232633938,3.3627,3.34795445286625,3.4337711191154807,3.536879252442432,4.072265923510649,4.2848792857368485,7.32528040806648,3.766088868787708,3.65174294903915,3.734295776007949,4.107733970338078,4.60803854915244,5.60628717864529,6.070744995094027,7.021477080804984,9.389224674254613,"rgba(239, 83, 80, 1.0)",0.0,0.0,0.42323816411118576,3.674477557806914,-0.7666547710514896,0.0,0.0,0.0,0.0,0.0,0.0,0.0,0.0,45.59591626983109,2.909698322731387,False,True,False,True,False,0.0,0,1.0318922470433638,0.8976084099868593,False,False,False,False,-0.03904234964401012,0.06518135026309686,False,False,False,False,-6640000,-6569230.651457709,False,False,False,False,24748.97465227617,False,False,False,False
2025-08-13 00:00:00+00:00,3.275,3.36,3.1073,3.36,109236,3.720315063066517,3.685321918363762,4.118116862171474,4.656929844953453,4.749623140550247,4.953861337946827,5.595348917289042,5.824583897096678,6.340864177631921,6.546794227839739,3.2839711052197185,3.3406607443433827,3.4273225064547512,3.527901794837651,4.064099543993256,4.275797566932865,7.314200943181264,3.6423934183647106,3.6407195047002245,3.726496822314602,4.0993624909052535,4.5981314303807075,5.595348917289042,6.059919104320123,7.010406884691698,9.376709424254285,"rgba(239, 83, 80, 1.0)",0.0,0.0,0.4219126729078035,3.6610365513625234,-0.9149678977452291,0.0,0.0,0.0,0.0,0.0,0.0,0.0,0.0,40.76426671416637,-1.4985909611835027,False,True,False,True,False,0.0,0,1.032710952935481,0.9187329085270914,False,False,False,False,-0.11398360099808823,-0.024401125367495682,False,False,False,False,-6749236,-6576289.684733878,False,False,False,False,28062.191332579067,False,False,False,False
2025-08-14 00:00:00+00:00,2.95,3.26,2.89,3.25,139835,3.6058155151843114,3.6663878638549185,4.104885444206444,4.64246029951127,4.735350590317925,4.939534672849706,5.580230415449277,5.809718414894684,6.3256261018356605,6.5321834322481145,3.1670538567176068,3.3145410319246045,3.4106087537992145,3.5090152434013038,4.051199108931383,4.262028741200027,7.299363404616089,3.499939278462254,3.6202353091651838,3.712568452208636,4.086246693356691,4.583680549872609,5.580230415449277,6.045135465172332,6.9955292316423945,9.360205636165906,"rgba(239, 83, 80, 1.0)",0.0,0.0,0.4209341445055956,3.637075138694949,-1.6322627842460888,0.0,0.0,0.0,0.0,-1.0,3.1073,2.99,0.0,34.88941538394661,-6.804791778632293,False,True,False,True,False,0.0,0,0.9971870782194079,0.9222851520617582,False,False,False,False,-0.20351393752562214,-0.1139575314465589,False,False,False,False,-6889071,-6588555.618665882,False,False,False,False,32445.43873130146,False,False,False,False
2025-08-15 00:00:00+00:00,2.87,2.99,2.86,2.95,42638,3.572002756526083,3.659719641123976,4.100445595678809,4.637756191928142,4.730725388253815,4.934921201173706,5.575428464265494,5.805011772399686,6.320829966220211,6.52759209430477,3.134629128663425,3.304238045118186,3.4041734415974285,3.502082145909888,4.046848009059098,4.257464335400551,7.294725909294227,3.460445199427531,3.612972117424522,3.7076607874753633,4.081838021688468,4.578971509794747,5.575428464265494,6.040468003424642,6.990870591542179,9.355090023446655,"rgba(239, 83, 80, 1.0)",0.0,0.0,0.4214322436556553,3.628842548626519,-1.800627645488264,0.0,0.0,0.0,0.0,0.0,0.0,0.0,0.0,30.472883175729702,-10.689099914446317,False,True,False,True,False,0.0,0,0.989681156512908,0.9581102599144904,False,False,False,False,-0.2912120525741292,-0.20258479201034404,False,False,False,False,-6931709,-6602012.614012318,False,False,False,False,32845.14701634846,False,False,False,False
2025-08-18 00:00:00+00:00,2.98,2.98,2.86,2.95,13730,3.5623112273773248,3.6576911777365635,4.099062626037317,4.636275893231914,4.729268114314248,4.933464398017845,5.5739051095768914,5.803516811329977,6.319303460585667,6.52612968465194,3.127125631572297,3.3012991949925614,3.4022725349294376,3.500006533662389,4.045494686516674,4.256037181559285,7.293245986078093,3.4495228745752007,3.61077354190347,3.7061583893200893,4.080465446355616,4.577490873711722,5.5739051095768914,6.038983927951046,6.989384931572087,9.353452960618363,"rgba(239, 83, 80, 1.0)",0.0,0.0,0.4209402792503259,3.626445921834293,-1.535718850630264,0.0,0.0,0.0,0.0,0.0,0.0,0.0,0.0,29.860667572138205,-11.126197970509402,False,True,False,True,False,0.0,0,0.9897070962255183,0.9617048950699117,False,False,False,False,-0.29420447522229265,-0.24839463361631836,False,False,False,False,-6917979,-6614403.452678502,False,False,False,False,32095.53340786421,False,False,False,False
2025-08-19 00:00:00+00:00,2.9,2.98,2.85,2.98,26617,3.543479318586747,3.653628164696608,4.09632181593438,4.633362900905944,4.726402532096188,4.930603878749954,5.570923362958978,5.800592800636529,6.316321860915812,6.523274360010225,3.1120264735390015,3.2952729167426074,3.398395136730763,3.495812866992476,4.042809596717637,4.253216419310694,7.290360116225902,3.4284307931640057,3.606363235941238,3.7031491335219906,4.077744199279734,4.574575669153916,5.570923362958978,6.036083127703534,6.986486616198589,9.350266892733828,"rgba(239, 83, 80, 1.0)",0.0,0.0,0.4208404188701483,3.6216431602697825,-1.714766756974567,0.0,0.0,0.0,0.0,0.0,0.0,0.0,0.0,28.816165332925827,-12.212413794485812,False,True,False,True,False,0.0,0,0.9872987100058355,0.9602200067044934,False,False,False,False,-0.297202028695491,-0.2727983311559047,False,False,False,False,-6944596,-6627352.180024442,False,False,False,False,31880.688960496987,False,False,False,False
2025-08-20 00:00:00+00:00,2.83,2.9,2.8003,2.82,27833,3.5229653206065654,3.649050378332364,4.093309212135445,4.630210072463616,4.72330621405366,4.927523056536967,5.567734704173561,5.797471253283147,6.313148799710306,6.520238491010511,3.0938189090362935,3.28811169473593,3.3938616072175267,3.4909997950860823,4.03985119251642,4.250133856107118,7.2873006694816045,3.4054553538973877,3.6013752198441726,3.699764572623418,4.074750692161505,4.5714166952362545,5.567734704173561,6.032991082202665,6.98341087455159,9.346904236440581,"rgba(239, 83, 80, 1.0)",0.0,0.0,0.4221334319513416,3.61616386094551,-1.862358679603773,0.0,0.0,0.0,0.0,0.0,0.0,0.0,0.0,27.5826380290912,-13.621321058881136,False,True,False,True,False,0.0,0,0.9841321082691827,0.9712068537372733,False,False,False,False,-0.33657636922963624,-0.3046873501927705,False,False,False,False,-6972429,-6640884.60433721,False,False,False,False,31721.95606008534,False,False,False,False
2025-08-21 00:00:00+00:00,2.81,2.85,2.78,2.79,8884,3.5163893149666623,3.647545881418099,4.0923275846158,4.629189146406338,4.722304254499784,4.926527429644519,5.566707259127847,5.796466137018541,6.312128436841708,6.519262603798632,3.087878460863615,3.285721953814204,3.3923518249561826,3.4894077145546976,4.038886291699872,4.249131777702538,7.286318403965489,3.3981244230944334,3.599734117456589,3.69865208390117,4.073774968102995,4.570393288258071,5.566707259127847,6.031996092471361,6.9824229606504336,9.345826679353758,"rgba(239, 83, 80, 1.0)",0.0,0.0,0.42261218240055537,3.6143631964074907,-1.9033128478182593,0.0,0.0,0.0,0.0,0.0,0.0,0.0,0.0,26.604585322791255,-14.883995482046231,False,True,False,True,False,0.0,0,0.9789980009995002,0.9822713643178411,False,False,False,False,-0.34282825441539394,-0.32375780230408224,False,False,False,False,-6981313,-6654234.737500457,False,False,False,False,30826.349940081993,False,False,False,False
2025-08-22 00:00:00+00:00,2.88,2.92,2.77,2.77,25868,3.4990560004577347,3.6434218122956077,4.089574434885734,4.62629377095685,4.719458865143142,4.923693082827286,5.563766970078625,5.793585797387514,6.309197534333643,6.516457178676614,3.074448212103044,3.2795245662849544,3.3883257810385428,3.485108703430159,4.036184402250252,4.2463097401079795,7.283488430082904,3.3792841939365905,3.5952555056737756,3.6955864147458923,4.071039858815879,4.567493480144362,5.563766970078625,6.02914138663649,6.9795789359630405,9.342711923891507,"rgba(239, 83, 80, 1.0)",0.0,0.0,0.42084127686927764,3.6095865129553504,-1.7336381981893276,0.0,0.0,0.0,0.0,1.0,2.875,2.85,914.0,27.630841993434615,-14.883995482046231,False,True,False,True,False,0.0,0,0.9694077608848444,0.9731439351903228,False,False,False,False,-0.324795674078078,-0.32427673819108016,False,False,False,False,-6955445,-6666046.904657302,False,False,False,False,30631.904844392506,False,False,False,False
2025-08-25 00:00:00+00:00,2.915,2.9792,2.875,2.89,25156,3.4847058531581965,3.639787314383506,4.08705236626447,4.62359245681347,4.716798442380348,4.92103248858461,5.560983708030595,5.790853351497856,6.306406792431188,6.513782513369675,3.066354246503136,3.2745868694705687,3.384949956402547,3.4814195218244897,4.033715947987334,4.243706934453353,7.280781043080766,3.3643521261499454,3.591338563930153,3.6928607401183142,4.068536587730994,4.564791967886076,5.560983708030595,6.0264281749585065,6.976861431397905,9.339716746402306,"rgba(239, 83, 80, 1.0)",0.0,0.0,0.4179071949131857,3.605603546838407,-1.6525284925565114,0.0,0.0,0.0,0.0,0.0,0.0,0.0,0.0,29.145862235391284,-14.883995482046231,False,True,False,True,False,0.0,0,0.9983775281455517,0.9614693897771889,False,False,False,False,-0.27643594653071113,-0.30035634236089565,False,False,False,False,-6930289,-6676409.33976878,False,False,False,False,30417.16347794574,False,False,False,False
2025-08-26 00:00:00+00:00,2.856,2.9351,2.83,2.87,10954,3.4781484432626524,3.638107914624466,4.085911121814923,4.622384795324729,4.7156106263045485,4.919847591160634,5.559750942796819,5.7896446987085675,6.305175310728317,6.51260309830957,3.0619709299258275,3.2721832957488264,3.3833397578208335,3.4796874892947427,4.0325968711080655,4.242534511778704,7.2795898377572055,3.357457560636033,3.5895222448044226,3.691604137451836,4.067403134456981,4.563583096201584,5.559750942796819,6.025229436890667,6.975664854609425,9.33840336372066,"rgba(239, 83, 80, 1.0)",0.0,0.0,0.4173475379297969,3.6037285255177487,-1.7916207897781493,0.0,0.0,0.0,0.0,0.0,0.0,0.0,0.0,29.494384127324164,-14.883995482046231,False,True,False,True,False,0.0,0,0.9939793721524057,0.9715866419666551,False,False,False,False,-0.3025075860779334,-0.30143196421941454,False,False,False,False,-6941243,-6686794.973503338,False,False,False,False,29653.902165085125,False,False,False,False
2025-08-27 00:00:00+00:00,2.87,2.89,2.8113,2.89,16236,3.4684240007380938,3.6355784493817818,4.084200404928146,4.62058090169494,4.713837019407099,4.918079631372581,5.557914540074602,5.787844888872837,6.303342813047625,6.510848408370633,3.0552873895632353,3.2685270551332883,3.3808945631079834,3.477068529642661,4.030918441247512,4.240779406279389,7.277818771607652,3.3472489278835735,3.5867849091249924,3.6897110210921626,4.065703774577527,4.561776914807035,5.557914540074602,6.023444995419357,6.973885401677233,9.336452655184074,"rgba(239, 83, 80, 0.75)",0.0,0.0,0.4159381349440659,3.600902159372614,-1.7572376706235489,0.0,0.0,0.0,0.0,0.0,0.0,0.0,0.0,30.09539991549048,-14.883995482046231,False,True,False,True,True,0.0,0,0.9853411814907316,0.9721507549040526,False,False,False,False,-0.32142257532946755,-0.311427269774441,False,False,False,False,-6925007,-6696136.621601247,False,False,False,False,29127.70992331708,False,False,False,False
2025-08-28 00:00:00+00:00,2.77,2.87,2.75,2.87,35334,3.4462873041912543,3.629706895939402,4.080311282859466,4.616533749132279,4.709863587674632,4.914130005527656,5.553837402260304,5.783855022505116,6.299291702444504,6.506972471476849,3.0381432747923607,3.259651810549617,3.375045904812311,3.4708961881670097,4.027095022958807,4.2368089867356975,7.273916719621211,3.323841404447697,3.580410288933831,3.685323726751536,4.061837842196541,4.557720468237903,5.553837402260304,6.019494511844343,6.969961361808011,9.332171874659624,"rgba(239, 83, 80, 0.75)",0.0,0.0,0.417491450416674,3.5942437943950827,-1.9742770626139834,0.0,0.0,0.0,0.0,0.0,0.0,0.0,0.0,29.34117090799491,-14.883995482046231,False,True,False,True,True,0.0,0,0.9715511542922709,0.9773132615772209,False,False,False,False,-0.34282825441539394,-0.32712776209491745,False,False,False,False,-6960341,-6706497.577616884,False,False,False,False,29371.09384789288,False,False,False,False
2025-08-29 00:00:00+00:00,2.79,2.8265,2.764,2.8,21947,3.4331938294272417,3.6260873931679725,4.077901509920822,4.614024613851154,4.7073997811379495,4.911680513305953,5.551308125212732,5.781379530649111,6.2967778754440795,6.504567030502749,3.0284684383131153,3.2542687142212445,3.3714521519954204,3.467100685246577,4.024726005878769,4.2343484154427395,7.2714947465825155,3.310197092854462,3.5764865609498693,3.6826106510339423,4.059442452072339,4.555205748134064,5.551308125212732,6.017043208917208,6.967525886722255,9.329514487753274,"rgba(239, 83, 80, 0.75)",0.0,0.0,0.41979598369657467,3.590199904938758,-1.9061637938802583,0.0,0.0,0.0,0.0,0.0,0.0,0.0,0.0,29.41029191220953,-14.883995482046231,False,True,False,True,True,0.0,0,0.9679587410471097,0.9989407848280036,False,False,False,False,-0.34282825441539394,-0.33497800825515567,False,False,False,False,-6938394,-6715591.554965242,False,False,False,False,29079.952912681398,False,False,False,False
2025-09-02 00:00:00+00:00,2.7642,2.8,2.7223,2.78,25573,3.4178689720395705,3.621751978231589,4.07503674145777,4.61105945740397,4.704490024011354,4.908791338665818,5.548333393185775,5.778470017785976,6.293827109694965,6.501744467895931,3.016737686946166,3.2477349775503033,3.367096275498785,3.4625281679031,4.021907083213615,4.231429760713304,7.268656201625928,3.294246408052519,3.571782648223514,3.6793594036636996,4.056593891505312,4.552232628760221,5.548333393185775,6.014163888210767,6.964670336257664,9.326405949861858,"rgba(239, 83, 80, 0.75)",0.0,0.0,0.4205378958316093,3.585349120847577,-1.9526162302775667,0.0,0.0,0.0,0.0,0.0,0.0,0.0,0.0,29.134918919715073,-15.327408301444642,False,True,False,True,True,0.0,0,0.9610941475826972,1.0046055979643767,False,False,False,False,-0.34282825441539394,-0.33890313133527483,False,False,False,False,-6963967,-6725331.768496017,False,False,False,False,28942.425347478205,False,False,False,False
2025-09-03 00:00:00+00:00,2.72,2.77,2.64,2.74,55281,3.3845665840029557,3.6119674062598923,4.068642037977427,4.60450209412311,4.698061531825784,4.902421158087914,5.541804571633274,5.772091219271627,6.28737129118447,6.4955725644339095,2.9900684733157386,3.232731922942011,3.3570958710204,3.452122340698786,4.0156056751567615,4.224937287601676,7.262461442400437,3.259663180617468,3.561154277160123,3.672013788717996,4.050232275797821,4.545652909402941,5.541804571633274,6.007857486720985,6.958434282400811,9.319642965858693,"rgba(239, 83, 80, 0.75)",0.0,0.0,0.42228569342984196,3.5743904269308557,-2.023252125809474,0.0,0.0,0.0,0.0,-1.0,2.7223,2.7,0.0,28.399282442949783,-16.488464386633524,False,True,False,True,True,0.0,0,0.9486322580645162,1.0307225806451614,False,False,False,False,-0.34282825441539394,-0.3408656928753344,False,False,False,False,-7019248,-6736857.895221664,False,False,False,False,29975.31062796926,False,False,False,False
2025-09-04 00:00:00+00:00,2.64,2.7,2.62,2.69,50187,3.354614303122111,3.6027178139435776,4.062648276277354,4.598411132451845,4.692095861633404,4.8965212028172465,5.5357852325911034,5.766216391335028,6.281437948813886,6.489903145976986,2.9654334830892872,3.2184185915497108,3.347504722512633,3.4422189653217723,4.009691092188185,4.218872194800042,7.256782254149986,3.2287416522711117,3.551102359418509,3.665053630062398,4.04426669872535,4.539536918771222,5.5357852325911034,6.002054996293394,6.952713372303341,9.31346259949235,"rgba(239, 83, 80, 0.75)",0.0,0.0,0.4262975343306869,3.5640706717788313,-2.1676660017039002,0.0,0.0,0.0,0.0,0.0,0.0,0.0,0.0,26.9805167954061,-18.226436879687633,False,True,False,True,True,0.0,0,0.9465959577801176,1.0203009835897174,False,False,False,False,-0.34282825441539394,-0.3418469736453642,False,False,False,False,-7069435,-6749900.134624736,False,False,False,False,30767.925897460664,False,False,False,False
2025-09-05 00:00:00+00:00,2.52,2.68,2.46,2.68,81661,3.3045462749989167,3.586497379849668,4.052319015613491,4.588075812103158,4.681990477464715,4.886562034492648,5.525706462397808,5.7563988492832,6.271559943340478,6.480474397063348,2.9215960455458494,3.1927176672835778,3.330275851582256,3.4246418906170675,3.9994747738139553,4.208478882291131,7.247371216009357,3.1769903508697865,3.53344412183523,3.652830046130971,4.033977968787449,4.529146295059088,5.525706462397808,5.99237568423774,6.943221351456003,9.303280143368886,"rgba(239, 83, 80, 1.0)",0.0,0.0,0.43197538452541767,3.5459064956618382,-2.3749188782803743,0.0,0.0,0.0,0.0,-1.0,2.62,2.52,934.0,24.86153006399559,-20.523652979665794,False,True,False,True,False,0.0,0,0.9285047386394158,1.0368475577781473,False,False,False,False,-0.34282825441539394,-0.3423376140303791,False,False,False,False,-7151096,-6765633.305815924,False,False,False,False,32763.732725011225,False,False,False,False
2025-09-08 00:00:00+00:00,2.37,2.52,2.3359,2.51,76071,3.2552657866948773,3.569778059427492,4.041906572465411,4.577863497751775,4.6720282825242085,4.876789817884193,5.515924623768013,5.746896459335324,6.262048828126197,6.471409488261183,2.875347526776709,3.165473107250284,3.3120192339402195,3.4062648612511333,3.989146472799952,4.198076767987898,7.238369011056012,3.125800958138618,3.5152009757439555,3.6402155224812627,4.0235962200962865,4.518862535450259,5.515924623768013,5.983030377294251,6.934125623465129,9.293619522206969,"rgba(239, 83, 80, 1.0)",0.0,0.0,0.4410058264490485,3.5270569656953823,-2.623677276583697,0.0,0.0,0.0,0.0,0.0,0.0,0.0,0.0,22.30102036379936,-23.12274662624928,False,True,False,True,False,0.0,0,0.9121885624397421,1.049233774800832,False,False,False,False,-0.34282825441539394,-0.34258293422288655,False,False,False,False,-7227167,-6783732.666372162,False,False,False,False,34462.05693187353,False,False,False,False
2025-09-09 00:00:00+00:00,2.33,2.5,2.2774,2.5,99628,3.1957188697384558,3.5478651150816805,4.028142563084509,4.56439166495227,4.658886980003147,4.863904436702197,5.503044428078032,5.7343864441153665,6.249536040574298,6.459483472091961,2.821886663097882,3.1308113382544476,3.2881765020023392,3.3822651409345337,3.975487888511297,4.18433716858279,7.226533609988737,3.065077872317004,3.491363272965451,3.623558822532807,4.009870775367847,4.505294800583737,5.503044428078032,5.970730120787765,6.922164759178408,9.280935802594907,"rgba(239, 83, 80, 1.0)",0.0,0.0,0.45099057924263963,3.5029115251513163,-2.600745069045605,0.0,0.0,0.0,0.0,0.0,0.0,0.0,0.0,20.326626874386257,-25.08651931570109,False,True,False,True,False,0.0,0,0.9074749544057761,1.0472306193319512,False,False,False,False,-0.34282825441539394,-0.34270559431914027,False,False,False,False,-7326795,-6805029.228475215,False,False,False,False,37017.58411101574,False,False,False,False
2025-09-10 00:00:00+00:00,2.36,2.38,2.3151,2.35,39407,3.1738658217673814,3.5392918669261952,4.022704085268572,4.559066287575278,4.6536910907458555,4.858808847856342,5.4979506525534365,5.7294382514451465,6.24458675143555,6.4547653313133635,2.803033209974779,3.117624811620171,3.2789025793927133,3.3729179152035083,3.9700907631842224,4.178907745487358,7.221851338378134,3.0431301745354262,3.4820636722357103,3.6170003768147123,4.004447422703425,4.499931937332724,5.4979506525534365,5.965864499869524,6.9174329743827485,9.2759190597447,"rgba(239, 83, 80, 1.0)",0.0,0.0,0.4600610082925925,3.493643192556063,-2.464114915461564,0.0,0.0,0.0,0.0,0.0,0.0,0.0,0.0,20.044261803188032,-25.465391014601693,False,True,False,True,False,0.0,0,0.9141066710910878,1.0769721644353119,False,False,False,False,-0.34282825441539394,-0.3427669243672671,False,False,False,False,-7287388,-6823945.258731089,False,False,False,False,37111.28669489748,False,False,False,False
2025-09-11 00:00:00+00:00,2.38,2.4,2.33,2.37,37897,3.154336211052083,3.5312875277755253,4.017564093079648,4.554011349521512,4.648755872615762,4.85396359902929,5.493095971327259,5.724719007081896,6.239861269433898,6.450258384057431,2.7869548735518896,3.1056509523081,3.2703282743544144,3.3642456521868773,3.9649924876278164,4.1737686169531205,7.217373846783709,3.0237865965909503,3.4734049435162735,3.6108470253276503,3.999322620188824,4.494843421625735,5.493095971327259,5.9612212752305505,6.9129099367140485,9.271114128614174,"rgba(239, 83, 80, 1.0)",0.0,0.0,0.4681299514926704,3.4851307238196227,-2.36073492049766,0.0,0.0,0.0,0.0,0.0,0.0,0.0,0.0,20.566754643883844,-25.465391014601693,False,True,False,True,False,0.0,0,0.8980884399780367,1.0717760780457908,False,False,False,False,-0.33521075589285787,-0.3389888401300625,False,False,False,False,-7249491,-6840633.327016144,False,False,False,False,37142.09898137209,False,False,False,False
2025-09-12 00:00:00+00:00,2.349,2.4,2.3,2.37,19233,3.1445357205610365,3.527196647907444,4.014935677948346,4.551431050918308,4.646237088406051,4.851491740088589,5.490621942375846,5.722314539074419,6.237454882154687,6.447963498808688,2.778867222904979,3.099555728404449,3.265941457213069,3.359812696268024,3.962384657385746,4.171142351386818,7.215095128773141,3.014096478741483,3.4689819214919537,3.607696533986319,3.996701715542898,4.492245629296817,5.490621942375846,5.958856073157521,6.910607643942236,9.268670971007351,"rgba(239, 83, 80, 1.0)",0.0,0.0,0.4768573183659072,3.4807940048632395,-2.373443714236507,0.0,0.0,0.0,0.0,0.0,0.0,0.0,0.0,20.603884280714556,-25.465391014601693,False,True,False,True,False,0.0,0,0.89499826729814,1.0793320755201314,False,False,False,False,-0.3417564532250301,-0.3403726466775463,False,False,False,False,-7268724,-6857421.196544923,False,False,False,False,36439.78137425946,False,False,False,False
2025-09-15 00:00:00+00:00,2.37,2.4,2.3289,2.34,23895,3.1329351597806063,3.522224682285493,4.011714165193671,4.548257855457041,4.643138047683852,4.848447874180749,5.487569887024351,5.719346715378022,6.234482113508589,6.445127475580429,2.769600141129683,3.0922835640185315,3.260647071338608,3.3544486829268236,3.959189701325873,4.167919704967977,7.212276697399933,3.002730601814731,3.463615983665222,3.6038556972318077,3.993489859480926,4.489051881738154,5.487569887024351,5.95593539026746,6.907760938612654,9.265645294861086,"rgba(239, 83, 80, 1.0)",0.0,0.0,0.484580173182195,3.475577552240368,-2.2815162762028383,0.0,0.0,0.0,0.0,0.0,0.0,0.0,0.0,21.4532156466851,-25.465391014601693,False,True,False,True,False,0.0,0,0.8923037323037322,1.0795495495495495,False,False,False,False,-0.3354502732502647,-0.3379114599639055,False,False,False,False,-7244829,-6872613.659425514,False,False,False,False,35947.82916350419,False,False,False,False
2025-09-16 00:00:00+00:00,2.34,2.37,2.33,2.36,20322,3.1230921701492953,3.5179583073826386,4.008951679341803,4.545542170483296,4.640486355503533,4.845844586265676,5.484962593463777,5.716812040201818,6.231944636755868,6.442707024970358,2.7616721792841314,3.0860471403339655,3.2560953653880476,3.3498423762599985,3.956449164890711,4.165158211099732,7.2098725798408925,2.9930848224418707,3.4590124153377895,3.6005563042528697,3.990735371856515,4.486318181504503,5.484962593463777,5.953441603555947,6.9053322494446245,9.263066815449163,"rgba(239, 83, 80, 0.75)",0.0,0.0,0.49265956495737345,3.4711057728137105,-2.29591761384269,0.0,0.0,0.0,0.0,0.0,0.0,0.0,0.0,21.65890634937262,-25.465391014601693,False,True,False,True,True,0.0,0,0.8862487820721012,1.0919909061383566,False,False,False,False,-0.34175645322503,-0.33983395659446775,False,False,False,False,-7265151,-6888007.280624513,False,False,False,False,35335.051549249125,False,False,False,False
2025-09-17 00:00:00+00:00,2.325,2.3814,2.3,2.33,59902,3.095062772818772,3.5054422763077535,4.000807423238023,4.537535563897273,4.632667630547285,4.838168200139272,5.4772750082744555,5.709338083617637,6.224462789853948,6.4355695422781585,2.739355663576106,3.067987271499847,3.2427764825558616,3.336357473477658,3.9483691411442337,4.157016984512098,7.202783613645566,2.9657689596629777,3.4455264398145973,3.590844880024007,3.9826145251514804,4.478258679234392,5.4772750082744555,5.946088055843393,6.898170814148992,9.255465258371814,"rgba(239, 83, 80, 0.75)",0.0,0.0,0.5009513235491148,3.4580880193081938,-2.261872493480102,0.0,0.0,0.0,0.0,0.0,0.0,0.0,0.0,21.611740796238273,-25.465391014601693,False,True,False,True,True,0.0,0,0.8778340647749024,1.097240490174374,False,False,False,False,-0.34282825441539394,-0.34133110550493084,False,False,False,False,-7325053,-6905146.328443159,False,False,False,False,36298.46129241583,False,False,False,False
2025-09-18 00:00:00+00:00,2.25,2.369,2.24,2.32,54491,3.0697030657706352,3.4938162048612726,3.993250838059601,4.53014103571921,4.625449967073046,4.83108960044006,5.470205520126634,5.7024693030588605,6.217596026003487,6.429020759718164,2.718758756914129,3.0512450871618926,3.230352874861852,3.323811299202451,3.940866859942001,4.149475766893562,7.196287970642069,2.9410309177359193,3.4330061443876945,3.581798582847957,3.9750778427651894,4.470812574005625,5.470205520126634,5.939334001239105,6.891605803546062,9.248515837621518,"rgba(239, 83, 80, 0.75)",0.0,0.0,0.5100314536386404,3.4460232054844893,-2.344998915168626,0.0,0.0,0.0,0.0,0.0,0.0,0.0,0.0,20.711747243405224,-26.048688400780666,False,True,False,True,True,0.0,0,0.8703412619025966,1.1038075319242913,False,False,False,False,-0.34282825441539394,-0.3420796799601624,False,False,False,False,-7379544,-6923750.15870029,False,False,False,False,37011.894182909324,False,False,False,False
2025-09-19 00:00:00+00:00,2.24,2.3316,2.24,2.26,53835,3.0456887774472796,3.4823983463438792,3.9857818520106263,4.522831969927517,4.618314796678192,4.824091495031756,5.4632173257113354,5.695678969292601,6.210808233071531,6.42254648577579,2.6994907619586797,3.0350667452944564,3.218191567961348,3.3115228150704774,3.9334509637930277,4.142022128946276,7.189866763264383,2.9177496615158787,3.4207325492504164,3.572876050154387,3.967628319914491,4.463452773748754,5.4632173257113354,5.93265693744653,6.885115966324175,9.241648125305476,"rgba(239, 83, 80, 0.75)",0.0,0.0,0.5193581625410749,3.4342819986208597,-2.2995344730456724,0.0,0.0,0.0,0.0,0.0,0.0,0.0,0.0,20.001743988861165,-26.92792767828835,False,True,False,True,True,0.0,0,0.8648219285109705,1.114135034832997,False,False,False,False,-0.34282825441539394,-0.3424539671877782,False,False,False,False,-7433379,-6943735.603457142,False,False,False,False,37671.623822795234,False,False,False,False
2025-09-22 00:00:00+00:00,2.26,2.3599,2.21,2.24,75193,3.0147113287664284,3.4668813406150436,3.9754941570618794,4.51272939740311,4.6084466570446425,4.81440400596887,5.45352618821226,5.686256363850929,6.201381113659659,6.41355057360528,2.67553975586423,3.0137322793584085,3.2018184276769577,3.294929163210566,3.9232400871744555,4.131743452196811,7.180937122656858,2.88809512032734,3.4041057893558238,3.5606724339818503,3.95736867951585,4.453283508912004,5.45352618821226,5.923386920611429,6.876093804544946,9.232086750130243,"rgba(239, 83, 80, 0.75)",0.0,0.0,0.5277445117163133,3.3320175556444065,-2.031319192989855,0.0,0.0,0.0,0.0,0.0,0.0,0.0,0.0,20.531808171318595,-26.92792767828835,False,True,False,True,True,0.0,0,0.8612376760110174,1.1040234767163486,False,False,False,False,-0.34282825441539394,-0.3426411108015861,False,False,False,False,-7358186,-6959988.560184313,False,False,False,False,39143.05033954836,False,False,False,False
2025-09-23 00:00:00+00:00,2.4072,2.42,2.26,2.26,87370,2.985546265984489,3.4506092786134084,3.9642905969019426,4.501550215481904,4.597502311436793,4.8036171346463075,5.442641423000856,5.675646622522209,6.1907220579006,6.40336243738318,2.656203529199737,2.9931172503079493,3.185193469692469,3.277873110972995,3.9121423928662584,4.120487216357005,7.170782809772125,2.861282599252971,3.386807560612207,3.547706086724149,3.9462032362703092,4.442046491011334,5.442641423000856,5.912926498417617,6.865849490709437,9.221146481389201,"rgba(239, 83, 80, 0.75)",0.0,0.0,0.5330208508909643,3.319051600265572,-1.710724071565639,0.0,0.0,0.0,0.0,1.0,2.41,2.3599,935.0,26.906138956099745,-26.345696879219584,False,True,False,True,True,0.0,0,0.8630535682231966,1.1100212836884888,False,False,False,False,-0.31976899121744407,-0.3312050510095151,False,False,False,False,-7270816,-6972177.871549634,False,False,False,False,41034.30326740921,False,False,False,False
2025-09-24 00:00:00+00:00,2.51,2.5451,2.41,2.41,58382,2.9711233548785034,3.4412286735723367,3.9574724550078964,4.4945807585158155,4.590657202038504,4.796831130058497,5.435706379974028,5.6688628066240385,6.183865715682321,6.3967944081390575,2.649552674034294,2.982663177345944,3.176091954796402,3.2683404806736944,3.9054099280993535,4.113578337052915,7.164198491018263,2.8489919038960254,3.3769477122502782,3.5401013373892756,3.939415538729216,4.435055569576523,5.435706379974028,5.906217640561028,6.859220709006598,9.21398933027516,"rgba(239, 83, 80, 0.75)",0.0,0.0,0.5368355187123837,3.2404110723121313,-1.3605863376254328,0.0,0.0,0.0,0.0,0.0,0.0,0.0,0.0,34.18023271325194,-19.82366230178353,False,True,False,True,True,0.0,0,0.8588600284724274,1.1613930000805823,False,False,False,False,-0.26350537879661834,-0.2973552149030667,False,False,False,False,-7212434,-6981599.680508472,False,False,False,False,41714.60510005983,False,False,False,False
2025-09-25 00:00:00+00:00,2.4,2.51,2.4,2.51,49019,2.958415090211905,3.433072843745734,3.9515964784897157,4.488616344903599,4.584803598259132,4.791037157250123,5.429806939471822,5.663096979593782,6.178048276287991,6.391223998477242,2.6426976626764613,2.973330705878742,3.168070894480296,3.259993777564671,3.899601708522269,4.1076393796618635,7.15862344668406,2.837889012121473,3.36836270919591,3.533490263154647,3.933563717459154,4.429069473904995,5.429806939471822,5.900520081761837,6.853604851670757,9.207945643322606,"rgba(239, 83, 80, 0.75)",0.0,0.0,0.5423076063609652,3.2328691563443974,-1.5357873402019586,0.0,0.0,0.0,0.0,-1.0,2.41,2.4,937.0,36.58720372021729,-18.028316225339406,False,True,False,True,True,0.0,0,0.8025028098357957,1.1926176704405274,False,False,False,False,-0.27260959969372783,-0.2849824072983973,False,False,False,False,-7261453,-6992574.320488532,False,False,False,False,42001.05195888101,False,False,False,False
2025-09-26 00:00:00+00:00,2.35,2.4,2.314,2.4,23604,2.951580592468895,3.428873316513029,3.9486309231560712,4.485642350380624,4.581889096766267,4.788160516704695,5.426896868896267,5.660257530018275,6.175192202852375,6.388491775345287,2.6382998247424125,2.9682803382856133,3.1638441844992125,3.255639712689419,3.8966653957535806,4.104654984477993,7.155897059261722,2.8317035900022245,3.363925534729148,3.530099134633702,3.930608659324857,4.426081671168837,5.426896868896267,5.897718429698323,6.850855637128059,9.205004088676976,"rgba(239, 83, 80, 0.75)",0.0,0.0,0.5487393990092814,3.228079720447,-1.6001761893392825,0.0,0.0,0.0,0.0,0.0,0.0,0.0,0.0,37.226827052139015,-17.7385254854521,False,True,False,True,True,0.0,0,0.787304747749516,1.2096665638408257,False,False,False,False,-0.31271503468049416,-0.2988487209894457,False,False,False,False,-7285057,-7004044.229488982,False,False,False,False,41279.598940885684,False,False,False,False
2025-09-29 00:00:00+00:00,2.32,2.4,2.28,2.38,27280,2.943596482673813,3.423964748665198,3.9451715261466074,4.482181200389393,4.578498003675955,4.784815257901875,5.423517141568261,5.6569608008636205,6.171878244019273,6.385321974200468,2.6330115509520433,2.962345810912143,3.1588862623096436,3.2505415222607636,3.8932389081890415,4.10117655116749,7.152735943162686,2.8244382593469397,3.3587380976119587,3.5261334164405413,3.9271610951206255,4.422603809880911,5.423517141568261,5.894466505630638,6.847667396729205,9.201596993793242,"rgba(239, 83, 80, 0.75)",0.0,0.0,0.5554945039160359,3.2225950110605384,-1.6248495794244033,0.0,0.0,0.0,0.0,0.0,0.0,0.0,0.0,37.08699794298171,-17.7385254854521,False,True,False,True,True,0.0,0,0.7781830143882833,1.2152950599273438,False,False,False,False,-0.31976899121744407,-0.3093088561034449,False,False,False,False,-7312337,-7016134.142058042,False,False,False,False,40730.59506085095,False,False,False,False
2025-09-30 00:00:00+00:00,2.27,2.41,2.26,2.29,26035,2.9359232284943544,3.419235886639279,3.9418430042478163,4.478857727875232,4.575242453320383,4.781605184191887,5.420277706218162,5.65380171852871,6.168704403484955,6.382286545036634,2.627807282400489,2.9566078416690513,3.1540962003185995,3.2456233347422625,3.8899410286887957,4.097832170259593,7.149710452302722,2.8174249027797917,3.3537402565267436,3.522310068354344,3.92384360761662,4.41926376358197,5.420277706218162,5.891351122322707,6.844615392945114,9.198339081347758,"rgba(239, 83, 80, 0.75)",0.0,0.0,0.5628506110571517,3.217389104238915,-1.6831981446364948,0.0,0.0,0.0,0.0,0.0,0.0,0.0,0.0,36.07571331687858,-17.7385254854521,False,True,False,True,True,0.0,0,0.7737985875868403,1.2031492220244586,False,False,False,False,-0.3218495271398772,-0.31557919162166104,False,False,False,False,-7338372,-7028770.920800864,False,False,False,False,40154.29721532738,False,False,False,False
2025-10-01 00:00:00+00:00,2.33,2.34,2.2601,2.28,29586,2.9273820676125286,3.413894796200531,3.938069307538533,4.475087562059264,4.5715488276796705,4.777962521718932,5.416600714008873,5.650215457645879,6.165100922700255,6.378839799288699,2.622035200067616,2.9501763625914736,3.1486971557105483,3.2400770642129304,3.8862022042871005,4.094039794185894,7.146274550717105,2.809634357718996,3.3481006067083574,3.517982619007287,3.9200824640325913,4.415475047101972,5.416600714008873,5.887814135698559,6.8411495775271325,9.19463877761831,"rgba(239, 83, 80, 0.5)",0.0,0.0,0.5686148612703495,3.2117561010305424,-1.5507088560094966,0.0,0.0,0.0,0.0,0.0,0.0,0.0,0.0,37.37758074850857,-17.711965686467927,False,False,False,True,True,0.0,0,0.7627171399774707,1.2423815734866903,False,False,False,False,-0.33646911340497093,-0.32602415251331596,False,False,False,False,-7308786,-7039751.90429887,False,False,False,False,39739.854187275334,False,False,False,False
2025-10-02 00:00:00+00:00,2.27,2.365,2.25,2.34,43585,2.914919569486991,3.4060136521752202,3.932490683093474,4.469518910448978,4.5660933803930766,4.772583234390561,5.411173578880333,5.64492258724188,6.15978399842178,6.373754075234629,2.613512226692841,2.940714350070532,3.140727794308333,3.231895106224017,3.880674203294739,4.088435392165996,7.141206079286541,2.798251265096031,3.3397839103210254,3.511584925203986,3.914522075911585,4.409878703901142,5.411173578880333,5.8825944458535675,6.836036599062926,9.189182976119099,"rgba(239, 83, 80, 0.5)",0.0,0.0,0.575605113253387,3.2035974307684625,-1.621940822401075,0.0,0.0,0.0,0.0,0.0,0.0,0.0,0.0,37.04625837971019,-17.711965686467927,False,False,False,True,True,0.0,0,0.74432888012194,1.23615469679309,False,False,False,False,-0.3333413217916942,-0.32968273715250507,False,False,False,False,-7352371,-7052011.476679307,False,False,False,False,39890.64421914689,False,False,False,False
2025-10-03 00:00:00+00:00,2.33,2.385,2.27,2.27,93004,2.891247704598007,3.3900557581163167,3.920952227492024,4.457911528391667,4.55470881693129,4.76133558768564,5.399778936772875,5.633795854390744,6.14858460012092,6.363032469636197,2.5984886044656426,2.9224068081731875,3.124861145495368,3.215505722777541,3.869251030122566,4.076812517503379,7.130500184475786,2.7770715959292476,3.3230216501040912,3.498522500015135,3.9030249366521144,4.398221813890628,5.399778936772875,5.871609963786637,6.825244420542882,9.177626045387395,"rgba(239, 83, 80, 0.5)",0.0,0.0,0.5814273321917885,3.1889121252284087,-1.4772475899792916,0.0,0.0,0.0,0.0,0.0,0.0,0.0,0.0,38.73530719141558,-16.14479914413802,False,False,False,True,True,0.0,0,0.7449006977992484,1.2251893600524844,False,False,False,False,-0.3249753960346305,-0.32732906659356775,False,False,False,False,-7259367,-7060143.065829139,False,False,False,False,41973.52091643525,False,False,False,False
2025-10-06 00:00:00+00:00,2.28,2.41,2.22,2.22,120265,2.8620895138234226,3.3696381610207444,3.9060451066097728,4.442913088799828,4.539994480267385,4.746795756875207,5.3850497094990475,5.619409917467889,6.134105040553329,6.349166770961159,2.5796640759517846,2.899365065247344,3.1046241493529187,3.194600711494132,3.8544907981063035,4.061796779685799,7.1166549249702475,2.750981731795013,3.3016280288233024,3.4817009830472676,3.8881704655016196,4.383160540204187,5.3850497094990475,5.857406500706809,6.811288098610475,9.162684851682819,"rgba(239, 83, 80, 0.5)",0.0,0.0,0.5881515980249477,3.1701744399518423,-1.513511895472371,0.0,0.0,0.0,0.0,0.0,0.0,0.0,0.0,38.79073913796496,-15.899990952493923,False,False,False,True,True,0.0,1,0.7413028148322265,1.2167391432097314,False,False,False,False,-0.3301988797569794,-0.3287639731752736,False,False,False,False,-7379632,-7072672.043639761,False,False,False,False,45043.77499814367,False,False,False,False
2025-10-07 00:00:00+00:00,2.22,2.33,2.22,2.28,87800,2.8409344802298517,3.3545787213016727,3.895022582027366,4.43185865069573,4.529151491496261,4.736088388654055,5.374223258501032,5.608838938938057,6.123474911813107,6.338987648992661,2.5652938688874594,2.8823633688428414,3.0896441328619995,3.179166129714628,3.8435706091947095,4.0507073774761615,7.106499669933427,2.731875581313618,3.285863872998702,3.469241718739153,3.877184706695766,4.372057379000254,5.374223258501032,5.846973180932925,6.801048591682023,9.151743986253393,"rgba(239, 83, 80, 0.5)",0.0,0.0,0.5955924962074141,3.1560024089640146,-1.5715483571808688,0.0,0.0,0.0,0.0,0.0,0.0,0.0,0.0,37.64167593446261,-15.899990952493923,False,False,False,True,True,0.0,1,0.7394509180790959,1.2347133945386062,False,False,False,False,-0.34282825441539394,-0.3357961137953338,False,False,False,False,-7467432,-7088152.826242124,False,False,False,False,46720.48970409882,False,False,False,False
2025-10-08 00:00:00+00:00,2.21,2.29,2.21,2.25,70574,2.824426089821111,3.3425509632986725,3.88616200363851,4.42297280531498,4.520434174317119,4.727479399303759,5.36551960566932,5.600339593941353,6.114928556000854,6.330802359032585,2.5539474711731587,2.8689194462399725,3.0777014367242255,3.1668621107607833,3.8347912659436396,4.0417936857886,7.098334014098095,2.716953805132831,3.273293643398588,3.459246972840797,3.8683533190417605,4.363132729220066,5.36551960566932,5.838584093034508,6.792815274302535,9.142949336958395,"rgba(239, 83, 80, 0.5)",0.0,0.0,0.6030602022058196,3.144744484195053,-1.5500019413916364,0.0,0.0,0.0,0.0,0.0,0.0,0.0,0.0,36.681342493703475,-15.899990952493923,False,False,False,True,True,0.0,1,0.758358457453989,1.2332868349607762,False,False,False,False,-0.34282825441539394,-0.3393121841053639,False,False,False,False,-7538006,-7105794.127173806,False,False,False,False,47655.92148040867,False,False,False,False
2025-10-09 00:00:00+00:00,2.17,2.25,2.16,2.25,139819,2.792022146017859,3.3185659040535684,3.8684304909112726,4.405234447556375,4.503034002478229,4.710303787852332,5.3481811717339784,5.583411545954765,6.097919339595535,6.3145113769395795,2.530859618071281,2.8421558300206917,3.0538323040701694,3.1423180423213455,3.817214145778424,4.0239725735686385,7.0820935961356755,2.6874560897216373,3.2482540448121218,3.439231657155557,3.8506773971521207,4.3453141249722,5.3481811717339784,5.821879925679728,6.7764367790733635,9.125482637331439,"rgba(239, 83, 80, 0.5)",0.0,0.0,0.6109682124903986,3.1220602590121516,-1.5582811667589227,0.0,0.0,0.0,0.0,0.0,0.0,0.0,0.0,35.25721932759437,-15.899990952493923,False,False,False,True,False,0.0,1,0.7470800529930408,1.2398848771871052,False,False,False,False,-0.34282825441539394,-0.34107021926037895,False,False,False,False,-7677825,-7128226.710421892,False,False,False,False,51270.15985372598,False,False,False,False
2025-10-10 00:00:00+00:00,2.11,2.2304,2.1,2.19,114111,2.766071562271415,3.2989410922012707,3.8538377381563618,4.390665209147424,4.488742565652572,4.696201805337087,5.333963879150692,5.569532225814789,6.0839823687039,6.301161473868095,2.511788285202531,2.8203780636459426,3.0342832806302447,3.1222473246884044,3.8027422815470313,4.009317555451354,7.0687933257464595,2.663691387375812,3.2277987344838657,3.422766759133002,3.836128253044506,4.330677408052119,5.333963879150692,5.808186744711191,6.763021089489442,9.1111971555303,"rgba(239, 83, 80, 0.5)",0.0,0.0,0.6196923717399071,3.103432793589775,-1.6031063780896946,0.0,0.0,0.0,0.0,0.0,0.0,0.0,0.0,33.22297266851117,-12.555557448972593,False,False,False,True,False,0.0,1,0.7504030757782462,1.2388844102691308,False,False,False,False,-0.34282825441539394,-0.34194923683788647,False,False,False,False,-7791936,-7154254.525699465,False,False,False,False,53734.506526128884,False,False,False,False
2025-10-13 00:00:00+00:00,2.135,2.16,2.1153,2.14,20935,2.761462085389309,3.295381100108633,3.8511717624873247,4.388000833313104,4.486128281455893,4.693621341917577,5.331361079760083,5.566990634723455,6.081429646218061,6.298715664045896,2.5084026078930517,2.8164725986613006,3.0307483865512754,3.1186156752005263,3.800098505429969,4.006639376105255,7.066356055556977,2.659476197399776,3.224094098938067,3.419768120992452,3.8334702801826217,4.328001022383378,5.331361079760083,5.805678786345472,6.760562929050875,9.108578896685769,"rgba(239, 83, 80, 0.5)",0.0,0.0,0.6276053824921926,3.100088507008295,-1.5377314056421445,0.0,0.0,0.0,0.0,0.0,0.0,0.0,0.0,32.90588688576456,-12.982863934476597,False,False,False,True,False,0.0,1,0.760372605125653,1.2146056232893754,False,False,False,False,-0.34282825441539394,-0.34238874562664023,False,False,False,False,-7771001,-7178440.661946544,False,False,False,False,52448.25136824147,False,False,False,False
2025-10-14 00:00:00+00:00,2.3,2.3001,2.1,2.12,163975,2.7328084283111878,3.270497347479257,3.831733871394257,4.368234018512081,4.466684748215062,4.674345107600566,5.311732172234649,5.547769830970129,6.062035741887808,6.28009993527811,2.4902386427369683,2.79149766893191,3.0068862196516317,3.0937804638103192,3.7808635802829462,3.9869945519991865,7.047721414837209,2.6343514804199057,3.198427556762897,3.3984887315866477,3.8141047524259855,4.3081760487338165,5.311732172234649,5.786667003925046,6.741799552470538,9.088422194441119,"rgba(239, 83, 80, 0.5)",0.0,0.0,0.6325595184814304,3.0790241742092337,-1.2315428848172538,0.0,0.0,0.0,0.0,0.0,0.0,0.0,0.0,38.16027405949022,-16.198097197282046,False,False,False,True,True,0.0,1,0.7599914184136324,1.198418536226554,False,False,False,False,-0.31504397136958057,-0.32871635849811043,False,False,False,False,-7607026,-7195247.930105504,False,False,False,False,56821.84935380063,False,False,False,False
2025-10-15 00:00:00+00:00,2.19,2.39,2.04,2.34,321770,2.682179597162337,3.2237342593197726,3.7943019939324194,4.330008708114604,4.429045072862866,4.636979485298258,5.273600329596895,5.510390920594776,6.024280006982265,6.243823405965068,2.4577052340740315,2.746155028515485,2.962501023465962,3.0474916622809762,3.74383099430694,3.949115375553637,7.011368475421455,2.5899985074525858,3.150448395474019,3.3579673571438087,3.7768149727814313,4.269857270063967,5.273600329596895,5.749666091715091,6.705212975490897,9.049057294970758,"rgba(239, 83, 80, 0.5)",0.0,0.0,0.6386979450567043,3.039608310029668,-1.3302192634332632,0.0,0.0,0.0,0.0,0.0,0.0,0.0,0.0,39.21718314117713,-15.279810557640246,True,False,False,True,True,0.0,1,0.7489257755017951,1.185414091470952,False,False,False,False,-0.30845810399465673,-0.31858723124638355,False,False,False,False,-7928796,-7224014.521081759,False,False,False,False,67211.97290855355,False,False,False,False
2025-10-16 00:00:00+00:00,2.1,2.19,2.08,2.16,95701,2.6666305586623635,3.209533503360296,3.7829324146201673,4.318463190963382,4.417680216266741,4.625709917889723,5.262135913197679,5.499158132241768,6.0129509229162394,6.232938213363931,2.446672196644894,2.73211686676549,2.94888210420057,3.0333687000175344,3.7325715682996456,3.9376343468581223,7.00047576638942,2.57603539287259,3.1358793410740753,3.3456075323098178,3.7654847179158346,4.258279148433161,5.262135913197679,5.73855299792675,6.694245527942471,9.037294574617155,"rgba(239, 83, 80, 0.5)",0.0,0.0,0.6461499484101714,3.0271153037123173,-1.4348299585776505,0.0,0.0,0.0,0.0,0.0,0.0,0.0,0.0,38.27566592356057,-15.279810557640246,True,False,False,True,True,0.0,1,0.7575343063781486,1.2071770543808844,False,False,False,False,-0.34282825441539394,-0.3307077428308888,False,False,False,False,-8024497,-7255405.990843259,False,False,False,False,68329.18965723773,False,False,False,False
2025-10-17 00:00:00+00:00,2.085,2.12,2.05,2.095,53912,2.6576547614787995,3.201417242077089,3.7764489974712228,4.311899554211911,4.411221013896458,4.619309156110395,5.255635815010621,5.4927915407660795,6.006535136996273,6.226774496755797,2.4400720919605443,2.7240031752148646,2.9410556534195886,3.0252739620642486,3.7261478790116764,3.9310946922389176,6.994312779365876,2.567895862248217,3.127548715941869,3.338538164092546,3.7590226636134214,4.251695460868652,5.255635815010621,5.732256448820045,6.688038617556153,9.030649124505873,"rgba(239, 83, 80, 0.5)",0.0,0.0,0.6534971935338305,3.019857858449533,-1.4305460952237996,0.0,0.0,0.0,0.0,0.0,0.0,0.0,0.0,37.38795345741032,-15.279810557640246,True,False,False,True,True,0.0,0,0.7634367681498827,1.2195403981264636,False,False,False,False,-0.34282825441539394,-0.33676799862314133,False,False,False,False,-8078409,-7287680.618653327,False,False,False,False,67763.80967067939,False,False,False,False
2025-10-20 00:00:00+00:00,2.08,2.1121,2.06,2.1,59975,2.6479732434473835,3.192517083088745,3.7692902917756452,4.304639796087953,4.404074336815864,4.612223645425288,5.24843369486565,5.485734796788725,5.999420653855889,6.219937495430799,2.432987914728369,2.715199494287451,2.9325043521560445,3.0164206302132737,3.7190562030673497,3.9238698370686103,6.987473483587167,2.5591347805190114,3.118426607327499,3.3307603619065858,3.7518879091824227,4.244414830848862,5.24843369486565,5.725275385997286,6.681151838584603,9.02327020517526,"rgba(239, 83, 80, 0.5)",0.0,0.0,0.6601872930893112,3.0119537688885374,-1.4116505704426836,0.0,0.0,0.0,0.0,0.0,0.0,0.0,0.0,36.703570653484164,-15.279810557640246,True,False,False,True,False,0.0,1,0.7562131235472913,1.2384528279396867,False,False,False,False,-0.342354127082022,-0.3395610628525817,False,False,False,False,-8138384,-7321041.535568883,False,False,False,False,67458.36615418216,False,False,False,False
2025-10-21 00:00:00+00:00,2.06,2.16,2.0371,2.08,90932,2.6339438672450157,3.1793100780876284,3.7585619141335873,4.293730803239834,4.393329857207582,4.601563099770394,5.237581988144899,5.475096379717402,5.988687586391555,6.209618570990251,2.4228179259734453,2.7023382864034824,2.919884660022512,3.0033341714099877,3.7084309704767606,3.9130327652649846,6.977143759332892,2.5464850688852403,3.1049180191112473,3.319165699208909,3.741196333982833,4.233477454955412,5.237581988144899,5.714746578521047,6.670753326305579,9.01211507908026,"rgba(239, 83, 80, 0.5)",0.0,0.0,0.6668726679733732,3.000343956488274,-1.4100802171814601,0.0,0.0,0.0,0.0,0.0,0.0,0.0,0.0,35.85657191655111,-15.279810557640246,True,False,False,True,False,0.0,1,0.7656372135795844,1.2390987815158248,False,False,False,False,-0.33503237853106116,-0.33729672069182143,False,False,False,False,-8229316,-7356660.142017162,False,False,False,False,68378.90081480247,False,False,False,False
2025-10-22 00:00:00+00:00,2.01,2.09,2.0,2.05,92081,2.6191425479888064,3.165628337128606,3.747500665923918,4.282533318130756,4.382306012806235,4.590636336358612,5.226487466323421,5.464225766672087,5.977733698062864,6.199089594633387,2.411600762883578,2.688777791122453,2.9067045858202367,2.9897169588262646,3.697468726070182,3.9018774217383503,6.966616270285836,2.532966673027499,3.090909585671975,3.3071533194238145,3.730170507080322,4.222246937502055,5.226487466323421,5.703993670074426,6.660151548193514,9.000770368280937,"rgba(239, 83, 80, 0.5)",0.0,0.0,0.6737651669200397,2.98805794953169,-1.4516303269322368,0.0,0.0,0.0,0.0,0.0,0.0,0.0,0.0,34.33986511917505,-11.391462441107542,False,False,False,True,False,0.0,1,0.7934180046329579,1.2164709641345157,False,False,False,False,-0.34282825441539394,-0.3400624875536077,False,False,False,False,-8321397,-7394492.959977274,False,False,False,False,69308.3949004965,False,False,False,False
2025-10-23 00:00:00+00:00,2.0,2.04,2.0,2.02,39166,2.612858290941018,3.1598063853705445,3.74278432765388,4.277762053244111,4.377608597674787,4.585980720681523,5.221762333688408,5.4595959836801775,5.973069377909321,6.194605821186195,2.4067810740526854,2.683004189553483,2.901090907148837,2.983921467263135,3.69279386886079,3.897122252599856,6.962133957708182,2.5272086118438852,3.0849510144381633,3.3020325472140755,3.7254690171383222,4.217461466740739,5.221762333688408,5.699414197857578,6.655637407854354,8.995942329732435,"rgba(239, 83, 80, 0.5)",0.0,0.0,0.6800029867262276,2.9828115952544074,-1.445304821359692,0.0,0.0,0.0,0.0,0.0,0.0,0.0,0.0,33.14025551726456,-12.65830336386864,False,False,False,True,False,0.0,0,0.8097506118938941,1.211169544221737,False,False,False,False,-0.34282825441539394,-0.3414453709845008,False,False,False,False,-8360563,-7432378.059586009,False,False,False,False,68126.34019851625,False,False,False,False
2025-10-24 00:00:00+00:00,2.01,2.051,2.01,2.01,50087,2.6051445146270917,3.1525125596611843,3.7368259573314506,4.271717243528186,4.371654574145086,4.580075206696203,5.215759259290996,5.453711006981471,5.967135957672574,6.188899912045275,2.4009423384333766,2.675874689038305,2.894096272558426,2.9766873107719514,3.6868897153262887,3.8911091049793582,6.956425553846712,2.5201727126360534,3.077498867849742,3.2955947106795644,3.71953002077718,4.211400300700155,5.215759259290996,5.6935906959032145,6.649890135455719,8.98978688286423,"rgba(239, 83, 80, 0.5)",0.0,0.0,0.6856734433865719,2.9763096973483356,-1.4092855814506815,0.0,0.0,0.0,0.0,0.0,0.0,0.0,0.0,32.79023105790185,-13.14255423328813,False,False,False,True,False,0.0,0,0.8392907155860524,1.2049607898053496,False,False,False,False,-0.3342788633941492,-0.337862117189325,False,False,False,False,-8310476,-7466813.272935578,False,False,False,False,67418.91509269208,False,False,False,False
2025-10-27 00:00:00+00:00,2.03,2.05,2.02,2.02,62260,2.5959878692051492,3.143652116951066,3.7295182828851328,4.26428048426971,4.364325658191489,4.572799889419502,5.2083510622394,5.446444343698887,5.959803322676419,6.181845392346348,2.394107784156243,2.6673527588299164,2.8856504739462956,2.9679352130382477,3.6796509262387183,3.883726551725799,6.949362036503786,2.5118612899817374,3.0684638536378506,3.28774220988285,3.712246918988178,4.203945663015243,5.2083510622394,5.686396540179653,6.642780801093199,8.982161165841854,"rgba(239, 83, 80, 0.5)",0.0,0.0,0.6900397925409244,2.9685011238103085,-1.3600681206434175,0.0,0.0,0.0,0.0,0.0,0.0,0.0,0.0,33.48711668686238,-13.14255423328813,False,False,False,True,False,0.0,0,0.84205378103436,1.158622038841858,False,False,False,False,-0.3306292801683751,-0.33424569867885007,False,False,False,False,-8248216,-7497456.517134183,False,False,False,False,67216.60469690025,False,False,False,False
2025-10-28 00:00:00+00:00,2.003,2.07,2.0,2.04,58472,2.5875180633177783,3.13539114266649,3.7226759676540166,4.257313051954256,4.357457942095616,4.565980881924857,5.2014052969034665,5.4396299341372805,5.952925937807692,6.175227530418746,2.387762046348364,2.659441898981235,2.877785896719053,2.9597844660612123,3.6728731816792153,3.8768129308588177,6.942734596047974,2.5041678601889803,3.0600472258773266,3.280403639284082,3.705427630628251,4.1969620581066005,5.2014052969034665,5.679649210095219,6.636110922270798,8.975005362035288,"rgba(239, 83, 80, 0.5)",0.0,0.0,0.6931814730163844,2.9612267169228663,-1.3823605422590644,0.0,0.0,0.0,0.0,0.0,0.0,0.0,0.0,33.28298051117166,-13.14255423328813,False,False,False,True,False,0.0,0,0.837047803617571,1.1546619293712317,False,False,False,False,-0.3306292801683751,-0.3324374894236126,False,False,False,False,-8306688,-7529191.085089706,False,False,False,False,66873.679022512,False,False,False,False
2025-10-29 00:00:00+00:00,2.015,2.0399,2.0,2.01,55939,2.579562470329283,3.1275590608999493,3.7161581868561893,4.250669995961602,4.3509084669578195,4.559475935670521,5.194776160138444,5.433124604768922,5.946358870592884,6.168906868891868,2.381794310516436,2.651983616540707,2.870343024444243,2.9520680722502157,3.6664172530361596,3.87022537139928,6.936403171245707,2.496941861170799,3.052075063584945,3.273428985389587,3.6989318971403136,4.19030430269384,5.194776160138444,5.673206787996427,6.629739663919522,8.968167379087852,"rgba(239, 83, 80, 0.5)",0.0,0.0,0.6876322276327,2.954344013522415,-1.3660558301001668,0.0,0.0,0.0,0.0,0.0,0.0,0.0,0.0,33.758837324865155,-13.14255423328813,True,False,False,True,False,0.0,0,0.8361938460977253,1.1626935633903004,False,False,False,False,-0.34282825441539394,-0.3376328719195033,False,False,False,False,-8250749,-7557487.473909717,False,False,False,False,66444.86808045271,False,False,False,False
2025-10-30 00:00:00+00:00,1.99,2.03,1.99,2.0,31335,2.5750861905094813,3.123161064967241,3.71249690656731,4.246941160373629,4.34723225256924,4.555825219618075,5.1910573698209985,5.42947542965473,5.942675827906479,6.165361918676865,2.3784006841866994,2.6477841949581475,2.8661576032922094,2.947732247650954,3.6627902016342686,3.8665259677519006,6.932852874350814,2.492863607066622,3.047598553234879,3.269509430473674,3.6952828232757997,4.186567043703234,5.1910573698209985,5.669593136546358,6.626166834171508,8.964334623563477,"rgba(239, 83, 80, 0.5)",0.0,0.0,0.6809115360592504,2.950462741205332,-1.410554367699472,0.0,0.0,0.0,0.0,0.0,0.0,0.0,0.0,33.393673405591905,-13.286660228223141,False,False,False,True,False,0.0,0,0.8417112299465241,1.1515581781301862,False,False,False,False,-0.34282825441539394,-0.3402305631674486,False,False,False,False,-8282084,-7585903.023952474,False,False,False,False,65068.01050867025,False,False,False,False
2025-10-31 00:00:00+00:00,2.0,2.01,1.97,1.98,38886,2.5695315305152975,3.1177025585330833,3.7079485942445336,4.242310385215942,4.342666739851569,4.551291548674893,5.186440032251799,5.42494448604516,5.93810323633618,6.160960549749389,2.3741629163129,2.6425681152989213,2.8609598983000692,2.942349992144029,3.6582840634561125,3.861930900533724,6.928445215385364,2.4877938538177227,3.042043476212467,3.2646407142121796,3.6907495538091277,4.1819257543886135,5.186440032251799,5.665106358650616,6.62173112770487,8.959577301008837,"rgba(239, 83, 80, 0.5)",0.0,0.0,0.6716347003761626,2.9456352441486104,-1.407960672101945,0.0,0.0,0.0,0.0,0.0,0.0,0.0,0.0,33.71797966999712,-13.286660228223141,False,False,False,True,False,0.0,0,0.840886334136844,1.1468384943445207,False,False,False,False,-0.34282825441539394,-0.34152940879142124,False,False,False,False,-8243198,-7611679.297522966,False,False,False,False,64041.26499852632,False,False,False,False
2025-11-03 00:00:00+00:00,1.99,2.01,1.98,2.0,43747,2.5634079467731814,3.11162440789481,3.702860395539321,4.237123428983385,4.337551631904114,4.546210277391837,5.181261410821344,5.419861407264212,5.932971681506097,6.15602006877544,2.369505531037258,2.6367984952480614,2.8551859509169613,2.936367025416318,3.6532436179724055,3.856788293589038,6.92349596385133,2.4822119664440745,3.0358635419155604,3.2592075925188007,3.6856783766094114,4.1767276988179916,5.181261410821344,5.660071777884233,6.616751071482793,8.954233038088745,"rgba(239, 83, 80, 0.5)",0.0,0.0,0.6642520789904013,2.9402797291188825,-1.4306010612164217,0.0,0.0,0.0,0.0,0.0,0.0,0.0,0.0,33.62407427324122,-13.487374444425953,False,False,False,True,False,0.0,0,0.8410582211264933,1.1634553385169732,False,False,False,False,-0.33888152123760745,-0.3402054650145143,False,False,False,False,-8286945,-7638160.305463241,False,False,False,False,63245.411469172344,False,False,False,False
2025-11-04 00:00:00+00:00,1.97,2.0027,1.96,1.96,42954,2.5573578722188497,3.105636791847494,3.6978479210897746,4.23201809944756,4.332517236971029,4.541210025522089,5.176167912445301,5.41486220186469,5.927926006931926,6.151162196848191,2.364855013833408,2.6310959879489366,2.8494886006441353,2.9304684622622186,3.648277418723659,3.851723882990074,6.918630566318698,2.47667969235502,3.029775388001796,3.2538520681154863,3.680682405282882,4.171611153877857,5.176167912445301,5.655120675792315,6.611855065255586,8.94898175519967,"rgba(239, 83, 80, 0.5)",0.0,0.0,0.6542546748615591,2.9349804755396796,-1.474930959788511,0.0,0.0,0.0,0.0,0.0,0.0,0.0,0.0,32.93500775593938,-14.354171937901327,False,False,False,True,False,0.0,0,0.8151971601266428,1.178144488151204,False,False,False,False,-0.34282825441539394,-0.34151685971495416,False,False,False,False,-8329899,-7665287.313092134,False,False,False,False,62449.66984293029,False,False,False,False
2025-11-05 00:00:00+00:00,2.04,2.05,1.965,1.9699,54207,2.5504233329346184,3.098440028958262,3.6917126284975432,4.225724030559118,4.326303969005953,4.535027438743001,5.169844730403823,5.408648580719798,5.92164234269441,6.145107492242686,2.359742785698242,2.624479058731111,2.8427346605351036,2.9234414571656693,3.6422039468264753,3.84550971285675,6.912554733739398,2.4704251454010757,3.0224853576358996,3.2473709108922097,3.6745690789330108,4.1653074134354116,5.169844730403823,5.648960516562792,6.605745365973436,8.942404711077412,"rgba(239, 83, 80, 0.5)",0.0,0.0,0.6402650029422331,2.928774894002274,-1.3881359904384192,0.0,0.0,0.0,0.0,0.0,0.0,0.0,0.0,36.53437129484845,-16.277671119817214,True,False,False,True,True,0.0,0,0.8241129560426858,1.1612281850753168,False,False,False,False,-0.32070704683328316,-0.3311119532741187,False,False,False,False,-8275692,-7689224.751794403,False,False,False,False,62126.427888305574,False,False,False,False
2025-11-06 00:00:00+00:00,2.04,2.12,1.97,2.04,71787,2.5419286398204353,3.0892718514459534,3.6837766013248223,4.217537376360063,4.318215402975611,4.526967120532981,5.16157585153724,5.400515131650954,5.913404928763191,6.137164832959279,2.353679382245601,2.6162854920606478,2.8342236382571544,2.914552943171107,3.6343528513433485,3.837456469381988,6.904572566899987,2.4628439882564046,3.013227656016132,3.2390642380216916,3.666663156402527,4.1571124261239225,5.16157585153724,5.6408905418872,6.59772314370744,8.933745217351518,"rgba(239, 83, 80, 0.5)",0.0,0.0,0.6245604708435881,2.9210193273302463,-1.410622939585436,0.0,0.0,0.0,0.0,0.0,0.0,0.0,0.0,38.93394698745449,-14.07024090987261,True,False,False,True,True,0.0,0,0.8309992969388335,1.1371729340452619,False,False,False,False,-0.28692734492887834,-0.3090196491014985,False,False,False,False,-8275692,-7712223.467410309,False,False,False,False,62505.27385347006,False,False,False,False
