date,Open,High,Low,Close,Volume
2024-12-10 15:00:00+00:00,991.19,993.24,989.835,992.525,7076.0
2024-12-10 16:00:00+00:00,992.04,994.22,990.37,992.4,4127.0
2024-12-10 17:00:00+00:00,993.03,994.71,992.66,993.72,3006.0
2024-12-10 18:00:00+00:00,993.24,994.21,992.64,993.07,3339.0
2024-12-10 19:00:00+00:00,993.185,993.46,990.99,991.295,5418.0
2024-12-10 20:00:00+00:00,990.92,994.05,990.84,993.4,7209.0
2024-12-11 15:00:00+00:00,1004.26,1007.13,1001.83,1003.13,8720.0
2024-12-11 16:00:00+00:00,1003.305,1007.33,1002.56,1005.78,6393.0
2024-12-11 17:00:00+00:00,1006.03,1007.66,1002.825,1003.89,5173.0
2024-12-11 18:00:00+00:00,1003.89,1004.42,1000.79,1002.685,5245.0
2024-12-11 19:00:00+00:00,1002.685,1002.71,998.37,999.1,4466.0
2024-12-11 20:00:00+00:00,998.89,998.93,993.74,994.32,11526.0
2024-12-12 15:00:00+00:00,997.24,1000.92,994.47,997.075,17362.0
2024-12-12 16:00:00+00:00,997.625,999.375,996.6,997.855,9087.0
2024-12-12 17:00:00+00:00,997.865,999.63,997.84,999.13,9214.0
2024-12-12 18:00:00+00:00,999.07,999.64,995.86,996.015,8866.0
2024-12-12 19:00:00+00:00,996.0,997.095,989.01,990.495,8545.0
2024-12-12 20:00:00+00:00,990.11,991.46,987.33,988.64,23201.0
2024-12-13 15:00:00+00:00,1004.15,1005.55,989.99,998.7,12759.0
2024-12-13 16:00:00+00:00,997.915,1003.23,992.97,998.45,9062.0
2024-12-13 17:00:00+00:00,998.705,1000.315,992.76,993.31,7186.0
2024-12-13 18:00:00+00:00,993.31,998.23,993.22,995.5,6044.0
2024-12-13 19:00:00+00:00,995.37,997.67,991.21,991.72,7053.0
2024-12-13 20:00:00+00:00,991.77,994.765,988.34,988.99,14763.0
2024-12-16 15:00:00+00:00,991.61,1000.69,989.26,1000.35,16260.0
2024-12-16 16:00:00+00:00,1000.14,1005.08,998.42,1004.99,6283.0
2024-12-16 17:00:00+00:00,1005.03,1007.98,1004.34,1007.31,7243.0
2024-12-16 18:00:00+00:00,1007.55,1007.555,1002.15,1002.945,8717.0
2024-12-16 19:00:00+00:00,1003.06,1003.06,995.75,996.84,6308.0
2024-12-16 20:00:00+00:00,996.69,997.08,992.01,992.82,15321.0
2024-12-17 15:00:00+00:00,985.495,993.13,985.11,990.24,6417.0
2024-12-17 16:00:00+00:00,990.68,993.58,989.23,993.58,5404.0
2024-12-17 17:00:00+00:00,992.79,992.79,985.36,986.385,5334.0
2024-12-17 18:00:00+00:00,986.12,988.06,983.94,986.55,4421.0
2024-12-17 19:00:00+00:00,986.55,986.57,982.365,982.6,6117.0
2024-12-17 20:00:00+00:00,982.54,983.91,980.97,981.945,15698.0
2024-12-18 15:00:00+00:00,980.27,982.03,978.87,980.47,8932.0
2024-12-18 16:00:00+00:00,980.37,980.89,977.82,977.82,4817.0
2024-12-18 17:00:00+00:00,977.6,977.6,974.78,976.335,6112.0
2024-12-18 18:00:00+00:00,976.34,979.835,975.255,979.41,3737.0
2024-12-18 19:00:00+00:00,979.1,979.1,972.2,973.53,8710.0
2024-12-18 20:00:00+00:00,973.28,976.96,964.03,964.205,18052.0
2024-12-19 15:00:00+00:00,966.4,968.125,963.3,964.64,9234.0
2024-12-19 16:00:00+00:00,964.63,964.63,958.865,960.73,14536.0
2024-12-19 17:00:00+00:00,960.615,961.2,953.75,959.3,10391.0
2024-12-19 18:00:00+00:00,959.08,961.72,956.3,961.58,7285.0
2024-12-19 19:00:00+00:00,961.36,961.69,959.53,960.385,7304.0
2024-12-19 20:00:00+00:00,960.385,961.75,954.59,954.94,9974.0
2024-12-20 15:00:00+00:00,945.73,955.37,943.2,952.59,12148.0
2024-12-20 16:00:00+00:00,952.6,961.62,952.6,959.22,16590.0
2024-12-20 17:00:00+00:00,958.72,960.99,957.1,958.27,7367.0
2024-12-20 18:00:00+00:00,958.38,958.4,956.18,956.73,4510.0
2024-12-20 19:00:00+00:00,957.51,959.55,956.305,956.815,6807.0
2024-12-20 20:00:00+00:00,957.205,960.36,953.27,954.37,11212.0
2024-12-23 15:00:00+00:00,942.795,943.2,940.48,941.46,2333.0
2024-12-23 16:00:00+00:00,941.46,941.46,941.46,941.46,0.0
2024-12-23 17:00:00+00:00,941.46,941.46,941.46,941.46,0.0
2024-12-23 18:00:00+00:00,941.46,941.46,941.46,941.46,0.0
2024-12-23 19:00:00+00:00,941.46,941.46,941.46,941.46,0.0
2024-12-23 20:00:00+00:00,941.46,941.46,941.46,941.46,0.0
2024-12-24 15:00:00+00:00,948.54,953.02,948.54,950.395,5891.0
2024-12-24 16:00:00+00:00,950.41,953.295,949.09,952.085,3016.0
2024-12-24 17:00:00+00:00,951.47,959.38,951.1,958.77,5319.0
2024-12-24 18:00:00+00:00,958.77,958.96,958.77,958.96,1.0
2024-12-24 19:00:00+00:00,958.96,958.96,958.96,958.96,0.0
2024-12-24 20:00:00+00:00,958.96,958.96,958.96,958.96,0.0
2024-12-25 15:00:00+00:00,958.96,958.96,958.96,958.96,0.0
2024-12-25 16:00:00+00:00,958.96,958.96,958.96,958.96,0.0
2024-12-25 17:00:00+00:00,958.96,958.96,958.96,958.96,0.0
2024-12-25 18:00:00+00:00,958.96,958.96,958.96,958.96,0.0
2024-12-25 19:00:00+00:00,958.96,958.96,958.96,958.96,0.0
2024-12-25 20:00:00+00:00,958.96,958.96,958.96,958.96,0.0
2024-12-26 15:00:00+00:00,956.95,959.39,955.48,957.49,4921.0
2024-12-26 16:00:00+00:00,957.085,957.44,954.22,956.96,3359.0
2024-12-26 17:00:00+00:00,957.07,958.61,955.77,956.72,1991.0
2024-12-26 18:00:00+00:00,956.69,957.07,954.23,954.405,3322.0
2024-12-26 19:00:00+00:00,954.36,955.79,954.0,955.205,3651.0
2024-12-26 20:00:00+00:00,955.205,958.19,954.76,955.94,14227.0
2024-12-27 15:00:00+00:00,943.32,943.32,937.0,937.215,2948.0
2024-12-27 16:00:00+00:00,937.265,937.265,932.13,933.39,4148.0
2024-12-27 17:00:00+00:00,933.31,935.79,932.19,935.75,5025.0
2024-12-27 18:00:00+00:00,935.86,939.59,935.36,938.98,4121.0
2024-12-27 19:00:00+00:00,938.83,940.79,937.9,940.165,2491.0
2024-12-27 20:00:00+00:00,940.165,940.2,936.08,940.04,6913.0
2024-12-30 15:00:00+00:00,920.6,921.975,915.73,921.06,6792.0
2024-12-30 16:00:00+00:00,921.03,925.88,920.0,925.725,3357.0
2024-12-30 17:00:00+00:00,925.725,929.58,924.895,928.035,4155.0
2024-12-30 18:00:00+00:00,927.84,928.66,926.42,927.01,3064.0
2024-12-30 19:00:00+00:00,926.67,926.675,923.28,925.46,5065.0
2024-12-30 20:00:00+00:00,925.18,925.37,921.29,922.34,12031.0
2024-12-31 15:00:00+00:00,920.47,921.76,915.325,917.45,7413.0
2024-12-31 16:00:00+00:00,917.52,917.52,912.93,915.37,7095.0
2024-12-31 17:00:00+00:00,915.78,918.21,913.77,918.175,4673.0
2024-12-31 18:00:00+00:00,918.18,918.31,914.8,916.64,2709.0
2024-12-31 19:00:00+00:00,916.215,918.77,915.395,918.57,3450.0
2024-12-31 20:00:00+00:00,918.42,919.36,915.17,916.47,11419.0
2025-01-01 15:00:00+00:00,916.47,916.47,916.47,916.47,0.0
2025-01-01 16:00:00+00:00,916.47,916.47,916.47,916.47,0.0
2025-01-01 17:00:00+00:00,916.47,916.47,916.47,916.47,0.0
2025-01-01 18:00:00+00:00,916.47,916.47,916.47,916.47,0.0
2025-01-01 19:00:00+00:00,916.47,916.47,916.47,916.47,0.0
2025-01-01 20:00:00+00:00,916.47,916.47,916.47,916.47,0.0
2025-01-02 15:00:00+00:00,920.71,925.28,913.22,915.895,6634.0
2025-01-02 16:00:00+00:00,915.04,916.86,911.85,915.58,4601.0
2025-01-02 17:00:00+00:00,915.87,916.745,902.12,905.37,7375.0
2025-01-02 18:00:00+00:00,905.25,906.315,901.9,905.43,5109.0
2025-01-02 19:00:00+00:00,905.0,908.36,904.41,905.81,5125.0
2025-01-02 20:00:00+00:00,906.35,910.715,906.34,909.78,9896.0
2025-01-03 15:00:00+00:00,915.0,920.29,914.1,920.0,6406.0
2025-01-03 16:00:00+00:00,920.1,923.84,919.08,922.39,4982.0
2025-01-03 17:00:00+00:00,922.46,923.05,920.595,921.43,4009.0
2025-01-03 18:00:00+00:00,921.43,921.43,918.91,919.25,2514.0
2025-01-03 19:00:00+00:00,919.27,921.43,919.18,919.76,3941.0
2025-01-03 20:00:00+00:00,919.565,920.0,915.72,916.31,11892.0
2025-01-06 15:00:00+00:00,922.04,923.92,917.91,923.43,9753.0
2025-01-06 16:00:00+00:00,923.99,927.41,923.045,926.36,7601.0
2025-01-06 17:00:00+00:00,925.88,925.88,922.745,922.955,7290.0
2025-01-06 18:00:00+00:00,923.01,923.68,920.6,921.425,6116.0
2025-01-06 19:00:00+00:00,921.26,922.91,920.33,921.695,7288.0
2025-01-06 20:00:00+00:00,921.53,923.39,919.98,922.335,10225.0
2025-01-07 15:00:00+00:00,929.11,929.11,916.31,919.32,8365.0
2025-01-07 16:00:00+00:00,919.54,920.2,917.47,918.04,6181.0
2025-01-07 17:00:00+00:00,917.62,920.62,917.56,919.93,4464.0
2025-01-07 18:00:00+00:00,920.54,923.48,920.39,922.15,5075.0
2025-01-07 19:00:00+00:00,921.89,924.18,921.15,923.805,5923.0
2025-01-07 20:00:00+00:00,923.69,923.695,920.24,921.62,13701.0
2025-01-08 15:00:00+00:00,921.24,923.16,915.44,922.87,7085.0
2025-01-08 16:00:00+00:00,923.21,930.16,921.61,929.07,7988.0
2025-01-08 17:00:00+00:00,929.07,929.37,920.3,922.91,4114.0
2025-01-08 18:00:00+00:00,922.79,925.965,922.605,923.27,3754.0
2025-01-08 19:00:00+00:00,923.27,927.99,922.69,925.395,3602.0
2025-01-08 20:00:00+00:00,925.355,928.24,924.28,927.0,9726.0
2025-01-09 15:00:00+00:00,927.0,927.0,927.0,927.0,0.0
2025-01-09 16:00:00+00:00,927.0,927.0,927.0,927.0,0.0
2025-01-09 17:00:00+00:00,927.0,927.0,927.0,927.0,0.0
2025-01-09 18:00:00+00:00,927.0,927.0,927.0,927.0,0.0
2025-01-09 19:00:00+00:00,927.0,927.0,927.0,927.0,0.0
2025-01-09 20:00:00+00:00,927.0,927.0,927.0,927.0,0.0
2025-01-10 15:00:00+00:00,934.59,934.82,923.8,926.845,12222.0
2025-01-10 16:00:00+00:00,926.84,931.01,926.325,928.49,6456.0
2025-01-10 17:00:00+00:00,928.31,935.6,925.11,935.33,5752.0
2025-01-10 18:00:00+00:00,935.42,944.17,934.77,944.01,11789.0
2025-01-10 19:00:00+00:00,943.76,943.76,936.54,940.18,5678.0
2025-01-10 20:00:00+00:00,939.965,940.61,934.43,937.0,9676.0
2025-01-13 15:00:00+00:00,937.0,937.0,937.0,937.0,0.0
2025-01-13 16:00:00+00:00,937.0,937.0,922.86,923.57,4062.0
2025-01-13 17:00:00+00:00,923.635,929.25,922.62,929.11,5357.0
2025-01-13 18:00:00+00:00,929.07,929.52,927.0,928.79,2126.0
2025-01-13 19:00:00+00:00,928.47,929.93,925.87,929.24,3195.0
2025-01-13 20:00:00+00:00,928.91,928.91,923.66,923.97,9011.0
2025-01-14 15:00:00+00:00,919.91,921.925,914.53,917.27,10024.0
2025-01-14 16:00:00+00:00,917.41,917.41,910.0,910.65,11202.0
2025-01-14 17:00:00+00:00,910.815,913.77,910.64,912.83,3956.0
2025-01-14 18:00:00+00:00,912.61,919.05,912.11,918.88,3672.0
2025-01-14 19:00:00+00:00,918.905,919.825,913.64,913.64,4123.0
2025-01-14 20:00:00+00:00,913.62,917.46,910.1,917.46,8960.0
2025-01-15 15:00:00+00:00,926.95,927.61,919.21,919.74,9935.0
2025-01-15 16:00:00+00:00,920.03,922.09,918.49,918.88,4465.0
2025-01-15 17:00:00+00:00,918.88,922.515,918.46,921.7,3266.0
2025-01-15 18:00:00+00:00,921.89,923.215,921.42,922.38,2385.0
2025-01-15 19:00:00+00:00,922.685,923.89,922.22,923.33,5039.0
2025-01-15 20:00:00+00:00,923.24,926.44,922.595,923.18,10052.0
2025-01-16 15:00:00+00:00,918.7,925.89,917.83,925.86,3575.0
2025-01-16 16:00:00+00:00,925.51,927.29,922.74,924.77,5073.0
2025-01-16 17:00:00+00:00,924.81,926.59,924.49,924.605,2469.0
2025-01-16 18:00:00+00:00,924.525,926.18,921.0,921.46,2615.0
2025-01-16 19:00:00+00:00,920.95,924.09,920.95,923.47,2412.0
2025-01-16 20:00:00+00:00,923.365,924.34,919.18,919.77,8715.0
2025-01-17 15:00:00+00:00,925.17,936.7,925.13,936.66,11271.0
2025-01-17 16:00:00+00:00,936.9,939.525,934.5,938.995,13692.0
2025-01-17 17:00:00+00:00,938.65,941.68,937.745,939.155,10473.0
2025-01-17 18:00:00+00:00,939.155,940.68,937.96,938.145,6460.0
2025-01-17 19:00:00+00:00,938.5,938.99,937.09,938.97,6481.0
2025-01-17 20:00:00+00:00,938.79,943.72,938.45,943.08,19313.0
2025-01-20 15:00:00+00:00,943.08,943.08,943.08,943.08,0.0
2025-01-20 16:00:00+00:00,943.08,943.08,943.08,943.08,0.0
2025-01-20 17:00:00+00:00,943.08,943.08,943.08,943.08,0.0
2025-01-20 18:00:00+00:00,943.08,943.08,943.08,943.08,0.0
2025-01-20 19:00:00+00:00,943.08,943.08,943.08,943.08,0.0
2025-01-20 20:00:00+00:00,943.08,943.08,943.08,943.08,0.0
2025-01-21 15:00:00+00:00,951.85,955.715,951.0,952.84,6106.0
2025-01-21 16:00:00+00:00,952.4,954.96,950.58,954.96,6499.0
2025-01-21 17:00:00+00:00,954.25,954.25,947.43,948.71,5310.0
2025-01-21 18:00:00+00:00,948.71,950.44,947.405,948.77,3349.0
2025-01-21 19:00:00+00:00,948.75,948.75,943.865,944.96,3687.0
2025-01-21 20:00:00+00:00,944.81,947.8,943.83,947.71,7701.0
2025-01-22 15:00:00+00:00,948.385,948.385,940.37,941.71,11452.0
2025-01-22 16:00:00+00:00,941.72,944.12,941.01,943.66,2547.0
2025-01-22 17:00:00+00:00,943.82,944.32,942.13,943.73,2157.0
2025-01-22 18:00:00+00:00,943.16,943.58,942.04,942.83,2494.0
2025-01-22 19:00:00+00:00,942.75,943.1,939.27,940.865,3388.0
2025-01-22 20:00:00+00:00,940.75,944.45,940.73,944.43,6431.0
2025-01-23 15:00:00+00:00,940.115,942.74,936.73,938.82,4786.0
2025-01-23 16:00:00+00:00,938.82,940.7,938.04,940.19,1854.0
2025-01-23 17:00:00+00:00,940.23,941.005,937.63,938.54,2052.0
2025-01-23 18:00:00+00:00,938.54,941.015,938.47,940.47,1915.0
2025-01-23 19:00:00+00:00,940.47,942.12,939.665,941.685,2722.0
2025-01-23 20:00:00+00:00,941.685,943.51,940.6,942.58,6724.0
2025-01-24 15:00:00+00:00,943.09,946.1,942.16,943.52,7312.0
2025-01-24 16:00:00+00:00,943.565,944.67,940.41,940.41,4773.0
2025-01-24 17:00:00+00:00,940.41,941.47,939.35,939.35,2769.0
2025-01-24 18:00:00+00:00,939.45,939.515,935.515,935.53,3383.0
2025-01-24 19:00:00+00:00,935.61,936.27,933.69,935.0,4702.0
2025-01-24 20:00:00+00:00,934.96,939.98,934.96,939.68,7622.0
2025-01-27 15:00:00+00:00,935.07,943.475,933.09,939.97,8328.0
2025-01-27 16:00:00+00:00,939.97,947.17,938.98,942.64,6443.0
2025-01-27 17:00:00+00:00,942.21,950.46,942.21,949.51,2670.0
2025-01-27 18:00:00+00:00,950.33,958.8,950.04,956.595,7047.0
2025-01-27 19:00:00+00:00,956.93,963.55,956.93,962.96,10151.0
2025-01-27 20:00:00+00:00,962.9,966.82,958.87,965.17,11717.0
2025-01-28 15:00:00+00:00,962.0,964.05,956.2,958.18,6257.0
2025-01-28 16:00:00+00:00,958.42,963.46,954.38,958.35,4825.0
2025-01-28 17:00:00+00:00,958.68,962.14,957.76,961.755,4386.0
2025-01-28 18:00:00+00:00,962.11,965.605,959.825,960.625,3495.0
2025-01-28 19:00:00+00:00,960.53,962.415,959.055,960.47,3961.0
2025-01-28 20:00:00+00:00,960.03,964.13,958.21,958.91,8246.0
2025-01-29 15:00:00+00:00,958.385,958.52,956.34,956.9,10216.0
2025-01-29 16:00:00+00:00,956.9,961.84,956.9,960.94,5377.0
2025-01-29 17:00:00+00:00,961.33,963.31,960.2,960.78,2590.0
2025-01-29 18:00:00+00:00,960.79,962.425,958.81,960.58,2844.0
2025-01-29 19:00:00+00:00,959.68,964.5,956.92,963.36,2582.0
2025-01-29 20:00:00+00:00,963.46,968.21,962.74,963.95,6658.0
2025-01-30 15:00:00+00:00,985.95,986.0,975.48,975.48,8013.0
2025-01-30 16:00:00+00:00,975.57,980.08,974.11,979.59,5653.0
2025-01-30 17:00:00+00:00,979.59,981.2,976.31,978.37,4288.0
2025-01-30 18:00:00+00:00,978.5,980.5,976.57,978.66,2865.0
2025-01-30 19:00:00+00:00,978.54,980.015,977.58,979.77,3605.0
2025-01-30 20:00:00+00:00,979.93,981.625,973.43,978.49,9351.0
2025-01-31 15:00:00+00:00,981.75,988.56,981.22,987.41,4967.0
2025-01-31 16:00:00+00:00,987.23,989.315,985.8,985.925,6025.0
2025-01-31 17:00:00+00:00,985.925,989.4,984.45,988.83,2670.0
2025-01-31 18:00:00+00:00,988.73,990.95,982.765,983.82,3973.0
2025-01-31 19:00:00+00:00,983.82,985.47,981.48,985.02,3395.0
2025-01-31 20:00:00+00:00,984.42,984.42,979.17,980.2,7884.0
2025-02-03 15:00:00+00:00,983.18,997.42,977.46,995.23,11828.0
2025-02-03 16:00:00+00:00,993.88,1002.45,993.88,1000.28,5019.0
2025-02-03 17:00:00+00:00,1000.175,1005.88,1000.09,1004.3,4388.0
2025-02-03 18:00:00+00:00,1004.32,1006.5,1002.44,1006.07,8342.0
2025-02-03 19:00:00+00:00,1006.49,1009.55,1004.95,1005.69,10176.0
2025-02-03 20:00:00+00:00,1005.52,1006.57,1002.96,1006.47,14820.0
2025-02-04 15:00:00+00:00,1001.82,1013.99,1001.55,1013.4,9582.0
2025-02-04 16:00:00+00:00,1013.905,1020.54,1013.905,1019.81,8223.0
2025-02-04 17:00:00+00:00,1019.735,1021.65,1017.82,1021.35,4361.0
2025-02-04 18:00:00+00:00,1021.32,1022.21,1019.13,1020.23,3697.0
2025-02-04 19:00:00+00:00,1019.705,1024.085,1019.59,1022.96,5450.0
2025-02-04 20:00:00+00:00,1023.755,1024.195,1018.6,1021.49,17319.0
2025-02-05 15:00:00+00:00,1024.83,1033.885,1021.755,1031.49,8264.0
2025-02-05 16:00:00+00:00,1031.265,1033.47,1028.6,1032.94,4694.0
2025-02-05 17:00:00+00:00,1033.2,1033.48,1031.23,1032.505,4149.0
2025-02-05 18:00:00+00:00,1032.505,1036.47,1032.34,1034.92,6986.0
2025-02-05 19:00:00+00:00,1034.78,1040.14,1034.6,1037.15,6687.0
2025-02-05 20:00:00+00:00,1037.175,1043.0,1036.5,1042.625,17990.0
2025-02-06 15:00:00+00:00,1054.23,1062.58,1049.81,1050.775,20020.0
2025-02-06 16:00:00+00:00,1050.19,1052.2,1045.445,1046.645,12972.0
2025-02-06 17:00:00+00:00,1045.58,1048.37,1045.18,1046.91,6556.0
2025-02-06 18:00:00+00:00,1047.31,1048.635,1045.79,1046.84,5859.0
2025-02-06 19:00:00+00:00,1046.57,1048.595,1044.4,1045.96,5222.0
2025-02-06 20:00:00+00:00,1045.95,1051.36,1045.55,1050.75,11170.0
2025-02-07 15:00:00+00:00,1050.865,1050.865,1035.84,1039.95,7034.0
2025-02-07 16:00:00+00:00,1039.57,1045.71,1037.5,1044.035,4411.0
2025-02-07 17:00:00+00:00,1043.5,1047.51,1041.87,1045.45,2514.0
2025-02-07 18:00:00+00:00,1045.09,1047.99,1045.09,1045.79,2155.0
2025-02-07 19:00:00+00:00,1045.52,1047.92,1045.41,1046.17,3060.0
2025-02-07 20:00:00+00:00,1045.65,1045.93,1042.6,1043.84,8432.0
2025-02-10 15:00:00+00:00,1046.92,1054.8,1046.92,1054.56,9469.0
2025-02-10 16:00:00+00:00,1054.985,1056.22,1052.565,1055.72,6715.0
2025-02-10 17:00:00+00:00,1056.005,1058.45,1052.85,1058.39,3063.0
2025-02-10 18:00:00+00:00,1058.39,1060.88,1056.39,1059.12,6303.0
2025-02-10 19:00:00+00:00,1058.96,1061.34,1058.51,1060.81,4908.0
2025-02-10 20:00:00+00:00,1061.25,1062.975,1059.15,1062.03,11706.0
2025-02-11 15:00:00+00:00,1057.94,1065.73,1057.81,1063.35,13064.0
2025-02-11 16:00:00+00:00,1063.31,1063.705,1055.285,1055.86,5802.0
2025-02-11 17:00:00+00:00,1056.05,1056.74,1049.27,1054.025,4250.0
2025-02-11 18:00:00+00:00,1054.11,1054.26,1050.13,1050.415,4908.0
2025-02-11 19:00:00+00:00,1050.415,1057.53,1050.415,1057.22,4749.0
2025-02-11 20:00:00+00:00,1057.25,1059.2,1054.28,1058.56,11012.0
2025-02-12 15:00:00+00:00,1057.96,1061.44,1054.115,1060.11,4456.0
2025-02-12 16:00:00+00:00,1060.02,1066.13,1056.315,1065.99,5192.0
2025-02-12 17:00:00+00:00,1065.67,1066.74,1063.97,1065.15,3249.0
2025-02-12 18:00:00+00:00,1064.985,1065.4,1062.63,1064.325,1934.0
2025-02-12 19:00:00+00:00,1064.28,1066.92,1063.74,1065.32,2944.0
2025-02-12 20:00:00+00:00,1065.785,1066.575,1062.63,1064.85,9058.0
2025-02-13 15:00:00+00:00,1068.39,1072.17,1065.83,1071.58,6440.0
2025-02-13 16:00:00+00:00,1072.77,1074.18,1070.24,1072.76,4829.0
2025-02-13 17:00:00+00:00,1072.87,1074.4,1069.54,1070.83,3119.0
2025-02-13 18:00:00+00:00,1070.23,1071.965,1068.99,1071.56,2690.0
2025-02-13 19:00:00+00:00,1071.54,1076.87,1071.15,1074.74,7711.0
2025-02-13 20:00:00+00:00,1075.13,1078.23,1075.03,1076.76,11223.0
2025-02-14 15:00:00+00:00,1070.48,1076.63,1070.44,1072.0,6642.0
2025-02-14 16:00:00+00:00,1072.14,1073.23,1070.91,1072.14,6067.0
2025-02-14 17:00:00+00:00,1072.025,1076.11,1071.0,1074.935,5331.0
2025-02-14 18:00:00+00:00,1074.62,1077.005,1073.04,1075.48,5299.0
2025-02-14 19:00:00+00:00,1075.535,1075.8,1072.5,1072.63,2548.0
2025-02-14 20:00:00+00:00,1073.01,1073.47,1070.78,1071.775,6951.0
2025-02-17 15:00:00+00:00,1071.775,1071.775,1071.775,1071.775,0.0
2025-02-17 16:00:00+00:00,1071.775,1071.775,1071.775,1071.775,0.0
2025-02-17 17:00:00+00:00,1071.775,1071.775,1071.775,1071.775,0.0
2025-02-17 18:00:00+00:00,1071.775,1071.775,1071.775,1071.775,0.0
2025-02-17 19:00:00+00:00,1071.775,1071.775,1071.775,1071.775,0.0
2025-02-17 20:00:00+00:00,1071.775,1071.775,1071.775,1071.775,0.0
2025-02-18 15:00:00+00:00,1060.94,1061.85,1054.83,1059.31,9844.0
2025-02-18 16:00:00+00:00,1059.065,1060.66,1050.5,1052.6,8174.0
2025-02-18 17:00:00+00:00,1052.05,1052.09,1045.41,1046.61,10049.0
2025-02-18 18:00:00+00:00,1046.92,1054.55,1046.11,1053.25,5244.0
2025-02-18 19:00:00+00:00,1053.25,1054.025,1049.32,1053.32,4904.0
2025-02-18 20:00:00+00:00,1053.32,1056.03,1052.33,1055.86,13776.0
2025-02-19 15:00:00+00:00,1058.93,1059.675,1053.24,1056.98,9427.0
2025-02-19 16:00:00+00:00,1057.02,1059.98,1056.66,1058.38,9541.0
2025-02-19 17:00:00+00:00,1058.215,1060.68,1057.21,1058.195,7583.0
2025-02-19 18:00:00+00:00,1058.195,1058.61,1056.03,1056.475,2695.0
2025-02-19 19:00:00+00:00,1056.475,1059.0,1056.06,1058.25,3789.0
2025-02-19 20:00:00+00:00,1058.25,1063.06,1056.72,1062.525,12216.0
2025-02-20 15:00:00+00:00,1036.95,1044.03,1034.29,1039.27,8613.0
2025-02-20 16:00:00+00:00,1039.285,1042.8,1038.5,1038.52,5372.0
2025-02-20 17:00:00+00:00,1038.4,1039.94,1036.53,1036.53,9010.0
2025-02-20 18:00:00+00:00,1036.35,1038.5,1035.94,1037.48,7339.0
2025-02-20 19:00:00+00:00,1037.49,1041.57,1037.09,1041.425,4993.0
2025-02-20 20:00:00+00:00,1041.425,1041.56,1033.88,1034.61,18818.0
2025-02-21 15:00:00+00:00,1027.19,1030.59,1025.0,1030.105,13722.0
2025-02-21 16:00:00+00:00,1030.59,1032.45,1027.69,1028.075,8555.0
2025-02-21 17:00:00+00:00,1028.1,1029.52,1025.18,1025.705,2107.0
2025-02-21 18:00:00+00:00,1025.38,1029.71,1025.19,1028.06,5138.0
2025-02-21 19:00:00+00:00,1027.54,1033.59,1027.53,1033.2,3721.0
2025-02-21 20:00:00+00:00,1032.71,1036.08,1031.92,1035.04,7781.0
2025-02-24 15:00:00+00:00,1032.27,1033.99,1025.88,1031.94,6138.0
2025-02-24 16:00:00+00:00,1031.8,1031.93,1026.0,1026.73,5613.0
2025-02-24 17:00:00+00:00,1026.84,1032.88,1026.84,1030.89,4065.0
2025-02-24 18:00:00+00:00,1030.75,1035.95,1030.725,1034.885,3095.0
2025-02-24 19:00:00+00:00,1034.65,1036.8,1033.16,1034.69,5142.0
2025-02-24 20:00:00+00:00,1034.94,1038.25,1034.13,1036.14,9335.0
2025-02-25 15:00:00+00:00,1043.06,1051.405,1040.58,1051.07,7115.0
2025-02-25 16:00:00+00:00,1049.85,1055.07,1046.865,1053.15,6837.0
2025-02-25 17:00:00+00:00,1053.01,1053.55,1049.09,1053.33,3369.0
2025-02-25 18:00:00+00:00,1053.91,1055.55,1050.635,1052.16,4203.0
2025-02-25 19:00:00+00:00,1052.42,1052.42,1047.63,1049.94,7117.0
2025-02-25 20:00:00+00:00,1050.005,1057.05,1049.15,1055.99,9939.0
2025-02-26 15:00:00+00:00,1044.86,1053.77,1043.49,1051.33,7966.0
2025-02-26 16:00:00+00:00,1051.795,1051.9,1047.5,1047.69,4495.0
2025-02-26 17:00:00+00:00,1047.69,1048.61,1036.76,1037.97,3485.0
2025-02-26 18:00:00+00:00,1037.82,1038.46,1031.16,1032.07,6847.0
2025-02-26 19:00:00+00:00,1031.99,1036.78,1030.38,1033.23,4908.0
2025-02-26 20:00:00+00:00,1032.89,1036.47,1031.0,1032.0,12029.0
2025-02-27 15:00:00+00:00,1037.32,1037.59,1030.93,1033.495,6506.0
2025-02-27 16:00:00+00:00,1034.27,1037.8,1030.68,1030.82,3131.0
2025-02-27 17:00:00+00:00,1030.49,1033.83,1028.295,1030.49,3885.0
2025-02-27 18:00:00+00:00,1031.02,1034.88,1030.23,1031.97,2544.0
2025-02-27 19:00:00+00:00,1031.475,1032.17,1026.13,1026.69,4013.0
2025-02-27 20:00:00+00:00,1026.23,1026.35,1019.505,1021.35,12584.0
2025-02-28 15:00:00+00:00,1032.86,1034.51,1026.1,1028.25,4525.0
2025-02-28 16:00:00+00:00,1028.48,1031.52,1023.93,1031.16,3995.0
2025-02-28 17:00:00+00:00,1031.045,1032.24,1026.68,1027.67,1858.0
2025-02-28 18:00:00+00:00,1027.8,1031.63,1025.87,1029.42,3250.0
2025-02-28 19:00:00+00:00,1030.22,1035.9,1029.36,1034.9,2492.0
2025-02-28 20:00:00+00:00,1034.795,1049.36,1031.8,1048.33,13188.0
2025-03-03 15:00:00+00:00,1062.02,1062.82,1052.62,1052.62,9343.0
2025-03-03 16:00:00+00:00,1053.16,1059.2,1052.29,1055.61,3711.0
2025-03-03 17:00:00+00:00,1055.32,1060.42,1054.14,1057.75,3411.0
2025-03-03 18:00:00+00:00,1057.48,1058.0,1053.26,1056.17,2604.0
2025-03-03 19:00:00+00:00,1056.71,1058.66,1051.865,1052.05,6239.0
2025-03-03 20:00:00+00:00,1051.41,1051.41,1041.4,1047.14,10851.0
2025-03-04 15:00:00+00:00,1040.06,1043.965,1029.01,1030.38,11038.0
2025-03-04 16:00:00+00:00,1030.58,1036.07,1029.68,1032.905,4546.0
2025-03-04 17:00:00+00:00,1033.11,1038.01,1032.415,1036.84,5392.0
2025-03-04 18:00:00+00:00,1036.705,1043.58,1036.685,1043.385,4450.0
2025-03-04 19:00:00+00:00,1043.19,1047.56,1042.73,1045.685,8044.0
2025-03-04 20:00:00+00:00,1045.75,1047.78,1034.34,1036.57,17849.0
2025-03-05 15:00:00+00:00,1034.795,1042.24,1031.38,1034.22,4179.0
2025-03-05 16:00:00+00:00,1033.68,1033.68,1028.61,1032.25,3702.0
2025-03-05 17:00:00+00:00,1033.54,1042.71,1032.25,1042.19,4727.0
2025-03-05 18:00:00+00:00,1042.16,1045.54,1038.35,1045.15,4662.0
2025-03-05 19:00:00+00:00,1044.77,1048.91,1044.77,1047.41,5397.0
2025-03-05 20:00:00+00:00,1047.38,1050.91,1044.02,1047.59,14098.0
2025-03-06 15:00:00+00:00,1032.84,1042.83,1031.51,1041.99,9419.0
2025-03-06 16:00:00+00:00,1042.8,1045.66,1035.5,1035.95,5996.0
2025-03-06 17:00:00+00:00,1035.985,1036.42,1030.21,1032.635,8948.0
2025-03-06 18:00:00+00:00,1032.27,1032.34,1025.35,1029.89,9710.0
2025-03-06 19:00:00+00:00,1029.41,1030.15,1025.455,1025.64,12109.0
2025-03-06 20:00:00+00:00,1025.38,1028.25,1022.1,1026.75,18176.0
2025-03-07 15:00:00+00:00,970.0,970.53,956.07,963.08,19784.0
2025-03-07 16:00:00+00:00,962.865,963.0,950.5,954.51,14655.0
2025-03-07 17:00:00+00:00,955.12,957.23,943.0,948.19,16396.0
2025-03-07 18:00:00+00:00,947.66,957.75,947.37,956.51,16057.0
2025-03-07 19:00:00+00:00,956.66,961.37,953.98,954.32,11930.0
2025-03-07 20:00:00+00:00,954.6,964.975,953.36,963.69,23239.0
2025-03-10 14:00:00+00:00,936.28,947.195,931.9,945.5,37633.0
2025-03-10 15:00:00+00:00,945.85,950.35,945.01,949.0,2129.0
2025-03-10 16:00:00+00:00,949.0,949.0,949.0,949.0,0.0
2025-03-10 17:00:00+00:00,949.0,949.0,928.855,932.28,10953.0
2025-03-10 18:00:00+00:00,932.6,936.78,929.95,930.0,9672.0
2025-03-10 19:00:00+00:00,929.95,937.01,924.19,934.83,26821.0
2025-03-11 14:00:00+00:00,928.56,932.74,922.7,925.38,16717.0
2025-03-11 15:00:00+00:00,924.75,935.66,924.75,931.82,9859.0
2025-03-11 16:00:00+00:00,931.25,932.1,926.335,927.43,5181.0
2025-03-11 17:00:00+00:00,927.0,928.08,922.67,925.835,8429.0
2025-03-11 18:00:00+00:00,926.09,937.98,926.09,936.14,10006.0
2025-03-11 19:00:00+00:00,935.605,936.96,929.78,930.3,13250.0
2025-03-12 14:00:00+00:00,936.2,944.22,928.44,928.44,19351.0
2025-03-12 15:00:00+00:00,928.02,929.655,923.32,928.49,7403.0
2025-03-12 16:00:00+00:00,928.565,935.53,927.825,931.56,6212.0
2025-03-12 17:00:00+00:00,931.89,935.11,929.79,930.0,5538.0
2025-03-12 18:00:00+00:00,929.295,932.35,927.55,932.13,6256.0
2025-03-12 19:00:00+00:00,932.13,932.13,926.36,926.94,16659.0
2025-03-13 14:00:00+00:00,903.44,908.85,897.45,898.35,17258.0
2025-03-13 15:00:00+00:00,898.28,900.67,892.04,893.29,13559.0
2025-03-13 16:00:00+00:00,893.75,897.89,892.99,893.4,7068.0
2025-03-13 17:00:00+00:00,893.76,895.57,889.75,890.57,8891.0
2025-03-13 18:00:00+00:00,891.0,895.75,891.0,895.16,9681.0
2025-03-13 19:00:00+00:00,895.16,895.36,887.72,891.1,16986.0
2025-03-14 14:00:00+00:00,889.61,897.01,887.13,897.01,18396.0
2025-03-14 15:00:00+00:00,898.87,902.33,895.15,901.95,12200.0
2025-03-14 16:00:00+00:00,901.78,905.145,899.76,904.85,10500.0
2025-03-14 17:00:00+00:00,904.67,906.99,903.81,903.82,5200.0
2025-03-14 18:00:00+00:00,904.1,905.79,902.47,904.05,10769.0
2025-03-14 19:00:00+00:00,904.05,905.6,902.78,904.58,19816.0
2025-03-17 14:00:00+00:00,908.82,909.25,902.01,904.52,7425.0
2025-03-17 15:00:00+00:00,904.95,909.04,904.48,908.37,4881.0
2025-03-17 16:00:00+00:00,908.17,910.77,906.84,910.0,4435.0
2025-03-17 17:00:00+00:00,909.95,917.71,909.39,917.305,4361.0
2025-03-17 18:00:00+00:00,917.075,923.1,917.075,920.93,5648.0
2025-03-17 19:00:00+00:00,920.55,921.16,917.02,917.355,9676.0
2025-03-18 14:00:00+00:00,898.93,907.27,897.18,906.5,22310.0
2025-03-18 15:00:00+00:00,906.46,906.71,900.39,900.68,11556.0
2025-03-18 16:00:00+00:00,900.685,904.5,899.43,900.04,26259.0
2025-03-18 17:00:00+00:00,899.97,901.535,899.0,900.72,15377.0
2025-03-18 18:00:00+00:00,900.72,902.6,899.35,901.22,6834.0
2025-03-18 19:00:00+00:00,900.6,902.21,897.31,898.27,8526.0
2025-03-19 14:00:00+00:00,903.12,904.2,897.23,897.23,7838.0
2025-03-19 15:00:00+00:00,896.88,902.69,896.24,900.75,8466.0
2025-03-19 16:00:00+00:00,901.09,901.66,899.17,899.31,5327.0
2025-03-19 17:00:00+00:00,899.32,899.6,896.37,896.805,6109.0
2025-03-19 18:00:00+00:00,896.765,906.12,895.41,905.18,5913.0
2025-03-19 19:00:00+00:00,905.555,910.16,902.775,903.58,8844.0
2025-03-20 14:00:00+00:00,904.895,907.42,903.2,903.68,6135.0
2025-03-20 15:00:00+00:00,903.82,905.02,901.73,902.18,5889.0
2025-03-20 16:00:00+00:00,902.45,903.48,897.19,898.19,3918.0
2025-03-20 17:00:00+00:00,898.225,899.67,894.15,895.68,5331.0
2025-03-20 18:00:00+00:00,895.59,898.455,894.87,896.355,5900.0
2025-03-20 19:00:00+00:00,896.71,899.0,894.5,895.345,16638.0
2025-03-21 14:00:00+00:00,893.325,901.805,891.62,901.76,10846.0
2025-03-21 15:00:00+00:00,901.805,903.29,898.62,899.32,5479.0
2025-03-21 16:00:00+00:00,899.2,903.71,897.91,903.28,4613.0
2025-03-21 17:00:00+00:00,904.07,908.97,902.8,906.62,2998.0
2025-03-21 18:00:00+00:00,906.67,909.17,905.945,907.59,2988.0
2025-03-21 19:00:00+00:00,907.21,909.56,904.7,909.11,11702.0
2025-03-24 14:00:00+00:00,923.3,927.51,921.68,927.51,10439.0
2025-03-24 15:00:00+00:00,927.395,928.63,923.88,925.79,4995.0
2025-03-24 16:00:00+00:00,925.43,925.43,921.75,921.75,2528.0
2025-03-24 17:00:00+00:00,921.95,923.13,921.45,922.8,3669.0
2025-03-24 18:00:00+00:00,922.94,924.13,922.06,923.79,2764.0
2025-03-24 19:00:00+00:00,923.79,928.57,922.68,926.07,9763.0
2025-03-25 14:00:00+00:00,923.605,931.56,922.86,931.375,10585.0
2025-03-25 15:00:00+00:00,931.33,932.08,926.0,926.49,4962.0
2025-03-25 16:00:00+00:00,926.265,926.68,922.53,924.6,6544.0
2025-03-25 17:00:00+00:00,924.69,926.455,923.52,925.83,3681.0
2025-03-25 18:00:00+00:00,926.12,927.41,925.29,926.005,3945.0
2025-03-25 19:00:00+00:00,926.005,930.61,925.8,930.145,10467.0
2025-03-26 14:00:00+00:00,934.81,937.08,932.395,935.72,6547.0
2025-03-26 15:00:00+00:00,935.72,935.87,925.51,926.83,4966.0
2025-03-26 16:00:00+00:00,926.765,928.6,924.57,926.93,1997.0
2025-03-26 17:00:00+00:00,927.25,930.37,926.55,927.25,2075.0
2025-03-26 18:00:00+00:00,927.44,929.17,923.29,925.37,2613.0
2025-03-26 19:00:00+00:00,925.37,931.17,925.37,929.88,10642.0
2025-03-27 14:00:00+00:00,935.19,941.29,935.0,941.29,10179.0
2025-03-27 15:00:00+00:00,941.21,941.21,935.93,937.49,4292.0
2025-03-27 16:00:00+00:00,937.94,942.6,937.94,939.06,3597.0
2025-03-27 17:00:00+00:00,939.36,942.18,939.07,939.1,3065.0
2025-03-27 18:00:00+00:00,939.49,942.75,939.35,940.83,2881.0
2025-03-27 19:00:00+00:00,940.47,942.5,938.56,938.725,12590.0
2025-03-28 14:00:00+00:00,933.24,933.24,925.97,927.75,12220.0
2025-03-28 15:00:00+00:00,927.96,936.48,926.87,935.55,10095.0
2025-03-28 16:00:00+00:00,935.55,938.145,932.5,933.16,5488.0
2025-03-28 17:00:00+00:00,933.16,933.16,929.445,931.96,3157.0
2025-03-28 18:00:00+00:00,931.98,932.36,928.49,929.73,4240.0
2025-03-28 19:00:00+00:00,929.82,931.99,929.09,929.68,12731.0
2025-03-31 14:00:00+00:00,929.09,939.76,928.305,938.41,17611.0
2025-03-31 15:00:00+00:00,939.22,940.41,935.79,936.85,5516.0
2025-03-31 16:00:00+00:00,937.21,942.55,935.74,939.66,6640.0
2025-03-31 17:00:00+00:00,939.61,942.39,937.825,940.37,7960.0
2025-03-31 18:00:00+00:00,940.64,945.43,940.64,942.945,5949.0
2025-03-31 19:00:00+00:00,942.93,948.42,942.55,945.78,10636.0
2025-04-01 14:00:00+00:00,954.67,957.0,948.525,956.81,10735.0
2025-04-01 15:00:00+00:00,956.5,957.025,951.26,953.53,4948.0
2025-04-01 16:00:00+00:00,953.26,953.82,948.97,953.1,5625.0
2025-04-01 17:00:00+00:00,952.44,953.94,950.24,950.81,3860.0
2025-04-01 18:00:00+00:00,951.22,951.22,944.4,946.75,4997.0
2025-04-01 19:00:00+00:00,946.44,956.43,946.02,954.04,17046.0
2025-04-02 14:00:00+00:00,959.07,971.475,956.83,970.49,19649.0
2025-04-02 15:00:00+00:00,970.36,970.36,960.91,961.1,5800.0
2025-04-02 16:00:00+00:00,960.91,965.95,960.06,965.81,1862.0
2025-04-02 17:00:00+00:00,965.84,969.565,961.915,964.23,2112.0
2025-04-02 18:00:00+00:00,964.04,967.26,958.16,958.97,1631.0
2025-04-02 19:00:00+00:00,959.24,968.56,959.08,965.0,12611.0
2025-04-03 14:00:00+00:00,962.92,974.99,957.61,965.25,15363.0
2025-04-03 15:00:00+00:00,965.37,976.315,964.53,974.49,9149.0
2025-04-03 16:00:00+00:00,975.18,980.875,974.16,977.28,5922.0
2025-04-03 17:00:00+00:00,977.28,978.18,971.4,971.4,5612.0
2025-04-03 18:00:00+00:00,971.4,974.73,969.46,970.79,4243.0
2025-04-03 19:00:00+00:00,971.09,972.54,963.79,966.85,11094.0
2025-04-04 14:00:00+00:00,962.215,962.605,949.58,954.115,14150.0
2025-04-04 15:00:00+00:00,953.88,961.565,941.665,943.555,8595.0
2025-04-04 16:00:00+00:00,943.87,944.96,926.555,927.25,20203.0
2025-04-04 17:00:00+00:00,928.42,933.58,921.33,931.86,11469.0
2025-04-04 18:00:00+00:00,932.695,935.35,913.915,918.88,13568.0
2025-04-04 19:00:00+00:00,918.8,930.63,914.11,916.71,25711.0
2025-04-07 14:00:00+00:00,896.3,935.55,889.86,911.92,17767.0
2025-04-07 15:00:00+00:00,911.75,917.08,891.05,901.11,9277.0
2025-04-07 16:00:00+00:00,900.33,904.05,891.195,892.13,11043.0
2025-04-07 17:00:00+00:00,894.475,915.97,891.23,915.76,7971.0
2025-04-07 18:00:00+00:00,916.68,923.15,908.49,911.01,8801.0
2025-04-07 19:00:00+00:00,910.255,912.16,901.26,908.24,13865.0
2025-04-08 14:00:00+00:00,939.85,942.67,936.03,937.63,15907.0
2025-04-08 15:00:00+00:00,937.63,937.63,929.44,934.01,9481.0
2025-04-08 16:00:00+00:00,933.37,936.36,918.44,920.0,6423.0
2025-04-08 17:00:00+00:00,919.28,921.84,912.255,916.87,11048.0
2025-04-08 18:00:00+00:00,916.75,919.25,908.91,915.28,5903.0
2025-04-08 19:00:00+00:00,914.39,915.46,899.57,909.63,15799.0
2025-04-09 14:00:00+00:00,922.32,924.03,909.46,909.46,12994.0
2025-04-09 15:00:00+00:00,908.52,916.36,907.7,910.1,9261.0
2025-04-09 16:00:00+00:00,910.175,920.55,908.29,917.06,7849.0
2025-04-09 17:00:00+00:00,916.645,967.61,911.06,960.77,12019.0
2025-04-09 18:00:00+00:00,963.48,963.48,951.88,954.42,15283.0
2025-04-09 19:00:00+00:00,952.28,966.62,952.28,966.06,20933.0
2025-04-10 14:00:00+00:00,980.52,993.77,978.615,982.0,15510.0
2025-04-10 15:00:00+00:00,982.72,985.195,965.04,965.38,11226.0
2025-04-10 16:00:00+00:00,965.75,965.75,951.58,957.59,6564.0
2025-04-10 17:00:00+00:00,958.455,963.93,945.5,962.8,7378.0
2025-04-10 18:00:00+00:00,961.2,972.41,957.79,964.99,12692.0
2025-04-10 19:00:00+00:00,964.995,968.54,956.88,964.71,18238.0
2025-04-11 14:00:00+00:00,953.75,956.425,943.81,950.8,10551.0
2025-04-11 15:00:00+00:00,955.36,956.63,947.25,955.89,3313.0
2025-04-11 16:00:00+00:00,955.89,968.02,955.12,963.32,5845.0
2025-04-11 17:00:00+00:00,962.96,970.06,962.33,965.88,3390.0
2025-04-11 18:00:00+00:00,965.68,966.1,959.96,960.0,4530.0
2025-04-11 19:00:00+00:00,960.9,966.54,960.68,962.93,15122.0
2025-04-14 14:00:00+00:00,971.82,986.93,970.37,984.99,10163.0
2025-04-14 15:00:00+00:00,985.16,986.38,975.96,977.45,7014.0
2025-04-14 16:00:00+00:00,976.6,980.79,973.25,973.65,6127.0
2025-04-14 17:00:00+00:00,973.34,981.555,972.92,980.95,4270.0
2025-04-14 18:00:00+00:00,981.96,985.59,980.99,982.87,7498.0
2025-04-14 19:00:00+00:00,983.04,986.89,978.86,979.84,19433.0
2025-04-15 14:00:00+00:00,989.07,993.69,984.13,984.72,5830.0
2025-04-15 15:00:00+00:00,985.6,986.3,979.85,982.53,2688.0
2025-04-15 16:00:00+00:00,983.2,983.55,977.5,978.01,2464.0
2025-04-15 17:00:00+00:00,977.98,979.49,973.245,976.61,3310.0
2025-04-15 18:00:00+00:00,977.45,978.51,972.81,978.26,4998.0
2025-04-15 19:00:00+00:00,978.26,979.125,973.85,976.55,12209.0
2025-04-16 14:00:00+00:00,966.13,976.75,965.04,975.58,5832.0
2025-04-16 15:00:00+00:00,975.465,978.39,973.35,974.11,3869.0
2025-04-16 16:00:00+00:00,973.97,975.11,972.66,973.39,2216.0
2025-04-16 17:00:00+00:00,973.06,973.88,964.98,964.98,4806.0
2025-04-16 18:00:00+00:00,965.81,969.705,963.44,963.725,4845.0
2025-04-16 19:00:00+00:00,963.725,969.325,959.41,968.14,15341.0
2025-04-17 14:00:00+00:00,980.78,983.99,977.17,981.16,4951.0
2025-04-17 15:00:00+00:00,981.805,988.31,980.08,987.21,3169.0
2025-04-17 16:00:00+00:00,988.115,992.94,983.855,992.875,4743.0
2025-04-17 17:00:00+00:00,992.72,997.415,990.03,996.19,4194.0
2025-04-17 18:00:00+00:00,996.63,999.94,995.79,996.74,9082.0
2025-04-17 19:00:00+00:00,996.65,998.525,993.25,994.74,15879.0
2025-04-18 14:00:00+00:00,994.74,994.74,994.74,994.74,0.0
2025-04-18 15:00:00+00:00,994.74,994.74,994.74,994.74,0.0
2025-04-18 16:00:00+00:00,994.74,994.74,994.74,994.74,0.0
2025-04-18 17:00:00+00:00,994.74,994.74,994.74,994.74,0.0
2025-04-18 18:00:00+00:00,994.74,994.74,994.74,994.74,0.0
2025-04-18 19:00:00+00:00,994.74,994.74,994.74,994.74,0.0
2025-04-21 14:00:00+00:00,987.04,987.04,971.22,971.54,9254.0
2025-04-21 15:00:00+00:00,972.02,972.12,962.705,963.47,6956.0
2025-04-21 16:00:00+00:00,963.525,964.13,954.405,955.33,6008.0
2025-04-21 17:00:00+00:00,955.45,956.15,945.43,947.1,5917.0
2025-04-21 18:00:00+00:00,946.71,947.39,942.98,943.98,11280.0
2025-04-21 19:00:00+00:00,944.2,959.2,944.2,957.815,17927.0
2025-04-22 14:00:00+00:00,976.02,986.44,975.72,984.315,9445.0
2025-04-22 15:00:00+00:00,983.63,984.31,980.26,984.31,3493.0
2025-04-22 16:00:00+00:00,984.67,986.99,983.57,984.58,2605.0
2025-04-22 17:00:00+00:00,984.64,986.44,969.405,970.89,4044.0
2025-04-22 18:00:00+00:00,970.23,979.91,968.73,979.38,1974.0
2025-04-22 19:00:00+00:00,978.86,981.4,973.865,978.92,8174.0
2025-04-23 14:00:00+00:00,987.32,988.785,980.345,982.87,7869.0
2025-04-23 15:00:00+00:00,982.82,983.615,972.67,975.15,3471.0
2025-04-23 16:00:00+00:00,974.66,977.9,969.0,976.73,2465.0
2025-04-23 17:00:00+00:00,976.28,978.65,972.31,973.58,3407.0
2025-04-23 18:00:00+00:00,974.19,975.06,971.11,973.5,2728.0
2025-04-23 19:00:00+00:00,973.54,977.535,970.58,976.89,5546.0
2025-04-24 14:00:00+00:00,968.94,975.2,968.94,972.39,5589.0
2025-04-24 15:00:00+00:00,972.68,974.975,968.95,971.23,3449.0
2025-04-24 16:00:00+00:00,971.23,974.43,970.27,972.7,4205.0
2025-04-24 17:00:00+00:00,971.915,971.915,967.39,970.79,7894.0
2025-04-24 18:00:00+00:00,970.79,975.79,970.79,974.11,5420.0
2025-04-24 19:00:00+00:00,973.94,977.165,971.71,975.16,10417.0
2025-04-25 14:00:00+00:00,972.09,973.1,962.96,966.85,5705.0
2025-04-25 15:00:00+00:00,966.85,972.79,966.85,968.44,2792.0
2025-04-25 16:00:00+00:00,968.17,969.14,964.7,966.2,2331.0
2025-04-25 17:00:00+00:00,965.91,972.09,965.71,966.78,2848.0
2025-04-25 18:00:00+00:00,966.93,974.29,966.64,973.31,4021.0
2025-04-25 19:00:00+00:00,973.31,978.655,972.71,977.25,8420.0
2025-04-28 14:00:00+00:00,978.165,982.815,977.09,982.6,4300.0
2025-04-28 15:00:00+00:00,982.45,982.69,974.29,974.99,3734.0
2025-04-28 16:00:00+00:00,974.99,974.99,971.25,972.33,3996.0
2025-04-28 17:00:00+00:00,972.46,974.82,968.67,974.36,2493.0
2025-04-28 18:00:00+00:00,974.52,974.83,971.0,974.515,2912.0
2025-04-28 19:00:00+00:00,974.35,981.03,974.35,978.32,7818.0
2025-04-29 14:00:00+00:00,978.05,991.5,978.05,991.5,10698.0
2025-04-29 15:00:00+00:00,991.53,991.97,986.64,989.19,7400.0
2025-04-29 16:00:00+00:00,988.16,992.19,983.07,983.24,3022.0
2025-04-29 17:00:00+00:00,982.79,990.8,982.69,989.98,2849.0
2025-04-29 18:00:00+00:00,990.23,992.0,988.4,989.54,2726.0
2025-04-29 19:00:00+00:00,989.52,993.485,988.44,991.8,6242.0
2025-04-30 14:00:00+00:00,977.97,986.635,977.21,985.99,5570.0
2025-04-30 15:00:00+00:00,986.0,990.0,985.0,990.0,5343.0
2025-04-30 16:00:00+00:00,990.01,991.96,986.65,990.68,2070.0
2025-04-30 17:00:00+00:00,991.22,993.08,987.815,991.72,3143.0
2025-04-30 18:00:00+00:00,991.73,993.75,986.77,986.865,3195.0
2025-04-30 19:00:00+00:00,987.41,997.77,987.41,994.54,12278.0
2025-05-01 14:00:00+00:00,993.22,1001.68,992.36,1000.87,8999.0
2025-05-01 15:00:00+00:00,1001.24,1003.17,997.4,998.405,4367.0
2025-05-01 16:00:00+00:00,998.23,1001.57,997.22,1001.42,2494.0
2025-05-01 17:00:00+00:00,1001.42,1006.175,1001.42,1003.63,3940.0
2025-05-01 18:00:00+00:00,1003.25,1006.05,1002.02,1002.23,5510.0
2025-05-01 19:00:00+00:00,1002.27,1004.59,998.32,998.76,7697.0
2025-05-02 14:00:00+00:00,1014.48,1017.99,1008.68,1010.31,7817.0
2025-05-02 15:00:00+00:00,1010.24,1012.57,1007.95,1009.41,2585.0
2025-05-02 16:00:00+00:00,1009.37,1011.47,1004.89,1006.97,4744.0
2025-05-02 17:00:00+00:00,1007.26,1009.91,1006.13,1007.25,1989.0
2025-05-02 18:00:00+00:00,1007.5,1011.39,1007.5,1010.66,3831.0
2025-05-02 19:00:00+00:00,1010.81,1012.77,1008.06,1008.09,9184.0
2025-05-05 14:00:00+00:00,1008.86,1014.03,1006.08,1013.3,6990.0
2025-05-05 15:00:00+00:00,1013.36,1013.975,1010.33,1013.52,2559.0
2025-05-05 16:00:00+00:00,1013.08,1015.6,1013.08,1014.29,2787.0
2025-05-05 17:00:00+00:00,1014.25,1015.96,1012.565,1014.89,1776.0
2025-05-05 18:00:00+00:00,1014.85,1017.31,1014.85,1017.31,3317.0
2025-05-05 19:00:00+00:00,1016.83,1017.12,1013.94,1014.87,7768.0
2025-05-06 14:00:00+00:00,1004.325,1016.16,1004.23,1014.275,5861.0
2025-05-06 15:00:00+00:00,1014.57,1015.11,1009.535,1010.41,1543.0
2025-05-06 16:00:00+00:00,1010.12,1013.84,1009.2,1009.75,3023.0
2025-05-06 17:00:00+00:00,1009.99,1013.29,1008.25,1008.67,2528.0
2025-05-06 18:00:00+00:00,1009.22,1014.15,1009.22,1013.51,2613.0
2025-05-06 19:00:00+00:00,1013.67,1013.67,1009.79,1010.28,8084.0
2025-05-07 14:00:00+00:00,1011.61,1013.61,1008.35,1009.58,4161.0
2025-05-07 15:00:00+00:00,1009.535,1009.87,1004.7,1007.59,3289.0
2025-05-07 16:00:00+00:00,1008.14,1011.45,1007.6,1011.39,2461.0
2025-05-07 17:00:00+00:00,1011.26,1011.26,1006.06,1006.06,3463.0
2025-05-07 18:00:00+00:00,1006.05,1010.86,1001.56,1010.14,2705.0
2025-05-07 19:00:00+00:00,1010.295,1012.81,1005.395,1007.1,8254.0
2025-05-08 14:00:00+00:00,1008.91,1012.245,991.88,992.92,9673.0
2025-05-08 15:00:00+00:00,993.74,1008.4,991.46,1006.71,7690.0
2025-05-08 16:00:00+00:00,1007.04,1009.5,1003.545,1003.785,3012.0
2025-05-08 17:00:00+00:00,1006.31,1007.42,1002.14,1003.63,2081.0
2025-05-08 18:00:00+00:00,1003.24,1008.46,1003.06,1008.01,3203.0
2025-05-08 19:00:00+00:00,1007.985,1011.62,1003.74,1007.46,13200.0
2025-05-09 14:00:00+00:00,1004.85,1006.49,998.31,1002.45,4546.0
2025-05-09 15:00:00+00:00,1002.47,1007.34,1002.075,1007.24,2645.0
2025-05-09 16:00:00+00:00,1007.205,1007.205,1002.55,1002.66,3292.0
2025-05-09 17:00:00+00:00,1002.66,1006.59,1002.21,1006.54,1811.0
2025-05-09 18:00:00+00:00,1006.54,1008.84,1006.29,1008.56,1886.0
2025-05-09 19:00:00+00:00,1008.615,1010.75,1007.68,1008.79,7348.0
2025-05-12 14:00:00+00:00,1006.75,1008.17,999.0,1003.87,9483.0
2025-05-12 15:00:00+00:00,1003.86,1007.02,1002.68,1006.24,5168.0
2025-05-12 16:00:00+00:00,1006.5,1012.21,1005.08,1011.84,4156.0
2025-05-12 17:00:00+00:00,1012.13,1013.72,1009.485,1010.295,2674.0
2025-05-12 18:00:00+00:00,1010.46,1013.84,1010.45,1011.23,4691.0
2025-05-12 19:00:00+00:00,1010.895,1016.78,1010.89,1016.24,10429.0
2025-05-13 14:00:00+00:00,1021.04,1023.87,1010.32,1010.545,11069.0
2025-05-13 15:00:00+00:00,1010.44,1012.5,1002.83,1006.09,6659.0
2025-05-13 16:00:00+00:00,1005.55,1006.2,992.71,992.8,12079.0
2025-05-13 17:00:00+00:00,992.73,995.47,987.74,994.02,12794.0
2025-05-13 18:00:00+00:00,994.2,999.53,994.12,999.0,5804.0
2025-05-13 19:00:00+00:00,998.87,1003.495,997.245,999.39,11748.0
2025-05-14 14:00:00+00:00,998.42,999.41,993.11,996.59,6159.0
2025-05-14 15:00:00+00:00,996.49,997.975,994.11,994.43,3238.0
2025-05-14 16:00:00+00:00,994.4,995.565,991.49,992.74,4923.0
2025-05-14 17:00:00+00:00,992.61,996.12,992.56,995.19,2821.0
2025-05-14 18:00:00+00:00,995.16,998.755,994.89,995.84,5823.0
2025-05-14 19:00:00+00:00,996.16,997.06,991.08,991.565,11397.0
2025-05-15 14:00:00+00:00,998.77,1004.5,998.35,1002.97,10575.0
2025-05-15 15:00:00+00:00,1003.74,1008.68,1003.74,1006.99,6897.0
2025-05-15 16:00:00+00:00,1007.78,1010.94,1007.07,1010.94,5548.0
2025-05-15 17:00:00+00:00,1010.82,1013.75,1010.14,1010.14,7475.0
2025-05-15 18:00:00+00:00,1009.57,1009.57,1006.33,1007.66,4834.0
2025-05-15 19:00:00+00:00,1007.695,1010.64,1006.0,1010.17,12581.0
2025-05-16 14:00:00+00:00,1017.725,1024.465,1016.44,1023.1,7444.0
2025-05-16 15:00:00+00:00,1023.17,1023.3,1020.61,1022.69,3264.0
2025-05-16 16:00:00+00:00,1022.69,1024.31,1021.255,1024.045,1462.0
2025-05-16 17:00:00+00:00,1024.02,1025.95,1023.075,1023.8,2775.0
2025-05-16 18:00:00+00:00,1023.85,1027.49,1022.76,1026.83,3979.0
2025-05-16 19:00:00+00:00,1026.84,1028.07,1025.925,1026.34,8863.0
2025-05-19 14:00:00+00:00,1021.875,1028.6,1021.34,1024.03,4520.0
2025-05-19 15:00:00+00:00,1023.93,1029.57,1023.93,1028.39,4022.0
2025-05-19 16:00:00+00:00,1028.74,1033.7,1028.645,1033.7,1886.0
2025-05-19 17:00:00+00:00,1033.49,1034.535,1029.52,1030.585,4349.0
2025-05-19 18:00:00+00:00,1030.27,1032.585,1029.36,1032.585,3435.0
2025-05-19 19:00:00+00:00,1032.67,1034.685,1030.48,1033.605,6413.0
2025-05-20 14:00:00+00:00,1035.76,1035.88,1031.22,1034.92,7199.0
2025-05-20 15:00:00+00:00,1034.54,1037.01,1032.51,1033.75,5444.0
2025-05-20 16:00:00+00:00,1033.58,1036.58,1031.825,1036.265,3275.0
2025-05-20 17:00:00+00:00,1036.26,1037.74,1034.24,1035.715,4912.0
2025-05-20 18:00:00+00:00,1035.715,1037.41,1033.31,1034.27,6180.0
2025-05-20 19:00:00+00:00,1034.09,1037.5,1032.68,1037.28,16358.0
2025-05-21 14:00:00+00:00,1036.51,1038.68,1034.28,1036.94,2971.0
2025-05-21 15:00:00+00:00,1036.945,1039.13,1034.42,1035.07,2939.0
2025-05-21 16:00:00+00:00,1035.4,1037.76,1033.69,1036.23,3245.0
2025-05-21 17:00:00+00:00,1036.1,1037.275,1025.945,1027.69,2452.0
2025-05-21 18:00:00+00:00,1028.025,1029.14,1024.9,1025.35,4193.0
2025-05-21 19:00:00+00:00,1025.19,1028.34,1023.98,1026.44,6908.0
2025-05-22 14:00:00+00:00,1022.91,1023.22,1014.0,1016.43,9450.0
2025-05-22 15:00:00+00:00,1016.09,1022.905,1016.09,1021.01,7114.0
2025-05-22 16:00:00+00:00,1021.62,1023.78,1019.88,1020.0,3857.0
2025-05-22 17:00:00+00:00,1020.025,1024.06,1018.295,1023.07,3828.0
2025-05-22 18:00:00+00:00,1022.96,1024.35,1020.35,1021.255,5458.0
2025-05-22 19:00:00+00:00,1021.1,1022.745,1017.31,1018.16,13519.0
2025-05-23 14:00:00+00:00,1009.715,1012.52,1008.77,1009.05,5700.0
2025-05-23 15:00:00+00:00,1009.09,1013.615,1008.45,1011.43,2893.0
2025-05-23 16:00:00+00:00,1011.39,1013.98,1009.86,1013.1,3736.0
2025-05-23 17:00:00+00:00,1012.93,1015.07,1011.5,1012.61,3172.0
2025-05-23 18:00:00+00:00,1012.61,1013.51,1009.72,1011.84,2641.0
2025-05-23 19:00:00+00:00,1011.71,1012.14,1007.235,1008.34,6253.0
2025-05-26 14:00:00+00:00,1008.34,1008.34,1008.34,1008.34,0.0
2025-05-26 15:00:00+00:00,1008.34,1008.34,1008.34,1008.34,0.0
2025-05-26 16:00:00+00:00,1008.34,1008.34,1008.34,1008.34,0.0
2025-05-26 17:00:00+00:00,1008.34,1008.34,1008.34,1008.34,0.0
2025-05-26 18:00:00+00:00,1008.34,1008.34,1008.34,1008.34,0.0
2025-05-26 19:00:00+00:00,1008.34,1008.34,1008.34,1008.34,0.0
2025-05-27 14:00:00+00:00,1015.86,1016.02,1011.17,1014.89,6746.0
2025-05-27 15:00:00+00:00,1015.0,1015.07,1011.43,1013.18,7218.0
2025-05-27 16:00:00+00:00,1012.73,1013.11,1010.89,1012.68,4783.0
2025-05-27 17:00:00+00:00,1012.68,1014.32,1011.47,1014.2,2194.0
2025-05-27 18:00:00+00:00,1014.3,1017.41,1014.2,1017.14,2841.0
2025-05-27 19:00:00+00:00,1017.08,1018.94,1016.74,1017.51,11111.0
2025-05-28 14:00:00+00:00,1021.66,1022.95,1016.86,1017.95,6307.0
2025-05-28 15:00:00+00:00,1017.925,1018.55,1015.65,1015.78,3368.0
2025-05-28 16:00:00+00:00,1015.835,1018.57,1015.835,1018.35,2739.0
2025-05-28 17:00:00+00:00,1017.85,1019.855,1016.87,1017.475,1877.0
2025-05-28 18:00:00+00:00,1017.31,1017.76,1014.7,1017.15,3041.0
2025-05-28 19:00:00+00:00,1017.27,1018.625,1013.0,1013.29,9964.0
2025-05-29 14:00:00+00:00,1012.0,1012.0,1006.635,1010.03,3010.0
2025-05-29 15:00:00+00:00,1010.2,1011.305,1004.6,1004.935,2586.0
2025-05-29 16:00:00+00:00,1005.095,1009.775,1003.68,1009.34,1766.0
2025-05-29 17:00:00+00:00,1009.33,1011.74,1009.29,1010.49,2315.0
2025-05-29 18:00:00+00:00,1010.41,1011.05,1008.15,1009.77,3171.0
2025-05-29 19:00:00+00:00,1010.06,1010.94,1007.2,1007.855,15813.0
2025-05-30 14:00:00+00:00,1040.51,1046.79,1034.38,1037.38,8856.0
2025-05-30 15:00:00+00:00,1037.375,1048.015,1035.71,1047.87,10971.0
2025-05-30 16:00:00+00:00,1047.505,1048.76,1042.74,1044.15,7989.0
2025-05-30 17:00:00+00:00,1044.515,1048.08,1041.68,1043.52,4528.0
2025-05-30 18:00:00+00:00,1043.635,1052.535,1043.54,1049.54,6445.0
2025-05-30 19:00:00+00:00,1049.19,1052.44,1038.81,1039.02,12705.0
2025-06-02 14:00:00+00:00,1047.545,1051.55,1044.94,1048.0,11791.0
2025-06-02 15:00:00+00:00,1047.91,1051.27,1044.75,1050.39,7989.0
2025-06-02 16:00:00+00:00,1050.08,1051.84,1045.82,1048.73,5093.0
2025-06-02 17:00:00+00:00,1048.42,1050.03,1047.65,1049.88,4791.0
2025-06-02 18:00:00+00:00,1049.695,1054.0,1049.15,1053.12,7665.0
2025-06-02 19:00:00+00:00,1053.47,1056.68,1052.82,1056.465,15828.0
2025-06-03 14:00:00+00:00,1059.32,1059.32,1044.5,1047.32,18015.0
2025-06-03 15:00:00+00:00,1047.32,1048.74,1043.13,1048.74,5833.0
2025-06-03 16:00:00+00:00,1048.74,1051.195,1047.11,1049.04,2638.0
2025-06-03 17:00:00+00:00,1049.04,1053.33,1048.85,1052.12,2623.0
2025-06-03 18:00:00+00:00,1052.52,1053.28,1050.55,1053.18,3063.0
2025-06-03 19:00:00+00:00,1052.965,1056.72,1052.6,1055.68,13382.0
2025-06-04 14:00:00+00:00,1053.53,1057.56,1052.03,1053.28,5908.0
2025-06-04 15:00:00+00:00,1052.98,1057.02,1052.05,1056.74,4763.0
2025-06-04 16:00:00+00:00,1056.66,1057.2,1054.63,1056.725,4235.0
2025-06-04 17:00:00+00:00,1057.145,1057.28,1055.265,1056.255,4777.0
2025-06-04 18:00:00+00:00,1056.14,1057.16,1052.24,1052.61,2330.0
2025-06-04 19:00:00+00:00,1052.48,1053.695,1050.76,1051.63,13309.0
2025-06-05 14:00:00+00:00,1030.0,1030.18,1017.37,1022.47,8705.0
2025-06-05 15:00:00+00:00,1022.47,1027.475,1018.92,1018.98,5533.0
2025-06-05 16:00:00+00:00,1018.72,1020.08,1014.14,1016.51,7219.0
2025-06-05 17:00:00+00:00,1016.15,1017.91,1012.2,1012.87,6702.0
2025-06-05 18:00:00+00:00,1012.37,1012.37,1006.6,1009.8,16274.0
2025-06-05 19:00:00+00:00,1009.38,1013.425,1008.39,1010.97,13887.0
2025-06-06 14:00:00+00:00,1015.77,1020.6,1015.29,1016.695,5722.0
2025-06-06 15:00:00+00:00,1016.45,1018.33,1012.93,1013.32,3840.0
2025-06-06 16:00:00+00:00,1013.32,1013.46,1009.39,1010.41,3064.0
2025-06-06 17:00:00+00:00,1010.15,1012.64,1008.68,1011.34,3725.0
2025-06-06 18:00:00+00:00,1012.135,1015.49,1012.135,1014.57,4875.0
2025-06-06 19:00:00+00:00,1014.47,1015.42,1012.865,1014.5,10396.0
2025-06-09 14:00:00+00:00,1003.17,1006.74,1001.42,1005.995,5372.0
2025-06-09 15:00:00+00:00,1006.05,1013.185,1005.675,1011.865,3576.0
2025-06-09 16:00:00+00:00,1011.865,1013.4,1011.3,1011.79,3115.0
2025-06-09 17:00:00+00:00,1011.95,1011.97,1007.97,1007.98,2874.0
2025-06-09 18:00:00+00:00,1008.01,1009.82,1006.24,1006.27,4197.0
2025-06-09 19:00:00+00:00,1006.13,1009.35,1005.85,1006.23,10736.0
2025-06-10 14:00:00+00:00,1004.4,1004.67,1001.37,1003.48,2347.0
2025-06-10 15:00:00+00:00,1003.48,1004.34,998.0,1001.615,2269.0
2025-06-10 16:00:00+00:00,1001.6,1004.065,1001.52,1003.905,2374.0
2025-06-10 17:00:00+00:00,1003.905,1005.15,1003.425,1004.42,2768.0
2025-06-10 18:00:00+00:00,1004.34,1004.38,1001.4,1003.83,4927.0
2025-06-10 19:00:00+00:00,1003.92,1007.52,1003.92,1007.21,4914.0
2025-06-11 14:00:00+00:00,998.505,1002.07,998.17,1000.89,6209.0
2025-06-11 15:00:00+00:00,1000.83,1001.31,999.23,1000.03,6802.0
2025-06-11 16:00:00+00:00,1000.02,1003.95,999.92,1002.095,3624.0
2025-06-11 17:00:00+00:00,1002.1,1002.7,999.13,999.66,3595.0
2025-06-11 18:00:00+00:00,999.41,999.41,993.5,995.57,4844.0
2025-06-11 19:00:00+00:00,995.03,997.13,994.05,997.13,8201.0
2025-06-12 14:00:00+00:00,996.93,1002.22,995.495,1001.07,6384.0
2025-06-12 15:00:00+00:00,1001.17,1002.775,999.38,1001.595,3818.0
2025-06-12 16:00:00+00:00,1001.6,1001.97,999.84,999.99,3437.0
2025-06-12 17:00:00+00:00,999.865,1001.3,999.47,1000.755,2405.0
2025-06-12 18:00:00+00:00,1000.88,1002.97,1000.83,1002.97,1870.0
2025-06-12 19:00:00+00:00,1003.02,1003.295,1001.71,1002.76,6970.0
2025-06-13 14:00:00+00:00,1000.34,1000.34,993.92,996.2,3549.0
2025-06-13 15:00:00+00:00,996.36,996.67,994.0,996.29,2550.0
2025-06-13 16:00:00+00:00,996.04,996.3,992.0,993.23,2744.0
2025-06-13 17:00:00+00:00,992.9,993.07,989.84,992.42,2732.0
2025-06-13 18:00:00+00:00,992.305,993.0,988.77,990.13,2966.0
2025-06-13 19:00:00+00:00,990.525,990.815,988.77,990.61,9834.0
2025-06-16 14:00:00+00:00,1001.2,1001.82,994.74,995.36,7043.0
2025-06-16 15:00:00+00:00,995.37,995.78,991.17,991.635,4767.0
2025-06-16 16:00:00+00:00,991.79,992.01,989.27,990.27,4151.0
2025-06-16 17:00:00+00:00,990.56,990.68,987.12,987.4,3219.0
2025-06-16 18:00:00+00:00,987.46,988.245,986.62,987.24,3689.0
2025-06-16 19:00:00+00:00,987.12,987.425,981.54,983.93,13354.0
2025-06-17 14:00:00+00:00,978.94,982.92,976.91,981.505,6100.0
2025-06-17 15:00:00+00:00,981.52,984.67,981.25,984.475,8030.0
2025-06-17 16:00:00+00:00,984.475,986.11,983.7,984.42,4115.0
2025-06-17 17:00:00+00:00,984.25,984.86,978.62,980.06,3538.0
2025-06-17 18:00:00+00:00,979.74,980.125,976.465,978.625,8033.0
2025-06-17 19:00:00+00:00,978.625,982.875,977.305,977.625,14858.0
2025-06-18 14:00:00+00:00,975.355,978.72,974.83,978.66,6720.0
2025-06-18 15:00:00+00:00,978.735,981.0,978.43,979.84,4285.0
2025-06-18 16:00:00+00:00,979.84,980.26,978.14,978.96,2165.0
2025-06-18 17:00:00+00:00,978.96,982.44,976.505,980.97,2923.0
2025-06-18 18:00:00+00:00,981.31,981.81,977.24,977.46,3940.0
2025-06-18 19:00:00+00:00,977.45,979.52,974.11,974.11,6120.0
2025-06-19 14:00:00+00:00,974.11,974.11,974.11,974.11,0.0
2025-06-19 15:00:00+00:00,974.11,974.11,974.11,974.11,0.0
2025-06-19 16:00:00+00:00,974.11,974.11,974.11,974.11,0.0
2025-06-19 17:00:00+00:00,974.11,974.11,974.11,974.11,0.0
2025-06-19 18:00:00+00:00,974.11,974.11,974.11,974.11,0.0
2025-06-19 19:00:00+00:00,974.11,974.11,974.11,974.11,0.0
2025-06-20 14:00:00+00:00,980.29,984.04,979.05,982.63,4887.0
2025-06-20 15:00:00+00:00,982.15,983.58,978.74,978.74,3213.0
2025-06-20 16:00:00+00:00,978.51,979.44,976.32,978.54,2736.0
2025-06-20 17:00:00+00:00,978.85,980.01,976.37,977.75,2302.0
2025-06-20 18:00:00+00:00,977.51,980.07,976.62,976.64,2673.0
2025-06-20 19:00:00+00:00,976.35,981.06,973.91,980.09,11394.0
2025-06-23 14:00:00+00:00,989.44,996.92,987.75,994.37,5821.0
2025-06-23 15:00:00+00:00,993.82,996.21,990.87,991.61,5036.0
2025-06-23 16:00:00+00:00,991.53,993.3,990.0,992.53,1789.0
2025-06-23 17:00:00+00:00,991.93,998.42,991.42,997.56,4125.0
2025-06-23 18:00:00+00:00,997.56,999.41,997.56,998.76,4224.0
2025-06-23 19:00:00+00:00,998.54,1004.85,998.54,1004.73,11534.0
2025-06-24 14:00:00+00:00,996.135,996.135,992.54,993.0,7225.0
2025-06-24 15:00:00+00:00,993.57,1000.26,992.78,998.95,6023.0
2025-06-24 16:00:00+00:00,998.95,1000.79,998.45,999.62,4910.0
2025-06-24 17:00:00+00:00,999.62,1002.77,999.62,1002.44,3865.0
2025-06-24 18:00:00+00:00,1002.44,1002.67,1000.32,1001.62,4700.0
2025-06-24 19:00:00+00:00,1001.58,1003.36,1000.36,1001.33,9370.0
2025-06-25 14:00:00+00:00,1003.86,1003.86,995.45,995.63,6715.0
2025-06-25 15:00:00+00:00,995.67,997.74,992.875,993.57,2623.0
2025-06-25 16:00:00+00:00,993.55,994.62,987.56,989.58,5572.0
2025-06-25 17:00:00+00:00,989.57,992.54,989.08,990.97,3511.0
2025-06-25 18:00:00+00:00,990.9,991.72,987.18,987.39,5209.0
2025-06-25 19:00:00+00:00,987.38,988.15,986.1,986.68,17334.0
2025-06-26 14:00:00+00:00,981.47,982.735,977.05,980.315,14912.0
2025-06-26 15:00:00+00:00,980.325,982.0,979.08,979.91,9310.0
2025-06-26 16:00:00+00:00,980.2,982.14,979.2,979.33,4628.0
2025-06-26 17:00:00+00:00,979.29,981.48,978.76,980.96,4751.0
2025-06-26 18:00:00+00:00,980.96,983.41,980.51,981.92,3873.0
2025-06-26 19:00:00+00:00,982.195,984.13,981.37,983.66,7800.0
2025-06-27 14:00:00+00:00,982.73,989.56,982.73,986.63,5153.0
2025-06-27 15:00:00+00:00,986.87,989.25,986.03,989.135,2983.0
2025-06-27 16:00:00+00:00,989.09,992.93,989.09,992.01,4825.0
2025-06-27 17:00:00+00:00,992.085,992.62,988.66,989.97,6218.0
2025-06-27 18:00:00+00:00,989.88,990.13,987.17,988.21,3395.0
2025-06-27 19:00:00+00:00,988.05,988.095,983.595,985.29,6737.0
2025-06-30 14:00:00+00:00,989.65,989.68,983.95,984.03,10245.0
2025-06-30 15:00:00+00:00,984.09,984.19,980.91,982.4,6141.0
2025-06-30 16:00:00+00:00,982.4,984.31,982.4,982.97,2862.0
2025-06-30 17:00:00+00:00,982.43,982.52,979.97,980.78,3315.0
2025-06-30 18:00:00+00:00,980.64,986.44,980.64,986.435,2369.0
2025-06-30 19:00:00+00:00,986.6,991.32,986.2,989.655,8571.0
2025-07-01 14:00:00+00:00,986.95,992.395,983.7,990.87,9668.0
2025-07-01 15:00:00+00:00,990.65,991.31,982.7,982.86,6225.0
2025-07-01 16:00:00+00:00,982.93,986.29,974.815,985.64,8217.0
2025-07-01 17:00:00+00:00,985.64,987.14,983.2,986.5,3653.0
2025-07-01 18:00:00+00:00,986.58,990.08,983.555,986.38,4034.0
2025-07-01 19:00:00+00:00,985.34,987.07,983.83,985.95,9390.0
2025-07-02 14:00:00+00:00,983.48,985.44,978.44,980.305,7484.0
2025-07-02 15:00:00+00:00,980.12,980.505,976.9,979.36,5926.0
2025-07-02 16:00:00+00:00,979.33,982.48,978.63,981.95,4270.0
2025-07-02 17:00:00+00:00,981.99,984.32,981.51,982.75,3408.0
2025-07-02 18:00:00+00:00,982.55,983.3,981.08,981.29,2740.0
2025-07-02 19:00:00+00:00,981.29,983.81,980.82,982.33,7935.0
2025-07-03 14:00:00+00:00,986.22,987.41,982.94,985.91,9703.0
2025-07-03 15:00:00+00:00,985.75,986.78,982.99,985.3,7554.0
2025-07-03 16:00:00+00:00,985.51,987.24,985.32,986.94,5780.0
