date,Close,High,Low,Open,Volume
2022-01-03 00:00:00+00:00,6.4069741487,6.4363976809,6.0759594108,6.0833152938,29432477
2022-01-04 00:00:00+00:00,6.561447693,6.6570741728,6.443753564,6.4731770962,24559038
2022-01-05 00:00:00+00:00,6.4805329793,6.6864977051,6.4731770962,6.6423624067,16002223
2022-01-06 00:00:00+00:00,6.679141822,6.7012094712,6.4777377437,6.679141822,14648447
2022-01-07 00:00:00+00:00,6.796835951,6.8483271325,6.6644300559,6.6938535881,21862142
2022-01-10 00:00:00+00:00,6.7085653543,6.8924624309,6.5724815176,6.8189036002,25295330
2022-01-11 00:00:00+00:00,6.8630388986,6.8703947817,6.679141822,6.7306330035,14785659
2022-01-12 00:00:00+00:00,7.0837153905,7.1057830397,6.8924624309,6.9145300801,27000650
2022-01-13 00:00:00+00:00,6.9439536123,7.1057830397,6.9292418462,7.0984271567,13804153
2022-01-14 00:00:00+00:00,7.0542918583,7.0837153905,6.9292418462,6.9586653784,14440629
2022-01-18 00:00:00+00:00,7.135206572,7.1793418704,7.0101565599,7.1057830397,20562307
2022-01-19 00:00:00+00:00,7.0542918583,7.1940536365,6.9586653784,7.1866977534,13469704
2022-01-20 00:00:00+00:00,7.0101565599,7.1057830397,6.9586653784,7.0322242091,19031672
2022-01-21 00:00:00+00:00,6.7453447696,6.9880889107,6.7012094712,6.907174197,21973678
2022-01-24 00:00:00+00:00,6.7527006527,6.7821241849,6.4363976809,6.5835153422,31092478
2022-01-25 00:00:00+00:00,6.8336153664,6.8703947817,6.6386844652,6.7085653543,17401640
2022-01-26 00:00:00+00:00,7.1278506889,7.2014095196,6.969699203,7.1793418704,39163111
2022-01-27 00:00:00+00:00,7.0616477413,7.2161212857,6.9218859631,7.1940536365,28850880
2022-01-28 00:00:00+00:00,6.9880889107,7.1131389228,6.8777506647,7.1057830397,20994031
2022-01-31 00:00:00+00:00,7.0395800922,7.0726815659,6.8851065478,6.9880889107,20479491
2022-02-01 00:00:00+00:00,7.2087654026,7.2381889349,7.024868326,7.1204948059,21512847
2022-02-02 00:00:00+00:00,7.3264595316,7.3558830639,7.1793418704,7.2455448179,33777508
2022-02-03 00:00:00+00:00,7.5324242574,7.5324242574,7.2124433442,7.2896801163,30688626
2022-02-04 00:00:00+00:00,7.5324242574,7.6574742695,7.480933076,7.5839154389,24994993
2022-02-07 00:00:00+00:00,7.4331198361,7.5678591684,7.3807212068,7.56037365,19543986
2022-02-08 00:00:00+00:00,7.4630619099,7.4855184653,7.3058660222,7.3882067253,21334463
2022-02-09 00:00:00+00:00,7.4705474284,7.5828302054,7.4555763915,7.4705474284,15305185
2022-02-10 00:00:00+00:00,7.4855184653,7.5978012423,7.448090873,7.4855184653,17514278
2022-02-11 00:00:00+00:00,7.7100840193,7.7325405747,7.4855184653,7.5004895023,25629900
2022-02-14 00:00:00+00:00,7.56037365,7.7025985008,7.5379170946,7.6876274639,19489599
2022-02-15 00:00:00+00:00,7.6127722792,7.639420725,7.4057228385,7.4555763915,13348578
2022-02-16 00:00:00+00:00,7.5828302054,7.769968167,7.5753446869,7.6427143531,15206232
2022-02-17 00:00:00+00:00,7.6501998716,7.7475116116,7.5978012423,7.7325405747,23681484
2022-02-18 00:00:00+00:00,7.5229460577,7.7549971301,7.5079750207,7.7549971301,16897135
2022-02-22 00:00:00+00:00,7.3058660222,7.6352288346,7.223525319,7.6202577977,24102474
2022-02-23 00:00:00+00:00,7.3208370591,7.4106632807,7.2834094668,7.3657501699,15103220
2022-02-24 00:00:00+00:00,7.2609529114,7.4330449809,7.1374418567,7.2010687636,26118647
2022-02-25 00:00:00+00:00,7.3283225776,7.384463966,7.2609529114,7.2908949852,27782256
2022-02-28 00:00:00+00:00,7.5903157238,7.6277433162,7.2759239483,7.3208370591,26553214
2022-03-01 00:00:00+00:00,7.7999102409,7.8298523147,7.6277433162,7.6277433162,26126962
2022-03-02 00:00:00+00:00,7.8523088701,7.8972219809,7.7737109262,7.8672799071,25149633
2022-03-03 00:00:00+00:00,7.7624826485,7.8373378332,7.6651709085,7.8223667963,19441084
2022-03-04 00:00:00+00:00,7.8073957593,7.8298523147,7.6876274639,7.769968167,15831945
2022-03-07 00:00:00+00:00,7.7400260931,7.9270143444,7.6427143531,7.9196785363,26783477
2022-03-08 00:00:00+00:00,7.7999102409,8.0020192394,7.721312297,7.7512543708,47218426
2022-03-09 00:00:00+00:00,7.6202577977,7.7325405747,7.5341743354,7.7250550562,24909017
2022-03-10 00:00:00+00:00,7.7175695378,7.7886819632,7.5828302054,7.6427143531,23371040
2022-03-11 00:00:00+00:00,7.56037365,7.7325405747,7.5304315761,7.7025985008,19338090
2022-03-14 00:00:00+00:00,7.350779133,7.5304315761,7.2834094668,7.4930039838,26384790
2022-03-15 00:00:00+00:00,7.2983805037,7.3657501699,7.1187280605,7.1860977267,23121495
2022-03-16 00:00:00+00:00,7.3657501699,7.3882067253,7.238496356,7.3133515406,16631076
2022-03-17 00:00:00+00:00,7.4106632807,7.4855184653,7.3657501699,7.4406053545,15636604
2022-03-18 00:00:00+00:00,7.3283225776,7.4181487991,7.3021232629,7.3956922437,21051744
2022-03-21 00:00:00+00:00,7.4106632807,7.4630619099,7.384463966,7.4031777622,18590557
2022-03-22 00:00:00+00:00,7.6352288346,7.65768539,7.4031777622,7.4555763915,17733276
2022-03-23 00:00:00+00:00,7.5528881315,7.7025985008,7.5379170946,7.6876274639,13925498
2022-03-24 00:00:00+00:00,7.672656427,7.6876274639,7.56037365,7.5978012423,17756702
2022-03-25 00:00:00+00:00,7.9121930178,7.9346495732,7.6353036898,7.65768539,31613593
2022-03-28 00:00:00+00:00,8.1442440903,8.2228420342,7.6763991862,7.8597943886,44396708
2022-03-29 00:00:00+00:00,8.2714979042,8.4062372366,8.0615291112,8.0993309795,30900661
2022-03-30 00:00:00+00:00,8.6308027905,8.638288309,8.2789834227,8.3613241258,43621747
2022-03-31 00:00:00+00:00,8.3762951627,8.6644876236,8.3688096442,8.5784041613,26131119
2022-04-01 00:00:00+00:00,8.6233172721,8.6757159013,8.4361793104,8.4399220697,20348940
2022-04-04 00:00:00+00:00,8.5709186428,8.7243717713,8.4586358658,8.6682303828,16770421
2022-04-05 00:00:00+00:00,8.3762951627,8.6532593459,8.3388675704,8.6083462351,15729448
2022-04-06 00:00:00+00:00,8.301439978,8.428693792,8.2116137565,8.3987517181,26494222
2022-04-07 00:00:00+00:00,8.2640123857,8.3762951627,8.091845461,8.3538386073,17141625
2022-04-08 00:00:00+00:00,8.4062372366,8.428693792,8.1741861641,8.301439978,13504402
2022-04-11 00:00:00+00:00,8.2714979042,8.4212082735,8.2190992749,8.3837806812,15816970
2022-04-12 00:00:00+00:00,8.5035489766,8.5110344951,8.316411015,8.3688096442,21069307
2022-04-13 00:00:00+00:00,8.6532593459,8.6757159013,8.4474075881,8.6008607167,19471106
2022-04-14 00:00:00+00:00,8.6308027905,8.6981724567,8.5110344951,8.6008607167,12532997
2022-04-18 00:00:00+00:00,8.6981724567,8.8104552337,8.5484620874,8.6682303828,21848054
2022-04-19 00:00:00+00:00,8.7730276414,8.8179407522,8.6532593459,8.6981724567,14221520
2022-04-20 00:00:00+00:00,8.9002814553,8.9189952514,8.7206290121,8.8329117891,15627374
2022-04-21 00:00:00+00:00,8.7206290121,9.0425063061,8.6981724567,8.9676511215,25065915
2022-04-22 00:00:00+00:00,8.4436648289,8.7954841968,8.413722755,8.7430855675,16661979
2022-04-25 00:00:00+00:00,8.316411015,8.3388675704,7.9121930178,8.2378130711,41343891
2022-04-26 00:00:00+00:00,8.4361793104,8.6457738275,8.3238965334,8.4062372366,28768008
2022-04-27 00:00:00+00:00,8.4212082735,8.5933751982,8.3538386073,8.5110344951,17959709
2022-04-28 00:00:00+00:00,8.5334910505,8.5709186428,8.2714979042,8.5110344951,21923156
2022-04-29 00:00:00+00:00,8.2939544596,8.5933751982,8.2565268673,8.5185200135,16502546
2022-05-02 00:00:00+00:00,8.4436648289,8.4586358658,8.1592151272,8.2490413488,23733309
2022-05-03 00:00:00+00:00,8.7879986783,8.8179407522,8.4586358658,8.4885779397,26734695
2022-05-04 00:00:00+00:00,9.0425063061,9.0499918246,8.6570021051,8.9377090476,31635205
2022-05-05 00:00:00+00:00,8.8927959368,9.3419270447,8.7761715591,9.16976012,36272078
2022-05-06 00:00:00+00:00,8.8553683445,9.0152675149,8.6481085626,8.9848105301,29950826
2022-05-09 00:00:00+00:00,8.2462286475,8.7335404051,8.2081574165,8.7183119127,44115310
2022-05-10 00:00:00+00:00,8.1396292006,8.4365848028,7.8845519525,8.4167877627,31845946
2022-05-11 00:00:00+00:00,8.1700861854,8.5660269884,8.154857693,8.2614571399,19531065
2022-05-12 00:00:00+00:00,8.1167864619,8.2156955202,7.9645015377,8.1167864619,19676472
2022-05-13 00:00:00+00:00,8.4137420642,8.5013058956,8.2348072782,8.2348072782,18985538
2022-05-16 00:00:00+00:00,8.6345552043,8.729733282,8.3756708331,8.3756708331,18540108
2022-05-17 00:00:00+00:00,8.9315108066,8.9391250528,8.7030834202,8.7563831437,19188323
2022-05-18 00:00:00+00:00,8.550798496,8.9771962839,8.4249350061,8.946739299,21879073
2022-05-19 00:00:00+00:00,8.4213563104,8.5431842498,8.3109497403,8.4898845263,20477889
2022-05-20 00:00:00+00:00,8.4594275415,8.6497836968,8.2538428937,8.6193267119,17380526
2022-05-23 00:00:00+00:00,8.5812554809,8.6117124657,8.4175491873,8.4746560339,21490094
2022-05-24 00:00:00+00:00,8.5051130187,8.5698341115,8.3528280945,8.5051130187,13274613
2022-05-25 00:00:00+00:00,8.7106976665,8.7335404051,8.4746560339,8.4898845263,15887823
2022-05-26 00:00:00+00:00,8.8096828672,8.9695820377,8.7563831437,8.7716116361,16410269
2022-05-27 00:00:00+00:00,8.8705968369,8.9162823142,8.7106976665,8.8325256058,19410950
2022-05-31 00:00:00+00:00,8.8782110831,9.0457244998,8.802068621,8.9924247763,23104630
2022-06-01 00:00:00+00:00,9.0914099771,9.1332883312,8.8401398521,8.9848105301,17661196
2022-06-02 00:00:00+00:00,9.1447097005,9.198009424,8.9619677914,9.0457244998,17013343
2022-06-03 00:00:00+00:00,9.0228817611,9.1409025774,9.0000390225,9.0914099771,10491668
2022-06-06 00:00:00+00:00,9.0304960074,9.1370954543,8.9848866725,9.1218669619,10042403
2022-06-07 00:00:00+00:00,9.3731370869,9.3959798255,9.0152675149,9.0228817611,23965940
2022-06-08 00:00:00+00:00,9.3350658558,9.4645080414,9.2436949013,9.4645080414,17199394
2022-06-09 00:00:00+00:00,9.1675524392,9.3274516096,9.159938193,9.2893803786,10911409
2022-06-10 00:00:00+00:00,8.8629825907,9.0914099771,8.7944543748,9.0876028539,19799386
2022-06-13 00:00:00+00:00,8.4213563104,8.6459765737,8.299528371,8.6459765737,31972613
2022-06-14 00:00:00+00:00,8.2386144013,8.6345552043,8.1853146778,8.6193267119,19715550
2022-06-15 00:00:00+00:00,8.1624719392,8.3528280945,8.0787152309,8.3147568634,23739794
2022-06-16 00:00:00+00:00,7.7132314127,8.0406439998,7.6980029203,8.0025727687,32999248
2022-06-17 00:00:00+00:00,7.4848040263,7.8122166134,7.4086615642,7.652317443,48506099
2022-06-21 00:00:00+00:00,7.903587568,7.975922907,7.7284599051,7.8046023672,20053666
2022-06-22 00:00:00+00:00,7.6142462119,7.7779525055,7.4695755339,7.6066319657,22684795
2022-06-23 00:00:00+00:00,7.4543470415,7.7208456589,7.2830265017,7.7132314127,32070478
2022-06-24 00:00:00+00:00,7.6903886741,7.7056171665,7.4771897801,7.5609464885,22881617
2022-06-27 00:00:00+00:00,7.7208456589,7.8198308597,7.652317443,7.7665311362,20641857
2022-06-28 00:00:00+00:00,7.8731305831,8.0178012612,7.6980029203,7.8426735983,27731778
2022-06-29 00:00:00+00:00,7.7513026438,7.9568872915,7.6218604581,7.903587568,22968167
2022-06-30 00:00:00+00:00,7.5990177195,7.7283837627,7.507646765,7.6142462119,34151898
2022-07-01 00:00:00+00:00,7.6294747044,7.7018100434,7.4391185491,7.5837892271,24090155
2022-07-05 00:00:00+00:00,7.5228752574,7.5381037498,7.25637664,7.507646765,32246039
2022-07-06 00:00:00+00:00,7.2639908862,7.5380276074,6.9670352839,7.4315043028,39122880
2022-07-07 00:00:00+00:00,7.5152610112,7.6218604581,7.3629760869,7.3629760869,25204897
2022-07-08 00:00:00+00:00,7.5761749809,7.6066319657,7.4467327953,7.5304895036,17091562
2022-07-11 00:00:00+00:00,7.4086615642,7.5304895036,7.3185850315,7.5304895036,19484431
2022-07-12 00:00:00+00:00,7.3705903332,7.3705903332,7.1345487006,7.294447871,18188033
2022-07-13 00:00:00+00:00,7.507646765,7.5761749809,7.2030769165,7.2411481476,23086652
2022-07-14 00:00:00+00:00,7.3553618407,7.3705903332,7.1307415775,7.3096763635,22623989
2022-07-15 00:00:00+00:00,7.4771897801,7.5152610112,7.3553618407,7.4924182725,12932751
2022-07-18 00:00:00+00:00,7.6827744278,7.8426735983,7.5837892271,7.5837892271,19074200
2022-07-19 00:00:00+00:00,7.941658799,7.9530801684,7.724652782,7.7513026438,13781097
2022-07-20 00:00:00+00:00,7.9721157839,8.010187015,7.8426735983,7.8959733218,13093455
2022-07-21 00:00:00+00:00,7.8883590756,7.9302374297,7.7149065469,7.8807448294,12550176
2022-07-22 00:00:00+00:00,7.8046023672,7.9873442763,7.7436883975,7.8883590756,9608275
2022-07-25 00:00:00+00:00,8.0711009847,8.1244007081,7.8350593521,7.9188160604,23949318
2022-07-26 00:00:00+00:00,8.1091722157,8.2766856324,8.0102631574,8.1700861854,14743260
2022-07-27 00:00:00+00:00,8.3375996021,8.3452138483,8.120593585,8.2614571399,21002049
2022-07-28 00:00:00+00:00,8.5127272649,8.5584127422,8.192928924,8.3756708331,23983849
2022-07-29 00:00:00+00:00,8.6117124657,8.7486927551,8.5469913729,8.6040982195,20429937
2022-08-01 00:00:00+00:00,8.6193267119,8.6459765737,8.3908993256,8.5812554809,20548397
2022-08-02 00:00:00+00:00,8.5812554809,8.657397943,8.5279557574,8.6421694505,17781985
2022-08-03 00:00:00+00:00,8.5660269884,8.7030834202,8.4898845263,8.657397943,21529740
2022-08-04 00:00:00+00:00,8.4594275415,8.8401398521,8.444199049,8.7030834202,24491680
2022-08-05 00:00:00+00:00,8.4137420642,8.5575999461,8.3826376573,8.4526225728,15612737
2022-08-08 00:00:00+00:00,8.4681747762,8.588704353,8.4059659625,8.4137420642,12976023
2022-08-09 00:00:00+00:00,8.53038359,8.5770402004,8.4448464711,8.5381596918,15500614
2022-08-10 00:00:00+00:00,8.7636666417,8.8025471503,8.5264955392,8.5614879969,15566444
2022-08-11 00:00:00+00:00,8.9347408796,9.0436063037,8.895860371,8.9036364727,17937478
2022-08-12 00:00:00+00:00,9.0747107106,9.1058151175,8.9658452865,9.0513824055,13982013
2022-08-15 00:00:00+00:00,9.0047257951,9.0047257951,8.8025471503,8.8569798624,12673359
2022-08-16 00:00:00+00:00,9.175800033,9.1913522365,9.0591585072,9.0902629141,13712614
2022-08-17 00:00:00+00:00,9.035830202,9.2146805416,8.9658452865,9.175800033,15980562
2022-08-18 00:00:00+00:00,9.2768893554,9.2807774063,9.0980390158,9.0980390158,12801476
2022-08-19 00:00:00+00:00,9.1835761348,9.2768893554,9.1563597787,9.2535610503,10692842
2022-08-22 00:00:00+00:00,9.1913522365,9.2302327451,9.0436063037,9.0902629141,14532226
2022-08-23 00:00:00+00:00,9.4712918985,9.4789902392,9.2574491011,9.2768893554,17502025
2022-08-24 00:00:00+00:00,9.5568290175,9.7123510519,9.4635157968,9.486844102,23594209
2022-08-25 00:00:00+00:00,9.6112617295,9.6656944416,9.4660819103,9.6501422381,14705056
2022-08-26 00:00:00+00:00,9.4401874916,9.6345900347,9.4168591864,9.626813933,15343274
2022-08-29 00:00:00+00:00,9.5646051192,9.5879334243,9.3079937623,9.3390981692,14376505
2022-08-30 00:00:00+00:00,9.1835761348,9.486844102,9.1524717279,9.4790680002,19559279
2022-08-31 00:00:00+00:00,9.1058151175,9.3274340166,8.9852855408,9.0591585072,25671779
2022-09-01 00:00:00+00:00,9.121367321,9.1291434227,8.7947710486,9.0202779986,21758974
2022-09-02 00:00:00+00:00,9.1369195244,9.3235459658,9.0591585072,9.2768893554,16334696
2022-09-06 00:00:00+00:00,8.9736213882,9.2380866078,8.9619572357,9.2146805416,11826248
2022-09-07 00:00:00+00:00,8.9191886762,8.98139749,8.7869949469,8.8647559641,21644003
2022-09-08 00:00:00+00:00,9.0047257951,9.0436063037,8.8492037607,8.8803081676,14308516
2022-09-09 00:00:00+00:00,9.261337152,9.315769864,9.0824868124,9.1058151175,13895079
2022-09-12 00:00:00+00:00,9.4246352882,9.4401874916,9.2380088468,9.315769864,17444521
2022-09-13 00:00:00+00:00,9.0824868124,9.4090830847,9.0747107106,9.2924415589,17883255
2022-09-14 00:00:00+00:00,9.3390981692,9.3857547796,9.1524717279,9.175800033,14789568
2022-09-15 00:00:00+00:00,9.3546503727,9.486844102,9.1991283382,9.2457849485,16698379
2022-09-16 00:00:00+00:00,9.1835761348,9.2846654572,9.0280541003,9.261337152,21456960
2022-09-19 00:00:00+00:00,9.2535610503,9.2653029639,9.0202779986,9.0280541003,16794462
2022-09-20 00:00:00+00:00,9.2768893554,9.3235459658,9.1602478296,9.261337152,16587284
2022-09-21 00:00:00+00:00,9.2224566434,9.4287566221,9.1835761348,9.401306983,20251918
2022-09-22 00:00:00+00:00,8.8025471503,9.3468742709,8.7947710486,9.3079937623,30696765
2022-09-23 00:00:00+00:00,8.1960112159,8.5925924038,8.1026979953,8.5848163021,60092604
2022-09-26 00:00:00+00:00,7.9471759608,8.1804590125,7.7916539264,8.1415785039,42175350
2022-09-27 00:00:00+00:00,8.1571307073,8.3670854539,8.0404891815,8.0715935884,27815279
2022-09-28 00:00:00+00:00,8.6392490142,8.6781295228,8.1260263004,8.1649068091,24024860
2022-09-29 00:00:00+00:00,8.53038359,8.588704353,8.335981047,8.5381596918,20039511
2022-09-30 00:00:00+00:00,8.5770402004,8.6779740007,8.3709735047,8.4837269797,18930096
2022-10-03 00:00:00+00:00,8.8180993538,8.9036364727,8.6496689905,8.8025471503,24832981
2022-10-04 00:00:00+00:00,9.121367321,9.175800033,8.9464050322,8.9580691848,19275384
2022-10-05 00:00:00+00:00,9.2146805416,9.3079937623,8.8569798624,9.0202779986,21369814
2022-10-06 00:00:00+00:00,8.98139749,9.2146805416,8.9191886762,9.1446956261,17048781
2022-10-07 00:00:00+00:00,8.9736213882,9.0708226598,8.8880842693,8.9736213882,15249865
2022-10-10 00:00:00+00:00,8.8180993538,9.0513824055,8.7792188452,8.9036364727,12909204
2022-10-11 00:00:00+00:00,8.9658452865,9.0747107106,8.615920709,8.6859056245,16136766
2022-10-12 00:00:00+00:00,8.9425169813,8.9736213882,8.8180993538,8.895860371,10115964
2022-10-13 00:00:00+00:00,9.1058151175,9.1369195244,8.7131219805,8.8025471503,21835791
2022-10-14 00:00:00+00:00,8.9191886762,9.1282102905,8.9114125745,9.0436063037,12276900
2022-10-17 00:00:00+00:00,9.0980390158,9.1135912193,8.9191886762,9.035830202,13013525
2022-10-18 00:00:00+00:00,9.1680239313,9.3079937623,9.0591585072,9.1602478296,21788559
2022-10-19 00:00:00+00:00,9.2380088468,9.2691132537,9.1058151175,9.1135912193,16280313
2022-10-20 00:00:00+00:00,9.2457849485,9.3779786778,9.1641358804,9.2224566434,17149983
2022-10-21 00:00:00+00:00,9.401306983,9.4246352882,9.1913522365,9.2924415589,17774803
2022-10-24 00:00:00+00:00,9.3857547796,9.4712918985,9.3468742709,9.401306983,14129367
2022-10-25 00:00:00+00:00,9.3624264744,9.5529409666,9.315769864,9.401306983,15099695
2022-10-26 00:00:00+00:00,9.5490529157,9.7006868993,9.4246352882,9.5101724071,28935459
2022-10-27 00:00:00+00:00,9.6734705433,9.7745598657,9.6501422381,9.6890227467,20488394
2022-10-28 00:00:00+00:00,9.7434554588,9.7590076623,9.5335007123,9.6890227467,18076768
2022-10-31 00:00:00+00:00,9.9300819002,10.046723426,9.6890227467,9.7512315605,25431066
2022-11-01 00:00:00+00:00,9.9145296967,10.0700517312,9.879537239,10.0700517312,20265828
2022-11-02 00:00:00+00:00,9.6112617295,9.8989774933,9.5723812209,9.8989774933,31958754
2022-11-03 00:00:00+00:00,9.6851346959,9.8360924967,9.5262317476,9.5421220425,23641019
2022-11-04 00:00:00+00:00,9.7725313174,9.8678730864,9.5739026321,9.8122570545,17958219
2022-11-07 00:00:00+00:00,9.8440376441,9.8758182338,9.7388438924,9.8281473493,12876771
2022-11-08 00:00:00+00:00,9.7486958752,9.8758182338,9.7169152855,9.8758182338,14898168
2022-11-09 00:00:00+00:00,9.5103414528,9.7089701381,9.4467802735,9.6930798433,13683766
2022-11-10 00:00:00+00:00,9.7884216122,9.859927939,9.6374638114,9.6930798433,13359435
2022-11-11 00:00:00+00:00,9.6930798433,9.899653676,9.6017106481,9.8519827915,16960798
2022-11-14 00:00:00+00:00,9.5580123373,9.8519827915,9.5421220425,9.6930798433,12506656
2022-11-15 00:00:00+00:00,9.5659574847,9.7248604329,9.5023963054,9.629518664,18907906
2022-11-16 00:00:00+00:00,9.6215735166,9.6215735166,9.4388351261,9.5739026321,13903898
2022-11-17 00:00:00+00:00,9.494451158,9.5580123373,9.4626705683,9.5103414528,12749601
2022-11-18 00:00:00+00:00,9.6692444011,9.6811621222,9.4070545364,9.4865060106,13870603
2022-11-21 00:00:00+00:00,9.6612992536,9.6692444011,9.4149996839,9.6334912377,16642429
2022-11-22 00:00:00+00:00,9.9234891183,9.9234891183,9.6771895485,9.6771895485,16312946
2022-11-23 00:00:00+00:00,9.8758182338,9.899653676,9.7963667597,9.8043119071,8746366
2022-11-25 00:00:00+00:00,9.8202022019,9.9075988234,9.8122570545,9.8519827915,4024179
2022-11-28 00:00:00+00:00,9.6533541062,9.7884216122,9.6377021658,9.6771895485,11183710
2022-11-29 00:00:00+00:00,9.859927939,9.8837633812,9.7010249907,9.7089701381,12513732
2022-11-30 00:00:00+00:00,9.9632148553,9.9632148553,9.8157529193,9.9314342657,17082524
2022-12-01 00:00:00+00:00,9.8837633812,10.0267760346,9.8559553653,9.9632148553,10953150
2022-12-02 00:00:00+00:00,9.9552697079,9.9552697079,9.7884216122,9.8043119071,10036521
2022-12-05 00:00:00+00:00,9.6771895485,10.0267760346,9.6612992536,9.9870502976,14456696
2022-12-06 00:00:00+00:00,9.4865060106,9.7566410226,9.4388351261,9.6851346959,15234107
2022-12-07 00:00:00+00:00,9.4626705683,9.5580123373,9.3832190942,9.4626705683,11626309
2022-12-08 00:00:00+00:00,9.2958224727,9.6215735166,9.2719870304,9.5739026321,16872037
2022-12-09 00:00:00+00:00,9.0733583451,9.3355482097,9.0574680503,9.3196579149,19643716
2022-12-12 00:00:00+00:00,9.2958224727,9.3196579149,9.0574680503,9.1130840822,16470445
2022-12-13 00:00:00+00:00,9.4626705683,9.5023963054,9.2560967356,9.4388351261,16687831
2022-12-14 00:00:00+00:00,9.3673287994,9.4865060106,9.2799321778,9.4706157157,14450212
2022-12-15 00:00:00+00:00,9.264041883,9.317830531,9.0971937874,9.2878773253,14768420
2022-12-16 00:00:00+00:00,9.264041883,9.2719870304,9.0336326081,9.1369195244,20090927
2022-12-19 00:00:00+00:00,9.1845904089,9.3355482097,9.1130840822,9.3196579149,15059322
2022-12-20 00:00:00+00:00,9.2799321778,9.3276030623,9.0733583451,9.1528098192,16339779
2022-12-21 00:00:00+00:00,9.494451158,9.5182866002,9.2958224727,9.3514385046,18758805
2022-12-22 00:00:00+00:00,9.3832190942,9.4388351261,9.1528098192,9.4229448313,17559408
2022-12-23 00:00:00+00:00,9.5023963054,9.534176895,9.3125867337,9.3752739468,17927369
2022-12-27 00:00:00+00:00,9.4547254209,9.4785608632,9.3832190942,9.4547254209,12203614
2022-12-28 00:00:00+00:00,9.2719870304,9.4149996839,9.2560967356,9.3752739468,9936281
2022-12-29 00:00:00+00:00,9.4229448313,9.4785608632,9.2322612934,9.2560967356,8616971
2022-12-30 00:00:00+00:00,9.4308899787,9.4547254209,9.2958224727,9.3355482097,7244212
2023-01-03 00:00:00+00:00,9.2322612934,9.4785608632,9.1369195244,9.4547254209,12534993
2023-01-04 00:00:00+00:00,9.264041883,9.3911642416,9.1726726878,9.2163709985,12865236
2023-01-05 00:00:00+00:00,9.4785608632,9.5023963054,9.2402064408,9.2402064408,12246169
2023-01-06 00:00:00+00:00,9.6533541062,9.6851346959,9.5182866002,9.534176895,11341435
2023-01-09 00:00:00+00:00,9.7804764648,9.8758182338,9.7328055804,9.7884216122,12347109
2023-01-10 00:00:00+00:00,9.8440376441,9.859927939,9.7248604329,9.8360924967,8750431
2023-01-11 00:00:00+00:00,9.9552697079,9.994995445,9.8837633812,9.9155439708,8658836
2023-01-12 00:00:00+00:00,10.0426663294,10.1380080984,9.9552697079,10.0267760346,10386844
2023-01-13 00:00:00+00:00,10.0665017717,10.0744469191,9.9791051501,10.0426663294,5837525
2023-01-17 00:00:00+00:00,10.0267760346,10.2095144251,10.0148583135,10.0823920665,14703226
2023-01-18 00:00:00+00:00,9.9393794131,10.2412950148,9.9314342657,10.1459532458,13843085
2023-01-19 00:00:00+00:00,10.0108857398,10.034721182,9.8678730864,9.9314342657,11364371
2023-01-20 00:00:00+00:00,10.1380080984,10.169788688,10.0267760346,10.1380080984,10182939
2023-01-23 00:00:00+00:00,10.3366367837,10.3843076682,10.2104678428,10.2889658992,17524087
2023-01-24 00:00:00+00:00,10.3843076682,10.8610165129,10.2015692777,10.3207464889,10545373
2023-01-25 00:00:00+00:00,10.4478688475,10.4597865686,10.2174595725,10.360472226,11125105
2023-01-26 00:00:00+00:00,10.7259490069,10.7466063902,10.4240334053,10.7021135647,24145910
2023-01-27 00:00:00+00:00,10.6147169432,10.7815650388,10.5432106164,10.7418393018,16136269
2023-01-30 00:00:00+00:00,10.4081431104,10.622741542,10.3763625208,10.6147169432,34494697
2023-01-31 00:00:00+00:00,10.5511557639,10.5511557639,10.3525270785,10.4558139949,13143386
2023-02-01 00:00:00+00:00,10.3843076682,10.6147169432,10.3445819311,10.6067717957,24295600
2023-02-02 00:00:00+00:00,10.5511557639,10.5908815009,10.4041705367,10.4637591423,16323475
2023-02-03 00:00:00+00:00,10.5511557639,10.7338941543,10.5273203216,10.6067717957,18015736
2023-02-06 00:00:00+00:00,10.5551283376,10.6445785777,10.4250188973,10.6039193776,16139452
2023-02-07 00:00:00+00:00,10.4494144174,10.6282335793,10.3869618861,10.5957875376,12692881
2023-02-08 00:00:00+00:00,10.3924915373,10.5063372975,10.3477664172,10.4900736174,15961405
2023-02-09 00:00:00+00:00,10.3762278573,10.4819417774,10.3274368172,10.4738099374,9458057
2023-02-10 00:00:00+00:00,10.4412825774,10.5144691375,10.3924915373,10.3924915373,9734623
2023-02-13 00:00:00+00:00,10.5307328175,10.5957875376,10.4250188973,10.4656780974,9203186
2023-02-14 00:00:00+00:00,10.6445785777,10.7258969778,10.4900736174,10.5307328175,10596480
2023-02-15 00:00:00+00:00,10.6852377778,10.6852377778,10.3924915373,10.6445785777,9984205
2023-02-16 00:00:00+00:00,10.6120512177,10.7706220979,10.5266668975,10.5307328175,17515403
2023-02-17 00:00:00+00:00,10.4656780974,10.5510624176,10.3274368172,10.5307328175,13445269
2023-02-21 00:00:00+00:00,10.3599641772,10.5469964975,10.3274368172,10.4575462574,12948672
2023-02-22 00:00:00+00:00,10.5713920176,10.6039193776,10.3355686572,10.4900736174,13906157
2023-02-23 00:00:00+00:00,10.5795238576,10.7177651378,10.5408976175,10.6852377778,12273586
2023-02-24 00:00:00+00:00,10.4575462574,10.5487041839,10.4168870573,10.5307328175,11848478
2023-02-27 00:00:00+00:00,10.3762278573,10.5713920176,10.3518323372,10.5713920176,11867728
2023-02-28 00:00:00+00:00,10.2949094571,10.4315243694,10.2949094571,10.4087552173,10127256
2023-03-01 00:00:00+00:00,10.4006233773,10.4494144174,10.2705139371,10.3193049772,12046546
2023-03-02 00:00:00+00:00,10.5307328175,10.5551283376,10.3111731372,10.3680960172,10556645
2023-03-03 00:00:00+00:00,10.6120512177,10.6689740977,10.4656780974,10.4900736174,13324040
2023-03-06 00:00:00+00:00,10.7340288179,10.7746880179,10.5388646575,10.6201830577,9810377
2023-03-07 00:00:00+00:00,10.6771059378,10.7746880179,10.5713920176,10.7665561779,11204678
2023-03-08 00:00:00+00:00,10.7015014578,10.7258969778,10.5144691375,10.6608422577,12026291
2023-03-09 00:00:00+00:00,10.4900736174,10.7421606579,10.4656780974,10.7258969778,8986622
2023-03-10 00:00:00+00:00,10.246118417,10.5551283376,10.1810636969,10.5063372975,17618130
2023-03-13 00:00:00+00:00,9.9696358566,10.1728505385,9.7053510561,10.1160089768,27275246
2023-03-14 00:00:00+00:00,10.0346905767,10.3193049772,9.9289766565,10.0834816168,11223205
2023-03-15 00:00:00+00:00,9.7094169762,9.8598560164,9.4735936158,9.7988672163,28747373
2023-03-16 00:00:00+00:00,9.9615040166,9.9696358566,9.4004070556,9.595571216,21768089
2023-03-17 00:00:00+00:00,9.7500761762,9.9615040166,9.611834896,9.9452403365,22859781
2023-03-20 00:00:00+00:00,9.628098576,9.8883174564,9.595571216,9.7500761762,12118826
2023-03-21 00:00:00+00:00,9.8476582564,9.8883174564,9.7338124962,9.7500761762,9857048
2023-03-22 00:00:00+00:00,9.5630438559,9.8476582564,9.5549120159,9.8476582564,11738871
2023-03-23 00:00:00+00:00,9.4979891358,9.7582080162,9.4004070556,9.6606259361,12791994
2023-03-24 00:00:00+00:00,9.5142528158,9.5711756959,9.3109568155,9.3678796956,11420552
2023-03-27 00:00:00+00:00,9.628098576,9.6931532961,9.4248025757,9.619966736,12296822
2023-03-28 00:00:00+00:00,9.7988672163,9.8476582564,9.5874393759,9.603703056,9275266
2023-03-29 00:00:00+00:00,9.9208448165,9.9940313766,9.8069990563,9.8883174564,9686957
2023-03-30 00:00:00+00:00,10.1160089768,10.1200748968,9.9045811365,10.0021632166,8488263
2023-03-31 00:00:00+00:00,10.1404044969,10.1648000169,10.0672179367,10.1322726569,7379214
2023-04-03 00:00:00+00:00,10.4250188973,10.5307328175,10.3274368172,10.3518323372,14849853
2023-04-04 00:00:00+00:00,10.3680960172,10.5144691375,10.237986577,10.5144691375,9375545
2023-04-05 00:00:00+00:00,10.3762278573,10.4087552173,10.2543315755,10.3924915373,7046421
2023-04-06 00:00:00+00:00,10.1729318569,10.4087552173,10.1566681769,10.4087552173,9591856
2023-04-10 00:00:00+00:00,10.1729318569,10.2867776171,10.1485363369,10.1648000169,6674797
2023-04-11 00:00:00+00:00,10.213591057,10.2786457771,10.1729318569,10.197327377,9861158
2023-04-12 00:00:00+00:00,10.2623820971,10.3680960172,10.246118417,10.2949094571,5286305
2023-04-13 00:00:00+00:00,10.3762278573,10.4087552173,10.2542502571,10.2786457771,6068837
2023-04-14 00:00:00+00:00,10.4412825774,10.4494144174,10.3680960172,10.4006233773,4999355
2023-04-17 00:00:00+00:00,10.4738099374,10.5307328175,10.3843596973,10.4819417774,7509143
2023-04-18 00:00:00+00:00,10.4982054575,10.5632601776,10.4575462574,10.4900736174,6471937
2023-04-19 00:00:00+00:00,10.3111731372,10.4819417774,10.2989753771,10.4494144174,8829077
2023-04-20 00:00:00+00:00,10.3030412971,10.3680960172,10.229854737,10.2786457771,6181584
2023-04-21 00:00:00+00:00,10.3843596973,10.4006233773,10.2867776171,10.3355686572,5665675
2023-04-24 00:00:00+00:00,10.3193049772,10.4168870573,10.2705139371,10.3924915373,8279211
2023-04-25 00:00:00+00:00,10.1891955369,10.3030412971,10.1648000169,10.3030412971,8784925
2023-04-26 00:00:00+00:00,10.1485363369,10.2786457771,10.1078771368,10.197327377,6936275
2023-04-27 00:00:00+00:00,10.4006233773,10.4412825774,10.1322726569,10.1810636969,10035598
2023-04-28 00:00:00+00:00,10.4738099374,10.5307328175,10.3802937773,10.4331507374,10366138
2023-05-01 00:00:00+00:00,10.4982054575,10.6445785777,10.4738099374,10.5144691375,12632080
2023-05-02 00:00:00+00:00,10.3193049772,10.5469964975,10.1648000169,10.5469964975,16880950
2023-05-03 00:00:00+00:00,10.2949094571,10.4860076974,10.1891955369,10.2623820971,15148097
2023-05-04 00:00:00+00:00,10.2542502571,10.4128211373,10.1688659369,10.3680960172,15437897
2023-05-05 00:00:00+00:00,10.3010083371,10.5093620656,10.2676717406,10.4176864251,13296884
2023-05-08 00:00:00+00:00,10.2760058897,10.3843498285,10.2190003096,10.3760156794,8989096
2023-05-09 00:00:00+00:00,10.4176864251,10.4343547234,10.146826578,10.2093326966,12535949
2023-05-10 00:00:00+00:00,10.3760156794,10.4342713819,10.2426692932,10.3926839777,7074399
2023-05-11 00:00:00+00:00,10.2843400389,10.3176766354,10.1884973237,10.2593375914,7408575
2023-05-12 00:00:00+00:00,10.2676717406,10.3593473811,10.1759961,10.3010083371,8373262
2023-05-15 00:00:00+00:00,10.4260205742,10.4926937674,10.2676717406,10.2843400389,13349470
2023-05-16 00:00:00+00:00,10.3843498285,10.4676913199,10.2801729643,10.4176864251,11534900
2023-05-17 00:00:00+00:00,10.4426888725,10.5510328113,10.3926839777,10.4426888725,9024509
2023-05-18 00:00:00+00:00,10.6010377062,10.6427084519,10.4343547234,10.4676913199,10004854
2023-05-19 00:00:00+00:00,10.6343743027,10.7010474959,10.5843694079,10.6427084519,6278986
2023-05-22 00:00:00+00:00,10.6093718553,10.7427182416,10.554366471,10.7177157941,13233021
2023-05-23 00:00:00+00:00,10.6343743027,10.7760548381,10.5677011096,10.6177060045,11166339
2023-05-24 00:00:00+00:00,10.6677108993,10.7260499433,10.5593669605,10.7260499433,6537707
2023-05-25 00:00:00+00:00,10.6093718553,10.651042601,10.5176962148,10.651042601,8808905
2023-05-26 00:00:00+00:00,10.5426986622,10.6593767502,10.5010279165,10.651042601,8693305
2023-05-30 00:00:00+00:00,10.409352276,10.5093620656,10.3010083371,10.5093620656,9932334
2023-05-31 00:00:00+00:00,10.3343449337,10.3968510522,10.2593375914,10.351013232,8937780
2023-06-01 00:00:00+00:00,10.5010279165,10.5426986622,10.3343449337,10.3843498285,7634906
2023-06-02 00:00:00+00:00,10.7343840924,10.8010572855,10.5760352588,10.592703557,11102926
2023-06-05 00:00:00+00:00,10.7427182416,10.8510621804,10.651042601,10.7927231364,5828837
2023-06-06 00:00:00+00:00,10.7593865398,10.8177255838,10.6843791976,10.7177157941,7428966
2023-06-07 00:00:00+00:00,10.7510523907,10.8385609567,10.7343840924,10.7593865398,10924044
2023-06-08 00:00:00+00:00,10.7427182416,10.7760548381,10.6843791976,10.7593865398,9435100
2023-06-09 00:00:00+00:00,10.6177060045,10.7218828687,10.5677011096,10.7010474959,10064182
2023-06-12 00:00:00+00:00,10.5093620656,10.5885364825,10.4593571708,10.5677011096,9902696
2023-06-13 00:00:00+00:00,10.5593669605,10.6677108993,10.5093620656,10.5510328113,7070906
2023-06-14 00:00:00+00:00,10.5426986622,10.680212123,10.4343547234,10.6093718553,10268875
2023-06-15 00:00:00+00:00,10.7010474959,10.7260499433,10.5593669605,10.5677011096,8284210
2023-06-16 00:00:00+00:00,10.6843791976,10.7343840924,10.6427084519,10.7260499433,9323720
2023-06-20 00:00:00+00:00,10.6260401536,10.6927133467,10.592703557,10.6843791976,8496166
2023-06-21 00:00:00+00:00,10.651042601,10.7510523907,10.592703557,10.6177060045,12131934
2023-06-22 00:00:00+00:00,10.5593669605,10.6260401536,10.5051949911,10.6177060045,9207063
2023-06-23 00:00:00+00:00,10.4176864251,10.5426986622,10.4176864251,10.5010279165,10915216
2023-06-26 00:00:00+00:00,10.5010279165,10.5593669605,10.4176864251,10.4260205742,9068375
2023-06-27 00:00:00+00:00,10.5343645131,10.5677011096,10.4676913199,10.5260303639,8095821
2023-06-28 00:00:00+00:00,10.6177060045,10.6260401536,10.4760254691,10.5343645131,7262947
2023-06-29 00:00:00+00:00,10.6427084519,10.6927133467,10.6177060045,10.6593767502,5660967
2023-06-30 00:00:00+00:00,10.5843694079,10.709381645,10.5677011096,10.6843791976,10177136
2023-07-03 00:00:00+00:00,10.709381645,10.7177157941,10.6260401536,10.6427084519,3776700
2023-07-05 00:00:00+00:00,10.7010474959,10.709381645,10.6427084519,10.709381645,7132589
2023-07-06 00:00:00+00:00,10.6677108993,10.6843791976,10.5677011096,10.6427084519,5949539
2023-07-07 00:00:00+00:00,10.6260401536,10.7260499433,10.6135389299,10.6677108993,8812697
2023-07-10 00:00:00+00:00,10.7010474959,10.7260499433,10.6260401536,10.6427084519,8525629
2023-07-11 00:00:00+00:00,10.7927231364,10.8427280312,10.7177157941,10.7343840924,13900186
2023-07-12 00:00:00+00:00,10.826059733,10.9010670752,10.8093914347,10.8760646278,13100416
2023-07-13 00:00:00+00:00,10.8593963295,10.8677304787,10.826059733,10.8593963295,14448622
2023-07-14 00:00:00+00:00,10.7510523907,10.8677304787,10.7427182416,10.8677304787,15183471
2023-07-17 00:00:00+00:00,10.8093914347,10.8343938821,10.7760548381,10.7927231364,9647526
2023-07-18 00:00:00+00:00,10.9260695226,10.9594061192,10.8343938821,10.8427280312,9132639
2023-07-19 00:00:00+00:00,10.9844085666,11.0010768649,10.9427378209,10.9510719701,5458444
2023-07-20 00:00:00+00:00,11.0010768649,11.0427476106,10.9927427158,11.009411014,7327941
2023-07-21 00:00:00+00:00,10.9594061192,11.0427476106,10.9427378209,11.0344134615,8529568
2023-07-24 00:00:00+00:00,11.067750058,11.0844183563,10.9844085666,11.0010768649,9769756
2023-07-25 00:00:00+00:00,11.009411014,11.0844183563,11.009411014,11.0844183563,9701622
2023-07-26 00:00:00+00:00,10.9677402683,11.0432476595,10.9427378209,11.0427476106,9701792
2023-07-27 00:00:00+00:00,10.9510719701,11.0260793123,10.9427378209,11.0177451632,8511831
2023-07-28 00:00:00+00:00,11.0427476106,11.0510817597,10.9260695226,10.9677402683,8160519
2023-07-31 00:00:00+00:00,11.0760842072,11.1344232511,11.0427476106,11.1177549529,11954602
2023-08-01 00:00:00+00:00,11.067750058,11.1094208037,11.0427476106,11.0844183563,11395294
2023-08-02 00:00:00+00:00,10.9510719701,11.0760842072,10.9427378209,11.067750058,14932344
2023-08-03 00:00:00+00:00,10.7010474959,10.8427280312,10.6677108993,10.826059733,27379600
2023-08-04 00:00:00+00:00,10.6260401536,10.8010572855,10.6010377062,10.7927231364,19094624
2023-08-07 00:00:00+00:00,10.7843889873,10.8343938821,10.6760450484,10.6843791976,13785910
2023-08-08 00:00:00+00:00,10.7343840924,10.7843889873,10.7010474959,10.767720689,14137678
2023-08-09 00:00:00+00:00,10.8177255838,10.8927329261,10.7593865398,10.8093914347,16491245
2023-08-10 00:00:00+00:00,10.8927329261,10.9177353735,10.8302268075,10.8760646278,16747955
2023-08-11 00:00:00+00:00,10.8927329261,10.9439526734,10.8415131788,10.8841963015,12956329
2023-08-14 00:00:00+00:00,10.8585864279,10.9183427997,10.8415131788,10.8841963015,10404530
2023-08-15 00:00:00+00:00,10.7220004351,10.8415131788,10.6366341896,10.8415131788,11578255
2023-08-16 00:00:00+00:00,10.9012695506,10.9951724207,10.7220004351,10.7220004351,19967044
2023-08-17 00:00:00+00:00,11.0122456698,11.0976119153,10.9524892979,10.9866357961,14856774
2023-08-18 00:00:00+00:00,11.0976119153,11.0976119153,10.9562454127,10.969562547,10321887
2023-08-21 00:00:00+00:00,11.0976119153,11.217124659,11.046392168,11.2085880344,12568437
2023-08-22 00:00:00+00:00,11.0720020416,11.140295038,11.0720020416,11.1317584135,9982744
2023-08-23 00:00:00+00:00,11.0634654171,11.0805386662,11.0055017364,11.0634654171,11893095
2023-08-24 00:00:00+00:00,11.046392168,11.1317584135,11.0207822943,11.0293189189,9989202
2023-08-25 00:00:00+00:00,11.2341979081,11.2768810308,11.0805386662,11.0976119153,12859172
2023-08-28 00:00:00+00:00,11.4476135218,11.4646867709,11.2512711572,11.2512711572,15743876
2023-08-29 00:00:00+00:00,11.5415163919,11.5927361392,11.4604184587,11.48176002,13435848
2023-08-30 00:00:00+00:00,11.5671262655,11.6439558865,11.5329797673,11.5415163919,9250100
2023-08-31 00:00:00+00:00,11.4988332691,11.6439558865,11.4860283323,11.6439558865,9046206
2023-09-01 00:00:00+00:00,11.6268826374,11.6695657602,11.5756628901,11.6098093883,8994389
2023-09-05 00:00:00+00:00,11.7634686302,11.8232250021,11.652492511,11.6695657602,11538453
2023-09-06 00:00:00+00:00,11.5244431428,11.7890785039,11.5244431428,11.7805418793,12650718
2023-09-07 00:00:00+00:00,11.6951756338,11.7805418793,11.5671262655,11.5927361392,14262101
2023-09-08 00:00:00+00:00,11.7463953811,11.7976151284,11.6396875742,11.7805418793,10202627
2023-09-11 00:00:00+00:00,11.6098093883,11.8402982512,11.558589641,11.806151753,10555635
2023-09-12 00:00:00+00:00,11.6610291356,11.729322132,11.6183460128,11.6781023847,9695628
2023-09-13 00:00:00+00:00,11.558589641,11.729322132,11.5159065182,11.6781023847,9848055
2023-09-14 00:00:00+00:00,11.5841995146,11.6490778612,11.5244431428,11.6098093883,16086225
2023-09-15 00:00:00+00:00,11.6012727637,11.6866390093,11.5515042426,11.5841995146,10758868
2023-09-18 00:00:00+00:00,11.7549320057,11.7976151284,11.5970044515,11.6012727637,10298266
2023-09-19 00:00:00+00:00,11.7976151284,11.8659081248,11.7207855075,11.8146883775,9223734
2023-09-20 00:00:00+00:00,11.8659081248,12.0281039913,11.7207855075,11.7378587566,14834581
2023-09-21 00:00:00+00:00,11.7037122584,11.9085912476,11.6610291356,11.8573715003,13572660
2023-09-22 00:00:00+00:00,11.7976151284,11.9512743703,11.7079805706,11.7122488829,31389798
2023-09-25 00:00:00+00:00,11.9598109949,11.9683476194,11.7463953811,11.806151753,19853272
2023-09-26 00:00:00+00:00,11.8317616266,11.9427377458,11.7805418793,11.9085912476,14293875
2023-09-27 00:00:00+00:00,11.9085912476,11.976884244,11.853103188,11.9085912476,17224734
2023-09-28 00:00:00+00:00,11.9683476194,12.0195673667,11.8659081248,11.9342011212,18305069
2023-09-29 00:00:00+00:00,11.976884244,11.9939574931,11.8829813739,11.976884244,14724218
2023-10-02 00:00:00+00:00,11.7634686302,11.9939574931,11.6695657602,11.9854208685,17022322
2023-10-03 00:00:00+00:00,11.5671262655,11.7634686302,11.3793205254,11.7634686302,16255507
2023-10-04 00:00:00+00:00,11.38785715,11.5457847042,11.1829781608,11.5244431428,17627217
2023-10-05 00:00:00+00:00,11.4049303991,11.4049303991,11.2854176554,11.311027529,10350321
2023-10-06 00:00:00+00:00,11.4902966446,11.5457847042,11.2854176554,11.3537106518,10007822
2023-10-09 00:00:00+00:00,11.6866390093,11.729322132,11.558589641,11.6866390093,10080422
2023-10-10 00:00:00+00:00,11.7890785039,11.8402982512,11.6951756338,11.729322132,7935220
2023-10-11 00:00:00+00:00,11.7463953811,11.8659081248,11.7378587566,11.8232250021,9100717
2023-10-12 00:00:00+00:00,11.7549320057,11.8146883775,11.6866390093,11.7976151284,8023469
2023-10-13 00:00:00+00:00,11.806151753,11.8829813739,11.729322132,11.8317616266,11474007
2023-10-16 00:00:00+00:00,11.8659081248,11.9342011212,11.7805418793,11.900054623,11653397
2023-10-17 00:00:00+00:00,11.8146883775,11.9342011212,11.8146883775,11.8659081248,10419399
2023-10-18 00:00:00+00:00,11.8915179985,11.9171278721,11.7976151284,11.8488348757,9161642
2023-10-19 00:00:00+00:00,11.976884244,12.0366406158,11.8659081248,11.8659081248,11674917
2023-10-20 00:00:00+00:00,11.9512743703,12.0793237386,11.9342011212,12.0451772404,9847453
2023-10-23 00:00:00+00:00,11.7634686302,11.9342011212,11.7122488829,11.9256644967,17909157
2023-10-24 00:00:00+00:00,11.7378587566,11.8317616266,11.6183460128,11.8317616266,13190333
2023-10-25 00:00:00+00:00,11.6866390093,11.8573715003,11.6098093883,11.8488348757,12853664
2023-10-26 00:00:00+00:00,11.5841995146,11.6866390093,11.4945649569,11.6781023847,17311370
2023-10-27 00:00:00+00:00,11.4582843025,11.641826614,11.4058436421,11.5893859536,14927927
2023-10-30 00:00:00+00:00,11.4932447428,11.5719057334,11.3315527065,11.4408040824,15203854
2023-10-31 00:00:00+00:00,11.4932447428,11.5719057334,11.4233238622,11.5019848529,17451734
2023-11-01 00:00:00+00:00,11.4932447428,11.5719057334,11.274741991,11.4670244126,19117144
2023-11-02 00:00:00+00:00,11.9215101363,11.9564705766,11.510724963,11.5806458435,27661403
2023-11-03 00:00:00+00:00,11.9389903564,11.9564705766,11.7554480449,11.9477304665,16727692
2023-11-06 00:00:00+00:00,11.8078887054,11.9302502463,11.7729282651,11.9215101363,16901738
2023-11-07 00:00:00+00:00,11.6330865039,11.7161175496,11.5893859536,11.7117474946,13644163
2023-11-08 00:00:00+00:00,11.4233238622,11.5981260637,11.4058436421,11.5806458435,14730544
2023-11-09 00:00:00+00:00,11.3796233119,11.5456854032,11.3708832018,11.4495441925,11547330
2023-11-10 00:00:00+00:00,11.4845046327,11.5631656234,11.4582843025,11.4582843025,9618457
2023-11-13 00:00:00+00:00,11.5282051831,11.5544255133,11.4582843025,11.5282051831,12451661
2023-11-14 00:00:00+00:00,11.6330865039,11.6680469442,11.5587955683,11.6068661737,9906609
2023-11-15 00:00:00+00:00,11.6767870543,11.7729282651,11.6505667241,11.6942672744,9034093
2023-11-16 00:00:00+00:00,11.519465073,11.7554480449,11.510724963,11.7204876046,16412832
2023-11-17 00:00:00+00:00,11.8166288154,11.8690694758,11.5456854032,11.5456854032,15026003
2023-11-20 00:00:00+00:00,11.8515892557,12.0001711269,11.7816683751,11.9739507967,13481168
2023-11-21 00:00:00+00:00,11.9739507967,12.0744620625,11.8078887054,11.8253689255,13384887
2023-11-22 00:00:00+00:00,12.008911237,12.0263914571,11.8253689255,11.8778095859,7590010
2023-11-24 00:00:00+00:00,11.9914310168,12.0875722276,11.9783208517,11.9826909068,5206660
2023-11-27 00:00:00+00:00,11.9477304665,12.0395016222,11.8428491456,11.9826909068,10304658
2023-11-28 00:00:00+00:00,11.9477304665,12.0351315672,11.8952898061,11.9739507967,8347721
2023-11-29 00:00:00+00:00,11.9564705766,12.017651347,11.8996598611,12.017651347,12242397
2023-11-30 00:00:00+00:00,12.140012888,12.1574931082,11.9652106866,12.017651347,16928686
2023-12-01 00:00:00+00:00,12.140012888,12.1924535485,12.096574541,12.1137925578,11397461
2023-12-04 00:00:00+00:00,12.140012888,12.1837134384,12.0613518974,12.1050524478,8740471
2023-12-05 00:00:00+00:00,12.0263914571,12.1487529981,11.9914310168,12.1225326679,10473479
2023-12-06 00:00:00+00:00,11.7816683751,12.0351315672,11.7467079349,12.008911237,16220864
2023-12-07 00:00:00+00:00,11.6505667241,11.8078887054,11.6156062838,11.7729282651,14133918
2023-12-08 00:00:00+00:00,11.6243463939,11.700822357,11.5631656234,11.6330865039,17627723
2023-12-11 00:00:00+00:00,11.5981260637,11.6330865039,11.4845046327,11.6243463939,18194453
2023-12-12 00:00:00+00:00,11.5806458435,11.6068661737,11.4626543576,11.5019848529,12860421
2023-12-13 00:00:00+00:00,11.8253689255,11.886549696,11.5544255133,11.6156062838,16577884
2023-12-14 00:00:00+00:00,12.0263914571,12.1487529981,11.9652106866,12.0001711269,19439002
2023-12-15 00:00:00+00:00,11.9826909068,12.1574931082,11.8341090356,12.008911237,88401751
2023-12-18 00:00:00+00:00,12.1050524478,12.2361540988,12.0438716773,12.0438716773,16701114
2023-12-19 00:00:00+00:00,12.1225326679,12.1837134384,12.0613518974,12.0963123377,14863463
2023-12-20 00:00:00+00:00,11.9914310168,12.1662332182,11.9739507967,12.1137925578,12308409
2023-12-21 00:00:00+00:00,12.0526117873,12.0875722276,11.9477304665,12.017651347,12442547
2023-12-22 00:00:00+00:00,12.0263914571,12.1181626129,12.008911237,12.0788321175,10863443
2023-12-26 00:00:00+00:00,12.0438716773,12.1050524478,12.0438716773,12.0700920075,8329430
2023-12-27 00:00:00+00:00,12.0526117873,12.0700920075,11.9826909068,12.0613518974,7331671
2023-12-28 00:00:00+00:00,12.0351315672,12.0788321175,11.9914310168,12.008911237,8742542
2023-12-29 00:00:00+00:00,12.0613518974,12.0613518974,11.9564705766,12.0613518974,9414379
2024-01-02 00:00:00+00:00,12.131272778,12.1487529981,11.9826909068,12.0438716773,12487024
2024-01-03 00:00:00+00:00,12.253634319,12.3148150894,12.0526117873,12.0700920075,12412647
2024-01-04 00:00:00+00:00,12.1225326679,12.3322953096,12.0963123377,12.3104450344,14218693
2024-01-05 00:00:00+00:00,12.1924535485,12.2448942089,12.131272778,12.1574931082,10405900
2024-01-08 00:00:00+00:00,12.2186738787,12.2274139887,12.0700920075,12.1662332182,10525580
2024-01-09 00:00:00+00:00,12.2361540988,12.262374429,12.131272778,12.2361540988,10954135
2024-01-10 00:00:00+00:00,12.1662332182,12.2885947592,12.1574931082,12.262374429,10322827
2024-01-11 00:00:00+00:00,12.1662332182,12.2711145391,12.1050524478,12.1837134384,14126230
2024-01-12 00:00:00+00:00,12.2448942089,12.2711145391,12.1487529981,12.2448942089,9260754
2024-01-16 00:00:00+00:00,12.1487529981,12.2448942089,12.0875722276,12.2448942089,13438020
2024-01-17 00:00:00+00:00,12.0351315672,12.1487529981,12.0045411819,12.1050524478,12963383
2024-01-18 00:00:00+00:00,11.9914310168,12.0832021726,11.886549696,12.0613518974,15555768
2024-01-19 00:00:00+00:00,12.0526117873,12.0613518974,11.9302502463,12.0001711269,11278458
2024-01-22 00:00:00+00:00,12.131272778,12.3104450344,12.0482417323,12.1050524478,15926366
2024-01-23 00:00:00+00:00,12.1837134384,12.2274139887,12.126116113,12.140012888,11489117
2024-01-24 00:00:00+00:00,12.2973348693,12.3235551995,12.1837134384,12.2099337686,16018050
2024-01-25 00:00:00+00:00,12.4808771808,12.507097511,12.2973348693,12.3060749794,18969794
2024-01-26 00:00:00+00:00,12.6381991621,12.6556793822,12.4546568506,12.4808771808,16093403
2024-01-29 00:00:00+00:00,12.6993799326,12.7168601527,12.511467566,12.5944986117,12547524
2024-01-30 00:00:00+00:00,12.7256002628,12.7867810333,12.6731596023,12.7081200426,16688143
2024-01-31 00:00:00+00:00,12.4983574009,12.8042612534,12.4808771808,12.7955211433,18124941
2024-02-01 00:00:00+00:00,12.5595381714,12.760560703,12.5158376211,12.6207189419,19075460
2024-02-02 00:00:00+00:00,12.5245777311,12.6381991621,12.4546568506,12.5770183916,13506126
2024-02-05 00:00:00+00:00,12.507097511,12.5595381714,12.3410354197,12.507097511,17170031
2024-02-06 00:00:00+00:00,12.4852472358,12.5746190843,12.4226869419,12.4941844207,14038245
2024-02-07 00:00:00+00:00,12.4226869419,12.5209959752,12.3243779085,12.5031216055,16781146
2024-02-08 00:00:00+00:00,12.4316241267,12.4941844207,12.3333150934,12.3422522782,21218497
2024-02-09 00:00:00+00:00,12.4584356813,12.5031216055,12.3869382025,12.4405613116,7954278
2024-02-12 00:00:00+00:00,12.592493454,12.6014306389,12.4584356813,12.4673728661,8203534
2024-02-13 00:00:00+00:00,12.476310051,12.5746190843,12.4673728661,12.5388703449,10791432
2024-02-14 00:00:00+00:00,12.6103678237,12.6908024874,12.5031216055,12.5835562692,14156511
2024-02-15 00:00:00+00:00,12.8874205541,12.8963577389,12.592493454,12.6014306389,19103473
2024-02-16 00:00:00+00:00,13.0036039571,13.012541142,12.833797445,12.8695461844,16493124
2024-02-20 00:00:00+00:00,13.0840386208,13.1644732844,13.0036039571,13.128724545,15338497
2024-02-21 00:00:00+00:00,13.2717195026,13.3253426118,13.0661642511,13.1108501753,16787801
2024-02-22 00:00:00+00:00,13.2180963935,13.2987098009,13.1555360996,13.2717195026,26154159
2024-02-23 00:00:00+00:00,13.3074682421,13.3834343133,13.191284839,13.2359707632,9761160
2024-02-26 00:00:00+00:00,13.128724545,13.3253426118,13.128724545,13.3164054269,10049153
2024-02-27 00:00:00+00:00,13.128724545,13.2538451329,13.0661642511,13.1376617299,8941729
2024-02-28 00:00:00+00:00,12.9857295874,13.2315021708,12.9767924026,13.1555360996,7766242
2024-02-29 00:00:00+00:00,13.0840386208,13.1197873602,13.043821289,13.0572270662,8281691
2024-03-01 00:00:00+00:00,13.3879029057,13.3968400906,13.1465989147,13.1465989147,11418866
2024-03-04 00:00:00+00:00,13.3164054269,13.4594003845,13.2985310572,13.4057772754,8463064
2024-03-05 00:00:00+00:00,13.4236516451,13.5219606785,13.3074682421,13.3074682421,10226281
2024-03-06 00:00:00+00:00,13.5398350482,13.6023953421,13.4683375694,13.5398350482,7566382
2024-03-07 00:00:00+00:00,13.5755837876,13.6560184512,13.5219606785,13.5666466027,8148567
2024-03-08 00:00:00+00:00,13.43258883,13.6202697118,13.3879029057,13.6202697118,10285001
2024-03-11 00:00:00+00:00,13.4147144603,13.4683375694,13.2895938723,13.4236516451,10688342
2024-03-12 00:00:00+00:00,13.4147144603,13.5130234936,13.4057772754,13.4504631997,9330010
2024-03-13 00:00:00+00:00,13.4951491239,13.5934581573,13.4683375694,13.4862119391,9233141
2024-03-14 00:00:00+00:00,13.4415260148,13.5934581573,13.4057772754,13.5308978633,8238458
2024-03-15 00:00:00+00:00,13.7096415603,13.7364531149,13.4504631997,13.4683375694,12137242
2024-03-18 00:00:00+00:00,13.906259627,13.906259627,13.6917671906,13.7096415603,9608407
2024-03-19 00:00:00+00:00,14.0135058452,14.0403173998,13.8615737028,13.8883852573,11078380
2024-03-20 00:00:00+00:00,13.9956314755,14.0492545846,13.8526365179,13.9956314755,10060305
2024-03-21 00:00:00+00:00,13.9330711816,14.0224430301,13.8615737028,14.0045686604,15836604
2024-03-22 00:00:00+00:00,13.906259627,13.9554141437,13.8526365179,13.906259627,7344118
2024-03-25 00:00:00+00:00,13.906259627,14.0671289543,13.8883852573,13.9151968119,9713437
2024-03-26 00:00:00+00:00,13.8436993331,13.9598827361,13.8079505937,13.906259627,9870969
2024-03-27 00:00:00+00:00,13.8883852573,13.906259627,13.72751593,13.8347621482,11987411
2024-03-28 00:00:00+00:00,14.0581917695,14.1296892483,13.8705108876,13.9330711816,12326671
2024-04-01 00:00:00+00:00,14.0224430301,14.0939405089,13.9554141437,14.0760661392,12409488
2024-04-02 00:00:00+00:00,14.1028776937,14.1654379877,14.0045686604,14.0313802149,8924264
2024-04-03 00:00:00+00:00,14.2994957604,14.2994957604,14.1118148786,14.1565008028,9696506
2024-04-04 00:00:00+00:00,14.1296892483,14.3352444998,14.1296892483,14.2994957604,10377694
2024-04-05 00:00:00+00:00,14.1565008028,14.2011867271,14.085003324,14.1296892483,7853246
2024-04-08 00:00:00+00:00,14.1386264331,14.2363098635,14.1207520634,14.1654379877,11059495
2024-04-09 00:00:00+00:00,14.0492545846,14.1833123574,14.0045686604,14.1565008028,9940837
2024-04-10 00:00:00+00:00,14.1028776937,14.1207520634,13.9330711816,14.0403173998,11747669
2024-04-11 00:00:00+00:00,14.0135058452,14.1386264331,13.9420083664,14.1207520634,9191368
2024-04-12 00:00:00+00:00,13.7811390391,14.1833123574,13.7364531149,14.1028776937,13094149
2024-04-15 00:00:00+00:00,13.611332527,13.8907982972,13.5845209724,13.8883852573,14320061
2024-04-16 00:00:00+00:00,13.4951491239,13.5934581573,13.3789657209,13.5845209724,22004915
2024-04-17 00:00:00+00:00,13.611332527,13.6470812664,13.3744971284,13.4147144603,11784298
2024-04-18 00:00:00+00:00,13.8794480725,14.0313802149,13.6649556361,13.6828300058,15838788
2024-04-19 00:00:00+00:00,14.0939405089,14.263747021,13.8794480725,13.906259627,14186535
2024-04-22 00:00:00+00:00,14.147563618,14.1833123574,14.0358488073,14.1207520634,9953485
2024-04-23 00:00:00+00:00,14.2101239119,14.2816213907,14.0984091013,14.1743751725,10883130
2024-04-24 00:00:00+00:00,14.1833123574,14.2530223992,14.1118148786,14.2011867271,8505301
2024-04-25 00:00:00+00:00,14.2458726513,14.263747021,14.085003324,14.1296892483,8265517
2024-04-26 00:00:00+00:00,14.263747021,14.2726842059,14.1743751725,14.2369354665,5346991
2024-04-29 00:00:00+00:00,14.2816213907,14.3620560544,14.263747021,14.2726842059,8108237
2024-04-30 00:00:00+00:00,14.0581917695,14.3158508087,14.0224430301,14.3084329453,13967294
2024-05-01 00:00:00+00:00,13.8347621482,14.1386264331,13.8079505937,14.1028776937,13243718
2024-05-02 00:00:00+00:00,14.1028776937,14.1207520634,13.8615737028,13.9420083664,9604606
2024-05-03 00:00:00+00:00,14.2011867271,14.2905585756,14.0984091013,14.2458726513,9335518
2024-05-06 00:00:00+00:00,14.3531188695,14.3709932392,14.2548098362,14.2994957604,12790920
2024-05-07 00:00:00+00:00,14.4156791635,14.4782394574,14.326307315,14.4067419786,11132307
2024-05-08 00:00:00+00:00,14.5229253817,14.5452683438,14.3352444998,14.4335535332,15058319
2024-05-09 00:00:00+00:00,14.505051012,14.6569831544,14.3709932392,14.5944228605,20722376
2024-05-10 00:00:00+00:00,14.5296282703,14.5888770682,14.3837850756,14.53874347,15174465
2024-05-13 00:00:00+00:00,14.4202458743,14.6116650673,14.402015475,14.511397871,15719456
2024-05-14 00:00:00+00:00,14.4658218727,14.4749370723,14.319978678,14.402015475,10156589
2024-05-15 00:00:00+00:00,14.484052272,14.5205130707,14.319978678,14.456706673,8921752
2024-05-16 00:00:00+00:00,14.429361074,14.593434668,14.4111306746,14.4931674717,9338318
2024-05-17 00:00:00+00:00,14.5478586697,14.5706466688,14.3929002753,14.4658218727,10734837
2024-05-20 00:00:00+00:00,14.702817064,14.7483930623,14.593434668,14.6572410657,16246933
2024-05-21 00:00:00+00:00,14.5205130707,14.702817064,14.511397871,14.6572410657,10457522
2024-05-22 00:00:00+00:00,14.3382090773,14.5296282703,14.2470570806,14.5205130707,10092453
2024-05-23 00:00:00+00:00,14.0465226879,14.402015475,13.9553706913,14.3837850756,16805369
2024-05-24 00:00:00+00:00,14.0738682869,14.2288266813,14.0191770889,14.0829834866,12152520
2024-05-28 00:00:00+00:00,14.1194442853,14.1650202836,14.0009466896,14.0920986863,11450056
2024-05-29 00:00:00+00:00,14.0647530873,14.1103290856,13.9462554916,14.1012138859,9261860
2024-05-30 00:00:00+00:00,14.1650202836,14.1923658826,14.0465226879,14.0465226879,7973071
2024-05-31 00:00:00+00:00,14.2835178793,14.2835178793,14.1467898843,14.1741354833,7126861
2024-06-03 00:00:00+00:00,14.0191770889,14.2789602795,13.9371402919,14.26528748,12170052
2024-06-04 00:00:00+00:00,14.0100618893,14.0282922886,13.7639514982,13.9644858909,13451569
2024-06-05 00:00:00+00:00,14.0191770889,14.0829834866,13.9006794933,14.0374074883,9372612
2024-06-06 00:00:00+00:00,14.0829834866,14.0920986863,13.9462554916,13.9918314899,7561537
2024-06-07 00:00:00+00:00,14.1103290856,14.1650202836,13.9553706913,14.0556378876,8538710
2024-06-10 00:00:00+00:00,14.3108634783,14.3290938776,14.0829834866,14.1285594849,8271694
2024-06-11 00:00:00+00:00,14.1923658826,14.292633079,14.1861675468,14.292633079,6129930
2024-06-12 00:00:00+00:00,14.1103290856,14.2835178793,14.0465226879,14.2561722803,10363749
2024-06-13 00:00:00+00:00,13.9462554916,14.1103290856,13.9280250923,14.1103290856,17116314
2024-06-14 00:00:00+00:00,13.8186426962,14.1285594849,13.8095274966,13.9006794933,13276186
2024-06-17 00:00:00+00:00,13.9644858909,14.0465226879,13.8095274966,13.8277578959,10193834
2024-06-18 00:00:00+00:00,14.1103290856,14.1559050839,13.9736010906,13.9736010906,8781044
2024-06-20 00:00:00+00:00,14.3108634783,14.3382090773,14.1012138859,14.1285594849,9641781
2024-06-21 00:00:00+00:00,14.3290938776,14.4248034741,14.2835178793,14.347324277,8836479
2024-06-24 00:00:00+00:00,14.5022826713,14.5843194683,14.347324277,14.3564394766,9214897
2024-06-25 00:00:00+00:00,14.5843194683,14.593434668,14.4111306746,14.4111306746,6299119
2024-06-26 00:00:00+00:00,14.511397871,14.620780267,14.4111306746,14.5843194683,16828795
2024-06-27 00:00:00+00:00,14.6116650673,14.6116650673,14.511397871,14.511397871,5476587
2024-06-28 00:00:00+00:00,14.784853861,14.866890658,14.6162226672,14.6663562653,12587038
2024-07-01 00:00:00+00:00,14.9124666564,14.9306970557,14.7666234617,14.866890658,12502846
2024-07-02 00:00:00+00:00,14.948927455,15.0218490524,14.866890658,14.948927455,10611005
2024-07-03 00:00:00+00:00,14.8851210574,15.0127338527,14.8714482579,14.948927455,6029352
2024-07-05 00:00:00+00:00,14.7483930623,14.9124666564,14.6845866647,14.8851210574,8281319
2024-07-08 00:00:00+00:00,14.6663562653,14.839545059,14.6572410657,14.7757386614,8250090
2024-07-09 00:00:00+00:00,14.6937018643,14.839545059,14.6116650673,14.675471465,12469478
2024-07-10 00:00:00+00:00,14.839545059,14.8577754584,14.7119322637,14.757508262,18227687
2024-07-11 00:00:00+00:00,14.866890658,14.8760058577,14.7802962612,14.8486602587,9160256
2024-07-12 00:00:00+00:00,14.81219946,14.9124666564,14.7757386614,14.894236257,11332865
2024-07-15 00:00:00+00:00,14.9398122554,14.9853882537,14.7392778627,14.894236257,18740346
2024-07-16 00:00:00+00:00,14.9124666564,14.9945034534,14.866890658,14.921581856,19774917
2024-07-17 00:00:00+00:00,14.6845866647,15.0217579004,14.675471465,14.948927455,23011777
2024-07-18 00:00:00+00:00,14.9033514567,14.9398122554,14.7119322637,14.7119322637,21972408
2024-07-19 00:00:00+00:00,14.9853882537,15.0400794517,14.8030842604,14.894236257,17613857
2024-07-22 00:00:00+00:00,14.9306970557,14.9853882537,14.784853861,14.9671578544,16614330
2024-07-23 00:00:00+00:00,14.948927455,14.976273054,14.81219946,14.9306970557,31103981
2024-07-24 00:00:00+00:00,14.7483930623,14.9443698552,14.7392778627,14.9124666564,38693212
2024-07-25 00:00:00+00:00,14.702817064,14.8760058577,14.675471465,14.8030842604,36175355
2024-07-26 00:00:00+00:00,14.8304298594,14.866890658,14.648125866,14.7666234617,22057655
2024-07-29 00:00:00+00:00,14.6025498677,14.866890658,14.484052272,14.866890658,19383921
2024-07-30 00:00:00+00:00,14.7757386614,14.7757386614,14.5296282703,14.6390106663,17404564
2024-07-31 00:00:00+00:00,14.8304298594,14.9033514567,14.784853861,14.8486602587,10429743
2024-08-01 00:00:00+00:00,14.757508262,14.9124666564,14.5615314692,14.8577754584,16444554
2024-08-02 00:00:00+00:00,14.53874347,14.7119322637,14.3017482786,14.675471465,20932387
2024-08-05 00:00:00+00:00,14.0647530873,14.2288266813,13.5824678729,13.8551034949,30026726
2024-08-06 00:00:00+00:00,14.5752042687,14.675471465,14.1559050839,14.2470570806,25480722
2024-08-07 00:00:00+00:00,14.237941881,14.8486602587,14.2288266813,14.8030842604,24293874
2024-08-08 00:00:00+00:00,14.81219946,14.866890658,14.2197114816,14.4111306746,33408233
2024-08-09 00:00:00+00:00,14.566089069,14.8265299974,14.4544715282,14.7893241505,36043393
2024-08-12 00:00:00+00:00,14.46377299,14.6498022246,14.4451700665,14.6125963776,22214015
2024-08-13 00:00:00+00:00,14.4916773752,14.5358593184,14.2498393702,14.4358686048,20143778
2024-08-14 00:00:00+00:00,14.8544343826,14.9009416913,14.5242324912,14.5381846838,19039969
2024-08-15 00:00:00+00:00,14.8730373061,15.0032577703,14.7986256122,14.9288460765,16422029
2024-08-16 00:00:00+00:00,15.1613826197,15.1613826197,14.8265299974,14.8265299974,18588318
2024-08-19 00:00:00+00:00,15.1613826197,15.3102060074,15.1278973575,15.2823016222,23936637
2024-08-20 00:00:00+00:00,14.9381475382,15.1753348123,14.9195446147,15.1613826197,9423933
2024-08-21 00:00:00+00:00,14.9009416913,15.0126522466,14.8637358444,14.9939563086,11534461
2024-08-22 00:00:00+00:00,14.8358314592,14.980004116,14.8358314592,14.8823387678,8207614
2024-08-23 00:00:00+00:00,15.0218606938,15.0869709259,14.8823387678,14.9009416913,8542490
2024-08-26 00:00:00+00:00,14.9846548468,15.1706840814,14.9381475382,15.0683680024,12743701
2024-08-27 00:00:00+00:00,14.7986256122,14.9660519234,14.7893241505,14.9567504617,9124171
2024-08-28 00:00:00+00:00,14.7707212271,14.807927074,14.6405007628,14.7986256122,10872131
2024-08-29 00:00:00+00:00,14.8451329209,14.8451329209,14.6870080715,14.8265299974,8644096
2024-08-30 00:00:00+00:00,14.9753533851,14.9939563086,14.7800226888,14.8358314592,7872503
2024-09-03 00:00:00+00:00,14.910243153,15.0032577703,14.6870080715,14.9195446147,13387801
2024-09-04 00:00:00+00:00,14.807927074,14.9939563086,14.7986256122,14.8730373061,18928638
2024-09-05 00:00:00+00:00,14.9009416913,15.0451143481,14.8730373061,14.910243153,15645452
2024-09-06 00:00:00+00:00,14.7800226888,14.9660519234,14.6963095332,14.9195446147,11985947
2024-09-09 00:00:00+00:00,14.7056109949,14.8823387678,14.668405148,14.8451329209,7290480
2024-09-10 00:00:00+00:00,14.7242139184,14.7707212271,14.566089069,14.7242139184,12264482
2024-09-11 00:00:00+00:00,14.7614197653,14.8172285357,14.566089069,14.668405148,10093831
2024-09-12 00:00:00+00:00,14.8823387678,14.9195446147,14.7660704962,14.7893241505,7391190
2024-09-13 00:00:00+00:00,15.0404636172,15.0683680024,14.9055924221,14.910243153,9256250
2024-09-16 00:00:00+00:00,15.0497650789,15.152081158,14.8451329209,15.0497650789,12515988
2024-09-17 00:00:00+00:00,14.9009416913,15.0869709259,14.7986256122,15.0218606938,17452586
2024-09-18 00:00:00+00:00,14.9846548468,15.152081158,14.8451329209,14.9381475382,11530601
2024-09-19 00:00:00+00:00,15.0404636172,15.1613826197,15.012559232,15.1613826197,9727975
2024-09-20 00:00:00+00:00,15.0683680024,15.0962723876,14.9474489999,15.0497650789,8925035
2024-09-23 00:00:00+00:00,15.1427796962,15.2078899284,15.0265114246,15.0683680024,14842532
2024-09-24 00:00:00+00:00,15.0776694641,15.2357943135,15.0497650789,15.2078899284,10555694
2024-09-25 00:00:00+00:00,15.0683680024,15.1148753111,14.9660519234,15.0776694641,9928736
2024-09-26 00:00:00+00:00,14.807927074,15.1148753111,14.7521183036,15.0683680024,16643113
2024-09-27 00:00:00+00:00,14.9474489999,14.9753533851,14.7986256122,14.807927074,8251920
2024-09-30 00:00:00+00:00,14.9288460765,15.0172099629,14.8358314592,14.9474489999,8448017
2024-10-01 00:00:00+00:00,14.9753533851,15.0311621555,14.8358314592,14.8637358444,9757324
2024-10-02 00:00:00+00:00,14.9288460765,15.0590665407,14.8358314592,15.0311621555,12220654
2024-10-03 00:00:00+00:00,15.1706840814,15.2041693437,14.8637358444,14.9567504617,15926027
2024-10-04 00:00:00+00:00,15.1613826197,15.2916030839,15.1334782345,15.1892870049,10453359
2024-10-07 00:00:00+00:00,15.0869709259,15.2264928518,15.0776694641,15.1613826197,6609237
2024-10-08 00:00:00+00:00,15.0404636172,15.1148753111,14.9381475382,15.0869709259,6364054
2024-10-09 00:00:00+00:00,15.1334782345,15.1613826197,15.012559232,15.0544158098,6952613
2024-10-10 00:00:00+00:00,15.2171913901,15.3009045457,15.1148753111,15.152081158,9826212
2024-10-11 00:00:00+00:00,15.3660147778,15.4776323185,15.2264928518,15.254397237,15709520
2024-10-14 00:00:00+00:00,15.393919163,15.4590293951,15.2730001605,15.3288089308,13025318
2024-10-15 00:00:00+00:00,15.2264928518,15.3846177012,15.1799855432,15.2730001605,18683796
2024-10-16 00:00:00+00:00,15.254397237,15.3660147778,15.2450957753,15.3009045457,10012084
2024-10-17 00:00:00+00:00,15.3381103926,15.3660147778,15.2584898802,15.2730001605,12454977
2024-10-18 00:00:00+00:00,15.2636986987,15.3799669704,15.2264928518,15.3660147778,11015745
2024-10-21 00:00:00+00:00,15.254397237,15.3102060074,15.1892870049,15.2823016222,11407097
2024-10-22 00:00:00+00:00,15.2357943135,15.2916030839,15.1427796962,15.254397237,9274975
2024-10-23 00:00:00+00:00,15.2357943135,15.2729071458,15.152081158,15.2078899284,6951633
2024-10-24 00:00:00+00:00,15.254397237,15.3381103926,15.2078899284,15.254397237,8999575
2024-10-25 00:00:00+00:00,15.3009045457,15.3381103926,15.2078899284,15.2916030839,10546947
2024-10-28 00:00:00+00:00,15.254397237,15.2916030839,15.1427796962,15.2171913901,10815444
2024-10-29 00:00:00+00:00,15.2357943135,15.3102060074,15.1799855432,15.2730001605,12043372
2024-10-30 00:00:00+00:00,15.3195074691,15.3660147778,15.2264928518,15.2730001605,9516731
2024-10-31 00:00:00+00:00,15.3288089308,15.356713316,15.2264928518,15.3288089308,10724406
2024-11-01 00:00:00+00:00,15.2823016222,15.3660147778,15.254397237,15.3660147778,12780895
2024-11-04 00:00:00+00:00,15.356713316,15.4364268431,15.3195074691,15.3288089308,13829804
2024-11-05 00:00:00+00:00,15.7194703235,15.7287717852,15.3846177012,15.4218235481,25419294
2024-11-06 00:00:00+00:00,16.2031463335,16.2775580273,15.8966631695,16.2124477952,31239320
2024-11-07 00:00:00+00:00,16.1938448717,16.4728887236,16.1054809853,16.4449843384,27844361
2024-11-08 00:00:00+00:00,16.3915009335,16.4862494938,15.9746072681,16.2020038129,26159440
2024-11-11 00:00:00+00:00,16.3346517973,16.4767746378,16.230428381,16.3915009335,20245951
2024-11-12 00:00:00+00:00,16.1546295327,16.3725512214,16.0883055405,16.3346517973,10924425
2024-11-13 00:00:00+00:00,16.2020038129,16.249378093,16.0977803965,16.2209535249,30764153
2024-11-14 00:00:00+00:00,16.249378093,16.3251769413,16.1830541008,16.2683278051,10384274
2024-11-15 00:00:00+00:00,16.3820260775,16.4009757895,16.1735792448,16.239903237,13134774
2024-11-18 00:00:00+00:00,16.6567969024,16.7231208946,16.4578249257,16.4672997817,17212631
2024-11-19 00:00:00+00:00,17.0168414315,17.1305397039,16.6615343304,16.7136460385,22240741
2024-11-20 00:00:00+00:00,17.3200368245,17.4053105288,17.0784279957,17.149489416,28443278
2024-11-21 00:00:00+00:00,17.9738018906,18.068550451,17.3531988206,17.3958356728,42715228
2024-11-22 00:00:00+00:00,18.068550451,18.1917235794,17.9643270346,18.1064498751,22173341
2024-11-25 00:00:00+00:00,17.9738018906,18.3338464198,17.7369304899,18.1253995871,20619147
2024-11-26 00:00:00+00:00,18.1917235794,18.2106732914,17.8601036183,17.9359024665,12285536
2024-11-27 00:00:00+00:00,18.400170412,18.6749412369,18.2390978595,18.2675224276,22601814
2024-11-29 00:00:00+00:00,18.8170640774,18.9686617739,18.5517681085,18.5707178206,16083808
2024-12-02 00:00:00+00:00,18.400170412,18.8549635015,18.3433212759,18.8549635015,14888886
2024-12-03 00:00:00+00:00,18.2485727155,18.4569247997,17.9406398945,18.4285949801,14173675
2024-12-04 00:00:00+00:00,17.9832767467,18.3622709879,17.9548521786,18.2485727155,11123404
2024-12-05 00:00:00+00:00,18.068550451,18.1917235794,17.7464053459,17.8127293381,11230710
2024-12-06 00:00:00+00:00,18.2485727155,18.4759692603,17.8980030424,18.0590755949,14520746
2024-12-09 00:00:00+00:00,17.8506287622,18.5991423887,17.8316790502,18.4759692603,14275919
2024-12-10 00:00:00+00:00,17.7558802019,18.0638130229,17.6990310658,17.9359024665,11886481
2024-12-11 00:00:00+00:00,18.1727738673,18.2769972836,17.8222041942,17.8790533303,11820409
2024-12-12 00:00:00+00:00,18.2011984354,18.3622709879,18.0590755949,18.1632990113,8826785
2024-12-13 00:00:00+00:00,18.0401258829,18.2485727155,17.9643270346,18.2390978595,10819203
2024-12-16 00:00:00+00:00,17.7179807778,18.092237591,17.7179807778,18.0306510268,12638383
2024-12-17 00:00:00+00:00,17.6611316416,17.76061763,17.4337350969,17.5758579373,30089017
2024-12-18 00:00:00+00:00,17.2442379763,17.78430477,17.2442379763,17.7085059218,13915012
2024-12-19 00:00:00+00:00,17.3105619685,17.6706064977,17.1400145599,17.4242602409,14762020
2024-12-20 00:00:00+00:00,17.8695784743,17.8695784743,17.3484613926,17.4147853848,23266460
2024-12-23 00:00:00+00:00,18.0401258829,18.068550451,17.7085059218,17.8127293381,8953816
2024-12-24 00:00:00+00:00,18.5707178206,18.5707178206,18.078025307,18.2201481475,6987384
2024-12-26 00:00:00+00:00,18.2485727155,18.5328183965,18.1443492992,18.5233435404,11424436
2024-12-27 00:00:00+00:00,18.2675224276,18.2675224276,18.068550451,18.2011984354,6943279
2024-12-30 00:00:00+00:00,18.5422932525,18.5991423887,18.1917235794,18.2201481475,10722252
2024-12-31 00:00:00+00:00,18.5612429646,18.7412652292,18.4475446922,18.6370418128,8823689
2025-01-02 00:00:00+00:00,18.6749412369,18.7128406611,18.4285949801,18.5328183965,22112826
2025-01-03 00:00:00+00:00,18.6086172447,18.7407914864,18.4759692603,18.684416093,20812327
2025-01-06 00:00:00+00:00,18.5896675327,18.7791646533,18.5422932525,18.6654663809,8426231
2025-01-07 00:00:00+00:00,18.4664944043,18.7602149412,18.3433212759,18.684416093,9677274
2025-01-08 00:00:00+00:00,18.693890949,18.7128406611,18.3433212759,18.3812207,9018170
2025-01-10 00:00:00+00:00,18.400170412,18.7886395093,18.2675224276,18.7412652292,14402775
2025-01-13 00:00:00+00:00,18.4475446922,18.5896675327,18.2390978595,18.5233435404,17311092
2025-01-14 00:00:00+00:00,18.8833880696,18.9544494898,18.5081837708,18.5707178206,12730594
2025-01-15 00:00:00+00:00,18.987611486,19.2529074548,18.6086172447,19.1392091825,18714658
2025-01-16 00:00:00+00:00,19.1865834626,19.2339577428,18.8360137895,19.006561198,18225940
2025-01-17 00:00:00+00:00,19.2244828867,19.3287063031,19.055261958,19.2434325988,14540246
2025-01-21 00:00:00+00:00,19.8119239606,19.916147377,19.305019163,19.4424045754,19780450
2025-01-22 00:00:00+00:00,19.8213988167,20.3235661863,19.8119239606,19.8971976649,20102894
2025-01-23 00:00:00+00:00,19.9540468011,20.1530187778,19.8782479529,19.9729965132,13095543
2025-01-24 00:00:00+00:00,19.9445719451,20.1245942097,19.7266502564,20.1151193536,20462426
2025-01-27 00:00:00+00:00,18.7696897972,19.3476560151,18.4996564004,19.309756591,46862484
2025-01-28 00:00:00+00:00,19.2813320229,19.319231447,18.7602149412,18.997086342,21954017
2025-01-29 00:00:00+00:00,19.4518794315,19.5655777038,19.3381811591,19.3950302953,9429928
2025-01-30 00:00:00+00:00,19.9729965132,20.0393205054,19.5561028478,19.5561028478,26849229
2025-01-31 00:00:00+00:00,19.4045051513,20.0487953614,19.3666057272,20.0393205054,17431280
2025-02-03 00:00:00+00:00,19.6698011202,19.7692871085,19.0255109101,19.0918349023,17648780
2025-02-04 00:00:00+00:00,19.6792759762,19.8735105248,19.5845274159,19.7834993926,12543383
2025-02-05 00:00:00+00:00,19.6982256883,19.9635216571,19.6508514081,19.6603262642,15753308
2025-02-06 00:00:00+00:00,19.300281735,19.8024491046,19.1771086066,19.7740245365,14795458
2025-02-07 00:00:00+00:00,19.1913208906,19.3696566974,19.0565098056,19.2587264331,14777757
2025-02-10 00:00:00+00:00,19.3453907021,19.78834141,19.2587264331,19.6727890514,20832700
2025-02-11 00:00:00+00:00,19.075768532,19.3550200653,19.0661391688,19.3550200653,15751628
2025-02-12 00:00:00+00:00,18.9216987206,19.2490970699,18.5461535551,18.6135590976,15936324
2025-02-13 00:00:00+00:00,19.0853978952,19.1720621642,18.8254050884,19.0083629895,12619200
2025-02-14 00:00:00+00:00,19.2490970699,19.3453907021,19.0130813775,19.1431740745,10427446
2025-02-18 00:00:00+00:00,19.5476073296,19.6920477779,19.3261319757,19.3646494285,13528180
2025-02-19 00:00:00+00:00,19.3742787917,19.7488610209,19.3068732492,19.740194594,15610318
2025-02-20 00:00:00+00:00,19.2009502538,19.3742787917,19.0412954117,19.3742787917,13840771
2025-02-21 00:00:00+00:00,18.6713352769,19.1406704401,18.584671008,19.1142859849,15649453
2025-02-24 00:00:00+00:00,18.2669020218,18.6905940034,17.9346889909,18.6905940034,21504821
2025-02-25 00:00:00+00:00,18.2187552057,18.4402305597,17.5735878702,18.2572726586,30618517
2025-02-26 00:00:00+00:00,18.4498599229,18.7339261378,18.2380139322,18.3487516092,12978416
2025-02-27 00:00:00+00:00,18.2380139322,18.6573727003,18.2139405241,18.584671008,14539374
2025-02-28 00:00:00+00:00,18.5750416448,18.6231884608,18.1609790264,18.1898671161,11659166
2025-03-03 00:00:00+00:00,18.3246782011,18.7868876355,18.1994964793,18.6039297344,13557402
2025-03-04 00:00:00+00:00,17.785433861,18.1513496632,17.429147422,18.1128322104,29228922
2025-03-05 00:00:00+00:00,17.5254410542,17.8817274932,17.2173977249,17.7758044978,23262680
2025-03-06 00:00:00+00:00,17.0439728933,17.3761859243,16.716574544,17.2847069737,26731189
2025-03-07 00:00:00+00:00,16.8128681761,17.2269307944,16.6395396382,17.0536022565,26874650
2025-03-10 00:00:00+00:00,16.6202809118,16.7069451807,16.2062182935,16.629910275,39964023
2025-03-11 00:00:00+00:00,17.1691546151,17.342483153,16.5721340957,16.6395396382,17884224
2025-03-12 00:00:00+00:00,17.7180283185,17.9106155828,17.3810006059,17.4965529645,15038476
2025-03-13 00:00:00+00:00,17.4965529645,18.006909215,17.45322083,17.7469164081,9803614
2025-03-14 00:00:00+00:00,18.0357973046,18.0810553117,17.6409934128,17.6409934128,10769753
2025-03-17 00:00:00+00:00,18.1994964793,18.3246782011,18.0454266678,18.0935734839,9101812
2025-03-18 00:00:00+00:00,17.9876504885,18.276531385,17.9683917621,18.2380139322,7221039
2025-03-19 00:00:00+00:00,18.2380139322,18.3439369276,17.9924651702,18.0935734839,6833033
2025-03-20 00:00:00+00:00,18.1513496632,18.3583809724,18.117646892,18.3343075643,7995430
2025-03-21 00:00:00+00:00,17.9106155828,18.1224615736,17.7661751346,18.1224615736,15140374
2025-03-24 00:00:00+00:00,18.1802377529,18.4017131069,18.0771072728,18.1080175288,12855173
2025-03-25 00:00:00+00:00,18.1802377529,18.4209718333,18.1128322104,18.1706083897,8733757
2025-03-26 00:00:00+00:00,18.228384569,18.4113424701,18.1561643448,18.1994964793,10413196
2025-03-27 00:00:00+00:00,18.1802377529,18.3343075643,18.0550560311,18.1994964793,9882221
2025-03-28 00:00:00+00:00,18.0165385782,18.1898671161,17.7661751346,18.1898671161,10756990
2025-03-31 00:00:00+00:00,17.9009862196,17.9539477173,17.5446997806,17.6024759599,12523299
2025-04-01 00:00:00+00:00,18.0357973046,18.1417203,17.7180283185,17.8383953587,11201263
2025-04-02 00:00:00+00:00,18.228384569,18.2380139322,17.8624687667,17.9972798518,7907347
2025-04-03 00:00:00+00:00,17.072860983,17.6409934128,17.0295288485,17.5254410542,30295926
2025-04-04 00:00:00+00:00,15.561050958,16.3506587417,15.0506947075,16.273623836,50932805
2025-04-07 00:00:00+00:00,15.2817994247,16.1562418984,14.0588702962,14.4536741881,44863170
2025-04-08 00:00:00+00:00,15.0699534339,16.3988055578,14.7521844478,16.3410293785,31815935
2025-04-09 00:00:00+00:00,16.052148482,16.3554734233,14.3477511927,14.8581074432,48154169
2025-04-10 00:00:00+00:00,15.3203168776,15.8884493073,14.9387052133,15.8691905809,19076694
2025-04-11 00:00:00+00:00,15.7247501327,15.7247501327,14.8388487167,15.4551279626,18407267
2025-04-14 00:00:00+00:00,16.1965889303,16.2319286933,15.80659972,16.1099246613,14448958
2025-04-15 00:00:00+00:00,16.4758404635,16.7251446772,16.1773302038,16.2447357464,10196601
2025-04-16 00:00:00+00:00,16.2928825624,16.6587983647,16.1677008406,16.5143579164,11709955
2025-04-17 00:00:00+00:00,16.629910275,16.8706443554,16.4373230107,16.4758404635,11256273
2025-04-21 00:00:00+00:00,15.9462254866,16.5913928221,15.7728969487,16.5673194141,14310217
2025-04-22 00:00:00+00:00,16.3506587417,16.4132496026,16.1291833878,16.1821448854,11431463
2025-04-23 00:00:00+00:00,16.4662111003,16.9476792612,16.2929788561,16.716574544,14066791
2025-04-24 00:00:00+00:00,16.9380498979,17.0487875749,16.5336166428,16.5625047325,10808642
2025-04-25 00:00:00+00:00,16.8032388129,16.8899030819,16.6395396382,16.8610149922,9817443
2025-04-28 00:00:00+00:00,16.6395396382,16.875459037,16.5721340957,16.8032388129,11028819
2025-04-29 00:00:00+00:00,16.408434921,16.6684277279,16.408434921,16.5625047325,10873187
2025-04-30 00:00:00+00:00,15.9269667602,16.3121412889,15.7440088591,16.273623836,19619468
2025-05-01 00:00:00+00:00,15.917337397,16.3410293785,15.8932639889,16.0714072085,18176215
2025-05-02 00:00:00+00:00,16.052148482,16.2416543501,15.9847429395,16.1869595671,16540098
2025-05-05 00:00:00+00:00,15.5899390476,15.9446847885,15.5754950028,15.9365961234,19004829
2025-05-06 00:00:00+00:00,15.2240232454,15.782526312,15.2143938822,15.695862043,23141519
2025-05-07 00:00:00+00:00,16.2639944728,16.4613964187,15.6429005453,15.6429005453,30328590
2025-05-08 00:00:00+00:00,16.7262039072,16.851385629,16.3169559705,16.408434921,23123180
2025-05-09 00:00:00+00:00,16.8874957411,17.0346848382,16.6912436116,16.8188074957,16185913
2025-05-12 00:00:00+00:00,17.1131856899,17.5351277683,17.0346848382,17.5056899489,20417153
2025-05-13 00:00:00+00:00,17.6626916525,17.7019420784,17.1229982964,17.1916865417,13162323
2025-05-14 00:00:00+00:00,17.819693356,17.8295059625,17.5056899489,17.6626916525,11112315
2025-05-15 00:00:00+00:00,17.633253833,17.7704340716,17.466439523,17.6921294719,11064236
2025-05-16 00:00:00+00:00,17.6136286201,17.7411925043,17.5302214651,17.7117546848,7676120
2025-05-19 00:00:00+00:00,17.6626916525,17.7411925043,17.4566269165,17.4762521295,11749818
2025-05-20 00:00:00+00:00,17.8000681431,17.8491311755,17.7019420784,17.819693356,9876665
2025-05-21 00:00:00+00:00,17.4271890971,17.8098807496,17.3683134583,17.8000681431,11711263
2025-05-22 00:00:00+00:00,17.5449403748,17.652879046,17.3500620102,17.4370017036,9060531
2025-05-23 00:00:00+00:00,17.5155025554,17.6038160136,17.3684115843,17.4075638842,7733612
2025-05-27 00:00:00+00:00,17.6136286201,17.7215672913,17.5253151618,17.6626916525,8280402
2025-05-28 00:00:00+00:00,17.4271890971,17.6725042589,17.3486882453,17.6725042589,8525841
2025-05-29 00:00:00+00:00,17.3486882453,17.6136286201,17.2550759796,17.5890971039,9492849
2025-05-30 00:00:00+00:00,17.1524361158,17.3290630324,17.0052470187,17.2603747871,12759098
2025-06-02 00:00:00+00:00,17.1524361158,17.28,17.0494037479,17.2113117547,15434646
2025-06-03 00:00:00+00:00,17.5645655877,17.6430664395,17.0150596252,17.1720613288,12659650
2025-06-04 00:00:00+00:00,17.2014991482,17.8883816014,17.093560477,17.5743781942,18054844
2025-06-05 00:00:00+00:00,17.3388756388,17.466439523,17.093560477,17.2603747871,12224558
2025-06-06 00:00:00+00:00,17.5940034072,17.7019420784,17.3879386712,17.3879386712,12139107
2025-06-09 00:00:00+00:00,17.3781260647,17.7166609881,17.3585008518,17.6725042589,12491711
2025-06-10 00:00:00+00:00,17.652879046,17.7019420784,17.4271890971,17.4370017036,11591653
2025-06-11 00:00:00+00:00,17.9080068143,17.9570698467,17.6921294719,17.7117546848,13387614
2025-06-12 00:00:00+00:00,18.1042589438,18.1140715503,17.8344122658,17.8883816014,11171481
2025-06-13 00:00:00+00:00,17.9766950596,18.3593867121,17.8589437819,18.3593867121,14310463
2025-06-16 00:00:00+00:00,17.8098807496,18.260671891,17.7215672913,18.0650085179,15491763
2025-06-17 00:00:00+00:00,17.5940034072,17.9178194208,17.5645655877,17.819693356,12808894
2025-06-18 00:00:00+00:00,17.5449403748,17.7019420784,17.4909710392,17.6234412266,10760559
2025-06-20 00:00:00+00:00,17.5155025554,17.7117546848,17.4173764906,17.5940034072,15906318
2025-06-23 00:00:00+00:00,17.3094378194,17.6626916525,17.1916865417,17.633253833,14129118
2025-06-24 00:00:00+00:00,17.3585008518,17.4566269165,17.2211243612,17.2554684838,14121619
2025-06-25 00:00:00+00:00,17.3388756388,17.5743781942,17.2407495741,17.4026575809,16924512
2025-06-26 00:00:00+00:00,17.839318569,17.8883816014,17.3192504259,17.3683134583,14104916
2025-06-27 00:00:00+00:00,17.8589437819,17.9276320273,17.7117546848,17.8589437819,13731104
2025-06-30 00:00:00+00:00,17.7902555366,17.9374446337,17.7516919932,17.8638500852,11194667
2025-07-01 00:00:00+00:00,17.4762521295,17.8098807496,17.4271890971,17.8098807496,15361408
2025-07-02 00:00:00+00:00,17.5645655877,17.6136286201,17.3683134583,17.5351277683,11754143
2025-07-03 00:00:00+00:00,17.633253833,17.6921294719,17.5449403748,17.6136286201,7052899
2025-07-07 00:00:00+00:00,17.4173764906,17.633253833,17.28,17.6185349233,13186080
2025-07-08 00:00:00+00:00,17.466439523,17.5155025554,17.3388756388,17.4271890971,9747755
2025-07-09 00:00:00+00:00,17.3094378194,17.5105962521,17.2407495741,17.466439523,13942545
2025-07-10 00:00:00+00:00,17.1131856899,17.3290630324,17.1033730835,17.3290630324,15585472
2025-07-11 00:00:00+00:00,17.1328109029,17.2113117547,17.0248722317,17.0984667802,9436485
2025-07-14 00:00:00+00:00,17.1622487223,17.2898126065,17.0592163543,17.1328109029,9934806
2025-07-15 00:00:00+00:00,17.2603747871,17.2996252129,17.0150596252,17.1818739353,11649498
2025-07-16 00:00:00+00:00,17.1131856899,17.3356374787,17.0052470187,17.2701873935,13330981
2025-07-17 00:00:00+00:00,17.2113117547,17.2162180579,17.0248722317,17.1328109029,9672985
2025-07-18 00:00:00+00:00,17.1426235094,17.2701873935,17.1033730835,17.1818739353,13444958
2025-07-21 00:00:00+00:00,16.9169335605,17.1916865417,16.8776831346,17.1720613288,13446451
2025-07-22 00:00:00+00:00,17.0052470187,17.0543100511,16.8188074957,16.8776831346,12458898
2025-07-23 00:00:00+00:00,17.1131856899,17.1720613288,16.9218398637,16.9561839864,13075055
2025-07-24 00:00:00+00:00,17.3879386712,17.4026575809,17.0641226576,17.1131856899,13251519
2025-07-25 00:00:00+00:00,17.3879386712,17.5312027257,17.3781260647,17.466439523,10436941
2025-07-28 00:00:00+00:00,17.4468143101,17.6626916525,17.3683134583,17.5743781942,12749300
2025-07-29 00:00:00+00:00,17.819693356,17.8295059625,17.5351277683,17.5940034072,15116518
2025-07-30 00:00:00+00:00,17.7117546848,17.8374541738,17.5940034072,17.8295059625,9604261
2025-07-31 00:00:00+00:00,17.7019420784,17.819693356,17.6136286201,17.7019420784,13651335
2025-08-01 00:00:00+00:00,17.4566269165,17.6626916525,17.3683134583,17.652879046,16574346
2025-08-04 00:00:00+00:00,17.4566269165,17.633253833,17.4468143101,17.5743781942,13959810
2025-08-05 00:00:00+00:00,17.3977512777,17.6136286201,17.2211243612,17.5253151618,15847939
2025-08-06 00:00:00+00:00,17.5253151618,17.7804429302,17.3290630324,17.7706303237,28738155
2025-08-07 00:00:00+00:00,17.2898126065,17.6234412266,17.1867802385,17.5253151618,19351263
2025-08-08 00:00:00+00:00,17.28,17.5699,17.24,17.33,15417051
2025-08-11 00:00:00+00:00,17.16,17.26,17.09,17.26,20634276
2025-08-12 00:00:00+00:00,17.39,17.4,17.2,17.21,12640094
2025-08-13 00:00:00+00:00,17.49,17.56,17.32,17.42,12033546
2025-08-14 00:00:00+00:00,17.38,17.44,17.235,17.4,12517934
2025-08-15 00:00:00+00:00,17.24,17.42,17.24,17.41,10000462
2025-08-18 00:00:00+00:00,17.34,17.37,17.17,17.26,12937833
2025-08-19 00:00:00+00:00,17.35,17.38,17.23,17.38,14926600
2025-08-20 00:00:00+00:00,17.33,17.43,17.28,17.31,13994294
2025-08-21 00:00:00+00:00,17.46,17.6,17.34,17.35,12788569
2025-08-22 00:00:00+00:00,17.51,17.76,17.5,17.52,16847168
2025-08-25 00:00:00+00:00,17.52,17.6381,17.5,17.54,10794148
2025-08-26 00:00:00+00:00,17.59,17.6,17.4,17.51,9975508
2025-08-27 00:00:00+00:00,17.57,17.68,17.54,17.57,9221260
2025-08-28 00:00:00+00:00,17.66,17.68,17.46,17.61,10122073
2025-08-29 00:00:00+00:00,17.72,17.78,17.6087,17.65,8963936
2025-09-02 00:00:00+00:00,17.7,17.8471,17.62,17.675,8464928
2025-09-03 00:00:00+00:00,17.57,17.72,17.53,17.7,9681580
