date,Open,High,Low,Close,Volume
2025-02-13 15:00:00+00:00,2.535,2.565,2.51,2.555,3475.0
2025-02-13 16:00:00+00:00,2.555,2.57,2.535,2.535,2202.0
2025-02-13 17:00:00+00:00,2.53,2.58,2.525,2.565,2652.0
2025-02-13 18:00:00+00:00,2.565,2.58,2.545,2.575,1419.0
2025-02-13 19:00:00+00:00,2.575,2.595,2.575,2.58,2907.0
2025-02-13 20:00:00+00:00,2.58,2.6,2.565,2.6,5135.0
2025-02-14 15:00:00+00:00,2.57,2.575,2.52,2.535,4748.0
2025-02-14 16:00:00+00:00,2.535,2.545,2.51,2.525,1647.0
2025-02-14 17:00:00+00:00,2.525,2.535,2.495,2.505,5021.0
2025-02-14 18:00:00+00:00,2.505,2.515,2.49,2.515,1436.0
2025-02-14 19:00:00+00:00,2.515,2.535,2.505,2.535,2741.0
2025-02-14 20:00:00+00:00,2.535,2.565,2.525,2.56,5349.0
2025-02-17 15:00:00+00:00,2.56,2.56,2.56,2.56,0.0
2025-02-17 16:00:00+00:00,2.56,2.56,2.56,2.56,0.0
2025-02-17 17:00:00+00:00,2.56,2.56,2.56,2.56,0.0
2025-02-17 18:00:00+00:00,2.56,2.56,2.56,2.56,0.0
2025-02-17 19:00:00+00:00,2.56,2.56,2.56,2.56,0.0
2025-02-17 20:00:00+00:00,2.56,2.56,2.56,2.56,0.0
2025-02-18 15:00:00+00:00,2.55,2.605,2.545,2.595,2081.0
2025-02-18 16:00:00+00:00,2.595,2.65,2.595,2.625,3551.0
2025-02-18 17:00:00+00:00,2.625,2.625,2.58,2.585,4127.0
2025-02-18 18:00:00+00:00,2.585,2.59,2.575,2.575,1531.0
2025-02-18 19:00:00+00:00,2.575,2.605,2.565,2.605,1432.0
2025-02-18 20:00:00+00:00,2.605,2.64,2.605,2.63,5407.0
2025-02-19 15:00:00+00:00,2.545,2.575,2.54,2.555,1503.0
2025-02-19 16:00:00+00:00,2.555,2.565,2.55,2.555,1193.0
2025-02-19 17:00:00+00:00,2.555,2.59,2.555,2.565,2200.0
2025-02-19 18:00:00+00:00,2.565,2.57,2.54,2.55,2808.0
2025-02-19 19:00:00+00:00,2.55,2.6,2.545,2.595,1958.0
2025-02-19 20:00:00+00:00,2.595,2.595,2.55,2.57,2804.0
2025-02-20 15:00:00+00:00,2.56,2.62,2.55,2.57,3311.0
2025-02-20 16:00:00+00:00,2.575,2.59,2.55,2.565,4680.0
2025-02-20 17:00:00+00:00,2.565,2.58,2.56,2.575,9170.0
2025-02-20 18:00:00+00:00,2.575,2.585,2.565,2.575,5188.0
2025-02-20 19:00:00+00:00,2.575,2.59,2.575,2.585,9275.0
2025-02-20 20:00:00+00:00,2.585,2.615,2.575,2.6,6694.0
2025-02-21 15:00:00+00:00,2.525,2.54,2.49,2.5,9964.0
2025-02-21 16:00:00+00:00,2.5,2.51,2.49,2.495,1158.0
2025-02-21 17:00:00+00:00,2.5,2.5,2.455,2.455,2778.0
2025-02-21 18:00:00+00:00,2.455,2.46,2.44,2.445,2820.0
2025-02-21 19:00:00+00:00,2.445,2.45,2.42,2.425,1612.0
2025-02-21 20:00:00+00:00,2.425,2.46,2.42,2.46,5816.0
2025-02-24 15:00:00+00:00,2.375,2.375,2.345,2.37,931.0
2025-02-24 16:00:00+00:00,2.37,2.4,2.37,2.395,2337.0
2025-02-24 17:00:00+00:00,2.395,2.445,2.395,2.425,758.0
2025-02-24 18:00:00+00:00,2.425,2.445,2.425,2.435,554.0
2025-02-24 19:00:00+00:00,2.435,2.47,2.435,2.45,4082.0
2025-02-24 20:00:00+00:00,2.45,2.455,2.4,2.4,7359.0
2025-02-25 15:00:00+00:00,2.38,2.38,2.3,2.32,6600.0
2025-02-25 16:00:00+00:00,2.32,2.33,2.295,2.315,4343.0
2025-02-25 17:00:00+00:00,2.315,2.335,2.315,2.335,3231.0
2025-02-25 18:00:00+00:00,2.335,2.355,2.33,2.345,2600.0
2025-02-25 19:00:00+00:00,2.34,2.38,2.34,2.37,6151.0
2025-02-25 20:00:00+00:00,2.365,2.385,2.33,2.34,17421.0
2025-02-26 15:00:00+00:00,2.4,2.42,2.39,2.395,9217.0
2025-02-26 16:00:00+00:00,2.4,2.43,2.395,2.405,8259.0
2025-02-26 17:00:00+00:00,2.4,2.435,2.395,2.405,7173.0
2025-02-26 18:00:00+00:00,2.405,2.41,2.345,2.345,5637.0
2025-02-26 19:00:00+00:00,2.345,2.35,2.335,2.335,10514.0
2025-02-26 20:00:00+00:00,2.335,2.35,2.305,2.315,20884.0
2025-02-27 15:00:00+00:00,2.325,2.35,2.3,2.315,2173.0
2025-02-27 16:00:00+00:00,2.315,2.335,2.31,2.315,2827.0
2025-02-27 17:00:00+00:00,2.315,2.32,2.3,2.305,1537.0
2025-02-27 18:00:00+00:00,2.305,2.31,2.3,2.305,3304.0
2025-02-27 19:00:00+00:00,2.305,2.305,2.26,2.265,2646.0
2025-02-27 20:00:00+00:00,2.265,2.265,2.205,2.225,5210.0
2025-02-28 15:00:00+00:00,2.19,2.21,2.185,2.205,1262.0
2025-02-28 16:00:00+00:00,2.205,2.215,2.185,2.185,2460.0
2025-02-28 17:00:00+00:00,2.185,2.185,2.165,2.175,1900.0
2025-02-28 18:00:00+00:00,2.17,2.18,2.155,2.165,3119.0
2025-02-28 19:00:00+00:00,2.165,2.18,2.15,2.175,3001.0
2025-02-28 20:00:00+00:00,2.175,2.195,2.165,2.18,4022.0
2025-03-03 15:00:00+00:00,2.18,2.24,2.17,2.24,3456.0
2025-03-03 16:00:00+00:00,2.22,2.22,2.165,2.165,1764.0
2025-03-03 17:00:00+00:00,2.165,2.17,2.13,2.13,2157.0
2025-03-03 18:00:00+00:00,2.14,2.14,2.085,2.095,1038.0
2025-03-03 19:00:00+00:00,2.095,2.11,2.08,2.085,950.0
2025-03-03 20:00:00+00:00,2.085,2.085,2.03,2.05,11157.0
2025-03-04 15:00:00+00:00,2.01,2.045,2.005,2.035,899.0
2025-03-04 16:00:00+00:00,2.035,2.07,2.005,2.065,985.0
2025-03-04 17:00:00+00:00,2.065,2.095,2.06,2.085,835.0
2025-03-04 18:00:00+00:00,2.095,2.105,2.08,2.095,752.0
2025-03-04 19:00:00+00:00,2.105,2.13,2.095,2.125,566.0
2025-03-04 20:00:00+00:00,2.125,2.145,2.08,2.09,3547.0
2025-03-05 15:00:00+00:00,2.2,2.25,2.195,2.245,4451.0
2025-03-05 16:00:00+00:00,2.245,2.245,2.215,2.245,5350.0
2025-03-05 17:00:00+00:00,2.25,2.275,2.225,2.27,5140.0
2025-03-05 18:00:00+00:00,2.27,2.29,2.245,2.29,2916.0
2025-03-05 19:00:00+00:00,2.285,2.305,2.27,2.28,3454.0
2025-03-05 20:00:00+00:00,2.275,2.335,2.275,2.325,12373.0
2025-03-06 15:00:00+00:00,2.26,2.29,2.24,2.255,2247.0
2025-03-06 16:00:00+00:00,2.255,2.28,2.245,2.245,1051.0
2025-03-06 17:00:00+00:00,2.24,2.25,2.205,2.22,2026.0
2025-03-06 18:00:00+00:00,2.225,2.25,2.22,2.23,411.0
2025-03-06 19:00:00+00:00,2.24,2.29,2.225,2.24,3761.0
2025-03-06 20:00:00+00:00,2.24,2.295,2.235,2.285,5060.0
2025-03-07 15:00:00+00:00,2.275,2.31,2.27,2.275,956.0
2025-03-07 16:00:00+00:00,2.275,2.285,2.225,2.225,2716.0
2025-03-07 17:00:00+00:00,2.225,2.25,2.185,2.215,2697.0
2025-03-07 18:00:00+00:00,2.22,2.25,2.215,2.24,1704.0
2025-03-07 19:00:00+00:00,2.245,2.265,2.24,2.255,268.0
2025-03-07 20:00:00+00:00,2.255,2.265,2.225,2.245,7877.0
2025-03-10 14:00:00+00:00,2.19,2.19,2.135,2.15,1763.0
2025-03-10 15:00:00+00:00,2.15,2.24,2.135,2.155,3126.0
2025-03-10 16:00:00+00:00,2.155,2.155,2.155,2.155,0.0
2025-03-10 17:00:00+00:00,2.155,2.155,2.095,2.095,822.0
2025-03-10 18:00:00+00:00,2.095,2.095,2.08,2.085,1664.0
2025-03-10 19:00:00+00:00,2.09,2.135,2.085,2.13,5197.0
2025-03-11 14:00:00+00:00,2.115,2.145,2.06,2.085,1046.0
2025-03-11 15:00:00+00:00,2.085,2.135,2.085,2.11,1357.0
2025-03-11 16:00:00+00:00,2.105,2.13,2.105,2.12,1893.0
2025-03-11 17:00:00+00:00,2.115,2.12,2.095,2.105,1976.0
2025-03-11 18:00:00+00:00,2.105,2.165,2.105,2.165,2909.0
2025-03-11 19:00:00+00:00,2.165,2.175,2.145,2.15,9133.0
2025-03-12 14:00:00+00:00,2.18,2.195,2.165,2.195,3185.0
2025-03-12 15:00:00+00:00,2.19,2.19,2.165,2.165,2923.0
2025-03-12 16:00:00+00:00,2.165,2.19,2.16,2.175,2741.0
2025-03-12 17:00:00+00:00,2.17,2.2,2.165,2.185,2697.0
2025-03-12 18:00:00+00:00,2.185,2.24,2.18,2.235,4296.0
2025-03-12 19:00:00+00:00,2.235,2.235,2.185,2.195,4944.0
2025-03-13 14:00:00+00:00,2.24,2.265,2.22,2.225,4183.0
2025-03-13 15:00:00+00:00,2.22,2.22,2.17,2.175,2175.0
2025-03-13 16:00:00+00:00,2.175,2.195,2.165,2.165,976.0
2025-03-13 17:00:00+00:00,2.165,2.17,2.135,2.135,1397.0
2025-03-13 18:00:00+00:00,2.135,2.18,2.135,2.17,8179.0
2025-03-13 19:00:00+00:00,2.175,2.19,2.16,2.175,4040.0
2025-03-14 14:00:00+00:00,2.185,2.225,2.185,2.215,2803.0
2025-03-14 15:00:00+00:00,2.215,2.22,2.19,2.195,1142.0
2025-03-14 16:00:00+00:00,2.195,2.205,2.185,2.195,947.0
2025-03-14 17:00:00+00:00,2.195,2.21,2.195,2.2,4140.0
2025-03-14 18:00:00+00:00,2.2,2.205,2.19,2.195,1481.0
2025-03-14 19:00:00+00:00,2.195,2.235,2.195,2.23,6087.0
2025-03-17 14:00:00+00:00,2.225,2.255,2.215,2.245,3176.0
2025-03-17 15:00:00+00:00,2.245,2.255,2.23,2.245,5180.0
2025-03-17 16:00:00+00:00,2.24,2.27,2.235,2.255,5184.0
2025-03-17 17:00:00+00:00,2.255,2.29,2.25,2.275,10469.0
2025-03-17 18:00:00+00:00,2.275,2.28,2.27,2.28,7757.0
2025-03-17 19:00:00+00:00,2.275,2.295,2.265,2.29,17387.0
2025-03-18 14:00:00+00:00,2.35,2.535,2.35,2.505,16574.0
2025-03-18 15:00:00+00:00,2.515,2.58,2.49,2.525,3755.0
2025-03-18 16:00:00+00:00,2.52,2.535,2.505,2.535,2763.0
2025-03-18 17:00:00+00:00,2.535,2.58,2.505,2.535,6290.0
2025-03-18 18:00:00+00:00,2.535,2.535,2.505,2.525,5470.0
2025-03-18 19:00:00+00:00,2.525,2.535,2.485,2.495,9039.0
2025-03-19 14:00:00+00:00,2.495,2.5,2.455,2.5,4761.0
2025-03-19 15:00:00+00:00,2.495,2.51,2.49,2.495,4217.0
2025-03-19 16:00:00+00:00,2.5,2.51,2.475,2.475,2243.0
2025-03-19 17:00:00+00:00,2.475,2.485,2.445,2.45,4300.0
2025-03-19 18:00:00+00:00,2.445,2.495,2.44,2.485,7595.0
2025-03-19 19:00:00+00:00,2.485,2.5,2.455,2.47,12432.0
2025-03-20 14:00:00+00:00,2.435,2.495,2.435,2.47,2895.0
2025-03-20 15:00:00+00:00,2.475,2.495,2.46,2.465,6217.0
2025-03-20 16:00:00+00:00,2.465,2.475,2.435,2.445,2270.0
2025-03-20 17:00:00+00:00,2.445,2.46,2.43,2.445,3331.0
2025-03-20 18:00:00+00:00,2.445,2.46,2.44,2.445,2709.0
2025-03-20 19:00:00+00:00,2.445,2.48,2.43,2.47,14151.0
2025-03-21 14:00:00+00:00,2.365,2.37,2.345,2.355,1971.0
2025-03-21 15:00:00+00:00,2.355,2.36,2.335,2.355,2604.0
2025-03-21 16:00:00+00:00,2.355,2.38,2.355,2.37,3017.0
2025-03-21 17:00:00+00:00,2.365,2.37,2.335,2.35,2466.0
2025-03-21 18:00:00+00:00,2.355,2.365,2.34,2.36,3539.0
2025-03-21 19:00:00+00:00,2.355,2.355,2.33,2.33,7616.0
2025-03-24 14:00:00+00:00,2.38,2.4,2.32,2.335,8393.0
2025-03-24 15:00:00+00:00,2.335,2.38,2.335,2.375,3338.0
2025-03-24 16:00:00+00:00,2.375,2.38,2.355,2.355,1679.0
2025-03-24 17:00:00+00:00,2.355,2.365,2.355,2.355,4671.0
2025-03-24 18:00:00+00:00,2.355,2.36,2.335,2.345,7968.0
2025-03-24 19:00:00+00:00,2.345,2.355,2.33,2.335,7285.0
2025-03-25 14:00:00+00:00,2.315,2.32,2.275,2.28,779.0
2025-03-25 15:00:00+00:00,2.28,2.3,2.27,2.27,1683.0
2025-03-25 16:00:00+00:00,2.275,2.275,2.235,2.25,3226.0
2025-03-25 17:00:00+00:00,2.255,2.3,2.255,2.275,6616.0
2025-03-25 18:00:00+00:00,2.275,2.3,2.27,2.295,2257.0
2025-03-25 19:00:00+00:00,2.295,2.32,2.285,2.285,10546.0
2025-03-26 14:00:00+00:00,2.275,2.305,2.275,2.285,1440.0
2025-03-26 15:00:00+00:00,2.285,2.3,2.265,2.265,2588.0
2025-03-26 16:00:00+00:00,2.265,2.285,2.265,2.275,2482.0
2025-03-26 17:00:00+00:00,2.275,2.28,2.26,2.275,1842.0
2025-03-26 18:00:00+00:00,2.275,2.3,2.27,2.29,5157.0
2025-03-26 19:00:00+00:00,2.29,2.295,2.27,2.275,17888.0
2025-03-27 14:00:00+00:00,2.27,2.29,2.26,2.29,3857.0
2025-03-27 15:00:00+00:00,2.285,2.29,2.265,2.27,5914.0
2025-03-27 16:00:00+00:00,2.265,2.285,2.25,2.25,2784.0
2025-03-27 17:00:00+00:00,2.255,2.27,2.245,2.255,3414.0
2025-03-27 18:00:00+00:00,2.25,2.29,2.25,2.28,3379.0
2025-03-27 19:00:00+00:00,2.285,2.32,2.285,2.295,20569.0
2025-03-28 14:00:00+00:00,2.265,2.29,2.215,2.225,843.0
2025-03-28 15:00:00+00:00,2.225,2.245,2.21,2.235,622.0
2025-03-28 16:00:00+00:00,2.235,2.245,2.2,2.2,600.0
2025-03-28 17:00:00+00:00,2.2,2.205,2.185,2.19,1829.0
2025-03-28 18:00:00+00:00,2.195,2.195,2.17,2.175,1144.0
2025-03-28 19:00:00+00:00,2.175,2.185,2.125,2.155,16672.0
2025-03-31 14:00:00+00:00,2.105,2.145,2.09,2.12,1531.0
2025-03-31 15:00:00+00:00,2.12,2.155,2.11,2.145,1114.0
2025-03-31 16:00:00+00:00,2.145,2.15,2.125,2.125,2158.0
2025-03-31 17:00:00+00:00,2.13,2.145,2.115,2.135,4528.0
2025-03-31 18:00:00+00:00,2.135,2.165,2.135,2.145,6205.0
2025-03-31 19:00:00+00:00,2.145,2.16,2.135,2.14,9212.0
2025-04-01 14:00:00+00:00,2.13,2.16,2.115,2.145,608.0
2025-04-01 15:00:00+00:00,2.145,2.19,2.14,2.185,646.0
2025-04-01 16:00:00+00:00,2.185,2.195,2.14,2.165,1359.0
2025-04-01 17:00:00+00:00,2.165,2.165,2.14,2.155,0.0
2025-04-01 18:00:00+00:00,2.155,2.155,2.135,2.145,1816.0
2025-04-01 19:00:00+00:00,2.145,2.165,2.145,2.15,4653.0
2025-04-02 14:00:00+00:00,2.115,2.135,2.1,2.125,3911.0
2025-04-02 15:00:00+00:00,2.115,2.135,2.1,2.115,3120.0
2025-04-02 16:00:00+00:00,2.115,2.155,2.115,2.145,1884.0
2025-04-02 17:00:00+00:00,2.145,2.16,2.12,2.12,786.0
2025-04-02 18:00:00+00:00,2.125,2.125,2.105,2.105,1503.0
2025-04-02 19:00:00+00:00,2.105,2.135,2.105,2.13,4122.0
2025-04-03 14:00:00+00:00,2.045,2.075,2.03,2.035,3290.0
2025-04-03 15:00:00+00:00,2.035,2.095,2.02,2.085,6796.0
2025-04-03 16:00:00+00:00,2.085,2.085,2.07,2.075,1553.0
2025-04-03 17:00:00+00:00,2.075,2.08,2.05,2.065,3019.0
2025-04-03 18:00:00+00:00,2.065,2.065,2.04,2.045,1906.0
2025-04-03 19:00:00+00:00,2.045,2.07,2.015,2.03,4264.0
2025-04-04 14:00:00+00:00,1.905,1.915,1.825,1.86,7148.0
2025-04-04 15:00:00+00:00,1.865,1.925,1.86,1.88,1333.0
2025-04-04 16:00:00+00:00,1.88,1.89,1.84,1.855,1840.0
2025-04-04 17:00:00+00:00,1.855,1.895,1.84,1.895,1047.0
2025-04-04 18:00:00+00:00,1.895,1.91,1.87,1.875,1479.0
2025-04-04 19:00:00+00:00,1.875,1.91,1.875,1.91,5944.0
2025-04-07 14:00:00+00:00,1.885,1.995,1.86,1.91,3243.0
2025-04-07 15:00:00+00:00,1.91,1.93,1.845,1.89,1225.0
2025-04-07 16:00:00+00:00,1.88,1.88,1.805,1.835,2847.0
2025-04-07 17:00:00+00:00,1.835,1.915,1.835,1.915,1260.0
2025-04-07 18:00:00+00:00,1.91,1.915,1.855,1.855,2189.0
2025-04-07 19:00:00+00:00,1.855,1.875,1.85,1.86,6480.0
2025-04-08 14:00:00+00:00,1.88,1.9,1.83,1.83,5309.0
2025-04-08 15:00:00+00:00,1.835,1.86,1.81,1.845,4088.0
2025-04-08 16:00:00+00:00,1.845,1.85,1.8,1.8,4278.0
2025-04-08 17:00:00+00:00,1.805,1.82,1.765,1.795,5383.0
2025-04-08 18:00:00+00:00,1.795,1.805,1.765,1.765,1737.0
2025-04-08 19:00:00+00:00,1.765,1.77,1.735,1.76,10112.0
2025-04-09 14:00:00+00:00,1.835,1.86,1.79,1.795,461.0
2025-04-09 15:00:00+00:00,1.795,1.83,1.775,1.79,2121.0
2025-04-09 16:00:00+00:00,1.79,1.82,1.79,1.8,626.0
2025-04-09 17:00:00+00:00,1.805,1.98,1.785,1.97,1521.0
2025-04-09 18:00:00+00:00,1.97,2.02,1.955,1.965,960.0
2025-04-09 19:00:00+00:00,1.965,2.045,1.955,2.03,5372.0
2025-04-10 14:00:00+00:00,1.925,1.95,1.88,1.92,858.0
2025-04-10 15:00:00+00:00,1.92,1.925,1.89,1.905,4556.0
2025-04-10 16:00:00+00:00,1.915,1.96,1.895,1.955,1562.0
2025-04-10 17:00:00+00:00,1.955,1.99,1.93,1.97,833.0
2025-04-10 18:00:00+00:00,1.97,1.995,1.955,1.965,1245.0
2025-04-10 19:00:00+00:00,1.97,1.995,1.95,1.98,2996.0
2025-04-11 14:00:00+00:00,2.025,2.045,1.995,2.01,1000.0
2025-04-11 15:00:00+00:00,2.03,2.045,2.0,2.025,900.0
2025-04-11 16:00:00+00:00,2.025,2.055,2.015,2.055,834.0
2025-04-11 17:00:00+00:00,2.055,2.115,2.045,2.1,4017.0
2025-04-11 18:00:00+00:00,2.1,2.1,2.065,2.075,4456.0
2025-04-11 19:00:00+00:00,2.075,2.11,2.065,2.08,8928.0
2025-04-14 14:00:00+00:00,2.155,2.195,2.14,2.195,1010.0
2025-04-14 15:00:00+00:00,2.19,2.195,2.135,2.145,1668.0
2025-04-14 16:00:00+00:00,2.145,2.16,2.13,2.145,4421.0
2025-04-14 17:00:00+00:00,2.15,2.175,2.135,2.14,1532.0
2025-04-14 18:00:00+00:00,2.14,2.165,2.135,2.145,2709.0
2025-04-14 19:00:00+00:00,2.145,2.15,2.115,2.12,10466.0
2025-04-15 14:00:00+00:00,2.05,2.085,2.05,2.07,5352.0
2025-04-15 15:00:00+00:00,2.075,2.095,2.065,2.095,1897.0
2025-04-15 16:00:00+00:00,2.095,2.105,2.045,2.05,2755.0
2025-04-15 17:00:00+00:00,2.05,2.055,2.03,2.03,2027.0
2025-04-15 18:00:00+00:00,2.035,2.045,2.02,2.035,7707.0
2025-04-15 19:00:00+00:00,2.035,2.06,2.03,2.06,10832.0
2025-04-16 14:00:00+00:00,2.025,2.1,2.025,2.085,7059.0
2025-04-16 15:00:00+00:00,2.085,2.095,2.065,2.085,4405.0
2025-04-16 16:00:00+00:00,2.085,2.085,2.065,2.075,927.0
2025-04-16 17:00:00+00:00,2.075,2.095,2.05,2.055,888.0
2025-04-16 18:00:00+00:00,2.055,2.07,2.02,2.02,1611.0
2025-04-16 19:00:00+00:00,2.025,2.07,2.025,2.07,4565.0
2025-04-17 14:00:00+00:00,2.065,2.07,2.02,2.025,3315.0
2025-04-17 15:00:00+00:00,2.025,2.06,2.025,2.035,1601.0
2025-04-17 16:00:00+00:00,2.045,2.055,2.01,2.05,1200.0
2025-04-17 17:00:00+00:00,2.05,2.055,2.015,2.045,3327.0
2025-04-17 18:00:00+00:00,2.045,2.065,2.045,2.055,981.0
2025-04-17 19:00:00+00:00,2.055,2.06,2.025,2.03,6892.0
2025-04-18 14:00:00+00:00,2.03,2.03,2.03,2.03,0.0
2025-04-18 15:00:00+00:00,2.03,2.03,2.03,2.03,0.0
2025-04-18 16:00:00+00:00,2.03,2.03,2.03,2.03,0.0
2025-04-18 17:00:00+00:00,2.03,2.03,2.03,2.03,0.0
2025-04-18 18:00:00+00:00,2.03,2.03,2.03,2.03,0.0
2025-04-18 19:00:00+00:00,2.03,2.03,2.03,2.03,0.0
2025-04-21 14:00:00+00:00,1.98,2.015,1.97,1.995,1561.0
2025-04-21 15:00:00+00:00,1.995,1.995,1.96,1.965,1697.0
2025-04-21 16:00:00+00:00,1.965,1.965,1.945,1.945,1001.0
2025-04-21 17:00:00+00:00,1.945,1.955,1.935,1.955,1477.0
2025-04-21 18:00:00+00:00,1.955,1.97,1.955,1.955,1752.0
2025-04-21 19:00:00+00:00,1.955,1.98,1.955,1.98,12080.0
2025-04-22 14:00:00+00:00,2.005,2.015,1.985,2.0,748.0
2025-04-22 15:00:00+00:00,1.995,2.035,1.995,2.01,5181.0
2025-04-22 16:00:00+00:00,2.015,2.025,2.0,2.005,4930.0
2025-04-22 17:00:00+00:00,2.005,2.015,1.995,2.005,2989.0
2025-04-22 18:00:00+00:00,2.005,2.035,2.0,2.02,3051.0
2025-04-22 19:00:00+00:00,2.025,2.025,2.005,2.02,5707.0
2025-04-23 14:00:00+00:00,2.085,2.085,2.015,2.025,2453.0
2025-04-23 15:00:00+00:00,2.025,2.04,1.98,1.995,2679.0
2025-04-23 16:00:00+00:00,1.995,2.015,1.985,2.015,2750.0
2025-04-23 17:00:00+00:00,2.005,2.025,2.0,2.015,1421.0
2025-04-23 18:00:00+00:00,2.015,2.02,2.005,2.005,1685.0
2025-04-23 19:00:00+00:00,2.005,2.005,1.99,1.99,5114.0
2025-04-24 14:00:00+00:00,2.035,2.06,2.035,2.055,924.0
2025-04-24 15:00:00+00:00,2.055,2.065,2.055,2.06,1587.0
2025-04-24 16:00:00+00:00,2.06,2.065,2.055,2.065,679.0
2025-04-24 17:00:00+00:00,2.065,2.075,2.065,2.065,1205.0
2025-04-24 18:00:00+00:00,2.065,2.075,2.065,2.075,2009.0
2025-04-24 19:00:00+00:00,2.075,2.145,2.065,2.14,24738.0
2025-04-25 14:00:00+00:00,2.085,2.14,2.08,2.14,2083.0
2025-04-25 15:00:00+00:00,2.14,2.155,2.1,2.115,2072.0
2025-04-25 16:00:00+00:00,2.115,2.12,2.1,2.115,1110.0
2025-04-25 17:00:00+00:00,2.115,2.12,2.105,2.105,1651.0
2025-04-25 18:00:00+00:00,2.105,2.125,2.105,2.12,1009.0
2025-04-25 19:00:00+00:00,2.125,2.14,2.11,2.14,13679.0
2025-04-28 14:00:00+00:00,2.095,2.14,2.095,2.105,2454.0
2025-04-28 15:00:00+00:00,2.105,2.105,2.085,2.09,3652.0
2025-04-28 16:00:00+00:00,2.085,2.085,2.065,2.075,2485.0
2025-04-28 17:00:00+00:00,2.075,2.09,2.07,2.09,282.0
2025-04-28 18:00:00+00:00,2.085,2.105,2.085,2.095,3757.0
2025-04-28 19:00:00+00:00,2.095,2.11,2.095,2.11,16856.0
2025-04-29 14:00:00+00:00,2.115,2.125,2.085,2.125,2891.0
2025-04-29 15:00:00+00:00,2.125,2.135,2.115,2.135,120.0
2025-04-29 16:00:00+00:00,2.135,2.15,2.12,2.125,1021.0
2025-04-29 17:00:00+00:00,2.125,2.14,2.12,2.135,3202.0
2025-04-29 18:00:00+00:00,2.135,2.135,2.1,2.105,5030.0
2025-04-29 19:00:00+00:00,2.105,2.115,2.1,2.11,7456.0
2025-04-30 14:00:00+00:00,1.995,2.035,1.995,2.035,3762.0
2025-04-30 15:00:00+00:00,2.035,2.05,2.035,2.045,1209.0
2025-04-30 16:00:00+00:00,2.045,2.055,2.01,2.025,581.0
2025-04-30 17:00:00+00:00,2.025,2.04,2.015,2.035,2914.0
2025-04-30 18:00:00+00:00,2.035,2.04,2.02,2.03,1816.0
2025-04-30 19:00:00+00:00,2.035,2.06,2.035,2.04,6730.0
2025-05-01 14:00:00+00:00,2.055,2.075,2.03,2.065,1614.0
2025-05-01 15:00:00+00:00,2.07,2.075,2.03,2.03,1140.0
2025-05-01 16:00:00+00:00,2.03,2.035,2.015,2.025,1206.0
2025-05-01 17:00:00+00:00,2.025,2.03,2.01,2.01,2756.0
2025-05-01 18:00:00+00:00,2.015,2.035,2.015,2.03,1230.0
2025-05-01 19:00:00+00:00,2.035,2.05,2.03,2.04,11015.0
2025-05-02 14:00:00+00:00,2.055,2.11,2.055,2.095,3525.0
2025-05-02 15:00:00+00:00,2.09,2.09,2.055,2.065,2237.0
2025-05-02 16:00:00+00:00,2.065,2.09,2.065,2.075,1912.0
2025-05-02 17:00:00+00:00,2.075,2.08,2.06,2.08,1690.0
2025-05-02 18:00:00+00:00,2.075,2.09,2.055,2.055,2771.0
2025-05-02 19:00:00+00:00,2.055,2.07,2.055,2.06,11273.0
2025-05-05 14:00:00+00:00,2.015,2.07,2.015,2.065,2927.0
2025-05-05 15:00:00+00:00,2.065,2.085,2.04,2.045,6157.0
2025-05-05 16:00:00+00:00,2.045,2.055,2.04,2.045,2326.0
2025-05-05 17:00:00+00:00,2.045,2.06,2.045,2.06,1999.0
2025-05-05 18:00:00+00:00,2.055,2.06,2.055,2.055,1118.0
2025-05-05 19:00:00+00:00,2.055,2.055,2.02,2.025,14022.0
2025-05-06 14:00:00+00:00,2.015,2.04,2.015,2.035,407.0
2025-05-06 15:00:00+00:00,2.035,2.06,2.025,2.025,2801.0
2025-05-06 16:00:00+00:00,2.025,2.035,2.005,2.01,523.0
2025-05-06 17:00:00+00:00,2.005,2.02,2.0,2.005,327.0
2025-05-06 18:00:00+00:00,2.005,2.04,2.005,2.04,388.0
2025-05-06 19:00:00+00:00,2.04,2.045,2.01,2.02,4073.0
2025-05-07 14:00:00+00:00,2.04,2.045,2.015,2.025,3850.0
2025-05-07 15:00:00+00:00,2.025,2.03,2.01,2.015,3524.0
2025-05-07 16:00:00+00:00,2.015,2.025,2.005,2.025,3193.0
2025-05-07 17:00:00+00:00,2.025,2.03,2.0,2.005,4651.0
2025-05-07 18:00:00+00:00,2.01,2.03,1.995,2.025,1892.0
2025-05-07 19:00:00+00:00,2.025,2.04,2.015,2.025,15428.0
2025-05-08 14:00:00+00:00,2.03,2.045,2.02,2.035,2067.0
2025-05-08 15:00:00+00:00,2.035,2.08,2.035,2.075,6593.0
2025-05-08 16:00:00+00:00,2.075,2.11,2.07,2.105,3552.0
2025-05-08 17:00:00+00:00,2.105,2.11,2.095,2.105,3375.0
2025-05-08 18:00:00+00:00,2.105,2.12,2.1,2.115,788.0
2025-05-08 19:00:00+00:00,2.115,2.13,2.105,2.115,20981.0
2025-05-09 14:00:00+00:00,2.135,2.16,2.115,2.125,1469.0
2025-05-09 15:00:00+00:00,2.125,2.125,2.1,2.115,1143.0
2025-05-09 16:00:00+00:00,2.115,2.125,2.085,2.1,3101.0
2025-05-09 17:00:00+00:00,2.095,2.125,2.095,2.125,1089.0
2025-05-09 18:00:00+00:00,2.125,2.13,2.115,2.115,3045.0
2025-05-09 19:00:00+00:00,2.115,2.125,2.11,2.12,9447.0
2025-05-12 14:00:00+00:00,2.17,2.195,2.155,2.175,3527.0
2025-05-12 15:00:00+00:00,2.175,2.175,2.15,2.155,4029.0
2025-05-12 16:00:00+00:00,2.155,2.175,2.155,2.165,10062.0
2025-05-12 17:00:00+00:00,2.165,2.17,2.135,2.135,4442.0
2025-05-12 18:00:00+00:00,2.135,2.135,2.115,2.125,10242.0
2025-05-12 19:00:00+00:00,2.125,2.145,2.11,2.11,8877.0
2025-05-13 14:00:00+00:00,2.085,2.115,2.075,2.105,1740.0
2025-05-13 15:00:00+00:00,2.105,2.125,2.105,2.125,1016.0
2025-05-13 16:00:00+00:00,2.125,2.125,2.1,2.105,1873.0
2025-05-13 17:00:00+00:00,2.105,2.105,2.09,2.095,1477.0
2025-05-13 18:00:00+00:00,2.095,2.115,2.085,2.105,5424.0
2025-05-13 19:00:00+00:00,2.11,2.115,2.09,2.09,15481.0
2025-05-14 14:00:00+00:00,2.025,2.045,2.005,2.045,6479.0
2025-05-14 15:00:00+00:00,2.045,2.045,2.01,2.015,3693.0
2025-05-14 16:00:00+00:00,2.015,2.025,2.0,2.015,1444.0
2025-05-14 17:00:00+00:00,2.015,2.025,2.005,2.015,4225.0
2025-05-14 18:00:00+00:00,2.015,2.015,2.005,2.015,1306.0
2025-05-14 19:00:00+00:00,2.015,2.045,1.99,2.04,17298.0
2025-05-15 14:00:00+00:00,1.915,1.98,1.915,1.935,5874.0
2025-05-15 15:00:00+00:00,1.935,1.945,1.84,1.855,15656.0
2025-05-15 16:00:00+00:00,1.855,1.92,1.845,1.915,15402.0
2025-05-15 17:00:00+00:00,1.91,1.965,1.905,1.935,8410.0
2025-05-15 18:00:00+00:00,1.935,1.945,1.925,1.945,1601.0
2025-05-15 19:00:00+00:00,1.945,1.945,1.925,1.93,9945.0
2025-05-16 14:00:00+00:00,1.905,1.92,1.895,1.895,728.0
2025-05-16 15:00:00+00:00,1.895,1.935,1.885,1.935,661.0
2025-05-16 16:00:00+00:00,1.935,1.955,1.93,1.935,522.0
2025-05-16 17:00:00+00:00,1.935,1.96,1.935,1.95,2145.0
2025-05-16 18:00:00+00:00,1.95,1.965,1.945,1.96,1243.0
2025-05-16 19:00:00+00:00,1.955,1.96,1.94,1.945,7613.0
2025-05-19 14:00:00+00:00,1.885,1.92,1.885,1.905,8630.0
2025-05-19 15:00:00+00:00,1.905,1.945,1.905,1.935,3068.0
2025-05-19 16:00:00+00:00,1.935,1.935,1.92,1.93,1833.0
2025-05-19 17:00:00+00:00,1.93,1.935,1.91,1.91,4800.0
2025-05-19 18:00:00+00:00,1.915,1.92,1.895,1.905,2759.0
2025-05-19 19:00:00+00:00,1.905,1.93,1.9,1.915,5542.0
2025-05-20 14:00:00+00:00,1.98,1.985,1.945,1.955,5535.0
2025-05-20 15:00:00+00:00,1.955,1.96,1.915,1.915,5829.0
2025-05-20 16:00:00+00:00,1.915,1.92,1.91,1.915,208.0
2025-05-20 17:00:00+00:00,1.915,1.925,1.91,1.915,4942.0
2025-05-20 18:00:00+00:00,1.915,1.915,1.885,1.895,2542.0
2025-05-20 19:00:00+00:00,1.895,1.905,1.89,1.9,11387.0
2025-05-21 14:00:00+00:00,1.905,1.935,1.895,1.915,30447.0
2025-05-21 15:00:00+00:00,1.915,1.915,1.895,1.905,36405.0
2025-05-21 16:00:00+00:00,1.905,1.91,1.885,1.89,29033.0
2025-05-21 17:00:00+00:00,1.895,1.895,1.83,1.83,19229.0
2025-05-21 18:00:00+00:00,1.835,1.835,1.81,1.815,13975.0
2025-05-21 19:00:00+00:00,1.815,1.825,1.81,1.815,32269.0
2025-05-22 14:00:00+00:00,1.755,1.765,1.735,1.745,13091.0
2025-05-22 15:00:00+00:00,1.745,1.8,1.735,1.795,4992.0
2025-05-22 16:00:00+00:00,1.795,1.81,1.78,1.805,6951.0
2025-05-22 17:00:00+00:00,1.805,1.83,1.805,1.83,2500.0
2025-05-22 18:00:00+00:00,1.825,1.83,1.81,1.82,6301.0
2025-05-22 19:00:00+00:00,1.825,1.825,1.81,1.81,4792.0
2025-05-23 14:00:00+00:00,1.815,1.855,1.81,1.855,291.0
2025-05-23 15:00:00+00:00,1.855,1.865,1.83,1.83,1608.0
2025-05-23 16:00:00+00:00,1.835,1.855,1.825,1.855,2217.0
2025-05-23 17:00:00+00:00,1.85,1.87,1.85,1.865,655.0
2025-05-23 18:00:00+00:00,1.86,1.87,1.855,1.865,2102.0
2025-05-23 19:00:00+00:00,1.865,1.885,1.85,1.86,29726.0
2025-05-26 14:00:00+00:00,1.86,1.86,1.86,1.86,0.0
2025-05-26 15:00:00+00:00,1.86,1.86,1.86,1.86,0.0
2025-05-26 16:00:00+00:00,1.86,1.86,1.86,1.86,0.0
2025-05-26 17:00:00+00:00,1.86,1.86,1.86,1.86,0.0
2025-05-26 18:00:00+00:00,1.86,1.86,1.86,1.86,0.0
2025-05-26 19:00:00+00:00,1.86,1.86,1.86,1.86,0.0
2025-05-27 14:00:00+00:00,1.79,1.805,1.785,1.805,3341.0
2025-05-27 15:00:00+00:00,1.805,1.825,1.805,1.805,8265.0
2025-05-27 16:00:00+00:00,1.805,1.855,1.805,1.83,9451.0
2025-05-27 17:00:00+00:00,1.83,1.835,1.8,1.805,5246.0
2025-05-27 18:00:00+00:00,1.805,1.81,1.785,1.785,4191.0
2025-05-27 19:00:00+00:00,1.785,1.795,1.775,1.79,11874.0
2025-05-28 14:00:00+00:00,1.77,1.775,1.755,1.76,17016.0
2025-05-28 15:00:00+00:00,1.765,1.765,1.745,1.745,13072.0
2025-05-28 16:00:00+00:00,1.745,1.75,1.74,1.74,4384.0
2025-05-28 17:00:00+00:00,1.745,1.75,1.73,1.74,2674.0
2025-05-28 18:00:00+00:00,1.745,1.765,1.74,1.755,8878.0
2025-05-28 19:00:00+00:00,1.755,1.8,1.74,1.79,145269.0
2025-05-29 14:00:00+00:00,1.785,1.805,1.765,1.805,2972.0
2025-05-29 15:00:00+00:00,1.805,1.815,1.795,1.795,2936.0
2025-05-29 16:00:00+00:00,1.795,1.815,1.795,1.805,3069.0
2025-05-29 17:00:00+00:00,1.805,1.81,1.795,1.805,5836.0
2025-05-29 18:00:00+00:00,1.805,1.815,1.795,1.805,314.0
2025-05-29 19:00:00+00:00,1.805,1.82,1.79,1.8,10919.0
2025-05-30 14:00:00+00:00,1.755,1.805,1.755,1.775,2612.0
2025-05-30 15:00:00+00:00,1.775,1.785,1.77,1.77,918.0
2025-05-30 16:00:00+00:00,1.775,1.775,1.745,1.755,4888.0
2025-05-30 17:00:00+00:00,1.755,1.765,1.75,1.765,800.0
2025-05-30 18:00:00+00:00,1.76,1.77,1.76,1.76,2306.0
2025-05-30 19:00:00+00:00,1.765,1.775,1.75,1.755,5647.0
2025-06-02 14:00:00+00:00,1.765,1.765,1.74,1.745,2291.0
2025-06-02 15:00:00+00:00,1.745,1.76,1.745,1.755,18543.0
2025-06-02 16:00:00+00:00,1.755,1.76,1.73,1.745,7934.0
2025-06-02 17:00:00+00:00,1.745,1.745,1.73,1.735,10386.0
2025-06-02 18:00:00+00:00,1.735,1.735,1.725,1.735,16147.0
2025-06-02 19:00:00+00:00,1.735,1.755,1.73,1.735,15014.0
2025-06-03 14:00:00+00:00,1.745,1.805,1.745,1.795,1950.0
2025-06-03 15:00:00+00:00,1.795,1.81,1.795,1.81,1007.0
2025-06-03 16:00:00+00:00,1.805,1.825,1.805,1.825,2465.0
2025-06-03 17:00:00+00:00,1.825,1.835,1.815,1.83,7952.0
2025-06-03 18:00:00+00:00,1.83,1.835,1.815,1.835,640.0
2025-06-03 19:00:00+00:00,1.835,1.915,1.83,1.885,41927.0
2025-06-04 14:00:00+00:00,1.895,1.935,1.89,1.895,9790.0
2025-06-04 15:00:00+00:00,1.895,1.945,1.895,1.915,11551.0
2025-06-04 16:00:00+00:00,1.915,1.93,1.915,1.925,6300.0
2025-06-04 17:00:00+00:00,1.925,1.925,1.9,1.905,1746.0
2025-06-04 18:00:00+00:00,1.905,1.91,1.89,1.895,8446.0
2025-06-04 19:00:00+00:00,1.895,1.905,1.895,1.905,14570.0
2025-06-05 14:00:00+00:00,1.935,1.97,1.93,1.96,9121.0
2025-06-05 15:00:00+00:00,1.96,1.97,1.93,1.935,3400.0
2025-06-05 16:00:00+00:00,1.935,1.95,1.93,1.93,3043.0
2025-06-05 17:00:00+00:00,1.93,1.985,1.93,1.975,3573.0
2025-06-05 18:00:00+00:00,1.975,1.975,1.935,1.945,1008.0
2025-06-05 19:00:00+00:00,1.945,1.955,1.93,1.945,8561.0
2025-06-06 14:00:00+00:00,1.965,2.015,1.96,1.975,8124.0
2025-06-06 15:00:00+00:00,1.975,1.99,1.96,1.98,7364.0
2025-06-06 16:00:00+00:00,1.975,1.99,1.975,1.985,1889.0
2025-06-06 17:00:00+00:00,1.985,1.99,1.96,1.96,3920.0
2025-06-06 18:00:00+00:00,1.965,1.965,1.955,1.955,1.0
2025-06-06 19:00:00+00:00,1.955,1.965,1.95,1.95,9638.0
2025-06-09 14:00:00+00:00,1.995,2.0,1.955,1.965,1796.0
2025-06-09 15:00:00+00:00,1.965,1.98,1.95,1.955,2288.0
2025-06-09 16:00:00+00:00,1.955,1.965,1.955,1.96,101.0
2025-06-09 17:00:00+00:00,1.96,1.975,1.96,1.975,400.0
2025-06-09 18:00:00+00:00,1.975,1.985,1.97,1.985,201.0
2025-06-09 19:00:00+00:00,1.985,1.99,1.975,1.98,13522.0
2025-06-10 14:00:00+00:00,1.955,1.965,1.93,1.945,2662.0
2025-06-10 15:00:00+00:00,1.945,1.96,1.945,1.955,209.0
2025-06-10 16:00:00+00:00,1.955,1.965,1.945,1.965,4507.0
2025-06-10 17:00:00+00:00,1.965,1.965,1.955,1.955,1279.0
2025-06-10 18:00:00+00:00,1.955,1.96,1.945,1.955,409.0
2025-06-10 19:00:00+00:00,1.955,1.975,1.955,1.97,4379.0
2025-06-11 14:00:00+00:00,1.965,2.045,1.965,2.015,4654.0
2025-06-11 15:00:00+00:00,2.015,2.02,2.01,2.015,1057.0
2025-06-11 16:00:00+00:00,2.015,2.015,1.995,1.995,305.0
2025-06-11 17:00:00+00:00,1.995,2.005,1.99,1.99,1748.0
2025-06-11 18:00:00+00:00,1.995,1.995,1.97,1.975,7031.0
2025-06-11 19:00:00+00:00,1.975,2.01,1.975,2.01,21382.0
2025-06-12 14:00:00+00:00,1.975,2.01,1.96,1.995,2896.0
2025-06-12 15:00:00+00:00,1.995,2.015,1.985,2.005,4827.0
2025-06-12 16:00:00+00:00,2.005,2.015,2.005,2.015,851.0
2025-06-12 17:00:00+00:00,2.015,2.025,2.01,2.015,2615.0
2025-06-12 18:00:00+00:00,2.015,2.015,2.005,2.005,582.0
2025-06-12 19:00:00+00:00,2.005,2.025,2.0,2.015,9779.0
2025-06-13 14:00:00+00:00,2.015,2.035,2.01,2.025,2919.0
2025-06-13 15:00:00+00:00,2.025,2.035,2.015,2.025,4426.0
2025-06-13 16:00:00+00:00,2.025,2.035,2.025,2.025,952.0
2025-06-13 17:00:00+00:00,2.025,2.03,2.015,2.015,807.0
2025-06-13 18:00:00+00:00,2.015,2.025,1.99,1.995,3123.0
2025-06-13 19:00:00+00:00,1.995,2.015,1.995,2.01,2503.0
2025-06-16 14:00:00+00:00,2.065,2.075,2.055,2.065,6812.0
2025-06-16 15:00:00+00:00,2.065,2.065,2.035,2.035,4102.0
2025-06-16 16:00:00+00:00,2.035,2.065,2.025,2.065,311.0
2025-06-16 17:00:00+00:00,2.065,2.07,2.05,2.055,4125.0
2025-06-16 18:00:00+00:00,2.055,2.06,2.04,2.045,5002.0
2025-06-16 19:00:00+00:00,2.045,2.08,2.035,2.075,10520.0
2025-06-17 14:00:00+00:00,2.065,2.07,2.03,2.065,1849.0
2025-06-17 15:00:00+00:00,2.06,2.08,2.05,2.065,4108.0
2025-06-17 16:00:00+00:00,2.065,2.08,2.055,2.055,4735.0
2025-06-17 17:00:00+00:00,2.055,2.055,2.035,2.035,2338.0
2025-06-17 18:00:00+00:00,2.035,2.08,2.03,2.08,7882.0
2025-06-17 19:00:00+00:00,2.075,2.09,2.065,2.08,14812.0
2025-06-18 14:00:00+00:00,2.155,2.16,2.085,2.085,7071.0
2025-06-18 15:00:00+00:00,2.085,2.09,2.055,2.075,1809.0
2025-06-18 16:00:00+00:00,2.075,2.075,2.03,2.03,3208.0
2025-06-18 17:00:00+00:00,2.035,2.05,2.015,2.025,9318.0
2025-06-18 18:00:00+00:00,2.035,2.04,2.0,2.015,8609.0
2025-06-18 19:00:00+00:00,2.015,2.03,2.005,2.025,12348.0
2025-06-19 14:00:00+00:00,2.025,2.025,2.025,2.025,0.0
2025-06-19 15:00:00+00:00,2.025,2.025,2.025,2.025,0.0
2025-06-19 16:00:00+00:00,2.025,2.025,2.025,2.025,0.0
2025-06-19 17:00:00+00:00,2.025,2.025,2.025,2.025,0.0
2025-06-19 18:00:00+00:00,2.025,2.025,2.025,2.025,0.0
2025-06-19 19:00:00+00:00,2.025,2.025,2.025,2.025,0.0
2025-06-20 14:00:00+00:00,1.995,2.01,1.935,1.945,6862.0
2025-06-20 15:00:00+00:00,1.94,1.975,1.935,1.975,12802.0
2025-06-20 16:00:00+00:00,1.975,1.975,1.945,1.945,3090.0
2025-06-20 17:00:00+00:00,1.945,1.96,1.945,1.955,1316.0
2025-06-20 18:00:00+00:00,1.955,1.965,1.95,1.95,2959.0
2025-06-20 19:00:00+00:00,1.955,1.955,1.91,1.92,14862.0
2025-06-23 14:00:00+00:00,1.945,1.99,1.945,1.985,1705.0
2025-06-23 15:00:00+00:00,1.985,2.0,1.965,1.965,7516.0
2025-06-23 16:00:00+00:00,1.965,1.97,1.935,1.945,1974.0
2025-06-23 17:00:00+00:00,1.945,1.99,1.945,1.96,9790.0
2025-06-23 18:00:00+00:00,1.965,1.97,1.955,1.965,5301.0
2025-06-23 19:00:00+00:00,1.965,1.975,1.95,1.95,11048.0
2025-06-24 14:00:00+00:00,2.035,2.035,2.01,2.015,1624.0
2025-06-24 15:00:00+00:00,2.015,2.03,2.005,2.015,3647.0
2025-06-24 16:00:00+00:00,2.015,2.015,1.995,1.995,2592.0
2025-06-24 17:00:00+00:00,1.995,1.995,1.985,1.99,1020.0
2025-06-24 18:00:00+00:00,1.985,1.99,1.985,1.99,2514.0
2025-06-24 19:00:00+00:00,1.985,1.995,1.955,1.955,24184.0
2025-06-25 14:00:00+00:00,1.93,1.935,1.915,1.925,1961.0
2025-06-25 15:00:00+00:00,1.925,1.95,1.925,1.945,1414.0
2025-06-25 16:00:00+00:00,1.945,1.975,1.945,1.975,823.0
2025-06-25 17:00:00+00:00,1.975,1.98,1.975,1.975,238.0
2025-06-25 18:00:00+00:00,1.975,1.975,1.965,1.965,2455.0
2025-06-25 19:00:00+00:00,1.965,1.97,1.965,1.965,2242.0
2025-06-26 14:00:00+00:00,2.025,2.11,2.02,2.085,5360.0
2025-06-26 15:00:00+00:00,2.085,2.135,2.08,2.115,14843.0
2025-06-26 16:00:00+00:00,2.115,2.15,2.115,2.135,5944.0
2025-06-26 17:00:00+00:00,2.135,2.145,2.125,2.135,7116.0
2025-06-26 18:00:00+00:00,2.135,2.15,2.125,2.15,8331.0
2025-06-26 19:00:00+00:00,2.145,2.175,2.135,2.135,15066.0
2025-06-27 14:00:00+00:00,2.145,2.19,2.115,2.19,5392.0
2025-06-27 15:00:00+00:00,2.185,2.195,2.145,2.145,894.0
2025-06-27 16:00:00+00:00,2.145,2.16,2.145,2.16,1212.0
2025-06-27 17:00:00+00:00,2.155,2.16,2.125,2.145,2265.0
2025-06-27 18:00:00+00:00,2.145,2.145,2.115,2.135,701.0
2025-06-27 19:00:00+00:00,2.13,2.145,2.12,2.145,13885.0
2025-06-30 14:00:00+00:00,2.075,2.13,2.07,2.125,6131.0
2025-06-30 15:00:00+00:00,2.125,2.135,2.11,2.115,2723.0
2025-06-30 16:00:00+00:00,2.115,2.115,2.09,2.095,2797.0
2025-06-30 17:00:00+00:00,2.095,2.1,2.085,2.085,1255.0
2025-06-30 18:00:00+00:00,2.085,2.105,2.08,2.105,536.0
2025-06-30 19:00:00+00:00,2.105,2.115,2.075,2.085,2692.0
2025-07-01 14:00:00+00:00,2.055,2.075,2.04,2.055,754.0
2025-07-01 15:00:00+00:00,2.055,2.085,2.03,2.035,5023.0
2025-07-01 16:00:00+00:00,2.035,2.055,2.03,2.045,6830.0
2025-07-01 17:00:00+00:00,2.045,2.07,2.045,2.055,3913.0
2025-07-01 18:00:00+00:00,2.055,2.08,2.055,2.065,16556.0
2025-07-01 19:00:00+00:00,2.065,2.12,2.065,2.095,10741.0
2025-07-02 14:00:00+00:00,2.23,2.335,2.22,2.335,10493.0
2025-07-02 15:00:00+00:00,2.335,2.405,2.33,2.395,12003.0
2025-07-02 16:00:00+00:00,2.395,2.41,2.385,2.39,13066.0
2025-07-02 17:00:00+00:00,2.385,2.405,2.385,2.395,12450.0
2025-07-02 18:00:00+00:00,2.395,2.395,2.355,2.36,26537.0
2025-07-02 19:00:00+00:00,2.355,2.365,2.335,2.35,32484.0
2025-07-03 14:00:00+00:00,2.325,2.35,2.3,2.305,3770.0
2025-07-03 15:00:00+00:00,2.305,2.34,2.3,2.325,3288.0
2025-07-03 16:00:00+00:00,2.325,2.33,2.285,2.31,6353.0
2025-07-03 17:00:00+00:00,2.315,2.33,2.315,2.325,0.0
2025-07-03 18:00:00+00:00,2.325,2.325,2.325,2.325,0.0
2025-07-03 19:00:00+00:00,2.325,2.325,2.325,2.325,0.0
2025-07-04 14:00:00+00:00,2.325,2.325,2.325,2.325,0.0
2025-07-04 15:00:00+00:00,2.325,2.325,2.325,2.325,0.0
2025-07-04 16:00:00+00:00,2.325,2.325,2.325,2.325,0.0
2025-07-04 17:00:00+00:00,2.325,2.325,2.325,2.325,0.0
2025-07-04 18:00:00+00:00,2.325,2.325,2.325,2.325,0.0
2025-07-04 19:00:00+00:00,2.325,2.325,2.325,2.325,0.0
2025-07-07 14:00:00+00:00,2.305,2.315,2.245,2.27,7607.0
2025-07-07 15:00:00+00:00,2.265,2.28,2.255,2.265,2067.0
2025-07-07 16:00:00+00:00,2.27,2.28,2.23,2.235,3397.0
2025-07-07 17:00:00+00:00,2.24,2.255,2.22,2.245,6459.0
2025-07-07 18:00:00+00:00,2.245,2.25,2.225,2.235,8030.0
2025-07-07 19:00:00+00:00,2.235,2.245,2.23,2.245,8829.0
2025-07-08 14:00:00+00:00,2.335,2.375,2.305,2.365,6807.0
2025-07-08 15:00:00+00:00,2.365,2.4,2.345,2.355,9602.0
2025-07-08 16:00:00+00:00,2.355,2.425,2.345,2.42,18975.0
2025-07-08 17:00:00+00:00,2.415,2.43,2.33,2.33,11419.0
2025-07-08 18:00:00+00:00,2.335,2.365,2.33,2.355,7338.0
2025-07-08 19:00:00+00:00,2.355,2.355,2.33,2.335,16456.0
2025-07-09 14:00:00+00:00,2.235,2.295,2.225,2.275,8370.0
2025-07-09 15:00:00+00:00,2.275,2.345,2.265,2.325,8135.0
2025-07-09 16:00:00+00:00,2.325,2.375,2.325,2.375,3458.0
2025-07-09 17:00:00+00:00,2.375,2.38,2.355,2.355,5535.0
2025-07-09 18:00:00+00:00,2.355,2.355,2.335,2.335,2092.0
2025-07-09 19:00:00+00:00,2.335,2.36,2.335,2.345,6179.0
2025-07-10 14:00:00+00:00,2.405,2.525,2.395,2.495,19413.0
2025-07-10 15:00:00+00:00,2.495,2.54,2.465,2.475,19511.0
2025-07-10 16:00:00+00:00,2.475,2.495,2.46,2.465,13878.0
2025-07-10 17:00:00+00:00,2.465,2.475,2.43,2.445,9992.0
2025-07-10 18:00:00+00:00,2.445,2.46,2.43,2.435,2416.0
2025-07-10 19:00:00+00:00,2.435,2.45,2.4,2.43,17049.0
2025-07-11 14:00:00+00:00,2.39,2.44,2.365,2.435,17841.0
2025-07-11 15:00:00+00:00,2.435,2.51,2.435,2.5,7656.0
2025-07-11 16:00:00+00:00,2.495,2.515,2.47,2.495,6128.0
2025-07-11 17:00:00+00:00,2.5,2.5,2.46,2.47,2433.0
2025-07-11 18:00:00+00:00,2.475,2.5,2.475,2.49,4630.0
2025-07-11 19:00:00+00:00,2.495,2.515,2.475,2.515,8219.0
2025-07-14 14:00:00+00:00,2.455,2.475,2.445,2.475,9549.0
2025-07-14 15:00:00+00:00,2.475,2.52,2.475,2.505,7397.0
2025-07-14 16:00:00+00:00,2.505,2.515,2.505,2.505,912.0
2025-07-14 17:00:00+00:00,2.505,2.515,2.465,2.485,4514.0
2025-07-14 18:00:00+00:00,2.485,2.51,2.485,2.505,618.0
2025-07-14 19:00:00+00:00,2.505,2.53,2.505,2.525,5307.0
2025-07-15 14:00:00+00:00,2.575,2.595,2.535,2.555,4940.0
2025-07-15 15:00:00+00:00,2.555,2.57,2.525,2.565,2668.0
2025-07-15 16:00:00+00:00,2.565,2.565,2.525,2.535,3406.0
2025-07-15 17:00:00+00:00,2.535,2.59,2.535,2.565,2691.0
2025-07-15 18:00:00+00:00,2.56,2.575,2.535,2.555,4506.0
2025-07-15 19:00:00+00:00,2.555,2.575,2.55,2.57,4806.0
2025-07-16 14:00:00+00:00,2.575,2.6,2.535,2.545,6192.0
2025-07-16 15:00:00+00:00,2.545,2.555,2.505,2.505,5278.0
2025-07-16 16:00:00+00:00,2.505,2.505,2.45,2.485,9230.0
2025-07-16 17:00:00+00:00,2.485,2.515,2.465,2.495,6179.0
2025-07-16 18:00:00+00:00,2.495,2.505,2.475,2.495,3641.0
2025-07-16 19:00:00+00:00,2.495,2.535,2.495,2.53,16021.0
2025-07-17 14:00:00+00:00,2.625,2.675,2.615,2.665,23851.0
2025-07-17 15:00:00+00:00,2.665,2.715,2.665,2.685,16298.0
2025-07-17 16:00:00+00:00,2.685,2.705,2.665,2.685,3704.0
2025-07-17 17:00:00+00:00,2.685,2.735,2.665,2.735,5136.0
2025-07-17 18:00:00+00:00,2.735,2.74,2.705,2.725,7183.0
2025-07-17 19:00:00+00:00,2.725,2.775,2.725,2.77,15774.0
2025-07-18 14:00:00+00:00,2.795,2.795,2.735,2.755,4009.0
2025-07-18 15:00:00+00:00,2.755,2.785,2.73,2.755,5279.0
2025-07-18 16:00:00+00:00,2.755,2.765,2.71,2.715,1174.0
2025-07-18 17:00:00+00:00,2.715,2.735,2.7,2.705,2919.0
2025-07-18 18:00:00+00:00,2.705,2.71,2.685,2.685,1478.0
2025-07-18 19:00:00+00:00,2.685,2.735,2.685,2.735,7837.0
2025-07-21 14:00:00+00:00,2.77,2.855,2.765,2.855,9288.0
2025-07-21 15:00:00+00:00,2.855,2.865,2.795,2.795,9898.0
2025-07-21 16:00:00+00:00,2.795,2.815,2.765,2.79,2455.0
2025-07-21 17:00:00+00:00,2.785,2.81,2.785,2.805,6470.0
2025-07-21 18:00:00+00:00,2.805,2.82,2.785,2.795,2473.0
2025-07-21 19:00:00+00:00,2.795,2.82,2.755,2.795,17847.0
2025-07-22 14:00:00+00:00,2.82,2.895,2.815,2.885,4867.0
2025-07-22 15:00:00+00:00,2.885,2.955,2.875,2.945,10907.0
2025-07-22 16:00:00+00:00,2.945,2.985,2.9,2.925,17561.0
2025-07-22 17:00:00+00:00,2.925,2.94,2.915,2.935,1544.0
2025-07-22 18:00:00+00:00,2.935,3.01,2.935,2.995,3206.0
2025-07-22 19:00:00+00:00,2.995,3.005,2.975,2.99,4670.0
2025-07-23 14:00:00+00:00,2.935,2.935,2.845,2.855,6213.0
2025-07-23 15:00:00+00:00,2.855,2.87,2.82,2.865,5269.0
2025-07-23 16:00:00+00:00,2.865,2.865,2.82,2.835,3206.0
2025-07-23 17:00:00+00:00,2.835,2.835,2.825,2.825,413.0
2025-07-23 18:00:00+00:00,2.825,2.875,2.825,2.875,4786.0
2025-07-23 19:00:00+00:00,2.875,2.91,2.875,2.905,6989.0
2025-07-24 14:00:00+00:00,3.065,3.09,3.005,3.085,14491.0
2025-07-24 15:00:00+00:00,3.085,3.095,3.055,3.08,17126.0
2025-07-24 16:00:00+00:00,3.075,3.08,3.025,3.055,2293.0
2025-07-24 17:00:00+00:00,3.055,3.095,3.055,3.065,4704.0
2025-07-24 18:00:00+00:00,3.065,3.075,3.035,3.045,7896.0
2025-07-24 19:00:00+00:00,3.045,3.08,3.035,3.035,10763.0
2025-07-25 14:00:00+00:00,3.17,3.195,3.11,3.115,15019.0
2025-07-25 15:00:00+00:00,3.115,3.15,3.08,3.135,27986.0
2025-07-25 16:00:00+00:00,3.135,3.15,3.105,3.15,10336.0
2025-07-25 17:00:00+00:00,3.145,3.17,3.13,3.13,20496.0
2025-07-25 18:00:00+00:00,3.135,3.205,3.135,3.185,18401.0
2025-07-25 19:00:00+00:00,3.185,3.235,3.185,3.225,15968.0
2025-07-28 14:00:00+00:00,3.045,3.05,2.92,2.94,20675.0
2025-07-28 15:00:00+00:00,2.945,2.985,2.935,2.985,4774.0
2025-07-28 16:00:00+00:00,2.985,2.995,2.955,2.965,1365.0
2025-07-28 17:00:00+00:00,2.965,2.98,2.91,2.96,12377.0
2025-07-28 18:00:00+00:00,2.965,2.97,2.94,2.945,6607.0
2025-07-28 19:00:00+00:00,2.945,2.95,2.935,2.935,5694.0
2025-07-29 14:00:00+00:00,2.92,2.92,2.855,2.855,12829.0
2025-07-29 15:00:00+00:00,2.855,2.895,2.85,2.875,23642.0
2025-07-29 16:00:00+00:00,2.875,2.875,2.85,2.855,2942.0
2025-07-29 17:00:00+00:00,2.855,2.86,2.845,2.855,2070.0
2025-07-29 18:00:00+00:00,2.855,2.87,2.845,2.845,4773.0
2025-07-29 19:00:00+00:00,2.845,2.85,2.84,2.845,5968.0
2025-07-30 14:00:00+00:00,2.85,2.855,2.81,2.81,9396.0
2025-07-30 15:00:00+00:00,2.815,2.835,2.785,2.785,6359.0
2025-07-30 16:00:00+00:00,2.785,2.79,2.775,2.785,2401.0
2025-07-30 17:00:00+00:00,2.785,2.8,2.78,2.795,3944.0
2025-07-30 18:00:00+00:00,2.8,2.805,2.71,2.715,1910.0
2025-07-30 19:00:00+00:00,2.71,2.725,2.69,2.71,18416.0
2025-07-31 14:00:00+00:00,2.715,2.74,2.675,2.675,5539.0
2025-07-31 15:00:00+00:00,2.675,2.705,2.665,2.68,10801.0
2025-07-31 16:00:00+00:00,2.675,2.69,2.665,2.675,2063.0
2025-07-31 17:00:00+00:00,2.675,2.695,2.655,2.67,3428.0
2025-07-31 18:00:00+00:00,2.665,2.68,2.655,2.675,13264.0
2025-07-31 19:00:00+00:00,2.675,2.68,2.635,2.645,11451.0
2025-08-01 14:00:00+00:00,2.595,2.635,2.565,2.605,6797.0
2025-08-01 15:00:00+00:00,2.605,2.635,2.605,2.63,1921.0
2025-08-01 16:00:00+00:00,2.635,2.645,2.615,2.615,2489.0
2025-08-01 17:00:00+00:00,2.615,2.625,2.605,2.605,9462.0
2025-08-01 18:00:00+00:00,2.605,2.645,2.595,2.635,11099.0
2025-08-01 19:00:00+00:00,2.635,2.65,2.625,2.625,6181.0
2025-08-04 14:00:00+00:00,2.675,2.675,2.63,2.635,4051.0
2025-08-04 15:00:00+00:00,2.635,2.65,2.63,2.65,3335.0
2025-08-04 16:00:00+00:00,2.645,2.645,2.57,2.575,5115.0
2025-08-04 17:00:00+00:00,2.575,2.575,2.525,2.53,2368.0
2025-08-04 18:00:00+00:00,2.53,2.55,2.53,2.55,2053.0
2025-08-04 19:00:00+00:00,2.545,2.565,2.54,2.55,14886.0
2025-08-05 14:00:00+00:00,2.655,2.675,2.595,2.615,4402.0
2025-08-05 15:00:00+00:00,2.615,2.645,2.61,2.635,5825.0
2025-08-05 16:00:00+00:00,2.635,2.665,2.635,2.635,8047.0
2025-08-05 17:00:00+00:00,2.635,2.685,2.635,2.685,8464.0
2025-08-05 18:00:00+00:00,2.685,2.705,2.685,2.685,13078.0
2025-08-05 19:00:00+00:00,2.685,2.715,2.685,2.705,10541.0
2025-08-06 14:00:00+00:00,2.705,2.715,2.66,2.685,4532.0
2025-08-06 15:00:00+00:00,2.685,2.695,2.65,2.655,7416.0
2025-08-06 16:00:00+00:00,2.655,2.66,2.64,2.645,2282.0
2025-08-06 17:00:00+00:00,2.645,2.645,2.63,2.635,875.0
2025-08-06 18:00:00+00:00,2.635,2.64,2.605,2.605,1884.0
2025-08-06 19:00:00+00:00,2.605,2.64,2.605,2.64,14900.0
2025-08-07 14:00:00+00:00,2.815,2.845,2.685,2.705,22408.0
2025-08-07 15:00:00+00:00,2.705,2.725,2.68,2.695,4530.0
2025-08-07 16:00:00+00:00,2.695,2.705,2.68,2.69,16734.0
2025-08-07 17:00:00+00:00,2.69,2.7,2.675,2.695,717.0
2025-08-07 18:00:00+00:00,2.695,2.695,2.685,2.685,467.0
2025-08-07 19:00:00+00:00,2.685,2.705,2.665,2.68,28966.0
2025-08-08 14:00:00+00:00,2.755,2.775,2.715,2.765,11700.0
2025-08-08 15:00:00+00:00,2.765,2.79,2.76,2.775,7105.0
2025-08-08 16:00:00+00:00,2.775,2.81,2.775,2.795,4594.0
2025-08-08 17:00:00+00:00,2.795,2.815,2.78,2.805,16587.0
2025-08-08 18:00:00+00:00,2.805,2.805,2.765,2.785,4376.0
2025-08-08 19:00:00+00:00,2.785,2.82,2.785,2.815,4105.0
2025-08-11 14:00:00+00:00,3.495,3.605,3.41,3.515,63444.0
2025-08-11 15:00:00+00:00,3.515,3.595,3.465,3.585,15944.0
2025-08-11 16:00:00+00:00,3.59,3.595,3.505,3.565,15604.0
2025-08-11 17:00:00+00:00,3.565,3.645,3.525,3.635,23168.0
2025-08-11 18:00:00+00:00,3.635,3.685,3.585,3.605,15335.0
2025-08-11 19:00:00+00:00,3.605,3.69,3.595,3.65,44247.0
2025-08-12 14:00:00+00:00,3.585,3.755,3.585,3.605,9654.0
2025-08-12 15:00:00+00:00,3.605,3.665,3.565,3.665,8595.0
2025-08-12 16:00:00+00:00,3.665,3.72,3.64,3.64,9751.0
2025-08-12 17:00:00+00:00,3.645,3.66,3.54,3.545,5276.0
2025-08-12 18:00:00+00:00,3.545,3.585,3.515,3.585,12177.0
2025-08-12 19:00:00+00:00,3.585,3.64,3.575,3.64,15883.0
2025-08-13 14:00:00+00:00,3.58,3.58,3.51,3.555,13278.0
2025-08-13 15:00:00+00:00,3.555,3.58,3.525,3.535,12908.0
2025-08-13 16:00:00+00:00,3.535,3.575,3.46,3.485,10351.0
2025-08-13 17:00:00+00:00,3.485,3.505,3.455,3.495,14556.0
2025-08-13 18:00:00+00:00,3.49,3.515,3.46,3.495,9923.0
2025-08-13 19:00:00+00:00,3.495,3.51,3.46,3.465,8304.0
2025-08-14 14:00:00+00:00,3.425,3.46,3.37,3.375,6158.0
2025-08-14 15:00:00+00:00,3.375,3.39,3.335,3.385,7337.0
2025-08-14 16:00:00+00:00,3.385,3.41,3.345,3.405,4622.0
2025-08-14 17:00:00+00:00,3.405,3.48,3.405,3.43,6611.0
2025-08-14 18:00:00+00:00,3.425,3.43,3.41,3.425,4760.0
2025-08-14 19:00:00+00:00,3.425,3.435,3.355,3.355,3035.0
2025-08-15 14:00:00+00:00,3.385,3.445,3.365,3.445,6245.0
2025-08-15 15:00:00+00:00,3.44,3.455,3.355,3.365,8731.0
2025-08-15 16:00:00+00:00,3.365,3.415,3.36,3.415,8352.0
2025-08-15 17:00:00+00:00,3.415,3.425,3.39,3.39,1812.0
2025-08-15 18:00:00+00:00,3.395,3.395,3.345,3.355,2167.0
2025-08-15 19:00:00+00:00,3.355,3.355,3.325,3.325,7275.0
2025-08-18 14:00:00+00:00,3.335,3.34,3.305,3.315,5876.0
2025-08-18 15:00:00+00:00,3.315,3.365,3.315,3.355,3189.0
2025-08-18 16:00:00+00:00,3.355,3.38,3.345,3.355,3549.0
2025-08-18 17:00:00+00:00,3.355,3.365,3.325,3.355,10234.0
2025-08-18 18:00:00+00:00,3.355,3.355,3.315,3.325,2848.0
2025-08-18 19:00:00+00:00,3.325,3.325,3.29,3.295,13830.0
2025-08-19 14:00:00+00:00,3.275,3.305,3.205,3.235,9342.0
2025-08-19 15:00:00+00:00,3.235,3.235,3.2,3.23,11521.0
2025-08-19 16:00:00+00:00,3.23,3.28,3.23,3.25,6817.0
2025-08-19 17:00:00+00:00,3.245,3.275,3.24,3.245,5316.0
2025-08-19 18:00:00+00:00,3.245,3.265,3.225,3.235,2550.0
2025-08-19 19:00:00+00:00,3.235,3.245,3.21,3.225,19168.0
2025-08-20 14:00:00+00:00,3.105,3.15,3.06,3.065,12241.0
2025-08-20 15:00:00+00:00,3.065,3.145,3.065,3.135,15058.0
2025-08-20 16:00:00+00:00,3.135,3.16,3.125,3.135,3912.0
2025-08-20 17:00:00+00:00,3.135,3.14,3.095,3.115,2439.0
2025-08-20 18:00:00+00:00,3.115,3.12,3.09,3.115,3948.0
2025-08-20 19:00:00+00:00,3.115,3.13,3.105,3.105,11574.0
2025-08-21 14:00:00+00:00,3.185,3.2,3.105,3.105,6783.0
2025-08-21 15:00:00+00:00,3.105,3.12,3.085,3.095,4239.0
2025-08-21 16:00:00+00:00,3.095,3.095,3.075,3.075,425.0
2025-08-21 17:00:00+00:00,3.075,3.13,3.065,3.12,13607.0
2025-08-21 18:00:00+00:00,3.115,3.165,3.115,3.165,14622.0
2025-08-21 19:00:00+00:00,3.165,3.17,3.13,3.145,11574.0
2025-08-22 14:00:00+00:00,3.165,3.255,3.165,3.225,10526.0
2025-08-22 15:00:00+00:00,3.225,3.24,3.185,3.195,4907.0
2025-08-22 16:00:00+00:00,3.195,3.205,3.185,3.195,6677.0
2025-08-22 17:00:00+00:00,3.195,3.265,3.195,3.245,9350.0
2025-08-22 18:00:00+00:00,3.245,3.255,3.225,3.225,2287.0
2025-08-22 19:00:00+00:00,3.225,3.235,3.205,3.21,9874.0
2025-08-25 14:00:00+00:00,3.2,3.395,3.175,3.385,34662.0
2025-08-25 15:00:00+00:00,3.385,3.385,3.325,3.325,6707.0
2025-08-25 16:00:00+00:00,3.325,3.33,3.295,3.295,2710.0
2025-08-25 17:00:00+00:00,3.295,3.3,3.275,3.285,4134.0
2025-08-25 18:00:00+00:00,3.285,3.285,3.265,3.275,1558.0
2025-08-25 19:00:00+00:00,3.275,3.285,3.245,3.255,12147.0
2025-08-26 14:00:00+00:00,3.285,3.325,3.265,3.27,4178.0
2025-08-26 15:00:00+00:00,3.265,3.285,3.235,3.245,5148.0
2025-08-26 16:00:00+00:00,3.245,3.245,3.225,3.225,3754.0
2025-08-26 17:00:00+00:00,3.225,3.23,3.19,3.205,6317.0
2025-08-26 18:00:00+00:00,3.205,3.215,3.195,3.205,3375.0
2025-08-26 19:00:00+00:00,3.205,3.22,3.195,3.22,9218.0
2025-08-27 14:00:00+00:00,3.235,3.295,3.185,3.205,24578.0
2025-08-27 15:00:00+00:00,3.205,3.245,3.19,3.235,9169.0
2025-08-27 16:00:00+00:00,3.235,3.27,3.225,3.265,2125.0
2025-08-27 17:00:00+00:00,3.265,3.265,3.215,3.24,14617.0
2025-08-27 18:00:00+00:00,3.235,3.245,3.225,3.225,7651.0
2025-08-27 19:00:00+00:00,3.23,3.26,3.225,3.25,9954.0
2025-08-28 14:00:00+00:00,3.335,3.51,3.335,3.425,14255.0
2025-08-28 15:00:00+00:00,3.425,3.475,3.385,3.475,10904.0
2025-08-28 16:00:00+00:00,3.475,3.495,3.415,3.425,6728.0
2025-08-28 17:00:00+00:00,3.425,3.455,3.42,3.445,2617.0
2025-08-28 18:00:00+00:00,3.445,3.455,3.425,3.445,2867.0
2025-08-28 19:00:00+00:00,3.445,3.445,3.42,3.425,15381.0
2025-08-29 14:00:00+00:00,3.4,3.44,3.335,3.365,9702.0
2025-08-29 15:00:00+00:00,3.365,3.41,3.35,3.35,7802.0
2025-08-29 16:00:00+00:00,3.355,3.365,3.345,3.365,8563.0
2025-08-29 17:00:00+00:00,3.365,3.4,3.355,3.395,9223.0
2025-08-29 18:00:00+00:00,3.395,3.435,3.39,3.405,5456.0
2025-08-29 19:00:00+00:00,3.405,3.425,3.395,3.425,30371.0
2025-09-01 14:00:00+00:00,3.425,3.425,3.425,3.425,0.0
2025-09-01 15:00:00+00:00,3.425,3.425,3.425,3.425,0.0
2025-09-01 16:00:00+00:00,3.425,3.425,3.425,3.425,0.0
2025-09-01 17:00:00+00:00,3.425,3.425,3.425,3.425,0.0
2025-09-01 18:00:00+00:00,3.425,3.425,3.425,3.425,0.0
2025-09-01 19:00:00+00:00,3.425,3.425,3.425,3.425,0.0
2025-09-02 14:00:00+00:00,3.285,3.3,3.24,3.265,4484.0
2025-09-02 15:00:00+00:00,3.265,3.275,3.24,3.24,3983.0
2025-09-02 16:00:00+00:00,3.245,3.255,3.225,3.235,5052.0
2025-09-02 17:00:00+00:00,3.235,3.285,3.225,3.275,9156.0
2025-09-02 18:00:00+00:00,3.275,3.28,3.255,3.275,6257.0
2025-09-02 19:00:00+00:00,3.28,3.32,3.28,3.32,8397.0
2025-09-03 14:00:00+00:00,3.385,3.405,3.335,3.345,7672.0
2025-09-03 15:00:00+00:00,3.345,3.42,3.335,3.41,9239.0
2025-09-03 16:00:00+00:00,3.41,3.415,3.365,3.385,4943.0
2025-09-03 17:00:00+00:00,3.385,3.395,3.345,3.345,1850.0
2025-09-03 18:00:00+00:00,3.345,3.37,3.34,3.365,8169.0
2025-09-03 19:00:00+00:00,3.365,3.37,3.345,3.36,7878.0
2025-09-04 14:00:00+00:00,3.29,3.305,3.245,3.255,3724.0
2025-09-04 15:00:00+00:00,3.255,3.29,3.235,3.285,7727.0
2025-09-04 16:00:00+00:00,3.285,3.31,3.275,3.305,3326.0
2025-09-04 17:00:00+00:00,3.305,3.31,3.3,3.305,1248.0
2025-09-04 18:00:00+00:00,3.305,3.335,3.305,3.335,1110.0
2025-09-04 19:00:00+00:00,3.335,3.35,3.325,3.335,9036.0
2025-09-05 14:00:00+00:00,3.525,3.535,3.425,3.445,3924.0
2025-09-05 15:00:00+00:00,3.445,3.49,3.435,3.485,3894.0
2025-09-05 16:00:00+00:00,3.485,3.515,3.46,3.465,2106.0
2025-09-05 17:00:00+00:00,3.465,3.48,3.445,3.465,6415.0
2025-09-05 18:00:00+00:00,3.465,3.495,3.455,3.485,3111.0
2025-09-05 19:00:00+00:00,3.485,3.55,3.485,3.54,28765.0
2025-09-08 14:00:00+00:00,3.375,3.375,3.285,3.365,5681.0
2025-09-08 15:00:00+00:00,3.365,3.385,3.345,3.345,2332.0
2025-09-08 16:00:00+00:00,3.345,3.345,3.31,3.315,1116.0
2025-09-08 17:00:00+00:00,3.315,3.32,3.3,3.305,1463.0
2025-09-08 18:00:00+00:00,3.305,3.37,3.3,3.345,6422.0
2025-09-08 19:00:00+00:00,3.345,3.345,3.28,3.3,23183.0
2025-09-09 14:00:00+00:00,3.115,3.17,3.095,3.095,13337.0
2025-09-09 15:00:00+00:00,3.095,3.105,3.085,3.095,3529.0
2025-09-09 16:00:00+00:00,3.095,3.13,3.075,3.125,3160.0
2025-09-09 17:00:00+00:00,3.125,3.14,3.105,3.105,4006.0
2025-09-09 18:00:00+00:00,3.105,3.115,3.075,3.09,6902.0
2025-09-09 19:00:00+00:00,3.095,3.115,3.065,3.075,46109.0
