date,Open,High,Low,Close,Volume
2025-04-08 14:00:00+00:00,9.23,9.285,9.155,9.16,765.0
2025-04-08 15:00:00+00:00,9.16,9.22,9.045,9.18,1367.0
2025-04-08 16:00:00+00:00,9.18,9.18,8.965,8.965,660.0
2025-04-08 17:00:00+00:00,8.965,8.98,8.78,8.95,984.0
2025-04-08 18:00:00+00:00,8.95,9.01,8.88,8.88,2535.0
2025-04-08 19:00:00+00:00,8.875,8.875,8.725,8.86,2964.0
2025-04-09 14:00:00+00:00,8.92,8.975,8.81,8.81,550.0
2025-04-09 15:00:00+00:00,8.81,8.89,8.765,8.79,145.0
2025-04-09 16:00:00+00:00,8.79,8.905,8.79,8.905,279.0
2025-04-09 17:00:00+00:00,8.905,9.565,8.905,9.565,2233.0
2025-04-09 18:00:00+00:00,9.565,9.63,9.36,9.425,850.0
2025-04-09 19:00:00+00:00,9.425,9.605,9.35,9.55,2519.0
2025-04-10 14:00:00+00:00,9.55,9.55,9.325,9.35,441.0
2025-04-10 15:00:00+00:00,9.35,9.35,9.13,9.14,221.0
2025-04-10 16:00:00+00:00,9.14,9.185,9.04,9.185,167.0
2025-04-10 17:00:00+00:00,9.185,9.195,8.995,9.15,155.0
2025-04-10 18:00:00+00:00,9.15,9.24,9.05,9.055,297.0
2025-04-10 19:00:00+00:00,9.055,9.26,9.055,9.235,2488.0
2025-04-11 14:00:00+00:00,9.235,9.235,9.13,9.13,108.0
2025-04-11 15:00:00+00:00,9.13,9.22,9.13,9.17,1191.0
2025-04-11 16:00:00+00:00,9.17,9.28,9.17,9.28,354.0
2025-04-11 17:00:00+00:00,9.28,9.36,9.245,9.35,203.0
2025-04-11 18:00:00+00:00,9.35,9.375,9.31,9.33,237.0
2025-04-11 19:00:00+00:00,9.33,9.4,9.33,9.33,955.0
2025-04-14 14:00:00+00:00,9.45,9.57,9.45,9.47,756.0
2025-04-14 15:00:00+00:00,9.45,9.455,9.3,9.3,1105.0
2025-04-14 16:00:00+00:00,9.27,9.315,9.27,9.305,107.0
2025-04-14 17:00:00+00:00,9.38,9.38,9.305,9.345,200.0
2025-04-14 18:00:00+00:00,9.37,9.39,9.345,9.385,178.0
2025-04-14 19:00:00+00:00,9.385,9.495,9.38,9.45,2366.0
2025-04-15 14:00:00+00:00,9.45,9.54,9.45,9.54,306.0
2025-04-15 15:00:00+00:00,9.54,9.54,9.475,9.475,992.0
2025-04-15 16:00:00+00:00,9.475,9.565,9.475,9.55,89.0
2025-04-15 17:00:00+00:00,9.55,9.575,9.52,9.54,156.0
2025-04-15 18:00:00+00:00,9.54,9.54,9.44,9.45,402.0
2025-04-15 19:00:00+00:00,9.48,9.49,9.37,9.37,1759.0
2025-04-16 14:00:00+00:00,9.3,9.375,9.3,9.3,162.0
2025-04-16 15:00:00+00:00,9.3,9.365,9.3,9.33,152.0
2025-04-16 16:00:00+00:00,9.33,9.33,9.275,9.275,127.0
2025-04-16 17:00:00+00:00,9.265,9.29,9.195,9.195,145.0
2025-04-16 18:00:00+00:00,9.205,9.21,9.17,9.19,146.0
2025-04-16 19:00:00+00:00,9.19,9.265,9.14,9.25,526.0
2025-04-17 14:00:00+00:00,9.29,9.29,9.17,9.195,25.0
2025-04-17 15:00:00+00:00,9.195,9.24,9.195,9.21,81.0
2025-04-17 16:00:00+00:00,9.24,9.34,9.23,9.32,500.0
2025-04-17 17:00:00+00:00,9.32,9.355,9.26,9.355,414.0
2025-04-17 18:00:00+00:00,9.355,9.365,9.31,9.315,999.0
2025-04-17 19:00:00+00:00,9.315,9.36,9.3,9.315,5742.0
2025-04-18 14:00:00+00:00,9.315,9.315,9.315,9.315,0.0
2025-04-18 15:00:00+00:00,9.315,9.315,9.315,9.315,0.0
2025-04-18 16:00:00+00:00,9.315,9.315,9.315,9.315,0.0
2025-04-18 17:00:00+00:00,9.315,9.315,9.315,9.315,0.0
2025-04-18 18:00:00+00:00,9.315,9.315,9.315,9.315,0.0
2025-04-18 19:00:00+00:00,9.315,9.315,9.315,9.315,0.0
2025-04-21 14:00:00+00:00,9.195,9.195,8.99,9.005,608.0
2025-04-21 15:00:00+00:00,9.0,9.02,8.97,8.97,138.0
2025-04-21 16:00:00+00:00,8.97,8.97,8.9,8.9,165.0
2025-04-21 17:00:00+00:00,8.875,8.885,8.86,8.87,783.0
2025-04-21 18:00:00+00:00,8.9,8.91,8.86,8.86,800.0
2025-04-21 19:00:00+00:00,8.88,8.98,8.88,8.93,2458.0
2025-04-22 14:00:00+00:00,9.055,9.06,8.89,8.91,369.0
2025-04-22 15:00:00+00:00,8.91,9.095,8.91,9.095,171.0
2025-04-22 16:00:00+00:00,9.095,9.16,9.095,9.105,983.0
2025-04-22 17:00:00+00:00,9.105,9.105,9.02,9.05,23.0
2025-04-22 18:00:00+00:00,9.05,9.1,9.05,9.1,337.0
2025-04-22 19:00:00+00:00,9.1,9.14,9.05,9.075,1600.0
2025-04-23 14:00:00+00:00,9.41,9.41,9.28,9.295,453.0
2025-04-23 15:00:00+00:00,9.245,9.33,9.2,9.23,416.0
2025-04-23 16:00:00+00:00,9.23,9.25,9.16,9.18,561.0
2025-04-23 17:00:00+00:00,9.18,9.24,9.17,9.2,390.0
2025-04-23 18:00:00+00:00,9.21,9.21,9.145,9.165,609.0
2025-04-23 19:00:00+00:00,9.165,9.23,9.12,9.2,4744.0
2025-04-24 14:00:00+00:00,9.2,9.2,9.2,9.2,0.0
2025-04-24 15:00:00+00:00,9.2,9.2,9.16,9.195,99.0
2025-04-24 16:00:00+00:00,9.195,9.25,9.195,9.245,30.0
2025-04-24 17:00:00+00:00,9.245,9.31,9.245,9.295,82.0
2025-04-24 18:00:00+00:00,9.295,9.3,9.23,9.245,282.0
2025-04-24 19:00:00+00:00,9.245,9.295,9.215,9.295,3816.0
2025-04-25 14:00:00+00:00,9.23,9.23,9.04,9.04,143.0
2025-04-25 15:00:00+00:00,9.04,9.08,9.04,9.08,104.0
2025-04-25 16:00:00+00:00,9.05,9.09,9.02,9.05,372.0
2025-04-25 17:00:00+00:00,9.05,9.06,8.99,8.99,408.0
2025-04-25 18:00:00+00:00,8.99,9.08,8.99,9.07,507.0
2025-04-25 19:00:00+00:00,9.07,9.19,9.07,9.17,2290.0
2025-04-28 14:00:00+00:00,9.175,9.29,9.17,9.25,63.0
2025-04-28 15:00:00+00:00,9.25,9.25,9.11,9.14,32.0
2025-04-28 16:00:00+00:00,9.14,9.14,9.07,9.09,408.0
2025-04-28 17:00:00+00:00,9.09,9.1,9.04,9.06,653.0
2025-04-28 18:00:00+00:00,9.06,9.19,9.06,9.17,208.0
2025-04-28 19:00:00+00:00,9.17,9.22,9.16,9.22,5002.0
2025-04-29 14:00:00+00:00,9.22,9.26,9.15,9.225,163.0
2025-04-29 15:00:00+00:00,9.225,9.27,9.22,9.265,231.0
2025-04-29 16:00:00+00:00,9.265,9.37,9.265,9.3,505.0
2025-04-29 17:00:00+00:00,9.3,9.375,9.3,9.375,98.0
2025-04-29 18:00:00+00:00,9.39,9.41,9.35,9.38,658.0
2025-04-29 19:00:00+00:00,9.38,9.38,9.29,9.32,819.0
2025-04-30 14:00:00+00:00,9.13,9.13,8.975,8.975,332.0
2025-04-30 15:00:00+00:00,8.975,9.0,8.94,8.96,453.0
2025-04-30 16:00:00+00:00,8.96,9.015,8.96,9.015,533.0
2025-04-30 17:00:00+00:00,9.015,9.05,8.98,9.03,360.0
2025-04-30 18:00:00+00:00,9.03,9.05,8.98,9.005,218.0
2025-04-30 19:00:00+00:00,9.005,9.15,8.99,9.11,919.0
2025-05-01 14:00:00+00:00,9.17,9.24,9.17,9.24,93.0
2025-05-01 15:00:00+00:00,9.24,9.27,9.105,9.18,347.0
2025-05-01 16:00:00+00:00,9.18,9.18,9.11,9.15,500.0
2025-05-01 17:00:00+00:00,9.15,9.2,9.095,9.1,766.0
2025-05-01 18:00:00+00:00,9.095,9.2,9.095,9.19,498.0
2025-05-01 19:00:00+00:00,9.19,9.235,9.17,9.17,1070.0
2025-05-02 14:00:00+00:00,9.225,9.32,9.225,9.3,101.0
2025-05-02 15:00:00+00:00,9.3,9.34,9.29,9.33,426.0
2025-05-02 16:00:00+00:00,9.31,9.43,9.31,9.415,586.0
2025-05-02 17:00:00+00:00,9.39,9.425,9.38,9.38,243.0
2025-05-02 18:00:00+00:00,9.38,9.43,9.37,9.4,329.0
2025-05-02 19:00:00+00:00,9.4,9.445,9.37,9.4,986.0
2025-05-05 14:00:00+00:00,9.4,9.4,9.335,9.35,525.0
2025-05-05 15:00:00+00:00,9.35,9.45,9.35,9.445,59.0
2025-05-05 16:00:00+00:00,9.455,9.51,9.455,9.49,52.0
2025-05-05 17:00:00+00:00,9.49,9.49,9.475,9.49,21.0
2025-05-05 18:00:00+00:00,9.49,9.5,9.46,9.475,426.0
2025-05-05 19:00:00+00:00,9.47,9.5,9.45,9.465,1562.0
2025-05-06 14:00:00+00:00,9.465,9.52,9.46,9.52,73.0
2025-05-06 15:00:00+00:00,9.52,9.6,9.505,9.545,356.0
2025-05-06 16:00:00+00:00,9.545,9.59,9.545,9.545,193.0
2025-05-06 17:00:00+00:00,9.545,9.6,9.5,9.52,43.0
2025-05-06 18:00:00+00:00,9.52,9.585,9.52,9.58,65.0
2025-05-06 19:00:00+00:00,9.58,9.62,9.57,9.575,533.0
2025-05-07 14:00:00+00:00,9.495,9.495,9.32,9.345,5140.0
2025-05-07 15:00:00+00:00,9.345,9.5,9.34,9.425,2289.0
2025-05-07 16:00:00+00:00,9.425,9.49,9.41,9.49,120.0
2025-05-07 17:00:00+00:00,9.49,9.49,9.43,9.455,177.0
2025-05-07 18:00:00+00:00,9.485,9.485,9.395,9.46,1151.0
2025-05-07 19:00:00+00:00,9.46,9.48,9.41,9.44,2442.0
2025-05-08 14:00:00+00:00,7.57,7.61,7.195,7.52,1911.0
2025-05-08 15:00:00+00:00,7.52,7.73,7.335,7.72,1016.0
2025-05-08 16:00:00+00:00,7.72,7.8,7.72,7.76,515.0
2025-05-08 17:00:00+00:00,7.76,7.76,7.6,7.6,6533.0
2025-05-08 18:00:00+00:00,7.6,7.68,7.565,7.65,3410.0
2025-05-08 19:00:00+00:00,7.65,7.845,7.63,7.84,3022.0
2025-05-09 14:00:00+00:00,7.78,7.81,7.715,7.715,1499.0
2025-05-09 15:00:00+00:00,7.735,7.75,7.66,7.74,2057.0
2025-05-09 16:00:00+00:00,7.74,7.785,7.615,7.625,2641.0
2025-05-09 17:00:00+00:00,7.625,7.725,7.625,7.715,1112.0
2025-05-09 18:00:00+00:00,7.72,7.745,7.71,7.745,492.0
2025-05-09 19:00:00+00:00,7.745,7.83,7.73,7.815,4416.0
2025-05-12 14:00:00+00:00,7.975,7.975,7.75,7.76,966.0
2025-05-12 15:00:00+00:00,7.76,7.76,7.66,7.695,399.0
2025-05-12 16:00:00+00:00,7.675,7.71,7.565,7.7,606.0
2025-05-12 17:00:00+00:00,7.71,7.73,7.69,7.73,220.0
2025-05-12 18:00:00+00:00,7.73,7.73,7.67,7.695,293.0
2025-05-12 19:00:00+00:00,7.695,7.735,7.62,7.705,2412.0
2025-05-13 14:00:00+00:00,7.74,7.875,7.74,7.86,230.0
2025-05-13 15:00:00+00:00,7.86,7.94,7.86,7.86,782.0
2025-05-13 16:00:00+00:00,7.85,7.945,7.85,7.945,749.0
2025-05-13 17:00:00+00:00,7.92,7.95,7.905,7.935,262.0
2025-05-13 18:00:00+00:00,7.935,8.01,7.92,8.01,670.0
2025-05-13 19:00:00+00:00,8.01,8.01,7.93,7.945,2667.0
2025-05-14 14:00:00+00:00,7.88,7.9,7.825,7.85,1252.0
2025-05-14 15:00:00+00:00,7.835,7.85,7.8,7.81,455.0
2025-05-14 16:00:00+00:00,7.815,7.86,7.81,7.825,406.0
2025-05-14 17:00:00+00:00,7.825,7.88,7.81,7.825,862.0
2025-05-14 18:00:00+00:00,7.81,7.84,7.81,7.81,368.0
2025-05-14 19:00:00+00:00,7.81,7.87,7.79,7.81,22275.0
2025-05-15 14:00:00+00:00,7.96,8.02,7.95,8.02,393.0
2025-05-15 15:00:00+00:00,8.02,8.08,8.02,8.04,192.0
2025-05-15 16:00:00+00:00,8.03,8.135,8.02,8.12,553.0
2025-05-15 17:00:00+00:00,8.125,8.145,8.07,8.09,244.0
2025-05-15 18:00:00+00:00,8.09,8.09,8.05,8.075,217.0
2025-05-15 19:00:00+00:00,8.075,8.11,8.05,8.06,2115.0
2025-05-16 14:00:00+00:00,8.01,8.01,7.96,7.98,640.0
2025-05-16 15:00:00+00:00,7.98,8.0,7.97,7.98,469.0
2025-05-16 16:00:00+00:00,7.985,8.04,7.98,8.03,908.0
2025-05-16 17:00:00+00:00,8.02,8.04,8.005,8.005,226.0
2025-05-16 18:00:00+00:00,8.005,8.05,8.005,8.04,863.0
2025-05-16 19:00:00+00:00,8.04,8.04,7.94,7.95,3084.0
2025-05-19 14:00:00+00:00,7.88,7.89,7.835,7.835,241.0
2025-05-19 15:00:00+00:00,7.835,7.885,7.82,7.87,532.0
2025-05-19 16:00:00+00:00,7.87,7.875,7.83,7.85,277.0
2025-05-19 17:00:00+00:00,7.84,7.92,7.835,7.9,1051.0
2025-05-19 18:00:00+00:00,7.9,7.97,7.9,7.94,2486.0
2025-05-19 19:00:00+00:00,7.94,7.99,7.895,7.905,5265.0
2025-05-20 14:00:00+00:00,7.885,8.0,7.885,8.0,280.0
2025-05-20 15:00:00+00:00,8.0,8.0,7.94,7.955,149.0
2025-05-20 16:00:00+00:00,7.97,7.97,7.915,7.94,517.0
2025-05-20 17:00:00+00:00,7.95,7.99,7.935,7.96,632.0
2025-05-20 18:00:00+00:00,7.96,7.985,7.935,7.95,600.0
2025-05-20 19:00:00+00:00,7.95,7.955,7.805,7.83,6856.0
2025-05-21 14:00:00+00:00,7.87,7.87,7.775,7.825,737.0
2025-05-21 15:00:00+00:00,7.825,7.83,7.77,7.77,357.0
2025-05-21 16:00:00+00:00,7.785,7.8,7.72,7.73,521.0
2025-05-21 17:00:00+00:00,7.71,7.74,7.635,7.66,811.0
2025-05-21 18:00:00+00:00,7.665,7.68,7.61,7.61,907.0
2025-05-21 19:00:00+00:00,7.62,7.635,7.51,7.535,14404.0
2025-05-22 14:00:00+00:00,7.46,7.51,7.42,7.51,1270.0
2025-05-22 15:00:00+00:00,7.51,7.535,7.48,7.5,211.0
2025-05-22 16:00:00+00:00,7.5,7.52,7.485,7.49,769.0
2025-05-22 17:00:00+00:00,7.49,7.49,7.475,7.48,442.0
2025-05-22 18:00:00+00:00,7.48,7.51,7.46,7.51,1236.0
2025-05-22 19:00:00+00:00,7.51,7.525,7.37,7.385,4244.0
2025-05-23 14:00:00+00:00,7.28,7.32,7.26,7.27,1143.0
2025-05-23 15:00:00+00:00,7.27,7.315,7.27,7.3,502.0
2025-05-23 16:00:00+00:00,7.3,7.325,7.28,7.305,990.0
2025-05-23 17:00:00+00:00,7.305,7.34,7.3,7.32,1100.0
2025-05-23 18:00:00+00:00,7.32,7.43,7.305,7.43,1017.0
2025-05-23 19:00:00+00:00,7.4,7.42,7.36,7.37,4548.0
2025-05-26 14:00:00+00:00,7.37,7.37,7.37,7.37,0.0
2025-05-26 15:00:00+00:00,7.37,7.37,7.37,7.37,0.0
2025-05-26 16:00:00+00:00,7.37,7.37,7.37,7.37,0.0
2025-05-26 17:00:00+00:00,7.37,7.37,7.37,7.37,0.0
2025-05-26 18:00:00+00:00,7.37,7.37,7.37,7.37,0.0
2025-05-26 19:00:00+00:00,7.37,7.37,7.37,7.37,0.0
2025-05-27 14:00:00+00:00,7.475,7.585,7.475,7.585,2325.0
2025-05-27 15:00:00+00:00,7.585,7.63,7.57,7.61,286.0
2025-05-27 16:00:00+00:00,7.61,7.635,7.585,7.635,791.0
2025-05-27 17:00:00+00:00,7.635,7.635,7.55,7.62,878.0
2025-05-27 18:00:00+00:00,7.62,7.62,7.55,7.56,1102.0
2025-05-27 19:00:00+00:00,7.55,7.59,7.55,7.575,3872.0
2025-05-28 14:00:00+00:00,7.53,7.575,7.425,7.425,838.0
2025-05-28 15:00:00+00:00,7.425,7.425,7.355,7.355,224.0
2025-05-28 16:00:00+00:00,7.355,7.405,7.35,7.395,266.0
2025-05-28 17:00:00+00:00,7.395,7.4,7.315,7.335,1670.0
2025-05-28 18:00:00+00:00,7.34,7.37,7.315,7.32,666.0
2025-05-28 19:00:00+00:00,7.32,7.33,7.27,7.285,1460.0
2025-05-29 14:00:00+00:00,7.29,7.29,7.25,7.285,562.0
2025-05-29 15:00:00+00:00,7.285,7.315,7.27,7.305,474.0
2025-05-29 16:00:00+00:00,7.275,7.355,7.27,7.34,1072.0
2025-05-29 17:00:00+00:00,7.34,7.37,7.34,7.37,878.0
2025-05-29 18:00:00+00:00,7.37,7.385,7.355,7.375,917.0
2025-05-29 19:00:00+00:00,7.375,7.4,7.35,7.395,2879.0
2025-05-30 14:00:00+00:00,7.38,7.475,7.38,7.475,576.0
2025-05-30 15:00:00+00:00,7.475,7.51,7.45,7.49,1319.0
2025-05-30 16:00:00+00:00,7.49,7.52,7.485,7.51,1178.0
2025-05-30 17:00:00+00:00,7.51,7.545,7.5,7.52,1092.0
2025-05-30 18:00:00+00:00,7.53,7.56,7.52,7.55,2179.0
2025-05-30 19:00:00+00:00,7.55,7.56,7.52,7.54,9726.0
2025-06-02 14:00:00+00:00,7.55,7.71,7.51,7.67,2012.0
2025-06-02 15:00:00+00:00,7.685,7.72,7.65,7.65,696.0
2025-06-02 16:00:00+00:00,7.65,7.65,7.6,7.625,892.0
2025-06-02 17:00:00+00:00,7.625,7.63,7.54,7.555,3531.0
2025-06-02 18:00:00+00:00,7.555,7.59,7.52,7.58,1346.0
2025-06-02 19:00:00+00:00,7.58,7.58,7.47,7.48,6179.0
2025-06-03 14:00:00+00:00,7.48,7.61,7.43,7.58,1425.0
2025-06-03 15:00:00+00:00,7.58,7.635,7.58,7.62,479.0
2025-06-03 16:00:00+00:00,7.62,7.65,7.61,7.62,1171.0
2025-06-03 17:00:00+00:00,7.62,7.625,7.58,7.585,710.0
2025-06-03 18:00:00+00:00,7.585,7.585,7.55,7.55,518.0
2025-06-03 19:00:00+00:00,7.55,7.565,7.51,7.535,2616.0
2025-06-04 14:00:00+00:00,7.6,7.77,7.58,7.71,2673.0
2025-06-04 15:00:00+00:00,7.73,7.76,7.62,7.62,2683.0
2025-06-04 16:00:00+00:00,7.625,7.66,7.58,7.64,1644.0
2025-06-04 17:00:00+00:00,7.64,7.645,7.625,7.625,335.0
2025-06-04 18:00:00+00:00,7.625,7.635,7.57,7.58,1386.0
2025-06-04 19:00:00+00:00,7.58,7.64,7.57,7.63,2028.0
2025-06-05 14:00:00+00:00,7.57,7.62,7.55,7.595,212.0
2025-06-05 15:00:00+00:00,7.595,7.685,7.595,7.685,338.0
2025-06-05 16:00:00+00:00,7.685,7.705,7.65,7.65,2657.0
2025-06-05 17:00:00+00:00,7.64,7.67,7.635,7.665,712.0
2025-06-05 18:00:00+00:00,7.665,7.735,7.635,7.73,2897.0
2025-06-05 19:00:00+00:00,7.73,7.75,7.68,7.705,2639.0
2025-06-06 14:00:00+00:00,7.765,7.795,7.765,7.78,144.0
2025-06-06 15:00:00+00:00,7.78,7.805,7.78,7.79,133.0
2025-06-06 16:00:00+00:00,7.8,7.805,7.76,7.76,651.0
2025-06-06 17:00:00+00:00,7.77,7.78,7.75,7.75,315.0
2025-06-06 18:00:00+00:00,7.75,7.75,7.72,7.72,977.0
2025-06-06 19:00:00+00:00,7.73,7.75,7.635,7.66,3696.0
2025-06-09 14:00:00+00:00,7.66,7.76,7.66,7.7,287.0
2025-06-09 15:00:00+00:00,7.7,7.75,7.7,7.74,620.0
2025-06-09 16:00:00+00:00,7.74,7.76,7.73,7.73,934.0
2025-06-09 17:00:00+00:00,7.73,7.75,7.73,7.73,941.0
2025-06-09 18:00:00+00:00,7.73,7.735,7.705,7.71,399.0
2025-06-09 19:00:00+00:00,7.71,7.71,7.68,7.685,1357.0
2025-06-10 14:00:00+00:00,7.72,7.755,7.71,7.71,928.0
2025-06-10 15:00:00+00:00,7.73,7.77,7.725,7.74,2742.0
2025-06-10 16:00:00+00:00,7.75,7.75,7.71,7.72,1655.0
2025-06-10 17:00:00+00:00,7.72,7.74,7.67,7.675,567.0
2025-06-10 18:00:00+00:00,7.675,7.71,7.665,7.7,218.0
2025-06-10 19:00:00+00:00,7.7,7.74,7.67,7.735,2148.0
2025-06-11 14:00:00+00:00,7.735,7.76,7.735,7.76,112.0
2025-06-11 15:00:00+00:00,7.75,7.775,7.735,7.76,528.0
2025-06-11 16:00:00+00:00,7.755,7.78,7.73,7.765,339.0
2025-06-11 17:00:00+00:00,7.765,7.785,7.75,7.76,510.0
2025-06-11 18:00:00+00:00,7.76,7.76,7.72,7.74,424.0
2025-06-11 19:00:00+00:00,7.74,7.785,7.72,7.75,3787.0
2025-06-12 14:00:00+00:00,7.725,7.84,7.725,7.84,167.0
2025-06-12 15:00:00+00:00,7.84,7.84,7.765,7.79,344.0
2025-06-12 16:00:00+00:00,7.78,7.795,7.76,7.76,521.0
2025-06-12 17:00:00+00:00,7.76,7.775,7.75,7.77,481.0
2025-06-12 18:00:00+00:00,7.77,7.78,7.735,7.78,250.0
2025-06-12 19:00:00+00:00,7.78,7.78,7.735,7.765,1378.0
2025-06-13 14:00:00+00:00,7.645,7.655,7.63,7.64,79.0
2025-06-13 15:00:00+00:00,7.64,7.705,7.64,7.675,1096.0
2025-06-13 16:00:00+00:00,7.675,7.77,7.675,7.755,1125.0
2025-06-13 17:00:00+00:00,7.755,7.79,7.72,7.72,544.0
2025-06-13 18:00:00+00:00,7.72,7.72,7.66,7.68,966.0
2025-06-13 19:00:00+00:00,7.68,7.695,7.65,7.65,3983.0
2025-06-16 14:00:00+00:00,7.68,7.77,7.68,7.755,129.0
2025-06-16 15:00:00+00:00,7.75,7.75,7.7,7.715,754.0
2025-06-16 16:00:00+00:00,7.715,7.77,7.715,7.77,356.0
2025-06-16 17:00:00+00:00,7.77,7.77,7.695,7.695,400.0
2025-06-16 18:00:00+00:00,7.695,7.7,7.665,7.665,906.0
2025-06-16 19:00:00+00:00,7.665,7.74,7.665,7.725,1345.0
2025-06-17 14:00:00+00:00,7.7,7.75,7.68,7.74,329.0
2025-06-17 15:00:00+00:00,7.74,7.77,7.735,7.75,598.0
2025-06-17 16:00:00+00:00,7.74,7.77,7.715,7.73,1092.0
2025-06-17 17:00:00+00:00,7.725,7.74,7.67,7.69,1367.0
2025-06-17 18:00:00+00:00,7.69,7.7,7.64,7.685,939.0
2025-06-17 19:00:00+00:00,7.685,7.7,7.635,7.645,3001.0
2025-06-18 14:00:00+00:00,7.61,7.65,7.605,7.605,133.0
2025-06-18 15:00:00+00:00,7.63,7.64,7.61,7.62,494.0
2025-06-18 16:00:00+00:00,7.615,7.645,7.615,7.625,1714.0
2025-06-18 17:00:00+00:00,7.625,7.63,7.595,7.62,794.0
2025-06-18 18:00:00+00:00,7.64,7.645,7.535,7.535,1934.0
2025-06-18 19:00:00+00:00,7.535,7.57,7.495,7.57,11817.0
2025-06-19 14:00:00+00:00,7.57,7.57,7.57,7.57,0.0
2025-06-19 15:00:00+00:00,7.57,7.57,7.57,7.57,0.0
2025-06-19 16:00:00+00:00,7.57,7.57,7.57,7.57,0.0
2025-06-19 17:00:00+00:00,7.57,7.57,7.57,7.57,0.0
2025-06-19 18:00:00+00:00,7.57,7.57,7.57,7.57,0.0
2025-06-19 19:00:00+00:00,7.57,7.57,7.57,7.57,0.0
2025-06-20 14:00:00+00:00,7.63,7.63,7.53,7.53,100.0
2025-06-20 15:00:00+00:00,7.53,7.54,7.495,7.495,214.0
2025-06-20 16:00:00+00:00,7.49,7.565,7.47,7.55,365.0
2025-06-20 17:00:00+00:00,7.525,7.525,7.5,7.51,371.0
2025-06-20 18:00:00+00:00,7.51,7.54,7.505,7.52,687.0
2025-06-20 19:00:00+00:00,7.52,7.565,7.52,7.55,1582.0
2025-06-23 14:00:00+00:00,7.515,7.57,7.51,7.515,910.0
2025-06-23 15:00:00+00:00,7.5,7.57,7.5,7.53,714.0
2025-06-23 16:00:00+00:00,7.53,7.565,7.51,7.56,854.0
2025-06-23 17:00:00+00:00,7.56,7.63,7.54,7.61,423.0
2025-06-23 18:00:00+00:00,7.61,7.68,7.61,7.67,811.0
2025-06-23 19:00:00+00:00,7.665,7.69,7.64,7.675,1186.0
2025-06-24 14:00:00+00:00,7.72,7.88,7.72,7.86,608.0
2025-06-24 15:00:00+00:00,7.86,7.87,7.81,7.815,569.0
2025-06-24 16:00:00+00:00,7.815,7.835,7.815,7.815,846.0
2025-06-24 17:00:00+00:00,7.815,7.815,7.78,7.81,749.0
2025-06-24 18:00:00+00:00,7.81,7.895,7.81,7.88,1251.0
2025-06-24 19:00:00+00:00,7.88,7.945,7.88,7.93,3137.0
2025-06-25 14:00:00+00:00,7.815,7.855,7.815,7.855,397.0
2025-06-25 15:00:00+00:00,7.87,7.87,7.84,7.84,3322.0
2025-06-25 16:00:00+00:00,7.84,7.87,7.84,7.85,783.0
2025-06-25 17:00:00+00:00,7.85,7.85,7.81,7.83,1755.0
2025-06-25 18:00:00+00:00,7.825,7.86,7.775,7.8,853.0
2025-06-25 19:00:00+00:00,7.8,7.86,7.79,7.84,2651.0
2025-06-26 14:00:00+00:00,7.84,7.86,7.815,7.86,470.0
2025-06-26 15:00:00+00:00,7.86,7.87,7.82,7.83,579.0
2025-06-26 16:00:00+00:00,7.83,7.85,7.825,7.83,667.0
2025-06-26 17:00:00+00:00,7.83,7.89,7.83,7.87,559.0
2025-06-26 18:00:00+00:00,7.87,7.89,7.855,7.88,628.0
2025-06-26 19:00:00+00:00,7.88,7.99,7.88,7.985,1325.0
2025-06-27 14:00:00+00:00,7.995,8.015,7.94,7.94,292.0
2025-06-27 15:00:00+00:00,7.94,7.965,7.91,7.94,625.0
2025-06-27 16:00:00+00:00,7.95,7.97,7.92,7.945,610.0
2025-06-27 17:00:00+00:00,7.945,7.98,7.905,7.905,735.0
2025-06-27 18:00:00+00:00,7.905,7.91,7.86,7.865,756.0
2025-06-27 19:00:00+00:00,7.865,7.87,7.81,7.86,2679.0
2025-06-30 14:00:00+00:00,7.845,7.97,7.845,7.97,754.0
2025-06-30 15:00:00+00:00,7.97,8.0,7.95,7.98,762.0
2025-06-30 16:00:00+00:00,7.97,7.99,7.94,7.965,1303.0
2025-06-30 17:00:00+00:00,7.965,8.02,7.95,7.975,647.0
2025-06-30 18:00:00+00:00,7.975,8.03,7.975,8.03,1363.0
2025-06-30 19:00:00+00:00,8.03,8.05,7.87,7.99,5338.0
2025-07-01 14:00:00+00:00,7.965,7.965,7.94,7.95,345.0
2025-07-01 15:00:00+00:00,7.95,8.03,7.94,8.03,92.0
2025-07-01 16:00:00+00:00,8.03,8.095,8.03,8.085,159.0
2025-07-01 17:00:00+00:00,8.085,8.085,8.01,8.07,161.0
2025-07-01 18:00:00+00:00,8.07,8.085,8.06,8.085,48.0
2025-07-01 19:00:00+00:00,8.085,8.085,8.02,8.03,1186.0
2025-07-02 14:00:00+00:00,8.03,8.03,7.9,7.98,408.0
2025-07-02 15:00:00+00:00,7.98,8.03,7.98,8.03,273.0
2025-07-02 16:00:00+00:00,8.03,8.03,7.98,8.0,397.0
2025-07-02 17:00:00+00:00,8.0,8.0,7.975,8.0,381.0
2025-07-02 18:00:00+00:00,8.0,8.03,7.99,7.99,87.0
2025-07-02 19:00:00+00:00,7.985,8.015,7.97,8.01,696.0
2025-07-03 14:00:00+00:00,8.01,8.14,8.01,8.14,112.0
2025-07-03 15:00:00+00:00,8.12,8.19,8.115,8.18,689.0
2025-07-03 16:00:00+00:00,8.18,8.18,8.09,8.15,1323.0
2025-07-03 17:00:00+00:00,8.15,8.15,8.15,8.15,0.0
2025-07-03 18:00:00+00:00,8.15,8.15,8.15,8.15,0.0
2025-07-03 19:00:00+00:00,8.15,8.15,8.15,8.15,0.0
2025-07-04 14:00:00+00:00,8.15,8.15,8.15,8.15,0.0
2025-07-04 15:00:00+00:00,8.15,8.15,8.15,8.15,0.0
2025-07-04 16:00:00+00:00,8.15,8.15,8.15,8.15,0.0
2025-07-04 17:00:00+00:00,8.15,8.15,8.15,8.15,0.0
2025-07-04 18:00:00+00:00,8.15,8.15,8.15,8.15,0.0
2025-07-04 19:00:00+00:00,8.15,8.15,8.15,8.15,0.0
2025-07-07 14:00:00+00:00,8.14,8.23,8.14,8.16,275.0
2025-07-07 15:00:00+00:00,8.16,8.16,8.08,8.09,422.0
2025-07-07 16:00:00+00:00,8.09,8.12,8.045,8.045,500.0
2025-07-07 17:00:00+00:00,8.045,8.085,8.045,8.045,344.0
2025-07-07 18:00:00+00:00,8.05,8.07,8.0,8.07,424.0
2025-07-07 19:00:00+00:00,8.07,8.08,8.02,8.06,768.0
2025-07-08 14:00:00+00:00,8.05,8.05,7.995,8.03,495.0
2025-07-08 15:00:00+00:00,8.03,8.1,8.03,8.08,438.0
2025-07-08 16:00:00+00:00,8.07,8.1,8.03,8.07,124.0
2025-07-08 17:00:00+00:00,8.07,8.08,8.035,8.08,51.0
2025-07-08 18:00:00+00:00,8.075,8.08,8.02,8.02,1030.0
2025-07-08 19:00:00+00:00,8.02,8.05,7.98,8.005,4004.0
2025-07-09 14:00:00+00:00,8.005,8.095,8.005,8.045,234.0
2025-07-09 15:00:00+00:00,8.045,8.09,8.04,8.09,168.0
2025-07-09 16:00:00+00:00,8.09,8.13,8.09,8.13,304.0
2025-07-09 17:00:00+00:00,8.13,8.15,8.13,8.145,260.0
2025-07-09 18:00:00+00:00,8.145,8.16,8.11,8.13,780.0
2025-07-09 19:00:00+00:00,8.13,8.22,8.13,8.2,1249.0
2025-07-10 14:00:00+00:00,8.19,8.33,8.19,8.295,808.0
2025-07-10 15:00:00+00:00,8.32,8.35,8.28,8.285,154.0
2025-07-10 16:00:00+00:00,8.285,8.3,8.275,8.295,137.0
2025-07-10 17:00:00+00:00,8.28,8.305,8.27,8.27,856.0
2025-07-10 18:00:00+00:00,8.295,8.3,8.26,8.26,1127.0
2025-07-10 19:00:00+00:00,8.26,8.33,8.255,8.255,2866.0
2025-07-11 14:00:00+00:00,8.15,8.21,8.11,8.14,384.0
2025-07-11 15:00:00+00:00,8.14,8.16,8.12,8.14,482.0
2025-07-11 16:00:00+00:00,8.14,8.15,8.075,8.08,716.0
2025-07-11 17:00:00+00:00,8.08,8.1,8.05,8.065,142.0
2025-07-11 18:00:00+00:00,8.065,8.09,8.04,8.085,301.0
2025-07-11 19:00:00+00:00,8.085,8.14,8.055,8.12,1525.0
2025-07-14 14:00:00+00:00,8.04,8.075,8.01,8.01,551.0
2025-07-14 15:00:00+00:00,8.01,8.05,8.0,8.04,732.0
2025-07-14 16:00:00+00:00,8.04,8.085,8.01,8.08,3501.0
2025-07-14 17:00:00+00:00,8.08,8.08,7.99,8.035,990.0
2025-07-14 18:00:00+00:00,8.035,8.07,8.025,8.04,1066.0
2025-07-14 19:00:00+00:00,8.04,8.08,8.03,8.075,6563.0
2025-07-15 14:00:00+00:00,8.015,8.05,7.95,7.98,1244.0
2025-07-15 15:00:00+00:00,7.98,8.01,7.96,7.97,1478.0
2025-07-15 16:00:00+00:00,7.97,7.98,7.93,7.935,495.0
2025-07-15 17:00:00+00:00,7.935,7.945,7.92,7.93,1651.0
2025-07-15 18:00:00+00:00,7.92,7.99,7.92,7.95,1431.0
2025-07-15 19:00:00+00:00,7.95,7.955,7.845,7.845,2513.0
2025-07-16 14:00:00+00:00,7.785,7.835,7.785,7.835,425.0
2025-07-16 15:00:00+00:00,7.835,7.89,7.81,7.87,596.0
2025-07-16 16:00:00+00:00,7.895,7.895,7.86,7.89,710.0
2025-07-16 17:00:00+00:00,7.89,7.9,7.87,7.885,295.0
2025-07-16 18:00:00+00:00,7.885,7.93,7.88,7.925,1415.0
2025-07-16 19:00:00+00:00,7.925,8.01,7.91,8.005,4780.0
2025-07-17 14:00:00+00:00,8.03,8.05,7.99,8.015,1169.0
2025-07-17 15:00:00+00:00,8.015,8.02,7.98,7.985,346.0
2025-07-17 16:00:00+00:00,7.985,7.99,7.92,7.93,197.0
2025-07-17 17:00:00+00:00,7.93,7.94,7.91,7.93,544.0
2025-07-17 18:00:00+00:00,7.93,7.98,7.93,7.98,336.0
2025-07-17 19:00:00+00:00,7.98,8.01,7.95,7.99,1826.0
2025-07-18 14:00:00+00:00,7.99,7.99,7.885,7.9,348.0
2025-07-18 15:00:00+00:00,7.9,7.93,7.87,7.875,761.0
2025-07-18 16:00:00+00:00,7.875,7.9,7.83,7.865,738.0
2025-07-18 17:00:00+00:00,7.865,7.905,7.85,7.875,167.0
2025-07-18 18:00:00+00:00,7.875,7.875,7.81,7.87,300.0
2025-07-18 19:00:00+00:00,7.87,7.95,7.84,7.935,2608.0
2025-07-21 14:00:00+00:00,7.99,7.99,7.94,7.94,12.0
2025-07-21 15:00:00+00:00,7.94,7.96,7.905,7.905,515.0
2025-07-21 16:00:00+00:00,7.905,8.09,7.89,8.02,2951.0
2025-07-21 17:00:00+00:00,8.03,8.03,7.99,8.0,578.0
2025-07-21 18:00:00+00:00,8.0,8.02,7.99,8.01,689.0
2025-07-21 19:00:00+00:00,8.01,8.08,7.99,8.04,2467.0
2025-07-22 14:00:00+00:00,8.04,8.18,8.04,8.18,364.0
2025-07-22 15:00:00+00:00,8.18,8.195,8.16,8.19,1172.0
2025-07-22 16:00:00+00:00,8.19,8.245,8.19,8.24,744.0
2025-07-22 17:00:00+00:00,8.24,8.255,8.235,8.255,286.0
2025-07-22 18:00:00+00:00,8.255,8.28,8.245,8.25,317.0
2025-07-22 19:00:00+00:00,8.25,8.26,8.18,8.18,1531.0
2025-07-23 14:00:00+00:00,8.16,8.24,8.16,8.21,667.0
2025-07-23 15:00:00+00:00,8.22,8.23,8.165,8.2,785.0
2025-07-23 16:00:00+00:00,8.19,8.28,8.18,8.27,1142.0
2025-07-23 17:00:00+00:00,8.27,8.29,8.25,8.275,281.0
2025-07-23 18:00:00+00:00,8.275,8.3,8.26,8.3,420.0
2025-07-23 19:00:00+00:00,8.3,8.33,8.27,8.32,1203.0
2025-07-24 14:00:00+00:00,8.32,8.32,8.23,8.315,78.0
2025-07-24 15:00:00+00:00,8.315,8.335,8.29,8.32,43.0
2025-07-24 16:00:00+00:00,8.32,8.34,8.29,8.315,182.0
2025-07-24 17:00:00+00:00,8.315,8.33,8.3,8.31,259.0
2025-07-24 18:00:00+00:00,8.31,8.32,8.285,8.29,335.0
2025-07-24 19:00:00+00:00,8.29,8.3,8.245,8.245,6680.0
2025-07-25 14:00:00+00:00,8.33,8.33,8.18,8.185,74.0
2025-07-25 15:00:00+00:00,8.185,8.2,8.145,8.16,246.0
2025-07-25 16:00:00+00:00,8.16,8.21,8.16,8.205,84.0
2025-07-25 17:00:00+00:00,8.205,8.23,8.19,8.22,204.0
2025-07-25 18:00:00+00:00,8.22,8.25,8.22,8.235,57.0
2025-07-25 19:00:00+00:00,8.235,8.24,8.215,8.22,1255.0
2025-07-28 14:00:00+00:00,8.22,8.22,8.13,8.15,41.0
2025-07-28 15:00:00+00:00,8.15,8.25,8.15,8.25,271.0
2025-07-28 16:00:00+00:00,8.25,8.3,8.25,8.29,30.0
2025-07-28 17:00:00+00:00,8.29,8.3,8.27,8.275,198.0
2025-07-28 18:00:00+00:00,8.275,8.28,8.24,8.28,159.0
2025-07-28 19:00:00+00:00,8.28,8.28,8.245,8.26,419.0
2025-07-29 14:00:00+00:00,8.26,8.28,8.19,8.195,128.0
2025-07-29 15:00:00+00:00,8.195,8.195,8.08,8.11,323.0
2025-07-29 16:00:00+00:00,8.09,8.11,8.06,8.06,260.0
2025-07-29 17:00:00+00:00,8.06,8.09,7.985,7.995,176.0
2025-07-29 18:00:00+00:00,7.995,8.07,7.975,8.07,801.0
2025-07-29 19:00:00+00:00,8.08,8.105,8.07,8.105,813.0
2025-07-30 14:00:00+00:00,8.105,8.17,8.105,8.11,269.0
2025-07-30 15:00:00+00:00,8.11,8.11,8.055,8.055,378.0
2025-07-30 16:00:00+00:00,8.07,8.09,8.065,8.075,173.0
2025-07-30 17:00:00+00:00,8.075,8.105,8.07,8.075,567.0
2025-07-30 18:00:00+00:00,8.075,8.075,7.99,7.99,166.0
2025-07-30 19:00:00+00:00,7.99,7.99,7.86,7.955,1389.0
2025-07-31 14:00:00+00:00,7.87,7.87,7.845,7.845,86.0
2025-07-31 15:00:00+00:00,7.845,7.86,7.835,7.86,69.0
2025-07-31 16:00:00+00:00,7.86,7.88,7.86,7.865,118.0
2025-07-31 17:00:00+00:00,7.865,7.88,7.82,7.84,50.0
2025-07-31 18:00:00+00:00,7.845,7.905,7.845,7.895,476.0
2025-07-31 19:00:00+00:00,7.895,7.955,7.89,7.915,688.0
2025-08-01 14:00:00+00:00,7.915,7.915,7.765,7.77,66.0
2025-08-01 15:00:00+00:00,7.77,7.85,7.745,7.85,413.0
2025-08-01 16:00:00+00:00,7.85,7.87,7.85,7.85,384.0
2025-08-01 17:00:00+00:00,7.85,7.87,7.84,7.87,316.0
2025-08-01 18:00:00+00:00,7.87,7.88,7.85,7.86,221.0
2025-08-01 19:00:00+00:00,7.86,7.86,7.81,7.83,760.0
2025-08-04 14:00:00+00:00,7.865,7.95,7.865,7.91,40.0
2025-08-04 15:00:00+00:00,7.91,7.97,7.91,7.92,82.0
2025-08-04 16:00:00+00:00,7.92,7.97,7.92,7.965,211.0
2025-08-04 17:00:00+00:00,7.965,7.965,7.92,7.92,467.0
2025-08-04 18:00:00+00:00,7.92,7.93,7.9,7.92,277.0
2025-08-04 19:00:00+00:00,7.92,8.0,7.92,7.975,474.0
2025-08-05 14:00:00+00:00,7.975,7.975,7.85,7.865,141.0
2025-08-05 15:00:00+00:00,7.865,7.89,7.865,7.875,56.0
2025-08-05 16:00:00+00:00,7.875,7.91,7.875,7.905,101.0
2025-08-05 17:00:00+00:00,7.905,7.925,7.905,7.91,311.0
2025-08-05 18:00:00+00:00,7.92,7.92,7.875,7.88,283.0
2025-08-05 19:00:00+00:00,7.88,7.925,7.88,7.91,567.0
2025-08-06 14:00:00+00:00,7.85,7.9,7.805,7.9,163.0
2025-08-06 15:00:00+00:00,7.9,7.925,7.875,7.91,174.0
2025-08-06 16:00:00+00:00,7.91,7.91,7.875,7.89,288.0
2025-08-06 17:00:00+00:00,7.89,7.89,7.87,7.875,119.0
2025-08-06 18:00:00+00:00,7.875,7.97,7.875,7.96,390.0
2025-08-06 19:00:00+00:00,7.96,8.02,7.96,7.99,819.0
2025-08-07 14:00:00+00:00,8.7,8.76,8.49,8.55,784.0
2025-08-07 15:00:00+00:00,8.57,8.6,8.52,8.55,506.0
2025-08-07 16:00:00+00:00,8.55,8.65,8.54,8.595,780.0
2025-08-07 17:00:00+00:00,8.595,8.755,8.54,8.755,445.0
2025-08-07 18:00:00+00:00,8.755,8.93,8.57,8.87,1029.0
2025-08-07 19:00:00+00:00,8.87,8.885,8.76,8.81,7613.0
2025-08-08 14:00:00+00:00,8.835,8.88,8.73,8.73,603.0
2025-08-08 15:00:00+00:00,8.73,8.74,8.6,8.62,264.0
2025-08-08 16:00:00+00:00,8.62,8.74,8.62,8.72,1389.0
2025-08-08 17:00:00+00:00,8.72,8.74,8.695,8.7,613.0
2025-08-08 18:00:00+00:00,8.7,8.78,8.7,8.78,598.0
2025-08-08 19:00:00+00:00,8.78,8.78,8.715,8.735,2027.0
2025-08-11 14:00:00+00:00,8.81,8.885,8.76,8.85,1968.0
2025-08-11 15:00:00+00:00,8.85,8.925,8.805,8.91,1395.0
2025-08-11 16:00:00+00:00,8.925,8.94,8.88,8.88,1690.0
2025-08-11 17:00:00+00:00,8.88,8.99,8.86,8.95,707.0
2025-08-11 18:00:00+00:00,8.95,9.01,8.95,8.99,1528.0
2025-08-11 19:00:00+00:00,8.99,9.08,8.99,9.035,3173.0
2025-08-12 14:00:00+00:00,9.07,9.22,8.985,9.11,540.0
2025-08-12 15:00:00+00:00,9.11,9.15,9.04,9.135,926.0
2025-08-12 16:00:00+00:00,9.135,9.215,9.135,9.18,606.0
2025-08-12 17:00:00+00:00,9.18,9.21,9.14,9.18,336.0
2025-08-12 18:00:00+00:00,9.18,9.195,9.095,9.1,382.0
2025-08-12 19:00:00+00:00,9.1,9.265,9.1,9.16,5781.0
2025-08-13 14:00:00+00:00,9.1,9.265,9.1,9.25,903.0
2025-08-13 15:00:00+00:00,9.25,9.27,9.12,9.12,19801.0
2025-08-13 16:00:00+00:00,9.12,9.135,9.08,9.11,1453.0
2025-08-13 17:00:00+00:00,9.11,9.2,9.085,9.18,2359.0
2025-08-13 18:00:00+00:00,9.185,9.225,9.1,9.19,3581.0
2025-08-13 19:00:00+00:00,9.19,9.26,9.14,9.165,6288.0
2025-08-14 14:00:00+00:00,9.135,9.23,9.04,9.06,158.0
2025-08-14 15:00:00+00:00,9.08,9.08,8.995,9.025,3765.0
2025-08-14 16:00:00+00:00,9.025,9.05,9.005,9.05,668.0
2025-08-14 17:00:00+00:00,9.05,9.11,9.05,9.11,135.0
2025-08-14 18:00:00+00:00,9.11,9.11,9.035,9.07,929.0
2025-08-14 19:00:00+00:00,9.07,9.105,9.02,9.03,1062.0
2025-08-15 14:00:00+00:00,9.04,9.085,8.965,9.085,963.0
2025-08-15 15:00:00+00:00,9.08,9.11,8.99,9.06,738.0
2025-08-15 16:00:00+00:00,9.08,9.13,9.08,9.1,476.0
2025-08-15 17:00:00+00:00,9.1,9.12,9.08,9.12,375.0
2025-08-15 18:00:00+00:00,9.12,9.12,9.07,9.08,511.0
2025-08-15 19:00:00+00:00,9.08,9.09,9.06,9.075,2111.0
2025-08-18 14:00:00+00:00,9.14,9.245,9.14,9.245,1860.0
2025-08-18 15:00:00+00:00,9.245,9.245,9.08,9.11,842.0
2025-08-18 16:00:00+00:00,9.11,9.17,9.11,9.145,1253.0
2025-08-18 17:00:00+00:00,9.145,9.2,9.14,9.18,620.0
2025-08-18 18:00:00+00:00,9.18,9.19,9.09,9.11,5516.0
2025-08-18 19:00:00+00:00,9.11,9.15,9.08,9.14,3573.0
2025-08-19 14:00:00+00:00,9.16,9.31,9.16,9.235,657.0
2025-08-19 15:00:00+00:00,9.235,9.235,9.0,9.0,326.0
2025-08-19 16:00:00+00:00,9.06,9.18,9.06,9.14,653.0
2025-08-19 17:00:00+00:00,9.14,9.16,9.13,9.145,569.0
2025-08-19 18:00:00+00:00,9.145,9.16,9.09,9.09,765.0
2025-08-19 19:00:00+00:00,9.09,9.11,9.045,9.08,1624.0
2025-08-20 14:00:00+00:00,9.14,9.14,8.96,9.0,1250.0
2025-08-20 15:00:00+00:00,8.995,9.115,8.995,9.08,800.0
2025-08-20 16:00:00+00:00,9.08,9.11,9.05,9.06,148.0
2025-08-20 17:00:00+00:00,9.06,9.09,9.06,9.07,72.0
2025-08-20 18:00:00+00:00,9.07,9.16,9.07,9.155,676.0
2025-08-20 19:00:00+00:00,9.155,9.2,9.155,9.175,1969.0
2025-08-21 14:00:00+00:00,9.1,9.175,9.1,9.16,21.0
2025-08-21 15:00:00+00:00,9.165,9.18,9.135,9.145,140.0
2025-08-21 16:00:00+00:00,9.145,9.16,9.11,9.155,305.0
2025-08-21 17:00:00+00:00,9.155,9.245,9.15,9.22,658.0
2025-08-21 18:00:00+00:00,9.22,9.25,9.2,9.235,272.0
2025-08-21 19:00:00+00:00,9.235,9.25,9.19,9.25,1880.0
2025-08-22 14:00:00+00:00,9.36,9.645,9.36,9.635,3119.0
2025-08-22 15:00:00+00:00,9.635,9.835,9.635,9.825,2273.0
2025-08-22 16:00:00+00:00,9.82,9.92,9.82,9.92,445.0
2025-08-22 17:00:00+00:00,9.92,9.94,9.75,9.75,9154.0
2025-08-22 18:00:00+00:00,9.75,9.76,9.565,9.6,630.0
2025-08-22 19:00:00+00:00,9.6,9.655,9.54,9.64,2419.0
2025-08-25 14:00:00+00:00,9.51,9.545,9.485,9.52,102.0
2025-08-25 15:00:00+00:00,9.52,9.6,9.47,9.6,457.0
2025-08-25 16:00:00+00:00,9.6,9.6,9.56,9.575,45.0
2025-08-25 17:00:00+00:00,9.61,9.61,9.54,9.54,635.0
2025-08-25 18:00:00+00:00,9.54,9.575,9.53,9.575,1283.0
2025-08-25 19:00:00+00:00,9.57,9.57,9.43,9.435,4154.0
2025-08-26 14:00:00+00:00,9.495,9.495,9.45,9.45,104.0
2025-08-26 15:00:00+00:00,9.45,9.5,9.43,9.485,528.0
2025-08-26 16:00:00+00:00,9.485,9.5,9.485,9.5,103.0
2025-08-26 17:00:00+00:00,9.495,9.525,9.49,9.5,15.0
2025-08-26 18:00:00+00:00,9.5,9.51,9.49,9.5,122.0
2025-08-26 19:00:00+00:00,9.5,9.555,9.465,9.545,1919.0
2025-08-27 14:00:00+00:00,9.54,9.69,9.54,9.66,325.0
2025-08-27 15:00:00+00:00,9.66,9.69,9.625,9.67,717.0
2025-08-27 16:00:00+00:00,9.69,9.735,9.68,9.735,1446.0
2025-08-27 17:00:00+00:00,9.725,9.77,9.72,9.72,1620.0
2025-08-27 18:00:00+00:00,9.75,9.75,9.66,9.73,548.0
2025-08-27 19:00:00+00:00,9.73,9.75,9.64,9.67,2178.0
2025-08-28 14:00:00+00:00,9.57,9.58,9.52,9.56,369.0
2025-08-28 15:00:00+00:00,9.56,9.64,9.56,9.64,284.0
2025-08-28 16:00:00+00:00,9.64,9.64,9.55,9.56,455.0
2025-08-28 17:00:00+00:00,9.56,9.575,9.53,9.535,661.0
2025-08-28 18:00:00+00:00,9.535,9.56,9.485,9.505,390.0
2025-08-28 19:00:00+00:00,9.52,9.56,9.465,9.56,893.0
2025-08-29 14:00:00+00:00,9.505,9.51,9.485,9.51,507.0
2025-08-29 15:00:00+00:00,9.52,9.54,9.51,9.535,406.0
2025-08-29 16:00:00+00:00,9.56,9.58,9.55,9.56,849.0
2025-08-29 17:00:00+00:00,9.52,9.6,9.52,9.6,987.0
2025-08-29 18:00:00+00:00,9.6,9.6,9.54,9.54,1443.0
2025-08-29 19:00:00+00:00,9.54,9.55,9.485,9.545,1260.0
2025-09-01 14:00:00+00:00,9.545,9.545,9.545,9.545,0.0
2025-09-01 15:00:00+00:00,9.545,9.545,9.545,9.545,0.0
2025-09-01 16:00:00+00:00,9.545,9.545,9.545,9.545,0.0
2025-09-01 17:00:00+00:00,9.545,9.545,9.545,9.545,0.0
2025-09-01 18:00:00+00:00,9.545,9.545,9.545,9.545,0.0
2025-09-01 19:00:00+00:00,9.545,9.545,9.545,9.545,0.0
2025-09-02 14:00:00+00:00,9.545,9.545,9.51,9.53,24.0
2025-09-02 15:00:00+00:00,9.53,9.56,9.495,9.53,386.0
2025-09-02 16:00:00+00:00,9.53,9.605,9.53,9.56,567.0
2025-09-02 17:00:00+00:00,9.56,9.61,9.56,9.605,218.0
2025-09-02 18:00:00+00:00,9.605,9.65,9.605,9.65,1207.0
2025-09-02 19:00:00+00:00,9.635,9.65,9.55,9.585,1420.0
2025-09-03 14:00:00+00:00,9.585,9.585,9.48,9.52,316.0
2025-09-03 15:00:00+00:00,9.52,9.57,9.48,9.57,263.0
2025-09-03 16:00:00+00:00,9.57,9.57,9.515,9.515,334.0
2025-09-03 17:00:00+00:00,9.515,9.54,9.51,9.525,90.0
2025-09-03 18:00:00+00:00,9.525,9.535,9.49,9.5,437.0
2025-09-03 19:00:00+00:00,9.51,9.51,9.42,9.45,1970.0
2025-09-04 14:00:00+00:00,9.485,9.6,9.43,9.575,3044.0
2025-09-04 15:00:00+00:00,9.575,9.69,9.56,9.66,2722.0
2025-09-04 16:00:00+00:00,9.655,9.67,9.585,9.64,475.0
2025-09-04 17:00:00+00:00,9.64,9.68,9.61,9.68,438.0
2025-09-04 18:00:00+00:00,9.68,9.705,9.64,9.64,897.0
2025-09-04 19:00:00+00:00,9.64,9.79,9.61,9.775,816.0
2025-09-05 14:00:00+00:00,9.73,9.73,9.635,9.69,913.0
2025-09-05 15:00:00+00:00,9.69,9.73,9.61,9.61,709.0
2025-09-05 16:00:00+00:00,9.65,9.75,9.65,9.65,555.0
2025-09-05 17:00:00+00:00,9.65,9.75,9.65,9.7,502.0
2025-09-05 18:00:00+00:00,9.7,9.71,9.675,9.7,244.0
2025-09-05 19:00:00+00:00,9.7,9.78,9.685,9.73,1260.0
2025-09-08 14:00:00+00:00,9.715,9.74,9.665,9.74,652.0
2025-09-08 15:00:00+00:00,9.79,9.81,9.76,9.77,1837.0
2025-09-08 16:00:00+00:00,9.77,9.78,9.75,9.765,1191.0
2025-09-08 17:00:00+00:00,9.765,9.79,9.72,9.72,408.0
2025-09-08 18:00:00+00:00,9.74,9.77,9.69,9.75,844.0
2025-09-08 19:00:00+00:00,9.75,9.77,9.7,9.71,1671.0
2025-09-09 14:00:00+00:00,9.71,9.71,9.52,9.53,352.0
2025-09-09 15:00:00+00:00,9.53,9.57,9.52,9.57,889.0
2025-09-09 16:00:00+00:00,9.57,9.585,9.51,9.515,618.0
2025-09-09 17:00:00+00:00,9.49,9.52,9.46,9.52,56.0
2025-09-09 18:00:00+00:00,9.52,9.54,9.5,9.525,380.0
2025-09-09 19:00:00+00:00,9.525,9.55,9.51,9.52,867.0
2025-09-10 14:00:00+00:00,9.52,9.555,9.485,9.485,165.0
2025-09-10 15:00:00+00:00,9.485,9.52,9.45,9.5,445.0
2025-09-10 16:00:00+00:00,9.52,9.52,9.42,9.45,404.0
2025-09-10 17:00:00+00:00,9.45,9.47,9.41,9.44,747.0
2025-09-10 18:00:00+00:00,9.45,9.495,9.43,9.49,801.0
2025-09-10 19:00:00+00:00,9.51,9.54,9.485,9.525,1385.0
2025-09-11 14:00:00+00:00,9.525,9.675,9.525,9.67,214.0
2025-09-11 15:00:00+00:00,9.665,9.74,9.665,9.73,302.0
2025-09-11 16:00:00+00:00,9.73,9.74,9.705,9.72,278.0
2025-09-11 17:00:00+00:00,9.72,9.75,9.685,9.69,536.0
2025-09-11 18:00:00+00:00,9.705,9.71,9.68,9.695,374.0
2025-09-11 19:00:00+00:00,9.68,9.75,9.63,9.71,2319.0
2025-09-12 14:00:00+00:00,9.7,9.7,9.57,9.57,262.0
2025-09-12 15:00:00+00:00,9.57,9.59,9.55,9.575,349.0
2025-09-12 16:00:00+00:00,9.575,9.575,9.525,9.525,178.0
2025-09-12 17:00:00+00:00,9.525,9.55,9.525,9.55,101.0
2025-09-12 18:00:00+00:00,9.55,9.56,9.53,9.54,645.0
2025-09-12 19:00:00+00:00,9.54,9.54,9.45,9.465,803.0
2025-09-15 14:00:00+00:00,9.545,9.59,9.52,9.57,395.0
2025-09-15 15:00:00+00:00,9.57,9.57,9.49,9.505,478.0
2025-09-15 16:00:00+00:00,9.505,9.53,9.505,9.525,219.0
2025-09-15 17:00:00+00:00,9.525,9.555,9.48,9.555,224.0
2025-09-15 18:00:00+00:00,9.55,9.55,9.47,9.535,84.0
2025-09-15 19:00:00+00:00,9.535,9.56,9.51,9.53,695.0
2025-09-16 14:00:00+00:00,9.53,9.53,9.41,9.41,615.0
2025-09-16 15:00:00+00:00,9.41,9.54,9.4,9.52,779.0
2025-09-16 16:00:00+00:00,9.52,9.52,9.47,9.48,319.0
2025-09-16 17:00:00+00:00,9.48,9.52,9.47,9.49,158.0
2025-09-16 18:00:00+00:00,9.49,9.56,9.49,9.55,936.0
2025-09-16 19:00:00+00:00,9.55,9.57,9.49,9.52,1291.0
2025-09-17 14:00:00+00:00,9.52,9.62,9.52,9.57,51.0
2025-09-17 15:00:00+00:00,9.57,9.61,9.565,9.61,292.0
2025-09-17 16:00:00+00:00,9.61,9.61,9.515,9.515,325.0
2025-09-17 17:00:00+00:00,9.515,9.515,9.465,9.485,226.0
2025-09-17 18:00:00+00:00,9.54,9.605,9.39,9.43,1056.0
2025-09-17 19:00:00+00:00,9.43,9.43,9.37,9.42,884.0
2025-09-18 14:00:00+00:00,9.42,9.61,9.42,9.595,322.0
2025-09-18 15:00:00+00:00,9.595,9.6,9.54,9.58,272.0
2025-09-18 16:00:00+00:00,9.58,9.705,9.54,9.665,919.0
2025-09-18 17:00:00+00:00,9.665,9.78,9.665,9.78,1173.0
2025-09-18 18:00:00+00:00,9.77,9.915,9.77,9.91,1236.0
2025-09-18 19:00:00+00:00,9.91,9.98,9.86,9.88,2502.0
2025-09-19 14:00:00+00:00,9.685,9.72,9.67,9.7,682.0
2025-09-19 15:00:00+00:00,9.7,9.7,9.605,9.66,469.0
2025-09-19 16:00:00+00:00,9.655,9.705,9.63,9.67,247.0
2025-09-19 17:00:00+00:00,9.67,9.67,9.645,9.655,101.0
2025-09-19 18:00:00+00:00,9.655,9.655,9.575,9.605,262.0
2025-09-19 19:00:00+00:00,9.605,9.62,9.505,9.545,1607.0
2025-09-22 14:00:00+00:00,9.69,9.7,9.62,9.68,307.0
2025-09-22 15:00:00+00:00,9.68,9.69,9.65,9.66,157.0
2025-09-22 16:00:00+00:00,9.66,9.68,9.64,9.655,409.0
2025-09-22 17:00:00+00:00,9.655,9.655,9.635,9.64,193.0
2025-09-22 18:00:00+00:00,9.64,9.785,9.62,9.785,3355.0
2025-09-22 19:00:00+00:00,9.785,9.83,9.77,9.785,3044.0
2025-09-23 14:00:00+00:00,9.83,9.83,9.72,9.79,1806.0
2025-09-23 15:00:00+00:00,9.8,9.89,9.75,9.89,562.0
2025-09-23 16:00:00+00:00,9.9,9.905,9.855,9.88,478.0
2025-09-23 17:00:00+00:00,9.87,9.905,9.85,9.88,468.0
2025-09-23 18:00:00+00:00,9.89,9.945,9.86,9.9,673.0
2025-09-23 19:00:00+00:00,9.91,9.95,9.88,9.905,1283.0
2025-09-24 14:00:00+00:00,9.96,10.015,9.96,10.0,441.0
2025-09-24 15:00:00+00:00,10.0,10.0,9.73,9.73,458.0
2025-09-24 16:00:00+00:00,9.73,9.77,9.66,9.72,263.0
2025-09-24 17:00:00+00:00,9.72,9.72,9.645,9.67,172.0
2025-09-24 18:00:00+00:00,9.67,9.735,9.67,9.735,211.0
2025-09-24 19:00:00+00:00,9.735,9.75,9.65,9.655,1027.0
2025-09-25 14:00:00+00:00,9.65,9.68,9.59,9.6,263.0
2025-09-25 15:00:00+00:00,9.59,9.59,9.55,9.58,310.0
2025-09-25 16:00:00+00:00,9.58,9.58,9.51,9.53,321.0
2025-09-25 17:00:00+00:00,9.53,9.59,9.51,9.55,250.0
2025-09-25 18:00:00+00:00,9.55,9.595,9.55,9.56,184.0
2025-09-25 19:00:00+00:00,9.56,9.72,9.48,9.59,3544.0
2025-09-26 14:00:00+00:00,9.71,9.71,9.65,9.66,641.0
2025-09-26 15:00:00+00:00,9.66,9.7,9.66,9.675,499.0
2025-09-26 16:00:00+00:00,9.675,9.69,9.635,9.665,81.0
2025-09-26 17:00:00+00:00,9.665,9.665,9.64,9.65,204.0
2025-09-26 18:00:00+00:00,9.65,9.695,9.64,9.665,803.0
2025-09-26 19:00:00+00:00,9.665,9.69,9.635,9.68,1062.0
2025-09-29 14:00:00+00:00,9.64,9.755,9.64,9.725,406.0
2025-09-29 15:00:00+00:00,9.725,9.81,9.725,9.81,2554.0
2025-09-29 16:00:00+00:00,9.81,9.98,9.805,9.98,670.0
2025-09-29 17:00:00+00:00,9.98,9.995,9.955,9.995,381.0
2025-09-29 18:00:00+00:00,9.995,10.05,9.885,9.885,1705.0
2025-09-29 19:00:00+00:00,9.91,9.96,9.88,9.885,2428.0
2025-09-30 14:00:00+00:00,9.935,9.935,9.765,9.81,2385.0
2025-09-30 15:00:00+00:00,9.81,9.81,9.695,9.725,612.0
2025-09-30 16:00:00+00:00,9.725,9.8,9.655,9.8,798.0
2025-09-30 17:00:00+00:00,9.8,9.91,9.8,9.855,360.0
2025-09-30 18:00:00+00:00,9.85,9.855,9.83,9.83,263.0
2025-09-30 19:00:00+00:00,9.83,9.87,9.815,9.84,1871.0
2025-10-01 14:00:00+00:00,9.79,9.87,9.79,9.82,69.0
2025-10-01 15:00:00+00:00,9.83,9.96,9.81,9.96,1392.0
2025-10-01 16:00:00+00:00,9.96,10.03,9.96,10.025,392.0
2025-10-01 17:00:00+00:00,10.025,10.035,9.995,10.02,2230.0
2025-10-01 18:00:00+00:00,10.02,10.18,10.0,10.16,1635.0
2025-10-01 19:00:00+00:00,10.16,10.305,10.13,10.24,1872.0
2025-10-02 14:00:00+00:00,10.405,10.405,10.075,10.11,902.0
2025-10-02 15:00:00+00:00,10.11,10.11,9.955,9.99,810.0
2025-10-02 16:00:00+00:00,9.99,10.01,9.955,9.99,380.0
2025-10-02 17:00:00+00:00,9.99,10.0,9.93,10.0,155.0
2025-10-02 18:00:00+00:00,10.0,10.09,9.995,10.09,397.0
2025-10-02 19:00:00+00:00,10.09,10.1,9.975,9.99,1742.0
2025-10-03 14:00:00+00:00,9.99,10.13,9.99,10.105,222.0
2025-10-03 15:00:00+00:00,10.105,10.105,9.9,9.95,499.0
2025-10-03 16:00:00+00:00,9.95,9.95,9.88,9.88,81.0
2025-10-03 17:00:00+00:00,9.88,9.95,9.84,9.845,1357.0
2025-10-03 18:00:00+00:00,9.845,9.845,9.76,9.765,595.0
2025-10-03 19:00:00+00:00,9.765,9.78,9.71,9.755,1799.0
2025-10-06 14:00:00+00:00,9.885,9.885,9.805,9.87,107.0
2025-10-06 15:00:00+00:00,9.87,9.91,9.85,9.9,2561.0
2025-10-06 16:00:00+00:00,9.9,9.9,9.815,9.82,309.0
2025-10-06 17:00:00+00:00,9.82,9.82,9.76,9.77,292.0
2025-10-06 18:00:00+00:00,9.755,9.785,9.74,9.78,700.0
2025-10-06 19:00:00+00:00,9.78,9.78,9.715,9.77,1741.0
2025-10-07 14:00:00+00:00,9.77,9.77,9.67,9.72,210.0
2025-10-07 15:00:00+00:00,9.745,9.745,9.67,9.67,752.0
2025-10-07 16:00:00+00:00,9.67,9.68,9.635,9.635,49.0
2025-10-07 17:00:00+00:00,9.635,9.71,9.62,9.67,658.0
2025-10-07 18:00:00+00:00,9.655,9.69,9.615,9.635,1407.0
2025-10-07 19:00:00+00:00,9.635,9.685,9.62,9.65,1728.0
2025-10-08 14:00:00+00:00,9.7,9.785,9.69,9.74,356.0
2025-10-08 15:00:00+00:00,9.74,9.76,9.73,9.73,362.0
2025-10-08 16:00:00+00:00,9.735,9.735,9.715,9.735,219.0
2025-10-08 17:00:00+00:00,9.735,9.735,9.69,9.705,543.0
2025-10-08 18:00:00+00:00,9.705,9.715,9.65,9.715,672.0
2025-10-08 19:00:00+00:00,9.715,9.78,9.69,9.76,4454.0
2025-10-09 14:00:00+00:00,9.735,9.735,9.62,9.67,211.0
2025-10-09 15:00:00+00:00,9.67,9.68,9.62,9.635,236.0
2025-10-09 16:00:00+00:00,9.635,9.635,9.58,9.6,226.0
2025-10-09 17:00:00+00:00,9.6,9.6,9.53,9.55,521.0
2025-10-09 18:00:00+00:00,9.55,9.64,9.55,9.62,571.0
2025-10-09 19:00:00+00:00,9.625,9.645,9.55,9.57,2925.0
2025-10-10 14:00:00+00:00,9.71,9.71,9.61,9.65,388.0
2025-10-10 15:00:00+00:00,9.65,9.65,9.415,9.425,337.0
2025-10-10 16:00:00+00:00,9.425,9.465,9.37,9.455,366.0
2025-10-10 17:00:00+00:00,9.455,9.49,9.405,9.46,176.0
2025-10-10 18:00:00+00:00,9.455,9.475,9.43,9.43,318.0
2025-10-10 19:00:00+00:00,9.43,9.435,9.37,9.39,1758.0
2025-10-13 14:00:00+00:00,9.39,9.39,9.39,9.39,0.0
2025-10-13 15:00:00+00:00,9.39,9.39,9.39,9.39,0.0
2025-10-13 16:00:00+00:00,9.39,9.39,9.39,9.39,0.0
2025-10-13 17:00:00+00:00,9.39,9.44,9.39,9.44,197.0
2025-10-13 18:00:00+00:00,9.44,9.485,9.43,9.43,751.0
2025-10-13 19:00:00+00:00,9.45,9.54,9.45,9.53,3048.0
2025-10-14 14:00:00+00:00,9.58,9.6,9.55,9.57,215.0
2025-10-14 15:00:00+00:00,9.57,9.58,9.545,9.555,186.0
2025-10-14 16:00:00+00:00,9.555,9.59,9.54,9.59,230.0
2025-10-14 17:00:00+00:00,9.59,9.64,9.59,9.625,408.0
2025-10-14 18:00:00+00:00,9.625,9.67,9.625,9.67,487.0
2025-10-14 19:00:00+00:00,9.67,9.69,9.59,9.61,986.0
2025-10-15 14:00:00+00:00,9.665,9.72,9.665,9.72,34.0
2025-10-15 15:00:00+00:00,9.66,9.7,9.645,9.645,196.0
2025-10-15 16:00:00+00:00,9.645,9.65,9.58,9.615,72.0
2025-10-15 17:00:00+00:00,9.615,9.62,9.595,9.61,368.0
2025-10-15 18:00:00+00:00,9.61,9.635,9.61,9.635,113.0
2025-10-15 19:00:00+00:00,9.635,9.73,9.615,9.725,1993.0
2025-10-16 14:00:00+00:00,9.66,9.685,9.65,9.66,367.0
2025-10-16 15:00:00+00:00,9.65,9.735,9.65,9.72,640.0
2025-10-16 16:00:00+00:00,9.72,9.72,9.645,9.67,432.0
2025-10-16 17:00:00+00:00,9.67,9.69,9.61,9.64,840.0
2025-10-16 18:00:00+00:00,9.64,9.675,9.62,9.675,414.0
2025-10-16 19:00:00+00:00,9.675,9.73,9.66,9.67,2482.0
2025-10-17 14:00:00+00:00,9.54,9.71,9.54,9.685,391.0
2025-10-17 15:00:00+00:00,9.685,9.69,9.615,9.66,188.0
2025-10-17 16:00:00+00:00,9.66,9.66,9.59,9.61,806.0
2025-10-17 17:00:00+00:00,9.595,9.615,9.56,9.59,1178.0
2025-10-17 18:00:00+00:00,9.59,9.6,9.55,9.56,710.0
2025-10-17 19:00:00+00:00,9.56,9.58,9.51,9.51,2932.0
2025-10-20 14:00:00+00:00,9.74,9.74,9.63,9.66,119.0
2025-10-20 15:00:00+00:00,9.66,9.66,9.6,9.62,69.0
2025-10-20 16:00:00+00:00,9.61,9.645,9.545,9.64,814.0
2025-10-20 17:00:00+00:00,9.64,9.72,9.64,9.72,378.0
2025-10-20 18:00:00+00:00,9.72,9.805,9.72,9.73,1270.0
2025-10-20 19:00:00+00:00,9.73,9.81,9.73,9.805,1049.0
2025-10-21 14:00:00+00:00,9.78,9.83,9.75,9.8,603.0
2025-10-21 15:00:00+00:00,9.8,9.815,9.74,9.74,173.0
2025-10-21 16:00:00+00:00,9.74,9.78,9.73,9.74,387.0
2025-10-21 17:00:00+00:00,9.74,9.77,9.74,9.755,387.0
2025-10-21 18:00:00+00:00,9.73,9.75,9.71,9.73,687.0
2025-10-21 19:00:00+00:00,9.73,9.74,9.65,9.65,2697.0
2025-10-22 14:00:00+00:00,9.655,9.77,9.655,9.75,287.0
2025-10-22 15:00:00+00:00,9.74,9.81,9.74,9.78,414.0
2025-10-22 16:00:00+00:00,9.78,9.78,9.69,9.715,527.0
2025-10-22 17:00:00+00:00,9.715,9.715,9.64,9.64,233.0
2025-10-22 18:00:00+00:00,9.64,9.69,9.64,9.665,587.0
2025-10-22 19:00:00+00:00,9.665,9.75,9.65,9.735,1270.0
2025-10-23 14:00:00+00:00,9.94,9.98,9.9,9.915,1087.0
2025-10-23 15:00:00+00:00,9.915,9.94,9.91,9.935,253.0
2025-10-23 16:00:00+00:00,9.935,9.99,9.93,9.99,501.0
2025-10-23 17:00:00+00:00,9.99,10.02,9.985,10.02,935.0
2025-10-23 18:00:00+00:00,10.02,10.05,9.99,10.05,1199.0
2025-10-23 19:00:00+00:00,10.05,10.05,9.91,9.93,2012.0
2025-10-24 14:00:00+00:00,10.06,10.145,10.06,10.11,236.0
2025-10-24 15:00:00+00:00,10.08,10.11,10.01,10.02,993.0
2025-10-24 16:00:00+00:00,10.02,10.02,9.975,10.01,498.0
2025-10-24 17:00:00+00:00,10.01,10.03,9.99,9.99,131.0
2025-10-24 18:00:00+00:00,10.0,10.02,9.97,9.975,909.0
2025-10-24 19:00:00+00:00,9.97,10.05,9.96,10.045,1624.0
2025-10-27 14:00:00+00:00,10.065,10.07,10.005,10.02,137.0
2025-10-27 15:00:00+00:00,10.02,10.045,9.85,9.85,514.0
2025-10-27 16:00:00+00:00,9.85,9.85,9.75,9.79,1863.0
2025-10-27 17:00:00+00:00,9.79,9.825,9.77,9.8,296.0
2025-10-27 18:00:00+00:00,9.8,9.815,9.78,9.795,803.0
2025-10-27 19:00:00+00:00,9.79,9.84,9.79,9.79,2044.0
2025-10-28 14:00:00+00:00,9.835,9.95,9.8,9.92,344.0
2025-10-28 15:00:00+00:00,9.92,9.955,9.9,9.93,247.0
2025-10-28 16:00:00+00:00,9.93,10.02,9.93,10.015,105.0
2025-10-28 17:00:00+00:00,10.015,10.03,9.935,9.95,605.0
2025-10-28 18:00:00+00:00,9.95,10.01,9.95,9.985,422.0
2025-10-28 19:00:00+00:00,9.985,9.99,9.93,9.965,654.0
2025-10-29 14:00:00+00:00,9.965,9.99,9.945,9.96,257.0
2025-10-29 15:00:00+00:00,9.96,10.055,9.95,10.05,398.0
2025-10-29 16:00:00+00:00,10.05,10.05,10.02,10.025,203.0
2025-10-29 17:00:00+00:00,10.025,10.025,9.92,9.925,223.0
2025-10-29 18:00:00+00:00,9.925,9.925,9.68,9.72,291.0
2025-10-29 19:00:00+00:00,9.68,9.7,9.59,9.645,1376.0
2025-10-30 14:00:00+00:00,9.65,9.65,9.55,9.635,210.0
2025-10-30 15:00:00+00:00,9.635,9.67,9.61,9.615,393.0
2025-10-30 16:00:00+00:00,9.615,9.68,9.6,9.675,297.0
2025-10-30 17:00:00+00:00,9.675,9.79,9.66,9.79,1151.0
2025-10-30 18:00:00+00:00,9.79,9.79,9.73,9.76,687.0
2025-10-30 19:00:00+00:00,9.76,9.76,9.675,9.72,1474.0
2025-10-31 14:00:00+00:00,9.7,9.75,9.67,9.75,182.0
2025-10-31 15:00:00+00:00,9.75,9.75,9.68,9.7,556.0
2025-10-31 16:00:00+00:00,9.7,9.72,9.585,9.585,224.0
2025-10-31 17:00:00+00:00,9.585,9.6,9.54,9.54,642.0
2025-10-31 18:00:00+00:00,9.54,9.58,9.54,9.57,716.0
2025-10-31 19:00:00+00:00,9.58,9.64,9.53,9.53,1395.0
