date,Open,High,Low,Close,Volume
2025-03-26 15:00:00+00:00,23.63,23.63,23.63,23.63,0.0
2025-03-26 16:00:00+00:00,23.63,23.63,23.63,23.63,0.0
2025-03-26 17:00:00+00:00,23.63,23.63,23.63,23.63,0.0
2025-03-26 18:00:00+00:00,23.63,23.63,23.63,23.63,0.0
2025-03-26 19:00:00+00:00,23.63,23.63,23.63,23.63,0.0
2025-03-27 14:00:00+00:00,23.63,23.63,23.63,23.63,0.0
2025-03-27 15:00:00+00:00,23.63,23.63,23.63,23.63,0.0
2025-03-27 16:00:00+00:00,23.63,23.63,23.63,23.63,0.0
2025-03-27 17:00:00+00:00,23.63,23.63,23.63,23.63,0.0
2025-03-27 18:00:00+00:00,23.63,23.63,23.63,23.63,0.0
2025-03-27 19:00:00+00:00,23.63,23.63,23.63,23.63,0.0
2025-03-28 14:00:00+00:00,23.63,23.63,23.63,23.63,0.0
2025-03-28 15:00:00+00:00,23.63,23.63,23.63,23.63,0.0
2025-03-28 16:00:00+00:00,23.63,23.63,23.63,23.63,0.0
2025-03-28 17:00:00+00:00,23.63,23.63,23.63,23.63,0.0
2025-03-28 18:00:00+00:00,23.63,23.63,23.63,23.63,0.0
2025-03-28 19:00:00+00:00,23.63,23.63,23.63,23.63,0.0
2025-03-31 14:00:00+00:00,23.63,23.63,23.63,23.63,0.0
2025-03-31 15:00:00+00:00,23.63,23.63,23.63,23.63,0.0
2025-03-31 16:00:00+00:00,23.63,23.63,23.63,23.63,0.0
2025-03-31 17:00:00+00:00,23.63,23.63,23.63,23.63,0.0
2025-03-31 18:00:00+00:00,23.63,23.63,23.63,23.63,0.0
2025-03-31 19:00:00+00:00,23.63,23.63,23.63,23.63,0.0
2025-04-01 14:00:00+00:00,23.63,23.63,23.63,23.63,0.0
2025-04-01 15:00:00+00:00,23.63,23.63,23.63,23.63,0.0
2025-04-01 16:00:00+00:00,23.63,23.63,23.63,23.63,0.0
2025-04-01 17:00:00+00:00,23.63,23.63,23.63,23.63,0.0
2025-04-01 18:00:00+00:00,23.63,23.63,23.63,23.63,0.0
2025-04-01 19:00:00+00:00,23.63,23.63,23.63,23.63,0.0
2025-04-02 14:00:00+00:00,23.63,23.63,23.63,23.63,0.0
2025-04-02 15:00:00+00:00,23.63,23.63,23.63,23.63,0.0
2025-04-02 16:00:00+00:00,23.63,23.63,23.63,23.63,0.0
2025-04-02 17:00:00+00:00,23.63,23.63,23.63,23.63,0.0
2025-04-02 18:00:00+00:00,23.63,23.63,23.63,23.63,0.0
2025-04-02 19:00:00+00:00,23.63,23.63,23.63,23.63,0.0
2025-04-03 14:00:00+00:00,23.63,23.63,23.63,23.63,0.0
2025-04-03 15:00:00+00:00,23.63,23.63,23.63,23.63,0.0
2025-04-03 16:00:00+00:00,23.63,23.63,23.63,23.63,0.0
2025-04-03 17:00:00+00:00,23.63,23.63,23.63,23.63,0.0
2025-04-03 18:00:00+00:00,23.63,23.63,23.63,23.63,0.0
2025-04-03 19:00:00+00:00,23.63,23.63,23.63,23.63,0.0
2025-04-04 14:00:00+00:00,23.63,23.63,23.63,23.63,0.0
2025-04-04 15:00:00+00:00,23.63,23.63,23.63,23.63,0.0
2025-04-04 16:00:00+00:00,23.63,23.63,23.63,23.63,0.0
2025-04-04 17:00:00+00:00,23.63,23.63,23.63,23.63,0.0
2025-04-04 18:00:00+00:00,23.63,23.63,23.63,23.63,0.0
2025-04-04 19:00:00+00:00,23.63,23.63,23.63,23.63,0.0
2025-04-07 14:00:00+00:00,23.63,23.63,23.63,23.63,0.0
2025-04-07 15:00:00+00:00,23.63,23.63,23.63,23.63,0.0
2025-04-07 16:00:00+00:00,23.63,23.63,23.63,23.63,0.0
2025-04-07 17:00:00+00:00,23.63,23.63,23.63,23.63,0.0
2025-04-07 18:00:00+00:00,23.63,23.63,23.63,23.63,0.0
2025-04-07 19:00:00+00:00,23.63,23.63,23.63,23.63,0.0
2025-04-08 14:00:00+00:00,23.63,23.63,23.63,23.63,0.0
2025-04-08 15:00:00+00:00,23.63,23.63,23.63,23.63,0.0
2025-04-08 16:00:00+00:00,23.63,23.63,23.63,23.63,0.0
2025-04-08 17:00:00+00:00,23.63,23.63,23.63,23.63,0.0
2025-04-08 18:00:00+00:00,23.63,23.63,23.63,23.63,0.0
2025-04-08 19:00:00+00:00,23.63,23.63,23.63,23.63,0.0
2025-04-09 14:00:00+00:00,23.63,23.63,23.63,23.63,0.0
2025-04-09 15:00:00+00:00,23.63,23.63,23.63,23.63,0.0
2025-04-09 16:00:00+00:00,23.63,23.63,23.63,23.63,100.0
2025-04-09 17:00:00+00:00,23.63,23.63,23.63,23.63,0.0
2025-04-09 18:00:00+00:00,23.63,23.63,23.63,23.63,0.0
2025-04-09 19:00:00+00:00,23.63,23.63,23.63,23.63,0.0
2025-04-10 14:00:00+00:00,23.63,23.63,23.63,23.63,0.0
2025-04-10 15:00:00+00:00,23.63,23.63,23.63,23.63,0.0
2025-04-10 16:00:00+00:00,23.63,23.63,23.63,23.63,0.0
2025-04-10 17:00:00+00:00,23.63,23.63,23.63,23.63,0.0
2025-04-10 18:00:00+00:00,23.63,23.63,23.63,23.63,0.0
2025-04-10 19:00:00+00:00,23.63,23.63,23.63,23.63,0.0
2025-04-11 14:00:00+00:00,23.63,23.63,23.63,23.63,0.0
2025-04-11 15:00:00+00:00,23.63,23.63,23.63,23.63,0.0
2025-04-11 16:00:00+00:00,23.63,23.63,23.63,23.63,0.0
2025-04-11 17:00:00+00:00,23.63,23.63,23.63,23.63,0.0
2025-04-11 18:00:00+00:00,23.63,23.63,23.63,23.63,0.0
2025-04-11 19:00:00+00:00,23.63,23.63,23.63,23.63,0.0
2025-04-14 14:00:00+00:00,23.63,23.63,23.63,23.63,0.0
2025-04-14 15:00:00+00:00,23.63,23.63,23.63,23.63,0.0
2025-04-14 16:00:00+00:00,23.63,23.63,23.63,23.63,0.0
2025-04-14 17:00:00+00:00,23.63,23.63,23.63,23.63,0.0
2025-04-14 18:00:00+00:00,23.63,24.28,23.63,24.28,99.0
2025-04-14 19:00:00+00:00,24.28,24.28,24.28,24.28,0.0
2025-04-15 14:00:00+00:00,24.28,24.28,24.28,24.28,0.0
2025-04-15 15:00:00+00:00,24.28,24.28,24.28,24.28,0.0
2025-04-15 16:00:00+00:00,24.28,24.28,24.28,24.28,0.0
2025-04-15 17:00:00+00:00,24.28,24.28,24.28,24.28,0.0
2025-04-15 18:00:00+00:00,24.28,24.28,24.28,24.28,0.0
2025-04-15 19:00:00+00:00,24.28,24.28,24.28,24.28,0.0
2025-04-16 14:00:00+00:00,24.28,24.28,24.28,24.28,0.0
2025-04-16 15:00:00+00:00,24.28,24.28,24.28,24.28,0.0
2025-04-16 16:00:00+00:00,24.28,24.28,24.28,24.28,0.0
2025-04-16 17:00:00+00:00,24.28,24.28,24.28,24.28,0.0
2025-04-16 18:00:00+00:00,24.28,24.28,24.28,24.28,0.0
2025-04-16 19:00:00+00:00,24.28,24.28,24.28,24.28,0.0
2025-04-17 14:00:00+00:00,24.28,24.28,24.28,24.28,0.0
2025-04-17 15:00:00+00:00,24.28,24.28,24.28,24.28,0.0
2025-04-17 16:00:00+00:00,24.28,24.345,24.28,24.345,66.0
2025-04-17 17:00:00+00:00,24.345,24.345,24.345,24.345,132.0
2025-04-17 18:00:00+00:00,24.345,24.345,24.345,24.345,99.0
2025-04-17 19:00:00+00:00,24.345,24.345,24.345,24.345,241.0
2025-04-18 14:00:00+00:00,24.345,24.345,24.345,24.345,0.0
2025-04-18 15:00:00+00:00,24.345,24.345,24.345,24.345,0.0
2025-04-18 16:00:00+00:00,24.345,24.345,24.345,24.345,0.0
2025-04-18 17:00:00+00:00,24.345,24.345,24.345,24.345,0.0
2025-04-18 18:00:00+00:00,24.345,24.345,24.345,24.345,0.0
2025-04-18 19:00:00+00:00,24.345,24.345,24.345,24.345,0.0
2025-04-21 14:00:00+00:00,24.345,24.345,24.345,24.345,0.0
2025-04-21 15:00:00+00:00,24.345,24.345,24.345,24.345,0.0
2025-04-21 16:00:00+00:00,24.345,24.345,24.345,24.345,0.0
2025-04-21 17:00:00+00:00,24.345,24.345,24.345,24.345,0.0
2025-04-21 18:00:00+00:00,24.345,24.345,24.345,24.345,0.0
2025-04-21 19:00:00+00:00,24.345,24.345,24.345,24.345,0.0
2025-04-22 14:00:00+00:00,24.345,24.345,24.345,24.345,0.0
2025-04-22 15:00:00+00:00,24.345,24.345,24.345,24.345,0.0
2025-04-22 16:00:00+00:00,24.345,24.345,24.345,24.345,0.0
2025-04-22 17:00:00+00:00,24.345,24.345,24.345,24.345,0.0
2025-04-22 18:00:00+00:00,24.345,24.345,24.345,24.345,0.0
2025-04-22 19:00:00+00:00,24.345,24.345,24.345,24.345,0.0
2025-04-23 14:00:00+00:00,24.345,24.345,24.345,24.345,0.0
2025-04-23 15:00:00+00:00,24.345,24.345,24.345,24.345,0.0
2025-04-23 16:00:00+00:00,24.345,24.345,24.345,24.345,0.0
2025-04-23 17:00:00+00:00,24.345,24.345,24.345,24.345,0.0
2025-04-23 18:00:00+00:00,24.345,24.345,24.345,24.345,0.0
2025-04-23 19:00:00+00:00,24.345,24.345,24.345,24.345,0.0
2025-04-24 14:00:00+00:00,24.345,24.345,24.345,24.345,0.0
2025-04-24 15:00:00+00:00,24.345,24.345,24.345,24.345,0.0
2025-04-24 16:00:00+00:00,24.345,24.345,24.345,24.345,0.0
2025-04-24 17:00:00+00:00,24.345,24.345,24.345,24.345,0.0
2025-04-24 18:00:00+00:00,24.345,24.345,24.345,24.345,0.0
2025-04-24 19:00:00+00:00,24.345,24.345,24.345,24.345,0.0
2025-04-25 14:00:00+00:00,24.345,24.345,24.345,24.345,0.0
2025-04-25 15:00:00+00:00,24.345,24.44,24.345,24.44,20.0
2025-04-25 16:00:00+00:00,24.44,24.44,24.44,24.44,0.0
2025-04-25 17:00:00+00:00,24.44,24.44,24.44,24.44,0.0
2025-04-25 18:00:00+00:00,24.44,24.44,24.44,24.44,0.0
2025-04-25 19:00:00+00:00,24.44,24.44,24.44,24.44,0.0
2025-04-28 14:00:00+00:00,24.44,24.44,24.44,24.44,0.0
2025-04-28 15:00:00+00:00,24.44,24.44,24.44,24.44,0.0
2025-04-28 16:00:00+00:00,24.44,24.44,24.44,24.44,0.0
2025-04-28 17:00:00+00:00,24.44,24.44,24.44,24.44,0.0
2025-04-28 18:00:00+00:00,24.44,24.44,24.44,24.44,0.0
2025-04-28 19:00:00+00:00,24.44,24.44,24.44,24.44,0.0
2025-04-29 14:00:00+00:00,24.44,24.44,24.44,24.44,0.0
2025-04-29 15:00:00+00:00,24.44,24.44,24.44,24.44,0.0
2025-04-29 16:00:00+00:00,24.44,24.44,24.44,24.44,0.0
2025-04-29 17:00:00+00:00,24.44,24.44,24.44,24.44,0.0
2025-04-29 18:00:00+00:00,24.44,24.44,24.44,24.44,0.0
2025-04-29 19:00:00+00:00,24.44,24.475,24.44,24.475,200.0
2025-04-30 14:00:00+00:00,24.475,24.475,24.475,24.475,0.0
2025-04-30 15:00:00+00:00,24.475,24.475,24.475,24.475,0.0
2025-04-30 16:00:00+00:00,24.475,24.475,24.475,24.475,0.0
2025-04-30 17:00:00+00:00,24.475,24.475,24.475,24.475,0.0
2025-04-30 18:00:00+00:00,24.475,24.475,24.475,24.475,0.0
2025-04-30 19:00:00+00:00,24.475,24.475,24.475,24.475,0.0
2025-05-01 14:00:00+00:00,24.475,24.475,24.475,24.475,0.0
2025-05-01 15:00:00+00:00,24.475,24.475,24.475,24.475,0.0
2025-05-01 16:00:00+00:00,24.475,24.475,24.475,24.475,0.0
2025-05-01 17:00:00+00:00,24.475,24.475,24.475,24.475,0.0
2025-05-01 18:00:00+00:00,24.475,24.475,24.475,24.475,0.0
2025-05-01 19:00:00+00:00,24.475,24.475,24.475,24.475,0.0
2025-05-02 14:00:00+00:00,24.475,24.475,24.475,24.475,0.0
2025-05-02 15:00:00+00:00,24.475,24.475,24.475,24.475,0.0
2025-05-02 16:00:00+00:00,24.475,24.475,24.475,24.475,0.0
2025-05-02 17:00:00+00:00,24.475,24.475,24.475,24.475,0.0
2025-05-02 18:00:00+00:00,24.475,24.475,24.475,24.475,0.0
2025-05-02 19:00:00+00:00,24.475,24.475,24.475,24.475,0.0
2025-05-05 14:00:00+00:00,24.475,24.475,24.475,24.475,0.0
2025-05-05 15:00:00+00:00,24.475,24.475,24.475,24.475,0.0
2025-05-05 16:00:00+00:00,24.475,24.475,24.475,24.475,0.0
2025-05-05 17:00:00+00:00,24.475,24.475,24.475,24.475,0.0
2025-05-05 18:00:00+00:00,24.475,24.475,24.475,24.475,0.0
2025-05-05 19:00:00+00:00,24.475,24.475,24.475,24.475,0.0
2025-05-06 14:00:00+00:00,24.475,24.475,24.475,24.475,0.0
2025-05-06 15:00:00+00:00,24.475,24.475,24.475,24.475,0.0
2025-05-06 16:00:00+00:00,24.475,24.475,24.475,24.475,0.0
2025-05-06 17:00:00+00:00,24.475,24.475,24.475,24.475,0.0
2025-05-06 18:00:00+00:00,24.475,24.475,24.475,24.475,0.0
2025-05-06 19:00:00+00:00,24.475,24.475,24.475,24.475,0.0
2025-05-07 14:00:00+00:00,24.475,24.475,24.475,24.475,0.0
2025-05-07 15:00:00+00:00,24.475,24.475,24.46,24.46,0.0
2025-05-07 16:00:00+00:00,24.46,24.46,24.46,24.46,0.0
2025-05-07 17:00:00+00:00,24.46,24.46,24.46,24.46,0.0
2025-05-07 18:00:00+00:00,24.46,24.495,24.46,24.495,0.0
2025-05-07 19:00:00+00:00,24.495,24.495,24.495,24.495,0.0
2025-05-08 14:00:00+00:00,24.495,24.495,24.495,24.495,0.0
2025-05-08 15:00:00+00:00,24.495,24.495,24.495,24.495,0.0
2025-05-08 16:00:00+00:00,24.495,24.495,24.495,24.495,0.0
2025-05-08 17:00:00+00:00,24.495,24.495,24.495,24.495,0.0
2025-05-08 18:00:00+00:00,24.495,24.495,24.495,24.495,0.0
2025-05-08 19:00:00+00:00,24.495,24.495,24.495,24.495,0.0
2025-05-09 14:00:00+00:00,24.495,24.495,24.495,24.495,0.0
2025-05-09 15:00:00+00:00,24.495,24.495,24.495,24.495,0.0
2025-05-09 16:00:00+00:00,24.495,24.495,24.495,24.495,0.0
2025-05-09 17:00:00+00:00,24.495,24.495,24.495,24.495,0.0
2025-05-09 18:00:00+00:00,24.495,24.495,24.495,24.495,0.0
2025-05-09 19:00:00+00:00,24.495,24.495,24.495,24.495,0.0
2025-05-12 14:00:00+00:00,24.495,24.495,24.495,24.495,0.0
2025-05-12 15:00:00+00:00,24.495,24.495,24.44,24.44,0.0
2025-05-12 16:00:00+00:00,24.44,24.44,24.44,24.44,0.0
2025-05-12 17:00:00+00:00,24.44,24.44,24.44,24.44,0.0
2025-05-12 18:00:00+00:00,24.44,24.44,24.44,24.44,0.0
2025-05-12 19:00:00+00:00,24.44,24.44,24.44,24.44,0.0
2025-05-13 14:00:00+00:00,24.44,24.44,24.44,24.44,0.0
2025-05-13 15:00:00+00:00,24.44,24.44,24.435,24.435,0.0
2025-05-13 16:00:00+00:00,24.435,24.435,24.435,24.435,0.0
2025-05-13 17:00:00+00:00,24.435,24.435,24.435,24.435,0.0
2025-05-13 18:00:00+00:00,24.435,24.435,24.43,24.43,0.0
2025-05-13 19:00:00+00:00,24.43,24.43,24.43,24.43,0.0
2025-05-14 14:00:00+00:00,24.43,24.43,24.43,24.43,0.0
2025-05-14 15:00:00+00:00,24.43,24.43,24.43,24.43,0.0
2025-05-14 16:00:00+00:00,24.43,24.43,24.43,24.43,0.0
2025-05-14 17:00:00+00:00,24.43,24.43,24.43,24.43,0.0
2025-05-14 18:00:00+00:00,24.43,24.43,24.43,24.43,0.0
2025-05-14 19:00:00+00:00,24.43,24.43,24.43,24.43,0.0
2025-05-15 14:00:00+00:00,24.43,24.43,24.43,24.43,0.0
2025-05-15 15:00:00+00:00,24.43,24.43,24.43,24.43,0.0
2025-05-15 16:00:00+00:00,24.43,24.515,24.43,24.515,0.0
2025-05-15 17:00:00+00:00,24.515,24.515,24.475,24.475,0.0
2025-05-15 18:00:00+00:00,24.475,24.475,24.475,24.475,0.0
2025-05-15 19:00:00+00:00,24.475,24.475,24.475,24.475,0.0
2025-05-16 14:00:00+00:00,24.475,24.475,24.475,24.475,0.0
2025-05-16 15:00:00+00:00,24.475,24.475,24.475,24.475,0.0
2025-05-16 16:00:00+00:00,24.475,24.475,24.475,24.475,0.0
2025-05-16 17:00:00+00:00,24.475,24.475,24.475,24.475,0.0
2025-05-16 18:00:00+00:00,24.475,24.475,24.475,24.475,0.0
2025-05-16 19:00:00+00:00,24.475,24.475,24.475,24.475,0.0
2025-05-19 14:00:00+00:00,24.475,24.475,24.475,24.475,0.0
2025-05-19 15:00:00+00:00,24.475,24.475,24.475,24.475,0.0
2025-05-19 16:00:00+00:00,24.475,24.475,24.475,24.475,0.0
2025-05-19 17:00:00+00:00,24.475,24.475,24.475,24.475,0.0
2025-05-19 18:00:00+00:00,24.475,24.475,24.47,24.47,0.0
2025-05-19 19:00:00+00:00,24.47,24.47,24.47,24.47,0.0
2025-05-20 14:00:00+00:00,24.47,24.47,24.47,24.47,0.0
2025-05-20 15:00:00+00:00,24.47,24.47,24.445,24.445,0.0
2025-05-20 16:00:00+00:00,24.445,24.445,24.445,24.445,0.0
2025-05-20 17:00:00+00:00,24.445,24.445,24.445,24.445,0.0
2025-05-20 18:00:00+00:00,24.445,24.445,24.445,24.445,0.0
2025-05-20 19:00:00+00:00,24.445,24.445,24.445,24.445,0.0
2025-05-21 14:00:00+00:00,24.445,24.445,24.445,24.445,0.0
2025-05-21 15:00:00+00:00,24.445,24.445,24.445,24.445,0.0
2025-05-21 16:00:00+00:00,24.445,24.445,24.445,24.445,0.0
2025-05-21 17:00:00+00:00,24.445,24.445,24.445,24.445,0.0
2025-05-21 18:00:00+00:00,24.445,24.445,24.445,24.445,0.0
2025-05-21 19:00:00+00:00,24.445,24.445,24.445,24.445,0.0
2025-05-22 14:00:00+00:00,24.445,24.445,24.445,24.445,0.0
2025-05-22 15:00:00+00:00,24.445,24.445,24.29,24.29,0.0
2025-05-22 16:00:00+00:00,24.29,24.29,24.29,24.29,0.0
2025-05-22 17:00:00+00:00,24.29,24.29,24.29,24.29,0.0
2025-05-22 18:00:00+00:00,24.29,24.29,24.29,24.29,0.0
2025-05-22 19:00:00+00:00,24.29,24.29,24.29,24.29,0.0
2025-05-23 14:00:00+00:00,24.29,24.29,24.29,24.29,0.0
2025-05-23 15:00:00+00:00,24.29,24.29,24.29,24.29,0.0
2025-05-23 16:00:00+00:00,24.29,24.29,24.29,24.29,0.0
2025-05-23 17:00:00+00:00,24.29,24.29,24.29,24.29,0.0
2025-05-23 18:00:00+00:00,24.29,24.29,24.29,24.29,0.0
2025-05-23 19:00:00+00:00,24.29,24.29,24.29,24.29,0.0
2025-05-26 14:00:00+00:00,24.29,24.29,24.29,24.29,0.0
2025-05-26 15:00:00+00:00,24.29,24.29,24.29,24.29,0.0
2025-05-26 16:00:00+00:00,24.29,24.29,24.29,24.29,0.0
2025-05-26 17:00:00+00:00,24.29,24.29,24.29,24.29,0.0
2025-05-26 18:00:00+00:00,24.29,24.29,24.29,24.29,0.0
2025-05-26 19:00:00+00:00,24.29,24.29,24.29,24.29,0.0
2025-05-27 14:00:00+00:00,24.29,24.29,24.29,24.29,0.0
2025-05-27 15:00:00+00:00,24.29,24.29,24.29,24.29,0.0
2025-05-27 16:00:00+00:00,24.29,24.29,24.29,24.29,0.0
2025-05-27 17:00:00+00:00,24.29,24.29,24.29,24.29,0.0
2025-05-27 18:00:00+00:00,24.29,24.29,24.29,24.29,0.0
2025-05-27 19:00:00+00:00,24.29,24.29,24.29,24.29,0.0
2025-05-28 14:00:00+00:00,24.29,24.29,24.29,24.29,0.0
2025-05-28 15:00:00+00:00,24.29,24.29,24.29,24.29,0.0
2025-05-28 16:00:00+00:00,24.29,24.29,24.29,24.29,0.0
2025-05-28 17:00:00+00:00,24.29,24.29,24.29,24.29,0.0
2025-05-28 18:00:00+00:00,24.29,24.29,24.29,24.29,0.0
2025-05-28 19:00:00+00:00,24.29,24.29,24.29,24.29,0.0
2025-05-29 14:00:00+00:00,24.29,24.29,24.29,24.29,0.0
2025-05-29 15:00:00+00:00,24.29,24.29,24.29,24.29,0.0
2025-05-29 16:00:00+00:00,24.29,24.29,24.29,24.29,0.0
2025-05-29 17:00:00+00:00,24.29,24.29,24.29,24.29,0.0
2025-05-29 18:00:00+00:00,24.29,24.29,24.29,24.29,0.0
2025-05-29 19:00:00+00:00,24.29,24.29,24.29,24.29,0.0
2025-05-30 14:00:00+00:00,24.29,24.29,24.29,24.29,0.0
2025-05-30 15:00:00+00:00,24.29,24.29,24.29,24.29,0.0
2025-05-30 16:00:00+00:00,24.29,24.29,24.29,24.29,0.0
2025-05-30 17:00:00+00:00,24.29,24.29,24.29,24.29,0.0
2025-05-30 18:00:00+00:00,24.29,24.29,24.29,24.29,0.0
2025-05-30 19:00:00+00:00,24.29,24.29,24.29,24.29,0.0
2025-06-02 14:00:00+00:00,24.3,24.3,24.225,24.225,0.0
2025-06-02 15:00:00+00:00,24.225,24.225,24.225,24.225,0.0
2025-06-02 16:00:00+00:00,24.225,24.225,24.225,24.225,0.0
2025-06-02 17:00:00+00:00,24.225,24.225,24.225,24.225,0.0
2025-06-02 18:00:00+00:00,24.225,24.225,24.225,24.225,0.0
2025-06-02 19:00:00+00:00,24.225,24.225,24.225,24.225,0.0
2025-06-03 14:00:00+00:00,24.225,24.225,24.225,24.225,0.0
2025-06-03 15:00:00+00:00,24.225,24.225,24.225,24.225,0.0
2025-06-03 16:00:00+00:00,24.225,24.225,24.225,24.225,0.0
2025-06-03 17:00:00+00:00,24.225,24.225,24.225,24.225,0.0
2025-06-03 18:00:00+00:00,24.225,24.225,24.225,24.225,0.0
2025-06-03 19:00:00+00:00,24.225,24.225,24.225,24.225,0.0
2025-06-04 14:00:00+00:00,24.225,24.225,24.225,24.225,0.0
2025-06-04 15:00:00+00:00,24.225,24.225,24.225,24.225,0.0
2025-06-04 16:00:00+00:00,24.225,24.225,24.225,24.225,0.0
2025-06-04 17:00:00+00:00,24.225,24.225,24.225,24.225,0.0
2025-06-04 18:00:00+00:00,24.225,24.225,24.225,24.225,0.0
2025-06-04 19:00:00+00:00,24.225,24.225,24.225,24.225,0.0
2025-06-05 14:00:00+00:00,24.225,24.225,24.225,24.225,0.0
2025-06-05 15:00:00+00:00,24.225,24.225,24.225,24.225,0.0
2025-06-05 16:00:00+00:00,24.225,24.225,24.225,24.225,0.0
2025-06-05 17:00:00+00:00,24.225,24.225,24.225,24.225,0.0
2025-06-05 18:00:00+00:00,24.225,24.225,24.225,24.225,0.0
2025-06-05 19:00:00+00:00,24.225,24.225,24.225,24.225,0.0
2025-06-06 14:00:00+00:00,24.225,24.225,24.225,24.225,0.0
2025-06-06 15:00:00+00:00,24.225,24.225,24.225,24.225,0.0
2025-06-06 16:00:00+00:00,24.225,24.225,24.225,24.225,0.0
2025-06-06 17:00:00+00:00,24.225,24.225,24.225,24.225,0.0
2025-06-06 18:00:00+00:00,24.225,24.225,24.225,24.225,0.0
2025-06-06 19:00:00+00:00,24.225,24.225,24.225,24.225,0.0
2025-06-09 14:00:00+00:00,24.225,24.225,24.225,24.225,0.0
2025-06-09 15:00:00+00:00,24.225,24.225,24.225,24.225,0.0
2025-06-09 16:00:00+00:00,24.225,24.225,24.225,24.225,0.0
2025-06-09 17:00:00+00:00,24.225,24.225,24.225,24.225,0.0
2025-06-09 18:00:00+00:00,24.225,24.225,24.225,24.225,0.0
2025-06-09 19:00:00+00:00,24.225,24.225,24.225,24.225,0.0
2025-06-10 14:00:00+00:00,24.225,24.225,24.225,24.225,0.0
2025-06-10 15:00:00+00:00,24.225,24.225,24.225,24.225,0.0
2025-06-10 16:00:00+00:00,24.225,24.225,24.225,24.225,0.0
2025-06-10 17:00:00+00:00,24.225,24.225,24.225,24.225,0.0
2025-06-10 18:00:00+00:00,24.225,24.225,24.225,24.225,0.0
2025-06-10 19:00:00+00:00,24.225,24.225,24.225,24.225,0.0
2025-06-11 14:00:00+00:00,24.225,24.225,24.225,24.225,0.0
2025-06-11 15:00:00+00:00,24.225,24.225,24.225,24.225,0.0
2025-06-11 16:00:00+00:00,24.225,24.225,24.225,24.225,0.0
2025-06-11 17:00:00+00:00,24.225,24.225,24.225,24.225,0.0
2025-06-11 18:00:00+00:00,24.225,24.225,24.225,24.225,0.0
2025-06-11 19:00:00+00:00,24.225,24.23,24.225,24.23,100.0
2025-06-12 14:00:00+00:00,24.23,24.23,24.23,24.23,0.0
2025-06-12 15:00:00+00:00,24.23,24.23,24.23,24.23,0.0
2025-06-12 16:00:00+00:00,24.23,24.23,24.23,24.23,0.0
2025-06-12 17:00:00+00:00,24.23,24.23,24.23,24.23,0.0
2025-06-12 18:00:00+00:00,24.23,24.23,24.23,24.23,0.0
2025-06-12 19:00:00+00:00,24.23,24.23,24.23,24.23,0.0
2025-06-13 14:00:00+00:00,24.23,24.23,24.23,24.23,0.0
2025-06-13 15:00:00+00:00,24.23,24.23,24.23,24.23,0.0
2025-06-13 16:00:00+00:00,24.23,24.23,24.23,24.23,0.0
2025-06-13 17:00:00+00:00,24.23,24.23,24.23,24.23,0.0
2025-06-13 18:00:00+00:00,24.23,24.23,24.23,24.23,0.0
2025-06-13 19:00:00+00:00,24.23,24.23,24.23,24.23,0.0
2025-06-16 14:00:00+00:00,24.23,24.23,24.23,24.23,0.0
2025-06-16 15:00:00+00:00,24.23,24.23,24.23,24.23,0.0
2025-06-16 16:00:00+00:00,24.23,24.23,24.23,24.23,0.0
2025-06-16 17:00:00+00:00,24.23,24.23,24.23,24.23,0.0
2025-06-16 18:00:00+00:00,24.23,24.23,24.23,24.23,0.0
2025-06-16 19:00:00+00:00,24.23,24.23,24.23,24.23,0.0
2025-06-17 14:00:00+00:00,24.23,24.23,24.23,24.23,0.0
2025-06-17 15:00:00+00:00,24.23,24.23,24.23,24.23,0.0
2025-06-17 16:00:00+00:00,24.23,24.23,24.23,24.23,0.0
2025-06-17 17:00:00+00:00,24.23,24.23,24.23,24.23,0.0
2025-06-17 18:00:00+00:00,24.23,24.23,24.23,24.23,0.0
2025-06-17 19:00:00+00:00,24.23,24.23,24.23,24.23,0.0
2025-06-18 14:00:00+00:00,24.23,24.23,24.23,24.23,0.0
2025-06-18 15:00:00+00:00,24.23,24.23,24.23,24.23,0.0
2025-06-18 16:00:00+00:00,24.23,24.23,24.23,24.23,0.0
2025-06-18 17:00:00+00:00,24.23,24.23,24.23,24.23,0.0
2025-06-18 18:00:00+00:00,24.23,24.23,24.23,24.23,0.0
2025-06-18 19:00:00+00:00,24.23,24.23,24.23,24.23,0.0
2025-06-19 14:00:00+00:00,24.23,24.23,24.23,24.23,0.0
2025-06-19 15:00:00+00:00,24.23,24.23,24.23,24.23,0.0
2025-06-19 16:00:00+00:00,24.23,24.23,24.23,24.23,0.0
2025-06-19 17:00:00+00:00,24.23,24.23,24.23,24.23,0.0
2025-06-19 18:00:00+00:00,24.23,24.23,24.23,24.23,0.0
2025-06-19 19:00:00+00:00,24.23,24.23,24.23,24.23,0.0
2025-06-20 14:00:00+00:00,24.23,24.23,24.23,24.23,0.0
2025-06-20 15:00:00+00:00,24.23,24.23,24.23,24.23,0.0
2025-06-20 16:00:00+00:00,24.23,24.23,24.23,24.23,0.0
2025-06-20 17:00:00+00:00,24.23,24.23,24.23,24.23,0.0
2025-06-20 18:00:00+00:00,24.23,24.23,24.23,24.23,0.0
2025-06-20 19:00:00+00:00,24.23,24.23,24.23,24.23,0.0
2025-06-23 14:00:00+00:00,24.23,24.23,24.23,24.23,0.0
2025-06-23 15:00:00+00:00,24.23,24.23,24.23,24.23,0.0
2025-06-23 16:00:00+00:00,24.23,24.23,24.23,24.23,0.0
2025-06-23 17:00:00+00:00,24.23,24.23,24.23,24.23,0.0
2025-06-23 18:00:00+00:00,24.23,24.23,24.23,24.23,0.0
2025-06-23 19:00:00+00:00,24.23,24.23,24.23,24.23,0.0
2025-06-24 14:00:00+00:00,24.23,24.23,24.23,24.23,0.0
2025-06-24 15:00:00+00:00,24.23,24.23,24.23,24.23,0.0
2025-06-24 16:00:00+00:00,24.23,24.23,24.23,24.23,0.0
2025-06-24 17:00:00+00:00,24.23,24.23,24.23,24.23,0.0
2025-06-24 18:00:00+00:00,24.23,24.23,24.23,24.23,0.0
2025-06-24 19:00:00+00:00,24.23,24.23,24.23,24.23,0.0
2025-06-25 14:00:00+00:00,24.23,24.23,24.23,24.23,0.0
2025-06-25 15:00:00+00:00,24.23,24.23,24.23,24.23,0.0
2025-06-25 16:00:00+00:00,24.23,24.23,24.23,24.23,0.0
2025-06-25 17:00:00+00:00,24.23,24.23,24.23,24.23,0.0
2025-06-25 18:00:00+00:00,24.23,24.23,24.23,24.23,0.0
2025-06-25 19:00:00+00:00,24.23,24.23,24.23,24.23,0.0
2025-06-26 14:00:00+00:00,24.23,24.23,24.23,24.23,0.0
2025-06-26 15:00:00+00:00,24.23,24.23,24.23,24.23,0.0
2025-06-26 16:00:00+00:00,24.23,24.23,24.23,24.23,0.0
2025-06-26 17:00:00+00:00,24.23,24.23,24.23,24.23,0.0
2025-06-26 18:00:00+00:00,24.23,24.23,24.23,24.23,0.0
2025-06-26 19:00:00+00:00,24.23,24.23,24.23,24.23,0.0
2025-06-27 14:00:00+00:00,24.23,24.23,24.23,24.23,0.0
2025-06-27 15:00:00+00:00,24.23,24.23,24.23,24.23,0.0
2025-06-27 16:00:00+00:00,24.23,24.23,24.23,24.23,0.0
2025-06-27 17:00:00+00:00,24.23,24.23,24.23,24.23,0.0
2025-06-27 18:00:00+00:00,24.23,24.23,24.23,24.23,0.0
2025-06-27 19:00:00+00:00,24.23,24.42,24.23,24.42,47.0
2025-06-30 14:00:00+00:00,24.42,24.42,24.42,24.42,0.0
2025-06-30 15:00:00+00:00,24.42,24.42,24.42,24.42,0.0
2025-06-30 16:00:00+00:00,24.42,24.42,24.42,24.42,0.0
2025-06-30 17:00:00+00:00,24.42,24.42,24.42,24.42,0.0
2025-06-30 18:00:00+00:00,24.42,24.42,24.42,24.42,0.0
2025-06-30 19:00:00+00:00,24.42,24.42,24.42,24.42,0.0
2025-07-01 14:00:00+00:00,24.42,24.42,24.42,24.42,0.0
2025-07-01 15:00:00+00:00,24.42,24.42,24.42,24.42,0.0
2025-07-01 16:00:00+00:00,24.42,24.42,24.42,24.42,0.0
2025-07-01 17:00:00+00:00,24.42,24.42,24.42,24.42,0.0
2025-07-01 18:00:00+00:00,24.42,24.42,24.42,24.42,0.0
2025-07-01 19:00:00+00:00,24.42,24.42,24.42,24.42,0.0
2025-07-02 14:00:00+00:00,24.42,24.42,24.42,24.42,0.0
2025-07-02 15:00:00+00:00,24.42,24.42,24.42,24.42,0.0
2025-07-02 16:00:00+00:00,24.42,24.42,24.42,24.42,0.0
2025-07-02 17:00:00+00:00,24.42,24.42,24.42,24.42,0.0
2025-07-02 18:00:00+00:00,24.42,24.42,24.42,24.42,0.0
2025-07-02 19:00:00+00:00,24.42,24.42,24.42,24.42,0.0
2025-07-03 14:00:00+00:00,24.42,24.42,24.42,24.42,0.0
2025-07-03 15:00:00+00:00,24.42,24.42,24.42,24.42,0.0
2025-07-03 16:00:00+00:00,24.42,24.42,24.42,24.42,0.0
2025-07-03 17:00:00+00:00,24.42,24.42,24.42,24.42,0.0
2025-07-03 18:00:00+00:00,24.42,24.42,24.42,24.42,0.0
2025-07-03 19:00:00+00:00,24.42,24.42,24.42,24.42,0.0
2025-07-04 14:00:00+00:00,24.42,24.42,24.42,24.42,0.0
2025-07-04 15:00:00+00:00,24.42,24.42,24.42,24.42,0.0
2025-07-04 16:00:00+00:00,24.42,24.42,24.42,24.42,0.0
2025-07-04 17:00:00+00:00,24.42,24.42,24.42,24.42,0.0
2025-07-04 18:00:00+00:00,24.42,24.42,24.42,24.42,0.0
2025-07-04 19:00:00+00:00,24.42,24.42,24.42,24.42,0.0
2025-07-07 14:00:00+00:00,24.42,24.42,24.42,24.42,0.0
2025-07-07 15:00:00+00:00,24.42,24.42,24.42,24.42,0.0
2025-07-07 16:00:00+00:00,24.42,24.42,24.42,24.42,0.0
2025-07-07 17:00:00+00:00,24.42,24.42,24.42,24.42,0.0
2025-07-07 18:00:00+00:00,24.42,24.42,24.42,24.42,0.0
2025-07-07 19:00:00+00:00,24.42,24.42,24.41,24.41,13.0
2025-07-08 14:00:00+00:00,24.41,24.41,24.41,24.41,0.0
2025-07-08 15:00:00+00:00,24.41,24.41,24.41,24.41,0.0
2025-07-08 16:00:00+00:00,24.41,24.41,24.41,24.41,0.0
2025-07-08 17:00:00+00:00,24.41,24.41,24.41,24.41,0.0
2025-07-08 18:00:00+00:00,24.41,24.41,24.41,24.41,0.0
2025-07-08 19:00:00+00:00,24.41,24.41,24.41,24.41,0.0
2025-07-09 14:00:00+00:00,24.41,24.41,24.41,24.41,0.0
2025-07-09 15:00:00+00:00,24.41,24.41,24.41,24.41,0.0
2025-07-09 16:00:00+00:00,24.41,24.41,24.41,24.41,0.0
2025-07-09 17:00:00+00:00,24.41,24.41,24.41,24.41,0.0
2025-07-09 18:00:00+00:00,24.41,24.41,24.41,24.41,0.0
2025-07-09 19:00:00+00:00,24.41,24.41,24.41,24.41,0.0
2025-07-10 14:00:00+00:00,24.41,24.41,24.41,24.41,0.0
2025-07-10 15:00:00+00:00,24.41,24.41,24.41,24.41,0.0
2025-07-10 16:00:00+00:00,24.41,24.41,24.41,24.41,0.0
2025-07-10 17:00:00+00:00,24.41,24.41,24.41,24.41,0.0
2025-07-10 18:00:00+00:00,24.41,24.41,24.41,24.41,0.0
2025-07-10 19:00:00+00:00,24.41,24.41,24.41,24.41,0.0
2025-07-11 14:00:00+00:00,24.41,24.41,24.41,24.41,0.0
2025-07-11 15:00:00+00:00,24.41,24.41,24.41,24.41,0.0
2025-07-11 16:00:00+00:00,24.41,24.41,24.41,24.41,0.0
2025-07-11 17:00:00+00:00,24.41,24.41,24.41,24.41,0.0
2025-07-11 18:00:00+00:00,24.41,24.41,24.41,24.41,0.0
2025-07-11 19:00:00+00:00,24.41,24.41,24.41,24.41,0.0
2025-07-14 14:00:00+00:00,24.41,24.41,24.41,24.41,0.0
2025-07-14 15:00:00+00:00,24.41,24.41,24.41,24.41,0.0
2025-07-14 16:00:00+00:00,24.41,24.41,24.41,24.41,0.0
2025-07-14 17:00:00+00:00,24.41,24.41,24.41,24.41,0.0
2025-07-14 18:00:00+00:00,24.41,24.41,24.41,24.41,0.0
2025-07-14 19:00:00+00:00,24.41,24.41,24.41,24.41,0.0
2025-07-15 14:00:00+00:00,24.41,24.41,24.41,24.41,0.0
2025-07-15 15:00:00+00:00,24.41,24.41,24.41,24.41,0.0
2025-07-15 16:00:00+00:00,24.41,24.41,24.41,24.41,0.0
2025-07-15 17:00:00+00:00,24.41,24.41,24.41,24.41,0.0
2025-07-15 18:00:00+00:00,24.41,24.41,24.41,24.41,0.0
2025-07-15 19:00:00+00:00,24.41,24.41,24.41,24.41,0.0
2025-07-16 14:00:00+00:00,24.41,24.41,24.41,24.41,0.0
2025-07-16 15:00:00+00:00,24.41,24.41,24.41,24.41,0.0
2025-07-16 16:00:00+00:00,24.41,24.41,24.41,24.41,0.0
2025-07-16 17:00:00+00:00,24.41,24.41,24.41,24.41,0.0
2025-07-16 18:00:00+00:00,24.41,24.41,24.41,24.41,0.0
2025-07-16 19:00:00+00:00,24.41,24.41,24.41,24.41,0.0
2025-07-17 14:00:00+00:00,24.41,24.41,24.41,24.41,0.0
2025-07-17 15:00:00+00:00,24.41,24.41,24.41,24.41,0.0
2025-07-17 16:00:00+00:00,24.41,24.41,24.41,24.41,0.0
2025-07-17 17:00:00+00:00,24.41,24.41,24.41,24.41,0.0
2025-07-17 18:00:00+00:00,24.41,24.41,24.41,24.41,0.0
2025-07-17 19:00:00+00:00,24.41,24.41,24.41,24.41,0.0
2025-07-18 14:00:00+00:00,24.41,24.41,24.41,24.41,0.0
2025-07-18 15:00:00+00:00,24.41,24.41,24.41,24.41,0.0
2025-07-18 16:00:00+00:00,24.41,24.41,24.41,24.41,0.0
2025-07-18 17:00:00+00:00,24.41,24.41,24.41,24.41,0.0
2025-07-18 18:00:00+00:00,24.41,24.41,24.41,24.41,0.0
2025-07-18 19:00:00+00:00,24.41,24.41,24.41,24.41,0.0
2025-07-21 14:00:00+00:00,24.41,24.41,24.41,24.41,0.0
2025-07-21 15:00:00+00:00,24.41,24.41,24.41,24.41,0.0
2025-07-21 16:00:00+00:00,24.41,24.41,24.41,24.41,0.0
2025-07-21 17:00:00+00:00,24.41,24.41,24.41,24.41,0.0
2025-07-21 18:00:00+00:00,24.41,24.41,24.41,24.41,0.0
2025-07-21 19:00:00+00:00,24.41,24.41,24.41,24.41,0.0
2025-07-22 14:00:00+00:00,24.41,24.41,24.41,24.41,0.0
2025-07-22 15:00:00+00:00,24.41,24.41,24.41,24.41,0.0
2025-07-22 16:00:00+00:00,24.41,24.41,24.41,24.41,0.0
2025-07-22 17:00:00+00:00,24.41,24.41,24.41,24.41,0.0
2025-07-22 18:00:00+00:00,24.41,24.41,24.41,24.41,0.0
2025-07-22 19:00:00+00:00,24.41,24.41,24.41,24.41,0.0
2025-07-23 14:00:00+00:00,24.41,24.41,24.41,24.41,0.0
2025-07-23 15:00:00+00:00,24.41,24.41,24.41,24.41,0.0
2025-07-23 16:00:00+00:00,24.41,24.41,24.41,24.41,0.0
2025-07-23 17:00:00+00:00,24.41,24.41,24.41,24.41,0.0
2025-07-23 18:00:00+00:00,24.41,24.41,24.41,24.41,0.0
2025-07-23 19:00:00+00:00,24.41,24.41,24.41,24.41,0.0
2025-07-24 14:00:00+00:00,24.41,24.41,24.41,24.41,0.0
2025-07-24 15:00:00+00:00,24.41,24.41,24.41,24.41,0.0
2025-07-24 16:00:00+00:00,24.41,24.41,24.41,24.41,0.0
2025-07-24 17:00:00+00:00,24.41,24.41,24.41,24.41,0.0
2025-07-24 18:00:00+00:00,24.41,24.41,24.41,24.41,0.0
2025-07-24 19:00:00+00:00,24.41,24.41,24.41,24.41,0.0
2025-07-25 14:00:00+00:00,24.41,24.41,24.41,24.41,0.0
2025-07-25 15:00:00+00:00,24.41,24.41,24.41,24.41,0.0
2025-07-25 16:00:00+00:00,24.41,24.41,24.41,24.41,0.0
2025-07-25 17:00:00+00:00,24.41,24.41,24.41,24.41,0.0
2025-07-25 18:00:00+00:00,24.41,24.41,24.41,24.41,0.0
2025-07-25 19:00:00+00:00,24.41,24.41,24.41,24.41,0.0
2025-07-28 14:00:00+00:00,24.41,24.41,24.41,24.41,0.0
2025-07-28 15:00:00+00:00,24.41,24.41,24.41,24.41,0.0
2025-07-28 16:00:00+00:00,24.41,24.41,24.41,24.41,0.0
2025-07-28 17:00:00+00:00,24.41,24.41,24.41,24.41,0.0
2025-07-28 18:00:00+00:00,24.41,24.41,24.41,24.41,0.0
2025-07-28 19:00:00+00:00,24.41,24.41,24.41,24.41,0.0
2025-07-29 14:00:00+00:00,24.41,24.41,24.41,24.41,0.0
2025-07-29 15:00:00+00:00,24.41,24.41,24.41,24.41,0.0
2025-07-29 16:00:00+00:00,24.41,24.41,24.41,24.41,0.0
2025-07-29 17:00:00+00:00,24.41,24.41,24.41,24.41,0.0
2025-07-29 18:00:00+00:00,24.41,24.41,24.41,24.41,0.0
2025-07-29 19:00:00+00:00,24.41,24.41,24.41,24.41,0.0
2025-07-30 14:00:00+00:00,24.41,24.41,24.41,24.41,0.0
2025-07-30 15:00:00+00:00,24.41,24.41,24.41,24.41,0.0
2025-07-30 16:00:00+00:00,24.41,24.41,24.41,24.41,0.0
2025-07-30 17:00:00+00:00,24.41,24.41,24.41,24.41,0.0
2025-07-30 18:00:00+00:00,24.41,24.41,24.41,24.41,0.0
2025-07-30 19:00:00+00:00,24.41,24.41,24.41,24.41,0.0
2025-07-31 14:00:00+00:00,24.41,24.41,24.41,24.41,0.0
2025-07-31 15:00:00+00:00,24.41,24.41,24.41,24.41,0.0
2025-07-31 16:00:00+00:00,24.41,24.41,24.41,24.41,0.0
2025-07-31 17:00:00+00:00,24.41,24.41,24.41,24.41,0.0
2025-07-31 18:00:00+00:00,24.41,24.41,24.41,24.41,0.0
2025-07-31 19:00:00+00:00,24.41,24.41,24.41,24.41,0.0
2025-08-01 14:00:00+00:00,24.41,24.41,24.41,24.41,0.0
2025-08-01 15:00:00+00:00,24.41,24.41,24.41,24.41,0.0
2025-08-01 16:00:00+00:00,24.41,24.41,24.41,24.41,0.0
2025-08-01 17:00:00+00:00,24.41,24.41,24.41,24.41,0.0
2025-08-01 18:00:00+00:00,24.41,24.41,24.41,24.41,0.0
2025-08-01 19:00:00+00:00,24.41,24.41,24.41,24.41,0.0
2025-08-04 14:00:00+00:00,24.41,24.41,24.28,24.28,9.0
2025-08-04 15:00:00+00:00,24.28,24.28,24.28,24.28,0.0
2025-08-04 16:00:00+00:00,24.28,24.28,24.28,24.28,0.0
2025-08-04 17:00:00+00:00,24.28,24.28,24.28,24.28,0.0
2025-08-04 18:00:00+00:00,24.28,24.28,24.28,24.28,0.0
2025-08-04 19:00:00+00:00,24.28,24.28,24.28,24.28,0.0
2025-08-05 14:00:00+00:00,24.28,24.28,24.28,24.28,0.0
2025-08-05 15:00:00+00:00,24.28,24.28,24.28,24.28,0.0
2025-08-05 16:00:00+00:00,24.28,24.28,24.28,24.28,0.0
2025-08-05 17:00:00+00:00,24.28,24.28,24.28,24.28,0.0
2025-08-05 18:00:00+00:00,24.28,24.28,24.28,24.28,0.0
2025-08-05 19:00:00+00:00,24.28,24.28,24.28,24.28,0.0
2025-08-06 14:00:00+00:00,24.28,24.28,24.28,24.28,0.0
2025-08-06 15:00:00+00:00,24.28,24.28,24.28,24.28,0.0
2025-08-06 16:00:00+00:00,24.28,24.28,24.28,24.28,0.0
2025-08-06 17:00:00+00:00,24.28,24.28,24.28,24.28,0.0
2025-08-06 18:00:00+00:00,24.28,24.28,24.28,24.28,0.0
2025-08-06 19:00:00+00:00,24.28,24.29,24.28,24.29,114.0
2025-08-07 14:00:00+00:00,24.29,24.29,24.29,24.29,0.0
2025-08-07 15:00:00+00:00,24.29,24.29,24.29,24.29,0.0
2025-08-07 16:00:00+00:00,24.29,24.29,24.29,24.29,0.0
2025-08-07 17:00:00+00:00,24.29,24.29,24.29,24.29,0.0
2025-08-07 18:00:00+00:00,24.29,24.29,24.29,24.29,0.0
2025-08-07 19:00:00+00:00,24.29,24.29,24.29,24.29,0.0
2025-08-08 14:00:00+00:00,24.29,24.29,24.29,24.29,0.0
2025-08-08 15:00:00+00:00,24.29,24.29,24.29,24.29,0.0
2025-08-08 16:00:00+00:00,24.29,24.29,24.29,24.29,0.0
2025-08-08 17:00:00+00:00,24.29,24.29,24.29,24.29,0.0
2025-08-08 18:00:00+00:00,24.29,24.29,24.29,24.29,0.0
2025-08-08 19:00:00+00:00,24.29,24.29,24.29,24.29,0.0
2025-08-11 14:00:00+00:00,24.29,24.29,24.29,24.29,0.0
2025-08-11 15:00:00+00:00,24.29,24.29,24.29,24.29,0.0
2025-08-11 16:00:00+00:00,24.29,24.29,24.29,24.29,0.0
2025-08-11 17:00:00+00:00,24.29,24.29,24.29,24.29,0.0
2025-08-11 18:00:00+00:00,24.29,24.29,24.29,24.29,0.0
2025-08-11 19:00:00+00:00,24.29,24.29,24.29,24.29,0.0
2025-08-12 14:00:00+00:00,24.29,24.29,24.29,24.29,0.0
2025-08-12 15:00:00+00:00,24.29,24.29,24.29,24.29,0.0
2025-08-12 16:00:00+00:00,24.29,24.29,24.29,24.29,0.0
2025-08-12 17:00:00+00:00,24.29,24.29,24.29,24.29,0.0
2025-08-12 18:00:00+00:00,24.29,24.29,24.29,24.29,0.0
2025-08-12 19:00:00+00:00,24.29,24.29,24.29,24.29,0.0
2025-08-13 14:00:00+00:00,24.29,24.29,24.29,24.29,0.0
2025-08-13 15:00:00+00:00,24.29,24.29,24.29,24.29,0.0
2025-08-13 16:00:00+00:00,24.29,24.29,24.29,24.29,0.0
2025-08-13 17:00:00+00:00,24.29,24.29,24.29,24.29,0.0
2025-08-13 18:00:00+00:00,24.29,24.29,24.29,24.29,0.0
2025-08-13 19:00:00+00:00,24.29,24.29,24.29,24.29,0.0
2025-08-14 14:00:00+00:00,24.29,24.29,24.29,24.29,0.0
2025-08-14 15:00:00+00:00,24.29,24.29,24.29,24.29,0.0
2025-08-14 16:00:00+00:00,24.29,24.29,24.29,24.29,0.0
2025-08-14 17:00:00+00:00,24.29,24.29,24.29,24.29,0.0
2025-08-14 18:00:00+00:00,24.29,24.29,24.29,24.29,0.0
2025-08-14 19:00:00+00:00,24.29,24.29,24.29,24.29,0.0
2025-08-15 14:00:00+00:00,24.29,24.29,24.29,24.29,0.0
2025-08-15 15:00:00+00:00,24.29,24.29,24.29,24.29,0.0
2025-08-15 16:00:00+00:00,24.29,24.29,24.29,24.29,0.0
2025-08-15 17:00:00+00:00,24.29,24.29,24.29,24.29,0.0
2025-08-15 18:00:00+00:00,24.29,24.29,24.29,24.29,0.0
2025-08-15 19:00:00+00:00,24.29,24.29,24.29,24.29,0.0
2025-08-18 14:00:00+00:00,24.29,24.29,24.29,24.29,0.0
2025-08-18 15:00:00+00:00,24.29,24.29,24.29,24.29,0.0
2025-08-18 16:00:00+00:00,24.29,24.29,24.29,24.29,0.0
2025-08-18 17:00:00+00:00,24.29,24.29,24.29,24.29,0.0
2025-08-18 18:00:00+00:00,24.29,24.29,24.29,24.29,0.0
2025-08-18 19:00:00+00:00,24.29,24.29,24.29,24.29,0.0
2025-08-19 14:00:00+00:00,24.29,24.29,24.29,24.29,0.0
2025-08-19 15:00:00+00:00,24.29,24.29,24.29,24.29,0.0
2025-08-19 16:00:00+00:00,24.29,24.29,24.29,24.29,0.0
2025-08-19 17:00:00+00:00,24.29,24.29,24.29,24.29,0.0
2025-08-19 18:00:00+00:00,24.29,24.29,24.29,24.29,0.0
2025-08-19 19:00:00+00:00,24.29,24.29,24.29,24.29,0.0
2025-08-20 14:00:00+00:00,24.29,24.29,24.29,24.29,0.0
2025-08-20 15:00:00+00:00,24.29,24.29,24.29,24.29,0.0
2025-08-20 16:00:00+00:00,24.29,24.29,24.29,24.29,0.0
2025-08-20 17:00:00+00:00,24.29,24.29,24.29,24.29,0.0
2025-08-20 18:00:00+00:00,24.29,24.29,24.29,24.29,0.0
2025-08-20 19:00:00+00:00,24.29,24.29,24.29,24.29,0.0
2025-08-21 14:00:00+00:00,24.29,24.29,24.29,24.29,0.0
2025-08-21 15:00:00+00:00,24.29,24.29,24.29,24.29,0.0
2025-08-21 16:00:00+00:00,24.29,24.29,24.29,24.29,0.0
2025-08-21 17:00:00+00:00,24.29,24.29,24.29,24.29,0.0
2025-08-21 18:00:00+00:00,24.29,24.29,24.29,24.29,0.0
2025-08-21 19:00:00+00:00,24.29,24.29,24.29,24.29,0.0
2025-08-22 14:00:00+00:00,24.29,24.29,24.29,24.29,0.0
2025-08-22 15:00:00+00:00,24.29,24.29,24.29,24.29,0.0
2025-08-22 16:00:00+00:00,24.29,24.29,24.29,24.29,0.0
2025-08-22 17:00:00+00:00,24.29,24.29,24.29,24.29,0.0
2025-08-22 18:00:00+00:00,24.29,24.29,24.29,24.29,0.0
2025-08-22 19:00:00+00:00,24.29,24.29,24.29,24.29,0.0
2025-08-25 14:00:00+00:00,24.29,24.29,24.29,24.29,0.0
2025-08-25 15:00:00+00:00,24.29,24.29,24.29,24.29,0.0
2025-08-25 16:00:00+00:00,24.29,24.29,24.29,24.29,0.0
2025-08-25 17:00:00+00:00,24.29,24.29,24.29,24.29,0.0
2025-08-25 18:00:00+00:00,24.29,24.29,24.29,24.29,0.0
2025-08-25 19:00:00+00:00,24.29,24.29,24.29,24.29,0.0
2025-08-26 14:00:00+00:00,24.29,24.29,24.29,24.29,0.0
2025-08-26 15:00:00+00:00,24.29,24.29,24.29,24.29,0.0
2025-08-26 16:00:00+00:00,24.29,24.29,24.29,24.29,0.0
2025-08-26 17:00:00+00:00,24.29,24.29,24.29,24.29,0.0
2025-08-26 18:00:00+00:00,24.29,24.29,24.29,24.29,0.0
2025-08-26 19:00:00+00:00,24.29,24.29,24.29,24.29,0.0
2025-08-27 14:00:00+00:00,24.29,24.29,24.29,24.29,0.0
2025-08-27 15:00:00+00:00,24.29,24.29,24.29,24.29,0.0
2025-08-27 16:00:00+00:00,24.29,24.29,24.29,24.29,0.0
2025-08-27 17:00:00+00:00,24.29,24.29,24.29,24.29,0.0
2025-08-27 18:00:00+00:00,24.29,24.29,24.29,24.29,0.0
2025-08-27 19:00:00+00:00,24.29,24.29,24.29,24.29,0.0
2025-08-28 14:00:00+00:00,24.29,24.29,24.29,24.29,0.0
2025-08-28 15:00:00+00:00,24.29,24.29,24.29,24.29,0.0
2025-08-28 16:00:00+00:00,24.29,24.29,24.29,24.29,0.0
2025-08-28 17:00:00+00:00,24.29,24.29,24.29,24.29,0.0
2025-08-28 18:00:00+00:00,24.29,24.29,24.29,24.29,0.0
2025-08-28 19:00:00+00:00,24.29,24.29,24.29,24.29,0.0
2025-08-29 14:00:00+00:00,24.29,24.29,24.29,24.29,0.0
2025-08-29 15:00:00+00:00,24.29,24.29,24.29,24.29,0.0
2025-08-29 16:00:00+00:00,24.29,24.29,24.29,24.29,0.0
2025-08-29 17:00:00+00:00,24.29,24.29,24.29,24.29,0.0
2025-08-29 18:00:00+00:00,24.29,24.29,24.29,24.29,0.0
2025-08-29 19:00:00+00:00,24.29,24.29,24.29,24.29,0.0
2025-09-01 14:00:00+00:00,24.29,24.29,24.29,24.29,0.0
2025-09-01 15:00:00+00:00,24.29,24.29,24.29,24.29,0.0
2025-09-01 16:00:00+00:00,24.29,24.29,24.29,24.29,0.0
2025-09-01 17:00:00+00:00,24.29,24.29,24.29,24.29,0.0
2025-09-01 18:00:00+00:00,24.29,24.29,24.29,24.29,0.0
2025-09-01 19:00:00+00:00,24.29,24.29,24.29,24.29,0.0
2025-09-02 14:00:00+00:00,24.29,24.29,24.29,24.29,0.0
2025-09-02 15:00:00+00:00,24.29,24.29,24.29,24.29,0.0
2025-09-02 16:00:00+00:00,24.29,24.29,24.29,24.29,0.0
2025-09-02 17:00:00+00:00,24.29,24.29,24.29,24.29,0.0
2025-09-02 18:00:00+00:00,24.29,24.29,24.29,24.29,0.0
2025-09-02 19:00:00+00:00,24.29,24.29,24.29,24.29,0.0
2025-09-03 14:00:00+00:00,24.29,24.29,24.29,24.29,0.0
2025-09-03 15:00:00+00:00,24.29,24.29,24.29,24.29,0.0
2025-09-03 16:00:00+00:00,24.29,24.29,24.29,24.29,0.0
2025-09-03 17:00:00+00:00,24.29,24.29,24.29,24.29,0.0
2025-09-03 18:00:00+00:00,24.29,24.29,24.29,24.29,0.0
2025-09-03 19:00:00+00:00,24.29,24.29,24.29,24.29,0.0
2025-09-04 14:00:00+00:00,24.29,24.29,24.29,24.29,0.0
2025-09-04 15:00:00+00:00,24.29,24.29,24.29,24.29,0.0
2025-09-04 16:00:00+00:00,24.29,24.29,24.29,24.29,0.0
2025-09-04 17:00:00+00:00,24.29,24.29,24.29,24.29,0.0
2025-09-04 18:00:00+00:00,24.29,24.29,24.29,24.29,0.0
2025-09-04 19:00:00+00:00,24.29,24.29,24.29,24.29,0.0
2025-09-05 14:00:00+00:00,24.29,24.29,24.29,24.29,0.0
2025-09-05 15:00:00+00:00,24.29,24.29,24.29,24.29,0.0
2025-09-05 16:00:00+00:00,24.29,24.29,24.29,24.29,0.0
2025-09-05 17:00:00+00:00,24.29,24.29,24.29,24.29,0.0
2025-09-05 18:00:00+00:00,24.29,24.29,24.29,24.29,0.0
2025-09-05 19:00:00+00:00,24.29,24.29,24.29,24.29,0.0
2025-09-08 14:00:00+00:00,24.29,24.29,24.29,24.29,0.0
2025-09-08 15:00:00+00:00,24.29,24.29,24.29,24.29,0.0
2025-09-08 16:00:00+00:00,24.29,24.29,24.29,24.29,0.0
2025-09-08 17:00:00+00:00,24.29,24.29,24.29,24.29,0.0
2025-09-08 18:00:00+00:00,24.29,24.29,24.29,24.29,0.0
2025-09-08 19:00:00+00:00,24.29,24.29,24.29,24.29,0.0
2025-09-09 14:00:00+00:00,24.29,24.77,24.29,24.77,100.0
2025-09-09 15:00:00+00:00,24.77,24.77,24.77,24.77,0.0
2025-09-09 16:00:00+00:00,24.77,24.77,24.77,24.77,0.0
2025-09-09 17:00:00+00:00,24.77,24.77,24.77,24.77,0.0
2025-09-09 18:00:00+00:00,24.77,24.77,24.77,24.77,0.0
2025-09-09 19:00:00+00:00,24.77,24.77,24.77,24.77,0.0
2025-09-10 14:00:00+00:00,24.77,24.77,24.77,24.77,0.0
2025-09-10 15:00:00+00:00,24.77,24.77,24.77,24.77,0.0
2025-09-10 16:00:00+00:00,24.77,24.77,24.77,24.77,0.0
2025-09-10 17:00:00+00:00,24.77,24.77,24.77,24.77,0.0
2025-09-10 18:00:00+00:00,24.77,24.77,24.77,24.77,0.0
2025-09-10 19:00:00+00:00,24.77,24.77,24.77,24.77,0.0
2025-09-11 14:00:00+00:00,24.77,24.77,24.77,24.77,0.0
2025-09-11 15:00:00+00:00,24.77,24.77,24.77,24.77,0.0
2025-09-11 16:00:00+00:00,24.77,24.77,24.77,24.77,0.0
2025-09-11 17:00:00+00:00,24.77,24.77,24.77,24.77,0.0
2025-09-11 18:00:00+00:00,24.77,24.77,24.77,24.77,0.0
2025-09-11 19:00:00+00:00,24.77,24.77,24.77,24.77,0.0
2025-09-12 14:00:00+00:00,24.77,24.77,24.77,24.77,0.0
2025-09-12 15:00:00+00:00,24.77,24.77,24.77,24.77,0.0
2025-09-12 16:00:00+00:00,24.77,24.77,24.77,24.77,0.0
2025-09-12 17:00:00+00:00,24.77,24.77,24.77,24.77,0.0
2025-09-12 18:00:00+00:00,24.77,24.77,24.77,24.77,0.0
2025-09-12 19:00:00+00:00,24.77,24.77,24.77,24.77,0.0
2025-09-15 14:00:00+00:00,24.77,24.77,24.77,24.77,0.0
2025-09-15 15:00:00+00:00,24.77,24.77,24.77,24.77,0.0
2025-09-15 16:00:00+00:00,24.77,24.77,24.77,24.77,0.0
2025-09-15 17:00:00+00:00,24.77,24.77,24.77,24.77,0.0
2025-09-15 18:00:00+00:00,24.77,24.77,24.77,24.77,0.0
2025-09-15 19:00:00+00:00,24.77,24.77,24.77,24.77,0.0
2025-09-16 14:00:00+00:00,24.77,24.77,24.77,24.77,0.0
2025-09-16 15:00:00+00:00,24.77,24.77,24.77,24.77,0.0
2025-09-16 16:00:00+00:00,24.77,24.77,24.77,24.77,0.0
2025-09-16 17:00:00+00:00,24.77,24.77,24.77,24.77,0.0
2025-09-16 18:00:00+00:00,24.77,24.77,24.77,24.77,0.0
2025-09-16 19:00:00+00:00,24.77,24.77,24.77,24.77,0.0
2025-09-17 14:00:00+00:00,24.77,24.77,24.77,24.77,0.0
2025-09-17 15:00:00+00:00,24.77,24.77,24.77,24.77,0.0
2025-09-17 16:00:00+00:00,24.77,24.77,24.77,24.77,0.0
2025-09-17 17:00:00+00:00,24.77,24.77,24.77,24.77,0.0
2025-09-17 18:00:00+00:00,24.77,25.01,24.77,25.01,100.0
2025-09-17 19:00:00+00:00,25.01,25.01,25.01,25.01,0.0
2025-09-18 14:00:00+00:00,25.01,25.01,25.01,25.01,0.0
2025-09-18 15:00:00+00:00,25.01,25.01,25.01,25.01,0.0
2025-09-18 16:00:00+00:00,25.01,25.01,25.01,25.01,0.0
2025-09-18 17:00:00+00:00,25.01,25.01,25.01,25.01,0.0
2025-09-18 18:00:00+00:00,25.01,25.01,25.01,25.01,0.0
2025-09-18 19:00:00+00:00,25.01,25.01,25.01,25.01,0.0
2025-09-19 14:00:00+00:00,25.01,25.01,25.01,25.01,0.0
2025-09-19 15:00:00+00:00,25.01,25.01,25.01,25.01,0.0
2025-09-19 16:00:00+00:00,25.01,25.01,25.01,25.01,0.0
2025-09-19 17:00:00+00:00,25.01,25.01,25.01,25.01,0.0
2025-09-19 18:00:00+00:00,25.01,25.01,25.01,25.01,0.0
2025-09-19 19:00:00+00:00,25.01,25.01,25.01,25.01,0.0
2025-09-22 14:00:00+00:00,25.01,25.01,25.01,25.01,0.0
2025-09-22 15:00:00+00:00,25.01,25.01,25.01,25.01,0.0
2025-09-22 16:00:00+00:00,25.01,25.01,25.01,25.01,0.0
2025-09-22 17:00:00+00:00,25.01,25.01,25.01,25.01,0.0
2025-09-22 18:00:00+00:00,25.01,25.01,25.01,25.01,0.0
2025-09-22 19:00:00+00:00,25.01,25.01,25.01,25.01,0.0
2025-09-23 14:00:00+00:00,25.01,25.01,25.01,25.01,0.0
2025-09-23 15:00:00+00:00,25.01,25.01,25.01,25.01,0.0
2025-09-23 16:00:00+00:00,25.01,25.01,25.01,25.01,0.0
2025-09-23 17:00:00+00:00,25.01,25.01,25.01,25.01,0.0
2025-09-23 18:00:00+00:00,25.01,25.01,25.01,25.01,0.0
2025-09-23 19:00:00+00:00,25.01,25.01,25.01,25.01,0.0
2025-09-24 14:00:00+00:00,25.01,25.01,25.01,25.01,0.0
2025-09-24 15:00:00+00:00,25.01,25.01,25.01,25.01,0.0
2025-09-24 16:00:00+00:00,25.01,25.01,25.01,25.01,0.0
2025-09-24 17:00:00+00:00,25.01,25.01,25.01,25.01,0.0
2025-09-24 18:00:00+00:00,25.01,25.01,25.01,25.01,0.0
2025-09-24 19:00:00+00:00,25.01,25.01,25.01,25.01,0.0
2025-09-25 14:00:00+00:00,25.01,25.01,25.01,25.01,0.0
2025-09-25 15:00:00+00:00,25.01,25.01,25.01,25.01,0.0
2025-09-25 16:00:00+00:00,25.01,25.01,25.01,25.01,0.0
2025-09-25 17:00:00+00:00,25.01,25.01,25.01,25.01,0.0
2025-09-25 18:00:00+00:00,25.01,25.01,25.01,25.01,0.0
2025-09-25 19:00:00+00:00,25.01,25.01,25.01,25.01,0.0
2025-09-26 14:00:00+00:00,25.01,25.01,25.01,25.01,0.0
2025-09-26 15:00:00+00:00,25.01,25.01,25.01,25.01,0.0
2025-09-26 16:00:00+00:00,25.01,25.01,25.01,25.01,0.0
2025-09-26 17:00:00+00:00,25.01,25.01,25.01,25.01,0.0
2025-09-26 18:00:00+00:00,25.01,25.01,25.01,25.01,0.0
2025-09-26 19:00:00+00:00,25.01,25.01,25.01,25.01,0.0
2025-09-29 14:00:00+00:00,25.01,25.01,25.01,25.01,0.0
2025-09-29 15:00:00+00:00,25.01,25.01,25.01,25.01,0.0
2025-09-29 16:00:00+00:00,25.01,25.01,25.01,25.01,0.0
2025-09-29 17:00:00+00:00,25.01,25.01,25.01,25.01,0.0
2025-09-29 18:00:00+00:00,25.01,25.01,25.01,25.01,0.0
2025-09-29 19:00:00+00:00,25.01,25.01,25.01,25.01,0.0
2025-09-30 14:00:00+00:00,25.01,25.01,25.01,25.01,0.0
2025-09-30 15:00:00+00:00,25.01,25.01,25.01,25.01,0.0
2025-09-30 16:00:00+00:00,25.01,25.01,25.01,25.01,0.0
2025-09-30 17:00:00+00:00,25.01,25.01,25.01,25.01,0.0
2025-09-30 18:00:00+00:00,25.01,25.01,25.01,25.01,0.0
2025-09-30 19:00:00+00:00,25.01,25.01,25.01,25.01,0.0
2025-10-01 14:00:00+00:00,25.01,25.01,25.01,25.01,0.0
2025-10-01 15:00:00+00:00,25.01,25.01,25.01,25.01,0.0
2025-10-01 16:00:00+00:00,25.01,25.01,25.01,25.01,0.0
2025-10-01 17:00:00+00:00,25.01,25.01,25.01,25.01,0.0
2025-10-01 18:00:00+00:00,25.01,25.01,25.01,25.01,0.0
2025-10-01 19:00:00+00:00,25.01,25.01,25.01,25.01,0.0
2025-10-02 14:00:00+00:00,24.95,24.95,24.95,24.95,4.0
2025-10-02 15:00:00+00:00,24.95,24.95,24.88,24.88,36.0
2025-10-02 16:00:00+00:00,24.88,24.88,24.88,24.88,0.0
2025-10-02 17:00:00+00:00,24.88,24.88,24.88,24.88,0.0
2025-10-02 18:00:00+00:00,24.88,24.88,24.88,24.88,0.0
2025-10-02 19:00:00+00:00,24.88,24.88,24.88,24.88,0.0
2025-10-03 14:00:00+00:00,24.88,24.88,24.88,24.88,0.0
2025-10-03 15:00:00+00:00,24.88,24.88,24.88,24.88,0.0
2025-10-03 16:00:00+00:00,24.88,24.88,24.88,24.88,0.0
2025-10-03 17:00:00+00:00,24.88,24.88,24.88,24.88,0.0
2025-10-03 18:00:00+00:00,24.88,24.88,24.88,24.88,0.0
2025-10-03 19:00:00+00:00,24.88,24.88,24.88,24.88,0.0
2025-10-06 14:00:00+00:00,24.88,24.88,24.88,24.88,0.0
2025-10-06 15:00:00+00:00,24.88,24.88,24.88,24.88,0.0
2025-10-06 16:00:00+00:00,24.88,24.88,24.88,24.88,0.0
2025-10-06 17:00:00+00:00,24.88,24.88,24.88,24.88,0.0
2025-10-06 18:00:00+00:00,24.88,24.88,24.88,24.88,0.0
2025-10-06 19:00:00+00:00,24.88,24.88,24.88,24.88,0.0
2025-10-07 14:00:00+00:00,24.88,24.88,24.88,24.88,0.0
2025-10-07 15:00:00+00:00,24.88,24.88,24.88,24.88,0.0
2025-10-07 16:00:00+00:00,24.88,24.88,24.88,24.88,0.0
2025-10-07 17:00:00+00:00,24.88,24.88,24.88,24.88,0.0
2025-10-07 18:00:00+00:00,24.88,24.88,24.88,24.88,0.0
2025-10-07 19:00:00+00:00,24.88,24.88,24.88,24.88,0.0
2025-10-08 14:00:00+00:00,24.88,24.88,24.88,24.88,0.0
2025-10-08 15:00:00+00:00,24.88,24.88,24.88,24.88,0.0
2025-10-08 16:00:00+00:00,24.88,24.88,24.88,24.88,0.0
2025-10-08 17:00:00+00:00,24.88,24.88,24.88,24.88,0.0
2025-10-08 18:00:00+00:00,24.88,24.88,24.88,24.88,0.0
2025-10-08 19:00:00+00:00,24.88,24.88,24.88,24.88,0.0
2025-10-09 14:00:00+00:00,24.88,24.88,24.88,24.88,0.0
2025-10-09 15:00:00+00:00,24.88,24.88,24.88,24.88,0.0
2025-10-09 16:00:00+00:00,24.88,24.88,24.88,24.88,0.0
2025-10-09 17:00:00+00:00,24.88,24.88,24.88,24.88,0.0
2025-10-09 18:00:00+00:00,24.88,24.88,24.88,24.88,0.0
2025-10-09 19:00:00+00:00,24.88,24.88,24.88,24.88,0.0
2025-10-10 14:00:00+00:00,24.88,24.88,24.88,24.88,0.0
2025-10-10 15:00:00+00:00,24.88,24.88,24.88,24.88,0.0
2025-10-10 16:00:00+00:00,24.88,24.88,24.88,24.88,0.0
2025-10-10 17:00:00+00:00,24.88,24.88,24.88,24.88,0.0
2025-10-10 18:00:00+00:00,24.88,24.88,24.88,24.88,0.0
2025-10-10 19:00:00+00:00,24.88,24.88,24.88,24.88,0.0
2025-10-13 14:00:00+00:00,24.88,24.88,24.88,24.88,0.0
2025-10-13 15:00:00+00:00,24.88,24.88,24.88,24.88,0.0
2025-10-13 16:00:00+00:00,24.88,24.88,24.88,24.88,0.0
2025-10-13 17:00:00+00:00,24.88,24.88,24.88,24.88,0.0
2025-10-13 18:00:00+00:00,24.88,24.88,24.88,24.88,0.0
2025-10-13 19:00:00+00:00,24.88,24.88,24.88,24.88,0.0
2025-10-14 14:00:00+00:00,24.88,24.88,24.88,24.88,0.0
2025-10-14 15:00:00+00:00,24.88,24.88,24.88,24.88,0.0
2025-10-14 16:00:00+00:00,24.88,24.88,24.88,24.88,0.0
2025-10-14 17:00:00+00:00,24.88,24.88,24.88,24.88,0.0
2025-10-14 18:00:00+00:00,24.88,24.88,24.88,24.88,0.0
2025-10-14 19:00:00+00:00,24.88,24.88,24.88,24.88,0.0
2025-10-15 14:00:00+00:00,24.88,24.88,24.88,24.88,0.0
2025-10-15 15:00:00+00:00,24.88,24.88,24.88,24.88,0.0
2025-10-15 16:00:00+00:00,24.88,24.88,24.88,24.88,0.0
2025-10-15 17:00:00+00:00,24.88,24.88,24.88,24.88,0.0
2025-10-15 18:00:00+00:00,24.88,24.88,24.88,24.88,0.0
2025-10-15 19:00:00+00:00,24.88,25.08,24.88,25.08,5.0
2025-10-16 14:00:00+00:00,25.08,25.08,25.08,25.08,0.0
2025-10-16 15:00:00+00:00,25.08,25.08,25.08,25.08,0.0
2025-10-16 16:00:00+00:00,25.08,25.08,25.08,25.08,0.0
2025-10-16 17:00:00+00:00,25.08,25.08,25.08,25.08,0.0
2025-10-16 18:00:00+00:00,25.08,25.08,25.08,25.08,0.0
