date,Open,High,Low,Close,Volume
2023-08-28 14:00:00+00:00,68.23,68.27,67.84,67.9,47346.0
2023-08-28 15:00:00+00:00,67.92,68.075,67.82,67.875,4850.0
2023-08-28 16:00:00+00:00,67.87,67.97,67.81,67.955,3440.0
2023-08-28 17:00:00+00:00,67.96,68.045,67.665,67.69,4564.0
2023-08-28 18:00:00+00:00,67.7,67.805,67.575,67.785,4424.0
2023-08-28 19:00:00+00:00,67.815,67.83,67.64,67.69,40428.0
2023-08-29 14:00:00+00:00,67.74,68.005,67.67,67.745,3546.0
2023-08-29 15:00:00+00:00,67.745,68.14,67.67,68.015,10658.0
2023-08-29 16:00:00+00:00,67.96,68.01,67.765,68.0,8876.0
2023-08-29 17:00:00+00:00,67.995,68.08,67.825,68.01,6374.0
2023-08-29 18:00:00+00:00,68.01,68.395,68.01,68.35,5157.0
2023-08-29 19:00:00+00:00,68.35,68.695,68.35,68.68,20300.0
2023-08-30 14:00:00+00:00,69.14,69.335,69.03,69.255,7413.0
2023-08-30 15:00:00+00:00,69.255,69.58,69.22,69.38,8728.0
2023-08-30 16:00:00+00:00,69.375,69.48,69.285,69.34,3168.0
2023-08-30 17:00:00+00:00,69.34,69.375,69.18,69.245,5886.0
2023-08-30 18:00:00+00:00,69.25,69.255,69.055,69.255,11322.0
2023-08-30 19:00:00+00:00,69.275,69.33,69.11,69.16,15046.0
2023-08-31 14:00:00+00:00,69.965,70.095,69.825,70.055,6909.0
2023-08-31 15:00:00+00:00,70.085,70.18,70.03,70.14,6960.0
2023-08-31 16:00:00+00:00,70.14,70.38,70.08,70.33,4952.0
2023-08-31 17:00:00+00:00,70.33,70.38,69.995,70.125,9640.0
2023-08-31 18:00:00+00:00,70.125,70.17,69.805,69.83,5841.0
2023-08-31 19:00:00+00:00,69.835,69.865,69.38,69.475,8620.0
2023-09-01 14:00:00+00:00,69.84,70.175,69.815,69.895,10220.0
2023-09-01 15:00:00+00:00,69.9,70.01,69.635,69.645,5973.0
2023-09-01 16:00:00+00:00,69.645,69.975,69.585,69.925,5064.0
2023-09-01 17:00:00+00:00,69.935,69.985,69.85,69.95,2501.0
2023-09-01 18:00:00+00:00,69.965,70.025,69.81,69.905,5889.0
2023-09-01 19:00:00+00:00,69.91,70.08,69.85,69.91,9074.0
2023-09-04 14:00:00+00:00,69.91,69.91,69.91,69.91,0.0
2023-09-04 15:00:00+00:00,69.91,69.91,69.91,69.91,0.0
2023-09-04 16:00:00+00:00,69.91,69.91,69.91,69.91,0.0
2023-09-04 17:00:00+00:00,69.91,69.91,69.91,69.91,0.0
2023-09-04 18:00:00+00:00,69.91,69.91,69.91,69.91,0.0
2023-09-04 19:00:00+00:00,69.91,69.91,69.91,69.91,0.0
2023-09-05 14:00:00+00:00,69.34,69.45,69.265,69.315,7427.0
2023-09-05 15:00:00+00:00,69.33,69.33,68.845,68.86,4620.0
2023-09-05 16:00:00+00:00,68.89,68.915,68.555,68.555,5750.0
2023-09-05 17:00:00+00:00,68.545,68.555,68.33,68.555,4153.0
2023-09-05 18:00:00+00:00,68.555,68.695,68.525,68.67,4756.0
2023-09-05 19:00:00+00:00,68.68,68.88,68.595,68.6,13518.0
2023-09-06 14:00:00+00:00,68.25,68.275,67.265,67.28,12684.0
2023-09-06 15:00:00+00:00,67.28,67.315,67.025,67.115,13877.0
2023-09-06 16:00:00+00:00,67.11,67.155,66.845,66.92,10564.0
2023-09-06 17:00:00+00:00,66.92,67.02,66.625,66.93,17174.0
2023-09-06 18:00:00+00:00,66.915,67.1,66.89,67.005,13006.0
2023-09-06 19:00:00+00:00,67.005,67.005,66.765,66.93,28180.0
2023-09-07 14:00:00+00:00,67.185,67.235,66.965,67.105,8188.0
2023-09-07 15:00:00+00:00,67.105,67.17,66.835,66.875,8451.0
2023-09-07 16:00:00+00:00,66.905,67.16,66.865,67.125,4949.0
2023-09-07 17:00:00+00:00,67.145,67.43,67.145,67.375,7209.0
2023-09-07 18:00:00+00:00,67.365,67.45,67.24,67.435,6524.0
2023-09-07 19:00:00+00:00,67.445,67.555,67.41,67.42,15634.0
2023-09-08 14:00:00+00:00,67.69,68.13,67.69,68.025,1643.0
2023-09-08 15:00:00+00:00,68.0,68.11,67.905,67.96,1967.0
2023-09-08 16:00:00+00:00,67.96,68.175,67.96,68.02,5027.0
2023-09-08 17:00:00+00:00,68.025,68.025,67.72,67.73,974.0
2023-09-08 18:00:00+00:00,67.735,67.9,67.67,67.735,3552.0
2023-09-08 19:00:00+00:00,67.72,67.835,67.66,67.68,5367.0
2023-09-11 14:00:00+00:00,66.92,66.92,66.58,66.72,17022.0
2023-09-11 15:00:00+00:00,66.69,66.69,66.31,66.39,10529.0
2023-09-11 16:00:00+00:00,66.485,66.615,66.39,66.615,14473.0
2023-09-11 17:00:00+00:00,66.615,66.75,66.47,66.555,5735.0
2023-09-11 18:00:00+00:00,66.555,66.765,66.495,66.75,4733.0
2023-09-11 19:00:00+00:00,66.795,66.89,66.71,66.855,15860.0
2023-09-12 14:00:00+00:00,66.545,66.92,66.545,66.65,11539.0
2023-09-12 15:00:00+00:00,66.65,67.03,66.65,67.025,6517.0
2023-09-12 16:00:00+00:00,67.025,67.16,66.99,67.125,3511.0
2023-09-12 17:00:00+00:00,67.125,67.325,67.125,67.245,4585.0
2023-09-12 18:00:00+00:00,67.25,67.27,66.995,67.04,3886.0
2023-09-12 19:00:00+00:00,67.04,67.04,66.78,66.87,21915.0
2023-09-13 14:00:00+00:00,67.58,67.8,67.495,67.715,3070.0
2023-09-13 15:00:00+00:00,67.72,68.115,67.69,67.92,3811.0
2023-09-13 16:00:00+00:00,67.94,68.03,67.78,67.915,2719.0
2023-09-13 17:00:00+00:00,67.915,67.945,67.775,67.81,3696.0
2023-09-13 18:00:00+00:00,67.81,67.885,67.685,67.72,3994.0
2023-09-13 19:00:00+00:00,67.72,67.72,67.41,67.595,10647.0
2023-09-14 14:00:00+00:00,67.94,68.735,67.83,68.725,7905.0
2023-09-14 15:00:00+00:00,68.735,68.98,68.6,68.92,11466.0
2023-09-14 16:00:00+00:00,68.885,69.085,68.83,69.06,6245.0
2023-09-14 17:00:00+00:00,69.055,69.305,69.05,69.125,4916.0
2023-09-14 18:00:00+00:00,69.13,69.385,69.115,69.285,4447.0
2023-09-14 19:00:00+00:00,69.3,69.38,68.97,69.055,16173.0
2023-09-15 14:00:00+00:00,69.16,69.285,68.8,69.135,17183.0
2023-09-15 15:00:00+00:00,69.115,69.17,68.88,69.015,14163.0
2023-09-15 16:00:00+00:00,69.03,69.21,68.95,69.115,11874.0
2023-09-15 17:00:00+00:00,69.115,69.13,68.81,68.94,16870.0
2023-09-15 18:00:00+00:00,68.94,69.04,68.81,68.81,22963.0
2023-09-15 19:00:00+00:00,68.815,68.84,68.385,68.57,38486.0
2023-09-18 14:00:00+00:00,69.245,69.485,69.155,69.44,12100.0
2023-09-18 15:00:00+00:00,69.45,69.72,69.235,69.72,12439.0
2023-09-18 16:00:00+00:00,69.705,69.985,69.705,69.85,16728.0
2023-09-18 17:00:00+00:00,69.86,69.93,69.78,69.825,9787.0
2023-09-18 18:00:00+00:00,69.82,69.85,69.705,69.725,17510.0
2023-09-18 19:00:00+00:00,69.725,69.915,69.715,69.85,41994.0
2023-09-19 14:00:00+00:00,68.865,68.865,68.02,68.37,18094.0
2023-09-19 15:00:00+00:00,68.37,68.445,68.215,68.275,6948.0
2023-09-19 16:00:00+00:00,68.26,68.28,67.985,68.075,5171.0
2023-09-19 17:00:00+00:00,68.015,68.19,67.845,68.12,5911.0
2023-09-19 18:00:00+00:00,68.14,68.47,68.13,68.415,7432.0
2023-09-19 19:00:00+00:00,68.365,68.695,68.365,68.54,27383.0
2023-09-20 14:00:00+00:00,68.72,69.015,68.66,68.96,18752.0
2023-09-20 15:00:00+00:00,68.96,69.43,68.96,69.42,7925.0
2023-09-20 16:00:00+00:00,69.42,69.67,69.38,69.43,7638.0
2023-09-20 17:00:00+00:00,69.465,69.725,69.465,69.715,5407.0
2023-09-20 18:00:00+00:00,69.715,69.715,69.44,69.465,4260.0
2023-09-20 19:00:00+00:00,69.46,69.495,68.97,68.97,16809.0
2023-09-21 14:00:00+00:00,68.35,68.515,68.13,68.13,9772.0
2023-09-21 15:00:00+00:00,68.135,68.32,68.08,68.265,8514.0
2023-09-21 16:00:00+00:00,68.28,68.295,67.835,67.835,2532.0
2023-09-21 17:00:00+00:00,67.83,68.005,67.76,67.97,6269.0
2023-09-21 18:00:00+00:00,68.01,68.01,67.255,67.265,10049.0
2023-09-21 19:00:00+00:00,67.26,67.36,67.105,67.125,23537.0
2023-09-22 14:00:00+00:00,67.52,67.78,67.435,67.72,7527.0
2023-09-22 15:00:00+00:00,67.725,67.845,67.645,67.69,3270.0
2023-09-22 16:00:00+00:00,67.68,68.15,67.675,68.085,9272.0
2023-09-22 17:00:00+00:00,68.085,68.14,67.86,67.88,7825.0
2023-09-22 18:00:00+00:00,67.875,67.995,67.565,67.995,8547.0
2023-09-22 19:00:00+00:00,67.995,68.11,67.79,67.835,9031.0
2023-09-25 14:00:00+00:00,67.625,67.625,67.305,67.34,11401.0
2023-09-25 15:00:00+00:00,67.34,67.805,67.33,67.66,9415.0
2023-09-25 16:00:00+00:00,67.645,67.83,67.485,67.545,7540.0
2023-09-25 17:00:00+00:00,67.515,67.61,67.445,67.555,7739.0
2023-09-25 18:00:00+00:00,67.555,67.58,67.27,67.4,12322.0
2023-09-25 19:00:00+00:00,67.44,67.53,67.275,67.275,34115.0
2023-09-26 14:00:00+00:00,66.91,66.91,66.31,66.36,4118.0
2023-09-26 15:00:00+00:00,66.36,66.405,66.15,66.245,6417.0
2023-09-26 16:00:00+00:00,66.28,66.335,66.075,66.275,7078.0
2023-09-26 17:00:00+00:00,66.275,66.325,66.04,66.135,2170.0
2023-09-26 18:00:00+00:00,66.135,66.135,65.86,66.065,6613.0
2023-09-26 19:00:00+00:00,66.065,66.285,66.04,66.19,21215.0
2023-09-27 14:00:00+00:00,66.36,66.36,65.805,65.81,8187.0
2023-09-27 15:00:00+00:00,65.81,66.145,65.675,65.735,5390.0
2023-09-27 16:00:00+00:00,65.735,65.74,65.505,65.63,2232.0
2023-09-27 17:00:00+00:00,65.63,65.65,65.155,65.3,6936.0
2023-09-27 18:00:00+00:00,65.3,65.775,65.17,65.74,7724.0
2023-09-27 19:00:00+00:00,65.74,66.03,65.735,65.93,18467.0
2023-09-28 14:00:00+00:00,66.075,66.595,65.83,66.565,4241.0
2023-09-28 15:00:00+00:00,66.57,66.575,66.415,66.53,5791.0
2023-09-28 16:00:00+00:00,66.555,66.865,66.44,66.74,5707.0
2023-09-28 17:00:00+00:00,66.725,66.79,66.61,66.69,2650.0
2023-09-28 18:00:00+00:00,66.645,66.71,66.455,66.655,3810.0
2023-09-28 19:00:00+00:00,66.65,66.765,66.585,66.675,8400.0
2023-09-29 14:00:00+00:00,67.975,68.045,67.46,67.46,8970.0
2023-09-29 15:00:00+00:00,67.465,67.545,67.02,67.2,7739.0
2023-09-29 16:00:00+00:00,67.2,67.34,66.975,67.07,5897.0
2023-09-29 17:00:00+00:00,67.1,67.155,66.89,66.92,5107.0
2023-09-29 18:00:00+00:00,66.94,67.01,66.755,67.01,6433.0
2023-09-29 19:00:00+00:00,67.015,67.025,66.585,66.62,23025.0
2023-10-02 14:00:00+00:00,66.31,66.43,65.44,65.56,26497.0
2023-10-02 15:00:00+00:00,65.56,66.07,65.56,65.715,13930.0
2023-10-02 16:00:00+00:00,65.715,65.715,65.12,65.235,8881.0
2023-10-02 17:00:00+00:00,65.25,65.51,65.18,65.31,8325.0
2023-10-02 18:00:00+00:00,65.35,65.37,65.015,65.095,9699.0
2023-10-02 19:00:00+00:00,65.08,65.19,64.935,64.995,34999.0
2023-10-03 14:00:00+00:00,63.85,64.11,63.635,63.655,26096.0
2023-10-03 15:00:00+00:00,63.64,63.72,63.455,63.715,11404.0
2023-10-03 16:00:00+00:00,63.71,63.915,63.54,63.57,4392.0
2023-10-03 17:00:00+00:00,63.58,63.76,63.18,63.22,8469.0
2023-10-03 18:00:00+00:00,63.2,63.49,63.11,63.28,15125.0
2023-10-03 19:00:00+00:00,63.28,63.71,63.245,63.68,64979.0
2023-10-04 14:00:00+00:00,63.9,63.9,63.53,63.74,10666.0
2023-10-04 15:00:00+00:00,63.725,64.225,63.705,64.225,7391.0
2023-10-04 16:00:00+00:00,64.22,64.375,64.05,64.175,2670.0
2023-10-04 17:00:00+00:00,64.2,64.27,64.08,64.185,3328.0
2023-10-04 18:00:00+00:00,64.17,64.355,64.09,64.24,5746.0
2023-10-04 19:00:00+00:00,64.25,64.385,64.035,64.06,15790.0
2023-10-05 14:00:00+00:00,64.79,64.865,64.14,64.145,3750.0
2023-10-05 15:00:00+00:00,64.19,64.235,64.045,64.075,1424.0
2023-10-05 16:00:00+00:00,64.06,64.36,64.005,64.055,4884.0
2023-10-05 17:00:00+00:00,64.045,64.34,63.91,64.335,5737.0
2023-10-05 18:00:00+00:00,64.38,64.5,64.21,64.49,6623.0
2023-10-05 19:00:00+00:00,64.49,64.56,64.28,64.34,19573.0
2023-10-06 14:00:00+00:00,63.45,63.47,61.76,62.17,29818.0
2023-10-06 15:00:00+00:00,62.185,63.82,62.185,63.81,13638.0
2023-10-06 16:00:00+00:00,63.805,63.835,63.46,63.47,8808.0
2023-10-06 17:00:00+00:00,63.47,63.72,63.47,63.59,11359.0
2023-10-06 18:00:00+00:00,63.58,63.59,63.24,63.32,16285.0
2023-10-06 19:00:00+00:00,63.32,63.445,62.98,63.005,32303.0
2023-10-09 14:00:00+00:00,62.27,62.33,61.93,61.98,12143.0
2023-10-09 15:00:00+00:00,61.965,62.63,61.935,62.51,7901.0
2023-10-09 16:00:00+00:00,62.52,62.7,62.26,62.31,6409.0
2023-10-09 17:00:00+00:00,62.29,62.94,62.29,62.94,8576.0
2023-10-09 18:00:00+00:00,62.98,63.095,62.905,62.97,8866.0
2023-10-09 19:00:00+00:00,62.96,62.99,62.66,62.865,19805.0
2023-10-10 14:00:00+00:00,63.33,63.995,63.245,63.895,11132.0
2023-10-10 15:00:00+00:00,63.875,64.215,63.78,64.11,3872.0
2023-10-10 16:00:00+00:00,64.11,64.565,64.08,64.44,10368.0
2023-10-10 17:00:00+00:00,64.44,64.44,63.82,63.82,4363.0
2023-10-10 18:00:00+00:00,63.82,63.97,63.745,63.805,5516.0
2023-10-10 19:00:00+00:00,63.8,63.955,63.675,63.86,14470.0
2023-10-11 14:00:00+00:00,64.335,64.44,64.16,64.39,10369.0
2023-10-11 15:00:00+00:00,64.4,64.47,63.96,64.41,12022.0
2023-10-11 16:00:00+00:00,64.41,64.58,64.295,64.5,9302.0
2023-10-11 17:00:00+00:00,64.5,64.51,64.09,64.25,8990.0
2023-10-11 18:00:00+00:00,64.27,64.335,64.17,64.26,9725.0
2023-10-11 19:00:00+00:00,64.29,64.55,64.195,64.515,32812.0
2023-10-12 14:00:00+00:00,64.12,64.12,63.39,63.45,10974.0
2023-10-12 15:00:00+00:00,63.45,63.735,63.395,63.735,10772.0
2023-10-12 16:00:00+00:00,63.75,63.815,63.55,63.58,8602.0
2023-10-12 17:00:00+00:00,63.555,63.58,62.82,62.86,14807.0
2023-10-12 18:00:00+00:00,62.895,63.05,62.555,62.925,24370.0
2023-10-12 19:00:00+00:00,62.925,63.02,62.77,62.895,45250.0
2023-10-13 14:00:00+00:00,62.985,63.16,62.58,62.685,5691.0
2023-10-13 15:00:00+00:00,62.685,62.71,62.23,62.535,8345.0
2023-10-13 16:00:00+00:00,62.48,62.85,62.48,62.68,6430.0
2023-10-13 17:00:00+00:00,62.68,62.79,62.405,62.595,7558.0
2023-10-13 18:00:00+00:00,62.59,62.65,62.3,62.36,4714.0
2023-10-13 19:00:00+00:00,62.365,62.68,62.34,62.655,17689.0
2023-10-16 14:00:00+00:00,63.14,63.425,62.98,63.22,6596.0
2023-10-16 15:00:00+00:00,63.255,63.315,62.915,63.03,9193.0
2023-10-16 16:00:00+00:00,63.04,63.13,62.91,62.95,7167.0
2023-10-16 17:00:00+00:00,62.975,63.18,62.91,63.17,6415.0
2023-10-16 18:00:00+00:00,63.165,63.225,63.005,63.08,16180.0
2023-10-16 19:00:00+00:00,63.08,63.41,63.02,63.38,38516.0
2023-10-17 14:00:00+00:00,63.6,64.225,63.6,64.075,7770.0
2023-10-17 15:00:00+00:00,64.075,64.455,63.97,64.42,40517.0
2023-10-17 16:00:00+00:00,64.385,64.595,64.255,64.305,13390.0
2023-10-17 17:00:00+00:00,64.305,64.38,64.085,64.105,4512.0
2023-10-17 18:00:00+00:00,64.08,64.16,63.985,64.06,4028.0
2023-10-17 19:00:00+00:00,64.045,64.37,63.985,64.265,20229.0
2023-10-18 14:00:00+00:00,63.99,64.63,63.925,64.095,13081.0
2023-10-18 15:00:00+00:00,64.055,64.14,63.845,63.975,5514.0
2023-10-18 16:00:00+00:00,63.985,64.175,63.91,64.085,3330.0
2023-10-18 17:00:00+00:00,64.085,64.51,64.03,64.5,1901.0
2023-10-18 18:00:00+00:00,64.48,64.505,64.16,64.21,2443.0
2023-10-18 19:00:00+00:00,64.18,64.32,63.99,64.31,23883.0
2023-10-19 14:00:00+00:00,64.57,64.83,64.42,64.83,3868.0
2023-10-19 15:00:00+00:00,64.825,65.64,64.8,65.56,8355.0
2023-10-19 16:00:00+00:00,65.445,66.155,65.445,65.89,14746.0
2023-10-19 17:00:00+00:00,65.89,66.04,65.75,65.94,6058.0
2023-10-19 18:00:00+00:00,65.91,66.225,65.805,66.03,11018.0
2023-10-19 19:00:00+00:00,66.02,66.26,65.935,65.98,32776.0
2023-10-20 14:00:00+00:00,66.2,66.95,66.065,66.875,6929.0
2023-10-20 15:00:00+00:00,66.88,67.06,66.4,66.53,18424.0
2023-10-20 16:00:00+00:00,66.49,66.535,66.055,66.485,7384.0
2023-10-20 17:00:00+00:00,66.47,66.5,66.015,66.195,12475.0
2023-10-20 18:00:00+00:00,66.22,66.345,65.83,66.01,11571.0
2023-10-20 19:00:00+00:00,66.01,66.06,65.46,65.48,41346.0
2023-10-23 14:00:00+00:00,65.625,66.085,65.54,65.86,19751.0
2023-10-23 15:00:00+00:00,65.83,66.22,65.8,66.22,8447.0
2023-10-23 16:00:00+00:00,66.22,66.615,66.085,66.61,4785.0
2023-10-23 17:00:00+00:00,66.625,66.645,66.345,66.345,11100.0
2023-10-23 18:00:00+00:00,66.335,66.375,66.085,66.17,15076.0
2023-10-23 19:00:00+00:00,66.18,66.22,65.66,65.665,32251.0
2023-10-24 14:00:00+00:00,67.065,67.33,66.8,67.12,5210.0
2023-10-24 15:00:00+00:00,67.11,67.16,66.935,67.1,3249.0
2023-10-24 16:00:00+00:00,67.1,67.145,66.525,66.65,1194.0
2023-10-24 17:00:00+00:00,66.65,66.785,66.565,66.695,3236.0
2023-10-24 18:00:00+00:00,66.7,66.905,66.65,66.83,2967.0
2023-10-24 19:00:00+00:00,66.83,67.08,66.76,67.02,15514.0
2023-10-25 14:00:00+00:00,67.28,67.86,67.11,67.83,6156.0
2023-10-25 15:00:00+00:00,67.84,68.17,67.79,67.805,6762.0
2023-10-25 16:00:00+00:00,67.77,67.815,67.175,67.245,4921.0
2023-10-25 17:00:00+00:00,67.245,67.36,67.045,67.23,2384.0
2023-10-25 18:00:00+00:00,67.23,67.505,67.18,67.45,4396.0
2023-10-25 19:00:00+00:00,67.45,67.63,67.25,67.295,15488.0
2023-10-26 14:00:00+00:00,67.24,67.24,66.68,66.835,34804.0
2023-10-26 15:00:00+00:00,66.835,66.865,66.45,66.81,22247.0
2023-10-26 16:00:00+00:00,66.86,67.02,66.665,66.665,30846.0
2023-10-26 17:00:00+00:00,66.65,66.92,66.605,66.89,13281.0
2023-10-26 18:00:00+00:00,66.88,66.92,66.625,66.85,18397.0
2023-10-26 19:00:00+00:00,66.845,66.87,66.395,66.44,60128.0
2023-10-27 14:00:00+00:00,66.44,66.69,66.275,66.65,8083.0
2023-10-27 15:00:00+00:00,66.67,66.67,66.235,66.33,6298.0
2023-10-27 16:00:00+00:00,66.31,66.33,66.07,66.125,7030.0
2023-10-27 17:00:00+00:00,66.12,66.195,65.63,65.73,14022.0
2023-10-27 18:00:00+00:00,65.76,65.78,65.01,65.085,18617.0
2023-10-27 19:00:00+00:00,65.16,65.9,64.97,65.895,34210.0
2023-10-30 14:00:00+00:00,66.03,66.17,65.47,66.03,7475.0
2023-10-30 15:00:00+00:00,66.0,66.52,65.94,66.505,2641.0
2023-10-30 16:00:00+00:00,66.505,66.56,66.0,66.06,9193.0
2023-10-30 17:00:00+00:00,66.06,66.655,66.055,66.645,6859.0
2023-10-30 18:00:00+00:00,66.64,66.685,66.5,66.605,3031.0
2023-10-30 19:00:00+00:00,66.605,66.81,66.33,66.415,17638.0
2023-10-31 14:00:00+00:00,66.51,67.14,66.51,67.125,5911.0
2023-10-31 15:00:00+00:00,67.14,67.175,66.73,66.98,3854.0
2023-10-31 16:00:00+00:00,66.95,67.15,66.775,67.005,11956.0
2023-10-31 17:00:00+00:00,67.005,67.55,67.005,67.55,4331.0
2023-10-31 18:00:00+00:00,67.55,67.7,67.47,67.67,12760.0
2023-10-31 19:00:00+00:00,67.67,67.755,67.15,67.25,27687.0
2023-11-01 14:00:00+00:00,67.3,67.3,66.97,67.06,12640.0
2023-11-01 15:00:00+00:00,67.06,67.24,66.97,67.08,19330.0
2023-11-01 16:00:00+00:00,67.07,67.15,66.785,67.02,22777.0
2023-11-01 17:00:00+00:00,67.02,67.115,66.91,66.91,12318.0
2023-11-01 18:00:00+00:00,66.86,67.14,66.63,66.995,9604.0
2023-11-01 19:00:00+00:00,67.015,67.19,66.885,67.06,43929.0
2023-11-02 14:00:00+00:00,68.65,69.41,68.65,69.41,14206.0
2023-11-02 15:00:00+00:00,69.405,69.405,68.72,68.76,11384.0
2023-11-02 16:00:00+00:00,68.745,69.15,68.745,68.98,8030.0
2023-11-02 17:00:00+00:00,68.98,69.01,68.775,68.8,6670.0
2023-11-02 18:00:00+00:00,68.79,69.04,68.765,68.91,14861.0
2023-11-02 19:00:00+00:00,68.895,69.24,68.64,69.13,70010.0
2023-11-03 14:00:00+00:00,66.735,66.96,65.71,66.725,37476.0
2023-11-03 15:00:00+00:00,66.69,67.58,66.395,67.5,13573.0
2023-11-03 16:00:00+00:00,67.48,67.95,67.42,67.92,10022.0
2023-11-03 17:00:00+00:00,67.915,68.19,67.525,68.19,8533.0
2023-11-03 18:00:00+00:00,68.19,68.505,68.19,68.385,11055.0
2023-11-03 19:00:00+00:00,68.385,68.45,67.71,67.805,41089.0
2023-11-06 15:00:00+00:00,66.17,66.76,66.08,66.17,21356.0
2023-11-06 16:00:00+00:00,66.21,66.56,66.02,66.55,16625.0
2023-11-06 17:00:00+00:00,66.545,66.565,66.105,66.175,15969.0
2023-11-06 18:00:00+00:00,66.19,66.44,65.945,66.405,17240.0
2023-11-06 19:00:00+00:00,66.405,66.825,66.35,66.81,17888.0
2023-11-06 20:00:00+00:00,66.81,67.08,66.8,67.02,28767.0
2023-11-07 15:00:00+00:00,67.545,67.985,67.445,67.875,13563.0
2023-11-07 16:00:00+00:00,67.895,68.125,67.845,68.07,7447.0
2023-11-07 17:00:00+00:00,68.07,68.07,67.72,67.98,4837.0
2023-11-07 18:00:00+00:00,68.04,68.175,67.995,68.175,6427.0
2023-11-07 19:00:00+00:00,68.16,68.315,67.99,68.01,12565.0
2023-11-07 20:00:00+00:00,68.0,68.43,68.0,68.36,36324.0
2023-11-08 15:00:00+00:00,68.48,68.565,68.005,68.14,25413.0
2023-11-08 16:00:00+00:00,68.155,68.21,67.71,67.77,15716.0
2023-11-08 17:00:00+00:00,67.77,67.885,67.695,67.805,14693.0
2023-11-08 18:00:00+00:00,67.805,67.935,67.62,67.8,19568.0
2023-11-08 19:00:00+00:00,67.8,67.82,67.66,67.7,13371.0
2023-11-08 20:00:00+00:00,67.735,68.215,67.735,68.17,23863.0
2023-11-09 15:00:00+00:00,68.58,68.84,68.5,68.805,8163.0
2023-11-09 16:00:00+00:00,68.8,69.03,68.78,68.915,4837.0
2023-11-09 17:00:00+00:00,68.93,68.97,68.75,68.865,3272.0
2023-11-09 18:00:00+00:00,68.88,68.88,68.415,68.56,3300.0
2023-11-09 19:00:00+00:00,68.52,68.55,68.28,68.42,6467.0
2023-11-09 20:00:00+00:00,68.41,68.705,68.35,68.63,31628.0
2023-11-10 15:00:00+00:00,68.395,68.615,68.215,68.315,7979.0
2023-11-10 16:00:00+00:00,68.28,68.36,67.69,67.74,3749.0
2023-11-10 17:00:00+00:00,67.77,68.3,67.77,68.19,5930.0
2023-11-10 18:00:00+00:00,68.2,68.365,68.2,68.315,5403.0
2023-11-10 19:00:00+00:00,68.31,68.585,68.31,68.585,8739.0
2023-11-10 20:00:00+00:00,68.565,68.785,68.545,68.725,18825.0
2023-11-13 15:00:00+00:00,68.47,68.83,68.44,68.76,5083.0
2023-11-13 16:00:00+00:00,68.83,69.185,68.8,69.13,14056.0
2023-11-13 17:00:00+00:00,69.13,69.13,68.885,68.945,9947.0
2023-11-13 18:00:00+00:00,68.94,69.01,68.8,68.81,8592.0
2023-11-13 19:00:00+00:00,68.81,68.81,68.43,68.52,8066.0
2023-11-13 20:00:00+00:00,68.51,68.605,68.33,68.56,68421.0
2023-11-14 15:00:00+00:00,69.63,70.14,69.54,69.92,13642.0
2023-11-14 16:00:00+00:00,69.95,70.15,69.92,69.93,10203.0
2023-11-14 17:00:00+00:00,69.93,70.03,69.815,70.01,5208.0
2023-11-14 18:00:00+00:00,70.01,70.15,69.92,70.08,7110.0
2023-11-14 19:00:00+00:00,70.07,70.38,70.07,70.375,12447.0
2023-11-14 20:00:00+00:00,70.39,70.42,70.1,70.18,30228.0
2023-11-15 15:00:00+00:00,70.08,70.19,69.89,69.945,6757.0
2023-11-15 16:00:00+00:00,69.96,70.02,69.75,69.89,3136.0
2023-11-15 17:00:00+00:00,69.95,70.145,69.83,70.13,4236.0
2023-11-15 18:00:00+00:00,70.14,70.31,69.94,70.25,1961.0
2023-11-15 19:00:00+00:00,70.255,70.5,70.17,70.485,3047.0
2023-11-15 20:00:00+00:00,70.485,70.495,70.22,70.41,7729.0
2023-11-16 15:00:00+00:00,70.81,71.015,70.705,70.89,16911.0
2023-11-16 16:00:00+00:00,70.885,70.94,70.36,70.47,7691.0
2023-11-16 17:00:00+00:00,70.47,70.715,70.42,70.51,7248.0
2023-11-16 18:00:00+00:00,70.51,70.56,70.39,70.495,7115.0
2023-11-16 19:00:00+00:00,70.5,70.735,70.37,70.635,9924.0
2023-11-16 20:00:00+00:00,70.635,70.87,70.55,70.815,27358.0
2023-11-17 15:00:00+00:00,70.95,71.215,70.92,71.07,7776.0
2023-11-17 16:00:00+00:00,71.05,71.3,70.97,71.225,3604.0
2023-11-17 17:00:00+00:00,71.21,71.32,71.17,71.2,7276.0
2023-11-17 18:00:00+00:00,71.2,71.44,71.17,71.375,5304.0
2023-11-17 19:00:00+00:00,71.375,71.39,71.085,71.135,4872.0
2023-11-17 20:00:00+00:00,71.135,71.235,70.955,71.11,13504.0
2023-11-20 15:00:00+00:00,70.89,70.89,70.365,70.605,6893.0
2023-11-20 16:00:00+00:00,70.635,70.635,70.38,70.43,13575.0
2023-11-20 17:00:00+00:00,70.42,70.61,70.41,70.5,11890.0
2023-11-20 18:00:00+00:00,70.5,70.84,70.495,70.76,8483.0
2023-11-20 19:00:00+00:00,70.78,70.98,70.725,70.925,6187.0
2023-11-20 20:00:00+00:00,70.94,71.07,70.86,71.02,21806.0
2023-11-21 15:00:00+00:00,70.5,70.57,70.24,70.29,4378.0
2023-11-21 16:00:00+00:00,70.265,70.265,69.75,69.805,5709.0
2023-11-21 17:00:00+00:00,69.805,70.09,69.65,70.09,3891.0
2023-11-21 18:00:00+00:00,70.09,70.5,69.96,70.46,2308.0
2023-11-21 19:00:00+00:00,70.42,70.54,70.365,70.5,2774.0
2023-11-21 20:00:00+00:00,70.5,70.555,70.08,70.21,27336.0
2023-11-22 15:00:00+00:00,70.2,70.45,70.085,70.175,9208.0
2023-11-22 16:00:00+00:00,70.175,70.29,70.1,70.275,8827.0
2023-11-22 17:00:00+00:00,70.29,70.385,70.135,70.275,5900.0
2023-11-22 18:00:00+00:00,70.28,70.415,70.22,70.22,9613.0
2023-11-22 19:00:00+00:00,70.24,70.41,70.115,70.205,11329.0
2023-11-22 20:00:00+00:00,70.205,70.43,70.19,70.345,29524.0
2023-11-23 15:00:00+00:00,70.345,70.345,70.345,70.345,0.0
2023-11-23 16:00:00+00:00,70.345,70.345,70.345,70.345,0.0
2023-11-23 17:00:00+00:00,70.345,70.345,70.345,70.345,0.0
2023-11-23 18:00:00+00:00,70.345,70.345,70.345,70.345,0.0
2023-11-23 19:00:00+00:00,70.345,70.345,70.345,70.345,0.0
2023-11-23 20:00:00+00:00,70.345,70.345,70.345,70.345,0.0
2023-11-24 15:00:00+00:00,69.08,69.23,68.9,69.03,4493.0
2023-11-24 16:00:00+00:00,69.0,69.19,68.87,69.19,7957.0
2023-11-24 17:00:00+00:00,69.21,69.42,69.015,69.385,13157.0
2023-11-24 18:00:00+00:00,69.385,69.385,69.385,69.385,0.0
2023-11-24 19:00:00+00:00,69.385,69.385,69.385,69.385,0.0
2023-11-24 20:00:00+00:00,69.385,69.385,69.385,69.385,0.0
2023-11-27 15:00:00+00:00,69.495,69.69,69.33,69.51,10956.0
2023-11-27 16:00:00+00:00,69.51,70.08,69.51,69.99,4763.0
2023-11-27 17:00:00+00:00,69.99,70.25,69.965,70.23,6097.0
2023-11-27 18:00:00+00:00,70.23,70.37,70.19,70.22,3249.0
2023-11-27 19:00:00+00:00,70.23,70.395,70.22,70.39,28837.0
2023-11-27 20:00:00+00:00,70.39,70.61,70.335,70.43,29019.0
2023-11-28 15:00:00+00:00,70.02,70.34,69.965,70.195,4761.0
2023-11-28 16:00:00+00:00,70.175,70.38,70.16,70.23,2783.0
2023-11-28 17:00:00+00:00,70.23,70.23,70.075,70.14,1802.0
2023-11-28 18:00:00+00:00,70.155,70.47,70.03,70.31,5498.0
2023-11-28 19:00:00+00:00,70.33,70.33,70.08,70.175,4439.0
2023-11-28 20:00:00+00:00,70.175,70.21,70.01,70.2,25387.0
2023-11-29 15:00:00+00:00,70.02,70.12,69.735,70.0,3057.0
2023-11-29 16:00:00+00:00,70.0,70.03,69.51,69.625,2677.0
2023-11-29 17:00:00+00:00,69.62,69.78,69.605,69.67,5769.0
2023-11-29 18:00:00+00:00,69.67,69.77,69.63,69.685,6277.0
2023-11-29 19:00:00+00:00,69.685,69.77,69.48,69.535,10401.0
2023-11-29 20:00:00+00:00,69.515,69.68,69.29,69.68,18733.0
2023-11-30 15:00:00+00:00,70.25,70.44,70.12,70.42,2983.0
2023-11-30 16:00:00+00:00,70.42,70.75,70.42,70.72,14129.0
2023-11-30 17:00:00+00:00,70.73,70.86,70.67,70.81,6927.0
2023-11-30 18:00:00+00:00,70.78,70.985,70.745,70.87,8873.0
2023-11-30 19:00:00+00:00,70.88,71.025,70.81,71.01,15764.0
2023-11-30 20:00:00+00:00,70.99,71.16,70.665,71.145,21808.0
2023-12-01 15:00:00+00:00,71.39,71.595,71.275,71.55,6554.0
2023-12-01 16:00:00+00:00,71.48,72.05,71.45,71.97,8206.0
2023-12-01 17:00:00+00:00,71.99,72.34,71.94,72.235,7121.0
2023-12-01 18:00:00+00:00,72.235,72.42,72.235,72.27,3303.0
2023-12-01 19:00:00+00:00,72.27,72.545,72.23,72.53,3538.0
2023-12-01 20:00:00+00:00,72.54,72.74,72.415,72.61,22545.0
2023-12-04 15:00:00+00:00,73.175,73.34,72.95,73.21,16133.0
2023-12-04 16:00:00+00:00,73.215,73.23,72.79,73.17,10084.0
2023-12-04 17:00:00+00:00,73.17,73.24,73.075,73.165,13591.0
2023-12-04 18:00:00+00:00,73.17,73.17,72.985,73.095,8441.0
2023-12-04 19:00:00+00:00,73.12,73.17,72.96,73.065,10398.0
2023-12-04 20:00:00+00:00,73.09,73.37,72.99,73.21,37125.0
2023-12-05 15:00:00+00:00,73.24,73.42,72.56,72.86,9914.0
2023-12-05 16:00:00+00:00,72.86,73.1,72.76,73.07,6013.0
2023-12-05 17:00:00+00:00,73.11,73.2,72.94,73.095,4742.0
2023-12-05 18:00:00+00:00,73.105,73.28,73.105,73.17,1931.0
2023-12-05 19:00:00+00:00,73.155,73.185,72.88,72.985,2096.0
2023-12-05 20:00:00+00:00,72.975,73.1,72.775,73.015,12669.0
2023-12-06 15:00:00+00:00,73.845,73.985,73.605,73.665,8870.0
2023-12-06 16:00:00+00:00,73.665,73.78,73.56,73.745,7134.0
2023-12-06 17:00:00+00:00,73.765,73.93,73.56,73.62,5318.0
2023-12-06 18:00:00+00:00,73.62,73.855,73.58,73.75,2956.0
2023-12-06 19:00:00+00:00,73.765,73.765,73.45,73.45,4235.0
2023-12-06 20:00:00+00:00,73.44,73.5,73.265,73.335,15405.0
2023-12-07 15:00:00+00:00,72.885,73.035,72.7,73.035,2518.0
2023-12-07 16:00:00+00:00,73.035,73.115,72.575,72.72,5387.0
2023-12-07 17:00:00+00:00,72.69,72.755,72.5,72.72,2272.0
2023-12-07 18:00:00+00:00,72.72,72.84,72.665,72.84,1690.0
2023-12-07 19:00:00+00:00,72.89,72.91,72.72,72.81,3607.0
2023-12-07 20:00:00+00:00,72.78,73.005,72.685,72.735,8308.0
2023-12-08 15:00:00+00:00,72.45,72.455,71.805,72.36,5379.0
2023-12-08 16:00:00+00:00,72.36,72.44,71.89,72.0,3641.0
2023-12-08 17:00:00+00:00,72.0,72.21,72.0,72.175,1813.0
2023-12-08 18:00:00+00:00,72.18,72.195,72.02,72.13,4169.0
2023-12-08 19:00:00+00:00,72.13,72.2,71.95,71.985,5731.0
2023-12-08 20:00:00+00:00,71.98,72.13,71.9,71.9,23777.0
2023-12-11 15:00:00+00:00,71.635,71.895,71.62,71.77,8457.0
2023-12-11 16:00:00+00:00,71.77,72.07,71.67,72.07,6684.0
2023-12-11 17:00:00+00:00,72.07,72.15,71.8,71.86,5105.0
2023-12-11 18:00:00+00:00,71.86,72.28,71.86,72.28,2304.0
2023-12-11 19:00:00+00:00,72.31,72.31,72.07,72.11,3675.0
2023-12-11 20:00:00+00:00,72.1,72.34,72.005,72.29,22992.0
2023-12-12 15:00:00+00:00,72.49,72.79,72.48,72.715,5427.0
2023-12-12 16:00:00+00:00,72.72,73.165,72.685,73.02,2152.0
2023-12-12 17:00:00+00:00,73.015,73.275,73.0,73.215,4700.0
2023-12-12 18:00:00+00:00,73.215,73.285,73.07,73.255,3335.0
2023-12-12 19:00:00+00:00,73.255,73.325,73.18,73.3,6960.0
2023-12-12 20:00:00+00:00,73.3,73.52,73.235,73.515,15390.0
2023-12-13 15:00:00+00:00,73.49,73.94,73.28,73.78,1786.0
2023-12-13 16:00:00+00:00,73.78,73.78,73.47,73.535,1900.0
2023-12-13 17:00:00+00:00,73.465,73.5,73.37,73.44,2437.0
2023-12-13 18:00:00+00:00,73.43,73.45,73.36,73.435,4269.0
2023-12-13 19:00:00+00:00,73.44,74.25,73.44,74.24,3342.0
2023-12-13 20:00:00+00:00,74.22,74.45,74.095,74.45,8859.0
2023-12-14 15:00:00+00:00,74.56,74.78,74.49,74.66,6831.0
2023-12-14 16:00:00+00:00,74.64,74.705,74.24,74.3,8733.0
2023-12-14 17:00:00+00:00,74.24,74.41,74.06,74.06,3232.0
2023-12-14 18:00:00+00:00,73.97,74.09,73.63,73.69,6138.0
2023-12-14 19:00:00+00:00,73.75,74.35,73.725,74.35,5977.0
2023-12-14 20:00:00+00:00,74.35,74.35,73.99,74.12,9284.0
2023-12-15 15:00:00+00:00,73.48,73.78,73.12,73.78,6411.0
2023-12-15 16:00:00+00:00,73.78,73.865,73.605,73.8,4828.0
2023-12-15 17:00:00+00:00,73.8,74.06,73.735,73.985,5671.0
2023-12-15 18:00:00+00:00,73.955,73.96,73.39,73.455,5794.0
2023-12-15 19:00:00+00:00,73.49,73.715,73.415,73.665,8538.0
2023-12-15 20:00:00+00:00,73.68,73.83,73.55,73.735,23064.0
2023-12-18 15:00:00+00:00,74.78,75.07,74.64,75.055,8422.0
2023-12-18 16:00:00+00:00,75.055,75.085,74.825,74.825,5074.0
2023-12-18 17:00:00+00:00,74.87,75.14,74.87,75.085,3815.0
2023-12-18 18:00:00+00:00,75.08,75.305,75.04,75.305,2096.0
2023-12-18 19:00:00+00:00,75.305,75.38,75.13,75.31,3014.0
2023-12-18 20:00:00+00:00,75.29,75.49,75.22,75.335,17758.0
2023-12-19 15:00:00+00:00,76.39,76.74,76.32,76.64,8798.0
2023-12-19 16:00:00+00:00,76.605,76.61,76.14,76.28,8391.0
2023-12-19 17:00:00+00:00,76.28,76.625,76.28,76.58,7424.0
2023-12-19 18:00:00+00:00,76.58,76.76,76.485,76.755,8267.0
2023-12-19 19:00:00+00:00,76.765,76.9,76.57,76.57,9280.0
2023-12-19 20:00:00+00:00,76.59,76.91,76.43,76.89,33912.0
2023-12-20 15:00:00+00:00,76.04,76.04,75.685,75.745,4347.0
2023-12-20 16:00:00+00:00,75.745,75.92,75.735,75.88,2194.0
2023-12-20 17:00:00+00:00,75.88,76.02,75.705,75.945,2011.0
2023-12-20 18:00:00+00:00,75.94,75.94,75.28,75.33,3058.0
2023-12-20 19:00:00+00:00,75.285,75.525,74.965,75.06,5914.0
2023-12-20 20:00:00+00:00,75.045,75.065,74.645,74.73,16414.0
2023-12-21 15:00:00+00:00,75.78,76.325,75.78,76.125,2239.0
2023-12-21 16:00:00+00:00,76.14,76.21,75.905,75.975,2201.0
2023-12-21 17:00:00+00:00,75.935,76.105,75.645,75.65,1782.0
2023-12-21 18:00:00+00:00,75.725,76.185,75.695,76.105,1557.0
2023-12-21 19:00:00+00:00,76.095,76.345,76.095,76.33,1757.0
2023-12-21 20:00:00+00:00,76.305,76.54,76.25,76.35,9364.0
2023-12-22 15:00:00+00:00,77.205,77.57,77.16,77.285,8792.0
2023-12-22 16:00:00+00:00,77.22,77.38,77.05,77.08,1742.0
2023-12-22 17:00:00+00:00,77.08,77.22,77.015,77.14,1613.0
2023-12-22 18:00:00+00:00,77.14,77.26,77.045,77.26,1618.0
2023-12-22 19:00:00+00:00,77.255,77.5,77.075,77.5,2812.0
2023-12-22 20:00:00+00:00,77.505,77.55,77.31,77.465,19242.0
2023-12-25 15:00:00+00:00,77.465,77.465,77.465,77.465,0.0
2023-12-25 16:00:00+00:00,77.465,77.465,77.465,77.465,0.0
2023-12-25 17:00:00+00:00,77.465,77.465,77.465,77.465,0.0
2023-12-25 18:00:00+00:00,77.465,77.465,77.465,77.465,0.0
2023-12-25 19:00:00+00:00,77.465,77.465,77.465,77.465,0.0
2023-12-25 20:00:00+00:00,77.465,77.465,77.465,77.465,0.0
2023-12-26 15:00:00+00:00,77.575,77.88,77.575,77.64,5731.0
2023-12-26 16:00:00+00:00,77.66,77.87,77.605,77.84,12035.0
2023-12-26 17:00:00+00:00,77.84,77.85,77.64,77.66,8312.0
2023-12-26 18:00:00+00:00,77.66,77.81,77.65,77.81,6266.0
2023-12-26 19:00:00+00:00,77.83,77.97,77.745,77.97,7770.0
2023-12-26 20:00:00+00:00,77.975,78.03,77.885,77.96,16507.0
2023-12-27 15:00:00+00:00,78.21,78.22,78.0,78.15,7388.0
2023-12-27 16:00:00+00:00,78.155,78.29,78.075,78.075,4725.0
2023-12-27 17:00:00+00:00,78.06,78.15,78.025,78.08,3045.0
2023-12-27 18:00:00+00:00,78.07,78.205,78.06,78.135,3106.0
2023-12-27 19:00:00+00:00,78.105,78.255,77.985,78.225,2879.0
2023-12-27 20:00:00+00:00,78.25,78.33,78.07,78.235,5167.0
2023-12-28 15:00:00+00:00,78.145,78.255,78.03,78.045,3275.0
2023-12-28 16:00:00+00:00,78.045,78.08,77.895,77.895,2474.0
2023-12-28 17:00:00+00:00,77.895,78.13,77.895,78.06,1971.0
2023-12-28 18:00:00+00:00,78.065,78.1,77.89,78.075,3227.0
2023-12-28 19:00:00+00:00,78.075,78.235,78.075,78.21,3514.0
2023-12-28 20:00:00+00:00,78.215,78.31,78.07,78.13,11841.0
2023-12-29 15:00:00+00:00,78.265,78.335,78.015,78.11,2499.0
2023-12-29 16:00:00+00:00,78.11,78.26,77.95,77.955,2310.0
2023-12-29 17:00:00+00:00,77.965,78.17,77.865,78.165,1149.0
2023-12-29 18:00:00+00:00,78.165,78.33,78.135,78.215,1412.0
2023-12-29 19:00:00+00:00,78.23,78.305,78.205,78.305,1451.0
2023-12-29 20:00:00+00:00,78.31,78.37,78.07,78.12,7685.0
2024-01-01 15:00:00+00:00,78.12,78.12,78.12,78.12,0.0
2024-01-01 16:00:00+00:00,78.12,78.12,78.12,78.12,0.0
2024-01-01 17:00:00+00:00,78.12,78.12,78.12,78.12,0.0
2024-01-01 18:00:00+00:00,78.12,78.12,78.12,78.12,0.0
2024-01-01 19:00:00+00:00,78.12,78.12,78.12,78.12,0.0
2024-01-01 20:00:00+00:00,78.12,78.12,78.12,78.12,0.0
2024-01-02 15:00:00+00:00,77.94,77.985,77.44,77.5,2650.0
2024-01-02 16:00:00+00:00,77.485,77.52,77.085,77.29,1594.0
2024-01-02 17:00:00+00:00,77.29,77.355,76.855,76.88,2088.0
2024-01-02 18:00:00+00:00,76.88,77.025,76.79,76.825,2084.0
2024-01-02 19:00:00+00:00,76.825,76.92,76.73,76.85,3217.0
2024-01-02 20:00:00+00:00,76.83,76.99,76.79,76.92,9702.0
2024-01-03 15:00:00+00:00,77.35,77.51,76.89,76.95,2406.0
2024-01-03 16:00:00+00:00,76.95,77.175,76.95,77.01,2537.0
2024-01-03 17:00:00+00:00,77.01,77.125,76.97,77.06,2706.0
2024-01-03 18:00:00+00:00,77.06,77.08,76.81,76.895,1514.0
2024-01-03 19:00:00+00:00,76.97,77.005,76.78,76.865,4939.0
2024-01-03 20:00:00+00:00,76.845,76.855,76.38,76.39,14541.0
2024-01-04 15:00:00+00:00,76.74,76.74,76.39,76.395,1452.0
2024-01-04 16:00:00+00:00,76.42,76.795,76.42,76.695,2575.0
2024-01-04 17:00:00+00:00,76.69,76.755,75.935,76.0,8965.0
2024-01-04 18:00:00+00:00,76.005,76.195,75.97,75.995,5563.0
2024-01-04 19:00:00+00:00,75.995,76.02,75.77,75.985,5626.0
2024-01-04 20:00:00+00:00,75.95,76.335,75.93,76.33,8337.0
2024-01-05 15:00:00+00:00,76.77,77.035,76.71,76.84,5130.0
2024-01-05 16:00:00+00:00,76.84,76.92,76.36,76.39,11009.0
2024-01-05 17:00:00+00:00,76.39,76.42,76.135,76.335,2788.0
2024-01-05 18:00:00+00:00,76.27,76.64,76.19,76.57,2014.0
2024-01-05 19:00:00+00:00,76.57,76.65,76.3,76.33,7094.0
2024-01-05 20:00:00+00:00,76.315,76.44,76.195,76.355,43637.0
2024-01-08 15:00:00+00:00,77.09,77.18,76.955,76.995,4364.0
2024-01-08 16:00:00+00:00,76.995,77.175,76.825,77.165,4425.0
2024-01-08 17:00:00+00:00,77.18,77.345,76.915,77.345,3143.0
2024-01-08 18:00:00+00:00,77.345,77.4,77.25,77.38,3196.0
2024-01-08 19:00:00+00:00,77.39,77.775,77.365,77.745,5677.0
2024-01-08 20:00:00+00:00,77.735,78.23,77.7,78.17,24816.0
2024-01-09 15:00:00+00:00,77.525,77.525,77.125,77.22,13608.0
2024-01-09 16:00:00+00:00,77.21,77.685,77.165,77.685,3704.0
2024-01-09 17:00:00+00:00,77.67,77.75,77.53,77.55,3019.0
2024-01-09 18:00:00+00:00,77.56,77.86,77.555,77.84,3541.0
2024-01-09 19:00:00+00:00,77.84,77.945,77.76,77.915,5922.0
2024-01-09 20:00:00+00:00,77.955,78.07,77.89,77.89,11336.0
2024-01-10 15:00:00+00:00,79.2,79.43,78.95,79.27,12248.0
2024-01-10 16:00:00+00:00,79.3,79.42,79.13,79.13,11118.0
2024-01-10 17:00:00+00:00,79.125,79.175,79.05,79.14,5555.0
2024-01-10 18:00:00+00:00,79.08,79.105,78.88,78.885,3928.0
2024-01-10 19:00:00+00:00,78.88,79.03,78.825,78.93,6124.0
2024-01-10 20:00:00+00:00,78.935,78.935,78.555,78.64,29157.0
2024-01-11 15:00:00+00:00,77.97,77.97,77.36,77.435,2777.0
2024-01-11 16:00:00+00:00,77.435,77.495,77.28,77.42,2070.0
2024-01-11 17:00:00+00:00,77.415,77.69,77.41,77.635,3183.0
2024-01-11 18:00:00+00:00,77.625,78.03,77.6,77.995,4817.0
2024-01-11 19:00:00+00:00,78.015,78.1,77.94,78.07,3517.0
2024-01-11 20:00:00+00:00,78.07,78.33,77.98,78.19,13067.0
2024-01-12 15:00:00+00:00,78.26,78.47,78.075,78.165,1668.0
2024-01-12 16:00:00+00:00,78.145,78.48,78.145,78.48,2279.0
2024-01-12 17:00:00+00:00,78.5,78.605,78.39,78.555,3572.0
2024-01-12 18:00:00+00:00,78.595,78.65,78.565,78.64,2011.0
2024-01-12 19:00:00+00:00,78.63,78.7,78.275,78.305,4634.0
2024-01-12 20:00:00+00:00,78.29,78.505,78.255,78.485,14571.0
2024-01-15 15:00:00+00:00,78.485,78.485,78.485,78.485,0.0
2024-01-15 16:00:00+00:00,78.485,78.485,78.485,78.485,0.0
2024-01-15 17:00:00+00:00,78.485,78.485,78.485,78.485,0.0
2024-01-15 18:00:00+00:00,78.485,78.485,78.485,78.485,0.0
2024-01-15 19:00:00+00:00,78.485,78.485,78.485,78.485,0.0
2024-01-15 20:00:00+00:00,78.485,78.485,78.485,78.485,0.0
2024-01-16 15:00:00+00:00,76.7,76.7,75.99,76.04,6482.0
2024-01-16 16:00:00+00:00,75.99,76.175,75.58,75.61,9435.0
2024-01-16 17:00:00+00:00,75.64,75.84,75.45,75.725,6370.0
2024-01-16 18:00:00+00:00,75.7,75.825,75.4,75.465,4054.0
2024-01-16 19:00:00+00:00,75.465,75.905,75.19,75.905,4224.0
2024-01-16 20:00:00+00:00,75.905,75.96,75.68,75.81,21845.0
2024-01-17 15:00:00+00:00,75.4,76.01,75.4,75.97,10615.0
2024-01-17 16:00:00+00:00,75.995,76.09,75.65,76.015,8512.0
2024-01-17 17:00:00+00:00,76.015,76.095,75.86,76.035,7786.0
2024-01-17 18:00:00+00:00,76.03,76.06,75.805,75.865,7848.0
2024-01-17 19:00:00+00:00,75.88,76.11,75.78,76.05,12314.0
2024-01-17 20:00:00+00:00,76.05,76.07,75.815,75.87,30244.0
2024-01-18 15:00:00+00:00,77.14,77.165,76.62,76.72,4470.0
2024-01-18 16:00:00+00:00,76.69,76.785,76.58,76.58,1953.0
2024-01-18 17:00:00+00:00,76.55,76.57,76.36,76.46,4443.0
2024-01-18 18:00:00+00:00,76.47,76.635,76.34,76.55,1611.0
2024-01-18 19:00:00+00:00,76.55,76.83,76.55,76.73,3605.0
2024-01-18 20:00:00+00:00,76.73,76.85,76.63,76.765,20467.0
2024-01-19 15:00:00+00:00,76.62,76.88,76.445,76.45,3291.0
2024-01-19 16:00:00+00:00,76.395,76.575,76.08,76.225,1906.0
2024-01-19 17:00:00+00:00,76.185,76.45,76.045,76.45,1928.0
2024-01-19 18:00:00+00:00,76.45,76.655,76.425,76.645,2580.0
2024-01-19 19:00:00+00:00,76.66,76.78,76.57,76.66,2532.0
2024-01-19 20:00:00+00:00,76.65,76.965,76.645,76.85,13290.0
2024-01-22 15:00:00+00:00,76.72,76.98,76.33,76.355,12151.0
2024-01-22 16:00:00+00:00,76.355,76.385,76.115,76.135,5522.0
2024-01-22 17:00:00+00:00,76.12,76.17,75.685,75.69,9271.0
2024-01-22 18:00:00+00:00,75.69,75.92,75.49,75.92,12585.0
2024-01-22 19:00:00+00:00,75.95,76.025,75.59,75.705,4863.0
2024-01-22 20:00:00+00:00,75.78,75.86,75.53,75.53,25146.0
2024-01-23 15:00:00+00:00,75.73,75.75,75.405,75.45,8189.0
2024-01-23 16:00:00+00:00,75.46,75.525,75.3,75.36,6135.0
2024-01-23 17:00:00+00:00,75.36,75.53,75.29,75.51,4327.0
2024-01-23 18:00:00+00:00,75.51,75.635,75.455,75.505,7775.0
2024-01-23 19:00:00+00:00,75.505,75.85,75.49,75.575,14228.0
2024-01-23 20:00:00+00:00,75.575,76.06,75.52,75.96,32022.0
2024-01-24 15:00:00+00:00,76.115,76.39,75.905,76.37,5673.0
2024-01-24 16:00:00+00:00,76.37,76.445,76.2,76.395,3367.0
2024-01-24 17:00:00+00:00,76.395,76.51,76.315,76.485,4338.0
2024-01-24 18:00:00+00:00,76.455,76.455,76.2,76.24,4715.0
2024-01-24 19:00:00+00:00,76.23,76.265,76.05,76.24,7534.0
2024-01-24 20:00:00+00:00,76.255,76.36,76.1,76.155,18248.0
2024-01-25 15:00:00+00:00,76.89,76.93,76.39,76.53,3809.0
2024-01-25 16:00:00+00:00,76.535,76.69,76.46,76.555,5312.0
2024-01-25 17:00:00+00:00,76.56,76.61,76.26,76.34,3291.0
2024-01-25 18:00:00+00:00,76.345,76.54,76.325,76.465,2443.0
2024-01-25 19:00:00+00:00,76.465,76.78,76.395,76.76,3246.0
2024-01-25 20:00:00+00:00,76.76,76.82,76.65,76.785,7366.0
2024-01-26 15:00:00+00:00,76.94,77.015,76.72,76.915,3421.0
2024-01-26 16:00:00+00:00,76.91,76.99,76.81,76.985,2448.0
2024-01-26 17:00:00+00:00,76.985,76.99,76.795,76.86,4170.0
2024-01-26 18:00:00+00:00,76.835,76.89,76.79,76.855,4376.0
2024-01-26 19:00:00+00:00,76.855,76.98,76.765,76.92,3285.0
2024-01-26 20:00:00+00:00,76.925,76.975,76.8,76.885,30997.0
2024-01-29 15:00:00+00:00,77.11,77.125,76.93,77.085,5923.0
2024-01-29 16:00:00+00:00,77.085,77.715,77.04,77.715,6497.0
2024-01-29 17:00:00+00:00,77.72,77.835,77.7,77.805,8018.0
2024-01-29 18:00:00+00:00,77.815,78.215,77.75,78.1,4653.0
2024-01-29 19:00:00+00:00,78.08,78.34,78.08,78.22,5830.0
2024-01-29 20:00:00+00:00,78.275,78.765,78.27,78.755,27449.0
2024-01-30 15:00:00+00:00,78.3,78.79,78.16,78.75,5347.0
2024-01-30 16:00:00+00:00,78.75,78.75,78.395,78.68,21181.0
2024-01-30 17:00:00+00:00,78.675,78.675,78.47,78.525,8572.0
2024-01-30 18:00:00+00:00,78.525,78.675,78.525,78.59,4640.0
2024-01-30 19:00:00+00:00,78.62,79.045,78.615,78.975,7566.0
2024-01-30 20:00:00+00:00,78.97,79.005,78.67,78.695,25284.0
2024-01-31 15:00:00+00:00,79.59,79.59,79.005,79.155,8550.0
2024-01-31 16:00:00+00:00,79.15,79.26,78.74,78.96,10964.0
2024-01-31 17:00:00+00:00,78.96,79.28,78.96,79.18,4468.0
2024-01-31 18:00:00+00:00,79.175,79.255,79.06,79.145,3642.0
2024-01-31 19:00:00+00:00,79.2,79.2,78.435,78.445,5987.0
2024-01-31 20:00:00+00:00,78.45,78.46,77.82,78.065,18034.0
2024-02-01 15:00:00+00:00,78.725,79.12,78.6,78.635,5547.0
2024-02-01 16:00:00+00:00,78.61,79.245,78.475,79.2,4958.0
2024-02-01 17:00:00+00:00,79.2,79.415,79.035,79.205,2890.0
2024-02-01 18:00:00+00:00,79.22,79.225,78.995,79.145,1987.0
2024-02-01 19:00:00+00:00,79.145,79.35,79.105,79.35,2030.0
2024-02-01 20:00:00+00:00,79.365,79.505,79.29,79.415,3751.0
2024-02-02 15:00:00+00:00,78.42,78.67,78.28,78.6,2556.0
2024-02-02 16:00:00+00:00,78.625,78.78,78.595,78.64,3287.0
2024-02-02 17:00:00+00:00,78.65,78.675,78.32,78.53,4406.0
2024-02-02 18:00:00+00:00,78.535,79.08,78.535,79.08,2592.0
2024-02-02 19:00:00+00:00,79.08,79.525,79.08,79.41,4222.0
2024-02-02 20:00:00+00:00,79.375,79.57,79.245,79.3,11381.0
2024-02-05 15:00:00+00:00,78.15,78.15,77.38,77.67,5765.0
2024-02-05 16:00:00+00:00,77.67,77.93,77.575,77.67,3932.0
2024-02-05 17:00:00+00:00,77.67,77.855,77.56,77.56,6207.0
2024-02-05 18:00:00+00:00,77.56,77.99,77.495,77.69,12678.0
2024-02-05 19:00:00+00:00,77.69,77.88,77.62,77.695,4346.0
2024-02-05 20:00:00+00:00,77.685,77.74,77.33,77.435,28429.0
2024-02-06 15:00:00+00:00,76.45,77.13,76.165,77.115,16112.0
2024-02-06 16:00:00+00:00,77.115,77.22,76.685,76.75,10654.0
2024-02-06 17:00:00+00:00,76.75,76.97,76.705,76.91,11544.0
2024-02-06 18:00:00+00:00,76.89,77.03,76.39,76.59,11032.0
2024-02-06 19:00:00+00:00,76.605,76.625,76.28,76.4,22802.0
2024-02-06 20:00:00+00:00,76.4,76.58,76.23,76.34,41343.0
2024-02-07 15:00:00+00:00,77.37,77.485,77.11,77.45,19896.0
2024-02-07 16:00:00+00:00,77.435,77.5,77.08,77.26,10611.0
2024-02-07 17:00:00+00:00,77.26,77.335,76.98,77.04,6304.0
2024-02-07 18:00:00+00:00,77.035,77.13,76.81,76.95,9720.0
2024-02-07 19:00:00+00:00,76.97,77.17,76.97,76.97,10552.0
2024-02-07 20:00:00+00:00,76.97,77.05,76.605,76.83,31007.0
2024-02-08 15:00:00+00:00,76.57,76.62,76.22,76.26,10011.0
2024-02-08 16:00:00+00:00,76.2,76.495,76.07,76.47,7872.0
2024-02-08 17:00:00+00:00,76.47,76.745,76.44,76.655,6200.0
2024-02-08 18:00:00+00:00,76.66,77.065,76.655,76.975,5684.0
2024-02-08 19:00:00+00:00,76.98,77.355,76.98,77.355,12531.0
2024-02-08 20:00:00+00:00,77.35,77.38,77.05,77.22,22723.0
2024-02-09 15:00:00+00:00,76.815,77.1,76.72,76.875,6856.0
2024-02-09 16:00:00+00:00,76.88,76.95,76.7,76.755,2889.0
2024-02-09 17:00:00+00:00,76.75,77.055,76.75,77.0,3309.0
2024-02-09 18:00:00+00:00,77.0,77.03,76.84,76.895,5581.0
2024-02-09 19:00:00+00:00,76.92,77.15,76.87,76.87,10525.0
2024-02-09 20:00:00+00:00,76.87,77.04,76.805,77.01,19072.0
2024-02-12 15:00:00+00:00,78.0,78.62,77.85,78.52,5213.0
2024-02-12 16:00:00+00:00,78.53,78.83,78.45,78.48,6231.0
2024-02-12 17:00:00+00:00,78.525,78.54,78.275,78.36,6705.0
2024-02-12 18:00:00+00:00,78.36,78.46,78.195,78.335,9758.0
2024-02-12 19:00:00+00:00,78.335,78.345,77.805,77.905,17615.0
2024-02-12 20:00:00+00:00,77.91,78.4,77.89,78.325,28565.0
2024-02-13 15:00:00+00:00,74.9,76.0,74.77,75.715,45584.0
2024-02-13 16:00:00+00:00,75.755,76.205,75.08,75.51,26551.0
2024-02-13 17:00:00+00:00,75.27,75.81,74.875,74.94,16527.0
2024-02-13 18:00:00+00:00,74.94,75.33,74.805,75.08,16589.0
2024-02-13 19:00:00+00:00,75.065,75.205,74.62,75.005,34293.0
2024-02-13 20:00:00+00:00,74.95,75.12,74.425,74.765,56743.0
2024-02-14 15:00:00+00:00,76.39,76.505,75.92,76.505,8609.0
2024-02-14 16:00:00+00:00,76.52,76.97,76.47,76.8,5691.0
2024-02-14 17:00:00+00:00,76.75,76.85,76.56,76.835,3211.0
2024-02-14 18:00:00+00:00,76.85,76.895,76.495,76.865,4143.0
2024-02-14 19:00:00+00:00,76.83,76.83,76.385,76.4,6624.0
2024-02-14 20:00:00+00:00,76.42,76.63,76.245,76.58,40813.0
2024-02-15 15:00:00+00:00,77.87,77.925,77.43,77.485,14213.0
2024-02-15 16:00:00+00:00,77.47,77.495,77.03,77.06,15292.0
2024-02-15 17:00:00+00:00,77.09,77.21,76.64,76.935,9464.0
2024-02-15 18:00:00+00:00,76.935,77.065,74.815,76.32,60205.0
2024-02-15 19:00:00+00:00,76.24,76.32,75.635,75.8,16252.0
2024-02-15 20:00:00+00:00,75.79,76.17,75.73,76.0,20291.0
2024-02-16 15:00:00+00:00,76.23,76.64,76.115,76.465,14866.0
2024-02-16 16:00:00+00:00,76.565,77.28,76.565,77.19,8655.0
2024-02-16 17:00:00+00:00,77.19,77.36,76.96,77.285,8836.0
2024-02-16 18:00:00+00:00,77.28,77.62,77.215,77.56,3768.0
2024-02-16 19:00:00+00:00,77.55,77.68,77.335,77.475,6462.0
2024-02-16 20:00:00+00:00,77.44,77.45,77.065,77.185,37147.0
2024-02-19 15:00:00+00:00,77.185,77.185,77.185,77.185,0.0
2024-02-19 16:00:00+00:00,77.185,77.185,77.185,77.185,0.0
2024-02-19 17:00:00+00:00,77.185,77.185,77.185,77.185,0.0
2024-02-19 18:00:00+00:00,77.185,77.185,77.185,77.185,0.0
2024-02-19 19:00:00+00:00,77.185,77.185,77.185,77.185,0.0
2024-02-19 20:00:00+00:00,77.185,77.185,77.185,77.185,0.0
2024-02-20 15:00:00+00:00,76.845,76.875,76.48,76.5,8234.0
2024-02-20 16:00:00+00:00,76.59,76.81,76.39,76.43,5414.0
2024-02-20 17:00:00+00:00,76.43,76.43,76.07,76.295,2757.0
2024-02-20 18:00:00+00:00,76.31,76.36,76.12,76.225,2346.0
2024-02-20 19:00:00+00:00,76.2,76.31,76.075,76.295,4001.0
2024-02-20 20:00:00+00:00,76.25,76.325,76.01,76.325,14643.0
2024-02-21 15:00:00+00:00,76.05,76.12,75.72,75.845,5801.0
2024-02-21 16:00:00+00:00,75.84,76.0,75.67,75.72,3326.0
2024-02-21 17:00:00+00:00,75.735,75.8,75.62,75.76,3100.0
2024-02-21 18:00:00+00:00,75.75,75.76,75.455,75.54,3134.0
2024-02-21 19:00:00+00:00,75.565,75.8,75.53,75.77,2474.0
2024-02-21 20:00:00+00:00,75.75,75.815,75.42,75.76,9371.0
2024-02-22 15:00:00+00:00,75.985,75.985,75.47,75.62,5841.0
2024-02-22 16:00:00+00:00,75.635,75.775,75.52,75.605,3951.0
2024-02-22 17:00:00+00:00,75.625,75.81,75.57,75.66,3667.0
2024-02-22 18:00:00+00:00,75.65,75.715,75.51,75.515,17381.0
2024-02-22 19:00:00+00:00,75.52,75.72,75.51,75.54,19020.0
2024-02-22 20:00:00+00:00,75.54,75.605,75.245,75.35,26358.0
2024-02-23 15:00:00+00:00,75.34,75.65,75.28,75.36,3822.0
2024-02-23 16:00:00+00:00,75.36,75.955,75.2,75.835,4731.0
2024-02-23 17:00:00+00:00,75.83,76.25,75.83,76.115,1361.0
2024-02-23 18:00:00+00:00,76.115,76.295,76.09,76.155,2592.0
2024-02-23 19:00:00+00:00,76.155,76.17,75.925,76.02,3059.0
2024-02-23 20:00:00+00:00,76.03,76.23,76.02,76.165,12565.0
2024-02-26 15:00:00+00:00,76.07,76.095,75.68,75.91,12161.0
2024-02-26 16:00:00+00:00,75.91,76.43,75.83,76.42,16264.0
2024-02-26 17:00:00+00:00,76.43,76.505,76.29,76.35,18958.0
2024-02-26 18:00:00+00:00,76.36,76.505,76.145,76.24,11180.0
2024-02-26 19:00:00+00:00,76.24,76.42,76.23,76.315,14797.0
2024-02-26 20:00:00+00:00,76.32,76.555,76.28,76.39,18904.0
2024-02-27 15:00:00+00:00,75.71,75.89,75.575,75.77,6536.0
2024-02-27 16:00:00+00:00,75.77,75.885,75.69,75.8,4562.0
2024-02-27 17:00:00+00:00,75.78,75.85,75.44,75.45,2702.0
2024-02-27 18:00:00+00:00,75.42,75.64,75.19,75.265,4499.0
2024-02-27 19:00:00+00:00,75.25,75.38,75.075,75.375,10043.0
2024-02-27 20:00:00+00:00,75.375,75.655,75.375,75.54,17520.0
2024-02-28 15:00:00+00:00,75.65,75.91,75.58,75.7,3542.0
2024-02-28 16:00:00+00:00,75.705,75.84,75.45,75.775,5956.0
2024-02-28 17:00:00+00:00,75.75,75.98,75.735,75.84,1969.0
2024-02-28 18:00:00+00:00,75.89,76.27,75.845,76.22,1586.0
2024-02-28 19:00:00+00:00,76.22,76.35,76.2,76.31,4109.0
2024-02-28 20:00:00+00:00,76.275,76.56,76.22,76.5,17642.0
2024-02-29 15:00:00+00:00,76.99,77.2,76.81,77.17,6811.0
2024-02-29 16:00:00+00:00,77.17,77.35,77.07,77.295,8174.0
2024-02-29 17:00:00+00:00,77.295,77.35,76.97,77.145,11504.0
2024-02-29 18:00:00+00:00,77.145,77.145,76.94,76.96,5921.0
2024-02-29 19:00:00+00:00,76.985,77.53,76.985,77.505,13406.0
2024-02-29 20:00:00+00:00,77.51,77.905,77.445,77.665,23473.0
2024-03-01 15:00:00+00:00,76.93,77.97,76.745,77.77,7196.0
2024-03-01 16:00:00+00:00,77.795,77.81,77.17,77.265,5019.0
2024-03-01 17:00:00+00:00,77.265,77.47,77.22,77.22,2699.0
2024-03-01 18:00:00+00:00,77.215,77.32,77.05,77.26,2324.0
2024-03-01 19:00:00+00:00,77.265,77.69,77.265,77.61,8971.0
2024-03-01 20:00:00+00:00,77.61,77.735,77.49,77.71,8927.0
2024-03-04 15:00:00+00:00,77.95,78.05,77.57,78.05,4478.0
2024-03-04 16:00:00+00:00,78.05,78.225,77.89,78.21,3360.0
2024-03-04 17:00:00+00:00,78.21,78.21,77.57,77.72,3856.0
2024-03-04 18:00:00+00:00,77.75,77.86,77.615,77.65,3331.0
2024-03-04 19:00:00+00:00,77.64,77.925,77.56,77.78,1568.0
2024-03-04 20:00:00+00:00,77.8,78.07,77.695,78.05,8070.0
2024-03-05 15:00:00+00:00,78.4,78.75,78.095,78.61,1739.0
2024-03-05 16:00:00+00:00,78.625,79.485,78.58,79.4,9051.0
2024-03-05 17:00:00+00:00,79.39,79.595,79.27,79.51,5638.0
2024-03-05 18:00:00+00:00,79.53,79.58,79.26,79.26,4258.0
2024-03-05 19:00:00+00:00,79.28,79.31,79.0,79.085,5503.0
2024-03-05 20:00:00+00:00,79.1,79.175,78.825,79.13,14185.0
2024-03-06 15:00:00+00:00,80.675,81.025,80.3,80.515,6606.0
2024-03-06 16:00:00+00:00,80.54,81.185,80.49,81.08,7009.0
2024-03-06 17:00:00+00:00,81.08,81.19,80.91,80.925,1547.0
2024-03-06 18:00:00+00:00,80.93,80.965,80.615,80.78,4202.0
2024-03-06 19:00:00+00:00,80.795,80.985,80.52,80.985,9702.0
2024-03-06 20:00:00+00:00,80.975,81.295,80.88,81.24,21200.0
2024-03-07 15:00:00+00:00,81.04,81.075,80.16,80.7,5079.0
2024-03-07 16:00:00+00:00,80.78,80.825,80.55,80.74,6553.0
2024-03-07 17:00:00+00:00,80.74,80.86,80.645,80.8,3132.0
2024-03-07 18:00:00+00:00,80.805,81.125,80.795,81.115,6086.0
2024-03-07 19:00:00+00:00,81.12,81.15,80.9,80.98,4764.0
2024-03-07 20:00:00+00:00,80.98,80.98,80.585,80.605,17631.0
2024-03-08 15:00:00+00:00,80.665,80.845,80.355,80.61,9840.0
2024-03-08 16:00:00+00:00,80.61,80.71,80.355,80.49,2783.0
2024-03-08 17:00:00+00:00,80.47,80.55,80.01,80.07,2105.0
2024-03-08 18:00:00+00:00,80.05,80.12,79.765,79.92,5966.0
2024-03-08 19:00:00+00:00,79.92,79.98,79.565,79.715,18419.0
2024-03-08 20:00:00+00:00,79.73,79.83,79.565,79.735,23803.0
2024-03-11 14:00:00+00:00,79.725,79.725,79.3,79.67,3838.0
2024-03-11 15:00:00+00:00,79.82,80.03,79.64,80.015,5058.0
2024-03-11 16:00:00+00:00,80.02,80.225,79.975,80.19,6057.0
2024-03-11 17:00:00+00:00,80.19,80.3,80.105,80.25,4402.0
2024-03-11 18:00:00+00:00,80.25,80.5,80.195,80.445,7996.0
2024-03-11 19:00:00+00:00,80.435,80.495,80.305,80.33,19573.0
2024-03-12 14:00:00+00:00,81.22,81.705,81.055,81.68,2119.0
2024-03-12 15:00:00+00:00,81.65,81.66,81.39,81.58,2026.0
2024-03-12 16:00:00+00:00,81.61,81.68,81.435,81.46,2906.0
2024-03-12 17:00:00+00:00,81.505,81.875,81.425,81.875,9203.0
2024-03-12 18:00:00+00:00,81.875,82.09,81.77,81.9,5873.0
2024-03-12 19:00:00+00:00,81.89,81.95,81.53,81.88,10989.0
2024-03-13 14:00:00+00:00,82.18,82.58,82.16,82.57,13284.0
2024-03-13 15:00:00+00:00,82.61,82.96,82.54,82.83,5291.0
2024-03-13 16:00:00+00:00,82.83,82.91,82.69,82.785,8064.0
2024-03-13 17:00:00+00:00,82.795,83.275,82.775,83.185,6320.0
2024-03-13 18:00:00+00:00,83.18,83.18,82.84,82.935,10922.0
2024-03-13 19:00:00+00:00,82.94,83.15,82.73,82.82,21096.0
2024-03-14 14:00:00+00:00,81.39,81.62,80.89,80.99,11125.0
2024-03-14 15:00:00+00:00,81.0,81.12,80.72,81.06,6132.0
2024-03-14 16:00:00+00:00,81.035,81.41,80.94,81.22,4293.0
2024-03-14 17:00:00+00:00,81.19,81.41,81.105,81.41,4719.0
2024-03-14 18:00:00+00:00,81.46,81.54,81.27,81.27,8832.0
2024-03-14 19:00:00+00:00,81.19,81.63,81.12,81.545,12752.0
2024-03-15 14:00:00+00:00,80.62,80.62,79.74,79.935,6073.0
2024-03-15 15:00:00+00:00,79.935,80.225,79.86,79.905,12249.0
2024-03-15 16:00:00+00:00,79.905,79.97,79.55,79.55,8998.0
2024-03-15 17:00:00+00:00,79.565,79.81,79.52,79.73,9216.0
2024-03-15 18:00:00+00:00,79.715,79.775,79.45,79.45,3898.0
2024-03-15 19:00:00+00:00,79.44,79.52,78.865,78.975,14157.0
2024-03-18 14:00:00+00:00,79.895,80.075,79.57,80.075,6844.0
2024-03-18 15:00:00+00:00,80.075,80.14,79.565,79.795,3282.0
2024-03-18 16:00:00+00:00,79.79,79.96,79.45,79.75,3298.0
2024-03-18 17:00:00+00:00,79.75,80.19,79.74,80.17,4600.0
2024-03-18 18:00:00+00:00,80.22,80.57,80.11,80.56,6280.0
2024-03-18 19:00:00+00:00,80.56,80.65,80.33,80.605,13919.0
2024-03-19 14:00:00+00:00,80.835,80.99,80.575,80.86,2346.0
2024-03-19 15:00:00+00:00,80.86,80.86,80.35,80.74,2122.0
2024-03-19 16:00:00+00:00,80.74,80.89,80.67,80.78,2400.0
2024-03-19 17:00:00+00:00,80.78,80.87,80.49,80.53,2914.0
2024-03-19 18:00:00+00:00,80.5,80.725,80.445,80.725,7947.0
2024-03-19 19:00:00+00:00,80.725,80.97,80.58,80.96,7360.0
2024-03-20 14:00:00+00:00,79.965,80.765,79.965,80.71,4020.0
2024-03-20 15:00:00+00:00,80.71,80.785,80.3,80.59,3025.0
2024-03-20 16:00:00+00:00,80.59,80.79,80.53,80.67,8815.0
2024-03-20 17:00:00+00:00,80.67,80.83,80.535,80.67,3636.0
2024-03-20 18:00:00+00:00,80.7,80.96,80.56,80.8,3606.0
2024-03-20 19:00:00+00:00,80.79,80.95,80.58,80.87,9063.0
2024-03-21 14:00:00+00:00,80.66,80.76,80.57,80.66,1938.0
2024-03-21 15:00:00+00:00,80.635,81.14,80.55,81.095,1121.0
2024-03-21 16:00:00+00:00,81.07,81.13,80.84,81.1,1881.0
2024-03-21 17:00:00+00:00,81.1,81.14,80.905,81.01,1783.0
2024-03-21 18:00:00+00:00,81.02,81.04,80.755,80.84,2523.0
2024-03-21 19:00:00+00:00,80.84,80.86,80.48,80.48,8948.0
2024-03-22 14:00:00+00:00,79.98,80.07,79.87,79.97,3907.0
2024-03-22 15:00:00+00:00,79.975,79.975,79.585,79.67,3603.0
2024-03-22 16:00:00+00:00,79.67,79.67,79.38,79.51,2728.0
2024-03-22 17:00:00+00:00,79.49,79.735,79.445,79.735,2560.0
2024-03-22 18:00:00+00:00,79.74,79.745,79.46,79.67,6324.0
2024-03-22 19:00:00+00:00,79.65,79.65,79.19,79.235,21627.0
2024-03-25 14:00:00+00:00,79.0,79.11,78.81,79.08,2476.0
2024-03-25 15:00:00+00:00,79.03,79.25,78.965,79.1,1945.0
2024-03-25 16:00:00+00:00,79.1,79.1,78.775,78.845,1685.0
2024-03-25 17:00:00+00:00,78.845,78.925,78.795,78.925,4024.0
2024-03-25 18:00:00+00:00,78.955,78.955,78.68,78.75,5697.0
2024-03-25 19:00:00+00:00,78.735,78.765,78.6,78.67,9468.0
2024-03-26 14:00:00+00:00,78.91,79.22,78.785,79.2,6210.0
2024-03-26 15:00:00+00:00,79.22,79.31,78.825,78.895,2318.0
2024-03-26 16:00:00+00:00,78.895,78.895,78.67,78.87,4052.0
2024-03-26 17:00:00+00:00,78.86,78.955,78.63,78.67,4837.0
2024-03-26 18:00:00+00:00,78.67,78.81,78.56,78.8,13115.0
2024-03-26 19:00:00+00:00,78.785,79.01,78.69,78.71,6062.0
2024-03-27 14:00:00+00:00,79.09,79.09,78.56,78.68,4001.0
2024-03-27 15:00:00+00:00,78.68,78.78,78.53,78.56,2776.0
2024-03-27 16:00:00+00:00,78.575,78.755,78.465,78.69,4620.0
2024-03-27 17:00:00+00:00,78.685,78.895,78.64,78.64,3953.0
2024-03-27 18:00:00+00:00,78.645,79.065,78.62,79.01,8810.0
2024-03-27 19:00:00+00:00,79.01,79.105,78.77,79.095,43621.0
2024-03-28 14:00:00+00:00,79.72,80.02,79.58,79.69,8798.0
2024-03-28 15:00:00+00:00,79.69,79.8,79.48,79.62,4902.0
2024-03-28 16:00:00+00:00,79.59,79.64,79.37,79.515,11783.0
2024-03-28 17:00:00+00:00,79.515,79.515,79.35,79.47,5830.0
2024-03-28 18:00:00+00:00,79.475,79.535,79.355,79.53,5044.0
2024-03-28 19:00:00+00:00,79.53,79.675,79.42,79.445,14664.0
2024-03-29 14:00:00+00:00,79.445,79.445,79.445,79.445,0.0
2024-03-29 15:00:00+00:00,79.445,79.445,79.445,79.445,0.0
2024-03-29 16:00:00+00:00,79.445,79.445,79.445,79.445,0.0
2024-03-29 17:00:00+00:00,79.445,79.445,79.445,79.445,0.0
2024-03-29 18:00:00+00:00,79.445,79.445,79.445,79.445,0.0
2024-03-29 19:00:00+00:00,79.445,79.445,79.445,79.445,0.0
2024-04-01 14:00:00+00:00,78.29,78.39,77.91,78.06,3318.0
2024-04-01 15:00:00+00:00,78.115,78.55,78.115,78.42,6212.0
2024-04-01 16:00:00+00:00,78.425,78.55,78.4,78.47,5399.0
2024-04-01 17:00:00+00:00,78.44,78.67,78.36,78.48,5853.0
2024-04-01 18:00:00+00:00,78.48,78.48,78.32,78.38,7211.0
2024-04-01 19:00:00+00:00,78.38,78.475,78.33,78.435,21152.0
2024-04-02 14:00:00+00:00,77.78,77.875,77.26,77.485,7313.0
2024-04-02 15:00:00+00:00,77.44,77.72,77.4,77.59,4464.0
2024-04-02 16:00:00+00:00,77.47,77.8,77.43,77.795,1543.0
2024-04-02 17:00:00+00:00,77.795,77.84,77.62,77.805,1937.0
2024-04-02 18:00:00+00:00,77.805,77.97,77.78,77.795,2093.0
2024-04-02 19:00:00+00:00,77.79,77.94,77.74,77.93,14011.0
2024-04-03 14:00:00+00:00,77.715,77.875,76.505,76.77,22828.0
2024-04-03 15:00:00+00:00,76.74,77.135,76.65,76.77,3454.0
2024-04-03 16:00:00+00:00,76.795,77.06,76.79,76.915,5676.0
2024-04-03 17:00:00+00:00,76.92,77.17,76.81,77.085,5750.0
2024-04-03 18:00:00+00:00,77.11,77.15,76.985,77.095,4928.0
2024-04-03 19:00:00+00:00,77.095,77.095,76.655,76.715,16516.0
2024-04-04 14:00:00+00:00,76.55,76.69,76.19,76.68,7456.0
2024-04-04 15:00:00+00:00,76.705,76.84,76.325,76.34,8761.0
2024-04-04 16:00:00+00:00,76.34,76.34,75.96,76.03,30981.0
2024-04-04 17:00:00+00:00,76.045,76.275,75.93,75.93,5554.0
2024-04-04 18:00:00+00:00,75.93,75.93,74.9,75.09,13060.0
2024-04-04 19:00:00+00:00,75.05,75.36,74.525,74.57,13041.0
2024-04-05 14:00:00+00:00,74.64,74.98,74.39,74.96,9228.0
2024-04-05 15:00:00+00:00,74.96,74.96,74.52,74.935,5006.0
2024-04-05 16:00:00+00:00,74.935,75.035,74.595,74.675,4625.0
2024-04-05 17:00:00+00:00,74.68,74.77,74.42,74.465,4415.0
2024-04-05 18:00:00+00:00,74.48,74.67,74.285,74.38,9147.0
2024-04-05 19:00:00+00:00,74.37,74.575,74.29,74.435,17521.0
2024-04-08 14:00:00+00:00,74.82,74.82,74.24,74.245,3410.0
2024-04-08 15:00:00+00:00,74.245,74.41,74.0,74.05,5278.0
2024-04-08 16:00:00+00:00,74.05,74.255,74.0,74.185,6486.0
2024-04-08 17:00:00+00:00,74.1,74.43,74.02,74.43,3597.0
2024-04-08 18:00:00+00:00,74.39,74.61,74.3,74.605,5110.0
2024-04-08 19:00:00+00:00,74.605,74.75,74.27,74.395,19154.0
2024-04-09 14:00:00+00:00,74.105,74.27,73.745,74.005,10434.0
2024-04-09 15:00:00+00:00,74.005,74.375,74.005,74.075,8050.0
2024-04-09 16:00:00+00:00,74.145,74.18,73.98,74.02,7693.0
2024-04-09 17:00:00+00:00,74.03,74.36,74.015,74.19,9607.0
2024-04-09 18:00:00+00:00,74.2,74.21,73.96,74.0,13586.0
2024-04-09 19:00:00+00:00,74.0,74.38,73.96,74.105,19863.0
2024-04-10 14:00:00+00:00,72.48,72.68,72.42,72.5,15848.0
2024-04-10 15:00:00+00:00,72.52,72.575,72.25,72.45,4180.0
2024-04-10 16:00:00+00:00,72.45,72.53,72.215,72.34,8412.0
2024-04-10 17:00:00+00:00,72.345,72.45,72.03,72.04,7727.0
2024-04-10 18:00:00+00:00,72.02,72.24,71.89,72.175,17989.0
2024-04-10 19:00:00+00:00,72.16,72.535,72.1,72.465,33450.0
2024-04-11 14:00:00+00:00,72.01,72.01,71.495,71.81,5223.0
2024-04-11 15:00:00+00:00,71.81,72.24,71.785,72.235,4414.0
2024-04-11 16:00:00+00:00,72.2,72.51,72.19,72.44,7098.0
2024-04-11 17:00:00+00:00,72.44,72.905,72.44,72.79,5322.0
2024-04-11 18:00:00+00:00,72.79,72.895,72.71,72.72,2332.0
2024-04-11 19:00:00+00:00,72.72,72.72,72.18,72.195,11907.0
2024-04-12 14:00:00+00:00,71.14,71.23,70.84,71.14,3240.0
2024-04-12 15:00:00+00:00,71.19,71.5,71.19,71.365,2062.0
2024-04-12 16:00:00+00:00,71.3,71.42,71.24,71.25,1912.0
2024-04-12 17:00:00+00:00,71.25,71.495,71.075,71.49,4405.0
2024-04-12 18:00:00+00:00,71.43,71.445,70.995,71.115,12422.0
2024-04-12 19:00:00+00:00,71.11,71.275,71.025,71.245,12937.0
2024-04-15 14:00:00+00:00,71.62,71.62,71.12,71.255,12587.0
2024-04-15 15:00:00+00:00,71.255,71.52,71.18,71.27,10772.0
2024-04-15 16:00:00+00:00,71.26,71.27,70.835,70.89,7164.0
2024-04-15 17:00:00+00:00,70.78,70.825,70.245,70.435,11163.0
2024-04-15 18:00:00+00:00,70.475,70.485,70.215,70.385,8602.0
2024-04-15 19:00:00+00:00,70.385,70.58,70.265,70.53,29948.0
2024-04-16 14:00:00+00:00,69.65,70.325,69.425,70.145,12483.0
2024-04-16 15:00:00+00:00,70.145,70.705,70.14,70.55,7997.0
2024-04-16 16:00:00+00:00,70.56,70.95,70.55,70.91,4399.0
2024-04-16 17:00:00+00:00,70.9,70.9,70.47,70.74,9768.0
2024-04-16 18:00:00+00:00,70.74,71.05,70.44,70.82,2782.0
2024-04-16 19:00:00+00:00,70.835,70.975,70.69,70.81,16293.0
2024-04-17 14:00:00+00:00,71.165,71.335,70.97,71.08,7754.0
2024-04-17 15:00:00+00:00,71.08,71.085,70.7,70.945,8955.0
2024-04-17 16:00:00+00:00,70.9,70.9,70.73,70.835,4009.0
2024-04-17 17:00:00+00:00,70.82,71.045,70.81,70.98,7957.0
2024-04-17 18:00:00+00:00,70.98,71.14,70.805,70.825,9063.0
2024-04-17 19:00:00+00:00,70.79,71.02,70.71,70.73,24912.0
2024-04-18 14:00:00+00:00,71.06,71.23,70.855,71.225,11745.0
2024-04-18 15:00:00+00:00,71.225,71.51,71.095,71.225,15614.0
2024-04-18 16:00:00+00:00,71.225,71.28,70.95,71.085,11058.0
2024-04-18 17:00:00+00:00,71.09,71.09,70.85,71.02,5888.0
2024-04-18 18:00:00+00:00,70.965,71.15,70.695,71.12,9418.0
2024-04-18 19:00:00+00:00,71.1,71.55,71.08,71.38,23218.0
2024-04-19 14:00:00+00:00,71.415,71.685,71.17,71.545,5950.0
2024-04-19 15:00:00+00:00,71.47,71.565,71.305,71.36,3039.0
2024-04-19 16:00:00+00:00,71.36,71.475,71.2,71.44,4512.0
2024-04-19 17:00:00+00:00,71.44,71.555,71.41,71.515,1540.0
2024-04-19 18:00:00+00:00,71.515,71.52,71.215,71.29,2249.0
2024-04-19 19:00:00+00:00,71.275,71.43,71.155,71.4,8084.0
2024-04-22 14:00:00+00:00,71.985,72.52,71.97,72.385,5988.0
2024-04-22 15:00:00+00:00,72.365,72.495,72.22,72.47,4069.0
2024-04-22 16:00:00+00:00,72.485,73.005,72.485,73.005,3912.0
2024-04-22 17:00:00+00:00,73.025,73.525,72.87,73.525,7191.0
2024-04-22 18:00:00+00:00,73.54,73.86,73.44,73.68,10059.0
2024-04-22 19:00:00+00:00,73.63,73.715,73.25,73.31,14517.0
2024-04-23 14:00:00+00:00,73.83,73.91,73.615,73.82,2845.0
2024-04-23 15:00:00+00:00,73.82,74.23,73.69,74.23,6639.0
2024-04-23 16:00:00+00:00,74.23,74.23,74.04,74.23,1849.0
2024-04-23 17:00:00+00:00,74.23,74.57,74.23,74.4,1806.0
2024-04-23 18:00:00+00:00,74.4,74.5,74.29,74.29,2850.0
2024-04-23 19:00:00+00:00,74.33,74.455,74.2,74.35,18761.0
2024-04-24 14:00:00+00:00,74.06,74.06,73.68,73.69,5465.0
2024-04-24 15:00:00+00:00,73.61,73.635,73.255,73.485,5534.0
2024-04-24 16:00:00+00:00,73.485,73.56,73.13,73.315,2327.0
2024-04-24 17:00:00+00:00,73.315,73.69,73.28,73.56,6526.0
2024-04-24 18:00:00+00:00,73.56,73.91,73.5,73.82,5992.0
2024-04-24 19:00:00+00:00,73.8,73.885,73.61,73.61,19697.0
2024-04-25 14:00:00+00:00,72.675,72.85,72.575,72.8,5928.0
2024-04-25 15:00:00+00:00,72.8,73.48,72.8,73.44,4392.0
2024-04-25 16:00:00+00:00,73.405,73.555,73.225,73.36,2996.0
2024-04-25 17:00:00+00:00,73.33,73.54,73.275,73.54,3739.0
2024-04-25 18:00:00+00:00,73.51,73.56,73.24,73.28,4849.0
2024-04-25 19:00:00+00:00,73.31,73.39,73.01,73.05,19601.0
2024-04-26 14:00:00+00:00,73.44,73.66,73.235,73.38,8257.0
2024-04-26 15:00:00+00:00,73.38,73.515,73.1,73.51,3745.0
2024-04-26 16:00:00+00:00,73.44,73.975,73.42,73.81,6659.0
2024-04-26 17:00:00+00:00,73.81,73.9,73.725,73.9,3384.0
2024-04-26 18:00:00+00:00,73.89,74.225,73.88,74.04,19692.0
2024-04-26 19:00:00+00:00,74.04,74.06,73.87,73.87,18286.0
2024-04-29 14:00:00+00:00,74.135,74.185,73.525,73.525,5034.0
2024-04-29 15:00:00+00:00,73.525,73.75,73.525,73.63,2842.0
2024-04-29 16:00:00+00:00,73.63,74.02,73.63,73.815,3107.0
2024-04-29 17:00:00+00:00,73.705,73.83,73.5,73.59,4079.0
2024-04-29 18:00:00+00:00,73.57,73.83,73.52,73.82,6248.0
2024-04-29 19:00:00+00:00,73.83,73.9,73.6,73.84,23009.0
2024-04-30 14:00:00+00:00,74.9,76.45,74.66,76.45,27565.0
2024-04-30 15:00:00+00:00,76.43,77.17,76.22,76.43,20542.0
2024-04-30 16:00:00+00:00,76.36,76.59,76.1,76.2,19654.0
2024-04-30 17:00:00+00:00,76.095,76.22,75.795,76.005,17239.0
2024-04-30 18:00:00+00:00,76.0,76.25,75.965,76.2,17033.0
2024-04-30 19:00:00+00:00,76.2,76.31,75.785,75.86,49410.0
2024-05-01 14:00:00+00:00,73.19,73.8,72.85,73.0,12683.0
2024-05-01 15:00:00+00:00,72.71,73.235,72.56,72.95,10733.0
2024-05-01 16:00:00+00:00,72.94,73.385,72.89,73.31,7159.0
2024-05-01 17:00:00+00:00,73.355,73.735,73.16,73.7,8350.0
2024-05-01 18:00:00+00:00,73.72,74.03,73.29,73.87,9686.0
2024-05-01 19:00:00+00:00,73.865,73.965,73.295,73.305,18867.0
2024-05-02 14:00:00+00:00,73.475,74.02,73.335,73.895,9583.0
2024-05-02 15:00:00+00:00,73.895,74.26,73.6,74.25,5228.0
2024-05-02 16:00:00+00:00,74.25,74.39,74.14,74.2,9934.0
2024-05-02 17:00:00+00:00,74.2,74.565,74.12,74.565,4871.0
2024-05-02 18:00:00+00:00,74.57,74.865,74.52,74.8,8810.0
2024-05-02 19:00:00+00:00,74.8,74.8,73.965,74.22,24883.0
2024-05-03 14:00:00+00:00,75.295,75.295,74.5,74.715,5759.0
2024-05-03 15:00:00+00:00,74.715,74.98,74.62,74.975,5174.0
2024-05-03 16:00:00+00:00,74.96,75.27,74.96,75.27,3286.0
2024-05-03 17:00:00+00:00,75.28,75.545,75.175,75.46,13177.0
2024-05-03 18:00:00+00:00,75.46,75.61,75.4,75.57,8718.0
2024-05-03 19:00:00+00:00,75.57,75.845,75.43,75.83,24119.0
2024-05-06 14:00:00+00:00,75.59,75.64,74.885,75.08,30029.0
2024-05-06 15:00:00+00:00,75.07,75.085,74.72,75.02,8888.0
2024-05-06 16:00:00+00:00,75.01,75.07,74.94,75.06,8086.0
2024-05-06 17:00:00+00:00,75.06,75.24,74.68,75.22,8945.0
2024-05-06 18:00:00+00:00,75.265,75.39,75.175,75.175,9594.0
2024-05-06 19:00:00+00:00,75.165,75.415,75.07,75.34,28356.0
2024-05-07 14:00:00+00:00,74.925,75.33,74.655,75.295,10269.0
2024-05-07 15:00:00+00:00,75.3,75.37,74.705,74.71,13563.0
2024-05-07 16:00:00+00:00,74.8,74.945,74.69,74.835,6652.0
2024-05-07 17:00:00+00:00,74.835,74.85,74.48,74.63,19063.0
2024-05-07 18:00:00+00:00,74.66,74.675,74.25,74.285,14410.0
2024-05-07 19:00:00+00:00,74.275,74.4,74.105,74.32,30491.0
2024-05-08 14:00:00+00:00,73.35,73.715,73.32,73.615,12882.0
2024-05-08 15:00:00+00:00,73.6,73.82,73.5,73.56,10049.0
2024-05-08 16:00:00+00:00,73.56,73.67,73.5,73.5,9164.0
2024-05-08 17:00:00+00:00,73.5,73.51,73.29,73.415,10074.0
2024-05-08 18:00:00+00:00,73.45,73.51,73.15,73.19,16884.0
2024-05-08 19:00:00+00:00,73.19,73.58,73.13,73.37,26564.0
2024-05-09 14:00:00+00:00,73.77,73.84,73.63,73.635,5548.0
2024-05-09 15:00:00+00:00,73.635,73.865,73.59,73.61,26345.0
2024-05-09 16:00:00+00:00,73.61,73.795,73.61,73.675,2244.0
2024-05-09 17:00:00+00:00,73.65,73.675,73.31,73.31,1905.0
2024-05-09 18:00:00+00:00,73.31,73.645,73.305,73.645,4110.0
2024-05-09 19:00:00+00:00,73.645,73.68,73.45,73.605,15003.0
2024-05-10 14:00:00+00:00,74.47,74.72,74.38,74.41,6408.0
2024-05-10 15:00:00+00:00,74.405,74.665,74.36,74.625,6254.0
2024-05-10 16:00:00+00:00,74.625,74.82,71.915,72.32,85342.0
2024-05-10 17:00:00+00:00,72.4,72.65,71.73,72.07,13406.0
2024-05-10 18:00:00+00:00,72.075,72.65,72.015,72.56,15538.0
2024-05-10 19:00:00+00:00,72.52,73.43,72.49,73.265,47241.0
2024-05-13 14:00:00+00:00,73.42,73.55,73.33,73.495,23626.0
2024-05-13 15:00:00+00:00,73.54,73.54,73.275,73.39,15260.0
2024-05-13 16:00:00+00:00,73.38,73.58,72.93,72.985,7092.0
2024-05-13 17:00:00+00:00,73.0,73.0,72.405,72.465,9625.0
2024-05-13 18:00:00+00:00,72.47,72.47,71.89,71.985,12446.0
2024-05-13 19:00:00+00:00,71.99,72.14,71.785,72.12,32281.0
2024-05-14 14:00:00+00:00,72.5,72.675,72.0,72.43,19573.0
2024-05-14 15:00:00+00:00,72.43,72.43,72.43,72.43,0.0
2024-05-14 16:00:00+00:00,72.43,72.675,71.77,71.85,5224.0
2024-05-14 17:00:00+00:00,71.875,72.675,71.77,71.825,13434.0
2024-05-14 18:00:00+00:00,71.845,71.95,71.81,71.845,13534.0
2024-05-14 19:00:00+00:00,71.84,71.99,71.775,71.785,35720.0
2024-05-15 14:00:00+00:00,71.81,71.9,71.4,71.595,9362.0
2024-05-15 15:00:00+00:00,71.71,71.825,71.5,71.8,20273.0
2024-05-15 16:00:00+00:00,71.8,71.82,71.71,71.72,22259.0
2024-05-15 17:00:00+00:00,71.75,71.76,71.5,71.685,2600.0
2024-05-15 18:00:00+00:00,71.685,71.74,71.475,71.5,4805.0
2024-05-15 19:00:00+00:00,71.5,71.55,71.14,71.43,19855.0
2024-05-16 14:00:00+00:00,71.195,71.295,71.02,71.04,17425.0
2024-05-16 15:00:00+00:00,71.04,71.06,70.92,70.92,15101.0
2024-05-16 16:00:00+00:00,70.92,71.07,70.81,71.03,7844.0
2024-05-16 17:00:00+00:00,71.03,71.22,70.91,71.0,9021.0
2024-05-16 18:00:00+00:00,70.93,71.16,70.885,71.115,19751.0
2024-05-16 19:00:00+00:00,71.115,71.605,71.07,71.58,51638.0
2024-05-17 14:00:00+00:00,71.07,71.13,70.9,70.97,5506.0
2024-05-17 15:00:00+00:00,70.97,71.105,70.87,70.915,7010.0
2024-05-17 16:00:00+00:00,70.915,71.095,70.915,70.97,2772.0
2024-05-17 17:00:00+00:00,70.98,71.06,70.935,70.935,4811.0
2024-05-17 18:00:00+00:00,70.94,71.0,70.6,70.67,10785.0
2024-05-17 19:00:00+00:00,70.66,71.04,70.27,70.85,44790.0
2024-05-20 14:00:00+00:00,70.25,70.49,70.2,70.34,6704.0
2024-05-20 15:00:00+00:00,70.38,70.5,70.31,70.39,2108.0
2024-05-20 16:00:00+00:00,70.39,70.39,70.165,70.17,888.0
2024-05-20 17:00:00+00:00,70.17,70.195,69.94,70.02,3175.0
2024-05-20 18:00:00+00:00,70.035,70.13,69.92,70.005,3564.0
2024-05-20 19:00:00+00:00,70.0,70.205,69.87,69.99,9713.0
2024-05-21 14:00:00+00:00,70.07,70.14,69.89,69.97,5652.0
2024-05-21 15:00:00+00:00,69.97,70.055,69.8,69.8,2546.0
2024-05-21 16:00:00+00:00,69.8,69.98,69.65,69.87,13885.0
2024-05-21 17:00:00+00:00,69.87,69.87,69.69,69.76,14013.0
2024-05-21 18:00:00+00:00,69.76,69.76,69.11,69.16,11524.0
2024-05-21 19:00:00+00:00,69.15,69.33,68.93,69.01,22216.0
2024-05-22 14:00:00+00:00,68.96,69.08,68.805,69.05,5796.0
2024-05-22 15:00:00+00:00,69.05,69.22,68.78,68.83,4665.0
2024-05-22 16:00:00+00:00,68.86,69.09,68.61,68.695,9760.0
2024-05-22 17:00:00+00:00,68.75,68.865,68.475,68.475,7415.0
2024-05-22 18:00:00+00:00,68.475,68.52,68.17,68.52,6095.0
2024-05-22 19:00:00+00:00,68.475,68.475,68.1,68.295,27891.0
2024-05-23 14:00:00+00:00,67.575,67.695,67.1,67.1,22345.0
2024-05-23 15:00:00+00:00,67.265,67.58,67.21,67.395,13947.0
2024-05-23 16:00:00+00:00,67.395,67.61,67.395,67.495,3317.0
2024-05-23 17:00:00+00:00,67.47,67.525,67.275,67.33,2471.0
2024-05-23 18:00:00+00:00,67.29,67.29,67.005,67.065,5090.0
2024-05-23 19:00:00+00:00,67.09,67.26,66.99,67.225,18718.0
2024-05-24 14:00:00+00:00,67.695,68.06,67.695,68.03,2761.0
2024-05-24 15:00:00+00:00,68.03,68.2,67.73,67.735,1331.0
2024-05-24 16:00:00+00:00,67.7,67.97,67.68,67.875,1090.0
2024-05-24 17:00:00+00:00,67.875,67.92,67.68,67.82,1896.0
2024-05-24 18:00:00+00:00,67.82,67.895,67.65,67.65,2066.0
2024-05-24 19:00:00+00:00,67.67,67.71,67.4,67.535,7336.0
2024-05-27 14:00:00+00:00,67.535,67.535,67.535,67.535,0.0
2024-05-27 15:00:00+00:00,67.535,67.535,67.535,67.535,0.0
2024-05-27 16:00:00+00:00,67.535,67.535,67.535,67.535,0.0
2024-05-27 17:00:00+00:00,67.535,67.535,67.535,67.535,0.0
2024-05-27 18:00:00+00:00,67.535,67.535,67.535,67.535,0.0
2024-05-27 19:00:00+00:00,67.535,67.535,67.535,67.535,0.0
2024-05-28 14:00:00+00:00,68.06,68.19,67.65,67.725,4568.0
2024-05-28 15:00:00+00:00,67.75,67.78,67.355,67.485,6595.0
2024-05-28 16:00:00+00:00,67.47,67.71,67.45,67.485,12185.0
2024-05-28 17:00:00+00:00,67.46,67.505,67.335,67.335,11236.0
2024-05-28 18:00:00+00:00,67.31,67.37,67.185,67.295,9524.0
2024-05-28 19:00:00+00:00,67.295,67.425,67.135,67.245,20618.0
2024-05-29 14:00:00+00:00,66.98,67.05,66.54,66.89,7165.0
2024-05-29 15:00:00+00:00,66.845,66.94,66.765,66.94,2995.0
2024-05-29 16:00:00+00:00,66.94,66.94,66.71,66.78,2981.0
2024-05-29 17:00:00+00:00,66.84,66.84,66.39,66.495,3742.0
2024-05-29 18:00:00+00:00,66.48,66.48,66.25,66.27,6488.0
2024-05-29 19:00:00+00:00,66.27,66.42,66.14,66.29,18442.0
2024-05-30 14:00:00+00:00,66.13,66.47,66.035,66.33,12824.0
2024-05-30 15:00:00+00:00,66.33,66.54,66.21,66.335,3464.0
2024-05-30 16:00:00+00:00,66.32,66.775,66.32,66.665,4754.0
2024-05-30 17:00:00+00:00,66.655,66.905,66.56,66.905,6792.0
2024-05-30 18:00:00+00:00,66.885,66.885,66.6,66.775,8537.0
2024-05-30 19:00:00+00:00,66.75,66.81,66.605,66.77,23476.0
2024-05-31 14:00:00+00:00,67.815,67.85,67.235,67.83,33766.0
2024-05-31 15:00:00+00:00,67.83,67.83,67.625,67.775,7258.0
2024-05-31 16:00:00+00:00,67.775,67.775,67.595,67.62,9451.0
2024-05-31 17:00:00+00:00,67.62,67.815,67.62,67.78,5178.0
2024-05-31 18:00:00+00:00,67.78,68.25,67.77,68.24,17035.0
2024-05-31 19:00:00+00:00,68.22,68.66,68.16,68.485,27420.0
2024-06-03 14:00:00+00:00,69.14,69.8,69.14,69.75,17485.0
2024-06-03 15:00:00+00:00,69.75,70.18,69.505,69.53,13387.0
2024-06-03 16:00:00+00:00,69.57,69.66,69.44,69.5,8228.0
2024-06-03 17:00:00+00:00,69.5,69.965,69.5,69.87,5152.0
2024-06-03 18:00:00+00:00,69.88,70.3,69.85,70.22,17349.0
2024-06-03 19:00:00+00:00,70.22,70.26,69.93,70.08,41087.0
2024-06-04 14:00:00+00:00,69.95,70.035,69.48,69.495,10199.0
2024-06-04 15:00:00+00:00,69.495,69.69,69.49,69.54,6249.0
2024-06-04 16:00:00+00:00,69.535,69.725,69.51,69.67,3027.0
2024-06-04 17:00:00+00:00,69.655,69.97,69.61,69.92,8425.0
2024-06-04 18:00:00+00:00,69.92,70.12,69.89,70.095,15282.0
2024-06-04 19:00:00+00:00,69.99,70.155,69.75,69.98,15710.0
2024-06-05 14:00:00+00:00,70.51,70.74,70.35,70.705,9472.0
2024-06-05 15:00:00+00:00,70.715,70.86,70.64,70.795,18218.0
2024-06-05 16:00:00+00:00,70.815,71.04,70.72,70.955,6403.0
2024-06-05 17:00:00+00:00,70.955,70.955,70.775,70.82,5842.0
2024-06-05 18:00:00+00:00,70.825,70.98,70.72,70.98,6864.0
2024-06-05 19:00:00+00:00,70.98,70.99,70.815,70.85,31643.0
2024-06-06 14:00:00+00:00,70.99,71.03,70.64,70.64,5822.0
2024-06-06 15:00:00+00:00,70.63,70.65,70.385,70.5,2665.0
2024-06-06 16:00:00+00:00,70.51,70.51,70.175,70.2,3599.0
2024-06-06 17:00:00+00:00,70.2,70.37,70.13,70.18,6357.0
2024-06-06 18:00:00+00:00,70.15,70.435,69.835,70.4,10946.0
2024-06-06 19:00:00+00:00,70.37,71.155,70.35,71.07,25739.0
2024-06-07 14:00:00+00:00,70.5,70.6,70.17,70.195,31405.0
2024-06-07 15:00:00+00:00,70.195,70.195,69.52,69.775,11671.0
2024-06-07 16:00:00+00:00,69.775,69.78,68.78,68.985,21112.0
2024-06-07 17:00:00+00:00,69.02,69.085,68.8,68.94,14212.0
2024-06-07 18:00:00+00:00,68.955,68.955,68.565,68.815,13810.0
2024-06-07 19:00:00+00:00,68.83,68.83,68.515,68.76,47979.0
2024-06-10 14:00:00+00:00,68.09,68.29,67.72,67.79,4297.0
2024-06-10 15:00:00+00:00,67.79,68.115,67.75,68.025,2812.0
2024-06-10 16:00:00+00:00,68.085,68.09,67.78,67.835,3005.0
2024-06-10 17:00:00+00:00,67.835,67.88,67.745,67.855,1886.0
2024-06-10 18:00:00+00:00,67.855,67.915,67.725,67.725,4579.0
2024-06-10 19:00:00+00:00,67.73,67.83,67.515,67.63,19312.0
2024-06-11 14:00:00+00:00,67.355,67.93,67.35,67.615,4000.0
2024-06-11 15:00:00+00:00,67.61,67.66,67.22,67.22,1287.0
2024-06-11 16:00:00+00:00,67.2,67.42,67.13,67.39,3609.0
2024-06-11 17:00:00+00:00,67.39,67.555,67.34,67.555,3513.0
2024-06-11 18:00:00+00:00,67.53,67.92,67.53,67.915,4595.0
2024-06-11 19:00:00+00:00,67.92,68.25,67.905,68.16,10124.0
2024-06-12 14:00:00+00:00,69.13,69.3,68.82,69.05,5744.0
2024-06-12 15:00:00+00:00,69.05,69.235,68.83,68.92,2940.0
2024-06-12 16:00:00+00:00,68.92,69.145,68.915,69.145,3017.0
2024-06-12 17:00:00+00:00,69.145,69.24,68.95,69.03,2987.0
2024-06-12 18:00:00+00:00,68.81,69.205,68.81,68.95,6632.0
2024-06-12 19:00:00+00:00,68.89,69.05,68.53,68.875,19371.0
2024-06-13 14:00:00+00:00,69.535,69.65,68.98,69.13,9735.0
2024-06-13 15:00:00+00:00,69.13,69.395,69.115,69.215,4235.0
2024-06-13 16:00:00+00:00,69.21,69.31,69.02,69.31,3019.0
2024-06-13 17:00:00+00:00,69.31,69.425,69.17,69.29,3705.0
2024-06-13 18:00:00+00:00,69.29,69.395,69.19,69.265,2267.0
2024-06-13 19:00:00+00:00,69.25,69.44,69.2,69.34,14939.0
2024-06-14 14:00:00+00:00,69.12,69.125,68.36,68.48,14647.0
2024-06-14 15:00:00+00:00,68.425,68.62,68.36,68.425,3155.0
2024-06-14 16:00:00+00:00,68.375,68.78,68.315,68.75,4919.0
2024-06-14 17:00:00+00:00,68.75,68.75,68.46,68.52,4792.0
2024-06-14 18:00:00+00:00,68.52,68.66,68.44,68.51,2190.0
2024-06-14 19:00:00+00:00,68.52,68.91,68.52,68.91,8108.0
2024-06-17 14:00:00+00:00,69.13,69.295,68.71,68.89,5532.0
2024-06-17 15:00:00+00:00,68.87,69.06,68.84,68.895,4207.0
2024-06-17 16:00:00+00:00,68.895,68.99,68.82,68.95,2867.0
2024-06-17 17:00:00+00:00,68.95,69.205,68.93,69.19,2706.0
2024-06-17 18:00:00+00:00,69.205,69.59,69.19,69.5,3669.0
2024-06-17 19:00:00+00:00,69.47,69.535,69.2,69.31,9180.0
2024-06-18 14:00:00+00:00,69.2,69.55,69.07,69.07,2640.0
2024-06-18 15:00:00+00:00,69.07,69.33,69.07,69.175,1673.0
2024-06-18 16:00:00+00:00,69.175,69.28,69.175,69.27,1693.0
2024-06-18 17:00:00+00:00,69.26,69.315,69.16,69.19,2437.0
2024-06-18 18:00:00+00:00,69.19,69.25,68.87,68.87,2247.0
2024-06-18 19:00:00+00:00,68.795,68.945,68.75,68.86,9801.0
2024-06-19 14:00:00+00:00,68.86,68.86,68.86,68.86,0.0
2024-06-19 15:00:00+00:00,68.86,68.86,68.86,68.86,0.0
2024-06-19 16:00:00+00:00,68.86,68.86,68.86,68.86,0.0
2024-06-19 17:00:00+00:00,68.86,68.86,68.86,68.86,0.0
2024-06-19 18:00:00+00:00,68.86,68.86,68.86,68.86,0.0
2024-06-19 19:00:00+00:00,68.86,68.86,68.86,68.86,0.0
2024-06-20 14:00:00+00:00,68.71,68.82,68.23,68.36,13982.0
2024-06-20 15:00:00+00:00,68.36,68.74,68.36,68.56,16165.0
2024-06-20 16:00:00+00:00,68.56,68.56,68.27,68.53,7756.0
2024-06-20 17:00:00+00:00,68.53,68.645,68.34,68.635,8760.0
2024-06-20 18:00:00+00:00,68.635,68.955,68.565,68.83,6014.0
2024-06-20 19:00:00+00:00,68.83,69.06,68.795,68.93,17800.0
2024-06-21 14:00:00+00:00,69.05,69.55,68.905,69.115,12643.0
2024-06-21 15:00:00+00:00,69.115,69.115,68.49,68.745,7638.0
2024-06-21 16:00:00+00:00,68.65,68.81,68.58,68.675,6300.0
2024-06-21 17:00:00+00:00,68.67,68.85,68.59,68.81,4215.0
2024-06-21 18:00:00+00:00,68.805,69.29,68.8,69.2,9567.0
2024-06-21 19:00:00+00:00,69.165,69.38,69.06,69.245,18215.0
2024-06-24 14:00:00+00:00,69.605,69.63,69.15,69.235,5589.0
2024-06-24 15:00:00+00:00,69.195,69.44,69.115,69.4,5140.0
2024-06-24 16:00:00+00:00,69.4,69.565,69.3,69.54,4869.0
2024-06-24 17:00:00+00:00,69.54,69.62,69.35,69.535,6322.0
2024-06-24 18:00:00+00:00,69.55,70.0,69.55,70.0,6649.0
2024-06-24 19:00:00+00:00,70.015,70.26,69.75,70.19,22159.0
2024-06-25 14:00:00+00:00,70.0,70.0,69.19,69.22,2648.0
2024-06-25 15:00:00+00:00,69.19,69.265,69.06,69.2,2565.0
2024-06-25 16:00:00+00:00,69.2,69.2,68.8,69.0,2633.0
2024-06-25 17:00:00+00:00,69.0,69.28,68.915,69.2,3806.0
2024-06-25 18:00:00+00:00,69.2,69.445,69.16,69.39,3593.0
2024-06-25 19:00:00+00:00,69.39,69.55,69.26,69.43,8946.0
2024-06-26 14:00:00+00:00,69.09,69.24,68.945,69.045,16778.0
2024-06-26 15:00:00+00:00,69.025,69.12,68.84,69.03,6288.0
2024-06-26 16:00:00+00:00,69.03,69.17,69.0,69.115,13331.0
2024-06-26 17:00:00+00:00,69.095,69.36,69.075,69.255,38961.0
2024-06-26 18:00:00+00:00,69.19,69.34,69.09,69.29,1919.0
2024-06-26 19:00:00+00:00,69.29,69.48,69.215,69.34,10993.0
2024-06-27 14:00:00+00:00,69.095,69.455,69.07,69.22,4330.0
2024-06-27 15:00:00+00:00,69.205,69.24,68.905,69.08,7282.0
2024-06-27 16:00:00+00:00,69.065,69.36,69.02,69.355,4759.0
2024-06-27 17:00:00+00:00,69.355,69.725,69.355,69.625,4531.0
2024-06-27 18:00:00+00:00,69.61,69.63,69.53,69.58,4909.0
2024-06-27 19:00:00+00:00,69.6,69.64,69.49,69.495,12828.0
2024-06-28 14:00:00+00:00,69.785,70.255,69.785,70.24,2372.0
2024-06-28 15:00:00+00:00,70.25,70.515,70.03,70.455,4208.0
2024-06-28 16:00:00+00:00,70.455,71.23,70.36,71.13,20510.0
2024-06-28 17:00:00+00:00,71.13,71.57,70.89,70.915,23634.0
2024-06-28 18:00:00+00:00,70.845,70.88,70.28,70.455,10141.0
2024-06-28 19:00:00+00:00,70.455,70.48,70.15,70.43,20568.0
2024-07-01 14:00:00+00:00,71.03,71.03,69.865,70.035,7852.0
2024-07-01 15:00:00+00:00,70.035,70.305,69.98,70.12,9724.0
2024-07-01 16:00:00+00:00,70.145,70.15,69.75,69.885,5871.0
2024-07-01 17:00:00+00:00,69.89,70.23,69.89,70.23,4611.0
2024-07-01 18:00:00+00:00,70.23,70.29,70.075,70.1,4627.0
2024-07-01 19:00:00+00:00,70.11,70.325,70.0,70.285,29495.0
2024-07-02 14:00:00+00:00,70.07,70.105,69.57,69.57,5769.0
2024-07-02 15:00:00+00:00,69.57,69.68,69.35,69.39,4282.0
2024-07-02 16:00:00+00:00,69.39,69.44,69.2,69.215,5563.0
2024-07-02 17:00:00+00:00,69.11,69.125,68.85,68.97,6868.0
2024-07-02 18:00:00+00:00,68.97,68.97,68.51,68.53,12851.0
2024-07-02 19:00:00+00:00,68.53,68.88,68.46,68.72,26348.0
2024-07-03 14:00:00+00:00,69.675,69.99,69.55,69.795,5392.0
2024-07-03 15:00:00+00:00,69.75,70.03,69.675,69.96,7250.0
2024-07-03 16:00:00+00:00,69.97,70.255,69.89,69.95,21621.0
2024-07-03 17:00:00+00:00,69.95,69.95,69.95,69.95,0.0
2024-07-03 18:00:00+00:00,69.95,69.95,69.95,69.95,0.0
2024-07-03 19:00:00+00:00,69.95,69.95,69.95,69.95,0.0
2024-07-04 14:00:00+00:00,69.95,69.95,69.95,69.95,0.0
2024-07-04 15:00:00+00:00,69.95,69.95,69.95,69.95,0.0
2024-07-04 16:00:00+00:00,69.95,69.95,69.95,69.95,0.0
2024-07-04 17:00:00+00:00,69.95,69.95,69.95,69.95,0.0
2024-07-04 18:00:00+00:00,69.95,69.95,69.95,69.95,0.0
2024-07-04 19:00:00+00:00,69.95,69.95,69.95,69.95,0.0
2024-07-05 14:00:00+00:00,69.69,69.89,69.54,69.84,5526.0
2024-07-05 15:00:00+00:00,69.845,69.98,69.81,69.85,5665.0
2024-07-05 16:00:00+00:00,69.85,69.85,69.645,69.795,1144.0
2024-07-05 17:00:00+00:00,69.715,69.785,69.665,69.67,3167.0
2024-07-05 18:00:00+00:00,69.68,69.85,69.625,69.83,2830.0
2024-07-05 19:00:00+00:00,69.8,69.8,69.46,69.6,17737.0
2024-07-08 14:00:00+00:00,70.19,70.5,70.19,70.27,5109.0
2024-07-08 15:00:00+00:00,70.26,70.315,70.04,70.045,7394.0
2024-07-08 16:00:00+00:00,70.045,70.56,69.885,70.555,8923.0
2024-07-08 17:00:00+00:00,70.555,70.695,70.46,70.48,7013.0
2024-07-08 18:00:00+00:00,70.49,70.5,70.3,70.415,10302.0
2024-07-08 19:00:00+00:00,70.41,70.43,69.9,70.04,19846.0
2024-07-09 14:00:00+00:00,69.46,69.465,68.795,68.845,19596.0
2024-07-09 15:00:00+00:00,68.815,68.845,68.19,68.205,4213.0
2024-07-09 16:00:00+00:00,68.22,68.92,68.22,68.92,5683.0
2024-07-09 17:00:00+00:00,68.92,68.96,68.42,68.465,7346.0
2024-07-09 18:00:00+00:00,68.465,68.485,67.66,67.7,15438.0
2024-07-09 19:00:00+00:00,67.71,68.325,67.65,68.08,36007.0
2024-07-10 14:00:00+00:00,68.34,69.06,68.305,69.03,10755.0
2024-07-10 15:00:00+00:00,69.03,69.33,69.03,69.155,5519.0
2024-07-10 16:00:00+00:00,69.155,69.36,69.005,69.27,3367.0
2024-07-10 17:00:00+00:00,69.265,69.35,68.94,69.315,7224.0
2024-07-10 18:00:00+00:00,69.28,69.66,69.17,69.64,7970.0
2024-07-10 19:00:00+00:00,69.635,69.83,69.385,69.775,12677.0
2024-07-11 14:00:00+00:00,71.445,71.97,71.365,71.45,21907.0
2024-07-11 15:00:00+00:00,71.45,71.875,71.39,71.79,11548.0
2024-07-11 16:00:00+00:00,71.775,71.775,71.125,71.35,7035.0
2024-07-11 17:00:00+00:00,71.35,71.59,71.24,71.525,9690.0
2024-07-11 18:00:00+00:00,71.525,71.66,71.455,71.6,7999.0
2024-07-11 19:00:00+00:00,71.595,72.04,71.45,72.03,34862.0
2024-07-12 14:00:00+00:00,72.12,72.78,72.12,72.775,11293.0
2024-07-12 15:00:00+00:00,72.78,73.005,72.68,72.75,7530.0
2024-07-12 16:00:00+00:00,72.75,72.9,72.675,72.785,3218.0
2024-07-12 17:00:00+00:00,72.81,73.145,72.755,72.97,14038.0
2024-07-12 18:00:00+00:00,72.96,73.05,72.83,72.95,6232.0
2024-07-12 19:00:00+00:00,72.96,73.115,72.875,72.89,20102.0
2024-07-15 14:00:00+00:00,72.97,73.19,72.725,73.13,14422.0
2024-07-15 15:00:00+00:00,73.13,73.22,72.87,73.155,3094.0
2024-07-15 16:00:00+00:00,73.155,73.155,72.92,73.005,6965.0
2024-07-15 17:00:00+00:00,72.995,73.005,72.5,72.69,4708.0
2024-07-15 18:00:00+00:00,72.69,72.92,72.66,72.915,2646.0
2024-07-15 19:00:00+00:00,72.89,72.94,72.23,72.39,17422.0
2024-07-16 14:00:00+00:00,73.125,73.89,73.125,73.8,14663.0
2024-07-16 15:00:00+00:00,73.795,74.005,73.67,73.735,11551.0
2024-07-16 16:00:00+00:00,73.73,74.35,73.73,74.31,12552.0
2024-07-16 17:00:00+00:00,74.3,74.465,74.095,74.4,5629.0
2024-07-16 18:00:00+00:00,74.39,74.7,74.28,74.69,5926.0
2024-07-16 19:00:00+00:00,74.7,74.84,74.645,74.75,16593.0
2024-07-17 14:00:00+00:00,74.0,74.67,73.93,74.61,14363.0
2024-07-17 15:00:00+00:00,74.57,74.68,74.4,74.59,11325.0
2024-07-17 16:00:00+00:00,74.61,75.02,74.52,74.985,12654.0
2024-07-17 17:00:00+00:00,75.01,75.055,74.52,74.52,7220.0
2024-07-17 18:00:00+00:00,74.56,74.815,74.465,74.815,5105.0
2024-07-17 19:00:00+00:00,74.815,75.03,74.75,74.94,21211.0
2024-07-18 14:00:00+00:00,74.195,74.255,73.78,73.98,9756.0
2024-07-18 15:00:00+00:00,73.98,74.155,73.43,73.44,11505.0
2024-07-18 16:00:00+00:00,73.39,73.56,73.19,73.38,5552.0
2024-07-18 17:00:00+00:00,73.375,73.49,73.08,73.095,4038.0
2024-07-18 18:00:00+00:00,73.095,73.095,72.635,72.765,4172.0
2024-07-18 19:00:00+00:00,72.765,72.765,72.345,72.485,24459.0
2024-07-19 14:00:00+00:00,72.145,72.47,72.075,72.225,2821.0
2024-07-19 15:00:00+00:00,72.1,72.16,71.765,72.14,3397.0
2024-07-19 16:00:00+00:00,72.145,72.425,72.13,72.335,2295.0
2024-07-19 17:00:00+00:00,72.335,72.435,72.22,72.435,5264.0
2024-07-19 18:00:00+00:00,72.41,72.53,72.3,72.42,7685.0
2024-07-19 19:00:00+00:00,72.41,73.02,72.41,72.74,25677.0
2024-07-22 14:00:00+00:00,71.63,71.965,71.465,71.965,12420.0
2024-07-22 15:00:00+00:00,71.96,72.39,71.885,72.39,7530.0
2024-07-22 16:00:00+00:00,72.39,72.465,72.25,72.4,4869.0
2024-07-22 17:00:00+00:00,72.42,72.505,72.18,72.49,3503.0
2024-07-22 18:00:00+00:00,72.49,72.58,72.28,72.56,12314.0
2024-07-22 19:00:00+00:00,72.55,72.745,72.48,72.72,25250.0
2024-07-23 14:00:00+00:00,72.36,72.415,71.89,71.92,5547.0
2024-07-23 15:00:00+00:00,71.94,72.055,71.865,71.97,5895.0
2024-07-23 16:00:00+00:00,71.975,72.085,71.735,71.915,6803.0
2024-07-23 17:00:00+00:00,71.915,71.93,71.515,71.635,8214.0
2024-07-23 18:00:00+00:00,71.67,71.785,71.31,71.31,9689.0
2024-07-23 19:00:00+00:00,71.3,71.5,71.21,71.215,21068.0
2024-07-24 14:00:00+00:00,69.215,69.795,69.215,69.605,23304.0
2024-07-24 15:00:00+00:00,69.51,69.88,69.44,69.44,15845.0
2024-07-24 16:00:00+00:00,69.46,69.57,69.325,69.48,14135.0
2024-07-24 17:00:00+00:00,69.47,69.535,69.235,69.255,15825.0
2024-07-24 18:00:00+00:00,69.255,69.48,69.14,69.315,27083.0
2024-07-24 19:00:00+00:00,69.32,70.045,69.18,69.975,45757.0
2024-07-25 14:00:00+00:00,69.36,69.61,68.895,69.065,9888.0
2024-07-25 15:00:00+00:00,69.065,69.49,68.98,69.425,27475.0
2024-07-25 16:00:00+00:00,69.425,69.71,69.36,69.47,6893.0
2024-07-25 17:00:00+00:00,69.47,69.53,68.84,68.9,7854.0
2024-07-25 18:00:00+00:00,68.895,68.935,68.76,68.76,11290.0
2024-07-25 19:00:00+00:00,68.745,68.97,68.5,68.58,29921.0
2024-07-26 14:00:00+00:00,68.665,68.82,68.415,68.67,5274.0
2024-07-26 15:00:00+00:00,68.67,68.92,68.6,68.825,3210.0
2024-07-26 16:00:00+00:00,68.825,69.1,68.825,69.08,5800.0
2024-07-26 17:00:00+00:00,69.08,69.125,68.62,68.695,2688.0
2024-07-26 18:00:00+00:00,68.69,68.69,68.28,68.28,3656.0
2024-07-26 19:00:00+00:00,68.23,68.34,67.98,67.985,21448.0
2024-07-29 14:00:00+00:00,68.695,68.83,67.94,68.185,20776.0
2024-07-29 15:00:00+00:00,68.175,68.43,68.13,68.345,7090.0
2024-07-29 16:00:00+00:00,68.37,68.97,68.35,68.73,10510.0
2024-07-29 17:00:00+00:00,68.73,68.785,68.6,68.785,6518.0
2024-07-29 18:00:00+00:00,68.785,69.5,68.77,69.5,13971.0
2024-07-29 19:00:00+00:00,69.49,69.625,69.33,69.385,30312.0
2024-07-30 14:00:00+00:00,69.46,69.46,69.15,69.4,3488.0
2024-07-30 15:00:00+00:00,69.4,69.4,69.03,69.13,2145.0
2024-07-30 16:00:00+00:00,69.13,69.15,68.93,68.96,2819.0
2024-07-30 17:00:00+00:00,68.96,69.065,68.9,69.065,2044.0
2024-07-30 18:00:00+00:00,69.05,69.355,69.045,69.21,9081.0
2024-07-30 19:00:00+00:00,69.205,69.32,69.08,69.09,14800.0
2024-07-31 14:00:00+00:00,69.16,70.32,69.14,70.25,28903.0
2024-07-31 15:00:00+00:00,70.235,70.43,70.08,70.365,16047.0
2024-07-31 16:00:00+00:00,70.365,70.395,69.95,69.965,10606.0
2024-07-31 17:00:00+00:00,69.925,70.28,69.85,70.24,5467.0
2024-07-31 18:00:00+00:00,70.22,70.745,70.11,70.705,23148.0
2024-07-31 19:00:00+00:00,70.725,70.73,69.97,69.985,22396.0
2024-08-01 14:00:00+00:00,69.62,69.76,69.18,69.7,6239.0
2024-08-01 15:00:00+00:00,69.695,70.07,69.51,69.9,5621.0
2024-08-01 16:00:00+00:00,69.9,70.29,69.865,70.055,5188.0
2024-08-01 17:00:00+00:00,69.96,69.96,69.34,69.425,5440.0
2024-08-01 18:00:00+00:00,69.54,69.75,69.35,69.7,6015.0
2024-08-01 19:00:00+00:00,69.695,69.88,69.64,69.72,34769.0
2024-08-02 14:00:00+00:00,70.695,71.5,70.46,70.695,27959.0
2024-08-02 15:00:00+00:00,70.695,70.695,69.55,69.69,11477.0
2024-08-02 16:00:00+00:00,69.68,70.56,69.54,70.18,20237.0
2024-08-02 17:00:00+00:00,70.18,70.195,69.78,69.92,25858.0
2024-08-02 18:00:00+00:00,69.94,70.36,69.86,69.94,15469.0
2024-08-02 19:00:00+00:00,69.935,70.38,69.92,70.14,41294.0
2024-08-05 14:00:00+00:00,70.91,71.835,70.39,70.865,30447.0
2024-08-05 15:00:00+00:00,70.9,71.95,70.86,71.89,20596.0
2024-08-05 16:00:00+00:00,71.91,72.18,71.235,71.235,12909.0
2024-08-05 17:00:00+00:00,71.19,71.29,70.47,70.47,11901.0
2024-08-05 18:00:00+00:00,70.435,70.665,70.0,70.07,15986.0
2024-08-05 19:00:00+00:00,70.06,70.25,69.34,69.6,54355.0
2024-08-06 14:00:00+00:00,70.935,71.46,70.73,71.42,9773.0
2024-08-06 15:00:00+00:00,71.42,71.66,70.96,71.16,7246.0
2024-08-06 16:00:00+00:00,71.16,71.48,71.09,71.36,10496.0
2024-08-06 17:00:00+00:00,71.355,71.69,71.08,71.41,8850.0
2024-08-06 18:00:00+00:00,71.43,72.35,71.41,71.93,11922.0
2024-08-06 19:00:00+00:00,71.92,72.235,71.72,71.805,22814.0
2024-08-07 14:00:00+00:00,71.92,72.3,71.3,71.895,10622.0
2024-08-07 15:00:00+00:00,71.92,71.92,71.42,71.585,10956.0
2024-08-07 16:00:00+00:00,71.585,71.75,71.135,71.26,11077.0
2024-08-07 17:00:00+00:00,71.275,71.31,70.75,70.83,12897.0
2024-08-07 18:00:00+00:00,70.8,70.835,70.505,70.705,9579.0
2024-08-07 19:00:00+00:00,70.705,71.195,70.435,70.53,37226.0
2024-08-08 14:00:00+00:00,71.59,72.45,71.185,72.43,61407.0
2024-08-08 15:00:00+00:00,72.52,73.19,72.11,72.89,17089.0
2024-08-08 16:00:00+00:00,72.915,73.1,72.24,72.24,14656.0
2024-08-08 17:00:00+00:00,72.24,72.96,71.95,72.805,19100.0
2024-08-08 18:00:00+00:00,72.84,73.09,72.0,72.11,20028.0
2024-08-08 19:00:00+00:00,72.085,72.28,71.78,71.955,34521.0
2024-08-09 14:00:00+00:00,70.52,70.85,69.92,70.32,8487.0
2024-08-09 15:00:00+00:00,70.32,70.85,70.32,70.47,13439.0
2024-08-09 16:00:00+00:00,70.385,70.5,70.2,70.485,7197.0
2024-08-09 17:00:00+00:00,70.49,70.505,69.865,69.95,5475.0
2024-08-09 18:00:00+00:00,69.96,70.39,69.88,70.3,9354.0
2024-08-09 19:00:00+00:00,70.3,70.545,70.125,70.505,26809.0
2024-08-12 14:00:00+00:00,70.445,70.635,70.27,70.445,5861.0
2024-08-12 15:00:00+00:00,70.46,70.5,69.86,70.17,5238.0
2024-08-12 16:00:00+00:00,70.17,70.49,70.17,70.18,2855.0
2024-08-12 17:00:00+00:00,70.18,70.18,69.92,69.99,3113.0
2024-08-12 18:00:00+00:00,69.99,70.105,69.91,69.965,2863.0
2024-08-12 19:00:00+00:00,69.915,69.95,69.45,69.85,27159.0
2024-08-13 14:00:00+00:00,69.675,70.6,69.445,70.34,25136.0
2024-08-13 15:00:00+00:00,70.34,70.59,70.14,70.495,15719.0
2024-08-13 16:00:00+00:00,70.47,71.155,70.42,70.54,15852.0
2024-08-13 17:00:00+00:00,70.545,70.575,70.12,70.575,7697.0
2024-08-13 18:00:00+00:00,70.58,70.605,70.07,70.345,16339.0
2024-08-13 19:00:00+00:00,70.325,70.97,70.325,70.675,25968.0
2024-08-14 14:00:00+00:00,70.26,70.43,69.845,70.405,5718.0
2024-08-14 15:00:00+00:00,70.41,70.69,70.34,70.52,9203.0
2024-08-14 16:00:00+00:00,70.505,70.525,70.28,70.41,5579.0
2024-08-14 17:00:00+00:00,70.395,70.75,70.325,70.68,8959.0
2024-08-14 18:00:00+00:00,70.665,70.81,70.51,70.77,10921.0
2024-08-14 19:00:00+00:00,70.76,70.76,70.42,70.675,17694.0
2024-08-15 14:00:00+00:00,70.65,71.04,70.605,70.97,3481.0
2024-08-15 15:00:00+00:00,70.97,71.31,70.925,71.26,4206.0
2024-08-15 16:00:00+00:00,71.26,71.405,71.16,71.335,2190.0
2024-08-15 17:00:00+00:00,71.345,71.39,71.18,71.22,2800.0
2024-08-15 18:00:00+00:00,71.22,71.3,71.155,71.225,6538.0
2024-08-15 19:00:00+00:00,71.2,71.36,71.06,71.275,14985.0
2024-08-16 14:00:00+00:00,70.84,70.86,70.405,70.44,10373.0
2024-08-16 15:00:00+00:00,70.47,70.51,70.305,70.46,10806.0
2024-08-16 16:00:00+00:00,70.44,70.46,70.065,70.08,6953.0
2024-08-16 17:00:00+00:00,70.075,70.64,70.045,70.58,13072.0
2024-08-16 18:00:00+00:00,70.57,70.71,70.45,70.695,17089.0
2024-08-16 19:00:00+00:00,70.695,70.88,70.64,70.805,30120.0
2024-08-19 14:00:00+00:00,71.39,71.83,71.325,71.795,6845.0
2024-08-19 15:00:00+00:00,71.795,72.15,71.795,71.94,9054.0
2024-08-19 16:00:00+00:00,71.97,72.03,71.76,71.875,3232.0
2024-08-19 17:00:00+00:00,71.875,71.92,71.725,71.775,6933.0
2024-08-19 18:00:00+00:00,71.775,71.95,71.58,71.685,8799.0
2024-08-19 19:00:00+00:00,71.64,71.7,71.5,71.58,11562.0
2024-08-20 14:00:00+00:00,72.045,72.05,71.685,71.695,15732.0
2024-08-20 15:00:00+00:00,71.68,71.69,71.31,71.365,13286.0
2024-08-20 16:00:00+00:00,71.365,71.475,71.175,71.45,3704.0
2024-08-20 17:00:00+00:00,71.395,71.44,71.19,71.28,3955.0
2024-08-20 18:00:00+00:00,71.28,71.56,71.26,71.5,4719.0
2024-08-20 19:00:00+00:00,71.495,71.615,71.39,71.475,18251.0
2024-08-21 14:00:00+00:00,72.11,72.295,71.83,72.08,4671.0
2024-08-21 15:00:00+00:00,72.025,72.44,72.025,72.34,1829.0
2024-08-21 16:00:00+00:00,72.275,72.28,72.11,72.17,3178.0
2024-08-21 17:00:00+00:00,72.17,72.26,71.97,72.23,1857.0
2024-08-21 18:00:00+00:00,72.255,72.455,72.21,72.415,4076.0
2024-08-21 19:00:00+00:00,72.435,72.435,72.14,72.2,17339.0
2024-08-22 14:00:00+00:00,71.36,71.81,71.35,71.67,3612.0
2024-08-22 15:00:00+00:00,71.67,71.72,71.52,71.52,3865.0
2024-08-22 16:00:00+00:00,71.52,71.67,71.385,71.51,3397.0
2024-08-22 17:00:00+00:00,71.47,71.5,71.21,71.21,3848.0
2024-08-22 18:00:00+00:00,71.19,71.615,71.135,71.445,7327.0
2024-08-22 19:00:00+00:00,71.445,71.53,71.03,71.34,39700.0
2024-08-23 14:00:00+00:00,71.43,71.555,70.91,71.025,5909.0
2024-08-23 15:00:00+00:00,70.99,71.215,70.7,70.73,5902.0
2024-08-23 16:00:00+00:00,70.73,70.73,69.99,70.025,7175.0
2024-08-23 17:00:00+00:00,70.06,70.64,70.03,70.445,8734.0
2024-08-23 18:00:00+00:00,70.42,70.52,70.33,70.415,7394.0
2024-08-23 19:00:00+00:00,70.44,70.49,70.175,70.36,20698.0
2024-08-26 14:00:00+00:00,70.32,70.655,70.32,70.47,22122.0
2024-08-26 15:00:00+00:00,70.47,70.47,70.2,70.365,5134.0
2024-08-26 16:00:00+00:00,70.35,70.515,70.32,70.465,5716.0
2024-08-26 17:00:00+00:00,70.465,70.58,70.345,70.365,5000.0
2024-08-26 18:00:00+00:00,70.36,70.4,70.23,70.325,6694.0
2024-08-26 19:00:00+00:00,70.32,70.32,69.955,69.985,32504.0
2024-08-27 14:00:00+00:00,69.25,69.72,69.25,69.655,15015.0
2024-08-27 15:00:00+00:00,69.67,69.71,69.435,69.57,6860.0
2024-08-27 16:00:00+00:00,69.6,69.65,69.45,69.6,5395.0
2024-08-27 17:00:00+00:00,69.6,69.77,69.53,69.685,5405.0
2024-08-27 18:00:00+00:00,69.68,69.84,69.645,69.715,10921.0
2024-08-27 19:00:00+00:00,69.71,69.715,69.37,69.465,31514.0
2024-08-28 14:00:00+00:00,69.13,69.385,68.995,68.995,8033.0
2024-08-28 15:00:00+00:00,68.995,69.135,68.92,69.05,5031.0
2024-08-28 16:00:00+00:00,69.02,69.02,68.7,68.94,4613.0
2024-08-28 17:00:00+00:00,68.94,68.98,68.78,68.78,4008.0
2024-08-28 18:00:00+00:00,68.76,68.875,68.59,68.875,5769.0
2024-08-28 19:00:00+00:00,68.86,69.21,68.76,69.1,22977.0
2024-08-29 14:00:00+00:00,68.88,69.47,68.88,69.33,11286.0
2024-08-29 15:00:00+00:00,69.33,69.695,69.33,69.69,3184.0
2024-08-29 16:00:00+00:00,69.685,69.925,69.605,69.685,6816.0
2024-08-29 17:00:00+00:00,69.64,69.69,69.26,69.465,6795.0
2024-08-29 18:00:00+00:00,69.465,69.465,69.115,69.265,4600.0
2024-08-29 19:00:00+00:00,69.26,69.45,68.99,69.04,26819.0
2024-08-30 14:00:00+00:00,69.03,69.205,68.83,68.86,5818.0
2024-08-30 15:00:00+00:00,68.855,68.9,68.55,68.9,10148.0
2024-08-30 16:00:00+00:00,68.88,68.9,68.58,68.72,10677.0
2024-08-30 17:00:00+00:00,68.71,68.92,68.67,68.745,3309.0
2024-08-30 18:00:00+00:00,68.745,68.96,68.745,68.86,9942.0
2024-08-30 19:00:00+00:00,68.87,69.5,68.86,69.475,31380.0
2024-09-02 14:00:00+00:00,69.475,69.475,69.475,69.475,0.0
2024-09-02 15:00:00+00:00,69.475,69.475,69.475,69.475,0.0
2024-09-02 16:00:00+00:00,69.475,69.475,69.475,69.475,0.0
2024-09-02 17:00:00+00:00,69.475,69.475,69.475,69.475,0.0
2024-09-02 18:00:00+00:00,69.475,69.475,69.475,69.475,0.0
2024-09-02 19:00:00+00:00,69.475,69.475,69.475,69.475,0.0
2024-09-03 14:00:00+00:00,68.795,68.795,68.475,68.555,11346.0
2024-09-03 15:00:00+00:00,68.56,68.785,68.2,68.785,17412.0
2024-09-03 16:00:00+00:00,68.75,68.83,68.42,68.495,9004.0
2024-09-03 17:00:00+00:00,68.495,68.625,68.34,68.585,13790.0
2024-09-03 18:00:00+00:00,68.595,68.62,68.45,68.545,7753.0
2024-09-03 19:00:00+00:00,68.545,68.665,68.23,68.395,19028.0
2024-09-04 14:00:00+00:00,68.36,68.9,68.27,68.89,9512.0
2024-09-04 15:00:00+00:00,68.905,68.905,68.72,68.755,5103.0
2024-09-04 16:00:00+00:00,68.75,68.88,68.595,68.78,7546.0
2024-09-04 17:00:00+00:00,68.78,68.78,68.485,68.55,10981.0
2024-09-04 18:00:00+00:00,68.545,68.815,68.545,68.635,9658.0
2024-09-04 19:00:00+00:00,68.625,68.81,68.55,68.655,27617.0
2024-09-05 14:00:00+00:00,68.18,68.4,68.0,68.07,8118.0
2024-09-05 15:00:00+00:00,68.085,68.11,67.91,68.0,12860.0
2024-09-05 16:00:00+00:00,68.0,68.19,67.985,68.105,11863.0
2024-09-05 17:00:00+00:00,68.11,68.165,67.82,68.165,12688.0
2024-09-05 18:00:00+00:00,68.17,68.285,67.97,67.97,16313.0
2024-09-05 19:00:00+00:00,67.95,67.995,67.73,67.85,26319.0
2024-09-06 14:00:00+00:00,68.08,68.08,67.74,67.855,19793.0
2024-09-06 15:00:00+00:00,67.95,68.31,67.39,67.415,18680.0
2024-09-06 16:00:00+00:00,67.39,67.465,67.135,67.28,10929.0
2024-09-06 17:00:00+00:00,67.3,67.835,67.25,67.755,36787.0
2024-09-06 18:00:00+00:00,67.74,67.75,67.56,67.745,16462.0
2024-09-06 19:00:00+00:00,67.745,67.94,67.63,67.655,32221.0
2024-09-09 14:00:00+00:00,67.68,68.23,67.675,67.97,14086.0
2024-09-09 15:00:00+00:00,67.95,68.015,67.64,67.855,6267.0
2024-09-09 16:00:00+00:00,67.82,68.23,67.795,68.215,6958.0
2024-09-09 17:00:00+00:00,68.22,68.31,68.08,68.14,13518.0
2024-09-09 18:00:00+00:00,68.135,68.44,68.105,68.22,13848.0
2024-09-09 19:00:00+00:00,68.215,68.23,67.76,67.81,50742.0
2024-09-10 14:00:00+00:00,67.27,67.27,66.69,66.84,4448.0
2024-09-10 15:00:00+00:00,66.83,66.87,66.475,66.53,13286.0
2024-09-10 16:00:00+00:00,66.515,66.575,66.305,66.575,4913.0
2024-09-10 17:00:00+00:00,66.565,66.815,66.56,66.765,8830.0
2024-09-10 18:00:00+00:00,66.765,66.86,66.575,66.82,6585.0
2024-09-10 19:00:00+00:00,66.81,66.915,66.405,66.55,41286.0
2024-09-11 14:00:00+00:00,66.97,68.015,66.905,67.85,30632.0
2024-09-11 15:00:00+00:00,67.835,68.33,67.625,68.17,12660.0
2024-09-11 16:00:00+00:00,68.17,68.58,68.06,68.5,10836.0
2024-09-11 17:00:00+00:00,68.505,68.705,68.455,68.535,8564.0
2024-09-11 18:00:00+00:00,68.53,69.585,68.5,69.54,21702.0
2024-09-11 19:00:00+00:00,69.54,69.91,68.74,68.925,58276.0
2024-09-12 14:00:00+00:00,68.72,69.44,68.69,69.12,8745.0
2024-09-12 15:00:00+00:00,69.14,69.2,68.83,68.935,6372.0
2024-09-12 16:00:00+00:00,68.935,69.115,68.875,69.105,4726.0
2024-09-12 17:00:00+00:00,69.105,69.3,68.875,69.27,12256.0
2024-09-12 18:00:00+00:00,69.275,69.505,69.08,69.19,7168.0
2024-09-12 19:00:00+00:00,69.18,69.49,69.09,69.17,27901.0
2024-09-13 14:00:00+00:00,69.81,69.865,69.6,69.865,10256.0
2024-09-13 15:00:00+00:00,69.89,70.11,69.74,69.915,5037.0
2024-09-13 16:00:00+00:00,69.935,69.955,69.165,69.26,4808.0
2024-09-13 17:00:00+00:00,69.21,69.22,68.95,69.06,4806.0
2024-09-13 18:00:00+00:00,69.05,69.09,68.92,69.07,5763.0
2024-09-13 19:00:00+00:00,69.045,69.235,68.94,69.075,15500.0
2024-09-16 14:00:00+00:00,68.9,69.475,68.66,69.475,7994.0
2024-09-16 15:00:00+00:00,69.49,69.8,69.44,69.755,10840.0
2024-09-16 16:00:00+00:00,69.78,70.085,69.775,69.995,5205.0
2024-09-16 17:00:00+00:00,69.995,70.145,69.935,70.14,8575.0
2024-09-16 18:00:00+00:00,70.14,70.15,69.825,69.97,10163.0
2024-09-16 19:00:00+00:00,69.97,70.025,69.775,69.94,33252.0
2024-09-17 14:00:00+00:00,70.16,70.64,70.02,70.14,22420.0
2024-09-17 15:00:00+00:00,70.105,70.15,69.125,69.28,35735.0
2024-09-17 16:00:00+00:00,69.28,69.5,69.08,69.08,5379.0
2024-09-17 17:00:00+00:00,69.095,69.53,69.095,69.28,2585.0
2024-09-17 18:00:00+00:00,69.27,69.335,69.01,69.165,5569.0
2024-09-17 19:00:00+00:00,69.16,69.39,69.13,69.285,18674.0
2024-09-18 14:00:00+00:00,69.02,69.725,68.995,69.635,11175.0
2024-09-18 15:00:00+00:00,69.65,69.7,69.39,69.56,3821.0
2024-09-18 16:00:00+00:00,69.56,69.9,69.54,69.89,2732.0
2024-09-18 17:00:00+00:00,69.875,70.15,69.58,69.66,36659.0
2024-09-18 18:00:00+00:00,69.605,70.255,69.14,69.22,71984.0
2024-09-18 19:00:00+00:00,69.21,69.72,69.09,69.25,27011.0
2024-09-19 14:00:00+00:00,69.78,69.93,69.545,69.92,10369.0
2024-09-19 15:00:00+00:00,69.94,70.58,69.785,70.58,20122.0
2024-09-19 16:00:00+00:00,70.58,70.725,70.465,70.595,17748.0
2024-09-19 17:00:00+00:00,70.61,70.7,70.42,70.6,7732.0
2024-09-19 18:00:00+00:00,70.61,70.845,70.405,70.78,9423.0
2024-09-19 19:00:00+00:00,70.77,71.035,70.685,71.015,31193.0
2024-09-20 14:00:00+00:00,69.91,70.16,69.69,70.055,4290.0
2024-09-20 15:00:00+00:00,70.045,70.2,69.74,69.755,5002.0
2024-09-20 16:00:00+00:00,69.755,69.96,69.63,69.865,9565.0
2024-09-20 17:00:00+00:00,69.865,70.26,69.81,70.26,8910.0
2024-09-20 18:00:00+00:00,70.28,70.455,70.14,70.395,9392.0
2024-09-20 19:00:00+00:00,70.39,70.56,70.23,70.275,20989.0
2024-09-23 14:00:00+00:00,70.675,70.68,70.24,70.58,2481.0
2024-09-23 15:00:00+00:00,70.58,70.745,70.395,70.5,2235.0
2024-09-23 16:00:00+00:00,70.5,70.62,70.39,70.595,1486.0
2024-09-23 17:00:00+00:00,70.59,70.725,70.55,70.595,3748.0
2024-09-23 18:00:00+00:00,70.59,70.66,70.485,70.54,5504.0
2024-09-23 19:00:00+00:00,70.525,70.55,70.29,70.535,21697.0
2024-09-24 14:00:00+00:00,70.71,70.785,70.57,70.635,2779.0
2024-09-24 15:00:00+00:00,70.635,70.71,70.47,70.56,2998.0
2024-09-24 16:00:00+00:00,70.56,70.615,70.41,70.49,3361.0
2024-09-24 17:00:00+00:00,70.46,70.595,70.235,70.355,4906.0
2024-09-24 18:00:00+00:00,70.355,70.61,70.25,70.59,4998.0
2024-09-24 19:00:00+00:00,70.6,70.71,70.535,70.595,22826.0
2024-09-25 14:00:00+00:00,69.97,70.1,69.885,69.94,4655.0
2024-09-25 15:00:00+00:00,69.935,70.28,69.92,70.205,3634.0
2024-09-25 16:00:00+00:00,70.205,70.25,69.985,70.005,2725.0
2024-09-25 17:00:00+00:00,70.005,70.205,69.96,69.99,2871.0
2024-09-25 18:00:00+00:00,69.99,70.05,69.83,69.98,6593.0
2024-09-25 19:00:00+00:00,69.97,70.025,69.7,69.725,9053.0
2024-09-26 14:00:00+00:00,70.96,70.96,70.525,70.69,1974.0
2024-09-26 15:00:00+00:00,70.69,70.98,70.61,70.94,5808.0
2024-09-26 16:00:00+00:00,70.94,70.96,70.795,70.905,2042.0
2024-09-26 17:00:00+00:00,70.905,71.17,70.83,70.845,2567.0
2024-09-26 18:00:00+00:00,70.845,71.06,70.81,70.97,3224.0
2024-09-26 19:00:00+00:00,70.95,70.95,70.645,70.875,7950.0
2024-09-27 14:00:00+00:00,71.51,71.88,71.445,71.73,6527.0
2024-09-27 15:00:00+00:00,71.75,71.9,71.59,71.66,9282.0
2024-09-27 16:00:00+00:00,71.63,71.63,71.32,71.345,14724.0
2024-09-27 17:00:00+00:00,71.345,71.37,71.23,71.29,9965.0
2024-09-27 18:00:00+00:00,71.29,71.355,71.07,71.22,8917.0
2024-09-27 19:00:00+00:00,71.22,71.36,71.12,71.31,14111.0
2024-09-30 14:00:00+00:00,71.86,71.98,71.71,71.87,3804.0
2024-09-30 15:00:00+00:00,71.89,71.955,71.74,71.755,2911.0
2024-09-30 16:00:00+00:00,71.755,71.95,71.64,71.9,3107.0
2024-09-30 17:00:00+00:00,71.925,71.97,71.82,71.855,3010.0
2024-09-30 18:00:00+00:00,71.855,71.875,71.6,71.78,5718.0
2024-09-30 19:00:00+00:00,71.775,72.3,71.765,72.135,12370.0
2024-10-01 14:00:00+00:00,72.42,72.46,71.92,72.34,9887.0
2024-10-01 15:00:00+00:00,72.355,72.41,72.11,72.28,8662.0
2024-10-01 16:00:00+00:00,72.275,72.29,72.1,72.25,7621.0
2024-10-01 17:00:00+00:00,72.215,72.215,71.835,72.165,5051.0
2024-10-01 18:00:00+00:00,72.19,72.565,72.19,72.5,5302.0
2024-10-01 19:00:00+00:00,72.51,72.57,72.36,72.49,22175.0
2024-10-02 14:00:00+00:00,72.78,72.83,72.415,72.76,4639.0
2024-10-02 15:00:00+00:00,72.755,72.785,72.465,72.485,2062.0
2024-10-02 16:00:00+00:00,72.53,72.56,72.215,72.24,1967.0
2024-10-02 17:00:00+00:00,72.24,72.37,72.05,72.37,1053.0
2024-10-02 18:00:00+00:00,72.34,72.38,72.235,72.315,4484.0
2024-10-02 19:00:00+00:00,72.34,72.455,72.23,72.415,22288.0
2024-10-03 14:00:00+00:00,70.73,70.98,69.81,69.985,5402.0
2024-10-03 15:00:00+00:00,70.005,70.54,69.97,70.375,11798.0
2024-10-03 16:00:00+00:00,70.375,70.41,70.01,70.1,9717.0
2024-10-03 17:00:00+00:00,70.1,70.4,70.025,70.38,3400.0
2024-10-03 18:00:00+00:00,70.345,70.995,70.34,70.995,6385.0
2024-10-03 19:00:00+00:00,70.98,71.03,70.765,70.905,28949.0
2024-10-04 14:00:00+00:00,71.35,71.73,71.22,71.61,6350.0
2024-10-04 15:00:00+00:00,71.63,71.83,71.6,71.795,3258.0
2024-10-04 16:00:00+00:00,71.775,71.89,71.56,71.8,1775.0
2024-10-04 17:00:00+00:00,71.715,71.975,71.67,71.82,4970.0
2024-10-04 18:00:00+00:00,71.82,71.89,71.7,71.89,6605.0
2024-10-04 19:00:00+00:00,71.86,71.89,71.7,71.755,34560.0
2024-10-07 14:00:00+00:00,70.685,70.935,70.14,70.17,11932.0
2024-10-07 15:00:00+00:00,70.17,70.5,70.065,70.11,6638.0
2024-10-07 16:00:00+00:00,70.08,70.365,69.97,70.285,2809.0
2024-10-07 17:00:00+00:00,70.285,70.285,69.595,69.615,7740.0
2024-10-07 18:00:00+00:00,69.615,69.62,69.11,69.21,14276.0
2024-10-07 19:00:00+00:00,69.215,69.92,69.205,69.9,23504.0
2024-10-08 14:00:00+00:00,69.56,69.97,69.495,69.97,10747.0
2024-10-08 15:00:00+00:00,69.97,70.305,69.805,70.255,5694.0
2024-10-08 16:00:00+00:00,70.255,70.3,69.885,69.97,2913.0
2024-10-08 17:00:00+00:00,69.975,70.01,69.825,69.985,2187.0
2024-10-08 18:00:00+00:00,69.985,70.005,69.875,69.93,6022.0
2024-10-08 19:00:00+00:00,69.92,70.05,69.83,69.865,12170.0
2024-10-09 14:00:00+00:00,69.94,70.065,69.685,69.905,9574.0
2024-10-09 15:00:00+00:00,69.905,70.58,69.905,70.53,6467.0
2024-10-09 16:00:00+00:00,70.54,70.7,70.34,70.37,5578.0
2024-10-09 17:00:00+00:00,70.34,70.385,70.19,70.32,10733.0
2024-10-09 18:00:00+00:00,70.335,70.49,70.28,70.42,6955.0
2024-10-09 19:00:00+00:00,70.42,70.73,70.365,70.495,30076.0
2024-10-10 14:00:00+00:00,69.28,70.06,69.28,69.94,13305.0
2024-10-10 15:00:00+00:00,69.94,70.08,69.88,70.03,4545.0
2024-10-10 16:00:00+00:00,70.03,70.065,69.92,69.995,5229.0
2024-10-10 17:00:00+00:00,69.995,70.01,69.795,70.0,6841.0
2024-10-10 18:00:00+00:00,70.0,70.085,69.865,69.865,7624.0
2024-10-10 19:00:00+00:00,69.865,70.28,69.825,70.215,11471.0
2024-10-11 14:00:00+00:00,70.69,70.98,70.56,70.785,11179.0
2024-10-11 15:00:00+00:00,70.785,70.96,70.68,70.72,18768.0
2024-10-11 16:00:00+00:00,70.715,70.76,70.47,70.605,14071.0
2024-10-11 17:00:00+00:00,70.605,70.615,70.43,70.49,5721.0
2024-10-11 18:00:00+00:00,70.49,70.72,70.445,70.7,9739.0
2024-10-11 19:00:00+00:00,70.69,70.81,70.655,70.8,21764.0
2024-10-14 14:00:00+00:00,71.11,71.405,71.1,71.38,2840.0
2024-10-14 15:00:00+00:00,71.38,71.485,71.32,71.45,2095.0
2024-10-14 16:00:00+00:00,71.455,71.81,71.45,71.81,2607.0
2024-10-14 17:00:00+00:00,71.795,71.87,71.73,71.81,3100.0
2024-10-14 18:00:00+00:00,71.81,71.93,71.755,71.8,8433.0
2024-10-14 19:00:00+00:00,71.8,71.8,71.5,71.58,19462.0
2024-10-15 14:00:00+00:00,70.67,71.46,70.67,71.415,16003.0
2024-10-15 15:00:00+00:00,71.45,71.475,71.13,71.31,10409.0
2024-10-15 16:00:00+00:00,71.34,71.415,71.1,71.23,10812.0
2024-10-15 17:00:00+00:00,71.23,71.26,71.07,71.095,5291.0
2024-10-15 18:00:00+00:00,71.095,71.2,71.03,71.11,7429.0
2024-10-15 19:00:00+00:00,71.115,71.33,70.98,71.165,19545.0
2024-10-16 14:00:00+00:00,71.19,71.495,71.13,71.31,3079.0
2024-10-16 15:00:00+00:00,71.28,71.285,71.11,71.25,3985.0
2024-10-16 16:00:00+00:00,71.275,71.56,71.235,71.47,2742.0
2024-10-16 17:00:00+00:00,71.47,71.64,71.44,71.585,1602.0
2024-10-16 18:00:00+00:00,71.64,71.775,71.57,71.62,4635.0
2024-10-16 19:00:00+00:00,71.62,72.1,71.565,72.09,20462.0
2024-10-17 14:00:00+00:00,71.74,71.815,71.52,71.58,6551.0
2024-10-17 15:00:00+00:00,71.57,71.58,70.97,71.06,12063.0
2024-10-17 16:00:00+00:00,71.06,71.365,70.93,71.33,11577.0
2024-10-17 17:00:00+00:00,71.33,71.39,71.11,71.185,6680.0
2024-10-17 18:00:00+00:00,71.185,71.205,71.05,71.155,8296.0
2024-10-17 19:00:00+00:00,71.155,71.17,71.055,71.07,23590.0
2024-10-18 14:00:00+00:00,70.82,70.86,70.42,70.59,8194.0
2024-10-18 15:00:00+00:00,70.59,70.59,70.105,70.145,6303.0
2024-10-18 16:00:00+00:00,70.155,70.335,70.1,70.275,6676.0
2024-10-18 17:00:00+00:00,70.31,70.355,70.215,70.23,8462.0
2024-10-18 18:00:00+00:00,70.23,70.34,70.155,70.23,10463.0
2024-10-18 19:00:00+00:00,70.23,70.655,70.195,70.53,32928.0
2024-10-21 14:00:00+00:00,72.03,72.825,71.83,72.825,34091.0
2024-10-21 15:00:00+00:00,72.8,72.845,72.55,72.8,14813.0
2024-10-21 16:00:00+00:00,72.81,72.89,72.38,72.75,6755.0
2024-10-21 17:00:00+00:00,72.75,72.99,72.36,72.41,12212.0
2024-10-21 18:00:00+00:00,72.375,72.54,72.36,72.41,5588.0
2024-10-21 19:00:00+00:00,72.42,72.75,72.345,72.75,32597.0
2024-10-22 14:00:00+00:00,72.62,72.71,72.26,72.365,8383.0
2024-10-22 15:00:00+00:00,72.35,72.38,72.08,72.345,5299.0
2024-10-22 16:00:00+00:00,72.33,72.335,72.12,72.2,6170.0
2024-10-22 17:00:00+00:00,72.24,72.28,72.085,72.145,6236.0
2024-10-22 18:00:00+00:00,72.13,72.335,71.9,72.17,18643.0
2024-10-22 19:00:00+00:00,72.165,72.42,72.09,72.135,34896.0
2024-10-23 14:00:00+00:00,73.35,73.665,73.175,73.47,15567.0
2024-10-23 15:00:00+00:00,73.47,73.625,73.25,73.625,12094.0
2024-10-23 16:00:00+00:00,73.64,73.755,73.27,73.465,10329.0
2024-10-23 17:00:00+00:00,73.5,73.56,73.145,73.205,10749.0
2024-10-23 18:00:00+00:00,73.205,73.375,73.05,73.335,15010.0
2024-10-23 19:00:00+00:00,73.335,73.62,73.275,73.485,35277.0
2024-10-24 14:00:00+00:00,72.95,73.0,72.58,72.725,6021.0
2024-10-24 15:00:00+00:00,72.725,72.845,72.48,72.56,3746.0
2024-10-24 16:00:00+00:00,72.53,72.605,72.31,72.585,4603.0
2024-10-24 17:00:00+00:00,72.585,72.615,72.375,72.385,3532.0
2024-10-24 18:00:00+00:00,72.385,72.6,72.36,72.53,10827.0
2024-10-24 19:00:00+00:00,72.515,72.67,72.04,72.2,40465.0
2024-10-25 14:00:00+00:00,71.71,71.84,71.54,71.655,9205.0
2024-10-25 15:00:00+00:00,71.67,71.675,71.14,71.22,21745.0
2024-10-25 16:00:00+00:00,71.22,71.28,71.135,71.135,6297.0
2024-10-25 17:00:00+00:00,71.14,71.14,70.72,70.8,14632.0
2024-10-25 18:00:00+00:00,70.79,70.855,70.69,70.71,10897.0
2024-10-25 19:00:00+00:00,70.7,70.86,70.465,70.55,24017.0
2024-10-28 14:00:00+00:00,70.75,70.91,70.38,70.86,16387.0
2024-10-28 15:00:00+00:00,70.9,70.91,70.46,70.53,9483.0
2024-10-28 16:00:00+00:00,70.53,70.64,70.5,70.59,8529.0
2024-10-28 17:00:00+00:00,70.59,70.8,70.52,70.77,9162.0
2024-10-28 18:00:00+00:00,70.74,71.175,70.72,71.14,13762.0
2024-10-28 19:00:00+00:00,71.115,71.22,70.97,71.08,30473.0
2024-10-29 14:00:00+00:00,71.37,71.43,71.13,71.31,8488.0
2024-10-29 15:00:00+00:00,71.31,71.35,70.83,71.025,11306.0
2024-10-29 16:00:00+00:00,71.02,71.095,70.51,70.72,10190.0
2024-10-29 17:00:00+00:00,70.705,70.83,70.58,70.725,8559.0
2024-10-29 18:00:00+00:00,70.725,70.83,70.64,70.66,12478.0
2024-10-29 19:00:00+00:00,70.66,70.69,70.365,70.47,30175.0
2024-10-30 14:00:00+00:00,69.97,70.11,69.77,69.945,7283.0
2024-10-30 15:00:00+00:00,69.95,70.12,69.885,70.065,11370.0
2024-10-30 16:00:00+00:00,70.065,70.17,69.98,70.045,12312.0
2024-10-30 17:00:00+00:00,70.03,70.11,69.9,70.045,11009.0
2024-10-30 18:00:00+00:00,70.04,70.205,70.025,70.055,9474.0
2024-10-30 19:00:00+00:00,70.05,70.19,69.93,70.11,26361.0
2024-10-31 14:00:00+00:00,69.885,70.04,69.615,69.77,9161.0
2024-10-31 15:00:00+00:00,69.79,69.79,69.4,69.485,10023.0
2024-10-31 16:00:00+00:00,69.485,69.865,69.48,69.715,8717.0
2024-10-31 17:00:00+00:00,69.715,69.795,69.6,69.675,6746.0
2024-10-31 18:00:00+00:00,69.675,70.035,69.61,69.98,10491.0
2024-10-31 19:00:00+00:00,69.985,70.04,69.505,69.55,17697.0
2024-11-01 14:00:00+00:00,69.805,70.02,69.61,69.975,10476.0
2024-11-01 15:00:00+00:00,69.975,70.205,69.805,69.88,9707.0
2024-11-01 16:00:00+00:00,69.89,70.07,69.715,69.745,9128.0
2024-11-01 17:00:00+00:00,69.745,69.94,69.665,69.94,4137.0
2024-11-01 18:00:00+00:00,69.94,70.035,69.84,69.97,11124.0
2024-11-01 19:00:00+00:00,69.965,70.07,69.92,69.985,20738.0
2024-11-04 15:00:00+00:00,70.235,70.29,69.89,70.18,12867.0
2024-11-04 16:00:00+00:00,70.19,70.39,69.93,69.995,24076.0
2024-11-04 17:00:00+00:00,69.995,70.345,69.995,70.12,8348.0
2024-11-04 18:00:00+00:00,70.105,70.225,69.94,70.105,9035.0
2024-11-04 19:00:00+00:00,70.11,70.255,70.09,70.12,27789.0
2024-11-04 20:00:00+00:00,70.11,70.15,69.99,70.045,30408.0
2024-11-05 15:00:00+00:00,68.18,69.2,67.995,68.2,71608.0
2024-11-05 16:00:00+00:00,68.22,68.6,68.09,68.465,12166.0
2024-11-05 17:00:00+00:00,68.465,68.97,68.41,68.96,15740.0
2024-11-05 18:00:00+00:00,68.955,68.955,68.11,68.235,13461.0
2024-11-05 19:00:00+00:00,68.225,68.93,68.22,68.66,27832.0
2024-11-05 20:00:00+00:00,68.63,68.64,68.07,68.14,66366.0
2024-11-06 15:00:00+00:00,67.68,67.88,66.805,67.5,24447.0
2024-11-06 16:00:00+00:00,67.54,68.35,67.485,68.2,21469.0
2024-11-06 17:00:00+00:00,68.185,68.185,67.54,68.03,19586.0
2024-11-06 18:00:00+00:00,68.03,68.27,67.905,68.215,20958.0
2024-11-06 19:00:00+00:00,68.185,68.265,67.94,68.15,19410.0
2024-11-06 20:00:00+00:00,68.15,68.395,68.085,68.225,48571.0
2024-11-07 15:00:00+00:00,69.42,69.485,68.995,69.3,4272.0
2024-11-07 16:00:00+00:00,69.3,69.3,68.775,68.94,6159.0
2024-11-07 17:00:00+00:00,68.945,69.11,68.81,68.82,6053.0
2024-11-07 18:00:00+00:00,68.83,68.895,68.6,68.6,9892.0
2024-11-07 19:00:00+00:00,68.62,68.74,68.4,68.665,7856.0
2024-11-07 20:00:00+00:00,68.66,68.9,68.55,68.63,45310.0
2024-11-08 15:00:00+00:00,68.32,68.49,67.96,68.125,9697.0
2024-11-08 16:00:00+00:00,68.125,68.39,68.095,68.28,6060.0
2024-11-08 17:00:00+00:00,68.28,68.42,68.195,68.39,4961.0
2024-11-08 18:00:00+00:00,68.39,68.395,68.135,68.3,7568.0
2024-11-08 19:00:00+00:00,68.3,68.44,68.12,68.16,10153.0
2024-11-08 20:00:00+00:00,68.16,68.165,67.92,68.035,39608.0
2024-11-11 15:00:00+00:00,67.835,68.2,67.835,68.115,7211.0
2024-11-11 16:00:00+00:00,68.115,68.355,68.07,68.135,9053.0
2024-11-11 17:00:00+00:00,68.135,68.22,68.09,68.12,5123.0
2024-11-11 18:00:00+00:00,68.115,68.19,68.01,68.105,10825.0
2024-11-11 19:00:00+00:00,68.105,68.11,67.855,67.92,7149.0
2024-11-11 20:00:00+00:00,67.93,68.0,67.77,67.87,26557.0
2024-11-12 15:00:00+00:00,67.22,67.23,66.85,67.0,16331.0
2024-11-12 16:00:00+00:00,67.0,67.0,66.66,66.875,8381.0
2024-11-12 17:00:00+00:00,66.875,67.02,66.875,66.94,7058.0
2024-11-12 18:00:00+00:00,66.935,67.04,66.81,67.015,10572.0
2024-11-12 19:00:00+00:00,67.015,67.33,67.0,67.315,12382.0
2024-11-12 20:00:00+00:00,67.315,67.45,67.205,67.45,29557.0
2024-11-13 15:00:00+00:00,67.91,68.14,67.22,68.14,7226.0
2024-11-13 16:00:00+00:00,68.2,68.48,67.98,68.29,11783.0
2024-11-13 17:00:00+00:00,68.24,68.28,67.97,68.115,5568.0
2024-11-13 18:00:00+00:00,68.115,68.14,67.92,67.99,5066.0
2024-11-13 19:00:00+00:00,67.99,68.19,67.88,67.905,7634.0
2024-11-13 20:00:00+00:00,67.905,68.055,67.795,67.915,15483.0
2024-11-14 15:00:00+00:00,67.775,67.99,67.72,67.88,5772.0
2024-11-14 16:00:00+00:00,67.875,68.09,67.845,67.905,6565.0
2024-11-14 17:00:00+00:00,67.905,68.105,67.87,68.105,10917.0
2024-11-14 18:00:00+00:00,68.11,68.155,67.945,68.05,14643.0
2024-11-14 19:00:00+00:00,68.05,68.895,68.04,68.81,10179.0
2024-11-14 20:00:00+00:00,68.775,68.915,68.44,68.485,21991.0
2024-11-15 15:00:00+00:00,68.025,68.08,67.63,67.915,12933.0
2024-11-15 16:00:00+00:00,67.865,67.94,67.58,67.64,12214.0
2024-11-15 17:00:00+00:00,67.64,67.7,67.29,67.43,4766.0
2024-11-15 18:00:00+00:00,67.4,67.57,67.305,67.44,2852.0
2024-11-15 19:00:00+00:00,67.44,67.555,67.31,67.37,5920.0
2024-11-15 20:00:00+00:00,67.37,67.55,67.27,67.535,20711.0
2024-11-18 15:00:00+00:00,68.5,69.37,68.47,69.31,11454.0
2024-11-18 16:00:00+00:00,69.32,69.42,69.1,69.22,9426.0
2024-11-18 17:00:00+00:00,69.215,69.265,68.94,69.22,4345.0
2024-11-18 18:00:00+00:00,69.2,69.25,68.97,69.025,5075.0
2024-11-18 19:00:00+00:00,69.025,69.05,68.83,68.94,9583.0
2024-11-18 20:00:00+00:00,68.94,69.045,68.78,68.94,23235.0
2024-11-19 15:00:00+00:00,68.94,69.33,68.94,69.2,7057.0
2024-11-19 16:00:00+00:00,69.215,69.68,69.17,69.68,7300.0
2024-11-19 17:00:00+00:00,69.675,69.895,69.62,69.8,4922.0
2024-11-19 18:00:00+00:00,69.815,69.895,69.68,69.885,6820.0
2024-11-19 19:00:00+00:00,69.88,69.92,69.575,69.575,5640.0
2024-11-19 20:00:00+00:00,69.575,69.8,69.35,69.425,17841.0
2024-11-20 15:00:00+00:00,69.57,69.57,69.11,69.15,3749.0
2024-11-20 16:00:00+00:00,69.15,69.15,68.91,69.115,5661.0
2024-11-20 17:00:00+00:00,69.145,69.295,68.81,68.81,2396.0
2024-11-20 18:00:00+00:00,68.82,69.27,67.97,68.92,17746.0
2024-11-20 19:00:00+00:00,68.92,69.305,68.92,69.14,5736.0
2024-11-20 20:00:00+00:00,69.14,69.57,69.135,69.42,23555.0
2024-11-21 15:00:00+00:00,68.585,69.235,68.56,69.195,19483.0
2024-11-21 16:00:00+00:00,69.195,69.58,69.005,69.56,8936.0
2024-11-21 17:00:00+00:00,69.545,69.83,69.44,69.74,16698.0
2024-11-21 18:00:00+00:00,69.76,69.975,69.64,69.64,13416.0
2024-11-21 19:00:00+00:00,69.59,69.715,69.43,69.625,20687.0
2024-11-21 20:00:00+00:00,69.64,69.96,69.54,69.83,38385.0
2024-11-22 15:00:00+00:00,69.84,69.84,69.46,69.795,5176.0
2024-11-22 16:00:00+00:00,69.8,69.91,69.675,69.885,7435.0
2024-11-22 17:00:00+00:00,69.89,69.94,69.55,69.64,6345.0
2024-11-22 18:00:00+00:00,69.645,69.69,69.16,69.23,9743.0
2024-11-22 19:00:00+00:00,69.23,69.54,69.23,69.45,12959.0
2024-11-22 20:00:00+00:00,69.45,69.515,69.1,69.14,86649.0
2024-11-25 15:00:00+00:00,69.21,69.9,69.14,69.86,8604.0
2024-11-25 16:00:00+00:00,69.81,69.85,69.42,69.755,10711.0
2024-11-25 17:00:00+00:00,69.755,70.155,69.72,69.885,14076.0
2024-11-25 18:00:00+00:00,69.89,70.15,69.77,70.15,14645.0
2024-11-25 19:00:00+00:00,70.15,70.21,69.765,69.93,14884.0
2024-11-25 20:00:00+00:00,69.905,70.04,69.57,69.805,64369.0
2024-11-26 15:00:00+00:00,69.98,70.12,69.685,69.715,12444.0
2024-11-26 16:00:00+00:00,69.715,69.78,69.475,69.545,12229.0
2024-11-26 17:00:00+00:00,69.545,69.545,69.13,69.13,13144.0
2024-11-26 18:00:00+00:00,69.11,69.29,68.93,69.29,11524.0
2024-11-26 19:00:00+00:00,69.305,69.365,68.99,69.05,13940.0
2024-11-26 20:00:00+00:00,69.05,69.255,69.045,69.07,55478.0
2024-11-27 15:00:00+00:00,69.78,70.15,69.54,69.87,14193.0
2024-11-27 16:00:00+00:00,69.835,70.05,69.71,69.895,9978.0
2024-11-27 17:00:00+00:00,69.895,70.005,69.78,69.82,13838.0
2024-11-27 18:00:00+00:00,69.84,70.09,69.84,70.05,21984.0
2024-11-27 19:00:00+00:00,70.04,70.43,69.95,70.415,14204.0
2024-11-27 20:00:00+00:00,70.415,70.49,70.23,70.25,45811.0
2024-11-28 15:00:00+00:00,70.25,70.25,70.25,70.25,0.0
2024-11-28 16:00:00+00:00,70.25,70.25,70.25,70.25,0.0
2024-11-28 17:00:00+00:00,70.25,70.25,70.25,70.25,0.0
2024-11-28 18:00:00+00:00,70.25,70.25,70.25,70.25,0.0
2024-11-28 19:00:00+00:00,70.25,70.25,70.25,70.25,0.0
2024-11-28 20:00:00+00:00,70.25,70.25,70.25,70.25,0.0
2024-11-29 15:00:00+00:00,69.75,69.75,69.33,69.6,30139.0
2024-11-29 16:00:00+00:00,69.6,69.75,69.49,69.58,18885.0
2024-11-29 17:00:00+00:00,69.58,69.845,69.54,69.605,28644.0
2024-11-29 18:00:00+00:00,69.605,69.605,69.605,69.605,0.0
2024-11-29 19:00:00+00:00,69.605,69.605,69.605,69.605,0.0
2024-11-29 20:00:00+00:00,69.605,69.605,69.605,69.605,0.0
2024-12-02 15:00:00+00:00,69.56,69.94,69.37,69.64,29064.0
2024-12-02 16:00:00+00:00,69.64,69.75,69.53,69.745,16559.0
2024-12-02 17:00:00+00:00,69.745,70.035,69.72,69.845,11946.0
2024-12-02 18:00:00+00:00,69.83,70.08,69.77,70.025,19454.0
2024-12-02 19:00:00+00:00,70.04,70.14,69.84,69.935,24778.0
2024-12-02 20:00:00+00:00,69.93,69.95,69.71,69.83,56449.0
2024-12-03 15:00:00+00:00,70.505,70.66,70.14,70.365,41439.0
2024-12-03 16:00:00+00:00,70.355,70.44,70.25,70.385,20664.0
2024-12-03 17:00:00+00:00,70.39,71.13,70.385,71.045,10715.0
2024-12-03 18:00:00+00:00,71.045,71.39,71.025,71.19,21357.0
2024-12-03 19:00:00+00:00,71.175,71.35,71.135,71.27,17743.0
2024-12-03 20:00:00+00:00,71.29,71.515,70.74,70.755,68671.0
2024-12-04 15:00:00+00:00,71.315,71.635,71.07,71.485,13831.0
2024-12-04 16:00:00+00:00,71.48,71.59,71.22,71.385,12203.0
2024-12-04 17:00:00+00:00,71.39,71.43,71.12,71.12,6580.0
2024-12-04 18:00:00+00:00,71.075,71.26,71.07,71.14,10340.0
2024-12-04 19:00:00+00:00,71.14,71.565,70.95,70.99,24612.0
2024-12-04 20:00:00+00:00,70.965,71.11,70.895,71.11,23320.0
2024-12-05 15:00:00+00:00,70.605,70.62,69.865,70.0,12914.0
2024-12-05 16:00:00+00:00,70.0,70.065,69.72,70.035,8551.0
2024-12-05 17:00:00+00:00,70.04,70.14,69.785,70.14,8990.0
2024-12-05 18:00:00+00:00,70.14,70.195,69.91,70.065,7555.0
2024-12-05 19:00:00+00:00,70.05,70.125,69.86,69.905,12873.0
2024-12-05 20:00:00+00:00,69.89,70.045,69.64,69.695,67155.0
2024-12-06 15:00:00+00:00,70.095,70.24,69.73,69.77,6412.0
2024-12-06 16:00:00+00:00,69.755,69.77,69.57,69.61,5457.0
2024-12-06 17:00:00+00:00,69.61,69.61,69.22,69.38,11239.0
2024-12-06 18:00:00+00:00,69.36,69.435,69.265,69.265,11923.0
2024-12-06 19:00:00+00:00,69.265,69.265,69.045,69.075,14003.0
2024-12-06 20:00:00+00:00,69.07,69.13,68.9,69.0,22965.0
2024-12-09 15:00:00+00:00,70.525,71.025,70.45,70.9,18844.0
2024-12-09 16:00:00+00:00,70.935,71.405,70.92,71.225,21046.0
2024-12-09 17:00:00+00:00,71.235,71.285,70.94,71.08,13683.0
2024-12-09 18:00:00+00:00,71.095,71.105,70.92,70.93,14770.0
2024-12-09 19:00:00+00:00,70.9,70.915,70.54,70.625,13373.0
2024-12-09 20:00:00+00:00,70.625,70.65,70.045,70.045,43582.0
2024-12-10 15:00:00+00:00,69.73,69.99,69.505,69.94,6143.0
2024-12-10 16:00:00+00:00,69.94,70.48,69.91,70.02,12782.0
2024-12-10 17:00:00+00:00,70.02,70.455,70.02,70.45,11571.0
2024-12-10 18:00:00+00:00,70.44,70.5,70.25,70.33,12152.0
2024-12-10 19:00:00+00:00,70.31,70.425,70.22,70.4,13503.0
2024-12-10 20:00:00+00:00,70.395,70.525,69.95,70.045,58084.0
2024-12-11 15:00:00+00:00,70.365,70.77,70.11,70.25,14558.0
2024-12-11 16:00:00+00:00,70.24,70.29,69.805,69.83,15718.0
2024-12-11 17:00:00+00:00,69.83,69.925,69.4,69.52,4516.0
2024-12-11 18:00:00+00:00,69.56,69.59,69.31,69.31,3525.0
2024-12-11 19:00:00+00:00,69.3,69.72,69.225,69.655,9655.0
2024-12-11 20:00:00+00:00,69.655,69.985,69.59,69.755,47466.0
2024-12-12 15:00:00+00:00,69.71,69.76,69.36,69.6,9290.0
2024-12-12 16:00:00+00:00,69.6,69.645,69.46,69.51,4800.0
2024-12-12 17:00:00+00:00,69.49,69.6,69.2,69.4,5662.0
2024-12-12 18:00:00+00:00,69.38,69.38,69.185,69.19,10238.0
2024-12-12 19:00:00+00:00,69.19,69.29,68.895,68.95,7138.0
2024-12-12 20:00:00+00:00,68.955,69.26,68.9,69.21,22264.0
2024-12-13 15:00:00+00:00,68.42,68.6,68.045,68.22,10642.0
2024-12-13 16:00:00+00:00,68.23,68.54,68.04,68.44,8906.0
2024-12-13 17:00:00+00:00,68.43,68.44,68.145,68.21,5413.0
2024-12-13 18:00:00+00:00,68.23,68.44,68.145,68.425,9733.0
2024-12-13 19:00:00+00:00,68.46,68.46,68.23,68.25,10953.0
2024-12-13 20:00:00+00:00,68.25,68.415,68.215,68.255,31510.0
2024-12-16 15:00:00+00:00,68.255,68.41,68.01,68.08,11716.0
2024-12-16 16:00:00+00:00,68.08,68.1,67.88,68.055,17367.0
2024-12-16 17:00:00+00:00,68.055,68.08,67.81,67.835,12047.0
2024-12-16 18:00:00+00:00,67.835,67.92,67.685,67.725,8995.0
2024-12-16 19:00:00+00:00,67.725,67.79,67.54,67.65,9890.0
2024-12-16 20:00:00+00:00,67.65,67.765,67.45,67.465,38478.0
2024-12-17 15:00:00+00:00,67.98,67.98,67.44,67.525,8283.0
2024-12-17 16:00:00+00:00,67.53,67.89,67.45,67.595,7250.0
2024-12-17 17:00:00+00:00,67.595,67.595,67.2,67.375,6915.0
2024-12-17 18:00:00+00:00,67.375,67.375,67.12,67.18,7668.0
2024-12-17 19:00:00+00:00,67.18,67.4,67.145,67.36,5412.0
2024-12-17 20:00:00+00:00,67.355,67.465,67.105,67.425,13536.0
2024-12-18 15:00:00+00:00,67.12,67.59,67.02,67.52,14870.0
2024-12-18 16:00:00+00:00,67.56,67.66,67.13,67.13,9766.0
2024-12-18 17:00:00+00:00,67.175,67.43,67.115,67.35,3678.0
2024-12-18 18:00:00+00:00,67.35,67.43,67.175,67.26,9943.0
2024-12-18 19:00:00+00:00,67.24,67.24,66.5,66.555,11578.0
2024-12-18 20:00:00+00:00,66.59,66.73,65.775,65.95,25451.0
2024-12-19 15:00:00+00:00,66.365,66.375,65.995,66.07,12492.0
2024-12-19 16:00:00+00:00,66.07,66.1,65.785,65.87,6907.0
2024-12-19 17:00:00+00:00,65.78,65.98,65.615,65.785,4855.0
2024-12-19 18:00:00+00:00,65.775,66.01,65.655,66.01,4818.0
2024-12-19 19:00:00+00:00,66.02,66.03,65.785,65.785,5956.0
2024-12-19 20:00:00+00:00,65.785,66.03,65.5,65.5,21777.0
2024-12-20 15:00:00+00:00,66.28,66.66,66.23,66.56,7381.0
2024-12-20 16:00:00+00:00,66.56,67.015,66.53,66.885,6092.0
2024-12-20 17:00:00+00:00,66.89,67.05,66.81,66.895,3928.0
2024-12-20 18:00:00+00:00,66.89,66.895,66.525,66.655,6224.0
2024-12-20 19:00:00+00:00,66.655,67.0,66.655,66.87,7524.0
2024-12-20 20:00:00+00:00,66.89,66.985,66.715,66.8,28945.0
2024-12-23 15:00:00+00:00,66.48,66.49,66.02,66.13,1092.0
2024-12-23 16:00:00+00:00,66.13,66.13,66.13,66.13,0.0
2024-12-23 17:00:00+00:00,66.13,66.13,66.13,66.13,0.0
2024-12-23 18:00:00+00:00,66.13,66.13,66.13,66.13,0.0
2024-12-23 19:00:00+00:00,66.13,66.13,66.13,66.13,0.0
2024-12-23 20:00:00+00:00,66.13,66.13,66.13,66.13,0.0
2024-12-24 15:00:00+00:00,65.685,65.885,65.585,65.78,2688.0
2024-12-24 16:00:00+00:00,65.785,65.87,65.44,65.55,9895.0
2024-12-24 17:00:00+00:00,65.56,65.74,65.55,65.625,24389.0
2024-12-24 18:00:00+00:00,65.625,65.625,65.625,65.625,0.0
2024-12-24 19:00:00+00:00,65.625,65.625,65.625,65.625,0.0
2024-12-24 20:00:00+00:00,65.625,65.625,65.625,65.625,0.0
2024-12-25 15:00:00+00:00,65.625,65.625,65.625,65.625,0.0
2024-12-25 16:00:00+00:00,65.625,65.625,65.625,65.625,0.0
2024-12-25 17:00:00+00:00,65.625,65.625,65.625,65.625,0.0
2024-12-25 18:00:00+00:00,65.625,65.625,65.625,65.625,0.0
2024-12-25 19:00:00+00:00,65.625,65.625,65.625,65.625,0.0
2024-12-25 20:00:00+00:00,65.625,65.625,65.625,65.625,0.0
2024-12-26 15:00:00+00:00,65.77,66.12,65.77,66.09,3284.0
2024-12-26 16:00:00+00:00,66.09,66.22,66.0,66.125,5137.0
2024-12-26 17:00:00+00:00,66.13,66.22,65.88,65.9,4892.0
2024-12-26 18:00:00+00:00,65.9,65.95,65.81,65.825,3513.0
2024-12-26 19:00:00+00:00,65.855,65.855,65.695,65.695,3444.0
2024-12-26 20:00:00+00:00,65.66,65.97,65.59,65.81,11823.0
2024-12-27 15:00:00+00:00,65.775,65.81,65.55,65.81,1662.0
2024-12-27 16:00:00+00:00,65.81,65.81,65.41,65.445,3443.0
2024-12-27 17:00:00+00:00,65.445,65.49,65.31,65.36,1738.0
2024-12-27 18:00:00+00:00,65.34,65.585,65.33,65.58,5498.0
2024-12-27 19:00:00+00:00,65.58,65.735,65.54,65.715,1973.0
2024-12-27 20:00:00+00:00,65.715,65.715,65.32,65.535,14186.0
2024-12-30 15:00:00+00:00,64.55,64.765,64.55,64.755,5150.0
2024-12-30 16:00:00+00:00,64.755,64.955,64.66,64.8,3871.0
2024-12-30 17:00:00+00:00,64.8,65.04,64.8,64.935,7149.0
2024-12-30 18:00:00+00:00,64.92,65.045,64.83,64.97,4625.0
2024-12-30 19:00:00+00:00,64.97,65.07,64.83,65.055,7019.0
2024-12-30 20:00:00+00:00,65.04,65.085,64.93,64.945,14294.0
2024-12-31 15:00:00+00:00,65.3,65.385,65.06,65.06,4335.0
2024-12-31 16:00:00+00:00,65.09,65.115,64.865,64.875,4746.0
2024-12-31 17:00:00+00:00,64.875,65.12,64.835,65.11,3742.0
2024-12-31 18:00:00+00:00,65.11,65.11,64.92,64.97,2675.0
2024-12-31 19:00:00+00:00,64.955,65.1,64.9,65.09,2137.0
2024-12-31 20:00:00+00:00,65.08,65.19,65.015,65.17,12913.0
2025-01-01 15:00:00+00:00,65.17,65.17,65.17,65.17,0.0
2025-01-01 16:00:00+00:00,65.17,65.17,65.17,65.17,0.0
2025-01-01 17:00:00+00:00,65.17,65.17,65.17,65.17,0.0
2025-01-01 18:00:00+00:00,65.17,65.17,65.17,65.17,0.0
2025-01-01 19:00:00+00:00,65.17,65.17,65.17,65.17,0.0
2025-01-01 20:00:00+00:00,65.17,65.17,65.17,65.17,0.0
2025-01-02 15:00:00+00:00,66.19,66.235,65.81,65.83,6225.0
2025-01-02 16:00:00+00:00,65.82,65.82,65.54,65.625,4664.0
2025-01-02 17:00:00+00:00,65.625,65.86,65.35,65.51,8779.0
2025-01-02 18:00:00+00:00,65.475,65.48,65.155,65.22,3426.0
2025-01-02 19:00:00+00:00,65.235,65.305,65.11,65.185,3516.0
2025-01-02 20:00:00+00:00,65.185,65.53,65.185,65.505,17566.0
2025-01-03 15:00:00+00:00,65.055,65.175,64.89,65.175,2751.0
2025-01-03 16:00:00+00:00,65.175,65.205,64.89,64.905,3970.0
2025-01-03 17:00:00+00:00,64.905,65.04,64.72,64.83,3943.0
2025-01-03 18:00:00+00:00,64.83,65.0,64.75,64.95,1990.0
2025-01-03 19:00:00+00:00,64.955,65.015,64.82,64.875,2884.0
2025-01-03 20:00:00+00:00,64.845,64.935,64.745,64.935,13623.0
2025-01-06 15:00:00+00:00,65.47,65.55,64.75,64.83,14793.0
2025-01-06 16:00:00+00:00,64.8,64.89,64.56,64.56,7816.0
2025-01-06 17:00:00+00:00,64.55,64.6,64.23,64.25,10823.0
2025-01-06 18:00:00+00:00,64.25,64.31,64.1,64.17,3982.0
2025-01-06 19:00:00+00:00,64.13,64.19,64.055,64.11,10417.0
2025-01-06 20:00:00+00:00,64.1,64.125,63.735,63.87,29727.0
2025-01-07 15:00:00+00:00,64.465,64.465,63.97,64.02,1681.0
2025-01-07 16:00:00+00:00,64.09,64.11,63.53,63.6,3944.0
2025-01-07 17:00:00+00:00,63.61,63.795,63.46,63.54,4781.0
2025-01-07 18:00:00+00:00,63.53,63.6,63.335,63.375,6633.0
2025-01-07 19:00:00+00:00,63.375,63.42,63.27,63.285,15745.0
2025-01-07 20:00:00+00:00,63.285,63.31,63.09,63.135,35637.0
2025-01-08 15:00:00+00:00,62.24,62.85,62.24,62.85,8873.0
2025-01-08 16:00:00+00:00,62.83,63.09,62.655,62.92,19702.0
2025-01-08 17:00:00+00:00,62.91,62.94,62.755,62.77,3581.0
2025-01-08 18:00:00+00:00,62.77,62.86,62.62,62.62,7666.0
2025-01-08 19:00:00+00:00,62.61,62.845,62.54,62.675,5357.0
2025-01-08 20:00:00+00:00,62.675,62.74,62.52,62.53,10407.0
2025-01-09 15:00:00+00:00,62.53,62.53,62.53,62.53,0.0
2025-01-09 16:00:00+00:00,62.53,62.53,62.53,62.53,0.0
2025-01-09 17:00:00+00:00,62.53,62.53,62.53,62.53,0.0
2025-01-09 18:00:00+00:00,62.53,62.53,62.53,62.53,0.0
2025-01-09 19:00:00+00:00,62.53,62.53,62.53,62.53,0.0
2025-01-09 20:00:00+00:00,62.53,62.53,62.53,62.53,0.0
2025-01-10 15:00:00+00:00,61.785,61.94,61.59,61.77,5522.0
2025-01-10 16:00:00+00:00,61.77,61.815,61.62,61.72,9106.0
2025-01-10 17:00:00+00:00,61.72,61.815,61.5,61.7,7453.0
2025-01-10 18:00:00+00:00,61.7,61.7,61.465,61.51,10882.0
2025-01-10 19:00:00+00:00,61.5,61.515,61.23,61.28,12347.0
2025-01-10 20:00:00+00:00,61.28,61.31,60.875,60.89,26647.0
2025-01-13 15:00:00+00:00,60.89,60.89,60.89,60.89,0.0
2025-01-13 16:00:00+00:00,60.89,60.89,60.51,60.51,3192.0
2025-01-13 17:00:00+00:00,60.515,60.795,60.5,60.79,5755.0
2025-01-13 18:00:00+00:00,60.79,61.09,60.74,60.9,13322.0
2025-01-13 19:00:00+00:00,60.9,60.96,60.785,60.83,8123.0
2025-01-13 20:00:00+00:00,60.82,60.945,60.71,60.895,31858.0
2025-01-14 15:00:00+00:00,60.8,60.91,60.69,60.795,27419.0
2025-01-14 16:00:00+00:00,60.785,60.81,60.365,60.365,47742.0
2025-01-14 17:00:00+00:00,60.33,60.37,60.16,60.27,10785.0
2025-01-14 18:00:00+00:00,60.275,60.535,60.25,60.51,16416.0
2025-01-14 19:00:00+00:00,60.525,60.595,60.345,60.495,6094.0
2025-01-14 20:00:00+00:00,60.49,60.97,60.485,60.87,33889.0
2025-01-15 15:00:00+00:00,61.18,61.24,60.845,60.93,15661.0
2025-01-15 16:00:00+00:00,60.92,60.95,60.51,60.615,10094.0
2025-01-15 17:00:00+00:00,60.615,60.67,60.39,60.41,7177.0
2025-01-15 18:00:00+00:00,60.41,60.48,60.2,60.475,8011.0
2025-01-15 19:00:00+00:00,60.465,60.64,60.285,60.61,6935.0
2025-01-15 20:00:00+00:00,60.61,60.68,60.385,60.44,14109.0
2025-01-16 15:00:00+00:00,60.18,60.51,60.05,60.46,4505.0
2025-01-16 16:00:00+00:00,60.47,60.615,60.21,60.615,12650.0
2025-01-16 17:00:00+00:00,60.62,60.66,60.325,60.52,7456.0
2025-01-16 18:00:00+00:00,60.48,60.625,60.46,60.54,6169.0
2025-01-16 19:00:00+00:00,60.54,60.54,60.4,60.51,13004.0
2025-01-16 20:00:00+00:00,60.51,60.73,60.465,60.465,20420.0
2025-01-17 15:00:00+00:00,60.7,60.815,60.545,60.69,8468.0
2025-01-17 16:00:00+00:00,60.67,60.72,60.4,60.56,3672.0
2025-01-17 17:00:00+00:00,60.54,60.56,60.36,60.52,7628.0
2025-01-17 18:00:00+00:00,60.52,60.59,60.335,60.38,15948.0
2025-01-17 19:00:00+00:00,60.395,60.5,60.34,60.385,22377.0
2025-01-17 20:00:00+00:00,60.385,60.615,60.36,60.495,36383.0
2025-01-20 15:00:00+00:00,60.495,60.495,60.495,60.495,0.0
2025-01-20 16:00:00+00:00,60.495,60.495,60.495,60.495,0.0
2025-01-20 17:00:00+00:00,60.495,60.495,60.495,60.495,0.0
2025-01-20 18:00:00+00:00,60.495,60.495,60.495,60.495,0.0
2025-01-20 19:00:00+00:00,60.495,60.495,60.495,60.495,0.0
2025-01-20 20:00:00+00:00,60.495,60.495,60.495,60.495,0.0
2025-01-21 15:00:00+00:00,60.93,61.33,60.89,61.18,16962.0
2025-01-21 16:00:00+00:00,61.18,61.355,61.08,61.105,20284.0
2025-01-21 17:00:00+00:00,61.105,61.155,60.86,60.875,17205.0
2025-01-21 18:00:00+00:00,60.875,60.98,60.735,60.85,16739.0
2025-01-21 19:00:00+00:00,60.85,61.01,60.73,60.805,18944.0
2025-01-21 20:00:00+00:00,60.8,61.01,60.5,60.76,216057.0
2025-01-22 15:00:00+00:00,60.435,60.56,60.27,60.32,16417.0
2025-01-22 16:00:00+00:00,60.32,60.645,60.29,60.605,9507.0
2025-01-22 17:00:00+00:00,60.59,60.695,60.51,60.52,20389.0
2025-01-22 18:00:00+00:00,60.52,60.705,60.425,60.63,23122.0
2025-01-22 19:00:00+00:00,60.63,60.835,60.575,60.78,29805.0
2025-01-22 20:00:00+00:00,60.78,60.905,60.485,60.535,37201.0
2025-01-23 15:00:00+00:00,60.54,61.03,60.5,60.875,22541.0
2025-01-23 16:00:00+00:00,60.875,61.4,60.86,61.0,19287.0
2025-01-23 17:00:00+00:00,61.005,61.095,60.76,60.88,32961.0
2025-01-23 18:00:00+00:00,60.87,61.135,60.87,61.07,13326.0
2025-01-23 19:00:00+00:00,61.08,61.235,60.965,61.04,18759.0
2025-01-23 20:00:00+00:00,61.04,61.535,60.89,61.52,58741.0
2025-01-24 15:00:00+00:00,62.15,62.47,61.94,62.46,35201.0
2025-01-24 16:00:00+00:00,62.46,62.68,61.975,61.995,23708.0
2025-01-24 17:00:00+00:00,61.99,62.71,61.99,62.305,10163.0
2025-01-24 18:00:00+00:00,62.29,62.51,62.24,62.39,7520.0
2025-01-24 19:00:00+00:00,62.39,62.47,62.15,62.165,9535.0
2025-01-24 20:00:00+00:00,62.165,62.29,62.04,62.075,42399.0
2025-01-27 15:00:00+00:00,62.52,62.79,62.31,62.79,12707.0
2025-01-27 16:00:00+00:00,62.765,62.775,62.45,62.61,9569.0
2025-01-27 17:00:00+00:00,62.595,62.685,62.41,62.455,7402.0
2025-01-27 18:00:00+00:00,62.46,62.46,62.3,62.38,5044.0
2025-01-27 19:00:00+00:00,62.385,62.45,62.345,62.38,6197.0
2025-01-27 20:00:00+00:00,62.38,62.435,62.185,62.38,40813.0
2025-01-28 15:00:00+00:00,62.31,62.705,62.11,62.69,9918.0
2025-01-28 16:00:00+00:00,62.69,62.91,62.02,62.265,14805.0
2025-01-28 17:00:00+00:00,62.22,62.26,61.945,62.165,8847.0
2025-01-28 18:00:00+00:00,62.17,62.27,62.13,62.13,8782.0
2025-01-28 19:00:00+00:00,62.145,62.23,61.99,62.125,13492.0
2025-01-28 20:00:00+00:00,62.125,62.47,62.11,62.4,18968.0
2025-01-29 15:00:00+00:00,62.335,62.38,62.0,62.16,3100.0
2025-01-29 16:00:00+00:00,62.19,62.38,62.015,62.02,3310.0
2025-01-29 17:00:00+00:00,62.02,62.15,61.94,62.0,10070.0
2025-01-29 18:00:00+00:00,62.0,62.09,61.91,61.95,6951.0
2025-01-29 19:00:00+00:00,61.93,62.17,61.74,62.0,9636.0
2025-01-29 20:00:00+00:00,61.995,62.075,61.84,61.95,11816.0
2025-01-30 15:00:00+00:00,62.38,62.52,62.33,62.4,8450.0
2025-01-30 16:00:00+00:00,62.4,62.73,62.395,62.46,10537.0
2025-01-30 17:00:00+00:00,62.465,62.53,62.345,62.47,7714.0
2025-01-30 18:00:00+00:00,62.44,62.84,62.43,62.68,8915.0
2025-01-30 19:00:00+00:00,62.695,62.75,62.52,62.545,10134.0
2025-01-30 20:00:00+00:00,62.545,62.71,62.085,62.455,50734.0
2025-01-31 15:00:00+00:00,62.125,62.3,62.03,62.27,5455.0
2025-01-31 16:00:00+00:00,62.27,62.46,62.13,62.26,14465.0
2025-01-31 17:00:00+00:00,62.265,62.42,62.175,62.225,13233.0
2025-01-31 18:00:00+00:00,62.21,62.28,61.54,61.585,15167.0
2025-01-31 19:00:00+00:00,61.585,61.65,61.41,61.55,18718.0
2025-01-31 20:00:00+00:00,61.525,61.55,61.35,61.48,32731.0
2025-02-03 15:00:00+00:00,60.24,61.76,60.12,61.75,23346.0
2025-02-03 16:00:00+00:00,61.73,61.87,61.315,61.64,19374.0
2025-02-03 17:00:00+00:00,61.62,61.8,61.43,61.6,15373.0
2025-02-03 18:00:00+00:00,61.625,62.02,61.44,61.98,12243.0
2025-02-03 19:00:00+00:00,61.98,62.07,61.85,61.87,13255.0
2025-02-03 20:00:00+00:00,61.87,61.94,61.75,61.765,25694.0
2025-02-04 15:00:00+00:00,62.31,62.735,62.19,62.47,18504.0
2025-02-04 16:00:00+00:00,62.47,62.53,62.15,62.31,6339.0
2025-02-04 17:00:00+00:00,62.3,62.45,62.12,62.185,15271.0
2025-02-04 18:00:00+00:00,62.185,62.24,62.05,62.165,27238.0
2025-02-04 19:00:00+00:00,62.17,62.245,62.025,62.065,14612.0
2025-02-04 20:00:00+00:00,62.07,62.14,61.87,61.935,33164.0
2025-02-05 15:00:00+00:00,61.585,62.24,61.51,62.11,9475.0
2025-02-05 16:00:00+00:00,62.06,62.19,61.97,62.05,10500.0
2025-02-05 17:00:00+00:00,62.05,62.53,62.03,62.485,16719.0
2025-02-05 18:00:00+00:00,62.485,62.65,62.43,62.55,15773.0
2025-02-05 19:00:00+00:00,62.55,62.59,62.375,62.4,14255.0
2025-02-05 20:00:00+00:00,62.4,62.75,62.27,62.705,59524.0
2025-02-06 15:00:00+00:00,64.77,64.91,64.25,64.27,43857.0
2025-02-06 16:00:00+00:00,64.26,64.4,63.935,64.385,16744.0
2025-02-06 17:00:00+00:00,64.325,64.33,64.18,64.295,19536.0
2025-02-06 18:00:00+00:00,64.3,64.43,64.205,64.325,20844.0
2025-02-06 19:00:00+00:00,64.325,64.44,64.215,64.3,17712.0
2025-02-06 20:00:00+00:00,64.3,64.32,63.73,64.075,63944.0
2025-02-07 15:00:00+00:00,64.63,64.7,64.09,64.295,15181.0
2025-02-07 16:00:00+00:00,64.15,64.46,64.085,64.26,9797.0
2025-02-07 17:00:00+00:00,64.26,64.39,64.14,64.14,7961.0
2025-02-07 18:00:00+00:00,64.15,64.275,64.06,64.06,9164.0
2025-02-07 19:00:00+00:00,64.06,64.355,64.06,64.355,12829.0
2025-02-07 20:00:00+00:00,64.36,64.55,64.17,64.195,38748.0
2025-02-10 15:00:00+00:00,65.175,65.39,65.09,65.18,36108.0
2025-02-10 16:00:00+00:00,65.18,65.32,64.94,65.2,27173.0
2025-02-10 17:00:00+00:00,65.22,65.48,65.135,65.445,22270.0
2025-02-10 18:00:00+00:00,65.45,65.92,65.425,65.805,21352.0
2025-02-10 19:00:00+00:00,65.745,66.11,65.68,66.075,36142.0
2025-02-10 20:00:00+00:00,66.075,66.515,66.06,66.39,76875.0
2025-02-11 15:00:00+00:00,65.645,66.33,65.47,66.03,31745.0
2025-02-11 16:00:00+00:00,66.055,66.26,66.01,66.23,20305.0
2025-02-11 17:00:00+00:00,66.25,66.28,66.01,66.14,19716.0
2025-02-11 18:00:00+00:00,66.14,66.42,66.14,66.33,21553.0
2025-02-11 19:00:00+00:00,66.335,67.135,66.33,67.03,44980.0
2025-02-11 20:00:00+00:00,67.02,67.3,66.83,66.93,128562.0
2025-02-12 15:00:00+00:00,66.48,67.21,65.7,67.145,41080.0
2025-02-12 16:00:00+00:00,67.145,67.78,67.075,67.78,22463.0
2025-02-12 17:00:00+00:00,67.76,68.235,67.48,67.985,25911.0
2025-02-12 18:00:00+00:00,67.935,67.945,66.98,66.98,20971.0
2025-02-12 19:00:00+00:00,66.97,67.09,66.2,66.215,28759.0
2025-02-12 20:00:00+00:00,66.215,66.215,65.54,65.695,50987.0
2025-02-13 15:00:00+00:00,64.595,66.175,64.59,65.51,26189.0
2025-02-13 16:00:00+00:00,65.51,66.105,65.47,65.89,15059.0
2025-02-13 17:00:00+00:00,65.92,66.11,65.73,65.93,13840.0
2025-02-13 18:00:00+00:00,65.93,66.15,65.785,65.99,17200.0
2025-02-13 19:00:00+00:00,66.0,66.315,65.92,66.01,12708.0
2025-02-13 20:00:00+00:00,66.005,66.49,65.75,66.43,59953.0
2025-02-14 15:00:00+00:00,64.83,65.14,64.18,64.585,21049.0
2025-02-14 16:00:00+00:00,64.52,64.58,64.25,64.3,9702.0
2025-02-14 17:00:00+00:00,64.2,64.24,63.475,63.52,22245.0
2025-02-14 18:00:00+00:00,63.5,63.93,63.24,63.885,17245.0
2025-02-14 19:00:00+00:00,63.885,64.38,63.77,64.25,16731.0
2025-02-14 20:00:00+00:00,64.225,64.54,64.01,64.525,53627.0
2025-02-17 15:00:00+00:00,64.525,64.525,64.525,64.525,0.0
2025-02-17 16:00:00+00:00,64.525,64.525,64.525,64.525,0.0
2025-02-17 17:00:00+00:00,64.525,64.525,64.525,64.525,0.0
2025-02-17 18:00:00+00:00,64.525,64.525,64.525,64.525,0.0
2025-02-17 19:00:00+00:00,64.525,64.525,64.525,64.525,0.0
2025-02-17 20:00:00+00:00,64.525,64.525,64.525,64.525,0.0
2025-02-18 15:00:00+00:00,64.23,64.85,64.12,64.85,20535.0
2025-02-18 16:00:00+00:00,64.85,64.86,64.46,64.46,10675.0
2025-02-18 17:00:00+00:00,64.465,64.86,64.44,64.705,9453.0
2025-02-18 18:00:00+00:00,64.705,65.01,64.67,64.875,14908.0
2025-02-18 19:00:00+00:00,64.875,65.04,64.755,64.97,18336.0
2025-02-18 20:00:00+00:00,64.96,64.995,64.61,64.685,38760.0
2025-02-19 15:00:00+00:00,62.87,63.39,62.83,63.04,22076.0
2025-02-19 16:00:00+00:00,63.075,63.19,62.92,63.07,15921.0
2025-02-19 17:00:00+00:00,63.0,63.18,62.84,63.005,21470.0
2025-02-19 18:00:00+00:00,62.99,63.08,62.95,62.96,14171.0
2025-02-19 19:00:00+00:00,62.95,63.27,62.83,63.22,18556.0
2025-02-19 20:00:00+00:00,63.215,63.33,63.12,63.27,25261.0
2025-02-20 15:00:00+00:00,62.33,62.86,62.02,62.65,18545.0
2025-02-20 16:00:00+00:00,62.63,62.76,62.42,62.46,9485.0
2025-02-20 17:00:00+00:00,62.45,62.925,62.45,62.83,6122.0
2025-02-20 18:00:00+00:00,62.83,62.94,62.755,62.94,6920.0
2025-02-20 19:00:00+00:00,62.97,63.11,62.825,63.075,17849.0
2025-02-20 20:00:00+00:00,63.065,63.235,62.995,63.215,21632.0
2025-02-21 15:00:00+00:00,62.89,63.38,62.51,62.55,13463.0
2025-02-21 16:00:00+00:00,62.585,62.685,62.46,62.565,10691.0
2025-02-21 17:00:00+00:00,62.58,62.58,62.44,62.47,8262.0
2025-02-21 18:00:00+00:00,62.48,62.51,62.23,62.33,8020.0
2025-02-21 19:00:00+00:00,62.28,62.33,62.08,62.145,10592.0
2025-02-21 20:00:00+00:00,62.15,62.33,62.05,62.29,22225.0
2025-02-24 15:00:00+00:00,62.535,63.53,62.09,63.53,26913.0
2025-02-24 16:00:00+00:00,63.53,64.35,63.53,64.3,15025.0
2025-02-24 17:00:00+00:00,64.305,64.335,63.905,64.25,13013.0
2025-02-24 18:00:00+00:00,64.28,64.365,64.17,64.28,9046.0
2025-02-24 19:00:00+00:00,64.31,64.345,64.19,64.32,12979.0
2025-02-24 20:00:00+00:00,64.315,64.35,63.595,63.84,51418.0
2025-02-25 15:00:00+00:00,64.11,64.51,63.83,64.27,18584.0
2025-02-25 16:00:00+00:00,64.235,64.41,64.03,64.41,22179.0
2025-02-25 17:00:00+00:00,64.42,64.64,64.4,64.555,25488.0
2025-02-25 18:00:00+00:00,64.55,64.92,64.515,64.81,21444.0
2025-02-25 19:00:00+00:00,64.82,64.845,64.61,64.71,21638.0
2025-02-25 20:00:00+00:00,64.7,64.7,64.125,64.335,23108.0
2025-02-26 15:00:00+00:00,63.45,63.81,63.43,63.8,10166.0
2025-02-26 16:00:00+00:00,63.88,63.89,63.59,63.6,8127.0
2025-02-26 17:00:00+00:00,63.61,63.84,63.48,63.8,20606.0
2025-02-26 18:00:00+00:00,63.8,63.87,63.485,63.515,14220.0
2025-02-26 19:00:00+00:00,63.515,63.76,63.45,63.645,9975.0
2025-02-26 20:00:00+00:00,63.655,63.85,63.595,63.725,29335.0
2025-02-27 15:00:00+00:00,64.05,64.54,63.9,64.5,11880.0
2025-02-27 16:00:00+00:00,64.505,64.89,64.505,64.6,10361.0
2025-02-27 17:00:00+00:00,64.61,64.99,64.485,64.935,10976.0
2025-02-27 18:00:00+00:00,64.935,65.31,64.935,65.185,13598.0
2025-02-27 19:00:00+00:00,65.185,65.25,64.89,65.14,10350.0
2025-02-27 20:00:00+00:00,65.14,65.26,65.045,65.255,24861.0
2025-02-28 15:00:00+00:00,65.64,65.65,65.015,65.415,15558.0
2025-02-28 16:00:00+00:00,65.4,65.595,65.295,65.295,16290.0
2025-02-28 17:00:00+00:00,65.33,65.41,65.04,65.08,14494.0
2025-02-28 18:00:00+00:00,65.08,65.21,64.945,64.96,13902.0
2025-02-28 19:00:00+00:00,64.955,65.01,64.68,64.8,15438.0
2025-02-28 20:00:00+00:00,64.8,65.25,64.74,65.245,40940.0
2025-03-03 15:00:00+00:00,66.015,66.39,65.88,66.285,5925.0
2025-03-03 16:00:00+00:00,66.3,66.31,65.535,65.57,4688.0
2025-03-03 17:00:00+00:00,65.57,65.75,65.57,65.69,6820.0
2025-03-03 18:00:00+00:00,65.67,65.75,65.22,65.345,6065.0
2025-03-03 19:00:00+00:00,65.33,65.48,64.97,64.97,6030.0
2025-03-03 20:00:00+00:00,64.97,65.02,64.655,64.835,17969.0
2025-03-04 15:00:00+00:00,65.0,65.93,64.96,65.4,14950.0
2025-03-04 16:00:00+00:00,65.37,65.56,65.26,65.39,7666.0
2025-03-04 17:00:00+00:00,65.41,65.73,65.27,65.665,10612.0
2025-03-04 18:00:00+00:00,65.64,65.97,65.55,65.955,9656.0
2025-03-04 19:00:00+00:00,65.955,66.155,65.91,66.01,9822.0
2025-03-04 20:00:00+00:00,65.995,66.06,65.39,65.42,16784.0
2025-03-05 15:00:00+00:00,66.68,66.97,65.96,65.96,14092.0
2025-03-05 16:00:00+00:00,65.96,66.075,65.67,65.84,7842.0
2025-03-05 17:00:00+00:00,65.91,66.12,65.84,66.12,9381.0
2025-03-05 18:00:00+00:00,66.11,66.2,65.885,66.19,9533.0
2025-03-05 19:00:00+00:00,66.17,66.52,66.155,66.475,18192.0
2025-03-05 20:00:00+00:00,66.48,66.765,66.31,66.755,40528.0
2025-03-06 15:00:00+00:00,66.415,66.78,66.25,66.77,14165.0
2025-03-06 16:00:00+00:00,66.8,67.13,66.78,66.815,12484.0
2025-03-06 17:00:00+00:00,66.87,67.02,66.79,66.96,10034.0
2025-03-06 18:00:00+00:00,66.955,66.955,66.55,66.645,27031.0
2025-03-06 19:00:00+00:00,66.625,67.16,66.5,66.905,18464.0
2025-03-06 20:00:00+00:00,66.875,67.615,66.875,67.5,55465.0
2025-03-07 15:00:00+00:00,68.89,68.93,68.545,68.58,14844.0
2025-03-07 16:00:00+00:00,68.67,68.91,68.125,68.5,22439.0
2025-03-07 17:00:00+00:00,68.475,69.4,68.26,69.3,18421.0
2025-03-07 18:00:00+00:00,69.29,69.33,68.93,69.33,30620.0
2025-03-07 19:00:00+00:00,69.35,69.6,69.16,69.39,24906.0
2025-03-07 20:00:00+00:00,69.42,69.775,69.355,69.615,47782.0
2025-03-10 14:00:00+00:00,69.94,70.38,69.94,70.11,32255.0
2025-03-10 15:00:00+00:00,70.13,70.13,69.825,70.045,1438.0
2025-03-10 16:00:00+00:00,70.045,70.045,70.045,70.045,0.0
2025-03-10 17:00:00+00:00,70.045,70.045,68.91,68.995,28101.0
2025-03-10 18:00:00+00:00,68.995,69.1,68.7,68.85,27751.0
2025-03-10 19:00:00+00:00,68.875,69.115,68.52,68.845,50283.0
2025-03-11 14:00:00+00:00,68.56,68.745,67.885,68.02,15356.0
2025-03-11 15:00:00+00:00,68.02,68.155,67.72,68.015,10733.0
2025-03-11 16:00:00+00:00,67.99,68.03,67.56,67.9,10959.0
2025-03-11 17:00:00+00:00,67.9,67.99,67.545,67.7,27255.0
2025-03-11 18:00:00+00:00,67.7,68.38,67.585,68.31,15734.0
2025-03-11 19:00:00+00:00,68.3,68.435,67.99,68.01,34532.0
2025-03-12 14:00:00+00:00,66.85,67.18,66.42,66.435,15094.0
2025-03-12 15:00:00+00:00,66.445,66.6,66.01,66.505,15542.0
2025-03-12 16:00:00+00:00,66.505,66.635,66.26,66.28,34558.0
2025-03-12 17:00:00+00:00,66.2,66.78,66.2,66.46,12034.0
2025-03-12 18:00:00+00:00,66.46,66.9,66.46,66.83,7391.0
2025-03-12 19:00:00+00:00,66.815,66.815,66.54,66.655,14432.0
2025-03-13 14:00:00+00:00,66.755,66.82,66.285,66.43,4298.0
2025-03-13 15:00:00+00:00,66.49,66.505,66.07,66.15,4674.0
2025-03-13 16:00:00+00:00,66.18,66.61,66.09,66.54,11468.0
2025-03-13 17:00:00+00:00,66.56,66.59,65.89,65.89,8939.0
2025-03-13 18:00:00+00:00,65.935,66.41,65.935,66.34,11271.0
2025-03-13 19:00:00+00:00,66.34,66.35,65.73,65.73,21349.0
2025-03-14 14:00:00+00:00,65.45,65.82,65.255,65.705,16103.0
2025-03-14 15:00:00+00:00,65.7,65.88,65.64,65.8,7964.0
2025-03-14 16:00:00+00:00,65.8,65.95,65.7,65.94,11118.0
2025-03-14 17:00:00+00:00,65.94,66.17,65.94,66.125,13421.0
2025-03-14 18:00:00+00:00,66.125,66.145,65.865,65.955,13546.0
2025-03-14 19:00:00+00:00,65.955,66.125,65.83,66.07,25623.0
2025-03-17 14:00:00+00:00,66.97,67.15,66.635,66.895,13211.0
2025-03-17 15:00:00+00:00,66.91,67.345,66.91,67.225,10242.0
2025-03-17 16:00:00+00:00,67.225,67.285,67.05,67.23,7816.0
2025-03-17 17:00:00+00:00,67.24,67.47,67.195,67.43,5105.0
2025-03-17 18:00:00+00:00,67.44,67.66,67.38,67.395,10965.0
2025-03-17 19:00:00+00:00,67.37,67.645,67.345,67.43,23356.0
2025-03-18 14:00:00+00:00,67.54,67.89,67.46,67.84,6672.0
2025-03-18 15:00:00+00:00,67.79,67.82,67.485,67.78,9818.0
2025-03-18 16:00:00+00:00,67.78,68.005,67.715,67.825,11109.0
2025-03-18 17:00:00+00:00,67.81,68.39,67.81,68.33,9224.0
2025-03-18 18:00:00+00:00,68.32,68.43,68.19,68.305,12367.0
2025-03-18 19:00:00+00:00,68.305,68.305,67.81,67.85,22894.0
2025-03-19 14:00:00+00:00,68.37,68.735,68.165,68.645,19565.0
2025-03-19 15:00:00+00:00,68.63,68.985,68.55,68.64,21395.0
2025-03-19 16:00:00+00:00,68.635,68.64,68.335,68.35,6285.0
2025-03-19 17:00:00+00:00,68.3,68.31,68.05,68.05,6640.0
2025-03-19 18:00:00+00:00,68.02,68.225,67.89,68.14,6204.0
2025-03-19 19:00:00+00:00,68.135,68.375,67.99,68.075,16975.0
2025-03-20 14:00:00+00:00,67.44,68.18,67.44,67.91,7546.0
2025-03-20 15:00:00+00:00,67.91,67.965,67.625,67.95,9551.0
2025-03-20 16:00:00+00:00,67.95,68.02,67.72,67.755,14913.0
2025-03-20 17:00:00+00:00,67.76,67.945,67.75,67.84,9022.0
2025-03-20 18:00:00+00:00,67.835,68.035,67.75,67.855,9891.0
2025-03-20 19:00:00+00:00,67.855,68.165,67.82,67.98,25546.0
2025-03-21 14:00:00+00:00,66.51,66.885,66.24,66.885,7936.0
2025-03-21 15:00:00+00:00,66.91,66.96,66.655,66.7,3039.0
2025-03-21 16:00:00+00:00,66.69,66.91,66.64,66.795,3528.0
2025-03-21 17:00:00+00:00,66.78,66.845,66.505,66.56,4609.0
2025-03-21 18:00:00+00:00,66.56,66.78,66.47,66.715,6582.0
2025-03-21 19:00:00+00:00,66.72,67.2,66.7,67.13,36855.0
2025-03-24 14:00:00+00:00,66.665,67.1,66.665,67.005,4013.0
2025-03-24 15:00:00+00:00,66.99,67.055,66.83,67.04,6124.0
2025-03-24 16:00:00+00:00,67.08,67.275,66.935,67.06,4113.0
2025-03-24 17:00:00+00:00,67.055,67.095,66.955,67.0,6606.0
2025-03-24 18:00:00+00:00,67.0,67.03,66.84,67.005,4770.0
2025-03-24 19:00:00+00:00,67.005,67.165,66.855,67.08,11589.0
2025-03-25 14:00:00+00:00,66.48,66.95,66.48,66.85,4724.0
2025-03-25 15:00:00+00:00,66.83,66.965,66.56,66.64,4532.0
2025-03-25 16:00:00+00:00,66.64,66.86,66.55,66.85,11286.0
2025-03-25 17:00:00+00:00,66.825,66.865,66.745,66.8,8725.0
2025-03-25 18:00:00+00:00,66.8,66.83,66.34,66.34,11468.0
2025-03-25 19:00:00+00:00,66.35,66.715,66.315,66.585,28641.0
2025-03-26 14:00:00+00:00,67.21,67.99,67.21,67.99,10731.0
2025-03-26 15:00:00+00:00,67.99,68.23,67.825,67.825,10005.0
2025-03-26 16:00:00+00:00,67.84,67.92,67.585,67.62,4734.0
2025-03-26 17:00:00+00:00,67.65,67.825,67.535,67.8,6341.0
2025-03-26 18:00:00+00:00,67.79,67.97,67.465,67.475,5901.0
2025-03-26 19:00:00+00:00,67.485,67.925,67.4,67.845,14227.0
2025-03-27 14:00:00+00:00,68.32,68.9,68.22,68.71,29968.0
2025-03-27 15:00:00+00:00,68.765,69.135,68.765,68.855,7876.0
2025-03-27 16:00:00+00:00,68.83,68.86,68.68,68.7,4813.0
2025-03-27 17:00:00+00:00,68.67,68.865,68.635,68.67,6198.0
2025-03-27 18:00:00+00:00,68.67,68.94,68.67,68.77,6125.0
2025-03-27 19:00:00+00:00,68.77,69.06,68.68,68.725,22765.0
2025-03-28 14:00:00+00:00,66.73,66.935,66.36,66.5,6409.0
2025-03-28 15:00:00+00:00,66.5,66.66,66.27,66.355,5375.0
2025-03-28 16:00:00+00:00,66.365,66.365,65.975,65.975,7417.0
2025-03-28 17:00:00+00:00,65.965,65.97,65.66,65.88,19340.0
2025-03-28 18:00:00+00:00,65.875,65.88,65.05,65.2,24680.0
2025-03-28 19:00:00+00:00,65.175,65.175,64.42,64.545,152134.0
2025-03-31 14:00:00+00:00,66.37,66.67,66.01,66.595,12920.0
2025-03-31 15:00:00+00:00,66.635,66.9,66.59,66.78,15249.0
2025-03-31 16:00:00+00:00,66.915,66.92,66.575,66.575,11510.0
2025-03-31 17:00:00+00:00,66.575,67.005,66.575,66.99,13400.0
2025-03-31 18:00:00+00:00,66.975,67.085,66.78,66.99,27627.0
2025-03-31 19:00:00+00:00,66.975,67.21,66.605,66.67,27139.0
2025-04-01 14:00:00+00:00,66.73,67.21,66.475,67.21,4248.0
2025-04-01 15:00:00+00:00,67.215,67.54,67.215,67.46,8117.0
2025-04-01 16:00:00+00:00,67.44,67.47,67.11,67.17,5696.0
2025-04-01 17:00:00+00:00,67.17,67.185,66.94,66.985,2211.0
2025-04-01 18:00:00+00:00,66.985,66.985,66.81,66.915,4314.0
2025-04-01 19:00:00+00:00,66.92,67.26,66.895,67.175,19226.0
2025-04-02 14:00:00+00:00,66.125,66.925,66.095,66.91,6583.0
2025-04-02 15:00:00+00:00,66.91,66.91,66.635,66.755,3297.0
2025-04-02 16:00:00+00:00,66.755,66.89,66.54,66.75,6094.0
2025-04-02 17:00:00+00:00,66.745,67.04,66.305,66.41,9718.0
2025-04-02 18:00:00+00:00,66.405,66.645,66.27,66.45,6304.0
2025-04-02 19:00:00+00:00,66.45,67.05,66.45,66.905,14603.0
2025-04-03 14:00:00+00:00,67.72,68.14,67.155,67.96,22730.0
2025-04-03 15:00:00+00:00,67.88,68.055,67.56,67.77,10498.0
2025-04-03 16:00:00+00:00,67.74,68.23,67.645,67.755,10471.0
2025-04-03 17:00:00+00:00,67.755,67.755,67.25,67.305,13225.0
2025-04-03 18:00:00+00:00,67.295,67.415,66.94,67.415,17779.0
2025-04-03 19:00:00+00:00,67.395,68.06,67.395,67.755,33491.0
2025-04-04 14:00:00+00:00,65.73,66.14,65.415,65.97,13408.0
2025-04-04 15:00:00+00:00,65.91,66.765,65.505,65.68,43089.0
2025-04-04 16:00:00+00:00,65.74,66.0,65.105,65.25,15234.0
2025-04-04 17:00:00+00:00,65.285,65.48,64.665,65.395,29338.0
2025-04-04 18:00:00+00:00,65.4,65.58,64.34,64.565,15679.0
2025-04-04 19:00:00+00:00,64.595,64.615,63.575,63.6,33173.0
2025-04-07 14:00:00+00:00,62.085,64.13,61.575,63.41,14193.0
2025-04-07 15:00:00+00:00,63.43,63.745,61.87,62.66,8163.0
2025-04-07 16:00:00+00:00,62.63,62.7,61.84,62.05,11211.0
2025-04-07 17:00:00+00:00,62.13,63.425,62.13,63.28,11090.0
2025-04-07 18:00:00+00:00,63.28,63.35,62.235,62.29,11266.0
2025-04-07 19:00:00+00:00,62.24,62.49,61.99,62.02,38182.0
2025-04-08 14:00:00+00:00,62.58,62.855,61.875,61.91,11015.0
2025-04-08 15:00:00+00:00,61.85,62.075,61.33,61.91,11716.0
2025-04-08 16:00:00+00:00,61.875,62.02,60.905,60.905,12387.0
2025-04-08 17:00:00+00:00,60.91,61.18,60.595,60.97,10670.0
2025-04-08 18:00:00+00:00,60.96,61.0,60.28,60.355,9447.0
2025-04-08 19:00:00+00:00,60.34,60.37,59.27,60.04,22361.0
2025-04-09 14:00:00+00:00,59.815,59.925,58.7,58.75,10094.0
2025-04-09 15:00:00+00:00,58.78,59.36,58.78,59.035,8358.0
2025-04-09 16:00:00+00:00,58.995,59.66,58.95,59.49,16182.0
2025-04-09 17:00:00+00:00,59.5,62.175,59.2,62.16,44224.0
2025-04-09 18:00:00+00:00,62.31,62.48,60.985,61.05,25374.0
2025-04-09 19:00:00+00:00,61.01,61.78,60.99,61.74,22430.0
2025-04-10 14:00:00+00:00,60.93,61.555,60.79,60.99,10220.0
2025-04-10 15:00:00+00:00,61.075,61.235,60.91,60.97,16866.0
2025-04-10 16:00:00+00:00,61.1,61.54,60.805,61.285,36042.0
2025-04-10 17:00:00+00:00,61.3,61.75,60.81,61.56,21736.0
2025-04-10 18:00:00+00:00,61.52,62.1,61.16,61.5,33520.0
2025-04-10 19:00:00+00:00,61.4,61.795,60.81,61.38,28663.0
2025-04-11 14:00:00+00:00,61.455,62.115,61.14,61.21,5876.0
2025-04-11 15:00:00+00:00,61.245,61.62,60.88,61.48,5405.0
2025-04-11 16:00:00+00:00,61.46,62.25,61.415,62.07,3440.0
2025-04-11 17:00:00+00:00,62.095,62.75,61.77,62.59,13519.0
2025-04-11 18:00:00+00:00,62.66,62.75,62.455,62.56,18225.0
2025-04-11 19:00:00+00:00,62.545,63.025,62.5,62.93,42213.0
2025-04-14 14:00:00+00:00,62.88,63.2,62.72,63.155,12477.0
2025-04-14 15:00:00+00:00,63.13,63.19,62.34,62.365,6058.0
2025-04-14 16:00:00+00:00,62.335,62.565,62.2,62.41,5790.0
2025-04-14 17:00:00+00:00,62.48,62.89,62.38,62.82,4104.0
2025-04-14 18:00:00+00:00,62.81,63.1,62.81,63.06,6513.0
2025-04-14 19:00:00+00:00,63.06,63.22,62.935,62.99,37197.0
2025-04-15 14:00:00+00:00,63.21,63.29,62.685,62.745,3142.0
2025-04-15 15:00:00+00:00,62.74,62.8,62.48,62.59,6763.0
2025-04-15 16:00:00+00:00,62.59,62.66,62.41,62.425,3642.0
2025-04-15 17:00:00+00:00,62.425,62.475,62.07,62.27,5690.0
2025-04-15 18:00:00+00:00,62.255,62.77,62.24,62.725,14773.0
2025-04-15 19:00:00+00:00,62.725,62.77,62.275,62.38,26286.0
2025-04-16 14:00:00+00:00,62.35,62.67,62.35,62.545,7190.0
2025-04-16 15:00:00+00:00,62.54,62.64,62.33,62.37,5171.0
2025-04-16 16:00:00+00:00,62.355,62.435,62.15,62.175,3686.0
2025-04-16 17:00:00+00:00,62.15,62.48,62.075,62.075,10798.0
2025-04-16 18:00:00+00:00,62.075,62.45,62.04,62.07,14876.0
2025-04-16 19:00:00+00:00,62.055,62.33,61.81,62.24,18960.0
2025-04-17 14:00:00+00:00,62.65,62.76,62.435,62.76,2313.0
2025-04-17 15:00:00+00:00,62.73,63.04,62.69,63.01,5453.0
2025-04-17 16:00:00+00:00,63.04,63.53,63.03,63.51,4009.0
2025-04-17 17:00:00+00:00,63.51,63.625,63.41,63.565,5194.0
2025-04-17 18:00:00+00:00,63.555,63.685,63.3,63.365,5790.0
2025-04-17 19:00:00+00:00,63.345,63.58,63.19,63.24,25341.0
2025-04-18 14:00:00+00:00,63.24,63.24,63.24,63.24,0.0
2025-04-18 15:00:00+00:00,63.24,63.24,63.24,63.24,0.0
2025-04-18 16:00:00+00:00,63.24,63.24,63.24,63.24,0.0
2025-04-18 17:00:00+00:00,63.24,63.24,63.24,63.24,0.0
2025-04-18 18:00:00+00:00,63.24,63.24,63.24,63.24,0.0
2025-04-18 19:00:00+00:00,63.24,63.24,63.24,63.24,0.0
2025-04-21 14:00:00+00:00,62.655,62.815,62.38,62.4,4156.0
2025-04-21 15:00:00+00:00,62.38,62.44,62.225,62.285,5970.0
2025-04-21 16:00:00+00:00,62.285,62.59,62.265,62.46,4922.0
2025-04-21 17:00:00+00:00,62.48,62.655,62.38,62.515,3426.0
2025-04-21 18:00:00+00:00,62.495,62.7,62.465,62.55,5894.0
2025-04-21 19:00:00+00:00,62.55,62.96,62.55,62.83,32144.0
2025-04-22 14:00:00+00:00,63.33,63.605,63.14,63.59,4480.0
2025-04-22 15:00:00+00:00,63.58,63.75,63.47,63.695,4894.0
2025-04-22 16:00:00+00:00,63.655,63.79,63.47,63.55,10972.0
2025-04-22 17:00:00+00:00,63.555,63.62,63.25,63.365,9461.0
2025-04-22 18:00:00+00:00,63.37,63.83,63.305,63.725,12880.0
2025-04-22 19:00:00+00:00,63.72,63.95,63.585,63.855,21608.0
2025-04-23 14:00:00+00:00,64.315,64.42,63.735,63.745,11167.0
2025-04-23 15:00:00+00:00,63.755,63.82,63.22,63.22,5515.0
2025-04-23 16:00:00+00:00,63.235,63.3,62.91,63.05,4271.0
2025-04-23 17:00:00+00:00,63.045,63.07,62.62,62.775,6269.0
2025-04-23 18:00:00+00:00,62.77,62.92,62.64,62.71,5761.0
2025-04-23 19:00:00+00:00,62.71,62.785,62.53,62.68,23730.0
2025-04-24 14:00:00+00:00,62.41,62.41,62.05,62.11,3413.0
2025-04-24 15:00:00+00:00,62.185,62.42,62.06,62.155,5966.0
2025-04-24 16:00:00+00:00,62.155,62.31,62.085,62.2,2413.0
2025-04-24 17:00:00+00:00,62.23,62.235,61.985,62.03,4265.0
2025-04-24 18:00:00+00:00,62.025,62.295,61.935,62.18,6264.0
2025-04-24 19:00:00+00:00,62.17,62.59,62.07,62.585,14198.0
2025-04-25 14:00:00+00:00,62.55,62.575,62.08,62.44,7849.0
2025-04-25 15:00:00+00:00,62.44,62.45,62.25,62.36,3629.0
2025-04-25 16:00:00+00:00,62.35,62.74,62.35,62.57,5461.0
2025-04-25 17:00:00+00:00,62.565,62.72,62.515,62.585,7680.0
2025-04-25 18:00:00+00:00,62.645,62.91,62.605,62.815,4514.0
2025-04-25 19:00:00+00:00,62.81,62.945,62.665,62.885,23578.0
2025-04-28 14:00:00+00:00,63.26,63.465,63.095,63.435,3641.0
2025-04-28 15:00:00+00:00,63.385,63.505,63.21,63.23,5726.0
2025-04-28 16:00:00+00:00,63.23,63.29,63.11,63.13,5049.0
2025-04-28 17:00:00+00:00,63.16,63.21,62.93,63.11,5523.0
2025-04-28 18:00:00+00:00,63.11,63.36,63.1,63.32,5596.0
2025-04-28 19:00:00+00:00,63.32,63.685,63.32,63.62,14722.0
2025-04-29 14:00:00+00:00,63.86,63.985,63.64,63.985,11447.0
2025-04-29 15:00:00+00:00,63.97,63.99,63.7,63.805,9130.0
2025-04-29 16:00:00+00:00,63.805,63.98,63.645,63.74,9073.0
2025-04-29 17:00:00+00:00,63.735,64.05,63.695,64.02,9573.0
2025-04-29 18:00:00+00:00,64.02,64.135,63.98,64.01,12709.0
2025-04-29 19:00:00+00:00,64.01,64.15,63.81,63.85,22204.0
2025-04-30 14:00:00+00:00,63.13,63.74,63.02,63.69,10370.0
2025-04-30 15:00:00+00:00,63.69,63.735,63.505,63.735,7613.0
2025-04-30 16:00:00+00:00,63.73,63.79,63.515,63.775,6556.0
2025-04-30 17:00:00+00:00,63.775,64.105,63.645,64.08,11376.0
2025-04-30 18:00:00+00:00,64.08,64.355,63.765,63.825,21949.0
2025-04-30 19:00:00+00:00,63.83,64.67,63.82,64.51,21651.0
2025-05-01 14:00:00+00:00,64.58,64.885,64.36,64.825,10301.0
2025-05-01 15:00:00+00:00,64.82,65.07,64.725,64.735,15836.0
2025-05-01 16:00:00+00:00,64.735,65.1,64.7,65.035,13199.0
2025-05-01 17:00:00+00:00,65.08,65.42,65.05,65.1,11121.0
2025-05-01 18:00:00+00:00,65.1,65.42,65.04,65.335,12818.0
2025-05-01 19:00:00+00:00,65.35,65.48,65.27,65.3,22195.0
2025-05-02 14:00:00+00:00,66.035,66.33,65.7,65.92,12098.0
2025-05-02 15:00:00+00:00,65.95,66.06,65.7,65.85,8420.0
2025-05-02 16:00:00+00:00,65.85,65.99,65.695,65.935,8080.0
2025-05-02 17:00:00+00:00,65.935,65.95,65.81,65.9,16516.0
2025-05-02 18:00:00+00:00,65.92,66.36,65.91,66.345,15486.0
2025-05-02 19:00:00+00:00,66.375,66.67,66.285,66.62,43271.0
2025-05-05 14:00:00+00:00,66.405,67.18,66.405,67.18,5225.0
2025-05-05 15:00:00+00:00,67.18,67.18,66.76,67.035,4956.0
2025-05-05 16:00:00+00:00,67.035,67.045,66.81,66.99,4690.0
2025-05-05 17:00:00+00:00,66.99,67.04,66.765,66.825,16744.0
2025-05-05 18:00:00+00:00,66.825,66.905,66.69,66.72,15272.0
2025-05-05 19:00:00+00:00,66.71,66.85,66.64,66.76,28871.0
2025-05-06 14:00:00+00:00,68.21,68.27,67.555,67.655,16216.0
2025-05-06 15:00:00+00:00,67.655,67.855,67.56,67.695,16533.0
2025-05-06 16:00:00+00:00,67.7,67.755,67.3,67.305,8707.0
2025-05-06 17:00:00+00:00,67.3,67.52,67.23,67.335,12422.0
2025-05-06 18:00:00+00:00,67.35,67.75,67.34,67.725,11347.0
2025-05-06 19:00:00+00:00,67.72,67.95,67.685,67.785,39395.0
2025-05-07 14:00:00+00:00,68.16,68.21,67.84,68.1,22409.0
2025-05-07 15:00:00+00:00,68.095,68.77,68.015,68.53,25247.0
2025-05-07 16:00:00+00:00,68.57,68.87,68.45,68.775,23145.0
2025-05-07 17:00:00+00:00,68.775,68.995,68.455,68.55,22823.0
2025-05-07 18:00:00+00:00,68.49,68.55,67.7,68.1,43890.0
2025-05-07 19:00:00+00:00,68.12,68.25,67.65,67.915,58791.0
2025-05-08 14:00:00+00:00,68.13,68.13,66.68,67.505,22909.0
2025-05-08 15:00:00+00:00,67.49,68.05,67.34,67.56,12603.0
2025-05-08 16:00:00+00:00,67.58,67.795,67.16,67.56,12161.0
2025-05-08 17:00:00+00:00,67.56,67.81,67.155,67.76,15176.0
2025-05-08 18:00:00+00:00,67.75,68.22,67.58,67.67,29451.0
2025-05-08 19:00:00+00:00,67.7,67.9,67.19,67.53,71298.0
2025-05-09 14:00:00+00:00,67.79,68.145,67.76,67.95,25372.0
2025-05-09 15:00:00+00:00,67.95,67.98,67.285,67.475,14306.0
2025-05-09 16:00:00+00:00,67.46,67.735,67.105,67.18,8620.0
2025-05-09 17:00:00+00:00,67.18,67.69,67.16,67.66,14586.0
2025-05-09 18:00:00+00:00,67.66,67.81,67.515,67.73,18026.0
2025-05-09 19:00:00+00:00,67.735,68.0,67.205,67.21,53238.0
