date,Open,High,Low,Close,Volume
2025-03-04 15:00:00+00:00,0.841,0.841,0.841,0.841,0.0
2025-03-04 16:00:00+00:00,0.841,0.841,0.841,0.841,0.0
2025-03-04 17:00:00+00:00,0.841,0.841,0.841,0.841,0.0
2025-03-04 18:00:00+00:00,0.841,0.841,0.841,0.841,0.0
2025-03-04 19:00:00+00:00,0.841,0.841,0.841,0.841,0.0
2025-03-04 20:00:00+00:00,0.841,0.841,0.841,0.841,0.0
2025-03-05 15:00:00+00:00,0.841,0.841,0.841,0.841,0.0
2025-03-05 16:00:00+00:00,0.841,0.841,0.841,0.841,0.0
2025-03-05 17:00:00+00:00,0.841,0.841,0.841,0.841,0.0
2025-03-05 18:00:00+00:00,0.841,0.841,0.841,0.841,0.0
2025-03-05 19:00:00+00:00,0.841,0.841,0.841,0.841,0.0
2025-03-05 20:00:00+00:00,0.841,0.841,0.841,0.841,1700.0
2025-03-06 15:00:00+00:00,0.841,0.841,0.841,0.841,0.0
2025-03-06 16:00:00+00:00,0.841,0.841,0.841,0.841,0.0
2025-03-06 17:00:00+00:00,0.841,0.841,0.841,0.841,0.0
2025-03-06 18:00:00+00:00,0.841,0.841,0.841,0.841,0.0
2025-03-06 19:00:00+00:00,0.841,0.841,0.841,0.841,0.0
2025-03-06 20:00:00+00:00,0.841,0.841,0.841,0.841,0.0
2025-03-07 15:00:00+00:00,0.841,0.841,0.841,0.841,0.0
2025-03-07 16:00:00+00:00,0.841,0.841,0.841,0.841,0.0
2025-03-07 17:00:00+00:00,0.841,0.841,0.841,0.841,0.0
2025-03-07 18:00:00+00:00,0.841,0.841,0.841,0.841,0.0
2025-03-07 19:00:00+00:00,0.841,0.841,0.841,0.841,0.0
2025-03-07 20:00:00+00:00,0.841,0.841,0.841,0.841,0.0
2025-03-10 14:00:00+00:00,0.841,0.841,0.841,0.841,0.0
2025-03-10 15:00:00+00:00,0.841,0.841,0.841,0.841,0.0
2025-03-10 16:00:00+00:00,0.841,0.841,0.841,0.841,0.0
2025-03-10 17:00:00+00:00,0.841,0.841,0.841,0.841,0.0
2025-03-10 18:00:00+00:00,0.841,0.841,0.841,0.841,0.0
2025-03-10 19:00:00+00:00,0.841,0.841,0.841,0.841,0.0
2025-03-11 14:00:00+00:00,0.841,0.841,0.841,0.841,0.0
2025-03-11 15:00:00+00:00,0.841,0.841,0.841,0.841,0.0
2025-03-11 16:00:00+00:00,0.841,0.841,0.841,0.841,0.0
2025-03-11 17:00:00+00:00,0.841,0.841,0.841,0.841,0.0
2025-03-11 18:00:00+00:00,0.841,0.841,0.841,0.841,0.0
2025-03-11 19:00:00+00:00,0.841,0.841,0.841,0.841,0.0
2025-03-12 14:00:00+00:00,0.841,0.841,0.841,0.841,0.0
2025-03-12 15:00:00+00:00,0.841,0.841,0.841,0.841,0.0
2025-03-12 16:00:00+00:00,0.841,0.841,0.841,0.841,0.0
2025-03-12 17:00:00+00:00,0.841,0.87,0.841,0.87,15.0
2025-03-12 18:00:00+00:00,0.87,0.87,0.87,0.87,0.0
2025-03-12 19:00:00+00:00,0.87,0.87,0.87,0.87,0.0
2025-03-13 14:00:00+00:00,0.87,0.87,0.87,0.87,0.0
2025-03-13 15:00:00+00:00,0.87,0.87,0.87,0.87,0.0
2025-03-13 16:00:00+00:00,0.87,0.87,0.87,0.87,0.0
2025-03-13 17:00:00+00:00,0.87,0.87,0.87,0.87,0.0
2025-03-13 18:00:00+00:00,0.87,0.87,0.87,0.87,0.0
2025-03-13 19:00:00+00:00,0.87,0.912,0.8551,0.912,566.0
2025-03-14 14:00:00+00:00,0.912,0.912,0.912,0.912,0.0
2025-03-14 15:00:00+00:00,0.912,0.912,0.912,0.912,0.0
2025-03-14 16:00:00+00:00,0.912,0.912,0.912,0.912,0.0
2025-03-14 17:00:00+00:00,0.912,0.912,0.912,0.912,0.0
2025-03-14 18:00:00+00:00,0.912,0.912,0.912,0.912,0.0
2025-03-14 19:00:00+00:00,0.912,0.9999,0.912,0.99,634.0
2025-03-17 14:00:00+00:00,0.99,0.99,0.99,0.99,0.0
2025-03-17 15:00:00+00:00,0.99,0.99,0.99,0.99,0.0
2025-03-17 16:00:00+00:00,0.99,0.99,0.99,0.99,0.0
2025-03-17 17:00:00+00:00,0.99,0.99,0.99,0.99,0.0
2025-03-17 18:00:00+00:00,0.99,0.99,0.99,0.99,0.0
2025-03-17 19:00:00+00:00,0.99,0.99,0.99,0.99,0.0
2025-03-18 14:00:00+00:00,0.99,0.99,0.99,0.99,0.0
2025-03-18 15:00:00+00:00,0.99,0.99,0.99,0.99,0.0
2025-03-18 16:00:00+00:00,0.99,0.99,0.99,0.99,0.0
2025-03-18 17:00:00+00:00,0.99,0.99,0.99,0.99,0.0
2025-03-18 18:00:00+00:00,0.99,0.99,0.99,0.99,0.0
2025-03-18 19:00:00+00:00,0.99,0.99,0.984,0.984,100.0
2025-03-19 14:00:00+00:00,0.984,0.984,0.984,0.984,0.0
2025-03-19 15:00:00+00:00,0.984,0.984,0.984,0.984,0.0
2025-03-19 16:00:00+00:00,0.984,0.984,0.984,0.984,0.0
2025-03-19 17:00:00+00:00,0.984,0.984,0.984,0.984,0.0
2025-03-19 18:00:00+00:00,0.984,0.984,0.984,0.984,0.0
2025-03-19 19:00:00+00:00,0.984,1.02,0.97,1.02,1012.0
2025-03-20 14:00:00+00:00,1.02,1.02,1.02,1.02,0.0
2025-03-20 15:00:00+00:00,1.02,1.02,1.02,1.02,0.0
2025-03-20 16:00:00+00:00,1.02,1.02,1.02,1.02,0.0
2025-03-20 17:00:00+00:00,1.02,1.02,1.02,1.02,0.0
2025-03-20 18:00:00+00:00,1.02,1.02,1.02,1.02,0.0
2025-03-20 19:00:00+00:00,1.02,1.02,1.02,1.02,0.0
2025-03-21 14:00:00+00:00,1.02,1.02,1.02,1.02,0.0
2025-03-21 15:00:00+00:00,1.02,1.02,1.02,1.02,0.0
2025-03-21 16:00:00+00:00,1.02,1.02,1.02,1.02,0.0
2025-03-21 17:00:00+00:00,1.02,1.02,1.02,1.02,0.0
2025-03-21 18:00:00+00:00,1.02,1.02,1.02,1.02,0.0
2025-03-21 19:00:00+00:00,1.02,1.02,1.02,1.02,0.0
2025-03-24 14:00:00+00:00,1.02,1.02,1.02,1.02,0.0
2025-03-24 15:00:00+00:00,1.02,1.02,1.02,1.02,0.0
2025-03-24 16:00:00+00:00,1.02,1.02,1.02,1.02,0.0
2025-03-24 17:00:00+00:00,1.02,1.02,0.9451,0.9451,1.0
2025-03-24 18:00:00+00:00,0.9451,0.9451,0.9451,0.9451,0.0
2025-03-24 19:00:00+00:00,0.9451,0.9451,0.9451,0.9451,0.0
2025-03-25 14:00:00+00:00,0.9451,0.9451,0.9451,0.9451,0.0
2025-03-25 15:00:00+00:00,0.9451,0.9451,0.9451,0.9451,0.0
2025-03-25 16:00:00+00:00,0.9451,0.9451,0.9451,0.9451,0.0
2025-03-25 17:00:00+00:00,0.9451,0.9451,0.9451,0.9451,0.0
2025-03-25 18:00:00+00:00,0.9451,0.9451,0.9451,0.9451,0.0
2025-03-25 19:00:00+00:00,0.9451,0.9451,0.9451,0.9451,0.0
2025-03-26 14:00:00+00:00,0.9451,0.9451,0.9451,0.9451,1.0
2025-03-26 15:00:00+00:00,0.9451,0.9451,0.9451,0.9451,0.0
2025-03-26 16:00:00+00:00,0.9451,0.9451,0.9451,0.9451,0.0
2025-03-26 17:00:00+00:00,0.9451,0.9451,0.9451,0.9451,0.0
2025-03-26 18:00:00+00:00,0.9451,0.9451,0.9451,0.9451,0.0
2025-03-26 19:00:00+00:00,0.9451,0.9451,0.9451,0.9451,0.0
2025-03-27 14:00:00+00:00,0.9451,0.9451,0.9451,0.9451,0.0
2025-03-27 15:00:00+00:00,0.9451,0.9451,0.9451,0.9451,0.0
2025-03-27 16:00:00+00:00,0.9451,0.9451,0.9451,0.9451,0.0
2025-03-27 17:00:00+00:00,0.9451,0.9451,0.9451,0.9451,0.0
2025-03-27 18:00:00+00:00,0.9451,0.9451,0.9451,0.9451,0.0
2025-03-27 19:00:00+00:00,0.9451,1.01,0.9451,0.95,480.0
2025-03-28 14:00:00+00:00,0.95,0.95,0.95,0.95,0.0
2025-03-28 15:00:00+00:00,0.95,0.95,0.95,0.95,0.0
2025-03-28 16:00:00+00:00,0.95,0.95,0.95,0.95,0.0
2025-03-28 17:00:00+00:00,0.95,0.95,0.95,0.95,0.0
2025-03-28 18:00:00+00:00,0.95,0.95,0.95,0.95,0.0
2025-03-28 19:00:00+00:00,0.95,0.95,0.95,0.95,0.0
2025-03-31 14:00:00+00:00,0.95,0.95,0.95,0.95,0.0
2025-03-31 15:00:00+00:00,0.95,0.95,0.95,0.95,0.0
2025-03-31 16:00:00+00:00,0.95,0.95,0.95,0.95,0.0
2025-03-31 17:00:00+00:00,0.95,0.95,0.95,0.95,0.0
2025-03-31 18:00:00+00:00,0.95,0.95,0.95,0.95,0.0
2025-03-31 19:00:00+00:00,0.95,0.95,0.95,0.95,0.0
2025-04-01 14:00:00+00:00,0.95,0.95,0.95,0.95,0.0
2025-04-01 15:00:00+00:00,0.95,0.95,0.89,0.89,100.0
2025-04-01 16:00:00+00:00,0.89,0.89,0.89,0.89,0.0
2025-04-01 17:00:00+00:00,0.89,0.89,0.89,0.89,0.0
2025-04-01 18:00:00+00:00,0.89,0.89,0.89,0.89,0.0
2025-04-01 19:00:00+00:00,0.89,0.89,0.89,0.89,0.0
2025-04-02 14:00:00+00:00,0.89,0.89,0.89,0.89,0.0
2025-04-02 15:00:00+00:00,0.89,0.89,0.89,0.89,0.0
2025-04-02 16:00:00+00:00,0.89,0.89,0.89,0.89,0.0
2025-04-02 17:00:00+00:00,0.89,0.89,0.89,0.89,0.0
2025-04-02 18:00:00+00:00,0.89,0.89,0.89,0.89,0.0
2025-04-02 19:00:00+00:00,0.89,0.89,0.89,0.89,0.0
2025-04-03 14:00:00+00:00,0.89,0.89,0.89,0.89,0.0
2025-04-03 15:00:00+00:00,0.89,0.89,0.89,0.89,0.0
2025-04-03 16:00:00+00:00,0.89,0.89,0.89,0.89,0.0
2025-04-03 17:00:00+00:00,0.89,0.89,0.89,0.89,0.0
2025-04-03 18:00:00+00:00,0.89,0.905,0.89,0.905,6.0
2025-04-03 19:00:00+00:00,0.905,0.905,0.905,0.905,0.0
2025-04-04 14:00:00+00:00,0.905,0.905,0.905,0.905,0.0
2025-04-04 15:00:00+00:00,0.905,0.905,0.905,0.905,0.0
2025-04-04 16:00:00+00:00,0.905,0.905,0.905,0.905,0.0
2025-04-04 17:00:00+00:00,0.905,0.905,0.905,0.905,0.0
2025-04-04 18:00:00+00:00,0.905,0.905,0.905,0.905,0.0
2025-04-04 19:00:00+00:00,0.905,0.905,0.905,0.905,0.0
2025-04-07 14:00:00+00:00,0.881,0.881,0.881,0.881,0.0
2025-04-07 15:00:00+00:00,0.881,0.881,0.881,0.881,0.0
2025-04-07 16:00:00+00:00,0.881,0.881,0.881,0.881,0.0
2025-04-07 17:00:00+00:00,0.881,0.881,0.881,0.881,0.0
2025-04-07 18:00:00+00:00,0.881,0.881,0.881,0.881,0.0
2025-04-07 19:00:00+00:00,0.881,0.881,0.881,0.881,0.0
2025-04-08 14:00:00+00:00,0.881,0.881,0.881,0.881,0.0
2025-04-08 15:00:00+00:00,0.881,0.881,0.881,0.881,0.0
2025-04-08 16:00:00+00:00,0.881,0.881,0.881,0.881,0.0
2025-04-08 17:00:00+00:00,0.881,0.881,0.881,0.881,0.0
2025-04-08 18:00:00+00:00,0.881,0.881,0.881,0.881,0.0
2025-04-08 19:00:00+00:00,0.881,0.881,0.881,0.881,0.0
2025-04-09 14:00:00+00:00,0.881,0.881,0.881,0.881,0.0
2025-04-09 15:00:00+00:00,0.881,0.881,0.881,0.881,0.0
2025-04-09 16:00:00+00:00,0.881,0.881,0.84,0.84,500.0
2025-04-09 17:00:00+00:00,0.84,0.84,0.84,0.84,0.0
2025-04-09 18:00:00+00:00,0.84,0.8456,0.84,0.8456,300.0
2025-04-09 19:00:00+00:00,0.8456,0.8456,0.8456,0.8456,0.0
2025-04-10 14:00:00+00:00,0.8456,0.8456,0.8456,0.8456,0.0
2025-04-10 15:00:00+00:00,0.8456,0.8456,0.8456,0.8456,0.0
2025-04-10 16:00:00+00:00,0.8456,0.8456,0.8456,0.8456,0.0
2025-04-10 17:00:00+00:00,0.8456,0.8456,0.8456,0.8456,0.0
2025-04-10 18:00:00+00:00,0.8456,0.8456,0.8456,0.8456,0.0
2025-04-10 19:00:00+00:00,0.8456,0.8456,0.8456,0.8456,0.0
2025-04-11 14:00:00+00:00,0.8456,0.8456,0.8456,0.8456,0.0
2025-04-11 15:00:00+00:00,0.8456,0.8456,0.8456,0.8456,0.0
2025-04-11 16:00:00+00:00,0.8456,0.8456,0.7411,0.7411,200.0
2025-04-11 17:00:00+00:00,0.7411,0.7688,0.7411,0.7688,0.0
2025-04-11 18:00:00+00:00,0.7688,0.7688,0.7688,0.7688,0.0
2025-04-11 19:00:00+00:00,0.7688,0.7688,0.68,0.6993,10100.0
2025-04-14 14:00:00+00:00,0.732,0.732,0.732,0.732,0.0
2025-04-14 15:00:00+00:00,0.732,0.732,0.732,0.732,0.0
2025-04-14 16:00:00+00:00,0.732,0.7321,0.7286,0.7286,490.0
2025-04-14 17:00:00+00:00,0.7286,0.787,0.7286,0.7785,318.0
2025-04-14 18:00:00+00:00,0.7785,0.81,0.7785,0.8073,36.0
2025-04-14 19:00:00+00:00,0.8073,0.845,0.8073,0.843,2084.0
2025-04-15 14:00:00+00:00,0.8208,0.8255,0.8173,0.8208,240.0
2025-04-15 15:00:00+00:00,0.8208,0.8208,0.8208,0.8208,0.0
2025-04-15 16:00:00+00:00,0.8208,0.8208,0.8208,0.8208,0.0
2025-04-15 17:00:00+00:00,0.8208,0.8208,0.8156,0.8156,238.0
2025-04-15 18:00:00+00:00,0.8156,0.8156,0.8156,0.8156,0.0
2025-04-15 19:00:00+00:00,0.8156,0.91,0.8156,0.91,100.0
2025-04-16 14:00:00+00:00,0.91,0.91,0.91,0.91,0.0
2025-04-16 15:00:00+00:00,0.91,0.91,0.91,0.91,0.0
2025-04-16 16:00:00+00:00,0.91,0.91,0.91,0.91,0.0
2025-04-16 17:00:00+00:00,0.91,0.91,0.91,0.91,0.0
2025-04-16 18:00:00+00:00,0.91,0.92,0.91,0.92,100.0
2025-04-16 19:00:00+00:00,0.92,0.97,0.92,0.97,1953.0
2025-04-17 14:00:00+00:00,0.97,0.97,0.8333,0.8333,160.0
2025-04-17 15:00:00+00:00,0.8333,0.8333,0.8333,0.8333,0.0
2025-04-17 16:00:00+00:00,0.8333,0.8333,0.8333,0.8333,0.0
2025-04-17 17:00:00+00:00,0.8333,0.8333,0.8333,0.8333,0.0
2025-04-17 18:00:00+00:00,0.8333,0.8333,0.8333,0.8333,0.0
2025-04-17 19:00:00+00:00,0.8333,0.8333,0.8296,0.8296,120.0
2025-04-18 14:00:00+00:00,0.8296,0.8296,0.8296,0.8296,0.0
2025-04-18 15:00:00+00:00,0.8296,0.8296,0.8296,0.8296,0.0
2025-04-18 16:00:00+00:00,0.8296,0.8296,0.8296,0.8296,0.0
2025-04-18 17:00:00+00:00,0.8296,0.8296,0.8296,0.8296,0.0
2025-04-18 18:00:00+00:00,0.8296,0.8296,0.8296,0.8296,0.0
2025-04-18 19:00:00+00:00,0.8296,0.8296,0.8296,0.8296,0.0
2025-04-21 14:00:00+00:00,0.8296,0.8296,0.8296,0.8296,0.0
2025-04-21 15:00:00+00:00,0.8296,0.8296,0.8296,0.8296,0.0
2025-04-21 16:00:00+00:00,0.8296,0.8296,0.8296,0.8296,0.0
2025-04-21 17:00:00+00:00,0.8296,0.8296,0.8296,0.8296,0.0
2025-04-21 18:00:00+00:00,0.8296,0.8296,0.8296,0.8296,0.0
2025-04-21 19:00:00+00:00,0.8296,0.899,0.8066,0.899,1000.0
2025-04-22 14:00:00+00:00,0.899,0.899,0.899,0.899,0.0
2025-04-22 15:00:00+00:00,0.899,0.899,0.899,0.899,0.0
2025-04-22 16:00:00+00:00,0.899,0.899,0.899,0.899,0.0
2025-04-22 17:00:00+00:00,0.899,0.899,0.899,0.899,0.0
2025-04-22 18:00:00+00:00,0.899,0.899,0.899,0.899,0.0
2025-04-22 19:00:00+00:00,0.899,0.899,0.899,0.899,0.0
2025-04-23 14:00:00+00:00,0.899,0.899,0.899,0.899,0.0
2025-04-23 15:00:00+00:00,0.899,0.899,0.899,0.899,0.0
2025-04-23 16:00:00+00:00,0.899,0.899,0.899,0.899,0.0
2025-04-23 17:00:00+00:00,0.899,0.899,0.899,0.899,0.0
2025-04-23 18:00:00+00:00,0.899,0.973,0.899,0.973,301.0
2025-04-23 19:00:00+00:00,0.973,1.015,0.973,1.015,899.0
2025-04-24 14:00:00+00:00,1.005,1.005,1.005,1.005,0.0
2025-04-24 15:00:00+00:00,1.005,1.005,1.005,1.005,0.0
2025-04-24 16:00:00+00:00,1.005,1.005,1.0,1.0,300.0
2025-04-24 17:00:00+00:00,1.0,1.0,1.0,1.0,0.0
2025-04-24 18:00:00+00:00,1.0,1.0,0.99,0.99,300.0
2025-04-24 19:00:00+00:00,0.99,0.99,0.921,0.921,1791.0
2025-04-25 14:00:00+00:00,0.955,0.955,0.955,0.955,0.0
2025-04-25 15:00:00+00:00,0.955,0.955,0.955,0.955,0.0
2025-04-25 16:00:00+00:00,0.955,0.955,0.955,0.955,0.0
2025-04-25 17:00:00+00:00,0.955,0.955,0.955,0.955,0.0
2025-04-25 18:00:00+00:00,0.955,0.955,0.9,0.9,550.0
2025-04-25 19:00:00+00:00,0.9,0.9,0.9,0.9,110.0
2025-04-28 14:00:00+00:00,0.9,0.9,0.9,0.9,0.0
2025-04-28 15:00:00+00:00,0.9,0.9,0.9,0.9,0.0
2025-04-28 16:00:00+00:00,0.9,0.9,0.9,0.9,0.0
2025-04-28 17:00:00+00:00,0.9,0.9,0.9,0.9,0.0
2025-04-28 18:00:00+00:00,0.9,0.9,0.9,0.9,0.0
2025-04-28 19:00:00+00:00,0.9,0.96,0.9,0.9599,600.0
2025-04-29 14:00:00+00:00,0.9599,0.9599,0.9599,0.9599,0.0
2025-04-29 15:00:00+00:00,0.9599,0.9599,0.9599,0.9599,0.0
2025-04-29 16:00:00+00:00,0.9599,0.9599,0.9599,0.9599,0.0
2025-04-29 17:00:00+00:00,0.9599,0.9599,0.9599,0.9599,0.0
2025-04-29 18:00:00+00:00,0.9599,0.9599,0.9599,0.9599,0.0
2025-04-29 19:00:00+00:00,0.9599,0.9599,0.9599,0.9599,0.0
2025-04-30 14:00:00+00:00,0.9599,0.9599,0.9599,0.9599,0.0
2025-04-30 15:00:00+00:00,0.9599,0.9599,0.9599,0.9599,0.0
2025-04-30 16:00:00+00:00,0.9599,0.9599,0.9599,0.9599,0.0
2025-04-30 17:00:00+00:00,0.9599,0.9599,0.88,0.88,100.0
2025-04-30 18:00:00+00:00,0.88,0.88,0.88,0.88,0.0
2025-04-30 19:00:00+00:00,0.88,0.91,0.88,0.91,100.0
2025-05-01 14:00:00+00:00,0.91,0.91,0.91,0.91,0.0
2025-05-01 15:00:00+00:00,0.91,0.91,0.91,0.91,0.0
2025-05-01 16:00:00+00:00,0.91,0.91,0.91,0.91,0.0
2025-05-01 17:00:00+00:00,0.91,0.91,0.91,0.91,0.0
2025-05-01 18:00:00+00:00,0.91,0.91,0.91,0.91,0.0
2025-05-01 19:00:00+00:00,0.91,0.97,0.8949,0.9309,211.0
2025-05-02 14:00:00+00:00,0.9309,0.9309,0.9309,0.9309,0.0
2025-05-02 15:00:00+00:00,0.9309,0.9309,0.9309,0.9309,0.0
2025-05-02 16:00:00+00:00,0.9309,0.9309,0.9309,0.9309,0.0
2025-05-02 17:00:00+00:00,0.9309,0.9309,0.9309,0.9309,0.0
2025-05-02 18:00:00+00:00,0.9309,0.9309,0.9309,0.9309,0.0
2025-05-02 19:00:00+00:00,0.9309,0.9309,0.9309,0.9309,0.0
2025-05-05 14:00:00+00:00,0.9309,0.9309,0.9,0.9,100.0
2025-05-05 15:00:00+00:00,0.9,0.9,0.9,0.9,0.0
2025-05-05 16:00:00+00:00,0.9,0.9,0.9,0.9,0.0
2025-05-05 17:00:00+00:00,0.9,0.9,0.9,0.9,0.0
2025-05-05 18:00:00+00:00,0.9,0.9,0.9,0.9,0.0
2025-05-05 19:00:00+00:00,0.9,0.9,0.9,0.9,0.0
2025-05-06 14:00:00+00:00,0.9,0.9,0.9,0.9,0.0
2025-05-06 15:00:00+00:00,0.9,0.9,0.9,0.9,0.0
2025-05-06 16:00:00+00:00,0.9,0.9,0.9,0.9,0.0
2025-05-06 17:00:00+00:00,0.9,0.9,0.9,0.9,0.0
2025-05-06 18:00:00+00:00,0.9,0.9,0.9,0.9,0.0
2025-05-06 19:00:00+00:00,0.9,0.9,0.9,0.9,0.0
2025-05-07 14:00:00+00:00,0.9,0.9,0.9,0.9,0.0
2025-05-07 15:00:00+00:00,0.9,0.9,0.9,0.9,0.0
2025-05-07 16:00:00+00:00,0.9,0.9,0.9,0.9,0.0
2025-05-07 17:00:00+00:00,0.9,0.915,0.9,0.915,300.0
2025-05-07 18:00:00+00:00,0.915,0.915,0.915,0.915,0.0
2025-05-07 19:00:00+00:00,0.915,0.915,0.915,0.915,0.0
2025-05-08 14:00:00+00:00,0.915,0.915,0.915,0.915,0.0
2025-05-08 15:00:00+00:00,0.915,0.915,0.915,0.915,0.0
2025-05-08 16:00:00+00:00,0.915,0.915,0.915,0.915,0.0
2025-05-08 17:00:00+00:00,0.915,0.959,0.915,0.9265,349.0
2025-05-08 18:00:00+00:00,0.9265,0.9265,0.9265,0.9265,0.0
2025-05-08 19:00:00+00:00,0.9265,0.9265,0.9265,0.9265,0.0
2025-05-09 14:00:00+00:00,0.9265,0.9265,0.9265,0.9265,0.0
2025-05-09 15:00:00+00:00,0.9265,0.9265,0.9265,0.9265,0.0
2025-05-09 16:00:00+00:00,0.9265,0.9265,0.9265,0.9265,0.0
2025-05-09 17:00:00+00:00,0.9265,0.9265,0.8656,0.8656,12.0
2025-05-09 18:00:00+00:00,0.8656,0.8656,0.8656,0.8656,0.0
2025-05-09 19:00:00+00:00,0.8656,0.8656,0.8656,0.8656,0.0
2025-05-12 14:00:00+00:00,0.8656,0.8656,0.8656,0.8656,0.0
2025-05-12 15:00:00+00:00,0.8656,0.8656,0.8656,0.8656,0.0
2025-05-12 16:00:00+00:00,0.8656,0.9,0.8656,0.9,1299.0
2025-05-12 17:00:00+00:00,0.9,0.9,0.9,0.9,0.0
2025-05-12 18:00:00+00:00,0.9,0.9,0.9,0.9,0.0
2025-05-12 19:00:00+00:00,0.9,0.93,0.9,0.93,300.0
2025-05-13 14:00:00+00:00,0.9599,0.9599,0.9599,0.9599,0.0
2025-05-13 15:00:00+00:00,0.9599,0.9599,0.9599,0.9599,0.0
2025-05-13 16:00:00+00:00,0.9599,0.9599,0.9599,0.9599,0.0
2025-05-13 17:00:00+00:00,0.9599,0.9599,0.9599,0.9599,0.0
2025-05-13 18:00:00+00:00,0.9599,0.9599,0.9599,0.9599,0.0
2025-05-13 19:00:00+00:00,0.9599,0.9599,0.9599,0.9599,0.0
2025-05-14 14:00:00+00:00,0.9599,0.9599,0.9599,0.9599,0.0
2025-05-14 15:00:00+00:00,0.9599,0.9599,0.9599,0.9599,0.0
2025-05-14 16:00:00+00:00,0.9599,0.9599,0.9599,0.9599,0.0
2025-05-14 17:00:00+00:00,0.9599,0.9599,0.9599,0.9599,0.0
2025-05-14 18:00:00+00:00,0.9599,0.9599,0.9599,0.9599,0.0
2025-05-14 19:00:00+00:00,0.9599,0.9599,0.93,0.93,100.0
2025-05-15 14:00:00+00:00,0.9178,0.9178,0.9178,0.9178,0.0
2025-05-15 15:00:00+00:00,0.9178,0.9178,0.9178,0.9178,0.0
2025-05-15 16:00:00+00:00,0.9178,0.9178,0.9178,0.9178,0.0
2025-05-15 17:00:00+00:00,0.9178,0.9178,0.9178,0.9178,0.0
2025-05-15 18:00:00+00:00,0.9178,0.9178,0.9178,0.9178,0.0
2025-05-15 19:00:00+00:00,0.9178,0.9178,0.889,0.889,300.0
2025-05-16 14:00:00+00:00,0.889,0.889,0.889,0.889,0.0
2025-05-16 15:00:00+00:00,0.889,0.889,0.889,0.889,0.0
2025-05-16 16:00:00+00:00,0.889,0.889,0.889,0.889,0.0
2025-05-16 17:00:00+00:00,0.889,0.889,0.889,0.889,0.0
2025-05-16 18:00:00+00:00,0.889,0.889,0.889,0.889,0.0
2025-05-16 19:00:00+00:00,0.889,0.95,0.889,0.95,25.0
2025-05-19 14:00:00+00:00,0.95,0.95,0.95,0.95,0.0
2025-05-19 15:00:00+00:00,0.95,0.95,0.95,0.95,0.0
2025-05-19 16:00:00+00:00,0.95,0.95,0.95,0.95,0.0
2025-05-19 17:00:00+00:00,0.95,0.95,0.95,0.95,0.0
2025-05-19 18:00:00+00:00,0.95,0.95,0.95,0.95,0.0
2025-05-19 19:00:00+00:00,0.95,0.95,0.95,0.95,0.0
2025-05-20 14:00:00+00:00,0.95,0.95,0.95,0.95,0.0
2025-05-20 15:00:00+00:00,0.95,0.95,0.95,0.95,0.0
2025-05-20 16:00:00+00:00,0.95,0.95,0.95,0.95,0.0
2025-05-20 17:00:00+00:00,0.95,0.95,0.95,0.95,0.0
2025-05-20 18:00:00+00:00,0.95,0.95,0.95,0.95,0.0
2025-05-20 19:00:00+00:00,0.95,0.95,0.95,0.95,0.0
2025-05-21 14:00:00+00:00,0.95,0.95,0.92,0.92,100.0
2025-05-21 15:00:00+00:00,0.92,0.92,0.92,0.92,0.0
2025-05-21 16:00:00+00:00,0.92,0.92,0.92,0.92,0.0
2025-05-21 17:00:00+00:00,0.92,0.92,0.92,0.92,0.0
2025-05-21 18:00:00+00:00,0.92,0.92,0.92,0.92,0.0
2025-05-21 19:00:00+00:00,0.92,0.92,0.92,0.92,0.0
2025-05-22 14:00:00+00:00,0.92,0.92,0.92,0.92,0.0
2025-05-22 15:00:00+00:00,0.92,0.92,0.92,0.92,0.0
2025-05-22 16:00:00+00:00,0.92,0.92,0.92,0.92,0.0
2025-05-22 17:00:00+00:00,0.92,0.92,0.92,0.92,0.0
2025-05-22 18:00:00+00:00,0.92,0.92,0.92,0.92,0.0
2025-05-22 19:00:00+00:00,0.92,0.92,0.92,0.92,0.0
2025-05-23 14:00:00+00:00,0.92,0.9399,0.92,0.9399,135.0
2025-05-23 15:00:00+00:00,0.9399,0.9399,0.9399,0.9399,0.0
2025-05-23 16:00:00+00:00,0.9399,0.96,0.9399,0.96,1200.0
2025-05-23 17:00:00+00:00,0.96,0.97,0.96,0.97,300.0
2025-05-23 18:00:00+00:00,0.97,0.97,0.97,0.97,0.0
2025-05-23 19:00:00+00:00,0.97,1.01,0.97,1.01,33.0
2025-05-26 14:00:00+00:00,1.01,1.01,1.01,1.01,0.0
2025-05-26 15:00:00+00:00,1.01,1.01,1.01,1.01,0.0
2025-05-26 16:00:00+00:00,1.01,1.01,1.01,1.01,0.0
2025-05-26 17:00:00+00:00,1.01,1.01,1.01,1.01,0.0
2025-05-26 18:00:00+00:00,1.01,1.01,1.01,1.01,0.0
2025-05-26 19:00:00+00:00,1.01,1.01,1.01,1.01,0.0
2025-05-27 14:00:00+00:00,0.998,0.998,0.998,0.998,0.0
2025-05-27 15:00:00+00:00,0.998,0.998,0.9354,0.9354,100.0
2025-05-27 16:00:00+00:00,0.9354,0.9354,0.9354,0.9354,0.0
2025-05-27 17:00:00+00:00,0.9354,0.9354,0.9354,0.9354,0.0
2025-05-27 18:00:00+00:00,0.9354,0.9354,0.9354,0.9354,0.0
2025-05-27 19:00:00+00:00,0.9354,0.9354,0.9354,0.9354,0.0
2025-05-28 14:00:00+00:00,0.96,0.96,0.96,0.96,0.0
2025-05-28 15:00:00+00:00,0.96,0.96,0.96,0.96,0.0
2025-05-28 16:00:00+00:00,0.96,0.96,0.96,0.96,0.0
2025-05-28 17:00:00+00:00,0.96,0.96,0.96,0.96,0.0
2025-05-28 18:00:00+00:00,0.96,0.96,0.9255,0.9255,0.0
2025-05-28 19:00:00+00:00,0.9255,0.9255,0.9255,0.9255,0.0
2025-05-29 14:00:00+00:00,0.953,0.953,0.953,0.953,0.0
2025-05-29 15:00:00+00:00,0.953,0.953,0.953,0.953,0.0
2025-05-29 16:00:00+00:00,0.953,0.953,0.953,0.953,0.0
2025-05-29 17:00:00+00:00,0.953,0.953,0.953,0.953,0.0
2025-05-29 18:00:00+00:00,0.953,0.953,0.953,0.953,0.0
2025-05-29 19:00:00+00:00,0.953,0.953,0.953,0.953,0.0
2025-05-30 14:00:00+00:00,0.953,0.953,0.953,0.953,0.0
2025-05-30 15:00:00+00:00,0.953,0.953,0.953,0.953,0.0
2025-05-30 16:00:00+00:00,0.953,0.953,0.953,0.953,0.0
2025-05-30 17:00:00+00:00,0.953,0.953,0.953,0.953,0.0
2025-05-30 18:00:00+00:00,0.953,0.953,0.953,0.953,0.0
2025-05-30 19:00:00+00:00,0.953,0.953,0.953,0.953,0.0
2025-06-02 14:00:00+00:00,0.9925,0.9925,0.9925,0.9925,0.0
2025-06-02 15:00:00+00:00,0.9925,0.9925,0.9925,0.9925,0.0
2025-06-02 16:00:00+00:00,0.9925,0.9925,0.9925,0.9925,0.0
2025-06-02 17:00:00+00:00,0.9925,0.9925,0.9925,0.9925,0.0
2025-06-02 18:00:00+00:00,0.9925,0.9935,0.9925,0.9935,200.0
2025-06-02 19:00:00+00:00,0.9935,0.9935,0.99,0.99,10.0
2025-06-03 14:00:00+00:00,0.99,0.99,0.99,0.99,0.0
2025-06-03 15:00:00+00:00,0.99,0.99,0.99,0.99,0.0
2025-06-03 16:00:00+00:00,0.99,0.99,0.99,0.99,0.0
2025-06-03 17:00:00+00:00,0.99,0.99,0.99,0.99,0.0
2025-06-03 18:00:00+00:00,0.99,0.99,0.99,0.99,0.0
2025-06-03 19:00:00+00:00,0.99,0.99,0.93,0.93,6.0
2025-06-04 14:00:00+00:00,0.93,0.93,0.93,0.93,0.0
2025-06-04 15:00:00+00:00,0.93,0.93,0.93,0.93,0.0
2025-06-04 16:00:00+00:00,0.93,0.93,0.93,0.93,0.0
2025-06-04 17:00:00+00:00,0.93,0.93,0.93,0.93,0.0
2025-06-04 18:00:00+00:00,0.93,0.93,0.93,0.93,0.0
2025-06-04 19:00:00+00:00,0.93,0.93,0.93,0.93,0.0
2025-06-05 14:00:00+00:00,0.93,0.93,0.93,0.93,0.0
2025-06-05 15:00:00+00:00,0.93,0.9501,0.93,0.9501,20.0
2025-06-05 16:00:00+00:00,0.9501,0.9501,0.9501,0.9501,0.0
2025-06-05 17:00:00+00:00,0.9501,0.9501,0.9501,0.9501,0.0
2025-06-05 18:00:00+00:00,0.9501,0.9501,0.9501,0.9501,0.0
2025-06-05 19:00:00+00:00,0.9501,0.9501,0.9501,0.9501,0.0
2025-06-06 14:00:00+00:00,0.9501,0.9501,0.9501,0.9501,0.0
2025-06-06 15:00:00+00:00,0.9501,0.9501,0.9501,0.9501,0.0
2025-06-06 16:00:00+00:00,0.9501,0.9501,0.9501,0.9501,0.0
2025-06-06 17:00:00+00:00,0.9501,0.9501,0.9501,0.9501,0.0
2025-06-06 18:00:00+00:00,0.9501,0.9501,0.9501,0.9501,0.0
2025-06-06 19:00:00+00:00,0.9501,0.9501,0.9501,0.9501,0.0
2025-06-09 14:00:00+00:00,0.9501,0.9501,0.9501,0.9501,0.0
2025-06-09 15:00:00+00:00,0.9501,0.9501,0.9501,0.9501,0.0
2025-06-09 16:00:00+00:00,0.9501,0.9501,0.9501,0.9501,0.0
2025-06-09 17:00:00+00:00,0.9501,0.9501,0.9501,0.9501,0.0
2025-06-09 18:00:00+00:00,0.9501,0.9501,0.9501,0.9501,0.0
2025-06-09 19:00:00+00:00,0.9501,0.9501,0.9501,0.9501,0.0
2025-06-10 14:00:00+00:00,0.9501,0.9501,0.9501,0.9501,0.0
2025-06-10 15:00:00+00:00,0.9501,0.9501,0.9501,0.9501,0.0
2025-06-10 16:00:00+00:00,0.9501,0.9501,0.9501,0.9501,0.0
2025-06-10 17:00:00+00:00,0.9501,0.9501,0.9298,0.9298,22.0
2025-06-10 18:00:00+00:00,0.9298,0.9298,0.9298,0.9298,0.0
2025-06-10 19:00:00+00:00,0.9298,0.9298,0.89,0.89,129.0
2025-06-11 14:00:00+00:00,0.89,0.89,0.89,0.89,0.0
2025-06-11 15:00:00+00:00,0.89,0.89,0.89,0.89,0.0
2025-06-11 16:00:00+00:00,0.89,0.89,0.89,0.89,0.0
2025-06-11 17:00:00+00:00,0.89,0.89,0.89,0.89,0.0
2025-06-11 18:00:00+00:00,0.89,0.89,0.89,0.89,0.0
2025-06-11 19:00:00+00:00,0.89,0.94,0.89,0.94,101.0
2025-06-12 14:00:00+00:00,0.94,0.94,0.94,0.94,0.0
2025-06-12 15:00:00+00:00,0.94,0.94,0.94,0.94,0.0
2025-06-12 16:00:00+00:00,0.94,0.94,0.94,0.94,0.0
2025-06-12 17:00:00+00:00,0.94,0.94,0.94,0.94,0.0
2025-06-12 18:00:00+00:00,0.94,0.94,0.94,0.94,0.0
2025-06-12 19:00:00+00:00,0.94,0.94,0.91,0.94,101.0
2025-06-13 14:00:00+00:00,0.94,0.94,0.94,0.94,0.0
2025-06-13 15:00:00+00:00,0.94,0.94,0.94,0.94,0.0
2025-06-13 16:00:00+00:00,0.94,0.94,0.94,0.94,0.0
2025-06-13 17:00:00+00:00,0.9121,0.9121,0.9121,0.9121,299.0
2025-06-13 18:00:00+00:00,0.9121,0.9121,0.9121,0.9121,0.0
2025-06-13 19:00:00+00:00,0.9121,0.9121,0.8601,0.8601,62.0
2025-06-16 14:00:00+00:00,0.8601,0.8601,0.8601,0.8601,0.0
2025-06-16 15:00:00+00:00,0.8601,0.8601,0.8601,0.8601,0.0
2025-06-16 16:00:00+00:00,0.8601,0.8601,0.8601,0.8601,0.0
2025-06-16 17:00:00+00:00,0.8601,0.8601,0.8601,0.8601,0.0
2025-06-16 18:00:00+00:00,0.8601,0.8601,0.8601,0.8601,0.0
2025-06-16 19:00:00+00:00,0.8601,0.8925,0.8601,0.8925,138.0
2025-06-17 14:00:00+00:00,0.8925,0.8925,0.8925,0.8925,0.0
2025-06-17 15:00:00+00:00,0.8925,0.8925,0.8925,0.8925,0.0
2025-06-17 16:00:00+00:00,0.8925,0.8925,0.8925,0.8925,0.0
2025-06-17 17:00:00+00:00,0.8925,0.8925,0.8925,0.8925,0.0
2025-06-17 18:00:00+00:00,0.8925,0.8925,0.8925,0.8925,0.0
2025-06-17 19:00:00+00:00,0.8925,0.8925,0.8925,0.8925,0.0
2025-06-18 14:00:00+00:00,0.8925,0.8925,0.8925,0.8925,0.0
2025-06-18 15:00:00+00:00,0.8925,0.909,0.8925,0.909,100.0
2025-06-18 16:00:00+00:00,0.909,0.909,0.909,0.909,0.0
2025-06-18 17:00:00+00:00,0.909,0.909,0.909,0.909,0.0
2025-06-18 18:00:00+00:00,0.909,0.909,0.909,0.909,0.0
2025-06-18 19:00:00+00:00,0.909,0.909,0.909,0.909,0.0
2025-06-19 14:00:00+00:00,0.909,0.909,0.909,0.909,0.0
2025-06-19 15:00:00+00:00,0.909,0.909,0.909,0.909,0.0
2025-06-19 16:00:00+00:00,0.909,0.909,0.909,0.909,0.0
2025-06-19 17:00:00+00:00,0.909,0.909,0.909,0.909,0.0
2025-06-19 18:00:00+00:00,0.909,0.909,0.909,0.909,0.0
2025-06-19 19:00:00+00:00,0.909,0.909,0.909,0.909,0.0
2025-06-20 14:00:00+00:00,0.909,0.909,0.909,0.909,0.0
2025-06-20 15:00:00+00:00,0.909,0.909,0.909,0.909,0.0
2025-06-20 16:00:00+00:00,0.909,0.909,0.909,0.909,0.0
2025-06-20 17:00:00+00:00,0.909,0.909,0.909,0.909,0.0
2025-06-20 18:00:00+00:00,0.909,0.909,0.909,0.909,0.0
2025-06-20 19:00:00+00:00,0.909,0.909,0.909,0.909,0.0
2025-06-23 14:00:00+00:00,0.909,0.909,0.909,0.909,0.0
2025-06-23 15:00:00+00:00,0.909,0.909,0.909,0.909,0.0
2025-06-23 16:00:00+00:00,0.909,0.909,0.909,0.909,0.0
2025-06-23 17:00:00+00:00,0.909,0.909,0.909,0.909,0.0
2025-06-23 18:00:00+00:00,0.909,0.909,0.909,0.909,0.0
2025-06-23 19:00:00+00:00,0.909,0.909,0.8162,0.8162,698.0
2025-06-24 14:00:00+00:00,0.8162,0.8162,0.8162,0.8162,0.0
2025-06-24 15:00:00+00:00,0.8162,0.8162,0.8162,0.8162,0.0
2025-06-24 16:00:00+00:00,0.8162,0.8162,0.8162,0.8162,0.0
2025-06-24 17:00:00+00:00,0.8162,0.8162,0.8162,0.8162,0.0
2025-06-24 18:00:00+00:00,0.8162,0.8162,0.8162,0.8162,0.0
2025-06-24 19:00:00+00:00,0.8162,0.841,0.8162,0.841,1.0
2025-06-25 14:00:00+00:00,0.841,0.841,0.841,0.841,0.0
2025-06-25 15:00:00+00:00,0.841,0.841,0.841,0.841,0.0
2025-06-25 16:00:00+00:00,0.841,0.841,0.841,0.841,0.0
2025-06-25 17:00:00+00:00,0.841,0.841,0.841,0.841,0.0
2025-06-25 18:00:00+00:00,0.841,0.841,0.841,0.841,0.0
2025-06-25 19:00:00+00:00,0.841,0.869,0.841,0.869,200.0
2025-06-26 14:00:00+00:00,0.869,0.869,0.869,0.869,0.0
2025-06-26 15:00:00+00:00,0.869,0.869,0.869,0.869,0.0
2025-06-26 16:00:00+00:00,0.869,0.869,0.869,0.869,0.0
2025-06-26 17:00:00+00:00,0.869,0.869,0.869,0.869,0.0
2025-06-26 18:00:00+00:00,0.869,0.869,0.869,0.869,0.0
2025-06-26 19:00:00+00:00,0.869,0.869,0.869,0.869,0.0
2025-06-27 14:00:00+00:00,0.869,0.869,0.869,0.869,0.0
2025-06-27 15:00:00+00:00,0.869,0.869,0.869,0.869,0.0
2025-06-27 16:00:00+00:00,0.869,0.869,0.869,0.869,0.0
2025-06-27 17:00:00+00:00,0.869,0.869,0.789,0.789,300.0
2025-06-27 18:00:00+00:00,0.789,0.789,0.789,0.789,0.0
2025-06-27 19:00:00+00:00,0.789,0.789,0.789,0.789,0.0
2025-06-30 14:00:00+00:00,0.789,0.789,0.789,0.789,0.0
2025-06-30 15:00:00+00:00,0.789,0.789,0.789,0.789,0.0
2025-06-30 16:00:00+00:00,0.789,0.789,0.789,0.789,0.0
2025-06-30 17:00:00+00:00,0.789,0.789,0.789,0.789,0.0
2025-06-30 18:00:00+00:00,0.789,0.789,0.789,0.789,0.0
2025-06-30 19:00:00+00:00,0.789,0.789,0.789,0.789,0.0
2025-07-01 14:00:00+00:00,0.789,0.789,0.789,0.789,0.0
2025-07-01 15:00:00+00:00,0.789,0.789,0.789,0.789,0.0
2025-07-01 16:00:00+00:00,0.789,0.789,0.789,0.789,0.0
2025-07-01 17:00:00+00:00,0.789,0.789,0.789,0.789,0.0
2025-07-01 18:00:00+00:00,0.789,0.789,0.789,0.789,0.0
2025-07-01 19:00:00+00:00,0.789,0.789,0.789,0.789,0.0
2025-07-02 14:00:00+00:00,0.789,0.835,0.789,0.835,8393.0
2025-07-02 15:00:00+00:00,0.835,0.8505,0.835,0.8505,400.0
2025-07-02 16:00:00+00:00,0.8505,0.8505,0.8505,0.8505,0.0
2025-07-02 17:00:00+00:00,0.8505,0.8654,0.8505,0.8654,1025.0
2025-07-02 18:00:00+00:00,0.8654,0.8888,0.8654,0.8888,203.0
2025-07-02 19:00:00+00:00,0.8888,0.9198,0.881,0.9198,500.0
2025-07-03 14:00:00+00:00,0.9198,0.9198,0.9198,0.9198,0.0
2025-07-03 15:00:00+00:00,0.9198,0.9198,0.9198,0.9198,0.0
2025-07-03 16:00:00+00:00,0.9198,0.9198,0.9198,0.9198,0.0
2025-07-03 17:00:00+00:00,0.9198,0.9198,0.9198,0.9198,0.0
2025-07-03 18:00:00+00:00,0.9198,0.9198,0.9198,0.9198,0.0
2025-07-03 19:00:00+00:00,0.9198,0.9198,0.9198,0.9198,0.0
2025-07-04 14:00:00+00:00,0.9198,0.9198,0.9198,0.9198,0.0
2025-07-04 15:00:00+00:00,0.9198,0.9198,0.9198,0.9198,0.0
2025-07-04 16:00:00+00:00,0.9198,0.9198,0.9198,0.9198,0.0
2025-07-04 17:00:00+00:00,0.9198,0.9198,0.9198,0.9198,0.0
2025-07-04 18:00:00+00:00,0.9198,0.9198,0.9198,0.9198,0.0
2025-07-04 19:00:00+00:00,0.9198,0.9198,0.9198,0.9198,0.0
2025-07-07 14:00:00+00:00,0.9198,0.9198,0.9198,0.9198,0.0
2025-07-07 15:00:00+00:00,0.9198,0.9198,0.9198,0.9198,0.0
2025-07-07 16:00:00+00:00,0.9198,0.9198,0.9198,0.9198,0.0
2025-07-07 17:00:00+00:00,0.9198,0.9198,0.805,0.805,10.0
2025-07-07 18:00:00+00:00,0.805,0.805,0.805,0.805,0.0
2025-07-07 19:00:00+00:00,0.805,0.8157,0.805,0.8157,200.0
2025-07-08 14:00:00+00:00,0.8157,0.8157,0.8157,0.8157,0.0
2025-07-08 15:00:00+00:00,0.8157,0.8157,0.8157,0.8157,0.0
2025-07-08 16:00:00+00:00,0.8157,0.8157,0.8157,0.8157,0.0
2025-07-08 17:00:00+00:00,0.8157,0.8157,0.8157,0.8157,0.0
2025-07-08 18:00:00+00:00,0.8157,0.8157,0.8157,0.8157,0.0
2025-07-08 19:00:00+00:00,0.8157,0.92,0.8157,0.9153,4686.0
2025-07-09 14:00:00+00:00,0.9153,0.9153,0.9153,0.9153,0.0
2025-07-09 15:00:00+00:00,0.9153,0.9153,0.9153,0.9153,0.0
2025-07-09 16:00:00+00:00,0.9153,0.9153,0.9153,0.9153,0.0
2025-07-09 17:00:00+00:00,0.9153,0.9153,0.9153,0.9153,0.0
2025-07-09 18:00:00+00:00,0.9153,0.9153,0.9151,0.9151,200.0
2025-07-09 19:00:00+00:00,0.9151,0.9151,0.9063,0.9063,100.0
2025-07-10 14:00:00+00:00,0.9063,0.9063,0.9063,0.9063,0.0
2025-07-10 15:00:00+00:00,0.9063,0.9063,0.9063,0.9063,0.0
2025-07-10 16:00:00+00:00,0.9063,0.9063,0.9063,0.9063,0.0
2025-07-10 17:00:00+00:00,0.9063,0.9063,0.9063,0.9063,0.0
2025-07-10 18:00:00+00:00,0.9063,0.9063,0.9063,0.9063,0.0
2025-07-10 19:00:00+00:00,0.9063,0.9063,0.8511,0.8551,873.0
2025-07-11 14:00:00+00:00,0.8551,0.8551,0.8551,0.8551,0.0
2025-07-11 15:00:00+00:00,0.8804,0.8804,0.8804,0.8804,200.0
2025-07-11 16:00:00+00:00,0.8804,0.8804,0.8804,0.8804,0.0
2025-07-11 17:00:00+00:00,0.8804,0.8804,0.8804,0.8804,0.0
2025-07-11 18:00:00+00:00,0.8804,0.8804,0.8804,0.8804,0.0
2025-07-11 19:00:00+00:00,0.8804,0.8804,0.8804,0.8804,0.0
2025-07-14 14:00:00+00:00,0.8804,0.8804,0.8804,0.8804,0.0
2025-07-14 15:00:00+00:00,0.8804,0.8804,0.8804,0.8804,0.0
2025-07-14 16:00:00+00:00,0.8804,0.8804,0.8804,0.8804,0.0
2025-07-14 17:00:00+00:00,0.8804,0.8804,0.8804,0.8804,0.0
2025-07-14 18:00:00+00:00,0.8804,0.8804,0.8804,0.8804,0.0
2025-07-14 19:00:00+00:00,0.8804,0.8804,0.8804,0.8804,0.0
2025-07-15 14:00:00+00:00,0.8804,0.8804,0.8804,0.8804,0.0
2025-07-15 15:00:00+00:00,0.8804,0.8804,0.8804,0.8804,0.0
2025-07-15 16:00:00+00:00,0.8804,0.8804,0.8804,0.8804,0.0
2025-07-15 17:00:00+00:00,0.8804,0.8804,0.8804,0.8804,0.0
2025-07-15 18:00:00+00:00,0.8804,0.8804,0.8804,0.8804,0.0
2025-07-15 19:00:00+00:00,0.8804,0.8804,0.8804,0.8804,0.0
2025-07-16 14:00:00+00:00,0.8804,0.8804,0.8804,0.8804,0.0
2025-07-16 15:00:00+00:00,0.8804,0.8804,0.8804,0.8804,0.0
2025-07-16 16:00:00+00:00,0.8804,0.8804,0.8804,0.8804,0.0
2025-07-16 17:00:00+00:00,0.8804,0.8804,0.839,0.839,34.0
2025-07-16 18:00:00+00:00,0.839,0.839,0.839,0.839,0.0
2025-07-16 19:00:00+00:00,0.839,0.839,0.839,0.839,0.0
2025-07-17 14:00:00+00:00,0.839,0.839,0.839,0.839,0.0
2025-07-17 15:00:00+00:00,0.839,0.839,0.839,0.839,0.0
2025-07-17 16:00:00+00:00,0.839,0.839,0.839,0.839,0.0
2025-07-17 17:00:00+00:00,0.839,0.839,0.839,0.839,0.0
2025-07-17 18:00:00+00:00,0.839,0.839,0.839,0.839,0.0
2025-07-17 19:00:00+00:00,0.839,0.839,0.839,0.839,0.0
2025-07-18 14:00:00+00:00,0.919,0.919,0.919,0.919,0.0
2025-07-18 15:00:00+00:00,0.919,0.919,0.919,0.919,0.0
2025-07-18 16:00:00+00:00,0.919,0.919,0.919,0.919,0.0
2025-07-18 17:00:00+00:00,0.919,0.919,0.8975,0.8975,31.0
2025-07-18 18:00:00+00:00,0.8975,0.8975,0.8975,0.8975,0.0
2025-07-18 19:00:00+00:00,0.8975,0.8975,0.8975,0.8975,0.0
2025-07-21 14:00:00+00:00,0.8975,0.8975,0.8975,0.8975,0.0
2025-07-21 15:00:00+00:00,0.8975,0.8975,0.88,0.88,99.0
2025-07-21 16:00:00+00:00,0.88,0.88,0.88,0.88,0.0
2025-07-21 17:00:00+00:00,0.88,0.88,0.88,0.88,0.0
2025-07-21 18:00:00+00:00,0.88,0.88,0.88,0.88,0.0
2025-07-21 19:00:00+00:00,0.88,0.88,0.88,0.88,0.0
2025-07-22 14:00:00+00:00,0.88,0.88,0.88,0.88,0.0
2025-07-22 15:00:00+00:00,0.88,0.88,0.88,0.88,0.0
2025-07-22 16:00:00+00:00,0.88,0.88,0.88,0.88,0.0
2025-07-22 17:00:00+00:00,0.88,0.88,0.88,0.88,0.0
2025-07-22 18:00:00+00:00,0.88,0.88,0.88,0.88,0.0
2025-07-22 19:00:00+00:00,0.88,0.88,0.88,0.88,0.0
2025-07-23 14:00:00+00:00,0.88,0.88,0.88,0.88,0.0
2025-07-23 15:00:00+00:00,0.88,0.88,0.88,0.88,0.0
2025-07-23 16:00:00+00:00,0.88,0.88,0.88,0.88,0.0
2025-07-23 17:00:00+00:00,0.88,0.88,0.88,0.88,0.0
2025-07-23 18:00:00+00:00,0.88,0.88,0.78,0.78,400.0
2025-07-23 19:00:00+00:00,0.78,0.78,0.78,0.78,0.0
2025-07-24 14:00:00+00:00,0.8781,0.9,0.8781,0.9,308.0
2025-07-24 15:00:00+00:00,0.9,0.91,0.9,0.91,208.0
2025-07-24 16:00:00+00:00,0.91,0.91,0.91,0.91,0.0
2025-07-24 17:00:00+00:00,0.91,0.91,0.91,0.91,0.0
2025-07-24 18:00:00+00:00,0.91,0.91,0.91,0.91,0.0
2025-07-24 19:00:00+00:00,0.91,0.91,0.91,0.91,0.0
2025-07-25 14:00:00+00:00,0.91,0.91,0.91,0.91,0.0
2025-07-25 15:00:00+00:00,0.91,0.91,0.91,0.91,0.0
2025-07-25 16:00:00+00:00,0.91,0.91,0.91,0.91,0.0
2025-07-25 17:00:00+00:00,0.91,0.91,0.91,0.91,0.0
2025-07-25 18:00:00+00:00,0.91,0.91,0.91,0.91,0.0
2025-07-25 19:00:00+00:00,0.91,0.91,0.91,0.91,0.0
2025-07-28 14:00:00+00:00,0.91,0.91,0.91,0.91,0.0
2025-07-28 15:00:00+00:00,0.91,0.91,0.91,0.91,0.0
2025-07-28 16:00:00+00:00,0.91,0.91,0.91,0.91,0.0
2025-07-28 17:00:00+00:00,0.91,0.91,0.91,0.91,0.0
2025-07-28 18:00:00+00:00,0.91,0.91,0.91,0.91,0.0
2025-07-28 19:00:00+00:00,0.91,0.91,0.91,0.91,0.0
2025-07-29 14:00:00+00:00,0.91,0.91,0.91,0.91,0.0
2025-07-29 15:00:00+00:00,0.91,0.91,0.91,0.91,0.0
2025-07-29 16:00:00+00:00,0.91,0.91,0.91,0.91,0.0
2025-07-29 17:00:00+00:00,0.91,0.91,0.91,0.91,0.0
2025-07-29 18:00:00+00:00,0.91,0.91,0.91,0.91,0.0
2025-07-29 19:00:00+00:00,0.91,0.91,0.864,0.864,100.0
2025-07-30 14:00:00+00:00,0.864,0.864,0.864,0.864,0.0
2025-07-30 15:00:00+00:00,0.864,0.864,0.864,0.864,0.0
2025-07-30 16:00:00+00:00,0.864,0.864,0.864,0.864,0.0
2025-07-30 17:00:00+00:00,0.864,0.864,0.864,0.864,0.0
2025-07-30 18:00:00+00:00,0.864,0.864,0.864,0.864,0.0
2025-07-30 19:00:00+00:00,0.864,0.864,0.864,0.864,0.0
2025-07-31 14:00:00+00:00,0.864,0.864,0.864,0.864,0.0
2025-07-31 15:00:00+00:00,0.864,0.864,0.864,0.864,0.0
2025-07-31 16:00:00+00:00,0.864,0.864,0.864,0.864,0.0
2025-07-31 17:00:00+00:00,0.864,0.864,0.864,0.864,0.0
2025-07-31 18:00:00+00:00,0.864,0.864,0.864,0.864,0.0
2025-07-31 19:00:00+00:00,0.864,0.864,0.864,0.864,0.0
2025-08-01 14:00:00+00:00,0.864,0.864,0.864,0.864,0.0
2025-08-01 15:00:00+00:00,0.864,0.864,0.864,0.864,0.0
2025-08-01 16:00:00+00:00,0.864,0.864,0.864,0.864,0.0
2025-08-01 17:00:00+00:00,0.864,0.864,0.864,0.864,0.0
2025-08-01 18:00:00+00:00,0.864,0.864,0.864,0.864,0.0
2025-08-01 19:00:00+00:00,0.864,0.864,0.864,0.864,0.0
2025-08-04 14:00:00+00:00,0.864,0.864,0.864,0.864,0.0
2025-08-04 15:00:00+00:00,0.864,0.864,0.864,0.864,0.0
2025-08-04 16:00:00+00:00,0.864,0.864,0.839,0.839,300.0
2025-08-04 17:00:00+00:00,0.839,0.839,0.839,0.839,0.0
2025-08-04 18:00:00+00:00,0.839,0.839,0.82,0.82,300.0
2025-08-04 19:00:00+00:00,0.82,0.82,0.82,0.82,0.0
2025-08-05 14:00:00+00:00,0.83,0.83,0.83,0.83,5.0
2025-08-05 15:00:00+00:00,0.83,0.83,0.83,0.83,0.0
2025-08-05 16:00:00+00:00,0.83,0.83,0.83,0.83,99.0
2025-08-05 17:00:00+00:00,0.83,0.83,0.83,0.83,0.0
2025-08-05 18:00:00+00:00,0.83,0.83,0.7787,0.7787,1900.0
2025-08-05 19:00:00+00:00,0.7787,0.795,0.7701,0.795,199.0
2025-08-06 14:00:00+00:00,0.795,0.795,0.795,0.795,0.0
2025-08-06 15:00:00+00:00,0.795,0.795,0.795,0.795,0.0
2025-08-06 16:00:00+00:00,0.795,0.795,0.795,0.795,0.0
2025-08-06 17:00:00+00:00,0.795,0.795,0.795,0.795,0.0
2025-08-06 18:00:00+00:00,0.795,0.795,0.795,0.795,0.0
2025-08-06 19:00:00+00:00,0.795,0.795,0.795,0.795,0.0
2025-08-07 14:00:00+00:00,0.795,0.795,0.795,0.795,0.0
2025-08-07 15:00:00+00:00,0.795,0.795,0.795,0.795,0.0
2025-08-07 16:00:00+00:00,0.795,0.795,0.795,0.795,0.0
2025-08-07 17:00:00+00:00,0.795,0.795,0.795,0.795,0.0
2025-08-07 18:00:00+00:00,0.795,0.795,0.795,0.795,0.0
2025-08-07 19:00:00+00:00,0.795,0.795,0.795,0.795,0.0
2025-08-08 14:00:00+00:00,0.795,0.795,0.795,0.795,0.0
2025-08-08 15:00:00+00:00,0.795,0.7956,0.795,0.7956,143.0
2025-08-08 16:00:00+00:00,0.7956,0.7956,0.7956,0.7956,0.0
2025-08-08 17:00:00+00:00,0.7956,0.7956,0.7956,0.7956,0.0
2025-08-08 18:00:00+00:00,0.7956,0.7956,0.7956,0.7956,0.0
2025-08-08 19:00:00+00:00,0.7956,0.7956,0.7956,0.7956,0.0
2025-08-11 14:00:00+00:00,0.7956,0.7956,0.7956,0.7956,0.0
2025-08-11 15:00:00+00:00,0.7956,0.7956,0.7956,0.7956,0.0
2025-08-11 16:00:00+00:00,0.7956,0.7956,0.7956,0.7956,0.0
2025-08-11 17:00:00+00:00,0.7956,0.7956,0.7956,0.7956,0.0
2025-08-11 18:00:00+00:00,0.7956,0.7956,0.7956,0.7956,0.0
2025-08-11 19:00:00+00:00,0.7956,0.7956,0.7956,0.7956,0.0
2025-08-12 14:00:00+00:00,0.7956,0.7956,0.7956,0.7956,0.0
2025-08-12 15:00:00+00:00,0.7956,0.7956,0.7956,0.7956,0.0
2025-08-12 16:00:00+00:00,0.7956,0.7956,0.7956,0.7956,0.0
2025-08-12 17:00:00+00:00,0.7956,0.7956,0.7956,0.7956,0.0
2025-08-12 18:00:00+00:00,0.7956,0.7956,0.7956,0.7956,0.0
2025-08-12 19:00:00+00:00,0.7956,0.7956,0.7956,0.7956,0.0
2025-08-13 14:00:00+00:00,0.7956,0.7956,0.7505,0.7505,800.0
2025-08-13 15:00:00+00:00,0.7505,0.7505,0.7505,0.7505,0.0
2025-08-13 16:00:00+00:00,0.7505,0.7505,0.7505,0.7505,0.0
2025-08-13 17:00:00+00:00,0.7505,0.7505,0.7505,0.7505,0.0
2025-08-13 18:00:00+00:00,0.7505,0.7505,0.7505,0.7505,0.0
2025-08-13 19:00:00+00:00,0.7505,0.7505,0.7505,0.7505,0.0
2025-08-14 14:00:00+00:00,0.7505,0.758,0.7505,0.758,100.0
2025-08-14 15:00:00+00:00,0.758,0.758,0.758,0.758,0.0
2025-08-14 16:00:00+00:00,0.758,0.758,0.758,0.758,0.0
2025-08-14 17:00:00+00:00,0.758,0.758,0.758,0.758,0.0
2025-08-14 18:00:00+00:00,0.758,0.758,0.758,0.758,0.0
2025-08-14 19:00:00+00:00,0.758,0.758,0.758,0.758,0.0
2025-08-15 14:00:00+00:00,0.758,0.758,0.758,0.758,0.0
2025-08-15 15:00:00+00:00,0.758,0.758,0.758,0.758,0.0
2025-08-15 16:00:00+00:00,0.758,0.758,0.758,0.758,0.0
2025-08-15 17:00:00+00:00,0.758,0.758,0.758,0.758,0.0
2025-08-15 18:00:00+00:00,0.758,0.758,0.758,0.758,0.0
2025-08-15 19:00:00+00:00,0.758,0.758,0.758,0.758,0.0
2025-08-18 14:00:00+00:00,0.758,0.758,0.758,0.758,0.0
2025-08-18 15:00:00+00:00,0.758,0.758,0.758,0.758,0.0
2025-08-18 16:00:00+00:00,0.758,0.758,0.758,0.758,0.0
2025-08-18 17:00:00+00:00,0.758,0.758,0.758,0.758,0.0
2025-08-18 18:00:00+00:00,0.758,0.758,0.758,0.758,0.0
2025-08-18 19:00:00+00:00,0.758,0.758,0.758,0.758,0.0
2025-08-19 14:00:00+00:00,0.758,0.758,0.758,0.758,0.0
2025-08-19 15:00:00+00:00,0.758,0.758,0.758,0.758,0.0
2025-08-19 16:00:00+00:00,0.758,0.758,0.758,0.758,0.0
2025-08-19 17:00:00+00:00,0.758,0.758,0.758,0.758,0.0
2025-08-19 18:00:00+00:00,0.758,0.758,0.758,0.758,0.0
2025-08-19 19:00:00+00:00,0.758,0.758,0.758,0.758,0.0
2025-08-20 14:00:00+00:00,0.758,0.758,0.758,0.758,0.0
2025-08-20 15:00:00+00:00,0.758,0.758,0.758,0.758,0.0
2025-08-20 16:00:00+00:00,0.758,0.758,0.758,0.758,0.0
2025-08-20 17:00:00+00:00,0.758,0.758,0.758,0.758,0.0
2025-08-20 18:00:00+00:00,0.758,0.758,0.758,0.758,0.0
2025-08-20 19:00:00+00:00,0.758,0.758,0.758,0.758,0.0
2025-08-21 14:00:00+00:00,0.758,0.758,0.758,0.758,0.0
2025-08-21 15:00:00+00:00,0.758,0.758,0.758,0.758,0.0
2025-08-21 16:00:00+00:00,0.758,0.758,0.758,0.758,0.0
2025-08-21 17:00:00+00:00,0.758,0.758,0.758,0.758,0.0
2025-08-21 18:00:00+00:00,0.758,0.758,0.758,0.758,0.0
2025-08-21 19:00:00+00:00,0.758,0.758,0.758,0.758,0.0
2025-08-22 14:00:00+00:00,0.758,0.758,0.758,0.758,0.0
2025-08-22 15:00:00+00:00,0.758,0.758,0.758,0.758,0.0
2025-08-22 16:00:00+00:00,0.758,0.758,0.758,0.758,0.0
2025-08-22 17:00:00+00:00,0.758,0.758,0.758,0.758,0.0
2025-08-22 18:00:00+00:00,0.758,0.758,0.758,0.758,0.0
2025-08-22 19:00:00+00:00,0.758,0.758,0.758,0.758,0.0
2025-08-25 14:00:00+00:00,0.758,0.758,0.758,0.758,0.0
2025-08-25 15:00:00+00:00,0.758,0.758,0.758,0.758,0.0
2025-08-25 16:00:00+00:00,0.758,0.758,0.758,0.758,0.0
2025-08-25 17:00:00+00:00,0.758,0.758,0.758,0.758,0.0
2025-08-25 18:00:00+00:00,0.758,0.758,0.758,0.758,0.0
2025-08-25 19:00:00+00:00,0.758,0.758,0.758,0.758,0.0
2025-08-26 14:00:00+00:00,0.758,0.758,0.758,0.758,0.0
2025-08-26 15:00:00+00:00,0.758,0.758,0.758,0.758,0.0
2025-08-26 16:00:00+00:00,0.758,0.758,0.758,0.758,0.0
2025-08-26 17:00:00+00:00,0.758,0.758,0.758,0.758,0.0
2025-08-26 18:00:00+00:00,0.758,0.758,0.7471,0.7471,76.0
2025-08-26 19:00:00+00:00,0.7471,0.7471,0.7471,0.7471,0.0
2025-08-27 14:00:00+00:00,0.7471,0.7471,0.7471,0.7471,0.0
2025-08-27 15:00:00+00:00,0.7471,0.7471,0.58,0.58,4478.0
2025-08-27 16:00:00+00:00,0.58,0.745,0.58,0.745,97.0
2025-08-27 17:00:00+00:00,0.745,0.745,0.745,0.745,0.0
2025-08-27 18:00:00+00:00,0.745,0.745,0.745,0.745,0.0
2025-08-27 19:00:00+00:00,0.745,0.745,0.745,0.745,0.0
2025-08-28 14:00:00+00:00,0.745,0.745,0.745,0.745,0.0
2025-08-28 15:00:00+00:00,0.745,0.745,0.745,0.745,0.0
2025-08-28 16:00:00+00:00,0.745,0.745,0.745,0.745,0.0
2025-08-28 17:00:00+00:00,0.745,0.745,0.7,0.7,100.0
2025-08-28 18:00:00+00:00,0.7,0.7,0.7,0.7,0.0
2025-08-28 19:00:00+00:00,0.7,0.7,0.7,0.7,0.0
2025-08-29 14:00:00+00:00,0.659,0.659,0.659,0.659,0.0
2025-08-29 15:00:00+00:00,0.659,0.659,0.659,0.659,0.0
2025-08-29 16:00:00+00:00,0.659,0.659,0.659,0.659,0.0
2025-08-29 17:00:00+00:00,0.659,0.659,0.659,0.659,0.0
2025-08-29 18:00:00+00:00,0.659,0.659,0.659,0.659,0.0
2025-08-29 19:00:00+00:00,0.659,0.659,0.659,0.659,0.0
2025-09-01 14:00:00+00:00,0.659,0.659,0.659,0.659,0.0
2025-09-01 15:00:00+00:00,0.659,0.659,0.659,0.659,0.0
2025-09-01 16:00:00+00:00,0.659,0.659,0.659,0.659,0.0
2025-09-01 17:00:00+00:00,0.659,0.659,0.659,0.659,0.0
2025-09-01 18:00:00+00:00,0.659,0.659,0.659,0.659,0.0
2025-09-01 19:00:00+00:00,0.659,0.659,0.659,0.659,0.0
2025-09-02 14:00:00+00:00,0.659,0.659,0.659,0.659,0.0
2025-09-02 15:00:00+00:00,0.659,0.659,0.659,0.659,0.0
2025-09-02 16:00:00+00:00,0.659,0.659,0.659,0.659,0.0
2025-09-02 17:00:00+00:00,0.659,0.659,0.659,0.659,0.0
2025-09-02 18:00:00+00:00,0.659,0.659,0.659,0.659,0.0
2025-09-02 19:00:00+00:00,0.659,0.659,0.659,0.659,0.0
2025-09-03 14:00:00+00:00,0.659,0.659,0.659,0.659,0.0
2025-09-03 15:00:00+00:00,0.659,0.659,0.659,0.659,0.0
2025-09-03 16:00:00+00:00,0.659,0.659,0.659,0.659,0.0
2025-09-03 17:00:00+00:00,0.659,0.659,0.659,0.659,0.0
2025-09-03 18:00:00+00:00,0.659,0.659,0.659,0.659,0.0
2025-09-03 19:00:00+00:00,0.659,0.659,0.659,0.659,0.0
2025-09-04 14:00:00+00:00,0.659,0.659,0.659,0.659,0.0
2025-09-04 15:00:00+00:00,0.659,0.659,0.659,0.659,0.0
2025-09-04 16:00:00+00:00,0.659,0.659,0.659,0.659,0.0
2025-09-04 17:00:00+00:00,0.659,0.659,0.659,0.659,0.0
2025-09-04 18:00:00+00:00,0.659,0.659,0.659,0.659,0.0
2025-09-04 19:00:00+00:00,0.65,0.65,0.6284,0.6284,300.0
2025-09-05 14:00:00+00:00,0.6284,0.6675,0.6284,0.6609,599.0
2025-09-05 15:00:00+00:00,0.6609,0.677,0.6609,0.677,100.0
2025-09-05 16:00:00+00:00,0.677,0.677,0.677,0.677,0.0
2025-09-05 17:00:00+00:00,0.677,0.677,0.677,0.677,0.0
2025-09-05 18:00:00+00:00,0.677,0.677,0.677,0.677,0.0
2025-09-05 19:00:00+00:00,0.677,0.6888,0.677,0.6888,1655.0
2025-09-08 14:00:00+00:00,0.6888,0.6888,0.6888,0.6888,0.0
2025-09-08 15:00:00+00:00,0.6888,0.6888,0.6888,0.6888,0.0
2025-09-08 16:00:00+00:00,0.6888,0.6888,0.6888,0.6888,0.0
2025-09-08 17:00:00+00:00,0.6888,0.6888,0.6888,0.6888,0.0
2025-09-08 18:00:00+00:00,0.6888,0.6888,0.6888,0.6888,0.0
2025-09-08 19:00:00+00:00,0.6888,0.6888,0.6888,0.6888,0.0
2025-09-09 14:00:00+00:00,0.6888,0.7306,0.6888,0.7306,300.0
2025-09-09 15:00:00+00:00,0.7306,0.7306,0.7306,0.7306,0.0
2025-09-09 16:00:00+00:00,0.7306,0.7306,0.7306,0.7306,0.0
2025-09-09 17:00:00+00:00,0.7306,0.7306,0.7306,0.7306,0.0
2025-09-09 18:00:00+00:00,0.7306,0.7306,0.7306,0.7306,0.0
2025-09-09 19:00:00+00:00,0.7306,0.7306,0.7306,0.7306,0.0
2025-09-10 14:00:00+00:00,0.7306,0.7306,0.7306,0.7306,0.0
2025-09-10 15:00:00+00:00,0.7306,0.7306,0.7306,0.7306,0.0
2025-09-10 16:00:00+00:00,0.7306,0.7306,0.7306,0.7306,0.0
2025-09-10 17:00:00+00:00,0.7306,0.7306,0.7306,0.7306,0.0
2025-09-10 18:00:00+00:00,0.7306,0.7306,0.7306,0.7306,0.0
2025-09-10 19:00:00+00:00,0.7306,0.7306,0.671,0.671,100.0
2025-09-11 14:00:00+00:00,0.671,0.671,0.671,0.671,0.0
2025-09-11 15:00:00+00:00,0.671,0.671,0.671,0.671,0.0
2025-09-11 16:00:00+00:00,0.671,0.671,0.671,0.671,0.0
2025-09-11 17:00:00+00:00,0.671,0.671,0.671,0.671,0.0
2025-09-11 18:00:00+00:00,0.671,0.671,0.671,0.671,0.0
2025-09-11 19:00:00+00:00,0.671,0.72,0.671,0.72,98.0
2025-09-12 14:00:00+00:00,0.72,0.72,0.72,0.72,0.0
2025-09-12 15:00:00+00:00,0.72,0.72,0.72,0.72,0.0
2025-09-12 16:00:00+00:00,0.72,0.72,0.72,0.72,0.0
2025-09-12 17:00:00+00:00,0.72,0.72,0.72,0.72,0.0
2025-09-12 18:00:00+00:00,0.72,0.72,0.72,0.72,0.0
2025-09-12 19:00:00+00:00,0.72,0.72,0.72,0.72,0.0
2025-09-15 14:00:00+00:00,0.72,0.72,0.72,0.72,0.0
2025-09-15 15:00:00+00:00,0.72,0.72,0.72,0.72,0.0
2025-09-15 16:00:00+00:00,0.72,0.72,0.72,0.72,0.0
2025-09-15 17:00:00+00:00,0.72,0.72,0.72,0.72,0.0
2025-09-15 18:00:00+00:00,0.72,0.72,0.72,0.72,0.0
2025-09-15 19:00:00+00:00,0.72,0.731,0.712,0.712,400.0
2025-09-16 14:00:00+00:00,0.712,0.712,0.712,0.712,0.0
2025-09-16 15:00:00+00:00,0.712,0.712,0.712,0.712,0.0
2025-09-16 16:00:00+00:00,0.712,0.712,0.712,0.712,0.0
2025-09-16 17:00:00+00:00,0.712,0.712,0.712,0.712,0.0
2025-09-16 18:00:00+00:00,0.712,0.712,0.712,0.712,0.0
2025-09-16 19:00:00+00:00,0.712,0.712,0.712,0.712,0.0
2025-09-17 14:00:00+00:00,0.712,0.74,0.712,0.74,96.0
2025-09-17 15:00:00+00:00,0.74,0.74,0.74,0.74,0.0
2025-09-17 16:00:00+00:00,0.74,0.74,0.74,0.74,0.0
2025-09-17 17:00:00+00:00,0.74,0.74,0.74,0.74,0.0
2025-09-17 18:00:00+00:00,0.74,0.74,0.74,0.74,0.0
2025-09-17 19:00:00+00:00,0.74,0.74,0.7051,0.7051,400.0
2025-09-18 14:00:00+00:00,0.7051,0.7051,0.7051,0.7051,0.0
2025-09-18 15:00:00+00:00,0.7051,0.7051,0.7051,0.7051,0.0
2025-09-18 16:00:00+00:00,0.7051,0.7051,0.7051,0.7051,0.0
2025-09-18 17:00:00+00:00,0.7051,0.7051,0.7051,0.7051,0.0
2025-09-18 18:00:00+00:00,0.7051,0.7051,0.7051,0.7051,0.0
2025-09-18 19:00:00+00:00,0.7051,0.7075,0.7051,0.7075,4000.0
2025-09-19 14:00:00+00:00,0.7075,0.7075,0.7075,0.7075,0.0
2025-09-19 15:00:00+00:00,0.7075,0.7075,0.7075,0.7075,0.0
2025-09-19 16:00:00+00:00,0.7075,0.7075,0.7075,0.7075,0.0
2025-09-19 17:00:00+00:00,0.7075,0.7075,0.7075,0.7075,0.0
2025-09-19 18:00:00+00:00,0.7075,0.7075,0.7075,0.7075,0.0
2025-09-19 19:00:00+00:00,0.7075,0.7075,0.7075,0.7075,0.0
2025-09-22 14:00:00+00:00,0.7075,0.7075,0.7075,0.7075,0.0
2025-09-22 15:00:00+00:00,0.7075,0.7075,0.7075,0.7075,0.0
2025-09-22 16:00:00+00:00,0.7075,0.7075,0.7075,0.7075,0.0
2025-09-22 17:00:00+00:00,0.7075,0.7075,0.7075,0.7075,0.0
2025-09-22 18:00:00+00:00,0.7075,0.7075,0.6281,0.6281,321.0
2025-09-22 19:00:00+00:00,0.6281,0.641,0.6281,0.641,134.0
2025-09-23 14:00:00+00:00,0.5904,0.616,0.5904,0.6133,1100.0
2025-09-23 15:00:00+00:00,0.6133,0.6133,0.6133,0.6133,0.0
2025-09-23 16:00:00+00:00,0.6133,0.6133,0.6133,0.6133,0.0
2025-09-23 17:00:00+00:00,0.6133,0.6133,0.6133,0.6133,0.0
2025-09-23 18:00:00+00:00,0.6133,0.6133,0.5956,0.5956,536.0
2025-09-23 19:00:00+00:00,0.5956,0.5956,0.5956,0.5956,0.0
2025-09-24 14:00:00+00:00,0.5956,0.5956,0.5956,0.5956,0.0
2025-09-24 15:00:00+00:00,0.5956,0.6112,0.5956,0.6112,200.0
2025-09-24 16:00:00+00:00,0.6112,0.6112,0.6112,0.6112,0.0
2025-09-24 17:00:00+00:00,0.6112,0.6112,0.6112,0.6112,0.0
2025-09-24 18:00:00+00:00,0.6112,0.6112,0.6112,0.6112,0.0
2025-09-24 19:00:00+00:00,0.6112,0.6112,0.5305,0.5305,279.0
2025-09-25 14:00:00+00:00,0.5305,0.5305,0.5305,0.5305,0.0
2025-09-25 15:00:00+00:00,0.5305,0.5305,0.5305,0.5305,0.0
2025-09-25 16:00:00+00:00,0.5305,0.5627,0.5305,0.5627,106.0
2025-09-25 17:00:00+00:00,0.5627,0.5627,0.5627,0.5627,0.0
2025-09-25 18:00:00+00:00,0.5627,0.5627,0.5627,0.5627,0.0
2025-09-25 19:00:00+00:00,0.5627,0.6199,0.538,0.6199,777.0
2025-09-26 14:00:00+00:00,0.601,0.601,0.601,0.601,0.0
2025-09-26 15:00:00+00:00,0.601,0.601,0.601,0.601,0.0
2025-09-26 16:00:00+00:00,0.601,0.601,0.601,0.601,0.0
2025-09-26 17:00:00+00:00,0.601,0.601,0.601,0.601,0.0
2025-09-26 18:00:00+00:00,0.601,0.601,0.601,0.601,0.0
2025-09-26 19:00:00+00:00,0.601,0.619,0.601,0.619,100.0
