date,Open,High,Low,Close,Volume
2024-12-16 15:00:00+00:00,0.936,0.936,0.936,0.936,0.0
2024-12-16 16:00:00+00:00,0.936,0.936,0.936,0.936,0.0
2024-12-16 17:00:00+00:00,0.936,0.936,0.936,0.936,0.0
2024-12-16 18:00:00+00:00,0.936,0.936,0.936,0.936,0.0
2024-12-16 19:00:00+00:00,0.936,0.936,0.936,0.936,0.0
2024-12-16 20:00:00+00:00,0.936,0.936,0.936,0.936,100.0
2024-12-17 15:00:00+00:00,0.936,0.936,0.936,0.936,0.0
2024-12-17 16:00:00+00:00,0.936,0.936,0.936,0.936,0.0
2024-12-17 17:00:00+00:00,0.936,0.936,0.936,0.936,0.0
2024-12-17 18:00:00+00:00,0.936,0.936,0.936,0.936,0.0
2024-12-17 19:00:00+00:00,0.936,0.936,0.936,0.936,0.0
2024-12-17 20:00:00+00:00,0.936,0.936,0.936,0.936,0.0
2024-12-18 15:00:00+00:00,0.936,0.936,0.936,0.936,0.0
2024-12-18 16:00:00+00:00,0.936,0.936,0.936,0.936,0.0
2024-12-18 17:00:00+00:00,0.936,0.936,0.936,0.936,0.0
2024-12-18 18:00:00+00:00,0.936,0.936,0.936,0.936,0.0
2024-12-18 19:00:00+00:00,0.936,0.936,0.936,0.936,0.0
2024-12-18 20:00:00+00:00,0.936,0.936,0.93,0.93,2.0
2024-12-19 15:00:00+00:00,1.0,1.0,1.0,1.0,0.0
2024-12-19 16:00:00+00:00,1.0,1.0,1.0,1.0,0.0
2024-12-19 17:00:00+00:00,1.0,1.0,1.0,1.0,0.0
2024-12-19 18:00:00+00:00,1.0,1.0,1.0,1.0,0.0
2024-12-19 19:00:00+00:00,1.0,1.0,1.0,1.0,0.0
2024-12-19 20:00:00+00:00,1.0,1.0,1.0,1.0,0.0
2024-12-20 15:00:00+00:00,1.0,1.0,1.0,1.0,0.0
2024-12-20 16:00:00+00:00,1.0,1.0,1.0,1.0,0.0
2024-12-20 17:00:00+00:00,1.0,1.0,1.0,1.0,0.0
2024-12-20 18:00:00+00:00,1.0,1.0,1.0,1.0,0.0
2024-12-20 19:00:00+00:00,1.0,1.0,1.0,1.0,0.0
2024-12-20 20:00:00+00:00,1.0,1.0,1.0,1.0,0.0
2024-12-23 15:00:00+00:00,1.04,1.04,1.04,1.04,0.0
2024-12-23 16:00:00+00:00,1.04,1.04,1.04,1.04,0.0
2024-12-23 17:00:00+00:00,1.04,1.04,1.04,1.04,0.0
2024-12-23 18:00:00+00:00,1.04,1.04,1.04,1.04,0.0
2024-12-23 19:00:00+00:00,1.04,1.04,1.04,1.04,0.0
2024-12-23 20:00:00+00:00,1.04,1.04,1.04,1.04,0.0
2024-12-24 15:00:00+00:00,1.04,1.1,1.04,1.1,100.0
2024-12-24 16:00:00+00:00,1.1,1.1,1.1,1.1,0.0
2024-12-24 17:00:00+00:00,1.1,1.13,1.09,1.12,1000.0
2024-12-24 18:00:00+00:00,1.12,1.25,1.12,1.13,216.0
2024-12-24 19:00:00+00:00,1.13,1.13,1.13,1.13,0.0
2024-12-24 20:00:00+00:00,1.13,1.13,1.13,1.13,0.0
2024-12-25 15:00:00+00:00,1.13,1.13,1.13,1.13,0.0
2024-12-25 16:00:00+00:00,1.13,1.13,1.13,1.13,0.0
2024-12-25 17:00:00+00:00,1.13,1.13,1.13,1.13,0.0
2024-12-25 18:00:00+00:00,1.13,1.13,1.13,1.13,0.0
2024-12-25 19:00:00+00:00,1.13,1.13,1.13,1.13,0.0
2024-12-25 20:00:00+00:00,1.13,1.13,1.13,1.13,0.0
2024-12-26 15:00:00+00:00,1.13,1.13,1.13,1.13,0.0
2024-12-26 16:00:00+00:00,1.13,1.13,1.13,1.13,0.0
2024-12-26 17:00:00+00:00,1.13,1.13,1.13,1.13,0.0
2024-12-26 18:00:00+00:00,1.13,1.13,1.13,1.13,0.0
2024-12-26 19:00:00+00:00,1.13,1.13,1.13,1.13,0.0
2024-12-26 20:00:00+00:00,1.13,1.13,1.13,1.13,0.0
2024-12-27 15:00:00+00:00,1.13,1.13,1.13,1.13,0.0
2024-12-27 16:00:00+00:00,1.13,1.13,1.13,1.13,0.0
2024-12-27 17:00:00+00:00,1.13,1.13,1.13,1.13,0.0
2024-12-27 18:00:00+00:00,1.13,1.13,1.13,1.13,0.0
2024-12-27 19:00:00+00:00,1.13,1.13,1.13,1.13,0.0
2024-12-27 20:00:00+00:00,1.13,1.13,1.05,1.05,100.0
2024-12-30 15:00:00+00:00,1.05,1.05,1.05,1.05,0.0
2024-12-30 16:00:00+00:00,1.05,1.05,1.05,1.05,0.0
2024-12-30 17:00:00+00:00,1.05,1.05,1.05,1.05,0.0
2024-12-30 18:00:00+00:00,1.05,1.05,1.05,1.05,0.0
2024-12-30 19:00:00+00:00,1.05,1.05,1.05,1.05,0.0
2024-12-30 20:00:00+00:00,1.05,1.14,1.05,1.14,400.0
2024-12-31 15:00:00+00:00,1.16,1.16,1.13,1.13,1.0
2024-12-31 16:00:00+00:00,1.13,1.13,1.13,1.13,0.0
2024-12-31 17:00:00+00:00,1.13,1.16,1.13,1.16,100.0
2024-12-31 18:00:00+00:00,1.16,1.16,1.16,1.16,0.0
2024-12-31 19:00:00+00:00,1.16,1.16,1.16,1.16,0.0
2024-12-31 20:00:00+00:00,1.16,1.16,1.16,1.16,0.0
2025-01-01 15:00:00+00:00,1.16,1.16,1.16,1.16,0.0
2025-01-01 16:00:00+00:00,1.16,1.16,1.16,1.16,0.0
2025-01-01 17:00:00+00:00,1.16,1.16,1.16,1.16,0.0
2025-01-01 18:00:00+00:00,1.16,1.16,1.16,1.16,0.0
2025-01-01 19:00:00+00:00,1.16,1.16,1.16,1.16,0.0
2025-01-01 20:00:00+00:00,1.16,1.16,1.16,1.16,0.0
2025-01-02 15:00:00+00:00,1.16,1.16,1.05,1.05,100.0
2025-01-02 16:00:00+00:00,1.05,1.05,1.05,1.05,0.0
2025-01-02 17:00:00+00:00,1.05,1.05,1.05,1.05,0.0
2025-01-02 18:00:00+00:00,1.05,1.05,1.05,1.05,0.0
2025-01-02 19:00:00+00:00,1.05,1.05,1.05,1.05,0.0
2025-01-02 20:00:00+00:00,1.05,1.05,1.05,1.05,0.0
2025-01-03 15:00:00+00:00,1.05,1.05,1.05,1.05,0.0
2025-01-03 16:00:00+00:00,1.05,1.05,1.05,1.05,0.0
2025-01-03 17:00:00+00:00,1.05,1.05,1.05,1.05,0.0
2025-01-03 18:00:00+00:00,1.05,1.11,1.05,1.11,11.0
2025-01-03 19:00:00+00:00,1.11,1.11,1.11,1.11,0.0
2025-01-03 20:00:00+00:00,1.11,1.12,1.11,1.115,0.0
2025-01-06 15:00:00+00:00,1.115,1.115,1.115,1.115,0.0
2025-01-06 16:00:00+00:00,1.115,1.115,1.115,1.115,0.0
2025-01-06 17:00:00+00:00,1.115,1.115,1.115,1.115,0.0
2025-01-06 18:00:00+00:00,1.115,1.115,1.115,1.115,0.0
2025-01-06 19:00:00+00:00,1.115,1.115,1.06,1.06,1.0
2025-01-06 20:00:00+00:00,1.06,1.065,1.06,1.065,0.0
2025-01-07 15:00:00+00:00,1.065,1.065,1.065,1.065,0.0
2025-01-07 16:00:00+00:00,1.065,1.065,1.065,1.065,0.0
2025-01-07 17:00:00+00:00,1.065,1.065,1.065,1.065,0.0
2025-01-07 18:00:00+00:00,1.065,1.065,1.065,1.065,0.0
2025-01-07 19:00:00+00:00,1.065,1.065,1.065,1.065,0.0
2025-01-07 20:00:00+00:00,1.065,1.065,1.065,1.065,0.0
2025-01-08 15:00:00+00:00,1.065,1.065,1.065,1.065,0.0
2025-01-08 16:00:00+00:00,1.065,1.065,1.065,1.065,0.0
2025-01-08 17:00:00+00:00,1.065,1.065,1.065,1.065,0.0
2025-01-08 18:00:00+00:00,1.065,1.065,1.065,1.065,0.0
2025-01-08 19:00:00+00:00,1.065,1.065,1.065,1.065,0.0
2025-01-08 20:00:00+00:00,1.065,1.065,1.065,1.065,0.0
2025-01-09 15:00:00+00:00,1.065,1.065,1.065,1.065,0.0
2025-01-09 16:00:00+00:00,1.065,1.065,1.065,1.065,0.0
2025-01-09 17:00:00+00:00,1.065,1.065,1.065,1.065,0.0
2025-01-09 18:00:00+00:00,1.065,1.065,1.065,1.065,0.0
2025-01-09 19:00:00+00:00,1.065,1.065,1.065,1.065,0.0
2025-01-09 20:00:00+00:00,1.065,1.065,1.065,1.065,0.0
2025-01-10 15:00:00+00:00,1.065,1.065,1.065,1.065,0.0
2025-01-10 16:00:00+00:00,1.065,1.065,1.065,1.065,0.0
2025-01-10 17:00:00+00:00,1.065,1.065,1.065,1.065,0.0
2025-01-10 18:00:00+00:00,1.065,1.065,1.065,1.065,0.0
2025-01-10 19:00:00+00:00,1.065,1.065,1.065,1.065,0.0
2025-01-10 20:00:00+00:00,1.065,1.065,1.065,1.065,0.0
2025-01-13 15:00:00+00:00,1.065,1.065,1.065,1.065,0.0
2025-01-13 16:00:00+00:00,1.065,1.065,1.065,1.065,0.0
2025-01-13 17:00:00+00:00,1.065,1.065,1.065,1.065,0.0
2025-01-13 18:00:00+00:00,1.065,1.065,1.065,1.065,0.0
2025-01-13 19:00:00+00:00,1.065,1.065,1.065,1.065,0.0
2025-01-13 20:00:00+00:00,1.065,1.065,0.9163,0.93,100.0
2025-01-14 15:00:00+00:00,0.93,0.93,0.93,0.93,0.0
2025-01-14 16:00:00+00:00,0.93,0.93,0.8888,0.8888,200.0
2025-01-14 17:00:00+00:00,0.8888,0.8888,0.8888,0.8888,0.0
2025-01-14 18:00:00+00:00,0.8888,0.8888,0.8888,0.8888,0.0
2025-01-14 19:00:00+00:00,0.8888,0.8888,0.8888,0.8888,0.0
2025-01-14 20:00:00+00:00,0.8888,0.9,0.8888,0.9,29.0
2025-01-15 15:00:00+00:00,0.9,0.95,0.9,0.95,100.0
2025-01-15 16:00:00+00:00,0.95,0.95,0.95,0.95,0.0
2025-01-15 17:00:00+00:00,0.95,0.95,0.95,0.95,0.0
2025-01-15 18:00:00+00:00,0.95,0.95,0.95,0.95,0.0
2025-01-15 19:00:00+00:00,0.95,1.0,0.95,1.0,29.0
2025-01-15 20:00:00+00:00,1.0,1.0,0.9509,0.9509,18.0
2025-01-16 15:00:00+00:00,0.9509,0.9509,0.9509,0.9509,0.0
2025-01-16 16:00:00+00:00,0.9509,0.9509,0.9509,0.9509,0.0
2025-01-16 17:00:00+00:00,0.9509,0.9509,0.9509,0.9509,0.0
2025-01-16 18:00:00+00:00,0.9509,0.9509,0.9509,0.9509,0.0
2025-01-16 19:00:00+00:00,0.9509,0.9509,0.9509,0.9509,0.0
2025-01-16 20:00:00+00:00,0.9509,0.9509,0.9509,0.9509,0.0
2025-01-17 15:00:00+00:00,0.9509,0.9509,0.9509,0.9509,0.0
2025-01-17 16:00:00+00:00,0.9509,0.9509,0.9509,0.9509,0.0
2025-01-17 17:00:00+00:00,0.9509,0.9509,0.9509,0.9509,0.0
2025-01-17 18:00:00+00:00,0.9509,0.9509,0.9509,0.9509,0.0
2025-01-17 19:00:00+00:00,0.9509,0.9509,0.9509,0.9509,0.0
2025-01-17 20:00:00+00:00,0.9509,0.9509,0.9509,0.9509,0.0
2025-01-20 15:00:00+00:00,0.9509,0.9509,0.9509,0.9509,0.0
2025-01-20 16:00:00+00:00,0.9509,0.9509,0.9509,0.9509,0.0
2025-01-20 17:00:00+00:00,0.9509,0.9509,0.9509,0.9509,0.0
2025-01-20 18:00:00+00:00,0.9509,0.9509,0.9509,0.9509,0.0
2025-01-20 19:00:00+00:00,0.9509,0.9509,0.9509,0.9509,0.0
2025-01-20 20:00:00+00:00,0.9509,0.9509,0.9509,0.9509,0.0
2025-01-21 15:00:00+00:00,0.9509,0.9509,0.9509,0.9509,0.0
2025-01-21 16:00:00+00:00,0.9509,0.9509,0.9509,0.9509,0.0
2025-01-21 17:00:00+00:00,0.9509,0.9509,0.9509,0.9509,0.0
2025-01-21 18:00:00+00:00,0.9509,0.9509,0.9509,0.9509,0.0
2025-01-21 19:00:00+00:00,0.9509,1.0,0.9509,1.0,100.0
2025-01-21 20:00:00+00:00,1.0,1.0,1.0,1.0,0.0
2025-01-22 15:00:00+00:00,1.0,1.0,1.0,1.0,0.0
2025-01-22 16:00:00+00:00,1.0,1.0,1.0,1.0,0.0
2025-01-22 17:00:00+00:00,1.0,1.0,1.0,1.0,0.0
2025-01-22 18:00:00+00:00,1.0,1.0,1.0,1.0,0.0
2025-01-22 19:00:00+00:00,1.0,1.0,1.0,1.0,0.0
2025-01-22 20:00:00+00:00,1.0,1.0,1.0,1.0,0.0
2025-01-23 15:00:00+00:00,1.0,1.0,1.0,1.0,0.0
2025-01-23 16:00:00+00:00,1.0,1.0,1.0,1.0,0.0
2025-01-23 17:00:00+00:00,1.0,1.0,1.0,1.0,0.0
2025-01-23 18:00:00+00:00,1.0,1.0,1.0,1.0,0.0
2025-01-23 19:00:00+00:00,1.0,1.0,1.0,1.0,0.0
2025-01-23 20:00:00+00:00,1.0,1.0,1.0,1.0,0.0
2025-01-24 15:00:00+00:00,1.0,1.0,1.0,1.0,0.0
2025-01-24 16:00:00+00:00,1.0,1.0,1.0,1.0,0.0
2025-01-24 17:00:00+00:00,1.0,1.0,1.0,1.0,0.0
2025-01-24 18:00:00+00:00,1.0,1.0,1.0,1.0,0.0
2025-01-24 19:00:00+00:00,1.0,1.0,1.0,1.0,0.0
2025-01-24 20:00:00+00:00,1.0,1.0,1.0,1.0,0.0
2025-01-27 15:00:00+00:00,1.0,1.0,1.0,1.0,0.0
2025-01-27 16:00:00+00:00,1.0,1.05,0.909,1.05,200.0
2025-01-27 17:00:00+00:00,1.05,1.73,0.9,1.15,37730.0
2025-01-27 18:00:00+00:00,1.15,1.945,1.13,1.265,88886.0
2025-01-27 19:00:00+00:00,1.305,1.555,1.12,1.12,22732.0
2025-01-27 20:00:00+00:00,1.12,1.17,0.9307,0.978,3207.0
2025-01-28 15:00:00+00:00,1.09,1.1,0.95,0.95,7099.0
2025-01-28 16:00:00+00:00,0.95,1.075,0.95,1.035,300.0
2025-01-28 17:00:00+00:00,1.035,1.065,1.02,1.035,100.0
2025-01-28 18:00:00+00:00,1.035,1.075,1.0,1.065,796.0
2025-01-28 19:00:00+00:00,1.065,1.085,1.025,1.045,100.0
2025-01-28 20:00:00+00:00,1.045,1.14,1.045,1.12,2350.0
2025-01-29 15:00:00+00:00,0.98,0.98,0.98,0.98,0.0
2025-01-29 16:00:00+00:00,0.98,1.01,0.98,0.9812,343.0
2025-01-29 17:00:00+00:00,0.9812,0.9812,0.9812,0.9812,0.0
2025-01-29 18:00:00+00:00,0.9812,0.9812,0.9812,0.9812,0.0
2025-01-29 19:00:00+00:00,0.9812,0.9812,0.9812,0.9812,0.0
2025-01-29 20:00:00+00:00,0.9812,0.9812,0.9812,0.9812,0.0
2025-01-30 15:00:00+00:00,0.955,0.97,0.95,0.95,500.0
2025-01-30 16:00:00+00:00,0.95,0.95,0.95,0.95,0.0
2025-01-30 17:00:00+00:00,0.95,0.95,0.95,0.95,0.0
2025-01-30 18:00:00+00:00,0.95,1.08,0.95,1.08,999.0
2025-01-30 19:00:00+00:00,1.08,1.08,1.05,1.05,100.0
2025-01-30 20:00:00+00:00,1.05,1.085,1.0,1.0,2200.0
2025-01-31 15:00:00+00:00,1.0,1.0,0.98,0.98,100.0
2025-01-31 16:00:00+00:00,0.98,0.98,0.98,0.98,0.0
2025-01-31 17:00:00+00:00,0.98,1.08,0.98,1.08,100.0
2025-01-31 18:00:00+00:00,1.08,1.08,1.08,1.08,0.0
2025-01-31 19:00:00+00:00,1.08,1.08,1.0,1.0,200.0
2025-01-31 20:00:00+00:00,1.0,1.04,1.0,1.04,100.0
2025-02-03 15:00:00+00:00,0.9764,0.9764,0.9764,0.9764,0.0
2025-02-03 16:00:00+00:00,0.9764,0.9764,0.9764,0.9764,0.0
2025-02-03 17:00:00+00:00,0.9764,0.9764,0.9764,0.9764,0.0
2025-02-03 18:00:00+00:00,0.9764,0.9764,0.9764,0.9764,0.0
2025-02-03 19:00:00+00:00,0.9764,0.9764,0.9764,0.9764,0.0
2025-02-03 20:00:00+00:00,0.9764,0.9975,0.9764,0.9975,300.0
2025-02-04 15:00:00+00:00,0.98,0.98,0.97,0.9799,500.0
2025-02-04 16:00:00+00:00,0.9799,0.9799,0.9799,0.9799,0.0
2025-02-04 17:00:00+00:00,0.9799,0.9799,0.9799,0.9799,0.0
2025-02-04 18:00:00+00:00,0.9799,0.9799,0.9799,0.9799,0.0
2025-02-04 19:00:00+00:00,0.9799,0.9799,0.9799,0.9799,0.0
2025-02-04 20:00:00+00:00,0.9799,0.9963,0.9799,0.9963,100.0
2025-02-05 15:00:00+00:00,1.065,1.065,1.04,1.04,300.0
2025-02-05 16:00:00+00:00,1.04,1.04,1.0,1.0,559.0
2025-02-05 17:00:00+00:00,1.0,1.01,1.0,1.01,366.0
2025-02-05 18:00:00+00:00,1.01,1.01,1.01,1.01,0.0
2025-02-05 19:00:00+00:00,1.01,1.01,0.995,0.995,99.0
2025-02-05 20:00:00+00:00,0.995,1.006,0.995,1.005,80.0
2025-02-06 15:00:00+00:00,1.005,1.005,1.005,1.005,0.0
2025-02-06 16:00:00+00:00,1.005,1.005,0.97,0.97,200.0
2025-02-06 17:00:00+00:00,0.97,0.9705,0.97,0.9705,0.0
2025-02-06 18:00:00+00:00,0.9705,0.9705,0.9705,0.9705,0.0
2025-02-06 19:00:00+00:00,0.9705,0.98,0.9705,0.98,200.0
2025-02-06 20:00:00+00:00,0.98,0.9933,0.9788,0.9874,140.0
2025-02-07 15:00:00+00:00,0.971,0.971,0.97,0.97,100.0
2025-02-07 16:00:00+00:00,0.97,0.97,0.97,0.97,0.0
2025-02-07 17:00:00+00:00,0.97,0.97,0.97,0.97,0.0
2025-02-07 18:00:00+00:00,0.97,0.97,0.97,0.97,0.0
2025-02-07 19:00:00+00:00,0.97,0.97,0.9245,0.9245,100.0
2025-02-07 20:00:00+00:00,0.9245,0.9245,0.8924,0.902,475.0
2025-02-10 15:00:00+00:00,0.902,0.902,0.902,0.902,0.0
2025-02-10 16:00:00+00:00,0.902,0.902,0.902,0.902,0.0
2025-02-10 17:00:00+00:00,0.902,0.902,0.902,0.902,0.0
2025-02-10 18:00:00+00:00,0.902,0.902,0.902,0.902,0.0
2025-02-10 19:00:00+00:00,0.902,0.902,0.902,0.902,0.0
2025-02-10 20:00:00+00:00,0.902,0.9328,0.902,0.93,100.0
2025-02-11 15:00:00+00:00,0.93,0.93,0.93,0.93,0.0
2025-02-11 16:00:00+00:00,0.93,0.93,0.93,0.93,0.0
2025-02-11 17:00:00+00:00,0.93,0.93,0.93,0.93,0.0
2025-02-11 18:00:00+00:00,0.93,0.93,0.93,0.93,0.0
2025-02-11 19:00:00+00:00,0.93,0.93,0.93,0.93,0.0
2025-02-11 20:00:00+00:00,0.93,0.93,0.93,0.93,0.0
2025-02-12 15:00:00+00:00,0.93,0.93,0.8303,0.8303,3577.0
2025-02-12 16:00:00+00:00,0.8303,0.8303,0.8303,0.8303,0.0
2025-02-12 17:00:00+00:00,0.8303,0.8303,0.8303,0.8303,0.0
2025-02-12 18:00:00+00:00,0.8303,0.8303,0.8303,0.8303,0.0
2025-02-12 19:00:00+00:00,0.8303,0.8303,0.8303,0.8303,0.0
2025-02-12 20:00:00+00:00,0.8303,0.8303,0.8303,0.8303,0.0
2025-02-13 15:00:00+00:00,0.8303,0.8303,0.8303,0.8303,0.0
2025-02-13 16:00:00+00:00,0.8303,0.8303,0.8303,0.8303,0.0
2025-02-13 17:00:00+00:00,0.8303,0.8303,0.8303,0.8303,0.0
2025-02-13 18:00:00+00:00,0.8303,0.8303,0.8303,0.8303,0.0
2025-02-13 19:00:00+00:00,0.8303,0.8303,0.8303,0.8303,0.0
2025-02-13 20:00:00+00:00,0.8303,0.8303,0.8156,0.8277,200.0
2025-02-14 15:00:00+00:00,0.8277,0.8277,0.8277,0.8277,0.0
2025-02-14 16:00:00+00:00,0.8277,0.8277,0.8277,0.8277,0.0
2025-02-14 17:00:00+00:00,0.8277,0.8277,0.8277,0.8277,0.0
2025-02-14 18:00:00+00:00,0.8277,0.8277,0.8277,0.8277,0.0
2025-02-14 19:00:00+00:00,0.8277,0.8277,0.8277,0.8277,0.0
2025-02-14 20:00:00+00:00,0.8277,0.8277,0.8277,0.8277,0.0
2025-02-17 15:00:00+00:00,0.8277,0.8277,0.8277,0.8277,0.0
2025-02-17 16:00:00+00:00,0.8277,0.8277,0.8277,0.8277,0.0
2025-02-17 17:00:00+00:00,0.8277,0.8277,0.8277,0.8277,0.0
2025-02-17 18:00:00+00:00,0.8277,0.8277,0.8277,0.8277,0.0
2025-02-17 19:00:00+00:00,0.8277,0.8277,0.8277,0.8277,0.0
2025-02-17 20:00:00+00:00,0.8277,0.8277,0.8277,0.8277,0.0
2025-02-18 15:00:00+00:00,0.846,0.846,0.846,0.846,0.0
2025-02-18 16:00:00+00:00,0.846,0.846,0.846,0.846,0.0
2025-02-18 17:00:00+00:00,0.846,0.846,0.846,0.846,0.0
2025-02-18 18:00:00+00:00,0.846,0.846,0.846,0.846,0.0
2025-02-18 19:00:00+00:00,0.846,0.846,0.846,0.846,0.0
2025-02-18 20:00:00+00:00,0.846,0.846,0.846,0.846,0.0
2025-02-19 15:00:00+00:00,0.846,0.846,0.846,0.846,0.0
2025-02-19 16:00:00+00:00,0.846,0.846,0.846,0.846,0.0
2025-02-19 17:00:00+00:00,0.846,0.846,0.846,0.846,0.0
2025-02-19 18:00:00+00:00,0.846,0.846,0.797,0.798,200.0
2025-02-19 19:00:00+00:00,0.798,0.811,0.798,0.811,100.0
2025-02-19 20:00:00+00:00,0.811,0.811,0.811,0.811,0.0
2025-02-20 15:00:00+00:00,0.811,0.811,0.811,0.811,0.0
2025-02-20 16:00:00+00:00,0.811,0.811,0.811,0.811,0.0
2025-02-20 17:00:00+00:00,0.811,0.811,0.811,0.811,0.0
2025-02-20 18:00:00+00:00,0.811,0.811,0.811,0.811,0.0
2025-02-20 19:00:00+00:00,0.811,0.811,0.811,0.811,0.0
2025-02-20 20:00:00+00:00,0.811,0.811,0.811,0.811,0.0
2025-02-21 15:00:00+00:00,0.811,0.811,0.811,0.811,0.0
2025-02-21 16:00:00+00:00,0.811,0.811,0.811,0.811,0.0
2025-02-21 17:00:00+00:00,0.811,0.811,0.811,0.811,0.0
2025-02-21 18:00:00+00:00,0.811,0.8165,0.811,0.8165,190.0
2025-02-21 19:00:00+00:00,0.8165,0.8165,0.8165,0.8165,0.0
2025-02-21 20:00:00+00:00,0.8165,0.838,0.8165,0.838,100.0
2025-02-24 15:00:00+00:00,0.838,0.885,0.838,0.875,857.0
2025-02-24 16:00:00+00:00,0.875,0.875,0.875,0.875,0.0
2025-02-24 17:00:00+00:00,0.875,0.875,0.875,0.875,0.0
2025-02-24 18:00:00+00:00,0.875,0.875,0.875,0.875,0.0
2025-02-24 19:00:00+00:00,0.896,0.896,0.8901,0.8901,68.0
2025-02-24 20:00:00+00:00,0.8901,0.899,0.8888,0.8888,200.0
2025-02-25 15:00:00+00:00,0.8888,0.905,0.87,0.87,235.0
2025-02-25 16:00:00+00:00,0.87,0.8701,0.8624,0.8624,345.0
2025-02-25 17:00:00+00:00,0.8624,0.8624,0.8624,0.8624,0.0
2025-02-25 18:00:00+00:00,0.8624,0.8624,0.8624,0.8624,0.0
2025-02-25 19:00:00+00:00,0.8624,0.889,0.8624,0.889,100.0
2025-02-25 20:00:00+00:00,0.889,0.889,0.889,0.889,0.0
2025-02-26 15:00:00+00:00,1.03,1.03,0.905,0.905,100.0
2025-02-26 16:00:00+00:00,0.905,1.015,0.905,1.015,4200.0
2025-02-26 17:00:00+00:00,1.015,1.015,1.015,1.015,0.0
2025-02-26 18:00:00+00:00,1.015,1.015,1.015,1.015,0.0
2025-02-26 19:00:00+00:00,1.015,1.015,1.015,1.015,0.0
2025-02-26 20:00:00+00:00,1.015,1.015,0.99,1.0,3149.0
2025-02-27 15:00:00+00:00,1.0,1.0,0.93,0.95,5959.0
2025-02-27 16:00:00+00:00,0.95,0.95,0.95,0.95,0.0
2025-02-27 17:00:00+00:00,0.95,0.95,0.95,0.95,0.0
2025-02-27 18:00:00+00:00,0.95,0.95,0.95,0.95,0.0
2025-02-27 19:00:00+00:00,0.95,0.95,0.95,0.95,0.0
2025-02-27 20:00:00+00:00,0.95,0.95,0.95,0.95,0.0
2025-02-28 15:00:00+00:00,0.95,0.95,0.95,0.95,0.0
2025-02-28 16:00:00+00:00,0.95,0.95,0.95,0.95,0.0
2025-02-28 17:00:00+00:00,0.95,0.95,0.95,0.95,0.0
2025-02-28 18:00:00+00:00,0.95,0.95,0.86,0.86,94.0
2025-02-28 19:00:00+00:00,0.86,0.86,0.86,0.86,0.0
2025-02-28 20:00:00+00:00,0.86,0.86,0.86,0.86,0.0
2025-03-03 15:00:00+00:00,0.86,0.86,0.86,0.86,0.0
2025-03-03 16:00:00+00:00,0.86,0.86,0.86,0.86,0.0
2025-03-03 17:00:00+00:00,0.86,0.86,0.86,0.86,0.0
2025-03-03 18:00:00+00:00,0.86,0.86,0.86,0.86,0.0
2025-03-03 19:00:00+00:00,0.86,0.86,0.86,0.86,0.0
2025-03-03 20:00:00+00:00,0.86,0.86,0.8418,0.8418,2.0
2025-03-04 15:00:00+00:00,0.7475,0.75,0.7475,0.75,1.0
2025-03-04 16:00:00+00:00,0.75,0.75,0.75,0.75,0.0
2025-03-04 17:00:00+00:00,0.75,0.75,0.75,0.75,0.0
2025-03-04 18:00:00+00:00,0.75,0.75,0.75,0.75,0.0
2025-03-04 19:00:00+00:00,0.75,0.75,0.75,0.75,0.0
2025-03-04 20:00:00+00:00,0.75,0.75,0.75,0.75,0.0
2025-03-05 15:00:00+00:00,0.75,0.75,0.75,0.75,0.0
2025-03-05 16:00:00+00:00,0.75,0.75,0.75,0.75,0.0
2025-03-05 17:00:00+00:00,0.75,0.75,0.75,0.75,0.0
2025-03-05 18:00:00+00:00,0.75,0.75,0.75,0.75,0.0
2025-03-05 19:00:00+00:00,0.75,0.75,0.75,0.75,0.0
2025-03-05 20:00:00+00:00,0.75,0.75,0.75,0.75,0.0
2025-03-06 15:00:00+00:00,0.75,0.75,0.75,0.75,0.0
2025-03-06 16:00:00+00:00,0.75,0.75,0.75,0.75,0.0
2025-03-06 17:00:00+00:00,0.75,0.8133,0.75,0.8,100.0
2025-03-06 18:00:00+00:00,0.8,0.8,0.8,0.8,0.0
2025-03-06 19:00:00+00:00,0.8,0.8,0.8,0.8,1.0
2025-03-06 20:00:00+00:00,0.8,0.8,0.8,0.8,0.0
2025-03-07 15:00:00+00:00,0.8,0.8,0.8,0.8,0.0
2025-03-07 16:00:00+00:00,0.8,0.8,0.8,0.8,0.0
2025-03-07 17:00:00+00:00,0.8,0.8,0.8,0.8,0.0
2025-03-07 18:00:00+00:00,0.8,0.84,0.8,0.84,335.0
2025-03-07 19:00:00+00:00,0.84,0.84,0.84,0.84,0.0
2025-03-07 20:00:00+00:00,0.84,0.84,0.84,0.84,0.0
2025-03-10 14:00:00+00:00,0.84,0.84,0.84,0.84,0.0
2025-03-10 15:00:00+00:00,0.84,0.84,0.84,0.84,0.0
2025-03-10 16:00:00+00:00,0.84,0.84,0.84,0.84,0.0
2025-03-10 17:00:00+00:00,0.84,0.84,0.84,0.84,0.0
2025-03-10 18:00:00+00:00,0.84,0.84,0.84,0.84,0.0
2025-03-10 19:00:00+00:00,0.84,0.84,0.84,0.84,0.0
2025-03-11 14:00:00+00:00,0.84,0.84,0.84,0.84,0.0
2025-03-11 15:00:00+00:00,0.84,0.84,0.84,0.84,0.0
2025-03-11 16:00:00+00:00,0.84,0.84,0.84,0.84,0.0
2025-03-11 17:00:00+00:00,0.84,0.84,0.84,0.84,0.0
2025-03-11 18:00:00+00:00,0.84,0.84,0.84,0.84,0.0
2025-03-11 19:00:00+00:00,0.84,0.84,0.84,0.84,0.0
2025-03-12 14:00:00+00:00,0.84,0.84,0.84,0.84,0.0
2025-03-12 15:00:00+00:00,0.84,0.84,0.84,0.84,0.0
2025-03-12 16:00:00+00:00,0.84,0.84,0.84,0.84,0.0
2025-03-12 17:00:00+00:00,0.84,0.84,0.84,0.84,0.0
2025-03-12 18:00:00+00:00,0.84,0.84,0.84,0.84,0.0
2025-03-12 19:00:00+00:00,0.84,0.84,0.84,0.84,0.0
2025-03-13 14:00:00+00:00,0.84,0.84,0.84,0.84,0.0
2025-03-13 15:00:00+00:00,0.84,0.84,0.84,0.84,0.0
2025-03-13 16:00:00+00:00,0.84,0.84,0.84,0.84,0.0
2025-03-13 17:00:00+00:00,0.84,0.84,0.84,0.84,0.0
2025-03-13 18:00:00+00:00,0.84,0.84,0.84,0.84,0.0
2025-03-13 19:00:00+00:00,0.84,0.84,0.84,0.84,0.0
2025-03-14 14:00:00+00:00,0.84,0.84,0.84,0.84,0.0
2025-03-14 15:00:00+00:00,0.84,0.84,0.84,0.84,0.0
2025-03-14 16:00:00+00:00,0.84,0.84,0.84,0.84,0.0
2025-03-14 17:00:00+00:00,0.84,0.84,0.84,0.84,0.0
2025-03-14 18:00:00+00:00,0.84,0.84,0.84,0.84,0.0
2025-03-14 19:00:00+00:00,0.84,0.84,0.84,0.84,0.0
2025-03-17 14:00:00+00:00,0.84,0.84,0.84,0.84,0.0
2025-03-17 15:00:00+00:00,0.84,0.84,0.8,0.8,121.0
2025-03-17 16:00:00+00:00,0.8,0.8,0.8,0.8,0.0
2025-03-17 17:00:00+00:00,0.8,0.8,0.8,0.8,0.0
2025-03-17 18:00:00+00:00,0.8,0.8,0.8,0.8,0.0
2025-03-17 19:00:00+00:00,0.8,0.8,0.8,0.8,0.0
2025-03-18 14:00:00+00:00,0.8,0.8,0.8,0.8,0.0
2025-03-18 15:00:00+00:00,0.8,0.8,0.8,0.8,0.0
2025-03-18 16:00:00+00:00,0.8,0.8,0.8,0.8,0.0
2025-03-18 17:00:00+00:00,0.8,0.8,0.8,0.8,0.0
2025-03-18 18:00:00+00:00,0.8,0.8,0.8,0.8,0.0
2025-03-18 19:00:00+00:00,0.8,0.8,0.8,0.8,0.0
2025-03-19 14:00:00+00:00,0.8,0.8,0.8,0.8,0.0
2025-03-19 15:00:00+00:00,0.8,0.8,0.8,0.8,0.0
2025-03-19 16:00:00+00:00,0.8,0.8,0.8,0.8,0.0
2025-03-19 17:00:00+00:00,0.8,0.8,0.8,0.8,0.0
2025-03-19 18:00:00+00:00,0.8,0.8,0.8,0.8,0.0
2025-03-19 19:00:00+00:00,0.8,0.8,0.8,0.8,0.0
2025-03-20 14:00:00+00:00,0.8,0.8,0.8,0.8,0.0
2025-03-20 15:00:00+00:00,0.8,0.8,0.8,0.8,0.0
2025-03-20 16:00:00+00:00,0.8,0.8,0.8,0.8,0.0
2025-03-20 17:00:00+00:00,0.8,0.8,0.8,0.8,0.0
2025-03-20 18:00:00+00:00,0.8,0.8,0.8,0.8,0.0
2025-03-20 19:00:00+00:00,0.8,0.8,0.8,0.8,0.0
2025-03-21 14:00:00+00:00,0.8,0.8,0.8,0.8,0.0
2025-03-21 15:00:00+00:00,0.8,0.8,0.8,0.8,0.0
2025-03-21 16:00:00+00:00,0.8,0.8,0.8,0.8,0.0
2025-03-21 17:00:00+00:00,0.8,0.8,0.789,0.789,100.0
2025-03-21 18:00:00+00:00,0.789,0.789,0.789,0.789,0.0
2025-03-21 19:00:00+00:00,0.789,0.789,0.789,0.789,0.0
2025-03-24 14:00:00+00:00,0.789,0.789,0.789,0.789,0.0
2025-03-24 15:00:00+00:00,0.789,0.789,0.789,0.789,0.0
2025-03-24 16:00:00+00:00,0.789,0.789,0.789,0.789,0.0
2025-03-24 17:00:00+00:00,0.789,0.789,0.789,0.789,0.0
2025-03-24 18:00:00+00:00,0.789,0.789,0.789,0.789,0.0
2025-03-24 19:00:00+00:00,0.789,0.789,0.789,0.789,0.0
2025-03-25 14:00:00+00:00,0.789,0.789,0.789,0.789,0.0
2025-03-25 15:00:00+00:00,0.789,0.789,0.789,0.789,0.0
2025-03-25 16:00:00+00:00,0.789,0.789,0.789,0.789,0.0
2025-03-25 17:00:00+00:00,0.789,0.789,0.789,0.789,0.0
2025-03-25 18:00:00+00:00,0.789,0.789,0.789,0.789,0.0
2025-03-25 19:00:00+00:00,0.789,0.789,0.789,0.789,0.0
2025-03-26 14:00:00+00:00,0.789,0.789,0.789,0.789,0.0
2025-03-26 15:00:00+00:00,0.789,0.789,0.789,0.789,0.0
2025-03-26 16:00:00+00:00,0.789,0.789,0.789,0.789,0.0
2025-03-26 17:00:00+00:00,0.789,0.789,0.789,0.789,0.0
2025-03-26 18:00:00+00:00,0.789,0.789,0.789,0.789,0.0
2025-03-26 19:00:00+00:00,0.789,0.789,0.789,0.789,0.0
2025-03-27 14:00:00+00:00,0.789,0.789,0.789,0.789,0.0
2025-03-27 15:00:00+00:00,0.789,0.789,0.789,0.789,0.0
2025-03-27 16:00:00+00:00,0.789,0.789,0.789,0.789,0.0
2025-03-27 17:00:00+00:00,0.789,0.789,0.789,0.789,0.0
2025-03-27 18:00:00+00:00,0.789,0.789,0.789,0.789,0.0
2025-03-27 19:00:00+00:00,0.789,0.789,0.789,0.789,0.0
2025-03-28 14:00:00+00:00,0.789,0.789,0.789,0.789,0.0
2025-03-28 15:00:00+00:00,0.789,0.789,0.789,0.789,0.0
2025-03-28 16:00:00+00:00,0.789,0.789,0.789,0.789,0.0
2025-03-28 17:00:00+00:00,0.789,0.789,0.789,0.789,0.0
2025-03-28 18:00:00+00:00,0.789,0.789,0.789,0.789,0.0
2025-03-28 19:00:00+00:00,0.789,0.789,0.789,0.789,0.0
2025-03-31 14:00:00+00:00,0.789,0.789,0.789,0.789,0.0
2025-03-31 15:00:00+00:00,0.789,0.789,0.789,0.789,0.0
2025-03-31 16:00:00+00:00,0.789,0.789,0.789,0.789,0.0
2025-03-31 17:00:00+00:00,0.789,0.789,0.789,0.789,0.0
2025-03-31 18:00:00+00:00,0.789,0.789,0.789,0.789,0.0
2025-03-31 19:00:00+00:00,0.789,0.789,0.676,0.676,300.0
2025-04-01 14:00:00+00:00,0.676,0.676,0.676,0.676,0.0
2025-04-01 15:00:00+00:00,0.676,0.676,0.676,0.676,0.0
2025-04-01 16:00:00+00:00,0.676,0.676,0.676,0.676,0.0
2025-04-01 17:00:00+00:00,0.676,0.676,0.676,0.676,0.0
2025-04-01 18:00:00+00:00,0.676,0.693,0.676,0.693,100.0
2025-04-01 19:00:00+00:00,0.693,0.693,0.693,0.693,0.0
2025-04-02 14:00:00+00:00,0.693,0.693,0.693,0.693,0.0
2025-04-02 15:00:00+00:00,0.693,0.693,0.693,0.693,0.0
2025-04-02 16:00:00+00:00,0.693,0.7722,0.693,0.7309,981.0
2025-04-02 17:00:00+00:00,0.7309,0.7309,0.7309,0.7309,0.0
2025-04-02 18:00:00+00:00,0.7309,0.7309,0.7309,0.7309,0.0
2025-04-02 19:00:00+00:00,0.7309,0.7309,0.7309,0.7309,0.0
2025-04-03 14:00:00+00:00,0.7309,0.7309,0.7309,0.7309,0.0
2025-04-03 15:00:00+00:00,0.7309,0.7309,0.7309,0.7309,0.0
2025-04-03 16:00:00+00:00,0.7309,0.7309,0.7309,0.7309,0.0
2025-04-03 17:00:00+00:00,0.7309,0.7309,0.7309,0.7309,0.0
2025-04-03 18:00:00+00:00,0.7309,0.7309,0.7309,0.7309,0.0
2025-04-03 19:00:00+00:00,0.7309,0.7309,0.7309,0.7309,0.0
2025-04-04 14:00:00+00:00,0.7309,0.7309,0.6496,0.701,2580.0
2025-04-04 15:00:00+00:00,0.701,0.701,0.701,0.701,0.0
2025-04-04 16:00:00+00:00,0.701,0.701,0.701,0.701,0.0
2025-04-04 17:00:00+00:00,0.701,0.701,0.701,0.701,0.0
2025-04-04 18:00:00+00:00,0.701,0.701,0.701,0.701,0.0
2025-04-04 19:00:00+00:00,0.701,0.701,0.701,0.701,0.0
2025-04-07 14:00:00+00:00,0.701,0.701,0.6174,0.6174,100.0
2025-04-07 15:00:00+00:00,0.6174,0.6174,0.6174,0.6174,0.0
2025-04-07 16:00:00+00:00,0.6174,0.6174,0.6174,0.6174,0.0
2025-04-07 17:00:00+00:00,0.6174,0.6821,0.6174,0.6556,1754.0
2025-04-07 18:00:00+00:00,0.6556,0.6556,0.6556,0.6556,0.0
2025-04-07 19:00:00+00:00,0.6556,0.6556,0.6556,0.6556,0.0
2025-04-08 14:00:00+00:00,0.6556,0.6556,0.6556,0.6556,0.0
2025-04-08 15:00:00+00:00,0.6556,0.6556,0.6556,0.6556,0.0
2025-04-08 16:00:00+00:00,0.6556,0.6556,0.6556,0.6556,0.0
2025-04-08 17:00:00+00:00,0.6556,0.6556,0.6556,0.6556,0.0
2025-04-08 18:00:00+00:00,0.6556,0.6556,0.6556,0.6556,0.0
2025-04-08 19:00:00+00:00,0.6556,0.6556,0.6556,0.6556,0.0
2025-04-09 14:00:00+00:00,0.6556,0.6556,0.6556,0.6556,0.0
2025-04-09 15:00:00+00:00,0.6556,0.6556,0.6556,0.6556,0.0
2025-04-09 16:00:00+00:00,0.6556,0.6556,0.6556,0.6556,0.0
2025-04-09 17:00:00+00:00,0.6556,0.6556,0.6556,0.6556,0.0
2025-04-09 18:00:00+00:00,0.6556,0.6556,0.6556,0.6556,0.0
2025-04-09 19:00:00+00:00,0.6556,0.6556,0.6556,0.6556,0.0
2025-04-10 14:00:00+00:00,0.6556,0.6556,0.6556,0.6556,0.0
2025-04-10 15:00:00+00:00,0.6556,0.6556,0.6556,0.6556,0.0
2025-04-10 16:00:00+00:00,0.6556,0.6556,0.6556,0.6556,0.0
2025-04-10 17:00:00+00:00,0.6556,0.6556,0.6556,0.6556,0.0
2025-04-10 18:00:00+00:00,0.6556,0.6556,0.6556,0.6556,0.0
2025-04-10 19:00:00+00:00,0.6556,0.6556,0.6556,0.6556,0.0
2025-04-11 14:00:00+00:00,0.6556,0.6556,0.6556,0.6556,0.0
2025-04-11 15:00:00+00:00,0.6556,0.6556,0.6556,0.6556,0.0
2025-04-11 16:00:00+00:00,0.6556,0.6556,0.6556,0.6556,0.0
2025-04-11 17:00:00+00:00,0.6556,0.6556,0.6556,0.6556,0.0
2025-04-11 18:00:00+00:00,0.6556,0.6556,0.6556,0.6556,0.0
2025-04-11 19:00:00+00:00,0.6556,0.6556,0.6556,0.6556,0.0
2025-04-14 14:00:00+00:00,0.6556,0.6556,0.6556,0.6556,0.0
2025-04-14 15:00:00+00:00,0.6556,0.6556,0.6556,0.6556,0.0
2025-04-14 16:00:00+00:00,0.6556,0.6556,0.5429,0.5429,2434.0
2025-04-14 17:00:00+00:00,0.5429,0.5429,0.5429,0.5429,0.0
2025-04-14 18:00:00+00:00,0.5429,0.5429,0.5429,0.5429,0.0
2025-04-14 19:00:00+00:00,0.5429,0.5429,0.5429,0.5429,0.0
2025-04-15 14:00:00+00:00,0.5429,0.5429,0.5429,0.5429,0.0
2025-04-15 15:00:00+00:00,0.5429,0.5429,0.5429,0.5429,0.0
2025-04-15 16:00:00+00:00,0.5429,0.5429,0.5429,0.5429,0.0
2025-04-15 17:00:00+00:00,0.5429,0.5429,0.5429,0.5429,0.0
2025-04-15 18:00:00+00:00,0.5429,0.5429,0.5429,0.5429,0.0
2025-04-15 19:00:00+00:00,0.5429,0.5429,0.5429,0.5429,0.0
2025-04-16 14:00:00+00:00,0.5429,0.565,0.5429,0.565,70.0
2025-04-16 15:00:00+00:00,0.565,0.586,0.565,0.586,100.0
2025-04-16 16:00:00+00:00,0.586,0.586,0.586,0.586,0.0
2025-04-16 17:00:00+00:00,0.586,0.586,0.586,0.586,0.0
2025-04-16 18:00:00+00:00,0.586,0.586,0.586,0.586,0.0
2025-04-16 19:00:00+00:00,0.586,0.586,0.586,0.586,0.0
2025-04-17 14:00:00+00:00,0.586,0.586,0.586,0.586,0.0
2025-04-17 15:00:00+00:00,0.586,0.586,0.586,0.586,0.0
2025-04-17 16:00:00+00:00,0.586,0.586,0.586,0.586,0.0
2025-04-17 17:00:00+00:00,0.586,0.586,0.586,0.586,0.0
2025-04-17 18:00:00+00:00,0.586,0.586,0.586,0.586,0.0
2025-04-17 19:00:00+00:00,0.586,0.586,0.586,0.586,0.0
2025-04-18 14:00:00+00:00,0.586,0.586,0.586,0.586,0.0
2025-04-18 15:00:00+00:00,0.586,0.586,0.586,0.586,0.0
2025-04-18 16:00:00+00:00,0.586,0.586,0.586,0.586,0.0
2025-04-18 17:00:00+00:00,0.586,0.586,0.586,0.586,0.0
2025-04-18 18:00:00+00:00,0.586,0.586,0.586,0.586,0.0
2025-04-18 19:00:00+00:00,0.586,0.586,0.586,0.586,0.0
2025-04-21 14:00:00+00:00,0.5251,0.5251,0.5251,0.5251,0.0
2025-04-21 15:00:00+00:00,0.5251,0.5251,0.5251,0.5251,0.0
2025-04-21 16:00:00+00:00,0.5251,0.5251,0.5251,0.5251,0.0
2025-04-21 17:00:00+00:00,0.5251,0.5251,0.5251,0.5251,0.0
2025-04-21 18:00:00+00:00,0.5251,0.5251,0.5251,0.5251,0.0
2025-04-21 19:00:00+00:00,0.5251,0.5251,0.5251,0.5251,0.0
2025-04-22 14:00:00+00:00,0.5251,0.5251,0.5251,0.5251,0.0
2025-04-22 15:00:00+00:00,0.5251,0.5251,0.5251,0.5251,0.0
2025-04-22 16:00:00+00:00,0.5251,0.5251,0.5251,0.5251,0.0
2025-04-22 17:00:00+00:00,0.5251,0.5251,0.5251,0.5251,0.0
2025-04-22 18:00:00+00:00,0.5251,0.5251,0.5251,0.5251,0.0
2025-04-22 19:00:00+00:00,0.5251,0.5251,0.5251,0.5251,0.0
2025-04-23 14:00:00+00:00,0.5251,0.5251,0.5251,0.5251,0.0
2025-04-23 15:00:00+00:00,0.5251,0.5251,0.5251,0.5251,0.0
2025-04-23 16:00:00+00:00,0.5251,0.5251,0.5251,0.5251,0.0
2025-04-23 17:00:00+00:00,0.5251,0.5251,0.5251,0.5251,0.0
2025-04-23 18:00:00+00:00,0.5251,0.5251,0.5251,0.5251,0.0
2025-04-23 19:00:00+00:00,0.5251,0.5251,0.5251,0.5251,0.0
2025-04-24 14:00:00+00:00,0.5251,0.5251,0.5251,0.5251,0.0
2025-04-24 15:00:00+00:00,0.5251,0.5251,0.5251,0.5251,0.0
2025-04-24 16:00:00+00:00,0.5251,0.5251,0.5251,0.5251,0.0
2025-04-24 17:00:00+00:00,0.5251,0.5251,0.5251,0.5251,0.0
2025-04-24 18:00:00+00:00,0.5251,0.5251,0.5251,0.5251,0.0
2025-04-24 19:00:00+00:00,0.5251,0.5251,0.5251,0.5251,0.0
2025-04-25 14:00:00+00:00,0.5251,0.5251,0.5251,0.5251,0.0
2025-04-25 15:00:00+00:00,0.5251,0.5251,0.5251,0.5251,0.0
2025-04-25 16:00:00+00:00,0.5251,0.5251,0.5251,0.5251,0.0
2025-04-25 17:00:00+00:00,0.5251,0.5251,0.5251,0.5251,0.0
2025-04-25 18:00:00+00:00,0.5251,0.5251,0.5251,0.5251,0.0
2025-04-25 19:00:00+00:00,0.5251,0.5251,0.5251,0.5251,0.0
2025-04-28 14:00:00+00:00,0.5251,0.5251,0.5251,0.5251,0.0
2025-04-28 15:00:00+00:00,0.5251,0.5251,0.5251,0.5251,0.0
2025-04-28 16:00:00+00:00,0.5251,0.5251,0.5251,0.5251,0.0
2025-04-28 17:00:00+00:00,0.5251,0.5251,0.5251,0.5251,0.0
2025-04-28 18:00:00+00:00,0.5251,0.5251,0.5251,0.5251,0.0
2025-04-28 19:00:00+00:00,0.5251,0.5251,0.5251,0.5251,0.0
2025-04-29 14:00:00+00:00,0.5251,0.6045,0.5251,0.6045,300.0
2025-04-29 15:00:00+00:00,0.6045,0.6045,0.6045,0.6045,0.0
2025-04-29 16:00:00+00:00,0.6045,0.6045,0.6045,0.6045,0.0
2025-04-29 17:00:00+00:00,0.6045,0.6045,0.6045,0.6045,0.0
2025-04-29 18:00:00+00:00,0.6045,0.6045,0.6045,0.6045,0.0
2025-04-29 19:00:00+00:00,0.6045,0.6045,0.6045,0.6045,0.0
2025-04-30 14:00:00+00:00,0.6045,0.6045,0.6045,0.6045,0.0
2025-04-30 15:00:00+00:00,0.6045,0.6045,0.6045,0.6045,0.0
2025-04-30 16:00:00+00:00,0.6045,0.6045,0.6045,0.6045,0.0
2025-04-30 17:00:00+00:00,0.6045,0.6045,0.6045,0.6045,0.0
2025-04-30 18:00:00+00:00,0.6045,0.6045,0.6045,0.6045,0.0
2025-04-30 19:00:00+00:00,0.6045,0.6045,0.6045,0.6045,0.0
2025-05-01 14:00:00+00:00,0.6045,0.6045,0.6045,0.6045,0.0
2025-05-01 15:00:00+00:00,0.6045,0.6045,0.6045,0.6045,0.0
2025-05-01 16:00:00+00:00,0.6045,0.6045,0.6045,0.6045,0.0
2025-05-01 17:00:00+00:00,0.6045,0.6045,0.6045,0.6045,0.0
2025-05-01 18:00:00+00:00,0.6045,0.6045,0.6045,0.6045,0.0
2025-05-01 19:00:00+00:00,0.6045,0.6045,0.6045,0.6045,0.0
2025-05-02 14:00:00+00:00,0.6045,0.6045,0.6045,0.6045,0.0
2025-05-02 15:00:00+00:00,0.6045,0.6045,0.6045,0.6045,0.0
2025-05-02 16:00:00+00:00,0.6045,0.6045,0.6045,0.6045,0.0
2025-05-02 17:00:00+00:00,0.6045,0.6045,0.6045,0.6045,0.0
2025-05-02 18:00:00+00:00,0.6045,0.6045,0.6045,0.6045,0.0
2025-05-02 19:00:00+00:00,0.6045,0.6045,0.6045,0.6045,0.0
2025-05-05 14:00:00+00:00,0.6045,0.6045,0.6045,0.6045,0.0
2025-05-05 15:00:00+00:00,0.6045,0.6045,0.6045,0.6045,0.0
2025-05-05 16:00:00+00:00,0.6045,0.6045,0.6045,0.6045,0.0
2025-05-05 17:00:00+00:00,0.6045,0.6045,0.6045,0.6045,0.0
2025-05-05 18:00:00+00:00,0.6045,0.6045,0.6045,0.6045,0.0
2025-05-05 19:00:00+00:00,0.6045,0.6045,0.6045,0.6045,0.0
2025-05-06 14:00:00+00:00,0.6045,0.6045,0.6045,0.6045,0.0
2025-05-06 15:00:00+00:00,0.6045,0.6045,0.6045,0.6045,0.0
2025-05-06 16:00:00+00:00,0.6045,0.6045,0.6045,0.6045,0.0
2025-05-06 17:00:00+00:00,0.6045,0.6045,0.6045,0.6045,0.0
2025-05-06 18:00:00+00:00,0.6045,0.6045,0.5469,0.5469,600.0
2025-05-06 19:00:00+00:00,0.5469,0.5469,0.5469,0.5469,0.0
2025-05-07 14:00:00+00:00,0.5469,0.5469,0.5469,0.5469,0.0
2025-05-07 15:00:00+00:00,0.5469,0.5469,0.5469,0.5469,0.0
2025-05-07 16:00:00+00:00,0.5469,0.5469,0.5469,0.5469,0.0
2025-05-07 17:00:00+00:00,0.5469,0.5469,0.5469,0.5469,0.0
2025-05-07 18:00:00+00:00,0.5469,0.5469,0.5469,0.5469,0.0
2025-05-07 19:00:00+00:00,0.5469,0.5469,0.5469,0.5469,0.0
2025-05-08 14:00:00+00:00,0.5469,0.5469,0.5469,0.5469,0.0
2025-05-08 15:00:00+00:00,0.5469,0.5469,0.5469,0.5469,0.0
2025-05-08 16:00:00+00:00,0.5469,0.5469,0.5469,0.5469,0.0
2025-05-08 17:00:00+00:00,0.5469,0.5469,0.5469,0.5469,0.0
2025-05-08 18:00:00+00:00,0.5469,0.5469,0.5469,0.5469,0.0
2025-05-08 19:00:00+00:00,0.5469,0.5469,0.5469,0.5469,0.0
2025-05-09 14:00:00+00:00,0.5469,0.5469,0.5469,0.5469,0.0
2025-05-09 15:00:00+00:00,0.5469,0.5469,0.5469,0.5469,0.0
2025-05-09 16:00:00+00:00,0.5469,0.5469,0.5469,0.5469,0.0
2025-05-09 17:00:00+00:00,0.5469,0.5469,0.5469,0.5469,0.0
2025-05-09 18:00:00+00:00,0.5469,0.8095,0.5469,0.7,500.0
2025-05-09 19:00:00+00:00,0.7,0.7,0.7,0.7,0.0
2025-05-12 14:00:00+00:00,0.7721,0.7721,0.7721,0.7721,0.0
2025-05-12 15:00:00+00:00,0.7721,0.7721,0.7721,0.7721,0.0
2025-05-12 16:00:00+00:00,0.7721,0.7721,0.7721,0.7721,0.0
2025-05-12 17:00:00+00:00,0.7721,0.7721,0.7721,0.7721,0.0
2025-05-12 18:00:00+00:00,0.7721,0.7721,0.7721,0.7721,0.0
2025-05-12 19:00:00+00:00,0.7721,0.7721,0.7721,0.7721,0.0
2025-05-13 14:00:00+00:00,0.7721,0.774,0.7721,0.774,115.0
2025-05-13 15:00:00+00:00,0.774,0.774,0.774,0.774,0.0
2025-05-13 16:00:00+00:00,0.774,0.774,0.774,0.774,0.0
2025-05-13 17:00:00+00:00,0.774,0.774,0.774,0.774,0.0
2025-05-13 18:00:00+00:00,0.774,0.774,0.759,0.759,499.0
2025-05-13 19:00:00+00:00,0.759,0.759,0.759,0.759,0.0
2025-05-14 14:00:00+00:00,0.759,0.759,0.759,0.759,0.0
2025-05-14 15:00:00+00:00,0.759,0.759,0.759,0.759,0.0
2025-05-14 16:00:00+00:00,0.759,0.759,0.759,0.759,0.0
2025-05-14 17:00:00+00:00,0.759,0.759,0.759,0.759,0.0
2025-05-14 18:00:00+00:00,0.759,0.759,0.759,0.759,0.0
2025-05-14 19:00:00+00:00,0.759,0.759,0.759,0.759,0.0
2025-05-15 14:00:00+00:00,0.759,0.759,0.759,0.759,0.0
2025-05-15 15:00:00+00:00,0.759,0.759,0.759,0.759,0.0
2025-05-15 16:00:00+00:00,0.759,0.759,0.759,0.759,0.0
2025-05-15 17:00:00+00:00,0.759,0.759,0.759,0.759,0.0
2025-05-15 18:00:00+00:00,0.759,0.759,0.759,0.759,0.0
2025-05-15 19:00:00+00:00,0.759,0.759,0.759,0.759,0.0
2025-05-16 14:00:00+00:00,0.6095,0.6375,0.6095,0.6375,400.0
2025-05-16 15:00:00+00:00,0.6375,0.6575,0.6375,0.6575,400.0
2025-05-16 16:00:00+00:00,0.6575,0.7218,0.6575,0.6913,1400.0
2025-05-16 17:00:00+00:00,0.6913,0.7381,0.6913,0.7212,1415.0
2025-05-16 18:00:00+00:00,0.7245,0.73,0.72,0.73,989.0
2025-05-16 19:00:00+00:00,0.73,0.73,0.715,0.7239,430.0
2025-05-19 14:00:00+00:00,0.715,0.7957,0.715,0.7649,2902.0
2025-05-19 15:00:00+00:00,0.7649,0.79,0.7649,0.79,1177.0
2025-05-19 16:00:00+00:00,0.79,0.79,0.7603,0.7603,429.0
2025-05-19 17:00:00+00:00,0.7603,0.7603,0.7603,0.7603,0.0
2025-05-19 18:00:00+00:00,0.7603,0.7603,0.7603,0.7603,0.0
2025-05-19 19:00:00+00:00,0.7603,0.7603,0.76,0.76,650.0
2025-05-20 14:00:00+00:00,0.76,0.9075,0.76,0.785,6217.0
2025-05-20 15:00:00+00:00,0.8275,0.8275,0.805,0.805,600.0
2025-05-20 16:00:00+00:00,0.805,0.81,0.805,0.809,572.0
2025-05-20 17:00:00+00:00,0.809,0.8462,0.78,0.78,2306.0
2025-05-20 18:00:00+00:00,0.78,0.81,0.78,0.81,400.0
2025-05-20 19:00:00+00:00,0.81,0.81,0.81,0.81,0.0
2025-05-21 14:00:00+00:00,0.745,0.82,0.745,0.82,2961.0
2025-05-21 15:00:00+00:00,0.82,0.82,0.82,0.82,0.0
2025-05-21 16:00:00+00:00,0.82,0.82,0.79,0.79,300.0
2025-05-21 17:00:00+00:00,0.79,0.79,0.79,0.79,0.0
2025-05-21 18:00:00+00:00,0.79,0.79,0.79,0.79,0.0
2025-05-21 19:00:00+00:00,0.79,0.79,0.79,0.79,0.0
2025-05-22 14:00:00+00:00,0.79,0.79,0.79,0.79,0.0
2025-05-22 15:00:00+00:00,0.79,0.79,0.7396,0.7396,400.0
2025-05-22 16:00:00+00:00,0.7396,0.7396,0.7396,0.7396,0.0
2025-05-22 17:00:00+00:00,0.7396,0.7396,0.7396,0.7396,0.0
2025-05-22 18:00:00+00:00,0.7396,0.7396,0.7396,0.7396,0.0
2025-05-22 19:00:00+00:00,0.7396,0.7396,0.7396,0.7396,0.0
2025-05-23 14:00:00+00:00,0.7396,0.7616,0.7396,0.7616,400.0
2025-05-23 15:00:00+00:00,0.7616,0.82,0.7616,0.8,210.0
2025-05-23 16:00:00+00:00,0.8,0.8275,0.8,0.804,1090.0
2025-05-23 17:00:00+00:00,0.804,0.804,0.8,0.8,600.0
2025-05-23 18:00:00+00:00,0.8,0.8,0.7805,0.7805,2.0
2025-05-23 19:00:00+00:00,0.7805,0.7805,0.7805,0.7805,0.0
2025-05-26 14:00:00+00:00,0.7805,0.7805,0.7805,0.7805,0.0
2025-05-26 15:00:00+00:00,0.7805,0.7805,0.7805,0.7805,0.0
2025-05-26 16:00:00+00:00,0.7805,0.7805,0.7805,0.7805,0.0
2025-05-26 17:00:00+00:00,0.7805,0.7805,0.7805,0.7805,0.0
2025-05-26 18:00:00+00:00,0.7805,0.7805,0.7805,0.7805,0.0
2025-05-26 19:00:00+00:00,0.7805,0.7805,0.7805,0.7805,0.0
2025-05-27 14:00:00+00:00,0.7406,0.75,0.7406,0.75,4.0
2025-05-27 15:00:00+00:00,0.75,0.75,0.75,0.75,0.0
2025-05-27 16:00:00+00:00,0.75,0.75,0.75,0.75,0.0
2025-05-27 17:00:00+00:00,0.75,0.75,0.75,0.75,0.0
2025-05-27 18:00:00+00:00,0.75,0.75,0.75,0.75,0.0
2025-05-27 19:00:00+00:00,0.75,0.75,0.75,0.75,0.0
2025-05-28 14:00:00+00:00,0.75,0.75,0.75,0.75,0.0
2025-05-28 15:00:00+00:00,0.75,0.8,0.75,0.79,500.0
2025-05-28 16:00:00+00:00,0.79,0.82,0.79,0.82,2500.0
2025-05-28 17:00:00+00:00,0.82,0.82,0.79,0.8095,500.0
2025-05-28 18:00:00+00:00,0.8095,0.86,0.8095,0.8259,5700.0
2025-05-28 19:00:00+00:00,0.8259,0.8259,0.82,0.82,89.0
2025-05-29 14:00:00+00:00,0.806,0.806,0.806,0.806,340.0
2025-05-29 15:00:00+00:00,0.806,0.81,0.806,0.81,600.0
2025-05-29 16:00:00+00:00,0.81,0.81,0.81,0.81,0.0
2025-05-29 17:00:00+00:00,0.81,0.81,0.81,0.81,0.0
2025-05-29 18:00:00+00:00,0.81,0.81,0.81,0.81,0.0
2025-05-29 19:00:00+00:00,0.81,0.81,0.81,0.81,0.0
2025-05-30 14:00:00+00:00,0.81,0.81,0.81,0.81,0.0
2025-05-30 15:00:00+00:00,0.81,0.81,0.81,0.81,0.0
2025-05-30 16:00:00+00:00,0.81,0.81,0.81,0.81,0.0
2025-05-30 17:00:00+00:00,0.81,0.81,0.81,0.81,0.0
2025-05-30 18:00:00+00:00,0.81,0.81,0.81,0.81,0.0
2025-05-30 19:00:00+00:00,0.81,0.81,0.81,0.81,0.0
2025-06-02 14:00:00+00:00,0.81,0.81,0.81,0.81,0.0
2025-06-02 15:00:00+00:00,0.81,0.81,0.81,0.81,0.0
2025-06-02 16:00:00+00:00,0.81,0.81,0.81,0.81,0.0
2025-06-02 17:00:00+00:00,0.81,0.81,0.81,0.81,0.0
2025-06-02 18:00:00+00:00,0.81,0.81,0.81,0.81,0.0
2025-06-02 19:00:00+00:00,0.81,0.81,0.764,0.764,150.0
2025-06-03 14:00:00+00:00,0.75,0.835,0.75,0.8137,4947.0
2025-06-03 15:00:00+00:00,0.8137,0.84,0.8114,0.8255,2567.0
2025-06-03 16:00:00+00:00,0.8255,0.8255,0.819,0.82,1229.0
2025-06-03 17:00:00+00:00,0.82,0.82,0.805,0.805,400.0
2025-06-03 18:00:00+00:00,0.805,0.805,0.805,0.805,0.0
2025-06-03 19:00:00+00:00,0.805,0.805,0.8001,0.8001,87.0
2025-06-04 14:00:00+00:00,0.8001,0.845,0.8,0.82,1980.0
2025-06-04 15:00:00+00:00,0.82,0.82,0.805,0.805,99.0
2025-06-04 16:00:00+00:00,0.805,0.805,0.805,0.805,0.0
2025-06-04 17:00:00+00:00,0.805,0.805,0.805,0.805,0.0
2025-06-04 18:00:00+00:00,0.805,0.805,0.805,0.805,0.0
2025-06-04 19:00:00+00:00,0.805,0.805,0.805,0.805,0.0
2025-06-05 14:00:00+00:00,0.8205,0.8325,0.8205,0.8248,1576.0
2025-06-05 15:00:00+00:00,0.8333,0.8333,0.82,0.82,195.0
2025-06-05 16:00:00+00:00,0.82,0.8301,0.82,0.8301,1610.0
2025-06-05 17:00:00+00:00,0.8301,0.8479,0.82,0.82,1709.0
2025-06-05 18:00:00+00:00,0.82,0.83,0.82,0.827,469.0
2025-06-05 19:00:00+00:00,0.827,0.827,0.8025,0.8025,600.0
2025-06-06 14:00:00+00:00,0.8025,0.8025,0.778,0.778,500.0
2025-06-06 15:00:00+00:00,0.778,0.809,0.778,0.809,100.0
2025-06-06 16:00:00+00:00,0.809,0.809,0.809,0.809,0.0
2025-06-06 17:00:00+00:00,0.809,0.809,0.809,0.809,0.0
2025-06-06 18:00:00+00:00,0.809,0.809,0.809,0.809,0.0
2025-06-06 19:00:00+00:00,0.809,0.859,0.8075,0.859,8803.0
2025-06-09 14:00:00+00:00,0.9123,0.9123,0.8825,0.902,963.0
2025-06-09 15:00:00+00:00,0.902,0.936,0.895,0.915,4110.0
2025-06-09 16:00:00+00:00,0.9228,0.931,0.909,0.915,400.0
2025-06-09 17:00:00+00:00,0.915,0.915,0.915,0.915,0.0
2025-06-09 18:00:00+00:00,0.915,0.92,0.915,0.92,500.0
2025-06-09 19:00:00+00:00,0.92,0.92,0.88,0.9118,1288.0
2025-06-10 14:00:00+00:00,0.9118,0.9118,0.9118,0.9118,0.0
2025-06-10 15:00:00+00:00,0.9118,0.9118,0.91,0.91,1000.0
2025-06-10 16:00:00+00:00,0.91,0.915,0.901,0.915,100.0
2025-06-10 17:00:00+00:00,0.915,0.915,0.915,0.915,0.0
2025-06-10 18:00:00+00:00,0.915,0.915,0.908,0.913,1200.0
2025-06-10 19:00:00+00:00,0.913,0.913,0.905,0.905,100.0
2025-06-11 14:00:00+00:00,0.905,0.9447,0.8702,0.9172,3742.0
2025-06-11 15:00:00+00:00,0.9172,0.9172,0.885,0.885,400.0
2025-06-11 16:00:00+00:00,0.885,0.9011,0.885,0.9011,500.0
2025-06-11 17:00:00+00:00,0.9011,0.9011,0.888,0.888,727.0
2025-06-11 18:00:00+00:00,0.888,0.888,0.8602,0.8602,10.0
2025-06-11 19:00:00+00:00,0.8602,0.8755,0.8602,0.8755,25.0
2025-06-12 14:00:00+00:00,0.8755,0.8755,0.83,0.848,221.0
2025-06-12 15:00:00+00:00,0.848,0.848,0.848,0.848,0.0
2025-06-12 16:00:00+00:00,0.848,0.848,0.848,0.848,0.0
2025-06-12 17:00:00+00:00,0.848,0.848,0.848,0.848,0.0
2025-06-12 18:00:00+00:00,0.848,0.848,0.82,0.82,1.0
2025-06-12 19:00:00+00:00,0.82,0.82,0.82,0.82,0.0
2025-06-13 14:00:00+00:00,0.82,0.82,0.785,0.785,100.0
2025-06-13 15:00:00+00:00,0.785,0.785,0.785,0.785,0.0
2025-06-13 16:00:00+00:00,0.785,0.785,0.785,0.785,0.0
2025-06-13 17:00:00+00:00,0.785,0.785,0.785,0.785,0.0
2025-06-13 18:00:00+00:00,0.785,0.785,0.785,0.785,0.0
2025-06-13 19:00:00+00:00,0.785,0.785,0.785,0.785,0.0
2025-06-16 14:00:00+00:00,0.785,0.8125,0.785,0.8125,400.0
2025-06-16 15:00:00+00:00,0.8125,0.8125,0.8125,0.8125,0.0
2025-06-16 16:00:00+00:00,0.8125,0.8125,0.8125,0.8125,0.0
2025-06-16 17:00:00+00:00,0.8125,0.8125,0.8125,0.8125,0.0
2025-06-16 18:00:00+00:00,0.8125,0.8125,0.762,0.762,100.0
2025-06-16 19:00:00+00:00,0.762,0.762,0.762,0.762,0.0
2025-06-17 14:00:00+00:00,0.864,0.864,0.864,0.864,0.0
2025-06-17 15:00:00+00:00,0.864,0.864,0.8205,0.8205,300.0
2025-06-17 16:00:00+00:00,0.8205,0.8205,0.8205,0.8205,0.0
2025-06-17 17:00:00+00:00,0.8205,0.8205,0.8205,0.8205,0.0
2025-06-17 18:00:00+00:00,0.8205,0.8205,0.8179,0.8179,188.0
2025-06-17 19:00:00+00:00,0.8179,0.8206,0.8179,0.8206,0.0
2025-06-18 14:00:00+00:00,0.798,0.798,0.7692,0.77,550.0
2025-06-18 15:00:00+00:00,0.77,0.77,0.77,0.77,0.0
2025-06-18 16:00:00+00:00,0.77,0.77,0.77,0.77,0.0
2025-06-18 17:00:00+00:00,0.77,0.77,0.77,0.77,0.0
2025-06-18 18:00:00+00:00,0.77,0.7753,0.77,0.7753,36.0
2025-06-18 19:00:00+00:00,0.7753,0.7753,0.7753,0.7753,0.0
2025-06-19 14:00:00+00:00,0.7753,0.7753,0.7753,0.7753,0.0
2025-06-19 15:00:00+00:00,0.7753,0.7753,0.7753,0.7753,0.0
2025-06-19 16:00:00+00:00,0.7753,0.7753,0.7753,0.7753,0.0
2025-06-19 17:00:00+00:00,0.7753,0.7753,0.7753,0.7753,0.0
2025-06-19 18:00:00+00:00,0.7753,0.7753,0.7753,0.7753,0.0
2025-06-19 19:00:00+00:00,0.7753,0.7753,0.7753,0.7753,0.0
2025-06-20 14:00:00+00:00,0.819,0.89,0.819,0.87,8820.0
2025-06-20 15:00:00+00:00,0.87,0.8796,0.81,0.81,2708.0
2025-06-20 16:00:00+00:00,0.81,0.8645,0.81,0.8568,129.0
2025-06-20 17:00:00+00:00,0.8568,0.8568,0.845,0.845,888.0
2025-06-20 18:00:00+00:00,0.845,0.845,0.842,0.842,500.0
2025-06-20 19:00:00+00:00,0.842,0.855,0.842,0.855,400.0
2025-06-23 14:00:00+00:00,0.8101,0.8101,0.81,0.81,1.0
2025-06-23 15:00:00+00:00,0.81,0.81,0.81,0.81,0.0
2025-06-23 16:00:00+00:00,0.81,0.81,0.81,0.81,0.0
2025-06-23 17:00:00+00:00,0.81,0.81,0.81,0.81,0.0
2025-06-23 18:00:00+00:00,0.81,0.8103,0.81,0.8103,0.0
2025-06-23 19:00:00+00:00,0.8103,0.8103,0.8029,0.8103,0.0
2025-06-24 14:00:00+00:00,0.839,0.89,0.839,0.85,2321.0
2025-06-24 15:00:00+00:00,0.85,0.85,0.85,0.85,0.0
2025-06-24 16:00:00+00:00,0.85,0.85,0.85,0.85,0.0
2025-06-24 17:00:00+00:00,0.85,0.85,0.85,0.85,0.0
2025-06-24 18:00:00+00:00,0.85,0.85,0.823,0.823,1235.0
2025-06-24 19:00:00+00:00,0.823,0.823,0.8229,0.8229,100.0
2025-06-25 14:00:00+00:00,0.849,0.849,0.849,0.849,0.0
2025-06-25 15:00:00+00:00,0.849,0.849,0.849,0.849,0.0
2025-06-25 16:00:00+00:00,0.849,0.849,0.849,0.849,0.0
2025-06-25 17:00:00+00:00,0.849,0.85,0.8205,0.85,3108.0
2025-06-25 18:00:00+00:00,0.85,0.8534,0.835,0.835,573.0
2025-06-25 19:00:00+00:00,0.835,0.835,0.82,0.82,90.0
2025-06-26 14:00:00+00:00,0.82,0.82,0.82,0.82,0.0
2025-06-26 15:00:00+00:00,0.82,0.82,0.82,0.82,0.0
2025-06-26 16:00:00+00:00,0.82,0.82,0.795,0.8046,470.0
2025-06-26 17:00:00+00:00,0.8046,0.8046,0.8046,0.8046,0.0
2025-06-26 18:00:00+00:00,0.8046,0.8046,0.8046,0.8046,0.0
2025-06-26 19:00:00+00:00,0.8046,0.8046,0.8046,0.8046,0.0
2025-06-27 14:00:00+00:00,0.8046,0.8046,0.78,0.78,100.0
2025-06-27 15:00:00+00:00,0.78,0.795,0.78,0.795,600.0
2025-06-27 16:00:00+00:00,0.795,0.795,0.795,0.795,0.0
2025-06-27 17:00:00+00:00,0.795,0.795,0.795,0.795,0.0
2025-06-27 18:00:00+00:00,0.795,0.795,0.795,0.795,0.0
2025-06-27 19:00:00+00:00,0.795,0.795,0.795,0.795,0.0
2025-06-30 14:00:00+00:00,0.795,0.795,0.795,0.795,0.0
2025-06-30 15:00:00+00:00,0.795,0.795,0.795,0.795,0.0
2025-06-30 16:00:00+00:00,0.795,0.8,0.79,0.8,660.0
2025-06-30 17:00:00+00:00,0.81,0.81,0.81,0.81,160.0
2025-06-30 18:00:00+00:00,0.81,0.81,0.81,0.81,0.0
2025-06-30 19:00:00+00:00,0.81,0.81,0.81,0.81,0.0
2025-07-01 14:00:00+00:00,0.81,0.81,0.81,0.81,0.0
2025-07-01 15:00:00+00:00,0.81,0.81,0.81,0.81,0.0
2025-07-01 16:00:00+00:00,0.81,0.81,0.81,0.81,0.0
2025-07-01 17:00:00+00:00,0.81,0.81,0.81,0.81,0.0
2025-07-01 18:00:00+00:00,0.81,0.81,0.81,0.81,0.0
2025-07-01 19:00:00+00:00,0.81,0.81,0.81,0.81,0.0
2025-07-02 14:00:00+00:00,0.7751,0.7751,0.7751,0.7751,0.0
2025-07-02 15:00:00+00:00,0.7751,0.7751,0.7751,0.7751,0.0
2025-07-02 16:00:00+00:00,0.7751,0.7751,0.7751,0.7751,0.0
2025-07-02 17:00:00+00:00,0.7751,0.7751,0.7751,0.7751,0.0
2025-07-02 18:00:00+00:00,0.7751,0.776,0.7693,0.776,500.0
2025-07-02 19:00:00+00:00,0.776,0.776,0.776,0.776,0.0
2025-07-03 14:00:00+00:00,0.776,0.776,0.776,0.776,0.0
2025-07-03 15:00:00+00:00,0.776,0.776,0.776,0.776,0.0
2025-07-03 16:00:00+00:00,0.776,0.776,0.776,0.776,0.0
2025-07-03 17:00:00+00:00,0.776,0.776,0.776,0.776,0.0
2025-07-03 18:00:00+00:00,0.776,0.776,0.776,0.776,0.0
2025-07-03 19:00:00+00:00,0.776,0.776,0.776,0.776,0.0
2025-07-04 14:00:00+00:00,0.776,0.776,0.776,0.776,0.0
2025-07-04 15:00:00+00:00,0.776,0.776,0.776,0.776,0.0
2025-07-04 16:00:00+00:00,0.776,0.776,0.776,0.776,0.0
2025-07-04 17:00:00+00:00,0.776,0.776,0.776,0.776,0.0
2025-07-04 18:00:00+00:00,0.776,0.776,0.776,0.776,0.0
2025-07-04 19:00:00+00:00,0.776,0.776,0.776,0.776,0.0
2025-07-07 14:00:00+00:00,0.776,0.776,0.776,0.776,0.0
2025-07-07 15:00:00+00:00,0.776,0.776,0.776,0.776,0.0
2025-07-07 16:00:00+00:00,0.776,0.779,0.776,0.779,125.0
2025-07-07 17:00:00+00:00,0.779,0.779,0.779,0.779,0.0
2025-07-07 18:00:00+00:00,0.779,0.779,0.779,0.779,0.0
2025-07-07 19:00:00+00:00,0.779,0.779,0.779,0.779,0.0
2025-07-08 14:00:00+00:00,0.779,0.779,0.779,0.779,0.0
2025-07-08 15:00:00+00:00,0.779,0.779,0.779,0.779,0.0
2025-07-08 16:00:00+00:00,0.779,0.779,0.779,0.779,0.0
2025-07-08 17:00:00+00:00,0.779,0.779,0.779,0.779,0.0
2025-07-08 18:00:00+00:00,0.779,0.779,0.779,0.779,0.0
2025-07-08 19:00:00+00:00,0.779,0.779,0.779,0.779,0.0
2025-07-09 14:00:00+00:00,0.779,0.779,0.779,0.779,0.0
2025-07-09 15:00:00+00:00,0.779,0.779,0.779,0.779,0.0
2025-07-09 16:00:00+00:00,0.779,0.779,0.779,0.779,0.0
2025-07-09 17:00:00+00:00,0.779,0.779,0.779,0.779,0.0
2025-07-09 18:00:00+00:00,0.779,0.779,0.779,0.779,0.0
2025-07-09 19:00:00+00:00,0.779,0.779,0.779,0.779,0.0
2025-07-10 14:00:00+00:00,0.779,0.779,0.779,0.779,0.0
2025-07-10 15:00:00+00:00,0.779,0.779,0.779,0.779,0.0
2025-07-10 16:00:00+00:00,0.779,0.779,0.779,0.779,0.0
2025-07-10 17:00:00+00:00,0.779,0.779,0.76,0.76,102.0
2025-07-10 18:00:00+00:00,0.76,0.7757,0.76,0.7757,27.0
2025-07-10 19:00:00+00:00,0.7757,0.7757,0.7757,0.7757,0.0
2025-07-11 14:00:00+00:00,0.7757,0.7757,0.7757,0.7757,0.0
2025-07-11 15:00:00+00:00,0.7757,0.7757,0.7757,0.7757,0.0
2025-07-11 16:00:00+00:00,0.7757,0.7888,0.7757,0.7886,358.0
