date,Open,High,Low,Close,Volume
2024-01-16 17:00:00+00:00,12.805,13.01,12.795,12.9,1493.0
2024-01-17 17:00:00+00:00,13.155,13.305,13.07,13.1,535.0
2024-01-18 17:00:00+00:00,13.145,13.29,12.945,12.95,5201.0
2024-01-19 17:00:00+00:00,13.06,13.11,12.65,12.68,2606.0
2024-01-22 17:00:00+00:00,12.265,12.42,12.16,12.17,1500.0
2024-01-23 17:00:00+00:00,12.295,12.37,12.16,12.265,1614.0
2024-01-24 17:00:00+00:00,12.185,12.49,12.175,12.46,3787.0
2024-01-25 17:00:00+00:00,12.32,12.46,12.27,12.28,5719.0
2024-01-26 17:00:00+00:00,12.175,12.34,12.165,12.265,3054.0
2024-01-29 17:00:00+00:00,12.17,12.2,11.85,11.85,1004.0
2024-01-30 17:00:00+00:00,11.995,12.12,11.99,12.05,1416.0
2024-01-31 17:00:00+00:00,12.225,12.655,11.905,12.645,8735.0
2024-02-01 17:00:00+00:00,12.63,12.64,12.275,12.285,2411.0
2024-02-02 17:00:00+00:00,12.505,12.64,12.305,12.435,2634.0
2024-02-05 17:00:00+00:00,12.895,12.9,12.615,12.775,8315.0
2024-02-06 17:00:00+00:00,12.635,12.71,12.55,12.55,1115.0
2024-02-07 17:00:00+00:00,12.64,12.685,12.485,12.59,4640.0
2024-02-08 17:00:00+00:00,12.375,12.415,12.21,12.235,1045.0
2024-02-09 17:00:00+00:00,12.08,12.09,11.82,11.845,2520.0
2024-02-12 17:00:00+00:00,11.405,11.52,11.35,11.42,6414.0
2024-02-13 17:00:00+00:00,12.1,12.54,12.095,12.36,5555.0
2024-02-14 17:00:00+00:00,12.055,12.14,11.715,11.79,1478.0
2024-02-15 17:00:00+00:00,11.465,11.47,11.15,11.2,1861.0
2024-02-16 17:00:00+00:00,11.345,11.5,11.26,11.49,1255.0
2024-02-19 17:00:00+00:00,11.49,11.49,11.49,11.49,0.0
2024-02-20 17:00:00+00:00,11.825,11.91,11.81,11.81,11588.0
2024-02-21 17:00:00+00:00,11.975,12.11,11.91,11.93,1267.0
2024-02-22 17:00:00+00:00,11.79,11.82,11.685,11.74,16714.0
2024-02-23 17:00:00+00:00,11.715,11.72,11.56,11.7,2893.0
2024-02-26 17:00:00+00:00,11.54,11.69,11.5,11.55,22719.0
2024-02-27 17:00:00+00:00,11.24,11.345,11.22,11.245,6799.0
2024-02-28 17:00:00+00:00,11.295,11.455,11.275,11.415,900.0
2024-02-29 17:00:00+00:00,11.315,11.375,11.215,11.29,1900.0
2024-03-01 17:00:00+00:00,11.06,11.09,11.01,11.045,9336.0
2024-03-04 17:00:00+00:00,10.91,11.095,10.905,11.07,14057.0
2024-03-05 17:00:00+00:00,11.185,11.36,11.125,11.275,6872.0
2024-03-06 17:00:00+00:00,11.11,11.21,11.03,11.12,3359.0
2024-03-07 17:00:00+00:00,10.95,10.995,10.9,10.95,6228.0
2024-03-08 17:00:00+00:00,10.9,11.07,10.835,10.975,1823.0
2024-03-11 17:00:00+00:00,11.08,11.185,11.055,11.14,1401.0
2024-03-12 17:00:00+00:00,11.26,11.325,11.14,11.165,1670.0
2024-03-13 17:00:00+00:00,11.04,11.19,10.995,11.085,1001.0
2024-03-14 17:00:00+00:00,11.505,11.695,11.47,11.51,3018.0
2024-03-15 17:00:00+00:00,11.56,11.565,11.415,11.465,372.0
2024-03-18 17:00:00+00:00,11.54,11.63,11.455,11.6,295.0
2024-03-19 17:00:00+00:00,11.47,11.545,11.42,11.495,2405.0
2024-03-20 17:00:00+00:00,11.405,11.45,10.87,10.97,13958.0
2024-03-21 17:00:00+00:00,10.68,10.74,10.645,10.725,2890.0
2024-03-22 17:00:00+00:00,10.94,11.015,10.91,11.01,3658.0
2024-03-25 17:00:00+00:00,10.88,10.985,10.87,10.985,502.0
2024-03-26 17:00:00+00:00,10.96,11.045,10.885,11.02,8900.0
2024-03-27 17:00:00+00:00,10.68,10.73,10.55,10.555,19123.0
2024-03-28 17:00:00+00:00,10.44,10.51,10.42,10.49,1462.0
2024-03-29 17:00:00+00:00,10.49,10.49,10.49,10.49,0.0
2024-04-01 17:00:00+00:00,10.69,10.73,10.655,10.7,3375.0
2024-04-02 17:00:00+00:00,11.13,11.2,11.07,11.085,601.0
2024-04-03 17:00:00+00:00,10.93,11.01,10.895,10.955,1407.0
2024-04-04 17:00:00+00:00,10.74,11.24,10.74,11.18,3192.0
2024-04-05 17:00:00+00:00,10.98,11.135,10.98,11.105,59294.0
2024-04-08 17:00:00+00:00,10.945,11.005,10.93,10.985,405.0
2024-04-09 17:00:00+00:00,10.985,11.055,10.895,10.91,606.0
2024-04-10 17:00:00+00:00,11.47,11.635,11.455,11.485,32309.0
2024-04-11 17:00:00+00:00,11.405,11.435,11.27,11.335,19459.0
2024-04-12 17:00:00+00:00,11.7,11.865,11.67,11.75,6610.0
2024-04-15 17:00:00+00:00,11.965,12.195,11.935,12.095,16512.0
2024-04-16 17:00:00+00:00,12.15,12.33,12.05,12.185,5058.0
2024-04-17 17:00:00+00:00,12.41,12.45,12.18,12.44,1900.0
2024-04-18 17:00:00+00:00,12.34,12.575,12.32,12.495,7613.0
2024-04-19 17:00:00+00:00,12.49,12.69,12.405,12.455,1857.0
2024-04-22 17:00:00+00:00,12.25,12.27,12.05,12.19,7710.0
2024-04-23 17:00:00+00:00,11.78,11.82,11.68,11.775,900.0
2024-04-24 17:00:00+00:00,11.96,11.975,11.84,11.88,445.0
2024-04-25 17:00:00+00:00,12.13,12.19,11.995,12.04,3150.0
2024-04-26 17:00:00+00:00,11.765,11.83,11.75,11.815,4707.0
2024-04-29 17:00:00+00:00,11.63,11.76,11.59,11.645,2446.0
2024-04-30 17:00:00+00:00,12.01,12.13,11.935,12.125,2413.0
2024-05-01 17:00:00+00:00,12.15,12.185,11.565,12.07,6777.0
2024-05-02 17:00:00+00:00,11.775,11.775,11.61,11.625,27626.0
2024-05-03 17:00:00+00:00,11.41,11.475,11.365,11.41,9100.0
2024-05-06 17:00:00+00:00,11.125,11.165,11.095,11.12,9965.0
2024-05-07 17:00:00+00:00,10.98,11.085,10.97,11.085,59158.0
2024-05-08 17:00:00+00:00,11.27,11.305,11.185,11.205,46029.0
2024-05-09 17:00:00+00:00,11.095,11.11,10.975,10.99,22360.0
2024-05-10 17:00:00+00:00,11.175,11.225,11.145,11.165,7443.0
2024-05-13 17:00:00+00:00,11.055,11.13,11.055,11.12,2767.0
2024-05-14 17:00:00+00:00,10.955,10.995,10.84,10.865,5193.0
2024-05-15 17:00:00+00:00,10.645,10.71,10.625,10.63,3527.0
2024-05-16 17:00:00+00:00,10.715,10.785,10.705,10.785,7218.0
2024-05-17 17:00:00+00:00,10.775,10.845,10.77,10.77,5921.0
2024-05-20 17:00:00+00:00,10.65,10.74,10.645,10.72,5022.0
2024-05-21 17:00:00+00:00,10.765,10.795,10.75,10.76,2560.0
2024-05-22 17:00:00+00:00,10.795,11.025,10.78,10.94,13478.0
2024-05-23 17:00:00+00:00,11.145,11.4,11.135,11.31,7911.0
2024-05-24 17:00:00+00:00,11.095,11.165,11.065,11.075,3525.0
2024-05-27 17:00:00+00:00,11.075,11.075,11.075,11.075,0.0
2024-05-28 17:00:00+00:00,11.03,11.23,11.025,11.1,16511.0
2024-05-29 17:00:00+00:00,11.385,11.46,11.375,11.43,2633.0
2024-05-30 17:00:00+00:00,11.145,11.315,11.13,11.235,4633.0
2024-05-31 17:00:00+00:00,11.27,11.275,11.06,11.065,2492.0
2024-06-03 17:00:00+00:00,11.255,11.34,11.17,11.17,1929.0
2024-06-04 17:00:00+00:00,11.455,11.505,11.375,11.475,5310.0
2024-06-05 17:00:00+00:00,11.205,11.22,11.125,11.125,4688.0
2024-06-06 17:00:00+00:00,11.32,11.35,11.23,11.285,4567.0
2024-06-07 17:00:00+00:00,11.475,11.62,11.47,11.56,3420.0
2024-06-10 17:00:00+00:00,11.56,11.59,11.47,11.49,4300.0
2024-06-11 17:00:00+00:00,11.67,11.715,11.535,11.575,1144.0
2024-06-12 17:00:00+00:00,10.985,11.3,10.95,11.215,4154.0
2024-06-13 17:00:00+00:00,11.495,11.505,11.395,11.425,4661.0
2024-06-14 17:00:00+00:00,11.825,11.875,11.77,11.795,2759.0
2024-06-17 17:00:00+00:00,11.76,11.76,11.55,11.6,1481.0
2024-06-18 17:00:00+00:00,11.53,11.6,11.505,11.565,1800.0
2024-06-19 17:00:00+00:00,11.565,11.565,11.565,11.565,0.0
2024-06-20 17:00:00+00:00,11.64,11.755,11.605,11.685,2700.0
2024-06-21 17:00:00+00:00,11.685,11.755,11.63,11.645,1293.0
2024-06-24 17:00:00+00:00,11.515,11.57,11.42,11.535,3174.0
2024-06-25 17:00:00+00:00,11.685,11.7,11.6,11.63,5115.0
2024-06-26 17:00:00+00:00,11.575,11.63,11.525,11.54,3846.0
2024-06-27 17:00:00+00:00,11.455,11.465,11.31,11.32,5771.0
2024-06-28 17:00:00+00:00,11.285,11.41,11.225,11.23,2210.0
2024-07-01 17:00:00+00:00,11.445,11.46,11.385,11.42,964.0
2024-07-02 17:00:00+00:00,11.46,11.465,11.345,11.36,1495.0
2024-07-03 17:00:00+00:00,11.37,11.37,11.37,11.37,0.0
2024-07-04 17:00:00+00:00,11.37,11.37,11.37,11.37,0.0
2024-07-05 17:00:00+00:00,11.51,11.55,11.445,11.49,860.0
2024-07-08 17:00:00+00:00,11.315,11.39,11.305,11.335,800.0
2024-07-09 17:00:00+00:00,11.375,11.46,11.315,11.435,1600.0
2024-07-10 17:00:00+00:00,11.305,11.34,11.195,11.215,3226.0
2024-07-11 17:00:00+00:00,10.48,10.52,10.36,10.415,20745.0
2024-07-12 17:00:00+00:00,10.165,10.2,10.11,10.18,3421.0
2024-07-15 17:00:00+00:00,9.855,9.91,9.7,9.81,8116.0
2024-07-16 17:00:00+00:00,9.345,9.35,9.115,9.14,5649.0
2024-07-17 17:00:00+00:00,9.31,9.38,9.235,9.325,2000.0
2024-07-18 17:00:00+00:00,9.43,9.77,9.425,9.685,18714.0
2024-07-19 17:00:00+00:00,9.77,9.845,9.745,9.8,15013.0
2024-07-22 17:00:00+00:00,9.675,9.68,9.455,9.49,9022.0
2024-07-23 17:00:00+00:00,9.35,9.36,9.195,9.29,2070.0
2024-07-24 17:00:00+00:00,9.405,9.705,9.375,9.695,3110.0
2024-07-25 17:00:00+00:00,9.205,9.465,9.145,9.455,3401.0
2024-07-26 17:00:00+00:00,9.19,9.285,9.115,9.155,4038.0
2024-07-29 17:00:00+00:00,9.365,9.43,9.3,9.355,787.0
2024-07-30 17:00:00+00:00,9.385,9.415,9.225,9.295,6970.0
2024-07-31 17:00:00+00:00,9.105,9.21,8.79,9.175,3363.0
2024-08-01 17:00:00+00:00,9.77,9.905,9.72,9.775,26927.0
2024-08-02 17:00:00+00:00,10.435,10.575,10.42,10.475,12861.0
2024-08-05 17:00:00+00:00,11.15,11.295,11.055,11.16,35304.0
2024-08-06 17:00:00+00:00,10.825,10.93,10.62,10.915,65206.0
2024-08-07 17:00:00+00:00,10.945,11.235,10.925,11.185,13833.0
2024-08-08 17:00:00+00:00,10.825,10.895,10.645,10.665,8000.0
2024-08-09 17:00:00+00:00,10.75,10.775,10.645,10.715,6347.0
2024-08-12 17:00:00+00:00,10.955,10.985,10.865,10.9,12000.0
2024-08-13 17:00:00+00:00,10.595,10.695,10.51,10.555,4204.0
2024-08-14 17:00:00+00:00,10.725,10.775,10.655,10.685,3014.0
2024-08-15 17:00:00+00:00,10.075,10.195,10.03,10.135,8248.0
2024-08-16 17:00:00+00:00,10.07,10.135,10.055,10.095,4224.0
2024-08-19 17:00:00+00:00,9.955,9.965,9.855,9.855,10642.0
2024-08-20 17:00:00+00:00,10.125,10.145,10.035,10.085,423.0
2024-08-21 17:00:00+00:00,9.935,9.95,9.815,9.825,700.0
2024-08-22 17:00:00+00:00,9.955,10.045,9.905,10.005,3449.0
2024-08-23 17:00:00+00:00,9.43,9.465,9.38,9.385,18328.0
2024-08-26 17:00:00+00:00,9.295,9.41,9.265,9.385,6880.0
2024-08-27 17:00:00+00:00,9.57,9.58,9.48,9.525,990.0
2024-08-28 17:00:00+00:00,9.635,9.75,9.6,9.655,908.0
2024-08-29 17:00:00+00:00,9.385,9.54,9.335,9.53,4714.0
2024-08-30 17:00:00+00:00,9.59,9.625,9.405,9.43,3600.0
2024-09-02 17:00:00+00:00,9.43,9.43,9.43,9.43,0.0
2024-09-03 17:00:00+00:00,9.94,10.045,9.895,9.995,13300.0
2024-09-04 17:00:00+00:00,9.955,10.115,9.95,10.04,1510.0
2024-09-05 17:00:00+00:00,10.155,10.21,10.07,10.155,3614.0
2024-09-06 17:00:00+00:00,10.535,10.61,10.43,10.545,7332.0
2024-09-09 17:00:00+00:00,10.325,10.51,10.315,10.49,8070.0
2024-09-10 17:00:00+00:00,10.725,10.73,10.5,10.515,9633.0
2024-09-11 17:00:00+00:00,10.615,10.62,10.425,10.46,3401.0
2024-09-12 17:00:00+00:00,10.205,10.26,10.08,10.195,10612.0
2024-09-13 17:00:00+00:00,9.71,9.82,9.68,9.695,18304.0
2024-09-16 17:00:00+00:00,9.65,9.675,9.615,9.635,2644.0
2024-09-17 17:00:00+00:00,9.535,9.565,9.44,9.495,29209.0
2024-09-18 17:00:00+00:00,9.525,9.545,9.01,9.485,70987.0
2024-09-19 17:00:00+00:00,9.095,9.175,9.075,9.1,16173.0
2024-09-20 17:00:00+00:00,9.225,9.31,9.185,9.295,3100.0
2024-09-23 17:00:00+00:00,9.375,9.395,9.335,9.375,6377.0
2024-09-24 17:00:00+00:00,9.355,9.36,9.305,9.35,3970.0
2024-09-25 17:00:00+00:00,9.345,9.415,9.325,9.395,17114.0
2024-09-26 17:00:00+00:00,9.265,9.315,9.23,9.305,22374.0
2024-09-27 17:00:00+00:00,9.135,9.255,9.115,9.19,31377.0
2024-09-30 17:00:00+00:00,9.135,9.335,9.115,9.145,51475.0
2024-10-01 17:00:00+00:00,9.395,9.505,9.325,9.405,41802.0
2024-10-02 17:00:00+00:00,9.445,9.475,9.385,9.425,40454.0
2024-10-03 17:00:00+00:00,9.595,9.645,9.545,9.555,28214.0
2024-10-04 17:00:00+00:00,9.285,9.375,9.275,9.295,10305.0
2024-10-07 17:00:00+00:00,9.415,9.575,9.405,9.445,34278.0
2024-10-08 17:00:00+00:00,9.4,9.455,9.39,9.435,17224.0
2024-10-09 17:00:00+00:00,9.345,9.43,9.325,9.39,26521.0
2024-10-10 17:00:00+00:00,9.565,9.605,9.505,9.51,34172.0
2024-10-11 17:00:00+00:00,9.205,9.225,9.105,9.125,20408.0
2024-10-14 17:00:00+00:00,9.02,9.055,8.985,8.995,23351.0
2024-10-15 17:00:00+00:00,8.835,8.985,8.815,8.985,28127.0
2024-10-16 17:00:00+00:00,8.705,8.735,8.665,8.695,13192.0
2024-10-17 17:00:00+00:00,8.75,8.785,8.735,8.745,12114.0
2024-10-18 17:00:00+00:00,8.775,8.8,8.735,8.785,3421.0
2024-10-21 17:00:00+00:00,9.045,9.09,9.025,9.065,14821.0
2024-10-22 17:00:00+00:00,9.15,9.155,9.105,9.135,20143.0
2024-10-23 17:00:00+00:00,9.325,9.46,9.285,9.3,24712.0
2024-10-24 17:00:00+00:00,9.315,9.325,9.245,9.265,21326.0
2024-10-25 17:00:00+00:00,9.255,9.38,9.245,9.345,22398.0
2024-10-28 17:00:00+00:00,9.045,9.075,9.02,9.045,11717.0
2024-10-29 17:00:00+00:00,9.165,9.17,9.095,9.105,24624.0
2024-10-30 17:00:00+00:00,9.035,9.14,8.995,9.135,28398.0
2024-10-31 17:00:00+00:00,9.315,9.45,9.255,9.445,18244.0
2024-11-01 17:00:00+00:00,9.355,9.395,9.315,9.345,30357.0
2024-11-04 17:00:00+00:00,9.245,9.275,9.145,9.255,35425.0
2024-11-05 17:00:00+00:00,9.055,9.085,8.91,8.91,42664.0
2024-11-06 17:00:00+00:00,8.025,8.055,7.855,7.88,34769.0
2024-11-07 17:00:00+00:00,39.465,39.95,39.195,39.695,552.0
2024-11-08 17:00:00+00:00,39.695,39.695,39.695,39.695,0.0
2024-11-11 17:00:00+00:00,37.825,38.39,37.76,38.0,473.0
2024-11-12 17:00:00+00:00,39.26,39.605,39.06,39.37,2300.0
2024-11-13 17:00:00+00:00,38.975,40.22,38.87,40.08,530.0
2024-11-14 17:00:00+00:00,40.645,41.46,40.64,41.22,1419.0
2024-11-15 17:00:00+00:00,42.095,42.715,42.08,42.47,1236.0
2024-11-18 17:00:00+00:00,41.97,42.565,41.88,42.32,544.0
2024-11-19 17:00:00+00:00,42.095,42.28,41.655,41.685,166.0
2024-11-20 17:00:00+00:00,41.97,42.37,41.655,41.67,1023.0
2024-11-21 17:00:00+00:00,40.365,40.505,39.96,40.265,927.0
2024-11-22 17:00:00+00:00,39.09,39.2,38.75,38.93,1950.0
2024-11-25 17:00:00+00:00,37.33,37.805,37.15,37.745,1877.0
2024-11-26 17:00:00+00:00,38.155,38.44,37.99,38.31,444.0
2024-11-27 17:00:00+00:00,38.205,38.37,38.115,38.26,393.0
2024-11-28 17:00:00+00:00,38.26,38.26,38.26,38.26,0.0
2024-11-29 17:00:00+00:00,38.02,38.07,37.685,37.93,300.0
2024-12-02 17:00:00+00:00,38.16,38.18,37.755,38.03,369.0
2024-12-03 17:00:00+00:00,38.71,38.78,38.365,38.635,1100.0
2024-12-04 17:00:00+00:00,38.28,38.84,38.19,38.315,370.0
2024-12-05 17:00:00+00:00,38.64,39.325,38.615,39.225,829.0
2024-12-06 17:00:00+00:00,38.885,39.155,38.84,38.965,310.0
2024-12-09 17:00:00+00:00,38.85,39.39,38.82,39.375,301.0
2024-12-10 17:00:00+00:00,39.28,39.82,39.025,39.7,745.0
2024-12-11 17:00:00+00:00,39.115,39.35,38.87,39.335,1000.0
2024-12-12 17:00:00+00:00,40.105,40.5,39.865,40.445,531.0
2024-12-13 17:00:00+00:00,41.03,41.41,40.93,40.99,0.0
2024-12-16 17:00:00+00:00,40.44,40.61,40.115,40.485,202.0
2024-12-17 17:00:00+00:00,41.19,41.615,41.075,41.465,1281.0
2024-12-18 17:00:00+00:00,41.23,45.81,40.86,44.89,300.0
2024-12-19 17:00:00+00:00,45.01,45.765,44.92,45.55,1160.0
2024-12-20 17:00:00+00:00,43.82,44.925,43.81,44.72,1792.0
2024-12-23 17:00:00+00:00,44.89,44.89,44.89,44.89,0.0
2024-12-24 17:00:00+00:00,43.75,43.77,43.305,43.375,106.0
2024-12-25 17:00:00+00:00,43.375,43.375,43.375,43.375,0.0
2024-12-26 17:00:00+00:00,42.69,43.07,42.35,42.525,609.0
2024-12-27 17:00:00+00:00,44.425,44.63,43.705,43.845,400.0
2024-12-30 17:00:00+00:00,44.61,44.63,44.06,44.51,201.0
2024-12-31 17:00:00+00:00,44.255,44.735,44.08,44.4,450.0
2025-01-01 17:00:00+00:00,44.4,44.4,44.4,44.4,0.0
2025-01-02 17:00:00+00:00,43.63,44.96,43.435,44.35,455.0
2025-01-03 17:00:00+00:00,43.495,43.755,42.915,43.0,346.0
2025-01-06 17:00:00+00:00,42.065,43.18,42.06,43.01,1311.0
2025-01-07 17:00:00+00:00,43.92,44.265,43.44,43.74,515.0
2025-01-08 17:00:00+00:00,44.345,44.93,43.93,44.16,802.0
2025-01-09 17:00:00+00:00,44.16,44.16,44.16,44.16,0.0
2025-01-10 17:00:00+00:00,46.53,46.745,45.92,46.12,1273.0
2025-01-13 17:00:00+00:00,47.28,47.285,45.89,45.99,1727.0
2025-01-14 17:00:00+00:00,45.92,46.01,44.755,44.905,36.0
2025-01-15 17:00:00+00:00,43.525,43.555,42.885,43.18,1873.0
2025-01-16 17:00:00+00:00,42.99,43.355,42.755,43.04,2002.0
2025-01-17 17:00:00+00:00,42.58,43.04,42.44,42.76,711.0
2025-01-20 17:00:00+00:00,42.76,42.76,42.76,42.76,0.0
2025-01-21 17:00:00+00:00,41.48,41.54,41.09,41.1,989.0
2025-01-22 17:00:00+00:00,41.595,41.81,41.5,41.65,1066.0
2025-01-23 17:00:00+00:00,41.575,41.66,41.285,41.305,2091.0
2025-01-24 17:00:00+00:00,41.275,41.75,41.005,41.56,2800.0
2025-01-27 17:00:00+00:00,42.24,42.815,42.005,42.36,410.0
2025-01-28 17:00:00+00:00,42.69,42.73,41.975,42.26,2608.0
2025-01-29 17:00:00+00:00,42.365,43.095,42.035,42.45,4745.0
2025-01-30 17:00:00+00:00,41.425,42.23,41.07,41.635,2504.0
2025-01-31 17:00:00+00:00,41.435,42.75,41.025,42.37,5206.0
2025-02-03 17:00:00+00:00,43.34,43.685,43.1,43.41,4349.0
2025-02-04 17:00:00+00:00,42.55,42.88,42.16,42.235,2531.0
2025-02-05 17:00:00+00:00,41.445,41.58,41.28,41.3,1200.0
2025-02-06 17:00:00+00:00,41.445,42.09,41.2,41.6,1375.0
2025-02-07 17:00:00+00:00,42.645,42.76,42.315,42.63,2989.0
2025-02-10 17:00:00+00:00,42.275,42.46,42.045,42.275,1061.0
2025-02-11 17:00:00+00:00,42.805,43.015,42.715,42.765,1800.0
2025-02-12 17:00:00+00:00,43.595,43.705,43.245,43.555,2151.0
2025-02-13 17:00:00+00:00,43.41,43.515,42.51,42.595,1883.0
2025-02-14 17:00:00+00:00,42.6,42.85,42.555,42.7,2367.0
2025-02-17 17:00:00+00:00,42.7,42.7,42.7,42.7,0.0
2025-02-18 17:00:00+00:00,42.345,42.875,42.21,42.25,1903.0
2025-02-19 17:00:00+00:00,42.61,42.865,42.285,42.565,2667.0
2025-02-20 17:00:00+00:00,43.78,43.79,43.115,43.36,1604.0
2025-02-21 17:00:00+00:00,44.535,46.07,44.49,45.95,11768.0
2025-02-24 17:00:00+00:00,46.24,46.64,45.66,46.62,3526.0
2025-02-25 17:00:00+00:00,47.29,47.63,46.38,46.97,5337.0
2025-02-26 17:00:00+00:00,46.14,47.24,45.9,46.85,2335.0
2025-02-27 17:00:00+00:00,47.26,48.4,47.045,48.37,1400.0
2025-02-28 17:00:00+00:00,47.82,48.935,47.375,47.38,3308.0
2025-03-03 17:00:00+00:00,47.76,50.535,47.44,49.95,4566.0
2025-03-04 17:00:00+00:00,51.705,51.96,49.45,51.085,4355.0
2025-03-05 17:00:00+00:00,51.16,51.42,49.9,50.01,2370.0
2025-03-06 17:00:00+00:00,51.295,52.29,50.87,51.66,2236.0
2025-03-07 17:00:00+00:00,53.13,53.47,50.765,51.33,2798.0
2025-03-10 17:00:00+00:00,52.915,54.945,52.915,54.01,3658.0
2025-03-11 17:00:00+00:00,54.6,55.1,52.7,53.89,3407.0
2025-03-12 17:00:00+00:00,53.96,54.02,52.905,53.73,463.0
2025-03-13 17:00:00+00:00,54.86,55.98,54.81,55.49,435.0
2025-03-14 17:00:00+00:00,52.935,53.335,52.685,52.75,1997.0
2025-03-17 17:00:00+00:00,51.98,52.11,51.15,51.47,2891.0
2025-03-18 17:00:00+00:00,52.41,52.625,52.125,52.38,3899.0
2025-03-19 17:00:00+00:00,51.53,52.03,50.085,50.77,3144.0
2025-03-20 17:00:00+00:00,51.14,51.505,50.8,51.42,3125.0
2025-03-21 17:00:00+00:00,51.88,52.315,51.79,52.045,2200.0
2025-03-24 17:00:00+00:00,50.05,50.17,49.33,49.49,2642.0
2025-03-25 17:00:00+00:00,49.8,50.38,49.61,50.065,3099.0
2025-03-26 17:00:00+00:00,50.695,51.11,50.5,50.685,2720.0
2025-03-27 17:00:00+00:00,51.35,51.395,50.57,51.145,3842.0
2025-03-28 17:00:00+00:00,53.42,53.84,53.175,53.29,2252.0
2025-03-31 17:00:00+00:00,54.49,54.63,53.24,53.82,10838.0
2025-04-01 17:00:00+00:00,53.67,54.855,53.565,53.845,3638.0
2025-04-02 17:00:00+00:00,52.22,53.21,51.83,52.09,2862.0
2025-04-03 17:00:00+00:00,57.985,59.035,57.725,58.92,3496.0
2025-04-04 17:00:00+00:00,65.185,65.98,63.28,64.06,3621.0
2025-04-07 17:00:00+00:00,67.41,67.41,63.52,65.23,8408.0
2025-04-08 17:00:00+00:00,66.77,70.635,65.97,69.135,2837.0
2025-04-09 17:00:00+00:00,69.59,70.01,56.18,56.855,5154.0
2025-04-10 17:00:00+00:00,62.925,64.225,60.82,61.77,1384.0
2025-04-11 17:00:00+00:00,61.48,61.48,60.01,60.13,601.0
2025-04-14 17:00:00+00:00,60.29,60.29,58.265,58.765,305.0
2025-04-15 17:00:00+00:00,58.595,59.26,58.345,58.615,468.0
2025-04-16 17:00:00+00:00,59.465,61.3,59.195,59.805,1065.0
2025-04-17 17:00:00+00:00,58.915,59.185,58.31,58.875,675.0
2025-04-18 17:00:00+00:00,58.875,58.875,58.875,58.875,0.0
2025-04-21 17:00:00+00:00,61.87,62.505,61.16,61.25,320.0
2025-04-22 17:00:00+00:00,58.095,59.265,57.765,58.095,1089.0
2025-04-23 17:00:00+00:00,56.0,56.615,55.295,56.335,1671.0
2025-04-24 17:00:00+00:00,54.335,54.605,53.9,54.115,997.0
2025-04-25 17:00:00+00:00,54.665,54.74,54.075,54.125,3404.0
2025-04-28 17:00:00+00:00,54.825,55.065,53.565,53.75,1269.0
2025-04-29 17:00:00+00:00,53.615,53.72,52.64,53.135,100.0
2025-04-30 17:00:00+00:00,54.385,54.735,53.465,53.74,685.0
2025-05-01 17:00:00+00:00,53.355,53.365,52.395,53.0,470.0
2025-05-02 17:00:00+00:00,50.62,50.9,50.43,50.805,927.0
2025-05-05 17:00:00+00:00,50.92,51.67,50.78,51.61,601.0
2025-05-06 17:00:00+00:00,52.845,53.075,52.335,52.745,1905.0
2025-05-07 17:00:00+00:00,51.93,53.125,51.78,52.355,649.0
2025-05-08 17:00:00+00:00,49.67,50.46,49.59,50.425,490.0
2025-05-09 17:00:00+00:00,50.955,51.055,50.405,50.635,1136.0
2025-05-12 17:00:00+00:00,47.13,47.3,46.84,47.18,405.0
2025-05-13 17:00:00+00:00,46.65,46.86,46.35,46.75,52.0
2025-05-14 17:00:00+00:00,47.39,47.67,47.295,47.58,103.0
2025-05-15 17:00:00+00:00,47.3,47.375,47.07,47.16,201.0
2025-05-16 17:00:00+00:00,46.63,46.69,46.185,46.3,100.0
2025-05-19 17:00:00+00:00,46.905,47.065,46.67,46.775,220.0
2025-05-20 17:00:00+00:00,46.61,47.08,46.375,46.73,301.0
2025-05-21 17:00:00+00:00,47.705,49.5,47.665,49.27,2090.0
2025-05-22 17:00:00+00:00,49.55,49.59,48.765,49.32,122.0
2025-05-23 17:00:00+00:00,49.845,49.885,49.37,49.71,200.0
2025-05-26 17:00:00+00:00,49.71,49.71,49.71,49.71,0.0
2025-05-27 17:00:00+00:00,47.42,47.555,47.18,47.26,100.0
2025-05-28 17:00:00+00:00,47.965,48.38,47.725,48.25,300.0
2025-05-29 17:00:00+00:00,48.16,48.3,47.9,48.0,200.0
2025-05-30 17:00:00+00:00,49.06,49.12,47.92,48.38,1152.0
2025-06-02 17:00:00+00:00,48.39,48.71,48.14,48.225,204.0
2025-06-03 17:00:00+00:00,46.64,46.905,46.4,46.64,1100.0
2025-06-04 17:00:00+00:00,46.815,46.925,46.57,46.92,100.0
2025-06-05 17:00:00+00:00,46.96,47.4,46.38,46.98,700.0
2025-06-06 17:00:00+00:00,45.84,45.96,45.365,45.435,1113.0
2025-06-09 17:00:00+00:00,44.785,44.87,44.43,44.87,7.0
2025-06-10 17:00:00+00:00,44.215,44.71,44.2,44.475,400.0
2025-06-11 17:00:00+00:00,44.24,44.89,43.935,44.78,524.0
2025-06-12 17:00:00+00:00,45.21,45.32,44.98,45.145,100.0
2025-06-13 17:00:00+00:00,45.92,47.105,45.88,46.85,332.0
2025-06-16 17:00:00+00:00,45.655,46.05,45.47,45.8,700.0
2025-06-17 17:00:00+00:00,46.32,46.775,46.19,46.75,100.0
2025-06-18 17:00:00+00:00,45.84,46.48,45.51,46.285,809.0
2025-06-19 17:00:00+00:00,46.285,46.285,46.285,46.285,0.0
2025-06-20 17:00:00+00:00,46.425,46.82,46.275,46.5,200.0
2025-06-23 17:00:00+00:00,47.33,47.33,45.445,45.49,0.0
2025-06-24 17:00:00+00:00,44.325,44.525,44.015,44.24,272.0
2025-06-25 17:00:00+00:00,44.52,44.79,44.37,44.765,127.0
2025-06-26 17:00:00+00:00,43.89,43.99,43.245,43.3,125.0
2025-06-27 17:00:00+00:00,42.815,43.89,42.775,43.28,0.0
2025-06-30 17:00:00+00:00,43.12,43.35,42.94,43.165,3356.0
2025-07-01 17:00:00+00:00,42.215,42.41,41.61,42.34,4182.0
2025-07-02 17:00:00+00:00,41.565,41.775,41.15,41.18,2403.0
2025-07-03 17:00:00+00:00,40.445,40.445,40.445,40.445,0.0
2025-07-04 17:00:00+00:00,40.445,40.445,40.445,40.445,0.0
2025-07-07 17:00:00+00:00,41.755,42.165,41.35,41.695,2350.0
2025-07-08 17:00:00+00:00,40.95,41.19,40.81,41.09,3969.0
2025-07-09 17:00:00+00:00,40.73,40.76,40.235,40.255,4384.0
2025-07-10 17:00:00+00:00,39.7,39.895,39.39,39.835,8120.0
2025-07-11 17:00:00+00:00,40.68,41.01,40.585,40.96,3985.0
2025-07-14 17:00:00+00:00,40.61,40.7,40.385,40.385,1723.0
2025-07-15 17:00:00+00:00,41.63,41.98,41.33,41.955,7161.0
2025-07-16 17:00:00+00:00,41.545,41.645,41.07,41.205,4569.0
2025-07-17 17:00:00+00:00,40.42,40.55,40.04,40.19,7024.0
2025-07-18 17:00:00+00:00,40.805,40.875,40.615,40.75,9603.0
2025-07-21 17:00:00+00:00,40.515,41.15,40.37,41.08,6553.0
2025-07-22 17:00:00+00:00,40.71,40.745,40.22,40.43,995.0
2025-07-23 17:00:00+00:00,39.615,39.855,39.19,39.255,11374.0
2025-07-24 17:00:00+00:00,40.11,40.3,39.89,40.26,10551.0
2025-07-25 17:00:00+00:00,40.225,40.26,39.935,40.02,7753.0
2025-07-28 17:00:00+00:00,40.12,40.375,40.04,40.11,8981.0
2025-07-29 17:00:00+00:00,40.52,40.78,40.36,40.655,5564.0
2025-07-30 17:00:00+00:00,39.96,41.6,39.845,41.08,3467.0
2025-07-31 17:00:00+00:00,41.19,42.085,41.185,41.88,800.0
2025-08-01 17:00:00+00:00,43.63,43.935,43.275,43.56,5169.0
2025-08-04 17:00:00+00:00,42.18,42.27,41.72,41.75,7689.0
2025-08-05 17:00:00+00:00,41.53,41.655,41.23,41.315,10245.0
2025-08-06 17:00:00+00:00,41.535,41.62,41.31,41.415,6442.0
2025-08-07 17:00:00+00:00,41.92,42.205,41.705,41.705,8985.0
2025-08-08 17:00:00+00:00,41.56,41.715,41.37,41.55,7384.0
2025-08-11 17:00:00+00:00,41.555,41.78,41.505,41.67,6953.0
2025-08-12 17:00:00+00:00,39.755,39.805,39.08,39.19,18835.0
2025-08-13 17:00:00+00:00,38.085,38.205,37.555,37.62,1200.0
2025-08-14 17:00:00+00:00,39.05,39.065,38.485,38.62,640.0
2025-08-15 17:00:00+00:00,38.945,39.08,38.785,39.01,9799.0
2025-08-18 17:00:00+00:00,38.78,38.795,38.56,38.735,3954.0
2025-08-19 17:00:00+00:00,39.31,39.53,39.285,39.385,3662.0
2025-08-20 17:00:00+00:00,39.86,40.06,39.48,39.635,2971.0
2025-08-21 17:00:00+00:00,39.77,39.91,39.33,39.45,6295.0
2025-08-22 17:00:00+00:00,36.515,36.6,36.23,36.43,16802.0
2025-08-25 17:00:00+00:00,36.745,37.18,36.735,37.175,10745.0
2025-08-26 17:00:00+00:00,36.465,36.685,36.39,36.49,11450.0
2025-08-27 17:00:00+00:00,36.12,36.235,36.01,36.075,614.0
2025-08-28 17:00:00+00:00,36.07,36.185,35.84,35.95,615.0
2025-08-29 17:00:00+00:00,36.345,36.6,36.32,36.33,9456.0
2025-09-01 17:00:00+00:00,36.33,36.33,36.33,36.33,0.0
2025-09-02 17:00:00+00:00,37.135,37.165,36.715,36.765,6466.0
2025-09-03 17:00:00+00:00,36.995,37.25,36.785,36.9,11876.0
2025-09-04 17:00:00+00:00,36.565,36.58,35.92,35.94,3144.0
2025-09-05 17:00:00+00:00,35.78,36.1,35.575,35.62,1900.0
2025-09-08 17:00:00+00:00,35.7,35.815,35.44,35.53,2058.0
2025-09-09 17:00:00+00:00,36.13,36.185,35.83,35.92,1827.0
2025-09-10 17:00:00+00:00,35.94,36.35,35.82,36.075,7378.0
2025-09-11 17:00:00+00:00,34.945,35.075,34.705,34.77,11724.0
2025-09-12 17:00:00+00:00,35.285,35.515,35.08,35.47,8805.0
2025-09-15 17:00:00+00:00,35.195,35.335,35.025,35.185,5545.0
2025-09-16 17:00:00+00:00,35.5,35.54,35.225,35.295,5409.0
2025-09-17 17:00:00+00:00,34.895,35.69,33.58,35.18,4239.0
2025-09-18 17:00:00+00:00,33.49,33.68,33.33,33.385,3100.0
2025-09-19 17:00:00+00:00,33.785,34.065,33.745,33.96,5565.0
2025-09-22 17:00:00+00:00,33.8,33.84,33.43,33.555,7543.0
2025-09-23 17:00:00+00:00,33.15,33.83,33.115,33.725,9999.0
2025-09-24 17:00:00+00:00,33.66,33.91,33.55,33.91,3344.0
2025-09-25 17:00:00+00:00,34.58,34.99,34.45,34.56,7972.0
2025-09-26 17:00:00+00:00,34.075,34.17,33.925,34.0,3194.0
2025-09-29 17:00:00+00:00,34.015,34.165,33.87,33.965,7915.0
2025-09-30 17:00:00+00:00,34.47,34.575,33.825,33.88,10093.0
2025-10-01 17:00:00+00:00,33.965,34.05,33.575,33.72,17638.0
