date,Close,High,Low,Open,Volume
2022-01-03 00:00:00+00:00,107.2782786739,110.1263745679,104.8061690365,110.1263745679,42625
2022-01-04 00:00:00+00:00,107.0432872635,108.4908343515,106.8928927608,108.4673352105,11703
2022-01-05 00:00:00+00:00,100.6444711584,106.8928927608,100.5293253673,106.8928927608,11898
2022-01-06 00:00:00+00:00,100.6985191828,101.314196678,98.8101282088,100.6233219315,14646
2022-01-07 00:00:00+00:00,99.391966941,100.1580389389,98.9314777732,100.1251401414,6960
2022-01-10 00:00:00+00:00,98.0854146992,98.3016067967,95.7824988773,97.5684335963,16718
2022-01-11 00:00:00+00:00,98.4520012994,98.827987556,96.0268899441,98.827987556,5744
2022-01-12 00:00:00+00:00,99.1193769049,99.6363580078,98.5459978636,98.5459978636,19918
2022-01-13 00:00:00+00:00,98.5365982071,100.2567353312,98.5365982071,99.777352854,6066
2022-01-14 00:00:00+00:00,96.5814696726,96.8446600523,94.5050855704,95.5663067797,8935
2022-01-18 00:00:00+00:00,94.5511438868,95.3595143386,93.5735796196,95.1057236154,25523
2022-01-19 00:00:00+00:00,92.4456208497,95.4065126207,92.2576277214,95.1245229282,30174
2022-01-20 00:00:00+00:00,90.0868710687,94.6827390766,89.9923105251,92.5678163831,3205
2022-01-21 00:00:00+00:00,89.8325163661,91.4398576132,89.4847290787,90.7724820077,6328
2022-01-24 00:00:00+00:00,89.5787256429,89.8231167097,83.5629455367,87.7175936725,95409
2022-01-25 00:00:00+00:00,88.8426385489,90.1521046842,86.1385453912,86.1385453912,2885
2022-01-26 00:00:00+00:00,86.1384513947,91.2612641413,85.536873384,90.6972847563,19145
2022-01-27 00:00:00+00:00,83.5347465675,88.5560430248,83.3843520648,86.9844204721,12160
2022-01-28 00:00:00+00:00,88.7515558783,88.7703551911,81.852208069,83.3373537827,7891
2022-01-31 00:00:00+00:00,91.4853519502,91.4853519502,88.9677479758,88.9677479758,32370
2022-02-01 00:00:00+00:00,90.5186912844,90.9134768539,89.3907325145,90.9134768539,4590
2022-02-02 00:00:00+00:00,92.8310067627,93.0518986885,92.1166328751,92.1166328751,7467
2022-02-03 00:00:00+00:00,90.7818816641,92.2576277214,90.622087505,92.2576277214,3488
2022-02-04 00:00:00+00:00,88.9231936044,90.6784854435,88.7026776649,89.7156786368,3310
2022-02-07 00:00:00+00:00,88.4601665294,89.1463414477,88.2345747754,88.836152786,22189
2022-02-08 00:00:00+00:00,87.548399857,88.8737514117,87.501401575,88.1969761497,13650
2022-02-09 00:00:00+00:00,91.4561190188,91.5808524594,90.1192058868,90.2461012484,4311
2022-02-10 00:00:00+00:00,87.1305851293,90.9886741052,86.2230483024,90.1333053714,5377
2022-02-11 00:00:00+00:00,85.3300809429,87.6893947033,84.4841118655,87.6893947033,7972
2022-02-14 00:00:00+00:00,83.7321393522,86.2280301203,83.3937517212,85.1608871274,4704
2022-02-15 00:00:00+00:00,84.8330271116,85.6120706354,84.540509804,85.1356020517,3413
2022-02-16 00:00:00+00:00,85.3018819736,85.6308699482,83.6945407265,84.9916933119,6871
2022-02-17 00:00:00+00:00,83.6287431316,85.1232885017,83.5629455367,83.9201324805,4454
2022-02-18 00:00:00+00:00,82.6874615382,84.6973900695,82.4443864232,84.6973900695,5289
2022-02-22 00:00:00+00:00,81.8719473475,82.9801668389,81.2614396633,82.1247981051,10063
2022-02-23 00:00:00+00:00,79.0501704915,83.3561530956,79.0417108007,83.3561530956,20090
2022-02-24 00:00:00+00:00,82.0278876475,82.4067877976,75.5544382704,75.5544382704,8954
2022-02-25 00:00:00+00:00,85.7342661688,85.7342661688,82.326890718,83.7060083074,4569
2022-02-28 00:00:00+00:00,83.0553640903,83.9372398552,81.965003946,83.5441462239,4679
2022-03-01 00:00:00+00:00,82.4443864232,83.7697379779,81.8710073819,83.0083658082,11697
2022-03-02 00:00:00+00:00,85.4522764763,85.762465138,83.3185544699,83.3185544699,3212
2022-03-03 00:00:00+00:00,86.6084342155,87.1348149747,85.0480912504,85.5932713225,4580
2022-03-04 00:00:00+00:00,87.5706770427,87.5765988263,85.0856898761,85.8188630765,4584
2022-03-07 00:00:00+00:00,84.1269249217,87.0247449981,83.976530419,87.0032197849,5087
2022-03-08 00:00:00+00:00,83.1625201734,85.6590689175,83.1625201734,83.8167362599,19310
2022-03-09 00:00:00+00:00,85.6120706354,87.1395148029,85.038691594,85.038691594,2490
2022-03-10 00:00:00+00:00,86.1572507075,86.1854496767,84.0237166942,84.0611273268,1940
2022-03-11 00:00:00+00:00,84.713463482,87.4826022621,84.713463482,87.4168046672,1786
2022-03-14 00:00:00+00:00,83.280579858,83.3091548135,83.280579858,83.3091548135,545
2022-03-15 00:00:00+00:00,84.4653125526,84.5029111783,83.976530419,83.976530419,1623
2022-03-16 00:00:00+00:00,86.4689433142,86.4689433142,84.8506984657,85.6966675431,1031
2022-03-17 00:00:00+00:00,88.8898248241,89.0353315055,87.4168046672,87.4168046672,2338
2022-03-18 00:00:00+00:00,89.6083345606,89.7573191148,88.7562557065,88.7562557065,3521
2022-03-21 00:00:00+00:00,88.4452210757,89.2027393862,88.0653809599,89.0053466015,1562
2022-03-22 00:00:00+00:00,88.9395490066,89.4377307966,88.6951579398,88.6951579398,1652
2022-03-23 00:00:00+00:00,87.1724136004,87.9337857701,87.0972163491,87.275809821,2527
2022-03-24 00:00:00+00:00,88.1922763215,88.1922763215,86.4486400564,86.7212300924,2767
2022-03-25 00:00:00+00:00,90.2085026227,90.2085026227,88.7514618817,88.7514618817,2045
2022-03-28 00:00:00+00:00,92.133270267,92.2059296111,91.1766672335,91.1766672335,13556
2022-03-29 00:00:00+00:00,97.66900992,97.9444198529,93.9777648455,94.6733394202,16424
2022-03-30 00:00:00+00:00,96.2242827288,96.8446600523,95.6274045464,96.8446600523,9500
2022-03-31 00:00:00+00:00,94.1102060044,97.0029502663,94.0999603789,97.0029502663,2764
2022-04-01 00:00:00+00:00,97.5026360014,97.5026360014,94.2597545379,94.2616344692,4300
2022-04-04 00:00:00+00:00,96.4226154792,97.8692226016,95.2749174308,97.8692226016,31218
2022-04-05 00:00:00+00:00,95.7824988773,98.4050030173,95.5381078105,95.9140940671,18666
2022-04-06 00:00:00+00:00,98.2546085147,98.3392054224,94.8118903558,94.8118903558,6941
2022-04-07 00:00:00+00:00,96.5062724213,96.9010579908,95.867095785,95.867095785,1825
2022-04-08 00:00:00+00:00,96.8540597087,97.3992397808,96.7412638317,97.3992397808,2913
2022-04-11 00:00:00+00:00,94.5943823063,96.1020871954,94.5887425125,95.6368042029,1746
2022-04-12 00:00:00+00:00,94.4477476663,96.0080906313,93.691451311,94.3396516175,6496
2022-04-13 00:00:00+00:00,95.438565449,95.438565449,94.2409552251,94.983528082,2369
2022-04-14 00:00:00+00:00,94.6733394202,95.6696090037,94.4571473227,95.5937537765,2342
2022-04-18 00:00:00+00:00,93.7427734351,94.9365297999,92.9626019526,94.4834663606,11661
2022-04-19 00:00:00+00:00,97.718828099,98.0854146992,96.0362896005,96.0362896005,8055
2022-04-20 00:00:00+00:00,101.2155002856,101.3564951319,98.6963923662,98.6963923662,10196
2022-04-21 00:00:00+00:00,99.8243511361,101.927994242,99.4765638487,101.8170782963,3735
2022-04-22 00:00:00+00:00,96.2900803238,98.4633748837,96.2759808391,98.2499086865,3640
2022-04-25 00:00:00+00:00,95.6791026567,95.6791026567,93.0283995475,95.3108241184,3680
2022-04-26 00:00:00+00:00,92.5020187882,95.6791026567,92.5020187882,95.6791026567,2421
2022-04-27 00:00:00+00:00,91.458656926,94.034162784,91.2424648285,93.1458952527,4491
2022-04-28 00:00:00+00:00,94.6075418253,95.2749174308,90.7818816641,92.1636311572,3746
2022-04-29 00:00:00+00:00,85.6120706354,93.01082219,85.602670979,93.01082219,12042
2022-05-02 00:00:00+00:00,81.9932029153,86.7964273438,78.8631173288,85.9410586099,21214
2022-05-03 00:00:00+00:00,84.2693297164,84.8224994964,81.7770108177,82.3879884847,3014
2022-05-04 00:00:00+00:00,86.0538544869,86.4110414307,81.9744036024,83.8268878889,8820
2022-05-05 00:00:00+00:00,81.3841051795,82.054300682,81.3489504645,82.054300682,1617
2022-05-06 00:00:00+00:00,79.5395166045,80.7806472376,78.2051413797,80.4738424522,4190
2022-05-09 00:00:00+00:00,72.6499444379,78.6657245441,72.4995499353,78.6657245441,9473
2022-05-10 00:00:00+00:00,69.9710423594,74.6818681654,69.4352619437,74.1444898081,5434
2022-05-11 00:00:00+00:00,69.57625679,71.8979719247,69.57625679,71.8979719247,3349
2022-05-12 00:00:00+00:00,70.6196186521,70.6196186521,69.0874746563,69.4070629745,6102
2022-05-13 00:00:00+00:00,74.4076801877,74.4076801877,71.2023973499,71.2023973499,6164
2022-05-16 00:00:00+00:00,73.2771835106,74.6050729724,73.2515224486,73.2722016927,16428
2022-05-17 00:00:00+00:00,74.9379148061,74.9379148061,73.6745069873,73.6745069873,2448
2022-05-18 00:00:00+00:00,70.6478176214,71.0802018165,70.6478176214,70.8734093754,953
2022-05-19 00:00:00+00:00,70.3940268981,71.4185894475,70.3940268981,71.4185894475,2248
2022-05-20 00:00:00+00:00,71.4561880731,71.521985668,69.6984523234,71.0520028473,3547
2022-05-23 00:00:00+00:00,73.0943601933,73.0943601933,72.2551588685,72.2551588685,888
2022-05-24 00:00:00+00:00,74.4024163801,74.6426715981,71.7945757041,71.7945757041,1690
2022-05-25 00:00:00+00:00,75.6390351782,75.9774228091,74.0410935875,74.5768740032,2410
2022-05-26 00:00:00+00:00,75.8458276193,76.7951929173,75.8458276193,76.7951929173,3761
2022-05-27 00:00:00+00:00,79.710872341,79.8405875995,76.9173884507,76.9173884507,2421
2022-05-31 00:00:00+00:00,77.8667537487,78.4495324465,77.556565087,77.556565087,2394
2022-06-01 00:00:00+00:00,76.6444224284,76.9173884507,74.9152616342,76.7622941199,9224
2022-06-02 00:00:00+00:00,78.6281259184,78.6469252312,75.159652701,75.159652701,1311
2022-06-03 00:00:00+00:00,76.719995666,77.6505616512,76.719995666,77.1617795175,1275
2022-06-06 00:00:00+00:00,76.0526200605,77.6223626819,76.0244210912,77.5001671485,26826
2022-06-07 00:00:00+00:00,78.2239406925,78.2239406925,74.9246612906,75.3476458293,6529
2022-06-08 00:00:00+00:00,74.6050729724,76.7481946352,74.4734777826,76.2782118145,2323
2022-06-09 00:00:00+00:00,71.2963939141,74.4546784698,71.2963939141,74.0880918696,12611
2022-06-10 00:00:00+00:00,68.1663083276,70.3752275853,68.1663083276,69.3600646924,12896
2022-06-13 00:00:00+00:00,61.3327581133,65.6096017825,61.1165660157,65.6096017825,29225
2022-06-14 00:00:00+00:00,60.308195564,60.9943704823,59.6878182405,60.7875780412,17364
2022-06-15 00:00:00+00:00,63.043495581,63.8048677506,61.144764985,61.144764985,19626
2022-06-16 00:00:00+00:00,59.8100137739,61.1372452598,59.6596192713,60.4586840632,3059
2022-06-17 00:00:00+00:00,60.9765111351,61.8121405905,60.4115917845,61.8121405905,14733
2022-06-21 00:00:00+00:00,62.8367031398,63.8468842148,62.253924442,62.9400993604,18458
2022-06-22 00:00:00+00:00,64.5700430213,66.0559251648,64.5042127998,64.5360934356,5539
2022-06-23 00:00:00+00:00,67.0339741707,67.4007425479,65.595113614,66.112351069,4594
2022-06-24 00:00:00+00:00,69.9399082362,69.9963341404,67.8615540987,67.946192955,4945
2022-06-27 00:00:00+00:00,69.5637355416,71.1121563956,69.3756491943,69.9911617658,2065
2022-06-28 00:00:00+00:00,67.9549389701,71.2481428247,67.9549389701,71.1013414306,3977
2022-06-29 00:00:00+00:00,67.1844432485,67.1844432485,65.6797524703,65.7361783745,7354
2022-06-30 00:00:00+00:00,66.9305266797,68.3693872364,65.6139222487,65.6139222487,5231
2022-07-01 00:00:00+00:00,69.2434244922,69.3098189728,67.339614485,68.0543426047,5076
2022-07-05 00:00:00+00:00,68.7797916461,68.7797916461,65.9618819912,67.2368252962,5404
2022-07-06 00:00:00+00:00,68.6609210747,69.8740780146,68.6609210747,69.8740780146,3995
2022-07-07 00:00:00+00:00,68.9933636935,69.9022909667,68.9933636935,69.9022909667,1056
2022-07-08 00:00:00+00:00,68.2941526975,69.0182851345,67.8991713682,69.0182851345,2302
2022-07-11 00:00:00+00:00,68.0013962979,68.4164088232,67.5982332125,67.5982332125,1379
2022-07-12 00:00:00+00:00,67.3565422563,67.3565422563,66.8552921408,66.8552921408,1873
2022-07-13 00:00:00+00:00,66.7800576019,67.4571684521,65.2283452368,65.8396258655,3685
2022-07-14 00:00:00+00:00,65.4634531709,65.5198790751,65.0026416201,65.5198790751,2367
2022-07-15 00:00:00+00:00,67.635850482,67.8991713682,66.7236316977,66.7236316977,4873
2022-07-18 00:00:00+00:00,66.5848239734,67.842745464,66.5848239734,67.842745464,2195
2022-07-19 00:00:00+00:00,69.986929823,69.986929823,68.1907052065,68.1907052065,1122
2022-07-20 00:00:00+00:00,69.5983434295,71.0966392719,69.3568405596,70.3442938828,2662
2022-07-21 00:00:00+00:00,70.7009055973,70.7009055973,69.2251801165,69.2251801165,483
2022-07-22 00:00:00+00:00,71.5621529815,72.3774132537,70.7862967989,72.3774132537,8420
2022-07-25 00:00:00+00:00,71.8522761721,72.0934969125,71.1624694935,71.4916206012,4558
2022-07-26 00:00:00+00:00,72.0461931962,72.0461931962,71.8019630742,71.9900494215,1158
2022-07-27 00:00:00+00:00,73.2032063615,73.2314193136,71.8960062479,72.0370710083,1190
2022-07-28 00:00:00+00:00,77.8695345943,77.9523866303,76.9085074029,76.9085074029,1084
2022-07-29 00:00:00+00:00,78.8536023633,78.8536023633,78.4320068159,78.4320068159,1125
2022-08-01 00:00:00+00:00,77.3787232711,78.0558341213,77.1812326065,77.8113218698,8883
2022-08-02 00:00:00+00:00,75.5542857025,77.5761198926,75.4241299502,77.1342110196,4842
2022-08-03 00:00:00+00:00,76.0150972533,77.143615337,76.0150972533,77.143615337,932
2022-08-04 00:00:00+00:00,75.7329677324,76.0433102054,75.1499000558,75.9680756665,2906
2022-08-05 00:00:00+00:00,76.2302680346,76.2302680346,74.5950453314,75.1593043732,986
2022-08-08 00:00:00+00:00,77.6420441573,78.0558341213,77.0025505765,77.0025505765,1171
2022-08-09 00:00:00+00:00,78.3003463728,78.3003463728,77.7454916483,77.7454916483,1740
2022-08-10 00:00:00+00:00,80.6608300311,80.6608300311,79.7580155642,79.7580155642,3354
2022-08-11 00:00:00+00:00,80.2281373892,80.8677250132,79.8106797414,80.8677250132,1899
2022-08-12 00:00:00+00:00,82.8332273422,82.8332273422,81.1592588514,81.1592588514,5044
2022-08-15 00:00:00+00:00,83.3316561625,83.7172331744,82.6169280429,82.6169280429,35008
2022-08-16 00:00:00+00:00,82.9742921027,83.5855727314,82.6075237255,83.1524098736,2872
2022-08-17 00:00:00+00:00,82.0620733184,82.0746751036,81.3943667855,81.3943667855,2430
2022-08-18 00:00:00+00:00,80.811299109,81.6794116448,80.4069134623,81.5824531328,3841
2022-08-19 00:00:00+00:00,79.2972040134,79.7486112468,79.2407781092,79.5041930385,3795
2022-08-22 00:00:00+00:00,76.0656924807,77.5730164678,76.0433102054,77.5730164678,2922
2022-08-23 00:00:00+00:00,74.0966165111,75.2937861115,74.068403559,75.2937861115,3652
2022-08-24 00:00:00+00:00,75.026515412,75.7987979539,74.6232582834,74.6608755529,16518
2022-08-25 00:00:00+00:00,77.2094455586,77.2094455586,75.7281715305,75.7705850019,4618
2022-08-26 00:00:00+00:00,73.4571229303,75.1122827864,73.4571229303,75.1122827864,1018
2022-08-29 00:00:00+00:00,72.1405184993,73.4006970261,71.7549414874,71.9712407868,34606
2022-08-30 00:00:00+00:00,69.888372577,72.2063487209,69.8740780146,72.2063487209,4920
2022-08-31 00:00:00+00:00,69.4602880506,71.0778306372,69.1969671644,70.3631025175,36536
2022-09-01 00:00:00+00:00,69.6953959847,69.7424175715,67.4571684521,68.1154706675,13748
2022-09-02 00:00:00+00:00,67.7110850209,70.8333183857,67.7110850209,70.8333183857,6225
2022-09-06 00:00:00+00:00,69.3474362422,69.9399082362,68.049640446,68.359982919,10972
2022-09-07 00:00:00+00:00,72.037447181,72.037447181,69.7518218889,69.7518218889,431
2022-09-08 00:00:00+00:00,72.441456655,72.441456655,71.1342565414,71.3505558408,6137
2022-09-09 00:00:00+00:00,73.8521042596,73.9555517506,73.3348668046,73.3348668046,2068
2022-09-12 00:00:00+00:00,75.0558568822,75.0558568822,74.0307862895,74.0307862895,5309
2022-09-13 00:00:00+00:00,69.5167139548,72.131114182,69.5167139548,72.131114182,1933
2022-09-14 00:00:00+00:00,67.7110850209,68.6891340268,67.4289555,68.5856865358,2669
2022-09-15 00:00:00+00:00,65.3063070277,67.8145325119,65.3063070277,67.8145325119,1560
2022-09-16 00:00:00+00:00,64.9274070811,65.0872804763,63.659422971,64.4571912129,5982
2022-09-19 00:00:00+00:00,64.8844293508,64.9274070811,63.5167594765,63.5167594765,2494
2022-09-20 00:00:00+00:00,61.751381021,62.6515622791,61.4384053391,62.6515622791,6241
2022-09-21 00:00:00+00:00,59.9750662847,63.2356080226,59.8805578286,62.4133844539,6145
2022-09-22 00:00:00+00:00,58.7370055089,59.2189986354,58.4440292948,58.5763411334,4756
2022-09-23 00:00:00+00:00,57.1020092172,57.4705921963,55.9779256395,57.4705921963,5980
2022-09-26 00:00:00+00:00,54.0588369286,56.0812233821,52.9814405282,55.3157048872,19068
2022-09-27 00:00:00+00:00,52.4994474018,55.2874468588,52.4049389456,55.2874468588,8119
2022-09-28 00:00:00+00:00,54.6542402024,54.9472164166,52.6695626229,53.6902539495,19270
2022-09-29 00:00:00+00:00,51.3936984646,53.0740588153,51.0440171768,53.0740588153,11440
2022-09-30 00:00:00+00:00,52.3293321807,53.2271625143,52.3293321807,52.4239351453,5391
2022-10-03 00:00:00+00:00,54.2856572234,54.6447893568,52.4521931737,54.2856572234,9495
2022-10-04 00:00:00+00:00,56.4593517153,57.0027753382,55.873399287,56.5349584802,3162
2022-10-05 00:00:00+00:00,54.2246047607,54.88578592,52.7782473475,54.5313792094,6271
2022-10-06 00:00:00+00:00,51.1196239417,53.3783760442,51.1196239417,53.3783760442,7369
2022-10-07 00:00:00+00:00,48.5773464708,50.051678387,48.1993126461,49.8626614747,6555
2022-10-10 00:00:00+00:00,47.6889669828,49.2572403045,47.6889669828,48.5773464708,17855
2022-10-11 00:00:00+00:00,48.6624040813,49.238905664,46.8289400317,47.4243433055,7687
2022-10-12 00:00:00+00:00,47.5944585266,48.0764516531,47.4148924599,47.7929262846,2751
2022-10-13 00:00:00+00:00,49.0498887516,49.1443972078,45.0411235663,45.9500113893,11457
2022-10-14 00:00:00+00:00,46.5170621263,50.3824579836,46.5170621263,49.8532106291,19361
2022-10-17 00:00:00+00:00,50.0705800782,50.3919088292,47.9724923513,47.9724923513,9561
2022-10-18 00:00:00+00:00,51.2235832435,52.3387830263,50.7699426539,51.3369933909,6473
2022-10-19 00:00:00+00:00,48.5461586802,49.8910140115,48.5461586802,49.8910140115,1120
2022-10-20 00:00:00+00:00,48.1615092636,49.2956107377,48.0480991162,48.3694278672,6956
2022-10-21 00:00:00+00:00,48.6907566182,48.6907566182,47.1691704739,47.1691704739,4426
2022-10-24 00:00:00+00:00,48.6151498532,49.1727497446,48.5867973164,49.1727497446,4890
2022-10-25 00:00:00+00:00,52.5088982474,52.5088982474,48.7852650743,48.7852650743,3178
2022-10-26 00:00:00+00:00,52.7924236159,53.5957454933,52.1592169596,52.1592169596,4314
2022-10-27 00:00:00+00:00,53.0475964476,53.4722229411,52.6317592404,53.4722229411,2134
2022-10-28 00:00:00+00:00,55.2227085663,55.3157993956,53.0286947563,53.0286947563,3756
2022-10-31 00:00:00+00:00,55.0228231815,55.2210074141,54.1911487672,54.1911487672,4087
2022-11-01 00:00:00+00:00,54.9661181078,56.0340636625,54.9566672622,55.83465082,6041
2022-11-02 00:00:00+00:00,52.0458068122,54.3801656795,51.9796508929,54.3801656795,1854
2022-11-03 00:00:00+00:00,51.9607492016,52.5750541667,50.8614268395,50.9684104118,2932
2022-11-04 00:00:00+00:00,53.2366133599,53.5106878828,51.8662407455,52.8302269984,2406
2022-11-07 00:00:00+00:00,53.2744167424,53.3972777354,53.0286947563,53.0286947563,2462
2022-11-08 00:00:00+00:00,53.8887217075,54.7014944305,53.728057332,53.850918325,3892
2022-11-09 00:00:00+00:00,52.6712637751,54.4557724445,52.6712637751,53.9956107714,4629
2022-11-10 00:00:00+00:00,60.4600836818,60.4600836818,56.7050737013,56.7050737013,11664
2022-11-11 00:00:00+00:00,60.3152967269,61.4304965097,60.1262798146,60.8634457727,7658
2022-11-14 00:00:00+00:00,57.2914986718,59.7013697957,57.2914986718,59.549778232,2526
2022-11-15 00:00:00+00:00,58.3495208386,59.0016291862,57.3666328945,58.959950957,5475
2022-11-16 00:00:00+00:00,57.5745514981,58.1321513894,57.5745514981,58.1321513894,2805
2022-11-17 00:00:00+00:00,56.5538601714,56.5538601714,55.7977925221,56.1723295339,2066
2022-11-18 00:00:00+00:00,57.7857778976,57.7857778976,56.9980499154,56.9980499154,738
2022-11-21 00:00:00+00:00,58.6007243151,58.6007243151,58.6007243151,58.6007243151,285
2022-11-22 00:00:00+00:00,59.1606869179,59.1606869179,58.4755006107,58.6012913659,1070
2022-11-23 00:00:00+00:00,59.2563294756,59.8522052917,59.0677851055,59.5119748495,1610
2022-11-25 00:00:00+00:00,60.0884764321,60.0884764321,60.0884764321,60.0884764321,255
2022-11-28 00:00:00+00:00,56.8751889224,58.5290869054,56.8751889224,58.5290869054,4434
2022-11-29 00:00:00+00:00,58.6111202453,58.6111202453,57.6597981255,58.2399855379,2091
2022-11-30 00:00:00+00:00,61.2122764844,61.2122764844,57.9903887052,57.9903887052,1085
2022-12-01 00:00:00+00:00,61.0389479758,61.2414795974,61.0389479758,61.2414795974,929
2022-12-02 00:00:00+00:00,60.7565567088,60.7565567088,59.4930731583,59.4930731583,1062
2022-12-05 00:00:00+00:00,58.5444917837,58.5952428247,58.5444917837,58.5952428247,486
2022-12-06 00:00:00+00:00,57.3980097019,58.1983073088,57.0264024523,58.1227005438,2930
2022-12-07 00:00:00+00:00,57.6596091086,58.1416022351,57.6407074174,58.1416022351,1207
2022-12-08 00:00:00+00:00,58.5185019583,58.5272912447,58.5185019583,58.5272912447,914
2022-12-09 00:00:00+00:00,58.3180495227,58.9613685839,58.3180495227,58.9613685839,546
2022-12-12 00:00:00+00:00,59.1106919446,59.1106919446,58.3117174562,58.3117174562,722
2022-12-13 00:00:00+00:00,61.400915363,62.1676624679,61.400915363,62.1676624679,863
2022-12-14 00:00:00+00:00,60.5137644849,60.5515678674,60.4414655159,60.4414655159,1774
2022-12-15 00:00:00+00:00,58.797301904,59.8522052917,58.6992021265,59.1150393336,1340
2022-12-16 00:00:00+00:00,55.7788908308,55.7788908308,55.2013496552,55.2230866001,3310
2022-12-19 00:00:00+00:00,54.4887558957,55.2023892482,54.132269999,55.2023892482,1595
2022-12-20 00:00:00+00:00,54.1041064791,54.4888504041,53.6808031039,53.6902539495,5572
2022-12-21 00:00:00+00:00,55.1992704692,56.2171265421,55.1992704692,56.1049450046,1392
2022-12-22 00:00:00+00:00,54.7853338271,54.7853338271,52.8351700079,53.2727677429,8466
2022-12-23 00:00:00+00:00,55.6408373991,55.6408373991,54.9016777466,54.9016777466,239
2022-12-27 00:00:00+00:00,55.574912349,55.574912349,54.9090027522,55.123996422,2822
2022-12-28 00:00:00+00:00,53.6818264953,55.4417304296,53.6818264953,55.4417304296,3476
2022-12-29 00:00:00+00:00,55.9268931358,56.2217959573,55.3941654584,55.7842933522,16587
2022-12-30 00:00:00+00:00,55.0256320616,55.5844253432,54.0338072821,55.0707236543,9059
2023-01-03 00:00:00+00:00,55.4020612436,55.6129643259,55.099262637,55.6129643259,698
2023-01-04 00:00:00+00:00,57.6582580875,58.6000445172,57.5060501797,57.5061453096,1475
2023-01-05 00:00:00+00:00,54.5379959768,56.5166987787,54.5379959768,56.5166987787,3095
2023-01-06 00:00:00+00:00,57.5345891624,57.8675439608,56.2755443747,56.2755443747,5222
2023-01-09 00:00:00+00:00,57.6202061105,58.6000445172,57.5250761681,58.4097846324,4733
2023-01-10 00:00:00+00:00,57.8104659953,57.8104659953,57.3252081592,57.7629010241,1365
2023-01-11 00:00:00+00:00,61.9200795069,62.000939958,59.8937166039,59.8937166039,3947
2023-01-12 00:00:00+00:00,63.3755676256,63.4610894438,61.9367272468,61.9676444781,8072
2023-01-13 00:00:00+00:00,62.6247069903,62.6247069903,62.4907640314,62.4907640314,555
2023-01-17 00:00:00+00:00,62.712607057,63.2804376832,62.712607057,63.0996907927,1087
2023-01-18 00:00:00+00:00,61.0068320599,63.2614116947,60.8773602083,63.2614116947,1467
2023-01-19 00:00:00+00:00,60.3483425986,61.2636829044,60.3483425986,60.730955227,1079
2023-01-20 00:00:00+00:00,61.7078446054,61.7078446054,59.8080996557,59.8080996557,398
2023-01-23 00:00:00+00:00,62.2097501815,62.7810054856,61.9010535184,61.9010535184,570
2023-01-24 00:00:00+00:00,62.5265328897,62.5265328897,61.9866704666,61.9866704666,750
2023-01-25 00:00:00+00:00,62.3314213779,62.3314213779,61.5585857258,61.9676444781,7603
2023-01-26 00:00:00+00:00,63.7846263779,63.7846263779,63.7370614067,63.7370614067,486
2023-01-27 00:00:00+00:00,65.041292917,65.5159913296,64.6122568768,64.6883608307,1635
2023-01-30 00:00:00+00:00,63.6038794874,64.5266399286,63.6038794874,64.5266399286,2360
2023-01-31 00:00:00+00:00,66.048719007,66.048719007,64.6847458929,64.8215427501,2852
2023-02-01 00:00:00+00:00,66.7581981174,67.5422591027,64.6122568768,65.4113483929,4289
2023-02-02 00:00:00+00:00,69.5622482995,70.5423720961,68.7789483538,70.5423720961,2144
2023-02-03 00:00:00+00:00,66.9099303755,66.9429404655,65.4779393526,66.5909596787,1752
2023-02-06 00:00:00+00:00,65.8926107715,66.0011540358,65.611121272,65.611121272,1532
2023-02-07 00:00:00+00:00,65.8774851107,65.8869981049,64.3782372185,64.7435361973,1398
2023-02-08 00:00:00+00:00,65.1612517744,65.2781664736,64.9356986809,64.9356986809,2319
2023-02-09 00:00:00+00:00,63.6894013056,66.0392060128,63.6894013056,66.0392060128,1005
2023-02-10 00:00:00+00:00,64.2225095028,64.2236510621,62.6050150922,62.6050150922,1698
2023-02-13 00:00:00+00:00,65.1779946442,65.3338174899,65.1779946442,65.3338174899,2028
2023-02-14 00:00:00+00:00,64.2709306435,64.7264128077,64.2709306435,64.4315099862,734
2023-02-15 00:00:00+00:00,64.5330136348,64.5330136348,64.5076139402,64.5076139402,257
2023-02-16 00:00:00+00:00,63.3945936141,64.0224512339,63.3945936141,64.0224512339,797
2023-02-17 00:00:00+00:00,62.9706945908,62.9706945908,62.9706945908,62.9706945908,86
2023-02-21 00:00:00+00:00,60.4153140781,61.6632286625,60.2077405438,61.6632286625,2621
2023-02-22 00:00:00+00:00,59.0501042747,60.5216693537,58.8568953617,60.1030976071,6351
2023-02-23 00:00:00+00:00,59.7830804809,59.8177077799,58.9804691569,59.2183891428,4676
2023-02-24 00:00:00+00:00,57.9044543784,57.9044543784,57.6867970702,57.6963100645,896
2023-02-27 00:00:00+00:00,57.9847440498,58.7142004481,57.877056955,58.7142004481,676
2023-02-28 00:00:00+00:00,57.6582580875,58.4858885864,57.6582580875,58.4858885864,1326
2023-03-01 00:00:00+00:00,56.212282963,56.6593936923,55.6034513317,56.6498806981,5094
2023-03-02 00:00:00+00:00,57.5631281451,57.6106931163,56.050562061,56.050562061,3185
2023-03-03 00:00:00+00:00,59.3866740109,59.6464738836,58.9710512926,58.9710512926,1794
2023-03-06 00:00:00+00:00,58.9912188404,58.9912188404,58.8093303905,58.8093303905,282
2023-03-07 00:00:00+00:00,56.2666021602,57.6297191048,56.2408219458,57.6297191048,2726
2023-03-08 00:00:00+00:00,57.43945922,58.190890635,57.1826083755,58.076829834,2517
2023-03-09 00:00:00+00:00,54.8629598601,57.4870241912,54.8629598601,57.4870241912,3042
2023-03-10 00:00:00+00:00,51.3511429065,54.2240671669,51.1703960159,54.2240671669,10145
2023-03-13 00:00:00+00:00,52.6920945745,53.3488716969,52.6544231174,52.6544231174,1070
2023-03-14 00:00:00+00:00,53.6241777502,54.1688918003,52.8892989451,54.1688918003,1140
2023-03-15 00:00:00+00:00,53.3479203974,53.4535146335,52.3786414143,53.2853248953,4164
2023-03-16 00:00:00+00:00,53.5201055932,53.7674434434,52.8256570137,52.958838933,120341
2023-03-17 00:00:00+00:00,50.9497896795,52.8827349791,50.9325711599,52.7400400655,105728
2023-03-20 00:00:00+00:00,52.1407214284,52.2073123881,51.0562400851,51.0562400851,4594
2023-03-21 00:00:00+00:00,51.4621595493,52.1502344226,50.894519183,52.1502344226,2798
2023-03-22 00:00:00+00:00,47.7076661127,50.6757203155,47.6220491645,50.418869471,9668
2023-03-23 00:00:00+00:00,47.1463994525,49.2774052922,47.1463994525,48.6399395482,5836
2023-03-24 00:00:00+00:00,49.2291744114,49.2630406709,46.5851327924,46.5851327924,3183
2023-03-27 00:00:00+00:00,49.2092922534,50.261905066,49.2092922534,50.261905066,5831
2023-03-28 00:00:00+00:00,48.9076352061,48.9076352061,48.5352966115,48.5352966115,1761
2023-03-29 00:00:00+00:00,51.0997144687,51.1658297787,50.1593549881,50.2000706035,2712
2023-03-30 00:00:00+00:00,52.4217352782,52.721014077,52.2082636875,52.559293175,4466
2023-03-31 00:00:00+00:00,54.707802924,54.707802924,52.960551272,53.472540622,7951
2023-04-03 00:00:00+00:00,53.7097946983,55.099262637,53.1586118121,54.423840046,4989
2023-04-04 00:00:00+00:00,53.710365478,54.0433202764,53.472540622,54.0433202764,1507
2023-04-05 00:00:00+00:00,53.2061767833,53.7959824261,53.2061767833,53.7959824261,800
2023-04-06 00:00:00+00:00,53.910138357,53.910138357,53.8340344031,53.8340344031,625
2023-04-10 00:00:00+00:00,54.306449697,54.306449697,52.8259424035,53.1584215522,1492
2023-04-11 00:00:00+00:00,54.8883595547,55.0969795184,54.7853338271,54.7853338271,2929
2023-04-12 00:00:00+00:00,54.4618920229,55.7556592395,54.4618920229,55.3751394699,1715
2023-04-13 00:00:00+00:00,54.1288420946,54.4574209156,54.1288420946,54.147963213,2277
2023-04-14 00:00:00+00:00,52.3474387932,53.910138357,51.6936106991,53.910138357,2702
2023-04-17 00:00:00+00:00,54.5949788123,54.5949788123,53.6628005068,54.0271481862,923
2023-04-18 00:00:00+00:00,54.5517898185,54.6331259192,54.5517898185,54.6331259192,505
2023-04-19 00:00:00+00:00,54.9971882088,55.1848795851,54.2716321381,54.2811451324,5627
2023-04-20 00:00:00+00:00,53.7725804603,54.1955281842,53.5106877289,54.0433202764,710
2023-04-21 00:00:00+00:00,53.910138357,54.2906581266,53.7471807657,53.8340344031,1272
2023-04-24 00:00:00+00:00,53.6133329367,53.6133329367,52.9551288653,52.9551288653,929
2023-04-25 00:00:00+00:00,52.6336847899,53.1845822863,52.6336847899,52.8066310252,1189
2023-04-26 00:00:00+00:00,51.7792276473,52.5402671865,51.4652988374,52.5402671865,2916
2023-04-27 00:00:00+00:00,54.147963213,54.147963213,54.147963213,54.147963213,197
2023-04-28 00:00:00+00:00,55.4036784527,55.6967738052,55.2136088277,55.6967738052,1757
2023-05-01 00:00:00+00:00,54.4714050172,54.9755937119,54.4714050172,54.9755937119,628
2023-05-02 00:00:00+00:00,52.5878321577,52.797118031,52.3975722729,52.559293175,1799
2023-05-03 00:00:00+00:00,51.8907199398,53.6818264953,51.8907199398,52.5402671865,1894
2023-05-04 00:00:00+00:00,52.8452537818,52.8452537818,52.2578263875,52.2733325681,1842
2023-05-05 00:00:00+00:00,54.4149929613,54.4149929613,53.8435473973,53.8435473973,1555
2023-05-08 00:00:00+00:00,53.7195930824,54.2621191439,53.3678976853,54.2621191439,1168
2023-05-09 00:00:00+00:00,53.2061767833,53.4440016393,52.2263383766,52.2263383766,1330
2023-05-10 00:00:00+00:00,54.2358632798,54.5570219653,54.0433202764,54.3761799448,2804
2023-05-11 00:00:00+00:00,53.1542358347,53.1681248063,52.483189221,52.7400400655,1423
2023-05-12 00:00:00+00:00,53.2590690312,53.2917937314,52.5470214124,53.2917937314,828
2023-05-15 00:00:00+00:00,52.9797675204,53.3987197867,52.8263229233,52.8263229233,1160
2023-05-16 00:00:00+00:00,50.357796048,52.5117282038,50.357796048,52.5117282038,2286
2023-05-17 00:00:00+00:00,51.5223768028,51.5223768028,50.4093564768,50.418869471,3715
2023-05-18 00:00:00+00:00,50.8902383356,51.3511429065,50.2761745574,51.1038050563,3176
2023-05-19 00:00:00+00:00,50.7613372636,51.6039031635,50.4854604307,51.5509157855,2608
2023-05-22 00:00:00+00:00,51.3951880698,51.731757806,50.5235124076,51.0847790678,1242
2023-05-23 00:00:00+00:00,50.0541412718,51.5033508143,50.0541412718,51.1038050563,3406
2023-05-24 00:00:00+00:00,47.878900009,49.5151350182,47.7932830608,49.5151350182,7524
2023-05-25 00:00:00+00:00,48.134894684,48.6397492883,47.6791271299,47.7552310839,1553
2023-05-26 00:00:00+00:00,49.2674166482,49.4390310643,48.6970175136,48.9443553638,4731
2023-05-30 00:00:00+00:00,49.4749901825,49.6958819088,49.3914660931,49.5722129837,503
2023-05-31 00:00:00+00:00,50.1488906945,50.1488906945,49.6388039433,49.6388039433,606
2023-06-01 00:00:00+00:00,50.0921932488,50.1049406611,50.0478626956,50.1049406611,243
2023-06-02 00:00:00+00:00,52.2945465453,52.3500073017,50.8754931945,50.8754931945,3082
2023-06-05 00:00:00+00:00,51.7192006536,52.2739033478,51.7192006536,52.245364365,2703
2023-06-06 00:00:00+00:00,52.4285846341,52.4451372441,51.845818607,51.845818607,1836
2023-06-07 00:00:00+00:00,54.1633742637,54.3001711208,52.6525205185,52.6525205185,3130
2023-06-08 00:00:00+00:00,53.4991770058,53.4991770058,53.0064990342,53.0064990342,1741
2023-06-09 00:00:00+00:00,52.9630246505,52.9775795317,52.8637089906,52.8637089906,2715
2023-06-12 00:00:00+00:00,52.879595691,52.8827349791,52.233948772,52.233948772,2054
2023-06-13 00:00:00+00:00,53.6299806766,53.6532875125,53.2632547487,53.5181078644,1061
2023-06-14 00:00:00+00:00,54.1091501965,54.385788069,53.6342615241,54.1765021957,945
2023-06-15 00:00:00+00:00,54.5665349596,54.5665349596,54.0789940048,54.0789940048,1418
2023-06-16 00:00:00+00:00,54.4740686555,55.299035516,54.4523790287,55.1753665909,1281
2023-06-20 00:00:00+00:00,53.3555307928,53.3555307928,52.797118031,52.797118031,38466
2023-06-21 00:00:00+00:00,52.9431482003,52.9431482003,52.2662233809,52.4092356667,1557
2023-06-22 00:00:00+00:00,51.2984115722,52.8287383717,50.8170322182,52.5808504097,12121
2023-06-23 00:00:00+00:00,50.2855985642,50.5784877255,50.2855985642,50.5784877255,727
2023-06-26 00:00:00+00:00,52.2916795678,52.2916795678,50.8289499087,50.8289499087,40325
2023-06-27 00:00:00+00:00,53.5760252357,53.7092173446,52.6093575253,52.6093575253,5237
2023-06-28 00:00:00+00:00,53.6046276929,53.7344828484,53.1052287909,53.1052287909,1641
2023-06-29 00:00:00+00:00,54.6866586472,54.6866586472,53.5818410687,53.748784077,3222
2023-06-30 00:00:00+00:00,55.3640601742,55.9321049734,54.474047049,55.4983010398,3977
2023-07-03 00:00:00+00:00,56.3429315997,56.489852888,55.1360032491,55.1360032491,1630
2023-07-05 00:00:00+00:00,56.7758774596,57.2049143169,55.3648229064,55.5936425637,3486
2023-07-06 00:00:00+00:00,56.2351956777,56.2514990783,54.6688297822,54.7737054585,2579
2023-07-07 00:00:00+00:00,55.5782925783,56.2610332307,55.5745742589,55.8892012877,6096
2023-07-10 00:00:00+00:00,55.8568805111,55.9178037448,55.0215934205,55.8033939162,2478
2023-07-11 00:00:00+00:00,57.1991938255,57.1991938255,55.9750086591,56.0894184878,3063
2023-07-12 00:00:00+00:00,57.8072820647,58.6827079368,57.8072820647,58.6827079368,1997
2023-07-13 00:00:00+00:00,58.5046099702,58.5046099702,57.9771806602,57.9771806602,3433
2023-07-14 00:00:00+00:00,58.3955392669,58.3955392669,57.8770720602,57.9152086697,617
2023-07-17 00:00:00+00:00,57.5116279992,57.8580990969,57.5116279992,57.7197585458,2569
2023-07-18 00:00:00+00:00,56.4612504308,57.9867148126,55.7271206971,57.9867148126,4452
2023-07-19 00:00:00+00:00,57.7435939268,58.0057831174,56.8426165263,56.8426165263,2591
2023-07-20 00:00:00+00:00,57.2053910246,57.2053910246,55.7004250704,56.442182126,1525
2023-07-21 00:00:00+00:00,57.8032777207,57.9581123554,57.8032777207,57.8703981535,1887
2023-07-24 00:00:00+00:00,58.8698633481,58.8698633481,58.120192946,58.5682981082,1442
2023-07-25 00:00:00+00:00,58.0842491915,59.1117447942,57.9867148126,58.9209664049,2984
2023-07-26 00:00:00+00:00,58.2903775661,58.3716085444,57.7292926982,58.3716085444,1113
2023-07-27 00:00:00+00:00,55.9845428115,58.5539968796,55.9845428115,58.5539968796,2382
2023-07-28 00:00:00+00:00,55.6603816304,56.7806445358,55.6603816304,56.7806445358,1073
2023-07-31 00:00:00+00:00,56.3468406022,56.73774085,55.7938597638,55.7938597638,1081
2023-08-01 00:00:00+00:00,56.2818176829,56.2818176829,56.1848553531,56.1848553531,447
2023-08-02 00:00:00+00:00,55.7839442453,55.7843256114,55.2980838397,55.6712505641,1546
2023-08-03 00:00:00+00:00,54.2437972688,54.7165005442,52.7533232263,54.7165005442,5592
2023-08-04 00:00:00+00:00,53.099794324,54.6974322394,53.099794324,53.9251658961,2006
2023-08-07 00:00:00+00:00,54.4266623116,54.4266623116,54.02050742,54.02050742,674
2023-08-08 00:00:00+00:00,53.9644466039,53.9644466039,53.1069449383,53.4390194659,965
2023-08-09 00:00:00+00:00,54.0546396855,54.2493270772,53.7440170008,53.8679609818,1241
2023-08-10 00:00:00+00:00,53.7819629273,53.7819629273,53.7819629273,53.7819629273,203
2023-08-11 00:00:00+00:00,53.8674842742,53.8674842742,53.3540701682,53.3540701682,1581
2023-08-14 00:00:00+00:00,53.3621741977,53.3912533625,53.18150201,53.18150201,1718
2023-08-15 00:00:00+00:00,52.3438313813,52.3438313813,52.3438313813,52.3438313813,434
2023-08-16 00:00:00+00:00,51.023923325,51.5368607234,51.023923325,51.4846135683,812
2023-08-17 00:00:00+00:00,50.2800687558,51.1983983137,50.2800687558,51.1983983137,3072
2023-08-18 00:00:00+00:00,50.4166931595,50.4166931595,50.4166931595,50.4166931595,93
2023-08-21 00:00:00+00:00,49.6107712583,50.244983075,48.8054214063,50.244983075,4176
2023-08-22 00:00:00+00:00,49.8797296971,49.8797296971,49.8797296971,49.8797296971,221
2023-08-23 00:00:00+00:00,51.2106020287,51.3700130566,51.0363177231,51.0363177231,1967
2023-08-24 00:00:00+00:00,50.9872168383,52.6488289162,50.8744278156,52.1041427903,1448
2023-08-25 00:00:00+00:00,51.135854274,51.135854274,51.135854274,51.135854274,539
2023-08-28 00:00:00+00:00,51.9134597426,51.9801988093,51.9134597426,51.9801988093,2915
2023-08-29 00:00:00+00:00,53.0289555718,53.0289555718,52.6761919335,52.7069872457,4976
2023-08-30 00:00:00+00:00,53.3514006055,53.3803844288,53.0046434832,53.0046434832,1338
2023-08-31 00:00:00+00:00,52.6452059383,53.7535511532,52.5399488959,53.7535511532,3412
2023-09-01 00:00:00+00:00,52.5451926797,52.5451926797,52.2757575333,52.2757575333,1344
2023-09-05 00:00:00+00:00,51.5468715834,52.5617821049,51.5320936472,52.5617821049,2093
2023-09-06 00:00:00+00:00,51.2365349232,51.3080410661,51.0077152659,51.3080410661,1233
2023-09-07 00:00:00+00:00,52.0850744856,52.2090184666,51.3890813614,51.3890813614,1659
2023-09-08 00:00:00+00:00,51.3011764764,51.6184730678,51.2365349232,51.6184730678,1569
2023-09-11 00:00:00+00:00,51.3049901373,51.4409471504,50.9743457326,51.3414105995,851
2023-09-12 00:00:00+00:00,51.381549381,51.381549381,51.1602617041,51.1983983137,2100
2023-09-13 00:00:00+00:00,50.3201121958,50.4595015037,50.3117221417,50.4595015037,593
2023-09-14 00:00:00+00:00,52.1039521073,52.1613477047,50.7598273039,50.7598273039,4210
2023-09-15 00:00:00+00:00,51.6556562621,51.6556562621,51.6556562621,51.6556562621,244
2023-09-18 00:00:00+00:00,50.8569803167,50.8569803167,50.8569803167,50.8569803167,250
2023-09-19 00:00:00+00:00,50.2862659549,50.4451049336,50.1018754477,50.1018754477,1224
2023-09-20 00:00:00+00:00,50.4516892193,51.5637297454,50.4516892193,51.4487604483,575
2023-09-21 00:00:00+00:00,46.9995444586,48.5179056422,46.9937959938,48.5179056422,5787
2023-09-22 00:00:00+00:00,46.2408429056,46.9074732132,46.2408429056,46.6871153938,1642
2023-09-25 00:00:00+00:00,46.0841014305,46.1410112326,45.8407497517,45.8407497517,2232
2023-09-26 00:00:00+00:00,44.5534768552,45.1541914326,44.502698749,45.1541914326,17949
2023-09-27 00:00:00+00:00,43.7796376781,44.5506026228,43.5446212733,44.5506026228,3813
2023-09-28 00:00:00+00:00,44.5405428093,44.5506026228,44.186533182,44.4836330073,1836
2023-09-29 00:00:00+00:00,44.9193666432,45.8248456656,44.5122795238,45.721085875,4958
2023-10-02 00:00:00+00:00,43.3497483147,44.4452141005,42.9505174306,44.4452141005,3828
2023-10-03 00:00:00+00:00,41.6763701955,41.8392433664,41.5422393489,41.7817587179,3993
2023-10-04 00:00:00+00:00,42.606471809,42.6344476713,42.0500204111,42.2176839693,1569
2023-10-05 00:00:00+00:00,43.1450071581,43.1450071581,42.2033128072,42.3854433354,6164
2023-10-06 00:00:00+00:00,43.3625865529,43.9470138131,42.0212780868,42.3757667528,1667
2023-10-09 00:00:00+00:00,44.5245429155,44.5245429155,43.3530057781,43.3530057781,1303
2023-10-10 00:00:00+00:00,44.8823848527,45.3841300267,44.8823848527,45.3841300267,676
2023-10-11 00:00:00+00:00,46.6580856463,46.6580856463,45.6619724947,45.9511202769,1322
2023-10-12 00:00:00+00:00,45.4760096567,45.9446053501,45.4703569996,45.9446053501,1606
2023-10-13 00:00:00+00:00,45.3365135762,45.3365135762,45.2970407842,45.2970407842,506
2023-10-16 00:00:00+00:00,46.371620481,46.371620481,45.9972996112,45.9972996112,1429
2023-10-17 00:00:00+00:00,45.7916961849,46.4188537006,45.5351230369,46.4188537006,629
2023-10-18 00:00:00+00:00,43.8846429694,44.8284450908,43.870367615,44.8284450908,6275
2023-10-19 00:00:00+00:00,41.7442978886,43.3051019043,41.7442978886,42.9506132383,2953
2023-10-20 00:00:00+00:00,41.2472472942,41.9254703392,41.2472472942,41.9063087897,1514
2023-10-23 00:00:00+00:00,40.4667973824,40.5650003237,40.4667973824,40.5650003237,664
2023-10-24 00:00:00+00:00,41.4751739256,41.4943354751,41.4320604392,41.4943354751,2098
2023-10-25 00:00:00+00:00,39.7041677117,40.3063194052,39.7041677117,40.3063194052,549
2023-10-26 00:00:00+00:00,41.4020726142,41.5326585742,41.1590083586,41.1781699081,7527
2023-10-27 00:00:00+00:00,39.9805730634,41.2739776557,39.9023939414,41.2739776557,2152
2023-10-30 00:00:00+00:00,40.1913501081,40.3063194052,39.2811765061,40.3063194052,1199
2023-10-31 00:00:00+00:00,41.9075542904,41.9075542904,41.580562448,41.580562448,504
2023-11-01 00:00:00+00:00,42.3298748418,42.3374436538,41.7625971684,42.2416359062,2710
2023-11-02 00:00:00+00:00,44.917929527,45.1446106578,43.6021059218,43.6021059218,8216
2023-11-03 00:00:00+00:00,47.0554961832,47.7170486802,45.9685572869,45.9685572869,5784
2023-11-06 00:00:00+00:00,45.6510504115,47.3002849783,45.2404184054,47.3002849783,4587
2023-11-07 00:00:00+00:00,44.8554628756,45.0194857395,44.8554628756,44.9338336131,1405
2023-11-08 00:00:00+00:00,45.3837467957,45.5182608733,45.096706784,45.096706784,933
2023-11-09 00:00:00+00:00,44.0149415061,45.2145503135,43.9853369121,45.2145503135,2966
2023-11-10 00:00:00+00:00,44.9867194898,44.9867194898,43.9853369121,43.9853369121,1736
2023-11-13 00:00:00+00:00,44.2718020774,44.2718020774,44.1003062092,44.1003062092,1266
2023-11-14 00:00:00+00:00,48.9269089166,49.168536056,47.991921108,48.1528781239,6295
2023-11-15 00:00:00+00:00,49.157901396,49.762544091,49.1128717546,49.5805093706,1399
2023-11-16 00:00:00+00:00,49.1467876973,49.446378524,48.9960821103,49.1206321822,2000
2023-11-17 00:00:00+00:00,48.9335196512,49.0439859841,48.8379993268,48.900561786,3266
2023-11-20 00:00:00+00:00,49.6261138584,49.6261138584,48.1453093119,48.6224318948,1148
2023-11-21 00:00:00+00:00,49.2215177404,49.3602473589,49.2215177404,49.3602473589,613
2023-11-22 00:00:00+00:00,49.512390062,50.0595481084,49.2432660991,50.0595481084,19565
2023-11-24 00:00:00+00:00,49.7824721025,49.7824721025,49.5710244036,49.5710244036,198
2023-11-27 00:00:00+00:00,50.1935831473,50.3085524444,49.7721248657,49.7721248657,965
2023-11-28 00:00:00+00:00,50.7318310732,50.7318310732,49.5805093706,49.5805093706,1896
2023-11-29 00:00:00+00:00,51.4531676047,51.9325895736,51.4531676047,51.8990568619,2669
2023-11-30 00:00:00+00:00,52.291868627,52.330191726,51.458341223,51.7840875648,5172
2023-12-01 00:00:00+00:00,54.5136502932,54.5136502932,52.4354844406,52.4354844406,4569
2023-12-04 00:00:00+00:00,55.0824608906,55.0824608906,54.1075212513,54.4052917307,1680
2023-12-05 00:00:00+00:00,54.5941288012,54.5941288012,54.0355696328,54.1697004794,1821
2023-12-06 00:00:00+00:00,54.2076403475,55.4295723601,54.2076403475,55.4295723601,840
2023-12-07 00:00:00+00:00,54.3078552515,54.6104161183,54.2750890018,54.6104161183,2174
2023-12-08 00:00:00+00:00,54.0230188179,54.1313773804,53.26920346,54.1313773804,1915
2023-12-11 00:00:00+00:00,54.3879505284,54.3879505284,53.8631156872,54.0547311824,20689
2023-12-12 00:00:00+00:00,54.4213874323,54.6104161183,54.4213874323,54.4569321067,1593
2023-12-13 00:00:00+00:00,58.2764037715,58.3948221475,54.7597803968,54.7597803968,4528
2023-12-14 00:00:00+00:00,61.381724486,62.2750359244,60.9145659088,60.9145659088,8941
2023-12-15 00:00:00+00:00,60.2164148522,60.8858235845,59.3816419476,60.8858235845,7041
2023-12-18 00:00:00+00:00,59.7300947255,60.3493001981,59.6499036408,60.3493001981,21026
2023-12-19 00:00:00+00:00,60.522041567,60.7133696389,60.4162698137,60.6942080894,1349
2023-12-20 00:00:00+00:00,59.1990390872,61.0488039476,59.1990390872,60.6046055606,5238
2023-12-21 00:00:00+00:00,59.91533553,60.2978557836,59.0167073287,60.2978557836,4778
2023-12-22 00:00:00+00:00,60.4236251227,61.1665618859,60.1522992501,60.6935996747,6855
2023-12-26 00:00:00+00:00,61.3063270454,61.5816103569,60.423335554,60.423335554,3159
2023-12-27 00:00:00+00:00,61.8615267676,61.9773542479,61.5043920367,61.7378809324,3864
2023-12-28 00:00:00+00:00,62.5841937218,62.5841937218,61.8325698976,61.9773542479,1967
2023-12-29 00:00:00+00:00,61.4078691365,62.3248366888,61.4078691365,62.2893162615,4569
2024-01-02 00:00:00+00:00,62.4213595891,62.4213595891,61.0314298255,61.0989958557,38707
2024-01-03 00:00:00+00:00,59.4194973914,60.8528624601,59.3615836513,60.8094271549,6745
2024-01-04 00:00:00+00:00,59.2218184917,59.8345458625,59.0190238783,59.3711394184,3916
2024-01-05 00:00:00+00:00,59.0039663058,59.5546294518,58.4060069388,59.5546294518,3271
2024-01-08 00:00:00+00:00,60.6234275262,60.6260336445,58.5218344191,58.5218344191,3110
2024-01-09 00:00:00+00:00,59.733389863,60.2013328834,59.6164041079,59.660804642,738
2024-01-10 00:00:00+00:00,59.7829061108,59.8441981525,59.7283706722,59.8441981525,1907
2024-01-11 00:00:00+00:00,58.7439336126,58.7439336126,58.7439336126,58.7439336126,386
2024-01-12 00:00:00+00:00,59.641500062,59.6600324588,59.4098451014,59.4098451014,1144
2024-01-16 00:00:00+00:00,58.7948977039,59.3743246741,58.5604435792,58.7245325096,3356
2024-01-17 00:00:00+00:00,56.6964898526,57.9620015977,55.5971905417,57.4697348064,1730
2024-01-18 00:00:00+00:00,55.9338624177,55.9338624177,55.339474398,55.339474398,1197
2024-01-19 00:00:00+00:00,56.9967725952,56.9967725952,55.8771069524,56.0605004628,10244
2024-01-22 00:00:00+00:00,57.6170287522,58.3673977787,57.4214733563,57.8654786974,7144
2024-01-23 00:00:00+00:00,57.0088379578,57.0922337436,57.0088379578,57.0922337436,1094
2024-01-24 00:00:00+00:00,55.3089731615,57.672432897,55.3089731615,57.672432897,2749
2024-01-25 00:00:00+00:00,56.6749652458,56.6749652458,56.3114600035,56.5624195441,1005
2024-01-26 00:00:00+00:00,56.2735265037,56.7265084745,56.2623298473,56.7265084745,1536
2024-01-29 00:00:00+00:00,56.9736070992,57.0450340454,56.108761913,56.108761913,4311
2024-01-30 00:00:00+00:00,56.0256556959,56.9232221452,56.0256556959,56.5913764142,1179
2024-01-31 00:00:00+00:00,55.0759668803,57.0644351483,55.0180531402,55.6937134419,4035
2024-02-01 00:00:00+00:00,57.0137606257,57.0137606257,54.6223092492,55.4717107713,4291
2024-02-02 00:00:00+00:00,55.7424575065,56.2535462633,54.2825486403,56.2535462633,2980
2024-02-05 00:00:00+00:00,53.3385546759,54.1107378779,53.2999455158,54.1107378779,4746
2024-02-06 00:00:00+00:00,55.0147713616,55.0147713616,53.2420317757,53.2420317757,21410
2024-02-07 00:00:00+00:00,54.9022256599,55.4813630614,54.8780949348,55.0277054302,8222
2024-02-08 00:00:00+00:00,55.4647611225,55.4647611225,54.7477890195,54.7863981796,12004
2024-02-09 00:00:00+00:00,55.6990222014,55.6990222014,54.7671901225,55.0856191704,4019
2024-02-12 00:00:00+00:00,55.4040482183,56.0605004628,55.4040482183,55.4524061913,2257
2024-02-13 00:00:00+00:00,53.3048681837,53.8115168871,52.209236743,53.8115168871,1783
2024-02-14 00:00:00+00:00,54.0624764278,54.3230882584,53.7294724219,54.0045626876,4596
2024-02-15 00:00:00+00:00,56.5720718342,56.5817241242,55.9060638225,56.0122390127,6541
2024-02-16 00:00:00+00:00,55.4195884052,55.8771069524,54.95048711,54.95048711,2286
2024-02-20 00:00:00+00:00,55.1212361206,55.6454519918,54.8732687898,55.5585813816,3219
2024-02-21 00:00:00+00:00,56.0991096229,56.1666756531,55.5006676414,55.6937134419,18172
2024-02-22 00:00:00+00:00,56.2342416833,56.4213995869,56.2067326567,56.2067326567,2548
2024-02-23 00:00:00+00:00,56.4493912279,56.9774680152,56.4465920638,56.6541162994,3143
2024-02-26 00:00:00+00:00,55.1912152232,56.7361607646,55.1009663115,56.7361607646,4095
2024-02-27 00:00:00+00:00,55.2304035207,55.5006676414,55.1821420706,55.1966205056,2507
2024-02-28 00:00:00+00:00,56.5629021586,56.6396378643,56.0170651577,56.0344392798,1049
2024-02-29 00:00:00+00:00,57.5469531266,58.1453951082,57.0258259882,57.363752662,4257
2024-03-01 00:00:00+00:00,58.7298412691,58.7298412691,56.7554653446,57.4986916765,13064
2024-03-04 00:00:00+00:00,60.0412013919,60.1143657503,57.8472358693,58.85001228,10191
2024-03-05 00:00:00+00:00,58.6655570176,60.3171603637,58.6105389644,59.8248935724,1972
2024-03-06 00:00:00+00:00,59.2288646634,59.3615836513,58.8114031199,59.1588855607,22501
2024-03-07 00:00:00+00:00,59.2222045833,59.6294346994,58.6569664795,59.6294346994,2714
2024-03-08 00:00:00+00:00,60.5623285303,60.6935996747,60.1820283033,60.4667708591,4527
2024-03-11 00:00:00+00:00,59.9600256328,60.5681199043,59.4194973914,60.5681199043,4495
2024-03-12 00:00:00+00:00,59.660804642,59.8236387747,59.5015418566,59.8236387747,3971
2024-03-13 00:00:00+00:00,58.7727939598,59.7765355994,58.6473141894,59.6897615121,5722
2024-03-14 00:00:00+00:00,57.1484100715,58.3191363286,56.3693737436,58.3191363286,4475
2024-03-15 00:00:00+00:00,57.1278506938,57.2284275558,56.2052848132,56.2245893933,2352
2024-03-18 00:00:00+00:00,56.9774680152,57.682085187,56.9292065651,57.305645876,38875
2024-03-19 00:00:00+00:00,57.0941642016,57.0941642016,56.8519882449,56.967043542,3680
2024-03-20 00:00:00+00:00,57.4676537727,57.6156288665,56.6207571526,56.6497339986,1545
2024-03-21 00:00:00+00:00,57.9674077773,58.4076626581,57.538357277,57.9053973268,4500
2024-03-22 00:00:00+00:00,56.6710802752,56.6710802752,56.5049463579,56.5434855632,3579
2024-03-25 00:00:00+00:00,56.1399346874,56.4004365332,56.1399346874,56.4004365332,808
2024-03-26 00:00:00+00:00,55.5486138493,56.2150813081,55.5486138493,56.0701970779,1529
2024-03-27 00:00:00+00:00,58.2706021763,58.2706021763,56.3889423843,56.3889423843,636
2024-03-28 00:00:00+00:00,59.132083809,59.3349217312,58.5428879396,58.5428879396,4595
2024-04-01 00:00:00+00:00,57.1701581534,59.8468460112,57.0360919458,59.8468460112,50035
2024-04-02 00:00:00+00:00,55.8119167903,55.8273711081,55.6840323098,55.8094054636,1701
2024-04-03 00:00:00+00:00,55.9325570593,55.9325570593,55.6066641308,55.6066641308,644
2024-04-04 00:00:00+00:00,55.0795753015,56.698028742,55.0795753015,56.698028742,702
2024-04-05 00:00:00+00:00,55.7546392246,55.7546392246,54.9883948259,54.9883948259,1970
2024-04-08 00:00:00+00:00,56.4949976408,56.4949976408,56.3116707949,56.3116707949,22965
2024-04-09 00:00:00+00:00,57.9305105934,57.9324423831,57.2630772397,57.2630772397,1856
2024-04-10 00:00:00+00:00,53.3077377559,54.746921109,52.9213798088,54.6116958275,7367
2024-04-11 00:00:00+00:00,53.4199747396,53.9259104713,52.8045065298,53.9259104713,1477
2024-04-12 00:00:00+00:00,52.1718453913,52.6992239892,52.1718453913,52.6992239892,903
2024-04-15 00:00:00+00:00,50.4652057494,52.7668366299,50.0624275895,52.5446808103,29786
2024-04-16 00:00:00+00:00,48.9446940484,50.4680068445,48.7583729284,50.4680068445,6705
2024-04-17 00:00:00+00:00,48.1623192055,48.4492865707,48.1623192055,48.3333791865,2118
2024-04-18 00:00:00+00:00,48.0372358201,48.0919054696,47.9823729916,47.9823729916,609
2024-04-19 00:00:00+00:00,48.3984805006,48.3984805006,48.2947433918,48.2947433918,362
2024-04-22 00:00:00+00:00,49.222002465,49.3765456438,48.6926920774,48.6926920774,2527
2024-04-23 00:00:00+00:00,50.0296837534,50.376246832,49.9367646672,50.1009667947,1231
2024-04-24 00:00:00+00:00,50.5214208307,50.5214208307,50.0526720513,50.0526720513,542
2024-04-25 00:00:00+00:00,49.8638396046,49.8638396046,49.8638396046,49.8638396046,559
2024-04-26 00:00:00+00:00,49.9596563755,50.7095771509,49.9596563755,50.7095771509,2623
2024-04-29 00:00:00+00:00,50.9021765876,50.9021765876,50.1685794354,50.1685794354,769
2024-04-30 00:00:00+00:00,49.0867771835,50.0140362566,49.0867771835,49.7823180778,2506
2024-05-01 00:00:00+00:00,49.2526213323,49.3379098491,49.0385790296,49.0674592861,2132
2024-05-02 00:00:00+00:00,50.4939894164,50.620908002,49.2316614136,49.2316614136,577
2024-05-03 00:00:00+00:00,51.3076592531,51.5114630702,51.3076592531,51.4628785583,2245
2024-05-06 00:00:00+00:00,51.3276532768,51.3276532768,51.3276532768,51.3276532768,605
2024-05-07 00:00:00+00:00,52.3901376315,52.5446808103,51.74298807,51.74298807,1900
2024-05-08 00:00:00+00:00,51.5475875383,51.7816238647,51.4628785583,51.7816238647,2731
2024-05-09 00:00:00+00:00,53.8705646954,53.8705646954,52.7861545273,52.7861545273,3338
2024-05-10 00:00:00+00:00,53.5366548396,53.964546266,53.4226792452,53.964546266,5536
2024-05-13 00:00:00+00:00,53.7756172299,54.1287483936,53.2703576245,54.1287483936,3072
2024-05-14 00:00:00+00:00,54.4281758026,54.5730600328,54.2639736751,54.5730600328,6165
2024-05-15 00:00:00+00:00,56.3020118462,56.3999535858,55.9639486425,56.3117673844,2819
2024-05-16 00:00:00+00:00,56.12815077,56.4372371277,56.0508791806,56.0508791806,2256
2024-05-17 00:00:00+00:00,56.015044481,56.2043598751,55.8094054636,55.8094054636,3412
2024-05-20 00:00:00+00:00,55.3361169784,56.1378097187,55.3162195441,55.5196370033,3128
2024-05-21 00:00:00+00:00,55.258459031,55.258459031,55.1332790561,55.1332790561,249
2024-05-22 00:00:00+00:00,54.1973269292,55.017371672,53.9823187316,54.6986263656,3497
2024-05-23 00:00:00+00:00,51.9384851913,53.2642724869,51.9384851913,53.2642724869,2546
2024-05-24 00:00:00+00:00,51.8805314992,52.1824702349,51.8805314992,52.1293460171,1789
2024-05-28 00:00:00+00:00,51.2514441718,52.3708197341,51.2407227387,52.3708197341,3531
2024-05-29 00:00:00+00:00,50.3161681712,50.390735255,50.0526720513,50.062331,3033
2024-05-30 00:00:00+00:00,51.6984603166,51.6984603166,51.1151564059,51.1151564059,4012
2024-05-31 00:00:00+00:00,53.6895559972,53.6895559972,52.8305856912,52.8305856912,2547
2024-06-03 00:00:00+00:00,53.2940220488,54.1188962659,53.0372871929,53.7423904464,3578
2024-06-04 00:00:00+00:00,54.399681904,54.505447392,54.1963610343,54.1963610343,1172
2024-06-05 00:00:00+00:00,54.1708614098,54.177043137,53.7858557155,53.9935231121,772
2024-06-06 00:00:00+00:00,54.3910854397,54.3910854397,53.9790346891,53.9790346891,357
2024-06-07 00:00:00+00:00,53.5094166043,53.5094166043,52.8159040892,52.9117208601,3101
2024-06-10 00:00:00+00:00,53.9919776803,54.1963610343,52.7668366299,52.7668366299,2550
2024-06-11 00:00:00+00:00,53.6969933876,54.1094304962,53.2691019612,53.2691019612,2343
2024-06-12 00:00:00+00:00,54.5499751454,56.0557086549,54.5499751454,56.0557086549,13626
2024-06-13 00:00:00+00:00,54.9744859398,55.1478640686,54.4668115973,55.1478640686,970
2024-06-14 00:00:00+00:00,54.9446397884,55.2103574666,54.9446397884,55.2103574666,1403
2024-06-17 00:00:00+00:00,54.4021932307,54.4337779928,54.0997715475,54.234996829,3592
2024-06-18 00:00:00+00:00,54.7559039313,55.0560074667,54.7080921353,55.0560074667,3860
2024-06-20 00:00:00+00:00,54.5596340941,54.6986263656,54.2639736751,54.2639736751,2521
2024-06-21 00:00:00+00:00,54.8192666346,54.8918053392,54.4378347513,54.6116958275,2816
2024-06-24 00:00:00+00:00,55.565613599,56.065657372,55.565613599,56.065657372,1678
2024-06-25 00:00:00+00:00,54.008397893,54.476470546,53.5976028057,54.476470546,4355
2024-06-26 00:00:00+00:00,53.8668962267,53.8668962267,53.5632444097,53.7875216027,2530
2024-06-27 00:00:00+00:00,54.7236351041,54.7236351041,54.1677202008,54.2604539446,1956
2024-06-28 00:00:00+00:00,55.5477075209,55.5477075209,55.0551753026,55.0551753026,432
2024-07-01 00:00:00+00:00,54.5839981735,55.5037296887,54.5839981735,55.4939785064,1744
2024-07-02 00:00:00+00:00,54.9284099326,55.1234335787,54.4701043642,54.8991563857,1318
2024-07-03 00:00:00+00:00,54.8601516564,55.4939785064,54.8357737007,55.4939785064,2608
2024-07-05 00:00:00+00:00,55.2513690906,55.2513690906,55.2513690906,55.2513690906,283
2024-07-08 00:00:00+00:00,55.4119710632,55.5495602455,55.4119710632,55.5329832356,1560
2024-07-09 00:00:00+00:00,55.4639448648,55.4647249594,55.4062178656,55.4062178656,666
2024-07-10 00:00:00+00:00,56.2336056843,56.2336056843,55.196567446,55.196567446,35264
2024-07-11 00:00:00+00:00,59.3358468233,59.6772357158,57.6099850669,57.6099850669,17237
2024-07-12 00:00:00+00:00,59.969771185,60.7108610403,59.8137522681,60.3305649304,8735
2024-07-15 00:00:00+00:00,60.5158373942,60.6426027642,59.9210152735,60.6426027642,5995
2024-07-16 00:00:00+00:00,61.7249840002,61.7249840002,60.5158373942,61.2861807964,39007
2024-07-17 00:00:00+00:00,62.631161372,63.3924361746,62.0662753809,62.895125877,15068
2024-07-18 00:00:00+00:00,61.7296645677,63.75322992,61.7296645677,63.3826849923,7309
2024-07-19 00:00:00+00:00,61.4425897606,61.559213901,61.4425897606,61.4519508956,1292
2024-07-22 00:00:00+00:00,62.7098534132,62.7878628716,61.3641902549,62.1735383863,43686
2024-07-23 00:00:00+00:00,62.5409629356,63.0121400647,62.2515478448,62.4563226732,3344
2024-07-24 00:00:00+00:00,60.7996943111,63.2851731693,60.7996943111,62.2125431155,1953
2024-07-25 00:00:00+00:00,60.2907801066,62.514829767,59.9600200027,62.4075667617,6229
2024-07-26 00:00:00+00:00,62.0481381819,62.3003037563,61.3495634814,61.3495634814,1150
2024-07-29 00:00:00+00:00,62.9151158007,62.9324729052,61.7737399117,62.0565241986,1668
2024-07-30 00:00:00+00:00,63.8867236057,63.977507113,63.0706471585,63.3826849923,1745
2024-07-31 00:00:00+00:00,63.581804135,64.8843670675,63.4070629481,63.4070629481,5927
2024-08-01 00:00:00+00:00,65.2991823628,65.6254569228,64.3968079522,64.962376526,12095
2024-08-02 00:00:00+00:00,65.5660722226,66.522565695,64.8453623383,66.0642601266,6120
2024-08-05 00:00:00+00:00,61.7932422764,64.8551135206,61.7932422764,64.3187984937,11526
2024-08-06 00:00:00+00:00,64.4650662283,65.0111324375,61.5104579895,61.5104579895,2705
2024-08-07 00:00:00+00:00,63.4366090305,66.4923370299,63.4366090305,65.371828671,3570
2024-08-08 00:00:00+00:00,64.512651998,64.6600898745,63.3730313218,63.3730313218,2207
2024-08-09 00:00:00+00:00,65.2579348617,65.5571986467,64.5918315983,64.7283481506,18150
2024-08-12 00:00:00+00:00,64.2874971985,65.1769025367,63.7629811023,65.1769025367,4208
2024-08-13 00:00:00+00:00,65.2589099799,65.3317513117,64.6939264771,64.6939264771,2022
2024-08-14 00:00:00+00:00,65.8924442944,66.1737659039,65.3816773652,65.3816773652,3707
2024-08-15 00:00:00+00:00,65.4109309121,65.8216507108,64.9916300729,65.8216507108,2817
2024-08-16 00:00:00+00:00,65.1215158212,65.1215158212,64.8490677876,64.8746158852,734
2024-08-19 00:00:00+00:00,66.0074107338,66.1130160381,65.5084427351,65.5084427351,34599
2024-08-20 00:00:00+00:00,66.1186717239,66.2105278612,65.7668490663,66.1617719497,3024
2024-08-21 00:00:00+00:00,66.6756592572,66.6961367401,65.6254569228,66.1812743143,2121
2024-08-22 00:00:00+00:00,67.2831579149,67.2831579149,66.3372932312,67.1466413626,6363
2024-08-23 00:00:00+00:00,70.0471305397,70.0471305397,68.2596413111,68.2596413111,11195
2024-08-26 00:00:00+00:00,69.795647548,70.9301000976,69.795647548,70.9301000976,46583
2024-08-27 00:00:00+00:00,70.2163135527,70.2163135527,68.8523181717,69.79896295,2379
2024-08-28 00:00:00+00:00,69.6849716288,70.4522921645,68.9116053601,70.4522921645,11321
2024-08-29 00:00:00+00:00,69.1553849178,69.3894132931,68.8331083425,69.3894132931,2406
2024-08-30 00:00:00+00:00,70.4522921645,70.4522921645,68.8335959017,69.6185660773,3016
2024-09-03 00:00:00+00:00,70.5763272035,71.3103962075,69.8965722849,70.0037377784,52551
2024-09-04 00:00:00+00:00,71.2062535805,72.3391459409,70.3928099525,71.261640296,11130
2024-09-05 00:00:00+00:00,70.6473158107,71.8857159636,70.4327897999,71.6321852236,7077
2024-09-06 00:00:00+00:00,70.5270837328,70.5270837328,69.4486029697,69.4772714457,1469
2024-09-09 00:00:00+00:00,72.2750806731,72.5000404489,70.3840338884,70.8423394568,3932
2024-09-10 00:00:00+00:00,74.7932259919,74.7932259919,72.821829465,73.2216279396,3167
2024-09-11 00:00:00+00:00,74.4310670811,74.4310670811,72.0873704137,73.806698878,3037
2024-09-12 00:00:00+00:00,74.5352097081,74.6018102833,72.9778483819,74.1918705791,4169
2024-09-13 00:00:00+00:00,75.5789762622,75.5814140578,74.9622139813,75.4438248754,6600
2024-09-16 00:00:00+00:00,76.1998340396,76.517625071,75.8251936154,75.8251936154,8117
2024-09-17 00:00:00+00:00,74.7742111864,76.0202172616,74.7742111864,76.0202172616,4987
2024-09-18 00:00:00+00:00,74.4531047531,75.084201272,74.3430139048,74.8209193497,8799
2024-09-19 00:00:00+00:00,73.9909962236,75.4741510524,73.2372298313,75.4741510524,4618
2024-09-20 00:00:00+00:00,73.8652059718,73.8652059718,73.1777476192,73.8164500603,3447
2024-09-23 00:00:00+00:00,75.3311987198,75.3311987198,74.3820186341,74.3820186341,4027
2024-09-24 00:00:00+00:00,75.4198369669,75.4198369669,75.2935591561,75.2935591561,696
2024-09-25 00:00:00+00:00,74.7433496696,75.2275357483,74.7433496696,75.2275357483,981
2024-09-26 00:00:00+00:00,73.2349802979,74.3535529498,72.8090532115,74.3535529498,7903
2024-09-27 00:00:00+00:00,73.409463532,74.4332551678,73.409463532,73.5923673935,1947
2024-09-30 00:00:00+00:00,74.5668102358,74.5668102358,72.7307217933,72.7307217933,1772
2024-10-01 00:00:00+00:00,73.6715800401,74.0182944799,73.0313186106,73.7098645208,13318
2024-10-02 00:00:00+00:00,73.1504802806,73.274146007,72.3194818478,72.8580103479,2790
2024-10-03 00:00:00+00:00,71.6567980499,71.9893149201,71.4088791113,71.9180333296,5618
2024-10-04 00:00:00+00:00,70.5570249384,70.8899334658,69.5191336474,70.5570249384,6848
2024-10-07 00:00:00+00:00,69.7119268504,69.9205821656,69.07851942,69.9205821656,3010
2024-10-08 00:00:00+00:00,70.1718301895,70.1718301895,69.7149621928,69.7149621928,598
2024-10-09 00:00:00+00:00,70.1958191863,70.1958191863,69.5093422201,69.5527182429,3591
2024-10-10 00:00:00+00:00,69.0393537109,69.6709007701,68.6281137654,69.6709007701,17995
2024-10-11 00:00:00+00:00,70.343278081,70.343278081,69.8667293156,69.9401650202,1602
2024-10-14 00:00:00+00:00,71.3941919704,71.4284619658,69.9182322231,70.077245002,22039
2024-10-15 00:00:00+00:00,73.3084160025,73.9643437156,72.1236533023,72.1236533023,11953
2024-10-16 00:00:00+00:00,74.4559712791,74.6694243936,73.2986245752,73.3084160025,5662
2024-10-17 00:00:00+00:00,73.4328650432,73.8763187844,73.4063302752,73.4860324933,2356
2024-10-18 00:00:00+00:00,74.4590066215,74.4735958481,73.9448587753,73.9448587753,1383
2024-10-21 00:00:00+00:00,71.349543062,73.5727845389,71.349543062,73.5727845389,5645
2024-10-22 00:00:00+00:00,71.7463896094,71.7729243774,71.499253985,71.499253985,778
2024-10-23 00:00:00+00:00,73.0909484027,73.0909484027,71.5851248022,71.5851248022,1650
2024-10-24 00:00:00+00:00,73.407309418,73.9056930662,73.3671645662,73.504244548,685
2024-10-25 00:00:00+00:00,72.1841643229,74.61067583,72.1841643229,74.61067583,991
2024-10-28 00:00:00+00:00,72.6478863186,73.6633552412,72.6210578079,73.6633552412,1239
2024-10-29 00:00:00+00:00,71.2794364427,71.9376161841,71.2794364427,71.9376161841,508
2024-10-30 00:00:00+00:00,71.8886590477,72.2803161387,71.7026219295,72.2643561123,4354
2024-10-31 00:00:00+00:00,69.0687279927,71.3266311222,69.0687279927,70.8802399528,7829
2024-11-01 00:00:00+00:00,67.6293881834,70.0968278565,67.6293881834,69.9989135838,47034
2024-11-04 00:00:00+00:00,69.1122998441,69.4534331704,67.9916709926,67.9916709926,17913
2024-11-05 00:00:00+00:00,71.0413089314,71.0413089314,69.2104099454,69.2104099454,2968
2024-11-06 00:00:00+00:00,67.4584298632,69.2253908291,66.2225559127,69.2253908291,8892
2024-11-07 00:00:00+00:00,69.0399411966,69.2449736837,68.3441623744,68.3441623744,2714
2024-11-08 00:00:00+00:00,71.4676276749,71.4676276749,69.1568508382,69.1568508382,1444
2024-11-11 00:00:00+00:00,70.0789095446,71.6634562204,70.0789095446,71.0025348794,13734
2024-11-12 00:00:00+00:00,68.3205650347,69.577882211,68.3205650347,69.577882211,4942
2024-11-13 00:00:00+00:00,69.3460212132,69.8520421747,69.3460212132,69.8520421747,827
2024-11-14 00:00:00+00:00,68.0099809616,68.9414394382,68.0099809616,68.9414394382,428
2024-11-15 00:00:00+00:00,68.2275464756,68.3833280835,67.1300253924,67.1300253924,4876
2024-11-18 00:00:00+00:00,69.3622749824,69.3622749824,68.7064451836,68.7064451836,996
2024-11-19 00:00:00+00:00,70.0372959787,70.2730735475,70.0372959787,70.2730735475,385
2024-11-20 00:00:00+00:00,69.7266139913,69.8275636065,68.9316480109,68.9316480109,3311
2024-11-21 00:00:00+00:00,70.6798094365,70.7824235943,69.804064181,69.804064181,1685
2024-11-22 00:00:00+00:00,71.6928305023,71.8296167413,71.5216763535,71.5312719522,3270
2024-11-25 00:00:00+00:00,73.5532016844,73.9350673481,72.4663532569,72.4663532569,5966
2024-11-26 00:00:00+00:00,74.219018739,74.4148472845,73.0930046025,73.7490302298,1743
2024-11-27 00:00:00+00:00,75.4037814392,75.8737699484,75.2275357483,75.6191928392,8461
2024-11-29 00:00:00+00:00,74.4931787027,75.824812812,74.4931787027,75.6877328302,3992
2024-12-02 00:00:00+00:00,72.3390647024,72.9730596184,71.7471729236,72.6328075206,9397
2024-12-03 00:00:00+00:00,71.4205309098,72.7111389388,71.4205309098,72.7111389388,3291
2024-12-04 00:00:00+00:00,70.9274346322,71.183676284,70.4982763748,71.183676284,10668
2024-12-05 00:00:00+00:00,70.6736408373,70.7723384242,69.8226678929,70.694007006,4694
2024-12-06 00:00:00+00:00,70.5314693132,71.3795048295,69.9325277069,71.3795048295,3694
2024-12-09 00:00:00+00:00,70.6745220657,70.6745220657,70.1457849929,70.5961906475,33844
2024-12-10 00:00:00+00:00,68.3539538017,69.3037222473,68.0210452744,68.9414394382,7090
2024-12-11 00:00:00+00:00,68.0982017213,68.2266652472,67.8056338744,68.2266652472,1702
2024-12-12 00:00:00+00:00,67.8741738653,69.1470594109,67.8741738653,68.5493906901,2073
2024-12-13 00:00:00+00:00,67.3272247377,67.9525052835,67.1887739561,67.8741738653,8529
2024-12-16 00:00:00+00:00,66.6396707145,67.9622967108,66.6396707145,67.8937567198,1953
2024-12-17 00:00:00+00:00,66.0969319007,66.9439882742,66.0578641059,66.5621226105,1697
2024-12-18 00:00:00+00:00,60.9154065015,66.1019255286,60.9154065015,66.0921341014,20252
2024-12-19 00:00:00+00:00,58.7325057049,60.8439290824,58.7325057049,60.8439290824,6005
2024-12-20 00:00:00+00:00,60.8341376551,61.9993175007,59.8452035004,59.8452035004,4099
2024-12-23 00:00:00+00:00,61.4913735029,61.4913735029,60.1065854058,60.2394651292,20387
2024-12-24 00:00:00+00:00,62.1912592866,62.1912592866,60.8900631817,60.8900631817,3343
2024-12-26 00:00:00+00:00,62.5007862388,62.5559884978,61.9251055378,62.2306894716,3125
2024-12-27 00:00:00+00:00,61.212404944,61.9053904453,61.1543439966,61.9053904453,4560
2024-12-30 00:00:00+00:00,60.6041943404,61.1167867454,59.5888670768,60.5549066092,23678
2024-12-31 00:00:00+00:00,61.6195216041,61.7673847978,60.6337669792,61.3707171368,3612
2025-01-02 00:00:00+00:00,60.4760462392,61.7378121591,60.3971858692,61.6195216041,5388
2025-01-03 00:00:00+00:00,62.0782918065,62.0782918065,61.6689079108,61.6689079108,954
2025-01-06 00:00:00+00:00,60.3090594057,62.447555489,60.3090594057,62.0433960928,23705
2025-01-07 00:00:00+00:00,59.4155714137,61.3829404941,59.362143513,60.7717726267,3835
2025-01-08 00:00:00+00:00,59.9240236492,59.9240236492,58.8495511081,59.1452774955,5738
2025-01-10 00:00:00+00:00,57.0068799877,57.7356483819,56.986474867,57.7356483819,3378
2025-01-13 00:00:00+00:00,58.3961039806,58.3961039806,56.9667597745,56.9667597745,4931
2025-01-14 00:00:00+00:00,59.497684774,59.6677274468,59.0565595793,59.0565595793,2585
2025-01-15 00:00:00+00:00,59.9437387417,61.4815159566,59.835305733,61.4815159566,10863
2025-01-16 00:00:00+00:00,62.7432818765,62.7432818765,61.7772423441,61.7772423441,4495
2025-01-17 00:00:00+00:00,62.447555489,63.1080110877,62.447555489,62.8566436584,2884
2025-01-21 00:00:00+00:00,64.9278127008,64.9415146901,62.9404328015,62.9404328015,3675
2025-01-22 00:00:00+00:00,62.486985674,63.0292492932,62.486985674,63.0292492932,1718
2025-01-23 00:00:00+00:00,63.4941311743,63.4941311743,62.2306894716,62.4179828503,675
2025-01-24 00:00:00+00:00,63.9110068052,64.6146384565,63.4628827527,63.4628827527,2046
2025-01-27 00:00:00+00:00,65.2428598789,65.2569561701,62.5559884978,62.5559884978,4595
2025-01-28 00:00:00+00:00,63.5220280302,65.2569561701,63.3840223827,65.2569561701,3789
2025-01-29 00:00:00+00:00,62.0828262778,63.7695510165,61.5998065116,63.7695510165,5230
2025-01-30 00:00:00+00:00,63.8177544177,64.5669279326,62.7925696078,64.1726260827,2332
2025-01-31 00:00:00+00:00,63.275589374,64.6456897272,63.275589374,63.669891224,2219
2025-02-03 00:00:00+00:00,63.18095693,63.3347346515,61.5308036879,62.0433960928,3149
2025-02-04 00:00:00+00:00,63.2277802747,63.275589374,62.3144786147,62.3144786147,1752
2025-02-05 00:00:00+00:00,65.2766712626,65.4146769101,64.1726260827,64.1726260827,8217
2025-02-06 00:00:00+00:00,65.4738221876,66.006129685,65.0287539744,66.006129685,2238
2025-02-07 00:00:00+00:00,64.9835078371,65.2963863551,64.9612297826,65.1682382538,1699
2025-02-10 00:00:00+00:00,65.1090929763,65.1288080688,64.7049335801,64.7049335801,1513
2025-02-11 00:00:00+00:00,65.8080915809,65.8080915809,64.7591500845,64.7591500845,2991
2025-02-12 00:00:00+00:00,64.7046378537,65.0892793084,63.5023129377,63.5023129377,892
2025-02-13 00:00:00+00:00,65.7498334825,66.04555987,64.7488982364,64.7488982364,1629
2025-02-14 00:00:00+00:00,65.3015122791,66.4142320997,65.3015122791,66.4142320997,1032
2025-02-18 00:00:00+00:00,65.6085748448,65.6709731126,65.1104730328,65.1682382538,2478
2025-02-19 00:00:00+00:00,65.8286938525,65.8286938525,64.9217995976,64.9217995976,680
2025-02-20 00:00:00+00:00,66.7869459234,66.9228814862,65.8286938525,65.8286938525,1639
2025-02-21 00:00:00+00:00,65.7596910288,66.43986172,65.1583807076,66.43986172,3539
2025-02-24 00:00:00+00:00,66.0258447775,66.8636376332,65.4787509607,65.4787509607,7244
2025-02-25 00:00:00+00:00,67.7213427324,68.2339351374,66.2328532488,66.2328532488,8845
2025-02-26 00:00:00+00:00,66.83416357,67.9234224305,66.7750182925,67.9234224305,1663
2025-02-27 00:00:00+00:00,67.4653422563,68.1353596749,67.4653422563,67.7607729174,2056
2025-02-28 00:00:00+00:00,68.3830798121,68.7958152736,67.1791776887,68.6578096261,3767
2025-03-03 00:00:00+00:00,69.5289209881,70.2843047572,68.8663953047,69.249262401,7980
2025-03-04 00:00:00+00:00,68.0134218278,70.4518830434,68.0134218278,70.0082934622,6615
2025-03-05 00:00:00+00:00,69.3135336026,69.5153175743,66.3511438037,66.3511438037,3268
2025-03-06 00:00:00+00:00,65.45834584,67.0313144949,65.4147754855,67.0313144949,3623
2025-03-07 00:00:00+00:00,66.084990055,66.3659301231,65.3259589938,65.3259589938,3840
2025-03-10 00:00:00+00:00,64.9217995976,67.1988927812,64.4880675626,66.558152275,5045
2025-03-11 00:00:00+00:00,63.5318855765,65.2076684388,63.5318855765,65.0203750601,4235
2025-03-12 00:00:00+00:00,63.0239262182,63.5023129377,62.8615724315,62.881287524,2029
2025-03-13 00:00:00+00:00,60.4952684544,62.1025413703,60.4952684544,62.1025413703,1912
2025-03-14 00:00:00+00:00,62.9246607275,62.9246607275,61.5191717833,61.5191717833,2720
2025-03-17 00:00:00+00:00,65.1755328381,65.4442495488,64.5472128401,64.8725118664,3366
2025-03-18 00:00:00+00:00,64.3474003777,65.5250814281,64.1882995812,64.9513722364,1582
2025-03-19 00:00:00+00:00,64.4209376727,64.7936514964,63.686944779,64.2416289064,1515
2025-03-20 00:00:00+00:00,64.4215291255,65.0598052451,64.054828405,64.5046282403,2589
2025-03-21 00:00:00+00:00,62.881287524,63.4947226271,62.881287524,62.960147894,4699
2025-03-24 00:00:00+00:00,64.6950760339,64.7739364039,63.768368111,63.768368111,2537
2025-03-25 00:00:00+00:00,63.2243301335,63.8473270564,63.2243301335,63.6362769912,2415
2025-03-26 00:00:00+00:00,63.7443610428,64.0313640657,63.4771513319,63.9818807859,1517
2025-03-27 00:00:00+00:00,63.447461364,64.0053358605,63.3781847723,63.3781847723,1370
2025-03-28 00:00:00+00:00,63.3287014925,64.1244915983,62.7250054789,64.1244915983,1728
2025-03-31 00:00:00+00:00,64.6845433591,64.971546382,63.8284826185,63.967035802,2707
2025-04-01 00:00:00+00:00,64.7934065747,64.9814430379,63.6058078594,64.7736132628,4966
2025-04-02 00:00:00+00:00,65.476275836,65.476275836,64.5874571641,64.5874571641,1716
2025-04-03 00:00:00+00:00,61.428543548,63.5365312677,61.428543548,63.5365312677,4077
2025-04-04 00:00:00+00:00,55.8723629586,59.1921962006,55.8723629586,59.1722049556,2624
2025-04-07 00:00:00+00:00,53.0658692613,56.9893985169,51.2745745324,54.3623311921,3712
2025-04-08 00:00:00+00:00,50.4630487436,55.2530302286,49.4832798035,55.2530302286,3557
2025-04-09 00:00:00+00:00,56.3538352711,56.372737884,48.5233041753,48.5233041753,3078
2025-04-10 00:00:00+00:00,53.897188362,54.7581974305,52.6897963347,53.3109104628,3390
2025-04-11 00:00:00+00:00,55.4593755053,55.4708556263,52.4347595106,52.4347595106,1018
2025-04-14 00:00:00+00:00,57.7427319686,57.8756440582,57.0245316455,57.0245316455,1368
2025-04-15 00:00:00+00:00,58.0483407047,58.5293181844,58.0483407047,58.5293181844,862
2025-04-16 00:00:00+00:00,57.9276015019,58.677273191,57.9276015019,58.4496501039,882
2025-04-17 00:00:00+00:00,59.666938787,60.0232184016,59.6372488192,59.8995102021,699
2025-04-21 00:00:00+00:00,57.2030673191,57.2030673191,56.2960388003,56.2960388003,794
2025-04-22 00:00:00+00:00,59.7157293009,59.9539418099,57.7469875307,57.7469875307,23364
2025-04-23 00:00:00+00:00,59.8817951879,61.5670967315,59.182002645,61.5670967315,2538
2025-04-24 00:00:00+00:00,60.2029416739,60.6665010391,59.5729205554,59.7856986586,2378
2025-04-25 00:00:00+00:00,59.9280125713,60.2310481768,59.6967277215,60.2310481768,951
2025-04-28 00:00:00+00:00,60.8505788399,60.8505788399,59.5976621953,59.5976621953,888
2025-04-29 00:00:00+00:00,61.7650298507,61.7650298507,61.2800937086,61.2800937086,3622
2025-04-30 00:00:00+00:00,62.3929726714,62.3929726714,60.181564897,60.2112548649,1928
2025-05-01 00:00:00+00:00,62.616439163,62.9724218779,62.0924112299,62.355761245,2363
2025-05-02 00:00:00+00:00,63.9959340374,64.0511573776,63.3881803948,63.9027075382,2866
2025-05-05 00:00:00+00:00,63.8539170243,64.3744811279,63.2871355375,63.2871355375,2900
2025-05-06 00:00:00+00:00,62.9607438239,63.4177713961,62.9607438239,63.1703549971,1416
2025-05-07 00:00:00+00:00,62.8707832212,63.7443610428,62.8707832212,63.0416984696,777
2025-05-08 00:00:00+00:00,62.1152725052,62.9922151898,62.0916194974,62.0916194974,4073
2025-05-09 00:00:00+00:00,62.819815443,62.819815443,62.2895526166,62.2895526166,860
2025-05-12 00:00:00+00:00,62.8220916739,63.7344643869,62.670375938,63.7344643869,1791
2025-05-13 00:00:00+00:00,61.2901882977,62.2994492726,61.0722639335,62.2994492726,16461
2025-05-14 00:00:00+00:00,60.3053720631,60.6170177593,59.9935284337,60.6170177593,1704
2025-05-15 00:00:00+00:00,62.2103793689,62.3588292083,60.2013582089,60.2013582089,1763
2025-05-16 00:00:00+00:00,63.9245791479,63.9245791479,62.5765556395,62.5765556395,2388
2025-05-19 00:00:00+00:00,64.1594267938,64.1798139051,63.0812850935,63.0812850935,1605
2025-05-20 00:00:00+00:00,63.4451851332,63.6157045154,63.2637794294,63.6157045154,1914
2025-05-21 00:00:00+00:00,60.2211515208,62.5171757037,60.2113538314,62.5171757037,2746
2025-05-22 00:00:00+00:00,59.7269125222,60.171668241,58.8455163423,59.3799357642,2063
2025-05-23 00:00:00+00:00,59.6610007935,59.8846652182,59.172105989,59.5580755715,4813
2025-05-27 00:00:00+00:00,61.5818427489,61.9629629699,60.2706348006,60.2706348006,5702
2025-05-28 00:00:00+00:00,61.5631380691,61.5631380691,60.9139174381,61.3493703004,2147
2025-05-29 00:00:00+00:00,62.6678028074,62.6678028074,62.3700124296,62.3700124296,1293
2025-05-30 00:00:00+00:00,62.9823185339,63.0670339089,62.0322395616,62.0708365199,2537
2025-06-02 00:00:00+00:00,63.0120085018,63.0120085018,62.0916194974,62.3885191762,2444
2025-06-03 00:00:00+00:00,62.5609189231,62.5609189231,61.7452365388,61.7452365388,3221
2025-06-04 00:00:00+00:00,63.0094353712,63.2396315889,62.2400693368,62.2895526166,3501
2025-06-05 00:00:00+00:00,62.695315511,63.3978791177,62.6161422633,62.6161422633,1846
2025-06-06 00:00:00+00:00,63.2353760268,63.5365312677,63.0021118458,63.4969446438,4586
2025-06-09 00:00:00+00:00,63.205883992,63.8433276025,63.0119095352,63.0119095352,1429
2025-06-10 00:00:00+00:00,64.1857518987,64.1857518987,63.4870479879,64.0313640657,2271
2025-06-11 00:00:00+00:00,63.4726978367,64.4173336482,63.3435464764,64.1303306253,1306
2025-06-12 00:00:00+00:00,64.1216215681,64.1216215681,63.8829142263,64.0115707538,863
2025-06-13 00:00:00+00:00,62.9178913036,63.3288004591,62.3192425845,63.3288004591,1656
2025-06-16 00:00:00+00:00,63.2100405875,64.4371269601,63.2100405875,63.7443610428,30618
2025-06-17 00:00:00+00:00,62.8695956225,63.1446236916,62.3489325524,63.1446236916,7819
2025-06-18 00:00:00+00:00,63.0586217513,63.0614917816,63.0586217513,63.0614917816,163
2025-06-20 00:00:00+00:00,62.8140753825,63.8142314339,62.8140753825,63.6650888286,1031
2025-06-23 00:00:00+00:00,64.7836088853,64.7836088853,64.2391938409,64.2391938409,35841
2025-06-24 00:00:00+00:00,65.3858204005,65.7632788588,65.3179293406,65.3179293406,2412
2025-06-25 00:00:00+00:00,62.149049792,63.7640817263,62.1036105508,63.6745952557,1147
2025-06-26 00:00:00+00:00,61.3081752572,61.3081752572,60.8010852575,60.8060567281,1158
2025-06-27 00:00:00+00:00,61.733434851,62.3919558447,61.298232316,61.4672623159,2817
2025-06-30 00:00:00+00:00,62.6476882916,62.6476882916,61.3181181983,61.6452409628,1475
2025-07-01 00:00:00+00:00,63.4757364323,63.8592356733,62.4516134918,62.640529374,1989
2025-07-02 00:00:00+00:00,63.7077052498,63.7077052498,63.0531614326,63.1476193737,3130
2025-07-03 00:00:00+00:00,63.8074329498,63.8074329498,63.8074329498,63.8074329498,193
2025-07-07 00:00:00+00:00,62.6618072681,63.7564256616,62.2825834919,63.2967634913,4493
2025-07-08 00:00:00+00:00,62.5664544623,62.6504723152,62.2832794978,62.4317276094,651
2025-07-09 00:00:00+00:00,62.5525343446,63.1376764325,62.5112711388,63.1376764325,2442
2025-07-10 00:00:00+00:00,63.0693684267,63.5652229029,63.048189962,63.1376764325,3489
2025-07-11 00:00:00+00:00,62.9176391444,63.1973340796,62.4615564329,62.4615564329,1825
2025-07-14 00:00:00+00:00,63.7691526263,63.7691526263,62.3223552566,62.3223552566,3522
2025-07-15 00:00:00+00:00,62.1983667802,63.4878668206,62.1433823155,63.4878668206,1484
2025-07-16 00:00:00+00:00,63.4126981853,63.4126981853,62.52121408,62.52121408,1604
2025-07-17 00:00:00+00:00,63.3668612265,63.3668612265,63.3668612265,63.3668612265,287
2025-07-18 00:00:00+00:00,63.6306474558,63.6348234911,63.4360640971,63.6348234911,747
2025-07-21 00:00:00+00:00,64.1694554378,64.5897435611,64.1518564319,64.5897435611,1560
2025-07-22 00:00:00+00:00,66.4460906776,66.4486758423,64.7782617257,64.7782617257,3403
2025-07-23 00:00:00+00:00,66.6177058422,66.9259370185,66.3393034894,66.9259370185,2557
2025-07-24 00:00:00+00:00,66.6163138304,66.7569070186,66.6163138304,66.6177058422,1307
2025-07-25 00:00:00+00:00,66.4281933835,66.4281933835,65.7824987839,65.8719852544,683
2025-07-28 00:00:00+00:00,64.105025179,65.8322134897,64.0921987849,65.3302938194,2556
2025-07-29 00:00:00+00:00,66.3371160424,66.4376391776,65.6432976075,65.6432976075,1155
2025-07-30 00:00:00+00:00,64.3682148318,65.8620423132,63.8883684909,65.8620423132,1912
2025-07-31 00:00:00+00:00,62.1053008508,62.928874668,62.1053008508,62.928874668,2606
2025-08-01 00:00:00+00:00,61.9417394685,63.4757364323,61.0993734926,63.4757364323,3577
2025-08-04 00:00:00+00:00,62.7399587857,63.0084181973,62.580871727,63.0084181973,3814
2025-08-05 00:00:00+00:00,63.2161262384,63.2371058442,63.2161262384,63.2371058442,406
2025-08-06 00:00:00+00:00,62.1661516508,63.2271629031,62.1661516508,63.2271629031,620
2025-08-07 00:00:00+00:00,62.5731162329,62.5731162329,62.5731162329,62.5731162329,292
2025-08-08 00:00:00+00:00,61.6024863158,62.2640896213,61.6024863158,62.193494739,1191
2025-08-11 00:00:00+00:00,60.7195531399,60.7195531399,60.7115987869,60.7115987869,424
2025-08-12 00:00:00+00:00,61.0135659103,61.41754761,60.5077684929,61.41754761,1363
2025-08-13 00:00:00+00:00,61.8944110686,61.8944110686,61.0894305514,61.0894305514,5599
2025-08-14 00:00:00+00:00,61.0057109868,61.3678329042,61.0057109868,61.3678329042,623
2025-08-15 00:00:00+00:00,61.6014920217,61.9644093744,61.6014920217,61.6064634923,2202
2025-08-18 00:00:00+00:00,60.5525117282,61.6263493746,60.5525117282,61.5965205511,3449
2025-08-19 00:00:00+00:00,62.574607674,62.574607674,60.6320552576,60.6320552576,2018
2025-08-20 00:00:00+00:00,63.2158279501,63.2868205501,63.2158279501,63.257091156,1955
2025-08-21 00:00:00+00:00,62.6331715975,62.6949172622,62.6206434917,62.640529374,2713
2025-08-22 00:00:00+00:00,64.6123140375,65.1262646666,64.6123140375,65.1262646666,2361
2025-08-25 00:00:00+00:00,64.081360979,64.081360979,63.8833970203,63.8833970203,752
2025-08-26 00:00:00+00:00,63.634326344,63.8833970203,63.634326344,63.8833970203,360
2025-08-27 00:00:00+00:00,64.2436297789,64.2436297789,64.2436297789,64.2436297789,156
2025-08-28 00:00:00+00:00,63.7762121145,63.7762121145,63.5352946499,63.5352946499,443
2025-08-29 00:00:00+00:00,64.4318496553,64.4318496553,64.003110032,64.003110032,2563
2025-09-02 00:00:00+00:00,62.1475583508,63.3315637854,62.1475583508,63.3315637854,1890
2025-09-03 00:00:00+00:00,61.9621224979,62.1831540802,61.795975951,61.795975951,3510
2025-09-04 00:00:00+00:00,62.7017778916,62.7017778916,62.7017778916,62.7017778916,326
2025-09-05 00:00:00+00:00,63.8853856086,64.6291176081,63.167505256,63.167505256,2075
2025-09-08 00:00:00+00:00,63.0893537384,63.0893537384,62.3820129036,62.6604152563,2221
2025-09-09 00:00:00+00:00,62.9935037856,62.9935037856,62.5311570211,62.5311570211,7696
2025-09-10 00:00:00+00:00,63.044809362,63.5353940793,62.7946449621,63.5353940793,1435
2025-09-11 00:00:00+00:00,65.0058556491,65.0483120078,64.4302587847,64.4302587847,6650
2025-09-12 00:00:00+00:00,64.4448749082,64.4448749082,64.4448749082,64.4448749082,256
2025-09-15 00:00:00+00:00,64.1728360378,64.7782617257,64.1728360378,64.7285470198,35638
2025-09-16 00:00:00+00:00,63.4049426912,63.654609944,63.4049426912,63.5950517264,548
2025-09-17 00:00:00+00:00,63.36626465,64.6092317258,63.36626465,63.5950517264,1675
2025-09-18 00:00:00+00:00,63.4891594029,63.5454364499,63.4891594029,63.5255505676,562
2025-09-19 00:00:00+00:00,62.9935037856,63.4923411441,62.9935037856,63.1774481972,3910
2025-09-22 00:00:00+00:00,63.2914937324,63.2914937324,62.4615564329,62.5709287858,3434
2025-09-23 00:00:00+00:00,64.1781057966,64.2115140789,63.600023197,63.6944811381,2114
2025-09-24 00:00:00+00:00,62.9445,63.79,62.9445,63.79,690
2025-09-25 00:00:00+00:00,62.5845,63.29,62.5845,63.29,394
2025-09-26 00:00:00+00:00,63.8062,63.88,63.45,63.45,1025
2025-09-29 00:00:00+00:00,63.9283,64.22,63.81,64.01,17084
2025-09-30 00:00:00+00:00,64.5035,64.5035,63.63,63.8,5752
2025-10-01 00:00:00+00:00,64.5589,64.962,64.26,64.68,2161
2025-10-02 00:00:00+00:00,63.7175,63.83,63.59,63.6,2283
2025-10-03 00:00:00+00:00,64.3031,64.7777,64.3031,64.721,3254
2025-10-06 00:00:00+00:00,62.9549,63.6505,62.9422,63.6505,26580
2025-10-07 00:00:00+00:00,62.52,62.88,62.14,62.45,6171
2025-10-08 00:00:00+00:00,61.9469,62.42,61.74,61.7401,6479
2025-10-09 00:00:00+00:00,61.37,62.095,61.37,61.79,6791
2025-10-10 00:00:00+00:00,59.9947,61.07,59.99,61.07,39299
2025-10-13 00:00:00+00:00,60.5988,60.5988,60.1325,60.1995,1589
2025-10-14 00:00:00+00:00,61.7726,61.845,60.9,60.9,1074
2025-10-15 00:00:00+00:00,63.5228,63.82,62.8813,63.215,2782
2025-10-16 00:00:00+00:00,63.2353,64.03,63.2353,64.02,2882
2025-10-17 00:00:00+00:00,64.03,64.03,63.8417,63.8417,651
2025-10-20 00:00:00+00:00,65.2586,65.26,64.22,64.22,5117
2025-10-21 00:00:00+00:00,64.9794,65.04,64.9794,65.04,300
2025-10-22 00:00:00+00:00,65.4156,65.6,65.21,65.4,2056
2025-10-23 00:00:00+00:00,65.3592,65.6,65.3592,65.4395,1231
2025-10-24 00:00:00+00:00,65.8415,66.35,65.8415,65.85,9364
2025-10-27 00:00:00+00:00,65.8976,65.9642,65.54,65.8,1005
2025-10-28 00:00:00+00:00,63.1022,65.6,63.1022,65.6,5772
2025-10-29 00:00:00+00:00,59.5886,61.05,59.36,61.05,5605
2025-10-30 00:00:00+00:00,60.22,60.55,60.22,60.375,1818
2025-10-31 00:00:00+00:00,60.4795,60.4795,59.88,59.88,691
