date,Open,High,Low,Close,Volume
2025-02-10 15:00:00+00:00,4.24,4.24,4.24,4.24,1.0
2025-02-10 16:00:00+00:00,4.24,4.24,4.24,4.24,0.0
2025-02-10 17:00:00+00:00,4.24,4.34,4.24,4.34,27.0
2025-02-10 18:00:00+00:00,4.34,4.34,4.34,4.34,0.0
2025-02-10 19:00:00+00:00,4.335,4.35,4.335,4.35,24.0
2025-02-10 20:00:00+00:00,4.35,4.35,4.35,4.35,0.0
2025-02-11 15:00:00+00:00,4.35,4.35,4.315,4.315,0.0
2025-02-11 16:00:00+00:00,4.315,4.315,4.3,4.3,18.0
2025-02-11 17:00:00+00:00,4.3,4.31,4.3,4.31,18.0
2025-02-11 18:00:00+00:00,4.31,4.31,4.31,4.31,0.0
2025-02-11 19:00:00+00:00,4.31,4.31,4.31,4.31,0.0
2025-02-11 20:00:00+00:00,4.31,4.31,4.3,4.3,54.0
2025-02-12 15:00:00+00:00,4.3,4.3,4.3,4.3,0.0
2025-02-12 16:00:00+00:00,4.3,4.3,4.295,4.295,0.0
2025-02-12 17:00:00+00:00,4.295,4.295,4.295,4.295,0.0
2025-02-12 18:00:00+00:00,4.295,4.295,4.28,4.28,74.0
2025-02-12 19:00:00+00:00,4.28,4.28,4.28,4.28,0.0
2025-02-12 20:00:00+00:00,4.28,4.33,4.28,4.33,85.0
2025-02-13 15:00:00+00:00,4.33,4.33,4.33,4.33,0.0
2025-02-13 16:00:00+00:00,4.33,4.33,4.33,4.33,0.0
2025-02-13 17:00:00+00:00,4.33,4.33,4.33,4.33,0.0
2025-02-13 18:00:00+00:00,4.33,4.45,4.33,4.45,703.0
2025-02-13 19:00:00+00:00,4.45,4.465,4.445,4.465,3.0
2025-02-13 20:00:00+00:00,4.465,4.465,4.42,4.46,219.0
2025-02-14 15:00:00+00:00,4.46,4.46,4.46,4.46,0.0
2025-02-14 16:00:00+00:00,4.46,4.46,4.46,4.46,0.0
2025-02-14 17:00:00+00:00,4.46,4.46,4.46,4.46,0.0
2025-02-14 18:00:00+00:00,4.46,4.46,4.46,4.46,0.0
2025-02-14 19:00:00+00:00,4.46,4.46,4.46,4.46,0.0
2025-02-14 20:00:00+00:00,4.46,4.52,4.46,4.52,37.0
2025-02-17 15:00:00+00:00,4.52,4.52,4.52,4.52,0.0
2025-02-17 16:00:00+00:00,4.52,4.52,4.52,4.52,0.0
2025-02-17 17:00:00+00:00,4.52,4.52,4.52,4.52,0.0
2025-02-17 18:00:00+00:00,4.52,4.52,4.52,4.52,0.0
2025-02-17 19:00:00+00:00,4.52,4.52,4.52,4.52,0.0
2025-02-17 20:00:00+00:00,4.52,4.52,4.52,4.52,0.0
2025-02-18 15:00:00+00:00,4.655,4.67,4.6,4.63,220.0
2025-02-18 16:00:00+00:00,4.63,4.64,4.625,4.64,100.0
2025-02-18 17:00:00+00:00,4.64,4.64,4.6,4.6,220.0
2025-02-18 18:00:00+00:00,4.6,4.635,4.6,4.635,20.0
2025-02-18 19:00:00+00:00,4.635,4.635,4.635,4.635,0.0
2025-02-18 20:00:00+00:00,4.635,4.725,4.635,4.71,45.0
2025-02-19 15:00:00+00:00,4.66,4.685,4.65,4.65,153.0
2025-02-19 16:00:00+00:00,4.65,4.65,4.65,4.65,0.0
2025-02-19 17:00:00+00:00,4.65,4.65,4.6,4.635,120.0
2025-02-19 18:00:00+00:00,4.635,4.635,4.61,4.625,74.0
2025-02-19 19:00:00+00:00,4.625,4.625,4.61,4.61,24.0
2025-02-19 20:00:00+00:00,4.61,4.61,4.57,4.6,43.0
2025-02-20 15:00:00+00:00,4.6,4.6,4.6,4.6,0.0
2025-02-20 16:00:00+00:00,4.6,4.6,4.6,4.6,0.0
2025-02-20 17:00:00+00:00,4.6,4.6,4.6,4.6,0.0
2025-02-20 18:00:00+00:00,4.6,4.6,4.47,4.495,17.0
2025-02-20 19:00:00+00:00,4.495,4.5,4.485,4.485,25.0
2025-02-20 20:00:00+00:00,4.485,4.485,4.42,4.42,262.0
2025-02-21 15:00:00+00:00,4.42,4.49,4.42,4.49,113.0
2025-02-21 16:00:00+00:00,4.49,4.51,4.425,4.425,123.0
2025-02-21 17:00:00+00:00,4.425,4.425,4.425,4.425,0.0
2025-02-21 18:00:00+00:00,4.425,4.45,4.41,4.45,128.0
2025-02-21 19:00:00+00:00,4.45,4.46,4.445,4.46,1.0
2025-02-21 20:00:00+00:00,4.46,4.495,4.46,4.48,10.0
2025-02-24 15:00:00+00:00,4.48,4.48,4.4,4.41,111.0
2025-02-24 16:00:00+00:00,4.41,4.41,4.41,4.41,0.0
2025-02-24 17:00:00+00:00,4.41,4.43,4.41,4.41,203.0
2025-02-24 18:00:00+00:00,4.41,4.485,4.41,4.485,1.0
2025-02-24 19:00:00+00:00,4.485,4.485,4.485,4.485,0.0
2025-02-24 20:00:00+00:00,4.485,4.525,4.47,4.47,33.0
2025-02-25 15:00:00+00:00,4.47,4.47,4.47,4.47,0.0
2025-02-25 16:00:00+00:00,4.47,4.47,4.28,4.315,203.0
2025-02-25 17:00:00+00:00,4.315,4.315,4.315,4.315,0.0
2025-02-25 18:00:00+00:00,4.315,4.33,4.315,4.33,0.0
2025-02-25 19:00:00+00:00,4.33,4.33,4.3,4.3,11.0
2025-02-25 20:00:00+00:00,4.3,4.32,4.3,4.3,4.0
2025-02-26 15:00:00+00:00,4.3,4.3,4.25,4.26,22.0
2025-02-26 16:00:00+00:00,4.26,4.275,4.235,4.275,100.0
2025-02-26 17:00:00+00:00,4.275,4.275,4.25,4.25,0.0
2025-02-26 18:00:00+00:00,4.25,4.25,4.25,4.25,0.0
2025-02-26 19:00:00+00:00,4.25,4.25,4.23,4.23,11.0
2025-02-26 20:00:00+00:00,4.23,4.3,4.23,4.3,19.0
2025-02-27 15:00:00+00:00,4.3,4.3,4.3,4.3,0.0
2025-02-27 16:00:00+00:00,4.3,4.3,4.24,4.25,22.0
2025-02-27 17:00:00+00:00,4.25,4.265,4.235,4.235,0.0
2025-02-27 18:00:00+00:00,4.235,4.245,4.23,4.23,11.0
2025-02-27 19:00:00+00:00,4.245,4.255,4.245,4.255,0.0
2025-02-27 20:00:00+00:00,4.25,4.265,4.21,4.21,473.0
2025-02-28 15:00:00+00:00,4.21,4.21,4.21,4.21,0.0
2025-02-28 16:00:00+00:00,4.21,4.225,4.21,4.215,0.0
2025-02-28 17:00:00+00:00,4.215,4.22,4.215,4.215,0.0
2025-02-28 18:00:00+00:00,4.215,4.28,4.215,4.28,200.0
2025-02-28 19:00:00+00:00,4.28,4.28,4.28,4.28,0.0
2025-02-28 20:00:00+00:00,4.28,4.28,4.22,4.22,11.0
2025-03-03 15:00:00+00:00,4.22,4.22,4.2,4.2,22.0
2025-03-03 16:00:00+00:00,4.2,4.2,4.2,4.2,0.0
2025-03-03 17:00:00+00:00,4.2,4.24,4.2,4.24,0.0
2025-03-03 18:00:00+00:00,4.24,4.24,4.165,4.165,0.0
2025-03-03 19:00:00+00:00,4.165,4.165,4.12,4.12,22.0
2025-03-03 20:00:00+00:00,4.12,4.12,4.08,4.08,100.0
2025-03-04 15:00:00+00:00,4.08,4.08,4.0,4.0,100.0
2025-03-04 16:00:00+00:00,4.0,4.05,4.0,4.05,100.0
2025-03-04 17:00:00+00:00,4.05,4.05,4.015,4.025,0.0
2025-03-04 18:00:00+00:00,4.025,4.025,4.025,4.025,0.0
2025-03-04 19:00:00+00:00,4.025,4.025,4.025,4.025,0.0
2025-03-04 20:00:00+00:00,4.025,4.09,4.025,4.08,195.0
2025-03-05 15:00:00+00:00,4.12,4.12,4.025,4.04,200.0
2025-03-05 16:00:00+00:00,4.04,4.04,4.01,4.015,112.0
2025-03-05 17:00:00+00:00,4.015,4.015,4.0,4.0,500.0
2025-03-05 18:00:00+00:00,4.0,4.0,3.975,3.975,0.0
2025-03-05 19:00:00+00:00,3.975,3.975,3.975,3.975,0.0
2025-03-05 20:00:00+00:00,3.975,4.0,3.975,3.995,124.0
2025-03-06 15:00:00+00:00,3.9,3.9,3.9,3.9,0.0
2025-03-06 16:00:00+00:00,3.9,3.9,3.9,3.9,0.0
2025-03-06 17:00:00+00:00,3.9,3.9,3.825,3.83,0.0
2025-03-06 18:00:00+00:00,3.835,3.875,3.835,3.875,0.0
2025-03-06 19:00:00+00:00,3.875,3.895,3.875,3.875,0.0
2025-03-06 20:00:00+00:00,3.875,3.89,3.835,3.88,157.0
2025-03-07 15:00:00+00:00,3.88,3.88,3.76,3.76,12.0
2025-03-07 16:00:00+00:00,3.76,3.805,3.76,3.78,13.0
2025-03-07 17:00:00+00:00,3.78,3.78,3.775,3.775,1.0
2025-03-07 18:00:00+00:00,3.775,3.835,3.775,3.835,113.0
2025-03-07 19:00:00+00:00,3.835,3.875,3.835,3.875,5.0
2025-03-07 20:00:00+00:00,3.875,3.885,3.8,3.825,14.0
2025-03-10 14:00:00+00:00,3.825,3.825,3.73,3.73,201.0
2025-03-10 15:00:00+00:00,3.73,3.795,3.73,3.73,201.0
2025-03-10 16:00:00+00:00,3.73,3.73,3.73,3.73,0.0
2025-03-10 17:00:00+00:00,3.73,3.73,3.615,3.66,222.0
2025-03-10 18:00:00+00:00,3.66,3.66,3.615,3.63,100.0
2025-03-10 19:00:00+00:00,3.63,3.63,3.6,3.615,0.0
2025-03-11 14:00:00+00:00,3.68,3.68,3.68,3.68,0.0
2025-03-11 15:00:00+00:00,3.68,3.68,3.68,3.68,0.0
2025-03-11 16:00:00+00:00,3.68,3.68,3.63,3.63,13.0
2025-03-11 17:00:00+00:00,3.63,3.63,3.57,3.57,26.0
2025-03-11 18:00:00+00:00,3.57,3.58,3.57,3.58,13.0
2025-03-11 19:00:00+00:00,3.58,3.58,3.58,3.58,0.0
2025-03-12 14:00:00+00:00,3.58,3.58,3.58,3.58,0.0
2025-03-12 15:00:00+00:00,3.58,3.66,3.555,3.59,354.0
2025-03-12 16:00:00+00:00,3.59,3.59,3.59,3.59,0.0
2025-03-12 17:00:00+00:00,3.725,3.73,3.7,3.7,426.0
2025-03-12 18:00:00+00:00,3.7,3.7,3.63,3.63,13.0
2025-03-12 19:00:00+00:00,3.63,3.64,3.63,3.63,52.0
2025-03-13 14:00:00+00:00,3.75,3.75,3.75,3.75,0.0
2025-03-13 15:00:00+00:00,3.75,3.75,3.75,3.75,0.0
2025-03-13 16:00:00+00:00,3.75,3.75,3.57,3.59,48.0
2025-03-13 17:00:00+00:00,3.59,3.59,3.585,3.585,0.0
2025-03-13 18:00:00+00:00,3.585,3.585,3.4,3.465,113.0
2025-03-13 19:00:00+00:00,3.465,3.485,3.425,3.44,169.0
2025-03-14 14:00:00+00:00,3.44,3.48,3.44,3.48,100.0
2025-03-14 15:00:00+00:00,3.48,3.485,3.48,3.485,100.0
2025-03-14 16:00:00+00:00,3.485,3.545,3.485,3.545,0.0
2025-03-14 17:00:00+00:00,3.545,3.555,3.545,3.555,0.0
2025-03-14 18:00:00+00:00,3.555,3.555,3.555,3.555,0.0
2025-03-14 19:00:00+00:00,3.555,3.555,3.48,3.545,28.0
2025-03-17 14:00:00+00:00,3.545,3.545,3.545,3.545,0.0
2025-03-17 15:00:00+00:00,3.545,3.595,3.545,3.595,200.0
2025-03-17 16:00:00+00:00,3.595,3.615,3.595,3.615,0.0
2025-03-17 17:00:00+00:00,3.615,3.62,3.6,3.62,114.0
2025-03-17 18:00:00+00:00,3.62,3.72,3.61,3.72,401.0
2025-03-17 19:00:00+00:00,3.72,3.76,3.72,3.76,100.0
2025-03-18 14:00:00+00:00,3.76,3.76,3.76,3.76,0.0
2025-03-18 15:00:00+00:00,3.76,3.76,3.76,3.76,0.0
2025-03-18 16:00:00+00:00,3.76,3.76,3.61,3.61,13.0
2025-03-18 17:00:00+00:00,3.61,3.73,3.61,3.73,100.0
2025-03-18 18:00:00+00:00,3.73,3.73,3.73,3.73,0.0
2025-03-18 19:00:00+00:00,3.73,3.73,3.73,3.73,0.0
2025-03-19 14:00:00+00:00,3.81,3.81,3.81,3.81,0.0
2025-03-19 15:00:00+00:00,3.81,3.81,3.74,3.74,13.0
2025-03-19 16:00:00+00:00,3.74,3.85,3.74,3.85,300.0
2025-03-19 17:00:00+00:00,3.85,3.85,3.85,3.85,0.0
2025-03-19 18:00:00+00:00,3.85,3.85,3.85,3.85,0.0
2025-03-19 19:00:00+00:00,3.85,3.86,3.85,3.86,13.0
2025-03-20 14:00:00+00:00,3.94,3.94,3.94,3.94,0.0
2025-03-20 15:00:00+00:00,3.94,3.94,3.94,3.94,0.0
2025-03-20 16:00:00+00:00,3.94,3.94,3.88,3.88,12.0
2025-03-20 17:00:00+00:00,3.88,3.89,3.875,3.875,0.0
2025-03-20 18:00:00+00:00,3.875,3.875,3.875,3.875,0.0
2025-03-20 19:00:00+00:00,3.875,3.875,3.8,3.8,200.0
2025-03-21 14:00:00+00:00,3.8,3.8,3.8,3.8,0.0
2025-03-21 15:00:00+00:00,3.8,3.8,3.8,3.8,0.0
2025-03-21 16:00:00+00:00,3.8,3.8,3.76,3.8,26.0
2025-03-21 17:00:00+00:00,3.8,3.8,3.775,3.775,0.0
2025-03-21 18:00:00+00:00,3.775,3.775,3.76,3.76,13.0
2025-03-21 19:00:00+00:00,3.76,3.76,3.73,3.73,100.0
2025-03-24 14:00:00+00:00,3.725,3.775,3.71,3.775,641.0
2025-03-24 15:00:00+00:00,3.775,3.775,3.775,3.775,0.0
2025-03-24 16:00:00+00:00,3.775,3.81,3.775,3.81,13.0
2025-03-24 17:00:00+00:00,3.81,3.86,3.81,3.86,83.0
2025-03-24 18:00:00+00:00,3.86,3.86,3.86,3.86,0.0
2025-03-24 19:00:00+00:00,3.86,3.89,3.86,3.89,13.0
2025-03-25 14:00:00+00:00,3.89,4.02,3.89,4.02,100.0
2025-03-25 15:00:00+00:00,4.02,4.02,4.0,4.0,0.0
2025-03-25 16:00:00+00:00,4.0,4.0,4.0,4.0,0.0
2025-03-25 17:00:00+00:00,4.0,4.05,4.0,4.05,100.0
2025-03-25 18:00:00+00:00,4.05,4.05,4.05,4.05,0.0
2025-03-25 19:00:00+00:00,4.05,4.06,3.94,4.06,212.0
2025-03-26 14:00:00+00:00,4.06,4.06,4.005,4.005,100.0
2025-03-26 15:00:00+00:00,4.005,4.005,4.005,4.005,0.0
2025-03-26 16:00:00+00:00,4.005,4.005,3.975,3.975,0.0
2025-03-26 17:00:00+00:00,3.975,3.975,3.91,3.91,32.0
2025-03-26 18:00:00+00:00,3.91,3.91,3.91,3.91,5.0
2025-03-26 19:00:00+00:00,3.91,4.05,3.91,4.05,200.0
2025-03-27 14:00:00+00:00,4.05,4.05,4.05,4.05,0.0
2025-03-27 15:00:00+00:00,4.05,4.05,3.93,3.98,212.0
2025-03-27 16:00:00+00:00,3.98,3.98,3.98,3.98,0.0
2025-03-27 17:00:00+00:00,3.98,3.98,3.95,3.95,12.0
2025-03-27 18:00:00+00:00,3.95,3.95,3.95,3.95,0.0
2025-03-27 19:00:00+00:00,3.95,4.16,3.95,4.16,200.0
2025-03-28 14:00:00+00:00,4.16,4.16,4.0,4.0,100.0
2025-03-28 15:00:00+00:00,4.0,4.075,4.0,4.075,0.0
2025-03-28 16:00:00+00:00,4.075,4.075,4.04,4.04,67.0
2025-03-28 17:00:00+00:00,4.04,4.05,4.04,4.05,200.0
2025-03-28 18:00:00+00:00,4.05,4.05,4.05,4.05,0.0
2025-03-28 19:00:00+00:00,4.05,4.05,3.87,3.915,115.0
2025-03-31 14:00:00+00:00,3.915,3.915,3.915,3.915,0.0
2025-03-31 15:00:00+00:00,3.915,3.915,3.915,3.915,0.0
2025-03-31 16:00:00+00:00,3.915,3.915,3.915,3.915,0.0
2025-03-31 17:00:00+00:00,3.915,3.915,3.915,3.915,0.0
2025-03-31 18:00:00+00:00,3.915,3.915,3.915,3.915,0.0
2025-03-31 19:00:00+00:00,3.915,3.915,3.67,3.71,212.0
2025-04-01 14:00:00+00:00,3.71,3.71,3.445,3.445,120.0
2025-04-01 15:00:00+00:00,3.445,3.445,3.445,3.445,0.0
2025-04-01 16:00:00+00:00,3.445,3.485,3.445,3.485,0.0
2025-04-01 17:00:00+00:00,3.485,3.62,3.455,3.575,1000.0
2025-04-01 18:00:00+00:00,3.575,3.575,3.575,3.575,0.0
2025-04-01 19:00:00+00:00,3.575,3.575,3.54,3.575,31.0
2025-04-02 14:00:00+00:00,3.575,3.575,3.575,3.575,0.0
2025-04-02 15:00:00+00:00,3.575,3.575,3.575,3.575,0.0
2025-04-02 16:00:00+00:00,3.575,3.575,3.435,3.435,200.0
2025-04-02 17:00:00+00:00,3.435,3.445,3.435,3.445,0.0
2025-04-02 18:00:00+00:00,3.445,3.46,3.38,3.38,200.0
2025-04-02 19:00:00+00:00,3.38,3.4,3.36,3.385,214.0
2025-04-03 14:00:00+00:00,3.385,3.385,3.195,3.2,200.0
2025-04-03 15:00:00+00:00,3.2,3.2,3.09,3.09,100.0
2025-04-03 16:00:00+00:00,3.09,3.29,3.09,3.29,400.0
2025-04-03 17:00:00+00:00,3.29,3.31,3.29,3.3,600.0
2025-04-03 18:00:00+00:00,3.3,3.3,3.185,3.2,500.0
2025-04-03 19:00:00+00:00,3.225,3.225,3.125,3.13,214.0
2025-04-04 14:00:00+00:00,2.91,2.91,2.79,2.79,103.0
2025-04-04 15:00:00+00:00,2.79,2.79,2.79,2.79,0.0
2025-04-04 16:00:00+00:00,2.79,2.865,2.79,2.855,0.0
2025-04-04 17:00:00+00:00,2.855,2.88,2.855,2.88,11.0
2025-04-04 18:00:00+00:00,2.88,2.88,2.88,2.88,0.0
2025-04-04 19:00:00+00:00,2.88,2.88,2.85,2.86,300.0
2025-04-07 14:00:00+00:00,2.91,2.91,2.91,2.91,0.0
2025-04-07 15:00:00+00:00,2.91,2.91,2.91,2.91,0.0
2025-04-07 16:00:00+00:00,2.91,2.91,2.91,2.91,0.0
2025-04-07 17:00:00+00:00,2.91,2.91,2.91,2.91,0.0
2025-04-07 18:00:00+00:00,2.91,2.91,2.91,2.91,0.0
2025-04-07 19:00:00+00:00,2.91,2.91,2.825,2.835,117.0
2025-04-08 14:00:00+00:00,2.855,2.9,2.855,2.9,100.0
2025-04-08 15:00:00+00:00,2.9,2.9,2.9,2.9,0.0
2025-04-08 16:00:00+00:00,2.9,2.9,2.9,2.9,0.0
2025-04-08 17:00:00+00:00,2.9,2.9,2.74,2.74,80.0
2025-04-08 18:00:00+00:00,2.74,2.74,2.66,2.68,53.0
2025-04-08 19:00:00+00:00,2.68,2.68,2.53,2.565,434.0
2025-04-09 14:00:00+00:00,2.565,2.565,2.565,2.565,0.0
2025-04-09 15:00:00+00:00,2.565,2.685,2.565,2.685,0.0
2025-04-09 16:00:00+00:00,2.685,2.74,2.685,2.71,100.0
2025-04-09 17:00:00+00:00,2.71,2.74,2.71,2.74,0.0
2025-04-09 18:00:00+00:00,2.74,2.74,2.74,2.74,0.0
2025-04-09 19:00:00+00:00,2.74,2.74,2.74,2.74,0.0
2025-04-10 14:00:00+00:00,2.74,2.74,2.74,2.74,0.0
2025-04-10 15:00:00+00:00,2.74,2.77,2.74,2.77,17.0
2025-04-10 16:00:00+00:00,2.77,2.77,2.76,2.76,0.0
2025-04-10 17:00:00+00:00,2.76,2.76,2.76,2.76,0.0
2025-04-10 18:00:00+00:00,2.76,2.79,2.76,2.79,100.0
2025-04-10 19:00:00+00:00,2.79,2.79,2.79,2.79,0.0
2025-04-11 14:00:00+00:00,2.79,2.79,2.79,2.79,0.0
2025-04-11 15:00:00+00:00,2.79,2.8,2.79,2.8,17.0
2025-04-11 16:00:00+00:00,2.8,2.81,2.8,2.81,17.0
2025-04-11 17:00:00+00:00,2.81,2.81,2.81,2.81,0.0
2025-04-11 18:00:00+00:00,2.81,2.81,2.81,2.81,0.0
2025-04-11 19:00:00+00:00,2.81,2.86,2.81,2.86,17.0
2025-04-14 14:00:00+00:00,2.86,2.86,2.81,2.81,17.0
2025-04-14 15:00:00+00:00,2.81,2.85,2.81,2.85,17.0
2025-04-14 16:00:00+00:00,2.85,2.85,2.85,2.85,0.0
2025-04-14 17:00:00+00:00,2.85,2.85,2.85,2.85,17.0
2025-04-14 18:00:00+00:00,2.85,2.91,2.85,2.91,117.0
2025-04-14 19:00:00+00:00,2.91,2.94,2.91,2.92,139.0
2025-04-15 14:00:00+00:00,2.92,2.92,2.92,2.92,0.0
2025-04-15 15:00:00+00:00,2.92,2.92,2.87,2.87,16.0
2025-04-15 16:00:00+00:00,2.87,2.87,2.87,2.87,0.0
2025-04-15 17:00:00+00:00,2.87,2.87,2.87,2.87,0.0
2025-04-15 18:00:00+00:00,2.87,2.87,2.87,2.87,0.0
2025-04-15 19:00:00+00:00,2.87,2.87,2.81,2.83,16.0
2025-04-16 14:00:00+00:00,2.83,2.83,2.83,2.83,0.0
2025-04-16 15:00:00+00:00,2.83,2.83,2.83,2.83,0.0
2025-04-16 16:00:00+00:00,2.83,2.83,2.81,2.81,100.0
2025-04-16 17:00:00+00:00,2.81,2.81,2.81,2.81,0.0
2025-04-16 18:00:00+00:00,2.81,2.81,2.81,2.81,0.0
2025-04-16 19:00:00+00:00,2.81,2.81,2.75,2.77,32.0
2025-04-17 14:00:00+00:00,2.77,2.77,2.77,2.77,0.0
2025-04-17 15:00:00+00:00,2.77,2.77,2.77,2.77,0.0
2025-04-17 16:00:00+00:00,2.77,2.81,2.77,2.805,100.0
2025-04-17 17:00:00+00:00,2.805,2.825,2.8,2.825,18.0
2025-04-17 18:00:00+00:00,2.825,2.825,2.825,2.825,0.0
2025-04-17 19:00:00+00:00,2.825,2.855,2.825,2.83,18.0
2025-04-18 14:00:00+00:00,2.83,2.83,2.83,2.83,0.0
2025-04-18 15:00:00+00:00,2.83,2.83,2.83,2.83,0.0
2025-04-18 16:00:00+00:00,2.83,2.83,2.83,2.83,0.0
2025-04-18 17:00:00+00:00,2.83,2.83,2.83,2.83,0.0
2025-04-18 18:00:00+00:00,2.83,2.83,2.83,2.83,0.0
2025-04-18 19:00:00+00:00,2.83,2.83,2.83,2.83,0.0
2025-04-21 14:00:00+00:00,2.83,2.83,2.83,2.83,0.0
2025-04-21 15:00:00+00:00,2.83,2.83,2.83,2.83,0.0
2025-04-21 16:00:00+00:00,2.83,2.83,2.765,2.765,17.0
2025-04-21 17:00:00+00:00,2.765,2.765,2.765,2.765,0.0
2025-04-21 18:00:00+00:00,2.765,2.765,2.765,2.765,0.0
2025-04-21 19:00:00+00:00,2.765,2.81,2.765,2.77,746.0
2025-04-22 14:00:00+00:00,2.77,2.77,2.77,2.77,0.0
2025-04-22 15:00:00+00:00,2.77,2.855,2.77,2.855,0.0
2025-04-22 16:00:00+00:00,2.855,2.855,2.84,2.84,141.0
2025-04-22 17:00:00+00:00,2.84,2.84,2.84,2.84,0.0
2025-04-22 18:00:00+00:00,2.84,2.84,2.83,2.83,100.0
2025-04-22 19:00:00+00:00,2.83,2.83,2.81,2.81,100.0
2025-04-23 14:00:00+00:00,2.81,2.81,2.81,2.81,0.0
2025-04-23 15:00:00+00:00,2.81,2.85,2.81,2.85,138.0
2025-04-23 16:00:00+00:00,2.85,2.85,2.85,2.85,17.0
2025-04-23 17:00:00+00:00,2.85,2.85,2.85,2.85,0.0
2025-04-23 18:00:00+00:00,2.85,2.85,2.82,2.82,17.0
2025-04-23 19:00:00+00:00,2.82,2.82,2.8,2.8,106.0
2025-04-24 14:00:00+00:00,2.8,2.8,2.8,2.8,0.0
2025-04-24 15:00:00+00:00,2.8,2.875,2.8,2.86,34.0
2025-04-24 16:00:00+00:00,2.86,2.95,2.86,2.95,400.0
2025-04-24 17:00:00+00:00,2.94,2.94,2.9,2.9,110.0
2025-04-24 18:00:00+00:00,2.9,2.93,2.9,2.93,200.0
2025-04-24 19:00:00+00:00,2.93,2.93,2.9,2.9,105.0
2025-04-25 14:00:00+00:00,2.9,2.9,2.9,2.9,0.0
2025-04-25 15:00:00+00:00,2.9,2.915,2.9,2.915,100.0
2025-04-25 16:00:00+00:00,2.915,2.965,2.915,2.945,417.0
2025-04-25 17:00:00+00:00,2.945,2.945,2.88,2.88,117.0
2025-04-25 18:00:00+00:00,2.88,2.915,2.88,2.905,17.0
2025-04-25 19:00:00+00:00,2.905,2.92,2.89,2.89,117.0
2025-04-28 14:00:00+00:00,2.935,2.94,2.89,2.89,17.0
2025-04-28 15:00:00+00:00,2.89,2.905,2.89,2.905,17.0
2025-04-28 16:00:00+00:00,2.905,2.905,2.85,2.85,34.0
2025-04-28 17:00:00+00:00,2.85,2.85,2.85,2.85,17.0
2025-04-28 18:00:00+00:00,2.875,2.875,2.86,2.86,100.0
2025-04-28 19:00:00+00:00,2.86,2.86,2.86,2.86,0.0
2025-04-29 14:00:00+00:00,3.04,3.04,3.04,3.04,0.0
2025-04-29 15:00:00+00:00,3.04,3.04,2.85,2.85,17.0
2025-04-29 16:00:00+00:00,2.85,2.86,2.85,2.86,17.0
2025-04-29 17:00:00+00:00,2.86,2.9,2.86,2.9,17.0
2025-04-29 18:00:00+00:00,2.9,2.91,2.9,2.91,17.0
2025-04-29 19:00:00+00:00,2.91,2.945,2.91,2.935,0.0
2025-04-30 14:00:00+00:00,2.935,2.935,2.85,2.85,6.0
2025-04-30 15:00:00+00:00,2.85,2.88,2.85,2.88,16.0
2025-04-30 16:00:00+00:00,2.88,2.88,2.88,2.88,16.0
2025-04-30 17:00:00+00:00,2.88,2.89,2.88,2.89,0.0
2025-04-30 18:00:00+00:00,2.89,2.9,2.89,2.9,116.0
2025-04-30 19:00:00+00:00,2.9,2.91,2.895,2.9,48.0
2025-05-01 14:00:00+00:00,2.875,2.895,2.87,2.895,17.0
2025-05-01 15:00:00+00:00,2.895,2.9,2.895,2.895,0.0
2025-05-01 16:00:00+00:00,2.895,2.895,2.875,2.875,0.0
2025-05-01 17:00:00+00:00,2.875,2.875,2.875,2.875,0.0
2025-05-01 18:00:00+00:00,2.875,2.875,2.875,2.875,0.0
2025-05-01 19:00:00+00:00,2.875,2.875,2.85,2.85,64.0
2025-05-02 14:00:00+00:00,2.885,2.905,2.885,2.905,100.0
2025-05-02 15:00:00+00:00,2.905,2.905,2.89,2.89,17.0
2025-05-02 16:00:00+00:00,2.89,2.92,2.89,2.92,100.0
2025-05-02 17:00:00+00:00,2.92,2.925,2.92,2.925,0.0
2025-05-02 18:00:00+00:00,2.925,2.935,2.925,2.935,0.0
2025-05-02 19:00:00+00:00,2.935,2.935,2.9,2.9,60.0
2025-05-05 14:00:00+00:00,2.9,2.9,2.86,2.86,17.0
2025-05-05 15:00:00+00:00,2.86,2.9,2.86,2.9,0.0
2025-05-05 16:00:00+00:00,2.9,2.91,2.9,2.91,12.0
2025-05-05 17:00:00+00:00,2.91,2.91,2.91,2.91,0.0
2025-05-05 18:00:00+00:00,2.91,2.91,2.86,2.86,17.0
2025-05-05 19:00:00+00:00,2.86,2.865,2.85,2.855,0.0
2025-05-06 14:00:00+00:00,2.855,2.855,2.855,2.855,0.0
2025-05-06 15:00:00+00:00,2.855,2.855,2.855,2.855,0.0
2025-05-06 16:00:00+00:00,2.855,2.855,2.855,2.855,0.0
2025-05-06 17:00:00+00:00,2.855,2.855,2.855,2.855,0.0
2025-05-06 18:00:00+00:00,2.855,2.855,2.735,2.84,200.0
2025-05-06 19:00:00+00:00,2.84,2.84,2.74,2.74,300.0
2025-05-07 14:00:00+00:00,2.74,2.76,2.74,2.76,100.0
2025-05-07 15:00:00+00:00,2.76,2.76,2.74,2.75,18.0
2025-05-07 16:00:00+00:00,2.75,2.77,2.74,2.77,200.0
2025-05-07 17:00:00+00:00,2.775,2.775,2.74,2.74,0.0
2025-05-07 18:00:00+00:00,2.74,2.74,2.715,2.715,2.0
2025-05-07 19:00:00+00:00,2.715,2.715,2.715,2.715,0.0
2025-05-08 14:00:00+00:00,2.715,2.72,2.71,2.71,200.0
2025-05-08 15:00:00+00:00,2.71,2.71,2.71,2.71,0.0
2025-05-08 16:00:00+00:00,2.71,2.71,2.71,2.71,0.0
2025-05-08 17:00:00+00:00,2.71,2.85,2.71,2.85,100.0
2025-05-08 18:00:00+00:00,2.85,2.85,2.82,2.82,18.0
2025-05-08 19:00:00+00:00,2.82,2.83,2.76,2.82,119.0
2025-05-09 14:00:00+00:00,2.795,2.795,2.77,2.77,77.0
2025-05-09 15:00:00+00:00,2.77,2.77,2.77,2.77,0.0
2025-05-09 16:00:00+00:00,2.77,2.77,2.77,2.77,0.0
2025-05-09 17:00:00+00:00,2.77,2.81,2.77,2.81,17.0
2025-05-09 18:00:00+00:00,2.81,2.81,2.785,2.8,100.0
2025-05-09 19:00:00+00:00,2.8,2.82,2.8,2.82,18.0
2025-05-12 14:00:00+00:00,2.82,2.82,2.82,2.82,0.0
2025-05-12 15:00:00+00:00,2.82,2.82,2.82,2.82,0.0
2025-05-12 16:00:00+00:00,2.82,2.82,2.82,2.82,0.0
2025-05-12 17:00:00+00:00,2.82,2.82,2.82,2.82,0.0
2025-05-12 18:00:00+00:00,2.82,2.82,2.82,2.82,0.0
2025-05-12 19:00:00+00:00,2.82,2.82,2.82,2.82,0.0
2025-05-13 14:00:00+00:00,2.82,2.82,2.82,2.82,0.0
2025-05-13 15:00:00+00:00,2.82,2.82,2.82,2.82,0.0
2025-05-13 16:00:00+00:00,2.82,2.82,2.82,2.82,0.0
2025-05-13 17:00:00+00:00,2.82,2.82,2.82,2.82,0.0
2025-05-13 18:00:00+00:00,2.82,2.82,2.82,2.82,0.0
2025-05-13 19:00:00+00:00,2.82,3.03,2.82,3.03,13.0
2025-05-14 14:00:00+00:00,3.03,3.03,3.03,3.03,0.0
2025-05-14 15:00:00+00:00,3.03,3.03,3.03,3.03,0.0
2025-05-14 16:00:00+00:00,3.03,3.03,3.03,3.03,0.0
2025-05-14 17:00:00+00:00,3.03,3.03,3.03,3.03,0.0
2025-05-14 18:00:00+00:00,3.03,3.03,3.03,3.03,0.0
2025-05-14 19:00:00+00:00,3.03,3.03,3.03,3.03,0.0
2025-05-15 14:00:00+00:00,2.89,2.89,2.89,2.89,100.0
2025-05-15 15:00:00+00:00,2.89,2.89,2.89,2.89,0.0
2025-05-15 16:00:00+00:00,2.89,2.89,2.89,2.89,0.0
2025-05-15 17:00:00+00:00,2.89,2.89,2.89,2.89,0.0
2025-05-15 18:00:00+00:00,2.89,2.89,2.89,2.89,0.0
2025-05-15 19:00:00+00:00,2.89,2.89,2.89,2.89,0.0
2025-05-16 14:00:00+00:00,2.89,2.89,2.89,2.89,0.0
2025-05-16 15:00:00+00:00,2.89,2.89,2.89,2.89,0.0
2025-05-16 16:00:00+00:00,2.89,2.89,2.89,2.89,0.0
2025-05-16 17:00:00+00:00,2.89,2.89,2.89,2.89,0.0
2025-05-16 18:00:00+00:00,2.89,2.89,2.89,2.89,0.0
2025-05-16 19:00:00+00:00,2.89,2.89,2.89,2.89,0.0
2025-05-19 14:00:00+00:00,2.89,2.89,2.89,2.89,0.0
2025-05-19 15:00:00+00:00,2.89,2.89,2.89,2.89,0.0
2025-05-19 16:00:00+00:00,2.89,2.89,2.89,2.89,0.0
2025-05-19 17:00:00+00:00,2.89,2.89,2.89,2.89,0.0
2025-05-19 18:00:00+00:00,2.89,2.89,2.89,2.89,0.0
2025-05-19 19:00:00+00:00,2.89,2.89,2.86,2.86,7.0
2025-05-20 14:00:00+00:00,2.86,2.86,2.86,2.86,0.0
2025-05-20 15:00:00+00:00,2.86,2.86,2.86,2.86,0.0
2025-05-20 16:00:00+00:00,2.86,2.86,2.86,2.86,0.0
2025-05-20 17:00:00+00:00,2.86,2.86,2.86,2.86,0.0
2025-05-20 18:00:00+00:00,2.86,2.95,2.86,2.95,168.0
2025-05-20 19:00:00+00:00,2.95,2.95,2.95,2.95,0.0
2025-05-21 14:00:00+00:00,2.95,2.95,2.95,2.95,0.0
2025-05-21 15:00:00+00:00,2.95,2.95,2.95,2.95,0.0
2025-05-21 16:00:00+00:00,2.95,2.95,2.95,2.95,0.0
2025-05-21 17:00:00+00:00,2.95,2.95,2.95,2.95,0.0
2025-05-21 18:00:00+00:00,2.95,2.95,2.95,2.95,0.0
2025-05-21 19:00:00+00:00,2.95,2.95,2.94,2.94,100.0
2025-05-22 14:00:00+00:00,2.94,2.94,2.93,2.93,184.0
2025-05-22 15:00:00+00:00,2.93,2.93,2.93,2.93,0.0
2025-05-22 16:00:00+00:00,2.93,2.93,2.93,2.93,0.0
2025-05-22 17:00:00+00:00,2.93,2.93,2.93,2.93,0.0
2025-05-22 18:00:00+00:00,2.93,2.93,2.93,2.93,0.0
2025-05-22 19:00:00+00:00,2.93,2.93,2.93,2.93,0.0
2025-05-23 14:00:00+00:00,2.93,2.93,2.93,2.93,0.0
2025-05-23 15:00:00+00:00,2.93,2.93,2.93,2.93,0.0
2025-05-23 16:00:00+00:00,2.93,2.93,2.93,2.93,0.0
2025-05-23 17:00:00+00:00,2.93,2.93,2.93,2.93,0.0
2025-05-23 18:00:00+00:00,2.93,2.93,2.93,2.93,0.0
2025-05-23 19:00:00+00:00,2.93,2.93,2.93,2.93,0.0
2025-05-26 14:00:00+00:00,2.93,2.93,2.93,2.93,0.0
2025-05-26 15:00:00+00:00,2.93,2.93,2.93,2.93,0.0
2025-05-26 16:00:00+00:00,2.93,2.93,2.93,2.93,0.0
2025-05-26 17:00:00+00:00,2.93,2.93,2.93,2.93,0.0
2025-05-26 18:00:00+00:00,2.93,2.93,2.93,2.93,0.0
2025-05-26 19:00:00+00:00,2.93,2.93,2.93,2.93,0.0
2025-05-27 14:00:00+00:00,2.925,2.925,2.925,2.925,0.0
2025-05-27 15:00:00+00:00,2.925,2.925,2.925,2.925,0.0
2025-05-27 16:00:00+00:00,2.925,2.925,2.925,2.925,0.0
2025-05-27 17:00:00+00:00,2.925,2.925,2.925,2.925,0.0
2025-05-27 18:00:00+00:00,2.925,2.925,2.925,2.925,0.0
2025-05-27 19:00:00+00:00,2.925,2.925,2.925,2.925,0.0
2025-05-28 14:00:00+00:00,2.925,2.925,2.925,2.925,0.0
2025-05-28 15:00:00+00:00,2.925,2.925,2.925,2.925,0.0
2025-05-28 16:00:00+00:00,2.925,2.925,2.925,2.925,0.0
2025-05-28 17:00:00+00:00,2.925,2.925,2.925,2.925,0.0
2025-05-28 18:00:00+00:00,2.925,2.925,2.925,2.925,0.0
2025-05-28 19:00:00+00:00,2.925,2.925,2.925,2.925,0.0
2025-05-29 14:00:00+00:00,2.925,2.925,2.925,2.925,0.0
2025-05-29 15:00:00+00:00,2.925,2.925,2.925,2.925,0.0
2025-05-29 16:00:00+00:00,2.925,2.925,2.925,2.925,0.0
2025-05-29 17:00:00+00:00,2.925,2.925,2.925,2.925,0.0
2025-05-29 18:00:00+00:00,2.925,2.925,2.925,2.925,0.0
2025-05-29 19:00:00+00:00,2.925,2.925,2.925,2.925,0.0
2025-05-30 14:00:00+00:00,2.925,2.925,2.925,2.925,0.0
2025-05-30 15:00:00+00:00,2.925,2.925,2.925,2.925,0.0
2025-05-30 16:00:00+00:00,2.925,2.925,2.925,2.925,0.0
2025-05-30 17:00:00+00:00,2.925,2.925,2.925,2.925,0.0
2025-05-30 18:00:00+00:00,2.925,2.925,2.925,2.925,0.0
2025-05-30 19:00:00+00:00,2.925,2.925,2.925,2.925,0.0
2025-06-02 14:00:00+00:00,2.925,2.925,2.925,2.925,0.0
2025-06-02 15:00:00+00:00,2.925,2.925,2.925,2.925,0.0
2025-06-02 16:00:00+00:00,2.925,2.925,2.925,2.925,0.0
2025-06-02 17:00:00+00:00,2.925,2.925,2.925,2.925,0.0
2025-06-02 18:00:00+00:00,2.925,2.925,2.925,2.925,0.0
2025-06-02 19:00:00+00:00,2.925,2.925,2.925,2.925,0.0
2025-06-03 14:00:00+00:00,2.925,2.925,2.925,2.925,0.0
2025-06-03 15:00:00+00:00,2.925,2.925,2.925,2.925,0.0
2025-06-03 16:00:00+00:00,2.925,2.925,2.925,2.925,0.0
2025-06-03 17:00:00+00:00,2.925,2.925,2.925,2.925,0.0
2025-06-03 18:00:00+00:00,2.925,2.925,2.925,2.925,0.0
2025-06-03 19:00:00+00:00,2.925,2.925,2.925,2.925,0.0
2025-06-04 14:00:00+00:00,2.925,2.925,2.925,2.925,0.0
2025-06-04 15:00:00+00:00,2.925,2.925,2.925,2.925,0.0
2025-06-04 16:00:00+00:00,2.925,2.925,2.925,2.925,0.0
2025-06-04 17:00:00+00:00,2.925,2.925,2.925,2.925,0.0
2025-06-04 18:00:00+00:00,2.925,2.925,2.925,2.925,0.0
2025-06-04 19:00:00+00:00,2.925,2.925,2.925,2.925,0.0
2025-06-05 14:00:00+00:00,2.925,2.925,2.925,2.925,0.0
2025-06-05 15:00:00+00:00,2.925,2.925,2.925,2.925,0.0
2025-06-05 16:00:00+00:00,2.925,2.925,2.925,2.925,0.0
2025-06-05 17:00:00+00:00,2.925,2.925,2.86,2.86,100.0
2025-06-05 18:00:00+00:00,2.86,2.86,2.86,2.86,0.0
2025-06-05 19:00:00+00:00,2.86,2.86,2.86,2.86,0.0
2025-06-06 14:00:00+00:00,2.86,2.86,2.86,2.86,0.0
2025-06-06 15:00:00+00:00,2.86,2.86,2.86,2.86,0.0
2025-06-06 16:00:00+00:00,2.86,2.87,2.86,2.87,20.0
2025-06-06 17:00:00+00:00,2.87,2.87,2.87,2.87,0.0
2025-06-06 18:00:00+00:00,2.87,2.87,2.87,2.87,0.0
2025-06-06 19:00:00+00:00,2.87,2.87,2.87,2.87,0.0
2025-06-09 14:00:00+00:00,2.87,2.87,2.87,2.87,0.0
2025-06-09 15:00:00+00:00,2.87,2.87,2.87,2.87,0.0
2025-06-09 16:00:00+00:00,2.87,2.87,2.87,2.87,0.0
2025-06-09 17:00:00+00:00,2.87,2.87,2.87,2.87,0.0
2025-06-09 18:00:00+00:00,2.87,2.88,2.87,2.88,299.0
2025-06-09 19:00:00+00:00,2.88,2.88,2.88,2.88,0.0
2025-06-10 14:00:00+00:00,2.88,2.88,2.88,2.88,0.0
2025-06-10 15:00:00+00:00,2.88,2.88,2.88,2.88,0.0
2025-06-10 16:00:00+00:00,2.88,2.88,2.88,2.88,0.0
2025-06-10 17:00:00+00:00,2.88,2.88,2.88,2.88,0.0
2025-06-10 18:00:00+00:00,2.88,2.88,2.88,2.88,0.0
2025-06-10 19:00:00+00:00,2.88,2.915,2.88,2.915,0.0
2025-06-11 14:00:00+00:00,2.915,2.915,2.915,2.915,0.0
2025-06-11 15:00:00+00:00,2.915,2.915,2.915,2.915,0.0
2025-06-11 16:00:00+00:00,2.915,2.915,2.915,2.915,0.0
2025-06-11 17:00:00+00:00,2.915,2.915,2.915,2.915,0.0
2025-06-11 18:00:00+00:00,2.915,2.915,2.915,2.915,0.0
2025-06-11 19:00:00+00:00,2.915,2.915,2.915,2.915,0.0
2025-06-12 14:00:00+00:00,2.91,2.91,2.91,2.91,0.0
2025-06-12 15:00:00+00:00,2.91,2.91,2.91,2.91,0.0
2025-06-12 16:00:00+00:00,2.91,2.91,2.91,2.91,0.0
2025-06-12 17:00:00+00:00,2.91,2.91,2.91,2.91,0.0
2025-06-12 18:00:00+00:00,2.91,2.91,2.91,2.91,0.0
2025-06-12 19:00:00+00:00,2.91,2.91,2.91,2.91,0.0
2025-06-13 14:00:00+00:00,2.91,2.91,2.91,2.91,0.0
2025-06-13 15:00:00+00:00,2.91,2.91,2.91,2.91,0.0
2025-06-13 16:00:00+00:00,2.91,2.91,2.91,2.91,0.0
2025-06-13 17:00:00+00:00,2.91,2.91,2.91,2.91,0.0
2025-06-13 18:00:00+00:00,2.91,2.91,2.81,2.81,200.0
2025-06-13 19:00:00+00:00,2.81,2.81,2.81,2.81,0.0
2025-06-16 14:00:00+00:00,2.81,2.81,2.81,2.81,0.0
2025-06-16 15:00:00+00:00,2.81,2.81,2.81,2.81,0.0
2025-06-16 16:00:00+00:00,2.81,2.81,2.81,2.81,0.0
2025-06-16 17:00:00+00:00,2.81,2.81,2.81,2.81,0.0
2025-06-16 18:00:00+00:00,2.81,2.81,2.81,2.81,0.0
2025-06-16 19:00:00+00:00,2.81,2.81,2.81,2.81,0.0
2025-06-17 14:00:00+00:00,2.81,2.81,2.81,2.81,0.0
2025-06-17 15:00:00+00:00,2.81,2.81,2.81,2.81,0.0
2025-06-17 16:00:00+00:00,2.81,2.895,2.81,2.895,100.0
2025-06-17 17:00:00+00:00,2.895,2.895,2.895,2.895,0.0
2025-06-17 18:00:00+00:00,2.895,2.895,2.895,2.895,0.0
2025-06-17 19:00:00+00:00,2.895,2.895,2.895,2.895,0.0
2025-06-18 14:00:00+00:00,2.895,2.895,2.895,2.895,0.0
2025-06-18 15:00:00+00:00,2.895,2.895,2.895,2.895,0.0
2025-06-18 16:00:00+00:00,2.895,2.895,2.895,2.895,0.0
2025-06-18 17:00:00+00:00,2.895,2.895,2.895,2.895,0.0
2025-06-18 18:00:00+00:00,2.895,2.895,2.895,2.895,0.0
2025-06-18 19:00:00+00:00,2.895,2.98,2.895,2.98,17.0
2025-06-19 14:00:00+00:00,2.98,2.98,2.98,2.98,0.0
2025-06-19 15:00:00+00:00,2.98,2.98,2.98,2.98,0.0
2025-06-19 16:00:00+00:00,2.98,2.98,2.98,2.98,0.0
2025-06-19 17:00:00+00:00,2.98,2.98,2.98,2.98,0.0
2025-06-19 18:00:00+00:00,2.98,2.98,2.98,2.98,0.0
2025-06-19 19:00:00+00:00,2.98,2.98,2.98,2.98,0.0
2025-06-20 14:00:00+00:00,2.98,2.98,2.98,2.98,0.0
2025-06-20 15:00:00+00:00,2.98,2.98,2.98,2.98,0.0
2025-06-20 16:00:00+00:00,2.98,2.98,2.98,2.98,0.0
2025-06-20 17:00:00+00:00,2.98,2.98,2.98,2.98,0.0
2025-06-20 18:00:00+00:00,2.98,3.025,2.94,2.94,318.0
2025-06-20 19:00:00+00:00,2.94,2.94,2.94,2.94,0.0
2025-06-23 14:00:00+00:00,2.94,2.94,2.94,2.94,0.0
2025-06-23 15:00:00+00:00,2.94,2.94,2.94,2.94,0.0
2025-06-23 16:00:00+00:00,2.94,2.94,2.94,2.94,0.0
2025-06-23 17:00:00+00:00,2.94,2.94,2.94,2.94,0.0
2025-06-23 18:00:00+00:00,2.94,2.94,2.94,2.94,0.0
2025-06-23 19:00:00+00:00,2.94,3.0,2.94,3.0,17.0
2025-06-24 14:00:00+00:00,3.0,3.0,3.0,3.0,0.0
2025-06-24 15:00:00+00:00,3.0,3.0,3.0,3.0,0.0
2025-06-24 16:00:00+00:00,3.0,3.0,3.0,3.0,0.0
2025-06-24 17:00:00+00:00,3.0,3.0,3.0,3.0,0.0
2025-06-24 18:00:00+00:00,3.0,3.0,3.0,3.0,0.0
2025-06-24 19:00:00+00:00,3.0,3.0,3.0,3.0,0.0
2025-06-25 14:00:00+00:00,3.0,3.0,3.0,3.0,0.0
2025-06-25 15:00:00+00:00,3.0,3.0,3.0,3.0,0.0
2025-06-25 16:00:00+00:00,3.0,3.0,3.0,3.0,0.0
2025-06-25 17:00:00+00:00,3.0,3.0,3.0,3.0,0.0
2025-06-25 18:00:00+00:00,3.0,3.0,3.0,3.0,0.0
2025-06-25 19:00:00+00:00,3.0,3.0,3.0,3.0,0.0
2025-06-26 14:00:00+00:00,3.0,3.0,3.0,3.0,0.0
2025-06-26 15:00:00+00:00,3.0,3.0,3.0,3.0,0.0
2025-06-26 16:00:00+00:00,3.0,3.0,3.0,3.0,1.0
2025-06-26 17:00:00+00:00,3.0,3.0,3.0,3.0,31.0
2025-06-26 18:00:00+00:00,3.0,3.0,3.0,3.0,0.0
2025-06-26 19:00:00+00:00,3.0,3.01,2.99,2.99,1366.0
2025-06-27 14:00:00+00:00,2.99,3.035,2.99,3.035,1.0
2025-06-27 15:00:00+00:00,3.035,3.035,3.035,3.035,0.0
2025-06-27 16:00:00+00:00,3.035,3.035,3.035,3.035,0.0
2025-06-27 17:00:00+00:00,3.035,3.035,3.025,3.025,1.0
2025-06-27 18:00:00+00:00,3.025,3.025,3.01,3.01,1.0
2025-06-27 19:00:00+00:00,3.01,3.01,3.01,3.01,0.0
2025-06-30 14:00:00+00:00,3.01,3.01,2.99,2.99,30.0
2025-06-30 15:00:00+00:00,2.99,2.99,2.99,2.99,0.0
2025-06-30 16:00:00+00:00,2.99,2.99,2.99,2.99,0.0
2025-06-30 17:00:00+00:00,2.99,3.01,2.99,3.01,84.0
2025-06-30 18:00:00+00:00,3.01,3.08,3.01,3.08,1.0
2025-06-30 19:00:00+00:00,3.08,3.08,3.08,3.08,22.0
2025-07-01 14:00:00+00:00,3.08,3.08,3.08,3.08,0.0
2025-07-01 15:00:00+00:00,3.08,3.08,3.08,3.08,0.0
2025-07-01 16:00:00+00:00,3.08,3.08,3.08,3.08,0.0
2025-07-01 17:00:00+00:00,3.08,3.08,3.08,3.08,0.0
2025-07-01 18:00:00+00:00,3.08,3.08,3.08,3.08,0.0
2025-07-01 19:00:00+00:00,3.08,3.11,3.08,3.11,100.0
2025-07-02 14:00:00+00:00,3.11,3.11,3.11,3.11,0.0
2025-07-02 15:00:00+00:00,3.11,3.16,3.11,3.16,100.0
2025-07-02 16:00:00+00:00,3.16,3.17,3.16,3.17,101.0
2025-07-02 17:00:00+00:00,3.17,3.19,3.17,3.19,33.0
2025-07-02 18:00:00+00:00,3.19,3.19,3.19,3.19,0.0
2025-07-02 19:00:00+00:00,3.19,3.19,3.11,3.11,16.0
2025-07-03 14:00:00+00:00,3.11,3.11,3.11,3.11,0.0
2025-07-03 15:00:00+00:00,3.11,3.11,3.11,3.11,0.0
2025-07-03 16:00:00+00:00,3.11,3.11,3.11,3.11,0.0
2025-07-03 17:00:00+00:00,3.11,3.11,3.11,3.11,0.0
2025-07-03 18:00:00+00:00,3.11,3.11,3.11,3.11,0.0
2025-07-03 19:00:00+00:00,3.11,3.11,3.11,3.11,0.0
2025-07-04 14:00:00+00:00,3.11,3.11,3.11,3.11,0.0
2025-07-04 15:00:00+00:00,3.11,3.11,3.11,3.11,0.0
2025-07-04 16:00:00+00:00,3.11,3.11,3.11,3.11,0.0
2025-07-04 17:00:00+00:00,3.11,3.11,3.11,3.11,0.0
2025-07-04 18:00:00+00:00,3.11,3.11,3.11,3.11,0.0
2025-07-04 19:00:00+00:00,3.11,3.11,3.11,3.11,0.0
2025-07-07 14:00:00+00:00,3.11,3.17,3.11,3.17,1.0
2025-07-07 15:00:00+00:00,3.17,3.17,3.17,3.17,2.0
2025-07-07 16:00:00+00:00,3.17,3.17,3.17,3.17,0.0
2025-07-07 17:00:00+00:00,3.17,3.26,3.17,3.26,100.0
2025-07-07 18:00:00+00:00,3.26,3.26,3.2,3.2,72.0
2025-07-07 19:00:00+00:00,3.2,3.2,3.2,3.2,0.0
2025-07-08 14:00:00+00:00,3.2,3.28,3.2,3.28,200.0
2025-07-08 15:00:00+00:00,3.28,3.28,3.24,3.245,300.0
2025-07-08 16:00:00+00:00,3.245,3.245,3.245,3.245,0.0
2025-07-08 17:00:00+00:00,3.245,3.245,3.245,3.245,0.0
2025-07-08 18:00:00+00:00,3.245,3.245,3.245,3.245,0.0
2025-07-08 19:00:00+00:00,3.245,3.245,3.245,3.245,0.0
2025-07-09 14:00:00+00:00,3.245,3.28,3.245,3.28,100.0
2025-07-09 15:00:00+00:00,3.28,3.28,3.275,3.275,1.0
2025-07-09 16:00:00+00:00,3.275,3.295,3.275,3.295,100.0
2025-07-09 17:00:00+00:00,3.295,3.295,3.275,3.275,54.0
2025-07-09 18:00:00+00:00,3.275,3.275,3.275,3.275,2.0
2025-07-09 19:00:00+00:00,3.275,3.275,3.25,3.25,8.0
2025-07-10 14:00:00+00:00,3.25,3.25,3.25,3.25,0.0
2025-07-10 15:00:00+00:00,3.25,3.25,3.25,3.25,0.0
2025-07-10 16:00:00+00:00,3.25,3.25,3.25,3.25,0.0
2025-07-10 17:00:00+00:00,3.25,3.25,3.25,3.25,0.0
2025-07-10 18:00:00+00:00,3.25,3.25,3.25,3.25,0.0
2025-07-10 19:00:00+00:00,3.25,3.25,3.25,3.25,0.0
2025-07-11 14:00:00+00:00,3.25,3.25,3.25,3.25,0.0
2025-07-11 15:00:00+00:00,3.25,3.25,3.25,3.25,0.0
2025-07-11 16:00:00+00:00,3.25,3.25,3.25,3.25,0.0
2025-07-11 17:00:00+00:00,3.25,3.25,3.25,3.25,0.0
2025-07-11 18:00:00+00:00,3.25,3.25,3.25,3.25,0.0
2025-07-11 19:00:00+00:00,3.25,3.3,3.25,3.3,400.0
2025-07-14 14:00:00+00:00,3.3,3.36,3.3,3.36,80.0
2025-07-14 15:00:00+00:00,3.36,3.36,3.36,3.36,0.0
2025-07-14 16:00:00+00:00,3.36,3.36,3.36,3.36,0.0
2025-07-14 17:00:00+00:00,3.36,3.36,3.36,3.36,0.0
2025-07-14 18:00:00+00:00,3.36,3.36,3.36,3.36,0.0
2025-07-14 19:00:00+00:00,3.36,3.43,3.36,3.43,376.0
2025-07-15 14:00:00+00:00,3.43,3.655,3.43,3.655,99.0
2025-07-15 15:00:00+00:00,3.655,3.655,3.62,3.65,233.0
2025-07-15 16:00:00+00:00,3.65,3.65,3.65,3.65,0.0
2025-07-15 17:00:00+00:00,3.65,3.86,3.65,3.855,599.0
2025-07-15 18:00:00+00:00,3.855,3.855,3.81,3.82,104.0
2025-07-15 19:00:00+00:00,3.82,3.86,3.82,3.84,111.0
2025-07-16 14:00:00+00:00,3.84,3.89,3.84,3.89,100.0
2025-07-16 15:00:00+00:00,3.89,3.89,3.89,3.89,0.0
2025-07-16 16:00:00+00:00,3.89,3.89,3.85,3.88,235.0
2025-07-16 17:00:00+00:00,3.88,3.88,3.88,3.88,0.0
2025-07-16 18:00:00+00:00,3.88,3.88,3.88,3.88,0.0
2025-07-16 19:00:00+00:00,3.88,3.93,3.88,3.93,342.0
2025-07-17 14:00:00+00:00,3.93,4.025,3.93,4.025,262.0
2025-07-17 15:00:00+00:00,4.025,4.025,3.955,3.955,1.0
2025-07-17 16:00:00+00:00,3.955,3.955,3.955,3.955,0.0
2025-07-17 17:00:00+00:00,3.955,3.955,3.955,3.955,0.0
2025-07-17 18:00:00+00:00,3.955,3.955,3.955,3.955,0.0
2025-07-17 19:00:00+00:00,3.955,3.955,3.955,3.955,0.0
2025-07-18 14:00:00+00:00,3.955,4.015,3.95,3.95,104.0
2025-07-18 15:00:00+00:00,3.95,3.95,3.95,3.95,0.0
2025-07-18 16:00:00+00:00,3.95,3.95,3.935,3.935,400.0
2025-07-18 17:00:00+00:00,3.935,3.935,3.925,3.925,100.0
2025-07-18 18:00:00+00:00,3.925,3.925,3.925,3.925,0.0
2025-07-18 19:00:00+00:00,3.925,3.925,3.86,3.86,89.0
2025-07-21 14:00:00+00:00,3.86,3.86,3.86,3.86,0.0
2025-07-21 15:00:00+00:00,3.86,3.86,3.86,3.86,0.0
2025-07-21 16:00:00+00:00,3.86,3.86,3.86,3.86,0.0
2025-07-21 17:00:00+00:00,3.86,3.86,3.86,3.86,0.0
2025-07-21 18:00:00+00:00,3.86,3.86,3.86,3.86,0.0
2025-07-21 19:00:00+00:00,3.86,3.86,3.86,3.86,0.0
2025-07-22 14:00:00+00:00,3.86,3.86,3.86,3.86,0.0
2025-07-22 15:00:00+00:00,3.86,3.86,3.86,3.86,0.0
2025-07-22 16:00:00+00:00,3.86,3.86,3.86,3.86,0.0
2025-07-22 17:00:00+00:00,3.86,3.86,3.86,3.86,0.0
2025-07-22 18:00:00+00:00,3.86,3.86,3.86,3.86,0.0
2025-07-22 19:00:00+00:00,3.86,4.11,3.86,4.07,212.0
2025-07-23 14:00:00+00:00,4.07,4.07,4.03,4.03,85.0
2025-07-23 15:00:00+00:00,4.03,4.1,4.03,4.1,300.0
2025-07-23 16:00:00+00:00,4.1,4.1,4.1,4.1,0.0
2025-07-23 17:00:00+00:00,4.1,4.1,4.1,4.1,0.0
2025-07-23 18:00:00+00:00,4.1,4.1,4.1,4.1,0.0
2025-07-23 19:00:00+00:00,4.1,4.1,4.035,4.04,124.0
2025-07-24 14:00:00+00:00,4.04,4.04,4.04,4.04,0.0
2025-07-24 15:00:00+00:00,4.04,4.04,4.04,4.04,0.0
2025-07-24 16:00:00+00:00,4.04,4.04,4.04,4.04,0.0
2025-07-24 17:00:00+00:00,4.04,4.05,4.04,4.05,4.0
2025-07-24 18:00:00+00:00,4.05,4.05,4.04,4.04,100.0
2025-07-24 19:00:00+00:00,4.04,4.04,3.99,3.99,0.0
2025-07-25 14:00:00+00:00,3.99,4.01,3.985,3.985,200.0
2025-07-25 15:00:00+00:00,3.985,3.985,3.985,3.985,0.0
2025-07-25 16:00:00+00:00,3.985,4.015,3.985,4.015,109.0
2025-07-25 17:00:00+00:00,4.015,4.015,4.015,4.015,0.0
2025-07-25 18:00:00+00:00,4.015,4.015,4.015,4.015,0.0
2025-07-25 19:00:00+00:00,4.015,4.015,4.015,4.015,0.0
2025-07-28 14:00:00+00:00,4.015,4.015,4.015,4.015,0.0
2025-07-28 15:00:00+00:00,4.015,4.015,4.015,4.015,0.0
2025-07-28 16:00:00+00:00,4.015,4.025,4.015,4.025,100.0
2025-07-28 17:00:00+00:00,4.025,4.025,4.025,4.025,0.0
2025-07-28 18:00:00+00:00,4.025,4.025,3.995,3.995,100.0
2025-07-28 19:00:00+00:00,3.995,3.995,3.995,3.995,0.0
2025-07-29 14:00:00+00:00,3.995,3.995,3.995,3.995,0.0
2025-07-29 15:00:00+00:00,3.995,3.995,3.995,3.995,0.0
2025-07-29 16:00:00+00:00,3.995,3.995,3.995,3.995,0.0
2025-07-29 17:00:00+00:00,3.995,3.995,3.995,3.995,0.0
2025-07-29 18:00:00+00:00,3.995,3.995,3.995,3.995,0.0
2025-07-29 19:00:00+00:00,3.995,3.995,3.86,3.86,9.0
2025-07-30 14:00:00+00:00,3.86,3.86,3.86,3.86,0.0
2025-07-30 15:00:00+00:00,3.86,3.86,3.86,3.86,0.0
2025-07-30 16:00:00+00:00,3.86,3.86,3.86,3.86,0.0
2025-07-30 17:00:00+00:00,3.86,3.86,3.86,3.86,0.0
2025-07-30 18:00:00+00:00,3.86,3.86,3.86,3.86,0.0
2025-07-30 19:00:00+00:00,3.86,3.86,3.86,3.86,0.0
2025-07-31 14:00:00+00:00,3.86,3.86,3.86,3.86,0.0
2025-07-31 15:00:00+00:00,3.86,3.86,3.86,3.86,0.0
2025-07-31 16:00:00+00:00,3.86,3.86,3.86,3.86,0.0
2025-07-31 17:00:00+00:00,3.86,3.86,3.86,3.86,0.0
2025-07-31 18:00:00+00:00,3.86,3.86,3.86,3.86,0.0
2025-07-31 19:00:00+00:00,3.86,3.86,3.86,3.86,0.0
2025-08-01 14:00:00+00:00,3.86,3.86,3.86,3.86,0.0
2025-08-01 15:00:00+00:00,3.86,3.86,3.86,3.86,0.0
2025-08-01 16:00:00+00:00,3.86,3.86,3.86,3.86,0.0
2025-08-01 17:00:00+00:00,3.86,3.86,3.86,3.86,0.0
2025-08-01 18:00:00+00:00,3.86,3.86,3.86,3.86,0.0
2025-08-01 19:00:00+00:00,3.86,3.86,3.665,3.665,0.0
2025-08-04 14:00:00+00:00,3.665,3.665,3.665,3.665,0.0
2025-08-04 15:00:00+00:00,3.665,3.665,3.665,3.665,0.0
2025-08-04 16:00:00+00:00,3.665,3.665,3.665,3.665,0.0
2025-08-04 17:00:00+00:00,3.665,3.665,3.665,3.665,0.0
2025-08-04 18:00:00+00:00,3.665,3.665,3.665,3.665,0.0
2025-08-04 19:00:00+00:00,3.665,3.665,3.665,3.665,0.0
2025-08-05 14:00:00+00:00,3.665,3.665,3.665,3.665,0.0
2025-08-05 15:00:00+00:00,3.665,3.785,3.665,3.785,100.0
2025-08-05 16:00:00+00:00,3.785,3.785,3.785,3.785,0.0
2025-08-05 17:00:00+00:00,3.785,3.785,3.785,3.785,0.0
2025-08-05 18:00:00+00:00,3.785,3.785,3.785,3.785,0.0
2025-08-05 19:00:00+00:00,3.785,3.785,3.74,3.74,119.0
2025-08-06 14:00:00+00:00,3.74,3.74,3.74,3.74,0.0
2025-08-06 15:00:00+00:00,3.74,3.74,3.74,3.74,0.0
2025-08-06 16:00:00+00:00,3.74,3.74,3.74,3.74,0.0
2025-08-06 17:00:00+00:00,3.74,3.74,3.74,3.74,0.0
2025-08-06 18:00:00+00:00,3.74,3.74,3.74,3.74,0.0
2025-08-06 19:00:00+00:00,3.74,3.74,3.74,3.74,0.0
2025-08-07 14:00:00+00:00,3.98,3.98,3.98,3.98,0.0
2025-08-07 15:00:00+00:00,3.98,3.98,3.98,3.98,0.0
2025-08-07 16:00:00+00:00,3.98,3.98,3.98,3.98,0.0
2025-08-07 17:00:00+00:00,3.98,3.98,3.98,3.98,0.0
2025-08-07 18:00:00+00:00,3.98,3.98,3.74,3.74,199.0
2025-08-07 19:00:00+00:00,3.74,3.74,3.71,3.71,5.0
2025-08-08 14:00:00+00:00,3.98,3.98,3.74,3.74,13.0
2025-08-08 15:00:00+00:00,3.74,3.74,3.74,3.74,14.0
2025-08-08 16:00:00+00:00,3.74,3.74,3.74,3.74,0.0
2025-08-08 17:00:00+00:00,3.74,3.74,3.74,3.74,0.0
2025-08-08 18:00:00+00:00,3.74,3.74,3.74,3.74,0.0
2025-08-08 19:00:00+00:00,3.74,3.74,3.74,3.74,0.0
2025-08-11 14:00:00+00:00,3.74,3.74,3.74,3.74,0.0
2025-08-11 15:00:00+00:00,3.74,3.74,3.74,3.74,0.0
2025-08-11 16:00:00+00:00,3.74,3.74,3.71,3.71,100.0
2025-08-11 17:00:00+00:00,3.71,3.71,3.705,3.705,100.0
2025-08-11 18:00:00+00:00,3.705,3.715,3.705,3.715,100.0
2025-08-11 19:00:00+00:00,3.715,3.79,3.715,3.79,215.0
2025-08-12 14:00:00+00:00,3.79,3.79,3.275,3.36,129.0
2025-08-12 15:00:00+00:00,3.36,3.46,3.36,3.46,17.0
2025-08-12 16:00:00+00:00,3.46,3.46,3.46,3.46,0.0
2025-08-12 17:00:00+00:00,3.46,3.46,3.46,3.46,0.0
2025-08-12 18:00:00+00:00,3.46,3.46,3.365,3.365,3.0
2025-08-12 19:00:00+00:00,3.365,3.365,3.365,3.365,0.0
2025-08-13 14:00:00+00:00,3.15,3.21,3.15,3.21,100.0
2025-08-13 15:00:00+00:00,3.21,3.21,3.205,3.205,100.0
2025-08-13 16:00:00+00:00,3.205,3.205,3.205,3.205,0.0
2025-08-13 17:00:00+00:00,3.205,3.205,3.205,3.205,0.0
2025-08-13 18:00:00+00:00,3.205,3.205,3.205,3.205,0.0
2025-08-13 19:00:00+00:00,3.205,3.28,3.205,3.275,214.0
2025-08-14 14:00:00+00:00,3.255,3.255,3.04,3.04,224.0
2025-08-14 15:00:00+00:00,3.04,3.12,3.04,3.12,185.0
2025-08-14 16:00:00+00:00,3.12,3.12,2.99,2.99,100.0
2025-08-14 17:00:00+00:00,2.99,2.99,2.975,2.975,6.0
2025-08-14 18:00:00+00:00,2.975,2.975,2.975,2.975,0.0
2025-08-14 19:00:00+00:00,2.975,2.985,2.95,2.95,600.0
2025-08-15 14:00:00+00:00,2.95,2.95,2.95,2.95,0.0
2025-08-15 15:00:00+00:00,2.95,2.95,2.95,2.95,0.0
2025-08-15 16:00:00+00:00,2.95,2.95,2.935,2.935,49.0
2025-08-15 17:00:00+00:00,2.935,2.935,2.935,2.935,0.0
2025-08-15 18:00:00+00:00,2.935,2.935,2.935,2.935,0.0
2025-08-15 19:00:00+00:00,2.935,2.935,2.85,2.875,29.0
2025-08-18 14:00:00+00:00,2.875,2.89,2.875,2.89,100.0
2025-08-18 15:00:00+00:00,2.89,2.89,2.89,2.89,0.0
2025-08-18 16:00:00+00:00,2.89,2.89,2.89,2.89,0.0
2025-08-18 17:00:00+00:00,2.89,2.89,2.89,2.89,0.0
2025-08-18 18:00:00+00:00,2.89,2.89,2.89,2.89,0.0
2025-08-18 19:00:00+00:00,2.875,2.91,2.87,2.87,137.0
2025-08-19 14:00:00+00:00,2.87,2.87,2.87,2.87,0.0
2025-08-19 15:00:00+00:00,2.87,2.88,2.87,2.88,200.0
2025-08-19 16:00:00+00:00,2.88,2.88,2.86,2.86,100.0
2025-08-19 17:00:00+00:00,2.86,2.86,2.86,2.86,0.0
2025-08-19 18:00:00+00:00,2.86,2.86,2.86,2.86,0.0
2025-08-19 19:00:00+00:00,2.86,2.89,2.86,2.89,100.0
2025-08-20 14:00:00+00:00,2.89,2.89,2.89,2.89,0.0
2025-08-20 15:00:00+00:00,2.89,2.89,2.89,2.89,0.0
2025-08-20 16:00:00+00:00,2.89,2.89,2.89,2.89,0.0
2025-08-20 17:00:00+00:00,2.89,2.89,2.89,2.89,0.0
2025-08-20 18:00:00+00:00,2.89,2.89,2.89,2.89,0.0
2025-08-20 19:00:00+00:00,2.89,2.89,2.825,2.825,0.0
2025-08-21 14:00:00+00:00,2.825,2.825,2.825,2.825,0.0
2025-08-21 15:00:00+00:00,2.825,2.825,2.825,2.825,0.0
2025-08-21 16:00:00+00:00,2.825,2.825,2.825,2.825,0.0
2025-08-21 17:00:00+00:00,2.825,2.825,2.825,2.825,0.0
2025-08-21 18:00:00+00:00,2.825,2.825,2.825,2.825,0.0
2025-08-21 19:00:00+00:00,2.825,2.825,2.825,2.825,0.0
2025-08-22 14:00:00+00:00,2.825,2.825,2.825,2.825,0.0
2025-08-22 15:00:00+00:00,2.825,2.825,2.825,2.825,0.0
2025-08-22 16:00:00+00:00,2.825,2.825,2.825,2.825,0.0
2025-08-22 17:00:00+00:00,2.825,2.825,2.825,2.825,0.0
2025-08-22 18:00:00+00:00,2.825,2.86,2.825,2.86,100.0
2025-08-22 19:00:00+00:00,2.86,2.86,2.84,2.84,17.0
2025-08-25 14:00:00+00:00,2.84,2.93,2.84,2.93,20.0
2025-08-25 15:00:00+00:00,2.93,2.93,2.91,2.91,20.0
2025-08-25 16:00:00+00:00,2.91,2.91,2.91,2.91,0.0
2025-08-25 17:00:00+00:00,2.91,2.91,2.91,2.91,0.0
2025-08-25 18:00:00+00:00,2.91,2.91,2.91,2.91,0.0
2025-08-25 19:00:00+00:00,2.91,2.91,2.91,2.91,0.0
2025-08-26 14:00:00+00:00,2.91,2.91,2.91,2.91,0.0
2025-08-26 15:00:00+00:00,2.91,2.91,2.91,2.91,0.0
2025-08-26 16:00:00+00:00,2.91,2.91,2.91,2.91,0.0
2025-08-26 17:00:00+00:00,2.91,2.91,2.91,2.91,0.0
2025-08-26 18:00:00+00:00,2.91,2.91,2.91,2.91,0.0
2025-08-26 19:00:00+00:00,2.91,2.91,2.91,2.91,0.0
2025-08-27 14:00:00+00:00,2.91,2.91,2.91,2.91,0.0
2025-08-27 15:00:00+00:00,2.91,2.91,2.84,2.84,3.0
2025-08-27 16:00:00+00:00,2.84,2.84,2.835,2.84,13.0
2025-08-27 17:00:00+00:00,2.84,2.84,2.835,2.835,14.0
2025-08-27 18:00:00+00:00,2.835,2.835,2.835,2.835,0.0
2025-08-27 19:00:00+00:00,2.835,2.865,2.835,2.865,200.0
2025-08-28 14:00:00+00:00,2.865,2.865,2.865,2.865,0.0
2025-08-28 15:00:00+00:00,2.865,2.865,2.865,2.865,0.0
2025-08-28 16:00:00+00:00,2.865,2.865,2.865,2.865,0.0
2025-08-28 17:00:00+00:00,2.865,2.865,2.865,2.865,0.0
2025-08-28 18:00:00+00:00,2.865,2.865,2.865,2.865,0.0
2025-08-28 19:00:00+00:00,2.865,2.865,2.78,2.78,1.0
2025-08-29 14:00:00+00:00,2.78,2.78,2.78,2.78,0.0
2025-08-29 15:00:00+00:00,2.78,2.78,2.78,2.78,0.0
2025-08-29 16:00:00+00:00,2.78,2.78,2.78,2.78,0.0
2025-08-29 17:00:00+00:00,2.78,2.78,2.78,2.78,0.0
2025-08-29 18:00:00+00:00,2.78,2.78,2.78,2.78,0.0
2025-08-29 19:00:00+00:00,2.78,2.78,2.76,2.76,15.0
2025-09-01 14:00:00+00:00,2.76,2.76,2.76,2.76,0.0
2025-09-01 15:00:00+00:00,2.76,2.76,2.76,2.76,0.0
2025-09-01 16:00:00+00:00,2.76,2.76,2.76,2.76,0.0
2025-09-01 17:00:00+00:00,2.76,2.76,2.76,2.76,0.0
2025-09-01 18:00:00+00:00,2.76,2.76,2.76,2.76,0.0
2025-09-01 19:00:00+00:00,2.76,2.76,2.76,2.76,0.0
2025-09-02 14:00:00+00:00,2.76,2.76,2.76,2.76,0.0
2025-09-02 15:00:00+00:00,2.76,2.76,2.76,2.76,0.0
2025-09-02 16:00:00+00:00,2.76,2.76,2.76,2.76,0.0
2025-09-02 17:00:00+00:00,2.76,2.76,2.76,2.76,0.0
2025-09-02 18:00:00+00:00,2.76,2.76,2.76,2.76,0.0
2025-09-02 19:00:00+00:00,2.76,2.76,2.76,2.76,0.0
2025-09-03 14:00:00+00:00,2.76,2.76,2.72,2.72,100.0
2025-09-03 15:00:00+00:00,2.72,2.72,2.72,2.72,0.0
2025-09-03 16:00:00+00:00,2.72,2.72,2.72,2.72,0.0
2025-09-03 17:00:00+00:00,2.72,2.72,2.72,2.72,0.0
2025-09-03 18:00:00+00:00,2.72,2.72,2.64,2.64,11.0
2025-09-03 19:00:00+00:00,2.64,2.64,2.64,2.64,0.0
2025-09-04 14:00:00+00:00,2.64,2.64,2.64,2.64,0.0
2025-09-04 15:00:00+00:00,2.64,2.64,2.64,2.64,200.0
2025-09-04 16:00:00+00:00,2.64,2.64,2.64,2.64,0.0
2025-09-04 17:00:00+00:00,2.64,2.64,2.64,2.64,0.0
2025-09-04 18:00:00+00:00,2.64,2.64,2.64,2.64,0.0
2025-09-04 19:00:00+00:00,2.64,2.64,2.62,2.63,218.0
