date,Close,High,Low,Open,Volume,aVWAP_peak_902,aVWAP_valley_873,aVWAP_valley_843,aVWAP_valley_817,aVWAP_valley_791,aVWAP_valley_751,aVWAP_valley_721,aVWAP_valley_695,aVWAP_valley_672,aVWAP_valley_649,aVWAP_valley_610,aVWAP_valley_572,aVWAP_valley_531,aVWAP_valley_459,aVWAP_valley_440,aVWAP_valley_406,aVWAP_valley_373,aVWAP_valley_352,aVWAP_valley_330,aVWAP_valley_287,aVWAP_valley_242,aVWAP_valley_212,aVWAP_valley_196,aVWAP_valley_183,aVWAP_OB_bull_873,aVWAP_OB_bull_751,aVWAP_OB_bull_610,aVWAP_OB_bull_531,aVWAP_OB_bull_440,aVWAP_OB_bull_183,Peaks_avg,Valleys_avg,color,StDev,StDev_Mean,StdDev_ZScore,QQEMOD,QQE1_Value,QQE1_Above_Upper,QQE1_Below_Lower,QQE2_Above_Threshold,QQE2_Below_Threshold,QQE2_Above_TL,banker_RSI,OB,OB_High,OB_Low,OB_Mitigated_Index,TTM_squeeze_Active,VI_plus,VI_minus,VI_Regular_Bullish,VI_Regular_Bearish,VI_Hidden_Bullish,VI_Hidden_Bearish,Fisher,Fisher_Signal,Fisher_Regular_Bullish,Fisher_Regular_Bearish,Fisher_Hidden_Bullish,Fisher_Hidden_Bearish,OBV,OBV_Smoothed,OBV_Regular_Bullish,OBV_Regular_Bearish,OBV_Hidden_Bullish,OBV_Hidden_Bearish,Volume_MA,Vol_Regular_Bullish,Vol_Regular_Bearish,Vol_Hidden_Bullish,Vol_Hidden_Bearish
2022-01-03 00:00:00+00:00,47.0329200789,47.46462321,46.6330266521,47.2873977141,1571171,,,,,,,,,,,,,,,,,,,,,,,,,,,,,,,,,#000000,,,,,,False,False,False,False,False,,0.0,0.0,0.0,0.0,0,,,False,False,False,False,,,False,False,False,False,0,0.0,False,False,False,False,1571171.0,False,False,False,False
2022-01-04 00:00:00+00:00,47.95994575,48.3689276637,46.8965927743,47.1238049486,2457004,,,,,,,,,,,,,,,,,,,,,,,,,,,,,,,,,#000000,,,,100.0,,False,False,True,False,False,,0.0,0.0,0.0,0.0,0,,,False,False,False,False,,,False,False,False,False,2457004,96353.09803921568,False,False,False,False,1605909.549019608,False,False,False,False
2022-01-05 00:00:00+00:00,47.2783092271,48.9278696125,47.1601588965,48.5052549683,3531392,,,,,,,,,,,,,,,,,,,,,,,,,,,,,,,,,#000000,,,,85.09485094811842,-9.620596207526319,False,False,True,False,True,,0.0,0.0,0.0,0.0,0,,,False,False,False,False,,,False,False,False,False,-1074388,50441.68242983468,False,False,False,False,1681418.6647443292,False,False,False,False
2022-01-06 00:00:00+00:00,45.4424348588,46.6330266521,45.2243111715,46.3967259909,2117415,,,,,,,,,,,,,,,,,,,,,,,,,,,,,,,,,#000000,,,,64.6567867645126,-9.620596207526319,False,False,True,False,True,,0.0,0.0,0.0,0.0,0,,,False,False,False,False,,,False,False,False,False,-3191803,-76705.16786153139,False,False,False,False,1698516.5602445516,False,False,False,False
2022-01-07 00:00:00+00:00,45.5605851895,45.978746475,44.8880371536,45.696912494,2562904,,,,,,,,,,,,,,,,,,,,,,,,,,,,,,,,,#000000,,,,52.01658566929606,-9.620596207526319,False,False,False,False,False,,0.0,0.0,0.0,0.0,0,,,False,False,False,False,,,False,False,False,False,-628899,-98359.8279453929,False,False,False,False,1732414.106901628,False,False,False,False
2022-01-10 00:00:00+00:00,46.8875042873,46.8965927743,45.2061341976,45.3151960412,2317884,,,,,,,,,,,,,,,,,,,,,,,,,,,,,,,,,#000000,,,,51.499485678966664,-9.620596207526319,False,False,False,False,False,,0.0,0.0,0.0,0.0,0,,,False,False,False,False,,,False,False,False,False,1688985,-28267.87390831868,False,False,False,False,1755373.7105525446,False,False,False,False
2022-01-11 00:00:00+00:00,47.0601855398,47.1692473835,46.2876641472,46.9056812613,1619471,,,,,,,,,,,,,,,,,,,,,,,,,,,,,,,,,#000000,,,,51.88638087244443,-9.620596207526319,False,False,False,False,False,,0.0,0.0,0.0,0.0,0,,,False,False,False,False,,,False,False,False,False,3308456,102584.04271553695,False,False,False,False,1750044.1924916606,False,False,False,False
2022-01-12 00:00:00+00:00,47.7690875236,47.8508839063,46.678469087,47.2601322532,2028132,,,,,,,,,,,,,,,,,,,,,,,,,,,,,,,,,#000000,,,,54.775340773073935,-9.620596207526319,False,False,True,False,False,,0.0,0.0,0.0,0.0,0,,,False,False,False,False,,,False,False,False,False,5336588,307839.09986394725,False,False,False,False,1760949.596707674,False,False,False,False
2022-01-13 00:00:00+00:00,47.0420085659,47.8327069324,46.9329467222,47.6600256799,1785747,,,,,,,,,,,,,,,,,,,,,,,,,,,,,,,,,#000000,,,,53.50559505810726,-9.620596207526319,False,False,True,False,False,,0.0,0.0,0.0,0.0,0,,,False,False,False,False,,,False,False,False,False,3550841,435015.6449673219,False,False,False,False,1761922.0438956083,False,False,False,False
2022-01-14 00:00:00+00:00,46.7239115218,47.1874243574,46.2422217123,47.0238315919,1876024,,,,,,,,,,,,,,,,,,,,,,,,,,,,,,,,,#000000,,,,51.45630046880139,-9.620596207526319,False,False,False,False,False,,0.0,0.0,0.0,0.0,0,,,False,False,False,False,,,False,False,False,False,1674817,483635.3059489955,False,False,False,False,1766396.6304095061,False,False,False,False
2022-01-18 00:00:00+00:00,45.715089468,46.8057079046,45.6696470331,46.4603453997,1662492,,,,,,,,,,,,,,,,,,,,,,,,,,,,,,,,,#000000,,,,46.96340341081343,-9.620596207526319,False,False,False,True,False,,0.0,0.0,0.0,0.0,0,,,False,False,False,False,,,False,False,False,False,12325,465152.54885295645,False,False,False,False,1762321.9390208982,False,False,False,False
2022-01-19 00:00:00+00:00,49.3504842567,49.5958734049,46.0968059208,46.4421684257,4708618,,,,,,,,,,,,,,,,,,,,,,,,,,,,,,,,,#000000,,,,53.06102502352553,-9.620596207526319,False,False,True,False,False,,0.0,0.0,0.0,0.0,0,,,False,False,False,False,,,False,False,False,False,4720943,632046.2920351934,False,False,False,False,1877862.9610200787,False,False,False,False
2022-01-20 00:00:00+00:00,47.5964062711,49.9139704489,47.5645965667,49.7322007095,2507480,,,,,,,,,,,,,,,,,,,,,,,,,,,,,,,,,#000000,,48.35832442889999,,53.0094034002628,-9.620596207526319,False,False,True,False,False,,0.0,0.0,0.0,0.0,0,,,False,False,False,False,,,False,False,False,False,2213463,694062.6335240094,False,False,False,False,1902553.8252938013,False,False,False,False
2022-01-21 00:00:00+00:00,46.2513101993,47.9826669674,45.9423016423,47.7145566018,2569609,,,,,,,,,,,,,,,,,,,,,,,,,,,,,,,,,#000000,,47.53188435545448,,50.54722267931689,-9.620596207526319,False,False,False,False,False,,0.0,0.0,0.0,0.0,0,,,False,False,False,False,,,False,False,False,False,-356146,652877.9812289502,False,False,False,False,1928712.851752868,False,False,False,False
2022-01-24 00:00:00+00:00,45.706000981,46.033186512,44.2154891176,45.9150361814,2730767,,,,,,,,,,,,,,,,,,,,,,,,,,,,,,,,,#000000,,46.75766586947593,,48.02615916567973,-9.620596207526319,False,False,False,False,False,,0.0,0.0,0.0,0.0,0,,,False,False,False,False,,,False,False,False,False,-3086913,506219.5113768345,False,False,False,False,1960165.9556056967,False,False,False,False
2022-01-25 00:00:00+00:00,45.8059743377,45.9059476944,44.8244177447,45.3697269631,1949056,,,,,,,,,,,,,,,,,,,,,,,,,,,,,,,,,#000000,,46.50885233206842,,46.564580055923706,-9.620596207526319,False,False,False,True,False,,0.0,0.0,0.0,0.0,0,,,False,False,False,False,,,False,False,False,False,-1137857,441745.92269539,False,False,False,False,1959730.27107214,False,False,False,False
2022-01-26 00:00:00+00:00,44.115515761,46.3058411211,43.9064805606,45.3424615021,2841200,,,,,,,,,,,,,,,,,,,,,,,,,,,,,,,,,#000000,,46.11803710527309,,43.021366207038724,-9.620596207526319,False,False,False,True,False,,0.0,0.0,0.0,0.0,0,,,False,False,False,False,,,False,False,False,False,-3979057,268381.10219753155,False,False,False,False,1994297.7114222522,False,False,False,False
2022-01-27 00:00:00+00:00,42.4614111321,44.2609315525,42.4114244537,43.3793483162,3176929,,,,,,,,,,,,,,,,,,,,,,,,,,,,,,,,,#000000,,45.49907666839177,,38.746146695023725,7.4980577101757575,False,False,False,True,False,,0.0,0.0,0.0,0.0,0,,,False,False,False,False,,,False,False,False,False,-7155986,-22770.54886903832,False,False,False,False,2040675.4090135365,False,False,False,False
2022-01-28 00:00:00+00:00,42.0433407314,42.3159953405,41.2764542007,42.1524025751,3096786,,,,,,,,,,,,,,,,,,,,,,,,,,,,,,,,,#000000,,43.39178408787153,,35.468071461494176,3.0402731433009222,False,False,False,True,False,,0.0,0.0,0.0,0.0,0,,,False,False,False,False,,,False,False,False,False,-10252772,-423947.0763643702,False,False,False,False,2082091.510620849,False,False,False,False
2022-01-31 00:00:00+00:00,43.4247907511,43.5338525948,42.3341723145,42.3796147493,2221618,,,,,,,,,,,,,,,,,,,,,,,,,,,,,,,,,#000000,,43.551209512927585,,36.45440633205679,2.801443280426021,False,False,False,True,False,,0.0,0.0,0.0,0.0,0,,,False,False,False,False,,,False,False,False,False,-8031154,-722268.916506944,False,False,False,False,2087563.1376553255,False,False,False,False
2022-02-01 00:00:00+00:00,43.5247641078,44.0882503,42.9249239677,43.8246841779,2552170,,,,,,,,,,,,,,,,,,,,,,,,,,,,,,,,,#000000,,43.66871749927981,,37.32834753304461,2.4433197124876216,False,False,False,True,False,,0.0,0.0,0.0,0.0,0,,,False,False,False,False,,,False,False,False,False,-5478984,-908806.7629184364,False,False,False,False,2105783.0146100186,False,False,False,False
2022-02-02 00:00:00+00:00,44.2245776046,44.8153292578,43.0339858113,43.5883835166,2170608,,,,,,,,,,,,,,,,,,,,,,,,,,,,,,,,,#000000,,43.78265761186387,,39.43578643125609,2.4433197124876216,False,False,False,True,False,,0.0,0.0,0.0,0.0,0,,,False,False,False,False,,,False,False,False,False,-3308376,-1002907.5173137919,False,False,False,False,2108325.170899822,False,False,False,False
2022-02-03 00:00:00+00:00,43.7519762821,44.433612805,43.4066137772,44.433612805,2225845,,,,,,,,,,,,,,,,,,,,,,,,,,,,,,,,,#000000,,43.83181353187542,,40.07205205054693,2.4433197124876216,False,False,False,True,False,,0.0,0.0,0.0,0.0,0,,,False,False,False,False,,,False,False,False,False,-5534221,-1180606.0852622706,False,False,False,False,2112933.7916488484,False,False,False,False
2022-02-04 00:00:00+00:00,43.8065072039,44.2336660916,43.1884900898,43.2521094986,1643945,,,,,,,,,,,,,,,,,,,,,,,,,,,,,,,,,#000000,,43.84458437768659,,40.62645844482924,2.4433197124876216,False,False,False,True,False,,0.0,0.0,0.0,0.0,0,,,False,False,False,False,,,False,False,False,False,-3890276,-1286867.6505461033,False,False,False,False,2094542.0743292856,False,False,False,False
2022-02-07 00:00:00+00:00,44.7062674141,45.0243644581,43.8973920736,44.1791351698,2577870,,,,,,,,,,,,,,,,,,,,,,,,,,,,,,,,,#000000,,43.94992366183288,,43.09074961039556,2.4433197124876216,False,False,False,True,True,,0.0,0.0,0.0,0.0,0,,,False,False,False,False,,,False,False,False,False,-1312406,-1287869.154446256,False,False,False,False,2113496.110630098,False,False,False,False
2022-02-08 00:00:00+00:00,44.6426480053,45.2697536064,44.3518164222,44.6971789271,2877279,,,,,,,,,,,,,,,,,,,,,,,,,,,,,,,,,#000000,,44.05937466569604,,44.60045550378007,2.4433197124876216,False,False,False,True,True,,0.0,0.0,0.0,0.0,0,,,False,False,False,False,,,False,False,False,False,-4189685,-1401665.8542718932,False,False,False,False,2143448.3808014668,False,False,False,False
2022-02-09 00:00:00+00:00,44.9607450493,45.8241513116,44.3336394483,44.415435831,3082658,,,,,,,,,,,,,,,,,,,,,,,,,,,,,,,,,#000000,,44.17800022574177,,46.3708338497391,2.4433197124876216,False,False,False,False,True,,0.0,0.0,0.0,0.0,0,,,False,False,False,False,,,False,False,False,False,-1107027,-1390111.3893984857,False,False,False,False,2180280.130573958,False,False,False,False
2022-02-10 00:00:00+00:00,42.8885700198,45.2366715138,42.5795614627,44.8516832057,4438585,,,,,,,,,,,,,,,,,,,,,,,,,,,,,,,,,#000000,,44.10643776397821,,43.58007626165894,2.4433197124876216,False,False,False,True,True,,0.0,0.0,0.0,0.0,0,,,False,False,False,False,,,False,False,False,False,-5545612,-1553072.1976573686,False,False,False,False,2268841.105845568,False,False,False,False
2022-02-11 00:00:00+00:00,45.2061341976,45.7968858507,42.8703930458,43.0430742983,5129482,,,,,,,,,,,,,,,,,,,,,,,,,,,,,,,,,#000000,,44.18408754897641,,46.410783460520705,2.4433197124876216,False,False,False,False,True,,0.0,0.0,0.0,0.0,0,,,False,False,False,False,,,False,False,False,False,-416130,-1508486.2291217856,False,False,False,False,2381023.1016947613,False,False,False,False
2022-02-14 00:00:00+00:00,47.632760219,47.8508839063,45.696912494,45.8423282856,5450403,,,,,,,,,,,,,,,,,,,,,,,,,,,,,,,,,#000000,,44.54609643926071,,51.60899464749296,2.4433197124876216,False,False,True,False,True,,0.0,0.0,0.0,0.0,0,,,False,False,False,False,,,False,False,False,False,5034273,-1251907.435822892,False,False,False,False,2501390.940843987,False,False,False,False
2022-02-15 00:00:00+00:00,46.9693006701,47.3464728794,46.1513368426,46.5148763215,3365617,,,,,,,,,,,,,,,,,,,,,,,,,,,,,,,,,#000000,,44.70947763508883,,53.861763814500854,-4.62425933988618,False,False,True,False,True,,0.0,0.0,0.0,0.0,0,,,False,False,False,False,,,False,False,False,False,1668656,-1137375.5363788572,False,False,False,False,2535282.1588501055,False,False,False,False
2022-02-16 00:00:00+00:00,47.5327868623,48.1326270025,47.1147164616,47.2146898183,2959728,,,,,,,,,,,,,,,,,,,,,,,,,,,,,,,,,#000000,,44.87972188547328,,56.084791847404674,-2.287060535468939,False,False,True,False,True,,0.0,0.0,0.0,0.0,0,,,False,False,False,False,,,False,False,False,False,4628384,-911267.319265961,False,False,False,False,2551927.0937971603,False,False,False,False
2022-02-17 00:00:00+00:00,51.0318543465,51.5408096169,48.1689809504,48.296219768,7579612,,,,,,,,,,,,,,,,,,,,,,,,,,,,,,,,,#000000,,47.135918893792784,,61.01348048837333,2.5427407651609286,False,False,True,False,True,,0.0,0.0,0.0,0.0,0,,,False,False,False,False,,,False,False,False,False,12207996,-396786.40478494286,False,False,False,False,2749091.207765899,False,False,False,False
2022-02-18 00:00:00+00:00,49.9139704489,50.9409694767,49.4595461004,50.8228191461,3232388,,,,,,,,,,,,,,,,,,,,,,,,,,,,,,,,,#000000,,47.28022845420935,,62.30769321222394,3.895728990211275,False,False,True,False,True,,0.0,0.0,0.0,0.0,0,,,False,False,False,False,,,False,False,False,False,8975608,-29241.52616592555,False,False,False,False,2768044.0231476286,False,False,False,False
2022-02-22 00:00:00+00:00,48.7415556296,50.4229257194,48.3598391768,50.1593595972,4223598,,,,,,,,,,,,,,,,,,,,,,,,,,,,,,,,,#000000,,47.327271869596814,,61.25308294728276,3.895728990211275,False,False,True,False,True,,0.0,0.0,0.0,0.0,0,,,False,False,False,False,,,False,False,False,False,4752010,158258.5336837186,False,False,False,False,2825124.5712594865,False,False,False,False
2022-02-23 00:00:00+00:00,49.7867316313,50.222979006,48.6688477338,48.7779095775,3595595,,,,,,,,,,,,,,,,,,,,,,,,,,,,,,,,,#000000,,47.42588784042854,,61.639086824729446,3.895728990211275,False,False,True,False,True,,0.0,0.0,0.0,0.0,0,,,False,False,False,False,,,False,False,False,False,8347605,479409.37550004333,False,False,False,False,2855339.0978767616,False,False,False,False
2022-02-24 00:00:00+00:00,47.2601322532,51.0227658595,46.2422217123,50.4411026933,8282972,,,,,,,,,,,,,,,,,,,,,,,,,,,,,,,,,#000000,,47.39290755460004,,58.24831262668327,3.895728990211275,False,False,True,False,False,,0.0,0.0,0.0,0.0,0,,,False,False,False,False,,,False,False,False,False,64633,463143.6352843554,False,False,False,False,3068187.4469796335,False,False,False,False
2022-02-25 00:00:00+00:00,47.0783625137,47.3601056099,45.8786822335,46.996566131,4318339,,,,,,,,,,,,,,,,,,,,,,,,,,,,,,,,,#000000,,47.28685363164528,,55.752981684399344,3.895728990211275,False,False,True,False,False,,0.0,0.0,0.0,0.0,0,,,False,False,False,False,,,False,False,False,False,-4253706,278169.13978300814,False,False,False,False,3117212.9980784715,False,False,False,False
2022-02-28 00:00:00+00:00,45.8877707204,47.8690608803,45.7605319028,47.7145566018,4582435,,,,,,,,,,,,,,,,,,,,,,,,,,,,,,,,,#000000,,47.1833949307801,,52.57053337719088,10.156670524822474,False,False,False,False,False,,0.0,0.0,0.0,0.0,0,,,False,False,False,False,,,False,False,False,False,-8836141,-79254.78726730589,False,False,False,False,3174672.6844283356,False,False,False,False
2022-03-01 00:00:00+00:00,48.0235651588,48.2053348982,46.1876907905,46.2331332254,5510498,,,,,,,,,,,,,,,,,,,,,,,,,,,,,,,,,#000000,,47.17112836682998,,53.147181232132645,10.156670524822474,False,False,False,False,False,,0.0,0.0,0.0,0.0,0,,,False,False,False,False,,,False,False,False,False,-3325643,-206564.12894309784,False,False,False,False,3266273.677195852,False,False,False,False
2022-03-02 00:00:00+00:00,47.8327069324,48.5188876988,46.5238739236,47.2783092271,3983526,,,,,,,,,,,,,,,,,,,,,,,,,,,,,,,,,#000000,,47.17607633610813,,53.267784978194655,10.156670524822474,False,False,True,False,False,,0.0,0.0,0.0,0.0,0,,,False,False,False,False,,,False,False,False,False,-7309169,-485097.6532982704,False,False,False,False,3294401.219266603,False,False,False,False
2022-03-03 00:00:00+00:00,47.978122724,48.3689276637,47.2783092271,47.7690875236,3132020,,,,,,,,,,,,,,,,,,,,,,,,,,,,,,,,,#000000,,47.191845691324744,,53.535215460994706,10.156670524822474,False,False,True,False,False,,0.0,0.0,0.0,0.0,0,,,False,False,False,False,,,False,False,False,False,-4177149,-629883.9806199069,False,False,False,False,3288033.328314971,False,False,False,False
2022-03-04 00:00:00+00:00,51.7044023824,51.878214845,48.2514928765,48.4276850779,5601037,,,,,,,,,,,,,,,,,,,,,,,,,,,,,,,,,#000000,,47.41108059487072,,57.599701960792174,10.156670524822474,False,False,True,False,True,,0.0,0.0,0.0,0.0,0,,,False,False,False,False,,,False,False,False,False,1423888,-549343.9029485381,False,False,False,False,3378739.3546555606,False,False,False,False
2022-03-07 00:00:00+00:00,53.3244553513,54.2031281481,51.265065984,52.0247518395,7361502,,,,,,,,,,,,,,,,,,,,,,,,,,,,,,,,,#000000,,47.850129185709,,61.54601448359343,4.927824411612448,False,False,True,False,True,,0.0,0.0,0.0,0.0,0,,,False,False,False,False,,,False,False,False,False,8785390,-183275.90675447776,False,False,False,False,3534926.1250612247,False,False,False,False
2022-03-08 00:00:00+00:00,55.7865697505,58.0198631088,53.956001424,54.129905415,11125006,,,,,,,,,,,,,,,,,,,,,,,,,,,,,,,,,#000000,,50.51942149385222,,65.7379600046416,8.912061821644826,False,False,True,False,True,,0.0,0.0,0.0,0.0,0,,,False,False,False,False,,,False,False,False,False,19910396,604711.2268437371,False,False,False,False,3832576.316235294,False,False,False,False
2022-03-09 00:00:00+00:00,56.3082817236,56.9215221129,52.5647694958,53.0773286273,7337230,,,,,,,,,,,,,,,,,,,,,,,,,,,,,,,,,#000000,,50.77444951423123,,68.83006969056234,11.79186223950557,False,False,True,False,True,,0.0,0.0,0.0,0.0,0,,,False,False,False,False,,,False,False,False,False,27247626,1649531.4140263356,False,False,False,False,3970013.715598616,False,False,False,False
2022-03-10 00:00:00+00:00,56.8116880133,58.0107102672,55.6584299676,56.5371027644,7257402,,,,,,,,,,,,,,,,,,,,,,,,,,,,,,,,,#000000,,51.20635332842234,,71.18556804619988,13.999137836327662,False,False,True,False,True,,0.0,0.0,0.0,0.0,0,,,False,False,False,False,,,False,False,False,False,34505028,2937982.260535107,False,False,False,False,4098930.9032221995,False,False,False,False
2022-03-11 00:00:00+00:00,56.198447624,56.6743953889,54.8163685374,55.0909537864,4266622,,,,,,,,,,,,,,,,,,,,,,,,,,,,,,,,,#000000,,51.363738401373524,,71.61291640442863,14.48756442135641,False,False,True,False,True,,0.0,0.0,0.0,0.0,0,,,False,False,False,False,,,False,False,False,False,30238406,4008587.113063142,False,False,False,False,4105507.0246644663,False,False,False,False
2022-03-14 00:00:00+00:00,54.4502548721,55.7682640672,53.8919315326,54.5967003383,4462206,,,,,,,,,,,,,,,,,,,,,,,,,,,,,,,,,#000000,,51.44679217187021,,68.90023352951974,14.48756442135641,False,False,True,False,True,,0.0,0.0,0.0,0.0,0,,,False,False,False,False,,,False,False,False,False,25776200,4862218.9909822345,False,False,False,False,4119495.2197756637,False,False,False,False
2022-03-15 00:00:00+00:00,54.6516173881,55.0177310534,52.4823939211,52.784437695,3314324,,,,,,,,,,,,,,,,,,,,,,,,,,,,,,,,,#000000,,51.48226899015773,,67.28024109331638,14.48756442135641,False,False,True,False,False,14.072066007206097,0.0,0.0,0.0,0.0,0,,,False,False,False,False,0.19714262775090763,0.19714262775090763,False,False,False,False,29090524,5812348.59917901,False,False,False,False,4087919.877823677,False,False,False,False
2022-03-16 00:00:00+00:00,54.6058531799,54.7013173181,53.0041058942,54.1573639399,3010932,,,,,,,,,,,,,,,,,,,,,,,,,,,,,,,,,#000000,,51.51866692093299,,66.11795566847184,14.48756442135641,False,False,True,False,False,13.958690866972713,0.0,0.0,0.0,0.0,0,1.024055499766522,0.8776230287622648,False,False,False,False,0.20182934749163942,0.1994859876212735,False,False,False,False,26079592,6607142.458034735,False,False,False,False,4045685.059085494,False,False,False,False
2022-03-17 00:00:00+00:00,55.9421680583,56.820840855,54.9445083203,55.4387617685,3088975,,,,,,,,,,,,,,,,,,,,,,,,,,,,,,,,,#000000,,51.61975090432116,,66.67282699134813,14.48756442135641,True,False,True,False,False,16.189131557354795,0.0,0.0,0.0,0.0,0,1.0370725742497091,0.8679945879470752,False,False,False,False,0.2966276077843875,0.2480567977028305,False,False,False,False,29168567,7491904.204778471,False,False,False,False,4008167.0175527297,False,False,False,False
2022-03-18 00:00:00+00:00,55.2465520942,55.9970851081,54.8621327456,55.2099407277,6353194,,,,,,,,,,,,,,,,,,,,,,,,,,,,,,,,,#000000,,51.77731266213663,,65.70190095263796,14.48756442135641,True,False,True,False,False,14.452945961542198,0.0,0.0,0.0,0.0,0,1.0338732298695024,0.8808835884552683,False,False,False,False,0.27507343464848216,0.26156511617565636,False,False,False,False,22815373,8092824.54968912,False,False,False,False,4100128.8600016423,False,False,False,False
2022-03-21 00:00:00+00:00,57.1778016787,57.6445966019,55.4479146101,55.5577487097,3207714,,,,,,,,,,,,,,,,,,,,,,,,,,,,,,,,,#000000,,51.89594830073976,,66.90802860527847,14.48756442135641,True,False,True,False,False,17.5516047632715,0.0,0.0,0.0,0.0,0,1.0526552652753363,0.846699057598549,False,False,False,False,0.32869368192654513,0.29512939905110075,False,False,False,False,26023087,8795972.096760135,False,False,False,False,4065132.1988251074,False,False,False,False
2022-03-22 00:00:00+00:00,56.1069192076,57.1778016787,55.8689453252,57.0496618958,2613479,,,,,,,,,,,,,,,,,,,,,,,,,,,,,,,,,#000000,,51.97854080891689,,65.7347408616221,14.48756442135641,True,False,True,False,False,14.946982956238195,0.0,0.0,0.0,0.0,0,1.0600134485502668,0.8451792803800798,False,False,False,False,0.3275773694109183,0.31135338423100956,False,False,False,False,23409608,9369055.857671503,False,False,False,False,4008204.6224005935,False,False,False,False
2022-03-23 00:00:00+00:00,57.3333999864,57.3974698778,55.6218186011,56.894063588,3298757,,,,,,,,,,,,,,,,,,,,,,,,,,,,,,,,,#000000,,52.09014912243151,,66.14021924682984,14.48756442135641,True,False,True,False,False,16.859188909242214,0.0,0.0,0.0,0.0,0,1.0543912790936723,0.8521916842830564,False,False,False,False,0.3269079603049514,0.3191306722679805,False,False,False,False,26708365,10049028.765213799,False,False,False,False,3980383.1470123352,False,False,False,False
2022-03-24 00:00:00+00:00,56.9215221129,58.3310597244,56.546255606,57.8734176427,3589416,,,,,,,,,,,,,,,,,,,,,,,,,,,,,,,,,#000000,,52.22035614382759,,65.63608655818024,14.48756442135641,True,False,True,False,False,15.86769288731264,0.0,0.0,0.0,0.0,0,1.0523763745215564,0.8470383381416513,False,False,False,False,0.34282824968046804,0.33097946097422426,False,False,False,False,23118949,10561574.656774042,False,False,False,False,3965051.1020314596,False,False,False,False
2022-03-25 00:00:00+00:00,56.7933823301,56.8116880133,55.8048754338,56.6835482305,2269289,,,,,,,,,,,,,,,,,,,,,,,,,,,,,,,,,#000000,,52.283292797585574,,65.04716346833324,14.48756442135641,True,False,True,False,False,15.55739292225699,0.0,0.0,0.0,0.0,0,1.040262988332097,0.8673981985634327,False,False,False,False,0.29018614183832486,0.3105828014062746,False,False,False,False,20849660,10965028.983959373,False,False,False,False,3898550.6274419907,False,False,False,False
2022-03-28 00:00:00+00:00,55.2740106191,55.8414868003,54.8163685374,55.8414868003,2790634,,,,,,,,,,,,,,,,,,,,,,,,,,,,,,,,,#000000,,52.33084756365586,,61.8282133060716,16.622774990482313,True,False,True,False,False,11.964309861903068,0.0,0.0,0.0,0.0,0,1.018609924405464,0.8687813463758862,False,False,False,False,0.24581885345847432,0.27820082743237445,False,False,False,False,18059026,11243224.94537273,False,False,False,False,3855102.9165619127,False,False,False,False
2022-03-29 00:00:00+00:00,55.5119845015,55.5714779721,53.3610667179,53.9376957407,3366670,,,,,,,,,,,,,,,,,,,,,,,,,,,,,,,,,#000000,,52.37288246322537,,60.01475063923876,14.764338868932498,True,False,True,False,False,12.361523104485663,0.0,0.0,0.0,0.0,1,1.0110777514042228,0.8667814749269551,False,False,False,False,0.20751462356315284,0.24285772549776363,False,False,False,False,21425696,11642537.535750272,False,False,False,False,3835948.684539877,False,False,False,False
2022-03-30 00:00:00+00:00,56.5096442395,56.6835482305,55.8323339587,55.8323339587,1889932,,,,,,,,,,,,,,,,,,,,,,,,,,,,,,,,,#000000,,52.418981723539204,,60.164712780985695,14.763633283668952,True,False,True,False,False,14.005718401877516,0.0,0.0,0.0,0.0,1,1.037093889235763,0.8544790074171206,False,False,False,False,0.28787968563852523,0.2653687055681444,False,False,False,False,23315628,12100305.78925026,False,False,False,False,3759634.304753999,False,False,False,False
2022-03-31 00:00:00+00:00,56.0520021578,57.1915309411,56.0153907913,56.5004913978,2395573,,,,,,,,,,,,,,,,,,,,,,,,,,,,,,,,,#000000,,52.47723569805128,,59.35684011574017,13.790705182806526,True,False,True,False,False,12.925419111894055,0.0,0.0,0.0,0.0,1,1.0394274372014096,0.8767446613223157,False,False,False,False,0.30377188626567503,0.28457029591690974,False,False,False,False,20920055,12446178.307318877,False,False,False,False,3706141.704567568,False,False,False,False
2022-04-01 00:00:00+00:00,57.9191818509,58.0290159505,55.5852072346,55.5852072346,2590084,,,,,,,,,,,,,,,,,,,,,,,,,,,,,,,,,#000000,,52.553132805591886,,61.187022729496746,13.790705182806526,True,False,True,False,False,15.911249112405663,0.0,0.0,0.0,0.0,1,1.020794196319103,0.8717696337384764,False,False,False,False,0.3132085558083346,0.2988894258626222,False,False,False,False,23510139,12880059.118796568,False,False,False,False,3662374.7357609966,False,False,False,False
2022-04-04 00:00:00+00:00,58.0290159505,58.8253131725,57.2996260008,58.3493654076,3195291,,,,,,,,,,,,,,,,,,,,,,,,,,,,,,,,,#000000,,52.66376550638428,,62.53327056908206,13.790705182806526,True,False,True,False,True,16.081358784287453,0.0,0.0,0.0,0.0,1,1.0537591372616635,0.8442586236948986,False,False,False,False,0.34282824986205274,0.3208588378623375,False,False,False,False,26705430,13422230.525902584,False,False,False,False,3644057.7265154677,False,False,False,False
2022-04-05 00:00:00+00:00,57.4340812444,59.6902567068,57.2784829366,58.3768239325,4033695,,,,,,,,,,,,,,,,,,,,,,,,,,,,,,,,,#000000,,52.798941970402,,62.12039679371684,13.790705182806526,True,False,True,False,True,14.654754389384788,0.0,0.0,0.0,0.0,1,1.0724362321925318,0.8193593700776758,False,False,False,False,0.34282824997716765,0.33184354391975257,False,False,False,False,22671735,13784956.191553464,False,False,False,False,3659337.6195932925,False,False,False,False
2022-04-06 00:00:00+00:00,57.4523869276,58.3951296158,56.5645612893,57.5805267105,2507996,,,,,,,,,,,,,,,,,,,,,,,,,,,,,,,,,#000000,,52.86766702314358,,61.871412213504506,13.790705182806526,True,False,True,False,True,14.684415960834574,0.0,0.0,0.0,0.0,1,1.0590232435786897,0.8320524506777934,False,False,False,False,0.29886329636977377,0.3153534201447632,False,False,False,False,25179731,14231810.105610192,False,False,False,False,3614186.9678445356,False,False,False,False
2022-04-07 00:00:00+00:00,57.6445966019,58.1388500501,57.2967886199,57.5805267105,2061995,,,,,,,,,,,,,,,,,,,,,,,,,,,,,,,,,#000000,,52.92571060638317,,62.00120642273097,13.790705182806526,True,False,True,False,True,15.00039821259912,0.0,0.0,0.0,0.0,1,1.0762523964050847,0.8359553185403259,False,False,False,False,0.30917202032905594,0.3122627202369096,False,False,False,False,27241726,14742002.88578234,False,False,False,False,3553316.6945957304,False,False,False,False
2022-04-08 00:00:00+00:00,59.6124575529,59.6765274443,57.9466403758,58.1113915252,3004974,,,,,,,,,,,,,,,,,,,,,,,,,,,,,,,,,#000000,,53.03566475950588,,64.67336217333823,10.978115901679956,True,False,True,False,True,18.113786372785512,0.0,0.0,0.0,0.0,1,1.0943081408910798,0.7979010119553285,False,False,False,False,0.34282825006251705,0.3275454851497133,False,False,False,False,30246700,15350030.223594798,False,False,False,False,3531813.059513545,False,False,False,False
2022-04-11 00:00:00+00:00,58.413435299,60.5597766619,58.0839330003,60.1707808925,2919586,,,,,,,,,,,,,,,,,,,,,,,,,,,,,,,,,#000000,,53.13728583559126,,63.62890482259391,10.978115901679956,True,False,True,False,True,15.20363421492635,0.0,0.0,0.0,0.0,1,1.1050803925006432,0.7742926339441252,False,False,False,False,0.34282824989583854,0.33518686752277593,False,False,False,False,27327114,15819719.783453826,False,False,False,False,3507804.1552188965,False,False,False,False
2022-04-12 00:00:00+00:00,59.4385535619,60.6741871823,58.8161603309,59.2005796795,3763953,,,,,,,,,,,,,,,,,,,,,,,,,,,,,,,,,#000000,,53.27791319511487,,64.24317711306662,10.978115901679956,True,False,True,False,True,16.79077046814728,0.0,0.0,0.0,0.0,1,1.1000654780625378,0.7852165134525941,False,False,False,False,0.3428282498542972,0.3390075586885366,False,False,False,False,31091067,16418596.14488701,False,False,False,False,3517849.2079554102,False,False,False,False
2022-04-13 00:00:00+00:00,60.1158638427,60.6009644492,59.4019421954,59.9511126933,2866597,,,,,,,,,,,,,,,,,,,,,,,,,,,,,,,,,#000000,,53.38778037209139,,65.44868542430146,11.931277682258155,True,False,True,False,True,17.814101149059525,0.0,0.0,0.0,0.0,1,1.0999828629124782,0.791360986661377,False,False,False,False,0.34282824986879745,0.340917904278667,False,False,False,False,33957664,17106402.72744046,False,False,False,False,3492309.9056826495,False,False,False,False
2022-04-14 00:00:00+00:00,60.2256979423,60.4545189831,59.237191046,59.7497501774,2159794,,,,,,,,,,,,,,,,,,,,,,,,,,,,,,,,,#000000,,53.46712273529956,,66.38291509752615,12.92318648184375,True,False,True,False,True,17.979973884486363,0.0,0.0,0.0,0.0,1,1.0978684403538448,0.7987116240406561,False,False,False,False,0.33577018288492255,0.3383440435817948,False,False,False,False,36117458,17851934.306756523,False,False,False,False,3440054.3799696043,False,False,False,False
2022-04-18 00:00:00+00:00,60.1799337341,61.4521787211,60.1707808925,60.6924928656,2743343,,,,,,,,,,,,,,,,,,,,,,,,,,,,,,,,,#000000,,54.980539004701185,,66.87937020090985,13.514428848131715,True,False,True,False,True,17.865448199765883,0.0,0.0,0.0,0.0,0,1.1030688051223978,0.7858270466059981,False,False,False,False,0.34282825008416457,0.3405861468329797,False,False,False,False,33374115,18460647.27511901,False,False,False,False,3412732.3650688357,False,False,False,False
2022-04-19 00:00:00+00:00,58.7337847562,60.4911303496,58.2120727831,59.6399160778,2428812,,,,,,,,,,,,,,,,,,,,,,,,,,,,,,,,,#000000,,54.90131647144271,,63.54916521439792,13.514428848131715,True,False,True,False,False,14.318020340174353,0.0,0.0,0.0,0.0,0,1.0851639743542125,0.795656472379179,False,False,False,False,0.2801007712898388,0.31034345906140925,False,False,False,False,30945303,18950241.617271207,False,False,False,False,3374147.252713195,False,False,False,False
2022-04-20 00:00:00+00:00,59.3927893537,59.5529640823,58.2944483578,58.5873392901,1789345,,,,,,,,,,,,,,,,,,,,,,,,,,,,,,,,,"rgba(38, 166, 154, 0.5)",5.6712046281150545,54.899030873435535,0.7923816499208325,62.40726399078827,15.970929853982199,True,False,True,False,False,15.377083744454488,0.0,0.0,0.0,0.0,0,1.0799979932644623,0.81317388818504,False,False,False,False,0.2621345502036393,0.2862390046325243,False,False,False,False,32734648,19490806.573456652,False,False,False,False,3311998.144763658,False,False,False,False
2022-04-21 00:00:00+00:00,56.5279499227,59.1548154713,56.0794606827,59.1548154713,3202172,,,,,,,,,,,,,,,,,,,,,,,,,,,,,,,,,#000000,5.688335575737487,54.788631623738276,0.30576928449517965,56.35403158340958,10.379047282592992,False,True,True,False,False,8.882943712102762,0.0,0.0,0.0,0.0,0,1.0509679711288327,0.821165173534631,False,False,False,False,0.2082338413483346,0.24723642299042942,False,False,False,False,29532476,19884597.531360313,False,False,False,False,3307691.2371258675,False,False,False,False
2022-04-22 00:00:00+00:00,54.5509361301,55.8689453252,54.129905415,55.200787886,3132989,,,,,,,,,,,,,,,,,,,,,,,,,,,,,,,,,#000000,5.690309337129187,54.60369361819975,-0.009271462230622281,49.855783712224486,4.630895906244255,False,True,False,False,False,4.842927431063448,0.0,0.0,0.0,0.0,0,1.0303882084508376,0.8522219889860139,False,False,False,False,0.10343280121064845,0.17533461210053894,False,False,False,False,26399487,20140083.392875597,False,False,False,False,3300840.1690032845,False,False,False,False
2022-04-25 00:00:00+00:00,52.6013808624,53.9468485824,51.5121927081,52.5922280207,4023224,,,,,,,,,,,,,,,,,,,,,,,,,,,,,,,,,#000000,5.674245427349395,54.32924245780354,-0.3045094925001637,43.63952188537008,-0.6790857634586942,False,True,False,True,False,1.1523644483315785,0.0,0.0,0.0,0.0,0,1.020084673432804,0.8595055696200308,False,False,False,False,0.00628696483872416,0.09081078846963155,False,False,False,False,22376263,20227776.710802045,False,False,False,False,3329168.9466894306,False,False,False,False
2022-04-26 00:00:00+00:00,51.265065984,53.0681757856,51.1003148346,52.9491888444,2649262,,,,,,,,,,,,,,,,,,,,,,,,,,,,,,,,,"rgba(239, 83, 80, 0.5)",5.633478035884643,54.17018254358186,-0.5156879180280067,38.4172529607694,-4.994620844964452,False,True,False,True,False,0.0,0.0,0.0,0.0,0.0,0,1.0137021595594586,0.8716850059724024,False,False,False,False,-0.07600423792095354,0.007403275274339004,False,False,False,False,19727001,20208138.447633337,False,False,False,False,3302505.929172198,False,False,False,False
2022-04-27 00:00:00+00:00,50.4870744452,51.6220268077,50.3863931873,51.265065984,2360930,,,,,,,,,,,,,,,,,,,,,,,,,,,,,,,,,"rgba(239, 83, 80, 0.5)",5.593975989843902,54.02483419154562,-0.6324231195787348,34.355391085404804,-8.271321456184587,False,True,False,True,False,0.0,0.0,0.0,0.0,0.0,0,0.985025549872495,0.9077405751401907,False,False,False,False,-0.1267596319113679,-0.05967817831851445,False,False,False,False,17366071,20096684.82223595,False,False,False,False,3265581.382930151,False,False,False,False
2022-04-28 00:00:00+00:00,51.1186205179,51.2742188256,50.1575721465,50.5877557032,2576266,,,,,,,,,,,,,,,,,,,,,,,,,,,,,,,,,#000000,5.5692602003100005,53.89206708936564,-0.4979919184439009,32.94214847401571,-9.22635651259123,False,True,False,True,False,0.0,0.0,0.0,0.0,0.0,0,0.981204206804485,0.9086524682299701,False,False,False,False,-0.1404085273471022,-0.10004335283280832,False,False,False,False,19942337,20090631.96646199,False,False,False,False,3238549.4071289687,False,False,False,False
2022-04-29 00:00:00+00:00,53.2969968264,55.6401242844,52.5006996044,52.9674945277,4582820,,,,,,,,,,,,,,,,,,,,,,,,,,,,,,,,,#000000,5.549445709230248,53.84881543623618,-0.09943670751087029,35.87872162233715,-9.22635651259123,False,True,False,True,False,2.3855015906369985,0.0,0.0,0.0,0.0,0,0.983101788676547,0.8897258795532362,False,False,False,False,0.01650953958279234,-0.041766906625007996,False,False,False,False,24525157,20264534.908953678,False,False,False,False,3291265.9009670485,False,False,False,False
2022-05-02 00:00:00+00:00,52.6471450705,52.7478263285,50.7067426444,51.6037211244,2804279,,,,,,,,,,,,,,,,,,,,,,,,,,,,,,,,,#000000,5.533367573637544,53.776885229677205,-0.20416864488807682,37.115402195802524,-9.22635651259123,False,True,False,True,True,1.2289251415074531,0.0,0.0,0.0,0.0,0,0.9571327376029568,0.9471478713324454,False,False,False,False,-0.09272343758191114,-0.06724517210345957,False,False,False,False,21720878,20321646.4027202,False,False,False,False,3272168.375438929,False,False,False,False
2022-05-03 00:00:00+00:00,52.9491888444,53.6539576501,52.1895029889,52.784437695,2114157,,,,,,,,,,,,,,,,,,,,,,,,,,,,,,,,,#000000,5.509715446034079,53.74715112731999,-0.14482822039282756,38.459483808429425,-9.22635651259123,False,True,False,True,True,1.7481587601096713,0.0,0.0,0.0,0.0,0,0.9597317072829469,0.9338869860840582,False,False,False,False,-0.03692793643773815,-0.052086554270598856,False,False,False,False,23835035,20459426.347711567,False,False,False,False,3226756.1646374026,False,False,False,False
2022-05-04 00:00:00+00:00,54.5600889717,54.7339929628,52.509852446,52.784437695,2874708,,,,,,,,,,,,,,,,,,,,,,,,,,,,,,,,,#000000,5.488895614481825,53.737847599121835,0.1498008762288669,41.934879507616344,-16.35376263774861,False,True,False,True,True,4.450518553364166,0.0,0.0,0.0,0.0,0,0.9730263210694099,0.9190929668123924,False,False,False,False,-0.004348886249770885,-0.028217720260184872,False,False,False,False,26709743,20704536.804664053,False,False,False,False,3212950.3542594654,False,False,False,False
2022-05-05 00:00:00+00:00,53.1688570436,55.1458708362,52.5922280207,54.8987441121,2260491,,,,,,,,,,,,,,,,,,,,,,,,,,,,,,,,,#000000,5.444986379206291,53.72548470764424,-0.10222755857938094,42.44241572591315,-15.681866912007791,False,True,False,True,True,1.948839768670755,0.0,0.0,0.0,0.0,0,0.9711826529064134,0.9141903950737312,False,False,False,False,0.007143839472855288,-0.010536940393664792,False,False,False,False,24449252,20851388.380951736,False,False,False,False,3175599.0070336037,False,False,False,False
2022-05-06 00:00:00+00:00,52.5190052877,53.2054684101,51.9515291065,52.7203678036,1812499,,,,,,,,,,,,,,,,,,,,,,,,,,,,,,,,,#000000,5.4374223611035575,53.69942201055621,-0.21709123265838087,41.99891710352465,-15.681866912007791,False,True,False,True,True,0.8110655326020222,0.0,0.0,0.0,0.0,0,0.9872580283487121,0.9374551954144683,False,False,False,False,-0.052922424702520884,-0.03172968254809284,False,False,False,False,22636753,20921402.679737944,False,False,False,False,3122144.1047969917,False,False,False,False
2022-05-09 00:00:00+00:00,49.471109024,51.6403324909,49.3704277661,51.2101489342,3734578,,,,,,,,,,,,,,,,,,,,,,,,,,,,,,,,,"rgba(239, 83, 80, 0.5)",5.421577566808519,53.576784561699036,-0.757284293566954,38.71840786752885,-15.681866912007791,False,True,False,True,True,0.0,0.0,0.0,0.0,0.0,0,0.9642164487063537,0.9104741412966859,False,False,False,False,-0.15725774453875246,-0.09449371354342265,False,False,False,False,18902175,20842217.280532535,False,False,False,False,3146161.120295149,False,False,False,False
2022-05-10 00:00:00+00:00,48.9402442093,50.7799653775,48.2629339285,50.0751965718,4659372,,,,,,,,,,,,,,,,,,,,,,,,,,,,,,,,,"rgba(239, 83, 80, 0.5)",5.39224790828837,53.41135442711534,-0.8291737126816527,36.10200794027487,-15.681866912007791,False,True,False,True,False,0.0,0.0,0.0,0.0,0.0,0,0.9550941410659604,0.9236316839985326,False,False,False,False,-0.22081657429537868,-0.15765514391940066,False,False,False,False,14242803,20583416.720511653,False,False,False,False,3205502.723420829,False,False,False,False
2022-05-11 00:00:00+00:00,48.5375191775,50.6518255946,48.3910737114,49.9287511057,3275428,,,,,,,,,,,,,,,,,,,,,,,,,,,,,,,,,"rgba(239, 83, 80, 0.5)",5.35754251246925,53.30326135169673,-0.8895388441817959,34.02489981220165,-8.517810317098935,False,True,False,True,False,0.0,0.0,0.0,0.0,0.0,0,0.955078688514035,0.9307481448827897,False,False,False,False,-0.2349017815691883,-0.1962784627442945,False,False,False,False,10967375,20206317.04519747,False,False,False,False,3208244.8911298164,False,False,False,False
2022-05-12 00:00:00+00:00,46.3225315024,48.226322562,45.3660595518,47.7229162722,3555659,,,,,,,,,,,,,,,,,,,,,,,,,,,,,,,,,"rgba(239, 83, 80, 1.0)",5.3497780938657575,52.04825486123115,-1.0702730577547632,31.010524865403838,-11.563069061590646,False,True,False,True,False,0.0,0.0,0.0,0.0,0.0,0,0.9246069740302452,0.9539890477189853,False,False,False,False,-0.34282825441539394,-0.2695533585798442,False,False,False,False,7411716,19704567.984601486,False,False,False,False,3221868.973830608,False,False,False,False
2022-05-13 00:00:00+00:00,46.3499900273,46.9815361,45.5445399637,45.8740422624,2543718,,,,,,,,,,,,,,,,,,,,,,,,,,,,,,,,,"rgba(239, 83, 80, 1.0)",5.311231533340452,51.922680845909845,-1.0492276195507801,29.056627136101604,-13.581878119433057,False,True,False,True,False,0.0,0.0,0.0,0.0,0.0,0,0.9195307495750905,0.9642438144279291,False,False,False,False,-0.34282825441539394,-0.3061908064976191,False,False,False,False,9955434,19322249.004813194,False,False,False,False,3195274.817994114,False,False,False,False
2022-05-16 00:00:00+00:00,47.2744270322,47.5124009147,46.0021820453,46.2767672943,2171970,,,,,,,,,,,,,,,,,,,,,,,,,,,,,,,,,"rgba(239, 83, 80, 0.5)",5.222110895191657,51.86706328320856,-0.8794597325072704,29.654896189498054,-13.581878119433057,False,True,False,True,False,0.0,0.0,0.0,0.0,0.0,0,0.9154290286455377,0.9941355485834565,False,False,False,False,-0.3178679664830574,-0.31202938649033823,False,False,False,False,12127404,19040098.220310718,False,False,False,False,3155145.217288463,False,False,False,False
2022-05-17 00:00:00+00:00,47.6863049057,48.1073356208,47.2286628241,47.9059731049,1629785,,,,,,,,,,,,,,,,,,,,,,,,,,,,,,,,,"rgba(239, 83, 80, 0.5)",5.114560220053012,51.849081535615056,-0.8139070517918178,30.883401404045884,-13.581878119433057,False,True,False,True,False,0.0,0.0,0.0,0.0,0.0,0,0.8965467407820905,1.0106748959321175,False,False,False,False,-0.2728373085347311,-0.2924333475125347,False,False,False,False,13757189,18832925.309710298,False,False,False,False,3095327.169551661,False,False,False,False
2022-05-18 00:00:00+00:00,46.5879639098,47.777833322,46.5513525432,47.5947764894,1702212,,,,,,,,,,,,,,,,,,,,,,,,,,,,,,,,,"rgba(239, 83, 80, 1.0)",5.053972166124298,51.79938823392455,-1.0311541403127664,30.641058671761044,-13.581878119433057,False,True,False,True,False,0.0,0.0,0.0,0.0,0.0,0,0.8657139314728964,1.0586318683745577,False,False,False,False,-0.29758428114474245,-0.29500881432863857,False,False,False,False,12054977,18567123.415211856,False,False,False,False,3040695.2021182626,False,False,False,False
2022-05-19 00:00:00+00:00,49.4894147073,50.2033363546,47.6222350143,47.6863049057,4462572,,,,,,,,,,,,,,,,,,,,,,,,,,,,,,,,,#000000,4.961150488048915,51.820860718918794,-0.46994059487513923,35.53680494876231,-13.581878119433057,False,True,False,True,True,0.0,0.0,0.0,0.0,0.0,0,0.8790424793270194,1.0133301249460152,False,False,False,False,-0.21295416677209658,-0.25398149055036756,False,False,False,False,16517549,18486747.947948646,False,False,False,False,3096455.0765449973,False,False,False,False
2022-05-20 00:00:00+00:00,49.297205033,49.6862008024,48.2519505186,49.6541658567,2256849,,,,,,,,,,,,,,,,,,,,,,,,,,,,,,,,,"rgba(239, 83, 80, 0.5)",4.8833521010423055,51.81355680856967,-0.5152918985777378,38.56518837616841,-18.081486657643914,False,True,False,True,True,0.0,0.0,0.0,0.0,0.0,0,0.852963805477647,1.0297224091638215,False,False,False,False,-0.21028445619479133,-0.23213297337257943,False,False,False,False,14260700,18321020.577440854,False,False,False,False,3063529.3480530367,False,False,False,False
2022-05-23 00:00:00+00:00,49.2056766167,50.4338964354,48.4368379196,50.3406289791,1723792,,,,,,,,,,,,,,,,,,,,,,,,,,,,,,,,,"rgba(239, 83, 80, 0.5)",4.792889114210564,51.81035658270171,-0.5434467403552107,40.46368583850681,-16.20091108711381,False,True,False,True,True,0.0,0.0,0.0,0.0,0.0,0,0.864757262924389,1.010006479417243,False,False,False,False,-0.18827878073593604,-0.21020587705425775,False,False,False,False,12536908,18094192.633227486,False,False,False,False,3010990.6285215453,False,False,False,False
2022-05-24 00:00:00+00:00,50.3772403457,50.7753889567,49.0134669424,49.471109024,2241031,,,,,,,,,,,,,,,,,,,,,,,,,,,,,,,,,#000000,4.691672356469171,51.82105144294652,-0.30773911465827314,43.63063890115573,-13.125188845507495,False,True,False,True,True,0.0,0.0,0.0,0.0,0.0,0,0.8836744338210704,1.001737426727333,False,False,False,False,-0.1667891121082907,-0.18849749458127424,False,False,False,False,14777939,17964143.47114013,False,False,False,False,2980796.1332854065,False,False,False,False
2022-05-25 00:00:00+00:00,50.1667249881,50.4230045538,49.4344976575,49.5626374404,1939278,,,,,,,,,,,,,,,,,,,,,,,,,,,,,,,,,#000000,4.610100712193301,51.82428736784211,-0.35955014504520627,45.4117522412568,-11.368194472064893,False,True,False,False,True,0.0,0.0,0.0,0.0,0.0,0,0.9007529705452366,0.9976457240943164,False,False,False,False,-0.16518872138116078,-0.1768431079812175,False,False,False,False,12838661,17763144.1585464,False,False,False,False,2939952.284921273,False,False,False,False
2022-05-26 00:00:00+00:00,49.0866896755,50.4962272869,48.949397051,49.9836681555,2146640,,,,,,,,,,,,,,,,,,,,,,,,,,,,,,,,,"rgba(239, 83, 80, 0.5)",4.534191408859002,51.812195628329484,-0.6011007712432108,44.95648103101611,-11.368194472064893,False,True,False,True,True,0.0,0.0,0.0,0.0,0.0,0,0.8901649233431179,0.9936043357368096,False,False,False,False,-0.1748039488217021,-0.17582352840145982,False,False,False,False,10692021,17485845.211152423,False,False,False,False,2908841.999238086,False,False,False,False
2022-05-27 00:00:00+00:00,49.4802618657,49.7731527979,48.8304101098,49.6816243816,3946701,,,,,,,,,,,,,,,,,,,,,,,,,,,,,,,,,"rgba(239, 83, 80, 0.5)",4.459723271677728,51.77964264732426,-0.5155882196159766,45.376111104765485,-11.027734089510744,False,True,False,True,True,0.0,0.0,0.0,0.0,0.0,0,0.8706276768346277,1.0218183635672755,False,False,False,False,-0.19456379108104704,-0.18519365974125343,False,False,False,False,14638722,17374193.320518993,False,False,False,False,2949542.3522091415,False,False,False,False
2022-05-31 00:00:00+00:00,48.8121044265,50.8317248439,48.4432239849,50.1492960271,3934058,,,,,,,,,,,,,,,,,,,,,,,,,,,,,,,,,"rgba(239, 83, 80, 0.5)",4.333682364249723,51.74481284428251,-0.676724358475275,44.615780349555145,-11.027734089510744,False,True,False,True,True,0.0,0.0,0.0,0.0,0.0,0,0.8691492832709842,1.0020249415076856,False,False,False,False,-0.1787976397372137,-0.18199564973923354,False,False,False,False,10704664,17112643.151086874,False,False,False,False,2988150.8089852533,False,False,False,False
2022-06-01 00:00:00+00:00,49.0334326914,49.7804155855,48.3786699077,49.3285370446,3028700,,,,,,,,,,,,,,,,,,,,,,,,,,,,,,,,,"rgba(239, 83, 80, 0.5)",4.264889244626494,51.7091935242294,-0.6273928065542841,44.564329327718326,-11.027734089510744,False,True,False,True,True,0.0,0.0,0.0,0.0,0.0,0,0.8630818902577128,1.0324195235327518,False,False,False,False,-0.20505378156448562,-0.19352471565185958,False,False,False,False,13733364,16980122.40006386,False,False,False,False,2989740.9733387725,False,False,False,False
2022-06-02 00:00:00+00:00,51.1268291971,51.32971344,49.8080816186,50.0294098836,2063494,,,,,,,,,,,,,,,,,,,,,,,,,,,,,,,,,#000000,4.225881307794352,51.578052280429596,-0.10677609011340286,48.230326248442346,-7.422436066519467,False,False,False,False,True,0.10416528181358942,0.0,0.0,0.0,0.0,0,0.8669061086037557,1.0037331297182457,False,False,False,False,-0.13548469200306362,-0.1645047038274616,False,False,False,False,15796858,16933719.874571163,False,False,False,False,2953417.562619605,False,False,False,False
2022-06-03 00:00:00+00:00,49.9648558063,51.1913832744,49.7896375966,50.4720664134,1485236,,,,,,,,,,,,,,,,,,,,,,,,,,,,,,,,,#000000,4.182908447004534,51.54993540206353,-0.378941976819655,48.659897246985025,-6.79803722577946,False,False,False,False,True,0.0,0.0,0.0,0.0,0.0,0,0.8687679452140628,1.0074730145809154,False,False,False,False,-0.13910823536108718,-0.1518064695942744,False,False,False,False,14311622,16830892.506940924,False,False,False,False,2895841.815065895,False,False,False,False
2022-06-06 00:00:00+00:00,49.2455389453,50.6380626121,48.8397704596,50.370624292,1202124,,,,,,,,,,,,,,,,,,,,,,,,,,,,,,,,,"rgba(239, 83, 80, 0.5)",4.157530080051492,51.50581975470779,-0.5436595204092413,47.808048493962175,-6.79803722577946,False,False,False,False,True,0.0,0.0,0.0,0.0,0.0,0,0.8492849401759287,1.0229427042594115,False,False,False,False,-0.17405090882876684,-0.16292868921152062,False,False,False,False,13109498,16684955.467453046,False,False,False,False,2829421.508592723,False,False,False,False
2022-06-07 00:00:00+00:00,49.3193150336,49.7988596076,48.7717120181,48.9688786141,1776175,,,,,,,,,,,,,,,,,,,,,,,,,,,,,,,,,"rgba(239, 83, 80, 0.5)",4.173010015463107,51.4506760197562,-0.5107490703972517,47.37883568035217,-6.79803722577946,False,False,False,False,True,0.0,0.0,0.0,0.0,0.0,0,0.8573004964359726,1.01702444278085,False,False,False,False,-0.1953409308607825,-0.17913481003615156,False,False,False,False,14885673,16614395.370690182,False,False,False,False,2788117.723942028,False,False,False,False
2022-06-08 00:00:00+00:00,48.9504345921,49.5037552544,48.5538881174,48.9688786141,1237593,,,,,,,,,,,,,,,,,,,,,,,,,,,,,,,,,"rgba(239, 83, 80, 0.5)",4.18395293613031,51.413927126826174,-0.5887954698182211,46.4611150617384,-6.79803722577946,False,False,False,False,True,0.0,0.0,0.0,0.0,0.0,0,0.8738909841603717,1.0201223615738155,False,False,False,False,-0.2074540599838837,-0.19329443501001764,False,False,False,False,13648080,16498069.27772194,False,False,False,False,2727312.832807047,False,False,False,False
2022-06-09 00:00:00+00:00,47.3365826603,48.7844383934,47.2904726051,48.5907761616,1417115,,,,,,,,,,,,,,,,,,,,,,,,,,,,,,,,,"rgba(239, 83, 80, 0.5)",4.20608006886608,51.34213680005396,-0.9523247475490437,43.41146209776021,-6.79803722577946,False,False,False,True,False,0.0,0.0,0.0,0.0,0.0,1,0.8734301133787492,1.0232394255727553,False,False,False,False,-0.2548820448712418,-0.2240882399406297,False,False,False,False,12230965,16330731.855066178,False,False,False,False,2675932.5256381435,False,False,False,False
2022-06-10 00:00:00+00:00,49.8080816186,50.1124079829,46.3313834571,46.8017060201,2484322,,,,,,,,,,,,,,,,,,,,,,,,,,,,,,,,,#000000,4.2058659484176655,51.28848228360669,-0.35198474776963556,45.899167429871476,-6.79803722577946,False,False,False,True,True,0.0,0.0,0.0,0.0,0.0,1,0.8447889285227989,1.0183152948177112,False,False,False,False,-0.24597892180897635,-0.23503358087480303,False,False,False,False,14715287,16267381.076436132,False,False,False,False,2668418.387377824,False,False,False,False
2022-06-13 00:00:00+00:00,46.6080437883,48.8305484486,46.5711557441,48.0835655544,3532736,,,,,,,,,,,,,,,,,,,,,,,,,,,,,,,,,"rgba(239, 83, 80, 1.0)",4.218377674192377,51.14962586362701,-1.0766181755398438,43.56308430762287,-6.79803722577946,False,False,False,True,True,0.0,0.0,0.0,0.0,0.0,1,0.8387256164939116,1.0261301625110428,False,False,False,False,-0.2712338734084889,-0.25313372714164595,False,False,False,False,11182551,16067975.975399422,False,False,False,False,2702313.1957159485,False,False,False,False
2022-06-14 00:00:00+00:00,44.7820856027,46.5619337331,44.2041421709,46.5619337331,2795996,,,,,,,,,,,,,,,,,,,,,,,,,,,,,,,,,"rgba(239, 83, 80, 1.0)",4.269303889615363,50.97772749883696,-1.4512065798846543,40.33591495657362,-4.630345445201165,False,True,False,True,False,0.0,0.0,0.0,0.0,0.0,1,0.8188321617513786,1.0570264639424318,False,False,False,False,-0.34282825441539394,-0.2979809907785199,False,False,False,False,8386555,15766743.780285718,False,False,False,False,2705987.031178068,False,False,False,False
2022-06-15 00:00:00+00:00,45.3907383312,46.2760513909,44.1549888521,45.7411747507,3173380,,,,,,,,,,,,,,,,,,,,,,,,,,,,,,,,,"rgba(239, 83, 80, 1.0)",4.280674523930106,50.81803555497629,-1.2678602854377883,39.17841679720958,-5.692191964469181,False,True,False,True,False,0.0,0.0,0.0,0.0,0.0,0,0.8022202124160541,1.0675434680687081,False,False,False,False,-0.34282825441539394,-0.3204046225969569,False,False,False,False,11559935,15601770.88694118,False,False,False,False,2724316.1672103005,False,False,False,False
2022-06-16 00:00:00+00:00,47.4564688038,47.4841348369,44.2656529845,44.7728635916,4962602,,,,,,,,,,,,,,,,,,,,,,,,,,,,,,,,,"rgba(239, 83, 80, 0.5)",4.289847372630577,50.671182566102935,-0.7493771882918158,41.439520944769995,-5.692191964469181,False,False,False,True,False,0.0,0.0,0.0,0.0,0.0,0,0.8051199731067711,1.0635860466939346,False,False,False,False,-0.3118247065632679,-0.3161146645801124,False,False,False,False,16522537,15637879.361963095,False,False,False,False,2812092.082221661,False,False,False,False
2022-06-17 00:00:00+00:00,46.7924840091,47.1705864616,45.9163929604,46.9031481415,4310945,,,,,,,,,,,,,,,,,,,,,,,,,,,,,,,,,"rgba(239, 83, 80, 0.5)",4.307982248908493,50.56984611754352,-0.8768286149276924,42.20416248380333,-5.692191964469181,False,False,False,True,True,0.0,0.0,0.0,0.0,0.0,0,0.8253041139177504,1.0511193354434032,False,False,False,False,-0.2809694776447132,-0.2985420711124128,False,False,False,False,12211592,15503515.151690034,False,False,False,False,2870870.62801689,False,False,False,False
2022-06-21 00:00:00+00:00,47.4472467928,47.9913454441,46.5803777552,46.6264878104,2196624,,,,,,,,,,,,,,,,,,,,,,,,,,,,,,,,,"rgba(239, 83, 80, 0.5)",4.316525696259058,50.5369222935024,-0.7157783175900201,43.65097403582064,-5.692191964469181,False,False,False,True,True,0.0,0.0,0.0,0.0,0.0,0,0.8256132110316186,1.0401410037075975,False,False,False,False,-0.2473074260218433,-0.27292474856712806,False,False,False,False,14408216,15460562.24378062,False,False,False,False,2844429.5837809336,False,False,False,False
2022-06-22 00:00:00+00:00,46.5527117221,48.2311177311,46.5342677,47.5579109253,2109938,,,,,,,,,,,,,,,,,,,,,,,,,,,,,,,,,"rgba(239, 83, 80, 0.5)",4.3755011657485605,50.501659542826296,-0.9025132598840733,43.5319720691958,-5.692191964469181,False,False,False,True,True,0.0,0.0,0.0,0.0,0.0,0,0.8211086049544979,1.0562075477354669,False,False,False,False,-0.24295845105219444,-0.25794159980966125,False,False,False,False,12298278,15336551.096965695,False,False,False,False,2815625.9922601124,False,False,False,False
2022-06-23 00:00:00+00:00,44.4500932053,47.1521424396,44.0074366755,46.4881576448,2789074,,,,,,,,,,,,,,,,,,,,,,,,,,,,,,,,,"rgba(239, 83, 80, 1.0)",4.4792290651014,50.410280521332595,-1.3306279338267486,41.245308523763995,-5.692191964469181,False,False,False,True,True,0.0,0.0,0.0,0.0,0.0,0,0.7959379322819833,1.075246568591011,False,False,False,False,-0.32562547097514755,-0.2917835353924044,False,False,False,False,9509204,15108027.681398414,False,False,False,False,2814584.737661677,False,False,False,False
2022-06-24 00:00:00+00:00,45.3907383312,45.4645144195,43.6201122118,44.376317117,1974555,,,,,,,,,,,,,,,,,,,,,,,,,,,,,,,,,"rgba(239, 83, 80, 1.0)",4.541510305078345,50.34277140005152,-1.0903934453950541,41.19853204465579,-5.692191964469181,False,False,False,True,True,0.0,0.0,0.0,0.0,0.0,0,0.787973599208506,1.0974581587921604,False,False,False,False,-0.34282825441539394,-0.31730589490389915,False,False,False,False,11483759,14965899.497814164,False,False,False,False,2781642.395008278,False,False,False,False
2022-06-27 00:00:00+00:00,46.1746092695,46.4604916117,45.2155201215,45.6212886072,2373923,,,,,,,,,,,,,,,,,,,,,,,,,,,,,,,,,"rgba(239, 83, 80, 0.5)",4.577848593375255,50.28736748903128,-0.8984041598673618,42.351099110813365,-5.692191964469181,False,False,False,True,True,0.0,0.0,0.0,0.0,0.0,0,0.7980945875870167,1.086797947948171,False,False,False,False,-0.2849031375811575,-0.3011045162425283,False,False,False,False,13857682,14922439.988095962,False,False,False,False,2765653.3991256002,False,False,False,False
2022-06-28 00:00:00+00:00,44.7820856027,46.4973796558,44.7267535365,46.4143815565,1658579,,,,,,,,,,,,,,,,,,,,,,,,,,,,,,,,,"rgba(239, 83, 80, 1.0)",4.63104487470883,50.241890594648844,-1.1789574792863824,41.55041855433547,-5.692191964469181,False,False,False,True,True,0.0,0.0,0.0,0.0,0.0,0,0.795998228953518,1.0845134109505048,False,False,False,False,-0.29486103408541364,-0.297982775163971,False,False,False,False,12199103,14815642.459151022,False,False,False,False,2722238.716806949,False,False,False,False
2022-06-29 00:00:00+00:00,44.0443247196,45.6627876569,43.6016681898,45.3722943091,1973563,,,,,,,,,,,,,,,,,,,,,,,,,,,,,,,,,"rgba(239, 83, 80, 1.0)",4.702176166359043,50.175792686553756,-1.3039638988475912,40.245944975179995,-5.692191964469181,False,False,False,True,False,0.0,0.0,0.0,0.0,0.0,0,0.7773839566799745,1.1018219105154168,False,False,False,False,-0.33833798427643924,-0.3181603797202051,False,False,False,False,10225540,14635638.4411451,False,False,False,False,2692878.884775304,False,False,False,False
2022-06-30 00:00:00+00:00,42.1999225119,44.0812127638,42.0892583795,43.7676643885,2803012,,,,,,,,,,,,,,,,,,,,,,,,,,,,,,,,,"rgba(255, 0, 0, 1.0)",4.82912714979097,50.05156487336843,-1.6258926547022663,37.65372655435931,-7.990003376699349,False,True,False,True,False,0.0,0.0,0.0,0.0,0.0,0,0.7811415114387305,1.1082068667766556,False,False,False,False,-0.34282825441539394,-0.3304943170677995,False,False,False,False,7422528,14352771.365021763,False,False,False,False,2697197.83047039,False,False,False,False
2022-07-01 00:00:00+00:00,43.7215543333,43.9244385761,41.3883855405,41.6281578275,2368872,,,,,,,,,,,,,,,,,,,,,,,,,,,,,,,,,"rgba(239, 83, 80, 1.0)",4.909167578299091,49.95579081208087,-1.2699172271770125,38.419660677473104,-7.990003376699349,False,True,False,True,False,0.0,0.0,0.0,0.0,0.0,0,0.7762537001497981,1.09928203221079,False,False,False,False,-0.34282825441539394,-0.3366612857415967,False,False,False,False,9791400,14173894.056589538,False,False,False,False,2684322.3077068455,False,False,False,False
2022-07-05 00:00:00+00:00,41.9970382691,43.3987839469,40.9365069997,42.8915733398,3651550,,,,,,,,,,,,,,,,,,,,,,,,,,,,,,,,,"rgba(255, 0, 0, 1.0)",5.024665228890283,49.79325315103124,-1.5515889172288317,37.31405852302761,-8.453579404554823,False,True,False,True,False,0.0,0.0,0.0,0.0,0.0,0,0.7914723047684468,1.1002102846562576,False,False,False,False,-0.34282825441539394,-0.33974477007849535,False,False,False,False,6139850,13858833.505350733,False,False,False,False,2722252.805443832,False,False,False,False
2022-07-06 00:00:00+00:00,41.7111559269,42.6794670859,40.3416872877,42.0984803905,3336643,,,,,,,,,,,,,,,,,,,,,,,,,,,,,,,,,"rgba(255, 0, 0, 1.0)",5.1255609729536395,49.64188254425041,-1.547289488740639,36.323642698496926,-9.525475906855839,False,True,False,True,False,0.0,0.0,0.0,0.0,0.0,0,0.8068953743488111,1.0816504949093653,False,False,False,False,-0.34282825441539394,-0.3412865122469446,False,False,False,False,2803207,13425279.524748744,False,False,False,False,2746346.5385636818,False,False,False,False
2022-07-07 00:00:00+00:00,41.748043971,42.7532431742,41.4437176068,42.1169244126,1921576,,,,,,,,,,,,,,,,,,,,,,,,,,,,,,,,,"rgba(239, 83, 80, 1.0)",5.224508936287591,49.56375964283276,-1.4959713471916105,35.730418020702814,-10.241151259803374,False,True,False,True,False,0.0,0.0,0.0,0.0,0.0,0,0.8428728790097815,1.069234444942939,False,False,False,False,-0.3085381249003029,-0.3249123185736238,False,False,False,False,4724783,13084083.582601734,False,False,False,False,2714002.5958749102,False,False,False,False
2022-07-08 00:00:00+00:00,41.6558238607,42.4212507768,41.1163362149,41.8402640814,2270613,,,,,,,,,,,,,,,,,,,,,,,,,,,,,,,,,"rgba(239, 83, 80, 1.0)",5.292090244722588,49.4708802909621,-1.4767428499647142,35.23873068298271,-10.888800697111506,False,True,False,True,False,0.0,0.0,0.0,0.0,0.0,0,0.8426762952047762,1.064229682068755,False,False,False,False,-0.327676126584591,-0.3262942225791074,False,False,False,False,2454170,12667224.226421274,False,False,False,False,2696614.768585698,False,False,False,False
2022-07-11 00:00:00+00:00,41.3976075516,42.3382526775,41.0840591763,41.1947233087,2046369,,,,,,,,,,,,,,,,,,,,,,,,,,,,,,,,,"rgba(239, 83, 80, 1.0)",5.372504276042662,49.38838606200772,-1.487347073140658,34.62447735107776,-11.667741837735676,False,True,False,True,False,0.0,0.0,0.0,0.0,0.0,0,0.8495164970130584,1.050597101015157,False,False,False,False,-0.33104550407694916,-0.3286698633280283,False,False,False,False,407801,12186462.5312675,False,False,False,False,2671114.934523514,False,False,False,False
2022-07-12 00:00:00+00:00,40.4754064477,41.5359377172,40.2910584471,41.250055375,2500728,,,,,,,,,,,,,,,,,,,,,,,,,,,,,,,,,"rgba(255, 0, 0, 1.0)",5.448068894557801,49.278041422166496,-1.6157348860363427,33.21625517853544,-13.175972607820768,False,True,False,True,False,0.0,0.0,0.0,0.0,0.0,0,0.8440789688430146,1.055067997777546,False,False,False,False,-0.34282825441539394,-0.33574905887171114,False,False,False,False,-2092927,11626486.471217794,False,False,False,False,2664433.0939539648,False,False,False,False
2022-07-13 00:00:00+00:00,41.259277386,42.3566966996,40.0143058958,40.0327499179,2886921,,,,,,,,,,,,,,,,,,,,,,,,,,,,,,,,,"rgba(239, 83, 80, 1.0)",5.501872817803061,49.16346232895638,-1.4366353430380778,34.072953661109736,-13.175972607820768,False,True,False,True,False,0.0,0.0,0.0,0.0,0.0,0,0.8279860237833183,1.0815323232948109,False,False,False,False,-0.3273562219196995,-0.3315526403957053,False,False,False,False,793994,11201682.844895529,False,False,False,False,2673158.1098773386,False,False,False,False
2022-07-14 00:00:00+00:00,39.6454254543,40.0327499179,38.4650080414,39.580871377,3166910,,,,,,,,,,,,,,,,,,,,,,,,,,,,,,,,,"rgba(255, 0, 0, 1.0)",5.5873013716068,49.009092484962366,-1.6758836525708212,32.865113541716845,-13.690468078795348,False,True,False,True,False,0.0,0.0,0.0,0.0,0.0,0,0.8239384474766263,1.0686817979999368,False,False,False,False,-0.34282825441539394,-0.3371904474055496,False,False,False,False,-2372916,10669345.635291783,False,False,False,False,2692520.929097835,False,False,False,False
2022-07-15 00:00:00+00:00,39.2949890348,40.0973039952,38.8154444608,40.0143058958,2778201,,,,,,,,,,,,,,,,,,,,,,,,,,,,,,,,,"rgba(255, 0, 0, 1.0)",5.692896287693898,48.87968408150592,-1.6836236886002593,31.7107720211518,-14.889486555817705,False,True,False,True,False,0.0,0.0,0.0,0.0,0.0,0,0.8120621548078658,1.077392834934018,False,False,False,False,-0.3323525027660183,-0.334771475085784,False,False,False,False,-5151117,10048935.335868577,False,False,False,False,2695880.9318783125,False,False,False,False
2022-07-18 00:00:00+00:00,39.3872091452,40.4385184036,39.3779871342,39.9313077965,2085207,,,,,,,,,,,,,,,,,,,,,,,,,,,,,,,,,"rgba(255, 0, 0, 1.0)",5.7832379649036145,48.78967491488237,-1.6258133984357102,31.17321056656929,-15.50771414847565,False,True,False,True,False,0.0,0.0,0.0,0.0,0.0,0,0.8116095113447157,1.0850184729650907,False,False,False,False,-0.30977656360484174,-0.32227401934531286,False,False,False,False,-3065910,9534627.675638437,False,False,False,False,2671932.934549751,False,False,False,False
2022-07-19 00:00:00+00:00,39.6362034432,40.0419719289,39.2027689244,39.5439833328,3320341,,,,,,,,,,,,,,,,,,,,,,,,,,,,,,,,,"rgba(255, 0, 0, 1.0)",5.8434721623685695,48.649411476025975,-1.5424404844212682,31.477674000789186,-15.50771414847565,False,True,False,True,False,0.0,0.0,0.0,0.0,0.0,0,0.8055145291913923,1.0950356135209,False,False,False,False,-0.3222135181758807,-0.3222437687605968,False,False,False,False,254431,9170698.394240852,False,False,False,False,2697360.70182231,False,False,False,False
2022-07-20 00:00:00+00:00,37.8471333018,40.060415951,37.8286892797,39.6823134984,3589200,,,,,,,,,,,,,,,,,,,,,,,,,,,,,,,,,"rgba(255, 0, 0, 1.0)",5.94469579586479,48.48419982247326,-1.7893374002539446,29.717317312161807,-17.11384543832873,False,True,False,True,False,0.0,0.0,0.0,0.0,0.0,0,0.7998697284319586,1.073714713637251,False,False,False,False,-0.34282825441539394,-0.3325360115879954,False,False,False,False,-3334769,8680287.908192191,False,False,False,False,2732334.791946925,False,False,False,False
2022-07-21 00:00:00+00:00,38.1606816771,38.621782229,37.7272471583,37.8286892797,6557611,,,,,,,,,,,,,,,,,,,,,,,,,,,,,,,,,"rgba(255, 0, 0, 1.0)",5.993084362452591,48.18697324276728,-1.672976877896668,29.38458551208995,-17.5258973600218,False,True,False,True,False,0.0,0.0,0.0,0.0,0.0,0,0.8241819812758185,1.083486349039222,False,False,False,False,-0.34282825441539394,-0.3376821330016947,False,False,False,False,3222842,8466270.421596419,False,False,False,False,2882345.6236352813,False,False,False,False
2022-07-22 00:00:00+00:00,37.1462604629,38.8338884829,36.7958240434,38.7047803284,6399227,,,,,,,,,,,,,,,,,,,,,,,,,,,,,,,,,"rgba(255, 0, 0, 1.0)",6.052266956945733,47.90003474858348,-1.7768175730157072,28.124609561154625,-18.82177865305747,False,True,False,True,False,0.0,0.0,0.0,0.0,0.0,0,0.8251644394965674,1.0724436980857526,False,False,False,False,-0.34282825441539394,-0.3402551937085443,False,False,False,False,-3176385,8009695.699180873,False,False,False,False,3020262.5403554663,False,False,False,False
2022-07-25 00:00:00+00:00,35.4494104318,37.0540403525,35.0620859682,37.0263743194,8062914,,,,,,,,,,,,,,,,,,,,,,,,,,,,,,,,,"rgba(255, 0, 0, 1.0)",6.155606119748104,46.04524614256435,-1.7213310118675937,25.864871948258656,-21.002961613164793,False,True,False,True,False,0.0,0.0,0.0,0.0,0.0,0,0.8038946103219634,1.089291373744981,True,False,False,False,-0.34282825441539394,-0.34154172406196914,False,False,False,False,-11239299,7254833.161958094,False,False,False,False,3218013.577988585,True,False,False,False
2022-07-26 00:00:00+00:00,36.4084995798,36.4361656129,35.495520487,35.6891827188,7282829,,,,,,,,,,,,,,,,,,,,,,,,,,,,,,,,,"rgba(255, 0, 0, 1.0)",6.21755204310931,45.777030760614984,-1.506787738302535,26.815824820000337,-21.002961613164793,False,True,False,True,False,0.0,0.0,0.0,0.0,0.0,0,0.8364340809625344,1.074506562416912,False,False,False,False,-0.34282825441539394,-0.34218498923868157,False,False,False,False,-3956470,6815174.214430326,False,False,False,False,3377418.1043419736,False,False,False,False
2022-07-27 00:00:00+00:00,36.4361656129,36.9064881759,35.800492392,36.2517253921,7094936,,,,,,,,,,,,,,,,,,,,,,,,,,,,,,,,,"rgba(239, 83, 80, 1.0)",6.261464387438819,45.542723690613926,-1.4543815175221115,27.520251671265974,-21.002961613164793,False,True,False,True,True,0.0,0.0,0.0,0.0,0.0,0,0.837230833055099,1.055890851775713,False,False,False,False,-0.3232912922741644,-0.332738140756423,False,False,False,False,3138466,6670989.578570313,False,False,False,False,3523203.1198579744,False,False,False,False
2022-07-28 00:00:00+00:00,38.7416683725,39.9036417633,38.1975697212,39.9036417633,7419458,,,,,,,,,,,,,,,,,,,,,,,,,,,,,,,,,"rgba(239, 83, 80, 1.0)",6.195297128488283,45.45496794597793,-1.0836122036193672,33.05309958284771,-20.503448273014833,False,True,False,True,True,0.0,0.0,0.0,0.0,0.0,0,0.8425842878682369,1.036972876709716,False,False,False,False,-0.19293999009998306,-0.262839065428203,False,False,False,False,10557924,6823418.3794106925,False,False,False,False,3675997.428883152,False,False,False,False
2022-07-29 00:00:00+00:00,39.6454254543,40.069637962,38.2447864178,39.110548814,4144017,,,,,,,,,,,,,,,,,,,,,,,,,,,,,,,,,"rgba(239, 83, 80, 0.5)",6.1303639324299555,45.40490272591567,-0.9395000582506563,38.31345541353872,-15.842867282008953,False,False,False,True,True,0.0,0.0,0.0,0.0,0.0,0,0.8315896267741814,1.0411768181798435,False,False,False,False,-0.18794492283369413,-0.22539199413094857,False,False,False,False,14701941,7132380.050806352,False,False,False,False,3694351.137554401,False,False,False,False
2022-08-01 00:00:00+00:00,39.5993153991,40.3370762822,39.1658808803,39.7099795315,2646487,,,,,,,,,,,,,,,,,,,,,,,,,,,,,,,,,"rgba(239, 83, 80, 0.5)",6.027840322415362,45.37685025873786,-0.9584751006348483,41.743634199756414,-12.999593625103309,True,False,False,True,True,0.0,0.0,0.0,0.0,0.0,0,0.8485570283517622,1.0348273482267742,False,False,False,False,-0.16026243880418325,-0.1928272164675659,False,False,False,False,12055454,7325441.774304142,False,False,False,False,3653258.426277758,False,False,False,False
2022-08-02 00:00:00+00:00,38.9353306043,41.1301692315,38.9076645712,40.2264121497,3569479,,,,,,,,,,,,,,,,,,,,,,,,,,,,,,,,,"rgba(239, 83, 80, 1.0)",5.902857258988459,45.3347601445402,-1.0841240537361112,42.904857682156006,-12.210955444235388,True,False,False,True,True,0.0,0.0,0.0,0.0,0.0,0,0.8430752149037233,1.0642562157003908,False,False,False,False,-0.14788593049649582,-0.17035657348203087,False,False,False,False,8485975,7370952.881194176,False,False,False,False,3649972.9585805913,False,False,False,False
2022-08-03 00:00:00+00:00,39.2949890348,39.3088220514,38.151459666,39.1935469134,3506448,,,,,,,,,,,,,,,,,,,,,,,,,,,,,,,,,"rgba(239, 83, 80, 1.0)",5.751397029520527,45.2748508332052,-1.0397233520329099,44.40473022045828,-10.952706156677756,True,False,False,True,True,0.0,0.0,0.0,0.0,0.0,0,0.8275362021360849,1.0786280113319808,False,False,False,False,-0.20801393710791594,-0.1891852552949734,False,False,False,False,11992423,7552187.0035002865,False,False,False,False,3644344.5288323327,False,False,False,False
2022-08-04 00:00:00+00:00,40.3555203042,41.1255582259,39.4702072445,39.6546474653,4050054,,,,,,,,,,,,,,,,,,,,,,,,,,,,,,,,,"rgba(239, 83, 80, 0.5)",5.566801582696513,45.239045837327005,-0.8772587742855147,47.406878943579855,-8.219712740801874,True,False,False,False,True,0.0,0.0,0.0,0.0,0.0,0,0.8376639952391255,1.0687347103934328,False,False,False,False,-0.1350236479145797,-0.16210445160477654,False,False,False,False,16042477,7885139.552382628,False,False,False,False,3660254.7041722415,False,False,False,False
2022-08-05 00:00:00+00:00,40.0788599731,40.1341920393,38.7508903835,39.3687651231,2748437,,,,,,,,,,,,,,,,,,,,,,,,,,,,,,,,,"rgba(239, 83, 80, 0.5)",5.41555301906335,45.202695303847875,-0.946133351979272,48.84336176780357,-6.933556012951264,True,False,False,False,True,0.0,0.0,0.0,0.0,0.0,0,0.8208325346737352,1.0809790395740186,False,False,False,False,-0.17462054648697575,-0.16836249904587614,False,False,False,False,13294040,8097253.295426447,False,False,False,False,3624497.1471458795,False,False,False,False
2022-08-08 00:00:00+00:00,41.499049673,41.9048181587,40.7520667789,40.9641730328,3511193,,,,,,,,,,,,,,,,,,,,,,,,,,,,,,,,,"rgba(239, 83, 80, 0.5)",5.207141781357655,45.18941042667882,-0.7087114022688723,52.246641192119625,-3.757806391455233,True,False,True,False,True,0.0,0.0,0.0,0.0,0.0,0,0.8322594227385067,1.0633759002013305,False,False,False,False,-0.08785718729606982,-0.128109843170973,False,False,False,False,16805233,8438742.695605801,False,False,False,False,3620053.847257806,False,False,False,False
2022-08-09 00:00:00+00:00,41.4344955957,42.1353684347,40.9964500714,41.9140401697,1830485,,,,,,,,,,,,,,,,,,,,,,,,,,,,,,,,,"rgba(239, 83, 80, 0.5)",5.0749074024629035,45.18279798916858,-0.7385952286832838,54.36706618354922,-1.805300079503823,True,False,True,False,True,0.0,0.0,0.0,0.0,0.0,0,0.8394377070751489,1.0619482391067008,False,False,False,False,-0.07705139685265588,-0.10258062001181444,False,False,False,False,14974748,8695056.629111458,False,False,False,False,3549874.676777108,False,False,False,False
2022-08-10 00:00:00+00:00,42.3382526775,43.3250078586,41.3468864909,41.6927119048,3615911,,,,,,,,,,,,,,,,,,,,,,,,,,,,,,,,,"rgba(239, 83, 80, 0.5)",4.977106425461386,44.86705100461711,-0.5080860465793003,57.21616780224262,0.8612208286345364,True,False,True,False,True,0.0,0.0,0.0,0.0,0.0,0,0.8462634985849239,1.0407207564358514,False,False,False,False,-0.042121516689389085,-0.07235106835060176,False,False,False,False,18590659,9083119.467185518,False,False,False,False,3552464.336511339,False,False,False,False
2022-08-11 00:00:00+00:00,41.4068295626,42.5688029535,41.3146094522,42.5688029535,2032060,,,,,,,,,,,,,,,,,,,,,,,,,,,,,,,,,"rgba(239, 83, 80, 0.5)",4.925349105864356,44.83787135761466,-0.6966088537621618,56.90299596028999,0.8612208286345364,True,False,True,False,True,0.0,0.0,0.0,0.0,0.0,0,0.8482258767864189,1.06095024234437,False,False,False,False,-0.0599865960085786,-0.06616883217959019,False,False,False,False,16558599,9376275.52729589,False,False,False,False,3492840.637040306,False,False,False,False
2022-08-12 00:00:00+00:00,42.6610230638,42.6794670859,41.6466018496,41.7941540262,1904712,,,,,,,,,,,,,,,,,,,,,,,,,,,,,,,,,#000000,4.883031489005352,44.84191098786285,-0.4466258161499358,58.66396703259138,2.3781929264784907,True,False,True,False,True,0.0,0.0,0.0,0.0,0.0,0,0.8497191645706867,1.045776927823491,False,False,False,False,-0.04995309826545332,-0.05806096522252176,False,False,False,True,18463311,9732629.859558795,False,False,False,False,3430561.0826465683,False,False,False,True
2022-08-15 00:00:00+00:00,41.9140401697,42.0523703353,41.2961654302,41.6834898938,1870376,,,,,,,,,,,,,,,,,,,,,,,,,,,,,,,,,"rgba(239, 83, 80, 0.5)",4.855982176491911,44.8256752262008,-0.599597558367531,58.15184872538975,2.3781929264784907,True,False,True,False,True,0.0,0.0,0.0,0.0,0.0,0,0.8304319826383553,1.0713970599402982,False,False,False,False,-0.07072722397276004,-0.0643940945976409,False,False,False,False,16592935,10001661.433693744,False,False,False,False,3369377.3539153305,False,False,False,False
2022-08-16 00:00:00+00:00,41.9417062028,42.0062602801,41.0379491211,41.8679301145,2285643,,,,,,,,,,,,,,,,,,,,,,,,,,,,,,,,,"rgba(239, 83, 80, 0.5)",4.815337287866155,44.806505846748344,-0.5949322908630224,57.857638569131154,2.3781929264784907,True,False,True,False,True,0.0,0.0,0.0,0.0,0.0,0,0.8269704025635825,1.0707199885849965,False,False,False,False,-0.06383279278056612,-0.06411344368910352,False,False,False,False,18878578,10349775.808843011,False,False,False,False,3326877.9674872784,False,False,False,False
2022-08-17 00:00:00+00:00,40.2540781828,41.7019339158,40.2357263808,41.6097138055,2717007,,,,,,,,,,,,,,,,,,,,,,,,,,,,,,,,,"rgba(239, 83, 80, 0.5)",4.742369575854506,44.75677766605446,-0.9494619538257179,54.19821890557382,2.3781929264784907,True,False,True,False,False,0.0,0.0,0.0,0.0,0.0,0,0.8257746849537422,1.0653858786887607,False,False,False,False,-0.08227904428308282,-0.07319624398609317,False,False,False,False,16161571,10577689.34575113,False,False,False,False,3302961.458958366,False,False,False,False
2022-08-18 00:00:00+00:00,40.7244007458,40.9641730328,40.1987461166,40.1987461166,1496443,,,,,,,,,,,,,,,,,,,,,,,,,,,,,,,,,"rgba(239, 83, 80, 0.5)",4.672028891430491,44.73156122106015,-0.8576917156077838,52.69150616254338,2.3781929264784907,True,False,True,False,False,0.0,0.0,0.0,0.0,0.0,0,0.8256136086495252,1.0644503916104529,False,False,False,False,-0.09710249169340779,-0.08514936783975048,False,False,False,False,17658014,10855349.13611383,False,False,False,False,3232117.597822744,False,False,False,False
2022-08-19 00:00:00+00:00,40.3186322601,40.5860705802,39.8944197523,40.4569624257,3939379,,,,,,,,,,,,,,,,,,,,,,,,,,,,,,,,,"rgba(239, 83, 80, 0.5)",4.592183744913991,44.659951855913974,-0.9453714914221668,50.89849252637138,6.607104299872354,True,False,False,False,False,0.0,0.0,0.0,0.0,0.0,0,0.8228839290466028,1.0639215895147938,False,False,False,False,-0.10015294193596681,-0.09265115488785865,False,False,False,False,13718635,10967634.856266228,False,False,False,False,3259853.3390845973,False,False,False,False
2022-08-22 00:00:00+00:00,40.8442868893,40.9088409665,39.5439833328,39.7099795315,2601911,,,,,,,,,,,,,,,,,,,,,,,,,,,,,,,,,"rgba(239, 83, 80, 0.5)",4.45238975038962,44.622675569209754,-0.8486203795566445,50.81915924515613,6.338247189143814,True,False,False,False,False,0.0,0.0,0.0,0.0,0.0,1,0.8343261431696328,1.0543681577299244,False,False,False,False,-0.10090541661235969,-0.09677828575010916,False,False,False,False,16320546,11177552.94033422,False,False,False,False,3234051.678728339,False,False,False,False
2022-08-23 00:00:00+00:00,41.4529396178,42.5411369203,40.9826170548,41.0932811873,3008676,,,,,,,,,,,,,,,,,,,,,,,,,,,,,,,,,"rgba(239, 83, 80, 0.5)",4.33750728320683,44.613463774964075,-0.7286498790216255,51.99771924819281,6.338247189143814,True,False,False,False,False,0.0,0.0,0.0,0.0,0.0,1,0.8561652195508134,1.0522939911352467,False,False,False,False,-0.004019670795678486,-0.05039897827289382,False,False,False,False,19329222,11497226.236791702,False,False,False,False,3225213.416817424,False,False,False,False
2022-08-24 00:00:00+00:00,42.1538124567,42.2368105561,41.0840591763,41.268499397,2336954,,,,,,,,,,,,,,,,,,,,,,,,,,,,,,,,,"rgba(239, 83, 80, 0.5)",4.227552392472562,44.608359656794725,-0.5806071627793915,54.101460538285544,6.338247189143814,True,False,True,False,True,0.0,0.0,0.0,0.0,0.0,1,0.8624697670611109,1.0535678101629014,False,False,False,False,-0.0007996799517013355,-0.025599329112297578,False,False,False,False,21666176,11896008.58044693,False,False,False,False,3190379.714197133,False,False,False,False
2022-08-25 00:00:00+00:00,42.0154822912,42.6425790418,41.5174936951,42.6425790418,1947641,,,,,,,,,,,,,,,,,,,,,,,,,,,,,,,,,"rgba(239, 83, 80, 0.5)",4.1823279543989225,44.60680270435329,-0.6195880479501304,55.1451603765522,6.338247189143814,True,False,True,False,True,0.0,0.0,0.0,0.0,0.0,1,0.8939381505573762,1.0231965502761686,False,False,False,False,0.023461489697352393,-0.0010689197074725924,False,False,False,False,19718535,12202774.322390188,False,False,False,False,3141644.862659991,False,False,False,False
2022-08-26 00:00:00+00:00,40.1710800835,42.4765828431,39.7745336088,42.1169244126,2519546,,,,,,,,,,,,,,,,,,,,,,,,,,,,,,,,,"rgba(239, 83, 80, 1.0)",4.159370937482008,44.58092401536317,-1.0602189605461818,51.77628317926866,6.338247189143814,True,False,False,False,False,0.0,0.0,0.0,0.0,0.0,1,0.8747051005782905,1.0216250520221852,False,False,False,False,-0.03173116497463593,-0.016400042341054258,False,False,False,False,17198989,12398704.309747435,False,False,False,False,3117248.828830187,False,False,False,False
2022-08-29 00:00:00+00:00,40.1803020945,40.6229586243,39.7468675757,39.9405298075,1403961,,,,,,,,,,,,,,,,,,,,,,,,,,,,,,,,,"rgba(239, 83, 80, 1.0)",4.139627225858481,44.56073237345091,-1.0581702264368724,49.55180852888338,4.7778849371097465,True,False,False,False,False,0.0,0.0,0.0,0.0,0.0,1,0.8694722678867491,1.0593409467035706,False,False,False,False,-0.0863122478417494,-0.05135614509140183,False,False,False,False,18602950,12642008.06230636,False,False,False,False,3050061.0708368467,False,False,False,False
2022-08-30 00:00:00+00:00,39.0091066926,40.1019150007,38.852332505,40.0235279068,2179402,,,,,,,,,,,,,,,,,,,,,,,,,,,,,,,,,"rgba(239, 83, 80, 1.0)",4.160184162403225,44.51768381389166,-1.3241185741425214,45.955989092292825,1.3896496983956794,False,False,False,True,False,0.0,0.0,0.0,0.0,0.0,1,0.8407334663649438,1.064535718164347,False,False,False,False,-0.12770507986701168,-0.08953061247920675,False,False,False,False,16423548,12790303.746137483,False,False,False,False,3015917.5778628527,False,False,False,False
2022-08-31 00:00:00+00:00,38.372787931,39.2294480838,38.2889842204,38.9594139052,2856429,,,,,,,,,,,,,,,,,,,,,,,,,,,,,,,,,"rgba(239, 83, 80, 1.0)",4.187707485533993,44.45135912794688,-1.4515271704016302,42.55760672024232,-1.7323134665170272,False,False,False,True,False,0.0,0.0,0.0,0.0,0.0,0,0.8248208250293607,1.0855965598689892,False,False,False,False,-0.17014000592785455,-0.12983530920353065,False,False,False,False,13567119,12820767.089426208,False,False,False,False,3009663.123829015,False,False,False,False
2022-09-01 00:00:00+00:00,37.4230125442,38.1120652758,37.2647166464,37.627866059,3458230,,,,,,,,,,,,,,,,,,,,,,,,,,,,,,,,,"rgba(239, 83, 80, 1.0)",4.218099598800835,43.67863189016996,-1.4830421139767238,38.946730490464574,-5.008938889224282,False,True,False,True,False,0.0,0.0,0.0,0.0,0.0,0,0.8126585357762435,1.0997114168382973,False,False,False,False,-0.2182397159118648,-0.17403751255769773,False,False,False,False,10108889,12714418.929056555,False,False,False,False,3027253.981718073,False,False,False,False
2022-09-02 00:00:00+00:00,38.69869125,39.2946287476,37.7768504334,38.279672697,2566564,,,,,,,,,,,,,,,,,,,,,,,,,,,,,,,,,"rgba(239, 83, 80, 1.0)",4.2178152470480565,43.673269834051666,-1.1794206935766678,39.79191053395796,-5.008938889224282,False,True,False,True,False,0.0,0.0,0.0,0.0,0.0,0,0.8432502319429898,1.0685969358831175,False,False,False,False,-0.1595301698346237,-0.16678384119616071,False,False,False,False,12675453,12712890.853407279,False,False,False,False,3009187.707925208,False,False,False,False
2022-09-06 00:00:00+00:00,38.1958689864,39.490170739,38.1493113694,38.7545603904,2132815,,,,,,,,,,,,,,,,,,,,,,,,,,,,,,,,,"rgba(239, 83, 80, 1.0)",4.235921220521553,43.65090828428637,-1.2878047097426222,39.54856520735457,-5.008938889224282,False,True,False,True,False,0.0,0.0,0.0,0.0,0.0,0,0.851817335176298,1.0453359078730016,False,False,False,False,-0.14011339447445306,-0.1534486178353069,False,False,False,False,10542638,12627782.8983717,False,False,False,False,2974820.1507516704,False,False,False,False
2022-09-07 00:00:00+00:00,39.4994822624,39.7788279644,37.7489158632,38.046884612,2559045,,,,,,,,,,,,,,,,,,,,,,,,,,,,,,,,,"rgba(239, 83, 80, 0.5)",4.186223522606855,43.63218774395658,-0.9872156752353848,42.28415597011056,-5.008938889224282,False,False,False,True,True,0.0,0.0,0.0,0.0,0.0,0,0.8283992915434263,1.0537055748013169,False,False,False,False,-0.139454341111054,-0.14645147947318043,False,False,False,False,13101683,12646367.216082616,False,False,False,False,2958515.242879056,False,False,False,False
2022-09-08 00:00:00+00:00,39.9929930025,40.0861082365,38.9407908584,39.0339060924,2314759,,,,,,,,,,,,,,,,,,,,,,,,,,,,,,,,,"rgba(239, 83, 80, 0.5)",4.1309088540720715,43.62901645026922,-0.8801993886127466,45.08444937010128,-11.129608740553408,False,False,False,True,True,0.0,0.0,0.0,0.0,0.0,0,0.8481566951617764,1.0507318058986879,False,False,False,False,-0.059898873030346814,-0.10317517625176362,False,False,False,False,15416442,12754997.59976565,False,False,False,False,2933269.9000210534,False,False,False,False
2022-09-09 00:00:00+00:00,41.0731297169,41.1941795211,40.5051267895,40.6727342107,2125406,,,,,,,,,,,,,,,,,,,,,,,,,,,,,,,,,"rgba(239, 83, 80, 0.5)",4.065474791027704,43.65082620532336,-0.634045620972047,48.906617982870756,-7.505540329017741,True,False,False,False,True,0.0,0.0,0.0,0.0,0.0,0,0.8741391364828293,1.0307613100017363,False,False,False,False,0.12337352637514196,0.01009917506168917,False,False,False,False,17541848,12942717.223304253,False,False,False,False,2901588.9627653263,False,False,False,False
2022-09-12 00:00:00+00:00,41.7435594017,42.2091355717,41.4921482699,42.1905125249,2254853,,,,,,,,,,,,,,,,,,,,,,,,,,,,,,,,,#000000,3.9645585159420653,43.686230299747436,-0.4900093895034408,52.54258870196864,-4.132021245371249,True,False,True,False,True,0.0,0.0,0.0,0.0,0.0,0,0.8994568896283773,1.000045507529764,False,False,False,False,0.255960869807323,0.1330300224345061,False,False,False,False,19796701,13211500.900821734,False,False,False,False,2876226.7681470783,False,False,False,False
2022-09-13 00:00:00+00:00,39.8626316749,41.1289988573,39.7322703474,40.3002732747,3003561,,,,,,,,,,,,,,,,,,,,,,,,,,,,,,,,,"rgba(239, 83, 80, 0.5)",3.8738404398317265,43.67487678690313,-0.984099673493192,51.21452456505083,-4.132021245371249,True,False,False,False,True,0.0,0.0,0.0,0.0,0.0,0,0.8865353254563213,1.0040359081850625,False,False,False,False,0.13337782467472045,0.13320392355461327,False,False,False,False,16793140,13351957.336083626,False,False,False,False,2881220.267435428,False,False,False,False
2022-09-14 00:00:00+00:00,40.0395506195,40.6960130192,39.8533201515,40.0954197599,1744804,,,,,,,,,,,,,,,,,,,,,,,,,,,,,,,,,"rgba(239, 83, 80, 0.5)",3.802784060260818,43.666044450724016,-0.9536417986813825,50.65663696638539,-4.132021245371249,True,False,False,False,True,0.0,0.0,0.0,0.0,0.0,0,0.8954857767110608,1.0071895366086845,False,False,False,False,0.11696327651736055,0.1250836000359869,False,False,False,False,18537944,13555329.362119563,False,False,False,False,2836654.923614431,False,False,False,False
2022-09-15 00:00:00+00:00,38.2517381268,39.7602049176,37.5719969186,39.7043357772,4425631,,,,,,,,,,,,,,,,,,,,,,,,,,,,,,,,,"rgba(239, 83, 80, 1.0)",3.735600273251242,43.580810916385296,-1.4265639789524889,47.39285689182735,-4.132021245371249,True,False,False,False,False,0.0,0.0,0.0,0.0,0.0,0,0.8721189526683641,1.0063455593463502,False,False,False,False,-0.05027134300971571,0.03740612851313559,False,False,False,False,14112313,13577171.857722716,False,False,False,False,2898967.7109236694,False,False,False,False
2022-09-16 00:00:00+00:00,38.8104295308,39.210825037,37.4509471144,37.76753891,3676331,,,,,,,,,,,,,,,,,,,,,,,,,,,,,,,,,"rgba(239, 83, 80, 1.0)",3.6715289449987494,43.51499618493104,-1.2813644464221008,46.336213034413035,-4.132021245371249,False,False,False,True,False,0.0,0.0,0.0,0.0,0.0,0,0.8567896206729638,1.0145041613141563,False,False,False,False,-0.08516561650192643,-0.02387974399439542,False,False,False,False,17788644,13742327.6280081,False,False,False,False,2929452.545789408,False,False,False,False
2022-09-19 00:00:00+00:00,39.0152830456,39.0339060924,37.7302928164,38.0655076588,2636802,,,,,,,,,,,,,,,,,,,,,,,,,,,,,,,,,"rgba(239, 83, 80, 1.0)",3.5931775027267583,43.47238941289058,-1.2404358993977362,46.04803473289111,-4.132021245371249,False,False,False,True,False,0.0,0.0,0.0,0.0,0.0,0,0.864767410858732,1.0124647386957057,False,False,False,False,-0.07982324592949677,-0.0518514949619461,False,False,False,False,20425446,14004410.701419547,False,False,False,False,2917976.0537976664,False,False,False,False
2022-09-20 00:00:00+00:00,38.2982957438,38.372787931,37.488193208,38.279672697,2336078,,,,,,,,,,,,,,,,,,,,,,,,,,,,,,,,,"rgba(239, 83, 80, 1.0)",3.4482786736129145,43.42732863518735,-1.4874183257391544,44.653115779174364,0.9114763029461415,False,False,False,True,False,0.0,0.0,0.0,0.0,0.0,1,0.8540806936590326,1.0115764654680919,False,False,False,False,-0.12712529389129154,-0.08948839442661882,False,False,False,False,18089368,14164605.105285447,False,False,False,False,2895156.522276189,False,False,False,False
2022-09-21 00:00:00+00:00,38.279672697,39.2853172242,37.4509471144,38.6428221096,2827210,,,,,,,,,,,,,,,,,,,,,,,,,,,,,,,,,"rgba(255, 0, 0, 1.0)",3.3310771715966396,43.38050002696758,-1.5312846467386612,43.69160275258485,-0.29005796364533154,False,False,False,True,False,0.0,0.0,0.0,0.0,0.0,1,0.8650282968960334,0.9891854533990343,False,False,False,False,-0.08127979247957703,-0.08538409345309793,False,False,False,False,15262158,14207646.395274254,False,False,False,False,2892491.9527751626,False,False,False,False
2022-09-22 00:00:00+00:00,38.2982957438,39.0618406626,38.046884612,38.4845262118,2115407,,,,,,,,,,,,,,,,,,,,,,,,,,,,,,,,,"rgba(255, 0, 0, 1.0)",3.2265643386389753,43.348438108348475,-1.5651764026744068,43.09877460318472,-1.1673412751459722,False,False,False,True,False,0.0,0.0,0.0,0.0,0.0,1,0.874206310661904,1.0028147630617068,False,False,False,False,-0.06188500696013983,-0.07363455020661888,False,False,False,False,17377565,14331956.92879291,False,False,False,False,2862018.0330584897,False,False,False,False
2022-09-23 00:00:00+00:00,36.3801219234,37.3857664506,35.5700193876,37.348520357,4053568,,,,,,,,,,,,,,,,,,,,,,,,,,,,,,,,,"rgba(255, 26, 202, 1.0)",3.141252051567526,43.23933080861176,-2.183590737899854,39.6368919577754,-4.697546566054022,False,True,False,True,False,0.0,0.0,0.0,0.0,0.0,1,0.8834829684757748,0.9983949068960324,False,False,False,False,-0.2843724516435772,-0.17900350092509804,False,False,False,False,13323997,14292429.08844809,False,False,False,False,2908745.4827424707,False,False,False,False
2022-09-26 00:00:00+00:00,34.9554588432,36.3801219234,34.1593235925,36.1007762214,4806900,,,,,,,,,,,,,,,,,,,,,,,,35.1649681197,,,,,,35.1649681197,,35.1649681197,"rgba(255, 26, 202, 1.0)",3.090495747614498,42.36408224323768,-2.397228148835434,35.6708363059877,-8.53792056946049,False,True,False,True,False,0.0,1.0,36.380123,34.159325,0.0,0,0.8618738093686921,1.0124157582469113,False,False,False,False,-0.34282825441539394,-0.260915877670246,False,False,False,False,8517097,14065945.477136401,True,False,False,False,2983182.9147917856,True,False,False,False
2022-09-27 00:00:00+00:00,35.0578856006,36.0635301278,34.834409039,35.486215677,2796988,,,,,,,,,,,,,,,,,,,,,,,,35.22148257874911,,,,,,35.22148257874911,,35.22148257874911,"rgba(255, 26, 202, 1.0)",3.076737570284929,42.29435545211344,-2.351994502684637,33.313022864326285,-10.772838499734036,False,True,False,True,False,0.0,0.0,0.0,0.0,0.0,0,0.8645836563571995,1.022082783688762,False,False,False,False,-0.3241538105748332,-0.2925348441225396,False,False,False,False,11314085,13958029.379993796,False,False,False,False,2975881.153427402,False,False,False,False
2022-09-28 00:00:00+00:00,37.9165232844,37.9258348078,36.0821531746,36.1473338384,4469574,,,,,,,,,,,,,,,,,,,,,,,,35.993970679635346,,,,,,35.993970679635346,,35.993970679635346,"rgba(255, 0, 0, 1.0)",2.911325496204493,42.29434979590222,-1.5037227947234382,38.10297728604437,-10.772838499734036,False,True,False,True,True,0.0,0.0,0.0,0.0,0.0,0,0.8731566982417693,0.9801905462129821,False,False,False,False,-0.16962378693588476,-0.23107931552921218,False,False,False,False,15783659,14029622.698425414,False,False,False,False,3034457.3434890728,False,False,False,False
2022-09-29 00:00:00+00:00,38.5776414458,38.7359373436,37.2367820762,37.4509471144,3989226,,,,,,,,,,,,,,,,,,,,,,,,36.53773659725173,,,,,,36.53773659725173,,36.53773659725173,"rgba(239, 83, 80, 1.0)",2.8378910428099253,42.30009390339729,-1.3116967499610281,42.40661423913288,-14.235588088839528,False,False,False,True,True,0.0,0.0,0.0,0.0,0.0,0,0.9044576370216086,0.9698309001341048,False,False,False,False,-0.07640883713808312,-0.15374407633364764,False,False,False,False,19772885,14254848.671036182,False,False,False,False,3071899.2515875404,False,False,False,False
2022-09-30 00:00:00+00:00,39.3225633178,40.2816502279,38.5869529692,38.8756101946,3742848,,,,,,,,,,,,,,,,,,,,,,,,37.07809036778856,,,,,,37.07809036778856,,37.07809036778856,"rgba(239, 83, 80, 1.0)",2.798764454606704,42.329748496651064,-1.0744688335244887,46.47002422560595,-10.609511055463486,False,False,False,False,True,0.0,0.0,0.0,0.0,0.0,0,0.9237846493279477,0.9320677055446903,False,False,False,False,0.0590488203531182,-0.04734762799026472,False,False,False,False,23515733,14618020.605505351,False,False,False,False,3098210.9672115585,False,False,False,False
2022-10-03 00:00:00+00:00,41.0451951467,41.0824412403,39.9091892919,40.1885349939,3463834,,,,,,,,,,,,,,,,,,,,,,,,37.61410625226948,,,,,,37.61410625226948,,37.61410625226948,#000000,2.7409781509052533,42.379619696218874,-0.48684246135933473,51.553084098086956,-6.057089187532462,True,False,True,False,True,0.0,0.0,0.0,0.0,0.0,0,0.9447908960456924,0.9168256580415048,False,False,False,False,0.15946595882182926,0.05605916541578227,False,False,False,False,26979567,15102787.13077965,False,False,False,False,3112549.1253601247,False,False,False,False
2022-10-04 00:00:00+00:00,42.2836277589,42.9196979224,41.6690672145,41.8646092059,3909249,,,,,,,,,,,,,,,,,,,,,,,,38.28678027957232,,,,,,38.28678027957232,,38.28678027957232,#000000,2.6252718853043637,42.45260096383854,-0.06436407820630292,56.350051262429446,-1.816974198777686,True,False,True,False,True,0.1795918488425272,0.0,0.0,0.0,0.0,0,0.9825486427391041,0.8785233003166111,False,False,False,False,0.3384778104607108,0.19726848793824653,False,False,False,False,30888816,15721847.086435352,False,False,False,False,3143792.2576989434,False,False,False,False
2022-10-05 00:00:00+00:00,41.3710984657,41.5293943635,40.3188963215,41.2314256147,4233682,,,,,,,,,,,,,,,,,,,,,,,,38.662318431283154,,,,,,38.662318431283154,,38.662318431283154,#000000,2.519218156625143,42.435086511622266,-0.4223485144087843,57.743199618299414,-0.6997626205770331,True,False,True,False,True,0.0,0.0,0.0,0.0,0.0,0,0.9548012499853639,0.8808376534240948,False,False,False,False,0.2007903651658043,0.19902942655202543,False,False,False,False,26655134,16150603.435986906,False,False,False,False,3186533.031906828,False,False,False,False
2022-10-06 00:00:00+00:00,42.0229051037,42.0927415292,40.9707029595,41.0451951467,2573049,,,,,,,,,,,,,,,,,,,,,,,,38.89195843205301,,,,,,38.89195843205301,,38.89195843205301,#000000,2.3862514670029813,42.46254779227033,-0.18423988194442098,59.46931228251133,0.9254112882045433,True,False,True,False,True,0.0,0.0,0.0,0.0,0.0,0,0.9591932939168839,0.8796862779342106,False,False,False,False,0.2606289504392683,0.22982918849564687,False,False,False,False,29228183,16663449.693399185,False,False,False,False,3162474.8345771483,False,False,False,False
2022-10-07 00:00:00+00:00,39.7043357772,41.7063133081,39.6344993517,41.3710984657,3326281,,,,,,,,,,,,,,,,,,,,,,,,39.02179667857896,,,,,,39.02179667857896,,39.02179667857896,"rgba(239, 83, 80, 1.0)",2.270002253977858,42.439894902035654,-1.20509092889312,56.59981333669869,0.9254112882045433,True,False,True,False,True,0.0,0.0,0.0,0.0,0.0,0,0.9293104534971252,0.9068005811360491,False,False,False,False,0.17623725794732614,0.2030332232214865,False,False,False,False,25901902,17025741.940716866,False,False,False,False,3168898.6057702014,False,False,False,False
2022-10-10 00:00:00+00:00,39.1922019902,40.1419773769,39.0618406626,39.5274168326,2447002,,,,,,,,,,,,,,,,,,,,,,,,39.04909518803297,,,,,,39.04909518803297,,39.04909518803297,"rgba(239, 83, 80, 1.0)",2.216224234739945,42.40542781671393,-1.4498649442352025,53.93237745825617,0.9254112882045433,True,False,True,False,False,0.0,0.0,0.0,0.0,0.0,0,0.9206114833357422,0.928284493920487,False,False,False,False,0.07477421415100088,0.13890371868624368,False,False,False,False,23454900,17277865.78617895,False,False,False,False,3140588.9349556835,False,False,False,False
2022-10-11 00:00:00+00:00,38.6335105862,39.7508933942,38.5869529692,39.1735789434,3014406,,,,,,,,,,,,,,,,,,,,,,,,39.044962364463764,,,,,,39.044962364463764,,39.044962364463764,"rgba(255, 0, 0, 1.0)",2.1335617023307694,42.35688828310709,-1.7451464810413273,51.33290132530321,0.9254112882045433,True,False,False,False,False,0.0,0.0,0.0,0.0,0.0,0,0.9025454381315725,0.9367964877143392,False,False,False,False,0.03420672812951782,0.08655522340788074,False,False,False,False,20440494,17401890.42201507,False,False,False,False,3135640.5845652646,False,False,False,False
2022-10-12 00:00:00+00:00,39.0618406626,39.303940271,38.3355418374,38.5962644926,1860580,,,,,,,,,,,,,,,,,,,,,,,,39.03893789886266,,,,,,39.03893789886266,,39.03893789886266,"rgba(255, 0, 0, 1.0)",2.0098039202919518,42.3293478493623,-1.6257840646900774,50.33605829768021,8.826257759794672,True,False,False,False,False,0.0,0.0,0.0,0.0,0.0,0,0.9010278182779453,0.9520601326935744,False,False,False,False,0.001579060250400992,0.04406714182914087,False,False,False,False,22301074,17594015.26821056,False,False,False,False,3085638.2086999603,False,False,False,False
2022-10-13 00:00:00+00:00,38.9594139052,39.1270213264,36.5384178212,37.720981293,3187742,,,,,,,,,,,,,,,,,,,,,,,38.20828435093333,38.98356705313991,,,,,,38.98356705313991,,38.595925702036624,"rgba(255, 0, 0, 1.0)",1.929663850205571,41.9561884739566,-1.5530034251495912,49.49956975424611,7.714129069726553,False,False,False,False,False,0.0,0.0,0.0,0.0,0.0,0,0.8894213989139644,0.9317218062842179,False,False,False,False,-0.09086000076118572,-0.023396429466022425,False,False,False,False,19113332,17653596.31651603,False,False,False,False,3089642.278947021,False,False,False,False
2022-10-14 00:00:00+00:00,37.3578318804,38.7080027734,37.3185372516,38.6800682032,2141084,,,,,,,,,,,,,,,,,,,,,,,38.04214554681401,38.93262338598808,,,,,,38.93262338598808,,38.487384466401046,"rgba(255, 26, 202, 1.0)",1.8860975702393743,41.902894326509944,-2.4097705854809557,46.46995820542039,4.517386178266008,False,True,False,True,False,0.0,0.0,0.0,0.0,0.0,0,0.8811953154269668,0.955319049298105,False,False,False,False,-0.07388113807120263,-0.048638783768612526,False,False,False,False,16972248,17626876.774691876,False,False,False,False,3052443.9150667456,False,False,False,False
2022-10-17 00:00:00+00:00,38.5217723054,39.257382654,38.3634764076,38.372787931,2432070,,,,,,,,,,,,,,,,,,,,,,,38.25275381973421,38.92248500536853,,,,,,38.92248500536853,,38.58761941255137,"rgba(255, 0, 0, 1.0)",1.8689225954014264,41.892570485808086,-1.8036050228629574,46.6408208027225,4.362884227045626,False,True,False,True,False,0.0,0.0,0.0,0.0,0.0,0,0.8942774057473345,0.9255210673442669,False,False,False,False,0.0007093434925210197,-0.023964720138045754,False,False,False,False,19404318,17696580.35215494,False,False,False,False,3028115.526240599,False,False,False,False
2022-10-18 00:00:00+00:00,38.9035447648,39.210825037,38.326230314,39.0804637094,2102534,,,,,,,,,,,,,,,,,,,,,,,38.37229216238007,38.918281575680936,,,,,,38.918281575680936,,38.6452868690305,"rgba(255, 0, 0, 1.0)",1.8102735137988437,41.881609453071746,-1.6450910128062912,47.43102262987058,4.362884227045626,False,False,False,True,False,0.0,0.0,0.0,0.0,0.0,0,0.8751664442940048,0.9409760344255186,False,False,False,False,-0.0032043876339880517,-0.013584553886016903,False,False,False,False,21506852,17846002.769717492,False,False,False,False,2991818.2114860658,False,False,False,False
2022-10-19 00:00:00+00:00,37.6185545356,38.1772459396,37.4695701612,38.093442229,1909527,,,,,,,,,,,,,,,,,,,,,,,38.27218985693983,38.87890528622204,,,,,,38.87890528622204,,38.57554757158094,"rgba(255, 26, 202, 1.0)",1.8032766922805916,41.84297635024135,-2.3426365087094627,45.930350927227614,2.9386365438758446,False,True,False,True,False,0.0,0.0,0.0,0.0,0.0,0,0.8557674269932408,0.9481927396421241,False,False,False,False,-0.09173698598525377,-0.052660769935635336,False,False,False,False,19597325,17914682.07286583,False,False,False,False,2949375.4188787695,False,False,False,False
2022-10-20 00:00:00+00:00,38.1586228928,38.9873484754,37.3298973102,37.6930467228,2484864,,,,,,,,,,,,,,,,,,,,,,,38.25239731916142,38.84851370827373,,,,,,38.84851370827373,,38.55045551371757,"rgba(255, 26, 202, 1.0)",1.79276699761445,41.80978709237349,-2.0366083291537183,45.96215532353284,2.542876015098315,False,True,False,True,False,0.0,0.0,0.0,0.0,0.0,0,0.8487670068450492,0.9529295165938172,False,False,False,False,-0.0586413045014704,-0.05565103721855287,False,False,False,False,22082189,18078113.717067167,False,False,False,False,2931159.2848050925,False,False,False,False
2022-10-21 00:00:00+00:00,40.1047312833,40.2164695641,38.1679344162,38.3076072672,2637896,,,,,,,,,,,,,,,,,,,,,,,38.44661771082299,38.87628907277253,,,,,,38.87628907277253,,38.661453391797764,"rgba(239, 83, 80, 0.5)",1.7750933934297703,41.814565157562164,-0.9632360080832074,49.16801434260074,2.542876015098315,False,False,False,False,False,0.0,0.0,0.0,0.0,0.0,0,0.8614577403181852,0.9276549161878912,False,False,False,False,0.03855455493771788,-0.008548241140417495,False,False,False,False,24720085,18338583.179142967,False,False,False,False,2919658.7638323437,False,False,False,False
2022-10-24 00:00:00+00:00,39.4249900752,39.7974510112,38.6893797266,39.4622361688,2220525,,,,,,,,,,,,,,,,,,,,,,,38.54620350691916,38.891184951164234,,,,,,38.891184951164234,,38.7186942290417,"rgba(239, 83, 80, 1.0)",1.757005966304235,41.811128198911256,-1.3580705868235412,50.125512276578746,2.542876015098315,False,False,False,False,True,0.0,0.0,0.0,0.0,0.0,0,0.863284820095303,0.9337465983532205,False,False,False,False,0.04337438224788325,0.017413070553732878,False,False,False,False,22499560,18501758.740745205,False,False,False,False,2892241.7534859776,False,False,False,False
2022-10-25 00:00:00+00:00,40.0581736663,40.2211253258,39.3691209348,39.490170739,1868288,,,,,,,,,,,,,,,,,,,,,,,38.665203532108876,38.91941852578226,,,,,,38.91941852578226,,38.79231102894557,"rgba(239, 83, 80, 1.0)",1.743864257630123,41.8173411272108,-1.008775455551498,51.74304729456134,2.542876015098315,True,False,False,False,True,0.0,0.0,0.0,0.0,0.0,0,0.8836440466312993,0.9275676841368764,False,False,False,False,0.0954717707537368,0.056442420653734844,False,False,False,False,24367848,18731801.456794415,False,False,False,False,2852086.704329665,False,False,False,False
2022-10-26 00:00:00+00:00,41.7249363549,42.1812010015,40.5982420235,40.7472263979,3447132,,,,,,,,,,,,,,,,,,,,,,,39.065378915926495,39.048291339295915,,,,,,39.048291339295915,,39.05683512761121,#000000,1.7597086328030447,41.87322645739479,-0.08426969086273048,55.08213702013323,-0.8073976326205923,True,False,True,False,True,0.5132214485977613,0.0,0.0,0.0,0.0,0,0.897474439134373,0.9057231947934873,False,False,False,False,0.2500895177797463,0.15326596921674057,False,False,False,False,27814980,19088004.536920123,False,False,False,False,2875421.8139637955,False,False,False,False
2022-10-27 00:00:00+00:00,41.8366746357,42.6188426013,41.0638181935,41.2034910445,3566736,,,,,,,,,,,,,,,,,,,,,,,39.41881166562419,39.1853727267919,,,,,,39.1853727267919,,39.302092196208044,#000000,1.768904785051957,41.92969449473797,-0.052586131160949366,57.4482403265847,1.5450356276631325,True,False,True,False,True,0.6958641975075359,0.0,0.0,0.0,0.0,0,0.9165902323215819,0.8991070471450319,False,False,False,False,0.2957664764337981,0.22451622282526934,False,False,False,False,31381716,19570110.868805606,False,False,False,False,2902532.1742005097,False,False,False,False
2022-10-28 00:00:00+00:00,42.0601511973,42.0694627207,41.0079490531,41.2593601849,2005997,,,,,,,,,,,,,,,,,,,,,,,39.572161667325794,39.25329323490303,,,,,,39.25329323490303,,39.412727451114414,#000000,1.7938951230751083,41.95520452961404,0.058502119960088694,59.32316192501145,3.418198580241196,True,False,True,False,True,1.0658391396842468,0.0,0.0,0.0,0.0,0,0.9166643551942718,0.8970840151740562,False,False,False,False,0.26503684187504933,0.24477653235015934,False,False,False,False,33387713,20111977.619048525,False,False,False,False,2867373.9320749994,False,False,False,False
2022-10-31 00:00:00+00:00,40.9334568659,41.9437571548,40.8589646787,41.4362791295,2031272,,,,,,,,,,,,,,,,,,,,,,,39.67825553301775,39.30607181784842,,,,,,39.30607181784842,,39.49216367543308,"rgba(239, 83, 80, 0.5)",1.8012692076283927,41.97153492099618,-0.5763036700454924,58.13983507058341,3.418198580241196,True,False,True,False,True,0.0,0.0,0.0,0.0,0.0,0,0.9193092377689301,0.8946418053680847,False,False,False,False,0.25125326249485713,0.24801489742250823,False,False,False,False,31356441,20552936.967321135,False,False,False,False,2834585.621013235,False,False,False,False
2022-11-01 00:00:00+00:00,42.6095310779,42.6840232651,41.9437571548,42.2184470951,4041533,,,,,,,,,,,,,,,,,,,,,,,39.984551068630886,39.46162070484883,,,,,,39.46162070484883,,39.72308588673986,#000000,1.8359976019964708,42.03276444924268,0.3141434542344425,59.698367080499516,3.934544338705301,True,False,True,False,True,1.9360645029541885,0.0,0.0,0.0,0.0,0,0.9250741207882632,0.8771069395164074,False,False,False,False,0.34282824390091365,0.29542157066171093,False,False,False,False,35397974,21135095.28232815,False,False,False,False,2881916.890777422,False,False,False,False
2022-11-02 00:00:00+00:00,39.3877439816,43.0564842011,39.2480711306,42.8330076395,4237744,,,,,,,,,,,,,,,,,,,,,,,40.045470886269634,39.51661897536851,,,,,,39.51661897536851,,39.78104493081907,"rgba(239, 83, 80, 1.0)",1.836099653554739,42.03600656765435,-1.44233052978755,55.46340862920801,3.934544338705301,True,False,True,False,False,0.0,0.0,0.0,0.0,0.0,0,0.8778225590209734,0.8956997330408363,False,False,False,False,0.2248788470330025,0.26015020884735673,False,False,False,False,31160230,21528237.820276067,False,False,False,False,2935086.58133517,False,False,False,False
2022-11-03 00:00:00+00:00,38.2517381268,39.5087937858,38.1958689864,38.838364101,3326040,,,,,,,,,,,,,,,,,,,,,,,39.93927952638039,39.48404660766121,,,,,,39.48404660766121,,39.7116630670208,"rgba(255, 26, 202, 1.0)",1.8315695621425074,41.99700515935744,-2.0448401796852083,51.245968124988615,7.433425564170754,True,False,False,False,False,0.0,0.0,0.0,0.0,0.0,0,0.8638870687148201,0.9357594195196515,False,False,False,False,0.005670908640097272,0.132910558743727,False,False,False,False,27834190,21775530.062618185,False,False,False,False,2950418.087949477,False,False,False,False
2022-11-04 00:00:00+00:00,40.4213230789,40.5423728831,38.000326995,40.1978465173,7163286,,,,,,,,,,,,,,,,,,,,,,39.654674319,39.89915084236318,39.49685341959567,,,,,,39.49685341959567,,39.68355952698628,"rgba(239, 83, 80, 0.5)",1.8266327474759034,41.79756069648649,-0.7534287444962415,51.43714614122783,7.433425564170754,True,False,False,False,False,0.0,0.0,0.0,0.0,0.0,0,0.8586198685791654,0.9292763052438296,False,False,False,False,0.04496086748074391,0.08893571311223546,False,False,False,False,34997476,22294037.74643708,False,False,False,False,3115628.5943044,False,False,False,False
2022-11-07 00:00:00+00:00,40.1140428067,40.9520799127,39.2992845093,40.8682762021,3642479,,,,,,,,,,,,,,,,,,,,,,39.812136956786325,39.91404619741653,39.519828340036426,,,,,,39.519828340036426,,39.74867049807976,"rgba(239, 83, 80, 0.5)",1.8047368838622033,41.80206718314592,-0.9353299040652893,51.15085577070069,7.25940022877392,True,False,False,False,False,0.0,0.0,0.0,0.0,0.0,0,0.8940161222220858,0.9213261399998095,False,False,False,False,0.12563370761316306,0.10728471036269926,False,False,False,False,31354997,22649369.481870923,False,False,False,False,3136289.394527757,False,False,False,False
2022-11-08 00:00:00+00:00,42.4791697503,43.5313718945,39.7415818708,40.1885349939,6550739,,,,,,,,,,,,,,,,,,,,,,40.606701444695744,40.12919080920122,39.66851275331667,,,,,,39.66851275331667,,40.13480166907121,#000000,1.766226751161987,41.90379033012902,0.32576758323496385,53.737618443966284,7.25940022877392,True,False,True,False,False,1.7568133249970508,0.0,0.0,0.0,0.0,0,0.9032147121010665,0.8716734294491565,False,False,False,False,0.27312479891963737,0.19020475464116832,False,False,False,False,37905736,23247658.36493481,False,False,False,False,3270189.3790560807,False,False,False,False
2022-11-09 00:00:00+00:00,41.1383103807,42.8702537331,40.854308917,42.3674314695,6690771,,,,,,,,,,,,,,,,,,,,,,40.88890207596163,40.276647260952814,39.78481566871158,,,,,,39.78481566871158,,40.31678833520868,#000000,1.729915564530322,41.95362771421243,-0.47130469846590095,53.593794522797666,7.25940022877392,True,False,True,False,False,0.0,0.0,0.0,0.0,0.0,0,0.9284313797606004,0.8752674329768411,False,False,False,False,0.29604240144847,0.24312357804481916,False,False,False,False,31214965,23560101.762388345,False,False,False,False,3404329.834779372,False,False,False,False
2022-11-10 00:00:00+00:00,44.3600974771,44.5742625153,42.8330076395,43.0099265841,4920888,,,,,,,,,,,,,,,,,,,,,,41.40421878756535,40.52373205139222,39.958479808047564,,,,,,39.958479808047564,,40.62881021566838,"rgba(38, 166, 154, 1.0)",1.7634663862366051,42.059506983126234,1.3045842619566062,56.625450224149354,7.25940022877392,True,False,True,False,True,4.315156062668727,0.0,0.0,0.0,0.0,0,0.9401104300062249,0.8301892192434425,False,False,False,False,0.3428282456334957,0.2929759118391574,False,False,False,False,36135853,24053268.477588803,False,False,False,False,3463802.7040037103,False,False,False,False
2022-11-11 00:00:00+00:00,45.3471189575,45.5147263787,43.9690134943,44.4718357579,4572267,,,,,,,,,,,,,,,,,,,,,,41.886713662584924,40.78556848300638,40.14559456429949,,,,,,40.14559456429949,,40.93929223663027,"rgba(0, 255, 255, 0.75)",1.8665811022115906,42.17293838001485,1.7005318299452794,59.435322572634036,3.539874071015774,True,False,True,False,True,5.637932694917996,0.0,0.0,0.0,0.0,0,0.963822496078479,0.8106745786076496,False,False,False,False,0.34282824659607286,0.31790207921761515,False,False,False,False,40708120,24706399.909840222,False,False,False,False,3507271.892081996,False,False,False,False
2022-11-14 00:00:00+00:00,45.2726267703,45.8592527445,45.0025925917,45.0025925917,2690893,,,,,,,,,,,,,,,,,,,,,,42.14602247747523,40.94029251376149,40.25868369246501,,,,,,40.25868369246501,,41.11499956123391,"rgba(0, 255, 255, 0.75)",1.9630738742749843,42.24015334697229,1.5447576696254908,61.19499462807284,5.285181829241495,True,False,True,False,True,5.521886154959194,0.0,0.0,0.0,0.0,0,0.9734315831251378,0.8221303175531967,False,False,False,False,0.34282824712631765,0.3303651631719664,False,False,False,False,38017227,25228393.129062176,False,False,False,False,3475257.033568977,False,False,False,False
2022-11-15 00:00:00+00:00,44.7884275535,45.8126951275,44.4206223792,45.6264646595,2730690,,,,,,,,,,,,,,,,,,,,,,42.34655423355079,41.0747379460712,40.360595063905194,,,,,,40.360595063905194,,41.26062908117573,"rgba(38, 166, 154, 1.0)",2.036448905496146,42.297663037973656,1.2230920740530495,61.58945238117505,5.800954363154744,True,False,True,False,True,4.760564278192852,0.0,0.0,0.0,0.0,0,0.962516782137168,0.8250072247189278,False,False,False,False,0.3200892535948372,0.3252272083834018,False,False,False,False,35286537,25622830.143608756,False,False,False,False,3446058.3263701936,False,False,False,False
2022-11-16 00:00:00+00:00,44.4718357579,45.1608884895,44.3228513835,44.6208201323,2085443,,,,,,,,,,,,,,,,,,,,,,42.4636767352798,41.162824125369596,40.42979582867925,,,,,,40.42979582867925,,41.35209889644288,"rgba(38, 166, 154, 1.0)",2.0919301517266415,42.334803058312566,1.0215602551660572,61.32626556877189,5.800954363154744,True,False,True,False,True,4.260574547908487,0.0,0.0,0.0,0.0,0,0.9655117611376121,0.8335050537724269,False,False,False,False,0.29338129687599623,0.309304252629699,False,False,False,False,33201094,25920016.961506452,False,False,False,False,3392700.8625909705,False,False,False,False
2022-11-17 00:00:00+00:00,43.9690134943,44.0341941581,43.3451414265,43.4848142775,2135347,,,,,,,,,,,,,,,,,,,,,,42.52890523981229,41.227259478543324,40.48426055129425,,,,,,40.48426055129425,,41.41347508988329,"rgba(38, 166, 154, 0.5)",2.1335174299175295,42.36056380883862,0.7538957324213444,60.292771564759114,5.800954363154744,True,False,True,False,True,3.463444822253731,0.0,0.0,0.0,0.0,0,0.9419304398031155,0.8450397024948516,False,False,False,False,0.22040111425145473,0.2648526834405769,False,False,False,False,31065747,26121810.296349335,False,False,False,False,3343392.86797956,False,False,False,False
2022-11-18 00:00:00+00:00,44.4439011877,44.5835740387,43.6617332221,43.9597019709,2527249,,,,,,,,,,,,,,,,,,,,,,42.62294195663067,41.31218301724967,40.55490856288998,,,,,,40.55490856288998,,41.496677845590106,"rgba(38, 166, 154, 0.5)",2.187230724932847,42.39584282448938,0.9363705163173865,60.190435465163006,5.800954363154744,True,False,True,False,True,4.150135502298479,0.0,0.0,0.0,0.0,0,0.9331708169110503,0.8472475815118042,False,False,False,False,0.2501121150518604,0.25748239924621863,False,False,False,False,33592996,26414797.971002303,False,False,False,False,3311387.226098009,False,False,False,False
2022-11-21 00:00:00+00:00,44.0993748219,44.6021970855,43.2147800989,44.1738670091,1730949,,,,,,,,,,,,,,,,,,,,,,42.67216844265619,41.36273319627932,40.59849245400706,,,,,,40.59849245400706,,41.54446469764752,"rgba(38, 166, 154, 0.5)",2.2299289852346407,42.416585052940526,0.7546382777666818,59.4717990619022,5.800954363154744,True,False,True,False,True,3.591646034874479,0.0,0.0,0.0,0.0,0,0.9215752450368612,0.8572128599305519,False,False,False,False,0.23536537023178253,0.24642388473900056,False,False,False,False,31862047,26628415.57998261,False,False,False,False,3249409.2564471066,False,False,False,False
2022-11-22 00:00:00+00:00,45.7475144637,45.7754490339,44.3507859537,44.6021970855,2846185,,,,,,,,,,,,,,,,,,,,,,42.82040481686335,41.48177400244462,40.6948859526178,,,,,,40.6948859526178,,41.665688257308595,"rgba(38, 166, 154, 1.0)",2.311213911740099,42.46897027195316,1.4185377541615969,61.037161599288474,6.475207287598749,True,False,True,False,True,5.969312803072857,0.0,0.0,0.0,0.0,0,0.9508064805125439,0.8346098671571514,False,False,False,False,0.31624749839135324,0.2813356915651769,False,False,False,False,34708232,26945271.125865642,False,False,False,False,3233596.540508005,False,False,False,False
2022-11-23 00:00:00+00:00,46.3806980549,46.5529612378,45.2633152469,45.7009568467,2352820,,,,,,,,,,,,,,,,,,,,,,42.965456035465834,41.59379044899676,40.78456054634084,,,,,,40.78456054634084,,41.78126901026781,"rgba(0, 255, 255, 0.75)",2.4085830036709686,42.519577117420724,1.6030674183096318,62.77553357190711,8.334228108499346,True,False,True,False,True,6.858762825905615,0.0,0.0,0.0,0.0,0,0.9602442816050977,0.8214233627516018,False,False,False,False,0.3428282474532894,0.31208196950923317,False,False,False,False,37061052,27341968.41504738,False,False,False,False,3199056.284017495,False,False,False,False
2022-11-25 00:00:00+00:00,46.4365671953,46.9207664121,46.3155173911,46.4831248123,940420,,,,,,,,,,,,,,,,,,,,,,43.028504060014896,41.6418054054207,40.82283270199124,,,,,,40.82283270199124,,41.83104738914228,"rgba(0, 255, 255, 0.75)",2.4957009360274767,42.54156345393725,1.5606852909077353,63.997604979329154,9.661613750593354,True,False,True,False,True,6.937721909081787,0.0,0.0,0.0,0.0,0,1.000000000001186,0.8053338309497425,False,False,False,False,0.3428282478888673,0.32745510869905026,False,False,False,False,38001472,27759988.163476896,False,False,False,False,3110482.31209524,False,False,False,False
2022-11-28 00:00:00+00:00,45.0863963023,46.8090281313,45.0677732555,46.1292869231,2658551,,,,,,,,,,,,,,,,,,,,,,43.15263640739492,41.748610466389145,40.91171684716159,,,,,,40.91171684716159,,41.93765457364855,"rgba(38, 166, 154, 0.5)",2.548237290073399,42.58986508033653,0.9797090842711759,61.936163405642986,9.661613750593354,True,False,True,False,False,4.661415211314946,0.0,0.0,0.0,0.0,0,0.9866365233766192,0.8001000604129321,False,False,False,False,0.29907697022998164,0.3132660394645159,False,False,False,False,35342921,28057358.078634664,False,False,False,False,3092759.5155424858,False,False,False,False
2022-11-29 00:00:00+00:00,46.4551902421,46.6227976633,45.5519724723,45.6730222765,4600952,,,,,,,,,,,,,,,,,,,,,,43.383845131674605,41.94507293729691,41.07519578764374,,,,,,41.07519578764374,,42.13470461887175,"rgba(38, 166, 154, 1.0)",2.6260492106088344,42.68081142849947,1.4372841142323707,62.340767498270736,9.661613750593354,True,False,True,False,False,6.626397369979085,0.0,0.0,0.0,0.0,0,0.9835894589267257,0.7952537190812945,False,False,False,False,0.30856636247033375,0.31091620096742484,False,False,False,False,39943873,28523495.918688208,False,False,False,False,3151904.3188545452,False,False,False,False
2022-11-30 00:00:00+00:00,47.2746043013,47.8658888101,46.148348094,47.1713641489,3207453,,,,,,,,,,,,,,,,,,,,,,43.56976157779054,42.09849949997354,41.20198212061419,,,,,,41.20198212061419,,42.290081066126085,"rgba(0, 255, 255, 0.75)",2.7315526332653874,42.75365857914279,1.65508277860007,63.55504652732551,9.661613750593354,True,False,True,False,False,7.773610306819549,0.0,0.0,0.0,0.0,0,1.0011040736622059,0.7808237395749157,False,False,False,False,0.3428282481051559,0.3268722245362904,False,False,False,False,43151326,29097136.31403377,False,False,False,False,3154082.698507308,False,False,False,False
2022-12-01 00:00:00+00:00,48.9639886122,49.3112509428,48.0629836464,48.5322570661,4908873,,,,,,,,,,,,,,,,,,,,,,43.94062701058976,42.38976534570631,41.43855540193583,,,,,,41.43855540193583,,42.58964925274397,"rgba(0, 255, 0, 1.0)",2.889484070377313,42.89565627957497,2.1001438958729457,66.04831513744107,11.888212958620336,True,False,True,False,True,10.06568520019459,0.0,0.0,0.0,0.0,0,1.0147998622957342,0.7704314668310657,False,False,False,False,0.3428282488952639,0.3348502367157772,False,False,False,False,48060199,29840785.831130486,False,False,False,False,3222898.004448198,False,False,False,False
2022-12-02 00:00:00+00:00,48.5885698764,48.8325920547,47.4904700743,47.9222016205,2125894,,,,,,,,,,,,,,,,,,,,,,44.07112120380057,42.49935767346858,41.530142024546294,,,,,,41.530142024546294,,42.70020696727181,"rgba(0, 255, 255, 0.75)",3.024454302474437,42.949659279824964,1.8644390136632583,66.88110984523654,12.744033755477346,True,False,True,False,True,9.413065621154573,0.0,0.0,0.0,0.0,0,0.999498896955073,0.7731137763592834,False,False,False,False,0.31408243653655576,0.3244663366261665,False,False,False,False,45934305,30471904.229909685,False,False,False,False,3179878.2395678763,False,False,False,False
2022-12-05 00:00:00+00:00,47.2558333645,48.363318635,46.9742693127,48.3070058246,2470910,,,,,,,,,,,,,,,,,,,,,,44.18735560982973,42.605447386144725,41.6217699131597,,,,,,41.6217699131597,,42.80485763637805,"rgba(38, 166, 154, 1.0)",3.1111467983023773,43.002211062191556,1.3672200568065342,64.68705124350328,12.744033755477346,True,False,True,False,False,7.130555398863045,0.0,0.0,0.0,0.0,0,1.0152217646309212,0.7639508181962897,False,False,False,False,0.2875831120507933,0.3060247243384799,False,False,False,False,43463395,30981374.456187736,False,False,False,False,3152075.563506391,False,False,False,False
2022-12-06 00:00:00+00:00,47.6687939738,48.0436495815,47.2089060225,47.8940452153,3983822,,,,,,,,,,,,,,,,,,,,,,44.36477457047867,42.770977234541355,41.76637599834654,,,,,,41.76637599834654,,42.967375934455525,"rgba(38, 166, 154, 1.0)",3.2031470987465656,43.08529027623349,1.4309376236140054,63.745698779541236,12.744033755477346,True,False,True,False,False,7.705887208593179,0.0,0.0,0.0,0.0,0,1.03532454940283,0.751728775015802,False,False,False,False,0.28454990398611935,0.2952873141622996,False,False,False,False,47447217,31627093.771631356,False,False,False,False,3184693.070819866,False,False,False,False
2022-12-07 00:00:00+00:00,48.7011954972,49.0484578278,48.0160563044,48.1474528619,3760258,,,,,,,,,,,,,,,,,,,,,,44.56013888815415,42.946069101997544,41.91765833351151,,,,,,41.91765833351151,,43.141288774554404,"rgba(0, 255, 255, 0.75)",3.3203940294136447,43.1746695316778,1.6644187155396546,64.36074578513792,12.744033755477346,True,False,True,False,False,9.130325185249298,0.0,0.0,0.0,0.0,0,1.0326692114439895,0.7320856158816264,False,False,False,False,0.33304219535469143,0.3141647547584955,False,False,False,False,51207475,32394951.859018363,False,False,False,False,3207264.244513205,False,False,False,False
2022-12-08 00:00:00+00:00,48.5885698764,49.3769492216,48.4196314454,49.1329270433,2111608,,,,,,,,,,,,,,,,,,,,,,44.66735153535463,43.043281076720675,42.00224635934263,,,,,,42.00224635934263,,43.237626323805976,"rgba(0, 255, 255, 0.75)",3.427567710960398,43.22486596775978,1.5648717577448874,64.5172934573452,12.744033755477346,True,False,True,False,False,8.932555644720019,0.0,0.0,0.0,0.0,0,1.035658255951525,0.7568460590646319,False,False,False,False,0.3428282477276696,0.32849650124308255,False,False,False,False,49095867,33049889.707684312,False,False,False,False,3164297.3329636673,False,False,False,False
2022-12-09 00:00:00+00:00,47.7908050629,49.1986253221,47.7579559236,48.8044356495,2126169,,,,,,,,,,,,,,,,,,,,,,44.75638492752183,43.128966657259916,42.07866293194239,,,,,,42.07866293194239,,43.32133817224138,"rgba(38, 166, 154, 1.0)",3.5070189804716834,43.26950276305439,1.2892152352245059,62.8312356543407,12.744033755477346,True,False,True,False,False,7.530285181068045,0.0,0.0,0.0,0.0,0,1.0132817466725477,0.7688618721371732,False,False,False,False,0.31499060156687336,0.32174355140497796,False,False,False,False,46969698,33595764.54267709,False,False,False,False,3123586.4179454846,False,False,False,False
2022-12-12 00:00:00+00:00,48.1380673935,48.1662237987,47.0681239966,47.2182914909,2321285,,,,,,,,,,,,,,,,,,,,,,44.836558596128654,43.21126085666437,42.15394510601648,,,,,,42.15394510601648,,43.40058818626983,"rgba(38, 166, 154, 1.0)",3.591924218503214,43.31280030268203,1.3433655047512958,62.222840804519215,16.016002375866094,True,False,True,False,False,8.027284700919921,0.0,0.0,0.0,0.0,0,0.9881466922320489,0.7992750184189037,False,False,False,False,0.25931288763233556,0.29052821951865676,False,False,False,False,49290983,34211263.30570936,False,False,False,False,3092123.61724174,False,False,False,False
2022-12-13 00:00:00+00:00,49.6115859314,50.1465576299,48.4290169137,49.602200463,3497012,,,,,,,,,,,,,,,,,,,,,,45.011083850023866,43.371468694275706,42.294928695435914,,,,,,42.294928695435914,,43.55916041324516,"rgba(0, 255, 255, 0.75)",3.709110617446984,43.39768655773908,1.6753071058144953,63.782239606231286,16.016002375866094,True,False,True,False,False,10.097337674385187,0.0,0.0,0.0,0.0,0,0.9923251041907162,0.795454666683259,False,False,False,False,0.34282824795488176,0.3166782337367693,False,False,False,False,52787995,34939762.58783841,False,False,False,False,3108001.5930361818,False,False,False,False
2022-12-14 00:00:00+00:00,49.3863346899,50.0620884143,48.7481228391,49.3300218796,2359832,,,,,,,,,,,,,,,,,,,,,,45.12157420681664,43.47502302168758,42.38704515396033,,,,,,42.38704515396033,,43.661214127488186,"rgba(0, 255, 255, 0.75)",3.8123520788406644,43.453176742094186,1.556298533059436,64.2689990086279,16.016002375866094,True,False,True,False,True,9.689021876771626,0.0,0.0,0.0,0.0,0,0.9820804542079471,0.8111445963227496,False,False,False,False,0.3428282480203244,0.32975324087854685,False,False,False,False,50428163,35547150.83929573,False,False,False,False,3078661.608995547,False,False,False,False
2022-12-15 00:00:00+00:00,47.3684589852,48.2788494194,47.3309171116,48.1005255199,2543303,,,,,,,,,,,,,,,,,,,,,,45.18862933324934,43.551094237641024,42.45971164950561,,,,,,42.45971164950561,,43.73314507346532,"rgba(38, 166, 154, 1.0)",3.8538850719516304,43.49476950430235,1.0051388166943944,60.32382772652397,14.127548094687143,True,False,True,False,False,6.130532459946842,0.0,0.0,0.0,0.0,0,0.9850778386606627,0.8118525125233211,False,False,False,False,0.2435106794204628,0.2866319601495048,False,False,False,False,47884860,36030982.57108805,False,False,False,False,3057667.15374082,False,False,False,False
2022-12-16 00:00:00+00:00,47.9222016205,48.4947151925,47.030582123,47.1995205541,4443313,,,,,,,,,,,,,,,,,,,,,,45.30455314069225,43.682377904065014,42.58564902863697,,,,,,42.58564902863697,,43.857526691131405,"rgba(38, 166, 154, 1.0)",3.8954704839272933,43.56745532852243,1.1178999584120193,58.58080351374757,12.534693338662969,False,False,True,False,False,6.93142217133083,0.0,0.0,0.0,0.0,0,0.9733268192322809,0.8169627739322673,False,False,False,False,0.24095986722937648,0.26379591368944066,False,False,False,False,52328173,36670088.07810421,False,False,False,False,3112006.206535298,False,False,False,False
2022-12-19 00:00:00+00:00,47.2089060225,48.2600784827,46.9179565023,47.9034306837,2157129,,,,,,,,,,,,,,,,,,,,,47.46231366916667,45.349806038542035,43.738036149473146,42.64068757858026,,,,,,42.64068757858026,,44.797710858940526,"rgba(38, 166, 154, 0.5)",3.9052414567355527,43.85639559594653,0.8584643135884058,56.06982966836271,10.227421385779358,False,False,True,False,False,5.697909042897791,0.0,0.0,0.0,0.0,0,0.9923380780978909,0.8166270093690648,False,False,False,False,0.2305050581478094,0.24715048591862504,False,False,False,False,50171044,37199537.32994326,False,False,False,False,3074560.0415731296,False,False,False,False
2022-12-20 00:00:00+00:00,48.8325920547,49.2080107905,47.8377324049,47.8846597469,2843086,,,,,,,,,,,,,,,,,,,,,48.124040821006915,45.43793120247374,43.831093195661936,42.728416004266194,,,,,,42.728416004266194,,45.030370305852195,"rgba(38, 166, 154, 1.0)",3.9611263794524683,43.94924932962264,1.2328166933548756,56.93075122223193,10.227421385779358,False,False,True,False,False,8.03953841262097,0.0,0.0,0.0,0.0,0,1.00315835900035,0.7796842825198081,False,False,False,False,0.28738326540520065,0.2672668756619129,False,False,False,False,53014130,37819717.43465137,False,False,False,False,3065482.628178105,False,False,False,False
2022-12-21 00:00:00+00:00,49.0859997013,49.6819769444,48.9076758018,49.1892398537,2001834,,,,,,,,,,,,,,,,,,,,,48.43885908077393,45.50832487071809,43.902442139652706,42.79477870846902,,,,,,42.79477870846902,,45.161101199903435,"rgba(38, 166, 154, 1.0)",4.010608572460258,44.00773166001086,1.2662088432564074,57.8627276106287,10.227421385779358,False,False,True,False,False,8.397924520436153,0.0,0.0,0.0,0.0,1,1.0215082095560588,0.767089956806474,False,False,False,False,0.3357920720861,0.3015294738740064,False,False,False,False,55015964,38494080.04505719,False,False,False,False,3023770.91726916,False,False,False,False
2022-12-22 00:00:00+00:00,48.5885698764,49.0390723594,47.9878998992,48.4290169137,2316732,,,,,,,,,,,,,,,,,,,,,48.46363419294594,45.57213359313313,43.97234046230698,42.861884922172436,,,,,,42.861884922172436,,45.217498292639625,"rgba(38, 166, 154, 1.0)",4.059618662246153,44.046691866502925,1.1187942483701394,57.42664045264432,10.227421385779358,False,False,True,False,False,7.513332766438197,0.0,0.0,0.0,0.0,1,1.0125634626498228,0.7693225614577985,False,False,False,False,0.2868031129613734,0.2941662934176899,False,False,False,False,52699232,39051144.827603966,False,False,False,False,2996043.9009056636,False,False,False,False
2022-12-23 00:00:00+00:00,49.3863346899,49.6772842102,48.1474528619,48.8232065863,2074348,,,,,,,,,,,,,,,,,,,,,48.57410031408363,45.63687043530176,44.04024519911645,42.92615951282193,,,,,,42.92615951282193,,45.29434386533094,"rgba(38, 166, 154, 1.0)",4.125759994740247,44.09036063388996,1.2836359998549731,58.37658596227515,10.227421385779358,False,False,True,False,True,8.664792398299525,0.0,0.0,0.0,0.0,1,1.0374303562317966,0.7559502691086141,False,False,False,False,0.31163154867837917,0.3028989210480345,False,False,False,False,54773580,39667710.91279597,False,False,False,False,2959898.963615245,False,False,False,False
2022-12-27 00:00:00+00:00,50.2497977822,50.7659985439,49.3487928164,49.555273121,2087391,,,,,,,,,,,,,,,,,,,,,48.81371200583355,45.718856970397276,44.120678128154545,43.00034670021858,,,,,,43.00034670021858,,45.41339845115099,"rgba(38, 166, 154, 1.0)",4.2143942056071415,44.149209085599054,1.4475600522808878,60.23545701536794,6.115824037027345,True,False,True,False,True,9.891694621112428,0.0,0.0,0.0,0.0,1,1.0460509541103353,0.7393559170899107,False,False,False,False,0.34282824836129583,0.32286358470466514,False,False,False,False,56860971,40341956.40641181,False,False,False,False,2925682.9650420984,False,False,False,False
2022-12-28 00:00:00+00:00,48.8325920547,50.0902448195,48.7387373708,49.9213063884,1819279,,,,,,,,,,,,,,,,,,,,,48.862085574621105,45.773775421339856,44.17879650734994,43.05574403815274,,,,,,43.05574403815274,,45.46760038536591,"rgba(38, 166, 154, 1.0)",4.270814576495068,44.18393341601101,1.0884711933581555,58.42241875679294,6.115824037027345,False,False,True,False,True,7.341076474080591,0.0,0.0,0.0,0.0,1,1.0359883040855826,0.7644163155291865,False,False,False,False,0.30438082771772174,0.3136222062111934,False,False,False,False,55041692,40918416.625768214,False,False,False,False,2882294.5742561338,False,False,False,False
2022-12-29 00:00:00+00:00,48.9452176754,49.5177312475,48.8748266625,49.1423125117,1808069,,,,,,,,,,,,,,,,,,,,,48.88856068257455,45.82501841534821,44.23405029858631,43.10888401046074,,,,,,43.10888401046074,,45.51412835174245,"rgba(38, 166, 154, 1.0)",4.313898801838132,44.21588710010105,1.0963007693374278,57.39999163396211,6.115824037027345,False,False,True,False,False,7.505523754889406,0.0,0.0,0.0,0.0,1,1.037751855004155,0.7699862251990292,False,False,False,False,0.29153216965595413,0.3025771879335738,False,False,False,False,56849761,41543175.22867926,False,False,False,False,2840168.08114805,False,False,False,False
2022-12-30 00:00:00+00:00,48.7950501811,49.1845471195,48.3820895718,48.9639886122,1856691,,,,,,,,,,,,,,,,,,,,,48.87863998249277,45.8709796028582,44.28581745376732,43.15958609584285,,,,,,43.15958609584285,,45.54875578374028,"rgba(38, 166, 154, 1.0)",4.352159601737371,44.2438448095531,1.0457349426546925,56.38979161245017,6.115824037027345,False,True,True,False,False,7.233589747425139,0.0,0.0,0.0,0.0,1,1.0482444885826636,0.7684516774475257,False,False,False,False,0.265389530352405,0.2839833591429894,False,False,False,False,54993070,42070622.08245655,False,False,False,False,2801600.3524755775,False,False,False,False
2023-01-03 00:00:00+00:00,50.268568719,50.8129258859,49.5271167159,49.5740440578,2857955,,,,,,,,,,,,,,,,,,,,,49.052065970806815,45.97202538561733,44.38758893710817,43.255078018914695,,,,,,43.255078018914695,,45.66668957811176,"rgba(38, 166, 154, 1.0)",4.393217016880939,44.311046160725446,1.3560729040661479,58.168554157801886,6.115824037027345,False,False,True,False,False,9.398538431666012,0.0,0.0,0.0,0.0,1,1.0550944635551511,0.7584469996795672,False,False,False,False,0.34282824787114663,0.31340580350706804,False,False,False,False,57851025,42689461.4125563,False,False,False,False,2803810.3386530057,False,False,False,False
2023-01-04 00:00:00+00:00,52.0705786507,52.338346064,51.0569480641,51.2071155584,4250891,,,,,,,,,,,,,,,,,,,,,49.50365667664186,46.16818238453924,44.573035447004095,43.42442126940712,,,,,,43.42442126940712,,45.91732394439808,"rgba(0, 255, 255, 0.75)",4.478749087397831,44.442248416965484,1.703227862261559,61.62820558445113,7.34933702918741,True,False,True,False,True,11.913576336812866,0.0,0.0,0.0,0.0,1,1.053969310570488,0.750968568248521,False,False,False,False,0.3428282486494196,0.3281170260782438,False,False,False,False,62101916,43450734.14147566,False,False,False,False,2860558.5998822995,False,False,False,False
2023-01-05 00:00:00+00:00,51.1789591532,51.4323667999,50.4375071501,51.3009702424,3138775,,,,,,,,,,,,,,,,,,,,,49.66618398737112,46.285316282881375,44.6895641621431,43.53363579591218,,,,,,43.53363579591218,,46.04367505707694,"rgba(38, 166, 154, 1.0)",4.537254296284281,44.517890435095644,1.468083621312418,61.91418161099706,7.605742930869155,True,False,True,False,True,10.263177779587732,0.0,0.0,0.0,0.0,1,1.0350384951861793,0.7536514049339419,False,False,False,False,0.2994524996310399,0.31378476285464185,False,False,False,False,58963141,44059063.82220211,False,False,False,False,2871469.046945739,False,False,False,False
2023-01-06 00:00:00+00:00,51.8828692828,52.4084555129,51.1789591532,51.7608581937,2986107,,,,,,,,,,,,,,,,,,,,,49.86624933233671,46.40975307339078,44.81023148719754,43.64555839374987,,,,,,43.64555839374987,,46.182948071668726,"rgba(0, 255, 255, 0.75)",4.594600490195426,44.59845161486334,1.5854300463078617,62.996594370097675,8.697098670003705,True,False,True,False,True,11.238551326117385,0.0,0.0,0.0,0.0,0,1.0356542017214416,0.7478171605751628,False,False,False,False,0.3428282486922188,0.32830650577343035,False,False,False,False,61949248,44760639.67231183,False,False,False,False,2875964.652947867,False,False,False,False
2023-01-09 00:00:00+00:00,51.3478975843,52.6618631595,51.2352719636,52.1832042714,2508217,,,,,,,,,,,,,,,,,,,,,50.00226713558419,46.50864329090492,44.907425396406126,43.736417994144254,,,,,,43.736417994144254,,46.288688454259876,"rgba(38, 166, 154, 1.0)",4.631803613467108,44.66219357078858,1.4434342583248854,62.49610989308534,8.697098670003705,True,False,True,False,True,10.24254177434035,0.0,0.0,0.0,0.0,0,1.027865383250771,0.7646895704027634,False,False,False,False,0.3428282487598942,0.3355673772666623,False,False,False,False,59441031,45336341.29300549,False,False,False,False,2861543.1763616763,False,False,False,False
2023-01-10 00:00:00+00:00,51.8453274092,51.8734838144,51.0663335325,51.3760539895,2408970,,,,,,,,,,,,,,,,,,,,,50.10564617167282,46.597552226481625,44.99620875030625,43.82015113789423,,,,,,43.82015113789423,,46.379889571588734,"rgba(0, 255, 255, 0.75)",4.673215119127965,44.71951386322247,1.5248203569338858,62.860883671748354,8.790310258152914,True,False,True,False,True,10.944471457434894,0.0,0.0,0.0,0.0,0,1.0199266210409668,0.7782733200513089,False,False,False,False,0.3159909429107983,0.3257791600887303,False,False,False,False,61850001,45983935.791319,False,False,False,False,2843795.2086612186,False,False,False,False
2023-01-11 00:00:00+00:00,51.1883446216,52.0424222455,50.7472276071,51.864098346,3262090,,,,,,,,,,,,,,,,,,,,,50.204238003792646,46.706886785542906,45.10799168086272,43.926907420238024,,,,,,43.926907420238024,,46.48650597260907,"rgba(38, 166, 154, 1.0)",4.65501605800934,44.790380530205454,1.3744236349918326,61.55107349448067,8.790310258152914,True,False,True,False,True,9.707044879063709,0.0,0.0,0.0,0.0,0,1.0164714830708486,0.7696771098383941,False,False,False,False,0.31182173921117284,0.3188004496499516,False,False,False,False,58587911,46478209.32891433,False,False,False,False,2860198.9259686223,False,False,False,False
2023-01-12 00:00:00+00:00,51.7984000672,52.173818803,50.7847694807,51.9954949035,2846227,,,,,,,,,,,,,,,,,,,,,50.295202919545915,46.80336935165532,45.20628815317384,44.020786571386346,,,,,,44.020786571386346,,46.581411748940354,"rgba(0, 255, 255, 0.75)",4.603761339503913,44.85332625028604,1.5085651285438573,61.63099867006656,8.790310258152914,True,False,True,False,True,10.585808951316416,0.0,0.0,0.0,0.0,0,1.0203291237555414,0.768423433796687,False,False,False,False,0.31651283914768485,0.31765664439881824,False,False,False,False,61434138,47064716.33562357,False,False,False,False,2859651.007303186,False,False,False,False
2023-01-13 00:00:00+00:00,52.5116956652,52.6853268305,51.6763889781,51.7984000672,2917595,,,,,,,,,,,,,,,,,,,,,50.421409092768535,46.912406192782974,45.31480610588321,44.123414931172505,,,,,,44.123414931172505,,46.693009080651805,"rgba(0, 255, 255, 0.75)",4.5593192105753415,44.9245239713377,1.6641018852691551,62.73106708005224,9.077175964070882,True,False,True,False,True,11.603798605165565,0.0,0.0,0.0,0.0,0,1.0311396373087547,0.7822880861660048,False,False,False,False,0.3428282488584585,0.33024244662863833,False,False,False,False,64351733,47742638.55775598,False,False,False,False,2861923.320742277,False,False,False,False
2023-01-17 00:00:00+00:00,51.2258864952,52.1832042714,50.9443224434,52.0893495875,2631534,,,,,,,,,,,,,,,,,,,,,50.47696791387647,46.992312663218534,45.39842511691271,44.20452273392668,,,,,,44.20452273392668,,46.768057106983605,"rgba(38, 166, 154, 1.0)",4.548183393810483,44.97760921484038,1.3737962477200807,60.431433364656804,9.077175964070882,True,False,True,False,False,9.157357327552283,0.0,0.0,0.0,0.0,0,1.0539509102861089,0.783066666183395,False,False,False,False,0.30890740778744125,0.3195749272080398,False,False,False,False,61720199,48290778.18294202,False,False,False,False,2852888.4454190508,False,False,False,False
2023-01-18 00:00:00+00:00,51.0287916589,52.0424222455,50.8786241646,51.7420872569,2450185,,,,,,,,,,,,,,,,,,,,,50.5171311377765,47.06205425191698,45.47257308358827,44.27707113943484,,,,,,44.27707113943484,,46.832207403179154,"rgba(38, 166, 154, 1.0)",4.53997532915413,45.024522476622074,1.3225334383913083,58.468754036722395,12.177614854948324,False,False,True,False,False,8.787147526919359,0.0,0.0,0.0,0.0,0,1.0672843127679237,0.7369583237197924,False,False,False,False,0.30203390051747475,0.31080441386275726,False,False,False,False,59270014,48721336.45027763,False,False,False,False,2837096.1534418333,False,False,False,False
2023-01-19 00:00:00+00:00,52.0987350559,52.5023101968,51.0287916589,51.1414172797,2782171,,,,,,,,,,,,,,,,,,,,,50.58716705566241,47.148637938576904,45.562401662425145,44.36408761432399,,,,,,44.36408761432399,,46.91557356774712,"rgba(0, 255, 255, 0.75)",4.5596159029578045,45.08269557251945,1.5387347602742758,58.99584441543711,12.177614854948324,False,False,True,False,False,10.362224225955757,0.0,0.0,0.0,0.0,0,1.0729642856686499,0.740938394540761,False,False,False,False,0.31751987080902117,0.31416214233588924,False,False,False,False,62052185,49244114.824776545,False,False,False,False,2834942.225855879,False,False,False,False
2023-01-20 00:00:00+00:00,52.7838742486,52.8279859501,51.4417522683,51.7796291305,2096534,,,,,,,,,,,,,,,,,,,,,50.65308941641015,47.21819951151253,45.633409350124666,44.43241440411453,,,,,,44.43241440411453,,46.98427817054046,"rgba(0, 255, 255, 0.75)",4.613502043563253,45.12938223288141,1.6591500217059874,60.3942054970234,12.177614854948324,False,False,True,False,True,11.351549664435222,0.0,0.0,0.0,0.0,0,1.0611352118057356,0.7411428204487995,False,False,False,False,0.3396013346871103,0.32688173851149976,False,False,False,False,64148719,49828609.106157854,False,False,False,False,2805985.040528198,False,False,False,False
2023-01-23 00:00:00+00:00,52.9246562745,52.9715836165,52.0424222455,52.2301316134,2533920,,,,,,,,,,,,,,,,,,,,,50.739221801100214,47.30452164870025,45.72095600655946,44.51647049467806,,,,,,44.51647049467806,,47.0702924877595,"rgba(0, 255, 255, 0.75)",4.67845094796671,45.18739869780327,1.653807566382502,61.54067745606592,12.177614854948324,True,False,True,False,True,11.55515606633498,0.0,0.0,0.0,0.0,0,1.0658693162619917,0.7652240428984002,False,False,False,False,0.34282824745741386,0.3348549929844568,False,False,False,False,66682639,50489551.45493598,False,False,False,False,2795315.8232525825,False,False,False,False
2023-01-24 00:00:00+00:00,53.7975048352,53.8444321772,52.3052153605,52.5492375388,2611943,,,,,,,,,,,,,,,,,,,,,50.8490979721445,47.401472308071845,45.8174453606326,44.60832148019002,,,,,,44.60832148019002,,47.169084280259746,"rgba(0, 255, 255, 0.75)",4.747036058772854,45.25225068121521,1.8001241297066972,63.58778559657486,9.837295021948606,True,False,True,False,True,12.81368734834166,0.0,0.0,0.0,0.0,0,1.0541623476044977,0.7416838637020197,False,False,False,False,0.3428282465235953,0.33884161975402605,False,False,False,False,69294582,51227003.63317379,False,False,False,False,2788124.7321446384,False,False,False,False
2023-01-25 00:00:00+00:00,54.3512474704,54.5061076989,53.2249912631,53.4408570362,2072163,,,,,,,,,,,,,,,,,,,,,50.953110575854986,47.48518249862207,45.89936978504587,44.685683444448316,,,,,,44.685683444448316,,47.25583657599282,"rgba(0, 255, 255, 0.75)",4.829239401265078,45.852911031539364,1.7597670632427935,65.69717045522609,11.830601670795907,True,False,True,False,True,13.602119001380885,0.0,0.0,0.0,0.0,0,1.065266924572837,0.7738604858508782,False,False,False,False,0.34282824713683435,0.3408349334454302,False,False,False,False,71366745,52016797.41226502,False,False,False,False,2760047.8014722997,False,True,False,False
2023-01-26 00:00:00+00:00,53.5910245305,54.2855491917,53.196834858,54.2480073181,1770487,,,,,,,,,,,,,,,,,,,,,51.02758614362149,47.55145646809906,45.96523980066376,44.74843928621832,,,,,,44.74843928621832,,47.32318042465066,"rgba(0, 255, 255, 0.75)",4.854369939675831,45.884978429901736,1.587445167212136,64.90057406946399,11.830601670795907,True,False,True,False,True,12.055888173409052,0.0,0.0,0.0,0.0,0,1.0473912883609025,0.7888048561907285,False,False,False,False,0.3338035265572674,0.3373192300013488,False,False,False,False,69596258,52706188.023548745,False,False,False,False,2721241.4955322095,False,False,False,False
2023-01-27 00:00:00+00:00,53.3751587575,53.6473373409,52.8589579958,53.3188459471,2025942,,,,,,,,,,,,,,,,,,,,,51.095993620753745,47.62078058856589,46.03545398490552,44.81604210532051,,,,,,44.81604210532051,,47.39206757488642,"rgba(0, 255, 255, 0.75)",4.858208778442219,45.91673408061,1.5352211107077087,63.76435994157704,11.830601670795907,True,False,True,False,False,11.617907799571409,0.0,0.0,0.0,0.0,1,1.0270623188429078,0.8031920886420553,False,False,False,False,0.2988720828108894,0.3180956564061191,False,False,False,False,67570316,53289095.003017426,False,False,False,False,2693974.8486485933,False,False,False,False
2023-01-30 00:00:00+00:00,52.5398520704,53.6285664041,52.48353926,53.1780639212,2458795,,,,,,,,,,,,,,,,,,,,,51.159181586449,47.69678213980029,46.11417254396808,44.892767967852315,,,,,,44.892767967852315,,47.46572605951742,"rgba(38, 166, 154, 1.0)",4.827670603852083,45.95150071510163,1.3647060654969727,60.77709226599103,14.846470479452236,False,False,True,False,False,9.930742954614818,0.0,0.0,0.0,0.0,1,1.030242261169337,0.802052650356448,False,False,False,False,0.28496782462233416,0.3015317405142266,False,False,False,False,65111521,53752719.55191871,False,False,False,False,2684752.1094859038,False,False,False,False
2023-01-31 00:00:00+00:00,53.0091254901,53.0185109585,52.1550478662,52.3239862973,3436283,,,,,,,,,,,,,,,,,,,,,51.23299747314408,47.796299044210514,46.218728642299546,44.99553150482363,,,,,,44.99553150482363,,47.56088916611944,"rgba(38, 166, 154, 1.0)",4.807174235454595,46.00403549166468,1.4572157478233931,59.734602116457694,13.88166987405269,False,False,True,False,False,10.649293084544283,0.0,0.0,0.0,0.0,1,1.0267914370882982,0.8015052903735506,False,False,False,False,0.2522791876003446,0.2769054640572856,False,False,False,False,68547804,54332918.94203954,False,False,False,False,2714223.9091139077,False,False,False,False
2023-02-01 00:00:00+00:00,53.6848792145,54.0509124818,52.1653718815,52.9340417429,3264065,,,,,,,,,,,,,,,,,,,,,51.32146762070041,47.89781449358782,46.323503411305275,45.09772801557583,,,,,,45.09772801557583,,47.66012838529233,"rgba(0, 255, 255, 0.75)",4.789409032565069,46.071504145646514,1.589627241500395,60.32037334536896,13.88166987405269,False,False,True,False,False,11.676790083781704,0.0,0.0,0.0,0.0,1,1.038996863384948,0.7783508102610248,False,False,False,False,0.28746023146538785,0.28218284776133673,False,False,False,False,71811869,55018367.96392035,False,False,False,False,2735786.3048349307,False,False,False,False
2023-02-02 00:00:00+00:00,51.5825342942,53.6851607785,51.4980650786,53.5722535937,3050860,,,,,,,,,,,,,,,,,,,,,51.357380688400866,47.97165905634795,46.40441362944283,45.17911662737627,,,,,,45.17911662737627,,47.728142500391975,"rgba(38, 166, 154, 1.0)",4.689089647361738,46.11179316732968,1.16669578495868,55.8545818675474,10.237884279679683,False,True,True,False,False,7.495164179504961,0.0,0.0,0.0,0.0,1,1.0240454402443442,0.7956512871517591,False,False,False,False,0.2506798165712855,0.2664313321663111,False,False,False,False,68761009,55557295.06337445,False,False,False,False,2748142.136017875,False,False,False,False
2023-02-03 00:00:00+00:00,49.2173962589,50.4656635553,48.8982903335,50.2028704402,4036054,,,,,,,,,,,,,,,,,,,,,51.2687669831916,48.00576664883578,46.45976380097971,45.243554400526904,,,,,,45.243554400526904,,47.7444629583835,"rgba(38, 166, 154, 0.5)",4.588131634900298,46.10333536997071,0.6787209122863286,49.331251306325214,4.309090670268219,False,True,False,False,False,3.1661639976900204,0.0,0.0,0.0,0.0,0,1.0064884118787396,0.8295453759236631,False,False,False,False,0.016320194255501796,0.14137576321090645,False,False,False,False,64724955,55916811.13932055,False,False,False,False,2798648.483625017,False,False,False,False
2023-02-06 00:00:00+00:00,49.2173962589,49.4426475003,48.4290169137,49.0109159542,3246359,,,,,,,,,,,,,,,,,,,,,51.18483939388775,48.02351285628085,46.49588814521134,45.2881549300899,,,,,,45.2881549300899,,47.74809883136746,"rgba(38, 166, 154, 0.5)",4.490204978172524,46.096828025659086,0.6949723338712618,44.98236426551043,0.5972104503914721,False,True,False,True,False,3.1661639976900204,0.0,0.0,0.0,0.0,0,0.9871371919877912,0.863023080501936,False,False,False,False,-0.0790425831132726,0.031166590048816924,False,False,False,False,64724955,56262228.54562171,False,False,False,False,2816205.758776977,False,False,False,False
2023-02-07 00:00:00+00:00,49.5458876526,50.1184012247,48.9546031438,49.3487928164,2162484,,,,,,,,,,,,,,,,,,,,,51.14476176807236,48.040816736733056,46.52412371387677,45.32125627870632,,,,,,45.32125627870632,,47.75773962434713,"rgba(38, 166, 154, 0.5)",4.351078910655295,46.10176058964884,0.791557021527899,42.86262600036127,-1.0594850610349766,False,True,False,True,False,3.70719254615776,0.0,0.0,0.0,0.0,0,0.9815556078673359,0.864237190317611,False,False,False,False,-0.030438009920634532,0.00036429006409119565,False,False,False,False,66887439,56678903.465401255,False,False,False,False,2790569.6113739586,False,False,False,False
2023-02-08 00:00:00+00:00,49.4520329687,49.8180662361,49.1610834485,49.7335970205,1538942,,,,,,,,,,,,,,,,,,,,,51.1163430780882,48.05238837761977,46.54349036408521,45.34415602862304,,,,,,45.34415602862304,,47.764094462104055,"rgba(38, 166, 154, 0.5)",4.21758912521588,46.1058012795747,0.7933991647311128,41.302650971759256,-2.3367349510183786,False,True,False,True,False,3.5347442780426874,0.0,0.0,0.0,0.0,0,0.9694297633060868,0.8739285296719714,False,False,False,False,-0.034349201356367785,-0.016992455646138296,False,False,False,False,65348497,57018887.5255816,False,False,False,False,2741486.1756338035,False,False,False,False
2023-02-09 00:00:00+00:00,48.3727041034,50.3248815294,48.2037656723,50.0714738827,2361520,,,,,,,,,,,,,,,,,,,,,51.061575073122015,48.063559375128406,46.56763866225186,45.374533517898364,,,,,,45.374533517898364,,47.76682665710016,"rgba(38, 166, 154, 0.5)",4.125331158339643,46.10747474288344,0.549102429252798,38.658093803621725,-4.741259177693252,False,True,False,True,False,1.5661642658906771,0.0,0.0,0.0,0.0,0,0.973741734824627,0.8657816072662194,False,False,False,False,-0.06050118850973632,-0.03874682207793731,False,False,False,False,62986977,57252930.2500686,False,False,False,False,2726585.541295223,False,False,False,False
2023-02-10 00:00:00+00:00,48.0817545832,48.719966434,47.7110285816,48.719966434,1920668,,,,,,,,,,,,,,,,,,,,,51.002881123925974,48.064615217170186,46.58052664873596,45.393474127086066,,,,,,45.393474127086066,,47.76037427922955,#000000,4.009053328975548,46.10287174560844,0.49360352063394375,36.49423188253048,-6.741461035419086,False,True,False,True,False,1.0418619723009321,0.0,0.0,0.0,0.0,0,0.9661868270086732,0.8918674659193054,False,False,False,False,-0.2170613103853593,-0.1279040662316483,False,False,False,False,61066309,57402474.5147718,False,False,False,False,2694980.931832665,False,False,False,False
2023-02-13 00:00:00+00:00,48.1192964567,48.3539331666,47.434157264,47.7720341262,1252868,,,,,,,,,,,,,,,,,,,,,50.963224547797395,48.06400654343071,46.587769938495846,45.40480395650199,,,,,,45.40480395650199,,47.75495124655649,"rgba(38, 166, 154, 0.5)",3.9039113022885426,46.0994234031652,0.5173972708731155,35.16671878772806,-8.032592636152273,False,True,False,True,False,1.1084830525102696,0.0,0.0,0.0,0.0,0,0.9530872290751446,0.9140273965140063,False,False,False,False,-0.3072411961979196,-0.21757263121478396,False,False,False,False,62319177,57595286.376937605,False,False,False,False,2638427.483525502,False,False,False,False
2023-02-14 00:00:00+00:00,47.9034306837,48.5697989397,47.3027607064,47.7626486578,1907682,,,,,,,,,,,,,,,,,,,,,50.90393894299466,48.06267347618283,46.59830983142303,45.42157377777979,,,,,,45.42157377777979,,47.74662400709508,#000000,3.835118180054152,46.09482395330666,0.4715908729487459,33.943779041941426,-9.317263826023044,False,True,False,True,False,0.7083437448001995,0.0,0.0,0.0,0.0,0,0.9340478722674579,0.9369483846916378,False,False,False,False,-0.3023745150050359,-0.25997357310990993,False,False,False,False,60411495,57705725.93078319,False,False,False,False,2609770.797897051,False,False,False,False
2023-02-15 00:00:00+00:00,46.1295771572,46.9367274391,45.6133763955,46.8991855655,3727701,,,,,,,,,,,,,,,,,,,,,50.73212405218,48.02882010888016,46.59267251846263,45.431904986197154,,,,,,45.431904986197154,,47.69638041642999,#000000,3.7727570367750567,46.06145155399772,0.018057246342191333,30.819849790557818,-12.410927951850766,False,True,False,True,False,0.0,0.0,0.0,0.0,0.0,0,0.9170886162326162,0.9423373503849579,False,False,False,False,-0.34282825441539394,-0.30140091376265193,False,False,False,False,56683794,57665650.1687917,False,False,False,False,2653611.1979795196,False,False,False,False
2023-02-16 00:00:00+00:00,46.2703591831,46.5042450555,44.6748295561,45.5664490535,3164260,,,,,,,,,,,,,,,,,,,,,50.583484258308026,47.99472897430878,46.58280816103264,45.436049433586476,,,,,,45.436049433586476,,47.64926770680898,#000000,3.7125022445887303,46.03199095196851,0.06420689212482748,29.210785735406198,-14.052919839036818,False,True,False,True,False,0.0,0.0,0.0,0.0,0.0,0,0.9144900285966564,0.9452491285738408,False,False,False,False,-0.34282825441539394,-0.32211458408902294,False,False,False,False,59848054,57751234.63276065,False,False,False,False,2673636.641196009,False,False,False,False
2023-02-17 00:00:00+00:00,43.3890203861,44.0178467685,41.8028762275,43.9146066162,10374419,,,,,,,,,,,,,,,,,,,,,49.90578084597734,47.757883280318595,46.442292085243,45.35530008694741,,,,,,45.35530008694741,,47.36531407462159,"rgba(239, 83, 80, 0.5)",3.658369754234251,45.849189027064654,-0.6724767604797787,25.558141459991,-17.611162931123467,False,True,False,True,False,0.0,0.0,0.0,0.0,0.0,0,0.8630620337384,0.9468068056685971,False,False,False,False,-0.34282825441539394,-0.33247141925220847,False,False,False,False,49473635,57426622.88245631,False,False,False,False,2975628.1062471457,False,False,False,False
2023-02-21 00:00:00+00:00,43.6424280327,44.219634339,43.0886853975,43.220081955,5017298,,,,,,,,,,,,,,,,,,,,,49.64431154189459,47.664517418865906,46.38930524448423,45.32761578438614,,,,,,45.32761578438614,,47.25643749740772,"rgba(239, 83, 80, 0.5)",3.6389719430015517,45.7861639008336,-0.5891048080918613,23.886028253154933,-19.26811853810296,False,True,False,True,False,0.0,0.0,0.0,0.0,0.0,0,0.874004290208644,0.962519032291051,False,False,False,False,-0.29332204512046095,-0.31289673218633474,False,False,False,False,54490933,57311497.789026655,False,False,False,False,3055693.592276669,False,False,False,False
2023-02-22 00:00:00+00:00,42.6100265094,43.4547186649,42.243993242,43.4547186649,3719960,,,,,,,,,,,,,,,,,,,,,49.437665977230694,47.58339255839226,46.33908003250718,45.2971877153474,,,,,,45.2971877153474,,47.164331570869386,"rgba(239, 83, 80, 0.5)",3.551451180229011,45.73198920079285,-0.8790667625597309,22.007866311367437,-21.16940346286172,False,True,False,True,False,0.0,0.0,0.0,0.0,0.0,0,0.8550450011470052,0.9751855604465506,False,False,False,False,-0.34282825441539394,-0.32786249330086437,False,False,False,False,50770973,57055006.62082953,False,False,False,False,3081743.2553246426,False,False,False,False
2023-02-23 00:00:00+00:00,42.600641041,43.2763947654,42.4598590151,42.5349427622,3157133,,,,,,,,,,,,,,,,,,,,,49.27202256210495,47.5167522587644,46.297643791840066,45.272019404920854,,,,,,45.272019404920854,,47.08960950440757,"rgba(239, 83, 80, 0.5)",3.4190962604609294,45.68892544842958,-0.9032458205822037,20.748982863080652,-22.52895786823717,False,True,False,True,False,0.0,0.0,0.0,0.0,0.0,0,0.8659486053977689,0.9749710053736266,False,False,False,False,-0.34156674273758797,-0.3347146180192262,False,False,False,False,47613840,56684764.7925617,False,False,False,False,3084699.7159001473,False,False,False,False
2023-02-24 00:00:00+00:00,42.6287974462,42.6522611172,41.7559488855,42.0093565322,3035777,,,,,,,,,,,,,,,,,,,,42.34566914963334,49.11021446205901,47.448691042403254,46.25390427504656,45.24416400252609,,,,,,45.24416400252609,,46.08052858633365,"rgba(239, 83, 80, 0.5)",3.3592965102882046,45.45112710724953,-0.8401549706630095,20.009531531118146,-23.463422511311105,False,True,False,True,False,0.0,0.0,0.0,0.0,0.0,0,0.865377243604321,0.9692290842528131,True,False,False,False,-0.34282825441539394,-0.3387714362173101,False,False,False,False,50649617,56448092.33010831,False,False,False,False,3082781.1780217104,False,False,False,False
2023-02-27 00:00:00+00:00,43.1168418027,43.4641041332,42.7883504089,42.7883504089,2704485,,,,,,,,,,,,,,,,,,,,42.71194977902088,48.98815195777952,47.398558957689254,46.22333610206162,45.22632853253784,,,,,,45.22632853253784,,46.10966506581782,"rgba(239, 83, 80, 0.5)",3.2768890655047227,45.44424361759715,-0.7102473621696048,21.28880008953508,-23.463422511311105,False,True,False,True,False,0.0,0.0,0.0,0.0,0.0,0,0.860363333679192,0.9834980873711897,False,False,False,False,-0.2853082839965315,-0.3120398601069208,False,False,False,False,53354102,56326759.37598642,False,False,False,False,3067946.033785565,False,False,False,False
2023-02-28 00:00:00+00:00,43.576729754,43.9364768169,42.8383015722,43.3211199987,2855214,,,,,,,,,,,,,,,,,,,,42.95727961075333,48.87147215856072,47.35083614760896,46.195045803156624,45.2107025762481,,,,,,45.2107025762481,,46.11706725926555,"rgba(239, 83, 80, 0.5)",3.2525687176968803,45.43282236022058,-0.5706543865228044,23.749960294416518,-23.463422511311105,False,True,False,True,True,0.0,0.0,0.0,0.0,0.0,0,0.8561237582669029,0.9755596532967915,False,False,False,False,-0.2693607871318182,-0.2907003236193695,False,False,False,False,56209316,56322153.75339872,False,False,False,False,3059603.601088092,False,False,False,False
2023-03-01 00:00:00+00:00,44.4003611875,44.8453115022,43.908075733,44.3246249637,3210301,,,,,,,,,,,,,,,,,,,,43.34540085682067,48.767634727766996,47.311062512617525,46.17451259328966,45.202609367658724,,,,,,45.202609367658724,,46.16024401163072,#000000,3.1751970071245075,45.436948080536126,-0.3264638038868862,28.029100382084337,-28.27511885859758,False,True,False,True,True,0.0,0.0,0.0,0.0,0.0,0,0.8878021283417574,0.9478379244777926,False,False,False,False,-0.21007524429669996,-0.25038778395803474,False,False,False,False,59419617,56443622.900324255,False,False,False,False,3065513.303006206,False,False,False,False
2023-03-02 00:00:00+00:00,44.6086358029,44.6181028309,43.8607405931,43.9459438449,2235187,,,,,,,,,,,,,,,,,,,,43.507312197473006,48.69778020190478,47.28378964520633,46.16031606241673,45.19691778582654,,,,,,45.19691778582654,,46.169223178565474,#000000,3.1710167689721462,45.43386702118055,-0.2602418335832539,31.514776306381478,-24.976739801355855,False,True,False,True,True,0.0,0.0,0.0,0.0,0.0,0,0.890315899904604,0.9537164728493619,False,False,False,False,-0.21820617130237774,-0.23429697763020624,False,False,False,False,61654804,56647982.9434488,False,False,False,False,3032951.4872020413,False,False,False,False
2023-03-03 00:00:00+00:00,45.1766574812,45.2192591071,44.6607044567,44.9967839497,2321234,,,,,,,,,,,,,,,,,,,,43.721750863366225,48.63817765867583,47.262240758205664,46.15110395100819,45.195673897395984,,,,,,45.195673897395984,,46.19378942573037,#000000,3.1733204231826893,45.43832225057048,-0.08245772077061132,35.52863751362417,-21.247114404956946,False,True,False,True,True,0.0,0.0,0.0,0.0,0.0,0,0.9017288577939133,0.9414810945046678,False,False,False,False,-0.17698325759029854,-0.2056401176102524,False,False,False,False,63976038,56935357.65154885,False,False,False,False,3005040.9975078437,False,False,False,False
2023-03-06 00:00:00+00:00,44.7979763623,45.1671904532,44.5897964172,44.7033060826,2092167,,,,,,,,,,,,,,,,,,,,43.849847761597786,48.58368120815603,47.241744974341145,46.14171981397535,45.19352117446681,,,,,,45.19352117446681,,46.20210298650743,#000000,3.1801745275173783,45.43776638376129,-0.20118078926968527,37.37698670307533,-19.56196496330764,False,True,False,True,True,0.0,0.0,0.0,0.0,0.0,0,0.8941103430467855,0.9644321516951936,False,False,False,False,-0.18057572195015917,-0.19310791978020578,False,False,False,False,61883871,57129416.998546936,False,False,False,False,2969242.0172134186,False,False,False,False
2023-03-07 00:00:00+00:00,43.0560432155,44.4192952435,42.9708399638,44.2772898239,2719733,,,,,,,,,,,,,,,,,,,,43.80260674372454,48.489986406552326,47.200644252392635,46.116983615272076,45.17971149206985,,,,,,45.17971149206985,,46.15798650200229,"rgba(239, 83, 80, 0.5)",3.2130789632481376,45.41421503947157,-0.7339289979937722,35.54439779130648,-19.56196496330764,False,True,False,True,True,0.0,0.0,0.0,0.0,0.0,0,0.8566039397024701,0.9784610635591385,False,False,False,False,-0.2507423387627506,-0.22192512927147817,False,False,False,False,59164138,57209209.978996076,False,False,False,False,2959457.349871716,False,False,False,False
2023-03-08 00:00:00+00:00,42.3838842295,43.5293946141,42.1188074463,43.216982691,2837082,,,,,,,,,,,,,,,,,,,,43.66965153977959,48.38072078394096,47.149643954019304,46.08393373220993,45.1588247899192,,,,,,45.1588247899192,,46.08855495997379,"rgba(239, 83, 80, 0.5)",3.2563600653342766,45.3790581515781,-0.9197919953519137,33.40060577970877,-19.56196496330764,False,True,False,True,False,0.0,0.0,0.0,0.0,0.0,0,0.8589407649645789,0.9828664756829034,False,False,False,False,-0.30393576434968234,-0.26293044681058025,False,False,False,False,56327056,57174615.70530996,True,False,False,False,2954658.3165434133,False,False,False,False
2023-03-09 00:00:00+00:00,42.563757761,43.235916747,42.3280287645,42.885636712,2331945,,,,,,,,,,,,,,,,,,,,43.58463353638523,48.29442380168134,47.10887006243971,46.05748990727023,45.142133403335265,,,,,,45.142133403335265,,46.03751014222236,"rgba(239, 83, 80, 0.5)",3.2859672550614896,45.352481972895234,-0.8486768112493108,32.55992278963061,-19.56196496330764,False,True,False,True,False,0.0,0.0,0.0,0.0,0.0,0,0.858377914833739,0.9964862826780687,False,False,False,False,-0.3065492298130374,-0.2847398383118088,False,False,False,False,58659001,57232826.89333702,False,False,False,False,2930238.1864828872,False,False,False,False
2023-03-10 00:00:00+00:00,42.9992410477,44.4950314672,42.7814994043,43.3968562225,3283581,,,,,,,,,,,,,,,,,,,,43.56696958276746,48.19228843882101,47.06184999691168,46.02876376669054,45.12581715516608,,,,,,45.12581715516608,,45.995137788071354,"rgba(239, 83, 80, 0.5)",3.3133363439315566,45.32848260529402,-0.7029897709781473,33.43266782885328,-19.56196496330764,False,True,False,True,False,0.0,0.0,0.0,0.0,0.0,0,0.8452751061699713,0.9908164346573616,False,False,False,False,-0.2541664409437881,-0.2694531396277985,False,False,False,False,61942582,57417523.17202969,False,False,False,False,2944094.767405127,False,False,False,False
2023-03-13 00:00:00+00:00,45.1955915371,45.7636132155,44.5991687749,44.921047726,5235003,,,,,,,,,,,,,,,,,,,,43.8101097253567,48.09500983845206,47.02443908509428,46.01435347950083,45.1267172536666,,,,,,45.1267172536666,,46.0141258764141,#000000,3.296762926270584,45.33259658815454,-0.041557447143923655,39.55801608355225,-17.38710066604508,False,True,False,True,True,0.0,0.0,0.0,0.0,0.0,0,0.8622982411146689,0.9452070287513334,False,False,False,False,-0.1629216124592792,-0.21618737604353883,False,False,False,False,67177585,57800270.6946952,False,False,False,False,3033934.3059382597,False,False,False,False
2023-03-14 00:00:00+00:00,45.3091958728,45.6310748238,44.7601082504,45.3281299288,2815152,,,,,,,,,,,,,,,,,,,,43.916460049611274,48.04606594518576,47.005433933302776,46.0072375411179,45.12756715761024,,,,,,45.12756715761024,,46.02055292536559,#000000,3.301827754655318,45.334065501836015,-0.007532079467487185,43.87269486689874,-13.371258763000036,False,False,False,True,True,0.0,0.0,0.0,0.0,0.0,0,0.8636301828385787,0.9396368806953224,False,False,False,False,-0.16209649503242485,-0.18914193553798184,False,False,False,False,69992737,58278406.62823656,False,False,False,False,3025354.607666171,False,False,False,False
2023-03-15 00:00:00+00:00,45.6026737399,46.2937667819,44.8831796141,46.0570910826,5517497,,,,,,,,,,,,,,,,,,,,44.130641834169936,47.96650680905316,46.9766608912981,45.99997271716983,45.134721966654965,,,,,,45.134721966654965,,46.0417008436692,#000000,3.309301392065642,45.34299431228849,0.07846956104817612,47.371020988186054,-10.170764495643262,False,False,False,False,True,0.0,0.0,0.0,0.0,0.0,0,0.8735857277536321,0.9259707832526964,False,False,False,False,-0.13935076869679638,-0.1642463521173891,False,False,False,False,75510234,58954164.56438415,False,False,False,False,3123085.681875341,False,False,False,False
2023-03-16 00:00:00+00:00,45.6026737399,45.7446791595,44.6323033728,45.6784099637,3154634,,,,,,,,,,,,,,,,,,,,44.212038623906025,47.91844051818402,46.95766013858511,45.993283882643134,45.13639256917619,,,,,,45.13639256917619,,46.0435631464989,#000000,3.3171616084944993,45.34376202482621,0.07805218606496954,49.70323840237759,-8.030232167757518,False,False,False,False,True,0.0,0.0,0.0,0.0,0.0,0,0.8623516002024392,0.9571103258485352,False,False,False,False,-0.16250902632699776,-0.16337768922219342,False,False,False,False,75510234,59603422.18931026,False,False,False,False,3124322.8708214066,False,False,False,False
2023-03-17 00:00:00+00:00,48.1303702084,48.4948507853,45.905618635,46.1896294742,9434554,,,,,,,,,,,,,,,,,,,,44.76986324122436,47.89736294054131,46.97605738348403,46.037046959305734,45.19665162171994,,,,,,45.19665162171994,,46.17539642925508,"rgba(38, 166, 154, 0.5)",3.2955512437721164,45.41614612178155,0.8236024524721778,55.675984356892236,-2.4735110591054763,True,False,True,False,True,3.3264516636106443,0.0,0.0,0.0,0.0,0,0.8672318663111745,0.9446969867753648,False,False,False,False,-0.04727041444309993,-0.10532405183264668,False,False,False,False,84944788,60597201.240709856,False,False,False,False,3371782.91510292,False,False,False,False
2023-03-20 00:00:00+00:00,48.1587712923,48.9729356979,47.8510928832,48.7362599986,3980028,,,,,,,,,,,,,,,,,,,,45.006795051035446,47.906535755791666,46.99477558319376,46.06458766589483,45.22982402638245,,,,,,45.22982402638245,,46.240503616459634,"rgba(38, 166, 154, 0.5)",3.2880677212673812,45.45399048333461,0.8226049577600675,59.69642057716749,1.1493575391866244,True,False,True,False,True,3.377887530543237,0.0,0.0,0.0,0.0,0,0.912284041943078,0.9335731582838246,False,False,False,False,0.021350806434441184,-0.04198662269910275,False,False,False,False,88924816,61708088.09401536,False,False,False,False,3395635.6635302566,False,False,False,False
2023-03-21 00:00:00+00:00,46.8333873763,47.3730079706,46.3884370616,47.268870663,3106905,,,,,,,,,,,,,,,,,,,,45.098620225189755,47.88948413610262,46.993386954867404,46.07202989097301,45.24323670157226,,,,,,45.24323670157226,,46.25935158174101,#000000,3.2904812358261855,45.466816845887536,0.41531023351037094,58.873962137188414,1.1493575391866244,True,False,True,False,True,0.7879572949659135,0.0,0.0,0.0,0.0,0,0.8839624577432519,0.9596121755727126,False,False,False,False,-0.0654117257950265,-0.05369917424706463,False,False,False,False,85817911,62653571.345230445,False,False,False,False,3384312.8924114234,False,False,False,False
2023-03-22 00:00:00+00:00,47.581282586,48.3007767119,46.9091236,47.0795301035,3610494,,,,,,,,,,,,,,,,,,,,45.23430724806065,47.88402487218683,47.00079805316338,46.0883329443467,45.26546254009695,,,,,,45.26546254009695,,46.29458513157091,"rgba(38, 166, 154, 0.5)",3.29105282056845,45.48952958746948,0.635587792896385,59.57791879702545,1.1493575391866244,True,False,True,False,True,2.1736158869663456,0.0,0.0,0.0,0.0,0,0.8895681807857881,0.9489464315602467,False,False,False,False,-0.02433445599067309,-0.039016815118868856,False,False,False,False,89428405,63703564.821888074,False,False,False,False,3393182.7397678383,False,False,False,False
2023-03-23 00:00:00+00:00,48.4049140196,48.9871362398,47.7232880056,48.0356999287,3240478,,,,,,,,,,,,,,,,,,,,45.38012907776099,47.892062898725555,47.01573958048825,46.110033780545656,45.29156655446208,,,,,,45.29156655446208,,46.33790637839651,"rgba(38, 166, 154, 0.5)",3.2909518553179504,45.5169271728517,0.877553660373825,61.29788635594847,2.919485852031414,True,False,True,False,True,3.670260128829696,0.0,0.0,0.0,0.0,0,0.9023870122286343,0.9265338936768733,False,False,False,False,0.01813473168257658,-0.010441041718146138,False,False,False,False,92668883,64839459.652402274,False,False,False,False,3387194.318600472,False,False,False,False
2023-03-24 00:00:00+00:00,48.925600558,49.3184822188,47.9978318168,48.7173259426,3164882,,,,,,,,,,,,,,,,,,,,45.5263391229061,47.90561014894647,47.0339765419249,46.13428739063512,45.319698574561514,,,,,,45.319698574561514,,46.38398235579482,"rgba(38, 166, 154, 1.0)",3.2890174176555003,45.54630365367528,1.027448771230154,63.18133033511843,4.995784414972178,True,False,True,False,True,4.6035105508406104,0.0,0.0,0.0,0.0,0,0.9108073037888506,0.9242663320727094,False,False,False,False,0.035293090420868097,0.01242602435136098,False,False,False,False,95833765,66054922.60721003,False,False,False,False,3378476.188459277,False,False,False,False
2023-03-27 00:00:00+00:00,48.7741281105,48.8971994741,47.600216642,47.8558263972,1932246,,,,,,,,,,,,,,,,,,,,45.6011694679689,47.91057397319225,47.04285647192582,46.14707081066644,45.335050203178064,,,,,,45.335050203178064,,46.40734418538629,"rgba(38, 166, 154, 0.5)",3.2882461620344765,45.56177382549487,0.9769202567905112,63.998122362296385,6.105813509730197,True,False,True,False,True,4.295541170258264,0.0,0.0,0.0,0.0,0,0.9041734567033185,0.9316101656896566,False,False,False,False,0.012105550094548966,0.012265787222954972,False,False,False,False,93901519,67146945.99516259,False,False,False,False,3321761.279107933,False,False,False,False
2023-03-28 00:00:00+00:00,49.4557541244,49.4841552083,48.4238480755,49.1054740895,1811440,,,,,,,,,,,,,,,,,,,,45.68437992824703,47.92134842681331,47.055231073749965,46.162557430596195,45.35252323625655,,,,,,45.35252323625655,,46.43520801913262,"rgba(38, 166, 154, 1.0)",3.2903380560980215,45.57980438296355,1.177979184920865,65.55886747350215,7.95936418228181,True,False,True,False,True,5.529671734232899,0.0,0.0,0.0,0.0,0,0.903282512973154,0.9305939265330923,False,False,False,False,0.05206929767996927,0.03216754245146212,False,False,False,False,95712959,68267181.79927386,False,False,False,False,3262532.9936527195,False,False,False,False
2023-03-29 00:00:00+00:00,48.9540016419,49.4841552083,48.594254579,48.9824027258,2387878,,,,,,,,,,,,,,,,,,,,45.784902654197026,47.933981202161576,47.070460018194,46.18197451731572,45.374643772870606,,,,,,45.374643772870606,,46.469192432947786,"rgba(38, 166, 154, 1.0)",3.290878543819445,45.602229067962064,1.0185038825674242,65.06519746333538,7.95936418228181,True,False,True,False,True,4.487520960033859,0.0,0.0,0.0,0.0,0,0.9199061152657246,0.9274465950866325,False,False,False,False,0.05690586603056739,0.04453670424101475,False,False,False,False,93325081,69249844.51302783,False,False,False,False,3228232.797823201,False,False,False,False
2023-03-30 00:00:00+00:00,48.6510567468,49.4936222363,48.3954469916,49.275880593,3446741,,,,,,,,,,,,,,,,,,,,45.91287571688309,47.949006330533635,47.09020431057231,46.2079404706294,45.40468577801501,,,,,,45.40468577801501,,46.51294252132669,"rgba(38, 166, 154, 0.5)",3.2901777178386933,45.631938468666775,0.9176155627594719,63.82595408168349,7.95936418228181,True,False,True,False,True,3.858778621397164,0.0,0.0,0.0,0.0,0,0.917930653018672,0.9252334908352916,False,False,False,False,0.05153205552986892,0.04803437988544183,False,False,False,False,89878340,70058805.12036008,False,False,False,False,3236801.7469281736,False,False,False,False
2023-03-31 00:00:00+00:00,48.253441572,48.944534614,47.9978318168,48.6794578308,3694430,,,,,,,,,,,,,,,,,,,,46.01946164488474,47.95680180278454,47.10560970310986,46.23058441668199,45.432197033676594,,,,,,45.432197033676594,,46.54893092022755,"rgba(38, 166, 154, 0.5)",3.2900687010786474,45.657877249526166,0.7889088521534153,61.814688103348864,7.95936418228181,True,False,True,False,False,3.0321309305440245,0.0,0.0,0.0,0.0,0,0.909428651199673,0.9391813444368183,False,False,False,False,0.024701354936701576,0.0363678674110717,False,False,False,False,86183910,70691162.17446361,False,False,False,False,3254747.9529309906,False,False,False,False
2023-04-03 00:00:00+00:00,49.7302979356,50.1752482503,48.0641010126,48.4806502433,5376515,,,,,,,,,,,,,,,,,,,,46.2135138683809,47.99043225336411,47.14296842055256,46.27641695288926,45.48354439655858,,,,,,45.48354439655858,,46.62137517834908,"rgba(38, 166, 154, 1.0)",3.2906750036497194,45.707998619152235,1.2223325949802375,63.16741044422763,7.95936418228181,True,False,True,False,False,5.782162441531426,0.0,0.0,0.0,0.0,0,0.9054275879174978,0.9269241034950101,False,False,False,False,0.06147617555421707,0.048922021482644386,False,False,False,False,91560425,71509564.63821015,False,False,False,False,3337954.503796442,False,False,False,False
2023-04-04 00:00:00+00:00,52.4284009076,52.5798733551,49.5693584601,49.7586990195,6261749,,,,,,,,,,,,,,,,,,,,46.55365288283752,48.08895024458685,47.22730702615211,46.36548527130307,45.57500421343301,,,,,,45.57500421343301,,46.76207992766251,"rgba(0, 255, 255, 0.75)",3.3212512852355025,45.80094943366151,1.9954682451763222,67.22989270323998,10.90721900313325,True,False,True,False,True,10.385009032411297,0.0,0.0,0.0,0.0,0,0.9206571817118218,0.897763583747868,False,False,False,False,0.17377038641514286,0.11134620394889362,False,False,False,False,97822174,72541431.67200583,False,False,False,False,3452613.111490699,False,False,False,False
2023-04-05 00:00:00+00:00,52.939620418,53.3467026208,52.0970549286,52.7881479705,4230882,,,,,,,,,,,,,,,,,,,,46.812445177593474,48.175908812439815,47.298760302165036,46.438352958411976,45.64809224021433,,,,,,45.64809224021433,,46.87471189816493,"rgba(0, 255, 0, 1.0)",3.3584042987486162,45.87527693621483,2.1034821460946285,70.38789432907211,13.989644446001208,True,False,True,False,True,11.205202974264786,0.0,0.0,0.0,0.0,0,0.951781296901084,0.8988244306858905,False,False,False,False,0.27177094861513534,0.19155857628201448,False,False,False,False,102053056,73698750.27310365,False,False,False,False,3483133.460059691,False,False,False,False
2023-04-06 00:00:00+00:00,53.5265761523,53.5928453481,52.295862516,52.5325382153,2573006,,,,,,,,,,,,,,,,,,,,46.96805322663931,48.23106118141704,47.34398861150821,46.48421987845969,45.69392619611476,,,,,,45.69392619611476,,46.9442498188278,"rgba(0, 255, 0, 1.0)",3.406410689369181,45.921542778780996,2.2325650272449535,72.99535690092834,16.505064173229613,True,False,True,False,True,12.140025828908804,0.0,0.0,0.0,0.0,0,0.9417851009754783,0.9046141768294991,False,False,False,False,0.2924795883561102,0.24201908231906233,False,False,False,False,104626062,74911586.0270996,False,False,False,False,3447442.187116174,False,False,False,False
2023-04-10 00:00:00+00:00,53.2046972012,53.3183015369,52.1443900684,52.6840106628,2518162,,,,,,,,,,,,,,,,,,,,47.107245866193104,48.28118133964588,47.385704180491025,46.52684599837595,45.7367592380671,,,,,,45.7367592380671,,47.00754732455461,"rgba(0, 255, 0, 1.0)",3.443060161352844,45.96425484349784,2.1029090455559305,73.75494863393344,17.317723862151027,True,False,True,False,True,11.431303240331935,0.0,0.0,0.0,0.0,0,0.9382896904164743,0.9036890408380198,False,False,False,False,0.3082353157005258,0.2751271990097941,False,False,False,False,102107900,75978108.14368394,False,False,False,False,3410999.8268371085,False,False,False,False
2023-04-11 00:00:00+00:00,53.7632518516,54.6862870788,53.2709663971,53.3183015369,3086728,,,,,,,,,,,,,,,,,,,,47.297693405851156,48.354413808751744,47.44528914868354,46.5865639160413,45.79594524525169,,,,,,45.79594524525169,,47.09598110491588,"rgba(0, 255, 0, 1.0)",3.492391012563882,46.023568007121696,2.216156156809127,74.8124720453675,18.502784869012544,True,False,True,False,True,12.333786312785744,0.0,0.0,0.0,0.0,0,0.958037361536908,0.876201880707138,False,False,False,False,0.3428282481250527,0.30897772356742337,False,False,False,False,105194628,77123854.02040222,False,False,False,False,3398283.2846082025,False,False,False,False
2023-04-12 00:00:00+00:00,54.643685453,55.1075698236,53.8673891593,54.8330260124,3467469,,,,,,,,,,,,,,,,,,,,47.51859704091258,48.44355721296665,47.51736670665647,46.658205204113486,45.86652460326673,,,,,,45.86652460326673,,47.200850153583175,"rgba(0, 255, 0, 1.0)",3.5576801641329197,46.0941101257648,2.4031320784337318,76.3165439155193,20.145354279486185,True,False,True,False,True,13.732821061927158,0.0,0.0,0.0,0.0,0,0.9700107223202042,0.8691015212355945,False,False,False,False,0.342828248385637,0.3259029859765302,False,False,False,False,108662097,78360647.8627394,False,False,False,False,3400996.4499176852,False,False,False,False
2023-04-13 00:00:00+00:00,56.1205418165,56.3572175158,55.0081660299,55.3726466068,4421375,,,,,,,,,,,,,,,,,,,,47.82971807400093,48.57682695251203,47.62366230671732,46.76234292286664,45.968017686435545,,,,,,45.968017686435545,,47.3521135885065,"rgba(0, 255, 0, 1.0)",3.6555189691620393,46.730841456425495,2.5686367487861577,78.42792231466255,22.348385260480796,True,False,True,False,True,15.987849693090311,0.0,0.0,0.0,0.0,0,0.9852810547311616,0.8405556434974982,False,False,False,False,0.3428282489203252,0.33436561744842774,False,False,False,False,113083472,79722327.24067119,False,False,False,False,3441011.295018953,False,False,False,False
2023-04-14 00:00:00+00:00,55.2495752431,55.7039925858,54.1371994565,55.1454379355,3311770,,,,,,,,,,,,,,,,,,,,48.02613655818902,48.66289429571773,47.6939417575696,46.83207591582644,46.036648874463765,,,,,,46.036648874463765,,47.450339480353314,"rgba(0, 255, 0, 1.0)",3.7272297593028445,46.775533272280256,2.273549665047952,77.23211134341615,22.348385260480796,True,False,True,False,True,14.016197222535958,0.0,0.0,0.0,0.0,0,0.9677895225466052,0.8578889218828644,False,False,False,False,0.30149789170126856,0.3179317545748481,False,False,False,False,109771702,80900734.0939782,False,False,False,False,3435943.0089397784,False,False,False,False
2023-04-17 00:00:00+00:00,54.4259438096,54.9087622362,53.8579221313,54.8330260124,2286924,,,,,,,,,,,,,,,,,,,,48.143935021681905,48.71522599958282,47.73758059543321,46.87588333251212,46.08014644565798,,,,,,46.08014644565798,,47.51055427897361,"rgba(0, 255, 0, 1.0)",3.776773948872722,46.801500329457255,2.01877146563629,74.2021806338887,22.348385260480796,True,False,True,False,False,12.192998827189342,0.0,0.0,0.0,0.0,0,0.9680840500527883,0.857556469355151,False,False,False,False,0.2729582272298813,0.2954449909023647,False,False,False,False,107484778,81943245.61970454,False,False,False,False,3390883.439961748,False,False,False,False
2023-04-18 00:00:00+00:00,54.2176691942,55.6566574459,54.1798010823,54.615284369,2341100,,,,,,,,,,,,,,,,,,,,48.265430139237715,48.77047505118773,47.78356960631958,46.92189830377928,46.1257294067543,,,,,,46.1257294067543,,47.57342050145572,"rgba(0, 255, 255, 0.75)",3.8230695030639263,46.837296449345835,1.9304835391926054,71.63049013395074,27.618004150325632,True,False,True,False,False,11.734609315721062,0.0,0.0,0.0,0.0,0,0.9949195049609079,0.8156430250994005,False,False,False,False,0.3013711466673078,0.2984080687848363,False,False,False,False,105143678,82853066.4973632,False,False,False,False,3349715.461924033,False,False,False,False
2023-04-19 00:00:00+00:00,53.3277685649,53.9146296288,52.958554474,53.2709663971,2240235,,,,,,,,,,,,,,,,,,,,48.35510744219137,48.81111924636019,47.818925746875685,46.95822400902171,46.16242042336075,,,,,,46.16242042336075,,47.62115937356194,"rgba(0, 255, 255, 0.75)",3.853368960852741,46.855208294425985,1.6797146435314751,67.64511603844835,23.830239544626863,True,False,True,False,False,9.791118387026216,0.0,0.0,0.0,0.0,0,0.9876857669954574,0.8220172409795141,False,False,False,False,0.22367315804114726,0.2610406134129918,False,False,False,False,102903443,83639355.77197641,False,False,False,False,3306206.4242015216,False,False,False,False
2023-04-20 00:00:00+00:00,53.7159167117,54.3880756977,53.5171091243,53.8295210474,2062759,,,,,,,,,,,,,,,,,,,,48.442446131245106,48.851713337480014,47.85381750713116,46.993745038543366,46.19806721641464,,,,,,46.19806721641464,,47.66795784616286,"rgba(0, 255, 255, 0.75)",3.8880831244188108,46.880251712125855,1.7581067021544028,65.61806913349889,21.937533041170752,True,False,True,False,False,10.43501636894031,0.0,0.0,0.0,0.0,0,0.9855039600686766,0.8219417790015634,False,False,False,False,0.25038760802688304,0.25571411071993744,False,False,False,False,104966202,84475702.6828793,False,False,False,False,3257443.780115187,False,False,False,False
2023-04-21 00:00:00+00:00,53.2709663971,53.8863232152,52.6556095789,53.5833783201,2277616,,,,,,,,,,,,,,,,,,,,48.52537404532396,48.89049652735446,47.888068490499265,47.02914532400459,46.23398523656557,,,,,,46.23398523656557,,47.71341392474957,"rgba(0, 255, 255, 0.75)",3.9138986820813146,46.90204964709289,1.6272564180481741,63.12179656637521,19.567034469353544,True,False,True,False,False,9.45947294740143,0.0,0.0,0.0,0.0,0,0.9709538999037575,0.8261101176514575,False,False,False,False,0.21516622750531433,0.23544016911262589,False,False,False,False,102688586,85189933.40119776,False,False,False,False,3219019.1612871406,False,False,False,False
2023-04-24 00:00:00+00:00,53.1573620614,53.3277685649,52.6840106628,53.2709663971,2014724,,,,,,,,,,,,,,,,,,,,48.59318004507634,48.92258717355794,47.916813591947474,47.05906324380246,46.26449510407912,,,,,,46.26449510407912,,47.75122783169267,"rgba(0, 255, 255, 0.75)",3.9262582935635306,46.92063556952146,1.5884656651608104,61.158689655366125,17.67582846703087,True,False,True,False,False,9.20896222143648,0.0,0.0,0.0,0.0,0,0.9841674763432935,0.8374409699588105,False,False,False,False,0.20161427050765143,0.21852721981013867,False,False,False,False,100673862,85797146.2874253,False,False,False,False,3171791.9000601936,False,False,False,False
2023-04-25 00:00:00+00:00,53.3183015369,53.5360431803,52.5041371313,52.9206863621,2290497,,,,,,,,,,,,,,,,,,,,48.66889918455749,48.9590229448179,47.94950389918449,47.09307170534828,46.299170592088146,,,,,,46.299170592088146,,47.79393366519927,"rgba(0, 255, 255, 0.75)",3.9476433046690738,46.9437309826049,1.614778758444458,60.18462804277392,16.651838208418454,True,False,True,False,False,9.48984697858878,0.0,0.0,0.0,0.0,0,0.988555986488261,0.8120893529224493,False,False,False,False,0.20233837650420464,0.21043279815717164,False,False,False,False,102964359,86470370.3153694,False,False,False,False,3137231.3157441076,False,False,False,False
2023-04-26 00:00:00+00:00,52.9112193341,54.0756637746,52.8686177083,53.8957902432,1869752,,,,,,,,,,,,,,,,,,,,48.731088501379595,48.989465911423174,47.97673170595876,47.12130688433415,46.3278987790248,,,,,,46.3278987790248,,47.8292983564241,"rgba(0, 255, 255, 0.75)",3.9583285690053125,46.96460225797147,1.5023050695417257,58.34500295407794,14.751197812776297,True,False,True,False,False,8.568973508829384,0.0,0.0,0.0,0.0,0,0.9975515844144125,0.8002047158506718,False,False,False,False,0.22550314210472822,0.21796797013094993,False,False,False,False,101094607,87043869.79319806,False,False,False,False,3087526.2445384567,False,False,False,False
2023-04-27 00:00:00+00:00,53.5739112921,53.6023123761,52.3526646838,52.627208495,1996707,,,,,,,,,,,,,,,,,,,53.17629611733333,48.79413249526793,49.02069434906439,48.0049130245799,47.15064869889448,46.35784183559569,,,,,,46.35784183559569,,48.750754420122625,"rgba(0, 255, 255, 0.75)",3.981678720141551,47.31208958624954,1.5726587065336721,58.61361188334226,14.751197812776297,True,False,True,False,False,9.750320098272464,0.0,0.0,0.0,0.0,0,0.9921834079226624,0.8097762097678063,False,False,False,False,0.20016668330324672,0.20906732671709832,False,False,False,False,103091314,87673181.33071971,False,False,False,False,3044749.0192624386,False,False,False,False
2023-04-28 00:00:00+00:00,53.7064496838,55.7891958375,53.6780485998,53.962059439,3431470,,,,,,,,,,,,,,,,,,,53.944328162744625,48.927307336380366,49.08866429822441,48.06384951336192,47.21045007237778,46.417754794679226,,,,,,46.417754794679226,,48.94205902962806,"rgba(0, 255, 255, 0.75)",4.002904947767952,47.404074836112386,1.5744502879594642,59.082737244846285,14.751197812776297,True,False,True,False,False,9.986267602695172,0.0,0.0,0.0,0.0,0,1.036122285505639,0.770371996469391,False,False,False,False,0.29151359112097525,0.2502904589190368,False,False,False,False,106522784,88412381.43539737,False,False,False,False,3059914.547918814,False,False,False,False
2023-05-01 00:00:00+00:00,52.939620418,54.7194216767,52.9301533901,54.5774162572,1973575,,,,,,,,,,,,,,,,,,,53.8337817730767,48.989439496550595,49.12075729329077,48.09270765678083,47.24032595144735,46.448130533075094,,,,,,46.448130533075094,,48.95419045070355,"rgba(38, 166, 154, 1.0)",4.018443954915051,47.42112394291878,1.3732918853655816,57.00694755337553,12.764378399321231,True,False,True,False,False,8.209859687149589,0.0,0.0,0.0,0.0,0,1.0388079222480926,0.7791526283535577,False,False,False,False,0.24373958589740785,0.24701502240822232,False,False,False,False,104549209,89045198.20263669,False,False,False,False,3017312.997020037,False,False,False,False
2023-05-02 00:00:00+00:00,55.0318335998,55.0507676557,52.7313458027,52.939620418,3431430,,,,,,,,,,,,,,,,,,,53.97237143168773,49.11057278669725,49.184668351634485,48.148909653807515,47.29764983642177,46.50579767642153,,,,,,46.50579767642153,,49.03666162277838,"rgba(0, 255, 255, 0.75)",4.061181736766489,47.47686479638113,1.8602882838319212,59.76847268970292,12.764378399321231,True,False,True,False,True,11.88287173757653,0.0,0.0,0.0,0.0,0,1.0920651427523502,0.7641683929484021,False,False,False,False,0.2471840360425641,0.2470995292253932,False,False,False,False,107980639,89787764.50841564,False,False,False,False,3033552.8794898395,False,False,False,False
2023-05-03 00:00:00+00:00,54.965564404,55.4578498585,54.4732789495,55.1359709075,2632421,,,,,,,,,,,,,,,,,,,54.16653295845837,49.21180235774445,49.239179139673745,48.19614776785976,47.34531145017324,46.55336781816601,,,,,,46.55336781816601,,49.1187235820126,"rgba(0, 255, 255, 0.75)",4.095630850018243,47.52965598817272,1.815570955520602,61.41128445342146,12.764378399321231,True,False,True,False,True,11.72871851171729,0.0,0.0,0.0,0.0,1,1.0988478527326697,0.7607046026280515,False,False,False,False,0.3039078399298708,0.27550368457763197,False,False,False,False,105348218,90397978.37083071,False,False,False,False,3017822.2175490614,False,False,False,False
2023-05-04 00:00:00+00:00,57.1808489494,57.8908760473,55.4105147187,55.4105147187,5894289,,,,,,,,,,,,,,,,,,,54.9766613085943,49.49563762898856,49.39608169502711,48.32802953769925,47.475469029681925,46.681117449520805,,,,,,46.681117449520805,,49.39216610825199,"rgba(0, 255, 0, 1.0)",4.185913943504003,48.155056874115715,2.1562297259577323,65.45864439602003,9.676428947453601,True,False,True,False,True,15.339467648638895,0.0,0.0,0.0,0.0,0,1.118261700357453,0.7170396741804499,False,False,False,False,0.34282824928852607,0.309165966933079,False,False,False,False,111242507,91215410.86609226,False,False,False,False,3130624.836468706,False,False,False,False
2023-05-05 00:00:00+00:00,56.6222942991,57.4127911347,55.5525201382,55.8743990893,3025752,,,,,,,,,,,,,,,,,,,55.186510204182404,49.62767853043831,49.47099954444479,48.391855153816024,47.5388187863135,46.74357839847094,,,,,,46.74357839847094,,49.49324010294433,"rgba(0, 255, 255, 0.75)",4.260917567713639,48.21651060832011,1.9727637433010332,66.56194331002125,10.751763017023833,True,False,True,False,True,14.032249376397463,0.0,0.0,0.0,0.0,0,1.1155140806423214,0.7253272917633747,False,False,False,False,0.33423728567697836,0.3217016263050287,False,False,False,False,108216755,91882130.24389257,False,False,False,False,3126512.176215031,False,False,False,False
2023-05-08 00:00:00+00:00,56.2057450683,56.9915083899,55.978536397,56.8495029704,1745040,,,,,,,,,,,,,,,,,,,55.273681611187115,49.70013013712771,49.51266916948671,48.42760220807307,47.57440126639029,46.77874223851302,,,,,,46.77874223851302,,49.54453777179632,"rgba(0, 255, 255, 0.75)",4.318527565146723,48.24903722262479,1.842458505971091,66.1361707441783,10.751763017023833,True,False,True,False,True,13.06255151791754,0.0,0.0,0.0,0.0,0,1.1310371163581514,0.7229523963589258,False,False,False,False,0.33400603048204125,0.32785382839353494,False,False,False,False,106471715,92454270.82256344,False,False,False,False,3072336.796755618,False,False,False,False
2023-05-09 00:00:00+00:00,56.7548326907,56.8826375683,55.9406682851,56.1016077606,1795258,,,,,,,,,,,,,,,,,,,55.36040237579932,49.774526431814074,49.555843143288804,48.46465982030392,47.61126273039641,46.815152505200494,,,,,,46.815152505200494,,49.596974501133836,"rgba(0, 255, 255, 0.75)",4.380413198693239,48.28430060474801,1.9337290117925199,66.64420512985822,11.130570566780648,True,False,True,False,True,13.956835336735136,0.0,0.0,0.0,0.0,0,1.11819929446013,0.7345816107476981,False,False,False,False,0.33011508315356425,0.3289844557735496,False,False,False,False,108266973,93074376.79030606,False,False,False,False,3022255.275314221,False,False,False,False
2023-05-10 00:00:00+00:00,56.0921407326,56.982041362,55.618789334,56.9252391941,1876871,,,,,,,,,,,,,,,,,,,55.4191727440562,49.847266220718296,49.598528328631275,48.50163638894399,47.648211943408185,46.85178050163849,,,,,,46.85178050163849,,49.6444326878994,"rgba(0, 255, 255, 0.75)",4.426174327568497,48.31587646869155,1.7568816066447872,65.10457013666118,11.130570566780648,True,False,True,False,True,12.40269280441759,0.0,0.0,0.0,0.0,0,1.1126225873759394,0.7407138713410555,False,False,False,False,0.32423421123227775,0.32660933350291366,False,False,False,False,106390102,93596562.092647,False,False,False,False,2977338.244909742,False,False,False,False
2023-05-11 00:00:00+00:00,53.7537848236,55.8175969215,53.6733150858,55.2685092991,3032369,,,,,,,,,,,,,,,,,,,55.32041124688344,49.9289210828165,49.64777988270002,48.54677597377583,47.69475318458606,46.89901743935739,,,,,,46.89901743935739,,49.67294313501987,"rgba(38, 166, 154, 1.0)",4.4256465201679385,48.32687992741425,1.2262400242439202,59.02743343917087,14.63294823195379,False,False,True,False,False,7.230022836675911,0.0,0.0,0.0,0.0,0,1.070577180137501,0.773777405967158,False,False,False,False,0.24406473883974306,0.28533703617132833,False,False,False,False,103357733,93979353.10862164,False,False,False,False,2979496.313736811,False,False,False,False
2023-05-12 00:00:00+00:00,53.7253837397,54.0188616068,53.1762961173,53.5644442642,2099708,,,,,,,,,,,,,,,,,,,55.21329098729206,49.974299164251605,49.67585016175088,48.57355691841095,47.72293431210893,46.92804552320782,,,,,,46.92804552320782,,49.68132951117037,"rgba(38, 166, 154, 1.0)",4.417572492760799,48.3273163683857,1.2219533194215293,54.92518016556026,10.889559415630671,False,False,True,False,False,7.169752979291751,0.0,0.0,0.0,0.0,0,1.0643796938057664,0.7954123207600561,False,False,False,False,0.18684946597191418,0.23609325107162127,False,False,False,False,101258025,94264791.22200903,False,False,False,False,2944994.811237328,False,False,False,False
2023-05-15 00:00:00+00:00,54.2744713621,54.5963503131,53.8957902432,54.0377956628,1627088,,,,,,,,,,,,,,,,,,,55.168202435891175,50.01448294516564,49.700666677299154,48.59661396477078,47.74684111119276,46.95241489068449,,,,,,46.95241489068449,,49.69653700416733,"rgba(38, 166, 154, 1.0)",4.42616756176278,48.3363848310005,1.3415864736794056,53.339533357393606,9.519584068758924,False,False,False,False,False,8.13655854584503,0.0,0.0,0.0,0.0,0,1.0614583052713267,0.7936964919633428,False,False,False,False,0.2190013852409112,0.22754731815626622,False,False,False,False,102885113,94602843.05644006,False,False,False,False,2893312.1911888057,False,False,False,False
2023-05-16 00:00:00+00:00,52.8922852782,54.5206140893,52.6461425509,54.1229989145,2165146,,,,,,,,,,,,,,,,,,,55.06119302126595,50.055666353963126,49.72681433835566,48.62215977320045,47.77400975753254,46.98061611381579,,,,,,46.98061611381579,,49.70340989302226,"rgba(38, 166, 154, 1.0)",4.421278053415245,48.33812144168336,1.0300559660568607,49.74145294112984,6.199447459989571,False,True,False,False,False,5.200324594067819,0.0,0.0,0.0,0.0,0,1.0448300211870851,0.7976760314729971,False,False,False,False,0.18614989572840762,0.20684860694233692,False,False,False,False,100719967,94842730.26991299,False,False,False,False,2864756.654279441,False,False,False,False
2023-05-17 00:00:00+00:00,52.1727911523,52.968021502,51.8083105754,52.8922852782,2691521,,,,,,,,,,,,,,,,,,,54.87377569797434,50.08981021890192,49.74965714153073,48.64666078614314,47.80121080279066,47.00968188367536,,,,,,47.00968188367536,,49.69513275516936,"rgba(38, 166, 154, 0.5)",4.418424087735232,48.32774323727611,0.8702306158652962,46.20760176537688,2.9737116785632622,False,True,False,True,False,3.723470785652019,0.0,0.0,0.0,0.0,0,1.0562360844316803,0.8117647807210258,False,False,False,False,0.12784201230102005,0.16734530962167848,False,False,False,False,98028446,94967660.29854386,False,False,False,False,2857963.0992096593,False,False,False,False
2023-05-18 00:00:00+00:00,50.8758083202,51.3302256628,50.2888525859,51.2355553831,2886024,,,,,,,,,,,,,,,,,,,54.59802049004217,50.10163222608698,49.75979515772229,48.662089566631735,47.82054510923593,47.031876271316484,,,,,,47.031876271316484,,49.662326470172594,"rgba(38, 166, 154, 0.5)",4.404401038279112,48.29852127453282,0.5851617559953581,42.064647578061006,-0.7979748002268465,False,True,False,True,False,1.1443024237439694,0.0,0.0,0.0,0.0,0,1.048484810178274,0.8116904132784591,False,False,False,False,0.0520716520810827,0.10970848085138059,False,False,False,False,95142422,94974513.69860095,False,False,False,False,2859063.5266916337,False,False,False,False
2023-05-19 00:00:00+00:00,51.1503521314,51.7278408377,50.260451502,50.9231434601,2544236,,,,,,,,,,,,,,,,,,,54.39652991092297,50.11471897760135,49.77033428239692,48.67683908697702,47.838586398165695,47.052322457987884,,,,,,47.052322457987884,,49.64155518567531,"rgba(38, 166, 154, 0.5)",4.383728720086261,48.28082088450246,0.6545868665981392,39.984938721895254,-2.6448102769501247,False,True,False,True,False,1.6632796480369798,0.0,0.0,0.0,0.0,0,1.044975530182918,0.8039264650502927,False,False,False,False,0.043122377673742635,0.07641542926256162,False,False,False,False,97686658,95080872.29865581,False,False,False,False,2846717.3491743146,False,False,False,False
2023-05-22 00:00:00+00:00,50.620198565,51.287624037,50.610731537,51.0272807677,1360240,,,,,,,,,,,,,,,,,,,54.29182358453044,50.12004818558922,49.774996948249544,48.68396868344801,47.84753314628866,47.06260719539517,,,,,,47.06260719539517,,49.63016295725017,"rgba(38, 166, 154, 0.5)",4.37969483311313,48.271494224019996,0.5362712313247004,37.862746887726175,-4.6331643614688005,False,True,False,True,False,0.616287085453763,0.0,0.0,0.0,0.0,0,1.0472800357343075,0.826451859883792,False,False,False,False,0.0019067266144490182,0.03916107793850532,False,False,False,False,96326418,95129717.22812028,False,False,False,False,2788424.11979493,False,False,False,False
2023-05-23 00:00:00+00:00,50.5728634251,51.0036131978,50.1089790545,50.26991853,1940016,,,,,,,,,,,,,,,,,,,54.14153499633778,50.12463277915922,49.779860518102296,48.692756608838586,47.859025570825246,47.076107904407955,,,,,,47.076107904407955,,49.61231972961185,"rgba(38, 166, 154, 0.5)",4.380323422688322,48.25726420732509,0.5286365855500607,36.38055372577695,-6.107345454631833,False,True,False,True,False,0.5223174780259896,0.0,0.0,0.0,0.0,0,1.0385534755893397,0.8626770519686429,False,False,False,False,-0.02092190680262863,0.009119585567938343,False,False,False,False,94386402,95100567.61133125,False,False,False,False,2755153.2131363056,False,False,False,False
2023-05-24 00:00:00+00:00,49.2474795091,50.8590516807,49.2096113972,50.7054018167,2450989,,,,,,,,,,,,,,,,,,,53.92988412735651,50.12006981186995,49.77979997652054,48.6991002691111,47.86920433842799,47.089185286846146,,,,,,47.089185286846146,,49.581207301688714,#000000,4.380275011751994,48.23288412332977,0.23162823864897558,33.651525863829214,-8.812059858637717,False,True,False,True,False,0.0,0.0,0.0,0.0,0.0,0,1.0236374256472325,0.8643040033744852,False,False,False,False,-0.051018079616793735,-0.020949247024427697,False,False,False,False,91935413,94976443.90108296,False,False,False,False,2743225.2047780193,False,False,False,False
2023-05-25 00:00:00+00:00,48.3859799636,49.0581389496,48.1777053482,48.935067586,2204858,,,,,,,,,,,,,,,,,,,53.70485644832473,50.10189354078916,49.77122174941591,48.69826666803032,47.87240267742745,47.09549127106943,,,,,,47.09549127106943,,49.54068872584284,#000000,4.383067401036476,48.20132206989392,0.04212983210397692,30.887537447620034,-11.538176402079102,False,True,False,True,False,0.0,0.0,0.0,0.0,0.0,0,1.0094349811284922,0.8949270223509705,False,False,False,False,-0.1333157261096132,-0.07713248656702044,False,False,False,False,89730555,94770722.76770715,False,False,False,False,2722112.7653749594,False,False,False,False
2023-05-26 00:00:00+00:00,48.2913096839,49.3137487049,48.1966394042,49.0960070615,2030755,,,,,,,,,,,,,,,,,,,53.515827192189285,50.086147581723246,49.76380514834477,48.697795662056315,47.875583541389766,47.101490003286784,,,,,,47.101490003286784,,49.50677485483169,#000000,4.386141752817624,48.175377324945444,0.026431512132521772,28.943402306936633,-13.504397206902937,False,True,False,True,False,0.0,0.0,0.0,0.0,0.0,0,1.0131425381882184,0.8838744009965797,False,False,False,False,-0.20624763618231362,-0.14169006137466703,False,False,False,False,87699800,94493431.67877746,False,False,False,False,2695000.696144569,False,False,False,False
2023-05-30 00:00:00+00:00,47.581282586,48.5753205231,47.1457992993,48.4143810475,6524210,,,,,,,,,,,,,,,,,,47.76746746946666,52.904622458012106,50.01056660246485,49.7239825771241,48.6836063837564,47.874087221646654,47.10990987797696,,,,,,47.10990987797696,,49.15346322720682,#000000,4.3903849576206655,48.1205551821298,-0.12283036711706777,26.8947181804841,-15.607478269753067,False,True,False,True,False,0.0,0.0,0.0,0.0,0.0,0,0.98506352880275,0.93015616306751,False,False,False,False,-0.27019700577964023,-0.20594353357715361,False,False,False,False,81175590,93971163.37764893,False,False,False,False,2845165.766883998,False,False,False,False
2023-05-31 00:00:00+00:00,48.4522491594,49.1297028204,47.5935050822,47.6125882839,6275385,,,,,,,,,,,,,,,,,,48.073574526692084,52.48591277958228,49.961356330512686,49.698903508816386,48.679387688696835,47.88088877646509,47.125311494712285,,,,,,47.125311494712285,,49.1293335864968,#000000,4.388733119343993,48.07916258356743,0.08501008507173331,28.318777617768024,-15.607478269753067,False,True,False,True,False,0.0,0.0,0.0,0.0,0.0,0,0.9640998396322243,0.9293373952146577,False,False,False,False,-0.23414791904579282,-0.22004572631147323,False,False,False,False,87450975,93715469.71578035,False,False,False,False,2979684.168182665,False,False,False,False
2023-06-01 00:00:00+00:00,49.9502804942,50.2556117217,48.5285819663,48.5858315714,3179474,,,,,,,,,,,,,,,,,,48.37295268366182,52.35535918980666,49.95554364480318,49.69776268982869,48.685923591047754,47.89211123211635,47.14015234177304,,,,,,47.14015234177304,,49.15711505329107,#000000,4.384812370804842,48.08349809509657,0.42573826226474915,33.17324983520298,-15.607478269753067,False,True,False,True,True,0.0,0.0,0.0,0.0,0.0,0,0.9940920355238658,0.9012698199646021,False,False,False,False,-0.2023214919819146,-0.21118360914669393,False,False,False,False,90630449,93594488.51123995,False,False,False,False,2987519.063548051,False,False,False,False
2023-06-02 00:00:00+00:00,49.5686164599,50.5132349449,49.1010780178,49.9884468976,2482986,,,,,,,,,,,,,,,,,,48.55514678066637,52.26634450506539,49.95287553834209,49.697981546334056,48.69180616250461,47.90154057234739,47.15232089313975,,,,,,47.15232089313975,,49.17400228548566,#000000,4.379589094877358,48.0867342720461,0.3383610096178203,35.75879358475226,-21.807943942420714,False,True,False,True,True,0.0,0.0,0.0,0.0,0.0,0,0.9958662972676466,0.9115961847944615,False,False,False,False,-0.18595559780535062,-0.19856960347602226,False,False,False,False,88147463,93380879.6676619,False,False,False,False,2967733.453212833,False,False,False,False
2023-06-05 00:00:00+00:00,49.7021988719,49.9502804942,49.2346604298,49.2346604298,1627100,,,,,,,,,,,,,,,,,,48.64212616799321,52.20907187083233,49.95041009860269,49.69765226110626,48.69526160176081,47.90733645228914,47.15993013895938,,,,,,47.15993013895938,,49.18025551307769,#000000,4.358901376835842,48.08710565155879,0.3705275895720364,37.82167190771824,-19.765785593992913,False,True,False,True,True,0.0,0.0,0.0,0.0,0.0,0,0.9882418683616356,0.9303295067466456,False,False,False,False,-0.20269186730007888,-0.20063073538805057,False,False,False,False,89774563,93239455.48461634,False,False,False,False,2915159.592302526,False,False,False,False
2023-06-06 00:00:00+00:00,49.6354076659,49.7499068762,49.0963072174,49.5686164599,1833890,,,,,,,,,,,,,,,,,,48.713375927532645,52.14420147354375,49.946525893187776,49.69656102693022,48.69856641076788,47.91331327002779,47.16798414349291,,,,,,47.16798414349291,,49.18293259221185,#000000,4.339228443606168,48.085723009438155,0.3571336878438136,39.06569255377254,-18.429059497936002,False,True,False,True,True,0.0,0.0,0.0,0.0,0.0,0,0.9822608096060838,0.9372275479780431,False,False,False,False,-0.21597397658890477,-0.20830235598847768,False,False,False,False,87940673,93031660.09306276,False,False,False,False,2872756.863192623,False,False,False,False
2023-06-07 00:00:00+00:00,48.4236243569,50.2842365243,48.313895947,49.9407388934,3020424,,,,,,,,,,,,,,,,,,48.748961642420355,52.0254372738227,49.93354602290401,49.690534670739616,48.70065605230589,47.920058878278105,47.17837855315605,,,,,,47.17837855315605,,49.1710818705181,#000000,4.276305697017166,48.07527678216597,0.08145993280532057,37.70990304327057,-18.429059497936002,False,True,False,True,True,0.0,0.0,0.0,0.0,0.0,0,0.9774016462475471,0.9247367652294591,False,False,False,False,-0.2257492908504233,-0.21702582341945048,False,False,False,False,84920249,92713565.54039362,False,False,False,False,2878547.7313027163,False,False,False,False
2023-06-08 00:00:00+00:00,49.1869524255,49.692657271,48.8625379963,49.0915364169,2662650,,,,,,,,,,,,,,,,,,48.79703505931587,51.935713614040175,49.92528767251115,49.68714540435177,48.70389935401997,47.9272351127517,47.188635167276395,,,,,,47.188635167276395,,49.16642162632387,#000000,4.213713527471504,48.07005225573842,0.2650631473829206,38.941143487797454,-18.18205123978403,False,True,False,True,True,0.0,0.0,0.0,0.0,0.0,0,0.9674410456113881,0.9353454714926862,False,False,False,False,-0.22744543750125207,-0.22223563046035127,False,False,False,False,87582899,92512362.93096642,False,False,False,False,2870081.153604571,False,False,False,False
2023-06-09 00:00:00+00:00,48.6335395757,49.158327623,48.414082756,48.9293292024,1884859,,,,,,,,,,,,,,,,,,48.79309044627822,51.86417880851164,49.91523497879094,49.68201995949036,48.70403073451424,47.93031603524761,47.194043793866896,,,,,,47.194043793866896,,49.15470210809999,#000000,4.127520613411562,48.06177747644904,0.1385243473753064,38.756410588189105,-18.037108248579962,False,True,False,True,True,0.0,0.0,0.0,0.0,0.0,0,0.9582784448863416,0.9423533992969922,False,False,False,False,-0.26664333341690927,-0.24443948193863027,False,False,False,False,85698040,92245134.58073245,False,False,False,False,2831444.990718117,False,False,False,False
2023-06-12 00:00:00+00:00,48.547665168,48.6717059792,47.9656275156,48.4427075586,1827631,,,,,,,,,,,,,,,,,,48.769859425543615,51.790585566492354,49.90288336814129,49.67533488693927,48.70278272875598,47.932027586593264,47.19810217356947,,,,,,47.19810217356947,,49.138796533719315,#000000,4.038083490406974,48.05121032005739,0.12294318557850666,38.476077043574655,-17.923152474493406,False,True,False,True,True,0.0,0.0,0.0,0.0,0.0,0,0.9545154443571159,0.9490514551237282,False,False,False,False,-0.3046951639500138,-0.274567322944322,False,False,False,False,83870409,91916713.96972334,False,False,False,False,2792079.736180152,False,False,False,False
2023-06-13 00:00:00+00:00,47.7652538976,49.1964940264,47.6125882839,49.0056620092,2247105,,,,,,,,,,,,,,,,,,48.73113666686934,51.699097888544294,49.885955905644565,49.66591832550408,48.70025630875737,47.93319709942077,47.20221233748476,,,,,,47.20221233748476,,49.11682493317502,#000000,3.951295743962962,48.03687322535836,-0.06874183694636442,36.90381613712704,-17.923152474493406,False,True,False,True,True,0.0,0.0,0.0,0.0,0.0,0,0.95554673149338,0.9344509810352601,False,False,False,False,-0.29764459899173523,-0.28610596096802865,False,False,False,False,81623304,91513050.83365577,False,False,False,False,2770708.1778985774,False,False,False,False
2023-06-14 00:00:00+00:00,47.8415867045,48.6430811766,47.3740482624,48.4904155629,1965452,,,,,,,,,,,,,,,,,,48.688087805569744,51.61761939151569,49.86937638283374,49.65646277902609,48.69704050945257,47.933274507074564,47.20491936307917,,,,,,47.20491936307917,,49.09525439122165,#000000,3.873315760795315,48.02296254817294,-0.046827022343176185,36.1123655224483,-17.923152474493406,False,True,False,True,True,0.0,0.0,0.0,0.0,0.0,0,0.95069118097227,0.9589799493135012,False,False,False,False,-0.3304078296477268,-0.3082568953078777,False,False,False,False,83588756,91202294.17351241,False,False,False,False,2739129.504255496,False,False,False,False
2023-06-15 00:00:00+00:00,48.1087515285,48.2852711444,47.335881859,47.6984626916,2402090,,,,,,,,,,,,,,,,,,48.638814065981705,51.5216163077151,49.84905038495704,49.644759700647064,48.69292306327401,47.933163165813184,47.20801297761103,,,,,,47.20801297761103,,49.06976280942845,#000000,3.8018770299664557,48.00651638822462,0.02689070147970692,36.51976938769657,-17.923152474493406,False,True,False,True,True,0.0,0.0,0.0,0.0,0.0,0,0.9266490875741581,0.9981166376663263,False,False,False,False,-0.34282825441539394,-0.32554257486163585,False,False,False,False,85990846,90997923.65690409,False,False,False,False,2725912.268794496,False,False,False,False
2023-06-16 00:00:00+00:00,48.6621643783,49.0533700135,47.9274611122,48.4331659577,3138796,,,,,,,,,,,,,,,,,,48.63184831232544,51.424287159495705,49.8316459751521,49.63523690218596,48.69193685597311,47.93697537502451,47.2156501037603,,,,,,47.2156501037603,,49.052511526273875,#000000,3.743154980802043,47.99502047835354,0.17823037073487977,38.649258893949906,-16.535067632306635,False,True,False,True,True,0.0,0.0,0.0,0.0,0.0,1,0.8981690446380824,0.9980946370330649,False,False,False,False,-0.28686137134421164,-0.30620197310292374,False,False,False,False,89129642,90924657.7095745,False,False,False,False,2742103.7876653,False,False,False,False
2023-06-20 00:00:00+00:00,46.4962209834,48.0515019234,46.4962209834,47.8988363096,3110520,,,,,,,,,,,,,,,,,,48.517994957900086,51.28576462311657,49.794799846695554,49.612887309884734,48.68072715534641,47.931339690891484,47.214520927170426,,,,,,47.214520927170426,,49.00543350157218,#000000,3.709844631824154,47.96507396018363,-0.3959338254177469,36.10862988590675,-16.535067632306635,False,True,False,True,True,0.0,0.0,0.0,0.0,0.0,1,0.8670537030269202,1.0073329122654258,False,False,False,False,-0.34282825441539394,-0.32451511375915887,False,False,False,False,86019122,90732283.76017943,False,False,False,False,2756551.4822666612,False,False,False,False
2023-06-21 00:00:00+00:00,46.9065098204,47.0973418375,45.6661017087,46.3721801723,1991879,,,,,,,,,,,,,,,,,,48.433386272501515,51.19250849090906,49.76790249146561,49.596286771021745,48.671675428063885,47.92598172681528,47.21216277646889,,,,,,47.21216277646889,,48.97141485103514,#000000,3.6820066033196013,47.94335422840046,-0.2815976503316616,35.66899268212529,-16.535067632306635,False,True,False,True,False,0.0,0.0,0.0,0.0,0.0,1,0.8603524259203821,1.0201551262293453,False,False,False,False,-0.34282825441539394,-0.33367168408727643,False,False,False,False,88011001,90625566.789192,False,False,False,False,2726564.3260993413,False,False,False,False
2023-06-22 00:00:00+00:00,46.8397186143,46.8683434169,46.0811613461,46.2767641637,2358123,,,,,,,,,,,,,,,,,,48.34413031825615,51.0876584847859,49.73701871325551,49.57711956740527,48.66125816838113,47.91987494862999,47.20956079640929,,,,,,47.20956079640929,,48.933802999589034,#000000,3.6470013194463804,47.91919888611576,-0.29599119310974853,35.26372201217164,-16.535067632306635,False,True,False,True,False,0.0,0.0,0.0,0.0,0.0,1,0.8490479664721154,1.0440504798487584,False,False,False,False,-0.3361330750140195,-0.33490237955064794,False,False,False,False,85652878,90430559.3856943,False,False,False,False,2712115.646644465,False,False,False,False
2023-06-23 00:00:00+00:00,46.8588018161,47.4503810693,46.558241389,47.2786322538,1734185,,,,,,,,,,,,,,,,,,48.2962337036989,51.01948321327016,49.717243087677225,49.56486023694062,48.65498557561201,47.91662952564837,47.20877467765121,,,,,,47.20877467765121,,48.91117286007121,#000000,3.5679469775563644,47.90457731947341,-0.2931028711894283,35.059766164845755,-16.535067632306635,False,True,False,True,False,0.0,0.0,0.0,0.0,0.0,1,0.8478225538290147,1.0435116599706933,False,False,False,False,-0.2985503055242023,-0.31672634253742515,False,False,False,False,87387063,90311206.58625531,False,False,False,False,2673765.4252074277,False,False,False,False
2023-06-26 00:00:00+00:00,46.9351346229,47.3454234598,46.3340137688,47.1259666401,2166627,,,,,,,,,,,,,,,,,,48.23736253679688,50.935702549235835,49.692185683195085,49.5492144566394,48.64682784212761,47.91225238702338,47.207474384094866,,,,,,47.207474384094866,,48.883002834159,#000000,3.4646949240447062,47.886335649011706,-0.27454106262298733,35.210477302919166,-16.535067632306635,False,True,False,True,False,0.0,0.0,0.0,0.0,0.0,0,0.8313945936369476,1.0694676893940442,False,False,False,False,-0.310139456398862,-0.31343289946814357,False,False,False,False,89553690,90281500.053461,False,False,False,False,2653877.6438267445,False,False,False,False
2023-06-27 00:00:00+00:00,46.7633858075,47.2500074513,45.9905161379,47.0591754341,1759177,,,,,,,,,,,,,,,,,,48.186417546273454,50.86684248715859,49.67071784420714,49.53568848170083,48.6395057391998,47.90803542012986,47.2057907348991,,,,,,47.2057907348991,,48.858999750509824,#000000,3.365696896747386,47.87076070880796,-0.3290180118055565,34.9375337117589,-16.535067632306635,False,True,False,True,False,0.0,0.0,0.0,0.0,0.0,0,0.8437210102713557,1.0681034096623028,False,False,False,False,-0.32571883405439644,-0.31957586676127003,False,False,False,False,87794513,90183971.1494037,False,False,False,False,2618791.344068833,False,False,False,False
2023-06-28 00:00:00+00:00,46.257680962,46.4485129791,45.9618913354,46.324472168,1752542,,,,,,,,,,,,,,,,,,48.124901778680105,50.79337255041903,49.64650509564433,49.52026645183522,48.63062958673047,47.902364365360285,47.20274380105739,,,,,,47.20274380105739,,48.83154051853241,#000000,3.285695238863668,47.85290492352517,-0.48550575922460387,33.69284844293775,-16.535067632306635,False,True,False,True,False,0.0,0.0,0.0,0.0,0.0,0,0.8465104337225845,1.0691987655168074,False,False,False,False,-0.34282825441539394,-0.331202060588332,False,False,False,False,86041971,90021539.77099572,False,False,False,False,2584820.78155633,False,False,False,False
2023-06-29 00:00:00+00:00,46.9733010264,46.9876134276,45.647018507,45.7996841208,2100391,,,,,,,,,,,,,,,,,46.53597765366668,48.0674061560764,50.714154848527656,49.62054537629586,49.50370961539857,48.62145010210397,47.89687611813313,47.20027627176908,,,,,,47.20027627176908,,48.520049517746415,#000000,3.2517417231710266,47.80679017266316,-0.2563208327168006,35.754881326375866,-16.535067632306635,False,True,False,True,True,0.0,0.0,0.0,0.0,0.0,0,0.8365393592711977,1.0725073218118588,True,False,False,False,-0.33489924524347725,-0.33305065291590463,False,False,False,False,88142362,89947846.52507432,False,False,False,False,2565823.535220788,False,False,False,False
2023-06-30 00:00:00+00:00,47.6889210907,47.6984626916,46.9065098204,47.1259666401,2128263,,,,,,,,,,,,,,,,,46.98658838805058,48.0449078817966,50.65340524340478,49.60218723142069,49.492124427054016,48.61618859840312,47.89498893557829,47.201139331803645,,,,,,47.201139331803645,,48.561441254688965,#000000,3.2096059136590855,47.81814720869185,-0.040262300565281905,39.57080707920532,-14.174248509541101,False,True,False,True,True,0.0,0.0,0.0,0.0,0.0,1,0.8697820366887408,1.0401977164577945,False,False,False,False,-0.2668249134719646,-0.2999377831939346,False,False,False,False,90270625,89960504.50448316,False,False,False,False,2548664.298545463,False,False,False,False
2023-07-03 00:00:00+00:00,48.2041675371,48.2995835457,47.436068668,47.6889210907,1202695,,,,,,,,,,,,,,,,,47.20655195824827,48.0436348097729,50.62573721104273,49.59453605793557,49.48736239569522,48.61460304511556,47.89518308056373,47.202780031180964,,,,,,47.202780031180964,,48.58379857369437,#000000,3.167023918175167,47.82529472025611,0.11963055115232403,43.66329096767913,-10.434016594345827,False,False,False,True,True,0.0,0.0,0.0,0.0,0.0,1,0.8718453188020775,1.041263310957261,False,False,False,False,-0.2288605805042956,-0.2643991818491151,False,False,False,False,91473320,90019830.60234657,False,False,False,False,2495881.188798582,False,False,False,False
2023-07-05 00:00:00+00:00,47.0496338332,48.1850843354,47.0305506315,48.0037939191,2318162,,,,,,,,,,,,,,,,,47.27092743304778,48.021001574851326,50.56307524255364,49.57496182488448,49.47490018367723,48.60890080079432,47.89310678087137,47.203665611747866,,,,,,47.203665611747866,,48.576317431553505,#000000,3.139328603195191,47.81695453191152,-0.24442191172040656,43.311404417096654,-10.434016594345827,False,False,False,True,True,0.0,0.0,0.0,0.0,0.0,1,0.8784303112602152,1.0350707470601161,False,False,False,False,-0.2462342481047092,-0.25531671497691216,False,False,False,False,89155158,89985921.87284279,False,False,False,False,2488911.8088456965,False,False,False,False
2023-07-06 00:00:00+00:00,46.0000577388,46.8206354126,45.8187673225,46.7347610049,2326373,,,,,,,,,,,,,,,,,47.02670303167658,47.957298667133976,50.4793435490672,49.544840862044985,49.45527056416957,48.59746255891553,47.88574534165429,47.199661857325765,,,,,,47.199661857325765,,48.51829080399848,"rgba(239, 83, 80, 0.5)",3.1732807361283366,47.78424609512598,-0.5622535491463745,40.92846163313307,-10.434016594345827,False,False,False,True,False,0.0,0.0,0.0,0.0,0.0,1,0.863572731810114,1.0435222207799424,False,False,False,False,-0.33473098641943966,-0.29502385069817594,False,False,False,False,86828785,89862112.58371171,False,False,False,False,2482537.737910571,False,False,False,False
2023-07-07 00:00:00+00:00,46.1718065542,46.9637594255,46.1336401508,46.3053889663,2509317,,,,,,,,,,,,,,,,,46.90634660155296,47.90112104970254,50.396837236817554,49.514959783685526,49.43571430090902,48.58632213167883,47.87886449054792,47.19629063049475,,,,,,47.19629063049475,,48.47705702817364,#000000,3.2035553709872633,47.75867360297255,-0.49534559731474537,39.90385909724574,-10.434016594345827,False,False,False,True,False,0.0,0.0,0.0,0.0,0.0,1,0.868923769340278,1.0425266597178817,False,False,False,False,-0.3186614020965386,-0.30684262639735727,False,False,False,False,89338102,89841563.14905636,False,False,False,False,2483587.905051333,False,False,False,False
2023-07-10 00:00:00+00:00,47.1927578461,47.3263402581,45.9428081336,46.0859321465,2218080,,,,,,,,,,,,,,,,,46.893503889589795,47.867246021345785,50.333673996827294,49.49235462527153,49.42089030232619,48.578361701074336,47.87448228217569,47.1948546708614,,,,,,47.1948546708614,,48.456920936184005,#000000,3.19788633516762,47.74420652623789,-0.17244161372264136,42.28077936333089,-10.434016594345827,False,False,False,True,False,0.0,0.0,0.0,0.0,0.0,1,0.8608521001652896,1.0450980208259781,False,False,False,False,-0.31267652025868387,-0.30975957332802057,False,False,False,False,91556182,89908803.10399532,False,False,False,False,2473175.830343438,False,False,False,False
2023-07-11 00:00:00+00:00,47.6412130865,47.8988363096,47.1545914427,47.4122146659,1705898,,,,,,,,,,,,,,,,,46.96287739635022,47.86012697902508,50.29656756332405,49.479997176533494,49.4128337828015,48.57485974006589,47.87349937618256,47.195939310680195,,,,,,47.195939310680195,,48.45708766562037,#000000,3.1970907813940252,47.741397290219695,-0.03133605223308956,45.04155993319979,-9.835533967797858,False,False,False,True,True,0.0,0.0,0.0,0.0,0.0,1,0.8861845550303536,1.0294612864897792,False,False,False,False,-0.25168304011905646,-0.2807213067235385,False,False,False,False,93262080,90040304.15874061,False,False,False,False,2443086.5036633033,False,False,False,False
2023-07-12 00:00:00+00:00,50.2651533225,50.5514013483,48.280500344,48.280500344,3137818,,,,,,,,,,,,,,,,,47.399865924321304,47.93645911233542,50.282191795429114,49.482549933196594,49.41510069250745,48.58195954206311,47.88409778167831,47.20936287052746,,,,,,47.20936287052746,,48.52394845650735,"rgba(38, 166, 154, 0.5)",3.185827206540643,47.773002572239065,0.7822617451268036,51.827381771436485,-3.6155876669021154,True,False,True,False,True,2.448870768484472,0.0,0.0,0.0,0.0,0,0.8762704359965221,1.0232688973600597,False,False,False,False,-0.12781996760257414,-0.20427063716305632,False,False,False,False,96399898,90289699.99565275,False,False,False,False,2470330.8760686642,False,False,False,False
2023-07-13 00:00:00+00:00,50.5323181466,50.8567325758,50.4082773354,50.5227765457,2104678,,,,,,,,,,,,,,,,,47.70942264858014,48.00858592868971,50.28722459262212,49.491211193528486,49.421358172776785,48.59046854831658,47.89462941811201,47.2215123837947,,,,,,47.2215123837947,,48.57805161080256,"rgba(38, 166, 154, 0.5)",3.178600490727884,47.80068375284246,0.8593827383233076,56.72631455252404,0.6333251881174462,True,False,True,False,True,2.9909179583448555,0.0,0.0,0.0,0.0,0,0.9160765960645184,1.0003132876083016,False,False,False,False,-0.05030262003454063,-0.12728662859879847,False,False,False,False,98504576,90611851.99582323,False,False,False,False,2455991.547595383,False,False,False,False
2023-07-14 00:00:00+00:00,50.1888205157,50.7422333655,49.8739476873,50.4464437389,1754651,,,,,,,,,,,,,,,,,47.90043489393498,48.05849149880708,50.28697775858958,49.49620457061845,49.42507362188929,48.596348560548726,47.90228104341309,47.23058950156416,,,,,,47.23058950156416,,48.61205018117067,"rgba(38, 166, 154, 0.5)",3.1706105649651115,47.81843484562291,0.7476117364489935,59.01729829437508,2.4512405962783106,True,False,True,False,True,2.233877390596806,0.0,0.0,0.0,0.0,0,0.9088717953806025,1.0073446817850424,False,False,False,False,-0.07087685351556684,-0.09908174105718265,False,False,False,False,96749925,90852560.74108507,False,False,False,False,2428487.99670929,False,False,False,False
2023-07-17 00:00:00+00:00,50.2174453182,50.5514013483,49.5876996616,49.759448477,1142091,,,,,,,,,,,,,,,,,48.00322569502454,48.087688826888915,50.285559907215585,49.498797807213194,49.42704891163435,48.59981352631295,47.90692200270566,47.236179423646824,,,,,,47.236179423646824,,48.63065451258025,"rgba(38, 166, 154, 0.5)",3.1674074152478444,47.82832001718448,0.7542841787621986,60.593327308515924,3.749804674680817,True,False,True,False,True,2.2938894748303547,0.0,0.0,0.0,0.0,0,0.8768775891500561,1.0167702547105855,False,False,False,False,-0.08604229791613972,-0.09256201948666118,False,False,False,False,97892016,91128617.81006213,False,False,False,False,2378041.055661867,False,False,False,False
2023-07-18 00:00:00+00:00,51.3719790221,51.815663462,50.436902138,50.6659005586,2121260,,,,,,,,,,,,,,,,,48.257190083059456,48.16771534952545,50.29978827952952,49.51191945389458,49.43641829368883,48.61079275269944,47.91971033725138,47.25040644171283,,,,,,47.25040644171283,,48.68174262392019,"rgba(38, 166, 154, 1.0)",3.160374521809103,48.056235886988574,1.0491614560964706,63.47091947674818,6.3850113633486245,True,False,True,False,True,4.680721856718588,0.0,0.0,0.0,0.0,0,0.8764601249536016,1.0395714614151166,False,False,False,False,-0.01405053649352736,-0.05330627799009427,False,False,False,False,100013276,91477035.77829498,False,False,False,True,2367971.2103417935,False,False,False,False
2023-07-19 00:00:00+00:00,51.1143557989,51.7345598548,50.9330653826,51.3051878161,1641576,,,,,,,,,,,,,,,,,48.43072782528528,48.22790410583239,50.31112041895757,49.52224633264939,49.443814344693045,48.619396383612255,47.92969587394407,47.26149158304341,,,,,,47.26149158304341,,48.71829960850218,"rgba(38, 166, 154, 0.5)",3.1498894859515567,48.077822829629795,0.9640125416504548,64.56371227316028,7.4152456246232745,True,False,True,False,True,4.089538271141748,0.0,0.0,0.0,0.0,0,0.8801177702082886,1.0337566765031752,False,False,False,False,-0.0007254803540817724,-0.02701587917208802,False,False,False,False,98371700,91747414.76738146,False,False,False,False,2339485.1236617235,False,False,False,False
2023-07-20 00:00:00+00:00,49.5399916573,51.0475645929,49.5304500564,50.9712317861,2422307,,,,,,,,,,,,,,,,,48.55710121436384,48.27846771832809,50.30647155176839,49.52671326308954,49.44735588613956,48.62616686824332,47.93895919511212,47.27277595948662,,,,,,47.27277595948662,,48.74425145706644,#000000,3.1388045136041893,48.06933400706074,0.4685406956263585,60.97844302636716,7.4152456246232745,True,False,True,False,True,0.5921803244120518,0.0,0.0,0.0,0.0,0,0.8504766694064417,1.0366713141820092,False,False,False,False,-0.0660165342052384,-0.04651620668866321,False,False,False,False,95949393,91912198.22748415,False,False,False,False,2342733.0403808714,False,False,False,False
2023-07-21 00:00:00+00:00,49.7021988719,49.7642192775,49.0342868118,49.2728268333,1807008,,,,,,,,,,,,,,,,,48.60931385577205,48.303389843475216,50.29631354496731,49.526543722119975,49.44758944035638,48.62926488804804,47.944056595320156,47.27950566799372,,,,,,47.27950566799372,,48.75449719475661,"rgba(38, 166, 154, 0.5)",3.138948912590904,48.06114367735602,0.5228040469092712,58.91931759599275,7.4152456246232745,True,False,True,False,False,0.9365018435629118,0.0,0.0,0.0,0.0,0,0.8424994171982435,1.0559184891398972,False,False,False,False,-0.12177933136064313,-0.08414776902465317,False,False,False,False,97756401,92141382.64993575,False,False,False,False,2321724.215267896,False,False,False,False
2023-07-24 00:00:00+00:00,49.4159508461,49.8739476873,49.1392444212,49.6163244642,1553360,,,,,,,,,,,,,,,,,48.64870293665361,48.32360392231264,50.2875282217477,49.526269126046934,49.447698342105845,48.63183808286789,47.94834518679139,47.28519652287543,,,,,,47.28519652287543,,48.76239779267517,#000000,3.1385268196637757,48.05782798071682,0.4327262258439688,56.814708417814785,14.194298064594022,True,False,True,False,False,0.30896601080894825,0.0,0.0,0.0,0.0,0,0.8478918681614868,1.0563267866781183,False,False,False,False,-0.07500507059436368,-0.07957641980950841,False,False,False,False,96203041,92300663.36954612,False,False,False,False,2291592.2852573907,False,False,False,False
2023-07-25 00:00:00+00:00,49.9121140908,50.203132917,49.2823684341,49.6163244642,1841436,,,,,,,,,,,,,,,,,48.70749452229609,48.35314525045412,50.281403451504865,49.52802886927535,49.44926742240368,48.6360266032058,47.95446563918335,47.29289299628296,,,,,,47.29289299628296,,48.775340594325776,"rgba(38, 166, 154, 0.5)",3.1310028118570314,48.06162044119905,0.5910226725422225,56.53280609987571,13.743875037404791,True,False,True,False,False,1.3849616191550957,0.0,0.0,0.0,0.0,0,0.8839010907888938,1.0371911507611986,False,False,False,False,-0.039656357034022094,-0.059616388421765254,False,False,False,False,98044477,92525910.96289726,False,False,False,False,2273939.0976002384,False,False,False,False
2023-07-26 00:00:00+00:00,49.8166980822,49.9884468976,49.2966808354,49.7785316788,2100703,,,,,,,,,,,,,,,,,48.76219963210771,48.38323225140501,50.273210444602746,49.529288965253315,49.450540858449386,48.640366369270694,47.96102803675397,47.301272612050305,,,,,,47.301272612050305,,48.78764239623665,"rgba(38, 166, 154, 0.5)",3.1170865096905276,48.06530762447434,0.5618677737306489,56.0689347509238,13.001323893399345,True,False,True,False,False,1.1696366015380981,0.0,0.0,0.0,0.0,0,0.8922501544520874,1.0105044953140905,False,False,False,False,-0.04789557450890587,-0.05375598146533556,False,False,False,False,95943774,92659944.80748953,False,False,False,False,2267145.525145327,False,False,False,False
2023-07-27 00:00:00+00:00,48.2709587431,50.2842365243,48.1950076003,50.2842365243,2943962,,,,,,,,,,,,,,,,,48.77327421431554,48.399419909814114,50.246913917094986,49.52308449227884,49.446777356139016,48.641936256165394,47.966035218469656,47.30911358673331,,,,,,47.30911358673331,,48.78831936887636,#000000,3.117278947509117,48.05559715289208,0.06908640318506395,51.9257302341306,8.81729241914963,True,False,False,False,False,0.0,0.0,0.0,0.0,0.0,0,0.8670785866211586,1.0177819740264316,False,False,False,False,-0.058629121243763474,-0.05619255135454952,False,False,False,False,92999812,92673272.93268603,False,False,False,False,2293687.347688648,False,False,False,False
2023-07-28 00:00:00+00:00,48.9674956058,49.2346604298,48.414082756,48.6621643783,1832424,,,,,,,,,,,,,,,,,48.777493347510436,48.40818113123735,50.2305223173338,49.519005915627794,49.444266395656975,48.64274710537068,47.96898030594092,47.313821263339,,,,,,47.313821263339,,48.788127222752124,#000000,3.1030384445702333,48.0508096389557,0.2954156009405372,50.924018538669905,7.679272361604227,True,False,False,False,False,0.0,0.0,0.0,0.0,0.0,0,0.8873383510069981,1.0320266221431837,False,False,False,False,-0.050459749313311694,-0.05332615033393061,False,False,False,False,94832236,92757938.15101208,False,False,False,False,2275598.58895576,False,False,False,False
2023-07-31 00:00:00+00:00,50.0075300994,50.2460701208,49.2537436315,49.4159508461,1829511,,,,,,,,,,,,,,,,,48.82076702724412,48.43412100821299,50.22587873507947,49.52097505630392,49.44596685923245,48.646929053219495,47.97501907829423,47.32138262963312,,,,,,47.32138262963312,,48.79887993090247,"rgba(38, 166, 154, 0.5)",3.068390036503949,48.05805167089259,0.635342445163393,52.52718657065844,7.679272361604227,True,False,False,False,False,1.571955700248882,0.0,0.0,0.0,0.0,0,0.9109165345988942,0.9847591601355922,False,False,False,False,0.12684335417956766,0.036758601922818525,False,False,False,False,96661747,92911028.69410965,False,False,False,False,2258104.9580163187,False,False,False,False
2023-08-01 00:00:00+00:00,48.2900419448,49.3682428418,48.2709587431,49.1106196187,2073530,,,,,,,,,,,,,,,,,48.81289704851539,48.43833746064809,50.205053519447254,49.5148332849645,49.442033936165345,48.64691382671542,47.97745943569422,47.32585869594206,,,,,,47.32585869594206,,48.79542340101153,#000000,3.0102708460268763,48.0512506604356,0.07932551473883927,49.97269601253609,6.505332795274725,True,False,False,False,False,0.0,0.0,0.0,0.0,0.0,0,0.9070571842620552,0.9753536041232239,False,False,False,False,0.006446594365859873,0.021602598144339197,False,False,False,False,94588217,92976800.78453672,False,False,False,False,2250866.7243686197,False,False,False,False
2023-08-02 00:00:00+00:00,46.391263374,48.2518755414,46.324472168,48.2327923397,3414023,,,,,,,,,,,,,,,,,48.68894341671619,48.39174086426162,50.136865462713956,49.48607232126007,49.42240952181533,48.63618324202494,47.97155119924357,47.32399192769985,,,,,,47.32399192769985,,48.75721974446694,"rgba(239, 83, 80, 0.5)",2.9944937686740793,48.010947017130235,-0.540887297904584,45.40275570176116,2.083432424844034,False,False,False,True,False,0.0,0.0,0.0,0.0,0.0,0,0.8758214235007155,1.000186480852755,False,False,False,False,-0.19299350268684426,-0.08569545227125253,False,False,False,False,91174194,92906110.32239802,False,False,False,False,2296480.6959620076,False,False,False,False
2023-08-03 00:00:00+00:00,46.1336401508,46.7347610049,45.7519761165,46.4198881766,2652324,,,,,,,,,,,,,,,,,48.564449478439194,48.33848942792441,50.07317455165762,49.45731508749564,49.402545710119696,48.62402715633302,47.96339248826769,47.31919978964068,,,,,,47.31919978964068,,48.71782421123474,"rgba(239, 83, 80, 0.5)",2.9956380194988217,47.972721409696625,-0.6139197215838215,42.0198973488619,-1.1002899046046366,False,False,False,True,False,0.0,0.0,0.0,0.0,0.0,0,0.8611312858373685,1.018065213232922,False,False,False,False,-0.3373263358214191,-0.2115108940463358,False,False,False,False,88521870,92734179.32936281,False,False,False,False,2310435.3353360463,False,False,False,False
2023-08-04 00:00:00+00:00,46.3340137688,47.202299447,46.2385977603,46.5725537903,2306018,,,,,,,,,,,,,,,,,48.482015747783386,48.3022420984596,50.024801051268184,49.435631383281205,49.387529688743584,48.61522367802699,47.957900787361524,47.31649652502324,,,,,,47.31649652502324,,48.690230119993466,"rgba(239, 83, 80, 0.5)",2.993029855673311,47.946957603569345,-0.5389000152176896,40.26633255535882,-2.7605413031010357,False,False,False,True,False,0.0,0.0,0.0,0.0,0.0,0,0.8761564313150723,1.0038335954645448,False,False,False,False,-0.27007328344564224,-0.240792088745989,False,False,False,False,90827888,92659422.80664271,False,False,False,False,2310262.1064993385,False,False,False,False
2023-08-07 00:00:00+00:00,46.2481393611,46.4485129791,45.8569337259,46.3340137688,1202161,,,,,,,,,,,,,,,,,48.433036347874776,48.279579262855954,49.9971848453672,49.42285738244804,49.37863445489334,48.6097472417637,47.95420740274284,47.3143082005756,,,,,,47.3143082005756,,48.673694392315184,"rgba(239, 83, 80, 0.5)",3.0030762575043686,47.9318843489655,-0.5606734040329463,38.96447083326717,-4.082811527973192,False,False,False,True,False,0.0,0.0,0.0,0.0,0.0,0,0.8826723140494338,1.0141675014270621,False,False,False,False,-0.34282825441539394,-0.29181017158069145,False,False,False,False,89625727,92540454.34363712,False,False,False,False,2266807.1611464233,False,False,False,False
2023-08-08 00:00:00+00:00,45.9905161379,46.1145569491,45.4180200864,45.6565601079,2072997,,,,,,,,,,,,,,,,,48.34112834404547,48.235394435545906,49.946277869713896,49.39875254331057,49.361773947287986,48.599032097161675,47.94664535309492,47.30941319987484,,,,,,47.30941319987484,,48.64230222375441,"rgba(239, 83, 80, 0.5)",3.0083162288092025,47.90376591437944,-0.6359869212409133,37.67798571098925,-5.469393173624411,False,True,False,True,False,0.0,0.0,0.0,0.0,0.0,0,0.8880471216185902,0.9903495315029356,False,False,False,False,-0.34282825441539394,-0.31731921299804267,False,False,False,False,87552730,92344857.31055333,False,False,False,False,2259206.762670093,False,False,False,False
2023-08-09 00:00:00+00:00,46.2099729577,46.4198881766,45.7541706847,46.2672225628,1310468,,,,,,,,,,,,,,,,,48.292608168661616,48.21152913376596,49.91693990808411,49.38489679318342,49.35206010716645,48.59300146752912,47.942540518492926,47.30693701679818,,,,,,47.30693701679818,,48.625064139210224,"rgba(239, 83, 80, 0.5)",3.013546303771428,47.88864049538585,-0.5570405656568173,37.49840627263776,-5.893869719883234,False,True,False,True,False,0.0,0.0,0.0,0.0,0.0,0,0.8925937112665159,0.989427576562684,False,False,False,False,-0.3007271275480974,-0.30902317027307,False,False,False,False,88863198,92208321.65131594,False,False,False,False,2222001.320996756,False,False,False,False
2023-08-10 00:00:00+00:00,46.190889756,46.9446762238,45.9809745371,46.7061362023,1558045,,,,,,,,,,,,,,,,,48.24382227928968,48.187092992221935,49.88485102171266,49.369798990463316,49.34145569030047,48.586576144091424,47.93833771387559,47.30461344460856,,,,,,47.30461344460856,,48.60706853457046,"rgba(239, 83, 80, 0.5)",3.0178499570880386,47.87312393358933,-0.5574280370163085,37.341678631532986,-6.391152049372678,False,True,False,True,False,0.0,0.0,0.0,0.0,0.0,0,0.913690486398785,0.9676343008462365,False,False,False,False,-0.25267261136195657,-0.28084789081751327,False,False,False,False,87305153,92016040.52773494,False,False,False,False,2195963.8182125697,False,False,False,False
2023-08-11 00:00:00+00:00,46.8015522109,46.8683434169,45.9237249319,45.9714329362,1192955,,,,,,,,,,,,,,,,,48.2111459104145,48.17041869083424,49.86176606496,49.35894875171709,49.33381917690218,48.58203302316967,47.93546012074261,47.30314423535993,,,,,,47.30314423535993,,48.59459199676253,#000000,3.007975630522421,47.862534835166834,-0.35272314492872564,39.23567386576492,-6.391152049372678,False,False,False,True,False,0.0,0.0,0.0,0.0,0.0,0,0.9042290020419176,0.9784598101499989,False,False,False,False,-0.26112453284113357,-0.2709862118293234,False,False,False,False,88498108,91878082.38939239,False,False,False,False,2156630.139066979,False,False,False,False
2023-08-14 00:00:00+00:00,45.9141833311,46.4389713783,45.8092257216,46.2099729577,1658407,,,,,,,,,,,,,,,,,48.15541118947503,48.141202576720005,49.82567507335496,49.34148048596834,49.32147639640757,48.57428911837134,47.93012683563539,47.299854462225056,,,,,,47.299854462225056,,48.57368951726971,"rgba(239, 83, 80, 0.5)",3.014861557798137,47.84479511520694,-0.6403649876105554,38.60409779185359,-6.391152049372678,False,True,False,True,False,0.0,0.0,0.0,0.0,0.0,0,0.8793323955549942,1.0005041821934673,False,False,False,False,-0.29592993893114183,-0.2834580753802326,False,False,False,False,86839701,91680498.80549465,False,False,False,False,2137091.9767506267,False,False,False,False
2023-08-15 00:00:00+00:00,44.7310248246,45.8473921251,44.6069840135,45.7233513139,2593484,,,,,,,,,,,,,,,,,48.03526045997987,48.076125294287266,49.75609169466688,49.30639476725281,49.29655338945165,48.55754235532306,47.917466972329066,47.290673772404006,,,,,,47.290673772404006,,48.52951358821183,"rgba(239, 83, 80, 1.0)",3.029646968644285,47.80725831443991,-1.0153768810946566,36.16309604323337,-8.269399131830617,False,True,False,True,False,0.0,0.0,0.0,0.0,0.0,0,0.8466131131497772,1.0143116195219086,False,False,False,False,-0.34282825441539394,-0.31314316489781324,False,False,False,False,84246217,91388958.34253408,False,False,False,False,2154989.703152563,False,False,False,False
2023-08-16 00:00:00+00:00,43.8245727431,44.768237068,43.690990331,44.4638600006,2531871,,,,,,,,,,,,,,,,44.09460004736667,47.89130581891755,47.9956427511259,49.67649684231535,49.26501363693927,49.26700902025244,48.5368657868554,47.901065594489836,47.277925721194,,,,,,47.277925721194,,47.989547246606264,"rgba(239, 83, 80, 1.0)",3.057554516842631,47.61094016221547,-1.238364646732594,33.28128719658916,-11.17470698913683,False,True,False,True,False,0.0,0.0,0.0,0.0,0.0,0,0.8291822329457742,1.0232720385884349,True,False,False,False,-0.34282825441539394,-0.32798570965660356,False,False,False,False,81714346,91009561.78008178,False,False,False,False,2169769.3618524624,False,False,False,False
2023-08-17 00:00:00+00:00,44.3398191894,44.3589023911,43.7857384276,44.0058631594,2499578,,,,,,,,,,,,,,,,44.127828711484206,47.76147353545546,47.920624728521396,49.600998201783,49.225320120007844,49.2385417865571,48.51694455778932,47.88529299202708,47.26570198504296,,,,,,47.26570198504296,,47.9491918465187,"rgba(239, 83, 80, 1.0)",3.0817329709304544,47.571537389250636,-1.0486691190751982,33.05042641315675,-11.556648292861652,False,True,False,True,False,0.0,0.0,0.0,0.0,0.0,0,0.8330339940035175,1.0269740479532457,False,False,False,False,-0.34282825441539394,-0.3354069820359987,False,False,False,False,84213924,90743066.18086289,False,False,False,False,2182703.0339366794,False,False,False,False
2023-08-18 00:00:00+00:00,44.101279168,44.2921111851,43.7100735328,44.1776119748,1790423,,,,,,,,,,,,,,,,44.10333112126653,47.67080723737398,47.86691430273069,49.54694431444849,49.19656187763323,49.21784014628946,48.502373488226034,47.873694245541124,47.256649213624165,,,,,,47.256649213624165,,47.91501288301485,"rgba(239, 83, 80, 1.0)",3.0616133210983207,47.541211063012966,-1.123568372043446,32.52280031463992,-12.295026058204634,False,True,False,True,False,0.0,0.0,0.0,0.0,0.0,0,0.8408599567632656,1.0375759239592668,False,False,False,False,-0.34282825441539394,-0.3391176182256963,False,False,False,False,82423501,90416808.72278984,False,False,False,False,2167319.5031940644,False,False,False,False
2023-08-21 00:00:00+00:00,44.4447767989,44.5592760092,43.7339275349,44.3493607903,1445227,,,,,,,,,,,,,,,,44.12827087897311,47.60485035892641,47.82696385373276,49.50571679175332,49.174521299269436,49.20192653190948,48.49123418362231,47.86489558054442,47.24985598388059,,,,,,47.24985598388059,,47.89424838473465,"rgba(239, 83, 80, 1.0)",3.02893206539244,47.520873512870416,-1.0155713788093375,33.35160128215445,-12.295026058204634,False,True,False,True,False,0.0,0.0,0.0,0.0,0.0,0,0.8380234187180291,1.0302679142804714,False,False,False,False,-0.3282006529703475,-0.3336591355980219,False,False,False,False,83868728,90160021.24346475,False,False,False,False,2139002.1501276307,False,False,False,False
2023-08-22 00:00:00+00:00,44.6642336186,44.7596496272,44.301652786,44.7405664255,1608801,,,,,,,,,,,,,,,,44.20107292362752,47.541262699361994,47.787510018338494,49.46339634361997,49.15183921911067,49.18549989916823,48.47985871243531,47.85603751015147,47.24315461737765,,,,,,47.24315461737765,,47.87884799368791,"rgba(239, 83, 80, 0.5)",2.910987361104256,47.50318920821312,-0.9752552098117631,34.6633512880167,-12.295026058204634,False,True,False,True,False,0.0,0.0,0.0,0.0,0.0,0,0.8561413884862676,1.0175691895556673,False,False,False,False,-0.29021829563375307,-0.3119387156158875,False,False,False,False,85477529,89976394.09666222,False,False,False,False,2118209.9481618414,False,False,False,False
2023-08-23 00:00:00+00:00,45.7042681122,46.1309685026,44.9218568418,45.0268144512,1990799,,,,,,,,,,,,,,,,44.43336244717718,47.491758828760226,47.75494129257895,49.42264268691152,49.13020862197989,49.169753814300385,48.46949274082705,47.848497848395795,47.23803172915793,,,,,,47.23803172915793,,47.88429889000989,"rgba(239, 83, 80, 0.5)",2.783092344184771,47.49687221086069,-0.644105145273497,38.767020366199176,-16.094536296177765,False,True,False,True,True,0.0,0.0,0.0,0.0,0.0,0,0.8726927709384262,0.9851211820690653,False,False,False,False,-0.1951498586248423,-0.2535442871203649,False,False,False,False,87468328,89878038.56345978,False,False,False,False,2113213.440390789,False,False,False,False
2023-08-24 00:00:00+00:00,45.647018507,45.9533038946,45.0268144512,45.313062477,1789738,,,,,,,,,,,,,,,,44.57870408931997,47.448382511139926,47.72590501633801,49.386323865883746,49.11075044915077,49.15554545324059,48.46009782628003,47.841633329754394,47.23333314995361,,,,,,47.23333314995361,,47.88229729900679,"rgba(239, 83, 80, 0.5)",2.658584121610415,47.488209649189514,-0.6925457529153637,41.35769981882031,-13.642168517511479,False,False,False,True,True,0.0,0.0,0.0,0.0,0.0,0,0.8795038475397462,0.9977255049022206,False,False,False,False,-0.19855038953700196,-0.22604733832868346,False,False,False,False,85678590,89713354.30606921,False,False,False,False,2100528.1290029148,False,False,False,False
2023-08-25 00:00:00+00:00,45.1413136615,46.1050153482,44.635608816,45.647018507,1999735,,,,,,,,,,,,,,,,44.67006491646868,47.39611874325354,47.69076056261695,49.34396860464254,49.08776115769716,49.13871865682021,48.44878402092897,47.8331881323212,47.22734728185616,,,,,,47.22734728185616,,47.87074578628949,"rgba(239, 83, 80, 0.5)",2.5039264298275112,47.47366402497101,-0.9314771934539935,41.80338015460536,-13.190792751723507,False,False,False,True,True,0.0,0.0,0.0,0.0,0.0,0,0.8771736798740575,0.9849494509143212,False,False,False,False,-0.20978418880353783,-0.21791576356611064,False,False,False,False,83678855,89476707.27445866,False,False,False,False,2096575.4572773103,False,False,False,False
2023-08-28 00:00:00+00:00,46.1527233525,46.3053889663,45.3226040778,45.4657280907,1663599,,,,,,,,,,,,,,,,44.790786990714544,47.367054608607724,47.66980711116071,49.31479829524942,49.07200176010652,49.12711772309943,48.44130933808591,47.827945651474934,47.22401667405162,,,,,,47.22401667405162,,47.87053757250564,"rgba(239, 83, 80, 0.5)",2.3453958368509973,47.46805477116837,-0.560814254891139,45.03801265447815,-10.083030775273386,False,False,False,True,True,0.0,0.0,0.0,0.0,0.0,0,0.8874723850654862,0.9716526911837058,False,False,False,False,-0.16839896543457042,-0.19315736450034054,False,False,False,False,85342454,89314579.69506814,False,False,False,False,2079595.9883644746,False,False,False,False
2023-08-29 00:00:00+00:00,46.8110938118,46.9351346229,45.8855585285,45.8951001294,2042780,,,,,,,,,,,,,,,,44.975746266414845,47.34753422897948,47.653620061281835,49.2860542250862,49.05661855865388,49.115711291034316,48.43442886656377,47.82362420590656,47.22188457801838,,,,,,47.22188457801838,,47.87946914243769,#000000,2.258405647569969,47.46787063293771,-0.2908143724509365,48.79779091508821,-6.582420693486817,True,False,False,False,True,0.0,0.0,0.0,0.0,0.0,0,0.8867993553068448,0.9741157062440037,False,False,False,False,-0.11363560867713515,-0.15339648658873783,False,False,False,False,87385234,89238919.07957527,False,False,False,False,2078152.2241148874,False,False,False,False
2023-08-30 00:00:00+00:00,46.8874266186,47.5648802796,46.7347610049,47.2309242495,1780699,,,,,,,,,,,,,,,,45.15148196496964,47.34175830990673,47.64630163533506,49.266126054886335,49.04609625363582,49.10783796457983,48.43010532895311,47.8213973467143,47.22144980346162,,,,,,47.22144980346162,,47.892506073604714,#000000,2.1643808027569573,47.52122889794324,-0.29283307195106684,51.48621136825294,-4.14856285758615,True,False,True,False,True,0.0,0.0,0.0,0.0,0.0,0,0.9375775859300355,0.9545536532133218,False,False,False,False,-0.04662452057820033,-0.10001050358346908,False,False,False,False,89165933,89236056.88037625,False,False,False,False,2066487.3917966564,False,False,False,False
2023-08-31 00:00:00+00:00,46.6679697989,47.2163256592,46.1580950516,46.8699956422,2029593,,,,,,,,,,,,,,,,45.28542697802606,47.32684453083811,47.632870120473335,49.23998564832039,49.031956912125615,49.097277187867455,48.42384510442002,47.817607152243596,47.219775571566196,,,,,,47.219775571566196,,47.89728768954231,#000000,2.041635031331837,47.50967805273469,-0.4122716552750421,52.5581133563023,-3.1862441242565254,True,False,True,False,True,0.0,0.0,0.0,0.0,0.0,0,0.9418729941487525,0.9429355110014129,False,False,False,False,-0.0884591832696542,-0.09423484342656163,False,False,False,False,87136340,89153715.04193014,False,False,False,False,2065040.5529026699,False,False,False,False
2023-09-01 00:00:00+00:00,46.3023992253,47.3317689983,46.2831586688,47.2740473287,1305968,,,,,,,,,,,,,,,,45.35764720784166,47.317002233954994,47.62405342417342,49.223173492086715,49.022788071398175,49.09041378293077,48.419744742606134,47.8150926454882,47.218620834952056,,,,,,47.218620834952056,,47.89872627060357,"rgba(239, 83, 80, 0.5)",1.9646345123899636,47.505193727298874,-0.6122230340622912,52.08555345695048,-3.1862441242565254,True,False,True,False,True,0.0,0.0,0.0,0.0,0.0,0,0.9374340407699258,0.9374803005646046,False,False,False,False,-0.07756060601987706,-0.08589772472321935,False,False,False,False,85830372,89023387.86381523,False,False,False,False,2035273.0018084475,False,False,False,False
2023-09-05 00:00:00+00:00,45.4750552957,46.4755642339,45.0613833309,45.792524478,3188686,,,,,,,,,,,,,,,,45.393722889226744,47.26141743032986,47.58263593435022,49.16797631808366,48.991717166594455,49.06725847939836,48.404409702367886,47.80397897918055,47.211141043068,,,,,,47.211141043068,,47.87602866028886,"rgba(239, 83, 80, 1.0)",1.915782873108004,47.46246601280011,-1.0373882891415025,49.392895063224614,-3.1862441242565254,True,False,False,False,False,0.0,0.0,0.0,0.0,0.0,0,0.9067661575529372,0.964553259413205,False,False,False,False,-0.17261664214020206,-0.12925718343171072,False,False,False,False,82641686,88773125.0456264,False,False,False,False,2080504.8840904692,False,False,False,False
2023-09-06 00:00:00+00:00,45.2634091741,45.715562252,44.8689777658,45.3211308437,2542929,,,,,,,,,,,,,,,,45.38437342966901,47.20953546635066,47.54439210589243,49.120422674854666,48.964501245684694,49.04693204166622,48.39058383843611,47.79360113196216,47.20373814929917,,,,,,47.20373814929917,,47.85089778709057,"rgba(239, 83, 80, 1.0)",1.9008808753753481,47.42852814177148,-1.1390082333507394,47.043798089121154,-3.1862441242565254,False,False,False,False,False,0.0,0.0,0.0,0.0,0.0,0,0.9070699449202801,0.9765388020627441,False,False,False,False,-0.21713354545519928,-0.173195364443455,False,False,False,False,80098757,88432953.74971949,False,False,False,False,2098639.163145745,False,False,False,False
2023-09-07 00:00:00+00:00,45.3596119567,45.6434101651,45.0132819396,45.1383455569,1952178,,,,,,,,,,,,,,,,45.38160531187215,47.17262310833999,47.516592149455086,49.08522112817085,48.94419171941361,49.03170563461905,48.38024284704294,47.785868724478554,47.198258371616426,,,,,,47.198258371616426,,47.83292322166763,"rgba(239, 83, 80, 1.0)",1.8745012646485428,47.40733702787168,-1.09241061064614,45.83390048029578,1.6128346367512378,False,False,False,True,False,0.0,0.0,0.0,0.0,0.0,0,0.9150891220296788,0.9758284483043941,False,False,False,False,-0.2137333776110632,-0.1934643710272591,False,False,False,False,82050935,88182678.50463246,False,False,False,False,2092895.5881204219,False,False,False,False
2023-09-08 00:00:00+00:00,45.5712580782,46.1484747733,45.3224776826,45.4269539044,1461785,,,,,,,,,,,,,,,,45.39460974111887,47.15090198936351,47.499427476370585,49.061655517906274,48.9305607150054,49.02143399689712,48.37341078641965,47.78091521466032,47.194926904453766,,,,,,47.194926904453766,,47.82309359357728,"rgba(239, 83, 80, 0.5)",1.854397534430539,47.396849775920494,-0.9844662020008054,45.83694048214628,1.4432354129540386,False,False,False,True,False,0.0,0.0,0.0,0.0,0.0,0,0.9273140505184347,0.957324270198646,False,False,False,False,-0.1756776594437674,-0.18457101523551325,False,False,False,False,83512720,87999542.87699983,False,False,False,False,2068146.15329217,False,False,False,False
2023-09-11 00:00:00+00:00,46.2158167211,46.3986020078,45.7636636432,46.1677153298,1362737,,,,,,,,,,,,,,,,45.4230982195491,47.1371776734972,47.48756012773756,49.04283361744222,48.919682651361136,49.01318372714979,48.3681208596351,47.777292958379924,47.19274378165891,,,,,,47.19274378165891,,47.817965957378995,"rgba(239, 83, 80, 0.5)",1.8252534861276752,47.392156495149464,-0.6444802231525132,48.10848346977268,1.4432354129540386,False,False,False,False,False,0.0,0.0,0.0,0.0,0.0,0,0.9372362724346269,0.9587317742105993,False,False,False,False,-0.14376301071741732,-0.1641670129764653,False,False,False,False,84875457,87877029.70535277,False,False,False,False,2040483.0492414967,False,False,False,False
2023-09-12 00:00:00+00:00,46.1099936603,46.4367945125,45.6097391912,45.7829041997,1905157,,,,,,,,,,,,,,,,45.45558445882784,47.11723819557679,47.47042731629317,49.01626478897208,48.90421709545187,49.001435014898824,48.360524724400605,47.772030108093624,47.18949632833469,,,,,,47.18949632833469,,47.80969089231662,"rgba(239, 83, 80, 0.5)",1.8195525846335525,47.38436974059132,-0.7003788134806617,49.23321704349001,1.4432354129540386,False,False,False,False,True,0.0,0.0,0.0,0.0,0.0,0,0.9106509536799469,0.9714309991264485,False,False,False,False,-0.14908386237294197,-0.15662543767470363,False,False,False,False,82970300,87684608.93259384,False,False,False,False,2035176.1453496735,False,False,False,False
2023-09-13 00:00:00+00:00,45.5423972434,46.3216397818,45.4654350174,46.1869558863,1557677,,,,,,,,,,,,,,,,45.468584946766626,47.09739096297457,47.454055891429746,48.99290204217503,48.89048535546588,48.99100672897484,48.353613639795206,47.76706501432943,47.18621460138983,,,,,,47.18621460138983,,47.800146575922355,"rgba(239, 83, 80, 1.0)",1.8286034279494627,47.374963969957676,-1.0021673909977595,47.99558721766866,1.4432354129540386,False,False,False,False,True,0.0,0.0,0.0,0.0,0.0,0,0.8979422397427761,0.9849225768671938,False,False,False,False,-0.16104364080781775,-0.15883453924126067,False,False,False,False,81412623,87438648.69994311,False,False,False,False,2016450.6886692941,False,False,False,False
2023-09-14 00:00:00+00:00,46.2639181123,46.6102481294,45.5135364087,45.5135364087,1782681,,,,,,,,,,,,,,,,45.49785786726301,47.08126227882427,47.439562643890106,48.969461990206554,48.87668080400661,48.98045514145473,48.34682589056199,47.76241453725158,47.18341259656582,,,,,,47.18341259656582,,47.793103750002736,"rgba(239, 83, 80, 0.5)",1.8298575667452748,47.36868325563035,-0.6037437904499717,49.70147416303206,1.4432354129540386,False,False,False,False,True,0.0,0.0,0.0,0.0,0.0,1,0.9067133671809421,0.9776547078190707,False,False,False,False,-0.1455312933923504,-0.15218291631680553,False,False,False,False,83195304,87272243.02543554,False,False,False,False,2007283.2498979494,False,False,False,False
2023-09-15 00:00:00+00:00,47.2163256592,47.3943008069,46.5429061816,46.6679697989,4420282,,,,,,,,,,,,,,,,45.651624083876854,47.080068849538804,47.42930556991732,48.93130280829426,48.85432837174483,48.96297675587579,48.33709602815517,47.75744206688087,47.1825490624611,,,,,,47.1825490624611,,47.798521510749445,#000000,1.8297136260811917,47.37753645937456,-0.08810712117821036,53.469197622307185,-1.8114763364550868,True,False,True,False,True,0.0,0.0,0.0,0.0,0.0,1,0.9400221701753239,0.9360510761607415,False,False,False,False,-0.06298482863871713,-0.10758387247776133,False,False,False,False,87615586,87285707.4558106,False,False,False,False,2101910.651862736,False,False,False,False
2023-09-18 00:00:00+00:00,47.8993654151,47.9763276411,47.0792366941,47.2644270505,1885338,,,,,,,,,,,,,,,,45.73264799954935,47.08957875016361,47.4317821285622,48.920536903854874,48.848079938389404,48.95792916572636,48.334907523310335,47.75712752040987,47.18385200197789,,,,,,47.18385200197789,,47.80627132577154,#000000,1.82629458409891,47.38664224713948,0.28074505198924393,57.50459987415951,1.9616854685578033,True,False,True,False,True,0.696959126264435,0.0,0.0,0.0,0.0,1,0.9466668354187304,0.9301912675553117,False,False,False,False,-0.012572046540473678,-0.060077959509117505,False,False,False,False,89500924,87372578.69283766,False,False,False,False,2093417.6066916483,False,False,False,False
2023-09-19 00:00:00+00:00,47.4279717808,48.0917709801,47.0720214855,48.0148087541,2802768,,,,,,,,,,,,,,,,45.834778194875916,47.100223552666264,47.43339160272876,48.90336751764646,48.83798221050129,48.94980799665372,48.33110790482992,47.75613066885028,47.18527784458355,,,,,,47.18527784458355,,47.814674165926235,#000000,1.8005373397138391,47.39647574706426,0.017492574600395477,58.40877265557501,2.7623689413724435,True,False,True,False,True,0.0,0.0,0.0,0.0,0.0,1,0.9497966914761933,0.9344175617376964,False,False,False,False,-0.007700863449216608,-0.033889411479167054,False,False,False,False,86698156,87346130.74409893,False,False,False,False,2121235.269174329,False,False,False,False
2023-09-20 00:00:00+00:00,48.3322779364,48.9094946315,47.5722759545,47.6684787371,2427826,,,,,,,,,,,,,,,,45.949047115514816,47.12420840653474,47.445050792771404,48.89667647914594,48.83424511675387,48.946480563958914,48.33086436654548,47.7580870639583,47.18913278084998,,,,,,47.18913278084998,,47.83042140955927,#000000,1.785098312508187,47.542428770444495,0.4424681601125426,60.961838937585945,5.18765667208195,True,False,True,False,True,1.7368856637582155,0.0,0.0,0.0,0.0,0,0.9344066801565909,0.928004970358266,False,False,False,False,0.051659166836065036,0.00888487767844899,False,False,False,False,89125982,87415928.83256564,False,True,False,False,2133258.435089061,False,True,False,False
2023-09-21 00:00:00+00:00,47.2163256592,47.6780990153,46.9950592594,47.283667607,2805758,,,,,,,,,,,,,,,,46.01832129771386,47.128191839177674,47.44269985208408,48.87733521749551,48.82261314695336,48.93718139110747,48.32601554589587,47.75607030263783,47.18957137577198,,,,,,47.18957137577198,,47.833111107648634,#000000,1.7625552737680752,47.51946927768789,-0.17199098547406805,58.99896004448026,5.18765667208195,True,False,True,False,True,0.0,0.0,0.0,0.0,0.0,0,0.8991338455189913,0.9859635428730705,False,False,False,False,-0.029789904562527784,-0.010452513442039396,False,False,False,False,86320224,87372960.01560228,False,False,False,False,2159630.9670463526,False,False,False,False
2023-09-22 00:00:00+00:00,47.1874648245,48.0051884759,46.9373375899,47.7358206848,1840586,,,,,,,,,,,,,,,,46.06263818260506,47.1319042172341,47.4420213458972,48.865529916499625,48.815473500446096,48.93143313643476,48.32310509694913,47.75498596701963,47.190071425226705,,,,,,47.190071425226705,,47.835240309812484,#000000,1.740354712181962,47.51703049213545,-0.18936695222450267,57.60387354677386,5.18765667208195,True,False,True,False,False,0.0,0.0,0.0,0.0,0.0,0,0.8608606600598824,0.9884209623682032,False,False,False,False,-0.01766036735559131,-0.014056440398815352,False,False,False,False,84479638,87259496.40714729,False,False,False,False,2147119.3997112014,False,False,False,False
2023-09-25 00:00:00+00:00,46.7353117467,47.1201228767,46.3505006166,47.014299816,1937992,,,,,,,,,,,,,,,,46.08497862300639,47.12576183974773,47.434457629036615,48.848030284610125,48.80471468380271,48.92294840027662,48.31799624908768,47.75192674401021,47.18879523769586,,,,,,47.18879523769586,,47.83106774347488,#000000,1.7354839395805663,47.50334926396235,-0.4425494812979774,55.30157604745051,5.18765667208195,True,False,True,False,False,0.0,0.0,0.0,0.0,0.0,0,0.8584755697239589,1.001917661184556,False,False,False,False,-0.08409738090625143,-0.04907691065253339,False,False,False,False,82541646,87074482.66569053,False,False,False,False,2138918.325212723,False,False,False,False
2023-09-26 00:00:00+00:00,45.2249280611,46.5236656251,45.2153077829,46.3505006166,2882706,,,,,,,,,,,,,,,,46.064719957783424,47.09263353524094,47.406566881623874,48.80947966669197,48.780665016189545,48.904273188336234,48.30530997663422,47.7426087303073,47.18241784906652,,,,,,47.18241784906652,,47.809852755763785,"rgba(239, 83, 80, 1.0)",1.734398618779519,47.46125754369341,-1.2893976381087584,50.11178876272467,6.331312891068492,False,False,False,False,False,0.0,0.0,0.0,0.0,0.0,0,0.8398206770501416,1.0055829051365925,False,False,False,False,-0.16326580594234164,-0.10617135829743751,False,False,False,False,79658940,86783677.07095757,False,False,False,False,2168086.469322028,False,False,False,False
2023-09-27 00:00:00+00:00,43.4644171411,45.0229022179,43.0122640633,45.0229022179,3709379,,,,,,,,,,,,,,,,45.937265364055314,47.00084532410329,47.335936404604176,48.733361167835085,48.73253391883534,48.86725958439496,48.27806641548767,47.720385815091525,47.16459816716626,,,,,,47.16459816716626,,47.752250240174845,"rgba(255, 26, 202, 1.0)",1.776613435756572,47.368378892205016,-2.197417666968454,43.776601748280726,0.5568148240062101,False,True,False,True,False,0.0,0.0,0.0,0.0,0.0,0,0.791901219302799,1.0577738181960323,False,False,False,False,-0.3411634801443827,-0.2236674192209101,False,False,False,False,75949561,86358809.77405728,False,False,False,False,2228529.313662341,False,False,False,False
2023-09-28 00:00:00+00:00,43.8588485494,43.9069499407,43.2252570237,43.5894807584,2449892,,,,,,,,,,,,,,,,45.85461810474926,46.939910779285405,47.288614831423374,48.68265679401335,48.70017335378908,48.84229525152913,48.25957516762989,47.70521249614043,47.15233904290927,,,,,,47.15233904290927,,47.71393286905213,"rgba(255, 0, 0, 1.0)",1.8063556635741806,47.31462388895402,-1.9131201065443442,40.71945297277127,-2.044543481077014,False,True,False,True,False,0.0,0.0,0.0,0.0,0.0,0,0.7861019486648541,1.0773826790639376,False,False,False,False,-0.34282825441539394,-0.283247836818152,False,False,False,False,78399453,86046678.13585895,False,False,False,False,2237210.203322641,False,False,False,False
2023-09-29 00:00:00+00:00,43.7241646539,44.686192479,43.3008724108,44.5418883053,2338495,,,,,,,,,,,,,,,,45.78919616851356,46.88789949279528,47.24748573887176,48.63746521893891,48.67112136453813,48.81978278530539,48.24297718431399,47.69168863047505,47.14151687853658,,,,,,47.14151687853658,,47.68101482914319,"rgba(255, 0, 0, 1.0)",1.8434995170182158,47.2724378578047,-1.9247486485073153,38.465427879333866,-3.995212088547298,False,True,False,True,False,0.0,0.0,0.0,0.0,0.0,0,0.8144899177834416,1.0512329061043792,False,False,False,False,-0.292441397286382,-0.28784461705226705,False,False,False,False,76060958,85655081.26778606,False,False,False,False,2241182.156133518,False,False,False,False
2023-10-02 00:00:00+00:00,42.1271984641,42.964162672,41.8092482679,42.8968207242,2882202,,,,,,,,,,,,,,,,45.650714272028,46.793040069315666,47.17448859772904,48.564454696237945,48.62391314038222,48.78335793312466,48.21519755076769,47.66815192393802,47.1217203005076,,,,,,47.1217203005076,,47.62167094267009,"rgba(255, 26, 202, 1.0)",1.9229084150761209,47.19606527363187,-2.6360417218992818,34.741492371185934,-7.407582078875706,False,True,False,True,False,0.0,0.0,0.0,0.0,0.0,0,0.7985565491628708,1.0441732123492609,False,False,False,False,-0.34282825441539394,-0.3153364357338305,False,False,False,False,73178756,85165813.61022583,False,False,False,False,2266320.1892263214,False,False,False,False
2023-10-03 00:00:00+00:00,42.5697312637,42.7621368287,41.6077034385,41.9925145686,3720972,,,,,,,,,,,,,,,,45.48802961079787,46.67656308983992,47.08361696649694,48.47283862189363,48.56411442800985,48.73702343892284,48.179793254845215,47.63814062576918,47.09646895366192,,,,,,47.09646895366192,,47.54850988780416,"rgba(255, 26, 202, 1.0)",1.9806896013718756,47.1080681125225,-2.291291298585673,33.62674748379888,-8.43114788132634,False,True,False,True,False,0.0,0.0,0.0,0.0,0.0,0,0.7944865744153895,1.0495499560144659,False,False,False,False,-0.34282825441539394,-0.3290823450746122,False,False,False,False,76899728,84841653.39021696,False,False,False,False,2323365.3582762694,False,False,False,False
2023-10-04 00:00:00+00:00,41.742387334,42.7140354375,41.5788426038,42.6755543244,3675154,,,,,,,,,,,,,,,42.0117551251,45.32835549293708,46.559769858869196,46.99167421451833,48.38064796543741,48.50335916544725,48.68978922628815,48.14346396542342,47.607167880235664,47.070232136006986,,,,,42.0117551251,47.070232136006986,,46.92862150302635,"rgba(255, 26, 202, 1.0)",2.0530448993446933,46.847499206216995,-2.486605078070374,31.795136235369384,-10.267420067705167,False,True,False,True,False,0.0,1.0,42.714035,41.578842,0.0,0,0.7921501096401037,1.0562472092592914,True,False,False,False,-0.34282825441539394,-0.33595529974500304,False,False,False,False,73224574,84386081.64942415,False,False,False,False,2376376.677559553,True,False,False,False
2023-10-05 00:00:00+00:00,42.6755543244,42.6851746027,41.6461845515,41.7135264993,1779488,,,,,,,,,,,,,,,42.117416574561766,45.26324473518508,46.50917484783837,46.951161569840096,48.339170903672006,48.47579244974763,48.668253984563464,48.1269479152086,47.59315425885255,47.058432645878554,,,,,42.117416574561766,47.058432645878554,,46.910274988534816,"rgba(255, 0, 0, 1.0)",2.1053257434003805,46.817861778914235,-1.967537549711363,33.3119212282884,-10.267420067705167,False,True,False,True,False,0.0,0.0,0.0,0.0,0.0,0,0.7944225361926892,1.0525199298286179,False,False,False,False,-0.340955178493382,-0.3384552391191925,False,False,False,False,75004062,84018159.31023104,False,False,False,False,2352969.2784395707,False,False,False,False
2023-10-06 00:00:00+00:00,43.3874549151,43.6278656686,42.5408704289,42.964162672,2687288,,,,,,,,,,,,,,,42.46990928732173,45.19714794575984,46.45012265208015,46.902321406636865,48.286316814259216,48.440323682587426,48.64033490141334,48.105817212969185,47.57553001389672,47.04391087153115,,,,,42.46990928732173,47.04391087153115,,46.911173478845555,"rgba(255, 0, 0, 1.0)",2.138835663172932,46.79689843118723,-1.5940652079035231,36.179988846323134,-10.267420067705167,False,True,False,True,True,0.0,0.0,0.0,0.0,0.0,0,0.8275196167408977,1.0415339703232598,False,False,False,False,-0.25390449319665864,-0.2961798661579256,False,False,False,False,77691350,83770049.14120238,False,False,False,False,2366079.81653998,False,False,False,False
2023-10-09 00:00:00+00:00,44.5803694183,44.7246735921,43.9839121667,44.1666974535,2857362,,,,,,,,,,,,,,,42.97900510668987,45.172037896122276,46.41266159824066,46.86868628918094,48.244715591299304,48.41193526479765,48.61765961519002,48.089178236567946,47.56221188164834,47.03352985467675,,,,,42.97900510668987,47.03352985467675,,46.93916213344138,"rgba(239, 83, 80, 1.0)",2.151556192095051,46.80081078019707,-1.0320164400330811,40.78136729094271,-17.1471532083305,False,True,False,True,True,0.0,0.0,0.0,0.0,0.0,0,0.8428511778866374,1.0065925821428534,False,False,False,False,-0.13924581184183707,-0.2177128389998813,False,False,False,False,80548712,83643722.19448856,False,False,False,False,2385345.7845188044,False,False,False,False
2023-10-10 00:00:00+00:00,44.9748008266,45.0517630526,44.0897352274,44.5803694183,2016246,,,,,,,,,,,,,,,43.24644725205635,45.16150890700763,46.39061445613136,46.84811962999003,48.21797970848373,48.39351470474152,48.60284960715443,48.07840558500195,47.55370322799382,47.02702473401915,,,,,43.24644725205635,47.02702473401915,,46.952016781257996,"rgba(239, 83, 80, 0.5)",2.159344566415877,46.801997112168536,-0.846180972683461,44.65071843675099,-13.473594631383747,False,False,False,True,True,0.0,0.0,0.0,0.0,0.0,0,0.8336667932996562,1.0238499809095598,False,False,False,False,-0.09047295000561857,-0.15409289450274993,False,False,False,False,82564958,83601417.71627332,False,False,False,False,2370871.2831651256,False,False,False,False
2023-10-11 00:00:00+00:00,45.7444230867,45.8406258692,44.9940413831,45.5039161304,2542583,,,,,,,,,,,,,,,43.619042127555346,45.17160383462229,46.37676551524299,46.832460648700575,48.192581297560125,48.37565774604962,48.5882328986912,48.06820078879657,47.5461172029977,47.021755578339,,,,,43.619042127555346,47.021755578339,,46.97924176385554,#000000,2.1609528093155115,46.81523215792845,-0.4955263560649564,48.71512720953312,-9.658178288372454,True,False,False,False,True,0.0,0.0,0.0,0.0,0.0,0,0.8780049191488374,1.004595291607476,False,False,False,False,0.024227306252056626,-0.06493279412534665,False,False,False,False,85107541,83660481.37445867,False,False,False,False,2377605.07598218,False,False,False,False
2023-10-12 00:00:00+00:00,44.9651805483,45.9368286518,44.8122181241,45.7444230867,1677292,,,,,,,,,,,,,,,43.776600996852096,45.17279535083968,46.36485449835508,46.82009667965875,48.17430380069218,48.362819525454086,48.57776560788255,48.06075498554306,47.54043398705795,47.01763361622074,,,,,43.776600996852096,47.01763361622074,,46.986805904855615,"rgba(239, 83, 80, 0.5)",2.1684904309097783,46.817162902922504,-0.8540422075302946,49.63660307622424,-8.75381166741574,True,False,False,False,True,0.0,0.0,0.0,0.0,0.0,0,0.9097006368705921,0.9822730840992953,False,False,False,False,0.019588924096818477,-0.022671935014264087,False,False,False,False,83430249,83651452.65389167,False,False,False,False,2350141.818100526,False,False,False,False
2023-10-13 00:00:00+00:00,46.7545523032,47.0720214855,45.8213853127,46.4755642339,3528595,,,,,,,,,,,,,,,44.24779140257631,45.22281754104278,46.36882639259317,46.81575015893777,48.15342726000112,48.3473421258429,48.564519740094234,48.05243559442251,47.53532630891802,47.015367871129534,,,,,44.24779140257631,47.015367871129534,,47.03236043955583,#000000,2.168425516025076,46.84861267983107,-0.04337726886902322,53.36413343361219,-5.115723184246789,True,False,True,False,True,0.07611556022995813,0.0,0.0,0.0,0.0,0,0.9251398307055042,0.9171418136074492,False,False,False,False,0.1365407390485608,0.05693440201714835,False,False,False,False,86958844,83781154.27530769,False,False,False,False,2396355.6683710935,False,False,False,False
2023-10-16 00:00:00+00:00,46.3601208948,46.8026536944,46.100373382,46.4659439556,1711481,,,,,,,,,,,,,,,44.41328233539472,45.24357154019133,46.36936615498838,46.81270085919755,48.1426991182497,48.33940105657464,48.557752191456245,48.04809178123691,47.53254800975921,47.01397649162159,,,,,44.41328233539472,47.01397649162159,,47.047338953867026,#000000,2.167888918021072,46.85922768458644,-0.2302271051055735,54.945135482403614,-3.493032146121763,True,False,True,False,True,0.0,0.0,0.0,0.0,0.0,0,0.9226940989451888,0.932396837965713,False,False,False,False,0.13707146498060344,0.0970029334988759,False,False,False,False,85247363,83838652.65666817,False,False,False,False,2369497.8382388935,False,False,False,False
2023-10-17 00:00:00+00:00,47.4472123373,47.514554285,46.2735383906,46.3697411731,2489271,,,,,,,,,,,,,,,44.679028421048194,45.28865940203586,46.37986761744708,46.815653609900814,48.13319882130485,48.33188545152536,48.55099003022354,48.04435107309789,47.5309071261737,47.01419523272796,,,,,44.679028421048194,47.01419523272796,,47.07687367854852,#000000,2.1663101461757166,46.88240180059189,0.26072468787776937,57.662148077716246,-0.7390930348111411,True,False,True,False,True,1.5794849596274858,0.0,0.0,0.0,0.0,0,0.9339305994693725,0.9059919454139307,False,False,False,False,0.1862684057010437,0.1416356695999598,False,False,False,False,87736634,83991514.67013216,False,False,False,False,2374194.824974623,False,False,False,False
2023-10-18 00:00:00+00:00,47.4087312243,48.5343037797,47.2548067722,48.2168345974,2736955,,,,,,,,,,,,,,,44.98072548615998,45.352952814659425,46.401542571823924,46.82672116482707,48.129305358229956,48.32798384989189,48.54689746741746,48.04303438894693,47.53170531905291,47.01686581407988,,,,,44.98072548615998,47.01686581407988,,47.11577342350894,#000000,2.1598860139668585,46.91485751898575,0.22865730048744526,59.37641127848367,1.0913261217944736,True,False,True,False,True,1.4933579147604021,0.0,0.0,0.0,0.0,0,0.9630946078047968,0.8842978314917379,False,False,False,False,0.301291503947182,0.22146358677357092,False,False,False,False,84999679,84031050.5262054,False,False,False,False,2388420.7141913045,False,False,False,False
2023-10-19 00:00:00+00:00,47.7358206848,47.9618972237,46.9661984247,47.3702501113,2789144,,,,,,,,,,,,,,,45.216173585989246,45.41043621478622,46.420068354814404,46.83556574910773,48.12366923753738,48.32288674021712,48.54186636710588,48.04094122720825,47.531797430225794,47.018895310791905,,,,,45.216173585989246,47.018895310791905,,47.146230021778386,#000000,2.1636597067439802,46.94108395674633,0.3673113316186106,61.032194300541875,2.919932337921267,True,False,True,False,True,2.2034760391988293,0.0,0.0,0.0,0.0,0,0.9518802719336226,0.9010652582481932,False,False,False,False,0.25101456302554054,0.23623907489955573,False,False,False,False,87788823,84178414.15262873,False,False,False,False,2404135.3528504693,False,False,False,False
2023-10-20 00:00:00+00:00,47.9089856934,48.7555701795,47.8127829108,47.8705045804,4497299,,,,,,,,,,,,,,,45.594452378472,45.52147705546364,46.463981567697495,46.8609982508286,48.1242210224923,48.321164535301435,48.53876250930553,48.04175225261615,47.53583394053738,47.02579172324795,,,,,45.594452378472,47.02579172324795,,47.20284352359624,#000000,2.168712031856088,47.11004223633025,0.3683953633927012,62.4156672306279,4.533472574231666,True,False,True,False,True,2.581414910256168,0.0,0.0,0.0,0.0,0,0.9618566244032049,0.8948418350271002,False,False,False,False,0.3428282423481199,0.28953365862383784,False,False,False,False,92286122,84496363.47997662,False,False,False,False,2486220.201758294,False,False,False,False
2023-10-23 00:00:00+00:00,47.514554285,48.0244290324,46.3697411731,47.4472123373,3051775,,,,,,,,,,,,,,,45.731514203826784,45.56900879569138,46.47811444514642,46.8666862287789,48.11563530815258,48.313949969012974,48.53199907198607,48.03832728365689,47.53482132126787,47.02692443578082,,,,,45.731514203826784,47.02692443578082,,47.22069810633007,#000000,2.1711474028616333,47.10927453637502,0.1866661600639433,62.12852412796124,4.6011196938984895,True,False,True,False,True,1.6564086672092238,0.0,0.0,0.0,0.0,0,0.9373271933326788,0.9080114658472708,False,False,False,False,0.21642018817124328,0.2529769233975406,False,False,False,False,89234347,84682166.75527167,False,False,False,False,2508398.8212971846,False,False,False,False
2023-10-24 00:00:00+00:00,47.5626556763,47.8126867081,46.9277173117,47.0335403725,1549805,,,,,,,,,,,,,,,45.7981746207285,45.593946305784854,46.4862258831117,46.870372716633554,48.11203765029336,48.31079640680956,48.52895691492467,48.03690879625013,47.53459999979087,47.02776841764605,,,,,45.7981746207285,47.02776841764605,,47.22997877119733,#000000,2.173021459546534,47.11476630196863,0.20611364529498627,62.03208050611036,4.952115770015588,True,False,True,False,True,1.7650675725169727,0.0,0.0,0.0,0.0,0,0.9559281626976298,0.9104547870806837,False,False,False,False,0.23600519490311364,0.2444910591503271,False,False,False,False,90784152,84921460.29428062,False,False,False,False,2470806.906736511,False,False,False,False
2023-10-25 00:00:00+00:00,46.9565781464,48.2264548757,46.9469578682,47.4279717808,3147431,,,,,,,,,,,,,,,45.91442437141402,45.64106809129686,46.501305708820325,46.87696306178777,48.10423490197284,48.30404405784978,48.52250744559553,48.0337746079364,47.533896574264695,47.02923003055582,,,,,45.91442437141402,47.02923003055582,,47.246144885149405,#000000,2.1698786480830408,47.12547263153864,-0.07783591275385472,60.04750077140319,4.952115770015588,True,False,True,False,True,0.3301840408013703,0.0,0.0,0.0,0.0,0,0.9792207623632468,0.8934242520638923,False,False,False,False,0.2607533064035372,0.25262218277693216,False,False,False,False,87636721,85027941.10626963,False,False,False,False,2497341.1849037064,False,False,False,False
2023-10-26 00:00:00+00:00,45.600118913,47.1201228767,44.7054330355,46.9180970334,4849064,,,,,,,,,,,,,,,45.90363655644622,45.64762192038189,46.483690677877306,46.85595808451294,48.06731082311848,48.276559213222434,48.49930490961994,48.0176187819665,47.52213834097741,47.021402154165266,,,,,45.90363655644622,47.021402154165266,,47.22952414622884,"rgba(239, 83, 80, 0.5)",2.1286077762675943,47.08561476659618,-0.6978720411333452,55.23711505361784,4.952115770015588,True,False,True,False,False,0.0,0.0,0.0,0.0,0.0,0,0.9562897779983293,0.8964231218563946,False,False,False,False,0.07514109488464155,0.16388163883078685,False,False,False,False,82787657,84940086.82759239,False,False,False,False,2589565.60902513,False,False,False,False
2023-10-27 00:00:00+00:00,46.9373375899,46.9854389812,45.2537888959,45.792524478,3628960,,,,,,,,,,,,,,,45.9382539290911,45.668805450701655,46.4819819324078,46.8492334363286,48.04738697135899,48.26115413985371,48.485908861798244,48.0088347039926,47.51640454995735,47.018396851672904,,,,,45.9382539290911,47.018396851672904,,47.2276360827163,#000000,2.0762871264490026,47.0784667279227,-0.06797187933447023,55.08047416542935,4.952115770015588,True,False,True,False,False,0.32164133545688856,0.0,0.0,0.0,0.0,0,0.9650210307239038,0.8937451371040966,False,False,False,False,0.0975496241868895,0.1307156315088382,False,False,False,False,86416617,84997989.97160839,False,False,False,False,2630326.173377086,False,False,False,False
2023-10-30 00:00:00+00:00,45.8117650345,47.283667607,45.5904986347,46.9373375899,3345296,,,,,,,,,,,,,,,45.95605875366925,45.68311303749304,46.47769460854799,46.84104770203446,48.027662075098824,48.2459513978376,48.472757058425756,48.00001023413723,47.51040880041208,47.01493486192672,,,,,45.95605875366925,47.01493486192672,,47.22296385295829,"rgba(239, 83, 80, 0.5)",2.030692489089262,47.0697577231792,-0.6194895068742756,52.51525606956159,8.940038371828749,True,False,False,False,False,0.0,0.0,0.0,0.0,0.0,0,0.9734759879544118,0.8902712410301172,False,False,False,False,0.1321431206552295,0.13142937608203387,False,False,False,False,83071321,84922434.32566296,False,False,False,False,2658364.205793671,False,False,False,False
2023-10-31 00:00:00+00:00,45.1287252786,45.9512590691,44.609230253,45.6097391912,3592761,,,,,,,,,,,,,,45.22973820023332,45.91118600523502,45.671001606308614,46.45541762783962,46.81854074411645,47.99544814221124,48.22191495621477,48.452590263267275,47.98534016036966,47.49906134709599,47.0065696978724,,,,,45.91118600523502,47.0065696978724,,47.0224371591604,"rgba(239, 83, 80, 0.5)",1.9855308005174799,46.98654126561623,-0.9356772438544075,49.50122191345872,5.929686358051811,False,False,False,False,False,0.0,0.0,0.0,0.0,0.0,0,0.9567662904559231,0.9181865498267696,False,False,False,False,0.006982866618814897,0.06920612135042438,False,False,False,False,79478560,84708949.0579899,False,False,False,False,2695007.217331174,False,False,False,False
2023-11-01 00:00:00+00:00,45.2249280611,45.754043365,44.6573316443,45.3596119567,2631502,,,,,,,,,,,,,,45.22228153171919,45.880921120257064,45.66219483991714,46.43937141506334,46.802271888696254,47.97217239963953,48.2044488702878,48.437897625564425,47.97462518095466,47.49075729556688,47.00043191315663,,,,,45.880921120257064,47.00043191315663,,47.007943098256625,"rgba(239, 83, 80, 0.5)",1.8991813012192325,46.966576052806204,-0.9170519900275463,47.72980784257457,4.129878712895646,False,False,False,True,False,0.0,0.0,0.0,0.0,0.0,0,0.9485621070864679,0.9256876378108548,False,False,False,False,-0.0010344884871964055,0.034085816431613986,False,False,False,False,82110062,84607031.91846089,False,False,False,False,2692516.81665152,False,False,False,False
2023-11-02 00:00:00+00:00,45.7829041997,45.8887272605,45.1287252786,45.869486704,2721044,,,,,,,,,,,,,,45.33721466248021,45.868889538739296,45.66098697272356,46.42831898094095,46.789813555788726,47.95183697302032,48.18891478761744,48.4246551798429,47.96517636097158,47.48368526402844,46.99549677337401,,,,,45.868889538739296,46.99549677337401,,47.008635368138854,"rgba(239, 83, 80, 0.5)",1.8119844897338342,46.9592350007949,-0.6491947407715903,47.936006831898894,4.129878712895646,False,False,False,True,False,0.0,0.0,0.0,0.0,0.0,0,0.9497847735593283,0.9445410257033285,False,False,False,False,0.031562194529839015,0.032824005480726504,False,False,False,False,84831106,84615819.13734478,False,False,False,False,2693635.5297240093,False,False,False,False
2023-11-03 00:00:00+00:00,47.5818962328,47.8512640238,46.3986020078,46.6198684076,3484394,,,,,,,,,,,,,,45.88106215603691,45.94214350302453,45.700279711554536,46.44239787900568,46.79619748509179,47.94451186310054,48.182004279493874,48.417839500023796,47.9616887507384,47.48270119076617,46.9967626333399,,,,,45.94214350302453,46.9967626333399,,47.06796263201602,#000000,1.7764915144785192,47.00106506820853,0.32695408892058003,51.67411615423395,4.129878712895646,True,False,False,False,True,1.9209257450280077,0.0,0.0,0.0,0.0,1,0.9598262126539345,0.9168479184631471,False,False,False,False,0.2083063377855219,0.1205651716331242,False,False,False,False,88315500,84760904.66137047,False,False,False,False,2724645.6658132635,False,False,False,False
2023-11-06 00:00:00+00:00,47.2932878852,47.7550612413,47.1393634332,47.1393634332,1943216,,,,,,,,,,,,,,46.08586854789167,45.98312466418216,45.72296133266145,46.4511359042649,46.80054597630719,47.941209594063075,48.17869513019631,48.414465268950735,47.96009357950247,47.482471047836526,46.99776020577504,,,,,45.98312466418216,46.99776020577504,,47.09257556833015,#000000,1.732469932519302,47.01996610801607,0.1577642255450142,53.46443201252881,4.129878712895646,True,False,True,False,True,1.2731908856889085,0.0,0.0,0.0,0.0,1,0.9782583343655168,0.919818876217737,False,False,False,False,0.24477410280337225,0.18266963721824822,False,False,False,False,86372284,84824096.0079834,False,False,False,False,2694001.3651931356,False,False,False,False
2023-11-07 00:00:00+00:00,46.3408803383,46.7737928597,45.5327769652,46.5910075729,2873266,,,,,,,,,,,,,,46.10751830469559,45.99243558414119,45.732520338249884,46.447989919852006,46.79434331907826,47.92598852799872,48.166553084871104,48.403783409103184,47.95285222736782,47.47752445206722,46.99488117938891,,,,,45.99243558414119,46.99488117938891,,47.090580940619446,#000000,1.6889934237044122,47.01641828939743,-0.39996482023937696,52.48235129061027,4.129878712895646,True,False,False,False,True,0.0,0.0,0.0,0.0,0.0,1,0.9468746984221507,0.93463654767065,False,False,False,False,0.10120619342626064,0.14193791532225442,False,False,False,False,83499018,84772132.16453308,False,False,False,False,2701031.3508718363,False,False,False,False
2023-11-08 00:00:00+00:00,45.1383455569,46.3408803383,44.9170791571,45.94644893,3263375,,,,,,,,,,,,,,46.005353326417186,45.96952630749747,45.726763667642885,46.433293810239014,46.77852326291997,47.901579456829296,48.14770823795682,48.38765856049303,47.94117872755294,47.46863930337946,46.98851200289043,,,,,45.96952630749747,46.98851200289043,,47.06806696943804,"rgba(239, 83, 80, 1.0)",1.631131507840042,46.99464334168083,-1.1380429939943675,49.51859323276632,4.129878712895646,False,False,False,False,False,0.0,0.0,0.0,0.0,0.0,0,0.9277286337176569,0.9525987157168928,False,False,False,False,0.04451212696684216,0.09322502114454828,False,False,False,False,80235643,84594230.62866904,False,False,False,False,2723084.0429945095,False,False,False,False
2023-11-09 00:00:00+00:00,45.5135364087,46.3697411731,44.7631547051,45.3018902872,2177034,,,,,,,,,,,,,,45.96154292578362,45.95766939284948,45.72424120610931,46.42455562227949,46.76883425237669,47.886111559660634,48.13566842310871,48.377303665924416,47.93371215820161,47.463000322887,46.984523454556935,,,,,45.95766939284948,46.984523454556935,,47.05610572579435,"rgba(239, 83, 80, 0.5)",1.5697492652070815,46.98267232164587,-0.935904826018227,48.3878518871507,4.129878712895646,False,False,False,False,False,0.0,0.0,0.0,0.0,0.0,0,0.9122796365920679,0.9630016370500509,False,False,False,False,0.03777657438126761,0.06550079776290794,False,False,False,False,82412677,84508679.50597614,False,False,False,False,2701670.3158182544,False,False,False,False
2023-11-10 00:00:00+00:00,45.2730294524,45.3403714002,44.8112560963,45.1191050004,1892376,,,,,,,,,,,,,,45.89841047247589,45.93815447036457,45.71714902220029,46.41363145806515,46.75776504349799,47.870516319391726,48.12365971851785,48.36707671613524,47.926157774933294,47.45708835708481,46.980095953818044,,,,,45.93815447036457,46.980095953818044,,47.04088230058953,"rgba(239, 83, 80, 1.0)",1.5477895423591996,46.96777949132421,-1.0949486299933275,47.16171526554288,3.0998350948263393,False,True,False,True,False,0.0,0.0,0.0,0.0,0.0,0,0.919177504826178,0.9711154293632619,False,False,False,False,-0.01500113028548334,0.025249833738712302,False,False,False,False,80520301,84352272.50574178,False,False,False,False,2669933.2838253817,False,False,False,False
2023-11-13 00:00:00+00:00,44.8978386006,45.5904986347,44.7246735921,45.0229022179,1657406,,,,,,,,,,,,,,45.84614146991688,45.92036639064285,45.710333645966614,46.403693185110484,46.747775417749786,47.85665299489419,48.112973993825506,48.357977819016234,47.91940811523073,47.45177813488297,46.97608751101711,,,,,45.92036639064285,46.97608751101711,,47.02756260711394,"rgba(239, 83, 80, 1.0)",1.5099216390798385,46.95464894977768,-1.3621967497804204,45.5980420254783,1.4214109590115669,False,True,False,True,False,0.0,0.0,0.0,0.0,0.0,0,0.915451078000579,0.9688118976519419,False,False,False,False,-0.006206981536270985,0.009521426101220658,False,False,False,False,78862895,84137002.79963425,False,False,False,False,2630226.331518504,False,False,False,False
2023-11-14 00:00:00+00:00,46.3986020078,46.5693619468,45.62974937,45.8983475388,2120990,,,,,,,,,,,,,,45.872551319994464,45.92749975693038,45.716844981791986,46.401774652900514,46.74364938521642,47.84621583173973,48.104439519367,48.35037857360109,47.9142198566211,47.44822105867663,46.974005753547004,,,,,45.92749975693038,46.974005753547004,,47.027254608216936,#000000,1.4311802225164072,46.953365807560274,-0.3876267929309746,48.01778946555481,1.4214109590115669,False,True,False,False,False,0.0,0.0,0.0,0.0,0.0,1,0.9386688781609477,0.9281606024056089,False,False,False,False,0.0953725951372018,0.052447010619211226,False,False,False,False,80983885,84013351.12121722,False,False,False,False,2610256.279302092,False,False,False,False
2023-11-15 00:00:00+00:00,45.9945503213,46.6006278511,45.7348028085,46.138854495,1596047,,,,,,,,,,,,,,45.88520327255231,45.93094615861095,45.72074601314931,46.3997287798419,46.74008294162784,47.838027218161905,48.097768855934255,48.34445953864417,47.9101341834385,47.445367339013494,46.972266971655074,,,,,45.93094615861095,46.972266971655074,,47.02588466114816,"rgba(239, 83, 80, 0.5)",1.401550043977438,46.9514285314606,-0.6827285363604234,48.736695943904465,1.4214109590115669,False,False,False,False,True,0.0,0.0,0.0,0.0,0.0,1,0.9435616317457236,0.9152195088167924,False,False,False,False,0.10277411491223315,0.07761056276572219,False,False,False,False,79387838,83831958.44979693,False,False,False,False,2570483.366388284,False,False,False,False
2023-11-16 00:00:00+00:00,46.8603753639,47.6107570676,46.2542978341,46.3697411731,2471016,,,,,,,,,,,,,,45.96318537993075,45.95871526911582,45.738716072944705,46.405192207087225,46.741537630144045,47.831288950075574,48.091642219024116,48.338609825148744,47.906634717292725,47.4436006276699,46.972068838015005,,,,,45.95871526911582,46.972068838015005,,47.03556288513169,#000000,1.405383098514349,46.95972720564312,-0.07069377869148144,50.99064051800498,1.4214109590115669,False,False,False,False,True,0.6020567164924095,0.0,0.0,0.0,0.0,1,0.9463202174000895,0.8949298291360888,False,False,False,False,0.18679793751753454,0.13220425014162837,False,False,False,False,81858854,83754581.80470686,False,False,False,False,2566582.6853534495,False,False,False,False
2023-11-17 00:00:00+00:00,46.5429061816,47.4183515025,46.4467033991,47.32214872,1647677,,,,,,,,,,,,,,46.003780836964445,45.9744040567919,45.74934243898299,46.408018097067,46.74188765695947,47.82634084302051,48.08722966612608,48.33444896987072,47.904068873815525,47.44219734060876,46.97171868783299,,,,,45.9744040567919,46.97171868783299,,47.040312497094575,#000000,1.4075662744337165,46.96380109256192,-0.299023156924708,51.72892849050329,-3.7333252761890705,False,False,False,False,True,0.0,0.0,0.0,0.0,0.0,1,0.9445673804523088,0.9063949763743737,False,False,False,False,0.18679793751196802,0.1595010938267982,False,False,False,False,80211177,83615624.75354187,False,False,False,False,2530547.168280765,False,False,False,False
2023-11-20 00:00:00+00:00,46.7449320249,46.9469578682,46.0715125473,46.0811328255,1565384,,,,,,,,,,,,,,46.02943403471219,45.98504954464525,45.757223729942865,46.40922433577218,46.741053776820706,47.820706331265455,48.082368892594964,48.32996521619696,47.901168835067956,47.44042384418308,46.97096630767918,,,,,45.98504954464525,46.97096630767918,,47.04250771353461,#000000,1.4105256291066437,46.96554667953414,-0.15640598801020467,52.659566904302025,-2.635101802411782,True,False,True,False,True,0.35090398654681465,0.0,0.0,0.0,0.0,1,0.9345812600703282,0.9211567186125206,False,False,False,False,0.1400463729717998,0.149773733399299,False,False,False,False,81776561,83543504.60634416,False,False,False,False,2492697.6322697545,False,False,False,False
2023-11-21 00:00:00+00:00,47.6492381806,48.4477212755,47.4664528938,47.6107570676,2648878,,,,,,,,,,,,,,46.15570090716819,46.03838327136982,45.7900599419591,46.42544861283686,46.751157420353216,47.82096426998826,48.08112556527707,48.327908660942136,47.90099538153317,47.44187307885713,46.9738864969174,,,,,46.03838327136982,46.9738864969174,,47.064318509745675,#000000,1.4258530450849876,46.986054788878036,0.4651134238608975,55.12305276058429,-0.11345378953699736,True,False,True,False,True,2.3342512759871177,0.0,0.0,0.0,0.0,1,0.9486024558227851,0.9041015264671602,False,False,False,False,0.3038452367177186,0.22680948505850881,False,False,False,False,84425439,83578090.26884048,False,False,False,False,2498822.3525729016,False,False,False,False
2023-11-22 00:00:00+00:00,47.6973395718,48.0917709801,47.3798703895,47.8608843021,2225919,,,,,,,,,,,,,,46.24181470421643,46.077824702236335,45.81516094904375,46.43757455769858,46.75851206180703,47.82033935484881,48.07949120157319,48.32571807076241,47.90044151823698,47.44269750860281,46.97596135795899,,,,,46.077824702236335,46.97596135795899,,47.079594180635034,#000000,1.4422999204999174,47.00060687055696,0.4830706091986386,56.85943560237604,1.6640793839091756,True,False,True,False,True,2.4388904261366378,0.0,0.0,0.0,0.0,1,0.94940160072331,0.9077069792138701,False,False,False,False,0.27797997532972973,0.2523947301941193,False,False,False,False,86651358,83698610.57202321,False,False,False,False,2488120.2603151407,False,False,False,False
2023-11-24 00:00:00+00:00,47.9282262499,48.2456954322,47.6973395718,47.7646815196,1139741,,,,,,,,,,,,,,46.28875038648381,46.10008659183537,45.82930902324633,46.444810932748744,46.76313854347205,47.820784524965774,48.07920584696583,48.32503580922347,47.90053162340803,47.4434687642412,46.97735083401162,,,,,46.10008659183537,46.97735083401162,,47.08840662550929,"rgba(38, 166, 154, 0.5)",1.4618869767866791,47.00909155332173,0.6287317085200288,58.49241818768954,3.333872156830644,True,False,True,False,True,2.9470863306737236,0.0,0.0,0.0,0.0,0,0.9532737512495022,0.9090543284401874,False,False,False,False,0.305545535801015,0.2789701329975671,False,False,False,False,87791099,83859100.31429681,False,False,False,False,2435242.6422635666,False,False,False,False
2023-11-27 00:00:00+00:00,48.8613932403,49.0345582488,48.2649359887,48.6497471187,3216384,,,,,,,,,,,,,,46.463055289347956,46.184846647935416,45.88221196046257,46.474986448012174,46.78422812121699,47.82897299251536,48.08339592170029,48.32708952924458,47.90419506520487,47.44884856590245,46.98428891832057,,,,,46.184846647935416,46.98428891832057,,47.12419267816938,"rgba(38, 166, 154, 1.0)",1.5021314166142605,47.04393299783946,1.2099209312571453,61.33780853210641,6.111002214797722,True,False,True,False,True,4.969857126557162,0.0,0.0,0.0,0.0,0,0.9449272724750886,0.9086336849312934,False,False,False,False,0.3428282430264578,0.31089918801201244,False,False,False,False,91007483,84139429.04706949,False,False,False,False,2465875.636684603,False,False,False,False
2023-11-28 00:00:00+00:00,51.3819061422,51.3915264205,49.2077232573,49.2077232573,5349679,,,,,,,,,,,,,,46.910192337342686,46.41335418692855,46.02334679114623,46.56531029501058,46.85247591070657,47.871204108935736,48.111108668366434,48.34708128281605,47.924530488590655,47.47119838367892,47.00846782584714,,,,,46.41335418692855,47.00846782584714,,47.22711547994268,"rgba(0, 255, 0, 1.0)",1.6275189637657241,47.14544797941566,2.603016159628705,66.4275705315001,10.874403468577043,True,False,True,False,True,9.999265202536673,0.0,0.0,0.0,0.0,0,0.947271677934442,0.8832350898940623,False,False,False,False,0.34282824533112155,0.326863716671567,False,False,False,False,96357162,84618555.82953736,False,False,False,False,2578965.964657756,False,False,False,False
2023-11-29 00:00:00+00:00,51.3819061422,51.6512739333,50.6507649951,51.6512739333,3480911,,,,,,,,,,,,,,47.19008284655224,46.56816084629713,46.12148997342766,46.62987714741646,46.90203615697764,47.90346844366858,48.13276689709354,48.36305331093779,47.940313765418985,47.48813319261761,47.02644919308422,,,,,46.56816084629713,47.02644919308422,,47.29689379759017,"rgba(0, 255, 0, 1.0)",1.744074775179267,47.21505104430514,2.3891493399224037,69.82074519776255,13.912428813277735,True,False,True,False,True,9.999265202536673,0.0,0.0,0.0,0.0,0,0.9699197479079992,0.8809448638980516,False,False,False,False,0.3428282461900512,0.3348459814308091,False,False,False,False,96357162,85078893.32641825,False,False,False,False,2614336.358200589,False,False,False,False
2023-11-30 00:00:00+00:00,52.0457053416,52.09416503,50.5546007295,51.0765115736,5371736,,,,,,,,,,,,,,47.58791017233849,46.804370160533324,46.275411382285384,46.733128576203235,46.9821388155663,47.9569826739001,48.16917916986754,48.39021419332461,47.96684209824322,47.516296455132874,47.056099941613255,,,,,46.804370160533324,47.056099941613255,,47.40350669445531,"rgba(0, 255, 0, 1.0)",1.8706515662786287,47.322341890254066,2.524983025429119,72.74356279498424,16.509166703659872,True,False,True,False,True,11.25464760573555,0.0,0.0,0.0,0.0,0,0.962887979243871,0.8891582236780915,False,False,False,False,0.3428282463454208,0.338837113888115,False,False,False,False,101728898,85731834.68616655,False,False,False,False,2722469.6774868406,False,False,False,False
2023-12-01 00:00:00+00:00,52.7144490415,53.0148991096,51.7937149619,52.0166295285,4516997,,,,,,,,,,,,,,47.93738984875168,47.022417184849886,46.420158611684954,46.83296599100609,47.06082221141909,48.01223316774072,48.20754208705473,48.41937722720651,47.994617979556445,47.54512458080868,47.08588607266049,,,,,47.022417184849886,47.08588607266049,,47.50350317843084,"rgba(0, 255, 0, 1.0)",2.000223720135277,47.42354853036558,2.6451543684206467,75.30472979647706,18.803636550037595,True,False,True,False,True,12.49562842055266,0.0,0.0,0.0,0.0,0,1.001463594043572,0.8655265527327788,False,False,False,False,0.3428282471950085,0.34083268054156174,False,False,False,False,106245895,86536307.63965023,False,False,False,False,2792843.297977553,False,False,False,False
2023-12-04 00:00:00+00:00,51.8615585257,52.2250061887,51.3188100156,51.851866588,4179674,,,,,,,,,,,,,,48.175733621115896,47.185717850805446,46.533381885094414,46.911205835577114,47.12247920082163,48.05433362896197,48.23671185816095,48.441400623964775,48.01604566104054,47.56775237788248,47.109608473866096,,,,,47.185717850805446,47.109608473866096,,47.57767009248103,"rgba(0, 255, 0, 1.0)",2.0901439390001815,47.49931597776098,2.087053655273949,74.13075608475113,18.803636550037595,True,False,True,False,True,10.333683916117849,0.0,0.0,0.0,0.0,0,0.9873472932060888,0.8759782173269,False,False,False,False,0.29781405924263793,0.31932336989209986,False,False,False,False,102066221,87145323.84986003,False,False,False,False,2847228.8157039233,False,False,False,False
2023-12-05 00:00:00+00:00,51.2703503272,51.7064875228,50.7469856925,51.4641890808,3060107,,,,,,,,,,,,,,48.30818049967796,47.284694124751276,46.60479924345976,46.960555606394664,47.161326780695816,48.0800463650041,48.25445895866153,48.454684498775585,48.02928119109823,47.581994099524096,47.12476907593239,,,,,47.284694124751276,47.12476907593239,,47.62225367672504,"rgba(0, 255, 255, 0.75)",2.1493955713422674,47.54522219284903,1.7331049640270157,71.53569890017559,18.803636550037595,True,False,True,False,False,8.867883112545062,0.0,0.0,0.0,0.0,0,0.9862749807332091,0.8694727085327016,False,False,False,False,0.2599343275862886,0.28962884873919426,False,False,False,False,99006114,87610452.87535572,False,False,False,False,2855576.979793966,False,False,False,False
2023-12-06 00:00:00+00:00,51.2994261402,52.0263214662,51.1152793243,51.5708003953,1977664,,,,,,,,,,,,,,48.394348412280415,47.3498418413105,46.652133889889086,46.99360299054481,47.187493857628624,48.097684321582264,48.26672645679338,48.46393344825495,48.03840968359735,47.59173702967887,47.135073501388966,,,,,47.3498418413105,47.135073501388966,,47.65190776663175,"rgba(0, 255, 255, 0.75)",2.208455374788276,47.57577821681197,1.6860870117174156,69.85144182349637,18.803636550037595,True,False,True,False,False,8.92484154351395,0.0,0.0,0.0,0.0,0,1.0129733242633496,0.8572068799058271,False,False,False,False,0.28374917439564423,0.2866890115674192,False,False,False,False,100983778,88134896.9978908,False,False,False,False,2821149.019802046,False,False,False,False
2023-12-07 00:00:00+00:00,50.8923647577,51.609568146,50.7179098794,51.609568146,2079522,,,,,,,,,,,,,,48.46874143384998,47.40965845987797,46.69681161373637,47.02472945724323,47.21209201115619,48.113826207086326,48.27790431714696,48.47229374745696,48.046827344777554,47.60086243224459,47.14484607674599,,,,,47.40965845987797,47.14484607674599,,47.67896300921111,"rgba(38, 166, 154, 1.0)",2.2540306175826452,47.603798539745604,1.4589714054023137,67.4182043142475,24.18589599953016,True,False,True,False,False,7.904778261182809,0.0,0.0,0.0,0.0,0,1.039168864036921,0.8401063474717643,False,False,False,False,0.25560566052364747,0.2711473360455333,False,False,False,False,98904256,88557224.80189508,False,False,False,False,2792065.6072607893,False,False,False,False
2023-12-08 00:00:00+00:00,49.6614886723,50.6791421287,49.3901144173,49.9231709897,3092947,,,,,,,,,,,,,,48.52591813559503,47.46801292604005,46.74439505345575,47.05710643348038,47.23725891094237,48.12820450787684,48.28751691617212,48.47911366911305,48.05448301469916,47.60983043776461,47.15501506592225,,,,,47.46801292604005,47.15501506592225,,47.704259551914696,"rgba(38, 166, 154, 0.5)",2.2786857771543625,47.63048155755155,0.8913063552293681,62.36914396207001,19.393169207025295,True,False,True,False,False,4.907996065928071,0.0,0.0,0.0,0.0,0,1.0122308392867505,0.835888204016467,False,False,False,False,0.1794340771087178,0.22529070657712558,False,False,False,False,95811309,88841698.69201684,False,False,False,False,2803864.8775642877,False,False,False,False
2023-12-11 00:00:00+00:00,49.5839531709,49.6857185165,48.4209206493,49.0315127231,2652760,,,,,,,,,,,,,,48.549089096177184,47.50259108732408,46.77556939197,47.077820065535384,47.253075814634805,48.13571783519142,48.292254219022354,48.48215655045358,48.05861132090464,47.61520934620494,47.16153936194241,,,,,47.50259108732408,47.16153936194241,,47.71851218994189,"rgba(38, 166, 154, 0.5)",2.3001783053304865,47.64586605753478,0.8425812507116742,58.80691034595,16.110685996328073,True,False,True,False,False,4.722763155490082,0.0,0.0,0.0,0.0,0,0.9957503109044169,0.8635768204961587,False,False,False,False,0.11489754628503338,0.17009412643107946,False,False,False,False,93158549,89010986.93938874,False,False,False,False,2797939.1960911783,False,False,False,False
2023-12-12 00:00:00+00:00,48.7504465304,49.7099483607,48.5420698703,49.6614886723,2345141,,,,,,,,,,,,,,48.56185642837453,47.52813756844417,46.7999695417441,47.093888912009625,47.26525281703481,48.140900855568844,48.295388180357406,48.484007531414036,48.06152702107757,47.619263692568914,47.16663726254098,,,,,47.52813756844417,47.16663726254098,,47.72880271010319,#000000,2.30452040157426,47.65711961122297,0.4744270948654475,54.40776594236885,12.069525417634011,False,False,False,False,False,2.745850335521407,0.0,0.0,0.0,0.0,0,1.0228631386467166,0.8461828110468707,False,False,False,False,0.11963907295871307,0.14486659969489626,False,False,False,False,90813408,89081670.11823623,False,False,False,False,2780182.4040876026,False,False,False,False
2023-12-13 00:00:00+00:00,51.9100182141,51.9584779025,48.4827552117,48.8376739695,4072676,,,,,,,,,,,,,,48.665810926365886,47.62176921114221,46.87441313035995,47.14666886721279,47.30731647313418,48.16811550549971,48.31435584584144,48.49817270424194,48.07607832812402,47.63526266353429,47.183964549261994,,,,,47.62176921114221,47.183964549261994,,47.77199347315622,"rgba(0, 255, 255, 0.75)",2.378550030087963,47.702183110804185,1.7690757184284245,57.43703153917829,12.069525417634011,True,False,True,False,False,9.069723425137298,0.0,0.0,0.0,0.0,0,1.0242373110239071,0.813916220534896,False,False,False,False,0.19181795717519742,0.16834227843504684,False,False,False,False,94886084,89309294.19203089,False,False,False,False,2830868.427456716,False,False,False,False
2023-12-14 00:00:00+00:00,52.850136169,54.1100880674,52.4333828488,52.5981457893,4113396,,,,,,,,,,,,,,48.867298386425006,47.77728768695502,46.99031322022696,47.2318965186225,47.376798227441014,48.219202378686916,48.351156286434694,48.52681678789607,48.10322348420698,47.663184204102144,47.212600279755165,,,,,47.77728768695502,47.212600279755165,,47.84725249643204,"rgba(0, 255, 0, 1.0)",2.4776535062682123,47.77970706908347,2.0464641593704926,60.63895180162174,12.069525417634011,True,False,True,False,True,10.776368718348362,0.0,0.0,0.0,0.0,0,1.0762541168537523,0.7900314721172909,False,False,False,False,0.34282824774644133,0.2555852630907441,False,False,False,False,98999480,89689301.47861792,False,False,False,False,2881163.626379982,False,False,False,False
2023-12-15 00:00:00+00:00,52.3461554097,52.9082877951,52.2783118459,52.6659893531,4819089,,,,,,,,,,,,,,49.050240657540854,47.92881954509439,47.107575728496464,47.31852922389276,47.4475700125153,48.27034074940655,48.38805856650995,48.55546716272719,48.130779273364034,47.691867125719185,47.2423205281614,,,,,47.92881954509439,47.2423205281614,,47.92105168849346,"rgba(0, 255, 255, 0.75)",2.55556883275731,47.856086471261484,1.756974369418176,61.56241004502881,12.069525417634011,True,False,True,False,True,9.578732079530397,0.0,0.0,0.0,0.0,0,1.0733363267765554,0.8066183647224924,False,False,False,False,0.29425542123787446,0.2749203421643093,False,False,False,False,94180391,89865422.63631919,False,False,False,False,2957160.699855277,False,False,False,False
2023-12-18 00:00:00+00:00,52.7919845429,52.9179797328,52.0457053416,52.607837727,2564828,,,,,,,,,,,,,,49.14224504957335,48.00682349307874,47.1688076336433,47.36413113765685,47.4849877607594,48.29753221975371,48.407782263808166,48.570831469023396,48.14555148391937,47.707228117233406,47.25822394142194,,,,,48.00682349307874,47.25822394142194,,47.95946768817014,"rgba(0, 255, 255, 0.75)",2.641371949408555,47.89588660423818,1.853619267728704,62.78905473934949,4.684696978828896,True,False,True,False,True,10.392996443503982,0.0,0.0,0.0,0.0,0,1.0563200609330883,0.8202656630359754,False,False,False,False,0.27852376313214205,0.2767220526482257,False,False,False,False,96745219,90135218.57214981,False,False,False,False,2941775.103782521,False,False,False,False
2023-12-19 00:00:00+00:00,53.7321024979,54.2360832573,52.8695200444,53.0148991096,2532483,,,,,,,,,,,,,,49.254247821250296,48.09803777080787,47.2391543984371,47.41709840272791,47.52873778366605,48.33039954119696,48.43182107818175,48.589740566613195,48.16339461063846,47.725475543723476,47.27684471057344,,,,,48.09803777080787,47.27684471057344,,48.004995657074225,"rgba(0, 255, 0, 1.0)",2.7490676654902915,47.94289979758551,2.105878575848731,64.81293745373162,6.842801972808779,True,False,True,False,True,12.078136019047438,0.0,0.0,0.0,0.0,0,1.0546950306239802,0.8142246971826808,False,False,False,False,0.3428282461694211,0.3097751494088234,False,False,False,False,99277702,90493747.33402629,False,False,False,False,2925724.433045952,False,False,False,False
2023-12-20 00:00:00+00:00,52.4043070357,53.8677896254,52.3946150981,53.7321024979,2253713,,,,,,,,,,,,,,49.33352135573829,48.16642136300973,47.2935153474895,47.45806736140185,47.562580780802335,48.35534830832111,48.45006556027882,48.60404199801837,48.17708014113814,47.73963525191452,47.29144192787674,,,,,48.16642136300973,47.29144192787674,,48.03924721781723,"rgba(0, 255, 255, 0.75)",2.806967322919228,47.97839520408221,1.576759300145635,62.96663997084558,6.842801972808779,True,False,True,False,True,8.923406426665455,0.0,0.0,0.0,0.0,0,1.0454642139970116,0.8262103636628464,False,False,False,False,0.30641828568416624,0.3080967175464948,False,False,False,False,97023989,90749835.24249585,False,False,False,False,2899371.0435147383,False,False,False,False
2023-12-21 00:00:00+00:00,52.9470555458,53.6739508718,52.6659893531,53.3541169284,1815073,,,,,,,,,,,,,,49.39846451546787,48.22244220728121,47.338131265509965,47.491858506501494,47.590573854484354,48.37615099855396,48.4653302763694,48.61604341156149,48.18852569754476,47.75143836372097,47.30357521905185,,,,,48.22244220728121,47.30357521905185,,48.06750311964067,"rgba(0, 255, 255, 0.75)",2.8722690935529727,48.007666827154075,1.719681742122546,62.53549362042483,6.842801972808779,True,False,True,False,True,9.907029015875313,0.0,0.0,0.0,0.0,0,1.031993095267622,0.8384260084524416,False,False,False,False,0.3097323149748786,0.30891451626068667,False,False,False,False,98839062,91067059.82122152,False,False,False,False,2856849.5516121997,False,False,False,False
2023-12-22 00:00:00+00:00,53.5964153704,54.6916043282,53.5285718066,54.1682396935,2588336,,,,,,,,,,,,,,49.5075475759728,48.31360929415354,47.40972635849687,47.546496793217635,47.63604591184156,48.41074620712656,48.4908579401762,48.63624780493259,48.20754426930247,47.77082165005666,47.32329618470191,,,,,48.31360929415354,47.32329618470191,,48.11390363545262,"rgba(0, 255, 255, 0.75)",2.95073762295822,48.4070289282945,1.758674306291915,63.16728132598418,6.842801972808779,True,False,True,False,True,11.068889014299288,0.0,0.0,0.0,0.0,0,1.038609391024907,0.8174775218945822,False,False,False,False,0.3428282462170863,0.3258713812388865,False,False,False,False,101427398,91473347.59293832,False,False,False,False,2846319.6084117214,False,False,False,False
2023-12-26 00:00:00+00:00,53.7321024979,54.0596899915,53.3735008037,53.790254124,1397776,,,,,,,,,,,,,,49.561523326706414,48.359789464712314,47.44648345702682,47.57463060890164,47.659495755640044,48.428523592757756,48.50399943378265,48.6466509985385,48.21737556029558,47.78087211233045,47.333549511597305,,,,,48.359789464712314,47.333549511597305,,48.13753580202631,"rgba(0, 255, 255, 0.75)",3.0288206652038516,48.42715400360561,1.7514897977419042,63.78136412490544,7.021163709023483,True,False,True,False,True,11.311276062697395,0.0,0.0,0.0,0.0,0,1.03474657776948,0.8535452509151807,False,False,False,False,0.31089746951561564,0.3183844253772511,False,False,False,False,102825174,91918517.25596035,False,False,False,False,2789513.9767093007,False,False,False,False
2023-12-27 00:00:00+00:00,54.3136187587,54.5559172007,53.6933347472,53.7224105602,2065054,,,,,,,,,,,,,,49.64743448711385,48.432393855797486,47.50398485613502,47.61884375213714,47.696448377419586,48.45686335303988,48.52501678635733,48.663346554433716,48.233060043561935,47.79681803666858,47.34973793113956,,,,,48.432393855797486,47.34973793113956,,48.17490436670946,"rgba(0, 255, 255, 0.75)",3.1220981080595283,48.47050279531375,1.8715350258541088,65.0215802588715,8.621645740269543,True,False,True,False,True,12.350035839934435,0.0,0.0,0.0,0.0,0,1.0352834696236717,0.8422503770846075,False,False,False,False,0.3428282462302577,0.3306063358037544,False,False,False,False,104890228,92427211.79494229,False,False,False,False,2761103.78154423,False,False,False,False
2023-12-28 00:00:00+00:00,53.2862733646,54.4008461978,53.2184298009,54.0228606283,2042281,,,,,,,,,,,,,,49.71935328853127,48.49571632706243,47.555274091389414,47.658362903288726,47.72950893514728,48.4819421149725,48.543637075472574,48.67811802013652,48.247059123990155,47.811153755125545,47.36438539835955,,,,,48.49571632706243,47.36438539835955,,48.207682821225085,"rgba(0, 255, 255, 0.75)",3.1821858095388245,48.49944269000564,1.5042586954682229,63.11237339340107,8.621645740269543,True,False,True,False,True,9.855101762629342,0.0,0.0,0.0,0.0,0,1.0254426779669412,0.8553164563635626,False,False,False,False,0.3172579876548467,0.32393216172930056,False,False,False,False,102847947,92835868.07749356,False,False,False,False,2732914.652856221,False,False,False,False
2023-12-29 00:00:00+00:00,53.1602781748,53.4025766168,52.4721505995,53.1021265487,1813242,,,,,,,,,,,,,,49.77124014475284,48.54399367950138,47.59550068386108,47.68940221990106,47.755488194928695,48.501336055118635,48.55804512327794,48.689519121011976,48.25799628324942,47.82246652776447,47.37604567035402,,,,,48.54399367950138,47.37604567035402,,48.23282124579286,"rgba(38, 166, 154, 1.0)",3.230591173590319,48.51693913609389,1.4373032021708065,61.52057933163289,8.621645740269543,True,False,True,False,False,9.552873017692573,0.0,0.0,0.0,0.0,0,0.9991216393032675,0.8854485530511315,False,False,False,False,0.24838904944078524,0.2861606055850429,False,False,False,False,101034705,93157391.09406245,False,False,False,False,2696849.0586265656,False,False,False,False
2024-01-02 00:00:00+00:00,52.3849231604,53.4025766168,52.2589279705,52.8985958574,2315127,,,,,,,,,,,,,,49.82865846247108,48.599716297967696,47.64293458324959,47.72609198231406,47.78623271536497,48.52406637665892,48.57495546812392,48.70288581315662,48.270924980624336,47.83592651205993,47.38999713957851,,,,,48.599716297967696,47.38999713957851,,48.26203548468814,"rgba(38, 166, 154, 1.0)",3.2659657378929103,48.53672566336492,1.1782724639107225,58.54416039135704,14.379018028259893,False,False,True,False,False,7.703176168103255,0.0,0.0,0.0,0.0,0,1.0002755325603294,0.8769610428712119,False,False,False,False,0.24013976522554625,0.26315018540529456,False,False,False,False,98719578,93375516.07076588,False,False,False,False,2681879.5661314065,False,False,False,False
2024-01-03 00:00:00+00:00,50.9408244461,51.4060374547,50.5725308142,51.124971262,3085976,,,,,,,,,,,,,,49.85797917375107,48.64156583586125,47.68382110506595,47.757589601942605,47.81252352138379,48.54168725054267,48.58799178725935,48.71297189088285,48.28141009149056,47.84746628686672,47.40251142516892,,,,,48.64156583586125,47.40251142516892,,48.28431981547416,"rgba(38, 166, 154, 0.5)",3.282531626359935,48.53385455390605,0.7332663219038307,53.61646173158492,9.649985457650388,False,True,False,False,False,4.401962532385994,0.0,0.0,0.0,0.0,0,0.9741670819312377,0.9069415368724423,False,False,False,False,0.1016640273878555,0.18240710639657504,False,False,False,False,95633602,93464068.4601476,False,False,False,False,2697726.485106645,False,False,False,False
2024-01-04 00:00:00+00:00,50.9602083214,51.2267366076,50.3593081853,50.9020566953,3452983,,,,,,,,,,,,,,49.88558941661809,48.6842702422079,47.726710582288455,47.7907809860609,47.8402938768678,48.56011220291171,48.601659526621894,48.72353651951647,48.2925084448488,47.85976840257304,47.41592660592861,,,,,48.6842702422079,47.41592660592861,,48.30737789149487,"rgba(38, 166, 154, 0.5)",3.29992084758951,48.53763305839221,0.7341313246278043,50.37768852271101,6.6514746968215235,False,True,False,False,False,4.440539167694141,0.0,0.0,0.0,0.0,0,0.9926466661334873,0.8973906581544665,False,False,False,False,0.08722083376298764,0.13481397007978135,False,False,False,False,99086585,93684559.3048477,False,False,False,False,2727344.387651483,False,False,False,False
2024-01-05 00:00:00+00:00,51.0086680098,52.0553972793,50.5628388765,50.8051373185,2231318,,,,,,,,,,,,,,49.90899915461718,48.7154457970177,47.75693987693337,47.814334925318306,47.86008697971071,48.57371213057794,48.61180584476232,48.73145570927304,48.30063275517615,47.86861613252455,47.425443924258715,,,,,48.7154457970177,47.425443924258715,,48.32431574819727,"rgba(38, 166, 154, 0.5)",3.31641856069202,48.54749417790076,0.7421179766240596,48.344819974426,4.780588944977367,False,True,False,True,False,4.538758266213289,0.0,0.0,0.0,0.0,0,0.9873485675804212,0.8825844228728126,False,False,False,False,0.12529475196857018,0.13005436102417578,False,False,False,False,101317903,93983906.1164223,False,False,False,False,2707892.372449464,False,False,False,False
2024-01-08 00:00:00+00:00,50.8439050693,51.1055873866,50.1170097433,50.3011565592,1604156,,,,,,,,,,,,,,49.91879206940809,48.73281036691689,47.77512425957777,47.828504893351514,47.871985787808086,48.581490681742864,48.617600535327824,48.73592918584171,48.30540604395904,47.87396220180478,47.431320149278314,,,,,48.73281036691689,47.431320149278314,,48.33390237954699,"rgba(38, 166, 154, 0.5)",3.3312971339060975,48.55104846965165,0.6882774209215838,46.62589098541183,3.1386207311718763,False,True,False,True,False,4.156479652124467,0.0,0.0,0.0,0.0,0,0.9802210530697203,0.9027987219188295,False,False,False,False,0.07387992621337708,0.10196714361877643,False,False,False,False,99713747,94208605.75891554,False,False,False,False,2664608.5931377206,False,False,False,False
2024-01-09 00:00:00+00:00,49.9813226157,50.9795921968,49.9231709897,50.9795921968,1986038,,,,,,,,,,,,,,49.92454681584368,48.749642369737245,47.79432401601242,47.843464899414066,47.884537292823325,48.589255666374186,48.62337336720956,48.74032728665654,48.310316392572716,47.87963009582715,47.43768929993693,,,,,48.749642369737245,47.43768929993693,,48.343373409309805,#000000,3.3361460526911424,48.55258683925886,0.4282593609139615,43.69100489286596,0.3208443028508583,False,True,False,True,False,2.1749856442082276,0.0,0.0,0.0,0.0,0,1.0115963490737925,0.8855281690985392,False,False,False,False,0.06216175946204094,0.08206445154040869,False,False,False,False,97727709,94346609.80758552,False,False,False,False,2637997.981642124,False,False,False,False
2024-01-10 00:00:00+00:00,50.4562275621,50.4707654686,49.5936451085,50.0394742418,3061858,,,,,,,,,,,,,,49.93028817306969,48.77291302548251,47.821950727713066,47.86505382741523,47.90267508468573,48.60024925598255,48.631556324526414,48.74653467844889,48.3173800349597,47.88788068490053,47.44703920837982,,,,,48.77291302548251,47.44703920837982,,48.35668372959674,"rgba(38, 166, 154, 0.5)",3.3442846582815666,48.555296683823265,0.5684118047694869,43.18505224268852,-0.24578167659967676,False,True,False,True,False,3.184940162110447,0.0,0.0,0.0,0.0,0,0.9979389999929873,0.8898760532636737,False,False,False,False,0.03151847374970599,0.05679146264505734,False,False,False,False,100789567,94599274.79552335,False,False,False,False,2654619.943146354,False,False,False,False
2024-01-11 00:00:00+00:00,50.0394742418,50.88267282,49.3514435859,50.5434550012,2510907,,,,,,,,,,,,,,49.93327428731091,48.790347172995396,47.8433552488289,47.881840759705945,47.91680437941465,48.60868548494964,48.63784770223652,48.75129367819,48.322877577348194,47.89436032352164,47.454428988031026,,,,,48.790347172995396,47.454428988031026,,48.366828691139354,#000000,3.346115286593144,48.558062894477864,0.4427257343038051,41.95808880786669,-1.5951092505346693,False,True,False,True,False,2.225913695836134,0.0,0.0,0.0,0.0,0,0.9888014266475385,0.8878014526240193,False,False,False,False,0.03771489336658138,0.047253178005819366,False,False,False,False,98278660,94743564.41138518,False,False,False,False,2648984.14145434,False,False,False,False
2024-01-12 00:00:00+00:00,50.9505163837,52.1087029365,50.7179098794,51.2897342025,2493538,,,,,,,,,,,,,,49.95726532711462,48.822349245721064,47.87505371578471,47.9069434661429,47.93809639975404,48.62349504875197,48.64901966813325,48.76007678659088,48.33188687781251,47.90415831207506,47.464959183469766,,,,,48.822349245721064,47.464959183469766,,48.384845821031895,"rgba(38, 166, 154, 0.5)",3.340961320360911,48.57438134631138,0.7112129742142411,43.80356906327619,-1.5951092505346693,False,True,False,True,False,4.164094363664034,0.0,0.0,0.0,0.0,0,1.0149629224400594,0.8385914619657852,False,False,False,False,0.13302152679765308,0.09013735240173623,False,False,False,False,100772198,94979981.41486028,False,False,False,False,2642888.2143384838,False,False,False,False
2024-01-16 00:00:00+00:00,48.6535271536,50.155777494,48.5517618079,50.1170097433,4428068,,,,,,,,,,,,,,49.93120848961547,48.829055035865906,47.89524361387099,47.92275139709886,47.951321676606355,48.62837687487389,48.65256032811194,48.76230372503791,48.33615988118177,47.910415152108285,47.47305567303544,,,,,48.829055035865906,47.47305567303544,,48.390222895218805,#000000,3.2918167322097327,48.56458205390812,0.027020064276839856,40.7893943820517,-2.875471796347533,False,True,False,True,False,0.0,0.0,0.0,0.0,0.0,0,0.9858558815671148,0.8564929803303422,False,False,False,False,-0.01797746361398887,0.03607994439387368,False,False,False,False,96344130,95033477.43780693,False,False,False,False,2712895.2647565827,False,False,False,False
2024-01-17 00:00:00+00:00,47.4711107566,48.2319278645,47.1755066574,47.8781721392,3995467,,,,,,,,,,,,,,49.868223087032455,48.80511811802391,47.891364275387794,47.91930574550146,47.94807264409712,48.61957003325626,48.64565028325449,48.75600239254356,48.332705036168065,47.909101839538955,47.47372847126877,,,,,48.80511811802391,47.47372847126877,,48.37898562964299,#000000,3.250377197931882,48.53522977814784,-0.32738324100504584,37.25273871963759,-6.294357935385882,False,True,False,True,False,0.0,0.0,0.0,0.0,0.0,0,0.9613706481769791,0.8828009024898625,False,False,False,False,-0.13921916232230863,-0.05156960896421747,False,False,False,False,92348663,94928190.59710863,False,False,False,False,2763192.1955504427,False,False,False,False
2024-01-18 00:00:00+00:00,47.6358736972,47.7521769493,47.2288123146,47.6649495102,2381773,,,,,,,,,,,,,,49.830889552877814,48.79027416725602,47.88836117545252,47.916689581155495,47.94565001926014,48.61393880772459,48.64122648866493,48.75199174535457,48.330409191087085,47.90808510847745,47.47389886444708,,,,,48.79027416725602,47.47389886444708,,48.37194679106888,#000000,3.2043188920110963,48.51875570232626,-0.27552875817929207,35.35584365685976,-8.13064133350396,False,True,False,True,False,0.0,0.0,0.0,0.0,0.0,0,0.9511443544599424,0.9115523187511549,False,False,False,False,-0.1551107097150185,-0.10334015933961799,False,False,False,False,94730436,94920435.51486908,False,False,False,False,2748234.5800386607,False,False,False,False
2024-01-19 00:00:00+00:00,47.8200205131,48.2076980203,47.3741913798,47.7715608247,2717273,,,,,,,,,,,,,,49.79443154875386,48.77721250329959,47.88751653125624,47.91578598502783,47.944676926763165,48.60913216139092,48.63741049507434,48.74842844376075,48.328666782223486,47.90774944387009,47.47486975951351,,,,,48.77721250329959,47.47486975951351,,48.36598914372125,#000000,3.1171239231369836,48.50400857004606,-0.21942921546016605,34.63343253885553,-8.931691063706246,False,True,False,True,False,0.0,0.0,0.0,0.0,0.0,0,0.9421221907739079,0.9033368312540713,False,False,False,False,-0.13273860279146538,-0.11803938106554168,False,False,False,False,97447709,95019544.27899186,False,False,False,False,2747020.4004293014,False,False,False,False
2024-01-22 00:00:00+00:00,47.8394043885,47.8781721392,47.005897748,47.3451155668,1914284,,,,,,,,,,,,,,49.766698512435795,48.7661324742023,47.88540756767246,47.91392413375145,47.94293515873465,48.604842248675226,48.634021974914944,48.74533897807114,48.32692336658784,47.907017623866686,47.47507786889351,,,,,48.7661324742023,47.47507786889351,,48.360756355255084,#000000,3.037880735467722,48.49273609471179,-0.21506167065218848,34.21294424371328,-9.550495381541907,False,True,False,True,False,0.0,0.0,0.0,0.0,0.0,0,0.957378537771341,0.8999248218536,False,False,False,False,-0.15873300690510483,-0.13838619398532326,False,False,False,False,99361993,95189836.38569807,False,False,False,False,2714364.0710007013,False,False,False,False
2024-01-23 00:00:00+00:00,48.9152094709,48.9820838409,47.9460157029,48.2561577087,2405605,,,,,,,,,,,,,,49.748888658582025,48.76439639504427,47.89152812565126,47.91869373603535,47.94688223327608,48.604891979263414,48.63394382488627,48.74490748779214,48.32775617325459,47.9089644239013,47.47806103606323,,,,,48.76439639504427,47.47806103606323,,48.36081037034091,#000000,2.9279397424791838,48.48834305035173,0.14579071227293436,37.119715869284214,-9.550495381541907,False,True,False,True,True,0.0,0.0,0.0,0.0,0.0,0,0.9799613668223163,0.8757917797270641,False,False,False,False,-0.08306017704574073,-0.110723185515532,False,False,False,False,101767598,95447787.82155305,False,False,False,False,2702255.872137929,False,False,False,False
2024-01-24 00:00:00+00:00,47.4420349436,50.0394742418,47.4274970371,49.8650193636,3304085,,,,,,,,,,,,,,49.71883157078858,48.757256026743576,47.8962188111762,47.92225439694497,47.94973429858203,48.602757881420864,48.632139992172284,48.74291581937518,48.327658080624666,47.91044820881905,47.48101706035854,,,,,48.757256026743576,47.48101706035854,,48.358293831545986,#000000,2.844634228020529,48.47941899361031,-0.3646809982780055,36.513926288491476,-9.550495381541907,False,True,False,True,True,0.0,0.0,0.0,0.0,0.0,0,0.9746332927039064,0.8618136762047134,False,False,False,False,-0.0633020648932258,-0.0870126252043789,False,False,False,False,98463513,95566051.55404118,False,False,False,False,2725857.01440703,False,False,False,False
2024-01-25 00:00:00+00:00,48.2367738333,48.5953755275,47.7134091986,47.8587882638,2254284,,,,,,,,,,,,,,49.69733735579311,48.75124406037808,47.89842324268929,47.92388509538436,47.95099573100528,48.600737573011536,48.63047167122408,48.74119583964519,48.32726494067308,47.91114370313366,47.48272628173635,,,,,48.75124406037808,47.48272628173635,,48.3559477722431,#000000,2.7736310904512975,48.472896717366,-0.08513132293580523,38.167682260431384,-9.550495381541907,False,True,False,True,True,0.0,0.0,0.0,0.0,0.0,0,0.9769535137840354,0.8676332993461021,False,False,False,False,-0.1098663453723423,-0.0984394852883606,False,False,False,False,100717797,95768080.78721604,False,False,False,False,2707363.955018519,False,False,False,False
2024-01-26 00:00:00+00:00,47.8587882638,48.6438352159,47.8297124508,48.4790722753,2199249,,,,,,,,,,,,,,49.675982801946006,48.74478154912768,47.90001017375592,47.925023451867645,47.95183839375834,48.59845392023533,48.62859997324994,48.739316052692196,48.32669696549545,47.91164154825037,47.48421705496015,,,,,48.74478154912768,47.48421705496015,,48.353323807758095,#000000,2.7303191997837097,48.46637942546902,-0.22253484563898343,38.61290230204284,-9.550495381541907,False,True,False,True,True,0.0,0.0,0.0,0.0,0.0,0,0.9800542582495096,0.8706284230789167,False,False,False,False,-0.15547097536511711,-0.12695523032673886,False,False,False,False,98518548,95875942.2465409,False,False,False,False,2687437.8783511263,False,False,False,False
2024-01-29 00:00:00+00:00,48.3821528985,48.4112287116,47.398421224,48.2949254594,2141480,,,,,,,,,,,,,,49.655128428460046,48.73815711620385,47.90119438287973,47.925842466241015,47.9524110951521,48.596038975998404,48.62662664413879,48.737360766226416,48.32602739827424,47.912010460589336,47.485553862631065,,,,,48.73815711620385,47.485553862631065,,48.350577417890456,#000000,2.6916605943342486,48.4600343503061,-0.028934350775887036,40.27133697193929,-9.550495381541907,False,True,False,True,True,0.0,0.0,0.0,0.0,0.0,0,0.9704625353620372,0.8982679130590548,False,False,False,False,-0.1880998445513105,-0.1575275374390247,False,False,False,False,100660028,96063553.4525589,False,False,False,False,2666027.765474612,False,False,False,False
2024-01-30 00:00:00+00:00,47.975091516,48.8085981565,47.7037172609,48.6729110289,1627177,,,,,,,,,,,,,,49.64059887019224,48.7339322968954,47.9026207330075,47.9268978206254,47.95322339364694,48.59455565519407,48.62539738703576,48.73609889909539,48.3257113276738,47.91247061326506,47.486737850968886,,,,,48.7339322968954,47.486737850968886,,48.34893134978186,#000000,2.667672830116542,48.455951637482634,-0.18025453348476322,40.583451993310064,-14.620156967939138,False,True,False,True,True,0.0,0.0,0.0,0.0,0.0,0,0.9736702122414523,0.8929793809713894,False,False,False,False,-0.1805363653688081,-0.16903195140391641,False,False,False,False,99032851,96179996.49363503,False,False,False,False,2625288.519769725,False,False,False,False
2024-01-31 00:00:00+00:00,47.6455656349,48.9830530347,47.4808026943,48.1398544565,2251435,,,,,,,,,,,,,,49.619280975818114,48.72692135803436,47.90362422453512,47.92756987285579,47.9536664613007,48.59192631109451,48.62324721971886,48.73398053526736,48.32494001443905,47.91278504107629,47.48806506871585,,,,,48.72692135803436,47.48806506871585,,48.346000643896,#000000,2.6304883103449845,48.4496335602136,-0.3056724951604685,40.154499126323856,-14.620156967939138,False,True,False,True,True,0.0,0.0,0.0,0.0,0.0,0,0.966142125548716,0.9097700947401653,False,False,False,False,-0.18270631779387222,-0.1758691345988943,False,False,False,False,96781416,96203581.57231602,False,False,False,False,2610627.5974258143,False,False,False,False
2024-02-01 00:00:00+00:00,49.0508965985,49.4967257317,47.9653995783,48.1107786435,2419086,,,,,,,,,,,,,,49.60827752317079,48.728104776012515,47.911088076228744,47.933528114382185,47.95869283984218,48.59316407509248,48.624085103537716,48.73431678946124,48.32640494655353,47.915298015196775,47.491556976398634,,,,,48.728104776012515,47.491556976398634,,48.347683385079705,#000000,2.616823302202152,48.44939288422518,0.2298602713330444,43.4841681532654,-11.384754865655182,False,True,False,True,True,0.4222927240351062,0.0,0.0,0.0,0.0,0,0.9661747863054921,0.8952952261540661,False,False,False,False,-0.13831715878972267,-0.1570931466943085,False,False,False,False,99200502,96321107.86359775,False,False,False,False,2603116.1622326453,False,False,False,False
2024-02-02 00:00:00+00:00,47.1222010001,48.0526270174,46.3468459857,47.8006366377,3268027,,,,,,,,,,,,,,49.562843384844506,48.70598886028243,47.90321494309635,47.92686858988677,47.95271051207612,48.5835721983279,48.61646995009465,48.72751073507354,48.32197363006753,47.912586587229036,47.49045049521324,,,,,48.70598886028243,47.49045049521324,,48.33674453510837,"rgba(239, 83, 80, 0.5)",2.6076087593566077,48.432167987917055,-0.5023633177778835,42.15300147528214,-11.384754865655182,False,True,False,True,True,0.0,0.0,0.0,0.0,0.0,1,0.9337479802830597,0.8977631737650208,False,False,False,False,-0.34282825441539394,-0.2499607005548512,False,False,False,False,95932475,96305867.35914293,False,False,False,False,2629191.0970470514,False,False,False,False
2024-02-05 00:00:00+00:00,46.0173201046,46.5201378315,45.8719410394,46.279002422,4309749,,,,,,,,,,,,,,49.480536799686966,48.65865861007706,47.87867738748991,47.906405932813314,47.93463431859432,48.56195480687324,48.59941406887002,48.71269228834273,48.310947864056885,47.90406165835708,47.484259458639876,,,,,48.65865861007706,47.484259458639876,,48.312022108527394,"rgba(239, 83, 80, 0.5)",2.6249041335382506,48.3969837329344,-0.90657163358066,39.71136865645034,-11.384754865655182,False,True,False,True,False,0.0,0.0,0.0,0.0,0.0,1,0.9070833802162759,0.9287274717411695,False,False,False,False,-0.34282825441539394,-0.2963944774851226,False,False,False,False,91622726,96122214.7568236,False,False,False,False,2695095.3285354027,False,False,False,False
2024-02-06 00:00:00+00:00,46.3177701727,46.6812178357,45.8719410394,46.2693104843,2019945,,,,,,,,,,,,,,49.44501897642151,48.63838708859521,47.86840486037769,47.89779508305569,47.926999710522445,48.55258815976731,48.591994898528995,48.706216456470536,48.30618128343888,47.900439504813534,47.48170620665444,,,,,48.63838708859521,47.48170620665444,,48.3014302026042,"rgba(239, 83, 80, 0.5)",2.637197617707451,48.38210129366033,-0.7827745281959091,38.82466060643999,-11.384754865655182,False,True,False,True,False,0.0,0.0,0.0,0.0,0.0,1,0.9085135516043971,0.921098972761263,False,False,False,False,-0.335323014791295,-0.3158587461382088,False,False,False,False,93642671,96024977.74675208,False,False,False,False,2668618.845063426,False,False,False,False
2024-02-07 00:00:00+00:00,46.03670398,46.4100374194,45.831719498,46.1917749829,2153968,,,,,,,,,,,,,,49.40568855430031,48.615363187012626,47.85624349046909,47.88759769181372,47.917963303503676,48.54182023166802,48.583461487895896,48.69878760814448,48.30062762380033,47.896123335371605,47.47854622424853,,,,,48.615363187012626,47.47854622424853,,48.289292976202574,"rgba(239, 83, 80, 0.5)",2.6558710597848036,48.365361147344515,-0.8767960171730625,37.81469555683121,-7.4708814150381,False,True,False,True,False,0.0,0.0,0.0,0.0,0.0,1,0.903207586700747,0.9274889926518746,False,False,False,False,-0.34282825441539394,-0.32934350027680137,False,False,False,False,91488703,95847084.61942847,False,False,False,False,2648436.4589825077,False,False,False,False
2024-02-08 00:00:00+00:00,45.7168700365,45.9591684785,45.3776522177,45.6005667844,2620876,,,,,,,,,,,,,,49.353313534803775,48.583459979702205,47.83829450894372,47.87255688410219,47.90465471490813,48.52668157443597,48.57146744505698,48.688397993037924,48.29266495402702,47.8897165895342,47.473593513919795,,,,,48.583459979702205,47.473593513919795,,48.27225469931563,"rgba(239, 83, 80, 0.5)",2.6802942265984644,48.34239118975007,-0.9795645295934892,36.65553263654377,-8.718494340721854,False,True,False,True,False,0.0,0.0,0.0,0.0,0.0,1,0.8910812621553168,0.9489790223407965,False,False,False,False,-0.34282825441539394,-0.33608587734609763,False,False,False,False,88867827,95573388.24219598,False,False,False,False,2647355.656669468,False,False,False,False
2024-02-09 00:00:00+00:00,45.1838134641,46.03670398,44.5926052657,45.8719410394,3641794,,,,,,,,,,,,,,49.27500501418256,48.53410368453166,47.80914559153568,47.84810880731184,47.8830272633277,48.50288810219021,48.55260135143675,48.67210848026954,48.27993910607404,47.87921766678555,47.46517651910906,,,,,48.53410368453166,47.46517651910906,,48.245574689704966,"rgba(239, 83, 80, 1.0)",2.711062153239751,48.30718936937322,-1.152085687722338,35.08765441125667,-10.345638912725086,False,True,False,True,False,0.0,0.0,0.0,0.0,0.0,0,0.8681356620332616,0.9830047168232626,False,False,False,False,-0.34282825441539394,-0.33945706588074576,False,False,False,False,85226033,95167609.60524711,False,False,False,False,2686353.2387608616,False,False,False,False
2024-02-12 00:00:00+00:00,45.4648796569,45.7362539119,45.0045126171,45.1159699004,2778515,,,,,,,,,,,,,,49.21913797438626,48.498895972662844,47.78847139115271,47.83069436676287,47.86757862320482,48.48569293258691,48.53891999824763,48.66025853448466,48.27072082784899,47.87166293904775,47.459178263587646,,,,,48.498895972662844,47.459178263587646,,48.22647380217938,"rgba(239, 83, 80, 1.0)",2.7364490344608097,48.28227499715797,-1.0295807832624615,34.92091402748163,-10.666494412961143,False,True,False,True,False,0.0,0.0,0.0,0.0,0.0,0,0.8517505708109667,0.9915404904644204,False,False,False,False,-0.3381503248823674,-0.3388036953815566,False,False,False,False,88004548,94886705.22857076,False,False,False,False,2689967.425476122,False,False,False,False
2024-02-13 00:00:00+00:00,43.5943356846,44.5344536396,43.1969662397,44.5247617019,3667008,,,,,,,,,,,,,,49.117439916226154,48.42984557107107,47.74349317043417,47.792946806428986,47.83422421181513,48.451471525085076,48.5117757270958,48.63700811277588,48.251797715664146,47.85524221804878,47.445098002101396,,,,,48.42984557107107,47.445098002101396,,48.188212997886055,"rgba(255, 0, 0, 1.0)",2.796252415375539,48.23360744394749,-1.6591033534161244,32.26295523643641,-13.332553012282666,False,True,False,True,False,0.0,0.0,0.0,0.0,0.0,0,0.827538327430391,1.0024854670831227,False,False,False,False,-0.34282825441539394,-0.34081597489847526,False,False,False,False,84337540,94473012.47450916,True,False,False,False,2728282.7421241174,True,False,False,False
2024-02-14 00:00:00+00:00,43.9044776904,43.9141696281,43.0031274861,43.6621792484,4037056,,,,,,,,,,,,,43.607258268200006,49.00639946188319,48.353464012573276,47.6930802667934,47.75049043978644,47.796633105030494,48.413034237778334,48.48120047984089,48.610790371138066,48.23037348709686,47.836577900524944,47.429016894973486,,,,43.607258268200006,48.353464012573276,47.429016894973486,,47.767359910468286,"rgba(239, 83, 80, 1.0)",2.829898176443994,47.988979121378165,-1.4433386561316794,31.434056286786877,-14.220348909411086,False,True,False,True,False,0.0,1.0,43.91417,43.003128,0.0,0,0.8048488936985145,1.026019752996257,True,False,False,False,-0.34282825441539394,-0.3418221146569346,False,False,False,False,88374596,94233858.88727352,False,False,False,False,2779607.183609446,False,False,False,False
2024-02-15 00:00:00+00:00,45.2031973395,45.5133393453,44.340614886,44.5053778265,3817819,,,,,,,,,,,,,44.29345216647578,48.93183164478738,48.3042575972857,47.66261000641189,47.72453836618892,47.77346787216556,48.38775621461085,48.46090883547441,48.593171878509736,48.2164256556253,47.8249192801421,47.41950486694073,,,,44.29345216647578,48.3042575972857,47.41950486694073,,47.7994036987182,"rgba(239, 83, 80, 0.5)",2.8529063453370176,47.989603986302924,-0.9766905427362571,34.42509424903182,-14.220348909411086,False,True,False,True,True,0.0,0.0,0.0,0.0,0.0,0,0.833868123179209,1.003373894780695,False,False,False,False,-0.2438631276900343,-0.2928426211734844,False,False,False,False,92192415,94153802.26424319,False,False,False,False,2820321.372487507,False,False,False,False
2024-02-16 00:00:00+00:00,46.3274621104,46.9089783712,45.1935054018,45.8525571641,4596259,,,,,,,,,,,,,44.9763176830461,48.87043280053534,48.26653629884071,47.64204997157769,47.70665607235143,47.75726290033123,48.3678103003947,48.44467040078921,48.57878930725129,48.20564191799133,47.81658373906365,47.4134694437313,,,,44.9763176830461,48.26653629884071,47.4134694437313,,47.83718506965866,"rgba(239, 83, 80, 0.5)",2.846101917326957,47.99824008961473,-0.587040811519469,38.92188398840154,-15.823801558203499,False,True,False,True,True,0.0,0.0,0.0,0.0,0.0,0,0.8591915224378804,0.9768217339687095,False,False,False,False,-0.17122690941098828,-0.23203476529223635,False,False,False,False,96788674,94257130.5676062,False,False,False,False,2889965.9853311344,False,False,False,False
2024-02-20 00:00:00+00:00,47.1222010001,47.1900445639,46.521300864,46.6182202408,3731163,,,,,,,,,,,,,45.4301263593886,48.836613060800204,48.24806444256724,47.6344704412832,47.69972283565959,47.75075673978023,48.35761597370459,48.43618603201174,48.57103763172715,48.200338996075786,47.81308866633768,47.41167595619935,,,,45.4301263593886,48.24806444256724,47.41167595619935,,47.865808094627944,#000000,2.820018084275373,48.00868353754225,-0.3143534938252132,43.46889072905584,-11.740866061327417,False,True,False,True,True,0.0,0.0,0.0,0.0,0.0,0,0.8706408441614387,0.9744650858053525,False,False,False,False,-0.12037359591556795,-0.17620418060390214,False,False,False,False,100519837,94502726.89828831,False,False,False,False,2922954.1035534428,False,False,False,False
2024-02-21 00:00:00+00:00,47.2578881277,47.2966558784,46.6085283031,47.2385042523,3223089,,,,,,,,,,,,,45.69989895333616,48.80998176565703,48.233828455162815,47.6290758346831,47.694690898549155,47.745974154391284,48.34960208036638,48.429467891469514,48.56484868069087,48.19619148394153,47.81047096064506,47.41049938192091,,,,45.69989895333616,48.233828455162815,47.41049938192091,,47.88121087840114,#000000,2.794042992007586,48.01280408126452,-0.2701876655885296,46.76083871121706,-8.900803308348301,False,False,False,False,True,0.0,0.0,0.0,0.0,0.0,0,0.8775764652013162,0.9664656148577493,False,False,False,False,-0.11429335910853873,-0.14524876985622043,False,False,False,False,103742926,94865087.64737505,False,False,False,False,2934724.099492524,False,False,False,False
2024-02-22 00:00:00+00:00,46.6763718669,47.3160397537,46.6666799292,46.8411348074,3444834,,,,,,,,,,,,,45.878767017433766,48.77974356019804,48.2168693656495,47.621766657957316,47.68801040637492,47.73971052710443,48.34004821537554,48.421490971137445,48.55756004121091,48.191144365463735,47.807075859896955,47.40866124573385,,,,45.878767017433766,48.2168693656495,47.40866124573385,,47.887570686128036,#000000,2.7824147428544954,48.010548835516474,-0.47950327033119994,47.673483809310845,-8.22075332148421,False,False,False,False,True,0.0,0.0,0.0,0.0,0.0,0,0.8993057413029837,0.9547335009523303,False,False,False,False,-0.11186364318079213,-0.12855620651850627,False,False,False,False,100298092,95078146.64159563,False,False,False,False,2954728.4093163465,False,False,False,False
2024-02-23 00:00:00+00:00,48.1010867058,48.3046173971,46.671525898,46.763599306,4291350,,,,,,,,,,,,,46.165521866711934,48.75886005668227,48.208773444069145,47.62262222300689,47.688055240754636,47.739285034971836,48.33482300211675,48.41682594923549,48.55290521846792,48.18876180137866,47.8065534552805,47.40989548819181,,,,46.165521866711934,48.208773444069145,47.40989548819181,,47.90774023173899,#000000,2.779682826499378,48.019930182663686,0.02919632497730686,51.0205819894711,-5.150375563280285,True,False,True,False,True,0.0,0.0,0.0,0.0,0.0,0,0.9147215802602588,0.9247696335985665,False,False,False,False,-0.08083897068455731,-0.10469758860153179,False,False,False,False,104589442,95451138.61643502,False,False,False,False,3007144.942284333,False,False,False,False
2024-02-26 00:00:00+00:00,47.3741913798,47.6455656349,47.0640493741,47.490494632,2129716,,,,,,,,,,,,,46.25252184914604,48.74566447440473,48.20233012158898,47.62106074725487,47.686410870919616,47.737604957670385,48.33094039019955,48.413484687192515,48.549731816077376,48.18680458447061,47.80554893771985,47.40979074338619,,,,46.25252184914604,48.20233012158898,47.40979074338619,,47.911824515002564,#000000,2.7790555624704183,48.02015037581541,-0.23243831636140055,51.6423920602023,-4.601134470558819,True,False,True,False,True,0.0,0.0,0.0,0.0,0.0,0,0.9117379678340732,0.9280986914363758,False,False,False,False,-0.0891449805201649,-0.09692128456084834,False,False,False,False,102459726,95725985.1804964,False,False,False,False,2972735.9641555357,False,False,False,False
2024-02-27 00:00:00+00:00,46.7151396176,47.5971059465,46.671525898,47.5292623827,2249302,,,,,,,,,,,,,46.30547569861379,48.72837548141021,48.19270970476576,47.61713247329315,47.68275363517564,47.7341335282619,48.325335273039414,48.408756927577905,48.54537009857542,48.183833798114854,47.80362136410518,47.40884830155447,,,,46.30547569861379,48.19270970476576,47.40884830155447,,47.91136219037398,#000000,2.7746782098597587,48.0164979644786,-0.4690123497039233,50.69923464148005,-4.601134470558819,True,False,False,False,True,0.0,0.0,0.0,0.0,0.0,0,0.9028634110097042,0.9616969091909262,False,False,False,False,-0.10291519758704977,-0.09991824107394906,False,False,False,False,100210424,95901845.52635927,False,False,False,False,2944366.004776887,False,False,False,False
2024-02-28 00:00:00+00:00,46.5406847393,46.7364618805,46.2983862973,46.4631492379,5066802,,,,,,,,,,,,,46.335901105594765,48.68044060281138,48.16331580139709,47.60192347281814,47.66913121827525,47.72154250917144,48.308486155655125,48.394724657690546,48.5326868245441,48.17457555092158,47.79681271376484,47.40435300222528,,,,46.335901105594765,48.16331580139709,47.40435300222528,,47.898657801239125,"rgba(239, 83, 80, 0.5)",2.753398672082903,47.998509438165534,-0.5294637182935499,49.71358350499453,-4.601134470558819,True,False,False,False,True,0.0,0.0,0.0,0.0,0.0,0,0.8379124623935426,1.0028815703111473,False,False,False,False,-0.1416662031717494,-0.12079222212284924,False,False,False,False,95143622,95872111.27042362,False,False,False,False,3027598.788903284,False,False,False,False
2024-02-29 00:00:00+00:00,46.9671299973,47.553486177,46.8987217763,47.4068971321,3710900,,,,,,,,,,,,,46.40992686833082,48.6562757121452,48.1502702984253,47.59725676079428,47.66460779358535,47.71713856432443,48.30052913361221,48.38791459672591,48.52631133042514,48.17036246070127,47.79425988613906,47.403370926269375,,,,46.40992686833082,48.1502702984253,47.403370926269375,,47.89818536095654,#000000,2.7339108492391184,47.99375640842112,-0.3755156871361933,50.02659885731977,-4.601134470558819,True,False,False,False,True,0.0,0.0,0.0,0.0,0.0,0,0.8453790943888916,0.9695084152412516,False,False,False,False,-0.09717838887195554,-0.10898530549740239,False,False,False,False,98854522,95989068.55393642,False,False,False,False,3054394.9148286455,False,False,False,False
2024-03-01 00:00:00+00:00,48.4916560646,48.643131411,46.6446340984,47.445987544,5007703,,,,,,,,,,,,,46.577551864648804,48.64114896209825,48.1464861877297,47.60168261556846,47.66759305281511,47.71925538183337,48.297123733495,48.38456005876403,48.52262910600428,48.16902980744867,47.794949489837734,47.40597812966714,,,,46.577551864648804,48.1464861877297,47.40597812966714,,47.91066569915921,#000000,2.700115624608059,48.00023023430545,0.1820017727447826,53.19053235769333,-2.604581286014337,True,False,True,False,True,0.959210175965314,0.0,0.0,0.0,0.0,0,0.8478155135134678,0.9528202785251664,False,False,False,False,-0.07114167883838599,-0.0900634921678942,False,False,False,False,103862225,96297819.7871154,False,False,False,False,3130995.231894189,False,False,False,False
2024-03-04 00:00:00+00:00,50.7784451656,50.8273081806,48.9411958024,49.1268752593,5301680,,,,,,,,,,,,,46.955188432742844,48.67424212987381,48.18228935679219,47.63789677909753,47.69758176298738,47.745344917780535,48.31512061117667,48.39829076296378,48.53334589037556,48.18060960761048,47.808060156120966,47.42055114646296,,,,46.955188432742844,48.18228935679219,47.42055114646296,,47.96237679616539,"rgba(38, 166, 154, 1.0)",2.664088113186249,48.04449663450699,1.0262230132558205,58.38528530224441,2.35736713918962,True,False,True,False,True,5.394898051923445,0.0,0.0,0.0,0.0,0,0.8672721571685301,0.9433803423814653,False,False,False,False,0.06771320184751586,-0.011175145160189165,False,False,False,False,109163905,96802372.14840499,False,False,False,False,3216120.124761084,False,False,False,False
2024-03-05 00:00:00+00:00,51.5700260082,52.3909246599,51.3990054558,51.4429821693,5333695,,,,,,,,,,,,,47.415841330820754,48.740056093678156,48.24495166692974,47.69565265356497,47.74605784133606,47.78795616324008,48.34814433892953,48.424127762739296,48.55434330050047,48.201355646988596,47.829920492904286,47.44348611646237,,,,47.415841330820754,48.24495166692974,47.44348611646237,,48.03599111734119,"rgba(38, 166, 154, 1.0)",2.660322021860801,48.11143934028697,1.3000631650952816,62.68208578458254,6.301873280760034,True,False,True,False,True,6.8372788798928745,0.0,0.0,0.0,0.0,0,0.903867486996859,0.921379146800684,False,False,False,False,0.19444488477251254,0.09163486980616169,False,False,False,False,114497600,97496302.65238911,False,False,False,False,3299162.276731238,False,False,False,False
2024-03-06 00:00:00+00:00,52.4397876748,52.9088726186,51.9022945101,52.09774657,5381917,,,,,,,,,,,,,47.854756822384566,48.81687114142942,48.316877023281045,47.76105504041758,47.80127200680328,47.83668711654667,48.3868287234893,48.45461487033721,48.579336096670865,48.22568674693952,47.855211723695206,47.46970893482373,,,,47.854756822384566,48.316877023281045,47.46970893482373,,48.11324218723487,"rgba(0, 255, 255, 0.75)",2.660713000203646,48.18373811116133,1.599589870577142,66.39167979809578,9.63491373716466,True,False,True,False,True,8.384989908750068,0.0,0.0,0.0,0.0,0,0.9065022338395894,0.9091931473415961,False,False,False,False,0.22747119344494748,0.1595530316255546,False,False,False,False,119879517,98374075.76406012,False,False,False,False,3380838.932545699,False,False,False,False
2024-03-07 00:00:00+00:00,53.0554616636,53.2997767385,52.5767018428,53.0065986486,2562115,,,,,,,,,,,,,48.0601962355244,48.857840984806984,48.35481486899051,47.795228987232,47.83023675011882,47.86232142516058,48.40751221947088,48.47099494783035,48.59284155540683,48.238706765775234,47.86862103579176,47.48349857674638,,,,48.0601962355244,48.35481486899051,47.48349857674638,,48.15190119607123,"rgba(0, 255, 255, 0.75)",2.6816619892760745,48.2205576164102,1.8029505830803845,69.42609699666042,12.34265525621602,True,False,True,False,True,9.459905806839163,0.0,0.0,0.0,0.0,0,0.9092653686688629,0.9249558745260169,False,False,False,False,0.26245204008023604,0.2110025358528953,False,False,False,False,122441632,99317901.49880287,False,False,False,False,3348732.1116615543,False,False,False,False
2024-03-08 00:00:00+00:00,53.2704589295,53.6694743098,52.7134205587,53.4365931804,2966690,,,,,,,,,,,,,48.28907413332877,48.90699457239108,48.40022437549789,47.836054486774906,47.864920949317856,47.893066513325614,48.43247820426369,48.49081817586363,48.609228379568364,48.25445442530648,47.88478706035682,47.50007481198184,,,,48.28907413332877,48.40022437549789,47.50007481198184,,48.19684800733142,"rgba(0, 255, 255, 0.75)",2.699605004668643,48.26379026167061,1.8545930457125994,71.64594362655187,14.34741882674463,True,False,True,False,True,9.834598753168024,0.0,0.0,0.0,0.0,0,0.9142743742737047,0.9094136204720149,False,False,False,False,0.279298649967183,0.24515059291003916,False,False,False,False,125408322,100341055.24394786,False,False,False,False,3333750.0680669835,False,False,False,False
2024-03-11 00:00:00+00:00,54.374763068,54.4920343039,53.0750068696,53.1922781055,3583856,,,,,,,,,,,,,48.57866510713921,48.97516479290221,48.46247096515736,47.89143585217672,47.912116298766456,47.934993827543536,48.46704738214421,48.51837457744848,48.63212108873312,48.27624917171661,47.90696109947678,47.52262661550684,,,,48.57866510713921,48.46247096515736,47.52262661550684,,48.256518898225956,"rgba(0, 255, 0, 1.0)",2.740862208373795,48.3218202657113,2.2084082825455216,74.08137933137087,16.633275120488065,True,False,True,False,True,11.730401811803617,0.0,0.0,0.0,0.0,0,0.9156760742943648,0.9050788402632575,False,False,False,False,0.3409605842191418,0.29305558856459046,False,False,False,False,128992178,101464628.68536167,False,False,False,False,3343558.1438290626,False,False,False,False
2024-03-12 00:00:00+00:00,54.0718123751,54.1597658021,52.7964876842,53.3877301654,3500749,,,,,,,,,,,,,48.82001437063538,49.03606271523737,48.518664925275516,47.941919377354424,47.955240414777776,47.97335957481306,48.49855897658656,48.54354005388525,48.653032558565634,48.29625071741914,47.92738732890827,47.54347260216808,,,,48.82001437063538,48.518664925275516,47.54347260216808,,48.30895863463554,"rgba(0, 255, 0, 1.0)",2.781582142532398,48.37330022224148,2.048658590995447,74.78625337470089,17.382426852818185,True,False,True,False,True,11.029782433535196,0.0,0.0,0.0,0.0,0,0.9159065077327678,0.9050753394550445,False,False,False,False,0.3210745461669487,0.30706506736576955,False,False,False,False,125491429,102406856.14868082,False,False,False,False,3349722.4911298836,False,False,False,False
2024-03-13 00:00:00+00:00,54.9415740417,55.7771315979,54.1695384051,54.257491832,3350778,,,,,,,,,,,,,49.08633096705278,49.10865157518072,48.58446771355216,48.000081156311964,48.00506602188372,48.01778266361024,48.53577323923122,48.57337986740509,48.67797233068858,48.31980302213927,47.95114942853045,47.567452528833435,,,,49.08633096705278,48.58446771355216,47.567452528833435,,48.368992542868305,"rgba(0, 255, 0, 1.0)",2.8395170352339387,48.432704275107454,2.2922453663167763,76.04409138040982,18.77185526768706,True,False,True,False,True,12.508662129343335,0.0,0.0,0.0,0.0,0,0.9480766302642963,0.8646807666104581,False,False,False,False,0.3428282479831076,0.3249466576744386,False,False,False,False,128842207,103443536.57422274,False,False,False,False,3349763.8836345943,False,False,False,False
2024-03-14 00:00:00+00:00,54.355217862,54.8243028058,53.8714740137,54.306354847,2163592,,,,,,,,,,,,,49.229678945735984,49.14977954426761,48.622235641446565,48.03386841729683,48.03406476662911,48.0436647435514,48.55730752203299,48.590667738123564,48.69241239595631,48.33352861789199,47.965074791450235,47.58157870852025,,,,49.229678945735984,48.622235641446565,47.58157870852025,,48.40282181940858,"rgba(0, 255, 0, 1.0)",2.8818521669022554,48.46639991176811,2.04341430759853,75.08655590726822,18.77185526768706,True,False,True,False,True,11.13876229295239,0.0,0.0,0.0,0.0,0,0.9448983295468208,0.8774229455989393,False,False,False,False,0.30310395542624974,0.31402530655034416,False,False,False,False,126678615,104354716.12033166,False,False,False,False,3303247.3391783354,False,False,False,False
2024-03-15 00:00:00+00:00,54.6679411579,54.7852123938,53.8079520942,54.1499931991,4153167,,,,,,,,,,,,,49.48753432279389,49.22798508927326,48.694234287535025,48.09843621981937,48.08960269509281,48.09330418685358,48.598694677796125,48.62396476289585,48.72026668473263,48.36000620742797,47.99192772452153,47.608809558913286,,,,49.48753432279389,48.694234287535025,47.608809558913286,,48.4662305348046,"rgba(0, 255, 0, 1.0)",2.9340869369618803,48.52994358232891,2.0919617269168995,74.79412559093812,18.77185526768706,True,False,True,False,True,11.678227555486188,0.0,0.0,0.0,0.0,0,0.9581877294836387,0.8605222926345931,False,False,False,False,0.2998876674104574,0.3069564869804008,False,False,False,False,130831782,105393032.42933826,False,False,False,False,3336577.521955656,False,False,False,False
2024-03-18 00:00:00+00:00,54.0424945661,54.5213521129,53.6613630493,54.433398686,2846322,,,,,,,,,,,,,49.63857561590156,49.276779442409975,48.73963997128076,48.139562136721665,48.12506460252119,48.12504761928128,48.62506060481837,48.645219301347275,48.73805339254589,48.37699331676031,48.00922078888331,47.626407272243846,,,,49.63857561590156,48.73963997128076,47.626407272243846,,48.505468672059614,"rgba(0, 255, 255, 0.75)",2.968525248056624,48.56953809463437,1.8436617559673971,72.65918730842886,18.77185526768706,True,False,True,False,False,10.209244494708848,0.0,0.0,0.0,0.0,0,0.9570310890081264,0.8598573431436731,False,False,False,False,0.28708182695469747,0.2970191569675491,False,False,False,False,127985460,106279009.98112893,False,False,False,False,3317351.815212297,False,False,False,False
2024-03-19 00:00:00+00:00,53.1336424875,53.9056781242,53.0359164576,53.6711356523,2507707,,,,,,,,,,,,,49.74343671062427,49.312661786949676,48.77372494690168,48.17101075646972,48.15223996482931,48.149401742030854,48.645053382103626,48.6613549248718,48.751535303034686,48.39000424947217,48.02258485249594,47.64011805715506,,,,49.74343671062427,48.77372494690168,47.64011805715506,,48.53442722307823,"rgba(0, 255, 255, 0.75)",2.987151207555827,48.59894523924223,1.5180675276120992,68.69648523702115,25.192272790282217,True,False,True,False,False,8.120469535249285,0.0,0.0,0.0,0.0,0,0.941520030234668,0.8793415420446293,False,False,False,False,0.2488925719827714,0.27295586447516024,False,False,False,False,125477753,107031901.86422192,False,False,False,False,3285601.038145148,False,False,False,False
2024-03-20 00:00:00+00:00,54.6483959519,55.0783904837,52.7916013827,52.8991000156,2834129,,,,,,,,,,,,,49.8801950567332,49.36047460148518,48.81838211530826,48.21160854274171,48.18736638516722,48.18091530166523,48.671315319255044,48.68259721857878,48.76935453532911,48.40702409559345,48.03990129633207,47.65773040933,,,,49.8801950567332,48.81838211530826,47.65773040933,,48.57223873979328,"rgba(0, 255, 255, 0.75)",3.0269573594584918,48.63738763302439,1.9858252380373642,68.27229293925846,24.615141720372264,True,False,True,False,False,10.797063556565153,0.0,0.0,0.0,0.0,0,0.9457941990365449,0.8490549543182759,False,False,False,False,0.2773863509943888,0.2751711077347745,False,False,False,False,128311882,107866410.88915439,False,False,False,False,3267896.2523355344,False,False,False,False
2024-03-21 00:00:00+00:00,55.1077082927,55.8601987233,54.8340754088,55.2152069256,4308653,,,,,,,,,,,,,50.12172504985799,49.44751620021404,48.898467952371355,48.283427946305274,48.24961288025275,48.23683487339284,48.718614845154306,48.7209554726678,48.80166355154737,48.43758346667669,48.07070615659819,47.68879268507691,,,,50.12172504985799,48.898467952371355,47.68879268507691,,48.63965842334296,"rgba(0, 255, 0, 1.0)",3.0687023538947997,48.706072251683175,2.0861052336639516,68.57085074000074,24.615141720372264,True,False,True,False,False,11.582370391451473,0.0,0.0,0.0,0.0,0,0.9774404772682223,0.8326093447923383,False,False,False,False,0.34282824818535385,0.30899967796006417,False,False,False,False,132620535,108837160.85428558,False,False,False,False,3308710.242440023,False,False,False,False
2024-03-22 00:00:00+00:00,54.374763068,55.2542973376,54.374763068,54.6972589668,1637020,,,,,,,,,,,,,50.19786986452587,49.47658080006019,48.92556184245476,48.30802394438854,48.27098118805093,48.2560585060553,48.73477978033008,48.73408865747553,48.812724726329776,48.44811016411827,48.08137229663688,47.69959989250407,,,,50.19786986452587,48.92556184245476,47.69959989250407,,48.66214597191085,"rgba(0, 255, 255, 0.75)",3.102913195699839,48.72910448615393,1.819470357620731,66.78930238199791,22.67522676927689,True,False,True,False,False,9.891592745790106,0.0,0.0,0.0,0.0,0,0.9754466592563323,0.8341074703901215,False,False,False,False,0.30999423398086406,0.3094969559704641,False,False,False,False,130983515,109705645.33058812,False,False,False,False,3243153.7623443357,False,False,False,False
2024-03-25 00:00:00+00:00,54.7363493788,55.6354288544,54.7070315698,54.7754397908,1765527,,,,,,,,,,,,,50.28354185575802,49.5097051672618,48.956304527658574,48.335821860700776,48.29515003377683,48.27781428055067,48.75316247959414,48.74903936074561,48.82533475904559,48.460075180510835,48.09346086705893,47.71181545217439,,,,50.28354185575802,48.956304527658574,47.71181545217439,,48.68760215206968,"rgba(0, 255, 255, 0.75)",3.1471832490182017,48.75519947642578,1.9004771661262831,66.14757845950653,21.78500521430088,True,False,True,False,False,10.525404135552478,0.0,0.0,0.0,0.0,0,0.9790820109730726,0.8287618606646899,False,False,False,False,0.331908237121686,0.320702596546075,False,False,False,False,132749042,110609307.94507486,False,False,False,False,3185207.6148014204,False,False,False,False
2024-03-26 00:00:00+00:00,54.7852123938,55.5963384424,54.7705534893,55.4204315885,1896915,,,,,,,,,,,,,50.37272185073161,49.545012435499835,48.98912318251377,48.36554137169451,48.32101905917123,48.30111786907783,48.77287031367686,48.765085912318725,48.83887945496885,48.47292985773304,48.10644784716769,47.72493845151829,,,,50.37272185073161,48.98912318251377,47.72493845151829,,48.714640633839345,"rgba(0, 255, 255, 0.75)",3.1909777885002812,48.78296920343604,1.8810043780295131,65.7967960821072,21.1342917137151,True,False,True,False,False,10.611835469925367,0.0,0.0,0.0,0.0,0,0.9683250282450505,0.8555326712293884,False,False,False,False,0.3326640817165577,0.32668333913131636,False,False,False,False,134645957,111551921.63350329,False,False,False,False,3134686.3357896,False,False,False,False
2024-03-27 00:00:00+00:00,56.53450833,56.5589398375,54.9122562328,55.0197548657,2222609,,,,,,,,,,,,,50.49346195199141,49.592862701364794,49.03309391600326,48.40493796490713,48.35532752941288,48.33203874243217,48.79928064104331,48.78661350519515,48.85709365373776,48.49009684058281,48.12367901021349,47.74224379453443,,,,50.49346195199141,49.03309391600326,47.74224379453443,,48.75089418761822,"rgba(0, 255, 0, 1.0)",3.274857026951474,48.820190086651,2.355619857557619,67.95657995470282,21.1342917137151,True,False,True,False,False,13.617787716039143,0.0,0.0,0.0,0.0,0,0.9974136030167482,0.8183973055624253,False,False,False,False,0.34282824838248155,0.33475579375689896,False,False,False,False,136868566,112544731.21650316,False,False,False,False,3098918.5971311843,False,False,False,False
2024-03-28 00:00:00+00:00,58.2935768693,58.4059618037,56.8570042289,57.0622288918,4762754,,,,,,,,,,,,,50.81682300515968,49.72197208798449,49.150015853380076,48.508237308453054,48.44536596134401,48.41325342788932,48.8696024111368,48.844035521645345,48.905841366964076,48.535617562357395,48.1689637899213,47.787337022474475,,,,50.81682300515968,49.150015853380076,47.787337022474475,,48.84725544322584,"rgba(0, 255, 0, 1.0)",3.404975441022703,48.919127837949326,2.753162010629658,71.10958336431628,21.1342917137151,True,False,True,False,True,16.42380651529568,0.0,0.0,0.0,0.0,0,1.041315810200556,0.7709794775670208,False,False,False,False,0.3428282491894978,0.33879202147319837,False,False,False,False,141631320,113685381.75703245,False,False,False,False,3164167.0443025106,False,False,False,False
2024-04-01 00:00:00+00:00,59.9060563635,60.1796892474,58.909250858,59.3685631988,6540671,,,,,,,,,,,,,51.320388217146366,49.93093629436418,49.33803802136033,48.67328971298185,48.58956851450765,48.54354515499267,48.983547724144536,48.93735066345798,48.985323782367495,48.609438830219155,48.24198535409927,47.859648279211655,,,,51.320388217146366,49.33803802136033,47.859648279211655,,49.0010883790711,"rgba(0, 255, 0, 1.0)",3.5793923721763106,49.077499975083285,3.0252498922974547,74.39716574174753,19.111006319362275,True,False,True,False,True,18.82579190584191,0.0,0.0,0.0,0.0,0,1.0618194449812932,0.7470222217613671,False,False,False,False,0.34282824981098114,0.34081013564208973,False,False,False,False,148171991,115037797.80577628,False,False,False,False,3296578.9641337846,False,False,False,False
2024-04-02 00:00:00+00:00,59.4174262138,60.3849139103,59.055937629,60.2383248654,4007560,,,,,,,,,,,,,51.600029563125965,50.05410785360252,49.449461736424674,48.77161911018531,48.67575025215351,48.62157531353411,49.051889983684184,48.99349563772333,49.03324082487739,48.6540037945399,48.28609346020276,47.90335163638303,,,,51.600029563125965,49.449461736424674,47.90335163638303,,49.09121826386973,"rgba(0, 255, 0, 1.0)",3.7202175864888694,49.17069621916358,2.754336206530127,75.24266344876214,19.943678038350427,True,False,True,False,True,17.651004366389692,0.0,0.0,0.0,0.0,0,1.0613698179425524,0.7527823275851807,False,False,False,False,0.34282824986080185,0.3418191927514458,False,False,False,False,144164431,116180018.71535368,False,False,False,False,3324460.5733834403,False,False,False,False
2024-04-03 00:00:00+00:00,60.3165056894,60.4826399403,59.1340207269,59.1731111389,2812949,,,,,,,,,,,,,51.793595011193155,50.1418782003937,49.52894454402211,48.841833999089566,48.737396417839065,48.67745510135183,49.100946642675865,49.03387014998576,49.06774683692658,48.68608461790105,48.317822029501016,47.934766169711345,,,,51.793595011193155,49.52894454402211,47.934766169711345,,49.15519497671591,"rgba(0, 255, 0, 1.0)",3.8835967025646534,49.23697625641493,2.852904222950948,76.51134903773882,21.24492693129433,True,False,True,False,True,18.968238914776975,0.0,0.0,0.0,0.0,0,1.067719973253821,0.7480709606577699,False,False,False,False,0.3428282498852898,0.3423237213183678,False,False,False,False,146977380,117387758.3735751,False,False,False,False,3304401.2959958543,False,False,False,False
2024-04-04 00:00:00+00:00,59.2122015509,60.1699166444,58.938568667,60.0624180115,4594858,,,,,,,,,,,,,52.07169115726236,50.274301555992466,49.64967973498802,48.94920884617524,48.831913112377634,48.76327369812602,49.1762250613783,49.09597808511089,49.12089174093445,48.73562249484723,48.36690869971737,47.98345604432666,,,,52.07169115726236,49.64967973498802,47.98345604432666,,49.25159585260305,"rgba(0, 255, 0, 1.0)",3.998932289092024,49.33716741919874,2.469417688976031,74.45259315558854,21.24492693129433,True,False,True,False,True,16.338835001746993,0.0,0.0,0.0,0.0,0,1.0496468672726584,0.7677937908789881,False,False,False,False,0.3313608671960963,0.33684229425723206,False,False,False,False,142382522,118367945.18245451,False,False,False,False,3355007.441250919,False,False,False,False
2024-04-05 00:00:00+00:00,60.5901385732,61.059223517,58.94834127,59.0460672999,3694254,,,,,,,,,,,,,52.302590080545926,50.38665758809902,49.75199959806953,49.04010539969492,48.91205322542347,48.8361202872906,49.24037556739415,49.149002313106784,49.16634060464594,48.77792170041545,48.40874480927672,48.024878440645736,,,,52.302590080545926,49.75199959806953,48.024878440645736,,49.33306580121735,"rgba(0, 255, 0, 1.0)",4.152732606766136,49.42193568306472,2.6893623904266533,74.37957516194723,21.24492693129433,True,False,True,False,True,18.356911999701442,0.0,0.0,0.0,0.0,0,1.0581019487276229,0.7685844152839348,False,False,False,False,0.342828249938805,0.33983527209801856,False,False,False,False,146076776,119454565.99882884,False,False,False,False,3368311.22786853,False,False,False,False
2024-04-08 00:00:00+00:00,59.7594673186,61.3426290039,59.3880106787,61.117859135,3203505,,,,,,,,,,,,,52.491588188381506,50.48170005421477,49.83883462628232,49.11749677681069,48.98042026922095,48.89834563277126,49.295222713973196,49.1944265248297,49.20532402726003,48.814235533360446,48.44467496036862,48.060466332983026,,,,52.491588188381506,49.83883462628232,48.060466332983026,,49.40189463670472,"rgba(0, 255, 0, 1.0)",4.271938402461178,49.49368325559578,2.403073990273321,72.34738996331919,21.24492693129433,True,False,True,False,False,16.42221688848586,0.0,0.0,0.0,0.0,0,1.063818393231468,0.7493969814818809,False,False,False,False,0.34282825003453377,0.34133176106627616,False,False,False,False,142873271,120372946.58711007,False,False,False,False,3361848.2385403523,False,False,False,False
2024-04-09 00:00:00+00:00,60.7953632362,61.2644481799,60.3801253349,60.9810426931,3065952,,,,,,,,,,,,,52.67877054441889,50.57693821339267,49.92574227462006,49.19486247964281,49.04883600940099,48.96066145284047,49.350309913150554,49.240106042036004,49.24457320741347,48.85075177610163,48.4807530430071,48.096149857633314,,,,52.67877054441889,49.92574227462006,48.096149857633314,,49.47070456780483,"rgba(0, 255, 0, 1.0)",4.4088871107602525,49.565445578198265,2.547109367031465,72.03996382069687,21.24492693129433,True,False,True,False,False,17.927282632136656,0.0,0.0,0.0,0.0,0,1.0669725280063844,0.7446016625026879,False,False,False,False,0.3428282501498269,0.3420800056080515,False,False,False,False,145939223,121375545.66212536,False,False,False,False,3350244.4644799465,False,False,False,False
2024-04-10 00:00:00+00:00,59.8669659516,60.2285522624,58.9972042849,59.3685631988,3066318,,,,,,,,,,,,,52.833191044387114,50.66025535091907,50.00252718822048,49.263887666655776,49.110058506132,49.01653046823908,49.39956773926794,49.28106332476685,49.27980220764446,48.883665180547005,48.51338011713608,48.12852488506398,,,,52.833191044387114,50.00252718822048,48.12852488506398,,49.53103780658165,"rgba(0, 255, 0, 1.0)",4.521866331085451,49.62856750821542,2.264197500266866,69.71666426215502,24.559193847228983,True,False,True,False,False,15.793889825826504,0.0,0.0,0.0,0.0,0,1.0482449752387355,0.7510572516268801,False,False,False,False,0.2920600896554414,0.31707004763174645,False,False,False,False,142872905,122218579.36164986,False,False,False,False,3339110.0933238706,False,False,False,False
2024-04-11 00:00:00+00:00,60.2676426744,60.5705933673,59.1276685349,60.3751413073,2534621,,,,,,,,,,,,,52.9609958383848,50.73016614244759,50.06697085816979,49.321835355128876,49.161512815927566,49.06352132791403,49.44107247376094,49.315616477542186,49.30955235398755,48.91144923026875,48.540904877652075,48.1558198628364,,,,52.9609958383848,50.06697085816979,48.1558198628364,,49.581618134501724,"rgba(0, 255, 0, 1.0)",4.637983017335404,49.68151301295255,2.282485645566109,68.63967579980186,23.39874630763302,True,False,True,False,False,16.386486918537074,0.0,0.0,0.0,0.0,0,1.0454357342374894,0.7531072510800493,False,False,False,False,0.3018556747854429,0.3094628612085947,False,False,False,False,145407526,123127949.81805575,False,False,False,False,3307561.5014288165,False,False,False,False
2024-04-12 00:00:00+00:00,60.0526454085,62.7352249308,59.4174262138,61.137404341,5736794,,,,,,,,,,,,,53.26306448907813,50.897045799892425,50.22054953068524,49.459726435625655,49.28410117890767,49.17557334874003,49.540386163498745,49.39841809858015,49.380945734688794,48.97802765952138,48.606749323143,48.2210051611678,,,,53.26306448907813,50.22054953068524,48.2210051611678,,49.70213274362742,"rgba(0, 255, 0, 1.0)",4.7403359780518475,49.80768641063672,2.1612305636769835,67.4039276053474,22.075823033858057,True,False,True,False,False,15.88838966769461,0.0,0.0,0.0,0.0,0,1.051593893329983,0.7310341104305971,False,False,False,False,0.3428282502113344,0.3261455557099645,False,False,False,False,139670732,123776686.37421042,False,False,False,False,3402825.5209806277,False,False,False,False
2024-04-15 00:00:00+00:00,60.0331002025,60.6780920002,58.782207019,60.6585467942,3865115,,,,,,,,,,,,59.831133073900006,53.430621730241015,50.996329802159565,50.31286906462972,49.543467090139075,49.35883487580204,49.24405267993727,49.600994865809206,49.4491366057728,49.4247557795752,49.01904662168299,48.647435289260955,48.2613985663955,,,,53.430621730241015,50.31286906462972,48.2613985663955,,50.54769815733118,"rgba(0, 255, 255, 0.75)",4.83766577356055,50.45033866603469,1.9808647362201595,66.5296473498591,21.084086343784804,True,False,True,False,False,15.84245905028013,0.0,0.0,0.0,0.0,0,1.0401162576787744,0.7725599820055963,False,False,False,False,0.2872145184212561,0.3066800370656103,False,False,False,False,135805617,124248409.14384922,False,False,False,False,3420954.5201578583,False,False,False,False
2024-04-16 00:00:00+00:00,60.3360508954,60.8539988541,59.0362946969,59.4076536108,5165884,,,,,,,,,,,,59.97088542426397,53.64971568338334,51.129207438492855,50.436620512542866,49.655909311362294,49.4593733767169,49.336296114069334,49.682802986703386,49.517736139035954,49.48410063412879,49.07461636620327,48.702533328355436,48.31607997323742,,,,53.64971568338334,50.436620512542866,48.31607997323742,,50.64737517603813,"rgba(0, 255, 255, 0.75)",4.934838484364659,50.55582264204325,1.981874033840018,66.39549678050025,20.753035825801703,True,False,True,False,False,16.311544730655456,0.0,0.0,0.0,0.0,0,1.0822304892618535,0.7606301167004387,False,False,False,False,0.29597333373731316,0.30132668540146174,False,False,False,False,140971501,124904216.66761985,False,False,False,False,3489383.1272104913,False,False,False,False
2024-04-17 00:00:00+00:00,61.06899612,61.5918303803,60.4630947343,60.5705933673,3462920,,,,,,,,,,,,60.2675725209106,53.80955661131211,51.22550862944276,50.52597299195243,49.73681299324686,49.53175545696661,49.40273898821625,49.741961351191236,49.56738944313386,49.52710740096173,49.1147987523042,48.74228303078988,48.35544031357194,,,,53.80955661131211,50.52597299195243,48.35544031357194,,50.73453065261542,"rgba(0, 255, 0, 1.0)",5.052671945165075,50.64187159136607,2.0636852425401764,67.34851502039425,20.753035825801703,True,False,True,False,False,17.43834980038069,0.0,0.0,0.0,0.0,0,1.1166594969228592,0.7346377228519635,False,False,False,False,0.34077540875977275,0.32105104708061727,False,False,False,False,144434421,125670107.03359555,False,False,False,False,3488345.3575159623,False,False,False,False
2024-04-18 00:00:00+00:00,62.0267112136,62.2612536855,61.3035385919,61.9387577866,3614190,,,,,,,,,,,,60.625727166583935,53.98732413026701,51.33229756931961,50.62480691390879,49.826088796093444,49.6116710065628,49.47612883564272,49.807497200335305,49.622439845075746,49.57483493251256,49.15932213750649,48.786253169113806,48.39890792876311,,,,53.98732413026701,50.62480691390879,48.39890792876311,,50.83333074089887,"rgba(0, 255, 0, 1.0)",5.190692217625037,50.738620859723184,2.174679191254688,69.18453928641014,20.753035825801703,True,False,True,False,True,18.87512956148031,0.0,0.0,0.0,0.0,0,1.1247460035146222,0.7253980274496963,False,False,False,False,0.3428282503733297,0.33193964872697346,False,False,False,False,148048611,126547695.42443493,False,False,False,False,3493280.441534944,False,False,False,False
2024-04-19 00:00:00+00:00,62.3882975245,62.4957961574,61.6064892848,61.6260344908,3634453,,,,,,,,,,,,60.908824345186424,54.16485416894277,51.44053983538367,50.72507671942886,49.916751667146414,49.69293723110824,49.55082802526943,49.8743102813666,49.67864723065402,49.62362050588986,49.20483144472956,48.831180161435995,48.44330469463101,,,,54.16485416894277,50.72507671942886,48.44330469463101,,50.92736202393637,"rgba(0, 255, 0, 1.0)",5.333706332762112,50.83274092686143,2.1665153416225684,70.8283586852134,16.77319665649162,True,False,True,False,True,19.40970075283779,0.0,0.0,0.0,0.0,0,1.129112131293524,0.7193687028413569,False,False,False,False,0.34282825043175613,0.3373839495793648,False,False,False,False,151683064,127533396.15288846,False,False,False,False,3498816.6202982794,False,False,False,False
2024-04-22 00:00:00+00:00,60.8442262511,61.4501276369,60.1992344534,60.5803659702,4450669,,,,,,,,,,,,60.894543591906455,54.33751636499388,51.554071943781196,50.831487612877126,50.014093971885956,49.78055172493646,49.63157621996359,49.94638610630841,49.7395225838683,49.67655668081948,49.25444374723974,48.8803303642581,48.49204169050106,,,,54.33751636499388,50.831487612877126,48.49204169050106,,51.00254789256459,"rgba(0, 255, 255, 0.75)",5.4316747859078145,50.91658658274347,1.8277308674873631,67.50331489538196,16.77319665649162,True,False,True,False,False,15.647555301915077,0.0,0.0,0.0,0.0,0,1.1052693412261083,0.7216641327250088,False,False,False,False,0.2947085929954744,0.3160462712874196,False,False,False,False,147232395,128305905.91159873,False,False,False,False,3536144.1646003076,False,False,False,False
2024-04-23 00:00:00+00:00,61.4892180488,61.8117139477,60.1601440414,60.4435495283,2655432,,,,,,,,,,,,60.920174328496486,54.441245416090126,51.6228207639243,50.8959289017762,50.07305629080211,49.833678746891465,49.68057675190578,49.99020005919564,49.776574399489995,49.70880908708836,49.28466208389103,48.91025004162116,48.521692963137,,,,54.441245416090126,50.8959289017762,48.521692963137,,51.05074383340843,"rgba(0, 255, 255, 0.75)",5.538966546487718,50.96909780052585,1.8992929745974003,66.27804234029607,20.55383626115737,True,False,True,False,False,16.638851776579518,0.0,0.0,0.0,0.0,1,1.1154038024774877,0.7184968640762106,False,False,False,False,0.30095555345448816,0.3085009123709539,False,False,False,False,149887827,129152255.7582027,False,False,False,False,3501606.4326551976,False,False,False,False
2024-04-24 00:00:00+00:00,62.2417084795,62.324775605,61.127631738,61.244902974,2878914,,,,,,,,,,,,61.01487384480497,54.56227689896586,51.70198641020078,50.96989482308874,50.14052679664143,49.894469702850905,49.73664865297859,50.04045755207943,49.81908409872052,49.74583256819858,49.31929442269971,48.94448547206962,48.555568234036336,,,,54.56227689896586,50.96989482308874,48.555568234036336,,51.11118457517965,"rgba(0, 255, 255, 0.75)",5.658043088648468,51.03271155957304,1.9810730926413718,66.5324047924712,20.55383626115737,False,False,True,False,False,17.77663379414892,0.0,0.0,0.0,0.0,1,1.1223823488393632,0.7090066706388162,False,False,False,False,0.3299382007979679,0.3192195565844609,False,False,False,False,152766741,130078314.00297907,False,False,False,False,3477187.12157068,False,False,False,False
2024-04-25 00:00:00+00:00,63.463283854,64.0007770187,61.8214865507,62.4176153334,4839856,,,,,,,,,,,,61.30614205101281,54.78892668097696,51.847668450577494,51.105404586323544,50.26360952430492,50.005354593998135,49.83892821578853,50.13243233695391,49.896897464314215,49.813651801233256,49.38259006008054,49.00691669863066,48.61720741612576,,,,54.78892668097696,51.105404586323544,48.61720741612576,,51.23120999079391,"rgba(0, 255, 0, 1.0)",5.799766324316583,51.15532712850372,2.122147003387518,68.20626380522835,20.55383626115737,True,False,True,False,False,19.566820146521422,0.0,0.0,0.0,0.0,1,1.1572234548612026,0.6815358559109759,False,False,False,False,0.3428282506078717,0.3310239035961663,False,False,False,False,157606597,131157854.51266617,False,False,False,False,3530625.1168032023,False,False,False,False
2024-04-26 00:00:00+00:00,64.0300948277,66.2582483107,64.0105496217,65.4275770561,5018392,,,,,,,,,,,,61.7447944438592,55.05635486536283,52.01670817848982,51.26189440014022,50.40508929940008,50.13280904501682,49.95650220900841,50.23856062662111,49.9867184768351,49.89200580548213,49.45553298833806,49.078681770243215,48.687884611013054,,,,55.05635486536283,51.26189440014022,48.687884611013054,,51.377964363062304,"rgba(0, 255, 0, 1.0)",5.943181119248022,51.30225864900221,2.14158645400802,69.94154274844172,20.55383626115737,True,False,True,False,True,20.0,0.0,0.0,0.0,0.0,1,1.1781080868515672,0.6434751597751232,False,False,False,False,0.3428282507501188,0.33692607717314255,False,False,False,False,162624989,132391859.78667925,False,False,False,False,3588968.916144253,False,False,False,False
2024-04-29 00:00:00+00:00,64.3135003146,64.6653140224,63.1212427491,64.2841825056,2213052,,,,,,,,,,,,61.86596271538791,55.16122357694106,52.085650162876576,51.326087169782895,50.46346727910065,50.185538001064906,50.00522752314785,50.28253782661854,50.024037342613106,49.92460887757854,49.48595126663649,49.108653140195464,48.71744437960316,,,,55.16122357694106,51.326087169782895,48.71744437960316,,51.433568404734395,"rgba(0, 255, 0, 1.0)",6.0872722603657845,51.35953509873137,2.1280410439683917,71.40575620801923,17.134664860755763,True,False,True,False,True,20.0,0.0,0.0,0.0,0.0,1,1.1539506547949547,0.6808461193438218,False,False,False,False,0.29537590598943425,0.3161509915812884,False,False,False,False,164838041,133664259.04994674,False,False,False,False,3535011.3900209493,False,False,False,False
2024-04-30 00:00:00+00:00,61.9094399777,63.306922206,61.8996673747,62.6912482173,3589931,,,,,,,,,,,,61.90598743483102,55.29532675153273,52.18049935081644,51.41542090382022,50.5456450406979,50.260067069159334,50.07427831304219,50.344735498212714,50.077025477929325,49.9709877007812,49.52942121443944,49.151633302488044,48.7599785845855,,,,55.29532675153273,51.41542090382022,48.7599785845855,,51.50084666479508,"rgba(0, 255, 255, 0.75)",6.1670305763135564,51.432650319331024,1.698838611017825,66.3239666395047,20.913568497575227,False,False,True,False,False,15.019953011782665,0.0,0.0,0.0,0.0,1,1.1110620888613443,0.7073486815543577,False,False,False,False,0.24505905830002495,0.28060502494065664,False,False,False,False,161248110,134745978.69504687,False,False,False,False,3537165.100216206,False,False,False,False
2024-05-01 00:00:00+00:00,62.7792016443,64.0496400337,61.8801221687,62.4567057454,2519271,,,,,,,,,,,,61.95841522017551,55.3933355481463,52.24943678142513,51.4802503742261,50.60519911950721,50.314095705146116,50.124349203281994,50.38991273179611,50.11553391164183,50.004713437601616,49.56100601591331,49.18283386155693,48.790827700398964,,,,55.3933355481463,51.4802503742261,48.790827700398964,,51.55153150852439,"rgba(0, 255, 255, 0.75)",6.2642156038986965,51.48692768018522,1.8026636818002792,64.23186955584772,19.0895117517815,False,False,True,False,False,16.322606473318473,0.0,0.0,0.0,0.0,1,1.0938959679018356,0.7088643500984808,False,False,False,False,0.25870865459556697,0.26965683976811183,False,False,False,False,163767381,135884072.90308425,False,False,False,False,3497247.684521453,False,False,False,False
2024-05-02 00:00:00+00:00,63.6391907079,63.9519140038,62.4371605394,62.6032947904,2172479,,,,,,,,,,,,62.01846745206896,55.48067929518158,52.31060143229282,51.53770078041611,50.65791628672396,50.361932217269384,50.16868993382153,50.42997089363086,50.14969189572872,50.03464248601433,49.58901725649309,49.210484777919646,48.818148033081656,,,,55.48067929518158,51.53770078041611,48.818148033081656,,51.59753405697252,"rgba(0, 255, 255, 0.75)",6.356694183591995,51.53573883880061,1.9040481608099096,64.00852559913092,18.9359844095313,False,False,True,False,False,17.580795398630904,0.0,0.0,0.0,0.0,1,1.0990241149942173,0.7146829313469193,False,False,False,False,0.26742691731506646,0.2685418785415892,False,False,False,False,165939860,137062731.22061035,False,False,False,False,3445295.971402965,False,False,False,False
2024-05-03 00:00:00+00:00,63.5610098839,64.0398674307,62.8378372623,63.8932783858,1909377,,,,,,,,,,,,62.07212780984148,55.55718407668784,52.36446421497161,51.58831592941514,50.704385923533735,50.404126378641394,50.2078179806045,50.4653445874388,50.17987760344024,50.06110553065023,49.613786262312516,49.234932378585384,48.84230051015008,,,,55.55718407668784,51.58831592941514,48.84230051015008,,51.63813609125176,"rgba(0, 255, 255, 0.75)",6.426238788634512,51.57879183537565,1.864577156659068,63.674893580351934,18.541764963185713,False,False,True,False,False,17.39700865004195,0.0,0.0,0.0,0.0,1,1.1027602208479699,0.7158398199563841,False,False,False,False,0.27674549733146125,0.2726436879365252,False,False,False,False,164030483,138120290.11391973,False,False,False,False,3385063.854877359,False,False,False,False
2024-05-06 00:00:00+00:00,64.6262236105,64.9487195093,64.3428181236,64.4991797715,3485267,,,,,,,,,,,,62.23340922917567,55.713021332343494,52.47157366961682,51.688511192752905,50.795967632967454,50.487218518388424,50.2848393429774,50.53513144200267,50.239399614329045,50.11329351376714,49.66253350824022,49.28295776925564,48.88965915715832,,,,55.713021332343494,51.688511192752905,48.88965915715832,,51.72288584022886,"rgba(0, 255, 255, 0.75)",6.51278836566516,51.66688059290916,1.9898302063539095,64.87761132139313,18.541764963185713,False,False,True,False,False,18.944131525457397,0.0,0.0,0.0,0.0,1,1.1124435241407322,0.7136791521045744,False,False,False,False,0.3235101011555923,0.2980768945460588,False,False,False,False,167515750,139273053.2467072,False,False,False,False,3388993.3899802077,False,False,False,False
2024-05-07 00:00:00+00:00,64.3819085356,64.8412208764,63.8835057828,64.5578153895,1849298,,,,,,,,,,,,62.30229982331015,55.791117771176694,52.526404778061234,51.739956125833245,50.84313459391753,50.5300800624229,50.32461080872889,50.57117781242412,50.27019441952419,50.14032064053717,49.687806154168634,49.307872326018106,48.914243327377115,,,,55.791117771176694,51.739956125833245,48.914243327377115,,51.76532451103846,"rgba(0, 255, 255, 0.75)",6.587446288626331,51.71140961755657,1.923431078279895,65.04398327767683,18.541764963185713,False,False,True,False,False,18.357297245069432,0.0,0.0,0.0,0.0,1,1.1073931755401518,0.7121311295742546,False,False,False,False,0.31241240866738934,0.3052446516067241,False,False,False,False,165666452,140308088.4919344,False,False,False,False,3328613.178608435,False,False,False,False
2024-05-08 00:00:00+00:00,64.7728126554,65.2028071872,63.6978263259,63.7466893409,1705396,,,,,,,,,,,,62.367462520268276,55.86345752168072,52.57732279195784,51.787733557131254,50.886945213995695,50.569908885497036,50.36157965681402,50.60470607512505,50.29885319151106,50.165483751691546,49.71133430715697,49.33106265887126,48.93712170157908,,,,55.86345752168072,51.787733557131254,48.93712170157908,,51.80484398717537,"rgba(0, 255, 255, 0.75)",6.662290468442868,51.75283531130699,1.9542794487518171,65.70306860628521,18.541764963185713,False,False,True,False,False,18.9291404180381,0.0,0.0,0.0,0.0,0,1.109264409331249,0.7089836735365088,False,False,False,False,0.31584843408796864,0.3105465428473464,False,False,False,False,167371848,141369412.39421147,False,False,False,False,3264957.602976732,False,False,False,False
2024-05-09 00:00:00+00:00,66.5514264006,66.6450479373,65.1343989662,65.1539441722,3126123,,,,,,,,,,,,62.5557072421902,56.016140831851345,52.68149998382409,51.88493023291133,50.97556873009643,50.6503722046067,50.436206699122955,50.6725424321144,50.356776842588616,50.216333336411665,49.758760235130296,49.37770524730827,48.983037040425735,,,,56.016140831851345,51.88493023291133,48.983037040425735,,51.88966008142939,"rgba(0, 255, 0, 1.0)",6.781546456529027,51.84000139073294,2.1693318926840695,68.25381885232409,18.541764963185713,False,False,True,False,True,20.0,0.0,0.0,0.0,0.0,0,1.12566963509535,0.6804381911402049,False,False,False,False,0.34282825044693727,0.32668739664714186,False,False,False,False,170497971,142511708.81012475,False,False,False,False,3259513.1087423507,False,False,False,False
2024-05-10 00:00:00+00:00,66.8446044905,67.5970949212,66.5807442096,67.2745990223,3062264,,,,,,,,,,,,62.764736160490315,56.174264141667685,52.7887205001716,51.98479561803084,51.066474442505964,50.73291557924236,50.51277207739604,50.742248599645976,50.41631536240127,50.26862476250021,49.80748665377491,49.425580716330224,49.03012065928519,,,,56.174264141667685,51.98479561803084,49.03012065928519,,51.9780811748802,"rgba(0, 255, 0, 1.0)",6.87854105270042,51.93040109918826,2.168221905931147,70.25321088537424,15.859794681335273,False,False,True,False,True,20.0,0.0,0.0,0.0,0.0,0,1.140533792635374,0.6789103760455608,False,False,False,False,0.34282825060641364,0.33475782362677775,False,False,False,False,173560235,143729298.07247278,False,False,False,False,3251777.849575984,False,False,False,False
2024-05-13 00:00:00+00:00,66.2093852958,67.1768729923,65.5497345936,66.4732455766,1603799,,,,,,,,,,,,62.849874100267485,56.25007536529843,52.84152169697833,52.03417653716827,51.11161507801085,50.77398121566738,50.55091113720043,50.776968069739524,50.446027873371825,50.29474910227041,49.831869000456564,49.44956318204067,49.0537315528988,,,,56.25007536529843,52.03417653716827,49.0537315528988,,52.02038953164377,"rgba(0, 255, 0, 1.0)",6.961274594697969,51.97418104406124,2.044913479290267,69.74837505812981,15.859794681335273,False,False,True,False,True,20.0,0.0,0.0,0.0,0.0,0,1.1312875908897015,0.6966521040913284,False,False,False,False,0.31189949811257517,0.3233286608696765,False,False,False,False,171956436,144836244.657866,False,False,False,False,3187151.2280239845,False,False,False,False
2024-05-14 00:00:00+00:00,67.0791469624,67.1671003893,66.3266565317,66.6491524306,1643495,,,,,,,,,,,,62.94607915216089,56.33074519625884,52.89737818980896,52.086348184964514,51.15924707955194,50.8173091832335,50.59115005924318,50.813630621284595,50.47740395052314,50.32234090073608,49.857604995748446,49.474861627323136,49.07862285304739,,,,56.33074519625884,52.086348184964514,49.07862285304739,,52.06559399952958,"rgba(0, 255, 0, 1.0)",7.048601345147077,52.02076689361811,2.1363642702178787,70.45995500188674,16.246305326443263,False,False,True,False,True,20.0,0.0,0.0,0.0,0.0,0,1.1182172608603662,0.7162887267808464,False,False,False,False,0.32624453787859764,0.32478659937413706,False,False,False,False,173599931,145964232.35755754,False,False,False,False,3126615.6896701027,False,False,False,False
2024-05-15 00:00:00+00:00,67.5286867002,67.968453835,66.3559743407,67.4602784792,2201578,,,,,,,,,,,,63.08123514176354,56.44120833208639,52.97377399904987,52.15766551614012,51.22432602526171,50.87651999585417,50.64614873823221,50.863780871810675,50.52033700433314,50.36010850763688,49.89282085716711,49.50946482182342,49.11265536431565,,,,56.44120833208639,52.15766551614012,49.11265536431565,,52.12769578272883,"rgba(0, 255, 0, 1.0)",7.1428905827413285,52.08465309183723,2.162154582862949,71.44131748305117,17.339010659641716,True,False,True,False,True,20.0,0.0,0.0,0.0,0.0,0,1.0947387925194318,0.7193980374531015,False,False,False,False,0.34282824939624257,0.33380742438518984,False,False,False,False,175801509,147134321.63765332,False,False,False,False,3090339.7018399024,False,False,False,False
2024-05-16 00:00:00+00:00,67.2452812133,67.6166401271,66.7664236665,67.1280099774,1872675,,,,,,,,,,,,63.18780833945135,56.53279304736138,53.037784124686894,52.2175058785854,51.27901419368038,50.926322479873306,50.6924371095916,50.9060056741421,50.55652140040861,50.391960095693605,49.922535279009004,49.538669219759264,49.14138468779481,,,,56.53279304736138,52.2175058785854,49.14138468779481,,52.17928781000291,"rgba(0, 255, 0, 1.0)",7.214876493877753,52.13792432368805,2.0939176023915915,71.21089254946212,17.339010659641716,True,False,True,False,True,20.0,0.0,0.0,0.0,0.0,0,1.0984729665505168,0.7333157929688354,False,False,False,False,0.3428282492189974,0.3383178368020936,False,False,False,False,173928834,148185086.8283336,False,False,False,False,3042588.144905004,False,False,False,False
2024-05-17 00:00:00+00:00,68.5157196027,68.7698072806,67.6459579361,68.1052702769,2642339,,,,,,,,,,,,63.367849362062415,56.67245694753057,53.134070804770005,52.30727762970221,51.36083514462348,51.00079611997826,50.76163614562919,50.96921370624748,50.61066950038661,50.439627330641365,49.96694861477857,49.582270387980785,49.184227712340046,,,,56.67245694753057,52.30727762970221,49.184227712340046,,52.25829841589776,"rgba(0, 255, 0, 1.0)",7.299879130604511,52.21889863016842,2.2324781932631845,72.53254741396302,18.720842843397875,True,False,True,False,True,20.0,0.0,0.0,0.0,0.0,0,1.0968653609461474,0.7230777607271567,False,False,False,False,0.3428282494830808,0.3405730431425872,False,False,False,False,176571173,149298266.67820284,False,False,False,False,3026892.100006769,False,False,False,False
2024-05-20 00:00:00+00:00,69.1704840035,69.8741114191,68.3007223368,68.7502620746,1922547,,,,,,,,,,,,63.51115279960194,56.778894248102006,53.20704273299669,52.37522050039331,51.422677779645284,51.05708300184524,50.81393705889443,51.01703614010184,50.65164169942683,50.47570494787979,50.0005403712454,49.61522468178195,49.21658613694196,,,,56.778894248102006,52.37522050039331,49.21658613694196,,52.31867246914282,"rgba(0, 255, 0, 1.0)",7.408722825337672,53.25555656358904,2.1481337357475767,74.06738724643154,20.315972496164477,True,False,True,False,True,20.0,0.0,0.0,0.0,0.0,0,1.1027556518050936,0.715832593242769,False,False,False,False,0.3428282496726415,0.34170064640761433,False,False,False,False,178493720,150443186.41631252,False,False,False,False,2983584.4490261115,False,True,False,False
2024-05-21 00:00:00+00:00,68.5254922057,68.8870785166,68.1052702769,68.7013990597,2371463,,,,,,,,,,,,63.66019078541434,56.901341982218,53.292729033293824,52.4552528370437,51.49576366773555,51.12370697518464,50.87590738295068,51.073705195963974,50.700272478727086,50.518567043666735,50.04049848461798,49.65445590149918,49.255138348702964,,,,56.901341982218,52.4552528370437,49.255138348702964,,52.38827154746297,"rgba(0, 255, 0, 1.0)",7.462421213481007,53.30842379847248,2.0391596737715094,73.06302141487308,20.315972496164477,True,False,True,False,True,20.0,0.0,0.0,0.0,0.0,0,1.0923703394292614,0.7342483592496326,False,False,False,False,0.3150370319993838,0.3283688392034991,False,False,False,False,176122257,151450208.7921434,False,False,False,False,2959579.686319205,False,False,False,False
2024-05-22 00:00:00+00:00,66.4634729737,68.0954976739,66.0676825523,67.7827743781,2668251,,,,,,,,,,,,63.764633512519794,57.01716055779108,53.377788601437935,52.53530599529492,51.569441643415445,51.191088887337656,50.93871596647594,51.131106384918084,50.749692331941276,50.562201073779555,50.08130009542747,49.69460175826649,49.29467340309082,,,,57.01716055779108,52.53530599529492,49.29467340309082,,52.454439247053564,"rgba(0, 255, 255, 0.75)",7.444554421237868,53.3393714808732,1.7629129629822147,67.25132951727963,21.27888472136449,False,True,True,False,False,17.324683494139894,0.0,0.0,0.0,0.0,0,1.0663790296102713,0.7403518271990763,False,False,False,False,0.25032953674858355,0.2893491879760413,False,False,False,False,173454006,152313102.80029467,False,False,False,False,2948155.031953746,False,False,False,False
2024-05-23 00:00:00+00:00,65.7891633669,66.5416537976,65.2028071872,66.3852921497,2739834,,,,,,,,,,,,63.83176730407308,57.12117211102096,53.45744127956666,52.61074332437711,51.63931843870855,51.255172355582964,50.99855921967129,51.18578377824773,50.79690034006715,50.60394771636955,50.12043159320475,49.73316824622028,49.332715018330084,,,,57.12117211102096,52.61074332437711,49.332715018330084,,52.51439390195695,"rgba(0, 255, 255, 0.75)",7.4114324327380325,53.3701741446371,1.675653031309483,62.033651410099786,16.619217976638723,False,True,True,False,False,15.758692146556761,0.0,0.0,0.0,0.0,0,1.0392379309601654,0.780812387258571,False,False,False,False,0.19661252312010052,0.24298085554807092,False,False,False,False,170714172,153034713.35714588,False,False,False,False,2939985.5797202657,False,False,False,False
2024-05-24 00:00:00+00:00,66.1702948838,66.5905168126,65.9474795355,66.3462017377,1656563,,,,,,,,,,,,63.877790942628394,57.185648915732294,53.506615948026656,52.657278236243314,51.68239203178595,51.29468003666657,51.035457381691906,51.21952402578196,50.82603935538309,50.62972382665323,50.14458406218093,49.75696169054822,49.35617450849656,,,,57.185648915732294,52.657278236243314,49.35617450849656,,52.551759304755315,"rgba(0, 255, 255, 0.75)",7.369130742253079,53.39994847058557,1.7329515325317664,59.25052736456848,14.328151976424266,False,True,True,False,False,16.332620474882628,0.0,0.0,0.0,0.0,0,1.0522671839153668,0.7666323258771914,False,False,False,False,0.21409851149366366,0.2285396835208673,False,False,False,False,172370735,153792988.71568918,False,False,False,False,2889655.282476334,False,False,False,False
2024-05-28 00:00:00+00:00,67.3625524493,67.6557305391,66.6198346216,67.1866455953,1439070,,,,,,,,,,,,63.93233949506114,57.24688920944227,53.55228209847244,52.7003352032366,51.722101712745285,51.331064190027384,51.069416462870045,51.2506101513708,50.852862104341575,50.65344376894723,50.16677664924276,49.778797284774136,49.37767719565346,,,,57.24688920944227,52.7003352032366,49.37767719565346,,52.587276578937306,"rgba(0, 255, 255, 0.75)",7.329674970802068,53.435930275122395,1.9000327067236444,59.388951875283084,14.328151976424266,False,True,True,False,False,18.092455740840027,0.0,0.0,0.0,0.0,0,1.0555892288281086,0.7490280226897557,False,False,False,False,0.2528579063070971,0.2406987949139822,False,False,False,False,173809805,154577961.90330923,False,False,False,False,2832769.585124321,False,False,False,False
2024-05-29 00:00:00+00:00,65.8575715879,67.2061908013,65.740300352,66.7859688725,1703224,,,,,,,,,,,,63.97669777122592,57.311631283772066,53.60222836670827,52.74767171176309,51.76598861045227,51.371363882854965,51.107083994695955,51.28507835777098,50.882668534549694,50.67983359102475,50.1915168751616,49.8031739444203,49.40171558925207,,,,57.311631283772066,52.74767171176309,49.40171558925207,,52.625127116434754,"rgba(0, 255, 255, 0.75)",7.241768175954165,53.46918297362972,1.7106856106503299,56.457051303401684,11.991617874307593,False,True,True,False,False,14.62939118674279,0.0,0.0,0.0,0.0,0,1.0457312272063228,0.753220504591531,False,False,False,False,0.22314980153860586,0.231924298226294,False,False,False,False,172106581,155265358.73063043,False,False,False,False,2788473.6798253283,False,False,False,False
2024-05-30 00:00:00+00:00,67.0302839474,67.5580045092,65.8477989849,66.0237058388,3800307,,,,,,,,,,,,64.09196022903082,57.461363423862466,53.71699483064068,52.856311654982996,51.86660042985179,51.463758353085645,51.19345179085263,51.36418961529584,50.95109712271979,50.740439084860995,50.248303904978194,49.85909376968831,49.45682725504123,,,,57.461363423862466,52.856311654982996,49.45682725504123,,52.71310703576088,"rgba(0, 255, 255, 0.75)",7.167047603783414,53.55611308150179,1.880016934558286,56.40140930967295,11.956836374857374,False,True,True,False,False,16.363780200445,0.0,0.0,0.0,0.0,0,1.0562646173555676,0.744957741007774,False,False,False,False,0.23011421188806017,0.23101925505717708,False,False,False,False,175906888,156074830.46668416,False,False,False,False,2828153.417871394,False,False,False,False
2024-05-31 00:00:00+00:00,67.0498291534,68.106544684,66.0570080503,67.5708144847,2563311,,,,,,,,,,,,64.17146872450762,57.5624459649772,53.79479480835867,52.929989448321614,51.93487011389262,51.526498128128615,51.25213001810669,51.417983919457924,50.997669795382016,50.781715932936066,50.286983912440704,49.89717785430005,49.49435553659267,,,,57.5624459649772,52.929989448321614,49.49435553659267,,52.77292955056942,"rgba(0, 255, 255, 0.75)",7.029836651782222,53.61745834443276,1.910765708270309,56.3950496358446,11.81117570973079,False,True,True,False,False,16.392415218211234,0.0,0.0,0.0,0.0,0,1.0621535471999912,0.7520675334795003,False,False,False,False,0.24186455722175884,0.23644190613946797,False,False,False,False,178470199,156953080.21308872,False,False,False,False,2817767.440699967,False,False,False,False
2024-06-03 00:00:00+00:00,67.4626854537,67.7035182956,66.6173130293,67.433195718,2229613,,,,,,,,,,,,64.24156537571258,57.650378757892604,53.862691332497434,52.99431033513413,51.9944950179695,51.581323717677215,51.303426760256464,51.465040861123235,51.03843762225963,50.81786685255562,50.32086342659755,49.9305323304274,49.52722003507049,,,,57.650378757892604,52.99431033513413,49.52722003507049,,52.82524249424414,"rgba(0, 255, 0, 1.0)",6.891495802185255,53.67198162878092,2.001119092395896,57.070147593831685,11.81117570973079,False,True,True,False,False,17.002893764507785,0.0,0.0,0.0,0.0,0,1.0458728753874518,0.7689886152445164,False,False,False,False,0.24572140734772224,0.2410816567435951,False,False,False,False,180699812,157884324.59688917,False,False,False,False,2794702.5606725174,False,False,False,False
2024-06-04 00:00:00+00:00,63.9140872534,66.2437763766,63.6290198079,66.2437763766,3268122,,,,,,,,,,,,64.25296057225941,57.741466359473314,53.94142968075757,53.07013287783511,52.06594451513232,51.647454374777936,51.3655644539711,51.52195856594212,51.08806817915857,50.86202691357982,50.362504043552256,49.971707658336165,49.56796534179908,,,,57.741466359473314,53.07013287783511,49.56796534179908,,52.881475656659596,"rgba(0, 255, 255, 0.75)",6.726939138032487,53.71609161452776,1.515993445104213,51.55340118042372,6.960597204190549,False,True,False,False,False,9.301266162418873,0.0,0.0,0.0,0.0,0,1.0076753893617258,0.7728538686289078,False,False,False,False,0.13392551390999521,0.18750358532679517,False,False,False,False,177431690,158650887.94603077,False,False,False,False,2813268.0288814385,False,False,False,False
2024-06-05 00:00:00+00:00,64.9757177399,65.1035065948,63.6585095437,64.2777939941,2545451,,,,,,,,,,,,64.2609396352784,57.81060791228014,54.0018679739666,53.12842289282849,52.12096370466994,51.69843340666271,51.41350137002193,51.56589439623043,51.12642646687466,50.89618556383166,50.39473172884654,50.00358242007579,49.599513986847136,,,,57.81060791228014,53.12842289282849,49.599513986847136,,52.92469780449341,"rgba(0, 255, 255, 0.75)",6.591170788229508,53.75218185620473,1.7028136949111121,49.6916591332333,5.2301869191089665,False,True,False,False,False,10.938345240997563,0.0,0.0,0.0,0.0,0,1.008016548911213,0.7958880042108872,False,False,False,False,0.1070005404214828,0.147252062874139,False,False,False,False,179977141,159487211.59520602,False,False,False,False,2802765.4002978527,False,False,False,False
2024-06-06 00:00:00+00:00,67.5216649252,67.64945378,64.7496297659,64.8872485327,2061084,,,,,,,,,,,,64.30713757083798,57.88231412771391,54.059742686619416,53.183607759891515,52.1724717544835,51.7459760369772,51.4580988733275,51.606853831253936,51.162060132150636,50.92786720404899,50.424496130475305,50.03292515370357,49.6284636732546,,,,57.88231412771391,53.183607759891515,49.6284636732546,,52.968616533441384,"rgba(0, 255, 0, 1.0)",6.499457829111947,53.79769618356941,2.111555933197857,51.9555195206019,5.2301869191089665,False,True,False,False,False,14.62010099113629,0.0,0.0,0.0,0.0,0,1.0204133144469691,0.770577723827757,False,False,False,False,0.18948373633165644,0.16836789960289772,False,False,False,False,182038225,160371565.06206068,False,False,False,False,2773679.8551881327,False,False,False,False
2024-06-07 00:00:00+00:00,62.7148380001,65.2509552735,61.9372919678,64.9413130482,4480723,,,,,,,,,,,63.30102841379999,64.26638889630352,57.97632148430471,54.15083465391982,53.272648573013804,52.25764134366332,51.82535590447203,51.53302933576754,51.675525778084356,51.222373370346965,50.98175968127194,50.47558055938506,50.08360478651969,49.67877397481086,,,63.30102841379999,57.97632148430471,53.272648573013804,49.67877397481086,,53.76434762540454,"rgba(38, 166, 154, 1.0)",6.344895412560048,54.48550680687409,1.2970002904910811,48.04546515580951,3.9659988960394372,False,True,False,True,False,5.68623763793655,1.0,65.25095,61.93729,0.0,0,0.9616963781774366,0.7943082309300978,False,False,True,False,0.013520855677362496,0.09094437764013011,False,False,True,False,177557502,161045523.37335244,False,False,False,False,2840622.7236121274,False,False,True,False
2024-06-10 00:00:00+00:00,64.1303453155,64.2188145227,62.9114362383,62.9114362383,3102842,,,,,,,,,,,63.48617184060974,64.25239742666723,58.04490329578954,54.215937221369494,53.336136337573,52.31824576611014,51.88183177561617,51.58633842353446,51.72444213686289,51.265341056365465,51.02016596313419,50.51195872330366,50.11966723122775,49.71454687999397,,,63.48617184060974,58.04490329578954,53.336136337573,49.71454687999397,,53.81986314843983,"rgba(0, 255, 255, 0.75)",6.173261629778088,54.53202251071953,1.5548219693914869,47.1380696224494,3.1475355973627117,False,True,False,True,False,7.702109328943596,0.0,0.0,0.0,0.0,0,0.9519125511010154,0.8208912828334162,False,False,False,False,-0.05197410133703892,0.019485138151545595,False,False,False,False,180660344,161814732.02537784,False,False,False,False,2850905.8324900833,False,False,False,False
2024-06-11 00:00:00+00:00,63.5798702484,63.5897001603,62.724667912,63.4914010412,1684595,,,,,,,,,,,63.45198387695653,64.23846872381583,58.07854349014596,54.249244059564745,53.36879106881485,52.34958237834541,51.911102480671474,51.6140105246366,51.74983494246144,51.28769959045504,51.04017854161313,50.53094932954004,50.13851527638303,49.73326503225153,,,63.45198387695653,58.07854349014596,53.36879106881485,49.73326503225153,,53.838726379689696,"rgba(38, 166, 154, 1.0)",6.02451490988025,54.5485362307988,1.499097297076938,46.00135906373923,2.000379804438708,False,True,False,True,False,6.758535308737635,0.0,0.0,0.0,0.0,0,0.9268586113198539,0.8367597639168439,False,False,False,False,-0.08073640320955425,-0.030625632529004326,False,False,False,False,178975749,162487713.08320618,False,False,False,False,2805168.1527845897,False,False,False,False
2024-06-12 00:00:00+00:00,64.5235417919,65.418063776,64.0222162844,64.9560579161,2468795,,,,,,,,,,,63.70494818110857,64.24718344550648,58.13968487934646,54.30486829163604,53.42274750435015,52.400834944099955,51.95880698701137,51.65900989586928,51.791195512294294,51.32400056543727,51.07262230661422,50.5616248867183,50.16887746879694,49.763337668152715,,,63.70494818110857,58.13968487934646,53.42274750435015,49.763337668152715,,53.89426732406729,"rgba(0, 255, 255, 0.75)",5.850982731027755,54.59872832545409,1.6962643580905883,46.411085653026575,2.000379804438708,False,True,False,True,False,8.093846778464691,0.0,0.0,0.0,0.0,0,0.935352037201842,0.8240345746334083,False,False,False,False,0.027652060107420096,-0.001486786210792115,False,False,False,False,181444544,163231118.2171981,False,False,False,False,2791977.0487538218,False,False,False,False
2024-06-13 00:00:00+00:00,62.9409259741,64.7987793255,62.7836473835,63.9337470772,1884121,,,,,,,,,,,63.67767568479035,64.235552040796,58.17750673773066,54.34226107583656,53.4594106573744,52.436029325694655,51.991707209942184,51.69013164224078,51.81978458812748,51.34920019185293,51.09519679442671,50.58304840057096,50.1901360714163,49.784445670938844,,,63.67767568479035,58.17750673773066,53.4594106573744,49.784445670938844,,53.91657757798134,"rgba(38, 166, 154, 1.0)",5.629840194943704,54.61952285200724,1.4780886906108646,45.06265364104467,0.7744888886406471,False,True,False,True,False,5.401524226181742,0.0,0.0,0.0,0.0,0,0.9209567649994194,0.8334647179838809,False,False,False,False,-0.03668281162297654,-0.01908479891688433,False,False,False,False,179560423,163871483.1106413,False,False,False,False,2756374.850763476,False,False,False,False
2024-06-14 00:00:00+00:00,63.1571840361,63.4225916578,62.3511312593,63.3734420982,1569464,,,,,,,,,,,63.605279710662934,64.21927319142986,58.205510477879315,54.37138736417121,53.48814539713304,52.46377885600302,52.01771353183027,51.7147725213671,51.84241613715738,51.36919896190243,51.11313727228685,50.60010933410819,50.20708896602529,49.80130091708921,,,63.605279710662934,58.205510477879315,53.48814539713304,49.80130091708921,,53.929936617074716,"rgba(0, 255, 255, 0.75)",5.385733418252328,54.632067939583706,1.5829071798512253,44.456595282576615,-0.04211299937021096,False,True,False,True,False,5.714543468719011,0.0,0.0,0.0,0.0,0,0.9196557882270476,0.8466107652681638,False,False,False,False,-0.10228833320886678,-0.060686566062875556,False,False,False,False,181129887,164548283.26316518,False,False,False,False,2709829.327204124,False,False,False,False
2024-06-17 00:00:00+00:00,63.1571840361,63.7617236187,62.724667912,63.0195652694,1953647,,,,,,,,,,,63.56075170830777,64.20335267721265,58.241628803262245,54.4083632763052,53.52456192938996,52.49889354463823,52.05061230466077,51.74593905833986,51.87105793188785,51.39450474976743,51.13583943354902,50.621687395671245,50.2285203968662,49.82259922028232,,,63.56075170830777,58.241628803262245,53.52456192938996,49.82259922028232,,53.950593745010046,"rgba(0, 255, 255, 0.75)",5.13651212552853,54.65159137053888,1.655908222875249,44.05255637693125,-0.7115064394513269,False,True,False,True,False,5.714543468719011,0.0,0.0,0.0,0.0,0,0.922841989439589,0.8510367458384146,False,False,False,False,-0.07726407364273659,-0.06897531985280607,False,False,False,False,181129887,165198542.23323715,False,False,False,False,2680175.1182941585,False,False,False,False
2024-06-18 00:00:00+00:00,63.511060865,63.8059582224,62.832796943,62.9310960622,1541775,,,,,,,,,,,63.54610789378792,64.19322442866289,58.270721755465836,54.4378812623284,53.553606236483986,52.526877604697205,52.076829498728806,51.770776137770625,51.893894488329494,51.41468333360254,51.153944890413925,50.638891771007714,50.24560294622491,49.83957087100505,,,63.54610789378792,58.270721755465836,53.553606236483986,49.83957087100505,,53.968758079893526,"rgba(0, 255, 255, 0.75)",4.924204992635915,54.668920144527966,1.7956483805396684,44.3375557250296,-0.7324738274700948,False,True,False,True,False,6.2414404932311776,0.0,0.0,0.0,0.0,0,0.9181123237189656,0.8521164198599128,False,False,False,False,-0.07192762155191974,-0.0704514707023629,False,False,False,False,182671662,165883762.61624745,False,False,False,False,2635531.97640027,False,False,False,False
2024-06-20 00:00:00+00:00,64.9462280042,65.3197646568,63.6486796318,63.9042573415,3093718,,,,,,,,,,,63.70123871103708,64.203985751818,58.34220619820357,54.50475789996133,53.618748310932446,52.58903953205552,52.134871258668774,51.82564718848232,51.94442145495678,51.459193513028126,51.1938258431161,50.67666012863197,50.283008791023896,49.87664197165111,,,63.70123871103708,58.34220619820357,53.618748310932446,49.87664197165111,,54.02530332525479,"rgba(0, 255, 0, 1.0)",4.782366573530683,54.723979042380925,2.137487539829528,46.65061462555492,-0.7324738274700948,False,True,False,True,True,8.33930661251135,0.0,0.0,0.0,0.0,0,0.9219506212944564,0.8398030696283658,False,False,False,False,0.009339953961573218,-0.030555758370394842,False,False,False,False,185765380,166663433.88619855,False,False,False,False,2653500.055757122,False,False,False,False
2024-06-21 00:00:00+00:00,64.1205154035,65.0445271233,63.3144626267,65.0445271233,5421266,,,,,,,,,,,63.79263894198746,64.20219085730507,58.45444619986904,54.61442447174548,53.726195897339515,52.692179425363385,52.231455033100616,51.917131825787784,52.02870204900714,51.53366724822185,51.260678564703085,50.74010325925983,50.345921199233025,49.93906665428804,,,63.79263894198746,58.45444619986904,53.726195897339515,49.93906665428804,,54.10562868765795,"rgba(0, 255, 0, 1.0)",4.64598954214674,54.80377610221662,2.0053293742410054,47.02734098783512,-0.7324738274700948,False,True,False,True,True,6.872776872030162,0.0,0.0,0.0,0.0,0,0.9370882320242084,0.8374316945630927,False,False,False,False,-0.016173901133978416,-0.02336482975218663,False,False,False,False,180344114,167199931.1455633,False,False,False,False,2762039.896707823,False,False,False,False
2024-06-24 00:00:00+00:00,64.5432016158,64.8970784446,64.0418761082,64.6021810872,1514997,,,,,,,,,,,63.829644126312864,64.20546941320171,58.48683434532337,54.6456848198322,53.75678144294327,52.72150489352016,52.258917541345895,51.943146819077896,52.05269028907265,51.55487015245733,51.27971865844612,50.75816502489853,50.363823399226256,49.95682178042284,,,63.829644126312864,58.48683434532337,53.75678144294327,49.95682178042284,,54.12957662186293,"rgba(0, 255, 0, 1.0)",4.528005982236508,54.82789420074662,2.1456039265775706,47.92202896927276,-0.7324738274700948,False,True,False,False,True,7.493290077004371,0.0,0.0,0.0,0.0,1,0.9436180078972034,0.842025422478752,False,False,False,False,0.00428098335117237,-0.009541923200507129,False,False,False,False,181859111,167774800.94377652,False,False,False,False,2713136.2536996733,False,False,False,False
2024-06-25 00:00:00+00:00,63.7862983985,64.5235417919,63.7273189271,64.5235417919,1418650,,,,,,,,,,,63.83824710587039,64.20345953650401,58.514442746397435,54.67335541751926,53.78398703312809,52.74771543721876,52.2835142775568,51.966478843713794,52.07420302485191,51.57392509324316,51.29685020927858,50.774443615008664,50.379976037814345,49.97285895904767,,,63.83824710587039,58.514442746397435,53.78398703312809,49.97285895904767,,54.148818381225205,"rgba(0, 255, 0, 1.0)",4.413453803090506,54.84732544250537,2.025391757751071,47.393661283331944,-0.7324738274700948,False,True,False,False,True,6.142845491871473,0.0,0.0,0.0,0.0,1,0.9344289369117492,0.8675285737049575,False,False,False,False,-0.0199885073282092,-0.014765215264358164,False,False,False,False,180440461,168271493.49500096,False,False,False,False,2662372.0868879217,False,False,False,False
2024-06-26 00:00:00+00:00,64.2483042584,64.297453818,62.842626855,62.9310960622,1263261,,,,,,,,,,,63.836552498601996,64.19971857027053,58.537838011356335,54.69729053731221,53.80758187051702,52.77050673680038,52.30492812184515,51.98680780807874,52.09294853233722,51.59054973667531,51.311807743729105,50.78866928931412,50.394099621822924,49.986889268335766,,,63.836552498601996,58.537838011356335,53.80758187051702,49.986889268335766,,54.1647277390712,"rgba(0, 255, 0, 1.0)",4.2997938357532055,54.86342668909682,2.1826343140610613,47.82115393789505,-0.7324738274700948,False,True,False,False,True,6.837841855935363,0.0,0.0,0.0,0.0,1,0.9310672693886812,0.8447127464243863,False,False,False,False,-0.06841775126378857,-0.041591483264073366,False,False,False,False,181703722,168798247.55402052,False,False,False,False,2607504.985441337,False,False,False,False
2024-06-27 00:00:00+00:00,65.2509552735,65.6638115738,64.7201400302,65.0248672995,1812790,,,,,,,,,,,63.91161087272487,64.21288139576568,58.579991261129294,54.736728396816396,53.846017807793274,52.80722648421393,52.339286520402666,52.019340361365835,52.12298490886574,51.61708492082699,51.33563608250132,50.81124463339791,50.41645035401422,50.009031880757966,,,63.91161087272487,58.579991261129294,53.846017807793274,50.009031880757966,,54.197536848612586,"rgba(0, 255, 0, 1.0)",4.215909651547852,54.896920859501506,2.455943146266679,49.71862836789213,-4.093403635247732,False,True,False,False,True,8.328069882514868,0.0,0.0,0.0,0.0,1,0.9447044377222443,0.8340423201897532,False,False,False,False,0.01884728252617116,-0.011372100368951104,False,False,False,False,183516512,169375434.39503932,False,False,False,False,2576339.691894618,False,False,False,False
2024-06-28 00:00:00+00:00,64.2876239061,66.0668379622,63.8747676057,65.9980285788,1645484,,,,,,,,,,,63.95086260406951,64.21906851200103,58.61512460956857,54.77068128762962,53.87925367850471,52.839118168814494,52.36918642931204,52.047688221286485,52.149158552955434,51.640254672367924,51.35646665068829,50.83101057837464,50.436039325584375,50.028457460180086,,,63.95086260406951,58.61512460956857,53.87925367850471,50.028457460180086,,54.22374076795266,"rgba(0, 255, 0, 1.0)",4.1096591458169485,54.92376047966242,2.278501231901109,49.36769947262051,-4.093403635247732,False,True,False,False,True,6.579471351474453,0.0,0.0,0.0,0.0,1,0.9195886503498366,0.8414478019087549,False,False,False,False,0.0011784830558638957,-0.005096808656543604,False,False,False,False,181871028,169865457.67366523,False,False,False,False,2539835.5471144365,False,False,False,False
2024-07-01 00:00:00+00:00,63.9337470772,65.1133365067,63.9140872534,64.4547324086,812092,,,,,,,,,,,63.95927598911287,64.21964870551264,58.63113082572302,54.78664655485289,53.89494660302898,52.85423822388862,52.38338754035613,52.06116791781858,52.161603798979975,51.651291558055476,51.36639942106165,50.84044920746258,50.44540225810546,50.03775080482929,,,63.95927598911287,58.63113082572302,53.89494660302898,50.03775080482929,,54.23523852919915,"rgba(0, 255, 0, 1.0)",4.017738853967502,54.9355523237629,2.2396166302723786,48.56090652276767,-4.093403635247732,False,True,False,False,True,5.942782470113549,0.0,0.0,0.0,0.0,1,0.9127981978897226,0.863744860362084,False,False,False,False,-0.03534713989858645,-0.020221974277565027,False,False,False,False,181058936,170304417.6080313,False,False,False,False,2472080.898207988,False,False,False,False
2024-07-02 00:00:00+00:00,64.5530315277,64.6021810872,63.5503805126,63.619189896,1193538,,,,,,,,,,,63.968209992149546,64.21977847243565,58.654143129227826,54.80980537924889,53.917737422063304,52.87622357936109,52.40404936101247,52.08078818005859,52.179720719219816,51.66736888788954,51.38087427444115,50.85420976840906,50.459055787741484,50.051306053874264,,,63.968209992149546,58.654143129227826,53.917737422063304,50.051306053874264,,54.25166221479519,"rgba(0, 255, 0, 1.0)",3.9069508486022864,54.95242030835866,2.457315587365519,49.1486483856413,-4.093403635247732,False,True,False,False,True,6.891980016198829,0.0,0.0,0.0,0.0,1,0.9049856296005527,0.8729385827213274,False,False,False,False,-0.07038899315306071,-0.04530548371531287,False,False,False,False,182252474,170772968.83908892,False,False,False,False,2421941.9610233614,False,False,False,False
2024-07-03 00:00:00+00:00,66.8925505628,67.4823452775,65.6466092279,65.6736414857,1487835,,,,,,,,,,,64.07317912747723,64.24504640334374,58.694985933628494,54.84594446060544,53.95268954720161,52.90936968280389,52.434993405750184,52.11004743774852,52.206781878959866,51.691230747160866,51.402287286125315,50.87444277746541,50.47904432310881,50.07106647890388,,,64.07317912747723,58.694985933628494,53.95268954720161,50.07106647890388,,54.28507924930595,"rgba(0, 255, 0, 1.0)",3.821068784015581,54.9870288771087,3.1157569671330867,53.00412113287659,-0.49415472648084346,False,True,True,False,True,10.319134532262943,0.0,0.0,0.0,0.0,1,0.9418449060919031,0.8504086368253426,False,False,False,False,0.12511364786081627,0.0399040820727517,False,False,False,False,183740309,171281491.98265406,False,False,False,False,2385310.3154930333,False,False,False,False
2024-07-05 00:00:00+00:00,68.6127851474,69.27089775,67.6101341324,67.9640109612,2084225,,,,,,,,,,,64.30126036299183,64.30551640746611,58.764427141074314,54.90395161730058,54.008305959531505,52.961653296862835,52.48364055310956,52.15594738020145,52.24927925323293,51.728584309714314,51.43575381436149,50.905961512212684,50.51010697905136,50.10170148855343,,,64.30126036299183,58.764427141074314,54.008305959531505,50.10170148855343,,54.34400643397603,"rgba(0, 255, 0, 1.0)",3.7356032735266895,55.04843234814081,3.631101004591805,57.46932758235373,3.608642981218317,False,False,True,False,True,12.672295201345971,0.0,0.0,0.0,0.0,0,0.957462978525017,0.8294607256003348,False,False,False,False,0.27902171520794816,0.15946289864034993,False,False,False,False,185824534,171851807.3558833,False,False,False,False,2373503.0482187965,False,False,False,False
2024-07-08 00:00:00+00:00,68.7405740023,68.8192132976,67.6986033396,68.101629728,1411585,,,,,,,,,,,64.44018109081448,64.34475510247078,58.8105268418458,54.94273381580531,54.045529688043686,52.99668686285428,52.5162601985301,52.186739734317214,52.277797377709724,51.7536706772487,51.4582414902796,50.92714933876117,50.53099253762075,50.12230363677514,,,64.44018109081448,58.8105268418458,54.045529688043686,50.12230363677514,,54.38239774236263,"rgba(0, 255, 0, 1.0)",3.6074031534733115,55.08859462118723,3.7844340652550157,60.57701805471572,6.312927749124761,False,False,True,False,True,12.843706755893336,0.0,0.0,0.0,0.0,0,0.9470720606277633,0.8406692331766517,False,False,False,False,0.25079784877206196,0.20513037370620596,False,False,False,False,187236119,172455113.69486827,False,False,False,False,2335780.7718180595,False,False,False,False
2024-07-09 00:00:00+00:00,69.0059816239,69.3401986289,68.3965270854,68.8093833857,1500605,,,,,,,,,,,64.59506937570487,64.39062214175226,58.861552141111986,54.98522311933187,54.08624545811077,53.03494526451345,52.551865143518,52.22034021524371,52.308929750984696,51.78104580475395,51.482777565177784,50.950252712479966,50.55375449088157,50.14474513953891,,,64.59506937570487,58.861552141111986,54.08624545811077,50.14474513953891,,54.42481202307885,"rgba(0, 255, 0, 1.0)",3.5235228817850324,55.13310808853006,3.9372168141964448,62.93665680505865,8.314234039555828,True,False,True,False,True,13.203882519257576,0.0,0.0,0.0,0.0,0,0.9463390864781043,0.8521203452705824,False,False,False,False,0.31800632208250273,0.26156834789435435,False,False,False,False,188736724,173093608.21663815,False,False,False,False,2303028.780766371,False,False,False,False
2024-07-10 00:00:00+00:00,72.0335944929,72.0827440525,69.7530549293,69.782544665,3125867,,,,,,,,,,,65.04538111228318,64.53192405552788,58.99093413166523,55.087860972096735,54.183821109507505,53.125887178953015,52.636234743565744,52.2997993066957,52.38263228260849,51.845658431598466,51.54060234828137,51.004527668964386,50.60710010078488,50.19721553754182,,,65.04538111228318,58.99093413166523,54.183821109507505,50.19721553754182,,54.534255641433894,"rgba(0, 255, 0, 1.0)",3.523098840489155,55.24856964863127,4.764278722858157,67.16223194763742,12.067236566578224,True,False,True,False,True,17.10872373887804,0.0,0.0,0.0,0.0,0,0.9342227277971317,0.8540613748720584,False,False,False,False,0.34282824550748275,0.3021982967009186,False,False,False,False,191862591,173829646.75716212,False,False,False,False,2335296.946226514,False,False,False,False
2024-07-11 00:00:00+00:00,73.3508026891,73.812808549,71.4437997782,73.6555299584,3163586,,,,,,,,,,,65.54403921099585,64.70122945263547,59.13562949587371,55.20042821911053,54.290467725329655,53.22493145499997,52.72801665328932,52.38617809298855,52.46282593379571,51.915892582743254,51.603434762165314,51.06341716333277,50.66491204315828,50.25401101407921,,,65.54403921099585,59.13562949587371,54.290467725329655,50.25401101407921,,54.655386700321266,"rgba(0, 255, 0, 1.0)",3.526463843702739,55.37707882916544,5.096812176886631,70.83556102057548,15.247807105442263,True,False,True,False,True,18.68839989605924,0.0,0.0,0.0,0.0,0,0.9652953328762257,0.8162855456807646,False,False,False,False,0.342828247027295,0.3225132718641068,False,False,False,False,195026177,174660883.23727342,False,False,False,False,2367778.869903906,False,False,False,False
2024-07-12 00:00:00+00:00,73.8422982848,73.9896486643,72.6037293838,72.6725387672,1505783,,,,,,,,,,,65.77766013497279,64.78525618015004,59.20645539770412,55.25533891917822,54.342453310255934,53.273177369017944,52.77272353767167,52.42825346196955,52.501909212242715,51.9501251081633,51.63406479479265,51.09211597656639,50.693075998199205,50.28167010501789,,,65.77766013497279,59.20645539770412,54.342453310255934,50.28167010501789,,54.71387710756445,"rgba(0, 255, 0, 1.0)",3.5424553101965786,55.43934955962307,5.19496990468899,73.58585156176727,17.581928728292596,True,False,True,False,True,19.267432634180228,0.0,0.0,0.0,0.0,0,1.0053234403241842,0.8077185665589272,False,False,False,False,0.34282824730040956,0.33267075958225817,False,False,False,False,196531960,175518572.52208623,False,False,False,False,2333975.1102998313,False,False,False,False
2024-07-15 00:00:00+00:00,73.478591544,74.6581809735,72.9035416971,73.930767492,2007270,,,,,,,,,,,66.07611325783377,64.89733663292778,59.30110663305531,55.32883003576892,54.412041035782046,53.337772809580855,52.83259811794978,52.48461582269083,52.5542817343499,51.996015426568974,51.675138232329125,51.130601980922904,50.73084287362231,50.31875797707957,,,66.07611325783377,59.30110663305531,54.412041035782046,50.31875797707957,,54.791146612175865,"rgba(0, 255, 0, 1.0)",3.5288443574254407,55.521801155329285,5.088575343620865,74.55906618770959,18.35181157637689,True,False,True,False,True,18.541136824122784,0.0,0.0,0.0,0.0,0,1.0091820863186192,0.8076515139424613,False,False,False,False,0.3428282476166276,0.3377495035994429,False,False,False,False,194524690,176263910.46239656,False,False,False,False,2321163.145190034,False,False,False,False
2024-07-16 00:00:00+00:00,75.1889962167,75.7296413719,73.8029786371,73.8029786371,2262464,,,,,,,,,,,66.43669213214484,65.03751173333434,59.41529688928637,55.41645690003605,54.494834916676545,53.41445458036624,52.903623260982144,52.551443714727675,52.61641381685836,52.050422171702344,51.7238218860933,51.1761760411728,50.775530939515065,50.36260871401545,,,66.43669213214484,59.41529688928637,54.494834916676545,50.36260871401545,,54.88394912120797,"rgba(0, 255, 0, 1.0)",3.619849582638237,56.78023505189001,5.0855044510974485,76.3390104489175,20.01464826484198,True,False,True,False,True,20.0,0.0,0.0,0.0,0.0,0,1.0093159076999545,0.7915708328455228,False,False,False,False,0.34282824818061297,0.34028887589002793,False,False,False,False,196787154,177068743.5423026,False,False,False,False,2318861.21792768,False,False,False,False
2024-07-17 00:00:00+00:00,74.1961751136,75.4347440145,73.9897469634,74.9923979785,1856280,,,,,,,,,,,66.69936265287623,65.14545371187963,59.50555584284003,55.4864256231248,54.561054437296995,53.47589621821245,52.960590472829,52.60508191720269,52.666298827148594,52.09415495950631,51.762983284566765,51.2128616148952,50.81151717700222,50.397934027415246,,,66.69936265287623,59.50555584284003,54.561054437296995,50.397934027415246,,54.95608362619972,"rgba(0, 255, 0, 1.0)",3.7045320008492904,56.84733375140885,4.683139829326299,75.2768821198302,20.01464826484198,True,False,True,False,True,18.577935190854507,0.0,0.0,0.0,0.0,0,1.0067520713197722,0.7967121265681367,False,False,False,False,0.3394611766941248,0.33987502629207633,False,False,False,False,194930874,177769219.24652603,False,False,False,False,2300720.7780089476,False,False,False,False
2024-07-18 00:00:00+00:00,73.6653598703,74.5303921186,73.0219921357,74.5205622067,1487121,,,,,,,,,,,66.87754786353203,65.22295276859516,59.573280392654766,55.53977044752928,54.61167584936228,53.52299977182468,53.00432668685075,52.646302408968,52.704642284471966,52.127822222674695,51.79315993325915,51.241162215545955,50.83929777745133,50.42522334460265,,,66.87754786353203,59.573280392654766,54.61167584936228,50.42522334460265,,55.00929742623733,"rgba(0, 255, 0, 1.0)",3.79312451863974,56.88966198135082,4.422659421411544,73.41521286578983,20.01464826484198,True,False,True,False,False,17.533879954867825,0.0,0.0,0.0,0.0,0,0.9867163872799339,0.8205601842140656,False,False,False,False,0.28225504902516446,0.31106503765862037,False,False,False,False,193443753,178383906.8447015,False,False,False,False,2268814.9043615377,False,False,False,False
2024-07-19 00:00:00+00:00,72.9084566531,73.4589317202,71.5519288092,71.7485270474,1532749,,,,,,,,,,,67.02404752573364,65.29125516051796,59.63704617757932,55.591124761391455,54.66058850763927,53.56869200868479,53.046832471924525,52.68641389873481,52.74195836755825,52.16065324177924,51.82262199554363,51.26883497262941,50.86648902995495,50.45195996983863,,,67.02404752573364,59.63704617757932,54.66058850763927,50.45195996983863,,55.05846557782213,"rgba(0, 255, 0, 1.0)",3.84002130451436,56.92133685071091,4.163289350398788,70.56936241776083,20.01464826484198,True,False,True,False,False,16.055697535348436,0.0,0.0,0.0,0.0,0,0.9726750692371693,0.8318335861851782,False,False,False,False,0.2073094121154613,0.2591872248870408,False,False,False,False,191911004,178914381.2429485,False,False,False,False,2239949.5747787324,False,False,False,False
2024-07-22 00:00:00+00:00,73.4884214559,73.7145094299,72.482624869,72.6627088553,1666965,,,,,,,,,,,67.19098784554753,65.3699627081585,59.708801109893365,55.648543607903825,54.71521593295646,53.61966445773999,53.09423471634991,52.73113726015112,52.78357991558945,52.19726310026028,51.855473064135474,51.29967665076966,50.89678195438242,50.481734473649496,,,67.19098784554753,59.708801109893365,54.71521593295646,50.481734473649496,,55.11378977124911,"rgba(0, 255, 0, 1.0)",3.9109148294013525,56.97114989724158,4.223377976550497,69.31627127377641,25.615535142284116,True,False,True,False,False,16.782830042738237,0.0,0.0,0.0,0.0,0,0.9856723156011664,0.8325378011329901,False,False,False,False,0.24195694648427374,0.25057208568565725,False,False,False,False,193577969,179489423.90008777,False,False,False,False,2217479.5914540766,False,False,False,False
2024-07-23 00:00:00+00:00,74.147025554,74.5402220305,73.1542044509,73.5179111916,1531199,,,,,,,,,,,67.35393944343264,65.44738352885268,59.777515717188024,55.70310010455148,54.76704857067374,53.66796050428273,53.139127592944625,52.773481153337606,52.823001453823025,52.23192457425524,51.8865714712149,51.32885608947528,50.925428545382395,50.50987736195733,,,67.35393944343264,59.777515717188024,54.76704857067374,50.50987736195733,,55.16680115081226,"rgba(0, 255, 0, 1.0)",3.968967481611675,57.02688433511133,4.31349999671368,69.19234096436722,25.299052123804856,True,False,True,False,False,17.60328637279731,0.0,0.0,0.0,0.0,0,0.9808348848973685,0.8431078949377524,False,False,False,False,0.2865286828929795,0.2685503842893184,False,False,False,False,195109168,180101962.88439807,False,False,False,False,2190566.6270833286,False,False,False,False
2024-07-24 00:00:00+00:00,73.3606326011,75.5821926932,73.3311428653,74.599201502,1776124,,,,,,,,,,,67.537300897534,65.536949427309,59.85719801144778,55.76647401216403,54.827272568213644,53.72409134525747,53.19131895750121,52.82271997028656,52.8688559714943,52.2722582481249,51.92276979315927,51.36282405675441,50.95877580633955,50.54263772543407,,,67.537300897534,59.85719801144778,54.827272568213644,50.54263772543407,,55.22796048507287,"rgba(0, 255, 0, 1.0)",4.0227097749592,57.092221721980536,4.044142329229918,67.31978016500237,23.279190033104044,True,False,True,False,False,16.040045311381466,0.0,0.0,0.0,0.0,0,0.9666901556022033,0.8446015206405134,False,False,False,False,0.3236425931371671,0.29609648871324273,False,False,False,False,193333044,180620828.81050012,False,False,False,False,2174313.975040845,False,False,False,False
2024-07-25 00:00:00+00:00,71.797676607,72.6037293838,71.1489024208,71.3356707471,2204282,,,,,,,,,,,67.67821149200668,65.6171028330016,59.93948568956284,55.83497471406433,54.892859228893236,53.78570707824612,53.24882398240294,52.87710685273359,52.91950918722011,52.31698784247436,51.9630051450473,51.4006966295468,50.99603177160194,50.57931151671065,,,67.67821149200668,59.93948568956284,54.892859228893236,50.57931151671065,,55.28927242596517,"rgba(0, 255, 0, 1.0)",4.017941539578437,57.140216054100314,3.648002443170826,62.98797914528716,19.04054070526786,True,False,True,False,False,13.026390471397612,0.0,0.0,0.0,0.0,0,0.961681841224663,0.8664454455066918,False,False,False,False,0.17108728974318796,0.23359188922821533,False,False,False,False,191128762,181032904.62185305,False,False,False,False,2175489.19170591,False,False,False,False
2024-07-26 00:00:00+00:00,72.1515534358,73.0067557722,72.0827440525,72.7413481506,1675056,,,,,,,,,,,67.79293662707177,65.68204972253154,60.004189032704375,55.888458306134005,54.94400748155353,53.83370217155922,53.29360298094218,52.9194500325394,52.95896123200215,52.35181865297423,51.99433531107474,51.43017346554237,51.02501693137537,50.60783215662835,,,67.79293662707177,60.004189032704375,54.94400748155353,50.60783215662835,,55.33760957890237,"rgba(0, 255, 0, 1.0)",4.03399247258647,57.18448807013465,3.7102363148607793,60.632554056041755,16.777963005042764,False,False,True,False,False,13.49675909838956,0.0,0.0,0.0,0.0,0,0.9616675135242275,0.8601487043505311,False,False,False,False,0.20959024260331857,0.22159106591576694,False,False,False,False,192803818,181494509.06805488,False,False,False,False,2155864.3606586196,False,False,False,False
2024-07-29 00:00:00+00:00,73.25250357,73.2819933058,71.6256531485,72.2990021145,1304912,,,,,,,,,,,67.88420483051617,65.73405506764148,60.05536432969964,55.930652902418345,54.984341980837996,53.87153424904458,53.32889887611171,52.952825900056524,52.99006716652393,52.37928229560976,52.01904107944271,51.453413873725054,51.0478654691463,50.63031033091626,,,67.88420483051617,60.05536432969964,54.984341980837996,50.63031033091626,,55.375847025120734,"rgba(0, 255, 0, 1.0)",4.049317433524277,57.22161301825882,3.958911795608199,60.63273311754602,16.671928537686455,False,False,True,False,False,14.943793636508516,0.0,0.0,0.0,0.0,0,0.9560906818386113,0.8662722860972853,False,False,False,False,0.20431904209263857,0.21295505400420275,False,False,False,False,194108730,181989184.3987194,False,False,False,False,2122493.6798484777,False,False,False,False
2024-07-30 00:00:00+00:00,73.8816179324,74.038896523,72.5059217603,73.478591544,2059114,,,,,,,,,,,68.04299533207897,65.82327956996495,60.14005209671486,55.99978270188202,55.05031284342712,53.93330519309379,53.386494299021074,53.00726779879087,53.04082450535652,52.42407271141615,52.05932479273184,51.491282571038894,51.08507542701182,50.66689727799845,,,68.04299533207897,60.14005209671486,55.05031284342712,50.66689727799845,,55.439354794323386,"rgba(0, 255, 0, 1.0)",4.079973846664354,57.28840504205741,4.0669900136513455,61.45898288329748,16.671928537686455,False,False,True,False,False,15.75654397092151,0.0,0.0,0.0,0.0,0,0.9617960931892897,0.8546580892459934,False,False,False,False,0.252217116239641,0.23258608512192186,False,False,False,False,196167844,182545210.2654363,False,False,False,False,2120008.202207361,False,False,False,False
2024-07-31 00:00:00+00:00,75.8574302268,76.2211369675,74.8646091236,74.8842689474,2896111,,,,,,,,,,,68.33508926125488,65.97999886483923,60.27648159669054,56.10806762718203,55.15315288150438,54.02911354980508,53.475645641332335,53.09142715518041,53.11933345307177,52.49321620601044,52.12144886085578,51.549565453622584,51.14225934375533,50.723040366464105,,,68.33508926125488,60.27648159669054,55.15315288150438,50.723040366464105,,55.54270287582636,"rgba(0, 255, 0, 1.0)",4.150638703374278,57.41137758320072,4.444147988261059,64.20641324331172,16.671928537686455,True,False,True,False,True,18.219129460277358,0.0,0.0,0.0,0.0,0,0.9722916647844723,0.8557874624965319,False,False,False,False,0.34282824856317423,0.28770716684254805,False,False,False,False,199063955,183193004.17659566,False,False,False,False,2150443.6060423665,False,False,False,False
2024-08-01 00:00:00+00:00,74.7957997402,76.7716120346,74.0585563468,75.827940491,2536887,,,,,,,,,,,68.55882494699618,66.10717695535746,60.39067384701302,56.19983578243209,55.24048495447571,54.110655738949625,53.551619407977846,53.16321022218031,53.18632612654048,52.55230385408617,52.17458842022085,51.59946253137918,51.191238455788785,50.77115002442558,,,68.55882494699618,60.39067384701302,55.24048495447571,50.77115002442558,,55.62839651913024,"rgba(0, 255, 0, 1.0)",4.1801997580688495,57.50899591681688,4.135401374064765,63.819181605259374,16.671928537686455,True,False,True,False,True,16.141964732585805,0.0,0.0,0.0,0.0,0,0.9563324085701268,0.8638068852399567,False,False,False,False,0.3353680363231278,0.31153760158283794,False,False,False,False,196527068,183715908.64025858,False,False,False,False,2165598.2489426658,False,False,False,False
2024-08-02 00:00:00+00:00,73.8422982848,76.8305915061,72.8494771816,75.8082806672,3009042,,,,,,,,,,,68.77995382704849,66.24227628580694,60.51757185669169,56.30357343083906,55.33948683131533,54.203376336165974,53.63815182989614,53.24506246226512,53.26274889733492,52.61983455261184,52.23539269612569,51.65662437073756,51.247386929659584,50.82633877330488,,,68.77995382704849,60.51757185669169,55.33948683131533,50.82633877330488,,55.72269850570023,"rgba(0, 255, 0, 1.0)",4.18471598835272,57.6114118529341,3.878611231214058,61.749186235627946,16.671928537686455,False,False,True,False,True,14.317957391069545,0.0,0.0,0.0,0.0,1,0.9498126482612244,0.8598545133329495,False,False,False,False,0.3022251072189801,0.306881354400909,False,False,False,False,193518026,184100305.39946413,False,False,False,False,2198674.474474326,False,False,False,False
2024-08-05 00:00:00+00:00,71.9254654619,72.6430490315,68.5341458521,69.9103335199,4347395,,,,,,,,,,71.03422011516668,68.89485242819786,66.35109316934559,60.65240395532693,56.423188595361694,55.45514399616117,54.313195447246784,53.74131924914618,53.34308059452054,53.35430632148619,52.70130445391202,52.30905007476692,51.72623202925143,51.3159908018321,50.89399419621796,,,68.89485242819786,60.65240395532693,55.45514399616117,50.89399419621796,,56.83395836186266,"rgba(0, 255, 0, 1.0)",4.161835021916044,58.624904325017646,3.1958405527470877,57.294276574375296,12.98793249098901,False,False,True,False,False,10.795782344868993,0.0,0.0,0.0,0.0,1,0.9234740983005604,0.8916014158746196,False,False,False,False,0.0717617636222111,0.18932155901156006,False,False,False,False,189170631,184299141.69752437,False,False,False,False,2282938.0244949404,False,False,False,False
2024-08-06 00:00:00+00:00,73.7341692537,74.378028484,70.9719640064,71.4437997782,3601111,,,,,,,,,,71.93753664127499,69.06228662308747,66.47436888630108,60.78245190001732,56.53413054864654,55.56176106694042,54.41380171441082,53.83560137037974,53.43251726172756,53.43790805054645,52.77552542229641,52.37607780585095,51.78942822726639,51.37816860065477,50.95520774716211,,,69.06228662308747,60.78245190001732,55.56176106694042,50.95520774716211,,56.98311812443753,"rgba(0, 255, 0, 1.0)",4.183897503983391,58.76365806083591,3.578125701839259,56.77635297214003,12.457588502899284,False,False,True,False,False,13.14437911723316,0.0,0.0,0.0,0.0,1,0.959010875345608,0.8601323427269828,False,False,False,False,0.18244026498579072,0.1858809119986754,False,False,False,False,192771742,184631400.53291556,False,False,False,False,2334631.082357884,False,False,False,False
2024-08-07 00:00:00+00:00,71.011283654,74.8498642558,70.9867088742,74.491072471,2317750,,,,,,,,,,72.01544376438365,69.14411617568047,66.54257821392088,60.85970969050264,56.60156251889109,55.626800854456405,54.475413576828316,53.89345926211214,53.4874784904518,53.48930786463157,52.82126181263618,52.41744044114938,51.82848401483946,51.416628075066534,50.99310278705233,,,69.14411617568047,60.85970969050264,55.626800854456405,50.99310278705233,,57.04085250284019,"rgba(0, 255, 0, 1.0)",4.1633968437294175,58.820491704783535,2.928087906771913,52.88335646145535,8.722571002073856,False,True,False,False,False,8.454818144558931,0.0,0.0,0.0,0.0,1,0.9545697861193648,0.86176090677795,False,False,False,False,0.19558650671223393,0.19073370935545467,False,False,False,False,190453992,184859737.4531934,False,False,False,False,2333969.079128163,False,False,False,False
2024-08-08 00:00:00+00:00,72.3088320264,72.810157534,70.7065563847,71.7780167832,2429248,,,,,,,,,,72.00136155162596,69.21669431901883,66.60822688551262,60.93719507191561,56.67009887941072,55.69304495605994,54.53830789441387,53.95259565587597,53.543702532448116,53.54190883257966,52.86813342338151,52.45986826539872,51.86857984253072,51.456130254273894,51.03204310423498,,,69.21669431901883,60.93719507191561,55.69304495605994,51.03204310423498,,57.092526097912085,"rgba(0, 255, 0, 1.0)",4.126338298953878,58.87193238089172,3.2563737318665416,51.95308582742439,7.8173301627083305,False,True,False,False,False,10.132963998435208,0.0,0.0,0.0,0.0,1,0.9498711657915203,0.8971949399914024,False,False,False,False,0.13342696414505253,0.1620803367502536,False,False,False,False,192883240,185174384.6118917,False,False,False,False,2337705.5073976466,False,False,False,False
2024-08-09 00:00:00+00:00,72.8887968293,73.1542044509,71.5371839413,73.1345446271,1844184,,,,,,,,,,72.06799799864727,69.28062284706613,66.66235771380589,60.99838717822224,56.72369833033799,55.74477392225176,54.587347501600426,53.99868265125164,53.58750689414302,53.58290446655184,52.90464966493437,52.49291806542558,51.89979614745374,51.486870576731114,51.06233263322473,,,69.28062284706613,60.99838717822224,55.74477392225176,51.06233263322473,,57.13872310610984,"rgba(0, 255, 0, 1.0)",4.1064515973667595,58.91848409873296,3.4020400336693206,52.04521309191833,7.771620825114319,False,True,False,False,False,10.870566693762587,0.0,0.0,0.0,0.0,1,0.9683373566363037,0.8908844352276536,False,False,False,False,0.1647443192404485,0.16341232799535105,False,False,False,False,194727424,185549013.60750377,False,False,False,False,2318351.722793817,False,False,False,False
2024-08-12 00:00:00+00:00,75.4249141026,75.9360695221,73.370462513,73.6457000465,2647291,,,,,,,,,,72.50582261203255,69.43249585860968,66.76924371049358,61.10303741065505,56.81151977347325,55.82894549070607,54.66656950795085,54.07290156159145,53.657904995985945,53.64881062050617,52.96317074772408,52.545792983824796,51.9496015059373,51.53582300866753,51.1104759415231,,,69.43249585860968,61.10303741065505,55.82894549070607,51.1104759415231,,57.24014104864543,"rgba(0, 255, 0, 1.0)",4.147418746724284,59.02344437941682,3.9546211088854704,54.82613461839953,7.771620825114319,False,True,True,False,False,13.967292110976746,0.0,0.0,0.0,0.0,1,0.9809002466447121,0.8680984094873989,False,False,False,False,0.2916010605945524,0.2275066942949517,False,False,False,False,197374715,186012766.60328794,False,False,False,False,2331251.3022920988,False,False,False,False
2024-08-13 00:00:00+00:00,76.1916472318,76.4570548534,75.0317176261,75.2381457763,1711565,,,,,,,,,,72.81262848247916,69.54325095332611,66.84505432639071,61.17462097621306,56.87090869618603,55.8857561463675,54.71993252144012,54.12285732491718,53.70526667200711,53.69316486223237,53.00252847243362,52.5813426047471,51.98306145499794,51.56869008758557,51.14278024070631,,,69.54325095332611,61.17462097621306,55.8857561463675,51.14278024070631,,57.310122921468654,"rgba(0, 255, 0, 1.0)",4.220204587958231,59.09716610822301,4.050628534065322,57.3897138607293,7.771620825114319,False,False,True,False,True,14.863141201069944,0.0,0.0,0.0,0.0,1,0.9950501073986938,0.8675601906966472,False,False,False,False,0.3428282486548948,0.2851674714749233,False,False,False,False,199086280,186525453.403159,False,False,False,False,2306949.878672801,False,False,False,False
2024-08-14 00:00:00+00:00,76.3194360866,76.4079052938,74.9336151052,75.8574302268,1686320,,,,,,,,,,73.06448099497045,69.64861280699783,66.9184720442965,61.24444348155545,56.92904138989515,55.941397066895874,54.77223067228837,54.17183845977287,53.751719287669786,53.73667952871841,53.04116282113246,52.61625244769887,52.01592762956026,51.60097714393916,51.17451748452736,,,69.64861280699783,61.24444348155545,55.941397066895874,51.17451748452736,,57.375183550661255,"rgba(0, 255, 0, 1.0)",4.2962915910385275,59.16634876486155,3.9925333181568567,59.220672666398876,3.4578175514138962,False,False,True,False,True,15.012886382770684,0.0,0.0,0.0,0.0,1,0.9886243365859925,0.864599489671341,False,False,False,False,0.33859292365533494,0.3118801975651291,False,False,False,False,200772600,187084165.03440768,False,False,False,False,2282611.452058181,False,False,False,False
2024-08-15 00:00:00+00:00,76.7519522108,77.2336178945,74.8744390355,76.5455240606,1985361,,,,,,,,,,73.34791670802193,69.77592458737323,67.00718014235004,61.328023935411544,56.998462393165106,56.00781426519834,54.834632022043635,54.230279978178075,53.807143766955704,53.78861308805519,53.08727431002778,52.65792278290796,52.055152368610315,51.63950384342376,51.21238125094025,,,69.77592458737323,61.328023935411544,56.00781426519834,51.21238125094025,,57.451881696177516,"rgba(0, 255, 0, 1.0)",4.379371722873779,59.24864969615398,3.9967610932008775,60.87499510673469,5.120270116417899,False,False,True,False,True,15.52437314078837,0.0,0.0,0.0,0.0,1,1.0222341759029763,0.8520243594820552,False,False,False,False,0.34282824879036,0.32735422317774454,False,False,False,False,202757961,187698823.69972503,False,False,False,False,2270954.5715853116,False,False,False,False
2024-08-16 00:00:00+00:00,78.6392952979,78.747424329,77.4498759565,77.9315416402,2449646,,,,,,,,,,73.83069610508697,69.97248818910354,67.1373514491348,61.443443768900686,57.09221102938618,56.09716040648672,54.91823319810952,54.3084387029263,53.88118223777061,53.85800781654963,53.14878178475867,52.713454065417935,52.10734027542416,51.690703687658726,51.26264193044807,,,69.97248818910354,61.443443768900686,56.09716040648672,51.26264193044807,,57.564142309810826,"rgba(0, 255, 0, 1.0)",4.465826214738745,59.370709366732946,4.314674374827702,63.69729495229537,7.872877700043574,True,False,True,False,True,17.69985094753595,0.0,0.0,0.0,0.0,1,1.0403670562075091,0.8239918673627484,False,False,False,False,0.3428282495464227,0.3350912363620836,False,False,False,False,205207607,188385442.652677,False,False,False,False,2277962.078581966,False,False,False,False
2024-08-19 00:00:00+00:00,79.4650078986,79.6910958725,78.0298407594,78.0298407594,2087461,,,,,,,,,,74.23354299031246,70.14808498447222,67.25355873413028,61.545083016524735,57.17437820614623,56.175400803323576,54.99137714494481,54.37680455317159,53.94593513993387,53.91871916702263,53.20258469087982,52.76202904297554,52.1529742625124,51.73545896381505,51.30656162958833,,,70.14808498447222,61.545083016524735,56.175400803323576,51.30656162958833,,57.66149955531691,"rgba(0, 255, 0, 1.0)",4.581281147993254,59.47754904871211,4.3628535783364955,66.24121663384508,10.318197872127378,True,False,True,False,True,18.620488987598605,0.0,0.0,0.0,0.0,0,1.035755570495647,0.8378343575906413,False,False,False,False,0.34282824977863513,0.33895974307035937,False,False,False,False,207295068,189126996.58786616,False,False,False,False,2270491.44804934,False,False,False,False
2024-08-20 00:00:00+00:00,80.644597328,81.0377938045,79.7304155202,80.3595298826,2979544,,,,,,,,,,74.85124040693833,70.4250944741689,67.43488713748238,61.69965010529669,57.29808221981619,56.29297690082381,55.10108130609467,54.4792676402307,54.04293819543402,54.00969843813696,53.28315774702737,52.83475103664627,52.221239573121714,51.80236827988144,51.37218079689049,,,70.4250944741689,61.69965010529669,56.29297690082381,51.37218079689049,,57.80990761719932,"rgba(0, 255, 0, 1.0)",4.73478054942626,59.641939356755586,4.435825008571818,68.8206093432172,12.778696217525983,True,False,True,False,True,19.910745162357482,0.0,0.0,0.0,0.0,0,1.1051546623995054,0.8137507501205724,False,False,False,False,0.34282825018239776,0.34089399662637854,False,False,False,False,210274612,189956314.8393224,False,False,False,False,2298297.4304787773,False,False,False,False
2024-08-21 00:00:00+00:00,81.2933715142,81.5587791359,79.981962966,80.4971486493,2002452,,,,,,,,,,75.23148736747221,70.61145091487971,67.55831024878584,61.80470488401572,57.38216874033522,56.37289442861945,55.17564751137046,54.54892570268051,54.10889460917372,54.071581547306266,53.337980160922825,52.8842451418931,52.26770010547781,51.847901228568126,51.41683090781389,,,70.61145091487971,61.80470488401572,56.37289442861945,51.41683090781389,,57.908048233287666,"rgba(0, 255, 0, 1.0)",4.8923439064187795,59.75133641384051,4.403213574600967,70.99958948204292,14.861360067737152,True,False,True,False,True,20.0,0.0,0.0,0.0,0.0,0,1.099599388079495,0.7997707865421769,False,False,False,False,0.34282825027382635,0.34186112345010244,False,False,False,False,212277064,190831638.33581954,False,False,False,False,2286695.6488913745,False,False,False,False
2024-08-22 00:00:00+00:00,80.084292349,80.3693597945,79.2880694841,80.310380323,2671759,,,,,,,,,,75.59138110019451,70.82624973002427,67.70710380630669,61.93564704255483,57.48856625614984,56.47428102126054,55.27051649989316,54.63769025423778,54.19303356531377,54.150557077397046,53.408070534797446,52.94759564448283,52.32723640151472,51.90628777318684,51.474123122990335,,,70.82624973002427,61.93564704255483,56.47428102126054,51.474123122990335,,58.02255598868696,"rgba(0, 255, 0, 1.0)",5.013468368192955,59.879195764266626,4.030163372112001,69.99201973047973,14.861360067737152,True,False,True,False,True,18.35801335968557,0.0,0.0,0.0,0.0,0,1.0897692084730808,0.8028433271839458,False,False,False,False,0.30430540572381026,0.32308326458695635,False,False,False,False,209605305,191567860.55794427,False,False,False,False,2301796.1724642618,False,False,False,False
2024-08-23 00:00:00+00:00,81.3818407214,81.7750371979,80.3595298826,80.8510254782,1844621,,,,,,,,,,75.87260438816446,70.98859620848879,67.81813415192146,62.03120198758757,57.56552894350284,56.54750191686132,55.33891452457441,54.70164560232076,54.25363094539826,54.20745103850986,53.45853350435952,52.99319345680058,52.37005968052023,51.94826172097606,51.51528831660125,,,70.98859620848879,62.03120198758757,56.54750191686132,51.51528831660125,,58.107369759105815,"rgba(0, 255, 0, 1.0)",5.15721982483271,59.97434520555438,4.150975960490502,70.42656563613298,14.861360067737152,True,False,True,False,True,19.78184902089195,0.0,0.0,0.0,0.0,0,1.0892952625365195,0.7996903819845009,False,False,False,False,0.34282825034146425,0.3329557574642103,False,False,False,False,211449926,192347549.3988092,False,False,False,False,2283867.7343284083,False,False,False,False
2024-08-26 00:00:00+00:00,80.9198348616,82.0797644672,80.644597328,81.883166229,1896175,,,,,,,,,,76.13569825397637,71.15092985433512,67.93073311809265,62.12865947344547,57.64426479439025,56.62244748358033,55.40896397010464,54.767173119304715,54.31573696243216,54.26577790381929,53.51029541974975,53.039982962497184,52.41401237439285,51.9913461662925,51.5575458347324,,,71.15092985433512,62.12865947344547,56.62244748358033,51.5575458347324,,58.192237846076395,"rgba(0, 255, 0, 1.0)",5.279551397899719,61.454936862452996,3.6868469557641608,69.7892350617773,14.861360067737152,True,False,True,False,True,18.924029439259137,0.0,0.0,0.0,0.0,0,1.1057169644058065,0.7888478464714168,False,False,False,False,0.34282825040649095,0.3378920039353506,False,False,False,False,209553751,193022302.40277746,False,False,False,False,2268664.0976880784,False,False,False,False
2024-08-27 00:00:00+00:00,80.870685302,81.0574536283,79.4207732949,80.1039521728,1189419,,,,,,,,,,76.26497295489486,71.24260949305038,67.99638980347441,62.18685773444092,57.69179214512186,56.667771453400064,55.45141382623898,54.80692739063595,54.353444628957426,54.301201279564644,53.54177189212626,53.068458790503925,52.44078381083253,52.0176013204712,51.58330926392705,,,71.24260949305038,62.18685773444092,56.667771453400064,51.58330926392705,,58.241020385842695,"rgba(0, 255, 0, 1.0)",5.409430757817166,61.49339411334485,3.5821312918467503,69.26057138188753,14.861360067737152,True,False,True,False,True,18.83184298807019,0.0,0.0,0.0,0.0,0,1.0968977442277912,0.7864175083180032,False,False,False,False,0.29757438317705037,0.3177331935562005,False,False,False,False,208364332,193623950.6222764,False,False,False,False,2226340.7605238403,False,False,False,False
2024-08-28 00:00:00+00:00,79.8287146393,79.9859932299,79.0619815102,79.7795650797,1369071,,,,,,,,,,76.37702470237373,71.33667655935733,68.06617105091992,62.250388142185926,57.744281385969956,56.71792786690625,55.49849268319679,54.85106847610562,54.39534689379217,54.340575333479784,53.576804881336045,53.100178236583346,52.47063084995694,52.04688800786867,51.612062264404464,,,71.33667655935733,62.250388142185926,56.71792786690625,51.612062264404464,,58.292301155629126,"rgba(0, 255, 0, 1.0)",5.506860690617196,61.5292286572771,3.3230341223634507,66.72987543897679,14.861360067737152,True,False,True,False,False,16.880984332743854,0.0,0.0,0.0,0.0,0,1.079505434258745,0.7935182986313943,False,False,False,False,0.2690702213899541,0.2934017074730773,False,False,False,False,206995261,194148315.73512828,False,False,False,False,2192722.3385425135,False,False,False,False
2024-08-29 00:00:00+00:00,80.6937468876,81.5342043561,79.9171838465,79.9171838465,3331583,,,,,,,,,,76.70258987407728,71.58595945457846,68.24821266246691,62.41264390753468,57.8772763885508,56.844832452818714,55.6174337323211,54.96252602451682,54.501114495919055,54.439987596792655,53.66521372430065,53.18020809521991,52.54589252679715,52.12070233921268,51.684497545087545,,,71.58595945457846,62.41264390753468,56.844832452818714,51.684497545087545,,58.42593938801296,"rgba(0, 255, 0, 1.0)",5.61117405766864,61.679192899762675,3.3886943788262367,66.07076284541897,14.861360067737152,True,False,True,False,False,17.88690102563227,0.0,0.0,0.0,0.0,0,1.0856314662391089,0.7788125435709833,False,False,False,False,0.31655596935657054,0.3049788384148239,False,False,False,False,210326844,194782767.82394677,False,False,False,False,2237383.5409526112,False,False,False,False
2024-08-30 00:00:00+00:00,80.4774888255,80.9516412084,79.7563820765,80.5565142227,1309792,,,,,,,,,,76.80841761680799,71.67706379631963,68.31655466150086,62.474554296887504,57.92841535439497,56.893693761729,55.6632959225363,55.005541254282015,54.54195940619044,54.47839269943372,53.699404433798186,53.21118043388148,52.575036733067535,52.14929454508781,51.71256370295718,,,71.67706379631963,62.474554296887504,56.893693761729,51.71256370295718,,58.47569124125832,"rgba(0, 255, 0, 1.0)",5.710436674191,61.73186301666152,3.2826956813235624,65.1641253582746,14.861360067737152,True,False,True,False,False,17.47858270804991,0.0,0.0,0.0,0.0,0,1.0775554288528817,0.8003576175293767,False,False,False,False,0.3014094555103938,0.3031941469626088,False,False,False,False,209017052,195340975.0465371,False,False,False,False,2201007.4020917243,False,False,False,False
2024-09-03 00:00:00+00:00,78.0474578631,79.2229606457,77.0596403987,79.2130824711,2550072,,,,,,,,,,76.87720629387466,71.80403495146167,68.42266929103245,62.578659495864834,58.01725645690971,56.9790504337119,55.743895727082425,55.081372685739574,54.614116678716854,54.54627542042046,53.760044335335955,53.266227509668795,52.62695737022356,52.20030579208129,51.76270851382021,,,71.80403495146167,62.578659495864834,56.9790504337119,51.76270851382021,,58.55205206372962,"rgba(0, 255, 0, 1.0)",5.758864684553641,61.78680088127502,2.823587264593858,60.10223410256228,15.239529716188699,False,False,True,False,False,13.041035794829035,0.0,0.0,0.0,0.0,0,1.0504951499249489,0.8057661074233468,False,False,False,False,0.21371680151277067,0.2584554742376898,False,False,False,False,206466980,195777288.96628076,False,False,False,False,2214696.209852833,False,False,False,False
2024-09-04 00:00:00+00:00,77.3461074633,78.3438031024,77.0991530972,77.6226963534,1593953,,,,,,,,,,76.90020299867349,71.87462522722677,68.48438196452528,62.640901597337574,58.07098197986841,57.03076721436328,55.79283198540934,55.12746809809637,54.65801433444784,54.587587972773065,53.79699889490501,53.299803038271,52.658651873769,52.23145917878399,51.79334629670081,,,71.87462522722677,62.640901597337574,57.03076721436328,51.79334629670081,,58.59653484367674,"rgba(0, 255, 0, 1.0)",5.790159303443012,61.81955158619871,2.6815420895015283,55.68132176434045,11.14723975379085,False,True,True,False,False,11.814190844176704,0.0,0.0,0.0,0.0,0,1.0433816818420971,0.8138827755106324,False,False,False,False,0.1974755542432066,0.2279655142404482,False,False,False,False,204873027,196133984.57544622,False,False,False,False,2190353.338878212,False,False,False,False
2024-09-05 00:00:00+00:00,77.7511126237,79.0155189782,77.7017217505,78.5611229446,1499443,,,,,,,,,,76.93687968990903,71.94582180359517,68.54520242826563,62.70115801301567,58.12269472365681,57.08049903842417,55.8398437534574,55.17173441709028,54.700160360088994,54.627258222430726,53.83247305346403,53.3320290267214,52.6890613609223,52.26134090873228,51.82272501843353,,,71.94582180359517,62.70115801301567,57.08049903842417,51.82272501843353,,58.640592121213835,"rgba(0, 255, 0, 1.0)",5.833808720161764,61.85862600279472,2.724204269156188,53.4138742940671,9.145125167322192,False,True,False,False,False,12.328793501158856,0.0,0.0,0.0,0.0,0,1.0488056536297392,0.8016985066366135,False,False,False,False,0.22216734262882373,0.22506642843463598,False,False,False,False,206372470,196535493.80778167,False,False,False,False,2163258.815784949,False,False,False,False
2024-09-06 00:00:00+00:00,75.9532848385,78.1264832602,75.5186451542,77.7412344491,1971786,,,,,,,,,76.53280441763333,76.92193605213998,72.01318580356089,68.61071353550763,62.77143883190549,58.18481610172182,57.14053189198548,55.896889663596276,55.22559379743586,54.75153358728312,54.675637138633526,53.875862253333345,53.37151674375552,52.72639804426487,52.29807427222808,51.85888346941596,,,72.01318580356089,62.77143883190549,57.14053189198548,51.85888346941596,,59.803488475275074,"rgba(0, 255, 0, 1.0)",5.855050198159575,62.98416036024641,2.2150321584484765,49.3316106301685,5.428107676022435,False,True,False,True,False,9.22181309192575,0.0,0.0,0.0,0.0,0,1.035455986712498,0.8104848207305251,False,False,False,False,0.15797213030869023,0.1915192793716631,False,False,False,False,204400684,196843932.63884905,False,False,False,False,2155750.077911029,False,False,False,False
2024-09-09 00:00:00+00:00,76.8126860326,77.1287876212,76.0619447596,76.0619447596,1263555,,,,,,,,,76.58552902951355,76.91605287429125,72.0565819713804,68.6528380291853,62.816539895544025,58.22469592622915,57.17907403566279,55.93351868940372,55.26018304948342,54.784530796517494,54.706717801983345,53.90374487220286,53.396897656516714,52.7503979640662,52.32168605961722,51.88212533047721,,,72.0565819713804,62.816539895544025,57.17907403566279,51.88212533047721,,59.83569462387966,"rgba(0, 255, 0, 1.0)",5.88102711123164,63.00871857488947,2.347203506569045,48.1124319583231,4.394823262084067,False,True,False,True,False,10.343864072976125,0.0,0.0,0.0,0.0,0,1.0259481309042489,0.828624512266252,False,False,False,False,0.14909124341308022,0.17030526139237168,False,False,False,False,205664239,197189827.005953,False,False,False,False,2120762.0356400083,False,False,False,False
2024-09-10 00:00:00+00:00,77.9486761166,77.9684324659,76.4076808721,77.1485439704,1805003,,,,,,,,,76.8920962648282,76.93287646873137,72.12735892399627,68.71799128437833,62.884032777995344,58.28374479654229,57.236044366291395,55.98756454657438,55.311180086224276,54.83315638764558,54.75252384094491,53.94480728772528,53.43426121390577,52.78570527023779,52.35640602579196,51.91628532698668,,,72.12735892399627,62.884032777995344,57.236044366291395,51.91628532698668,,59.89975217929999,"rgba(0, 255, 0, 1.0)",5.901216193771458,63.06521049842187,2.5221013990111296,49.11456777334403,4.394823262084067,False,True,False,True,False,11.798029523141391,0.0,0.0,0.0,0.0,0,1.0379505709374333,0.8232090958770646,False,False,False,False,0.17231142370075053,0.1713083425465611,False,False,False,False,207469242,197592941.31944504,False,False,False,False,2108379.328360008,False,False,False,False
2024-09-11 00:00:00+00:00,78.1363614349,78.2450213559,76.328655475,77.6424527027,1282937,,,,,,,,,77.02963944035585,76.94705068443945,72.17773273642514,68.76438894885852,62.93204685166997,58.325774505036925,57.276598744664796,56.02604267591058,55.34749427970429,54.867786753149886,54.7851528483197,53.97406514374591,53.460889162063346,52.81086960335047,52.38115157757228,51.94063154334362,,,72.17773273642514,62.93204685166997,57.276598744664796,51.94063154334362,,59.94045721866318,"rgba(0, 255, 0, 1.0)",5.911502564673358,63.10271441013085,2.543117737038457,50.07413334704651,4.394823262084067,False,True,False,False,False,12.036767099169552,0.0,0.0,0.0,0.0,0,1.0365139460576775,0.8123198186138005,False,False,False,False,0.17619874295681884,0.17375354275168997,False,False,False,False,208752179,198030558.4833884,False,False,False,False,2076009.040973341,False,False,False,False
2024-09-12 00:00:00+00:00,80.8627376366,81.0603011295,79.1636915978,79.242716995,3201339,,,,,,,,,78.14976761370691,77.12666657510391,72.36248813890846,68.91412082597913,63.073094411133745,58.4449594094494,57.390920254632434,56.13382922502591,55.44891625982001,54.96431430670625,54.876095277940024,54.055359920217064,53.534744755784274,52.88049686298657,52.4495098177809,52.00777887930349,,,72.36248813890846,63.073094411133745,57.390920254632434,52.00777887930349,,60.113316408404906,"rgba(0, 255, 0, 1.0)",5.969577500207371,63.28297627349783,2.9448920568484933,54.27115496165102,4.394823262084067,False,True,True,False,True,15.375228026909824,0.0,0.0,0.0,0.0,0,1.0568937593378855,0.7913391121996615,False,False,False,False,0.2814427712241329,0.22759815698791144,False,False,False,False,211953518,198576556.89580452,False,False,False,False,2120139.6276018377,False,False,False,False
2024-09-13 00:00:00+00:00,82.156778515,82.9272761373,81.8012630096,82.0975094671,2641468,,,,,,,,,79.04979220656465,77.34162464072807,72.54410957501827,69.0551589574504,63.20058722129138,58.55092142062023,57.492264959158625,56.22908694514844,55.538428372072396,55.04943140112437,54.95630160244366,54.12696191990176,53.5997479330066,52.94170485879767,52.50955049846602,52.06670514794632,,,72.54410957501827,63.20058722129138,57.492264959158625,52.06670514794632,,60.26577360373368,"rgba(0, 255, 0, 1.0)",6.062103078520486,63.45190442492333,3.0855420714228066,58.36336376528815,1.7311909556297849,False,True,True,False,True,16.868057671015357,0.0,0.0,0.0,0.0,0,1.0641800729615758,0.7950610991695699,False,False,False,False,0.34282824916449955,0.2852132030762055,False,False,False,False,214594986,199204730.58616513,False,False,False,False,2140583.877499805,False,False,False,False
2024-09-16 00:00:00+00:00,81.5542098617,82.1765348643,80.4972451748,82.0382404193,1763179,,,,,,,,,79.34846459390485,77.45150054138212,72.65100898095092,69.14147038644079,63.28084726077333,58.61850950735219,57.55705519643201,56.29013867214143,55.59587919688575,55.104115049855594,55.007852486536294,54.173057902843276,53.64163992898862,52.981190987781304,52.54830553436978,52.10476213185846,,,72.65100898095092,63.28084726077333,57.55705519643201,52.10476213185846,,60.34348739740604,"rgba(0, 255, 0, 1.0)",6.115305005094987,63.538877400763184,2.945941771657715,59.96966018831199,3.212330541246331,False,True,True,False,True,15.788006177976758,0.0,0.0,0.0,0.0,0,1.039530709485934,0.8231833044113164,False,False,False,False,0.28977549726116264,0.2874943501686841,False,False,False,False,212831807,199739125.73964888,False,False,False,False,2125783.686225303,False,False,False,False
2024-09-17 00:00:00+00:00,81.2874991463,82.1765348643,80.0033364426,81.129448352,2037722,,,,,,,,,79.57911716396617,77.56363937908661,72.76790155929837,69.23770025329979,63.371442604142686,58.69526202948655,57.630706661380465,56.3596204888348,55.66130957076815,55.166425078298886,55.06661084676485,54.22564367581084,53.68945731153514,53.02628345182593,52.59257346890128,52.14824267368768,,,72.76790155929837,63.371442604142686,57.630706661380465,52.14824267368768,,60.42387101356801,"rgba(0, 255, 0, 1.0)",6.171143625794751,63.6291227150481,2.8614431136299734,60.5344016605284,3.830799354997012,False,True,True,False,True,15.308475614967296,0.0,0.0,0.0,0.0,0,1.033453800592181,0.820596970477025,False,False,False,False,0.2743634361005127,0.2809288931345984,False,False,False,False,210794085,200172653.5537803,False,False,False,False,2122330.2867654874,False,False,False,False
2024-09-18 00:00:00+00:00,80.2996816819,83.6187483623,80.2502908087,81.6925043067,2970504,,,,,,,,,79.86310238510627,77.72534277841545,72.93725149714001,69.37794857478029,63.503590193047614,58.80737158702267,57.73831159739733,56.461163749924935,55.75696246647521,55.25753816131279,55.15255807319476,54.3025971225016,53.75945724335663,53.09230352007549,52.65738667075484,52.211903059421324,,,72.93725149714001,63.503590193047614,57.73831159739733,52.211903059421324,,60.53779929249545,"rgba(0, 255, 0, 1.0)",6.203350480409583,63.757841841342966,2.666597654412207,59.07792623370706,3.830799354997012,False,True,True,False,True,13.54104402720494,0.0,0.0,0.0,0.0,0,1.0283914341855154,0.8159710515836435,False,False,False,False,0.31603071037238417,0.2984798017534913,False,False,False,False,207823581,200472689.9242203,False,False,False,False,2155592.0010099784,False,False,False,False
2024-09-19 00:00:00+00:00,80.8331031127,82.2654384361,79.2229606457,81.7715297039,3161583,,,,,,,,,79.9933953347385,77.85657228535639,73.09772709643563,69.51623346206459,63.637356123758295,58.92226172832864,57.84881879048658,56.565690393413426,55.85556316392551,55.351550511968995,55.24128709271534,54.38217212489305,53.83192067654293,53.16071190252131,52.724577813024425,52.2779311894432,,,73.09772709643563,63.637356123758295,57.84881879048658,52.2779311894432,,60.64148560560105,"rgba(0, 255, 0, 1.0)",6.244243063842586,63.873805063163516,2.7159894123500155,58.84199113940737,3.830799354997012,False,True,True,False,True,14.196749161793601,0.0,0.0,0.0,0.0,0,1.0128229884034274,0.8541439037210374,False,False,False,False,0.2439240154020725,0.2712019085777819,False,False,False,False,210985164,200884943.80954498,False,False,False,False,2195042.628421352,False,False,False,False
2024-09-20 00:00:00+00:00,82.1172658164,82.7642862556,81.435671766,81.9888495461,3468964,,,,,,,,,80.27998953739719,78.04821953885484,73.29567757070222,69.68165283979953,63.79298705542268,59.05454693438238,57.975830395495976,56.685603718393004,55.968594890841274,55.45927195435487,55.342980090908895,54.473313729456066,53.91489186668039,53.238984980699264,52.801416247330565,52.35339831505113,,,73.29567757070222,63.79298705542268,57.975830395495976,52.35339831505113,,60.772959979110645,"rgba(0, 255, 0, 1.0)",6.2468381662559365,64.02367873480472,2.8964392225386786,60.315983889948114,4.166153385771267,False,False,True,False,True,15.749629507009473,0.0,0.0,0.0,0.0,0,1.0121063202137608,0.859541635869612,False,False,False,False,0.3262942784795099,0.29874809352864595,False,False,False,False,214454128,201417068.6797589,False,False,False,False,2245000.3292675735,False,False,False,False
2024-09-23 00:00:00+00:00,81.6036007349,83.1742305034,81.6036007349,82.156778515,2262037,,,,,,,,,80.43012680503446,78.16475435270274,73.42043925060288,69.78737947587862,63.89318249135651,59.14007647557359,58.05801076054002,56.763257284238,56.04183752634688,55.52910482149159,55.40893093382664,54.532468902014884,53.96877467637834,53.28983522662254,52.85134126657601,52.4024387042784,,,73.42043925060288,63.89318249135651,58.05801076054002,52.4024387042784,,60.85512243459139,"rgba(0, 255, 0, 1.0)",6.250709682470298,64.1171620135629,2.7975125401163097,60.261520614146846,4.428656348299036,False,False,True,False,True,14.81339163180212,0.0,0.0,0.0,0.0,0,1.0026210578635917,0.8575652787865893,False,False,False,False,0.3428282481388037,0.3207881708337248,False,False,False,False,212192091,201839618.5746703,False,False,False,False,2245668.4340021787,False,False,False,False
2024-09-24 00:00:00+00:00,82.9766670105,83.5397229652,81.4949408139,81.9592150221,1819204,,,,,,,,,80.56758690966102,78.26595589353252,73.52435124303243,69.87480055998886,63.97534928743293,59.21001834541773,58.125180968075824,56.8266961178387,56.10166540337834,55.58614367964872,55.46280933944597,54.58079319010714,54.012793127470935,53.33136899159551,52.89211227920372,52.44248026701095,,,73.52435124303243,63.97534928743293,58.125180968075824,52.44248026701095,,60.92375660017758,"rgba(0, 255, 0, 1.0)",6.312328709455366,64.19568580588727,2.9752856780858563,61.9033245495186,6.3157827397251936,False,False,True,False,True,16.46069759085702,0.0,0.0,0.0,0.0,0,0.9987276546990228,0.8608415484061038,False,False,False,False,0.34282824820637303,0.3318082095200489,False,False,False,False,214011295,202316939.2188009,False,False,False,False,2228944.338551113,False,False,False,False
2024-09-25 00:00:00+00:00,83.2137432019,84.1027789199,82.6605654219,82.7297126444,2430259,,,,,,,,,80.77653376707032,78.41335193220671,73.66926562858337,69.99563764030694,64.08780788328123,59.30539851109883,58.21672335765805,56.913096813119516,56.183131553371695,55.663802825996406,55.53617907242033,54.64659068883341,54.0727265004796,53.38790581621658,52.947598948188386,52.49696239522229,,,73.66926562858337,64.08780788328123,58.21672335765805,52.49696239522229,,61.019544583378355,"rgba(0, 255, 0, 1.0)",6.28280084129566,65.69541181054038,2.788299650725032,63.26978881709924,7.8939472964283794,False,False,True,False,True,16.741630804925943,0.0,0.0,0.0,0.0,0,1.0043800349645156,0.8677469387950838,False,False,False,False,0.342828248625874,0.3373182290729615,False,False,False,False,216441554,202870845.68080872,False,False,False,False,2236839.0311569516,False,False,False,False
2024-09-26 00:00:00+00:00,83.0556924076,83.490332092,82.2456820868,83.1939868526,3315755,,,,,,,,,80.97831913534117,78.58602770329468,73.85239343150106,70.15225947373402,64.2360420306043,59.43220053488353,58.33860433484912,57.028324019799385,56.29189107995741,55.76755590188538,55.63424651362928,54.734647854053904,54.15300399471289,53.46368612331537,53.02199692236692,52.570037725830296,,,73.85239343150106,64.2360420306043,58.33860433484912,52.570037725830296,,61.14007729873492,"rgba(0, 255, 0, 1.0)",6.2703575745832785,65.81669433924313,2.7492846880431,63.809079447333644,8.684640061608093,True,False,True,False,True,16.443100000661687,0.0,0.0,0.0,0.0,0,0.9986089138610696,0.8705428345999369,False,False,False,False,0.31337000166191387,0.3253441153674377,False,False,False,False,213125799,203273000.71293387,False,False,False,False,2279149.4613076593,False,False,False,False
2024-09-27 00:00:00+00:00,80.8232249381,82.8383725655,80.6355396198,82.4234892304,2161091,,,,,,,,,81.00444690961285,78.65521908028516,73.94883847637233,70.24058344160491,64.3237641654149,59.508892784004445,58.4125967891431,57.09856502905471,56.35834184991321,55.83104812210005,55.694298860404665,54.78871193531683,54.20237458108031,53.51036754166012,53.06786941740106,52.615136051493494,,,73.94883847637233,64.3237641654149,58.4125967891431,52.615136051493494,,61.20381593967889,"rgba(0, 255, 0, 1.0)",6.197920201670856,65.86161009563111,2.4139734549075813,59.6715489838228,8.684640061608093,False,False,True,False,False,12.346436725509331,0.0,0.0,0.0,0.0,0,0.9904342236355953,0.867193885359657,False,False,False,False,0.25024442831731575,0.2877942718423767,False,False,False,False,210964708,203574636.29281884,False,False,False,False,2274519.717726967,False,False,False,False
2024-09-30 00:00:00+00:00,79.5785749329,80.4774888255,78.7389300882,80.1515090623,2465283,,,,,,,,,80.91783200726346,78.68066635780232,74.02966546905309,70.32342875560656,64.41213642078101,59.58846531563038,58.48974845563674,57.172198768743655,56.42820504455616,55.89793356362865,55.75760632169268,54.845892204796,54.25469804288759,53.559944476543414,53.11664636592983,52.66314724847631,,,74.02966546905309,64.41213642078101,58.48974845563674,52.66314724847631,,61.25863842618924,"rgba(0, 255, 0, 1.0)",6.121831331935048,65.87983152208606,2.237687167131392,54.97572807924857,10.395580086639512,False,True,True,False,False,10.175583428996408,0.0,0.0,0.0,0.0,0,0.9880525806437794,0.8781123130056994,False,False,False,False,0.13616076779123348,0.2119775198168051,False,False,False,False,208499425,203767765.2617279,False,False,False,False,2282000.630757282,False,False,False,False
2024-10-01 00:00:00+00:00,80.852859462,80.8627376366,79.6180876315,80.1515090623,2660592,,,,,,,,,80.88833076970263,78.7305773589051,74.12720791704382,70.41921595241885,64.51162070330385,59.67723963935225,58.57569719623662,57.25410550881588,56.50586987994063,55.97225915764135,55.827965898946175,54.90940717300152,54.31280284570376,53.61497010993194,53.17076252357377,52.71639261852637,,,74.12720791704382,64.51162070330385,58.57569719623662,52.71639261852637,,61.32590157831528,"rgba(0, 255, 0, 1.0)",6.015023667799685,65.93369874653837,2.4803162114437876,53.89434129294944,9.439555178715175,False,True,False,False,False,11.816115388503189,0.0,0.0,0.0,0.0,0,0.9871916613972411,0.8765622412539368,False,False,False,False,0.1695472732724014,0.19076239654460325,False,False,False,False,211160017,204057657.48675817,False,False,False,False,2296847.3511197413,False,False,False,False
2024-10-02 00:00:00+00:00,80.6059050959,81.4554281153,80.0132146172,80.9121285099,1888619,,,,,,,,,80.87999105952483,78.76918887482185,74.19730444795987,70.4877654449413,64.58257656389466,59.74054268799999,58.63698494554799,57.31251335812001,56.56126165416829,56.02527620891684,55.87816629694696,54.95473646844258,54.35428058280877,53.654251786238135,53.20939359860798,52.75440062856947,,,74.19730444795987,64.58257656389466,58.63698494554799,52.75440062856947,,61.374914662969346,"rgba(0, 255, 0, 1.0)",5.899094423798474,65.97833305303871,2.479630090993268,52.76789569724518,8.34000319025305,False,True,False,False,False,11.383798107008058,0.0,0.0,0.0,0.0,0,0.9845679125733503,0.8788455808739603,False,False,False,False,0.19588982061098514,0.1933261085777942,False,False,False,False,209271398,204262117.89904216,False,False,False,False,2280838.3961738693,False,False,False,False
2024-10-03 00:00:00+00:00,78.966128105,79.8156511244,78.215386832,79.7662602511,2300720,,,,,,,,,80.78766422628519,78.77457347622773,74.25896586871872,70.55639877751737,64.65918510667376,59.810957096388194,58.70549405653509,57.37815128453114,56.62368932686881,56.085144765523296,55.93489476936689,55.00612464949197,54.40139725664056,53.698965241701565,53.253418614899466,52.79776621218495,,,74.25896586871872,64.65918510667376,58.70549405653509,52.79776621218495,,61.42079942059716,"rgba(0, 255, 0, 1.0)",5.753509791514867,66.00549941821856,2.2526473676807584,49.54863350505729,5.25290819985986,False,True,False,False,False,8.56434256100124,0.0,0.0,0.0,0.0,1,0.9620674217439683,0.8969808979592016,False,False,False,False,0.10513400247331174,0.14923005552555296,False,False,False,False,206970678,204368335.94221696,False,False,False,False,2281618.066912149,False,False,False,False
2024-10-04 00:00:00+00:00,77.8597725448,78.9760062796,77.6128181787,78.6500265164,2461008,,,,,,,,,80.6560582975845,78.75929472675406,74.31168291738362,70.62133395265698,64.73543316250364,59.88239988969791,58.7752212081449,57.445182239300514,56.68756210995303,56.14647838117248,55.993044370247866,55.05891269852696,54.44986371685318,53.745019384821475,53.29879630585447,52.8424957985117,,,74.31168291738362,64.73543316250364,58.7752212081449,52.8424957985117,,61.46304869749795,"rgba(0, 255, 0, 1.0)",5.5981475296695455,66.02483034855216,2.1140818696763506,45.992493089080256,1.926443522716049,False,True,False,True,False,6.727859445928807,0.0,0.0,0.0,0.0,0,0.9702063720932955,0.8829044287570355,False,False,False,False,0.0676491671762314,0.10843961135089218,False,False,False,False,204509670,204373878.45428687,False,False,False,False,2288652.9662489276,False,False,False,False
2024-10-07 00:00:00+00:00,77.2670820662,77.4152546858,76.328655475,77.4152546858,2282299,,,,,,,,,80.49455736374985,78.72037796983308,74.34509060610567,70.67155283325302,64.7994032055831,59.944034117077955,58.83564147416148,57.50354111237025,56.743314324653866,56.200107885701804,56.0439250484554,55.105234005102076,54.492469626810994,53.78557637631626,53.33879763353862,52.881964612715436,,,74.34509060610567,64.7994032055831,58.83564147416148,52.881964612715436,,61.4940992622143,"rgba(0, 255, 0, 1.0)",5.468633123581616,66.0302018238005,2.054787730035188,42.91334309128454,-0.9014455575635054,False,True,False,True,False,5.757669281820611,0.0,0.0,0.0,0.0,0,0.9513653473437926,0.9004972094710519,False,False,False,False,-0.005839057620082549,0.051300276865404816,False,False,False,False,202227371,204289701.69137365,False,False,False,False,2288403.791101911,False,False,False,False
2024-10-08 00:00:00+00:00,77.2275693676,77.632574528,76.6151225397,77.0201277001,1676080,,,,,,,,,80.38963099942346,78.69535830318176,74.37049901173272,70.70882140915987,64.84654879229915,59.989423397783746,58.88013438055004,57.546515902860975,56.78437454356665,56.23960881611787,56.08140899413819,55.139366735018264,54.52387067967477,53.815468676551546,53.368279577589206,52.91105322296765,,,74.37049901173272,64.84654879229915,58.88013438055004,52.91105322296765,,61.518147715163494,"rgba(0, 255, 0, 1.0)",5.307341948489975,66.03869826587729,2.108187339409349,40.811663385742946,-2.8253099657890743,False,True,False,True,False,5.692506050494018,0.0,0.0,0.0,0.0,0,0.9582118780289814,0.9004428833175055,False,False,False,False,0.007156417927315419,0.029228347396360117,False,False,False,False,200551291,204143097.35053548,False,False,False,False,2264391.09341164,False,False,False,False
2024-10-09 00:00:00+00:00,77.217691193,77.3065947648,75.7700446989,76.3879245229,1465156,,,,,,,,76.76477688556666,80.29263774052934,78.66869886192515,74.38925348777877,70.73908383779248,64.88615945119663,60.027999883926405,58.91801768731978,57.58317799780761,56.819441659294995,56.27336955070221,56.11345703570268,55.168585774002,54.550772781193096,53.841097059247296,53.39356624173786,52.93601228783799,,,74.38925348777877,64.88615945119663,58.91801768731978,52.93601228783799,,62.43330048373888,"rgba(0, 255, 255, 0.75)",5.14771762454295,67.07537366794847,1.9702552208177948,39.39716089033032,-4.175205148127517,False,True,False,True,False,5.6758996088660325,0.0,0.0,0.0,0.0,0,0.941634414080484,0.9108517547514591,False,False,False,False,-0.023055460527268642,0.0030864434345457374,False,False,False,False,199086135,203944785.10149488,False,False,False,False,2233048.5407288307,False,False,False,False
2024-10-10 00:00:00+00:00,78.4524630235,78.5116332896,77.1287876212,77.800503497,1670045,,,,,,,,77.4392424045227,80.22569893877954,78.65881636649519,74.42148045459442,70.78038269895737,64.93576800802875,60.07506535086695,58.96405311671996,57.627544011478065,56.861790737850455,56.3140857109433,56.152098119306174,55.20374172875375,54.5831009610125,53.87184930770151,53.42388037111501,52.96590636097405,,,74.42148045459442,64.93576800802875,58.96405311671996,52.96590636097405,,62.500264979299985,"rgba(0, 255, 0, 1.0)",4.958863421188254,67.12742494144422,2.28379713659104,41.22477192929003,-4.175205148127517,False,True,False,True,False,7.449102547253304,0.0,0.0,0.0,0.0,0,0.9409284831451227,0.9130191246830215,False,False,False,False,0.043108577895397154,0.023097510664971448,False,False,False,False,200756180,203819741.76418138,False,False,False,False,2210969.9705041707,False,False,False,False
2024-10-11 00:00:00+00:00,78.491975722,79.4649759245,78.4228284995,78.9760062796,1478350,,,,,,,,77.8731190397263,80.18912760764832,78.66063563665608,74.45546119476745,70.82035548061472,64.98190909298256,60.118283640404215,59.00624161532576,57.668118485107215,56.900482822701576,56.351262048474055,56.18737813288219,55.23580847844066,54.612572133717094,53.89986340899671,53.45148211267865,52.99311269672361,,,74.45546119476745,64.98190909298256,59.00624161532576,52.99311269672361,,62.553247860461596,"rgba(0, 255, 0, 1.0)",4.770637080630317,67.17235661836786,2.3727688592351592,42.527536427770805,-4.175205148127517,False,True,False,True,True,7.50547496311987,0.0,0.0,0.0,0.0,0,0.9606580396666031,0.9076149649857781,False,False,False,False,0.10139971869169376,0.062248614678332606,False,False,False,False,202234530,203757576.59695858,False,False,False,False,2182239.7755824383,False,False,False,False
2024-10-14 00:00:00+00:00,78.8475900092,79.3217423922,77.9980669898,78.0573360377,1212363,,,,,,,,78.04986682402443,80.15904947983137,78.66131425308174,74.48248793338259,70.85255143677956,65.01932692772311,60.15344357625097,59.04058244641707,57.70116570446074,56.93200935122271,56.381562032939094,56.216138212867726,55.26196190666822,54.63661671148885,53.92272500957873,53.47400981410427,53.015320183912536,,,74.48248793338259,65.01932692772311,59.04058244641707,53.015320183912536,,62.58589010616082,"rgba(0, 255, 0, 1.0)",4.6034967298014875,67.19995428935293,2.530171390031452,44.19120455349693,-4.175205148127517,False,True,False,True,True,8.018814586634086,0.0,0.0,0.0,0.0,0,0.967539419299024,0.9071766888108528,False,False,False,False,0.08661804010773917,0.07443332739303589,False,False,False,False,203446893,203745392.92648962,False,False,False,False,2144205.3922262643,False,False,False,False
2024-10-15 00:00:00+00:00,81.0800574788,81.1540450069,78.798199136,78.8871027078,2039072,,,,,,,,78.64466861170176,80.16521948119028,78.69181457428985,74.54427326890473,70.91715095430588,65.08919579305451,60.21741846643962,59.10280787109999,57.7607841615958,56.98875963326995,56.436024530680605,56.26781793199305,55.308849639832594,54.67966475882312,53.96358915376082,53.514236391566996,53.054935276991394,,,74.54427326890473,65.08919579305451,59.10280787109999,53.054935276991394,,62.66748297055888,"rgba(0, 255, 0, 1.0)",4.410575069181341,67.27915203958487,3.12904898403118,49.339795156267826,-7.169142676915584,False,True,False,False,True,11.130595221160554,0.0,0.0,0.0,0.0,0,1.0281251714727255,0.8540142183168846,False,False,False,False,0.1374843508849535,0.1059588391389947,False,False,False,False,205485965,203813650.65486258,False,False,False,False,2140082.514099744,False,False,False,False
2024-10-16 00:00:00+00:00,81.2084737492,82.9569106612,81.1096920027,81.8406769264,2384584,,,,,,,,79.3690751784539,80.22500766560637,78.75546416392471,74.63211662878147,71.0027574925706,65.17760023418812,60.296942343556054,59.17993200194634,57.83444899940782,57.05877566703809,56.503151298597835,56.33150806220594,55.36654540923667,54.7325886817412,54.0137708489347,53.56359835483302,53.10351092493189,,,74.63211662878147,65.17760023418812,59.17993200194634,53.10351092493189,,62.773340820938515,"rgba(0, 255, 0, 1.0)",4.1839632735485,67.38955820370494,3.3028290742559436,52.96593424405276,-3.802607967798906,False,True,True,False,True,11.304285373665799,0.0,0.0,0.0,0.0,0,1.0269274222311848,0.8506127752152689,False,False,False,False,0.259081503930272,0.18252017153463335,False,False,False,False,207870549,203972744.70761305,False,False,False,False,2149670.80766446,False,False,False,False
2024-10-17 00:00:00+00:00,81.1788392252,82.1271439911,81.0405447802,81.8209205771,1943273,,,,,,,,79.70054471380791,80.261325723236,78.8002644075293,74.69909527447504,71.06954854312265,65.24762138337532,60.36038755428695,59.2415393720388,57.8933748432789,57.11483054838518,56.55692519952095,56.38254732929593,55.41282846692903,54.7750731217863,54.05407697232592,53.603257365977775,53.14254906347968,,,74.69909527447504,65.24762138337532,59.2415393720388,53.14254906347968,,62.84210528722657,"rgba(0, 255, 0, 1.0)",3.9575259108453733,67.46203539034101,3.46600480802131,55.31025289106857,-1.6459149651137182,False,False,True,False,True,11.249053663091974,0.0,0.0,0.0,0.0,0,1.0268277061099749,0.8603020779180603,False,False,False,False,0.23198909658314318,0.20725463405888828,False,False,False,False,205927276,204049392.993589,False,False,False,False,2141576.775991344,False,False,False,False
2024-10-18 00:00:00+00:00,85.1202309082,85.5845051165,81.3368900195,81.8307987518,3126956,,,,,,,,80.58094759029339,80.43234923497162,78.93617033754003,74.84407535563984,71.20137018572147,65.37667705577549,60.47400407618312,59.35132855996452,57.997836794334475,57.21394160776693,56.651835298366336,56.47260129832633,55.49426284366894,54.84969943692707,54.12473577848327,53.67269387356281,53.210812698360456,,,74.84407535563984,65.37667705577549,59.35132855996452,53.210812698360456,,62.993255413287415,"rgba(0, 255, 0, 1.0)",3.8824602550404825,67.63216094120699,4.504378362737588,61.50815918369773,4.098430435016255,True,False,True,False,True,16.34350918262337,0.0,0.0,0.0,0.0,0,1.0306292219752267,0.8034583092239008,False,False,False,False,0.3428282477518097,0.275041440905349,False,False,False,False,209054232,204245661.18991885,False,False,False,False,2180219.098501487,False,False,False,False
2024-10-21 00:00:00+00:00,85.5746269419,86.7698860738,85.1696217815,86.0487793248,3070727,,,,,,,,81.4587425348227,80.6639210173903,79.10843999667281,75.00958445906059,71.34629657473334,65.51393279978383,60.59308451696997,59.466105362125916,58.106746424115755,57.31713883206808,56.750573573572794,56.56628614604649,55.578869080690936,54.927174705303045,54.19801548569821,53.744654950539896,53.28150819649888,,,75.00958445906059,65.51393279978383,59.466105362125916,53.28150819649888,,63.15476909741727,"rgba(0, 255, 0, 1.0)",3.8622226746998316,67.82051151686005,4.596864790148272,66.00737640706578,8.113565846331454,True,False,True,False,True,16.88979809186701,0.0,0.0,0.0,0.0,0,1.0620771286482842,0.7940367571534231,False,False,False,False,0.3428282478704517,0.3089348443879003,False,False,False,False,212124959,204554653.26090243,False,False,False,False,2215140.976991625,False,False,False,False
2024-10-22 00:00:00+00:00,86.9180586935,87.1452567103,85.9500963601,86.7402515499,2679498,,,,,,,,82.1216084730363,80.8803828927306,79.26964308629628,75.1607901046886,71.47757006420534,65.63705367370696,60.699482608571195,59.56858754769018,58.203920638802316,57.409194706607785,56.83863985930162,56.649860720409606,55.65433344905011,54.996276867860765,54.26335917484632,53.80880838713441,53.344518997613015,,,75.1607901046886,65.63705367370696,59.56858754769018,53.344518997613015,,63.29317830897361,"rgba(0, 255, 0, 1.0)",3.8723508824359096,67.9845580084457,4.889407303179134,70.01275409179934,11.668266647876479,True,False,True,False,True,18.477904370195294,0.0,0.0,0.0,0.0,0,1.0528228851740544,0.8132613488397173,False,False,False,False,0.3428282476059492,0.32588154599692476,False,False,False,False,214804457,204956606.34871018,False,False,False,False,2233351.0563252866,False,False,False,False
2024-10-23 00:00:00+00:00,87.5305055214,87.5601400453,85.5943832912,85.9499975783,3443996,,,,,,,,82.79222775351856,81.14661704894368,79.47298560656587,75.35314219348712,71.6454686483142,65.79487577372683,60.83613697207205,59.7002595417015,58.328827837806365,57.52756958162702,56.951917905720315,56.757397180124634,55.751488737851304,55.08527885336327,54.34753861999258,53.89145869215154,53.425700923563404,,,75.35314219348712,65.79487577372683,59.7002595417015,53.425700923563404,,63.459346580619425,"rgba(0, 255, 0, 1.0)",3.8951491179180673,68.18268378906272,4.967158161759561,73.10121166424516,14.418174016068733,True,False,True,False,True,19.187458743116476,0.0,0.0,0.0,0.0,0,1.0308101613116498,0.815489177707473,False,False,False,False,0.3428282476244206,0.33435489681067265,False,False,False,False,218248453,205477855.23699605,False,False,False,False,2280827.3286262555,False,False,False,False
2024-10-24 00:00:00+00:00,86.8587896456,87.9157543325,84.9078501534,87.7478253636,4464255,,,,,,,,83.37279573975616,81.44041188786349,79.70979977959382,75.58633351985664,71.85308722850979,65.99281161786233,61.008921764192976,59.86698717100139,58.4872529599702,57.67787474524087,57.09586438550935,56.894124473308175,55.87518800846449,55.19870616613719,54.454897563545096,53.99690230182151,53.52930456981744,,,75.58633351985664,65.99281161786233,59.86698717100139,53.52930456981744,,63.64948611073241,"rgba(0, 255, 0, 1.0)",3.961919450499138,69.88166446107608,4.285075806471802,73.45736636080014,14.75074033629518,True,False,True,False,True,17.882512777855286,0.0,0.0,0.0,0.0,0,1.0240803683910957,0.8141997611271129,False,False,False,False,0.33122676516119903,0.33279083098593587,False,False,False,False,213784198,205803594.16887856,False,False,False,False,2366451.9431899316,False,False,False,False
2024-10-25 00:00:00+00:00,85.821581308,86.4340281359,85.2930989645,86.0487793248,2328687,,,,,,,,83.55702411638107,81.56178064517498,79.81497315745216,75.69652700866061,71.95398286357042,66.0910519236227,61.09565028652493,59.95084302634837,58.56711280492799,57.75374690480067,57.168597979775896,56.96325083737612,55.93783337031224,55.256214921111216,54.509381350130695,54.05043970138452,53.5819324745747,,,75.69652700866061,66.0910519236227,59.95084302634837,53.5819324745747,,63.73590255130172,"rgba(0, 255, 0, 1.0)",4.015465364769241,69.96701805943184,3.9483750470549235,71.2558298177502,14.75074033629518,True,False,True,False,True,15.89820485413729,0.0,0.0,0.0,0.0,0,1.0244943025054898,0.8327259932341745,False,False,False,False,0.2910257494588794,0.3119082902224076,False,False,False,False,211455511,206025237.96617743,False,False,False,False,2364970.965025621,False,False,False,False
2024-10-28 00:00:00+00:00,85.7030432122,86.3154900402,85.1696217815,85.4363324969,1805277,,,,,,,,83.6754610834281,81.64885702710619,79.89248511717565,75.77934584813063,72.03053727986861,66.16608559519096,61.162145154451025,60.01517945115172,58.62843149972557,57.81203453534508,57.22449560098381,57.0163912201129,55.98602387413536,55.30047481650107,54.55132759783794,54.091663631809695,53.62246209944942,,,75.77934584813063,66.16608559519096,60.01517945115172,53.62246209944942,,63.80020008425904,"rgba(0, 255, 0, 1.0)",4.066694331608888,70.03291302848133,3.8532844875801535,69.51515828208795,14.75074033629518,True,False,True,False,True,15.672305161966172,0.0,0.0,0.0,0.0,0,1.0031595410027392,0.8516414790506837,False,False,False,False,0.28239809372745,0.29715319197492884,False,False,False,False,209650234,206167394.6733862,False,False,False,False,2343022.18208344,False,False,False,False
2024-10-29 00:00:00+00:00,87.7675817129,87.8959979832,85.9104848798,86.1376828966,1742443,,,,,,,,83.85122640807947,81.75841982989188,79.98365856187,75.86955171929176,72.11142452223791,66.24333750629582,61.22978514621789,60.08048600094616,58.69053254731703,57.87099764610701,57.28099703820133,57.07009823241176,56.03466844066692,55.34511907196549,54.59360055023952,54.133185053892696,53.66326110837357,,,75.86955171929176,66.24333750629582,60.08048600094616,53.66326110837357,,63.87119702258859,"rgba(0, 255, 0, 1.0)",4.159075152541462,70.12265480386438,4.2425121600059175,70.5067960009452,14.75074033629518,True,False,True,False,True,18.181802552688016,0.0,0.0,0.0,0.0,0,1.0026429352292316,0.8434419583918704,False,False,False,False,0.34282824726958394,0.3199907196222564,False,True,False,False,211392677,206372307.70580244,False,False,False,False,2319470.057295854,False,False,False,False
2024-10-30 00:00:00+00:00,87.1650130596,87.9157543325,85.9499975783,87.708312665,2659995,,,,,,,,84.07521874668126,81.91226326489023,80.11514358233697,76.00238238046363,72.23179193285227,66.35917062959892,61.33165277189087,60.17891724395606,58.78421719562603,57.96000190820715,57.36632204456469,57.15122835354489,56.10820698813679,55.412645774773,54.657565887253675,54.19602455677792,53.725018150698986,,,76.00238238046363,66.35917062959892,60.17891724395606,53.725018150698986,,63.974574788956076,"rgba(0, 255, 0, 1.0)",4.249402013349888,71.69935503281258,3.6394904455263664,69.77812163047591,14.75074033629518,True,False,True,False,True,17.022542223171843,0.0,0.0,0.0,0.0,0,0.9877431899120115,0.8602463418566075,False,True,False,False,0.34282824728995637,0.3314094834561064,False,False,False,False,208732682,206464871.40361413,False,False,False,False,2332823.9766175854,False,False,False,False
2024-10-31 00:00:00+00:00,85.238769004,86.6612261527,84.4682713817,86.3648809134,3690357,,,,,,,,84.19889061739501,82.05066043126953,80.25029050748866,76.15621566557145,72.37837243861966,66.505814458987,61.46318004612049,60.3064493894455,58.90606896777881,58.07602763583272,57.477726385369756,57.25723839876575,56.204552557960945,55.501269185124535,54.74164859073295,54.278698178070314,53.80633633593367,,,76.15621566557145,66.505814458987,60.3064493894455,53.80633633593367,,64.0917317523804,"rgba(0, 255, 0, 1.0)",4.275083310866251,71.7649852913746,3.151700851859011,65.46127152311655,14.75074033629518,True,False,True,False,False,13.43376354798012,0.0,0.0,0.0,0.0,0,0.9643049664426832,0.8753027470523957,False,False,False,False,0.2480992164863095,0.28975434997120797,False,False,False,False,205042325,206409085.27013907,False,False,False,False,2386060.5657698372,False,False,False,False
2024-11-01 00:00:00+00:00,84.7547384464,86.404393612,84.7251039225,85.8610940065,1844703,,,,,,,,84.24584854585602,82.11277718616695,80.31329935544572,76.22994907578774,72.44954336750736,66.57765950204926,61.52795204672815,60.369311937449844,58.96619511490135,58.13331964373943,57.53276436767746,57.30963114426955,56.25221184695521,55.545136201058405,54.78328735299982,54.31964760725143,53.84662248463108,,,76.22994907578774,66.57765950204926,60.369311937449844,53.84662248463108,,64.14795039885146,"rgba(0, 255, 0, 1.0)",4.2778361201497574,71.80892398024102,3.026253017309549,61.74170215670602,19.63232677448687,True,False,True,False,False,12.558206000034044,0.0,0.0,0.0,0.0,0,0.9840133724596942,0.8747820001552689,False,False,False,False,0.2480992164896833,0.2689267832304456,False,False,False,False,203197622,206283145.53405517,False,False,False,False,2364830.857308275,False,False,False,False
2024-11-04 00:00:00+00:00,84.8436420182,85.7129213869,84.2410733649,85.5548705926,1524914,,,,,,,,84.26934068573556,82.15671399998267,80.36050740408083,76.28760829275078,72.50614465618449,66.63549503296007,61.580418304648695,60.42028697649777,59.01501068415107,58.17986887584188,57.577505623428785,57.352235088936666,56.291001534773535,55.58086092205586,54.81721463855143,54.353021819170635,53.87946441151853,,,76.28760829275078,66.63549503296007,60.42028697649777,53.87946441151853,,64.19192346772172,"rgba(0, 255, 0, 1.0)",4.262390066125417,71.84096480365673,3.050560134765638,59.397518164191155,17.28169880336607,False,False,True,False,False,12.673859073695084,0.0,0.0,0.0,0.0,0,0.9704019540736215,0.8996454057603978,False,False,False,False,0.20879405730416592,0.23886042026730575,False,False,False,False,204722536,206221945.16017067,False,False,False,False,2331892.9413354015,False,False,False,False
2024-11-05 00:00:00+00:00,84.7448602718,85.7380119505,84.1225352692,85.1794999561,1513985,,,,,,,,84.28902170925105,82.19802585565094,80.4057885039322,76.34368461517184,72.56154761058218,66.69235678706029,61.632134055962624,60.47055605553418,59.06317578402193,58.2258144821948,57.62167819212665,57.3943059120332,56.329323632182536,55.61616654031212,54.85075180506768,54.38601564792701,53.911935243076606,,,76.34368461517184,66.69235678706029,60.47055605553418,53.911935243076606,,64.23484014306399,"rgba(0, 255, 0, 1.0)",4.250848835490478,71.87383328092912,3.027872194233359,57.638549611845725,15.445830960818213,False,False,True,False,False,12.49013236487599,0.0,0.0,0.0,0.0,0,0.9661872344750713,0.9027961808471583,False,False,False,False,0.2056980822253639,0.22227925124633482,False,False,False,False,203208551,206103772.840164,False,False,False,False,2299818.1201065625,False,False,False,False
2024-11-06 00:00:00+00:00,82.156778515,82.7988598669,80.0132146172,81.5048189885,4320280,,,,,,,,84.06338379567786,82.17545616177829,80.44063314886778,76.44094182830521,72.67638794090888,66.82434977494562,61.758226974847865,60.594135815846954,59.182650892201465,58.34035555128963,57.73217757171984,57.499700389563046,56.42587095094989,55.705435772616376,54.93584555604995,54.46989495423878,53.994644482476545,,,76.44094182830521,66.82434977494562,60.594135815846954,53.994644482476545,,64.3094171507226,"rgba(0, 255, 0, 1.0)",4.214635245900637,71.84199142847751,2.4473736123559346,52.196498420553446,10.187012824243823,False,True,False,False,False,7.848588066725373,0.0,0.0,0.0,0.0,0,0.9448786611010778,0.905580115437512,False,False,False,False,-0.02092843395696334,0.10067540864468574,False,False,False,False,198888271,205820811.98368698,False,False,False,False,2379051.9193180697,False,False,False,False
2024-11-07 00:00:00+00:00,84.488027731,85.0362664238,82.4827582783,83.8064336806,3291270,,,,,,,,84.05964310041527,82.23165522366028,80.51466903262128,76.54494677978755,72.78430082235816,66.93901213871806,61.86442711869459,60.69769728857129,59.282238088758525,58.43557110138357,57.82386693090162,57.58711775354638,56.50572339010135,55.779144146138115,55.005969872634765,54.53893484998978,54.062639753324824,,,76.54494677978755,66.93901213871806,60.69769728857129,54.062639753324824,,64.39162102303561,"rgba(0, 255, 0, 1.0)",4.18702657476064,71.9089112161418,3.004307780295689,52.284380788381156,10.187012824243823,False,True,False,False,False,10.970825763370428,0.0,0.0,0.0,0.0,0,0.9798072497467749,0.8787299346163033,False,False,False,False,0.12922248998316502,0.11494894931392538,False,False,False,False,202179541,205678017.04315025,False,False,False,False,2414825.1773840277,False,False,False,False
2024-11-08 00:00:00+00:00,82.8186162162,84.0188144354,82.1172658164,83.8755809031,1990111,,,,,,,,84.0212367617072,82.24541023109865,80.5453316584361,76.59806587061784,72.84273173980549,67.00351462383077,61.92522315536676,60.75715921970527,59.339605529383796,58.490524884202564,57.87685555686288,57.63767141881298,56.552004936377074,55.8219269073634,55.046725503447284,54.579088177409005,54.10221259871822,,,76.59806587061784,67.00351462383077,60.75715921970527,54.10221259871822,,64.4344287513615,"rgba(0, 255, 0, 1.0)",4.095859992892349,71.93353799082074,2.6575806410054095,50.06703474533738,7.874719209352037,False,True,False,False,False,8.145942529659035,0.0,0.0,0.0,0.0,0,0.9638193975452845,0.9015396985879979,False,False,False,False,0.08480584338758217,0.09987739635075377,False,False,False,False,200189430,205462778.33557573,False,False,False,False,2398169.7194473995,False,False,False,False
2024-11-11 00:00:00+00:00,77.1781784944,80.5960269212,76.773173334,79.9243110454,4494744,,,,,,,,83.58518474189664,82.0844782407144,80.48089515240575,76.62704215019365,72.91093125363442,67.10409563927367,62.030233407984646,60.861530811318424,59.44204685435586,58.58958159082436,57.97298069703286,57.7296185486936,56.63705716047254,55.90106363549602,55.12259042864337,54.65409836036835,54.17639718144088,,,76.62704215019365,67.10409563927367,60.861530811318424,54.17639718144088,,64.46528387380879,"rgba(38, 166, 154, 1.0)",4.007246320179662,71.83612379142696,1.3330986608114317,43.62981345156642,1.6907751814924126,False,True,False,True,False,0.0,0.0,0.0,0.0,0.0,0,0.9236189405119544,0.9120525465869703,False,False,False,False,-0.19620184827192927,-0.04816222596058775,False,False,False,False,195694686,205079715.89104337,False,False,False,False,2480388.3186847563,False,False,False,False
2024-11-12 00:00:00+00:00,76.2101173793,76.8028078579,74.9160765009,76.2101173793,3574117,,,,,,,,83.15865898540694,81.89796653258102,80.38528783395728,76.61771477780788,72.94175071252648,67.16712111073139,62.10149846331011,60.93317892603323,59.51321806293598,58.65885141082552,58.04049667011335,57.7943241979087,56.69733647102934,55.957401536434446,55.17682480357513,54.707844420712696,54.229670427372,,,76.61771477780788,67.16712111073139,60.93317892603323,54.229670427372,,64.46936149078009,"rgba(38, 166, 154, 1.0)",3.954312674443349,71.72703182705862,1.133720553059822,38.74392561448051,-2.8359839492291883,False,True,False,True,False,0.0,0.0,0.0,0.0,0.0,0,0.9290905133395275,0.9396398720096035,False,False,False,False,-0.34282825441539394,-0.19549524018799086,False,False,False,False,192120569,204571514.05217892,False,False,False,False,2523279.6395206484,False,False,False,False
2024-11-13 00:00:00+00:00,75.0642491205,77.326351114,75.0444927713,76.5657316664,2262348,,,,,,,,82.90690188006076,81.78256153310717,80.32465739057417,76.6104673280015,72.95989947073292,67.20581735829127,62.145701872287844,60.97768829806491,59.557504925821036,58.70199920437785,58.082582010795896,57.834676273798536,56.734974119269076,55.99260728830967,55.210737998705135,54.74146257953803,54.263002747432786,,,76.6104673280015,67.20581735829127,60.97768829806491,54.263002747432786,,64.47254366348051,"rgba(38, 166, 154, 0.5)",3.9317850010284765,71.66637746338996,0.8642058648225209,34.808775045217686,-6.427701770419631,False,True,False,True,False,0.0,0.0,0.0,0.0,0.0,0,0.9306516854324394,0.9267614511755903,False,False,False,False,-0.3211771505153418,-0.2583361953516663,False,False,False,False,189858221,203994522.16777974,True,False,False,False,2513047.0262061134,True,False,False,False
2024-11-14 00:00:00+00:00,76.6941479368,77.4844019083,74.2542387997,74.2937514983,3902218,,,,,,,76.1442628816,82.52950076184663,81.60399624403802,80.23120632777658,76.6033472366388,72.99425814274886,67.27430290171962,62.223119351753084,61.055545039991735,59.63488172074188,58.777351606328935,58.15605944401218,57.905134321165775,56.800672082365416,56.05405358417936,55.26991214560133,54.800109231351776,54.3211383737038,,,76.6033472366388,67.27430290171962,61.055545039991735,54.3211383737038,,65.13215841097578,"rgba(38, 166, 154, 1.0)",3.920931837834723,72.43877318845146,1.0852967927895676,34.59541789592846,-6.628215392894553,False,True,False,True,False,0.0,0.0,0.0,0.0,0.0,0,0.9218561045668524,0.936074118480926,True,False,False,False,-0.3421676868346916,-0.300251941093179,False,False,False,False,193760439,203593185.57296485,False,False,False,False,2567524.31929607,False,False,False,False
2024-11-15 00:00:00+00:00,75.8248685681,77.326351114,75.4494979317,77.2670820662,1663802,,,,,,,76.16099539750185,82.38239918387801,81.53200001703513,80.19314827963781,76.60073927102015,73.0089396764625,67.3033675017344,62.256000015135726,61.08862079855928,59.66776515691492,58.809385171574775,58.18730371673125,57.9351028274933,56.82862956775145,56.080211531655145,55.295108206533875,54.82508230793019,54.34589536772464,,,76.60073927102015,67.3033675017344,61.08862079855928,54.34589536772464,,65.1389274441819,"rgba(38, 166, 154, 0.5)",3.904060608059587,72.40883509358521,0.8749949904626717,33.82821876245581,-7.566350113600585,False,True,False,True,False,0.0,0.0,0.0,0.0,0.0,0,0.9535207434078498,0.9286593514624271,False,False,False,False,-0.30787353507401855,-0.30406273808359874,False,False,False,False,192096637,203142340.5308878,False,False,False,False,2532084.2283432833,False,False,False,False
2024-11-18 00:00:00+00:00,79.0155189782,79.5479525915,77.494280083,77.5634273055,3487489,,,,,,,77.1336168499504,82.21068506305886,81.45467672035541,80.16389884374878,76.6286380275957,73.06291434499856,67.38053016470847,62.33661823831622,61.16881128840077,59.74656994263307,58.88569253799439,58.26143398239827,58.00610766426539,56.89445649975894,56.141567913500985,55.35398153776547,54.88330489052356,54.403488641581404,,,76.6286380275957,67.38053016470847,61.16881128840077,54.403488641581404,,65.22872184175304,"rgba(0, 255, 255, 0.75)",3.837791164682039,72.45011006461145,1.7107259441336746,37.40989161820542,-7.566350113600585,False,True,False,True,False,2.2394882919744568,0.0,0.0,0.0,0.0,0,0.9540712230681884,0.8889846147048908,False,False,False,False,-0.1730660393727513,-0.23856438872817504,False,False,False,False,195584126,202845939.96104908,False,False,False,False,2569551.082133743,False,False,False,False
2024-11-19 00:00:00+00:00,81.4455499406,81.5838443857,79.6674785047,80.2107781101,2185661,,,,,,,77.8658558366086,82.17357703236998,81.44537301975276,80.1727312618071,76.6641476137301,73.10932946637573,67.43772049204057,62.39352541456313,61.224998649363144,59.80135817335126,58.93852935093971,58.31262417473512,58.055095952622295,56.93967863323953,56.18360942891771,55.39421285991602,54.923028333141836,54.44272139771041,,,76.6641476137301,67.43772049204057,61.224998649363144,54.44272139771041,,65.30433983839917,"rgba(0, 255, 0, 1.0)",3.7182410574732025,72.5112906005094,2.4028187527362848,42.23460188582473,-7.566350113600585,False,True,False,True,True,5.238298043741917,0.0,0.0,0.0,0.0,0,0.9653378538981116,0.8751772868740483,False,False,False,False,-0.04595560953397888,-0.14225999913107695,False,False,False,False,197769787,202646875.13904718,False,False,False,False,2554496.5691088904,False,False,False,False
2024-11-20 00:00:00+00:00,81.7912860532,81.9987277207,80.852859462,81.4455499406,1216726,,,,,,,78.22550106418767,82.16387216436208,81.4463171910247,80.1818669469629,76.68664948310644,73.13706251812143,67.4708724247586,62.42615905201537,61.257165621355426,59.832669163590914,58.96869866328667,58.34183636707357,58.08304809541985,56.96545896405911,56.207564151086046,55.41712240913488,54.945640187001814,54.465045664703155,,,76.68664948310644,67.4708724247586,61.257165621355426,54.465045664703155,,65.34569722951393,"rgba(0, 255, 0, 1.0)",3.6427826507353007,72.54730584899224,2.5376150845403442,45.77546309780507,-13.034215173786734,False,True,False,True,True,5.653238913646767,0.0,0.0,0.0,0.0,0,0.9768329637561433,0.8729996504565645,False,False,False,False,0.0017662789488276404,-0.07024686009112466,False,False,False,False,198986513,202503331.5257512,False,False,False,False,2502034.9781634435,False,False,False,False
2024-11-21 00:00:00+00:00,82.5519055008,82.6309308979,81.3566463688,82.433367405,1409008,,,,,,,78.62735582699797,82.16415358045266,81.45407768223679,80.19712330217476,76.71580512565782,73.17134838317946,67.51078476953901,62.46505605816834,61.295445685596086,59.869868188197245,59.00451066394449,58.376492488071115,58.11620446960418,56.996012067092586,56.235938694597074,55.444242962811146,54.972398659362,54.491454391313376,,,76.71580512565782,67.51078476953901,61.295445685596086,54.491454391313376,,65.3949040554998,"rgba(0, 255, 0, 1.0)",3.4824544488188582,72.59294713543503,2.859752657710355,48.869288914688354,-10.050727426286429,False,True,False,False,True,6.566997240252018,0.0,0.0,0.0,0.0,0,0.9641739425290257,0.8839743332911938,False,False,False,False,0.03563505500801645,-0.017305902541554105,False,False,False,False,200395521,202420672.28944725,False,False,False,False,2459171.1750982106,False,False,False,False
2024-11-22 00:00:00+00:00,83.2730122498,83.9150936017,82.5321491515,82.9569106612,1496683,,,,,,,79.07677510498877,82.183940592803,81.47392624397834,80.22160650978932,76.75238197264865,73.21173705986476,67.55599130380666,62.50841902449497,61.33801114503018,59.91111791928919,59.044165013122296,58.41482968769086,58.152871591285646,57.02974826954026,56.26723998255562,55.47413100779765,55.00187004132502,54.52052339641314,,,76.75238197264865,67.55599130380666,61.33801114503018,54.52052339641314,,65.45218254813469,"rgba(0, 255, 0, 1.0)",3.361072353606793,72.65064153830528,3.1604112003408007,51.627007460223325,-7.351664187146028,False,False,False,False,True,7.428339619480088,0.0,0.0,0.0,0.0,0,0.9589721276362849,0.8835977595567781,False,False,False,False,0.10935442862133,0.04602426303988795,False,False,False,False,201892204,202399948.04280227,False,False,False,False,2421426.5407806337,False,False,False,False
2024-11-25 00:00:00+00:00,80.7244431916,81.3566463688,79.3711332654,80.5565142227,2031999,,,,,,,79.24118228972374,82.1425316993456,81.4592130854613,80.22444262020794,76.78057099927892,73.25112774747132,67.60624040450416,62.55921470370985,61.38829862192704,59.96030026839654,59.09168654543748,58.46093271471109,58.19703231631378,57.07061070862208,56.30529043912724,55.51058881105662,55.03788862180495,54.55611724656807,,,76.78057099927892,67.60624040450416,61.38829862192704,54.55611724656807,,65.49129276909265,"rgba(0, 255, 0, 1.0)",3.2354538482418245,72.67669019279742,2.4873644861835387,50.55446056859657,-7.351664187146028,False,True,False,False,True,3.8492028365328217,0.0,0.0,0.0,0.0,0,0.9465964182067138,0.8849927954598894,False,False,False,False,-0.06160323528462359,-0.007789486122367819,False,False,False,False,199860205,202300350.27641788,False,False,False,False,2406154.8725147266,False,False,False,False
2024-11-26 00:00:00+00:00,83.0853269316,83.322403123,80.1120951454,80.576270572,1905466,,,,,,,79.53067853520307,82.14321829168078,81.46902915689373,80.24399145830601,76.8185018904489,73.29621630709798,67.65914129691014,62.61105147867347,61.439365495893185,60.00998517804109,59.139561587344375,58.5072927995462,58.241411398454076,57.11155467605355,56.34334821397994,55.54698585804153,55.07380793846874,54.591574870317125,,,76.8185018904489,67.65914129691014,61.439365495893185,54.591574870317125,,65.543150912853,"rgba(0, 255, 0, 1.0)",3.1849006211463777,72.72443862793565,3.253127659579854,52.156672693234825,-6.507282774657789,False,False,True,False,True,6.654406408944343,0.0,0.0,0.0,0.0,0,0.9584772002039353,0.8679902419125793,False,False,False,False,0.019139978703012452,0.005675246290322317,False,False,False,False,201765671,202279382.4616564,False,False,False,False,2386520.014769051,False,False,False,False
2024-11-27 00:00:00+00:00,82.5321491515,84.2410733649,82.3148293093,83.8657027284,1682864,,,,,,,79.81129110080809,82.16035830917714,81.4877455748762,80.268450808198,76.85684574029501,73.33946405339324,67.70828057350703,62.65859872190242,61.48611193626178,60.055369083320464,59.183244216137666,58.54956211774438,58.28186675699104,57.148835957210494,56.37797787159901,55.58007921960539,55.10645171341309,54.623784216931874,,,76.85684574029501,67.70828057350703,61.48611193626178,54.623784216931874,,65.5935732206318,"rgba(0, 255, 0, 1.0)",3.1428091643844365,72.77465486627825,3.104704668612255,52.605428305404104,-5.719549427578556,False,False,True,False,True,5.891882256024935,0.0,0.0,0.0,0.0,0,0.9761697130110182,0.8710992665878045,False,False,False,False,0.11263266868506921,0.059153957487695766,False,False,False,False,200082807,202193242.24747378,False,False,False,False,2358925.661248696,False,False,False,False
2024-11-29 00:00:00+00:00,83.7866773313,84.1836765131,83.3003533335,83.3698281903,889636,,,,,,,79.97178075637594,82.17651820990821,81.50204409985983,80.2845701871311,76.87929208652578,73.36387676897255,67.73535857871566,62.6845394610198,61.5115742782952,60.08004628328633,59.20697488583026,58.57251108351656,58.30382710523727,57.169054008061124,56.39674710624447,55.5980044921134,55.12412670547995,54.641217397590054,,,76.87929208652578,67.73535857871566,61.5115742782952,54.641217397590054,,65.62233686078686,"rgba(0, 255, 0, 1.0)",3.1119907871804804,72.80476899323196,3.5289013011564356,54.10208058543449,-3.880967584613714,False,False,True,False,True,7.353747494147829,0.0,0.0,0.0,0.0,0,0.9876241571402505,0.8498883991665361,False,False,False,False,0.14073989210786003,0.09994692479777789,False,False,False,False,200972443,202145367.7671807,False,False,False,False,2301306.4588467865,False,False,False,False
2024-12-02 00:00:00+00:00,82.2483055016,83.3896781494,81.8314563606,83.0423038653,1179561,,,,,,,80.10063236666778,82.18066707987288,81.51022831282059,80.29799868661027,76.9033875393218,73.39214465462025,67.76829221364127,62.71677361693009,61.543327072853124,60.11093968405572,59.23674828666644,58.601346911132126,58.33143925249095,57.19453835034507,56.42044276467879,55.62066844411338,55.14649264169186,54.66329523767882,,,76.9033875393218,67.76829221364127,61.543327072853124,54.66329523767882,,65.6521868397884,"rgba(0, 255, 0, 1.0)",3.073698994705746,72.83286207792077,3.0632288457317216,53.30361177734267,-3.880967584613714,False,False,True,False,True,5.230157162827645,0.0,0.0,0.0,0.0,0,0.9547694073445395,0.8640864136871157,False,False,False,False,0.07250808667320122,0.08622750573548955,False,False,False,False,199792882,202053113.4233697,False,False,False,False,2257316.4408527953,False,False,False,False
2024-12-03 00:00:00+00:00,85.3448991201,86.0892725861,83.1217037017,83.3698281903,1910952,,,,,,,80.46436654164398,82.23677291927996,81.55449035052501,80.34248497946659,76.95830862467812,73.44936479280342,67.82984664372125,62.7749845242151,61.600342900207565,60.16607203049743,59.2897050007699,58.65251999447585,58.38039968757327,57.23956091135724,56.46220988988965,55.660525059951404,55.185772672365864,54.70201824767406,,,76.95830862467812,67.82984664372125,61.600342900207565,54.70201824767406,,65.71943032061642,"rgba(0, 255, 0, 1.0)",3.097666180325799,72.907361032329,4.015131832721518,55.55387577502232,-1.740504129963874,False,False,True,False,True,8.739600563627981,0.0,0.0,0.0,0.0,0,0.9580231931807204,0.8376710895970166,False,False,False,False,0.19366832381772753,0.13994791477660853,False,False,False,False,201703834,202039416.19108072,False,False,False,False,2243733.5216036662,False,False,False,False
2024-12-04 00:00:00+00:00,84.8685001019,86.1885223815,84.7692503064,85.215874386,1179955,,,,,,,80.68152005976987,82.27567629030109,81.58467528246321,80.37206147533979,76.9936423568835,73.48571359917554,67.86857366591325,62.8114618712574,61.63604800700304,60.20057392267258,59.32283485069074,58.68452742499889,58.411023275612806,57.26771307734056,56.48832237364566,55.68543730567782,55.21032054289269,54.726214097388805,,,76.9936423568835,67.86857366591325,61.63604800700304,54.726214097388805,,65.76146330439039,"rgba(0, 255, 0, 1.0)",3.1190450323333874,72.9547223565437,3.819687635751603,56.485117195875034,-0.47868553225553967,True,False,True,False,True,8.083536814419837,0.0,0.0,0.0,0.0,0,0.9741253403709577,0.8392041358905635,False,False,False,False,0.2483203821704773,0.19413414847354293,False,False,False,False,200523879,201979983.36005795,False,False,False,False,2202016.716834895,False,False,False,False
2024-12-05 00:00:00+00:00,84.3722511245,85.0868496519,83.3499782312,84.5211258177,1201585,,,,,,,80.83919841949715,82.30133877327256,81.60667421098488,80.39571452836248,77.02498436010713,73.519361734018,67.90556590745028,62.846828920317044,61.67075491637881,60.23420566678463,59.3551812661264,58.71581279450867,58.44097184527273,57.29529589826152,56.51393762235078,55.70990238862314,55.234442430884876,54.75000428579231,,,77.02498436010713,67.90556590745028,61.67075491637881,54.75000428579231,,65.79778755383298,"rgba(0, 255, 0, 1.0)",3.138218925569438,72.99358068538619,3.6258370461038227,56.49254415909801,-0.04887103403667936,True,False,True,False,True,7.397367669020959,0.0,0.0,0.0,0.0,0,0.9502020342017742,0.8550966325974314,False,False,False,False,0.1698263727201575,0.1819802605968502,False,False,False,False,199322294,201875760.24789882,False,False,False,False,2162784.100488428,False,False,False,False
2024-12-06 00:00:00+00:00,82.9629040289,84.1539015745,82.6750796221,84.1142016563,1211409,,,,,,,80.94206582175259,82.31366879057201,81.62025158894431,80.41315628828774,77.05196167906648,73.54991926367842,67.9404102992033,62.88069889784273,61.7040855831445,60.266602567151836,59.38639435001466,58.746038262911505,58.46992217361914,57.322012546471086,56.538780497992924,55.73365804881069,55.25788006196117,54.77313439086083,,,77.05196167906648,67.9404102992033,61.7040855831445,54.77313439086083,,65.82836895068255,"rgba(0, 255, 0, 1.0)",3.1437826887798717,73.02390540122084,3.161477624758015,54.80811685649595,-0.04887103403667936,False,False,True,False,True,5.471395502292019,0.0,0.0,0.0,0.0,0,0.9459885293560643,0.8566469998005535,False,False,False,False,0.12088218639365268,0.15143122349525145,False,False,False,False,198110885,201728118.08131456,False,False,False,False,2125475.2730182935,False,False,False,False
2024-12-09 00:00:00+00:00,83.8958521063,86.5954465429,83.836302229,85.3151241814,1954991,,,,,,,81.18772447437787,82.36353411652007,81.66142831294142,80.45555404649673,77.10548662545547,73.60644404963297,68.00182589928286,62.939159230505474,61.76141551840711,60.32211797549989,59.43977364967082,58.79765819859757,58.519340796218266,57.36751859922757,56.58103773744271,55.77400969825876,55.29765899305455,54.81235973124973,,,77.10548662545547,68.00182589928286,61.76141551840711,54.81235973124973,,65.88855820293553,"rgba(0, 255, 0, 1.0)",3.1535975183733624,73.08975899472718,3.426592343701058,54.677512014733395,-0.04887103403667936,False,False,True,False,True,6.5521080155942215,0.0,0.0,0.0,0.0,0,0.9659232535982036,0.823960259859325,False,False,False,False,0.23172341469083382,0.19157731909304265,False,False,False,False,200065876,201662932.11734143,False,False,False,False,2118789.6152528706,False,False,False,False
2024-12-10 00:00:00+00:00,83.6775025563,84.8188752041,83.5286278631,84.7097004291,1466547,,,,,,,81.31708670859615,82.38814866659679,81.68417846822189,80.4812669764233,77.14118488799203,73.64558596959236,68.0455091353588,62.98127481039272,61.8028071601253,60.362296398187915,59.47846071094482,58.835106859083645,58.55521060481638,57.400603125615696,56.61179362079635,55.80340702696697,55.326653932236894,54.84096555110019,,,77.14118488799203,68.0455091353588,61.8028071601253,54.84096555110019,,65.92786336739158,"rgba(0, 255, 0, 1.0)",3.1643888332020995,73.13062667068978,3.33298985729818,54.308607856195366,-0.04887103403667936,False,False,True,False,True,6.250500981302935,0.0,0.0,0.0,0.0,0,0.9805778525840712,0.8204763275334397,False,False,False,False,0.16708813914238851,0.17933272911771558,False,False,False,False,198599329,201542790.81862217,False,False,False,False,2093211.4734782483,False,False,False,False
2024-12-11 00:00:00+00:00,86.6946963384,86.7343962566,83.7072774949,84.2333014109,1735005,,,,,,,81.5432824482677,82.44597415139769,81.72984778969577,80.5256746418377,77.19330470120632,73.6990655671835,68.10236513639313,63.03490258894119,61.855319306939755,60.41306629199064,59.52724066520717,58.88225613719858,58.60034826630953,57.442137504966105,56.650347854610565,55.84020283472923,55.36291419145274,54.87670813579324,,,77.19330470120632,68.10236513639313,61.855319306939755,54.87670813579324,,65.98471990078447,"rgba(0, 255, 0, 1.0)",3.22115997156688,74.46010081148458,3.7981955677178294,57.019461373275306,1.8160138642456474,True,False,True,False,True,9.657908917552042,0.0,0.0,0.0,0.0,0,0.9746313556199643,0.8095834994431524,False,True,False,False,0.23203537986364514,0.20568405449068036,False,False,False,False,200334334,201495400.3551468,False,True,False,False,2079164.160792827,False,True,False,False
2024-12-12 00:00:00+00:00,84.5707507155,86.069422627,84.2432263904,85.2456493246,1781509,,,,,,,81.71483516658706,82.4901134160585,81.76703356103455,80.56400488541506,77.24150592859723,73.75008539210167,68.15789202469503,63.08789023501796,61.90730967274803,60.46344460915202,59.57570856290426,58.929147039015255,58.64526040406171,57.48352895965227,56.68880906687117,55.876943315037536,55.399137323324915,54.91243098148402,,,77.24150592859723,68.15789202469503,61.90730967274803,54.91243098148402,,66.03639336354213,"rgba(0, 255, 0, 1.0)",3.2393160455174606,74.49489623328046,3.110488245246223,56.14435462394513,1.8160138642456474,True,False,True,False,True,6.747570052551133,0.0,0.0,0.0,0.0,1,0.9705118184441488,0.8169864785338843,False,False,False,False,0.22798326857534415,0.21683366153301226,False,False,False,False,198552825,201380005.24318027,False,False,False,False,2067491.4093891867,False,False,False,False
2024-12-13 00:00:00+00:00,83.091928763,84.1638265541,82.0994308084,83.8859271268,1907368,,,,,,,81.78641470568863,82.50170055998348,81.78348111472421,80.58742219852478,77.28029208214133,73.79530504191574,68.21046243920742,63.13958264688294,61.95828570010701,60.513113305260696,59.62364421844324,58.97562352659851,58.6898208968269,57.52474410430178,56.72719540283389,55.91369100683763,55.435410017263614,54.948243922228414,,,77.28029208214133,68.21046243920742,61.95828570010701,54.948243922228414,,66.07746849387611,"rgba(0, 255, 0, 1.0)",3.237493130806106,74.49217171563808,2.656301249115132,53.932103259593916,1.8160138642456474,False,False,True,False,False,4.798545032604842,0.0,0.0,0.0,0.0,1,0.9687481805687119,0.8229429764559477,False,False,False,False,0.1038089356237822,0.16032129857839722,False,False,False,False,196645457,201194336.6846242,False,False,False,False,2061212.0600013756,False,False,False,False
2024-12-16 00:00:00+00:00,82.020030972,83.2507284358,81.8513063197,83.1117787221,1487302,,,,,,,81.80888835570896,82.4998904552768,81.7890330188536,80.6001030435932,77.30637165627111,73.82747284505386,68.24916537512007,63.17821098530118,61.99647306587749,60.55042205506033,59.65970764142357,59.01062703251913,58.72339988585278,57.55585840760112,56.75620842859992,55.941494743665295,55.46286967833934,54.97537036770606,,,77.30637165627111,68.24916537512007,61.99647306587749,54.97537036770606,,66.10508705787909,"rgba(0, 255, 0, 1.0)",3.236009699483043,74.49032799017658,2.3268480879480364,51.35424149542477,6.248417132661167,False,False,False,False,False,3.4157516791920592,0.0,0.0,0.0,0.0,1,0.9719371934842753,0.8236592849781638,False,False,False,False,0.06894100166976101,0.11463115012407912,False,False,False,False,195158155,200957623.67738405,False,False,False,False,2038705.7831385767,False,False,False,False
2024-12-17 00:00:00+00:00,81.1168578333,81.5237819947,80.4544646984,80.7397086105,1416699,,,,,,,81.78157027448962,82.48032813781484,81.78231123309814,80.60300140773789,77.32445150899103,73.85311275922756,68.28235008445718,63.21229871425034,62.03032769673628,60.583662939365254,59.691929199826305,59.041961616404855,58.753486111071304,57.58382427322633,56.782338352968566,55.966582169419944,55.48767174076475,54.999895798983616,,,77.32445150899103,68.28235008445718,62.03032769673628,54.999895798983616,,66.12450577882409,"rgba(0, 255, 0, 1.0)",3.233764205653475,74.47447921040394,2.05407017966351,48.737310948913574,3.718921938281916,False,True,False,False,False,2.2645950877823005,0.0,0.0,0.0,0.0,1,0.9728021991879867,0.8247400092181576,False,False,False,False,-0.02426495108907671,0.045183099517501206,False,False,False,False,193741456,200674636.70964348,False,False,False,False,2014313.3602703973,False,False,False,False
2024-12-18 00:00:00+00:00,77.1766409533,80.948133181,76.7597918124,80.4816591423,2688908,,,,,,,81.5635026600041,82.37709127183957,81.7245348256232,80.5739522060873,77.33330875748716,73.88291555509284,68.33144396999032,63.266758667706256,62.08504645574913,60.63805379321415,59.745010327565524,59.09381874394602,58.80337964552837,57.630546797830156,56.826198826453776,56.0088764780024,55.529584676654146,55.041437907092345,,,77.33330875748716,68.33144396999032,62.08504645574913,55.041437907092345,,66.13641453143704,"rgba(38, 166, 154, 0.5)",3.2483757835537865,74.3912492396199,0.8574721335450992,43.820989304744934,-0.865365324041278,False,True,False,True,False,0.0,0.0,0.0,0.0,0.0,0,0.9374677070890498,0.8352692740499705,False,False,False,False,-0.15269607082634132,-0.05375648565442005,False,False,False,False,191052548,200297299.89750063,False,False,False,False,2040768.0520244993,False,False,False,False
2024-12-19 00:00:00+00:00,76.7796417715,78.2485387444,76.4421924669,77.424765442,2676462,,,,,,,81.30524895565168,82.25199707072028,81.6504335860444,80.53167417144344,77.33171950799083,73.90463556688118,68.37430742103977,63.31650174023152,62.13534918432939,60.68839394768447,59.79432265323617,59.14211617258105,58.849904915058396,57.67429440755428,56.86737412849473,56.04867449326574,55.56907296417331,55.08062430775084,,,77.33171950799083,68.37430742103977,62.13534918432939,55.08062430775084,,66.13981362189618,"rgba(38, 166, 154, 0.5)",3.259113055205284,74.30945392920974,0.7579325419058427,40.27530340443743,-4.032599227797533,False,True,False,True,False,0.0,0.0,0.0,0.0,0.0,0,0.9421952461576875,0.856269506732869,False,False,False,False,-0.24629826168794738,-0.1500273736711837,False,False,False,False,188376086,199829801.31328493,False,False,False,False,2065697.226454911,False,False,False,False
2024-12-20 00:00:00+00:00,77.5736401352,78.6554629058,76.7101669147,76.8788915669,3180619,,,,,,,81.06702522316166,82.12447614039377,81.57470207900272,80.48986759436129,77.33505096553311,73.93390518496166,68.42751645054214,63.377228399275104,62.196626728548544,60.74958581337107,59.8542041963346,59.200727344912956,58.90635878892662,57.727328577656124,56.91726476053626,56.096867360002584,55.61687254468011,55.12804078187059,,,77.33505096553311,68.42751645054214,62.196626728548544,55.12804078187059,,66.15131382967061,"rgba(38, 166, 154, 1.0)",3.262025373120459,74.24912012182494,1.0191582324189001,39.01378350947119,-5.084292394127246,False,True,False,True,False,0.0,0.0,0.0,0.0,0.0,0,0.9330492317736108,0.8638659101445716,False,False,False,False,-0.22504697450238523,-0.18753717408678447,False,False,False,False,191556705,199505366.16374433,False,False,False,False,2109419.6489468752,False,False,False,False
2024-12-23 00:00:00+00:00,78.2485387444,78.387488458,76.5761796908,76.9979913215,1878969,,,,,,,80.94369912188998,82.05387132431376,81.53229977741502,80.46650671687918,77.33755153072048,73.95140069733952,68.45897139987318,63.413088982837024,62.23281165954261,60.785721726851214,59.889571102641995,59.235348017151125,58.93971132066823,57.75866917921844,56.94675439058725,56.12535642011474,55.64512950870465,55.15607161705071,,,77.33755153072048,68.45897139987318,62.23281165954261,55.15607161705071,,66.1595852496555,"rgba(38, 166, 154, 1.0)",3.21861537147084,74.22178016052071,1.2510841213186465,39.10906030590299,-5.084292394127246,False,True,False,True,False,0.0,0.0,0.0,0.0,0.0,0,0.921231067792807,0.8752504568240264,False,False,False,False,-0.2376787357916581,-0.2126079549392213,False,False,False,False,193435674,199267339.02006808,False,False,False,False,2100382.3685960174,False,False,False,False
2024-12-24 00:00:00+00:00,78.1393639693,78.3974134376,77.5643106544,78.3974134376,612401,,,,,,,80.9089888270114,82.03289407353545,81.51974487195649,80.45979564012818,77.33895877533537,73.95751171675374,68.46950336048236,63.42497909642174,62.24479349303152,60.797671367897316,59.90125867590078,59.246784048536455,58.95072713576903,57.76901380330517,56.95648444259297,56.134752562041015,55.654446844834986,55.16531220252512,,,77.33895877533537,68.46950336048236,62.24479349303152,55.16531220252512,,66.16297894100329,"rgba(38, 166, 154, 1.0)",3.195224719650658,74.21503349006134,1.2281860662581878,39.07028806214929,-5.205648485443469,False,True,False,True,False,0.0,0.0,0.0,0.0,0.0,0,0.9330795467967522,0.8734023171473007,False,False,False,False,-0.20644251379402295,-0.20952523436662213,False,False,False,False,192823273,199014630.54869288,False,False,False,False,2042030.1580628403,False,False,False,False
2024-12-26 00:00:00+00:00,78.4172633966,79.0524620876,78.0004142557,78.3378635603,691148,,,,,,,80.87685827602006,82.012152525877,81.50752412084566,80.45368228010467,77.34157891319705,73.96515627622414,68.4819276212302,63.438793381844526,62.25868444523488,60.811494250715256,59.914762567593044,59.259987012786375,58.963441129210075,57.78093856841791,56.96769240083167,56.145568034410694,55.665167198951806,55.17593998128913,,,77.34157891319705,68.4819276212302,62.25868444523488,55.17593998128913,,66.16785272137689,"rgba(38, 166, 154, 1.0)",3.1883026182951966,74.2100884808631,1.3195657437268298,39.479542708073424,-5.205648485443469,False,True,False,True,False,0.0,0.0,0.0,0.0,0.0,0,0.9291444840859637,0.8822284594873588,False,False,False,False,-0.17273926937471654,-0.19113225187066935,False,False,False,False,193514421,198798936.0565873,False,False,False,False,1989054.3871584153,False,False,False,False
2024-12-27 00:00:00+00:00,78.059964133,78.1790638875,77.0674661783,77.2361908306,1089704,,,,,,,80.81310336969739,81.97334269822731,81.48389744917804,80.44060833201888,77.34310676755872,73.97524413232857,68.50004684417658,63.459481202630585,62.27956652888527,60.83235706936183,59.93518866625681,59.27998747296848,58.98271402932986,57.7990581872644,56.9847484713215,56.162049380761594,55.681515669829025,55.19215894940795,,,77.34310676755872,68.50004684417658,62.27956652888527,55.19215894940795,,66.17323195673349,"rgba(38, 166, 154, 1.0)",3.1894605030487666,74.197320937027,1.2110647528886904,39.357844840111326,-5.469061966702064,False,True,False,True,False,0.0,0.0,0.0,0.0,0.0,0,0.8985688229792247,0.9033018791066808,False,False,False,False,-0.2287821888786056,-0.2099572203746375,False,False,False,False,192424717,198548966.6818192,False,False,False,False,1953785.7445247518,False,False,False,False
2024-12-30 00:00:00+00:00,77.2659657693,77.9607143375,76.3330176919,76.9483664238,1141339,,,,,,77.18656593289998,80.73682610013127,81.92792296421665,81.4556406708866,80.42409607198864,77.34252264022456,73.98413984383721,68.51776154974041,63.480206255135705,62.30055797110613,60.8534041422195,59.95583571655314,59.30023109189197,59.00223350710869,57.8174488754902,57.00208314234559,56.17882030552714,55.69816217737071,55.208684021128626,,77.18656593289998,77.34252264022456,68.51776154974041,62.30055797110613,55.208684021128626,,66.7564812094633,"rgba(38, 166, 154, 0.5)",3.22862597206106,74.97926927869659,0.7082568592309391,38.40332769988313,-6.702805453270784,False,True,False,True,False,0.0,1.0,77.96072,76.333015,0.0,0,0.8924744762828943,0.8976505254949606,True,False,False,False,-0.2589004784241021,-0.23442884939936978,False,False,False,False,191283378,198264041.63547337,False,False,False,False,1921925.0878767222,False,False,False,False
2024-12-31 00:00:00+00:00,77.6232650329,77.8912394807,76.5563297317,77.0476162192,1089430,,,,,,77.2697730211312,80.670305468279,81.88689504216659,81.4300761955409,80.40931163745603,77.34257382599007,73.99303443404285,68.53493432156966,63.50017560746397,62.32076833481189,60.87365254610494,59.97569209257066,59.31969502190779,59.02100042074071,57.83512475263892,57.01874112576364,56.19493316476642,55.714153361212134,55.224556474120185,,77.2697730211312,77.34257382599007,68.53493432156966,62.32076833481189,55.224556474120185,,66.76502088675144,"rgba(38, 166, 154, 0.5)",3.2608358772677093,74.96848282176953,0.8141416222870249,38.44637366871393,-6.986020251075168,False,True,False,True,False,0.0,0.0,0.0,0.0,0.0,0,0.8902800796987647,0.9278194446570815,False,False,False,False,-0.25400777458542473,-0.24421831199239724,False,False,False,False,192372808,198033012.8654548,False,False,False,False,1889278.2216854782,False,False,False,False
2025-01-02 00:00:00+00:00,81.3749073015,81.5337069742,78.7944126194,78.804337599,1665728,,,,,,78.6796056784379,80.6673072928693,81.86903541018303,81.42192947383519,80.41047025914764,77.35998059957231,74.01943808025021,68.57057200210669,63.53764673107145,62.35814124895753,60.91052813129059,60.01155693545011,59.35465724561685,59.054632359630475,57.86652407414425,57.048170918196035,56.22325291074268,55.7421785974783,55.25229565472857,,78.6796056784379,77.35998059957231,68.57057200210669,62.35814124895753,55.25229565472857,,66.86094334756365,"rgba(0, 255, 255, 0.75)",3.2609101746509586,75.05250966589135,1.9388444627381953,44.01616608495803,-10.662141439770693,False,True,False,True,True,2.892937996712469,0.0,0.0,0.0,0.0,0,0.8686250034730827,0.9137008046269836,False,False,False,False,-0.07356815351418432,-0.1588932327532908,False,False,False,False,194038536,197876366.71386835,False,False,False,False,1880511.5463252636,False,False,False,False
2025-01-03 00:00:00+00:00,80.4717341628,81.3649823219,80.3327844491,81.2359575878,1133159,,,,,,79.14001089871041,80.66839577780782,81.8585786870807,81.41746769305725,80.41201885878982,77.37228387921594,74.03770268121077,68.59500779891552,63.563275521319305,62.38369421454436,60.93573278460871,60.03606771449202,59.378549466942985,59.07761643529497,57.887980798159184,57.06828144995779,56.24260345261564,55.761326654125156,55.27124703637543,,79.14001089871041,77.37228387921594,68.59500779891552,62.38369421454436,55.27124703637543,,66.90041272648546,"rgba(0, 255, 255, 0.75)",3.2632024244115896,75.08568391597366,1.6505412617170199,46.50066775251658,-8.331604594181385,False,True,False,True,True,1.7286371170674677,0.0,0.0,0.0,0.0,0,0.8779149943953555,0.9213163280082667,False,False,False,False,-0.03263036321649774,-0.09576179798489426,False,False,False,False,192905377,197681425.94077545,False,False,False,False,1851203.603332116,False,False,False,False
2025-01-06 00:00:00+00:00,79.0623870672,81.1317453026,78.8738124558,80.8985082833,1299982,,,,,,79.2528270453258,80.64698722328923,81.83610384335412,81.40490052234556,80.40793601966111,77.38196731500324,74.05531259603599,68.62054089560228,63.590817633870586,62.411273991805395,60.96306254123715,60.06271388702201,59.404568931483944,59.102667697339946,57.91143458997458,57.090304098904845,56.26382923272847,55.78234923497058,55.292072002951016,,79.2528270453258,77.38196731500324,68.62054089560228,62.411273991805395,55.292072002951016,,66.92008785804768,"rgba(38, 166, 154, 1.0)",3.2727352404818078,75.09439501905537,1.2124390629168265,46.391450055168995,-8.331604594181385,False,True,False,True,True,0.0,0.0,0.0,0.0,0.0,0,0.8685294840879442,0.9272162676613923,False,False,False,False,-0.08324012251923724,-0.08950096025206575,False,False,False,False,191605395,197443150.2176078,False,False,False,False,1829587.0698681115,False,False,False,False
2025-01-07 00:00:00+00:00,80.5412090196,82.3078553789,79.9754851854,80.4320342446,1611553,,,,,,79.59552282002991,80.6547602295047,81.82475969588721,81.40076046768154,80.41164691009726,77.40031391746318,74.08180965722164,68.65559334365747,63.627476177802315,62.44781114967035,60.9990902611614,60.0977474272226,59.43871764211333,59.135522508188934,57.942107425575706,57.11905496963746,56.29149268130694,55.80972149184655,55.319161398594304,,79.59552282002991,77.40031391746318,68.65559334365747,62.44781114967035,55.319161398594304,,66.96068790392962,"rgba(0, 255, 255, 0.75)",3.2737557919648936,75.1278095001372,1.6535746291001447,48.22355224956904,-6.596818330299158,False,False,False,False,True,1.7677362522336715,0.0,0.0,0.0,0.0,0,0.8764808041477129,0.912159149092851,False,False,False,False,-0.015169234403687051,-0.0523350973278764,False,False,False,False,193216948,197277416.79730946,False,False,False,False,1821036.714187009,False,False,False,False
2025-01-08 00:00:00+00:00,82.7346294994,82.9728290085,80.7397086105,81.2955074651,1687118,,,,,,80.04296497168261,80.69493575824269,81.82900847417385,81.40769465672373,80.42420519993499,77.4257999934402,74.11417632990356,68.69566210987212,63.668353043068215,62.488394942621554,61.038943746019186,60.136415403166765,59.476352850182636,59.17171095431289,57.97581241791463,57.15060171487189,56.321802333409394,55.839687275028865,55.348793418876205,,80.04296497168261,77.4257999934402,68.69566210987212,62.488394942621554,55.348793418876205,,67.01322713649716,"rgba(0, 255, 0, 1.0)",3.276022411465714,75.17888831323958,2.306376525299755,51.81278396221332,-3.177169612700517,False,False,True,False,True,4.364138217834068,0.0,0.0,0.0,0.0,0,0.8826817834979782,0.8961004602516484,False,False,False,False,0.02743038519390694,-0.012452356066984728,False,False,False,False,194904066,197184344.2170228,False,False,False,False,1815784.9999051658,False,False,False,False
2025-01-10 00:00:00+00:00,83.6675775767,85.3448991201,83.1316286812,84.3921010836,2240306,,,,,,80.79895736819545,80.81052004629308,81.8669536213231,81.43978933991376,80.45865681636405,77.47266048106981,74.16681985911937,68.75596121118473,63.727903891631314,62.54720830593778,61.0963729328589,60.19196461123353,59.53030550959487,59.22354663757524,58.0239286820332,57.19554245142195,56.36489175303903,55.88223778534303,55.39082136304905,,80.79895736819545,77.47266048106981,68.75596121118473,62.54720830593778,55.39082136304905,,67.10237066669374,"rgba(0, 255, 0, 1.0)",3.2852173395661546,75.27778606500225,2.5538010562204407,55.08886819659193,-0.15324854510976138,True,False,True,False,True,5.434602656233526,0.0,0.0,0.0,0.0,0,0.9023711589693817,0.8753135758268138,False,False,False,False,0.17104417320443216,0.07929590856872372,False,False,False,False,197144372,197182776.67910036,False,False,False,False,1832432.882261826,False,False,False,False
2025-01-13 00:00:00+00:00,81.7421315447,82.5758298266,80.838958406,82.3773302357,1319615,,,,,,80.89101420750414,80.82859865660157,81.86547796507976,81.44177408617443,80.4656751833032,77.4902862329159,74.19032074148096,68.78588231140161,63.758816849743724,62.57796496936531,61.126647538778144,60.22138162520991,59.558966273395484,59.25112344799304,58.04965866072234,57.21965389791897,56.388080121016756,55.905173852678416,55.41351235813624,,80.89101420750414,77.4902862329159,68.78588231140161,62.57796496936531,55.41351235813624,,67.12789520944315,"rgba(0, 255, 255, 0.75)",3.2811533412106777,75.29971474593589,1.9634610543337165,54.64444912524145,-0.15324854510976138,True,False,True,False,True,2.9469267850625265,0.0,0.0,0.0,0.0,0,0.8789070115772512,0.9056210970488975,False,False,False,False,0.01855239019702626,0.04892414938287499,False,False,False,False,195824757,197129521.00541013,False,False,False,False,1812322.3770750877,False,False,False,False
2025-01-14 00:00:00+00:00,83.3102783131,83.4293780676,81.3451323629,81.9207811766,1255620,,,,,,81.04783058412949,80.86328156269077,81.87327414454678,81.45019390432032,80.47742502378263,77.51076131921478,74.21542773358973,68.81636317188742,63.78972520854734,62.60862609718476,61.1567329112814,60.250564844625394,59.587366490600644,59.27843727917152,58.07509636909429,57.24346424961727,56.41095318533328,55.927783530087844,55.43586634931124,,81.04783058412949,77.51076131921478,68.81636317188742,62.60862609718476,55.43586634931124,,67.15890389257984,"rgba(0, 255, 0, 1.0)",3.281833132639041,75.33054297144515,2.431487226542213,55.93313624604244,0.6183534666339412,True,False,True,False,True,4.752483478310932,0.0,0.0,0.0,0.0,0,0.8830157226027813,0.8985944931357807,False,False,False,False,0.11441426658278467,0.08166920798282983,False,False,False,False,197080377,197127593.78951168,False,False,False,False,1790490.9113074373,False,False,False,False
2025-01-15 00:00:00+00:00,83.7072774949,84.505940599,82.3674052561,84.362326145,1204767,,,,,,81.23868899935897,80.90994362286065,81.88805389196186,81.46349604292166,80.49276934910044,77.53338479685955,74.24172883284045,68.8472298731782,63.82058796739208,62.639172577222,61.18663300434421,60.27953025884843,59.6155297498753,59.30551411230693,58.10027762940785,57.26701388417236,56.43355600144069,55.95011481355989,55.45793414746954,,81.23868899935897,77.53338479685955,68.8472298731782,62.639172577222,55.45793414746954,,67.19321892395372,"rgba(0, 255, 0, 1.0)",3.2867245842550123,75.36716890168078,2.537513679476624,57.17723726520488,1.9021538122656665,True,False,True,False,True,5.204302076046542,0.0,0.0,0.0,0.0,0,0.908270405531008,0.8824253264526682,False,False,False,False,0.18744724116207348,0.13455822457245165,False,False,False,False,198285144,197172987.9154132,False,False,False,False,1767521.3461581261,False,False,False,False
2025-01-16 00:00:00+00:00,83.5484778222,85.1563245087,83.4591530063,84.5707507155,1349910,,,,,,81.46231404145557,80.97048272689338,81.90953659066638,81.48196069661094,80.51273879439023,77.56074699844066,74.27268766390976,68.8828996131162,63.85597750900359,62.6741554436458,61.22082970227639,60.31263460271687,59.647702112149,59.33644076392386,58.129017874683754,57.2938798740496,56.45932962063041,55.97557159745009,55.48308354050421,,81.46231404145557,77.56074699844066,68.8828996131162,62.6741554436458,55.48308354050421,,67.23378893507982,"rgba(0, 255, 0, 1.0)",3.2935115153267542,75.41185318712026,2.4705013470318757,57.76598875312657,2.6159417488236443,True,False,True,False,True,4.9942987952070155,0.0,0.0,0.0,0.0,0,0.9154492712161547,0.8746581288857986,False,False,False,False,0.25503561905954797,0.1947969218159998,False,False,False,False,196935234,197163664.23245585,False,False,False,False,1751144.4306225134,False,False,False,False
2025-01-17 00:00:00+00:00,84.3921010836,84.7692503064,82.238380522,82.9728290085,1220275,,,,,,81.61888364938231,81.01887927953152,81.92632988261754,81.4967966677379,80.52931428031495,77.58432213469155,74.29978138023313,68.91446122670789,63.887460025029476,62.705305002820026,61.2513106252982,60.34216039067693,59.676409296111096,59.364043585846694,58.15468866686903,57.3178887852881,56.48237208727933,55.99833564062028,55.50557738480445,,81.61888364938231,77.58432213469155,68.91446122670789,62.705305002820026,55.50557738480445,,67.26706947325582,"rgba(0, 255, 0, 1.0)",3.300526424762176,75.44765062554977,2.7100072251943055,59.06227191053835,4.034089038123611,True,False,True,False,True,5.97404526083654,0.0,0.0,0.0,0.0,0,0.909945363579229,0.873198317529065,False,False,False,False,0.19699776159902418,0.195897341707512,False,False,False,False,198155509,197202560.1056929,False,False,False,False,1730326.0215784933,False,False,False,False
2025-01-21 00:00:00+00:00,87.9353187817,88.2628431067,85.5930236087,85.6227985474,2500856,,,,,,82.30021459178101,81.23037686010115,82.0217660455124,81.57146354785625,80.59819689507934,77.65870233762536,74.37489983955048,68.993683622814,63.96284105333947,62.77929290795842,61.32307909231606,60.411340736144545,59.74344676217662,59.42841048472674,58.214223071255006,57.3733755985102,56.53544714442582,56.05067059305478,55.557195106156,,82.30021459178101,77.65870233762536,68.993683622814,62.77929290795842,55.557195106156,,67.37519085738863,"rgba(0, 255, 0, 1.0)",3.377489043505964,75.58194992376988,3.657560009463968,62.91452448514701,7.78962018067098,True,False,True,False,True,9.879921053518743,0.0,0.0,0.0,0.0,0,0.9306000752074032,0.8503695325696401,False,False,False,False,0.3428282477238079,0.26936279471565994,False,False,False,False,200656365,197338003.43488142,False,False,False,False,1760542.883477376,False,False,False,False
2025-01-22 00:00:00+00:00,88.5605924931,89.811139916,87.4589197635,88.6896172272,2239538,,,,,,82.91571920477611,81.44760915716606,82.12559953963297,81.65213915548873,80.67091820904938,77.73354931415496,74.44838482740063,69.06923552081385,64.03381108511267,62.84879531254825,61.39033167936541,60.47608267281102,59.8061271972801,59.488576172344295,58.269791939193496,57.4251208057531,56.58489710491604,56.09940386053706,55.60523398763324,,82.91571920477611,77.73354931415496,69.06923552081385,62.84879531254825,55.60523398763324,,67.47849088136722,"rgba(0, 255, 0, 1.0)",3.4646501540610495,75.71391234519868,3.7079299717586887,65.90783702278418,10.608680798586818,True,False,True,False,True,10.536768231332054,0.0,0.0,0.0,0.0,0,0.9740915547715718,0.8257027926129796,False,False,False,False,0.3428282486179493,0.30609552166680465,False,False,False,False,202895903,197555960.28057235,False,False,False,False,1779327.0056939495,False,False,False,False
2025-01-23 00:00:00+00:00,88.0345685772,88.5010426159,86.4177894091,88.2330681681,1778238,,,,,,83.25612208189298,81.58929078375738,82.19388982466774,81.7062422165964,80.72086426799781,77.78707805334663,74.5022801160095,69.12588794961849,64.08768451341554,62.901671130795485,61.441622703349836,60.52553249103253,59.85405245376223,59.53460499373479,58.31238004296127,57.46482573802121,56.6228802719348,56.136856805713805,55.64217295349832,,83.25612208189298,77.78707805334663,69.12588794961849,62.901671130795485,55.64217295349832,,67.5476810206372,"rgba(0, 255, 0, 1.0)",3.5200059210240005,75.80010427587796,3.4756942391059775,66.97785293281467,11.615719222535994,True,False,True,False,True,9.802478910841767,0.0,0.0,0.0,0.0,0,0.9461349663197055,0.8572763312238249,False,False,False,False,0.2760728963055708,0.2910842089861877,False,False,False,False,201117665,197695634.9754519,False,False,False,False,1779284.2995883045,False,False,False,False
2025-01-24 00:00:00+00:00,89.2652660409,89.5133905296,88.5506675136,89.3248159182,1857820,,,,,,83.66503086302835,81.76455512739196,82.28205039552422,81.77534940420301,80.78311108840967,77.85056766477356,74.56431381502047,69.18933932417168,64.14717499899835,62.959914647789695,61.497965965777325,60.5797712701035,59.90656480470321,59.585019766481615,58.35894800411685,57.50819540953911,56.66432507441267,56.17769774026128,55.68242870232641,,83.66503086302835,77.85056766477356,69.18933932417168,62.959914647789695,55.68242870232641,,67.6285433719491,"rgba(0, 255, 0, 1.0)",3.5852217193327465,75.90387788984626,3.7267954946843465,68.62184588942435,13.227926559379476,True,False,True,False,True,11.111825417243761,0.0,0.0,0.0,0.0,0,0.9668835163285304,0.8391064478445037,False,False,False,False,0.3428282487926744,0.31695622888943104,False,False,False,False,202975485,197902687.91759104,False,False,False,False,1782364.1309769985,False,False,False,False
2025-01-27 00:00:00+00:00,88.7987920023,88.8186419613,86.7939461339,87.4192198453,2067885,,,,,,83.98766753928744,81.92568025646787,82.36396532935626,81.84076728829646,80.84335133596086,77.91437102148666,74.62816905388485,69.25606764167996,64.21049315753415,63.02204008023652,61.55821108176907,60.63785135204375,59.96285413717921,59.63909124439303,58.40898184041712,57.55484784560042,56.708952699412855,56.22169865577158,55.72582199246899,,83.98766753928744,77.91437102148666,69.25606764167996,63.02204008023652,55.72582199246899,,67.70583597648668,"rgba(0, 255, 0, 1.0)",3.6207186222027428,76.00035815588934,3.5347772588372126,68.84714463923035,13.562208158809696,True,False,True,False,True,10.448118852284495,0.0,0.0,0.0,0.0,0,0.9865026899678276,0.8255032588933516,False,False,False,False,0.2753389445959184,0.2961475867426747,False,False,False,False,200907600,198020527.60709727,False,False,False,False,1793561.0278014299,False,False,False,False
2025-01-28 00:00:00+00:00,89.2950409796,89.3049659591,88.1884057601,89.0171415523,1501755,,,,,,84.23369452368084,82.05196538407851,82.43000138732988,81.89331168295504,80.89117018877701,77.96376598436784,74.67686509430499,69.30625502549647,64.25778328270044,63.06838277512117,61.603091418356904,60.6810883937409,60.00473818379236,59.6793194722213,58.4461781840838,57.58951463103767,56.742098354062364,56.2543688982279,55.75803134767167,,84.23369452368084,77.96376598436784,69.30625502549647,63.06838277512117,55.75803134767167,,67.76482232694775,"rgba(0, 255, 0, 1.0)",3.660661885308106,76.07506952300889,3.6113609698969587,69.41463051181827,14.304889867599343,True,False,True,False,True,10.983730179677163,0.0,0.0,0.0,0.0,0,1.0190041878322391,0.7885685882547957,False,False,False,False,0.3268554293960695,0.3115015080693721,False,False,False,False,202409355,198192638.48525032,False,False,False,False,1782117.654162158,False,False,False,False
2025-01-29 00:00:00+00:00,89.4339906932,90.6136737621,88.4911176363,89.3049659591,1389933,,,,,,84.4662351723511,82.17443287041284,82.4953289205134,81.94522970367876,80.93810326208785,78.01150139818189,74.72347357971594,69.35385212065155,64.30242247008005,63.112091626349844,61.64538308473562,60.72181248709012,60.044175502679636,59.71719465604241,58.48118154548504,57.62212796825221,56.77327023341243,56.28508727648363,55.78831010357808,,84.4662351723511,78.01150139818189,69.35385212065155,63.112091626349844,55.78831010357808,,67.82111652535698,"rgba(0, 255, 0, 1.0)",3.696313084374188,76.14701164244818,3.5946573646375533,69.91470920421875,15.026896350890397,True,False,True,False,True,11.13513329654014,0.0,0.0,0.0,0.0,0,1.0206023030994729,0.781188777140735,False,False,False,False,0.3428282490024469,0.3271648785359095,False,False,False,False,203799288,198412507.0936719,False,False,False,False,1766737.8638028577,False,False,False,False
2025-01-30 00:00:00+00:00,93.7513567959,94.0590311619,90.5654383615,91.2601869298,2724919,,,,,,85.12805095748301,82.50545187330131,82.67820419139176,82.08821124423788,81.06327081245588,78.13030576829765,74.83407503118138,69.46158956805715,64.4008029594919,63.20795434585318,61.737635782989784,60.81037268603186,60.12975501674146,59.799310254779805,58.55680312897449,57.692426585237584,56.84031329843188,56.3510719894073,55.85326954292149,,85.12805095748301,78.13030576829765,69.46158956805715,63.20795434585318,55.85326954292149,,67.96151973880352,"rgba(0, 255, 0, 1.0)",3.881135243457535,76.3353609823805,4.487345768967418,73.13437434033037,18.26814515970362,True,False,True,False,True,15.590042325984601,0.0,0.0,0.0,0.0,0,1.035772324871258,0.7445759671979904,False,False,False,False,0.34282824976428133,0.3349965641500954,False,False,False,False,206524207,198730612.97235143,False,False,False,False,1804313.5946341183,False,False,False,False
2025-01-31 00:00:00+00:00,92.2427599049,94.6664399101,92.2328349253,94.2873056915,1850247,,,,,,85.53360458945065,82.72399001615472,82.80176289148015,82.18543317198575,81.14858291073799,78.21127870804574,74.90946302114163,69.53497620054537,64.46781533903838,63.27325276634029,61.80047801365282,60.87070565001035,60.18806223464275,59.85526535803235,58.60834285338549,57.740346233407415,56.88601650311986,56.396053527925204,55.89755186893313,,85.53360458945065,78.21127870804574,69.53497620054537,63.27325276634029,55.89755186893313,,68.05436746621211,"rgba(0, 255, 0, 1.0)",3.997125702341051,76.45973557853206,3.9485934398120324,72.55729164987837,18.26814515970362,True,False,True,False,True,13.391595042478368,0.0,0.0,0.0,0.0,0,1.0397774994502702,0.7390560303080397,False,False,False,False,0.3428282498722546,0.338912407011175,False,False,False,False,204673960,198963685.40480825,False,False,False,False,1806114.9046484667,False,False,False,False
2025-02-03 00:00:00+00:00,94.1483559778,96.004327153,92.064110273,92.1732850481,2586419,,,,,,86.10402294702587,83.0435859843461,82.98642103964734,82.33103630001408,81.27592183346643,78.33072526777464,75.01970241057418,69.64123821723118,64.56430730461815,63.36718014343066,61.890769737485854,60.957340644070484,60.2717547676197,59.93557437420249,58.6822679275718,57.80905295381961,56.95151625081705,56.46050090089808,55.960979635855786,,86.10402294702587,78.33072526777464,69.64123821723118,63.36718014343066,55.960979635855786,,68.18862624423525,"rgba(0, 255, 0, 1.0)",4.169085305987135,76.64094018244091,4.1993421842956895,73.36274236391863,18.73468444023237,True,False,True,False,True,15.260256016765023,0.0,0.0,0.0,0.0,0,1.03489152644974,0.759156805459184,False,False,False,False,0.3428282500295221,0.34087032852034854,False,False,False,False,207260379,199289045.93795303,False,False,False,False,1836715.0652504878,False,False,False,False
2025-02-04 00:00:00+00:00,94.8728794847,96.2822265803,93.9498563869,94.8331795665,2619890,,,,,,86.67006643782206,83.3761765280693,83.18311738462283,82.48673041196669,81.4118892936592,78.4571856787864,75.13566031735148,69.75214587863651,64.66457684133054,63.46470561271258,61.9844369961774,61.047174959949686,60.35851257435804,60.018822629531805,58.758864625903016,57.88022501691107,57.01934343594934,56.5272231197397,56.02663125942126,,86.67006643782206,78.4571856787864,69.75214587863651,63.46470561271258,56.02663125942126,,68.32755205278416,"rgba(0, 255, 0, 1.0)",4.373326533321826,76.82936999839173,4.125808889143945,74.3137065461873,19.82947251265834,True,False,True,False,True,15.955070266271814,0.0,0.0,0.0,0.0,0,1.0381933136181918,0.7778835701868091,False,False,False,False,0.3428282502935708,0.3418492894069597,False,False,False,False,209880269,199704388.01881763,False,False,False,False,1867427.8077896845,False,False,False,False
2025-02-05 00:00:00+00:00,97.8602983282,98.9520460783,96.1829767848,96.4211762939,4235693,,,,,,87.69200143570902,83.9894167449068,83.55552326848571,82.78163334727795,81.66747882438474,78.68944103398725,75.34472545582229,69.94786182099537,64.83921726836182,63.63414551525424,62.14672061471462,61.20257848563487,60.508435012371564,60.16262851980915,58.89095066577579,58.002822932192856,57.1360446147263,56.641943582879634,56.13943295313959,,87.69200143570902,78.68944103398725,69.94786182099537,63.63414551525424,56.13943295313959,,68.57752642612789,"rgba(0, 255, 0, 1.0)",4.673557618139502,77.17433859070826,4.426169831993346,76.40434644468796,21.970332177602316,True,False,True,False,True,18.70965919295698,0.0,0.0,0.0,0.0,0,1.0349608986149146,0.7527289611785997,False,False,False,False,0.3428282507883899,0.34233877009767477,False,False,False,False,214115962,200269547.7827856,False,False,False,False,1960300.9525822462,False,False,False,False
2025-02-06 00:00:00+00:00,98.2175975919,98.5054219987,96.420680045,97.6617987373,2102101,,,,,,88.13392788858242,84.27565269408407,83.73394343167448,82.92424678104997,81.79174497298075,78.80292738790635,75.44727355638744,70.04414825870437,64.92533334408363,63.71773507444868,62.226823684981056,61.279317796515556,60.582490860497415,60.23368332870171,58.95625343545579,58.063461566077,57.19378329999514,56.698708479094336,56.19525426670675,,88.13392788858242,78.80292738790635,70.04414825870437,63.71773507444868,56.19525426670675,,68.69614263725933,"rgba(0, 255, 0, 1.0)",4.959175889056383,77.33698599283562,4.210500306138059,77.950844277125,23.545997091452065,True,False,True,False,True,19.028337370211606,0.0,0.0,0.0,0.0,0,1.0324366124982436,0.7636968458186003,False,False,False,False,0.3390441807714147,0.3406914754345447,False,False,False,False,216218063,200894979.7520881,False,False,False,False,1965861.7387554913,False,False,False,False
2025-02-07 00:00:00+00:00,97.6121738395,99.3192703215,97.3739743304,98.346622326,2014542,,,,,,88.53805869684311,84.54657010489268,83.90538325046857,83.06189900021806,81.9118949868124,78.91262453013557,75.54636559960022,70.13708213727726,65.00840979668602,63.79836708577602,62.304086354622356,61.35333700110833,60.653923197882236,60.3022275466907,59.01925354267649,58.12196673606479,57.249490341540074,56.753474117199914,56.249107602719334,,88.53805869684311,78.91262453013557,70.13708213727726,63.79836708577602,56.249107602719334,,68.80913271732705,"rgba(0, 255, 0, 1.0)",5.206457850830142,77.4917237872844,3.864517994514736,77.84351680071336,23.572337442589188,True,False,True,False,True,18.116855558455146,0.0,0.0,0.0,0.0,0,1.0303849362754505,0.7688437556166866,False,False,False,False,0.3428282509216857,0.3417598631781152,False,False,False,False,214203521,201416883.3304376,False,False,False,False,1967770.7686082174,False,False,False,False
2025-02-10 00:00:00+00:00,99.7559694216,100.6889174989,98.8875337112,99.3688952192,2392986,,,,,,89.05447428283175,84.89301363514954,84.12720551782928,83.24006002182956,82.06687132506673,79.05255743459865,75.67161340961141,70.25324439543343,65.11152309416346,63.898310993613094,62.399707773204376,61.44486700130829,60.74220292521679,60.386921605589684,59.0970228885344,58.19414413423489,57.318171606642586,56.82096857108395,56.315452028148,,89.05447428283175,79.05255743459865,70.25324439543343,63.898310993613094,56.315452028148,,68.95201750758368,"rgba(0, 255, 0, 1.0)",5.512776403834641,79.51203425963836,3.67218506230003,78.82332247353511,24.681961393977005,True,False,True,False,True,20.0,0.0,0.0,0.0,0.0,0,1.0560755119156975,0.7389581945330218,False,False,False,False,0.34282825114413445,0.3422940571611248,False,False,False,False,216596507,202012162.69002828,False,False,False,False,1984445.8757216209,False,False,False,False
2025-02-11 00:00:00+00:00,97.6320237986,98.8427720535,97.5724739213,98.455797101,2262937,,,,,,89.42762693932117,85.16933923628464,84.30836379352742,83.38750033711109,82.19663791734621,79.17206704982966,75.78029981603113,70.3557542529262,65.20354463333393,63.98769821303529,62.485443842324216,61.5270628659165,60.82156812561613,60.46311212471466,59.16712019365195,58.25928730805527,57.38023016669388,56.881990802576,56.37546955471556,,89.42762693932117,79.17206704982966,70.3557542529262,63.98769821303529,56.37546955471556,,69.07105879857951,"rgba(0, 255, 0, 1.0)",5.719293201822391,79.62589254386974,3.148314069471522,75.89011544203618,24.681961393977005,True,False,True,False,False,16.897858458444283,0.0,0.0,0.0,0.0,0,1.031608672456809,0.7617651997651415,False,False,False,False,0.29194621773438906,0.3171201374477569,False,False,False,False,214333570,202495355.13355657,False,False,False,False,1995367.0962815573,False,False,False,False
2025-02-12 00:00:00+00:00,98.8031713851,99.9048441148,96.1482393564,96.3517014371,3329798,,,,,,89.93902674367273,85.56351860770084,84.57157587369836,83.60308056226323,82.38697897765651,79.34768330071897,75.94023385030054,70.50668050948292,65.33912279118861,64.11941421295757,62.611804060228295,61.64822921268502,60.9385796364313,60.57546432631499,59.270519714821376,58.35540314940916,57.4718065545116,56.97204043460198,56.464038739194045,,89.93902674367273,79.34768330071897,70.50668050948292,64.11941421295757,56.464038739194045,,69.24343164514937,"rgba(0, 255, 0, 1.0)",5.94793493820966,79.83838908448236,3.188464987871249,74.6815065624886,28.87395478955773,True,False,True,False,False,17.959519638814275,0.0,0.0,0.0,0.0,0,1.0001614637487384,0.7642627803907835,False,False,False,False,0.2862141123618,0.3016671249047784,False,False,False,False,217663368,203090179.16753477,False,False,False,False,2047697.7199567903,False,False,False,False
2025-02-13 00:00:00+00:00,100.053718808,100.1132686852,98.1878226532,98.9619710578,2682708,,,,,,90.36183498663475,85.89183875536503,84.79396304777711,83.78571966211801,82.54809610219665,79.49541070450478,76.07408236651436,70.63215063565042,65.45138584247101,64.22839694380325,62.71626818567003,61.748358284135215,61.035248774623675,60.668282728586384,59.35590673455268,58.43475720729857,57.54738854735259,57.046345918788994,56.53710637561888,,90.36183498663475,79.49541070450478,70.63215063565042,64.22839694380325,56.53710637561888,,69.38697588440327,"rgba(0, 255, 0, 1.0)",6.208500547574776,80.03719002578065,3.2240520281565255,74.62193507090402,28.711114734243893,True,False,True,False,False,19.072987988862764,0.0,0.0,0.0,0.0,0,1.0156764686490496,0.7690900363869295,False,False,False,False,0.3221077378641256,0.311887431384452,False,False,False,False,220346076,203766881.00410202,False,False,False,False,2072600.0838800534,False,False,False,False
2025-02-14 00:00:00+00:00,95.1309289529,98.7634714669,94.8133296074,98.2771474691,4625190,,,,,,90.77992931433718,86.2969302774495,85.0813806917387,84.02826505626766,82.76733757381734,79.70484001108105,76.2700479807144,70.82208091919594,65.62506791433093,64.39771053141831,62.8793432038121,61.90513063124851,61.18692303057191,60.81408960689565,59.490532781635146,58.56018254860405,57.66710954078696,57.16417694971,56.653102901128705,,90.77992931433718,79.70484001108105,70.82208091919594,64.39771053141831,56.653102901128705,,69.58390428761811,"rgba(0, 255, 0, 1.0)",6.323980984666127,80.24311502461669,2.3541838541864815,68.15079723786405,22.593935782941386,True,False,True,False,False,12.232923652702723,0.0,0.0,0.0,0.0,0,0.9920680068323975,0.7725781074020143,False,False,False,False,0.24748653543973115,0.2796869834120916,False,False,False,False,215720886,204235665.51374507,False,False,False,False,2172701.649218091,False,False,False,False
2025-02-18 00:00:00+00:00,96.5899009462,97.1953246986,94.3667055278,95.7462776848,3626859,,,,,,91.05855319274193,86.5875310443863,85.29327564715778,84.20915910940823,82.93210642919541,79.86363498156292,76.4196691108207,70.96798423306905,65.75908041997234,64.52846519843564,63.00540921117623,62.02641267548137,61.30432380440638,60.92699737103634,59.5948858847221,58.657473763046994,57.760023651032405,57.25564429793007,56.74316536828313,,91.05855319274193,79.86363498156292,70.96798423306905,64.52846519843564,56.74316536828313,,69.73125238915081,"rgba(0, 255, 0, 1.0)",6.4686028920278815,80.40459873671173,2.5021326057030904,64.99911112823624,19.827274446292535,True,False,True,False,False,13.583411011060477,0.0,0.0,0.0,0.0,0,0.984788595549245,0.8135974983952848,False,False,False,False,0.21650986141246917,0.24809842241228036,False,False,False,False,219347745,204828296.0818335,False,False,False,False,2229727.4276801264,False,False,False,False
2025-02-19 00:00:00+00:00,97.3144244531,98.0885728577,95.5775530325,96.1035769485,3142899,,,,,,91.31851789375955,86.84943335430273,85.48590746757368,84.37370480431404,83.08164535291328,80.0066375426816,76.5536464819074,71.09776220066654,65.8778445963739,64.64426484475118,63.11697584029269,62.13370968001968,61.40816465724144,61.0268662384013,59.68716011979368,58.74349077050956,57.842150165471814,57.336477102641524,56.82274184161467,,91.31851789375955,80.0066375426816,71.09776220066654,64.64426484475118,56.82274184161467,,69.86353162922263,"rgba(0, 255, 0, 1.0)",6.617391014923401,80.56306843755432,2.531413963262618,63.45963920125455,18.549354513404253,True,False,True,False,False,14.245801923709458,0.0,0.0,0.0,0.0,0,0.9813113978368351,0.8087098464915969,False,False,False,False,0.24887030174701802,0.2484843620796492,False,False,False,False,222490644,205520937.17666358,False,False,False,False,2265538.0775750233,False,False,False,False
2025-02-20 00:00:00+00:00,97.3044994736,98.6344467328,96.7685505781,97.6419487782,2463791,,,,,,91.52602476298463,87.05684265920483,85.63987224359323,84.5055139791645,83.20142616439952,80.12082463868732,76.66038424390433,71.20083815543778,65.9720276947095,64.7360719682877,63.20540214731957,62.21874433703753,61.49045634134755,61.10601670912301,59.760289510885244,58.81166280769918,57.90723408719249,57.40053070342005,56.88579478728807,,91.52602476298463,80.12082463868732,71.20083815543778,64.7360719682877,56.88579478728807,,69.9687346285098,"rgba(0, 255, 0, 1.0)",6.762978786108239,80.69309432934335,2.456226120120021,62.42096016695494,17.637484413634766,True,False,True,False,False,14.232349452746973,0.0,0.0,0.0,0.0,0,1.0029140809771921,0.7952913506526216,False,False,False,False,0.27597039566543596,0.26222737887254255,False,False,False,False,220026853,206089796.62071598,False,False,False,False,2273312.7019838463,False,False,False,False
2025-02-21 00:00:00+00:00,95.3790534416,96.8281004553,95.2401037279,96.4807261712,2379410,,,,,,91.65928401475978,87.21750702293964,85.76357036108118,84.6135799004368,83.3013499172708,80.2187592716459,76.75388365306434,71.29305580430245,66.05743723611263,64.81954110824444,63.286034693073596,62.296426022809584,61.56572978579538,61.17847145590114,59.82738395709008,58.87430494789362,57.96711706933634,57.459505441373544,56.94388683518596,,91.65928401475978,80.2187592716459,71.29305580430245,64.81954110824444,56.94388683518596,,70.05772781570091,"rgba(0, 255, 0, 1.0)",6.864488358262944,80.79101085454097,2.125146380283254,59.3971896260295,14.808853059913488,False,False,True,False,False,11.64686010555829,0.0,0.0,0.0,0.0,0,0.9937419514230755,0.8009835829506132,False,False,False,False,0.22425157686583605,0.2432394778691893,False,False,False,False,217647443,206543037.6551977,False,False,False,False,2277473.380337421,False,False,False,False
2025-02-24 00:00:00+00:00,96.7586255985,97.5625489418,95.2897286256,96.2723016007,2014189,,,,,,91.7842636767803,87.3600019972714,85.87330117344237,84.70924402525786,83.3895110897603,80.30450103925999,76.83528892505308,71.37286045133676,66.13109893266743,64.89148469047218,63.35548619097604,62.36331282036291,61.630528141681516,61.24084113654189,59.88511937499118,58.928198513798215,58.01862393831924,57.51022272002949,56.99383674919565,,91.7842636767803,80.30450103925999,71.37286045133676,64.89148469047218,56.99383674919565,,70.13566976774726,"rgba(0, 255, 0, 1.0)",6.989715525712365,80.88130157791373,2.271526496633512,58.68291348387926,14.13928926978187,False,False,True,False,False,12.961090700731045,0.0,0.0,0.0,0.0,0,0.9916851872369695,0.8202406819305007,False,False,False,False,0.23629641170248977,0.23976794478583954,False,False,False,False,219661632,207057492.33538604,False,False,False,False,2267148.50267713,False,False,False,False
2025-02-25 00:00:00+00:00,96.1234269075,96.3417764576,93.2765457744,96.1631268257,3411384,,,,,,91.92829515100512,87.55909735593266,86.03226594089277,84.85052265169111,83.52179084282778,80.43630639697916,76.9627192340653,71.5000100659885,66.24979156540272,65.00765641838808,63.4679086439578,62.471750316831944,61.735694769574565,61.34213318707851,59.979064954352104,59.016007610526415,58.10263634461134,57.5929929302552,57.07539897201269,,91.92829515100512,80.43630639697916,71.5000100659885,65.00765641838808,57.07539897201269,,70.25431807117756,"rgba(0, 255, 0, 1.0)",7.096181944690894,81.00715235086862,2.1301982776725206,57.430575320951576,12.870796870836024,False,False,True,False,False,12.112065001606805,0.0,0.0,0.0,0.0,0,0.9744582131381176,0.8155031893703893,False,False,False,False,0.18700929555704676,0.21338862017144317,False,False,False,False,216250248,207417992.55752778,False,False,False,False,2312020.4829643015,False,False,False,False
2025-02-26 00:00:00+00:00,97.6220988191,98.1183477964,94.8927294438,95.5676280529,2608349,,,,,,92.08084120811141,87.73554686033825,86.17109052978944,84.97255883075545,83.63474760717722,80.54644961865277,77.06755176426064,71.6029314204599,66.34495958702524,65.10064045861384,63.55771658108468,62.55828117556214,61.819553243005,61.42287997997899,60.0538650811898,59.085869178734455,58.16942544713923,57.65876440064744,57.140181065869044,,92.08084120811141,80.54644961865277,71.6029314204599,65.10064045861384,57.140181065869044,,70.35388705465236,"rgba(0, 255, 0, 1.0)",7.228790581327433,81.12442046197141,2.2822183284356674,58.03011026652325,12.870796870836024,False,False,True,False,False,13.540273943950154,0.0,0.0,0.0,0.0,0,0.9864900393548262,0.8171371769373861,False,False,False,False,0.23874398295031735,0.22606630156088026,False,False,False,False,218858597,207866643.71213454,False,False,False,False,2323641.209122564,False,False,False,False
2025-02-27 00:00:00+00:00,94.3766305074,97.2350246168,94.2773807119,96.441026253,2378424,,,,,,92.16873968357478,87.86387596706014,86.27637088123451,85.06720146808549,83.72399246601225,80.6360038565639,77.1546315819379,71.69022877779291,66.42675661349308,65.18076033882761,63.63532148409393,62.63318756948002,61.892238034286144,61.4929199599849,60.11888998720159,59.14669188400784,58.227646991121276,57.716135942963916,57.1967256146956,,92.16873968357478,80.6360038565639,71.69022877779291,65.18076033882761,57.1967256146956,,70.434122058022,"rgba(0, 255, 255, 0.75)",7.282821013467234,81.20982798689019,1.807926145124539,54.77169643815829,10.145044809686382,False,False,False,False,False,9.309260333530588,0.0,0.0,0.0,0.0,1,0.979176702782197,0.8221686067575112,False,False,False,False,0.21575225766506106,0.22090927961297066,False,False,False,False,216480173,208204429.1744038,False,False,False,False,2325789.553862856,False,False,False,False
2025-02-28 00:00:00+00:00,95.9547022553,96.1241278824,91.798791283,92.8352774728,3618932,,,,,94.6258738069,92.26685890803903,88.03411149241026,86.42041526445954,85.19869987326892,83.84947690558545,80.76406233182017,77.28070665230378,71.81809258721123,66.54746343730673,65.29915978433043,63.75019203453278,62.744181289812445,62.00002164331591,61.596833820732755,60.21549371437996,59.23713753651507,58.31428952403253,57.80154438789733,57.28093276226435,,92.26685890803903,80.76406233182017,71.81809258721123,65.29915978433043,57.28093276226435,,71.75227738785594,"rgba(0, 255, 255, 0.75)",7.371028093380411,82.79203943405412,1.7857295691311614,54.15464740431179,9.461754810639484,False,True,False,False,False,10.830698028538169,0.0,0.0,0.0,0.0,1,0.9787923794007428,0.8217042388516628,False,False,False,False,0.16153924931395872,0.1912242644634647,False,False,False,False,220099105,208670887.04991737,False,False,False,False,2376501.022338822,False,False,False,False
2025-03-03 00:00:00+00:00,95.6058847876,98.8449041304,94.7786890785,97.5492963933,2748314,,,,,95.39588658548922,92.38879944747414,88.19124114080678,86.54959920820286,85.314616133117,83.95831884569873,80.87207352785269,77.38496548138721,71.9217682805156,66.6442236718902,65.39387232853082,63.84186807368722,62.83264758242281,62.08585220702246,61.67955323426491,60.29228130287817,59.308963924534176,58.38303221834616,57.86927168405443,57.34767198250231,,92.38879944747414,80.87207352785269,71.9217682805156,65.39387232853082,57.34767198250231,,71.8828253430339,"rgba(0, 255, 255, 0.75)",7.441025349575449,82.93599222808997,1.7027078882660867,53.36484369358939,8.544347755356796,False,True,False,False,False,10.384656535991596,0.0,0.0,0.0,0.0,1,1.0045084910734088,0.796976051064441,False,False,False,False,0.24821129487283397,0.21971777966814932,False,False,False,False,217350791,209011275.4401167,False,False,False,False,2391081.9234235743,False,False,False,False
2025-03-04 00:00:00+00:00,95.5460875074,97.8682152209,94.051155503,96.9413573782,1841185,,,,,95.49142507856965,92.45518351449219,88.28595217729784,86.62924028492,85.38689568942443,84.02679266812405,80.94089642589209,77.45203927998843,71.98908033439382,66.70742287747626,65.45580460857079,63.901893807325166,62.89062108022863,62.14213282801737,61.733815602189416,60.342707275151234,59.35616752382366,58.42823660826305,57.91382142595019,57.39158443388276,,92.45518351449219,80.94089642589209,71.98908033439382,65.45580460857079,57.39158443388276,,71.94608567619903,"rgba(0, 255, 255, 0.75)",7.439096167607173,83.00507976195158,1.685824119340873,52.768757665062154,7.765447015990858,False,True,False,False,False,10.307107756980159,0.0,0.0,0.0,0.0,1,1.0083581048007828,0.7985386355297288,False,False,False,False,0.22197252663149225,0.22084515314982078,False,False,False,False,215509606,209266111.93266115,False,False,False,False,2369517.3381912773,False,False,False,False
2025-03-05 00:00:00+00:00,99.2136540248,99.3780965453,95.521171974,95.6557158544,3106952,,,,,96.19055918453556,92.63158615354413,88.48601101307418,86.79223208200261,85.53206312964029,84.16193885499722,81.07268838336839,77.57764480660745,72.11229310358415,66.82152090928562,65.56732852141813,64.00967247591541,62.99454074237549,62.24290069015556,61.83091861922993,60.43277017664719,59.44036964534318,58.50877636163499,57.993141706019024,57.46971816482797,,92.63158615354413,81.07268838336839,72.11229310358415,65.56732852141813,57.46971816482797,,72.09343373621033,"rgba(0, 255, 0, 1.0)",7.481436317668441,83.17768318702426,2.143434784027311,55.821270408263615,7.765447015990858,False,False,True,False,True,13.786571576812246,0.0,0.0,0.0,0.0,1,1.0495827222074274,0.7829560851160813,False,False,False,False,0.2680716681137157,0.24445841063176824,False,False,False,False,218616558,209632796.09216464,False,False,False,False,2398436.3445367175,False,False,False,False
2025-03-06 00:00:00+00:00,97.5492963933,99.0143297576,96.8651158459,98.1871340485,1798468,,,,,96.4125960465532,92.72459779965533,88.59543216633297,86.88259897966137,85.61307649088896,84.23771753080807,81.14703905688252,77.64885129959507,72.18246124184114,66.88670817085796,65.6310852971388,64.07133397562494,63.05402494284479,62.30060234763338,61.886537420958376,60.484391975574454,59.48865597307686,58.55497942021807,58.03865265252344,57.5145554954974,,92.72459779965533,81.14703905688252,72.18246124184114,65.6310852971388,57.5145554954974,,72.16779491420837,"rgba(0, 255, 255, 0.75)",7.453268043325942,83.26479797140172,1.9165416215896578,55.86624268010241,7.765447015990858,False,False,True,False,True,11.629017338675194,0.0,0.0,0.0,0.0,1,1.0606222293368968,0.764362730017042,False,False,False,False,0.2834723713233452,0.2639653909775567,False,False,False,False,216818090,209914572.32384446,False,False,False,False,2374908.1741627287,False,False,False,False
2025-03-07 00:00:00+00:00,98.4562218093,99.8913565335,96.4779284568,97.6987895937,2473110,,,,,96.70812175112736,92.85839805111787,88.74916636243505,87.0096633209532,85.72693601866601,84.3440865064183,81.25103486532191,77.7481967014196,72.28006912117688,66.97724485900413,65.71961048238472,64.15692455317773,63.13658305044464,62.38068039032767,61.96372738315791,60.55602831808663,59.55566168859609,58.61908853686441,58.10179670627273,57.57676023609157,,92.85839805111787,81.25103486532191,72.28006912117688,65.71961048238472,57.57676023609157,,72.27098894515223,"rgba(0, 255, 0, 1.0)",7.464354197186192,83.38710835378814,2.0188100748477895,56.698253916057965,7.765447015990858,False,False,True,False,True,12.473858203437661,0.0,0.0,0.0,0.0,1,1.0549625998992174,0.7634184791394917,False,False,False,False,0.291217745728435,0.27759156835299587,False,False,False,False,219291200,210282283.21310547,False,False,False,False,2378759.226156347,False,False,False,False
2025-03-10 00:00:00+00:00,96.7021682575,98.2369651153,95.426492947,97.3898369795,2644701,,,,,96.71978759895511,92.957164038918,88.88342687015681,87.12492235201117,85.83229194841874,84.44411661487045,81.35126761863718,77.84576368860681,72.37772114750084,67.06891567070505,65.8094493364085,64.24401334949016,63.2207249898556,62.46239056528235,62.042546762035954,60.62932759948283,59.6243193983252,58.68485562624154,58.16661225529581,57.64064897443978,,92.957164038918,81.35126761863718,72.37772114750084,65.8094493364085,57.64064897443978,,72.35651332028189,"rgba(0, 255, 255, 0.75)",7.414494845608688,83.48329039771406,1.7828426797835009,55.22734104180809,7.765447015990858,False,True,True,False,True,10.23137516780509,0.0,0.0,0.0,0.0,1,1.0458922876448824,0.7743858120312953,False,False,False,False,0.24882895985483425,0.26321026410391507,False,False,False,False,216646499,210531860.3027876,False,False,False,False,2389188.3153266865,False,False,False,False
2025-03-11 00:00:00+00:00,100.2302077878,101.4660182448,98.4014076358,98.5459177295,3450320,,,,,97.246956728811,93.1817700682354,89.12115941511698,87.32039575136,86.0065755262768,84.60589085324834,81.50717902831335,77.99310057971341,72.52073134839453,67.20062884676122,65.93806821089228,64.36819025910337,63.34041499362156,62.578428716765394,62.15439155854328,60.73304963136019,59.721297060662565,58.77759231054768,58.25792099531807,57.73056791702325,,93.1817700682354,81.50717902831335,72.52073134839453,65.93806821089228,57.73056791702325,,72.51521549000344,"rgba(0, 255, 0, 1.0)",7.482389166336458,83.67788095981462,2.2121713345858707,57.224679534967365,7.765447015990858,False,False,True,False,True,13.468878565359006,0.0,0.0,0.0,0.0,1,1.0466765161546974,0.7472870476245549,False,False,False,False,0.34282825116502047,0.3030192576344678,False,False,False,False,220096819,210906956.72228613,False,False,False,False,2430801.322568777,False,False,False,False
2025-03-12 00:00:00+00:00,100.7085860292,101.416187178,99.2784344117,100.2302077878,3100757,,,,,97.64993290818707,93.3838628192942,89.33450213330704,87.49692509284138,86.16433953281022,84.75245827831488,81.64833055915561,78.12643248073284,72.65000979073115,67.31966006725636,66.05429917015736,64.4804063022097,63.448584640092534,62.68330542892829,62.25549301262315,60.82682554677922,59.808989928335215,58.861454767128436,58.34049113059626,57.81188005331602,,93.3838628192942,81.64833055915561,72.65000979073115,66.05429917015736,57.81188005331602,,72.65490918213985,"rgba(0, 255, 0, 1.0)",7.584267735060537,83.85005357075248,2.222829289176322,58.90743511854681,4.410888747278278,False,False,True,False,True,13.891507306133207,0.0,0.0,0.0,0.0,1,1.0495101144554344,0.7543974430325222,False,False,False,False,0.34282825122296534,0.32292375442871657,False,False,False,False,223197576,211388941.7920004,False,False,False,False,2457074.0942327464,False,False,False,False
2025-03-13 00:00:00+00:00,102.3330788073,104.0959026269,100.7085860292,101.4062209646,3623540,,,,,98.2532026704338,93.66628063422984,89.61496333224406,87.72683189937626,86.36845752620403,84.94076092367904,81.82712551726189,78.2934136047914,72.80985430192284,67.46564402305354,66.19662838412316,64.61757943010362,63.58068139480709,62.81129384871036,62.378842237351776,60.941109819496475,59.91578586761249,58.96351254077128,58.44093367032554,57.91075057804416,,93.66628063422984,81.82712551726189,72.80985430192284,66.19662838412316,57.91075057804416,,72.83618261022713,"rgba(0, 255, 0, 1.0)",7.717355548316047,84.07979202479623,2.3652255838448046,61.18791402206432,6.637342168498897,False,False,True,False,True,15.312103870379612,0.0,0.0,0.0,0.0,1,1.0674011150284686,0.7342591906996262,False,False,False,False,0.34282825148272095,0.33287600295571873,False,False,False,False,226821116,211994125.0942749,False,False,False,False,2502817.855243227,False,False,False,False
2025-03-14 00:00:00+00:00,103.2499704367,104.0671999324,102.2732815272,103.4193960639,2998081,,,,,98.725154879889,93.90758506043238,89.85234696165807,87.92207114758925,86.54192596532738,85.10070940712502,81.9785368790581,78.43447503897251,72.94443558993727,67.58832097764686,66.31619180261411,64.73276792007954,63.69159015900576,62.918743299495084,62.48240270155504,61.037049716210156,60.00543713662051,59.049176396212125,58.52523314547934,57.99372207050266,,93.90758506043238,81.9785368790581,72.94443558993727,66.31619180261411,57.99372207050266,,72.9873938127705,"rgba(0, 255, 0, 1.0)",7.869239821346373,84.27287457523268,2.411553884784321,63.325973929301114,8.686117494469933,False,False,True,False,True,16.100697899716078,0.0,0.0,0.0,0.0,1,1.0845215857401047,0.7337399732959686,False,False,False,False,0.342828251560832,0.3378521272582754,False,False,False,False,229819197,212693147.5219504,False,False,False,False,2522239.9393513356,False,False,False,False
2025-03-17 00:00:00+00:00,104.9242942816,105.2681286426,103.6303808007,103.6486189712,2323337,,,,,99.13036799843535,94.1134879897033,90.04952768929351,88.08367780349398,86.68509407536088,85.23225956541222,82.10210817068699,78.54886077039636,73.05273661107364,67.68655423926849,66.41184035351408,64.82481700219431,63.780165880766084,63.004520688012995,62.56506363409083,61.11357629797794,60.07691754896601,59.11744711635479,58.592398439748614,58.05981153155389,,94.1134879897033,82.10210817068699,73.05273661107364,66.41184035351408,58.05981153155389,,73.1115616703152,"rgba(0, 255, 0, 1.0)",8.058348186776856,84.43373668777244,2.5427739182889897,65.81000229175801,11.030025212921728,True,False,True,False,True,17.51587412452641,0.0,0.0,0.0,0.0,0,1.0894723608658359,0.7232858817942786,False,False,False,False,0.3428282513856826,0.340340189321979,False,False,False,False,232142534,213455868.5603053,False,False,False,False,2514439.824082656,False,False,False,False
2025-03-18 00:00:00+00:00,105.4624698032,107.5155097559,105.0737874821,107.1367936481,2753768,,,,,99.65021803510982,94.37893841345694,90.29850001160776,88.28721514775361,86.86499248892532,85.39707990417038,82.25590143591128,78.69041434134428,73.18583812436312,67.8067332732343,66.528753364408,64.93721706782,63.88826387075128,63.1091629629564,62.66589049778334,61.206861586956755,60.16401717138638,59.20060076378092,58.674184953583044,58.14026762202509,,94.37893841345694,82.25590143591128,73.18583812436312,66.528753364408,58.14026762202509,,73.2665525518664,"rgba(0, 255, 0, 1.0)",8.215813425038123,84.63700400060367,2.534802669584685,67.79232780213502,12.882628069064793,True,False,True,False,True,17.96534093403179,0.0,0.0,0.0,0.0,0,1.0919510839484392,0.7250485558148242,False,False,False,False,0.34282825159833435,0.3415842204601567,False,False,False,False,234896302,214296669.87166587,False,False,False,False,2523825.2427460807,False,False,False,False
2025-03-19 00:00:00+00:00,105.1236185489,105.5421995101,103.917706732,105.5322332967,2327560,,,,,99.96274366107043,94.57285588498412,90.48792465071878,88.44469706093294,87.00543490971228,85.52666870652065,82.37810766677214,78.80391277436053,73.29357177922421,67.90467017661206,66.624157197037,65.02908325882696,63.976705256042514,63.194840888331655,62.74848498988032,61.283380715050455,60.23552937038829,59.26892500142293,58.741410799867374,58.20642408934782,,94.57285588498412,82.37810766677214,73.29357177922421,66.624157197037,58.20642408934782,,73.38447644185518,"rgba(0, 255, 0, 1.0)",8.378483626404307,84.7889732010118,2.427007827980321,68.57150568798166,13.64316983601369,True,False,True,False,True,17.500661325713153,0.0,0.0,0.0,0.0,0,1.07236148344411,0.7391760948255689,False,False,False,False,0.29935444762589375,0.32046933404302524,False,False,False,False,232568742,215013221.71983585,False,False,False,False,2516128.5665599597,False,False,False,False
2025-03-20 00:00:00+00:00,105.0538550553,105.7614562041,103.5788554777,104.4160174001,1566746,,,,,100.15037365347902,94.69862030284445,90.61213294850272,88.54862688865498,87.09841289428147,85.61264960183738,82.45939789938956,78.87957528779755,73.36553441770396,67.97019114985798,66.68800365608631,65.09058565640777,64.03593136933603,63.25222830224246,62.80381676348841,61.3346626244686,60.283469618005284,59.31473742590863,58.786490532677995,58.2507903593478,,94.69862030284445,82.45939789938956,73.36553441770396,66.68800365608631,58.2507903593478,,73.46181156761591,"rgba(0, 255, 0, 1.0)",8.51981125893273,84.88817836416717,2.366915894995891,68.97152477732621,14.133810470121887,True,False,True,False,True,17.403629405565283,0.0,0.0,0.0,0.0,0,1.080418741386584,0.7357963276214313,False,False,False,False,0.29570175344434246,0.30808554374368385,False,False,False,False,231001996,215640232.47592074,False,False,False,False,2478897.8776752558,False,False,False,False
2025-03-21 00:00:00+00:00,103.9874702255,104.1469296393,102.2932139539,103.9675377988,2191686,,,,,100.32159474792961,94.84708239235844,90.7664495085597,88.68016412562787,87.2172640166467,85.72344619849919,82.56545656337616,78.97932001548752,73.46144014990548,68.05818084390863,66.77387331712933,65.17344732525561,64.11581564632883,63.32969475913174,62.87854593837296,61.40402114072722,60.34837257441127,59.37681046345843,58.84759583266161,58.310952872322986,,94.84708239235844,82.56545656337616,73.46144014990548,66.77387331712933,58.310952872322986,,73.55897642160497,"rgba(0, 255, 0, 1.0)",8.638583815062187,85.00985463008442,2.196843371748772,67.39834050653371,14.133810470121887,True,False,True,False,True,15.916084202764537,0.0,0.0,0.0,0.0,0,1.0635943622855781,0.7549665123269348,False,False,False,False,0.2527144571042096,0.28040000042394675,False,False,False,False,228810310,216156706.10431603,False,False,False,False,2467634.66678603,False,False,False,False
2025-03-24 00:00:00+00:00,103.8280108117,104.8744632148,103.3097677169,103.6785176113,1934672,,,,,100.48168601529112,94.98179328602082,90.90516017321667,88.79844179391324,87.3241155922318,85.82299030867198,82.66053496879842,79.06858215759027,73.54707394314195,68.13664355837408,66.85042692702153,65.24729989434461,64.1870063723047,63.39872583048711,62.94513928424687,61.46582299649065,60.406202348226984,59.432114087415755,58.90203353796748,58.3645469531022,,94.98179328602082,82.66053496879842,73.54707394314195,66.85042692702153,58.3645469531022,,73.64631700144291,"rgba(0, 255, 0, 1.0)",8.726088338324647,85.11966459168693,2.143955629906556,66.07444010295634,14.133810470121887,True,False,True,False,False,15.693309168144275,0.0,0.0,0.0,0.0,0,1.0672516092986981,0.7544136484944372,False,False,False,False,0.2778100385943316,0.2791050195091392,False,False,False,False,226875638,216577056.37473503,False,False,False,False,2446734.1700493232,False,False,False,False
2025-03-25 00:00:00+00:00,105.0937199088,106.3893276459,104.5704937072,104.9741253484,2074868,,,,,100.69860764546456,95.14285313984135,91.06569808678415,88.93433750419106,87.44634229917527,85.93637137987928,82.76794732054567,79.16874130124877,73.64241961841654,68.22355845741228,66.93514301891246,65.32893476599186,64.26564760745067,63.47494677927031,63.0186543905404,61.53399701511858,60.46996380123084,59.49306112984435,58.96200980316717,58.42357758557197,,95.14285313984135,82.76794732054567,73.64241961841654,66.93514301891246,58.42357758557197,,73.74664063250287,"rgba(0, 255, 0, 1.0)",8.862974662147868,85.24778295065346,2.2391959488392623,66.42125129668432,14.133810470121887,True,False,True,False,False,16.84743284782815,0.0,0.0,0.0,0.0,0,1.0565977487390232,0.7557303934956028,False,False,False,False,0.31847774637475534,0.2987913829419473,False,False,False,False,228950506,217062289.69337288,False,False,False,False,2432151.182988566,False,False,False,False
2025-03-26 00:00:00+00:00,104.3960849734,105.7215913506,103.8579094518,105.4525035898,1383291,,,,,100.81282136757486,95.24037968569503,91.16566507343242,89.01993413812714,87.52379588043858,86.00856182212001,82.83681560955458,79.23333789287871,73.70428690202313,68.28020160940271,66.99040084520263,65.38223668856551,64.31702901964408,63.52477076195409,63.06672500696615,61.57861368688776,60.51171793178882,59.53299165735062,59.00131356975209,58.4622706372329,,95.24037968569503,82.83681560955458,73.70428690202313,66.99040084520263,58.4622706372329,,73.80969348932959,"rgba(0, 255, 0, 1.0)",8.971345770373444,85.3271883349112,2.1255335739550953,65.36342406070978,14.133810470121887,False,False,True,False,False,15.853043681271185,0.0,0.0,0.0,0.0,0,1.068356560138424,0.7466625931566461,False,False,False,False,0.29688021113996726,0.2978357970409573,False,False,False,False,227567215,217474247.54853472,False,False,False,False,2391019.4111066614,False,False,False,False
2025-03-27 00:00:00+00:00,107.4656786891,107.5254759693,104.9442267083,105.5322332967,2170466,,,,,101.06533744467377,95.42088078321174,91.34225224991906,89.16920257000224,87.6578584063585,86.13266447166312,82.95376325925386,79.34190461764243,73.80706266766404,68.37355813859105,67.08133363101452,65.46979551942712,64.40134374878295,63.60646896099206,63.14551935369473,61.65165385015185,60.580014851733175,59.59825491221677,59.065524845538796,58.52545718919417,,95.42088078321174,82.95376325925386,73.80706266766404,67.08133363101452,58.52545718919417,,73.91949257358633,"rgba(0, 255, 0, 1.0)",9.132164216065549,85.4687495560447,2.4087312287220715,67.32965049446537,14.133810470121887,True,False,True,False,False,18.594837647718762,0.0,0.0,0.0,0.0,0,1.0680715328894435,0.7377470123329232,False,False,False,False,0.3408919001235392,0.31936384858224826,False,False,False,False,229737681,217955166.50741574,False,False,False,False,2382370.2577299294,False,False,False,False
2025-03-28 00:00:00+00:00,106.997266661,109.9821475631,106.413246558,108.0437190641,2907769,,,,,101.43442256079601,95.67785694589742,91.58995390891104,89.37818783987873,87.84526672672584,86.30581432019657,83.11618310296923,79.49209305301235,73.94854717556603,68.50166264069354,67.20603400756046,65.58978401974198,64.51684215734595,63.71835367595806,63.253419291749516,61.751632175541516,60.67347690933413,59.6875398777409,59.15335481908919,58.611869922242285,,95.67785694589742,83.11618310296923,73.94854717556603,67.20603400756046,58.611869922242285,,74.07261475654754,"rgba(0, 255, 0, 1.0)",9.252700272113957,85.66779749145572,2.3052156173076983,67.80168780182444,14.133810470121887,True,False,True,False,True,17.924101285990584,0.0,0.0,0.0,0.0,0,1.0705705564960222,0.7305585675225565,False,False,False,False,0.342828251416037,0.33109604999914266,False,False,False,False,226829912,218303195.74241903,False,False,False,False,2402974.1299758144,False,False,False,False
2025-03-31 00:00:00+00:00,108.0437190641,108.9107796267,104.6153416674,106.7780099671,3285997,,,,,101.77020234795917,95.94178036172086,91.85088695092139,89.60117711997445,88.04657502098021,86.49274668672507,83.29273634677682,79.65631784251356,74.10417954235277,68.64320898159663,67.34394292397089,65.72262363850461,64.64480428207919,63.842378351641464,63.37307366841145,61.86261101869406,60.777295619697504,59.786772005941984,59.2509939856196,58.70795686991063,,95.94178036172086,83.29273634677682,74.10417954235277,67.34394292397089,58.70795686991063,,74.23561317829962,"rgba(0, 255, 0, 1.0)",9.395490965833392,85.87683925941958,2.359310427234729,68.94822539418207,14.820936984770412,True,False,True,False,True,18.84154716738476,0.0,0.0,0.0,0.0,0,1.048991127850991,0.7475652474405883,False,False,False,False,0.3003753648805226,0.3157357074398326,False,False,False,False,230115909,218766439.39957908,False,False,False,False,2437602.4778199,False,False,False,False
2025-04-01 00:00:00+00:00,107.8742934369,109.3393268012,106.309597939,109.0403404004,2720392,,,,,102.04990718025095,96.16341809825539,92.06928558153459,89.78828231371342,88.21565159100034,86.64977929934318,83.44088211610486,79.79398952677947,74.23443920745359,68.76157647784213,67.45925035467268,65.83367469610629,64.75177402555151,63.94605527391571,63.47310515436485,61.95539211150321,60.864095330306036,59.86973470039575,59.33262094430299,58.788282127263756,,96.16341809825539,83.44088211610486,74.23443920745359,67.45925035467268,58.788282127263756,,74.37205980553304,"rgba(0, 255, 0, 1.0)",9.518711319111203,86.05210871431748,2.2925566277831124,69.37962850185858,15.40489728288577,True,False,True,False,True,18.593002400867494,0.0,0.0,0.0,0.0,0,1.0692186681812286,0.7427389741426315,False,False,False,False,0.3298862213076926,0.32281096437376255,False,False,False,False,227395517,219104834.5995956,False,False,False,False,2448692.2630034336,False,False,False,False
2025-04-02 00:00:00+00:00,107.1666922882,108.0237866374,104.9791084551,108.0237866374,2994916,,,,,102.27550591725321,96.3756032775875,92.28636636672364,89.97739582177263,88.38806699542494,86.81102855463456,83.59454558498977,79.93802779625794,74.37195386308572,68.88736080821909,67.58194367588946,65.95202154658342,64.86588808907946,64.05673856068704,63.57995037517051,62.05462605498881,60.95701962718179,59.958618121129774,59.420104955732214,58.87440172110445,,96.3756032775875,83.59454558498977,74.37195386308572,67.58194367588946,58.87440172110445,,74.5103583856748,"rgba(0, 255, 0, 1.0)",9.646340697612846,86.22609857607496,2.1708328959713343,68.25031054839548,15.40489728288577,True,False,True,False,True,17.54837452591405,0.0,0.0,0.0,0.0,0,1.0450978240331326,0.771948333171918,False,False,False,False,0.2833649096982637,0.3030879370360131,False,False,False,False,224400601,219312511.71333694,False,False,False,False,2470112.8017091816,False,False,False,False
2025-04-03 00:00:00+00:00,108.123448771,110.6648331785,101.8048694991,102.5224368612,4655727,,,,,102.59583555142194,96.69331250628643,92.6145231130667,90.2655467944486,88.65182227558758,87.05835844973488,83.83086944061029,80.16007157013357,74.58435297510174,69.08197491474644,67.7718431413496,66.13527511799018,65.04265068721803,64.2282334343419,63.74554187044083,62.20850385695144,61.10117243478375,60.096538773228296,59.5558671671024,59.00805888095436,,96.69331250628643,83.83086944061029,74.58435297510174,67.7718431413496,59.00805888095436,,74.72151764777496,"rgba(0, 255, 0, 1.0)",9.762565122634948,86.4900436723847,2.2159550104774484,68.43350037857911,15.40489728288577,True,False,True,False,True,18.419679993069586,0.0,0.0,0.0,0.0,1,1.0092018129666838,0.7745821871401914,False,False,False,False,0.2742037004671495,0.2886458187515813,False,False,False,False,229056328,219694622.15595117,False,False,False,False,2555823.162426469,False,False,False,False
2025-04-04 00:00:00+00:00,99.1438905313,106.3793614326,98.5758163696,104.9541929217,7710981,,,,,102.4684207688859,96.91655044458227,92.92908562905006,90.5706461088542,88.94549234567974,87.34478183214881,84.12094417197272,80.44580189067021,74.8712057271324,69.35367983838165,68.03868403769724,66.39471458035646,65.2941009316292,64.47302687563061,63.98241375503174,62.42995671650602,61.30949665768504,60.29654701071321,59.753086289775524,59.20255169370402,,96.91655044458227,84.12094417197272,74.8712057271324,68.03868403769724,59.20255169370402,,74.95705936530436,"rgba(38, 166, 154, 1.0)",9.719151858076394,86.74571565799538,1.2756437037252406,58.00203843146625,12.322406092362826,False,True,True,False,False,6.571919107099298,0.0,0.0,0.0,0.0,1,0.983939973140009,0.793557856333849,False,False,False,False,0.1458858651815683,0.21726584196657478,False,False,False,False,221345347,219759356.46356094,False,False,False,False,2757986.2148803333,False,False,False,False
2025-04-07 00:00:00+00:00,99.2933837317,103.1403420897,94.4498040375,95.9248036152,6021372,,,,98.96117661963333,102.20584497594756,96.99007999480791,93.0937654170845,90.74694093794973,89.1229368179319,87.52357478949993,84.31019794094428,80.63858301937321,75.07101739010098,69.546986916581,68.22929986136678,66.58091312028138,65.47511478667857,64.64963306211818,64.15355139725767,62.59057638427599,61.46100243593295,60.44231916044559,59.89697560571291,59.34459731900631,,96.99007999480791,84.31019794094428,75.07101739010098,68.22929986136678,59.34459731900631,,77.08452453169622,"rgba(38, 166, 154, 1.0)",9.65571146093618,88.38501710565947,1.1297320420325505,51.22283907301187,6.435710539858206,False,True,False,False,False,6.719027684048925,0.0,0.0,0.0,0.0,1,0.9494613767398252,0.8312842550261365,False,False,False,False,0.025674845923982826,0.12147034394527881,False,False,False,False,227366719,220057684.4061664,False,False,False,False,2885962.128022281,False,False,False,False
2025-04-08 00:00:00+00:00,99.7916943999,104.0671999324,98.69541093,103.7283486781,4882695,,,,99.80760901677787,102.12832623668136,97.09949283125488,93.26178439618168,90.91621552400613,89.28904597248841,87.68786693792153,84.4795022169466,80.80781108792627,75.24325477233529,69.71184985171216,68.39155390161525,66.73906766988009,65.62868036471234,64.79933613317102,64.29857097927344,62.72650401698286,61.58911300415771,60.56548165841045,60.01848999277598,59.464498628302465,,97.09949283125488,84.4795022169466,75.24325477233529,68.39155390161525,59.464498628302465,,77.25947782826056,"rgba(38, 166, 154, 1.0)",9.57500679598114,88.56310460268968,1.1726978410003037,47.3211422127909,3.3341474091527985,False,True,False,True,False,7.214696785457921,0.0,0.0,0.0,0.0,0,0.9891690557757269,0.8271565132842505,False,False,False,False,0.09903279081752436,0.11025156738140159,False,False,False,False,232249414,220535791.44906184,False,False,False,False,2964265.3779037604,False,False,False,False
2025-04-09 00:00:00+00:00,105.4425373765,106.8178748205,102.4078254076,104.2665241997,6743002,,,,101.74938253656633,102.3305780706083,97.39284199803035,93.59946995135175,91.23217667354761,89.58831882723884,87.97579668207361,84.76397386321368,81.08306359726417,75.51428078855564,69.96584723391376,68.64053785406293,66.98066608773458,65.86263818715656,65.02698107135966,64.51888581182165,62.93235443889182,61.78272512775148,60.75126506957601,60.20159882872971,59.6449927212241,,97.39284199803035,84.76397386321368,75.51428078855564,68.64053785406293,59.6449927212241,,77.5946691349724,"rgba(0, 255, 255, 0.75)",9.473436878364796,88.93344353152565,1.7426720689591981,50.17418595105078,3.3341474091527985,False,True,False,False,False,12.467430707273223,0.0,0.0,0.0,0.0,1,0.9878077004342133,0.8047217784015971,False,False,False,False,0.20596883693676563,0.1581102021590836,False,False,False,False,238992416,221259580.64713785,False,False,False,False,3112451.1277898876,False,False,False,False
2025-04-10 00:00:00+00:00,111.17311006,113.236116226,106.1601047386,107.0271653011,7419332,,,,104.24763064151027,102.9167677210862,97.90198214904889,94.11319023677079,91.69239063320657,90.01418229415378,88.37752376247646,85.14801198982343,81.44457566090414,75.85960738811175,70.28289363207581,68.95008789910115,67.27966306808186,66.15138826745905,65.30740074089475,64.79001779304464,63.1848629257186,62.01971531668167,60.9782239870459,60.425047341865486,59.865012714269454,,97.90198214904889,85.14801198982343,75.85960738811175,68.95008789910115,59.865012714269454,,78.05425817245306,"rgba(0, 255, 0, 1.0)",9.459516641483978,89.47210091235698,2.2940928136301304,55.48556543199951,-1.846983709001158,False,True,True,False,True,17.109542062929314,0.0,0.0,0.0,0.0,1,1.003572536143365,0.778159448797671,False,False,False,False,0.3428282501552827,0.25046922615718314,False,False,False,False,246411748,222245940.15117168,False,False,False,False,3281348.4168961667,False,False,False,False
2025-04-11 00:00:00+00:00,117.2525002112,118.3388174677,114.0219521497,115.8024161669,7651832,,,,107.12192948173644,103.88970348207965,98.63652139156959,94.80716621508742,92.29924297210164,90.56784281045873,88.89312756691938,85.62948833629787,81.88841443445754,76.27316052108245,70.65586906185655,69.31294750798912,67.6287079771859,66.48763507618963,65.63337509907734,65.10492479614284,63.47726325184708,62.29360475006342,61.2400360852535,60.682545707540356,60.11830112009884,,98.63652139156959,85.62948833629787,76.27316052108245,69.31294750798912,60.11830112009884,,78.62617532624682,"rgba(0, 255, 0, 1.0)",9.609076479215805,90.17101366172824,2.818323551493044,61.43196511003555,3.3261966673997847,False,False,True,False,True,20.0,0.0,0.0,0.0,0.0,0,1.0261059596644264,0.7712821964452832,False,False,False,False,0.34282825115699855,0.29664873865709085,False,False,False,False,254063580,223493690.73347867,False,False,False,False,3452739.9299590625,False,False,False,False
2025-04-14 00:00:00+00:00,117.99,118.8470943492,113.9935484416,115.1396629783,3722180,,,,108.12515166025631,104.32804443711511,98.9809262093151,95.13546539990877,92.58861497424304,90.83297342062329,89.14075583689106,85.86140399965285,82.10276387983225,76.47330237164302,70.83671968669901,69.48896438327368,67.79811010435743,66.65089575382832,65.7917000404234,65.25792522091405,63.61942264338549,62.42683310120396,61.36743075911891,60.807855285389856,60.241575033432596,,98.9809262093151,85.86140399965285,76.47330237164302,69.48896438327368,60.241575033432596,,78.88076295840375,"rgba(0, 255, 0, 1.0)",9.766297705501099,90.4844422785031,2.8163751045602203,65.64189684268993,6.873503141826248,False,False,True,False,True,20.0,0.0,0.0,0.0,0.0,0,1.016475316585094,0.7748553602598436,False,False,False,False,0.3428282511175526,0.31973849488732176,False,False,False,False,257785760,224838477.76353833,False,False,False,False,3463306.20721557,False,False,False,False
2025-04-15 00:00:00+00:00,120.162634513,120.4814536785,117.9501351465,119.4351009376,2707687,,,,108.91406788894416,104.6905655170823,99.2583676830612,95.39585374235746,92.81680140163816,91.04130299814365,89.33467551947842,86.04183097159351,82.26851193229619,76.62689263756778,70.97472782151814,69.6231302140424,67.92706225731362,66.77507391552159,65.91205625143044,65.37420294200135,63.727357659560404,62.52792338893299,61.46403628162427,60.902847305756445,60.33499212766911,,99.2583676830612,86.04183097159351,76.62689263756778,69.6231302140424,60.33499212766911,,79.07986441649322,"rgba(0, 255, 0, 1.0)",9.957629864750361,90.73218080446166,2.955568153092439,69.15900121090078,9.880925541718582,True,False,True,False,True,20.0,0.0,0.0,0.0,0.0,0,1.039365655855035,0.771469264486379,False,False,False,False,0.3428282514825999,0.3312833731849608,False,False,False,False,260493447,226236711.85124272,False,False,False,False,3433674.0814424106,False,False,False,False
2025-04-16 00:00:00+00:00,122.1259785455,125.5144910888,120.9798640088,124.7769912999,5128699,,,,110.53101949175503,105.47630779085183,99.84718625922112,95.94035497228641,93.29135448980128,91.47305711446974,89.73519185293553,86.4119163390179,82.60626885802775,76.9372574457201,71.25184491020441,69.89218113288135,68.18526488272761,67.02349081892575,66.15267202578,65.60659477773969,63.94283773232652,62.72959210151876,61.65662346631941,61.092142945063664,60.5210756159802,,99.84718625922112,86.4119163390179,76.9372574457201,69.89218113288135,60.5210756159802,,79.4891579703787,"rgba(0, 255, 0, 1.0)",10.184704414258967,91.2473310389475,3.0318648681960028,72.10299867908509,12.48336840036584,True,False,True,False,True,20.0,0.0,0.0,0.0,0.0,0,1.0404939298605327,0.7503815389442265,False,False,False,False,0.3428282518863193,0.3370558125356401,False,False,False,False,265622146,227781238.68060577,False,False,False,False,3500145.646876042,False,False,False,False
2025-04-17 00:00:00+00:00,121.1193909959,122.0263164119,119.6244589915,121.179188276,3553965,,,,111.30320278340697,105.92542099326917,100.2051596185001,96.27876893403614,93.59040006876334,91.74728014888001,89.99116253549775,86.65055298925256,82.82586673308195,77.14086777841,71.43495670444376,70.07022875763424,68.35643985111388,67.18838075506272,66.31252785890791,65.76108715784946,64.08632674674944,62.86404542398944,61.78514232203654,61.21852069134522,60.64536260496366,,100.2051596185001,86.65055298925256,77.14086777841,70.07022875763424,60.64536260496366,,79.73681694261153,"rgba(0, 255, 0, 1.0)",10.332824451383576,91.55730304724034,2.860988114890626,73.00373580095547,13.339065346532934,True,False,True,False,True,20.0,0.0,0.0,0.0,0.0,0,1.0278256073077212,0.7885617023766144,False,False,False,False,0.28272054324794493,0.3098881778917925,False,False,False,False,262068181,229125824.65391535,False,False,False,False,3502256.2097436483,False,False,False,False
2025-04-21 00:00:00+00:00,123.0528363882,126.3267374778,120.8702356618,125.7736126362,4668868,,,,112.38046495286092,106.5689202184196,100.71177116727308,96.75324723463027,94.00850939081977,92.12999095956619,90.34771058021722,86.98152540879781,83.12918818495731,77.42057445448165,71.68548625746651,70.31362711797031,68.59021785337808,67.41345050674556,66.53064189499021,65.97185233662643,64.28195540260799,63.047280914611356,61.96021609832661,61.39063404533395,60.81458540490377,,100.71177116727308,86.98152540879781,77.42057445448165,70.31362711797031,60.81458540490377,,80.08086324900404,"rgba(0, 255, 0, 1.0)",10.486699559392445,94.57759270861746,2.7153675489900544,74.27146688420225,14.738337341226952,True,False,True,False,True,20.0,0.0,0.0,0.0,0.0,0,1.0327396657910375,0.7668784817018166,False,False,False,False,0.3428282519162984,0.3263582149040455,False,False,False,False,266737049,230600774.6282716,False,False,False,False,3548005.6917144856,False,False,False,False
2025-04-22 00:00:00+00:00,120.6908438213,124.3982751922,119.9433778191,124.3085792719,6191074,,,,113.36117602866388,107.2717020906851,101.30149192652927,97.31800705919612,94.51345055217209,92.59600928893772,90.78468179728321,87.3908094239773,83.50741620223226,77.77247353772105,72.00295227513716,70.62251811916815,68.88743423425727,67.69995425151798,66.80854766874424,66.24057944982458,64.53181379576004,63.28160332487105,62.1843152678104,61.61104034271972,61.031383545029655,,101.30149192652927,87.3908094239773,77.77247353772105,70.62251811916815,61.031383545029655,,80.48439883186043,"rgba(0, 255, 0, 1.0)",10.541726017035193,95.01642061269362,2.4355046950676855,72.64685876634275,14.738337341226952,True,False,True,False,True,20.0,0.0,0.0,0.0,0.0,0,1.022332699021972,0.7845248012961265,False,False,False,False,0.3075502246316392,0.3169542197678423,False,False,False,False,260545975,231775096.21147662,False,False,False,False,3651655.42929431,False,False,False,False
2025-04-23 00:00:00+00:00,117.8405067996,118.7474322156,113.3265097812,113.9237849481,7322117,,,,113.72465667978592,107.76011212913839,101.7952628546654,97.82224716779574,94.98088608742,93.03625951992795,91.2042275940102,87.79323505277272,83.88746502892225,78.13455711405854,72.3356847430241,70.94748986301585,69.20153328976753,68.00364619163372,67.10377337571562,66.52648446274904,64.79871265316986,63.53262009047899,62.42492661466367,61.84794570167659,61.264662390595696,,101.7952628546654,87.79323505277272,78.13455711405854,70.94748986301585,61.264662390595696,,80.8430863107196,"rgba(0, 255, 0, 1.0)",10.584389870386445,95.31612758377815,2.128075353577227,68.93787144532,14.738337341226952,True,False,True,False,False,18.385501152235136,0.0,0.0,0.0,0.0,0,0.9886148147244562,0.8222560875067342,False,False,False,False,0.16303869364837356,0.23999645670810793,False,False,False,False,253223858,232616224.12475207,False,False,False,False,3795595.098733749,False,False,False,False
2025-04-24 00:00:00+00:00,119.225810457,119.584594138,117.1827367176,119.0464186164,3367374,,,,113.96440660942392,108.01548165332609,102.04138951022892,98.06944360993072,95.20878669047582,93.25028027528482,91.40764545886763,87.98735367946169,84.06996760551657,78.30746517984126,72.49396843159847,71.10196507718645,69.3507126510926,68.14781583181124,67.24387970184667,66.66215601174655,64.9253031417426,63.65164365708372,62.538978322817535,61.960216762411086,61.37519109672184,,102.04138951022892,87.98735367946169,78.30746517984126,71.10196507718645,61.37519109672184,,81.01994299308473,"rgba(0, 255, 0, 1.0)",10.616706206988182,95.51203519792125,2.233628283268284,67.19909525152431,14.738337341226952,True,False,True,False,False,19.32964593841506,0.0,0.0,0.0,0.0,0,1.0196793940240911,0.8132886002451524,False,False,False,False,0.21722214988652544,0.22860930329731668,False,False,False,False,256591232,233556420.5120167,False,False,False,False,3778802.1144696805,False,False,False,False
2025-04-25 00:00:00+00:00,118.1095945604,119.0693409072,116.0565546077,116.614662556,3215241,,,,114.13185575561464,108.22829016659959,102.25715600587922,98.28976785362659,95.41396614836177,93.44405068789791,91.592624352141,88.16495161885666,84.23786329760355,78.46746105751635,72.64110610194987,71.24569818140722,69.48967543958985,68.28221744764737,67.37456868480704,66.78876257033741,65.04356236258802,63.76292034820842,62.64566998527986,62.06527120196451,61.47864278056433,,102.25715600587922,88.16495161885666,78.46746105751635,71.24569818140722,61.47864278056433,,81.17837196339386,"rgba(0, 255, 0, 1.0)",10.560527930550736,95.68142458825392,2.1237735575002112,65.014758116683,14.738337341226952,True,False,True,False,False,18.05373057298387,0.0,0.0,0.0,0.0,0,1.0204750318572884,0.8201008141385006,False,False,False,False,0.19814499274856257,0.2133771480229396,False,False,False,False,253375991,234333658.570369,False,False,False,False,3756701.6786081246,False,False,False,False
2025-04-28 00:00:00+00:00,118.6178714418,118.6876349354,115.7874668469,117.302331278,3125082,,,,114.27902093093617,108.42540686859692,102.4606388817727,98.49872471661885,95.60942647144206,93.62910954427696,91.76962092359771,88.33527573010979,84.39922523523377,78.62154467919764,72.78305410307352,71.38441259245822,69.62384666739256,68.41202926324529,67.50082721908898,66.91110479402607,65.15789592922587,63.87054405388806,62.74888636400473,62.16691450298159,61.57874572952037,,102.4606388817727,88.33527573010979,78.62154467919764,71.38441259245822,61.57874572952037,,81.32937547355837,"rgba(0, 255, 0, 1.0)",10.52891070023621,95.84447112260634,2.16293982991828,63.86817615800803,22.41440351967522,True,False,True,False,False,18.409397968756114,0.0,0.0,0.0,0.0,0,1.0084377407867746,0.8240577924721618,False,False,False,False,0.19062128515179524,0.20199921658736741,False,False,False,False,256501073,235202968.94015846,False,False,False,False,3731932.279447022,False,False,False,False
2025-04-29 00:00:00+00:00,115.9768249008,118.4883106681,115.6778384999,117.5465035054,2927239,,,,114.36966198962428,108.58393651661127,102.63444385650644,98.6805945429695,95.78141435473836,93.79293120298493,91.92704322760157,88.48776091982103,84.54454433292881,78.7611752707195,72.9123135067213,71.51085306149646,69.74629125164537,68.53059214855334,67.61621371892981,67.02296107555408,65.26254581424308,63.9691309129678,62.843493969655036,62.260106659411626,61.670551209174526,,102.63444385650644,88.48776091982103,78.7611752707195,71.51085306149646,61.670551209174526,,81.46190041668419,"rgba(0, 255, 255, 0.75)",10.47127396947216,95.98199636796511,1.9094933998601886,60.66383051338944,19.04145794063463,False,False,True,False,False,15.415271173891679,0.0,0.0,0.0,0.0,0,1.0316914223107687,0.8219938930224515,False,False,False,False,0.18705704095970513,0.19452812877353626,False,False,False,False,253573834,235923395.02093658,False,False,False,False,3700375.6802530214,False,False,False,False
2025-04-30 00:00:00+00:00,117.1827367176,117.3122974913,115.598108793,115.9369600473,2855212,,,,114.45121831706409,108.73252627380579,102.79974149817396,98.85436412193525,95.94636013526505,93.95038314471863,92.07858791963088,88.63483705252938,84.6849615604993,78.8963283082278,73.03761414671975,71.63345958892727,69.86506907114318,68.64563862447432,67.7282030669994,67.13154573743272,65.36417940693524,64.06490805052417,62.93542629881191,62.35067185263669,61.75977675098412,,102.79974149817396,88.63483705252938,78.8963283082278,71.63345958892727,61.75977675098412,,81.58930120882272,"rgba(0, 255, 0, 1.0)",10.43996318661287,96.11537025230422,2.0179540951169628,59.38674443216747,17.5210005387424,False,True,True,False,False,16.292049797025598,0.0,0.0,0.0,0.0,0,1.0338079232031425,0.8188865464873096,False,False,False,False,0.17261736342611886,0.18357274609982754,False,False,False,False,256429046,236727538.19658613,False,False,False,False,3667232.006517609,False,False,False,False
2025-05-01 00:00:00+00:00,112.1796976096,114.6114536701,111.5717585945,114.362298336,4752105,,,,114.35956556751422,108.8524697371777,102.99138232938374,99.07449103205836,96.16454063346207,94.16346500005452,92.28733046330359,88.84261655689947,84.88775162724819,79.09610120824912,73.22604213624979,71.81847426036214,70.04503702886862,68.82042164692972,67.89867235095136,67.2970472609542,65.51962988694052,64.21176146574935,63.07666328923006,62.48994199972723,61.89711661924166,,102.99138232938374,88.84261655689947,79.09610120824912,71.81847426036214,61.89711661924166,,81.7561702740657,"rgba(0, 255, 255, 0.75)",10.256591110592408,96.25398135273565,1.5527299553179221,54.66053584326228,12.793683245486775,False,True,False,False,False,10.938579150718489,0.0,0.0,0.0,0.0,0,1.0030525905792882,0.827089315292418,False,False,False,False,0.0963143708323176,0.13994355846607257,False,False,False,False,251676941,237313789.2869161,False,False,False,False,3709776.045477703,False,False,False,False
2025-05-02 00:00:00+00:00,110.7445628854,114.1131430019,109.5884821353,113.6148323338,4222852,,,,114.22526464886325,108.91981617797572,103.13372461407148,99.24627076442533,96.33887303666178,94.335817563967,92.45773454086606,89.01437317281136,85.05719774582562,79.26485593904165,73.38651517922901,71.97629808061397,70.19885347700252,68.97000361108576,68.04470288111537,67.43892079827135,65.65312288881408,64.33803112275079,63.19822188599289,62.60986177913676,62.015426626877215,,103.13372461407148,89.01437317281136,79.26485593904165,71.97629808061397,62.015426626877215,,81.89042299542609,"rgba(38, 166, 154, 1.0)",10.076716043857166,96.35782937325897,1.4277204447882883,50.59612183519772,8.841279710011335,False,True,False,False,False,9.488365217284265,0.0,0.0,0.0,0.0,0,0.9867989183849732,0.8347703707152212,False,False,False,False,0.06849278030590282,0.10421816938598769,False,False,False,False,247454089,237711448.09919393,False,False,False,False,3729896.6711452445,False,False,False,False
2025-05-05 00:00:00+00:00,113.9138187347,114.0732781485,111.8308801419,113.8739538812,3390934,,,,114.19085256815696,109.00753073949605,103.26840049436285,99.40049155635731,96.49223092331016,94.48594817489169,92.60506795771155,89.16126023981329,85.20082180403222,79.40655854273,73.52041420907752,72.10782673441823,70.32686478036342,69.09438742560778,68.16606305244571,67.55679175952824,65.76392357200957,64.44277046450175,63.29899543071958,62.7092453152643,62.11344533495922,,103.26840049436285,89.16126023981329,79.40655854273,72.10782673441823,62.11344533495922,,82.01032228723992,"rgba(0, 255, 255, 0.75)",9.932531307759849,96.46840468861134,1.75639154869407,50.34829148744009,8.462854778453355,False,True,False,False,False,11.888262176665904,0.0,0.0,0.0,0.0,0,1.0029240864444713,0.8237711700001209,False,False,False,False,0.09317920380219806,0.09869868659409287,False,False,False,False,250845023,238226490.25216672,False,False,False,False,3716604.017374843,False,False,False,False
2025-05-06 00:00:00+00:00,118.7274997888,118.9168578427,115.4313740434,116.0067235408,5477137,,,,114.38387266408411,109.28128523768294,103.57135919682516,99.71967000764937,96.79786991003533,94.77935452987472,92.88864402087347,89.43759940469097,85.4657830926016,79.6625073033858,73.758636947022,72.34113363859404,70.55314549641203,69.3137777565729,68.37978896192199,67.76418642555781,65.95835384343816,64.62623053296072,63.47523264895548,62.882909967390795,62.28458680655924,,103.57135919682516,89.43759940469097,79.6625073033858,72.34113363859404,62.28458680655924,,82.25206707932645,"rgba(0, 255, 0, 1.0)",9.853612132181802,96.74030979179615,2.231383750654636,53.13501464661088,8.462854778453355,False,True,False,False,False,15.279007047678057,0.0,0.0,0.0,0.0,0,1.0130613981053838,0.8116116259864078,False,False,False,False,0.1891570713734973,0.14392787898379508,False,False,False,False,256322160,238936124.3599249,False,False,False,False,3785644.526497398,False,False,False,False
2025-05-07 00:00:00+00:00,116.9036827435,117.8504730129,115.2592575386,116.2359464482,3161040,,,,114.45440573717968,109.41332496065473,103.72825805121718,99.88868220884335,96.96186335038138,94.93794237719966,93.04279038962179,89.58898700627499,85.61196192127537,79.80474914632438,73.89179015826075,72.47169286342188,70.6799517231577,69.43684349627397,68.49976393950769,67.88067059251038,66.06770383941547,64.72951163934563,63.57452105314165,62.980781933375624,62.381068628144206,,103.72825805121718,89.58898700627499,79.80474914632438,72.47169286342188,62.381068628144206,,82.38230981936917,"rgba(0, 255, 0, 1.0)",9.737730491692146,96.88094253529538,2.0562019276757812,53.651255846740824,8.462854778453355,False,True,False,False,False,13.441956115101526,0.0,0.0,0.0,0.0,0,1.0199744933072235,0.8085223029443053,False,False,False,False,0.17490447201287926,0.15941617549833717,False,False,False,False,253161120,239493967.32620236,False,False,False,False,3761150.2313406374,False,False,False,False
2025-05-08 00:00:00+00:00,114.2726024157,116.8785320074,113.8739538812,116.0266559676,2512697,,,,114.46765968565393,109.49167822830583,103.83463900462792,100.00756941145055,97.07946701706842,95.05285340579259,93.15537959870053,89.70081394861202,85.7210169007466,79.91197435846047,73.99295392575101,72.57104286297582,70.77662675024949,69.53078492003881,68.59142986166042,67.96972617767952,66.15144471870187,64.80869858364042,63.650717647296005,63.055924692888695,62.45517629833308,,103.83463900462792,89.70081394861202,79.91197435846047,72.57104286297582,62.45517629833308,,82.47612008501505,"rgba(0, 255, 255, 0.75)",9.645187480136796,96.97565503147517,1.7933241235430621,52.20699780953076,8.462854778453355,False,True,False,False,False,10.869775202979646,0.0,0.0,0.0,0.0,0,1.004829058329505,0.8219798323124594,False,False,False,False,0.14796570836954592,0.15369094193394156,False,False,False,False,250648423,239931396.96046895,False,False,False,False,3712191.2810919853,False,False,False,False
2025-05-09 00:00:00+00:00,116.9236151702,117.1329056508,113.9536835881,115.1147474449,2384329,,,,114.50175256353721,109.57707528699785,103.94257193935147,100.12603630098245,97.19576925562349,95.16606048908976,93.26597108273674,89.81015843813444,85.82724546595163,80.01598705919845,74.09080794857479,72.66708955035335,70.87002870964352,69.62151224886716,68.67993678597682,68.05570249099257,66.23225588992192,64.88509460817268,63.724209893048325,63.128389984087626,62.526633060520076,,103.94257193935147,89.81015843813444,80.01598705919845,72.66708955035335,62.526633060520076,,82.5691827995621,"rgba(0, 255, 0, 1.0)",9.59552635073702,97.073331078915,2.068701951900775,52.90107333758537,8.462854778453355,False,True,False,False,False,12.731698663048064,0.0,0.0,0.0,0.0,0,1.0102597167837568,0.818067958276381,False,False,False,False,0.1517700432942699,0.15273049261410573,False,False,False,False,253032752,240445175.58947018,False,False,False,False,3660118.2504609274,False,False,False,False
2025-05-12 00:00:00+00:00,106.1003074584,110.5253061914,104.7648348678,110.1166914435,7488211,,,,114.0213014746922,109.48028071994875,104.02895884766409,100.28524594664772,97.38388567114713,95.36570687879296,93.47357085964273,90.03337403017126,86.05938199827989,80.25919475211727,74.3307460474904,72.90478939338011,71.1036937819153,69.85008766325836,68.90404674105487,68.27412793361388,66.43941147694856,65.08215661220152,63.914735405916566,63.316713251835246,62.71278302198697,,104.02895884766409,90.03337403017126,80.25919475211727,72.90478939338011,62.71278302198697,,82.72557047433594,"rgba(38, 166, 154, 0.5)",9.40976370619093,97.14357160714934,0.9518555546041805,47.83026553080473,5.019448314659591,False,True,False,True,False,3.2651903514424205,0.0,0.0,0.0,0.0,0,0.979706055047324,0.8205941510132589,False,False,False,False,-0.05100334417488159,0.05086357421961207,False,False,False,False,245544541,240645150.7036086,False,False,False,False,3810239.5347565776,False,False,False,False
2025-05-13 00:00:00+00:00,106.63848298,106.7780099671,104.8046997213,105.7415237773,3107339,,,,113.8120143847748,109.42526530028215,104.05169860457646,100.33933562594723,97.45163567013624,95.43934535430094,93.5513797432461,90.11870075094484,86.14947630061702,80.35492352733431,74.42611771018493,72.99945146686916,71.19695721948383,69.94145775836604,68.9937302716744,68.36160655767543,66.52254301278514,65.1613506207563,63.99138581434669,63.392515359286996,62.78774684202227,,104.05169860457646,90.11870075094484,80.35492352733431,72.99945146686916,62.78774684202227,,82.78404455267945,"rgba(38, 166, 154, 1.0)",9.24407184750925,97.16467324242942,1.0248524561309247,44.79139829633877,2.0281304714262447,False,True,False,True,False,3.6557882345664616,0.0,0.0,0.0,0.0,0,0.9651682361718167,0.8502916631257305,False,False,False,False,-0.0955143200023407,-0.022325372891364312,False,False,False,False,248651880,240959140.0877808,False,False,False,False,3782674.8079033783,False,False,False,False
2025-05-14 00:00:00+00:00,104.4259836135,104.9641591351,103.0307137427,104.4060511868,4786624,,,104.14028549710001,113.43497759309297,109.29697859624125,104.05319062302483,100.39327122711572,97.53101211548874,95.53055186605712,93.65115737498162,90.23266393435269,86.27336912204302,80.4900233608275,74.56300731713966,73.13575597641385,71.33174264874013,70.07382473322568,69.12387785074087,68.4887032337495,66.64369397531294,65.27700919037107,64.10351635620779,63.503492614362635,62.89758184038238,,104.05319062302483,90.23266393435269,80.4900233608275,73.13575597641385,62.89758184038238,,84.88843062961135,"rgba(38, 166, 154, 0.5)",9.056160466031697,98.50728654988029,0.6535547913290461,41.871984733850134,-0.8159985551403395,False,True,False,True,False,1.8992596065196068,0.0,0.0,0.0,0.0,0,0.9518570709567287,0.8460539825585139,False,False,False,False,-0.15453033000321634,-0.08842785144729032,False,False,False,False,243865256,241073105.41767177,False,False,False,False,3822045.364456187,False,False,False,False
2025-05-15 00:00:00+00:00,106.1501385252,106.2597668722,104.4474109722,105.3827400963,4177073,,,104.82941398107377,113.17783662883492,109.22068740993961,104.07587249873536,100.45719124902686,97.61391461554432,95.62200038433919,93.74876595619068,90.34102642399417,86.38893280662603,80.61396496103896,74.68735969329582,73.2593586459608,71.45372709467725,70.19347914393401,69.24143012137309,68.60344937619833,66.75292568872267,65.38119917533159,64.20445257933885,63.60335111651481,62.99637402752955,,104.07587249873536,90.34102642399417,80.61396496103896,73.2593586459608,62.99637402752955,,84.99334942170881,"rgba(38, 166, 154, 0.5)",8.871984718537702,98.56414656198066,0.8550501611402326,41.12033391216557,-1.6558424559333673,False,True,False,True,False,3.1747256220018762,0.0,0.0,0.0,0.0,0,0.9510087348152337,0.8454694821748344,False,False,False,False,-0.12045183200632832,-0.10443984172680931,False,False,False,False,248042329,241346408.30325326,False,False,False,False,3835968.016830454,False,False,False,False
2025-05-16 00:00:00+00:00,106.090341245,106.1102736718,103.6137372244,103.6486189712,3868732,,,104.96267960466035,112.94404307750813,109.14624459133216,104.09169947139345,100.51111934066266,97.68592641401474,95.70233746439415,93.83515334037847,90.43778419955702,86.49282823246541,80.72609099363518,74.80036315131541,73.37178026178057,71.56479348059555,70.30250409349047,69.34859743659703,68.70810220764761,66.8526493989713,65.47638960134367,64.29672003259105,63.694655056402944,63.08672393010248,,104.09169947139345,90.43778419955702,80.72609099363518,73.37178026178057,63.08672393010248,,85.06289031971673,"rgba(38, 166, 154, 0.5)",8.681380156982323,98.58949464536573,0.8640154519211369,40.59106710819822,-2.4029106542815626,False,True,False,True,False,3.1264837151609655,0.0,0.0,0.0,0.0,0,0.9411177876246936,0.8453425384832886,False,False,False,False,-0.1327685203303758,-0.11860418102859256,False,False,False,False,244173597,241457278.4482237,False,False,False,False,3837252.8789155344,False,False,False,False
2025-05-19 00:00:00+00:00,107.8543610102,108.4224351719,106.8178748205,108.1732798378,2868723,,,105.46248485275153,112.83148723259482,109.12628387458315,104.12675741031335,100.57032551700675,97.75526107236935,95.77594001890579,93.91179561258542,90.52033163103061,86.57899396128504,80.81673330627709,74.89024987171629,73.46093718491575,71.65257661127379,70.3884912379545,69.43299349038024,68.79044397081745,66.93091317728566,65.55096846505225,64.36890676556392,63.76603704034448,63.15731054747681,,104.12675741031335,90.52033163103061,80.81673330627709,73.46093718491575,63.15731054747681,,85.14714376323313,"rgba(38, 166, 154, 1.0)",8.579879638123513,98.6508352626411,1.072687046408472,41.542949790167285,-2.4029106542815626,False,True,False,True,False,4.437262670493151,0.0,0.0,0.0,0.0,0,0.9549777716392697,0.8408149609807772,False,False,False,False,-0.0640724561174443,-0.09133831857301844,False,False,False,False,247042320,241676299.68554828,False,False,False,False,3799271.315036494,False,False,False,False
2025-05-20 00:00:00+00:00,112.189663823,112.3889880902,107.8543610102,107.8643272236,4861106,,,106.72692380756149,112.7606035078301,109.16473842586937,104.23507552856307,100.7113088647665,97.90668628030718,95.93065069288872,94.06864115450172,90.68344490627241,86.74470217310171,80.98657110997709,75.0557939664782,73.62460259259471,71.81311888468848,70.54538025520868,69.58672417499682,68.94028215499524,67.07292418059359,65.68603323398237,64.49943024105684,63.89500095289028,63.28473586938106,,104.23507552856307,90.68344490627241,80.98657110997709,73.62460259259471,63.28473586938106,,85.33718180681173,"rgba(0, 255, 255, 0.75)",8.472065006338184,98.82144439782729,1.5779174752756948,44.98509218450678,-2.4029106542815626,False,True,False,True,True,7.523321352961645,0.0,0.0,0.0,0.0,0,0.9666462511758578,0.8154524639625077,False,False,False,False,-0.028615544071210683,-0.05997693132211456,False,False,False,False,251903426,242077363.4625856,False,False,False,False,3840911.8909174157,False,False,False,False
2025-05-21 00:00:00+00:00,115.2393251119,115.5881425796,112.5085826506,114.1629740688,4254435,,,108.05012762940733,112.8107913682218,109.26816225908064,104.37785859264653,100.87481827221468,98.0728811281975,96.09590195985788,94.23282603516222,90.8494556175876,86.90950316664394,81.15156430657555,75.2140309360923,73.78055457672562,71.96554293626636,70.6939969244935,69.73211394766426,69.08185305414447,67.20672492388479,65.81304934291148,64.6219811945618,64.01598978668892,63.40418597620902,,104.37785859264653,90.8494556175876,81.15156430657555,73.78055457672562,63.40418597620902,,85.540186908617,"rgba(0, 255, 255, 0.75)",8.431390945598435,99.02557143809418,1.923022402640472,48.93771020492039,-7.801517714350425,False,True,False,False,True,9.577150486161134,0.0,0.0,0.0,0.0,0,0.9815550297264,0.8207378903069714,False,False,False,False,0.07602458093483197,0.008023824806358704,False,False,False,False,256157861,242629539.83660185,False,False,False,False,3857128.483430458,False,False,False,False
2025-05-22 00:00:00+00:00,114.2028389222,115.7127202466,113.4952377735,114.252669989,3324572,,,108.80859428294494,112.84854289759117,109.34657971497148,104.4869543196126,101.00013528847386,98.20063926411375,96.22316894488527,94.35945195462963,90.97771198315007,87.03704145981962,81.27946342405464,75.33687895422086,73.90166842181249,72.08396559216247,70.80949866071101,69.84513549186806,69.19193054523457,67.310811690709,65.91189535314729,64.71737690141303,64.11017906062449,63.4971865249801,,104.4869543196126,90.97771198315007,81.27946342405464,73.90166842181249,63.4971865249801,,85.68387225727628,"rgba(0, 255, 255, 0.75)",8.380689506560683,99.16950137245556,1.7938067670894915,50.86802318464529,-5.904032895982432,False,True,False,False,True,8.693685902150499,0.0,0.0,0.0,0.0,0,0.9821043491979106,0.8199462091140856,False,False,False,False,0.09091262390094598,0.04946822435365234,False,False,False,False,252833289,243029686.86261746,False,False,False,False,3836243.9154527932,False,False,False,False
2025-05-23 00:00:00+00:00,117.2226015711,117.7807095194,116.0166897542,116.8239530366,3314006,,,109.67231159128418,112.94074495549226,109.4599783292783,104.62042020043371,101.14586869987026,98.34557271698702,96.36568094469307,94.49982995736404,91.11783649768269,87.17465130865571,81.41565097658825,75.46646125987101,74.02918530739085,72.20838168195556,70.9306817302004,69.9636022089664,69.30724511708584,67.41966825811546,66.0151542138113,64.81693606028281,64.20843084195985,63.594151206213006,,104.62042020043371,91.11783649768269,81.41565097658825,74.02918530739085,63.594151206213006,,85.84579310080045,"rgba(0, 255, 0, 1.0)",8.415399180968324,99.34048311675099,2.1249281311325023,53.7621516796909,-3.085766440893252,False,True,True,False,True,10.690753341537928,0.0,0.0,0.0,0.0,0,0.9785519669647934,0.8171805566238804,False,False,False,False,0.15290433653178387,0.1011862804427181,False,False,False,False,256147295,243544102.86800504,False,False,False,False,3815763.997199743,False,False,False,False
2025-05-27 00:00:00+00:00,115.9070614072,117.8106081595,114.6214198834,115.0101022046,2948574,,,110.22431193603599,113.00211965566214,109.54646929079868,104.7284027178003,101.2661383831642,98.46657339866469,96.48542633595191,94.61837230587581,91.23698742277095,87.29239306636977,81.53293081656601,75.57861327455446,74.13966249648779,72.31630395163454,71.03588802003935,70.06651372414599,69.40746405673951,67.51438295745304,66.10507264517717,64.90368744456647,64.29406776339547,63.6786902601791,,104.7284027178003,91.23698742277095,81.53293081656601,74.13966249648779,63.6786902601791,,85.97338569502294,"rgba(0, 255, 255, 0.75)",8.426411028291602,99.47242262700136,1.9503723145025187,54.72762945859729,-2.063207167960357,False,True,True,False,True,9.558611312093905,0.0,0.0,0.0,0.0,0,0.9641773434276688,0.8181444829308757,False,False,False,False,0.13436074265671652,0.11777351154971731,False,False,False,False,253198721,243922715.34376955,False,False,False,False,3781756.546329165,False,False,False,False
2025-05-28 00:00:00+00:00,117.4717569051,117.5614528254,115.7276695667,116.0964194611,2194275,,,110.62577583818477,113.05773204890015,109.61712385617527,104.81305891567865,101.35919260132418,98.55962632035575,96.57722691991916,94.70903043012505,91.32777636117589,87.38183130162379,81.62172057268337,75.66332811394653,74.22307589244555,72.39774804157544,71.11525962029823,70.1441386488339,69.48305133808543,67.58579597046469,66.1728559204453,64.96907075608608,64.35860398616933,63.74239212608,,104.81305891567865,91.32777636117589,81.62172057268337,74.22307589244555,63.74239212608,,86.07022097341635,"rgba(0, 255, 0, 1.0)",8.446046097756774,99.57400953435584,2.1190681608401007,56.23433132190874,-0.45378951611318996,False,False,True,False,True,10.591397623908588,0.0,0.0,0.0,0.0,0,0.9647811052357753,0.8269682813285201,False,False,False,False,0.1459897171786498,0.13188161436418355,False,False,False,False,255392996,244372530.27146485,False,False,False,False,3719502.368041747,False,False,False,False
2025-05-29 00:00:00+00:00,117.770743306,118.5481079483,116.2060478081,117.9102702931,3668640,,,111.25283156093052,113.16089692180223,109.74154694942357,104.95874897822124,101.51811096117972,98.71804008544817,96.7332645844953,94.8629372194627,91.48159721107004,87.5331171236725,81.77163475934461,75.80619887176387,74.36372237689896,72.53504289377933,71.24904624367718,70.2749722053515,69.61045088563927,67.70614998579077,66.28708919220536,65.07925282129649,64.46735332573768,63.849730290355666,,104.95874897822124,91.48159721107004,81.77163475934461,74.36372237689896,63.849730290355666,,86.23223259157265,"rgba(0, 255, 0, 1.0)",8.491640201377308,99.74540448188566,2.1227158000866204,57.407252580552964,0.8784998474055357,False,False,True,False,True,10.78898673914265,0.0,0.0,0.0,0.0,0,0.9607284622194485,0.8336895353153273,False,False,False,False,0.16596010152368443,0.148920857943934,False,False,False,False,259061636,244948573.63336822,False,False,False,False,3717507.7653734433,False,False,False,False
2025-05-30 00:00:00+00:00,117.99,118.84,116.32,117.49,2614996,,,111.64700625252101,113.23494725830602,109.83018264016526,105.06226239039277,101.63094291223149,98.8305839762816,96.8441764860918,94.9723769867312,91.59101048719745,87.64077219419742,81.87834945074744,75.90794850572429,74.4638996122636,72.6328482725976,71.34436633122208,70.36819908702338,69.70124233925456,67.79194179731229,66.3685344641263,65.15781960512376,64.54490172790042,63.926275464826816,,105.06226239039277,91.59101048719745,81.87834945074744,74.4638996122636,63.926275464826816,,86.34497055247557,"rgba(0, 255, 0, 1.0)",8.503876205185408,99.86471841705583,2.131414092304391,58.32207154618815,2.0091104368769592,False,False,True,False,True,10.936051355697295,0.0,0.0,0.0,0.0,0,0.967117230952232,0.8233307007369696,False,False,False,False,0.17151492221767475,0.1602178900808044,False,False,False,False,261676632,245604575.92225572,False,False,False,False,3674272.0098686023,False,False,False,False
2025-06-02 00:00:00+00:00,124.28,124.65,119.77,120.185,4025441,,,112.61270587434763,113.47087504747206,110.05002737136175,105.2823057836309,101.85658209644903,99.04808703628126,97.05447204134761,95.17674117540501,91.7907298002723,87.83330355023544,82.0649705098166,76.08291590842975,74.63557971927233,72.79979689045389,71.50665318350924,70.5266278168263,69.8553512635667,67.93708499648001,66.50601087149333,65.29018770322075,64.67543089355622,64.054995922461,,105.2823057836309,91.7907298002723,82.0649705098166,74.63557971927233,64.054995922461,,86.5690504319936,"rgba(0, 255, 0, 1.0)",8.656471034498868,100.11917743595767,2.791070687784151,62.094851615298026,5.79270749203927,True,False,True,False,True,14.96137772112198,0.0,0.0,0.0,0.0,0,0.9774445951981224,0.800723793799937,False,False,False,False,0.3019032987166451,0.23106059439872476,False,False,False,False,265702073,246392713.06255943,False,False,False,False,3688043.3428149316,False,False,False,False
2025-06-03 00:00:00+00:00,122.51,123.43,120.95,122.69,2875020,,,113.17197347299903,113.6221091061216,110.19540732167707,105.43090005035208,102.01029069349367,99.19717058712236,97.19914373111426,95.3177423906486,91.92908282435023,87.96718589573659,82.1952675195923,76.20548416110998,74.75592917313368,72.91692866857225,71.620583067743,70.6378990999225,69.96362663117142,68.03914813400766,66.602743534875,65.38336954714194,64.76733723401591,64.14564716389057,,105.43090005035208,91.92908282435023,82.1952675195923,74.75592917313368,64.14564716389057,,86.71809928054425,"rgba(0, 255, 0, 1.0)",8.768753049450224,100.28683311720684,2.5343588486833366,63.016485488724555,6.820109897529406,True,False,True,False,True,13.36706190215589,0.0,0.0,0.0,0.0,0,0.9895558676603571,0.7996531033043462,False,False,False,False,0.30132121510509396,0.2661909047519094,False,False,False,False,262827053,247037196.98167473,False,False,False,False,3656160.0744692483,False,False,False,False
2025-06-04 00:00:00+00:00,123.61,124.04,122.35,122.95,2255930,,,113.61248332723585,113.75095014597777,110.31665474560951,105.55274771871656,102.13537254585778,99.31800941430677,97.31614794528596,95.43157082201101,92.04044422884972,88.07466309355952,82.29954546479479,76.30335792232846,74.85198851104421,73.01037191998546,71.71144416381793,70.72662093510283,70.04995084387325,68.12049066211982,66.67982026360254,65.45760106333859,64.84054379212546,64.21784529568995,,105.55274771871656,92.04044422884972,82.29954546479479,74.85198851104421,64.21784529568995,,86.83801178687092,"rgba(0, 255, 0, 1.0)",8.811341391703458,100.4229642623183,2.631498963314943,64.15596324779885,8.110203090369325,True,False,True,False,True,14.052030780995302,0.0,0.0,0.0,0.0,0,0.9913926853788536,0.8003340559814549,False,False,False,False,0.33082683161170245,0.2985088681818059,False,False,False,False,265082983,247744874.8647463,False,False,False,False,3601249.091156729,False,False,False,False
2025-06-05 00:00:00+00:00,122.06,126.65,121.64,125.69,3043269,,,114.15600983220455,113.92148771199331,110.47815094908944,105.71557864906715,102.30271818674781,99.47990046284174,97.47303804798683,95.58430476679243,92.18998176341941,88.21909631151125,82.43978014104617,76.43507410533205,74.98128345062804,73.13617120130178,71.83378774530047,70.84609955529208,70.166215469084,68.23007506302554,66.78367963995521,65.55764047645853,64.93920698393077,64.31515424612654,,105.71557864906715,92.18998176341941,82.43978014104617,74.98128345062804,64.31515424612654,,86.9965036764539,"rgba(0, 255, 0, 1.0)",8.833483132437742,102.65316289717082,2.196963169778936,63.47696222702098,8.110203090369325,True,False,True,False,True,12.65138064681334,0.0,0.0,0.0,0.0,0,0.9856962708728034,0.8009770720029272,False,True,False,False,0.3428282514936591,0.32066855983773246,False,False,False,False,262039714,248305456.791619,False,False,False,False,3579367.5189545043,False,False,False,False
2025-06-06 00:00:00+00:00,117.97,121.94,117.18,121.4,3712899,,,114.46380546210546,114.0287730139583,110.60455259274434,105.8617463849775,102.46142465174918,99.63861304407709,97.62977924741361,95.73920387328461,92.34498070640089,88.37181274342721,82.59128154847284,76.57976502009893,75.12379881406184,73.27539513071235,71.96955521015407,70.97894988558396,70.29566895262815,68.35253093900653,66.90003480581547,65.66994290292631,65.05007150046569,64.42460118862775,,105.8617463849775,92.34498070640089,82.59128154847284,75.12379881406184,64.42460118862775,,87.14408074647994,"rgba(0, 255, 255, 0.75)",8.788412293457558,102.680280145455,1.7397590536264749,59.73922588984911,8.110203090369325,False,False,True,False,False,9.090178331162821,0.0,0.0,0.0,0.0,0,0.9679034365904788,0.8220188643601636,False,False,False,False,0.21382723021209937,0.2672478950249159,False,False,False,False,258326815,248698451.23116338,False,False,False,False,3584604.0476229554,False,False,False,False
2025-06-09 00:00:00+00:00,118.5,118.91,116.4616,117.75,1606031,,,114.55669400156995,114.06413835532639,110.65126254604164,105.91891198172165,102.52475977738558,99.70271521682895,97.69351086086691,95.80251676221857,92.40879977024734,88.43510772152793,82.65450821100208,76.64047360195867,75.18365987504134,73.33394980690082,72.02670708181192,71.03491026763749,70.3502243875122,68.40419961143023,66.94917187891183,65.71740010006687,65.09693549882373,64.47087997499419,,105.91891198172165,92.40879977024734,82.65450821100208,75.18365987504134,64.47087997499419,,87.20268109080043,"rgba(0, 255, 255, 0.75)",8.741300213162818,102.70804561103421,1.8065910109329002,57.59928758634817,13.444779365624193,False,False,True,False,False,9.442376887048937,0.0,0.0,0.0,0.0,0,0.961936483508301,0.8465732078630498,False,False,False,False,0.16326636102786835,0.21525712802639213,False,False,False,False,259932846,249139015.7319021,False,False,False,False,3507012.9477161733,False,False,False,False
2025-06-10 00:00:00+00:00,117.05,119.187,115.735,118.68,2246150,,,114.6559139861701,114.10467140745051,110.71002676358064,105.99380388021854,102.60887606179783,99.7885341122312,97.779212361087,95.88794803500116,92.49532476807578,88.52128845821841,82.74097773982292,76.72378409367228,75.26586458392731,73.41442738859423,72.10530158596606,71.1118985065169,70.42530289700798,68.47536061258526,67.01688406534466,65.78282534671365,65.1615556417225,64.53470548938904,,105.99380388021854,92.49532476807578,82.74097773982292,75.26586458392731,64.53470548938904,,87.28041133269912,"rgba(0, 255, 255, 0.75)",8.626126702017912,102.74938179224905,1.6578261254156628,55.06363577395814,10.969241405442553,False,False,True,False,False,8.201201684658002,0.0,0.0,0.0,0.0,0,0.9516622819376442,0.8566683933601702,False,False,False,False,0.1572619282505912,0.18625952813849167,False,False,False,False,257686696,249474218.87967065,False,False,False,False,3457567.341923382,False,False,False,False
2025-06-11 00:00:00+00:00,118.91,118.94,116.94,117.15,3484745,,,114.84600472608122,114.18337563262888,110.81183543078654,106.11753939109536,102.74571133936917,99.92707827730948,97.9170206265051,96.02490402625754,92.63341301606178,88.65830626870259,82.87789947366194,76.85533613187201,75.395600857356,73.54136013161356,72.22921889428477,71.23325240117822,70.54363161024496,68.58746821394503,67.12353006297485,65.88584427912134,65.26329306767332,64.63517835703684,,106.11753939109536,92.63341301606178,82.87789947366194,75.395600857356,64.63517835703684,,87.40691653955251,"rgba(0, 255, 255, 0.75)",8.553378721815747,102.8541498726778,1.8771354162503164,54.72211131241198,10.533878445517615,False,True,True,False,False,9.462111291643112,0.0,0.0,0.0,0.0,0,0.9653138594131508,0.851223825048457,False,False,False,False,0.17007018128245008,0.1781648547104709,False,False,False,False,261171441,249932933.47262475,False,False,False,False,3458633.1324361907,False,False,False,False
2025-06-12 00:00:00+00:00,122.09,122.84,120.455,120.83,2926822,,,115.14051736315882,114.3024718915601,110.93478062163702,106.24921472256976,102.88454264299789,100.06395024971211,98.05118393540626,96.15670691479595,92.76407883266917,88.7860276216082,83.00348300855781,76.9745528860536,75.5128897778079,73.65579175584264,72.34072889080875,71.3423131343031,70.64988586030017,68.68790399906143,67.21892128605678,65.97787054919166,65.35411501452766,64.72481336233173,,106.24921472256976,92.76407883266917,83.00348300855781,75.5128897778079,64.72481336233173,,87.53489079720495,"rgba(0, 255, 0, 1.0)",8.506650518878704,103.00847244731708,2.243130537728749,56.51800457294841,10.533878445517615,False,False,True,False,False,11.551525710013415,0.0,0.0,0.0,0.0,0,0.9667567964655108,0.8425159537767074,False,False,False,False,0.2714527907499324,0.22480882273020164,False,False,False,False,264098263,250488436.59134534,False,False,False,False,3437777.7939092815,False,False,False,False
2025-06-13 00:00:00+00:00,124.46,125.07,122.06,123.3,2990838,,,115.50261212253072,114.45293340693857,111.08099528625662,106.39910541699673,103.03962531800859,100.2152020047773,98.19854085159633,96.30076088087644,92.9058256773953,88.92364394640084,83.13777676883291,77.10131727856111,75.63746202370517,73.7771670662688,72.4589048027015,71.45782320997097,70.7623825443665,68.79412753596993,67.31973687091251,66.07507028979464,65.45001249219301,64.81942802333474,,106.39910541699673,92.9058256773953,83.13777676883291,75.63746202370517,64.81942802333474,,87.67705066514307,"rgba(0, 255, 0, 1.0)",8.525660799710169,103.19126966811817,2.494672358136141,59.014417938155276,10.533878445517615,False,False,True,False,True,13.053437757816809,0.0,0.0,0.0,0.0,0,0.9805520999171989,0.8258215019418259,False,False,False,False,0.325974833553692,0.27539182814194685,False,False,False,False,267089101,251139443.0387436,False,False,False,False,3420250.743167741,False,False,False,False
2025-06-16 00:00:00+00:00,124.01,124.85,122.89,123.3,2893656,,,115.82749267625893,114.59486602978377,111.21992252395232,106.5421529668975,103.18788078249695,100.36004640668506,98.33981006708109,96.43898241540123,93.04197642852462,89.05596649097961,83.26703840594267,77.22345115333111,75.75750968907008,73.8941657050531,72.57284405466176,71.56921067133258,70.87088091669791,68.8966101229454,67.41702733762361,66.16888801318349,65.54257966508278,64.91076307152478,,106.5421529668975,93.04197642852462,83.26703840594267,75.75750968907008,64.91076307152478,,87.81233614289513,"rgba(0, 255, 0, 1.0)",8.441743537278874,103.35798089470806,2.4464163136551464,60.25200977331299,10.533878445517615,True,False,True,False,True,12.65144291676988,0.0,0.0,0.0,0.0,0,0.9993564992519116,0.8338835852343713,False,False,False,False,0.3348145571979116,0.30510319266992925,False,False,False,False,264195445,251651443.1156556,False,False,False,False,3399599.968925869,False,False,False,False
2025-06-17 00:00:00+00:00,123.91,125.17,122.86,124.74,1683830,,,116.0066403164437,114.67606263234806,111.29978573089458,106.62462224485172,103.27344672036465,100.44374443811526,98.42150494666795,96.51896302187963,93.12081564196835,89.13264498016204,83.34199640065002,77.29432448617446,75.82718303265565,73.96208259040046,72.6389953231337,71.63388819225855,70.93388806866379,68.95613839465176,67.47355054216342,66.22340069846805,65.5963683847104,64.96383838594411,,106.62462224485172,93.12081564196835,83.34199640065002,75.82718303265565,64.96383838594411,,87.8901839201458,"rgba(0, 255, 0, 1.0)",8.377834426549244,103.4516612667426,2.4419602598524977,60.975353631849686,5.4429607192581955,True,False,True,False,True,12.560797618369786,0.0,0.0,0.0,0.0,0,1.0242270014641617,0.8134186750370312,False,False,False,False,0.3390347330611233,0.3220689628655263,False,False,False,False,262511615,252077332.2091593,False,False,False,False,3332314.872105247,False,False,False,False
2025-06-18 00:00:00+00:00,122.65,124.66,122.21,124.0,2388278,,,116.22325903228575,114.77906960562538,111.40426309905952,106.73488952570017,103.388928054704,100.55741215076091,98.53285983413454,96.62830189402378,93.22904630749201,89.23832278289309,83.445740677695,77.39275015261359,75.92401064897285,74.05654943429415,72.73106060347008,71.72394147432018,71.02164385633485,69.0391160409349,67.55238563252031,66.29946583512582,65.67143882434087,65.0379282083064,,106.73488952570017,93.22904630749201,83.445740677695,75.92401064897285,65.0379282083064,,87.99515083214803,"rgba(0, 255, 0, 1.0)",8.263913106314316,103.57120722474545,2.3086874861591626,60.14325748561165,5.4429607192581955,True,False,True,False,True,11.411840192552134,0.0,0.0,0.0,0.0,0,1.0430865235074651,0.793175130661565,False,False,False,False,0.31989788634291294,0.3209834246042196,False,False,False,False,260123337,252392861.80880013,False,False,False,False,3295293.818297198,False,False,False,False
2025-06-20 00:00:00+00:00,121.02,123.54,120.97,121.6,3461259,,,116.45911613835673,114.90103583915128,111.5357097414061,106.87939279895959,103.54284030977887,100.71057412805075,98.68386085414593,96.77732054906286,93.37761960584557,89.38436197234428,83.59013702722352,77.53052591486042,76.05970880911131,74.18912560669514,72.8603918253365,71.8505364475265,71.14507350277455,69.15597975163743,67.66352112630605,66.40677527132519,65.77738093350425,65.14252135296005,,106.87939279895959,93.37761960584557,83.59013702722352,76.05970880911131,65.14252135296005,,88.13518036099492,"rgba(0, 255, 0, 1.0)",8.104550143893956,103.71768380852902,2.134889152916983,57.980868589127894,5.4429607192581955,False,False,True,False,False,9.940543540703654,0.0,0.0,0.0,0.0,0,1.014779589197788,0.8009175069782765,False,False,False,False,0.2748013334839363,0.29789237904407795,False,False,False,False,256662078,252560282.0515923,False,False,False,False,3301802.256795347,False,False,False,False
2025-06-23 00:00:00+00:00,122.36,124.23,121.17,121.395,2372982,,,116.63048625723334,114.99094462193376,111.63029312664771,106.98171753999249,103.65111115914874,100.81796106786769,98.78954590145074,96.88147129395188,93.48122737913917,89.48600604925677,83.69041840136288,77.6260664798628,76.15378170206492,74.28100456410421,72.95000590556536,71.93824398936206,71.23058462706925,69.2369273019769,67.7404929969176,66.48108885108428,65.85074240323321,65.21494356716292,,106.98171753999249,93.48122737913917,83.69041840136288,76.15378170206492,65.21494356716292,,88.23346896079963,"rgba(0, 255, 0, 1.0)",8.04220656841533,103.82359181754354,2.304890831237247,57.611429396849736,5.4429607192581955,False,False,True,False,False,10.856699506415467,0.0,0.0,0.0,0.0,0,1.0094493150927708,0.8212022724295927,False,False,False,False,0.2905753171390214,0.2942338480915497,False,False,False,False,259035060,252814194.91231415,False,False,False,False,3265377.932999451,False,False,False,False
2025-06-24 00:00:00+00:00,120.49,121.26,117.27,119.215,3418543,,,116.74833381813966,115.06854764222321,111.72825559549867,107.09971878349653,103.7812731358626,100.95036564712196,98.92172507324497,97.0132042270206,93.61438878648347,89.61855429609999,83.82322857616751,77.75412059407253,76.28017606227918,74.40480885684418,73.07099455849915,72.05682734276962,71.3463143241375,69.34676637572045,67.84513098672177,66.58225970088283,65.95068547822568,65.31367361762514,,107.09971878349653,93.61438878648347,83.82322857616751,76.28017606227918,65.31367361762514,,88.35274971916434,"rgba(0, 255, 0, 1.0)",7.898936636278954,103.9305597089598,2.0964138660113423,55.5398581543133,5.4429607192581955,False,False,True,False,False,9.168898050598731,0.0,0.0,0.0,0.0,0,0.9656847731043777,0.867771370413841,False,False,False,False,0.17181029475306608,0.23302207142230788,False,False,False,False,255616517,252924089.89614496,False,False,False,False,3271384.4062151588,False,False,False,False
2025-06-25 00:00:00+00:00,119.78,120.605,119.27,119.3,1698537,,,116.80755334991402,115.10788550626938,111.77732039458891,107.15850997657084,103.84601307456434,101.016199028571,98.98744290820812,97.07869850822662,93.68058245232463,89.68444107405716,83.88924018480702,77.81777575003163,76.34300873513362,74.46635790626455,73.13114824358215,72.11578877476786,71.4038613409127,69.40139208379028,67.89717645409361,66.63258430418215,66.00040039676482,65.3627861140194,,107.15850997657084,93.68058245232463,83.88924018480702,76.34300873513362,65.3627861140194,,88.41214900254303,"rgba(0, 255, 0, 1.0)",7.756092092604871,103.98493033802158,2.036472681524552,53.496518982172546,8.447321198151464,False,True,False,False,False,8.532697064085657,0.0,0.0,0.0,0.0,0,0.9475496767463097,0.9031255782578973,False,False,False,False,0.1945888214803263,0.2138054464513171,False,False,False,False,253917980,252963065.97864908,False,False,False,False,3209704.115775349,False,False,False,False
2025-06-26 00:00:00+00:00,123.05,123.22,120.1,120.68,3485644,,,117.00582615269474,115.22353085811264,111.9034758478276,107.29840510955604,103.99556713087847,101.16573263878432,99.13533105484832,97.22501093686382,93.82689649995388,89.82871075702731,84.03232834792124,77.95472347133038,76.4779844219233,74.59834428443237,73.25999621273508,72.24198038330591,71.52696251262726,69.51807685540007,68.00824041148981,66.73988901832894,66.10636216792314,65.4674220220015,,107.29840510955604,93.82689649995388,84.03232834792124,76.4779844219233,65.4674220220015,,88.54835064530208,"rgba(0, 255, 0, 1.0)",7.596531797266503,104.12652522802189,2.491067671011057,54.896055762581625,8.447321198151464,False,False,True,False,False,10.812800012205365,0.0,0.0,0.0,0.0,1,0.950191112134998,0.888539568887951,False,False,False,False,0.2539153589428475,0.2338604026970823,False,False,False,False,257403624,253137205.50889814,False,False,False,False,3220525.287705728,False,False,False,False
2025-06-27 00:00:00+00:00,116.12,119.49,114.6,119.33,4921791,,116.73666666666666,116.99235964189913,115.2579498335173,111.98528336583799,107.42136628691428,104.14109418070628,101.31995292058004,99.29277668991848,97.38464770800263,93.9921049053041,89.99663412350715,84.20424165332935,78.12325258811106,76.64489048532224,74.7624882714102,73.42085225939584,72.39995907899511,71.68137180682587,69.6651796233519,68.14875863715181,66.87603228070789,66.24098020985817,65.60052943136687,116.73666666666666,107.42136628691428,93.9921049053041,84.20424165332935,76.64489048532224,65.60052943136687,,91.17859153633736,"rgba(38, 166, 154, 1.0)",7.441675507037324,105.55766440907394,1.4193491211673566,50.5153814289275,5.6204273323605065,False,True,False,False,False,4.886556319370467,1.0,119.49,114.6,0.0,0,0.886883266774104,0.9021021791284378,False,False,False,False,0.09772596600726163,0.16579318435217197,False,False,False,False,252481833,253111504.62619627,False,False,False,False,3287241.590148641,False,False,False,False
2025-06-30 00:00:00+00:00,118.93,119.085,115.4,116.68,2139985,,117.0604120401157,117.00966119644728,115.28289410972371,112.0278005211584,107.47985334740628,104.20861656694913,101.39063972529947,99.36449752099712,97.45703251269961,94.06653551759385,90.07188587716188,84.28086291398185,78.19808744454355,76.71895232335119,74.83526591070638,73.49213731325095,72.4699452254147,71.74976428548396,69.73029926213994,68.21094103816547,66.93625948239465,66.30052246473635,65.65939354327134,117.0604120401157,107.47985334740628,94.06653551759385,84.28086291398185,76.71895232335119,65.65939354327134,,91.25530423262951,"rgba(0, 255, 255, 0.75)",7.307925893022621,105.62028552047386,1.8212711341577572,49.72511829673377,4.891863895391751,False,True,False,False,False,6.834337226889076,0.0,0.0,0.0,0.0,0,0.8779892122564198,0.9304071021786945,False,False,False,False,0.10426196831290777,0.13502757633253987,False,False,False,False,254621818,253170732.60163957,False,False,False,False,3242251.1356330076,False,False,False,False
2025-07-01 00:00:00+00:00,117.96,121.1,117.26,120.42,1771529,,117.403940283016,117.04020720341288,115.31096423224189,112.06835114370834,107.53226832820545,104.26795546889453,101.45212397909077,99.42654628305499,97.5194003981083,94.13029886588461,90.13603794981618,84.34585238432011,78.26133363320237,76.78150131656169,74.8966804763327,73.55226146829591,72.52895235881894,71.80741507189332,69.7851568021504,68.26330214489745,66.98695632090829,66.35063373709207,65.70892530339822,117.403940283016,107.53226832820545,94.13029886588461,84.34585238432011,76.78150131656169,65.70892530339822,,91.32552748959533,"rgba(0, 255, 255, 0.75)",7.194221893510735,105.6820762497631,1.7066367887973697,48.556430117999945,3.7198926977181372,False,True,False,False,False,6.041316330451025,0.0,0.0,0.0,0.0,1,0.8971694752285023,0.9011249980092315,False,False,False,False,0.16894422371867868,0.15198590002560927,False,False,False,False,252850289,253158166.185889,False,False,False,False,3184575.757765047,False,False,False,False
2025-07-02 00:00:00+00:00,118.7,119.46,116.93,119.0,2423366,,117.61048096442842,117.07082959768668,115.34417817286821,112.11969514837138,107.60059983153141,104.34607708500262,101.53355613673746,99.50900100605966,97.6024934751506,94.21555048952446,90.22208203895788,84.43330517271758,78.34666032768025,76.86593208131612,74.9796326504289,73.63350691927036,72.60871461525848,71.88536353216647,69.85937440621449,68.33417422037945,67.05559896138251,66.41849379938937,65.7760105545217,117.61048096442842,107.60059983153141,94.21555048952446,84.43330517271758,76.86593208131612,65.7760105545217,,91.40606039358755,"rgba(0, 255, 255, 0.75)",7.098307061237991,105.74963793883401,1.8244296773077837,48.359444955031435,3.393613574629981,False,True,False,False,False,6.557623378281132,0.0,0.0,0.0,0.0,1,0.8866512927512202,0.9327968607759686,False,False,False,False,0.13591894030030452,0.1439524201629569,False,False,False,False,255273655,253241126.53154042,False,False,False,False,3154724.394715437,False,False,False,False
2025-07-03 00:00:00+00:00,120.06,120.29,117.99,117.99,1409345,,117.81479297054943,117.10238301241264,115.36997637163476,112.1542861283141,107.64390420787856,104.39459354713767,101.58357986923397,99.55936074900332,97.65301929889439,94.26706647328581,90.27379854911796,84.48557544943681,78.39745545077554,76.91615431524596,75.0289303103915,73.68176217155468,72.65606930108248,71.93162953983503,69.90339427248497,68.37618931837234,67.09627594513849,66.4586988331613,65.81574854082862,117.81479297054943,107.64390420787856,94.26706647328581,84.48557544943681,76.91615431524596,65.81574854082862,,91.4596960653321,"rgba(0, 255, 0, 1.0)",7.041321283117872,105.7983204378233,2.0254266193434756,49.29662756569082,3.393613574629981,False,True,False,False,False,7.505320890313026,0.0,0.0,0.0,0.0,0,0.8965372548463941,0.9163262718951753,False,False,False,False,0.16759643796929857,0.15577442906612773,False,False,False,False,256683000,253376101.9616761,False,False,False,False,3086278.143942283,False,False,False,False
2025-07-07 00:00:00+00:00,122.15,122.34,117.56,119.47,2293533,,118.25458510491637,117.1781411381719,115.42380048185998,112.2193144670181,107.72101725971535,104.47931737255577,101.66998734397079,99.64583582402658,97.73938347823629,94.3545495415882,90.36112170291315,84.57330310386843,78.48233255469876,77.00000108024969,75.11114996586421,73.76219078788142,72.73496014702117,72.00868417777886,69.97664825133869,68.44606827735532,67.16389836170356,66.52552130746119,65.88177978734248,118.25458510491637,107.72101725971535,94.3545495415882,84.57330310386843,77.00000108024969,65.88177978734248,,91.55711960305146,"rgba(0, 255, 0, 1.0)",7.0134743854922705,105.8921211223367,2.3180920017749767,51.45652854239896,3.393613574629981,False,True,False,False,True,8.939708245942043,0.0,0.0,0.0,0.0,1,0.9280366411714963,0.8819327792537438,False,False,False,False,0.19501403656232436,0.17539423281422606,False,False,False,False,258976533,253595726.70827705,False,False,False,False,3055190.0990818013,False,False,False,False
2025-07-08 00:00:00+00:00,116.14,121.71,115.36,121.545,3166162,,118.16411617499216,117.1939900756757,115.4556978863426,112.27678084705147,107.80212184825567,104.57383126743392,101.7697054362322,99.74749687896869,97.84237238957398,94.46095982039805,90.46921340426051,84.68388676840507,78.59080245118446,77.10745056516579,75.21685907525345,73.86582480406815,72.83677524787564,72.1082413622209,70.07157042104406,68.5368038217938,67.25184510093263,66.61249348737317,65.96778614680593,118.16411617499216,107.80212184825567,94.46095982039805,84.68388676840507,77.10745056516579,65.96778614680593,,91.63872502730983,"rgba(38, 166, 154, 1.0)",6.923171617813916,105.95421562242709,1.4712598415679912,48.624314222648046,3.393613574629981,False,True,False,False,False,4.012565069816549,0.0,0.0,0.0,0.0,1,0.893329539629903,0.8906103821403907,False,False,False,False,0.14728169556397358,0.16133796418909982,False,False,False,False,255810371,253682575.50403088,False,False,False,False,3059541.9383334955,False,False,False,False
2025-07-09 00:00:00+00:00,117.69,118.15,115.19,116.07,2265999,,118.03586670016067,117.19032783836352,115.47088940697884,112.31180284768351,107.8551788564512,104.63696215348217,101.83710280357681,99.81664546429997,97.91276330013218,94.53416505978339,90.54400355536686,84.76084893298537,78.66663199625063,77.18263484042062,75.29090552020769,73.93847194352445,72.90818643345891,72.17809745908852,70.1382420390876,68.6005816615485,67.31369709101392,66.67367552665897,66.02830375237785,118.03586670016067,107.8551788564512,94.53416505978339,84.76084893298537,77.18263484042062,66.02830375237785,,91.69051544064257,"rgba(0, 255, 255, 0.75)",6.83269027943169,105.98992718361151,1.7123669210660666,47.899762527725144,2.7476689795231692,False,True,False,False,False,5.092463416340319,0.0,0.0,0.0,0.0,0,0.8994596394839671,0.908479697689521,False,False,False,False,0.08533824014684627,0.12333810216797304,False,False,False,False,258076370,253854881.1705395,False,False,False,False,3028422.6074184566,False,False,False,False
2025-07-10 00:00:00+00:00,118.15,118.61,116.25,117.99,1720150,,118.00740479762143,117.1974677064035,115.48708545851953,112.34173080682139,107.8979230058903,104.68699292252109,101.89007659633519,99.87076915095848,97.96768854552091,94.59104208917424,90.60190573426516,84.82021836265659,78.72498304472198,77.24046198632581,75.34782668365727,73.99429875704597,72.9630505993478,72.23175973337344,70.1894379055221,68.64954286803514,67.36116938717308,66.72062820147788,66.07474123136095,118.00740479762143,107.8979230058903,94.59104208917424,84.82021836265659,77.24046198632581,66.07474123136095,,91.73508333773586,"rgba(0, 255, 255, 0.75)",6.716116571652648,106.02415561332377,1.8054845024365627,47.76635269419413,2.467321054866048,False,True,False,True,False,5.413038176468948,0.0,0.0,0.0,0.0,0,0.9066485876752872,0.9034542182728547,False,False,False,False,0.11047524916458389,0.11690667566627846,False,False,False,False,259796520,254087886.61483207,False,False,False,False,2977117.7992843995,False,False,False,False
2025-07-11 00:00:00+00:00,119.88,120.08,118.325,119.22,1783598,,118.11346534245126,117.23137538607648,115.51695459089918,112.38253635298416,107.94975679780568,104.74543611586232,101.95071024495147,99.9320535521799,98.02937206602903,94.65419319725325,90.66556630485147,84.88483482460077,78.78802565654578,77.30284808342813,75.4091315451452,74.05435880396634,73.02202842441476,72.28941582998519,70.24436735200942,68.70202423298035,67.41201537215575,66.77089854097034,66.12444138285332,118.11346534245126,107.94975679780568,94.65419319725325,84.88483482460077,77.30284808342813,66.12444138285332,,91.79342273522101,"rgba(0, 255, 0, 1.0)",6.600709243068391,106.0763488774694,2.0912375646641665,48.98917148643092,2.467321054866048,False,True,False,False,False,6.616463320016919,0.0,0.0,0.0,0.0,1,0.9182465991392444,0.8931755696765612,False,False,False,False,0.16970262017466423,0.14330464792047135,False,False,False,False,261580118,254381699.61032888,False,False,False,False,2930313.101273247,False,False,False,False
2025-07-14 00:00:00+00:00,119.56,122.22,119.5,119.845,1793326,,118.27494920552357,117.27947156720151,115.55408334708225,112.42884001882274,108.00589764631704,104.80769647579177,102.01471164184606,99.99642170189244,98.09391236051489,94.71991149038229,90.73150307849164,84.95143153552685,78.85276779849154,77.36687085018846,75.47199314854218,74.11591170016706,73.08244962852892,72.34846927125277,70.30059150094029,68.75571893856512,67.46401793016842,66.82230292085183,66.17525350950831,118.27494920552357,108.00589764631704,94.71991149038229,84.95143153552685,77.36687085018846,66.17525350950831,,91.85768014530348,"rgba(0, 255, 0, 1.0)",6.503049521067929,106.13687477762149,2.0641277878773057,49.546828476431166,2.467321054866048,False,True,False,False,False,6.350922381109434,0.0,0.0,0.0,0.0,1,0.9257863778530683,0.8750808436322728,False,False,False,False,0.22616797931477617,0.18473631361762377,False,False,False,False,259786792,254593664.01776698,False,False,False,False,2885725.371811551,False,False,False,False
2025-07-15 00:00:00+00:00,119.06,119.852,117.2,119.6,2547106,,118.31365306266835,117.30928912711524,115.58755686499195,112.47972769697343,108.0738336147255,104.88562139282224,102.0964219034619,100.07950306735567,98.17792200153356,94.80646229374324,90.81925027164955,85.04102024955876,78.94058144370811,77.45385307297705,75.55756608257416,74.19981487782285,73.16489017275941,72.4290993707407,70.37749489305217,68.82925534912138,67.53530666357901,66.89280389212688,66.24497356836251,118.31365306266835,108.0738336147255,94.80646229374324,85.04102024955876,77.45385307297705,66.24497356836251,,91.93114084046778,"rgba(0, 255, 0, 1.0)",6.37794400555298,106.19882941846325,2.01650728986318,49.49355072760844,2.467321054866048,False,True,False,False,False,5.93110238399095,0.0,0.0,0.0,0.0,1,0.9378574191028813,0.885798833006239,False,False,False,False,0.14698044241279185,0.1658583780152078,False,False,False,False,257239686,254697429.5856977,False,False,False,False,2872446.1807601177,False,False,False,False
2025-07-16 00:00:00+00:00,119.71,121.02,117.8,119.36,2375249,,118.40648273054022,117.35142293036856,115.6260460303882,112.53249321738375,108.14115784298238,104.96169806168157,102.1755645573668,100.15964082934184,98.25870070962404,94.8893156547126,90.90293331227883,85.12612688005233,79.02377499444319,77.53621574751098,75.63854559990023,74.27918482596782,73.2428562394297,72.50534213941668,70.45018203767357,68.89874036353213,67.60265128277129,66.95939569396243,66.31081932258833,118.40648273054022,108.14115784298238,94.8893156547126,85.12612688005233,77.53621574751098,66.31081932258833,,92.00532123522977,"rgba(0, 255, 0, 1.0)",6.315748569568496,106.2648412443189,2.1288305903222002,50.04416640258973,2.467321054866048,False,True,False,False,True,6.400712583591407,0.0,0.0,0.0,0.0,1,0.9523162494708001,0.875309198323729,False,False,False,False,0.17670596011335196,0.1712821690642799,False,False,False,False,259614935,254890272.9352782,False,False,False,False,2852948.2521028584,False,False,False,False
2025-07-17 00:00:00+00:00,118.61,118.855,116.83,118.0,1826468,,118.38913172763739,117.36225950371185,115.64456083173565,112.56443156537168,108.18602912359732,105.01403729439612,102.23101805788153,100.21635242313184,98.31630270578408,94.94901809072041,90.96379177349101,85.18860991609886,79.08529319102267,77.59720748133532,75.69861567054001,74.33812922209516,73.30080693687053,72.56204623620378,70.50432523575742,68.95055530078449,67.65291280487736,67.00911502152431,66.36000073331029,118.38913172763739,108.18602912359732,94.94901809072041,85.18860991609886,77.59720748133532,66.36000073331029,,92.05312611440836,"rgba(0, 255, 255, 0.75)",6.232484786038544,106.30291722243336,1.97466711914578,49.375631836670316,2.467321054866048,False,True,False,False,True,5.456070978195285,0.0,0.0,0.0,0.0,1,0.9349215016355201,0.8886370756922042,False,False,False,False,0.12417511616840288,0.1477286426163414,False,False,False,False,257788467,255003927.60448298,False,False,False,False,2812694.124569413,False,False,False,False
2025-07-18 00:00:00+00:00,117.73,119.82,117.65,119.6,1872973,,118.38972501346036,117.37747260882765,115.66556028177352,112.59856942360217,108.23301248040619,105.06850530367338,102.28855731593676,100.27511162078322,98.37592050195131,95.01071617303381,91.02660825077645,85.25302350284771,79.14866314907123,77.66002641380247,75.76047598467632,74.3988255345155,73.36047698915586,72.6204320704585,70.56007048093463,69.00390175538412,67.70465786565137,67.06030044685608,66.41063096489728,118.38972501346036,108.23301248040619,95.01071617303381,85.25302350284771,77.66002641380247,66.41063096489728,,92.10378274275355,"rgba(0, 255, 255, 0.75)",6.160924768857176,106.34437078129409,1.8480389950968188,48.11739835408872,1.681383389977583,False,True,False,False,False,4.701036569570434,0.0,0.0,0.0,0.0,1,0.92639665032648,0.9025640060481007,False,False,False,False,0.1539831654003787,0.15085590400836005,False,False,False,False,255915494,255039675.30626795,False,False,False,False,2775842.3157627694,False,False,False,False
2025-07-21 00:00:00+00:00,122.67,123.46,119.84,120.0,2994971,,118.67876294180276,117.48312176451927,115.74170498958418,112.68560609960979,108.333462754356,105.17789466811854,102.40003204151434,100.38674016096347,98.48748031573811,95.12374231783171,91.13955455671038,85.36660566376518,79.2588004849845,77.76889219358324,75.86731892118182,74.50342544709804,73.46314399736723,72.72078245424828,70.6556095594141,69.09514876643034,67.79302564237294,67.14764531987142,66.49696304992437,118.67876294180276,108.333462754356,95.12374231783171,85.36660566376518,77.76889219358324,66.49696304992437,,92.21689150494109,"rgba(0, 255, 0, 1.0)",6.122979328335377,106.45628738086089,2.6480103475291425,51.60479224711217,1.681383389977583,False,True,False,False,True,8.287240873228438,0.0,0.0,0.0,0.0,1,0.9339276836479276,0.8695537692561526,False,False,False,False,0.25356622812125457,0.20221106606480732,False,False,False,False,258910465,255191470.98053196,False,False,False,False,2784435.597497563,False,False,False,False
2025-07-22 00:00:00+00:00,128.62,129.77,123.6,124.05,4376572,,119.58713226536788,117.80203225591082,115.94206185233617,112.88128376672366,108.5340181064571,105.38519952136639,102.60447182667882,100.5876304694595,98.68523350760407,95.31970780522968,91.33144354173844,85.5553444034403,79.43871636049073,77.94611541239925,76.0405381068476,74.67254981274398,73.62881869708748,72.88250815661212,70.80904161099498,69.2413293195957,67.93431443201789,67.28716415646372,66.63473312624815,119.58713226536788,108.5340181064571,95.31970780522968,85.5553444034403,77.94611541239925,66.63473312624815,,92.44375883995423,"rgba(0, 255, 0, 1.0)",6.180187833594783,106.70857893299429,3.5454296304552075,57.24580896637314,3.1629598095105464,True,False,True,False,True,12.223188414106403,0.0,0.0,0.0,0.0,1,0.9595335948882712,0.8276711170484997,False,False,False,False,0.3428282511507964,0.27251965860780186,False,False,False,False,263287037,255508944.157766,False,False,False,False,2846872.319164325,False,False,False,False
2025-07-23 00:00:00+00:00,127.2,129.365,127.06,128.56,2681177,,120.08802467754502,117.99800093243371,116.06713026587747,113.00302283615996,108.65830630354137,105.51339973509623,102.73079210158419,100.71170501805672,98.80732684919361,95.44061063402425,91.44976129964057,85.67163081558554,79.54951951273644,78.055252546255,76.14720238048533,74.77669179067934,73.73083688776902,72.98209929130532,70.90352991811238,69.33135735632867,68.02133123598529,67.3730900709078,66.71958115432106,120.08802467754502,108.65830630354137,95.44061063402425,85.67163081558554,78.055252546255,66.71958115432106,,92.58081005762051,"rgba(0, 255, 0, 1.0)",6.209819658464262,106.86137498856442,3.275236018120611,59.651646143299914,5.1829752998323855,True,False,True,False,True,10.987746674357904,0.0,0.0,0.0,0.0,0,0.9786218551941742,0.8305742223318526,False,False,False,False,0.3428282513567291,0.30767395498226546,False,False,False,False,260605860,255708823.21040264,False,False,False,False,2840374.463510822,False,False,False,False
2025-07-24 00:00:00+00:00,125.79,128.33,123.86,126.03,2363060,,120.38666978219572,118.13278279214842,116.15798327933145,113.09532093260904,108.75593385117908,105.61577723218518,102.83282871224026,100.81261599095262,98.90717912546765,95.5402876120718,91.54805328422391,85.76904551027246,79.64297045921555,78.14742788059843,76.23744135800695,74.86489937781124,73.81731946161493,73.06657694132514,70.98380636220139,69.40793189005116,68.09540999064437,67.44627018816395,66.79187250943961,120.38666978219572,108.75593385117908,95.5402876120718,85.76904551027246,78.14742788059843,66.79187250943961,,92.68614259178511,"rgba(0, 255, 0, 1.0)",5.925711866457969,106.97444129632672,3.1752402289718633,59.948175526644015,5.310991920074038,True,False,True,False,True,9.77115979198675,0.0,0.0,0.0,0.0,0,1.0106494007137026,0.8277274038538831,False,False,False,False,0.2793311398267052,0.29350254740448534,False,False,False,False,258242800,255808194.84921038,False,False,False,False,2821656.249255496,False,False,False,False
2025-07-25 00:00:00+00:00,126.85,127.83,124.5,124.57,3437363,,120.79826369527369,118.33049501578441,116.29246569766033,113.2313541782664,108.89924822191354,105.76577144783657,102.98220165091956,100.96028265263911,99.05324980164973,95.68601376572711,91.69168541641301,85.91131064042912,79.77940432609412,78.28199290193888,76.36917392668258,74.99366673919035,73.94356982554753,73.18990564656899,71.1010076572583,69.51973502997696,68.20357146598445,67.5531191676308,66.89742335241584,120.79826369527369,108.89924822191354,95.68601376572711,85.91131064042912,78.28199290193888,66.89742335241584,,92.83903991188853,"rgba(0, 255, 0, 1.0)",5.632914322452759,107.13896380293984,3.499260785574546,60.77592949373154,6.081554293487848,True,False,True,False,True,10.471515549395576,0.0,0.0,0.0,0.0,0,1.0141170381320548,0.8098851361411572,False,False,False,False,0.2813929810871177,0.28744776424580154,False,False,False,False,261680163,256038468.11002564,False,False,False,False,2845801.6120297904,False,False,False,False
2025-07-28 00:00:00+00:00,123.74,125.8899,122.32,125.46,2283014,,120.93690878341708,118.41894996688222,116.35900005404628,113.30391260279876,108.9802172397371,105.85270258069498,103.07026346145335,101.04821592820366,99.14093477616886,95.77450640525626,91.77984981075106,85.99965777909046,79.86491886279418,78.36649738343442,76.45208895598581,75.07484243058424,74.02325013688092,73.26780661118129,71.17519532621526,69.59061345770968,68.27222205315479,67.62097392327755,66.96448992745634,120.93690878341708,108.9802172397371,95.77450640525626,85.99965777909046,78.36649738343442,66.96448992745634,,92.92401662766429,"rgba(0, 255, 0, 1.0)",5.265081497468479,107.22474357665183,3.1367522860356325,58.54124424068034,6.081554293487848,True,False,True,False,True,7.809636174735552,0.0,0.0,0.0,0.0,0,1.0158552618283616,0.8158666685455407,False,False,False,False,0.21725521275801418,0.25235148850190786,False,False,False,False,259397149,256170181.08610305,False,False,False,False,2823731.50959725,False,False,False,False
2025-07-29 00:00:00+00:00,126.3,126.56,123.35,123.89,2050215,,121.10493892588462,118.51573688670311,116.42872351133369,113.37679660136814,109.05900500214798,105.93612454256771,103.15404581223572,101.13146607933845,99.22362566342356,95.85748187190292,91.86208798940892,86.08160050327368,79.94389471157984,78.44447312235563,76.52852063130166,75.1496216252861,74.09661719647538,73.33951376042994,71.2434276534063,69.65576501042791,68.33529623510896,67.68330236027771,67.02608017387374,121.10493892588462,109.05900500214798,95.85748187190292,86.08160050327368,78.44447312235563,67.02608017387374,,93.00667335504258,"rgba(0, 255, 0, 1.0)",5.135729172940962,107.31099851973909,3.6974304603735377,58.70688366234148,6.081554293487848,True,False,True,False,True,9.522460484969642,0.0,0.0,0.0,0.0,0,1.0135942131351354,0.8211256971625026,False,False,False,False,0.2425755681792318,0.24746352834056984,False,False,False,False,261447364,256377129.43566766,False,False,False,False,2793397.5288287303,False,False,False,False
2025-07-30 00:00:00+00:00,123.37,126.86,122.68,124.98,3258876,,121.28540851889208,118.6404731887816,116.52404930152302,113.48042529181073,109.17437177712391,106.05986039987836,103.27941367855276,101.25668530151893,99.34852093668503,95.9835466181303,91.98772325607105,86.207527618915,80.0658428872592,78.56499619618798,76.64679769662843,75.26543724461906,74.21031496493619,73.45068966109565,71.34933660401408,69.75697555679716,68.433341357523,67.78021613270798,67.12187322354272,121.28540851889208,109.17437177712391,95.9835466181303,86.207527618915,78.56499619618798,67.12187322354272,,93.12691983497103,"rgba(0, 255, 0, 1.0)",5.0968553944576485,107.4323118695764,3.1269649415116523,56.45925040831009,6.081554293487848,True,False,True,False,False,7.0788134571377945,0.0,0.0,0.0,0.0,0,1.014642535522587,0.8204567039958746,False,False,False,False,0.22330442063126857,0.2353839744859192,False,False,False,False,258188488,256448163.10485715,False,False,False,False,2811651.5865217214,False,False,False,False
2025-07-31 00:00:00+00:00,124.36,128.99,123.34,125.39,3447663,,121.52638894106327,118.79480166248631,116.6383491870125,113.60045537971739,109.30454379579909,106.19787882746698,103.41828866383511,101.39485608819786,99.48590780325432,96.12158355249862,92.1247228384115,86.34422605924964,80.1977816584729,78.69530704689276,76.7745822092147,75.39050241934157,74.33305149520301,73.57068037501243,71.46357667782772,69.86610588887302,68.53902382018758,67.88466112515226,67.22509281033696,121.52638894106327,109.30454379579909,96.12158355249862,86.34422605924964,78.69530704689276,67.22509281033696,,93.26217952849154,"rgba(0, 255, 0, 1.0)",5.138133010121496,107.57245594497233,3.2672459085738437,55.64352225010921,10.34856556056856,False,False,True,False,False,7.74916944695789,0.0,0.0,0.0,0.0,0,1.0040545635160034,0.8209687391592896,False,False,False,False,0.2610762531276797,0.24823011380679944,False,False,False,False,261636151,256651613.610549,False,False,False,False,2836593.2105796933,False,False,False,False
2025-08-01 00:00:00+00:00,125.22,128.16,123.935,127.57,3800144,,121.77456993397675,118.96212391387661,116.76389561115377,113.73228052045852,109.44745740996014,106.34937471615123,103.57079145187026,101.54664171093667,99.63687851213017,96.27331418696342,92.27537221602589,86.49459877963905,80.34298958641611,78.83874066849847,76.91525798357574,75.52820477704304,74.4682057665929,73.70282748605692,71.58942263938336,69.98634810193757,68.65548285597193,67.99976199021526,67.33884850227909,121.77456993397675,109.44745740996014,96.27331418696342,86.49459877963905,78.83874066849847,67.33884850227909,,93.40996479863234,"rgba(0, 255, 0, 1.0)",5.193030985157589,107.72529577533479,3.3688811552766644,55.699793089171564,10.2434466096515,False,False,True,False,False,8.3324159294955,0.0,0.0,0.0,0.0,0,1.0015511365955987,0.8479297054745869,False,False,False,False,0.23325888279293072,0.24074449829986508,False,False,False,False,265436295,256996110.91993925,False,False,False,False,2874379.5160471564,False,False,False,False
2025-08-04 00:00:00+00:00,131.39,131.7,126.93,127.19,3375999,,122.18100016344339,119.19252664550748,116.92366204579604,113.88738076969452,109.60475748930232,106.5109285684909,103.7300513012691,101.70320701798423,99.79105064589173,96.42597908729891,92.42485860269397,86.64152978408688,80.48317015952176,78.97686628118333,77.0503312045517,75.6601662079661,74.59754314195074,73.82916828412601,71.70943471424914,70.10081330086498,68.76618861576124,68.10910054552527,67.4468350054865,122.18100016344339,109.60475748930232,96.42597908729891,86.64152978408688,78.97686628118333,67.4468350054865,,93.57122127079367,"rgba(0, 255, 0, 1.0)",5.392283507859302,107.90446089088275,4.35539768539374,59.213734861857084,10.2434466096515,True,False,True,False,True,12.312532899606307,0.0,0.0,0.0,0.0,0,0.9844772243021108,0.8395326531240712,False,False,False,False,0.3428282493806814,0.2917863738402732,False,False,False,False,268812294,257459490.64856908,False,False,False,False,2894050.8683590326,False,False,False,False
2025-08-05 00:00:00+00:00,134.55,134.93,130.155,130.3,3340681,,122.6948007233636,119.47607040776704,117.11581773955588,114.06791832346734,109.78214322259907,106.69014729506965,103.90476030291032,101.87380047771752,99.95809626876499,96.5899816802831,92.5841356031472,86.79662384850172,80.63003428448745,79.1213532231138,77.19136498535498,75.79778311745747,74.73230454620892,73.9607312077877,71.83420910914624,70.21968900772428,68.88105624028462,68.22249895204301,67.55878173645893,122.6948007233636,109.78214322259907,96.5899816802831,86.79662384850172,79.1213532231138,67.55878173645893,,93.75108826872142,"rgba(0, 255, 0, 1.0)",5.676081197820461,108.11119829018169,4.657932257905413,62.87702154986739,8.063407336136457,True,False,True,False,True,14.209215707676503,0.0,0.0,0.0,0.0,0,0.9970291051436384,0.8246832410776483,False,False,False,False,0.34282824987885346,0.31730731185956335,False,False,False,False,272152975,258035705.7211742,False,False,False,False,2911565.775482208,False,False,False,False
2025-08-06 00:00:00+00:00,135.42,135.97,133.79,134.75,2278266,,123.07550009238507,119.6880996236417,117.25903597483962,114.20082008929153,109.91101843170819,106.8194189089905,104.03016473852429,101.99588525800861,100.07734200948076,96.70659420386647,92.69695659767854,86.90599166166854,80.73322809653762,79.22280124835326,77.29030119029413,75.89426701100219,74.82674737579192,74.05290867944827,71.92156613155987,70.30287420411608,68.9614027203566,68.30180072190771,67.63705165197403,123.07550009238507,109.91101843170819,96.70659420386647,86.90599166166854,79.22280124835326,67.63705165197403,,93.88057607635935,"rgba(0, 255, 0, 1.0)",5.97814993581777,108.26211255835258,4.542858197472157,65.66011469633709,10.598689606180201,True,False,True,False,True,14.721583608267665,0.0,0.0,0.0,0.0,0,1.0132610250391303,0.8357266310114085,False,False,False,False,0.3428282504470153,0.33006778115328933,False,False,False,False,274431241,258678667.8889713,False,False,False,False,2886730.4901691806,False,False,False,False
2025-08-07 00:00:00+00:00,135.78,137.19,134.8701,137.07,2190346,,123.44553261998381,119.89802560437258,117.40134033331029,114.33238046541541,110.0380123270794,106.94646342576507,104.15319967251399,102.11553980109488,100.19411112610744,96.82061851335334,92.80711862496527,87.01260013610748,80.83368460128563,79.321531318439,77.38655600003358,75.98811750852148,74.9185997530747,74.14255133271028,72.00650096330655,70.38374054666373,69.03949861123428,68.37887525611325,67.71311750200478,123.44553261998381,110.0380123270794,96.82061851335334,87.01260013610748,79.321531318439,67.71311750200478,,94.0073112337052,"rgba(0, 255, 0, 1.0)",6.26129282048086,108.41048735650145,4.3712238715257214,67.66304844673239,12.403216465695557,True,False,True,False,True,14.93534061450774,0.0,0.0,0.0,0.0,0,1.0271370093413386,0.8282895207791069,False,False,False,False,0.3428282505947132,0.3364480158740013,False,False,False,False,276621587,259382311.77567834,False,False,False,False,2859421.2944762716,False,False,False,False
2025-08-08 00:00:00+00:00,135.61,137.81,134.8,136.0,2240403,136.07333333333335,123.80625688731581,120.10886459411226,117.54565075884754,114.46608954969906,110.16726182807756,107.0758323515801,104.27856625010293,102.23751431800801,100.3131851752674,96.93694041631616,92.91954823399816,87.12144748186736,80.93629464322052,79.42238783317124,77.48489649195707,76.0840119298494,75.01246046023552,74.23416171614026,72.09331563217025,70.46640846853005,69.11934193139626,68.45767712964364,67.79089073326867,123.80625688731581,110.16726182807756,96.93694041631616,87.12144748186736,79.42238783317124,67.79089073326867,136.07333333333335,94.13555475102334,"rgba(0, 255, 0, 1.0)",6.533097993086314,110.5768163781643,3.8317477632093104,68.80896260165505,13.461961655181284,True,False,True,False,True,14.781925628454886,0.0,0.0,0.0,0.0,0,1.0204392655851686,0.8245911340815862,False,False,False,False,0.3428282506432645,0.3396381332586329,False,False,False,False,274381184,259970502.8432988,False,False,False,False,2835146.067241908,False,False,False,False
2025-08-11 00:00:00+00:00,135.46,136.13,132.02,132.54,2225105,135.30763216712037,124.1022888222253,120.29325434831556,117.67507923983965,114.58793853466128,110.28682548810689,107.19643662166126,104.39613511903343,102.35232930457478,100.42561810724783,97.04727826673188,93.02667766093002,87.22569603381204,81.034997710914,79.51949402711134,77.57968669039363,76.17651720022833,75.10305670935529,74.32262443516717,72.17723966427569,70.54638799274477,69.19663636506962,68.53398500688287,67.86622358765497,124.1022888222253,110.28682548810689,97.04727826673188,87.22569603381204,79.51949402711134,67.86622358765497,135.30763216712037,94.2537780988665,"rgba(0, 255, 0, 1.0)",6.780169782162534,110.66866065625932,3.6564481628413583,69.39194951193763,14.084360123233381,True,False,True,False,True,14.644243975289264,0.0,0.0,0.0,0.0,0,1.0023541667022569,0.8409319781777521,False,False,False,False,0.2607982528840674,0.3002181930713501,False,False,False,False,272156079,260448368.57493415,False,False,False,False,2811222.8881343827,False,False,False,False
2025-08-12 00:00:00+00:00,135.38,136.46,132.91,136.46,1939299,135.1892524869732,124.35621016859943,120.45434446873227,117.7887917520171,114.69493628207906,110.39169687783163,107.30213804972074,104.49914260893703,102.4529067350921,100.52409362682019,97.14388625834103,93.12044854837293,87.31690788801713,81.12133565339967,79.6044312930813,77.66259440696719,76.25742547509482,75.18229501280325,74.39999828488588,72.25064481409929,70.61634476335544,69.26424473356684,68.60072991686299,67.93211511207858,124.35621016859943,110.39169687783163,97.14388625834103,87.31690788801713,79.6044312930813,67.93211511207858,135.1892524869732,94.3570286484124,"rgba(0, 255, 0, 1.0)",7.012355206406376,110.77644908816053,3.5086002045877613,69.67572702975218,14.51929169047844,True,False,True,False,True,14.569492473580194,0.0,0.0,0.0,0.0,0,1.0065770619981846,0.8416182989596465,False,False,False,False,0.28285589987105747,0.2915370464712038,False,False,False,False,270216780,260831443.53277987,False,False,False,False,2777029.7944820537,False,False,False,False
2025-08-13 00:00:00+00:00,133.69,136.49,133.05,136.275,3233169,134.92784335044342,124.7349445802955,120.70602542619736,117.96956243970963,114.8664314649309,110.56099390381014,107.47338023177495,104.66650288117833,102.6166180328901,100.68462587655759,97.3017125336304,93.27396814054363,87.46659119798035,81.26331346616729,79.74416792563152,77.79906657412434,76.39065924491334,75.31281756647944,74.52748002442115,72.37165719403734,70.73172178091674,69.37578411757198,68.71086017954947,68.04085221972119,124.7349445802955,110.56099390381014,97.3017125336304,87.46659119798035,79.74416792563152,68.04085221972119,134.92784335044342,94.5231120243095,"rgba(0, 255, 0, 1.0)",7.182052336412076,110.94437221641242,3.1670094728035036,67.66643568809684,14.51929169047844,True,False,True,False,True,12.9879124575058,0.0,0.0,0.0,0.0,0,0.998193661089482,0.8704553296443496,False,False,False,False,0.2859504435364128,0.2887437450038083,False,False,False,False,266983611,261072705.00208262,False,False,False,False,2794917.6064631497,False,False,False,False
2025-08-14 00:00:00+00:00,132.73,134.59,131.71,133.37,2067185,134.589143437953,124.92956598006225,120.84628013945915,118.07342698507092,114.96678176638227,110.66171077587987,107.576105973143,104.76753907721019,102.71584305198918,100.78224259639478,97.39814222377467,93.36820653458012,87.55895694869798,81.35131291450304,79.83085968875771,77.88382967550096,76.47347737140356,75.39399862522025,74.6068053538366,72.44704156622781,70.80365466071343,69.44536799002596,68.77958462920115,68.10872642251951,124.92956598006225,110.66171077587987,97.39814222377467,87.55895694869798,79.83085968875771,68.10872642251951,134.589143437953,94.62178909544039,"rgba(0, 255, 0, 1.0)",7.321337511624468,111.03253509980395,2.963593040990918,65.15115158721665,14.51929169047844,True,False,True,False,False,12.096476609625984,0.0,0.0,0.0,0.0,0,0.9888869269464868,0.878652995951034,False,False,False,False,0.22781038540989626,0.2582770652068523,False,False,False,False,264916426,261223439.1588637,False,False,False,False,2766379.0728763593,False,False,False,False
2025-08-15 00:00:00+00:00,133.35,133.91,131.07,132.23,2165047,134.30622789723125,125.11821249326972,120.98703399419661,118.17900611957012,115.06935559648282,110.76513999853265,107.6818335235747,104.8717210834801,102.81827810489952,100.88311480308576,97.49792207562567,93.46585005535896,87.65479996499218,81.4427431516882,79.92095641626618,77.97195234626041,76.55959989728966,75.47843494745347,74.68932460814443,72.525490584077,70.87853303179257,69.51781611954371,68.85114430705814,68.17940692864101,125.11821249326972,110.76513999853265,97.49792207562567,87.65479996499218,79.92095641626618,68.17940692864101,134.30622789723125,94.72296513980204,"rgba(0, 255, 0, 1.0)",7.450896179000446,111.12538153542364,2.982811453904574,63.97782546809033,19.031171783597486,True,False,True,False,False,12.513678645808486,0.0,0.0,0.0,0.0,0,0.9776668125990371,0.886565163415659,False,False,False,False,0.20457146466819875,0.23142426493752552,False,False,False,False,267081473,261453165.97616315,False,False,False,False,2742797.4229596397,False,False,False,False
2025-08-18 00:00:00+00:00,133.51,134.2,132.27,133.98,1455692,134.21318674161606,125.2487812924937,121.08414730249906,118.25178762982823,115.13978206915988,110.83586359096898,107.75397028745992,104.9427063622152,102.88801703317999,100.95174387607625,97.56573525828513,93.53214484887833,87.71979562461686,81.50469135117885,79.98199025648665,78.03163666470344,76.61792237421115,75.53561063142133,74.74519988325972,72.57860244204278,70.92922308504995,69.56685696652022,68.89958148743763,68.22724678944878,125.2487812924937,110.83586359096898,97.56573525828513,87.71979562461686,79.98199025648665,68.22724678944878,134.21318674161606,94.79196759320077,"rgba(0, 255, 0, 1.0)",7.5839789028960345,111.19403313440053,2.9425143649961685,63.331668248872205,18.274282431994692,True,False,True,False,False,12.622622009472348,0.0,0.0,0.0,0.0,0,0.9880341649338139,0.8976611693984089,False,False,False,False,0.23082042671923525,0.23112234582838037,False,False,False,False,268537165,261730969.85945088,False,False,False,False,2692322.7004906344,False,False,False,False
2025-08-19 00:00:00+00:00,130.23,133.53,130.04,133.09,2183249,133.8457795645389,125.38900340575543,121.20293442589053,118.34490506344787,115.2325457665743,110.93146802236615,107.85274928946608,105.04083000421048,102.98497759382285,101.04761643603887,97.66113059354372,93.62603583460604,87.81254273048106,81.59364223263087,80.06974298758404,78.1175845446345,76.70200084034043,75.61810209736264,74.82586251098861,72.65539063816644,71.00258920837065,69.63789555498622,68.96977292736031,68.29659922023659,125.38900340575543,110.93146802236615,97.66113059354372,87.81254273048106,80.06974298758404,68.29659922023659,133.8457795645389,94.88558271131407,"rgba(0, 255, 0, 1.0)",7.589238687762981,111.27166537954318,2.498054864320654,58.89977629189651,13.997522652190888,False,False,True,False,False,9.539413896388105,0.0,0.0,0.0,0.0,0,1.001276337586468,0.8746073516817976,False,False,False,False,0.17998590936672917,0.20555412759755476,False,False,False,False,266353916,261912261.8649626,False,False,False,False,2672359.02596159,False,False,False,False
2025-08-20 00:00:00+00:00,134.69,134.78,131.16,131.79,2610198,133.80654148450574,125.61000638695623,121.37267989829239,118.47380735443825,115.35760862985028,111.05726675331003,107.9811390862932,105.16728747516386,103.10929534710887,101.1700203166445,97.7821534104153,93.74442892235177,87.92869236693097,81.70442664557616,80.17891090318092,78.22436258324173,76.80636248649635,75.72042711952989,74.92587543048332,72.7504877517778,71.09337356315524,69.72574137362709,69.05654293770922,68.38230450360258,125.61000638695623,111.05726675331003,97.7821534104153,87.92869236693097,80.17891090318092,68.38230450360258,133.80654148450574,95.00793062155985,"rgba(0, 255, 0, 1.0)",7.648531444916621,111.39915347819885,3.0451396702148283,59.68318538094802,13.997522652190888,True,False,True,False,False,12.586602656672877,0.0,0.0,0.0,0.0,0,1.006355824078327,0.8468663089727997,False,False,False,False,0.2214494815888882,0.2135018045932215,False,False,False,False,268964114,262188805.08594447,False,False,False,False,2669921.3386689783,False,False,False,False
2025-08-21 00:00:00+00:00,136.34,137.62,134.7001,134.88,2007635,134.02552348159514,125.82666574214248,121.52811843898075,118.58882259712323,115.46663258206205,111.164481653454,108.08926987202247,105.27289461828957,103.2125777951424,101.27127430272658,97.88161003490052,93.8411066592267,88.02284709549852,81.79369881391978,80.26677114436701,78.3101718521717,76.89014656469244,75.80251673986028,75.00607103433462,72.82664150810957,71.1660064753587,69.79597094514196,69.12588725105469,68.45077332721846,125.82666574214248,111.164481653454,97.88161003490052,88.02284709549852,80.26677114436701,68.45077332721846,134.02552348159514,95.11141627621916,"rgba(0, 255, 0, 1.0)",7.7858416319701105,111.5228558203174,3.187470970097671,61.28648656564717,13.997522652190888,True,False,True,False,False,13.664443869527712,0.0,0.0,0.0,0.0,0,1.0303166318778267,0.831943748386411,False,False,False,False,0.3373703427093613,0.2754360736512914,False,False,False,False,270971749,262533234.2590447,False,False,False,False,2643949.325387842,False,False,False,False
