date,Close,High,Low,Open,Volume,aVWAP_peak_909,aVWAP_peak_891,aVWAP_peak_875,aVWAP_peak_862,aVWAP_peak_835,aVWAP_peak_810,aVWAP_peak_789,aVWAP_peak_775,aVWAP_peak_731,aVWAP_peak_689,aVWAP_peak_676,aVWAP_valley_900,aVWAP_valley_885,aVWAP_valley_869,aVWAP_valley_856,aVWAP_valley_817,aVWAP_valley_800,aVWAP_valley_780,aVWAP_valley_760,aVWAP_valley_742,aVWAP_valley_722,aVWAP_valley_672,aVWAP_valley_649,aVWAP_valley_631,aVWAP_valley_603,aVWAP_valley_583,aVWAP_valley_523,aVWAP_valley_486,aVWAP_valley_471,aVWAP_valley_470,aVWAP_valley_456,aVWAP_valley_406,aVWAP_valley_353,aVWAP_valley_297,aVWAP_valley_243,aVWAP_valley_211,aVWAP_valley_196,aVWAP_OB_bull_817,aVWAP_OB_bull_583,aVWAP_OB_bull_523,aVWAP_OB_bull_297,aVWAP_OB_bear_891,aVWAP_OB_bear_676,Peaks_avg,Valleys_avg,color,StDev,StDev_Mean,StdDev_ZScore,QQEMOD,QQE1_Value,QQE1_Above_Upper,QQE1_Below_Lower,QQE2_Above_Threshold,QQE2_Below_Threshold,QQE2_Above_TL,banker_RSI,OB,OB_High,OB_Low,OB_Mitigated_Index,TTM_squeeze_Active,VI_plus,VI_minus,VI_Regular_Bullish,VI_Regular_Bearish,VI_Hidden_Bullish,VI_Hidden_Bearish,Fisher,Fisher_Signal,Fisher_Regular_Bullish,Fisher_Regular_Bearish,Fisher_Hidden_Bullish,Fisher_Hidden_Bearish,OBV,OBV_Smoothed,OBV_Regular_Bullish,OBV_Regular_Bearish,OBV_Hidden_Bullish,OBV_Hidden_Bearish,Volume_MA,Vol_Regular_Bullish,Vol_Regular_Bearish,Vol_Hidden_Bullish,Vol_Hidden_Bearish
2022-01-03 00:00:00+00:00,85.7363733698,85.8938142024,84.5358870217,85.4018116007,630932,,,,,,,,,,,,,,,,,,,,,,,,,,,,,,,,,,,,,,,,,,,,,,#000000,,,,,,False,False,False,False,False,,0.0,0.0,0.0,0.0,0,,,False,False,False,False,,,False,False,False,False,0,0.0,False,False,False,False,630932.0,False,False,False,False
2022-01-04 00:00:00+00:00,84.8409286347,85.9430144625,84.4473265534,85.6970131617,467067,,,,,,,,,,,,,,,,,,,,,,,,,,,,,,,,,,,,,,,,,,,,,,#000000,,,,0.0,,False,False,False,True,False,,0.0,0.0,0.0,0.0,0,,,False,False,False,False,,,False,False,False,False,-467067,-18316.352941176472,False,False,False,False,624505.9215686275,False,False,False,False
2022-01-05 00:00:00+00:00,82.006993649,84.0930846802,81.9085931287,83.5617218704,748568,,,,,,,,,,,,,,,,,,,,,,,,,,,,,,,,,,,,,,,,,,,,,,#000000,,,,0.0,-50.0,False,False,False,True,True,,0.0,0.0,0.0,0.0,0,,,False,False,False,False,,,False,False,False,False,-1215635,-65270.02537485583,False,False,False,False,629371.1011149558,False,False,False,False
2022-01-06 00:00:00+00:00,81.1410690701,81.7905125043,80.4227452716,81.6527517758,610903,,,,,,,,,,,,,,,,,,,,,,,,,,,,,,,,,,,,,,,,,,,,,,#000000,,,,0.0,-50.0,False,False,False,True,True,,0.0,0.0,0.0,0.0,0,,,False,False,False,False,,,False,False,False,False,-1826538,-134339.35771309678,False,False,False,False,628646.8618555458,False,False,False,False
2022-01-07 00:00:00+00:00,79.2714591837,80.0701762072,79.1445225124,79.5863408487,841102,,,,,,,,,,,,,,,,,,,,,,,,,,,,,,,,,,,,,,,,,,,,,,#000000,,,,0.0,-50.0,False,False,False,True,True,,0.0,0.0,0.0,0.0,0,,,False,False,False,False,,,False,False,False,False,-2667640,-233684.48094003415,False,False,False,False,636978.4359004264,False,False,False,False
2022-01-10 00:00:00+00:00,77.2739286208,77.7954513786,75.571599619,76.2407231573,1300103,,,,,,,,,,,,,,,,,,,,,,,,,,,,,,,,,,,,,,,,,,,,,,#000000,,,,0.0,-50.0,False,False,False,True,True,,0.0,0.0,0.0,0.0,0,,,False,False,False,False,,,False,False,False,False,-3967743,-380118.1483541505,False,False,False,False,662983.3207670763,False,False,False,False
2022-01-11 00:00:00+00:00,78.3169741364,78.503935125,76.0537621686,76.5556048223,1361874,,,,,,,,,,,,,,,,,,,,,,,,,,,,,,,,,,,,,,,,,,,,,,#000000,,,,4.607307454766783,-45.77663483313045,False,False,False,True,True,,0.0,0.0,0.0,0.0,0,,,False,False,False,False,,,False,False,False,False,-2605869,-467402.49547751714,False,False,False,False,690390.7983840537,False,False,False,False
2022-01-12 00:00:00+00:00,77.332968933,77.806865839,76.6736854468,77.1952082045,1148990,,,,,,,,,,,,,,,,,,,,,,,,,,,,,,,,,,,,,,,,,,,,,,#000000,,,,7.100894829677334,-43.74680793139393,False,False,False,True,True,,0.0,0.0,0.0,0.0,0,,,False,False,False,False,,,False,False,False,False,-3754859,-596322.3583999674,False,False,False,False,708375.0808003654,False,False,False,False
2022-01-13 00:00:00+00:00,76.8704864874,77.4018492972,76.5851249785,77.323128881,737125,,,,,,,,,,,,,,,,,,,,,,,,,,,,,,,,,,,,,,,,,,,,,,#000000,,,,8.517883285361746,-42.74641043224654,False,False,False,True,True,,0.0,0.0,0.0,0.0,0,,,False,False,False,False,,,False,False,False,False,-4491984,-749093.4031685961,False,False,False,False,709502.5286121159,False,False,False,False
2022-01-14 00:00:00+00:00,77.332968933,77.5199299217,76.5556048223,76.7032056029,522109,,,,,,,,,,,,,,,,,,,,,,,,,,,,,,,,,,,,,,,,,,,,,,#000000,,,,11.31788180903915,-40.43392512431495,False,False,False,True,True,,0.0,0.0,0.0,0.0,0,,,False,False,False,False,,,False,False,False,False,-3969875,-875398.5638286512,False,False,False,False,702153.7627841898,False,False,False,False
2022-01-18 00:00:00+00:00,76.6638453947,77.4904097656,76.3784838857,77.3821691932,881062,,,,,,,,,,,,,,,,,,,,,,,,,,,,,,,,,,,,,,,,,,,,,,#000000,,,,12.672229114032035,-39.482329635301795,False,False,False,True,True,,0.0,0.0,0.0,0.0,0,,,False,False,False,False,,,False,False,False,False,-4850937,-1031302.0319138023,False,False,False,False,709169.7720867706,False,False,False,False
2022-01-19 00:00:00+00:00,76.9984071639,78.1890534599,76.8803265395,77.4904097656,963987,,,,,,,,,,,,,,,,,,,,,,,,,,,,,,,,,,,,,,,,,,,,,,#000000,,,,14.91742733743154,-37.64407117080112,False,False,False,True,True,,0.0,0.0,0.0,0.0,0,,,False,False,False,False,,,False,False,False,False,-3886950,-1143288.226740712,False,False,False,False,719162.6045539561,False,False,False,False
2022-01-20 00:00:00+00:00,76.8409663313,78.5000975047,76.6244851866,77.618330442,704208,,,,,,,,,,,,,,,,,,,,,,,,,,,,,,,,,,,,,,,,,,,,,,#000000,,,,16.258692951530918,-36.62602200966108,False,False,False,True,True,,0.0,0.0,0.0,0.0,0,,,False,False,False,False,,,False,False,False,False,-4591158,-1278498.8060842135,False,False,False,False,718576.1494734088,False,False,False,False
2022-01-21 00:00:00+00:00,75.9356815442,76.9885671118,75.4436789425,76.8508063834,1013997,,,,,,,,,,,,,,,,,,,,,,,,,,,,,,,,,,,,,,,,,,,,,,#000000,,,,16.31949972124226,-36.62602200966108,False,False,False,True,True,,0.0,0.0,0.0,0.0,0,,,False,False,False,False,,,False,False,False,False,-5605155,-1448171.5980024796,False,False,False,False,730161.2808666085,False,False,False,False
2022-01-24 00:00:00+00:00,74.7942355083,74.8729559246,72.2751821877,73.8495905131,1013812,,,,,,,,,,,,,,,,,,,,,,,,,,,,,,,,,,,,,,,,,,,,,,#000000,,,,15.512001967178023,-36.62602200966108,False,False,False,True,True,,0.0,0.0,0.0,0.0,0,,,False,False,False,False,,,False,False,False,False,-6618967,-1650947.8882768922,False,False,False,False,741284.8384796827,False,False,False,False
2022-01-25 00:00:00+00:00,73.0427062463,73.9086308253,72.4818232804,73.0328661943,837591,,,,,,,,,,,,,,,,,,,,,,,,,,,,,,,,,,,,,,,,,,,,,,#000000,,,,14.014318469825882,-36.62602200966108,False,False,False,True,False,,0.0,0.0,0.0,0.0,0,,,False,False,False,False,,,False,False,False,False,-7456558,-1878618.8730503474,False,False,False,False,745061.5506961657,False,False,False,False
2022-01-26 00:00:00+00:00,73.4953486399,75.000876601,72.8360651536,74.0857517619,558039,,,,,,,,,,,,,,,,,,,,,,,,,,,,,,,,,,,,,,,,,,,,,,#000000,,,,14.66494068688023,-36.62602200966108,False,False,False,True,False,,0.0,0.0,0.0,0.0,0,,,False,False,False,False,,,False,False,False,False,-6898519,-2075477.701558177,False,False,False,False,737727.3330218062,False,False,False,False
2022-01-27 00:00:00+00:00,72.6392641129,74.1644721782,72.2751821877,73.9184708773,1245868,,,,,,,,,,,,,,,,,,,,,,,,,,,,,,,,,,,,,,,,,,,,,,#000000,,,,14.546912156169036,-36.62602200966108,False,False,False,True,False,,0.0,0.0,0.0,0.0,0,,,False,False,False,False,,,False,False,False,False,-8144387,-2313474.144634327,False,False,False,False,757654.4180013433,False,False,False,False
2022-01-28 00:00:00+00:00,73.9775111895,74.0267114497,71.8914201584,72.7475046853,1081466,,,,,,,,,,,,,,,,,,,,,,,,,,,,,,,,,,,,,,,,,,,,,,#000000,,73.2985475992,,18.789908976666503,-34.62979632997158,False,False,False,True,True,,0.0,0.0,0.0,0.0,0,,,False,False,False,False,,,False,False,False,False,-7062921,-2499726.9624918047,False,False,False,False,770352.9114130554,False,False,False,False
2022-01-31 00:00:00+00:00,75.5519195149,75.7192003995,74.0070313456,74.0070313456,759100,,,,,,,,,,,,,,,,,,,,,,,,,,,,,,,,,,,,,,,,,,,,,,#000000,,74.03851240238335,,25.58792050105957,-28.45947105028238,False,False,False,True,True,,0.0,0.0,0.0,0.0,0,,,False,False,False,False,,,False,False,False,False,-6303821,-2648907.1208254592,False,False,False,False,769911.6207694061,False,False,False,False
2022-02-01 00:00:00+00:00,76.9295267996,76.9984071639,75.9258414922,76.5949650305,834089,,,,,,,,,,,,,,,,,,,,,,,,,,,,,,,,,,,,,,,,,,,,,,#000000,,74.84290018354824,,32.879872464390466,-22.09864743295836,False,False,False,True,True,,0.0,0.0,0.0,0.0,0,,,False,False,False,False,,,False,False,False,False,-5469732,-2759527.7043225,False,False,False,False,772428.3807392333,False,False,False,False
2022-02-02 00:00:00+00:00,77.7560911705,78.3268141884,77.3034487769,77.6478505981,862043,,,,,,,,,,,,,,,,,,,,,,,,,,,,,,,,,,,,,,,,,,,,,,#000000,,75.56256188206929,,39.18500261517683,-16.82726948231594,False,False,False,True,True,,0.0,0.0,0.0,0.0,0,,,False,False,False,False,,,False,False,False,False,-4607689,-2832004.617878481,False,False,False,False,775942.6795337732,False,False,False,False
2022-02-03 00:00:00+00:00,75.7388805036,76.7228857069,75.3354383702,76.2308831052,692142,,,,,,,,,,,,,,,,,,,,,,,,,,,,,,,,,,,,,,,,,,,,,,#000000,,75.62309421515647,,40.259605334582695,-16.393092903585732,False,False,False,True,True,,0.0,0.0,0.0,0.0,0,,,False,False,False,False,,,False,False,False,False,-5299831,-2928782.123059717,False,False,False,False,772656.3783755861,False,False,False,False
2022-02-04 00:00:00+00:00,75.9947218564,76.3882255373,75.0992771214,75.8471210759,564752,,,,,,,,,,,,,,,,,,,,,,,,,,,,,,,,,,,,,,,,,,,,,,#000000,,75.64716524906714,,41.449392438091216,-15.562397927556333,False,False,False,True,True,,0.0,0.0,0.0,0.0,0,,,False,False,False,False,,,False,False,False,False,-4735079,-2999617.294704434,False,False,False,False,764503.2654981122,False,False,False,False
2022-02-07 00:00:00+00:00,75.6109598271,76.2424943666,75.300998188,75.4239988385,577019,,,,,,,,,,,,,,,,,,,,,,,,,,,,,,,,,,,,,,,,,,,,,,#000000,,75.65479194332855,,41.671390103955645,-15.413497645550905,False,False,False,True,True,,0.0,0.0,0.0,0.0,0,,,False,False,False,False,,,False,False,False,False,-5312098,-3090302.8125591623,False,False,False,False,757150.9413609313,False,False,False,False
2022-02-08 00:00:00+00:00,76.3096035215,76.3292836256,74.2923928546,74.3317530627,969657,,,,,,,,,,,,,,,,,,,,,,,,,,,,,,,,,,,,,,,,,,,,,,#000000,,75.65310475904506,,43.22037677896266,-13.847552828099147,False,False,False,True,True,,0.0,0.0,0.0,0.0,0,,,False,False,False,False,,,False,False,False,False,-4342441,-3139406.270890176,False,False,False,False,765484.5122879536,False,False,False,False
2022-02-09 00:00:00+00:00,77.5199299217,78.1103330437,77.0082472159,77.2345684127,988705,,,,,,,,,,,,,,,,,,,,,,,,,,,,,,,,,,,,,,,,,,,,,,#000000,,75.90848612404793,,46.42801024247326,-10.699114287431641,False,False,False,False,True,,0.0,0.0,0.0,0.0,0,,,False,False,False,False,,,False,False,False,False,-3353736,-3147811.3583062477,False,False,False,False,774238.2569041124,False,False,False,False
2022-02-10 00:00:00+00:00,76.4867244581,77.6514914173,75.876641232,75.876641232,579126,,,,,,,,,,,,,,,,,,,,,,,,,,,,,,,,,,,,,,,,,,,,,,#000000,,75.96437188251547,,46.7619339658389,-10.236149444934604,False,False,False,False,True,,0.0,0.0,0.0,0.0,0,,,False,False,False,False,,,False,False,False,False,-3932862,-3178597.657980513,False,False,False,False,766586.7958490492,False,False,False,False
2022-02-11 00:00:00+00:00,75.276398058,76.3194435735,74.5285541034,75.7782407117,1042795,,,,,,,,,,,,,,,,,,,,,,,,,,,,,,,,,,,,,,,,,,,,,,#000000,,75.89568554863983,,45.14090453357488,-10.236149444934604,False,False,False,True,True,,0.0,0.0,0.0,0.0,0,,,False,False,False,False,,,False,False,False,False,-4975657,-3249070.573353826,False,False,False,False,777418.4901294787,False,False,False,False
2022-02-14 00:00:00+00:00,75.4338388905,75.6896802434,74.5187140514,75.1878375897,931295,,,,,,,,,,,,,,,,,,,,,,,,,,,,,,,,,,,,,,,,,,,,,,#000000,,75.83145099950104,,44.37807515966503,-10.236149444934604,False,False,False,True,True,,0.0,0.0,0.0,0.0,0,,,False,False,False,False,,,False,False,False,False,-4044362,-3280258.47243799,False,False,False,False,783452.8630655777,False,False,False,False
2022-02-15 00:00:00+00:00,77.5691301818,77.60849039,76.5851249785,77.047607424,760967,,,,,,,,,,,,,,,,,,,,,,,,,,,,,,,,,,,,,,,,,,,,,,#000000,,75.93317852828302,,47.61631861609178,-8.928945999345004,False,False,False,False,True,,0.0,0.0,0.0,0.0,0,,,False,False,False,False,,,False,False,False,False,-3283395,-3280381.473518853,False,False,False,False,782571.0645139865,False,False,False,False
2022-02-16 00:00:00+00:00,79.2419390276,79.369859704,77.2247283606,78.2579338242,1342962,,,,,,,,,,,,,,,,,,,,,,,,,,,,,,,,,,,,,,,,,,,,,,#000000,,77.42275870707543,,51.9929622470455,-4.683958938289514,False,False,True,False,True,,0.0,0.0,0.0,0.0,0,,,False,False,False,False,,,False,False,False,False,-1940433,-3227834.4745573294,False,False,False,False,804547.179631085,False,False,False,False
2022-02-17 00:00:00+00:00,76.2112030012,77.923372055,76.0537621686,77.8446516388,1132708,,,,,,,,,,,,,,,,,,,,,,,,,,,,,,,,,,,,,,,,,,,,,,#000000,,77.01346774807703,,50.37278422260751,-4.683958938289514,False,False,False,False,True,,0.0,0.0,0.0,0.0,0,,,False,False,False,False,,,False,False,False,False,-3073141,-3221768.0637903754,False,False,False,False,817416.2314102582,False,False,False,False
2022-02-18 00:00:00+00:00,74.991036549,76.0340820646,74.7548753002,75.4141587864,714510,,,,,,,,,,,,,,,,,,,,,,,,,,,,,,,,,,,,,,,,,,,,,,#000000,,76.70829428650886,,47.87417356289885,-4.683958938289514,False,False,False,False,False,,0.0,0.0,0.0,0.0,0,,,False,False,False,False,,,False,False,False,False,-3787651,-3243959.5514848707,False,False,False,False,813380.6929235815,False,False,False,False
2022-02-22 00:00:00+00:00,75.1878375897,75.7487205556,74.5580742595,74.5580742595,564320,,,,,,,,,,,,,,,,,,,,,,,,,,,,,,,,,,,,,,,,,,,,,,#000000,,76.53513321279115,,46.508637971686426,-4.683958938289514,False,False,False,False,False,,0.0,0.0,0.0,0.0,0,,,False,False,False,False,,,False,False,False,False,-3223331,-3243150.588681543,False,False,False,False,803613.6069265782,False,False,False,False
2022-02-23 00:00:00+00:00,74.2136724383,75.8864812841,74.0070313456,75.6207998791,759189,,,,,,,,,,,,,,,,,,,,,,,,,,,,,,,,,,,,,,,,,,,,,,#000000,,76.31425999899145,,44.44459610896235,1.1308272721426462,False,False,False,True,False,,0.0,0.0,0.0,0.0,1,,,False,False,False,False,,,False,False,False,False,-3982520,-3272145.4675567765,False,False,False,False,801871.4654784771,False,False,False,False
2022-02-24 00:00:00+00:00,74.6072745197,74.8040755603,71.5470183372,71.6060586494,1147371,,,,,,,,,,,,,,,,,,,,,,,,,,,,,,,,,,,,,,,,,,,,,,#000000,,75.93726203402565,,43.74388735625473,0.27341593511863493,False,False,False,True,False,,0.0,0.0,0.0,0.0,1,,,False,False,False,False,,,False,False,False,False,-2835149,-3255008.351182001,False,False,False,False,815420.4668322623,False,False,False,False
2022-02-25 00:00:00+00:00,76.2013629491,76.2210430532,74.4399936351,74.7450352481,794951,,,,,,,,,,,,,,,,,,,,,,,,,,,,,,,,,,,,,,,,,,,,,,#000000,,75.91034640693437,,45.801381882903954,0.27341593511863493,False,False,False,True,False,,0.0,0.0,0.0,0.0,1,,,False,False,False,False,,,False,False,False,False,-2040198,-3207368.7295670207,False,False,False,False,814617.7426427619,False,False,False,False
2022-02-28 00:00:00+00:00,75.7585606076,76.4375241979,74.7253551441,75.7684006597,620432,,,,,,,,,,,,,,,,,,,,,,,,,,,,,,,,,,,,,,,,,,,,,,#000000,,75.8940631504014,,46.53097155794566,0.27341593511863493,False,False,False,False,False,,0.0,0.0,0.0,0.0,1,,,False,False,False,False,,,False,False,False,False,-2660630,-3185927.9950741963,False,False,False,False,807002.6154803006,False,False,False,False
2022-03-01 00:00:00+00:00,74.8926360287,76.1374026109,74.1841522822,75.86680118,792252,,,,,,,,,,,,,,,,,,,,,,,,,,,,,,,,,,,,,,,,,,,,,,#000000,,75.83553058893598,,45.79126864192548,0.27341593511863493,False,False,False,True,False,,0.0,0.0,0.0,0.0,1,,,False,False,False,False,,,False,False,False,False,-3452882,-3196396.779581091,False,False,False,False,806424.1599712692,False,False,False,False
2022-03-02 00:00:00+00:00,75.5223993588,76.0094819345,74.5679143115,74.8237556644,656765,,,,,,,,,,,,,,,,,,,,,,,,,,,,,,,,,,,,,,,,,,,,,,#000000,,75.81027747453936,,46.37059007663532,0.27341593511863493,False,False,False,True,False,,0.0,0.0,0.0,0.0,1,,,False,False,False,False,,,False,False,False,False,-2796117,-3180699.533323009,False,False,False,False,800555.1733057293,False,False,False,False
2022-03-03 00:00:00+00:00,76.0537621686,76.5032557455,75.3649585263,76.2308831052,751646,,,,,,,,,,,,,,,,,,,,,,,,,,,,,,,,,,,,,,,,,,,,,,#000000,,75.8210207049477,,47.646939705613526,0.27341593511863493,False,False,False,False,True,,0.0,0.0,0.0,0.0,1,,,False,False,False,False,,,False,False,False,False,-2044471,-3136141.5516240676,False,False,False,False,798637.1665094262,False,False,False,False
2022-03-04 00:00:00+00:00,74.2923928546,74.400633427,73.0230261422,73.5445489,662488,,,,,,,,,,,,,,,,,,,,,,,,,,,,,,,,,,,,,,,,,,,,,,#000000,,75.72705477008188,,45.878671546883595,0.27341593511863493,False,False,False,True,True,,0.0,0.0,0.0,0.0,1,,,False,False,False,False,,,False,False,False,False,-2706959,-3119310.863325085,False,False,False,False,793297.9835090566,False,False,False,False
2022-03-07 00:00:00+00:00,71.6158987014,73.7511899927,71.1238960997,73.4067881716,1062028,,,,,,,,,,,,,,,,,,,,,,,,,,,,,,,,,,,,,,,,,,,,,,#000000,,75.46934560129286,,41.772905028428625,-2.9156834967233607,False,False,False,True,False,,0.0,0.0,0.0,0.0,1,,,False,False,False,False,,,False,False,False,False,-3768987,-3144788.358880964,False,False,False,False,803836.4155283093,False,False,False,False
2022-03-08 00:00:00+00:00,70.5039728216,72.0488609909,69.8053291272,71.5273382331,942484,,,,,,,,,,,,,,,,,,,,,,,,,,,,,,,,,,,,,,,,,,,,,,#000000,,73.72180091253927,,38.06731996536033,-6.409710035683943,False,False,False,True,False,,0.0,0.0,0.0,0.0,0,,,False,False,False,False,,,False,False,False,False,-4711471,-3206226.893826809,False,False,False,False,809273.5757036697,False,False,False,False
2022-03-09 00:00:00+00:00,73.1903070268,73.8495905131,72.353902604,72.6884643731,676547,,,,,,,,,,,,,,,,,,,,,,,,,,,,,,,,,,,,,,,,,,,,,,#000000,,73.99360503243847,,39.91989301811598,-6.409710035683943,False,False,False,True,False,,0.0,0.0,0.0,0.0,0,,,False,False,False,False,,,False,False,False,False,-4034924,-3238724.819559091,False,False,False,False,804068.6119505847,False,False,False,False
2022-03-10 00:00:00+00:00,72.8951054658,73.1312667146,71.9799806267,72.6097439568,629397,,,,,,,,,,,,,,,,,,,,,,,,,,,,,,,,,,,,,,,,,,,,,,#000000,,74.01954085526587,,40.83346326881845,-6.409710035683943,False,False,False,True,True,,0.0,0.0,0.0,0.0,0,,,False,False,False,False,,,False,False,False,False,-4664321,-3294630.552125401,False,False,False,False,797218.7448152676,False,False,False,False
2022-03-11 00:00:00+00:00,71.8422198982,73.8003902529,71.8126997421,73.3083876512,536719,,,,,,,,,,,,,,,,,,,,,,,,,,,,,,,,,,,,,,,,,,,,,,#000000,,73.99951989732561,,40.307565302528864,-6.409710035683943,False,False,False,True,True,,0.0,0.0,0.0,0.0,0,,,False,False,False,False,,,False,False,False,False,-5201040,-3369391.7069440125,False,False,False,False,787003.0685480023,False,False,False,False
2022-03-14 00:00:00+00:00,70.6909338103,72.5802238007,70.3563720411,72.4227829682,721077,,,,,,,,,,,,,,,,,,,,,,,,,,,,,,,,,,,,,,,,,,,,,,#000000,,73.84219613433652,,38.81083078907234,-6.409710035683943,False,False,False,True,True,,0.0,0.0,0.0,0.0,0,,,False,False,False,False,,,False,False,False,False,-5922117,-3469498.5811815024,False,False,False,False,784417.732526512,False,False,False,False
2022-03-15 00:00:00+00:00,71.4387777648,71.5666984413,70.3957322492,70.897574903,846998,,,,,,,,,,,,,,,,,,,,,,,,,,,,,,,,,,,,,,,,,,,,,,#000000,,73.68598176257056,,39.073112602118144,-6.409710035683943,False,False,False,True,True,0.0,0.0,0.0,0.0,0.0,0,,,False,False,False,False,-0.34002532083890463,-0.34002532083890463,False,False,False,False,-5075119,-3532464.0878018355,False,False,False,False,786871.8606627273,False,False,False,False
2022-03-16 00:00:00+00:00,73.6823096285,73.9283109293,72.2993887157,72.8557452577,739155,,,,,,,,,,,,,,,,,,,,,,,,,,,,,,,,,,,,,,,,,,,,,,#000000,,73.72931499460077,,42.52453081494579,-6.409710035683943,False,False,False,True,True,0.0,0.0,0.0,0.0,0.0,0,0.7949213708352079,1.017756721166052,False,False,False,False,-0.23297244358884772,-0.2864988822138762,False,False,False,False,-4335964,-3563973.888280195,False,False,False,False,785000.6112249733,False,False,False,False
2022-03-17 00:00:00+00:00,75.1976776417,75.5617595669,74.0365515017,74.2038323863,646709,,,,,,,,,,,,,,,,,,,,,,,,,,,,,,,,,,,,,,,,,,,,,,#000000,,73.84832350633975,,46.64387061528279,-8.848211356800554,True,False,False,False,True,0.0,0.0,0.0,0.0,0.0,0,0.8106826956405905,1.000179085421303,False,False,False,False,-0.11889448718921013,-0.20269668470154317,False,False,False,False,-3689255,-3568886.873053521,False,False,False,False,779577.4107847783,False,False,False,False
2022-03-18 00:00:00+00:00,77.0771275801,77.2050482566,74.5285541034,74.5482342075,1017777,,,,,,,,,,,,,,,,,,,,,,,,,,,,,,,,,,,,,,,,,,,,,,#000000,,74.10028879484744,,51.319385711193306,-4.546847052780876,True,False,False,False,True,0.0,0.0,0.0,0.0,0.0,0,0.8414852501092067,0.9721934392091464,False,False,False,False,-0.00972964800047548,-0.10621316635100933,False,False,False,False,-2671478,-3533694.3682278926,False,False,False,False,788918.5711461597,False,False,False,False
2022-03-21 00:00:00+00:00,75.4239988385,76.2604032613,75.1189572254,76.1226425329,463093,,,,,,,,,,,,,,,,,,,,,,,,,,,,,,,,,,,,,,,,,,,,,,#000000,,74.17111715982561,,52.203412542342974,-3.8333651529297015,True,False,True,False,True,0.0,0.0,0.0,0.0,0.0,0,0.8546780677511318,0.9524134051049782,False,False,False,False,0.032132494161784035,-0.037040336094612644,False,False,False,False,-3134571,-3518042.471434642,False,False,False,False,776141.0977678789,False,False,False,False
2022-03-22 00:00:00+00:00,75.8864812841,76.3391236776,75.5519195149,75.6109598271,758401,,,,,,,,,,,,,,,,,,,,,,,,,,,,,,,,,,,,,,,,,,,,,,#000000,,74.28882167182398,,53.29696645543207,-2.781686443353294,True,False,True,False,True,0.0,0.0,0.0,0.0,0.0,0,0.8730768803250605,0.9430947538348065,False,False,False,False,0.11997148772924972,0.04146557581731854,False,False,False,False,-2376170,-3473263.158829362,False,False,False,False,775445.4076593346,False,False,False,False
2022-03-23 00:00:00+00:00,74.3809533229,75.6207998791,74.3612732188,75.6207998791,557954,,,,,,,,,,,,,,,,,,,,,,,,,,,,,,,,,,,,,,,,,,,,,,#000000,,74.32133684692263,,52.07877377084513,-2.781686443353294,True,False,True,False,True,0.0,0.0,0.0,0.0,0.0,0,0.8795721104945279,0.9381604389241488,False,False,False,False,0.0339382527876772,0.03770191430249787,False,False,False,False,-2934124,-3452120.446718407,False,False,False,False,766916.3328491646,False,False,False,False
2022-03-24 00:00:00+00:00,74.9221561848,74.9418362888,74.3924661838,74.8926360287,503098,,,,,,,,,,,,,,,,,,,,,,,,,,,,,,,,,,,,,,,,,,,,,,#000000,,74.34612227031676,,51.93755350622453,-2.781686443353294,True,False,True,False,True,0.0,0.0,0.0,0.0,0.0,0,0.8721786357022576,0.9516518299096303,False,False,False,False,0.004921397004923875,0.021311655653710872,False,False,False,False,-2431026,-3412077.5272392537,False,False,False,False,756570.5158746876,False,False,False,False
2022-03-25 00:00:00+00:00,75.0500768612,75.5420794629,74.3612732188,75.3747985783,358843,,,,,,,,,,,,,,,,,,,,,,,,,,,,,,,,,,,,,,,,,,,,,,#000000,,74.36740358656904,,52.00914845770352,-2.781686443353294,True,False,True,False,True,0.0,0.0,0.0,0.0,0.0,0,0.8700236189616376,0.9429340713917237,False,False,False,False,0.030409899663499208,0.02586077765860504,False,False,False,False,-2072183,-3359532.6438181065,False,False,False,False,740973.3583894058,False,False,False,False
2022-03-28 00:00:00+00:00,76.3784838857,76.3784838857,75.4535189946,75.6995202954,886059,,,,,,,,,,,,,,,,,,,,,,,,,,,,,,,,,,,,,,,,,,,,,,#000000,,74.47029313729793,,53.73368606808424,-1.6325407792099256,True,False,True,False,True,0.0,0.0,0.0,0.0,0.0,0,0.8790610085157946,0.9256312089434924,False,False,False,False,0.11729058349975745,0.07157568057918125,False,False,False,False,-1186124,-3274300.9322958277,False,False,False,False,746662.9913937429,False,False,False,False
2022-03-29 00:00:00+00:00,80.245624335,80.4129052196,78.9565775186,80.0291431903,1359565,,,,,,,,,,,,,,,,,,,,,,,,,,,,,,,,,,,,,,,,,,,,,,#000000,,74.87850485579409,,58.478144911266696,3.010078397328421,True,False,True,False,True,3.0031931929004116,0.0,0.0,0.0,0.0,0,0.8928074047033844,0.9141228792391157,False,False,False,False,0.3428282459581261,0.20720196326865367,False,False,False,False,173441,-3139095.366323442,False,True,False,False,770698.3642802628,False,False,False,False
2022-03-30 00:00:00+00:00,79.4682602243,80.6638265464,79.1238584032,80.3932251155,548929,,,,,,,,,,,,,,,,,,,,,,,,,,,,,,,,,,,,,,,,,,,,,,#000000,,76.20297378986774,,60.44591856115951,4.895039655503368,True,False,True,False,True,1.5860816261094115,0.0,0.0,0.0,0.0,0,0.8968362074247647,0.9116074122130614,False,False,False,False,0.34282824615534635,0.275015104712,False,False,False,False,-375488,-3030718.606859778,False,False,False,False,762001.5264653505,False,False,False,False
2022-03-31 00:00:00+00:00,78.0611327835,79.2911392877,78.0414526794,79.0057777787,705870,,,,,,,,,,,,,,,,,,,,,,,,,,,,,,,,,,,,,,,,,,,,,,#000000,,76.11447706524132,,59.71779078759414,4.895039655503368,True,False,True,False,True,0.0,0.0,0.0,0.0,0.0,0,0.8807676390879671,0.9333277748546783,False,False,False,False,0.24439859913913237,0.2597068519255662,False,False,False,False,-1081358,-2954273.092865277,False,False,False,False,759800.290133376,False,False,False,False
2022-04-01 00:00:00+00:00,78.4645749169,78.5236152291,77.332968933,77.4313694534,786651,,,,,,,,,,,,,,,,,,,,,,,,,,,,,,,,,,,,,,,,,,,,,,#000000,,76.11028554898913,,59.637332830041856,4.895039655503368,True,False,True,False,True,0.0,0.0,0.0,0.0,0.0,0,0.8752071125829913,0.9440770407602245,False,False,False,False,0.18749160902068224,0.22359923047312422,False,False,False,False,-294707,-2849976.383341149,False,False,False,False,760853.2591477535,False,False,False,False
2022-04-04 00:00:00+00:00,78.4744149689,78.8926171804,78.070874435,78.7499364259,496699,,,,,,,,,,,,,,,,,,,,,,,,,,,,,,,,,,,,,,,,,,,,,,#000000,,76.15684517612516,,59.594234514306464,4.895039655503368,True,False,True,False,True,0.0,0.0,0.0,0.0,0.0,0,0.8943800539163109,0.923934117022445,False,False,False,False,0.23003568723406298,0.2268174588535936,False,False,False,False,201992,-2730291.3487003194,False,False,False,False,750494.2685929397,False,False,False,False
2022-04-05 00:00:00+00:00,78.0316126274,78.789296634,77.8544916908,78.5826555413,469837,,,,,,,,,,,,,,,,,,,,,,,,,,,,,,,,,,,,,,,,,,,,,,#000000,,76.18714582492983,,58.82782236093088,4.895039655503368,True,False,True,False,True,0.0,0.0,0.0,0.0,0.0,0,0.9222887963802568,0.9114462124751549,False,False,False,False,0.2176701205974367,0.22224378972551517,False,False,False,False,-267845,-2633724.8252218757,False,False,False,False,739488.1011971382,False,False,False,False
2022-04-06 00:00:00+00:00,78.4448948128,78.4498148388,77.2936087249,77.8151314827,692407,,,,,,,,,,,,,,,,,,,,,,,,,,,,,,,,,,,,,,,,,,,,,,#000000,,76.2239989094037,,58.84039411949341,4.895039655503368,True,False,True,False,True,0.0,0.0,0.0,0.0,0.0,0,0.9225973757715271,0.9131773657289823,False,False,False,False,0.18318229511714923,0.2027130424213322,False,False,False,False,424562,-2513792.008546508,False,False,False,False,737641.7835031328,False,False,False,False
2022-04-07 00:00:00+00:00,79.950422774,80.3538649074,79.1730586633,79.4190599642,502184,,,,,,,,,,,,,,,,,,,,,,,,,,,,,,,,,,,,,,,,,,,,,,#000000,,76.33387701543074,,60.609885665417224,6.300209599231998,True,False,True,False,True,2.499769704245839,0.0,0.0,0.0,0.0,0,0.9311170146724196,0.9119092072971011,False,False,False,False,0.3320964658180573,0.2674047541196948,False,False,False,False,926746,-2378868.949387822,False,False,False,False,728408.1449343825,False,False,False,False
2022-04-08 00:00:00+00:00,79.379699756,80.2259442309,78.9762576226,79.2419390276,1119363,,,,,,,,,,,,,,,,,,,,,,,,,,,,,,,,,,,,,,,,,,,,,,#000000,,76.51426325465704,,60.70252002512478,6.64063624545166,True,False,True,False,True,1.4371999016168147,0.0,0.0,0.0,0.0,0,0.9346496883019795,0.9034664569516914,False,False,False,False,0.3188344755176704,0.2931196148186826,False,False,False,False,-192617,-2293133.578823594,False,False,False,False,743739.7078781322,False,False,False,False
2022-04-11 00:00:00+00:00,78.9467374665,80.2062641269,78.8581769982,79.5469806406,919137,,,,,,,,,,,,,,,,,,,,,,,,,,,,,,,,,,,,,,,,,,,,,,#000000,,76.62815654672936,,59.93832342045105,6.64063624545166,True,False,True,False,True,0.6344590409755426,0.0,0.0,0.0,0.0,0,0.9370353365996471,0.9013053582885536,False,False,False,False,0.3132410340437284,0.30318032443120546,False,False,False,False,-1111754,-2246804.9678893355,False,False,False,False,750618.033059382,False,False,False,False
2022-04-12 00:00:00+00:00,77.1558479964,79.5863408487,76.9393668517,79.2911392877,1593271,,,,,,,,,,,,,,,,,,,,,,,,,,,,,,,,,,,,,,,,,,,,,,#000000,,76.66295827773946,,56.38696201749487,10.263254090180148,True,False,True,False,False,0.0,0.0,0.0,0.0,0.0,0,0.8935120950496488,0.9281087584036427,False,False,False,False,0.21311967986078498,0.2581500021459952,False,False,False,False,-2705025,-2264774.380913283,False,False,False,False,783663.2474492101,False,False,False,False
2022-04-13 00:00:00+00:00,77.1460079444,77.4510495574,76.0439221166,76.8704864874,932560,,,,,,,,,,,,,,,,,,,,,,,,,,,,,,,,,,,,,,,,,,,,,,#000000,,76.6355161638325,,54.003889691350594,7.995841708888669,True,False,True,False,False,0.0,0.0,0.0,0.0,0.0,0,0.8665509760387937,0.9653025808972561,False,False,False,False,0.09873107634533337,0.17844053924566428,False,False,False,False,-3637585,-2318610.0914657037,False,False,False,False,789502.3357845353,False,False,False,False
2022-04-14 00:00:00+00:00,75.6700001393,77.2935103244,75.6601600873,77.1460079444,677818,,,,,,,,,,,,,,,,,,,,,,,,,,,,,,,,,,,,,,,,,,,,,,#000000,,76.59700701898065,,50.204516693347955,4.482514977491299,True,False,False,False,False,0.0,0.0,0.0,0.0,0.0,0,0.8516348387408127,0.9791410033513157,False,False,False,False,0.0786519848180601,0.1285462620318622,False,False,False,False,-4315403,-2396915.695721951,False,False,False,False,785122.5579106319,False,False,False,False
2022-04-18 00:00:00+00:00,75.1091171734,75.6011197751,74.5783447667,74.9418362888,607958,,,,,,,,,,,,,,,,,,,,,,,,,,,,,,,,,,,,,,,,,,,,,,#000000,,76.53344614805974,,46.914628717001456,1.546594287534461,False,False,False,True,False,0.0,0.0,0.0,0.0,0.0,0,0.8584480553953632,0.9905845882079604,False,False,False,False,-0.023612291940370393,0.0524669850457459,False,False,False,False,-4923361,-2495991.9821642274,False,False,False,False,778174.9281886463,False,False,False,False
2022-04-19 00:00:00+00:00,77.5494500778,77.9528922111,75.9061613881,76.0340820646,874634,,,,,,,,,,,,,,,,,,,,,,,,,,,,,,,,,,,,,,,,,,,,,,#000000,,76.53665246764362,,48.763639610141986,1.546594287534461,False,False,False,False,False,0.0,0.0,0.0,0.0,0.0,0,0.8692789355935626,0.959214656463359,False,False,False,False,0.11228015986962511,0.0823735724576855,False,False,False,False,-4048727,-2556883.551491121,False,False,False,False,781957.6368871308,False,False,False,False
2022-04-20 00:00:00+00:00,79.8126620455,80.1078636065,77.8741717949,78.1595333038,935018,,,,,,,,,,,,,,,,,,,,,,,,,,,,,,,,,,,,,,,,,,,,,,"rgba(38, 166, 154, 1.0)",2.7755453006135773,76.63045103277278,1.1465174111997904,52.71767242557832,-2.5671787465331875,True,False,False,False,True,2.360620630240369,0.0,0.0,0.0,0.0,0,0.8871008297675637,0.9316184092275861,False,False,False,False,0.26991669519104894,0.17614513382436722,False,False,False,False,-3113709,-2578719.8435895084,False,False,False,False,787960.0040680277,False,False,False,False
2022-04-21 00:00:00+00:00,78.1398531998,80.2948245952,78.0660528095,79.8717023577,809176,,,,,,,,,,,,,,,,,,,,,,,,,,,,,,,,,,,,,,,,,,,,,,"rgba(38, 166, 154, 0.5)",2.560484713490599,76.6905479257552,0.56602770030563,52.87770372506051,-2.538721172246184,True,False,False,False,True,0.0,0.0,0.0,0.0,0.0,0,0.9002508208007078,0.930681768852182,False,False,False,False,0.2849602973307209,0.2305527155775441,False,False,False,False,-3922885,-2631432.20266443,False,False,False,False,788792.0039084973,False,False,False,False
2022-04-22 00:00:00+00:00,76.2702433134,78.5236152291,76.2702433134,78.5236152291,1150920,,,,,,,,,,,,,,,,,,,,,,,,,,,,,,,,,,,,,,,,,,,,,,#000000,2.3572509649171263,76.68604443469877,-0.17639238565902488,50.663006455784654,-2.538721172246184,True,False,False,False,True,0.0,0.0,0.0,0.0,0.0,0,0.8599060793406665,0.9619944810814254,False,False,False,False,0.1472695058686021,0.1889111107230731,False,False,False,False,-5073805,-2727211.528050138,False,False,False,False,802993.1017944386,False,False,False,False
2022-04-25 00:00:00+00:00,76.1816828451,76.4178440939,75.2370378498,75.6306399312,871854,,,,,,,,,,,,,,,,,,,,,,,,,,,,,,,,,,,,,,,,,,,,,,#000000,2.25660750756763,76.64827936310033,-0.2067690178445203,49.08213191317193,-2.538721172246184,False,False,False,False,False,0.0,0.0,0.0,0.0,0.0,0,0.860069645469626,0.9794986967972753,False,False,False,False,0.030700996119720218,0.10980605342139665,False,False,False,False,-5945659,-2853425.1544011133,False,False,False,False,805693.5291750488,False,False,False,False
2022-04-26 00:00:00+00:00,73.0722264024,75.2468779019,73.0230261422,75.2271977978,942223,,,,,,,,,,,,,,,,,,,,,,,,,,,,,,,,,,,,,,,,,,,,,,"rgba(255, 0, 0, 1.0)",2.2050743224053684,76.53680547102336,-1.5711847140118493,44.85366267088539,0.7022102986904244,False,True,False,True,False,0.0,0.0,0.0,0.0,0.0,0,0.8444793156181536,0.9698815612882214,False,False,False,False,-0.0941620888421948,0.007821982289600925,False,False,False,False,-6887882,-3011639.148346168,False,False,False,False,811047.6260701449,False,False,False,False
2022-04-27 00:00:00+00:00,72.649104165,73.4756685358,72.4424630723,72.96398583,846697,,,,,,,,,,,,,,,,,,,,,,,,,,,,,,,,,,,,,,,,,,,,,,"rgba(255, 0, 0, 1.0)",2.2048346987143033,76.41727325626667,-1.7090483442881177,41.6693943550249,-2.2113018435483056,False,True,False,True,False,0.0,0.0,0.0,0.0,0.0,0,0.8381705110346902,0.9819984442195628,False,False,False,False,-0.18243354751749646,-0.08730578261394777,False,False,False,False,-7734579,-3196852.4758620043,False,False,False,False,812445.6407340609,False,False,False,False
2022-04-28 00:00:00+00:00,71.9307803665,72.4818232804,71.0451756835,72.363742656,1493972,,,,,,,,,,,,,,,,,,,,,,,,,,,,,,,,,,,,,,,,,,,,,,"rgba(255, 0, 0, 1.0)",2.246112502766396,76.17553976470742,-1.8898249277270913,38.92015234523325,-4.713395893104057,False,True,False,True,False,0.0,0.0,0.0,0.0,0.0,0,0.8105999396627536,1.0044606787319044,False,False,False,False,-0.27517783953950997,-0.18124181107672888,False,False,False,False,-9228551,-3433389.672887024,False,False,False,False,839172.1646268428,False,False,False,False
2022-04-29 00:00:00+00:00,70.0710105321,71.7438193779,69.9529299077,70.897574903,1061636,,,,,,,,,,,,,,,,,,,,,,,,,,,,,,,,,,,,,,,,,,,,,,"rgba(255, 26, 202, 1.0)",2.323656530702439,75.9791232007393,-2.542592930829271,35.62069690032307,-7.7431120719318685,False,True,False,True,False,0.0,0.0,0.0,0.0,0.0,0,0.7896544873920515,1.0293006270323826,False,False,False,False,-0.34282825441539394,-0.26203503274606144,False,False,False,False,-10290187,-3702283.685714984,False,False,False,False,847896.2366022608,False,False,False,False
2022-05-02 00:00:00+00:00,69.7167686589,70.5334929777,68.6049411796,70.3071717809,865521,,,,,,,,,,,,,,,,,,,,,,,,,,,,,,,,,,,,,,,,,,,,,,"rgba(255, 26, 202, 1.0)",2.4171557476584113,75.8043065826832,-2.518471525751051,33.16138373068639,-9.994502182312324,False,True,False,True,False,0.0,0.0,0.0,0.0,0.0,0,0.7991968387688171,1.0414852377086643,False,False,False,False,-0.34282825441539394,-0.3024316435807277,False,False,False,False,-11155708,-3994574.8352947882,False,False,False,False,848587.403794329,False,False,False,False
2022-05-03 00:00:00+00:00,70.026730298,70.6681814633,69.8096237497,70.3030477231,724029,,,,,,,,,,,,,,,,,,,,,,,,,,,,,,,,,,,,,,,,,,,,,,"rgba(255, 26, 202, 1.0)",2.4974432659582764,75.67836438202505,-2.262967956493898,32.12425754706791,-10.99092445078469,False,True,False,True,False,0.0,0.0,0.0,0.0,0.0,0,0.8259825311535987,1.0204825157019157,False,False,False,False,-0.2955014642429857,-0.29896655391185667,False,False,False,False,-10431679,-4247010.2927342085,False,False,False,False,843702.760508277,False,False,False,False
2022-05-04 00:00:00+00:00,71.4477913412,71.5366076564,69.3359367353,69.9675194212,952456,,,,,,,,,,,,,,,,,,,,,,,,,,,,,,,,,,,,,,,,,,,,,,"rgba(255, 0, 0, 1.0)",2.5324378748403995,75.53903369887551,-1.6155351324988978,34.06060673257721,-10.99092445078469,False,True,False,True,False,0.0,0.0,0.0,0.0,0.0,0,0.8248877359075242,1.0077673375654934,False,False,False,False,-0.2818037218336248,-0.29038513787274073,False,False,False,False,-9479223,-4452195.104783848,False,False,False,False,847967.593429521,False,False,False,False
2022-05-05 00:00:00+00:00,69.6912019961,71.1122630393,68.9510660361,70.6681814633,939887,,,,,,,,,,,,,,,,,,,,,,,,,,,,,,,,,,,,,,,,,,,,,,"rgba(255, 26, 202, 1.0)",2.6142291444293893,75.38718982071636,-2.1788403043221454,33.671346731368644,-10.99092445078469,False,True,False,True,False,0.0,0.0,0.0,0.0,0.0,0,0.8242288831877637,1.0101524728646343,False,False,False,False,-0.31000112614697245,-0.3001931320098566,False,False,False,False,-10419110,-4686191.767341344,False,False,False,False,851572.2760401281,False,False,False,False
2022-05-06 00:00:00+00:00,67.9740865688,68.7339594878,67.5300049928,68.7339594878,1235388,,,,,,,,,,,,,,,,,,,,,,,,,,,,,,,,,,,,,,,,,,,,,,"rgba(255, 26, 202, 1.0)",2.7425539167399235,75.13892838252853,-2.6124707229987236,32.04110943419367,-11.397508553177623,False,True,False,True,False,0.0,0.0,0.0,0.0,0.0,0,0.8277472643373769,1.0139590159577485,False,False,False,False,-0.34282825441539394,-0.32151069321262526,False,False,False,False,-11654498,-4959458.6784259975,False,False,False,False,866623.8730581623,False,False,False,False
2022-05-09 00:00:00+00:00,63.4049805756,65.990522196,63.0793207532,65.6095988885,1984425,,,,,,,,,,,,,,,,,,,,,,,,,,,,,,,,,,,,,,,,,,,,,,"rgba(255, 26, 202, 1.0)",3.057592438522689,72.49274177580881,-2.972195079276055,28.38419859076785,-15.044393135038227,False,True,False,True,False,0.0,0.0,0.0,0.0,0.0,0,0.7676238538470253,1.0364148656503651,False,False,False,False,-0.34282825441539394,-0.33216947381400963,False,False,False,False,-13638923,-5299829.828291644,False,False,False,False,910459.2113696069,True,False,False,False
2022-05-10 00:00:00+00:00,64.4313024402,65.2207807975,63.2654402759,63.8391936722,1740520,,,,,,,,,,,,,,,,,,,,,,,,,,,,,,,,,,,,,,,,,,,,,,"rgba(255, 26, 202, 1.0)",3.2928606385446804,72.1566174669413,-2.3460801639499675,27.57967259784162,-15.9574517323057,False,True,False,True,False,0.0,0.0,0.0,0.0,0.0,0,0.7671751777582821,1.0466763401387271,False,False,False,False,-0.34282825441539394,-0.33749886411470176,False,False,False,False,-11898403,-5558597.403652756,False,False,False,False,943010.6148453086,False,False,False,False
2022-05-11 00:00:00+00:00,68.9115921182,70.5497597097,67.7668485,67.8852702536,2725300,,,,,,,,,,,,,,,,,,,,,,,,,,,,,,,,,,,,,,,,,,,,,,"rgba(239, 83, 80, 1.0)",3.3649742631644406,72.31756282071258,-1.0121832846678542,32.71041654875108,-15.9574517323057,False,True,False,True,True,0.0,0.0,0.0,0.0,0.0,0,0.7941019254732912,1.0057663101235372,False,False,False,False,-0.12334532156851412,-0.23042209284160795,False,False,False,False,-9173103,-5700342.721156569,False,False,False,False,1012904.3162239239,False,False,False,False
2022-05-12 00:00:00+00:00,67.9642180894,68.5365898985,67.1944766909,67.7471115411,1741471,,,,,,,,,,,,,,,,,,,,,,,,,,,,,,,,,,,,,,,,,,,,,,"rgba(239, 83, 80, 1.0)",3.4514824500716257,72.208095033822,-1.2295809136546323,35.40455842772188,-21.391084420583603,False,True,False,True,True,0.0,0.0,0.0,0.0,0.0,0,0.7813179056482944,1.0209002511466185,False,False,False,False,-0.1791321752652309,-0.2047771340534194,False,False,False,False,-10914574,-5904822.37915043,False,False,False,False,1041475.5587249466,False,False,False,False
2022-05-13 00:00:00+00:00,69.7208074345,70.4905488329,68.7339594878,69.1879095433,1459811,,,,,,,,,,,,,,,,,,,,,,,,,,,,,,,,,,,,,,,,,,,,,,"rgba(239, 83, 80, 0.5)",3.49747010184461,72.20424104377199,-0.7100657152043099,39.05050313458662,-17.971380701026966,False,True,False,True,True,0.0,0.0,0.0,0.0,0.0,0,0.7840508763938523,1.0024565613349714,False,False,False,False,-0.103953088800997,-0.1543651114272082,False,False,False,False,-9454763,-6044035.736830805,False,False,False,False,1057880.8701474979,False,False,False,False
2022-05-16 00:00:00+00:00,70.0365987774,70.5300227508,69.3754106532,70.0563357364,918917,,,,,,,,,,,,,,,,,,,,,,,,,,,,,,,,,,,,,,,,,,,,,,"rgba(239, 83, 80, 0.5)",3.5310989958626573,72.202793349335,-0.6134618639899636,41.80662476606109,-15.406995340150061,False,True,False,True,True,0.0,0.0,0.0,0.0,0.0,0,0.8072639690762903,0.9975738624067421,False,False,False,False,-0.0894606555764888,-0.1219128835018485,False,False,False,False,-8535846,-6141753.786366853,False,False,False,False,1052431.3066123019,False,False,False,False
2022-05-17 00:00:00+00:00,71.1813423956,71.9116098762,70.4560091548,70.5596281892,1095265,,,,,,,,,,,,,,,,,,,,,,,,,,,,,,,,,,,,,,,,,,,,,,#000000,3.5533158921073116,72.23727499511024,-0.2971682314695687,44.832105599337154,-12.566409761278337,False,False,False,True,True,0.0,0.0,0.0,0.0,0.0,0,0.8363963501144228,0.9780409796983187,False,False,False,False,-0.0373242193383118,-0.07961855142008015,False,False,False,False,-7440581,-6192688.186901486,False,False,False,False,1054111.0592941723,False,False,False,False
2022-05-18 00:00:00+00:00,69.6912019961,71.0135782447,69.582648722,70.155020531,628845,,,,,,,,,,,,,,,,,,,,,,,,,,,,,,,,,,,,,,,,,,,,,,"rgba(239, 83, 80, 0.5)",3.597239585410603,72.22992501604824,-0.7057419890086237,45.35108939329298,-12.013559783471408,False,False,False,True,True,0.0,0.0,0.0,0.0,0.0,0,0.8381642235813894,0.9679009937605797,False,False,False,False,-0.07479635815040367,-0.07720745478524191,False,False,False,False,-8069426,-6266285.748199467,False,False,False,False,1037433.958929695,False,False,False,False
2022-05-19 00:00:00+00:00,71.2800271903,71.9905577119,70.026730298,70.0365987774,1030080,,,,,,,,,,,,,,,,,,,,,,,,,,,,,,,,,,,,,,,,,,,,,,#000000,3.606203616875654,72.24634491743087,-0.26795983527077444,47.37444629561811,-9.930724184866662,False,False,False,False,True,0.0,0.0,0.0,0.0,0.0,0,0.8302712969314852,0.9855125436112852,False,False,False,False,-0.044723517786896996,-0.06096548628606945,False,False,False,False,-7039346,-6296601.83650537,False,False,False,False,1037145.5683834325,False,False,False,False
2022-05-20 00:00:00+00:00,71.7241087663,71.7635826842,70.2438368462,71.3984489439,949708,,,,,,,,,,,,,,,,,,,,,,,,,,,,,,,,,,,,,,,,,,,,,,#000000,3.599635760748445,72.26024698939723,-0.1489423538190848,49.17754929382707,-8.033653717411909,True,False,False,False,True,0.0,0.0,0.0,0.0,0.0,0,0.8375501877943524,0.9810802091712443,False,False,False,False,-0.04493201582079901,-0.05294875105343423,False,False,False,False,-6089638,-6288485.607622807,False,False,False,False,1033716.6441331018,False,False,False,False
2022-05-23 00:00:00+00:00,72.4642447263,72.8195099871,71.3491065466,71.7734511636,662852,,,,,,,,,,,,,,,,,,,,,,,,,,,,,,,,,,,,,,,,,,,,,,#000000,3.6031523134485606,72.28568815710858,0.04955565395472242,51.14937501688381,-5.960580422877015,True,False,True,False,True,0.0,0.0,0.0,0.0,0.0,0,0.8499297376329065,0.9769493359590029,False,False,False,False,0.0006676320860287732,-0.026140559483702728,False,False,False,False,-5426786,-6254693.466147403,False,False,False,False,1019172.9325984704,False,False,False,False
2022-05-24 00:00:00+00:00,72.3162175343,72.8737866242,72.0380250981,72.1879273013,777653,,,,,,,,,,,,,,,,,,,,,,,,,,,,,,,,,,,,,,,,,,,,,,#000000,3.605716513329386,72.31633448891174,-3.243588654533522e-05,52.26843143900681,-4.66696912685552,True,False,True,False,True,0.0,0.0,0.0,0.0,0.0,0,0.8704007532663809,0.9631418820891183,False,False,False,False,0.016339561404357054,-0.004900499039672837,False,False,False,False,-6204439,-6252722.702769074,False,False,False,False,1009701.562692648,False,False,False,False
2022-05-25 00:00:00+00:00,71.4675283002,71.9658865132,70.8260771348,71.3885804644,632557,,,,,,,,,,,,,,,,,,,,,,,,,,,,,,,,,,,,,,,,,,,,,,#000000,3.617344482132238,72.32178098167253,-0.23615463931955763,51.87141826843873,-4.66696912685552,True,False,True,False,True,0.0,0.0,0.0,0.0,0.0,0,0.8554857211929608,0.9584631022512782,False,False,False,False,-0.028367080122737594,-0.016633789581205215,False,False,False,False,-6836996,-6275635.381091855,False,False,False,False,994911.5798419559,False,False,False,False
2022-05-26 00:00:00+00:00,72.6517458362,73.1254328506,71.6155554922,71.9116098762,776281,,,,,,,,,,,,,,,,,,,,,,,,,,,,,,,,,,,,,,,,,,,,,,#000000,3.614016516566907,72.34806189244671,0.08402948419333181,53.0427880522767,-3.329602901075013,True,False,True,False,True,0.0,0.0,0.0,0.0,0.0,0,0.8499411571723609,0.9628701138418995,False,False,False,False,0.01273693811190254,-0.0019484257346513373,False,False,False,False,-6060715,-6267207.130852958,False,False,False,False,986337.8316128596,False,False,False,False
2022-05-27 00:00:00+00:00,74.1221492768,74.4379406197,73.3524078784,73.3524078784,665287,,,,,,,,,,,,,,,,,,,,,,,,,,,,,,,,,,,,,,,,,,,,,,#000000,3.593237110882039,72.39406133837295,0.4809278890039224,55.420341645504294,-0.7771780771598173,True,False,True,False,True,0.0,0.0,0.0,0.0,0.0,0,0.8461041831954998,0.9650881868299274,False,False,False,False,0.07718576631798754,0.0376186702916681,False,False,False,False,-5395428,-6233019.713956764,False,False,False,False,973747.6029221592,False,False,False,False
2022-05-31 00:00:00+00:00,73.747147057,74.6846526064,73.3820133168,74.3392558251,1218035,,,,,,,,,,,,,,,,,,,,,,,,,,,,,,,,,,,,,,,,,,,,,,#000000,3.5832535509289265,72.46986805098898,0.356457891649868,56.41889731917753,0.4317563039810466,True,False,True,False,True,0.0,0.0,0.0,0.0,0.0,0,0.8388304786125076,0.9796459326872281,False,False,False,False,0.08304948957112737,0.060334079931397736,False,False,False,False,-6613463,-6247939.058507479,False,False,False,False,983327.5008467805,False,False,False,False
2022-06-01 00:00:00+00:00,73.2635915632,74.4872830171,72.3655599317,74.1221492768,1197424,,,,,,,,,,,,,,,,,,,,,,,,,,,,,,,,,,,,,,,,,,,,,,#000000,3.582096619945824,72.52044982203113,0.2074599934102585,56.309205834179934,0.6253296591749518,True,False,True,False,True,0.0,0.0,0.0,0.0,0.0,0,0.830600385513865,0.9804301566766195,False,False,False,False,0.057328006388526725,0.05883104315996223,False,False,False,False,-7810887,-6309231.13464444,False,False,False,False,991723.4419900441,False,False,False,False
2022-06-02 00:00:00+00:00,75.691237512,75.7011059915,73.8655688106,74.8820221957,1183798,,,,,,,,,,,,,,,,,,,,,,,,,,,,,,,,,,,,,,,,,,,,,,"rgba(38, 166, 154, 0.5)",3.5835107889346443,72.61135411275265,0.859459781384663,58.874598905820385,3.345426007617384,True,False,True,False,True,0.636637632486341,0.0,0.0,0.0,0.0,0,0.8396211545250604,0.9636862440206408,False,False,False,False,0.11499135634413472,0.08691119975204847,False,False,False,False,-6627089,-6321696.14897211,False,False,False,False,999255.7775982777,False,False,False,True
2022-06-03 00:00:00+00:00,74.6451786885,74.8918906752,73.9593193656,74.6155732501,762268,,,,,,,,,,,,,,,,,,,,,,,,,,,,,,,,,,,,,,,,,,,,,,"rgba(38, 166, 154, 0.5)",3.5611788305650953,72.65580962254458,0.5586265561507165,58.90540747191719,3.6346881603798025,True,False,True,False,True,0.0,0.0,0.0,0.0,0.0,0,0.8479134514248363,0.9590817740751818,False,False,False,False,0.09973074491705547,0.09332097233455197,False,False,False,False,-7389357,-6363565.2019535955,False,False,False,False,989962.1392610903,False,False,False,False
2022-06-06 00:00:00+00:00,74.4971514965,75.8096592656,74.2405710304,75.4938679227,729875,,,,,,,,,,,,,,,,,,,,,,,,,,,,,,,,,,,,,,,,,,,,,,#000000,3.509808640355711,73.0595796310256,0.40958696407126677,58.68801630812352,3.725071593441605,True,False,True,False,True,0.0,0.0,0.0,0.0,0.0,0,0.8522562110950901,0.9429213181646543,False,True,False,False,0.12533527635730649,0.10932812434592923,False,False,False,False,-8119232,-6432414.880308356,False,False,False,False,979762.6436037926,False,False,False,False
2022-06-07 00:00:00+00:00,74.8129428395,74.8425482779,73.2170123401,73.3129339605,620056,,,,,,,,,,,,,,,,,,,,,,,,,,,,,,,,,,,,,,,,,,,,,,"rgba(38, 166, 154, 0.5)",3.50163747055852,73.0416169721589,0.5058564406607631,58.92745925946152,4.29615289983667,True,False,True,False,True,0.0,0.0,0.0,0.0,0.0,0,0.842601941800175,0.9595150355613242,False,False,False,False,0.08289863843590904,0.09611338139091913,False,False,False,False,-7499176,-6474248.649708028,False,False,False,False,965656.5007173695,False,False,False,False
2022-06-08 00:00:00+00:00,74.0728068795,74.7043895653,73.6287253034,73.7372785776,632795,,,,,,,,,,,,,,,,,,,,,,,,,,,,,,,,,,,,,,,,,,,,,,#000000,3.4996832710979184,73.03974202401247,0.2951881000258191,57.77068592270466,4.29615289983667,True,False,True,False,True,0.0,0.0,0.0,0.0,0.0,0,0.8383413198022194,0.9726996257750354,False,False,False,False,0.08870919110814646,0.09241128624953279,False,False,False,False,-8131971,-6539257.369327322,False,False,False,False,952603.1085323746,False,False,False,False
2022-06-09 00:00:00+00:00,71.4675283002,73.6484622624,71.4477913412,73.1056958917,739809,,,,,,,,,,,,,,,,,,,,,,,,,,,,,,,,,,,,,,,,,,,,,,#000000,3.5086072023932857,72.93758712209551,-0.4189864345295626,53.21530199096002,7.659986222602669,True,False,True,False,False,0.0,0.0,0.0,0.0,0.0,0,0.7985440905870996,0.9944026295940891,False,False,False,False,0.020229874585069273,0.056320580417301036,False,False,False,False,-8871780,-6630728.845039976,False,False,False,False,944258.241531105,False,False,False,False
2022-06-10 00:00:00+00:00,69.1385671459,69.9971248596,68.8326442825,69.6122541604,969046,,,,,,,,,,,,,,,,,,,,,,,,,,,,,,,,,,,,,,,,,,,,,,"rgba(239, 83, 80, 1.0)",3.551638369336088,72.693221463401,-1.000849170960353,47.714892985540104,2.5472116737466024,False,False,False,True,False,0.0,0.0,0.0,0.0,0.0,0,0.7867051783688643,1.0199243716752313,False,False,False,False,-0.11051907876682741,-0.02709924917476319,False,False,False,False,-9840826,-6756615.007979585,False,False,False,False,945230.3104906696,False,False,False,False
2022-06-13 00:00:00+00:00,66.434603772,66.9971071016,66.0299961138,66.2174972237,1171924,,,,,,,,,,,,,,,,,,,,,,,,,,,,,,,,,,,,,,,,,,,,,,"rgba(255, 0, 0, 1.0)",3.652263232320711,72.33676623108339,-1.6160287700109308,41.89065098671285,-2.656717305014766,False,True,False,True,False,0.0,0.0,0.0,0.0,0.0,0,0.7902563873881988,1.0161127668066103,False,False,False,False,-0.23783515547007314,-0.13246720232241815,False,False,False,False,-11012750,-6923522.262568621,False,False,False,False,954120.2590988787,False,False,False,False
2022-06-14 00:00:00+00:00,65.1220960029,66.1286809085,64.4313024402,65.970785237,1152391,,,,,,,,,,,,,,,,,,,,,,,,,,,,,,,,,,,,,,,,,,,,,,"rgba(255, 0, 0, 1.0)",3.7737427857685333,72.02206642181115,-1.8284156633388446,37.14062311443512,-6.7315985825645015,False,True,False,True,False,0.0,0.0,0.0,0.0,0.0,0,0.7797923834462857,1.0138875633633337,False,False,False,False,-0.2941030001111499,-0.21328510121678404,False,False,False,False,-12165141,-7129075.938546322,False,False,False,False,961895.5822714717,False,False,False,False
2022-06-15 00:00:00+00:00,65.6155199762,66.1977602648,64.3523546044,65.4082819074,886540,,,,,,,,,,,,,,,,,,,,,,,,,,,,,,,,,,,,,,,,,,,,,,"rgba(255, 0, 0, 1.0)",3.8757306565361844,71.83275108145229,-1.604144264970348,34.80251159473271,-8.576231737702841,False,True,False,True,False,0.0,0.0,0.0,0.0,0.0,0,0.7738209375880012,1.0167722091179467,False,False,False,False,-0.294331521383192,-0.25380831129998804,False,False,False,False,-11278601,-7291802.4115445055,False,False,False,False,958940.4613980808,False,False,False,False
2022-06-16 00:00:00+00:00,64.2141958919,64.6582774679,63.5727447265,64.1451165356,1059363,,,,,,,,,,,,,,,,,,,,,,,,,,,,,,,,,,,,,,,,,,,,,,"rgba(255, 0, 0, 1.0)",4.016183745136383,70.52873193616735,-1.5722726959179283,32.27052885953147,-10.738446399233496,False,True,False,True,False,0.0,0.0,0.0,0.0,0.0,0,0.7611414875586113,1.0213685973520943,True,False,False,False,-0.34282825441539394,-0.298318282857691,False,False,False,False,-12337964,-7489691.101287858,False,False,False,False,962878.6001667836,True,False,False,False
2022-06-17 00:00:00+00:00,64.5003817964,65.3095971127,64.0661686999,64.4214339607,946557,,,,,,,,,,,,,,,,,,,,,,,,,,,,,,,,,,,,,,,,,,,,,,"rgba(239, 83, 80, 1.0)",4.134527362836637,70.41353287114798,-1.4301879164952602,31.09957025100008,-11.749236870928101,False,True,False,True,False,0.0,0.0,0.0,0.0,0.0,0,0.7718672560533069,1.0114656167691283,False,False,False,False,-0.31597003632945936,-0.3071441595935752,False,False,False,False,-11391407,-7642699.567904021,False,False,False,False,962238.5374151451,False,False,False,False
2022-06-21 00:00:00+00:00,65.2405177565,65.9115743602,65.1911753591,65.7339417298,733326,,,,,,,,,,,,,,,,,,,,,,,,,,,,,,,,,,,,,,,,,,,,,,"rgba(239, 83, 80, 1.0)",4.220460934488642,70.3675173129357,-1.2147961173006099,31.676177433883847,-11.749236870928101,False,True,False,True,False,0.0,0.0,0.0,0.0,0.0,0,0.7635393851998923,1.0104496158476626,False,False,False,False,-0.2755732578571343,-0.29135870872535474,False,False,False,False,-10658081,-7760949.820143079,False,False,False,False,953261.5751635708,False,False,False,False
2022-06-22 00:00:00+00:00,65.526703661,66.1780233058,64.4609078786,64.5497241938,846669,,,,,,,,,,,,,,,,,,,,,,,,,,,,,,,,,,,,,,,,,,,,,,"rgba(239, 83, 80, 1.0)",4.305593087411169,70.2974385631142,-1.1080319958853118,32.59195346898164,-11.749236870928101,False,True,False,True,False,0.0,0.0,0.0,0.0,0.0,0,0.7593188137890493,1.0064653898088085,False,False,False,False,-0.2860095421391288,-0.28868412543224176,False,False,False,False,-9811412,-7841360.101706096,False,False,False,False,949081.4741767641,False,False,False,False
2022-06-23 00:00:00+00:00,66.414866813,66.8885538275,65.6549938941,65.7142047709,674152,,,,,,,,,,,,,,,,,,,,,,,,,,,,,,,,,,,,,,,,,,,,,,"rgba(239, 83, 80, 0.5)",4.368226786851041,70.27617254920558,-0.8839526710995493,34.840688321094,-11.749236870928101,False,True,False,True,True,0.0,0.0,0.0,0.0,0.0,0,0.7711643520900565,0.997898548621271,False,False,False,False,-0.24003979649499105,-0.2643619609636164,False,False,False,False,-9137260,-7892179.705560759,False,False,False,False,938299.9261698322,False,False,False,False
2022-06-24 00:00:00+00:00,68.674748611,68.6846170905,67.5300049928,67.7372430616,666087,,,,,,,,,,,,,,,,,,,,,,,,,,,,,,,,,,,,,,,,,,,,,,#000000,4.386545684644244,70.31857222250336,-0.3747421615276489,39.84594308789799,-17.158982882946468,False,True,False,True,True,0.0,0.0,0.0,0.0,0.0,0,0.7971281446309496,0.9753735355226536,False,False,False,False,-0.15638018195439315,-0.2103710714590048,False,False,False,False,-8471173,-7914885.324950533,False,False,False,False,927624.9094572898,False,False,False,False
2022-06-27 00:00:00+00:00,68.5069844601,69.0596193102,67.6879006643,68.2207985555,528167,,,,,,,,,,,,,,,,,,,,,,,,,,,,,,,,,,,,,,,,,,,,,,#000000,4.414465264913968,70.34459298814393,-0.4162697898314401,42.95075721451424,-14.22309798191904,False,False,False,True,True,0.0,0.0,0.0,0.0,0.0,0,0.8076096478416226,0.9502140323727961,False,False,False,False,-0.1444407392266475,-0.17740590534282613,False,False,False,False,-8999340,-7957412.959266199,False,False,False,False,911959.8934001413,False,False,False,False
2022-06-28 00:00:00+00:00,67.7471115411,69.1286986665,67.5497419518,68.6352746931,661402,,,,,,,,,,,,,,,,,,,,,,,,,,,,,,,,,,,,,,,,,,,,,,"rgba(239, 83, 80, 0.5)",4.452177418081738,70.3589035803589,-0.5866325157329908,43.954889478732305,-13.220681613143789,False,False,False,True,True,0.0,0.0,0.0,0.0,0.0,0,0.8099667980633976,0.9479151436870118,False,False,False,False,-0.14598606904000844,-0.16169598719141728,False,False,False,False,-9660742,-8024210.176549877,False,False,False,False,902134.0936589594,False,False,False,False
2022-06-29 00:00:00+00:00,68.3096148707,68.7635649262,67.4806625955,67.7471115411,434815,,,,,,,,,,,,,,,,,,,,,,,,,,,,,,,,,,,,,,,,,,,,,,#000000,4.4798686778294385,70.36527658064803,-0.45886651100318065,45.53023777191555,-11.578482519231208,False,False,False,True,True,0.0,0.0,0.0,0.0,0.0,0,0.8199709225839275,0.9354243291380148,False,False,False,False,-0.15571574887467246,-0.15870586803304487,False,False,False,False,-9225927,-8071336.326489098,False,False,False,False,883807.8546919414,False,False,False,False
2022-06-30 00:00:00+00:00,68.970802995,69.5925172014,67.7767169795,68.3885627064,799750,,,,,,,,,,,,,,,,,,,,,,,,,,,,,,,,,,,,,,,,,,,,,,#000000,4.494377013722411,70.39052410809414,-0.3158882997041397,47.62497958008875,-9.414413908700773,True,False,False,False,True,0.0,0.0,0.0,0.0,0.0,0,0.8157272014043561,0.9520379622870965,False,False,False,False,-0.13056265249096805,-0.14463426026200646,False,False,False,False,-8426177,-8085251.647018937,False,False,False,False,880511.468233434,False,False,False,False
2022-07-01 00:00:00+00:00,70.6385760249,70.6681814633,68.5760638163,68.5760638163,863275,,,,,,,,,,,,,,,,,,,,,,,,,,,,,,,,,,,,,,,,,,,,,,#000000,4.498167342030001,70.4475941569115,0.042457706320527554,51.34841428401915,-5.757583109327896,True,False,True,False,True,0.0,0.0,0.0,0.0,0.0,0,0.8062823583612637,0.9660717928311943,False,False,False,False,-0.08898748050213698,-0.11681087038207172,False,False,False,False,-7562902,-8064767.347135842,False,False,False,False,879835.5283027112,False,False,False,False
2022-07-05 00:00:00+00:00,70.17475749,70.2142314078,68.970802995,69.3852791326,651580,,,,,,,,,,,,,,,,,,,,,,,,,,,,,,,,,,,,,,,,,,,,,,#000000,4.505089826488273,70.478692445719,-0.06746479369445085,52.99897572981023,-4.093432345702489,True,False,True,False,True,0.0,0.0,0.0,0.0,0.0,0,0.8029096229389481,0.9680896691221729,False,False,False,False,-0.05789305436844287,-0.0873519623752573,False,False,False,False,-8214482,-8070638.50999326,False,False,False,False,870884.3311143696,False,False,False,False
2022-07-06 00:00:00+00:00,70.3326531615,70.5694966687,69.5234378452,69.8688346265,702666,,,,,,,,,,,,,,,,,,,,,,,,,,,,,,,,,,,,,,,,,,,,,,#000000,4.501659060601716,70.51540249301944,-0.040595995622779234,54.32721984169953,-2.6694268814325497,True,False,True,False,True,0.0,0.0,0.0,0.0,0.0,0,0.8247383903575279,0.9456971498755147,False,False,False,False,0.004225987394527667,-0.04156298749036482,False,False,False,False,-7511816,-8048723.90175823,False,False,False,False,864287.5338157668,False,False,False,False
2022-07-07 00:00:00+00:00,70.9444988884,70.9839728063,70.0464672569,70.17475749,906074,,,,,,,,,,,,,,,,,,,,,,,,,,,,,,,,,,,,,,,,,,,,,,#000000,4.472959746404139,70.5703201473497,0.08365350064934235,56.10904972531154,-0.7752305844368692,True,False,True,False,True,0.0,0.0,0.0,0.0,0.0,0,0.8404329277626471,0.919427568674213,False,False,False,False,0.057226563868931754,0.007831788189283467,False,False,False,False,-6605742,-7992136.376199084,False,False,False,False,865926.2187641682,False,False,False,False
2022-07-08 00:00:00+00:00,70.2635738052,71.1813423956,69.9181770238,70.1352835721,637190,,,,,,,,,,,,,,,,,,,,,,,,,,,,,,,,,,,,,,,,,,,,,,#000000,4.465747557220638,70.59965249551566,-0.07525698351942352,55.882972844159454,-0.7508849655644099,True,False,True,False,True,0.0,0.0,0.0,0.0,0.0,0,0.8691817753632207,0.9132267825495605,False,False,False,False,0.05932322092521718,0.03357750455725032,False,False,False,False,-7242932,-7962755.812426572,False,False,False,False,856956.170969495,False,False,False,False
2022-07-11 00:00:00+00:00,69.6912019961,70.3819955588,69.4543584889,70.3425216409,471895,,,,,,,,,,,,,,,,,,,,,,,,,,,,,,,,,,,,,,,,,,,,,,#000000,4.456683679080154,70.61035812620428,-0.20624217384303584,54.59269113560312,-0.7508849655644099,True,False,True,False,True,0.0,0.0,0.0,0.0,0.0,0,0.8702717219739248,0.9028389614092834,False,False,False,False,0.02104788051670123,0.027312692536975776,False,False,False,False,-7714827,-7953033.113900039,False,False,False,False,841855.7328922598,False,False,False,False
2022-07-12 00:00:00+00:00,68.9905399539,69.7800183113,68.7043540494,69.4839639273,442144,,,,,,,,,,,,,,,,,,,,,,,,,,,,,,,,,,,,,,,,,,,,,,#000000,4.465547895918356,70.6102441295286,-0.3627111864837585,52.40306832067798,-0.7508849655644099,True,False,True,False,False,0.0,0.0,0.0,0.0,0.0,0,0.8782157254979783,0.8999009408270595,False,False,False,False,-0.019853357137188263,0.0037296676998937565,False,False,False,False,-8156971,-7961030.678060822,False,False,False,False,826180.7629749164,False,False,False,False
2022-07-13 00:00:00+00:00,69.4839639273,69.8984400649,68.6895513302,68.9017236387,660844,,,,,,,,,,,,,,,,,,,,,,,,,,,,,,,,,,,,,,,,,,,,,,#000000,4.464780328911037,70.61298031664526,-0.25287165463314853,51.91474887157669,-0.7508849655644099,True,False,False,False,False,0.0,0.0,0.0,0.0,0.0,0,0.8907852456497922,0.8918870162622624,False,False,False,False,-0.01671797811333575,-0.006494155206720996,False,False,False,False,-7496127,-7942799.161274124,False,False,False,False,819696.9683484491,False,False,False,False
2022-07-14 00:00:00+00:00,69.1780410638,69.2767258585,68.062902884,68.9510660361,628232,,,,,,,,,,,,,,,,,,,,,,,,,,,,,,,,,,,,,,,,,,,,,,#000000,4.464193120794705,70.6053040702135,-0.3197135445967072,50.963833473617186,-0.7508849655644099,True,False,False,False,False,0.0,0.0,0.0,0.0,0.0,0,0.8957366858409956,0.8827034844743616,False,False,False,False,-0.05453160371372271,-0.030512879460221853,False,False,False,False,-8124359,-7949919.154949648,False,False,False,False,812188.5382171373,False,False,False,False
2022-07-15 00:00:00+00:00,70.3129162025,70.7866032169,69.6023856809,69.7208074345,565263,,,,,,,,,,,,,,,,,,,,,,,,,,,,,,,,,,,,,,,,,,,,,,#000000,4.439442479539447,70.61973369006438,-0.0691117159369532,52.54836809060089,-0.7508849655644099,True,False,True,False,False,0.0,0.0,0.0,0.0,0.0,0,0.8965066033384906,0.872217315187572,False,False,False,False,0.0377791540190328,0.0036331372794054725,False,False,False,False,-7559096,-7934592.75671633,False,False,False,False,802505.1837772495,False,False,False,False
2022-07-18 00:00:00+00:00,69.118830187,70.6879184223,68.9954741937,70.3326531615,510074,,,,,,,,,,,,,,,,,,,,,,,,,,,,,,,,,,,,,,,,,,,,,,#000000,4.343731521834097,70.62292822364425,-0.3462686469188503,51.165085334548664,-0.7508849655644099,True,False,False,False,False,0.0,0.0,0.0,0.0,0.0,0,0.8945038582002387,0.8819406406034369,False,False,False,False,0.01641938265073034,0.010026259965067907,False,False,False,False,-8069170,-7939870.29566863,False,False,False,False,791037.2942173574,False,False,False,False
2022-07-19 00:00:00+00:00,71.507002218,71.674766369,70.4905488329,70.5596281892,681247,,,,,,,,,,,,,,,,,,,,,,,,,,,,,,,,,,,,,,,,,,,,,,#000000,4.250392853149772,70.65514006424434,0.20041962782908057,54.099196241591855,-0.7508849655644099,True,False,True,False,True,0.0,0.0,0.0,0.0,0.0,1,0.9036591004501167,0.8556555290403763,False,False,False,False,0.09174911449410095,0.05088768722958443,False,False,False,False,-7387923,-7918225.303681625,False,False,False,False,786731.7924833434,False,False,False,False
2022-07-20 00:00:00+00:00,71.378711985,71.6254239716,70.8162086553,71.2405532724,527027,,,,,,,,,,,,,,,,,,,,,,,,,,,,,,,,,,,,,,,,,,,,,,#000000,4.184919375151992,70.67898991100698,0.1672008493515129,55.79391636065219,0.5306905505769279,True,False,True,False,True,0.0,0.0,0.0,0.0,0.0,1,0.9270438623444565,0.838529616386429,False,False,False,False,0.10018458467757159,0.07553613595357801,False,False,False,False,-7914950,-7918096.860399993,False,False,False,False,776547.2908173299,False,False,False,False
2022-07-21 00:00:00+00:00,73.618856824,73.618856824,72.2274012191,72.2767436165,453221,,,,,,,,,,,,,,,,,,,,,,,,,,,,,,,,,,,,,,,,,,,,,,"rgba(38, 166, 154, 0.5)",4.114594329567006,70.71978536962192,0.7045825717363413,59.65472701713167,4.233855576021043,True,False,True,False,True,1.7776016131729726,0.0,0.0,0.0,0.0,0,0.9689648468958748,0.8067106936750883,False,False,False,False,0.2056882839004153,0.14061220992699666,False,False,False,False,-7461729,-7900200.081560778,False,False,False,False,763867.8284323366,False,False,False,False
2022-07-22 00:00:00+00:00,73.3326709194,74.2997819072,73.0760904533,73.7076731392,419712,,,,,,,,,,,,,,,,,,,,,,,,,,,,,,,,,,,,,,,,,,,,,,"rgba(38, 166, 154, 0.5)",4.039865744854757,70.76034764412934,0.6367348416334918,61.612466535932874,6.069553764511774,True,False,True,False,True,1.3469039351027305,0.0,0.0,0.0,0.0,0,0.976227358923606,0.7886403424757075,False,False,False,False,0.2544578101134752,0.19753501002023593,False,False,False,False,-7881441,-7899464.431303494,False,False,False,False,750371.5214349901,False,False,False,False
2022-07-25 00:00:00+00:00,73.0760904533,73.2931970016,72.5925349594,73.1353013301,475556,,,,,,,,,,,,,,,,,,,,,,,,,,,,,,,,,,,,,,,,,,,,,,"rgba(38, 166, 154, 0.5)",3.971276052239654,70.79778867557347,0.5736951417521446,62.34222799293686,6.807720642144851,True,False,True,False,True,0.9570915886024807,0.0,0.0,0.0,0.0,0,0.9542664778705583,0.8297727161559204,False,False,False,False,0.20693386206323533,0.20223443604173563,False,False,False,False,-8356997,-7917406.884977867,False,False,False,False,739594.4421630297,False,False,False,False
2022-07-26 00:00:00+00:00,73.5793829061,73.766884016,72.9774056586,73.1353013301,485766,,,,,,,,,,,,,,,,,,,,,,,,,,,,,,,,,,,,,,,,,,,,,,"rgba(38, 166, 154, 0.5)",3.8939257296908862,70.83968636351196,0.7035821257960979,63.477683589609235,8.00812835205339,True,False,True,False,True,1.7061274000421172,0.0,0.0,0.0,0.0,0,0.9700346607697913,0.802024632912459,False,False,False,False,0.23418946134130972,0.21821194869152266,False,False,False,False,-7871231,-7915596.065959127,False,False,False,False,729640.3856076167,False,False,False,False
2022-07-27 00:00:00+00:00,74.7241265243,74.9807069904,73.6040541048,73.9543851258,343262,,,,,,,,,,,,,,,,,,,,,,,,,,,,,,,,,,,,,,,,,,,,,,"rgba(38, 166, 154, 1.0)",3.7831851000467966,70.87631070724855,1.0170836782487482,65.58876032921059,10.140319754145189,True,False,True,False,True,3.387521634266527,0.0,0.0,0.0,0.0,0,0.9675372572903276,0.8127808134884408,False,False,False,False,0.29384689242977585,0.25602942056064926,False,False,False,False,-7527969,-7900395.004548965,False,False,False,False,714488.2920543769,False,False,False,False
2022-07-28 00:00:00+00:00,76.2734778006,76.6484800203,75.0103124288,75.9478179782,591980,,,,,,,,,,,,,,,,,,,,,,,,,,,,,,,,,,,,,,,,,,,,,,"rgba(38, 166, 154, 1.0)",3.709643394342444,70.95820681503933,1.432825320532686,68.50636045930713,12.98079507165943,True,False,True,False,True,5.58669857490144,0.0,0.0,0.0,0.0,0,0.9737207845463197,0.7917704179500356,False,False,False,False,0.3428282480924908,0.29942883432657,False,False,False,False,-6935989,-7862575.161233319,False,False,False,False,709684.0453071465,False,False,False,False
2022-07-29 00:00:00+00:00,77.062956158,77.5267746929,76.2932147595,76.5794006641,891616,,,,,,,,,,,,,,,,,,,,,,,,,,,,,,,,,,,,,,,,,,,,,,"rgba(38, 166, 154, 1.0)",3.6628550388123795,71.82786647623018,1.4292374735821414,71.11505621863887,15.472028547521575,True,False,True,False,True,6.67763296400917,0.0,0.0,0.0,0.0,0,0.9809668238114297,0.8013409182774264,False,False,False,False,0.34282824862651146,0.32112854147654074,False,False,False,False,-6044373,-7791273.115694758,False,True,False,False,716818.6317656898,False,True,False,False
2022-08-01 00:00:00+00:00,77.043219199,77.507037734,76.303083239,76.3425571569,433349,,,,,,,,,,,,,,,,,,,,,,,,,,,,,,,,,,,,,,,,,,,,,,"rgba(38, 166, 154, 1.0)",3.6604095923563147,71.88270119183976,1.4098198239717403,72.80001017956226,17.09174941682295,True,False,True,False,True,6.6448989757936765,0.0,0.0,0.0,0.0,0,0.993941037385446,0.7915314402249093,False,False,False,False,0.3425426382089894,0.33183558984276507,False,False,False,False,-6477722,-7739761.30723614,False,False,False,False,705702.1756180157,False,False,False,False
2022-08-02 00:00:00+00:00,76.3820310747,77.0234822401,75.9182125398,75.9182125398,705939,,,,,,,,,,,,,,,,,,,,,,,,,,,,,,,,,,,,,,,,,,,,,,"rgba(38, 166, 154, 1.0)",3.644712407461876,71.94001626229095,1.218755917014148,72.07609486012396,17.09174941682295,True,False,True,False,True,5.541495875966756,0.0,0.0,0.0,0.0,0,0.9873762749185953,0.8108558058808926,False,False,False,False,0.31761267594325504,0.32472413289301005,False,False,False,False,-7183661,-7717953.452050409,False,False,False,False,705711.4628486818,False,False,False,False
2022-08-03 00:00:00+00:00,76.6188745819,77.02594936,76.0662397318,76.2636093211,602537,,,,,,,,,,,,,,,,,,,,,,,,,,,,,,,,,,,,,,,,,,,,,,"rgba(38, 166, 154, 1.0)",3.6620253700294527,72.00068771794784,1.2611018213440226,71.86633122141953,17.09174941682295,True,False,True,False,True,5.882925229916623,0.0,0.0,0.0,0.0,0,0.9864085997789637,0.8065940487783992,False,False,False,False,0.32190487426051817,0.3233145035767641,False,False,False,False,-6581124,-7673371.904911178,False,False,False,False,701665.4054820669,False,False,False,False
2022-08-04 00:00:00+00:00,76.8359811302,77.191246391,76.4313734721,76.6484800203,528493,,,,,,,,,,,,,,,,,,,,,,,,,,,,,,,,,,,,,,,,,,,,,,"rgba(38, 166, 154, 1.0)",3.692126156241512,72.06129049804052,1.2932089614781708,71.98663180970779,17.09174941682295,True,False,True,False,True,6.199265055813701,0.0,0.0,0.0,0.0,0,0.9767936867901698,0.8162527713951129,False,False,False,False,0.33712618960360047,0.3302203465901823,False,False,False,False,-6052631,-7609813.438051917,False,False,False,False,694874.33075728,False,False,False,False
2022-08-05 00:00:00+00:00,76.1057136497,76.4412419515,75.3063668128,75.6320266352,1251227,,,,,,,,,,,,,,,,,,,,,,,,,,,,,,,,,,,,,,,,,,,,,,"rgba(38, 166, 154, 1.0)",3.6624355462044864,72.14567579660303,1.0812580325682162,69.85566538134253,17.09174941682295,True,False,True,False,False,4.9434252710913,0.0,0.0,0.0,0.0,0,0.9489254898427315,0.8230786694724684,False,False,False,False,0.28394074703206096,0.3070805468111216,False,False,False,False,-7303858,-7597815.1855792925,False,False,False,False,716692.0824922886,False,False,False,False
2022-08-08 00:00:00+00:00,75.0399178672,76.4215049926,74.5909020515,76.0267658139,929528,,,,,,,,,,,,,,,,,,,,,,,,,,,,,,,,,,,,,,,,,,,,,,"rgba(38, 166, 154, 0.5)",3.5509144949843314,72.18898916481709,0.8028716845786781,65.62547491876883,20.795709306835448,True,False,True,False,False,3.1435547564529074,0.0,0.0,0.0,0.0,0,0.9580365606479089,0.8170344087718574,False,False,False,False,0.26352091450126663,0.2853007306561941,False,False,False,False,-8233386,-7622739.531242849,False,False,False,False,725038.5890612184,False,False,False,False
2022-08-09 00:00:00+00:00,74.4774145376,75.0596548262,74.358992784,74.9412330726,988221,,,,,,,,,,,,,,,,,,,,,,,,,,,,,,,,,,,,,,,,,,,,,,"rgba(38, 166, 154, 0.5)",3.4780394879973944,72.2134111893945,0.6509423932702595,61.48252506398232,16.928677347684356,True,False,True,False,False,2.2074110446527584,0.0,0.0,0.0,0.0,0,0.9463335512023788,0.8489880492597831,False,False,False,False,0.21995899409994177,0.25262986237806795,False,False,False,False,-9221607,-7685440.216292149,False,False,False,False,735359.4679215627,False,False,False,False
2022-08-10 00:00:00+00:00,70.9938412857,73.9938590437,70.4856145932,73.4609611525,2521053,,,,,,,,,,,,,,,,,,,,,,,,,,,,,,,,,,,,,,,,,,,,,,#000000,3.425199302571198,72.08446029559144,-0.3184103795282057,53.027190774925906,9.21828189124885,False,False,False,False,False,0.0,0.0,0.0,0.0,0.0,0,0.8897149679055152,0.879817593228932,False,False,False,False,0.08932279762724545,0.1709763300026567,False,False,False,False,-11742660,-7844546.874476771,False,False,False,False,805386.6652579721,False,False,False,False
2022-08-11 00:00:00+00:00,68.6451431726,71.2800271903,68.4773790217,70.7471292991,1553754,,,,,,,,,,,,,,,,,,,,,,,,,,,,,,,,,,,,,,,,,,,,,,"rgba(239, 83, 80, 0.5)",3.3825726455177025,71.93997646462606,-0.974061354274856,45.0749215481779,2.274045647263165,False,True,False,True,False,0.0,0.0,0.0,0.0,0.0,0,0.8668150388589154,0.918230347825736,False,False,False,False,-0.03271896172619389,0.0691286841382314,False,False,False,False,-13296414,-8058345.585281604,False,False,False,False,834734.4038753065,False,False,False,False
2022-08-12 00:00:00+00:00,69.1484356254,69.2569888995,68.1221137608,68.5464583779,794515,,,,,,,,,,,,,,,,,,,,,,,,,,,,,,,,,,,,,,,,,,,,,,"rgba(239, 83, 80, 0.5)",3.379467495924395,71.86493383750329,-0.8038243348632172,40.79731934159709,-1.1470424734922204,False,True,False,True,False,0.0,0.0,0.0,0.0,0.0,0,0.8733731844359974,0.9398324103576483,False,False,False,False,-0.09432814430141241,-0.012599730081590509,False,False,False,False,-12501899,-8232602.581937227,False,False,False,False,833157.1723507846,False,False,False,False
2022-08-15 00:00:00+00:00,68.6846170905,68.7690912747,68.1319822403,68.4773790217,866494,,,,,,,,,,,,,,,,,,,,,,,,,,,,,,,,,,,,,,,,,,,,,,"rgba(239, 83, 80, 0.5)",3.3825239040477504,71.78423020038304,-0.9163610362587051,37.49299358074677,-3.804974033140425,False,True,False,True,False,0.0,0.0,0.0,0.0,0.0,0,0.8551334519696441,0.9630042765804699,False,False,False,False,-0.10678289229631723,-0.05969131118895386,False,False,False,False,-13368393,-8434006.127743611,False,False,False,False,834464.4989252636,False,False,False,False
2022-08-16 00:00:00+00:00,68.9313290771,69.562911763,68.0036920072,68.1418507198,1001731,,,,,,,,,,,,,,,,,,,,,,,,,,,,,,,,,,,,,,,,,,,,,,"rgba(239, 83, 80, 0.5)",3.3871015342848816,71.70725236206155,-0.8195571514060415,35.844125834117264,-5.109274394108034,False,True,False,True,False,0.0,0.0,0.0,0.0,0.0,0,0.8621081584301991,0.9527740008989618,False,False,False,False,-0.08945108810817155,-0.07457119964856271,False,False,False,False,-12366662,-8588227.926655626,False,False,False,False,841023.9695556455,False,False,False,False
2022-08-17 00:00:00+00:00,67.7668485,68.3836284667,67.4313201981,68.378694227,533989,,,,,,,,,,,,,,,,,,,,,,,,,,,,,,,,,,,,,,,,,,,,,,"rgba(239, 83, 80, 1.0)",3.4041485658326835,71.65718404042944,-1.1428219025093689,33.54071191173986,-7.232748687682516,False,True,False,True,False,0.0,0.0,0.0,0.0,0.0,0,0.8442753309544613,0.9723162242082934,False,False,False,False,-0.1352105846454733,-0.10489089214701801,False,False,False,False,-12900651,-8757342.556982856,False,False,False,False,828983.3825142477,False,False,False,False
2022-08-18 00:00:00+00:00,68.0234289662,68.230667035,67.4411886776,68.0036920072,544183,,,,,,,,,,,,,,,,,,,,,,,,,,,,,,,,,,,,,,,,,,,,,,"rgba(239, 83, 80, 1.0)",3.4167708418952736,71.60908547466909,-1.0494284441037116,32.62568866096436,-8.20285468646297,False,True,False,True,False,0.0,0.0,0.0,0.0,0.0,0,0.8558139241708147,0.9616199691127214,False,False,False,False,-0.13897109291534449,-0.12193099253118125,False,False,False,False,-12356468,-8898484.731218822,False,False,False,False,817814.7400627086,False,False,False,False
2022-08-19 00:00:00+00:00,67.9642180894,68.3392203091,67.6780321848,68.0036920072,672854,,,,,,,,,,,,,,,,,,,,,,,,,,,,,,,,,,,,,,,,,,,,,,"rgba(239, 83, 80, 1.0)",3.430860525706671,71.5540938192634,-1.0463484898220892,31.94785895055517,-9.117213180801855,False,True,False,True,False,0.0,0.0,0.0,0.0,0.0,0,0.8539911793654542,0.959584985880394,False,False,False,False,-0.12990045683504317,-0.1259157246831122,False,False,False,False,-13029322,-9060478.3496024,False,False,False,False,812130.0051582888,False,False,False,False
2022-08-22 00:00:00+00:00,67.0464494989,68.1122452814,66.8441456699,67.8161908974,703681,,,,,,,,,,,,,,,,,,,,,,,,,,,,,,,,,,,,,,,,,,,,,,"rgba(239, 83, 80, 1.0)",3.455666486277875,71.48966923953644,-1.2857779413262367,30.46365463244722,-10.890182346480948,False,True,False,True,False,0.0,0.0,0.0,0.0,0.0,0,0.874583911908947,0.9535712209775041,False,False,False,False,-0.15783454607481903,-0.14187513537896562,False,False,False,False,-13733003,-9243714.610402305,False,False,False,False,807877.1029952187,False,False,False,False
2022-08-23 00:00:00+00:00,66.8589483891,68.2602724734,66.8392114301,68.0135604867,825791,,,,,,,,,,,,,,,,,,,,,,,,,,,,,,,,,,,,,,,,,,,,,,"rgba(239, 83, 80, 1.0)",3.4817055753357122,71.41807529942687,-1.3094521669562145,29.270314741770058,-12.424779585444753,False,True,False,True,False,0.0,0.0,0.0,0.0,0.0,0,0.88824413453922,0.921845447088384,False,False,False,False,-0.1540533537811584,-0.14796424458006202,False,False,False,False,-14558794,-9452149.096268881,False,False,False,False,808579.6087601121,False,False,False,False
2022-08-24 00:00:00+00:00,68.4181681449,69.118830187,68.0727713635,68.4082996654,1362305,,,,,,,,,,,,,,,,,,,,,,,,,,,,,,,,,,,,,,,,,,,,,,"rgba(239, 83, 80, 0.5)",3.477526917573358,71.34210089651629,-0.840808086010915,32.59544215252693,-12.424779585444753,False,True,False,True,False,0.0,0.0,0.0,0.0,0.0,0,0.9043589658520899,0.8815253393521434,False,False,False,False,-0.09920967869142656,-0.12358696163574429,False,False,False,False,-13196489,-9598985.95523873,False,False,False,False,830294.3299852057,False,False,False,False
2022-08-25 00:00:00+00:00,68.822775803,68.8721182003,68.3293518296,68.7339594878,608531,,,,,,,,,,,,,,,,,,,,,,,,,,,,,,,,,,,,,,,,,,,,,,"rgba(239, 83, 80, 0.5)",3.380502162750494,71.31199312815296,-0.7363454319247205,35.74455060747216,-12.424779585444753,False,True,False,True,True,0.0,0.0,0.0,0.0,0.0,0,0.9320979044672607,0.8748176986370055,False,False,False,False,-0.09895264032105731,-0.1112698009784008,False,False,False,False,-12587958,-9716200.545229368,False,False,False,False,821597.7288093152,False,False,False,False
2022-08-26 00:00:00+00:00,65.8622319629,68.8425127619,65.6352569352,68.8129073235,786476,,,,,,,,,,,,,,,,,,,,,,,,,,,,,,,,,,,,,,,,,,,,,,"rgba(255, 0, 0, 1.0)",3.3485645391979735,71.2459754430375,-1.6077765314408352,34.05491781097636,-12.424779585444753,False,True,False,True,True,0.0,0.0,0.0,0.0,0.0,0,0.8981170449675178,0.8784433883899908,False,False,False,False,-0.17051521051409985,-0.14089250574625034,False,False,False,False,-13374434,-9859660.680710569,False,False,False,False,820220.4061109107,False,False,False,False
2022-08-29 00:00:00+00:00,65.0431481671,65.6549938941,64.7964361805,65.6549938941,623045,,,,,,,,,,,,,,,,,,,,,,,,,,,,,,,,,,,,,,,,,,,,,,"rgba(255, 0, 0, 1.0)",3.405993312782452,71.17674049628243,-1.8008233622078753,32.15110347748907,-12.424779585444753,False,True,False,True,True,0.0,0.0,0.0,0.0,0.0,0,0.9061875736696081,0.9095551439638867,False,False,False,False,-0.31057136801718926,-0.2257319368817198,False,False,False,False,-13997479,-10021928.065780744,False,False,False,False,812488.0372438162,False,False,False,False
2022-08-30 00:00:00+00:00,64.7766992215,65.6648623736,64.6681459474,65.3984134279,689366,,,,,,,,,,,,,,,,,,,,,,,,,,,,,,,,,,,,,,,,,,,,,,"rgba(255, 0, 0, 1.0)",3.459573605427412,71.10129017419762,-1.82814175214412,30.631674557242146,-12.424779585444753,False,True,False,True,False,0.0,0.0,0.0,0.0,0.0,0,0.8973556344007417,0.918034803175805,False,False,False,False,-0.34282825441539394,-0.2842800956485569,False,False,False,False,-14686845,-10204865.984769735,False,False,False,False,807659.7220577842,False,False,False,False
2022-08-31 00:00:00+00:00,64.8161731394,66.1977602648,64.8161731394,65.6352569352,721832,,,,,,,,,,,,,,,,,,,,,,,,,,,,,,,,,,,,,,,,,,,,,,"rgba(255, 0, 0, 1.0)",3.5225675320112813,71.02842915641091,-1.7635590973223734,29.72244326106751,-13.042214765059093,False,True,False,True,False,0.0,0.0,0.0,0.0,0.0,0,0.8929098956078213,0.9279110780767063,False,False,False,False,-0.32150326266775053,-0.30289167915815374,False,False,False,False,-13965013,-10352322.73046504,False,False,False,False,804293.9290359103,False,False,False,False
2022-09-01 00:00:00+00:00,65.5661775789,65.600717257,64.1551823847,64.3030122071,638762,,,,,,,,,,,,,,,,,,,,,,,,,,,,,,,,,,,,,,,,,,,,,,"rgba(239, 83, 80, 1.0)",3.5689547891643856,70.31350697406725,-1.3301735873988945,31.096861572769903,-13.042214765059093,False,True,False,True,False,0.0,0.0,0.0,0.0,0.0,0,0.8934623580678309,0.9395108400039095,False,False,False,False,-0.34282825441539394,-0.32285996678677387,False,False,False,False,-13326251,-10468947.368486017,False,False,False,False,797802.4808384236,False,False,False,False
2022-09-02 00:00:00+00:00,65.4378873458,66.582630964,65.1122275234,65.822758045,726947,,,,,,,,,,,,,,,,,,,,,,,,,,,,,,,,,,,,,,,,,,,,,,"rgba(239, 83, 80, 1.0)",3.615329815059582,70.29336998802759,-1.3430261941807318,31.840865338707758,-13.042214765059093,False,True,False,True,False,0.0,0.0,0.0,0.0,0.0,0,0.8921285128623491,0.9376370504520449,False,False,False,False,-0.28423556460718463,-0.3035477656969793,False,False,False,False,-14053198,-10609506.216780683,False,False,False,False,795023.8345310345,False,False,False,False
2022-09-06 00:00:00+00:00,65.674730853,66.0497330728,65.1220960029,65.5069667021,744049,,,,,,,,,,,,,,,,,,,,,,,,,,,,,,,,,,,,,,,,,,,,,,"rgba(239, 83, 80, 1.0)",3.6557574114477025,70.2444647659557,-1.2500101616824884,33.005295759188854,-13.042214765059093,False,True,False,True,True,0.0,0.0,0.0,0.0,0.0,0,0.8796174538449878,0.9666852024872187,False,False,False,False,-0.29983941083020393,-0.3016935882635916,False,False,False,False,-13309149,-10715374.561220657,False,False,False,False,793024.8214121704,False,False,False,False
2022-09-07 00:00:00+00:00,66.9576331837,67.2339506088,65.674730853,65.694467812,712551,,,,,,,,,,,,,,,,,,,,,,,,,,,,,,,,,,,,,,,,,,,,,,"rgba(239, 83, 80, 0.5)",3.675142208090144,70.2348822356348,-0.8917339428990113,37.05744228371917,-19.214348221078936,False,True,False,True,True,0.0,0.0,0.0,0.0,0.0,0,0.8854371524189618,0.9554872334100253,False,False,False,False,-0.24852263158082546,-0.2751081099222085,False,False,False,False,-12596598,-10789148.029408084,False,False,False,False,789868.9852783598,False,False,False,False
2022-09-08 00:00:00+00:00,67.2142136499,67.4214517187,65.8819689218,66.0596015522,679586,,,,,,,,,,,,,,,,,,,,,,,,,,,,,,,,,,,,,,,,,,,,,,"rgba(239, 83, 80, 0.5)",3.6885043269227094,70.22183143698973,-0.8154030795455134,40.35026302897856,-15.984035653480788,False,True,False,True,True,0.0,0.0,0.0,0.0,0.0,0,0.8901935080570884,0.953810330989469,False,False,False,False,-0.2370453203320329,-0.2560767151271207,False,False,False,False,-11917012,-10833377.98903914,False,False,False,False,785544.1623262673,False,False,False,False
2022-09-09 00:00:00+00:00,67.6879006643,68.2701409528,67.6286897875,68.0431659251,647986,,,,,,,,,,,,,,,,,,,,,,,,,,,,,,,,,,,,,,,,,,,,,,"rgba(239, 83, 80, 0.5)",3.690925778418176,70.23083559782127,-0.6889694039339622,43.63595269373005,-12.839609176321687,False,True,False,True,True,0.0,0.0,0.0,0.0,0.0,0,0.9094599840073421,0.9366728229418803,False,False,False,False,-0.16294631114368952,-0.20951151313540511,False,False,False,False,-11269026,-10850462.224763095,False,False,False,False,780149.7245879823,False,False,False,False
2022-09-12 00:00:00+00:00,68.9609345155,69.3458052148,68.5563268574,68.7043540494,487172,,,,,,,,,,,,,,,,,,,,,,,,,,,,,,,,,,,,,,,,,,,,,,#000000,3.6850454495637237,70.12265518026574,-0.3152527372228952,48.38506285104921,-8.404480915994618,False,False,False,False,True,0.0,0.0,0.0,0.0,0.0,0,0.905936817743166,0.9289182263370473,False,False,False,False,-0.10698152175584953,-0.15824651744562732,False,False,False,False,-10781854,-10847771.706144936,False,False,False,False,768660.4020551203,False,False,False,False
2022-09-13 00:00:00+00:00,66.5727624845,67.9740865688,66.5332885667,67.8260593768,656515,,,,,,,,,,,,,,,,,,,,,,,,,,,,,,,,,,,,,,,,,,,,,,"rgba(239, 83, 80, 0.5)",3.7044721516113004,69.99013442772149,-0.9224990237097772,46.89459450624047,-8.404480915994618,False,False,False,False,True,0.0,0.0,0.0,0.0,0.0,0,0.8694488117425031,0.9496446991527752,False,False,False,False,-0.2024017698850512,-0.18032414366533928,False,False,False,False,-11438369,-10870932.384335332,False,False,False,False,764262.543150998,False,False,False,False
2022-09-14 00:00:00+00:00,66.8688168685,67.322766924,65.9411797986,66.1977602648,703486,,,,,,,,,,,,,,,,,,,,,,,,,,,,,,,,,,,,,,,,,,,,,,"rgba(239, 83, 80, 0.5)",3.7102439700877885,69.91627860060643,-0.8213642436118078,46.49661586478545,-8.404480915994618,False,False,False,False,True,0.0,0.0,0.0,0.0,0.0,0,0.8610392862477326,0.9581584980044279,False,False,False,False,-0.23819024959217533,-0.2092571966287573,False,False,False,False,-10734883,-10865597.114361398,False,False,False,False,761879.1493019392,False,False,False,False
2022-09-15 00:00:00+00:00,67.1352658141,67.8951387331,66.8688168685,67.3425038829,1090610,,,,,,,,,,,,,,,,,,,,,,,,,,,,,,,,,,,,,,,,,,,,,,"rgba(239, 83, 80, 0.5)",3.6929055854650104,69.88288867980044,-0.7440273795557839,46.78476002490471,-8.404480915994618,False,False,False,False,True,0.0,0.0,0.0,0.0,0.0,0,0.8662594464928772,0.955102453151673,False,False,False,False,-0.19508293353916623,-0.20217006508396176,False,False,False,False,-9644273,-10817702.051053109,False,False,False,False,774770.5552116671,False,False,False,False
2022-09-16 00:00:00+00:00,65.970785237,66.3852613746,65.4477558253,66.2767081005,970986,,,,,,,,,,,,,,,,,,,,,,,,,,,,,,,,,,,,,,,,,,,,,,"rgba(239, 83, 80, 1.0)",3.692665945318055,69.78771021255079,-1.0336502223793853,44.95354866519086,-8.404480915994618,False,False,False,True,False,0.0,0.0,0.0,0.0,0.0,0,0.8436861068525119,0.9718661285717584,False,False,False,False,-0.2801364863425882,-0.241153275713275,False,False,False,False,-10615259,-10809763.107874556,False,False,False,False,782465.2785366998,False,False,False,False
2022-09-19 00:00:00+00:00,66.1878917853,66.3161820184,64.8556470573,64.8852524957,912500,,,,,,,,,,,,,,,,,,,,,,,,,,,,,,,,,,,,,,,,,,,,,,"rgba(239, 83, 80, 0.5)",3.69333367924305,69.70896427537916,-0.9533588881686987,44.23393990469141,-8.404480915994618,False,True,False,True,False,0.0,0.0,0.0,0.0,0.0,0,0.8376942543522832,0.9756303749034668,False,False,False,False,-0.2998394108302031,-0.27049634327173905,False,False,False,False,-9702759,-10766351.182075553,False,False,False,False,787564.679378398,False,False,False,False
2022-09-20 00:00:00+00:00,64.3720915634,65.1319644823,63.7898512748,64.9642003314,904638,,,,,,,,,,,,,,,,,,,,,,,,,,,,,,,,,,,,,,,,,,,,,,"rgba(239, 83, 80, 1.0)",3.6766150843297107,69.59311645326076,-1.420062957396208,41.03401360467762,-2.7730475108038632,False,True,False,True,False,0.0,0.0,0.0,0.0,0.0,0,0.818444887927629,0.9670148021189414,False,False,False,False,-0.34282825441539394,-0.3066622988435665,False,False,False,False,-10607397,-10760117.684739256,False,False,False,False,792155.7899910099,False,False,False,False
2022-09-21 00:00:00+00:00,63.2372164247,64.2832752482,63.0398468353,63.6615610417,904319,,,,,,,,,,,,,,,,,,,,,,,,,,,,,,,,,,,,,,,,,,,,,,"rgba(255, 0, 0, 1.0)",3.6990292705605405,69.46302849103964,-1.6830934850634998,37.562640534003116,-6.17979145194149,False,True,False,True,False,0.0,0.0,0.0,0.0,0.0,0,0.8178740681602287,0.9692633145879199,False,False,False,False,-0.34282825441539394,-0.3247452766294802,False,False,False,False,-11511716,-10789592.128474971,False,False,False,False,796554.3472462645,False,False,False,False
2022-09-22 00:00:00+00:00,60.9674661473,61.7174705867,60.5727269686,61.4608901206,921457,,,,,,,,,,,,,,,,,,,,,,,,,,,,,,,,,,,,,,,,,,,,,,"rgba(255, 26, 202, 1.0)",3.7762603281588207,69.27187467606885,-2.1991091204291524,33.17459514962215,-10.331106381391635,False,True,False,True,False,0.0,0.0,0.0,0.0,0.0,0,0.8037942478065879,0.985291828491964,False,False,False,False,-0.34282825441539394,-0.3337867655224371,False,False,False,False,-12433173,-10854046.280299483,False,False,False,False,801452.490491509,False,False,False,False
2022-09-23 00:00:00+00:00,59.2306137611,59.6154844603,58.4213984448,59.1714028843,1276523,,,,,,,,,,,,,,,,,,,,,,,,,,,,,,,,,,,,,,,,,,,,,,"rgba(255, 26, 202, 1.0)",3.891343580012728,68.96511819941159,-2.5015792715686516,29.061449401343786,-14.117491014416686,False,True,False,True,False,0.0,0.0,0.0,0.0,0.0,0,0.7968172626236881,0.9898900979953432,False,False,False,False,-0.34282825441539394,-0.3383075099689155,False,False,False,False,-13709696,-10966032.54381715,False,False,False,False,820082.7065506654,False,False,False,False
2022-09-26 00:00:00+00:00,57.7996842383,58.1845549376,56.6648090996,56.8227047711,2610557,,,,,,,,,,,,,,,,,,,,,,,,,,,,,,,,,,,,,,,,,,,,,,"rgba(255, 26, 202, 1.0)",4.055627706643403,68.35028497862204,-2.6014717088157315,25.507577534886472,-17.337763328194406,False,True,False,True,False,0.0,0.0,0.0,0.0,0.0,0,0.7548999265538598,1.0115278911083954,False,False,False,False,-0.34282825441539394,-0.3405678821921547,False,False,False,False,-16320253,-11176001.97347138,False,False,False,False,890297.3847251493,False,False,False,False
2022-09-27 00:00:00+00:00,56.8720471684,57.6615255258,56.250332962,57.5233668133,2070847,,,,,,,,,,,,,,,,,,,,,,,,,,,,,,,,,,,,,,,,,,,,,,"rgba(255, 26, 202, 1.0)",4.27021353071807,67.92136379624078,-2.587532578489758,22.66644499159736,-19.909209001763017,False,True,False,True,False,0.0,0.0,0.0,0.0,0.0,0,0.7551481081449509,1.0152476078412271,False,False,False,False,-0.34282825441539394,-0.34169806830377436,False,False,False,False,-18391100,-11458946.994119562,False,False,False,False,936593.448069261,False,False,False,False
2022-09-28 00:00:00+00:00,57.1878385114,57.4148135391,56.0924372905,56.2799384004,1522776,,,,,,,,,,,,,,,,,,,,,,,,,,,,,,,,,,,,,,,,,,,,,,"rgba(255, 26, 202, 1.0)",4.4682826165670395,67.64215021524464,-2.3396710998277537,21.547285813097453,-20.954054200488685,False,True,False,True,False,0.0,0.0,0.0,0.0,0.0,0,0.7474880868027285,1.0497082124345627,False,False,False,False,-0.34282825441539394,-0.3422631613595841,False,False,False,False,-16868324,-11671079.425722716,False,False,False,False,959580.9991253684,False,False,False,False
2022-09-29 00:00:00+00:00,56.2108590441,56.3391492772,55.4411176457,55.954278578,1078983,,,,,,,,,,,,,,,,,,,,,,,,,,,,,,,,,,,,,,,,,,,,,,"rgba(255, 26, 202, 1.0)",4.681235146529281,66.39875567399787,-2.176326612742641,20.241158615510255,-22.30802664527856,False,True,False,True,False,0.0,0.0,0.0,0.0,0.0,0,0.7268752808495441,1.051408036893423,False,False,False,False,-0.34282825441539394,-0.34254570788748906,False,False,False,False,-17947307,-11917205.997263003,False,False,False,False,964263.4305322168,False,False,False,False
2022-09-30 00:00:00+00:00,57.4148135391,58.4510038832,57.4148135391,57.5628407311,1374151,,,,,,,,,,,,,,,,,,,,,,,,,,,,,,,,,,,,,,,,,,,,,,"rgba(255, 0, 0, 1.0)",4.834170076200169,66.31296560450897,-1.840678322266071,22.26719432775277,-22.30802664527856,False,True,False,True,False,0.0,0.0,0.0,0.0,0.0,0,0.729563717880828,1.057553035822863,False,False,False,False,-0.27240272395809845,-0.3074742159227938,False,False,False,False,-16573156,-12099792.27188014,False,False,False,False,980337.4528642868,False,False,False,False
2022-10-03 00:00:00+00:00,58.6187680341,59.1516659253,57.9970538277,58.2042918965,1019227,,,,,,,,,,,,,,,,,,,,,,,,,,,,,,,,,,,,,,,,,,,,,,"rgba(255, 0, 0, 1.0)",4.950884280223298,66.24768720242432,-1.5409205177343048,26.17178327470586,-22.30802664527856,False,True,False,True,True,0.0,0.0,0.0,0.0,0.0,0,0.7204151474672665,1.0494148079109191,False,False,False,False,-0.2508508532479296,-0.27916253458536167,False,False,False,False,-15553929,-12235248.614159351,False,False,False,False,981862.5331441187,False,False,False,False
2022-10-04 00:00:00+00:00,61.2536520518,61.2536520518,60.0793029952,60.1187769131,890318,,,,,,,,,,,,,,,,,,,,,,,,,,,,,,,,,,,,,,,,,,,,,,"rgba(239, 83, 80, 1.0)",4.993979491057809,66.25476829150406,-1.0014290704755657,33.18077582245518,-24.695853794806098,False,True,False,True,True,0.0,0.0,0.0,0.0,0.0,0,0.7414797591145444,1.014594244981916,False,False,False,False,-0.18201180174124257,-0.2305871681633021,False,False,False,False,-14663611,-12330478.511643298,False,False,False,False,978272.5514521926,False,False,False,False
2022-10-05 00:00:00+00:00,60.7108856811,61.1450987777,59.99048668,60.5628584891,586067,,,,,,,,,,,,,,,,,,,,,,,,,,,,,,,,,,,,,,,,,,,,,,"rgba(239, 83, 80, 1.0)",5.049449365813531,66.24268906810585,-1.095526063585866,37.170666782782796,-21.115719080212124,False,True,False,True,True,0.0,0.0,0.0,0.0,0.0,0,0.7357300730717666,1.0204313588536855,False,False,False,False,-0.18521604116711898,-0.20790160466521054,False,False,False,False,-15249678,-12444956.922951404,False,False,False,False,962891.9415913223,False,False,False,False
2022-10-06 00:00:00+00:00,59.4871942272,60.5727269686,59.2267650541,60.5332530507,718027,,,,,,,,,,,,,,,,,,,,,,,,,,,,,,,,,,,,,,,,,,,,,,"rgba(239, 83, 80, 1.0)",5.135217520795418,66.20141241022878,-1.3074846695079796,38.36819836518787,-20.072357359683746,False,True,False,True,True,0.0,0.0,0.0,0.0,0.0,0,0.7172167828405,1.0413061755861355,False,False,False,False,-0.20700985754591525,-0.2074557311055629,False,False,False,False,-15967705,-12583103.906365074,False,False,False,False,953289.3948622509,False,False,False,False
2022-10-07 00:00:00+00:00,57.7700787999,58.9444278565,57.5628407311,58.8654800208,631441,,,,,,,,,,,,,,,,,,,,,,,,,,,,,,,,,,,,,,,,,,,,,,"rgba(255, 0, 0, 1.0)",5.261106867020138,66.13114039217902,-1.589221014439245,37.394403522219136,-20.072357359683746,False,True,False,True,True,0.0,0.0,0.0,0.0,0.0,0,0.6827119613628886,1.0785367164639161,False,False,False,False,-0.2615970852919722,-0.23452640819876752,False,False,False,False,-16599146,-12740595.753174288,False,False,False,False,940667.8891813784,False,False,False,False
2022-10-10 00:00:00+00:00,56.7832308532,57.6220516079,56.6450721407,57.6220516079,928873,,,,,,,,,,,,,,,,,,,,,,,,,,,,,,,,,,,,,,,,,,,,,,"rgba(255, 0, 0, 1.0)",5.411753292762703,66.00384117767025,-1.7038120227692648,35.84520438776857,-20.072357359683746,False,True,False,True,True,0.0,0.0,0.0,0.0,0.0,0,0.6530618796821573,1.104593128212659,False,False,False,False,-0.2996022555729162,-0.2670643318858419,False,False,False,False,-17528019,-12928337.8412851,False,False,False,False,940205.3445075989,False,False,False,False
2022-10-11 00:00:00+00:00,56.3588862362,57.0052716412,56.0332264137,56.6154667023,1064555,,,,,,,,,,,,,,,,,,,,,,,,,,,,,,,,,,,,,,,,,,,,,,"rgba(255, 0, 0, 1.0)",5.566757816030142,65.85232666934672,-1.7053805369095152,34.432806159392534,-20.072357359683746,False,True,False,True,True,0.0,0.0,0.0,0.0,0.0,0,0.6442504879212724,1.1123896610837236,False,False,False,False,-0.3207150188210426,-0.29388967535344224,False,False,False,False,-18592574,-13150464.74947,False,False,False,False,945081.8015857323,False,False,False,False
2022-10-12 00:00:00+00:00,55.9246731396,56.4674395103,55.8654622628,56.1121742495,645877,,,,,,,,,,,,,,,,,,,,,,,,,,,,,,,,,,,,,,,,,,,,,,"rgba(255, 0, 0, 1.0)",5.724791367497156,65.75934326251114,-1.7179089143314568,33.09433152911571,-20.072357359683746,False,True,False,True,False,0.0,0.0,0.0,0.0,0.0,0,0.6448918739714483,1.1140671044561017,False,False,False,False,-0.3330771520548539,-0.31348341370414806,False,False,False,False,-19238451,-13389209.308314314,False,False,False,False,933348.2799549192,False,False,False,False
2022-10-13 00:00:00+00:00,56.398360154,57.1039564359,54.4838751374,54.6516392884,1586948,,,,,,,,,,,,,,,,,,,,,,,,,,,,,,,,,,,,,55.99539724243334,,,,,,,,55.99539724243334,"rgba(239, 83, 80, 1.0)",5.863249061002647,64.74692519622259,-1.423880335861929,33.20510339016429,-20.072357359683746,False,True,False,True,False,0.0,0.0,0.0,0.0,0.0,0,0.6332619893877581,1.103879311924305,True,False,False,False,-0.34282825441539394,-0.328155834059771,False,False,False,False,-17651503,-13556358.080537284,False,False,False,False,958979.6415253147,False,False,False,False
2022-10-14 00:00:00+00:00,56.8227047711,58.51021476,56.7634938943,58.1253440607,1221416,,,,,,,,,,,,,,,,,,,,,,,,,,,,,,,,,,,,,56.59127091901829,,,,,,,,56.59127091901829,"rgba(239, 83, 80, 1.0)",5.983412501085747,64.68822585024883,-1.314554374735413,34.18600721555791,-20.072357359683746,False,True,False,True,False,0.0,0.0,0.0,0.0,0.0,0,0.6581489714067469,1.0826263273987182,False,False,False,False,-0.2762437032364073,-0.3021997686480892,False,False,False,False,-16430087,-13669053.332280919,False,False,False,False,969271.2634262827,False,False,False,False
2022-10-17 00:00:00+00:00,58.954296336,59.2207452816,58.5595571573,58.934559377,907968,,,,,,,,,,,,,,,,,,,,,,,,,,,,,,,,,,,,,57.158153440013976,,,,,,,,57.158153440013976,"rgba(239, 83, 80, 0.5)",6.051917377755975,64.68488402005356,-0.9469044810685168,38.76140221407551,-18.173673513576965,False,False,False,True,True,0.0,0.0,0.0,0.0,0.0,0,0.6807365570415503,1.0492028276816474,False,False,False,False,-0.23032098525562292,-0.26626037695185606,False,False,False,False,-15522119,-13741722.574152257,False,False,False,False,966867.213880154,False,False,False,False
2022-10-18 00:00:00+00:00,59.4674572683,60.1977247488,59.1516659253,59.9411442827,1045411,,,,,,,,,,,,,,,,,,,,,,,,,,,,,,,,,,,,,57.69547858801664,,,,,,,,57.69547858801664,"rgba(239, 83, 80, 0.5)",6.09699420311004,64.68531214393823,-0.8558077475252699,42.61938683773721,-14.385204978749755,True,False,False,True,True,0.0,0.0,0.0,0.0,0.0,0,0.6919267532915284,1.035072350335603,False,False,False,False,-0.19710457132139017,-0.23168247413662313,False,False,False,False,-14476708,-13770545.53202864,False,False,False,False,969947.362355442,False,False,False,False
2022-10-19 00:00:00+00:00,57.4641559365,59.5274576234,57.010205881,58.3720560474,746997,,,,,,,,,,,,,,,,,,,,,,,,,,,,,,,,,,,,,57.736854586911484,,,,,,,,57.736854586911484,"rgba(239, 83, 80, 1.0)",6.177824245474427,64.6353585136868,-1.1607974413386835,42.39763858553515,-14.385204978749755,True,False,False,True,True,0.0,0.0,0.0,0.0,0.0,0,0.6759091095416754,1.026110223128253,False,False,False,False,-0.23490463922125804,-0.23329355667894058,False,False,False,False,-15223705,-13827532.177831437,False,False,False,False,961204.2108905228,False,False,False,False
2022-10-20 00:00:00+00:00,57.0200743604,58.1746864581,56.9213895658,57.3852081007,710597,,,,,,,,,,,,,,,,,,,,,,,,,,,,,,,,,,,,,57.695173463341874,,,,,,,,57.695173463341874,"rgba(239, 83, 80, 1.0)",6.2604903994193455,64.57426804347357,-1.206645678072473,41.70415906241396,-14.385204978749755,True,False,False,True,True,0.0,0.0,0.0,0.0,0.0,0,0.7084133640781207,1.0364371342634933,False,False,False,False,-0.2530712125492516,-0.24318238461409608,False,False,False,False,-15934302,-13910150.602230206,False,False,False,False,951376.4771301101,False,False,False,False
2022-10-21 00:00:00+00:00,57.4641559365,57.6319200874,56.4279655924,56.8819156479,556297,,,,,,,,,,,,,,,,,,,,,,,,,,,,,,,,,,,,,57.65243965386185,,,,,,,,57.65243965386185,"rgba(239, 83, 80, 1.0)",6.322775763360382,64.52463268398728,-1.116673595859871,42.06054626202811,-14.2849151180476,True,False,False,True,True,0.0,0.0,0.0,0.0,0.0,0,0.7215315198562856,1.0100068514712346,False,False,False,False,-0.27470498272351335,-0.2589436836688047,False,False,False,False,-15378005,-13967713.519789807,False,False,False,False,935883.1643014784,False,False,False,False
2022-10-24 00:00:00+00:00,57.8588951151,58.8161376234,57.6960652039,58.4510038832,1099819,,,,,,,,,,,,,,,,,,,,,,,,,,,,,,,,,,,,,57.718251782802255,,,,,,,,57.718251782802255,"rgba(239, 83, 80, 1.0)",6.378779319029011,64.4587521100943,-1.0346583044981308,43.03601660810412,-12.99966660406563,True,False,False,True,True,0.0,0.0,0.0,0.0,0.0,0,0.7396450578375706,0.9686744762970741,False,False,False,False,-0.20950199897827376,-0.23422284132353924,False,False,False,False,-14278186,-13979888.9111706,False,False,False,False,942312.0206033812,False,False,False,False
2022-10-25 00:00:00+00:00,58.9937702538,59.5069311861,58.2733712528,58.2733712528,1213294,,,,,,,,,,,,,,,,,,,,,,,,,,,,,,,,,,,,,57.879304273240045,,,,,,,,57.879304273240045,"rgba(239, 83, 80, 0.5)",6.416885052253001,64.41114347592632,-0.8442372238262636,45.68509445041411,-10.188563653897617,True,False,False,False,True,0.0,0.0,0.0,0.0,0.0,0,0.7482693963839986,0.9538945452538825,False,False,False,False,-0.1764941007842753,-0.20535847105390725,False,False,False,False,-13064892,-13944006.67935999,False,False,False,False,952938.7648934447,False,False,False,False
2022-10-26 00:00:00+00:00,60.7997019963,61.0858879009,59.5167996656,59.6352214192,708101,,,,,,,,,,,,,,,,,,,,,,,,,,,,,,,,,,,,,58.06637239100783,,,,,,,,58.06637239100783,"rgba(239, 83, 80, 0.5)",6.434247180741597,64.40873377946959,-0.5609097197838171,50.06902781743381,-5.894283461886161,True,False,False,False,True,0.0,0.0,0.0,0.0,0.0,0,0.7603553204040014,0.9383528812122678,False,False,False,False,-0.10427087599052576,-0.1548146735222165,False,False,False,False,-12356791,-13881762.927228225,False,False,False,False,943337.2839172311,False,False,False,False
2022-10-27 00:00:00+00:00,59.8621964469,61.1450987777,59.7635116523,60.9477291883,749504,,,,,,,,,,,,,,,,,,,,,,,,,,,,,,,,,,,,,58.22205047823693,,,,,,,,58.22205047823693,"rgba(239, 83, 80, 0.5)",6.45666318380143,64.3999424711386,-0.7028004861122327,51.34766027055808,-4.618815326963528,True,False,True,False,True,0.0,0.0,0.0,0.0,0.0,0,0.776837679031254,0.9297559078544515,False,False,False,False,-0.09652026063348171,-0.1256674670778491,False,False,False,False,-13106295,-13851352.420278098,False,False,False,False,935735.978665575,False,False,False,False
2022-10-28 00:00:00+00:00,60.6418063248,60.6812802427,59.5957475013,59.6549583781,536813,,,,,,,,,,,,,,,,,,,,,,,,,,,,,,,,,,,,,58.32300002116542,,,,,,,,58.32300002116542,"rgba(239, 83, 80, 0.5)",6.470107510263962,64.39307754145173,-0.5797849897703924,53.29432676182853,-2.670833053230041,True,False,True,False,True,0.0,0.0,0.0,0.0,0.0,0,0.7754687622998285,0.9338253546360166,False,False,False,False,-0.11253529254971421,-0.11910137981378166,False,False,False,False,-12569482,-13801082.9920319,False,False,False,False,920091.9402865329,False,False,False,False
2022-10-31 00:00:00+00:00,59.8819334059,60.434568256,59.7191034947,60.0891714747,869541,,,,,,,,,,,,,,,,,,,,,,,,,,,,,,,,,,,,,58.445862600268505,,,,,,,,58.445862600268505,"rgba(239, 83, 80, 0.5)",6.4796721039423355,64.37465719012765,-0.6933566563490466,53.2398354154146,-2.563252723605281,True,False,True,False,True,0.0,0.0,0.0,0.0,0.0,0,0.7722641657488873,0.9358475307627374,False,False,False,False,-0.11566969470059203,-0.11738553725718684,False,False,False,False,-13439023,-13786884.560971826,False,False,False,False,918109.5504713746,False,False,False,False
2022-11-01 00:00:00+00:00,59.6746953371,61.1796384558,59.5069311861,61.1796384558,1013854,,,,,,,,,,,,,,,,,,,,,,,,,,,,,,,,,,,,,58.57679620182567,,,,,,,,58.57679620182567,"rgba(239, 83, 80, 0.5)",6.499485620902623,64.35382050429217,-0.7199223815718446,52.83445945336105,-2.563252723605281,True,False,True,False,True,0.0,0.0,0.0,0.0,0.0,0,0.7809523237600409,0.9243329590008854,False,False,False,False,-0.10214450387496876,-0.1097650205660778,False,False,False,False,-14452877,-13813001.911521953,False,False,False,False,921864.2347666149,False,False,False,False
2022-11-02 00:00:00+00:00,58.0957386223,60.2273301872,58.0957386223,59.5957475013,974483,,,,,,,,,,,,,,,,,,,,,,,,,,,,,,,,,,,,,58.59283642787217,,,,,,,,58.59283642787217,"rgba(239, 83, 80, 0.5)",6.512036166783721,64.30668817850902,-0.9537645979132509,49.985957079904665,-2.563252723605281,True,False,False,False,False,0.0,0.0,0.0,0.0,0.0,0,0.7658619067766139,0.9382587417162275,False,False,False,False,-0.16248571286842262,-0.1361253667172502,False,False,False,False,-15427360,-13876310.071854426,False,False,False,False,923927.7157561594,False,False,False,False
2022-11-03 00:00:00+00:00,55.7667774681,56.6746775791,55.6779611529,56.398360154,1220416,,,,,,,,,,,,,,,,,,,,,,,,,,,,,,,,,,,,56.03980540003334,58.38733114537456,,,,,,,,57.21356827270395,"rgba(239, 83, 80, 1.0)",6.55999111619217,63.55747675092527,-1.1876082062970041,45.21781293897411,0.8840855853703573,True,False,False,True,False,0.0,0.0,0.0,0.0,0.0,0,0.7540655696796034,0.9890063525442853,False,False,False,False,-0.3214501341166118,-0.228787750416931,False,False,False,False,-16647776,-13984995.010213077,False,False,False,False,935554.7072951336,True,False,False,False
2022-11-04 00:00:00+00:00,57.0200743604,57.4345504981,56.1615166468,56.6549406202,1408168,,,,,,,,,,,,,,,,,,,,,,,,,,,,,,,,,,,,56.48564857130893,58.258554896685226,,,,,,,,57.37210173399708,"rgba(239, 83, 80, 0.5)",6.543701974659674,63.48812317804724,-0.9884387832292175,44.251049676170965,-0.029685234819446293,True,False,False,True,False,0.0,0.0,0.0,0.0,0.0,0,0.7553597288927755,0.9725021839928714,False,False,False,False,-0.2872812952460898,-0.2580345228315104,False,False,False,False,-15239608,-14034195.519616487,False,False,False,False,954088.5619110108,False,False,False,False
2022-11-07 00:00:00+00:00,56.8325732506,57.4345504981,56.7437569354,57.0891537167,1070041,,,,,,,,,,,,,,,,,,,,,,,,,,,,,,,,,,,,56.63550373184553,58.18242963093917,,,,,,,,57.40896668139235,"rgba(239, 83, 80, 1.0)",6.528022212192281,63.4265899069248,-1.0101094086367015,43.37103585884565,-0.958432734691975,True,False,False,True,False,0.0,0.0,0.0,0.0,0.0,0,0.7879498848666073,0.971291981697267,False,False,False,False,-0.27150769450255363,-0.264771108667032,False,False,False,False,-16309649,-14123428.98943545,False,False,False,False,958635.7163458732,False,False,False,False
2022-11-08 00:00:00+00:00,57.2174439498,58.0957386223,56.7536254148,57.3457341829,1181902,,,,,,,,,,,,,,,,,,,,,,,,,,,,,,,,,,,,56.80988784366419,58.13050896502828,,,,,,,,57.470198404346235,"rgba(239, 83, 80, 0.5)",6.503700852743878,63.36875887165864,-0.9458176292446528,43.49140004747616,-1.0193957934017845,True,False,False,True,False,0.0,0.0,0.0,0.0,0.0,0,0.8015552436769313,0.9269360735816038,False,False,False,False,-0.2534896150332637,-0.2591303618501479,False,False,False,False,-15127747,-14162814.009457588,False,False,False,False,967391.2568813291,False,False,False,False
2022-11-09 00:00:00+00:00,56.8819156479,57.8539608754,56.8301061307,57.5924461695,1052711,,,,,,,,,,,,,,,,,,,,,,,,,,,,,,,,,,,,56.87709204932167,58.08062067802431,,,,,,,,57.47885636367299,"rgba(239, 83, 80, 0.5)",6.467504128330607,63.30975161431566,-0.9938665424671032,43.080905965703245,-1.67408162787779,True,False,False,True,False,0.0,0.0,0.0,0.0,0.0,0,0.8041198501879001,0.9300311909144056,False,False,False,False,-0.2579125350254299,-0.2585214484377889,False,False,False,False,-16180458,-14241937.303204348,False,False,False,False,970737.1291604928,False,False,False,False
2022-11-10 00:00:00+00:00,61.1352302982,61.2339150929,59.6253529397,60.2371986667,1399274,,,,,,,,,,,,,,,,,,,,,,,,,,,,,,,,,,,,57.599912157749465,58.250597947948826,,,,,,,,57.925255052849145,#000000,6.354611240715682,63.35483273413574,-0.3492900433804917,48.955768428304644,-6.463543454886768,True,False,False,False,True,0.0,0.0,0.0,0.0,0.0,0,0.8102154475808442,0.9087864941214482,False,False,False,False,-0.0977695540997842,-0.17814550126878656,False,False,False,False,-14781184,-14263084.232490454,False,False,False,False,987542.496644395,False,False,False,False
2022-11-11 00:00:00+00:00,65.2207807975,65.4132161471,63.6714295212,63.9773523847,1717140,,,,,,,,,,,,,,,,,,,,,,,,,,,,,,,,,,,,58.96012212360635,58.73740829622903,,,,,,,,58.84876520991769,#000000,6.18975077788251,63.54394327319389,0.2709054991838861,56.1778119797331,0.18615827180821043,True,False,True,False,True,1.6102603764867567,0.0,0.0,0.0,0.0,0,0.8410953540403828,0.883940988238395,False,False,False,False,0.10927784248778241,-0.034433829390502074,False,False,False,False,-13064044,-14216063.046902593,False,False,False,False,1016154.1634426542,False,False,False,False
2022-11-14 00:00:00+00:00,62.8819511639,63.8885360695,62.7931348486,63.7010349596,1175122,,,,,,,,,,,,,,,,,,,,,,,,,,,,,,,,,,,,59.44601298756202,58.95382308538624,,,,,,,,59.19991803647413,#000000,5.990996794267001,63.60775248776891,-0.12114867505244867,57.764534401614824,1.4096290499105706,True,False,True,False,True,0.0,0.0,0.0,0.0,0.0,0,0.8070858079066648,0.898438682561975,False,False,False,False,0.04861316674748507,0.0070896686784914995,False,False,False,False,-14239166,-14216969.045063276,False,False,False,False,1022388.1962488246,False,False,False,False
2022-11-15 00:00:00+00:00,62.5365543825,63.5530077676,61.8951032172,63.0891892327,1179236,,,,,,,,,,,,,,,,,,,,,,,,,,,,,,,,,,,,59.77851734742816,59.12633371680766,,,,,,,,59.452425532117914,#000000,5.780317395508307,63.64876700372811,-0.19241376296955143,58.379737445375106,1.8978322360580577,True,False,True,False,True,0.0,0.0,0.0,0.0,0.0,0,0.7985057491589169,0.897060511859483,False,False,False,False,0.01763730318638498,0.01236348593243824,False,False,False,False,-15418402,-14264084.062903931,False,False,False,False,1028539.0905135766,False,False,False,False
2022-11-16 00:00:00+00:00,65.4576243047,67.8951387331,65.4576243047,67.3425038829,2566256,,,,,,,,,,,,,,,,,,,,,,,,,,,,,,,,,,,,60.97098838885739,59.783157364929814,,,,,,,,60.37707287689361,#000000,5.582187743903172,63.885454279266085,0.2816404781711316,61.05902281582206,4.445702402551021,True,False,True,False,True,1.8978341988247962,0.0,0.0,0.0,0.0,0,0.8076732474088906,0.8769023223881577,False,False,False,False,0.21934676719989885,0.11585512656616855,False,False,False,False,-12852146,-14208713.942790052,False,False,False,False,1088841.714415005,False,False,False,False
2022-11-17 00:00:00+00:00,63.9378784668,64.3128806866,62.8227402871,63.6516925623,1518919,,,,,,,,,,,,,,,,,,,,,,,,,,,,,,,,,,,,61.237737748896244,59.984853026183494,,,,,,,,60.61129538753987,#000000,5.358497039388461,63.93428200763114,0.0006711693861963082,60.897593557785065,4.445702402551021,True,False,True,False,True,0.0,0.0,0.0,0.0,0.0,0,0.7919059899212616,0.9061720280645482,False,False,False,False,0.060032633309441905,0.08794387993780522,False,False,False,False,-14371065,-14215080.650915934,False,False,False,False,1105707.4903202988,False,False,False,False
2022-11-18 00:00:00+00:00,64.8359100983,64.9247264135,63.9280099874,64.4806448375,769927,,,,,,,,,,,,,,,,,,,,,,,,,,,,,,,,,,,,61.39519520819263,60.10156594510194,,,,,,,,60.748380576647286,#000000,5.1150146610715845,63.96774615888833,0.16972853392169837,61.50079366027937,5.152560497183472,True,False,True,False,True,1.0407573257194507,0.0,0.0,0.0,0.0,0,0.7893665328980856,0.908626496534409,False,False,False,False,0.10339519323161363,0.09566953658470942,False,False,False,False,-13601138,-14191004.468527075,False,False,False,False,1092539.627954797,False,False,False,False
2022-11-21 00:00:00+00:00,65.0727536055,65.3095971127,64.490513317,64.5102502759,1395262,,,,,,,,,,,,,,,,,,,,,,,,,,,,,,,,,,,,61.67674117615429,60.3160106403394,,,,,,,,60.99637590824685,#000000,4.883293700527378,64.0322519674441,0.2130737370851829,62.09497537432035,6.002800838080077,True,False,True,False,True,1.3528486462235136,0.0,0.0,0.0,0.0,0,0.7928636941932544,0.9183724793196448,False,False,False,False,0.19092835543807252,0.14329894601139098,False,False,False,False,-12205876,-14113156.29329072,False,False,False,False,1104411.093525197,False,False,False,False
2022-11-22 00:00:00+00:00,66.0201276344,66.28657658,65.7240732504,66.2372341826,1018410,,,,,,,,,,,,,,,,,,,,,,,,,,,,,,,,,,,,61.91309040210626,60.49382110182703,,,,,,,,61.203455751966644,#000000,4.683410218162945,64.09223786136104,0.41164230405492125,63.27010028427532,7.427044233528562,True,False,True,False,True,2.5998378399404025,0.0,0.0,0.0,0.0,0,0.816472391849277,0.9044506205070298,False,False,False,False,0.2571122027545503,0.20020557438297065,False,False,False,False,-11187466,-13998423.340612652,False,False,False,False,1101038.5016222482,False,False,False,False
2022-11-23 00:00:00+00:00,67.0957918963,67.0957918963,66.045785681,66.0596015522,711712,,,,,,,,,,,,,,,,,,,,,,,,,,,,,,,,,,,,62.090525511656416,60.62734035754184,,,,,,,,61.358932934599125,"rgba(38, 166, 154, 0.5)",4.505152534941055,64.1399635442644,0.656099505868178,64.89744356874954,9.254081638410042,True,False,True,False,True,3.9927968374868392,0.0,0.0,0.0,0.0,0,0.8255285873260187,0.8879558139219792,False,False,False,False,0.2918085916585197,0.24600708302074517,False,False,False,False,-10475754,-13860279.444902351,False,False,False,False,1085770.7956762777,False,False,False,False
2022-11-25 00:00:00+00:00,67.4214517187,67.5152022736,66.6319733613,66.6813157587,368236,,,,,,,,,,,,,,,,,,,,,,,,,,,,,,,,,,,,62.18558282331082,60.69905802794714,,,,,,,,61.44232042562898,"rgba(38, 166, 154, 0.5)",4.43273161154893,64.16636186433699,0.73433046248103,66.23646054326956,10.776950391178985,True,False,True,False,True,4.412351810073787,0.0,0.0,0.0,0.0,0,0.8215340788056815,0.889448555278046,False,False,False,False,0.34282824784908944,0.2944176654349173,False,False,False,False,-10107518,-13713112.329415984,False,False,False,False,1057632.1762379925,False,False,False,False
2022-11-28 00:00:00+00:00,66.9675016632,67.8951387331,66.7750663136,67.5990843491,863313,,,,,,,,,,,,,,,,,,,,,,,,,,,,,,,,,,,,62.39609179502065,60.861780032021485,,,,,,,,61.62893591352107,"rgba(38, 166, 154, 0.5)",4.405347324814331,64.22636935477668,0.6222284206702922,66.31583412079974,11.129037409701475,True,False,True,False,True,3.7505047742814774,0.0,0.0,0.0,0.0,0,0.8351995947043277,0.8762573448844913,False,False,False,False,0.342828247997877,0.3186229567163972,False,False,False,False,-10970831,-13605571.885125162,False,False,False,False,1050011.8163855223,False,False,False,False
2022-11-29 00:00:00+00:00,66.3951298541,66.9514160417,66.3556559362,66.7800005533,903086,,,,,,,,,,,,,,,,,,,,,,,,,,,,,,,,,,,,62.571147683340975,61.00708857071862,,,,,,,,61.789118127029795,#000000,4.360074796165356,64.27752271400769,0.48568137912559045,65.33159880032578,11.129037409701475,True,False,True,False,True,2.9150270365596285,0.0,0.0,0.0,0.0,0,0.8353850423733361,0.884600927475275,False,False,False,False,0.2996842096452447,0.309153583180821,False,False,False,False,-11873917,-13537663.850414373,False,False,False,False,1044250.0196645213,False,False,False,False
2022-11-30 00:00:00+00:00,67.9839550483,67.9938235278,66.2174972237,66.6221048819,744514,,,,,,,,,,,,,,,,,,,,,,,,,,,,,,,,,,,,62.73257568592647,61.13852015904767,,,,,,,,61.935547922487075,"rgba(38, 166, 154, 0.5)",4.34720347233937,64.32675014710959,0.8412775993717985,66.20258196353564,11.50635169259317,True,False,True,False,True,5.018028221804492,0.0,0.0,0.0,0.0,0,0.8563593113223765,0.8707485762562599,False,False,False,False,0.3281739120887857,0.3186637476348033,False,False,False,False,-11129403,-13443222.24843734,False,False,False,False,1032495.6659521871,False,False,False,False
2022-12-01 00:00:00+00:00,69.1484356254,69.3161997763,68.3194833502,68.3984311859,910469,,,,,,,,,,,,,,,,,,,,,,,,,,,,,,,,,,,,62.975984250317964,61.329604247989735,,,,,,,,62.15279424915385,"rgba(38, 166, 154, 1.0)",4.351673749361318,64.40413775714771,1.090223702764619,67.76181747067766,13.232160102328336,True,False,True,False,True,6.512326334103619,0.0,0.0,0.0,0.0,0,0.8854063058385366,0.8510538337632234,False,False,False,False,0.3428282487284942,0.33074599818164874,False,False,False,False,-10218934,-13316779.572028032,False,False,False,False,1027710.3065030818,False,False,False,False
2022-12-02 00:00:00+00:00,69.1977780227,69.5135693657,68.2405355144,68.5958007753,688538,,,,,,,,,,,,,,,,,,,,,,,,,,,,,,,,,,,,63.14933967925201,61.46901695531919,,,,,,,,62.3091783172856,"rgba(38, 166, 154, 1.0)",4.378512633781,64.46096057126034,1.0818325416933317,68.84256619934003,14.464345879523776,True,False,True,False,True,6.575498335629465,0.0,0.0,0.0,0.0,0,0.8979058352287784,0.8346249100324856,False,False,False,False,0.34282824875423157,0.33678712346794015,False,False,False,False,-9530396,-13168293.941752424,False,False,False,False,1014409.4317382551,False,False,False,False
2022-12-05 00:00:00+00:00,67.4017147597,68.6994198097,67.0809891771,68.5365898985,992469,,,,,,,,,,,,,,,,,,,,,,,,,,,,,,,,,,,,63.332141353082555,61.62911592632982,,,,,,,,62.48062863970618,"rgba(38, 166, 154, 0.5)",4.3683629172557685,64.52265834604776,0.6590698777062407,66.1207935397731,14.464345879523776,True,False,True,False,False,3.8732980726553805,0.0,0.0,0.0,0.0,0,0.8966209280554074,0.828875521944604,False,False,False,False,0.28791738930587546,0.3123522563869078,False,False,False,False,-10522865,-13064551.630311154,False,False,False,False,1013549.0226504804,False,False,False,False
2022-12-06 00:00:00+00:00,66.2372341826,67.4017147597,65.8819689218,67.4017147597,950039,,,,,,,,,,,,,,,,,,,,,,,,,,,,,,,,,,,,63.44902547716043,61.745709556586675,,,,,,,,62.597367516873554,#000000,4.343249402682348,64.56356837696958,0.38534876781351335,62.405506682851055,16.97177124322876,True,False,True,False,False,2.1818543652522635,0.0,0.0,0.0,0.0,0,0.9083894242257183,0.8373273230287649,False,False,False,False,0.22075881059756297,0.2665555334922354,False,False,False,False,-11472904,-13002134.076181306,False,False,False,False,1011058.4335269321,False,False,False,False
2022-12-07 00:00:00+00:00,66.9773701427,67.5892158696,66.4938146488,67.490531075,1155753,,,,,,,,,,,,,,,,,,,,,,,,,,,,,,,,,,,,63.60211075557014,61.89474720549364,,,,,,,,62.748428980531884,"rgba(38, 166, 154, 0.5)",4.342258360760101,64.61871384228128,0.5431865413014805,60.853972013704336,15.553254128449808,True,False,True,False,False,3.1807533534734986,0.0,0.0,0.0,0.0,0,0.9186611864369871,0.8273875569308544,False,False,False,False,0.2420205703068343,0.25428805189953485,False,False,False,False,-10317151,-12896840.622213412,False,False,False,False,1016732.7302513662,False,False,False,False
2022-12-08 00:00:00+00:00,67.8260593768,68.2602724734,66.9181592659,67.0168440605,920566,,,,,,,,,,,,,,,,,,,,,,,,,,,,,,,,,,,,63.7363600936265,62.02182732116964,,,,,,,,62.87909370739807,"rgba(38, 166, 154, 0.5)",4.357086197263755,64.66833888579976,0.7247321599887769,60.835775097554254,15.498411309324695,True,False,True,False,False,4.315290057082361,0.0,0.0,0.0,0.0,0,0.9253993635705327,0.8168348856855688,False,False,False,False,0.27151393907970206,0.2629009954896184,False,False,False,False,-9396585,-12759575.695852103,False,False,False,False,1012961.4859277832,False,False,False,False
2022-12-09 00:00:00+00:00,68.0036920072,68.6426760527,68.0036920072,68.1023768019,742908,,,,,,,,,,,,,,,,,,,,,,,,,,,,,,,,,,,,63.85264102814365,62.12994817377845,,,,,,,,62.991294600961055,"rgba(38, 166, 154, 0.5)",4.349624208897209,64.712180158213,0.7567347639490722,61.03716881352504,15.498411309324695,True,False,True,False,False,4.552967729404941,0.0,0.0,0.0,0.0,0,0.9526811628412023,0.8056659187175502,False,False,False,False,0.31178401004789974,0.28734250276875906,False,False,False,False,-8653677,-12598560.060720647,False,False,False,False,1002371.1531463015,False,False,False,False
2022-12-12 00:00:00+00:00,69.414884571,69.710938955,69.1286986665,69.4839639273,892589,,,,,,,,,,,,,,,,,,,,,,,,,,,,,,,,,,,,64.02094192614523,62.27964184157485,,,,,,,,63.150291883860035,"rgba(38, 166, 154, 1.0)",4.361943863299769,64.77653751932945,1.0633669751452703,62.777553793340495,15.498411309324695,True,False,True,False,False,6.422286483428024,0.0,0.0,0.0,0.0,0,0.9433489690077789,0.8037840724672558,False,False,False,False,0.3428282489797351,0.31508537587424706,False,False,False,False,-7761088,-12408855.274025721,False,False,False,False,998065.970669976,False,False,False,False
2022-12-13 00:00:00+00:00,70.7767347375,72.0497685887,70.0859411748,71.526739177,1182879,,,,,,,,,,,,,,,,,,,,,,,,,,,,,,,,,,,,64.28872360508072,62.50993752285153,,,,,,,,63.399330563966124,"rgba(38, 166, 154, 1.0)",4.450425882623051,65.31594775003232,1.2270257120312122,65.25500181245073,15.498411309324695,True,False,True,False,True,8.168584237365192,0.0,0.0,0.0,0.0,0,0.9472645211437983,0.7944816960299784,False,False,False,False,0.3428282495662348,0.3289568127202409,False,False,False,False,-6578209,-12180202.47896589,False,False,False,False,1005313.540447624,False,False,False,False
2022-12-14 00:00:00+00:00,70.2537053257,71.3096326287,70.0365987774,70.4313379561,861663,,,,,,,,,,,,,,,,,,,,,,,,,,,,,,,,,,,,64.4592075146417,62.66187282012615,,,,,,,,63.56054016738393,"rgba(38, 166, 154, 1.0)",4.530892951661195,65.36658029309002,1.0786229303471337,65.80332371817417,11.383831782907677,True,False,True,False,True,7.346809513205752,0.0,0.0,0.0,0.0,0,0.9384959994033276,0.820065766102587,False,False,False,False,0.3238045766558565,0.3263806946880487,False,False,False,False,-7439872,-11994307.166065266,False,False,False,False,999680.1859202662,False,False,False,False
2022-12-15 00:00:00+00:00,67.9740865688,68.9411975566,67.7372430616,68.7931703646,892467,,,,,,,,,,,,,,,,,,,,,,,,,,,,,,,,,,,,64.56255877050023,62.76874250474352,,,,,,,,63.66565063762188,"rgba(38, 166, 154, 0.5)",4.567013464779231,65.35206302915608,0.5741221390882559,62.05779140915104,11.383831782907677,True,False,True,False,False,3.880455495832784,0.0,0.0,0.0,0.0,0,0.9251592923286368,0.8349707356683485,False,False,False,False,0.2153622915186695,0.2708714931033591,False,False,False,False,-8332339,-11850700.57131761,False,False,False,False,995475.7472567264,False,False,False,False
2022-12-16 00:00:00+00:00,66.5628940051,66.878685348,65.7832841272,66.7602635944,910922,,,,,,,,,,,,,,,,,,,,,,,,,,,,,,,,,,,,64.61295049505658,62.838825483815455,,,,,,,,63.72588798943602,#000000,4.582925038573969,65.31406558842606,0.2724959291637317,57.53208154590481,12.454364738635036,True,False,True,False,False,1.8373238525860778,0.0,0.0,0.0,0.0,0,0.9208045011241,0.8424640067054878,False,False,False,False,0.1259780173568603,0.19842475523010972,False,False,False,False,-9243261,-11748448.039109075,False,False,False,False,992159.9140309724,False,False,False,False
2022-12-19 00:00:00+00:00,66.1878917853,66.5480912859,65.7734156477,66.2273657032,1057071,,,,,,,,,,,,,,,,,,,,,,,,,,,,,,,,,,,,64.66076006636115,62.911630615475715,,,,,,,,63.78619534091843,#000000,4.588889553556996,65.29096442467886,0.19545629724862246,54.004715031561304,9.329870759873963,False,False,False,False,False,1.3014271498502765,0.0,0.0,0.0,0.0,0,0.9386600804259568,0.8313760731297204,False,False,False,False,0.11851167228137649,0.1584682137557431,False,False,False,False,-10300332,-11691659.17483029,False,False,False,False,994705.4468140716,False,False,False,False
2022-12-20 00:00:00+00:00,66.2471026621,66.4444722514,64.8457785778,65.1023590439,938190,,,,,,,,,,,,,,,,,,,,,,,,,,,,,,,,,,,65.8457844971,64.69220160449737,62.96746684696709,,,,,,,,64.50181764952148,#000000,4.596536432960567,65.31465825266234,0.2028580482363521,51.74957917308866,7.394514491308712,False,False,False,False,False,1.384149291108315,0.0,0.0,0.0,0.0,0,0.9406039983542722,0.8198570999196523,False,False,False,False,0.09597278867150565,0.12722050121362438,False,False,False,False,-9362142,-11600305.560131062,False,False,False,False,992489.1547821474,False,False,False,False
2022-12-21 00:00:00+00:00,67.3819778008,67.6681637054,66.0003906754,66.0102591549,876399,,,,,,,,,,,,,,,,,,,,,,,,,,,,,,,,,,,66.41137562012203,64.74842421310782,63.0381930162803,,,,,,,,64.73266428317005,#000000,4.6159732252664405,65.36679738353767,0.4365667474481526,52.05983530547129,7.394514491308712,False,False,False,False,False,2.9654841531578313,0.0,0.0,0.0,0.0,0,0.9614513581275932,0.8000780691661709,False,False,False,False,0.14813766350891805,0.13767908236127122,False,False,False,False,-8485743,-11478165.85189063,False,False,False,False,987936.5996926514,False,False,False,False
2022-12-22 00:00:00+00:00,66.9872386221,66.9872386221,66.138549388,66.414866813,956267,,,,,,,,,,,,,,,,,,,,,,,,,,,,,,,,,,,66.51248310557204,64.79871292828977,63.10675455898774,,,,,,,,64.80598353094986,#000000,4.616347040364842,65.38544959925895,0.3469819337314061,51.600100766562875,7.278410335047546,False,False,False,False,False,2.3755651050704856,0.0,0.0,0.0,0.0,0,0.9607177070220676,0.7986653984169332,False,False,False,False,0.1361722552224411,0.13692566879185616,False,False,False,False,-9442010,-11398316.602796879,False,False,False,False,986694.6546066651,False,False,False,False
2022-12-23 00:00:00+00:00,66.8589483891,67.3622408419,66.6418418408,66.8984223069,565169,,,,,,,,,,,,,,,,,,,,,,,,,,,,,,,,,,,66.58734042977665,64.83097882122654,63.148816033428176,,,,,,,,64.85571176147712,#000000,4.611790224659564,65.4007493189476,0.3161893753005714,51.06742674357964,6.592293723013057,False,False,False,False,False,2.1818949228112707,0.0,0.0,0.0,0.0,0,0.9819009697902298,0.7972499821020042,False,False,False,False,0.1509370555621386,0.14393136217699737,False,False,False,False,-10007179,-11343762.187000925,False,False,False,False,970164.2367789528,False,False,False,False
2022-12-27 00:00:00+00:00,67.1253973347,67.4017147597,66.5628940051,66.8194744712,543669,,,,,,,,,,,,,,,,,,,,,,,,,,,,,,,,,,,66.64937145368044,64.86219262177843,63.189205980836,,,,,,,,64.90025668543161,#000000,4.603944978734537,65.41571642336824,0.37135129095345754,51.20696338728395,6.483432539645101,False,False,False,False,False,2.566128190244406,0.0,0.0,0.0,0.0,0,0.9579477597043804,0.8147570270746145,False,False,False,False,0.15004234338901845,0.1469868527830079,False,False,False,False,-9463510,-11270026.807118535,False,False,False,False,953438.9333758566,False,False,False,False
2022-12-28 00:00:00+00:00,66.5135516077,67.8556648152,66.4938146488,67.1648712525,537155,,,,,,,,,,,,,,,,,,,,,,,,,,,,,,,,,,,66.68646064597672,64.89112782642185,63.2275248047829,,,,,,,,64.93503775906049,#000000,4.567115899403343,65.42831479111666,0.2376197233630769,50.10307660412841,5.152469243164525,False,True,False,False,False,1.6188165365944407,0.0,0.0,0.0,0.0,0,0.9558807820916472,0.8352362686040529,False,False,False,False,0.15877618938179122,0.15288152108239955,False,False,False,False,-10000665,-11220247.91272173,False,False,False,False,937114.0732434702,False,False,False,False
2022-12-29 00:00:00+00:00,68.1813246376,68.6648801315,67.3425038829,67.5497419518,415903,,,,,,,,,,,,,,,,,,,,,,,,,,,,,,,,,,,66.80491622907319,64.92473271331757,63.26532946736917,,,,,,,,64.99832613658664,"rgba(38, 166, 154, 0.5)",4.589676222421709,65.45154795195124,0.5947645440245045,52.370945692793285,5.152469243164525,False,False,False,False,False,4.029647002509691,0.0,0.0,0.0,0.0,0,0.9518959610558841,0.8314979137290545,False,False,False,False,0.19669273045624883,0.1747871257693242,False,False,False,False,-9584762,-11156111.210262056,False,False,False,False,916674.4233123538,False,False,False,False
2022-12-30 00:00:00+00:00,67.6484267464,68.13691648,67.2240821293,67.9839550483,479525,,,,,,,,,,,,,,,,,,,,,,,,,,,,,,,,,,,66.88298773083243,64.95786111709772,63.30467825282085,,,,,,,,65.04850903358367,#000000,4.6002629094243686,65.47112232404533,0.47329999724453287,52.7958626725655,5.152469243164525,False,False,False,False,True,3.1920682729440664,0.0,0.0,0.0,0.0,0,0.9749709910840834,0.826048208627621,False,False,False,False,0.18184913654196985,0.17831813115564704,False,False,False,False,-10064287,-11113294.574565504,False,False,False,False,899531.3086726536,False,False,False,False
2023-01-03 00:00:00+00:00,68.0727713635,68.526721419,67.5250707531,67.6582952259,1160624,,,,,,,,,,,,,,,,,,,,,,,,,,,,,,,,,,,67.09071865769263,65.04537745074781,63.40493540877443,,,,,,,,65.18034383907163,"rgba(38, 166, 154, 0.5)",4.6138786240664045,65.52532047282428,0.5521278512590225,53.817643900837524,5.152469243164525,False,False,True,False,True,3.8051701899043486,0.0,0.0,0.0,0.0,0,0.9796340292744029,0.8043280537581998,False,False,False,False,0.19771559561170482,0.18801686338367593,False,False,False,False,-8903663,-11026642.355955092,False,False,False,False,909770.2377443142,False,False,False,False
2023-01-04 00:00:00+00:00,69.3458052148,69.5234378452,68.4181681449,68.7240910083,789754,,,,,,,,,,,,,,,,,,,,,,,,,,,,,,,,,,,67.30875516914988,65.1221165301027,63.48573237785906,,,,,,,,65.30553469237054,"rgba(38, 166, 154, 0.5)",4.662815676988404,65.5783270498217,0.8079835073840234,56.503265303423134,1.9328569278429057,False,False,True,False,True,5.618590817322012,0.0,0.0,0.0,0.0,0,0.9923160665122844,0.7820636439778413,False,False,False,False,0.24165425257423362,0.21483555797895476,False,False,False,False,-8113909,-10912417.518466657,False,False,False,False,905063.7186170863,False,False,False,False
2023-01-05 00:00:00+00:00,69.1879095433,69.6467938385,68.5809980561,69.2076465022,662364,,,,,,,,,,,,,,,,,,,,,,,,,,,,,,,,,,,67.4616887558343,65.18493922082918,63.55225155757011,,,,,,,,65.3996265114112,"rgba(38, 166, 154, 0.5)",4.705776983824726,65.62005019040562,0.758187089009585,57.917315846706956,3.3713811751196587,False,False,True,False,True,5.359535976389921,0.0,0.0,0.0,0.0,0,0.9816650660226968,0.7954705882366303,False,False,False,False,0.24838463807242028,0.23161009802568752,False,False,False,False,-8776273,-10828647.145193454,False,False,False,False,895546.0825928869,False,False,False,False
2023-01-06 00:00:00+00:00,70.7569977785,71.1023945599,68.7536964467,69.8293607086,758751,,,,,,,,,,,,,,,,,,,,,,,,,,,,,,,,,,,67.70133199501304,65.27329153888935,63.640727983083735,,,,,,,,65.53845050566204,"rgba(38, 166, 154, 1.0)",4.792584080659946,65.68206355527325,1.0589139674578065,61.0360479487591,6.373490526206638,True,False,True,False,True,7.557111150351702,0.0,0.0,0.0,0.0,0,0.9819390548699388,0.7929734555433859,False,False,False,False,0.28712128513471596,0.25936569158020173,False,False,False,False,-8017522,-10718406.94342116,False,False,False,False,890181.5695500287,False,False,False,False
2023-01-09 00:00:00+00:00,70.5497597097,71.9066756364,70.5102857919,71.4576598207,681037,,,,,,,,,,,,,,,,,,,,,,,,,,,,,,,,,,,67.94041436478307,65.36218926540927,63.72741722807787,,,,,,,,65.6766736194234,"rgba(38, 166, 154, 0.5)",4.874680159402103,65.7450367283957,0.9856488680671947,62.5861905016221,7.8429819954539255,True,False,True,False,True,7.2074965174575425,0.0,0.0,0.0,0.0,0,0.9943904927650123,0.8067667006817117,False,False,False,False,0.34282824948824087,0.3010969705342213,False,False,False,False,-8698559,-10639197.220149744,False,False,False,False,881979.8217245374,False,False,False,False
2023-01-10 00:00:00+00:00,71.1813423956,71.6056870127,70.7569977785,70.7866032169,891622,,,,,,,,,,,,,,,,,,,,,,,,,,,,,,,,,,,68.2221579163343,65.4783188523985,63.840793994078176,,,,,,,,65.84709025427033,"rgba(38, 166, 154, 1.0)",4.961116328906128,65.82530657431646,1.0796029494564359,64.4578898967375,9.634454535859028,True,False,True,False,True,8.088685941947588,0.0,0.0,0.0,0.0,0,0.9918373003880061,0.8078662247695483,False,False,False,False,0.3414916919500681,0.3212943312421447,False,False,False,False,-7806937,-10528128.19190858,False,False,False,False,882357.9463627909,False,False,False,False
2023-01-11 00:00:00+00:00,70.9741043268,71.7537142047,70.396798278,71.4773967796,905834,,,,,,,,,,,,,,,,,,,,,,,,,,,,,,,,,,,68.4509548177351,65.58886920469376,63.95037229687424,,,,,,,,65.99673210643437,"rgba(38, 166, 154, 1.0)",5.023463361335257,65.89887566072856,1.0103047043469273,65.11981483643012,10.31949028594174,True,False,True,False,True,7.728640979125309,0.0,0.0,0.0,0.0,0,0.989521921919543,0.8010534534558217,False,False,False,False,0.3362781704776583,0.3287862508599015,False,False,False,False,-8712771,-10456937.713794516,False,False,False,False,883278.5759171913,False,False,False,False
2023-01-12 00:00:00+00:00,71.5859500538,72.4445077674,70.618839066,71.65502941,1001321,,,,,,,,,,,,,,,,,,,,,,,,,,,,,,,,,,,68.7060526853055,65.71699411104456,64.07609274874468,,,,,,,,66.16637984836491,"rgba(38, 166, 154, 1.0)",5.074442428795627,65.98405133920069,1.1039436929682294,66.42496088009113,11.66526568180435,True,False,True,False,True,8.59552010878101,0.0,0.0,0.0,0.0,0,0.9933190756219936,0.7944240480029456,False,False,False,False,0.34282824959194524,0.3358072502259234,False,False,False,False,-7711450,-10349271.52893983,False,False,False,False,887907.6905871055,False,False,False,False
2023-01-13 00:00:00+00:00,73.0662219738,73.1451698096,71.6846348484,71.7339772458,727933,,,,,,,,,,,,,,,,,,,,,,,,,,,,,,,,,,,68.92773591069184,65.82338378789723,64.17776903100125,,,,,,,,66.3096295765301,"rgba(38, 166, 154, 1.0)",5.136936760549486,66.05617737044666,1.3646351765879026,69.05480648647419,14.236386071081228,True,False,True,False,True,10.642899416812273,0.0,0.0,0.0,0.0,0,1.0075276621037663,0.7934883997647955,False,False,False,False,0.3428282498542962,0.3393177500401098,False,False,False,False,-6983517,-10217281.155255916,False,False,False,False,881634.1733091798,False,False,False,False
2023-01-17 00:00:00+00:00,73.303065481,74.0728068795,73.2833285221,74.0135960027,747212,,,,,,,,,,,,,,,,,,,,,,,,,,,,,,,,,,,69.18113949871409,65.94355913244722,64.29075511795477,,,,,,,,66.47181791637203,"rgba(38, 166, 154, 1.0)",5.200932192746062,66.1383504135931,1.3775828643564711,71.05746404019513,16.165219106095932,True,False,True,False,True,10.965236777261065,0.0,0.0,0.0,0.0,0,1.0417645639834061,0.7683958509238475,False,False,False,False,0.3428282501834874,0.3410730001117986,False,False,False,False,-6236305,-10061164.443285095,False,False,False,False,876362.7155323493,False,False,False,False
2023-01-18 00:00:00+00:00,73.2635915632,75.0695233056,73.1994464466,74.9905754699,753600,,,,,,,,,,,,,,,,,,,,,,,,,,,,,,,,,,,69.42530239105749,66.06552979240591,64.40547786821492,,,,,,,,66.63210335055943,"rgba(38, 166, 154, 1.0)",5.2358012551133495,66.69750054143302,1.2540756804614102,72.25964355773169,17.351845662905646,True,False,True,False,True,10.892074041228902,0.0,0.0,0.0,0.0,0,1.053277882337039,0.7283431485658051,False,False,False,False,0.34282825014313767,0.3419506251274681,False,False,False,False,-6989905,-9940722.896489602,False,False,False,False,871548.4913938259,False,False,False,False
2023-01-19 00:00:00+00:00,73.3918817962,73.8162264133,73.0908931725,73.174775248,506609,,,,,,,,,,,,,,,,,,,,,,,,,,,,,,,,,,,69.56157625912422,66.14120614334345,64.47777130119317,,,,,,,,66.72685123455362,"rgba(38, 166, 154, 1.0)",5.286504879461765,66.7342787819309,1.259358151759983,73.21850457208873,18.356328644862245,True,False,True,False,True,11.072505410292546,0.0,0.0,0.0,0.0,0,1.051445945944871,0.7551314496334952,False,False,False,False,0.31351824746034684,0.32773443629390747,False,False,False,False,-6483296,-9805137.527999815,False,False,False,False,857237.1387901464,False,False,False,False
2023-01-20 00:00:00+00:00,74.2997819072,74.3293873456,73.155038289,73.2339861248,460792,,,,,,,,,,,,,,,,,,,,,,,,,,,,,,,,,,,69.69257107519668,66.2132833045502,64.54610830159116,,,,,,,,66.81732089377935,"rgba(38, 166, 154, 1.0)",5.369248887868944,66.78354741225388,1.3998670301777187,74.90789720558524,20.071680923267806,True,False,True,False,True,12.345914980493895,0.0,0.0,0.0,0.0,0,1.0447270729005609,0.7502466723672453,False,False,False,False,0.3256229985670313,0.3266787174304694,False,False,False,False,-6022504,-9656798.958274331,False,False,False,False,841690.2706022976,False,False,False,False
2023-01-23 00:00:00+00:00,74.7241265243,74.9905754699,74.0135960027,74.0826753589,1192408,,,,,,,,,,,,,,,,,,,,,,,,,,,,,,,,,,,70.0443780841762,66.40890982083971,64.73034633981186,,,,,,,,67.06121141494259,"rgba(38, 166, 154, 1.0)",5.483827940913301,66.92751155311916,1.4217468263386763,76.47682474815016,21.662231376314637,True,False,True,False,True,12.935542764187772,0.0,0.0,0.0,0.0,0,1.055479636898549,0.7491131010800643,False,False,False,False,0.34282825009922036,0.3347534837648449,False,False,False,False,-4830096,-9467516.489322396,False,False,False,False,855443.9070492664,False,False,False,False
2023-01-24 00:00:00+00:00,72.8195099871,73.0316822957,71.803056602,72.3162175343,1280609,,,,,,,,,,,,,,,,,,,,,,,,,,,,,,,,,,,70.22441404251954,66.55944451551628,64.88165106633393,,,,,,,,67.22183654145658,"rgba(38, 166, 154, 1.0)",5.54381744851345,66.9867404736882,1.0521214970698278,71.36780428112692,26.459394743717624,True,False,True,False,False,9.302008602910327,0.0,0.0,0.0,0.0,0,1.0297234622631957,0.7551930970440494,False,False,False,False,0.23654160734053456,0.28564754555268973,False,False,False,False,-6110705,-9335876.82307446,False,False,False,False,872117.0479492951,False,False,False,False
2023-01-25 00:00:00+00:00,73.1945122069,73.2635915632,72.1632561026,72.6418773567,763825,,,,,,,,,,,,,,,,,,,,,,,,,,,,,,,,,,,70.33323286204325,66.65041366426121,64.97281937648947,,,,,,,,67.31882196759797,"rgba(38, 166, 154, 1.0)",5.59122813016999,67.03346737481885,1.1019126189533301,68.58117563689376,23.955911175567465,True,False,True,False,False,9.842920607921432,0.0,0.0,0.0,0.0,0,1.0348445054425297,0.7748239184023173,False,False,False,False,0.23394619085288565,0.2597968682027877,False,False,False,False,-5346880,-9179445.575110756,False,False,False,False,867870.3009708915,False,False,False,False
2023-01-26 00:00:00+00:00,73.9445166464,74.2603079893,73.2043806864,74.0037275232,620480,,,,,,,,,,,,,,,,,,,,,,,,,,,,,,,,,,,70.4452668816132,66.73315340127145,65.05389346676697,,,,,,,,67.41077124988387,"rgba(38, 166, 154, 1.0)",5.620169081967361,67.08569564252149,1.220394067126102,67.89737030690011,23.37641993872333,True,False,True,False,False,10.919642087789455,0.0,0.0,0.0,0.0,0,1.0300120297805773,0.7762811717682592,False,False,False,False,0.2951482574838985,0.2774725628433431,False,False,False,False,-4726400,-9004816.33687112,False,False,False,False,858168.7205406604,False,False,False,False
2023-01-27 00:00:00+00:00,73.8162264133,74.0139907418,72.6813512746,72.9971426175,570409,,,,,,,,,,,,,,,,,,,,,,,,,,,,,,,,,,,70.53343619460043,66.80439689413143,65.12461834821859,,,,,,,,67.48748381231682,"rgba(38, 166, 154, 1.0)",5.6186653819092784,67.12828424253556,1.19030796749313,67.05122823543077,22.521034225901843,True,False,True,False,False,10.672533940548337,0.0,0.0,0.0,0.0,0,1.0530159178370124,0.7737259988756207,False,False,False,False,0.27181253344630185,0.2746425481448225,False,False,False,False,-5296809,-8859404.284444802,False,False,False,False,846884.0256174973,False,False,False,False
2023-01-30 00:00:00+00:00,73.2635915632,74.0234644821,73.1353013301,73.4905665909,511801,,,,,,,,,,,,,,,,,,,,,,,,,,,,,,,,,,,70.6075790114442,66.86677798249033,65.18685459584127,,,,,,,,67.55373719659194,"rgba(38, 166, 154, 1.0)",5.588029564744121,67.16538572411079,1.0912980628384423,64.81022584341507,20.30842378254647,True,False,True,False,False,9.602989308178206,0.0,0.0,0.0,0.0,0,1.07183322244569,0.766711687150258,False,False,False,False,0.28151324986527687,0.27807789900504964,False,False,False,False,-5808610,-8739765.292897947,False,False,False,False,833743.514808968,False,False,False,False
2023-01-31 00:00:00+00:00,74.2208340715,74.2800449483,73.1254328506,73.4412241936,907337,,,,,,,,,,,,,,,,,,,,,,,,,,,,,,,,,,,70.74739627903203,66.98109361400863,65.3001723422382,,,,,,,,67.67622074509295,"rgba(38, 166, 154, 1.0)",5.555876315502533,67.23706296425442,1.2570062237992579,65.00755598433625,20.30842378254647,True,False,True,False,False,11.014857243355586,0.0,0.0,0.0,0.0,0,1.0668293213847686,0.7984631673308166,False,False,False,False,0.2895829306740866,0.2838304148395681,False,False,False,False,-4901273,-8589236.183372537,False,False,False,False,836629.5338360673,False,False,False,False
2023-02-01 00:00:00+00:00,75.414920087,75.5530787995,73.5596459472,74.2307025509,1152680,,,,,,,,,,,,,,,,,,,,,,,,,,,,,,,,,,,70.9585122012429,67.14068397957546,65.45570045562702,,,,,,,,67.85163221214846,"rgba(38, 166, 154, 1.0)",5.549421335921372,67.3455989592835,1.4540833429755682,66.86089651932843,20.30842378254647,True,False,True,False,False,12.726169721578948,0.0,0.0,0.0,0.0,0,1.09526927834094,0.742951140560137,False,False,False,False,0.34282824710386356,0.31332933097171584,False,False,False,False,-3748593,-8399407.038926555,False,False,False,False,849023.6697640646,False,False,False,False
2023-02-02 00:00:00+00:00,76.2142669238,76.8754550481,75.747981269,76.5892691435,940679,,,,,,,,,,,,,,,,,,,,,,,,,,,,,,,,,,,71.17332338888664,67.28961249929384,65.59777480478412,,,,,,,,68.02023689765487,"rgba(38, 166, 154, 1.0)",5.559626618219401,67.97322769486416,1.482300844076327,69.06819915251823,20.30842378254647,True,False,True,False,True,13.84346160042109,0.0,0.0,0.0,0.0,0,1.1054052483646055,0.7352744856031928,False,False,False,False,0.34282824792503735,0.3280787894483766,False,False,False,False,-2807914,-8180132.802105906,False,False,False,False,852617.9964399837,False,True,False,False
2023-02-03 00:00:00+00:00,75.247155936,75.4247885664,74.3096503867,74.3096503867,777998,,,,,,,,,,,,,,,,,,,,,,,,,,,,,,,,,,,71.29677131376876,67.39207232443286,65.69868646630047,,,,,,,,68.1291767015007,"rgba(38, 166, 154, 1.0)",5.581785908607224,68.00262065001391,1.2978884186179325,67.68696047294998,20.30842378254647,True,False,True,False,True,11.91821292629643,0.0,0.0,0.0,0.0,0,1.0734717685152548,0.7541294030826959,False,False,False,False,0.24543319330974436,0.2867559913790605,False,False,False,False,-3585912,-7999967.280454694,False,False,False,False,849691.7220697883,False,False,False,False
2023-02-06 00:00:00+00:00,74.2603079893,75.1089972235,73.988924804,74.507019976,949629,,,,,,,,,,,,,,,,,,,,,,,,,,,,,,,,,,,71.4165192861874,67.50485730747519,65.81195854193781,,,,,,,,68.24444504520012,"rgba(38, 166, 154, 1.0)",5.585959475197558,68.04314926689649,1.1129974626576806,64.26407034007552,19.62000494316736,False,False,True,False,False,10.000296621492229,0.0,0.0,0.0,0.0,0,1.0587131961751466,0.7680897083880184,False,False,False,False,0.22463219174332594,0.2556940915611932,False,False,False,False,-4535541,-7864107.426319216,False,False,False,False,853610.831008228,False,False,False,False
2023-02-07 00:00:00+00:00,74.8820221957,75.1237999427,73.7372785776,73.9050427285,717636,,,,,,,,,,,,,,,,,,,,,,,,,,,,,,,,,,,71.5047286425574,67.58925742770961,65.89687492584385,,,,,,,,68.33028699870363,"rgba(38, 166, 154, 1.0)",5.552615744624212,68.08502269167037,1.224107666843356,63.035011851652925,18.42069662190451,False,False,True,False,False,10.90942972664309,0.0,0.0,0.0,0.0,0,1.050750525180554,0.7806419902573755,False,False,False,False,0.21694173295890956,0.2363179122600514,False,False,False,False,-3817905,-7705432.821365522,False,False,False,False,848278.4846941798,False,False,False,False
2023-02-08 00:00:00+00:00,74.7833374011,75.247155936,74.6254417296,75.0892602646,520326,,,,,,,,,,,,,,,,,,,,,,,,,,,,,,,,,,,71.57169870239171,67.65181273424928,65.9595441887349,,,,,,,,68.3943518751253,"rgba(38, 166, 154, 1.0)",5.49635214399208,68.12130690035737,1.2120821821841825,61.957460251427754,17.303998471940943,False,False,True,False,False,10.715248356985608,0.0,0.0,0.0,0.0,1,1.0552022843483182,0.784012631363135,False,False,False,False,0.2499751831267491,0.24314654769340024,False,False,False,False,-4338231,-7573385.691115894,False,False,False,False,835417.602941467,False,False,False,False
2023-02-09 00:00:00+00:00,73.2635915632,75.5925527174,73.1649067685,75.2866298539,941212,,,,,,,,,,,,,,,,,,,,,,,,,,,,,,,,,,,71.6559480178259,67.74887126285064,66.05977443943883,,,,,,,,68.48819790670512,"rgba(38, 166, 154, 0.5)",5.415879841223152,68.16397050331499,0.9416052810236062,57.69014201990191,13.216590038487453,False,True,True,False,False,7.775153357853526,0.0,0.0,0.0,0.0,1,1.0319664381137361,0.788407411310485,False,False,False,False,0.21358513693996503,0.22836584231668264,False,False,False,False,-5279443,-7483427.154209389,False,False,False,False,839566.4028261154,False,False,False,False
2023-02-10 00:00:00+00:00,73.3425393989,73.5892513856,72.8195099871,73.0267480559,532333,,,,,,,,,,,,,,,,,,,,,,,,,,,,,,,,,,,71.68654733551,67.79598536784565,66.11007297921628,,,,,,,,68.53086856085731,"rgba(38, 166, 154, 0.5)",5.336947841024377,68.1791922502984,0.9674719151106687,55.015946726079925,10.73666926729571,False,True,False,False,False,7.897161091510494,0.0,0.0,0.0,0.0,1,1.0331431442499868,0.8037516264384238,False,False,False,False,0.13861313952336785,0.18348949092002526,False,False,False,False,-4747110,-7376120.599142354,False,False,False,False,827518.0340878364,False,False,False,False
2023-02-13 00:00:00+00:00,73.9642536053,74.1024123179,73.4116187552,73.5497774677,637461,,,,,,,,,,,,,,,,,,,,,,,,,,,,,,,,,,,71.73461089437205,67.85719634820897,66.17416850110509,,,,,,,,68.5886585812287,"rgba(38, 166, 154, 1.0)",5.285415541508562,68.20807196745983,1.089068890162843,54.57936292049681,10.312471348970654,False,True,False,False,False,8.861733499468205,0.0,0.0,0.0,0.0,1,1.0428939981637486,0.8074097564288428,False,False,False,False,0.17365134855138714,0.1785704197357062,False,False,False,False,-4109649,-7248023.673685791,False,False,False,False,820064.817064784,False,False,False,False
2023-02-14 00:00:00+00:00,74.1122807973,75.0793917851,73.8260948928,74.0925438384,789309,,,,,,,,,,,,,,,,,,,,,,,,,,,,,,,,,,,71.80509979970945,67.93765745340801,66.25729593260166,,,,,,,,68.66668439523971,"rgba(38, 166, 154, 1.0)",5.266167385874768,68.25357975075985,1.1125170578995853,54.60592124713001,10.190591168183772,False,True,False,False,False,9.091908054994775,0.0,0.0,0.0,0.0,1,1.0239488499696505,0.8076120605164413,False,False,False,False,0.21838174462415658,0.1984760821799314,False,False,False,False,-3320340,-7093996.862953015,False,False,False,False,818858.7065916553,False,False,False,False
2023-02-15 00:00:00+00:00,74.4280721403,74.6155732501,73.9346481669,74.0925438384,671417,,,,,,,,,,,,,,,,,,,,,,,,,,,,,,,,,,,71.86182886503627,68.00440748581802,66.32657355402522,,,,,,,,68.73093663495985,"rgba(38, 166, 154, 1.0)",5.226352228591156,68.29158324216132,1.1741437679168565,55.31998623230284,10.190591168183772,False,True,True,False,False,9.587470166700243,0.0,0.0,0.0,0.0,1,1.0268058473793935,0.8153646783525351,False,False,False,False,0.20688606254876968,0.20268107236435054,False,False,False,False,-2648923,-6919680.240876426,False,False,False,False,813076.6788821786,False,False,False,False
2023-02-16 00:00:00+00:00,73.1254328506,73.9839905643,73.1155643712,73.747147057,548317,,,,,,,,,,,,,,,,,,,,,,,,,,,,,,,,,,,71.88973591870013,68.05012840998914,66.37588295389122,,,,,,,,68.77191576086017,"rgba(38, 166, 154, 0.5)",5.177609543360507,68.31189885300294,0.9296826957084248,52.52517454946559,7.856438055030338,False,True,False,False,False,6.992505836132413,0.0,0.0,0.0,0.0,1,1.0327710523067413,0.8113985285197173,False,False,False,False,0.16046701473700062,0.18157404355067558,False,False,False,False,-3197240,-6773702.192214605,False,False,False,False,802693.9463769952,False,False,False,False
2023-02-17 00:00:00+00:00,72.6221403978,72.710956713,71.4576598207,71.65502941,598947,,,,,,,,,,,,,,,,,,,,,,,,,,,,,,,,,,,71.89696262432942,68.08871229323587,66.42032567759011,,,,,,,,68.80200019838513,"rgba(38, 166, 154, 0.5)",5.100463276905933,68.3208614391181,0.8433114258772103,49.59093276712398,4.980639786290887,False,True,False,False,False,6.012680806863283,0.0,0.0,0.0,0.0,0,1.0317844891701367,0.8055184364145763,False,False,False,False,0.0685342959518661,0.12505416975127084,False,False,False,False,-3796187,-6656936.890559131,False,False,False,False,794703.8700484856,False,False,False,False
2023-02-21 00:00:00+00:00,71.8820044378,72.5984560471,71.803056602,72.4642447263,651513,,,,,,,,,,,,,,,,,,,,,,,,,,,,,,,,,,,71.90103082673158,68.12822037906503,66.46653623632064,,,,,,,,68.83192914737242,"rgba(38, 166, 154, 0.5)",5.004380288134734,68.3298032682285,0.709818392098156,46.18173351358618,1.7464121600169875,False,True,False,True,False,4.585518291903185,0.0,0.0,0.0,0.0,0,1.0315450909247592,0.8117034633491309,False,False,False,False,0.07577717960838341,0.10041567467982712,False,False,False,False,-4447700,-6570300.149752891,False,False,False,False,789088.5418112901,False,False,False,False
2023-02-22 00:00:00+00:00,71.1418684777,72.0793740271,71.0530521625,72.0102946708,708971,,,,,,,,,,,,,,,,,,,,,,,,,,,,,,,,,,,71.89059154844412,68.16322501133546,66.51009125237293,,,,,,,,68.85463593738417,"rgba(38, 166, 154, 0.5)",4.851596363818054,68.33213825213633,0.5791351989868547,42.612162759221356,-1.5587606971739234,False,True,False,True,False,3.1801477763069954,0.0,0.0,0.0,0.0,0,1.0146911991363678,0.8280694035981687,False,False,False,False,0.036385884801383016,0.06840077974060507,False,False,False,False,-5156671,-6514863.712507679,False,False,False,False,785946.6774265337,False,False,False,False
2023-02-23 00:00:00+00:00,71.2504217519,71.6846348484,70.7866032169,71.5958185332,622357,,,,,,,,,,,,,,,,,,,,,,,,,,,,,,,,,,,71.87832015101192,68.19164487951245,66.54628972146205,,,,,,,,68.8720849173288,"rgba(38, 166, 154, 0.5)",4.605064255291291,68.33354679028203,0.6334059200729812,40.57002125919733,-3.409032880925295,False,True,False,True,False,3.3694520456581465,0.0,0.0,0.0,0.0,0,0.9976958328115305,0.8420753769435878,False,False,False,False,0.015915530334227036,0.04215815503741605,False,False,False,False,-4534314,-6437195.096330907,False,False,False,False,779531.3959588264,False,False,False,False
2023-02-24 00:00:00+00:00,70.0662042158,70.322784682,69.4740954478,70.17475749,731291,,,,,,,,,,,,,,,,,,,,,,,,,,,,,,,,,,,71.83656854850842,68.21056805047024,66.57666067774062,,,,,,,,68.87459909223976,#000000,4.380339891835392,68.32042195231497,0.3985494976631896,37.281106440549294,-6.4578773800488065,False,True,False,True,False,1.1355412549242203,0.0,0.0,0.0,0.0,0,0.9787415693183634,0.8661424393253194,False,False,False,False,-0.06692406979934296,-0.012382957380963452,False,False,False,False,-5265605,-6391250.386670872,False,False,False,False,777639.615725147,False,False,False,False
2023-02-27 00:00:00+00:00,69.7602813524,70.618839066,69.5037008862,70.5201542713,1015816,,,,,,,,,,,,,,,,,,,,,,,,,,,,,,,,,,,71.78168388815472,68.23628611648874,66.6180413768372,,,,,,,,68.87867046049355,#000000,4.1279250765902065,68.30609152708233,0.3522810609050287,34.64743944221709,-8.879273744944683,False,True,False,True,False,0.5677225155141166,0.0,0.0,0.0,0.0,0,0.9744755203998715,0.8921384894289072,False,False,False,False,-0.0568102017216096,-0.034596579551286526,False,False,False,False,-6281421,-6386943.351899465,False,False,False,False,786979.8660888667,False,False,False,False
2023-02-28 00:00:00+00:00,67.3425038829,70.8063401759,66.7898690328,70.618839066,2543394,,,,,,,,,,,,,,,,,,,,,,,,,,,,,,,,,,,71.5448890988263,68.23900473762606,66.6683877764891,,,,,,,,68.81742720431383,#000000,3.87782590975458,68.22075050695463,-0.22647912631802702,30.222544134291535,-12.96783113768005,False,True,False,True,False,0.0,0.0,0.0,0.0,0.0,0,0.9376544109016114,0.8831729234010297,False,False,False,False,-0.13573556843548992,-0.08516607399338823,False,False,False,False,-8824815,-6482546.161628897,False,False,False,False,855858.8517324406,False,False,False,False
2023-03-01 00:00:00+00:00,67.0661864579,67.5003995544,66.4740776898,67.4214517187,1309074,,,,,,,,,,,,,,,,,,,,,,,,,,,,,,,,,,,71.39108251479057,68.21702599643433,66.67358562505183,,,,,,,,68.76056471209223,#000000,3.5919521209851104,68.1615805957457,-0.30495788945685737,27.036604907519546,-15.843863674673088,False,True,False,True,False,0.0,0.0,0.0,0.0,0.0,0,0.9523325091877504,0.9132713505721447,False,False,False,False,-0.25216868229979383,-0.16866737814659102,False,False,False,False,-10133889,-6625736.076859136,False,False,False,False,873631.9948017567,False,False,False,False
2023-03-02 00:00:00+00:00,67.0168440605,67.3030299651,66.2767081005,66.5431570461,828877,,,,,,,,,,,,,,,,,,,,,,,,,,,,,,,,,,,71.295866143007,68.20185044378881,66.67539850306339,,,,,,,,68.72437169661974,#000000,3.4620786289656293,68.12589101260984,-0.320341352975333,24.868112052964705,-17.81420057394096,False,True,False,True,False,0.0,0.0,0.0,0.0,0.0,0,0.9682508033737682,0.9004299203608755,False,False,False,False,-0.2652168270133683,-0.21694210257997965,False,False,False,False,-10962766,-6795815.6816881895,False,False,False,False,871876.8969663937,False,False,False,False
2023-03-03 00:00:00+00:00,67.4510571571,67.6632294656,66.9872386221,67.470794116,1383189,,,,,,,,,,,,,,,,,,,,,,,,,,,,,,,,,,,71.16260836500626,68.18649807169943,66.68613258195013,,,,,,,,68.6784130062186,#000000,3.4309702763287775,68.0811059167152,-0.18363573825226323,24.982597720910906,-17.81420057394096,False,True,False,True,False,0.0,0.0,0.0,0.0,0.0,0,0.9790583625161334,0.8902768990348191,False,False,False,False,-0.23001497174642002,-0.22347853716319982,False,False,False,False,-9579577,-6904982.792210221,False,False,False,False,891928.3519873194,False,False,False,False
2023-03-06 00:00:00+00:00,67.6879006643,67.9152704312,67.2635560472,67.5398734723,840536,,,,,,,,,,,,,,,,,,,,,,,,,,,,,,,,,,,71.09110820999942,68.18026099092017,66.69487687410626,,,,,,,,68.65541535834195,#000000,3.3416880274363874,68.05923659149317,-0.11112226040982247,25.909809047688306,-17.81420057394096,False,True,False,True,False,0.0,0.0,0.0,0.0,0.0,0,0.9967990324674696,0.8833916357897665,False,False,False,False,-0.26664919905220785,-0.24506386810770384,False,False,False,False,-8739041,-6976906.643496095,False,False,False,False,889912.9656348755,False,False,False,False
2023-03-07 00:00:00+00:00,65.0530166466,67.3523723624,64.9642003314,67.2931614856,1013746,,,,,,,,,,,,,,,,,,,,,,,,,,,,,,,,,,,70.96505380817622,68.14881270951187,66.68479455430327,,,,,,,,68.5995536906638,"rgba(239, 83, 80, 0.5)",3.27804708249714,68.01063447965913,-0.902249955118426,23.80126138400756,-19.235527834603904,False,True,False,True,False,0.0,0.0,0.0,0.0,0.0,0,0.9409584052612466,0.9066090490178677,False,False,False,False,-0.34282825441539394,-0.2939460612615489,False,False,False,False,-9752787,-7085764.696692327,False,False,False,False,894769.1630609587,False,False,False,False
2023-03-08 00:00:00+00:00,65.378676469,65.8918374013,64.5595926732,64.8063046599,1154042,,,,,,,,,,,,,,,,,,,,,,,,,,,,,,,,,,,70.81513386923821,68.10643239113433,66.66716035773433,,,,,,,,68.52957553936896,"rgba(239, 83, 80, 0.5)",3.2795396560353334,67.95153761694706,-0.7845189928446915,23.427920462163254,-19.864888731493405,False,True,False,True,False,0.0,0.0,0.0,0.0,0.0,0,0.938855278957555,0.9240287924545278,False,False,False,False,-0.34282825441539394,-0.3183871578384714,False,False,False,False,-8598745,-7145097.257606354,False,False,False,False,904936.7252938623,False,False,False,False
2023-03-09 00:00:00+00:00,64.6878829063,65.8622319629,64.3918285223,65.5069667021,576137,,,,,,,,,,,,,,,,,,,,,,,,,,,,,,,,,,,70.7393629232376,68.08357436546332,66.65668156026267,,,,,,,,68.49320628298786,"rgba(239, 83, 80, 0.5)",3.261886334508926,67.92139030889965,-0.9912998403380735,22.555636657870267,-21.028584723830676,False,True,False,True,False,0.0,0.0,0.0,0.0,0.0,0,0.9297470520095732,0.930753438246645,False,False,False,False,-0.34282825441539394,-0.3306077061269327,False,False,False,False,-9174882,-7224696.6592688495,False,False,False,False,892042.6184195932,False,False,False,False
2023-03-10 00:00:00+00:00,63.6122186444,64.638540509,62.9411620407,64.5990665911,916220,,,,,,,,,,,,,,,,,,,,,,,,,,,,,,,,,,63.73064039803333,70.59754372167205,68.0335347055781,66.62805256237309,,,,63.73064039803333,,,,67.24744284691414,"rgba(239, 83, 80, 1.0)",3.291070756134864,67.63187599921525,-1.2213828424448894,21.11562602571253,-22.72918011773655,False,True,False,True,False,0.0,1.0,64.63854,62.941162,0.0,0,0.9102315972322954,0.9491101910152441,True,False,False,False,-0.34282825441539394,-0.3367179802711633,False,False,False,False,-10091102,-7337104.711846542,True,False,False,False,892990.7510305896,False,False,False,False
2023-03-13 00:00:00+00:00,63.9576154258,64.5694611527,63.1187946711,63.1878740273,1149490,,,,,,,,,,,,,,,,,,,,,,,,,,,,,,,,,,63.81484244790104,70.43127981124256,67.97451024464513,66.59475226207148,,,,63.81484244790104,,,,67.20384619146505,"rgba(239, 83, 80, 1.0)",3.316049125743874,67.57107200255022,-1.089687287410024,21.297071567933678,-22.88455336089293,False,True,False,True,False,0.0,0.0,0.0,0.0,0.0,0,0.9138888810195298,0.9566858166420514,False,False,False,False,-0.3396212248650557,-0.33816960256810946,False,False,False,False,-8941612,-7400026.566283933,False,False,False,False,903049.5451078214,False,False,False,False
2023-03-14 00:00:00+00:00,64.8457785778,64.9296606533,64.2882094879,64.786567701,1223934,,,,,,,,,,,,,,,,,,,,,,,,,,,,,,,,,,64.13966297573046,70.28376507826671,67.92549885687225,66.570445078189,,,,64.13966297573046,,,,67.2298429972646,"rgba(239, 83, 80, 0.5)",3.3377187061369944,67.53423733357505,-0.8054779304294971,24.183849683392317,-22.88455336089293,False,True,False,True,True,0.0,0.0,0.0,0.0,0.0,0,0.9243701961096775,0.9697783505446674,False,False,False,False,-0.29510635452093065,-0.31663797854452,False,False,False,False,-7717678,-7412483.485253191,False,False,False,False,915633.2492212402,False,False,False,False
2023-03-15 00:00:00+00:00,64.3326176455,64.6681459474,63.8194567132,64.0365632615,1413780,,,,,,,,,,,,,,,,,,,,,,,,,,,,,,,,,,64.1798643906198,70.11058677193157,67.86365524060064,66.53711336186879,,,,64.1798643906198,,,,67.17280494125521,"rgba(239, 83, 80, 0.5)",3.3847686948146247,67.47067710695336,-0.9271119371497348,25.47856613780893,-22.88455336089293,False,True,False,True,True,0.0,0.0,0.0,0.0,0.0,0,0.9173900646345154,0.9639765094869356,False,False,False,False,-0.31620704204061,-0.316422510292565,False,False,False,False,-9131458,-7479894.25053738,False,False,False,False,935168.4159184465,False,False,False,False
2023-03-16 00:00:00+00:00,65.9017058808,65.990522196,64.1056426178,64.1352480562,1253553,,,,,,,,,,,,,,,,,,,,,,,,,,,,,,,,,,64.42244459886211,69.99156103657404,67.8262149413507,66.5218130123341,,,,64.42244459886211,,,,67.19050839728024,#000000,3.4044874530418836,67.44314276679121,-0.4527662114348388,30.537932355633863,-25.12805709018827,False,True,False,True,True,0.0,0.0,0.0,0.0,0.0,0,0.918227986320949,0.9509993488382353,False,False,False,False,-0.27006080230427254,-0.2932416562984188,False,False,False,False,-7877905,-7495502.515222189,False,False,False,False,947654.085882429,False,False,False,False
2023-03-17 00:00:00+00:00,64.5398557143,65.1911753591,64.4411709196,65.0530166466,1061266,,,,,,,,,,,,,,,,,,,,,,,,,,,,,,,,,,64.46805458279185,69.88276337476435,67.78784592559423,66.5026853252303,,,,64.46805458279185,,,,67.16033730209519,"rgba(239, 83, 80, 0.5)",3.4441589330904345,67.4060706976512,-0.8321959116966046,31.97066788483228,-23.768165950357602,False,True,False,True,True,0.0,0.0,0.0,0.0,0.0,0,0.9049481276798742,0.9716187746830259,False,False,False,False,-0.28324402923730074,-0.2882428427678598,False,False,False,False,-8939171,-7552116.965605632,False,False,False,False,952109.4550635103,False,False,False,False
2023-03-20 00:00:00+00:00,65.0628851261,65.748744449,64.7095935611,65.674730853,2018787,,,,,,,,,,,,,,,,,,,,,,,,,,,,,,,,,,64.62569826183125,69.70474050582371,67.72775515945438,66.47632170310261,,,,64.62569826183125,,,,67.13362890755299,"rgba(239, 83, 80, 0.5)",3.4657348387903353,67.35316229799311,-0.6608345065118996,34.164628759087734,-21.648209479484656,False,True,False,True,True,0.0,0.0,0.0,0.0,0.0,0,0.9042215438068781,0.9629951710021923,False,False,False,False,-0.25983023187089843,-0.2740365373193791,False,False,False,False,-6920384,-7527343.123817177,False,False,False,False,993939.947021804,False,False,False,False
2023-03-21 00:00:00+00:00,66.5727624845,66.6221048819,65.990522196,66.1582863469,1646642,,,,,,,,,,,,,,,,,,,,,,,,,,,,,,,,,,64.89841539279628,69.60573913861923,67.70322874849178,66.47502885253544,,,,64.89841539279628,,,,67.17060303311068,#000000,3.47986345028019,67.34108441193752,-0.2207908265410956,38.767923648905324,-17.318446715096037,False,True,False,True,True,0.0,0.0,0.0,0.0,0.0,0,0.9057479609982013,0.9645792558005094,False,False,False,False,-0.1999869956520385,-0.23701176648570882,False,False,False,False,-5273742,-7438966.60915768,False,False,False,False,1019536.1059621255,False,False,False,False
2023-03-22 00:00:00+00:00,65.7931526066,67.1648712525,65.7240732504,66.5924994435,1676436,,,,,,,,,,,,,,,,,,,,,,,,,,,,,,,,,,65.0786646383948,69.50589308780947,67.67608327245865,66.47107790769367,,,,65.0786646383948,,,,67.18292972658914,#000000,3.5103329452525496,67.32262476986246,-0.4357057256722459,40.55566667064125,-15.70056929994152,False,True,False,True,True,0.0,0.0,0.0,0.0,0.0,0,0.8764121154453937,0.9684021693329058,False,False,False,False,-0.1924209773157565,-0.21471637190073267,False,False,False,False,-6950178,-7419798.428406398,False,False,False,False,1045296.8861204735,False,False,False,False
2023-03-23 00:00:00+00:00,66.0201276344,67.5398734723,65.526703661,67.4806625955,2320644,,,,,,,,,,,,,,,,,,,,,,,,,,,,,,,,,,65.28156362330658,69.3823363834411,67.64346213489075,66.46872624335805,,,,65.28156362330658,,,,67.19402209624911,#000000,3.5367419303506136,67.30033240388649,-0.36197291029362033,42.213339455365066,-14.125213808221147,False,True,False,True,True,0.0,0.0,0.0,0.0,0.0,0,0.8747132484221333,0.9621176763455048,False,False,False,False,-0.18756862736361127,-0.20114249963217196,False,False,False,False,-4629534,-7310376.293959089,False,False,False,False,1095310.4984294747,False,False,False,False
2023-03-24 00:00:00+00:00,66.6023679229,66.6517103203,65.3688079895,65.8128895656,1984277,,,,,,,,,,,,,,,,,,,,,,,,,,,,,,,,,,65.39182864114467,69.27911415445185,67.613613245866,66.4639901387085,,,,65.39182864114467,,,,67.18713654504275,#000000,3.5451231141152117,67.27730819220287,-0.1903855656283228,44.51556636571908,-11.895933003216072,False,True,False,True,True,0.0,0.0,0.0,0.0,0.0,0,0.8774826279784883,0.9769434864126151,False,False,False,False,-0.21627746779901827,-0.20870998371559513,False,False,False,False,-2645257,-7127430.439294026,False,False,False,False,1130171.929863613,False,False,False,False
2023-03-27 00:00:00+00:00,67.4115832392,67.6089528286,67.0069755811,67.2832930061,1207206,,,,,,,,,,,,,,,,,,,,,,,,,,,,,,,,,,65.52358982579666,69.24154911138922,67.61022722640833,66.4735792808992,,,,65.52358982579666,,,,67.21223636112336,#000000,3.531993904655377,67.27984772762794,0.03729777432470226,47.60334870669413,-8.938025670233074,False,False,False,False,True,0.0,0.0,0.0,0.0,0.0,0,0.8907104216607412,0.9772423811767847,False,False,False,False,-0.14558799871808642,-0.17714899121684077,False,False,False,False,-1438051,-6904317.520106025,False,False,False,False,1133192.8737905303,False,False,False,False
2023-03-28 00:00:00+00:00,66.7503951149,67.5990843491,66.4839461693,67.5102680339,1336617,,,,,,,,,,,,,,,,,,,,,,,,,,,,,,,,,,65.62245984473626,69.19325282212293,67.60114654195878,66.47920223606869,,,,65.62245984473626,,,,67.22401536122166,#000000,3.5345065106889906,67.27583478932624,-0.1486599820476247,48.29875256164429,-8.209058270497472,False,False,False,False,True,0.0,0.0,0.0,0.0,0.0,0,0.86822790797202,0.9889186570312822,False,False,False,False,-0.15996251318422225,-0.1685557522005315,False,False,False,False,-2774668,-6742370.480101868,False,False,False,False,1141170.2905046272,False,False,False,False
2023-03-29 00:00:00+00:00,66.6911842381,67.1648712525,66.2520369018,67.1253973347,1817335,,,,,,,,,,,,,,,,,,,,,,,,,,,,,,,,,,65.71582692237364,69.12403434749449,67.58478790107377,66.48277283897937,,,,65.71582692237364,,,,67.22685550248032,#000000,3.545296447295007,67.2651998520667,-0.16190905965131816,48.6392107348238,-7.692891071422437,False,False,False,False,True,0.0,0.0,0.0,0.0,0.0,0,0.8444390217157527,1.007963231963157,False,False,False,False,-0.17802402039847728,-0.1732898862995044,False,False,False,False,-4592003,-6658042.343627284,False,False,False,False,1167686.5536220928,False,False,False,False
2023-03-30 00:00:00+00:00,69.8688346265,70.5991021071,69.2175149817,70.1846259694,4005953,,,,,,,,,,,,,,,,,,,,,,,,,,,,,,,,,,66.38465404267805,69.16854803704565,67.67393659951368,66.59885624486117,,,,66.38465404267805,,,,67.45649873102464,"rgba(38, 166, 154, 0.5)",3.5394779021150935,67.3731087692598,0.7051112978410816,54.019073853218174,-2.4634380058488574,False,False,True,False,True,2.9440528727924757,0.0,0.0,0.0,0.0,0,0.8563742975428714,0.9955342620964409,False,False,False,False,-0.0075097487110791904,-0.09039981750529179,False,False,False,False,-586050,-6419924.996818372,False,False,False,False,1278991.1201467167,False,False,False,False
2023-03-31 00:00:00+00:00,69.6122541604,70.3622585999,69.3260682558,69.858966147,2263861,,,,,,,,,,,,,,,,,,,,,,,,,,,,,,,,,,66.66516564316922,69.18744987324685,67.7186012205115,66.65861104448494,,,,66.66516564316922,,,,67.55745694535312,"rgba(38, 166, 154, 0.5)",3.5392863366731593,67.42412211180793,0.6182410351824928,57.036076781638315,0.3777663601625818,True,False,True,False,True,2.4727367393378508,0.0,0.0,0.0,0.0,0,0.8600769447696749,0.9811756133125873,False,False,False,False,-0.010890985789641141,-0.05064540164746646,False,False,False,False,-2849911,-6279924.447923535,False,False,False,False,1317613.4683762572,False,False,False,False
2023-04-03 00:00:00+00:00,68.4971159806,69.5333063246,68.3885627064,69.5234378452,2194897,,,,,,,,,,,,,,,,,,,,,,,,,,,,,,,,,,66.82452435695406,69.17612322652937,67.74065080678443,66.69718180486582,,,,66.82452435695406,,,,67.60962004878343,#000000,3.5403043256825653,67.44996053724972,0.29578119478426124,56.69313225747494,0.3777663601625818,True,False,True,False,True,0.4494183076978615,0.0,0.0,0.0,0.0,0,0.8448995477498528,0.9990444411606144,False,False,False,False,-0.05750691270021965,-0.05407615717384306,False,False,False,False,-5044808,-6231488.508789279,False,False,False,False,1352016.744126208,False,False,False,False
2023-04-04 00:00:00+00:00,68.8425127619,69.4642269684,68.5958007753,68.9510660361,1473786,,,,,,,,,,,,,,,,,,,,,,,,,,,,,,,,,,66.9265214385301,69.1720418039796,67.75712580109546,66.72423290723896,,,,66.9265214385301,,,,67.64498048771102,#000000,3.541280162125759,67.46854511302924,0.38798614793752867,57.003437623783284,0.5613748588954479,True,False,True,False,True,1.0597414389754896,0.0,0.0,0.0,0.0,0,0.8342746087256309,1.0079734024601879,False,False,False,False,-0.05385458801937913,-0.05396537259661109,False,False,False,False,-3571022,-6127156.488836758,False,False,False,False,1356792.0090624352,False,False,False,False
2023-04-05 00:00:00+00:00,68.358957268,68.8981709861,68.2504039939,68.2701409528,1125846,,,,,,,,,,,,,,,,,,,,,,,,,,,,,,,,,,66.98181255592861,69.1621824283812,67.7646945148644,66.74027292103459,,,,66.98181255592861,,,,67.6622406050522,#000000,3.5389942835329506,67.4774318564105,0.2490892442780306,56.18141499202618,0.5613748588954479,True,False,True,False,True,0.180484361006382,0.0,0.0,0.0,0.0,0,0.8520516864111348,1.0126145631843384,False,False,False,False,-0.07798059847129192,-0.0659729855339515,False,False,False,False,-4696868,-6071066.744176493,False,False,False,False,1347735.3028246928,False,False,False,False
2023-04-06 00:00:00+00:00,69.5037008862,70.2339683668,69.3754106532,69.7208074345,1444096,,,,,,,,,,,,,,,,,,,,,,,,,,,,,,,,,,67.09905316056935,69.17223346039225,67.78963273493946,66.7741742978679,,,,67.09905316056935,,,,67.70877341344224,"rgba(38, 166, 154, 0.5)",3.5197247316326314,67.50398334857394,0.5681460029115633,57.488490527983984,1.5111216256316524,True,False,True,False,True,2.213076425167568,0.0,0.0,0.0,0.0,0,0.8500724088185568,0.9956340903026281,False,False,False,False,-0.012971865920024523,-0.03947242572698802,False,False,False,False,-3252772,-5960545.381659768,False,False,False,False,1351514.1536943128,False,False,False,False
2023-04-10 00:00:00+00:00,68.2504039939,69.0300138718,67.4263859584,69.0300138718,1320426,,,,,,,,,,,,,,,,,,,,,,,,,,,,,,,,,,67.14210940619336,69.15662154023254,67.79481458799513,66.78929957296593,,,,67.14210940619336,,,,67.72071127684674,#000000,3.499403350125347,67.5103266065924,0.21148673452606834,55.78581605670837,1.5111216256316524,True,False,True,False,True,0.0,0.0,0.0,0.0,0.0,0,0.8128956396410592,1.0204222403939458,False,False,False,False,-0.09636158228514544,-0.06791700400606673,False,False,False,False,-4573198,-5906139.601986836,False,False,False,False,1350295.010412183,False,False,False,False
2023-04-11 00:00:00+00:00,68.7635649262,69.2964628174,68.5958007753,68.9115921182,1150762,,,,,,,,,,,,,,,,,,,,,,,,,,,,,,,,,,67.19782179961031,69.15273630124794,67.80574627005589,66.80803589501336,,,,67.19782179961031,,,,67.74108506648187,#000000,3.4769497218126566,67.5221813184373,0.3570323723621527,55.519001660654354,1.5111216256316524,True,False,True,False,True,0.8512374205770072,0.0,0.0,0.0,0.0,0,0.83138388361,1.008239316819832,False,False,False,False,-0.05828974981457496,-0.06310337691032085,False,False,False,False,-3422436,-5808739.46073245,False,False,False,False,1342470.1864744504,False,False,False,False
2023-04-12 00:00:00+00:00,69.6023856809,70.2882450039,69.5727802425,69.8392291881,1378020,,,,,,,,,,,,,,,,,,,,,,,,,,,,,,,,,,67.29452083746305,69.16400357578979,67.82965317788867,66.83994814364317,,,,67.29452083746305,,,,67.78203143369618,"rgba(38, 166, 154, 0.5)",3.465298016923383,67.54693964380563,0.5931513038867778,56.684827964246665,1.5111216256316524,True,False,True,False,True,2.3249293340748522,0.0,0.0,0.0,0.0,0,0.8288503259869204,0.9906160186104076,False,False,False,False,-0.00633936442286593,-0.03472137066659339,False,False,False,False,-2044416,-5661118.932860589,False,False,False,False,1343864.2968087858,False,False,False,False
2023-04-13 00:00:00+00:00,71.0727891215,71.1912108751,70.5398912303,70.6484445044,1149645,,,,,,,,,,,,,,,,,,,,,,,,,,,,,,,,,,67.40312337938073,69.18855926713057,67.86007982048825,66.87581155591656,,,,67.40312337938073,,,,67.83189350572903,"rgba(38, 166, 154, 1.0)",3.451695247872751,67.57773067914981,1.0125628687828563,59.473642174347994,4.2665476160586095,True,False,True,False,True,4.819858939512354,0.0,0.0,0.0,0.0,0,0.8304523124129443,0.9754601482724614,False,False,False,False,0.0429709636668697,0.004124796500138153,False,False,False,False,-894771,-5474203.32765037,False,False,False,False,1336247.8537966765,False,False,False,False
2023-04-14 00:00:00+00:00,70.9050249705,71.8523989994,70.6829841825,71.7339772458,764207,,,,,,,,,,,,,,,,,,,,,,,,,,,,,,,,,,67.47592527300675,69.20644693612535,67.88135073547427,66.90053370167202,,,,67.47592527300675,,,,67.8660641615696,"rgba(38, 166, 154, 0.5)",3.4349531998956206,67.59909251018792,0.9624388653715973,60.93940109352485,5.811539369008742,True,False,True,False,True,4.502107116776326,0.0,0.0,0.0,0.0,0,0.8243156625216179,0.983887109970757,False,False,False,False,0.06422865136252816,0.034176723931333156,False,False,False,False,-1658978,-5324586.648134669,False,False,False,False,1313814.8791379833,False,False,False,False
2023-04-17 00:00:00+00:00,69.7997552702,70.1944944489,69.3655421737,70.1944944489,889494,,,,,,,,,,,,,,,,,,,,,,,,,,,,,,,,,,67.52706916769763,69.21255026197767,67.89559523175976,66.91984801241111,,,,67.52706916769763,,,,67.88876566846155,"rgba(38, 166, 154, 0.5)",3.418938714906038,67.61353370116903,0.639444503494426,59.44231140118157,5.811539369008742,True,False,True,False,True,2.42992017998073,0.0,0.0,0.0,0.0,0,0.7831633011246586,1.0153913548957811,False,False,False,False,0.024692929362375497,0.029434826646854324,False,False,False,False,-2548472,-5215719.407031349,False,False,False,False,1297174.844661984,False,False,False,False
2023-04-18 00:00:00+00:00,70.17475749,71.0727891215,69.7997552702,70.9247619295,1661886,,,,,,,,,,,,,,,,,,,,,,,,,,,,,,,,,,67.63913605526358,69.23445910351519,67.92939522474403,66.96219616508097,,,,67.63913605526358,,,,67.94129663715094,"rgba(38, 166, 154, 0.5)",3.394551595569175,67.64733076355353,0.7445539286383115,59.047738603672826,5.811539369008742,True,False,True,False,True,3.078922094954141,0.0,0.0,0.0,0.0,0,0.8101351906567716,0.9934289009360288,False,False,False,False,0.06363155519251225,0.04653319091968329,False,False,False,False,-886586,-5045949.469500707,False,False,False,False,1311477.2429105337,False,False,False,False
2023-04-19 00:00:00+00:00,69.6615965577,69.7602813524,69.0004084334,69.0300138718,916872,,,,,,,,,,,,,,,,,,,,,,,,,,,,,,,,,,67.67847630984151,69.23698082171555,67.94104702274588,66.97919408787419,,,,67.67847630984151,,,,67.95892456054428,"rgba(38, 166, 154, 0.5)",3.3878495461659086,67.65906208641213,0.5910930943064352,57.64108962544769,5.811539369008742,True,False,True,False,False,2.1159224944966475,0.0,0.0,0.0,0.0,0,0.8001895121453653,1.0037760579215782,False,False,False,False,0.0010225737483452704,0.02377788233401428,False,False,False,False,-1803458,-4918792.941284994,False,False,False,False,1296002.5275022776,False,False,False,False
2023-04-20 00:00:00+00:00,70.2537053257,70.5793651481,69.9428482225,70.4017325177,979179,,,,,,,,,,,,,,,,,,,,,,,,,,,,,,,,,,67.73622999413152,69.248334841107,67.95956760699379,67.00272399137465,,,,67.73622999413152,,,,67.98671410840174,"rgba(38, 166, 154, 0.5)",3.376046323420212,67.67742755334478,0.7631049830338913,57.75050335505447,5.811539369008742,True,False,True,False,False,3.159165537038703,0.0,0.0,0.0,0.0,0,0.8120442490738145,0.9933763485098497,False,False,False,False,0.05322416848435707,0.03850102540918568,False,False,False,False,-824279,-4758223.7671169555,False,False,False,False,1283578.0754433647,False,False,False,False
2023-04-21 00:00:00+00:00,72.0201631503,72.2866120959,71.4576598207,71.6945033279,1356300,,,,,,,,,,,,,,,,,,,,,,,,,,,,,,,,,,67.86208972826593,69.2888600574452,68.00294217179842,67.0511271476483,,,,67.86208972826593,,,,68.05125477628947,"rgba(38, 166, 154, 1.0)",3.37474876430901,67.71983299103789,1.2742667557188092,60.4267942217079,5.922018217206343,True,False,True,False,True,6.158857172601753,0.0,0.0,0.0,0.0,0,0.8076185624410384,0.9788836670329236,False,False,False,False,0.17194305335329324,0.10522203938123946,False,False,False,False,532021,-4550763.18801433,False,False,False,False,1286429.9156220562,False,False,False,False
2023-04-24 00:00:00+00:00,72.3260860138,72.9379317407,72.0102946708,72.7504306309,1172004,,,,,,,,,,,,,,,,,,,,,,,,,,,,,,,,,,67.97765240682129,69.32940976357983,68.04438185718703,67.09643603345589,,,,67.97765240682129,,,,68.11197001526102,"rgba(38, 166, 154, 1.0)",3.382630143690101,67.76007837711899,1.3498394570858887,62.60097285962029,8.07568965984079,True,False,True,False,True,6.663103890558226,0.0,0.0,0.0,0.0,0,0.8326083412657489,0.9739918034454355,False,False,False,False,0.21058765789328104,0.15790484863726026,False,False,False,False,1704025,-4305477.376719651,False,False,False,False,1281942.6248133483,False,False,False,False
2023-04-25 00:00:00+00:00,70.9741043268,72.0497685887,70.9642358473,71.8721359583,532327,,,,,,,,,,,,,,,,,,,,,,,,,,,,,,,,,,68.01577186069034,69.34108730617321,68.05830550387951,67.11258502223326,,,,68.01577186069034,,,,68.13193742324408,"rgba(38, 166, 154, 0.5)",3.3817342892543767,67.77358895700557,0.9464124310310903,60.87000714354157,8.07568965984079,True,False,True,False,True,4.05190387168366,0.0,0.0,0.0,0.0,1,0.8199960868681966,0.9542220672115305,False,False,False,False,0.1487553432574192,0.15333009594733973,False,False,False,False,1171698,-4090686.1854757434,False,False,False,False,1252545.9336441974,False,False,False,False
2023-04-26 00:00:00+00:00,70.4609433945,71.1319999983,70.2635738052,71.0925260804,735994,,,,,,,,,,,,,,,,,,,,,,,,,,,,,,,,,,68.05606996008906,69.35131977770052,68.07322340951671,67.1309824996174,,,,68.05606996008906,,,,68.15289891173092,"rgba(38, 166, 154, 0.5)",3.381269910494809,67.78807253000633,0.7904931978951457,58.641336850491115,8.07568965984079,True,False,True,False,False,3.0848784376252816,0.0,0.0,0.0,0.0,0,0.8027230336682744,0.9758103559103088,False,False,False,False,0.09789131422248067,0.1256107050849102,False,False,False,False,435704,-3913180.6880061068,False,False,False,False,1232288.9950699154,False,False,False,False
2023-04-27 00:00:00+00:00,70.8852880116,71.0234467241,69.7652155921,69.8392291881,507415,,,,,,,,,,,,,,,,,,,,,,,,,,,,,,,,,,68.08249099448366,69.35794526988047,68.08316394863961,67.14333485963527,,,,68.08249099448366,,,,68.16673376815976,"rgba(38, 166, 154, 0.5)",3.3819413891950836,67.7977090286389,0.9129605240426558,57.897804240760834,12.527683910217426,True,False,True,False,False,3.8196037471283972,0.0,0.0,0.0,0.0,0,0.7896436922803278,0.9913824830022115,False,False,False,False,0.08593325140877617,0.10577197824684319,False,False,False,False,943119,-3722737.5629862593,False,False,False,False,1203862.5638907033,False,False,False,False
2023-04-28 00:00:00+00:00,71.526739177,71.9017413967,70.9050249705,70.9346304089,441768,,,,,,,,,,,,,,,,,,,,,,,,,,,,,,,,,,68.11312000002987,69.36787235806622,68.09483093206696,67.15679012440845,,,,68.11312000002987,,,,68.18315335364287,"rgba(38, 166, 154, 1.0)",3.383504399459396,67.80896821563752,1.0987930034778401,58.488535035526,12.527683910217426,True,False,True,False,False,4.9239198566675135,0.0,0.0,0.0,0.0,0,0.8050905238694158,0.9719835236991063,False,False,False,False,0.1870031605776847,0.14638756941226394,False,False,False,False,1384887,-3522438.56051621,False,False,False,False,1173976.502561656,False,False,False,False
2023-05-01 00:00:00+00:00,71.0530521625,71.6648978895,70.8704852924,71.1517369572,630514,,,,,,,,,,,,,,,,,,,,,,,,,,,,,,,,,,68.15269315865037,69.3802032399591,68.11011878569133,67.17474505392438,,,,68.15269315865037,,,,68.20444005955629,"rgba(38, 166, 154, 0.5)",3.383753323027168,67.82370738310433,0.9543676713722822,57.743453394008654,12.162863501182748,True,False,True,False,False,4.000362450847092,0.0,0.0,0.0,0.0,0,0.8213074318249016,0.9724843816108818,False,False,False,False,0.24298423209978356,0.19468590075602377,False,False,False,False,754373,-3354720.4601038094,False,False,False,False,1152664.2475592382,False,False,False,False
2023-05-02 00:00:00+00:00,70.6385760249,71.1023945599,70.2043629284,70.5596281892,1087720,,,,,,,,,,,,,,,,,,,,,,,,,,,,,,,,,,68.20676055806246,69.39478981928293,68.13152268289683,67.20117941052696,,,,68.20676055806246,,,,68.2335631176923,"rgba(38, 166, 154, 0.5)",3.3803693819329568,67.8443347500561,0.8266082664747425,56.26728700018428,10.600770134425886,True,False,True,False,False,3.1936098764314806,0.0,0.0,0.0,0.0,1,0.8279895180621623,0.9678710940317778,False,False,False,False,0.19402356429182813,0.19435473252392593,False,False,False,False,-333347,-3236235.226374248,False,False,False,False,1150117.4143216212,False,False,False,False
2023-05-03 00:00:00+00:00,72.4543762469,73.5004350704,72.1385849039,72.6912197541,1277071,,,,,,,,,,,,,,,,,,,,,,,,,,,,,,,,,,68.31815684057443,69.43879805511224,68.17628650343202,67.24985453652656,,,,68.31815684057443,,,,68.29577398391132,"rgba(38, 166, 154, 1.0)",3.3741206257839793,67.88713839790329,1.353608348822891,58.412601990241534,10.600770134425886,True,False,True,False,False,6.328554834821965,0.0,0.0,0.0,0.0,1,0.8345407362557988,0.9417603460822848,False,False,False,False,0.3428282462128956,0.26859148936841076,False,False,False,False,943724,-3072315.256712513,False,False,False,False,1155095.9863090087,False,False,False,False
2023-05-04 00:00:00+00:00,72.0399001092,72.5530610415,71.8523989994,72.1287164245,663674,,,,,,,,,,,,,,,,,,,,,,,,,,,,,,,,,,68.36690224627529,69.45743099081498,68.196420283343,67.27229485423348,,,,68.36690224627529,,,,68.3232620936667,"rgba(38, 166, 154, 1.0)",3.361570769603837,67.90634810736464,1.2296489603050988,58.83817826843487,10.600770134425886,True,False,True,False,True,5.509861420769017,0.0,0.0,0.0,0.0,1,0.8403568658268259,0.947567829430917,False,False,False,False,0.29302650858633356,0.28080899897737216,False,False,False,False,280050,-2940849.952527709,False,False,False,False,1135824.535865518,False,False,False,False
2023-05-05 00:00:00+00:00,72.7208251925,72.8885893434,71.6648978895,71.9806892324,698181,,,,,,,,,,,,,,,,,,,,,,,,,,,,,,,,,,68.42051112785765,69.47874265423032,68.21884734711517,67.29700631496834,,,,68.42051112785765,,,,68.35377686104286,"rgba(38, 166, 154, 1.0)",3.355436523214077,67.92770079733755,1.4284652271029266,60.19577583072863,10.600770134425886,True,False,True,False,True,6.663068866630724,0.0,0.0,0.0,0.0,1,0.8422060491816302,0.9374956447087712,False,False,False,False,0.29892426784675374,0.289866633412063,False,False,False,False,978231,-2787160.5034089754,False,False,False,False,1118662.044262949,False,False,False,False
2023-05-08 00:00:00+00:00,73.9247796874,73.9938590437,72.9774056586,73.2537230837,936513,,,,,,,,,,,,,,,,,,,,,,,,,,,,,,,,,,68.51125533933792,69.51837249920861,68.25708751696278,67.33750029525828,,,,68.51125533933792,,,,68.4060539126919,"rgba(0, 255, 255, 0.75)",3.362886223381868,67.96399782696943,1.7725196347666334,62.764014424289485,8.52878977615348,True,False,True,False,True,8.649675918226901,0.0,0.0,0.0,0.0,0,0.8747645343008296,0.9140280004171355,False,False,False,False,0.34282824677642604,0.31634744009424454,False,False,False,False,1914744,-2602772.091510584,False,False,False,False,1111518.9444879314,False,False,False,False
2023-05-09 00:00:00+00:00,73.3326709194,73.5596459472,72.3359544933,72.3754284111,1386543,,,,,,,,,,,,,,,,,,,,,,,,,,,,,,,,,,68.62597727654452,69.56793242698349,68.30696751196832,67.39129967693272,,,,68.62597727654452,,,,68.47304422310725,"rgba(0, 255, 255, 0.75)",3.34872668838393,68.01121357296506,1.589098735616144,62.940710150323746,8.771499934308515,True,False,True,False,True,7.446868740063298,0.0,0.0,0.0,0.0,0,0.860962775611938,0.9197621922501212,False,False,False,False,0.3022707763982255,0.30930910824623503,False,False,False,False,528201,-2479988.833019973,False,False,False,False,1122304.201566836,False,False,False,False
2023-05-10 00:00:00+00:00,79.8123145375,80.3665667218,77.3577691499,77.9516107759,3826230,,,,,,,,,,,,,,,,,,,,,,,,,,,,,,,,,,69.31037804863256,69.92371226739542,68.60888067114435,67.68856341241097,,,,69.31037804863256,,,,68.88288359989582,"rgba(0, 255, 0, 1.0)",3.490687220171235,68.29481261251196,3.2994941106247415,68.55867685152447,14.082957494271241,True,False,True,False,True,16.792974800100144,0.0,0.0,0.0,0.0,0,0.9169290370114579,0.881736250542468,False,False,False,False,0.3428282495013677,0.32606867887380137,False,False,False,False,4354431,-2211972.3689799737,False,False,False,False,1228340.5073877445,False,False,False,False
2023-05-11 00:00:00+00:00,79.0898072258,79.4511598552,78.1297632637,78.4761708789,1965564,,,,,,,,,,,,,,,,,,,,,,,,,,,,,,,,,,69.61925160523381,70.09104246552238,68.75348824225209,67.83182386499256,,,,69.61925160523381,,,,69.0739015445002,"rgba(0, 255, 0, 1.0)",3.6257351302946277,68.42967775839651,2.940129128113462,70.91407176426767,16.153541465016502,True,False,True,False,True,15.370395599605846,0.0,0.0,0.0,0.0,0,0.9274209331446372,0.8458194940318418,False,False,False,False,0.3393086573673136,0.3326886681205575,False,False,False,False,2388867,-2031547.2956866415,False,False,False,False,1257251.232588225,False,False,False,False
2023-05-12 00:00:00+00:00,78.6048365646,78.9017573776,78.2485315889,78.5850418437,743429,,,,,,,,,,,,,,,,,,,,,,,,,,,,,,,,,,69.72727009861308,70.15057573971592,68.8055130622464,67.88358910147963,,,,69.72727009861308,,,,69.14173700051376,"rgba(0, 255, 0, 1.0)",3.7357431829372687,68.47805213883075,2.7107817453894043,71.54784293030104,16.66894994358327,True,False,True,False,True,14.421202310534358,0.0,0.0,0.0,0.0,0,0.9289647870797136,0.8476433498792565,False,False,False,False,0.3287882632440141,0.3307384656822858,False,False,False,False,1645438,-1887351.7938950085,False,False,False,False,1237101.3411141771,False,False,False,False
2023-05-15 00:00:00+00:00,78.8225784941,79.2580623532,78.4662735185,78.6543233667,701885,,,,,,,,,,,,,,,,,,,,,,,,,,,,,,,,,,69.82985886627286,70.20775635476174,68.85543988012239,67.93320040452888,,,,69.82985886627286,,,,69.20656387642147,"rgba(0, 255, 0, 1.0)",3.8393593677160154,68.5244173699067,2.6822602777920057,72.13361935182462,17.259240157759123,True,False,True,False,True,14.71131372806731,0.0,0.0,0.0,0.0,0,0.9224503496623844,0.8479328937668668,False,False,False,False,0.3428282495013677,0.33678335759182676,False,False,False,False,2347323,-1721286.1157030475,False,False,False,False,1216112.4649920526,False,False,False,False
2023-05-16 00:00:00+00:00,79.7529303749,80.0498511879,78.7850674981,78.9512441797,1013031,,,,,,,,,,,,,,,,,,,,,,,,,,,,,,,,,,69.98478821096882,70.29536609619326,68.93147659741153,68.00843164151297,,,,69.98478821096882,,,,69.30501563652165,"rgba(0, 255, 0, 1.0)",3.968463403475942,68.59494259432175,2.8116645275864385,73.21881893501228,18.392540442635934,True,False,True,False,True,15.94437466947534,0.0,0.0,0.0,0.0,0,0.9236506787647303,0.841978972544425,False,False,False,False,0.3428282496759763,0.33980580363390156,False,False,False,False,3360354,-1522006.111165673,False,False,False,False,1208148.4859727565,False,False,False,False
2023-05-17 00:00:00+00:00,79.5252910849,79.9261341825,79.0403204236,79.5945726079,1079800,,,,,,,,,,,,,,,,,,,,,,,,,,,,,,,,,,70.14403445442463,70.38663723292271,69.01109970960803,68.08733398142193,,,,70.14403445442463,,,,69.40727634459432,"rgba(0, 255, 0, 1.0)",4.090491195357586,68.66865522019454,2.6541154463373418,73.4251194598178,18.749115813557808,True,False,True,False,True,15.482327418503395,0.0,0.0,0.0,0.0,0,0.9612379803040867,0.8365923169550429,False,False,False,False,0.34282824969583825,0.3413170266648699,False,False,False,False,2280554,-1372886.106806235,False,False,False,False,1203115.2120130407,False,False,False,False
2023-05-18 00:00:00+00:00,79.9904670253,80.1092353505,79.2481649928,79.505496364,879283,,,,,,,,,,,,,,,,,,,,,,,,,,,,,,,,,,70.27366124426005,70.46191917492092,69.07679639399075,68.15237523064765,,,,70.27366124426005,,,,69.49118801095484,"rgba(0, 255, 0, 1.0)",4.211490233430346,68.72938588610288,2.6738946346848698,73.94823742746581,19.462887139434287,True,False,True,False,True,16.10624004903703,0.0,0.0,0.0,0.0,0,0.9694126080664767,0.8129205268060303,False,False,False,False,0.34282824975390075,0.3420726382093853,False,False,False,False,3159837,-1195132.2594805004,False,False,False,False,1190415.909581157,False,False,False,False
2023-05-19 00:00:00+00:00,80.9505109873,81.0593819521,80.2873878383,80.3566693613,1715744,,,,,,,,,,,,,,,,,,,,,,,,,,,,,,,,,,70.54195931306376,70.62053049801595,69.21427276938573,68.28778372598414,,,,70.54195931306376,,,,69.66613657661239,"rgba(0, 255, 0, 1.0)",4.3416929752869216,68.85628129781786,2.785602242793987,75.05731785472527,20.73653542674832,True,False,True,False,True,17.37831182309516,0.0,0.0,0.0,0.0,0,0.9818326159866383,0.7991490372516128,False,False,False,False,0.3428282500285301,0.34245044411895775,False,False,False,False,4875581,-957065.0728342063,False,False,False,False,1211017.0111662096,False,False,False,False
2023-05-22 00:00:00+00:00,80.8812294643,81.2375344399,80.3764640822,80.4556429657,911188,,,,,,,,,,,,,,,,,,,,,,,,,,,,,,,,,,70.67982580386114,70.70333079455743,69.28638599369424,68.35889449865853,,,,70.67982580386114,,,,69.75710927269283,"rgba(0, 255, 0, 1.0)",4.452713701389019,69.54950684305506,2.5449025877657556,75.61152387445017,21.47886258175562,True,False,True,False,True,17.23161443721381,0.0,0.0,0.0,0.0,0,1.0038634266213102,0.7777150052712947,False,False,False,False,0.34282825004904816,0.34263934708400295,False,False,False,False,3964393,-764066.7170367864,False,False,False,False,1199259.0107283192,False,False,False,False
2023-05-23 00:00:00+00:00,77.8526371716,80.485335047,77.4270506729,80.4655403261,2190215,,,,,,,,,,,,,,,,,,,,,,,,,,,,,,,,,,70.92657741273015,70.85407902607508,69.42313505137463,68.49641067032105,,,,70.92657741273015,,,,69.92505054012523,"rgba(0, 255, 255, 0.75)",4.497515390632388,69.5850345070559,1.8382600050161488,69.4114912355566,23.815386090526857,True,False,True,False,False,11.130533298948855,0.0,0.0,0.0,0.0,0,0.9557636688482879,0.7876951608914906,False,False,False,False,0.262090937774637,0.30236514242932,False,False,False,False,1774178,-664527.7085255398,False,False,False,False,1238120.029915444,False,False,False,False
2023-05-24 00:00:00+00:00,77.1796166621,77.5705623992,77.0509509765,77.5458189982,826035,,,,,,,,,,,,,,,,,,,,,,,,,,,,,,,,,,71.00031981431168,70.8999882841264,69.4663857399103,68.5406540123763,,,,71.00031981431168,,,,69.97683696268116,"rgba(0, 255, 255, 0.75)",4.539663013924021,69.60060262138079,1.6695102736641287,64.1552988252808,19.063235942271902,True,False,True,False,False,9.857676528822097,0.0,0.0,0.0,0.0,0,0.9352192076800099,0.83258375082081,False,False,False,False,0.19304677773635337,0.24770596008283668,False,False,False,False,948143,-601285.7199559108,False,False,False,False,1221959.832663858,False,False,False,False
2023-05-25 00:00:00+00:00,77.5557163586,78.0604817407,77.0509509765,78.0406870198,834012,,,,,,,,,,,,,,,,,,,,,,,,,,,,,,,,,,71.07640477476608,70.94775034975206,69.5111710792056,68.58633686887387,,,,71.07640477476608,,,,70.0304157681494,"rgba(0, 255, 255, 0.75)",4.581566001396314,69.62765567867837,1.7304259455184998,61.192728123402055,16.561243894258894,True,False,True,False,False,10.402041040743196,0.0,0.0,0.0,0.0,0,0.9440328052032246,0.8247082679861215,False,False,False,False,0.1983692908608488,0.22303762547184275,False,False,False,False,1782155,-507817.45642822806,False,False,False,False,1206746.1921672362,False,False,False,False
2023-05-26 00:00:00+00:00,78.2386342285,78.4761708789,77.6546899629,77.7536635673,521826,,,,,,,,,,,,,,,,,,,,,,,,,,,,,,,,,,71.12720905854287,70.97982355447608,69.54089996420186,68.61647852456271,,,,71.12720905854287,,,,70.06610277544588,"rgba(0, 255, 255, 0.75)",4.637687834826317,69.65090285000205,1.8517269131417429,60.193174952785895,15.815707670521476,True,False,True,False,False,11.386985977225706,0.0,0.0,0.0,0.0,0,0.9463109974009198,0.8335476110169344,False,False,False,False,0.22034346740923713,0.22169054644053993,False,False,False,False,2303981,-397550.8502937877,False,False,False,False,1179886.576788129,False,False,False,False
2023-05-30 00:00:00+00:00,77.3874612312,78.4068893559,77.268692906,78.3475051933,509473,,,,,,,,,,,,,,,,,,,,,,,,,,,,,,,,,,71.17306494912195,71.00896985792548,69.56826494634512,68.64438374264631,,,,71.17306494912195,,,,70.09867087400971,"rgba(0, 255, 255, 0.75)",4.689126239465676,69.67056051991041,1.6457012068348442,57.93012469449848,13.761464126931145,False,False,True,False,False,9.74366023452313,0.0,0.0,0.0,0.0,0,0.9459175438737915,0.8325301018636716,False,False,False,False,0.20711232634522087,0.2144014363928804,False,False,False,False,1794508,-311587.7581254039,False,False,False,False,1153595.8482866338,False,False,False,False
2023-05-31 00:00:00+00:00,76.5956723965,77.5260242773,76.2492647813,77.2587955456,996631,,,,,,,,,,,,,,,,,,,,,,,,,,,,,,,,,76.79032048503332,71.24883532337705,71.05769648201924,69.6154102898858,68.69311068532669,,,,71.24883532337705,,,,71.48107465312843,"rgba(38, 166, 154, 1.0)",4.725537163040778,70.05283641664553,1.3845697862725734,55.03856507525384,11.093890821373414,False,False,False,False,False,8.24060131358511,0.0,0.0,0.0,0.0,0,0.930438588564128,0.8550245471195351,False,False,False,False,0.15644337544865997,0.1854224059207702,False,False,False,False,797877,-268079.3362381332,False,False,False,False,1147440.3640400993,False,False,False,False
2023-06-01 00:00:00+00:00,77.8130477299,78.1792500659,76.8629011282,76.9915668139,548572,,,,,,,,,,,,,,,,,,,,,,,,,,,,,,,,,77.08430194826488,71.2957784121186,71.08799187283319,69.64406340006748,68.72240086859381,,,,71.2957784121186,,,,71.56690730037559,"rgba(0, 255, 255, 0.75)",4.777760229662721,70.08877662075328,1.6167138445312923,55.07508876275211,11.093890821373414,False,False,False,False,False,10.047985433212673,0.0,0.0,0.0,0.0,0,0.9303665327089922,0.8605856386931277,False,False,False,False,0.18553321386246813,0.18547780989161916,False,False,False,False,1346449,-204764.49952291232,False,False,False,False,1123955.330156174,False,False,False,False
2023-06-02 00:00:00+00:00,78.6444260063,79.2382676323,78.3672999142,79.0601151445,676417,,,,,,,,,,,,,,,,,,,,,,,,,,,,,,,,,77.59145664861656,71.3629083388434,71.13137129217218,69.68408660577032,68.76281411331952,,,,71.3629083388434,,,,71.70652739974437,"rgba(0, 255, 255, 0.75)",4.844021094520954,70.14941832110557,1.753709886772186,56.299011294961744,11.093890821373414,False,False,True,False,False,11.250697265827498,0.0,0.0,0.0,0.0,0,0.9472472119899873,0.8509117899627167,False,False,False,False,0.24541420273774445,0.2154460063146818,False,False,False,False,2022866,-117406.44071809224,False,False,False,False,1106404.8074049514,False,False,False,False
2023-06-05 00:00:00+00:00,78.4860682394,78.980936261,78.3574025537,78.7137075293,407396,,,,,,,,,,,,,,,,,,,,,,,,,,,,,,,,,77.7490026554055,71.40199414147027,71.15677977900678,69.7076481307043,68.78665410518572,,,,71.40199414147027,,,,71.76041576235451,"rgba(0, 255, 255, 0.75)",4.902829865900048,70.17756248574753,1.6946347274743168,56.791199055072866,11.093890821373414,False,False,True,False,False,10.941392958996719,0.0,0.0,0.0,0.0,0,0.948863905154777,0.8569324202394736,False,False,False,False,0.23909773003264284,0.22727186817366232,False,False,False,False,1615470,-49450.50186640235,False,False,False,False,1078992.6973106395,False,False,False,False
2023-06-06 00:00:00+00:00,78.4860682394,79.4263174806,78.2089421472,79.2976517949,799002,,,,,,,,,,,,,,,,,,,,,,,,,,,,,,,,,77.97231802787687,71.47847528262864,71.20676909275426,69.7540084084227,68.8335442199358,,,,71.47847528262864,,,,71.84902300632365,"rgba(0, 255, 255, 0.75)",4.969052195976755,70.22878645039535,1.6617418097741548,57.11932422848028,11.093890821373414,False,False,True,False,False,10.941392958996719,0.0,0.0,0.0,0.0,0,0.948950147465413,0.8378976568635998,False,False,False,False,0.2414564620967036,0.23436416513518296,False,False,False,False,1615470,15840.498206789889,False,False,False,False,1068012.6699651242,False,False,False,False
2023-06-07 00:00:00+00:00,76.8530037678,78.020892299,76.8233116865,77.9219186946,778616,,,,,,,,,,,,,,,,,,,,,,,,,,,,,,,,,77.83536529965943,71.5365863324452,71.2453965767103,69.79136253803465,68.87205210242368,,,,71.5365863324452,,,,71.85615256985466,"rgba(38, 166, 154, 1.0)",5.007792485052464,70.24843735738463,1.3188578460727052,54.0444368186922,9.51161359916349,False,True,False,False,False,7.754787535932511,0.0,0.0,0.0,0.0,0,0.9113868809212311,0.861742711412559,False,False,False,False,0.1732546200765936,0.20380939260588826,False,False,False,False,836854,48037.10612024911,False,False,False,False,1056663.780946884,False,False,False,False
2023-06-08 00:00:00+00:00,78.1099685429,78.3920433152,77.4171533125,77.5953058003,680623,,,,,,,,,,,,,,,,,,,,,,,,,,,,,,,,,77.8545406398594,71.59291222073718,71.28288645824938,69.82693095918849,68.908382054033,,,,71.59291222073718,,,,71.89313046641348,"rgba(0, 255, 255, 0.75)",5.06741503113323,70.27782086599245,1.5455903313204729,54.191344692569075,9.466732544237622,False,True,False,False,False,9.657679605587735,0.0,0.0,0.0,0.0,0,0.9196275192755847,0.8493659155658329,False,False,False,False,0.1966242323674047,0.20021681248664647,False,False,False,False,1517477,105662.1999978864,False,False,False,False,1041917.0836548494,False,False,False,False
2023-06-09 00:00:00+00:00,78.2287368681,78.4068893559,78.0109949385,78.1693527055,656870,,,,,,,,,,,,,,,,,,,,,,,,,,,,,,,,,77.89731200931625,71.64837620537105,71.3199710130708,69.86197917382437,68.94410074596475,,,,71.64837620537105,,,,71.93434782950945,"rgba(0, 255, 255, 0.75)",5.12696203427641,70.30877089473711,1.5447678216483363,54.486147054304986,9.466732544237622,False,True,True,False,False,9.835472943335766,0.0,0.0,0.0,0.0,0,0.9306549272281271,0.8419562933978377,False,False,False,False,0.19615977978918353,0.198188296137915,False,False,False,False,2174347,186787.09411561635,False,False,False,False,1026817.198021326,False,False,False,False
2023-06-12 00:00:00+00:00,77.9219186946,78.1396606242,77.1598219412,77.7734582881,672792,,,,,,,,,,,,,,,,,,,,,,,,,,,,,,,,,77.88033832682187,71.7001892368243,71.3549567120161,69.89555028057752,68.97854203274863,,,,71.7001892368243,,,,71.96191531779769,"rgba(38, 166, 154, 1.0)",5.179072443222709,70.3341637532726,1.4650799007951052,54.029820777542284,8.771433194055376,False,True,False,False,False,9.231317218952988,0.0,0.0,0.0,0.0,0,0.9075678911769419,0.8651674251817456,False,False,False,False,0.16584503496104502,0.18201666554948,False,False,False,False,1501555,238346.61983657256,False,False,False,False,1012933.8569224505,False,False,False,False
2023-06-13 00:00:00+00:00,78.1891474263,78.5058629602,78.090173822,78.2980183911,420842,,,,,,,,,,,,,,,,,,,,,,,,,,,,,,,,,77.90451889344489,71.73491183951494,71.37841830742398,69.9177901435798,69.0012223446487,,,,71.73491183951494,,,,71.98737230572246,"rgba(38, 166, 154, 1.0)",5.2301408379127174,70.3537633265266,1.4981210530652544,54.24049855747107,8.674471978043705,False,True,True,False,False,9.644960983804957,0.0,0.0,0.0,0.0,0,0.9165875986206109,0.8528960502294967,False,False,False,False,0.20102031051441058,0.1915184880319453,False,False,False,False,1922397,304387.8112155305,False,False,False,False,989714.5684156878,False,False,False,False
2023-06-14 00:00:00+00:00,78.9710389006,79.3075491554,78.3672999142,78.6246312854,730199,,,,,,,,,,,,,,,,,,,,,,,,,,,,,,,,,78.00138810263026,71.79993771046004,71.42238450307903,69.95894668261415,69.04293102829529,,,,71.79993771046004,,,,72.04511760541575,"rgba(0, 255, 255, 0.75)",5.29033273937085,70.39433061612401,1.6212039406610137,55.82989845393644,8.674471978043705,False,True,True,False,False,10.84956469708344,0.0,0.0,0.0,0.0,0,0.9329296825081608,0.827122320891229,False,False,False,False,0.23066355561682245,0.21109102182438388,False,False,False,False,2652596,396474.4068541372,False,False,False,False,979537.4873013471,False,False,False,False
2023-06-15 00:00:00+00:00,80.0597485483,80.1587221527,78.7038101689,78.8126811337,982934,,,,,,,,,,,,,,,,,,,,,,,,,,,,,,,,,78.19434883971869,71.89480519960624,71.48669909594277,70.01841595960153,69.1028102651492,,,,71.89480519960624,,,,72.13941587200368,"rgba(0, 255, 255, 0.75)",5.346334212667488,70.45773049436013,1.7960003381735956,58.63907559872371,8.674471978043705,False,True,True,False,True,12.486672409714135,0.0,0.0,0.0,0.0,0,0.9367515859645589,0.8163132194808793,False,False,False,False,0.26376783905386614,0.237429430439125,False,False,False,False,3635530,523496.1948206416,False,False,False,False,979670.6838777649,False,False,False,False
2023-06-16 00:00:00+00:00,80.4358482448,81.0395872313,80.1995982512,80.5942060117,929126,,,,,,,,,,,,,,,,,,,,,,,,,,,,,,,,,78.43103474150028,71.99276832236352,71.5533121073879,70.07925881550354,69.16366741637478,,,,71.99276832236352,,,,72.24400828062599,"rgba(0, 255, 255, 0.75)",5.400435461829055,70.52641284469057,1.8349326586995705,61.064672123845824,6.792582410701172,False,False,True,False,True,13.044019473108595,0.0,0.0,0.0,0.0,1,0.9618815105453041,0.7952441000649146,False,False,False,False,0.3318330798774891,0.28463125515830706,False,False,False,False,4564656,681973.0499257145,False,False,False,False,977688.5394119702,False,False,False,False
2023-06-20 00:00:00+00:00,79.5747778871,79.8519039792,79.3768306784,79.4659069223,686480,,,,,,,,,,,,,,,,,,,,,,,,,,,,,,,,,78.51163224659737,72.05580608380839,71.59673880410642,70.11969787150578,69.20447537474519,,,,72.05580608380839,,,,72.29767007615263,"rgba(0, 255, 255, 0.75)",5.431174087511633,70.56609903154882,1.6586982317995687,60.38287050398253,6.792582410701172,False,False,True,False,True,11.247592118234397,0.0,0.0,0.0,0.0,0,0.9493155906096231,0.8223320278998562,False,False,False,False,0.2740868119124779,0.2793590335353925,False,False,False,False,3878176,807314.3420854905,False,False,False,False,966268.5966899322,False,False,False,False
2023-06-21 00:00:00+00:00,79.3372412367,79.4857016432,78.684015448,79.2283702719,487853,,,,,,,,,,,,,,,,,,,,,,,,,,,,,,,,,78.54230770341246,72.09744338403493,71.62566558484083,70.14692761645455,69.23208498624354,,,,72.09744338403493,,,,72.32888585499725,"rgba(0, 255, 255, 0.75)",5.458207650911178,70.59094644197368,1.602411515667827,59.322955993421104,6.792582410701172,False,False,True,False,True,10.7550589731072,0.0,0.0,0.0,0.0,0,0.9626903516272004,0.8123529819025026,False,False,False,False,0.23859812155648114,0.2589785775459368,False,False,False,False,3390323,908608.7992586086,False,False,False,False,947507.2007413075,False,False,False,False
2023-06-22 00:00:00+00:00,80.1290300714,80.2280036757,79.1590887488,79.2184729114,681106,,,,,,,,,,,,,,,,,,,,,,,,,,,,,,,,,78.62160265469589,72.1601945226314,71.66923632974155,70.18747265907407,69.2729574085111,,,,72.1601945226314,,,,72.3822927149308,"rgba(0, 255, 255, 0.75)",5.497140849981567,70.63079212959127,1.7278505683260008,60.0627473537397,6.792582410701172,False,False,True,False,True,11.97918233357522,0.0,0.0,0.0,0.0,0,0.9574604196128009,0.8104573707000943,False,False,False,False,0.2722177997541469,0.2655981886500418,False,False,False,False,4071429,1032640.9639935652,False,False,False,False,937060.0948298837,False,False,False,False
2023-06-23 00:00:00+00:00,79.6737514914,80.1983115944,79.5747778871,79.7628277353,559718,,,,,,,,,,,,,,,,,,,,,,,,,,,,,,,,,78.6787466765899,72.2108527347718,71.70459702578731,70.22045950130835,69.30623751961136,,,,72.2108527347718,,,,72.42417869161375,"rgba(0, 255, 255, 0.75)",5.480690791639099,70.66266598607889,1.644151412275929,59.31966220063616,6.792582410701172,False,True,True,False,True,11.01753679302939,0.0,0.0,0.0,0.0,0,0.9606526487019558,0.82732164202122,False,False,False,False,0.2842509271544511,0.27492455790224646,False,False,False,False,3511711,1129859.3967781314,False,False,False,False,922262.3656208686,False,False,False,False
2023-06-26 00:00:00+00:00,79.4857016432,80.1686195131,79.3570359575,80.1191327109,494997,,,,,,,,,,,,,,,,,,,,,,,,,,,,,,,,,78.7190161053731,72.25425331704533,71.73505899933583,70.24900575929546,69.3350907001449,,,,72.25425331704533,,,,72.45848497623892,"rgba(0, 255, 255, 0.75)",5.460489312911042,70.68951914503683,1.6108780722938258,58.31049001907142,6.792582410701172,False,True,True,False,False,10.618569437721153,0.0,0.0,0.0,0.0,0,0.9563688488907145,0.8463209063829672,False,False,False,False,0.27652836861531815,0.2757264632587823,False,False,False,False,3016714,1203853.6949436949,False,False,False,False,905506.8610867169,False,False,False,False
2023-06-27 00:00:00+00:00,79.5450858058,79.7380843342,78.7038101689,79.2679597136,508927,,,,,,,,,,,,,,,,,,,,,,,,,,,,,,,,,78.74346145257498,72.2963214582988,71.7647990174686,70.27711888646883,69.36361428047434,,,,72.2963214582988,,,,72.48906301905711,"rgba(0, 255, 255, 0.75)",5.420318749116152,70.71470809619328,1.629125171106703,57.771351871719645,6.792582410701172,False,True,True,False,False,10.714649648893865,0.0,0.0,0.0,0.0,0,0.9439783017097796,0.8628622540411816,False,False,False,False,0.2430665392009344,0.25939650122985836,False,False,False,False,3525641,1294904.1774949224,False,False,False,False,889954.7096715516,False,False,False,False
2023-06-28 00:00:00+00:00,79.6935462123,80.2873878383,79.5945726079,80.0201591066,503077,,,,,,,,,,,,,,,,,,,,,,,,,,,,,,,,,78.78595075728686,72.34051141669568,71.7960110898887,70.30635394204982,69.39314011284053,,,,72.34051141669568,,,,72.52439346375232,"rgba(0, 255, 255, 0.75)",5.3493563384304235,70.74236402166078,1.6733194845018742,57.76711446596406,6.792582410701172,False,True,True,False,False,10.95845825861731,0.0,0.0,0.0,0.0,0,0.9728711506858709,0.8369737923212807,False,False,False,False,0.28765929108656385,0.2735278961582111,False,False,False,False,4028718,1402112.5626912,False,False,False,False,874783.0347824711,False,False,False,False
2023-06-29 00:00:00+00:00,80.0894406296,80.2230549955,79.5945726079,79.9112881418,312907,,,,,,,,,,,,,,,,,,,,,,,,,,,,,,,,,78.81334174345163,72.36813764029579,71.81556789097003,70.32465727516562,69.41161417877136,,,,72.36813764029579,,,,72.54666374573088,"rgba(0, 255, 255, 0.75)",5.28364828016467,70.75975912820236,1.7657650560167257,58.71212907099786,6.792582410701172,False,True,True,False,False,11.612616034209655,0.0,0.0,0.0,0.0,0,0.9657355741856164,0.8502047106801993,False,False,False,False,0.28564447637986756,0.2795861862690393,False,False,False,False,4341625,1517387.5602327217,False,False,False,False,852748.6804772762,False,False,False,False
2023-06-30 00:00:00+00:00,81.2672265212,82.2025270822,81.1682529169,81.9402470307,1037989,,,,,,,,,,,,,,,,,,,,,,,,,,,,,,,,,79.00824705809899,72.47708448569234,71.89219663701807,70.39472775085153,69.48152299004772,,,,72.47708448569234,,,,72.65075578434173,"rgba(0, 255, 255, 0.75)",5.250510444108418,70.83415475870488,1.9870585676487962,61.71288689923413,8.245677480463897,False,False,True,False,True,13.519051815366836,0.0,0.0,0.0,0.0,0,0.9916054267808643,0.8202347857295416,False,False,False,False,0.3428282479322073,0.31120721710062327,False,False,False,False,5379614,1668847.4206157522,False,False,False,False,860013.0067330693,False,False,False,False
2023-07-03 00:00:00+00:00,80.2082089548,81.0197925104,79.7826224562,80.8911268247,469838,,,,,,,,,,,,,,,,,,,,,,,,,,,,,,,,,79.0497995697588,72.5190905580391,71.92219189693104,70.42274980229341,69.50975763029066,,,,72.5190905580391,,,,72.68471789146261,"rgba(0, 255, 255, 0.75)",5.176940438351295,70.86084886755073,1.8055761310296499,60.29379508990215,8.245677480463897,False,False,True,False,True,11.141965939245747,0.0,0.0,0.0,0.0,0,0.9608596141103741,0.8475832710611452,False,False,False,False,0.2606840636754881,0.2859456403880557,False,False,False,False,4909776,1795942.6590229776,False,False,False,False,844712.0260768705,False,False,False,False
2023-07-05 00:00:00+00:00,80.5645139304,80.7723584995,80.188414234,80.7228716974,832539,,,,,,,,,,,,,,,,,,,,,,,,,,,,,,,,,79.12638936805287,72.59404112071418,71.97589556819753,70.47287057265073,69.56021655846958,,,,72.59404112071418,,,,72.74588263761697,"rgba(0, 255, 255, 0.75)",5.137411563700894,70.90883044905976,1.879484125734412,60.10066471584254,8.245677480463897,False,False,True,False,True,11.725318000686865,0.0,0.0,0.0,0.0,0,0.9614628705331403,0.8662262421258058,False,False,False,False,0.26564033698945955,0.2757929886887576,False,False,False,False,5742315,1950702.3586691355,False,False,False,False,844234.6525052285,False,False,False,False
2023-07-06 00:00:00+00:00,79.7826224562,80.0795432692,79.2778570741,79.9706723044,633844,,,,,,,,,,,,,,,,,,,,,,,,,,,,,,,,,79.14895162604134,72.64452913618369,72.01256577375149,70.50769984707607,69.5955561101144,,,,72.64452913618369,,,,72.78186049863339,"rgba(0, 255, 255, 0.75)",5.044348068641881,70.93954547624708,1.753066374409369,57.71071304856146,11.256962718047504,False,True,True,False,False,9.98685494676403,0.0,0.0,0.0,0.0,1,0.9345225295589675,0.8804638417652866,False,False,False,False,0.21599999270304895,0.2458964906959033,False,False,False,False,5108471,2074536.4230350517,False,False,False,False,835984.0386814941,False,False,False,False
2023-07-07 00:00:00+00:00,79.8716987001,80.4556429657,79.7133409331,79.9112881418,614419,,,,,,,,,,,,,,,,,,,,,,,,,,,,,,,,,79.18001109913534,72.69484076865054,72.04915484573026,70.54230495227341,69.63058813944264,,,,72.69484076865054,,,,72.81937996104644,"rgba(0, 255, 255, 0.75)",4.956529258919953,70.97081719034205,1.7957891590652062,56.33763627025377,9.94935068377874,False,True,True,False,False,10.138001841957237,0.0,0.0,0.0,0.0,1,0.9617386197104222,0.8636329452654378,False,False,False,False,0.2409810430526414,0.24343876687427235,False,False,False,False,5722890,2217609.1123277945,False,False,False,False,827295.213635161,False,False,False,False
2023-07-10 00:00:00+00:00,81.3958922069,81.4057895673,80.3863614426,80.3863614426,545171,,,,,,,,,,,,,,,,,,,,,,,,,,,,,,,,,79.23816644843485,72.74522753350435,72.08558085323016,70.57617747417443,69.66459611210668,,,,72.74522753350435,,,,72.86194968429008,"rgba(0, 255, 0, 1.0)",4.921045479516246,71.00385642058441,2.111753656732544,58.655089480455416,9.94935068377874,False,True,True,False,True,12.668229805828283,0.0,0.0,0.0,0.0,1,0.9756098822186936,0.8276910604534234,False,False,False,False,0.2918774852827003,0.2676581260784863,False,False,False,False,6268061,2376450.3628247436,False,False,False,False,816231.5189828018,False,False,False,False
2023-07-11 00:00:00+00:00,82.9200857137,83.0289566784,81.831376066,81.8808628681,948540,,,,,,,,,,,,,,,,,,,,,,,,,,,,,,,,,79.40929994165145,72.8473352427843,72.15894981120239,70.64312272881271,69.73116888832406,,,,72.8473352427843,,,,72.95797532255499,"rgba(0, 255, 0, 1.0)",4.887274883153762,71.07413923700787,2.423834705415206,62.48724060723325,8.426076786387064,False,False,True,False,True,15.054395491740777,0.0,0.0,0.0,0.0,1,0.9992621367000756,0.8081796130488033,False,False,False,False,0.3428282481262629,0.30524318710237464,False,False,False,False,7216601,2566260.1917335773,False,False,False,False,821420.0868658292,False,False,False,False
2023-07-12 00:00:00+00:00,83.3258774914,83.5733115023,82.8112147489,83.3753642936,554594,,,,,,,,,,,,,,,,,,,,,,,,,,,,,,,,,79.52013469276747,72.90993716295766,72.20399023289008,70.684008569868,69.7717071185655,,,,72.90993716295766,,,,73.01795555540976,"rgba(0, 255, 0, 1.0)",4.857095641176233,71.11767254181748,2.5134783935665075,65.55836403236107,11.137977755109716,True,False,True,False,True,15.671405565697174,0.0,0.0,0.0,0.0,0,0.9970640891144095,0.8129520615438613,False,False,False,False,0.34282824850850785,0.32403571780544127,False,False,False,False,7771195,2770375.282253829,False,False,False,False,810956.3187534438,False,False,False,False
2023-07-13 00:00:00+00:00,83.8306428736,84.3255108952,83.5535167814,84.1176663261,440356,,,,,,,,,,,,,,,,,,,,,,,,,,,,,,,,,79.61864850041796,72.96228248268642,72.24163748508133,70.71799743511201,69.80530667602584,,,,72.96228248268642,,,,73.06917451586472,"rgba(0, 255, 0, 1.0)",4.841950773837244,71.84787680639404,2.4747806466668436,68.23122497245873,13.461428752063739,True,False,True,False,True,16.436512409389636,0.0,0.0,0.0,0.0,0,1.0056427498330502,0.7945669915431585,False,False,False,False,0.34282824884072827,0.33343198332308477,False,False,False,False,8211551,2983754.7221654435,False,False,False,False,796422.9729199754,False,False,False,False
2023-07-14 00:00:00+00:00,83.9593085592,84.2958188139,83.6524903858,83.7217719088,562641,,,,,,,,,,,,,,,,,,,,,,,,,,,,,,,,,79.74009727410808,73.0288419054229,72.28965828198498,70.76138742524117,69.84820474447584,,,,73.0288419054229,,,,73.13363792624658,"rgba(0, 255, 0, 1.0)",4.838638279311695,71.89518444918149,2.493289106069457,70.1738861128316,15.132050009677869,True,False,True,False,True,16.6322966507088,0.0,0.0,0.0,0.0,0,1.0176507648619186,0.7854006328645491,False,False,False,False,0.3428282481233976,0.3381301157232412,False,False,False,False,8774192,3210830.69384523,False,False,False,False,787255.0524133098,False,False,False,False
2023-07-17 00:00:00+00:00,83.4149537353,83.7415666297,82.9200857137,83.3258774914,537395,,,,,,,,,,,,,,,,,,,,,,,,,,,,,,,,,79.83407905644373,73.08816258918172,72.33278089592575,70.80066312192902,69.88717554583683,,,,73.08816258918172,,,,73.1885722418634,"rgba(0, 255, 0, 1.0)",4.796761280500917,71.92481131190608,2.3953959247673935,69.53629645947004,15.132050009677869,True,False,True,False,True,15.328621331036931,0.0,0.0,0.0,0.0,0,0.9958456623361843,0.8139600776770213,False,False,False,False,0.30286235429215624,0.32049623500769875,False,False,False,False,8236797,3407927.4117336525,False,False,False,False,777456.618985337,False,False,False,False
2023-07-18 00:00:00+00:00,83.8999243966,83.9939493207,83.1675197245,83.5040299792,379290,,,,,,,,,,,,,,,,,,,,,,,,,,,,,,,,,79.90343388107455,73.13094738008495,72.36391497365678,70.82895731029316,69.91521275981361,,,,73.13094738008495,,,,73.2284932609846,"rgba(0, 255, 0, 1.0)",4.752496336374163,71.95312340564861,2.5137948870184714,69.86510933601897,15.132050009677869,True,False,True,False,True,16.09054799076178,0.0,0.0,0.0,0.0,0,1.0044416930026518,0.7950287635877382,False,False,False,False,0.31811572260666476,0.31930597880718176,False,False,False,False,8616087,3612168.964214686,False,False,False,False,761842.2417702257,False,False,False,False
2023-07-19 00:00:00+00:00,83.9692059196,84.2265372909,83.3555695727,83.9395138383,454433,,,,,,,,,,,,,,,,,,,,,,,,,,,,,,,,,79.9867581202741,73.18254183660676,72.4015278303804,70.86312229204285,69.94905146543888,,,,73.18254183660676,,,,73.2766003089486,"rgba(0, 255, 0, 1.0)",4.772737061718517,71.9890642620668,2.510119770398479,70.19312375329378,15.2392580564794,True,False,True,False,True,16.199994106081416,0.0,0.0,0.0,0.0,0,1.010545348744868,0.7955247066982464,False,False,False,False,0.3305781582589194,0.3249420685330506,False,False,False,False,9070520,3826221.946010188,False,False,False,False,749786.9773870796,False,False,False,False
2023-07-20 00:00:00+00:00,83.6030035836,83.909821757,83.3654669332,83.6227983045,433207,,,,,,,,,,,,,,,,,,,,,,,,,,,,,,,,,80.05855386596653,73.23024144006477,72.43645709792041,70.89496525461362,69.98063883794957,,,,73.23024144006477,,,,73.32017129930298,"rgba(0, 255, 0, 1.0)",4.773024012542607,72.01999495704003,2.4267652113465195,68.9832435916661,15.2392580564794,True,False,True,False,True,15.295183749083478,0.0,0.0,0.0,0.0,0,0.9925737569689466,0.8168724629509304,False,False,False,False,0.3203879184090622,0.32266499347105637,False,False,False,False,8637313,4014892.1834215536,False,False,False,False,737372.0763130765,False,False,False,False
2023-07-21 00:00:00+00:00,83.4446458166,84.1572557679,83.4139639993,83.4842352584,618505,,,,,,,,,,,,,,,,,,,,,,,,,,,,,,,,,80.15754058014495,73.29789070447269,72.48615460494435,70.94031695579609,70.02563593252151,,,,73.29789070447269,,,,73.38150775557592,"rgba(0, 255, 0, 1.0)",4.738091244360586,72.06460880675428,2.4018188808395307,67.55608807592233,15.2392580564794,True,False,True,False,False,14.901613355081558,0.0,0.0,0.0,0.0,0,1.0099752917215354,0.8090518510853226,False,False,False,False,0.323247018383049,0.32295600592705265,False,False,False,False,8018808,4171908.4899540413,False,False,False,False,732710.6223400147,False,False,False,False
2023-07-24 00:00:00+00:00,82.6825490632,83.4446458166,82.5340886567,83.3654669332,397729,,,,,,,,,,,,,,,,,,,,,,,,,,,,,,,,,80.20479174821492,73.33767505828823,72.51565483226612,70.96752326983778,70.05276011522972,,,,73.33767505828823,,,,73.41568100476735,"rgba(0, 255, 0, 1.0)",4.6895793196768025,72.08628882793471,2.2595332145902516,63.823216779740775,18.632545658946498,False,False,True,False,False,13.017650764134011,0.0,0.0,0.0,0.0,0,0.9764462454918796,0.8603773791871662,False,False,False,False,0.2429520246008913,0.28295401526397196,False,False,False,False,7621079,4307170.0785832945,False,False,False,False,719574.0881306023,False,False,False,False
2023-07-25 00:00:00+00:00,83.6326956649,83.7910534318,82.5241912963,82.6132675402,386259,,,,,,,,,,,,,,,,,,,,,,,,,,,,,,,,,80.25623139604163,73.3777185129282,72.54532270052974,70.99477308360332,70.07986940768087,,,,73.3777185129282,,,,73.45078302015676,"rgba(0, 255, 0, 1.0)",4.637198014618541,72.11125821378911,2.484568788046168,63.52092831627377,18.293826890557852,False,False,True,False,False,14.627186548194505,0.0,0.0,0.0,0.0,0,0.9684336945513246,0.8425350301842331,False,False,False,False,0.25963329141345576,0.27129365333871386,False,False,False,False,8007338,4452274.702952577,False,False,False,False,706502.908203912,False,False,False,False
2023-07-26 00:00:00+00:00,83.9988980009,84.2166399305,82.6429596215,82.6627543424,398285,,,,,,,,,,,,,,,,,,,,,,,,,,,,,,,,,80.31260902239302,73.4199243160906,72.57660134320825,71.0234347253179,70.1083452768305,,,,73.4199243160906,,,,73.48818293676806,"rgba(0, 255, 0, 1.0)",4.61065895119547,72.13932744158929,2.572207288555948,64.05982354306079,18.293826890557852,False,False,True,False,False,15.23751785294408,0.0,0.0,0.0,0.0,0,0.9723109129945628,0.8302037656604859,False,False,False,False,0.2869244936521262,0.27910907349542,False,False,False,False,8405623,4607307.969503457,False,False,False,False,694415.9314116017,False,False,False,False
2023-07-27 00:00:00+00:00,83.9296164779,85.3152469386,83.7019771879,85.3152469386,775683,,,,,,,,,,,,,,,,,,,,,,,,,,,,,,,,,80.43916133762598,73.50667443740215,72.64082217251688,71.08194735227968,70.16630093786549,,,,73.50667443740215,,,,73.56698124753802,"rgba(0, 255, 0, 1.0)",4.541720403871248,72.91598837095245,2.424990340127457,64.15176370671544,18.293826890557852,True,False,True,False,False,15.061751856065609,0.0,0.0,0.0,0.0,0,0.9879392540852009,0.8193000578275563,False,False,False,False,0.34282824469671175,0.31096865909606586,False,False,False,False,7629940,4725842.558934693,False,False,False,False,697602.8752778134,False,False,False,False
2023-07-28 00:00:00+00:00,84.1176663261,84.5036633831,83.8108481527,84.0186927218,480852,,,,,,,,,,,,,,,,,,,,,,,,,,,,,,,,,80.51037420202009,73.55891876746941,72.67970172272554,71.11749496688607,70.20155856753135,,,,73.55891876746941,,,,73.61360964532648,"rgba(0, 255, 0, 1.0)",4.479843110040537,72.9483484600402,2.493238622804969,64.63456865692864,18.293826890557852,True,False,True,False,False,15.383373010903316,0.0,0.0,0.0,0.0,0,0.9839764114256259,0.8467158698310585,False,False,False,False,0.30904870401432294,0.3100086815551944,False,False,False,False,8110792,4858585.674270588,False,False,False,False,689102.8409531933,False,False,False,False
2023-07-31 00:00:00+00:00,84.0483848031,84.5679962259,83.9395138383,84.4838686622,554239,,,,,,,,,,,,,,,,,,,,,,,,,,,,,,,,,80.59002672925483,73.61873563699737,72.72435027262955,71.15835748792634,70.24209670077217,,,,73.61873563699737,,,,73.66671336551605,"rgba(0, 255, 0, 1.0)",4.429045116202261,72.98799032880778,2.4972413204442803,64.64668162354498,18.293826890557852,True,False,True,False,False,15.201414542288774,0.0,0.0,0.0,0.0,0,0.9815761254805891,0.8425383035598837,False,False,False,False,0.31825536613250277,0.3141320238438486,False,False,False,False,7556553,4964388.314495271,False,False,False,False,683814.0628765975,False,False,False,False
2023-08-01 00:00:00+00:00,82.8013173885,83.202160486,82.0441693153,83.0487513993,549313,,,,,,,,,,,,,,,,,,,,,,,,,,,,,,,,,80.6340328799285,73.66902265562021,72.76250379733555,71.19396256750468,70.27773798655049,,,,73.66902265562021,,,,73.70745197738789,"rgba(0, 255, 0, 1.0)",4.385099996911789,72.99710306826303,2.235801766696676,59.93285121508804,13.992746188757323,False,True,True,False,False,11.984982082122059,0.0,0.0,0.0,0.0,0,0.9554311449727996,0.8584146254659392,False,False,False,False,0.16828509160004634,0.24120855772194746,False,False,False,False,7007240,5044500.145299378,False,False,False,False,678539.5113912408,False,False,False,False
2023-08-02 00:00:00+00:00,81.2573291608,82.3163467272,81.1880476378,82.0293232746,673429,,,,,,,,,,,,,,,,,,,,,,,,,,,,,,,,,80.65799073817062,73.7225160818576,72.80376030578829,71.23318044961437,70.31732110117632,,,,73.7225160818576,,,,73.74695373532144,"rgba(0, 255, 255, 0.75)",4.313532119311374,72.99490611058872,1.9154657532793156,52.92208137563499,7.518872751318092,False,True,False,False,False,8.235282093563018,0.0,0.0,0.0,0.0,0,0.9187550682225969,0.8827927229150233,False,False,False,False,0.09154054785997133,0.1663745527909594,False,False,False,False,6333811,5095061.355287638,False,False,False,False,678339.0991798196,False,False,False,False
2023-08-03 00:00:00+00:00,81.1682529169,81.6086854562,80.3170799196,80.6140007326,540468,,,,,,,,,,,,,,,,,,,,,,,,,,,,,,,,,80.66537283595748,73.76193005623257,72.83451521669706,71.26276336699641,70.34733198526256,,,,73.76193005623257,,,,73.77438269222921,"rgba(0, 255, 255, 0.75)",4.206534136068012,72.99257650254421,1.9435659262230234,48.061874270194856,3.3088389789608215,False,True,False,True,False,8.024588751750947,0.0,0.0,0.0,0.0,0,0.9024037368130399,0.8993422088497669,False,False,False,False,0.02293258606320909,0.09465356942708424,False,False,False,False,5793343,5122444.949197927,False,False,False,False,672932.389408062,False,False,False,False
2023-08-04 00:00:00+00:00,80.9505109873,81.7126077407,80.7723584995,81.3167133234,625825,,,,,,,,,,,,,,,,,,,,,,,,,,,,,,,,,80.67611185587091,73.8077472601484,72.87033180914578,71.29719249375447,70.3822411418189,,,,73.8077472601484,,,,73.80672491214769,"rgba(0, 255, 255, 0.75)",4.100089800107907,72.99837792945999,1.9395021683746365,44.34621188758368,0.20857536763127627,False,True,False,True,False,7.503669132202621,0.0,0.0,0.0,0.0,0,0.9681679207614755,0.8861481847664395,False,False,False,False,0.04717782302325778,0.07091569622517101,False,False,False,False,5167518,5124212.519817616,False,False,False,False,671085.0408038242,False,False,False,False
2023-08-07 00:00:00+00:00,81.148458196,81.5146605321,80.9604083478,81.3266106838,514338,,,,,,,,,,,,,,,,,,,,,,,,,,,,,,,,,80.68571664088381,73.84529691368773,72.89975882017593,71.32548815759166,70.41092901199177,,,,73.84529691368773,,,,73.83343790886617,"rgba(0, 255, 0, 1.0)",3.9715471896475747,73.00727194294242,2.0498777590453385,42.62344078862333,-1.106114645249228,False,True,False,True,False,7.894244625607271,0.0,0.0,0.0,0.0,0,0.9835659513407862,0.8402254463870839,False,False,False,False,0.04674830567756121,0.058832000951366106,False,False,False,False,5681856,5146080.891589474,False,False,False,False,664938.0980272036,False,False,False,False
2023-08-08 00:00:00+00:00,80.5150271283,80.920818906,80.1785168735,80.920818906,684289,,,,,,,,,,,,,,,,,,,,,,,,,,,,,,,,,80.6822528857514,73.89017630685693,72.93545867110055,71.36034964665481,70.4465083448327,,,,73.89017630685693,,,,73.86294917103928,"rgba(0, 255, 255, 0.75)",3.8471280935892787,73.01226483075442,1.9502241971219858,40.01079673138264,-3.391827737001279,False,True,False,True,False,6.356997672356375,0.0,0.0,0.0,0.0,0,0.9662556817124851,0.8560258368462517,False,False,False,False,-0.012857855546055216,0.022987072702655445,False,False,False,False,4997567,5140256.817409495,False,False,False,False,665696.9569280976,False,False,False,False
2023-08-09 00:00:00+00:00,80.6634875348,81.4305329684,80.6436928139,81.306815963,624553,,,,,,,,,,,,,,,,,,,,,,,,,,,,,,,,,80.68708266829871,73.93289349632067,72.96934253721832,71.39322715756558,70.47996106768173,,,,73.93289349632067,,,,73.89250138541702,"rgba(0, 255, 0, 1.0)",3.7649987582325166,73.02492103281533,2.028836393446941,38.879711025922944,-4.3848813390726775,False,True,False,True,False,6.660092731707856,0.0,0.0,0.0,0.0,0,0.9631238957599658,0.8537120877500343,False,False,False,False,0.029365576241288008,0.026176324471971726,False,False,False,False,5622120,5159153.4128052015,False,False,False,False,664083.4684211134,False,False,False,False
2023-08-10 00:00:00+00:00,80.623898093,82.3262440876,80.5447192096,82.2371678437,954266,,,,,,,,,,,,,,,,,,,,,,,,,,,,,,,,,80.70191855409192,73.99949158885606,73.02218940648437,71.44434683245359,70.53188968058198,,,,73.99949158885606,,,,73.93996721249358,"rgba(0, 255, 0, 1.0)",3.6850459792463734,73.05209127867923,2.0547387622743507,38.02589446810074,-5.258785546251275,False,True,False,True,False,6.562095542493793,0.0,0.0,0.0,0.0,0,0.9688338849894805,0.8377095988081198,False,False,False,False,0.0639441481475815,0.04506023630977661,False,False,False,False,4667854,5139886.769165781,False,False,False,False,675463.1755418541,False,False,False,False
2023-08-11 00:00:00+00:00,80.4556429657,80.7624611391,79.6737514914,80.6832822556,815054,,,,,,,,,,,,,,,,,,,,,,,,,,,,,,,,,80.69146617195453,74.04863922163416,73.06203756407942,71.48372767016397,70.57225796101098,,,,74.04863922163416,,,,73.9716257177686,"rgba(0, 255, 0, 1.0)",3.560025136724232,73.06462290111718,2.0761145724335215,37.0111435720479,-6.389460290398546,False,True,False,True,False,6.13981543881453,0.0,0.0,0.0,0.0,0,0.9714632454928025,0.8497390320466005,False,False,False,False,-0.06970766357914421,-0.012323713634683799,False,False,False,False,3852800,5089412.7782181045,False,False,False,False,680937.325520605,False,False,False,False
2023-08-14 00:00:00+00:00,80.6832822556,80.9109215456,79.6440594101,79.9112881418,519845,,,,,,,,,,,,,,,,,,,,,,,,,,,,,,,,,80.68694865867651,74.08015901842346,73.08762767456139,71.5089891448207,70.59813480883409,,,,74.08015901842346,,,,73.99237186106322,"rgba(0, 255, 0, 1.0)",3.409030750833576,73.07494539158392,2.2318181970507864,37.46005289255408,-6.389460290398546,False,True,False,True,False,6.628512929371137,0.0,0.0,0.0,0.0,0,0.964320067552769,0.8631746090019633,False,False,False,False,-0.06415211079079035,-0.03823791221273708,False,False,False,False,4372645,5061304.237895827,False,False,False,False,674619.9794217577,False,False,False,False
2023-08-15 00:00:00+00:00,79.3966253993,80.2774904779,79.3273438762,80.2675931174,846435,,,,,,,,,,,,,,,,,,,,,,,,,,,,,,,,,80.66072677518753,74.12485362516598,73.12471298981627,71.54639768462388,70.63679988322934,,,,74.12485362516598,,,,74.0186981916046,"rgba(0, 255, 255, 0.75)",3.2584385811611214,73.0831744197038,1.9375694285286968,34.638812684656244,-9.087354589212033,False,True,False,True,False,3.4186908859744563,0.0,0.0,0.0,0.0,0,0.9332114105063382,0.8902014483678569,False,False,False,False,-0.10873659620644288,-0.07348725420958999,False,False,True,False,3526210,5001104.463860697,False,False,False,False,681357.8233660025,False,False,True,False
2023-08-16 00:00:00+00:00,79.4164201201,80.5645139304,77.9912002177,78.3079157515,1406988,,,,,,,,,,,,,,,,,,,,,,,,,,,,,,,,79.32404475606666,80.60593704679516,74.19308316485463,73.1822568498518,71.60523131449709,70.69793214565846,,,,74.19308316485463,,,,74.9347475462873,"rgba(0, 255, 255, 0.75)",3.1199157481325823,73.5511469184326,1.8799460226379674,32.855337141224325,-10.965336753222545,False,True,False,True,False,3.462851109605097,0.0,0.0,0.0,0.0,0,0.9117762877842691,0.8842823187163402,True,False,False,False,-0.15847836097776746,-0.11598280759367872,False,False,False,False,4933198,4998441.465277925,False,False,False,False,709813.9087241986,False,False,False,False
2023-08-17 00:00:00+00:00,80.5843086513,82.4549097733,80.485335047,82.266859925,1554225,,,,,,,,,,,,,,,,,,,,,,,,,,,,,,,,80.29546071932275,80.63058092862657,74.29284744148984,73.26337816056696,71.68453286652131,70.77874539908782,,,,74.29284744148984,,,,75.1575909192692,"rgba(0, 255, 0, 1.0)",2.9539780201588837,73.65598759143673,2.3454206539731226,36.632704810969756,-10.965336753222545,False,True,False,True,True,6.024686653063878,0.0,0.0,0.0,0.0,0,0.9418768036289292,0.8443091246378768,False,False,False,False,0.047045846205832464,-0.03446848069392313,False,False,False,False,6487423,5056832.898012125,False,False,False,False,742928.0691663868,False,False,False,False
2023-08-18 00:00:00+00:00,81.8115813451,81.9897338329,80.2082089548,80.5150271283,906979,,,,,,,,,,,,,,,,,,,,,,,,,,,,,,,,80.53955616797946,80.64798552290921,74.35109597774654,73.31091253670202,71.7309834773936,70.82605548774113,,,,74.35109597774654,,,,75.23443152841199,"rgba(0, 255, 0, 1.0)",2.76143637149227,73.70276561931918,2.936448512626362,42.79467298131502,-13.855674347965326,False,True,False,True,True,8.5754029117059,0.0,0.0,0.0,0.0,0,0.9627382748231017,0.836401193087237,False,False,False,False,0.0019047593699909153,-0.01628186066196611,False,False,False,False,7394402,5148502.274560669,False,False,False,False,749361.4390029992,False,False,False,False
2023-08-21 00:00:00+00:00,82.7815226676,82.9893672367,81.9600417516,82.2569625646,697614,,,,,,,,,,,,,,,,,,,,,,,,,,,,,,,,80.85085573892727,80.68388545782155,74.40308759416615,73.35268756441113,71.77098328558549,70.86641793223623,,,,74.40308759416615,,,,75.32131959552463,"rgba(0, 255, 0, 1.0)",2.637640390504611,73.75574234472538,3.4219146610610887,49.07931707794772,-8.183295201337472,False,True,False,False,True,10.498996214998215,0.0,0.0,0.0,0.0,0,0.9899311724848335,0.8316623829132969,False,False,False,False,0.13510173069784157,0.05940993501793773,False,False,False,False,8092016,5263934.185362212,False,False,False,False,747332.1276695483,False,False,False,False
2023-08-22 00:00:00+00:00,83.1675197245,83.5832088627,83.0091619576,83.4743378979,1078905,,,,,,,,,,,,,,,,,,,,,,,,,,,,,,,,81.31004766656923,80.75577096144373,74.48876135017782,73.4212417131753,71.83610351661568,70.93187167559778,,,,74.48876135017782,,,,75.45729948059659,"rgba(0, 255, 0, 1.0)",2.487902037336933,73.84401178817926,3.7475382054434436,54.034539385715334,-3.8644528489625998,False,False,True,False,True,11.248693388648459,0.0,0.0,0.0,0.0,0,0.9939415220729714,0.8195697230257646,False,False,False,False,0.2166610230090142,0.13803547901347596,False,False,False,False,9170921,5417149.354563694,False,False,False,False,760334.9854079974,False,False,False,False
2023-08-23 00:00:00+00:00,83.5733115023,83.7316692692,82.8409068302,82.8409068302,612361,,,,,,,,,,,,,,,,,,,,,,,,,,,,,,,,81.51281980345267,80.79682125571996,74.5373569621786,73.46023442679044,71.8731495216934,70.96909960438607,,,,74.5373569621786,,,,75.52491359570352,"rgba(0, 255, 0, 1.0)",2.3574425550119575,73.89113688386054,4.107067040872328,58.116312649080314,-0.34534143115971716,False,False,True,False,True,12.033784687998736,0.0,0.0,0.0,0.0,0,1.0073246164174563,0.8133416951592327,False,False,False,False,0.20284044921942765,0.1704379641164518,False,False,False,False,9783282,5588370.242620021,False,False,False,False,754532.0840194485,False,False,False,False
2023-08-24 00:00:00+00:00,82.2371678437,83.3951590145,82.2074757624,83.1873144454,597926,,,,,,,,,,,,,,,,,,,,,,,,,,,,,,,,81.60880616456356,80.82412825248547,74.58021766783409,73.49508747535832,71.90669280725506,71.00299795540879,,,,74.58021766783409,,,,75.56965505381754,"rgba(0, 255, 0, 1.0)",2.2427246796993554,73.9259670857002,3.7058497787227087,56.63998970164961,-0.34534143115971716,False,False,True,False,True,8.57570529032187,0.0,0.0,0.0,0.0,0,0.9802732620242343,0.827707616414523,False,False,False,False,0.13207147422403123,0.15125471917024153,False,False,False,False,9185356,5729428.507615315,False,False,False,False,748390.6689598623,False,False,False,False
2023-08-25 00:00:00+00:00,83.1279302828,83.2664933288,81.8709655077,82.494499215,531472,,,,,,,,,,,,,,,,,,,,,,,,,,,,,,,,81.69128654632163,80.84959081723912,74.61860075833317,73.52632338948438,71.93672539154528,71.03332969859306,,,,74.61860075833317,,,,75.60930943358612,"rgba(0, 255, 0, 1.0)",2.1013149968315776,73.95729704679192,4.364235371581992,57.54360380181163,-0.34534143115971716,False,False,True,False,True,10.323836422552219,0.0,0.0,0.0,0.0,0,0.9729429231859053,0.8474177928517104,False,False,False,False,0.09421941617840837,0.12273706767432495,False,False,False,False,9716828,5885797.115159812,False,False,False,False,739884.0544908481,False,False,False,False
2023-08-28 00:00:00+00:00,83.246698608,83.5337220605,82.9695725158,83.3951590145,614171,,,,,,,,,,,,,,,,,,,,,,,,,,,,,,,,81.81094135963272,80.8856192573018,74.66518047293563,73.56407982209547,71.97280281724828,71.0696583290092,,,,74.66518047293563,,,,75.66138034303718,"rgba(0, 255, 0, 1.0)",2.1208946455103876,73.99772686911788,4.360882214711037,58.38475355816894,-0.22637234891951152,False,False,True,False,True,10.554591728341933,0.0,0.0,0.0,0.0,0,0.9857172225961015,0.8551729454714908,False,False,False,False,0.1789291560686839,0.15083311187150442,False,False,False,False,10330999,6060118.757702565,False,False,False,False,734954.1307853246,False,False,False,False
2023-08-29 00:00:00+00:00,84.3255108952,84.66202115,83.4941326188,83.5238247001,585648,,,,,,,,,,,,,,,,,,,,,,,,,,,,,,,,81.9712022667209,80.93182958475339,74.71379276187946,73.60316969641868,72.00975155863311,71.1066737986037,,,,74.71379276187946,,,,75.7227366111682,"rgba(0, 255, 0, 1.0)",2.1543569037515273,74.04398924861152,4.772431916310879,60.938110706204085,2.4612599222298144,True,False,True,False,True,12.617543584762448,0.0,0.0,0.0,0.0,0,0.9672901328021216,0.8487527843472035,False,False,False,False,0.2850900666420946,0.21796158925679948,False,True,False,False,10916647,6250570.845635797,False,False,False,False,729098.9884015864,False,True,False,False
2023-08-30 00:00:00+00:00,83.8603349549,84.8797630795,83.7415666297,84.7708921148,660721,,,,,,,,,,,,,,,,,,,,,,,,,,,,,,,,82.12763675238774,80.98242250033255,74.7680424444584,73.64692563035231,72.05116865186854,71.1481837056933,,,,74.7680424444584,,,,75.78739661418213,"rgba(0, 255, 0, 1.0)",2.1696635583904995,74.78506366943267,4.182801176879029,61.180865312834634,3.012499668914181,True,False,True,False,True,11.400631194585827,0.0,0.0,0.0,0.0,0,0.9837836002159365,0.8348644105249625,False,False,False,False,0.31602952434324716,0.2669955568000233,False,False,False,False,10255926,6407643.596787334,False,False,False,False,726417.4986603478,False,False,False,False
2023-08-31 00:00:00+00:00,82.1381942394,83.2763906893,82.1381942394,83.0685461202,465301,,,,,,,,,,,,,,,,,,,,,,,,,,,,,,,,82.14631892371057,80.99917829016572,74.79925675843783,73.67274151511992,72.07623249091046,71.17358725647442,,,,74.79925675843783,,,,75.81121920580316,"rgba(0, 255, 0, 1.0)",2.162560965407281,74.7722817916618,3.406106262697179,56.972945073808894,3.012499668914181,False,False,True,False,True,7.093365946151753,0.0,0.0,0.0,0.0,0,0.9759756240533619,0.8497430145183849,False,False,False,False,0.1055516833251448,0.18627362006258405,False,False,False,False,9790625,6540309.534168224,False,False,False,False,716177.6359677851,False,False,False,False
2023-09-01 00:00:00+00:00,81.6631209386,82.5241912963,81.4750710903,82.5043965754,428531,,,,,,,,,,,,,,,,,,,,,,,,,,,,,,,,82.13538012805111,81.00801852942463,74.82545388699769,73.69470034773121,72.09782306275437,71.19558907264692,,,,74.82545388699769,,,,75.82616083793432,"rgba(0, 255, 0, 1.0)",2.1607629187111135,74.7654090481039,3.192257619179505,53.1868268985845,3.012499668914181,False,False,True,False,False,5.957292031349194,0.0,0.0,0.0,0.0,0,0.956708144233034,0.874981159253964,False,False,False,False,0.016833590790161723,0.10155360542637289,False,False,False,False,9362094,6650967.748514568,False,False,False,False,704897.3757337544,False,False,False,False
2023-09-05 00:00:00+00:00,80.8713321039,81.5839420551,80.6337954535,81.4354816486,503064,,,,,,,,,,,,,,,,,,,,,,,,,,,,,,,,82.0831217781975,81.00826879153458,74.85225584811482,73.71764578303917,72.12083766635361,71.2192396603182,,,,74.85225584811482,,,,75.83356158792631,"rgba(0, 255, 0, 1.0)",2.155014105473519,74.7520028989508,2.8395773324205704,49.142420227467305,7.380137015747749,False,True,False,False,False,4.095743712572524,0.0,0.0,0.0,0.0,0,0.9345486602059293,0.8898055587929318,False,False,False,False,-0.09463338707203234,0.0034601091771702744,False,False,False,False,8859030,6737558.425043409,False,False,False,False,696982.3413912542,False,False,False,False
2023-09-06 00:00:00+00:00,80.5843086513,81.4948658112,80.55461657,81.2573291608,856711,,,,,,,,,,,,,,,,,,,,,,,,,,,,,,,,81.9933439203104,81.00575496716685,74.89626182944691,73.75558869944794,72.1590964157644,71.25863651725285,,,,74.89626182944691,,,,75.8447803915649,"rgba(0, 255, 0, 1.0)",2.1527568447490464,74.7451644218053,2.7124030490194047,45.921455117188316,4.29009008570543,False,True,False,True,False,3.4286680211396643,0.0,0.0,0.0,0.0,0,0.9370134935564156,0.8910391528801823,False,False,False,False,-0.10523940833910059,-0.05088964958096516,False,False,False,False,8002319,6787156.878963276,False,False,False,False,703246.2103563031,False,False,False,False
2023-09-07 00:00:00+00:00,81.4552763695,81.900657589,81.0989713939,81.4750710903,876649,,,,,,,,,,,,,,,,,,,,,,,,,,,,,,,,81.9573370309884,81.01502956674193,74.94513428685877,73.79727447753773,72.20060275780013,71.30114207333499,,,,74.94513428685877,,,,75.86942003221033,"rgba(0, 255, 0, 1.0)",2.1537145888369706,74.76481048332803,3.1064774881730677,46.06307121040527,4.29009008570543,False,True,False,True,False,5.250145907641649,0.0,0.0,0.0,0.0,0,0.9487082066910376,0.8690035681260658,False,False,False,False,-0.049681332061378876,-0.05028549082117202,False,False,False,False,8878968,6869188.687631384,False,False,False,False,710046.3197540952,False,False,False,False
2023-09-08 00:00:00+00:00,81.4255842882,82.2074757624,81.3266106838,81.9204523099,387734,,,,,,,,,,,,,,,,,,,,,,,,,,,,,,,,81.94809965335195,81.0204461480057,74.96706983590589,73.81596904248251,72.21917358827656,71.32013815292581,,,,74.96706983590589,,,,75.88181607015805,"rgba(0, 255, 0, 1.0)",2.154554142662161,74.77608417616628,3.086253429592453,46.09202858682937,4.0143723568975815,False,True,False,True,False,5.1791621764256845,0.0,0.0,0.0,0.0,0,0.9386083459709791,0.874167710463624,False,False,False,False,-0.015923773731680316,-0.03310463227642617,False,False,False,False,8491234,6932798.30772427,False,False,False,False,697406.6209402091,False,False,False,False
2023-09-11 00:00:00+00:00,82.3757308898,82.5934728193,81.5245578925,81.7620945429,436848,,,,,,,,,,,,,,,,,,,,,,,,,,,,,,,,81.9552632074249,81.03128330553075,74.99348977205095,73.83829267871444,72.24113894012767,71.34251213604556,,,,74.99348977205095,,,,75.90033000664904,"rgba(0, 255, 0, 1.0)",2.13095924396838,74.79444702549624,3.5576859978727264,48.440896307681385,4.0143723568975815,False,True,False,False,False,7.13916235994413,0.0,0.0,0.0,0.0,0,0.9407882916024126,0.8662223746776577,False,False,False,False,0.020920736511740527,-0.006091947882342821,False,False,False,False,8928082,7011044.727029201,False,False,False,False,687188.635805299,False,False,False,False
2023-09-12 00:00:00+00:00,82.0887074372,82.6528569819,82.0788100768,82.266859925,406547,,,,,,,,,,,,,,,,,,,,,,,,,,,,,,,,81.96476919292425,81.04213724721534,75.0182741420393,73.85923115010243,72.26171704306104,71.36346005561651,,,,75.0182741420393,,,,75.91826480515981,"rgba(0, 255, 0, 1.0)",2.087872238882481,74.81225409860595,3.4851046932300433,49.27452044041689,4.0143723568975815,False,True,False,False,False,6.434501438764077,0.0,0.0,0.0,0.0,0,0.9402507290615297,0.8815070559475519,False,False,False,False,0.059701854788577105,0.02680495345311714,False,False,False,False,8521535,7070279.639694722,False,False,False,False,676183.0814599933,False,False,False,False
2023-09-13 00:00:00+00:00,80.3863614426,81.4354816486,80.1983115944,81.0197925104,474192,,,,,,,,,,,,,,,,,,,,,,,,,,,,,,,,81.92128541377866,81.03841693663013,75.04064135282263,73.87890326970789,72.28179371730283,71.3842236774374,,,,75.04064135282263,,,,75.9242107279466,"rgba(0, 255, 0, 1.0)",2.049321019495015,74.81580239099424,2.718246189159004,46.22315474986306,3.420074757137421,False,True,False,True,False,2.4151124379151376,0.0,0.0,0.0,0.0,0,0.942156601640987,0.8760736400580842,False,False,False,False,-0.1366532159427129,-0.05492413124479788,False,False,False,False,8047343,7108595.849902772,False,False,False,False,668261.8625792093,False,False,False,False
2023-09-14 00:00:00+00:00,81.0197925104,81.5047631716,80.32697728,80.7921532204,502212,,,,,,,,,,,,,,,,,,,,,,,,,,,,,,,,81.88785783166018,81.03748758582223,75.06529414121327,73.90045908260704,72.3036512398152,71.40676651600668,,,,75.06529414121327,,,,75.93358606618743,"rgba(0, 255, 0, 1.0)",2.0222936614486033,74.82363672354994,3.063924841860823,45.785528141873996,2.7023975426908464,False,True,False,True,False,3.7503537525597466,0.0,0.0,0.0,0.0,0,0.9381139165424517,0.8720251829407955,False,False,False,False,-0.12395164396407987,-0.08943788760443888,False,False,False,False,8549555,7165104.05186737,False,False,False,False,661750.1032623776,False,False,False,False
2023-09-15 00:00:00+00:00,81.0890740334,82.1480915998,80.9406136269,81.8808628681,1011762,,,,,,,,,,,,,,,,,,,,,,,,,,,,,,,,81.8557295920508,81.04489313585184,75.11802480943138,73.94618729476213,72.34958692521634,71.45394930236682,,,,75.11802480943138,,,,75.96139517661321,"rgba(0, 255, 0, 1.0)",1.974783718835577,74.85007958268062,3.1593305085572467,45.66881968111163,2.2087999380404923,False,True,False,True,False,3.8963351541940696,0.0,0.0,0.0,0.0,0,0.9679021717612368,0.8576638722047302,False,False,False,False,-0.044049287191022996,-0.06674358739773094,False,False,False,False,9561317,7259073.187088258,False,False,False,False,675476.0599971863,False,False,False,False
2023-09-18 00:00:00+00:00,80.3467720009,80.6981282963,80.1686195131,80.3962588031,474814,,,,,,,,,,,,,,,,,,,,,,,,,,,,,,,,81.81285454295778,81.0386864819255,75.13861979973186,73.9646332505657,72.3686465520107,71.47375238748681,,,,75.13861979973186,,,,75.96619883577972,"rgba(0, 255, 0, 1.0)",1.9038198593190654,74.8538753645935,2.885197677405849,44.061391388741,0.2919293129749576,False,True,False,True,False,2.1677615875738,0.0,0.0,0.0,0.0,0,0.9494866394649892,0.8819435303430185,False,False,False,False,-0.18632733707076424,-0.12653546223424758,False,False,False,False,9086503,7330737.101320091,False,False,False,False,667606.9596051398,False,False,False,False
2023-09-19 00:00:00+00:00,79.6044699684,79.8321092583,79.1838321499,79.6737514914,515199,,,,,,,,,,,,,,,,,,,,,,,,,,,,,,,,81.74226119795841,81.02309115353479,75.15714729918396,73.9818588139431,72.38701195653113,71.4930708185498,,,,75.15714729918396,,,,75.9640735399502,"rgba(0, 255, 0, 1.0)",1.8715753848469405,74.8505973840584,2.5400379930356745,41.628372670974855,-2.326298851688634,False,True,False,True,False,0.48028219910557723,0.0,0.0,0.0,0.0,0,0.9326997897397968,0.9115908677018894,False,False,False,False,-0.3105803770418431,-0.21855791963804533,False,False,False,False,8571304,7379386.783621264,False,False,False,False,661630.1768755266,False,False,False,False
2023-09-20 00:00:00+00:00,79.3570359575,80.4259508844,79.3075491554,80.0894406296,620289,,,,,,,,,,,,,,,,,,,,,,,,,,,,,,,,81.66852614457822,81.00667925681793,75.18003831141739,74.00303809147758,72.40948079540134,71.51665795611842,,,,75.18003831141739,,,,75.96407009263514,"rgba(0, 255, 0, 1.0)",1.8600190823611213,74.84986361929288,2.4231860742448355,39.57298147956151,-4.506950906311225,False,True,False,True,False,0.0,0.0,0.0,0.0,0.0,0,0.9171690519545103,0.9211770010500561,False,False,False,False,-0.26149718427165924,-0.2400275519548523,False,False,False,False,7951015,7401803.57642043,False,False,False,False,660008.9542529569,False,False,False,False
2023-09-21 00:00:00+00:00,77.565613719,78.6345286459,77.5161269169,78.6345286459,788770,,,,,,,,,,,,,,,,,,,,,,,,,,,,,,,,81.50358486169824,80.95863429000597,75.19740217444352,74.02134186106781,72.4308790038964,71.5399308197702,,,,75.19740217444352,,,,75.94196216848036,"rgba(38, 166, 154, 1.0)",1.8813798401858728,74.82693406127785,1.455676094334876,35.605012471230644,-8.395688863791136,False,True,False,True,False,0.0,0.0,0.0,0.0,0.0,0,0.8830591592754221,0.9493201686046203,False,False,False,False,-0.34282825441539394,-0.2914279031851231,False,False,False,False,7162245,7392409.122443159,False,False,False,False,665058.4070273507,False,False,False,False
2023-09-22 00:00:00+00:00,77.4468453938,77.9813028572,77.3676665103,77.565613719,736502,,,,,,,,,,,,,,,,,,,,,,,,,,,,,,,,81.35005054557776,80.91072280963093,75.2116023904311,74.03694050947547,72.44959798789634,71.5604688761695,,,,75.2116023904311,,,,75.91989718653018,"rgba(38, 166, 154, 1.0)",1.905550405563104,74.80503311551281,1.3863775372063778,32.81421768091336,-11.065543043629326,False,True,False,True,False,0.0,0.0,0.0,0.0,0.0,0,0.8712467605377288,0.9762301711765035,False,False,False,False,-0.34282825441539394,-0.3171280788002585,False,False,False,False,6425743,7354500.6470532315,False,False,False,False,667860.11655569,False,False,False,False
2023-09-25 00:00:00+00:00,77.2488981851,77.3874612312,76.5065961526,76.6451591987,569551,,,,,,,,,,,,,,,,,,,,,,,,,,,,,,,,81.22309606730695,80.86858954030821,75.21996087558973,74.04705867773527,72.46244200002116,71.57481560508377,,,,75.21996087558973,,,,75.89932712767417,"rgba(38, 166, 154, 1.0)",1.8938064941299722,74.78508495635228,1.3009846763038047,30.698555814661162,-13.090919865846061,False,True,False,True,False,0.0,0.0,0.0,0.0,0.0,0,0.8549629605314213,0.984724298221607,False,False,False,False,-0.34282825441539394,-0.3299781666078262,False,False,False,False,5856192,7295743.4452080075,False,False,False,False,664004.8570829178,False,False,False,False
2023-09-26 00:00:00+00:00,76.0909070144,76.8035169656,75.7543967596,76.4076225483,778122,,,,,,,,,,,,,,,,,,,,,,,,,,,,,,,,81.02907435516848,80.80028443154306,75.22611918060286,74.05697295281091,72.47671325845319,71.59133615070866,,,,75.22611918060286,,,,75.86341672154786,"rgba(38, 166, 154, 0.5)",1.9521195061810825,74.75070648441051,0.6865361089553953,27.936870986008486,-15.732280909294516,False,True,False,True,False,0.0,0.0,0.0,0.0,0.0,0,0.8519750248620312,0.981578389659516,False,False,False,False,-0.34282825441539394,-0.33640321051161004,False,False,False,False,5078070,7208775.8591214195,False,False,False,False,668480.0391580975,False,False,False,False
2023-09-27 00:00:00+00:00,75.9523439683,76.4670067109,75.3683997027,76.3383410252,725500,,,,,,,,,,,,,,,,,,,,,,,,,,,,,,,,80.85123884908904,80.73450499711417,75.2301481667065,74.06491754296349,72.48890817466881,71.60568449346573,,,,75.2301481667065,,,,75.82923370400128,"rgba(38, 166, 154, 0.5)",2.0155565760405723,74.71860644160469,0.6121076140263466,25.948108603211494,-17.647611801152642,False,True,False,True,False,0.0,0.0,0.0,0.0,0.0,0,0.8422487665562254,0.9913171903401928,False,False,False,False,-0.34282825441539394,-0.33961573246350196,False,False,False,False,4352570,7096767.786214697,False,False,False,False,670716.1160538584,False,False,False,False
2023-09-28 00:00:00+00:00,76.7936196052,77.6967537448,76.44721199,76.4769040713,495497,,,,,,,,,,,,,,,,,,,,,,,,,,,,,,,,80.76116779050999,80.70018626796065,75.2369663449408,74.07333884215154,72.49971434440604,71.6177961221575,,,,75.2369663449408,,,,75.81486161868776,"rgba(38, 166, 154, 1.0)",2.0441090128010835,74.70580746181373,1.0213800390837777,27.654736098161614,-17.647611801152642,False,True,False,True,False,0.0,0.0,0.0,0.0,0.0,0,0.850876421037088,0.9673192156608196,False,False,False,False,-0.24617739336983446,-0.2928965629166682,False,False,False,False,4848067,7008583.441657259,False,False,False,False,663844.7781693933,False,False,False,False
2023-09-29 00:00:00+00:00,76.2690595022,77.3775638708,76.2294700605,77.2884876269,460353,,,,,,,,,,,,,,,,,,,,,,,,,,,,,,,,80.6736756881871,80.66588010423393,75.24197661105971,74.08017195777967,72.50891820623549,71.62826048457563,,,,75.24197661105971,,,,75.79981384201193,"rgba(38, 166, 154, 0.5)",2.0931459780993387,74.692376317493,0.7532600216152558,28.02567297185755,-17.647611801152642,False,True,False,True,False,0.0,0.0,0.0,0.0,0.0,0,0.8494809551403432,0.9685956049702797,False,False,False,False,-0.268197709619915,-0.28054713626829164,False,False,False,False,4387714,6905804.247866779,False,False,False,False,655864.7084372602,False,False,False,False
2023-10-02 00:00:00+00:00,74.6557897515,75.145709093,74.3192794968,74.873531681,936107,,,,,,,,,,,,,,,,,,,,,,,,,,,,,,,,80.42758806292204,80.56558124686872,75.23807897919819,74.08356592244404,72.51884424067983,71.64128739341346,,,,75.23807897919819,,,,75.74582430758771,#000000,2.209263835708516,74.6426365168997,0.005953673068693188,26.352077251419914,-17.647611801152642,False,True,False,True,False,0.0,0.0,0.0,0.0,0.0,0,0.8379585326989244,0.9905084218314779,False,False,False,False,-0.34282825441539394,-0.3116876953418428,False,False,False,False,3451607,6770345.53226416,False,False,False,False,666854.6022240344,False,False,False,False
2023-10-03 00:00:00+00:00,73.4384144182,74.4182531011,73.3295434534,73.8640009168,913421,,,,,,,,,,,,,,,,,,,,,,,,,,,,,,,,80.16843120297068,80.45510921320194,75.22742619515658,74.08170089217711,72.52415222210134,71.64987062681737,,,,75.22742619515658,,,,75.68444839207085,#000000,2.376105889766127,74.58629915266098,-0.4830949409304189,24.14307585233549,-19.78127298819253,False,True,False,True,False,0.0,0.0,0.0,0.0,0.0,0,0.8335845410666335,0.9870917874397913,False,False,False,False,-0.34282825441539394,-0.3272579748786184,False,False,False,False,2538186,6604378.491783213,False,False,False,False,676523.8727250526,False,False,False,False
2023-10-04 00:00:00+00:00,74.1708190903,75.0120947271,73.6759510686,74.962607925,1151638,,,,,,,,,,,,,,,,,,,,,,,,,,,,,,,,79.89486644007259,80.33194483250549,75.21912527535586,74.08304775139788,72.53384551555534,71.66346779559807,,,,75.21912527535586,,,,75.62104960174754,#000000,2.5022687016447844,74.52950549897113,-0.1433444811244141,24.97742175420356,-19.78127298819253,False,True,False,True,False,0.0,0.0,0.0,0.0,0.0,0,0.8362244701755688,0.9796146005624973,False,False,False,False,-0.3104249482737345,-0.31884146157617643,False,False,False,False,3689824,6490082.23720348,False,False,False,False,695155.7992848546,False,False,False,False
2023-10-05 00:00:00+00:00,74.5667135076,74.962607925,74.0223586837,74.7151739141,965645,,,,,,,,,,,,,,,,,,,,,,,,,,,,,,,,79.69302808580701,80.23620277561425,75.21397241035358,74.08543129360554,72.54295179669901,71.67575573350538,,,,75.21397241035358,,,,75.5745570159308,#000000,2.6028147221909457,74.4886916529574,0.029975954099769435,26.72599894261559,-19.78127298819253,False,True,False,True,False,0.0,0.0,0.0,0.0,0.0,0,0.8381695995054256,0.9868702171471182,False,False,False,False,-0.3003250521881121,-0.3095832568821443,False,False,False,False,4655469,6418136.620058245,False,False,False,False,705763.2189207426,False,False,False,False
2023-10-06 00:00:00+00:00,75.0714788897,75.5861416323,73.6586306878,74.3687662989,819801,,,,,,,,,,,,,,,,,,,,,,,,,,,,,,,,79.54106823763807,80.16087478574568,75.21123537841324,74.0886166835907,72.55160689609606,71.68703328829162,,,,75.21123537841324,,,,75.54007254496257,#000000,2.681291940444761,74.45900340058076,0.22842551379080836,29.38060867241276,-19.78127298819253,False,True,False,True,True,0.0,0.0,0.0,0.0,0.0,0,0.8167375338263133,0.9943563973719282,False,False,False,False,-0.29057846107867313,-0.3000808589804087,False,False,False,False,5475270,6381161.458487334,False,False,False,False,710235.288766988,False,False,False,False
2023-10-09 00:00:00+00:00,74.804250158,74.8933264019,73.9530771607,74.5271240659,479796,,,,,,,,,,,,,,,,,,,,,,,,,,,,,,,,79.45247017352446,80.11596839627002,75.20884780564707,74.08986654899893,72.55613823943273,71.69312361706173,,,,75.20884780564707,,,,75.51940246348914,#000000,2.767672397118348,74.44122295990121,0.1311669684883113,30.73477794832764,-24.970629735596674,False,True,False,True,True,0.0,0.0,0.0,0.0,0.0,0,0.818063128794754,0.9897857307448028,False,False,False,False,-0.30432235271601915,-0.30220160584821393,False,False,False,False,4995474,6326820.773840772,False,False,False,False,701198.4539133806,False,False,False,False
2023-10-10 00:00:00+00:00,75.8335756431,76.4571093504,75.3486049819,75.6158337136,553375,,,,,,,,,,,,,,,,,,,,,,,,,,,,,,,,79.3807885491655,80.0772208990533,75.21163116299557,74.09543883048461,72.5648066497965,71.70336964950319,,,,75.21163116299557,,,,75.50554262349978,#000000,2.821937583705339,74.43025391556645,0.4972901369742286,34.5694094153752,-21.25128191943187,False,True,False,True,True,0.0,0.0,0.0,0.0,0.0,0,0.8319473843394419,0.9726338070788279,False,False,False,False,-0.20449645564814228,-0.2533490307481781,False,False,False,False,5548849,6296312.076827409,False,False,False,False,695401.455720699,False,False,False,False
2023-10-11 00:00:00+00:00,75.1803498545,75.8830624453,74.2697926946,75.8038835618,899151,,,,,,,,,,,,,,,,,,,,,,,,,,,,,,,,79.24598831033678,80.0044943791979,75.21095782358951,74.10055049263921,72.57555166417154,71.71686676191722,,,,75.21095782358951,,,,75.4757349053087,#000000,2.888948329206126,74.40554907998064,0.2681947498632701,35.93667137175672,-19.916330679894976,False,True,False,True,True,0.0,0.0,0.0,0.0,0.0,0,0.8338276675059056,0.9733059548271121,False,False,False,False,-0.25963540342237634,-0.25649221708527725,False,False,False,False,4649698,6231738.975775354,False,False,False,False,703391.6339277305,False,False,False,False
2023-10-12 00:00:00+00:00,73.1019041634,74.9230184832,72.9534437569,74.7052765537,895484,,,,,,,,,,,,,,,,,,,,,,,,,,,,,,,,79.07568864452134,79.91328407129059,75.20068031756664,74.0983505429883,72.5800879302198,71.72449942305126,,,,75.20068031756664,,,,75.432098488273,#000000,3.0136456838116294,74.36781593846399,-0.42005992338916404,33.90707076154844,-19.916330679894976,False,True,False,True,True,0.0,0.0,0.0,0.0,0.0,0,0.8318390718024397,0.9781511338835666,False,False,False,False,-0.33826963377591585,-0.2973809254305966,False,False,False,False,3754214,6134581.133588085,False,False,False,False,710924.667891349,False,False,False,False
2023-10-13 00:00:00+00:00,74.4281504615,74.4875346241,73.458209139,73.5769774642,996603,,,,,,,,,,,,,,,,,,,,,,,,,,,,,,,,78.91322949086991,79.82213368798195,75.19280547841952,74.09849561400125,72.58724860838382,71.73494902299358,,,,75.19280547841952,,,,75.39147698377501,#000000,3.0931398569347888,74.33344343115529,0.03061841194551081,35.781969518323535,-19.916330679894976,False,True,False,True,True,0.0,0.0,0.0,0.0,0.0,0,0.8475774902226747,0.9686277460159527,False,False,False,False,-0.3358206020568941,-0.31660076374374535,False,False,False,False,4750817,6080315.873447375,False,False,False,False,722127.739738747,False,False,False,False
2023-10-16 00:00:00+00:00,75.6158337136,75.8830624453,74.8933264019,75.259528738,980242,,,,,,,,,,,,,,,,,,,,,,,,,,,,,,,,78.80539070886832,79.75566600602436,75.1947441559527,74.1058698530686,72.60030739370124,71.75085010999155,,,,75.1947441559527,,,,75.36880470460113,#000000,3.1426713871012573,74.31597591841016,0.4136155630286252,39.44465789106331,-16.600806738538623,False,True,False,True,True,0.0,0.0,0.0,0.0,0.0,0,0.8565243356264018,0.9546133174102129,False,False,False,False,-0.23866985248191672,-0.27763530811283105,False,False,False,False,5731059,6066619.525469047,False,False,False,False,732249.8675921295,False,False,False,False
2023-10-17 00:00:00+00:00,74.0817428464,74.8537369602,73.388927616,73.4186196973,1083439,,,,,,,,,,,,,,,,,,,,,,,,,,,,,,,,78.64849062503987,79.66204203056294,75.18622820757454,74.10588329737604,72.60783468706715,71.76190771929939,,,,75.18622820757454,,,,75.32873109448666,#000000,3.223661030174277,74.28256730146957,-0.0622970136096189,39.620336025542414,-16.37634657399991,False,False,False,True,True,0.0,0.0,0.0,0.0,0.0,0,0.8252257500756235,0.9568890183551652,False,False,False,False,-0.3253681943403318,-0.3015017512265814,False,False,False,False,4647620,6010972.485254575,False,False,False,False,746021.9904316539,False,False,False,False
2023-10-18 00:00:00+00:00,72.4387810144,73.2206724886,72.1319628409,72.2507311661,1176580,,,,,,,,,,,,,,,,,,,,,,,,,,,,,,,,78.4366672777224,79.53710169637515,75.1643786110334,74.09622433060636,72.60777701395327,71.76614089152626,,,,75.1643786110334,,,,75.26804830353613,"rgba(239, 83, 80, 0.5)",3.348469947213169,74.23026026599929,-0.5350142840882531,37.789450457934734,-16.37634657399991,False,True,False,True,True,0.0,0.0,0.0,0.0,0.0,0,0.8153625269217302,0.9633883704262357,False,False,False,False,-0.34282825441539394,-0.3221650028209877,False,False,False,False,3471040,5911367.289754395,False,False,False,False,762906.6182578636,False,False,False,False
2023-10-19 00:00:00+00:00,71.9241182718,72.8049833504,71.7954525862,72.4387810144,459812,,,,,,,,,,,,,,,,,,,,,,,,,,,,,,,,78.35216279351397,79.4865687433918,75.15455145709524,74.09142920199605,72.60686665273307,71.76694882312152,,,,75.15455145709524,,,,75.2430879453086,"rgba(239, 83, 80, 0.5)",3.481006639566212,74.20868254944921,-0.6562941454009702,36.02324521824741,-16.37634657399991,False,True,False,True,False,0.0,0.0,0.0,0.0,0.0,0,0.8058642196585267,0.9787081511248316,False,False,False,False,-0.34282825441539394,-0.33249662861819085,False,False,False,False,3011228,5797636.337215007,False,False,False,False,751020.5547967709,False,False,False,False
2023-10-20 00:00:00+00:00,71.7657605049,72.2754745672,71.7063763423,71.8053499466,558276,,,,,,,,,,,,,,,,,,,,,,,,,,,,,,,,78.24840383458665,79.42399898836959,75.14167690261942,74.08485695169932,72.60510695778454,71.76730539261152,,,,75.14167690261942,,,,75.21189150461184,"rgba(239, 83, 80, 0.5)",3.6104078239503177,74.18167261450449,-0.6691521366583811,34.67277105467719,-16.37634657399991,False,True,False,True,False,0.0,0.0,0.0,0.0,0.0,0,0.8025394045542138,0.9993432574453159,False,False,False,False,-0.34282825441539394,-0.33766244151679237,False,False,False,False,2452952,5666472.245559517,False,False,False,False,743461.9448047406,False,False,False,False
2023-10-23 00:00:00+00:00,72.0131945157,72.6614716241,71.4985317732,71.5282238545,1325165,,,,,,,,,,,,,,,,,,,,,,,,,,,,,,,,78.02024355975433,79.28226972166237,75.1128490166894,74.070424451843,72.60181806412136,71.76894667542757,,,,75.1128490166894,,,,75.14275858158301,"rgba(239, 83, 80, 0.5)",3.72509613274346,74.12223878403113,-0.5661717693115916,34.378400791328225,-16.37634657399991,False,True,False,True,False,0.0,0.0,0.0,0.0,0.0,0,0.8125227786294834,0.970624681101897,False,False,False,False,-0.337482423955138,-0.33757243273596516,False,False,False,False,3778117,5592419.098674831,False,False,False,False,766273.8293222017,False,False,False,False
2023-10-24 00:00:00+00:00,72.3200126892,72.79508599,71.9439129927,72.0824760387,509525,,,,,,,,,,,,,,,,,,,,,,,,,,,,,,,,77.94105576242897,79.23138424463481,75.10296511572052,74.06573582020228,72.6012445634986,71.77021302714228,,,,75.10296511572052,,,,75.11876642227125,#000000,3.82043239948551,74.10182628434522,-0.46639055709641053,34.95828919104966,-16.37634657399991,False,True,False,True,False,0.0,0.0,0.0,0.0,0.0,0,0.8184085075185338,0.9706637330419365,False,False,False,False,-0.3202343641725203,-0.32890339845424277,False,False,False,False,4287642,5541251.369315034,False,False,False,False,756205.2477801546,False,False,False,False
2023-10-25 00:00:00+00:00,70.1821828355,71.7360684236,70.1326960333,71.3797634479,742964,,,,,,,,,,,,,,,,,,,,,,,,,,,,,,,,77.79614161732435,79.14082469613805,75.08000685554276,74.05232574987032,72.59482122433907,71.76678861818218,,,,75.08000685554276,,,,75.07181812689946,"rgba(239, 83, 80, 0.5)",3.957383471185491,74.06092523463165,-0.980128013212154,32.78879449335987,-11.980596361497966,False,True,False,True,False,0.0,0.0,0.0,0.0,0.0,0,0.8022169093670135,0.9746431935100176,False,False,False,False,-0.34282825441539394,-0.3358658264348183,False,False,False,False,3544678,5462954.374439935,False,False,False,False,755685.983161325,False,False,False,False
2023-10-26 00:00:00+00:00,68.9252180604,69.8357752203,68.7272708517,69.7862884181,856747,,,,,,,,,,,,,,,,,,,,,,,,,,,,,,,69.1627547108,77.6018255230528,79.02039297571595,75.04477018230841,74.03007110258523,72.58161526157497,71.75735916903807,,,,75.04477018230841,,,,74.17125556072506,"rgba(239, 83, 80, 1.0)",4.118292500401951,73.93632457333766,-1.2167922779765077,30.197498469602145,-14.597204191719939,False,True,False,True,False,0.0,0.0,0.0,0.0,0.0,0,0.8015761950339293,1.0016203874203389,True,False,False,False,-0.34282825441539394,-0.3393470404251061,False,False,False,False,2687931,5354129.928383468,False,False,False,False,759649.1602922535,False,False,False,False
2023-10-27 00:00:00+00:00,69.3013177569,69.5388544073,68.8361418165,69.4200860821,707776,,,,,,,,,,,,,,,,,,,,,,,,,,,,,,,69.19111205878623,77.44891883108819,78.92369193765097,75.016282314028,74.01207313274828,72.57098058771457,71.74980762300935,,,,75.016282314028,,,,74.1304094978608,"rgba(239, 83, 80, 1.0)",4.2453157456964785,73.89186313788564,-1.0813201316389989,29.42526149393516,-15.46725732220034,False,True,False,True,False,0.0,0.0,0.0,0.0,0.0,0,0.7741320106821603,1.0518885921426893,False,False,False,False,-0.34282825441539394,-0.34108764742025,False,False,False,False,3395707,5277329.029231175,False,False,False,False,757614.9187121651,False,False,False,False
2023-10-30 00:00:00+00:00,69.6972121742,70.033722429,69.0043969439,69.9149541038,613838,,,,,,,,,,,,,,,,,,,,,,,,,,,,,,,69.30025786678668,77.32625773280306,78.84435512162608,74.99329273162246,73.99771585964102,72.56277924703696,71.74420547877358,,,,74.99329273162246,,,,74.10983771975569,"rgba(239, 83, 80, 0.5)",4.346314899873878,73.86053336419894,-0.9578968127964568,29.929206253279325,-15.46725732220034,False,True,False,True,False,0.0,0.0,0.0,0.0,0.0,0,0.7784297074040725,1.0375202655773648,False,False,False,False,-0.32667516093539034,-0.3338814041778202,False,False,False,False,4009545,5227612.008477012,False,False,False,False,751976.6081744331,False,False,False,False
2023-10-31 00:00:00+00:00,70.5879746133,70.9838690306,70.2910538002,70.4791036485,512003,,,,,,,,,,,,,,,,,,,,,,,,,,,,,,,69.5516017115064,77.24021124935616,78.78653366085918,74.9779286230175,73.98861968545195,72.55835050931161,71.74179346784588,,,,74.9779286230175,,,,74.12071984390695,"rgba(239, 83, 80, 0.5)",4.421338156114132,73.847923804322,-0.7373218414687204,32.45055023285745,-15.46725732220034,False,True,False,True,True,0.0,0.0,0.0,0.0,0.0,0,0.7646242774555513,1.039306358381683,False,False,False,False,-0.27333056719870463,-0.3036059856882624,False,False,False,False,4521548,5199923.2238308545,False,False,False,False,742565.8784421025,False,False,False,False
2023-11-01 00:00:00+00:00,71.5777106566,71.7657605049,70.7562297406,71.3995581688,710596,,,,,,,,,,,,,,,,,,,,,,,,,,,,,,,69.93082024126072,77.13743172911403,78.71482479608848,74.96040180372778,73.97885336666525,72.55458999218261,71.74067851063262,,,,74.96040180372778,,,,74.14537149138164,"rgba(239, 83, 80, 0.5)",4.458556339492622,73.83751642388478,-0.5068469691115168,36.29758021180286,-18.752743682082176,False,True,False,True,True,0.0,0.0,0.0,0.0,0.0,0,0.7578729599267451,1.0364723009728487,False,False,False,False,-0.24425334038173985,-0.2739296630350011,False,False,False,False,5232144,5201186.783680625,False,False,False,False,741312.1577188828,False,False,False,False
2023-11-02 00:00:00+00:00,72.4585757352,72.6664203043,71.7707091851,72.5476519791,794602,,,,,,,,,,,,,,,,,,,,,,,,,,,,,,,70.37925061338878,77.04456644445463,78.6462268149787,74.94603403423719,73.97188398535631,72.55368982329578,71.74252607446239,,,,74.94603403423719,,,,74.18345397002483,#000000,4.471043200649147,73.83460676796132,-0.3077650944105245,40.586909014351306,-14.787713467225927,False,False,False,True,True,0.0,0.0,0.0,0.0,0.0,0,0.7738904590949167,1.0219234588643424,False,False,False,False,-0.20035788804791846,-0.23714377554145977,False,False,False,False,6026746,5233561.654908837,False,False,False,False,743401.9554553973,False,False,False,False
2023-11-03 00:00:00+00:00,73.5769774642,74.0421534046,72.9287003558,73.1513909656,534564,,,,,,,,,,,,,,,,,,,,,,,,,,,,,,,70.73373656690322,76.99958907754312,78.60959077486626,74.94085977943818,73.97061528484616,72.55596053035394,71.7464683369614,,,,74.94085977943818,,,,74.22240290727318,#000000,4.466153805863327,73.84145033534136,-0.059217143573102066,45.38281479836229,-10.467378782180518,True,False,False,False,True,0.0,0.0,0.0,0.0,0.0,0,0.7977160258857361,0.9990864103540483,False,False,False,False,-0.14340633224249705,-0.1902750538919784,False,False,False,False,6561310,5285630.217461432,False,False,False,False,735212.2317120484,False,False,False,False
2023-11-06 00:00:00+00:00,73.2008777678,73.6462589873,72.9930331986,73.3790302556,621469,,,,,,,,,,,,,,,,,,,,,,,,,,,,,,,71.02943513835501,76.9452754917965,78.56570886279185,74.93390314294173,73.9683885482615,72.55794159016145,71.75042147638817,,,,74.93390314294173,,,,74.25015346438518,#000000,4.465249763680891,73.84262366505729,-0.14372004506378983,47.83688490659353,-8.385566846679552,True,False,False,False,True,0.0,0.0,0.0,0.0,0.0,0,0.8016172506739504,1.0032345013460329,False,False,False,False,-0.15079900232097757,-0.17053702810647797,False,False,False,False,5939841,5311285.542266866,False,False,False,False,730751.7128213799,False,False,False,False
2023-11-07 00:00:00+00:00,72.9138543152,73.5967721851,72.8445727921,73.5868748247,575925,,,,,,,,,,,,,,,,,,,,,,,,,,,,,,,71.23240146358063,76.89418107809125,78.52445890118351,74.92688306199736,73.96585614944236,72.5593589865253,71.75368151543067,,,,74.92688306199736,,,,74.26526016517872,#000000,4.475938429756609,73.83966657127414,-0.2068420445462834,48.89404678240727,-7.5021685317665145,True,False,False,False,True,0.0,0.0,0.0,0.0,0.0,0,0.7828457344707987,1.0081394455949093,False,False,False,False,-0.15522029729678935,-0.16287866270163365,False,False,False,False,5363916,5313349.481785812,False,False,False,False,724680.0770244631,False,False,False,False
2023-11-08 00:00:00+00:00,72.8148807108,73.3790302556,72.5476519791,73.3592355347,631677,,,,,,,,,,,,,,,,,,,,,,,,,,,,,,,71.39433212261272,76.83673462079656,78.47824334877069,74.91838174530481,73.96242967349276,72.56033957045686,71.75670607212902,,,,74.91838174530481,,,,74.27245245050906,#000000,4.469373726504737,73.83263335017405,-0.22771705873207052,49.38909331244187,-6.991372371133238,True,False,False,False,True,0.0,0.0,0.0,0.0,0.0,0,0.771871367687582,1.0331654397502055,False,False,False,False,-0.16674434271902133,-0.1648115027103275,False,False,False,False,4732239,5290560.835441271,False,False,False,False,721032.8975333077,False,False,False,False
2023-11-09 00:00:00+00:00,72.0230918761,73.5769774642,71.9835024344,73.5076959412,582884,,,,,,,,,,,,,,,,,,,,,,,,,,,,,,,71.4868420878667,76.78010416355214,78.43335618641936,74.90910218590413,73.95813097071927,72.56025687128714,71.75855671305165,,,,74.90910218590413,,,,74.26947845411435,#000000,4.464300942085653,73.82172299222478,-0.40289199573640044,48.07477278438847,-6.991372371133238,True,False,False,False,True,0.0,0.0,0.0,0.0,0.0,0,0.7608678925908741,1.033238439638582,False,False,False,False,-0.15586197843825003,-0.16033674057428876,False,False,False,False,4149355,5245807.665423966,False,False,False,False,715615.293708472,False,False,False,False
2023-11-10 00:00:00+00:00,72.1319628409,72.3892942122,70.4791036485,71.5876080171,1164828,,,,,,,,,,,,,,,,,,,,,,,,,,,,,,,71.51207466911309,76.64924349756231,78.33286520589016,74.88414399554442,73.94449167200887,72.55573404591438,71.75811870274953,,,,74.88414399554442,,,,74.23381025554038,#000000,4.452919433132406,73.78459337390537,-0.37113416441105956,47.463946098181395,-6.991372371133238,True,False,False,False,True,0.0,0.0,0.0,0.0,0.0,0,0.7577291906413759,1.0357499041034381,False,False,False,False,-0.22100977371893776,-0.19067325714661326,False,False,False,False,5314183,5248489.051093615,False,False,False,False,733231.4782689242,False,False,False,False
2023-11-13 00:00:00+00:00,71.3104819249,72.1022707596,71.0234584723,71.1026373558,1343713,,,,,,,,,,,,,,,,,,,,,,,,,,,,,,,71.50743287616487,76.5009751651668,78.21741937569568,74.85417086105568,73.92767560850329,72.5494814496449,71.75658887530156,,,,74.85417086105568,,,,74.18767774450468,"rgba(239, 83, 80, 0.5)",4.446477841443302,73.73990777079604,-0.5463708428393868,45.39134048823995,-6.991372371133238,True,False,False,True,False,0.0,0.0,0.0,0.0,0.0,0,0.7761937610184375,1.028052425843914,False,False,False,False,-0.21425583493555192,-0.2024645460410826,False,False,False,False,3970470,5198370.65693308,False,False,False,False,757171.9301015154,False,False,False,False
2023-11-14 00:00:00+00:00,74.1906138111,74.507329345,72.8841622339,73.7155405103,1838557,,,,,,,,,,,,,,,,,,,,,,,,,,,,,,,71.88401496672775,76.4012922874115,78.11927603578616,74.84234891102646,73.92705642936896,72.55981515159418,71.77223628513562,,,,74.84234891102646,,,,74.21514858100724,#000000,4.394580948584848,73.90023073015567,0.06607753602487018,49.769937587279486,-6.345402168023369,True,False,False,False,True,0.0,0.0,0.0,0.0,0.0,0,0.8015572858735804,0.9780496848348746,False,False,False,False,-0.1045968353803968,-0.15353069071073971,False,False,False,False,5809027,5222317.964504332,False,False,False,False,799579.1877445932,False,False,False,False
2023-11-15 00:00:00+00:00,69.806083139,71.3896608084,68.8163470956,70.3801300441,3034826,,,,,,,,,,,,,,,,,,,,,,,,,,,,,,70.00403034766667,71.49118763008563,76.0260022022746,77.82833571423735,74.74914414918597,73.86808906595107,72.52699443809833,71.75079433209221,,,,74.74914414918597,,,,73.53057223494898,"rgba(239, 83, 80, 0.5)",4.432036692013555,73.60762525134598,-0.8577415704153105,46.251050249150765,-6.345402168023369,True,False,False,False,False,0.0,0.0,0.0,0.0,0.0,0,0.7605173492813483,0.9826159516030292,False,False,False,False,-0.2921902340809559,-0.2228604623958478,False,False,False,False,2774201,5126313.377661026,False,False,False,False,887235.9254800994,False,False,False,False
2023-11-16 00:00:00+00:00,68.8559365374,69.9149541038,68.8163470956,69.3112151173,1238534,,,,,,,,,,,,,,,,,,,,,,,,,,,,,69.19574591226666,69.76976790431677,71.3108243895863,75.86630068256358,77.70385292162507,74.70582542627645,73.83960228144082,72.5096270384885,71.73821200984526,,,,74.70582542627645,,,,72.9599731740455,"rgba(239, 83, 80, 1.0)",4.507735982943782,73.435761123928,-1.0159921973817876,42.951894869191875,-0.49038563245979105,True,False,False,True,False,0.0,0.0,0.0,0.0,0.0,0,0.7593638836588787,1.0163214061526686,False,False,False,False,-0.332848252545601,-0.2778543574707244,False,False,False,False,1535667,4985503.715791967,False,False,False,False,901012.3205593112,True,False,False,False
2023-11-17 00:00:00+00:00,69.8357752203,70.172285475,69.4992649655,70.0040303477,1046644,,,,,,,,,,,,,,,,,,,,,,,,,,,,,69.48888843116119,69.78275401507815,71.21897867865714,75.74945282647211,77.60912726823996,74.67393297458125,73.81907917012417,72.49789841708503,71.73032777809141,,,,74.67393297458125,,,,72.9522710621656,"rgba(239, 83, 80, 0.5)",4.555569514431809,73.3983360968551,-0.7820231620369531,42.37343469364865,-1.036141795438894,True,False,False,True,False,0.0,0.0,0.0,0.0,0.0,0,0.7581975736597368,1.0079029462763238,False,False,False,False,-0.3068106557434997,-0.2923325066071121,False,False,False,False,2582311,4891260.864192282,False,False,False,False,906723.3668118872,False,False,False,False
2023-11-20 00:00:00+00:00,70.4593089276,70.8156139032,70.1326960333,70.4890010089,995306,,,,,,,,,,,,,,,,,,,,,,,,,,,,,69.78631900690914,69.89094032200306,71.1770649253884,75.65392099779235,77.52830963212482,74.64791019393128,73.80282959358597,72.48947136607319,71.7253772045763,,,,74.64791019393128,,,,72.96690480470937,"rgba(239, 83, 80, 0.5)",4.588657352766558,73.38201623426372,-0.6369417199786283,42.98257756882924,-1.036141795438894,True,False,False,True,False,0.0,0.0,0.0,0.0,0.0,0,0.7608952526615552,1.001529158269693,False,False,False,False,-0.27208234688600197,-0.282207426746557,False,False,False,False,3577617,4839745.418537683,False,False,False,False,910197.1955643622,False,False,False,False
2023-11-21 00:00:00+00:00,71.5975053775,71.6370948192,70.7364350198,71.0630479141,1096300,,,,,,,,,,,,,,,,,,,,,,,,,,,,,70.17139789329586,70.10286603867429,71.1855689279592,75.56931340529293,77.45190488598122,74.62540257721594,73.78965384619985,72.48416165187062,71.72364779390807,,,,74.62540257721594,,,,73.01154633559977,#000000,4.596115771053213,73.38725181564801,-0.3894041245479527,45.10932290210471,-1.036141795438894,True,False,False,True,False,0.0,0.0,0.0,0.0,0.0,0,0.7597353366902583,0.9870425253300908,False,False,False,False,-0.22703806031406013,-0.25462274353030856,False,False,False,False,4673917,4833242.343300911,False,False,False,False,917495.3447579166,False,False,False,False
2023-11-22 00:00:00+00:00,72.0923733992,72.7159071065,71.8548367488,72.4189862935,870031,,,,,,,,,,,,,,,,,,,,,,,,,,,,,70.5112710116571,70.32539152770755,71.2311356336424,75.51818751061151,77.40128051074588,74.61255218774559,73.78306565828356,72.4832140057788,71.725341428747,,,,74.61255218774559,,,,73.06571549721326,#000000,4.601433027972262,73.40697862564102,-0.2856947430179879,47.24230394793739,-1.036141795438894,True,False,False,False,True,0.0,0.0,0.0,0.0,0.0,0,0.7868041524436138,0.9662788267284276,False,False,False,False,-0.16604685864912896,-0.21033480108971875,False,False,False,False,5543948,4861113.153367542,False,False,False,False,915633.9979046651,False,False,False,False
2023-11-24 00:00:00+00:00,72.7653939087,72.864367513,72.2309364452,72.5476519791,523466,,,,,,,,,,,,,,,,,,,,,,,,,,,,,70.70259093151486,70.46182045337784,71.26696567192334,75.4918063672219,77.37360208269742,74.60616610392162,73.78013459820485,72.48351027146033,71.72717103133168,,,,74.60616610392162,,,,73.09930750129486,#000000,4.594359868859819,73.42083973336585,-0.14266314424092097,49.62775906982024,-6.703666092400262,True,False,False,False,True,0.0,0.0,0.0,0.0,0.0,0,0.7871207343583706,0.9630018919516162,False,False,False,False,-0.151681283766394,-0.18100804242805638,False,False,False,False,6067414,4908419.068921755,False,False,False,False,900254.8607319331,False,False,False,False
2023-11-27 00:00:00+00:00,72.4882678165,72.933649036,72.4783704561,72.6268308626,770928,,,,,,,,,,,,,,,,,,,,,,,,,,,,,70.93015394161955,70.63664791724291,71.31697441714142,75.45399145992432,77.33352918258103,74.59689727595554,73.7758935287445,72.48398615702308,71.72989158977468,,,,74.59689727595554,,,,73.13977394111188,#000000,4.5882959375732595,73.43675630164947,-0.20671911708709922,50.74137919283853,-5.496122571625342,True,False,False,False,True,0.0,0.0,0.0,0.0,0.0,0,0.7795877895060846,0.9708194631383306,False,False,False,False,-0.12413872267247426,-0.1525733825502653,False,False,False,False,5296486,4923637.379944432,False,False,False,False,895183.2191346025,False,False,False,False
2023-11-28 00:00:00+00:00,72.7752912691,73.2899540117,72.3194188475,72.3892942122,892907,,,,,,,,,,,,,,,,,,,,,,,,,,,,,71.15412598241808,70.82072647224503,71.37707242924893,75.41386165740981,77.28952001756906,74.58714405450516,73.7717091505009,72.4851250117654,71.73358170001042,,,,74.58714405450516,,,,73.1814296084081,#000000,4.578829436065867,73.45341000005205,-0.1480987095982965,51.93966776648048,-4.159202859443006,True,False,True,False,True,0.0,0.0,0.0,0.0,0.0,0,0.7871686276308725,0.9505984803041938,False,False,False,False,-0.10685507556950549,-0.1297142290598854,False,False,False,False,6189393,4973274.855240729,False,False,False,False,895093.9556391279,False,False,False,False
2023-11-29 00:00:00+00:00,73.8936929981,74.3984583802,73.5571827434,73.5670801038,1127335,,,,,,,,,,,,,,,,,,,,,,,,,,,,,71.52224540668072,71.12491801145833,71.50270568857613,75.38648708259656,77.24912828639599,74.58281822780029,73.77266296034942,72.49186753739652,71.74323443661746,,,,74.58281822780029,,,,73.26400751531904,#000000,4.554970963526894,73.49734828356877,0.08701366434712385,54.4254292494222,-1.6149034698177331,True,False,True,False,True,0.0,0.0,0.0,0.0,0.0,0,0.8067798612323682,0.9266635353968837,False,False,False,False,-0.03396115332375397,-0.08183769119181968,False,False,False,False,7316728,5065174.978564622,False,False,False,False,904201.4475748483,False,False,False,False
2023-11-30 00:00:00+00:00,74.8537369602,75.0813762502,73.7501812718,74.0124613233,887178,,,,,,,,,,,,,,,,,,,,,,,,,,,,,71.80764075458093,71.3691688926826,71.61591519107233,75.37452785274711,77.22379160415277,74.5827063750255,73.77597532200232,72.49933931432795,71.7528624490272,,,,74.5827063750255,,,,73.33354752840208,#000000,4.5401240997390655,73.53698061146498,0.2900265102468653,57.36475567720526,1.2879174330480936,True,False,True,False,True,0.0,0.0,0.0,0.0,0.0,0,0.8083437082902545,0.925622777799316,False,False,False,False,0.058312101210615086,-0.011762794990602295,False,False,False,False,8203906,5188262.469601303,False,False,False,False,903533.8613954425,False,False,False,False
2023-12-01 00:00:00+00:00,75.0714788897,75.1404634919,74.210408532,74.210408532,974866,,,,,,,,,,,,,,,,,,,,,,,,,,,,,72.08820042643033,71.61822400489498,71.74062985466264,75.36563365991826,77.19901512147015,74.58401079858722,73.78071118300696,72.50845830396149,71.76428527562503,,,,74.58401079858722,,,,73.40546318095079,#000000,4.52356849421442,73.57905747534627,0.32992125934702093,59.607194859024204,3.4869366864161933,True,False,True,False,True,0.0,0.0,0.0,0.0,0.0,0,0.8292031991906729,0.9084628572030597,False,False,False,False,0.09707944896823743,0.042658326988817566,False,False,False,False,9178772,5344753.03942086,False,False,False,False,906331.2001642487,False,False,False,False
2023-12-04 00:00:00+00:00,72.4783704561,73.1711856865,71.6568895401,72.0725786783,1462299,,,,,,,,,,,,,,,,,,,,,,,,,,,,,72.13092616634194,71.69831956354614,71.77910350766591,75.2982822927504,77.12685903297354,74.5654670089343,73.77150992775759,72.50802837407483,71.76802924839467,,,,74.5654670089343,,,,73.4051694580488,#000000,4.507844519320421,73.56718053192374,-0.2415367413754296,56.1409183694263,3.4869366864161933,True,False,True,False,False,0.0,0.0,0.0,0.0,0.0,0,0.8050803369421985,0.903939766753693,False,False,False,False,-0.059982396870168014,-0.008662034940675224,False,False,False,False,7716473,5437761.665325924,False,False,False,False,928133.858981337,False,False,False,False
2023-12-05 00:00:00+00:00,71.3401740062,71.8548367488,71.0234584723,71.7657605049,750352,,,,,,,,,,,,,,,,,,,,,,,,,,,,,72.08788832577835,71.68433030957613,71.76880011865666,75.2529111559672,77.08273660298588,74.55153674578308,73.76323709822573,72.50470740961134,71.76699642402875,,,,74.55153674578308,,,,73.384793798957,#000000,4.482137428120815,73.54676802188536,-0.4923084245122071,52.176351953974745,8.705320041013536,True,False,False,False,False,0.0,0.0,0.0,0.0,0.0,0,0.8018447487844087,0.9067863597626452,False,False,False,False,-0.14247358832854606,-0.07556781163461064,False,False,False,False,6966121,5497697.325509221,False,False,False,False,921162.0213742258,False,False,False,False
2023-12-06 00:00:00+00:00,71.1917135997,71.8449393883,71.0036637515,71.5975053775,847765,,,,,,,,,,,,,,,,,,,,,,,,,,,,,72.04129262569184,71.6670063512527,71.75602585658592,75.20213400194943,77.03318486878592,74.53565071490313,73.75372587926933,72.50077778174196,71.7656457088758,,,,74.53565071490313,,,,73.36171597656178,"rgba(239, 83, 80, 0.5)",4.433851293136852,73.52367988412168,-0.5259459847088979,49.322999237347204,6.088739259234501,True,False,False,False,False,0.0,0.0,0.0,0.0,0.0,0,0.8163356604335763,0.9041662049438726,False,False,False,False,-0.1437419566811583,-0.10965488415788446,False,False,False,False,6118356,5522036.881371605,False,False,False,False,918283.7068105307,False,False,False,False
2023-12-07 00:00:00+00:00,71.1620215184,71.5678132962,71.0828426349,71.2708924832,565863,,,,,,,,,,,,,,,,,,,,,,,,,,,,,72.01026430197291,71.65388657193466,71.74641848102377,75.16831706968219,77.00014894218847,74.52488428911295,73.74722009568468,72.49799816470637,71.76458651264603,,,,74.52488428911295,,,,73.34596938099467,"rgba(239, 83, 80, 0.5)",4.370838755081843,73.5080290171662,-0.5367408019887637,47.37529859928557,4.2798347396037,True,False,False,True,False,0.0,0.0,0.0,0.0,0.0,0,0.8212494463631393,0.9025185132070576,False,False,False,False,-0.15220969836024653,-0.1309322912590655,False,False,False,False,5552493,5523231.238964876,False,False,False,False,904463.2869356079,False,False,False,False
2023-12-08 00:00:00+00:00,71.2510977623,71.4094555292,70.7215889791,71.0333558328,629873,,,,,,,,,,,,,,,,,,,,,,,,,,,,71.12738075686669,71.9723816126135,71.63516562001844,71.73306689237903,75.12999142009748,76.96290865294095,74.51245830361295,73.73960099839785,72.49455872974225,71.76307164227651,,,,74.51245830361295,,,,73.10705846289457,"rgba(239, 83, 80, 0.5)",4.289332443333052,73.50907526821331,-0.5264169974567715,46.269269668654154,3.1705684093152584,True,False,False,True,False,0.0,0.0,0.0,0.0,0.0,0,0.8052033531351587,0.9277039763206709,False,False,False,False,-0.16883768465253016,-0.14988498795579783,False,False,False,False,6182366,5549079.660966253,False,False,False,False,893695.0403891135,False,False,False,False
2023-12-11 00:00:00+00:00,71.6173000984,71.8746314696,71.3104819249,71.3896608084,546885,,,,,,,,,,,,,,,,,,,,,,,,,,,,71.34739909748487,71.95903583233171,71.63413658469612,71.73063559778592,75.10116680369327,76.93354812154705,74.50324157588092,73.73421400918072,72.49261566717539,71.76273739038442,,,,74.50324157588092,,,,73.11987306801605,#000000,4.229104978992415,73.5085884792671,-0.44720771658822944,46.355245467007876,3.0697579205293835,True,False,False,True,False,0.0,0.0,0.0,0.0,0.0,0,0.8143988667813622,0.915135627802845,False,False,False,False,-0.0939006629285625,-0.12189282544218016,False,False,False,False,6729251,5595360.8899479695,False,False,False,False,880094.6466483639,False,False,False,False
2023-12-12 00:00:00+00:00,72.4090889331,72.6763176648,71.5975053775,72.1616549222,738725,,,,,,,,,,,,,,,,,,,,,,,,,,,,71.68687169250116,71.97146423469128,71.65721194886582,71.74267746357573,75.0698104047124,76.89899726779267,74.49355283104578,73.72910567139176,72.49183979116164,71.76402736991332,,,,74.49355283104578,,,,73.15055586756516,#000000,4.1331072436149805,73.5175845151283,-0.26819908526224856,48.106419247965704,3.0697579205293835,True,False,False,False,False,0.0,0.0,0.0,0.0,0.0,0,0.8287089022789169,0.8864964327478702,False,False,False,False,-0.040146835897619484,-0.08101983066989982,False,False,False,False,7467976,5668796.776616677,False,False,False,False,874550.7389366634,False,False,False,False
2023-12-13 00:00:00+00:00,74.279690055,74.4182531011,72.7357018274,72.9534437569,782807,,,,,,,,,,,,,,,,,,,,,,,,,,,,72.30316972095912,72.05745445857826,71.7424456362666,71.79445739725936,75.05542323055788,76.87515937436804,74.49048813696596,73.7293996360405,72.4959208863641,71.77002911839945,,,,74.49048813696596,,,,73.23139475957592,#000000,4.017231706669354,73.55872761799415,0.1794674765234278,52.46850748709692,3.0697579205293835,True,False,True,False,True,0.0,0.0,0.0,0.0,0.0,0,0.8595231426071808,0.852732720500693,False,False,False,False,0.1017572782812478,0.01036872380567399,False,False,False,False,8250783,5770051.138317984,False,False,False,False,870952.9452528728,False,False,False,False
2023-12-14 00:00:00+00:00,76.2987515835,76.6253644778,75.4475785862,75.5960389927,1037684,,,,,,,,,,,,,,,,,,,,,,,,,,,,73.36439467259825,72.2947052969351,71.96081441123768,71.93350493087503,75.07137219964939,76.86754909291794,74.50015566116494,73.74070986565567,72.51073604420974,71.78688383390008,,,,74.50015566116494,,,,73.40308260091437,"rgba(38, 166, 154, 0.5)",3.8642142565826316,73.6591533937656,0.6830879486658598,57.839266262739564,0.9234991691026195,True,False,True,False,True,2.8147255922425742,0.0,0.0,0.0,0.0,0,0.8813451652339276,0.8474837619203555,False,False,False,False,0.3428282436012536,0.1765984837034638,False,False,False,False,9288467,5908028.230932965,False,False,False,False,877491.4179880542,False,False,False,False
2023-12-15 00:00:00+00:00,74.9428132041,75.4772706675,74.6557897515,75.031889448,844456,,,,,,,,,,,,,,,,,,,,,,,,,,,,73.67060043154356,72.41847525972568,72.08026108717736,72.01225443360582,75.07081915746899,76.8524862620633,74.50267285465054,73.74562872248237,72.51906468144156,71.79705389161265,,,,74.50267285465054,,,,73.46693167817719,#000000,3.7127550596364944,73.6969816896885,0.33555445872410505,58.60115786660517,1.6000545645826278,True,False,True,False,True,0.36117313160845654,0.0,0.0,0.0,0.0,0,0.8550800938788861,0.8528633457962623,False,False,False,False,0.24109714810886426,0.20884781590616402,False,False,False,False,8444011,6007478.53560226,False,False,False,False,876195.9114002874,False,False,False,False
2023-12-18 00:00:00+00:00,74.5568161472,75.0813762502,74.2339642498,74.9131211228,734001,,,,,,,,,,,,,,,,,,,,,,,,,,,,73.80228613092457,72.5020777464421,72.16361939103217,72.0688246149131,75.06620672394351,76.83676092200747,74.50317647579294,73.74854267908006,72.52510741467299,71.8047496822656,,,,74.50317647579294,,,,73.50213517810747,#000000,3.605875878844032,73.7177745243226,0.23268732786952384,58.36405792334254,1.6000545645826278,True,False,True,False,True,0.0,0.0,0.0,0.0,0.0,0,0.8520295696077542,0.8650939348560392,False,False,False,False,0.19974690533790904,0.20429736062203652,False,False,False,False,7710010,6074244.475382564,False,False,False,False,870619.6403649821,False,False,False,False
2023-12-19 00:00:00+00:00,74.8240448789,75.0714788897,74.3489715781,74.4182531011,562227,,,,,,,,,,,,,,,,,,,,,,,,,,,,73.89277952085783,72.56545140828386,72.22690431161743,72.11255113053498,75.06371139844256,76.82553224569537,74.50395261931305,73.75107622081111,72.52998489771215,71.8108744505886,,,,74.50395261931305,,,,73.52828182038569,#000000,3.5068729366912126,73.73354424828258,0.3109609758619646,58.59242275942041,1.959189991604724,True,False,True,False,True,0.15706060267719124,0.0,0.0,0.0,0.0,0,0.8511738450760885,0.8571155736973347,False,False,False,False,0.20502165141932455,0.20465950602068053,False,False,False,False,8272237,6160440.260661679,False,False,False,False,858525.8113310612,False,False,False,False
2023-12-20 00:00:00+00:00,73.9728718816,75.2195434018,73.9728718816,74.8339422393,710045,,,,,,,,,,,,,,,,,,,,,,,,,,,,73.94621042148746,72.62817510686683,72.2917414621712,72.15851113019814,75.05708586710003,76.80909672354142,74.50349224965463,73.75310978679813,72.53512021174045,71.8176303061878,,,,74.50349224965463,,,,73.55001732657462,#000000,3.4240248072431396,73.74626201326288,0.06618230915201123,57.01311551404512,1.959189991604724,True,False,True,False,True,0.0,0.0,0.0,0.0,0.0,0,0.8326600366262742,0.8713702097877407,False,False,False,False,0.19359199843894398,0.19912575222981227,False,False,False,False,7562192,6215410.917106319,False,False,False,False,852703.0344161177,False,False,False,False
2023-12-21 00:00:00+00:00,76.0117281309,76.0909070144,74.987351326,75.1110683315,698368,,,,,,,,,,,,,,,,,,,,,,,,,,,,74.11401379330034,72.72861798162394,72.38931716008999,72.2274182885804,75.06319887870414,76.80176659872183,74.50815066231108,73.75918990883459,72.54368933077775,71.8276044619837,,,,74.50815066231108,,,,73.59629670649278,"rgba(38, 166, 154, 0.5)",3.3504679327899556,73.77599982896245,0.6672883748736066,58.85474582518421,2.632193233532547,True,False,True,False,True,2.2401334052358806,0.0,0.0,0.0,0.0,0,0.8492641916982816,0.8371855491425328,False,False,False,False,0.28993359295569765,0.24452967259275496,False,False,False,False,8260560,6295612.84192568,False,False,False,False,846650.6801252896,False,False,False,False
2023-12-22 00:00:00+00:00,76.3581357461,76.8530037678,75.9892611227,76.4076225483,423421,,,,,,,,,,,,,,,,,,,,,,,,,,,,74.23958843378908,72.80006654244151,72.45781462239685,72.27611466888179,75.07090173248248,76.800168429284,74.51261867204036,73.7641895667131,72.55001635124232,71.83472185275647,,,,74.51261867204036,,,,73.6306200872028,"rgba(38, 166, 154, 0.5)",3.2522954209276564,73.79862553211383,0.7869857693481362,60.506745253661514,4.446280583274458,True,False,True,False,True,2.8312143674401042,0.0,0.0,0.0,0.0,0,0.8837654591350461,0.8126318276667325,False,False,False,False,0.34282824417631397,0.29367895838453445,False,False,False,False,8683981,6389274.338320752,False,False,False,False,830053.4377674351,False,False,False,False
2023-12-26 00:00:00+00:00,76.6946460009,76.9420800117,76.1898806187,76.2096753396,242997,,,,,,,,,,,,,,,,,,,,,,,,,,,,74.31199349400902,72.84213356109018,72.49810421118727,72.30493981738815,75.07597027874257,76.79973257108709,74.51545580935918,73.7672768139028,72.55383434541335,71.8389827480708,,,,74.51545580935918,,,,73.65084236502506,"rgba(38, 166, 154, 0.5)",3.154012209632828,73.81208965797107,0.9139331592075519,62.03067178623887,6.124120535414882,True,False,True,False,True,3.407723309767107,0.0,0.0,0.0,0.0,0,0.883450052931473,0.808416025874218,False,False,False,False,0.34282824437731857,0.3182536013809265,False,False,False,False,8926978,6488792.12897484,False,False,False,False,807031.6166785161,False,False,False,False
2023-12-27 00:00:00+00:00,77.1499245808,77.1697193017,76.1700858979,76.2591621418,451251,,,,,,,,,,,,,,,,,,,,,,,,,,,,74.44721275679869,72.92227995684804,72.57479843117947,72.3601612752772,75.08663914994455,76.79985971514414,74.52125827945393,73.77343674628104,72.56129087341378,71.84724092870066,,,,74.52125827945393,,,,73.68941781130415,"rgba(38, 166, 154, 1.0)",3.0238509434186236,73.83802523444753,1.0952587969194667,63.62343658061057,7.855110117475064,True,False,True,False,True,4.188653730084734,0.0,0.0,0.0,0.0,0,0.868025788772472,0.819276579300626,False,False,False,False,0.34282824451673616,0.3305409229488313,False,False,False,False,9378229,6602103.378818965,False,False,False,False,793079.4356322999,False,False,False,False
2023-12-28 00:00:00+00:00,77.1796166621,77.9120213342,76.9915668139,77.4072559521,315800,,,,,,,,,,,,,,,,,,,,,,,,,,,,74.5527574433047,72.98384663013418,72.63337672882544,72.40251011469785,75.09628022223927,76.80150960312315,74.52623205583512,73.7784795477847,72.56714115345633,71.85361838728274,,,,74.52623205583512,,,,73.71957518866834,"rgba(38, 166, 154, 1.0)",2.8976537208653026,73.85854993860781,1.146122705959652,64.72447009760177,9.120611567921095,True,False,True,False,True,4.240019194714236,0.0,0.0,0.0,0.0,0,0.9108059854803457,0.8004890369757449,False,False,False,False,0.34282824545325613,0.33668458420104375,False,False,False,False,9694029,6723355.363963319,False,False,False,False,774362.5950192686,False,False,False,False
2023-12-29 00:00:00+00:00,77.3181797082,77.5359216377,76.8727984887,76.9618747326,323515,,,,,,,,,,,,,,,,,,,,,,,,,,,,74.64898638046476,73.0435072799734,72.69044701946301,72.4441347296647,75.10555892188252,76.80283314760128,74.53109659116788,73.783460091917,72.57297147197775,71.8599958072202,,,,74.53109659116788,,,,73.74829914413326,"rgba(38, 166, 154, 1.0)",2.8266191963297094,73.87821315108617,1.2169897386887276,65.6553767465513,10.243819242404037,True,False,True,False,True,4.4835978456836045,0.0,0.0,0.0,0.0,0,0.9346159467089432,0.7904513402617351,False,False,False,False,0.32081040862933013,0.32874749641518697,False,False,False,False,10017544,6852539.232043189,False,False,False,False,756682.2971753757,False,False,False,False
2024-01-02 00:00:00+00:00,76.2492647813,76.8530037678,75.6455257949,76.4868014317,489191,,,,,,,,,,,,,,,,,,,,,,,,,,,,74.7311206356502,73.11001109184615,72.7558569868842,72.49298485835786,75.11298777314748,76.80033110684313,74.53573720974781,73.78880968695245,72.57989092737404,71.86783664060148,,,,74.53573720974781,,,,73.77755669174047,"rgba(38, 166, 154, 0.5)",2.7164098298626396,73.89821893309605,0.8654974747764175,63.31419742963976,10.243819242404037,True,False,True,False,True,2.3866519918614664,0.0,0.0,0.0,0.0,0,0.9152335485295015,0.7895531564791364,False,False,False,False,0.23837900109516907,0.283563248755178,False,False,False,False,9528353,6957473.105296398,False,False,False,False,746192.4423841846,False,False,False,False
2024-01-03 00:00:00+00:00,74.0817428464,75.1209656919,74.027307364,75.0219920876,695574,,,,,,,,,,,,,,,,,,,,,,,,,,,,74.70928007544222,73.14725858100694,72.79798524529333,72.52735106948793,75.10655461734876,76.78506729696832,74.53525619773066,73.79072005851816,72.58477569766801,71.87427740717307,,,,74.53525619773066,,,,73.78585262466373,#000000,2.581738283049233,73.90331314240868,0.0691122354124089,57.31830196974517,12.931254480076404,True,False,True,False,False,0.0,0.0,0.0,0.0,0.0,0,0.893427489537283,0.7958217696065432,False,False,False,False,0.10052284977145227,0.19204304926331514,False,False,False,False,8832779,7031014.512931833,False,False,False,False,744207.405427942,False,False,False,False
2024-01-04 00:00:00+00:00,74.4479451824,75.0516841689,74.4182531011,74.507329345,495562,,,,,,,,,,,,,,,,,,,,,,,,,,,,74.70604549894723,73.17710645258654,72.83080012336355,72.55398468230474,75.1035279064165,76.77534938449793,74.53553899470727,73.79257522713067,72.58867516731709,71.87925939208047,,,,74.53553899470727,,,,73.7942862829352,#000000,2.4659678425345537,73.90873548230925,0.21866047512466524,54.05853107965578,9.988715921095817,True,False,True,False,False,0.0,0.0,0.0,0.0,0.0,0,0.897027735439367,0.79700385353934,False,False,False,False,0.1135150065270586,0.15277902789518688,False,False,False,False,9328341,7121105.74771882,False,False,False,False,734456.6052150816,False,False,False,False
2024-01-05 00:00:00+00:00,74.3093821363,74.9527105645,74.1015375672,74.3885610198,909662,,,,,,,,,,,,,,,,,,,,,,,,,,,,74.68637725476644,73.22235386727802,72.88223571511065,72.59698507219541,75.09590194101843,76.7562149960156,74.53513686632002,73.79522112719948,72.59515327376127,71.88774880811768,,,,74.53513686632002,,,,73.8053328921783,#000000,2.368286972545891,73.9155332217648,0.16630117848928305,51.62287063289742,7.811600051463984,True,False,False,False,False,0.0,0.0,0.0,0.0,0.0,0,0.8856764621802452,0.8004682031719568,False,False,False,False,0.09673171460164617,0.12475537124841653,False,False,False,False,8418679,7171990.973298475,False,False,False,False,741327.4050105686,False,False,False,False
2024-01-08 00:00:00+00:00,76.5560829548,76.744132803,75.2496313775,75.2694260984,675484,,,,,,,,,,,,,,,,,,,,,,,,,,,,74.76853310771718,73.29823643805211,72.95809970850125,72.65624165246098,75.10530791993816,76.75272870557298,74.5411907747701,73.80228803930481,72.60438009185263,71.89823802385263,,,,74.5411907747701,,,,73.83852444620229,"rgba(38, 166, 154, 1.0)",2.297658709158746,73.93872881674535,1.13913965012365,54.04698819502077,7.811600051463984,True,False,True,False,False,2.8682499654341207,0.0,0.0,0.0,0.0,0,0.9185562498023034,0.7624251290367796,False,False,False,False,0.2171587781145178,0.17095707468146717,False,False,False,False,9094163,7247370.268463241,False,False,False,False,738745.3106964286,False,False,False,False
2024-01-09 00:00:00+00:00,75.8830624453,77.1697193017,75.8395140594,76.2789568626,653137,,,,,,,,,,,,,,,,,,,,,,,,,,,,74.8455801106032,73.37075971505604,73.03069156058588,72.7135000594321,75.11519608779187,76.75006555302156,74.54740624430158,73.80940718931535,72.6135397660758,71.90860051137841,,,,74.54740624430158,,,,73.87047467975617,"rgba(38, 166, 154, 0.5)",2.2662632924088575,73.96127669892867,0.847997561805196,54.29089214625928,7.811600051463984,True,False,True,False,False,1.619741157868578,0.0,0.0,0.0,0.0,0,0.9443919608992294,0.7325546147792348,False,False,False,False,0.2600655889429589,0.21551133181221305,False,False,False,False,8441026,7294180.297150957,False,False,False,False,735388.1220416666,False,False,False,False
2024-01-10 00:00:00+00:00,79.3273438762,79.7727250957,78.7780403721,79.5351884453,1684042,,,,,,,,,,,,,,,,,,,,,,,,,,,,75.35696910035965,73.71831091859818,73.3630496061479,72.96986383560748,75.2026682840608,76.78784308392487,74.59031607428473,73.8494513871366,72.6559818629224,71.95317717460644,,,,74.59031607428473,,,,74.04476313276491,"rgba(0, 255, 0, 1.0)",2.319597828856411,74.50200095422657,2.0802498010408903,58.70984297340042,2.140655064425445,True,False,True,False,True,7.2891011018245315,0.0,0.0,0.0,0.0,0,0.9459803478100884,0.7080550396360524,False,False,False,False,0.34282824694135117,0.2791697893767821,False,False,False,False,10125068,7405195.501184253,False,False,False,False,772590.2349027778,False,False,False,False
2024-01-11 00:00:00+00:00,78.8720652963,79.4659069223,78.0010975781,79.3570359575,1205726,,,,,,,,,,,,,,,,,,,,,,,,,,,,75.6173319243741,73.92241105317565,73.56134860508345,73.12754943237576,75.25550157477338,76.80880858745205,74.61726463444312,73.87509603113949,72.68371593121726,71.98255579392551,,,,74.61726463444312,,,,74.14515835679597,"rgba(0, 255, 255, 0.75)",2.3614182967810415,74.56437817175545,1.8241948622218056,60.76783313290688,4.082794903206221,True,False,True,False,True,6.440414629725396,0.0,0.0,0.0,0.0,0,0.9329775558642622,0.7211587063576782,False,False,False,False,0.3028407224663838,0.291005255921583,False,False,False,False,8919342,7464573.79525546,False,False,False,False,789575.9511811003,False,False,False,False
2024-01-12 00:00:00+00:00,79.2283702719,79.7133409331,78.911654738,79.3768306784,448030,,,,,,,,,,,,,,,,,,,,,,,,,,,,75.71813782812119,74.00157073188537,73.6381577193024,73.18902348447,75.27749332452281,76.81845356462495,74.62839382616298,73.88553107896894,72.6948056337866,71.99421403004808,,,,74.62839382616298,,,,74.18457812218932,"rgba(0, 255, 255, 0.75)",2.4326958925611097,74.59473907517487,1.9047309657134779,62.52418440700004,5.798027465890463,True,False,True,False,True,7.000468081201635,0.0,0.0,0.0,0.0,0,0.9350830010266522,0.7299340432096395,False,False,False,False,0.34282824696923947,0.3169167514454112,False,False,False,False,9367372,7539193.332696422,False,False,False,False,776181.9923112533,False,False,False,False
2024-01-16 00:00:00+00:00,77.5359216377,78.1495579846,77.4270506729,77.8526371716,560875,,,,,,,,,,,,,,,,,,,,,,,,,,,,75.78420919988912,74.06875801176777,73.7053428653598,73.24476336681738,75.29396288745544,76.82275245671525,74.63754819158814,73.89473068933493,72.70531936929656,72.00560398696005,,,,74.63754819158814,,,,74.21629910251845,"rgba(38, 166, 154, 1.0)",2.4596651320325966,74.6080319028603,1.190361117336396,60.47153958817864,5.798027465890463,True,False,True,False,True,3.877400245163386,0.0,0.0,0.0,0.0,0,0.9168498199153213,0.7524993802076132,False,False,False,False,0.23299210414550153,0.27495442779545637,False,False,False,False,8806497,7588891.515727935,False,False,False,False,767738.580848067,False,False,False,False
2024-01-17 00:00:00+00:00,75.6653205157,76.6451591987,75.5861416323,76.4076225483,810781,,,,,,,,,,,,,,,,,,,,,,,,,,,,75.792529456895,74.1172409988056,73.75807024482674,73.29246597102666,75.30048761789769,76.81678007119778,74.64323725909149,73.90191736305029,72.71518086360572,72.01698979875671,,,,74.64323725909149,,,,74.23548996451538,#000000,2.443712333243599,74.59682941563793,0.4372409491602645,56.26346950528712,5.798027465890463,True,False,True,False,False,0.62883126295511,0.0,0.0,0.0,0.0,0,0.8901851989503499,0.7790630788366456,False,False,False,False,0.11843120699075245,0.1966928173931044,False,False,False,False,7995716,7604845.417071938,False,False,False,False,769426.5188540252,False,False,False,False
2024-01-18 00:00:00+00:00,76.8035169656,76.9321826513,76.1107017353,76.7837222448,1282005,,,,,,,,,,,,,,,,,,,,,,,,,,,,75.84819657871499,74.21428809516257,73.8597220230967,73.38210349111031,75.32038292087121,76.81458646230205,74.6565068437349,73.91672667895912,72.73374634118835,72.03780142473731,,,,74.6565068437349,,,,74.27840608598775,"rgba(38, 166, 154, 0.5)",2.452197359009213,74.60961767579377,0.8946666881219746,55.05507272918338,11.994755363145174,True,False,True,False,False,2.483166694369771,0.0,0.0,0.0,0.0,0,0.8811988754359495,0.786310019104894,False,False,False,False,0.14583102740508427,0.17126192239909432,False,False,False,False,9277721,7670448.381108332,False,False,False,False,789527.6357617105,False,False,False,False
2024-01-19 00:00:00+00:00,76.9321826513,77.0905404182,76.1799832583,76.5560829548,947396,,,,,,,,,,,,,,,,,,,,,,,,,,,,75.89037999195757,74.28461026554918,73.93335639686532,73.44761989844858,75.3360161499896,76.8139446063716,74.6667864488353,73.92804432953223,72.74776929654121,72.05345638369883,,,,74.6667864488353,,,,74.31019837677896,"rgba(38, 166, 154, 0.5)",2.4785857469622314,74.62464609236528,0.9309891988860357,54.42777704757615,11.246692008295739,True,False,True,False,False,2.691133814751339,0.0,0.0,0.0,0.0,0,0.8816931514277925,0.7793625478291311,False,False,False,False,0.15355379897001253,0.16240786068455343,False,False,False,False,10225117,7770631.464202124,False,False,False,False,795718.5520063493,False,False,False,False
2024-01-22 00:00:00+00:00,78.2485315889,78.4167867163,77.6348952421,78.0307896594,1222403,,,,,,,,,,,,,,,,,,,,,,,,,,,,76.01826290964036,74.41721776729075,74.0666688329125,73.56205978314719,75.37489576052374,76.8270653789965,74.68856438471694,73.94955608556236,72.77186780224436,72.0793513284332,,,,74.68856438471694,,,,74.37555100334679,"rgba(38, 166, 154, 1.0)",2.5334992576973057,74.67600261071408,1.4101164495437752,55.7697783698617,11.246692008295739,True,False,True,False,False,4.793063027316279,0.0,0.0,0.0,0.0,0,0.8952933830362189,0.7679548670896135,False,False,False,False,0.24968960029378537,0.20604873048916938,False,False,False,False,11447520,7914823.171488316,False,False,False,False,812451.2754570808,False,False,False,False
2024-01-23 00:00:00+00:00,76.6451591987,76.7193894019,75.328810261,76.44721199,1229162,,,,,,,,,,,,,,,,,,,,,,,,,,,,76.02996862238203,74.47846849848189,74.13413211290913,73.62648228072797,75.38683722720376,76.82101413350719,74.69834083266545,73.96132428948687,72.78745846734326,72.09715314634263,,,,74.69834083266545,,,,74.40211796110502,"rgba(38, 166, 154, 0.5)",2.554961474324819,74.68540188825976,0.7670398673851352,54.10688919252126,10.605885112401161,False,False,True,False,False,2.01069313994147,0.0,0.0,0.0,0.0,0,0.875360797695673,0.7737808417467857,False,False,False,False,0.1122753710523617,0.15916205077076553,False,False,False,False,10218358,8005157.870645637,False,False,False,False,828792.8724979797,False,False,False,False
2024-01-24 00:00:00+00:00,75.7543967596,77.337974429,75.7148073179,77.2093087434,807118,,,,,,,,,,,,,,,,,,,,,,,,,,,,76.03830150350886,74.5173101218712,74.1769506592356,73.66771154663573,75.3948432555952,76.81735832650006,74.7048505636087,73.96911403133221,72.79773167347037,72.10886626809109,,,,74.7048505636087,,,,74.41930379498491,#000000,2.5634981146706606,74.6929974667163,0.4140433288440522,51.74132629809365,8.146874975187863,False,False,False,False,False,0.5178952103521972,0.0,0.0,0.0,0.0,0,0.8881276179770611,0.7682406958513852,False,False,False,False,0.14616643464306295,0.15266424270691425,False,False,False,False,9411240,8060298.346306592,False,False,False,False,827942.8774980588,False,False,False,False
2024-01-25 00:00:00+00:00,75.5168601092,75.8137809223,75.2001445754,75.7346020388,585970,,,,,,,,,,,,,,,,,,,,,,,,,,,,76.02527029013906,74.53270517799608,74.19608619312898,73.68834842501307,75.39559869807725,76.81110310742582,74.70726666931617,73.97288156161082,72.80353010546271,72.11578536259165,,,,74.70726666931617,,,,74.42485755907616,#000000,2.5669798033548057,74.69166521505795,0.32146528502623595,49.83022945563246,6.1522103766335405,False,True,False,False,False,0.12165568065737276,0.0,0.0,0.0,0.0,0,0.8996330438536079,0.7687313455002374,False,False,False,False,0.07764821113773268,0.11515622692232347,False,False,False,False,8825270,8090297.234686726,False,False,False,False,818453.7450471545,False,False,False,False
2024-01-26 00:00:00+00:00,75.2199392962,76.4571093504,75.1902472149,76.3878278274,1120975,,,,,,,,,,,,,,,,,,,,,,,,,,,,76.00710946101226,74.56409561667006,74.23420079489262,73.72891921124386,75.39840380032128,76.80031961828013,74.71248862402535,73.98055998901263,72.81501069304677,72.12937844345056,,,,74.71248862402535,,,,74.43704862519556,#000000,2.569596005336779,74.69237364011897,0.20531073950353493,48.11943291582783,4.35033647005347,False,True,False,True,False,0.0,0.0,0.0,0.0,0.0,0,0.8927194509434475,0.7569876967074869,False,False,False,False,0.09882795604502045,0.10699209148367196,False,False,False,False,7704295,8075159.892149992,False,False,False,False,830317.3236727563,False,False,False,False
2024-01-29 00:00:00+00:00,75.2991181797,75.5267574697,73.9530771607,74.2005111716,1336741,,,,,,,,,,,,,,,,,,,,,,,,,,,,75.95197073461811,74.57612485831204,74.2555742288682,73.75814042538012,75.39154328105619,76.7802635412267,74.71393375229404,73.9857807505135,72.82521498246899,72.142247815628,,,,74.71393375229404,,,,74.43807943703658,#000000,2.5646692367148303,74.6811100482436,0.24096991635772627,47.131613494089244,3.2085065078038966,False,True,False,True,False,0.0,0.0,0.0,0.0,0.0,0,0.8691157091456575,0.7979993892556506,False,False,False,False,0.026603285588580505,0.06679768853612623,False,False,False,False,9041036,8113037.386575484,False,False,False,False,850177.0756855893,False,False,False,False
2024-01-30 00:00:00+00:00,74.804250158,75.8929598057,74.804250158,75.7741914805,813157,,,,,,,,,,,,,,,,,,,,,,,,,,,,75.92834761250352,74.5878282816961,74.27238291170518,73.77875155976152,75.38957700833217,76.7698295885237,74.71578939290688,73.98973452711351,72.83208027449926,72.15069086655801,,,,74.71578939290688,,,,74.44150120235999,#000000,2.562323412734583,74.67819493275205,0.0491956732009185,45.66199074855568,1.5855979764400914,False,True,False,True,False,0.0,0.0,0.0,0.0,0.0,0,0.9307422500115381,0.7751134305951951,False,False,False,False,0.0670855285572563,0.06694160854669126,False,False,False,False,8227879,8117540.979258798,False,False,False,False,848725.3080116446,False,False,False,False
2024-01-31 00:00:00+00:00,74.3390742176,75.6851152366,74.2499979737,74.7448659954,735183,,,,,,,,,,,,,,,,,,,,,,,,,,,,75.89734340934777,74.59082237922395,74.28034688451507,73.79153425692519,75.38461316916143,76.75813321463865,74.71594529985168,73.99205235286922,72.83717132443354,72.15725408709349,,,,74.71594529985168,,,,74.44052163780599,#000000,2.5617076972408097,74.67185588315542,-0.12990618169038246,43.93065618544824,-0.27245181400952134,False,True,False,True,False,0.0,0.0,0.0,0.0,0.0,0,0.9229345139899674,0.7575966629733916,False,False,False,False,0.02740633367266052,0.04717397110967589,False,False,False,False,7492696,8093037.254581983,False,False,False,False,844272.6684817761,False,False,False,False
2024-02-01 00:00:00+00:00,75.6059363531,75.6653205157,74.3984583802,74.5172267054,581760,,,,,,,,,,,,,,,,,,,,,,,,,,,,75.88350155303701,74.59950333838435,74.29242477476681,73.80617087885388,75.38361564035506,76.75110399544477,74.71742149337153,73.99498439865296,72.8421518900489,72.16334900971516,,,,74.71742149337153,,,,74.44342269726305,#000000,2.5690664280191,74.67094761075433,0.36394105350814593,45.485545355284614,-0.27245181400952134,False,True,False,True,False,0.34982371676535706,0.0,0.0,0.0,0.0,0,0.9236733422818548,0.7702924133212923,False,False,False,False,0.010347509894575856,0.028760740502125872,False,False,False,False,8074456,8092308.57793171,False,False,False,False,833978.0540315104,False,False,False,False
2024-02-02 00:00:00+00:00,74.210408532,74.6854818328,73.5373880225,74.576610868,744994,,,,,,,,,,,,,,,,,,,,,,,,,,,74.1444261291,75.83894394689264,74.59164209830887,74.29003624959363,73.81054199422442,75.37388341362114,76.73590603758623,74.7152941921459,73.99543876422149,72.84562363686643,72.16837943134085,,,74.1444261291,74.7152941921459,,,,74.41001053580925,#000000,2.5610425100001515,74.7790891766864,-0.2220504511213138,44.22287521384967,-0.27245181400952134,False,True,False,True,False,0.0,1.0,74.68548,73.53739,0.0,0,0.8942246819615994,0.7883777489426763,False,False,True,False,-0.08645236675213962,-0.02884581312500687,False,False,False,False,7329462,8062393.025855956,False,False,False,False,830488.4832851767,False,False,False,False
2024-02-05 00:00:00+00:00,74.6260976702,74.9131211228,74.0322560442,74.2401006133,663272,,,,,,,,,,,,,,,,,,,,,,,,,,,74.32311723710518,75.80961394921316,74.59061489601076,74.2933478561339,73.81865497453742,75.36798091257246,76.72448279798111,74.71466340523497,73.99686519224328,72.84959737254265,72.1736923633416,,,74.32311723710518,74.71466340523497,,,,74.42387554153787,#000000,2.562565063451682,74.78125635595553,-0.06054819367065932,44.244791128211034,-0.4593677786053618,False,True,False,True,False,0.0,0.0,0.0,0.0,0.0,0,0.8962136316207889,0.8001231339336181,False,False,False,False,-0.05738965875690138,-0.043117735940954124,False,False,False,False,7992734,8059661.2993518,False,False,False,False,823930.9741367383,False,False,False,False
2024-02-06 00:00:00+00:00,76.1403938166,76.3185463044,75.0516841689,75.1803498545,468710,,,,,,,,,,,,,,,,,,,,,,,,,,,74.70112595437315,75.81003691690407,74.60381306829483,74.30864521205659,73.83474744883893,75.37027045436494,76.72125549254996,74.71726992466749,74.00036870200567,72.85458756091893,72.17952198812785,,,74.70112595437315,74.71726992466749,,,,74.46378570210021,"rgba(38, 166, 154, 0.5)",2.571092823776447,74.8035075477728,0.5199681071271353,47.06661672781721,-0.4593677786053618,False,True,False,True,True,1.3111282939781326,0.0,0.0,0.0,0.0,0,0.8932206146312966,0.792361529179249,False,False,False,False,0.039723847171034714,-0.0016969443849597053,False,False,False,False,8461444,8075417.483690945,False,False,False,False,810000.7398568663,False,False,False,False
2024-02-07 00:00:00+00:00,76.0711122935,76.2294700605,75.2001445754,76.081009654,1063424,,,,,,,,,,,,,,,,,,,,,,,,,,,75.11068729902696,75.81083735611584,74.63266780403161,74.34218012918589,73.87026520953647,75.37534688686962,76.7139926022963,74.72312171946203,74.00825412259013,72.86583541078295,72.19266799818087,,,75.11068729902696,74.72312171946203,,,,74.51325968527989,#000000,2.5731256011653336,74.83150029928491,0.48175339503585773,48.815175371365555,-0.4593677786053618,False,True,False,False,True,1.1891954091856896,0.0,0.0,0.0,0.0,0,0.8923360309774812,0.7985298005342133,False,False,False,False,0.04210406581127747,0.02020356071315888,False,False,False,False,7398020,8048852.87648738,False,False,False,False,819938.906921303,False,False,False,False
2024-02-08 00:00:00+00:00,76.377930467,76.377930467,74.7052765537,75.3782970632,1022020,,,,,,,,,,,,,,,,,,,,,,,,,,,75.2937368693337,75.81113932532138,74.65886019073633,74.3727750926469,73.90300900441132,75.37998441460854,76.70702065478791,74.72862200106833,74.01571453459908,72.87651786465509,72.20516787293823,,,75.2937368693337,74.72862200106833,,,,74.54114071137334,"rgba(38, 166, 154, 0.5)",2.5757677259023746,74.84763752211043,0.5941113903636074,50.54479864797874,-4.573028262166453,False,True,False,False,True,1.718329705169971,0.0,0.0,0.0,0.0,1,0.8837092353758423,0.8008738919202284,False,False,False,False,0.02822531045663018,0.02421443558489453,False,False,False,False,8420040,8063409.2342721885,False,False,False,False,827863.6556694872,False,False,False,False
2024-02-09 00:00:00+00:00,76.4076225483,76.5857750361,75.5663469114,76.2393674209,802892,,,,,,,,,,,,,,,,,,,,,,,,,,,75.44416937198639,75.82024700202855,74.68487654946725,74.40179532950258,73.93273869435681,75.38653392087367,76.70385022329349,74.73434090364631,74.02271300693371,72.88589311474104,72.21591602977603,,,75.44416937198639,74.73434090364631,,,,74.5666431042369,"rgba(38, 166, 154, 0.5)",2.5800904487275407,74.86410462445738,0.5982417882302742,51.75556332590014,-3.294301234874169,False,True,False,False,True,1.7701700023979718,0.0,0.0,0.0,0.0,1,0.8981758081030475,0.8031050906525424,False,False,False,False,0.07110970978543864,0.04766207268516658,False,False,False,False,9222932,8108880.715281122,False,False,False,False,826884.3750549975,False,False,False,False
2024-02-12 00:00:00+00:00,76.5461855943,76.6006210767,75.8830624453,76.0513175727,799541,,,,,,,,,,,,,,,,,,,,,,,,,,,75.57335222201397,75.83258426005756,74.71253166725771,74.43224374943597,73.96359054655703,75.39420822527661,76.70167610316985,74.74060127289957,74.03013905178351,72.8956173646528,72.22698196543381,,,75.57335222201397,74.74060127289957,,,,74.59122967532166,"rgba(38, 166, 154, 0.5)",2.5878895442477847,74.88076245966154,0.6435449064432708,52.85214010538107,-2.1016357621542525,False,True,True,False,True,2.016025733851361,0.0,0.0,0.0,0.0,1,0.8948703518871727,0.8197171468100366,False,False,False,False,0.08445766430271055,0.06605986849393856,False,False,False,False,10022473,8183923.54997598,False,False,False,False,825812.0858371545,False,False,False,False
2024-02-13 00:00:00+00:00,74.0718454859,74.9230184832,73.7650273125,74.507329345,889009,,,,,,,,,,,,,,,,,,,,,,,,,,,75.3915167738096,75.79222300788271,74.70417171140876,74.42917677808227,73.96765546499037,75.38412268951868,76.68537010482123,74.73850209900928,74.03093027140639,72.89985002681773,72.23300470379957,,,75.3915167738096,74.73850209900928,,,,74.56877487559515,#000000,2.546792313217353,74.86135476066188,-0.3100014361848373,48.606587599305726,-2.1016357621542525,False,True,False,False,False,0.0,0.0,0.0,0.0,0.0,1,0.8688133076275377,0.8336962785673797,False,False,False,False,-0.06772712987976333,-0.0008336306929123821,False,False,False,False,9133464,8221160.430369079,True,False,False,False,828290.3961964818,False,False,False,False
2024-02-14 00:00:00+00:00,75.6554231553,75.9424466079,75.2050932556,75.3189129006,749931,,,,,,,,,,,,,,,,,,,,,,,,,,,75.41332316397805,75.78818726424903,74.71773513884803,74.44587709994968,73.98676160823841,75.38572787503763,76.6793120483435,74.74162486888375,74.03561212900784,72.90693498849653,72.24142804732494,,,75.41332316397805,74.74162486888375,,,,74.5765931120325,#000000,2.4774689060975175,74.86560588200705,0.31880007508835523,48.97665133995351,-2.1016357621542525,False,True,False,False,False,0.38525234211223136,0.0,0.0,0.0,0.0,1,0.8683985643521225,0.8147284224936198,False,False,False,False,0.030801812230792692,0.014984090768940155,False,False,False,False,9883395,8286346.09976637,False,False,False,False,825217.4786985805,False,False,False,False
2024-02-15 00:00:00+00:00,77.0806430578,77.1350785402,76.5461855943,76.5560829548,702645,,,,,,,,,,,,,,,,,,,,,,,,,,,75.54727800413377,75.8101448744057,74.74851486561553,74.47848734126534,74.01856845620813,75.39629924563748,76.68056865138786,74.74899188122407,74.04365025839374,72.91677474686308,72.25236723582898,,,75.54727800413377,74.74899188122407,,,,74.6037859600876,"rgba(38, 166, 154, 0.5)",2.429873958782442,74.88561866815192,0.9033490736070782,51.519357205070676,-2.1016357621542525,False,True,False,False,True,2.791280847208615,0.0,0.0,0.0,0.0,1,0.9048923541643009,0.7962280054795008,False,False,False,False,0.13295614884873086,0.07397011980883551,False,False,False,False,10586040,8376530.174285336,False,False,False,False,820410.7148280479,False,False,False,False
2024-02-16 00:00:00+00:00,76.744132803,77.3676665103,76.4076225483,76.7243380822,497179,,,,,,,,,,,,,,,,,,,,,,,,,,,75.62374726926396,75.82408030611548,74.76898821197763,74.50030068566984,74.04004562523603,75.40329982032529,76.6811532075248,74.75398172334124,74.04915185388279,72.92356811997205,72.25994327451939,,,75.62374726926396,74.75398172334124,,,,74.62075091798441,"rgba(38, 166, 154, 0.5)",2.383179020882828,74.8982391609861,0.7745509782685608,52.566266743463885,-2.1016357621542525,False,False,True,False,True,2.191577655490569,0.0,0.0,0.0,0.0,1,0.9202065574984866,0.7815583772513413,False,False,False,False,0.13678738456270176,0.10537875218576864,False,False,False,False,10088861,8443680.402744735,False,False,False,False,807734.9613053793,False,False,False,False
2024-02-20 00:00:00+00:00,77.5062295564,77.7041767651,76.9222852908,77.3082823477,718585,,,,,,,,,,,,,,,,,,,,,,,,,,,75.76190100698987,75.85388498103971,74.805383144674,74.53821054996924,74.0763679678503,75.41704187197291,76.68482865661598,74.76300025216135,74.0585902081611,72.93468782137474,72.27212951794525,,,75.76190100698987,74.76300025216135,,,,74.6514569071595,"rgba(38, 166, 154, 1.0)",2.3655904502707332,74.9218385643859,1.0924929933321015,54.455710999638924,-0.7019920885332809,False,False,True,False,True,3.465972043790348,0.0,0.0,0.0,0.0,0,0.9254263620674581,0.7744429928317852,False,False,False,False,0.1716666572583185,0.1385227047220436,False,False,False,False,10807446,8536377.092833176,False,False,False,False,804238.8843914429,False,False,False,False
2024-02-21 00:00:00+00:00,78.9611415402,79.0106283423,77.3775638708,77.6546899629,934984,,,,,,,,,,,,,,,,,,,,,,,,,,,76.01178421542868,75.9171090112918,74.87036253246694,74.60413815096291,74.13743260261256,75.44426207699247,76.69686601308119,74.77941657500217,74.07473259615442,72.95254502680929,72.2912107966213,,,76.01178421542868,74.77941657500217,,,,74.70725996340217,"rgba(0, 255, 255, 0.75)",2.3941113706206685,74.96622021196558,1.6686447327631007,57.69283965408854,2.4038340803195553,True,False,True,False,True,5.824678784456822,0.0,0.0,0.0,0.0,0,0.9319089803772195,0.755845058190511,False,False,False,False,0.24529947880175093,0.19191109176189725,False,False,False,False,11742430,8662104.657820111,False,False,False,False,809366.1438270726,False,False,False,False
2024-02-22 00:00:00+00:00,79.5747778871,79.9112881418,79.1590887488,79.2382676323,1170347,,,,,,,,,,,,,,,,,,,,,,,,,,,76.38043599598439,76.02453833950345,74.97248865391586,74.7062932232987,74.2303782213593,75.48985900355036,76.72100359441188,74.80584978832646,74.09980405745593,72.97916973392594,72.31916109357306,,,76.38043599598439,74.80584978832646,,,,74.79354379139139,"rgba(0, 255, 255, 0.75)",2.4469847263215927,75.0366804431798,1.8545671311737393,60.58939408667398,5.114743516685358,True,False,True,False,True,6.7926022699747755,0.0,0.0,0.0,0.0,0,0.959364507983557,0.7433110657298269,False,False,False,False,0.34282824509030324,0.2673696684261002,False,False,False,False,12912777,8828797.690846775,False,False,False,False,823522.2558338541,False,False,False,False
2024-02-23 00:00:00+00:00,79.2382676323,79.5450858058,78.9611415402,79.2481649928,857183,,,,,,,,,,,,,,,,,,,,,,,,,,,76.58384735829102,76.09290704906361,75.03977842807521,74.7739997782885,74.29272249362263,75.52019418688265,76.7365749046418,74.82381094481646,74.11701782022195,72.99764920316058,72.3386516951008,,,76.58384735829102,74.82381094481646,,,,74.84701398746955,"rgba(0, 255, 255, 0.75)",2.4976290950951756,75.0810423828786,1.6644686184931594,61.724855049348925,6.178736223151219,True,False,True,False,True,6.1571574809695875,0.0,0.0,0.0,0.0,0,0.9487658808524206,0.7553224633915725,False,False,False,False,0.31484254948694324,0.2911061089565217,False,False,False,False,12055594,8955338.722578274,False,False,False,False,824842.2850168402,False,False,False,False
2024-02-26 00:00:00+00:00,79.7034435727,79.7133409331,78.9215520984,79.1689861093,922805,,,,,,,,,,,,,,,,,,,,,,,,,,,76.78690774993254,76.16775927833778,75.11318950227673,74.84779548873423,74.36074352163185,75.55401426739094,76.7544295987945,74.8438433594239,74.13613114275968,73.01804816830453,72.36010983732717,,,76.78690774993254,74.8438433594239,,,,74.90390653771944,"rgba(0, 255, 255, 0.75)",2.553302960546399,75.12883747329735,1.7916424999654927,63.10395102921627,7.5473356608343565,True,False,True,False,True,6.903403569572049,0.0,0.0,0.0,0.0,0,0.9439713600551703,0.7632338118261071,False,False,False,False,0.3159942109360844,0.3035501599463031,False,False,False,False,12978399,9113105.792281086,False,False,False,False,828683.9601142191,False,False,False,False
2024-02-27 00:00:00+00:00,80.3467720009,80.5051297678,79.5648805266,79.6242646892,1276099,,,,,,,,,,,,,,,,,,,,,,,,,,,77.0863772796434,76.28667354070167,75.22636863928325,74.9608940573066,74.46431983991035,75.60798967573402,76.78499192580512,74.87538812851254,74.16575640177837,73.0490626341927,72.3924510495955,,,77.0863772796434,74.87538812851254,,,,74.99093392476941,"rgba(0, 255, 255, 0.75)",2.618763046061587,75.20292994640258,1.9642258440424227,64.855115659857,9.29963106708216,True,False,True,False,True,7.929397762615189,0.0,0.0,0.0,0.0,0,0.9407177388100116,0.7761388898703805,False,False,False,False,0.3428282419118263,0.32318920092906467,False,False,False,False,14254498,9314729.0161132,False,False,False,False,846229.6479528772,False,False,False,False
2024-02-28 00:00:00+00:00,84.8104815565,85.0678129278,82.7518305863,83.6326956649,2747830,,,,,,,,,,,,,,,,,,,,,,,,,,,78.23569919746366,76.76662103106358,75.64185881517226,75.36787377591864,74.82651343599454,75.82065683593056,76.92661481007062,74.99361670959988,74.27137542593121,73.15276398030072,72.49731021247482,,,78.23569919746366,74.99361670959988,,,,75.31826402090186,"rgba(0, 255, 0, 1.0)",2.84074883470522,75.48691595843934,3.282080233266432,69.7996572997769,13.987231847646271,True,False,True,False,True,14.394409175633179,0.0,0.0,0.0,0.0,0,0.9321478548815562,0.7675005972918628,False,False,False,False,0.342828246856419,0.33300872389274183,False,False,False,False,17002328,9616203.486069545,False,False,False,False,920802.2107782545,False,False,False,False
2024-02-29 00:00:00+00:00,83.6821824671,84.9638906432,83.5683628221,84.7708921148,1773586,,,,,,,,,,,,,,,,,,,,,,,,,,,78.78609733154333,77.04147488945905,75.88620328094447,75.60823816632136,75.04308412336489,75.95025011838815,77.01350613508018,75.06722628665864,74.3374415002327,73.21785472808399,72.56321993026587,,,78.78609733154333,75.06722628665864,,,,75.50132695366752,"rgba(0, 255, 0, 1.0)",2.9825454847669777,75.64901051182365,2.6933946175523222,70.69064888733334,14.786999246468469,True,False,True,False,True,12.225785412292737,0.0,0.0,0.0,0.0,0,0.9655467653066195,0.7636220418532127,False,False,False,False,0.34282824712164606,0.33791848550719394,False,False,False,False,15228742,9836303.035635445,False,False,False,False,954244.7123163623,False,False,False,False
2024-03-01 00:00:00+00:00,85.849704402,85.8991912042,84.2661267326,84.5729449061,1344687,,,,,,,,,,,,,,,,,,,,,,,,,,,79.22335974877046,77.27159645990227,76.08946354596767,75.80779098687259,75.22274552851125,76.06073180636044,77.08956345150338,75.12998521109805,74.39338258876091,73.2723900956117,72.61813892907274,,,79.22335974877046,75.12998521109805,,,,75.65264985022105,"rgba(0, 255, 0, 1.0)",3.197868452181421,75.7841126150739,3.147594073189558,72.75845011690436,16.7831238436449,True,False,True,False,True,15.075437959118641,0.0,0.0,0.0,0.0,0,0.9734637603873249,0.7420050469710188,False,False,False,False,0.34282824766448267,0.3403733665858383,False,False,False,False,16573429,10100504.053845821,False,False,False,False,969556.1745784658,False,False,False,False
2024-03-04 00:00:00+00:00,85.028223486,85.2657601364,84.6719185104,85.0678129278,771024,,,,,,,,,,,,,,,,,,,,,,,,,,,79.43583614114836,77.39240236165861,76.19785536225238,75.91449786966758,75.31949577393817,76.12057137715601,77.13072758020128,75.16440459633493,74.42418581701158,73.30253919237593,72.64855633539332,,,79.43583614114836,75.16440459633493,,,,75.7319156733762,"rgba(0, 255, 0, 1.0)",3.3443642918445318,75.85541905459837,2.742764732230326,72.52838958256932,16.7831238436449,True,False,True,False,True,13.521381798863771,0.0,0.0,0.0,0.0,0,0.969669153267558,0.7441252356685953,False,False,False,False,0.3351636687976804,0.3377685176917593,False,False,False,False,15802405,10324108.012518534,False,False,False,False,961770.5991048004,False,False,False,False
2024-03-05 00:00:00+00:00,84.1275636866,85.0183261256,83.7009874519,84.7214053126,753454,,,,,,,,,,,,,,,,,,,,,,,,,,,79.60431210342976,77.49621381430171,76.29294801342125,76.00847124926493,75.40543440526025,76.17368114110452,77.16696245983003,75.19540659045437,74.45211352105623,73.33007999575428,72.67644327553121,,,79.60431210342976,75.19540659045437,,,,75.80018786994624,"rgba(0, 255, 0, 1.0)",3.478863209600633,75.91723276156438,2.360061442593528,70.68470207715974,16.7831238436449,True,False,True,False,True,11.845115748133257,0.0,0.0,0.0,0.0,0,0.9615470344840642,0.7496032577608853,False,False,False,False,0.2947557251248356,0.31626212140829746,False,False,False,False,15048951,10509395.972811926,False,False,False,False,953601.3207085336,False,False,False,False
2024-03-06 00:00:00+00:00,84.8698657191,85.5923730308,84.5630475457,84.5630475457,554275,,,,,,,,,,,,,,,,,,,,,,,,,,,79.73906568539834,77.57856734767823,76.36771593207409,76.08221574861821,75.4726960536922,76.21577137342737,77.1960814181277,75.21989055674176,74.47406776412028,73.3515896473362,72.69815118743449,,,79.73906568539834,75.21989055674176,,,,75.85416479224081,"rgba(0, 255, 0, 1.0)",3.5615170198305983,75.96615490216485,2.499977051172048,70.11525014161286,16.7831238436449,True,False,True,False,False,12.835112371122186,0.0,0.0,0.0,0.0,0,0.9670090099141265,0.7593004294235252,False,False,False,False,0.34249420347161075,0.3293781624399541,False,False,False,False,15603226,10709154.013093812,False,False,False,False,937941.4649944736,False,False,False,False
2024-03-07 00:00:00+00:00,86.0278568898,86.2554961798,85.6022703912,85.8991912042,730016,,,,,,,,,,,,,,,,,,,,,,,,,,,79.93693364597962,77.69788672673748,76.47490696234455,76.18769729025631,75.56857458663198,76.2765440974687,77.23874506323554,75.25507460165238,74.50544844489869,73.38210593313272,72.72883094158837,,,79.93693364597962,75.25507460165238,,,,75.93206802672057,"rgba(0, 255, 0, 1.0)",3.6464020004361095,76.03680844156192,2.7399744863685247,70.70045144830154,16.7831238436449,True,False,True,False,False,14.348556638973445,0.0,0.0,0.0,0.0,0,0.9578513170277007,0.752707581229041,False,False,False,False,0.3428282481479022,0.3361032052939281,False,False,False,False,16333242,10929706.483168565,False,False,False,False,929787.5251907688,False,False,False,False
2024-03-08 00:00:00+00:00,86.3841618655,87.1282454229,86.0189492655,86.4237513072,893839,,,,,,,,,,,,,,,,,,,,,,,,,,,80.18326878350021,77.84883273305356,76.61033814535348,76.32090105483117,75.68968042061552,76.35408715547798,77.29367043040831,75.30003291857899,74.54546726845341,73.4208904872219,72.76775206907661,,,80.18326878350021,75.30003291857899,,,,76.03044740605192,"rgba(0, 255, 0, 1.0)",3.7528827381264604,76.1262692553835,2.7333368308857726,71.37761355989119,16.7831238436449,True,False,True,False,False,14.808649958699384,0.0,0.0,0.0,0.0,0,0.9609584994508894,0.7433586868009806,False,False,False,False,0.3428282484721427,0.33946572688303545,False,False,False,False,17227081,11176662.34657372,False,False,False,False,928377.7791048563,False,False,False,False
2024-03-11 00:00:00+00:00,87.2452322232,87.3254008427,86.3841618655,86.7998510037,762899,,,,,,,,,,,,,,,,,,,,,,,,,,,80.39407249301095,77.9804717663125,76.728474298201,76.43707079579268,75.79538491484797,76.42239606344228,77.34242451189236,75.33973420485297,74.58075937263824,73.45500600254319,72.80193904801662,,,80.39407249301095,75.33973420485297,,,,76.11615758832279,"rgba(0, 255, 0, 1.0)",3.8883496462906515,76.91357391932397,2.657080572404819,72.51305231780924,17.57396913031404,True,False,True,False,False,15.913950585967825,0.0,0.0,0.0,0.0,0,0.9661081502968818,0.7435672070731748,False,False,False,False,0.3428282486032816,0.34114698774315855,False,False,False,False,17989980,11443851.274159065,False,False,False,False,921888.4152183913,False,False,False,False
2024-03-12 00:00:00+00:00,87.2254375023,87.3145137462,86.5821090741,86.8889272476,735840,,,,,,,,,,,,,,,,,,,,,,,,,,,80.58699707775905,78.10466119842746,76.8405047285292,76.54732687733907,75.89598132873135,76.48779899926905,77.38925608240686,75.37795469660455,74.6147626607709,73.48788422235936,72.83488706712538,,,80.58699707775905,75.37795469660455,,,,76.19709226721112,"rgba(0, 255, 0, 1.0)",4.028387825328791,76.98733235503317,2.541489447191248,73.22266517241009,18.515715100059566,True,False,True,False,False,15.874805748353225,0.0,0.0,0.0,0.0,0,0.9576111655578752,0.7530766950875409,False,False,False,False,0.342828248645629,0.34198761819439377,False,False,False,False,17254140,11671705.733995965,False,False,False,False,914592.3989353172,False,False,False,False
2024-03-13 00:00:00+00:00,86.4336486676,87.2105914617,86.3940592259,86.8394404454,1919782,,,,,,,,,,,,,,,,,,,,,,,,,,,81.01588536650682,78.40071968195116,77.11168762126285,76.81493067403451,76.14191513604831,76.64898652365528,77.50484071590297,75.47345251296846,74.70005464402188,73.57065132389327,72.91796597415632,,,81.01588536650682,75.47345251296846,,,,76.39100819767289,"rgba(0, 255, 0, 1.0)",4.136459130687999,77.15234364012554,2.2437801835432953,71.77682360652328,18.515715100059566,True,False,True,False,False,14.305327688212472,0.0,0.0,0.0,0.0,0,0.9565749056299552,0.7497728840934978,False,False,False,False,0.3344283460205029,0.33820798210744835,False,False,False,False,15334358,11815339.156192202,False,False,False,False,954011.5989770695,False,False,False,False
2024-03-14 00:00:00+00:00,85.0381208465,86.3940592259,84.731302673,86.3445724237,1808031,,,,,,,,,,,,,,,,,,,,,,,,,,,81.2877186090512,78.62076350367313,77.32108284012205,77.02299786191735,76.33633235040911,76.77724151343378,77.59613880017552,75.551729658794,74.77074366328952,73.64006913580101,72.98804372044367,,,81.2877186090512,75.551729658794,,,,76.53753287791912,"rgba(0, 255, 255, 0.75)",4.205559301813135,77.26038989581636,1.8493927662202823,67.82615709172235,22.445805146939733,True,False,True,False,False,11.614983586599173,0.0,0.0,0.0,0.0,0,0.9559264891179533,0.7573959612178471,False,False,False,False,0.26477753823015454,0.30149276016880144,False,False,False,False,13526327,11882436.718694469,False,False,False,False,987502.5558799295,False,False,False,False
2024-03-15 00:00:00+00:00,84.1077689657,85.255862776,84.0978716053,84.9787366839,1007878,,,,,,,,,,,,,,,,,,,,,,,,,,,81.39489712633558,78.72197449862882,77.4207473421807,77.12263546277941,76.43076629557532,76.83980689655824,77.64034286198203,75.59088403923998,74.80643600302798,73.6754731958868,73.0239546752203,,,81.39489712633558,75.59088403923998,,,,76.60617439976501,"rgba(0, 255, 255, 0.75)",4.241799539536618,77.30818801327015,1.6029944105214948,63.45291206880718,18.367120423715818,True,False,True,False,False,9.875597576177942,0.0,0.0,0.0,0.0,0,0.9698082316191291,0.7611675771501369,False,False,False,False,0.21653717167248038,0.2590149659206409,False,False,False,False,12518449,11907378.376784882,False,False,False,False,988301.592904246,False,False,False,False
2024-03-18 00:00:00+00:00,83.2664933288,84.0483848031,83.246698608,83.6326956649,688510,,,,,,,,,,,,,,,,,,,,,,,,,,,81.44245207545721,78.77787034636414,77.47815478593378,77.18045018635466,76.48643819705559,76.87663746995668,77.66599787582585,75.61454989785699,74.82824845087006,73.69737563791332,73.04629998618704,,,81.44245207545721,75.61454989785699,,,,76.64495226452503,"rgba(38, 166, 154, 1.0)",4.260152201689186,77.33134244016286,1.3931781325286459,59.083784378424625,14.430136683569941,False,False,True,False,False,8.331491622475287,0.0,0.0,0.0,0.0,0,0.9579256677841252,0.780158231960264,False,False,False,False,0.1616873879373167,0.2103511769289788,False,False,False,False,11829939,11904341.538479593,False,False,False,False,976545.0598491775,False,False,False,False
2024-03-19 00:00:00+00:00,83.8603349549,83.9593085592,83.2170065267,83.6030035836,979724,,,,,,,,,,,,,,,,,,,,,,,,,,,81.51145178372407,78.85778183037155,77.56009797784807,77.26295038396387,76.56591654681917,76.92958399731158,77.70309753750607,75.6486527124158,74.85966121561421,73.72887425452075,73.07841126933405,,,81.51145178372407,75.6486527124158,,,,76.70058904631175,"rgba(0, 255, 255, 0.75)",4.300116617319845,77.36946451273067,1.5094638168708367,57.13578811786017,12.796063623907301,False,False,True,False,False,9.193809229376193,0.0,0.0,0.0,0.0,0,0.9617921384003816,0.7796950958460023,False,False,False,False,0.15855523412446534,0.18445320552672206,False,False,False,False,12809663,11939844.340892158,False,False,False,False,976669.7241688176,False,False,False,False
2024-03-20 00:00:00+00:00,83.7316692692,83.9577249815,83.1031868817,83.4248510958,829078,,,,,,,,,,,,,,,,,,,,,,,,,,,81.56453044902014,78.92229057163483,77.62686838797754,77.33028132723535,76.63106085261688,76.97321723447244,77.73371426418552,75.67699713595515,74.8858265516226,73.75515796197466,73.10522648108355,,,81.56453044902014,75.67699713595515,,,,76.74592465616169,"rgba(38, 166, 154, 1.0)",4.34342455252354,77.40209413012523,1.4572775611809037,55.593966042849985,11.443499069495132,False,False,True,False,False,8.953731130296909,0.0,0.0,0.0,0.0,0,0.9564465961938802,0.8047588844808684,False,False,False,False,0.15551477765060057,0.16998399158866132,False,False,False,False,11980585,11941442.013798349,False,False,False,False,970881.8134170993,False,False,False,False
2024-03-21 00:00:00+00:00,83.0487513993,83.5733115023,82.9893672367,83.2269038871,783753,,,,,,,,,,,,,,,,,,,,,,,,,,,81.60303431505116,78.97667734301608,77.68457094205183,77.38871161137209,76.68812529051485,77.01152267671772,77.7604423878947,75.70228402732688,74.90930639373934,73.7788875592442,73.12950381372754,,,81.60303431505116,75.70228402732688,,,,76.78482421460512,"rgba(38, 166, 154, 1.0)",4.373479355072221,77.42926128815527,1.2849014834441652,53.26958409256498,9.281757420297915,False,True,False,False,False,7.676891983369046,0.0,0.0,0.0,0.0,0,0.9439233022758138,0.8123329637733233,False,False,False,False,0.1424200915447952,0.15620204156672826,False,False,False,False,11196832,11912241.621100374,False,False,False,False,963543.4285772131,False,False,False,False
2024-03-22 00:00:00+00:00,82.7518305863,82.9992645971,82.3757308898,82.9695725158,428877,,,,,,,,,,,,,,,,,,,,,,,,,,,81.61706818044514,79.00244132465208,77.71285763919646,77.41751642936713,76.71659408292932,77.03062579330938,77.77363834704923,75.7151413668205,74.92133553587378,73.79114307878432,73.14208910127986,,,81.61706818044514,75.7151413668205,,,,76.80367735270066,"rgba(38, 166, 154, 1.0)",4.3623054382916715,77.44147270974074,1.2173283030449291,51.165502743343396,7.298956022385397,False,True,False,False,False,7.122769385085121,0.0,0.0,0.0,0.0,0,0.9308137647025394,0.8448794872357596,False,False,False,False,0.11139135944890047,0.13379670050781436,False,False,False,False,10767955,11867367.635959184,False,False,False,False,942576.1176526165,False,False,False,False
2024-03-25 00:00:00+00:00,82.1183995185,82.9893672367,82.0887074372,82.7419332259,588916,,,,,,,,,,,,,,,,,,,,,,,,,,,81.63045717718266,79.03433323816408,77.74880573230348,77.4542769681187,76.75324985796121,77.05522835244692,77.79051280708558,75.7319403776811,74.93713775084183,73.80733382074484,73.15875845590648,,,81.63045717718266,75.7319403776811,,,,76.82745768531245,"rgba(38, 166, 154, 1.0)",4.316060285851114,77.4561875384579,1.0802008478254441,48.59948723235795,4.860623623528866,False,True,False,True,False,5.94183060123024,0.0,0.0,0.0,0.0,0,0.9375333720819587,0.839150276863139,False,False,False,False,0.10366972356021362,0.11873321203401399,False,False,False,False,10179039,11801158.669843137,False,False,False,False,928707.0934309452,False,False,False,False
2024-03-26 00:00:00+00:00,81.7818892638,82.014477234,81.603736776,81.6532235781,757215,,,,,,,,,,,,,,,,,,,,,,,,,,,81.63411102124667,79.0673263262092,77.78837576882025,77.49512473750268,76.79476597979897,77.0830244821257,77.80923369933733,75.75148758623412,74.9557353552051,73.82661754358405,73.17872028120705,,,81.63411102124667,75.75148758623412,,,,76.853138434661,"rgba(38, 166, 154, 1.0)",4.257213629797019,77.46984240564085,1.0128800744173003,46.28572543364972,2.6544236806033297,False,True,False,True,False,5.315739789084237,0.0,0.0,0.0,0.0,0,0.9175883627697765,0.8557055236583044,False,False,False,False,0.06586609182013256,0.09229965192707328,False,False,False,False,9421824,11707851.427888503,False,False,False,False,921981.9132963982,False,False,False,False
2024-03-27 00:00:00+00:00,82.425217692,82.7617279467,82.0788100768,82.5340886567,825850,,,,,,,,,,,,,,,,,,,,,,,,,,,81.65219928006792,79.11041125637858,77.83721545602546,77.54511895068278,76.84480324912393,77.1169192884377,77.8326039719695,75.77484072034551,74.97773666245448,73.84917546658663,73.20194945730239,,,81.65219928006792,75.77484072034551,,,,76.88572488721591,"rgba(38, 166, 154, 1.0)",4.199565045001062,77.49244236323841,1.1745919579536708,46.30845198801997,2.5768315630492467,False,True,False,True,False,6.3516045592712125,0.0,0.0,0.0,0.0,0,0.9350203042843976,0.8326735318081749,False,False,False,False,0.09750131544875225,0.09490048368791276,False,False,False,False,10247674,11650589.567971308,False,False,False,False,918212.0343435984,False,False,False,False
2024-03-28 00:00:00+00:00,82.4351150524,82.8508041906,81.8214787055,82.0293232746,648985,,,,,,,,,,,,,,,,,,,,,,,,,,,81.66490568698751,79.1429728027891,77.8744454234486,77.58328242782824,76.88313809898519,77.1429926111289,77.85059439776187,75.79293326845261,74.99481341413409,73.86671080505432,73.2200180401055,,,81.66490568698751,75.79293326845261,,,,76.91061881606146,"rgba(38, 166, 154, 1.0)",4.137871026663498,77.5101298246066,1.1902220238518595,46.34792651387322,2.375808233469783,False,True,False,True,False,6.367620704208097,0.0,0.0,0.0,0.0,0,0.9481023099854422,0.8194995297288021,False,False,False,False,0.09313652438187248,0.09401850403489262,False,False,False,False,10896659,11621023.663344983,False,False,False,False,907654.1114281632,False,False,False,False
2024-04-01 00:00:00+00:00,81.1781502773,82.6627543424,81.0395872313,82.4648071337,435722,,,,,,,,,,,,,,,,,,,,,,,,,,,81.66445795075616,79.1595249967891,77.89502820951968,77.60464611560992,76.90513628642462,77.15788737722464,77.86062199735333,75.8036599629965,75.00508473113919,73.87741909924402,73.23112819328139,,,81.66445795075616,75.8036599629965,,,,76.92405408366713,"rgba(38, 166, 154, 0.5)",4.0658867210768195,77.51813315770197,0.9001768545653702,43.903096914971684,-0.19973912400702432,False,True,False,True,False,3.9796955967032055,0.0,0.0,0.0,0.0,0,0.9352164949775195,0.8345598808516769,False,False,False,False,0.06803848471807616,0.08102849437648439,False,False,False,False,10460937,11575530.068704003,False,False,False,False,889146.9698035294,False,False,False,False
2024-04-02 00:00:00+00:00,80.8614347434,81.0643306323,80.5118599729,80.8416400226,517552,,,,,,,,,,,,,,,,,,,,,,,,,,,81.65272252754563,79.17250654582956,77.9139139366008,77.62465216686086,76.926541408471,77.1722510119124,77.86990351962594,75.81457549621547,75.01574855103257,73.88876762020244,73.2430105386155,,,81.65272252754563,75.81457549621547,,,,76.93587212026476,"rgba(38, 166, 154, 0.5)",4.00452142255467,77.52275102546068,0.8337285197514107,41.72205468925974,-2.4536141621708296,False,True,False,True,False,3.3882156224304225,0.0,0.0,0.0,0.0,0,0.924061902728133,0.8591600652747767,False,False,False,False,0.013277107432198714,0.047152800904341555,False,False,False,False,9943385,11511524.379735218,False,False,False,False,874574.6180465283,False,False,False,False
2024-04-03 00:00:00+00:00,83.2170065267,83.2565959684,80.9604083478,80.9604083478,1129949,,,,,,,,,,,,,,,,,,,,,,,,,,,81.67681823931106,79.2282261128734,77.97751802760185,77.68984717210218,76.99215262392413,77.2173907700677,77.90132092481562,75.84612883634314,75.04554497511185,73.91934467748301,73.27450323643785,,,81.67681823931106,75.84612883634314,,,,76.9789814178247,"rgba(38, 166, 154, 1.0)",3.999367988388329,77.55636096732728,1.4153850247858437,45.64389674244211,-2.4536141621708296,False,True,False,True,True,7.239470688593446,0.0,0.0,0.0,0.0,0,0.9190133564336965,0.8406488521045707,False,False,False,False,0.08134315636599705,0.0642479786351693,False,False,False,False,11073334,11494340.443275016,False,False,False,False,884589.2996917624,False,False,False,False
2024-04-04 00:00:00+00:00,82.7518305863,83.5931062232,82.6528569819,82.7023437841,1296605,,,,,,,,,,,,,,,,,,,,,,,,,,,81.71968818589258,79.29978449330501,78.05655760274233,77.7704453205198,77.07253021925101,77.27329059578162,77.94089473264239,75.88478684662111,75.08182168134365,73.95628507365228,73.31240897549574,,,81.71968818589258,75.88478684662111,,,,77.03349942974977,"rgba(38, 166, 154, 1.0)",4.01033316003985,77.6027202497358,1.283960741185164,47.31411692938289,-2.4536141621708296,False,True,False,True,True,6.357789142786359,0.0,0.0,0.0,0.0,0,0.9742042712817632,0.8278482655088308,False,False,False,False,0.13412152343907816,0.09918475103712374,False,False,False,False,9776729,11426983.131774034,False,False,False,False,900746.7781352228,False,False,False,False
2024-04-05 00:00:00+00:00,83.9296164779,84.0780768844,82.677600383,82.8508041906,987876,,,,,,,,,,,,,,,,,,,,,,,,,,,81.76408800291145,79.36052407889208,78.12179268350138,77.83666031349094,77.13801682835187,77.3192733023521,77.97394310483213,75.91626748277696,75.11118726874975,73.98596680562015,73.3427569340664,,,81.76408800291145,75.91626748277696,,,,77.07913425504957,"rgba(0, 255, 255, 0.75)",4.019757201507653,77.64382054692588,1.5637252739087235,50.542089198563566,-5.590230338072423,False,True,False,False,True,8.20782463565023,0.0,0.0,0.0,0.0,0,0.9684566546421916,0.8293404263255743,False,False,False,False,0.14748653065404252,0.12333564084558313,False,False,False,False,10764605,11401007.518763289,False,False,False,False,904163.6103652141,False,False,False,False
2024-04-08 00:00:00+00:00,82.9695725158,84.0879742448,82.9002909928,84.0285900822,845487,,,,,,,,,,,,,,,,,,,,,,,,,,,81.79552159004989,79.4082284706324,78.17397497125184,77.8897906123233,77.19094730742444,77.35658937958681,78.00070680297046,75.94215823250335,75.13544260036927,74.0105854103654,73.36797532722495,,,81.79552159004989,75.94215823250335,,,,77.11562915497292,"rgba(38, 166, 154, 1.0)",4.006231346185936,78.14166370197628,1.2050998548598648,50.730447052393934,-5.344332499438806,False,True,False,False,True,6.383410698138388,0.0,0.0,0.0,0.0,0,0.9801826270806852,0.8070494543346893,False,False,False,False,0.1536022678366168,0.13846895434109996,False,False,False,False,9919118,11342894.204301985,False,False,False,False,901862.5668214803,False,False,False,False
2024-04-09 00:00:00+00:00,81.831376066,82.4351150524,81.3790666941,82.0491179955,962052,,,,,,,,,,,,,,,,,,,,,,,,,,,81.79746244709634,79.44168728760727,78.2158556252432,77.93332981365464,77.23621264917762,77.38838865153078,78.02269326873255,75.96570151727558,75.15805108735371,74.03413928575344,73.39239331518122,,,81.79746244709634,75.96570151727558,,,,77.14417408623694,"rgba(38, 166, 154, 0.5)",3.9821505016864998,78.12386771071158,0.9310317010163831,48.832600388534104,-5.344332499438806,False,True,False,False,True,4.280477387986057,0.0,0.0,0.0,0.0,0,0.963054902529031,0.8352221138673281,False,False,False,False,0.07092748603741943,0.1046982201892597,False,False,False,False,8957066,11249332.313937202,False,False,False,False,904222.9367500497,False,False,False,False
2024-04-10 00:00:00+00:00,81.3464054047,81.8016839846,81.0593819521,81.1682529169,903966,,,,,,,,,,,,,,,,,,,,,,,,,,,81.78929158283188,79.46629546850373,78.24932048365568,77.96852093983092,77.27364877661215,77.4147190320707,78.04058836648629,75.98587516796516,75.17765218485856,74.05479889885046,73.41392138201236,,,81.78929158283188,75.98587516796516,,,,77.16678475306163,"rgba(38, 166, 154, 0.5)",3.9373671616041954,78.1195024842584,0.8195585496595793,46.7757150623465,-5.344332499438806,False,True,False,True,False,3.399679900691158,0.0,0.0,0.0,0.0,0,0.9764747397551402,0.8280489201622981,False,False,False,False,0.046340000695462416,0.07551911044236106,False,False,False,False,8053100,11123989.87025339,False,False,False,False,904212.8607990673,False,False,False,False
2024-04-11 00:00:00+00:00,81.4651737299,81.831376066,80.8416400226,81.7521971825,693893,,,,,,,,,,,,,,,,,,,,,,,,,,,81.78288432184867,79.48454955412583,78.27435073010298,77.99487493519099,77.30177362378676,77.43458161867468,78.0541032966179,76.00119378680301,75.19255938343233,74.07052939246317,73.43032064414749,,,81.78288432184867,76.00119378680301,,,,77.18379284429035,"rgba(38, 166, 154, 0.5)",3.922621003793276,78.12280156825634,0.852076241475153,45.67216638769605,-5.344332499438806,False,True,False,True,False,3.5979146548374104,0.0,0.0,0.0,0.0,0,0.9596970457973331,0.8330527627680572,False,False,False,False,0.04149642816625377,0.058507769304307414,False,False,False,False,8746993,11030774.306714041,False,False,False,False,895965.0231206726,False,False,False,False
2024-04-12 00:00:00+00:00,80.4457456052,81.3167133234,79.8222118979,81.1583555565,966651,,,,,,,,,,,,,,,,,,,,,,,,,,,81.75614516914953,79.49824037557448,78.29918237712704,78.02185252494105,77.33227190087449,77.45602309501886,78.06797654775812,76.01903493523533,75.21036659939033,74.08979203461686,73.45061971074777,,,81.75614516914953,76.01903493523533,,,,77.20013684276672,"rgba(38, 166, 154, 0.5)",3.9058771516259427,78.11420020663346,0.5969325987623468,43.244210510322,-0.8868548764812516,False,True,False,True,False,1.737112547452682,0.0,0.0,0.0,0.0,0,0.9502482950034383,0.8360665869418228,False,False,False,False,0.002035466686330496,0.030271617995318956,False,False,False,False,7780342,10903306.373117412,False,False,False,False,898737.0222139796,False,False,False,False
2024-04-15 00:00:00+00:00,80.257695757,81.6235314968,80.143876112,81.3266106838,701868,,,,,,,,,,,,,,,,,,,,,,,,,,,81.73967081588592,79.50934321072167,78.31803713393754,78.04220962361482,77.35505805876241,77.47214115767758,78.0785478686114,76.03232010634619,75.22357669385669,74.1040237187008,73.46559011546958,,,81.73967081588592,76.03232010634619,,,,77.21277440941678,"rgba(38, 166, 154, 0.5)",3.8915106353543982,78.1141629315007,0.5508228105623774,41.329321507485645,-2.824774364771912,False,True,False,True,False,1.3966621462591355,0.0,0.0,0.0,0.0,0,0.9539894322163994,0.8322964899424337,False,False,False,False,0.018193986048575975,0.024232802021947466,False,False,False,False,7078474,10753312.94672065,False,False,False,False,891016.6684016667,False,False,False,False
2024-04-16 00:00:00+00:00,78.7928864128,79.5747778871,78.4266840768,79.5747778871,1073326,,,,,,,,,,,,,,,,,,,,,,,,,,,81.67572068427836,79.5011238820832,78.32539228072466,78.05252245380551,77.37132111294387,77.48323037270117,78.08380403381169,76.04491536598204,75.2372332335609,74.11992541283324,73.48285610507232,,,81.67572068427836,76.04491536598204,,,,77.2161859034361,#000000,3.8817838473680157,78.08423793036758,0.1825574298560986,37.98355695690613,-6.070104821250368,False,True,False,True,False,0.0,0.0,0.0,0.0,0.0,0,0.9619409496843503,0.8520957231538501,False,False,False,False,-0.0863743507460487,-0.031070774362050614,False,False,False,False,6005148,10567110.399790429,False,False,False,False,898166.0539545425,False,False,False,False
2024-04-17 00:00:00+00:00,78.1891474263,79.1293966675,78.0109949385,79.1096019467,1163755,,,,,,,,,,,,,,,,,,,,,,,,,,,81.59782899839122,79.4850568821124,78.32690395355922,78.0573737496912,77.38317810345352,77.49107492915806,78.08618940721236,76.05615948758823,75.24998502357076,74.13531121478935,73.49978731583394,,,81.59782899839122,76.05615948758823,,,,77.21534991503275,#000000,3.8747223609320196,78.0512249742525,0.035595441221320176,35.02487135769036,-8.877663450234735,False,True,False,True,False,0.0,0.0,0.0,0.0,0.0,0,0.9479009316187558,0.8631243410573656,False,False,False,False,-0.1091355947790632,-0.0701031845705569,False,False,False,False,4841393,10342572.462543746,False,False,False,False,908581.3067406389,False,False,False,False
2024-04-18 00:00:00+00:00,77.6645873234,78.4464787976,77.4765374751,78.2782236702,757057,,,,,,,,,,,,,,,,,,,,,,,,,,,81.54018102274276,79.46918384103564,78.3230591087319,78.0558123612392,77.386603008072,77.49303917615694,78.08522783499116,76.06165212416056,75.25672757314639,74.14392030988208,73.5094532049571,,,81.54018102274276,76.06165212416056,,,,77.21135086955597,#000000,3.8720520846669344,78.02685307978524,-0.09355911244577246,32.44554470341546,-11.306470964883665,False,True,False,True,False,0.0,0.0,0.0,0.0,0.0,0,0.9295361859761921,0.89679857326626,False,False,False,False,-0.14151431406380208,-0.10580874931717948,False,False,False,False,4084336,10097151.424796933,False,False,False,False,902639.1770645354,False,False,False,False
2024-04-19 00:00:00+00:00,78.7335022502,78.9413468193,78.2089421472,78.6048365646,1067463,,,,,,,,,,,,,,,,,,,,,,,,,,,81.47815659104296,79.45773739170217,78.32657726540158,78.06220477230084,77.39898376516648,77.50143835618876,78.08849796374311,76.07260789429525,75.26895095046021,74.1584766030677,73.52539334665815,,,81.47815659104296,76.07260789429525,,,,77.2126386272752,#000000,3.8526837332666926,78.00911770894768,0.1880207645900158,33.70630872056377,-11.306470964883665,False,True,False,True,False,0.0,0.0,0.0,0.0,0.0,0,0.9304308936550254,0.8794963693653118,False,False,False,False,-0.10887337521984145,-0.10734106226851046,False,False,False,False,5151799,9903216.03558921,False,False,False,False,909102.8563953381,False,False,False,False
2024-04-22 00:00:00+00:00,79.7826224562,80.1686195131,79.0997045862,79.7034435727,521596,,,,,,,,,,,,,,,,,,,,,,,,,,,81.45967392729185,79.45922944989523,78.33418649752328,78.07100913292271,77.41006411389502,77.50930144186064,78.09318080400546,76.08012495385596,75.27675859426441,74.1672269064704,73.53475020728675,,,81.45967392729185,76.08012495385596,,,,77.21777327538834,#000000,3.795426635597406,78.00942547998582,0.46719305797754573,37.03808382505217,-11.306470964883665,False,True,False,True,True,0.6776700921506063,0.0,0.0,0.0,0.0,0,0.9462251622629025,0.8612765055416158,False,False,False,False,-0.05304144346224209,-0.08019125286537628,False,False,False,False,5673395,9737340.700860223,False,False,False,False,893906.5090857169,False,False,False,False
2024-04-23 00:00:00+00:00,79.9310828627,80.5942060117,79.9112881418,80.3665667218,940672,,,,,,,,,,,,,,,,,,,,,,,,,,,81.43570908117727,79.4673077636575,78.35231960515249,78.09112711943449,77.43378240631438,77.526321836679,78.1039893840302,76.09533027222554,75.29223816759901,74.18425320434145,73.55281530928595,,,81.43570908117727,76.09533027222554,,,,77.2304721954452,"rgba(38, 166, 154, 0.5)",3.7431491853715966,78.01649290558947,0.5114917579541925,39.595477895704995,-16.94062993011211,False,True,False,True,True,0.9396008834616509,0.0,0.0,0.0,0.0,0,0.943233708235408,0.8553476036210669,False,False,False,False,-0.020603624150977377,-0.05039743850817682,False,False,False,False,6614067,9614859.379257862,False,False,False,False,895740.4499058849,False,False,False,False
2024-04-24 00:00:00+00:00,78.7532969711,79.4560095619,78.684015448,79.4560095619,853714,,,,,,,,,,,,,,,,,,,,,,,,,,,81.39547486567338,79.46199253851235,78.3578309301045,78.09874626730128,77.44573331923107,77.53469942302267,78.10808244259454,76.10503630868817,75.30280365320742,74.19657689068345,73.56620326223687,,,81.39547486567338,76.10503630868817,,,,77.2339254455687,#000000,3.6884634545827435,78.00974797900797,0.20158773463464996,39.28536699537008,-16.94062993011211,False,True,False,True,True,0.0,0.0,0.0,0.0,0.0,0,0.9263353463196446,0.8671709981499203,False,False,False,False,-0.08272055505843914,-0.06655899678330798,False,False,False,False,5760353,9463702.266345788,False,False,False,False,894092.3538311444,False,False,False,False
2024-04-25 00:00:00+00:00,78.0307896594,78.1841987461,77.199411383,77.5557163586,915924,,,,,,,,,,,,,,,,,,,,,,,,,,,81.33383263630273,79.44341059005481,78.35253990076046,78.09602039730848,77.44871610542953,77.5363770319842,78.1065424973006,76.11118321829177,75.31050307330952,74.20652949056883,73.57742356060584,,,81.33383263630273,76.11118321829177,,,,77.22937077290153,#000000,3.6740577760276976,77.99002119546444,0.011096304527807818,38.001055095579375,-16.94062993011211,False,True,False,True,True,0.0,0.0,0.0,0.0,0.0,0,0.9371456039884101,0.8749237050430635,False,False,False,False,-0.21014204812441298,-0.13835052245386048,False,False,False,False,4844429,9282554.29511654,False,False,False,False,894948.4968181583,False,False,False,False
2024-04-26 00:00:00+00:00,77.9615081364,78.1891474263,77.496332196,77.5161269169,1115931,,,,,,,,,,,,,,,,,,,,,,,,,,,81.26311977474768,79.42237141164223,78.34712203831022,78.0936330136606,77.45306074779064,77.5389753079948,78.10516395956294,76.11895268598049,75.32010958292408,74.21884112923487,73.59126322039738,,,81.26311977474768,76.11895268598049,,,,77.224782988386,#000000,3.650621491442041,77.96939057954373,-0.0021592058125463618,37.04159908591779,-16.94062993011211,False,True,False,True,True,0.0,0.0,0.0,0.0,0.0,0,0.9357790476943363,0.8983101106521081,False,False,False,False,-0.2710111743729893,-0.2046808484134249,False,False,False,False,3728498,9064748.165896283,False,False,False,False,903614.4773350933,False,False,False,False
2024-04-29 00:00:00+00:00,77.9120213342,78.7038101689,77.7833556486,78.3969919955,686489,,,,,,,,,,,,,,,,,,,,,,,,,,,81.22416153860864,79.41176982958491,78.34561543437295,78.09390215299518,77.45722645848086,77.54170751485874,78.10526908160482,76.12437326725812,75.32655848673112,74.22688956920544,73.6002277578867,,,81.22416153860864,76.12437326725812,,,,77.2234273719625,#000000,3.6577550648727466,77.95981459919679,-0.013066283594483048,36.322095989292364,-16.94062993011211,False,True,False,True,True,0.0,0.0,0.0,0.0,0.0,0,0.9325053995704559,0.903311951914275,False,False,False,False,-0.24588616028180418,-0.22528350434761454,False,False,False,False,3042009,8828562.316253291,False,False,False,False,895099.7527337171,False,False,False,False
2024-04-30 00:00:00+00:00,76.7837222448,77.2192061038,76.744132803,77.0113615347,541823,,,,,,,,,,,,,,,,,,,,,,,,,,76.91568705053334,81.18224852900252,79.39567497432252,78.33771598960998,78.08758862189384,77.45462067526955,77.53944337999091,78.10174177919106,76.1260505790232,75.32942874658342,74.2312461326416,73.60538469077147,,76.91568705053334,81.18224852900252,76.1260505790232,,,,77.19223592906944,#000000,3.6741624769461048,78.02968668655987,-0.33911522682456036,34.143692725599585,-16.94062993011211,False,True,False,True,False,0.0,1.0,77.21921,76.74413,932.0,0,0.9251171867424252,0.9204167504118589,False,False,False,False,-0.34282825441539394,-0.28405587938150423,False,False,True,False,2500186,8580390.696008064,False,False,False,False,881245.7624304341,False,False,False,False
2024-05-01 00:00:00+00:00,77.723971486,78.8324758545,76.7837222448,76.8134143261,525921,,,,,,,,,,,,,,,,,,,,,,,,,,77.34143522630077,81.15042373380663,79.38562603373796,78.33474164102317,78.0859973359611,77.4561335849508,77.54028511278162,78.10081858223978,76.12944661738365,75.33371760671668,74.23681862316825,73.61167798457008,,77.34143522630077,81.15042373380663,76.12944661738365,,,,77.22559350688671,#000000,3.682227246342115,78.04212620566791,-0.08640279330504864,35.455551460189106,-16.94062993011211,False,True,False,True,False,0.0,0.0,0.0,0.0,0.0,0,0.9216515596473267,0.9041346319236963,False,False,False,False,-0.2825603562704221,-0.28330811782596316,False,False,False,False,3026107,8362575.649105787,False,False,False,False,867311.4580213976,False,False,False,False
2024-05-02 00:00:00+00:00,77.6151005212,77.9417134155,76.9618747326,77.565613719,432281,,,,,,,,,,,,,,,,,,,,,,,,,,77.38892607333601,81.12261843552216,79.37606662841263,78.33112531566641,78.08354198081516,77.45632428012557,77.5401874696905,78.09941930913216,76.13176622386302,75.3368382782224,74.2410328850718,73.61649769519511,,77.38892607333601,81.12261843552216,76.13176622386302,,,,77.22702871458775,#000000,3.68154423268242,78.0361564475102,-0.11436937863528039,36.142016520524294,-16.94062993011211,False,True,False,True,False,0.0,0.0,0.0,0.0,0.0,0,0.9163131433455963,0.938844220136229,False,False,False,False,-0.30827602903831797,-0.29579207343214053,False,False,False,False,2593826,8136350.172670267,False,False,False,False,850251.4400597741,False,False,False,False
2024-05-03 00:00:00+00:00,78.7532969711,79.2580623532,78.545452402,78.7631943315,594700,,,,,,,,,,,,,,,,,,,,,,,,,,77.80437486752011,81.09903455359623,79.3724268237358,78.33423602310621,78.08799487204237,77.46359653362755,77.54534256852334,78.10184884207814,76.1380572950536,75.34377156288018,74.2491955478753,73.6253966156266,,77.80437486752011,81.09903455359623,76.1380572950536,,,,77.26377300880544,#000000,3.650382204252148,78.05480939897504,0.19134642156411114,39.63248443187496,-15.786752884847921,False,True,False,True,True,0.0,0.0,0.0,0.0,0.0,0,0.9022859361793953,0.935706055726976,False,False,False,False,-0.20570312964349682,-0.25074760153781867,False,False,False,False,3188526,7942317.852173394,False,False,False,False,840229.8149593908,False,False,False,False
2024-05-06 00:00:00+00:00,79.5846752475,79.6836488518,78.980936261,79.3174465158,611190,,,,,,,,,,,,,,,,,,,,,,,,,,78.16849049492315,81.08126101408773,79.37273877743341,78.34083419745306,78.09585639551035,77.47399627647864,77.55286738031288,78.1061943250682,76.14583013238821,75.35200983505402,74.25857895614384,73.63549454210128,,78.16849049492315,81.08126101408773,76.14583013238821,,,,77.29867936057957,#000000,3.63188597391552,78.07481166207391,0.4157243912033703,43.82337854657141,-11.792720681971453,False,True,False,True,True,0.7184372342484373,0.0,0.0,0.0,0.0,0,0.9097478640336694,0.9201981113591011,False,False,False,False,-0.1761388624894603,-0.2134432320136395,False,False,False,False,3799716,7779862.877578359,False,False,False,False,831247.8614315715,False,False,False,False
2024-05-07 00:00:00+00:00,80.1389274318,80.3467720009,79.0799098654,79.0799098654,946703,,,,,,,,,,,,,,,,,,,,,,,,,,78.60566073357512,81.06152363205283,79.37798035814819,78.35500223063912,78.1118370911924,77.49347795870443,77.56712060219512,78.11510407249152,76.15940290459024,75.36607544822796,74.27427705490035,73.6522483296674,,78.60566073357512,81.06152363205283,76.15940290459024,,,,77.34497586803205,"rgba(38, 166, 154, 0.5)",3.6140591679666367,78.1040255182585,0.563051632241647,47.753724345381016,-8.170610604367006,False,False,False,False,True,1.7331978119347653,0.0,0.0,0.0,0.0,0,0.9126286213579923,0.9129429068916194,False,False,False,False,-0.1502262470126255,-0.1818347395131325,False,False,False,False,4746419,7660904.294143914,False,False,False,False,835775.5139244511,False,False,False,False
2024-05-08 00:00:00+00:00,79.5252910849,79.9508775835,78.8126811337,79.733135654,667752,,,,,,,,,,,,,,,,,,,,,,,,,,78.73301051569665,81.04320167444021,79.37837303729738,78.3620471409459,78.12022618117594,77.50458678666463,77.57521806412049,78.11981039724266,76.1678212397512,75.37500826521531,74.28445643328547,73.66320428129934,,78.73301051569665,81.04320167444021,76.1678212397512,,,,77.36058033476127,#000000,3.6084743167536906,78.11253622766432,0.39151029859806413,48.89224792257741,-7.176451716392002,False,False,False,False,True,0.5669468434102676,0.0,0.0,0.0,0.0,0,0.895824222509995,0.9292479352286425,False,False,False,False,-0.1727610531296592,-0.17729789632139586,False,False,False,False,4078667,7520424.400255918,False,False,False,False,829186.3565156491,False,False,False,False
2024-05-09 00:00:00+00:00,80.623898093,80.8812294643,79.802417177,79.802417177,671487,,,,,,,,,,,,,,,,,,,,,,,,,,78.96207024200291,81.03642112959723,79.38639844840101,78.3756289831139,78.1349557772171,77.5214023028801,77.58767017890817,78.1281189319836,76.17884111982038,75.38617097948092,74.29664628200923,73.67609488675716,,78.96207024200291,81.03642112959723,76.17884111982038,,,,77.38920160518097,"rgba(38, 166, 154, 0.5)",3.5867086644574018,78.13323216648293,0.6944154542571012,51.864900253649274,-4.383198679341831,False,False,True,False,True,2.5778238304253662,0.0,0.0,0.0,0.0,0,0.8888273095555742,0.9463929905143298,False,False,False,False,-0.10790443817375618,-0.14260116724757602,False,False,False,False,4750154,7411786.345343921,False,False,False,False,823002.0680248394,False,False,False,False
2024-05-10 00:00:00+00:00,81.1682529169,81.2375344399,80.1389274318,80.2972851987,1193795,,,,,,,,,,,,,,,,,,,,,,,,,,79.32608974269048,81.03275877904612,79.40585959974861,78.40408746452924,78.16529654333908,77.55498939030697,77.61270928609589,78.14535736727929,76.20017715334488,75.40750617808143,74.31964674449647,73.70028228117421,,79.32608974269048,81.03275877904612,76.20017715334488,,,,77.43956337751105,"rgba(38, 166, 154, 0.5)",3.5520244704634023,78.17248644173254,0.8433969135287587,54.81717434161576,-1.627971971415647,True,False,True,False,True,3.5537406459946084,0.0,0.0,0.0,0.0,0,0.8802348557193934,0.9384183375782408,False,False,False,False,-0.08475049498191418,-0.11367583111474511,False,False,False,False,5943949,7354224.096506905,False,False,False,False,837542.9673179829,False,False,False,False
2024-05-13 00:00:00+00:00,80.0894406296,81.8808628681,80.030056467,81.2870212421,1527434,,,,,,,,,,,,,,,,,,,,,,,,,,79.59158996496257,81.02386720350172,79.42697776519877,78.43692472351154,78.20058180776049,77.59467297877785,77.64242539427114,78.16563802727295,76.22613878037932,75.43365990567403,74.34802946959744,73.73021304643937,,79.59158996496257,81.02386720350172,76.22613878037932,,,,77.48505992227894,"rgba(38, 166, 154, 0.5)",3.509727209786841,78.20901245505407,0.5357761621194902,54.13852324303922,-1.627971971415647,True,False,True,False,True,1.4698767347781683,0.0,0.0,0.0,0.0,0,0.8757430399428774,0.9527990339648218,False,False,False,False,-0.06695189790057565,-0.09031386450766038,False,False,False,False,4416515,7239019.818212517,False,False,False,False,864597.5176192386,False,False,False,False
2024-05-14 00:00:00+00:00,88.6250341284,88.6647406849,86.6595595812,88.0095825025,1955924,,,,,,,,,,,,,,,,,,,,,,,,,,81.28909346305733,81.23384661247486,79.60662382607273,78.61109051178356,78.37414623907765,77.76159154439021,77.76967988053518,78.26572425517082,76.3129985158901,75.51306799623679,74.42566196332227,73.80819836206057,,81.28909346305733,81.23384661247486,76.3129985158901,,,,77.747643597506,"rgba(0, 255, 0, 1.0)",3.590479444678668,78.45800606396247,2.8316630748313436,62.06423190278423,5.113706919223759,True,False,True,False,True,14.440147826976279,0.0,0.0,0.0,0.0,0,0.8930752972102887,0.9004017062194848,False,False,False,False,0.34282824748070967,0.12625719148652464,False,False,False,False,6372439,7205036.256713986,False,False,False,False,907394.634575347,False,False,False,False
2024-05-15 00:00:00+00:00,89.3099722281,89.3397521455,88.3967214284,89.2404857542,1461408,,,,,,,,,,,,,,,,,,,,,,,,,,82.30355724353201,81.40540933661501,79.75194749758862,78.75101344303437,78.51336757736762,77.895095385129,77.87214090053938,78.34698806950577,76.38273184558025,75.5766043822443,74.4874652565531,73.87011522468629,,82.30355724353201,81.40540933661501,76.38273184558025,,,,77.92970301353131,"rgba(0, 255, 0, 1.0)",3.683242224331185,78.63851731223431,2.897299245043119,67.67839750030234,10.112110941504753,True,False,True,False,True,15.30239580860301,0.0,0.0,0.0,0.0,0,0.9334179496382693,0.8860723555459644,False,False,False,False,0.34282824818434693,0.2345427198354358,False,False,False,False,7833847,7229695.501548733,False,False,False,False,929120.6489057255,False,False,False,False
2024-05-16 00:00:00+00:00,88.4066480676,89.2107058369,88.2180419241,89.0816595282,600878,,,,,,,,,,,,,,,,,,,,,,,,,,82.62666591417847,81.47014825899734,79.80785774091972,78.80523896105458,78.56739925533272,77.94711342008284,77.91222292219707,78.37879461444852,76.41027291044855,75.60177558561503,74.51202301414256,73.89475250536798,,82.62666591417847,81.47014825899734,76.41027291044855,,,,77.99452209189879,"rgba(0, 255, 0, 1.0)",3.7278205989928748,78.70412233939317,2.602734082972801,69.81345784320865,11.85181201077637,True,False,True,False,True,13.604659767980802,0.0,0.0,0.0,0.0,0,0.9223640959764623,0.9011800805705127,False,False,False,False,0.33327092361687255,0.28390682172615417,False,False,False,False,7232969,7229823.874037018,False,False,False,False,916248.3881643246,False,False,False,False
2024-05-17 00:00:00+00:00,88.1783353676,88.4145893789,87.2204146918,87.5728103809,633656,,,,,,,,,,,,,,,,,,,,,,,,,,82.89883997425761,81.53084499007092,79.86160273746282,78.85789398904747,78.61997379322145,77.99799224692842,77.95152622224508,78.4099281035796,76.43758530929288,75.62684503240975,74.53659448816965,73.91945887522118,,82.89883997425761,81.53084499007092,76.43758530929288,,,,78.0540904801589,"rgba(0, 255, 0, 1.0)",3.7462849359251447,78.7650653922041,2.5126946125018383,70.82418489510266,12.724913585889347,True,False,True,False,True,13.177109559756797,0.0,0.0,0.0,0.0,0,0.9023107510038242,0.933904361359196,False,False,False,False,0.278653162151164,0.28127999193865905,False,False,False,False,6599313,7205097.957408116,False,False,False,False,905166.3337265078,False,False,False,False
2024-05-20 00:00:00+00:00,87.4536907113,88.8632734674,87.309754444,88.0095825025,666180,,,,,,,,,,,,,,,,,,,,,,,,,,83.15326145685069,81.59283292290291,79.9169160254487,78.91222608544551,78.67424963418419,78.05059545502905,77.99226059820961,78.44222938064385,76.4660058056959,75.6529589706629,74.56221089508666,73.94522494629656,,83.15326145685069,81.59283292290291,76.4660058056959,,,,78.11341434803805,"rgba(0, 255, 0, 1.0)",3.7662677519529626,78.82625850658033,2.2907113282761147,70.1594906862378,12.724913585889347,True,False,True,False,True,11.820294168952774,0.0,0.0,0.0,0.0,0,0.8980237920930766,0.9407501645944562,False,False,False,False,0.29485253369910863,0.2880662628188838,False,False,False,False,5933133,7155216.978686229,False,False,False,False,895794.3206391938,False,False,False,False
2024-05-21 00:00:00+00:00,88.049289059,88.2478218415,87.4390985518,88.2478218415,985421,,,,,,,,,,,,,,,,,,,,,,,,,,83.48782514690299,81.68285676846658,79.99771898654122,78.99172724306656,78.75369175275749,78.12767265753338,78.05212614138519,78.48979089456168,76.50792135140127,75.69149820932644,74.60002645986246,73.98326383356063,,83.48782514690299,81.68285676846658,76.50792135140127,,,,78.19717662044715,"rgba(0, 255, 0, 1.0)",3.7611804518909926,78.91337650985867,2.429001390919203,70.20959512802901,12.724913585889347,True,False,True,False,True,12.625257291237027,0.0,0.0,0.0,0.0,0,0.8942510907519488,0.9529246717354745,False,False,False,False,0.28020998691464155,0.2841381248667627,False,False,False,False,6918554,7145936.07756128,False,False,False,False,899309.0923788332,False,False,False,False
2024-05-22 00:00:00+00:00,90.0842500801,90.233149667,89.4390185368,89.766597628,733015,,,,,,,,,,,,,,,,,,,,,,,,,,83.80742810065733,81.76921815839604,80.07174733020953,79.06306003267537,78.82466035125259,78.19583005825378,78.1051594391114,78.53233049215805,76.54435360324807,75.72469098193535,74.63223677645462,74.01548256505902,,83.80742810065733,81.76921815839604,76.54435360324807,,,,78.27384982411759,"rgba(0, 255, 0, 1.0)",3.8123522366676306,78.99332098952787,2.909208908845918,71.74139626897707,14.261660534741864,True,False,True,False,True,15.278082660240955,0.0,0.0,0.0,0.0,0,0.9026257291457368,0.9390804130661856,False,False,False,False,0.3428282486535009,0.3134831867601318,False,False,False,False,7651569,7165764.819617701,False,False,False,False,892787.7554228005,False,False,False,False
2024-05-23 00:00:00+00:00,89.1015128065,90.4118291713,88.9426865804,90.3324160582,807393,,,,,,,,,,,,,,,,,,,,,,,,,,84.10210703090746,81.85732101764236,80.14848553054915,79.13746612480132,78.89877945756255,78.26725475900608,78.16090472985118,78.57705168785513,76.58296100669402,75.7599619455245,74.66655743022623,74.04985687721984,,84.10210703090746,81.85732101764236,76.58296100669402,,,,78.35072563315333,"rgba(0, 255, 0, 1.0)",3.8582005864328357,79.07405507148097,2.5989985513661646,70.90640536883917,14.261660534741864,True,False,True,False,True,13.424851926267955,0.0,0.0,0.0,0.0,0,0.89923327951915,0.9357236107545142,False,False,False,False,0.3337041520719261,0.32359366941602896,False,False,False,False,6844176,7153153.493358184,False,False,False,False,889438.9414846515,False,False,False,False
2024-05-24 00:00:00+00:00,88.7739337153,89.3095751626,88.6845939631,89.0022464152,631211,,,,,,,,,,,,,,,,,,,,,,,,,,84.29007216411526,81.91983200279601,80.20404971699482,79.19177731057451,78.95296934022312,78.319698260399,78.20196041340732,78.60997041828287,76.61167456123543,75.7862855144347,74.69226411547409,74.07564842757026,,84.29007216411526,81.91983200279601,76.61167456123543,,,,78.40468352045895,"rgba(0, 255, 0, 1.0)",3.8863248538017063,79.13106767474794,2.4812300575231525,69.73654351637168,14.261660534741864,True,False,True,False,True,12.81172225753604,0.0,0.0,0.0,0.0,0,0.9191352355963391,0.9395389670867067,False,False,False,False,0.295209124485401,0.309401396950715,False,False,False,False,6212965,7116283.356363745,False,False,False,False,879312.355544077,False,False,False,False
2024-05-28 00:00:00+00:00,87.58273702,89.141219363,87.4636173505,89.0220996934,827744,,,,,,,,,,,,,,,,,,,,,,,,,,84.47358416844935,81.99028367386556,80.26877213840586,79.2558761512183,79.01709491015805,78.38217703053385,78.25104492944727,78.64924826008982,76.64650965325517,75.81839607311139,74.72380541864804,74.10738347405885,,84.47358416844935,81.99028367386556,76.64650965325517,,,,78.46534799010347,"rgba(0, 255, 0, 1.0)",3.887604427371828,79.19555450645042,2.1574166482827155,66.79837978066116,14.261660534741864,True,False,True,False,False,10.609104307230954,0.0,0.0,0.0,0.0,0,0.9110692609205358,0.9256637544671239,False,False,False,False,0.2567520463796017,0.28307672166515835,False,False,False,False,5385221,7048398.558074972,False,False,False,False,877290.0670913681,False,False,False,False
2024-05-29 00:00:00+00:00,86.729046055,87.2551579288,86.4709534377,87.0566251462,1046470,,,,,,,,,,,,,,,,,,,,,,,,,86.81838580716665,84.60943358340863,82.05928981217679,80.33626600106903,79.32433621076275,79.08590995198841,78.45002217880074,78.30462397683893,78.69193862826312,76.68548086820122,75.85465139558191,74.75976941838688,74.14374021746126,,84.60943358340863,82.05928981217679,76.68548086820122,,,,79.16337292693126,"rgba(0, 255, 255, 0.75)",3.8688070890392976,79.8081026413587,1.7889088947466507,63.409911011917224,20.03374575072985,True,False,True,False,False,9.067036235131457,0.0,0.0,0.0,0.0,0,0.9100462713373442,0.9319837478203785,False,False,False,False,0.17924751217431123,0.2311621169197348,False,False,False,False,4338751,6942137.869523012,False,False,False,False,883924.5742642557,False,False,False,False
2024-05-30 00:00:00+00:00,87.7018566895,88.1882620068,87.3941308766,87.6919300504,854256,,,,,,,,,,,,,,,,,,,,,,,,,87.24221841023277,84.75177387504993,82.12505130408955,80.39820683150904,79.38622717092817,79.14793355064154,78.51075250863035,78.35265729084121,78.73046414735704,76.72001339862793,75.88660115656319,74.79125298226663,74.1754619274792,,84.75177387504993,82.12505130408955,76.72001339862793,,,,79.24758573493972,"rgba(0, 255, 0, 1.0)",3.8645124391491557,79.88741868954574,2.022101914019135,62.3231809806027,18.837688457820775,True,False,True,False,False,10.419685791978242,0.0,0.0,0.0,0.0,0,0.9151813988725579,0.9121507757241532,False,False,False,False,0.22892372719977622,0.23004292205975552,False,False,False,False,5193007,6873544.502090737,False,False,False,False,882761.1007636966,False,False,False,False
2024-05-31 00:00:00+00:00,88.4761345414,89.0518796108,88.0095825025,88.3371615937,1008427,,,,,,,,,,,,,,,,,,,,,,,,,87.68255920442977,84.94210948963382,82.21084357472377,80.4773338481689,79.46457768922994,79.2263049950509,78.58717016338662,78.41321190804108,78.77927102416207,76.7632563678583,75.92646876378562,74.83036379790097,74.21477869615563,,84.94210948963382,82.21084357472377,76.7632563678583,,,,79.34755765557904,"rgba(0, 255, 0, 1.0)",3.807139868824897,79.9838990402553,2.230607698625451,62.47926538270289,18.74989964295483,True,False,True,False,False,11.478083139205047,0.0,0.0,0.0,0.0,0,0.9218904700008619,0.8958054788754173,False,False,False,False,0.269304605135491,0.24967376359762325,False,False,False,False,6201434,6847187.227498944,False,False,False,False,887689.1752435516,False,False,False,False
2024-06-03 00:00:00+00:00,88.9823931369,89.0121730543,87.969875946,88.208115285,710867,,,,,,,,,,,,,,,,,,,,,,,,,87.87348187399319,85.07000478595965,82.27128342522737,80.53316294344918,79.5198613867909,79.28160192437849,78.64110325957137,78.45606180988784,78.81388331946657,76.79391624295137,75.95473753839046,74.8580856520236,74.24263931829688,,85.07000478595965,82.27128342522737,76.79391624295137,,,,79.40844796002975,"rgba(0, 255, 0, 1.0)",3.79432049523554,80.04552722303107,2.3553271066824193,63.14775961131338,18.74989964295483,True,False,True,False,False,12.16514947981062,0.0,0.0,0.0,0.0,0,0.9255780363421815,0.8935706134500577,False,False,False,False,0.2671156938704304,0.2583947287340268,False,False,False,False,6912301,6849740.708773496,False,False,False,False,880754.9722928241,False,False,False,False
2024-06-04 00:00:00+00:00,89.7467443497,89.846010741,88.83349355,89.3397521455,621856,,,,,,,,,,,,,,,,,,,,,,,,,88.10832430707462,85.1988766616806,82.32991131147152,80.58625181600368,79.57197581403487,79.33363430963367,78.69163914557278,78.4962457883757,78.8464715691804,76.82245435957941,75.98095508549794,74.88368228146277,74.26830605886005,,85.1988766616806,82.32991131147152,76.82245435957941,,,,79.47067142372522,"rgba(0, 255, 0, 1.0)",3.823572692600564,80.10706636250097,2.521118012442623,64.42529851109816,18.74989964295483,True,False,True,False,False,13.195044246069614,0.0,0.0,0.0,0.0,0,0.9478335725683761,0.8746095332134659,False,False,False,False,0.31448991748336774,0.28644232310869727,False,False,False,False,7534157,6876580.563331398,False,False,False,False,870602.0714185957,False,False,False,False
2024-06-05 00:00:00+00:00,90.5905086756,90.6401418712,89.4886517324,89.8956439366,514705,,,,,,,,,,,,,,,,,,,,,,,,,88.33896569229067,85.31804405350778,82.38283427356076,80.63345613646665,79.61799701721091,79.3795166360536,78.736051644433,78.53158483480067,78.87522316581011,76.8473991938921,76.00380312882265,74.90590692372159,74.29054937800863,,85.31804405350778,82.38283427356076,76.8473991938921,,,,79.52779477527532,"rgba(0, 255, 0, 1.0)",3.8590261459807205,80.16303425280576,2.702099967281834,66.14230999670255,18.74989964295483,True,False,True,False,True,14.315442895003002,0.0,0.0,0.0,0.0,0,0.9614828521625635,0.8635706079176496,False,False,False,False,0.3428282487540544,0.3146352859313758,False,False,False,False,8048862,6922552.384377225,False,False,False,False,856645.3235198273,False,False,False,False
2024-06-06 00:00:00+00:00,91.3449332492,91.5930992274,90.6302152321,90.9081611276,1077096,,,,,,,,,,,,,,,,,,,,,,,,,88.86525614684385,85.5948118337257,82.50443618306653,80.74037850151345,79.72152624547542,79.48258138304064,78.83547653036995,78.61079583546163,78.93991167308504,76.90298129423755,76.05455360950496,74.95507519619662,74.33965652090941,,85.5948118337257,82.50443618306653,76.90298129423755,,,,79.6574954579562,"rgba(0, 255, 0, 1.0)",3.9215913608618016,80.29011495768707,2.818962322755511,68.01485924295797,18.74989964295483,True,False,True,False,True,15.302794573021732,0.0,0.0,0.0,0.0,0,0.9836338803833167,0.8380711231463533,False,False,False,False,0.3428282491736512,0.3287317675525135,False,False,False,False,9125958,7008960.447734981,False,False,False,False,865290.4480876772,False,False,False,False
2024-06-07 00:00:00+00:00,90.7096283451,91.4342730014,90.6897750668,90.7989680972,870420,,,,,,,,,,,,,,,,,,,,,,,,,89.13522041186255,85.7911239840708,82.59757634293788,80.82322667817651,79.8020886259063,79.5628500159032,78.91310143774461,78.6728549420685,78.99065807749703,76.94681993353106,76.09465928191945,74.99399650159411,74.37855917103083,,85.7911239840708,82.59757634293788,76.94681993353106,,,,79.74636426186484,"rgba(0, 255, 0, 1.0)",3.9834793734402982,80.38057623276256,2.592972410301911,67.7720402504215,18.74989964295483,True,False,True,False,True,14.057691170977762,0.0,0.0,0.0,0.0,0,0.98189063295174,0.8528239095771574,False,False,False,False,0.3402288306031885,0.334480299077851,False,False,False,False,8255538,7057845.841941453,False,False,False,False,865491.6069861997,False,False,False,False
2024-06-10 00:00:00+00:00,90.7691881798,90.9280144059,89.9849836888,90.2629295844,443328,,,,,,,,,,,,,,,,,,,,,,,,,89.2236393549295,85.87863255108932,82.6420840662621,80.86332779649334,79.84128002962127,79.60193817753456,78.95100743791603,78.70324271298824,79.01551538822264,76.96843369021069,76.11447740038638,75.01327213303354,74.39784587387928,,85.87863255108932,82.6420840662621,76.96843369021069,,,,79.78574589327437,"rgba(0, 255, 0, 1.0)",4.048435064856298,80.4218135569154,2.5558949216471847,67.67981693015395,18.74989964295483,True,False,True,False,True,14.137969046378618,0.0,0.0,0.0,0.0,0,0.975490001575031,0.8611291178568493,False,False,False,False,0.30885830750259946,0.32166930329022525,False,False,False,False,8698866,7122199.573630023,False,False,False,False,848936.1714181135,False,False,False,False
2024-06-11 00:00:00+00:00,89.9651304105,90.2629295844,89.2801923108,89.6673312367,581463,,,,,,,,,,,,,,,,,,,,,,,,,89.2697150594691,85.9716262822617,82.69443755491415,80.91153281273215,79.88880639512047,79.64942411887641,78.99727206881019,78.7404428028162,79.0459202540774,76.99517238496958,76.13908867506179,75.03730656833427,74.42194146237462,,85.9716262822617,82.69443755491415,76.99517238496958,,,,79.82789895690908,"rgba(0, 255, 0, 1.0)",4.084366793563128,80.46771403045359,2.325309371091284,65.66906216639899,18.74989964295483,True,False,True,False,True,12.54928597371919,0.0,0.0,0.0,0.0,0,0.9693138378144824,0.8604456419833043,False,False,False,False,0.27406710538276413,0.2978682043364947,False,False,False,False,8117403,7161227.158977865,False,False,False,False,838447.0274409326,False,False,False,False
2024-06-12 00:00:00+00:00,91.5831725883,91.9703115142,90.9478676841,91.096767271,1220024,,,,,,,,,,,,,,,,,,,,,,,,,89.57383592820167,86.23141226482144,82.826877659624,81.02956382007775,80.00351309321161,79.76368776149992,79.10778891741508,78.8292812485031,79.11891871004894,77.05814096373257,76.19668222040974,75.0931262526403,74.4776877738497,,86.23141226482144,82.826877659624,77.05814096373257,,,,79.94696281646429,"rgba(0, 255, 0, 1.0)",4.158332442777489,81.34092955145397,2.463064985252814,66.3858178684593,18.74989964295483,True,False,True,False,True,14.754132210462416,0.0,0.0,0.0,0.0,0,0.9884788651647316,0.82375720384063,False,False,False,False,0.34282824929944367,0.32034822681796915,False,False,False,False,9337427,7246568.329214028,False,True,False,False,853410.8302863862,False,True,False,False
2024-06-13 00:00:00+00:00,90.6798484277,91.6129525057,90.2728562235,91.56331931,514235,,,,,,,,,,,,,,,,,,,,,,,,,89.64346731518327,86.32120861763644,82.87745021487974,81.07551150807598,80.0485099087758,79.80858043825386,79.15139320240431,78.86446884684496,79.14784143477162,77.0833400205521,76.21981044003438,75.11561998493124,74.50018923805058,,86.32120861763644,82.87745021487974,77.0833400205521,,,,79.98903009003033,"rgba(0, 255, 0, 1.0)",4.212406554406915,81.3751326573063,2.208883603758364,64.83051359756293,18.74989964295483,True,False,True,False,False,12.984532883787175,0.0,0.0,0.0,0.0,0,0.9737320039931646,0.8587865271454868,False,False,False,False,0.3166426304895075,0.31849542865373837,False,False,False,False,8823192,7308396.708460537,False,False,False,False,840109.817333979,False,False,False,False
2024-06-14 00:00:00+00:00,90.0147636062,90.1041033583,89.1908525586,89.8857172975,1126519,,,,,,,,,,,,,,,,,,,,,,,,,89.65691780103569,86.46194188304692,82.971268581357,81.16367565749476,80.13602080674848,79.89612804128681,79.23703973361866,78.9339258088914,79.2048782856582,77.13389733360385,76.26648414970661,75.16129025832699,74.54601028889559,,86.46194188304692,82.971268581357,77.13389733360385,,,,80.05919066382083,"rgba(0, 255, 0, 1.0)",4.2690658426348325,81.42102181023985,2.0130262949179927,62.39685427193237,16.78380805663572,True,False,True,False,False,11.700286477138711,0.0,0.0,0.0,0.0,0,0.9314141101872869,0.8777996578985252,False,False,False,False,0.2526539866046703,0.28557470762920434,False,False,False,False,7696673,7323623.229697378,False,False,False,False,851341.5499875484,False,False,False,False
2024-06-17 00:00:00+00:00,87.8011230808,88.2676751198,87.1757448158,88.1088488937,847007,,,,,,,,,,,,,,,,,,,,,,,,,89.51555558607994,86.50023202038253,83.01966212802665,81.21349817254644,80.1871960986763,79.94767444710435,79.28834435871661,78.97593381072144,79.23923178578531,77.16560612678988,76.29614346955368,75.19071545719235,74.57573030971571,,86.50023202038253,83.01966212802665,77.16560612678988,,,,80.08580952086855,"rgba(38, 166, 154, 1.0)",4.290958250250063,81.42064125642946,1.4869596608167186,56.956675066051446,11.669830077205035,False,False,True,False,False,7.605286954913058,0.0,0.0,0.0,0.0,0,0.905934438795715,0.8881759556299513,False,False,False,False,0.16099618675729266,0.2232854471932485,False,False,False,False,6849666,7305036.671670031,False,False,False,False,851171.5676350956,False,False,False,False
2024-06-18 00:00:00+00:00,88.674667324,88.8434201892,88.0294357807,88.1187755329,575916,,,,,,,,,,,,,,,,,,,,,,,,,89.46762657018368,86.54022104212257,83.05726247798091,81.25087549604072,80.22509426588525,79.98574954296502,79.32601026148572,79.00674848812925,79.26452597806639,77.18861443883542,76.3175687040068,75.21186274219727,74.59703513075019,,86.54022104212257,83.05726247798091,77.18861443883542,,,,80.11070731835763,"rgba(0, 255, 255, 0.75)",4.318959235544168,81.43900644029289,1.6753251163287384,54.75966589160842,9.751512657579553,False,False,False,False,False,8.863136369912826,0.0,0.0,0.0,0.0,0,0.9113265635203809,0.8769426844287056,False,False,False,False,0.19462283706444705,0.20895414212884778,False,False,False,False,7425582,7309763.939447677,False,False,False,False,840377.2316494056,False,False,False,False
2024-06-20 00:00:00+00:00,88.7838603544,89.3198988673,87.7825602656,87.9996558633,833003,,,,,,,,,,,,,,,,,,,,,,,,,89.41322912355636,86.59848233896916,83.11185273789367,81.30509588084189,80.28004224715062,80.0409475930896,79.38061210253974,79.05149333944948,79.30131196577813,77.2220591831094,76.3487111775164,75.24259026019679,74.62798448463985,,86.59848233896916,83.11185273789367,77.2220591831094,,,,80.14803172574855,"rgba(0, 255, 255, 0.75)",4.351243163451308,81.47141131858861,1.6805424935184106,53.473991676145346,8.627851490751382,False,False,False,False,False,9.020207982744608,0.0,0.0,0.0,0.0,0,0.9234464747926271,0.8547288583929361,False,False,False,False,0.20006292824900782,0.2045085351889278,False,False,False,False,8258585,7346972.608488944,False,False,False,False,840088.046094527,False,False,False,False
2024-06-21 00:00:00+00:00,88.4662079023,88.8732001065,88.0393624198,88.3470882328,707350,,,,,,,,,,,,,,,,,,,,,,,,,89.3634571601708,86.6415475593018,83.15597945554455,81.3494664415886,80.32520649020437,80.08635629109334,79.42563784877734,79.08849784544256,79.33176039378893,77.24988691030173,76.37466994921425,75.26824406985446,74.65384206337194,,86.6415475593018,83.15597945554455,77.24988691030173,,,,80.17804249835805,"rgba(0, 255, 255, 0.75)",4.379374296933391,81.49827099358927,1.5910804686390811,52.04910054229815,7.291047573648854,False,False,False,False,False,8.432017395995427,0.0,0.0,0.0,0.0,0,0.9319133760224645,0.852676886920752,False,False,False,False,0.1955628005405007,0.20003566786471427,False,False,False,False,7551235,7354982.898352123,False,False,False,False,834882.6325221926,False,False,False,False
2024-06-24 00:00:00+00:00,89.2603390325,89.9750570497,89.0816595282,89.458871815,650227,,,,,,,,,,,,,,,,,,,,,,,,,89.36691639150442,86.69981291721622,83.20327826500628,81.39532308244375,80.37123186901367,80.13250025042083,79.47108011080743,79.12578663262401,79.36255607233922,77.27757052300986,76.40036041712995,75.29348288836994,74.67920658772685,,86.69981291721622,83.20327826500628,77.27757052300986,,,,80.21377738520096,"rgba(0, 255, 255, 0.75)",4.4172058623503645,81.53658397387964,1.748561262324912,52.526117092631935,7.291047573648854,False,False,False,False,False,9.59997258623791,0.0,0.0,0.0,0.0,0,0.941269522972414,0.8362439210913518,False,False,False,False,0.24687764705127047,0.22345665745799237,False,False,False,False,8201462,7388178.157240275,False,False,False,False,827641.2351683811,False,False,False,False
2024-06-25 00:00:00+00:00,89.141219363,89.3099722281,88.0592156981,88.3470882328,680383,,,,,,,,,,,,,,,,,,,,,,,,,89.34268289350261,86.74539271608606,83.24730753318144,81.43920211862037,80.41573116101227,80.17720623875205,79.51534419942152,79.16225657711017,79.39266582132788,77.3049759486507,76.42589778590562,75.31867591790707,74.70457534960175,,86.74539271608606,83.24730753318144,77.3049759486507,,,,80.24553186623689,"rgba(0, 255, 255, 0.75)",4.448279697957318,81.56848888068205,1.7023953070656512,52.59966291326489,7.291047573648854,False,False,False,False,False,9.373387430651835,0.0,0.0,0.0,0.0,0,0.9429630793283632,0.83949041251747,False,False,False,False,0.20639738314982492,0.21492702030390864,False,False,False,False,7521079,7393389.9549955595,False,False,False,False,821866.4024166799,False,False,False,False
2024-06-26 00:00:00+00:00,89.0220996934,89.0419529717,87.7514898852,87.9301693894,677208,,,,,,,,,,,,,,,,,,,,,,,,,89.31058662803687,86.78405422356028,83.28866529430034,81.48101407632129,80.45835513312669,80.22007185572997,79.55790372407073,79.1974227582863,79.42171525638854,77.3315794547267,76.450739618051,75.34323042929819,74.72932324217787,,86.78405422356028,83.28866529430034,77.3315794547267,,,,80.27497397646728,"rgba(0, 255, 255, 0.75)",4.475078845233542,81.59758674380205,1.6590798076118536,52.387410810782455,7.175870795560961,False,False,False,False,False,9.143425817484967,0.0,0.0,0.0,0.0,0,0.9327984512270271,0.8458782284473699,False,False,False,False,0.19274392679766997,0.2038354735507893,False,False,False,False,6843871,7371840.192054557,False,False,False,False,816193.5238905356,False,False,False,False
2024-06-27 00:00:00+00:00,89.0518796108,89.3635760794,88.7342271588,89.1114394456,567029,,,,,,,,,,,,,,,,,,,,,,,,,89.30142107411538,86.82281865931253,83.32566216626932,81.51781199325357,80.49563418360468,80.25751527081076,79.59497025349647,79.22804908972297,79.44706897703314,77.35463342144388,76.47222016956879,75.36440740737484,74.75063901652891,,86.82281865931253,83.32566216626932,77.35463342144388,,,,80.30252705250271,"rgba(0, 255, 255, 0.75)",4.495599203187492,81.62648016806615,1.6517040570407289,52.31108020808489,6.806549001787886,False,False,False,False,False,9.18918318964619,0.0,0.0,0.0,0.0,0,0.9632808399989156,0.8194984217643297,False,False,False,False,0.22378619415050555,0.21381083385064742,False,False,False,False,7410900,7373371.949228888,False,False,False,False,806422.3660909068,False,False,False,False
2024-06-28 00:00:00+00:00,88.4265013458,88.7511024453,88.0989222546,88.5555476545,686097,,,,,,,,,,,,,,,,,,,,,,,,,89.26567913649538,86.85532256862975,83.3649832726101,81.55820980134453,80.53705000441437,80.29921146670276,79.63649861898614,79.26251323481499,79.4755855347137,77.38092460366362,76.49682818985532,75.38877884454035,74.77522359404033,,86.85532256862975,83.3649832726101,77.38092460366362,,,,80.33052375929319,"rgba(0, 255, 255, 0.75)",4.507956037478091,81.65409794935356,1.502322414003658,50.76606316208775,5.0619431382185525,False,False,False,False,False,7.954108956463841,0.0,0.0,0.0,0.0,0,0.9558472666439056,0.8171891756327908,False,False,False,False,0.1940825119170306,0.203946672883839,False,False,False,False,6724803,7347937.87278854,False,False,False,False,801703.7242834204,False,False,False,False
2024-07-01 00:00:00+00:00,87.423910794,88.8037136326,87.1558915375,88.5754009327,827275,,,,,,,,,,,,,,,,,,,,,,,,,89.19668904463518,86.87774114743172,83.40578428870357,81.60187785912373,80.58246741184995,80.3450646090645,79.6824978293268,79.30088896412853,79.50732265519092,77.41065843088835,76.5248029325929,75.41662799152097,74.80338475447594,,86.87774114743172,83.40578428870357,77.41065843088835,,,,80.35813907068716,"rgba(38, 166, 154, 1.0)",4.515417270242831,81.67936461431987,1.2722071595769038,47.64456860097037,1.9426397789877399,False,True,False,True,False,6.009958272631252,0.0,0.0,0.0,0.0,0,0.9505516255210275,0.808635362419815,False,False,False,False,0.1730936918096149,0.18852018234672696,False,False,False,False,5897528,7291059.054247813,False,False,False,False,802706.5194095607,False,False,False,False
2024-07-02 00:00:00+00:00,88.1386288111,88.2712487099,87.3047911244,87.3246444027,383130,,,,,,,,,,,,,,,,,,,,,,,,,89.16923014814006,86.88897199908989,83.42489548217357,81.62225181994357,80.60362821376984,80.36642256744119,79.70391332499018,79.31877438510489,79.5221336307066,77.42451716935358,76.5378382323363,75.42959789256896,74.8164960656327,,86.88897199908989,83.42489548217357,77.42451716935358,,,,80.37143622548086,"rgba(38, 166, 154, 1.0)",4.53530358949016,81.69199364206153,1.4214340984752416,47.39078784861901,1.5921382245864066,False,True,False,True,False,7.16639523238625,0.0,0.0,0.0,0.0,0,0.9497861563663039,0.8298784417649535,False,False,False,False,0.16409972036163614,0.17630995135418154,False,False,False,False,6280658,7251435.4834929975,False,False,False,False,786252.5382562446,False,False,False,False
2024-07-03 00:00:00+00:00,87.4834706287,88.3470882328,87.1757448158,88.3470882328,440682,,,,,,,,,,,,,,,,,,,,,,,,,89.13342036343204,86.89865726976815,83.44552962306989,81.64464934421979,80.62703469221728,80.39007525688265,79.7277029648079,79.33869152027911,79.53862692544377,77.44005438671222,76.55248407058475,75.44420106817326,74.83127300121183,,86.89865726976815,83.44552962306989,77.44005438671222,,,,80.38556926821558,"rgba(38, 166, 154, 1.0)",4.548480301936778,81.70506798602511,1.270402916819141,45.874565395227584,0.018396241554910375,False,True,False,True,False,5.897988201527159,0.0,0.0,0.0,0.0,0,0.940384187944997,0.8461775895663123,False,False,False,False,0.16285421700845742,0.16958208418131948,False,False,False,False,5839976,7196084.131199155,False,False,False,False,772700.7524422742,False,False,False,False
2024-07-05 00:00:00+00:00,88.7937869935,89.3397521455,88.0592156981,89.220632476,734655,,,,,,,,,,,,,,,,,,,,,,,,,89.11801901457184,86.93582583229926,83.48802611932919,81.68814009864528,80.67154643987202,80.43487210418205,79.77231054492378,79.3758916016888,79.56954751650088,77.46853056107288,76.57913919950838,75.47057702166595,74.85786400243421,,86.93582583229926,83.48802611932919,77.46853056107288,,,,80.41771461974574,"rgba(0, 255, 255, 0.75)",4.5728355970941275,81.73879067921233,1.5428055884560719,47.9007772147485,0.018396241554910375,False,True,False,True,True,8.008501150629861,0.0,0.0,0.0,0.0,0,0.9360364730919131,0.8343192999207847,False,False,False,False,0.2071056222897217,0.1883438532355206,False,False,False,False,6574631,7171713.420171738,False,False,False,False,771208.7621504203,False,False,False,False
2024-07-08 00:00:00+00:00,88.8930533848,89.7368177106,88.7044472414,89.5978447628,611986,,,,,,,,,,,,,,,,,,,,,,,,,89.11781576994488,86.97197935855392,83.52544020338445,81.72589902515071,80.70998736717495,80.4735181260304,79.81069776464594,79.40790731759806,79.59621004407111,77.49294026722858,76.60194719214765,75.49309724887584,74.88054286576727,,86.97197935855392,83.52544020338445,77.49294026722858,,,,80.44676788850568,"rgba(0, 255, 255, 0.75)",4.5989849016135205,81.77001093270763,1.5488292752588284,49.46153938674206,0.018396241554910375,False,True,False,False,True,8.166296011124928,0.0,0.0,0.0,0.0,0,0.9558713547174759,0.8190488324931938,False,False,False,False,0.2320288774758109,0.21018636535566576,False,False,False,False,7186617,7172297.874282651,False,False,False,False,764964.7322621685,False,False,False,False
2024-07-09 00:00:00+00:00,88.3371615937,89.141219363,88.2279685633,89.141219363,578061,,,,,,,,,,,,,,,,,,,,,,,,,89.10225032656092,86.99665615112153,83.55693690207956,81.75861896009923,80.74365252805664,80.50743351442193,79.8445696023833,79.43627507933928,79.61982957469812,77.51483052296221,76.62248347613821,75.51345598821763,74.90108403015587,,86.99665615112153,83.55693690207956,77.51483052296221,,,,80.47062128124881,"rgba(38, 166, 154, 1.0)",4.617308396836168,81.79473012462063,1.4169362119199842,49.192382634711386,0.018396241554910375,False,True,False,False,True,7.061769893164374,0.0,0.0,0.0,0.0,1,0.9635956164609456,0.8159125854793127,False,False,False,False,0.2063973831522032,0.20829187425393447,False,False,False,False,6608556,7150190.349800979,False,False,False,False,757635.1741342404,False,False,False,False
2024-07-10 00:00:00+00:00,88.0294357807,88.128702172,87.1410015788,87.8011230808,1105358,,,,,,,,,,,,,,,,,,,,,,,,87.76637984383335,89.0335546830117,87.01874909517045,83.60661269890048,81.81305196816334,80.80071056545103,80.56512387579554,79.90272410762375,79.48530981282656,79.6606311265559,77.5534276195918,76.65893251446231,75.54982775032084,74.93789540837744,,87.01874909517045,83.60661269890048,77.5534276195918,,,,81.0252093621489,"rgba(38, 166, 154, 1.0)",4.628918824634704,82.36475482924456,1.2237589739764927,48.30715368492462,0.018396241554910375,False,True,False,True,True,6.450727713570167,0.0,0.0,0.0,0.0,1,0.9443900884040902,0.8285022542487905,False,False,True,False,0.15693556658765864,0.18261372042079654,False,False,False,False,5503198,7085602.414514666,False,False,False,False,771271.363383878,False,False,False,False
2024-07-11 00:00:00+00:00,89.8757906584,90.1338832757,88.9823931369,89.1213660847,1282086,,,,,,,,,,,,,,,,,,,,,,,,88.78543658365041,89.06904265575632,87.10397676918844,83.6884058857715,81.89470024480762,80.88345670045713,80.64823279591445,79.98513762441672,79.55433463488438,79.7184073013138,77.60608416751508,76.70808348512205,75.59825638145897,74.98660630296092,,87.10397676918844,83.6884058857715,77.60608416751508,,,,81.15929725237272,"rgba(0, 255, 255, 0.75)",4.65983518882004,82.48557384054936,1.5859395275569796,51.69351299530966,-2.4233355500042464,False,True,False,False,True,9.439532348640064,0.0,0.0,0.0,0.0,1,0.9535552038228894,0.8211806055571677,False,False,False,False,0.24832020462693202,0.21546696252386427,False,False,False,False,6785284,7073825.221788601,False,False,False,False,791303.3099178437,False,False,False,False
2024-07-12 00:00:00+00:00,91.0669873537,91.9008250404,90.0346168844,90.1338832757,852975,,,,,,,,,,,,,,,,,,,,,,,,89.36858892742765,89.1387736117701,87.18575358122757,83.75351254347845,81.95727240730838,80.94590902708241,80.71076378234122,80.04666783093687,79.60574472897822,79.76159466142633,77.64471956641334,76.74393127084812,75.63333703601401,75.02177103880136,,87.18575358122757,83.75351254347845,77.64471956641334,,,,81.25131000100384,"rgba(0, 255, 255, 0.75)",4.702799734451735,82.57423421089294,1.8058930046693067,55.84372387645378,1.4219715752753928,False,False,True,False,True,11.268848098923112,0.0,0.0,0.0,0.0,1,0.9744204355027117,0.7863684960204591,False,False,False,False,0.31706154035673856,0.2662642514403014,False,False,False,False,7638259,7095959.879757675,False,False,False,False,793721.8075681244,False,False,False,False
2024-07-15 00:00:00+00:00,89.300045589,90.9131244472,89.2801923108,90.31256278,1578168,,,,,,,,,,,,,,,,,,,,,,,,89.52007586174945,89.1821181370481,87.28462664549504,83.85200860457122,82.05611990342946,81.04623988485449,80.81156112385443,80.14675205319872,79.69001586265846,79.8324081658114,77.70940886890763,76.80438177139548,75.69291507336916,75.0816941131989,,87.28462664549504,83.85200860457122,77.70940886890763,,,,81.33645186211014,"rgba(38, 166, 154, 1.0)",4.713626545073813,82.66564819687702,1.4074932175219876,54.71104453943482,1.4219715752753928,False,False,True,False,True,7.773035110939716,0.0,0.0,0.0,0.0,1,0.9614150572863578,0.8189459830992202,False,False,False,False,0.27234396459036125,0.26930410801533133,False,False,False,False,6060091,7055337.57074757,False,False,False,False,824484.4033497666,False,False,False,False
2024-07-16 00:00:00+00:00,89.5978447628,89.6574045976,88.7243005196,88.7441537979,1446584,,,,,,,,,,,,,,,,,,,,,,,,89.4753843932288,89.18995478126307,87.35226378396592,83.93214275343338,82.1388299352026,81.13106608262966,80.89695615364258,80.2320224030892,79.76226637033434,79.8932162251186,77.76566079604481,76.85717611793686,75.74515461829816,75.13433191885349,,87.35226378396592,83.93214275343338,77.76566079604481,,,,81.39331616664582,"rgba(38, 166, 154, 1.0)",4.731572118483622,82.72921856162779,1.4516583556531455,54.47435825751788,1.4219715752753928,False,True,True,False,True,8.23829625080496,0.0,0.0,0.0,0.0,1,0.9513833200341946,0.8238060570637568,False,False,False,False,0.21399152560980209,0.2416478168125667,False,False,False,False,7506675,7073037.077777077,False,False,False,False,848880.4659635014,False,False,False,False
2024-07-17 00:00:00+00:00,89.3397521455,90.004836967,88.1386288111,88.2478218415,946093,,,,,,,,,,,,,,,,,,,,,,,,89.4341477739049,89.18896477180945,87.39061927536412,83.98172630788044,82.1906916374514,81.18450912196107,80.95080762321471,80.2859401232143,79.80812911345268,79.93187615112745,77.80163460356839,76.8910095465181,75.77869070472101,75.16814925248892,,87.39061927536412,83.98172630788044,77.80163460356839,,,,81.42763542904835,"rgba(38, 166, 154, 1.0)",4.744498911431404,82.76750192115998,1.3852359009936397,53.77229646266715,1.4219715752753928,False,True,True,False,True,7.7319442573643045,0.0,0.0,0.0,0.0,1,0.9346923155386261,0.833743170674842,False,False,False,False,0.20280369004609652,0.2222257534293316,False,False,False,False,6560582,7052940.800217192,False,False,False,False,852692.7222002267,False,False,False,False
2024-07-18 00:00:00+00:00,89.3397521455,90.0246902453,88.6945206022,90.0246902453,881338,,,,,,,,,,,,,,,,,,,,,,,,89.42530889999887,89.19404019495947,87.4286319900932,84.02875796573856,82.2396305383245,81.23484073194611,81.00150359503492,80.33665842250495,79.85132036760079,79.96834383512657,77.83550518155403,76.92285063626626,75.81022679576327,75.19993565378533,,87.4286319900932,84.02875796573856,77.83550518155403,,,,81.46268248633551,"rgba(38, 166, 154, 1.0)",4.742813100030713,82.80594592359896,1.3776225383746903,53.3042552661,1.4219715752753928,False,True,True,False,False,7.7319442573643045,0.0,0.0,0.0,0.0,1,0.9397502175594094,0.8432037285805755,False,False,False,False,0.21868833397706472,0.22045704370319816,False,False,False,False,6560582,7033632.61197338,False,False,False,False,853816.0664276689,False,False,False,False
2024-07-19 00:00:00+00:00,89.3496787846,89.6772578758,89.220632476,89.2404857542,584634,,,,,,,,,,,,,,,,,,,,,,,,89.4246720306918,89.19850166948022,87.45384309407488,84.05986762342437,82.2720104453206,81.26814324085201,81.03504714306169,80.37022285826032,79.8799443546504,79.99254026944804,77.8579858462449,76.94398912773916,75.83116222901037,75.22103594479753,,87.45384309407488,84.05986762342437,77.8579858462449,,,,81.48635470550401,"rgba(38, 166, 154, 1.0)",4.734658082451159,82.83177643939909,1.3766363339644907,53.01453844155377,1.4219715752753928,False,True,False,False,False,7.74832776654624,0.0,0.0,0.0,0.0,1,0.9449210343724223,0.8552793939656061,False,False,False,False,0.22381349623063745,0.2221352699669178,False,False,False,False,7145216,7038008.4311116785,False,False,False,False,843259.9069599173,False,False,False,False
2024-07-22 00:00:00+00:00,90.1338832757,90.2629295844,89.334788826,90.1239566366,667080,,,,,,,,,,,,,,,,,,,,,,,,89.4593571518593,89.21447606246515,87.48889790818875,84.09816660490333,82.31113528543479,81.30809951184575,81.07523578587721,80.41029662528275,79.91407983715361,80.02143936653101,77.88462369970239,76.96897459694794,75.85583844713858,75.24587181397521,,87.48889790818875,84.09816660490333,77.88462369970239,,,,81.51832090695042,"rgba(0, 255, 255, 0.75)",4.756919801060185,82.8662312697636,1.5278062927015588,54.546775540144836,1.4219715752753928,False,True,True,False,False,9.043292783771179,0.0,0.0,0.0,0.0,1,0.9524451885455693,0.8435826888278503,False,False,False,False,0.2357071657790427,0.22892121787298025,False,False,False,False,7812296,7068372.6494994555,False,False,False,False,836350.8910007048,False,False,False,False
2024-07-23 00:00:00+00:00,90.2629295844,90.3423426974,89.3198988673,89.5680648454,584069,,,,,,,,,,,,,,,,,,,,,,,,89.48969484763074,89.22912844380595,87.5195754173763,84.1316580338504,82.34535190886304,81.34304165181601,81.11038052217792,80.44534465955736,79.94396900784481,80.0467685432576,77.90797488123414,76.9908806376091,75.8774719222817,75.26764364458656,,87.5195754173763,84.1316580338504,77.90797488123414,,,,81.5463488658494,"rgba(0, 255, 255, 0.75)",4.775363188799658,82.89643448519445,1.5426041555296244,55.841219071993834,1.7999388102880118,False,True,True,False,True,9.255862877410454,0.0,0.0,0.0,0.0,1,0.9421825000133669,0.858436385961004,False,False,False,False,0.23444694408021646,0.23168408097659837,False,False,False,False,8396365,7120450.7808916345,False,False,False,False,826457.4835104811,False,False,False,False
2024-07-24 00:00:00+00:00,91.7320721752,92.0993578229,90.5110955625,90.5110955625,998683,,,,,,,,,,,,,,,,,,,,,,,,89.66862987685931,89.29987202240329,87.6007371017547,84.20225775812399,82.41431093162551,81.41222095022724,81.17971030352766,80.51384908240618,80.00210809280863,80.09615991419027,77.95254074675715,77.03239505549507,75.91815674756644,75.30843408068675,,87.6007371017547,84.20225775812399,77.95254074675715,,,,81.61438447603086,"rgba(0, 255, 255, 0.75)",4.821232276093022,82.96891066965567,1.8176186094576068,59.40336810521042,5.2404992285280585,False,False,True,False,True,11.628490262368413,0.0,0.0,0.0,0.0,0,0.9510545861917921,0.8419418496804036,False,False,False,False,0.3320169758378882,0.2818505284072433,False,False,False,False,9395048,7209650.671837061,False,False,False,False,833211.4253335994,False,False,False,False
2024-07-25 00:00:00+00:00,91.1662537449,92.7048828097,91.1066939102,91.1364738276,985492,,,,,,,,,,,,,,,,,,,,,,,,89.83331040219277,89.37185386992468,87.68183621728298,84.27259944205346,82.48291388658645,81.48098525908064,81.2486110436021,80.58191072993883,80.05995693552714,80.14538264676536,77.9969169158278,77.07372646511287,75.95864094271356,75.34901014926619,,87.68183621728298,84.27259944205346,77.9969169158278,,,,81.68126106470534,"rgba(0, 255, 255, 0.75)",4.849130451684267,83.04045378122946,1.6757231104904964,60.08759773514757,5.898908431033462,False,False,True,False,True,10.417044117869672,0.0,0.0,0.0,0.0,0,0.9605460860780527,0.8419127100657933,False,False,False,False,0.34282823972777016,0.3123393840675067,False,False,False,False,8409556,7256705.782745412,False,False,False,False,839183.2125754191,False,False,False,False
2024-07-26 00:00:00+00:00,92.6850295314,93.5287938572,92.3078172446,92.4864967489,1160361,,,,,,,,,,,,,,,,,,,,,,,,90.1002346744342,89.49213551475682,87.80042066883478,84.36671627527075,82.57262783396543,81.57003804741566,81.3376597158229,80.66942449466453,80.13420109295701,80.2086963623912,78.05328632758169,77.12601061564432,76.00960901582133,75.39997029757774,,87.80042066883478,84.36671627527075,78.05328632758169,,,,81.77435935265274,"rgba(0, 255, 255, 0.75)",4.887726264101259,83.14008803351433,1.9528388011395255,62.90433925977669,8.579343123563511,True,False,True,False,True,12.79951518685472,0.0,0.0,0.0,0.0,0,0.9568741015467324,0.8546398288054238,False,False,False,False,0.34282824218373337,0.32758381312562,False,False,False,False,9569917,7347419.948127945,False,False,False,False,851778.4199254027,False,False,False,False
2024-07-29 00:00:00+00:00,92.575836501,93.3699676312,92.4368635532,93.2905545182,953462,,,,,,,,,,,,,,,,,,,,,,,,90.28336207649242,89.58361648913362,87.89299732825816,84.44210344819068,82.64486294651496,81.64187740137565,81.40952238479238,80.74013417100409,80.19434449488081,80.260061094594,78.09914121625035,77.1685874999965,76.05114478897437,75.44151161972032,,87.89299732825816,84.44210344819068,78.09914121625035,,,,81.84666192572703,"rgba(0, 255, 255, 0.75)",4.913637763606496,83.21784693419673,1.9044931712537805,64.45495941573753,10.026226192464733,True,False,True,False,True,12.56253979723354,0.0,0.0,0.0,0.0,0,0.9327564497582301,0.8671203150515472,False,False,False,False,0.34100804498557685,0.33429592905559846,False,False,False,False,8616455,7397186.028593516,False,False,False,False,855766.0113008771,False,False,False,False
2024-07-30 00:00:00+00:00,92.734662727,93.0721684574,92.417010275,92.9530487878,710557,,,,,,,,,,,,,,,,,,,,,,,,90.40187318745821,89.64749113965013,87.95906588055085,84.49706302049024,82.69775754261622,81.69456837093615,81.46224736268003,80.79206666751942,80.23860862296225,80.2979077315662,78.13300652302082,77.20006027866194,76.08186796916362,75.4722469664084,,87.95906588055085,84.49706302049024,78.13300652302082,,,,81.89827366169175,"rgba(0, 255, 255, 0.75)",4.939159860775875,83.2735119852305,1.9155384738414365,65.73097907494954,11.246891603597476,True,False,True,False,True,12.811667064880272,0.0,0.0,0.0,0.0,0,0.9362083998797801,0.8702894143073366,False,False,False,False,0.32172469155269595,0.3280103103041472,False,False,False,False,9327012,7472865.478452594,False,False,False,False,850071.5402694702,False,False,False,False
2024-07-31 00:00:00+00:00,93.3104077964,94.4221913787,93.0026819835,94.3427782657,1514910,,,,,,,,,,,,,,,,,,,,,,,,90.69797444462252,89.81001205340279,88.11771724884018,84.62349545435549,82.81794622958535,81.81364006840205,81.58125800515863,80.90895279586924,80.33819450052073,80.38321276058375,78.20879477108969,77.27032908687337,76.15026634142441,75.54057055252673,,88.11771724884018,84.62349545435549,78.20879477108969,,,,82.01874030808965,"rgba(0, 255, 255, 0.75)",4.954723363803869,84.1720647627112,1.8443699804610396,67.44863343545993,12.907525635992279,True,False,True,False,True,13.71615746010913,0.0,0.0,0.0,0.0,0,0.9563837634007805,0.8350821466355363,False,False,False,False,0.34282824360189695,0.3354192769530221,False,False,False,False,10841922,7604985.342042688,False,False,False,False,876143.636729491,False,False,False,False
2024-08-01 00:00:00+00:00,93.1317282921,93.4990139398,92.0993578229,92.3276705228,567216,,,,,,,,,,,,,,,,,,,,,,,,90.77257521050217,89.85726927397572,88.1678471808846,84.66646731661898,82.85951413204704,81.85511334146989,81.62276969420095,80.94988961294271,80.37323707825398,80.41326790617288,78.2357548109285,77.29541241051218,76.17476190976294,75.56507690478131,,88.1678471808846,84.66646731661898,78.2357548109285,,,,82.057782627361,"rgba(0, 255, 255, 0.75)",4.95780933953689,84.20391508229389,1.8007576730734167,67.9502952712391,13.453926752028138,True,False,True,False,True,13.309414089069584,0.0,0.0,0.0,0.0,0,0.9413777787063059,0.8553001463661883,False,False,False,False,0.2468974295511546,0.29115835325208833,False,False,False,False,10274706,7709680.26980572,False,False,False,False,864028.8274459816,False,False,False,False
2024-08-02 00:00:00+00:00,91.7022922578,93.1515815704,91.1464004667,93.0721684574,1209068,,,,,,,,,,,,,,,,,,,,,,,,90.85489934801139,89.92470720882812,88.25143246929458,84.7466457691942,82.93906715141497,81.93529842245987,81.70319560960284,81.02965598534051,80.44191054643014,80.4722240681812,78.28935049064798,77.34551176904641,76.22391192272569,75.61435574567952,,88.25143246929458,84.7466457691942,78.28935049064798,,,,82.12658332191839,"rgba(0, 255, 255, 0.75)",4.903638375456981,84.25028733264152,1.5196889237298228,63.841453219038705,13.453926752028138,True,False,True,False,False,10.123520623166186,0.0,0.0,0.0,0.0,0,0.9264480005406419,0.8539004537568167,False,False,False,False,0.1813087506794844,0.23623355196578638,False,False,False,False,9065638,7762855.082754516,False,False,False,False,877559.7753892764,False,False,False,False
2024-08-05 00:00:00+00:00,88.9526132196,90.1636631931,88.7838603544,89.6474779585,1119645,,,,,,,,,,,,,,,,,,,,,,,89.30004558903333,90.76398101032999,89.90701767173009,88.27219293744086,84.79228408114675,82.98992410949252,81.98881184715724,81.75732936023248,81.08457361301122,80.49009752708997,80.5136246490767,78.32891043583257,77.38311029471558,76.26141203540386,75.6522507964874,,88.27219293744086,84.79228408114675,78.32891043583257,,,,82.63237106387871,"rgba(38, 166, 154, 0.5)",4.802769396150982,84.67673124585265,0.8902950820778753,55.71964635492841,11.078658710937752,False,True,True,False,False,4.494261670618691,0.0,0.0,0.0,0.0,0,0.8900861725580881,0.8911001377501984,False,False,False,False,-0.07859622662264136,0.0788186626715725,False,False,False,False,7945993,7770036.961862182,False,False,False,False,887053.3136093048,False,False,False,False
2024-08-06 00:00:00+00:00,90.4813156452,91.4342730014,89.0220996934,89.0717328891,738436,,,,,,,,,,,,,,,,,,,,,,,89.70243878094944,90.74721847043328,89.91445311530615,88.29849133245148,84.82853557462796,83.02833395434422,82.02851090766558,81.79734803372868,81.1248107969884,80.52521191412134,80.54383969131926,78.35723966638635,77.40987428718009,76.28793835374577,75.67897465376534,,88.29849133245148,84.82853557462796,78.35723966638635,,,,82.68488130220089,"rgba(38, 166, 154, 1.0)",4.692569667644866,84.71181315181957,1.22949746130803,53.346813164220805,9.224289333597667,False,True,False,False,False,7.043709844877007,0.0,0.0,0.0,0.0,0,0.9012502872729522,0.8759847493186742,False,False,False,False,-0.005739198182511034,0.036539732244530734,False,False,False,False,8684429,7805895.473161705,False,False,False,False,881225.183663842,False,False,False,False
2024-08-07 00:00:00+00:00,90.5011689234,92.1986242142,90.4118291713,91.4640529188,696549,,,,,,,,,,,,,,,,,,,,,,,90.06637867522602,90.75703209527907,89.9335404193237,88.33138845401011,84.86675819832749,83.06776530754439,82.06885802254769,81.83793839883938,81.16541354185478,80.5605405231789,80.57427211508325,78.38545175155693,77.4364309365956,76.31415648366848,75.7053373529217,,88.33138845401011,84.86675819832749,78.38545175155693,,,,82.73808415173052,"rgba(38, 166, 154, 1.0)",4.602226221448621,84.75643463793597,1.2482511743318412,51.801746648836826,8.004759449073774,False,True,False,False,False,7.076258011056673,0.0,0.0,0.0,0.0,0,0.9261789535639232,0.851622223810337,False,False,False,False,0.09835944475997702,0.06744958850225388,False,False,False,False,9380978,7867663.415390657,False,False,False,False,873982.9803829071,False,False,False,False
2024-08-08 00:00:00+00:00,91.7122188969,91.950458236,90.3522693365,90.4515357278,563906,,,,,,,,,,,,,,,,,,,,,,,90.29637531511061,90.77253284286111,89.95261193586884,88.36034761234293,84.89885239345163,83.10059993421245,82.10234593400808,81.87160596242583,81.19903672516763,80.58978511084639,80.59948564509165,78.4087410448477,77.45832903946818,76.33574644621693,75.72703148574617,,88.36034761234293,84.89885239345163,78.4087410448477,,,,82.77822849517774,"rgba(0, 255, 255, 0.75)",4.543416584952316,84.79283718288187,1.522946792274112,52.926429717948196,8.004759449073774,False,True,False,False,False,9.042622412704585,0.0,0.0,0.0,0.0,0,0.942540933261992,0.852585447167339,False,False,False,False,0.08341028457941717,0.07542993654083552,False,False,False,False,9944884,7949123.046159651,False,False,False,False,861823.0987992637,False,False,False,False
2024-08-09 00:00:00+00:00,92.2383307707,92.7545160053,91.9603848751,92.4567168315,725635,,,,,,,,,,,,,,,,,,,,,,,90.67793372686397,90.82379672262225,89.99322107251992,88.40879105310484,84.94589653290912,83.14744809357416,82.14961600480943,81.91902602762246,81.2461254129301,80.63059229001122,80.63470048436994,78.44084764805342,77.48838749233057,76.36524508290151,75.75660495546852,,88.40879105310484,84.94589653290912,78.44084764805342,,,,82.84188217333941,"rgba(0, 255, 255, 0.75)",4.488451950336214,84.85631536085359,1.6446684717864601,54.52499829529144,8.004759449073774,False,True,True,False,False,9.878336739135154,0.0,0.0,0.0,0.0,0,0.9745625475737322,0.8157191637679847,False,False,False,False,0.18493405523264356,0.13018199588673954,False,False,False,False,10670519,8055844.456114175,False,False,False,False,856482.3890424299,False,False,False,False
2024-08-12 00:00:00+00:00,90.4813156452,91.9306049577,90.2629295844,91.7519254534,1147575,,,,,,,,,,,,,,,,,,,,,,,90.72705827592776,90.82717765006122,90.01697106018045,88.45594382871383,85.00493026918645,83.20920091832298,82.21312541111244,81.98298189672856,81.3102981309153,80.68674677842827,80.68321628473134,78.4861347846807,77.53112902425286,76.40752411513958,75.79915110852735,,88.45594382871383,85.00493026918645,78.4861347846807,,,,82.8894393024606,"rgba(38, 166, 154, 1.0)",4.3768955219846335,84.8995575192483,1.2752778991216895,52.26869732676771,8.004759449073774,False,True,False,False,False,6.365126869948796,0.0,0.0,0.0,0.0,0,0.9437401094772624,0.8428969094737481,False,False,False,False,0.04598174022972723,0.08808186805823338,False,False,False,False,9522944,8113377.771560677,False,False,False,False,867897.7855505699,False,False,False,False
2024-08-13 00:00:00+00:00,92.2780373272,92.4467901924,90.7304742872,90.858527932,924664,,,,,,,,,,,,,,,,,,,,,,,90.89762721604097,90.86545689238093,90.05454356976355,88.50662299269926,85.05900676821457,83.2641635942719,82.26902473939647,82.03914777744802,81.36632968694067,80.7356172773605,80.72549442806479,78.52509448875996,77.56774573652167,76.44358046368069,75.83535380197554,,88.50662299269926,85.05900676821457,78.52509448875996,,,,82.94365396223465,"rgba(0, 255, 255, 0.75)",4.253930872622626,84.95462908704779,1.7215625875079605,53.59661127317668,8.004759449073774,False,True,True,False,False,9.206758323009801,0.0,0.0,0.0,0.0,0,0.9429768625672215,0.849909231015036,False,False,False,False,0.09969277772510514,0.09388732289166926,False,False,False,False,10447608,8204916.211891631,False,False,False,False,870123.9116074103,False,False,False,False
2024-08-14 00:00:00+00:00,92.9232688705,92.9530487878,92.2085508533,92.6453229749,457317,,,,,,,,,,,,,,,,,,,,,,,91.02658615725097,90.8997436675325,90.08150191228046,88.53761271807878,85.0888628710436,83.29384714787233,82.29894706316045,82.06915827501355,81.39612677701055,80.76152829019802,80.74792862138719,78.54554397466795,77.5868958406959,76.46236388677235,75.85417699913474,,88.53761271807878,85.0888628710436,78.54554397466795,,,,82.97672161347329,"rgba(0, 255, 255, 0.75)",4.125424073134916,84.98978050157027,1.9230722050111713,55.3621570664191,8.004759449073774,False,True,True,False,True,10.190029805816902,0.0,0.0,0.0,0.0,1,0.9639998164568241,0.8416353455316097,False,False,False,False,0.21014889797806682,0.15201811043486804,False,False,False,False,10904925,8310798.909464508,False,False,False,False,853935.4052698648,False,False,False,False
2024-08-15 00:00:00+00:00,93.1515815704,93.8563729484,93.1317282921,93.2607746008,507054,,,,,,,,,,,,,,,,,,,,,,,91.20000459506407,90.95023042232435,90.11842277535155,88.57701443026085,85.12465082157037,83.32892335148793,82.33409618029265,82.10436782613503,81.43097351612334,80.79176783020107,80.77412504812115,78.56924285408849,77.60903211844597,76.48401609758999,75.87584513023909,,88.57701443026085,85.12465082157037,78.56924285408849,,,,83.01818086648639,"rgba(0, 255, 0, 1.0)",3.984498080915299,85.03483604183663,2.0370810485366913,56.85374232884536,8.004759449073774,False,False,True,False,True,10.53787434111291,0.0,0.0,0.0,0.0,1,0.9618716442851417,0.8425726269298991,False,False,False,False,0.31643975114766354,0.23422893079126578,False,False,False,False,11411979,8432413.814975705,False,False,False,False,840332.2129063407,False,False,False,False
2024-08-16 00:00:00+00:00,93.9457127006,94.2832184309,93.3501143529,93.429527466,513971,,,,,,,,,,,,,,,,,,,,,,,91.38486501596228,91.00905040242004,90.16039595071317,88.62022951321045,85.16270313599844,83.3659153153979,82.3710356614741,82.14134383610265,81.46749941978146,80.82343498453037,80.80157463117501,78.5939635633193,77.63208783046379,76.50652882330186,75.8983547664747,,88.62022951321045,85.16270313599844,78.5939635633193,,,,83.06259885668837,"rgba(0, 255, 0, 1.0)",3.7962427378924737,85.08371773251966,2.334412096366676,58.92907513950232,2.711199345965113,False,False,True,False,True,11.742879366568367,0.0,0.0,0.0,0.0,1,0.952949400072183,0.8448959358802104,False,False,False,False,0.3428282424341609,0.2885285866127133,False,False,False,False,11925950,8569415.233996266,False,False,False,False,827533.7339688372,False,False,False,False
2024-08-19 00:00:00+00:00,95.5538282392,95.6679845892,94.4618979352,94.7994036655,843404,,,,,,,,,,,,,,,,,,,,,,,91.77830671622851,91.14451672263576,90.25200173383664,88.70775541409063,85.23414332485088,83.4338992133746,82.43829954367838,82.20854432972574,81.53354045229372,80.88048733095222,80.8510631027547,78.63797671670824,77.67295780278032,76.54624788970445,75.93797470469545,,88.70775541409063,85.23414332485088,78.63797671670824,,,,83.15051433322067,"rgba(0, 255, 0, 1.0)",3.659411123537004,85.18267535315081,2.8341043233275602,62.18862067249095,5.916618937863873,True,False,True,False,True,14.095399173865356,0.0,0.0,0.0,0.0,0,0.9463891603872283,0.8387952793777962,False,False,False,False,0.34282824444703996,0.31567841552987663,False,False,False,False,12769354,8734118.71501602,False,False,False,False,828156.0973426083,False,False,False,False
2024-08-20 00:00:00+00:00,95.7920675782,96.1792065042,95.1964692306,95.692801187,912785,,,,,,,,,,,,,,,,,,,,,,,92.17173887772384,91.29826693292244,90.35697533080311,88.80689702252859,85.31409737557051,83.50965245636623,82.51309333737292,82.28323356174876,81.60685979753802,80.94383733209499,80.90607124306099,78.68676137060235,77.71821686658258,76.59017813744033,75.98176622180186,,88.80689702252859,85.31409737557051,78.68676137060235,,,,83.2458430576105,"rgba(0, 255, 0, 1.0)",3.5021579635400935,85.29073633075242,2.99853157875052,64.61448499972073,8.276962715807294,True,False,True,False,True,14.435893075530128,0.0,0.0,0.0,0.0,0,0.9559090041046483,0.830052499749394,False,False,False,False,0.3428282452180899,0.3292533303739833,False,False,False,False,13682139,8928158.726191863,False,False,False,False,831474.8778389766,False,False,False,False
2024-08-21 00:00:00+00:00,93.9258594223,94.7100639134,92.7048828097,93.2309946834,2511169,,,,,,,,,,,,,,,,,,,,,,,92.5180990358151,91.50819198215521,90.52863032538558,88.99303341713411,85.4880017033353,83.68092840476409,82.68495325197253,82.45542539373791,81.77748956813892,81.09281913720093,81.0357599643647,78.80440747627622,77.82825932068332,76.69783833959639,76.08949133042768,,88.99303341713411,85.4880017033353,78.80440747627622,,,,83.41222191006588,"rgba(0, 255, 0, 1.0)",3.329359506922115,85.47328933918936,2.538797647276234,62.231042180392166,8.276962715807294,True,False,True,False,True,10.610240848905743,0.0,0.0,0.0,0.0,0,0.9316932052211883,0.8333495682624005,False,False,False,False,0.1692939259302294,0.24927362815210635,False,False,False,False,11170970,9016112.109478457,False,False,False,False,897345.2355707814,False,False,False,False
2024-08-22 00:00:00+00:00,94.6306508004,95.8913339695,94.5413110482,95.8317741348,819644,,,,,,,,,,,,,,,,,,,,,,,92.68246444309135,91.6025657417974,90.60097327794536,89.06578365811657,85.55149159923803,83.74232033096705,82.74606595820669,82.51655391542083,81.83780325830152,81.14538376783763,81.08159301187199,78.84555990402166,77.86661998234351,76.73521859068974,76.1268174783235,,89.06578365811657,85.55149159923803,78.84555990402166,,,,83.47648099454486,"rgba(0, 255, 0, 1.0)",3.185031558702893,85.54521999548709,2.852540277061797,61.591602845586536,8.276962715807294,True,False,True,False,True,11.654442146438026,0.0,0.0,0.0,0.0,0,0.9646121188612274,0.8082902310091296,False,False,False,False,0.3000473291262278,0.2746604786391671,False,False,False,False,11990614,9132759.242440086,False,False,False,False,894298.1282934959,False,False,False,False
2024-08-23 00:00:00+00:00,95.385075374,95.7621883945,94.6207241612,95.2957356219,564208,,,,,,,,,,,,,,,,,,,,,,,92.79376379222629,91.66890056183203,90.65200725768896,89.11678516622463,85.59577811403747,83.78506719365808,82.78858098229037,82.55907170097174,81.87973647807588,81.18194570672647,81.113497066326,78.87417593139905,77.89328672405627,76.76119045997511,76.15274416158138,,89.11678516622463,85.59577811403747,78.87417593139905,,,,83.5211020864713,"rgba(0, 255, 0, 1.0)",3.0623716397696494,85.5952502002111,3.196811597473286,62.132222264981394,8.276962715807294,True,False,True,False,True,12.756964391667417,0.0,0.0,0.0,0.0,0,0.9560168045629658,0.8256379508317581,False,False,False,False,0.2978217561195963,0.28624111737938174,False,False,False,False,12554822,9266957.78195224,False,False,False,False,881353.4173800255,False,False,False,False
2024-08-26 00:00:00+00:00,94.5016044917,95.2652608398,94.4420446569,94.9681565307,424319,,,,,,,,,,,,,,,,,,,,,,,92.85495453011085,91.71022191958797,90.68540691500688,89.15139082220796,85.62704139640452,83.81555988089985,82.81904010008623,82.58956000892788,81.90988200821225,81.2083072038484,81.13651818316876,78.89495062960408,77.91268925982779,76.78012745592643,76.17166717613439,,89.15139082220796,85.62704139640452,78.89495062960408,,,,83.5511544993303,"rgba(0, 255, 0, 1.0)",2.8706854179915786,85.62861100449592,3.090897188383635,60.67947114909249,8.276962715807294,True,False,True,False,False,10.968981673212571,0.0,0.0,0.0,0.0,0,0.9608947663737991,0.8249657456681037,False,False,False,False,0.26786010166083196,0.27705060952010685,False,False,False,False,12130503,9379253.672856074,False,False,False,False,863430.4990513971,False,False,False,False
2024-08-27 00:00:00+00:00,95.3552954566,95.88637065,94.9582298916,95.0574962828,497583,,,,,,,,,,,,,,,,,,,,,,,92.94561650320861,91.76760264566325,90.73018793979523,89.19619072514203,85.66608254531621,83.85326181463502,82.85653925056735,82.62706140679214,81.94687275502523,81.24060017230892,81.16472782561635,78.92026084056371,77.93628032556013,76.80310228073802,76.19459997475624,,89.19619072514203,85.66608254531621,78.92026084056371,,,,83.58993246704591,"rgba(0, 255, 0, 1.0)",2.7261592916953883,85.6720644438784,3.5519681634962867,60.89047471641449,8.276962715807294,True,False,True,False,False,12.229985266824865,0.0,0.0,0.0,0.0,0,0.9796113777661403,0.7973602966810244,False,False,False,False,0.31859645806151027,0.29782353379080856,False,False,False,False,12628086,9506658.862155836,False,False,False,False,849083.5383042835,False,False,False,False
2024-08-28 00:00:00+00:00,96.159353226,96.2089864216,95.692801187,95.8913339695,550388,,,,,,,,,,,,,,,,,,,,,,,93.06218102382651,91.83952085420464,90.78519124615666,89.24988401875301,85.71163453188389,83.8969053994482,82.8997971480747,82.67029010989332,81.98942955742848,81.27770705654687,81.19715575312252,78.94921736134292,77.96322532268353,76.82929492065969,76.22072022694664,,89.24988401875301,85.71163453188389,78.94921736134292,,,,83.63614363539811,"rgba(0, 255, 0, 1.0)",2.6080021844999854,85.72419686377314,4.001206910119023,62.06132057524495,8.276962715807294,True,False,True,False,False,13.39597702773202,0.0,0.0,0.0,0.0,0,1.01138574970354,0.7812556387446372,False,False,False,False,0.34282824550902224,0.3203258896499154,False,False,False,False,13178474,9650651.612659529,False,False,False,False,837369.987782547,False,False,False,False
2024-08-29 00:00:00+00:00,96.5167122345,96.9733376344,96.1196466694,96.2586196172,532863,,,,,,,,,,,,,,,,,,,,,,,93.18518659131637,91.9151840383324,90.84250854967728,89.3049710837296,85.75754509046685,83.94064845139779,82.94304468164572,82.71348530448401,82.0318935825935,81.3147069784348,81.22950512611577,78.97800345875984,77.9899795140702,76.85526586744683,76.24660086480344,,89.3049710837296,85.75754509046685,78.97800345875984,,,,83.68323527888495,"rgba(0, 255, 0, 1.0)",2.4203048853538762,85.77755356481933,4.437109859450823,63.28787532444805,8.276962715807294,True,False,True,False,False,13.910613334757777,0.0,0.0,0.0,0.0,0,1.008632518839519,0.7812339088362416,False,False,False,False,0.34282824610426854,0.33157706787709196,False,False,False,False,13711337,9809894.17686896,False,False,False,False,825428.5372812707,False,False,False,False
2024-08-30 00:00:00+00:00,96.9634109953,97.2612101691,95.7424343826,96.6755384606,758445,,,,,,,,,,,,,,,,,,,,,,,93.35167966916697,92.02143860136975,90.92381389110284,89.3832256498198,85.82293858588957,84.00297395667518,83.00466494053407,82.77503049079337,82.0924014017505,81.36747174572265,81.2756711505807,79.01909057771498,78.02817088503541,76.89233653118427,76.28353988494945,,89.3832256498198,85.82293858588957,79.01909057771498,,,,83.74962986415265,"rgba(0, 255, 0, 1.0)",2.5206611363849607,85.85273285479077,4.407842839376556,64.66676336438823,9.627913354303118,True,False,True,False,True,14.554690483512989,0.0,0.0,0.0,0.0,0,1.0068070297585248,0.7838218200813395,False,False,False,False,0.33912020255980657,0.33534863521844926,False,False,False,False,14469782,9992634.875815276,False,False,False,False,822801.7318976915,False,False,False,False
2024-09-03 00:00:00+00:00,94.9979364481,96.010453639,94.4321180178,95.5935347957,742148,,,,,,,,,,,,,,,,,,,,,,,93.43217116325118,92.08851546813361,90.9808292626955,89.44264672630504,85.87736423059124,84.05616913626997,83.05782185255485,82.8282401433945,82.14504204892773,81.41369147470697,81.31617287500497,79.05568659936795,78.06237580088786,76.9257173848916,76.31688846836356,,89.44264672630504,85.87736423059124,79.05568659936795,,,,83.79995550902309,"rgba(0, 255, 0, 1.0)",2.5649902731234655,85.90839519034859,3.5436942404786644,61.2675763900817,9.627913354303118,True,False,True,False,False,10.507061395130386,0.0,0.0,0.0,0.0,0,0.972130935792804,0.786808525102951,False,False,False,False,0.23614857175808038,0.2857486034882648,False,False,False,False,13727634,10139105.429704873,False,False,False,False,819638.8404507233,False,False,False,False
2024-09-04 00:00:00+00:00,93.7769598354,94.2038053179,93.4493807442,93.7074733615,570535,,,,,,,,,,,,,,,,,,,,,,,93.44476252303492,92.1164581250198,91.00989240929016,89.47698925821848,85.9128025838979,84.09183189226071,83.09388755532518,82.86443021250687,82.18109125471848,81.44557494738477,81.34415468340259,79.08137963906839,78.08652819513617,76.94941982441165,76.34063116268733,,89.47698925821848,85.9128025838979,79.08137963906839,,,,83.82932228442424,"rgba(0, 255, 0, 1.0)",2.574327667314408,85.93978565318434,3.0443576712173415,56.894204622754536,12.182923810841913,False,False,True,False,False,8.125506901715287,0.0,0.0,0.0,0.0,0,0.9482289791081665,0.818587395956511,False,False,False,False,0.12927849428500401,0.20751354888663442,False,False,False,False,13157099,10257458.118736055,False,False,False,False,809870.0623938323,False,False,False,False
2024-09-05 00:00:00+00:00,93.7174000006,93.8563729484,93.2309946834,93.588353692,692272,,,,,,,,,,,,,,,,,,,,,,,93.45085680765578,92.14514224005313,91.0417985977695,89.51597101475453,85.95425576452199,84.13383476325403,83.13648016164345,82.9071930278732,82.22375556871069,81.48339341929497,81.37737425658295,79.11199544782039,78.11534755381953,76.97773604923515,76.36901077557135,,89.51597101475453,85.95425576452199,79.11199544782039,,,,83.86294302990403,"rgba(0, 255, 0, 1.0)",2.5776390226304424,85.97540885976557,3.0035203039926985,53.87929344845599,9.435287636167097,False,True,False,False,False,8.010423885204052,0.0,0.0,0.0,0.0,0,0.9588842819465158,0.8126347531086757,False,False,False,False,0.10802897806946647,0.15777126347805046,False,False,False,False,12464827,10344021.604275817,False,False,False,False,805258.3736725055,False,False,False,False
2024-09-06 00:00:00+00:00,93.9655659788,94.2038053179,93.201214766,93.6578401659,1148896,,,,,,,,,,,,,,,,,,,,,,93.79019535423333,93.47141559314056,92.19623485980365,91.0968274389115,89.58197677130313,86.02374643329325,84.20410236494904,83.20767028408491,82.97865392657799,82.2950243143816,81.54660918012347,81.43295443428791,79.16317924978085,78.16352029470266,77.02504854347346,76.41641748222122,,89.58197677130313,86.02374643329325,79.16317924978085,,,,84.53709853282928,"rgba(0, 255, 0, 1.0)",2.5706439472352445,86.65419452147603,2.8441789712602676,52.3488643097864,8.063668725800035,False,True,False,False,False,8.402434625049874,0.0,0.0,0.0,0.0,0,0.9638998174124521,0.8044620525711632,False,False,False,False,0.1199453509059078,0.1388583071919791,False,False,False,False,13613723,10472245.188421864,False,False,False,False,818734.3590186818,False,False,False,False
2024-09-09 00:00:00+00:00,95.7821409391,96.3380327302,95.0277163654,95.1766159524,805766,,,,,,,,,,,,,,,,,,,,,,94.58405044056924,93.56290044674597,92.27126870394463,91.16079264691223,89.64769973802403,86.0836556964209,84.26255507061089,83.26601672469693,83.03704282096183,82.352772428725,81.5974715608143,81.47766762522663,79.20356221408306,78.20127131990375,77.06186543097213,76.45318034781837,,89.64769973802403,86.0836556964209,79.20356221408306,,,,84.63898582602687,"rgba(0, 255, 0, 1.0)",2.607233268755359,86.75340765406622,3.4629556907057713,54.40074704201917,8.063668725800035,False,True,True,False,False,11.19147281781592,0.0,0.0,0.0,0.0,0,0.9617927035201574,0.7924519162835564,False,False,False,False,0.27259743396895997,0.20572787058046954,False,False,False,False,14419489,10627039.063385712,False,False,False,False,818225.79591991,False,False,False,False
2024-09-10 00:00:00+00:00,97.4001831169,97.410109756,95.851627413,96.5464921519,939872,,,,,,,,,,,,,,,,,,,,,,95.33193114444228,93.71377731281062,92.38326664973405,91.2518204886816,89.73706217618273,86.1609916027584,84.33688728954405,83.33972865032477,83.11070666505869,82.42535653610648,81.66122367583723,81.53373177561215,79.25374179621761,78.24803190790654,77.10731214163053,76.49848202000658,,89.73706217618273,86.1609916027584,79.25374179621761,,,,84.7558782395534,"rgba(0, 255, 0, 1.0)",2.705220707254263,86.8719664316946,3.8918143192432133,57.859381088958,8.063668725800035,True,False,True,False,True,13.531179561943443,0.0,0.0,0.0,0.0,0,0.984844707248352,0.7748145086542262,False,False,False,False,0.34282824618222113,0.27427805838134534,False,False,False,False,15359361,10812620.315801958,False,False,False,False,822996.2352955997,False,False,False,False
2024-09-11 00:00:00+00:00,97.4994495081,97.7674687646,95.7622876609,97.2115769734,708506,,,,,,,,,,,,,,,,,,,,,,95.66185651828572,93.82280964715535,92.46636523131697,91.31999952072096,89.8041102793789,86.21921903992684,84.39288625201668,83.39526726134864,83.16620984343291,82.48005451915394,81.70931535763339,81.57606067126109,79.29164226717643,78.28335765812261,77.14164504543939,76.5327035940352,,89.8041102793789,86.21921903992684,79.29164226717643,,,,84.82896891915031,"rgba(0, 255, 0, 1.0)",2.791365713303179,86.94908342973605,3.77964307151968,60.28369258430641,4.054543254999643,True,False,True,False,True,13.67195540723198,0.0,0.0,0.0,0.0,0,0.9963284613925014,0.7718165955636188,False,False,False,False,0.3428282463030668,0.30855315234220604,False,False,False,False,16067867,11018708.421064626,False,False,False,False,818506.4221467526,False,False,False,False
2024-09-12 00:00:00+00:00,100.0208158465,100.3583215768,97.5738993016,97.6781290124,1716133,,,,,,,,,,,99.31767890830001,,,,,,,,,,,96.84134014208257,94.23043710671718,92.75201258420678,91.54298486127968,90.01191334235943,86.38731848000883,84.55093746557453,83.55043077318062,83.32093904910562,82.63163530753059,81.84194679796354,81.69282523148733,79.39464824812073,78.37885227242452,77.2339202429106,76.6244126456533,,90.01191334235943,86.38731848000883,79.39464824812073,,99.31767890830001,99.31767890830001,85.06165965941287,"rgba(0, 255, 0, 1.0)",2.952875203708832,88.06819765956898,4.047789819196709,64.45737119515053,7.9279941799259035,True,False,True,False,True,17.10830373993528,-1.0,100.35832,97.5739,0.0,0,1.0171256854232276,0.7357560964854721,False,False,False,False,0.34282824787898314,0.3256907001105946,False,False,False,False,17784000,11284013.973179739,False,False,False,False,853707.4644155075,False,False,False,False
2024-09-13 00:00:00+00:00,97.7773954037,99.4649240553,97.0676407061,99.1671248815,1616926,,,,,,,,,,,98.72857190384042,,,,,,,,,,,97.13552973377205,94.48344760310684,92.95427816204871,91.71091016382356,90.17507744713924,86.52729165653305,84.6848226792251,83.68283438793743,83.45317254075476,82.76176367066331,81.95653836674549,81.79395848545704,79.48487804387383,78.46286423711382,77.31541899338828,76.70555940249436,,90.17507744713924,86.52729165653305,79.48487804387383,,98.72857190384042,98.72857190384042,85.20552159837982,"rgba(0, 255, 0, 1.0)",3.0079671360919362,88.19335083819303,3.1862198394756804,62.93943533079842,7.9279941799259035,True,False,True,False,True,12.649326134219272,0.0,0.0,0.0,0.0,0,1.0048479160784338,0.7470217504831312,False,False,False,False,0.2977343204133073,0.3117125102619509,False,False,False,False,16167074,11475506.523251122,False,False,False,False,883637.6030658798,False,False,False,False
2024-09-16 00:00:00+00:00,97.8965150732,98.4027736687,97.8171019602,97.8369552385,607871,,,,,,,,,,,98.62217716429062,,,,,,,,,,,97.20831235565782,94.5686732675295,93.02551513698292,91.7712231515715,90.23424313907854,86.57876383485004,84.73423540457824,83.73176958070422,83.50205863327108,82.80991669953367,81.9990311080512,81.83150796823371,79.51845777642022,78.49415994184378,77.34579884779232,76.73581603837742,,90.23424313907854,86.57876383485004,79.51845777642022,,98.62217716429062,98.62217716429062,85.25559268027976,"rgba(0, 255, 0, 1.0)",3.04199897952741,88.24212859758443,3.1736981309294983,62.06439199414512,7.9279941799259035,True,False,True,False,True,12.812438454551408,0.0,0.0,0.0,0.0,0,1.0101291488969995,0.7765278207841206,False,False,False,False,0.28782465698501003,0.29976858362348047,False,False,False,False,16774945,11683327.639986372,False,False,False,False,872823.2264750609,False,False,False,False
2024-09-17 00:00:00+00:00,96.4472257606,98.3134339166,96.318179452,98.2737273601,581460,,,,,,,,,,,98.41698687023661,,,,,,,,,,,97.19528600476941,94.6237620443902,93.07842362471719,91.81870158262907,90.28277600707348,86.62325854006659,84.77758912351442,83.77497676741795,83.54527923847655,82.85265075065762,82.03691541473762,81.86503012707828,79.54871512820546,78.5224564056233,77.37335767246655,76.76330608452488,,90.28277600707348,86.62325854006659,79.54871512820546,,98.41698687023661,98.41698687023661,85.29265528227178,"rgba(0, 255, 0, 1.0)",3.0540637923185745,88.27234838256315,2.6767212258623703,59.05705011117244,7.9279941799259035,True,False,True,False,False,10.05016722397514,0.0,0.0,0.0,0.0,0,0.9825915129024082,0.7854975385426547,False,False,False,False,0.2382863390602387,0.26902746134185956,False,False,False,False,16193485,11860196.556065338,False,False,False,False,861397.2175936861,False,False,False,False
2024-09-18 00:00:00+00:00,95.9409671652,96.864144604,95.6530946305,96.1196466694,726886,,,,,,,,,,,98.10344788965948,,,,,,,,,,,97.1096795498584,94.66543888911735,93.12842196876947,91.86710545416865,90.33474631713658,86.67372522145853,84.82752297445151,83.82506217668225,83.59544656169653,82.90244251337754,82.08126258272983,81.90432633442305,79.58451003608629,78.55604443587426,77.40617423302258,76.7960899421286,,90.33474631713658,86.67372522145853,79.58451003608629,,98.10344788965948,98.10344788965948,85.32862494943635,"rgba(0, 255, 0, 1.0)",3.065178310222242,88.29622695582151,2.4940605197040555,56.26931400282925,13.094680123193719,False,False,True,False,False,9.107118177613916,0.0,0.0,0.0,0.0,0,0.9802553641260402,0.7971841420845314,False,False,False,False,0.17403565924636089,0.22153156029411022,False,False,False,False,15466599,12001624.102886304,False,False,False,False,856122.2678841298,False,False,False,False
2024-09-19 00:00:00+00:00,97.6086425385,97.7773954037,96.7648782127,97.7575421254,428654,,,,,,,,,,,98.04910606428652,,,,,,,,,,,97.12233272009698,94.70844115423934,93.168844605982,91.90320017487988,90.37135803222907,86.70706847864531,84.8599428360998,83.85733885265829,83.62772581306179,82.93434249003374,82.10956055800001,81.929391846045,79.60710936500669,78.57717315202026,77.42674002750978,76.8165971922189,,90.37135803222907,86.70706847864531,79.60710936500669,,98.04910606428652,98.04910606428652,85.35794795617043,"rgba(0, 255, 0, 1.0)",3.1148546848658287,88.32519704484852,2.9803783588226573,56.68310627550059,13.094680123193719,False,False,True,False,False,11.47477287711035,0.0,0.0,0.0,0.0,0,0.9979094531100802,0.7667202993711886,False,False,False,False,0.2204401544838585,0.22098585738898435,False,False,False,False,15895253,12154315.43218488,False,False,False,False,839358.8063984776,False,False,False,False
2024-09-20 00:00:00+00:00,96.7648782127,96.9038511605,96.0402335564,96.5464921519,610860,,,,,,,,,,,97.90539989844143,,,,,,,,,,,97.08820262145262,94.74947654408402,93.21426807337768,91.94630923564605,90.41689914452495,86.7506322132566,84.90287094800667,83.90031855052358,83.670758994224,82.97701268245797,82.14756719225986,81.96309787248202,79.63774575023174,78.60590146713098,77.45478217883604,76.84459705263414,,90.41689914452495,86.7506322132566,79.63774575023174,,97.90539989844143,97.90539989844143,85.39190253257055,"rgba(0, 255, 0, 1.0)",3.1503611626522336,88.3548189376486,2.6695540101094677,55.589290267499216,12.158935536872534,False,True,True,False,False,9.899810612343352,0.0,0.0,0.0,0.0,0,0.9684128389060644,0.7831853323036998,False,False,False,False,0.16511872972362496,0.19305229355630465,False,False,False,False,15284393,12277063.5720992,False,False,False,False,830398.0688926551,False,False,False,False
2024-09-23 00:00:00+00:00,97.25128353,97.6880556516,97.1520171387,97.4498163125,371265,,,,,,,,,,,97.8752075814296,,,,,,,,,,,97.09817176381807,94.78404506299569,93.24768192665279,91.97655672236459,90.44778280529418,86.77904780646153,84.9305735937376,83.92792728046264,83.69837554528789,83.00432383358542,82.17183575951204,81.98461745573479,79.65718251952845,78.62408691580418,77.47249177363425,76.8622594664582,,90.44778280529418,86.77904780646153,79.65718251952845,,97.8752075814296,97.8752075814296,85.41668501445827,"rgba(0, 255, 0, 1.0)",3.1998775742420262,88.37999060717388,2.77238510442935,55.53331412302386,11.813082784452483,False,True,True,False,False,10.589869227641291,0.0,0.0,0.0,0.0,0,0.9657868687249084,0.7962386941190376,False,False,False,False,0.23088695123632655,0.21196962239631562,False,False,False,False,15655658,12409557.471232565,False,False,False,False,812392.8505047079,False,False,False,False
2024-09-24 00:00:00+00:00,97.6384224559,98.1913362553,97.0527507474,97.4299630342,418586,,,,,,,,,,,97.86055991022627,,,,,,,,,,,97.1189148199734,94.82581315541078,93.28708779983347,92.01190667731885,90.4835904217628,86.81169695643491,84.9623191926,83.95952781276095,83.72997708042553,83.03555517111768,82.19957826076707,82.0092226984162,79.67937124234037,78.64483596013639,77.49268508334521,76.88239236594141,,90.4835904217628,86.81169695643491,79.67937124234037,,97.86055991022627,97.86055991022627,85.44590466866156,"rgba(0, 255, 0, 1.0)",3.258637112370043,88.41066046629993,2.8317857040818564,56.039257927376866,11.813082784452483,False,True,True,False,False,11.139634849646466,0.0,0.0,0.0,0.0,0,0.9760230587738655,0.7771256339024012,False,False,False,False,0.24513982203135934,0.2285547222138375,False,False,False,False,16074244,12553270.668439131,False,False,False,False,796949.4446025625,False,False,False,False
2024-09-25 00:00:00+00:00,98.0454146601,98.3928470296,97.6582757342,98.2836539992,645939,,,,,,,,,,,97.87491092406788,,,,,,,,,,,97.17099222391644,94.89688265112751,93.35206600795044,92.06946635758015,90.54124195316797,86.86356621270644,85.0125523132156,84.00944232909328,83.77987428030166,83.08481808667491,82.24331190142375,82.04802052249734,79.71427394791533,78.67744668092946,77.5243917125434,76.91398841714528,,90.54124195316797,86.86356621270644,79.71427394791533,,97.87491092406788,97.87491092406788,85.49389597488681,"rgba(0, 255, 0, 1.0)",3.3197015196984787,88.46287317888547,2.8865671881503614,56.957267187036386,11.813082784452483,False,True,True,False,False,11.719049624146837,0.0,0.0,0.0,0.0,0,0.9908525969852083,0.757345945797423,False,False,False,False,0.2739118946483266,0.25123330843108205,False,False,False,False,16720183,12716678.995167008,False,False,False,False,791027.4663828542,False,False,False,False
2024-09-26 00:00:00+00:00,98.3531404731,98.6807195643,97.8568085167,98.2935806383,462772,,,,,,,,,,,97.89876233266574,,,,,,,,,,,97.21518360810391,94.95003019108809,93.40010673382827,92.11183274987194,90.58344743614056,86.90130696902631,85.04903110703087,84.04565653337879,83.8160687327688,83.12053464882548,82.27501868306953,82.07615965318172,79.7395580576855,78.70106131883277,77.54733969864142,76.9368499021219,,90.58344743614056,86.90130696902631,79.7395580576855,,97.89876233266574,97.89876233266574,85.52932412647475,"rgba(0, 255, 0, 1.0)",3.3842228066250137,88.5020518573527,2.9108865398763455,58.01754250609446,11.813082784452483,False,False,True,False,False,12.158949023362766,0.0,0.0,0.0,0.0,0,1.001093076873213,0.7547899205954987,False,False,False,False,0.2899511960289401,0.27059225223001104,False,False,False,False,17182955,12891827.073787909,False,False,False,False,778154.7029952913,False,False,False,False
2024-09-27 00:00:00+00:00,98.9090322642,99.9016961769,98.9090322642,99.5741170857,517716,,,,,,,,,,,97.97852493815219,,,,,,,,,,,97.30035011359622,95.02376031459114,93.46289629467826,92.16567432677509,90.63582922400727,86.94670407270901,85.09249239367554,84.08861994178109,83.85897022044153,83.16276406110171,82.31242092605794,82.10934787055524,79.76919595878036,78.72868051559806,77.57411628306394,76.96349441797786,,90.63582922400727,86.94670407270901,79.76919595878036,,97.97852493815219,97.97852493815219,85.57470730846188,"rgba(0, 255, 0, 1.0)",3.450571632548421,88.55468841011536,3.000761890121211,59.533599370380486,11.813082784452483,False,False,True,False,True,12.95399899938192,0.0,0.0,0.0,0.0,0,1.0003048664806975,0.7383552126264533,False,False,False,False,0.3428282469763979,0.3067102496032045,False,False,False,False,17700671,13080409.188541325,False,False,False,False,767941.4205248877,False,False,False,False
2024-09-30 00:00:00+00:00,99.3358777467,99.4847773336,98.5764898535,99.3656576641,485469,,,,,,,,,,,98.03947476746276,,,,,,,,,,,97.36986894443805,95.08892635919327,93.51948702158502,92.21467217230669,90.68376885325839,86.98860133172046,85.1326974917416,84.12840274932452,83.89870348134433,83.20189906676731,82.34712210902555,82.14015786448854,79.79675302492885,78.75437656239072,77.5990407163337,76.98830121798396,,90.68376885325839,86.98860133172046,79.79675302492885,,98.03947476746276,98.03947476746276,85.61579868542694,"rgba(0, 255, 0, 1.0)",3.5341816977355847,88.60179293910495,3.037219284586466,61.154767601611574,11.813082784452483,True,False,True,False,True,13.563024072477656,0.0,0.0,0.0,0.0,0,0.9890520395573594,0.7408141578159624,False,False,False,False,0.3151306800540064,0.31092046482860547,False,False,False,False,18186140,13280633.926245587,False,False,False,False,756864.0707003823,False,False,False,False
2024-10-01 00:00:00+00:00,98.3928470296,99.9711826508,98.0156347428,99.8520629813,636947,,,,,,,,,,98.7932214744,98.08832722082148,,,,,,,,,,,97.4373719044046,95.16444041634472,93.58765980474467,92.27482169766517,90.74336005276695,87.0416134331436,85.1838300993316,84.17910803699245,83.94936831270971,83.25186816496505,82.39151874182535,82.1796090918576,79.83215770390697,78.78743290713999,77.63114120396138,77.02026704966084,,90.74336005276695,87.0416134331436,79.83215770390697,,98.08832722082148,98.44077434761074,85.66597303883879,"rgba(0, 255, 0, 1.0)",3.585736571395504,89.47964126310231,2.485739147041925,59.95459760915041,11.813082784452483,False,False,True,False,True,11.645691617421225,0.0,0.0,0.0,0.0,0,0.980470218912706,0.7455404411610278,False,False,False,False,0.31240527496709697,0.3116628698978512,False,False,False,False,17549193,13448028.399726152,False,False,False,False,752161.440476838,False,False,False,False
2024-10-02 00:00:00+00:00,98.4027736687,98.7502060382,97.1222372213,97.7178355689,527956,,,,,,,,,,98.47529638201885,98.0885011638555,,,,,,,,,,,97.46212223693983,95.2130818754957,93.63540883515269,92.31857495597855,90.78784768792659,87.0825933481692,85.2237542378093,84.21886721135168,83.98913084362842,83.2911861208473,82.4265710491838,82.21079347566139,79.86032224257211,78.81379241820713,77.65679566329702,77.0458407401656,,90.78784768792659,87.0825933481692,79.86032224257211,,98.0885011638555,98.28189877293718,85.70229268389915,"rgba(0, 255, 0, 1.0)",3.6274095445997228,89.50091823943234,2.4540530424859863,59.17187103026635,11.813082784452483,False,False,True,False,True,11.660420523054075,0.0,0.0,0.0,0.0,1,0.9693519036147518,0.764199274386647,False,False,False,False,0.23669203073320655,0.27417745031552887,False,False,False,False,18077149,13629562.540913364,False,False,False,False,743369.07026206,False,False,False,False
2024-10-03 00:00:00+00:00,97.3902564777,98.5715265339,97.1520171387,98.4722601426,435444,,,,,,,,,,98.26559492754923,98.0730096214964,,,,,,,,,,,97.46945765908558,95.24676611086093,93.67068004880419,92.35178233110464,90.82221309126822,87.11498392181926,85.2555121378348,84.25057856568344,84.02086238179821,83.32261394082127,82.4546521292748,82.2357969375999,79.88299442032181,78.83504342120347,77.67750647196841,77.0664994329607,,90.82221309126822,87.11498392181926,79.88299442032181,,98.0730096214964,98.1693022745228,85.72987143765062,"rgba(0, 255, 0, 1.0)",3.6128412028878545,89.51774288053075,2.1790367068656433,56.323291767151794,10.939962656459606,False,True,True,False,False,9.613007070574646,0.0,0.0,0.0,0.0,1,0.9574083723714326,0.7867448330412099,False,False,False,False,0.23146841433594031,0.2528229323257346,False,False,False,False,17641705,13786901.460877545,False,False,False,False,731293.5773106067,False,False,False,False
2024-10-04 00:00:00+00:00,96.556418791,96.5837170486,95.7722143,96.2486929781,501424,,,,,,,,,,97.79764087729741,97.99446364509816,,,,,,,,,,,97.43022863815571,95.26297470728419,93.69670528480252,92.37964483889498,90.85339809410387,87.14713807495951,85.28779093449758,84.28312873168726,84.053499457075,83.35512686971495,82.48390268040687,82.26189154418722,79.90698468071366,78.85764346922757,77.69963846586481,77.088626450367,,90.85339809410387,87.14713807495951,79.90698468071366,,97.99446364509816,97.89605226119778,85.75302018262141,"rgba(0, 255, 255, 0.75)",3.5979636019886665,89.51350813067702,1.9574713475228644,52.75508828451761,7.533353797022755,False,True,False,False,False,7.9658420003946375,0.0,0.0,0.0,0.0,1,0.9362037915241085,0.809838864718079,False,False,False,False,0.11604281776114148,0.18443287504343803,False,False,False,False,17140281,13918406.540843131,False,False,False,False,722279.0840827398,False,False,False,False
2024-10-07 00:00:00+00:00,94.7299171916,96.3281060911,94.3626315439,96.318179452,578540,,,,,,,,,,97.22404129425477,97.85535857727925,,,,,,,,,,,97.3446093939689,95.26084124639016,93.71297937605028,92.40191769519971,90.88135162727166,87.17927876131455,85.32089032104932,84.31685197159827,84.08738385141187,83.38908463976865,82.51466928817041,82.28939376656604,79.93261895707393,78.88191197685018,77.72351553014266,77.11255075980687,,90.88135162727166,87.17927876131455,79.93261895707393,,97.85535857727925,97.539699935767,85.7718655726646,"rgba(38, 166, 154, 1.0)",3.565333871300132,89.49599379016153,1.4680037242991388,47.449712828531965,2.6495818531311386,False,True,False,True,False,4.506335182802566,0.0,0.0,0.0,0.0,0,0.9141294741079892,0.8351755906139556,False,False,False,False,0.060267761008440585,0.1223503180259393,False,False,False,False,16561741,14022066.715712028,False,False,False,False,716642.2572559657,False,False,False,False
2024-10-08 00:00:00+00:00,95.2063958697,95.2361757871,94.6703573569,95.0376430046,617686,,,,,,,,,,96.81454801273745,97.71599366373164,,,,,,,,,,,97.25605492184552,95.25677512041499,93.72873442408564,92.42442824383527,90.91008778510243,87.21287162289853,85.35561812054543,84.35228752455403,84.12299948027794,83.42481017540628,82.54708745411943,82.31839417940726,79.95970871806028,78.90757988178325,77.74878642658392,77.1378790327318,,90.91008778510243,87.21287162289853,79.95970871806028,,97.71599366373164,97.26527083823454,85.79150644447826,"rgba(0, 255, 255, 0.75)",3.5278480601583477,89.48724489333509,1.6211443573644753,45.014680130576224,0.5658079571648074,False,True,False,True,False,5.280205700327134,0.0,0.0,0.0,0.0,0,0.916039950045576,0.8465050156657166,False,False,False,False,0.03415119807474737,0.07825075805034334,False,False,False,False,17179427,14145884.766076263,False,False,False,False,712761.6197165161,False,False,False,False
2024-10-09 00:00:00+00:00,95.7325077435,95.8268108152,94.918523335,95.226249148,625656,,,,,,,,,,96.6037556799694,97.6099199489951,,,,,,,,,,,97.1900567023099,95.26104811582476,93.74973108235001,92.450742713219,90.94195651206333,87.24856791528529,85.39218297741617,84.38946043658346,84.16033321186642,83.46218297317927,82.58094311329984,82.3486805227697,79.9878741289484,78.93422696586678,77.77497993181936,77.1641114925414,,90.94195651206333,87.24856791528529,79.9878741289484,,97.6099199489951,97.10683781448225,85.81481742470895,"rgba(0, 255, 255, 0.75)",3.5057744397765993,89.49387750551169,1.7795298428799804,44.583808022896996,0.26057358687958754,False,True,False,True,False,6.132018425046514,0.0,0.0,0.0,0.0,0,0.9197835612961409,0.8355101815340386,False,False,False,False,0.06208865265427426,0.0701697053523088,False,False,False,False,17805083,14289382.736034058,False,False,False,False,709345.7130609665,False,False,False,False
2024-10-10 00:00:00+00:00,95.6233147131,95.7523610217,95.0773495611,95.5240483218,465608,,,,,,,,,,96.48500947782252,97.53704064644923,,,,,,,,,,,97.14383648418347,95.26401883505444,93.76496241084054,92.46998217205778,90.9653441677207,87.27490722277818,85.41920135501762,84.41694311401635,84.18793776350526,83.48982659154115,82.60600744162191,82.371115019317,80.00875724393244,78.95399211900927,77.7944137080993,77.1835760699727,,90.9653441677207,87.27490722277818,80.00875724393244,,97.53704064644923,97.01102506213587,85.83217635741676,"rgba(0, 255, 255, 0.75)",3.4784809418318243,89.50096220955591,1.7600649840904297,44.100371624282886,-0.25301594877035427,False,True,False,True,False,5.922631882746224,0.0,0.0,0.0,0.0,0,0.9166357510057124,0.8555203659377927,False,False,False,False,0.06490357128733472,0.06753663831982176,False,False,False,False,17339475,14408994.197366055,False,False,False,False,699787.3713723011,False,False,False,False
2024-10-11 00:00:00+00:00,95.9806737217,96.159353226,95.6233147131,95.8615540521,597056,,,,,,,,,,96.41748925279191,97.46898614244365,,,,,,,,,,,97.10277696701067,95.27504086222996,93.78896991036756,92.4978224253678,90.99784919573187,87.31022088559108,85.45513074603079,84.45336890900722,84.22450021338676,83.52637298410016,82.63909089349893,82.40072568581314,80.03620721348962,78.97993614706769,77.81988535187016,77.20906959685493,,90.99784919573187,87.31022088559108,80.03620721348962,,97.46898614244365,96.94323769761777,85.85731049921364,"rgba(0, 255, 255, 0.75)",3.4497454372049634,89.51857193061012,1.8732112002807872,44.654231888034225,-0.25301594877035427,False,True,False,True,False,6.512899562932237,0.0,0.0,0.0,0.0,0,0.9349035376364465,0.8362226619729215,False,False,False,False,0.09677776781768578,0.08215720306875376,False,False,False,False,17936531,14547328.973939937,False,False,False,False,695758.6901420149,False,False,False,False
2024-10-14 00:00:00+00:00,96.4869323172,96.6060519867,95.7424343826,96.0303069173,562223,,,,,,,,,,96.40340298983882,97.4235739413108,,,,,,,,,,,97.07751037929906,95.29064387990157,93.81480107916526,92.52632506810662,91.03026405026023,87.34458074675982,85.48988752347861,84.48852165606142,84.25976740947496,83.5615778779058,82.67092843157906,82.42922462311897,80.0625488411048,79.00480794961456,77.84427783092747,77.23346971841512,,91.03026405026023,87.34458074675982,80.0625488411048,,97.4235739413108,96.91348846557482,85.88307106657334,"rgba(0, 255, 0, 1.0)",3.423828370848844,89.54075197111503,2.028775859568819,46.23820453487069,-0.25301594877035427,False,True,False,True,False,7.348563849066068,0.0,0.0,0.0,0.0,0,0.9483408843915103,0.8230098433327288,False,False,False,False,0.115792102577263,0.09897465282300838,False,False,False,False,18498754,14702286.818099156,False,False,False,False,690521.9964109556,False,False,False,False
2024-10-15 00:00:00+00:00,95.9012606086,97.876661795,95.5190850022,97.3009167256,734810,,,,,,,,,,96.40678655428378,97.3765029179024,,,,,,,,,,,97.05265937833889,95.31338429328058,93.84982302998363,92.56443692965365,91.0732587880206,87.38985980768287,85.53562162217878,84.53474695273695,84.3061368513659,83.60785088386832,82.71278379955226,82.46670781900045,80.09717353148773,79.03749568126254,77.87632639007192,77.265522907045,,91.0732587880206,87.38985980768287,80.09717353148773,,97.3765029179024,96.8916447360931,85.91773679159564,"rgba(0, 255, 255, 0.75)",3.3765511133660087,89.57243618631695,1.8743458072441215,45.99700163876268,-0.25301594877035427,False,True,False,True,False,6.179269207014585,0.0,0.0,0.0,0.0,0,0.9711841415806896,0.7847539431197317,False,False,False,False,0.13611842570872298,0.11754653926586568,False,False,False,False,17763944,14822351.805624679,False,False,False,False,692258.7808654279,False,False,False,False
2024-10-16 00:00:00+00:00,94.5909442438,95.7225811044,94.4966411721,95.2659557045,679762,,,,,,,,,,96.26327401223998,97.27383445962268,,,,,,,,,,,96.97985701219945,95.3065694838347,93.86311154675607,92.58565827861213,91.10149638387742,87.42448497777056,85.57183009635764,84.57185620348962,84.34346710151037,83.64540435170373,82.74708118806426,82.49751037551496,80.12615340151002,79.0650350459583,77.903494115358,77.2927733317308,,91.10149638387742,87.42448497777056,80.12615340151002,,97.27383445962268,96.76855423593133,85.9391114308905,"rgba(0, 255, 255, 0.75)",3.2939206116189186,89.57979277435759,1.5213334079049026,43.372783405986496,-1.503173452686191,False,True,False,True,False,3.630361864895555,0.0,0.0,0.0,0.0,0,0.95189188524398,0.827219798801821,False,False,False,False,-0.011237035921898885,0.0531547516719834,False,False,False,False,17084182,14911051.028933514,False,False,False,False,691768.7110275681,False,False,False,False
2024-10-17 00:00:00+00:00,93.826593031,94.4916778526,93.747179918,94.3427782657,502050,,,,,,,,,,96.1125306625046,97.1758094293429,,,,,,,,,,,96.9065511652103,95.28962819434808,93.86453179752775,92.59508452299404,91.11717592938089,87.44676495612201,85.59579877019726,84.59669003131395,84.368503405882,83.67074622811047,82.77039682748948,82.5184965420091,80.14616672306316,79.08414461697258,77.92242904202875,77.31180487919315,,91.11717592938089,87.44676495612201,80.14616672306316,,97.1758094293429,96.64417004592374,85.95030710199018,"rgba(38, 166, 154, 1.0)",3.2242034022519843,89.57683514372764,1.3180799586974168,40.42420300439385,-4.397094570455593,False,True,False,True,False,2.187754855429638,0.0,0.0,0.0,0.0,0,0.9201655358107675,0.8514000324099104,False,False,False,False,-0.09013578686442636,-0.01849051759622148,False,False,False,False,16582132,14976583.616034161,False,False,False,False,684328.7615755065,False,False,False,False
2024-10-18 00:00:00+00:00,94.4420446569,94.8242202633,93.6280602485,93.8464463093,604480,,,,,,,,,,95.97661608592912,97.07502758203275,,,,,,,,,,,96.83097550792458,95.27413209802573,93.86915368918727,92.60843735542517,91.13760712951277,87.47451060029144,85.62541820522351,84.62728935891504,84.39933424088233,83.70190474645912,82.79902799341082,82.54426764925908,80.17066516242495,79.10751267098452,77.94555843459646,77.33503986281251,,91.13760712951277,87.47451060029144,80.17066516242495,,97.07502758203275,96.52582183398093,85.96567716908346,"rgba(0, 255, 255, 0.75)",3.133681546818145,89.57838855701456,1.5520581869028318,40.14174120018271,-4.76191290013719,False,True,False,True,False,3.2690376922731836,0.0,0.0,0.0,0.0,0,0.918879505941288,0.8424138089541068,False,False,False,False,-0.08159638136322078,-0.05004344947972113,False,False,False,False,17186612,15063251.395797528,False,False,False,False,681197.4375921533,False,False,False,False
2024-10-21 00:00:00+00:00,93.6479135268,94.4718245743,93.588353692,94.2435118744,502026,,,,,,,,,,95.85515067565966,96.98536572416901,,,,,,,,,,,96.76216881680072,95.25655935271534,93.86944804973257,92.6168107121349,91.15227889791916,87.49605793825408,85.64875000294768,84.65152295069501,84.42377734979071,83.72668314828395,82.82188460343907,82.56486807906172,80.19037928890772,79.12636179561646,77.96425470827565,77.35383977326407,,91.15227889791916,87.49605793825408,80.19037928890772,,96.98536572416901,96.42025819991434,85.97660284173992,"rgba(38, 166, 154, 1.0)",3.0727861500001037,89.57689464920051,1.324862414392016,38.651752390807964,-6.3264931708540715,False,True,False,True,False,1.768014451174185,0.0,0.0,0.0,0.0,0,0.8990157307219826,0.8615350468841043,False,False,False,False,-0.0972951014504089,-0.07366927546506502,False,False,False,False,16684586,15126833.14498194,False,False,False,False,674171.1067061865,False,False,False,False
2024-10-22 00:00:00+00:00,93.9457127006,94.0449790918,93.2855911986,93.3997475486,429756,,,,,,,,,,95.755062507083,96.90914234500009,,,,,,,,,,,96.7029473223394,95.24030851465514,93.86862274847489,92.62310030346232,91.16406459997631,87.51397712498577,85.66827230820891,84.67184637837364,84.44428581932725,83.74750042338849,82.84112303790856,82.58222054192466,80.20703384710397,79.14230254350757,77.9800805367098,77.36975976734722,,91.16406459997631,87.51397712498577,80.20703384710397,,96.90914234500009,96.33210242604154,85.98546536360587,"rgba(38, 166, 154, 1.0)",3.011096777925208,89.57526221931018,1.451448028283327,38.49704239093545,-6.659603475511979,False,True,False,True,False,2.301506591052977,0.0,0.0,0.0,0.0,0,0.9207633936890174,0.8578478921911857,False,False,False,False,-0.15591047667707822,-0.11478987607107162,False,False,False,False,17114342,15204774.668708138,False,False,False,False,664586.2005608459,False,False,False,False
2024-10-23 00:00:00+00:00,93.8166663919,93.9556393397,93.2558112812,93.4196008268,301972,,,,,,,,,,95.68758103201814,96.85635169835895,,,,,,,,,,,96.6615823100988,95.22847318562428,93.86761903294486,92.62715955099215,91.17202038413102,87.52634101092158,85.68179402501096,84.6859431387502,84.45851496076169,83.76195582868137,82.85449854446787,82.59429125598925,80.2186406043147,79.15341942152034,77.9911235426832,77.3808712577352,,91.17202038413102,87.52634101092158,80.2186406043147,,96.85635169835895,96.27196636518855,85.99151550341422,"rgba(38, 166, 154, 1.0)",2.932331941012359,89.57408105465886,1.4468298346115709,38.16094459973483,-7.226119832812188,False,True,False,True,False,2.053299332781137,0.0,0.0,0.0,0.0,0,0.9156861241981621,0.8676799220115625,False,False,False,False,-0.23511881931573922,-0.17495434769340543,False,False,False,False,16812370,15267817.622876447,False,False,False,False,650366.0358329696,False,False,False,False
2024-10-24 00:00:00+00:00,93.6975467224,94.0449790918,93.3869421841,93.7670331963,420616,,,,,,,,,,95.6020323086271,96.78638014072716,,,,,,,,,,,96.60644508672998,95.21263546223351,93.86648175731145,92.63294222949268,91.1831667424488,87.54357433515838,85.70063173838581,84.70557859118315,84.47833412605716,83.78208909193626,82.87313230325857,82.6111119361684,80.23481483082273,79.16891173538824,78.00651252101133,77.39635524599441,,91.1831667424488,87.54357433515838,80.23481483082273,,96.78638014072716,96.19420622467713,86.00016985834881,"rgba(38, 166, 154, 1.0)",2.8408175919512804,89.5732542446325,1.4517977111422515,37.708903003684846,-7.928641288078644,False,True,False,True,False,1.8209624913307927,0.0,0.0,0.0,0.0,0,0.8959287354931739,0.8735955788441795,False,False,False,False,-0.3152698754604391,-0.24511211157692225,False,False,False,False,16391754,15311893.559234234,False,False,False,False,641356.2305061864,False,False,False,False
2024-10-25 00:00:00+00:00,93.5585737746,94.0151991745,93.0324619009,93.3898209094,407577,,,,,,,,,,95.51889559021431,96.71780487120812,,,,,,,,,,,96.55184645880169,95.195855805483,93.86418566080499,92.63758898832013,91.19313541205273,87.5597122938292,85.71840567360123,84.72415703155148,84.4970967502393,83.80117926198729,82.89083786983004,82.62710731194366,80.25024832611611,79.18371267898999,78.02123042365007,77.4111711338734,,91.19313541205273,87.5597122938292,80.25024832611611,,96.71780487120812,96.11835023071121,86.00796694256714,"rgba(38, 166, 154, 1.0)",2.793875158420793,89.5717304017972,1.426994102004303,37.12688075300697,-8.757285356440256,False,True,False,True,False,1.5461913344682934,0.0,0.0,0.0,0.0,0,0.8804164411483647,0.8851197832689206,False,False,False,False,-0.34282825441539394,-0.29397018299615807,False,False,False,False,15984177,15338257.615734853,False,False,False,False,632188.4175451595,False,False,False,False
2024-10-28 00:00:00+00:00,94.1740254005,94.4420446569,93.8576634115,94.2435118744,523070,,,,,,,,,,95.45208067592682,96.65033244082964,,,,,,,,,,,96.4984439026913,95.18269823129101,93.86677693592138,92.64756927606416,91.20917307250008,87.58244052168631,85.74290540678369,84.74956209755635,84.52271304364514,83.82712945186798,82.91479840330973,82.64873426069587,80.27092835817035,79.20348503064521,78.04083428755838,77.43087804712358,,91.20917307250008,87.58244052168631,80.27092835817035,,96.65033244082964,96.05120655837823,86.02119189546941,"rgba(0, 255, 255, 0.75)",2.766701683258904,89.57626102229406,1.6618215133299883,38.87918560997388,-8.757285356440256,False,True,False,True,True,2.714559745736505,0.0,0.0,0.0,0.0,0,0.8873896510951262,0.8832313238380299,False,False,False,False,-0.26584070879915295,-0.27990544589765554,False,False,False,False,16507247,15384100.336686429,False,False,False,False,627909.2639159375,False,False,False,False
2024-10-29 00:00:00+00:00,93.8166663919,94.0647331037,93.5486471355,93.7174000006,345097,,,,,,,,,,95.40056391947003,96.60178510968151,,,,,,,,,,,96.45945110746574,95.17131315130709,93.86644847338056,92.65258212737535,91.2184221284102,87.59656117073135,85.75832641346385,84.76563136754883,84.53893168353217,83.84360492722602,82.93006329492387,82.66252838131786,80.28419747345743,79.21619852717292,78.05346331879014,77.44358448108186,,91.2184221284102,87.59656117073135,80.28419747345743,,96.60178510968151,96.00117451457578,86.02883175169907,"rgba(0, 255, 255, 0.75)",2.7016894715417568,89.57747108447575,1.569090508764169,39.197052504569015,-8.757285356440256,False,True,False,True,True,1.988990530404056,0.0,0.0,0.0,0.0,0,0.8704756675040104,0.9082660218931932,False,False,False,False,-0.30760722133186896,-0.2937563336147623,False,False,False,False,16162150,15414612.088188922,False,False,False,False,616818.5868996262,False,False,False,False
2024-10-30 00:00:00+00:00,92.5857631401,93.2707012399,92.4269369141,92.5262033054,895061,,,,,,,,,,95.20195212125923,96.43875169637053,,,,,,,,,,,96.32537111752661,95.1205576236806,93.85010439537638,92.65378281292854,91.23252125519751,87.62675616465386,85.7928750138606,84.80224225443352,84.57600503122949,83.88161360711872,82.96565876934297,82.69479570367864,80.31583259037086,79.2467074590549,78.08395034499972,77.47434264708983,,91.23252125519751,87.62675616465386,80.31583259037086,,96.43875169637053,95.82035190881487,86.04019479940892,"rgba(38, 166, 154, 1.0)",2.6499480434342586,89.5661971923587,1.1394811891587224,36.943330232544874,-9.304521728922609,False,True,False,True,False,0.0,0.0,0.0,0.0,0.0,0,0.843964034814834,0.9200408481853402,False,False,False,False,-0.34282825441539394,-0.3182922940150781,False,False,False,False,15267089,15408826.86904426,False,False,False,False,627730.0540800331,False,False,False,False
2024-10-31 00:00:00+00:00,91.2754467753,92.0795045446,90.8783812102,92.0000914316,607060,,,,,,,,,,95.01787831328963,96.29805367833416,,,,,,,,,,,96.20743487325001,95.06832244897059,93.82588683949828,92.64452981395875,91.2336214229606,87.6417031173441,85.81161142752805,84.82270311721899,84.59684378729979,83.90331709734477,82.98634734908563,82.71364405154185,80.33487984878718,79.26526228630891,78.10266051120686,77.49329753149628,,91.2336214229606,87.6417031173441,80.33487984878718,,96.29805367833416,95.65796599581189,86.04075409523753,"rgba(38, 166, 154, 0.5)",2.6076987898319888,89.54669796863746,0.6629403723326185,33.509732718463965,-12.58623462580399,False,True,False,True,False,0.0,0.0,0.0,0.0,0.0,0,0.8594379074003204,0.9228695360413096,False,False,False,False,-0.34282825441539394,-0.33056027421523604,False,False,False,False,14660029,15379462.246728798,False,False,False,False,626919.4637239535,False,False,False,False
2024-11-01 00:00:00+00:00,91.1166205493,92.0000914316,90.9776476015,91.871045123,1205328,,,,,,,,,,94.69664770383844,96.03836846446367,,,,,,,,,,,95.98717799006346,94.96759028993317,93.77830471144857,92.62588539831188,91.23520637056123,87.67067286477985,85.84814021613016,84.8626722799207,84.63756641693628,83.9457774048281,83.02690168521086,82.75062915128997,80.37234797291512,79.30179607512315,78.1395258209595,77.53065561363073,,91.23520637056123,87.67067286477985,80.37234797291512,,96.03836846446367,95.36750808415105,86.04255314137768,"rgba(38, 166, 154, 0.5)",2.5673303676687484,89.51175323822085,0.6251113340494775,31.01409372577608,-14.876873625371886,False,True,False,True,False,0.0,0.0,0.0,0.0,0.0,0,0.8402395813720424,0.9504731458552081,False,False,False,False,-0.34190097679937054,-0.3362306255073033,False,False,False,False,13454701,15303981.413523749,False,False,False,False,649602.1514210533,False,False,False,False
2024-11-04 00:00:00+00:00,91.4938328361,92.0100180708,90.937941045,91.6824389796,607442,,,,,,,,,,94.56017461589573,95.92058246367444,,,,,,,,,,,95.88619437796756,94.92043942530576,93.75613307333774,92.61753776802624,91.23669168362954,87.68555475734512,85.86675054416837,84.88298627082055,84.6582541199468,83.96732443921168,83.04747300940372,82.7693977075508,80.39133217949227,79.32030026921913,78.15818906120474,77.54956356195927,,91.23669168362954,87.68555475734512,80.39133217949227,,95.92058246367444,95.24037853978508,86.04463264053683,"rgba(38, 166, 154, 0.5)",2.5196821130345084,89.49727140456842,0.7923862384080951,30.76298113154374,-15.078838859552974,False,True,False,True,False,0.0,0.0,0.0,0.0,0.0,0,0.8382444874068162,0.9482895251160856,False,False,False,False,-0.34282825441539394,-0.33952943996134866,False,False,False,False,14062143,15255281.867895367,False,False,False,False,647948.8121496395,False,False,False,False
2024-11-05 00:00:00+00:00,91.7618520926,92.1588183913,91.0818773124,91.2953000536,435670,,,,,,,,,,94.47473613963997,95.84318616461965,,,,,,,,,,,95.81946628067998,94.88919491718632,93.7417775368649,92.61259727270264,91.23855390434937,87.69667915935567,85.88046461247663,84.8978898620176,84.67341932327815,83.98308527205015,83.06249130325851,82.78309706101604,80.40513696956711,79.33374074057136,78.17172995576199,77.56327473397089,,91.23855390434937,87.69667915935567,80.40513696956711,,95.84318616461965,95.15896115212982,86.04703743156921,"rgba(38, 166, 154, 0.5)",2.4873289258895785,89.48883207753609,0.9138397384459211,31.591811264744916,-15.078838859552974,False,True,False,True,False,0.0,0.0,0.0,0.0,0.0,0,0.8453410605391128,0.9403534922657117,False,False,False,False,-0.3292204584994447,-0.3343749492303967,False,False,False,False,14497813,15225577.206409274,False,False,False,False,639624.1528496536,False,False,False,False
2024-11-06 00:00:00+00:00,90.7989680972,91.6129525057,89.8262567291,91.404493084,1114133,,,,,,,,,,94.2128775738327,95.61652959297578,,,,,,,,,,,95.6222283357737,94.78986735456827,93.69003189690703,92.58810012152367,91.23316949848186,87.71831027315118,85.90970468931067,84.93055899695956,84.70683394582962,84.01830025126455,83.09657312533659,82.81432543740848,80.43741067075842,79.3654211987528,78.20387885199015,77.59593442860188,,91.23316949848186,87.71831027315118,80.43741067075842,,95.61652959297578,94.91470358340425,86.04504056728865,"rgba(38, 166, 154, 0.5)",2.4753215899688956,89.45462675475683,0.5430976515904203,30.53918491748089,-15.35093073048089,False,True,False,True,False,0.0,0.0,0.0,0.0,0.0,0,0.8244321115319618,0.9632135013753037,False,False,False,False,-0.34282825441539394,-0.33860160182289534,False,False,False,False,13383680,15153345.943412831,False,False,False,False,658232.342933981,False,False,False,False
2024-11-07 00:00:00+00:00,91.9206783186,92.4716067902,91.6526590622,92.0497246273,500050,,,,,,,,,,94.1457164637127,95.5460560429382,,,,,,,,,,,95.56036541404991,94.76032711275202,93.67714574843828,92.58474391265035,91.23698708559927,87.73194653536316,85.92612776616176,84.94827684732493,84.72483804930447,84.03694523987727,83.1142929682948,82.83049157199095,80.45360546452757,79.38116206507516,78.21970910706091,77.61194973603625,,91.23698708559927,87.73194653536316,80.45360546452757,,95.5460560429382,94.84588625332546,86.04993216403169,"rgba(38, 166, 154, 0.5)",2.4724137020408485,89.44965328635865,0.999438334370029,33.57174231002338,-15.35093073048089,False,True,False,True,True,0.0,0.0,0.0,0.0,0.0,0,0.835207412463945,0.9490943313721646,False,False,False,False,-0.23206406108030558,-0.2853328314516005,False,False,False,False,13883730,15103557.082886837,False,False,False,False,652029.1137993152,False,False,False,False
2024-11-08 00:00:00+00:00,91.9306049577,92.2879639663,91.5831725883,91.7817053708,935133,,,,,,,,,,94.02615730165877,95.41854333248523,,,,,,,,,,,95.44767505824552,94.70515704726908,93.65242242320438,92.57769370800605,91.24329355027751,87.75673821309029,85.95619852261031,84.98079651444635,84.75789840448304,84.07122858461076,83.1469421048203,82.86030605977902,80.48355822858582,79.41030562692238,78.24904236070321,77.64163631245458,,91.24329355027751,87.75673821309029,80.48355822858582,,95.41854333248523,94.722350317072,86.05880579496929,"rgba(38, 166, 154, 1.0)",2.459400201828025,89.44051318547268,1.0124792908354154,35.62406178326803,-18.73194681080382,False,True,False,True,True,0.0,0.0,0.0,0.0,0.0,0,0.8273885891331743,0.9632109814204629,False,False,False,False,-0.24223241209639537,-0.2637826217739979,False,False,False,False,14818863,15092392.609048137,False,False,False,False,663131.2269836558,False,False,False,False
2024-11-11 00:00:00+00:00,91.6030258665,92.9828287052,91.5732459492,92.7148094488,1168309,,,,,,,,,,93.90133460688027,95.27638239085348,,,,,,,,,,,95.32081013283569,94.64202032759758,93.62457645594135,92.5706878980679,91.25234558989669,87.78817529205551,85.99408736397399,85.02169080538808,84.79945734224738,84.11428709913955,83.18794262012688,82.89776694168883,80.52114785575176,79.44687107721172,78.28583150048496,77.67886045846983,,91.25234558989669,87.78817529205551,80.52114785575176,,95.27638239085348,94.58885849886687,86.07165992255486,"rgba(38, 166, 154, 0.5)",2.4742721302198696,89.43302958613411,0.8770240968494692,36.29913731923857,-18.084188162677247,False,True,False,True,True,0.0,0.0,0.0,0.0,0.0,0,0.8326276087821933,0.9570311508834682,False,False,False,False,-0.21482506472643634,-0.23930384325021714,False,False,False,False,13650554,15035849.91849723,False,False,False,False,682942.1200431203,False,False,False,False
2024-11-12 00:00:00+00:00,86.2525673769,91.483906197,85.3447762287,90.5905086756,3922215,,,,,,,,,,92.81391562554144,94.3346451775746,,,,,,,,,,,94.47056013046266,94.12780314353478,93.29706468125376,92.36144239290785,91.12362362030765,87.78591132167557,86.0288230377502,85.0725741554871,84.85377233032341,84.17795998414815,83.25652107098583,82.96249368522578,80.59853936542997,79.52617540996546,78.369259864198,77.76495760461701,,91.12362362030765,87.78591132167557,80.59853936542997,,94.3346451775746,93.57428040155801,85.98609261239207,"rgba(239, 83, 80, 1.0)",2.6474339058106526,89.20933818905914,-1.1168440525255579,30.66710516080806,-14.58302232423516,False,True,False,True,False,0.0,0.0,0.0,0.0,0.0,0,0.7859010489870669,0.9747166952615485,False,False,False,False,-0.34282825441539394,-0.2910660488328055,False,False,False,False,9728339,14827712.235418908,False,False,False,False,809972.4290610373,False,False,False,False
2024-11-13 00:00:00+00:00,86.8481657246,87.9500226677,84.8628378991,85.5279227206,2314338,,,,,,,,,,92.22745102577572,93.80336395728891,,,,,,,,,,,93.98193908608418,93.81089351167816,93.08427045481183,92.21804029124253,91.0281224287756,87.7687215443108,86.03507677731773,85.08903139951094,84.8723895240511,84.20263695213184,83.28586828391083,82.99086595704232,80.63621385847847,79.56582568902776,78.41186252171487,77.80931499987699,,91.0281224287756,87.7687215443108,80.63621385847847,,93.80336395728891,93.01540749153232,85.92444207999787,"rgba(239, 83, 80, 0.5)",2.785958925198791,89.06870968708462,-0.7970483492775043,28.417403622792207,-16.522643086553373,False,True,False,True,False,0.0,0.0,0.0,0.0,0.0,0,0.8021705516462297,1.0103880549117668,False,False,False,False,-0.34282825441539394,-0.3169471516240997,False,False,False,False,12042677,14718495.167363266,False,False,False,False,868967.1573331535,False,False,False,False
2024-11-14 00:00:00+00:00,84.545185447,85.7066022249,84.5352588079,85.2698301033,1237941,,,,,,,,,,91.87917869770484,93.49066853547248,,,,,,,,,,,93.69262213223516,93.61646135790603,92.94890030721719,92.12302564812593,90.96069924795704,87.74768887890545,86.02807197662179,85.08808595714143,84.87271931756199,84.206650488798,83.29365428456683,82.99902211646958,80.6506916574825,79.5819630678994,78.42995810350754,77.82848422331394,,90.96069924795704,87.74768887890545,80.6506916574825,,93.49066853547248,92.68492361658866,85.87929367285686,"rgba(239, 83, 80, 1.0)",3.010607543546133,88.97690011539733,-1.472033336891632,25.383502081927453,-19.22893988507422,False,True,False,True,False,0.0,0.0,0.0,0.0,0.0,0,0.7896889636032448,1.020419111346085,False,False,False,False,-0.34282825441539394,-0.3298877030197468,False,False,False,False,10804736,14565014.415701961,False,False,False,False,883436.719790677,False,False,False,False
2024-11-15 00:00:00+00:00,84.5054788905,84.8876544969,83.3043555561,83.9595137385,1568847,,,,,,,,,,91.44312216348781,93.09492097542353,,,,,,,,,,84.2324963145,93.32439135290045,93.36315503094619,92.76931853974581,91.99479492126454,90.8677425520364,87.7150005123379,86.01377549308509,85.0817271114577,84.86802854171323,84.20683021226746,83.2992584501459,83.00556545154568,80.66593541427642,79.59962915311677,78.45030451268585,77.85026113267813,,90.8677425520364,87.7150005123379,80.66593541427642,,93.09492097542353,92.26902156945567,85.72401262921785,"rgba(239, 83, 80, 1.0)",3.2161667262270606,88.90215189311091,-1.367053818061454,23.337489941771867,-21.0266021100613,False,True,False,True,False,0.0,0.0,0.0,0.0,0.0,0,0.7751162366706734,1.036011915933221,False,False,False,False,-0.34282825441539394,-0.33635797871757034,False,False,False,False,9235889,14356029.105282277,False,False,False,False,910315.5543086897,False,False,False,False
2024-11-18 00:00:00+00:00,85.1804903512,86.2227874596,83.6617145647,83.681567843,1968095,,,,,,,,,,91.01441435771493,92.68403472339256,,,,,,,,,,84.67162062650002,92.93784264952103,93.08993922498514,92.57411912843408,91.8554746331189,90.76814491784009,87.68394325132101,86.00396400064139,85.08117228804852,84.86942779769198,84.21387676815249,83.31206049464394,83.0188934758449,80.68906691959752,79.62534498984213,78.47908408105513,77.88072359346639,,90.76814491784009,87.68394325132101,80.68906691959752,,92.68403472339256,91.84922454055373,85.69145287298264,"rgba(239, 83, 80, 1.0)",3.370478906281299,88.79874421843427,-1.0735132804098553,23.687246154184255,-21.0266021100613,False,True,False,True,False,0.0,0.0,0.0,0.0,0.0,0,0.7702048163167429,1.0387955474234367,False,False,False,False,-0.30241114593565255,-0.31938456232661144,False,False,False,False,11203984,14232419.493310422,False,False,False,False,951797.101198545,False,False,False,False
2024-11-19 00:00:00+00:00,84.8032780643,85.6867489467,84.2324963145,85.5279227206,1155809,,,,,,,,,,90.78401205626109,92.45834692835079,,,,,,,,,,84.72971884850524,92.72412407993906,92.93551692647328,92.46233685956487,91.77489631727589,90.7100891148711,87.6652678882687,85.99763272906436,85.08023526702299,84.86963039111785,84.21738167332408,83.3189943501641,83.02619736987215,80.7021823544884,79.64001674813194,78.49557549840118,77.89820898824506,,90.7100891148711,87.6652678882687,80.7021823544884,,92.45834692835079,91.62117949230594,85.66164737674883,"rgba(239, 83, 80, 1.0)",3.4891460998444876,88.73117277844891,-1.125746701843174,23.614267592461985,-21.0266021100613,False,True,False,True,False,0.0,0.0,0.0,0.0,0.0,0,0.7671860297446192,1.0615394307555994,False,False,False,False,-0.301591834241356,-0.3104881982839837,False,False,False,False,10048175,14068331.473964915,False,False,False,False,959797.5678182099,False,False,False,False
2024-11-20 00:00:00+00:00,84.8727645382,85.0365540838,84.3764325819,84.8330579817,577491,,,,,,,,,,90.67259240630715,92.34834036138568,,,,,,,,,,84.73324699426307,92.61963659538598,92.8591642644814,92.40664513553232,91.7344933861882,90.68079372774297,87.65554303605987,85.99407783902763,85.0793794328001,84.86934482654453,84.2187529906446,83.3221208075937,83.02954480031151,80.7084790604741,79.64711511355972,78.50359727179057,77.90673207981284,,90.68079372774297,87.65554303605987,80.7084790604741,,92.34834036138568,91.51046638384642,85.64521572718901,"rgba(239, 83, 80, 1.0)",3.6253870077880355,88.69643876190327,-1.054694082449479,23.75882361704029,-21.0266021100613,False,True,False,True,False,0.0,0.0,0.0,0.0,0.0,0,0.7660875477175157,1.0765346242697986,False,False,False,False,-0.3135699374295788,-0.31202906785678125,False,False,False,False,10625666,13933324.98478982,False,False,False,False,944805.1533939664,False,False,False,False
2024-11-21 00:00:00+00:00,84.9422510121,85.3393165772,84.5402221275,84.7536448687,405476,,,,,,,,,,90.59908442279857,92.27473686548728,,,,,,,,,,84.74806014697619,92.54952749667929,92.80756563271486,92.36892378615252,91.70712205159204,90.66101204530644,87.64917296150165,85.9919542130514,85.07911793690576,84.86947721273158,84.2200271027378,83.32457933679015,83.03212906309219,80.71308290568442,79.65226107069353,78.50937782682176,77.91285944537859,,90.66101204530644,87.64917296150165,80.71308290568442,,92.27473686548728,91.43691064414293,85.63507354322414,"rgba(239, 83, 80, 0.5)",3.7531649249148615,88.67385853502205,-0.9942562071147718,24.0643712550469,-21.0266021100613,False,True,False,True,False,0.0,0.0,0.0,0.0,0.0,0,0.7369988001314772,1.1122049843915955,False,False,False,False,-0.3025282226157635,-0.30727864523627235,False,False,False,False,11031142,13819513.887347084,False,False,False,False,923654.9905157717,False,False,False,False
2024-11-22 00:00:00+00:00,85.3591698555,85.6073358337,85.0168993384,85.3293899381,452013,,,,,,,,,,90.52478832299064,92.19863285582557,,,,,,,,,,84.790824868159,92.47676687390462,92.75362427251487,92.32948851206666,91.67859932268637,90.64060191978757,87.64311705482758,85.99046509208424,85.0796391927505,84.87042455599627,84.22220254718854,83.32796582284486,83.03558452213959,80.71867233749633,79.65840501659879,78.51619683631937,77.92005313668585,,90.64060191978757,87.64311705482758,80.71867233749633,,92.19863285582557,91.3617105894081,85.62662540494418,"rgba(239, 83, 80, 0.5)",3.8743194237727185,88.6521858201446,-0.8499598521584822,25.56643078556579,-21.0266021100613,False,True,False,True,False,0.0,0.0,0.0,0.0,0.0,0,0.7496137605831943,1.1060111051090993,False,False,False,False,-0.2850497994534568,-0.2961642223448646,False,False,False,False,11483155,13727891.97019622,False,False,False,False,905159.2261818199,False,False,False,False
2024-11-25 00:00:00+00:00,85.5378493598,85.6867489467,85.0415174034,85.4088030511,838116,,,,,,,,,,90.39483027528559,92.06372237385749,,,,,,,,,,84.86677116771229,92.34739181855277,92.65688198703845,92.2584936114085,91.62715707371692,90.60383220340653,87.63242512739255,85.9881117345316,85.08096477022346,84.87253057147034,84.2265555927061,83.3345092598401,83.04222641219265,80.7292115987647,79.66995067935181,78.52897894606848,77.93352392202686,,90.60383220340653,87.63242512739255,80.7292115987647,,92.06372237385749,91.22927632457154,85.61173626331788,"rgba(239, 83, 80, 0.5)",3.9881594445839403,88.61366900651295,-0.7712378829010997,27.134424008501156,-21.0266021100613,False,True,False,True,True,0.0,0.0,0.0,0.0,0.0,0,0.7396674660227027,1.0898674973726121,False,False,False,False,-0.28262179973600443,-0.2893930110404345,False,False,False,False,12321271,13672730.363521857,False,False,False,False,902530.0800570428,False,False,False,False
2024-11-26 00:00:00+00:00,86.5999997464,87.5728103809,86.2227874596,87.5628837417,925934,,,,,,,,,,90.29641114067284,91.95041043501784,,,,,,,,,,85.09342260726335,92.23720265803954,92.57270677619816,92.19719209026947,91.5836903956093,90.57443970324462,87.62801374654016,85.99180166476614,85.08827966989696,84.88062024336965,84.23682338394859,83.34642645884554,83.05374083494988,80.74419959493586,79.68569201131928,78.54585444902997,77.95107529402665,,90.57443970324462,87.62801374654016,80.74419959493586,,91.95041043501784,91.12341078784534,85.61242244601489,#000000,4.056221872024057,88.5922902700202,-0.49116902045253363,31.309607637952553,-23.500065551828293,False,True,False,True,True,0.0,0.0,0.0,0.0,0.0,0,0.7689788942907928,1.0666031232056208,False,False,False,False,-0.21234733454908034,-0.25087017279475743,False,False,False,False,13247205,13656043.094364138,False,False,False,False,903447.8808391195,False,False,False,False
2024-11-27 00:00:00+00:00,87.58273702,87.9549859873,87.0516618267,87.6720767721,1141305,,,,,,,,,,90.2061322050909,91.83617632229759,,,,,,,,,,85.40125139695273,92.12473271255634,92.48494856744976,92.13348186022785,91.53920320481733,90.54572589814114,87.62737745214666,86.00038494305132,85.10102942292596,84.8942649385214,84.25294794174792,83.3640910453629,83.07058930159825,80.76479134183744,79.70698432434966,78.56839539765699,77.97439389642425,,90.54572589814114,87.62737745214666,80.76479134183744,,91.83617632229759,91.02115426369424,85.62085844975105,#000000,4.114810893105767,88.57697652408118,-0.2416245922132157,36.5173161856777,-18.67172001536851,False,True,False,True,True,0.0,0.0,0.0,0.0,0.0,0,0.784664896593773,1.0331657840414152,False,False,False,False,-0.1851960845274123,-0.21803312866108487,False,False,False,False,14388510,13684767.286742015,False,False,False,False,912775.6110022913,False,False,False,False
2024-11-29 00:00:00+00:00,88.1981886459,88.4860611806,87.423910794,87.4735439896,364290,,,,,,,,,88.03605354016668,90.1837625909898,91.8050886088754,,,,,,,,,,85.50338970372596,92.09378818596774,92.46037329103932,92.11570712116817,91.5269754112762,90.5381938807278,87.62822076964937,86.00400469182006,85.1059134295463,84.89942152539601,84.2588515234241,83.37037940380259,83.07654796656173,80.77182757316521,79.71419449334034,78.57597149864486,77.98220608784264,,90.5381938807278,87.62822076964937,80.77182757316521,,91.8050886088754,90.00830158001061,85.6250568562999,#000000,4.162321464845004,88.80533175644901,-0.14586646314489124,41.34527033441637,-14.365402020152175,False,False,False,True,True,0.0,0.0,0.0,0.0,0.0,0,0.7834501319339249,1.0513352524807102,False,False,False,False,-0.16512039029210043,-0.19157675947659264,False,False,False,False,14752800,13726650.922556054,False,False,False,False,891266.3713551427,False,False,False,False
2024-12-02 00:00:00+00:00,87.58273702,87.9301693894,87.2824561864,87.6224435765,1051457,,,,,,,,,87.7110541646528,90.10906498683819,91.70805219050432,,,,,,,,,,85.714214226291,91.99768845662518,92.38407258030301,92.05984639980734,91.48779136631732,90.5129473565411,87.62804452904699,86.01214616772205,85.11782777538009,84.91214733052081,84.27382609653401,83.38674157522526,83.09215618323013,80.79084139486855,79.73384484807472,78.59676231763264,78.00370819406827,,90.5129473565411,87.62804452904699,80.79084139486855,,91.70805219050432,89.8427237806651,85.6296827528346,#000000,4.2198577987864,88.77269755272252,-0.28199067112279164,43.241725237808396,-12.830602566584197,False,False,False,True,True,0.0,0.0,0.0,0.0,0.0,0,0.7965364957219543,1.0536084699569854,False,False,False,False,-0.1806059436179624,-0.18609135154727752,False,False,False,False,13701343,13725658.455004836,False,False,False,False,897548.3567921959,False,False,False,False
2024-12-03 00:00:00+00:00,86.6992661377,87.0566251462,86.1731542639,86.7985325289,622253,,,,,,,,,87.38495482181703,90.0507954741764,91.63983882264243,,,,,,,,,,85.76641770311939,91.9307911352457,92.33124346284224,92.0204926415756,91.4593615953005,90.49337829985002,87.62460512860028,86.01404679375102,85.12213006679264,84.91696355134928,84.2800963332887,83.39418205882613,83.09939478039983,80.80047171449718,79.74402069941118,78.60772010456665,78.01512528394223,,90.49337829985002,87.62460512860028,80.80047171449718,,91.63983882264243,89.6918630395453,85.62473184431522,#000000,4.292642722454457,88.7380778375144,-0.47495490112641997,42.79122468000173,-12.830602566584197,False,False,False,True,True,0.0,0.0,0.0,0.0,0.0,0,0.7697804238310096,1.0683417808279632,False,False,False,False,-0.22513689593388964,-0.20561412374058358,False,False,False,False,13079090,13700302.829318373,False,False,False,False,886752.460447404,False,False,False,False
2024-12-04 00:00:00+00:00,87.195598094,87.9353312418,86.957358755,87.195598094,576986,,,,,,,,,87.38005821993535,90.00953619457287,91.58708640880755,,,,,,,,,,85.84549248155488,91.87847921062689,92.28920823274662,91.98932545194461,91.437191647596,90.47876787030206,87.62376010653898,86.01780399709324,85.12797542430611,84.92325777911181,84.2876428153441,83.40257268890763,83.10743840734368,80.81046975907732,79.75441113375466,78.61876184776655,78.02656577834628,,90.47876787030206,87.62376010653898,80.81046975907732,,91.58708640880755,89.65889360777192,85.6246543901389,#000000,4.3451382657916815,88.72656946158034,-0.3523412314939058,43.71723844437262,-12.463607332606117,False,False,False,True,True,0.0,0.0,0.0,0.0,0.0,0,0.779345957271961,1.0588890566323441,False,False,False,False,-0.18773890105497484,-0.19667651239777922,False,False,False,False,13656076,13698568.443854908,False,False,False,False,874604.7561161333,False,False,False,False
2024-12-05 00:00:00+00:00,86.7191194159,87.1757448158,86.5602931899,87.1261116201,622330,,,,,,,,,87.27208433273448,89.95756547675879,91.52448104694463,,,,,,,,,,85.89483566553115,91.81674093853395,92.23973699020324,91.95227230800843,91.41038770094893,90.46043483022939,87.62096645543093,86.02020229118517,85.13271858377462,84.9285035807869,84.29430744950086,83.41034445431497,83.1149746781588,80.82032632916939,79.76478681599451,78.62990064778815,78.03815633416517,,90.46043483022939,87.62096645543093,80.82032632916939,,91.52448104694463,89.58471028547929,85.6205644737485,#000000,4.401495197072489,88.70450055163161,-0.45106970400697616,43.38267529084826,-12.463607332606117,False,False,False,True,True,0.0,0.0,0.0,0.0,0.0,0,0.7641271039282204,1.0732091229843954,False,False,False,False,-0.21369031655286977,-0.2051834144753245,False,False,False,False,13033746,13672496.97546844,False,False,False,False,864711.6284253045,False,False,False,False
2024-12-06 00:00:00+00:00,86.1235210683,86.7488993333,85.9349149249,86.6397063029,720290,,,,,,,,,87.08954188074446,89.88932651284918,91.44582141176245,,,,,,,,,,85.91558801184567,91.7394906708078,92.17789479594927,91.90552623175029,91.37608570999326,90.43627824361845,87.61556076769604,86.02106233705727,85.13639718505439,84.93278485139838,84.30030836171689,83.4178528799244,83.12237105969301,80.8306530976511,79.77582553620188,78.64189280557899,78.05069641132611,,90.43627824361845,87.61556076769604,80.8306530976511,,91.44582141176245,89.47489660178536,85.61154523278019,"rgba(239, 83, 80, 0.5)",4.475813100940976,88.67121034876006,-0.569212615228381,42.03011496027633,-12.463607332606117,False,False,False,True,True,0.0,0.0,0.0,0.0,0.0,0,0.7519035933728629,1.0837933530996269,False,False,False,False,-0.2375467068353088,-0.22136506065531664,False,False,False,False,12313456,13619201.250940267,False,False,False,False,859048.0351537239,False,False,False,False
2024-12-09 00:00:00+00:00,85.8356485336,86.7191194159,85.8257218945,86.0143280379,743402,,,,,,,,,86.93730177049021,89.81883024033488,91.36490497591122,,,,,,,,,,85.92702216089265,91.65996990278923,92.11389254933982,91.8568821335553,91.34018672230661,90.41079546756939,87.60944198812234,86.02143817724118,85.13969515651485,84.9367074945233,84.30601886560663,83.42517633596454,83.1296249590523,80.84099248670934,79.78693045041864,78.65400018770909,78.06337548238352,,90.41079546756939,87.60944198812234,80.84099248670934,,91.36490497591122,89.37367899557876,85.6013029718058,"rgba(239, 83, 80, 0.5)",4.54980545536799,88.63783053156159,-0.6158905090448434,40.59789792798062,-12.463607332606117,False,False,False,True,False,0.0,0.0,0.0,0.0,0.0,0,0.7404296588313639,1.1047810555065447,False,False,False,False,-0.23822505968554894,-0.22979506017043277,False,False,False,False,11570054,13538842.53521712,False,False,False,False,854512.8965202445,False,False,False,False
2024-12-10 00:00:00+00:00,85.1804903512,86.4362102008,85.148725106,86.3617604073,497532,,,,,,,,,86.80821083887284,89.76643979511903,91.30668595442884,,,,,,,,,,85.91518669410003,91.6029395546393,92.06802500008395,91.82176533460014,91.31398103094115,90.39178630123662,87.603898129919,86.02041094902289,85.14069305412032,84.93813735743522,84.3086966878,83.42908330091842,83.13359169639526,80.84718726866151,79.7937116387984,78.66149918282841,78.07127385143247,,90.39178630123662,87.603898129919,80.84718726866151,,91.30668595442884,89.2937788628069,85.591874531349,"rgba(239, 83, 80, 0.5)",4.628927193304858,88.61114064828845,-0.7411329134859667,38.48596832660948,-12.463607332606117,False,False,False,True,False,0.0,0.0,0.0,0.0,0.0,0,0.73677505165014,1.1022001890383106,False,False,False,False,-0.2605838859195727,-0.24518947304500274,False,False,False,False,11072522,13442124.082855664,False,False,False,False,840513.6456763134,False,False,False,False
2024-12-11 00:00:00+00:00,85.9349149249,86.2724206552,85.3293899381,85.9845481205,723083,,,,,,,,,86.69066443556767,89.69711684962373,91.2278474813815,,,,,,,,,,85.91182087081958,91.52540190652644,92.00510166918846,91.77350085552884,91.27800939935835,90.36588969762778,87.59691595483886,86.01981016453479,85.14296362384123,84.9410214093136,84.31334644073706,83.43540941520939,83.13993533568278,80.85664826564951,79.80397480326617,78.67277233859221,78.08311494144365,,90.36588969762778,87.59691595483886,80.85664826564951,,91.2278474813815,89.20520958885764,85.5803315936564,"rgba(239, 83, 80, 0.5)",4.692824708595337,88.57869791738035,-0.563367088405843,39.36497806047993,-12.463607332606117,False,False,False,True,False,0.0,0.0,0.0,0.0,0.0,0,0.7422718602395902,1.1110716104846952,False,False,False,False,-0.25402473331565406,-0.24960710318032842,False,False,False,False,11795605,13377554.707057403,False,False,False,False,835908.5223164579,False,False,False,False
2024-12-12 00:00:00+00:00,85.1110038773,85.7551434903,84.7337915905,85.1110038773,1095524,,,,,,,,,86.45793723802338,89.57979347276186,91.09882715633292,,,,,,,,,,85.86323346784297,91.39891665894804,91.90241439168194,91.69403999216723,91.21803179867247,90.32168771257776,87.58258162707665,86.01556405628388,85.14324053132916,84.9422623855271,84.31739203126344,83.44238057849535,83.14721020775545,80.86906821986472,79.81780358137908,78.68825353289328,78.09950014106673,,90.32168771257776,87.58258162707665,80.86906821986472,,91.09882715633292,89.04551928903938,85.55668123028383,"rgba(239, 83, 80, 0.5)",4.764035990047218,88.5196502272629,-0.7154955078181744,38.423816554918496,-12.463607332606117,False,False,False,True,False,0.0,0.0,0.0,0.0,0.0,0,0.7423932865233357,1.0984095771147968,False,False,False,False,-0.28219668280575105,-0.26590189299303973,False,False,False,False,10700081,13272555.738153193,False,False,False,False,846089.5214413027,False,False,False,False
2024-12-13 00:00:00+00:00,83.5525215343,84.7337915905,83.2662372619,84.545185447,837022,,,,,,,,,86.18009889939677,89.46783255257765,90.98220490263084,,,,,,,,,,85.76348906728003,91.28533293813693,91.81064505787238,91.6222654702354,91.16290274320606,90.2796595443657,87.56560832408456,86.0070317330898,85.13846262212188,84.93828085277315,84.3157712210882,83.44360980539652,83.14910361501549,80.87556861966746,79.82568510432198,78.69759196426313,78.10959928416149,,90.2796595443657,87.56560832408456,80.87556861966746,,90.98220490263084,88.87671211820175,85.52885929218118,"rgba(239, 83, 80, 1.0)",4.858127332312963,88.45776308624747,-1.0096980207416826,35.504147351558515,-9.218204353154,False,True,False,True,False,0.0,0.0,0.0,0.0,0.0,0,0.7158336731679786,1.1047840550421228,False,False,False,False,-0.34282825441539394,-0.30436507370421684,False,False,False,False,9863059,13138849.983715814,False,False,False,False,845733.9323651732,False,False,False,False
2024-12-16 00:00:00+00:00,83.2547223605,84.2870928297,83.1852358866,83.3837686691,953378,,,,,,,,,85.89818247461432,89.3395307860627,90.84890806083203,,,,,,,,,83.57568369226668,85.64657586622828,91.1554169657633,91.70510790948967,91.53925862580626,91.09878117801185,90.23042843554792,87.54504445638236,85.99616505548738,85.13190954848292,84.93264244649045,84.31285421247942,83.44406096634661,83.15040706189885,80.88225664121373,79.83401367827032,78.70762171390686,78.12050995788228,,90.23042843554792,87.54504445638236,80.88225664121373,,90.84890806083203,88.69554044050301,85.38937435621972,"rgba(239, 83, 80, 1.0)",4.94786063849598,88.35098890861472,-1.0299939550568786,33.18144844147708,-11.511626109922226,False,True,False,True,False,0.0,0.0,0.0,0.0,0.0,0,0.7283008130969225,1.094464006937522,False,False,False,False,-0.34282825441539394,-0.32359666405980536,False,False,False,False,8909681,12973000.219648527,False,False,False,False,849955.2683508528,False,False,False,False
2024-12-17 00:00:00+00:00,84.9124710947,85.2450135055,83.7808342342,84.0190735733,1185965,,,,,,,,,85.74959421591612,89.21575144945194,90.71308154521546,,,,,,,,,84.1690825638115,85.58421464353124,91.02176970647206,91.59433723967442,91.45192339032901,91.03164971653389,90.17987681652654,87.52657686315496,85.98870054750873,85.12938865089664,84.93117505738927,84.31448017331695,83.44914724997956,83.156070708567,80.89381825091775,79.84727180172372,78.7227717315446,78.13667307634043,,90.17987681652654,87.52657686315496,80.89381825091775,,90.71308154521546,88.55947573686119,85.39605156601213,"rgba(239, 83, 80, 0.5)",4.988308621538722,88.32016921834654,-0.6831369873412889,36.13442410739759,-11.511626109922226,False,False,False,True,True,0.0,0.0,0.0,0.0,0.0,0,0.7534336147710072,1.071765002575523,False,False,False,False,-0.29905548986888486,-0.3113260769643451,False,False,False,False,10095646,12860162.799270153,False,False,False,False,863132.1205723879,False,False,False,False
2024-12-18 00:00:00+00:00,84.1183399646,85.865428451,84.0190735733,85.0315907643,1595983,,,,,,,,,85.60059531330272,89.05986725731488,90.54003217626611,,,,,,,,,84.38208878902914,85.51327885470975,90.85092461380043,91.45108873400477,91.33818913520368,90.94378041852481,90.1135342496524,87.50227559402826,85.97894353765665,85.12618637278298,84.92937112297675,84.31678368662945,83.45604621337586,83.16373410735363,80.90935389492964,79.86507815910753,78.74311148960435,78.15836968781834,,90.1135342496524,87.50227559402826,80.90935389492964,,90.54003217626611,88.4001649156279,85.37456325895492,"rgba(239, 83, 80, 0.5)",5.060318943636429,88.25537858993313,-0.8175450344954321,36.83404312028533,-11.511626109922226,False,False,False,True,True,0.0,0.0,0.0,0.0,0.0,0,0.7571081746078994,1.0448420463247892,False,False,False,False,-0.2753403619076244,-0.2933332194359848,False,False,False,False,8499663,12689162.807141913,False,False,False,False,891871.3707460198,False,False,False,False
2024-12-19 00:00:00+00:00,83.5624481734,84.5104422101,83.453255143,84.0786334081,925866,,,,,,,,,85.47050088808663,88.95814244892627,90.43062356677413,,,,,,,,,84.27481903183747,85.441471575261,90.74328028748812,91.36088330381675,91.26598867261434,90.88734861625073,90.07005010369483,87.48431535648713,85.96982696172024,85.1210410002376,84.92507084248805,84.31499397790739,83.45730994761169,83.16572329745199,80.91634107026506,79.87358248232324,78.75321201160993,78.16930243677776,,90.07005010369483,87.48431535648713,80.91634107026506,,90.43062356677413,88.28642230126233,85.34414227643575,"rgba(239, 83, 80, 0.5)",5.147100464468567,88.1977858503954,-0.9005726056823722,36.4697178724976,-11.511626109922226,False,False,False,True,True,0.0,0.0,0.0,0.0,0.0,0,0.7455272885320646,1.0737108762458314,False,False,False,False,-0.3288531982617304,-0.3110932088488576,False,False,False,False,7573797,12488560.226469683,False,False,False,False,893204.4934618622,False,False,False,False
2024-12-20 00:00:00+00:00,84.1381932428,84.7040116731,83.4433285039,83.5624481734,917694,,,,,,,,,85.37654417161806,88.86595396186384,90.3296845043879,,,,,,,,,84.24526910474573,85.38647834283461,90.64359549930082,91.27649991452755,91.19817865184615,90.83427106607002,90.02926848681231,87.46791187993229,85.96193316880999,85.1169828979306,84.92183034920838,84.31417566281651,83.45937313812603,83.16841708057875,80.92383014923463,79.88251130585918,78.76367999832098,78.18057895168772,,90.02926848681231,87.46791187993229,80.92383014923463,,90.3296845043879,88.19072754595659,85.32082142492457,"rgba(239, 83, 80, 0.5)",5.217507160730172,88.1498751763142,-0.7688886301313242,37.70757072699877,-11.511626109922226,False,False,False,True,True,0.0,0.0,0.0,0.0,0.0,0,0.7452362846793752,1.0691176449039106,False,False,False,False,-0.32366212905243136,-0.31737766895064445,False,False,False,False,8491491,12331812.41366695,False,False,False,False,894164.8662672794,False,False,False,False
2024-12-23 00:00:00+00:00,84.7536448687,84.8132047035,83.9396604603,84.5848920035,695296,,,,,,,,,85.33351375310022,88.804164100074,90.26017788244404,,,,,,,,,84.27373850081985,85.3599318014431,90.57460867389155,91.21741010931801,91.15054510050237,90.79700116885256,90.00083273379678,87.45707604897844,85.95729083225744,85.11514573085172,84.92059247692659,84.3147044176254,83.46192241597338,83.17133940957159,80.93020601401973,79.88990231915987,78.77218720956272,78.18968007340521,,90.00083273379678,87.45707604897844,80.93020601401973,,90.26017788244404,88.13261857853944,85.30856194649758,"rgba(239, 83, 80, 0.5)",5.271189785049891,88.12105409191425,-0.6388328556799213,40.03173886962918,-15.08447865062616,True,False,False,True,True,0.0,0.0,0.0,0.0,0.0,0,0.7457701745040094,1.0731488271675358,False,False,False,False,-0.30666275836076146,-0.312020213655703,False,False,False,False,9186787,12208478.083719227,False,False,False,False,886366.0871979743,False,False,False,False
2024-12-24 00:00:00+00:00,85.4485096076,85.5279227206,84.386359221,84.85291126,268298,,,,,,,,,85.32955202164172,88.78414869090692,90.2366330390291,,,,,,,,,84.3084806663895,85.35719495585886,90.55107142083222,91.19695914778741,91.13403902976555,90.78413881072302,89.99116410188911,87.45378704342215,85.95626574054403,85.1151523933971,84.92082024612576,84.3155784811609,83.46348593860374,83.17298635014629,80.93308537311287,79.89312977881676,78.77581695936347,78.1935285302302,,89.99116410188911,87.45378704342215,80.93308537311287,,90.2366330390291,88.11677791719258,85.3064824982316,"rgba(239, 83, 80, 0.5)",5.294333392328175,88.11352377898906,-0.5033710523879805,43.155802923975,-12.050050105523546,True,False,False,True,True,0.0,0.0,0.0,0.0,0.0,0,0.7515953901793091,1.0689310196138357,False,False,False,False,-0.2745234090039803,-0.29327181132984165,False,False,False,False,9455085,12100501.88435769,False,False,False,False,862128.1229941322,False,False,False,False
2024-12-26 00:00:00+00:00,85.6668956684,85.7959419771,84.773498147,85.0018108469,398342,,,,,,,,,85.33177487391295,88.75716034407029,90.20403848063367,,,,,,,,,84.37181937254579,85.35811302145204,90.51835195825927,91.16829047892838,91.11087716191376,90.76612560763601,89.9777335923034,87.44952828343662,85.95527732387512,85.11565932207009,84.92164814479773,84.31734065280656,83.4662087374636,83.1757911840679,80.93764979963454,79.89818073694107,78.78144535705339,78.199474296122,,89.9777335923034,87.44952828343662,80.93764979963454,,90.20403848063367,88.09765789953899,85.30497305729483,#000000,5.288646170728117,88.10458084547983,-0.4609280141621232,45.7221193812733,-9.615233205821816,True,False,False,False,True,0.0,0.0,0.0,0.0,0.0,0,0.7557552502590761,1.085261376107368,False,False,False,False,-0.24491998505336013,-0.2690958981916009,False,False,False,False,9853427,12012381.30065739,False,False,False,False,843940.4318963232,False,False,False,False
2024-12-27 00:00:00+00:00,85.0216641251,85.1308571556,84.386359221,84.932324373,421024,,,,,,,,,85.31834170433919,88.72435463816176,90.16605160899817,,,,,,,,,84.39895454968422,85.34922657646749,90.4804370830065,91.13534834183247,91.08418891165522,90.74521934228709,89.96187507183282,87.4438015866151,85.95315231197262,85.1151741900446,84.9215141691963,84.31823757959384,83.46824391671619,83.17799996132032,80.94185524403431,79.90296246887723,78.78687711795861,78.2052558226739,,89.96187507183282,87.4438015866151,80.94185524403431,,90.16605160899817,88.06958265049973,85.29946245809826,"rgba(239, 83, 80, 0.5)",5.286151620994142,88.0901836685322,-0.580482695813239,45.987909395008444,-9.314651703031807,True,False,False,False,True,0.0,0.0,0.0,0.0,0.0,0,0.7594565602861291,1.0578231847637711,False,False,False,False,-0.2721999345480882,-0.27064791636984453,False,False,False,False,9432403,11911205.681023767,False,False,False,False,827355.4737827419,False,False,False,False
2024-12-30 00:00:00+00:00,84.1282666037,84.3913225406,83.5723748126,84.2176063558,487546,,,,,,,,,85.27836308601985,88.67920001977004,90.1160882345079,,,,,,,,,84.37607849230676,85.32323823344994,90.43089503411551,91.09273565428911,91.04956260430505,90.71787161584368,89.94072437145957,87.43512897972032,85.94889585629073,85.11291704863041,84.91968379269066,84.31767399392172,83.4692026951359,83.1793034951725,80.94569889105296,79.90757645149701,78.79230991567047,78.21111755313281,,89.94072437145957,87.43512897972032,80.94569889105296,,90.1160882345079,88.02455044676593,85.28725637103807,"rgba(239, 83, 80, 0.5)",5.242035096623396,88.06598255779531,-0.7511807688261665,44.383122887982495,-9.314651703031807,True,False,False,True,True,0.0,0.0,0.0,0.0,0.0,0,0.752644819981702,1.042159790502968,False,False,False,False,-0.325578437280145,-0.2981131768249948,False,False,False,False,8944857,11794878.281767935,False,False,False,False,814029.6120657717,False,False,False,False
2024-12-31 00:00:00+00:00,84.2672395515,84.6940850339,83.8602473473,84.1778997993,444196,,,,,,,,,85.25073092340524,88.64092321812144,90.0730616813987,,,,,,,,,84.3706036314991,85.30472690687232,90.38810614086174,91.0556762186335,91.01939263515264,90.69404785459788,89.9223727663192,87.42782749290231,85.94552382973599,85.11132904827858,84.91847710774822,84.317595899385,83.47045053594223,83.18082593733175,80.94946787884493,79.91201864318565,78.7974792157796,78.21667058528077,,89.9223727663192,87.42782749290231,80.94946787884493,,90.0730616813987,87.98823860764179,85.27792179601951,"rgba(239, 83, 80, 0.5)",5.234188177556309,88.04641324696686,-0.7220171624076483,43.691413126081244,-9.314651703031807,True,False,False,True,True,0.0,0.0,0.0,0.0,0.0,0,0.7573711699167662,1.0428307657747808,False,False,False,False,-0.3048144895581913,-0.30146383319159303,False,False,False,False,9389053,11700532.19228684,False,False,False,False,799526.3331612317,False,False,False,False
2025-01-02 00:00:00+00:00,82.8378035171,84.8727645382,82.1528654174,84.8727645382,682883,,,,,,,,,85.17108781188631,88.57036116368383,89.99709802583325,,,,,,,,,84.28823043907454,85.251474043088,90.31304901502602,90.99131183093307,90.96682752136664,90.65219147137633,89.88950591279014,87.41317930658356,85.9373240182026,85.10603878090954,84.91380654713993,84.31478198473948,83.47001614416745,83.18105421921716,80.95353179957215,79.91729038694797,78.80397975682455,78.22380120817678,,89.88950591279014,87.41317930658356,80.95353179957215,,89.99709802583325,87.9128490004678,85.25485524367421,"rgba(239, 83, 80, 0.5)",5.243493692864984,88.0048735513536,-0.9854250499594615,40.70433267627334,-9.314651703031807,True,False,False,True,False,0.0,0.0,0.0,0.0,0.0,1,0.739655775287489,1.03399222681352,False,False,False,False,-0.34282825441539394,-0.3221460438034935,False,False,False,False,8706170,11583106.223961866,False,False,False,False,794952.0848019677,False,False,False,False
2025-01-03 00:00:00+00:00,83.4433285039,83.727230383,83.0760428562,83.3142821953,776935,,,,,,,,,85.09362392106833,88.49419665574418,89.91432084110518,,,,,,,,,84.2187133417217,85.19793159742915,90.23107909262326,90.92056050394329,90.90886562116152,90.60595794728253,89.85322199174406,87.39715129273728,85.92850294623983,85.10047728927242,84.90894000696353,84.31199500189625,83.46986911387401,83.18162207526342,80.95839034064595,79.92349473338561,78.81156277392944,78.2320935712596,,89.85322199174406,87.39715129273728,80.95839034064595,,89.91432084110518,87.8340471393059,85.23113495785404,"rgba(239, 83, 80, 0.5)",5.259367209923645,87.96116513238806,-0.8590076425855127,40.388891791667746,-4.534262301993749,True,False,False,True,False,0.0,0.0,0.0,0.0,0.0,1,0.7544361828836111,1.0408796675955598,False,False,False,False,-0.34282825441539394,-0.3324871491094437,False,False,False,False,9483105,11500753.23478689,False,False,False,False,794245.5324567925,False,False,False,False
2025-01-06 00:00:00+00:00,83.2547223605,84.0190735733,83.0264096606,83.0661162171,708177,,,,,,,,,85.02943157585958,88.42694477370685,89.84086525964192,,,,,,,,,84.16555317219553,85.15224046523318,90.15823397618095,90.85736296388569,90.85692721889924,90.56443116047745,89.82059249271114,87.3827183625139,85.92057290924436,85.09549318778635,84.90458435525332,84.30952000542078,83.46977962993432,83.18217664144997,80.96283431272366,79.9291596985448,78.8184797493066,78.23965500054358,,89.82059249271114,87.3827183625139,80.96283431272366,,89.84086525964192,87.76574720306945,85.21057307235026,"rgba(239, 83, 80, 0.5)",5.280529346244762,87.92293405720805,-0.8840423735222389,39.83781710583077,-5.249423528226508,True,False,False,True,False,0.0,0.0,0.0,0.0,0.0,1,0.755186187904841,1.0352153063515392,False,False,False,False,-0.3345056595821707,-0.3334964043458072,False,False,False,False,8774928,11393858.127540346,False,False,False,False,790870.2958898594,False,False,False,False
2025-01-07 00:00:00+00:00,83.7709075951,84.5948186427,83.4234752257,84.2374596341,745439,,,,,,,,,84.98642494555193,88.36490553687817,89.77117398082834,,,,,,,,,84.14986756533122,85.11980310689694,90.08875998576352,90.79635360908217,90.80663353714137,90.52424217058717,89.78924382138187,87.36953422102673,85.91393482093294,85.09183600860435,84.90156465613569,84.30839718485296,83.47096459803987,83.18390582658328,80.96843120797206,79.93594481065604,78.8265189996244,78.24834892383436,,89.78924382138187,87.36953422102673,80.96843120797206,,89.77117398082834,87.70750148775282,85.19412694746927,"rgba(239, 83, 80, 0.5)",5.258590702806499,87.88993233034205,-0.7832944163240799,40.937732020914694,-5.249423528226508,True,False,False,True,False,0.0,0.0,0.0,0.0,0.0,1,0.7589550251855421,1.025525291606859,False,False,False,False,-0.3015118003680563,-0.3175041023569317,False,False,False,False,9520367,11320387.887244646,False,False,False,False,789088.6764431983,False,False,False,False
2025-01-08 00:00:00+00:00,83.0958961345,83.4036219474,82.5598576216,83.215015804,942023,,,,,,,,,84.89380915089158,88.27332067427868,89.67206179046849,,,,,,,,,84.06224279586307,85.05167256491825,89.99050259676227,90.71075983068236,90.73583889728573,90.46723329634523,89.74402360864993,87.34864704770567,85.90179114622053,85.08365385991395,84.89422720050054,84.303600723504,83.46950049156918,83.1834275002806,80.97330988054152,79.9425403013004,78.8348371782383,78.25754407576966,,89.74402360864993,87.34864704770567,80.97330988054152,,89.67206179046849,87.61306387187959,85.16418627755839,"rgba(239, 83, 80, 0.5)",5.257107406230898,87.83609262538029,-0.90167389109495,40.324065248504006,-5.249423528226508,True,False,False,True,False,0.0,0.0,0.0,0.0,0.0,1,0.7478387428335584,1.0367357252565708,False,False,False,False,-0.34282825441539394,-0.3301661783861628,False,False,False,False,8578344,11212856.754411522,False,False,False,False,795086.1008964062,False,False,False,False
2025-01-10 00:00:00+00:00,82.7980969606,83.6716412038,82.6988305694,83.1653826083,995312,,,,,,,,,84.80670756993298,88.18055137544637,89.57101216353382,,,,,,,,,83.98606281684667,84.98553798104237,89.89013843616495,90.62276609863318,90.66277105384098,90.4082228663053,89.69715221533917,87.32697888832948,85.88923139980301,85.07523000032913,84.88668592317738,84.29871415756098,83.46808822088282,83.18303687730085,80.97853061539847,79.94956037105408,78.8436662524336,78.26729491934191,,89.69715221533917,87.32697888832948,80.97853061539847,,89.57101216353382,87.51942370297105,85.13442606076579,"rgba(239, 83, 80, 0.5)",5.2450560619133295,87.78205688430526,-0.950220524790191,39.34828146541639,-6.267059933546001,True,False,False,True,False,0.0,0.0,0.0,0.0,0.0,1,0.7426602038166987,1.0431928536379864,False,False,False,False,-0.32896757310923785,-0.3295668757477003,False,False,False,False,7583032,11070510.685611071,False,False,False,False,802938.0969396845,False,False,False,False
2025-01-13 00:00:00+00:00,82.7782436824,82.7782436824,82.0037672977,82.3911047564,894644,,,,,,,,,84.71326686385422,88.09150233629066,89.47552104325538,,,,,,,,,83.89264246887303,84.91421661522882,89.79548785584876,90.53989822446154,90.59372398512899,90.35216743814318,89.65222255783969,87.30526660643534,85.87591771988203,85.06572295472084,84.8779901564357,84.29247330302576,83.4651854676667,83.18121248798009,80.98199590810536,79.95475919678289,78.85056489794276,78.2750483867178,,89.65222255783969,87.30526660643534,80.98199590810536,,89.47552104325538,87.42676341446675,85.10369423506774,"rgba(239, 83, 80, 0.5)",5.2180687305353795,87.7282984187498,-0.9486373200457859,38.65813624998199,-7.145226998100419,True,False,False,True,False,0.0,0.0,0.0,0.0,0.0,1,0.7390736245214758,1.0516690905308566,False,False,False,False,-0.34282825441539394,-0.33619756508154713,False,False,False,False,6688388,10898662.737155735,False,False,False,False,806534.4068636184,False,False,False,False
2025-01-14 00:00:00+00:00,82.1230855,83.0661162171,81.7061666566,82.9867031041,634802,,,,,,,,,84.6452213830217,88.02755079064555,89.40720885554981,,,,,,,,82.29845612456668,83.82367652461588,84.86160462766513,89.72778758513505,90.48052256042688,90.54411152498287,90.3117617122699,89.61970191605171,87.28927101075423,85.86591483656981,85.05843637008192,84.87128233773532,84.28752113200052,83.46265607729805,83.17949213669539,80.98409235910475,79.95811773425898,78.85514951008005,78.28024646308131,,89.61970191605171,87.28927101075423,80.98409235910475,,89.40720885554981,87.35999367640568,84.9347264496513,"rgba(239, 83, 80, 1.0)",5.185631305096109,87.5647991864814,-1.0493830676187144,36.91262162086812,-8.992426046452529,False,False,False,True,False,0.0,0.0,0.0,0.0,0.0,1,0.7505044421911513,1.0440940162039647,True,False,False,False,-0.34282825441539394,-0.33951290974847054,False,False,False,False,6053586,10708659.727855511,False,False,False,False,799799.8026728883,True,False,False,False
2025-01-15 00:00:00+00:00,82.6591240129,83.0065563823,82.0635256652,82.3513981999,1272699,,,,,,,,,84.53459490806524,87.90951538830022,89.27929978844261,,,,,,,,82.48390371455054,83.72413086785804,84.7730258191723,89.60061711557519,90.3679796642398,90.44970441625634,90.23473023151168,89.55780353245817,87.25927667730531,85.84757728062029,85.0454022558054,84.8593800838727,84.27904344552189,83.45882070214226,83.17714492453969,80.98916001993022,79.96561852454225,78.86504345242156,78.2913456856656,,89.55780353245817,87.25927667730531,80.98916001993022,,89.27929978844261,87.24113669493602,84.906826758631,"rgba(239, 83, 80, 0.5)",5.127357216835705,87.50421540932831,-0.9449490627490186,37.63915008396371,-8.992426046452529,False,False,False,True,False,0.0,0.0,0.0,0.0,0.0,1,0.772380957804153,1.0356152185108967,False,False,False,False,-0.3317197801814049,-0.33561634496493775,False,False,False,False,7326285,10576017.581665099,False,False,False,False,818344.8692347358,False,False,False,False
2025-01-16 00:00:00+00:00,83.5227416169,83.719388338,82.6789772911,83.1455293301,1199200,,,,,,,,,84.47571104646649,87.81748942051959,89.17575257905065,,,,,,,,82.80163623380876,83.69495851510547,84.72136955866722,89.49690171634394,90.27450253710613,90.37084095445512,90.17033017034773,89.50646766097887,87.2357171498278,85.83430251467801,85.03684297330912,84.85183079657283,84.27452686235969,83.45820428184527,83.17761952131899,80.99609005873104,79.9746138342897,78.87614381869307,78.30352585266336,,89.50646766097887,87.2357171498278,80.99609005873104,,89.17575257905065,87.15631768201224,84.89770657953169,"rgba(239, 83, 80, 0.5)",5.031827047316941,87.46852111012599,-0.7841643713350489,40.78614237061974,-8.992426046452529,True,False,False,True,True,0.0,0.0,0.0,0.0,0.0,1,0.7796129190068929,1.0239647296519898,False,False,False,False,-0.28307951046900487,-0.3093479277169713,False,False,False,False,8525485,10495604.53924686,False,False,False,False,833280.3645588639,False,False,False,False
2025-01-17 00:00:00+00:00,83.7510543169,84.1778997993,83.6418612865,83.9297338211,1024350,,,,,,,,,84.45135528606943,87.75098110148195,89.09813033227947,,,,,,,,83.06331270382812,83.70409025365547,84.69611148655777,89.41861148148412,90.20274195293085,90.30998030741287,90.12059288321117,89.46711079323842,87.21859990397192,85.82551613674867,85.0319012675468,84.84771503346326,84.27287594583856,83.45958271106137,83.17973312444377,81.0033777403242,79.9835209374302,78.8867531702432,78.31502165545864,,89.46711079323842,87.21859990397192,81.0033777403242,,89.09813033227947,87.10015557327695,84.89511313099207,"rgba(239, 83, 80, 0.5)",4.91032614337839,87.44606362701147,-0.7524977368548563,43.532181096338846,-10.667404386967348,True,False,False,True,True,0.0,0.0,0.0,0.0,0.0,0,0.7910184548223206,1.0159289554584359,False,False,False,False,-0.23243130239304807,-0.2708896150550097,False,False,False,False,9549835,10458515.537707768,False,False,False,False,840773.2914389084,False,False,False,False
2025-01-21 00:00:00+00:00,87.8904628329,88.0195091416,85.8555018118,86.0838145118,1761626,,,,,,,,,84.62911670663163,87.73706402149509,89.05300813491459,,,,,,,,84.31647209746662,84.0179450703064,84.81855074213867,89.36816877415613,90.14712911551548,90.26167177321511,90.08229005838554,89.44092429964527,87.21891566231305,85.83635814415942,85.04780020438149,84.86472160643142,84.29301541328753,83.48201479481946,83.20142366277629,81.03064648547016,80.0120989481734,78.91729606803835,78.34673525347404,,89.44092429964527,87.21891566231305,81.03064648547016,,89.05300813491459,87.13972962101377,84.98443043021861,#000000,4.7743328271754315,87.522029045924,0.07716969057516873,52.54800111662446,-2.3990928027838123,True,False,True,False,True,0.13650434324368632,0.0,0.0,0.0,0.0,0,0.799727341597244,0.9815894043369829,False,False,False,False,-0.02633323322239148,-0.1486114241387006,False,False,False,False,11311461,10491964.379366288,False,False,False,False,876885.1623628729,False,False,False,False
2025-01-22 00:00:00+00:00,88.128702172,88.7590437566,87.7614165243,88.2279685633,1310073,,,,,,,,,84.79063717374567,87.74686477994982,89.03804765827209,,,,,,,,85.02580864955785,84.276881635782,84.93529687956259,89.34853802938594,90.1204136008296,90.23789813144096,90.06392403748804,89.43023748470316,87.22528176843763,85.84970577246027,85.06456207249163,84.8822373167176,84.3126203284797,83.5027320223311,83.22119479211152,81.05387964892407,80.03600759857696,78.94246777558733,78.37270339267991,,89.43023748470316,87.22528176843763,81.05387964892407,,89.03804765827209,87.19184987065586,85.04749425987093,#000000,4.629570222113456,87.57987265276061,0.11854869737537822,58.81423753103675,2.9632734386734683,True,False,True,False,True,0.6034487499381704,0.0,0.0,0.0,0.0,0,0.8433039789819314,0.9654881979980549,False,False,False,False,0.062006083675550515,-0.04330267023157504,False,False,False,False,12621534,10575476.913508788,False,False,False,False,893872.9207015837,False,False,False,False
2025-01-23 00:00:00+00:00,88.4562812632,88.7044472414,87.6919300504,88.7044472414,1057939,,,,,,,,,84.91320845100906,87.75559338332116,89.02731696574712,,,,,,,,85.44311039473932,84.46699723972665,85.02570851709999,89.33408806380244,90.10012289050927,90.21973031383091,90.04988941439142,89.42221732532515,87.23071147332628,85.86068158663906,85.0782576461796,84.89653399861625,84.32858231924932,83.51956904787536,83.23726266531392,81.07270868898819,80.05537263190656,78.96284369947135,78.39371805535986,,89.42221732532515,87.23071147332628,81.07270868898819,,89.02731696574712,87.23203960002577,85.08937399854477,#000000,4.505654742882286,87.61783688508011,0.18608713404958585,63.35408647769244,6.659640800010294,True,False,True,False,True,1.2488657520348845,0.0,0.0,0.0,0.0,0,0.8271676227886966,0.9889362558899831,False,False,False,False,0.05785170493373562,0.007274517351080291,False,False,False,False,13679473,10697202.250233933,False,False,False,False,900306.8845956393,False,False,False,False
2025-01-24 00:00:00+00:00,88.3073816763,88.7243005196,87.5529571026,88.0294357807,918400,,,,,,,,,85.01020451865386,87.761701697755,89.0171557826636,,,,,,,,85.71843455716099,84.61445498979491,85.09828155880162,89.3208177583804,90.08201974549505,90.20351512575351,90.03727673636484,89.41480599128815,87.23498416000433,85.86978149618736,85.08972399634922,84.90852316951835,84.34202468055294,83.53381719945536,83.25088331257011,81.08877338160003,80.07192817952219,78.9802913188562,78.41172468851595,,89.41480599128815,87.23498416000433,81.08877338160003,,89.0171557826636,87.26302066635749,85.11958221295639,#000000,4.397695422566698,87.64436004775162,0.1507656999495905,65.93116932153119,8.622172463659993,True,False,True,False,True,0.9432834405848709,0.0,0.0,0.0,0.0,0,0.8273236294683839,0.986160943108129,False,False,False,False,0.0538653788630723,0.030569948107076295,False,False,False,False,12761073,10778138.358067898,False,False,False,False,901016.4185330652,False,False,False,False
2025-01-27 00:00:00+00:00,90.6798484277,90.6798484277,89.1015128065,89.4787250933,1374074,,,,,,,,,85.22802862956003,87.81045195689596,89.03754081497988,,,,,,,,86.29593280635497,84.92395938216997,85.26575182320012,89.33508548757652,90.0830249913908,90.20292577048708,90.03844952521901,89.4214221842982,87.25420860222147,85.89462407669075,85.11744634661267,84.93689444817898,84.37209993710718,83.56386434959994,83.27914187788761,81.11926223928619,80.10251557587,79.01179619398731,78.44391191829341,,89.4214221842982,87.25420860222147,81.11926223928619,,89.03754081497988,87.35867380047863,85.19275355454907,"rgba(38, 166, 154, 0.5)",4.33923312259943,87.72009160616399,0.682092143452978,70.02034658974489,12.146840997109912,True,False,True,False,True,5.473566537367276,0.0,0.0,0.0,0.0,0,0.8401727476989843,0.9683903516796366,False,False,False,False,0.34282824454593236,0.18669909632650433,False,False,False,False,14135147,10909785.755790727,False,False,False,False,919567.6962376509,False,False,False,False
2025-01-28 00:00:00+00:00,90.5905086756,91.4541262796,89.9039823135,91.4541262796,1719805,,,,,,,,,85.50092868038438,87.88107039802398,89.07293268191074,,,,,,,,86.90600152436181,85.29819517610387,85.48008586446979,89.36267561802273,90.0927923718512,90.20944726484656,90.04605590460797,89.43503266419656,87.28197004847628,85.92888687977545,85.1550931634661,84.97530864905976,84.41249729898627,83.60389020940548,83.31671366903552,81.15921302529684,80.14241412056391,79.05272212292698,78.48564522458419,,89.43503266419656,87.28197004847628,81.15921302529684,,89.07293268191074,87.4849772534397,85.2812968842125,"rgba(38, 166, 154, 0.5)",4.2679559679245,87.8136524778476,0.650629064269093,72.48351711032888,14.231435841632475,True,False,True,False,True,5.284848672362465,0.0,0.0,0.0,0.0,0,0.9320072120710204,0.9343833829317382,False,False,False,False,0.3428282454841823,0.2647636709053433,False,False,False,False,12415342,10968827.177132268,False,False,False,False,950949.5512871549,False,False,False,False
2025-01-29 00:00:00+00:00,90.7096283451,90.9875742406,90.153736554,90.6103619538,1188169,,,,,,,,,85.67286623921277,87.92729150621327,89.09600336064932,,,,,,,,87.233557008248,85.52799820126312,85.6175910796869,89.38060468655131,90.09896273025616,90.21351747984752,90.05092369132021,89.44401353048038,87.30070315424906,85.95210989834403,85.1806521386856,85.00139710788005,84.43996032998287,83.63115337318548,83.34233383112651,81.18652489676361,80.16971826759458,79.0807501602179,78.51423466056261,,89.44401353048038,87.30070315424906,81.18652489676361,,89.09600336064932,87.56538703535846,85.33508980138136,"rgba(38, 166, 154, 0.5)",4.182743056550219,87.87024881568803,0.6788319270449743,74.23541546557814,15.80366737192098,True,False,True,False,True,5.506574429394092,0.0,0.0,0.0,0.0,0,0.9408436822438313,0.885270436249499,False,False,False,False,0.33317744255846704,0.2989705567319052,False,False,False,False,13603511,11072148.111362375,False,False,False,False,960252.2747660901,False,False,False,False
2025-01-30 00:00:00+00:00,91.642732423,92.1585205921,91.325079971,91.6923656187,1549319,,,,,,,,,85.92627093851503,88.00879954453126,89.14593596946413,,,,,,,,87.69547131572153,85.85764288458306,85.82303005635059,89.42320497638727,90.12329860719349,90.23274021412045,90.06915259563756,89.46623250627965,87.33275513455123,85.98905527059894,85.22024436553025,85.04159889802132,84.48167318078669,83.67189301773101,83.38044601424312,81.22599806160189,80.20880703302883,79.12053363499382,78.55465700152874,,89.46623250627965,87.33275513455123,81.22599806160189,,89.14593596946413,87.69366881750346,85.41675972467839,"rgba(38, 166, 154, 0.5)",4.107783277665695,87.95971963875635,0.8965937429728685,76.23149587420522,17.74285434287465,True,False,True,False,True,7.229436850738452,0.0,0.0,0.0,0.0,0,0.9713992003569092,0.849475864574685,False,False,False,False,0.34282824649871363,0.3208994016153094,False,False,False,False,15152830,11232174.852093263,False,False,False,False,983352.930657616,False,False,False,False
2025-01-31 00:00:00+00:00,90.4217558104,91.8313385665,90.4019025321,91.3846398057,2136528,,,,,,,,,86.19764438860285,88.09182358670019,89.1905907693851,,,,,,,,88.09288902716445,86.20206320806335,86.0480000878781,89.45918229088936,90.13885333422297,90.24410219931389,90.08133841362398,89.485170915333,87.36802009830059,86.03200558256397,85.26722870756178,85.08950060330224,84.53194865249156,83.72171414479867,83.42729453000372,81.27570903385867,80.25844815747755,79.17142269692683,78.60652972815723,,89.485170915333,87.36802009830059,81.27570903385867,,89.1905907693851,87.82668624822936,85.5000748111543,"rgba(38, 166, 154, 0.5)",4.007659574773764,88.04746522159105,0.5924381910464482,73.86102354515685,17.74285434287465,True,False,True,False,True,4.5946708443801825,0.0,0.0,0.0,0.0,0,0.9761057612379094,0.8414859927712331,False,False,False,False,0.29409159359506915,0.30749549760518924,False,False,False,False,13016302,11302140.62259941,False,False,False,False,1028575.482396533,False,False,False,False
2025-02-03 00:00:00+00:00,89.7368177106,90.5011689234,89.4290918977,89.9552037714,1301240,,,,,,,,,86.31671250108894,88.12287360870195,89.20134523017933,,,,,,,,88.21957902752196,86.3497404471628,86.14922843070849,89.46553034365382,90.1357843225146,90.24037466876874,90.07960473279606,89.48842771223036,87.3831712419112,86.05250381708281,85.29045839981796,85.11334407982723,84.55744368119427,83.74754940656713,83.4517694149039,81.30262315085531,80.28564373451266,79.19958421750117,78.6353638448344,,89.48842771223036,87.3831712419112,81.30262315085531,,89.20134523017933,87.88031044665674,85.53409077233499,#000000,3.8827822054681436,88.0800666373614,0.4266917343201439,70.46775287096189,17.74285434287465,True,False,True,False,False,3.161086573269518,0.0,0.0,0.0,0.0,0,0.9544128684014446,0.8800714560575965,False,False,False,False,0.20759550469965596,0.2575455011524226,False,False,False,False,11715062,11318333.61779159,False,False,False,False,1039268.2085770612,False,False,False,False
2025-02-04 00:00:00+00:00,90.8982344885,91.0769139928,90.3522693365,90.6103619538,1239045,,,,,,,,,86.44958790024255,88.16581086004838,89.22409633622789,,,,,,,,88.3804586382929,86.51234646074403,86.26248941636581,89.4837004479622,90.14318433736966,90.24567390871694,90.08553009061207,89.49823792965731,87.40247580788782,86.0762857796506,85.31658559825263,85.14000386682841,84.58549605636664,83.77547261630505,83.47808956702266,81.33072565535377,80.31377515047768,79.2284756899729,78.66483587487224,,89.49823792965731,87.40247580788782,81.33072565535377,,89.22409633622789,87.94649836550627,85.5749390996164,"rgba(38, 166, 154, 0.5)",3.78102744499943,88.12217800391872,0.7342069120002628,69.75498805700335,17.74285434287465,True,False,True,False,False,5.332197648005582,0.0,0.0,0.0,0.0,0,0.9501442142191454,0.8523691883936604,False,False,False,False,0.2634665098088242,0.2605060054806234,False,False,False,False,12954107,11382481.593564468,False,False,False,False,1047102.5925544314,False,False,False,False
2025-02-05 00:00:00+00:00,92.8140758401,92.883562314,92.0397979881,92.0993578229,1884054,,,,,,,,92.57914538073334,86.71528563400763,88.27181492642998,89.29622978087967,,,,,,,,88.74717478972421,86.83332575799506,86.48918407853853,89.54762411116037,90.18527110323707,90.28027035433212,90.11738901767298,89.53352812515335,87.44688145374678,86.12569412006954,85.36880724869054,85.19288276496992,84.63995585809843,83.82833808905058,83.52755128883975,81.38123738850909,80.36358657869845,79.27894962217788,78.71600916103058,,89.53352812515335,87.44688145374678,81.38123738850909,,89.29622978087967,89.21561893051265,85.66335057429974,"rgba(38, 166, 154, 1.0)",3.7419907921866047,88.58982053369805,1.128879129051396,71.26940219739143,17.74285434287465,True,False,True,False,False,8.704686242853114,0.0,0.0,0.0,0.0,0,0.9574389421422725,0.8293520162891355,False,False,False,False,0.3428282470643468,0.3016671262724851,False,False,False,False,14838161,11517998.433032528,False,False,False,False,1079924.2163758262,False,False,False,False
2025-02-06 00:00:00+00:00,90.9776476015,92.2383307707,90.5905086756,92.1489910185,2184288,,,,,,,,91.87563807681536,86.93317206928002,88.35301056680078,89.3442031986126,,,,,,,,88.97903660403233,87.08966961304708,86.6801088156367,89.58786916081293,90.20654910004733,90.2969753518943,90.13419538681711,89.55627058122134,87.48451640045486,86.17060292865925,85.41758543011963,85.24254493935989,84.69190404624533,83.87977955733359,83.5760219392732,81.43244714272181,80.41469120505056,79.33127303505258,78.76930480118652,,89.55627058122134,87.48451640045486,81.43244714272181,,89.3442031986126,89.12650597787719,85.73375505468245,"rgba(38, 166, 154, 0.5)",3.6917999321297583,88.62544018768611,0.6371437935578822,68.17340915102096,17.74285434287465,True,False,True,False,False,4.920563127701186,0.0,0.0,0.0,0.0,0,0.9249938709403572,0.8387329634741996,False,False,False,False,0.2676094321285652,0.28463827920052515,False,False,False,False,12653873,11562542.533697918,False,False,False,False,1123232.6000473625,False,False,False,False
2025-02-07 00:00:00+00:00,88.9029800239,90.8982344885,88.7590437566,90.8088947364,1252670,,,,,,,,91.32109519893018,87.00226480557762,88.37086614257088,89.34662253807996,,,,,,,,89.00613788537068,87.16763943967335,86.74371092128851,89.5869722628892,90.19890442633697,90.28951874306416,90.12909756281371,89.55600064581365,87.49594712300689,86.18729225643209,85.43694488688034,85.26250223973682,84.71350603088987,83.9020548128341,83.59728960305581,81.45639808824416,80.43909654407105,79.35670887425466,78.79541805690465,,89.55600064581365,87.49594712300689,81.45639808824416,,89.34662253807996,89.01021217128965,85.75374423176636,#000000,3.6062202625522377,88.61255342667121,0.08053490249739853,62.580211609874425,20.815807528319027,True,False,True,False,False,0.9618026210139199,0.0,0.0,0.0,0.0,0,0.8922839706985892,0.866342122542069,False,False,False,False,0.1588447883551368,0.22174153377783096,False,False,False,False,11401203,11556215.493160745,False,False,False,False,1128308.5765160935,False,False,False,False
2025-02-10 00:00:00+00:00,88.6250341284,89.7169644324,88.4463546241,89.4687984542,1782346,,,,,,,,90.72099347780976,87.07282036875064,88.3827666888346,89.33861451368023,,,,,,,,89.00103600949667,87.2445482446508,86.81120841931146,89.5748219767747,90.1791034602788,90.27119529013362,90.1150936851444,89.54942008794889,87.50730993298271,86.206595972153,85.46023817491768,85.2866843554771,84.74017488451396,83.93014695655464,83.62429742754014,81.4877546327105,80.47135281249886,79.39059128327126,78.83032085985148,,89.54942008794889,87.50730993298271,81.4877546327105,,89.33861451368023,88.8787987622688,85.77273128769531,#000000,3.535770870318647,88.59171019684253,0.009424799507574605,58.4307515268009,16.896661153900382,True,False,True,False,False,0.4508852102927321,0.0,0.0,0.0,0.0,0,0.8883008952272601,0.8861770874881603,False,False,False,False,0.10902101102305348,0.1653812724004422,False,False,False,False,9618857,11480240.650291696,False,False,False,False,1153957.102927227,False,False,False,False
2025-02-11 00:00:00+00:00,89.1511460021,89.4985783716,88.8831267457,89.1610726412,1181207,,,,,,,,90.50094003478502,87.12267899427927,88.39383313128585,89.33659208261264,,,,,,,,89.0084927514844,87.29889980401191,86.85866697743077,89.57001647093634,90.1688567999829,90.26151763267652,90.1078968326704,89.54685003679332,87.51603847547239,86.22039239902895,85.4765968851915,85.30361538025673,84.75869992899185,83.94950762861463,83.64287622480147,81.50907902713881,80.49321844498976,79.41349495525273,78.85388484374953,,89.54685003679332,87.51603847547239,81.50907902713881,,89.33659208261264,88.83851106074069,85.78729481576183,#000000,3.458255858224885,88.58933791407507,0.162454170847066,56.47298330048533,15.026816198924251,True,False,True,False,False,1.406942787277945,0.0,0.0,0.0,0.0,0,0.8815845945725028,0.9060989276332897,False,False,False,False,0.11626489197890846,0.14082308218967532,False,False,False,False,10800064,11453567.05616261,False,False,False,False,1155025.7263418457,False,False,False,False
2025-02-12 00:00:00+00:00,87.5132505461,88.1088488937,86.957358755,87.4338374331,1850312,,,,,,,,89.95789764030266,87.13712672710403,88.37532064805161,89.30166078458126,,,,,,,87.52648606493334,88.91654179811553,87.3085006835698,86.87900781983572,89.5320088208678,90.12717517271221,90.22412184811877,90.07722308910792,89.52520790027025,87.51612330359413,86.22982445778395,85.49063077600556,85.31866454662327,84.77668231055334,83.97006194126837,83.66312270051398,81.53510482464414,80.52077983245633,79.44312724386786,78.8847127238757,,89.52520790027025,87.51612330359413,81.53510482464414,,89.30166078458126,88.69300145000989,85.8732553929359,#000000,3.374119939503994,88.64716090537992,-0.33606107062294044,52.666300838635784,11.360808633480133,True,False,False,False,False,0.0,0.0,0.0,0.0,0.0,0,0.856419411150046,0.924779907170936,False,False,False,False,0.0071528279974365306,0.07398795509355592,False,False,False,False,8949752,11355378.230430743,False,False,False,False,1182291.854720597,False,False,False,False
2025-02-13 00:00:00+00:00,89.5779914846,89.9154972149,88.0840322959,88.5257677371,1995876,,,,,,,,89.831967715535,87.21350343746427,88.39371125641627,89.29943496172876,,,,,,,88.39102289899783,88.93385250084293,87.39049996616063,86.9525995103266,89.52533162736934,90.111537595189,90.20912817466798,90.06602687875959,89.52140754928413,87.53067785132748,86.25272448334889,85.51776783747268,85.34674918052409,84.80741369375639,84.00223301166585,83.69404300910597,81.57066331257414,80.55728095616426,79.48138699197638,78.92408464425665,,89.52140754928413,87.53067785132748,81.57066331257414,,89.29943496172876,88.68465434278608,85.93932158368855,#000000,3.3004467122347463,88.696756778382,0.2670046763522268,53.155617306708656,11.360808633480133,True,False,False,False,False,2.0874046506635295,0.0,0.0,0.0,0.0,0,0.8618860987151418,0.8994048941876611,False,False,False,False,0.10359561043046363,0.08879178276200977,False,False,False,False,10945628,11339309.593943262,False,False,False,False,1214197.1153197894,False,False,False,False
2025-02-14 00:00:00+00:00,89.3893853412,90.0743234409,89.1610726412,89.7169644324,1726561,,,,,,,,89.79578839069828,87.28600980398022,88.41563159107665,89.30363261251118,,,,,,,88.74749523586691,88.96513333204669,87.46855198372738,87.02193405990772,89.52560367952388,90.10340644661625,90.20083948038456,90.06034781223276,89.52160506586604,87.54566841491533,86.27456946030463,85.54312397621196,85.37289341123505,84.83574435330513,84.03159540654806,83.72219399513794,81.6025550456821,80.58987628519571,79.51542377885887,78.9590517133328,,89.52160506586604,87.54566841491533,81.6025550456821,,89.30363261251118,88.70026559956658,85.98038064684499,#000000,3.226068269434346,88.72839213726559,0.20489126352255024,53.18705711343499,11.360808633480133,True,False,False,False,False,1.744471008295566,0.0,0.0,0.0,0.0,0,0.883491278737535,0.8929073930621564,False,False,False,False,0.14470608105593438,0.11674893190897208,False,False,False,False,9219067,11256162.82555333,False,False,False,False,1234289.8166797976,False,False,False,False
2025-02-18 00:00:00+00:00,88.7937869935,89.9055705758,88.3173083154,89.8956439366,2178148,,,,,,,,89.68844850631285,87.35101659042198,88.42950913063704,89.29725371675009,,,,,,,88.82001497151336,88.96759800972055,87.5358289966783,87.08676056095801,89.5148550687266,90.08399661135508,90.18240466343137,90.04613216903822,89.51531266039588,87.55926981221555,86.29726319299289,85.57043209021475,85.40123271000468,84.86698840489512,84.0646357885386,83.75408775736511,81.63973387777041,80.62821891672071,79.55575762296698,79.0006194477085,,89.51531266039588,87.55926981221555,81.63973387777041,,89.29725371675009,88.69155698603049,86.00455716666052,#000000,3.12576026439925,88.73495378197116,0.01882204857452713,52.25488667775465,10.17272346598049,False,False,False,False,False,0.6598851941976704,0.0,0.0,0.0,0.0,0,0.8887228845677771,0.8905940316218792,False,False,False,False,0.11099545339476721,0.11387219265186965,False,False,False,False,7040919,11090859.146119867,False,False,False,False,1271303.8630845116,False,False,False,False
2025-02-19 00:00:00+00:00,88.9029800239,89.1709992804,88.0592156981,88.8434201892,1487497,,,,,,,,89.60547992593212,87.38524589023807,88.43396085597786,89.28881023324838,,,,,,,88.80247266333878,88.95734297765864,87.56993994945816,87.12222097569487,89.50366757570235,90.06761774703594,90.16706912690643,90.03395651171934,89.50867091552612,87.5665518648797,86.31088388631058,85.58725741775498,85.4187727755527,84.8865585969148,84.08561867061853,83.7744391609323,81.663903558444,80.6532902016142,79.58225362392486,79.02797993768984,,89.50867091552612,87.5665518648797,81.663903558444,,89.28881023324838,88.6783742263491,86.01452340688385,#000000,3.0324664647864,88.73148635235098,0.05655253686740936,51.81059498263738,9.291327165379883,False,False,False,False,False,0.8559089596063565,0.0,0.0,0.0,0.0,0,0.8771306500777248,0.9175800169920627,False,False,False,False,0.078188497525947,0.09603034508890833,False,False,False,False,8528416,10990371.179605363,False,False,False,False,1279782.0253164915,False,False,False,False
2025-02-20 00:00:00+00:00,88.912906663,88.9526132196,87.9103161112,87.969875946,867812,,,,,,,,89.55765390038562,87.40270740644422,88.43540483220096,89.28300301619608,,,,,,,88.78439484609459,88.94901543605432,87.58695757972612,87.14070452681258,89.49632395926268,90.05741816895781,90.15754911596376,90.02632478328005,89.50427535864077,87.57032011491621,86.3183686271885,85.59661923186574,85.42855297781846,84.8975314144751,84.09745986058192,83.78595061759198,81.67769103032656,80.66763001778035,79.59744000302803,79.04367557468755,,89.50427535864077,87.57032011491621,81.67769103032656,,89.28300301619608,88.66969228880671,86.01921016225263,#000000,2.9700722221766607,88.72816693513681,0.062200416031566945,51.53190750382973,8.524520662033254,False,False,False,False,False,0.8740405986691009,0.0,0.0,0.0,0.0,0,0.8817231429131647,0.9105358445831743,False,False,False,False,0.06609607930294063,0.08106321219592448,False,False,False,False,9396228,10927855.76079731,False,False,False,False,1263626.3380491782,False,False,False,False
2025-02-21 00:00:00+00:00,89.6474779585,90.0147636062,88.9923197761,89.3397521455,1362534,,,,,,,,89.55723082997457,87.45044345900462,88.45119506232277,89.28647092910745,,,,,,,88.87553255724796,88.96982987862539,87.63701002875375,87.18738587737087,89.49701328219015,90.05198705332758,90.15185225257645,90.02241190096132,89.50462837567841,87.58168593053114,86.33493990177102,85.61587224078085,85.44840885931825,84.9190699958771,84.11986905600035,83.8075005363303,81.70221704341252,80.69275417996842,79.62371358726458,79.07068147719185,,89.50462837567841,87.58168593053114,81.70221704341252,,89.28647092910745,88.68633507010234,86.0407182007589,#000000,2.943880960005335,88.74344577930809,0.30708856488214703,52.65559044018569,8.524520662033254,False,False,False,False,False,2.218012156974993,0.0,0.0,0.0,0.0,0,0.9056243388792942,0.8894932113687979,False,False,False,False,0.13707878895776326,0.10907100057684388,False,False,False,False,10758762,10921224.632922908,False,False,False,False,1267505.0698903871,False,False,False,False
2025-02-24 00:00:00+00:00,88.6448874066,89.5631015259,88.5257677371,88.8235669109,1914736,,,,,,,,89.50014775109258,87.49466686373972,88.46016321664405,89.27978240471623,,,,,,,88.88064286867277,88.96711775421771,87.68105493803017,87.23305103287603,89.48691057776128,90.03503315637627,90.135677542989,90.00969095225764,89.49846250787473,87.59231894961539,86.3533634394662,85.63826301442968,85.47168679126698,84.94486575557899,84.14737511750849,83.83416785405669,81.73363535057172,80.72528686076653,79.658035577385,79.10609435230656,,89.49846250787473,87.59231894961539,81.73363535057172,,89.27978240471623,88.68369005904815,86.05663671970039,#000000,2.9100220638424803,88.74532818867755,-0.03451547097375483,51.43946315710895,7.606563410312759,False,False,False,False,False,0.3161824459645892,0.0,0.0,0.0,0.0,0,0.8996014564464603,0.8946925836216765,False,False,False,False,0.10655414630749482,0.10781257344216935,False,False,False,False,8844026,10839765.863004364,False,False,False,False,1292886.674992725,False,False,False,False
2025-02-25 00:00:00+00:00,90.4416090886,91.1265471884,88.9476499,90.1140299974,1985128,,,,,,,,89.55652854542423,87.57613898957446,88.49407316951543,89.29597110002554,,,,,,,89.04743621860287,89.0223021810183,87.76723069402685,87.31160659145148,89.49894446594152,90.03711062337722,90.13616110844168,90.01159408058123,89.50564061838485,87.61353161769665,86.38146607907925,85.66997655515478,85.50421766619704,84.9796494875749,84.18301984576834,83.86831539510415,81.77159151448424,80.76389741804275,79.69816422483964,79.14722709034905,,89.50564061838485,87.61353161769665,81.77159151448424,,89.29597110002554,88.73067795113492,86.09595417380584,"rgba(38, 166, 154, 0.5)",2.8900296659288713,88.7805713300427,0.5747476498734945,53.59825950355397,7.606563410312759,False,False,True,False,False,3.5348664771857266,0.0,0.0,0.0,0.0,0,0.9125103694728963,0.8661782583253252,False,False,False,False,0.1728792865121401,0.14034592997715473,False,False,False,False,10829154,10839349.711513998,False,False,False,False,1320033.3936204612,False,False,False,False
2025-02-26 00:00:00+00:00,92.6254696966,94.6604307177,91.7122188969,93.6479135268,4119652,,,,,,,92.99937310373333,90.06721924804776,87.89828444120663,88.67197487150789,89.43036873036526,,,,,,,89.8828421519353,89.36752167345722,88.11771727182736,87.61053133898154,89.62206824829751,90.12754913873607,90.213273104035,90.08259654567348,89.58124558100164,87.70390008896825,86.48101947289226,85.77485244364308,85.61034668540465,85.08889227894538,84.28995758088585,83.96928419000926,81.87542994781757,80.86680633763571,79.80269097781563,79.25326349922845,,89.58124558100164,87.70390008896825,81.87542994781757,,89.43036873036526,89.81344407897217,86.26608942785957,"rgba(38, 166, 154, 1.0)",2.9113721351798048,89.30782166552629,1.139547909724299,57.693706212280816,1.789000683713681,True,False,True,False,True,7.161043687002518,0.0,0.0,0.0,0.0,0,0.9359392983660741,0.8225859830487547,False,False,False,False,0.34282824755756963,0.24158708876736218,False,False,False,False,14948806,11000504.860082077,False,False,False,False,1429822.3585765215,False,False,False,False
2025-02-27 00:00:00+00:00,91.2953000536,92.2085508533,91.017354158,91.1761803841,1879405,,,,,,,92.53185879167467,90.1584791625914,87.9934987158858,88.72214321557612,89.46419024521991,,,,,,,90.02570190842002,89.44901976602915,88.21822397006784,87.701767900769,89.65183821561895,90.14649918862436,90.22897638461495,90.09787416358047,89.60007211351241,87.73279072201984,86.51527666073866,85.81202856210126,85.64819334781475,85.1285305195748,84.32967386982695,84.00711836770084,81.91589645241983,80.90747698916098,79.84450195540998,79.2959071875241,,89.60007211351241,87.73279072201984,81.91589645241983,,89.46419024521991,89.77403402618958,86.31286841227646,"rgba(38, 166, 154, 0.5)",2.920915080155122,89.33084285405903,0.6725485492158322,57.95150238580649,2.191396328737966,True,False,True,False,True,4.649201878695457,0.0,0.0,0.0,0.0,1,0.9317732687179727,0.8463419411878028,False,False,False,False,0.23825949529287266,0.23992329203011742,False,False,False,False,13069401,11081638.042039642,False,False,False,False,1447453.05039705,False,False,False,False
2025-02-28 00:00:00+00:00,91.8214119273,92.1589176577,91.0034568632,91.4144197231,1259177,,,,,,,92.38082545929251,90.2196950761163,88.05720744819973,88.75658037699878,89.48790490479611,,,,,,,90.11672036347575,89.5040726877257,88.2852962250597,87.76292347872312,89.67287763523123,90.16031304617671,90.24052961854406,90.10902802938844,89.61348441298269,87.75268356114881,86.53866940834753,85.8373345835772,85.67393971792733,85.15545024646805,84.35660604739586,84.0327718074888,81.94325161452804,80.93494617563663,79.87271621452211,79.32467092916075,,89.61348441298269,87.75268356114881,81.94325161452804,,89.48790490479611,89.78044265308068,86.34441429017542,"rgba(38, 166, 154, 0.5)",2.9186315487596493,89.35471426507794,0.8451555535574025,58.76982500562187,3.2019446425835554,True,False,True,False,True,5.50666312068255,0.0,0.0,0.0,0.0,1,0.955943214148343,0.8368516264433291,False,False,False,False,0.23620700464207275,0.2380651483360951,False,False,False,False,14328578,11208969.020783186,False,False,False,False,1440069.6758716758,False,False,False,False
2025-03-03 00:00:00+00:00,93.4493807442,94.2335852353,92.3574504402,92.5162766662,2225435,,,,,,,92.60750204746998,90.42970850366807,88.2147567735163,88.84970634041811,89.56014154178382,,,,,,,90.40596330138463,89.6659637734854,88.45376072171022,87.91129974816631,89.73962863126171,90.21085678630453,90.28419069083753,90.14934537304494,89.65593098438383,87.80230436303049,86.59293115685642,85.89431875653244,85.73156743955046,85.21467568230877,84.41459701864048,84.08761844140064,81.99954537920462,80.99072806165978,79.92933609818954,79.38208247604648,,89.65593098438383,87.80230436303049,81.99954537920462,,89.56014154178382,89.93236304137125,86.42583224419995,"rgba(38, 166, 154, 1.0)",2.9589964655113477,89.45755458643063,1.3490472882601212,61.12534884176728,5.649328234433334,True,False,True,False,True,8.081978747702038,0.0,0.0,0.0,0.0,0,0.9686795868925077,0.8042804564595852,False,False,False,False,0.3428282476262102,0.29044669798115264,False,False,False,False,16554013,11418578.58859561,False,False,False,False,1470868.316033571,False,False,False,False
2025-03-04 00:00:00+00:00,91.9107516795,92.9034155922,91.8063234359,92.6850295314,1336104,,,,,,,92.55802418779857,90.49858627612154,88.28488942575619,88.890105430601,89.58955651286435,,,,,,,90.49784167607845,89.7286456165058,88.52728783504611,87.97875201959202,89.7662509209519,90.22968539891279,90.30027965404922,90.16461302319414,89.6732256220322,87.82563624042105,86.6196662882498,85.9229472405727,85.7606346049165,85.2448966060009,84.44465776059155,84.11622191011158,82.02970809292988,81.02091043602985,79.96023267394116,79.41353047705533,,89.6732256220322,87.82563624042105,82.02970809292988,,89.58955651286435,89.96423236662834,86.46128120485915,"rgba(38, 166, 154, 0.5)",2.9657829520622245,89.49117773057857,0.8158297448028018,59.95721871625516,5.649328234433334,True,False,True,False,True,5.215126285223953,0.0,0.0,0.0,0.0,0,0.9529313048299025,0.8337088437697663,False,False,False,False,0.2802022531866119,0.2853244755838823,False,False,False,False,15217909,11567571.93806245,False,False,False,False,1465583.4408949995,False,False,False,False
2025-03-05 00:00:00+00:00,94.0251258136,94.1144655657,92.8537823966,93.2508479617,1720957,,,,,,,92.7098594386643,90.64911797141512,88.40392619680874,88.96297873923498,89.64706600342342,,,,,,,90.693102888704,89.84985574839685,88.65372987535373,88.09147112733066,89.81968777748453,90.27091852020273,90.33615391241098,90.19774770820416,89.7077780704777,87.8652049899815,86.6626159533203,85.96790680384387,85.8060714762866,85.2915093739153,84.49024427198913,84.15935310579314,82.07382419313501,81.06458287414256,80.00450979951118,79.4583995979994,,89.7077780704777,87.8652049899815,82.07382419313501,,89.64706600342342,90.07458966990933,86.52323340342417,"rgba(38, 166, 154, 1.0)",3.075750139751038,89.56796683045881,1.4491290841661026,61.420226377451286,6.1719984876013285,True,False,True,False,True,8.43590136215602,0.0,0.0,0.0,0.0,0,0.9513740144362058,0.8140848867018712,False,False,False,False,0.3428282477415899,0.3140763616627361,False,False,False,False,16938866,11778210.92088353,False,False,False,False,1475598.0902716662,False,False,False,False
2025-03-06 00:00:00+00:00,91.4441996405,92.3475238011,91.0471340754,91.6228791448,2203356,,,,,,,92.54593768235726,90.70442584704453,88.49233368917504,89.01377188623236,89.68195739115227,,,,,,,90.76040860508577,89.91673638287895,88.74413340094175,88.17864121081767,89.8506177171381,90.29123283775527,90.35335087700018,90.21469637081633,89.72866305186339,87.89744240522967,86.70095702439374,86.00957082905978,85.84849864168649,85.33600105863674,84.53505005551746,84.20221235816697,82.11990925531437,81.11102607237417,80.05233103207246,79.50719859845476,,89.72866305186339,87.89744240522967,82.11990925531437,,89.68195739115227,90.08768529919229,86.5679338892602,"rgba(38, 166, 154, 0.5)",3.117618151116022,89.60005828960013,0.5915225218456348,58.62802538192123,6.1719984876013285,True,False,True,False,False,3.9001958449856495,0.0,0.0,0.0,0.0,0,0.9278487193837895,0.8022926069423733,False,False,False,False,0.22758850514738127,0.2708324334050587,False,False,False,False,14735510,11894183.433790058,False,False,False,False,1504137.6161433656,False,False,False,False
2025-03-07 00:00:00+00:00,92.3475238011,92.3773037185,90.3423426974,91.1563271058,1639007,,,,,,,92.4602130963875,90.74473472813666,88.55652951419037,89.05137997438659,89.70811081536412,,,,,,,90.80834496552731,89.9653745899857,88.80956973880419,88.24211180257538,89.87390631933329,90.30679695634366,90.36660060046492,90.22771496464705,89.74451971136627,87.92154923771243,86.72953068141234,86.04058220771583,85.88007031397345,85.36908929297252,84.56837020378276,84.23409981017993,82.15417521692922,81.14555774984437,80.08788146774464,79.54347185167248,,89.74451971136627,87.92154923771243,82.15417521692922,,89.70811081536412,90.10419362569306,86.60096588414937,"rgba(38, 166, 154, 0.5)",3.161445585653296,89.62547282063385,0.8610146550738917,57.75800756053971,6.1719984876013285,True,False,True,False,False,5.254297624672443,0.0,0.0,0.0,0.0,0,0.919637424473362,0.8063644608633739,False,False,False,False,0.2065555540695144,0.23869399373728656,False,False,False,False,16374517,12069882.789327703,False,False,False,False,1509426.611588724,False,False,False,False
2025-03-10 00:00:00+00:00,89.2801923108,91.1861070232,88.7143738805,90.9081611276,1637120,,,,,,,92.21189327056835,90.70474919955265,88.57954374092121,89.06073376676372,89.7083521084255,,,,,,,90.75531913358513,89.95901178040953,88.82948713975165,88.26845098671059,89.8720693765867,90.30041834922648,90.36032440298251,90.22333640202613,89.74437842759964,87.93294191588612,86.74658331730971,86.06057812289254,85.90072917083079,85.39164231061687,84.59225748633017,84.25736840430073,82.1811644440983,81.17344807166164,80.11720545455178,79.57366973683715,,89.74437842759964,87.93294191588612,82.1811644440983,,89.7083521084255,90.05305441724629,86.61201922170972,#000000,3.1546553600020384,89.61237914437842,-0.10530051484869783,53.60538734164366,8.954750441728436,False,False,False,False,False,0.2862088894968764,0.0,0.0,0.0,0.0,0,0.8816133598310807,0.8147205964428574,False,False,False,False,0.12041767340962542,0.179555833573456,False,False,False,False,14737397,12174491.189746225,False,False,False,False,1514434.1954479897,False,False,False,False
2025-03-11 00:00:00+00:00,88.4959878197,88.9823931369,87.4139841548,88.8533468283,1490521,,,,,,,91.91285006747114,90.62162134843447,88.5745822399297,89.05123089115598,89.69203867136157,,,,,,,90.65028565929995,89.91960781800537,88.81917366287045,88.26891198406531,89.85435799786053,90.28055871061804,90.34206102973563,90.20812776082626,89.73389703141159,87.93502424350139,86.75457507448009,86.07157095749358,85.91239087412661,85.40526995695643,84.60781296493079,84.27289061298721,82.20094677849931,81.19446636559168,80.13980051442654,79.59715927662423,,89.73389703141159,87.93502424350139,82.20094677849931,,89.69203867136157,89.97046464367057,86.60844446371556,#000000,3.148387600665562,89.57810262908342,-0.34370444387300214,50.065967854037325,5.670031910415759,False,True,False,False,False,0.0,0.0,0.0,0.0,0.0,0,0.8575173341726041,0.8486045367359244,False,False,False,False,0.01564528043828583,0.09760055700587092,False,False,False,False,13246876,12216545.496030688,False,False,False,False,1513496.4230774804,False,False,False,False
2025-03-12 00:00:00+00:00,88.128702172,89.1809259195,88.0294357807,89.0816595282,1519773,,,,,,,91.66234321190606,90.54763657521455,88.57232316767882,89.04364859676934,89.67752395499225,,,,,,,90.55826487117659,89.88482488253173,88.81194753483486,88.27174178945826,89.83839295869195,90.26220101856964,90.32510133128064,90.19405534774758,89.72445686129855,87.93798536209621,86.76341757105936,86.08341122597714,85.92490024203175,85.41974269156151,84.62417449013742,84.28917615191988,82.22147545632014,81.21621642011866,80.1631290274419,79.62138759413072,,89.72445686129855,87.93798536209621,82.22147545632014,,89.67752395499225,89.90069510131221,86.60680014141923,#000000,3.13612576258503,89.54883797046432,-0.4528312656995403,47.33908334521891,3.191594995414519,False,True,False,True,False,0.0,0.0,0.0,0.0,0.0,0,0.8605468173856462,0.8496977498547698,False,False,False,False,0.03986905049948455,0.06873480375267774,False,False,False,False,11727103,12197351.672656937,False,False,False,False,1513742.5633489517,False,False,False,False
2025-03-13 00:00:00+00:00,86.1731542639,87.275011207,86.1135944292,87.275011207,1165001,,,,,,,91.39246195684514,90.44531045554696,88.54498358993209,89.01963504827597,89.64957585479306,,,,,,86.52058663336668,90.43304164788499,89.82502043682318,88.77840132660965,88.2505925987317,89.80980347112505,90.23371329404911,90.29918785467669,90.17169948567835,89.7065505264587,87.93172109630518,86.76244852115853,86.08507572715115,85.92714598388321,85.42374410972843,84.63035068683502,84.29583095730347,82.23228067377558,81.22838369471648,80.17678627681153,79.63583717294587,,89.7065505264587,87.93172109630518,82.23228067377558,,89.64957585479306,89.81039338107864,86.93611825015364,"rgba(239, 83, 80, 1.0)",3.125847679884526,89.46406369948312,-1.0528054379491354,43.69883423869465,-0.13533673569844495,False,True,False,True,False,0.0,0.0,0.0,0.0,0.0,0,0.8576859837632853,0.8622767584778113,False,False,False,False,-0.07392686973346561,-0.0025960329903939386,False,False,False,False,10562102,12133224.234513529,False,False,False,False,1500066.4236097771,False,False,False,False
2025-03-14 00:00:00+00:00,88.3073816763,88.4265013458,86.6893394985,86.9176521985,870081,,,,,,,91.25723897451022,90.39618887554926,88.53771896091253,89.0110814199813,89.63747799834583,,,,,,87.07089783430881,90.37360955958665,89.79858915147148,88.7679028126844,88.24663382072877,89.79700139520298,90.21999641089042,90.28657806587118,90.161003547713,89.69865760857365,87.93131321582649,86.76555465969362,86.08996033203938,85.9324261755891,85.43019842007594,84.638060382952,84.30363584015271,82.24272678120604,81.23963577856746,80.18900978299567,79.64859963166039,,89.69865760857365,87.93131321582649,82.24272678120604,,89.63747799834583,89.76794124585982,86.9591695788065,#000000,3.114764110795149,89.47138389187545,-0.37370477319333817,44.14306565159469,-0.13533673569844495,False,True,False,True,False,0.0,0.0,0.0,0.0,0.0,0,0.8771904427489885,0.8421959999840417,False,False,False,False,-0.0224366828463138,-0.01251635791835387,False,False,False,False,11432183,12105732.421395352,False,False,False,False,1475361.112879982,False,False,False,False
2025-03-17 00:00:00+00:00,89.2007791977,89.5978447628,88.0393624198,88.0889956155,807855,,,,,,,91.17902865724999,90.37153856012203,88.54142044361058,89.01065766976056,89.63328647297554,,,,,,87.6037295475981,90.34422003362866,89.78834168389413,88.76967349490965,88.25239071906505,89.79197868383449,90.21334308095969,90.2803077793651,90.15592065138429,89.6957638851127,87.93440322387734,86.77155401401343,86.09745968839628,85.94026189111392,85.43901401019684,84.647743881207,84.313195453134,82.2543674864032,81.25185330918632,80.20201446885787,79.66206185743408,,89.6957638851127,87.93440322387734,82.2543674864032,,89.63328647297554,89.74718636074374,86.98737684930691,#000000,3.1122063550117836,89.48949708288946,-0.0927695185521729,45.51504702136963,-0.13533673569844495,False,True,False,True,False,0.3086599243117547,0.0,0.0,0.0,0.0,0,0.8909442837374211,0.8331844862143855,False,False,False,False,0.05258867262152565,0.02003615735158589,False,False,False,False,12240038,12110999.306830829,False,False,False,False,1449184.4025709631,False,False,False,False
2025-03-18 00:00:00+00:00,90.2430763061,90.3324160582,89.458871815,89.6772578758,796544,,,,,,,91.14133005726897,90.36560304938497,88.55444491693393,89.01704127418922,89.63553327262072,,,,,,88.1306890357367,90.33759986554546,89.79095480317318,88.78172883064384,88.26655302825473,89.79324852405136,90.21230882896258,90.27907357562694,90.15532719863965,89.69695609320483,87.94062122913492,86.78031981601983,86.10756696433886,85.95067267698137,85.45029064827575,84.65960548336591,84.32474165642206,82.26762691182384,81.26552481988801,80.21635715010156,79.6768164486829,,89.69695609320483,87.94062122913492,82.26762691182384,,89.63553327262072,89.74279051407956,87.02038835700958,#000000,3.1203701173507734,89.5164277440138,0.2328725551003319,47.63821822239232,-0.13533673569844495,False,True,False,True,True,1.842697453457518,0.0,0.0,0.0,0.0,0,0.9237741296293924,0.8200440792249649,False,False,False,False,0.11712478309563147,0.06858047022360868,False,False,False,False,13036582,12147296.667347267,False,False,False,False,1423590.6612936705,False,False,False,False
2025-03-19 00:00:00+00:00,90.2033697496,90.3522693365,89.3893853412,89.3893853412,1029781,,,,,,,91.09486306602425,90.35759213811544,88.57060767558288,89.0249307982348,89.6381716994575,,,,,,88.53891414297631,90.32867511801403,89.79379951999772,88.79660236638625,88.28422095177224,89.79464747390315,90.21079140564585,90.27731898294385,90.1544098461128,89.6983394238654,87.94849016028527,86.79147848693049,86.12045756613675,85.9639550778146,85.4646923914786,84.67477786487161,84.33952174244236,82.28463614759518,81.28307641314639,80.23478129944199,79.69577432699964,,89.6983394238654,87.94849016028527,82.28463614759518,,89.6381716994575,89.73723307548298,87.04917931908804,#000000,3.133698832947241,89.53742479035212,0.2125108361551005,49.003031230614184,-0.13533673569844495,False,True,False,False,True,1.781396623149984,0.0,0.0,0.0,0.0,0,0.9146622667129617,0.8089231984549988,False,False,False,False,0.1156288544480495,0.09210466233582909,False,False,False,False,12006801,12141787.03333365,False,False,False,False,1408147.1451645072,False,False,False,False
2025-03-20 00:00:00+00:00,90.699701706,91.0372074363,90.3224894191,90.3423426974,993490,,,,,,,91.07966304060923,90.36408183543733,88.59347459513798,89.03793858166998,89.64582433887949,,,,,,88.91568704073866,90.33712604776146,89.80646278704091,88.81893495296835,88.30786009331264,89.80098991168985,90.2137917021065,90.27963461962523,90.1571077344792,89.70294952374311,87.95863621644786,86.8045325398197,86.13506806142414,85.97892007922574,85.48065453667475,84.69126690883434,84.35548001599078,82.30247110638886,81.30130915654608,80.25377091697405,79.71524680533717,,89.70294952374311,87.95863621644786,82.30247110638886,,89.64582433887949,89.7441964783468,87.0801326975896,#000000,3.154473117800364,89.56383060189728,0.3600826704444291,50.53552767510325,-5.571742895260513,False,True,False,False,True,2.5189142138939395,0.0,0.0,0.0,0.0,0,0.9250260502724709,0.8023083988965773,False,False,False,False,0.16470227562495648,0.1284034689803928,False,False,False,False,13000291,12175453.85555586,False,False,False,False,1391886.080648252,False,False,False,False
2025-03-21 00:00:00+00:00,89.8956439366,90.2132963887,89.3844220216,90.1140299974,844085,,,,,,,91.04139225486807,90.35529379241582,88.604735432279,89.04317953413508,89.64696651327998,,,,,,89.03443965275981,90.32717144998642,89.80675643962626,88.82899622525831,88.32048986246447,89.8011708780104,90.21175193279953,90.27748824244436,90.15570936391764,89.70345557314495,87.96451304964053,86.81312624418632,86.14508903611367,85.98926358293848,85.49192405166653,84.70321673512544,84.36715219889744,82.31602473048856,81.3153377733004,80.26853233427893,79.73045119686539,,89.70345557314495,87.96451304964053,82.31602473048856,,89.64696651327998,89.73831350539558,87.09208046785243,#000000,3.164813157158715,89.56913426334584,0.10316870445119183,50.40457353450059,-5.485136785212944,False,True,False,False,True,1.2492885937041471,0.0,0.0,0.0,0.0,0,0.9075101962762201,0.8154441023820488,False,False,False,False,0.11129354901316016,0.11984850899677647,False,False,False,False,12156206,12174699.037690926,False,False,False,False,1370403.6853287127,False,False,False,False
2025-03-24 00:00:00+00:00,91.6725123404,91.9306049577,91.1910703428,91.325079971,701040,,,,,,,91.05521203087129,90.37208324189886,88.62718538756059,89.05712355789652,89.65690414574075,,,,,,89.28377828516915,90.34760270505562,89.82430041699835,88.85166938122222,88.34290543054729,89.81008962061345,90.21786211789389,90.28271613863879,90.1608297862056,89.70964793370077,87.97395979558254,86.82438361290224,86.15734041497271,86.00174367636791,85.50503274310245,84.71650456959392,84.37993124774053,82.32988237548777,81.32936421214477,80.2830165720055,79.7452471780317,,89.70964793370077,87.97395979558254,82.32988237548777,,89.65690414574075,89.75370167279361,87.11662805179728,"rgba(38, 166, 154, 0.5)",3.1989681792841678,89.59299587132429,0.6500585040333369,52.5701656164745,-3.1853241382377178,False,True,True,False,True,3.876080180375517,0.0,0.0,0.0,0.0,0,0.9289855298280586,0.7945674229952997,False,False,False,False,0.21905967933141568,0.16945409416409607,False,False,False,False,12857246,12201465.585232459,False,False,False,False,1344154.1290413123,False,False,False,False
2025-03-25 00:00:00+00:00,92.1192111012,92.5857631401,91.5136861144,92.2780373272,1014998,,,,,,,91.09052206238587,90.40471270199875,88.66419979586415,89.08076741894118,89.6745901437394,,,,,,89.62805441114068,90.38684703386726,89.85573987929124,88.88940945692214,88.37947730878899,89.82623469118752,90.22962471689864,90.2929184547605,90.17060735458134,89.7207784883349,87.98933114589377,86.84220090737149,86.17652084759325,86.02123960608502,85.52538397820621,84.73697402068615,84.39956536278252,82.35089709713823,81.35054057765703,80.30479928748578,79.76745978492542,,89.7207784883349,87.98933114589377,82.35089709713823,,89.6745901437394,89.78295842458587,87.15385723133363,"rgba(38, 166, 154, 0.5)",3.2373088372685856,89.63089880337783,0.7686360563367274,54.53298630911546,-1.1329883955461284,False,False,True,False,True,4.520039542646419,0.0,0.0,0.0,0.0,0,0.9312852178218136,0.790144576379742,False,False,False,False,0.24976301529016984,0.20960855472713297,False,False,False,False,13872244,12266986.307380205,False,False,False,False,1331246.045549496,False,False,False,False
2025-03-26 00:00:00+00:00,90.6500685103,90.9776476015,89.9700937301,90.5706553973,1253618,,,,,,,91.06759561837818,90.40767292044649,88.6886644852859,89.09469108367378,89.68227827423176,,,,,,89.74771457916653,90.39083003656643,89.86723016475602,88.91284808270254,88.40523947648131,89.83240511963362,90.23197910222531,90.29459377823405,90.17287930809333,89.72547367107933,88.00105654999008,86.85760949863811,86.19389581256537,86.03906184510764,85.54447393817077,84.75682365718492,84.41883736991862,82.3726350799966,81.37283976406324,80.32808532119263,79.79136397461711,,89.72547367107933,88.00105654999008,82.3726350799966,,89.68227827423176,89.7881804764032,87.17332560778833,#000000,3.253692476223772,89.643907733588,0.30923659321355285,53.58876598316291,-1.1329883955461284,False,False,True,False,True,2.17503997536555,0.0,0.0,0.0,0.0,0,0.9217324216553529,0.7886888460911982,False,False,False,False,0.15214255436890042,0.18087555454801668,False,False,False,False,12618626,12280776.09924765,False,False,False,False,1328201.8084691237,False,False,False,False
2025-03-27 00:00:00+00:00,96.0898667521,96.6854650997,92.6651762532,92.8339291183,3589733,,,,,,95.14683603499999,91.49706151291068,90.70225922510716,88.92205854492845,89.25645307951875,89.81898068156906,,,,,,91.23103535297018,90.73597661225386,90.11197535850037,89.15748394562392,88.62856696167427,89.96209553880253,90.33896231126823,90.3898056250448,90.26069232978702,89.8137942895797,88.09416424761281,86.95554463187378,86.2949974667424,86.14093935330608,85.64817134358267,84.85773185605565,84.51450755446169,82.46908778552839,81.46796504351094,80.42406946159817,79.88838404981082,,89.8137942895797,88.09416424761281,82.46908778552839,,89.81898068156906,90.89060817983902,87.37487835348888,"rgba(0, 255, 255, 0.75)",3.388488371191935,90.23535297229799,1.7277656401525794,58.113344318678614,2.4624869194308303,False,False,True,False,True,9.475688084447004,0.0,0.0,0.0,0.0,0,0.9368363492296734,0.7541527868441618,False,False,False,False,0.3428282483145658,0.2618519014312912,False,False,False,False,16208359,12434798.958100684,False,False,False,False,1416889.306176217,False,False,False,False
2025-03-28 00:00:00+00:00,95.067422922,95.669969917,94.8887434177,95.2560290654,2428832,,,,,,95.17180652740973,91.74387427771487,90.88414103262367,89.0721111135791,89.36218364882434,89.90868930787047,,,,,,91.85453147242876,90.94531656806117,90.2669739410421,89.31399761283588,88.77281952214922,90.04731788498539,90.40964240627471,90.4529455941035,90.3190995707899,89.87261264912141,88.15633793867187,87.02099658074906,86.36258723690753,86.20905195929416,85.71752124465256,84.9253063326102,84.57864758013683,82.5338407355631,81.53187331045513,80.4885806295462,79.95359930321534,,89.87261264912141,88.15633793867187,82.5338407355631,,89.90868930787047,91.02380098467036,87.48900003851894,"rgba(38, 166, 154, 1.0)",3.480133920204435,90.3691165302868,1.350036090403443,59.739944358681,4.023179465199689,True,False,True,False,True,7.882112873591623,0.0,0.0,0.0,0.0,0,0.9532316662668217,0.7608728308567342,False,False,False,False,0.3428282482842105,0.30234007485775083,False,False,False,False,13779527,12487533.391116343,False,False,False,False,1456573.3333849928,False,False,False,False
2025-03-31 00:00:00+00:00,94.2335852353,94.3626315439,93.0473518596,94.0052725353,2184220,,,,,,94.82814380523034,91.86447341707657,90.98911061607973,89.17316693820706,89.4332359102195,89.96727310757765,,,,,,92.10491879582729,91.06389614476521,90.36318625736016,89.41781520600156,88.87158170763101,90.10251452073773,90.45437051672918,90.49287006093105,90.35651520978442,89.91153328096875,88.20097779378536,87.06957583459754,86.41350940139144,86.26052956722599,85.77042954900895,84.97757799579159,84.62855269552693,82.58547234378057,81.5833103331379,80.54092709357752,80.00671179414364,,89.91153328096875,88.20097779378536,82.58547234378057,,89.96727310757765,91.04256729906514,87.558503215428,"rgba(38, 166, 154, 1.0)",3.5424351321750853,90.4272583019269,1.0744944625241402,59.71666885048708,4.1109942629241445,True,False,True,False,True,6.60110193972271,0.0,0.0,0.0,0.0,0,0.9305557084561795,0.7782263302606027,False,False,False,False,0.24329738994510822,0.2728187324014295,False,False,False,False,11595307,12452544.120876487,False,False,False,False,1485108.4967816598,False,False,False,False
2025-04-01 00:00:00+00:00,92.0199447099,93.9854192571,91.5037594753,93.747179918,2028130,,,,,,94.3672260424146,91.89626440026676,91.03679498071249,89.23689554744823,89.47740827364684,90.00152747058367,,,,,,92.14589038808147,91.11591814160771,90.41480363262207,89.48158821896516,88.93562324385888,90.13418201371431,90.47858996266889,90.51437453368418,90.377248517255,89.9346882269996,88.23190221998759,87.10506898573124,86.45156603794149,86.29918080422726,85.81070271734077,85.01814222673252,84.6675834732321,82.62719720261686,81.62537988161056,80.58418407254413,80.05080457212595,,89.9346882269996,88.23190221998759,82.62719720261686,,90.00152747058367,91.00268611917876,87.59769072507108,#000000,3.552638622403761,90.4399369191738,0.44474205193917127,57.046117174422264,4.1109942629241445,False,False,True,False,True,3.3218523397265614,0.0,0.0,0.0,0.0,0,0.9035462855139519,0.7908752612286887,False,False,False,False,0.13596435342554014,0.20439154291348482,False,False,False,False,9567177,12339392.46907741,False,False,False,False,1506403.457692183,False,False,False,False
2025-04-02 00:00:00+00:00,91.9107516795,92.0462503036,90.9577943233,91.0272807972,1213790,,,,,,94.07780092441399,91.88879970810503,91.04792309938361,89.26408918690122,89.49585798811599,90.01465358994514,,,,,,92.11643939339014,91.12697914132795,90.43221468186344,89.507942020333,88.96384975613213,90.1459638106501,90.48673727547894,90.52152436885734,90.38449617756808,89.94374940556936,88.24649369620778,87.12272226631607,86.47089301950363,86.31889196906037,85.83149082568524,85.03942974793296,84.68820028454299,82.64982913125914,81.64841353006949,80.60805557685384,80.07522228098188,,89.94374940556936,88.24649369620778,82.64982913125914,,90.01465358994514,90.96485408281082,87.6127158039301,#000000,3.566903594691233,90.43538494876398,0.4136267470003566,55.141814886168135,4.1109942629241445,False,False,True,False,False,3.1637473524904394,0.0,0.0,0.0,0.0,0,0.8927463640415919,0.8342712314356008,False,False,False,False,0.03962759393183487,0.12200956842265985,False,False,False,False,8353387,12183078.52911359,False,False,False,False,1494928.420135627,False,False,False,False
2025-04-03 00:00:00+00:00,88.9526132196,91.9405315969,88.788823674,91.8908984012,1825619,,,,,,93.50222751455539,91.80561135645769,91.01668140121667,89.27463820205796,89.50090593829894,90.01321547146819,,,,,,91.93806952486294,91.08892124963687,90.42093576351762,89.51490918285482,88.97823490509649,90.14302970551005,90.48053930634592,90.51557678477467,90.38029229786366,89.94335448613431,88.2570402382153,87.13885951784357,86.48997095878067,86.33863414829028,85.85317105864036,85.06279551744872,84.71125563496575,82.67709142859253,81.6768444574845,80.63811917682445,80.10624400220448,,89.94335448613431,88.2570402382153,82.67709142859253,,90.01321547146819,90.85221331400915,87.61238226718419,#000000,3.5475279361812966,90.3902496526012,-0.40525020771188985,50.852657233259436,6.643526950023187,False,True,False,False,False,0.0,0.0,0.0,0.0,0.0,0,0.8506070720037052,0.8474511899280373,False,False,False,False,-0.047866207861554357,0.03707168028055274,False,False,False,False,6527768,11961301.64561894,False,False,False,False,1507896.678169524,False,False,False,False
2025-04-04 00:00:00+00:00,83.2050891649,85.478289525,82.9569231867,85.3889497729,2713308,,,,,,91.86881942151379,91.34305899385907,90.74062362511602,89.14362776096938,89.39694546955891,89.90646713829324,,,,,,91.07932466487887,90.77272350885092,90.2233727120414,89.36771595395012,88.8636844344624,90.03648446868273,90.3795340622344,90.42340692539024,90.29853558046251,89.87266889881174,88.21578939613714,87.11089869646365,86.46853032371311,86.31862067455725,85.83764464338228,85.05439518959042,84.70582054349515,82.68378272002465,81.68807767258458,80.6536441249527,80.12388197789056,,89.87266889881174,88.21578939613714,82.68378272002465,,89.90646713829324,90.39992373488506,87.5027327597333,"rgba(255, 0, 0, 1.0)",3.5541443264734824,90.13535239020045,-1.949910467529281,44.13399136528234,0.46236825560121986,False,True,False,True,False,0.0,0.0,0.0,0.0,0.0,0,0.8311559261545847,0.8858447724142255,False,False,False,False,-0.34282825441539394,-0.1528782870674206,False,False,False,False,3814460,11641817.659516236,False,False,False,False,1555167.7103981702,False,False,False,False
2025-04-07 00:00:00+00:00,82.3712514782,84.5154055297,79.8895916963,80.2568773441,2252232,,,,,,90.68192162242026,90.92330580933812,90.47675352920542,89.00757912996633,89.28901221670425,89.79754998533186,,,,,82.25874956806666,90.36246101118664,90.47362811835697,90.02856889068407,89.21684246997371,88.74275199713088,89.92818312032195,90.27767461724133,90.33034114156366,90.21546539882657,89.79969543330152,88.1695488975267,87.07658529958151,86.44001746659592,86.2913718410693,85.81441919856442,85.03800942543945,84.69260958112052,82.68182938232351,81.69048261956992,80.65999910724035,80.13213222059616,82.25874956806666,89.79969543330152,88.1695488975267,82.68182938232351,,89.79754998533186,90.02935371549438,87.47646177392225,"rgba(255, 26, 202, 1.0)",3.572777444853253,89.58042432024286,-2.0178063014890557,39.22640135011785,-3.8387753013951524,False,True,False,True,False,0.0,1.0,84.5154,79.889595,910.0,0,0.8076239218490037,0.8996632198378232,False,False,False,False,-0.34282825441539394,-0.24785327074140728,False,False,False,False,1562228,11246539.633652855,False,False,False,False,1582503.5648923595,False,False,False,False
2025-04-08 00:00:00+00:00,82.2719850869,85.3095366598,81.4282207611,84.8429846209,2865779,,,,,,89.63909367578007,90.48351248297173,90.19218136626814,88.8603114477754,89.1703593596595,89.67661852921843,,,,,82.67562372998796,89.67275646119629,90.15399031821504,89.81652872883963,89.05345956016157,88.61208182898801,89.80762439171897,90.16339860455986,90.22558977124264,90.12187601853745,89.71781049540854,88.11902080921321,87.04025916823743,86.41065215975735,86.26352856828213,85.79139626882761,85.02294679347779,84.68108388754678,82.68369800766125,81.69748447213848,80.67174473635471,80.14618122881109,82.67562372998796,89.71781049540854,88.11902080921321,82.68369800766125,,89.67661852921843,89.67034614361222,87.38654050219989,"rgba(255, 0, 0, 1.0)",3.6199931198284334,89.37798338251713,-1.962986685442626,35.901207122597135,-6.658360618130352,False,True,False,True,False,0.0,0.0,0.0,0.0,0.0,0,0.8182449743347583,0.9130327272833471,False,False,False,False,-0.2780850413702216,-0.26296915605581445,False,False,False,False,-1303551,10754379.21664686,False,False,False,False,1632828.091759326,True,False,False,False
2025-04-09 00:00:00+00:00,89.3298255064,89.8360841019,81.8649928827,83.8801006255,4934369,,,,,,89.14088243190777,90.18041388063308,89.99640430453724,88.7853493159608,89.10236331374077,89.59733455310806,,,,,84.80336823516525,89.30281526643108,89.93827935498722,89.67789751466626,88.96496340325793,88.55165987142661,89.72621256518816,90.08035778218817,90.14834380921198,90.05387268240328,89.6627850251968,88.10065917597457,87.03980610655411,86.41934630851642,86.27426012709063,85.80834551804605,85.04795893438359,84.70812790439,82.72657873005024,81.7458314733068,80.72598290667152,80.20353012776638,84.80336823516525,89.6627850251968,88.10065917597457,82.72657873005024,,89.59733455310806,89.46712463331464,87.43907348942176,#000000,3.5878649429125122,89.3517525523537,-0.006111446863967853,40.73583255788495,-6.658360618130352,False,True,False,True,True,0.09725050764149046,0.0,0.0,0.0,0.0,0,0.8256934147622371,0.8833459586248403,False,False,False,False,-0.14692861558472195,-0.2049488858202682,False,False,False,False,3630818,10475023.874817573,False,False,False,False,1762300.2842393524,False,False,False,False
2025-04-10 00:00:00+00:00,86.3617604073,87.5331038244,84.8727645382,87.4040575157,1899747,,,,,,88.94469009553849,90.05284241232542,89.90984633375187,88.74649501442688,89.06827859353125,89.55951380941627,,,,,85.03423908821591,89.14809554405119,89.84350215599567,89.61402671073697,88.92052822357383,88.51879553556915,89.68775858244378,90.04196853969572,90.11267025621736,90.02218214150393,89.63633455036377,88.08897122064825,87.03526815713005,86.41843887457388,86.27415897391565,85.81072865469285,85.0537836896244,84.71501583401685,82.73999443432534,81.76157749406534,80.74414087253749,80.22293601081391,85.03423908821591,89.63633455036377,88.08897122064825,82.73999443432534,,89.55951380941627,89.38027770983172,87.423901933068,"rgba(239, 83, 80, 0.5)",3.551202495107256,89.30456525089873,-0.8286784117924133,41.917360494018055,-6.658360618130352,False,True,False,True,True,0.0,0.0,0.0,0.0,0.0,0,0.8400164955363723,0.8875036485625197,False,False,False,False,-0.12880224330206722,-0.1668755645611677,False,False,False,False,1731071,10132123.762079628,False,False,False,False,1767690.3515240839,False,False,False,False
2025-04-11 00:00:00+00:00,88.9526132196,89.220632476,87.2998278049,87.8011230808,2166917,,,,,,88.91203334133743,89.99700430184349,89.8733596811689,88.74209602400997,89.06050051247628,89.5458949834878,,,,,85.5647684267822,89.1121216100052,89.80492920034918,89.59061689916983,88.91264021695717,88.51834936750635,89.67282172493077,90.02441214067125,90.09589352030792,90.00774677961981,89.62628113727632,88.09185589082414,87.04481719269397,86.43147938643264,86.28798544258862,85.8269104016346,85.0725861521846,84.73408663232746,82.76482224344907,81.78827002691614,80.77304769918423,80.2530643954024,85.5647684267822,89.62628113727632,88.09185589082414,82.76482224344907,,89.5458949834878,89.35514814072064,87.44866971963135,#000000,3.5157224399264106,89.3126518035709,-0.1024081366270885,44.64562227746898,-13.7753815986582,False,True,False,True,True,0.0,0.0,0.0,0.0,0.0,0,0.8503050223571064,0.8754666123650241,False,False,False,False,-0.024265970328098147,-0.09557076744463293,False,False,False,False,3897988,9887647.849841213,False,False,False,False,1783346.2985231394,False,False,False,False
2025-04-14 00:00:00+00:00,89.9154972149,90.7989680972,88.595254211,88.7640070761,1467993,,,,,,88.9519232721814,89.9916339653362,89.87158822368612,88.7539474375763,89.0669175657521,89.54781271417534,,,,,85.96080991092192,89.13564634541375,89.80426534570958,89.59311358496495,88.92317505188676,88.53182463762738,89.67363574980762,90.0224752698411,90.09362469900404,90.00623736031729,89.62713017772037,88.09997285222819,87.05687331471579,86.44564901677954,86.3026355703266,85.84297160502857,85.0899293912455,84.75125797995491,82.7852499459469,81.80966041237888,80.79573326120848,80.27649991140312,85.96080991092192,89.62713017772037,88.09997285222819,82.7852499459469,,89.54781271417534,89.36397052978457,87.47780691109098,#000000,3.491746407729201,89.33735796732387,0.1655730915327598,47.14580296955805,-11.372259490136429,False,True,False,False,True,0.8116601642098686,0.0,0.0,0.0,0.0,0,0.8708928510457898,0.8595123727640932,False,False,False,False,0.04829689876696051,-0.02363693433883621,False,False,False,False,5365981,9710327.58121999,False,False,False,False,1770979.5025026242,False,False,False,False
2025-04-15 00:00:00+00:00,90.7493349016,91.5831725883,90.3820492539,91.1960336623,2082489,,,,,,89.07277234999408,90.02127489963857,89.89609203236873,88.78856452730237,89.09020341680697,89.56409539884396,,,,,86.54350317515326,89.22107137773622,89.83308460631149,89.6185244332593,88.95712959068878,88.56752438680003,89.6881082794428,90.03189964691873,90.10155581973147,90.0142553302965,89.63775607291092,88.11908860572372,87.08087275866822,86.47233760073206,86.3299419299993,85.87205332207377,85.12022739125513,84.78088077835709,82.81870076567792,81.84410724590022,80.83176456554763,80.31349906912634,86.54350317515326,89.63775607291092,88.11908860572372,82.81870076567792,,89.56409539884396,89.40550043749244,87.53263115588186,#000000,3.4812742710283633,89.39349627023094,0.3894661913462339,49.41165542646603,-9.12601701934544,False,True,False,False,True,1.7349206245231628,0.0,0.0,0.0,0.0,0,0.8916840182969678,0.8376044036952939,False,False,False,False,0.11362612578222134,0.044994595721692565,False,False,False,False,7448470,9621627.283917246,False,False,False,False,1783195.5612280115,False,False,False,False
2025-04-16 00:00:00+00:00,91.3747131666,92.2780373272,91.0868406319,91.325079971,2173235,,,,,,89.22485293172186,90.07233786501666,89.9367562321936,88.8346714464393,89.12269131711435,89.58902376600824,,,,,87.09509954744404,89.33422553862329,89.87954811542608,89.65738923009468,89.00320256055392,88.61408567552768,89.71103299515822,90.04896319844514,90.11648624599206,90.02869884045028,89.65446596192294,88.14352835488675,87.10996586313772,86.50404048161049,86.36224864159321,85.9060710715274,85.15516128504356,84.81486590242564,82.856206233471,81.88243540798622,80.8715945310211,80.35428015596821,87.09509954744404,89.65446596192294,88.14352835488675,82.856206233471,,89.58902376600824,89.46338892641567,87.59388605756601,"rgba(38, 166, 154, 0.5)",3.4777006265620956,89.45985882968154,0.5506093084301533,51.38359638378481,-7.094864953111923,False,False,False,False,True,2.4261212249914124,0.0,0.0,0.0,0.0,0,0.8923845881644602,0.8392637151353933,False,False,False,False,0.14956591363177812,0.09728025467673534,False,False,False,False,9621705,9621630.331606766,False,False,False,False,1798491.2254935796,False,False,False,False
2025-04-17 00:00:00+00:00,91.8611184838,92.2383307707,90.6202885929,91.0769139928,995230,,,,,,89.28832626592873,90.09452380445813,89.95465743665646,88.85523168808396,89.13724842703586,89.60019774071999,,,,,87.30897744207184,89.38235579695069,89.89993113135284,89.67461823759922,89.02371273640459,88.63488470434797,89.72131035627004,90.05661923545145,90.12319293181088,90.03519679393122,89.66199664511903,88.1545843096578,87.12314423180608,86.51840900214148,86.37689249504639,85.92149644591849,85.17101703886276,84.83030106778978,82.87326187481304,81.89987526384958,80.88972501675673,80.37284645214064,87.30897744207184,89.66199664511903,88.1545843096578,82.87326187481304,,89.60019774071999,89.48836422714719,87.61958888705978,"rgba(38, 166, 154, 0.5)",3.469071959643758,89.48748189903944,0.6842281199045269,53.07149362992636,-5.270994170266476,False,False,True,False,True,2.9654793281338776,0.0,0.0,0.0,0.0,0,0.8831407047656495,0.8480776829060195,False,False,False,False,0.13652688536555554,0.11690357002114544,False,False,False,False,10616935,9660661.887230031,False,False,False,False,1766990.7852781452,False,False,False,False
2025-04-21 00:00:00+00:00,90.7096283451,92.4864967489,90.0246902453,91.7221455361,905608,,,,,,89.33118026722633,90.10751821873909,89.96568536831379,88.87028382900222,89.14765892998085,89.60770942356156,,,,,87.46577195138488,89.41480257828302,89.91264467805567,89.68597326753302,89.03849137423497,88.65038302277594,89.72806752709657,90.06124613233065,90.12715784111704,90.03915684700581,89.6670199786252,88.16312159560128,87.13372962027908,86.53012764526068,86.3888719257076,85.93422551335077,85.18425635392381,84.8432489381725,82.88783575937578,81.91487331812965,80.90540045563779,80.38893623967763,87.46577195138488,89.6670199786252,88.16312159560128,82.88783575937578,,89.60770942356156,89.50500600613731,87.6385502934122,#000000,3.4320546564106085,89.50661431910717,0.3505229800888407,53.04378904923847,-4.974845626628628,False,False,True,False,True,1.5904644123789886,0.0,0.0,0.0,0.0,0,0.8959184685953361,0.8456097839036055,False,False,False,False,0.1276054167337878,0.12225449337746663,False,False,False,False,9711327,9662648.75439748,False,False,False,False,1733211.0682084141,False,False,False,False
2025-04-22 00:00:00+00:00,92.6254696966,93.1261693742,91.5930992274,91.6526590622,1074327,,,,,,89.41748473944061,90.14380099873642,89.9943754766908,88.89885406528093,89.16857656963128,89.62478566750804,,,,,87.70035972697914,89.48230551616489,89.94481468710946,89.7123169047603,89.06740643841917,88.67880119922825,89.744097042799,90.07406016615289,90.13858833869342,90.05000664447934,89.67871176177627,88.17793783901311,87.15056956698915,86.54813403930473,86.40715099603035,85.95326196094962,85.20353339838991,84.86191325041858,82.90794989588873,81.93526303425276,80.9264393667127,80.41040863308271,87.70035972697914,89.67871176177627,88.17793783901311,82.90794989588873,,89.62478566750804,89.54131291954802,87.67085912038996,"rgba(38, 166, 154, 0.5)",3.415282993116541,89.54337586424174,0.9024417123178924,54.605510755591375,-3.0956295406937215,True,False,True,False,True,3.7245807030080265,0.0,0.0,0.0,0.0,0,0.9188201244055969,0.8215102775964208,False,False,False,False,0.18471156513178558,0.1534830292546261,False,False,False,False,10785654,9706688.175793657,False,False,False,False,1707372.4772982802,False,False,False,False
2025-04-23 00:00:00+00:00,93.0126086226,94.6306508004,92.5162766662,93.3898209094,1298072,,,,,,89.54596680256101,90.20341682225653,90.04108931998769,88.94173755278803,89.20062972396885,89.65191244998091,,,,,88.00642357272754,89.58453095960026,89.99677815083129,89.75417291648553,89.1112120656795,88.72098251628822,89.76984800396565,90.09540719617324,90.15780000716963,90.06806449231273,89.69744974009733,88.19960715657608,87.1743533965315,86.57318156562661,86.43249785772286,85.97941649687478,85.2296880301517,84.88711688921327,82.93451957073499,81.96198351714229,80.9538196444831,80.43826543489696,88.00642357272754,89.69744974009733,88.19960715657608,82.93451957073499,,89.65191244998091,89.59745877859051,87.71675170509525,"rgba(38, 166, 154, 1.0)",3.3685408467950837,89.59775503730873,1.0137486052871374,55.95556042619963,-1.4236812374740708,True,False,True,False,True,4.149289286045814,0.0,0.0,0.0,0.0,0,0.9301535879286505,0.7994826638893945,False,False,False,False,0.24891890432377345,0.20120096678919977,False,False,False,False,12083726,9799905.345370376,False,False,False,False,1691321.4781885438,False,False,False,False
2025-04-24 00:00:00+00:00,93.9854192571,94.054905731,92.4021203163,93.1615082095,1436244,,,,,,89.68202755477277,90.26875490988093,90.09271408273044,88.9892272815445,89.2363180783831,89.68222087946758,,,,,88.31412893912172,89.69423013746923,90.0540238041553,89.80056062529324,89.15970305612046,88.76770728682042,89.79865093024564,90.1193757926957,90.17940668350133,90.08837941748541,89.71848716088826,88.2238059969107,87.20085462705458,86.60106292719557,86.46070647562826,86.00850708396291,85.25876484060392,84.91513768464529,82.96402467892483,81.99164613699837,80.98420322849978,80.46917184406881,88.31412893912172,89.71848716088826,88.2238059969107,82.96402467892483,,89.68222087946758,89.65854379779654,87.76595821428606,"rgba(38, 166, 154, 1.0)",3.347242191619539,89.65602007024077,1.2934227459544796,57.64299689430197,0.5516551771463654,True,False,True,False,True,5.215506235873967,0.0,0.0,0.0,0.0,0,0.9280960136240054,0.8061428090411542,False,False,False,False,0.23048887083976555,0.21584491881448264,False,False,False,False,13519970,9945790.233787226,False,False,False,False,1681318.4398282086,False,False,False,False
2025-04-25 00:00:00+00:00,94.2435118744,94.4470079765,93.7968131137,94.3030717092,665108,,,,,,89.75264110198613,90.30437306219335,90.12080434640599,89.0141707959627,89.25526591955067,89.69858390688279,,,,,88.46249486273204,89.75173768789685,90.08504843257894,89.82555987768669,89.18528095759609,88.79212021874405,89.81427950774176,90.13258829498156,90.19136385021014,90.09957913400791,89.7299009841946,88.23638052088268,87.21437561189069,86.61517006034762,86.47495417952823,86.02312422089699,85.27327121218939,84.92907965944116,82.97851425439836,82.00614274806397,80.99898838581295,80.48418185221743,88.46249486273204,89.7299009841946,88.23638052088268,82.97851425439836,,89.69858390688279,89.69097318883026,87.79104831380049,"rgba(38, 166, 154, 1.0)",3.3200332021665337,89.68633628122058,1.3726295237666823,58.98106509435064,2.1751299266384265,True,False,True,False,True,5.498655718546548,0.0,0.0,0.0,0.0,0,0.9517409466499188,0.7970567013451851,False,False,False,False,0.27857178263591575,0.2472083507251992,False,False,False,False,14185078,10112036.812854392,False,False,False,False,1641467.050031024,False,False,False,False
2025-04-28 00:00:00+00:00,94.6207241612,95.067422922,93.8960795049,94.4221913787,921942,,,,,,89.85473699805404,90.35725928682113,90.16257160815374,89.05077868202542,89.28322985817917,89.72291063537018,,,,,88.66854716398436,89.83545546868974,90.13107406221258,89.86262436659491,89.22287939025992,88.82787639885484,89.83756507419648,90.15240947796762,90.20933526995127,90.1163901919217,89.74692277814005,88.25479294441276,87.2340128687616,86.63558101596584,86.49555192030603,86.04420566600123,85.29412515819779,84.94909853100896,82.99919173460181,82.02678294204189,81.01999584572879,80.50548840809529,88.66854716398436,89.74692277814005,88.25479294441276,82.99919173460181,,89.72291063537018,89.73858117810063,87.82722112120356,"rgba(38, 166, 154, 1.0)",3.3063274640511273,89.73039836438547,1.4790808986665198,60.201450247846594,3.6810690646707442,True,False,True,False,True,5.916692155367873,0.0,0.0,0.0,0.0,0,0.9471781381718017,0.8103837352865932,False,False,False,False,0.2982869748420184,0.2727476627836088,False,False,False,False,15107020,10307918.506467946,False,False,False,False,1613250.3814023566,False,False,False,False
2025-04-29 00:00:00+00:00,95.7126544652,96.1792065042,95.0383378693,95.4545618479,811986,,,,,,89.96172055627638,90.41491863407339,90.20793938453589,89.08910405196733,89.31279950058415,89.74906007469374,,,,,88.87116697051289,89.92375064666663,90.18091155868431,89.90247676085306,89.2624281626936,88.86509085238087,89.86271520354772,90.17413132328706,90.22909629013222,90.1348074219365,89.76528866930502,88.27378766265922,87.25385220589608,86.65599869711855,86.51611281379292,86.06511601008876,85.31462331528411,84.96870566704096,83.01909775468741,82.04652200516334,81.03996708151486,80.52568865599918,88.87116697051289,89.76528866930502,88.27378766265922,83.01909775468741,,89.74906007469374,89.78925703368849,87.86428399958655,"rgba(0, 255, 255, 0.75)",3.293012116521815,89.77659507026662,1.802623004376685,61.9566582802607,5.6694328387332575,True,False,True,False,True,7.122640989081393,0.0,0.0,0.0,0.0,0,0.9443795213981222,0.7994093215103741,False,False,False,False,0.34282824889068486,0.3077879558371468,False,False,False,False,15919006,10527961.153273124,False,False,False,False,1581828.2487983427,False,False,False,False
2025-04-30 00:00:00+00:00,96.8939245214,97.0924573039,94.600870883,95.6729479087,1699200,,,,,,90.19384657702612,90.54392634345618,90.30989401994918,89.17451970831458,89.37911929137427,89.80809947957378,,,,,89.29092185667983,90.11713236007603,90.29259822632557,89.9919761990587,89.35066253626505,88.94790741659064,89.9196089177108,90.2235709176758,90.27415917634951,90.17677872004502,89.80693109382057,88.31617820113883,87.29778104434085,86.70103520510064,86.56142763082413,86.11108699410774,85.35953697466887,85.01161582535316,83.0623656184667,82.08931479378626,81.08315789781963,80.56932480001387,89.29092185667983,89.80693109382057,88.31617820113883,83.0623656184667,,89.80809947957378,89.90156756994901,87.94512948541923,"rgba(0, 255, 0, 1.0)",3.293356622130191,89.87801554079184,2.13032167043913,64.07708259361267,7.949713986604166,True,False,True,False,True,8.405915624143041,0.0,0.0,0.0,0.0,0,0.9483618076334052,0.7915518299806873,False,False,False,False,0.34282824898701064,0.32530810241207875,False,False,False,False,17618206,10806009.970791824,False,False,False,False,1586431.0625709565,False,False,False,False
2025-05-01 00:00:00+00:00,95.464488487,96.8343646866,94.9979364481,96.705318378,766399,,,,,,90.2858753864581,90.59596135108328,90.35147334339109,89.21005759347952,89.40675413022926,89.8326064249748,,,,,89.45406103112751,90.19460568800196,90.33805419860992,90.02877430635704,89.38727368186919,88.98247065570972,89.94320090324237,90.24401818399268,90.29280182836855,90.19418028090007,89.82428457472,88.33411405262805,87.31650254020798,86.72029541759453,86.58082130406284,86.13080667185731,85.37887417033787,85.03012241111004,83.08115196049768,82.10794528325854,81.10200583260132,80.58838721846017,89.45406103112751,89.82428457472,88.33411405262805,83.08115196049768,,89.8326064249748,89.94712137160268,87.9782179572227,"rgba(0, 255, 255, 0.75)",3.2463150286548186,89.91904313510656,1.7082277298858795,63.23602066323579,7.949713986604166,True,False,True,False,True,6.503264624308191,0.0,0.0,0.0,0.0,0,0.9538725886864565,0.7883240554455625,False,False,False,False,0.34282824901451586,0.3340681757132973,False,False,False,False,16851807,11043100.050368616,False,False,False,False,1554272.9424701347,False,False,False,False
2025-05-02 00:00:00+00:00,97.5788626212,98.4722601426,97.1817970561,98.3332871948,1707509,,,,,97.74430660663334,90.55059920930047,90.75122257431366,90.47490693210314,89.31136066048414,89.4863655588347,89.90445878728087,,,,,89.89471284412672,90.41847113449106,90.47261213938573,90.1368001485343,89.49220228886624,89.0803300631366,90.01271669672384,90.30516832011429,90.3487390944896,90.24619523391034,89.87534250849299,88.38432319308957,87.36761609615048,86.77223649197346,86.63298272014565,86.18341674831942,85.4298577395702,85.07868386389056,83.12930624503572,82.15525865415285,81.14946790345559,80.63620076386957,89.89471284412672,89.87534250849299,88.38432319308957,83.12930624503572,,89.90445878728087,91.17474576127861,88.07084861122998,"rgba(0, 255, 0, 1.0)",3.2233784360895705,90.45645972708824,2.2096080355840173,64.45336438064658,8.746634947328673,True,False,True,False,True,8.783194757083614,0.0,0.0,0.0,0.0,0,0.959887569853441,0.767345875740313,False,False,False,False,0.34282824967504266,0.33844821269416997,False,False,False,False,18559316,11337853.617020829,False,False,False,False,1560282.1996281687,False,False,False,False
2025-05-05 00:00:00+00:00,96.6656118214,97.8319919189,96.6159786258,97.7674687646,1262911,,,,,97.4439523825263,90.71654370689137,90.85061754678432,90.55496429436535,89.37860467295314,89.539322536672,89.95205476295575,,,,,90.16491022230409,90.56052833467879,90.55966333669234,90.20753169291626,89.56163022020822,89.14552632422287,90.05871473952553,90.34552421505464,90.3856735297744,90.28062647802332,89.90933214261213,88.41833872033327,87.40254772265077,86.80788616771922,86.66881694574558,86.2196636131646,85.46514888979543,85.11237293764388,83.16300746829846,82.18849137881368,81.18291111139142,80.66994038489813,90.16491022230409,89.90933214261213,88.41833872033327,83.16300746829846,,89.95205476295575,91.20515141473547,88.13129675400889,"rgba(0, 255, 255, 0.75)",3.179613088063397,90.51566369598306,1.9341812840387704,63.88607668009052,8.746634947328673,True,False,True,False,True,7.571855320018983,0.0,0.0,0.0,0.0,0,0.9465791369945069,0.7820597406015932,False,False,False,False,0.31450145295646964,0.3264748328253198,False,False,False,False,17296405,11571522.298706288,False,False,False,False,1548620.5839564758,False,False,False,False
2025-05-06 00:00:00+00:00,95.2858089828,96.0303069173,95.1071294785,95.8814073304,1021084,,,,,96.94011649013119,90.81295157177094,90.9089777857106,90.60300893998712,89.42119841060222,89.57278446710373,89.98168604473418,,,,,90.32247214029405,90.64433685965909,90.61179275022336,90.25081851010923,89.60529175948369,89.18717423224598,90.0872337491229,90.37026028901286,90.40829011292227,90.30182828807376,89.93060265746908,88.44069283449262,87.42605365828763,86.83215151172918,86.69326819188828,86.24458346006917,85.48969219470882,85.13591984302758,83.18707935430812,82.21243468865978,81.2071915289571,80.69452211296444,90.32247214029405,89.93060265746908,88.44069283449262,83.18707935430812,,89.98168604473418,91.17724624429141,88.16909885428937,"rgba(0, 255, 255, 0.75)",3.120564649295507,90.53521456813156,1.522350903943274,61.558384372034276,8.746634947328673,True,False,True,False,False,5.7714604258741815,0.0,0.0,0.0,0.0,0,0.9431999804717112,0.7896420572782202,False,False,False,False,0.23905831900919222,0.282766575917256,False,False,False,False,16275321,11755984.992874669,False,False,False,False,1527932.874781712,False,False,False,False
2025-05-07 00:00:00+00:00,95.3950020132,95.5041950436,94.4221913787,94.8093303046,1644049,,,,,96.4053827269166,90.94862361577343,90.992594348086,90.67273829664593,89.48445568447532,89.62257174616214,90.02558705726922,,,,,90.5406602378015,90.76361413146503,90.6872746019241,90.31424233603774,89.66993676465059,89.24924113899283,90.12943846976806,90.40676026411651,90.44167606294913,90.33320572255461,89.96226431456944,88.47452513788619,87.4619002049766,86.86928860812507,86.73071832850796,86.28284069746555,85.52751312478992,85.17226976707461,83.22448771669657,82.24974238521261,81.24511062600503,80.7329508163717,90.5406602378015,89.96226431456944,88.47452513788619,83.22448771669657,,90.02558705726922,91.16456478218981,88.22458000077823,"rgba(0, 255, 255, 0.75)",3.0616456267380694,90.57307684238991,1.5749455549979678,60.12220273468255,8.746634947328673,True,False,True,False,False,5.893137487985761,0.0,0.0,0.0,0.0,0,0.9356186400740658,0.8076429388471661,False,False,False,False,0.21215466909600983,0.24746062250663292,False,False,False,False,17919370,11997686.365703115,False,False,False,False,1532486.4483196842,False,False,False,False
2025-05-08 00:00:00+00:00,95.1766159524,96.4273724824,94.680283996,95.2858089828,1212951,,,,,96.2322927779887,91.0506607035412,91.0568290182499,90.72643956761128,89.53284387501553,89.66084970490742,90.05951291608788,,,,,90.69974123043384,90.85381319103148,90.7452862032272,90.36304659116728,89.71942368383928,89.29666876524924,90.16210287038552,90.43514510860693,90.46767881942547,90.35763285588042,89.9868184212998,88.50046399250236,87.48923474056515,86.89753395938807,86.75918592464951,86.31187412048556,85.55615514571801,85.19977960891119,83.25267821819122,82.2778129272157,81.27359901600647,80.76180188553249,90.69974123043384,89.9868184212998,88.50046399250236,83.25267821819122,,90.05951291608788,91.18848979477171,88.26660381890868,"rgba(38, 166, 154, 1.0)",3.083336530010124,90.61354162726165,1.4799144630259877,58.832750355502284,8.746634947328673,True,False,True,False,False,5.604013495609404,0.0,0.0,0.0,0.0,0,0.9233895284415233,0.8272315822697769,False,False,False,False,0.2383928171086498,0.24292671980764136,False,False,False,False,16706419,12182342.547440248,False,False,False,False,1519955.6464247948,False,False,False,False
2025-05-09 00:00:00+00:00,95.0475696437,96.1692798651,94.9681565307,96.0005269999,887438,,,,,96.13624194904608,91.12187581816205,91.10231227207261,90.76469616065691,89.56755433656659,89.68837815286638,90.08391427503396,,,,,90.80895341835912,90.91716544723168,90.78654457451994,90.39793808017171,89.7548878536039,89.33072507210657,90.18559876626564,90.45557373453845,90.48640645736492,90.37524109418005,90.0045353902214,88.51922946484308,87.50903226452711,86.91800174933486,86.77981701107255,86.33292282017396,85.57693602086685,85.21974867042418,83.27316519732344,82.29822321223419,81.29432118717095,80.78279123008345,90.80895341835912,90.0045353902214,88.51922946484308,83.27316519732344,,90.08391427503396,91.20928185205779,88.29653231496818,"rgba(38, 166, 154, 1.0)",3.10258539740865,90.64352989221706,1.4194741440997225,57.763442124644726,12.697737831406187,True,False,True,False,False,5.430677493747776,0.0,0.0,0.0,0.0,0,0.9354290769560516,0.8109804716094063,False,False,False,False,0.23905831900919222,0.2409925194084168,False,False,False,False,15818981,12324955.82008965,False,False,False,False,1495151.0328395087,False,False,False,False
2025-05-12 00:00:00+00:00,94.0946122875,94.6405774395,93.0920217356,93.1912881269,2070724,,,,,95.67300263161279,91.22578666278059,91.17013331439107,90.82431665416975,89.62717419836824,89.73550396763487,90.12465523867438,,,,,90.97026469199014,91.01253822248546,90.85056040114661,90.45437291248662,89.81506532832387,89.39004587168151,90.22455043781179,90.48876555348164,90.51678695886345,90.40410076358671,90.03440821283125,88.55345439990631,87.54640538804513,86.9572609002996,86.81952323366355,86.37384766825363,85.61796199956154,85.25943249428735,83.3150047756712,82.34034700564386,81.3374812222087,80.82668832178193,90.97026469199014,90.03440821283125,88.55345439990631,83.3150047756712,,90.12465523867438,91.19722466680453,88.34723486100107,"rgba(38, 166, 154, 1.0)",3.1084825094969055,90.67529551498227,1.0999955000779893,55.5066570358153,10.397375471144208,True,False,True,False,False,4.1481267600777585,0.0,0.0,0.0,0.0,0,0.9217794297318888,0.8216676451765844,False,False,False,False,0.1641524695273967,0.20257249446790676,False,False,False,False,13748257,12380771.552635154,False,False,False,False,1517722.5217477633,False,False,False,False
2025-05-13 00:00:00+00:00,92.894481617,94.7025618758,92.894481617,94.4883815697,1700652,,,,,95.35143981818278,91.29249338242167,91.2148937724866,90.86487776096243,89.67000915900772,89.7694195610119,90.15364948688848,,,,,91.07276863109693,91.07524572724617,90.89392927447874,90.49364836396842,89.85801617551014,89.4329812793765,90.25218256823584,90.5121027326378,90.53815001641946,90.42451700984192,90.05584867568402,88.57894564703022,87.57466199589007,86.98714278036685,86.84978769143446,86.40517288858997,85.64957015004391,85.29009774859962,83.34769297428684,82.37339644634288,81.37146389623238,80.86130544834907,91.07276863109693,90.05584867568402,88.57894564703022,83.34769297428684,,90.15364948688848,91.1881118487088,88.38329293885405,"rgba(38, 166, 154, 0.5)",3.098449144859663,90.69667890955392,0.7093234727096407,52.2442041486022,7.2406783739449025,False,False,False,False,False,2.558801062071133,0.0,0.0,0.0,0.0,0,0.9124457071344635,0.8396187031596676,False,False,False,False,0.1612130028419978,0.18189274865495228,False,False,False,False,12047605,12367706.197629854,False,False,False,False,1524896.2267772628,False,False,False,False
2025-05-14 00:00:00+00:00,87.24,89.57,86.63,87.97,5621145,,,,,92.87761659325133,90.9846517394917,91.01156026034144,90.7191279189983,89.60448098950974,89.71281352973969,90.0889840403146,,,,,90.6874152310193,90.82409079598888,90.73565000404321,90.38397568120666,89.78210937937241,89.37888661664752,90.18596728301115,90.44463571629177,90.47508798608486,90.36876517276137,90.01087510378473,88.56611595938158,87.57835001574335,86.99943458326271,86.86400879078627,86.42534751922382,85.67788502438825,85.32076638886922,83.39458075229727,82.42614311306545,81.43042462963012,80.92352319901754,90.6874152310193,90.01087510378473,88.56611595938158,83.39458075229727,,90.0889840403146,90.71417643880669,88.32650455586149,"rgba(239, 83, 80, 1.0)",3.1305529248503228,90.45792586691297,-1.0279097476260788,44.75116377223993,0.3067085990850984,False,True,False,True,False,0.0,0.0,0.0,0.0,0.0,0,0.9003065108914537,0.8545159732794794,False,False,False,False,-0.08105911911959472,0.05041681476767878,False,False,False,False,6426460,12134716.150663977,False,False,False,False,1685533.4335703114,False,False,False,False
2025-05-15 00:00:00+00:00,87.67,88.225,86.7,88.14,2212485,,,,,92.26607293865283,90.86844382400771,90.93156716104842,90.66031128369373,89.57608111366548,89.68824967964342,90.06147089689573,,,,,90.54709466109081,90.72724637255321,90.67214031286619,90.33876656260138,89.74969944032578,89.35491838621716,90.15790244367219,90.41625229720289,90.44851744381705,90.34512137504143,89.99145838501884,88.55933772090638,87.57806780266026,87.0025331168522,86.8678649485892,86.43155116912678,85.68738424307227,85.33129300305082,83.41160762520572,82.44555387987332,81.45232558275605,80.94671906926429,90.54709466109081,89.99145838501884,88.55933772090638,83.41160762520572,,90.06147089689573,90.57888527108675,88.3032155594872,"rgba(239, 83, 80, 0.5)",3.1548934893877836,90.38150919891561,-0.8594614075043729,40.419822069150946,-3.4297651784487826,False,True,False,True,False,0.0,0.0,0.0,0.0,0.0,0,0.8994398867931548,0.8833803994871603,False,False,False,False,-0.10823149833374186,-0.028907341783031542,False,False,False,False,8638945,11997627.085932057,False,False,False,False,1706198.2008812795,False,False,False,False
2025-05-16 00:00:00+00:00,89.83,89.88,88.18,88.28,1725365,,,,,92.02287377739165,90.82824792897837,90.90277579582548,90.6409670191081,89.57312725361544,89.68484058911183,90.05510766089554,,,,,90.50518885267842,90.69516727439833,90.65120204489956,90.32604312841327,89.74466802427122,89.35433486800416,90.15085926179107,90.4078092487878,90.4404655451266,90.33835151304919,89.9872407043524,88.56308620817428,87.58613175088766,87.01290141001553,86.87875529883806,86.44402542526774,85.70174967947548,85.3459618097805,83.43043545137172,82.4658063714514,81.47422274665456,80.9695134821334,90.50518885267842,89.9872407043524,88.56308620817428,83.43043545137172,,90.05510766089554,90.52970571784661,88.30150919355172,#000000,3.1578059650662733,90.35611842976168,-0.16660885297638578,40.61426946798988,-3.4297651784487826,False,True,False,True,False,0.0,0.0,0.0,0.0,0.0,0,0.9281875349312033,0.8633531704244348,False,False,False,False,-0.041621685868686614,-0.03526451382585908,False,False,False,False,10364310,11933575.43550335,False,False,False,False,1706949.8400624057,False,False,False,False
2025-05-19 00:00:00+00:00,89.36,89.46,88.64,88.64,1350913,,,,,91.8499487468859,90.79536884771906,90.87898167681442,90.62462535430505,89.56968102868457,89.68124210190051,90.04927116717225,,,,,90.47062331467343,90.66856399126964,90.63355943084376,90.31493860392362,89.7395702550099,89.35277064569335,90.14451259867536,90.40044558574927,90.43345904554954,90.3323906184295,89.98329591360405,88.5654263907551,87.59186831519737,87.02044889564476,86.88671276879916,86.4532299065889,85.71247255969196,85.35695759517256,83.44473509558031,82.48124914339331,81.49096988257433,80.98696848146719,90.47062331467343,89.98329591360405,88.5654263907551,83.44473509558031,,90.04927116717225,90.49273127478311,88.29936153371226,#000000,3.162888668007117,90.3361290817676,-0.30861948814108536,40.314591522125454,-3.4297651784487826,False,True,False,True,False,0.0,0.0,0.0,0.0,0.0,0,0.9345056981590708,0.8630460779754404,False,False,False,False,-0.040775425659387375,-0.03801996974262323,False,False,False,False,9013397,11819058.634111064,False,False,False,False,1692987.6110403505,False,False,False,False
2025-05-20 00:00:00+00:00,88.07,89.41,87.47,88.88,1672539,,,,,91.60463493510038,90.73655610899719,90.83654912774624,90.59365754687043,89.55707377206161,89.66989899557537,90.03549792225292,,,,,90.40452904861867,90.61937305674813,90.60025848753027,90.29178327118794,89.72454366619097,89.34288313525552,90.13022687961599,90.38541114411736,90.41928845421135,90.31991477131507,89.97359175458668,88.5642112734578,87.5951381767258,87.02608314241125,86.89287968514147,86.46103506261444,85.72245066440719,85.3675026488932,83.45976021203111,82.49788482727048,81.50935026032921,81.00627275342694,90.40452904861867,89.97359175458668,88.5642112734578,83.45976021203111,,90.03549792225292,90.43340977265775,88.28993746811655,"rgba(239, 83, 80, 0.5)",3.180377112901268,90.30084439801459,-0.7014402125348999,38.9681136012532,-4.644769101436097,False,True,False,True,False,0.0,0.0,0.0,0.0,0.0,0,0.947680584245927,0.8611974515651607,False,False,False,False,-0.06661839379815308,-0.052319181770388155,False,False,False,False,7340858,11643442.922969453,False,False,False,False,1692185.7047250427,False,False,False,False
2025-05-21 00:00:00+00:00,87.54,89.32,87.455,89.32,2377959,,,,,91.29021468534123,90.65067873451227,90.77371481391918,90.54707012611787,89.53659458559393,89.65162025551997,90.01392279798448,,,,,90.30840134971955,90.54676274725907,90.55028854780406,90.25634001604465,89.7005866116992,89.32631252384559,90.10796995968495,90.36225615304876,90.39746912899247,90.30059423496621,89.95824979005796,88.56104409103403,87.59838767287603,87.03270985775202,86.90026663360153,86.47076721628817,85.7353594470458,85.38129972932045,83.48003950472055,82.52051977989541,81.534505796965,81.03275487343562,90.30840134971955,89.95824979005796,88.56104409103403,83.48003950472055,,90.01392279798448,90.35197371414128,88.27478124978282,"rgba(239, 83, 80, 0.5)",3.2019823558825977,90.25034584121339,-0.846458705880751,37.6149480392386,-6.096058579094311,False,True,False,True,False,0.0,0.0,0.0,0.0,0.0,0,0.9615074352474742,0.8453359814237275,False,False,False,False,-0.06884625088724117,-0.060582716328814665,False,False,False,False,4962899,11381460.8083432,False,False,False,False,1719078.7751279823,False,False,False,False
2025-05-22 00:00:00+00:00,86.14,87.08,85.72,86.96,2327703,,,,,90.88790421938728,90.51641546924272,90.67549196650931,90.4708859998737,89.49270230421804,89.61388307656497,89.97387738208295,,,,,90.15135068324072,90.43038287646212,90.46882949174852,90.19475963016069,89.65223975865752,89.28734305604875,90.0675833151617,90.32240885261604,90.36012197152671,90.26683695050025,89.92918943681352,88.54597101149267,87.59042044465046,87.02841066859743,86.89678608075589,86.46986017214034,85.73840858862857,85.38587535966634,83.4920956243891,82.53544813898249,81.55228049401087,81.05196781834763,90.15135068324072,89.92918943681352,88.54597101149267,83.4920956243891,,89.97387738208295,90.23302291683986,88.240716105612,"rgba(239, 83, 80, 1.0)",3.249729160097364,90.1707720453157,-1.2403409166550161,35.564796054716226,-8.218200433594191,False,True,False,True,False,0.0,0.0,0.0,0.0,0.0,0,0.9438395739389619,0.8634137610574797,False,False,False,False,-0.1538957591829544,-0.10723923775588454,False,False,False,False,2635196,11038470.031545429,False,False,False,False,1742946.39178963,False,False,False,False
2025-05-23 00:00:00+00:00,86.52,86.605,85.0,85.0,1195591,,,,,90.69470911004171,90.44638192487305,90.6236656225966,90.43032325780248,89.46873218876611,89.59326138709395,89.95214203767478,,,,,90.07001195718415,90.36927619667627,90.42553841273235,90.16170961168301,89.62596253597978,89.26592337373535,90.0456946262074,90.30087886626734,90.33993338974784,90.24854299303486,89.91333442887895,88.53737473411455,87.58550409906731,87.025391003503,86.8941893883053,86.46859676866683,85.73922811248036,85.38752483700318,83.49765581863775,82.54252217921537,81.56084089243554,81.06127527414596,90.07001195718415,89.91333442887895,88.53737473411455,83.49765581863775,,89.95214203767478,90.17274507554983,88.22223966665605,"rgba(239, 83, 80, 1.0)",3.2803066498799995,90.12944484193403,-1.1003376291256417,34.85173107773298,-9.094530836415707,False,True,False,True,False,0.0,0.0,0.0,0.0,0.0,0,0.9483505050639758,0.8578955744520879,False,False,False,False,-0.17984560781307918,-0.14354242278448187,False,False,False,False,3830787,10755815.795014236,False,False,False,False,1721481.4744645467,False,False,False,False
2025-05-27 00:00:00+00:00,86.7,87.64,86.65,87.52,1503248,,,,,90.51819841101737,90.37980778607532,90.57336867011125,90.39123621382697,89.4473302861829,89.57455035269096,89.93174358484673,,,,,89.99538887743775,90.31124947179495,90.38389319328506,90.13035482659754,89.60212096996887,89.24724880102413,90.02499294419663,90.28011525450191,90.32039669367119,90.23093590176231,89.89845428471993,88.53075376854243,87.58316324948483,87.02528090422787,86.89457916361738,86.47054855933521,85.74348616336395,85.39259768367852,83.50722394534185,82.55379261074708,81.57384200665325,81.07516317587859,89.99538887743775,89.89845428471993,88.53075376854243,83.50722394534185,,89.93174358484673,90.11660504353593,88.20632886336497,"rgba(239, 83, 80, 1.0)",3.3141693478438743,90.09076463767717,-1.0231114592509047,34.70236096648746,-9.512991597607652,False,True,False,True,False,0.0,0.0,0.0,0.0,0.0,0,0.9606888653184228,0.8616943416409362,False,False,False,False,-0.12182153687299645,-0.13268197982873917,False,False,False,False,5334035,10543196.940307796,False,False,False,False,1712923.2989953489,False,False,False,False
2025-05-28 00:00:00+00:00,85.38,85.715,84.94,85.06,1819842,,,,,90.23560330918535,90.26486582165458,90.48704436135652,90.32263963281102,89.40478043933356,89.53797245957091,89.89373657356391,,,,,89.86259675135506,90.20991886416768,90.31087803817474,90.07364426943325,89.55589639522495,89.20875597606378,89.98683918224572,90.24285515960499,90.28544651934,90.19911833210716,89.87050374777779,88.51426596859339,87.57244342121388,87.01752006237042,86.88747670994381,86.4655347225369,85.74185925296703,85.39241671977007,83.51328770443135,82.56231660385417,81.58472973195626,81.08722389329427,89.86259675135506,89.87050374777779,88.51426596859339,83.51328770443135,,89.89373657356391,90.02094894249656,88.17367872005882,"rgba(239, 83, 80, 1.0)",3.3651582948178786,90.02285369035609,-1.3796835939354708,33.38777151401601,-11.065585086944417,False,True,False,True,False,0.0,0.0,0.0,0.0,0.0,0,0.9416496540880155,0.8804885534176059,False,False,False,False,-0.2006458924902244,-0.16666393615948177,False,False,False,False,3514193,10267549.726962393,False,False,False,False,1717116.1892308253,False,False,False,False
2025-05-29 00:00:00+00:00,86.35,86.91,85.09,85.46,1990594,,,,,90.00336425595731,90.16380274076094,90.40951583269414,90.26101698434407,89.3678942529806,89.50591150584818,89.85980963443907,,,,,89.7491389485381,90.12055879622211,90.24543738402267,90.02300716408763,89.51552819276752,89.17574905537884,89.95263211347384,90.209058569803,90.25365909307455,90.17024434587526,89.84546760723465,88.50076936569538,87.56485641319904,87.01299169686676,86.88363150843088,86.46384309326089,85.74352562670688,85.39541616739383,83.52264975881069,82.5741500675956,81.59899651159401,81.10271530468434,89.7491389485381,89.84546760723465,88.50076936569538,83.52264975881069,,89.85980963443907,89.93875931528919,88.14611574842192,"rgba(239, 83, 80, 1.0)",3.3941962792702105,89.96361302237884,-1.064644683175426,34.33210701906955,-11.065585086944417,False,True,False,True,False,0.0,0.0,0.0,0.0,0.0,0,0.9331679617401692,0.8794400219861714,False,False,False,False,-0.1712431712890733,-0.16895355372427753,False,False,False,False,5504787,10080774.718061907,False,False,False,False,1727840.809260989,False,False,False,False
2025-05-30 00:00:00+00:00,85.94,87.32,85.05,87.31,2138234,,,,,89.78064724680489,90.06024981849109,90.32899471333742,90.19659765295006,89.32902445893791,89.47200246992598,89.82391143856591,,,,,89.63426115593613,90.02851235625968,90.1771606908076,89.96985773848749,89.47304245357569,89.14091900868297,89.91642983760721,90.17325041694704,90.21994135283387,90.13957984385404,89.81884910529166,88.48635985338404,87.5567200656026,87.00810630380222,86.87947255639607,86.46197509106594,85.74523579212308,85.39855147436285,83.53258015760431,82.58672622821153,81.61417677778586,81.11920576603387,89.63426115593613,89.81884910529166,88.48635985338404,83.53258015760431,,89.82391143856591,89.85591825700189,88.11737657414182,"rgba(239, 83, 80, 1.0)",3.4335690589649848,89.9028166818278,-1.1541392101845054,34.5344967146533,-11.065585086944417,False,True,False,True,False,0.0,0.0,0.0,0.0,0.0,0,0.9341768132994873,0.8774320457773706,False,False,False,False,-0.1632079205043749,-0.16608073711432622,False,False,False,False,3366553,9817471.905588891,False,False,False,False,1743934.6598782053,False,False,False,False
2025-06-02 00:00:00+00:00,85.17,85.64,84.725,85.6,1920809,,,,,89.55607090159633,89.95091255168597,90.24390543809263,90.12770955562699,89.2850989972041,89.43390516906112,89.78437037498895,,,,,89.51160552433392,89.93069427090963,90.10422083259473,89.91219527600862,89.42553722461273,89.10097226679572,89.87673506211425,90.13442108000758,90.18341415803334,90.10620192032208,89.78938500503735,88.46859499937823,87.5448850518491,86.9993209926369,86.87136634922561,86.45602783916502,85.74282558373467,85.3976787939541,83.53824942511955,82.59499581797849,81.6249345273981,81.131194853798,89.51160552433392,89.78938500503735,88.46859499937823,83.53824942511955,,89.78437037498895,89.76885328403658,88.08446637369059,"rgba(239, 83, 80, 1.0)",3.472674623655597,89.8378693991997,-1.3441712527291008,33.876159934279116,-11.406461777974286,False,True,False,True,False,0.0,0.0,0.0,0.0,0.0,0,0.9220090088087071,0.8966298257806299,False,False,False,False,-0.20702893119896237,-0.1865548341566443,False,False,False,False,1445744,9489168.850467758,False,False,False,False,1750870.9085104326,False,False,False,False
2025-06-03 00:00:00+00:00,85.43,85.56,84.13,84.9,1205815,,,,,89.4218435145059,89.88282416120177,90.19049120764538,90.08424022839596,89.25708309725036,89.40956629601463,89.7591547752559,,,,85.04,89.43564835218673,89.86954877862887,90.05825385975058,89.875663394273,89.39529444652581,89.07543411526854,89.85143042241812,90.10968056209295,90.16012657365899,90.08489517300114,89.770529715508,88.45707523222549,87.53708466643762,86.9934331662222,86.86590434084908,86.45192126682959,85.74095476055287,85.39679120319421,83.54148997269752,82.5998837125267,81.63139312274947,81.13842903611608,89.43564835218673,89.770529715508,88.45707523222549,83.54148997269752,,89.7591547752559,89.71502904003854,88.18555800011606,"rgba(239, 83, 80, 1.0)",3.521702089360287,89.56073118275982,-1.1729360059272247,33.991957238780905,-11.614107510972104,False,True,False,True,False,0.0,0.0,0.0,0.0,0.0,0,0.9273396794624383,0.8945179028124305,True,False,False,False,-0.22195160220945748,-0.2042532181830509,False,False,False,False,2651559,9221027.287704317,False,False,False,False,1729496.1670002197,False,False,False,False
2025-06-04 00:00:00+00:00,85.94,86.56,85.73,86.06,1033072,,,,,89.33877644950503,89.83814354309526,90.15463033607492,90.05511800245338,89.23920167717127,89.39382408331363,89.74246275401863,,,,85.51834093755812,89.38746599193453,89.82935248173706,90.02753004138245,89.8514148733741,89.37580277773114,89.0593640169828,89.83458642098853,90.09297002667138,90.14434792635092,90.07050470170074,89.75800834503833,88.45024271754507,87.53319870745938,86.99107897693679,86.86389281068558,86.45099121766614,85.74171861839373,85.39823357263776,83.54616814907058,82.60582836555919,81.6385840407019,81.14624674055105,89.38746599193453,89.75800834503833,88.45024271754507,83.54616814907058,,89.74246275401863,89.6803081208046,88.19626066559225,"rgba(239, 83, 80, 1.0)",3.559191616104206,89.55878847686782,-1.0167444934669876,35.17746434617357,-11.614107510972104,False,True,False,True,False,0.0,0.0,0.0,0.0,0.0,0,0.9336045333509496,0.894532891885301,False,False,False,False,-0.16494346817793445,-0.18459834318049267,False,False,False,False,3684631,9003913.707794344,False,False,False,False,1702185.4153531524,False,False,False,False
2025-06-05 00:00:00+00:00,86.93,87.61,86.64,87.05,1356325,,,,,89.26682960340551,89.79597604020206,90.11961366601996,90.02681279233578,89.22323352734335,89.37944073501272,89.72659346164981,,,,86.09994522900644,89.34444364875394,89.79134868187721,89.99776753093765,89.82821692227438,89.35808174094608,89.04539531941288,89.81842609852521,90.07656013137965,90.12877965633558,90.05638086342282,89.74605418623135,88.44502333252309,87.53155136755221,86.99131055946934,86.86454683609644,86.4529664843003,85.74564499232181,85.40284932308114,83.5546605719445,82.61580479726906,81.65007378492042,81.15851271101299,89.34444364875394,89.74605418623135,88.44502333252309,83.5546605719445,,89.72659346164981,89.6483571179956,88.21399767381959,"rgba(239, 83, 80, 0.5)",3.5776474591705085,89.56373842037993,-0.7361648822130088,37.995840754158,-11.614107510972104,False,True,False,True,True,0.0,0.0,0.0,0.0,0.0,0,0.9329759836623954,0.887018019290296,False,False,False,False,-0.12267905138487184,-0.15363869728268226,False,False,False,False,5040956,8848503.601606332,False,False,False,False,1688622.2618098916,False,False,False,False
2025-06-06 00:00:00+00:00,87.79,88.055,86.79,86.85,1390722,,,,,89.21283628567018,89.76148044333804,90.09008492693329,90.00299453861231,89.21071839878111,89.36792116349993,89.7134397662083,,,,86.50301303159382,89.31097245516195,89.76017887259701,89.97280066548547,89.80892551399745,89.343966535642,89.03472330964068,89.80492953441811,90.06259323815543,90.11547611924925,90.04435770965587,89.73609980086205,88.44157197124782,87.53159920267211,86.9932116516134,86.86686579640282,86.45658618594808,85.75112337880036,85.40893296683741,83.5645247776234,82.6270992347416,81.66285610925353,81.17206631124253,89.31097245516195,89.73609980086205,88.44157197124782,83.5645247776234,,89.7134397662083,89.62278221757758,88.22562263588023,#000000,3.5865085095445495,89.56429461138109,-0.4947136209657001,41.474907963456815,-12.758508373287718,False,True,False,True,True,0.0,0.0,0.0,0.0,0.0,0,0.9477759629222996,0.878232293194726,False,False,False,False,-0.10994133601784752,-0.13179001665026488,False,False,False,False,6431678,8753726.127033534,False,False,False,False,1676939.8986016605,False,False,False,False
2025-06-09 00:00:00+00:00,87.48,87.99,87.305,87.94,2160591,,,,,89.13752637049892,89.71102257216303,90.04634682006484,89.96757018479516,89.1921756853849,89.35075972484869,89.69374930081717,,,,86.8321429578245,89.26268369420126,89.71441861486181,89.93573177892443,89.78019775715045,89.32302592954147,89.01895143262887,89.78470304764615,90.04159431318041,90.09544799465954,90.02625003389747,89.72113786721867,88.43653859066202,87.53192930381402,86.99638699149783,86.87068306484642,86.46240139082208,85.7597883012736,85.41852111667146,83.57993173028383,82.64470922033709,81.68276150045236,81.19316246668488,89.26268369420126,89.72113786721867,88.43653859066202,83.57993173028383,,89.69374930081717,89.58559295122468,88.22962329558031,"rgba(239, 83, 80, 0.5)",3.5986006103711348,89.55194914671257,-0.575765240727529,43.26692634475843,-11.095309593293614,False,True,False,True,True,0.0,0.0,0.0,0.0,0.0,0,0.9437276571442736,0.9124972520146684,False,False,False,False,-0.10033153376347526,-0.11606077520687007,False,False,False,False,4271087,8577936.357345944,False,False,False,False,1695906.6084604189,False,False,False,False
2025-06-10 00:00:00+00:00,88.95,89.22,88.48,88.6,1286983,,,,,89.13068199980778,89.69971421454349,90.03434424243919,89.95816459126607,89.1900830336644,89.34808505760479,89.68929406014729,,,,87.14516182767599,89.25644163198717,89.70410175626584,89.9260624253037,89.77332907380361,89.31991815361452,89.01807423048241,89.77982290019467,90.03576052084955,90.08974530670392,90.02124589904037,89.71767036312974,88.4381091999978,87.53633864657562,87.00233193966764,86.87697728962135,86.46976681705316,85.76852305153511,85.42756342111525,83.59199002804729,82.65786298305866,81.69713302066249,81.2081863524591,89.25644163198717,89.71767036312974,88.4381091999978,83.59199002804729,,89.68929406014729,89.578623885639,88.24494672413326,#000000,3.601551149580287,89.56167719472269,-0.16983715330378435,47.04077373338621,-7.604234323013586,False,False,False,False,True,0.0,0.0,0.0,0.0,0.0,0,0.9292382966012646,0.8961939531397507,False,False,False,False,-0.04924085544806504,-0.08265081532746756,False,False,False,False,5558070,8459510.225685319,False,False,False,False,1679870.3885207947,False,False,False,False
2025-06-11 00:00:00+00:00,88.58,89.76,88.47,89.34,1870256,,,,88.93666666666667,89.12337625107574,89.6848591744957,90.01812510137492,89.94544751958583,89.18761206303726,89.34469214976292,89.68332898851929,,,,87.47034131297393,89.24897374620554,89.69050275365231,89.91302609913494,89.76411994754895,89.31602165442303,89.01731615596117,89.77324082748866,90.02777431708775,90.08191526779402,90.0143886579707,89.71300106769792,88.44064310699902,87.5429469858214,87.01114779688199,86.88629554599761,86.48062555075899,85.78134560514958,85.44082147749526,83.60959148270112,82.67704250106458,81.71807013081252,81.23006585250675,89.24897374620554,89.71300106769792,88.44064310699902,83.60959148270112,,89.68332898851929,89.4905134893148,88.2612019679872,#000000,3.6019913557353873,89.51627674108619,-0.259933089399388,48.8516532030089,-6.011603000923181,False,False,False,False,True,0.0,0.0,0.0,0.0,0.0,0,0.9423088969778783,0.8850759178748782,False,False,False,False,-0.03802547676799642,-0.06033814604773199,False,False,False,False,3687814,8272384.883501581,False,False,False,False,1687336.490931744,False,False,False,False
2025-06-12 00:00:00+00:00,89.12,89.45,88.75,89.44,2319756,,,,89.03078537563457,89.12263064234465,89.67122673334309,90.00172132403739,89.93269240222418,89.18664479814292,89.3422820596993,89.6777152785415,,,,87.77103997366292,89.24496766479275,89.67794662822291,89.90005983453226,89.7552650149522,89.31341446322271,89.01833638575845,89.76684849383301,90.01954695357887,90.07376974415666,90.00732564883728,89.70853790107032,88.44481542197349,87.5520467060559,87.02292704631385,86.89868549565061,86.49488509900418,85.79795560987532,85.45792039548724,83.63195446243952,82.70131113188363,81.74447927116826,81.25762723826685,89.24496766479275,89.70853790107032,88.44481542197349,83.63195446243952,,89.6777152785415,89.49571232674595,88.27791244717102,#000000,3.6051165929656435,89.52946178051747,-0.11357795787143433,50.98661981941005,-4.071021032676981,True,False,True,False,True,0.0,0.0,0.0,0.0,0.0,0,0.9589671996999115,0.8831934297602998,False,False,False,False,-0.038660027827150695,-0.049499086937441344,False,False,False,False,6007570,8183568.613560343,False,False,False,False,1712137.2559932442,False,False,False,False
2025-06-13 00:00:00+00:00,86.2,87.72,86.07,87.44,1653241,,,,88.3609583491707,89.04683323762876,89.6215193938831,89.95944446597763,89.89764054129674,89.16533717025902,89.3230889470816,89.6569461684591,,,,87.6427681595053,89.19419206874812,89.63243899762327,89.86338759668682,89.72586853613453,89.29010109051421,88.99932706938462,89.74578159464535,89.99831754286826,90.05358933228044,89.98888422837192,89.69264625479411,88.43689719065364,87.54837618855495,87.02149223217059,86.89775324578069,86.495534461411,85.80102528540962,85.46191416434647,83.6407179050849,82.71194040988081,81.75697740652043,81.27107428215312,89.19419206874812,89.69264625479411,88.43689719065364,83.6407179050849,,89.6569461684591,89.37897103421959,88.25655065724843,"rgba(239, 83, 80, 0.5)",3.6278539129980327,89.46098261219899,-0.8988737392416483,47.65165743501896,-4.071021032676981,False,False,False,False,False,0.0,0.0,0.0,0.0,0.0,0,0.9462620186892856,0.8706113255522434,False,False,False,False,-0.13255370667797078,-0.09102639680770606,False,False,False,False,4354329,8033402.354205036,False,False,False,False,1709827.59889547,False,False,False,False
2025-06-16 00:00:00+00:00,86.2,87.04,85.73,86.5,2097060,,,,87.82281559387731,88.94436477480959,89.5538022956302,89.9019591563133,89.84968391375119,89.13521845066828,89.29607346970438,89.62806396232537,,,,87.4737829240754,89.12431333922412,89.57026617154239,89.81323205536346,89.6853236051868,89.2573606305498,88.972205753612,89.7165646430717,89.96906606182448,90.02579950433723,89.96342087385743,89.67048965556543,88.42504782414846,87.54199175652299,87.0179764659048,86.89488152847322,86.49469652144998,85.8033648684045,85.46551924464006,83.65051907679656,82.72418828921634,81.7716473441949,81.28696584076363,89.12431333922412,89.67048965556543,88.42504782414846,83.65051907679656,,89.62806396232537,89.26649770213494,88.22679112522755,"rgba(239, 83, 80, 0.5)",3.6568770116357836,89.38632837821261,-0.8713250043887334,45.42834917875823,0.9847971074645798,False,False,False,True,False,0.0,0.0,0.0,0.0,0.0,0,0.9623040638555396,0.8737268664947987,False,False,False,False,-0.15454456801909283,-0.12278548241339945,False,False,False,False,4354329,7889124.967765623,False,False,False,False,1725013.1832525104,False,False,False,False
2025-06-17 00:00:00+00:00,84.88,86.18,84.745,85.99,1360951,,,,87.44904648174699,88.85674606018853,89.49745091248089,89.85490054346099,89.81013662534997,89.10880482471612,89.27266953180408,89.60368745869422,,,,87.30453863799323,89.0643490334587,89.51844326468685,89.77182352125934,89.65142776541708,89.22899447072061,88.94800292534792,89.69205609725758,89.94490856449036,90.00290876115928,89.94234924145192,89.65178243119877,88.41360404619604,87.53432765171196,87.01227705701241,86.88962130744464,86.49083589022625,85.80181404590357,85.46498513554482,83.65434601395484,82.72977562573782,81.77892249913059,81.2950765559075,89.0643490334587,89.65178243119877,88.41360404619604,83.65434601395484,,89.60368745869422,89.18168030480521,88.1991697931218,"rgba(239, 83, 80, 1.0)",3.7040778213921315,89.3260908288074,-1.2003232769921641,42.25480749883489,-1.921410326832465,False,True,False,True,False,0.0,0.0,0.0,0.0,0.0,0,0.9769117692638118,0.8473835978516047,False,False,False,False,-0.19471754221384507,-0.15875151231362228,False,False,False,False,2993378,7697134.890598344,False,False,False,False,1710736.234889667,False,False,False,False
2025-06-18 00:00:00+00:00,84.77,85.305,84.485,84.82,1269234,,,,87.13737077997651,88.7696899810712,89.44118891164732,89.80797282618009,89.77055060975083,89.08186741712528,89.24884981381543,89.57904533029196,,,,87.14082825431652,89.00414982531275,89.46661492261313,89.7303833005333,89.6173327521758,89.20016705090225,88.92320076155332,89.66731982475319,89.92062226993454,89.97990438959842,89.92113763643222,89.6328404146238,88.40160765786878,87.52592593208126,87.00573817489824,86.88349826054338,86.4860424508474,85.79925700300294,85.46344392537962,83.65698525730764,82.73411610460957,81.78487644452973,81.30182399622464,89.00414982531275,89.6328404146238,88.40160765786878,83.65698525730764,,89.57904533029196,89.10456695873233,88.17135000323393,"rgba(239, 83, 80, 1.0)",3.7352587158397728,89.26909906730604,-1.2044946306469018,40.004793959938695,-3.9600456828671895,False,True,False,True,False,0.0,0.0,0.0,0.0,0.0,0,1.0042443726040957,0.840662531713266,False,False,False,False,-0.2664667614147642,-0.21260913686419325,False,False,False,False,1724144,7462899.953712134,False,False,True,False,1693422.421756739,False,False,False,False
2025-06-20 00:00:00+00:00,85.4,86.25,85.05,85.85,1788792,,,,86.91003871217522,88.67444610243575,89.37614662429459,89.75262049698082,89.72376113741223,89.0507846899162,89.22108999831232,89.54992416437113,,,,87.00540407260247,88.93626078706819,89.40649268605945,89.68152222836956,89.57716856841057,89.16674049398388,88.89478965029618,89.63798679547216,89.89154849096079,89.9522929710442,89.89570744983597,89.61034365730214,88.38820866489351,87.51731067076553,86.99962153596151,86.87794126326796,86.48226509034023,85.79837661859135,85.46380919335995,83.66289132866108,82.74225227698489,81.79517022245872,81.3131914662613,88.93626078706819,89.61034365730214,88.38820866489351,83.66289132866108,,89.54992416437113,89.03235149073728,88.14233411086234,"rgba(239, 83, 80, 1.0)",3.7667344490371293,89.21243955914889,-1.012133881676591,39.92433502809665,-4.054652642212872,False,True,False,True,False,0.0,0.0,0.0,0.0,0.0,0,0.9914378256547707,0.8322841592248519,False,False,False,False,-0.2975557429395133,-0.2550824399018533,False,False,False,False,3512936,7307999.406507737,False,False,False,False,1697162.4052172592,False,False,False,False
2025-06-23 00:00:00+00:00,85.35,85.49,84.35,84.92,1449622,,,,86.71617660742088,88.58947492277261,89.31826178443303,89.70354452028887,89.682101211442,89.02241475460373,89.19584240808965,89.52368975218728,,,85.06333333333332,86.8788320328154,88.87525127554456,89.35290254622932,89.63801736017155,89.54118722716302,89.1363750094401,88.86868685039356,89.61162064677549,89.86556154695556,89.9276299442796,89.87294499554226,89.59004758508974,88.37552227175,87.50859707954419,86.9929748977053,86.87175675752232,86.47755631259643,85.7961288148604,85.46266403948115,83.66639247864407,82.7476426391837,81.80236337194798,81.3212743505099,88.87525127554456,89.59004758508974,88.37552227175,83.66639247864407,,89.52368975218728,88.96893824515476,88.18537952635964,"rgba(239, 83, 80, 0.5)",3.773217447324572,88.9206448923087,-0.9463130450752313,39.79472740395852,-4.350534992597311,False,True,False,True,False,0.0,0.0,0.0,0.0,0.0,0,0.9781958076441553,0.8781598355138962,False,False,False,False,-0.33855532203188804,-0.2968188809668707,False,False,False,False,2063314,7102325.46899763,False,False,False,False,1687454.938345994,False,False,False,False
2025-06-24 00:00:00+00:00,87.21,87.505,85.44,86.06,1310509,,,,86.71636354637303,88.55050039126392,89.2870934946819,89.67556548230368,89.65834229664033,89.00768954263015,89.18231596086667,89.50893817510058,,,85.8491266145218,86.86990172142357,88.84496569929418,89.32383848506984,89.6133623986344,89.52099022943851,89.12030600752838,88.85552394650537,89.59662351152674,89.85032193164612,89.91306030140393,89.859568442482,89.57850605055947,88.36982555574723,87.50606841013112,86.99212525192466,86.87128549484294,86.47827650077966,85.7986713031766,85.46590166625002,83.67327466594475,82.75596158118225,81.81212554576975,81.33177015317457,88.84496569929418,89.57850605055947,88.36982555574723,83.67327466594475,,89.50893817510058,88.94835111123254,88.21391247614433,#000000,3.780533041673814,88.9415796518002,-0.45802526593804194,43.537291468803666,-4.350534992597311,False,True,False,True,True,0.0,0.0,0.0,0.0,0.0,0,0.9752257931762002,0.8452844484400562,False,False,False,False,-0.25249088055182056,-0.27465488075934563,False,False,False,False,3373823,6956109.685899684,False,False,False,False,1672672.7446853667,False,False,False,False
2025-06-25 00:00:00+00:00,87.57,87.9,87.24,87.51,1079961,,,,86.77327275921185,88.53395417468474,89.27029601296798,89.65942735790733,89.64463686967446,89.00015745003147,89.17509429974231,89.50057243107874,,,86.33309318153488,86.90059559603714,88.83038184151359,89.30803787025931,89.59924124361771,89.50955437967673,89.11186219185356,88.849071790908,89.58800352216643,89.84125875494465,89.90432719316331,89.85159574885273,89.5718758367479,88.36756618583505,87.50623654581571,86.99359474531391,86.87304966824655,86.48096087156289,85.8026865603316,85.47036299052914,83.68050256251355,82.76425876068302,81.82153268229274,81.34175157669976,88.83038184151359,89.5718758367479,88.36756618583505,83.68050256251355,,89.50057243107874,88.94467641941236,88.23466783594554,#000000,3.776964662832298,88.96052522014432,-0.36815944661276995,46.66699420550412,-9.342220657149682,False,False,False,False,True,0.0,0.0,0.0,0.0,0.0,0,0.9778749038123034,0.8670235562404732,False,False,False,False,-0.19385470565093096,-0.2342547932051383,False,False,False,False,4453784,6857979.266844795,False,False,False,False,1649429.146854568,False,False,False,False
2025-06-26 00:00:00+00:00,87.11,87.75,86.94,87.73,1552035,,,,86.81641098379171,88.5039478516349,89.24251820432065,89.63335865126717,89.62241841521382,88.98720333029924,89.16288840804025,89.48680622319381,,,86.60180694217081,86.92229339024905,88.80509213330826,89.28194553324538,89.57630291090011,89.4908186228698,89.09753137302559,88.83773958539132,89.57390028973268,89.82663655967389,89.89027391515624,89.83872435473138,89.56099148094515,88.36311502094121,87.50533449353473,86.99458905156588,86.87447276943462,86.48372750295765,85.80744024455738,85.4758199360278,83.69003666000299,82.77538337138502,81.83428763223621,81.35534438485318,88.80509213330826,89.56099148094515,88.36311502094121,83.69003666000299,,89.48680622319381,88.9319440084702,88.24042780552095,#000000,3.788659509088191,88.96114531548353,-0.4886016574049555,47.839434014078115,-8.184378947870265,False,False,False,False,True,0.0,0.0,0.0,0.0,0.0,0,0.958605960839302,0.8853060085180937,False,False,False,False,-0.20575649593757322,-0.22000564457135577,False,False,False,False,2901749,6702832.981870489,False,False,False,False,1645609.7685465459,False,False,False,False
2025-06-27 00:00:00+00:00,87.81,88.51,87.17,87.62,1799615,,,,86.90970887197498,88.48593927631602,89.2201708118,89.6108614524427,89.60320762974612,88.97726239557235,89.15307642383742,89.47505164349899,,,86.90914202868605,86.98066570691056,88.78714309713234,89.26074093292004,89.55661498754769,89.47488635134104,89.08621852636715,88.82944047031826,89.5617010850117,89.81357392941452,89.87762401650582,89.82719313853187,89.55156620197941,88.36062734548214,87.50674580140445,86.99810135182916,86.87846178987881,86.48920185645753,85.81502676320827,85.4840833693146,83.7027595944476,82.7898232599956,81.85052856905315,81.37252220579875,88.78714309713234,89.55156620197941,88.36062734548214,83.7027595944476,,89.47505164349899,88.92940981314857,88.25243793751208,#000000,3.7924050651666117,88.97114496324079,-0.3061764087138129,49.94621665473309,-6.095970958392542,True,False,False,False,True,0.0,0.0,0.0,0.0,0.0,0,0.9448021203081247,0.8900611931591222,False,False,False,False,-0.17964351096622572,-0.19982457776879076,False,False,False,False,4701364,6624344.0021892935,False,False,False,False,1651649.189387858,False,False,False,False
2025-06-30 00:00:00+00:00,88.28,88.48,87.42,87.54,1038039,,,,86.96770308901586,88.47947392543026,89.20967916813466,89.59978145931434,89.59372590064878,88.97273968758087,89.14845466308937,89.46928440250946,,,87.05430208308904,87.01926982580243,88.77950363924268,89.25071049226318,89.54694536747927,89.46710034721002,89.08096250596358,88.82580270706782,89.55566606691745,89.80698137147395,89.87120948662667,89.82136087444329,89.54689623284663,88.35982035579634,87.5081295488129,87.00067030794337,86.88130010431021,86.49287752945993,85.81987348154554,85.48928822031516,83.7104698222325,82.79849327436841,81.86021538292327,81.38274062489776,88.77950363924268,89.54689623284663,88.35982035579634,83.7104698222325,,89.46928440250946,88.93010528696544,88.25893352743047,#000000,3.7916088990811625,88.9771258034288,-0.1838601559347911,52.20122700887492,-3.873799763382131,True,False,True,False,True,0.0,0.0,0.0,0.0,0.0,0,0.9430909793129748,0.9021436805753092,False,False,False,False,-0.17387459690947488,-0.18684958733913282,False,False,False,False,5739403,6589640.433475988,False,False,False,False,1627586.0447059812,False,False,False,False
2025-07-01 00:00:00+00:00,89.02,89.52,87.65,87.77,1021451,,,88.73,87.05100047267099,88.48316083384066,89.2054483070162,89.59370937226295,89.58853520985073,88.97156763371532,89.14672083507968,89.46633133782053,,,87.2393199610243,87.07743203131095,88.77899709561046,89.24646512210913,89.54178424924491,89.46313045967476,89.0792025634506,88.82535907258858,89.55241377645173,89.80301184904314,89.86726014713707,89.81782808869227,89.54438720037082,88.36079559296648,87.51112935769139,87.00477728854268,86.8856598146008,86.4980169156748,85.8260427079136,85.49571891848638,83.71919485503501,82.80807979598632,81.87074486830105,81.39377119839924,88.77899709561046,89.54438720037082,88.36079559296648,83.71919485503501,,89.46633133782053,88.91516377802856,88.27093661062924,#000000,3.7701965969895403,88.93413775643056,0.02277394331054174,54.97325590710614,-1.1868275012820817,True,False,True,False,True,0.016869295778228377,0.0,0.0,0.0,0.0,0,0.9515626681588766,0.889570632822043,False,False,False,False,-0.1407830108078561,-0.16381629907349446,False,False,False,False,6760854,6596354.690986734,False,False,False,False,1603816.0429528055,False,False,False,False
2025-07-02 00:00:00+00:00,89.3,89.51,88.55,88.55,1221323,,,88.94237805057487,87.16167557184568,88.49417309851565,89.20455656700831,89.58978795802261,89.58519252875452,88.9724196508216,89.14658910820978,89.46468508358824,,,87.4586473159288,87.15722115888687,88.78311873123423,89.24524419472041,89.538622074128,89.46093494621005,89.0794457208244,88.82698146386845,89.55038676224574,89.80001502272498,89.86418085717136,89.81513759057776,89.54283437480106,88.36317957815184,87.51583836697696,87.01076667691267,86.89194228784658,86.50519937331765,85.83437089304581,85.50429765614429,83.7303962943311,82.82025376193091,81.88400583640367,81.40761560628945,88.78311873123423,89.54283437480106,88.36317957815184,83.7303962943311,,89.46468508358824,88.95127306859348,88.2874182522859,#000000,3.766911723985838,88.96490606867071,0.08895720311032765,57.28589380705924,1.0451368932612795,True,False,True,False,True,0.4258149481837492,0.0,0.0,0.0,0.0,0,0.9688278331457398,0.8906908891143945,False,False,False,False,-0.11777823386497505,-0.14079726646923474,False,False,False,False,7982177,6650700.663889215,False,False,False,False,1588816.3157781858,False,False,False,False
2025-07-03 00:00:00+00:00,87.78,88.92,87.24,88.85,1667063,,,88.53204257108418,87.21735962013763,88.48231688186078,89.18735799737475,89.57180168501294,89.56971175814664,88.96470445271899,89.13879168346455,89.45511419560894,,,87.53024164200774,87.19887082598699,88.77008387657976,89.2287880058146,89.52283374522175,89.44811288751463,89.07057352749473,88.82066308037085,89.54040251359022,89.78917983224274,89.85364216078825,89.80553043551919,89.53506777023124,88.36154422634681,87.51768536969178,87.01449832672407,86.89610226682518,86.51069322771319,85.84175014492904,85.51227063332493,83.74239287525162,82.83380186719533,81.8991890891416,81.42365139536139,88.77008387657976,89.53506777023124,88.36154422634681,83.74239287525162,,89.45511419560894,88.90213342726771,88.28842672494588,#000000,3.773192652486173,88.94320379062299,-0.30828104943344115,55.234617038971045,1.0451368932612795,True,False,True,False,True,0.0,0.0,0.0,0.0,0.0,0,0.9397492619510699,0.9113375670210023,False,False,False,False,-0.16707150008290186,-0.1539343832760683,False,False,False,False,6315114,6637540.402560227,False,False,False,False,1591884.813198649,False,False,False,False
2025-07-07 00:00:00+00:00,86.8,87.83,86.67,87.44,2478987,,,87.97638241873622,87.20657549585195,88.43648954922864,89.14465525106459,89.5314044216414,89.53479371839478,88.94339402633334,89.11872696385137,89.43275229310638,,,87.45728232493228,87.19194934105454,88.73072617604163,89.18839649452167,89.48687967147448,89.41826544138175,89.04720713898783,88.80178494954755,89.51754622106792,89.76558179790591,89.83092799497355,89.78463107400516,89.51720478982601,88.35358838641962,87.515228356234,87.01498505888075,86.89725495461042,86.51393967525549,85.84815237664678,85.51983802021131,83.75642882694099,82.85039471955638,81.91838054978584,81.44417179551566,88.73072617604163,89.51720478982601,88.35358838641962,83.75642882694099,,89.43275229310638,88.81390823757874,88.27006851219895,"rgba(239, 83, 80, 0.5)",3.787589594804267,88.88661403274403,-0.5509081648144798,51.99384601653452,1.0451368932612795,True,False,True,False,False,0.0,0.0,0.0,0.0,0.0,0,0.92062890956045,0.942284967499311,False,False,False,False,-0.21079881867860448,-0.18236660097733637,False,False,False,False,3836127,6527681.053440218,False,False,False,False,1626673.1342496825,False,False,False,False
2025-07-08 00:00:00+00:00,87.05,87.08,86.08,86.45,2518780,,,87.62583122202858,87.1664490422508,88.38109736007583,89.09562157070103,89.48575420138778,89.49516659479163,88.918064158267,89.09514348653715,89.40699046414923,,,87.35136929866098,87.16171598060399,88.68409578263751,89.14202475216165,89.44602822465406,89.3840734131762,89.01970114108812,88.77901775394005,89.49133246667333,89.73881452982238,89.80520997475838,89.76089487679343,89.49663344374946,88.343293664885,87.51060263677137,87.01338451133884,86.89633780181681,86.51517941827716,85.85272226338925,85.52570232860573,83.76903369087941,82.86569207420565,81.93637838504469,81.46354051522597,88.68409578263751,89.49663344374946,88.343293664885,83.76903369087941,,89.40699046414923,88.74112423335434,88.24590671319018,#000000,3.799054998438882,88.83215015078909,-0.46910354062297566,50.37672803020378,6.85175823857422,False,False,False,False,False,0.0,0.0,0.0,0.0,0.0,0,0.914069955834882,0.9439826987113649,False,False,False,False,-0.24667804821412564,-0.214522324595731,False,False,False,False,6354907,6520905.600364132,False,False,False,False,1661657.7172202833,False,False,False,False
2025-07-09 00:00:00+00:00,86.98,87.27,86.01,86.85,2030585,,,87.46385915102887,87.1398413839325,88.33942911540292,89.05779127021816,89.4502402730821,89.46421615655784,88.89821606742713,89.0766002670388,89.38670494631337,,,87.28801554442123,87.14096423534704,88.64837018021787,89.10614911153216,89.41416502005309,89.35730648679252,88.9981571075734,88.76117242937339,89.4706823076436,89.71769524990059,89.78489678414898,89.74213073676623,89.48036838954552,88.33517435010711,87.50699276035567,87.0121844384274,86.89568239136868,86.51624332367805,85.85644114368603,85.53045351524445,83.7791747263098,82.87798978551807,81.9508402855421,81.47910126936047,88.64837018021787,89.48036838954552,88.33517435010711,83.7791747263098,,89.38670494631337,88.6974331812224,88.22816227530915,#000000,3.8091190876673413,88.7966578469813,-0.47692335292509846,49.15516730689217,5.585615395269684,False,False,False,False,False,0.0,0.0,0.0,0.0,0.0,0,0.8966467238256357,0.9468974252595,False,False,False,False,-0.24344079130824042,-0.22898155795198571,False,False,False,False,4324322,6434765.067016519,False,False,False,False,1676125.45379988,False,False,False,False
2025-07-10 00:00:00+00:00,88.7,89.46,87.56,87.77,1624229,,,87.6073060687839,87.21007410245333,88.3441223818404,89.05161243034128,89.44121752185865,89.45624413109998,88.89585072477695,89.07343277225397,89.3817617376785,,,87.3884210102869,87.19690978291202,88.6472757937827,89.09982416994363,89.40628102898444,89.35097759570888,88.9949512679935,88.75985806681814,89.4653012774648,89.7112564670361,89.77848059183945,89.73632686872618,89.47608707066908,88.33614319844501,87.51104328409102,87.01792585523924,86.90181015833609,86.52356778288807,85.86538534003863,85.53984431880238,83.79217042105937,82.89236408326164,81.96670596527865,81.49575466386285,88.6472757937827,89.47608707066908,88.33614319844501,83.79217042105937,,89.3817617376785,88.71795798567632,88.23538354650029,#000000,3.8102679964704858,88.811484656628,-0.029259006645008634,51.85675038622827,5.585615395269684,True,False,False,False,False,0.0,0.0,0.0,0.0,0.0,0,0.9088602539543651,0.9286850537298402,False,False,False,False,-0.14467418329108175,-0.18682787062153372,False,False,False,False,5948551,6415697.848702146,False,False,False,False,1674090.2987489044,False,False,False,False
2025-07-11 00:00:00+00:00,87.48,88.26,87.38,87.9,1016453,,,87.6147437547152,87.22484710229256,88.33621727316525,89.04096259075232,89.43012002445334,89.44650105614174,88.89045708060588,89.06807055334856,89.37541499610437,,,87.40325373594845,87.20907237159768,88.63876834279812,89.0895509796253,89.3963661693151,89.34271223392169,88.9888959256986,88.75526630940846,89.45872631940047,89.70422283854757,89.77163698480618,89.73003913460323,89.47087580023688,88.33454472957666,87.51150720601656,87.0195073662546,86.90364571398202,86.52619815214157,85.86917094504774,85.5440211155674,83.79879970949646,82.89995605753565,81.97529878103346,81.50486543765184,88.63876834279812,89.47087580023688,88.33454472957666,83.79879970949646,,89.37541499610437,88.71414827017547,88.2333991187247,#000000,3.8096217647501103,88.80770528919439,-0.3485136769952998,51.104411351161474,5.585615395269684,True,False,False,False,False,0.0,0.0,0.0,0.0,0.0,0,0.8922230888322494,0.9563538793751234,False,False,False,False,-0.18069366571027873,-0.18376076816590622,False,False,False,False,4932098,6357517.462478532,False,False,False,False,1648300.6007587514,False,False,False,False
2025-07-14 00:00:00+00:00,87.32,87.84,87.21,87.28,1027856,,,87.60362007975276,87.23161714711891,88.32532417600471,89.028377512551,89.41743447867088,89.43535847011329,88.88391107253968,89.0617028891783,89.36809158236323,,,87.40565781634973,87.21490540689173,88.62805472784528,89.07746507699818,89.38499091238745,89.33317388648365,88.98164762376322,88.74956622362964,89.45118581228584,89.69627642370939,89.76393014235738,89.72293963034025,89.46489484420657,88.33229624436507,87.51137600699816,87.02052009663426,86.90491814791999,86.52828536639733,85.87246454397906,85.547742065155,83.80505317575353,82.90721086295792,81.98358399183566,81.51368099032027,88.62805472784528,89.46489484420657,88.33229624436507,83.80505317575353,,89.36809158236323,88.70615971203252,88.22961454993485,#000000,3.8054187975911495,88.80051575649198,-0.38905461796456065,50.28981356795427,5.585615395269684,False,False,False,False,False,0.0,0.0,0.0,0.0,0.0,0,0.8930557012527023,0.9719518999251808,False,False,False,False,-0.19623062471329378,-0.18999569643960001,False,False,False,False,3904242,6261310.581597022,False,False,False,False,1623969.4399446826,False,False,False,False
2025-07-15 00:00:00+00:00,85.95,87.34,85.675,87.34,967074,,,87.52401563283534,87.20728308839334,88.30224554097188,89.00829791026422,89.39882391987429,89.41903960341548,88.87295191139289,89.05155331573772,89.35719082478724,,,87.36161824041159,87.19553549477185,88.60855388511575,89.05840675501283,89.3681813091797,89.31891220571573,88.96986098952001,88.73958061856669,89.44013504794539,89.68508798766601,89.75318172812882,89.71297520715066,89.45613779571377,88.32746265192657,87.50870410382053,87.01900017190778,86.90365824295137,86.5278502085915,85.87333968986118,85.54915607088193,83.80909464108316,82.91231794902981,81.98974458713076,81.52037192707436,88.60855388511575,89.45613779571377,88.32746265192657,83.80909464108316,,89.35719082478724,88.6823779719636,88.218866920242,"rgba(239, 83, 80, 0.5)",3.823891948735643,88.78040237619757,-0.7401889002468889,47.29192081739852,3.40347643429876,False,False,False,True,False,0.0,0.0,0.0,0.0,0.0,0,0.8693511402304628,0.9756376156357057,False,False,False,False,-0.2505965133053172,-0.2202961048724586,False,False,False,False,2937168,6130952.048985374,False,False,False,False,1598208.834456656,False,False,False,False
2025-07-16 00:00:00+00:00,86.92,87.63,85.52,87.61,2354502,,,87.41448538473868,87.17566244711628,88.25826649034458,88.96716893861237,89.35974875829821,89.38465555676832,88.85045405447197,89.03044617044917,89.33415559406748,,86.69,87.30116555242857,87.17018380204942,88.56985620021645,89.01918912679723,89.33287274139602,89.288946569026,88.94552781211841,88.71926075061512,89.41669328072297,89.66110500557443,89.73007048556067,89.69156612989896,89.4375015193048,88.31793437847439,87.504251869981,87.01726725440349,86.90254044609901,86.52867741081694,85.8771950446733,85.55420838716053,83.8203147213351,82.92602480315712,82.00593980070514,81.53782827726205,88.56985620021645,89.4375015193048,88.31793437847439,83.8203147213351,,89.33415559406748,88.64167148831856,88.25609026900786,#000000,3.7523218798731683,88.59449221179058,-0.44625494970788004,47.35662417259624,3.270937900959069,False,False,False,False,False,0.0,0.0,0.0,0.0,0.0,1,0.8600149609727742,1.0053132802051952,False,False,False,False,-0.24240177364909585,-0.2313489392607772,False,False,False,False,5291670,6098039.027456536,False,False,False,False,1627867.3899681596,False,False,False,False
2025-07-17 00:00:00+00:00,86.96,87.0,86.06,86.33,1188704,,,87.36840022045989,87.16062392765157,88.23673569418013,88.94680588136669,89.34032575211857,89.36751798967389,88.83918466767756,89.01985774260704,89.32260406487572,,86.68440852907413,87.27387508342844,87.15791514357852,88.55073815118828,88.99974065637755,89.3152878325645,89.27398064464926,88.93334979116148,88.70907126162605,89.40493811238974,89.64907506467443,89.7184711757108,89.68081285611363,89.42813130019013,88.31311707456278,87.50197680726264,87.01635507958774,86.90193663597493,86.52904902225282,85.87908805161898,85.55670497934193,83.82591349792827,82.93287671349064,82.01404492120886,81.54656829313066,88.55073815118828,89.42813130019013,88.31311707456278,83.82591349792827,,89.32260406487572,88.62245066006788,88.24606591369934,#000000,3.6990419301704183,88.57772181056617,-0.43733535361456444,47.4830854282357,3.10667756840742,False,False,False,False,False,0.0,0.0,0.0,0.0,0.0,1,0.8735472490473404,1.0052016712020557,False,False,False,False,-0.2302813368409227,-0.23081513805084997,False,False,False,False,6480374,6113032.555791574,False,False,False,False,1610645.2962439181,False,False,False,False
2025-07-18 00:00:00+00:00,87.35,88.42,86.97,88.42,1742042,,,87.38607196106273,87.17825007648115,88.2239164171274,88.92925257848657,89.3218694884838,89.35111213012748,88.8297046302871,89.01044088679187,89.31158732965987,,86.9795995886412,87.29220797828582,87.17265583222344,88.53660615358359,88.98269815791708,89.29863446357206,89.25989434619274,88.92280280553386,88.70089019088519,89.39354977210765,89.63693776325835,89.7066447393868,89.66990100125055,89.41899541095879,88.30998349000039,87.50228862757508,87.01853735135505,86.90454431455083,86.53299076485203,85.88499440909887,85.56329816976745,83.83667890638552,82.94529607053464,82.02817373886597,81.56157884062846,88.53660615358359,89.41899541095879,88.30998349000039,83.83667890638552,,89.31158732965987,88.61580061094533,88.25626785806148,#000000,3.6562994517867993,88.58593412753547,-0.3380286937196796,48.413605068333865,3.10667756840742,False,False,False,False,False,0.0,0.0,0.0,0.0,0.0,1,0.8971668367787139,0.9722438470390001,False,False,False,False,-0.15584396327377117,-0.19332955066231056,False,False,False,False,8222416,6195753.475172296,False,False,False,False,1615798.1081559213,False,False,False,False
2025-07-21 00:00:00+00:00,87.16,87.8,87.1,87.74,1131621,,,87.38438725938471,87.18290317876757,88.21301574366767,88.91621429899612,89.30855303171417,89.33927199184504,88.82251941466562,89.00343056028157,89.30357819294063,,87.04550789281605,87.29449684999737,87.17666378032499,88.52552101854289,88.97009116253516,89.28658241777629,89.24965099861153,88.91489746657385,88.69457714562753,89.38531267928181,89.62826899514371,89.69822080684511,89.66211103259768,89.41238349527693,88.30733462743916,87.50190292459902,87.01937726560989,86.90566268267094,86.5349845878453,85.88829907875702,85.5670793032132,83.84321758589853,82.95293529476221,82.03694022573029,81.57092392756424,88.52552101854289,89.41238349527693,88.30733462743916,83.84321758589853,,89.30357819294063,88.60820818580702,88.2550923454436,#000000,3.6461128504782723,88.58227220397472,-0.390079040967743,48.60879662384177,3.10667756840742,False,False,False,False,False,0.0,0.0,0.0,0.0,0.0,1,0.9070627589027125,0.9733064110841105,False,False,False,False,-0.1713301032661539,-0.18232982696423222,False,False,False,False,7090795,6230853.1428125985,False,False,False,False,1596810.7705811793,False,False,False,False
2025-07-22 00:00:00+00:00,88.66,88.71,87.06,87.17,1654809,,,87.43750146331709,87.21883275109614,88.21176279549101,88.9069753405519,89.29713937067206,89.32899614906405,88.8177198706361,88.99814241288807,89.29668018805904,,87.27057775058253,87.33856432590667,87.20703614522867,88.5203560169996,88.96084136637472,89.27631775353812,89.24102679197213,88.90925590454631,88.69082640263898,89.37802310035782,89.6200713926935,89.69012399776572,89.65467910567074,89.40647107066442,88.30667325590379,87.50432257205742,87.02348555081177,86.91015649356271,86.54068068820533,85.8956964050581,85.57501265234968,83.85487784338665,82.96605585315768,82.05160516772902,81.58639502691689,88.5203560169996,89.40647107066442,88.30667325590379,83.85487784338665,,89.29668018805904,88.61263892686394,88.26725930452696,#000000,3.630225219100863,88.59633236463071,0.017538205352739554,51.808177270823805,3.10667756840742,True,False,False,False,True,0.057651745805532784,0.0,0.0,0.0,0.0,1,0.9031396732297109,0.9734416336983447,False,False,False,False,-0.14388551888694087,-0.16310767292558653,False,False,False,False,8745604,6329470.823486614,False,False,False,False,1599085.2109505448,False,False,False,False
2025-07-23 00:00:00+00:00,92.22,92.35,89.885,89.9,2071556,,,87.76353515571812,87.40968456578922,88.28381860988999,88.94498513008614,89.32364222319163,89.35193969211525,88.84110843933078,89.01713682625625,89.31284658150908,,88.13129058608592,87.59159464543006,87.36893063157149,88.5696767236424,88.99570550410299,89.3008666424831,89.26271322929634,88.93261853409696,88.71442532882472,89.3933911004202,89.63287107626847,89.70174855240214,89.66582284683476,89.41852326570447,88.3226378774539,87.52303207750616,87.04380723399984,86.93085625015578,86.56250454661635,85.91855493851288,85.59770776178603,83.88069072979977,82.992928725482,82.07988056459328,81.6154781795088,88.5696767236424,89.41852326570447,88.3226378774539,83.88069072979977,,89.31284658150908,88.69429969154294,88.34907857957045,"rgba(38, 166, 154, 0.5)",3.6498349585619883,88.70713906130545,0.9624711743345756,58.40382183261916,3.1437873857889898,True,False,True,False,True,5.2679756214084605,0.0,0.0,0.0,0.0,0,0.9223688557704894,0.939928102693068,False,False,False,False,0.12961834931335137,-0.016744661806117583,False,False,False,False,10817160,6505458.634330276,False,False,False,False,1617613.4771877783,False,False,False,True
2025-07-24 00:00:00+00:00,91.9,92.55,91.37,91.43,1832107,,91.94000000000001,88.04128356895228,87.58210522916586,88.35364175035495,88.9835360846728,89.35137518368593,89.37607046287735,88.86495581167208,89.03674846074871,89.32990008601848,,88.71398490587171,87.81426048388879,87.51696728379537,88.61854635850844,89.03123791212624,89.32655674467516,89.28540264734903,88.9565512369977,88.73834020823028,89.40971340397412,89.64679093502123,89.71449603420278,89.678002922164,89.43138790888615,88.33863644894701,87.54131653958014,87.06345187259231,86.95082138301011,86.58341517901398,85.94025582885283,85.61917487571833,83.9047321209945,83.01782036122384,82.10594973895407,81.64223685074037,88.61854635850844,89.43138790888615,88.33863644894701,83.9047321209945,91.94000000000001,89.32990008601848,89.08596166381486,88.41500681188438,"rgba(38, 166, 154, 0.5)",3.601323304269596,88.91355889117827,0.8292621507436231,62.06821314611392,6.410192424356367,True,False,True,False,True,4.759356167687702,-1.0,92.55,91.37,0.0,0,0.9605295455941238,0.9228238457181326,False,False,False,True,0.19698408842640638,0.0901197133101444,False,False,False,False,8985053,6602697.629062423,False,False,False,False,1626024.9878862968,False,False,False,False
2025-07-25 00:00:00+00:00,91.86,91.86,90.71,91.52,954804,,91.78126062152684,88.15635947890628,87.65785007163035,88.38441756181872,89.00014881487654,89.36305103375025,89.3862282143497,88.87538821556049,89.04525059549849,89.33713793843283,,88.91799032080976,87.90945583591339,87.5826889106373,88.63998226974373,89.04652197870662,89.33740927312869,89.29503811216775,88.9669597725512,88.74888006919547,89.41659461701026,89.65252661009417,89.7197108594572,89.6830093567902,89.43681173126913,88.34585267088929,87.54978820505671,87.07266054122637,86.9602028475346,86.59331138742604,85.95063478330592,85.62948911231108,83.91648535492372,83.03006702642352,82.11884361010478,81.65550226978775,88.63998226974373,89.43681173126913,88.34585267088929,83.91648535492372,91.78126062152684,89.33713793843283,89.09870925463505,88.4413015076457,"rgba(38, 166, 154, 0.5)",3.5273943134718793,88.94243068531073,0.8271174287338526,64.41389739361017,8.44119086924384,True,False,True,False,True,4.694944378010973,0.0,0.0,0.0,0.0,0,0.9538923670771843,0.9311922976827521,False,False,False,False,0.27404619575788763,0.18208295453401602,False,False,False,False,8030249,6658680.0357658565,False,False,False,False,1599702.5962044813,False,False,False,False
2025-07-28 00:00:00+00:00,90.15,91.06,89.935,90.91,969676,,91.41998783115277,88.22957162000651,87.7106083117955,88.40420793164984,89.00943496820561,89.36870269888702,89.39109289402478,88.88147403053605,89.0499633261851,89.34070222986793,,89.02009896122644,87.97303745769754,87.62908682209407,88.65314808972408,89.054943231875,89.34273488752115,89.29986910482793,88.97286899364231,88.75523772730399,89.4198465427774,89.65484030468265,89.72169434910128,89.68497873565572,89.43934956077938,88.35059607576179,87.55596586520254,87.07965787230054,86.96739041627585,86.60107642072637,85.95905486941726,85.63797221112144,83.9266609444031,83.04086054100215,82.13037402445912,81.66743976112578,88.65314808972408,89.43934956077938,88.35059607576179,83.9266609444031,91.41998783115277,89.34070222986793,89.08057458423112,88.45677381442965,#000000,3.433320387301707,88.94633088305005,0.35058455989186993,62.1756432203569,8.44119086924384,True,False,True,False,True,1.9829528089029367,0.0,0.0,0.0,0.0,0,0.9694163113006393,0.9031183368869937,False,False,False,False,0.19683933848934285,0.18946114651167945,False,False,False,False,7060573,6674440.544167195,False,False,False,False,1574995.6708631292,False,False,False,False
2025-07-29 00:00:00+00:00,91.44,91.61,90.28,90.35,1192135,,91.34531252243845,88.341548620502,87.7896746937999,88.43677331942199,89.02665127967987,89.38050007496673,89.40135861718319,88.89248886772316,89.05885586774495,89.34809376087824,,89.18518320708948,88.06918429182458,87.69860992676469,88.67577049433213,89.07075630617216,89.35374643030958,89.30970914185116,88.98378764999903,88.76645635101164,89.42681939395088,89.66049505672231,89.72678986189294,89.68990006878671,89.44484813317834,88.35847784844125,87.56547205757131,87.09010863437045,86.97806184735093,86.61241010905012,85.97106047183945,85.6499549717326,83.94053375589456,83.05539918319487,82.14575305874709,81.68329411064227,88.67577049433213,89.44484813317834,88.35847784844125,83.94053375589456,91.34531252243845,89.34809376087824,89.10212576243384,88.48188236412545,"rgba(38, 166, 154, 0.5)",3.4418801818507876,88.97806404088219,0.7152881068027078,62.38208475592939,8.44119086924384,True,False,True,False,True,3.8468385614947707,0.0,0.0,0.0,0.0,0,0.9713237745915301,0.8760253417805938,False,False,False,False,0.2403716890029731,0.21491641775732628,False,False,False,False,8252708,6736333.385572404,False,False,False,False,1559981.5269077122,False,False,False,False
2025-07-30 00:00:00+00:00,89.18,90.907,89.0,90.81,1297577,,91.0026227919925,88.39652012103409,87.83673574354971,88.45305151194795,89.0325667685447,89.38280719138679,89.40325940219769,88.89678670148125,89.06183392690014,89.34966707975602,,89.2255987330247,88.12169293964898,87.74110063922467,88.68589077331336,89.0759466450736,89.35604969343075,89.3119793823063,88.98772445190968,88.77125001921061,89.42802124811274,89.66064319585281,89.7266660212617,89.68992166409194,89.44574345393652,88.36262224162476,87.57165577226945,87.09744178294717,86.98566032631255,86.62082268842643,85.98048554489074,85.6595750212653,83.95260603370305,83.06839606086616,82.1598009671871,81.69791031255566,88.68589077331336,89.44574345393652,88.36262224162476,83.95260603370305,91.0026227919925,89.34966707975602,89.08158512387908,88.49234586084347,#000000,3.4239635947273075,88.97605528820232,0.05956392530333891,58.575904824057034,8.44119086924384,True,False,True,False,False,0.4057781159014233,0.0,0.0,0.0,0.0,0,0.9344059570507276,0.907452961904129,False,False,False,False,0.14487872166889476,0.17989756971311052,False,False,False,False,6955131,6744913.684177408,False,False,False,False,1549691.1533034882,False,False,False,False
2025-07-31 00:00:00+00:00,87.55,88.83,87.21,88.83,1448923,,90.41153020229088,88.37339846840237,87.83744939006563,88.44465791525809,89.0211353271192,89.37048751822493,89.39223329787954,88.8906483223375,89.0556078949341,89.342192105381,,89.11494915271814,88.11270338981326,87.74393728897331,88.67687652935402,89.06480361782702,89.3449053704794,89.3025265140353,88.98082374876367,88.76604984966094,89.42024941424671,89.65222973070506,89.71842357378922,89.6823152454072,89.43946109687327,88.3609002466675,87.57259818224216,87.0998412040036,86.98839201657293,86.62459676439026,85.98579080052522,85.66541090867787,83.96174479843425,83.07885289953582,82.17162659940804,81.71044359132114,88.67687652935402,89.43946109687327,88.3609002466675,83.96174479843425,90.41153020229088,89.342192105381,89.01393404418931,88.4826186868524,#000000,3.4302907270685594,88.93335826588824,-0.4032772659681913,53.829323823462595,10.527565137455568,True,False,True,False,False,0.0,0.0,0.0,0.0,0.0,0,0.9102059617029673,0.9304731196946768,False,False,False,False,-0.03549628227485893,0.0722006437191258,False,False,False,False,5506208,6696336.990680254,False,False,False,False,1545739.4610170769,False,False,False,False
2025-08-01 00:00:00+00:00,87.87,87.92,86.2,87.17,945212,,90.07442915787948,88.34469342167394,87.82872004599987,88.43440339762121,89.01041764375228,89.35975175807955,89.38264547302568,88.88462449864801,89.04977975667987,89.335612130469,,89.0251288173854,88.0953315088749,87.73776407665916,88.66731601979767,89.05446602497096,89.33513963541108,89.29416541630414,88.97424072746173,88.76070414131463,89.4134983403896,89.64515977275911,89.71155115494402,89.67594229127447,89.43401186023222,88.3585860274394,87.57208791946121,87.100310626621,86.98908421362391,86.62599175788706,85.98825709160114,85.66828158544304,83.96687172758665,83.08489224838014,82.17859431044356,81.71788597792025,88.66731601979767,89.43401186023222,88.3585860274394,83.96687172758665,90.07442915787948,89.335612130469,88.97050772838288,88.47293687122064,#000000,3.434153116521899,88.90314159961991,-0.30084319614329624,51.17176540980341,8.130328322239748,True,False,False,False,False,0.0,0.0,0.0,0.0,0.0,0,0.9120570184121953,0.941622121032139,False,False,False,False,-0.1251825048323643,-0.026490930556619247,False,False,False,False,6451420,6686732.40281044,False,False,False,False,1522189.3645066032,False,False,False,False
2025-08-04 00:00:00+00:00,87.82,87.96,86.12,86.12,1887873,,89.57693512606853,88.2902795743979,87.81115751219835,88.4139353153728,88.9890377537496,89.33833186493098,89.3634840848352,88.87250172817971,89.0380552426368,89.3224032472784,,88.8675777129049,88.06157140254189,87.7251017615734,88.6482020113167,89.03383032299156,89.31562753086939,89.2774243209387,88.96101131091709,88.74992399807493,89.39995182393064,89.63098569514072,89.69777114442186,89.66315492770974,89.42305794077754,88.35386088734423,87.570949667205,87.10112078398078,86.99033745280344,86.62864350119557,85.99304649210588,85.6738826770417,83.97697424442586,83.09681854676805,82.192374017699,81.73261266899128,88.6482020113167,89.42305794077754,88.35386088734423,83.97697424442586,89.57693512606853,89.3224032472784,88.90161214496483,88.45465753443719,#000000,3.4347812724950932,88.85281718228536,-0.3006937270084484,49.32863170309927,6.428274564667838,False,False,False,False,False,0.0,0.0,0.0,0.0,0.0,0,0.9111697913916026,0.9398864536572488,False,False,False,False,-0.12706740974273187,-0.07677917014967556,False,False,False,False,4563547,6603470.230151207,False,False,False,False,1536529.8992318343,False,False,False,False
2025-08-05 00:00:00+00:00,85.54,88.01,85.03,87.87,3427749,,88.74588818404952,88.10910373960189,87.71913467353419,88.34349567600093,88.92699594521305,89.28004973892402,89.31139667124025,88.83579710284235,89.00386235531992,89.28596682209843,,88.48720806310062,87.92788732670002,87.64867019466196,88.58743584308273,88.97443832886371,89.2622049506603,89.2311205587382,88.92186525028491,88.7161191576299,89.36306389247387,89.59367093569256,89.66178584992484,89.62957612518646,89.39323533212021,88.33649171848445,87.56056464348376,87.09448262862189,86.98454688508505,86.62555597941791,85.99436551250332,85.67710011105015,83.98910451447192,83.11264490546415,82.2118246942314,81.75387801239371,88.58743584308273,89.39323533212021,88.33649171848445,83.98910451447192,88.74588818404952,89.28596682209843,88.75616909088247,88.39971445883583,"rgba(239, 83, 80, 0.5)",3.453630804344583,88.73408522375104,-0.9248484869120782,45.21093399415474,2.5544782166558377,False,True,False,True,False,0.0,0.0,0.0,0.0,0.0,0,0.9171261378413522,0.9169960988296492,False,False,False,False,-0.17643220468638202,-0.1266056874180288,False,False,False,False,1135798,6389051.711321748,False,False,False,False,1610695.354163919,False,False,False,False
2025-08-06 00:00:00+00:00,84.12,85.31,83.6,84.85,2151811,,88.15776152793332,87.91536207384299,87.60274909337477,88.26539479968241,88.86401742301909,89.22327893686922,89.26067675489311,88.79748981850565,88.96895944879073,89.250098514977,84.34333333333335,88.147533349033,87.77379020230067,87.54827904290157,88.5224950078529,88.91443851556244,89.20993263523542,89.18548299881652,88.8815699172705,88.68012094352376,89.32707342354165,89.55813631320734,89.62772177898763,89.59765561115384,89.36413164429075,88.31644032320273,87.54541137797642,87.08191123434366,86.97255512551577,86.61543937136625,85.98756787545187,85.67193410441851,83.9903173998559,83.11658094876643,82.2183099841135,81.76160434028135,88.5224950078529,89.36413164429075,88.31644032320273,83.9903173998559,88.15776152793332,89.250098514977,88.63057883918883,88.26067260747081,"rgba(239, 83, 80, 1.0)",3.489779505649189,88.37563821688592,-1.2194576218918607,41.047009301469785,-1.297064146060599,False,True,False,True,False,0.0,0.0,0.0,0.0,0.0,0,0.9053149478863206,0.9431863792322137,False,False,False,False,-0.34282825441539394,-0.23471697091671137,False,False,False,False,-1016013,6098657.016760111,False,False,False,False,1631915.5755692557,False,False,False,False
2025-08-07 00:00:00+00:00,85.45,85.455,84.77,84.95,785807,,88.02134451538882,87.86574766000724,87.57318487840729,88.24387022869362,88.84584963381607,89.20655834276808,89.24568669365289,88.78639987608959,88.95874809879767,89.23945974669519,84.57917742141196,88.06259215814669,87.73439527942523,87.52279300162331,88.50417152991756,88.8970650121795,89.19452780670339,89.17202465146624,88.86985550271612,88.66976489430688,89.31636102621175,89.54745298614446,89.6174480131646,89.58803454519644,89.35543857759622,88.31078177471534,87.54142705675024,87.07881774877367,86.96966243098359,86.61319218919633,85.98642304750454,85.67130283249092,83.99185931427022,83.11904059991123,82.22164701666891,81.76537403022537,88.50417152991756,89.35543857759622,88.31078177471534,83.99185931427022,88.02134451538882,89.23945974669519,88.59868496743164,88.25724918033147,"rgba(239, 83, 80, 0.5)",3.510568184307983,88.35966084661068,-0.8288290367401713,40.64887076935864,-1.657756920030721,False,True,False,True,False,0.0,0.0,0.0,0.0,0.0,0,0.8926662362814718,0.9469593285990967,False,False,False,False,-0.27921517148764746,-0.2569660712021794,False,False,False,False,-230206,5850466.310220499,False,False,False,False,1598734.8471155595,False,False,False,False
2025-08-08 00:00:00+00:00,85.75,85.87,85.2368,85.36,879036,,87.90252156065489,87.82033394975296,87.54637637025421,88.22324549590337,88.82792799542236,89.18985322693541,89.23067965361926,88.77543873931091,88.94858930471428,89.2287865344686,84.81864971253181,87.9856445872987,87.6984404408746,87.49971332226598,88.4863475385345,88.87988740856683,89.17913205519731,89.1585693647891,88.85824661989159,88.6595699199712,89.30559124570487,89.53664791243523,89.60703765434712,89.5782892896003,89.34668065691172,88.3052813374536,87.53774142730587,87.07610220002934,86.96716595558853,86.61139790181392,85.9858069223593,85.67122021794589,83.99412916205314,83.12229868442051,82.22585967119305,81.77006030635671,88.4863475385345,89.34668065691172,88.3052813374536,83.99412916205314,87.90252156065489,89.2287865344686,88.56937528310361,88.25480682755561,"rgba(239, 83, 80, 0.5)",3.506196588147052,88.34589769004788,-0.7403742559169372,40.8973561035747,-1.657756920030721,False,True,False,True,False,0.0,0.0,0.0,0.0,0.0,0,0.9080070018028594,0.9284228124606939,False,False,False,False,-0.2377878521032265,-0.24737696165270295,False,False,False,False,648830,5646480.572564793,False,False,False,False,1570511.3629149494,False,False,False,False
2025-08-11 00:00:00+00:00,84.68,85.58,84.59,85.13,1511490,,87.67110377751044,87.72392590535792,87.4865444048434,88.17961215660021,88.79124534784319,89.15617660135949,89.20043773818973,88.75281070205658,88.92778469056483,89.20720676577835,84.85591121409882,87.82972387612638,87.62039871719273,87.44765080371657,88.44917793452439,88.84479450143918,89.14805077211048,89.13134229379253,88.8343956561608,88.63837646481748,89.2838850771978,89.51505835429914,89.58628204591466,89.55883163362715,89.32903198030544,88.29353368928207,87.52923911679565,87.06932367760137,86.96077565525596,86.60625842097429,85.98282942787327,85.6692691690356,83.99641658634556,83.12638538342519,82.23165564991012,81.77669584443125,88.44917793452439,89.32903198030544,88.29353368928207,83.99641658634556,87.67110377751044,89.20720676577835,88.50968480901042,88.22660209426165,"rgba(239, 83, 80, 1.0)",3.5086034597126554,88.29483351620418,-1.0302770198203637,39.80219817334035,-2.905193935788887,False,True,False,True,False,0.0,0.0,0.0,0.0,0.0,0,0.8944268812315629,0.9451781050761802,False,False,False,False,-0.28182891425874074,-0.2646029379557219,False,False,False,False,-862660,5391220.15795441,False,False,False,False,1568196.7996633828,False,False,False,False
2025-08-12 00:00:00+00:00,86.03,86.05,84.815,85.05,2454234,,87.4408546299272,87.61572143770404,87.41964257832102,88.12563116848186,88.74345050439342,89.11129980011918,89.15996408157449,88.7231187437383,88.90017174606947,89.17816409815435,85.10055178634774,87.66051859058733,87.53274868751178,87.38937460382445,88.40189983505199,88.79887193612859,89.10658375183094,89.09496196268172,88.80297085328777,88.61074078184232,89.254569166477,89.4856030453961,89.55786956552782,89.5322056697197,89.30508951671315,88.27848644224274,87.5191694667452,87.06191954104739,86.95397387346843,86.60138759010039,85.98119799595239,85.66910472268356,84.00274592248645,83.13544814841788,82.24336116576094,81.78971311888047,88.40189983505199,89.30508951671315,88.27848644224274,84.00274592248645,87.4408546299272,89.17816409815435,88.44180187884834,88.20247483332663,"rgba(239, 83, 80, 0.5)",3.471794202340297,88.2458620788789,-0.6382469552444128,41.41255704173605,-2.905193935788887,False,True,False,True,False,0.0,0.0,0.0,0.0,0.0,0,0.8948948145611745,0.9419099235987765,False,False,False,False,-0.2490626204319838,-0.25683277919385283,False,False,False,False,1591574,5242214.426269923,False,False,False,False,1602943.3565393286,False,False,False,False
2025-08-13 00:00:00+00:00,86.48,87.305,85.91,86.28,3305623,,87.32524855183276,87.54729720145893,87.38004734763209,88.08233305545312,88.69995170432279,89.06836740663726,89.12092149194541,88.69581587332861,88.8741166195616,89.14988449270113,85.53714208764352,87.55760156153917,87.4785197507802,87.35521884717822,88.36130125218406,88.75668160328532,89.06684589603874,89.06002770017905,88.77378030545047,88.58572447790957,89.22580203447231,89.45606729972508,89.52918504708346,89.50535449807796,89.28139722320711,88.26553868451961,87.51239795234505,87.05849627724928,86.95131108526944,86.60114428160782,85.9848283946552,85.67435100229255,84.01603440254632,83.15207722141618,82.26330859065521,81.81133358345163,88.36130125218406,89.28139722320711,88.26553868451961,84.01603440254632,87.32524855183276,89.14988449270113,88.39439837448738,88.19597689328728,"rgba(239, 83, 80, 0.5)",3.4214520549054512,88.22384136135311,-0.5096787367962387,43.21753588286465,-2.905193935788887,False,True,False,True,False,0.0,0.0,0.0,0.0,0.0,0,0.9180979728647829,0.9068894843027792,False,False,False,False,-0.1416459654392344,-0.19923937231654362,False,False,False,False,4897197,5228684.331122084,False,False,False,False,1669715.1072632764,False,False,False,False
2025-08-14 00:00:00+00:00,86.79,86.88,85.47,86.34,1988860,,87.25570492711782,87.50328596307727,87.3529273494858,88.05438352429312,88.67241113079046,89.04136940515811,89.09633247969191,88.67832164982029,88.85748493373221,89.13196603505854,85.66533236110205,87.49460190776429,87.44269142087366,87.33149971151397,88.3353002701496,88.72997803038434,89.04180629850724,89.03794589290294,88.75514106887776,88.56961464180908,89.20760571340826,89.43746409934708,89.51112945688918,89.48843031874537,89.2663814751345,88.25700512460767,87.5075833564649,87.05569564359989,86.94896764088631,86.60025817311576,85.98630139723367,85.67682846064386,84.02338786902119,83.16146665880973,82.274709334098,81.823745088826,88.3353002701496,89.2663814751345,88.25700512460767,84.02338786902119,87.25570492711782,89.13196603505854,88.36441873982254,88.1842216303042,#000000,3.35582855048563,88.2024049501055,-0.4208811412314567,44.93761458406359,-2.905193935788887,False,True,False,True,True,0.0,0.0,0.0,0.0,0.0,0,0.9201448950391867,0.9114693446088802,False,False,False,False,-0.18068167125785814,-0.18996052178720088,False,False,False,False,6886057,5293679.337744747,False,False,False,False,1682230.5932529517,False,False,False,False
2025-08-15 00:00:00+00:00,87.71,88.24,86.78,86.86,1791765,,87.27565616235653,87.50569661282573,87.35826322161385,88.04742045599363,88.66081641401199,89.02823659119068,89.08414893849279,88.67087488816843,88.84983632172454,89.12295434809792,85.89566042988325,87.49837528796597,87.44651564307523,87.33675652082638,88.32643598461426,88.71842095737935,89.02960771468044,89.02717892123633,88.74693179151222,88.56312389075678,89.19826459404163,89.4273806765111,89.50118884166855,89.47914908264471,89.25853978194574,88.25424245145504,87.50784695950851,87.05762577662598,86.95127868569536,86.60377017433561,85.99162414063326,85.68281863681746,84.03331769703819,83.1730066917224,82.28790452659652,81.8377906368686,88.32643598461426,89.25853978194574,88.25424245145504,84.03331769703819,87.27565616235653,89.12295434809792,88.3603903954476,88.19141470831812,#000000,3.2506403831641237,88.2096455548203,-0.15370680725191666,47.57978320772314,-8.988984157392451,False,True,False,False,True,0.0,0.0,0.0,0.0,0.0,0,0.9206279600070162,0.9065421802660889,False,False,False,False,-0.06141621416925316,-0.12568836797822702,False,False,False,False,8677822,5426390.814695934,False,False,False,False,1686526.0601842084,False,False,False,False
2025-08-18 00:00:00+00:00,88.13,89.08,87.6,87.72,2410889,,87.35240368268816,87.53805071842716,87.38661050858194,88.0517017640778,88.65533010871691,89.01919799320032,89.07546002248469,88.66726166591464,88.8452144163833,89.11635590770112,86.22693530373584,87.54333312399751,87.47697370803965,87.36292623989429,88.3255624319864,88.71245518416293,89.0211922583848,89.01974581098817,88.74250299720725,88.56056817430239,89.19116562826405,89.4190029497623,89.49273447253327,89.47130178888142,89.25240522410252,88.25432808084207,87.51174002384319,87.06363954825096,86.95777938286199,86.61179540254254,86.00183844508668,85.69374831647761,84.04918870628312,83.1908691912375,82.30786988533629,81.85885179353994,88.3255624319864,89.25240522410252,88.25432808084207,84.04918870628312,87.35240368268816,89.11635590770112,88.37075867881761,88.21090438672918,#000000,3.0966946881122976,88.23498910104377,-0.033903600973904977,49.99826467304342,-6.522202726510173,False,False,False,False,True,0.0,0.0,0.0,0.0,0.0,0,0.9285535388845665,0.9162972002259435,False,False,False,False,0.011652754694133299,-0.057017806642046864,False,False,False,False,11088711,5648442.586668642,False,False,False,False,1714932.4499809062,False,False,False,False
2025-08-19 00:00:00+00:00,90.12,90.41,88.47,88.85,2377714,89.66666666666666,87.51610846479105,87.62335684758258,87.45444537794255,88.08176773307079,88.6691407474226,89.02672152014908,89.081617972396,88.67606741325781,88.8516217827201,89.12052273044706,86.64300093627641,87.65871432904889,87.55403788536273,87.42492347968043,88.34572743112189,88.72481313908317,89.02816864050821,89.02594908690445,88.75088989327381,88.56999833631367,89.19472516814687,89.42075846810579,89.49390447730741,89.47254429361288,89.25492519846682,88.26185702472831,87.52254147071788,87.07631174510128,86.97088549695181,86.6262378145896,86.01797101170345,85.71023247963979,84.06986634097674,83.21317435228391,82.33201258400908,81.88398418172328,88.34572743112189,89.25492519846682,88.26185702472831,84.06986634097674,87.51610846479105,89.12052273044706,88.5243670233133,88.25104571576512,"rgba(38, 166, 154, 0.5)",2.989909020532091,88.31868688417865,0.6024641898638081,54.30462862770635,-2.3600366975523883,True,False,True,False,True,2.606378071699705,0.0,0.0,0.0,0.0,0,0.9345016049275612,0.9013120710006289,False,False,False,False,0.10881519559328294,0.025898694475618038,False,False,False,False,13466425,5955030.1322894795,False,False,False,False,1740923.8833149883,False,False,False,False
2025-08-20 00:00:00+00:00,81.04,84.18,81.015,82.32,8764976,83.69759101736953,86.39142879658513,86.9096218192213,86.92310603778229,87.69622161754789,88.35326368977356,88.74131590468251,88.8226615654574,88.46851442785692,88.6623104297513,88.9292997951468,85.23532683119647,86.72744027642905,86.92522202472982,86.9423888863878,88.01658391073622,88.42196091766372,88.76188194990117,88.78875129917448,88.53489437156864,88.37219497757144,89.00362049958912,89.23378870447095,89.31447014458995,89.3031611537563,89.0975269312828,88.14268596560632,87.42377173561694,86.98819995414271,86.88515562160097,86.54833632743888,85.95506292600447,85.65551955497351,84.04320483049072,83.19894586609352,82.3289812470497,81.88626323836554,88.01658391073622,89.0975269312828,88.14268596560632,84.04320483049072,86.39142879658513,88.9292997951468,87.5995759182886,87.93336812417269,"rgba(255, 26, 202, 1.0)",2.90168904415451,87.56963403756936,-2.2502873113586666,47.25194613447502,4.419342856874422,False,True,False,False,False,0.0,0.0,0.0,0.0,0.0,0,0.8779500628415751,0.9138088148623288,False,False,False,False,-0.34282825441539394,-0.15846477996988795,False,False,False,False,4701449,5905870.08788597,False,False,False,False,2016376.9074987145,False,False,False,False
2025-08-21 00:00:00+00:00,79.18,79.55,78.1101,78.36,4579095,82.313856199524,85.66544838983484,86.40789108593195,86.53147655907412,87.4121957589571,88.12349057808714,88.53554978018515,88.63549698676225,88.31455605643816,88.52248682954365,88.78966706369802,84.36274848793128,86.10347563970471,86.4736456794354,86.58236814042839,87.77438398489265,88.2016470003872,88.5692649036504,88.61628212976825,88.3754404926887,88.22450476580721,88.86447959607857,89.09873273527435,89.18504471701925,89.18068486029938,88.98253584678795,88.0510193545475,87.34418016447945,86.91481212987962,86.81314375114198,86.48091437737115,85.89708165082781,85.60313218635366,84.0078074016337,83.17127418556704,82.30799739911585,81.86836411838469,87.77438398489265,88.98253584678795,88.0510193545475,84.0078074016337,85.66544838983484,88.78966706369802,87.20473775345786,87.70996543787868,"rgba(255, 26, 202, 1.0)",2.9014463139693283,87.18731047245163,-2.759765167426864,41.485626702802364,-0.7164252831000368,False,True,False,True,False,0.0,0.0,0.0,0.0,0.0,0,0.8605068848533225,0.9662380190481528,False,False,False,False,-0.34282825441539394,-0.25064651719264097,False,False,False,False,122354,5679065.535419854,False,False,False,False,2116875.656224255,False,False,False,False
2025-08-22 00:00:00+00:00,82.02,82.44,80.83,81.19,3319059,82.21789312804796,85.40784549397766,86.20503727142842,86.36761928425021,87.28233748896474,88.01284110837955,88.43397419191298,88.54237591820397,88.23866666957971,88.45270679985487,88.7191447276797,84.12520644536488,85.8650567044467,86.2880222546449,86.43006128784494,87.66024546078263,88.09493828696289,88.47381285841206,88.53032990490914,88.29668701391407,88.15194607649038,88.79397457313821,89.02958672021951,89.11849263441994,89.11764460252364,88.92374146306817,88.00591562331208,87.30645674213818,86.88095962291737,86.78015755223227,86.45077974789054,85.87244089599798,85.5815212743841,83.99656476104283,83.16466431114031,82.30555907819162,81.86790260079673,87.66024546078263,88.92374146306817,88.00591562331208,83.99656476104283,85.40784549397766,88.7191447276797,87.08004018929816,87.61620077878163,"rgba(255, 0, 0, 1.0)",2.8428951324598746,87.05388018241862,-1.7706879599399634,40.893540933946916,-1.037897396818714,False,True,False,True,False,0.0,0.0,0.0,0.0,0.0,0,0.8759612631348385,0.9505693141877366,False,False,False,False,-0.19130434150989453,-0.22097542935126774,False,False,False,False,3441413,5591314.455599468,False,False,False,False,2164020.1010782057,False,False,False,False
2025-08-25 00:00:00+00:00,80.76,82.77,80.76,82.58,2135176,82.13844994195479,85.24579354958145,86.07454035239827,86.26082296997974,87.19705083016073,87.9399826427113,88.36703948147193,88.48091225023131,88.1883032671542,88.40637413171076,88.67238219097544,83.97555984397997,85.71367546992205,86.16790965778351,86.3304262827105,87.58506017158099,88.0246251340377,88.41082984734446,88.47349871070807,88.24447374393246,88.10373290583509,88.74723793342686,88.9837802901518,89.0743945838023,89.0758410595635,88.88468484702278,87.97570935691157,87.28101418023128,86.85801301439935,86.7577692421941,86.43023241843727,85.8554706496064,85.56654440586252,83.9883209605903,83.15944115157171,82.30304477661974,81.86666824046236,87.58506017158099,88.88468484702278,87.97570935691157,83.9883209605903,85.24579354958145,88.67238219097544,86.99742287348454,87.5549234346988,"rgba(255, 26, 202, 1.0)",2.804464891536385,86.96645305925946,-2.213061421446194,39.65634595412334,-2.2081933586240794,False,True,False,True,False,0.0,0.0,0.0,0.0,0.0,0,0.8755266159974143,0.9459110048525817,False,False,False,False,-0.18453614505654642,-0.20275578720390708,False,False,False,False,1306237,5423272.202438706,False,False,False,False,2162888.9598594527,False,False,False,False
2025-08-26 00:00:00+00:00,81.45,81.7,80.94,81.02,2184129,82.06597802992752,85.09047379283763,85.94641769149163,86.15481151739614,87.11136373883296,87.86635742070703,88.2992356205952,88.41854473969015,88.13704964072429,88.35916060330781,88.62472963125714,83.83516892744896,85.56690590023692,86.04939244609054,86.23120152745958,87.50919281547847,87.95350674850474,88.3469533902457,88.4157567879715,88.19136406045023,88.05463916170524,88.69960958887626,88.93708296319335,89.029416976481,89.03317810060227,88.84479823438562,87.94478454346664,87.25492128516116,86.83445349641529,86.7347765230727,86.40910936053916,85.83798545891867,85.55109044385541,83.97972444382154,83.15392597714313,82.30029246776651,81.86522108351227,87.50919281547847,88.84479823438562,87.94478454346664,83.97972444382154,85.09047379283763,88.62472963125714,86.91582931152433,87.49381064188927,"rgba(255, 0, 0, 1.0)",2.7393132533319036,86.88017372805513,-1.9823120708996136,39.60472466110398,-2.4350402449139708,False,True,False,True,False,0.0,0.0,0.0,0.0,0.0,0,0.8957988466698428,0.9510544123126476,False,False,False,False,-0.20777756802233066,-0.20526667761311887,False,False,False,False,3490366,5347471.959205815,False,False,False,False,2163721.9026100626,False,False,False,False
2025-08-27 00:00:00+00:00,81.36,81.82,81.115,81.29,1025660,82.03929907936073,85.02300527413082,85.88948764759883,86.10728419245457,87.07245608644402,87.83270645028843,88.26815535361887,88.38991278242203,88.11348592828656,88.33742145426085,88.6027744638134,83.77600279378841,85.50241301851327,85.99651411612034,86.18659617599526,87.47458962045778,87.92097205076432,88.31764467946105,88.38922335609011,88.16695256069069,88.03206374843155,88.6776612050958,88.91554703734991,89.00866285293343,89.01348320124856,88.82638297162892,87.93051168826877,87.24288857869846,86.82359690686178,86.72418321373745,86.39938420485994,85.82994602826255,85.54399023615869,83.97581187236628,83.15144613097407,82.29909940417203,81.86463650699835,87.47458962045778,88.82638297162892,87.93051168826877,83.97581187236628,85.02300527413082,88.6027744638134,86.87963533751628,87.46626369904979,"rgba(255, 26, 202, 1.0)",2.667692825473701,86.84180931845893,-2.054887753984766,39.5009202353402,-2.8729963831348044,False,True,False,True,False,0.0,0.0,0.0,0.0,0.0,0,0.9010491025532303,0.9414170725728982,False,False,False,False,-0.20005059528176278,-0.2026586364474408,False,False,False,False,2464706,5234422.313746763,False,False,False,False,2119092.0240763347,False,False,False,False
2025-08-28 00:00:00+00:00,79.44,80.89,79.165,80.7,2174834,81.8585341019982,84.82765857358353,85.73173118149313,85.97617831156661,86.96878551841041,87.74495594014606,88.18796569219484,88.31618725708017,88.05223052138344,88.2811974627582,88.54637197181316,83.58033113775348,85.32088472627028,85.85037200769112,86.06378269507884,87.38341798619611,87.8362998667815,88.2420614229632,88.32083667652351,88.10360973413582,87.97321833256515,88.62137677350515,88.86061211870744,88.95581414519184,88.96331532672225,88.77925217671933,87.8930528466399,87.21055815757663,86.79393160122085,86.69511181733128,86.37228653806157,85.80682954195893,85.52318916337657,83.96236259554577,83.14134118069336,82.2919340794308,81.85884073243096,87.38341798619611,88.77925217671933,87.8930528466399,83.96236259554577,84.82765857358353,88.54637197181316,86.77198150294797,87.39100630438176,"rgba(255, 26, 202, 1.0)",2.682551656292835,86.73101195732869,-2.7179390712664007,37.99020970090806,-4.701699822835138,False,True,False,True,False,0.0,0.0,0.0,0.0,0.0,0,0.8907779150940243,0.9375396639834335,False,False,False,False,-0.2766568153926745,-0.23965772592005766,False,False,False,False,289872,5040518.379874341,False,False,False,False,2121277.983916478,False,False,False,False
2025-08-29 00:00:00+00:00,79.81,80.28,79.32,79.41,1960429,81.71726749085144,84.66282613969967,85.59575712097511,85.86208147340308,86.87748589486212,87.66721226922607,88.11673609683533,88.2505917807027,87.9975976966154,88.23098168122398,88.49598466932333,83.4186621174695,85.16613813408809,85.72385810833407,85.95658996403789,87.30277727936101,87.7612150689258,88.17484850189298,88.25991921454364,88.0471381922224,87.92071117364125,88.57108984584764,88.8115056427658,88.90854812666272,88.91842187617183,88.737055839208,87.85946494969551,87.18154482286447,86.76729779160651,86.66900846233926,86.34794621160857,85.78604606100475,85.50447545721646,83.95023115685831,83.13220746842978,82.28543674186778,81.85357195366072,87.30277727936101,88.737055839208,87.85946494969551,83.95023115685831,84.66282613969967,88.49598466932333,86.67950202851983,87.32518706616435,"rgba(255, 26, 202, 1.0)",2.710802261490384,86.63551976994559,-2.5178965898430943,37.47726356918383,-5.59573136324795,False,True,False,True,False,0.0,0.0,0.0,0.0,0.0,0,0.8957258883365471,0.934592948043481,False,False,False,False,-0.28903214926537185,-0.26434493759271477,False,False,False,False,2250301,4931098.090467504,False,False,False,False,2114970.180625636,False,False,False,False
2025-09-02 00:00:00+00:00,78.27,79.21,78.07,78.72,2698198,81.4406481226659,84.39729740033711,85.37912582568958,85.67985261196529,86.73339158539844,87.54556198890361,88.00578666341622,88.14844425470565,87.91195495260087,88.15242872403309,88.41745187551878,83.14594282519515,84.91900223393573,85.52213512826616,85.78529870148523,87.17598676554857,87.64379751394883,88.07012143834109,88.16494580147787,87.95872310472261,87.83825650252679,88.49278884275354,88.73525306112717,88.83520639962796,88.84872745469455,88.67135286261568,87.80637964168935,87.13508342088242,86.72425926108558,86.62673069926174,86.30821091403972,85.75157380501842,85.4731507358828,83.92850475419529,83.11489046371526,82.27194261598319,81.84184114219649,87.17598676554857,88.67135286261568,87.80637964168935,83.92850475419529,84.39729740033711,88.41745187551878,86.52835854593042,87.2204101286613,"rgba(255, 26, 202, 1.0)",2.8791223199672893,86.48093510725819,-2.8518882474404497,35.986924695532764,-7.418934783116505,False,True,False,True,False,0.0,0.0,0.0,0.0,0.0,0,0.8740815219821351,0.9542208428730466,False,False,False,False,-0.34282825441539394,-0.30358659600405435,False,False,False,False,-447897,4720157.106527602,False,False,False,False,2137841.8598167878,False,False,False,False
2025-09-03 00:00:00+00:00,78.72,78.76,77.72,78.07,2065982,81.25191816232908,84.20526159078547,85.21933980404432,85.5441451210632,86.6248543069248,87.45340447189041,87.921528862446,88.07073867283552,87.84661653828837,88.09241712895768,88.35745189354935,82.95203245970524,84.73861903732922,85.37270326287366,85.65736110067053,87.08007622216834,87.55476528149521,87.99049500016002,88.09260367704553,87.89130282650599,87.77531470234405,88.43296255244022,88.67696860597516,88.77911837679679,88.79539579062484,88.62104156902988,87.7656334295337,87.0993668125585,86.69114329704215,86.59419287415325,86.27760603145482,85.72497688505452,85.44895584260725,83.91163006525369,83.1013844041631,82.26135647365771,81.83260139122342,87.08007622216834,88.62104156902988,87.7656334295337,83.91163006525369,84.20526159078547,88.35745189354935,86.41706150482855,87.14193514549535,"rgba(255, 26, 202, 1.0)",3.015429230050333,86.36677491149314,-2.53588273115118,35.65176799684673,-8.140488261822817,False,True,False,True,False,0.0,0.0,0.0,0.0,0.0,0,0.8779542968512367,0.9506101137356225,False,False,False,False,-0.34282825441539394,-0.3232074252097241,False,False,False,False,1618085,4598507.219997108,False,False,False,False,2135023.826098482,False,False,False,False
2025-09-04 00:00:00+00:00,78.91,79.09,78.34,78.85,1829234,81.12314746787123,84.05569015996126,85.09139985230662,85.43431354232939,86.53541978704352,87.3767045187436,87.85107920689646,88.0056274951017,87.79180734172962,88.0419547440922,88.3069288495783,82.8063741118269,84.59612669069806,85.25246425043348,85.55346864930179,87.00053120031322,87.48056813833188,87.92383025117803,88.03191664976318,87.83475575338593,87.72251278591884,88.38256483507196,88.62779710674715,88.7317583823982,88.75033753996267,88.57854614096622,87.73130185880025,87.06935676266446,86.66337516085171,86.5669238310909,86.25200294984984,85.70280127269783,85.42881869195274,83.8977990503386,83.09045182627635,82.25294930052112,81.8253628471751,87.00053120031322,88.57854614096622,87.73130185880025,83.8977990503386,84.05569015996126,88.3069288495783,86.32855208778672,87.07782565247774,"rgba(255, 26, 202, 1.0)",3.1124355342650025,86.27548462986134,-2.366469778658626,35.72109683643727,-8.506150442317434,False,True,False,True,False,0.0,0.0,0.0,0.0,0.0,0,0.8715207173280787,0.9705079790615987,False,False,False,False,-0.3173956352091445,-0.3203015302094343,False,False,False,False,3447319,4553362.58391879,False,False,False,False,2123032.068212267,False,False,False,False
2025-09-05 00:00:00+00:00,80.17,80.91,79.66,79.8,1666799,81.08342842806697,83.96234746635601,85.00524962059276,85.35867900248334,86.47076352309587,87.31971095122748,87.79805177139428,87.95639426765918,87.75047368671211,88.00365354474148,88.26837035132804,82.72745338165115,84.50337250350871,85.17063453360232,85.48141238833361,86.94206280581385,87.42525798389505,87.8735296486257,87.98596087771486,87.79208532945407,87.68273954988332,88.34404286158042,88.59002544057331,88.69529557248447,88.71561992260878,88.54589092140577,87.70533495104205,87.04700453044248,86.64291792457551,86.54689038283483,86.23337471647882,85.68697268697578,85.41459962775822,83.8888541609645,83.08391133404034,82.24854422889662,81.82195910795375,86.94206280581385,88.54589092140577,87.70533495104205,83.8888541609645,83.96234746635601,88.26837035132804,86.2706475103325,87.03254531132548,"rgba(255, 0, 0, 1.0)",3.171137556998424,86.21466306324061,-1.9061497505526246,37.68513883219425,-8.506150442317434,False,True,False,True,False,0.0,0.0,0.0,0.0,0.0,0,0.859666015918996,0.9594039166659967,False,False,False,False,-0.23590629555714418,-0.27810391288328923,False,False,False,False,5114118,4575352.992392563,False,False,False,False,2105140.5753411977,False,False,False,False
2025-09-08 00:00:00+00:00,79.97,80.055,79.28,79.58,1716871,81.02478020007416,83.85908923610859,84.91105330916862,85.27596686725184,86.40052784994475,87.25804385861157,87.7407878036426,87.90322496640755,87.70568518492905,87.96218462561858,88.2266919100714,82.63636984758828,84.4015978323975,85.08117653120735,85.40261142042003,86.87865937299355,87.36542589938286,87.81919595337936,87.93629755588914,87.7458772229539,87.63960454174267,88.30242166218122,88.54926315915232,88.65595563944164,88.67815138539464,88.5105979672845,87.67707240525105,87.02252468358024,86.62041641241618,86.52483081439442,86.21278384797326,85.66933922772168,85.39868666855963,83.87848223559251,83.07607523890442,82.24294764762602,81.81740849348672,86.87865937299355,88.5105979672845,87.67707240525105,83.87848223559251,83.85908923610859,88.2266919100714,86.2061850738026,86.9830417077512,"rgba(255, 0, 0, 1.0)",3.243313604191811,86.14740800398559,-1.9046594803541717,38.78059952749365,-8.506150442317434,False,True,False,True,True,0.0,0.0,0.0,0.0,0.0,0,0.8575563007343747,0.9662143933801796,False,False,False,False,-0.2675355517712272,-0.2728197323272582,False,False,False,False,3397247,4529152.757396777,False,False,False,False,2089914.31748468,False,False,False,False
2025-09-09 00:00:00+00:00,78.89,80.02,78.75,79.92,2023989,80.9346355329454,83.72823967584803,84.7928829196267,85.17214835522974,86.31290446162123,87.18139827798053,87.66974903700424,87.8372590622776,87.64992281077116,87.91059501849261,88.17492845524374,82.51674188203417,84.27354685111833,84.96894901738399,85.30368808736466,86.79968441850816,87.2910757803428,87.75177181293168,87.87463682862327,87.68838465131498,87.58585283598822,88.25075160896826,88.49871968103038,88.60718753272226,88.6316877290882,88.46676763619125,87.64171942248784,86.99171099277056,86.59197053604538,86.49691325573693,86.18662634059837,85.64676677956676,85.37822619355745,83.8646995016042,83.06536132658718,82.23492751478257,81.81064102163971,86.79968441850816,88.46676763619125,87.64171942248784,83.8646995016042,83.72823967584803,88.17492845524374,86.12406032791283,86.92091934506249,"rgba(255, 26, 202, 1.0)",3.34298955594715,86.06220336587037,-2.1454459386841593,38.36490217114181,-8.506150442317434,False,True,False,True,True,0.0,0.0,0.0,0.0,0.0,0,0.8492953973471481,0.9759939570995462,False,False,False,False,-0.28217816967064874,-0.2774989509989535,False,False,False,False,1373258,4405392.178675335,False,False,False,False,2087329.0109166536,False,False,False,False
2025-09-10 00:00:00+00:00,77.86,79.78,77.44,79.32,3084462,80.75252172011838,83.50699903681898,84.59556650948299,84.99870955736719,86.16770718658755,87.05504690872763,87.55294931618981,87.72879312043743,87.5578120965238,87.82547029393464,88.08971088266769,82.30616331408163,84.0589204803302,84.78156745097242,85.1384060541811,86.66910872292655,87.16854552165024,87.64087532609891,87.7731562027953,87.59349690214007,87.49695862255983,88.16573793081412,88.41569615026211,88.5271085144354,88.55536024046164,88.39462310334342,87.5829640202999,86.94007282554851,86.54403013566484,86.44979641697358,86.14226308219004,85.60810700512097,85.34298650843529,83.83999124678692,83.04552177620904,82.21932360581198,81.79699405096957,86.66910872292655,88.39462310334342,87.5829640202999,83.83999124678692,83.50699903681898,88.08971088266769,85.9846624208051,86.8172425508865,"rgba(255, 26, 202, 1.0)",3.471402229854963,85.91843871719621,-2.321378562210838,37.07551872321526,-8.506150442317434,False,True,False,True,True,0.0,0.0,0.0,0.0,0.0,0,0.8338056223734703,0.978721499783023,False,False,False,False,-0.32298244172299934,-0.3002406963609764,False,False,False,False,-1711204,4165525.6618645373,False,False,False,False,2126432.26539051,False,False,False,False
2025-09-11 00:00:00+00:00,79.68,79.68,77.71,77.78,1930740,80.67920578482902,83.39424061958195,84.4905949179503,84.90497386207284,86.08698253237804,86.98367641879155,87.48648624760652,87.6668708982796,87.5051701033212,87.77663413338674,88.04070296350855,82.20526220321383,83.9470608396941,84.68115488187891,85.04863046150186,86.59577287378136,87.09919134494406,87.57764871802169,87.71512725290282,87.53927425585351,87.44615799251288,88.11681257857667,88.36779820439833,88.4808453508145,88.51122826156661,88.35293629204726,87.54918078057358,86.91053752577602,86.516713952751,86.42297562768633,86.11709386373573,85.58631135808507,85.32318586007722,83.82649602201467,83.03493409340652,82.21128785773995,81.79014452729254,86.59577287378136,88.35293629204726,87.54918078057358,83.82649602201467,83.39424061958195,88.04070296350855,85.91050349833694,86.76007016311155,"rgba(255, 0, 0, 1.0)",3.542812248854179,85.84150581712514,-1.7391567445093639,39.18300309980075,-8.506150442317434,False,True,False,True,True,0.0,0.0,0.0,0.0,0.0,0,0.8344464174761564,0.9916476248357537,False,False,False,False,-0.318458301989275,-0.30934949917512566,False,False,False,False,219536,4010780.9692423986,False,False,False,False,2118758.058904608,False,False,False,False
2025-09-12 00:00:00+00:00,78.29,79.04,78.28,78.89,1309265,80.6193262896258,83.3127898798983,84.41549541313596,84.83794342225231,86.02957141535221,86.93308135944298,87.43944484887382,87.62304313471499,87.46781359118397,87.74200060785111,88.0059929081646,82.1303603814469,83.86677060171257,84.6093452304949,84.98444004644637,86.54369301343054,87.05003547008499,87.53288970989453,87.67403402093225,87.50081468962864,87.41008397482484,88.08217270925968,88.33391768747757,88.44812781243198,88.48001031338558,88.32341458436295,87.52512412781962,86.88940615213113,86.49710732943105,86.40370904098599,86.09896325052907,85.57052339159802,85.30879736866446,83.81646476405842,83.02691891836295,82.20503328912426,81.78470536528648,86.54369301343054,88.32341458436295,87.52512412781962,83.81646476405842,83.3127898798983,88.0059929081646,85.85695480640872,86.71922100733556,"rgba(255, 26, 202, 1.0)",3.644417564904985,85.7861488550614,-2.056885283192522,39.10573910252051,-8.506150442317434,False,True,False,True,True,0.0,0.0,0.0,0.0,0.0,0,0.8243430884219368,0.9915763963418139,False,False,False,False,-0.32031964626853254,-0.31483457272182913,False,False,False,False,-1089729,3810760.970448579,False,False,False,False,2087013.2330652114,False,False,False,False
2025-09-15 00:00:00+00:00,77.41,78.5,77.36,78.42,1562703,80.52691666183459,83.20377383568317,84.3167332459333,84.7500843887182,85.95516437274014,86.86794353554394,87.37907796611849,87.56683564449875,87.41977259880518,87.69752733048007,87.96150905392605,82.02631248945114,83.7604282732441,84.5150716069715,84.90039119301535,86.47643611715633,86.98678991891437,87.47546138568703,87.62131939353799,87.4513813466407,87.36365620635095,88.0378022325632,88.29058800767878,88.40630670608543,88.44010136114038,88.28562004233959,87.49410120728562,86.86198123573573,86.47155044976232,86.37856801881767,86.07521589302341,85.54969220762709,85.28973446977645,83.80277994990209,83.01573419170333,82.19601440434298,81.77668376667329,86.47643611715633,88.28562004233959,87.49410120728562,83.80277994990209,83.20377383568317,87.96150905392605,85.78593987584381,86.6659541542701,"rgba(255, 26, 202, 1.0)",3.7665976091892475,85.71305387556626,-2.2043910013932915,38.18946000217766,-8.506150442317434,False,True,False,True,True,0.0,0.0,0.0,0.0,0.0,1,0.831266265429043,0.9952434110432522,False,False,False,False,-0.34282825441539394,-0.32883141356861156,False,False,False,False,-2652432,3557302.422587851,False,False,False,False,2066452.047454811,False,False,False,False
2025-09-16 00:00:00+00:00,77.64,78.07,77.385,77.81,1407785,80.4469835227897,83.10815111946694,84.22946800497668,84.67213648757351,85.8888015824622,86.80967922180811,87.32501061811197,87.51644794900182,87.37664048587652,87.65756761586118,87.921537226664,81.9355051642784,83.66684812482644,84.43162339219336,84.82572605998521,86.41632274128465,86.93019130294532,87.42399377203078,87.57403014891565,87.40701066876603,87.32196011084763,87.99793070408367,88.25164215621373,88.36870583346183,88.40420733970322,88.25161563706507,87.46615555025218,86.83725834529656,86.44850151877692,86.35589179867974,86.05378897588106,85.53088122608187,85.27251123047782,83.79038615521675,83.00558751674896,82.187814509031,81.76938022880672,86.41632274128465,88.25161563706507,87.46615555025218,83.79038615521675,83.10815111946694,87.921537226664,85.7229476213266,86.61844546727438,"rgba(255, 26, 202, 1.0)",3.874195063156734,85.64820490470011,-2.0670629057523344,37.97720163205566,-8.506150442317434,False,True,False,True,True,0.0,0.0,0.0,0.0,0.0,0,0.837156805651058,0.9876663413540255,False,False,False,False,-0.34282825441539394,-0.3358298339920027,False,False,False,False,-1244647,3368990.6805255823,False,False,False,False,2040621.9671624654,False,False,False,False
2025-09-17 00:00:00+00:00,77.2,78.4,77.08,77.78,1360152,80.37025536215125,83.0165837083925,84.14557359862405,84.59698369735844,85.8246236923581,86.75324123308478,87.27260076380894,87.4675724038165,87.33473928596035,87.6187300816385,87.88269390174797,81.84856924309761,83.57710530344978,84.3512995584271,84.75367125696381,86.35811094493168,86.87534940000428,87.37407965207055,87.52813308183748,87.36391769458929,87.28144091902364,87.95918575448258,88.21379543565367,88.3321594400308,88.36930975085964,88.21854067404666,87.43892623668543,86.81313869353374,86.42599695500228,86.33374681289663,86.03284988189924,85.51247266154759,85.25564224841851,83.77818859423607,82.99556630461667,82.17967717039171,81.76210967923136,86.35811094493168,88.21854067404666,87.43892623668543,83.77818859423607,83.0165837083925,87.88269390174797,85.6621452480856,86.5724663344743,"rgba(255, 26, 202, 1.0)",3.988390774858152,85.58562904407941,-2.1025093872296514,37.359596426625,-8.910594202486884,False,True,False,True,True,0.0,0.0,0.0,0.0,0.0,0,0.8409996910733887,0.9753998661698003,False,False,False,False,-0.3421778954178496,-0.33900386470492616,False,False,False,False,-2604799,3134724.418544187,False,False,False,False,2013936.8704109963,False,False,False,False
2025-09-18 00:00:00+00:00,77.79,77.93,77.0017,77.53,1671462,80.2818141992058,82.90839180313223,84.04553561459522,84.50695545652776,85.74722903796626,86.68492542990822,87.20905188965186,87.40824685399875,87.2838076371641,87.571476072663,87.83542091917828,81.7466852043262,83.47061699038154,84.25532344937828,84.66722565997976,86.28772668516564,86.80892749698425,87.3135146874213,87.47238194880511,87.31154978060596,87.23217660408436,87.9120281575931,88.16771196682303,88.28764292970439,88.32678598551517,88.17822738615237,87.40571581826549,86.78371404344271,86.39854026870104,86.30672841968344,86.00730121497624,85.49000622141403,85.2350503628488,83.76329788106487,82.98333320986737,82.16974644393996,81.75323881919286,86.28772668516564,88.17822738615237,87.40571581826549,83.76329788106487,82.90839180313223,87.83542091917828,85.5893504467265,86.51702623489946,"rgba(255, 0, 0, 1.0)",4.081903451061089,85.51067812509727,-1.8914406520541973,38.078901086740956,-8.910594202486884,False,True,False,True,True,0.0,0.0,0.0,0.0,0.0,0,0.8403012195708042,0.9828587252292561,False,False,False,False,-0.34282825441539394,-0.34091605956016,False,False,False,False,-933337,2975192.598209121,False,False,False,False,2000506.4833360552,False,False,False,False
2025-09-19 00:00:00+00:00,77.25,77.94,76.94,77.86,1216821,80.21642976297129,82.82948169718027,83.97244107609013,84.44102985105586,85.69045522202357,86.63476495498199,87.16237341173019,87.3646462924991,87.24631616516851,87.53668077432853,87.80062183054797,81.67215262880745,83.39292514687513,84.18513275855017,84.60387761888998,86.23604860104219,86.76014603874978,87.26900887315045,87.43138552136662,87.27301198867224,87.19589963700082,87.87731616328506,88.13379365048613,88.25487367177844,88.29547490828253,88.14852863532494,87.3811968050209,86.76195434373248,86.37821438965909,86.28672180597935,85.9883659739091,85.47332500025263,85.21974466597128,83.75215833795167,82.97413876143398,82.1622346826542,81.74650079676799,86.23604860104219,88.14852863532494,87.3811968050209,83.75215833795167,82.82948169718027,87.80062183054797,85.53593100350703,86.47630145802813,"rgba(255, 0, 0, 1.0)",4.184069315395802,85.45571040105672,-1.9611793645154947,37.88972299498093,-8.910594202486884,False,True,False,True,True,0.0,0.0,0.0,0.0,0.0,0,0.8255411970937498,1.0079384109675782,False,False,False,False,-0.34282825441539394,-0.34187215698777695,False,False,False,False,-2150158,2774198.457102881,False,False,False,False,1969773.7192836609,False,False,False,False
2025-09-22 00:00:00+00:00,77.58,77.84,77.33,77.6,1626199,80.1395433298647,82.73133898789992,83.88020421250549,84.3573272787377,85.61762892167776,86.57004458768346,87.1019813215821,87.30815889753906,87.1976920774789,87.49148673400039,87.75539005062329,81.58103134555408,83.29559847603434,84.09631441154033,84.523288571163,86.16950237000499,86.69715388701107,87.21137826460841,87.37822910058065,87.2230390561751,87.14884449945384,87.83218750401167,88.08966012015327,88.21221204221467,88.2546950237909,88.10984891702184,87.34928841115483,86.73366756342222,86.35181317550509,86.26074079127122,85.9637938335136,85.45170478390413,85.19991902650519,83.73781223905476,82.96234992799212,82.15266435656926,81.73795255927872,86.16950237000499,88.10984891702184,87.34928841115483,83.73781223905476,82.73133898789992,87.75539005062329,85.46825421814479,86.42411436820926,"rgba(255, 0, 0, 1.0)",4.271967675418494,85.38598931655477,-1.8272585163674198,38.450975924423204,-8.910594202486884,False,True,False,True,True,0.0,0.0,0.0,0.0,0.0,0,0.834963971007755,0.9993191001791472,False,False,False,False,-0.3354497554613656,-0.33866095622457126,False,False,False,False,-523959,2644858.948981199,False,False,False,False,1956300.2008803799,False,False,False,False
2025-09-23 00:00:00+00:00,75.2,77.47,75.145,76.965,2926901,79.92977171474507,82.51006437062316,83.67907225599981,84.17635265084616,85.4636241655438,86.4349593885336,86.97672541070285,87.1911950309595,87.09663362435828,87.39783580057185,87.66197755061187,81.36342896058598,83.08025309615826,83.90344360490205,84.34950995413386,86.02981398828734,86.56585503784484,87.0919319801391,87.2681606072752,87.11925339730062,87.05093657345076,87.73907401460401,87.99885762311196,88.12452955908408,88.17088018410803,88.03017201111778,87.2827929933379,86.67411859548241,86.29585236282698,86.2055767667638,85.91131755131927,85.40501566926427,85.1568432651771,83.70530221592561,82.93481201437157,82.1293746779155,81.71659830081806,86.02981398828734,88.03017201111778,87.2827929933379,83.70530221592561,82.51006437062316,87.66197755061187,85.31983745122692,86.31278794309172,"rgba(255, 26, 202, 1.0)",4.412535917726438,85.2339410806481,-2.273962471407618,36.08823483333668,-10.813616873283067,False,True,False,True,False,0.0,0.0,0.0,0.0,0.0,0,0.8139594235420707,0.9974938611093229,False,False,False,False,-0.34282825441539394,-0.34074460531998263,False,False,False,False,-3450860,2405811.1470603677,False,False,False,False,1994362.9773164433,False,False,False,False
