date,Open,High,Low,Close,Volume,aVWAP_peak_851,aVWAP_peak_804,aVWAP_peak_750,aVWAP_peak_698,aVWAP_peak_662,aVWAP_peak_660,aVWAP_peak_623,aVWAP_peak_600,aVWAP_peak_594,aVWAP_peak_568,aVWAP_peak_567,aVWAP_peak_523,aVWAP_peak_502,aVWAP_peak_462,aVWAP_peak_426,aVWAP_peak_386,aVWAP_peak_360,aVWAP_peak_347,aVWAP_peak_346,aVWAP_peak_341,aVWAP_peak_298,aVWAP_peak_294,aVWAP_peak_257,aVWAP_valley_877,aVWAP_valley_815,aVWAP_valley_758,aVWAP_valley_656,aVWAP_valley_612,aVWAP_valley_588,aVWAP_valley_549,aVWAP_valley_545,aVWAP_valley_510,aVWAP_valley_492,aVWAP_valley_402,aVWAP_valley_379,aVWAP_valley_366,aVWAP_valley_352,aVWAP_valley_333,aVWAP_valley_332,aVWAP_valley_317,aVWAP_valley_273,aVWAP_valley_249,aVWAP_valley_232,aVWAP_valley_204,aVWAP_valley_171,aVWAP_valley_145,aVWAP_valley_119,aVWAP_valley_116,aVWAP_valley_90,aVWAP_valley_18,aVWAP_OB_bull_758,aVWAP_OB_bull_249,aVWAP_OB_bull_90,aVWAP_OB_bear_523,Peaks_avg,Valleys_avg,color,StDev,StDev_Mean,StdDev_ZScore,QQEMOD,QQE1_Value,QQE1_Above_Upper,QQE1_Below_Lower,QQE2_Above_Threshold,QQE2_Below_Threshold,QQE2_Above_TL,banker_RSI,OB,OB_High,OB_Low,OB_Mitigated_Index,TTM_squeeze_Active,VI_plus,VI_minus,VI_Regular_Bullish,VI_Regular_Bearish,VI_Hidden_Bullish,VI_Hidden_Bearish,Fisher,Fisher_Signal,Fisher_Regular_Bullish,Fisher_Regular_Bearish,Fisher_Hidden_Bullish,Fisher_Hidden_Bearish,OBV,OBV_Smoothed,OBV_Regular_Bullish,OBV_Regular_Bearish,OBV_Hidden_Bullish,OBV_Hidden_Bearish,Volume_MA,Vol_Regular_Bullish,Vol_Regular_Bearish,Vol_Hidden_Bullish,Vol_Hidden_Bearish
2025-04-04 14:00:00+00:00,4.905,4.95,4.885,4.945,72583.0,,,,,,,,,,,,,,,,,,,,,,,,,,,,,,,,,,,,,,,,,,,,,,,,,,,,,,,,,#000000,,,,,,False,False,False,False,False,,0.0,0.0,0.0,0.0,0,,,False,False,False,False,,,False,False,False,False,0.0,0.0,False,False,False,False,72583.0,False,False,False,False
2025-04-04 15:00:00+00:00,4.945,4.98,4.925,4.945,27437.0,,,,,,,,,,,,,,,,,,,,,,,,,,,,,,,,,,,,,,,,,,,,,,,,,,,,,,,,,#000000,,,,,,False,False,False,False,False,,-1.0,4.98,4.925,33.0,0,,,False,False,False,False,,,False,False,False,False,0.0,0.0,False,False,False,False,71883.06201550386,False,False,False,False
2025-04-04 16:00:00+00:00,4.945,4.965,4.885,4.89,58417.0,,,,,,,,,,,,,,,,,,,,,,,,,,,,,,,,,,,,,,,,,,,,,,,,,,,,,,,,,"rgba(239, 83, 80, 0.5)",,,,0.0,,False,False,False,True,False,,0.0,0.0,0.0,0.0,0,,,False,False,False,False,,,False,False,False,False,-58417.0,-905.6899224806201,False,False,False,False,71674.28586022474,False,False,False,False
2025-04-04 17:00:00+00:00,4.895,4.895,4.83,4.865,44279.0,,,,,,,,,,,,,,,,,,,,,,,,,,,,,,,,,,,,,,,,,,,,,,,,,,,,,,,,,"rgba(239, 83, 80, 0.5)",,,,0.0,-50.0,False,False,False,True,True,,0.0,0.0,0.0,0.0,0,,,False,False,False,False,,,False,False,False,False,-102696.0,-2483.8342647677423,False,False,False,False,71249.55274611273,False,False,False,False
2025-04-04 18:00:00+00:00,4.865,4.88,4.81,4.855,151313.0,,,,,,,,,,,,,,,,,,,,,,,,,,,,,,,,,,,,,,,,,,,,,,,,,,,,,,,,,"rgba(239, 83, 80, 0.5)",,,,0.0,-50.0,False,False,False,True,True,,0.0,0.0,0.0,0.0,0,,,False,False,False,False,,,False,False,False,False,-254009.0,-6383.449237407001,False,False,False,False,72490.84650198695,False,False,False,False
2025-04-04 19:00:00+00:00,4.855,4.88,4.84,4.84,137905.0,,,,,,,,,,,,,,,,,,,,,,,,,,,,,,,,,,,,,,,,,,,,,,,,,,,,,,,,,"rgba(239, 83, 80, 0.5)",,,,0.0,-50.0,False,False,False,True,True,,0.0,0.0,0.0,0.0,0,,,False,False,False,False,,,False,False,False,False,-391914.0,-12360.667078687513,False,False,False,False,73505.01942443676,False,False,False,False
2025-04-07 14:00:00+00:00,4.715,4.92,4.695,4.815,67034.0,,,,,,,,,,,,,,,,,,,,,,,,,,,,,,,,,,,,,,,,,,,,,,,,,,,,,,,,,"rgba(239, 83, 80, 0.5)",,,,0.0,-50.0,False,False,False,True,True,,0.0,0.0,0.0,0.0,0,,,False,False,False,False,,,False,False,False,False,-458948.0,-19284.50169762259,False,False,False,False,73404.69354188735,False,False,False,False
2025-04-07 15:00:00+00:00,4.81,4.825,4.665,4.73,36346.0,,,,,,,,,,,,,,,,,,,,,,,,,,,,,,,,,,,,,,,,,,,,,,,,,,,,,,,,,"rgba(239, 83, 80, 0.5)",,,,0.0,-50.0,False,False,False,True,True,,0.0,0.0,0.0,0.0,0,,,False,False,False,False,,,False,False,False,False,-495294.0,-26664.49391936487,False,False,False,False,72830.14015364103,False,False,False,False
2025-04-07 16:00:00+00:00,4.725,4.735,4.635,4.635,27770.0,,,,,,,,,,,,,,,,,,,,,,,,,,,,,,,,,,,,,,,,,,,,,,,,,,,,,,,,,"rgba(239, 83, 80, 0.5)",,,,0.0,-50.0,False,False,False,True,True,,0.0,0.0,0.0,0.0,0,,,False,False,False,False,,,False,False,False,False,-523064.0,-34360.61029270805,False,False,False,False,72131.53332955357,False,False,False,False
2025-04-07 17:00:00+00:00,4.635,4.775,4.635,4.755,17472.0,,,,,,,,,,,,,,,,,,,,,,,,,,,,,,,,,,,,,,,,,,,,,,,,,,,,,,,,,"rgba(239, 83, 80, 0.5)",,,,11.74659750463616,-39.428062245827455,False,False,False,True,True,,0.0,0.0,0.0,0.0,0,,,False,False,False,False,,,False,False,False,False,-505592.0,-41666.52331142576,False,False,False,False,71284.09870428916,False,False,False,False
2025-04-07 18:00:00+00:00,4.755,4.775,4.695,4.71,14576.0,,,,,,,,,,,,,,,,,,,,,,,,,,,,,,,,,,,,,,,,,,,,,,,,,,,,,,,,,"rgba(239, 83, 80, 0.5)",,,,18.05734342846309,-34.45318676466139,False,False,False,True,True,,0.0,0.0,0.0,0.0,0,,,False,False,False,False,,,False,False,False,False,-520168.0,-49085.15085698504,False,False,False,False,70404.9033755405,False,False,False,False
2025-04-07 19:00:00+00:00,4.705,4.735,4.685,4.69,77607.0,,,,,,,,,,,,,,,,,,,,,,,,,,,,,,,,,,,,,,,,,,,,,,,,,,,,,,,,,"rgba(239, 83, 80, 0.5)",,,,21.642955118173333,-31.98067211950014,False,False,False,True,True,,0.0,0.0,0.0,0.0,0,,,False,False,False,False,,,False,False,False,False,-597775.0,-57591.970223543416,False,False,False,False,70516.56378832282,False,False,False,False
2025-04-08 14:00:00+00:00,4.775,4.835,4.745,4.745,24523.0,,,,,,,,,,,,,,,,,,,,,,,,,,,,,,,,,,,,,,,,,,,,,,,,,,,,,,,,,"rgba(239, 83, 80, 0.5)",,,,27.789031191337273,-27.01664067265702,False,False,False,True,True,,0.0,0.0,0.0,0.0,0,,,False,False,False,False,,,False,False,False,False,-573252.0,-65586.69936736445,False,False,False,False,69803.48527997674,False,False,False,False
2025-04-08 15:00:00+00:00,4.745,4.765,4.7,4.755,20912.0,,,,,,,,,,,,,,,,,,,,,,,,,,,,,,,,,,,,,,,,,,,,,,,,,,,,,,,,,"rgba(239, 83, 80, 0.5)",,,,32.51275425123437,-23.32957160503518,False,False,False,True,True,,0.0,0.0,0.0,0.0,0,,,False,False,False,False,,,False,False,False,False,-552340.0,-73133.26216787042,False,False,False,False,69045.47775625618,False,False,False,False
2025-04-08 16:00:00+00:00,4.755,4.765,4.66,4.665,17562.0,,,,,,,,,,,,,,,,,,,,,,,,,,,,,,,,,,,,,,,,,,,,,,,,,,,,,,,,,"rgba(239, 83, 80, 0.5)",,,,32.291175279144284,-23.32957160503518,False,False,False,True,True,,0.0,0.0,0.0,0.0,0,,,False,False,False,False,,,False,False,False,False,-569902.0,-80835.10306449258,False,False,False,False,68247.2843026708,False,False,False,False
2025-04-08 17:00:00+00:00,4.665,4.665,4.595,4.615,16926.0,,,,,,,,,,,,,,,,,,,,,,,,,,,,,,,,,,,,,,,,,,,,,,,,,,,,,,,,,"rgba(239, 83, 80, 0.5)",,,,30.75377217122864,-23.32957160503518,False,False,False,True,False,,0.0,0.0,0.0,0.0,0,,,False,False,False,False,,,False,False,False,False,-586828.0,-88679.95417977177,False,False,False,False,67451.6054762728,False,False,False,False
2025-04-08 18:00:00+00:00,4.615,4.615,4.555,4.595,23208.0,,,,,,,,,,,,,,,,,,,,,,,,,,,,,,,,,,,,,,,,,,,,,,,,,,,,,,,,,"rgba(239, 83, 80, 0.5)",,,,29.215575935302844,-23.32957160503518,False,False,False,True,False,,0.0,0.0,0.0,0.0,0,,,False,False,False,False,,,False,False,False,False,-610036.0,-96762.99364985283,False,False,False,False,66765.65810454763,False,False,False,False
2025-04-08 19:00:00+00:00,4.595,4.6,4.515,4.56,70600.0,,,,,,,,,,,,,,,,,,,,,,,,,,,,,,,,,,,,,,,,,,,,,,,,,,,,,,,,,"rgba(239, 83, 80, 0.5)",,,,27.330039286767196,-23.32957160503518,False,False,False,True,False,,0.0,0.0,0.0,0.0,0,,,False,False,False,False,,,False,False,False,False,-680636.0,-105815.28832194813,False,False,False,False,66825.10526571744,False,False,False,False
2025-04-09 14:00:00+00:00,4.545,4.585,4.46,4.465,125619.0,,,,,,,,,,,,,,,,,,,,,,,,,,,,,,,,,,,,,,,,,,,,,,,,,,4.503333333333333,,,,,,4.503333333333333,"rgba(239, 83, 80, 0.5)",,4.503333333333333,,24.254194524632222,-19.29337213418581,False,False,False,True,False,,0.0,0.0,0.0,0.0,0,,,False,False,False,False,,,False,False,False,False,-806255.0,-116674.81873556133,False,False,False,False,67736.63851741175,False,False,False,False
2025-04-09 15:00:00+00:00,4.465,4.535,4.465,4.505,86913.0,,,,,,,,,,,,,,,,,,,,,,,,,,,,,,,,,,,,,,,,,,,,,,,,,,4.502651765381213,,,,,,4.502651765381213,"rgba(239, 83, 80, 0.5)",,4.502651765381213,,24.90251303767854,-19.29337213418581,False,False,False,True,False,,0.0,0.0,0.0,0.0,0,,,False,False,False,False,,,False,False,False,False,-719342.0,-126018.49596446737,False,False,False,False,68033.94644737436,False,False,False,False
2025-04-09 16:00:00+00:00,4.505,4.585,4.505,4.565,58139.0,,,,,,,,,,,,,,,,,,,,,,,,,,,,,,,,,,,,,,,,,,,,,,,,,,4.513179961404559,,,,,,4.513179961404559,"rgba(239, 83, 80, 0.5)",,4.513179961404559,,28.852031748579506,-19.29337213418581,False,False,False,True,True,,0.0,0.0,0.0,0.0,0,,,False,False,False,False,,,False,False,False,False,-661203.0,-134315.9301355609,False,False,False,False,67880.53642493444,False,False,False,False
2025-04-09 17:00:00+00:00,4.565,4.865,4.56,4.86,44430.0,,,,,,,,,,,,,,,,,,,,,,,,,,,,,,,,,,,,,,,,,,,,,,,,,,4.548217185389236,,,,,,4.548217185389236,"rgba(239, 83, 80, 0.5)",,4.548217185389236,,40.795403228178344,-16.45470193165299,False,False,False,True,True,,0.0,0.0,0.0,0.0,0,,,False,False,False,False,,,False,False,False,False,-616773.0,-141795.88470710258,False,False,False,False,67516.96221679592,False,False,False,False
2025-04-09 18:00:00+00:00,4.855,4.895,4.805,4.845,33043.0,,,,,,,,,,,,,,,,,,,,,,,,,,,,,,,,,,,,,,,,,,,,,,,,,,4.576701771872176,,,,,,4.576701771872176,#000000,,4.576701771872176,,48.22641812303511,-10.090392849499104,False,False,False,False,True,,0.0,0.0,0.0,0.0,0,,,False,False,False,False,,,False,False,False,False,-649816.0,-149672.16556435678,False,False,False,False,66982.48218242697,False,False,False,False
2025-04-09 19:00:00+00:00,4.845,4.945,4.835,4.92,70357.0,,,,,,,,,,,,,,,,,,,,,,,,,,,,,,,,,,,,,,,,,,,,,,,,,,4.631053597641742,,,,,,4.631053597641742,"rgba(38, 166, 154, 0.5)",,4.631053597641742,,54.67809896915892,-4.633899369216152,False,False,True,False,True,,0.0,0.0,0.0,0.0,0,,,False,False,False,False,,,False,False,False,False,-579459.0,-156335.52733855278,False,False,False,False,67034.80028812577,False,False,False,False
2025-04-10 14:00:00+00:00,4.835,4.855,4.805,4.835,31398.0,,,,,,,,,,,,,,,,,,,,,,,,,,,,,,,,,,,,,,,,,,,,,,,,,,4.6450541825313385,,,,,,4.6450541825313385,"rgba(38, 166, 154, 0.5)",,4.6450541825313385,,55.9527556256615,-3.7511483589669723,False,False,True,False,True,,0.0,0.0,0.0,0.0,0,,,False,False,False,False,,,False,False,False,False,-610857.0,-163382.37187593954,False,False,False,False,66482.29175652692,False,False,False,False
2025-04-10 15:00:00+00:00,4.835,4.875,4.815,4.855,41773.0,,,,,,,,,,,,,,,,,,,,,,,,,,,,,,,,,,,,,,,,,,,,,,,,,,4.6623250052880785,,,,,,4.6623250052880785,"rgba(38, 166, 154, 0.5)",,4.6623250052880785,,57.277557377845056,-2.4214902362188084,False,False,True,False,True,,0.0,0.0,0.0,0.0,0,,,False,False,False,False,,,False,False,False,False,-569084.0,-169672.3195987932,False,False,False,False,66099.20196185209,False,False,False,False
2025-04-10 16:00:00+00:00,4.855,4.905,4.805,4.865,157386.0,,,,,,,,,,,,,,,,,,,,,,,,,,,,,,,,,,,,,,,,,,,,,,,,,,4.709853834326054,,,,,,4.709853834326054,"rgba(38, 166, 154, 0.5)",,4.709853834326054,,58.41389726089465,-1.007714359750274,False,False,True,False,True,,0.0,0.0,0.0,0.0,0,,,False,False,False,False,,,False,False,False,False,-411698.0,-173424.65572904446,False,False,False,False,67514.50115624197,False,False,False,False
2025-04-10 17:00:00+00:00,4.865,4.925,4.815,4.905,25707.0,,,,,,,,,,,,,,,,,,,,,,,,,,,,,,,,,,,,,,,,,,,,,,,,,,4.7163995094588484,,,,,,4.7163995094588484,"rgba(38, 166, 154, 0.5)",,4.7163995094588484,,60.20118020212226,1.1552637879684937,False,False,True,False,True,,0.0,0.0,0.0,0.0,0,,,False,False,False,False,,,False,False,False,False,-385991.0,-176720.25796580347,False,False,False,False,66866.32284374209,False,False,False,False
2025-04-10 18:00:00+00:00,4.905,4.965,4.875,4.915,14093.0,,,,,,,,,,,,,,,,,,,,,,,,,,,,,,,,,,,,,,,,,,,,,,,,,,4.720530772186237,,,,,,4.720530772186237,"rgba(38, 166, 154, 0.5)",,4.720530772186237,,61.65378488463154,3.0648895909473453,False,False,True,False,True,,0.0,0.0,0.0,0.0,0,,,False,False,False,False,,,False,False,False,False,-371898.0,-179746.2694702096,False,False,False,False,66048.13179190112,False,False,False,False
2025-04-10 19:00:00+00:00,4.91,4.965,4.875,4.895,55111.0,,,,,,,,,,,,,,,,,,,,,,,,,,,,,,,,,,,,,,,,,,,,,,,,,,4.7346895479964,,,,,,4.7346895479964,"rgba(38, 166, 154, 0.5)",,4.7346895479964,,61.623827453107566,3.6679857451188553,False,False,True,False,True,,0.0,0.0,0.0,0.0,0,,,False,False,False,False,,,False,False,False,False,-427009.0,-183579.80017609784,False,False,False,False,65878.56385714296,False,False,False,False
2025-04-11 14:00:00+00:00,4.9,4.975,4.855,4.885,27472.0,,,,,,,,,,,,,,,,,,,,,,,,,,,,,,,,,,,,,,,,,,,,,,,,,,4.7407545208685224,,,,,,4.7407545208685224,"rgba(38, 166, 154, 0.5)",,4.7407545208685224,,61.08195091386388,3.7953095151154628,False,False,True,False,True,,0.0,0.0,0.0,0.0,0,,,False,False,False,False,,,False,False,False,False,-454481.0,-187779.81877801882,False,False,False,False,65283.11325470663,False,False,False,False
2025-04-11 15:00:00+00:00,4.885,4.935,4.86,4.93,41522.0,,,,,,,,,,,,,,,,,,,,,,,,,,,,,,,,,,,,,,,,,,,,,,,,,,4.749313591147446,,,,,,4.749313591147446,"rgba(38, 166, 154, 0.5)",,4.749313591147446,,62.241637936665235,5.558781689500407,False,False,True,False,True,,0.0,0.0,0.0,0.0,0,,,False,False,False,False,,,False,False,False,False,-412959.0,-191270.96887448366,False,False,False,False,64914.72390192048,False,False,False,False
2025-04-11 16:00:00+00:00,4.935,4.975,4.915,4.975,23706.0,,,,,,,,,,,,,,,,,,,,,,,,,,,,,,,,,,,,,,,,,,,,,,,,,,4.755141465740933,,,,,,4.755141465740933,"rgba(38, 166, 154, 0.5)",,4.755141465740933,,64.35824575442972,8.117465472388531,False,False,True,False,True,,0.0,0.0,0.0,0.0,0,,,False,False,False,False,,,False,False,False,False,-389253.0,-194340.45772914283,False,False,False,False,64275.82895770466,False,False,False,False
2025-04-11 17:00:00+00:00,4.975,5.025,4.96,5.0,30247.0,,,,,,,,,,,,,,,,,,,,,,,,,,,,,,,,,,,,,,,,,,,,,,,,,,4.763510213215583,,,,,,4.763510213215583,"rgba(38, 166, 154, 0.5)",,4.763510213215583,,66.46411222396605,10.54530512393201,False,False,True,False,True,,0.0,0.0,0.0,0.0,0,,,False,False,False,False,,,False,False,False,False,-359006.0,-196893.41187287704,False,False,False,False,63748.25021417435,False,False,False,False
2025-04-11 18:00:00+00:00,5.005,5.04,5.005,5.02,13737.0,,,,,,,,,,,,,,,,,,,,,,,,,,,,,,,,,,,,,,,,,,,,,,,,,,4.7675371059883975,,,,,,4.7675371059883975,"rgba(38, 166, 154, 0.5)",,4.7675371059883975,,68.41893568730043,12.747461361418885,False,False,True,False,True,,0.0,0.0,0.0,0.0,1,,,False,False,False,False,,,False,False,False,False,-345269.0,-199193.80858802624,False,False,False,False,62972.88199379956,False,False,False,False
2025-04-11 19:00:00+00:00,5.025,5.065,5.025,5.04,39401.0,,,,,,,,,,,,,,,,,,,,,,,,,,,,,,,,,,,,,,,,,,,,,,,,,,4.779347985734171,,,,,,4.779347985734171,"rgba(38, 166, 154, 0.5)",,4.779347985734171,,70.27212500083454,14.800483692092442,False,False,True,False,True,,0.0,0.0,0.0,0.0,0,,,False,False,False,False,,,False,False,False,False,-305868.0,-200847.67202077003,False,False,False,False,62607.42645901197,False,False,False,False
2025-04-14 14:00:00+00:00,5.105,5.175,5.095,5.175,30582.0,,,,,,,,,,,,,,,,,,,,,,,,,,,,,,,,,,,,,,,,,,,,,,,,,,4.7912182598456905,,,,,,4.7912182598456905,"rgba(38, 166, 154, 0.5)",,4.7912182598456905,,74.2109138456924,18.692152435783456,False,False,True,False,True,,0.0,0.0,0.0,0.0,0,,,False,False,False,False,,,False,False,False,False,-275286.0,-202001.75462509916,False,False,False,False,62110.90821933736,False,False,False,False
2025-04-14 15:00:00+00:00,5.175,5.2,5.145,5.155,53778.0,,,,,,,,,,,,,,,,,,,,,,,,,,,,,,,,,,,,,,,,,,,,,,,,,,4.8113203934499795,,,,,,4.8113203934499795,"rgba(38, 166, 154, 0.5)",,4.8113203934499795,,75.48561853668906,20.02998024933001,False,False,True,False,True,,0.0,0.0,0.0,0.0,0,,,False,False,False,False,,,False,False,False,False,-329064.0,-203971.71191773328,False,False,False,False,61981.715843843755,False,False,False,False
2025-04-14 16:00:00+00:00,5.155,5.225,5.145,5.205,53191.0,,,,,,,,,,,,,,,,,,,,,,,,,,,,,,,,,,,,,,,,,,,,,,,,,,4.8304494620707485,,,,,,4.8304494620707485,"rgba(38, 166, 154, 0.5)",,4.8304494620707485,,77.22825080483216,21.856973620585094,False,False,True,False,True,,0.0,0.0,0.0,0.0,0,,,False,False,False,False,,,False,False,False,False,-275873.0,-205086.46057017153,False,False,False,False,61845.425675722145,False,False,False,False
2025-04-14 17:00:00+00:00,5.205,5.245,5.175,5.175,22976.0,,,,,,,,,,,,,,,,,,,,,,,,,,,,,,,,,,,,,,,,,,,,,,,,,,4.8382716427551475,,,,,,4.8382716427551475,"rgba(38, 166, 154, 0.5)",,4.8382716427551475,,76.34386588676426,21.856973620585094,False,False,True,False,True,,0.0,0.0,0.0,0.0,0,,,False,False,False,False,,,False,False,False,False,-298849.0,-206540.14335202935,False,False,False,False,61242.79892105978,False,False,False,False
2025-04-14 18:00:00+00:00,5.175,5.19,5.17,5.185,16143.0,,,,,,,,,,,,,,,,,,,,,,,,,,,,,,,,,,,,,,,,,,,,,,,,,,4.8433261741331455,,,,,,4.8433261741331455,"rgba(38, 166, 154, 0.5)",,4.8433261741331455,,75.98927552944501,21.856973620585094,False,False,True,False,True,,0.0,0.0,0.0,0.0,0,,,False,False,False,False,,,False,False,False,False,-282706.0,-207721.00934657152,False,False,False,False,60543.57723236118,False,False,False,False
2025-04-14 19:00:00+00:00,5.185,5.22,5.17,5.2,122469.0,,,,,,,,,,,,,,,,,,,,,,,,,,,,,,,,,,,,,,,,,,,,,,,,,,4.878819534725019,,,,,,4.878819534725019,"rgba(38, 166, 154, 0.5)",,4.878819534725019,,76.12121265359063,21.856973620585094,False,False,True,False,True,,0.0,0.0,0.0,0.0,0,,,False,False,False,False,,,False,False,False,False,-160237.0,-206984.8231551518,False,False,False,False,61503.66130627806,False,False,False,False
2025-04-15 14:00:00+00:00,5.175,5.215,5.16,5.205,23498.0,,,,,,,,,,,,,,,,,,,,,,,,,,,,,,,,,,,,,,,,,,,,,,,,,,4.884766664976786,,,,,,4.884766664976786,"rgba(38, 166, 154, 1.0)",,4.884766664976786,,76.33894516692695,22.19729713857369,True,False,True,False,True,,0.0,0.0,0.0,0.0,0,,,False,False,False,False,,,False,False,False,False,-136739.0,-205895.74062561456,False,False,False,False,60914.426247266,False,False,False,False
2025-04-15 15:00:00+00:00,5.205,5.205,5.175,5.195,22172.0,,,,,,,,,,,,,,,,,,,,,,,,,,,,,,,,,,,,,,,,,,,,,,,,,,4.8901463676303285,,,,,,4.8901463676303285,"rgba(38, 166, 154, 1.0)",,4.8901463676303285,,75.56875781339582,22.19729713857369,True,False,True,False,True,,0.0,0.0,0.0,0.0,0,,,False,False,False,False,,,False,False,False,False,-158911.0,-205167.29503451975,False,False,False,False,60313.76847599055,False,False,False,False
2025-04-15 16:00:00+00:00,5.195,5.215,5.195,5.215,27061.0,,,,,,,,,,,,,,,,,,,,,,,,,,,,,,,,,,,,,,,,,,,,,,,,,,4.8968112004524516,,,,,,4.8968112004524516,"rgba(38, 166, 154, 1.0)",,4.8968112004524516,,75.70011159447556,22.256868663122674,True,False,True,False,True,,0.0,0.0,0.0,0.0,0,,,False,False,False,False,,,False,False,False,False,-131850.0,-204030.59278592255,False,False,False,False,59798.22167791318,False,False,False,False
2025-04-15 17:00:00+00:00,5.215,5.215,5.195,5.205,12187.0,,,,,,,,,,,,,,,,,,,,,,,,,,,,,,,,,,,,,,,,,,,,,,,,,,4.8996912443291505,,,,,,4.8996912443291505,"rgba(38, 166, 154, 0.75)",,4.8996912443291505,,74.76948064937386,22.256868663122674,True,False,True,False,False,,0.0,0.0,0.0,0.0,0,,,False,False,False,False,,,False,False,False,False,-144037.0,-203100.45956443538,False,False,False,False,59060.06320228661,False,False,False,False
2025-04-15 18:00:00+00:00,5.205,5.21,5.195,5.21,21542.0,,,,,,,,,,,,,,,,,,,,,,,,,,,,,,,,,,,,,,,,,,,,,,,,,,4.904652543564065,,,,,,4.904652543564065,"rgba(38, 166, 154, 0.75)",,4.904652543564065,,74.34880609247038,22.256868663122674,True,False,True,False,False,,0.0,0.0,0.0,0.0,0,,,False,False,False,False,,,False,False,False,False,-122495.0,-201850.76251692476,False,False,False,False,58478.38780380155,False,False,False,False
2025-04-15 19:00:00+00:00,5.205,5.215,5.165,5.18,27621.0,,,,,,,,,,,,,,,,,,,,,,,,,,,,,,,,,,,,,,,,,,,,,,,,,,4.910408593036838,,,,,,4.910408593036838,"rgba(38, 166, 154, 0.75)",,4.910408593036838,,70.88531938825457,23.85939321286267,True,False,True,False,False,,0.0,0.0,0.0,0.0,0,,,False,False,False,False,,,False,False,False,False,-150116.0,-201048.6731755771,False,False,False,False,57999.97869056431,False,False,False,False
2025-04-16 14:00:00+00:00,5.285,5.31,5.27,5.28,43919.0,,,,,,,,,,,,,,,,,,,,,,,,,,,,,,,,,,,,,,,,,,,,,,,,,,4.922235791094478,,,,,,4.922235791094478,"rgba(38, 166, 154, 1.0)",,4.922235791094478,,72.51175161990736,23.85939321286267,True,False,True,False,True,,0.0,0.0,0.0,0.0,0,,,False,False,False,False,,,False,False,False,False,-106197.0,-199578.10459921157,False,False,False,False,57781.66894342378,False,False,False,False
2025-04-16 15:00:00+00:00,5.285,5.285,5.27,5.275,18423.0,,,,,,,,,,,,,,,,,,,,,,,,,,,,,,,,,,,,,,,,,,,,,,,,,,4.926848397917703,,,,,,4.926848397917703,"rgba(38, 166, 154, 1.0)",,4.926848397917703,,73.13911339454125,23.85939321286267,True,False,True,False,True,18.85656686127405,0.0,0.0,0.0,0.0,0,,,False,False,False,False,,,False,False,False,False,-124620.0,-198415.96344263465,False,False,False,False,57171.4570218203,False,False,False,False
2025-04-16 16:00:00+00:00,5.275,5.285,5.265,5.285,1875.0,,,,,,,,,,,,,,,,,,,,,,,,,,,,,,,,,,,,,,,,,,,,,,,,,,4.927313328032889,,,,,,4.927313328032889,"rgba(38, 166, 154, 1.0)",,4.927313328032889,,73.89122487790286,20.888642867383354,True,False,True,False,True,19.299183047595715,0.0,0.0,0.0,0.0,0,,,False,False,False,False,,,False,False,False,False,-122745.0,-197242.7702109659,False,False,False,False,56314.14761062929,False,False,False,False
2025-04-16 17:00:00+00:00,5.285,5.285,5.245,5.255,26837.0,,,,,,,,,,,,,,,,,,,,,,,,,,,,,,,,,,,,,,,,,,,,,,,,,,4.933525933859899,,,,,,4.933525933859899,"rgba(38, 166, 154, 0.75)",,4.933525933859899,,71.46174323679024,20.888642867383354,True,False,True,False,False,17.077025801681135,0.0,0.0,0.0,0.0,0,,,False,False,False,False,,,False,False,False,False,-149582.0,-196503.84354102841,False,False,False,False,55857.13757015442,False,False,False,False
2025-04-16 18:00:00+00:00,5.255,5.275,5.25,5.255,53413.0,,,,,,,,,,,,,,,,,,,,,,,,,,,,,,,,,,,,,,,,,,,,,,,,,,4.945168774173906,,,,,,4.945168774173906,"rgba(38, 166, 154, 0.75)",,4.945168774173906,,69.84208880938182,23.031423247177457,True,False,True,False,False,17.077025801681135,0.0,0.0,0.0,0.0,0,,,False,False,False,False,,,False,False,False,False,-149582.0,-195776.37309853185,False,False,False,False,55819.24396441559,False,False,False,False
2025-04-16 19:00:00+00:00,5.255,5.275,5.235,5.275,92361.0,,,,,,,,,,,,,,,,,,,,,,,,,,,,,,,,,,,,,,,,,,,,,,,,,,4.963552539396844,,,,,,4.963552539396844,"rgba(38, 166, 154, 0.75)",,4.963552539396844,,69.75960212238599,22.891177298843672,True,False,True,False,False,18.00926572841638,0.0,0.0,0.0,0.0,0,,,False,False,False,False,,,False,False,False,False,-57221.0,-193628.22777917478,False,False,False,False,56385.78281768046,False,False,False,False
2025-04-17 14:00:00+00:00,5.425,5.435,5.355,5.395,106802.0,,,,,,,,,,,,,,,,,,,,,,,,,,,,,,,,,,,,,,,,,,,,,,,,,,4.990707553285277,,,,,,4.990707553285277,"rgba(38, 166, 154, 1.0)",,4.990707553285277,,73.5237976930513,20.178031893841677,True,False,True,False,True,20.0,0.0,0.0,0.0,0.0,0,,,False,False,False,False,,,False,False,False,False,49581.0,-189857.54207717208,False,False,False,False,57167.42959570092,False,False,False,False
2025-04-17 15:00:00+00:00,5.395,5.415,5.375,5.39,41656.0,,,,,,,,,,,,,,,,,,,,,,,,,,,,,,,,,,,,,,,,,,,,,,,,,,5.000354490689612,,,,,,5.000354490689612,"rgba(38, 166, 154, 1.0)",,5.000354490689612,,75.56431598742766,22.011246992187537,True,False,True,False,True,20.0,0.0,0.0,0.0,0.0,0,,,False,False,False,False,,,False,False,False,False,7925.0,-186791.14607597562,False,False,False,False,56926.94231514742,False,False,False,False
2025-04-17 16:00:00+00:00,5.385,5.475,5.385,5.475,54502.0,,,,,,,,,,,,,,,,,,,,,,,,,,,,,,,,,,,,,,,,,,,,,,,,,,5.013869957276063,,,,,,5.013869957276063,"rgba(38, 166, 154, 1.0)",,5.013869957276063,,78.61561931211584,24.766868698756994,True,False,True,False,True,20.0,0.0,0.0,0.0,0.0,0,,,False,False,False,False,,,False,False,False,False,62427.0,-182927.2988499915,False,False,False,False,56889.34631026141,False,False,False,False
2025-04-17 17:00:00+00:00,5.475,5.485,5.425,5.445,49615.0,,,,,,,,,,,,,,,,,,,,,,,,,,,,,,,,,,,,,,,,,,,,,,,,,,5.025657852678467,,,,,,5.025657852678467,"rgba(38, 166, 154, 1.0)",,5.238662259672568,,78.10697412179607,24.766868698756994,True,False,True,False,True,20.0,0.0,0.0,0.0,0.0,0,,,False,False,False,False,,,False,False,False,False,12812.0,-179892.5810383637,False,False,False,False,56776.56574731162,False,False,False,False
2025-04-17 18:00:00+00:00,5.445,5.45,5.41,5.42,60930.0,,,,,,,,,,,,,,,,,,,,,,,,,,,,,,,,,,,,,,,,,,,,,,,,,,5.0384932052676845,,,,,,5.0384932052676845,"rgba(38, 166, 154, 0.75)",,5.238190207802175,,75.76748952579882,24.766868698756994,True,False,True,False,False,20.0,0.0,0.0,0.0,0.0,0,,,False,False,False,False,,,False,False,False,False,-48118.0,-177849.564278079,False,False,False,False,56840.96007681066,False,False,False,False
2025-04-17 19:00:00+00:00,5.425,5.425,5.39,5.405,128289.0,,,,,,,,,,,,,,,,,,,,,,,,,,,,,,,,,,,,,,,,,,,,,,,,,,5.061738787319824,,,,,,5.061738787319824,"rgba(38, 166, 154, 0.75)",,5.241427985959724,,73.02484623932187,27.287318054678394,True,False,True,False,False,20.0,0.0,0.0,0.0,0.0,0,,,False,False,False,False,,,False,False,False,False,-176407.0,-177827.19894043435,False,False,False,False,57948.68162600739,False,False,False,False
2025-04-18 14:00:00+00:00,5.405,5.405,5.405,5.405,0.0,,,,,,,,,,,,,,,,,,,,,,,,,,,,,,,,,,,,,,,,,,,,,,,,,,5.061738787319824,,,,,,5.061738787319824,"rgba(38, 166, 154, 0.75)",,5.241427985959724,,71.19641738167057,25.59659743339877,True,False,True,False,False,20.0,0.0,0.0,0.0,0.0,0,,,False,False,False,False,,,False,False,False,False,-176407.0,-177805.18035221056,False,False,False,False,57050.25245351115,False,False,False,False
2025-04-18 15:00:00+00:00,5.405,5.405,5.405,5.405,0.0,,,,,,,,,,,,,,,,,,,,,,,,,,,,,,,,,,,,,,,,,,,,,,,,,,5.061738787319824,,,,,,5.061738787319824,"rgba(38, 166, 154, 0.75)",,5.241427985959724,,69.97746480990304,24.41166618801674,True,False,True,False,False,20.0,0.0,0.0,0.0,0.0,0,,,False,False,False,False,,,False,False,False,False,-176407.0,-177783.5031374476,False,False,False,False,56165.75241547222,False,False,False,False
2025-04-18 16:00:00+00:00,5.405,5.405,5.405,5.405,0.0,,,,,,,,,,,,,,,,,,,,,,,,,,,,,,,,,,,,,,,,,,,,,,,,,,5.061738787319824,,,,,,5.061738787319824,"rgba(38, 166, 154, 0.5)",,5.241427985959724,,69.16482976205802,23.524700238718395,False,False,True,False,False,20.0,0.0,0.0,0.0,0.0,0,,,False,False,False,False,,,False,False,False,False,-176407.0,-177762.16200353368,False,False,False,False,55294.96555631761,False,False,False,False
2025-04-18 17:00:00+00:00,5.405,5.405,5.405,5.405,0.0,,,,,,,,,,,,,,,,,,,,,,,,,,,,,,,,,,,,,,,,,,,,,,,,,,5.061738787319824,,,,,,5.061738787319824,"rgba(38, 166, 154, 0.5)",,5.241427985959724,,68.62307306349467,22.815152614014835,False,False,True,False,False,20.0,0.0,0.0,0.0,0.0,0,,,False,False,False,False,,,False,False,False,False,-176407.0,-177741.151739913,False,False,False,False,54437.67926862276,False,False,False,False
2025-04-18 18:00:00+00:00,5.405,5.405,5.405,5.405,0.0,,,,,,,,,,,,,,,,,,,,,,,,,,,,,,,,,,,,,,,,,,,,,,,,,,5.061738787319824,,,,,,5.061738787319824,"rgba(38, 166, 154, 0.5)",,5.241427985959724,,68.2619019311191,22.215029220126283,False,False,True,False,False,20.0,0.0,0.0,0.0,0.0,0,,,False,False,False,False,,,False,False,False,False,-176407.0,-177720.4672168136,False,False,False,False,53593.68424120225,False,False,False,False
2025-04-18 19:00:00+00:00,5.405,5.405,5.405,5.405,0.0,,,,,,,,,,,,,,,,,,,,,,,,,,,,,,,,,,,,,,,,,,,,,,,,,,5.061738787319824,,,,,,5.061738787319824,"rgba(38, 166, 154, 0.5)",,5.241427985959724,,68.02112117620206,21.687272001772342,False,False,True,False,False,20.0,0.0,0.0,0.0,0.0,0,,,False,False,False,False,,,False,False,False,False,-176407.0,-177700.10338399478,False,False,False,False,52762.774408005316,False,False,False,False
2025-04-21 14:00:00+00:00,5.365,5.375,5.315,5.345,45373.0,,,,,,,,,,,,,,,,,,,,,,,,,,,,,,,,,,,,,,,,,,,,,,,,,,5.067925954703026,,,,,,5.067925954703026,"rgba(38, 166, 154, 0.5)",,5.238445602105067,,60.81573705155725,14.872115319969595,False,True,True,False,False,16.28376766054972,0.0,0.0,0.0,0.0,0,,,False,False,False,False,,,False,False,False,False,-221780.0,-178383.51263385534,False,False,False,False,52648.20426214477,False,False,False,False
2025-04-21 15:00:00+00:00,5.345,5.355,5.305,5.305,51970.0,,,,,,,,,,,,,,,,,,,,,,,,,,,,,,,,,,,,,,,,,,,,,,,,,,5.074119202525723,,,,,,5.074119202525723,#000000,,5.234794430435192,,53.07191464516813,7.99016558690181,False,True,False,False,False,13.380589821857939,0.0,0.0,0.0,0.0,0,,,False,False,False,False,,,False,False,False,False,-273750.0,-179862.0628255785,False,False,False,False,52637.689467382836,False,False,False,False
2025-04-21 16:00:00+00:00,5.305,5.325,5.295,5.315,46050.0,,,,,,,,,,,,,,,,,,,,,,,,,,,,,,,,,,,,,,,,,,,,,,,,,,5.079147987539434,,,,,,5.079147987539434,"rgba(239, 83, 80, 1.0)",,5.232260608442847,,48.965176180685376,4.648969442123644,False,True,False,True,False,13.876499103647415,0.0,0.0,0.0,0.0,0,,,False,False,False,False,,,False,False,False,False,-227700.0,-180603.73627014318,False,False,False,False,52535.554746958296,False,False,False,False
2025-04-21 17:00:00+00:00,5.315,5.315,5.285,5.29,37385.0,,,,,,,,,,,,,,,,,,,,,,,,,,,,,,,,,,,,,,,,,,,,,,,,,,5.082823149727434,,,,,,5.082823149727434,"rgba(239, 83, 80, 1.0)",,5.230146568937608,,44.530719177561004,0.9205534934651141,False,True,False,True,False,12.088531681749402,0.0,0.0,0.0,0.0,0,,,False,False,False,False,,,False,False,False,False,-265085.0,-181913.5233047146,False,False,False,False,52300.66242530003,False,False,False,False
2025-04-21 18:00:00+00:00,5.295,5.295,5.255,5.255,71284.0,,,,,,,,,,,,,,,,,,,,,,,,,,,,,,,,,,,,,,,,,,,,,,,,,,5.088613058266979,,,,,,5.088613058266979,"rgba(239, 83, 80, 1.0)",,5.239522808531764,,39.62037243371903,-3.302485673770697,False,True,False,True,False,9.65559781913506,0.0,0.0,0.0,0.0,0,,,False,False,False,False,,,False,False,False,False,-336369.0,-184308.18185812986,False,False,False,False,52594.97773653568,False,False,False,False
2025-04-21 19:00:00+00:00,5.255,5.325,5.255,5.325,66496.0,,,,,,,,,,,,,,,,,,,,,,,,,,,,,,,,,,,,,,,,,,,,,,,,,,5.094640494985224,,,,,,5.094640494985224,"rgba(239, 83, 80, 0.75)",,5.258799357306345,,42.664767342977456,-3.302485673770697,False,True,False,True,True,13.180128939884149,0.0,0.0,0.0,0.0,0,,,False,False,False,False,,,False,False,False,False,-269873.0,-185634.7681859108,False,False,False,False,52810.49746155063,False,False,False,False
2025-04-22 14:00:00+00:00,5.395,5.405,5.365,5.38,33664.0,,,,,,,,,,,,,,,,,,,,,,,,,,,,,,,,,,,,,,,,,,,,,,,,,,5.098716868600184,,,,,,5.098716868600184,#000000,,5.2719470367800225,,47.98566180303947,-10.07845292258201,False,True,False,False,True,15.742685727433141,0.0,0.0,0.0,0.0,0,,,False,False,False,False,,,False,False,False,False,-236209.0,-186418.8648031835,False,False,False,False,52513.652539666116,False,False,False,False
2025-04-22 15:00:00+00:00,5.375,5.425,5.375,5.425,54964.0,,,,,,,,,,,,,,,,,,,,,,,,,,,,,,,,,,,,,,,,,,,,,,,,,,5.1056939851414045,,,,,,5.1056939851414045,"rgba(38, 166, 154, 0.5)",,5.288160929200279,,53.61029127739877,-5.030196794702782,False,True,True,False,True,17.72483122212517,0.0,0.0,0.0,0.0,0,,,False,False,False,False,,,False,False,False,False,-181245.0,-186338.6498449946,False,False,False,False,52551.64242277206,False,False,False,False
2025-04-22 16:00:00+00:00,5.425,5.445,5.385,5.395,45512.0,,,,,,,,,,,,,,,,,,,,,,,,,,,,,,,,,,,,,,,,,,,,,,,,,,5.111237636142296,,,,,,5.111237636142296,"rgba(38, 166, 154, 0.5)",0.2817237481474907,5.318902181360999,0.2701150298453414,55.16546876021911,-3.653796479027662,False,True,True,False,True,15.661824302621444,0.0,0.0,0.0,0.0,0,,,False,False,False,False,,,False,False,False,False,-226757.0,-186965.29093266907,False,False,False,False,52442.50067978335,False,False,False,False
2025-04-22 17:00:00+00:00,5.395,5.395,5.345,5.35,19092.0,,,,,,,,,,,,,,,,,,,,,,,,,,,,,,,,,,,,,,,,,,,,,,,,,,5.113160006220162,,,,,,5.113160006220162,"rgba(38, 166, 154, 0.5)",0.28328521583999755,5.316804181909445,0.11718161144457268,53.36143873959835,-3.653796479027662,False,True,True,False,True,12.676091112984821,0.0,0.0,0.0,0.0,0,,,False,False,False,False,,,False,False,False,False,-245849.0,-187878.21665464318,False,False,False,False,51925.438653740195,False,False,False,False
2025-04-22 18:00:00+00:00,5.355,5.415,5.35,5.405,50393.0,,,,,,,,,,,,,,,,,,,,,,,,,,,,,,,,,,,,,,,,,,,,,,,,,,5.118622170000745,,,,,,5.118622170000745,"rgba(38, 166, 154, 0.5)",0.2855219181880198,5.319976167960198,0.2977839059760475,54.96283303598851,-3.5710806704716447,False,True,True,False,True,15.134897717400708,0.0,0.0,0.0,0.0,0,,,False,False,False,False,,,False,False,False,False,-195456.0,-187995.7016677495,False,False,False,False,51901.67991492252,False,False,False,False
2025-04-22 19:00:00+00:00,5.405,5.405,5.365,5.39,39887.0,,,,,,,,,,,,,,,,,,,,,,,,,,,,,,,,,,,,,,,,,,,,,,,,,,5.122743847323622,,,,,,5.122743847323622,"rgba(38, 166, 154, 0.5)",0.2869602571597497,5.321816600591031,0.23760572311939002,55.08315282405922,-2.97589947310847,False,True,True,False,True,14.156032459926642,0.0,0.0,0.0,0.0,0,,,False,False,False,False,,,False,False,False,False,-235343.0,-188729.76830855958,False,False,False,False,51715.405807714415,False,False,False,False
2025-04-23 14:00:00+00:00,5.37,5.385,5.34,5.365,38550.0,,,,,,,,,,,,,,,,,,,,,,,,,,,,,,,,,,,,,,,,,,,,,,,,,,5.12626698818418,,,,,,5.12626698818418,"rgba(38, 166, 154, 0.5)",0.28764854368601483,5.321303403929731,0.151909672513297,53.61577251392539,-2.97589947310847,False,True,True,False,True,12.539235924755591,0.0,0.0,0.0,0.0,0,,,False,False,False,False,,,False,False,False,False,-273893.0,-190050.12848982224,False,False,False,False,51511.29098899016,False,False,False,False
2025-04-23 15:00:00+00:00,5.365,5.365,5.285,5.295,24431.0,,,,,,,,,,,,,,,,,,,,,,,,,,,,,,,,,,,,,,,,,,,,,,,,,,5.1280024146761924,,,,,,5.1280024146761924,#000000,0.28729692396982437,5.318572692582758,-0.08204993028478741,49.10541071343587,-2.97589947310847,False,True,False,False,False,8.227015870621663,0.0,0.0,0.0,0.0,0,,,False,False,False,False,,,False,False,False,False,-298324.0,-191728.79316439864,False,False,False,False,51091.44151629263,False,False,False,False
2025-04-23 16:00:00+00:00,5.295,5.295,5.275,5.275,39505.0,,,,,,,,,,,,,,,,,,,,,,,,,,,,,,,,,,,,,,,,,,,,,,,,,,5.130253708700668,,,,,,5.130253708700668,"rgba(239, 83, 80, 1.0)",0.28647047550024046,5.312503413972587,-0.13091545963715015,45.25709936940678,2.663791353534897,False,True,False,True,False,7.048662497997892,0.0,0.0,0.0,0.0,0,,,False,False,False,False,,,False,False,False,False,-337829.0,-193993.9126502219,False,False,False,False,50911.806764102046,False,False,False,False
2025-04-23 17:00:00+00:00,5.275,5.295,5.245,5.27,7984.0,,,,,,,,,,,,,,,,,,,,,,,,,,,,,,,,,,,,,,,,,,,,,,,,,,5.130666265843722,,,,,,5.130666265843722,"rgba(239, 83, 80, 1.0)",0.2851524485585201,5.31127085284363,-0.14473259146908757,42.47367463227679,-0.14637639448818618,False,True,False,True,False,6.753384627122262,0.0,0.0,0.0,0.0,0,,,False,False,False,False,,,False,False,False,False,-345813.0,-196347.69695021847,False,False,False,False,50246.25937241054,False,False,False,False
2025-04-23 18:00:00+00:00,5.265,5.285,5.245,5.245,13531.0,,,,,,,,,,,,,,,,,,,,,,,,,,,,,,,,,,,,,,,,,,,,,,,,,,5.131301837611224,,,,,,5.131301837611224,"rgba(239, 83, 80, 1.0)",0.2821411058382032,5.30901319345535,-0.2268836129537915,39.52116488143295,-3.1159486561486176,False,True,False,True,False,5.27935171611033,0.0,0.0,0.0,0.0,0,,,False,False,False,False,,,False,False,False,False,-359344.0,-198874.77141610655,False,False,False,False,49677.0305449313,False,False,False,False
2025-04-23 19:00:00+00:00,5.245,5.255,5.225,5.235,52439.0,,,,,,,,,,,,,,,,,,,,,,,,,,,,,,,,,,,,,,,,,,,,,,,,,,5.133327758939784,,,,,,5.133327758939784,"rgba(239, 83, 80, 1.0)",0.27684190694589933,5.2999075012530925,-0.23445692153022363,37.120576559775195,-5.58191361105996,False,True,False,True,False,4.692869538415437,0.0,0.0,0.0,0.0,0,,,False,False,False,False,,,False,False,False,False,-411783.0,-202175.67418484908,False,False,False,False,49719.85177679283,False,False,False,False
2025-04-24 14:00:00+00:00,5.235,5.265,5.215,5.225,26073.0,,,,,,,,,,,,,,,,,,,,,,,,,,,,,,,,,,,,,,,,,,,,,,,,,,5.134275701098893,,,,,,5.134275701098893,"rgba(239, 83, 80, 1.0)",0.2737318343143846,5.29601870259054,-0.25944626706798773,35.07210821235695,-7.7592765621852635,False,True,False,True,False,4.10318619114415,0.0,0.0,0.0,0.0,0,,,False,False,False,False,,,False,False,False,False,-437856.0,-205829.63272461886,False,False,True,False,49353.23391978828,False,False,True,False
2025-04-24 15:00:00+00:00,5.225,5.285,5.22,5.275,48946.0,,,,,,,,,,,,,,,,,,,,,,,,,,,,,,,,,,,,,,,,,,,,,,,,,,5.136438366266316,,,,,,5.136438366266316,"rgba(239, 83, 80, 1.0)",0.26982122877100695,5.2915212705057915,-0.061230432390523476,38.068778114219164,-7.7592765621852635,False,True,False,True,False,6.682334663423749,0.0,0.0,0.0,0.0,0,,,False,False,False,False,,,False,False,False,False,-388910.0,-208668.0880312139,False,False,False,False,49346.92021560552,False,False,False,False
2025-04-24 16:00:00+00:00,5.275,5.305,5.27,5.285,16379.0,,,,,,,,,,,,,,,,,,,,,,,,,,,,,,,,,,,,,,,,,,,,,,,,,,5.137298169849041,,,,,,5.137298169849041,"rgba(239, 83, 80, 0.75)",0.2652550531907805,5.290808405668426,-0.02189743644298604,40.82944076541585,-7.7592765621852635,False,True,False,True,True,7.185805309027728,0.0,0.0,0.0,0.0,0,,,False,False,False,False,,,False,False,False,False,-372531.0,-211208.59829429584,False,False,False,False,48835.789669627135,False,False,False,False
2025-04-24 17:00:00+00:00,5.285,5.3,5.275,5.28,12513.0,,,,,,,,,,,,,,,,,,,,,,,,,,,,,,,,,,,,,,,,,,,,,,,,,,5.137941172343435,,,,,,5.137941172343435,"rgba(239, 83, 80, 0.75)",0.26156438581719893,5.290267038349648,-0.03925243231249033,42.3223067211135,-14.558190423465057,False,True,False,True,True,6.877946200784546,0.0,0.0,0.0,0.0,0,,,False,False,False,False,,,False,False,False,False,-385044.0,-213903.720801361,False,False,False,False,48272.64564374144,False,False,False,False
2025-04-24 18:00:00+00:00,5.285,5.295,5.265,5.275,33806.0,,,,,,,,,,,,,,,,,,,,,,,,,,,,,,,,,,,,,,,,,,,,,,,,,,5.139573186324419,,,,,,5.139573186324419,"rgba(239, 83, 80, 0.75)",0.2578030535397418,5.288642306814839,-0.05291755325440828,42.94475931631996,-13.616441619498048,False,True,False,True,True,6.566172699023422,0.0,0.0,0.0,0.0,0,,,False,False,False,False,,,False,False,False,False,-418850.0,-217081.18249436314,False,False,False,False,48048.35656399351,False,False,False,False
2025-04-24 19:00:00+00:00,5.275,5.305,5.265,5.285,104916.0,,,,,,,,,,,,,,,,,,,,,,,,,,,,,,,,,,,,,,,,,,,,,,,,,,5.144637043640435,,,,,,5.144637043640435,"rgba(239, 83, 80, 0.75)",0.25166565837158666,5.285453103121993,-0.001800416969581009,44.33857210103255,-11.895212502217248,False,True,False,True,True,7.0938703473368925,0.0,0.0,0.0,0.0,0,,,False,False,False,False,,,False,False,False,False,-313934.0,-218582.77656421796,False,False,False,False,48930.025454474235,False,False,False,False
2025-04-25 14:00:00+00:00,5.165,5.245,5.16,5.225,15270.0,,,,,,,,,,,,,,,,,,,,,,,,,,,,,,,,,,,,,,,,,,,,,,,,,5.21,5.144966630992191,,,5.21,,,5.1774833154960955,"rgba(239, 83, 80, 1.0)",0.24334600732142664,5.271532871664813,-0.19122101972007993,41.15083983789721,-11.895212502217248,False,True,False,True,False,3.3928948803042687,1.0,5.245,5.16,0.0,0,,,False,False,False,False,,,False,False,False,False,-329204.0,-220297.8342919045,False,False,True,False,48408.164594714945,False,False,True,False
2025-04-25 15:00:00+00:00,5.225,5.265,5.22,5.265,58699.0,,,,,,,,,,,,,,,,,,,,,,,,,,,,,,,,,,,,,,,,,,,,,,,,,5.241742486717409,5.146963824950674,,,5.241742486717409,,,5.194353155834042,"rgba(239, 83, 80, 1.0)",0.2339239885784119,5.274104718608308,-0.03892169701636527,42.59718502623684,-11.895212502217248,False,True,False,True,False,5.523609986142123,0.0,0.0,0.0,0.0,0,,,False,False,False,False,,,False,False,False,False,-270505.0,-221076.23996179743,False,False,False,False,48567.7124304558,False,False,False,False
2025-04-25 16:00:00+00:00,5.265,5.305,5.265,5.275,44861.0,,,,,,,,,,,,,,,,,,,,,,,,,,,,,,,,,,,,,,,,,,,,,,,,,5.256814763387473,5.14889331311963,,,5.256814763387473,,,5.202854038253552,"rgba(239, 83, 80, 0.75)",0.22248949767702997,5.275937470750703,-0.004213550574255328,44.36382006467742,-11.360690421345375,False,True,False,True,True,6.047013079309213,0.0,0.0,0.0,0.0,1,,,False,False,False,False,,,False,False,False,False,-225644.0,-221147.05794688585,False,False,False,False,48510.24402068129,False,False,False,False
2025-04-25 17:00:00+00:00,5.275,5.275,5.245,5.255,38964.0,,,,,,,,,,,,,,,,,,,,,,,,,,,,,,,,,,,,,,,,,,,,,,,,,5.257189743167252,5.150238139841065,,,5.257189743167252,,,5.203713941504159,"rgba(239, 83, 80, 0.75)",0.20565349586224133,5.274785292492623,-0.09620693492064959,44.09857339035818,-11.308052303735764,False,True,False,True,True,4.819817754094441,0.0,0.0,0.0,0.0,1,,,False,False,False,False,,,False,False,False,False,-264608.0,-221820.8710019729,False,False,False,False,48362.24023741492,False,False,False,False
2025-04-25 18:00:00+00:00,5.255,5.285,5.255,5.285,7056.0,,,,,,,,,,,,,,,,,,,,,,,,,,,,,,,,,,,,,,,,,,,,,,,,,5.257952067536144,5.150515153822762,,,5.257952067536144,,,5.204233610679453,"rgba(239, 83, 80, 0.75)",0.18892743733131284,5.274793686090628,0.05402240168787193,46.41105134138938,-8.807110853209458,False,True,False,True,True,6.409483924701526,0.0,0.0,0.0,0.0,1,,,False,False,False,False,,,False,False,False,False,-257552.0,-222374.84199419038,False,False,False,False,47721.83341202864,False,False,False,False
2025-04-25 19:00:00+00:00,5.285,5.29,5.265,5.27,38691.0,,,,,,,,,,,,,,,,,,,,,,,,,,,,,,,,,,,,,,,,,,,,,,,,,5.261192699914678,5.1520125340164595,,,5.261192699914678,,,5.206602616965569,"rgba(239, 83, 80, 0.75)",0.1731140331355868,5.274721014839376,-0.027271127324953542,46.7740891914699,-8.151033660676177,False,True,False,True,True,5.479404317109033,0.0,0.0,0.0,0.0,1,,,False,False,False,False,,,False,False,False,False,-296243.0,-223520.08475397038,False,False,False,False,47581.820490911916,False,False,False,False
2025-04-28 14:00:00+00:00,5.275,5.295,5.245,5.295,26313.0,,,,,,,,,,,,,,,,,,,,,,,,,,,,,,,,,,,,,,,,,,,,,,,,,5.2631549084781355,5.153037507456047,,,5.2631549084781355,,,5.208096207967092,#000000,0.16801096596557402,5.2747272715444815,0.12066312659420317,49.028045942719174,-5.73792249129621,False,False,False,False,True,6.804428988723043,0.0,0.0,0.0,0.0,1,,,False,False,False,False,,,False,False,False,False,-269930.0,-224239.61832367626,False,False,False,False,47252.07133601405,False,False,False,False
2025-04-28 15:00:00+00:00,5.295,5.31,5.285,5.285,29215.0,,,,,,,,,,,,,,,,,,,,,,,,,,,,,,,,,,,,,,,,,,,,,,,,,5.266558104854949,5.154290138039452,,,5.266558104854949,,,5.2104241214472005,#000000,0.16201504212225007,5.275265750750916,0.06008237952213917,49.652861076895604,-4.883091305573167,False,False,False,False,True,6.1729545875349245,0.0,0.0,0.0,0.0,1,,,False,False,False,False,,,False,False,False,False,-299145.0,-225400.942070596,False,False,False,False,46972.426819176624,False,False,False,False
2025-04-28 16:00:00+00:00,5.285,5.325,5.275,5.315,19272.0,,,,,,,,,,,,,,,,,,,,,,,,,,,,,,,,,,,,,,,,,,,,,,,,,5.269219775982219,5.1551725887013955,,,5.269219775982219,,,5.212196182341807,"rgba(38, 166, 154, 0.5)",0.1580300176753995,5.275847150469982,0.24775577517456243,52.39958220249902,-2.082393924241515,False,False,True,False,True,7.761830542015652,0.0,0.0,0.0,0.0,1,,,False,False,False,False,,,False,False,False,False,-279873.0,-226245.47010050924,False,False,False,False,46542.96283748397,False,False,False,False
2025-04-28 17:00:00+00:00,5.315,5.32,5.295,5.315,34694.0,,,,,,,,,,,,,,,,,,,,,,,,,,,,,,,,,,,,,,,,,,,,,,,,,5.273739491324186,5.1567875804927965,,,5.273739491324186,,,5.215263535908491,"rgba(38, 166, 154, 1.0)",0.1509855013622905,5.276957172032634,0.25196345095468875,54.23072961956796,-0.220537400143769,True,False,True,False,True,7.761830542015652,0.0,0.0,0.0,0.0,1,,,False,False,False,False,,,False,False,False,False,-279873.0,-227076.90467259436,False,False,False,False,46359.25798729041,False,False,False,False
2025-04-28 18:00:00+00:00,5.315,5.325,5.31,5.31,24030.0,,,,,,,,,,,,,,,,,,,,,,,,,,,,,,,,,,,,,,,,,,,,,,,,,5.276681030859527,5.157922424199367,,,5.276681030859527,,,5.217301727529447,"rgba(38, 166, 154, 1.0)",0.14404413112554196,5.277763983784756,0.22379263884863285,54.888818671596994,0.5694472559692585,True,False,True,False,True,7.431597003602928,0.0,0.0,0.0,0.0,0,,,False,False,False,False,,,False,False,False,False,-303903.0,-228268.00692573242,False,False,False,False,46013.06794097583,False,False,False,False
2025-04-28 19:00:00+00:00,5.315,5.355,5.315,5.35,52694.0,,,,,,,,,,,,,,,,,,,,,,,,,,,,,,,,,,,,,,,,,,,,,,,,,5.285241525318637,5.160741984978244,,,5.285241525318637,,,5.22299175514844,"rgba(38, 166, 154, 1.0)",0.1371544141955845,5.2806632551982755,0.5055378290840044,58.36210313396126,3.9525913153359724,True,False,True,False,True,9.563060885803552,0.0,0.0,0.0,0.0,0,,,False,False,False,False,,,False,False,False,False,-251209.0,-228623.68123696136,False,False,False,False,46116.6482829762,False,False,False,False
2025-04-29 14:00:00+00:00,5.355,5.37,5.325,5.37,18243.0,,,,,,,,,,,,,,,,,,,,,,,,,,,,,,,,,,,,,,,,,,,,,,,,,5.288360637121059,5.161777882814032,,,5.288360637121059,,,5.225069259967546,"rgba(38, 166, 154, 1.0)",0.13134412540833296,5.281833120144203,0.6712662601520788,61.88819528552483,7.244764866569753,True,False,True,False,True,10.599555658212886,0.0,0.0,0.0,0.0,0,,,False,False,False,False,,,False,False,False,False,-232966.0,-228691.00400848134,False,False,False,False,45684.49869719363,False,False,False,False
2025-04-29 15:00:00+00:00,5.365,5.375,5.345,5.355,6431.0,,,,,,,,,,,,,,,,,,,,,,,,,,,,,,,,,,,,,,,,,,,,,,,,,5.289446444499673,5.162146681772066,,,5.289446444499673,,,5.225796563135869,"rgba(38, 166, 154, 1.0)",0.12519433542146477,5.282252052418553,0.5810801849504039,62.373850072219085,7.717883487141727,True,False,True,False,True,9.574333669970446,0.0,0.0,0.0,0.0,0,,,False,False,False,False,,,False,False,False,False,-239397.0,-228856.98844245836,False,False,False,False,45075.91732204334,False,False,False,False
2025-04-29 16:00:00+00:00,5.355,5.365,5.345,5.345,19769.0,,,,,,,,,,,,,,,,,,,,,,,,,,,,,,,,,,,,,,,,,,,,,,,,,5.2922793001107005,5.163233527914062,,,5.2922793001107005,,,5.227756414012381,"rgba(38, 166, 154, 1.0)",0.11749686597315735,5.28336390797366,0.5245764771327645,61.48608850200793,7.717883487141727,True,False,True,False,True,8.890825773330572,0.0,0.0,0.0,0.0,0,,,False,False,False,False,,,False,False,False,False,-259166.0,-229326.89559838924,False,False,False,False,44683.562014724834,False,False,False,False
2025-04-29 17:00:00+00:00,5.345,5.395,5.345,5.385,37346.0,,,,,,,,,,,,,,,,,,,,,,,,,,,,,,,,,,,,,,,,,,,,,,,,,5.298830674007029,5.1655031313610476,,,5.298830674007029,,,5.232166902684038,"rgba(38, 166, 154, 1.0)",0.1088437180316601,5.2861188939909995,0.9084686539303815,63.6502239293631,9.107185441055265,True,False,True,False,True,11.001911501848117,0.0,0.0,0.0,0.0,0,,,False,False,False,False,,,False,False,False,False,-221820.0,-229210.50962011964,False,False,False,False,44569.80136333375,False,False,False,False
2025-04-29 18:00:00+00:00,5.385,5.385,5.35,5.365,13267.0,,,,,,,,,,,,,,,,,,,,,,,,,,,,,,,,,,,,,,,,,,,,,,,,,5.30068701119671,5.166266123933894,,,5.30068701119671,,,5.233476567565302,"rgba(38, 166, 154, 1.0)",0.10107761713003159,5.286935233865222,0.772324955329641,62.74802266808416,9.107185441055265,True,False,True,False,True,9.623187157170545,0.0,0.0,0.0,0.0,0,,,False,False,False,False,,,False,False,False,False,-235087.0,-229301.61799810227,False,False,False,False,44084.486613514615,False,False,False,False
2025-04-29 19:00:00+00:00,5.36,5.38,5.355,5.365,73642.0,,,,,,,,,,,,,,,,,,,,,,,,,,,,,,,,,,,,,,,,,,,,,,,,,5.309387544609523,5.170398257014241,,,5.309387544609523,,,5.239892900811881,"rgba(38, 166, 154, 1.0)",0.09452117356578268,5.291040567007542,0.7824641845034396,62.146555160564866,9.107185441055265,True,False,True,False,True,9.623187157170534,0.0,0.0,0.0,0.0,0,,,False,False,False,False,,,False,False,False,False,-235087.0,-229391.3138430929,False,False,False,False,44542.74263501051,False,False,False,False
2025-04-30 14:00:00+00:00,5.32,5.365,5.315,5.355,30966.0,,,,,,,,,,,,,,,,,,,,,,,,,,,,,,,,,,,,,,,,,,,,,,,,,5.311258484992951,5.171899096599306,,,5.311258484992951,,,5.241578790796129,"rgba(38, 166, 154, 0.75)",0.0882678662720289,5.29204110867217,0.7132707970282187,60.49699096001109,9.107185441055265,True,False,True,False,False,8.92275364231713,0.0,0.0,0.0,0.0,0,,,False,False,False,False,,,False,False,False,False,-266053.0,-229959.7120780837,False,False,False,False,44332.25050113438,False,False,False,False
2025-04-30 15:00:00+00:00,5.355,5.395,5.355,5.365,20724.0,,,,,,,,,,,,,,,,,,,,,,,,,,,,,,,,,,,,,,,,,,,,,,,,,5.313310284242978,5.17304173269971,,,5.313310284242978,,,5.243176008471345,"rgba(38, 166, 154, 0.75)",0.08232089485501408,5.293117852323198,0.8731944399220004,60.32000446024735,9.107185441055265,True,False,True,False,False,9.476168417596462,0.0,0.0,0.0,0.0,0,,,False,False,False,False,,,False,False,False,False,-245329.0,-230197.9956117568,False,False,False,False,43966.2311135199,False,False,False,False
2025-04-30 16:00:00+00:00,5.365,5.39,5.355,5.385,11317.0,,,,,,,,,,,,,,,,,,,,,,,,,,,,,,,,,,,,,,,,,,,,,,,,,5.314464018296582,5.173675773551432,,,5.314464018296582,,,5.244069895924007,"rgba(38, 166, 154, 0.75)",0.07684944917068949,5.2937327166021175,1.187611419246083,61.89719422400971,9.107185441055265,True,False,True,False,False,10.57730607478819,0.0,0.0,0.0,0.0,0,,,False,False,False,False,,,False,False,False,False,-234012.0,-230257.12746273732,False,False,False,False,43460.04148385292,False,False,False,False
2025-04-30 17:00:00+00:00,5.385,5.405,5.375,5.395,18568.0,,,,,,,,,,,,,,,,,,,,,,,,,,,,,,,,,,,,,,,,,,,,,,,,,5.316703748145927,5.174783787850459,,,5.316703748145927,,,5.245743767998193,"rgba(38, 166, 154, 1.0)",0.07588920325824826,5.294928736716624,1.318649544162908,63.725551496656465,10.02750177128658,True,False,True,False,True,11.124974051951476,0.0,0.0,0.0,0.0,0,,,False,False,False,False,,,False,False,False,False,-215444.0,-230027.46657184217,False,False,False,False,43074.11836007225,False,False,False,False
2025-04-30 18:00:00+00:00,5.395,5.42,5.335,5.34,33215.0,,,,,,,,,,,,,,,,,,,,,,,,,,,,,,,,,,,,,,,,,,,,,,,,,5.319086469502773,5.1764977165815855,,,5.319086469502773,,,5.247792093042179,"rgba(38, 166, 154, 0.75)",0.0737213526587676,5.296309610448789,0.5926422667994085,58.38353193605899,12.42997789852366,True,False,True,False,False,7.203016966236724,0.0,0.0,0.0,0.0,1,,,False,False,False,False,,,False,False,False,False,-248659.0,-230316.32755522447,False,False,False,False,42921.26381185407,False,False,False,False
2025-04-30 19:00:00+00:00,5.335,5.415,5.335,5.385,187894.0,,,,,,,,,,,,,,,,,,,,,,,,,,,,,,,,,,,,,,,,,,,,,,,,,5.332013655913105,5.186286549669866,,,5.332013655913105,,,5.2591501027914855,"rgba(38, 166, 154, 0.75)",0.0730651319954604,5.304506900220537,1.1016622783144185,58.51630043754113,12.42997789852366,True,False,True,False,False,9.686165306343064,0.0,0.0,0.0,0.0,1,,,False,False,False,False,,,False,False,False,False,-60765.0,-227687.6248024303,False,False,False,False,45168.90313260052,False,False,False,False
2025-05-01 14:00:00+00:00,5.41,5.425,5.375,5.395,32367.0,,,,,,,,,,,,,,,,,,,,,,,,,,,,,,,,,,,,,,,,,,,,,,,,,5.33441606193416,5.188043425562268,,,5.33441606193416,,,5.261229743748213,"rgba(38, 166, 154, 0.75)",0.07173192084747902,5.319287537542752,1.0554919143770385,59.29603124148542,12.42997789852366,True,False,True,False,False,10.224146201128956,0.0,0.0,0.0,0.0,1,,,False,False,False,False,,,False,False,False,False,-28398.0,-224597.86317758643,False,False,False,False,44970.42401426563,False,False,False,False
2025-05-01 15:00:00+00:00,5.395,5.395,5.3,5.3,15573.0,,,,,,,,,,,,,,,,,,,,,,,,,,,,,,,,,,,,,,,,,,,,,,,,,5.334368963455036,5.188613689790216,,,5.334368963455036,,,5.261491326622626,#000000,0.07003943548118478,5.316287337356678,-0.23254524033183072,52.722743650751966,7.273278719334094,True,False,False,False,False,3.922419147548762,0.0,0.0,0.0,0.0,1,,,False,False,False,False,,,False,False,False,False,-43971.0,-221797.446694213,False,False,False,False,44514.649998540575,False,False,False,False
2025-05-01 16:00:00+00:00,5.305,5.31,5.27,5.285,49899.0,,,,,,,,,,,,,,,,,,,,,,,,,,,,,,,,,,,,,,,,,,,,,,,,5.288333333333333,5.331973572615349,5.1898664306489986,,,5.331973572615349,,,5.270057778865894,"rgba(239, 83, 80, 0.5)",0.06873942179061901,5.306454616610051,-0.3121151742503948,47.56907978869,2.753085087965218,False,False,False,True,False,2.9932484255112257,0.0,0.0,0.0,0.0,0,,,False,False,False,False,,,False,False,False,False,-93870.0,-219814.07542763607,False,False,False,False,44598.12829313684,False,False,False,False
2025-05-01 17:00:00+00:00,5.285,5.325,5.285,5.285,15463.0,,,,,,,,,,,,,,,,,,,,,,,,,,,,,,,,,,,,,,,,,,,,,,,,5.290699081015473,5.331439750708867,5.1902870529154335,,,5.331439750708867,,,5.270808628213257,"rgba(239, 83, 80, 1.0)",0.0675154303351008,5.3060436494514365,-0.3116865188741289,44.13330388064868,-0.1410524935993962,False,True,False,True,False,2.9932484255112257,0.0,0.0,0.0,0.0,0,,,False,False,False,False,,,False,False,False,False,-93870.0,-217861.4541031766,False,False,False,False,44146.420877739365,False,False,False,False
2025-05-01 18:00:00+00:00,5.285,5.3,5.275,5.285,14838.0,,,,,,,,,,,,,,,,,,,,,,,,,,,,,,,,,,,,,,,,,,,,,,,,5.289953034081463,5.330768209436955,5.19064436585114,,,5.330768209436955,,,5.270455203123186,"rgba(239, 83, 80, 1.0)",0.0659984302297661,5.305160260428602,-0.3054657566614281,41.84278660862114,-2.0848952545091777,False,True,False,True,False,2.9932484255112257,0.0,0.0,0.0,0.0,0,,,False,False,False,False,,,False,False,False,False,-93870.0,-215939.10597754596,False,False,False,False,43692.026755603874,False,False,False,False
2025-05-01 19:00:00+00:00,5.285,5.305,5.27,5.27,101149.0,,,,,,,,,,,,,,,,,,,,,,,,,,,,,,,,,,,,,,,,,,,,,,,5.281666666666666,5.285331239764211,5.326213518214527,5.19288803205288,,,5.326213518214527,,,5.271524864174571,"rgba(239, 83, 80, 1.0)",0.06507147837031065,5.298720741911805,-0.44137220532105936,39.36106303533985,-4.339467508821748,False,True,False,True,False,2.0296965789276875,0.0,0.0,0.0,0.0,0,,,False,False,False,False,,,False,False,False,False,-195019.0,-215614.7632492119,False,False,False,False,44582.83254233869,False,False,False,False
2025-05-02 14:00:00+00:00,5.31,5.395,5.3,5.385,28892.0,,,,,,,,,,,,,,,,,,,,,,,,,,,,,,,,,,,,,,,,,,,,,,,5.299070459829336,5.295592462935392,5.327085616709639,5.19405641956257,,,5.327085616709639,,,5.278951239759235,"rgba(239, 83, 80, 0.75)",0.0639097759302907,5.302952522116303,1.2838016827533443,46.424346400119575,-10.474849458103236,False,True,False,True,True,8.460673961756441,0.0,0.0,0.0,0.0,0,,,False,False,False,False,,,False,False,False,False,-166127.0,-214847.51110581323,False,False,False,False,44339.563820752046,False,False,False,False
2025-05-02 15:00:00+00:00,5.385,5.385,5.34,5.345,45150.0,,,,,,,,,,,,,,,,,,,,,,,,,,,,,,,,,,,,,,,,,,,,,,,5.3139140804417275,5.30638963393385,5.328232560908864,5.195813890136975,,,5.328232560908864,,,5.286087541355354,#000000,0.062454523996009044,5.30721223711203,0.6050444462659612,48.40947528657911,-8.796090523486768,False,False,False,False,True,5.929207415410744,0.0,0.0,0.0,0.0,0,,,False,False,False,False,,,False,False,False,False,-211277.0,-214792.15434448278,False,False,False,False,44352.128722755886,False,False,False,False
2025-05-02 16:00:00+00:00,5.345,5.365,5.335,5.355,6418.0,,,,,,,,,,,,,,,,,,,,,,,,,,,,,,,,,,,,,,,,,,,,,,,5.315248243937984,5.307499557565501,5.328361010285624,5.196052962817168,,,5.328361010285624,,,5.28679044365157,#000000,0.060042627500115395,5.307641313499454,0.7887510669058442,50.31332355862234,-6.990481215424779,False,False,False,False,True,6.459543563938869,0.0,0.0,0.0,0.0,0,,,False,False,False,False,,,False,False,False,False,-204859.0,-214638.15195154506,False,False,False,False,43764.00269604649,False,False,False,False
2025-05-02 17:00:00+00:00,5.355,5.395,5.345,5.385,22687.0,,,,,,,,,,,,,,,,,,,,,,,,,,,,,,,,,,,,,,,,,,,,,,,5.321883655741344,5.312882348668053,5.329247504210733,5.19701805481334,,,5.329247504210733,,,5.290257890858367,"rgba(38, 166, 154, 1.0)",0.060058380006536155,5.309863151373415,1.2510635254964837,53.26254427043381,-4.106903320780582,True,False,True,False,True,8.033559712565054,0.0,0.0,0.0,0.0,0,,,False,False,False,False,,,False,False,False,False,-182172.0,-214134.80075849785,False,False,False,False,43437.22746044887,False,False,False,False
2025-05-02 18:00:00+00:00,5.385,5.4,5.375,5.39,31444.0,,,,,,,,,,,,,,,,,,,,,,,,,,,,,,,,,,,,,,,,,,,,,,,5.330746995277284,5.320391624992086,5.330764127036734,5.19843750560398,,,5.330764127036734,,,5.295085063227521,"rgba(38, 166, 154, 1.0)",0.0600376758587723,5.313073667262647,1.2813009770449442,55.50342678187513,-1.8373425598218631,True,False,True,False,True,8.29408459808634,0.0,0.0,0.0,0.0,0,,,False,False,False,False,,,False,False,False,False,-150728.0,-213151.74958394747,False,False,False,False,43251.28594943416,False,False,False,False
2025-05-02 19:00:00+00:00,5.385,5.425,5.385,5.4,125365.0,,,,,,,,,,,,,,,,,,,,,,,,,,,,,,,,,,,,,,,,,,,,,,,5.355946829869429,5.343953531759969,5.337501192251698,5.204324341161665,,,5.337501192251698,,,5.310431473760691,"rgba(38, 166, 154, 1.0)",0.06023579792243009,5.3240160954598394,1.2614409895924474,57.57671884719044,0.3406051523209328,True,False,True,False,True,8.819527804505373,0.0,0.0,0.0,0.0,0,,,False,False,False,False,,,False,False,False,False,-25363.0,-210240.2961020258,False,False,False,False,44524.366787427425,False,False,False,False
2025-05-05 14:00:00+00:00,5.365,5.4,5.365,5.375,12653.0,,,,,,,,,,,,,,,,,,,,,,,,,,,,,,,,,,,,,,,,,,,,,,,5.3567611128056125,5.3449582413644725,5.337895705845541,5.204832290085628,,,5.337895705845541,,,5.3111118375253135,"rgba(38, 166, 154, 1.0)",0.059656901913746924,5.324536125693024,0.8459016926480272,56.71905677338442,0.3406051523209328,True,False,True,False,True,7.168401843077714,0.0,0.0,0.0,0.0,0,,,False,False,False,False,,,False,False,False,False,-38016.0,-207570.151976413,False,False,False,False,44030.237069792885,False,False,False,False
2025-05-05 15:00:00+00:00,5.375,5.405,5.375,5.395,9912.0,,,,,,,,,,,,,,,,,,,,,,,,,,,,,,,,,,,,,,,,,,,,,,,5.357662887377173,5.345956309598235,5.338283904523905,5.205254521404139,,,5.338283904523905,,,5.311789405725864,"rgba(38, 166, 154, 1.0)",0.05923894202509628,5.3250522373162115,1.1807733273520498,57.485712762299016,0.89543074334685,True,False,True,False,True,8.241903824359365,0.0,0.0,0.0,0.0,0,,,False,False,False,False,0.293201136188765,0.293201136188765,False,False,False,False,-28104.0,-204787.73101553836,False,False,False,False,43501.27215398214,False,False,False,False
2025-05-05 16:00:00+00:00,5.395,5.415,5.365,5.37,42550.0,,,,,,,,,,,,,,,,,,,,,,,,,,,,,,,,,,,,,,,,,,,,,,,5.360225595545337,5.349096770796309,5.339638091625038,5.206965526260724,,,5.339638091625038,,,5.313981496056852,"rgba(38, 166, 154, 1.0)",0.05886501584209887,5.326756727844379,0.7346175234475093,55.80334025059234,0.89543074334685,True,False,True,False,True,6.594813959866592,0.0,0.0,0.0,0.0,0,1.0099272005294506,0.9285241561879547,False,False,False,False,0.293201136188765,0.293201136188765,False,False,False,False,-70654.0,-202708.13828661529,False,False,False,False,43486.523748494044,False,False,False,False
2025-05-05 17:00:00+00:00,5.375,5.405,5.355,5.395,41889.0,,,,,,,,,,,,,,,,,,,,,,,,,,,,,,,,,,,,,,,,,,,,,,,5.362442547213007,5.351839659145969,5.340941905278157,5.208633752301327,,,5.340941905278157,,,5.3159644659846155,"rgba(38, 166, 154, 1.0)",0.05886501584209887,5.328326386302676,1.1326526077249508,56.448724533681336,0.89543074334685,True,False,True,False,True,7.948621490581946,0.0,0.0,0.0,0.0,0,1.0033112582781456,0.9337748344370858,False,False,False,False,0.28569476003390176,0.28944794811133334,False,False,False,False,-28765.0,-200011.34544496232,False,False,False,False,43461.75593843987,False,False,False,False
2025-05-05 18:00:00+00:00,5.395,5.395,5.385,5.395,22059.0,,,,,,,,,,,,,,,,,,,,,,,,,,,,,,,,,,,,,,,,,,,,,,,5.363757718442113,5.353379969890784,5.341698225713312,5.2095324799235225,,,5.341698225713312,,,5.317092098492433,"rgba(38, 166, 154, 1.0)",0.05892482613581135,5.329224422536786,1.1162625632804157,56.878980722407334,1.4719325350876673,True,False,True,False,True,7.948621490581946,0.0,0.0,0.0,0.0,0,1.012700534759358,0.9324866310160425,False,False,False,False,0.2932011361887644,0.2913245421500489,False,False,False,False,-28765.0,-197356.36334504042,False,False,False,False,43129.93026497569,False,False,False,False
2025-05-05 19:00:00+00:00,5.395,5.395,5.375,5.39,42224.0,,,,,,,,,,,,,,,,,,,,,,,,,,,,,,,,,,,,,,,,,,,,,,,5.365574626716154,5.355674315041659,5.342946028264066,5.211181826982617,,,5.342946028264066,,,5.318844199251124,"rgba(38, 166, 154, 1.0)",0.05708986120365611,5.330645858531627,1.0396616880296743,56.637739105357724,1.7091748540614304,True,False,True,False,True,7.608159458062939,0.0,0.0,0.0,0.0,0,1.018829858776059,0.9226630800268995,False,False,False,False,0.28944398103745406,0.29038426159375147,False,False,False,False,-70989.0,-195397.1794172103,False,False,False,False,43115.88483451094,False,False,False,False
2025-05-06 14:00:00+00:00,5.415,5.435,5.4,5.435,31977.0,,,,,,,,,,,,,,,,,,,,,,,,,,,,,,,,,,,,,,,,,,,,,,,5.368847219933531,5.359030871791849,5.34460054817151,5.21266736031291,,,5.34460054817151,,,5.32128650005245,"rgba(38, 166, 154, 1.0)",0.056850760848114204,5.332598565124076,1.801232443476084,59.654323122074516,4.927472758213355,True,False,True,False,True,10.056173051447306,0.0,0.0,0.0,0.0,0,1.0236167341430498,0.91497975708502,False,False,False,False,0.3140132700977402,0.30219876584574584,False,False,False,False,-39012.0,-192972.60299213728,False,False,False,False,42943.1889456038,False,False,False,False
2025-05-06 15:00:00+00:00,5.435,5.485,5.435,5.455,121580.0,,,,,,,,,,,,,,,,,,,,,,,,,,,,,,,,,,,,,,,,,,,,,,,5.384708051667593,5.374789155460187,5.352854717461682,5.219038169880326,,,5.352854717461682,,,5.332847523617447,"rgba(38, 166, 154, 1.0)",0.057661406831938315,5.3420073748562,1.9595884206074223,62.7867845680795,8.06485896213077,True,False,True,False,True,11.108715293483183,0.0,0.0,0.0,0.0,1,1.0242587601078164,0.9083557951482477,False,False,False,False,0.3428281772635692,0.3225134715546575,False,False,False,False,82568.0,-188700.65565892585,False,False,False,False,44162.36431078823,False,False,False,False
2025-05-06 16:00:00+00:00,5.455,5.48,5.445,5.46,26585.0,,,,,,,,,,,,,,,,,,,,,,,,,,,,,,,,,,,,,,,,,,,,,,,5.38757941609336,5.377702665711324,5.354554529526809,5.220406245877392,,,5.354554529526809,,,5.335060714302221,"rgba(38, 166, 154, 1.0)",0.05884205458163276,5.343855085811706,1.97384192333332,65.15193016552494,10.385518869133584,True,False,True,False,True,11.371781676362389,0.0,0.0,0.0,0.0,0,1.0463347164591974,0.912171507607192,False,False,False,False,0.34282817746396343,0.33267082450931046,False,False,False,False,109153.0,-184082.76952467894,False,False,False,False,43889.847034651975,False,False,False,False
2025-05-06 17:00:00+00:00,5.455,5.495,5.455,5.485,40805.0,,,,,,,,,,,,,,,,,,,,,,,,,,,,,,,,,,,,,,,,,,,,,,,5.39249514937277,5.382628931179785,5.35745292050667,5.2226193387008335,,,5.35745292050667,,,5.338799084940015,"rgba(38, 166, 154, 1.0)",0.06072512281207012,5.346988338917532,2.2727275745424484,68.04536715104719,13.151797766075966,True,False,True,False,True,12.680929323360761,0.0,0.0,0.0,0.0,0,1.052742616033755,0.8952180028129393,False,False,False,False,0.34282817845052016,0.33774950147991534,False,False,False,False,149958.0,-178903.8428653816,False,False,False,False,43842.019948843415,False,False,False,False
2025-05-06 18:00:00+00:00,5.49,5.525,5.485,5.525,28855.0,,,,,,,,,,,,,,,,,,,,,,,,,,,,,,,,,,,,,,,,,,,,,,,5.396891365824846,5.386946428585233,5.359964859791982,5.22436255873289,,,5.359964859791982,,,5.342041303233739,"rgba(38, 166, 154, 1.0)",0.06392034739276112,5.349706670082135,2.7423713585404745,71.64022737409326,16.501533565525165,True,False,True,False,True,14.706300864644902,0.0,0.0,0.0,0.0,0,1.0617021276595742,0.8773049645390069,False,False,False,False,0.34282818071812793,0.34028884109902163,False,False,False,False,178813.0,-173357.8453015772,False,False,False,False,43609.663050411735,False,False,False,False
2025-05-06 19:00:00+00:00,5.525,5.535,5.485,5.49,69394.0,,,,,,,,,,,,,,,,,,,,,,,,,,,,,,,,,,,,,,,,,,,,,,,5.405565083506735,5.395614229488539,5.365369324668586,5.22835087040518,,,5.365369324668586,,,5.3487248770172595,"rgba(38, 166, 154, 1.0)",0.0657615128823617,5.3701959170770746,1.8217963314992263,69.87848711746847,16.501533565525165,True,False,True,False,True,12.176619981217417,0.0,0.0,0.0,0.0,0,1.0624999999999998,0.8800287356321838,False,False,False,False,0.34282818108296587,0.3415585110909938,False,False,False,False,109419.0,-168973.70816511865,False,False,False,False,44009.42021242085,False,False,False,False
2025-05-07 14:00:00+00:00,5.49,5.495,5.46,5.485,52360.0,,,,,,,,,,,,,,,,,,,,,,,,,,,,,,,,,,,,,,,,,,,,,,,5.409876628227877,5.400103837701917,5.368539602622469,5.231036485709029,,,5.368539602622469,,,5.352389138565323,"rgba(38, 166, 154, 0.75)",0.0673907524332082,5.372080740290232,1.675589834401742,68.15540498531166,16.501533565525165,True,False,True,False,False,11.819727750054344,0.0,0.0,0.0,0.0,0,1.0506146059291392,0.8850325379609543,False,False,False,False,0.31917671516056284,0.33036761312577834,False,False,False,False,57059.0,-165469.32509279123,False,False,False,False,44138.88656571665,False,False,False,False
2025-05-07 15:00:00+00:00,5.485,5.525,5.485,5.515,45356.0,,,,,,,,,,,,,,,,,,,,,,,,,,,,,,,,,,,,,,,,,,,,,,,5.4145807086033555,5.404872014419889,5.371810279146905,5.233576475785183,,,5.371810279146905,,,5.356209869488833,"rgba(38, 166, 154, 0.75)",0.06986151036608833,5.375490872019174,1.996938331990957,68.69367186084247,16.501533565525165,True,False,True,False,False,13.36459961536482,0.0,0.0,0.0,0.0,0,1.055756698044895,0.8747284576393914,False,False,False,False,0.3391659745932944,0.33476679385953634,False,False,False,False,102415.0,-161316.0797425154,False,False,False,False,44157.75654144197,False,False,False,False
2025-05-07 16:00:00+00:00,5.515,5.535,5.495,5.515,46285.0,,,,,,,,,,,,,,,,,,,,,,,,,,,,,,,,,,,,,,,,,,,,,,,5.419249208257625,5.409610186879894,5.375149307007513,5.236182703273175,,,5.375149307007513,,,5.360047851354552,"rgba(38, 166, 154, 0.75)",0.07221763903221856,5.3912830860369425,1.7131121374358855,69.05251644452967,16.501533565525165,True,False,True,False,False,13.36459961536482,0.0,0.0,0.0,0.0,0,1.0573529411764702,0.891176470588235,False,False,False,False,0.34282818144420923,0.3387974876518728,False,False,False,False,102415.0,-157227.22579301905,False,False,False,False,44190.73706017931,False,False,False,False
2025-05-07 17:00:00+00:00,5.515,5.525,5.475,5.475,56045.0,,,,,,,,,,,,,,,,,,,,,,,,,,,,,,,,,,,,,,,,,,,,,,,5.423108570408843,5.413673375836622,5.378348957861222,5.2390158510874185,,,5.378348957861222,,,5.3635366887985265,"rgba(38, 166, 154, 0.75)",0.07368657755461394,5.392511584076048,1.1194496835304135,64.76023439788763,19.752900460146236,True,False,True,False,False,10.463399279902845,0.0,0.0,0.0,0.0,0,1.061164333087693,0.8820928518791449,False,False,False,False,0.33192146585732984,0.3353594767546013,False,False,False,False,46370.0,-154070.6796566932,False,False,False,False,44374.5240825021,False,False,False,False
2025-05-07 18:00:00+00:00,5.47,5.495,5.455,5.495,61428.0,,,,,,,,,,,,,,,,,,,,,,,,,,,,,,,,,,,,,,,,,,,,,,,5.426340292214929,5.4171736061876326,5.38136778029719,5.241929720334994,,,5.38136778029719,,,5.366702849758687,"rgba(38, 166, 154, 0.75)",0.07537007793978368,5.39389184417044,1.3414893362633837,63.341638320414084,18.320666675415225,True,False,True,False,False,11.52664775653681,0.0,0.0,0.0,0.0,0,1.0647321428571426,0.8854166666666664,False,False,False,False,0.3139101168576138,0.3246347968061075,False,False,False,False,107798.0,-150010.70012713203,False,False,False,False,44638.91905796719,False,False,False,False
2025-05-07 19:00:00+00:00,5.495,5.495,5.445,5.465,87670.0,,,,,,,,,,,,,,,,,,,,,,,,,,,,,,,,,,,,,,,,,,,,,,,5.42940636350715,5.420675098287809,5.384849161473777,5.245744559154896,,,5.384849161473777,,,5.370168795605908,"rgba(38, 166, 154, 0.75)",0.07634806498548237,5.3952095029630796,0.9141095723931053,59.514488461463976,14.668342535515308,True,False,True,False,False,9.39837182076646,0.0,0.0,0.0,0.0,0,1.0731343283582087,0.8701492537313431,False,False,False,False,0.3103317297960084,0.31748326330105797,False,False,False,False,20128.0,-147372.8908228354,False,False,False,False,45306.06759970413,False,False,False,False
2025-05-08 14:00:00+00:00,5.42,5.455,5.4,5.41,46326.0,,,,,,,,,,,,,,,,,,,,,,,,,,,,,,,,,,,,,,,,,,,,,,,5.429118847452698,5.420709707532372,5.385611840005773,5.247297079768307,,,5.385611840005773,,,5.370684368689787,#000000,0.07623753774986813,5.394179293930073,0.2075185864715961,53.028565017142014,8.73674573285561,False,True,False,False,False,5.68567201217542,0.0,0.0,0.0,0.0,0,1.070842654735272,0.867263236390753,False,False,False,False,0.28021427877270433,0.2988487710368811,False,False,False,False,-26198.0,-145494.210344962,False,False,False,False,45321.88050513507,False,False,False,False
2025-05-08 15:00:00+00:00,5.415,5.485,5.395,5.475,55338.0,,,,,,,,,,,,,,,,,,,,,,,,,,,,,,,,,,,,,,,,,,,,,,5.451666666666666,5.430076890336477,5.421948750755825,5.387206891139838,5.249429032581574,,,5.387206891139838,,,5.388065646296075,"rgba(38, 166, 154, 0.5)",0.07653074516137517,5.399468557471157,0.9869424682795742,53.34639772187313,8.73674573285561,False,True,True,False,False,9.1775144319056,0.0,0.0,0.0,0.0,0,1.0760059612518627,0.8606557377049178,False,False,False,False,0.2890188004524055,0.29393378574464335,False,False,False,False,29140.0,-142786.7032078308,False,False,False,False,45477.16917947406,False,False,False,False
2025-05-08 16:00:00+00:00,5.475,5.495,5.445,5.475,108990.0,,,,,,,,,,,,,,,,,,,,,,,,,,,,,,,,,,,,,,,,,,,,,,5.464931600214205,5.433288534579957,5.425581632570968,5.391041355034526,5.253903172798817,,,5.391041355034526,,,5.393749259039695,"rgba(38, 166, 154, 0.5)",0.077584711041466,5.403162780696779,0.9259197893361517,53.55828619169388,8.73674573285561,False,True,True,False,False,9.177514431905589,0.0,0.0,0.0,0.0,0,1.0926902788244157,0.8553127354935944,False,False,False,False,0.3103317297960084,0.3021327577703259,False,False,False,False,29140.0,-140121.17292553885,False,False,False,False,46461.864230955085,False,False,False,False
2025-05-08 17:00:00+00:00,5.475,5.48,5.445,5.455,50102.0,,,,,,,,,,,,,,,,,,,,,,,,,,,,,,,,,,,,,,,,,,,,,,5.463779321923238,5.434204243665817,5.426700165662573,5.3924511027627124,5.255793038481586,,,5.3924511027627124,,,5.394585574499185,#000000,0.0783137027348115,5.403837142165241,0.6533065868180026,52.20674017080488,7.794119026960644,False,True,False,False,False,7.840491748452273,0.0,0.0,0.0,0.0,0,1.092424242424242,0.849242424242424,False,False,False,False,0.30324376201647857,0.3026882598934022,False,False,False,False,-20962.0,-138273.74388793358,False,False,False,False,46518.30044442865,False,False,False,False
2025-05-08 18:00:00+00:00,5.455,5.485,5.455,5.475,52198.0,,,,,,,,,,,,,,,,,,,,,,,,,,,,,,,,,,,,,,,,,,,,,,5.4653234343979875,5.435496099146939,5.428172768734193,5.394103099774522,5.257835852003544,,,5.394103099774522,,,5.3961862508114375,"rgba(38, 166, 154, 0.5)",0.07906702596275503,5.405109305656378,0.883942370319381,52.74256911549645,7.794119026960644,False,True,True,False,False,8.91162056776933,0.0,0.0,0.0,0.0,0,1.0885496183206105,0.8549618320610685,False,False,False,False,0.3018345480781315,0.30226140398576684,False,False,False,False,31236.0,-135645.68584315942,False,False,False,False,46606.35780187936,False,False,False,False
2025-05-08 19:00:00+00:00,5.475,5.485,5.455,5.46,111778.0,,,,,,,,,,,,,,,,,,,,,,,,,,,,,,,,,,,,,,,,,,,,,,5.4657202140910375,5.437639600138792,5.4306954056211145,5.397205127077402,5.261983610837468,,,5.397205127077402,,,5.398648791553163,#000000,0.07977999026602617,5.407158955410413,0.6623345579936614,51.89458623811502,6.900581219172352,False,True,False,False,False,7.899755428521857,0.0,0.0,0.0,0.0,0,1.083665338645418,0.8932270916334659,False,False,False,False,0.2949040699612218,0.29858273697349436,False,False,False,False,-80542.0,-134791.36513241276,False,False,False,False,47616.770859214565,False,False,False,False
2025-05-09 14:00:00+00:00,5.895,5.935,5.825,5.865,310942.0,,,,,,,,,,,,,,,,,,,,,,,,,,,,,,,,,,,,,,,,,,,,,,5.650332739535522,5.507869560928856,5.499203066108765,5.4479851638264805,5.2940801483909725,,,5.4479851638264805,,,5.479894135758119,"rgba(38, 166, 154, 1.0)",0.09855830121678795,5.479929897891515,3.9070286049420466,62.47048234242983,6.80214842681017,True,False,True,False,True,20.0,0.0,0.0,0.0,0.0,0,1.0427927927927925,0.8836336336336333,False,False,False,False,0.34282818387658187,0.3207054604250381,False,False,False,False,230400.0,-129129.48350245287,False,False,False,False,51699.33255131976,False,False,False,False
2025-05-09 15:00:00+00:00,5.865,5.885,5.775,5.875,168015.0,,,,,,,,,,,,,,,,,,,,,,,,,,,,,,,,,,,,,,,,,,,,,,5.688481131484952,5.534785739165311,5.525797643313569,5.469546531954274,5.3092376274568265,,,5.469546531954274,,,5.505569734674987,"rgba(38, 166, 154, 1.0)",0.11445275196531003,5.50466097137058,3.2357372126942634,69.62099239708482,13.040443914504557,True,False,True,False,True,20.0,0.0,0.0,0.0,0.0,0,1.0307807807807805,0.8986486486486485,False,False,False,False,0.3079504174686891,0.3143279389468636,False,False,False,False,398415.0,-120950.49926210476,False,False,False,False,53502.67623269465,False,False,False,False
2025-05-09 16:00:00+00:00,5.875,5.99,5.865,5.965,54704.0,,,,,,,,,,,,,,,,,,,,,,,,,,,,,,,,,,,,,,,,,,,,,,5.70356674272102,5.545052324436983,5.535916105671724,5.477720727568173,5.314837811314283,,,5.477720727568173,,,5.515418742342437,"rgba(38, 166, 154, 1.0)",0.13310149889843212,5.514125838619434,3.387446160351818,75.22584494289671,17.764215822183687,True,False,True,False,True,20.0,0.0,0.0,0.0,0.0,0,1.0584707646176907,0.8793103448275859,False,False,False,False,0.342828185994375,0.32857806247061927,False,False,False,False,453119.0,-112050.19694796359,False,False,False,False,53521.30140738156,False,False,False,False
2025-05-09 17:00:00+00:00,5.96,5.995,5.925,5.985,54800.0,,,,,,,,,,,,,,,,,,,,,,,,,,,,,,,,,,,,,,,,,,,,,,5.718573159493498,5.55552955347027,5.546245300495832,5.486114059372601,5.320598773857851,,,5.486114059372601,,,5.52541216933801,"rgba(38, 166, 154, 1.0)",0.1500616389871035,5.523752723246674,3.07371877227708,79.13248192036389,21.014762658327697,True,False,True,False,True,20.0,0.0,0.0,0.0,0.0,0,1.0658682634730534,0.8817365269461074,False,False,False,False,0.342828187387563,0.33570312492909116,False,False,False,False,507919.0,-102438.27141388663,False,False,False,False,53541.126191763244,False,False,False,False
2025-05-09 18:00:00+00:00,5.985,5.985,5.945,5.955,28828.0,,,,,,,,,,,,,,,,,,,,,,,,,,,,,,,,,,,,,,,,,,,,,,5.72561135856529,5.560749977074307,5.551400707059792,5.490355732128232,5.323558019524618,,,5.490355732128232,,,5.530335158870448,"rgba(38, 166, 154, 1.0)",0.16305432135246206,5.52851827170122,2.61558065288492,80.00713879034653,21.70676492134669,True,False,True,False,True,20.0,0.0,0.0,0.0,0.0,0,1.0709969788519633,0.886706948640483,False,False,False,False,0.3428281867754368,0.339265655852264,False,False,False,False,479091.0,-93422.31371754731,False,False,False,False,53157.97694848009,False,False,False,False
2025-05-09 19:00:00+00:00,5.955,6.005,5.95,5.99,236228.0,,,,,,,,,,,,,,,,,,,,,,,,,,,,,,,,,,,,,,,,,,,,,,5.774711369947634,5.6008601302981615,5.591116876844583,5.523819582161518,5.347544513825233,,,5.523819582161518,,,5.567610494615426,"rgba(38, 166, 154, 1.0)",0.17595948038892065,5.596929802105118,2.233867689459444,81.03201112974922,22.844266033112376,True,False,True,False,True,20.0,0.0,0.0,0.0,0.0,0,1.0708301599390704,0.8857578065498853,False,False,False,False,0.34282818583599306,0.3410469208441285,False,False,False,False,715319.0,-80883.6886986706,False,False,False,False,55996.271879511405,False,False,False,False
2025-05-12 14:00:00+00:00,5.78,5.79,5.725,5.74,47526.0,,,,,,,,,,,,,,,,,,,,,,,,,,,,,,,,,,,,,,,,,,,,,,5.773855358830247,5.603696944701388,5.5940440525153,5.5268995916894506,5.350486284136491,,,5.5268995916894506,,,5.569796446374575,"rgba(38, 166, 154, 0.75)",0.17921407501835585,5.5961314180997626,0.8027750157765345,71.5075820102158,30.2481778006282,True,False,True,False,False,13.644973234586526,0.0,0.0,0.0,0.0,0,1.0445103857566762,0.8968842729970322,False,False,False,False,0.1981071235705122,0.2695770222073204,False,False,False,False,667793.0,-69276.29817621059,False,False,False,False,55864.94983486782,False,False,False,False
2025-05-12 15:00:00+00:00,5.745,5.77,5.705,5.745,53922.0,,,,,,,,,,,,,,,,,,,,,,,,,,,,,,,,,,,,,,,,,,,,,,5.772486236013832,5.606545204951064,5.59700208860386,5.530118564720011,5.353676950921264,,,5.530118564720011,,,5.5719658090420054,"rgba(38, 166, 154, 0.75)",0.1820024502359571,5.595807701095244,0.8197268702225486,65.28830561138224,24.65502965407785,True,False,True,False,False,13.812575463705027,0.0,0.0,0.0,0.0,0,1.0416976917349214,0.8994787788533132,False,False,False,False,0.18542974028135648,0.22750338124433844,False,False,False,False,721715.0,-57012.867196734456,False,False,False,False,55834.82658161405,False,False,False,False
2025-05-12 16:00:00+00:00,5.745,5.81,5.745,5.805,30346.0,,,,,,,,,,,,,,,,,,,,,,,,,,,,,,,,,,,,,,,,,,,,,,5.772801784876677,5.608638823082546,5.5991409272351715,5.5322810890534315,5.355663842976196,,,5.5322810890534315,,,5.573705293444805,"rgba(38, 166, 154, 0.75)",0.18587186810098905,5.596687646332106,1.1207309411379667,62.71286647425427,22.363187550416114,True,False,True,False,False,15.792998096697598,0.0,0.0,0.0,0.0,0,1.0510510510510507,0.8941441441441438,False,False,False,False,0.21084768131253281,0.21917553127843564,False,False,False,False,752061.0,-44469.08630996337,False,False,False,False,55439.65097569755,False,False,False,False
2025-05-12 17:00:00+00:00,5.805,5.805,5.755,5.765,38727.0,,,,,,,,,,,,,,,,,,,,,,,,,,,,,,,,,,,,,,,,,,,,,,5.772862486250194,5.611070476011468,5.601635886139464,5.534864308570569,5.358105223902062,,,5.534864308570569,,,5.575707676174751,"rgba(38, 166, 154, 0.5)",0.18821271749546337,5.59770134077172,0.8888807379996105,59.65799286521947,19.4092905606567,False,False,True,False,False,13.836983126383796,0.0,0.0,0.0,0.0,0,1.051996985681989,0.8884702336096454,False,False,False,False,0.20664498190505942,0.21291025659174753,False,False,False,False,713334.0,-32720.20125089417,False,False,False,False,55180.540107857276,False,False,False,False
2025-05-12 18:00:00+00:00,5.765,5.79,5.72,5.725,39001.0,,,,,,,,,,,,,,,,,,,,,,,,,,,,,,,,,,,,,,,,,,,,,,5.772108614388108,5.613013336170105,5.603655367392843,5.537092689057689,5.360360444696663,,,5.537092689057689,,,5.577246090341081,"rgba(38, 166, 154, 0.5)",0.1900902346184499,5.598258995937386,0.6667412679931115,56.323059303933974,16.08242348401852,False,True,True,False,False,11.92605776001135,0.0,0.0,0.0,0.0,0,1.0383747178329568,0.8969149736644089,False,False,False,False,0.18292709672507482,0.19791867665841117,False,False,False,False,674333.0,-21758.13611522139,False,False,False,False,54929.69452478972,False,False,False,False
2025-05-12 19:00:00+00:00,5.725,5.74,5.705,5.725,121036.0,,,,,,,,,,,,,,,,,,,,,,,,,,,,,,,,,,,,,,,,,,,,,,5.768330286896289,5.617765963265386,5.608668049259812,5.543026590274526,5.366809900938936,,,5.543026590274526,,,5.58092015812699,"rgba(38, 166, 154, 0.5)",0.19187934929190448,5.599479485858253,0.6541637471930003,54.09977026307698,13.696251330218125,False,True,True,False,False,11.92605776001135,0.0,0.0,0.0,0.0,0,1.0294784580498861,0.9115646258503398,False,False,False,False,0.15499903783668822,0.1764588572475497,False,False,False,False,674333.0,-10966.025477776097,False,False,False,False,55954.59848564569,False,False,False,False
2025-05-13 14:00:00+00:00,5.635,5.665,5.605,5.605,42249.0,,,,,,,,,,,,,,,,,,,,,,,,,,,,,,,,,,,,,,,,,,,,,,5.764556716706237,5.617873134912787,5.608903387394491,5.543928238900857,5.368401395192488,,,5.543928238900857,,,5.580732574621372,"rgba(239, 83, 80, 1.0)",0.19164726889699119,5.598313355139155,0.03489037385886161,49.03572278739944,8.65050416713892,False,True,False,True,False,6.453046288537834,0.0,0.0,0.0,0.0,0,1.0112023898431663,0.9178491411501117,False,False,False,False,0.0878120979139618,0.13213547758075575,False,False,False,False,632084.0,-996.2576409113499,False,False,False,False,55742.10858664343,False,False,False,False
2025-05-13 15:00:00+00:00,5.605,5.615,5.585,5.595,29202.0,,,,,,,,,,,,,,,,,,,,,,,,,,,,,,,,,,,,,,,,,,,,,,5.761585935032792,5.617675077548575,5.608799150003883,5.544338736658667,5.369376866652816,,,5.544338736658667,,,5.580355153179346,"rgba(239, 83, 80, 1.0)",0.1911517250300973,5.5972809971630255,-0.011932914352023859,45.40179563325133,5.007090673278974,False,True,False,True,False,6.019278375187852,0.0,0.0,0.0,0.0,0,1.0059880239520955,0.929640718562874,False,False,False,False,0.03428638266901195,0.08321093012488384,False,False,False,False,602882.0,8366.195965924486,False,False,False,False,55330.634034912524,False,False,False,False
2025-05-13 16:00:00+00:00,5.595,5.605,5.58,5.595,24822.0,,,,,,,,,,,,,,,,,,,,,,,,,,,,,,,,,,,,,,,,,,,,,,5.759068162005939,5.617467145729548,5.608670586387462,5.5446509612650265,5.3701815773062815,,,5.5446509612650265,,,5.580007686538852,"rgba(239, 83, 80, 1.0)",0.1906880146179063,5.596418279224559,-0.007437694641695586,42.97917753048592,2.4364513217734185,False,True,False,True,False,6.019278375187842,0.0,0.0,0.0,0.0,0,1.0030441400304413,0.945966514459665,False,False,False,False,0.014348767972021037,0.04877984904845244,False,False,False,False,602882.0,17583.495253274494,False,False,False,False,54857.63195685187,False,False,False,False
2025-05-13 17:00:00+00:00,5.595,5.61,5.575,5.595,28488.0,,,,,,,,,,,,,,,,,,,,,,,,,,,,,,,,,,,,,,,,,,,,,,5.75626983562524,5.617232839745993,5.6085256443854705,5.545004430051699,5.371098039102617,,,5.545004430051699,,,5.5796261577822035,"rgba(239, 83, 80, 1.0)",0.1892227582830674,5.59549673223563,-0.0026251188817748776,41.36409879530898,0.5098559092689925,False,True,False,True,False,6.019278375187842,0.0,0.0,0.0,0.0,0,0.9946564885496182,0.948854961832061,False,False,False,False,0.011379758735319528,0.030079803891885984,False,False,False,False,602882.0,26657.890675704348,False,False,False,False,54448.80045364486,False,False,False,False
2025-05-13 18:00:00+00:00,5.595,5.625,5.595,5.62,18143.0,,,,,,,,,,,,,,,,,,,,,,,,,,,,,,,,,,,,,,,,,,,,,,5.75474918371316,5.617208876965054,5.608554406722673,5.545318934895833,5.371729962137698,,,5.545318934895833,,,5.579512272886883,"rgba(239, 83, 80, 1.0)",0.18851154766645856,5.595089315559617,0.1321440768416921,41.65057358479916,0.25977721966018663,False,True,False,True,False,6.9814209412613835,0.0,0.0,0.0,0.0,0,0.9976923076923074,0.9499999999999998,False,False,False,False,0.02586779254753128,0.027973798219708634,False,False,False,False,621025.0,35872.884618716686,False,False,False,False,53885.919826456564,False,False,False,False
2025-05-13 19:00:00+00:00,5.615,5.625,5.59,5.595,89726.0,,,,,,,,,,,,,,,,,,,,,,,,,,,,,,,,,,,,,,,,,,,,,,5.747180883707657,5.61679963046103,5.608404371274931,5.546610132830621,5.374679905573467,,,5.546610132830621,,,5.578734984769541,"rgba(239, 83, 80, 1.0)",0.1875917313147291,5.59302537296662,0.010526194409212439,40.867330994316575,-1.132903483791928,False,True,False,True,False,5.830982258836929,0.0,0.0,0.0,0.0,0,0.9922660479505024,0.9528228924980664,False,False,False,False,0.023797550438035723,0.025885674328872177,False,False,False,False,531299.0,43553.90966338774,False,False,False,False,54441.57998418592,False,False,False,False
2025-05-14 14:00:00+00:00,5.505,5.525,5.48,5.48,42756.0,,,,,,,,,,,,,,,,,,,,,,,,,,,,,,,,,,,,,,,,,,,,,,5.741314166549231,5.615111529453715,5.6068724515882735,5.5460685198539315,5.375405773799739,,,5.5460685198539315,,,5.576954488248978,"rgba(239, 83, 80, 1.0)",0.18578171827940088,5.590488774331892,-0.5947236108868629,36.89014797649831,-5.422399213004525,False,True,False,True,False,0.8357706029811567,0.0,0.0,0.0,0.0,0,0.9855182926829266,0.9496951219512195,False,False,False,False,-0.06693526152861905,-0.020524793599873435,False,False,False,False,488543.0,50452.96532752126,False,False,False,False,54260.408201485356,False,False,False,False
2025-05-14 15:00:00+00:00,5.485,5.51,5.465,5.495,114050.0,,,,,,,,,,,,,,,,,,,,,,,,,,,,,,,,,,,,,,,,,,,,,,5.726629945501441,5.610651047601186,5.602807617261456,5.544541723333055,5.377220651748516,,,5.544541723333055,,,5.57237019708913,"rgba(239, 83, 80, 1.0)",0.18437823443490597,5.584258400342104,-0.4841048652823274,35.12127537831289,-7.52176279908366,False,True,False,True,False,1.440805391981332,0.0,0.0,0.0,0.0,0,0.9832189168573605,0.9565217391304348,False,False,False,False,-0.07953440122054682,-0.050029597410210125,False,False,False,False,602593.0,59013.27594259845,False,False,False,False,55187.3786169662,False,False,False,False
2025-05-14 16:00:00+00:00,5.495,5.495,5.39,5.405,187841.0,,,,,,,,,,,,,,,,,,,,,,,,,,,,,,,,,,,,,,,,,,,,,,5.700589960796191,5.600631703936677,5.5934449966003426,5.5396250974327135,5.378562368229971,,,5.5396250974327135,,,5.562570825399179,"rgba(239, 83, 80, 1.0)",0.18292461402013183,5.572211503614186,-0.9141006228707056,31.82639681012423,-10.992946215609571,False,True,False,True,False,0.0,0.0,0.0,0.0,0.0,0,0.9735049205147612,0.9583648750946252,False,False,False,False,-0.11893867540313315,-0.08448413640667163,False,False,False,False,414752.0,64528.60499775196,False,False,False,False,57244.02390972641,False,False,False,False
2025-05-14 17:00:00+00:00,5.405,5.425,5.38,5.395,43955.0,,,,,,,,,,,,,,,,,,,,,,,,,,,,,,,,,,,,,,,,,,,,,5.4,5.6945395174793285,5.598061212771124,5.591023195102816,5.538236602193822,5.378689137982211,,,5.538236602193822,,,5.533424944254885,"rgba(239, 83, 80, 1.0)",0.18188445495686195,5.557217701937646,-0.8918722711961303,29.423678754056894,-13.555453847976665,False,True,False,True,False,0.0,0.0,0.0,0.0,0.0,0,0.9697885196374619,0.967522658610272,False,False,False,False,-0.15308963680962281,-0.11878688660814722,False,False,False,False,370797.0,69276.95220708913,False,False,False,False,57037.99253128104,False,False,False,False
2025-05-14 18:00:00+00:00,5.395,5.44,5.385,5.435,75809.0,,,,,,,,,,,,,,,,,,,,,,,,,,,,,,,,,,,,,,,,,,,,,5.412659730803915,5.6853284691777,5.594211694870786,5.587408505214519,5.5362429020826065,5.379106207744587,,,5.5362429020826065,,,5.532492918315685,"rgba(239, 83, 80, 1.0)",0.18046279345011704,5.554159882930925,-0.6603016646966805,30.317413260528646,-13.555453847976665,False,True,False,True,False,0.0,0.0,0.0,0.0,0.0,0,0.9676934635612318,0.9669421487603305,False,False,False,False,-0.14452168223564998,-0.1316542844218986,False,False,False,False,446606.0,75127.01496356836,False,False,False,False,57329.015902889085,False,False,False,False
2025-05-14 19:00:00+00:00,5.435,5.475,5.425,5.445,172711.0,,,,,,,,,,,,,,,,,,,,,,,,,,,,,,,,,,,,,,,,,,,,,5.433725543493746,5.6684996263378835,5.58736396314761,5.5810193924301625,5.5329907407090095,5.380662689332572,,,5.5329907407090095,,,5.5307103259084975,"rgba(239, 83, 80, 1.0)",0.1793992226323204,5.548871958288699,-0.5789989319049893,31.528223078143746,-13.555453847976665,False,True,False,True,False,0.0,0.0,0.0,0.0,0.0,0,0.9738219895287955,0.961854899027674,False,False,False,False,-0.11256834291206651,-0.12211131366698255,False,False,False,False,619317.0,83564.06899514094,False,False,False,False,59117.88387338693,False,False,False,False
2025-05-15 14:00:00+00:00,5.485,5.52,5.455,5.495,49196.0,,,,,,,,,,,,,,,,,,,,,,,,,,,,,,,,,,,,,,,,,,,,,5.441828303641027,5.664960751110214,5.5860792818463185,5.579843714294891,5.532542441326775,5.381358471588628,,,5.532542441326775,,,5.531102160634642,"rgba(239, 83, 80, 0.75)",0.17822935421165187,5.548224174704262,-0.29862743395825153,35.25453716492719,-13.555453847976665,False,True,False,True,True,1.5269757221299614,0.0,0.0,0.0,0.0,0,0.9770200148257966,0.9532987398072648,False,False,False,False,-0.0808423538399322,-0.10147683375345737,False,False,False,False,668513.0,92633.04466963488,False,False,False,False,58964.05621643519,False,False,False,False
2025-05-15 15:00:00+00:00,5.495,5.495,5.445,5.455,126562.0,,,,,,,,,,,,,,,,,,,,,,,,,,,,,,,,,,,,,,,,,,,,,5.44809154487901,5.655256947461348,5.582104225739631,5.576150212265263,5.530777840967346,5.382705721427448,,,5.530777840967346,,,5.529181082123341,"rgba(239, 83, 80, 0.75)",0.177008499821361,5.544955365703204,-0.5081980006270178,36.22112887292015,-13.555453847976665,False,True,False,True,True,0.0,0.0,0.0,0.0,0.0,0,0.9799851742031132,0.9577464788732394,False,False,False,False,-0.10255157754935974,-0.10201420565140856,False,False,False,False,541951.0,99599.21451971805,False,False,False,False,60012.08635261448,False,False,False,False
2025-05-15 16:00:00+00:00,5.455,5.495,5.435,5.495,47070.0,,,,,,,,,,,,,,,,,,,,,,,,,,,,,,,,,,,,,,,,,,,,,5.450549479303116,5.652061279069169,5.580812262089736,5.574954642424845,5.530241090144609,5.383255322947861,,,5.530241090144609,,,5.52864567932989,"rgba(239, 83, 80, 0.75)",0.17620299513769683,5.543954880277982,-0.27783228224767464,39.07318181493097,-16.904897399268073,False,True,False,True,True,1.4941876268058607,0.0,0.0,0.0,0.0,0,0.9760299625468162,0.9685393258426966,False,False,False,False,-0.10685649966486667,-0.10443535265813761,False,False,False,False,589021.0,107187.14917832708,False,False,False,False,59811.43385102356,False,False,False,False
2025-05-15 17:00:00+00:00,5.495,5.5,5.45,5.46,97988.0,,,,,,,,,,,,,,,,,,,,,,,,,,,,,,,,,,,,,,,,,,,,,5.453657168184978,5.645581256151513,5.5780977667180744,5.572434171415696,5.529057998362393,5.384317492888928,,,5.529057998362393,,,5.527190975620264,"rgba(239, 83, 80, 0.75)",0.17563839798531117,5.541742218059043,-0.4654006128311374,39.55118869336183,-16.17335476387668,False,True,False,True,True,0.051930538463381026,0.0,0.0,0.0,0.0,0,0.9783904619970192,0.9642324888226529,False,False,False,False,-0.09825043990257463,-0.10134289628035612,False,False,False,False,491033.0,113138.24764067859,False,False,False,False,60403.31859751932,False,False,False,False
2025-05-15 18:00:00+00:00,5.465,5.495,5.465,5.49,51064.0,,,,,,,,,,,,,,,,,,,,,,,,,,,,,,,,,,,,,,,,,,,,,5.455938153045686,5.642626657698887,5.576903284671683,5.5713328795695185,5.528594769212498,5.384945313156741,,,5.528594769212498,,,5.526723509559169,"rgba(239, 83, 80, 0.75)",0.17485069563992434,5.540862313637834,-0.29088997016389256,41.53988166742696,-13.992286464473786,False,True,False,True,True,1.2678320095885027,0.0,0.0,0.0,0.0,0,0.9806691449814124,0.9643122676579927,False,False,False,False,-0.09395292279981196,-0.09764790954008404,False,False,False,False,542097.0,119788.77093307117,False,False,False,False,60258.52296034848,False,False,False,False
2025-05-15 19:00:00+00:00,5.485,5.505,5.48,5.485,156650.0,,,,,,,,,,,,,,,,,,,,,,,,,,,,,,,,,,,,,,,,,,,,,5.462437246626594,5.634551385909646,5.573668023584337,5.5683616264939,5.527431453465157,5.386949763103946,,,5.527431453465157,,,5.525566583197263,"rgba(239, 83, 80, 0.75)",0.17392856046131072,5.538585578292763,-0.3080895866132507,42.629829481662895,-12.666926498169246,False,True,False,True,True,1.0579837288449774,0.0,0.0,0.0,0.0,0,0.9858420268256332,0.9627421758569301,False,False,False,False,-0.08322390137972935,-0.09043590545990669,False,False,False,False,385447.0,123907.50316666695,False,False,False,False,61752.96446483919,False,False,False,False
2025-05-16 14:00:00+00:00,5.495,5.55,5.485,5.52,38730.0,,,,,,,,,,,,,,,,,,,,,,,,,,,,,,,,,,,,,,,,,,,,,5.464955296302543,5.633050757244641,5.573163352251432,5.567913808767826,5.527364153713617,5.38756663366417,,,5.527364153713617,,,5.525669000324037,"rgba(239, 83, 80, 0.75)",0.17341033459440588,5.538374680076296,-0.10596069789769633,45.36285247631095,-9.844671786468801,False,True,False,True,True,2.483180168223548,0.0,0.0,0.0,0.0,0,0.9859259259259257,0.954814814814815,False,False,False,False,-0.0618206049552316,-0.07612825520756915,False,False,False,False,424177.0,128562.84420284265,False,False,False,False,61396.01927933781,False,False,False,False
2025-05-16 15:00:00+00:00,5.515,5.565,5.515,5.525,99700.0,,,,,,,,,,,,,,,,,,,,,,,,,,,,,,,,,,,,,,,,,,,,,5.472234014463374,5.629896497249446,5.572287911274952,5.567172468417701,5.527506837493745,5.389327307032544,,,5.527506837493745,,,5.526404172655294,#000000,0.1726756319631508,5.538295605588414,-0.07699757885496415,47.467206988258596,-7.6853434562912,False,True,False,False,True,2.6863595103992317,0.0,0.0,0.0,0.0,0,0.9926035502958577,0.9526627218934912,False,False,False,False,-0.04260644483058518,-0.05936735001907716,False,False,False,False,523877.0,134691.74584310866,False,False,False,False,61989.879445549625,False,False,False,False
2025-05-16 16:00:00+00:00,5.525,5.56,5.525,5.545,14164.0,,,,,,,,,,,,,,,,,,,,,,,,,,,,,,,,,,,,,,,,,,,,,5.473268373324131,5.629502684187305,5.572193857694739,5.567096429961466,5.527548740152713,5.389588147697293,,,5.527548740152713,,,5.526533038836274,#000000,0.17195476568400497,5.538313626600577,0.03888449019034454,50.028923027491054,-5.138513759532827,False,False,False,False,True,3.503988963186199,0.0,0.0,0.0,0.0,0,0.9879427279577992,0.9645817633760363,False,False,False,False,-0.040473736116271586,-0.04992054306767438,False,False,False,False,538041.0,140945.22265174263,False,False,False,False,61248.39294251785,False,False,False,False
2025-05-16 17:00:00+00:00,5.545,5.555,5.54,5.555,26448.0,,,,,,,,,,,,,,,,,,,,,,,,,,,,,,,,,,,,,,,,,,,,,5.4752976760092285,5.628832997059797,5.5720600529353215,5.5669952076640365,5.527659189374393,5.3900938671064065,,,5.527659189374393,,,5.526823165024864,"rgba(38, 166, 154, 0.5)",0.17111023263297637,5.538393754459959,0.09704998517336322,52.318145583768086,-2.8810432465859606,False,False,True,False,True,3.914064548094302,0.0,0.0,0.0,0.0,0,0.9871406959152796,0.9621785173978822,False,False,False,False,-0.036209402970522706,-0.04306497301909854,False,False,False,False,564489.0,147511.79284318848,False,False,False,False,60708.85196666486,False,False,False,False
2025-05-16 18:00:00+00:00,5.555,5.585,5.545,5.575,98188.0,,,,,,,,,,,,,,,,,,,,,,,,,,,,,,,,,,,,,,,,,,,,,5.483615554351604,5.6269984220678255,5.57197846653992,5.56702398765515,5.528388723653103,5.392155869192788,,,5.528388723653103,,,5.5283601705767325,"rgba(38, 166, 154, 0.5)",0.1704233467489612,5.5391374857956235,0.2104319325286064,55.00042192025035,-0.27934829826905627,False,False,True,False,True,4.736526163847117,0.0,0.0,0.0,0.0,0,0.9862804878048778,0.9664634146341464,False,False,False,False,-0.02129358011780613,-0.032179276568452334,False,False,False,False,662677.0,155498.85031848788,False,False,False,False,61289.92402919719,False,False,False,False
2025-05-16 19:00:00+00:00,5.575,5.585,5.56,5.58,49728.0,,,,,,,,,,,,,,,,,,,,,,,,,,,,,,,,,,,,,,,,,,,,,5.487574188657068,5.626211926640572,5.572011600418308,5.567109931955631,5.5288083218381665,5.393220923368308,,,5.5288083218381665,,,5.5291561488130085,"rgba(38, 166, 154, 1.0)",0.16993506974114392,5.539566417650256,0.23793547977668617,57.08098563616299,1.7527777663672595,True,False,True,False,True,4.943299990418872,0.0,0.0,0.0,0.0,0,0.9823754789272028,0.9678160919540232,False,False,False,False,-0.014904369986172407,-0.02354182327731237,False,False,False,False,712405.0,164133.05418951908,False,False,False,False,61110.6693930856,False,False,False,False
2025-05-19 14:00:00+00:00,5.545,5.58,5.535,5.555,10295.0,,,,,,,,,,,,,,,,,,,,,,,,,,,,,,,,,,,,,,,,,,,,,5.488188306635195,5.6259948359862415,5.571976842767944,5.567086687188694,5.52886014389512,5.393417787339626,,,5.52886014389512,,,5.52925410063547,"rgba(38, 166, 154, 0.5)",0.16940749954149137,5.539601986185143,0.0908933421279013,56.208137599784216,1.7527777663672595,False,False,True,False,True,3.7607494362693323,0.0,0.0,0.0,0.0,0,0.9808575803981621,0.9632465543644718,False,False,False,False,-0.027684528976746996,-0.025613176127029683,False,False,False,False,702110.0,172473.78203154204,False,False,False,False,60322.829557533885,False,False,False,False
2025-05-19 15:00:00+00:00,5.555,5.585,5.555,5.585,6415.0,,,,,,,,,,,,,,,,,,,,,,,,,,,,,,,,,,,,,,,,,,,,,5.488666464034684,5.6258958380429185,5.571981103693026,5.56709764731613,5.5289135637585884,5.393553966425951,,,5.5289135637585884,,,5.5293514305452165,"rgba(38, 166, 154, 1.0)",0.16829770383792103,5.5396550414311365,0.2694330197905307,57.59980254436428,2.497305957841732,True,False,True,False,True,5.028156521604696,0.0,0.0,0.0,0.0,0,0.986973180076628,0.9586206896551724,False,False,False,False,-0.017033945752847474,-0.021323560939938577,False,False,False,False,708525.0,180784.65362795224,False,False,False,False,59487.049254316305,False,False,False,False
2025-05-19 16:00:00+00:00,5.585,5.605,5.575,5.605,8372.0,,,,,,,,,,,,,,,,,,,,,,,,,,,,,,,,,,,,,,,,,,,,,5.489425364471668,5.625817759160445,5.572023366867251,5.567147991157874,5.529013268477662,5.3937509379911495,,,5.529013268477662,,,5.529529781354341,"rgba(38, 166, 154, 1.0)",0.16781652894571147,5.539767972891326,0.3887103822161456,59.700889769718266,4.676139760240318,True,False,True,False,True,5.864872803453494,0.0,0.0,0.0,0.0,0,0.9877955758962621,0.9527078565980168,False,False,False,False,-4.2580639939676716e-08,-0.010661801760289259,False,False,False,False,716897.0,189096.47295154986,False,False,False,False,58694.56787052846,False,False,False,False
2025-05-19 17:00:00+00:00,5.605,5.62,5.595,5.615,4904.0,,,,,,,,,,,,,,,,,,,,,,,,,,,,,,,,,,,,,,,,,,,,,5.489927336978654,5.625794378466815,5.572064165771222,5.567193232887654,5.529084776515476,5.393874724016395,,,5.529084776515476,,,5.529656435772702,"rgba(38, 166, 154, 1.0)",0.16745947472649933,5.53985310378257,0.44874675702979927,61.67433891192223,6.702991797911544,True,False,True,False,True,6.284106354370479,0.0,0.0,0.0,0.0,0,0.990881458966565,0.9506079027355624,False,False,False,False,0.014904284805973292,0.0021212415228420165,False,False,False,False,721801.0,197355.4578670297,False,False,False,False,57860.605577962124,False,False,False,False
2025-05-19 18:00:00+00:00,5.615,5.615,5.585,5.595,13005.0,,,,,,,,,,,,,,,,,,,,,,,,,,,,,,,,,,,,,,,,,,,,,5.491111110644633,5.625687154878596,5.572138793925136,5.567280175698856,5.529246545732502,5.394184625685744,,,5.529246545732502,,,5.529941401094244,"rgba(38, 166, 154, 1.0)",0.16551837763019756,5.540037183529165,0.3320647366036479,60.87396817891304,6.702991797911544,True,False,True,False,True,5.29047516899233,0.0,0.0,0.0,0.0,0,0.9894099848714066,0.951588502269289,False,False,False,False,0.00851629123442226,0.005318766378632139,False,False,False,False,708796.0,205284.76859777342,False,False,False,False,57165.16983256736,False,False,False,False
2025-05-19 19:00:00+00:00,5.595,5.615,5.59,5.615,25006.0,,,,,,,,,,,,,,,,,,,,,,,,,,,,,,,,,,,,,,,,,,,,,5.493487489994189,5.625545418794627,5.572326377241329,5.567490490377629,5.5295927452694675,5.394802088398161,,,5.5295927452694675,,,5.530540768345901,"rgba(38, 166, 154, 1.0)",0.16327412973720223,5.540439081874273,0.4566609434436238,61.67280359348912,7.065218285554948,True,False,True,False,True,6.149294667585149,0.0,0.0,0.0,0.0,0,0.9902034664657118,0.9517709118311983,False,False,False,False,0.010645519459779856,0.007982142919205997,False,False,False,False,733802.0,213478.8342009087,False,False,False,False,56666.578052217475,False,False,False,False
2025-05-20 14:00:00+00:00,5.675,5.695,5.655,5.66,22371.0,,,,,,,,,,,,,,,,,,,,,,,,,,,,,,,,,,,,,,,,,,,,,5.496676266953936,5.625839814068447,5.572798806899184,5.567977859372894,5.530152205769375,5.395515675883392,,,5.530152205769375,,,5.531493438157871,"rgba(38, 166, 154, 1.0)",0.161246188585444,5.54115646949254,0.7370315636607143,64.6417323563916,10.056448555184033,True,False,True,False,True,8.043211191487309,0.0,0.0,0.0,0.0,0,0.9940431868950109,0.9463886820551006,False,False,False,False,0.07251387709017591,0.04024801000469096,False,False,False,False,756173.0,221892.6972365535,False,False,False,False,56134.863663811004,False,False,False,False
2025-05-20 15:00:00+00:00,5.655,5.665,5.65,5.655,14742.0,,,,,,,,,,,,,,,,,,,,,,,,,,,,,,,,,,,,,,,,,,,,,5.498558502444259,5.625973758099554,5.57306527447819,5.568254856352638,5.530483529247356,5.39596115086625,,,5.530483529247356,,,5.532049511914708,"rgba(38, 166, 154, 1.0)",0.15898532427030027,5.541571799923268,0.7134507577811774,66.05000443061837,11.521577738341463,True,False,True,False,True,7.785023442913079,0.0,0.0,0.0,0.0,0,0.9933135215453193,0.9509658246656763,False,False,False,False,0.057547263114750564,0.048897636559720764,False,False,False,False,741431.0,229947.55464373872,False,False,False,False,55493.11383956587,False,False,False,False
2025-05-20 16:00:00+00:00,5.655,5.705,5.645,5.695,61934.0,,,,,,,,,,,,,,,,,,,,,,,,,,,,,,,,,,,,,,,,,,,,,5.507182502957527,5.626972171768558,5.5744958086824346,5.569723700617918,5.532128794635747,5.3979940776478506,,,5.532128794635747,,,5.534749509385005,"rgba(38, 166, 154, 1.0)",0.15661230607590687,5.552854391955894,0.9076273225630863,68.84936780044214,14.258530388589548,True,False,True,False,True,9.448729212186265,0.0,0.0,0.0,0.0,0,1.0014925373134325,0.9447761194029852,False,True,False,False,0.07251387709017523,0.060705756824948,False,True,False,False,803365.0,238837.7475949986,False,False,False,False,55592.972539727634,False,False,False,False
2025-05-20 17:00:00+00:00,5.695,5.705,5.665,5.675,77647.0,,,,,,,,,,,,,,,,,,,,,,,,,,,,,,,,,,,,,,,,,,,,,5.51691081441143,5.628174427747009,5.576236900395512,5.5715123067341334,5.534141564323601,5.400502259410287,,,5.534141564323601,,,5.537913045503662,"rgba(38, 166, 154, 1.0)",0.15604910869442157,5.563074347819546,0.7172463406992534,68.4423121871275,14.258530388589548,True,False,True,False,True,8.395561977101991,0.0,0.0,0.0,0.0,0,1.0059790732436469,0.9417040358744396,False,True,False,False,0.08108038171864566,0.07089306927179684,False,False,False,False,725718.0,246386.27864003737,False,False,False,False,55934.89544608845,False,False,False,False
2025-05-20 18:00:00+00:00,5.675,5.68,5.635,5.635,54131.0,,,,,,,,,,,,,,,,,,,,,,,,,,,,,,,,,,,,,,,,,,,,,5.521890303903715,5.628503836888799,5.577062965754379,5.572376936238701,5.5352186139669906,5.402030743220391,,,5.5352186139669906,,,5.539513899995495,"rgba(38, 166, 154, 0.75)",0.15437426733239396,5.562792722752474,0.46774166767089137,64.31859907476331,14.258530388589548,True,False,True,False,False,6.325725264721296,0.0,0.0,0.0,0.0,0,1.0029828486204322,0.9410887397464581,False,False,False,False,0.05754726311474977,0.06422016619327331,False,False,False,False,671587.0,252978.53788592826,False,False,False,False,55906.92807483126,False,False,False,False
2025-05-20 19:00:00+00:00,5.635,5.635,5.605,5.61,54073.0,,,,,,,,,,,,,,,,,,,,,,,,,,,,,,,,,,,,,,,,,,,,,5.525304912256858,5.628328022876714,5.577501106865965,5.572859009373694,5.535968005540285,5.4033362568448675,,,5.535968005540285,,,5.540549552293064,"rgba(38, 166, 154, 0.75)",0.15263525976169956,5.561754327375339,0.31608471528783405,59.564568750266794,14.61542485845537,True,False,True,False,False,5.058497950129929,0.0,0.0,0.0,0.0,0,0.9999999999999998,0.946308724832215,False,False,False,False,0.025553902016015494,0.044887034104644404,False,False,False,False,617514.0,258630.25047684408,False,False,False,False,55878.495081423025,False,False,False,False
2025-05-21 14:00:00+00:00,5.56,5.565,5.515,5.515,45915.0,,,,,,,,,,,,,,,,,,,,,,,,,,,,,,,,,,,,,,,,,,,,,5.525493757002484,5.627124125182545,5.577074543501698,5.5724817804126445,5.535934660899193,5.403995651514953,,,5.535934660899193,,,5.540350753085587,#000000,0.1513345140248387,5.55874520781129,-0.28906299460617674,51.14932482465987,7.093147561693684,False,False,False,False,False,0.4969374823506598,0.0,0.0,0.0,0.0,0,0.9963017751479287,0.9474852071005918,False,False,False,False,-0.04260644483058518,0.0011402946370296131,False,False,False,False,571599.0,263482.4791516217,False,False,False,False,55724.02228946298,False,False,False,False
2025-05-21 15:00:00+00:00,5.515,5.545,5.515,5.515,37742.0,,,,,,,,,,,,,,,,,,,,,,,,,,,,,,,,,,,,,,,,,,,,,5.5254819960682005,5.626089193336077,5.576679197180796,5.572127025120371,5.535865423718237,5.40450457994559,,,5.535865423718237,,,5.540124569228212,"rgba(239, 83, 80, 1.0)",0.15008216968599766,5.556766405574251,-0.27829025700811283,45.53916220758859,2.3777469393091337,False,True,False,True,False,0.4969374823506598,0.0,0.0,0.0,0.0,0,0.9962797619047616,0.9546130952380955,False,False,False,False,-0.05114134925528462,-0.025000527309127503,False,False,False,False,571599.0,268259.4794748523,False,False,False,False,55445.23124621549,False,False,False,False
2025-05-21 16:00:00+00:00,5.515,5.53,5.505,5.53,6424.0,,,,,,,,,,,,,,,,,,,,,,,,,,,,,,,,,,,,,,,,,,,,,5.525466590275725,5.625909385029125,5.576608201220564,5.572062936502994,5.5358501376004225,5.404588393192706,,,5.5358501376004225,,,5.540080940636923,"rgba(239, 83, 80, 1.0)",0.1488960275730214,5.556460189027045,-0.17770916698276765,43.0932771817737,0.4755547034064165,False,True,False,True,False,1.1883644742742199,0.0,0.0,0.0,0.0,0,0.9842460615153785,0.9624906226556641,False,False,False,False,-0.0618206049552316,-0.04341056613217956,False,False,False,False,578023.0,273062.0146767926,False,False,False,False,54685.21215712688,False,False,False,False
2025-05-21 17:00:00+00:00,5.525,5.535,5.475,5.475,60129.0,,,,,,,,,,,,,,,,,,,,,,,,,,,,,,,,,,,,,,,,,,,,,5.52435705050711,5.623832937729139,5.5756341772987765,5.571157574787753,5.535442603059096,5.405189746824297,,,5.535442603059096,,,5.539269015034361,"rgba(239, 83, 80, 1.0)",0.14759736441407376,5.5531834579835735,-0.5297076834260793,38.96633046673742,-3.1860250554477574,False,True,False,True,False,0.0,0.0,0.0,0.0,0.0,0,0.9782771535580521,0.9647940074906368,False,False,False,False,-0.07251396270004153,-0.05796226441611054,False,False,False,False,517894.0,276857.8594104857,False,False,False,False,54769.61196864429,False,False,False,False
2025-05-21 18:00:00+00:00,5.475,5.5,5.46,5.475,36607.0,,,,,,,,,,,,,,,,,,,,,,,,,,,,,,,,,,,,,,,,,,,,,5.523358759832316,5.622441325121389,5.574932256259791,5.570498366116094,5.53509783431831,5.40548473669148,,,5.53509783431831,,,5.538635546389897,"rgba(239, 83, 80, 1.0)",0.1466150502948857,5.551266270232808,-0.5201803640172978,36.215032656713234,-5.678264011625558,False,True,False,True,False,0.0,0.0,0.0,0.0,0.0,0,0.9744552967693461,0.9729526671675434,False,False,False,False,-0.09395292279981196,-0.07595759360796125,False,False,False,False,517894.0,280594.8538382301,False,False,False,False,54488.0210854095,False,False,False,False
2025-05-21 19:00:00+00:00,5.475,5.505,5.475,5.49,140400.0,,,,,,,,,,,,,,,,,,,,,,,,,,,,,,,,,,,,,,,,,,,,,5.520796737004775,5.617754947935897,5.572645633437018,5.56836394187245,5.534077273325112,5.406772104743325,,,5.534077273325112,,,5.53673510638643,"rgba(239, 83, 80, 1.0)",0.1450583293675954,5.54641077916069,-0.3888834195638474,35.844624755701396,-6.17010158934098,False,True,False,True,False,0.0,0.0,0.0,0.0,0.0,0,0.9826676714393365,0.9645817633760363,False,False,False,False,-0.08536809854329173,-0.08066284607562649,False,False,False,False,658294.0,286450.6545539164,False,False,False,False,55819.989750751985,False,False,False,False
2025-05-22 14:00:00+00:00,5.43,5.475,5.425,5.475,13230.0,,,,,,,,,,,,,,,,,,,,,,,,,,,,,,,,,,,,,,,,,,,,5.458333333333333,5.520347929864963,5.617225152762801,5.572356360918197,5.568089711103253,5.5339160979135675,5.406846007502061,,,5.5339160979135675,,,5.525302084771168,"rgba(239, 83, 80, 1.0)",0.14403868974738354,5.540720049054215,-0.45626664036916775,34.81889894313255,-7.490380759941537,False,True,False,True,False,0.0,0.0,0.0,0.0,0.0,0,0.9721175584024111,0.969856819894499,False,False,False,False,-0.11979562505316686,-0.10022923556439667,False,False,False,False,645064.0,292010.5513825378,False,False,False,False,55159.67983213568,False,False,False,False
2025-05-22 15:00:00+00:00,5.475,5.495,5.445,5.475,32270.0,,,,,,,,,,,,,,,,,,,,,,,,,,,,,,,,,,,,,,,,,,,,5.467789743589743,5.519509455630726,5.616054760884947,5.571738677473468,5.567507084265892,5.533594674781867,5.407071833685263,,,5.533594674781867,,,5.526180890044558,"rgba(239, 83, 80, 1.0)",0.14300371695540612,5.540255514186176,-0.45632040603899143,34.13508173475333,-8.601959208500176,False,True,False,True,False,0.0,0.0,0.0,0.0,0.0,0,0.9729119638826181,0.9653875094055682,False,False,False,False,-0.10255157754935974,-0.1013904065568782,False,False,False,False,645064.0,297484.24826032796,False,False,False,False,54804.8010750483,False,False,False,False
2025-05-22 16:00:00+00:00,5.475,5.49,5.465,5.465,19048.0,,,,,,,,,,,,,,,,,,,,,,,,,,,,,,,,,,,,,,,,,,,,5.469425647063685,5.519044723469318,5.615380579116905,5.5713836350162715,5.567172393513817,5.533411565944351,5.4072078153505165,,,5.533411565944351,,,5.526146622782123,"rgba(239, 83, 80, 1.0)",0.1419656727954018,5.539792779644506,-0.5268370738628889,33.09844892526148,-10.099214293027522,False,True,False,True,False,0.0,0.0,0.0,0.0,0.0,0,0.9803625377643501,0.9637462235649547,False,False,False,False,-0.09610123899635822,-0.09874582277661821,False,False,False,False,626016.0,302577.76379117556,False,False,False,False,54250.432066132824,False,False,False,False
2025-05-22 17:00:00+00:00,5.465,5.5,5.455,5.495,43075.0,,,,,,,,,,,,,,,,,,,,,,,,,,,,,,,,,,,,,,,,,,,,5.474992055601499,5.51825003952063,5.613984922995938,5.570671045675033,5.566503957702246,5.533069805815938,5.407559468440224,,,5.533069805815938,,,5.526433042250217,"rgba(239, 83, 80, 1.0)",0.14133985621527206,5.539082354464855,-0.3118890569530098,35.90547991105608,-10.099214293027522,False,True,False,True,False,0.0,0.0,0.0,0.0,0.0,0,0.987091875474563,0.958997722095672,False,False,False,False,-0.09610123899635822,-0.09742353088648822,False,False,False,False,669091.0,308260.1395463511,False,False,False,False,54077.1695534796,False,False,False,False
2025-05-22 18:00:00+00:00,5.495,5.51,5.495,5.505,39521.0,,,,,,,,,,,,,,,,,,,,,,,,,,,,,,,,,,,,,,,,,,,,5.482604161003281,5.517951579883887,5.612922204668459,5.570174731546264,5.5660452185545095,5.532884770914669,5.407963669147527,,,5.532884770914669,,,5.5272209051026575,"rgba(239, 83, 80, 0.75)",0.140884656675187,5.538915626526887,-0.24073328726690257,38.82900987873086,-10.099214293027522,False,True,False,True,True,0.1781080853506367,0.0,0.0,0.0,0.0,0,0.9946808510638293,0.946808510638298,False,False,False,False,-0.07465454425588373,-0.08603903757118597,False,False,False,False,708612.0,314467.14513477974,False,False,False,False,53851.49250613883,False,False,False,False
2025-05-22 19:00:00+00:00,5.505,5.515,5.495,5.495,81431.0,,,,,,,,,,,,,,,,,,,,,,,,,,,,,,,,,,,,,,,,,,,,5.489395275073828,5.517306795030756,5.610763298833987,5.569149891815252,5.565096136937559,5.532489586486148,5.408771471567674,,,5.532489586486148,,,5.5275674936778865,"rgba(239, 83, 80, 0.75)",0.1405548208268093,5.538121574411843,-0.30679541376227026,39.925512523682485,-16.19731412492724,False,True,False,True,True,0.0,0.0,0.0,0.0,0.0,0,0.9992366412213737,0.9458015267175574,False,False,False,False,-0.07251396270004153,-0.07927650013561374,False,False,False,False,627181.0,319315.42195439554,False,False,False,False,54279.08176960954,False,False,False,False
2025-05-23 14:00:00+00:00,5.455,5.49,5.445,5.445,66830.0,,,,,,,,,,,,,,,,,,,,,,,,,,,,,,,,,,,,,,,,,,,,5.482745129567882,5.515503239964589,5.608399951711196,5.567826099541659,5.56383979495439,5.53174423350935,5.40913137283512,,,5.53174423350935,,,5.525598546012026,"rgba(239, 83, 80, 1.0)",0.1409795205880061,5.536001505869258,-0.6454945050862935,37.2368106490658,-16.19731412492724,False,True,False,True,False,0.0,0.0,0.0,0.0,0.0,0,0.9923780487804874,0.947408536585366,False,False,False,False,-0.10470355527049657,-0.09199002770305516,False,False,False,False,560351.0,323052.4076605289,False,False,False,False,54473.66964915047,False,False,False,False
2025-05-23 15:00:00+00:00,5.445,5.495,5.445,5.475,56750.0,,,,,,,,,,,,,,,,,,,,,,,,,,,,,,,,,,,,,,,,,,,,5.480959828295306,5.5143622018472085,5.606603739794339,5.566845858348096,5.562913533723636,5.531224216445175,5.4095022310429615,,,5.531224216445175,,,5.524630229928104,"rgba(239, 83, 80, 1.0)",0.14133851766795702,5.534735320599965,-0.42264006716343083,38.65147909195974,-16.19731412492724,False,True,False,True,False,0.0,0.0,0.0,0.0,0.0,1,0.9954407294832823,0.9422492401215806,False,False,False,False,-0.10255157754935974,-0.09727080262620745,False,False,False,False,617101.0,327611.3005650168,False,False,False,False,54508.961592574495,False,False,False,False
2025-05-23 16:00:00+00:00,5.475,5.51,5.475,5.505,74442.0,,,,,,,,,,,,,,,,,,,,,,,,,,,,,,,,,,,,,,,,,,,,5.483700701911484,5.5137779523289145,5.604741396874377,5.5659198119952285,5.562051629111316,5.530836247399561,5.410175066391477,,,5.530836247399561,,,5.524457543716052,"rgba(239, 83, 80, 0.75)",0.1412276610733573,5.534005383474137,-0.20538032885123939,42.26843091465675,-13.554454351592902,False,True,False,True,True,0.26265828924140067,0.0,0.0,0.0,0.0,0,1.001523229246001,0.9413556740289414,False,False,False,False,-0.08322390137972935,-0.0902473520029684,False,False,False,False,691543.0,333253.6524942413,False,False,False,False,54818.000947728375,False,False,False,False
2025-05-23 17:00:00+00:00,5.505,5.535,5.5,5.515,61697.0,,,,,,,,,,,,,,,,,,,,,,,,,,,,,,,,,,,,,,,,,,,,5.48786602265575,5.513854893873416,5.603521964252815,5.565386991946898,5.561567463518338,5.530705619821852,5.410852023671101,,,5.530705619821852,,,5.524822139962881,"rgba(239, 83, 80, 0.5)",0.14101201150039033,5.533894191428454,-0.13398994332054928,45.502676310433266,-10.418939605379407,False,False,False,True,True,0.7677511477884273,0.0,0.0,0.0,0.0,0,1.0045906656465184,0.9403213465952563,False,False,False,False,-0.0618206049552316,-0.07603397847910001,False,False,False,False,753240.0,339765.06873464066,False,False,False,False,54924.65209582561,False,False,False,False
2025-05-23 18:00:00+00:00,5.515,5.56,5.515,5.545,59113.0,,,,,,,,,,,,,,,,,,,,,,,,,,,,,,,,,,,,,,,,,,,,5.4934958297330265,5.514505505268687,5.60269034204162,5.565126557437098,5.561349249071203,5.5307869961481115,5.411633859102322,,,5.5307869961481115,,,5.525655476971724,#000000,0.1408812355231219,5.534261643102312,0.07622276208619558,49.926341095593855,-6.2639642778227085,False,False,False,False,True,2.2723757593934835,0.0,0.0,0.0,0.0,0,0.999236058059587,0.9396485867074104,False,False,False,False,-0.044739540967758534,-0.06038675972342927,False,False,False,False,812353.0,347092.01340542146,False,False,False,False,54989.58772224691,False,False,False,False
2025-05-23 19:00:00+00:00,5.545,5.575,5.545,5.57,244878.0,,,,,,,,,,,,,,,,,,,,,,,,,,,,,,,,,,,,,,,,,,,,5.51508107772666,5.519068565642382,5.600665672573664,5.565053458008667,5.561429063195702,5.531926127276516,5.415345121272838,,,5.531926127276516,,,5.529795583670918,"rgba(38, 166, 154, 1.0)",0.14070421342544964,5.536960202114205,0.23481740227559691,54.48626435329062,-2.0843823838254423,True,False,True,False,True,3.5046462302528596,0.0,0.0,0.0,0.0,0,1.0030534351145033,0.9366412213740458,False,False,False,False,-0.025553987232917637,-0.04297037347817345,False,False,False,False,1057231.0,358101.9201743296,False,False,False,False,57933.59411415006,False,False,False,False
2025-05-26 14:00:00+00:00,5.57,5.57,5.57,5.57,0.0,,,,,,,,,,,,,,,,,,,,,,,,,,,,,,,,,,,,,,,,,,,,5.51508107772666,5.519068565642382,5.600665672573664,5.565053458008667,5.561429063195702,5.531926127276516,5.415345121272838,,,5.531926127276516,,,5.529795583670918,"rgba(38, 166, 154, 1.0)",0.14020576898849937,5.536960202114205,0.23565219979290153,57.52621319175513,0.6709789675095763,True,False,True,False,True,3.5046462302528596,0.0,0.0,0.0,0.0,0,1.0084355828220857,0.9363496932515337,False,False,False,False,-0.017033945752847474,-0.030002159615510463,False,False,False,False,1057231.0,368941.1307142624,False,False,False,False,57035.39885656634,False,False,False,False
2025-05-26 15:00:00+00:00,5.57,5.57,5.57,5.57,0.0,,,,,,,,,,,,,,,,,,,,,,,,,,,,,,,,,,,,,,,,,,,,5.51508107772666,5.519068565642382,5.600665672573664,5.565053458008667,5.561429063195702,5.531926127276516,5.415345121272838,,,5.531926127276516,,,5.529795583670918,"rgba(38, 166, 154, 1.0)",0.13987526618415735,5.536960202114205,0.2362090081193885,59.55284575073148,2.5870216477952326,True,False,True,False,True,3.5046462302528703,0.0,0.0,0.0,0.0,0,1.0084876543209873,0.9375,False,False,False,False,-0.017033945752847474,-0.023518052684178968,False,False,False,False,1057231.0,379612.29147838237,False,False,False,False,56151.12910685213,False,False,False,False
2025-05-26 16:00:00+00:00,5.57,5.57,5.57,5.57,0.0,,,,,,,,,,,,,,,,,,,,,,,,,,,,,,,,,,,,,,,,,,,,5.51508107772666,5.519068565642382,5.600665672573664,5.565053458008667,5.561429063195702,5.531926127276516,5.415345121272838,,,5.531926127276516,,,5.529795583670918,"rgba(38, 166, 154, 1.0)",0.13924626573995183,5.536960202114205,0.23727600672249582,60.90393412338237,4.0108566249364515,True,False,True,False,True,3.5046462302528596,0.0,0.0,0.0,0.0,0,1.0251770259638078,0.933123524783635,False,False,False,False,-0.03593386582129954,-0.029725959252739253,False,False,False,False,1057231.0,390118.0078895702,False,False,False,False,55280.56896566063,False,False,False,False
2025-05-26 17:00:00+00:00,5.57,5.57,5.57,5.57,0.0,,,,,,,,,,,,,,,,,,,,,,,,,,,,,,,,,,,,,,,,,,,,5.51508107772666,5.519068565642382,5.600665672573664,5.565053458008667,5.561429063195702,5.531926127276516,5.415345121272838,,,5.531926127276516,,,5.529795583670918,"rgba(38, 166, 154, 1.0)",0.13782391821607443,5.536960202114205,0.23972470318248298,61.80465970514963,5.1437905753386275,True,False,True,False,True,3.5046462302528703,0.0,0.0,0.0,0.0,0,1.015847860538827,0.9358161648177495,False,False,False,False,-0.04487334031371103,-0.03729964978322514,False,False,False,False,1057231.0,400460.8449765536,False,False,False,False,54423.5058809217,False,False,False,False
2025-05-26 18:00:00+00:00,5.57,5.57,5.57,5.57,0.0,,,,,,,,,,,,,,,,,,,,,,,,,,,,,,,,,,,,,,,,,,,,5.51508107772666,5.519068565642382,5.600665672573664,5.565053458008667,5.561429063195702,5.531926127276516,5.415345121272838,,,5.531926127276516,,,5.529795583670918,"rgba(38, 166, 154, 1.0)",0.13726078290072966,5.536960202114205,0.2407082138653576,62.40514342632781,6.099274045517774,True,False,True,False,True,3.5046462302528703,0.0,0.0,0.0,0.0,0,1.0087719298245612,0.9417862838915471,False,False,False,False,-0.04487334031371103,-0.041086495048468084,False,False,False,False,1057231.0,410643.32800017286,False,False,False,False,53579.73059594617,False,False,False,False
2025-05-26 19:00:00+00:00,5.57,5.57,5.57,5.57,0.0,,,,,,,,,,,,,,,,,,,,,,,,,,,,,,,,,,,,,,,,,,,,5.51508107772666,5.519068565642382,5.600665672573664,5.565053458008667,5.561429063195702,5.531926127276516,5.415345121272838,,,5.531926127276516,,,5.529795583670918,"rgba(38, 166, 154, 1.0)",0.1366834311844675,5.536960202114205,0.24172496695085782,62.80546590711326,6.9389988928177,True,False,True,False,True,3.5046462302528703,0.0,0.0,0.0,0.0,0,1.0120192307692306,0.9366987179487181,False,False,False,False,-0.050183466937717636,-0.045634980993092863,False,False,False,False,1057231.0,420667.9430699376,False,False,False,False,52749.03709833459,False,False,False,False
2025-05-27 14:00:00+00:00,5.585,5.635,5.575,5.635,23848.0,,,,,,,,,,,,,,,,,,,,,,,,,,,,,,,,,,,,,,,,,,,,5.518000781326899,5.519933767187252,5.600737128984613,5.565250957659376,5.561638114557739,5.532208329505153,5.415819675872769,,,5.532208329505153,,,5.530512679299114,"rgba(38, 166, 154, 1.0)",0.13595302580385585,5.537539623940965,0.716868017337429,68.04686142251265,12.17213105181824,True,False,True,False,True,6.957496478370988,0.0,0.0,0.0,0.0,0,1.0103585657370515,0.9290836653386455,False,False,False,False,-0.0174929943439251,-0.031563987668508986,False,False,False,False,1081079.0,430906.8741851324,False,False,False,False,52300.95900378677,False,False,False,False
2025-05-27 15:00:00+00:00,5.635,5.665,5.635,5.645,60925.0,,,,,,,,,,,,,,,,,,,,,,,,,,,,,,,,,,,,,,,,,,,,5.527054356724412,5.522825581958449,5.601335656123808,5.566081856561834,5.562493879090304,5.53320743783213,5.417223035995309,,,5.53320743783213,,,5.532888829183749,"rgba(38, 166, 154, 1.0)",0.1354745413402459,5.539539170112336,0.7784549690616576,72.01539175980199,15.973509022111145,True,False,True,False,True,7.469485384451058,0.0,0.0,0.0,0.0,0,1.0183121019108279,0.9251592356687899,False,False,False,False,0.024492478758120106,-0.0035357544551944398,False,False,False,False,1142004.0,441931.63582567294,False,False,False,False,52434.66506574356,False,False,False,False
2025-05-27 16:00:00+00:00,5.645,5.665,5.645,5.665,25096.0,,,,,,,,,,,,,,,,,,,,,,,,,,,,,,,,,,,,,,,,,,,,5.530706257837722,5.5240711560580955,5.601629376354941,5.566460330655299,5.562881984925022,5.533649320103432,5.417820988932276,,,5.533649320103432,,,5.533888487838112,"rgba(38, 166, 154, 1.0)",0.1348952880523903,5.540394535414225,0.9237199192412198,75.52817671274008,19.269713274385353,True,False,True,False,True,8.490814738003724,0.0,0.0,0.0,0.0,0,1.0231999999999997,0.9256000000000001,False,False,False,False,0.021525011936160944,0.008994628740483252,False,False,False,False,1167100.0,453174.55620046874,False,False,False,False,52010.80979340645,False,False,False,False
2025-05-27 17:00:00+00:00,5.665,5.675,5.65,5.67,22064.0,,,,,,,,,,,,,,,,,,,,,,,,,,,,,,,,,,,,,,,,,,,,5.533912273222694,5.525200924586641,5.601915188878176,5.566814482905149,5.563244265024728,5.534055880547128,5.418358759072973,,,5.534055880547128,,,5.5347859677482125,"rgba(38, 166, 154, 1.0)",0.13139884952942432,5.548048566029826,0.9281012307711641,78.07478853030503,21.67339079930312,True,False,True,False,True,8.746431285043826,0.0,0.0,0.0,0.0,0,1.0175999999999998,0.9264,False,False,False,False,0.02870348042688166,0.018849054583682454,False,False,False,False,1189164.0,464585.24525162426,False,False,False,False,51546.518168702474,False,False,False,False
2025-05-27 18:00:00+00:00,5.67,5.67,5.64,5.65,14631.0,,,,,,,,,,,,,,,,,,,,,,,,,,,,,,,,,,,,,,,,,,,,5.535773328121276,5.525878465882452,5.602068510179929,5.567020188264917,5.563455703241718,5.534300195720179,5.41869726760837,,,5.534300195720179,,,5.535313379859835,"rgba(38, 166, 154, 1.0)",0.12729772861960417,5.548219729717368,0.799545061693725,75.98088368800703,21.67339079930312,True,False,True,False,True,7.452987237881732,0.0,0.0,0.0,0.0,0,1.0176565008025678,0.9293739967897272,False,False,False,False,0.021525011936160944,0.0201870332599217,False,False,False,False,1174533.0,475592.1871857076,False,False,False,False,50974.18455368383,False,False,False,False
2025-05-27 19:00:00+00:00,5.645,5.655,5.6,5.615,201949.0,,,,,,,,,,,,,,,,,,,,,,,,,,,,,,,,,,,,,,,,,,,,5.5512735792547545,5.532507551406433,5.602909128688293,5.568809511709381,5.565334577709468,5.536748150321469,5.422687035220765,,,5.536748150321469,,,5.540038504901509,"rgba(38, 166, 154, 0.75)",0.11940667885404775,5.550333633264423,0.5415640679079552,69.50812946889802,26.372446748225045,True,False,True,False,False,5.239973615665878,0.0,0.0,0.0,0.0,0,1.007987220447284,0.9313099041533547,False,False,False,False,-0.004782692294933849,0.0077021704824939245,False,False,False,False,972584.0,483297.48660918506,False,False,False,False,53314.879366805006,False,False,False,False
2025-05-28 14:00:00+00:00,5.505,5.515,5.435,5.445,106623.0,,,,,,,,,,,,,,,,,,,,,,,,,,,,,,,,,,,,,,,,,,,,5.543899366506308,5.530167162196495,5.600089652392771,5.567096737462797,5.5636994299742994,5.535721523795876,5.423118157427801,,,5.535721523795876,,,5.537684575679478,#000000,0.11073566447800912,5.545350291847182,-0.9062147440954775,55.070729420779706,13.37180251041184,False,False,False,False,False,0.0,0.0,0.0,0.0,0.0,0,0.9906614785992215,0.9400778210116733,False,False,False,False,-0.15180771499751974,-0.07205277225751291,False,False,False,False,865961.0,489230.254258655,False,False,False,False,54141.36185724214,False,False,False,False
2025-05-28 15:00:00+00:00,5.445,5.455,5.415,5.425,154625.0,,,,,,,,,,,,,,,,,,,,,,,,,,,,,,,,,,,,,,,,,,,,5.531521754635724,5.525451970684691,5.595239933401356,5.563931999050319,5.560651027944232,5.533606217308,5.423242630659879,,,5.533606217308,,,5.5333779333834565,"rgba(239, 83, 80, 1.0)",0.10276041408393415,5.538856921592195,-1.1079842622977076,44.866498260452055,4.775475261126928,False,True,False,True,False,0.0,0.0,0.0,0.0,0.0,0,0.9875389408099685,0.9548286604361372,False,False,False,False,-0.19120976626692435,-0.13163126926221863,False,False,False,False,711336.0,492673.75419262936,False,False,False,False,55699.24771992055,False,False,False,False
2025-05-28 16:00:00+00:00,5.425,5.435,5.405,5.405,63479.0,,,,,,,,,,,,,,,,,,,,,,,,,,,,,,,,,,,,,,,,,,,,5.52647463195783,5.523323181321352,5.59313415448298,5.562516809581921,5.559283433393251,5.532624561309269,5.42319365126437,,,5.532624561309269,,,5.531507203330139,"rgba(239, 83, 80, 1.0)",0.09189241653267814,5.53638432944352,-1.4297624809637932,37.49746266502232,-1.2239573517194628,False,True,False,True,False,0.0,0.0,0.0,0.0,0.0,0,0.9843871975019514,0.9601873536299768,False,False,False,False,-0.20613163457055686,-0.16888145191638776,False,False,False,False,647857.0,495079.69598809246,False,False,False,False,55819.86403434038,False,False,False,False
2025-05-28 17:00:00+00:00,5.405,5.42,5.395,5.405,122411.0,,,,,,,,,,,,,,,,,,,,,,,,,,,,,,,,,,,,,,,,,,,,5.517238861221946,5.5191428550239845,5.589025691432935,5.559712420782324,5.556569224799885,5.530645811548474,5.423006417836488,,,5.530645811548474,,,5.527905897520863,"rgba(239, 83, 80, 1.0)",0.09115376574233269,5.531909556014714,-1.3922579608334902,32.58477226806916,-5.219975999454306,False,True,False,True,False,0.0,0.0,0.0,0.0,0.0,0,0.9796874999999997,0.9632812500000001,False,False,False,False,-0.21863577485420593,-0.19375861338529685,False,False,False,False,647857.0,497448.3363603701,False,False,False,False,56852.28474698627,False,False,False,False
2025-05-28 18:00:00+00:00,5.405,5.42,5.385,5.395,32699.0,,,,,,,,,,,,,,,,,,,,,,,,,,,,,,,,,,,,,,,,,,,5.3999999999999995,5.514873372680049,5.518013200104775,5.58791967255904,5.558948406945325,5.555828932734854,5.530099857202019,5.422937004887011,,,5.530099857202019,,,5.511077555889134,"rgba(239, 83, 80, 1.0)",0.0902673706175012,5.523878648638509,-1.4277434665137145,28.99025941091804,-8.356177720689644,False,True,False,True,False,0.0,0.0,0.0,0.0,0.0,0,0.9781761496492594,0.9618082618862044,False,False,False,False,-0.2236561257746977,-0.20870736957999728,False,False,False,False,615158.0,499273.2923857907,False,False,False,False,56477.815216025236,False,False,False,False
2025-05-28 19:00:00+00:00,5.395,5.425,5.395,5.42,156963.0,,,,,,,,,,,,,,,,,,,,,,,,,,,,,,,,,,,,,,,,,,,5.411034577300672,5.505907324565697,5.513456251671557,5.5831500398606595,5.555679731256403,5.55266655181172,5.527803621669548,5.422799901905224,,,5.527803621669548,,,5.509062250005185,"rgba(239, 83, 80, 1.0)",0.08647595093486563,5.520218724863296,-1.1589201827775442,29.35353303746526,-8.356177720689644,False,True,False,True,False,0.0,0.0,0.0,0.0,0.0,0,0.9796716184519153,0.965598123534011,False,False,False,False,-0.21612967682734666,-0.21241852320367197,False,False,False,False,772121.0,503503.48940306524,False,False,False,False,58035.725057637246,False,False,False,False
2025-05-29 14:00:00+00:00,5.465,5.485,5.455,5.485,21710.0,,,,,,,,,,,,,,,,,,,,,,,,,,,,,,,,,,,,,,,,,,,5.417604460382644,5.5055344045229235,5.513226089810019,5.582742916579752,5.5554300153636005,5.552428879693217,5.527660388147825,5.42290277143503,,,5.527660388147825,,,5.509691240741876,"rgba(239, 83, 80, 0.75)",0.08284077857307863,5.520347349525847,-0.42669021386205763,35.10651201051357,-8.356177720689644,False,True,False,True,True,0.0,0.0,0.0,0.0,0.0,0,0.9828793774319065,0.9587548638132296,False,False,False,False,-0.156705039912816,-0.184561781558244,False,False,False,False,793831.0,508004.69111774635,False,False,False,False,57472.53552185993,False,False,False,False
2025-05-29 15:00:00+00:00,5.485,5.49,5.465,5.465,14801.0,,,,,,,,,,,,,,,,,,,,,,,,,,,,,,,,,,,,,,,,,,,5.421251416688405,5.505271681580323,5.513063974801933,5.582462842645834,5.555257143974964,5.55226420670868,5.527560105464004,5.422970435390628,,,5.527560105464004,,,5.510012725906846,"rgba(239, 83, 80, 0.75)",0.08047718047108678,5.520386843685163,-0.6882304196164273,37.76634168465001,-8.356177720689644,False,True,False,True,True,0.0,0.0,0.0,0.0,0.0,0,0.9836575875486377,0.9571984435797667,False,False,False,False,-0.14936177410727375,-0.16696177783275887,False,False,False,False,779030.0,512206.6338911146,False,False,False,False,56810.961327722565,False,False,False,False
2025-05-29 16:00:00+00:00,5.465,5.5,5.46,5.5,28226.0,,,,,,,,,,,,,,,,,,,,,,,,,,,,,,,,,,,,,,,,,,,5.428509349486437,5.504986638333057,5.512860975567672,5.581997461461815,5.554982810290241,5.552004791596674,5.527416657107656,5.423132999913982,,,5.527416657107656,,,5.510736460469692,"rgba(239, 83, 80, 0.75)",0.07756572336696652,5.520570948691192,-0.265206689221083,41.998947984506444,-19.958792198558992,False,True,False,True,True,0.0,0.0,0.0,0.0,0.0,0,0.9890880748246295,0.9532346063912707,False,False,False,False,-0.14691760591409755,-0.1569396918734282,False,False,False,False,807256.0,516781.04266799655,False,False,False,False,56367.78363271912,False,False,False,False
2025-05-29 17:00:00+00:00,5.495,5.515,5.495,5.495,34573.0,,,,,,,,,,,,,,,,,,,,,,,,,,,,,,,,,,,,,,,,,,,5.4372619896276,5.504925483827657,5.512756516021802,5.581522286160043,5.554722890482376,5.551762134006621,5.527306491830303,5.423377737189708,,,5.527306491830303,,,5.511704441143264,"rgba(239, 83, 80, 0.75)",0.0772700307859199,5.520913326773378,-0.33536063736239796,44.47737281228234,-17.104339041800756,False,True,False,True,True,0.0,0.0,0.0,0.0,0.0,0,0.9882720875684126,0.9554339327599689,False,False,False,False,-0.12256664189910324,-0.1397531668862657,False,False,False,False,772683.0,520748.5148746942,False,False,False,False,56029.880010506415,False,False,False,False
2025-05-29 18:00:00+00:00,5.495,5.505,5.49,5.495,26395.0,,,,,,,,,,,,,,,,,,,,,,,,,,,,,,,,,,,,,,,,,,,5.442233931683827,5.504810950577321,5.512642699738989,5.581140798816447,5.554507611996342,5.551560110491315,5.527206739665147,5.423551691495556,,,5.527206739665147,,,5.512206816808118,"rgba(239, 83, 80, 0.5)",0.0770633879722734,5.52105397952563,-0.338085051944557,46.12965603079961,-14.913357540423192,False,False,False,True,True,0.0,0.0,0.0,0.0,0.0,0,0.9874509803921566,0.9560784313725491,False,False,False,False,-0.1298554676036482,-0.13480431724495695,False,False,False,False,772683.0,524654.4758843889,False,False,False,False,55570.424506467556,False,False,False,False
2025-05-29 19:00:00+00:00,5.495,5.495,5.47,5.47,54424.0,,,,,,,,,,,,,,,,,,,,,,,,,,,,,,,,,,,,,,,,,,,5.447546862056314,5.504074883781038,5.512149474536704,5.580196551605812,5.5539296209556985,5.551010628328651,5.526880849052411,5.4238184881503,,,5.526880849052411,,,5.512450919808366,"rgba(239, 83, 80, 0.5)",0.0770458503948295,5.520861027205187,-0.6601397342562146,45.346414324769256,-14.913357540423192,False,False,False,True,True,0.0,0.0,0.0,0.0,0.0,0,0.9811616954474095,0.9599686028257458,False,False,False,False,-0.14447517932020043,-0.1396397482825787,False,False,False,False,718259.0,527656.0964133131,False,False,False,False,55552.65048311147,False,False,False,False
2025-05-30 14:00:00+00:00,5.475,5.525,5.47,5.515,39044.0,,,,,,,,,,,,,,,,,,,,,,,,,,,,,,,,,,,,,,,,,,,5.452874505199734,5.504060383823015,5.512059479431765,5.579693408816412,5.553655692220003,5.550755342051183,5.5267687413102,5.424095336964158,,,5.5267687413102,,,5.512995361227059,#000000,0.07669895520624206,5.52102673129393,-0.07857644576415469,48.34852184214495,-11.41992070072417,False,False,False,False,True,0.27590827531234297,0.0,0.0,0.0,0.0,0,0.9873817034700313,0.9574132492113565,False,False,False,False,-0.1298554676036482,-0.13474760794311344,False,False,False,False,757303.0,531216.5135231841,False,False,False,False,55296.70241360587,False,False,False,False
2025-05-30 15:00:00+00:00,5.515,5.535,5.5,5.515,48002.0,,,,,,,,,,,,,,,,,,,,,,,,,,,,,,,,,,,,,,,,,,,5.459577445930751,5.504356322193221,5.512116583196657,5.579190231046794,5.553411115170071,5.550532405414235,5.526709955636754,5.4244899041175465,,,5.526709955636754,,,5.513797995338254,#000000,0.07598524038756584,5.521141674483084,-0.08082720343790636,50.34992685372874,-8.865417525334571,False,False,False,False,True,0.27590827531234297,0.0,0.0,0.0,0.0,0,0.9920571882446384,0.9547259729944402,False,False,False,False,-0.1104469480646727,-0.12259727800389307,False,False,False,False,757303.0,534721.7303677859,False,False,False,False,55183.60625215461,False,False,False,False
2025-05-30 16:00:00+00:00,5.515,5.535,5.505,5.515,33105.0,,,,,,,,,,,,,,,,,,,,,,,,,,,,,,,,,,,,,,,,,,,5.46354753555863,5.504579005600906,5.512169273414198,5.578856991896129,5.553251882104043,5.5503878299682725,5.5266764726124595,5.424764951682394,,,5.5266764726124595,,,5.514279242854629,"rgba(38, 166, 154, 1.0)",0.07559821486046818,5.526059368740246,-0.14629140067207957,51.68419686145127,-6.941977918386044,True,False,True,False,True,0.27590827531234297,0.0,0.0,0.0,0.0,0,0.986454183266932,0.956175298804781,False,False,False,False,-0.10802699449335879,-0.11531213624862593,False,False,False,False,757303.0,538172.6027651845,False,False,False,False,54841.30227925299,False,False,False,False
2025-05-30 17:00:00+00:00,5.515,5.525,5.5,5.505,46936.0,,,,,,,,,,,,,,,,,,,,,,,,,,,,,,,,,,,,,,,,,,,5.467608593882905,5.504698752455509,5.512143515793134,5.578326537436575,5.552975294647403,5.550132349178776,5.526582496356702,5.425117674606901,,,5.526582496356702,,,5.514698151794738,"rgba(38, 166, 154, 1.0)",0.07544164262157114,5.525792809866142,-0.275614490135677,51.55619330899856,-6.360666291385897,True,False,True,False,True,0.0,0.0,0.0,0.0,0.0,0,0.9975825946817081,0.9524576954069299,False,False,False,False,-0.11529075179242342,-0.11530144402052467,False,False,False,False,710367.0,540842.2833424684,False,False,False,False,54718.739453218055,False,False,False,False
2025-05-30 18:00:00+00:00,5.505,5.53,5.505,5.53,18372.0,,,,,,,,,,,,,,,,,,,,,,,,,,,,,,,,,,,,,,,,,,,5.469397256491069,5.504844206242482,5.512187572159071,5.578156196754311,5.552897121761572,5.550062041025543,5.526571676930595,5.425273813347662,,,5.526571676930595,,,5.514923735589038,"rgba(38, 166, 154, 1.0)",0.07534503217779716,5.526008812380743,0.052972140350790495,53.685217848451224,-3.6739081070132897,True,False,True,False,True,1.1397675173529542,0.0,0.0,0.0,0.0,0,1.0032310177705974,0.9378029079159936,False,False,False,False,-0.1104469480646727,-0.11287419604259868,False,False,False,False,728739.0,543755.4107325077,False,False,False,False,54155.224112858086,False,False,False,False
2025-05-30 19:00:00+00:00,5.525,5.53,5.475,5.48,100205.0,,,,,,,,,,,,,,,,,,,,,,,,,,,,,,,,,,,,,,,,,,,5.473311366404507,5.504404497477257,5.511764559743347,5.576814646893002,5.552119250787249,5.549330130831824,5.52619717367009,5.425883459554162,,,5.52619717367009,,,5.51497813567018,#000000,0.0741773501769825,5.524800319014629,-0.6039622459920406,50.56872917676762,-3.6739081070132897,False,False,False,False,True,0.0,0.0,0.0,0.0,0.0,0,0.9959709911361802,0.9403706688154716,False,False,False,False,-0.12499477329939533,-0.11893448467099701,False,False,False,False,628534.0,545069.8074653371,False,False,False,False,54869.174126612226,False,False,False,False
2025-06-02 14:00:00+00:00,5.4,5.43,5.39,5.395,142567.0,,,,,,,,,,,,,,,,,,,,,,,,,,,,,,,,,,,,,,,,,,,5.461107509149706,5.4984648283833994,5.508152555995648,5.572959452606064,5.549359776125012,5.546651237133541,5.524185711974093,5.4256268665339045,,,5.524185711974093,,,5.510813492237672,"rgba(239, 83, 80, 1.0)",0.0741773501769825,5.51726923653832,-1.648336537320273,43.91069389107032,1.097793210807616,False,True,False,True,False,0.0,0.0,0.0,0.0,0.0,0,0.9904306220095689,0.944976076555024,False,False,False,False,-0.21612967682734666,-0.16753208074917184,False,False,False,False,485967.0,544153.4848689752,False,False,False,False,56228.83034170351,False,False,False,False
2025-06-02 15:00:00+00:00,5.395,5.405,5.355,5.365,54434.0,,,,,,,,,,,,,,,,,,,,,,,,,,,,,,,,,,,,,,,,,,,5.45560907151415,5.495710891938672,5.506454516340412,5.571277906648618,5.548119965649868,5.545443340555896,5.523246303688656,5.425390469493029,,,5.523246303688656,,,5.508906558228663,"rgba(239, 83, 80, 1.0)",0.07580041360508606,5.514448882355884,-1.971610381105575,38.35451436977518,-4.082963327581574,False,True,False,True,False,0.0,0.0,0.0,0.0,0.0,0,0.9856801909307873,0.9498806682577565,False,False,False,False,-0.30507757521404233,-0.23630482798160707,False,False,False,False,431533.0,542407.4308399989,False,False,False,False,56201.00351470035,False,False,False,False
2025-06-02 16:00:00+00:00,5.365,5.375,5.335,5.345,161309.0,,,,,,,,,,,,,,,,,,,,,,,,,,,,,,,,,,,,,,,,,,,5.439069887991793,5.486779954089011,5.50081796197671,5.565885550126793,5.544065809413278,5.541485034260328,5.520103249085395,5.424384259030499,,,5.520103249085395,,,5.502823963246726,"rgba(239, 83, 80, 1.0)",0.07812746572685134,5.506333347286571,-2.0650016711232313,33.96078971267034,-8.099545702021857,False,True,False,True,False,0.0,0.0,0.0,0.0,0.0,0,0.9822580645161287,0.9733870967741935,False,False,False,False,-0.3369380043377147,-0.28662141615966086,False,False,False,False,270224.0,538187.5326874407,False,False,False,False,57830.5848555577,False,False,False,False
2025-06-02 17:00:00+00:00,5.345,5.345,5.315,5.325,166332.0,,,,,,,,,,,,,,,,,,,,,,,,,,,,,,,,,,,,,,,,,,5.328333333333333,5.423461821358752,5.4772588453003745,5.4945757863682365,5.560019558237452,5.5395708130671615,5.537087985583092,5.5165481058818155,5.42305125800248,,5.328333333333333,5.5165481058818155,,,5.477767500792522,"rgba(239, 83, 80, 1.0)",0.08145949084451792,5.490217750029421,-2.0282197730007026,30.371176599838126,-11.406413026077843,False,True,False,True,False,0.0,1.0,5.345,5.315,0.0,0,0.9725141471301534,0.9765561843168958,True,False,False,False,-0.34282825441539394,-0.31472483528752737,False,False,False,False,103892.0,531454.2686147672,True,False,False,False,59512.777338417276,False,False,False,False
2025-06-02 18:00:00+00:00,5.325,5.375,5.32,5.365,185858.0,,,,,,,,,,,,,,,,,,,,,,,,,,,,,,,,,,,,,,,,,,5.341526354145963,5.413919822883379,5.4694614865612845,5.489086194883027,5.554469743135286,5.535333495250581,5.532947805357479,5.513235749197186,5.421986635091329,,5.341526354145963,5.513235749197186,,,5.474663031833946,"rgba(239, 83, 80, 1.0)",0.08314412754936698,5.48526394641885,-1.4464514808630662,31.830088128474504,-11.406413026077843,False,True,False,True,False,0.0,0.0,0.0,0.0,0.0,0,0.9742351046698869,0.9685990338164252,False,False,False,False,-0.3229392289227121,-0.31883203210511973,False,False,False,False,289750.0,527706.9156129878,False,False,False,False,61471.61799983716,False,False,False,False
2025-06-02 19:00:00+00:00,5.365,5.37,5.335,5.37,799725.0,,,,,,,,,,,,,,,,,,,,,,,,,,,,,,,,,,,,,,,,,,5.353194716334683,5.393393288328223,5.445785126928274,5.470352386042153,5.534155526162686,5.519550327049979,5.5175153730067015,5.500795302129351,5.418062048266726,,5.353194716334683,5.500795302129351,,,5.461422677138753,"rgba(239, 83, 80, 1.0)",0.08495425372060364,5.469090908275699,-1.1664031397602213,33.25334889326642,-11.406413026077843,False,True,False,True,False,0.0,0.0,0.0,0.0,0.0,0,0.9749798224374493,0.9741727199354318,False,False,False,False,-0.3173023297489924,-0.3180671809270561,False,False,False,False,1089475.0,536416.4983166624,False,False,False,False,72917.40686805673,False,False,False,False
2025-06-03 14:00:00+00:00,5.875,5.995,5.875,5.975,306350.0,,,,,,,,,,,,,,,,,,,,,,,,,,,,,,,,,,,,,,,,,,5.478220493760279,5.462165060024891,5.483705553609727,5.495221347247187,5.549961025431754,5.533713097858726,5.5316233663782075,5.514152807246618,5.430297225080302,,5.478220493760279,5.514152807246618,,,5.497673330737522,"rgba(38, 166, 154, 0.5)",0.09947008242329305,5.50429267538254,4.732149739399771,49.92685441843676,-9.331565473643039,False,False,True,False,True,18.594773288829664,0.0,0.0,0.0,0.0,0,0.9779249448123617,0.9595290654893305,False,False,False,False,0.2949445958469764,-0.011561292540039847,False,False,False,False,1395825.0,549740.6611334583,False,False,False,False,76536.5168390946,False,False,False,False
2025-06-03 15:00:00+00:00,5.97,6.075,5.915,6.065,290022.0,,,,,,,,,,,,,,,,,,,,,,,,,,,,,,,,,,,,,,,,,,5.5678194016962514,5.520564045620189,5.5193502077860135,5.519778232540957,5.56629201806579,5.548407536746329,5.546258456255259,5.528007386344976,5.442867499032041,,5.5678194016962514,5.528007386344976,,,5.528816087120867,"rgba(38, 166, 154, 1.0)",0.11705881327676754,5.535283445995471,4.525217189346485,61.655612663562025,0.8101055262480088,True,False,True,False,True,20.0,0.0,0.0,0.0,0.0,0,0.9826464208242948,0.9522776572668114,False,False,False,False,0.34282814303833,0.16563342524914507,False,False,False,False,1685847.0,567354.712898831,False,False,False,False,79846.36929120166,False,False,False,False
2025-06-03 16:00:00+00:00,6.065,6.065,6.015,6.015,159840.0,,,,,,,,,,,,,,,,,,,,,,,,,,,,,,,,,,,,,,,,,,5.606674963633623,5.548523546843392,5.537508031717987,5.532687904290532,5.575066311332809,5.556350608348343,5.554171591320644,5.53552137732562,5.449723577677604,,5.606674963633623,5.53552137732562,,,5.544025323610062,"rgba(38, 166, 154, 1.0)",0.12928162568106125,5.550584148207818,3.5922804137526776,67.65031417293896,5.623421333229913,True,False,True,False,True,18.741943230934552,0.0,0.0,0.0,0.0,0,0.9999999999999997,0.9502164502164503,False,False,False,False,0.34282815009743833,0.2542307876732917,False,False,False,False,1526007.0,582217.5390554382,False,False,False,False,81086.58062002024,False,False,False,False
2025-06-03 17:00:00+00:00,6.015,6.085,5.995,6.085,136150.0,,,,,,,,,,,,,,,,,,,,,,,,,,,,,,,,,,,,,,,,,,5.636533663653866,5.571072867322729,5.5526730909329896,5.543672181347091,5.5826521489733185,5.563235510142838,5.561030792060695,5.542039906053528,5.455667980866452,,5.636533663653866,5.542039906053528,,,5.556508682372612,"rgba(38, 166, 154, 1.0)",0.14357494825269831,5.563200228373435,3.634337173558817,72.27095522263501,9.506987142011894,True,False,True,False,True,20.0,0.0,0.0,0.0,0.0,0,0.9957081545064375,0.9484978540772534,False,False,False,False,0.34282815009743833,0.298529468885365,False,False,False,False,1662157.0,598960.7865119431,False,False,False,False,81940.27704451604,False,False,False,False
2025-06-03 18:00:00+00:00,6.085,6.135,6.075,6.115,196554.0,,,,,,,,,,,,,,,,,,,,,,,,,,,,,,,,,,,,,,,,,,5.6779174682666085,5.603519503905656,5.575226838287629,5.560310308592109,5.594379783357445,5.573888453500135,5.571642204982373,5.55211596478612,5.464792186457462,,5.6779174682666085,5.55211596478612,,,5.574865856903949,"rgba(38, 166, 154, 1.0)",0.1576154517508667,5.581814765149237,3.3828233775806273,75.61304338085287,12.553697053447891,True,False,True,False,True,20.0,0.0,0.0,0.0,0.0,0,1.0085714285714282,0.942857142857143,False,False,False,False,0.3428281588466848,0.3206788138660249,False,False,False,False,1858711.0,618491.7975737734,False,False,False,False,83717.2339895623,False,False,False,False
2025-06-03 19:00:00+00:00,6.115,6.24,6.11,6.23,555464.0,,,,,,,,,,,,,,,,,,,,,,,6.193333333333334,,,,,,,,,,,,,,,,,,,5.780301143119735,5.689507742660221,5.638831165924046,5.608970431280477,5.629902227199182,5.606309351859995,5.603936624818136,5.582814810415895,5.492481043659981,,5.780301143119735,5.582814810415895,,6.193333333333334,5.625894948993074,"rgba(38, 166, 154, 1.0)",0.17562662586211353,5.665188406573082,3.2159793007146766,78.7543757503465,15.71422796114797,True,False,True,False,True,20.0,0.0,0.0,0.0,0.0,0,1.014830508474576,0.9272598870056499,False,False,False,False,0.3428281667636182,0.3317534903148216,False,False,False,False,2414175.0,646331.8472237923,False,False,False,False,91031.13733856133,False,False,False,False
2025-06-04 14:00:00+00:00,5.985,6.025,5.95,5.995,153601.0,,,,,,,,,,,,,,,,,,,,,,,6.149286308965563,,,,,,,,,,,,,,,,,,,5.791220156575012,5.701152510267654,5.6485472681704625,5.6169012069009785,5.635712593786255,5.611783306527938,5.609403705690316,5.5881350963372425,5.497655422608694,,5.791220156575012,5.5881350963372425,,6.149286308965563,5.633390140762728,"rgba(38, 166, 154, 1.0)",0.1824089801408776,5.670421088575159,1.77940204026229,73.40992910407434,15.71422796114797,True,False,True,False,True,14.222194120191396,0.0,0.0,0.0,0.0,0,0.9836734693877549,0.9299319727891157,False,False,False,False,0.1856542443210811,0.25870386731795136,False,False,False,False,2260574.0,671358.8573443537,False,False,False,False,92001.21272866115,False,False,False,False
2025-06-04 15:00:00+00:00,5.995,6.025,5.985,6.015,94809.0,,,,,,,,,,,,,,,,,,,,,,,6.132662297408135,,,,,,,,,,,,,,,,,,,5.797980838866163,5.708328492017928,5.654588448534047,5.621866272498834,5.639387122752689,5.61524481867436,5.612860464766996,5.591496837397583,5.500912830414472,,5.797980838866163,5.591496837397583,,6.132662297408135,5.638074013991453,"rgba(38, 166, 154, 0.75)",0.18939227131124287,5.674230837459357,1.7992770253049604,70.15153550234697,15.71422796114797,True,False,True,False,False,14.758464234420678,0.0,0.0,0.0,0.0,0,0.9898236092265941,0.9301221166892809,False,False,False,False,0.19983721572918167,0.22927054152356652,False,False,False,False,2355383.0,697467.7587808754,False,False,False,False,92044.7443142633,False,False,False,False
2025-06-04 16:00:00+00:00,6.015,6.025,5.995,6.015,55017.0,,,,,,,,,,,,,,,,,,,,,,,6.1249118184573685,,,,,,,,,,,,,,,,,,,5.801773550982959,5.712385574574563,5.658034144867576,5.624714490040818,5.641505352290465,5.617242740391434,5.6148557444356175,5.593438486134743,5.5027963905185056,,5.801773550982959,5.593438486134743,,6.1249118184573685,5.64074960824852,"rgba(38, 166, 154, 0.75)",0.1959518694351602,5.676492756152175,1.7275019872154647,67.9792731011954,15.71422796114797,True,False,True,False,False,14.758464234420678,0.0,0.0,0.0,0.0,0,0.9891230455472465,0.9354180829367775,False,False,False,False,0.20390386798309945,0.21658720475333298,False,False,False,False,2355383.0,723171.8710478385,False,False,False,False,91470.6707590034,False,False,False,False
2025-06-04 17:00:00+00:00,6.015,6.03,5.975,5.995,93342.0,,,,,,,,,,,,,,,,,,,,,,,6.112667421383913,,,,,,,,,,,,,,,,,,,5.807568252625065,5.71876722348353,5.6635425264585075,5.629309877071191,5.644932985734606,5.620487830712729,5.618097457862996,5.596601205034527,5.505887920861761,,5.807568252625065,5.596601205034527,,6.112667421383913,5.645021697760545,"rgba(38, 166, 154, 0.75)",0.20153648541877928,5.680108374793269,1.5624546818528042,65.89289863072821,15.71422796114797,True,False,True,False,False,13.94133626567464,0.0,0.0,0.0,0.0,0,0.981657608695652,0.9415760869565217,False,False,False,False,0.19780634120678325,0.20719677298005812,False,False,False,False,2262041.0,747030.3071556239,False,False,False,False,91499.68361545297,False,False,False,False
2025-06-04 18:00:00+00:00,5.995,6.005,5.91,5.925,120267.0,,,,,,,,,,,,,,,,,,,,,,,6.094052584304585,,,,,,,,,,,,,,,,,,,5.812617234740507,5.725101444479161,5.669299129460895,5.634239106257134,5.648604856655099,5.6240124328203684,5.621622489036622,5.600075139698397,5.50939111185742,,5.812617234740507,5.600075139698397,,6.094052584304585,5.649440327222845,"rgba(38, 166, 154, 0.75)",0.20518455766139307,5.683545757734819,1.1767661514939227,62.322838873746576,23.713428175662102,True,False,True,False,False,11.140648037791049,0.0,0.0,0.0,0.0,0,0.971698113207547,0.944743935309973,False,False,False,False,0.16150809134002667,0.18435243216004238,False,False,False,False,2141774.0,768654.2403780174,False,False,False,False,91945.68852063976,False,False,False,False
2025-06-04 19:00:00+00:00,5.925,5.935,5.895,5.92,228307.0,,,,,,,,,,,,,,,,,,,,,,,6.062919259608331,,,,,,,,,,,,,,,,,,,5.819324643474761,5.73470228137152,5.678492133512411,5.642328033646229,5.654657605798156,5.629894952382549,5.627511466025788,5.605928956046287,5.515444531825574,,5.819324643474761,5.605928956046287,,6.062919259608331,5.656476067120363,"rgba(38, 166, 154, 0.75)",0.20857139551488316,5.688926669750966,1.1078860055502908,59.78755833615165,20.672154117813406,True,False,True,False,False,10.943396898815827,0.0,0.0,0.0,0.0,0,0.9683288409703501,0.956199460916442,False,False,False,False,0.12761124080873945,0.1559818364843909,False,False,False,False,1913467.0,786403.2754109163,False,False,False,False,94059.81738078488,False,False,False,False
2025-06-05 14:00:00+00:00,5.885,5.885,5.81,5.85,100415.0,,,,,,,,,,,,,,,,,,,,,,,6.0475415066277876,,,,,,,,,,,,,,,,,,,5.820124441718265,5.7371530348336925,5.681223599883446,5.644890776510093,5.65656210391196,5.631809183081132,5.629433133905518,5.607884385050707,5.517606559163674,,5.820124441718265,5.607884385050707,,6.0475415066277876,5.658520802006498,"rgba(38, 166, 154, 0.75)",0.21055552861568225,5.6901638345885015,0.7591164500042176,55.957417378599246,16.465807571787366,True,False,True,False,False,8.221031359550697,0.0,0.0,0.0,0.0,0,0.9512683578104135,0.9626168224299065,False,False,False,False,0.07433776632149357,0.11515980140294224,False,False,False,False,1813052.0,802320.3099006696,False,False,False,False,94158.34734387348,False,False,False,False
2025-06-05 15:00:00+00:00,5.85,5.85,5.83,5.835,102404.0,,,,,,,,,,,,,,,,,,,,,,,6.033293446419967,,,,,,,,,,,,,,,,,,,5.820622421355086,5.739330585037856,5.683758781822535,5.64731415881262,5.658366846710132,5.6336385066211,5.631270755970144,5.609764725575613,5.519716880173352,,5.820622421355086,5.609764725575613,,6.033293446419967,5.660420406897605,#000000,0.2122471999199815,5.691309657283483,0.676995233721288,52.96116115427715,13.108069785546832,False,False,False,False,False,7.648582785600333,0.0,0.0,0.0,0.0,0,0.953753351206434,0.9684986595174263,False,False,False,False,0.06844985272579523,0.09180482706436874,False,False,False,False,1710648.0,816402.9097471709,False,False,False,False,94286.18691993746,False,False,False,False
2025-06-05 16:00:00+00:00,5.835,5.875,5.825,5.85,109017.0,,,,,,,,,,,,,,,,,,,,,,,6.020902544249823,,,,,,,,,,,,,,,,,,,5.821453529983594,5.74180937180196,5.686566315139921,5.649981735228728,5.660371188592265,5.635659667506025,5.63330008926323,5.611833531250339,5.522014327088847,,5.821453529983594,5.611833531250339,,6.020902544249823,5.662554417317213,#000000,0.21410336814784334,5.692774961955729,0.7343417313066407,51.49425350906313,11.15062835997562,False,False,False,False,False,8.118029569279205,0.0,0.0,0.0,0.0,0,0.9565217391304346,0.9598662207357859,False,False,False,False,0.07630152794683241,0.08405317750560057,False,False,False,False,1819665.0,831957.3607588427,False,False,False,False,94514.57161885317,False,False,False,False
2025-06-05 17:00:00+00:00,5.855,5.88,5.845,5.855,228141.0,,,,,,,,,,,,,,,,,,,,,,,6.000960787179087,,,,,,,,,,,,,,,,,,,5.823608076704932,5.74710124956333,5.692486629890512,5.6556111061439145,5.664647113815297,5.6399612591488255,5.637617820689069,5.616226702855776,5.526863750595604,,5.823608076704932,5.616226702855776,,6.000960787179087,5.667124856600807,#000000,0.21590177529741444,5.6962326533027134,0.7353684168579799,50.7071681294455,9.742054904854655,False,False,False,False,False,8.27621735896981,0.0,0.0,0.0,0.0,0,0.9558232931726904,0.963186077643909,False,False,False,False,0.08612945804340141,0.08509131777450099,False,False,False,False,2047806.0,850807.7272587055,False,False,False,False,96586.2991906539,False,False,False,False
2025-06-05 18:00:00+00:00,5.855,5.89,5.835,5.885,107569.0,,,,,,,,,,,,,,,,,,,,,,,5.993730413157507,,,,,,,,,,,,,,,,,,,5.824799318912706,5.7496421346816975,5.695298477787996,5.658286788467907,5.666700295673396,5.6420223535182865,5.63968609541064,5.618327358497418,5.529169510331939,,5.824799318912706,5.618327358497418,,5.993730413157507,5.66932581480911,#000000,0.21814168054911337,5.698012185037538,0.8571851765869336,51.367339478584626,9.709095549569192,False,False,False,False,False,9.228631751420501,0.0,0.0,0.0,0.0,0,0.9532398129592515,0.9632598530394122,False,False,False,False,0.08612945804340141,0.0856103879089512,False,False,False,False,2155375.0,871033.5764484929,False,False,False,False,96756.57362180656,False,False,False,False
2025-06-05 19:00:00+00:00,5.885,5.885,5.84,5.84,142579.0,,,,,,,,,,,,,,,,,,,,,,,5.984270495963842,,,,,,,,,,,,,,,,,,,5.825793367504178,5.75245230031533,5.698582562530553,5.661487958146777,5.669163083683225,5.644521962712924,5.64219655075082,5.620895898876586,5.532045958863433,,5.825793367504178,5.620895898876586,,5.984270495963842,5.671904404820426,#000000,0.21949741938600492,5.700037600137462,0.6376494095194879,49.95484542439364,7.660577007126186,False,False,False,False,False,7.427755186289264,0.0,0.0,0.0,0.0,0,0.9565508021390372,0.9625668449197861,False,False,False,False,0.08612945804340141,0.08586992297617631,False,False,False,False,2012796.0,888735.3194492914,False,False,False,False,97466.99883697234,False,False,False,False
2025-06-06 14:00:00+00:00,5.815,5.835,5.795,5.815,24367.0,,,,,,,,,,,,,,,,,,,,,,,5.98232059943614,,,,,,,,,,,,,,,,,,,5.825732992357896,5.752736123332022,5.698990267704596,5.6619137113842735,5.669488336971253,5.644863220677624,5.642540199526832,5.621255246510231,5.532472216867609,,5.825732992357896,5.621255246510231,,5.98232059943614,5.67222136837026,"rgba(239, 83, 80, 0.5)",0.22058934166830513,5.7002442011063525,0.5202236791032423,48.041504616392785,5.223285344134823,False,False,False,True,False,6.4406423254384855,0.0,0.0,0.0,0.0,0,0.9539078156312623,0.9645958583834335,False,False,False,False,0.04885535620980722,0.06736263959299177,False,False,False,False,1988429.0,905784.8338764341,False,False,False,False,96333.66552167044,False,False,False,False
2025-06-06 15:00:00+00:00,5.815,5.83,5.805,5.815,46527.0,,,,,,,,,,,,,,,,,,,,,,,5.978755381638795,,,,,,,,,,,,,,,,,,,5.825637180002894,5.753285285932301,5.6997719424583,5.6627289104070595,5.670112438952866,5.645517393362994,5.643198894248572,5.621943582543508,5.533287348570701,,5.825637180002894,5.621943582543508,,5.978755381638795,5.672831441831021,"rgba(239, 83, 80, 1.0)",0.22174268831196753,5.700651053101007,0.5156830548483168,46.76594407772555,3.452681083030704,False,True,False,True,False,6.4406423254384855,0.0,0.0,0.0,0.0,0,0.9564343163538871,0.9651474530831099,False,False,False,False,0.05081287265481211,0.059087756123901936,False,False,False,False,1988429.0,922570.0147465669,False,False,False,False,95561.46915699336,False,False,False,False
2025-06-06 16:00:00+00:00,5.815,5.82,5.78,5.78,74643.0,,,,,,,,,,,,,,,,,,,,,,,5.972566850542828,,,,,,,,,,,,,,,,,,,5.825098628637796,5.753829680581091,5.700758480375033,5.6638234004440235,5.67094503743486,5.646414865474121,5.644104535239167,5.62290668414342,5.534478460495401,,5.825098628637796,5.62290668414342,,5.972566850542828,5.673595530313879,"rgba(239, 83, 80, 1.0)",0.22249287871992582,5.701067028077665,0.3547662845501513,44.45989757151108,0.7929417648658657,False,True,False,True,False,5.043327216736973,0.0,0.0,0.0,0.0,0,0.9603227975790178,0.9623402824478815,False,False,False,False,0.03711758470254836,0.04810267041322515,False,False,False,False,1913786.0,937937.7044404185,False,False,False,False,95237.15180572214,False,False,False,False
2025-06-06 17:00:00+00:00,5.785,5.83,5.77,5.825,36040.0,,,,,,,,,,,,,,,,,,,,,,,5.969962250974585,,,,,,,,,,,,,,,,,,5.808333333333334,5.8249647541141005,5.75418507669627,5.701303382041885,5.664405763233608,5.671391805500994,5.646888148017904,5.644581468593568,5.623408423730946,5.535082769663363,,5.8249647541141005,5.623408423730946,,5.969962250974585,5.687454492492597,"rgba(239, 83, 80, 1.0)",0.22332604532951597,5.71137830554984,0.5087704583785192,45.428936150750346,0.7929417648658657,False,True,False,True,False,6.583371563236998,0.0,0.0,0.0,0.0,0,0.9594868332207964,0.9648885887913571,False,False,False,False,0.037117584702547744,0.04261012755788644,False,False,False,False,1949826.0,953625.8950692492,False,False,False,False,94319.36650640861,False,False,False,False
2025-06-06 18:00:00+00:00,5.825,5.865,5.82,5.84,123818.0,,,,,,,,,,,,,,,,,,,,,,,5.9633332297025134,,,,,,,,,,,,,,,,,,5.834151663768261,5.825410716362623,5.756101895507455,5.70370424399757,5.666826437139614,5.673273100423689,5.648824680116433,5.6465283963422035,5.625418706912158,5.537389554026772,,5.825410716362623,5.625418706912158,,5.9633332297025134,5.691762939459677,"rgba(239, 83, 80, 1.0)",0.2242601851212762,5.7140799468448735,0.5614908998983963,46.86054723074132,0.7929417648658657,False,True,False,True,False,7.091857100009783,0.0,0.0,0.0,0.0,0,0.9594594594594592,0.9614864864864864,False,False,False,False,0.07041194407424108,0.05651103581606376,False,False,False,False,2073644.0,970990.5168511213,False,False,False,False,94776.70966134801,False,False,False,False
2025-06-06 19:00:00+00:00,5.845,5.87,5.845,5.855,57298.0,,,,,,,,,,,,,,,,,,,,,,,5.960842310866576,,,,,,,,,,,,,,,,,,5.840092391337717,5.825792209647579,5.757111344906467,5.7049054847184175,5.6680185884868655,5.674205992281601,5.649776553224533,5.647484656008683,5.626400167852704,5.538497380122577,,5.825792209647579,5.626400167852704,,5.960842310866576,5.693228476858715,#000000,0.22539838604664147,5.715134992432807,0.6205235539630319,48.618677819583525,0.7929417648658657,False,False,False,False,True,7.602987260087129,0.0,0.0,0.0,0.0,0,0.9621365787694385,0.9580797836375929,False,False,False,False,0.08219639974781659,0.06935371778194017,False,False,False,False,2130942.0,988974.2607759102,False,False,False,False,94195.64439528059,False,False,False,False
2025-06-09 14:00:00+00:00,5.835,5.87,5.83,5.865,46927.0,,,,,,,,,,,,,,,,,,,,,,,5.958856004594186,,,,,,,,,,,,,,,,,,5.842741442400053,5.826081288588864,5.757909520890399,5.705864684602093,5.66897533525116,5.674956074737356,5.650543438067578,5.6482551843917355,5.627192025947299,5.539394255355958,,5.826081288588864,5.627192025947299,,5.958856004594186,5.694191325023249,#000000,0.2261220670106912,5.715873761016761,0.659494409168781,50.34472306890173,0.7929417648658657,False,False,False,False,True,7.946319777833985,0.0,0.0,0.0,0.0,0,0.9588116137744764,0.9588116137744767,False,False,False,False,0.07630152794683241,0.0728276228643863,False,False,False,False,2177869.0,1007406.7373530278,False,False,False,False,93462.79719535375,False,False,False,False
2025-06-09 15:00:00+00:00,5.865,5.865,5.825,5.835,66177.0,,,,,,,,,,,,,,,,,,,,,,,5.95583455635558,,,,,,,,,,,,,,,,,,5.842526080461858,5.82629582435442,5.758861674676012,5.707077621731328,5.670212509501299,5.675925778146865,5.651545324126855,5.649262665266202,5.628234620295021,5.540597365755043,,5.82629582435442,5.628234620295021,,5.95583455635558,5.695053946431489,#000000,0.2263586009327114,5.716599934055864,0.5230641356514305,49.614520544136425,0.7929417648658657,False,False,False,False,True,6.672680975557373,0.0,0.0,0.0,0.0,1,0.9581928523263652,0.9595414699932568,False,False,False,False,0.0723745768226981,0.0726010998435422,False,False,False,False,2111692.0,1024527.4390994924,False,False,False,False,93039.7615799219,False,False,False,False
2025-06-09 16:00:00+00:00,5.835,5.855,5.825,5.855,17429.0,,,,,,,,,,,,,,,,,,,,,,,5.955087026412472,,,,,,,,,,,,,,,,,,5.842650093426405,5.826363388255048,5.7591188022878415,5.707401298784072,5.67054167735936,5.676184393150993,5.651812040888451,5.649530827877009,5.62851178573055,5.540916127174752,,5.826363388255048,5.62851178573055,,5.955087026412472,5.695303043493449,#000000,0.2268737196871487,5.7168066210569295,0.6091202592069059,50.38808649495078,0.7929417648658657,False,False,False,False,True,7.379020136068558,0.0,0.0,0.0,0.0,0,0.9548063127690097,0.9777618364418937,False,False,False,False,0.06844985272579523,0.07052547628466871,False,False,False,False,2129121.0,1041652.9206638413,False,False,False,False,91867.50171046576,False,False,False,False
2025-06-09 17:00:00+00:00,5.855,5.86,5.825,5.83,27174.0,,,,,,,,,,,,,,,,,,,,,,,5.95387206605671,,,,,,,,,,,,,,,,,,5.8423371694014445,5.8264304246030765,5.759485764798569,5.707878628006451,5.671032907743381,5.6765701707898595,5.652212122001465,5.64993325452949,5.628929246244973,5.541400919856697,,5.8264304246030765,5.628929246244973,,5.95387206605671,5.69562106079754,#000000,0.22684975382576233,5.717080011260567,0.49777434991692454,49.293499077986354,0.7929417648658657,False,True,False,False,True,6.306932181561329,0.0,0.0,0.0,0.0,1,0.9615663524292963,0.9695431472081217,False,False,False,False,0.07041194407424108,0.07046871017945489,False,False,False,False,2101947.0,1058091.588560526,False,False,False,False,90864.5016839469,False,False,False,False
2025-06-09 18:00:00+00:00,5.835,5.86,5.82,5.825,36379.0,,,,,,,,,,,,,,,,,,,,,,,5.95223878852337,,,,,,,,,,,,,,,,,,5.841688113892388,5.826494196701867,5.759951198460762,5.708496037667493,5.671673040313359,5.67707318008713,5.6527355041408205,5.650459837811043,5.629476669990409,5.542040205826693,,5.826494196701867,5.629476669990409,,5.95223878852337,5.696008798489197,#000000,0.2266759404568118,5.71741807253327,0.4746067326330436,48.2418955592284,0.7929417648658657,False,True,False,False,True,6.091558138982204,0.0,0.0,0.0,0.0,1,0.9471365638766517,0.9845814977973568,False,False,False,False,0.06844985272579523,0.06945928145262506,False,False,False,False,2065568.0,1073711.377885169,False,False,False,False,90019.76522373068,False,False,False,False
2025-06-09 19:00:00+00:00,5.825,5.825,5.79,5.79,38863.0,,,,,,,,,,,,,,,,,,,,,,,5.9500606671048955,,,,,,,,,,,,,,,,,,5.8382325790648855,5.826298379167128,5.760224072026219,5.708976956670997,5.672212940343183,5.6774943423346595,5.653189671837913,5.650918061510337,5.629963940388695,5.542642718196882,,5.826298379167128,5.629963940388695,,5.9500606671048955,5.696015366154089,"rgba(239, 83, 80, 1.0)",0.2259903131145662,5.717479436180337,0.3209012051012047,45.40310350827249,-0.5399293129231708,False,True,False,True,False,4.585738353826002,0.0,0.0,0.0,0.0,0,0.9335793357933577,0.9904059040590405,False,False,False,False,0.042984990783211184,0.056222136117918126,False,False,False,False,2026705.0,1088486.4728016779,False,False,False,False,89226.6370807271,False,False,False,False
2025-06-10 14:00:00+00:00,5.805,5.825,5.795,5.825,47993.0,,,,,,,,,,,,,,,,,,,,,,,5.947690285762487,,,,,,,,,,,,,,,,,,5.835994061409602,5.826189394295694,5.760663008336893,5.7096485017990855,5.672941558373441,5.678065961901439,5.6537967519778665,5.651529828775576,5.630608324757084,5.543421031984444,,5.826189394295694,5.630608324757084,,5.947690285762487,5.696285842361112,"rgba(239, 83, 80, 1.0)",0.22584819106072868,5.717735724807947,0.474939713655756,46.22748071500358,-0.5399293129231708,False,True,False,True,False,5.895160674325503,0.0,0.0,0.0,0.0,1,0.9305760709010337,0.9881831610044313,False,False,False,False,0.04494143036206091,0.05058178323998952,False,False,False,False,2074698.0,1103776.5739985511,False,False,False,False,88587.35588567707,False,False,False,False
2025-06-10 15:00:00+00:00,5.825,5.83,5.81,5.815,14074.0,,,,,,,,,,,,,,,,,,,,,,,5.947027933076746,,,,,,,,,,,,,,,,,,5.835508761379641,5.8261672343954105,5.7607982107541895,5.70985000297934,5.67315879905346,5.6782367484712815,5.653977579423833,5.651712006676258,5.6307998416615685,5.543651221616545,,5.8261672343954105,5.6307998416615685,,5.947027933076746,5.696386040641153,"rgba(239, 83, 80, 1.0)",0.22563539911399383,5.717825042754703,0.43067248147620274,46.1123018086562,-0.5399293129231708,False,True,False,True,False,5.458946941276142,0.0,0.0,0.0,0.0,1,0.9317000742390494,0.9903489235337787,False,False,False,False,0.05277077825956829,0.051676280749778904,False,False,False,False,2060624.0,1118611.4178125272,False,False,False,False,87432.11005799216,False,False,False,False
2025-06-10 16:00:00+00:00,5.815,5.815,5.785,5.785,19795.0,,,,,,,,,,,,,,,,,,,,,,,5.945940895870448,,,,,,,,,,,,,,,,,,5.834001391690337,5.826044071584393,5.760910616668373,5.710071465504346,5.673414317178839,5.678436365734244,5.654195228691247,5.651931778322106,5.631035115580929,5.54394688337936,,5.826044071584393,5.631035115580929,,5.945940895870448,5.6963987234334175,"rgba(239, 83, 80, 1.0)",0.22501855779323904,5.726691207382227,0.25912881670564775,44.150413975777646,-2.188340672855837,False,True,False,True,False,4.152367321786151,0.0,0.0,0.0,0.0,0,0.9415384615384613,0.99,False,False,False,False,0.03711758470254836,0.04439693272616363,False,False,False,False,2040829.0,1132909.3648231856,False,False,False,False,86383.47269275197,False,False,False,False
2025-06-10 17:00:00+00:00,5.785,5.815,5.785,5.805,14854.0,,,,,,,,,,,,,,,,,,,,,,,5.945170926014417,,,,,,,,,,,,,,,,,,5.833123042092384,5.82597199888299,5.761010881954381,5.710249879728814,5.673615827772755,5.678594250619558,5.654365822079611,5.65210391492201,5.631218381102217,5.544174168433123,,5.82597199888299,5.631218381102217,,5.945170926014417,5.696442816758784,"rgba(239, 83, 80, 1.0)",0.22383065509925132,5.735392796372946,0.3109815480644869,44.5285100301632,-2.188340672855837,False,True,False,True,False,4.926469341726655,0.0,0.0,0.0,0.0,0,0.9443155452436193,0.9868522815158545,False,False,False,False,0.03711758470254836,0.040757258714355996,False,False,False,False,2055683.0,1147215.932810423,False,False,False,False,85274.48861999612,False,False,False,False
2025-06-10 18:00:00+00:00,5.805,5.84,5.795,5.84,12022.0,,,,,,,,,,,,,,,,,,,,,,,5.944654098242582,,,,,,,,,,,,,,,,,,5.832948296748818,5.825969678581407,5.761138037140401,5.710430496922083,5.673808090195296,5.678745908288391,5.654525427337711,5.65226463302156,5.631386683365586,5.544374469657124,,5.825969678581407,5.631386683365586,,5.944654098242582,5.696559172125838,"rgba(239, 83, 80, 0.75)",0.22323193206952557,5.736345110871161,0.46433719480847113,47.385130970474094,-2.188340672855837,False,True,False,True,True,6.267525031474676,0.0,0.0,0.0,0.0,1,0.9394879751745536,0.9891388673390225,False,False,False,False,0.05081287265481211,0.045785065684584056,False,False,False,False,2067705.0,1161487.0811389436,False,False,False,False,84138.79112201168,False,False,False,False
2025-06-10 19:00:00+00:00,5.835,5.865,5.825,5.835,300908.0,,,,,,,,,,,,,,,,,,,,,,,5.9346452028602625,,,,,,,,,,,,,,,,,,5.8359996770382745,5.826854689665386,5.764953563972464,5.715404832102915,5.678979676476986,5.682863307153144,5.658806545203233,5.656571211778772,5.635860647109941,5.5495888432494285,,5.826854689665386,5.635860647109941,,5.9346452028602625,5.700588299375054,#000000,0.22284671336516362,5.742205755173732,0.41640391920078546,48.892439373933854,-4.679165937073471,False,True,False,False,True,6.041437904305049,0.0,0.0,0.0,0.0,1,0.9425019425019423,0.9844599844599844,False,False,False,False,0.0723745768226981,0.05907982125364108,False,False,False,False,1766797.0,1170871.731043766,False,False,False,False,87499.55405035257,False,False,False,False
2025-06-11 14:00:00+00:00,5.905,5.915,5.865,5.895,8218.0,,,,,,,,,,,,,,,,,,,,,,,5.934531431024445,,,,,,,,,,,,,,,,,,5.836526736553956,5.82695433382305,5.765117319706108,5.7155871053160325,5.679158485033406,5.683007325145593,5.658951938356845,5.656717111608736,5.636009201471753,5.549752625928768,,5.82695433382305,5.636009201471753,,5.934531431024445,5.700778218294425,"rgba(38, 166, 154, 0.5)",0.22310004623627558,5.742477998256562,0.6836484542092306,53.62408798944245,-0.30023820012080193,False,False,True,False,True,8.313154478510668,0.0,0.0,0.0,0.0,0,0.9495733126454614,0.969743987587277,False,False,False,False,0.10781218200579751,0.0834460016297193,False,False,False,False,1775015.0,1180238.293353165,False,False,False,False,86270.38266972694,False,False,False,False
2025-06-11 15:00:00+00:00,5.895,5.905,5.885,5.895,7896.0,,,,,,,,,,,,,,,,,,,,,,,5.93443113967417,,,,,,,,,,,,,,,,,,5.837053878166156,5.827054702218221,5.765278394767967,5.715765190555485,5.679332694875025,5.683147720718831,5.659093462266112,5.656859110687431,5.636153631576763,5.549911376280614,,5.827054702218221,5.636153631576763,,5.93443113967417,5.70096501621126,"rgba(38, 166, 154, 0.5)",0.22354762477051318,5.742745134372716,0.681084694071716,56.77852039978152,2.4699826544910977,False,False,True,False,True,8.313154478510668,0.0,0.0,0.0,0.0,0,0.9548989113530323,0.963452566096423,False,False,False,False,0.11176477425753827,0.09760538794362877,False,False,False,False,1775015.0,1189459.6376422632,False,False,False,False,85055.27596166915,False,False,False,False
2025-06-11 16:00:00+00:00,5.895,5.895,5.87,5.875,27525.0,,,,,,,,,,,,,,,,,,,,,,,5.933953979037488,,,,,,,,,,,,,,,,,,5.838362385016438,5.827325544679215,5.76577221514578,5.7163315074810725,5.679895702541894,5.683601131381863,5.659554197472886,5.657321694856502,5.636626746262177,5.550439626258019,,5.827325544679215,5.636626746262177,,5.933953979037488,5.701523075109585,"rgba(38, 166, 154, 0.5)",0.2239025689007563,5.743455067279714,0.5875097073075227,57.00325560702747,2.598690455158682,False,False,True,False,True,7.371332899022857,0.0,0.0,0.0,0.0,0,0.9644830307813729,0.9621152328334649,False,False,False,False,0.10188954046455898,0.09974746420409387,False,False,False,False,1747490.0,1198111.2711671893,False,False,False,False,84163.33369869753,False,False,False,False
2025-06-11 17:00:00+00:00,5.875,5.915,5.87,5.905,30222.0,,,,,,,,,,,,,,,,,,,,,,,5.933598500059357,,,,,,,,,,,,,,,,,,5.840249755787201,5.827712841199414,5.766387949152933,5.717011696226106,5.680561433645023,5.684138612758381,5.660095948436936,5.657865250960398,5.637179538364925,5.551046926345079,,5.827712841199414,5.637179538364925,,5.933598500059357,5.70222499528764,"rgba(38, 166, 154, 1.0)",0.2245083116100148,5.74438756089298,0.715396405394623,59.01066961757976,4.520088130520335,True,False,True,False,True,8.521605471647518,0.0,0.0,0.0,0.0,0,0.9677165354330705,0.9511811023622048,False,False,False,False,0.10978805104143514,0.10476775762276451,False,False,False,False,1777712.0,1207097.3289785509,False,False,False,False,83327.0339514309,False,False,False,False
2025-06-11 18:00:00+00:00,5.905,5.905,5.875,5.875,8733.0,,,,,,,,,,,,,,,,,,,,,,,5.933464987780558,,,,,,,,,,,,,,,,,,5.840664470018942,5.827805151444421,5.7665489584839165,5.717194588456021,5.680742699325511,5.684284921566914,5.6602443355564995,5.658014207303853,5.637331674553671,5.5512161059459135,,5.827805151444421,5.637331674553671,,5.933464987780558,5.702404711265566,"rgba(38, 166, 154, 0.5)",0.22470527243359675,5.7446042504372254,0.5802967956673475,57.65089003077604,4.520088130520335,False,False,True,False,True,7.096753188741463,0.0,0.0,0.0,0.0,0,0.9693154996066086,0.9512195121951219,False,False,False,False,0.10781218200579751,0.10628996981428102,False,False,False,False,1768979.0,1215808.6727153175,False,False,False,False,82170.53730102112,False,False,False,False
2025-06-11 19:00:00+00:00,5.875,5.895,5.875,5.89,60956.0,,,,,,,,,,,,,,,,,,,,,,,5.932584481305771,,,,,,,,,,,,,,,,,,5.84345935400576,5.828459817332686,5.7676763810868295,5.718472731737404,5.6820092809452865,5.6853086762098535,5.6612822839126045,5.6590560948609365,5.638395510443425,5.552398088605154,,5.828459817332686,5.638395510443425,,5.932584481305771,5.703651821913994,"rgba(38, 166, 154, 0.5)",0.2249758145159487,5.746058644909509,0.6398081295991352,57.75650852073487,4.520088130520335,False,False,True,False,True,7.682677838450179,0.0,0.0,0.0,0.0,0,0.9700315457413244,0.9534700315457414,False,False,False,False,0.10386294262968603,0.10507645622198353,False,False,False,False,1829935.0,1225330.0111228318,False,False,False,False,81841.62974596652,False,False,False,False
2025-06-12 14:00:00+00:00,5.925,5.935,5.915,5.925,14169.0,,,,,,,,,,,,,,,,,,,,,,5.925,5.932551455328449,,,,,,,,,,,,,,,,,,5.844594866023896,5.828708759117003,5.768018872654653,5.718834158939949,5.682356192078379,5.685590183238091,5.661562992702527,5.659337477958138,5.638679476626801,5.552703014875751,,5.828708759117003,5.638679476626801,,5.928775727664224,5.704038599421518,"rgba(38, 166, 154, 1.0)",0.2255522352157216,5.759903229620294,0.7319668999148019,59.93241664462022,5.652467966290629,True,False,True,False,True,9.037856938074167,0.0,0.0,0.0,0.0,0,0.9693154996066086,0.9520062942564911,False,False,False,False,0.13555795031590162,0.12031720326894257,False,False,False,False,1844104.0,1234923.406299222,False,False,False,False,80792.44168788953,False,False,False,False
2025-06-12 15:00:00+00:00,5.925,5.925,5.885,5.895,4412.0,,,,,,,,,,,,,,,,,,,,,,5.919459573399351,5.932509635497627,,,,,,,,,,,,,,,,,,5.844841274889534,5.828767293329565,5.768109408331849,5.718933735371814,5.682453644178981,5.685669175025194,5.6616425477783,5.659417289727001,5.638760587778241,5.552791917709498,,5.828767293329565,5.638760587778241,,5.925984604448489,5.704138687411998,"rgba(38, 166, 154, 1.0)",0.22569887456958956,5.759741902199881,0.5992856546496182,58.670892060351534,5.652467966290629,True,False,True,False,True,7.5837656251909955,0.0,0.0,0.0,0.0,0,0.9654088050314461,0.953616352201258,False,False,False,False,0.11968052979138086,0.11999886653016172,False,False,False,False,1839692.0,1244299.6635659009,False,False,False,False,79608.24879350363,False,False,False,False
2025-06-12 16:00:00+00:00,5.895,5.905,5.885,5.905,18195.0,,,,,,,,,,,,,,,,,,,,,,5.909007323616851,5.932319850944663,,,,,,,,,,,,,,,,,,5.845777059454893,5.828996705620563,5.768472197001181,5.719335773101332,5.682848524095291,5.685989308462134,5.661965526543525,5.659741355825573,5.639090326217866,5.553154574680507,,5.828996705620563,5.639090326217866,,5.920663587280757,5.704537135100287,"rgba(38, 166, 154, 1.0)",0.22586195257638883,5.7596664333191,0.6434619245211167,58.49222854005501,5.652467966290629,True,False,True,False,True,7.9782096716175275,0.0,0.0,0.0,0.0,0,0.9728651237031121,0.951316839584996,False,False,False,False,0.11176477425753827,0.11588182039384999,False,False,False,False,1857887.0,1253812.6455261193,False,False,False,False,78656.1054013563,False,False,False,False
2025-06-12 17:00:00+00:00,5.905,5.92,5.9,5.915,13759.0,,,,,,,,,,,,,,,,,,,,,,5.909731374295042,5.932233485953429,,,,,,,,,,,,,,,,,,5.846637321493414,5.829202351620595,5.768773227178434,5.719661155346738,5.683164590417696,5.686245913656023,5.662222921508942,5.659999492475685,5.6393519134058385,5.553438883281476,,5.829202351620595,5.6393519134058385,,5.920982430124235,5.704869777038485,"rgba(38, 166, 154, 1.0)",0.22655667707645516,5.760094111647652,0.6837401146207356,59.04999688510383,5.652467966290629,True,False,True,False,True,8.375973889866323,0.0,0.0,0.0,0.0,0,0.9775641025641022,0.9463141025641025,False,False,False,False,0.12364395095465036,0.11976288567425017,False,False,False,False,1871646.0,1263391.4572233886,False,False,False,False,77649.94872846705,False,False,False,False
2025-06-12 18:00:00+00:00,5.915,5.935,5.915,5.915,17193.0,,,,,,,,,,,,,,,,,,,,,5.921666666666668,5.912761191826128,5.932178557628756,,,,,,,,,,,,,,,,,,5.847841751561661,5.829488877341868,5.769173815299409,5.720087298656164,5.683575546826448,5.686579932039176,5.662556677040343,5.660334100377382,5.63969006090807,5.553803416731536,,5.829488877341868,5.63969006090807,,5.922202138707184,5.705313147678205,"rgba(38, 166, 154, 1.0)",0.22724598728852388,5.773845824353983,0.6211514549948908,59.42184244846971,5.925637568651027,True,False,True,False,True,8.375973889866323,0.0,0.0,0.0,0.0,0,0.9918765231519087,0.9406986190089359,False,False,False,False,0.13555795031590162,0.12766041799507588,False,False,False,False,1871646.0,1272821.7602121732,False,False,False,False,76712.63169391717,False,False,False,False
2025-06-12 19:00:00+00:00,5.915,5.92,5.895,5.915,39286.0,,,,,,,,,,,,,,,,,,,,,5.9135514970165906,5.911747528360776,5.931918216114335,,,,,,,,,,,,,,,,,,5.850041081434848,5.830054943537329,5.770011897259869,5.720998352813189,5.684463533635326,5.687301917168248,5.663281901470689,5.661061486797309,5.640427852627989,5.554607341544928,,5.830054943537329,5.640427852627989,,5.919072413830567,5.706225030828972,"rgba(38, 166, 154, 1.0)",0.22797921511076338,5.774372807309959,0.6168421652900137,59.66973949071363,6.456912088496004,True,False,True,False,True,8.375973889866323,0.0,0.0,0.0,0.0,0,0.990220048899755,0.9315403422982885,False,False,False,False,0.12166176492861881,0.12466109146184734,False,False,False,False,1871646.0,1282105.8569530696,False,False,False,False,76132.37383819753,False,False,False,False
2025-06-13 14:00:00+00:00,5.87,5.91,5.855,5.895,27262.0,,,,,,,,,,,,,,,,,,,,,5.904799102789156,5.90665537152333,5.931552587506711,,,,,,,,,,,,,,,,,,5.850918812528734,5.8303298113208895,5.770491670088688,5.721548028063917,5.685012329279407,5.687747985656977,5.663735307979595,5.661516682111345,5.640893359799831,5.555126597647058,,5.8303298113208895,5.640893359799831,,5.914335687273066,5.706732058447645,"rgba(38, 166, 154, 0.75)",0.22849521452988952,5.774137818934575,0.5289484128325789,57.40109750697549,6.456912088496004,True,False,True,False,False,7.337586066286864,0.0,0.0,0.0,0.0,1,0.9820846905537456,0.9348534201954397,False,False,False,False,0.10188954046455898,0.11327531596320316,False,False,False,False,1844384.0,1290823.3475429446,False,False,False,False,75374.69362365184,False,False,False,False
2025-06-13 15:00:00+00:00,5.895,5.895,5.87,5.875,33652.0,,,,,,,,,,,,,,,,,,,,,5.897690166080317,5.901313757483366,5.931043490845336,,,,,,,,,,,,,,,,,,5.851754379374144,5.830625729282793,5.771044809040252,5.722194340440613,5.685663403551825,5.688277502061228,5.6642757962095835,5.662059482139015,5.641450035659269,5.5557524843889095,,5.830625729282793,5.641450035659269,,5.910015804803006,5.707309796214763,"rgba(38, 166, 154, 0.5)",0.2287044790526322,5.773996851310654,0.44163170353170755,53.77183924774057,7.086262606385681,False,False,True,False,False,6.304333987003012,0.0,0.0,0.0,0.0,1,0.9779231398201141,0.9427636958299264,False,False,False,False,0.10188954046455898,0.10758242821388106,False,False,False,False,1810732.0,1298883.9468058448,False,False,False,False,74727.83015661848,False,False,False,False
2025-06-13 16:00:00+00:00,5.875,5.885,5.85,5.855,16525.0,,,,,,,,,,,,,,,,,,,,,5.893450656371811,5.8979111209901705,5.93071672756126,,,,,,,,,,,,,,,,,,5.851915475202216,5.830721137580213,5.771273152983088,5.7224764731344635,5.68595424506076,5.6885139462808265,5.664519789101918,5.662304732703796,5.641703414139726,5.5560431949478755,,5.830721137580213,5.641703414139726,,5.907359501641079,5.707542556113489,#000000,0.2284935585663268,5.7737670294358185,0.3555153636447116,49.506443241431555,3.232977387838268,False,True,False,False,False,5.276388912025261,0.0,0.0,0.0,0.0,0,0.9711934156378595,0.9530864197530863,False,False,False,False,0.0900651762449201,0.09882380222940057,False,False,False,False,1794207.0,1306563.3739871497,False,False,False,False,73825.46069682595,False,False,False,False
2025-06-13 17:00:00+00:00,5.855,5.865,5.84,5.86,31816.0,,,,,,,,,,,,,,,,,,,,,5.886069273655377,5.89159833355682,5.930019685831091,,,,,,,,,,,,,,,,,,5.851995943925591,5.8308567306842765,5.7716701129376515,5.722984556819083,5.686485354742993,5.68894576968116,5.664968254372323,5.662755736460128,5.642171342460302,5.556586225781985,,5.8308567306842765,5.642171342460302,,5.902562431014428,5.70794200278655,"rgba(239, 83, 80, 1.0)",0.22598283838212208,5.773300050170357,0.3836572301257664,47.30029922024281,1.3621373070795642,False,True,False,True,False,5.500545518008661,0.0,0.0,0.0,0.0,0,0.9710743801652887,0.9520661157024792,False,False,False,False,0.07826587710153415,0.08854483966546736,False,False,False,False,1826023.0,1314617.011599752,False,False,False,False,73174.1512286581,False,False,False,False
2025-06-13 18:00:00+00:00,5.855,5.875,5.855,5.865,9192.0,,,,,,,,,,,,,,,,,,,,,5.8849621268422085,5.890513924802959,5.929847212206054,,,,,,,,,,,,,,,,,,5.852093223368994,5.830911732703454,5.771797778176931,5.723141687680148,5.686647246302349,5.689077599572359,5.665104225595561,5.662892401109359,5.642312484287364,5.556747991466351,,5.830911732703454,5.642312484287364,,5.90177442128374,5.708072637026287,"rgba(239, 83, 80, 1.0)",0.22293826156240093,5.773279408883914,0.4114170016097193,46.4990338897301,0.6931195080198762,False,True,False,True,False,5.727795889082326,0.0,0.0,0.0,0.0,0,0.9750415973377701,0.9500831946755407,False,False,False,False,0.08809697687072122,0.0883209082680943,False,False,False,False,1835215.0,1322688.2982416162,False,False,False,False,72182.17989177967,False,False,False,False
2025-06-13 19:00:00+00:00,5.865,5.87,5.835,5.845,61967.0,,,,,,,,,,,,,,,,,,,,,5.875816655620893,5.881779471728572,5.928444429544357,,,,,,,,,,,,,,,,,,5.851992729173461,5.831116801481638,5.772512332036826,5.72408090902176,5.687639859917572,5.689885853065152,5.665947637896319,5.663740893495792,5.643195554057297,5.557781255136981,,5.831116801481638,5.643195554057297,,5.895346852297941,5.70878938252828,"rgba(239, 83, 80, 1.0)",0.21915083867073623,5.772734331962704,0.3297530982570012,43.92009525552173,-1.7110502673693162,False,True,False,True,False,4.664577744608504,0.0,0.0,0.0,0.0,0,0.9691409507923264,0.95162635529608,False,False,False,False,0.07826587710153415,0.08329339268481423,False,False,False,False,1773248.0,1329673.7199743043,False,False,False,False,72023.80500973658,False,False,False,False
2025-06-16 14:00:00+00:00,5.885,5.92,5.87,5.91,48175.0,,,,,,,,,,,,,,,,,,,,,5.879903514249232,5.884394984550197,5.928061165925904,,,,,,,,,,,,,,,,,,5.853720075026539,5.831687353698965,5.773411562824569,5.725087679971049,5.688638344176615,5.69070310344043,5.666774722270231,5.664570893187752,5.644041641393815,5.558716116468983,,5.831687353698965,5.644041641393815,,5.897453221575112,5.709735149245895,#000000,0.21555267327257124,5.773961827374582,0.6311133634301752,49.00100448240633,-5.813038807951003,False,True,False,False,True,7.608080171392569,0.0,0.0,0.0,0.0,0,0.9693454846727418,0.9395194697597348,False,False,False,False,0.11176477425753827,0.09752908347117625,False,False,False,False,1821423.0,1337297.739819664,False,False,False,False,71654.05609485693,False,False,False,False
2025-06-16 15:00:00+00:00,5.915,5.915,5.88,5.88,29492.0,,,,,,,,,,,,,,,,,,,,,5.8810063845795195,5.884982383580528,5.927763416475605,,,,,,,,,,,,,,,,,,5.854537909104284,5.831989954090439,5.7739199962893135,5.725669249355751,5.689221063032437,5.6911804862522395,5.667260183652991,5.6650582509756156,5.644540083386297,5.559271995072485,,5.831989954090439,5.644540083386297,,5.897917394878551,5.710264917121185,#000000,0.21121574299773896,5.774513549261417,0.499425133948053,49.48008719910225,-5.474223471789344,False,True,False,False,True,6.011398820842221,0.0,0.0,0.0,0.0,0,0.9685690653432583,0.9421009098428452,False,False,False,False,0.11374236766610551,0.10563572556864088,False,False,False,False,1791931.0,1344346.3174968786,False,False,False,False,71000.38080656459,False,False,False,False
2025-06-16 16:00:00+00:00,5.885,5.885,5.84,5.84,49081.0,,,,,,,,,,,,,,,,,,,,,5.877496276089147,5.88142938831157,5.926786034422329,,,,,,,,,,,,,,,,,,5.854553909281537,5.8321815399745685,5.774496020530337,5.726416345102056,5.690009145190116,5.691825562065435,5.667932214135587,5.665734209670661,5.6452427450486935,5.560091396734659,,5.8321815399745685,5.6452427450486935,,5.895237232941015,5.710848308773365,"rgba(239, 83, 80, 1.0)",0.2070160806740733,5.774484548624119,0.31647517991140417,46.75411899931462,-5.474223471789344,False,True,False,True,False,3.935618452036305,0.0,0.0,0.0,0.0,0,0.9609958506224061,0.9543568464730289,False,False,False,False,0.08612945804340141,0.09588259180602116,False,False,False,False,1742850.0,1350524.6691635936,False,False,False,False,70660.5454452225,False,False,False,False
2025-06-16 17:00:00+00:00,5.84,5.845,5.805,5.805,31283.0,,,,,,,,,,,,,,,,,,,,,5.872809819104435,5.8769983769550045,5.925865406193211,,,,,,,,,,,,,,,,,,5.853771800252169,5.832108436859116,5.774693628201483,5.72675353081151,5.6903967880204664,5.6921422771098396,5.66827457878339,5.666079562307406,5.645610299861311,5.560546657103772,,5.832108436859116,5.645610299861311,,5.891891200750884,5.711037755931046,"rgba(239, 83, 80, 1.0)",0.2039717786520557,5.773967501678077,0.15214113700925092,42.8534938437861,-1.7375925699090828,False,True,False,True,False,2.1701236523247722,0.0,0.0,0.0,0.0,0,0.9501246882793013,0.9634247714048212,False,False,False,False,0.05668781749299299,0.07628520464950707,False,False,False,False,1711567.0,1356122.224680437,False,False,False,False,70050.04086467641,False,False,False,False
2025-06-16 18:00:00+00:00,5.805,5.83,5.805,5.825,20966.0,,,,,,,,,,,,,,,,,,,,,5.87014755103513,5.874436275928605,5.925266524022616,,,,,,,,,,,,,,,,,,5.853290037281324,5.832065749053952,5.774830091628,5.726982220471737,5.690658647208139,5.692356446579576,5.668505700802414,5.666312669669599,5.645858132809474,5.560852844077247,,5.832065749053952,5.645858132809474,,5.8899501169954505,5.711171253958146,"rgba(239, 83, 80, 1.0)",0.20038166286067063,5.7736800686891945,0.2561109164289622,42.172378778806774,-2.381091936656617,False,True,False,True,False,3.1077107350964432,0.0,0.0,0.0,0.0,0,0.9483763530391335,0.9650291423813486,False,False,False,False,0.05081287265481211,0.06354903865215959,False,False,False,False,1732533.0,1361958.0506543838,False,False,False,False,69289.04798305352,False,False,False,False
2025-06-16 19:00:00+00:00,5.825,5.855,5.815,5.845,64047.0,,,,,,,,,,,,,,,,,,,,,5.865901982968598,5.870077355637997,5.923789746122397,,,,,,,,,,,,,,,,,,5.852665478094432,5.832132529139694,5.775409064712005,5.72781025853769,5.691564523791763,5.693099604812395,5.669292308691794,5.667104840678282,5.64669011661828,5.561849580355791,,5.832132529139694,5.64669011661828,,5.886589694909664,5.711761830543212,"rgba(239, 83, 80, 1.0)",0.19741888515593647,5.773459695155085,0.36237822328095093,43.507631648560135,-2.381091936656617,False,True,False,True,False,4.039870527728656,0.0,0.0,0.0,0.0,0,0.9477611940298504,0.9601990049751241,False,False,False,False,0.06452723295260807,0.06403813580238382,False,False,False,False,1796580.0,1368696.3754504398,False,False,False,False,69207.77592130075,False,False,False,False
2025-06-17 14:00:00+00:00,5.785,5.805,5.775,5.78,7351.0,,,,,,,,,,,,,,,,,,,,,5.8647066758604085,5.868937292876404,5.923522911723593,,,,,,,,,,,,,,,,,,5.8523506706793205,5.832076996403045,5.77542083268809,5.72786044962612,5.691631434441662,5.693154245245076,5.66935467355682,5.667168001680083,5.646759527506323,5.561942230424246,,5.832076996403045,5.646759527506323,,5.885722293486801,5.711771906225079,"rgba(239, 83, 80, 1.0)",0.1941613984515079,5.773283911297649,0.034590236555329196,40.56474427049865,-4.008717818600502,False,True,False,True,False,0.7812980970897918,0.0,0.0,0.0,0.0,0,0.9372937293729371,0.9669966996699668,False,False,False,False,0.02929827853939648,0.04666820717089015,False,False,False,False,1789229.0,1375216.261102371,False,False,False,False,68248.75613957515,False,False,False,False
2025-06-17 15:00:00+00:00,5.785,5.785,5.76,5.765,16007.0,,,,,,,,,,,,,,,,,,,,,5.8616945860115175,5.866077770555344,5.922875125650218,,,,,,,,,,,,,,,,,,5.851504122003863,5.831912330259472,5.775408521556441,5.727938554937947,5.6917513141065905,5.6932518391368685,5.669470984802595,5.667286155829013,5.646892456740335,5.562128771438867,,5.831912330259472,5.646892456740335,,5.883549160739026,5.711754505081198,"rgba(239, 83, 80, 1.0)",0.19081007962495852,5.7728064107196735,-0.04091194099922541,37.9008809697997,-6.597483208768303,False,True,False,True,False,0.05268126901204084,0.0,0.0,0.0,0.0,0,0.9323432343234321,0.97029702970297,False,False,False,False,0.015622531712398375,0.031145369441644262,False,False,False,False,1773222.0,1381386.8927131868,False,False,False,False,67438.80643198485,False,False,False,False
2025-06-17 16:00:00+00:00,5.765,5.79,5.765,5.77,35501.0,,,,,,,,,,,,,,,,,,,,,5.855982322932365,5.860591291933847,5.921504121115286,,,,,,,,,,,,,,,,,,5.84979878590911,5.831579469094547,5.775406474189964,5.728131220882314,5.692032789705522,5.693481448636099,5.6697407705004785,5.667559945815978,5.647198184456802,5.562551221401825,,5.831579469094547,5.647198184456802,,5.879359245327167,5.711748031059264,"rgba(239, 83, 80, 1.0)",0.18671657955596113,5.771895697205539,-0.010152805980315012,36.625373414808806,-7.917442778377449,False,True,False,True,False,0.29698379868948876,0.0,0.0,0.0,0.0,0,0.9370860927152315,0.9685430463576157,False,False,False,False,0.019529068170812222,0.025337218806228242,False,False,False,False,1808723.0,1388012.2587176333,False,False,False,False,66943.64664234167,False,False,False,False
2025-06-17 17:00:00+00:00,5.775,5.78,5.755,5.765,18042.0,,,,,,,,,,,,,,,,,,,,,5.853088423682771,5.857801263254485,5.920777977753014,,,,,,,,,,,,,,,,,,5.848867579659197,5.831387096922556,5.775384270669483,5.728211230377817,5.69216081560537,5.693585766777057,5.669866537605949,5.667687805192216,5.647342905317439,5.56275687697273,,5.831387096922556,5.647342905317439,,5.877222554896757,5.711725088509981,"rgba(239, 83, 80, 1.0)",0.1835363822341501,5.7714099554762,-0.034924713008794205,35.49749737551232,-9.179267855372522,False,True,False,True,False,0.047362738692037,0.0,0.0,0.0,0.0,0,0.9320629660314829,0.9710024855012426,False,False,False,False,0.011716471991194584,0.01852684539871141,False,False,False,False,1790681.0,1394255.1849390652,False,False,False,False,66185.48157811932,False,False,False,False
2025-06-17 18:00:00+00:00,5.765,5.765,5.73,5.74,63050.0,,,,,,,,,,,,,,,,,,,,,5.842094542347435,5.847192856848089,5.9179436415713145,,,,,,,,,,,,,,,,,,5.844954837237202,5.830501601034235,5.775116889694871,5.7283321677915575,5.692475679375225,5.693840603664299,5.670205691030838,5.668034801044286,5.647754573581233,5.563396302116307,,5.830501601034235,5.647754573581233,,5.869077013588947,5.711461314657005,"rgba(239, 83, 80, 1.0)",0.18036242292561944,5.769390486252383,-0.16295238096520304,33.406615427738494,-11.359718383260663,False,True,False,True,False,0.0,0.0,0.0,0.0,0.0,0,0.9246688741721852,0.9768211920529801,False,False,False,False,-0.0039053838897490085,0.007310730754481201,False,False,False,False,1727631.0,1399423.8022268317,False,False,False,False,66136.8694606291,False,False,False,False
2025-06-17 19:00:00+00:00,5.735,5.78,5.725,5.78,107932.0,,,,,,,,,,,,,,,,,,,,,5.830167497916152,5.835333213422325,5.913745841240212,,,,,,,,,,,,,,,,,5.761666666666667,5.839909273544761,5.829314583241465,5.774917279470324,5.7287382165904885,5.69317435173789,5.6944112555985456,5.670907018327106,5.668748707121192,5.64857069701887,5.564580054369983,,5.829314583241465,5.64857069701887,,5.859748850859563,5.715903463971572,"rgba(239, 83, 80, 0.75)",0.17689012724602096,5.7716686498389524,0.047099011633704446,36.22738829245793,-11.359718383260663,False,True,False,True,True,0.8136846621648637,0.0,0.0,0.0,0.0,0,0.9209225700164743,0.9769357495881382,False,False,False,False,-3.9053250493180314e-08,0.003655345850615354,False,False,False,False,1835563.0,1406185.6502543224,False,False,False,False,66784.85598061934,False,False,False,False
2025-06-18 14:00:00+00:00,5.745,5.78,5.745,5.755,47527.0,,,,,,,,,,,,,,,,,,,,,5.825866390575232,5.830998015858601,5.91194857020063,,,,,,,,,,,,,,,,,5.761157132534409,5.83783301980538,5.828792213769017,5.774820428442683,5.728905004656395,5.693470173828709,5.6946533519125815,5.671206834205727,5.6690540522051,5.648921132151736,5.5650924693411294,,5.828792213769017,5.648921132151736,,5.8562709922114875,5.715809619350261,"rgba(239, 83, 80, 0.75)",0.17314273130975424,5.770761898248025,-0.0910341319487825,36.550431994010005,-11.359718383260663,False,True,False,True,True,0.0,0.0,0.0,0.0,0.0,0,0.9259259259259257,0.9761316872427982,False,False,False,False,0.007810769746247125,0.005733057798431239,False,False,False,False,1788036.0,1412105.8107154958,False,False,False,False,66486.28457006709,False,False,False,False
2025-06-18 15:00:00+00:00,5.755,5.775,5.755,5.76,37190.0,,,,,,,,,,,,,,,,,,,,,5.823004238576213,5.828082326851061,5.910601455040188,,,,,,,,,,,,,,,,,5.76157723805124,5.8363485130428545,5.828408458842903,5.7747623640638714,5.729048138922609,5.693711341805834,5.694851150066753,5.671448791859948,5.669300269338119,5.64920199797847,5.565498390509942,,5.828408458842903,5.64920199797847,,5.853896006822488,5.715832423134777,"rgba(239, 83, 80, 0.75)",0.1698381052119291,5.7701850691425935,-0.05996928151008588,37.27856650352713,-11.359718383260663,False,True,False,True,True,0.0,0.0,0.0,0.0,0.0,0,0.9266886326194397,0.9769357495881382,False,False,False,False,0.009763583635185764,0.007748320716808502,False,False,False,False,1825226.0,1418510.7748904494,False,False,False,False,66032.07860774046,False,False,False,False
2025-06-18 16:00:00+00:00,5.765,5.78,5.765,5.78,19616.0,,,,,,,,,,,,,,,,,,,,,5.821872654427732,5.82690267682352,5.909956219080945,,,,,,,,,,,,,,,,,5.762817672877456,5.83571043274024,5.828243817518477,5.774762995951142,5.7291486846797035,5.693859080962332,5.694972716706944,5.671592041334248,5.669445668646627,5.649364673649523,5.565724412847489,,5.828243817518477,5.649364673649523,,5.852910516777399,5.715967472537653,"rgba(239, 83, 80, 0.75)",0.16497373528331602,5.770016796815433,0.06051389433246734,39.79146824078684,-14.957320206353515,False,True,False,True,True,0.8319833039581965,0.0,0.0,0.0,0.0,0,0.9226289517470879,0.9816971713810314,False,False,False,False,0.015622531712398375,0.011685426214603438,False,False,False,False,1844842.0,1425120.5613262563,False,False,False,False,65312.449482039054,False,False,False,False
2025-06-18 17:00:00+00:00,5.775,5.785,5.76,5.765,19690.0,,,,,,,,,,,,,,,,,,,,,5.8206736393912974,5.825661053350148,5.909290927074551,,,,,,,,,,,,,,,,,5.763427360191991,5.835031494461203,5.828064148939442,5.774750316941259,5.729238210672689,5.693997733386793,5.695086770806564,5.671728499872758,5.669584320364805,5.649521058712452,5.565945389135669,,5.828064148939442,5.649521058712452,,5.851875206605332,5.716034118498693,"rgba(239, 83, 80, 0.75)",0.15704457965812205,5.769795574131292,-0.030536387449551637,40.31204551565208,-14.238268092691847,False,True,False,True,True,0.052072881021846484,0.0,0.0,0.0,0.0,0,0.9227574750830562,0.9759136212624583,False,False,False,False,0.015622531712398375,0.013653978963500906,False,False,False,False,1825152.0,1431322.5991351516,False,False,False,False,64605.12468386791,False,False,False,False
2025-06-18 18:00:00+00:00,5.77,5.79,5.765,5.765,12344.0,,,,,,,,,,,,,,,,,,,,,5.8199974330401485,5.824954900687493,5.908886964198429,,,,,,,,,,,,,,,,,5.76392789164098,5.834634417835448,5.827958509679651,5.774747956158709,5.729298709588121,5.694088200794596,5.695161270322281,5.671816750475456,5.669673927663381,5.649621599401351,5.56608593837,,5.827958509679651,5.649621599401351,,5.851279765975357,5.71609228835727,"rgba(239, 83, 80, 0.75)",0.14725821532932612,5.769679466404434,-0.03177728586462505,40.65909703222891,-13.616885286609232,False,True,False,True,True,0.052072881021846484,0.0,0.0,0.0,0.0,0,0.9239766081871343,0.9816207184628235,False,False,False,False,0.019529068170812222,0.016591523567156565,False,False,False,False,1825152.0,1437428.4813191027,False,False,False,False,63794.874688769174,False,False,False,False
2025-06-18 19:00:00+00:00,5.765,5.78,5.745,5.745,40026.0,,,,,,,,,,,,,,,,,,,,,5.817194025817663,5.822092045929047,5.907434408832352,,,,,,,,,,,,,,,,,5.762905688912336,5.833040618493204,5.827515095140916,5.774650800752951,5.729419925012405,5.694318733409268,5.695350569602719,5.672055048034046,5.669916876108512,5.649902717664857,5.566503823499987,,5.827515095140916,5.649902717664857,,5.848906826859687,5.715961808784654,"rgba(239, 83, 80, 0.75)",0.13576851656435757,5.769001508405946,-0.17678257826856827,39.299983534978104,-13.616885286609232,False,True,False,True,True,0.0,0.0,0.0,0.0,0.0,0,0.9172240802675583,0.9832775919732439,False,False,False,False,0.007810769746247125,0.012201146656701845,False,False,False,False,1785126.0,1442819.1405234577,False,False,False,False,63426.36500367198,False,False,False,False
2025-06-19 14:00:00+00:00,5.745,5.745,5.745,5.745,0.0,,,,,,,,,,,,,,,,,,,,,5.817194025817663,5.822092045929047,5.907434408832352,,,,,,,,,,,,,,,,,5.762905688912336,5.833040618493204,5.827515095140916,5.774650800752951,5.729419925012405,5.694318733409268,5.695350569602719,5.672055048034046,5.669916876108512,5.649902717664857,5.566503823499987,,5.827515095140916,5.649902717664857,,5.848906826859687,5.715961808784654,"rgba(239, 83, 80, 1.0)",0.1218319992285776,5.769001508405946,-0.19700496222601607,38.39390787014423,-13.616885286609232,False,True,False,True,False,0.0,0.0,0.0,0.0,0.0,0,0.9216512215669754,0.9848357203032854,False,False,False,False,-0.005858093535997168,0.0031715265603523388,False,False,False,False,1785126.0,1448126.2236161171,False,False,False,False,62443.01050749102,False,False,False,False
2025-06-19 15:00:00+00:00,5.745,5.745,5.745,5.745,0.0,,,,,,,,,,,,,,,,,,,,,5.817194025817663,5.822092045929047,5.907434408832352,,,,,,,,,,,,,,,,,5.762905688912336,5.833040618493204,5.827515095140916,5.774650800752951,5.729419925012405,5.694318733409268,5.695350569602719,5.672055048034046,5.669916876108512,5.649902717664857,5.566503823499987,,5.827515095140916,5.649902717664857,,5.848906826859687,5.715961808784654,"rgba(239, 83, 80, 1.0)",0.10837676191194573,5.769001508405946,-0.22146360513563568,37.78985742692166,-13.616885286609232,False,True,False,True,False,0.0,0.0,0.0,0.0,0.0,1,0.9263336155800167,0.9771380186282809,False,False,False,False,-0.005858093535997168,-0.0013432834878224144,False,False,False,False,1785126.0,1453351.026350751,False,False,False,False,61474.901817452395,False,False,False,False
2025-06-19 16:00:00+00:00,5.745,5.745,5.745,5.745,0.0,,,,,,,,,,,,,,,,,,,,,5.817194025817663,5.822092045929047,5.907434408832352,,,,,,,,,,,,,,,,,5.762905688912336,5.833040618493204,5.827515095140916,5.774650800752951,5.729419925012405,5.694318733409268,5.695350569602719,5.672055048034046,5.669916876108512,5.649902717664857,5.566503823499987,,5.827515095140916,5.649902717664857,,5.848906826859687,5.715961808784654,"rgba(239, 83, 80, 1.0)",0.09307572234522864,5.769001508405946,-0.2578707723258013,37.387157131439935,-13.616885286609232,False,True,False,True,False,0.0,0.0,0.0,0.0,0.0,0,0.9345955249569705,0.9724612736660928,False,False,False,False,-0.005858093535997168,-0.003600688511909791,False,False,False,False,1785126.0,1458494.8243918247,False,False,False,False,60521.802564468635,False,False,False,False
2025-06-19 17:00:00+00:00,5.745,5.745,5.745,5.745,0.0,,,,,,,,,,,,,,,,,,,,,5.817194025817663,5.822092045929047,5.907434408832352,,,,,,,,,,,,,,,,,5.762905688912336,5.833040618493204,5.827515095140916,5.774650800752951,5.729419925012405,5.694318733409268,5.695350569602719,5.672055048034046,5.669916876108512,5.649902717664857,5.566503823499987,,5.827515095140916,5.649902717664857,,5.848906826859687,5.715961808784654,"rgba(239, 83, 80, 1.0)",0.09316250454044418,5.769001508405946,-0.25763056204147333,37.11869026778545,-13.616885286609232,False,True,False,True,False,0.0,0.0,0.0,0.0,0.0,0,0.9342560553633216,0.968858131487889,False,False,False,False,-0.005858093535997168,-0.004729391023953479,False,False,False,False,1785126.0,1463558.8736260599,False,False,False,False,59583.48004408927,False,False,False,False
2025-06-19 18:00:00+00:00,5.745,5.745,5.745,5.745,0.0,,,,,,,,,,,,,,,,,,,,,5.817194025817663,5.822092045929047,5.907434408832352,,,,,,,,,,,,,,,,,5.762905688912336,5.833040618493204,5.827515095140916,5.774650800752951,5.729419925012405,5.694318733409268,5.695350569602719,5.672055048034046,5.669916876108512,5.649902717664857,5.566503823499987,,5.827515095140916,5.649902717664857,,5.848906826859687,5.715961808784654,"rgba(239, 83, 80, 1.0)",0.09099910899472535,5.769001508405946,-0.2637554221254756,36.93971235868247,-13.616885286609232,False,True,False,True,False,0.0,0.0,0.0,0.0,0.0,0,0.935708079930495,0.9661164205039094,False,False,False,False,-0.005858093535997168,-0.005293742279975323,False,False,False,False,1785126.0,1468544.4104690666,False,False,False,False,58659.70515968479,False,False,False,False
2025-06-19 19:00:00+00:00,5.745,5.745,5.745,5.745,0.0,,,,,,,,,,,,,,,,,,,,,5.817194025817663,5.822092045929047,5.907434408832352,,,,,,,,,,,,,,,,,5.762905688912336,5.833040618493204,5.827515095140916,5.774650800752951,5.729419925012405,5.694318733409268,5.695350569602719,5.672055048034046,5.669916876108512,5.649902717664857,5.566503823499987,,5.827515095140916,5.649902717664857,,5.848906826859687,5.715961808784654,"rgba(239, 83, 80, 1.0)",0.08999114070507999,5.769001508405946,-0.26670968072961726,36.82039375261381,-13.616885286609232,False,True,False,True,False,0.0,0.0,0.0,0.0,0.0,0,0.9402985074626864,0.9666374012291482,False,False,False,False,-0.005858093535997168,-0.005575917907986245,False,False,False,False,1785126.0,1473452.6521672206,False,False,False,False,57750.25236651138,False,False,False,False
2025-06-20 14:00:00+00:00,5.705,5.73,5.695,5.71,32493.0,,,,,,,,,,,,,,,,,,,,,5.813533431692192,5.818457622471782,5.9059295437524675,,,,,,,,,,,,,,,,,5.757650591191157,5.831059347152685,5.826933098396652,5.774377257452847,5.729356321297926,5.69437045906118,5.695391234146099,5.672145153131961,5.670011314709914,5.650034113071602,5.566761757535903,,5.826933098396652,5.650034113071602,,5.845973532638813,5.7152809679225385,"rgba(239, 83, 80, 1.0)",0.08731598410988237,5.767850305110472,-0.6625396907589194,32.895967633058966,-14.436976745073807,False,True,False,True,False,0.0,0.0,0.0,0.0,0.0,0,0.9368974583698507,0.9605609114811567,False,False,False,False,-0.031252810202964984,-0.018414364055475613,False,False,False,False,1752633.0,1477781.0296530002,False,False,False,False,57358.667058503444,False,False,False,False
2025-06-20 15:00:00+00:00,5.71,5.72,5.685,5.685,15339.0,,,,,,,,,,,,,,,,,,,,,5.811650517219949,5.81659427842832,5.905172915168872,,,,,,,,,,,,,,,,,5.754834355440349,5.830031644449496,5.826624892163276,5.774218259008405,5.729301127778364,5.694373686557491,5.695392732980589,5.672171456731054,5.670039747756601,5.650080897963564,5.566870630952794,,5.826624892163276,5.650080897963564,,5.84447257027238,5.714903584707454,"rgba(239, 83, 80, 1.0)",0.0835988383039021,5.767240633924554,-0.9837533103700505,28.59188969866774,-18.34614660206248,False,True,False,True,False,0.0,0.0,0.0,0.0,0.0,0,0.932574430823117,0.9632224168126093,False,False,False,False,-0.03907316122087708,-0.028743762638176348,False,False,False,False,1737294.0,1481804.486557605,False,False,False,False,56707.19935217006,False,False,False,False
2025-06-20 16:00:00+00:00,5.685,5.695,5.665,5.665,28822.0,,,,,,,,,,,,,,,,,,,,,5.8076351499914525,5.812637498925409,5.903619701259201,,,,,,,,,,,,,,,,5.674999999999999,5.748460062773734,5.82783558828979,5.825953803307524,5.7738382753760185,5.729129400991448,5.6943226538694836,5.69534780253014,5.67217714635199,5.670049669779237,5.65012778555809,5.567040644543205,,5.825953803307524,5.65012778555809,,5.841297450058687,5.710773569447556,"rgba(239, 83, 80, 1.0)",0.07298876872750099,5.765243816084581,-1.3734142640333493,24.697122095728744,-21.721174823140736,False,True,False,True,False,0.0,0.0,0.0,0.0,0.0,0,0.9400881057268721,0.9647577092511012,False,False,False,False,-0.05668789585075919,-0.04271582924446777,False,False,False,False,1708472.0,1485318.7115722157,False,False,False,False,56274.870680043394,False,False,False,False
2025-06-20 17:00:00+00:00,5.665,5.685,5.665,5.675,17724.0,,,,,,,,,,,,,,,,,,,,,5.805281007606384,5.810312242444344,5.902674923026034,,,,,,,,,,,,,,,5.675,5.675,5.745021996128893,5.826515756711444,5.825544061030424,5.773606047437981,5.729024336427267,5.694291404759266,5.695320270866175,5.672180633815085,5.670055751610401,5.650156531425795,5.567144928660197,,5.825544061030424,5.650156531425795,,5.839422724358921,5.70760474760561,"rgba(239, 83, 80, 1.0)",0.07285830998128927,5.763690290146774,-1.2172982075696022,24.307743630371483,-21.882250360816617,False,True,False,True,False,0.0,0.0,0.0,0.0,0.0,0,0.936226749335695,0.9698848538529673,False,False,False,False,-0.060606673583958715,-0.05166125141421324,False,False,False,False,1726196.0,1489053.2431757473,False,False,False,False,55677.18276252334,False,False,False,False
2025-06-20 18:00:00+00:00,5.675,5.7,5.675,5.69,6984.0,,,,,,,,,,,,,,,,,,,,,5.804468773255766,5.809505602320463,5.902326458529257,,,,,,,,,,,,,,,5.678768819815444,5.676739585279282,5.743995480791418,5.826047144062064,5.825397461353272,5.773527172326623,5.728993238467839,5.694287610365415,5.695316547696668,5.672188493361659,5.6700645956609925,5.650173909644778,5.567191038771427,,5.825397461353272,5.650173909644778,,5.838766944701828,5.70789931519976,"rgba(239, 83, 80, 0.75)",0.07139693636647769,5.7637025783257965,-1.0322932898336648,27.06959808300827,-21.882250360816617,False,True,False,True,True,0.0,0.0,0.0,0.0,0.0,0,0.9344552701505755,0.9663418954827281,False,False,False,False,-0.0508129509631532,-0.051237101188683215,False,False,False,False,1733180.0,1492838.1541342628,False,False,False,False,54922.249696437706,False,False,False,False
2025-06-20 19:00:00+00:00,5.685,5.715,5.685,5.715,105196.0,,,,,,,,,,,,,,,,,,,,,5.795048544359428,5.800039043685872,5.89760989509535,,,,,,,,,,,,,,,5.700010777189308,5.695469236293991,5.73563876728263,5.820164470964013,5.823490579588062,5.772585545723489,5.728720185703826,5.6943893925912965,5.695393652113098,5.67242722071865,5.67031737376685,5.6505472633176685,5.567976320913319,,5.823490579588062,5.6505472633176685,,5.830899161046883,5.709779291243554,"rgba(239, 83, 80, 0.75)",0.06904920559129682,5.762738269202268,-0.691365943944841,32.99649014690826,-21.685643353744823,False,True,False,True,True,0.0,0.0,0.0,0.0,0.0,0,0.9378330373001773,0.9653641207815276,False,False,False,False,-0.0410289582485477,-0.04613302971861546,False,False,False,False,1838376.0,1498195.3300391578,False,False,False,False,55701.687685640216,False,False,False,False
2025-06-23 14:00:00+00:00,5.725,5.75,5.715,5.725,31857.0,,,,,,,,,,,,,,,,,,,,,5.793234960692952,5.798169027757871,5.89640537690659,,,,,,,,,,,,,,,5.705916815548865,5.701241243972442,5.735295127596892,5.818856746570852,5.823044305282597,5.772409071887733,5.72872458128335,5.694491562450659,5.695476898327495,5.672553794284515,5.670447863600176,5.650710776572695,5.56825543618818,,5.823044305282597,5.650710776572695,,5.829269788452471,5.710571094120497,"rgba(239, 83, 80, 0.75)",0.06693125422991274,5.762788183193162,-0.5645820271551791,38.33820709368489,-17.07623894607662,False,True,False,True,True,0.0,0.0,0.0,0.0,0.0,0,0.9362831858407077,0.9610619469026548,False,False,False,False,-0.015622609837963158,-0.03087781977828931,False,False,False,False,1870233.0,1503963.3559300236,False,False,False,False,55332.00260524269,False,False,False,False
2025-06-23 15:00:00+00:00,5.725,5.745,5.705,5.705,32803.0,,,,,,,,,,,,,,,,,,,,,5.791144665233434,5.796032875299966,5.895097351254082,,,,,,,,,,,,,,,5.708010209151402,5.703751122869532,5.7342935890351105,5.817377574482254,5.82253214548268,5.772179308912281,5.728687961784803,5.694561790317227,5.695533372712369,5.672657195081781,5.67055542700827,5.650853772950403,5.56852117858869,,5.82253214548268,5.650853772950403,,5.827424963929161,5.710731896028985,"rgba(239, 83, 80, 0.5)",0.06703186011343198,5.762365310907772,-0.8557917206936844,39.52289373851207,-16.262123149171103,False,False,False,True,True,0.0,0.0,0.0,0.0,0.0,0,0.9347442680776011,0.9629629629629629,False,False,False,False,-0.0214826306113518,-0.026180225194820557,False,False,False,False,1837430.0,1509133.3814194805,False,False,False,False,54982.715743145905,False,False,False,False
2025-06-23 16:00:00+00:00,5.705,5.71,5.685,5.695,24490.0,,,,,,,,,,,,,,,,,,,,,5.789216399801876,5.794086802467792,5.894015096715992,,,,,,,,,,,,,,,5.706742013384828,5.703051182849489,5.7327049150651765,5.816065893528006,5.822074201718989,5.771940529427279,5.728603935013998,5.6945664090066925,5.695535459414301,5.672697613431104,5.670599142544247,5.650925985270797,5.56869035854813,,5.822074201718989,5.650925985270797,,5.825772766328554,5.71032289532331,"rgba(239, 83, 80, 0.5)",0.06733959920892081,5.76162751763575,-0.9894255151272616,39.25672054860129,-16.262123149171103,False,False,False,True,True,0.0,0.0,0.0,0.0,0.0,0,0.9388839681133744,0.9654561558901683,False,False,False,False,-0.04298506903411882,-0.03458264711446969,False,False,False,False,1812940.0,1513843.561552512,False,False,False,False,54509.96046030643,False,False,False,False
2025-06-23 17:00:00+00:00,5.695,5.74,5.695,5.735,15899.0,,,,,,,,,,,,,,,,,,,,,5.7883548620135645,5.793198497525047,5.893412878766863,,,,,,,,,,,,,,,5.7078647289741635,5.7042736865384,5.732454888589078,5.8154162995038305,5.82184152181616,5.771840950301744,5.728594971448844,5.69460733021066,5.695568648219868,5.6727528923583765,5.670656397073576,5.651000004243606,5.568822788050274,,5.82184152181616,5.651000004243606,,5.824988746101826,5.7104380851791205,"rgba(239, 83, 80, 0.5)",0.06778888797826538,5.761475073866982,-0.39055182429707275,44.26508499498003,-11.841178839679465,True,False,False,True,True,0.0,0.0,0.0,0.0,0.0,0,0.9406028368794325,0.9609929078014184,False,False,False,False,-0.027344126966511218,-0.030963387040490453,False,False,False,False,1828839.0,1518727.211761,False,False,False,False,53911.34091828617,False,False,False,False
2025-06-23 18:00:00+00:00,5.735,5.745,5.72,5.745,48265.0,,,,,,,,,,,,,,,,,,,,,5.786381315338763,5.791122986110053,5.8917517658786345,,,,,,,,,,,,,,,5.712773052324828,5.709284092851344,5.732770446514549,5.813776532217161,5.821236543054794,5.771623548605845,5.728636429744411,5.6947881760384185,5.6957170681393,5.672964009097757,5.670873248614744,5.651265030623285,5.56925799418109,,5.821236543054794,5.651265030623285,,5.823085355775817,5.711151244000579,#000000,0.068158664919437,5.761378482249818,-0.24029934079808546,48.61967256268576,-7.862673050284464,True,False,False,False,True,0.0,0.0,0.0,0.0,0.0,0,0.9396092362344581,0.9626998223801065,False,False,False,False,-0.015622609837963158,-0.023292998439226806,False,False,False,False,1877104.0,1524283.4410360232,False,False,False,False,53823.80074901042,False,False,False,False
2025-06-23 19:00:00+00:00,5.745,5.785,5.745,5.765,193204.0,,,,,,,,,,,,,,,,,,,,5.765000000000001,5.783546630078179,5.787775735099055,5.886593585087519,,,,,,,,,,,,,,,5.733952710692061,5.7305897117696265,5.7402064044983625,5.810023703851195,5.81968181147159,5.771463630372857,5.729369015242001,5.695976209533072,5.696704365679233,5.674165069629216,5.672094975168992,5.6526562954343875,5.5712688125384275,,5.81968181147159,5.6526562954343875,,5.805728987566189,5.715242516606231,"rgba(38, 166, 154, 1.0)",0.06819236172911669,5.766274414515561,-0.018688522926121744,53.37755100889195,-3.5619809622989536,True,False,True,False,True,0.9186852847833862,0.0,0.0,0.0,0.0,0,0.9396628216503992,0.9600709849157054,False,False,False,False,0.009763583635185764,-0.006764707402020521,False,False,False,False,2070308.0,1532748.9380742244,False,False,False,False,55984.73407073119,False,False,False,False
2025-06-24 14:00:00+00:00,5.715,5.78,5.715,5.77,19332.0,,,,,,,,,,,,,,,,,,,,5.764090412918282,5.783172896091821,5.787360832816031,5.886059914712331,,,,,,,,,,,,,,,5.734773452828083,5.731489294846378,5.740540218870212,5.809603337789709,5.819503376520239,5.7714239527527775,5.729420578836673,5.696075972997562,5.696787369807427,5.674270484097933,5.672202507435821,5.652781409560408,5.571457475297411,,5.819503376520239,5.652781409560408,,5.805171014134616,5.715409956280047,"rgba(38, 166, 154, 1.0)",0.06812270328384813,5.766197455426022,0.05581904990078265,56.987061767347384,-0.32843927010265617,True,False,True,False,True,1.2319309734891064,0.0,0.0,0.0,0.0,0,0.931918656056587,0.9655172413793102,False,False,False,False,-0.0039053838897490085,-0.005335045645884765,False,False,False,False,2089640.0,1541382.9080265618,False,False,False,False,55416.474627774114,False,False,False,False
2025-06-24 15:00:00+00:00,5.775,5.775,5.735,5.74,40755.0,,,,,,,,,,,,,,,,,,,,5.7618232388833395,5.782281909691467,5.7863897057932485,5.884906526660149,,,,,,,,,,,,,,,5.735930111765755,5.732823741017799,5.740969788268292,5.808658594986852,5.819101503031185,5.771315654167348,5.729507490318266,5.696267436543387,5.696946620315429,5.674478108371574,5.672414656804576,5.65303131793928,5.571843140059821,,5.819101503031185,5.65303131793928,,5.803850345257051,5.715637551045352,"rgba(38, 166, 154, 1.0)",0.06795951364961364,5.765914683828823,-0.3813253279361931,55.26773489330761,-0.32843927010265617,True,False,True,False,True,0.0,0.0,0.0,0.0,0.0,0,0.9302736098852603,0.969108561341571,False,False,False,False,0.0019526259191794148,-0.001691209863352675,False,False,False,False,2048885.0,1549251.157514522,False,False,False,False,55189.16494362258,False,False,False,False
2025-06-24 16:00:00+00:00,5.735,5.77,5.735,5.765,57511.0,,,,,,,,,,,,,,,,,,,,5.76086906347664,5.781346504013727,5.785338039393256,5.883390614731477,,,,,,,,,,,,,,,5.737937754621057,5.7350253113951855,5.741915070068136,5.807521119570224,5.818596200715929,5.771211898020002,5.729668388113771,5.6965685531044175,5.69719776617996,5.674794858899287,5.6727376240170075,5.653405891311344,5.572404800421597,,5.818596200715929,5.653405891311344,,5.802736055403775,5.716075787418301,"rgba(38, 166, 154, 1.0)",0.06800225221492921,5.765773650328372,-0.011376833901426728,56.57920444749213,-0.32843927010265617,True,False,True,False,True,0.8983181230990951,0.0,0.0,0.0,0.0,0,0.9263157894736841,0.9692982456140352,False,False,False,False,-3.9053250493180314e-08,-0.0008456244583015842,False,False,False,False,2106396.0,1557889.0620491807,False,False,False,False,55225.16238635711,False,False,False,False
2025-06-24 17:00:00+00:00,5.765,5.765,5.735,5.74,71551.0,,,,,,,,,,,,,,,,,,,,5.758211321300823,5.779839385590792,5.783707503497894,5.881408997457094,,,,,,,,,,,,,,,5.738876140436808,5.736224849136824,5.7422462585034015,5.805908617668676,5.817879157590946,5.770997496461409,5.7297927576430805,5.696877372096134,5.6974552421013485,5.675137825604976,5.6730885307769086,5.65382337958765,5.573061164487651,,5.817879157590946,5.65382337958765,,5.80079180196165,5.716259137853525,"rgba(38, 166, 154, 0.75)",0.06840150411915158,5.765217041010834,-0.3686620833206646,54.55462202421611,-0.32843927010265617,True,False,True,False,False,0.0,0.0,0.0,0.0,0.0,0,0.9267015706806281,0.9703315881326353,False,False,False,False,-0.001952704025976773,-0.0013991642421391785,False,False,False,False,2034845.0,1565283.7277538446,False,False,False,False,55478.27614780894,False,False,False,False
2025-06-24 18:00:00+00:00,5.735,5.785,5.735,5.78,38119.0,,,,,,,,,,,,,,,,,,,5.766666666666667,5.75897786297304,5.7795413067055605,5.783333125851538,5.880529804645836,,,,,,,,,,,,,,,5.7403815576934925,5.7378090029014315,5.743120597418853,5.805362361550491,5.817608612690887,5.770977435978575,5.729935931741836,5.697105812712801,5.697646625985923,5.675369925242019,5.673324567733238,5.654091859788659,5.573448881917961,,5.817608612690887,5.654091859788659,,5.793809753368528,5.716629474873551,"rgba(38, 166, 154, 0.75)",0.06844390087921726,5.768877268647847,0.16250872918218978,56.65502454191877,-0.32843927010265617,True,False,True,False,False,1.8131215713511395,0.0,0.0,0.0,0.0,0,0.9273356401384081,0.9671280276816608,False,False,False,False,0.005858015426816396,0.002229425592338609,False,False,False,False,2072964.0,1573154.7397266533,False,False,False,True,55209.14008350182,False,False,False,False
2025-06-24 19:00:00+00:00,5.775,5.785,5.72,5.745,78646.0,,,,,,,,,,,,,,,,,,5.75,5.755440985455116,5.757563221522767,5.778223644696611,5.781887758871457,5.8784984143687895,,,,,,,,,,,,,,,5.741348472182455,5.738990983671902,5.743593815644274,5.803816757003837,5.8168796711166495,5.770778859813667,5.730095385292168,5.6974606297931,5.697943612510015,5.675758343193197,5.673721524091922,5.654560349992083,5.574175343325948,,5.8168796711166495,5.654560349992083,,5.78360233748579,5.7168556728947095,"rgba(38, 166, 154, 0.75)",0.06872434820376681,5.770482940132211,-0.37079929891301316,54.59234902611614,-0.32843927010265617,True,False,True,False,False,0.0,0.0,0.0,0.0,0.0,0,0.9255774165953804,0.9674935842600513,False,False,False,False,-3.9053250493180314e-08,0.0011146932695440578,False,False,False,False,1994318.0,1579684.4026766277,False,False,False,False,55572.50225274986,False,False,False,False
2025-06-25 14:00:00+00:00,5.655,5.675,5.655,5.66,30111.0,,,,,,,,,,,,,,,,,,5.726005038756126,5.736558026271594,5.7522019201517685,5.7762945557777385,5.779951704288148,5.877223960922326,,,,,,,,,,,,,,,5.73845706653275,5.73628301807547,5.741534270872925,5.802331026933366,5.816248438221757,5.77039085203888,5.729892862466701,5.697373205319239,5.697868605217916,5.675733633568067,5.673700973941552,5.654576726806199,5.574315581818911,,5.816248438221757,5.654576726806199,,5.774705867694617,5.716054327831826,"rgba(239, 83, 80, 0.5)",0.07062315930788705,5.767044174492628,-1.5157092311030769,47.86667860137663,4.985858789074001,True,False,False,True,False,0.0,0.0,0.0,0.0,0.0,0,0.9191238416175229,0.974726200505476,False,False,False,False,-0.06844993119882667,-0.03366761896464131,False,False,False,False,1964207.0,1585645.993332804,False,False,False,False,55177.75027983901,False,False,False,False
2025-06-25 15:00:00+00:00,5.665,5.665,5.645,5.65,70056.0,,,,,,,,,,,,,,,,,,5.6975334567397224,5.709681451637687,5.740644251065854,5.771671656729474,5.77531700371753,5.874180524577121,,,,,,,,,,,,,,,5.731699663721634,5.729906453058276,5.736565156016197,5.798752883181145,5.814704970600247,5.769415552654449,5.729356313516388,5.697112279770284,5.697645176825621,5.675630467088353,5.673607661037019,5.654571349945995,5.574603696489611,,5.814704970600247,5.654571349945995,,5.7615047240778985,5.714120894146556,"rgba(239, 83, 80, 0.5)",0.07257633446462354,5.761232269516741,-1.5326245164800867,42.91948455934274,0.4280373373899593,True,False,False,True,False,0.0,0.0,0.0,0.0,0.0,0,0.9177162048698569,0.9764903442485305,False,False,False,False,-0.07630160650894716,-0.05498461273679423,False,False,False,False,1894151.0,1590429.0166919853,True,False,False,False,55408.420818136074,False,False,False,False
2025-06-25 16:00:00+00:00,5.645,5.67,5.645,5.655,54102.0,,,,,,,,,,,,,,,,,,5.688040830345835,5.699098993730184,5.7336907070388605,5.768426759295572,5.772055216267015,5.871920839736416,,,,,,,,,,,,,,,5.727365461783072,5.725802135566266,5.733233835600109,5.796165757078477,5.813557079837381,5.76869472172089,5.7289650165648345,5.6969280637557045,5.697487023244596,5.675563256732091,5.6735479335827055,5.654578324073635,5.574834124215261,,5.813557079837381,5.654578324073635,,5.755538891068981,5.712824825673463,"rgba(239, 83, 80, 0.5)",0.0741190301516906,5.758167662251507,-1.391918675141404,40.11736881526927,-2.1450104855741543,False,False,False,True,False,0.0,0.0,0.0,0.0,0.0,0,0.9171597633136092,0.985629754860524,False,False,False,False,-0.07433784486041464,-0.06466122879860443,False,False,False,False,1948253.0,1595976.6753479235,False,False,False,False,55388.16623180838,False,False,False,False
2025-06-25 17:00:00+00:00,5.655,5.665,5.655,5.655,49390.0,,,,,,,,,,,,,,,,,,5.682843425845569,5.692815394602152,5.728394716009963,5.765662196093744,5.769271072244745,5.86991422915295,,,,,,,,,,,,,,,5.723907536718408,5.722518504978401,5.730487430838803,5.793912124504557,5.812534606793265,5.76805434334423,5.728619610346808,5.696768252399824,5.697349557714415,5.675507689725944,5.673499121672552,5.654589699280623,5.575047617260388,,5.812534606793265,5.654589699280623,,5.751483505658187,5.711753545813709,"rgba(239, 83, 80, 0.5)",0.07541458983749078,5.7558765575989534,-1.3376265496680397,38.24929165255363,-3.989181290474505,False,False,False,True,False,0.0,0.0,0.0,0.0,0.0,0,0.9083969465648853,0.9915182357930449,False,False,False,False,-0.07237465533904115,-0.06851794206882279,False,False,False,False,1948253.0,1601438.3237921419,False,False,False,False,55295.17140650903,False,False,False,False
2025-06-25 18:00:00+00:00,5.655,5.66,5.63,5.655,21348.0,,,,,,,,,,,,,,,,,,5.680417230632773,5.690036925201597,5.726034418551126,5.764402401322463,5.768004715319146,5.869018085263247,,,,,,,,,,,,,,5.648333333333333,5.722305939155449,5.720990075583201,5.729205696222574,5.792890504176027,5.812068426784282,5.767754827244918,5.728450265076335,5.6966817197949835,5.69727528649072,5.675469862358602,5.673464272526192,5.654581518018232,5.575128519245806,,5.812068426784282,5.654581518018232,,5.749652296048392,5.706757160429333,"rgba(239, 83, 80, 1.0)",0.0769008370483401,5.751252844587414,-1.25164885431493,37.00390687740987,-5.405188601380985,False,True,False,True,False,0.0,0.0,0.0,0.0,0.0,0,0.9026248941574935,0.9923793395427603,True,False,False,False,-0.08416268284585236,-0.07634031245733758,False,False,False,False,1948253.0,1606815.2955162947,False,False,False,False,54768.85867152439,False,False,False,False
2025-06-25 19:00:00+00:00,5.655,5.68,5.655,5.66,123516.0,,,,,,,,,,,,,,,,,,5.675959335376241,5.68339058819484,5.717140644840603,5.758588300912776,5.7621207214731855,5.8643532660833175,,,,,,,,,,,,,,5.662543903247184,5.716046803064455,5.715026651007188,5.723889816901477,5.787900387566779,5.809691659572904,5.766288682839945,5.7276852619286975,5.696357581913752,5.696994790908822,5.675386211569959,5.673396994767926,5.654659751950534,5.575698897147473,,5.809691659572904,5.654659751950534,,5.743592142813494,5.7058262424562205,"rgba(239, 83, 80, 1.0)",0.07797389260466965,5.74796574265196,-1.1281435325789027,36.84302216921418,-5.962819442493604,False,True,False,True,False,0.0,0.0,0.0,0.0,0.0,0,0.906011854360711,0.9906858594411515,False,False,False,False,-0.06648836590446998,-0.07141433918090379,False,False,False,False,2071769.0,1614023.8800819335,False,False,False,False,55834.70582390385,False,False,False,False
2025-06-26 14:00:00+00:00,5.685,5.715,5.68,5.7,37981.0,,,,,,,,,,,,,,,,,,5.677786244580602,5.684518296047112,5.716334069915457,5.757523716797995,5.761019611327602,5.863194150429569,,,,,,,,,,,,,,5.66997816912321,5.7154712107730745,5.714497262165786,5.723255323015337,5.786838486325921,5.809141003793465,5.765991830799047,5.72757684366178,5.696363778212608,5.69699835847618,5.6754424502076235,5.673457793924862,5.6547603642431525,5.57593776058554,,5.809141003793465,5.6547603642431525,,5.743396014849723,5.706122188236257,"rgba(239, 83, 80, 0.5)",0.07846500338847498,5.7479247354768175,-0.6107784796687658,41.31233828476754,-5.962819442493604,False,False,False,True,True,0.0,0.0,0.0,0.0,0.0,0,0.9089376053962899,0.9806070826306914,False,False,False,False,-0.04298506903411882,-0.0571997041075113,False,False,False,False,2109750.0,1621709.556359733,False,False,False,False,55557.904183223174,False,False,False,False
2025-06-26 15:00:00+00:00,5.705,5.735,5.69,5.725,30899.0,,,,,,,,,,,,,,,,,,5.680208114520945,5.686377921677575,5.716345282868587,5.7569447759017445,5.760405368822499,5.862366582092086,,,,,,,,,,,,,,5.6767274948848465,5.715501999462661,5.714551823908892,5.723124881197841,5.7861681267845695,5.808770482510092,5.765817159201565,5.727544156851083,5.696415447118452,5.697040912870814,5.675524480067644,5.673543331167427,5.654876170480226,5.576160404561978,,5.808770482510092,5.654876170480226,,5.743774674313907,5.706554776504864,"rgba(239, 83, 80, 0.5)",0.07864276625781501,5.748212103932028,-0.29515879255737215,46.48089039185015,-10.790753273149534,True,False,False,True,True,0.0,0.0,0.0,0.0,0.0,0,0.9172297297297297,0.9746621621621622,False,False,False,False,-0.031252810202964984,-0.04422625715523815,False,False,False,False,2140649.0,1629755.1291293495,False,False,False,False,55175.595591235215,False,False,False,False
2025-06-26 16:00:00+00:00,5.725,5.74,5.715,5.715,41289.0,,,,,,,,,,,,,,,,,,5.683521852167537,5.689029469911161,5.7166465217527485,5.756320181646748,5.7597317871177545,5.861325156924639,,,,,,,,,,,,,,5.684272826130997,5.715762547930694,5.714837353493194,5.723130253696353,5.785376124698071,5.808315484400017,5.7656170730256955,5.727527366393134,5.6965066750763365,5.6971167084946055,5.675651264110037,5.673674692359143,5.655046865823168,5.576470880790937,,5.808315484400017,5.655046865823168,,5.7444291615867655,5.70709329403017,#000000,0.07904981893635506,5.74862655292748,-0.4253843130817706,48.864650221245896,-8.464735696573797,True,False,False,False,True,0.0,0.0,0.0,0.0,0.0,0,0.9358196010407631,0.9661751951431049,False,False,False,False,-0.019529146307105116,-0.03187770173117163,False,False,False,False,2099360.0,1637035.8248017626,False,False,False,False,54960.29953555715,False,False,False,False
2025-06-26 17:00:00+00:00,5.715,5.725,5.7,5.715,44458.0,,,,,,,,,,,,,,,,,,5.685799899506586,5.690772452674964,5.7164995573372925,5.755476928498489,5.758841462484735,5.86014109620087,,,,,,,,,,,,,,5.688586718799563,5.715678534551653,5.714786478258267,5.722865716347853,5.784411457199175,5.807773936156458,5.765353270563612,5.727466684905271,5.696567856344003,5.697166889990596,5.675758556331304,5.673787035438793,5.655202936610071,5.576781061588889,,5.807773936156458,5.655202936610071,,5.744588566117156,5.707299080934679,#000000,0.07929264987576702,5.748633742058499,-0.42417225444218726,50.45382344084307,-6.778259404028361,True,False,False,False,True,0.0,0.0,0.0,0.0,0.0,0,0.9365217391304347,0.9582608695652176,False,False,False,False,-0.031252810202964984,-0.03156525596706831,False,False,False,False,2099360.0,1644203.6414715026,False,False,False,False,54797.47318616867,False,False,False,False
2025-06-26 18:00:00+00:00,5.715,5.72,5.695,5.705,27398.0,,,,,,,,,,,,,,,,,,5.686738365227936,5.69144518700124,5.7162379176030536,5.754893908129814,5.758231688312206,5.859388078605706,,,,,,,,,,,,,,5.690102078483318,5.715490469835872,5.7146206695058375,5.72260056826634,5.783775162527518,5.807419919929836,5.765171354183877,5.727412028588199,5.696590434460204,5.697184971640519,5.675812695738898,5.673844334416617,5.655287719462814,5.576962218289175,,5.807419919929836,5.655287719462814,,5.744489190813326,5.7073053303806445,#000000,0.07969406592802755,5.748489515798121,-0.5457058225313357,50.328676780209534,-6.564363450243505,True,False,False,False,True,0.0,0.0,0.0,0.0,0.0,0,0.9373368146214098,0.9556135770234988,False,False,False,False,-0.035162448315365046,-0.03336385214121668,False,False,False,False,2071962.0,1650835.554006828,False,False,False,False,54372.675152274576,False,False,False,False
2025-06-26 19:00:00+00:00,5.705,5.725,5.695,5.725,72761.0,,,,,,,,,,,,,,,,,,5.689753732528784,5.693825319805096,5.7161562141227185,5.75366732628724,5.756930273456274,5.857530882060824,,,,,,,,,,,,,,5.694635038992452,5.715464714988326,5.714640182485699,5.722283943195559,5.782312109761932,5.806568455570572,5.7647617089456,5.727326012625485,5.696699094501283,5.69727457024227,5.675994143104176,5.674033928184013,5.655547827810279,5.577471625966531,,5.806568455570572,5.655547827810279,,5.744643958043489,5.707500954026727,"rgba(38, 166, 154, 1.0)",0.0799513928910678,5.7483870112481785,-0.29251536968271735,52.404291293136204,-4.203601506163608,True,False,True,False,True,0.0,0.0,0.0,0.0,0.0,0,0.9391304347826087,0.9521739130434784,False,False,False,False,-0.03320750240921643,-0.03328567727521656,False,False,False,False,2144723.0,1658492.7237121484,False,False,False,False,54657.76545999125,False,False,False,False
2025-06-27 14:00:00+00:00,5.75,5.775,5.74,5.745,35929.0,,,,,,,,,,,,,,,,,5.753333333333333,5.692935794640917,5.696653434796777,5.7173296051498825,5.753662331353819,5.756877588692266,5.856873253259498,,,,,,,,,,,,,,5.699476803672048,5.716421810143779,5.715598683623874,5.722909772294756,5.78201086699166,5.806327368264448,5.764715817092202,5.727414706727882,5.696863678620736,5.697413446328862,5.676170567862903,5.674213908090205,5.655757711374432,5.5777915114900205,,5.806327368264448,5.655757711374432,,5.746809334460927,5.708077618041272,"rgba(38, 166, 154, 1.0)",0.07999735355980998,5.750720814914759,-0.07151255210563671,55.63257895865512,-0.8513325392865241,True,False,True,False,True,0.5018425536365285,0.0,0.0,0.0,0.0,0,0.946227233304423,0.9462272333044234,False,False,False,False,0.003905305782058128,-0.014690185746579215,False,False,False,False,2180652.0,1666588.216367774,False,False,False,False,54367.3970032472,False,False,False,False
2025-06-27 15:00:00+00:00,5.745,5.76,5.72,5.745,50318.0,,,,,,,,,,,,,,,,,5.746526797067338,5.696127715540096,5.699462459739982,5.71835982223329,5.7534162420088295,5.756571838279217,5.855863867847081,,,,,,,,,,,,,,5.703845856220557,5.7172848290952505,5.716472726759839,5.723424707285274,5.781431946565449,5.8059198482277985,5.764586918339513,5.727482452570459,5.697045284589873,5.69756645037629,5.676379145782028,5.674427632339418,5.6560151757308414,5.578207910541841,,5.8059198482277985,5.6560151757308414,,5.746618391816548,5.7085779203160305,"rgba(38, 166, 154, 1.0)",0.07977236758820251,5.750856621935039,-0.07341667437115457,57.78477073566772,1.4243445528117107,True,False,True,False,True,0.5018425536365285,0.0,0.0,0.0,0.0,0,0.9411255411255409,0.94978354978355,False,False,False,False,-0.00976366174913136,-0.012226923747855287,False,False,False,False,2180652.0,1674558.1975093589,False,False,False,False,54304.615654359644,False,False,False,False
2025-06-27 16:00:00+00:00,5.745,5.77,5.74,5.75,79681.0,,,,,,,,,,,,,,,,,5.749795393182585,5.701503694102449,5.704307240089001,5.720556939237569,5.753413633360186,5.75647193513939,5.8544607949801435,,,,,,,,,,,,,,5.710817859487698,5.719136099300516,5.718331179863261,5.7246707645073185,5.7808076428027295,5.805400209534828,5.764488134245484,5.727675586234973,5.697404282560308,5.697870115215884,5.676765274355622,5.674821563429283,5.656474847419936,5.57890974266735,,5.805400209534828,5.656474847419936,,5.7486442328701886,5.709540950116085,"rgba(38, 166, 154, 1.0)",0.07955320051203715,5.752039093832273,-0.0256318264903104,59.70912295642683,3.489709200463949,True,False,True,False,True,0.8415599160232041,0.0,0.0,0.0,0.0,0,0.939895470383275,0.9538327526132406,False,False,False,False,0.0019526259191786407,-0.005137148914338323,False,False,False,False,2260333.0,1683639.9773929347,False,False,False,False,54698.04796979593,False,False,False,False
2025-06-27 17:00:00+00:00,5.745,5.76,5.7,5.7,27384.0,,,,,,,,,,,,,,,,,5.745574666859792,5.702082377910589,5.7047777208467565,5.720545168947348,5.753056187326422,5.7560893258998735,5.853831394430218,,,,,,,,,,,,,,5.711241906451566,5.719151082011733,5.718359603527599,5.724604832324366,5.7803468477942035,5.805111170985891,5.764354328659024,5.727655928990302,5.697453701470376,5.697911451119363,5.676839700623539,5.674898945559495,5.656577800013376,5.579103797938364,,5.805111170985891,5.656577800013376,,5.747993834602999,5.709543649819229,"rgba(38, 166, 154, 0.75)",0.07881887092829423,5.751718104267069,-0.6561639827868081,54.56130078573743,3.489709200463949,True,False,True,False,False,0.0,0.0,0.0,0.0,0.0,0,0.9316017316017314,0.956709956709957,False,False,False,False,-0.017575811023120093,-0.011356479968729207,False,False,False,False,2232949.0,1692156.396348083,False,False,False,False,54274.57435786111,False,False,False,False
2025-06-27 18:00:00+00:00,5.705,5.705,5.685,5.7,44632.0,,,,,,,,,,,,,,,,,5.736400819800738,5.701819616428906,5.704399844261801,5.7197500567628925,5.7520898522890525,5.755090395158905,5.852641426570699,,,,,,,,,,,,,,5.7102216300655275,5.718532991826544,5.717773672328898,5.723976516131807,5.779325930425091,5.804516242538548,5.764024137616086,5.727527115074539,5.697450905934475,5.697907673034109,5.676895173726685,5.674959543966348,5.656683413447425,5.579366749398199,,5.804516242538548,5.656683413447425,,5.746027430181856,5.709225835393878,#000000,0.07798983532750355,5.7506237940139675,-0.6491075894875568,51.129419338611164,7.724457030838266,True,False,False,False,False,0.0,0.0,0.0,0.0,0.0,0,0.9296264118158121,0.9678540399652477,False,False,False,False,-0.04494150862642132,-0.028148994297575267,False,False,False,False,2232949.0,1700540.7778000506,False,False,False,False,54125.07708099504,False,False,False,False
2025-06-27 19:00:00+00:00,5.695,5.725,5.69,5.725,72672.0,,,,,,,,,,,,,,,,,5.731003929825466,5.702662603817092,5.705029727658173,5.71942004831653,5.751037786887043,5.753977878987739,5.850944918582801,,,,,,,,,,,,,,5.710540008954391,5.718310225647271,5.71758661563917,5.723600545714971,5.778040521609607,5.803708953155828,5.763624680823136,5.72743169473722,5.69754223400148,5.697983530992464,5.67706041913887,5.67513270077008,5.65692538064082,5.579852869837133,,5.803708953155828,5.65692538064082,,5.744868127724977,5.709095741547317,#000000,0.07722017194329257,5.749870352727781,-0.3220706727517384,51.835020980644614,7.724457030838266,True,False,False,False,False,0.0,0.0,0.0,0.0,0.0,0,0.9246100519930674,0.9670710571923745,False,False,False,False,-0.035162448315365046,-0.03165572130647015,False,False,False,False,2305621.0,1709921.8665163289,False,False,False,False,54412.62627353775,False,False,False,False
2025-06-30 14:00:00+00:00,5.675,5.7,5.675,5.695,14154.0,,,,,,,,,,,,,,,,,5.729216912481654,5.702484574569355,5.704826127153912,5.719128279651186,5.750716776738125,5.753647607894084,5.850564080792157,,,,,,,,,,,,,5.6899999999999995,5.710138690262554,5.718075953301781,5.717362114344776,5.723370950512876,5.777707788290427,5.803513215536679,5.7635118545904405,5.727382747732174,5.697533796509923,5.69797589177773,5.67707183797504,5.675145755488847,5.6569528724286,5.579930660207349,,5.803513215536679,5.6569528724286,,5.744369194182925,5.70771160859728,#000000,0.0760400558264315,5.747684761952327,-0.692855382334071,49.13437004742667,5.631148187698194,True,False,False,False,False,0.0,0.0,0.0,0.0,0.0,1,0.9190353143841514,0.9655469422911285,False,False,False,False,-0.0508129509631532,-0.04123433613481167,False,False,False,False,2291467.0,1718938.0701362307,False,False,False,False,53788.46152511081,False,False,False,False
2025-06-30 15:00:00+00:00,5.695,5.695,5.68,5.685,13826.0,,,,,,,,,,,,,,,,,5.727479444529765,5.70227028013952,5.70458896854859,5.718816824344003,5.750389412055514,5.753311541686157,5.850186117564653,,,,,,,,,,,,,5.688352871098403,5.709699102105982,5.717824094775614,5.717120026490776,5.723127583660238,5.77737292441707,5.803317067828491,5.763396993992117,5.727330806101467,5.697521934146117,5.6979653309449,5.677080101817111,5.675155628901264,5.65697697875994,5.580004243879564,,5.803317067828491,5.65697697875994,,5.743863226981172,5.707483045927939,"rgba(239, 83, 80, 0.5)",0.07554772967770908,5.747280741435996,-0.8243893191984681,46.41857630047218,2.9059858316120426,False,False,False,True,False,0.0,0.0,0.0,0.0,0.0,1,0.9232096635030197,0.9646246764452115,False,False,False,False,-0.0508129509631532,-0.04602364354898243,False,False,False,False,2277641.0,1727600.131064351,False,False,False,False,53168.88847820987,False,False,False,False
2025-06-30 16:00:00+00:00,5.685,5.715,5.68,5.715,16786.0,,,,,,,,,,,,,,,,,5.726338934817558,5.702287482274325,5.704569370264027,5.718638539067876,5.750099215840148,5.753008942699705,5.849776106047053,,,,,,,,,,,,,5.693970126137395,5.709557577250588,5.717684383029862,5.71698926763432,5.7229695126147755,5.777043761956849,5.803113708944877,5.763288193850556,5.727293695870188,5.6975296256732735,5.697971410007072,5.677107525408297,5.675184916589177,5.657022593520038,5.580107382982675,,5.803113708944877,5.657022593520038,,5.743531227287241,5.707788912097996,"rgba(239, 83, 80, 0.5)",0.07430203760859827,5.747333603843591,-0.4351644299974064,48.04781088386737,2.9059858316120426,True,False,False,True,False,0.0,0.0,0.0,0.0,0.0,1,0.9229437229437228,0.9662337662337666,False,False,False,False,-0.04298506903411882,-0.044504356291550626,False,False,False,False,2294427.0,1736388.1445362214,False,False,False,False,52604.812687850026,False,False,False,False
2025-06-30 17:00:00+00:00,5.715,5.72,5.7,5.715,10828.0,,,,,,,,,,,,,,,,,5.725905109090413,5.702384373325447,5.704640115598992,5.71858713668978,5.749946932643229,5.752848104456997,5.84952781743576,,,,,,,,,,,,,5.697416867527671,5.709587396303936,5.717647188266151,5.716956901785107,5.722911586996423,5.776856810327478,5.8029938873586655,5.763227945886574,5.727278122858968,5.6975416849369855,5.697981407197134,5.6771307962982,5.675209360184567,5.657057256399261,5.580178315624124,,5.8029938873586655,5.657057256399261,,5.743405655605803,5.707998368530083,#000000,0.07199236696273903,5.747410163813258,-0.4501888905810395,49.13396727279749,2.9059858316120426,True,False,False,False,False,0.0,0.0,0.0,0.0,0.0,1,0.9210069444444443,0.9670138888888892,False,False,False,False,-0.03320750240921643,-0.038855929350383525,False,False,False,False,2294427.0,1745039.90973721,False,False,False,False,51957.11016555777,False,False,False,False
2025-06-30 18:00:00+00:00,5.715,5.75,5.715,5.74,15868.0,,,,,,,,,,,,,,,,,5.726282827066726,5.702870772491706,5.7050772156048675,5.718762575179382,5.749860641880626,5.752746925080755,5.84922688035918,,,,,,,,,,,,,5.7057621299898305,5.710103237102077,5.717802956119255,5.71711626761367,5.723001697748205,5.776682136614887,5.802863577852698,5.763179748600394,5.727289383399196,5.697588452193753,5.698020965466745,5.677187844656983,5.675268010499337,5.657129644581581,5.580300548309129,,5.802863577852698,5.657129644581581,,5.743546833951892,5.708619773383182,"rgba(38, 166, 154, 1.0)",0.07024089822731891,5.747880919304051,-0.11219844140583088,52.385442989743886,2.9059858316120426,True,False,True,False,True,0.4396450556713134,0.0,0.0,0.0,0.0,1,0.9228100607111881,0.9618386816999135,False,False,False,False,-0.015622609837963158,-0.027239269594173342,False,False,False,False,2310295.0,1753803.5545474857,False,False,False,False,51397.58907771967,False,False,False,False
2025-06-30 19:00:00+00:00,5.735,5.745,5.71,5.73,43099.0,,,,,,,,,,,,,,,,,5.726490681135936,5.703861992065987,5.705952408394901,5.719032599417127,5.7495282963109435,5.752376721539189,5.848370189118895,,,,,,,,,,,,,5.714253643619265,5.711055799175664,5.718053587449971,5.717379059934059,5.723107503096892,5.776140263899814,5.802477629691041,5.763018892693517,5.727293501948433,5.697692358340603,5.698108690503637,5.677324424523309,5.6754090164397875,5.657308806347497,5.580617306739733,,5.802477629691041,5.657308806347497,,5.743658983997569,5.709282698960215,"rgba(38, 166, 154, 1.0)",0.06813308386616532,5.748290466665722,-0.26845205923233617,53.267728948979816,-2.6537027067668504,True,False,True,False,True,0.0,0.0,0.0,0.0,0.0,1,0.9229437229437228,0.9610389610389612,False,False,False,False,-0.019529146307105116,-0.02338420795063923,False,False,False,False,2267196.0,1761763.127345199,False,False,False,False,51268.92878194107,False,False,False,False
2025-07-01 14:00:00+00:00,5.75,5.76,5.71,5.735,36640.0,,,,,,,,,,,,,,,,,5.727165800161826,5.7048594781127715,5.706852917626642,5.719406611116937,5.749340087380217,5.752155563791829,5.847691298417258,,,,,,,,,,,,,5.71928103429651,5.712074196303127,5.718389679102104,5.717723160957154,5.7233048101956685,5.775751980746137,5.80218187148739,5.762909366710661,5.7273192625370966,5.697799241304996,5.6981992322459165,5.677455064090509,5.675543328639555,5.65747464085279,5.58089763562253,,5.80218187148739,5.65747464085279,,5.743924536658212,5.70975363367281,"rgba(38, 166, 154, 1.0)",0.06552951332883471,5.748635660811561,-0.20808426797152513,54.388408856494394,-1.2845293834875022,True,False,True,False,True,0.09433483617509353,0.0,0.0,0.0,0.0,1,0.9224137931034482,0.95948275862069,False,False,False,False,-0.013669527836340976,-0.018526867893490104,False,False,False,False,2303836.0,1770167.3579289943,False,False,False,False,51042.123684546634,False,False,False,False
2025-07-01 15:00:00+00:00,5.735,5.785,5.735,5.765,27238.0,,,,,,,,,,,,,,,,,5.729087331690711,5.7061808282309014,5.7080877047307075,5.7201298862737175,5.74945766520858,5.752244708433038,5.847310044313752,,,,,,,,,,,,,5.725751031631725,5.713594160416935,5.719018461620525,5.718351960208498,5.723772185094551,5.775653844077982,5.802050287818705,5.7629057659682505,5.727404402707924,5.697934974444496,5.69831481786941,5.677596625151452,5.675687390309435,5.657639711078399,5.58114131971072,,5.802050287818705,5.657639711078399,,5.744642595554487,5.710454462540601,"rgba(38, 166, 154, 1.0)",0.06272469519562615,5.749354476522508,0.24943163818805905,57.931655014351946,2.2903454742730247,True,False,True,False,True,2.1941868710862913,0.0,0.0,0.0,0.0,1,0.9318377911993098,0.9551337359792927,False,False,False,False,0.005858015426816396,-0.006334426233336854,False,False,False,False,2331074.0,1778863.5849378472,False,False,False,False,50673.06750339087,False,False,False,False
2025-07-01 16:00:00+00:00,5.765,5.8,5.745,5.745,19633.0,,,,,,,,,,,,,,,,,5.730409068689126,5.707123239291711,5.708970412225207,5.720656362208782,5.749552413745132,5.752319118101947,5.847042634788226,,,,,,,,,,,,,5.729476208987978,5.714669232892014,5.719477744057318,5.718811163600091,5.724116573819202,5.775592279717806,5.801959864361041,5.7629066570871545,5.727468482497533,5.698035002083711,5.698400055556042,5.677700383781937,5.6757929377110985,5.657760269856516,5.581318176667106,,5.801959864361041,5.657760269856516,,5.745153321292875,5.7108990021784365,"rgba(38, 166, 154, 1.0)",0.05968951195842256,5.750740614714446,-0.09617459627487929,57.548248248760764,2.2903454742730247,True,False,True,False,True,0.749621626907377,0.0,0.0,0.0,0.0,1,0.9409722222222223,0.9435763888888892,False,False,False,False,0.015622531712398375,0.0046440527395307605,False,False,False,False,2311441.0,1787120.5991248575,False,False,False,False,50191.82614674915,False,False,False,False
2025-07-01 17:00:00+00:00,5.745,5.77,5.735,5.765,16674.0,,,,,,,,,,,,,,,,,5.731242435374721,5.707807473099444,5.709608973617809,5.72102522808546,5.749593433185541,5.7523437547261445,5.84679888110648,,,,,,,,,,,,,5.7315874180039055,5.715426266542127,5.719802226435242,5.719136554476365,5.724355457442666,5.775512302813265,5.80187020297178,5.7628956315407915,5.727512642432685,5.698111065310411,5.6984648569315555,5.677781462357681,5.675875566688864,5.657855990818833,5.581462617532072,,5.80187020297178,5.657855990818833,,5.745488597027943,5.711176684153216,"rgba(38, 166, 154, 1.0)",0.05719864233250234,5.750875001939402,0.24694638691749493,59.089683225378465,3.8519690860120406,True,False,True,False,True,2.1408882341635476,0.0,0.0,0.0,0.0,0,0.9451697127937336,0.944299390774587,False,False,False,False,-3.9053250493180314e-08,0.002322006843140134,False,False,False,False,2328115.0,1795508.109215945,False,False,False,False,49672.1699274197,False,False,False,False
2025-07-01 18:00:00+00:00,5.765,5.77,5.755,5.765,4707.0,,,,,,,,,,,,,,,,,5.731527401778512,5.70802311257863,5.709811254925771,5.721147215674649,5.749615760788323,5.752361306782632,5.8467353802866215,,,,,,,,,,,,,5.73226832928539,5.71566881140072,5.719909184425927,5.719243538475674,5.724436043126295,5.775497791330214,5.801848679581116,5.7628958497546625,5.727527929548657,5.698134942532478,5.698485216390661,5.677806252126005,5.675900784213483,5.657884799781517,5.581504899408195,,5.801848679581116,5.657884799781517,,5.745603061830734,5.711267536758734,"rgba(38, 166, 154, 1.0)",0.055229496623581044,5.750990562521404,0.25365861242729043,60.117306543123604,5.111805087304873,True,False,True,False,True,2.1408882341635476,0.0,0.0,0.0,0.0,0,0.9519230769230769,0.9388111888111892,False,False,False,False,0.00781076974624636,0.005066388294693247,False,False,False,False,2328115.0,1803765.5803908915,False,False,False,False,48975.035509940324,False,False,False,False
2025-07-01 19:00:00+00:00,5.765,5.77,5.755,5.765,43256.0,,,,,,,,,,,,,,,,,5.73392708324249,5.709929060979756,5.711601229267485,5.722236161237861,5.749817597596965,5.752520018133753,5.846156318213396,,,,,,,,,,,,,5.737383296093142,5.717787855117894,5.720868032690648,5.720202968922301,5.725161292338754,5.775366036478199,5.801652005619661,5.7628978449378385,5.727667805295574,5.6983535516684665,5.69867171742726,5.678033392243309,5.676131847058333,5.658148811034921,5.581892539394221,,5.801652005619661,5.658148811034921,,5.7465982098102435,5.712014599754701,"rgba(38, 166, 154, 1.0)",0.05376098253603725,5.75187523447658,0.2441318016206695,60.8023887549537,6.077215253655233,True,False,True,False,True,2.1408882341635476,0.0,0.0,0.0,0.0,0,0.955302366345311,0.9333917616126208,False,False,False,False,0.0009969391826144783,0.0030316637386538624,False,False,False,False,2328115.0,1811895.0287569242,False,False,False,False,48886.36829273194,False,False,False,False
2025-07-02 14:00:00+00:00,5.745,5.765,5.68,5.69,32195.0,,,,,,,,,,,,,,,,,5.7327435152155735,5.709972512087615,5.711602818560336,5.722036925033389,5.749404321689673,5.752084866935953,5.845464899924737,,,,,,,,,,,,,5.7345757828536295,5.717591797075785,5.720719256482175,5.720066915447145,5.724976584483489,5.774856630503865,5.801311299898265,5.7627245340839695,5.727621415134811,5.698386693058189,5.698699474387543,5.678099742684129,5.67620160597953,5.658248354814502,5.582098132425423,,5.801311299898265,5.658248354814502,,5.746187122778182,5.711745214620831,#000000,0.052352323403671776,5.750736957278427,-1.1601578178317642,52.97414736089577,8.113728170655122,True,False,False,False,False,0.0,0.0,0.0,0.0,0.0,0,0.9415867480383608,0.9398430688753273,False,False,False,False,-0.03311243660451298,-0.01504038643292956,False,False,False,False,2295920.0,1819399.291876972,False,False,False,False,48627.58738896865,False,False,False,False
2025-07-02 15:00:00+00:00,5.695,5.705,5.665,5.685,16196.0,,,,,,,,,,,,,,,,,5.731499773744497,5.709662269084762,5.711281710749573,5.721689013034302,5.749055254485269,5.751727317990907,5.84505096731991,,,,,,,,,,,,5.685,5.7319948462445085,5.717074982588676,5.720431062640616,5.719787989750102,5.724703202805903,5.774496587222106,5.801090182710039,5.7625924865102895,5.727559344061625,5.698369949793326,5.698684769755888,5.678106583824463,5.676210286378862,5.658273362821344,5.582180076374224,,5.801090182710039,5.658273362821344,,5.745709472344174,5.709784732092623,"rgba(239, 83, 80, 1.0)",0.050706450715279155,5.746018754085344,-1.203372612845049,47.39321224172433,3.150524008425414,False,True,False,True,False,0.0,0.0,0.0,0.0,0.0,0,0.936411149825784,0.9494773519163766,False,False,False,False,-0.2878868244742487,-0.1514636054535891,False,False,False,False,2279724.0,1826536.1090571738,False,False,False,False,48124.77208061254,False,False,False,False
2025-07-02 16:00:00+00:00,5.685,5.72,5.675,5.71,29075.0,,,,,,,,,,,,,,,,,5.730166937875089,5.709487838142702,5.7110777830056225,5.72135696663697,5.748598613839358,5.751252875260472,5.844390035546488,,,,,,,,,,,,5.6957040563127235,5.729402675093701,5.716648498106984,5.720163155958088,5.719532875150062,5.724423823854721,5.773976455155833,5.800752022874195,5.7624072344269885,5.727491826560027,5.698377335403989,5.698690504562576,5.678148441943072,5.6762552929985235,5.658346062926614,5.582350647039636,,5.800752022874195,5.658346062926614,,5.745190150043816,5.710166931772983,"rgba(239, 83, 80, 1.0)",0.049266054684143794,5.7457137489771695,-0.7249159529038545,46.663442961562744,2.6587869980546586,False,True,False,True,False,0.0,0.0,0.0,0.0,0.0,0,0.9244186046511627,0.9641472868217058,False,False,False,False,-0.27107264785326535,-0.21126812665342723,False,False,False,False,2308799.0,1834013.053102799,False,False,False,False,47829.42677703715,False,False,False,False
2025-07-02 17:00:00+00:00,5.715,5.74,5.71,5.735,55854.0,,,,,,,,,,,,,,,,,5.730022007750239,5.7102458651399495,5.711753313020996,5.721572357724477,5.748230296510505,5.750843056336327,5.843371371327952,,,,,,,,,,,,5.713726065100948,5.7292518603435605,5.717238435498668,5.720381260086635,5.7197646124611365,5.724512832333782,5.773358729144117,5.800281923415051,5.762209360420439,5.727496020879542,5.698505703782915,5.698799618140723,5.6783191408380285,5.676431570307855,5.6585705908835155,5.582749884914408,,5.800281923415051,5.6585705908835155,,5.745148323972921,5.711349850534457,#000000,0.04492065076177974,5.746442871737736,-0.2547352174041075,48.67308572804514,2.6587869980546586,False,True,False,False,False,0.07699450493702287,0.0,0.0,0.0,0.0,0,0.9214711729622266,0.9751491053677936,False,False,False,False,-0.2345879588880701,-0.22292804277074868,False,False,False,False,2364653.0,1842240.029023686,False,False,False,False,47953.83876499006,False,False,False,False
2025-07-02 18:00:00+00:00,5.735,5.755,5.715,5.72,37246.0,,,,,,,,,,,,,,,,,5.730020905840597,5.710761883354397,5.7122175427691255,5.721742369588194,5.748011995015866,5.750597458201753,5.842711658356124,,,,,,,,,,,,5.718106599889668,5.729316173331025,5.717654089359279,5.720549493723827,5.719941240825973,5.724594893693339,5.772970917775532,5.799979000461222,5.762085110594828,5.727504315926728,5.698595445064256,5.698876015737574,5.678436098546066,5.676552211848548,5.658723075376456,5.5830179375485605,,5.799979000461222,5.658723075376456,,5.745151973303722,5.71168141373143,#000000,0.04160896906080756,5.746604391986825,-0.6393907993237053,48.529465125121874,2.6587869980546586,False,True,False,False,False,0.0,0.0,0.0,0.0,0.0,0,0.9023904382470119,0.9701195219123511,False,False,False,False,-0.22147614005631874,-0.2222020914135337,False,False,False,False,2327407.0,1849761.9975659542,False,False,False,False,47787.825760881686,False,False,False,False
2025-07-02 19:00:00+00:00,5.715,5.72,5.68,5.69,53005.0,,,,,,,,,,,,,,,,,5.727802371116599,5.710256682383824,5.711674173956419,5.721042574117199,5.74715166997112,5.74970802064629,5.841512176014021,,,,,,,,,,,,5.7121684275980265,5.725757344876751,5.7167243814000175,5.719969477472969,5.719383363714294,5.724012890928058,5.772011877504202,5.799349172116828,5.761727941841711,5.7273596174362975,5.698587655335038,5.6988683437021255,5.678494623366117,5.676616472296146,5.65883799835551,5.583311596056756,,5.799349172116828,5.65883799835551,,5.744163952600782,5.710823824000053,"rgba(239, 83, 80, 1.0)",0.03995211097261471,5.745126897888313,-1.3798244084298696,45.86592868238656,1.744992922105574,False,True,False,True,False,0.0,0.0,0.0,0.0,0.0,0,0.8983903420523137,0.9808853118712277,False,False,False,False,-0.2677279733833816,-0.24496503239845765,False,False,False,False,2274402.0,1856345.5634951643,False,False,False,False,47868.712183193595,False,False,False,False
2025-07-03 14:00:00+00:00,5.73,5.775,5.725,5.755,31267.0,,,,,,,,,,,,,,,,,5.728703359121333,5.711114076295142,5.712481831485319,5.721538548664744,5.747195859255376,5.749726891839563,5.841078990477479,,,,,,,,,,,,5.717715385916765,5.7273226264152495,5.717614207809603,5.720417156772402,5.719833461159442,5.724348705349219,5.771862146526159,5.799178312480066,5.761695642089555,5.727426711473213,5.698713808690817,5.698976274916762,5.678632926747909,5.676757641186926,5.65900355426971,5.583567815524536,,5.799178312480066,5.65900355426971,,5.744548508162708,5.711441648583021,#000000,0.03910312077125059,5.745808873266129,0.23504841947623797,49.64337167578581,1.744992922105574,False,False,False,False,True,1.493464290522926,0.0,0.0,0.0,0.0,0,0.8848848848848849,0.9749749749749753,False,False,False,False,-0.20194653965194514,-0.22345578602520139,False,False,False,False,2305669.0,1863311.8183246965,False,False,False,False,47611.32129663245,False,False,False,False
2025-07-03 15:00:00+00:00,5.755,5.805,5.755,5.795,48792.0,,,,,,,,,,,,,,,,,5.73183559019562,5.713426616460648,5.714697387043903,5.723102880932871,5.747764553074432,5.75024937042135,5.840660211538854,,,,,,,,,,,,5.729810181688678,5.732291725156369,5.720189701069111,5.721809858127816,5.721221073638989,5.725476667559849,5.7720113150038515,5.799099472648505,5.7618118071368,5.727673638409571,5.699032648058148,5.699249817156007,5.678945734971675,5.677074432983366,5.659353238691229,5.58404506669535,,5.799099472648505,5.659353238691229,,5.745962372809667,5.713068523687207,"rgba(38, 166, 154, 1.0)",0.03826260611908165,5.74787528499594,1.2316127881461392,54.47945433117238,-1.802034472785195,True,False,True,False,True,4.086398577357066,0.0,0.0,0.0,0.0,0,0.8819938962360122,0.9898270600203465,False,False,False,False,-0.0861026273431432,-0.15477920668417228,False,False,False,False,2354461.0,1870926.5343196623,False,False,False,False,47629.62639280869,False,False,False,False
2025-07-03 16:00:00+00:00,5.795,5.81,5.79,5.795,24758.0,,,,,,,,,,,,,,,,5.798333333333333,5.733661394109507,5.714753990945915,5.715974163068272,5.724032234940341,5.748147630084628,5.750608077514895,5.840500430482639,,,,,,,,,,,,5.735537853134048,5.735057866982914,5.721676357787949,5.722638136079557,5.7220453383012835,5.726157768692831,5.772162095043698,5.7990973170286635,5.761903949023653,5.727827079617672,5.6992184868143765,5.699409432384917,5.679123624146028,5.677254242539188,5.659548684499171,5.584302379657761,,5.7990973170286635,5.659548684499171,,5.753251406809941,5.713935038233357,"rgba(38, 166, 154, 1.0)",0.03662532476868126,5.750163029272852,1.2242067752389807,57.70350943476342,1.154914498807841,True,False,True,False,True,4.086398577357066,0.0,0.0,0.0,0.0,0,0.9248120300751881,0.986036519871107,False,False,False,False,-0.049767150770261316,-0.10227317872721679,False,False,False,False,2354461.0,1878423.192702303,False,False,False,False,47275.02753400546,False,False,False,False
2025-07-03 17:00:00+00:00,5.8,5.8,5.795,5.795,0.0,,,,,,,,,,,,,,,,5.798333333333333,5.733661394109507,5.714753990945915,5.715974163068272,5.724032234940341,5.748147630084628,5.750608077514895,5.840500430482639,,,,,,,,,,,,5.735537853134048,5.735057866982914,5.721676357787949,5.722638136079557,5.7220453383012835,5.726157768692831,5.772162095043698,5.7990973170286635,5.761903949023653,5.727827079617672,5.6992184868143765,5.699409432384917,5.679123624146028,5.677254242539188,5.659548684499171,5.584302379657761,,5.7990973170286635,5.659548684499171,,5.753251406809941,5.713935038233357,"rgba(38, 166, 154, 1.0)",0.03694749135075448,5.750163029272852,1.2135322071394725,59.85287950382411,3.180343433921955,True,False,True,False,True,4.086398577357045,0.0,0.0,0.0,0.0,0,0.9177489177489178,0.9880952380952387,False,False,False,False,-0.05429995556297584,-0.07828656714509631,False,False,False,False,2354461.0,1885803.6238231973,False,False,False,False,46542.08137068754,False,False,False,False
2025-07-03 18:00:00+00:00,5.795,5.795,5.795,5.795,0.0,,,,,,,,,,,,,,,,5.798333333333333,5.733661394109507,5.714753990945915,5.715974163068272,5.724032234940341,5.748147630084628,5.750608077514895,5.840500430482639,,,,,,,,,,,,5.735537853134048,5.735057866982914,5.721676357787949,5.722638136079557,5.7220453383012835,5.726157768692831,5.772162095043698,5.7990973170286635,5.761903949023653,5.727827079617672,5.6992184868143765,5.699409432384917,5.679123624146028,5.677254242539188,5.659548684499171,5.584302379657761,,5.7990973170286635,5.659548684499171,,5.753251406809941,5.713935038233357,"rgba(38, 166, 154, 1.0)",0.037499309302907895,5.750163029272852,1.1956745753626656,61.285792883197914,4.657544592428657,True,False,True,False,True,4.086398577357045,0.0,0.0,0.0,0.0,0,0.9150326797385622,0.9891067538126368,False,False,False,False,-0.05312692723181266,-0.06570674718845448,False,False,False,False,2354461.0,1893069.6296553956,False,False,False,False,45820.498713777655,False,False,False,False
2025-07-03 19:00:00+00:00,5.795,5.795,5.795,5.795,0.0,,,,,,,,,,,,,,,,5.798333333333333,5.733661394109507,5.714753990945915,5.715974163068272,5.724032234940341,5.748147630084628,5.750608077514895,5.840500430482639,,,,,,,,,,,,5.735537853134048,5.735057866982914,5.721676357787949,5.722638136079557,5.7220453383012835,5.726157768692831,5.772162095043698,5.7990973170286635,5.761903949023653,5.727827079617672,5.6992184868143765,5.699409432384917,5.679123624146028,5.677254242539188,5.659548684499171,5.584302379657761,,5.7990973170286635,5.659548684499171,,5.753251406809941,5.713935038233357,"rgba(38, 166, 154, 1.0)",0.037972014350977315,5.750163029272852,1.1807898920693853,62.241068469447114,5.810766730328766,True,False,True,False,True,4.086398577357066,0.0,0.0,0.0,0.0,0,0.9184123484013232,0.9900771775082696,False,False,False,False,-0.013200868129793061,-0.03945380765912377,False,False,False,False,2354461.0,1900222.9842343817,False,False,False,False,45110.10338488188,False,False,False,False
2025-07-04 14:00:00+00:00,5.795,5.795,5.795,5.795,0.0,,,,,,,,,,,,,,,,5.798333333333333,5.733661394109507,5.714753990945915,5.715974163068272,5.724032234940341,5.748147630084628,5.750608077514895,5.840500430482639,,,,,,,,,,,,5.735537853134048,5.735057866982914,5.721676357787949,5.722638136079557,5.7220453383012835,5.726157768692831,5.772162095043698,5.7990973170286635,5.761903949023653,5.727827079617672,5.6992184868143765,5.699409432384917,5.679123624146028,5.677254242539188,5.659548684499171,5.584302379657761,,5.7990973170286635,5.659548684499171,,5.753251406809941,5.713935038233357,"rgba(38, 166, 154, 1.0)",0.03850143322471659,5.750163029272852,1.1645532898854234,62.87791886027992,6.767829944699599,True,False,True,False,True,4.086398577357066,0.0,0.0,0.0,0.0,0,0.9313063063063064,0.9842342342342347,False,False,False,False,0.023575669206447835,-0.007939069226337967,False,False,False,False,2354461.0,1907265.434091213,False,False,False,False,44410.72193705425,False,False,False,False
2025-07-04 15:00:00+00:00,5.795,5.795,5.795,5.795,0.0,,,,,,,,,,,,,,,,5.798333333333333,5.733661394109507,5.714753990945915,5.715974163068272,5.724032234940341,5.748147630084628,5.750608077514895,5.840500430482639,,,,,,,,,,,,5.735537853134048,5.735057866982914,5.721676357787949,5.722638136079557,5.7220453383012835,5.726157768692831,5.772162095043698,5.7990973170286635,5.761903949023653,5.727827079617672,5.6992184868143765,5.699409432384917,5.679123624146028,5.677254242539188,5.659548684499171,5.584302379657761,,5.7990973170286635,5.659548684499171,,5.753251406809941,5.713935038233357,"rgba(38, 166, 154, 1.0)",0.039206659665917784,5.750163029272852,1.1436059870747999,63.30248578750178,7.599279942886824,True,False,True,False,True,4.086398577357045,0.0,0.0,0.0,0.0,0,0.9340909090909093,0.9681818181818187,False,False,False,False,0.023575669206447835,0.007818299990054935,False,False,False,False,2354461.0,1914198.698678946,False,False,False,False,43722.18361244876,False,False,False,False
2025-07-04 16:00:00+00:00,5.795,5.795,5.795,5.795,0.0,,,,,,,,,,,,,,,,5.798333333333333,5.733661394109507,5.714753990945915,5.715974163068272,5.724032234940341,5.748147630084628,5.750608077514895,5.840500430482639,,,,,,,,,,,,5.735537853134048,5.735057866982914,5.721676357787949,5.722638136079557,5.7220453383012835,5.726157768692831,5.772162095043698,5.7990973170286635,5.761903949023653,5.727827079617672,5.6992184868143765,5.699409432384917,5.679123624146028,5.677254242539188,5.659548684499171,5.584302379657761,,5.7990973170286635,5.659548684499171,,5.753251406809941,5.713935038233357,"rgba(38, 166, 154, 1.0)",0.03949717745642043,5.750163029272852,1.135194300317255,63.58553040564969,8.342553498422383,True,False,True,False,True,4.086398577357045,0.0,0.0,0.0,0.0,0,0.955710955710956,0.9638694638694645,False,False,False,False,0.023575669206447835,0.015696984598251383,False,False,False,False,2354461.0,1921024.4707924505,False,False,False,False,43044.32030062785,False,False,False,False
2025-07-04 17:00:00+00:00,5.795,5.795,5.795,5.795,0.0,,,,,,,,,,,,,,,,5.798333333333333,5.733661394109507,5.714753990945915,5.715974163068272,5.724032234940341,5.748147630084628,5.750608077514895,5.840500430482639,,,,,,,,,,,,5.735537853134048,5.735057866982914,5.721676357787949,5.722638136079557,5.7220453383012835,5.726157768692831,5.772162095043698,5.7990973170286635,5.761903949023653,5.727827079617672,5.6992184868143765,5.699409432384917,5.679123624146028,5.677254242539188,5.659548684499171,5.584302379657761,,5.7990973170286635,5.659548684499171,,5.753251406809941,5.713935038233357,"rgba(38, 166, 154, 1.0)",0.040088528160647445,5.750163029272852,1.1184489125535289,63.7742268177483,9.01664586552831,True,False,True,False,True,4.086398577357045,0.0,0.0,0.0,0.0,0,0.9508196721311477,0.9555035128805626,False,False,False,False,0.023575669206447835,0.019636326902349607,False,False,False,False,2354461.0,1927744.4169817148,False,False,False,False,42376.96649751734,False,False,False,False
2025-07-04 18:00:00+00:00,5.795,5.795,5.795,5.795,0.0,,,,,,,,,,,,,,,,5.798333333333333,5.733661394109507,5.714753990945915,5.715974163068272,5.724032234940341,5.748147630084628,5.750608077514895,5.840500430482639,,,,,,,,,,,,5.735537853134048,5.735057866982914,5.721676357787949,5.722638136079557,5.7220453383012835,5.726157768692831,5.772162095043698,5.7990973170286635,5.761903949023653,5.727827079617672,5.6992184868143765,5.699409432384917,5.679123624146028,5.677254242539188,5.659548684499171,5.584302379657761,,5.7990973170286635,5.659548684499171,,5.753251406809941,5.713935038233357,"rgba(38, 166, 154, 1.0)",0.040622188052332794,5.750163029272852,1.1037556782855968,63.90002442581404,9.63082036208096,True,False,True,False,True,4.086398577357066,0.0,0.0,0.0,0.0,0,0.9514218009478675,0.96090047393365,False,False,False,False,0.023575669206447835,0.021605998054398723,False,False,False,False,2354461.0,1934360.1779587422,False,False,False,False,41719.959264997684,False,False,False,False
2025-07-04 19:00:00+00:00,5.795,5.795,5.795,5.795,0.0,,,,,,,,,,,,,,,,5.798333333333333,5.733661394109507,5.714753990945915,5.715974163068272,5.724032234940341,5.748147630084628,5.750608077514895,5.840500430482639,,,,,,,,,,,,5.735537853134048,5.735057866982914,5.721676357787949,5.722638136079557,5.7220453383012835,5.726157768692831,5.772162095043698,5.7990973170286635,5.761903949023653,5.727827079617672,5.6992184868143765,5.699409432384917,5.679123624146028,5.677254242539188,5.659548684499171,5.584302379657761,,5.7990973170286635,5.659548684499171,,5.753251406809941,5.713935038233357,"rgba(38, 166, 154, 1.0)",0.040896705741874435,5.750163029272852,1.096346757368253,63.98388949785786,10.189628298101347,True,False,True,False,True,4.086398577357066,0.0,0.0,0.0,0.0,0,0.9462365591397852,0.9617682198327365,False,False,False,False,0.023575669206447835,0.02259083363042328,False,False,False,False,2354461.0,1940873.3689981415,False,False,False,False,41073.13819112175,False,False,False,False
2025-07-07 14:00:00+00:00,5.775,5.805,5.74,5.755,44937.0,,,,,,,,,,,,,,,,5.777915728053184,5.735228137819328,5.716186382415217,5.717340897473129,5.724967223453943,5.748398807040927,5.750822610756359,5.839997987168454,,,,,,,,,,,,5.739638446730962,5.737291088212265,5.723178050954466,5.723486446468677,5.7228945756041165,5.726833655493896,5.772105546342513,5.798932540114168,5.7619256593984725,5.727979563863322,5.6994468205465845,5.69960551200593,5.6793597412863335,5.677494246392164,5.6598214048464515,5.5846989736025225,,5.798932540114168,5.6598214048464515,,5.751357221772567,5.714668266991428,"rgba(38, 166, 154, 0.75)",0.04080518426695301,5.750041415341653,0.12151849691223392,56.075473875477115,10.204842756536436,True,False,True,False,False,0.7493860299051605,0.0,0.0,0.0,0.0,0,0.9356376638855783,0.9618593563766394,False,False,False,False,-0.029472924001332283,-0.003441045185454501,False,False,False,False,2309524.0,1946588.8826570848,False,False,False,False,41133.043025367915,False,False,False,False
2025-07-07 15:00:00+00:00,5.755,5.755,5.72,5.745,42117.0,,,,,,,,,,,,,,,,5.763633748315625,5.7354313975554065,5.71678669660981,5.717899365710445,5.725269986110009,5.748293381365106,5.750688776114412,5.839364240724864,,,,,,,,,,,,5.7396781796943825,5.7374593269050695,5.7236883371494285,5.723779361655291,5.723194350473847,5.72703637858963,5.771798865909975,5.798653230427193,5.761832384023996,5.72802363242154,5.699575083820897,5.699715585780814,5.679512647034158,5.677651102875236,5.660012272296274,5.5850148736280945,,5.798653230427193,5.660012272296274,,5.74967094906321,5.714789100792864,"rgba(239, 83, 80, 1.0)",0.04065344638157548,5.7493720047921455,-0.10754327569450109,49.5307813670045,4.363913659702511,False,True,False,True,False,0.0,0.0,0.0,0.0,0.0,0,0.9295101553166072,0.9725209080047795,False,False,False,False,-0.11243577693729663,-0.057938411061375567,False,False,False,False,2267407.0,1951562.806956975,False,False,False,False,41148.298172261435,False,False,False,False
2025-07-07 16:00:00+00:00,5.745,5.75,5.705,5.72,12009.0,,,,,,,,,,,,,,,,5.759886785494114,5.7353062240368144,5.716845311777899,5.717948917686029,5.725268444526436,5.748210308513358,5.750598515000141,5.839157949927745,,,,,,,,,,,,5.739232214902071,5.7372425307175146,5.723699584983426,5.723785504178292,5.7232033284711585,5.7270274774938725,5.77167174719973,5.798553830618395,5.761787760167475,5.728020474994839,5.699597992227013,5.699735216072697,5.679545327686199,5.6776849585223195,5.6600563541156195,5.5850960173322175,,5.798553830618395,5.6600563541156195,,5.749152807120318,5.714746269980177,"rgba(239, 83, 80, 1.0)",0.04064790587778398,5.749086554228429,-0.7155732527988867,42.61029301524566,-1.607442565139607,False,True,False,True,False,0.0,0.0,0.0,0.0,0.0,0,0.9354838709677422,0.9629629629629636,False,False,False,False,-0.13637498141505686,-0.09715669623821621,False,False,False,False,2255398.0,1956273.430104929,False,False,False,False,40696.526107575206,False,False,False,False
2025-07-07 17:00:00+00:00,5.725,5.745,5.72,5.735,6349.0,,,,,,,,,,,,,,,,5.758591649381578,5.73529378676927,5.716907287793751,5.718005469163273,5.725292716968659,5.748182310861146,5.75056650240311,5.839057126647656,,,,,,,,,,,,5.739138959093303,5.737206896584729,5.723743063626616,5.723810838484266,5.723229887611125,5.72704201617504,5.77161676988205,5.798507329159316,5.7617695460762475,5.728023406504317,5.6996140546885705,5.699749001145365,5.679565750662904,5.67770598701173,5.660082622809661,5.58514143197345,,5.798507329159316,5.660082622809661,,5.748987106248555,5.714746722593043,"rgba(239, 83, 80, 1.0)",0.04061997023606635,5.749003095876232,-0.34473427220285713,40.950971935356435,-2.7246775525977895,False,True,False,True,False,0.0,0.0,0.0,0.0,0.0,0,0.9366786140979693,0.9629629629629636,False,False,False,False,-0.12438764852479114,-0.11077217238150368,False,False,False,False,2261747.0,1961009.4544443875,False,False,False,False,40164.006322961635,False,False,False,False
2025-07-07 18:00:00+00:00,5.735,5.745,5.705,5.725,13700.0,,,,,,,,,,,,,,,,5.755392889414054,5.735155638821542,5.716972399057229,5.718060512604888,5.725290828251507,5.748088550583146,5.750464619295501,5.838823124490147,,,,,,,,,,,,5.7386725458799335,5.736971424374139,5.723755186351982,5.723817608364118,5.7232398455708795,5.727031907363062,5.7714729678398005,5.798394411801212,5.761718828123129,5.72801981101443,5.6996401096003995,5.699771337052387,5.679602944974125,5.677744519141788,5.660132800574613,5.585233828501844,,5.798394411801212,5.660132800574613,,5.748531070314751,5.71470125478299,"rgba(239, 83, 80, 1.0)",0.04059601009992206,5.748735822384946,-0.5846836259652959,38.774057279135356,-4.589939664522731,False,True,False,True,False,0.0,0.0,0.0,0.0,0.0,0,0.9390681003584231,0.9605734767025096,False,False,False,False,-0.14238307433701888,-0.1265776233592613,False,False,False,False,2248047.0,1965459.6489491255,False,False,False,False,39753.711651287806,False,False,False,False
2025-07-07 19:00:00+00:00,5.725,5.725,5.705,5.715,22139.0,,,,,,,,,,,,,,,,5.750006084007493,5.734727795014977,5.716947083698811,5.718022080824881,5.725184633787812,5.747873694276383,5.750237697702887,5.838413958854272,,,,,,,,,,,,5.737474480543031,5.736307224616348,5.723620825344363,5.723737227771122,5.723165612788314,5.726936418567903,5.771192849614813,5.798187908165569,5.7616149232644105,5.727994838065243,5.699665542864831,5.699793074266789,5.679649710257952,5.677793505261663,5.660201248209628,5.585372217670632,,5.798187908165569,5.660201248209628,,5.7476766285209395,5.714544225454539,"rgba(239, 83, 80, 1.0)",0.04060666079472483,5.748171814462275,-0.8169057443547318,36.31757949675213,-6.866752162571778,False,True,False,True,False,0.0,0.0,0.0,0.0,0.0,0,0.940892641737033,0.967430639324488,False,False,False,False,-0.16652238115225323,-0.14655000225575726,False,False,False,False,2225908.0,1969497.6078801467,False,False,False,False,39480.61534661667,False,False,False,False
2025-07-08 14:00:00+00:00,5.715,5.725,5.69,5.715,44444.0,,,,,,,,,,,,,,,,5.741557497398469,5.7337171328517,5.7167725823738085,5.717824826655722,5.724876452639887,5.747386347010545,5.749727397460279,5.837567719295639,,,,,,,,,,,5.71,5.73494053943378,5.734802061984847,5.723213737011826,5.723490351804024,5.722931735198601,5.7266708174078484,5.770589521704367,5.797751692365633,5.7613854988503155,5.727925814214741,5.699699781430987,5.699822238430375,5.67972999335145,5.677878293695497,5.660325651815789,5.58563846289644,,5.797751692365633,5.660325651815789,,5.746178744460757,5.7139291877409715,"rgba(239, 83, 80, 1.0)",0.040613316060602436,5.743784721823492,-0.7087508387776174,34.67992764182998,-8.498279783654887,False,True,False,True,False,0.0,0.0,0.0,0.0,0.0,0,0.9250302297460704,0.9758162031438943,False,False,False,False,-0.18475239334689597,-0.16565119780132662,False,False,False,False,2225908.0,1973472.9627967335,False,False,False,False,39557.56704666913,False,False,False,False
2025-07-08 15:00:00+00:00,5.715,5.75,5.715,5.745,21362.0,,,,,,,,,,,,,,,,5.741106802119506,5.733773959733159,5.7170099038099105,5.718044910701334,5.724990355902256,5.74732045485805,5.7496482659196415,5.8372491293068824,,,,,,,,,,,5.718656556139765,5.73501381023348,5.734851966746602,5.723404255225113,5.723603192866196,5.7230480166283755,5.726745599147905,5.770429521450605,5.7976068069829,5.761332800841396,5.727941899688199,5.699758554518247,5.699872769574538,5.679802292019486,5.67795258947857,5.660417206392303,5.585793383106056,,5.7976068069829,5.660417206392303,,5.746142972793842,5.714484189472925,"rgba(239, 83, 80, 0.75)",0.040613316060602436,5.744203833365831,0.019603586000731917,39.29564133091862,-8.498279783654887,False,True,False,True,True,0.12969028420809536,0.0,0.0,0.0,0.0,0,0.9263285024154592,0.9722222222222228,False,False,False,False,-0.12438764852479114,-0.14501942316305888,False,False,False,False,2247270.0,1977717.8781022104,False,False,False,False,39275.465231992086,False,False,False,False
2025-07-08 16:00:00+00:00,5.745,5.745,5.705,5.715,37470.0,,,,,,,,,,,,,,,,5.738401780022405,5.733378178508283,5.717105347077309,5.718117624722673,5.724934972585982,5.747046809737777,5.749354023405916,5.8366125221352645,,,,,,,,,,,5.719748667002336,5.734088899985203,5.73426072811057,5.7233621387463955,5.7235745337301385,5.723027803779711,5.726679813960605,5.770029409995674,5.797292177140331,5.761185023815531,5.727921708954925,5.69981948055605,5.699925071838836,5.679895329591253,5.678049277833007,5.660545780510269,5.586037414201355,,5.797292177140331,5.660545780510269,,5.7456189072744515,5.714437838808952,"rgba(239, 83, 80, 0.75)",0.04061597786160771,5.743846957353542,-0.7102366820228533,38.8262903362626,-8.498279783654887,False,True,False,True,True,0.0,0.0,0.0,0.0,0.0,0,0.9275362318840582,0.9734299516908218,False,False,False,False,-0.14238307433701888,-0.14370124875003887,False,False,False,False,2209800.0,1981316.050534734,False,False,False,False,39247.47352296895,False,False,False,False
2025-07-08 17:00:00+00:00,5.715,5.74,5.71,5.735,16750.0,,,,,,,,,,,,,,,,5.737812179162224,5.733305519967211,5.71720728440866,5.718208494241303,5.72496009932535,5.746958000968219,5.749255673428327,5.836346579651492,,,,,,,,,,,5.720946683774072,5.7339159655826,5.734144248886052,5.723415425177904,5.723605809253449,5.723062282578009,5.7266893329034945,5.769877029943386,5.797164695981305,5.7611304036245805,5.727922300149226,5.699854883993929,5.69995551541809,5.679943402442229,5.678098946794024,5.660609331894744,5.586151566884026,,5.797164695981305,5.660609331894744,,5.745506728894098,5.714499283840065,"rgba(239, 83, 80, 0.75)",0.040551602094484246,5.743815962075663,-0.21740107962003458,41.437131591586365,-8.498279783654887,False,True,False,True,True,0.0,0.0,0.0,0.0,0.0,0,0.9297820823244554,0.9733656174334147,False,False,False,False,-0.14238307433701888,-0.1430421615435289,False,False,False,False,2226550.0,1985118.1272706294,False,False,False,False,38898.67548385315,False,False,False,False
2025-07-08 18:00:00+00:00,5.735,5.765,5.735,5.765,32339.0,,,,,,,,,,,,,,,,5.739558040752909,5.733892452761263,5.717858319962955,5.718829669265426,5.725382885882285,5.747031016638117,5.749307098245954,5.835962660943491,,,,,,,,,,,5.728174394819457,5.735071995058285,5.734906591177026,5.72405581828977,5.723999171113953,5.723458035289604,5.72700053388571,5.7697727964211225,5.79701473804087,5.761110787894524,5.727997177434045,5.699986760831916,5.70006916792163,5.680086945740607,5.678245323308008,5.660779873567301,5.5864126810032975,,5.79701473804087,5.660779873567301,,5.74597776805655,5.715184870105713,"rgba(239, 83, 80, 0.75)",0.04039311331898717,5.744573501991786,0.505692587914786,46.59938433769446,-10.407587477383494,False,True,False,True,True,1.7744251277346734,0.0,0.0,0.0,0.0,0,0.9358353510895886,0.9648910411622283,False,False,False,False,-0.08268802897253184,-0.11286509525803037,False,False,False,False,2258889.0,1989362.6369253483,False,False,False,False,38796.97508875465,False,False,False,False
2025-07-08 19:00:00+00:00,5.765,5.77,5.745,5.755,55785.0,,,,,,,,,,,,,,,,5.74210884053749,5.7349079153991305,5.718978261165709,5.719900463578312,5.7261243922809655,5.747179601576649,5.749419021775033,5.835322306104867,,,,,,,,,,,5.735810433181199,5.736937964623792,5.736197275273313,5.725157851152557,5.724690306041116,5.7241530220491015,5.7275525918764965,5.769616287506278,5.796768713807032,5.7610863928496014,5.728133285045876,5.700219620109328,5.700270035208231,5.680338753025729,5.678501972909381,5.661077793561389,5.586865645819053,,5.796768713807032,5.661077793561389,,5.7467426003022695,5.716081055531735,#000000,0.039723140962477414,5.745615651803184,0.2362438611206648,48.763735401553305,-8.3001200498747,False,True,False,False,True,0.9514740289909724,0.0,0.0,0.0,0.0,0,0.938106796116505,0.9648058252427192,False,False,False,False,-0.06491254252802606,-0.08888881889302822,False,False,False,False,2203104.0,1992676.456507901,False,False,False,False,39060.35531993674,False,False,False,False
2025-07-09 14:00:00+00:00,5.735,5.775,5.73,5.77,33774.0,,,,,,,,,,,,,,,,5.7434521150940645,5.735523665616512,5.719654053899236,5.720547873226527,5.7265800610029824,5.747282769166163,5.749500350042161,5.834947725858893,,,,,,,,,,,5.738954761274891,5.738001610810831,5.736964641291139,5.72582300013416,5.725115786499049,5.724580681928337,5.7278955193535985,5.769535298902468,5.796627345829807,5.761077273676668,5.728219839349805,5.700363808146631,5.700394528676764,5.680493713265767,5.678659837689948,5.661260394957669,5.587141395837723,,5.796627345829807,5.661260394957669,,5.747186076738318,5.7165358492720735,"rgba(38, 166, 154, 0.5)",0.03937255640919328,5.746163039441455,0.6054206973713064,51.801456301269155,-5.320022549337345,False,False,True,False,True,2.146759155730109,0.0,0.0,0.0,0.0,0,0.935757575757576,0.9636363636363642,False,False,False,False,-0.07675762407824085,-0.08282322148563454,False,False,False,False,2236878.0,1996462.5269496387,False,False,False,False,38978.39632272841,False,False,False,False
2025-07-09 15:00:00+00:00,5.765,5.79,5.755,5.785,21515.0,,,,,,,,,,,,,,,,5.745116137460182,5.736201244945091,5.72027095808032,5.721143683512488,5.7270274206426635,5.747454892549014,5.74965732362907,5.834767648683603,,,,,,,,,,,5.742034683551031,5.7391885117297265,5.737822444291132,5.726464188588122,5.725527784051398,5.72499254650167,5.728239214720341,5.7695677591224905,5.796580686591153,5.761110099261918,5.728308129658608,5.700484218652137,5.700498563051248,5.680615281005153,5.678783142542548,5.661398261499239,5.587335356898393,,5.796580686591153,5.661398261499239,,5.747704913687803,5.71699711010096,"rgba(38, 166, 154, 1.0)",0.03946808495134548,5.746773290756821,0.968547353901334,55.27192778951064,-1.948618031369982,True,False,True,False,True,3.3273047330582486,0.0,0.0,0.0,0.0,0,0.9490909090909093,0.9515151515151521,False,False,False,False,-0.029472924001332283,-0.05614807274348341,False,False,False,False,2258393.0,2000523.464516311,False,False,False,False,38707.64599214347,False,False,False,False
2025-07-09 16:00:00+00:00,5.785,5.795,5.765,5.79,12750.0,,,,,,,,,,,,,,,,5.746218062949177,5.736656790379889,5.720672758125333,5.721532516160946,5.727323880138863,5.747579008582348,5.7497722449726085,5.834673642040697,,,,,,,,,,,5.7439411960650135,5.739977217514697,5.738397796345929,5.726886041235285,5.7258002704823046,5.725264656389696,5.728468340978486,5.7696047906731085,5.796562360953653,5.761137795308687,5.728367491779699,5.700561624598858,5.700565465427329,5.6806921685147165,5.678861034714728,5.661484523513737,5.5874541536417945,,5.796562360953653,5.661484523513737,,5.748053612918733,5.717295701655161,"rgba(38, 166, 154, 1.0)",0.03989716510957471,5.747176548736563,1.0733457163140572,58.05371076636347,0.7804056196573512,True,False,True,False,True,3.7201786121851654,0.0,0.0,0.0,0.0,0,0.9514563106796118,0.9514563106796122,False,False,False,False,-0.011786373685503088,-0.03396722321449325,False,False,False,False,2271143.0,2004719.1162292361,False,False,False,False,38305.20186823427,False,False,False,False
2025-07-09 17:00:00+00:00,5.785,5.795,5.775,5.78,16471.0,,,,,,,,,,,,,,,,5.747550888185889,5.737232408472246,5.721184303068183,5.722027686784085,5.727702269148595,5.747738081475126,5.749919549302349,5.834552707702499,,,,,,,,,,,5.746158198364427,5.740955322803325,5.739119871909943,5.727421831749144,5.7261485003258885,5.725612444582136,5.728761530004508,5.769652335702003,5.796538762026433,5.761173472227469,5.72844398898643,5.700661407078914,5.7006517329897015,5.680791324884862,5.678961487534434,5.661595779992164,5.587607407383483,,5.796538762026433,5.661595779992164,,5.748488486767371,5.717662082267369,"rgba(38, 166, 154, 1.0)",0.04019289077020139,5.747673351379371,0.8042877235542402,58.271768739106165,1.233824032465698,True,False,True,False,True,2.849299156371597,0.0,0.0,0.0,0.0,0,0.9502427184466024,0.9526699029126219,False,False,False,False,-1.1785709970320618e-07,-0.016983670535796476,False,False,False,False,2254672.0,2008594.3547373097,False,False,False,False,37966.68711058723,False,False,False,False
2025-07-09 18:00:00+00:00,5.785,5.805,5.78,5.795,14272.0,,,,,,,,,,,,,,,,5.748932470787406,5.737825544832097,5.721691087748725,5.722519323951556,5.728084228029234,5.74791317942845,5.750084033215615,5.834468747804185,,,,,,,,,,,5.7483517901902275,5.741959571954674,5.739864362828112,5.7279595077808745,5.726499020364405,5.7259620775805,5.729059144351294,5.769723186417017,5.796533814996356,5.761218201953248,5.728522145925755,5.7007581083136225,5.7007353610656395,5.680885452096728,5.679056697694993,5.661699924175024,5.587746781581742,,5.796533814996356,5.661699924175024,,5.7489398269746586,5.718031479368836,"rgba(38, 166, 154, 1.0)",0.040568371828182216,5.748184328426288,1.1539943424889851,60.00304565972003,3.224121730925816,True,False,True,False,True,4.0506927656001,0.0,0.0,0.0,0.0,0,0.957472660996355,0.9465370595382753,False,False,False,False,0.0176802892700793,0.00034830936714141253,False,False,False,False,2268944.0,2012630.7833460337,False,False,False,False,37599.327620500604,False,False,False,False
2025-07-09 19:00:00+00:00,5.795,5.805,5.77,5.775,47006.0,,,,,,,,,,,,,,,,5.752042493433626,5.739356889984648,5.723084909159216,5.723869657316224,5.729123322699813,5.748355586177868,5.750493822806754,5.8341279812819264,,,,,,,,,,,5.752997638946181,5.744417064072722,5.741745361411881,5.729408339790145,5.727459131268342,5.726921323146599,5.729870721073513,5.769855992180876,5.796467055245635,5.761319047131694,5.72873872295286,5.701040929563079,5.700980102601577,5.681166886562377,5.679341819562431,5.662015800772543,5.588182226107685,,5.796467055245635,5.662015800772543,,5.75005683285751,5.718936950728832,"rgba(38, 166, 154, 1.0)",0.040470543174779695,5.749421239942596,0.6320340190873468,58.03974724415744,3.224121730925816,True,False,True,False,True,2.299499390323735,0.0,0.0,0.0,0.0,0,0.9550970873786409,0.9466019417475735,False,False,False,False,0.005892805389745335,0.003120557378443374,False,False,False,False,2221938.0,2015875.8564724515,False,False,False,False,37745.16750235331,False,False,False,False
2025-07-10 14:00:00+00:00,5.745,5.815,5.745,5.805,95105.0,,,,,,,,,,,,,,,,5.757654117050266,5.742478795340773,5.725939352512449,5.726641173326536,5.73129380306713,5.749340960007366,5.751414435990565,5.833518748211824,,,,,,,,,,,5.760481557445502,5.74912853393977,5.745495812422249,5.732370854406128,5.729470994060434,5.728930833374046,5.731587522629161,5.770213720303193,5.796384671215289,5.761566003775683,5.729211375538625,5.701641673838337,5.70150066345268,5.681759233337368,5.679941459148124,5.662676041515993,5.5890797582725265,,5.796384671215289,5.662676041515993,,5.752285173188364,5.720672982863242,"rgba(38, 166, 154, 1.0)",0.041173441102840574,5.751821762152151,1.291566515293766,59.77701274610959,3.4804798857393067,True,False,True,False,True,4.6837362364486275,0.0,0.0,0.0,0.0,0,0.9469240048250906,0.9505428226779256,False,False,False,False,-0.011786373685501042,-0.0043329081535288345,False,False,False,False,2317043.0,2020545.1145116382,False,False,False,False,38634.46723099899,False,False,False,False
2025-07-10 15:00:00+00:00,5.805,5.83,5.805,5.825,29718.0,,,,,,,,,,,,,,,,5.760527692045226,5.743992718789531,5.727207819042087,5.727878767602865,5.732298383122116,5.7498810107682905,5.751931913466091,5.833462782786064,,,,,,,,,,,5.764176029375828,5.751427318849673,5.7473239843262105,5.733726218636826,5.730396346182287,5.729852569246153,5.732391427598461,5.77051309845079,5.796459177272202,5.761732448569167,5.729435819406265,5.701895651374204,5.70172091386026,5.681997586055285,5.680181827596741,5.662932573219226,5.589402877005686,,5.796459177272202,5.662932573219226,,5.753397635952784,5.721503874530898,"rgba(38, 166, 154, 1.0)",0.04232148518311857,5.753017613010054,1.7008473752395348,62.5270448069755,6.362116074137802,True,False,True,False,True,6.218239950489963,0.0,0.0,0.0,0.0,0,0.953995157384988,0.9527845036319618,False,False,False,False,0.07675738697255109,0.03621223940951113,False,False,False,False,2346761.0,2025602.7251393646,False,False,False,False,38496.227428968,False,False,False,False
2025-07-10 16:00:00+00:00,5.825,5.84,5.815,5.825,23599.0,,,,,,,,,,,,,,,,5.762862949458558,5.745255251757344,5.728261629249562,5.728907856367845,5.7331394732107865,5.750344236909045,5.752377017026758,5.833440514193391,,,,,,,,,,,5.767111606550417,5.753316620628697,5.748840462684294,5.734853895219163,5.731171476623146,5.730624487224492,5.7330672588590925,5.770779964255928,5.796534669028635,5.761878993577699,5.729626322773562,5.702107899963299,5.701905057105576,5.682195392073638,5.680381189924694,5.663144310502942,5.589666220939469,,5.796534669028635,5.663144310502942,,5.754323616021661,5.722188578113808,"rgba(38, 166, 154, 1.0)",0.04333246707377171,5.754008038709638,1.6383087805617296,64.36039951421944,8.342959101591703,True,False,True,False,True,6.218239950489963,0.0,0.0,0.0,0.0,0,0.9533742331288346,0.9693251533742338,False,False,False,False,0.10051557097436772,0.06836390519193943,False,False,False,False,2346761.0,2030581.9231992194,False,False,False,False,38265.26266262741,False,False,False,False
2025-07-10 17:00:00+00:00,5.825,5.86,5.825,5.86,42356.0,,,,,,,,,,,,,,,,5.767956598309239,5.748005160569719,5.730502411180653,5.731099764821844,5.7349532118982625,5.751393863777985,5.753391899123211,5.833527587215507,,,,,,,,,,,5.773427241596234,5.757414250223994,5.752140312988751,5.737272484522784,5.732840486100017,5.7322851906763175,5.7345314954285325,5.771435881215786,5.796765971965685,5.762227772278363,5.73004230209646,5.702552993615192,5.702291364759164,5.68260210639436,5.680790448460835,5.663573143265264,5.5901804896583975,,5.796765971965685,5.663573143265264,,5.756353812112053,5.7236690550144775,"rgba(38, 166, 154, 1.0)",0.04531898951662098,5.756175353497695,2.290974437199822,67.96458529498247,11.921816445717923,True,False,True,False,True,8.848727540137752,0.0,0.0,0.0,0.0,0,0.9511002444987778,0.9621026894865531,False,False,False,False,0.13637474128977606,0.10236932324085773,False,False,False,False,2389117.0,2036140.6065604717,False,False,False,False,38328.68494692775,False,False,False,False
2025-07-10 18:00:00+00:00,5.855,5.865,5.855,5.86,12598.0,,,,,,,,,,,,,,,,5.769559703387468,5.748886826747185,5.731217242060736,5.731799609139763,5.735536086994325,5.751738782491637,5.753726213338478,5.833573542168041,,,,,,,,,,,5.77538420591145,5.758713435830623,5.7531939350517165,5.738045572973959,5.733376988734584,5.732818884626506,5.735003768659297,5.7716581106287,5.796849845253935,5.7623449498594805,5.730177612637702,5.702695408881287,5.702415019237642,5.682731180658145,5.680920239695753,5.663708338452948,5.590339949808692,,5.796849845253935,5.663708338452948,,5.757004750790954,5.72413984981779,"rgba(38, 166, 154, 1.0)",0.04728035990164629,5.756867876951331,2.181288874771836,70.36737581549116,14.309828468698768,True,False,True,False,True,8.848727540137752,0.0,0.0,0.0,0.0,0,0.9619631901840494,0.9582822085889575,False,False,False,False,0.17866255891894556,0.14051594107990165,False,False,False,False,2389117.0,2041613.1087843403,False,False,False,False,37929.75959891337,False,False,False,False
2025-07-10 19:00:00+00:00,5.855,5.855,5.825,5.84,104563.0,,,,,,,,,,,,,,,,5.778456397781016,5.754475070304697,5.73598289925071,5.736465239675068,5.739427079993787,5.7540055615418275,5.755914784681195,5.8336648218376865,,,,,,,,,,,5.7855921769956264,5.766445087467627,5.759704148660845,5.743111244793473,5.736984454332857,5.736411726040948,5.738184655887672,5.773052407107978,5.797319714017203,5.763109800154871,5.731118548356481,5.703718549476276,5.703304598626903,5.683675231584646,5.681870784862535,5.664709708645818,5.59155860043888,,5.797319714017203,5.664709708645818,,5.761048981883248,5.727051261026508,"rgba(38, 166, 154, 1.0)",0.048491013377481976,5.7610998228076715,1.6271092661669888,68.48258043445925,14.309828468698768,True,False,True,False,True,6.983216911232141,0.0,0.0,0.0,0.0,0,0.9532595325953263,0.9643296432964334,False,False,False,False,0.13037641787590604,0.13544617947790383,False,False,False,False,2284554.0,2045379.6342295443,False,False,False,False,38962.833093503854,False,False,False,False
2025-07-11 14:00:00+00:00,5.785,5.82,5.785,5.815,8189.0,,,,,,,,,,,,,,,,5.7787327053992374,5.754724567968258,5.736224583174146,5.736701513786505,5.739622652142558,5.754111269925236,5.756015414079044,5.833634822857695,,,,,,,,,,,5.785849732215435,5.766742488404919,5.759978373005403,5.743357593199157,5.737168606474273,5.736595680720612,5.738346752787034,5.773106030116361,5.797327678303931,5.763143372472956,5.731169207080784,5.703778593270564,5.703356911413359,5.683733024736522,5.68192915728734,5.6647728304284595,5.591640800796159,,5.797327678303931,5.6647728304284595,,5.7612209411665845,5.727176284277252,"rgba(38, 166, 154, 0.75)",0.049138799554103545,5.761273227570451,1.0933676222675068,63.69593432346042,19.918861799719906,True,False,True,False,False,4.720880042794533,0.0,0.0,0.0,0.0,0,0.9400977995110028,0.965770171149145,False,False,False,False,0.04127328758456345,0.08835973353123364,False,False,False,False,2276365.0,2048960.8026911018,False,False,False,False,38485.7194021317,False,False,False,False
2025-07-11 15:00:00+00:00,5.815,5.815,5.785,5.815,14755.0,,,,,,,,,,,,,,,,5.7791882299245065,5.75515391189683,5.736645699674376,5.737113197696436,5.739963489778622,5.754294662388521,5.756189792091292,5.833577608289968,,,,,,,,,,,5.786262339599205,5.767245479751513,5.760447120279938,5.743785119169326,5.737490069366155,5.7369168852996735,5.738629813492503,5.773197441027002,5.7973394393443565,5.763201421447998,5.731258301822816,5.70388485436254,5.703449516960015,5.683835609970749,5.682032791973245,5.664885087904247,5.591787604766355,,5.7973394393443565,5.664885087904247,,5.761515823967569,5.727391111561038,"rgba(38, 166, 154, 0.75)",0.049622176094535585,5.761569459481445,1.076747227222862,60.50483691612787,16.932193352033607,True,False,True,False,False,4.720880042794533,0.0,0.0,0.0,0.0,0,0.9402439024390248,0.9646341463414639,False,False,False,False,0.03537175691654904,0.061865745223891336,False,False,False,False,2276365.0,2052486.4491610073,False,False,False,False,38117.80127186609,False,False,False,False
2025-07-11 16:00:00+00:00,5.815,5.82,5.79,5.805,28844.0,,,,,,,,,,,,,,,,5.780034582887146,5.755972388971527,5.737454206348165,5.737903816081299,5.7406196200191015,5.7546493785522586,5.756527116224004,5.833466419440206,,,,,,,,,,,5.787019654413019,5.768191516470927,5.761335828239441,5.744603975181318,5.73810976594233,5.73753616310155,5.739176271787015,5.773374631887811,5.797362326735256,5.763314435457481,5.731431850236678,5.704091937171784,5.703630061601025,5.684035649571871,5.682234880298937,5.665104017572992,5.592074003695183,,5.797362326735256,5.665104017572992,,5.762078441065463,5.7278015864332135,"rgba(38, 166, 154, 0.75)",0.05006680222144621,5.762133342130204,0.8561892505176619,56.99713737580241,13.649004042478076,True,False,True,False,False,3.81504465393893,0.0,0.0,0.0,0.0,0,0.9375764993880052,0.969400244798042,False,False,False,False,0.04717769299166844,0.05452171910777989,False,False,False,False,2247521.0,2055510.2406468831,False,False,False,False,37974.021407185995,False,False,False,False
2025-07-11 17:00:00+00:00,5.805,5.825,5.805,5.825,20830.0,,,,,,,,,,,,,,,,5.780920490081112,5.756703195404224,5.738139211888143,5.738574616765157,5.74118171749391,5.754969491018801,5.756834047124183,5.833424018245576,,,,,,,,,,,5.787907698486716,5.76908273525044,5.76214522503999,5.745309398074845,5.738638062485458,5.738063432548249,5.7396441499817135,5.7735548020540195,5.797407476217059,5.763421653847106,5.731579295557393,5.704260648126851,5.7037771420536,5.684195578047244,5.682396213503545,5.665276723059785,5.592293273150392,,5.797407476217059,5.665276723059785,,5.762593348502638,5.728173735734377,"rgba(38, 166, 154, 0.75)",0.049769016013496294,5.762656567822718,1.2526555108177257,57.107305975948,13.647801383663946,True,False,True,False,False,5.428338562851849,0.0,0.0,0.0,0.0,0,0.9483394833948343,0.9655596555965564,False,False,False,False,0.07083236596362287,0.06267704253570139,False,False,False,False,2268351.0,2058810.09738104,False,False,False,False,37708.222625679235,False,False,False,False
2025-07-11 18:00:00+00:00,5.825,5.835,5.8,5.835,27792.0,,,,,,,,,,,,,,,,5.782190276592813,5.757728972314652,5.7390911696363975,5.739507413237241,5.7419669343258315,5.755424926264188,5.757271758570017,5.833386436128248,,,,,,,,,,,5.789199271403029,5.770339460818022,5.763282987708259,5.74629286227968,5.739375739604174,5.738799466288663,5.740298984339259,5.773819545854933,5.797481735613243,5.7635770254624035,5.731786537419612,5.704494805359453,5.703981334362644,5.684416298871548,5.682618769935605,5.665514054272937,5.592591624685613,,5.797481735613243,5.665514054272937,,5.763320985883674,5.728698264957593,"rgba(38, 166, 154, 0.75)",0.0493148553171518,5.7633972053647415,1.4519518342854154,58.2661573376275,13.647801383663946,True,False,True,False,False,6.223597685980266,0.0,0.0,0.0,0.0,0,0.9473039215686279,0.9583333333333339,False,False,False,False,0.07675738697255109,0.06971721475412623,False,False,False,False,2296143.0,2062489.6772666052,False,False,False,False,37554.482740009786,False,False,False,False
2025-07-11 19:00:00+00:00,5.835,5.855,5.825,5.825,29010.0,,,,,,,,,,,,,,,,5.783790611361468,5.758951062580515,5.740196923343094,5.74059193814959,5.742885959171239,5.7559744615256925,5.757802159162937,5.833392684826756,,,,,,,,,,,5.790878387002605,5.771866065889122,5.764648470170764,5.747444830314783,5.740237274007378,5.73965850326651,5.741066190341217,5.774157315035238,5.7975935743953215,5.763769845428032,5.732029306775011,5.704762143299572,5.704214494794523,5.68466523370477,5.682869530299863,5.665779284886046,5.592917935547175,,5.7975935743953215,5.665779284886046,,5.7641982250151615,5.72932696383282,"rgba(38, 166, 154, 0.75)",0.048664599487100176,5.764294621216087,1.2474237828671473,57.44215943715608,13.456215161210672,True,False,True,False,False,5.287122866127024,0.0,0.0,0.0,0.0,0,0.9498777506112474,0.9572127139364308,False,False,False,False,0.13037641787590604,0.10004681631501613,False,False,False,False,2267133.0,2065662.4419601462,False,False,False,False,37422.01013938948,False,False,False,False
2025-07-14 14:00:00+00:00,5.895,5.915,5.84,5.845,22884.0,,,,,,,,,,,,,,,5.866666666666666,5.785725476693295,5.760278349294211,5.741336749898258,5.741711398345788,5.743843056248223,5.7565741978258815,5.758385019125643,5.833494021751327,,,,,,,,,,,5.79300855092418,5.773599346183294,5.766158034109502,5.74865374494951,5.741129471843691,5.740546889423319,5.741863755695775,5.774558449438019,5.797755614598895,5.7639885089535685,5.732278652693341,5.705023344264701,5.7044422258061065,5.68490226230507,5.683107809959656,5.666026964944761,5.593208310610843,,5.797755614598895,5.666026964944761,,5.776446103983255,5.730014819806132,"rgba(38, 166, 154, 0.75)",0.04833283628196933,5.768743200778998,1.5777431056627214,59.11813433814071,13.456215161210672,True,False,True,False,False,6.889742015260829,0.0,0.0,0.0,0.0,1,0.947115384615385,0.9435096153846159,False,False,False,False,0.2602947545865809,0.1801707854507985,False,False,False,False,2290017.0,2069140.807201074,False,False,False,False,37196.61463335244,False,False,False,False
2025-07-14 15:00:00+00:00,5.845,5.865,5.825,5.845,25021.0,,,,,,,,,,,,,,,5.855350067842605,5.787200896130266,5.761404615745899,5.742348308315663,5.742704536604362,5.744691094117914,5.7570949485149665,5.758889109859565,5.833532208743095,,,,,,,,,,,5.794558687896359,5.774998728438945,5.767413294730256,5.749710219112027,5.741924788489911,5.74133967444966,5.742574894110712,5.774890842343839,5.797876486199021,5.7641763047270995,5.732506443947559,5.705269822586957,5.704657335061112,5.685129911376982,5.683336966195135,5.666267907574975,5.593499998178906,,5.797876486199021,5.666267907574975,,5.7759128650971485,5.73059601796585,"rgba(38, 166, 154, 1.0)",0.0478630742208482,5.76900428472858,1.5877733828956073,60.235450938797136,13.456215161210672,True,False,True,False,True,6.889742015260829,0.0,0.0,0.0,0.0,1,0.9485029940119767,0.952095808383234,False,False,False,False,0.1952146392728067,0.1876927123618026,False,False,False,False,2290017.0,2072565.2442987317,False,False,False,False,37007.845414230695,False,False,False,False
2025-07-14 16:00:00+00:00,5.845,5.845,5.825,5.825,39765.0,,,,,,,,,,,,,,,5.844607847610357,5.788892974575493,5.762858346631589,5.743712325219562,5.744043511777356,5.7458346702561895,5.7577864219407076,5.7595560870939355,5.8335224204138525,,,,,,,,,,,5.796237475354592,5.776710504292858,5.768998978060362,5.751114003057971,5.743003701199913,5.742416240508478,5.743540597047069,5.775313450495566,5.798013321650551,5.764424035644028,5.732823891606449,5.705622552272254,5.704965498539592,5.685460313825114,5.683669897275617,5.666621030906171,5.593937676461205,,5.798013321650551,5.666621030906171,,5.775646067279894,5.731345480482223,"rgba(38, 166, 154, 1.0)",0.04698542998235887,5.769514400127716,1.1809107609128382,57.638939796148506,12.945638810252994,True,False,True,False,True,4.975391136008547,0.0,0.0,0.0,0.0,1,0.9588875453446195,0.9552599758162038,False,False,False,False,0.16820196994704198,0.1779473411544223,False,False,False,False,2250252.0,2075320.0777204568,False,False,False,False,37050.5919969558,False,False,False,False
2025-07-14 17:00:00+00:00,5.825,5.845,5.815,5.845,11114.0,,,,,,,,,,,,,,,5.843526886945254,5.789378192199529,5.763273123491691,5.74410030656469,5.744424531403729,5.746161137927371,5.757986012667509,5.759748837878986,5.833524584065776,,,,,,,,,,,5.796721483775072,5.7771985022253185,5.769451099760502,5.751513673383501,5.7433117886877065,5.742723625785362,5.74381683923201,5.775437363742958,5.7980551366012545,5.764496365793479,5.732915232443031,5.705723383525002,5.705053619481408,5.685554491715489,5.683764771577396,5.666721444462108,5.594061427756612,,5.7980551366012545,5.666721444462108,,5.775791512571615,5.731560014702836,"rgba(38, 166, 154, 1.0)",0.04737030658484735,5.769760359891287,1.5883291777718815,58.331869737414834,12.945638810252994,True,False,True,False,True,6.606858960683354,0.0,0.0,0.0,0.0,1,0.9528985507246382,0.9516908212560392,False,False,False,False,0.15478865196102215,0.16636799655772222,False,False,False,False,2261366.0,2078204.5106240155,False,False,False,False,36648.47429157664,False,False,False,False
2025-07-14 18:00:00+00:00,5.845,5.86,5.845,5.845,48524.0,,,,,,,,,,,,,,,5.84565916311402,5.79204121530236,5.76539686228438,5.746029583989731,5.746320764191765,5.74779495228485,5.7590128764083905,5.760744457271713,5.833629246632291,,,,,,,,,,,5.799475876433644,5.779765721763299,5.771790216920125,5.753520607862329,5.744849243321037,5.744256436033071,5.745198857730812,5.776107140298527,5.798310275500578,5.76487725124305,5.733370441047153,5.706212647761684,5.705481212930192,5.686005420737384,5.684218551625774,5.6671974073088975,5.594633788778133,,5.798310275500578,5.6671974073088975,,5.7774032357199445,5.732663005723276,"rgba(38, 166, 154, 1.0)",0.048050086480747045,5.7714277977544075,1.5311565001047716,58.79382303159239,12.945638810252994,True,False,True,False,True,6.606858960683354,0.0,0.0,0.0,0.0,1,0.964805825242719,0.9453883495145636,False,False,False,False,0.21565828935881956,0.19101314295827088,False,False,False,False,2261366.0,2081044.2236375965,False,False,False,False,36832.590969226614,False,False,False,False
2025-07-14 19:00:00+00:00,5.845,5.865,5.845,5.855,43830.0,,,,,,,,,,,,,,,5.847801117517187,5.794444017296448,5.767335890360367,5.747793732059666,5.748055769746537,5.749297208881398,5.75997080010653,5.761674400018969,5.83375117500818,,,,,,,,,,,5.801953009613869,5.782088115724415,5.773917066085524,5.75535473235111,5.746264618691522,5.745667505652838,5.74647472059423,5.776742108107483,5.798560673450402,5.765238424140418,5.733796080235176,5.706667007830683,5.705878567864346,5.686422962064413,5.684638608781299,5.667636908766411,5.595158665632049,,5.798560673450402,5.667636908766411,,5.778902678999476,5.733674104446247,"rgba(38, 166, 154, 1.0)",0.04876400237802836,5.772964092249074,1.6823046458526398,60.286490756845936,12.945638810252994,True,False,True,False,True,7.426497003681991,0.0,0.0,0.0,0.0,1,0.9671931956257599,0.9392466585662218,False,False,False,False,0.2225116654437641,0.2067624042010175,False,False,False,False,2305196.0,2084519.4449765484,False,False,False,False,36941.07793094403,False,False,False,False
2025-07-15 14:00:00+00:00,5.855,5.855,5.81,5.845,17849.0,,,,,,,,,,,,,,,5.846850154953817,5.79509019460233,5.7679415363839,5.748375814572345,5.748628130079182,5.7497929554070275,5.76028123525997,5.761974500565547,5.833757933212248,,,,,,,,,,,5.80257243776101,5.782765693510872,5.774563491651238,5.7559488368596075,5.746735203849562,5.746137250563837,5.746899493791173,5.776937875409041,5.7986290932259354,5.765354805897997,5.733942472333815,5.70682847306422,5.706019959504389,5.686573980039672,5.684790733249738,5.667797843813339,5.5953567683133985,,5.7986290932259354,5.667797843813339,,5.779188050559596,5.733991436049344,"rgba(38, 166, 154, 1.0)",0.04917536188186737,5.773354116050208,1.456946755611168,59.37720735781722,12.945638810252994,True,False,True,False,True,6.430698107934205,0.0,0.0,0.0,0.0,1,0.955314009661836,0.944444444444445,False,False,False,False,0.16148810972572672,0.18412525696337212,False,False,False,False,2287347.0,2087664.0582327258,False,False,False,False,36645.07672271234,False,False,False,False
2025-07-15 15:00:00+00:00,5.845,5.85,5.81,5.825,16382.0,,,,,,,,,,,,,,,5.845504173156024,5.79555066692033,5.768421884027712,5.748853590775652,5.749097867374847,5.750199857771909,5.760533109120013,5.762217334792452,5.833746416798643,,,,,,,,,,,5.802987534745926,5.783279058438953,5.775067122580684,5.756431011651104,5.747123196261548,5.746524843721982,5.747249982528757,5.777091518433103,5.798677963495646,5.7654488456566995,5.7340655962824165,5.706966826101675,5.706141201138291,5.686704638232044,5.68492244074694,5.667938006432577,5.5955320341467765,,5.798677963495646,5.667938006432577,,5.779347211193065,5.7342442247408885,"rgba(38, 166, 154, 0.5)",0.04900358508668243,5.773629557479171,1.0482996790940922,55.53124752969346,9.872278199655817,False,False,True,False,False,4.471316071848893,0.0,0.0,0.0,0.0,1,0.9601930036188182,0.944511459589868,False,False,False,False,0.15478865196102215,0.16945695446219713,False,False,False,False,2270965.0,2090505.9332988851,False,False,False,False,36330.92049445324,False,False,False,False
2025-07-15 16:00:00+00:00,5.825,5.835,5.815,5.82,15662.0,,,,,,,,,,,,,,,5.844063529864069,5.795913780236001,5.768836294683671,5.7492766583238035,5.749513797119948,5.7505603101889555,5.760754545525498,5.762430408375979,5.83372532427224,,,,,,,,,,,5.803296211733739,5.783705879778178,5.775495498890447,5.756854384870431,5.7474680748787605,5.746869559378362,5.747561767884663,5.777223302775776,5.79871668351225,5.765531362375406,5.734176781269542,5.7070933669732895,5.706252155713431,5.686824926872728,5.685043751542182,5.6680676100241305,5.59569575698905,,5.79871668351225,5.6680676100241305,,5.779452738732242,5.734463357380139,#000000,0.04902628454791297,5.7738506011258135,0.9413195248170474,52.24428681086457,6.777560532562362,False,True,False,False,False,3.986476967331434,0.0,0.0,0.0,0.0,1,0.9584352078239615,0.965770171149145,False,False,False,False,0.14143036818066138,0.15544366132142926,False,False,False,False,2255303.0,2093060.9265810729,False,False,False,False,36010.472114694276,False,False,False,False
2025-07-15 17:00:00+00:00,5.815,5.84,5.815,5.835,4899.0,,,,,,,,,,,,,,,5.843783380094606,5.796052562977395,5.768980339625863,5.7494198309333875,5.74965460590337,5.75068259160645,5.760830834290786,5.762504014315751,5.833722965432284,,,,,,,,,,,5.803422338279535,5.783859673332786,5.775646392495373,5.756998886218913,5.747584734726823,5.74698609611203,5.74766730340157,5.7772703078128655,5.798732043247708,5.765560096294107,5.7342140988462225,5.707135158733771,5.706288792386162,5.686864344524421,5.685083480511199,5.66810984378381,5.595748418804865,,5.798732043247708,5.66810984378381,,5.779514569464433,5.734539529971303,#000000,0.049449491931147165,5.7739397944671795,1.234799451890019,52.456348518423084,6.777560532562362,False,True,False,False,False,5.288406340867198,0.0,0.0,0.0,0.0,1,0.9558823529411772,0.9632352941176479,False,False,False,False,0.19032972966170855,0.1728866954915689,False,False,False,False,2260202.0,2095652.261052684,False,False,False,False,35528.12370981529,False,False,False,False
2025-07-15 18:00:00+00:00,5.835,5.855,5.835,5.835,16358.0,,,,,,,,,,,,,,,5.843651367961934,5.796664369454098,5.769547463474498,5.749962919494326,5.750188981036274,5.751147839704541,5.761127113581167,5.762790912537736,5.833739725000296,,,,,,,,,,,5.804016121148271,5.784493870787667,5.776251095832449,5.757553728021414,5.748026695238694,5.747427217648683,5.7480674002965815,5.777461247690505,5.798802316484255,5.76567319182243,5.73435364499882,5.707287728792434,5.706422488789918,5.6870065199432425,5.685226646870484,5.66826085612093,5.595932836839842,,5.798802316484255,5.66826085612093,,5.779868965804986,5.734839035725095,"rgba(38, 166, 154, 0.5)",0.04983983355715916,5.774346163008999,1.2169751113121188,52.59772299012876,6.777560532562362,False,False,True,False,False,5.288406340867198,0.0,0.0,0.0,0.0,1,0.9704069050554877,0.951911220715167,False,False,False,False,0.24237914771131464,0.20763292160144176,False,False,False,False,2260202.0,2098203.4197960533,False,False,False,False,35230.91248950808,False,False,False,False
2025-07-15 19:00:00+00:00,5.835,5.85,5.82,5.82,34207.0,,,,,,,,,,,,,,,5.8420763925192665,5.797573853426502,5.7705179640465625,5.750936296571765,5.751146630396527,5.751982093703534,5.761650972694239,5.7632964360300285,5.8337232982171265,,,,,,,,,,,5.804833217195935,5.785514452626784,5.777261231736753,5.75853308454585,5.748824118750964,5.748223942471322,5.74879022561627,5.777785001866296,5.798908732137237,5.765872466722799,5.734612690736407,5.707578057081417,5.706677171987672,5.687280623561551,5.685502920674715,5.668554608352283,5.59629932283978,,5.798908732137237,5.668554608352283,,5.78032265973395,5.735355992288473,#000000,0.05002674960130812,5.774963685405231,0.900244668176319,50.157104014941794,4.414387770571963,False,True,False,False,False,3.7844517205603374,0.0,0.0,0.0,0.0,1,0.9752781211372071,0.9431396786155756,False,False,False,False,0.21249627398979437,0.21006459779561806,False,False,False,False,2225995.0,2100184.684605417,False,False,False,False,35215.03787726765,False,False,False,False
2025-07-16 14:00:00+00:00,5.875,5.875,5.83,5.845,83517.0,,,,,,,,,,,,,,,5.843817800490511,5.800847924726955,5.7735158334134935,5.753792944363035,5.753960182055269,5.754450258288863,5.763261754626483,5.764859969008117,5.833896003814802,,,,,,,,,,,5.808053711702037,5.78886216322,5.7804524178112615,5.76145552808301,5.751171368347836,5.750566361877678,5.750924271699065,5.778855380867675,5.799330708279861,5.766503985462112,5.73537068101705,5.708396025810014,5.707394728857088,5.68803862475005,5.686265790435259,5.669355641219765,5.597265465779011,,5.799330708279861,5.669355641219765,,5.782489185643058,5.736956638542281,"rgba(38, 166, 154, 0.5)",0.04986721105831986,5.7772575569941464,1.3584566204560409,52.40402864013167,4.414387770571963,False,True,True,False,True,5.983120884453307,0.0,0.0,0.0,0.0,1,0.9754601226993872,0.9312883435582829,False,False,False,False,0.2650705106770396,0.2375675542363288,False,False,False,False,2309512.0,2103430.0693402165,False,False,False,False,35963.905507077456,False,False,False,False
2025-07-16 15:00:00+00:00,5.845,5.86,5.825,5.855,35248.0,,,,,,,,,,,,,,,5.844059617267897,5.802024566881788,5.774662042126596,5.754909655863917,5.755060573916644,5.755419976184994,5.76389863402912,5.7654778797466015,5.833952937925663,,,,,,,,,,,5.809181739169113,5.790101513523004,5.7816561487024885,5.762589287365743,5.752097328338422,5.751490858230614,5.751768767566412,5.779276944787731,5.7994951381677655,5.76675715192534,5.73567839149666,5.708730373202346,5.70768839066731,5.688349880350783,5.686579125743698,5.6696853961490765,5.597665668870718,,5.7994951381677655,5.6696853961490765,,5.783273987104803,5.737576006132778,"rgba(38, 166, 154, 0.5)",0.049822387239739176,5.778112749426235,1.5432269474321552,55.15527186077384,0.7567539469075086,False,False,True,False,True,6.842007371824341,0.0,0.0,0.0,0.0,1,0.9717444717444723,0.9410319410319418,False,False,False,False,0.23487051551188526,0.23621903487410703,False,False,False,False,2344760.0,2107171.618652771,False,False,False,False,35952.806196890204,False,False,False,False
2025-07-16 16:00:00+00:00,5.855,5.865,5.84,5.865,17952.0,,,,,,,,,,,,,,,5.844582044510925,5.802730012604417,5.775311287793356,5.75552901048384,5.755671119148919,5.7559593336102965,5.764258016228655,5.765827333074325,5.834004394505163,,,,,,,,,,,5.809877895276121,5.79082053363322,5.782344287293348,5.763222507923329,5.752611198616269,5.752003662924076,5.752237896011651,5.7795212035798365,5.799596105316077,5.766901536223439,5.735848518527165,5.708912337647883,5.707848206212401,5.688517919010278,5.686748178242991,5.669862334045337,5.5978771671846275,,5.799596105316077,5.669862334045337,,5.783763616884432,5.73792655809812,"rgba(38, 166, 154, 0.5)",0.050368730468468605,5.778620761283103,1.7149377781314397,58.16138556346229,3.5623676091694847,False,False,True,False,True,7.696662646875062,0.0,0.0,0.0,0.0,1,0.9900621118012425,0.9366459627329199,False,False,False,False,0.2650705106770396,0.2506447727755733,False,False,False,False,2362712.0,2111133.485030248,False,False,False,False,35673.72393027175,False,False,False,False
2025-07-16 17:00:00+00:00,5.865,5.885,5.865,5.875,20840.0,,,,,,,,,,,,,,,5.845978162559942,5.803797145491553,5.776219167424501,5.756367243068077,5.7564977461343885,5.756690975519603,5.764753816380495,5.766310857901062,5.83411192558628,,,,,,,,,,,5.810967665824333,5.791863026726004,5.783320647702858,5.764089128086955,5.753305431544582,5.752695911360294,5.752871948599614,5.779869757841054,5.799750378159377,5.767102681500127,5.736075293122388,5.709149155461683,5.708056104778366,5.688733793201445,5.686965134586165,5.670087434420503,5.59813961995297,,5.799750378159377,5.670087434420503,,5.784525226673988,5.738414300756983,"rgba(38, 166, 154, 1.0)",0.05048128722959187,5.779371679762663,1.8943320482778787,61.25640318532465,6.403524161144375,True,False,True,False,True,8.546944799110829,0.0,0.0,0.0,0.0,1,1.0000000000000004,0.9266169154228864,False,False,False,False,0.3348845892790296,0.29276468102730147,False,False,False,False,2383552.0,2115357.027897996,False,False,False,False,35443.74371429854,False,False,False,False
2025-07-16 18:00:00+00:00,5.875,5.88,5.86,5.875,6524.0,,,,,,,,,,,,,,,5.846342036927673,5.804109428711276,5.776490515448373,5.756619935711552,5.756746961463648,5.756911771256715,5.764903451053907,5.766456731886157,5.834142737682832,,,,,,,,,,,5.811283992066288,5.7921712216633505,5.783611124130494,5.764349599138288,5.753515237949813,5.752905159566324,5.753063715077298,5.779974545880843,5.79979641029641,5.767163556051313,5.736144433755563,5.70922166574194,5.708119784177951,5.688800062786859,5.687031748237739,5.670156656345428,5.598220691156799,,5.79979641029641,5.670156656345428,,5.784747063349126,5.738560564942511,"rgba(38, 166, 154, 1.0)",0.05021951811792064,5.779593213976893,1.899794932302649,63.31974826656622,8.292178810501028,True,False,True,False,True,8.546944799110829,0.0,0.0,0.0,0.0,1,0.997509339975094,0.9290161892901627,False,False,False,False,0.319118230214175,0.30594145562073827,False,False,False,False,2383552.0,2119515.0894809724,False,False,False,False,34995.37559469701,False,False,False,False
2025-07-16 19:00:00+00:00,5.875,5.89,5.865,5.875,29706.0,,,,,,,,,,,,,,,5.848179394715694,5.80559837812969,5.777770695143087,5.757806069276169,5.757917005105512,5.7579498424750355,5.765611189096414,5.767147195701584,5.83430100843298,,,,,,,,,,,5.812799511384004,5.793631365994909,5.784983720032222,5.765574362144433,5.75450126246972,5.753888430359909,5.753965606176316,5.7804745268448094,5.800019797614817,5.767453064073945,5.736469947527112,5.709561150617757,5.708417958051762,5.689109438720638,5.6873426539263665,5.670479053115095,5.59859596802695,,5.800019797614817,5.670479053115095,,5.785808975341797,5.739251048063574,"rgba(38, 166, 154, 1.0)",0.05054281923847054,5.780647086604204,1.8667916593773943,64.6953116540606,9.619486761082221,True,False,True,False,True,8.546944799110829,0.0,0.0,0.0,0.0,0,1.0012453300124537,0.9240348692403496,False,False,False,False,0.34282793585314963,0.32438469573694395,False,False,False,False,2383552.0,2123608.684992895,False,False,False,False,34913.369771523416,False,False,False,False
2025-07-17 14:00:00+00:00,5.875,5.895,5.865,5.875,13566.0,,,,,,,,,,,,,,,5.848991283085375,5.806273681624252,5.77835417211088,5.758347472658415,5.758451168008366,5.758424513409152,5.765936228798595,5.767464398994833,5.834375723636047,,,,,,,,,,,5.813485945589104,5.794294573996872,5.78560832433618,5.766133099492442,5.754952394814481,5.754338313201386,5.754378649718357,5.780705066478746,5.800123590761289,5.767586776575931,5.736619861839731,5.709717269282569,5.708555121518974,5.689251636910709,5.687485545008963,5.670627136612434,5.598768036675894,,5.800123590761289,5.670627136612434,,5.786290960258435,5.739566549577297,"rgba(38, 166, 154, 1.0)",0.05077329936023491,5.781126748465358,1.84887042436645,65.61235391239019,10.616974309673552,True,False,True,False,True,8.546944799110829,0.0,0.0,0.0,0.0,0,1.007481296758105,0.9189526184538661,False,False,False,False,0.3428279392421079,0.33360631748952596,False,False,False,False,2383552.0,2127638.8139077337,False,False,False,False,34582.402798321506,False,False,False,False
2025-07-17 15:00:00+00:00,5.875,5.885,5.845,5.875,7503.0,,,,,,,,,,,,,,,5.849275086975482,5.806590728808703,5.778641991940695,5.758620042650308,5.758720095056484,5.7586636771413175,5.766099273208149,5.767623305944573,5.834407561962329,,,,,,,,,,,5.813801855911958,5.794613817353718,5.785913330214573,5.7664124201381615,5.7551803869312685,5.754565783059347,5.7545875824365975,5.780819093438041,5.800173553146165,5.76765392588184,5.736696798326858,5.7097983769911975,5.708626425308412,5.689326036743457,5.687560346390778,5.670705008376676,5.598859711621626,,5.800173553146165,5.670705008376676,,5.786515751520894,5.739723203074745,"rgba(38, 166, 154, 1.0)",0.05134260475530185,5.781356657265944,1.8238915454398794,66.22371541794325,11.418499834547482,True,False,True,False,True,8.546944799110829,0.0,0.0,0.0,0.0,0,1.0037546933667088,0.9249061326658331,False,False,False,False,0.2962445106584619,0.31492541407399394,False,False,False,False,2383552.0,2131606.4602037375,False,False,False,False,34162.56709602195,False,False,False,False
2025-07-17 16:00:00+00:00,5.875,5.875,5.85,5.855,36424.0,,,,,,,,,,,,,,,5.849988234220255,5.807883270069852,5.77988604706226,5.759825223594542,5.759909291847591,5.759722972138511,5.766819543925148,5.7683244250342565,5.834523521162365,,,,,,,,,,,5.815058488266501,5.79595443365929,5.78721607560675,5.767637876213681,5.756193728980772,5.755577328662721,5.755517555332727,5.7813161452258255,5.800385536170177,5.7679517634515385,5.737045456162778,5.710170310693487,5.708953658957153,5.689669567558176,5.687905899728128,5.671066270077076,5.599290135973647,,5.800385536170177,5.671066270077076,,5.787431392117198,5.740406484160026,"rgba(38, 166, 154, 0.75)",0.051316277732863874,5.782321600869292,1.4162835330545451,61.06267924857403,16.07008485320553,True,False,True,False,False,6.275074893363378,0.0,0.0,0.0,0.0,0,1.0000000000000002,0.9272271016311174,False,False,False,False,0.28860549271760033,0.30176545339579713,False,False,False,False,2347128.0,2134947.879425385,False,False,False,False,34197.628071277424,False,False,False,False
2025-07-17 17:00:00+00:00,5.855,5.87,5.855,5.855,6108.0,,,,,,,,,,,,,,,5.85009863996548,5.808093918100254,5.78009094928949,5.7600245225533975,5.760105981412285,5.759898442594828,5.766939246849126,5.7684409561798216,5.834542863746218,,,,,,,,,,,5.815262552223494,5.796173880003113,5.787430062715562,5.7678402397499,5.7563617428001415,5.755745059118591,5.755671899850249,5.781398886320237,5.800420936958476,5.7680015203250905,5.7371037302083,5.710232500596199,5.709008394834174,5.689727039451455,5.68796371058518,5.67112671568108,5.599362175655766,,5.800420936958476,5.67112671568108,,5.787581724521211,5.740519473357472,"rgba(38, 166, 154, 0.5)",0.051318384391683805,5.782480359509408,1.4131317918563442,57.621988468994545,12.902568540989606,False,False,True,False,False,6.275074893363378,0.0,0.0,0.0,0.0,0,0.9987437185929653,0.9271356783919605,False,False,False,False,0.28860549271760294,0.29518547305670007,False,False,False,False,2347128.0,2138237.49369786,False,False,False,False,33762.129961645216,False,False,False,False
2025-07-17 18:00:00+00:00,5.855,5.885,5.855,5.875,18379.0,,,,,,,,,,,,,,,5.850791327515486,5.808857796231793,5.780790327649752,5.7606888857014145,5.760761765907151,5.760483856519284,5.767342509186156,5.768834271780723,5.834627481085171,,,,,,,,,,,5.81602280624943,5.796944274014721,5.788168733154668,5.7685202498206625,5.756920575951981,5.75630264320678,5.756185213686557,5.781683607148103,5.800548014165008,5.768169860358522,5.737295358655349,5.710433872200034,5.709185563771168,5.689911571880282,5.688149210474928,5.671319584088874,5.599588395674028,,5.800548014165008,5.671319584088874,,5.788130913508548,5.740902913794182,"rgba(38, 166, 154, 0.5)",0.05199558193285811,5.7830413760883435,1.7685853392390667,59.24703375037153,12.902568540989606,False,False,True,False,False,8.167371779218392,0.0,0.0,0.0,0.0,1,0.9974937343358401,0.9260651629072689,False,False,False,False,0.3116249193816697,0.3034051962191849,False,False,False,False,2365507.0,2141761.0519351023,False,False,False,False,33523.63182270498,False,False,False,False
2025-07-17 19:00:00+00:00,5.875,5.885,5.86,5.87,43803.0,,,,,,,,,,,,,,,5.852275590508578,5.810606409210969,5.782414869150744,5.762240840886667,5.762294054377995,5.761854664068495,5.768291204382074,5.769759692411768,5.8348276042908465,,,,,,,,,,,5.817754676242975,5.798718479522147,5.789878058241539,5.770105569310056,5.758230862972288,5.7576101622174,5.757390478005856,5.782354999897231,5.800849059600137,5.768568872394154,5.73774987712047,5.710911785285315,5.709606261651148,5.690349865777143,5.688589808898255,5.671777758535926,5.600126037474698,,5.800849059600137,5.671777758535926,,5.789396103254237,5.741798389008631,"rgba(38, 166, 154, 0.5)",0.0523022229213876,5.784340195589348,1.6377851576098914,59.01999153640048,12.902568540989606,False,False,True,False,False,7.5872728580996345,0.0,0.0,0.0,0.0,1,1.0000000000000004,0.9273182957393491,False,False,False,False,0.319368604377027,0.31138690029810595,False,False,False,False,2321704.0,2144550.865083395,False,False,False,False,33683.00187196537,False,False,False,False
2025-07-18 14:00:00+00:00,5.975,5.99,5.92,5.935,23019.0,,,,,,,,,,,,,,,5.855735469307113,5.812592350031428,5.783959043993728,5.76359844969839,5.763635074194772,5.763055118820031,5.7691475085593105,5.770600235795687,5.835148974071281,,,,,,,,,,,5.819856067485982,5.800562326948903,5.791564576514211,5.7715335651471715,5.759364830348528,5.758739398064174,5.758432029161039,5.783003261565656,5.801176409208517,5.768932340649374,5.738123540492054,5.711281036816402,5.709930646982434,5.690676380893893,5.688917108359519,5.672109722725292,5.600487255052843,,5.801176409208517,5.672109722725292,,5.790830247163527,5.742628852730353,"rgba(38, 166, 154, 1.0)",0.05445412979975185,5.785698041814394,2.741793115318248,65.48637745440102,9.829875433866526,True,False,True,False,True,13.296485975381351,0.0,0.0,0.0,0.0,0,1.0012239902080788,0.9094247246022038,False,False,False,False,0.34282801549367864,0.3271074578958923,False,False,False,False,2344723.0,2147654.3090355904,False,False,False,False,33517.66850960931,False,False,False,False
2025-07-18 15:00:00+00:00,5.935,5.945,5.915,5.935,38779.0,,,,,,,,,,,,,,,5.86007932035431,5.815416267880162,5.7862391678648555,5.765638949443641,5.765651069849886,5.764864081320198,5.770439330788361,5.771867385002469,5.8356071558112586,,,,,,,,,,,5.822807347963008,5.803228898082665,5.794032438976679,5.773666217455979,5.761079065571442,5.7604472272088785,5.760009456613386,5.783975034915183,5.801662518000715,5.769484768013038,5.73870037056271,5.711856952898211,5.710437069394948,5.691189119599867,5.689431327473581,5.672633533335298,5.601065013340422,,5.801662518000715,5.672633533335298,,5.792866969812794,5.743865079965059,"rgba(38, 166, 154, 1.0)",0.056431972919290245,5.787662811858392,2.6108813943530036,69.79730139973472,13.703864566269537,True,False,True,False,True,13.296485975381351,0.0,0.0,0.0,0.0,0,1.0049019607843142,0.9178921568627458,False,False,False,False,0.2841850492938199,0.3056462535948561,False,False,False,False,2344723.0,2150709.637577674,False,False,False,False,33599.23954046808,False,False,False,False
2025-07-18 16:00:00+00:00,5.935,5.935,5.91,5.92,24414.0,,,,,,,,,,,,,,,5.862220346577396,5.816979309461074,5.787542648023934,5.76682250357543,5.766820679487351,5.765916077785855,5.77119234456104,5.772605678513643,5.835863590067802,,,,,,,,,,,5.82442330499415,5.804726315342478,5.795432336203456,5.774896820866602,5.762078658321995,5.761443432325025,5.760930901827516,5.784539357196586,5.801943304761227,5.769809312455422,5.73904303532753,5.712201564540244,5.710740353581454,5.691497428584508,5.689740628677861,5.6729495352205905,5.601416747232229,,5.801943304761227,5.6729495352205905,,5.793995908672613,5.744577237497581,"rgba(38, 166, 154, 1.0)",0.057827640761420905,5.788768664566787,2.26935309317967,69.46222179391307,13.703864566269537,True,False,True,False,True,11.535505883487726,0.0,0.0,0.0,0.0,0,1.0036540803897689,0.912302070645555,False,False,False,False,0.2669733173633855,0.2863097854791208,False,False,False,False,2320309.0,2153339.0850570896,False,False,False,False,33456.83272588718,False,False,False,False
2025-07-18 17:00:00+00:00,5.915,5.94,5.91,5.94,37983.0,,,,,,,,,,,,,,,5.865698144345681,5.819508144798693,5.789644381744539,5.7687257790323025,5.7687019547673275,5.767611070376847,5.772413140126773,5.773803359986283,5.836297976708036,,,,,,,,,,,5.82704163366648,5.807142906478972,5.797690065027759,5.7768776363789,5.763689236343461,5.7630484218887945,5.762417024500068,5.7854609839403235,5.802407771812442,5.770339049339249,5.739597815082044,5.712756702676512,5.711229045301402,5.6919927624767315,5.690237432590774,5.673455994735707,5.60197663832454,,5.802407771812442,5.673455994735707,,5.795822661320721,5.745727124739069,"rgba(38, 166, 154, 1.0)",0.05828541146105996,5.790556859139663,2.5639887771947736,70.85655148626375,14.756365128871394,True,False,True,False,True,13.212096934873834,0.0,0.0,0.0,0.0,0,1.0036275695284163,0.9117291414752122,False,False,False,False,0.272692942458435,0.2795013639687779,False,False,False,False,2358292.0,2156516.6496298476,False,False,False,False,33527.00586191993,False,False,False,False
2025-07-18 18:00:00+00:00,5.935,5.94,5.925,5.925,21804.0,,,,,,,,,,,,,,,5.86753793425924,5.820909335008368,5.790823091613467,5.769798421733347,5.76976242504797,5.768568346836989,5.773105490871453,5.774482685505884,5.8365455283575605,,,,,,,,,,,5.828486825234657,5.808488480790435,5.798952205493643,5.77799202485557,5.7645999011377125,5.76395602622458,5.763258383493185,5.785984783173913,5.802672878359162,5.7706415629495,5.7399148303987015,5.713074100996119,5.711508594042248,5.692276178625112,5.6905216939045244,5.673745825312116,5.602297180530443,,5.802672878359162,5.673745825312116,,5.796837028803809,5.746374792677742,"rgba(38, 166, 154, 1.0)",0.05798415440582009,5.791555349428288,2.3013985793042386,68.93868363520835,14.756365128871394,True,False,True,False,True,11.46399478958444,0.0,0.0,0.0,0.0,0,1.0072289156626508,0.912048192771085,False,False,False,False,0.28995845775678686,0.2847299108627824,False,False,False,False,2336488.0,2159306.9031239585,False,False,False,False,33345.25383305296,False,False,False,False
2025-07-18 19:00:00+00:00,5.925,5.93,5.905,5.92,86732.0,,,,,,,,,,,,,,,5.872728329304097,5.825587796259572,5.794944963897525,5.77362685680368,5.773548894630659,5.771999722272415,5.775599941631984,5.776928999225638,5.837396095152833,,,,,,,,,,,5.83323812125288,5.813074230045804,5.803316555957909,5.781940529324822,5.767877017043766,5.767223719739043,5.766294710612347,5.787865512775246,5.803620968546046,5.7717463657243515,5.741088712738278,5.714260108542384,5.712554545838499,5.693341899809162,5.691591024837765,5.674840065035377,5.603520882150203,,5.803620968546046,5.674840065035377,,5.8002623999087115,5.748670292351405,"rgba(38, 166, 154, 0.75)",0.05806240817636679,5.794988932816136,2.153046542681069,66.75552321378166,14.756365128871394,True,False,True,False,False,10.885087402607244,0.0,0.0,0.0,0.0,0,1.0023952095808386,0.9149700598802403,False,False,False,False,0.2555846626529694,0.27015728675787587,False,False,False,False,2249756.0,2160709.2147034323,False,False,False,False,34172.955324013376,False,False,False,False
2025-07-21 14:00:00+00:00,5.985,6.0,5.985,5.995,25857.0,,,,,,,,,,,,,,,5.876293724482738,5.827955423674878,5.79683861134019,5.775302223903862,5.77520622508254,5.773501299586332,5.7767091947881175,5.778020612460117,5.837878069670975,,,,,,,,,,,5.835722938863711,5.815290153279256,5.8053652020446735,5.78369889226451,5.769300765967715,5.768641613520557,5.767612292836469,5.788732302518639,5.804083455129003,5.772239430525494,5.741582516439395,5.714740012384226,5.71297723194297,5.69376293946918,5.692012686276592,5.675264292106241,5.603970343354468,,5.804083455129003,5.675264292106241,,5.801967264998861,5.749705709936653,"rgba(38, 166, 154, 1.0)",0.06092470615288641,5.796636574085327,3.2558782543307374,70.47713837340893,14.756365128871394,True,False,True,False,True,16.844827567161,0.0,0.0,0.0,0.0,0,1.0058754406580497,0.9106933019976508,False,False,False,False,0.34282804127658834,0.3064926640172321,False,False,False,False,2275613.0,2162490.668739038,False,False,False,False,34044.02578410619,False,False,False,False
2025-07-21 15:00:00+00:00,5.995,6.015,5.99,5.995,17312.0,,,,,,,,,,,,,,,5.878694718963189,5.829566023584431,5.798128720803044,5.77644358579156,5.776335444776523,5.774525457560837,5.777468238434154,5.778767783990209,5.838212871109767,,,,,,,,,,,5.837412494311639,5.81679799871678,5.8067600951036535,5.784896829987285,5.7702720671441305,5.769608909668021,5.768511740836383,5.789327343980565,5.804402708465856,5.772578244178224,5.7419207794998215,5.715068067102225,5.713266234458388,5.694050436324841,5.6923005742162145,5.67555363321681,5.604275834188621,,5.804402708465856,5.67555363321681,,5.803126982779301,5.750411999494085,"rgba(38, 166, 154, 1.0)",0.06316480659978686,5.797758790528369,3.1226440812421754,72.95821514649379,16.887286233017548,True,False,True,False,True,16.844827567161,0.0,0.0,0.0,0.0,0,1.0070093457943927,0.9077102803738327,False,False,False,False,0.342828047238511,0.32466035562787154,False,False,False,False,2275613.0,2164244.503332231,False,False,False,False,33784.614531639425,False,False,False,False
2025-07-21 16:00:00+00:00,5.995,6.0,5.985,5.995,11552.0,,,,,,,,,,,,,,,5.8801604415486,5.830582691995247,5.798952382796073,5.77717624836013,5.777060391827065,5.775183669448204,5.77795678308508,5.779248626933668,5.83842633603328,,,,,,,,,,,5.838475264345624,5.817754419649655,5.807648084470671,5.78566429253516,5.770896985748654,5.770231335498429,5.769090890305258,5.789710037869745,5.804607921362685,5.772797157473568,5.742140186461913,5.715281440965748,5.713454281110412,5.694237804233665,5.692488222043005,5.675742457589901,5.604475991157404,,5.804607921362685,5.675742457589901,,5.8038608413363715,5.750864516048323,"rgba(38, 166, 154, 1.0)",0.06436278091850291,5.798472159819502,3.0534392295656803,74.61226632855035,18.57975881837862,True,False,True,False,True,16.844827567161,0.0,0.0,0.0,0.0,0,1.0141342756183749,0.9104829210836287,False,False,False,False,0.32224813698115057,0.32345424630451103,False,False,False,False,2275613.0,2165971.1466914215,False,False,False,False,33439.92283347448,False,False,False,False
2025-07-21 17:00:00+00:00,5.995,6.005,5.995,5.995,23457.0,,,,,,,,,,,,,,,5.883150796750143,5.832670983965584,5.8006461462594325,5.778682898223256,5.778551325090648,5.776538451948784,5.7789649008294175,5.780241054529927,5.838871918744776,,,,,,,,,,,5.840657568955458,5.819719354521973,5.8094732983789,5.787242514359113,5.772183488952338,5.77151269814433,5.770283771445976,5.79050169215016,5.805034252807415,5.773250388143862,5.742593373338612,5.715721476640176,5.713842152377284,5.6946238927551285,5.6928748535600775,5.676131212227889,5.604887006191371,,5.805034252807415,5.676131212227889,,5.805368719593552,5.751796058526475,"rgba(38, 166, 154, 1.0)",0.06670852289642318,5.799939129279464,2.924077198102602,75.71496711658806,19.838079526134308,True,False,True,False,True,16.844827567161,0.0,0.0,0.0,0.0,0,1.0189573459715644,0.9063981042654036,False,False,False,False,0.337657417045765,0.330555831675138,False,False,False,False,2275613.0,2167671.020386128,False,False,False,False,33285.148836056265,False,False,False,False
2025-07-21 18:00:00+00:00,5.995,6.025,5.995,6.025,27310.0,,,,,,,,,,,,,,,5.886924098765847,5.835275834078788,5.802745450285602,5.780542520770301,5.780391768100212,5.778212168664627,5.780215346471114,5.781472665997132,5.839441468978275,,,,,,,,,,,5.843385194767052,5.822162347354397,5.811738469907734,5.7891934793825355,5.773772137029381,5.773094810737317,5.7717574100693225,5.791489154615269,5.805570848445901,5.773814679220787,5.743153238203137,5.716262182728747,5.71431878374834,5.695096765973342,5.693348256393329,5.676605995485552,5.605384679313132,,5.805570848445901,5.676605995485552,,5.807246813567988,5.752949907845605,"rgba(38, 166, 154, 1.0)",0.07030480613557873,5.801763117064075,3.175272007797389,77.98997395979144,22.220257937255013,True,False,True,False,True,19.098283665958007,0.0,0.0,0.0,0.0,0,1.0236966824644553,0.8957345971563988,False,False,False,False,0.3428280514955687,0.33669194158535337,False,False,False,False,2302923.0,2169767.9503026223,False,False,False,False,33192.51086960578,False,False,False,False
2025-07-21 19:00:00+00:00,6.025,6.05,6.01,6.05,64514.0,,,,,,,,,,,,,,,5.896406343553876,5.8418506541153725,5.808034928475015,5.7852167860344155,5.785018889118689,5.782427563052093,5.783385089821879,5.784596623230477,5.840936647803873,,,,,,,,,,,5.850273982857253,5.828319540469228,5.817445979450999,5.794101845056946,5.777773449148609,5.777079338239534,5.775472960854044,5.794010493022372,5.806957633111942,5.775256106691403,5.7445713887961904,5.717623837353094,5.715519457071453,5.69628358590732,5.694536021246964,5.677793777507796,5.606617474874818,,5.806957633111942,5.677793777507796,,5.811985947245077,5.755860992450586,"rgba(38, 166, 154, 1.0)",0.0745179705032512,5.806367243577232,3.269449701560756,80.46103040551546,24.74358718277516,True,False,True,False,True,20.0,0.0,0.0,0.0,0.0,0,1.0271226415094343,0.8879716981132082,False,False,False,False,0.342828062036855,0.3397600018111042,False,False,False,False,2367437.0,2172832.586732039,False,False,False,False,33678.11535224755,False,False,False,False
2025-07-22 14:00:00+00:00,6.115,6.135,6.09,6.12,43041.0,,,,,,,,,,,,,,6.114999999999999,5.90526690486976,5.847673228024735,5.81259695452505,5.789183801441471,5.788946442658271,5.786007443907887,5.786097248223254,5.787273170997654,5.842315821802858,,,,,,,,,,,5.856422518368862,5.833706391685367,5.822399412772748,5.798292629396445,5.78116332126271,5.7804534751460785,5.7786205921351375,5.79619775228103,5.808185978586863,5.776494548428617,5.745761615257045,5.718747326724969,5.716509710069025,5.697251970857781,5.695504275246554,5.678753887553919,5.607585131588531,,5.808185978586863,5.678753887553919,,5.846036101645093,5.758355913962452,"rgba(38, 166, 154, 1.0)",0.08126533119387057,5.824015776267576,3.642195501871639,83.76566957643308,27.979914757380172,True,False,True,False,True,20.0,0.0,0.0,0.0,0.0,0,1.0337209302325585,0.8825581395348845,False,False,False,False,0.34282809598599995,0.3412940488985521,False,False,False,False,2410478.0,2176517.0117439455,False,False,False,False,33823.276354538284,False,True,False,False
2025-07-22 15:00:00+00:00,6.115,6.125,6.105,6.115,14239.0,,,,,,,,,,,,,,6.114999999999999,5.908042158653928,5.849545213791395,5.814076478719489,5.790475259448882,5.790225271431468,5.787174849384856,5.786984755996839,5.788149116971564,5.842769035216195,,,,,,,,,,,5.858394208447686,5.835444202632253,5.824002021882076,5.7996550497096315,5.78226981990622,5.781554936799478,5.77964909641756,5.796914803243314,5.80859019121692,5.7769022696466665,5.74615368891009,5.719117606917329,5.716836229785982,5.697571350650847,5.6958236160751605,5.679070587499525,5.60790444535359,,5.80859019121692,5.679070587499525,,5.847244213961462,5.7591678897114305,"rgba(38, 166, 154, 1.0)",0.08706433367455099,5.825291504454514,3.3275221128829315,85.16619959677521,29.428102546810123,True,False,True,False,True,20.0,0.0,0.0,0.0,0.0,0,1.0349650349650354,0.8881118881118888,False,False,False,False,0.3428280968287092,0.34206107286363063,False,False,False,False,2396239.0,2179923.554197528,False,False,False,False,33519.64416299506,False,False,False,False
2025-07-22 16:00:00+00:00,6.115,6.12,6.11,6.115,15542.0,,,,,,,,,,,,,,6.114999999999999,5.910988732342758,5.851558804466341,5.815674955680015,5.791873261885147,5.7916097231955215,5.788439662922167,5.787948027795115,5.789099890858846,5.843262005335226,,,,,,,,,,,5.860512287583573,5.837316694112109,5.825731365017822,5.801128826744761,5.783469231079669,5.782748943172299,5.780764563119785,5.797693798159505,5.809030179066364,5.7773461814837095,5.7465806916033,5.719520982064767,5.717192018833412,5.6979193996827275,5.696171625030721,5.679415743960688,5.608252520859686,,5.809030179066364,5.679415743960688,,5.848545506448113,5.760046767739699,"rgba(38, 166, 154, 1.0)",0.0923008203725012,5.826667860216562,3.1238307375796652,86.09988627700329,30.5284454132302,True,False,True,False,True,20.0,0.0,0.0,0.0,0.0,0,1.0293083235638927,0.8968347010551003,False,False,False,False,0.3428280968287092,0.3424445848461699,False,False,False,False,2396239.0,2183277.2820394267,False,False,False,False,33240.920997677305,False,False,False,False
2025-07-22 17:00:00+00:00,6.115,6.12,6.105,6.105,17106.0,,,,,,,,,,,,,,6.114048905791299,5.914059181438878,5.853698604377862,5.817385708805372,5.793374493072347,5.793096562774501,5.78979937817654,5.788985606112115,5.7901240107183405,5.843792577908361,,,,,,,,,,,5.862758437661017,5.8393122391317895,5.82757863474918,5.802709480070176,5.784759623825726,5.784033628352704,5.781965494579404,5.798533343757636,5.809505094950618,5.777826203772441,5.747043159636343,5.719958398849475,5.717577964158,5.698297218463033,5.696549422269489,5.6797906489709735,5.608631296851023,,5.809505094950618,5.6797906489709735,,5.849836502917562,5.760990017061707,"rgba(38, 166, 154, 1.0)",0.09670704344693556,5.828090047347703,2.863389705468987,84.86989834754701,30.5284454132302,True,False,True,False,True,20.0,0.0,0.0,0.0,0.0,0,1.030660377358491,0.8950471698113215,False,False,False,False,0.3388935248821333,0.3406690548641516,False,False,False,False,2379133.0,2186313.8047985053,False,False,False,False,32990.767183759825,False,False,False,False
2025-07-22 18:00:00+00:00,6.105,6.115,6.1,6.115,8843.0,,,,,,,,,,,,,,6.113686405928865,5.915609604418163,5.8547909464425585,5.818262313547866,5.794145017293721,5.793859757317547,5.79049778829183,5.789519368379596,5.7906508738543785,5.844066032289003,,,,,,,,,,,5.863903807286629,5.84033243333859,5.828524204526151,5.803520277111405,5.785422705606373,5.784693803467791,5.782582891095669,5.798965582097674,5.809750017005425,5.778073810002883,5.747281772722924,5.720184138789329,5.717777182578824,5.698492261538363,5.6967444553858835,5.679984201418404,5.6088268821326395,,5.809750017005425,5.679984201418404,,5.850508810776352,5.761474142712056,"rgba(38, 166, 154, 1.0)",0.10108831211788046,5.828824214831267,2.8309482983059424,84.43897488410512,30.5284454132302,True,False,True,False,True,20.0,0.0,0.0,0.0,0.0,0,1.034278959810875,0.8877068557919628,False,False,False,False,0.33105447029186696,0.33586176257800926,False,False,False,False,2387976.0,2189440.3504605438,False,False,False,False,32616.38319641471,False,False,False,False
2025-07-22 19:00:00+00:00,6.115,6.125,6.095,6.105,35960.0,,,,,,,,,,,,,,6.112257659088603,5.921617555056413,5.859110272317197,5.821753507330389,5.797223763049838,5.796909618313939,5.793292106099344,5.791660553202517,5.792764510443764,5.845165336415327,,,,,,,,,,,5.868423330244796,5.844377865789072,5.832282621525534,5.806756076860402,5.788077796209769,5.787337465001855,5.7850571119607785,5.800701634650605,5.810736385772134,5.7790718711721025,5.748244424188113,5.721095509994186,5.718581789952651,5.699280298181538,5.697532473424796,5.680766446683012,5.609618019160794,,5.810736385772134,5.680766446683012,,5.8531754881317335,5.76340830122189,"rgba(38, 166, 154, 0.75)",0.10479159927815966,5.831742934974375,2.607623768583683,82.21646933702033,30.5284454132302,True,False,True,False,False,20.0,0.0,0.0,0.0,0.0,0,1.0308422301304867,0.8920521945432985,False,False,False,False,0.3349690357483095,0.3354153991631594,False,False,False,False,2352016.0,2191960.903166582,False,False,False,False,32668.222216625334,False,False,False,False
2025-07-23 14:00:00+00:00,6.055,6.105,6.05,6.075,20978.0,,,,,,,,,,,,,,6.107462638640027,5.924386904462896,5.861251125215956,5.823530835544648,5.798812111249385,5.7984834965743595,5.794738068047532,5.792772840980688,5.793862170322186,5.845725764234801,,,,,,,,,,,5.870645590811697,5.846405519391534,5.834182695538774,5.808417312176304,5.789455458556126,5.788709661593834,5.786343522258525,5.801602099728795,5.811247890691129,5.77959560010037,5.748754461360778,5.721581887037761,5.7190116323671525,5.699703136821466,5.697955458540199,5.681187767353321,5.610049156899593,,5.811247890691129,5.681187767353321,,5.854102595527247,5.764402873601609,"rgba(38, 166, 154, 0.75)",0.10736223101558438,5.833013507254435,2.25392570978186,75.81138513819627,31.031405602222776,True,False,True,False,False,19.29746743676087,0.0,0.0,0.0,0.0,0,1.0141342756183749,0.8987043580683164,False,False,False,False,0.28479843143074307,0.3101069152969512,False,False,False,False,2331038.0,2194117.137226015,False,False,False,False,32486.978461328818,False,False,False,False
2025-07-23 15:00:00+00:00,6.075,6.075,6.03,6.06,61634.0,,,,,,,,,,,,,,6.092585314456871,5.930899274435523,5.866695304240313,5.828177253336859,5.803020102209534,5.802654513135904,5.798582218841624,5.795745503178214,5.796795221544049,5.847203715945094,,,,,,,,,,,5.876249954375915,5.851621392694119,5.839114184336515,5.812797038296064,5.793128348960414,5.792369197405767,5.789780990387017,5.804008281785616,5.812617634401738,5.781012269843928,5.750145432906866,5.722916484011017,5.7201924282539,5.700868895895562,5.699121971531314,5.6823529151667795,5.611252656526426,,5.812617634401738,5.6823529151667795,,5.856235842132398,5.767032357457587,"rgba(38, 166, 154, 0.75)",0.10937578828542481,5.8361907510748345,2.0462412425418783,69.51440734209284,25.36865419993761,True,False,True,False,False,17.53950937521904,0.0,0.0,0.0,0.0,0,1.0035294117647062,0.9152941176470596,False,False,False,False,0.24714592570738433,0.2786264205021678,False,False,False,False,2269404.0,2195284.375408557,False,False,False,False,32938.87026812992,False,False,False,False
2025-07-23 16:00:00+00:00,6.055,6.07,6.045,6.055,16404.0,,,,,,,,,,,,,,6.090064599759568,5.932546391546812,5.868105485392455,5.829391498850267,5.804124130361852,5.8037490617863785,5.799592813688489,5.79653037410741,5.797569757343932,5.847596691516391,,,,,,,,,,,5.877697989864186,5.852976965036141,5.8403996622469405,5.813944460602208,5.7940949515154,5.793332377307487,5.790686763850932,5.80464521279195,5.812982093147277,5.7813891453389905,5.7505155283693865,5.723271664775563,5.720506859561869,5.701179331103887,5.699432605860161,5.682663180013824,5.611573072881728,,5.812982093147277,5.682663180013824,,5.856927080435355,5.76772305083929,"rgba(38, 166, 154, 0.5)",0.11112641936585574,5.837088371731214,1.9609344880569424,64.65367720335487,21.16573209280334,False,False,True,False,False,16.95640922259769,0.0,0.0,0.0,0.0,0,1.0142517814726844,0.9144893111638963,False,False,False,False,0.2546185117720711,0.2666224661371195,False,False,False,False,2253000.0,2196179.1912936955,False,False,False,False,32682.515690329452,False,False,False,False
2025-07-23 17:00:00+00:00,6.055,6.07,6.045,6.045,38903.0,,,,,,,,,,,,,,6.084823607799987,5.936184923176674,5.871309890573477,5.832178709427738,5.806670307131441,5.806273795219334,5.801927475448599,5.798349384216939,5.799364887852422,5.848508020737234,,,,,,,,,,,5.880978632365778,5.856069774264284,5.843342285672267,5.816586161863231,5.7963304557050215,5.795560224243878,5.792783857685154,5.8061231580578445,5.8138303269745,5.78226804685262,5.751380150088171,5.7241025894231345,5.721242835718894,5.701906501180023,5.7001602851189705,5.683390398416888,5.612325441195591,,5.8138303269745,5.683390398416888,,5.858559100158384,5.769316536754485,"rgba(38, 166, 154, 0.5)",0.11204889537585745,5.839172201049627,1.8369462568992116,60.07896174864128,17.20900312820953,False,True,True,False,False,15.788920392425243,0.0,0.0,0.0,0.0,0,1.0095351609058405,0.9129916567342082,False,False,False,False,0.2546185117720711,0.26062048895459533,False,False,False,False,2214097.0,2196456.986777514,False,False,False,False,32778.957307533645,False,False,False,False
2025-07-23 18:00:00+00:00,6.045,6.07,6.045,6.065,13250.0,,,,,,,,,,,,,,6.083673160778827,5.93744234042412,5.8724151688797495,5.833140376050361,5.807548792862998,5.807144964813723,5.802733688547408,5.798979097943362,5.799986452198457,5.848826613289526,,,,,,,,,,,5.882110330256829,5.857136338523774,5.844357266781292,5.8174976028716365,5.797102594319121,5.796329716715869,5.793508564211616,5.806635997014114,5.814125866008153,5.782573427332094,5.7516799829568335,5.724390351642016,5.721497777016179,5.702158168754283,5.700412108693923,5.683641882970279,5.612584970979368,,5.814125866008153,5.683641882970279,,5.859189065578852,5.769867232179259,"rgba(38, 166, 154, 0.5)",0.11309375844047727,5.839924887085305,1.9901638783466173,59.333096871939006,16.648034437671413,False,True,True,False,False,17.284357605911666,0.0,0.0,0.0,0.0,0,1.0095579450418162,0.9115890083632026,False,False,False,False,0.2546185117720711,0.25761950036333325,False,False,False,False,2227347.0,2196935.901711196,False,False,False,False,32476.1827756339,False,False,False,False
2025-07-23 19:00:00+00:00,6.065,6.09,6.065,6.09,25974.0,,,,,,,,,,,,,,6.083506052658017,5.940257521512941,5.874790671792591,5.835179983799551,5.8093996233665575,5.808980335170567,5.804431460747005,5.800306513638541,5.801297163073558,5.849512167464879,,,,,,,,,,,5.884553003209125,5.859414966765166,5.846516758650143,5.8194225201096454,5.798726842319079,5.797948125664208,5.79503244320827,5.807720786959077,5.814754029070309,5.7832167219013675,5.752307244171339,5.724989349909771,5.722028344491481,5.702680297224887,5.700934420580966,5.684162220170734,5.613117450567294,,5.814754029070309,5.684162220170734,,5.860766149322421,5.771030913233697,"rgba(38, 166, 154, 0.5)",0.11408855419450689,5.841642162576191,2.176886535001482,61.15921099441281,16.648034437671413,False,True,True,False,False,19.085602613007083,0.0,0.0,0.0,0.0,0,1.0143540669856463,0.9055023923444984,False,False,False,False,0.28479843143074307,0.27120896589703813,False,False,False,False,2253321.0,2197810.0892815655,False,False,False,False,32375.373740352752,False,False,False,False
2025-07-24 14:00:00+00:00,6.055,6.095,6.055,6.095,49981.0,,,,,,,,,,,,,,6.0832519885958,5.945376672004722,5.879213276765476,5.839012015044052,5.812891703570225,5.812443912577793,5.807640957709851,5.8028260600427215,5.803785310303109,5.850820064877977,,,,,,,,,,,5.889088990691927,5.863672032663523,5.850563529178709,5.823048745759285,5.801800732983391,5.801011286030106,5.797919907765162,5.809784321000938,5.815954522758417,5.784446841020645,5.753507579420543,5.726136351665159,5.72304491418891,5.703680982080168,5.701935473977709,5.685159671513689,5.614138691433444,,5.815954522758417,5.685159671513689,,5.863726196149173,5.773229092595984,"rgba(38, 166, 154, 0.5)",0.11526506858554628,5.84486857569391,2.1700540100789465,62.79729991902675,16.648034437671413,False,True,True,False,True,19.439477300560952,0.0,0.0,0.0,0.0,0,1.011990407673861,0.908872901678658,False,False,False,False,0.28099925212067783,0.27610410900885796,False,False,False,False,2303302.0,2199445.622781076,False,False,False,False,32648.329186238756,False,False,False,False
2025-07-24 15:00:00+00:00,6.095,6.105,6.07,6.07,21935.0,,,,,,,,,,,,,,6.083161381658371,5.9475081040666735,5.881095062603095,5.840656401230539,5.814396136763495,5.8139363351270665,5.8090261551312565,5.803917613613212,5.804863385943665,5.851389416168011,,,,,,,,,,,5.891014429501393,5.865489255936195,5.8522958749354554,5.824608703316019,5.80312877348606,5.802334820224356,5.799168832993915,5.810680154375281,5.816477976658186,5.7849835035387525,5.754031608673669,5.72663740670702,5.723489240576534,5.7041184828481395,5.702373142898172,5.685595840999946,5.614585475880005,,5.816477976658186,5.685595840999946,,5.864994999230539,5.774177266091123,"rgba(38, 166, 154, 0.5)",0.11548866018196417,5.846253024283376,1.9373934667186195,60.192024566472085,16.648034437671413,False,True,True,False,True,16.48540188011916,0.0,0.0,0.0,0.0,0,1.019323671497585,0.905797101449276,False,False,False,False,0.30007674876663276,0.2880904288877454,False,False,False,False,2281367.0,2200715.721652687,False,False,False,False,32482.231059320322,False,False,False,False
2025-07-24 16:00:00+00:00,6.075,6.085,6.05,6.055,64706.0,,,,,,,,,,,,,,6.080300723603628,5.952615865214017,5.885958507932581,5.845020567076221,5.818439739074333,5.817949008142389,5.812762591899787,5.806879073588934,5.807787974228668,5.852920279488278,,,,,,,,,,,5.895951165276639,5.870237598918411,5.856861461121965,5.8287821862519555,5.80672085324572,5.805915840369986,5.802554812009112,5.813112230023749,5.817904240894046,5.786458239580531,5.755481780154887,5.728031371509729,5.724726804724504,5.7053408012479485,5.703596241777403,5.686817625020108,5.615846946633122,,5.817904240894046,5.686817625020108,,5.868063433024884,5.776725894044695,"rgba(38, 166, 154, 0.5)",0.11502890353577719,5.849780597383092,1.7840681455602894,56.58980959544415,13.690880692356487,False,True,True,False,False,14.766281012894844,0.0,0.0,0.0,0.0,0,1.0257037943696454,0.8996328029375773,False,False,False,False,0.2696485132869756,0.2788694710873605,False,False,False,False,2216661.0,2200962.9352704748,False,False,False,False,32981.824376230084,False,False,False,False
2025-07-24 17:00:00+00:00,6.055,6.06,6.04,6.04,12898.0,,,,,,,,,,,,,,6.079360503170824,5.953435398921222,5.886808893791914,5.8458052610792794,5.819176318250455,5.81868019679465,5.813445629418656,5.807423484683795,5.808325539852861,5.8531988287797185,,,,,,,,,,,5.896806960104142,5.871077627858151,5.8576764545923545,5.829538835711701,5.807379312090941,5.806572481666005,5.803176923607369,5.813559516457872,5.818167401007178,5.786732753328069,5.7557536606021555,5.728294112230484,5.724960325451891,5.705572158231435,5.70382780528766,5.687049483296033,5.616088217512044,,5.818167401007178,5.687049483296033,,5.868566005474337,5.7771902370020864,#000000,0.11412941129488459,5.8503908444644335,1.6613522612997573,52.497048635092405,9.728625390433592,False,True,False,False,False,13.07742301244268,0.0,0.0,0.0,0.0,0,1.0257037943696456,0.9033047735618125,False,False,False,False,0.24341980180082567,0.2611446364440931,False,False,False,False,2203763.0,2201006.3471267466,False,False,False,False,32670.44725411799,False,False,False,False
2025-07-24 18:00:00+00:00,6.045,6.045,6.015,6.03,26634.0,,,,,,,,,,,,,,6.076666666666665,5.954788721458218,5.888356599808777,5.8472735983828015,5.820572047636257,5.820066079215606,5.8147436357051365,5.8084621180756875,5.809350885489409,5.853722164258102,,,,,,,,,,,5.89835059524664,5.872624926264524,5.859190960195076,5.830966116659186,5.8086337262193,5.807823811904987,5.8043643349632115,5.814412098171467,5.8186694103028485,5.78726155804938,5.75628140965598,5.728806964703501,5.725416541982083,5.706025617316008,5.704281791751371,5.6875051741263,5.6165663290216346,,5.8186694103028485,5.6875051741263,,5.869400251669665,5.778069492149029,"rgba(239, 83, 80, 1.0)",0.11353619893436104,5.851480448381233,1.5723580082329087,48.71182522515998,6.116184872675234,False,True,False,True,False,11.964400179380352,0.0,0.0,0.0,0.0,0,1.0195599022004895,0.9083129584352088,False,False,False,False,0.21383906538941216,0.23749185091675262,False,False,False,False,2177129.0,2200636.155698425,False,False,False,False,32576.85892459678,False,False,False,False
2025-07-24 19:00:00+00:00,6.035,6.05,6.025,6.03,44524.0,,,,,,,,,,,,,,6.0731831257792654,5.957090798336933,5.89095924869731,5.849742378849785,5.822919198278937,5.822396924833086,5.81692870953113,5.810215622417441,5.811082299123381,5.8546147579683945,,,,,,,,,,,5.900947733482678,5.875225412285664,5.861736564883303,5.8333660580692674,5.810746111715658,5.809931026120827,5.8063651830050675,5.815855165304405,5.819523055794429,5.788158547954369,5.75717515846883,5.729674584402913,5.726188628113636,5.7067924953096965,5.705049511164842,5.68827533480956,5.617372761489244,,5.819523055794429,5.68827533480956,,5.870913306381567,5.779551960727907,"rgba(239, 83, 80, 1.0)",0.11215810912027582,5.853368886267539,1.57484033136691,46.1883429518717,3.6594574918065703,False,True,False,True,False,11.964400179380352,0.0,0.0,0.0,0.0,0,1.0194884287454329,0.9062119366626075,False,False,False,False,0.2248860509077387,0.23118895091224567,False,False,False,False,2177129.0,2200271.7036720933,False,False,False,False,32762.085918013887,False,False,False,False
2025-07-25 14:00:00+00:00,5.985,6.005,5.975,5.995,18315.0,,,,,,,,,,,,,,6.070472899992193,5.957494232845862,5.891689156701839,5.850506009825125,5.823675610392633,5.823148664726801,5.817638890399103,5.810791536390596,5.811650486382033,5.854891788859549,,,,,,,,,,,5.9016514793546,5.875987496691568,5.862505860496793,5.834128308027323,5.811437939848894,5.810621814160863,5.807024102280342,5.8163270085579795,5.819802026691148,5.788461199078648,5.757484057772961,5.729979604950206,5.72646070023564,5.707065401740596,5.7053229403307935,5.688551680794356,5.617669260138681,,5.819802026691148,5.688551680794356,,5.8711959276515735,5.780028287126553,"rgba(239, 83, 80, 1.0)",0.11064845720151399,5.8538616198397415,1.275556693060944,41.20584285737842,-1.0809140436862137,False,True,False,True,False,8.135771075151876,0.0,0.0,0.0,0.0,0,1.0169491525423735,0.9104116222760299,False,False,False,False,0.14668543336160275,0.18893719213692423,False,False,False,False,2158814.0,2199628.948576402,False,False,False,False,32538.10008982762,False,False,False,False
2025-07-25 15:00:00+00:00,5.995,5.995,5.955,5.965,18189.0,,,,,,,,,,,,,,6.067314710678737,5.957656579257287,5.8922607164186145,5.851149994959258,5.824331498163205,5.823800830510952,5.818258093673718,5.811297037564637,5.812148937067799,5.8551257390920695,,,,,,,,,,,5.902186756956576,5.876605373391156,5.863143985690927,5.834782896994801,5.812044126578699,5.811227457737718,5.8076034860727175,5.8167399407201765,5.820046048225567,5.788731383266818,5.757763896694584,5.730258727149628,5.726710014187071,5.707316903785146,5.705575042023232,5.688807552384105,5.617947532720292,,5.820046048225567,5.688807552384105,,5.871334413738627,5.780440654387013,"rgba(239, 83, 80, 1.0)",0.10939728408767699,5.854228060784652,1.012565715311261,35.922813095063006,-5.9892082759671865,False,True,False,True,False,5.053237432554763,0.0,0.0,0.0,0.0,0,1.0060313630880584,0.9179734620024133,False,False,False,False,0.11562875360530361,0.15228297287111392,False,False,False,False,2140625.0,2198714.1586759924,False,False,False,False,32315.633421768278,False,False,False,False
2025-07-25 16:00:00+00:00,5.965,5.99,5.96,5.985,14224.0,,,,,,,,,,,,,,6.065144790380834,5.957840157179197,5.892739072500778,5.85167644354452,5.824863398533469,5.824329668795344,5.818759752100021,5.811706478418971,5.812552772873686,5.855318466987696,,,,,,,,,,,5.90263930154419,5.877116525288264,5.863668169465646,5.835315187730378,5.81253465032927,5.811717461661699,5.808072032992198,5.817075161566123,5.820244696622056,5.788949795341966,5.757989029437707,5.7304825704793165,5.726909924031148,5.707518199928406,5.705776787045395,5.689012033185273,5.618168935993719,,5.820244696622056,5.689012033185273,,5.871493100131452,5.780775909567221,"rgba(239, 83, 80, 1.0)",0.10800191856818328,5.854550388662711,1.2078453148490584,35.480452110094426,-6.471021568375662,False,True,False,True,False,6.77412182461206,0.0,0.0,0.0,0.0,0,1.0060679611650492,0.932038834951457,False,False,False,False,0.11562875360530361,0.13395586323820877,False,False,False,False,2154849.0,2198034.0786965196,False,False,False,False,32035.14298112071,False,False,False,False
2025-07-25 17:00:00+00:00,5.985,6.01,5.985,6.005,25739.0,,,,,,,,,,,,,,6.0623915728956455,5.958506787515631,5.893807025171852,5.852779162784123,5.82595118933657,5.825410829560155,5.819781756181668,5.812537980883886,5.813373422915827,5.855726845193411,,,,,,,,,,,5.903675204365452,5.878223766154931,5.864781635211425,5.836412836861287,5.813529998173026,5.812711239890811,5.809020452376301,5.817759266621005,5.820651988290327,5.789388816247036,5.7584351958912725,5.730921919935584,5.727301968402492,5.707910777327886,5.706170057068473,5.6894089725113925,5.618592944934902,,5.820651988290327,5.6894089725113925,,5.872026657243877,5.781464531780212,"rgba(239, 83, 80, 1.0)",0.10698564355988115,5.8553255590976745,1.3990142595024988,37.85027238137183,-6.471021568375662,False,True,False,True,False,8.444977117563141,0.0,0.0,0.0,0.0,0,1.009756097560976,0.9317073170731717,False,False,False,False,0.1507834742109662,0.14236966872458748,False,False,False,False,2180588.0,2197763.5968562635,False,False,False,False,31937.528361258373,False,False,False,False
2025-07-25 18:00:00+00:00,6.005,6.01,5.99,5.99,12982.0,,,,,,,,,,,,,,6.061019805434396,5.958808708440217,5.894320985872395,5.853316692373657,5.826484319076708,5.8259407871913815,5.820283411327366,5.81294717871605,5.813777270451246,5.855927207152115,,,,,,,,,,,5.904171572585948,5.878759610134956,5.865322688072006,5.83694975839052,5.8140191206831116,5.813199653054376,5.809486972976536,5.8180960959815575,5.8208529098786315,5.7896060597718195,5.758656509075509,5.731140233607161,5.7274968655905285,5.708106127286217,5.706365766712511,5.689606648422574,5.618804579700199,,5.8208529098786315,5.689606648422574,,5.872282636603553,5.781802421877892,"rgba(239, 83, 80, 1.0)",0.10601453240511434,5.855701665666558,1.2667917434210487,38.10293883560941,-6.471021568375662,False,True,False,True,False,6.9097921265602515,0.0,0.0,0.0,0.0,0,1.0048840048840055,0.9328449328449336,False,False,False,False,0.15471091439213666,0.14854029155836207,False,False,False,False,2167606.0,2197296.037215081,False,False,False,False,31643.64420061871,False,False,False,False
2025-07-25 19:00:00+00:00,5.995,6.01,5.99,5.99,49371.0,,,,,,,,,,,,,,6.056287438260755,5.9599145648070895,5.896229561665526,5.855324770154388,5.828481775487714,5.827926627093932,5.822165513112067,5.8144869007672755,5.815296998771464,5.856684015796833,,,,,,,,,,,5.906011845009421,5.880753911875581,5.867340409554791,5.838959243790669,5.815855648670205,5.815033655280996,5.811240179622487,5.819365568724361,5.821612850427666,5.790428102025085,5.75949442863004,5.7319672223429645,5.7282354976547545,5.708846642178839,5.707107655083299,5.690356099487158,5.619607274778718,,5.821612850427666,5.690356099487158,,5.873279816591704,5.783071543243355,"rgba(239, 83, 80, 1.0)",0.10505331121955226,5.857128512999874,1.2648005613305835,38.27138313843446,-6.471021568375662,False,True,False,True,False,6.9097921265602515,0.0,0.0,0.0,0.0,0,1.0085574572127145,0.9290953545232281,False,False,False,False,0.15471091439213666,0.15162560297524935,False,False,False,False,2167606.0,2196835.7265605833,False,False,False,False,31918.48692619051,False,False,False,False
2025-07-28 14:00:00+00:00,5.935,5.995,5.925,5.975,103102.0,,,,,,,,,,,,,,6.044134780509093,5.960206945739407,5.8988073361308055,5.858441967309463,5.831747894800185,5.831177274839544,5.825278968884868,5.8170758372128795,5.817850472930572,5.857886856556101,,,,,,,,,,,5.908364963365263,5.88362813517568,5.870376029407227,5.842186078540094,5.818922980592351,5.818100261800874,5.814190027384762,5.821496024833563,5.822895563635833,5.791863526647299,5.760994266699006,5.733473095749079,5.729584559727343,5.710212076645374,5.708476682655606,5.691748862274108,5.621132743373955,,5.822895563635833,5.691748862274108,,5.874260833491292,5.785155639912201,"rgba(239, 83, 80, 1.0)",0.10372381901291758,5.859072884375018,1.117651825088935,37.022067909320185,-6.471021568375662,False,True,False,True,False,5.370207888613521,0.0,0.0,0.0,0.0,0,0.9939540507859738,0.9322853688029027,False,False,False,False,0.0923546079866916,0.12199010548097047,False,False,False,False,2064504.0,2194784.071885226,False,False,False,False,33022.10728392399,False,False,False,False
2025-07-28 15:00:00+00:00,5.975,5.975,5.935,5.945,51053.0,,,,,,,,,,,,,,6.038416282366698,5.959970541164562,5.8997705705474175,5.8597357798168455,5.833151897895237,5.832575733670405,5.8266285722293585,5.81821250457809,5.818971229074981,5.858399715041758,,,,,,,,,,,5.909203733818175,5.884758462720942,5.871608264523338,5.843556600615233,5.820261182464492,5.81943913765149,5.815483727511626,5.822432165636887,5.823463464312602,5.792511535412622,5.761680854557925,5.734169049105103,5.73020938628776,5.710847723104758,5.709114260926889,5.692399903094747,5.62185403608937,,5.823463464312602,5.692399903094747,,5.874583282638534,5.786058440460822,"rgba(239, 83, 80, 1.0)",0.10249579204719186,5.85984275034431,0.8308365441625327,33.97645522879552,-9.72669519729562,False,True,False,True,False,2.4011480216235483,0.0,0.0,0.0,0.0,0,0.9963811821471655,0.9384800965018102,False,False,False,False,0.0846199058641384,0.10330500567255443,False,False,False,False,2013451.0,2191972.7064296408,False,False,False,False,33301.65600820424,False,False,False,False
2025-07-28 16:00:00+00:00,5.945,5.95,5.915,5.92,19101.0,,,,,,,,,,,,,,6.035926790650242,5.959646244784248,5.899963987480318,5.860090131569635,5.83356701415321,5.832989759216639,5.827033284001172,5.81855936291009,5.819312850730713,5.858542512783144,,,,,,,,,,,5.909341373217969,5.885027634341869,5.8719281590691965,5.843951813499027,5.820667271650432,5.819846008812203,5.815879652784961,5.822716347746721,5.823636216489936,5.792717286192779,5.761905072415589,5.734400481635776,5.730417720601237,5.711061725178894,5.70932908117211,5.692620800036291,5.622104057414277,,5.823636216489936,5.692620800036291,,5.874563193827941,5.786326511897604,"rgba(239, 83, 80, 1.0)",0.10082015028106474,5.860001721243632,0.5951020563756881,30.526394346571713,-13.257186051793092,False,True,False,True,False,0.04375971270741985,0.0,0.0,0.0,0.0,0,0.9842615012106543,0.952784503631962,False,False,False,False,0.0499250708959702,0.07661503828426232,False,False,False,False,1994350.0,2188908.788500499,False,False,False,False,33081.490798774714,False,False,False,False
2025-07-28 17:00:00+00:00,5.915,5.93,5.915,5.915,16500.0,,,,,,,,,,,,,,6.03370552732385,5.959298272024181,5.900080507457033,5.860356276712327,5.833891422297095,5.833313526575603,5.827351754780433,5.818834622466924,5.819583813796703,5.85865072408463,,,,,,,,,,,5.909407210979138,5.885213258608913,5.872161204119633,5.844256831679686,5.8209886528288255,5.820168226075172,5.816194255456441,5.8229413351162105,5.823773145961282,5.7928836279728,5.762088599322977,5.73459138465998,5.730589770770291,5.711239170400504,5.709507262351169,5.6928045501809885,5.622313836601115,,5.823773145961282,5.6928045501809885,,5.874506644751878,5.7865366072403015,"rgba(239, 83, 80, 1.0)",0.09969132540173244,5.860101401861058,0.5506858085968187,27.964709101154583,-15.862834738989058,False,True,False,True,False,0.0,0.0,0.0,0.0,0.0,0,0.9890377588306949,0.9537149817295987,False,False,False,False,0.03454853811460358,0.05558178819943295,False,False,False,False,1977850.0,2185636.5592214214,False,False,False,False,32824.413422049525,False,False,False,False
2025-07-28 18:00:00+00:00,5.915,5.925,5.9,5.925,31063.0,,,,,,,,,,,,,,6.029630639627613,5.958605298094336,5.900260131890199,5.860823313530471,5.8344722057520855,5.833893372201732,5.827924067892038,5.819331853345512,5.82007319051105,5.858842399938932,,,,,,,,,,,5.909490659019805,5.885524443715434,5.87256371372709,5.844799490538573,5.821567897998302,5.820749174809394,5.816762544989198,5.823347636163792,5.824020983865013,5.7931874262592,5.762425685576224,5.7349432741144035,5.730907142256825,5.711567092371559,5.709836591658657,5.693144611152105,5.622703554272528,,5.824020983865013,5.693144611152105,,5.874385647278396,5.786914230734594,"rgba(239, 83, 80, 1.0)",0.09884002909421398,5.860266671745535,0.6549302832839242,28.045776524247213,-16.04869542271988,False,True,False,True,False,0.5191498872217011,0.0,0.0,0.0,0.0,0,0.9804878048780493,0.9573170731707323,False,False,False,False,0.01918831995169035,0.03738505407556165,False,False,False,False,2008913.0,2182896.6590784537,False,False,False,False,32797.10468682395,False,False,False,False
2025-07-28 19:00:00+00:00,5.925,5.925,5.9,5.905,61692.0,,,,,,,,,,,,,,6.021893576046537,5.957085256055084,5.900465208548706,5.861620228256694,5.835510202543444,5.834930516776024,5.828955448585484,5.820237910036532,5.8209645424609,5.859175884198512,,,,,,,,,,,5.909502027512517,5.885996092257335,5.873224269800165,5.845755692097862,5.822618540623393,5.821803691302482,5.8177982768188965,5.82408729897375,5.824474158001263,5.793754040518609,5.763062059784286,5.735612627935516,5.731511745606342,5.712194191844194,5.710466571778804,5.6937968754451544,5.623457008937986,,5.824474158001263,5.6937968754451544,,5.874083877350793,5.78759500995521,"rgba(239, 83, 80, 1.0)",0.09803023986465412,5.86050600253658,0.45388032840530895,26.827486306532798,-17.552211729151175,False,True,False,True,False,0.0,0.0,0.0,0.0,0.0,0,0.9901599015990166,0.9544895448954496,False,False,False,False,0.01918831995169035,0.028286687013626,False,False,False,False,1947221.0,2179242.772891191,False,False,False,False,33245.08755989645,False,False,False,False
2025-07-29 14:00:00+00:00,5.915,5.92,5.895,5.905,7828.0,,,,,,,,,,,,,,6.020955668248222,5.9568859756086265,5.900481732739013,5.861712664634214,5.835634073316319,5.835054346963202,5.829079162037505,5.820347363756148,5.82107219585128,5.859215133993205,,,,,,,,,,5.906666666666666,5.909494020024006,5.886046511905687,5.8732989774422,5.845868830111853,5.822745055282447,5.821930728453629,5.817923364477805,5.8241766453106445,5.824529091402533,5.793823494182562,5.763140593214298,5.735695578928126,5.731586743764201,5.7122721441076685,5.710544894890382,5.6938780880922355,5.623551222278273,,5.824529091402533,5.6938780880922355,,5.874043831714774,5.794287369474178,"rgba(239, 83, 80, 1.0)",0.09767559839855708,5.864656159065151,0.4130390967274061,26.015292828056523,-18.690542635131266,False,True,False,True,False,0.0,0.0,0.0,0.0,0.0,0,0.9926289926289932,0.9422604422604429,False,False,False,False,0.011512057013273548,0.019899372013449775,False,False,False,False,1947221.0,2175645.5361021804,False,False,False,False,32851.0241868748,False,False,False,False
2025-07-29 15:00:00+00:00,5.905,5.935,5.905,5.93,15196.0,,,,,,,,,,,,,,6.01943713168193,5.956630493985833,5.900599325569731,5.861957154449934,5.8359294415098715,5.835349176783792,5.829369545708679,5.8205999225151235,5.821320948374315,5.859317839004711,,,,,,,,,,5.917666782487838,5.909569478242209,5.8862222352821725,5.87351501792471,5.846147141568721,5.8230381253509895,5.822224547439161,5.8182106027159985,5.824384468727836,5.824657116528562,5.793977954034649,5.7633104749482715,5.735872051942389,5.7317459915975295,5.7124362482841935,5.710709665895965,5.694047898602583,5.623744689839458,,5.824657116528562,5.694047898602583,,5.874051097958391,5.795082249522957,"rgba(239, 83, 80, 0.75)",0.09723557351479149,5.865317804814288,0.6652112272045377,29.917830072544884,-18.690542635131266,False,True,False,True,True,1.0333316379753477,0.0,0.0,0.0,0.0,0,0.9938499384993855,0.9434194341943426,False,False,False,False,0.030707238534675753,0.025303305274062764,False,False,False,False,1962417.0,2172339.6673254026,False,False,False,False,32577.302881651933,False,False,False,False
2025-07-29 16:00:00+00:00,5.93,5.945,5.92,5.925,12594.0,,,,,,,,,,,,,,6.018298809197767,5.956463494728623,5.900724181069292,5.862180165046218,5.836191287169268,5.835610436500786,5.829625833529324,5.820821821146005,5.82153960490917,5.859411547374805,,,,,,,,,,5.922027626480992,5.909661385071272,5.886392556677292,5.873716428780675,5.84639607853768,5.823295781248057,5.822482739769075,5.818462495598644,5.824567607768127,5.824770120341991,5.794112269956981,5.763456849317158,5.736023248590317,5.73188235676214,5.712576352896866,5.710850305630532,5.69419252865466,5.623908404756491,,5.824770120341991,5.69419252865466,,5.874086718067126,5.795487507602164,"rgba(239, 83, 80, 0.75)",0.09653767410972862,5.865651994417021,0.6147652316081402,32.03968812115838,-23.206510342040943,False,True,False,True,True,0.5516191478250327,0.0,0.0,0.0,0.0,0,1.0074257425742579,0.9405940594059411,False,False,False,False,0.0499250708959702,0.03761418808501649,False,False,False,False,1949823.0,2168889.7965141563,False,False,False,False,32267.484232323994,False,False,False,False
2025-07-29 17:00:00+00:00,5.925,5.95,5.92,5.925,15870.0,,,,,,,,,,,,,,6.01693130197708,5.956269081287184,5.900888883857822,5.862465968023263,5.836525002101509,5.835943386384139,5.829952266648014,5.821104411361048,5.821818104291781,5.859532058039758,,,,,,,,,,5.924998640459912,5.90978542273286,5.886613435867166,5.8739756504521745,5.846713884739914,5.823623741079218,5.822811353986244,5.818783018861194,5.8248011170281595,5.824914424266324,5.794283218673875,5.763642775692075,5.736215074183509,5.7320553701926436,5.712753996686882,5.711028618296806,5.694375814499969,5.624115578698728,,5.824914424266324,5.694375814499969,,5.87414304639716,5.795860618688757,"rgba(239, 83, 80, 0.75)",0.0954121925462365,5.865954769437982,0.6188436612375777,33.454260153567375,-21.71220340603332,False,True,False,True,True,0.5516191478250327,0.0,0.0,0.0,0.0,0,1.0061652281134408,0.9383477188655985,False,False,False,False,0.0537726088370409,0.0456933984610287,False,False,False,False,1949823.0,2165493.4120720765,False,False,False,False,32013.259670582538,False,False,False,False
2025-07-29 18:00:00+00:00,5.925,5.955,5.925,5.945,2228.0,,,,,,,,,,,,,,6.01676487703276,5.956253026101663,5.900919333570846,5.86251167503916,5.83657657057733,5.835994808617196,5.830002416843557,5.8211475469595335,5.821860639357855,5.859551285398696,,,,,,,,,,5.92568998684439,5.909810631790864,5.886651117402702,5.874018133212696,5.846763541900414,5.8236738715498015,5.822861553675664,5.818831845506137,5.82483687808159,5.824936546840449,5.794308928703369,5.763670396655567,5.736243350921176,5.732080851316908,5.712780051352848,5.711054762230139,5.694402606915004,5.624145586642158,,5.824936546840449,5.694402606915004,,5.8741582179498595,5.795931146752327,"rgba(239, 83, 80, 0.75)",0.09422146615648831,5.866017025372988,0.8382694289200775,37.83601766379596,-17.51093276614045,False,True,False,True,True,2.4655921013101008,0.0,0.0,0.0,0.0,0,1.007407407407408,0.9419753086419758,False,False,False,False,0.06147257338768349,0.05358298592435609,False,False,False,False,1952051.0,2162184.2273887885,False,False,False,False,31551.4726989456,False,False,False,False
2025-07-29 19:00:00+00:00,5.945,5.95,5.93,5.935,21056.0,,,,,,,,,,,,,,6.015159426629919,5.956068740039453,5.901181514058199,5.8629229626397,5.8370460591394036,5.8364630700791365,5.830460071588399,5.821542453276605,5.822249993556935,5.859725194232385,,,,,,,,,,5.929250387845716,5.910022194627915,5.886983277445311,5.874397350152064,5.847213887521204,5.824132216923131,5.823320634245696,5.819278908800434,5.825164152947481,5.825139247354822,5.794545976132344,5.763926128988754,5.73650586991939,5.732317533254685,5.7130224100512494,5.7112979793544385,5.694652116108145,5.624425926517623,,5.825139247354822,5.694652116108145,,5.874281948524013,5.796422011010577,"rgba(239, 83, 80, 0.75)",0.09279362940229902,5.866438112244654,0.7388641676908791,39.46062686466189,-15.95041806517851,False,True,False,True,True,1.4626546700663887,0.0,0.0,0.0,0.0,0,1.003703703703704,0.9444444444444449,False,False,False,False,0.06147257338768349,0.057527779656019795,False,False,False,False,1930995.0,2158599.8982819854,False,False,False,False,31388.7521919852,False,False,False,False
2025-07-30 14:00:00+00:00,5.965,5.995,5.94,5.975,34421.0,,,,,,,,,,,,,,6.01369722390497,5.956299074775898,5.901960935186465,5.863864119852865,5.838041343615863,5.8374544996425595,5.83141713934523,5.82235581382603,5.823053018477389,5.860121704012161,,,,,,,,,,5.942095921899755,5.9107407373247165,5.88784641574652,5.8753100450540785,5.848193181155533,5.82507924131141,5.824267778761199,5.820195064808518,5.825843687636159,5.825561318080753,5.795016783410208,5.764418187993784,5.737000656896278,5.7327625709041925,5.71347300896358,5.711749756243375,5.695111762452945,5.624929254859285,,5.825561318080753,5.695111762452945,,5.874826487263943,5.797755298527904,"rgba(239, 83, 80, 0.75)",0.09174204926639214,5.867764649303214,1.1688789552259229,45.758128532792576,-10.107245246605835,False,True,False,True,True,5.15364298744171,0.0,0.0,0.0,0.0,0,1.0012269938650311,0.9398773006134973,False,False,False,False,0.10397764990321388,0.08075271477961685,False,False,False,False,1965416.0,2155604.7990838154,False,False,False,False,31435.76378590791,False,False,False,False
2025-07-30 15:00:00+00:00,5.975,5.985,5.94,5.955,69493.0,,,,,,,,,,,,,,6.0104024302272085,5.95641862127661,5.903258372623947,5.865540335174281,5.839857116984672,5.83926423057247,5.833173332769924,5.823861653972782,5.824539406055542,5.860841525843977,,,,,,,,,,5.94905901973294,5.9119040281187365,5.88932985030853,5.8769114980667645,5.8499649710539074,5.826824832772418,5.8260144960412745,5.821889942207707,5.827102525717068,5.826347510989394,5.795905760864065,5.76535650959842,5.737950625875124,5.733618343583809,5.714342654394102,5.712621929897651,5.696001498337774,5.625911656622871,,5.826347510989394,5.696001498337774,,5.875715702550141,5.799280980787921,#000000,0.09077062468827564,5.869294318094755,0.944200639794817,47.366694411425414,-8.715691468377464,False,True,False,False,True,3.1523049822066085,0.0,0.0,0.0,0.0,0,1.002447980416157,0.9412484700122402,False,False,False,False,0.09622603766085247,0.08848937622023466,False,False,False,False,1895923.0,2151578.724679415,False,False,False,False,32025.798455893837,False,False,False,False
2025-07-30 16:00:00+00:00,5.955,5.985,5.955,5.975,29636.0,,,,,,,,,,,,,,6.009414675838887,5.9566258154314,5.903904372811389,5.866323636088022,5.840688738379027,5.840092868062779,5.8339753328209945,5.824548038038313,5.825217274942085,5.861181102598288,,,,,,,,,,5.95227519577065,5.912499905236122,5.890045485819463,5.877669509131953,5.850781918213281,5.827619612426971,5.826809479757531,5.822660311747356,5.827678712704929,5.826709024488164,5.796308714399949,5.765777754575112,5.7383744489686626,5.734000046314221,5.71472918486277,5.713009469752809,5.696395807797937,5.626343431082249,,5.826709024488164,5.696395807797937,,5.876197185501118,5.799982667391674,"rgba(38, 166, 154, 0.5)",0.08961393673782618,5.870040014633849,1.1712462278408835,50.58493220361801,-5.714869764470876,False,False,True,False,True,4.937384019569244,0.0,0.0,0.0,0.0,0,1.0061500615006154,0.9446494464944651,False,False,False,False,0.10785807232087333,0.09817372427055399,False,False,False,False,1925559.0,2148074.5429014396,False,False,False,False,31988.74731704277,False,False,False,False
2025-07-30 17:00:00+00:00,5.975,5.985,5.975,5.985,16657.0,,,,,,,,,,,,,,6.009022604002844,5.95681561069501,5.904314927641059,5.866800150598189,5.841186899414975,5.840589121691696,5.834454477309811,5.824957063966547,5.825621367118998,5.861388242892586,,,,,,,,,,5.954451282119664,5.912885361013889,5.890490890198393,5.8781350126725265,5.851273876314592,5.828093249809971,5.8272830883514,5.82311865703218,5.8280229001395405,5.826925388503139,5.796547254749051,5.766025225140913,5.7386221678394485,5.7342230507969365,5.714954361677362,5.7132351805087565,5.696624968897863,5.626592652038113,,5.826925388503139,5.696624968897863,,5.8765150465331715,5.800416920433541,"rgba(38, 166, 154, 0.5)",0.08879955157743635,5.870516868177397,1.28923096782499,53.70854980699981,-2.7907681392067474,False,False,True,False,True,5.814393506185425,0.0,0.0,0.0,0.0,0,1.004968944099379,0.9503105590062115,False,False,False,False,0.12341336231992753,0.11079354329524076,False,False,False,False,1942216.0,2144882.9375851383,False,False,False,False,31751.04580825141,False,False,False,False
2025-07-30 18:00:00+00:00,5.985,6.03,5.98,6.015,85283.0,,,,,,,,,,,,,6.008333333333334,6.0089761037433735,5.958740137912625,5.907052680725052,5.869731842693893,5.844157159271725,5.843546514175947,5.837295465586234,5.827369087932497,5.828006066545858,5.862670408968151,,,,,,,,,,5.969262064534704,5.915533198991184,5.893352752791348,5.881051982773024,5.854239325645682,5.830886605586792,5.830074380176745,5.8258124030354725,5.830063007414962,5.828213045959007,5.797933568594941,5.767439016914594,5.740020908955806,5.735480931860403,5.716216006509667,5.714499107071894,5.6979017459766705,5.62795861297164,,5.828213045959007,5.6979017459766705,,5.890534436444426,5.803107703653585,"rgba(38, 166, 154, 1.0)",0.08813825135175264,5.882593751013819,1.5022563637864557,58.29072796960501,1.4654746989908887,True,False,True,False,True,8.36767155286661,0.0,0.0,0.0,0.0,0,1.0037313432835824,0.9427860696517415,False,False,False,False,0.16258014752875977,0.13668684541200027,False,False,False,False,2027499.0,2143063.0315760663,False,False,False,False,32580.998586418053,False,False,False,False
2025-07-30 19:00:00+00:00,6.015,6.015,5.965,5.975,457212.0,,,,,,,,,,,,,5.988668119829062,6.002607777855881,5.963121760143737,5.916691308350965,5.881252872862168,5.856408013881313,5.855761898690902,5.849191564454634,5.837752532994628,5.8382728033221865,5.868137057706857,,,,,,,,,,5.978637721495016,5.924526965584315,5.903910404387853,5.892198443876355,5.866258737821332,5.842709050572918,5.841901936749586,5.837326723397841,5.838923688262301,5.833960681380938,5.804275708721111,5.774037998137827,5.746647843075079,5.741472189116345,5.722273148354434,5.720570938217317,5.704070801130773,5.634678952518557,,5.833960681380938,5.704070801130773,,5.896169610008394,5.811576774044438,"rgba(38, 166, 154, 0.5)",0.0868034436979961,5.890797083762637,0.9700411947977431,56.41438978184047,1.4654746989908887,False,False,True,False,True,4.381864118622548,0.0,0.0,0.0,0.0,0,1.0024783147459728,0.9392812887236682,False,False,False,False,0.13902830759110002,0.13785757650155014,False,False,False,False,1570287.0,2134182.783024499,False,False,False,False,39164.4249649232,False,False,False,False
2025-07-31 14:00:00+00:00,6.005,6.005,5.94,5.945,27199.0,,,,,,,,,,,,,5.987458556698859,6.001996859122612,5.963123839595511,5.917031907610359,5.881738030017722,5.856958448864435,5.856311693211183,5.849735834986256,5.838242718117318,5.8387574428953375,5.8683894591948,,,,,,,,,,5.978113903454627,5.924823565165562,5.904314860299033,5.892649340709083,5.866786670638995,5.843257024081133,5.842450934013201,5.8378665981227265,5.839345507452477,5.83424220252026,5.804595859640048,5.77437894616088,5.746995980299498,5.741788643335327,5.722595881312079,5.72089467211511,5.704401786185897,5.635046540567569,,5.83424220252026,5.704401786185897,,5.8963404354831255,5.8119193842263055,"rgba(38, 166, 154, 0.5)",0.08579711034841127,5.891061707503569,0.6286726007134098,52.422511351285905,1.4654746989908887,False,False,True,False,False,1.5798623189847092,0.0,0.0,0.0,0.0,0,0.991432068543452,0.9424724602203185,False,False,False,False,0.1117417331019156,0.12479965480173287,False,False,False,False,1543088.0,2125018.522822569,False,False,False,False,38978.914500350744,False,False,False,False
2025-07-31 15:00:00+00:00,5.945,5.955,5.925,5.935,53165.0,,,,,,,,,,,,,5.98326540463679,6.000118282279368,5.962656554225185,5.9173316807069325,5.8823844385055075,5.857769112263084,5.857123004643475,5.850553989692109,5.839000601076459,5.839506040423973,5.868750078996813,,,,,,,,,,5.9756194009547405,5.9250224254687005,5.904761507863988,5.893208433199115,5.867539233899768,5.844093841354983,5.8432908384955615,5.838700995385808,5.839997223160632,5.834683073797886,5.805119967824924,5.77495414484066,5.747594986787351,5.7423350986856585,5.72315897573865,5.721459981032695,5.704984087685631,5.635708147288308,,5.834683073797886,5.704984087685631,,5.896223562495427,5.812346242414725,#000000,0.0847913708850722,5.891137366529751,0.517300675910769,48.94186733595635,6.280646024347938,False,False,False,False,False,0.6713490744481518,0.0,0.0,0.0,0.0,0,0.9878048780487807,0.9548780487804881,False,False,False,False,0.06147257338768349,0.09313611409470818,False,False,False,False,1489923.0,2115172.080608266,False,False,False,False,39198.85381042282,False,False,False,False
2025-07-31 16:00:00+00:00,5.935,5.955,5.925,5.935,93026.0,,,,,,,,,,,,,5.977426686316005,5.997084839471092,5.961879942933207,5.917836401693926,5.883480671563525,5.859149387974903,5.858504650187397,5.851949790717739,5.840299464404038,5.840789180182763,5.869372211275696,,,,,,,,,,5.97193281742455,5.925356653086239,5.905515452095775,5.894154479899817,5.868818641027076,5.845523170941341,5.84472560503784,5.840128125691301,5.841117159805426,5.835445574617828,5.8060272163681805,5.775950954566062,5.748634130940945,5.743283989820866,5.724137216613956,5.722442096643184,5.70599603193158,5.63685888262954,,5.835445574617828,5.70599603193158,,5.896161202429118,5.813113788841195,"rgba(239, 83, 80, 0.5)",0.083937074242707,5.891368965597028,0.51980647165293,46.621437992403315,4.020431368497867,False,False,False,True,False,0.6713490744481518,0.0,0.0,0.0,0.0,0,1.0061804697156986,0.9530284301606925,False,False,False,False,0.06147257338768349,0.07730434374119584,False,False,False,False,1489923.0,2105478.296412789,False,False,False,False,40033.38320871084,False,False,False,False
2025-07-31 17:00:00+00:00,5.935,5.935,5.89,5.895,32997.0,,,,,,,,,,,,,5.974308880882881,5.995537160708752,5.961261634259187,5.917741990296071,5.883640700805563,5.85943640922772,5.858793549949702,5.852256678729203,5.840605861781663,5.841091181394446,5.869490112209485,,,,,,,,,,5.969721426706,5.925191661099723,5.905524550072415,5.894246839487178,5.869059714790708,5.845850353126036,5.845055513050011,5.840464486746977,5.841380895600304,5.8356309349882975,5.806269748325133,5.776233230969607,5.748938931641879,5.743564078265859,5.724431088857278,5.722737541908986,5.706304234737233,5.637222303274035,,5.8356309349882975,5.706304234737233,,5.895833105476789,5.813212640758203,"rgba(239, 83, 80, 1.0)",0.08318886576568194,5.89114668954858,0.04632002631545892,42.01308203380686,-0.38451132915282216,False,True,False,True,False,0.0,0.0,0.0,0.0,0.0,0,1.0012345679012347,0.9432098765432103,False,False,False,False,0.00988047962355931,0.043592411682377576,False,False,False,False,1456926.0,2095423.2220497997,False,False,False,False,39924.29199617269,False,False,False,False
2025-07-31 18:00:00+00:00,5.895,5.915,5.895,5.905,69959.0,,,,,,,,,,,,,5.968387364987017,5.992366574677683,5.95995680867778,5.917517667147231,5.883948750388771,5.8600125426621315,5.859373814211487,5.852876492750358,5.841230051678793,5.84170635950945,5.869726535484527,,,,,,,,,,5.965383661295369,5.924820688579943,5.905515905807019,5.894412534677667,5.869538600335873,5.846513884249912,5.845724867093182,5.841148824448556,5.841919000996642,5.836011609160147,5.806771636266314,5.776820092810189,5.749574497951457,5.744148710649543,5.725045356750597,5.7233551623762295,5.70694914401313,5.637984838966173,,5.836011609160147,5.70694914401313,,5.895191178379566,5.813424389801551,"rgba(239, 83, 80, 1.0)",0.08190012594998781,5.89071055828977,0.17447398944118558,40.23929444414729,-2.154831938322758,False,True,False,True,False,0.0,0.0,0.0,0.0,0.0,0,1.0000000000000002,0.9515527950310563,False,False,False,False,-0.0039760031260123955,0.01980820427818259,False,False,False,False,1526885.0,2086608.6759715083,False,False,False,False,40389.94638382892,False,False,False,False
2025-07-31 19:00:00+00:00,5.905,5.91,5.885,5.895,268673.0,,,,,,,,,,,,,5.950668590626574,5.981021598652061,5.954780719884751,5.9161971893012275,5.884616199183439,5.861710062301161,5.861089640413261,5.854767443947383,5.843219689283579,5.843665675620714,5.870398205548024,,,,,,,,,,5.95131699496048,5.922965106747149,5.9049891897240725,5.894538475039298,5.870859213982029,5.848585295902076,5.84781958570341,5.8433212708581,5.843641435814782,5.837263531443,5.808493012444201,5.77888168342683,5.751839644603082,5.746240825729803,5.727258601038947,5.725581632688032,5.709284848487075,5.640783229877984,,5.837263531443,5.709284848487075,,5.8929213649783785,5.81409242102613,"rgba(239, 83, 80, 1.0)",0.08056595977127744,5.889072837048122,0.0735690727039617,38.30805143489033,-4.194966723841858,False,True,False,True,False,0.0,0.0,0.0,0.0,0.0,0,0.988805970149254,0.9577114427860701,False,False,False,False,-0.01590503117332619,0.0019515865524282004,False,False,False,False,1258212.0,2073765.3166541206,False,False,False,False,43929.21853291684,False,False,False,False
2025-08-01 14:00:00+00:00,5.85,5.875,5.825,5.875,34393.0,,,,,,,,,,,,,5.947837975875006,5.979187595538708,5.953781458545648,5.915731869990062,5.88444080594075,5.861690161657256,5.861073501623508,5.854787046990041,5.84328880897229,5.843732307912451,5.87035982234794,,,,,,,,,5.858333333333333,5.948942638797937,5.922424373562345,5.904636391525524,5.894281372224329,5.870781640502283,5.848636563680286,5.847874637938767,5.843396093473301,5.84370036840858,5.837319054182069,5.8086148843805825,5.779056253777323,5.752049162630538,5.746437308867725,5.7274746274227875,5.725799585276775,5.709519379423983,5.6410840776455435,,5.837319054182069,5.709519379423983,,5.892355577763061,5.816334828792317,"rgba(239, 83, 80, 1.0)",0.07982317169050568,5.889279332444085,-0.1788870592545406,35.63052750426693,-6.974308271861396,False,True,False,True,False,0.0,0.0,0.0,0.0,0.0,0,0.9728395061728399,0.9654320987654326,False,False,False,False,-0.09170202770099554,-0.04487522057428367,False,False,False,False,1223819.0,2060587.8543804132,False,False,False,False,43781.37018356929,False,False,False,False
2025-08-01 15:00:00+00:00,5.875,5.92,5.875,5.92,40734.0,,,,,,,,,,,,,5.946337115240216,5.977896989668601,5.953190123444299,5.915630621314077,5.884602024193763,5.8619903705999095,5.861376022689027,5.855111864839955,5.843621267516583,5.844060185785513,5.8704898549453155,,,,,,,,,5.883636087336555,5.947652689497123,5.922253411818773,5.904639619046126,5.894370769728686,5.871030799929166,5.848985474925031,5.848226723623094,5.843757612892095,5.843990212317947,5.837529630979031,5.808893216881501,5.779383144413994,5.752404733021326,5.746765809363947,5.7278204778702,5.726147365018438,5.709883005207963,5.6415156258986165,,5.837529630979031,5.709883005207963,,5.892209676385206,5.81783612682998,"rgba(239, 83, 80, 0.75)",0.07853885249572047,5.890456741277425,0.37616106912416414,39.29707696200425,-6.974308271861396,False,True,False,True,True,0.0,0.0,0.0,0.0,0.0,0,0.9938347718865601,0.9457459926017266,False,False,False,False,-0.02227369689352689,-0.03357445873390528,False,False,False,False,1264553.0,2048246.2287311044,False,False,False,False,43734.12413421163,False,False,False,False
2025-08-01 16:00:00+00:00,5.915,5.925,5.895,5.895,42125.0,,,,,,,,,,,,,5.944891750763219,5.976608707398972,5.9525934877055375,5.915527905155639,5.884766109756035,5.862296484846806,5.861684522567438,5.855443383991309,5.843961332153305,5.844395589351118,5.870623305106111,,,,,,,,,5.891311477274019,5.946396000685435,5.9220801051953105,5.904642897063887,5.89446166495232,5.871284679807709,5.849341786246901,5.848586296453219,5.844127041599612,5.844287085012364,5.837746024827292,5.809179368254396,5.779719417795776,5.752770710873634,5.7471040990308415,5.728176724033901,5.726505603892114,5.7102576280650315,5.641960428903974,,5.837746024827292,5.7102576280650315,,5.892072052617772,5.8184178442088275,"rgba(239, 83, 80, 0.75)",0.07711153732861482,5.8907601925233575,0.05498279017021719,39.75411118910962,-6.974308271861396,False,True,False,True,True,0.0,0.0,0.0,0.0,0.0,0,0.9962500000000001,0.9637500000000006,False,False,False,False,-0.0020246231284281727,-0.017799540931166726,False,False,False,False,1222428.0,2035442.8453399246,False,False,False,False,43709.176473216095,False,False,False,False
2025-08-01 17:00:00+00:00,5.895,5.9,5.875,5.875,27318.0,,,,,,,,,,,,,5.943526865863042,5.975551820737585,5.952041828777891,5.915327430733638,5.884758674241381,5.8623931361238,5.861783351846346,5.855563058188116,5.844102287782948,5.844534073153871,5.8706550987340185,,,,,,,,,5.889803924281202,5.945213659258384,5.921829341387585,5.904517934836469,5.894400292069396,5.871342795126705,5.8494814298496935,5.84872842770023,5.84427981497809,5.84440991113558,5.8378406447123306,5.809322273247958,5.779898981418127,5.752973463573278,5.747292709590494,5.728378769927294,5.726709048159384,5.710472858588329,5.642224387105208,,5.8378406447123306,5.710472858588329,,5.891839784198421,5.818374771944512,"rgba(239, 83, 80, 0.75)",0.07654269255635669,5.890494141536705,-0.20242483010768625,38.65986424311544,-6.974308271861396,False,True,False,True,True,0.0,0.0,0.0,0.0,0.0,0,0.9836477987421385,0.977358490566038,False,False,False,False,-0.03848531841553346,-0.028142429673350094,False,False,False,False,1195110.0,2022414.429133104,False,False,False,False,43455.049706189486,False,False,False,False
2025-08-01 18:00:00+00:00,5.88,5.905,5.865,5.885,19617.0,,,,,,,,,,,,,5.942609616833414,5.974820979748313,5.951660552490737,5.915192423207836,5.884759570234207,5.86246747576415,5.861859211947662,5.855653484128713,5.8442071605107415,5.844637157715347,5.8706808201815885,,,,,,,,,5.88922995324437,5.944413749085785,5.921658971320015,5.904436088966566,5.894363210768967,5.87138993582101,5.849585904268042,5.848834657915118,5.8443934394329915,5.844501393042486,5.837910829533116,5.809426856996128,5.780029613773818,5.753120528350981,5.747429483967677,5.728525091427565,5.726856366902552,5.710628572267594,5.642414886886295,,5.837910829533116,5.710628572267594,,5.891686222978428,5.818376291261636,"rgba(239, 83, 80, 0.75)",0.07602080085184129,5.89034059897878,-0.07025181159546355,39.09216234951671,-6.974308271861396,False,True,False,True,True,0.0,0.0,0.0,0.0,0.0,0,0.9724655819774719,0.9774718397997499,False,False,False,False,-0.04254105217189332,-0.03534174092262171,False,False,False,False,1214727.0,2009892.1434101101,False,False,False,False,43085.467540202044,False,False,False,False
2025-08-01 19:00:00+00:00,5.885,5.93,5.885,5.9,88796.0,,,,,,,,,,,,,5.940118314326702,5.972360106281002,5.950489527457374,5.914991098803395,5.885094106601534,5.863091275788042,5.862487974269533,5.856330222061946,5.844904693758269,5.8453252638874025,5.8709571227439294,,,,,,,,,5.894765175262107,5.942178145816351,5.9213173000567725,5.904446593291207,5.894549805253808,5.871906984348303,5.850314004915316,5.849569495431265,5.845149386673099,5.845112353723505,5.838359753448097,5.810020991217273,5.7807287716190245,5.753882472416048,5.748134721550169,5.72926822796355,5.727603688117846,5.711410392026062,5.643344239516922,,5.838359753448097,5.711410392026062,,5.891468155089012,5.819055921191934,"rgba(239, 83, 80, 0.5)",0.0754830092449806,5.890505360919361,0.1257851160891622,41.076316300576124,-6.974308271861396,False,False,False,True,True,0.0,0.0,0.0,0.0,0.0,0,0.976456009913259,0.9690210656753412,False,False,False,False,-0.006073773810563152,-0.02070775736659243,False,False,False,False,1303523.0,1998940.6838223566,False,False,False,False,43794.157965935345,False,False,False,False
2025-08-04 14:00:00+00:00,5.995,6.01,5.96,5.97,26320.0,,,,,,,,,,,,,5.9408862927517,5.972439095816871,5.950707431973892,5.915369496944017,5.88555679308757,5.863597309824172,5.862993450907355,5.856830899795143,5.845362593820763,5.8457787869889835,5.871216721518426,,,,,,,,,5.902797242898693,5.942803521933714,5.9216718934453425,5.904861463982375,5.894991824750534,5.8723976393668975,5.850817121468529,5.850073359747728,5.845646110022142,5.845514917305491,5.838640128227322,5.810333625759785,5.7810586741243375,5.754218214204147,5.7484419156860955,5.729580796860272,5.727917141387041,5.711730236186872,5.6436970435973635,,5.838640128227322,5.711730236186872,,5.891885352129899,5.819852256366035,#000000,0.074679374722892,5.891336254635751,1.05335302626919,48.03924883375888,-8.232884862886777,True,False,False,False,True,3.904500112405053,0.0,0.0,0.0,0.0,0,0.9806996381182149,0.9493365500603143,False,False,False,False,0.12002073979222552,0.049656491212816546,False,False,False,False,1329843.0,1988567.076321235,False,False,False,False,43523.24078816891,False,False,False,False
2025-08-04 15:00:00+00:00,5.965,6.025,5.965,6.025,18953.0,,,,,,,,,,,,,5.941763167769543,5.972679725590259,5.950994588983182,5.915743614030855,5.885974647686626,5.86403668043468,5.863431957452483,5.85726160503026,5.845751279439486,5.846163958726723,5.871445679272312,,,,,,,,,5.909291827602239,5.943535361499525,5.922032902853137,5.905255865110918,5.895400078975409,5.872829660206157,5.851246650172801,5.850503139710765,5.846067676393352,5.845856929913979,5.838876924199975,5.810591109534833,5.781325329227881,5.754486066353101,5.7486864505831505,5.72982781736006,5.728164714411141,5.711981503695793,5.64396949153833,,5.838876924199975,5.711981503695793,,5.892295173128764,5.820522605228554,"rgba(38, 166, 154, 1.0)",0.07410353117987294,5.89207532661958,1.793769760549874,55.3935179685231,-1.514776374658453,True,False,True,False,True,7.99187690755792,0.0,0.0,0.0,0.0,0,0.982164090368609,0.9464922711058269,False,False,False,False,0.13648528304285193,0.09307088712783423,False,False,False,False,1348796.0,1978648.1449054019,False,False,False,False,43142.306822460865,False,False,False,False
2025-08-04 16:00:00+00:00,6.025,6.03,5.995,5.995,42744.0,,,,,,,,,,,,,5.94370521044946,5.973236890268224,5.95165083087574,5.916591531980069,5.886919418507867,5.865029221795861,5.864422559425662,5.858234682013227,5.846630059800671,5.847034862366768,5.871965581662325,,,,,,,,,5.921497663734115,5.945167351781954,5.922851829700749,5.906148713554547,5.896323602505902,5.873805879664433,5.8522170263859055,5.851474070466753,5.847020165229678,5.84663092150771,5.839413827942225,5.811174267220194,5.781928845549122,5.755092053143293,5.749239808586582,5.7303866547341755,5.728724787685965,5.712549814813448,5.644585257163008,,5.839413827942225,5.712549814813448,,5.893220077195079,5.821906975861566,"rgba(38, 166, 154, 1.0)",0.0732687266594646,5.893620378872567,1.3836683909988061,57.58473318888278,0.3265062836095467,True,False,True,False,True,5.418571074695002,0.0,0.0,0.0,0.0,0,0.9893867924528305,0.9457547169811326,False,False,False,False,0.1654817739831653,0.12927633055549975,False,False,False,False,1306052.0,1968220.2976975662,False,False,False,False,43136.13152288782,False,False,False,False
2025-08-04 17:00:00+00:00,5.995,6.01,5.995,6.005,37835.0,,,,,,,,,,,,,5.945243745974981,5.973667365917754,5.952184510645763,5.917301692627894,5.887720492385181,5.865875912015071,5.865267750545805,5.859066383191556,5.847383910111349,5.8477819648073925,5.872411145097597,,,,,,,,,5.929670753758232,5.946468524536144,5.9235352884104175,5.906900229591404,5.897104054163983,5.874636794836148,5.853047583630345,5.852305231150366,5.847836479273086,5.847295692187588,5.839876796921765,5.81167881255033,5.78245247589657,5.755618944765913,5.749721321777908,5.730873487154517,5.72921273939923,5.713045351161088,5.645123560751092,,5.839876796921765,5.713045351161088,,5.893991352120032,5.822968637995585,"rgba(38, 166, 154, 1.0)",0.0724343753940885,5.894810334226547,1.5212344301162464,59.574220488420636,2.1834170896658804,True,False,True,False,True,6.14475315376416,0.0,0.0,0.0,0.0,0,0.9894242068155114,0.950646298472386,False,False,False,False,0.14888165167643486,0.1390789911159673,False,False,False,False,1343887.0,1958540.711686751,False,False,False,False,43053.94343726166,False,False,False,False
2025-08-04 18:00:00+00:00,6.005,6.02,6.005,6.005,11638.0,,,,,,,,,,,,,5.945753651193596,5.97382651654899,5.952367568666596,5.9175345512174795,5.887978770546926,5.866146802397493,5.865538119532289,5.85933203298583,5.847624187553908,5.8480201260551326,5.8725545406852335,,,,,,,,,5.932064957116112,5.9469026960413,5.923760560165219,5.9071448829769055,5.8973567583817195,5.874903372638024,5.853312480763572,5.852570273370043,5.848096556546117,5.847507730088217,5.840024466924965,5.811838857665443,5.782617892573029,5.755784916152262,5.749872951632764,5.731026542738019,5.729366126028986,5.713200930842333,5.645291893154977,,5.840024466924965,5.713200930842333,,5.894243351580315,5.8232970971473685,"rgba(38, 166, 154, 1.0)",0.07154775385065583,5.8951845209149365,1.5348557176831177,60.900545354779204,3.5878926495106,True,False,True,False,True,6.14475315376416,0.0,0.0,0.0,0.0,0,0.9918032786885248,0.9484777517564409,False,False,False,False,0.1654817739831638,0.15228038254956555,False,False,False,False,1343887.0,1949011.1967768788,False,False,False,False,42566.87454676148,False,False,False,False
2025-08-04 19:00:00+00:00,6.005,6.015,6.0,6.005,39179.0,,,,,,,,,,,,,5.947326657069827,5.974303753521848,5.9529402426923905,5.918281984541534,5.888816759405647,5.867030350889415,5.866420099648637,5.860199869032328,5.848411383227813,5.8488003806698075,5.873023434491912,,,,,,,,,5.938867719301512,5.948246724583775,5.924481396757256,5.907933617905183,5.898174297105651,5.875771179383683,5.854178882471597,5.853437264936845,5.848948100466156,5.848202945336023,5.840510002985851,5.812366720376197,5.7831648621917635,5.756334760364222,5.750375588810617,5.731534426777774,5.72987514957892,5.713717620574334,5.645852270740059,,5.840510002985851,5.713717620574334,,5.89505044683556,5.824314396349864,"rgba(38, 166, 154, 1.0)",0.07016890818352949,5.896341268198822,1.5485310319632866,61.784761932351586,4.726210121367629,True,False,True,False,True,6.14475315376416,0.0,0.0,0.0,0.0,0,0.9906651108518089,0.9498249708284721,False,False,False,False,0.15717097321861165,0.15472567788408859,False,False,False,False,1343887.0,1939629.4262842138,False,False,False,False,42514.34935998998,False,False,False,False
2025-08-05 14:00:00+00:00,6.035,6.06,6.01,6.06,65407.0,,,,,,,,,,,,,5.951294567980962,5.975938779414809,5.954504257629976,5.920008457626067,5.89061682643767,5.86886177192891,5.868246800992061,5.8619831579082184,5.850008833472876,5.850384611745122,5.874011736522928,,,,,,,,,5.952669675062298,5.951687471969456,5.9261818665377515,5.909701662456224,5.899964386749972,5.877593506518415,5.855946279542929,5.8552043158773195,5.850675304801984,5.849615575826711,5.841491791481563,5.813406712801708,5.784220900729061,5.75738100946993,5.751329766499571,5.732490593753323,5.730832803959321,5.714683619339207,5.6468786016562955,,5.841491791481563,5.714683619339207,,5.896896345605418,5.82641872868595,"rgba(38, 166, 154, 1.0)",0.06925224815027115,5.898875102599726,2.326637787276548,65.3650033469919,8.393394039325436,True,False,True,False,True,10.102642600156994,0.0,0.0,0.0,0.0,0,0.9919354838709679,0.9389400921658992,False,False,False,False,0.20317980000908442,0.1789527389465865,False,True,False,False,1409294.0,1931407.1716131405,False,True,False,False,42869.274176114166,False,False,False,False
2025-08-05 15:00:00+00:00,6.055,6.075,6.035,6.055,87934.0,,,,,,,,,,,,6.055,5.956753529517287,5.978378677290774,5.95678880031119,5.922468391872329,5.893151688777717,5.871425508933285,5.870803741542887,5.864477368731593,5.852242793972941,5.852600598560871,5.875412799882385,,,,,,,,,5.96810436260241,5.956480271198696,5.92861293881299,5.912208410471605,5.902492832032473,5.880150022937544,5.85841572220452,5.857672925248069,5.853087301355042,5.851595266433523,5.842872271326519,5.814860421249508,5.785690535159611,5.758832537098292,5.752653685916586,5.733814774626319,5.732158825881055,5.716019219121972,5.648290449643397,,5.842872271326519,5.716019219121972,6.055,5.9124586582827705,5.829158567016849,"rgba(38, 166, 154, 1.0)",0.06861237248230426,5.912362874568027,2.078883447278555,67.15812107670709,10.341707570498968,True,False,True,False,True,9.651263647809106,-1.0,6.075,6.035,0.0,0,0.9977168949771692,0.936073059360731,False,True,False,False,0.23717108575417173,0.20806191235037913,False,False,False,False,1321360.0,1921949.0759292156,False,False,False,False,43567.95209586433,False,False,False,False
2025-08-05 16:00:00+00:00,6.055,6.065,6.04,6.045,38211.0,,,,,,,,,,,,6.053485433429783,5.958838742456821,5.979326433668794,5.957700563881257,5.923470329966614,5.894195706842624,5.872487931667487,5.8718635732103674,5.86551330865434,5.853174872405857,5.853525227006779,5.875998119229412,,,,,,,,,5.973141861074086,5.958328276525916,5.9296003040511165,5.913233733239679,5.90353083802162,5.88120699883453,5.859442993477857,5.858700025315258,5.8540922388239025,5.852422823908968,5.843452590368077,5.81547364037019,5.786312427796539,5.759448308690684,5.753215938522022,5.7343778984568825,5.7327227908010014,5.71658781868721,5.648893411643603,,5.843452590368077,5.71658781868721,6.053485433429783,5.913298353535012,5.830220258874166,"rgba(38, 166, 154, 1.0)",0.06764041118457205,5.91354528144059,1.943434645905777,67.11872414324472,10.670352796872024,True,False,True,False,True,8.744780103226365,0.0,0.0,0.0,0.0,0,1.011520737327189,0.9400921658986179,False,False,False,False,0.2328941799981092,0.22047804617424416,False,False,False,False,1283149.0,1912045.1987830263,False,False,False,False,43484.89857499822,False,False,False,False
2025-08-05 17:00:00+00:00,6.045,6.065,6.04,6.04,37356.0,,,,,,,,,,,,6.052308303924747,5.96075341499463,5.980207759531605,5.958559059341562,5.924422042736509,5.895192240272506,5.873504794154755,5.872878059876968,5.866505896731337,5.854069995888028,5.854413233635658,5.876561115302987,,,,,,,,,5.977407004170716,5.960034079922424,5.930537022531285,5.914209432621715,5.9045202045928535,5.882217605846027,5.8604279937759785,5.859684937276464,5.855056549485544,5.8532184490547206,5.844012236816454,5.816065815813226,5.786913757653993,5.760044350626004,5.753760483299308,5.734923589457621,5.7332693191566015,5.7171390575558485,5.649478692607112,,5.844012236816454,5.7171390575558485,6.052308303924747,5.914114659699275,5.831206346434943,"rgba(38, 166, 154, 1.0)",0.0676432081113568,5.914652397085767,1.8530700481840086,66.45308279659142,10.670352796872024,True,False,True,False,True,8.289727243749727,0.0,0.0,0.0,0.0,0,1.0161662817551966,0.9284064665127025,False,False,False,False,0.2328941799981092,0.2266861130861767,False,False,False,False,1245793.0,1901715.707329026,False,False,False,False,43389.876891664906,False,False,False,False
2025-08-05 18:00:00+00:00,6.045,6.05,6.0,6.0,48317.0,,,,,,,,,,,,6.044178225331809,5.962258973471594,5.980800236867387,5.95926235327822,5.925322560418794,5.896199615068102,5.874567619664857,5.873939322398649,5.8675530306933705,5.855028906190753,5.855364253617167,5.877150630575805,,,,,,,,,5.980090510796078,5.961389114756912,5.931407025302501,5.915157646260058,5.90550259749631,5.883261006893394,5.861474725468646,5.860732460784494,5.856087657635916,5.85407252258293,5.844620089366816,5.81672347710835,5.787593728364199,5.760727362676204,5.754386439483184,5.735555559346856,5.733902641699667,5.717781418086857,5.650173266864175,,5.844620089366816,5.717781418086857,6.044178225331809,5.914302143964709,5.832138907945976,"rgba(38, 166, 154, 0.75)",0.06736996149401017,5.915286288470522,1.2574404029755855,61.56421536121336,10.670352796872024,True,False,True,False,False,4.752115051498482,0.0,0.0,0.0,0.0,0,1.0103806228373704,0.9307958477508657,False,False,False,False,0.18636090855975862,0.20652351082296766,False,False,False,False,1197476.0,1890797.262254157,False,False,False,False,43466.26639722049,False,False,False,False
2025-08-05 19:00:00+00:00,6.005,6.005,5.885,5.915,862230.0,,,,,,,,,,,,5.956531545455448,5.953411830918549,5.9705041833497035,5.954952811068554,5.926758343575804,5.901201430994477,5.8816372394335605,5.881045689910234,5.875017416746665,5.862643822260292,5.862905152904809,5.8811909717111766,,,,,,,,,5.955313111215487,5.953492985378493,5.931955768154592,5.917970174747574,5.909490342942204,5.889554700973113,5.869326376348068,5.868635167092457,5.864153958756319,5.860975169545487,5.849962695650243,5.823260775859075,5.794988359246635,5.768629306552191,5.761747588186221,5.743231703321491,5.74161479372858,5.725788081624099,5.65947397526938,,5.849962695650243,5.725788081624099,5.956531545455448,5.908983369860774,5.83629289655746,#000000,0.06744153290334572,5.911918789306689,0.04568713907684372,52.63172774047811,9.265254031712303,True,False,False,False,False,0.0,0.0,0.0,0.0,0.0,0,0.9808126410835216,0.9413092550790074,False,False,False,False,0.05471702370122051,0.13062026726209408,False,False,False,False,335246.0,1866680.1884207593,False,False,False,False,56160.27777090699,False,False,False,False
2025-08-06 14:00:00+00:00,5.965,5.975,5.91,5.92,60884.0,,,,,,,,,,,,5.955376474831384,5.952999325361559,5.969949400728081,5.9547056562021154,5.9268437905724305,5.901506315006144,5.882074431163378,5.881485472253832,5.875482527287934,5.863127078456802,5.8633840091312495,5.881455041089661,,,,,,,,,5.954554368705102,5.953110340333768,5.931988248001418,5.918138934471546,5.909731556762819,5.88994172883321,5.869817886858846,5.8691300972056695,5.864661652375715,5.861418338467175,5.850316173159678,5.823695179847431,5.795482566443124,5.769160280654304,5.762244760016935,5.743751459134054,5.7421370672773415,5.7263311970986015,5.6601078124704465,,5.850316173159678,5.7263311970986015,5.955376474831384,5.909032460173715,5.836616823585115,"rgba(239, 83, 80, 0.5)",0.06767649597977733,5.911980041433049,0.11850434114301102,47.13958925842899,4.464842027852903,False,False,False,True,False,0.0,0.0,0.0,0.0,0.0,0,0.9898989898989901,0.9483726150392824,False,False,False,False,0.05065668914686773,0.0906384782044809,False,False,False,False,396130.0,1843880.9606933056,False,False,False,False,56233.51377445882,False,False,False,False
2025-08-06 15:00:00+00:00,5.915,5.925,5.89,5.92,59928.0,,,,,,,,,,,,5.953184216839909,5.952107500582971,5.969066562697339,5.954187225578833,5.92669047406735,5.901595734583142,5.882311159282488,5.881725689521169,5.875756605034106,5.863444092724691,5.863697618208156,5.8816002759254085,,,,,,,,,5.953033482669878,5.952283126588445,5.93177705317654,5.918076413445837,5.909749401345308,5.890122326884547,5.870123916630945,5.869440066444379,5.864990886099368,5.861712704990494,5.850566163767885,5.824030529596086,5.795884831174237,5.769606548186955,5.762665625331745,5.74419822720122,5.742586530311388,5.726803567407221,5.660676140446413,,5.850566163767885,5.726803567407221,5.953184216839909,5.908780596253798,5.836754081142047,"rgba(239, 83, 80, 1.0)",0.06774242419657528,5.911730505162079,0.12207261455428148,43.47816360372958,1.319253773887894,False,True,False,True,False,0.0,0.0,0.0,0.0,0.0,0,0.9854586129753916,0.9552572706935128,False,False,False,False,-0.006073773810563152,0.042282352196958875,False,False,False,False,396130.0,1821435.2093647271,False,False,False,False,56290.792630668766,False,False,False,False
2025-08-06 16:00:00+00:00,5.915,5.92,5.88,5.895,12671.0,,,,,,,,,,,,5.952608649384571,5.951863290161704,5.968840745507353,5.95404533340658,5.926630035194428,5.901589675108685,5.882338213854515,5.881753590965415,5.8757927046564244,5.8634922050158815,5.863745119639723,5.881617266650222,,,,,,,,,5.9526263937099735,5.9520564005479555,5.931703725455283,5.918036171450035,5.909727186030961,5.890136733744827,5.870167466325199,5.869484515778483,5.8650401916723816,5.861758008943175,5.850607282738773,5.824090369716608,5.795959774707634,5.769691725420754,5.7627463726103105,5.744284889562077,5.742673788321917,5.726895954366658,5.66078961123964,,5.850607282738773,5.726895954366658,5.952608649384571,5.908693069128792,5.836761924333823,"rgba(239, 83, 80, 1.0)",0.06814452051095814,5.91164220810358,-0.24421931475626785,39.60654115003707,-2.1487141047716847,False,True,False,True,False,0.0,0.0,0.0,0.0,0.0,0,0.9865921787709498,0.9564245810055871,False,False,False,False,-0.03385916305142919,0.0042115945727648416,False,False,False,False,383459.0,1799141.0045683747,False,False,False,False,55614.51677592971,False,False,False,False
2025-08-06 17:00:00+00:00,5.895,5.91,5.885,5.89,81819.0,,,,,,,,,,,,5.948952945282507,5.950243296332572,5.96734928744264,5.953092389124182,5.926200636569438,5.901511579394513,5.88247478149632,5.881895749884333,5.875988991004679,5.863770288864852,5.8640194757132145,5.88170444055452,,,,,,,,,5.949984099310564,5.950548991648212,5.931191334463994,5.917736917789559,5.909544428262858,5.890191215556099,5.870412568655722,5.869735486366565,5.865323561492091,5.86202145100879,5.850852674739363,5.824457215164656,5.796425400308246,5.770224846675046,5.763252705789607,5.7448300886877375,5.743222868521692,5.727478573600515,5.661509467324392,,5.850852674739363,5.727478573600515,5.948952945282507,5.908100321805313,5.836786520808722,"rgba(239, 83, 80, 1.0)",0.06907516470028231,5.911040276207452,-0.3045997255127304,36.74915152078767,-4.7918156328827095,False,True,False,True,False,0.0,0.0,0.0,0.0,0.0,0,0.9820828667413216,0.9641657334826433,False,False,False,False,-0.038095416030926726,-0.016941910729080942,False,False,False,False,301640.0,1775923.934730105,False,False,False,False,56020.78783366724,False,False,False,False
2025-08-06 18:00:00+00:00,5.885,5.89,5.855,5.86,81153.0,,,,,,,,,,,,5.9441791335006195,5.94799234199639,5.96540457246293,5.951756958293599,5.925431796856233,5.901126108333808,5.882325097378985,5.881752904894278,5.875912170550229,5.863809887259907,5.864056710434456,5.881618605921586,,,,,,,,,5.946432244903501,5.948449579485985,5.930332854653169,5.9171084573233825,5.909043347490452,5.88995101007085,5.870392410562218,5.8697219392015185,5.865351534764663,5.86207067841896,5.850947994347328,5.824681207790522,5.79675915854483,5.770637109747489,5.763650222898105,5.7452716303489275,5.743668581449139,5.727961119039474,5.662138059027798,,5.850947994347328,5.727961119039474,5.9441791335006195,5.907113857323584,5.836556270529911,"rgba(239, 83, 80, 1.0)",0.0706007043835417,5.910027630483068,-0.7085995942942733,33.29900830266823,-8.098161458314834,False,True,False,True,False,0.0,0.0,0.0,0.0,0.0,0,0.9775784753363231,0.9674887892376688,False,False,False,False,-0.08055849424315019,-0.048750202486115564,False,False,False,False,220487.0,1751808.63341646,False,False,False,False,56410.43453392045,False,False,False,False
2025-08-06 19:00:00+00:00,5.855,5.915,5.845,5.91,227103.0,,,,,,,,,,,,5.936477457520815,5.943850991825721,5.96147604675738,5.949148998014507,5.924161633764237,5.900775756483316,5.882545895613852,5.881989024278422,5.876296965539954,5.864430838726948,5.864668581754959,5.881766515783728,,,,,,,,,5.940308029076161,5.944551353662101,5.928848090451132,5.916176596665749,5.908416699461546,5.889952471726827,5.870910330363758,5.870255779423419,5.865976371560656,5.862667232732607,5.851534955006085,5.825601236426164,5.797954728417007,5.772024434764466,5.764973809787613,5.7467052759693305,5.745113053505657,5.729499842034907,5.664059733941462,,5.851534955006085,5.729499842034907,5.936477457520815,5.905632392171985,5.8366068434198235,"rgba(239, 83, 80, 1.0)",0.07111835079508402,5.908490711610623,0.021222207383936327,36.36674391239314,-8.098161458314834,False,True,False,True,False,0.0,0.0,0.0,0.0,0.0,0,0.9744444444444446,0.9611111111111117,False,False,False,False,-0.09521829778604773,-0.07198425013608165,False,False,False,False,447590.0,1731588.1894875225,False,False,False,False,59056.830897735636,False,False,False,False
2025-08-07 14:00:00+00:00,5.955,5.995,5.93,5.945,75954.0,,,,,,,,,,,,5.9373937384975735,5.944149935931159,5.961393681015049,5.949253695241704,5.9245467295596805,5.901358235453981,5.883252264834331,5.882697312863463,5.877024504316262,5.865156472595455,5.865388576584624,5.882205992242023,,,,,,,,,5.9408809761727,5.9448156963445395,5.929186425389119,5.916636808731538,5.908941932076884,5.89061160349913,5.87166128295821,5.871009957727576,5.8667387994716975,5.863333964613332,5.852060790033499,5.8262157593415465,5.798632444357766,5.772739396494274,5.7656430665702745,5.747398572362683,5.745809180325144,5.73021902070484,5.664882729114369,,5.852060790033499,5.73021902070484,5.9373937384975735,5.906151761594608,5.8372325476994265,"rgba(239, 83, 80, 0.75)",0.0712468112135619,5.909022990515185,0.5049630835683951,41.228833174491925,-8.098161458314834,False,True,False,True,True,0.6490852814814545,0.0,0.0,0.0,0.0,0,0.9835345773874864,0.9517014270032935,False,False,False,False,0.05239260851578339,-0.009795820810149129,False,False,False,False,523544.0,1712858.822208646,False,False,False,False,59318.80251172423,False,False,False,False
2025-08-07 15:00:00+00:00,5.945,5.955,5.915,5.935,140001.0,,,,,,,,,,,,5.937208949685177,5.943772742280879,5.960585999055154,5.948896954970694,5.924770122320425,5.9019923019327845,5.884145572570194,5.883595976655091,5.8779759895161865,5.866154797858855,5.866378476830409,5.88277085935575,,,,,,,,,5.9405243377717705,5.9444361977473035,5.929313895186981,5.91701362836541,5.909454497842084,5.891405504124986,5.8726673852449425,5.872023092883834,5.867780431155506,5.864258830385757,5.8528184435215325,5.827147852263815,5.799697383495495,5.773889287456241,5.7667259568827705,5.74853348086984,5.746949751307947,5.73140707165859,5.666275885290696,,5.8528184435215325,5.73140707165859,5.937208949685177,5.906520728585966,5.838016995445027,"rgba(239, 83, 80, 0.75)",0.07129118060759884,5.909394843943679,0.35916302462791855,43.70404314014668,-15.134554143358635,False,True,False,True,True,0.0,0.0,0.0,0.0,0.0,0,0.978118161925602,0.9617067833698034,False,False,False,False,0.0022757743355342436,-0.0037600232373074423,False,False,False,False,383543.0,1692249.274577504,False,False,False,False,60569.68929448819,False,False,False,False
2025-08-07 16:00:00+00:00,5.935,5.985,5.935,5.955,74399.0,,,,,,,,,,,,5.938041400064972,5.944084882639064,5.9605499521980825,5.949020814040737,5.925147010059168,5.902551014641341,5.884819963990884,5.884272214498185,5.878670770306606,5.866849702559182,5.867068163677455,5.883198069381401,,,,,,,,,5.941080343183723,5.944715978462524,5.929648134759865,5.917459354644639,5.909960145561306,5.892035635488136,5.873384463314372,5.872743228856688,5.868508832988545,5.864899604515398,5.853328193540533,5.827742475615283,5.800353004270369,5.7745812963818235,5.767374825038827,5.749205794474157,5.747624808125354,5.732104547671943,5.667074179530044,,5.853328193540533,5.732104547671943,5.938041400064972,5.90702282983809,5.838622360338081,#000000,0.07090959858273095,5.909909537192655,0.6358865895248005,46.93129778058956,-11.880427466319645,False,False,False,False,True,1.3877833496092542,0.0,0.0,0.0,0.0,0,0.9857923497267761,0.956284153005465,False,False,False,False,0.03132400406766618,0.01378199041517937,False,False,False,False,457942.0,1673112.7276848294,False,False,False,False,60784.0972124031,False,False,False,False
2025-08-07 17:00:00+00:00,5.955,5.96,5.915,5.94,86904.0,,,,,,,,,,,,5.93805424660466,5.94394437905717,5.960142310483355,5.948859429302409,5.925317730475957,5.902960749776199,5.885382211586802,5.884837611443638,5.879267300867046,5.867473677505499,5.867687090085468,5.883559794557045,,,,,,,,,5.9409836899099,5.944569332141151,5.9297634315930265,5.9177191018272,5.9102989051313175,5.892539259359027,5.874013356318657,5.873376297851193,5.8691587944364105,5.86547924622147,5.853805192559489,5.828324920393114,5.801015906406873,5.775295804730574,5.7680484111137424,5.749911090696526,5.748333560983837,5.73284229910886,5.667937490754449,,5.853805192559489,5.73284229910886,5.93805424660466,5.907290544312104,5.839127162712465,#000000,0.06915676147457002,5.910179931340899,0.43119527322092377,47.79904488674684,-10.729787957480212,False,False,False,False,True,0.2467957933014553,0.0,0.0,0.0,0.0,0,0.9760087241003275,0.9651035986913855,False,False,False,False,-0.019704134830429782,-0.0029610722076252064,False,False,False,False,371038.0,1652925.5226044443,False,False,False,False,61189.056945544144,False,False,False,False
2025-08-07 18:00:00+00:00,5.935,5.94,5.9,5.905,89187.0,,,,,,,,,,,,5.937058079798739,5.943236474339005,5.959307968150774,5.948342715720181,5.925182437488882,5.9031005867648085,5.885698164184758,5.885157913263279,5.87963023246933,5.8678956492398875,5.868105064236617,5.883770066884323,,,,,,,,,5.940078137842192,5.943888167252686,5.929565000412172,5.917684815431398,5.910355810748628,5.892787236298868,5.874416643958258,5.873784555656587,5.869592573353329,5.865877178471763,5.854155585064975,5.82879088241212,5.8015751515732985,5.775918608757886,5.768640226020429,5.750540506328485,5.748966820013164,5.733508612573411,5.66874182291569,,5.854155585064975,5.733508612573411,5.937058079798739,5.907207112711716,5.839414122899228,"rgba(239, 83, 80, 0.75)",0.06778629641730659,5.910085037869546,-0.0750157205556916,45.748620645836695,-10.729787957480212,False,True,False,True,True,0.0,0.0,0.0,0.0,0.0,0,0.9706202393906425,0.9706202393906425,False,False,False,False,-0.05423229261966915,-0.028596682413647177,False,False,False,False,281851.0,1631668.55326174,False,False,False,False,61623.13358204733,False,False,False,False
2025-08-07 19:00:00+00:00,5.905,5.92,5.89,5.91,124098.0,,,,,,,,,,,,5.935334470672091,5.942032927646218,5.957988123850409,5.947476163556557,5.924850662490139,5.903157303877673,5.886004855111187,5.885471098985609,5.880007002939526,5.868368786459315,5.868573318923244,5.883981176560328,,,,,,,,,5.938532861907587,5.942732146374316,5.929144619885057,5.917494832541651,5.910294703734161,5.892997227523248,5.87485221621264,5.874227276228668,5.870074371676908,5.866328207427058,5.8545706423530595,5.8293690920982915,5.802287732304404,5.776724645443723,5.769409374643344,5.751364380149078,5.749796169792118,5.734385476377835,5.669814746330653,,5.8545706423530595,5.734385476377835,5.935334470672091,5.906937157589358,5.839705301210727,"rgba(239, 83, 80, 0.75)",0.06620116762253987,5.909791945220154,0.0031427660163408228,44.86696903201595,-10.729787957480212,False,True,False,True,True,0.0,0.0,0.0,0.0,0.0,0,0.966340933767644,0.9750271444082524,False,False,False,False,-0.08392792300842132,-0.056262302711034246,False,False,False,False,405949.0,1612665.1493352014,False,False,False,False,62591.73616217063,False,False,False,False
2025-08-08 14:00:00+00:00,5.805,5.83,5.715,5.755,131874.0,,,,,,,,,,,,5.92574710969101,5.9361070643745855,5.9530229493188775,5.943567463398258,5.9218949171116035,5.900888789449943,5.884178399426896,5.8836608209831445,5.878353054048656,5.8670667936831045,5.8672750766615245,5.882842897295193,,,,,,,,,5.930481699408164,5.93710694051592,5.926035506800861,5.914780912267623,5.9078103058176294,5.890998261533917,5.873321463725632,5.872710058119686,5.868665778651507,5.865170750598972,5.8538384462895605,5.82887824240039,5.8020329028285955,5.7766591835073156,5.7693932289094105,5.751449711218792,5.749889927807056,5.734558260009719,5.6702766542029,,5.8538384462895605,5.734558260009719,5.92574710969101,5.903717111286901,5.838108328137561,"rgba(239, 83, 80, 1.0)",0.06903178534110578,5.906428592628663,-2.1936067838954294,37.59412269958755,-4.50464527312856,False,True,False,True,False,0.0,0.0,0.0,0.0,0.0,0,0.9382198952879581,0.9801047120418852,False,False,False,False,-0.34282825441539394,-0.19954527856321408,False,False,False,False,274075.0,1591911.8136865937,False,False,False,False,63665.87978756333,False,False,False,False
2025-08-08 15:00:00+00:00,5.755,5.805,5.75,5.77,76939.0,,,,,,,,,,,,5.9209083463428565,5.932992274222993,5.950367684961046,5.941467900074388,5.920310791182173,5.899679801024932,5.883212141547968,5.882703342178671,5.877480552105692,5.8663842393488475,5.866594293223743,5.882235847328091,,,,,,,,,5.926345281840392,5.934140522543153,5.924367926374889,5.913328752323362,5.906483399646445,5.889937189393802,5.872516454276698,5.871912500770483,5.867927257206339,5.864563878107078,5.853457170812383,5.828633287594438,5.80192054226347,5.7766529070594546,5.769412419545469,5.751526081398556,5.749971081813796,5.7346841572352405,5.670567237903597,,5.853457170812383,5.7346841572352405,5.9209083463428565,5.90202810112845,5.837281476216265,"rgba(239, 83, 80, 1.0)",0.0705900485546523,5.90466184562688,-1.9076604760035256,33.982250577330696,-7.986357653514915,False,True,False,True,False,0.0,0.0,0.0,0.0,0.0,0,0.9478623566214809,0.9854014598540151,False,False,False,False,-0.3320537640414473,-0.2657995213023307,False,False,False,False,351014.0,1572673.087893003,False,False,False,False,63871.66459705847,False,False,False,False
2025-08-08 16:00:00+00:00,5.775,5.815,5.775,5.795,35805.0,,,,,,,,,,,,5.919055251352335,5.9317617897861705,5.949296694660702,5.940623817801385,5.919685050400918,5.899214045002392,5.88285031802016,5.882345169693337,5.8771577852345,5.866138803550517,5.866349323975048,5.882007923967351,,,,,,,,,5.924739032761282,5.932965628293532,5.923706615381958,5.912759428427658,5.905967457254835,5.889534767009305,5.872222220808732,5.871621449063006,5.867660645903033,5.864346680724815,5.853325902643906,5.828562277333711,5.801907181869535,5.776685148915598,5.769453111794358,5.751591590040267,5.75003870536195,5.734771411397561,5.6707277098734625,,5.853325902643906,5.734771411397561,5.919055251352335,5.901373831120402,5.836978261308341,"rgba(239, 83, 80, 1.0)",0.07126729282791877,5.903976404661083,-1.5291222710566084,33.59836549137362,-8.569807666845335,False,True,False,True,False,0.0,0.0,0.0,0.0,0.0,0,0.9570230607966457,0.9842767295597488,False,False,False,False,-0.29490418183296413,-0.2803518515676474,False,False,False,False,386819.0,1554287.7531969873,False,False,False,False,63436.522510282375,False,False,False,False
2025-08-08 17:00:00+00:00,5.795,5.795,5.75,5.76,53051.0,,,,,,,,,,,,5.915838624683437,5.929630715599034,5.947467111204029,5.939165134734249,5.918573467525788,5.898356873990368,5.882158555795826,5.881659435312695,5.876530445265627,5.86564307743527,5.865854917887024,5.881569565738122,,,,,,,,,5.921955463106999,5.930931350353375,5.922538654274477,5.911737125370969,5.905030112856779,5.888778309832444,5.871641213603085,5.871045551522183,5.867125513628473,5.863904552922027,5.853044057909047,5.828374453599895,5.8018114206490115,5.776663459181187,5.769450479452144,5.7516288851455215,5.750079322996672,5.734843194396608,5.670913858622688,,5.853044057909047,5.734843194396608,5.915838624683437,5.900203993764289,5.836394577864399,"rgba(239, 83, 80, 1.0)",0.07360614692305426,5.902751994200285,-1.9394031635634195,32.078522496949574,-10.378660989017163,False,True,False,True,False,0.0,0.0,0.0,0.0,0.0,0,0.9394572025052191,0.9916492693110651,False,False,False,False,-0.34282825441539394,-0.31159005299152065,False,False,False,False,333768.0,1535364.966325716,False,False,False,False,63275.50665740978,False,False,False,False
2025-08-08 18:00:00+00:00,5.755,5.755,5.715,5.715,16259.0,,,,,,,,,,,,5.914620177556485,5.928829448871589,5.9467902064882425,5.938619489221853,5.9181462191272765,5.898016285243279,5.8818742986041075,5.881377322690531,5.876269078808783,5.8654301134504045,5.865642648613232,5.881388675756465,,,,,,,,,5.92090509295096,5.9301670058683325,5.922092264714923,5.911340115384651,5.904662071670496,5.888471991469769,5.871396003135831,5.870802098715098,5.866896721430871,5.863713492166613,5.852917440952524,5.828278930338044,5.80174724545801,5.7766250224903075,5.769420877477717,5.751612991335742,5.7500645361670415,5.734838929955081,5.670947400779311,,5.852917440952524,5.734838929955081,5.914620177556485,5.899750330369354,5.8361526438137545,"rgba(239, 83, 80, 1.0)",0.0776381071102919,5.902277677141841,-2.4121875727314737,29.67973283823782,-13.024250952177653,False,True,False,True,False,0.0,0.0,0.0,0.0,0.0,0,0.9293139293139292,1.0010395010395015,False,False,False,False,-0.34282825441539394,-0.32720915370345727,False,False,False,False,317509.0,1516483.478475705,False,False,False,False,62546.568569698,False,False,False,False
2025-08-08 19:00:00+00:00,5.715,5.735,5.67,5.67,65609.0,,,,,,,,,,,,5.908923313961805,5.925080282138216,5.94364927568105,5.9360671050885605,5.916112182262239,5.89636166604336,5.88046645310945,5.879979168197177,5.874964599291423,5.864349368465146,5.864565740816132,5.880489226808368,,,,,,,,5.691666666666668,5.915994431465892,5.926590567568363,5.9199746662191846,5.909437884679177,5.902886768118762,5.886967393900835,5.870163553541863,5.869577410908901,5.865738810703353,5.862740616240416,5.852259504682925,5.827754582179807,5.801360645587415,5.776353245776957,5.769195644819195,5.751448405242294,5.749904737754252,5.734725110013979,5.6709961259301815,,5.852259504682925,5.734725110013979,5.908923313961805,5.897584031821911,5.827786838600021,"rgba(239, 83, 80, 1.0)",0.08317261980170083,5.891379878060287,-2.6616917753474474,26.93015893913068,-15.948660304604644,False,True,False,True,False,0.0,0.0,0.0,0.0,0.0,0,0.918388429752066,1.0092975206611574,True,False,False,False,-0.34282825441539394,-0.3350187040594256,False,False,False,False,251900.0,1496877.5330729808,False,False,False,False,62594.04812675694,True,False,False,False
2025-08-11 14:00:00+00:00,5.705,5.765,5.695,5.73,101837.0,,,,,,,,,,,,5.902097744927963,5.920408141459335,5.939643094582332,5.932813453976657,5.913553393594743,5.894316550372441,5.8787574301295304,5.878282891632258,5.873391824777662,5.863064762166587,5.863285141863775,5.879389911560049,,,,,,,,5.714980162758939,5.910009086508109,5.9221188547582235,5.917302893193388,5.907058067917892,5.900678642651987,5.885126571527904,5.868687407239951,5.8681118060994555,5.864360710015111,5.861585670531181,5.851490081933264,5.827175647347387,5.800973752521248,5.776124223677523,5.769020200576391,5.751357388580347,5.749820553008582,5.73470585277349,5.671210720705269,,5.851490081933264,5.73470585277349,5.902097744927963,5.894917028420278,5.827594914716282,"rgba(239, 83, 80, 1.0)",0.0859843375638842,5.889819087013128,-1.858699985847846,29.607472062624414,-15.948660304604644,False,True,False,True,False,0.0,0.0,0.0,0.0,0.0,0,0.913705583756345,0.9989847715736044,False,False,False,False,-0.29420448284586864,-0.3146115934526471,False,False,False,False,353737.0,1479154.4240330898,False,False,False,False,63202.46598525684,False,False,False,False
2025-08-11 15:00:00+00:00,5.735,5.735,5.7,5.73,25437.0,,,,,,,,,,,,5.900394704683309,5.919226295078652,5.938626916978459,5.931983989769365,5.91289668006234,5.8937880324828384,5.878313015049513,5.8778416895102366,5.872981765104482,5.862727861191515,5.862949305494246,5.879102647609611,,,,,,,,5.715861964679797,5.908507256539853,5.920986397519134,5.916618051035185,5.906445938962266,5.900109369010848,5.884649148178733,5.8683016693967405,5.867728717321611,5.863999763294068,5.8612822451450315,5.8512863244561935,5.827019799680624,5.800866497724497,5.776057099334506,5.768967316039707,5.751325951163049,5.749790842024669,5.7346925925444685,5.671256515583464,,5.8512863244561935,5.7346925925444685,5.900394704683309,5.894236075251214,5.827287672981722,"rgba(239, 83, 80, 0.75)",0.08814392407503267,5.889167454458348,-1.8057677387139683,31.392347478286904,-15.948660304604644,False,True,False,True,True,0.0,0.0,0.0,0.0,0.0,0,0.9218274111675125,1.004060913705584,False,False,False,False,-0.3161261810840401,-0.3153688872683436,False,False,False,False,353737.0,1461706.091877538,False,False,False,False,62616.95488471022,False,False,False,False
2025-08-11 16:00:00+00:00,5.725,5.735,5.705,5.72,18500.0,,,,,,,,,,,,5.899164798203523,5.918368367204505,5.937888163456409,5.931380064728447,5.9124177391067505,5.893401973842153,5.877987951746608,5.877518959379877,5.872681653936711,5.862480961025388,5.862703185261066,5.878892175877126,,,,,,,,5.716224120829647,5.907420342531867,5.920163960340444,5.916118745758973,5.905999285760593,5.899693766808882,5.884300139534286,5.868019221986276,5.867448193489757,5.863735335779492,5.861059768608833,5.851136635279642,5.826904954031472,5.800787037049333,5.776006891764463,5.768927575309635,5.7513018464537815,5.749767994765915,5.734681733697275,5.671288669981352,,5.851136635279642,5.734681733697275,5.899164798203523,5.893740499480714,5.827049310988096,"rgba(239, 83, 80, 0.75)",0.08979245338378147,5.888679302862331,-1.8785465426741412,32.17374327645962,-15.948660304604644,False,True,False,True,True,0.0,0.0,0.0,0.0,0.0,0,0.9326530612244897,1.0010204081632654,False,False,False,False,-0.3117188674721587,-0.31354387737025113,False,False,False,False,335237.0,1444241.4547941654,False,False,False,False,61932.97108804805,False,False,False,False
2025-08-11 17:00:00+00:00,5.715,5.72,5.67,5.695,64439.0,,,,,,,,,,,,5.894428781727965,5.915067432302437,5.935062648626473,5.929057437646369,5.910553552123862,5.891878591322719,5.8766885128643205,5.876228272760821,5.8714757724036195,5.861477856560062,5.86170344563024,5.878048724329221,,,,,,,5.694999999999999,5.711265629040951,5.903238145738505,5.916999748043687,5.914180000468969,5.9042531955167785,5.898061667625819,5.882912713233999,5.866878994709027,5.866315069417394,5.862662930407029,5.860153905572524,5.850519000944604,5.826413742830143,5.800426201564685,5.775754958887912,5.768719180401796,5.751151347017231,5.7496220808790195,5.7345798425592305,5.671343027551876,,5.850519000944604,5.7345798425592305,5.894428781727965,5.891805919024843,5.819545303924341,"rgba(239, 83, 80, 0.75)",0.09182817876016279,5.878074910340414,-1.9936680963538427,31.685479955204766,-15.948660304604644,False,True,False,True,True,0.0,0.0,0.0,0.0,0.0,0,0.925813008130081,1.0030487804878052,True,False,False,False,-0.34282825441539394,-0.3281860658928225,False,False,False,False,270798.0,1426048.5330144109,False,False,False,False,61971.82424947366,False,False,False,False
2025-08-11 18:00:00+00:00,5.695,5.695,5.675,5.685,7390.0,,,,,,,,,,,,5.893873119928787,5.914678180461441,5.93472948566878,5.928782732228551,5.910331981093633,5.891696582717273,5.876532531915513,5.876073316719767,5.871330747619062,5.861356721911608,5.861582722787853,5.877947232498139,,,,,,,5.693971167634243,5.710580266137498,5.902746496713155,5.916626454446534,5.913949786812297,5.904045314269395,5.89786702141271,5.882746500825677,5.866741638860013,5.866178541576449,5.862533531984936,5.86004439854911,5.850443947065439,5.826353374525174,5.800381067236317,5.775722601458078,5.768692124570681,5.751131074230129,5.749602342399396,5.734565247068672,5.671346617102138,,5.850443947065439,5.734565247068672,5.893873119928787,5.891576279629201,5.819346167375145,"rgba(239, 83, 80, 0.75)",0.09442414372877855,5.877761561861048,-2.041443578400156,30.962634958105337,-15.948660304604644,False,True,False,True,True,0.0,0.0,0.0,0.0,0.0,0,0.9256619144602849,1.009164969450102,False,False,False,False,-0.34282825441539394,-0.3355071601541082,False,False,False,False,263408.0,1408023.0983940326,False,False,False,False,61125.59441614849,False,False,False,False
2025-08-11 19:00:00+00:00,5.685,5.705,5.68,5.685,26841.0,,,,,,,,,,,,5.891927207608941,5.913305940507622,5.933550925066214,5.927810521305738,5.909548644671264,5.89105412638165,5.875982861139297,5.875527284272421,5.870819983368054,5.860930582022994,5.8611580094354885,5.877589032277932,,,,,,,5.692890898956117,5.708798651628377,5.901019855532902,5.915309722978047,5.913135686998948,5.903310738910174,5.897179570301063,5.8821603521485955,5.866258170425889,5.86569802491072,5.862078321168095,5.859659138779656,5.85018013891625,5.826142285984664,5.8002245237272625,5.775611737286147,5.76859986488631,5.751063105694975,5.749536293010635,5.734517647828931,5.671364407393754,,5.85018013891625,5.734517647828931,5.891927207608941,5.890767093171466,5.818797101784169,"rgba(239, 83, 80, 0.75)",0.09698067978853558,5.876816125192556,-1.9778797757533488,30.480738293372383,-15.948660304604644,False,True,False,True,True,0.0,0.0,0.0,0.0,0.0,0,0.923702950152594,1.0081383519837235,False,False,False,False,-0.3299639397270364,-0.3327355499405723,False,False,False,False,263408.0,1390277.1278762957,False,False,False,False,60594.05031667331,False,False,False,False
2025-08-12 14:00:00+00:00,5.755,5.805,5.725,5.755,65874.0,,,,,,,,,,,,5.888945702762515,5.91106652495107,5.931543153790062,5.926166758808174,5.908269474240597,5.890050503004728,5.8751620530764415,5.874713130057489,5.870070590789749,5.86032841744628,5.860557260942902,5.877049340433325,,,,,,,5.720424779998056,5.718062757751726,5.898298367092463,5.913149662850401,5.911796291776996,5.902127692423298,5.8960885282872555,5.881267721814796,5.865560685005943,5.865006293215598,5.8614323168203954,5.859117273627704,5.8498243924530415,5.825898245036227,5.800090784219146,5.775567615238908,5.768579972731911,5.7510919612547555,5.749569194491843,5.73458862787014,5.67157528189468,,5.8498243924530415,5.73458862787014,5.888945702762515,5.889493575858611,5.819958021231204,"rgba(239, 83, 80, 0.75)",0.09765608896380203,5.877382846105534,-1.2532024106648123,36.17145580721261,-19.094621703515223,False,True,False,True,True,0.0,0.0,0.0,0.0,0.0,0,0.9269999999999998,0.99,False,False,False,False,-0.21025371168170812,-0.2714946308111402,False,False,False,False,329282.0,1373827.5910099964,False,False,False,False,60675.91000168613,False,False,False,False
2025-08-12 15:00:00+00:00,5.755,5.76,5.725,5.745,36398.0,,,,,,,,,,,,5.88712714821085,5.909708911731406,5.930336202102588,5.925172713424006,5.907484922235198,5.889424371376238,5.8746411129655645,5.874196103638205,5.86959163450338,5.8599375750775,5.860167462045069,5.876706249097244,,,,,,,5.724574363083212,5.720293518462378,5.896644024280281,5.9118406761974684,5.910977193398673,5.901398231006579,5.895411989694517,5.880705420195702,5.865111967193774,5.864560905433437,5.861013985991302,5.858764589904881,5.8495884291506055,5.825725931709888,5.799982216261494,5.7755113606651,5.768540012562145,5.751080312657021,5.749559863005634,5.7346012421904184,5.671667751619943,,5.8495884291506055,5.7346012421904184,5.88712714821085,5.888707867200604,5.81988352307926,"rgba(239, 83, 80, 0.75)",0.09856940665298901,5.876918945628043,-1.338335596281515,39.33914201415047,-16.077619031719628,False,True,False,True,True,0.0,0.0,0.0,0.0,0.0,0,0.9220779220779218,1.002997002997003,False,False,False,False,-0.24662575068768658,-0.2590601907494134,False,False,False,False,292884.0,1357068.7756455003,False,False,False,False,60299.50829623363,False,False,False,False
2025-08-12 16:00:00+00:00,5.745,5.775,5.73,5.775,20183.0,,,,,,,,,,,,5.886252814282086,5.909040001109843,5.929732641095597,5.924676247119925,5.907096934738453,5.889118821259379,5.874390458317019,5.873947448776241,5.869362459081515,5.85975278983978,5.8599831052461,5.876540438913533,,,,,,,5.72780780855474,5.722146422725129,5.89583989232313,5.911194427392827,5.910571234697752,5.9010389662870235,5.895080250608232,5.88043318069713,5.864898425797569,5.86434909803531,5.860815965003394,5.858598051797581,5.849478488536552,5.8256499575346075,5.799939852604462,5.775496364581115,5.768532523810017,5.751087732336483,5.749568518832467,5.734621542006235,5.671730825013369,,5.849478488536552,5.734621542006235,5.886252814282086,5.888324513314956,5.819946644246435,"rgba(239, 83, 80, 0.5)",0.09873241661219756,5.876790326188601,-1.030971687732654,43.581087540291406,-12.139635078849032,False,False,False,True,True,0.0,0.0,0.0,0.0,0.0,0,0.9223790322580644,1.0151209677419353,False,False,False,False,-0.23038681466311858,-0.24472350270626597,False,False,False,False,313067.0,1340882.7016044848,False,False,False,False,59677.54692729977,False,False,False,False
2025-08-12 17:00:00+00:00,5.775,5.775,5.765,5.77,24715.0,,,,,,,,,,,,5.885281912952387,5.908283402757703,5.9290425563032265,5.924109023330447,5.906656708466075,5.888775446824743,5.874111711542738,5.873671023374405,5.869108667526299,5.859550031324534,5.859780761090074,5.876355404908476,,,,,,,5.73204951052175,5.72473312803599,5.894939542087742,5.910462367686963,5.910109902007257,5.900632525939743,5.894706138082302,5.880129021440001,5.864662929140218,5.864115640183344,5.860598481896115,5.858415487604979,5.849359232988424,5.825571297402047,5.79990105651002,5.775489865311521,5.768534097904536,5.751106977068079,5.749589241058668,5.73465613344086,5.671816674863809,,5.849359232988424,5.73465613344086,5.885281912952387,5.887893887533426,5.8200752024368745,"rgba(239, 83, 80, 0.5)",0.09939130057819523,5.876700815980114,-1.0735428086703491,46.03452715370859,-9.897245928900972,False,False,False,True,True,0.0,0.0,0.0,0.0,0.0,0,0.9320486815415818,1.0050709939148073,False,False,False,False,-0.20224813643370193,-0.22348581956998395,False,False,False,False,288352.0,1324564.3961532523,False,False,False,False,59135.49193617884,False,False,False,False
2025-08-12 18:00:00+00:00,5.765,5.77,5.75,5.75,17349.0,,,,,,,,,,,,5.884532296216315,5.907706462491482,5.9285213807140735,5.923679097597577,5.9063193849220825,5.888508665649414,5.873891984102829,5.87345301657846,5.868907425231363,5.859387138489027,5.85961825241025,5.876209666155717,,,,,,,5.733672234275243,5.725900527211888,5.894248557674398,5.909904656667506,5.9097572226802395,5.900319755891303,5.894416923785967,5.879890783456659,5.864475130506263,5.8639293314783725,5.860424061921045,5.858268524976071,5.849261704714027,5.825502997295557,5.7998617660910305,5.775474254123943,5.768525168892365,5.751110945532794,5.749594276257411,5.734671229934767,5.671868677052323,,5.849261704714027,5.734671229934767,5.884532296216315,5.887561230879882,5.820051368115199,"rgba(239, 83, 80, 0.5)",0.10065582245746729,5.876508321483536,-1.2568405721089102,46.16712591092832,-9.675708420719062,False,False,False,True,True,0.0,0.0,0.0,0.0,0.0,0,0.9290060851926975,1.0020283975659228,False,False,False,False,-0.2182859356874369,-0.22088587762871043,False,False,False,False,271003.0,1308230.110941574,False,False,False,False,58487.639348021024,False,False,False,False
2025-08-12 19:00:00+00:00,5.755,5.78,5.74,5.75,167190.0,,,,,,,,,,,,5.877732375926375,5.902363647801618,5.9236558334690885,5.919646382696961,5.90314475759611,5.885991900894075,5.8718158926931014,5.8713930174834905,5.867004373902214,5.857843401413681,5.858078038509651,5.8748231808201785,,,,,,,5.742604917216377,5.733915633833103,5.887927326258299,5.904730381489432,5.906439790933306,5.8973738573422425,5.891690688344158,5.877641178921892,5.862698263771207,5.862166469244783,5.858772727326094,5.8568737257617105,5.8483322509393645,5.824851672363222,5.799486757890523,5.775325127841828,5.768439804886998,5.7511489007170065,5.74964243509277,5.734815658422464,5.672366567452951,,5.8483322509393645,5.734815658422464,5.877732375926375,5.884457733600545,5.81939257790713,"rgba(239, 83, 80, 0.5)",0.10161457829719693,5.874260405738184,-1.2228600248160626,46.25552508240814,-9.305514992505536,False,False,False,True,True,0.0,0.0,0.0,0.0,0.0,0,0.9291497975708499,0.9999999999999998,False,False,False,False,-0.2182859356874369,-0.21958590665807365,False,False,False,False,271003.0,1292149.0704618597,False,False,False,False,60172.94726510597,False,False,False,False
2025-08-13 14:00:00+00:00,5.795,5.82,5.765,5.775,90877.0,,,,,,,,,,,,5.875173950871318,5.900181052039851,5.921579640839599,5.917923662025196,5.901817005351683,5.884971879975723,5.871004018571354,5.87058839337753,5.866270740850641,5.857266681687247,5.8575020130169815,5.874270900065653,,,,,,,5.750286746499482,5.7404589049540995,5.885460082265911,5.902602514384402,5.905045443097742,5.8961534405911245,5.890572908529591,5.876747285971819,5.862023166424926,5.861497976310049,5.858154297245503,5.856353722766543,5.847997622001689,5.824656288520961,5.799426544030145,5.7753737987034865,5.768510845145626,5.751280305223141,5.749778967266078,5.735000063920108,5.672730193223103,,5.847997622001689,5.735000063920108,5.875173950871318,5.883212494889398,5.819529100813121,#000000,0.10176536340614077,5.8737224838339,-0.970099064451849,48.5077488003454,-6.875723719055891,True,False,False,False,True,0.0,0.0,0.0,0.0,0.0,0,0.9259259259259257,0.991991991991992,False,False,False,False,-0.16652236002047455,-0.1930541333392741,False,False,False,False,361880.0,1277726.2941756293,False,False,False,False,60648.97909045316,False,False,False,False
2025-08-13 15:00:00+00:00,5.775,5.81,5.76,5.795,117004.0,,,,,,,,,,,,5.872142462675879,5.897528872592961,5.919029345458006,5.915797654349842,5.900175564082361,5.883710801831554,5.87000146556305,5.869594806252575,5.865365058700573,5.856554983770011,5.8567910557440435,5.873583283451974,,,,,,,5.757261338117173,5.747051673467562,5.882505865729918,5.900011072944659,5.903321935232803,5.894644548646318,5.889190861990893,5.875642765757291,5.861190272040348,5.860673314046865,5.857391723214086,5.855711199228112,5.847583662231895,5.824418565077644,5.7993598647347975,5.775445008582692,5.768609819720542,5.751455964572885,5.749961152076194,5.735243159762524,5.673201766502782,,5.847583662231895,5.735243159762524,5.872142462675879,5.881689612872736,5.819517882556094,"rgba(38, 166, 154, 1.0)",0.10175500518930675,5.872873542485164,-0.7653042947645327,51.56836414946121,-3.7921877685476773,True,False,True,False,True,0.0,0.0,0.0,0.0,0.0,0,0.925373134328358,0.9950248756218907,False,False,False,False,-0.17837986793286773,-0.1857170006360709,False,False,False,False,478884.0,1265341.142327945,False,False,False,False,61522.70034486474,False,False,False,False
2025-08-13 16:00:00+00:00,5.795,5.805,5.785,5.795,43350.0,,,,,,,,,,,,5.871157468034531,5.896635954674399,5.918156013571553,5.915067848470415,5.899614937018774,5.883283965054614,5.86966598528053,5.86926245217619,5.865063404427476,5.856320420591422,5.8565566343336615,5.873351011745843,,,,,,,5.759661495087612,5.749379306444731,5.881530736298634,5.899136085291866,5.902732504874515,5.894130559049903,5.888721474903247,5.875271229527423,5.860914246008265,5.860400201067449,5.857140269706456,5.855499465590211,5.847448838006722,5.824347402953162,5.799350176848228,5.775484738130177,5.768658549400333,5.751532313420164,5.750039866547354,5.735343904539913,5.673385569699555,,5.847448838006722,5.735343904539913,5.871157468034531,5.881178007948283,5.819528996828376,"rgba(38, 166, 154, 1.0)",0.10167728492768227,5.872596015850773,-0.7631597943037415,53.608774382205084,-1.7267272974666952,True,False,True,False,True,0.0,0.0,0.0,0.0,0.0,0,0.9369999999999999,0.9940000000000001,False,False,False,False,-0.16258030511002247,-0.1741486528730467,False,False,False,False,478884.0,1253148.0083383643,False,False,False,False,61240.95305269629,False,False,False,False
2025-08-13 17:00:00+00:00,5.795,5.81,5.765,5.765,18363.0,,,,,,,,,,,,5.8706670747602185,5.896207255021979,5.917745161246093,5.914723065865626,5.899345461293858,5.883073883221841,5.869496412005828,5.869094302171968,5.864909212452003,5.856197424462932,5.856433802296099,5.873234278037125,,,,,,,5.76019505276156,5.749996285754413,5.8810537214011624,5.898717065521801,5.902450257231412,5.893881725259772,5.888492453311192,5.875085660574997,5.860771564102435,5.86025881692774,5.857008800026408,5.855388092995484,5.847375660994282,5.824302008230701,5.799331980388185,5.775488620705262,5.768667413502957,5.751553441404979,5.750062030345455,5.735375772932275,5.6734536787871725,,5.847375660994282,5.735375772932275,5.8706670747602185,5.880927277736298,5.819471909674269,"rgba(38, 166, 154, 1.0)",0.10214510082043335,5.872402886672976,-1.0514736958533721,51.91259802787711,-1.7267272974666952,True,False,True,False,True,0.0,0.0,0.0,0.0,0.0,0,0.9330669330669329,0.992007992007992,False,False,False,False,-0.17442200764394838,-0.17428533025849755,False,False,False,False,460521.0,1240859.217511413,False,False,False,False,60576.17858676301,False,False,False,False
2025-08-13 18:00:00+00:00,5.765,5.79,5.765,5.785,12661.0,,,,,,,,,,,,5.870332018035698,5.895913504198489,5.917463305357169,5.914486367095654,5.899160368102451,5.882929532164645,5.869379866975129,5.868978733887787,5.864803224682206,5.856112851206704,5.856349340854373,5.873153961872862,,,,,,,5.760546917024261,5.750407400513193,5.880727429321597,5.898429870559327,5.902256406819489,5.893710789290611,5.888335107680374,5.874958134176983,5.860673479897613,5.86016162405012,5.856918414446044,5.855311494524436,5.847325299005947,5.8242707633724695,5.7993194541347135,5.775491293793111,5.7686735170966905,5.75156799056195,5.750077292846218,5.735397719208952,5.673500588271134,,5.847325299005947,5.735397719208952,5.870332018035698,5.880755256202764,5.819431475552154,"rgba(38, 166, 154, 1.0)",0.10255352370942768,5.872269085920665,-0.8509613591428716,52.60952275099547,-1.7267272974666952,True,False,True,False,True,0.0,0.0,0.0,0.0,0.0,0,0.9321357285429138,0.9930139720558881,False,False,False,False,-0.19028722210058502,-0.1822862761795413,False,False,False,False,473182.0,1228957.2451468948,False,False,False,False,59833.307600921726,False,False,False,False
2025-08-13 19:00:00+00:00,5.79,5.84,5.785,5.815,55259.0,,,,,,,,,,,,5.869427286364429,5.895012365899502,5.916541582863298,5.913716615764102,5.89858331755667,5.882506722023795,5.86906312141181,5.868665476559286,5.86452433683059,5.855906615005397,5.856142874820758,5.872929891961659,,,,,,,5.764345525136099,5.753958211644792,5.879790873866525,5.8975407735627705,5.90164621539888,5.893187655394974,5.887863347398983,5.8745995089391645,5.860423900051632,5.8599154197486385,5.856696281687081,5.85512616094588,5.847214764826186,5.8242371996072695,5.799358973665451,5.775588903222734,5.768778251372807,5.751705559248276,5.750217727769338,5.7355646474880055,5.673768771962257,,5.847214764826186,5.7355646474880055,5.869427286364429,5.880251683921775,5.819596603473227,"rgba(38, 166, 154, 1.0)",0.10276177296045903,5.87212682863152,-0.5559151714276146,55.410045611946046,0.35275826700259216,True,False,True,False,True,0.0,0.0,0.0,0.0,0.0,0,0.9365079365079363,0.9841269841269841,False,False,False,False,-0.13511870031659542,-0.15870248824806837,False,False,False,False,528441.0,1218096.5281678732,False,False,False,False,59762.38810323302,False,False,False,False
2025-08-14 14:00:00+00:00,5.815,5.885,5.815,5.885,37711.0,,,,,,,,,,,,5.8693441219975915,5.894765876456257,5.916212088667902,5.913447705534745,5.898414705377823,5.88242067676875,5.869034704384102,5.86863869129677,5.864513808718294,5.855925503352007,5.856160909176041,5.872901174130699,,,,,,,5.768901209527263,5.7579521599915555,5.879620604550484,5.897286794592791,5.90145986705879,5.893048269523812,5.887751377601709,5.87454834983145,5.860428355329454,5.859921680756981,5.856713509173529,5.855145808138653,5.847246764654636,5.8243154209927335,5.799478654638359,5.775740158115787,5.768926675321766,5.751872444994927,5.750386327387116,5.7357487020881885,5.674014379883417,,5.847246764654636,5.7357487020881885,5.8693441219975915,5.880148330488415,5.820024167340638,"rgba(38, 166, 154, 1.0)",0.10268942066791531,5.8724403210568985,0.12230742817916664,60.98980176160015,5.601631194682348,True,False,True,False,True,1.2678663811700943,0.0,0.0,0.0,0.0,0,0.9390962671905696,0.9783889980353636,False,False,False,False,-0.07689544594514768,-0.11779896709660803,False,False,False,False,566152.0,1207988.8610644953,False,False,False,False,59420.50611713638,False,False,False,False
2025-08-14 15:00:00+00:00,5.885,5.92,5.87,5.885,76317.0,,,,,,,,,,,,5.869817949289194,5.89472019772031,5.915917407656077,5.913222332631108,5.898352903504012,5.882497293032385,5.8692093134772145,5.868815673675663,5.864714755573812,5.856161125948305,5.856393962506442,5.8729975053181525,,,,,,,5.779524713664831,5.767285968343052,5.87984535282268,5.89720740969149,5.901368352938663,5.893036015289154,5.887784953780981,5.8746843002125475,5.860653357425275,5.860149712016675,5.856956973816789,5.855366482180615,5.847444922720059,5.824599067774138,5.7998356201137105,5.776150941443496,5.769322296615386,5.752300491311328,5.750817536626513,5.736207892821149,5.674588614820091,,5.847444922720059,5.736207892821149,5.869817949289194,5.880235035027724,5.8211967131632685,"rgba(38, 166, 154, 1.0)",0.10256406479553332,5.873495416768915,0.11216972780885913,64.70963919470287,8.953246445087935,True,False,True,False,True,1.2678663811700943,0.0,0.0,0.0,0.0,0,0.953033268101761,0.9706457925636007,False,False,False,False,-0.007674644239791173,-0.0627368056681996,False,False,False,False,566152.0,1198037.901978224,False,False,False,False,59682.467262607126,False,False,False,False
2025-08-14 16:00:00+00:00,5.885,5.885,5.87,5.875,19432.0,,,,,,,,,,,,5.8698547656545434,5.894652699132475,5.9157977886577395,5.913126275121658,5.898302449816927,5.882485016841817,5.8692239343486206,5.868831007342732,5.8647372348146005,5.85619548864983,5.856427787614905,5.873002294956028,,,,,,,5.781618968003288,5.769196112105656,5.879830323588343,5.89713379832109,5.901309718311743,5.892999130196511,5.887760729311807,5.8746883007855,5.860682671794778,5.860179866495974,5.856991868237268,5.855399202850462,5.847478077295894,5.824654841612315,5.799911295866616,5.776241549874457,5.769410322980761,5.752397377432596,5.750915263809214,5.736313141461728,5.6747242742806785,,5.847478077295894,5.736313141461728,5.8698547656545434,5.8802197285793225,5.821420801648413,"rgba(38, 166, 154, 1.0)",0.102527429860837,5.873673953657725,0.012933576351952818,66.0083374898049,10.11666842373819,True,False,True,False,True,0.601258917665664,0.0,0.0,0.0,0.0,0,0.9526627218934909,0.9842209072978304,False,False,False,False,-0.034548691786220304,-0.04864274872720995,False,False,False,False,546720.0,1187939.9500095693,False,False,False,False,59058.42901047368,False,False,False,False
2025-08-14 17:00:00+00:00,5.875,5.935,5.875,5.935,51623.0,,,,,,,,,,,5.915,5.870490405396412,5.894852810946474,5.91579138152171,5.9131392644594944,5.898405017665249,5.882665873822268,5.869461124463444,5.869069321606775,5.864987126514093,5.856456118004279,5.856686265924441,5.873147433813145,,,,,,,5.788844259106911,5.775660470696752,5.880266600504547,5.897302287351258,5.901395508106408,5.893130046303285,5.887917487801056,5.874903268364773,5.86094555125083,5.860444464411496,5.857263420186683,5.855641443981728,5.847680986070751,5.824911207057461,5.800211656856139,5.776573047936309,5.769726801861135,5.752733203721626,5.751253067252846,5.736668136520053,5.6751520269513,,5.847680986070751,5.736668136520053,5.870490405396412,5.883088626472136,5.822315473442541,"rgba(38, 166, 154, 1.0)",0.10268257744966611,5.8772718303784455,0.5622002393721746,69.47965494055408,13.389944049525987,True,False,True,False,True,4.380283518771503,0.0,0.0,0.0,0.0,0,0.9548577036310105,0.971540726202159,False,False,False,False,0.007674490742411592,-0.02048412899239918,False,False,False,False,598343.0,1178798.9120249248,False,False,False,False,58943.15104131905,False,False,False,False
2025-08-14 18:00:00+00:00,5.935,5.935,5.895,5.905,66716.0,,,,,,,,,,5.911666666666667,5.9131207660478236,5.871226275633388,5.895063836384815,5.915749010162874,5.913126188351408,5.8985094677242556,5.882872858221913,5.869741871918266,5.8693516024482175,5.865285140910816,5.856770560319685,5.856998052421201,5.873318706129859,,,,,,,5.796880234423728,5.7830310934210605,5.880762055157608,5.897475249835883,5.901478021875689,5.893271509508478,5.888092816445223,5.875154897830124,5.861260823606353,5.860761998751236,5.857590577087692,5.8559341899492345,5.847928524249377,5.825228199145787,5.800586314704066,5.776988866933305,5.770124438997979,5.753156292587079,5.751678734148524,5.737116300778386,5.67569493910597,,5.847928524249377,5.737116300778386,5.871226275633388,5.885200071667229,5.823342670406799,"rgba(38, 166, 154, 1.0)",0.10256164922565777,5.880661121867129,0.23730973825626295,68.66446019831406,13.389944049525987,True,False,True,False,True,2.3750767867230955,0.0,0.0,0.0,0.0,0,0.9559686888454009,0.9726027397260274,False,False,False,False,0.023027242947713567,0.0012715569776571931,False,False,False,False,531627.0,1168765.2389702746,False,False,False,False,59063.66032750015,False,False,False,False
2025-08-14 19:00:00+00:00,5.905,5.915,5.835,5.87,152303.0,,,,,,,,,,5.885010158935983,5.890730503765122,5.871308868588105,5.894458568671071,5.914777121831915,5.912335578141625,5.898064796094409,5.882719920742027,5.869795593731779,5.869410939844914,5.865400753095343,5.85698313928643,5.857206822507953,5.873318853111541,,,,,,,5.806815461385644,5.792972918464801,5.880503771170843,5.896829389693942,5.900971160328806,5.892930099841145,5.88784819438654,5.875126873489184,5.861429733033707,5.860937422884864,5.857803768164163,5.856139289083939,5.848150924425557,5.825626135824897,5.801140313608342,5.777661121504027,5.770780296565326,5.753882206231843,5.7524112428649685,5.73790803800667,5.676725210051619,,5.848150924425557,5.73790803800667,5.871308868588105,5.881537258453443,5.82450445576242,"rgba(38, 166, 154, 0.75)",0.10243644480955115,5.878953440476744,-0.0874048342207708,65.01846506300586,13.389944049525987,True,False,True,False,False,0.11615814313229933,0.0,0.0,0.0,0.0,0,0.9400386847195356,0.9806576402321082,False,False,False,False,-0.03839101084683966,-0.018559726934591233,False,False,False,False,379324.0,1156525.8399164719,False,False,False,False,60509.23148521332,False,False,False,False
2025-08-15 14:00:00+00:00,5.84,5.87,5.815,5.87,30907.0,,,,,,,,,,5.8808867491444135,5.886726690079113,5.871153856989386,5.894218054950641,5.9144850262743836,5.9120919517007176,5.897899087359559,5.8826192201413985,5.86974073021293,5.869357440089173,5.86536083321272,5.856969328146079,5.857192491156537,5.873274790790312,,,,,,,5.807967854682538,5.794255579085309,5.880301734596026,5.896585527839867,5.900791627650301,5.892787211222821,5.887726910940855,5.875053857611416,5.8614020916592215,5.860911244464872,5.8577869488573695,5.8561286155325805,5.848157159099827,5.825669776587686,5.8012182767641844,5.777765763286654,5.770884469874859,5.754001921534913,5.752532374218515,5.738042058263221,5.67691007819859,,5.848157159099827,5.738042058263221,5.871153856989386,5.880855446446241,5.824613384855791,"rgba(38, 166, 154, 0.75)",0.10230575970327124,5.878546671590716,-0.08354047333703572,62.58780163946706,18.802789550423114,True,False,True,False,False,0.11615814313229933,0.0,0.0,0.0,0.0,0,0.9375600384245916,0.9884726224783861,False,False,False,False,-0.0884860916240696,-0.05352290927933042,False,False,False,False,379324.0,1144476.1989875343,False,False,False,False,60050.28215986117,False,False,False,False
2025-08-15 15:00:00+00:00,5.865,5.865,5.845,5.845,27255.0,,,,,,,,,,5.87801356033302,5.883820518201319,5.871019177741314,5.894008192805533,5.914229679352226,5.911878730166948,5.897753937954804,5.882530958784635,5.869692624214204,5.869310528885528,5.86532582236156,5.856957208346683,5.85717991459208,5.873236083448221,,,,,,,5.808936032826163,5.795341042681206,5.880125905412636,5.896372655715734,5.900634390105065,5.892662025068121,5.887620631136682,5.874989845441491,5.861377845960745,5.860888281678196,5.857772193244689,5.856119245358792,5.848162638760077,5.825708139527581,5.801286828358793,5.777857795266756,5.77097611157819,5.7541072482070765,5.752638947523138,5.738159980816627,5.6770727782616826,,5.848162638760077,5.738159980816627,5.871019177741314,5.8803540669420045,5.824705264901403,"rgba(38, 166, 154, 0.75)",0.10208713818977798,5.87825358848533,-0.3257372973225308,58.82141314333186,15.203340516452101,True,False,True,False,False,0.0,0.0,0.0,0.0,0.0,0,0.9414024975984627,0.9903938520653217,False,False,False,False,-0.06917997937913925,-0.06135144432923484,False,False,False,False,352069.0,1132190.816057495,False,False,False,False,59541.82817288658,False,False,False,False
2025-08-15 16:00:00+00:00,5.845,5.855,5.845,5.845,25387.0,,,,,,,,,,5.875523237751514,5.881276938149191,5.870874071933411,5.893799324648354,5.913981120448954,5.911670551350193,5.897609834733868,5.882440368155062,5.869639801575242,5.869258843114469,5.865285452593013,5.856938887498838,5.857161199762177,5.873194600964613,,,,,,,5.809732643114592,5.796258140316457,5.87994510195458,5.896161530907575,5.9004789236051645,5.892536676966682,5.887513071628286,5.874922058319345,5.8613476557223585,5.8608593006372836,5.857751043928153,5.856104045167357,5.848162886651327,5.825739195951435,5.801346300485518,5.777939451460178,5.771057766973742,5.754201806764963,5.752734676079672,5.738266382036953,5.6772211667635615,,5.848162886651327,5.738266382036953,5.870874071933411,5.879903873762778,5.824775229782627,"rgba(38, 166, 154, 0.75)",0.10193453118861988,5.877979732067225,-0.3235383699975019,56.31048747924172,12.795071579631255,True,False,True,False,False,0.0,0.0,0.0,0.0,0.0,0,0.9411764705882351,0.9932497589199613,False,False,False,False,-0.07689544594514768,-0.06912344513719126,False,False,False,False,352069.0,1120095.9041806348,False,False,False,False,59012.2959531519,False,False,False,False
2025-08-15 17:00:00+00:00,5.845,5.845,5.835,5.845,6358.0,,,,,,,,,,5.874826436320241,5.8805784419501,5.87082735903464,5.8937396874918475,5.91391287209634,5.911613162497524,5.897569011744766,5.8824133355078505,5.8696224868883045,5.869241827377422,5.865271408048838,5.856930766238263,5.8571529949618695,5.873181453531972,,,,,,,5.809893540333032,5.796454102001083,5.879890660931786,5.896101616762762,5.900435173394022,5.892500677475402,5.887481658339833,5.874900892329743,5.8613362547185766,5.8608482116528196,5.857742023097117,5.856096989716688,5.848160524795303,5.825744669460241,5.801359061413001,5.777957938135271,5.771076428098368,5.754223783506565,5.752756950859172,5.73829138525391,5.677256843063536,,5.848160524795303,5.73829138525391,5.87082735903464,5.879777231692141,5.824786161206582,"rgba(38, 166, 154, 0.75)",0.10134225304505207,5.877896352703115,-0.3246064865805919,54.636537036514966,11.094833122613942,True,False,True,False,False,0.0,0.0,0.0,0.0,0.0,0,0.9427740058195925,0.9932104752667313,False,False,False,False,-0.09235476278791728,-0.08073910396255427,False,False,False,False,352069.0,1108188.5103173691,False,False,False,False,58195.95027945963,False,False,False,False
2025-08-15 18:00:00+00:00,5.845,5.85,5.835,5.845,16064.0,,,,,,,,,,5.873269757018165,5.878989794121109,5.870716705842306,5.893594418776658,5.913744974414055,5.911472028258915,5.89746920129324,5.882347981938913,5.869581437695667,5.86920152190675,5.86523849790573,5.856912521894744,5.857134530381172,5.873150038445486,,,,,,,5.810313877677498,5.7969597376661435,5.879759766275828,5.895955441056454,5.900328051045298,5.89241292312934,5.887405361890259,5.874850210432787,5.861309943731094,5.860822680879234,5.857721634610416,5.856081249569462,5.848156094612632,5.82575992782906,5.80139259862676,5.778005819130912,5.771124645188367,5.754280317738909,5.752814234260197,5.738355521692763,5.677347826252533,,5.848156094612632,5.738355521692763,5.870716705842306,5.879487386420922,5.8248170411093305,"rgba(38, 166, 154, 0.75)",0.10096212830238127,5.877709050735812,-0.3239734669404852,53.520570074697126,9.81530668438797,True,False,True,False,False,0.0,0.0,0.0,0.0,0.0,0,0.9416909620991253,0.9902818270165209,False,False,False,False,-0.08848609162407099,-0.08461259779331262,False,False,False,False,352069.0,1096465.7272116735,False,False,False,False,57542.74174799513,False,False,False,False
2025-08-15 19:00:00+00:00,5.845,5.845,5.825,5.835,37429.0,,,,,,,,,,5.869317429089902,5.875013158890483,5.870384889337872,5.893203585908377,5.913310921428492,5.911105497423854,5.897202482761629,5.882164208893263,5.869456080744287,5.869077998167206,5.865133173102931,5.856844231030927,5.857065836671809,5.8730567114979895,,,,,,,5.811016310689945,5.797892295627348,5.879389442416457,5.895564532539741,5.900043742421606,5.892175154933039,5.887195189769169,5.874701693687312,5.861220655906301,5.86073527509109,5.857646968229571,5.856020849355791,5.848128022122496,5.825778567069019,5.801455047630662,5.778102913356761,5.771223804790254,5.754399463805491,5.752935161870135,5.7384928171733485,5.677548806548868,,5.848128022122496,5.7384928171733485,5.870384889337872,5.878738300353502,5.824841272144496,#000000,0.10035064649640998,5.877184495444098,-0.4203709384732973,51.63644490248003,7.763126500103745,True,False,False,False,False,0.0,0.0,0.0,0.0,0.0,0,0.9388349514563105,0.9902912621359223,False,False,False,False,-0.10010050011385264,-0.09235654895358264,False,False,False,False,314640.0,1084344.3981076165,False,False,False,False,57230.90079066187,False,False,False,False
2025-08-18 14:00:00+00:00,5.815,5.82,5.8,5.815,1882.0,,,,,,,,,,5.869019601922586,5.874726524557371,5.870357473087428,5.893176248654242,5.913282757464525,5.911081538315129,5.897184123576096,5.882150453248171,5.869445549349066,5.869067574149207,5.865123810694385,5.856837152609742,5.85705875333001,5.873049161131896,,,,,,,5.811017239856665,5.797909253856318,5.879361280682265,5.895537487666908,5.900024407325803,5.892158393669884,5.887179962073063,5.874689883500526,5.861212201400263,5.86072692521381,5.857639372019161,5.856014460463893,5.848124110548406,5.825777135851362,5.801456001647426,5.77810578815654,5.771226961399511,5.754403713770949,5.752939506764848,5.738498043727712,5.677557403088934,,5.848124110548406,5.738498043727712,5.870357473087428,5.878682908720704,5.82483616822306,"rgba(239, 83, 80, 0.5)",0.09967071913178659,5.877140975670283,-0.6234627000946851,48.29850092070732,4.406354444880392,False,False,False,True,False,0.0,0.0,0.0,0.0,0.0,0,0.9330746847720657,0.9951503394762365,False,False,False,False,-0.13902846406535996,-0.1156925065094713,False,False,False,False,312758.0,1072381.8182919943,False,False,False,False,56372.77829778339,False,False,False,False
2025-08-18 15:00:00+00:00,5.815,5.82,5.8,5.82,53319.0,,,,,,,,,,5.861909942052584,5.867750557813329,5.869612999919688,5.892424982883711,5.912504259129599,5.910418816415993,5.896677317234957,5.881772122465039,5.869157331459306,5.868782345122219,5.864868147112987,5.856644896644544,5.856866324044949,5.872841807688479,,,,,,,5.811107340650832,5.7984291068339076,5.878592454364364,5.894793540801312,5.899490384398388,5.891696185429937,5.886760548344997,5.8743659178533445,5.860981886671365,5.8604995361145695,5.857432965923746,5.855840992005073,5.848018689510843,5.82574148338357,5.801487355772336,5.77819106463427,5.771319864426207,5.754527354991982,5.753065821427773,5.738649173645001,5.6778035159480975,,5.848018689510843,5.738649173645001,5.869612999919688,5.8773022749990975,5.824704532530091,"rgba(239, 83, 80, 0.5)",0.09835241836474327,5.876049724801686,-0.5698865948961592,46.762000522659356,2.767139978661895,False,False,False,True,False,0.0,0.0,0.0,0.0,0.0,0,0.932038834951456,0.9951456310679611,False,False,False,False,-0.13902846406535996,-0.12736048528741561,False,False,False,False,366077.0,1061431.3559928937,False,False,False,False,56325.43289781775,False,False,False,False
2025-08-18 16:00:00+00:00,5.815,5.84,5.815,5.83,30790.0,,,,,,,,,,5.859604409654855,5.865323405321916,5.869304118145207,5.892078618698515,5.9121273660379305,5.910098691433822,5.896439606012012,5.881603007158413,5.8690365999938825,5.868663159005852,5.864764294535999,5.856572829539692,5.856793995476462,5.872752739578399,,,,,,,5.811485814757677,5.799000020048334,5.878256768848817,5.8944480203233,5.899238158890041,5.891482355891864,5.886569548592779,5.874225988474663,5.860891445797422,5.860410661874049,5.857354891638443,5.855776582810688,5.8479843040493735,5.825745764490668,5.801528217918623,5.778261060416664,5.77139241389045,5.754616669706072,5.753156618586014,5.738753641159009,5.6779609169131655,,5.8479843040493735,5.738753641159009,5.869304118145207,5.87679734575664,5.82469237452753,"rgba(239, 83, 80, 0.5)",0.09761650465970043,5.875671253214993,-0.467864049980139,47.12232057309601,2.767139978661895,False,False,False,True,False,0.0,0.0,0.0,0.0,0.0,0,0.9317507418397625,1.0079129574678536,False,False,False,False,-0.11174188851473288,-0.11955118690107425,False,False,False,False,396867.0,1051128.0326441666,False,False,False,False,55929.53471335546,False,False,False,False
2025-08-18 17:00:00+00:00,5.825,5.835,5.805,5.805,5324.0,,,,,,,,,,5.859081032793076,5.864793241873237,5.869233947466569,5.892006659193072,5.912052222797832,5.91003460540768,5.896390656056397,5.881566581205744,5.869008981545098,5.868635831428771,5.864739846544919,5.856554539272327,5.8567756843734475,5.872732762580376,,,,,,,5.811499114956175,5.799052664669665,5.8781837975970435,5.894376663862893,5.899186559783085,5.891437752360277,5.886529116256622,5.874194874463134,5.8608694746401975,5.860388977102041,5.857335251207589,5.85576008001108,5.8479743445820755,5.825742696260812,5.8015317626315674,5.778269926219137,5.7714020068276355,5.754629302110614,5.753169515793948,5.73876899529979,5.677985689943935,,5.8479743445820755,5.73876899529979,5.869233947466569,5.876686185181323,5.824680407932348,"rgba(239, 83, 80, 0.5)",0.09739919714042296,5.8755818130874875,-0.7246652452969212,44.62234162816859,0.20541647750284397,False,False,False,True,False,0.0,0.0,0.0,0.0,0.0,0,0.9307616221562807,1.0,False,False,False,False,-0.12341351815791875,-0.12148235252949649,False,False,False,False,391543.0,1040901.9081070478,False,False,False,False,55144.95277981507,False,False,False,False
2025-08-18 18:00:00+00:00,5.805,5.805,5.795,5.8,14461.0,,,,,,,,,,5.857256214469042,5.862990735860115,5.868991799590661,5.8917739390909745,5.9118172501055914,5.909833564628103,5.896233546208723,5.8814455924676965,5.8689133117887415,5.868541025440434,5.864653572902136,5.8564870368213695,5.856708199451179,5.872664490969352,,,,,,,5.811382106727481,5.799061056071243,5.877939587747777,5.894146987170653,5.8990218101487715,5.891293139667922,5.8863965426107,5.87408915410973,5.860790421954531,5.860310750936316,5.857263126714638,5.855698851553643,5.84793503104883,5.825722746936165,5.801530668681504,5.778284160264365,5.771419084393561,5.754655068762515,5.753196027975474,5.738802468758702,5.678045571427693,,5.84793503104883,5.738802468758702,5.868991799590661,5.876307877128151,5.824618303031534,"rgba(239, 83, 80, 1.0)",0.09729550048388581,5.875263653709748,-0.7735573930493675,42.46408826249485,-2.0577131246762264,False,True,False,True,False,0.0,0.0,0.0,0.0,0.0,0,0.9295634920634919,1.003968253968254,False,False,False,False,-0.15471107158369854,-0.13809671205659751,False,False,False,False,377082.0,1030610.1265860082,False,False,False,False,54514.193821988476,False,False,False,False
2025-08-18 19:00:00+00:00,5.795,5.82,5.795,5.8,54400.0,,,,,,,,,,5.851816556479364,5.857496836277047,5.868160783086431,5.890956055139381,5.9109812114276465,5.90911794698565,5.89567755382713,5.881021394005384,5.868581721421748,5.868212560645837,5.8643560148012135,5.8562568900434195,5.8564780198777395,5.8724264012615865,,,,,,,5.811146817062683,5.7992525719926755,5.877092483278504,5.893338260583848,5.898437967804418,5.890782773909485,5.885930092135085,5.873720793282481,5.8605191776214545,5.8600425295959075,5.857016972825776,5.8554902880318584,5.847803081279792,5.825662510699566,5.801539964489759,5.77834983036652,5.7714943521560125,5.7547623965108246,5.753306120167496,5.738938324926889,5.678279524714559,,5.847803081279792,5.738938324926889,5.868160783086431,5.875109996091399,5.824424134925503,"rgba(239, 83, 80, 1.0)",0.09715790064453385,5.874253953287346,-0.7642605778300551,41.025252685379016,-3.6389138799570446,False,True,False,True,False,0.0,0.0,0.0,0.0,0.0,0,0.9294935451837137,1.0019860973187686,False,False,False,False,-0.14294245567557437,-0.14051958386608593,False,False,False,False,377082.0,1020477.9075691708,False,False,False,False,54512.423375135935,False,False,False,False
2025-08-19 14:00:00+00:00,5.795,5.83,5.795,5.81,16375.0,,,,,,,,,,5.850596721524389,5.856226132040169,5.867940806428678,5.890731734398715,5.910747780569893,5.90891811767766,5.895523725499073,5.880905742760445,5.868492976716968,5.868124710427809,5.864277021737216,5.85619697372779,5.856418055091685,5.872362114975678,,,,,,,5.811152522723119,5.799371915231878,5.876864559499257,5.893115845534483,5.898276079868111,5.8906421755994405,5.885802210415278,5.873621362649691,5.860447787977588,5.859972017856753,5.856952769330988,5.855436088760073,5.847769683103628,5.825650275468322,5.801548125458117,5.778374463735067,5.771521437404463,5.7547988891212585,5.753343429500819,5.738983225869191,5.6783534744854345,,5.847769683103628,5.738983225869191,5.867940806428678,5.874818758112583,5.824380873313951,"rgba(239, 83, 80, 1.0)",0.09723117247517063,5.874009755024024,-0.6583254464032097,41.841282081800045,-3.6389138799570446,False,True,False,True,False,0.0,0.0,0.0,0.0,0.0,0,0.926805143422354,1.0,False,False,False,False,-0.13511870031659542,-0.13781914209134066,False,False,False,False,393457.0,1010756.6531882534,False,False,False,False,53921.14549335088,False,False,False,False
2025-08-19 15:00:00+00:00,5.805,5.835,5.805,5.805,33238.0,,,,,,,,,,5.848529005186925,5.854029584935663,5.86752566268835,5.890299321144244,5.910293147882093,5.90852882995129,5.895225553370882,5.880683420178759,5.8683242074844495,5.867957707333082,5.864127520579722,5.856084916098253,5.856305860099096,5.872239187347741,,,,,,,5.811236369950555,5.799671037742857,5.876430173516732,5.892686416109126,5.897961905557518,5.890370300762853,5.8855555959595,5.873431320989631,5.86031337897825,5.8598393561305455,5.856832557713972,5.855334833165408,5.847708322512216,5.825631410436273,5.801570093948063,5.7784293478076325,5.771580858516666,5.754877151527493,5.75342333338454,5.73907836756373,5.678507072848699,,5.847708322512216,5.73907836756373,5.86752566268835,5.874296708877183,5.824308057386775,"rgba(239, 83, 80, 1.0)",0.09726544899173123,5.873573393122536,-0.7050128677076859,41.715867039302836,-3.6389138799570446,False,True,False,True,False,0.0,0.0,0.0,0.0,0.0,0,0.9328063241106717,0.9970355731225296,False,False,False,False,-0.12341351815791875,-0.1306163301246297,False,False,False,False,360219.0,1000670.7981000633,False,False,False,False,53600.47657097335,False,False,False,False
2025-08-19 16:00:00+00:00,5.805,5.825,5.805,5.825,26736.0,,,,,,,,,,5.847181113760218,5.852562595397553,5.867217318269416,5.889970302998902,5.909943254281396,5.908229105517916,5.894997206276465,5.880514694148255,5.868197661598193,5.8678325409395065,5.8640160363479366,5.856002497798126,5.856223300125293,5.872146424550763,,,,,,,5.811358634250907,5.799954003934661,5.876103884886809,5.892359077679997,5.897720989953876,5.890162633429775,5.885367780518264,5.873288016708424,5.860213749436073,5.859741102941138,5.85674402587377,5.855260453046075,5.847664144830383,5.825621026826601,5.801592086050912,5.778477389354921,5.771632198365176,5.754943438818265,5.7534909275472765,5.739158077501638,5.678633385190934,,5.847664144830383,5.739158077501638,5.867217318269416,5.873931003714996,5.824261287006946,"rgba(239, 83, 80, 0.5)",0.09722978263179526,5.873268878903485,-0.4964412919267387,44.99031479813053,-3.6389138799570446,False,False,False,True,True,0.0,0.0,0.0,0.0,0.0,0,0.9289999999999998,1.0039999999999998,False,False,False,False,-0.13121303824113986,-0.13091468418288477,False,False,False,False,386955.0,991155.8244861088,False,False,False,False,53183.97305824508,False,False,False,False
2025-08-19 17:00:00+00:00,5.825,5.825,5.805,5.825,44550.0,,,,,,,,,,5.845183941109008,5.850368844381593,5.8667120243252215,5.8894286949592285,5.909366106590924,5.907734077586979,5.894619711140575,5.880235566651858,5.8679882163366,5.8676253738472814,5.863831471922491,5.855865961306772,5.856086525666188,5.8719925617606465,,,,,,,5.81155326543353,5.800406916380923,5.8755682586717,5.891819992005425,5.897322776135152,5.889819245911319,5.885057145583377,5.873050878622784,5.860048783816731,5.8595784136502695,5.8565974069623685,5.8551371760666555,5.847590826326665,5.825603790175789,5.801628603425367,5.778557184179344,5.771717495559745,5.755053585735462,5.753603247017443,5.739290542010157,5.678843352332704,,5.847590826326665,5.739290542010157,5.8667120243252215,5.873359934113241,5.824183280285853,"rgba(239, 83, 80, 0.5)",0.09726822763936663,5.872788120242232,-0.4913024674348129,47.173279970682316,-7.50753308491641,False,False,False,True,True,0.0,0.0,0.0,0.0,0.0,0,0.9279279279279278,1.0070070070070067,False,False,False,False,-0.13121303824113986,-0.1310638612120123,False,False,False,False,386955.0,981788.3698429134,False,False,False,False,53050.11301083042,False,False,False,False
2025-08-19 18:00:00+00:00,5.825,5.825,5.8,5.8,31192.0,,,,,,,,,,5.8434802683519935,5.848563591162072,5.86629255946581,5.889001676599938,5.908922405222044,5.90735230533164,5.894323252808607,5.880010289334846,5.867813293404415,5.867452135646499,5.863674925421552,5.855745638118135,5.8559661378745504,5.871865377313924,,,,,,,5.811491559672709,5.800541356156773,5.875134612414219,5.891396467216617,5.897011335870248,5.889547408211991,5.884809020217726,5.872855937259359,5.859906550221059,5.859437830987394,5.8564687603968695,5.855028032122896,5.847522238323852,5.825575237715842,5.8016388275413835,5.778598865100996,5.771764260111941,5.755118327114887,5.753669543605395,5.739371324173021,5.678979474856626,,5.847522238323852,5.739371324173021,5.86629255946581,5.872890275432573,5.82408890329961,"rgba(239, 83, 80, 1.0)",0.0971748215637236,5.872374078386115,-0.7447822102627182,44.952007297619744,-7.50753308491641,False,True,False,True,False,0.0,0.0,0.0,0.0,0.0,1,0.9280719280719278,1.0039960039960036,False,False,False,False,-0.13511870031659542,-0.13309128076430388,False,False,False,False,355763.0,972082.5501554264,False,False,False,False,52711.22753779429,False,False,False,False
2025-08-19 19:00:00+00:00,5.8,5.805,5.785,5.795,61508.0,,,,,,,,,,5.839429808356674,5.844381669008581,5.865296549638133,5.8880356517008146,5.907944309783155,5.906507788492443,5.893654865316674,5.879488301898491,5.867394696621392,5.867037093848876,5.86329504881387,5.855443921989741,5.85566455723774,5.871563740627412,,,,,,,5.810891050042329,5.800362020071701,5.8741282357863085,5.8904417200118555,5.896312160321036,5.888929509075531,5.884239920267924,5.872396220749339,5.859556435955744,5.859091121407917,5.856147364485083,5.854753262865716,5.847341910165904,5.825475883934754,5.801618924461336,5.77864401262447,5.7718226315392975,5.755213659874387,5.753768032550579,5.739499375295768,5.679219478431714,,5.847341910165904,5.739499375295768,5.865296549638133,5.8717955716667145,5.823802520472318,"rgba(239, 83, 80, 1.0)",0.0972850830671537,5.8713687337731635,-0.7849994199053923,42.85083068733842,-7.50753308491641,False,True,False,True,False,0.0,0.0,0.0,0.0,0.0,1,0.9232303090727816,1.0089730807577266,False,False,False,False,-0.16258030511002247,-0.14783579293716317,False,False,False,False,294255.0,961573.5958894507,False,False,False,False,52847.61160697578,False,False,False,False
2025-08-20 14:00:00+00:00,5.795,5.835,5.775,5.835,29017.0,,,,,,,,,,5.83850342367443,5.843337922189005,5.864967223998963,5.887683274251136,5.907569371052166,5.906184442133426,5.89340595246586,5.879302035643997,5.8672529811751595,5.866896843969767,5.8631693485955605,5.855349376425277,5.855569881344432,5.87145921827807,,,,,,5.815,5.810960442606073,5.800582146972296,5.873779986059653,5.890090858885357,5.8960500933911035,5.8887022769300135,5.884033548781392,5.87223678178129,5.859443339533004,5.858979487533877,5.856046118248491,5.85466760427805,5.847289609884883,5.825459849233013,5.801637822948007,5.778691163880235,5.77187374161118,5.755281004384214,5.753836791376067,5.739581275456863,5.679351856988161,,5.847289609884883,5.739581275456863,5.864967223998963,5.87147509251409,5.823344354580146,#000000,0.09726841287972042,5.868676421260847,-0.34622155604091887,47.432105844969485,-7.50753308491641,False,False,False,False,True,0.0,0.0,0.0,0.0,0.0,1,0.9217046580773042,1.0069375619425172,False,False,False,False,-0.14686080212661087,-0.14734829753188702,False,False,False,False,323272.0,951677.4471159709,False,False,False,False,52478.144760355994,False,False,False,False
2025-08-20 15:00:00+00:00,5.835,5.835,5.8,5.805,77757.0,,,,,,,,,,5.83618168582121,5.840729951825286,5.864076885400673,5.8867342837418235,5.906561576547997,5.905313496437376,5.892732626519558,5.878795360410251,5.86686498496077,5.866512765340962,5.862824168936256,5.855087812436369,5.855308004168215,5.871172812089526,,,,,,5.813786268192631,5.811063179030081,5.801076084431352,5.872840794307003,5.889146031200259,5.89534181744594,5.888086577180829,5.883473345105131,5.871801552575231,5.859131826230342,5.858671878265825,5.855766331225086,5.854430305804155,5.847143099802128,5.825410313846025,5.801681919195365,5.778811142167935,5.772004836848703,5.7554557064057805,5.754015285560879,5.739795039545176,5.679700980237414,,5.847143099802128,5.739795039545176,5.864076885400673,5.870635458188305,5.823119741572876,"rgba(239, 83, 80, 0.5)",0.09733729783359096,5.867875682838954,-0.6459567322944111,46.751941319300364,-7.50753308491641,False,False,False,True,True,0.0,0.0,0.0,0.0,0.0,1,0.923611111111111,1.0119047619047616,False,False,False,False,-0.12731135241605118,-0.13732982497396912,False,False,False,False,245515.0,940729.1921219248,False,False,False,False,52870.064996629546,False,False,False,False
2025-08-20 16:00:00+00:00,5.805,5.84,5.805,5.835,33955.0,,,,,,,,,,5.835813258404673,5.840215686675728,5.863797298430523,5.886401339148612,5.906190199659748,5.904992667028046,5.892490918263869,5.878621108056327,5.866739066319253,5.866388387389126,5.862715137190192,5.855010759427724,5.855230666247844,5.871077254852617,,,,,,5.816894042213521,5.811352712180654,5.801501762127917,5.8725296167699215,5.8888119867107775,5.895085987150617,5.887868252185092,5.8832774657161835,5.871656389931089,5.859036330524189,5.8585779699605025,5.855683330593468,5.854360877286569,5.847104592020644,5.825412550925314,5.801722987540457,5.7788834087597305,5.7720802090230565,5.755549164950308,5.754110339884034,5.739904852472054,5.679868020168298,,5.847104592020644,5.739904852472054,5.863797298430523,5.870405981935307,5.823239674958836,#000000,0.09718135734909178,5.867840639106749,-0.33793147165849885,49.61387294778374,-5.5879791803794205,False,False,False,False,True,0.0,0.0,0.0,0.0,0.0,1,0.9158316633266532,1.0200400801603204,False,False,False,False,-0.11951941149754246,-0.1284246182357558,False,False,False,False,279470.0,930477.1116239105,False,False,False,False,52576.80817497637,False,False,False,False
2025-08-20 17:00:00+00:00,5.835,5.845,5.83,5.835,7702.0,,,,,,,,,,5.835820688615705,5.8401864908300665,5.863751383834818,5.886338887354544,5.906116972918685,5.904929501947714,5.892444629438233,5.878589320996243,5.866717714172804,5.866367358131836,5.862697332287773,5.854999485453331,5.8552193029443895,5.871060504497473,,,,,,5.817920032428087,5.811458811424968,5.801633944758312,5.872474878388413,5.888748824625748,5.895036665022028,5.88782700185372,5.8832410376495785,5.871630882536904,5.85902141509107,5.858563396511681,5.855671035080987,5.8543508462411395,5.847100141375812,5.825417094582328,5.801736011371424,5.778903194785067,5.77210040348609,5.755573306061094,5.754134833295103,5.739932589171779,5.6799084344152595,,5.847100141375812,5.739932589171779,5.863751383834818,5.870374255244544,5.823290217279845,"rgba(38, 166, 154, 0.5)",0.09616989471058159,5.867869012546235,-0.34178068557891844,51.521827366772655,-3.7376560026618364,False,False,True,False,True,0.0,0.0,0.0,0.0,0.0,1,0.9177532597793379,1.017051153460381,False,False,False,False,-0.09622619257480085,-0.11232540540527833,False,False,False,False,279470.0,920383.9781103615,False,False,False,False,51881.074714899216,False,False,False,False
2025-08-20 18:00:00+00:00,5.835,5.84,5.815,5.825,22949.0,,,,,,,,,,5.835589219171109,5.839863026052001,5.8635653201457805,5.886116455886866,5.905868411982276,5.904714514927721,5.89228251479247,5.878472368301892,5.866633161028432,5.866283837514535,5.862624099376746,5.854947696601901,5.85516732152367,5.870996208281298,,,,,,5.8190912689150815,5.811646393091649,5.801911210449372,5.872267492643457,5.888525568400547,5.894865103463907,5.887680537189666,5.883109600115595,5.871533426097376,5.858957262718262,5.858500309389148,5.855615265151185,5.854304161609912,5.84707421392529,5.825418595972609,5.801763666904763,5.778951876940926,5.772151192629566,5.755636292497302,5.754198895821815,5.740006605923751,5.680021055965641,,5.84707421392529,5.740006605923751,5.8635653201457805,5.870223153970478,5.823328636173492,#000000,0.09394266988552634,5.867801196363183,-0.4556097502374351,51.477578745370145,-3.6128341458408713,False,False,False,False,True,0.0,0.0,0.0,0.0,0.0,1,0.9139999999999999,1.017,False,False,False,False,-0.11044696788239053,-0.11138618664383443,False,False,False,False,256521.0,910091.5288373326,False,False,False,False,51432.5154169938,False,False,False,False
2025-08-20 19:00:00+00:00,5.825,5.835,5.81,5.81,110759.0,,,,,,,,,,5.833712382557245,5.83763432951137,5.862495929183844,5.884918565158882,5.904566366298854,5.903584273813517,5.8914132439737665,5.877825628882373,5.866145998255078,5.865801871141004,5.86219384728638,5.854627513252578,5.854846497660617,5.870630649361666,,,,,,5.818793726969094,5.812022102234269,5.8027445382429885,5.871114231656599,5.8873280888298645,5.893949339795523,5.886888188253663,5.882391329209382,5.870982679580001,5.858572196289433,5.858120511143759,5.855272466859435,5.8540137675915185,5.846899277025644,5.825377745947099,5.801851905470104,5.779144651549448,5.772357725610872,5.755903240841243,5.754471124955577,5.740327883537243,5.680531431094418,,5.846899277025644,5.740327883537243,5.862495929183844,5.869314078309799,5.823139006940326,#000000,0.09237545791616421,5.866977664555963,-0.616805219062333,49.60712451453679,-3.6128341458408713,False,False,False,False,True,0.0,0.0,0.0,0.0,0.0,1,0.9141716566866265,1.0179640718562872,False,False,False,False,-0.11700162435602834,-0.11419390549993139,False,False,False,False,145762.0,898241.4586228003,False,False,False,False,52352.305875645055,False,False,False,False
2025-08-21 14:00:00+00:00,5.815,5.865,5.815,5.83,40925.0,,,,,,,,,5.836666666666665,5.833826522905657,5.83759868068677,5.862272245092466,5.884605530066076,5.904195223340392,5.903262309720423,5.891176485175131,5.877662727537768,5.866036542077159,5.865694065535394,5.862102548237442,5.854569666002975,5.854788177061879,5.870543759597501,,,,,,5.821057829614771,5.81252332565033,5.803368864782019,5.870844200380035,5.887010739888462,5.893697189971254,5.886677054625794,5.882204752771767,5.870851915705492,5.85849574254838,5.858045817451325,5.85520946907533,5.85396217584354,5.846876315442978,5.825401743903448,5.801920275228126,5.779248504062393,5.772463816801221,5.756030100014736,5.754599837426423,5.740473672145588,5.6807440234386,,5.846876315442978,5.740473672145588,5.862272245092466,5.867000076646914,5.823259425762364,#000000,0.09041411234817028,5.865528874594357,-0.39295717971041016,50.865238589202626,-3.6128341458408713,False,False,False,False,True,0.0,0.0,0.0,0.0,0.0,1,0.9158415841584158,1.0099009900990095,False,False,False,False,-0.08953264371355106,-0.10186327460674122,False,False,False,False,186687.0,887209.606551129,False,False,False,False,52175.138342689315,False,False,False,False
2025-08-21 15:00:00+00:00,5.83,5.84,5.81,5.81,44337.0,,,,,,,,,5.82799985143831,5.833271041459955,5.836923247387073,5.861879328457194,5.884154625935024,5.903699574336966,5.90283055684986,5.890844565260451,5.877416535020456,5.865852100216146,5.865511624207829,5.861940042058153,5.85444946281624,5.854667691592877,5.870404060645301,,,,,,5.820930173479839,5.8126845130397475,5.8036939924707465,5.870416044486737,5.886559045827827,5.893347407711977,5.886374747737625,5.881930978994017,5.870642848123908,5.8583507331103375,5.8579028529160215,5.855080785285328,5.853853099795512,5.846811136364004,5.82538933211401,5.801958658947411,5.779328056859707,5.77254862432589,5.756138773105422,5.754710599903397,5.740603838743728,5.680949138710451,,5.846811136364004,5.740603838743728,5.861879328457194,5.866122953845456,5.823191153729712,#000000,0.08840208101579862,5.864809922767747,-0.6200071552382568,49.30033197579007,-3.6128341458408713,False,False,False,False,False,0.0,0.0,0.0,0.0,0.0,1,0.9158415841584155,1.0168316831683164,False,False,False,False,-0.10077459901579618,-0.10131893681126869,False,False,False,False,142350.0,875661.3955968479,False,False,False,False,52053.61681799645,False,False,False,False
2025-08-21 16:00:00+00:00,5.815,5.815,5.795,5.8,25480.0,,,,,,,,,5.822324471895636,5.832595432839566,5.8361983617600215,5.861568255882081,5.883831750517345,5.9033611662259675,5.902534933606535,5.890610664652618,5.877235205618693,5.86570848464413,5.865369279948504,5.8618103302007185,5.854347522750789,5.854565719647301,5.8702976947359815,,,,,,5.819788943725961,5.812570073931907,5.803689985555867,5.870092966353343,5.886237893181796,5.893102553588335,5.8861589388257824,5.881732683036565,5.870484189365893,5.858231889015581,5.857785263618252,5.854972323879149,5.85376002598536,5.846750625362336,5.825360245902588,5.801960334116494,5.779354957633957,5.77258015499636,5.756184803809644,5.7547578784184665,5.740662788934203,5.681052647002186,,5.846750625362336,5.740662788934203,5.861568255882081,5.865490618328393,5.823057825738183,"rgba(239, 83, 80, 1.0)",0.08631119059321085,5.8642182568349694,-0.7440316417095162,47.17023015514303,-3.6128341458408713,False,True,False,True,False,0.0,0.0,0.0,0.0,0.0,1,0.92123629112662,1.0179461615154533,False,False,False,False,-0.13402665122048918,-0.11767279401587893,False,False,False,False,116870.0,863897.1879131758,False,False,False,False,51641.62275880271,False,False,False,False
2025-08-21 17:00:00+00:00,5.8,5.815,5.785,5.815,8888.0,,,,,,,,,5.821037337345704,5.832379900166643,5.83596526298505,5.861463606235313,5.883722049613913,5.903245615971308,5.902433951934881,5.890530921146904,5.877173584244184,5.865659877815939,5.8653211101173,5.861766504474603,5.854313217949165,5.854531398817176,5.870261592696893,,,,,,5.819461780276725,5.81253789565358,5.803695042801716,5.869983795512674,5.886128690558455,5.893019035944773,5.886085432942711,5.881665213567057,5.870430390672753,5.858191809087882,5.85774561677044,5.854935814619853,5.853728710748422,5.846730366102784,5.825350884340201,5.801961625647128,5.779364978295171,5.772591733663643,5.756201406084761,5.754774913717893,5.740683872202527,5.68108920341544,,5.846730366102784,5.740683872202527,5.861463606235313,5.86532039543433,5.823016282392118,"rgba(239, 83, 80, 1.0)",0.08222782019736646,5.864054318692066,-0.5965659623996288,47.776469201499836,-3.6128341458408713,False,True,False,True,False,0.0,0.0,0.0,0.0,0.0,1,0.9229999999999997,1.0119999999999996,False,False,False,False,-0.14238305342178886,-0.1300279237188339,False,False,False,False,125758.0,852453.1694959173,False,False,False,False,50978.77589432515,False,False,False,False
2025-08-21 18:00:00+00:00,5.815,5.82,5.805,5.815,48030.0,,,,,,,,,5.818830351107399,5.831608557835783,5.835086952118697,5.860987206269959,5.883196677587151,5.902678428675199,5.9019382180915505,5.890144287933666,5.876880637859534,5.865434452088659,5.8650979069718145,5.861565434819876,5.8541598479544525,5.85437781703414,5.8700920126678655,,,,,,5.818807378406798,5.812555757002556,5.8038920035523756,5.869474973108869,5.885603709930504,5.8926129110564505,5.885731093570895,5.881342066560214,5.870178023006883,5.858010029697079,5.857566082054933,5.854772212090941,5.8535890007955285,5.846643020774439,5.82532109834749,5.801987676206817,5.7794365530629195,5.772670213281505,5.756306216037847,5.754882012534285,5.740812296810462,5.681299639221009,,5.846643020774439,5.740812296810462,5.860987206269959,5.864805252601049,5.822886089414126,#000000,0.07799035514402776,5.863555413072035,-0.6225822793390999,48.180628565737706,-3.6128341458408713,False,True,False,False,False,0.0,0.0,0.0,0.0,0.0,1,0.9238476953907813,1.01002004008016,False,False,False,False,-0.1215264778270628,-0.12577720077294835,False,False,False,False,125758.0,841186.5777207868,False,False,False,False,50933.05843859917,False,False,False,False
2025-08-21 19:00:00+00:00,5.815,5.83,5.78,5.78,56580.0,,,,,,,,,5.813238033654417,5.830017494612658,5.833407284007472,5.860245863947964,5.88244249039243,5.901896447150473,5.901252742375761,5.88959601265309,5.876449364500265,5.86508722118572,5.864753546847233,5.861249591502214,5.853907484850356,5.854125486423171,5.869835255936432,,,,,,5.816333497242183,5.812146290062304,5.803722156809305,5.86871267811582,5.8848545083811,5.892040302420214,5.885222999810879,5.880872959820271,5.869797247186776,5.857718589244726,5.8572774493206685,5.854504275845448,5.853358026894201,5.84648951993644,5.825237677984649,5.801973355470516,5.779479215657208,5.772724542297798,5.7563932507456945,5.754971843860799,5.740928366794698,5.681515494142107,,5.84648951993644,5.740928366794698,5.860245863947964,5.863833621335977,5.822557920365626,"rgba(239, 83, 80, 1.0)",0.07395871748406707,5.8625483515959775,-1.116140928400505,44.54362055029183,-1.2007609230919556,False,True,False,True,False,0.0,0.0,0.0,0.0,0.0,1,0.9192422731804585,1.0079760717846458,False,False,False,False,-0.13402665122048918,-0.12990192599671876,False,False,False,False,69178.0,829217.4524848056,False,False,False,False,51020.60792017127,False,False,False,False
2025-08-22 14:00:00+00:00,5.83,5.865,5.81,5.825,48077.0,,,,,,,,5.833333333333334,5.816785817019626,5.830141010343626,5.833404635271663,5.859984848961668,5.882081459191272,5.901469382325102,5.900879016587732,5.889316998164787,5.876253283173687,5.864951563219909,5.864619767543942,5.861134624126918,5.853831032813805,5.854048524913375,5.86972711814975,,,,,,5.817807556716251,5.812600291522147,5.804302039218594,5.868400703148334,5.884488341923593,5.891744094140566,5.8849726802768565,5.880650216360435,5.869637458759559,5.857620542252348,5.857181407542732,5.854421647289926,5.853289220994662,5.846455273243329,5.825257655142276,5.802044908730257,5.779592283649838,5.7728409174143716,5.756533974845249,5.7551147317646,5.741091246249343,5.681756477783057,,5.846455273243329,5.741091246249343,5.859984848961668,5.861997650946263,5.822627439498561,"rgba(239, 83, 80, 0.75)",0.06955618637518361,5.861082238255208,-0.5187495194256574,47.49430362228674,-1.2007609230919556,False,True,False,True,True,0.0,0.0,0.0,0.0,0.0,1,0.9201970443349752,0.9950738916256155,False,False,False,False,-0.08010887599963669,-0.10500540099817773,False,False,False,False,117255.0,818179.2749269016,False,False,False,False,50974.97058807559,False,False,False,False
2025-08-22 15:00:00+00:00,5.825,5.845,5.82,5.825,33054.0,,,,,,,,5.831975282773128,5.818216148007942,5.830137489196981,5.833322809775422,5.859786233452367,5.881819542909197,5.901164625038566,5.900611885986298,5.8891154429883334,5.876109114499688,5.8648492037762665,5.864518721071363,5.86104671787394,5.8537703048751455,5.853987480571827,5.869646366428189,,,,,,5.818493517840829,5.812852909353387,5.804643437485304,5.8681692991752294,5.884223390576292,5.891530649283368,5.884790957478829,5.88048757896738,5.869518398168081,5.8575443997869705,5.857106655342469,5.854356290940837,5.853234333087443,5.846425876188317,5.825265687171863,5.802088693241779,5.779664940742204,5.7729162743935305,5.756626241178355,5.7552084948131155,5.741198862085948,5.681918082282647,,5.846425876188317,5.741198862085948,5.859786233452367,5.8618798355765405,5.822648407708372,#000000,0.06637831785362856,5.861009292373547,-0.5424857624887555,49.461425670283354,-5.0617352700512015,False,False,False,False,True,0.0,0.0,0.0,0.0,0.0,1,0.9182266009852216,1.0029556650246303,False,False,False,False,-0.08836599330888155,-0.09668569715352965,False,False,False,False,117255.0,807312.231904779,False,False,False,False,50697.126082834104,False,False,False,False
2025-08-22 16:00:00+00:00,5.825,5.835,5.82,5.825,25116.0,,,,,,,,5.830720365437769,5.818858361549269,5.830072859981318,5.833203436341216,5.859620373316934,5.881609592084508,5.900924022612359,5.900400731367331,5.88895462104282,5.875992291759759,5.864764424991632,5.864434958345313,5.860973117776863,5.853717925585066,5.8539348860873694,5.869580086153211,,,,,,5.818828594716296,5.813003637883925,5.804863531407831,5.867980130295032,5.884011513783377,5.891360714981361,5.88464532537661,5.88035658289413,5.869420816786647,5.857479855496496,5.857043178343044,5.854300098989683,5.8531868406422065,5.846399090327381,5.825267487832397,5.802117908892694,5.779716362373992,5.772970065623961,5.756693016762713,5.755276415284634,5.741277396754552,5.682037882859567,,5.846399090327381,5.741277396754552,5.859620373316934,5.861735128402046,5.82264711128675,#000000,0.06544463308779634,5.860895228828694,-0.5484823909172053,50.77284036894776,-3.775340768426261,False,False,False,False,True,0.0,0.0,0.0,0.0,0.0,1,0.9198019801980198,1.0059405940594057,False,False,False,False,-0.0966351467295578,-0.09666042194154373,False,False,False,False,117255.0,796613.6701698211,False,False,False,False,50300.519476898684,False,False,False,False
2025-08-22 17:00:00+00:00,5.825,5.835,5.82,5.82,41450.0,,,,,,,,5.829114989923063,5.819542807876962,5.829921615945105,5.8329676127146755,5.859336588878214,5.88125617003493,5.900521490765302,5.900047061356122,5.88868396015551,5.875794223080187,5.864619246368077,5.864291464384636,5.860846471524876,5.8536266244414685,5.853843250360421,5.869466915976388,,,,,,5.819219688028097,5.813215843179362,5.805190254631886,5.867659236597131,5.883655171226567,5.891075029043046,5.884399708713169,5.880135115613815,5.869254502289042,5.857368193613945,5.856933280416657,5.85420229690269,5.8531039296274185,5.84635132256634,5.825266921647963,5.802162709935709,5.779797976247047,5.773055856379305,5.756800323082228,5.7553856150843155,5.741404167065911,5.682232888340572,,5.84635132256634,5.741404167065911,5.859336588878214,5.8614925308616215,5.822630455919647,#000000,0.06436474050142776,5.860691585993471,-0.6322030614349764,50.951552132597556,-3.448585861751738,False,False,False,False,True,0.0,0.0,0.0,0.0,0.0,1,0.9165009940357852,1.007952286282306,False,False,False,False,-0.08431695765895697,-0.09048868980025035,False,False,False,False,75805.0,785438.341950134,False,False,False,False,50163.30212066769,False,False,False,False
2025-08-22 18:00:00+00:00,5.825,5.83,5.81,5.815,39753.0,,,,,,,,5.826828496487953,5.819426020387509,5.82959947497348,5.832574970674508,5.8590167584984,5.880881658948981,5.900105701773698,5.899681118071158,5.8883995744491004,5.8755809607542195,5.864457742044434,5.864131638536645,5.860703411301423,5.853519339566194,5.853735722501526,5.869342725979167,,,,,,5.819168904249701,5.813301212743551,5.805391642402699,5.867308553181205,5.883279050878298,5.8907759285134995,5.884139815186541,5.879898891898083,5.869072309726722,5.8572399135139745,5.8568067310933,5.8540878365297955,5.85300611587945,5.846291468570546,5.825252874874181,5.802193017415156,5.779864469474858,5.773127343625734,5.756892890873749,5.7554800245746245,5.74151572000494,5.682410701130918,,5.846291468570546,5.74151572000494,5.8590167584984,5.861124082184275,5.822568428015523,#000000,0.06323643607006323,5.860351041220932,-0.7171663053668096,50.3504296536107,-3.448585861751738,False,False,False,False,True,0.0,0.0,0.0,0.0,0.0,1,0.9182452642073777,1.0049850448654034,False,False,False,False,-0.08942688140302194,-0.08995778560163614,False,False,False,False,36052.0,773819.9490516823,False,False,False,False,50001.90208778912,False,False,False,False
2025-08-22 19:00:00+00:00,5.815,5.82,5.805,5.815,45459.0,,,,,,,,5.824194520892996,5.818820162208237,5.829098321768751,5.83200218387079,5.858612877529357,5.8804250177944075,5.89960659903883,5.899241169907717,5.888054167180778,5.875317888375166,5.864254560550467,5.863930423621537,5.860521825534523,5.853380131592624,5.853596301852082,5.869187599222556,,,,,,5.8188100735662776,5.813301814018059,5.805528401142341,5.866873273860558,5.882821510609202,5.890413496662905,5.883822720702769,5.879609205623644,5.868845183153933,5.857075530392693,5.856644355213237,5.853939659802094,5.852878901690752,5.846211151263228,5.825225324779602,5.802216842844004,5.779930379711013,5.773199804516363,5.756989818069715,5.7555790780273295,5.741634611660076,5.682606009023344,,5.846211151263228,5.741634611660076,5.858612877529357,5.8606402344338,5.822461688469688,#000000,0.06255808112074636,5.859884086686902,-0.7174786355781737,49.94968133428614,-3.448585861751738,False,False,False,False,True,0.0,0.0,0.0,0.0,0.0,1,0.9191616766467064,1.0019960079840315,False,False,False,False,-0.1029295910657797,-0.09644368833370792,False,False,False,False,36052.0,762381.6862756872,False,False,False,False,49931.46949728076,False,False,False,False
2025-08-25 14:00:00+00:00,5.765,5.775,5.735,5.745,29706.0,,,,,,,,5.815990448628855,5.814722716893805,5.8275701507054265,5.830469276617394,5.857998574529006,5.879858718709764,5.899052625643314,5.898751456075908,5.8876453004490195,5.874977341090955,5.863962921669575,5.863640587751937,5.860249828301108,5.8531504056603145,5.853366968829067,5.868975284521896,,,,,,5.81621634455752,5.812556976127984,5.8049290422682205,5.866269335458974,5.882263266227034,5.88999047006065,5.883437102123074,5.879246391406029,5.868533992629441,5.856818273025306,5.856388755402575,5.853697245050871,5.852667264915383,5.84606083154399,5.825114390394074,5.8021462950127765,5.7798940546051645,5.773174474623122,5.756983850998041,5.755574705579923,5.741645452552748,5.682673265934227,,5.84606083154399,5.741645452552748,5.857998574529006,5.8593989128798345,5.822103717295324,"rgba(239, 83, 80, 1.0)",0.062449402942897206,5.858619293025776,-1.8193815740667332,42.6817441575572,-2.9892492468903384,False,True,False,True,False,0.0,0.0,0.0,0.0,0.0,1,0.9150197628458496,0.9999999999999997,False,False,False,False,-0.20808746826647406,-0.152265578300091,False,False,False,False,6346.0,750660.202767537,False,False,False,False,49617.89632678028,False,False,False,False
2025-08-25 15:00:00+00:00,5.745,5.78,5.745,5.78,14550.0,,,,,,,,5.813488649961816,5.813376568509156,5.827003016309391,5.82989392952988,5.857747015429871,5.8796189853651395,5.898813312699873,5.898539823513845,5.887470367022233,5.87483367679974,5.863841746350113,5.863520220456863,5.860137472228861,5.853056681081296,5.853273364193435,5.868886307354984,,,,,,5.8153271822216315,5.812296754362481,5.804730663608655,5.866018515112242,5.882026242282487,5.889809063518764,5.883272831841182,5.879092551844989,5.868403824933063,5.856712625330838,5.856283868605081,5.853598255968965,5.852580980032185,5.846000348284483,5.82507247881811,5.802123197444712,5.779886781696768,5.773171686946064,5.756990079002603,5.755581685737093,5.741659570717271,5.68271410693003,,5.846000348284483,5.741659570717271,5.857747015429871,5.858968821050405,5.821970604329078,"rgba(239, 83, 80, 1.0)",0.06232001110221513,5.858175452511089,-1.254419746217122,42.47798163481819,-3.088627971575974,False,True,False,True,False,0.0,0.0,0.0,0.0,0.0,0,0.9151873767258378,0.9999999999999997,False,False,False,False,-0.19416039221115047,-0.17321298525562073,False,False,False,False,20896.0,739346.0290812185,False,False,False,False,49074.2080116364,False,False,False,False
2025-08-25 16:00:00+00:00,5.775,5.81,5.775,5.805,10759.0,,,,,,,,5.8128600545051246,5.8130255445521355,5.826789759579187,5.829667971877397,5.857620563256571,5.879487340965551,5.89867521959276,5.89841773004977,5.887372026917985,5.874755888838722,5.86377886349437,5.863457845455965,5.860080153883595,5.853010642003024,5.853227324759205,5.8688391249647935,,,,,,5.815074421641782,5.812229041078093,5.804698468736981,5.865887426288254,5.881895128621162,5.889706476341259,5.883181532191762,5.879008099310929,5.8683349805137635,5.856659658973891,5.856231404427358,5.853549480329393,5.85253870968309,5.845971978037396,5.825056983172812,5.802120442649925,5.779894583933033,5.773181686803525,5.757006172109957,5.755598299866219,5.741681079801909,5.682754267311067,,5.845971978037396,5.741681079801909,5.857620563256571,5.85881662841851,5.821920923719253,"rgba(239, 83, 80, 0.75)",0.061259086474352,5.858017253600779,-0.8654594224642321,44.943975545667016,-3.088627971575974,False,True,False,True,True,0.0,0.0,0.0,0.0,0.0,1,0.9277227722772273,0.99009900990099,False,False,False,False,-0.13913419883593967,-0.15617359204578019,False,False,False,False,31655.0,728374.0751419748,False,False,False,False,48480.17377889785,False,False,False,False
2025-08-25 17:00:00+00:00,5.805,5.825,5.8,5.825,24332.0,,,,,,,,5.8131566780675685,5.813190682378496,5.826631340166667,5.829471048621435,5.8574297109991535,5.879262680612521,5.898425250019834,5.898196748289374,5.887199274966482,5.8746254478651005,5.863679335586904,5.8633593217958975,5.8599916700074886,5.852943659465863,5.853160199809764,5.868762153347061,,,,,,5.815121747380293,5.812272097179274,5.804805563278449,5.8656779141047055,5.881669324060269,5.889524995502642,5.883023330637727,5.878863978538499,5.868223084862032,5.856580035594383,5.856152819003775,5.853478155793966,5.852477484093898,5.845933914654891,5.825046644822529,5.802137032147517,5.779933211539484,5.7732235031493015,5.757060848539646,5.755654098003551,5.741747332416341,5.68286091572951,,5.845933914654891,5.741747332416341,5.8574297109991535,5.858717825124976,5.821884910501485,#000000,0.059234987834727165,5.857913772907276,-0.5556475000739284,48.39497566896448,-6.4238901709785665,False,False,False,False,True,0.0,0.0,0.0,0.0,0.0,1,0.9364448857994037,0.9851042701092352,False,False,False,False,-0.1029295910657797,-0.12955159155577994,False,False,False,False,55987.0,717949.4693258201,False,False,False,False,48105.783487752145,False,False,False,False
2025-08-25 18:00:00+00:00,5.825,5.825,5.8,5.805,12539.0,,,,,,,,5.8130348117017405,5.813117812768463,5.826498288851118,5.8293202463756755,5.85731608023533,5.8791352691221945,5.898286571962806,5.898074061969494,5.887102196598122,5.874550750572421,5.863620960008422,5.863301485435172,5.8599392174951745,5.852902911960144,5.853119402850061,5.8687175115108285,,,,,,5.81504448125984,5.812260793235633,5.804829406452401,5.865556049545376,5.88154169783964,5.889423299434094,5.882933936965145,5.8787820359037815,5.868158178866637,5.8565322940717754,5.856105626531483,5.853434870683071,5.852440155732604,5.845909878772368,5.825037096612061,5.8021416506309444,5.779949478884273,5.7732417189008505,5.757085838772889,5.755679675076941,5.741778394619487,5.682913073569656,,5.845909878772368,5.741778394619487,5.85731608023533,5.858627348713572,5.821853619652771,#000000,0.05737084986655629,5.857819198998281,-0.9206626557064781,48.69623384077339,-6.119623048507961,False,False,False,False,True,0.0,0.0,0.0,0.0,0.0,1,0.9353876739562619,0.9840954274353875,False,False,False,False,-0.1029295910657797,-0.11624059131077982,False,False,False,False,43448.0,707492.0822044896,False,False,False,False,47554.36048794203,False,False,False,False
2025-08-25 19:00:00+00:00,5.805,5.81,5.775,5.78,42784.0,,,,,,,,5.810159707164991,5.811326083932193,5.825484192382664,5.828264998771394,5.856756749500497,5.878568892269283,5.897701323654668,5.89755565188565,5.8866802200198425,5.874212058238716,5.86334263152648,5.863025247873681,5.8596837804793696,5.852694537435176,5.852911123594712,5.868509681098089,,,,,,5.813736855775678,5.8118613935784715,5.804575030819244,5.864983613862734,5.880978774652487,5.888984125867159,5.8825404346727295,5.878416290454501,5.867855698372787,5.856294622880077,5.855869995452188,5.853214474341046,5.8522485084765625,5.845778770660213,5.824957796816347,5.802114031970654,5.7799649275453,5.773267181197161,5.757136087847389,5.755732027589095,5.741850575636114,5.683060432206226,,5.845778770660213,5.741850575636114,5.856756749500497,5.857929804989213,5.821610075030643,"rgba(239, 83, 80, 0.5)",0.054781465926037234,5.857083862238111,-1.4071157267347558,46.72215616966519,-6.119623048507961,False,False,False,True,True,0.0,0.0,0.0,0.0,0.0,0,0.9255952380952376,0.9910714285714284,False,False,False,False,-0.13913419883593967,-0.12768739507335974,False,False,False,False,664.0,696533.5072865905,False,False,False,False,47480.4014106096,False,False,False,False
2025-08-26 14:00:00+00:00,5.705,5.73,5.7,5.725,25904.0,,,,,,,,5.804114540314745,5.807426465152395,5.82378765152293,5.826577669687186,5.856080516481684,5.877966030579716,5.897125134358648,5.897044508485427,5.886245872979208,5.873842186692673,5.863018781197351,5.86270316486008,5.859379144805159,5.852432521162726,5.852649679583067,5.86827496320549,,,,,5.718333333333335,5.8109905092854985,5.810925618789828,5.803777290151638,5.864328366695984,5.880386209049245,5.8885364320976095,5.882127920995906,5.878025318904266,5.867513438769846,5.856004136296807,5.85558107980733,5.852938568728297,5.852006557030295,5.845603303701434,5.824818501651767,5.80201269552735,5.77989624415792,5.773211122381483,5.757098344690055,5.75569575937279,5.741828519898882,5.683090259286343,,5.845603303701434,5.741828519898882,5.856080516481684,5.85679180194178,5.816727370895822,"rgba(239, 83, 80, 1.0)",0.05322119404421622,5.848413627861474,-2.3188812291385643,41.88803370117469,-3.000775017280432,False,True,False,True,False,0.0,0.0,0.0,0.0,0.0,0,0.9186274509803917,0.9970588235294114,False,False,False,False,-0.2838737288481359,-0.20578056196074782,False,False,False,False,-25240.0,685343.2203519148,False,False,False,False,47145.88355928232,False,False,False,False
2025-08-26 15:00:00+00:00,5.725,5.755,5.72,5.725,23318.0,,,,,,,,5.80015467413306,5.804731312037763,5.822516561466352,5.825306906830735,5.855543092349645,5.877477849013293,5.896652872517154,5.896625290480176,5.885891556081377,5.8735427082282134,5.862758590362394,5.862444455774359,5.859135085859401,5.852223819482187,5.852441388391059,5.8680853779801145,,,,,5.72543930220904,5.809029017454162,5.810233025181669,5.803195573613605,5.863803609621405,5.879905512996536,5.88817077568316,5.881792201140017,5.877707912812991,5.867237528329771,5.855772069963942,5.855350353316949,5.852718739713823,5.851813862281466,5.845464333649432,5.824711042374825,5.801937999105367,5.779849580643777,5.77317452410155,5.757077554518788,5.755676254901365,5.741821354075761,5.683128474806385,,5.845464333649432,5.741821354075761,5.855543092349645,5.855970721311705,5.81673959141286,"rgba(239, 83, 80, 1.0)",0.052571272941934755,5.8479011048330625,-2.337799675667122,38.66528538884769,-5.918504706982162,False,True,False,True,False,0.0,0.0,0.0,0.0,0.0,0,0.9227761485825997,0.9921798631476049,False,False,False,False,-0.24090605833283252,-0.22334331014679015,False,False,False,False,-25240.0,674326.4262379316,False,False,False,False,46776.45900797562,False,False,False,False
2025-08-26 16:00:00+00:00,5.725,5.745,5.725,5.735,16756.0,,,,,,,,5.7976365929585585,5.802955053002674,5.821641672583072,5.8244310973076985,5.855165030561468,5.877133110974379,5.89631863569612,5.896328430561714,5.885640731420949,5.873330842853827,5.862574663892661,5.862261580481418,5.85896260692239,5.852076396379791,5.852294249751904,5.867951154126559,,,,,5.727867369931391,5.807709320989231,5.80975354486785,5.802793288995897,5.863433898774473,5.879565933037748,5.8879118988761014,5.881554589140034,5.877483310702925,5.867042421470065,5.855608114266685,5.855187350761146,5.85256347017133,5.851677722785641,5.845366165044825,5.824635384913578,5.801885725068598,5.779817305950755,5.773149364951246,5.757063684497322,5.7556633041760925,5.74181722189181,5.683156810531877,,5.845366165044825,5.74181722189181,5.855165030561468,5.855418865592199,5.816639443556376,"rgba(239, 83, 80, 1.0)",0.051480338239195025,5.847436205623457,-2.1840611283678855,37.730694466929585,-6.781073014395098,False,True,False,True,False,0.0,0.0,0.0,0.0,0.0,0,0.9358341559723589,0.9911154985192496,False,False,False,False,-0.2456346841615782,-0.23448899715418417,False,False,False,False,-8484.0,663740.218079204,False,False,False,False,46311.02553498375,False,False,False,False
2025-08-26 17:00:00+00:00,5.73,5.735,5.72,5.725,11317.0,,,,,,,,5.795831212882749,5.801664756180062,5.8210047150122834,5.823794895164275,5.854893411629154,5.876887621238665,5.89608205207321,5.896118222788789,5.885462450353046,5.873179517048568,5.862442644409902,5.8621302946814735,5.858838572669503,5.851969964154434,5.852188035159242,5.867854979817581,,,,,5.727691571252992,5.806745161381882,5.809397429881501,5.802491190962265,5.863169270613386,5.879324310933026,5.887728046345943,5.88138544016706,5.877323165250184,5.866902675811728,5.855489996429232,5.855069892398439,5.852451415589089,5.851579399263431,5.845294961798612,5.824579614103907,5.801846072332023,5.779791485598634,5.773128683483365,5.757050792094347,5.755651042576475,5.741811025756168,5.683172857527244,,5.845294961798612,5.741811025756168,5.854893411629154,5.855021459078934,5.816481543545693,"rgba(239, 83, 80, 1.0)",0.051928311637740136,5.84700392674136,-2.3494683900466184,36.426274798602726,-8.128485543352966,False,True,False,True,False,0.0,0.0,0.0,0.0,0.0,0,0.9325396825396821,0.9890873015873013,False,False,False,False,-0.2598863294826599,-0.247187663318422,False,False,False,False,-19801.0,653142.67981441,False,False,False,False,45768.48250343362,False,False,False,False
2025-08-26 18:00:00+00:00,5.725,5.74,5.72,5.74,12121.0,,,,,,,,5.794173564991595,5.800448956674275,5.820379459172369,5.82316875867148,5.854618825604056,5.876637207157667,5.895839333891032,5.895902493014337,5.8852799443719865,5.873025145580825,5.862308458749342,5.861996869754171,5.858712671945466,5.851862225072633,5.852080505172156,5.86775697500869,,,,,5.728456353821836,5.805821506842964,5.809049849251637,5.802198494118972,5.862900762768347,5.879077633184991,5.887539728165958,5.881212472129255,5.877159592611549,5.86676041105382,5.855370261366053,5.854950846573588,5.852337970438251,5.851479873126902,5.845223075136722,5.8245240138064185,5.8018074108411195,5.7797673256042925,5.773109728535834,5.757040022956337,5.75564093936153,5.741807313935645,5.683192663826833,,5.845223075136722,5.741807313935645,5.854618825604056,5.854636962177005,5.816366445628646,"rgba(239, 83, 80, 1.0)",0.05225310887769359,5.846631241959909,-2.0406678999616252,37.49241716345254,-8.128485543352966,False,True,False,True,False,0.0,0.0,0.0,0.0,0.0,0,0.9363184079601985,0.9830845771144278,False,False,False,False,-0.2551245675003984,-0.2511561154094102,False,False,False,False,-7680.0,642897.3669490704,False,False,False,False,45246.81610803154,False,False,False,False
2025-08-26 19:00:00+00:00,5.735,5.77,5.735,5.77,54753.0,,,,,,,,5.790338942865109,5.79731581221433,5.818442976893434,5.821203064251532,5.853646282551803,5.875712291152922,5.89491918119252,5.895083850216115,5.884595704830807,5.872456085502718,5.861822596331126,5.861514034136301,5.858259861290328,5.851480112106645,5.851698939219656,5.8673980456865324,,,,,5.739803136134213,5.803267680096229,5.808024146716572,5.801375605296458,5.861932953684383,5.878163019179174,5.886831738319763,5.880567393029277,5.876552943138233,5.866241236660755,5.854942509380965,5.854525929422659,5.851935288054375,5.851127065021661,5.844971794335352,5.8243423223552595,5.801696875416,5.779717092684526,5.773078004034626,5.757042670207572,5.755646433895446,5.74183993431048,5.683326450324073,,5.844971794335352,5.74183993431048,5.853646282551803,5.853492986277618,5.81638922703035,"rgba(239, 83, 80, 0.75)",0.052342685799961354,5.845966864052466,-1.4513367606467438,41.52135142122353,-8.128485543352966,False,True,False,True,True,0.0,0.0,0.0,0.0,0.0,0,0.9395441030723485,0.973240832507433,False,False,False,False,-0.2127473097512036,-0.2319517125803069,False,False,False,False,47073.0,633659.7798645886,False,False,False,False,45394.198804031046,False,False,False,False
2025-08-27 14:00:00+00:00,5.765,5.805,5.755,5.805,66146.0,,,,,,,,5.790109379920885,5.79657509426937,5.817348954050434,5.820041687810593,5.852858918470644,5.874894724399186,5.894064435970817,5.894321897473678,5.88397294509242,5.871954852769126,5.861410063395654,5.861104557969137,5.857880852209385,5.8511699743689505,5.8513888901217745,5.867085970995082,,,,,5.7550663290778115,5.802356611296233,5.807554525187646,5.801086578692805,5.86111912028194,5.8773484450403295,5.886183995724446,5.879986125345533,5.876012169091371,5.8657931647440416,5.854589669167979,5.854176103357041,5.851607843469954,5.850841041945491,5.844774605074448,5.824223306055806,5.801655953456425,5.779741418699649,5.773117469622909,5.757119854732523,5.755726822085269,5.741950538929841,5.683551831431702,,5.844774605074448,5.741950538929841,5.852858918470644,5.852886449955446,5.8167645009787465,#000000,0.05217978276810319,5.846069774672737,-0.7870821320828165,47.19731057592158,-8.627524855569263,True,False,False,False,True,0.0,0.0,0.0,0.0,0.0,0,0.9467455621301769,0.9654832347140039,False,False,False,False,-0.16194153437652986,-0.19694662347841838,False,False,False,False,113219.0,625590.9305643624,False,False,False,False,45715.932155906536,False,False,False,False
2025-08-27 15:00:00+00:00,5.805,5.81,5.785,5.795,44230.0,,,,,,,,5.790575571215171,5.7965798797365355,5.816858376991006,5.819502176045755,5.85240957413246,5.874408335589541,5.893544946310157,5.893858024518991,5.883596892892606,5.871656081199675,5.861167951319211,5.8608643624735395,5.857659796405208,5.850991565806126,5.851210432397035,5.866900602376656,,,,,5.762294846359844,5.802133602362304,5.807383614658858,5.801022039539711,5.860646063329324,5.87686217876,5.8857920840607365,5.879636487561271,5.8756882698750035,5.86552834086758,5.8543852258839575,5.853973585574544,5.85141935441168,5.8506765399043585,5.844662869350641,5.824162537858696,5.801645758196577,5.77977331074971,5.773158136032643,5.757184976257207,5.75579403681513,5.7420374390508,5.683713941432605,,5.844662869350641,5.7420374390508,5.85240957413246,5.852611535588105,5.816938053864921,#000000,0.05129520638612238,5.846132396976193,-0.9968260307073602,49.9256393019123,-6.2055630620483555,True,False,False,False,True,0.0,0.0,0.0,0.0,0.0,0,0.9526627218934907,0.9644970414201183,False,False,False,False,-0.13005267559057843,-0.16349964953449841,False,False,False,False,68989.0,616961.443268791,False,False,False,False,45692.89444806302,False,False,False,False
2025-08-27 16:00:00+00:00,5.795,5.81,5.79,5.805,44699.0,,,,,,,,5.791319038185546,5.79683505169294,5.816502738736927,5.819095637693125,5.852002790495361,5.873954117106627,5.893052354766454,5.893417576370689,5.883241800538992,5.871376513219241,5.860943929673945,5.860642197155425,5.8574561937698855,5.850828933954463,5.8510476855696805,5.866727523078149,,,,,5.768175936693802,5.802115812110787,5.807294338401857,5.80103141380277,5.860211807459564,5.876406945198388,5.885421512671631,5.879307225690607,5.875384154081309,5.865282045881714,5.854197847360387,5.853788095263973,5.851247451807936,5.850526602103827,5.844562183585679,5.82411251517427,5.801645801285638,5.779814922345892,5.773207801916438,5.757258877731017,5.755870022676254,5.742132992985874,5.683884530241365,,5.844562183585679,5.742132992985874,5.852002790495361,5.852402755125465,5.817081775498739,"rgba(38, 166, 154, 1.0)",0.04906788825346287,5.846201299284042,-0.839679487961953,52.59762823581159,-3.7515997637612557,True,False,True,False,True,0.0,0.0,0.0,0.0,0.0,0,0.9545903257650539,0.9634748272458045,False,False,False,False,-0.12551999267801284,-0.14450982110625563,False,False,False,False,113688.0,609158.754225864,False,False,False,False,45677.48523181398,False,False,False,False
2025-08-27 17:00:00+00:00,5.81,5.83,5.8,5.83,58497.0,,,,,,,,5.793632155462417,5.798262112627603,5.816606697281474,5.8191218333171575,5.851670529593378,5.873516789013715,5.8925433667104805,5.892961399230961,5.882885118829765,5.871109341098764,5.860743180229598,5.860443561758446,5.857278796747968,5.8506964803534665,5.850914785398468,5.866565836214031,,,,,5.77665009042855,5.802965184675801,5.807548797977589,5.801385665436029,5.859828038296808,5.87596355769014,5.88504653568765,5.87898126533965,5.875087962314113,5.8650546457891926,5.854039512915515,5.853632014007945,5.851106796223838,5.850404869618517,5.844487140302078,5.8241005822881595,5.80169516936872,5.779914628905954,5.773314241591313,5.757394996072963,5.756008741561009,5.742295948418494,5.684141667271915,,5.844487140302078,5.742295948418494,5.851670529593378,5.852434498991731,5.817436871833997,"rgba(38, 166, 154, 1.0)",0.048504666813610244,5.8466665496604655,-0.34360713628876755,56.32648736783737,-0.2811938317469398,True,False,True,False,True,0.4537427394198339,0.0,0.0,0.0,0.0,0,0.9545903257650538,0.9624876604146099,False,False,False,False,-0.09842477190075288,-0.12146729650350425,False,False,False,False,172185.0,602383.9673386412,False,False,False,False,45876.2373987626,False,False,False,False
2025-08-27 18:00:00+00:00,5.825,5.84,5.825,5.84,27156.0,,,,,,,,5.795125073756505,5.799283549841168,5.816857061321969,5.81933251069704,5.851590567374696,5.87337240006453,5.892357843439882,5.892794692307759,5.882760071682364,5.871022378781179,5.860684718475058,5.860385964033336,5.85722992106846,5.850665235794062,5.850883223206717,5.866515212451232,,,,,5.780766906471081,5.803656239201496,5.807801667217884,5.8016745900919835,5.859718523899121,5.8758146219742455,5.884913724026265,5.878869334330725,5.874988683457169,5.864984742577892,5.853998677947368,5.853592143780185,5.851073208763769,5.850376404367346,5.844473703471267,5.824115244141825,5.801736703805338,5.7799780052901735,5.773379312794315,5.757473077747167,5.756087982544097,5.742385923980057,5.6842738509850195,,5.844473703471267,5.742385923980057,5.851590567374696,5.852553776518498,5.817657968385469,"rgba(38, 166, 154, 1.0)",0.04798911287939767,5.847007891809724,-0.14603086802909152,59.52263932399048,2.694240128766893,True,False,True,False,True,1.2172343091166908,0.0,0.0,0.0,0.0,0,0.9564787339268047,0.9624134520276953,False,False,False,False,-0.0669920018530715,-0.09422964917828788,False,False,False,False,199341.0,596135.2391628483,False,True,False,False,45586.00116002209,False,True,False,False
2025-08-27 19:00:00+00:00,5.835,5.85,5.805,5.815,84339.0,,,,,,,5.823333333333332,5.797968063430986,5.80119517052996,5.817119735871002,5.819490851212562,5.851175798864242,5.872796524487778,5.8916735503958035,5.89217971576977,5.882281981618554,5.870668335311267,5.86042312513039,5.860127281879594,5.857000533055386,5.850497305884415,5.8507145748358536,5.866301197782904,,,,,5.788417661901473,5.804891761726155,5.808233648730826,5.802237727952683,5.85922681614124,5.875228629776494,5.884410336377585,5.878433821661113,5.8745944139488975,5.864686031033416,5.853795767857373,5.853392375422888,5.850894711494618,5.8502220956529785,5.844381120605711,5.824111991061184,5.801820027953768,5.780132369729462,5.77354243629207,5.757678236704734,5.756296837494681,5.7426291916084615,5.684651242101392,,5.844381120605711,5.7426291916084615,5.851175798864242,5.850879239964341,5.817996054488226,"rgba(38, 166, 154, 1.0)",0.047027115045962,5.845096352339698,-0.6399787082469893,58.533905255587605,2.694240128766893,True,False,True,False,True,0.0,0.0,0.0,0.0,0.0,0,0.9526627218934905,0.9615384615384616,False,False,False,False,-0.07595661809212374,-0.08509313363520582,False,False,False,False,115002.0,588675.809098308,False,False,False,False,46186.822847463605,False,False,False,False
2025-08-28 14:00:00+00:00,5.835,5.84,5.8,5.805,34109.0,,,,,,,5.820933616439281,5.798635104785263,5.801625123421393,5.817085526184012,5.819420102965809,5.850962315364787,5.872528764888838,5.89136736312809,5.891904352044372,5.882063780789398,5.870501693210779,5.860294830300442,5.860000223698853,5.856885896509101,5.850409319330124,5.8506263736465325,5.8661985757950195,,,,,5.790219004857502,5.805142092916373,5.80830891222587,5.802370530716827,5.858986412253593,5.874957876248408,5.884181623087154,5.878233276395217,5.874411019819804,5.864542336801767,5.8536922250255445,5.853290139778397,5.850801542941023,5.850141001578946,5.84432917385334,5.824096685075166,5.8018405614454105,5.780182504940281,5.773597114871446,5.757750360797898,5.756370481834841,5.742717044853241,5.684794151928816,,5.84432917385334,5.742717044853241,5.850962315364787,5.8506731154413,5.8180415684455165,"rgba(38, 166, 154, 0.75)",0.045272747007644644,5.845009013268631,-0.8837328395795205,56.74261194823961,2.694240128766893,True,False,True,False,False,0.0,0.0,0.0,0.0,0.0,0,0.9507874015748027,0.9645669291338582,False,False,False,False,-0.08942688140302194,-0.08726000751911388,False,False,False,False,80893.0,580803.2074068614,False,False,False,False,45999.56978006107,False,False,False,False
2025-08-28 15:00:00+00:00,5.805,5.805,5.79,5.8,18886.0,,,,,,,5.8178256537589625,5.798628699759874,5.801569319150846,5.816919442551674,5.8192377569780795,5.8507909096087785,5.8723389287549,5.8911621074561555,5.89171986799946,5.881913697313622,5.870382273753462,5.860198081321278,5.859904237236751,5.856797541868613,5.85033794635757,5.850554965067193,5.866123491248556,,,,,5.790512452024742,5.8050499920378495,5.808247850034092,5.802347402880379,5.858804410942399,5.874767623745934,5.884025280152091,5.87809365581545,5.874281609534449,5.86443648501509,5.853610538060988,5.853209228331013,5.850726245118044,5.850075040814271,5.844284190206795,5.824072745433324,5.80183753864927,5.780196944110599,5.773615165848518,5.757778614360587,5.756399609944515,5.7427544021611165,5.684863034348607,,5.844284190206795,5.7427544021611165,5.8507909096087785,5.850376760010928,5.817999567807397,"rgba(38, 166, 154, 0.75)",0.04303905622056451,5.844747219899775,-1.0396886881175205,54.96939238535574,2.694240128766893,True,False,True,False,False,0.0,0.0,0.0,0.0,0.0,0,0.9477832512315266,0.9704433497536945,False,False,False,False,-0.13005267559057843,-0.10865634155484616,False,False,False,False,62007.0,572759.8553540418,False,False,False,False,45579.20435711439,False,False,False,False
2025-08-28 16:00:00+00:00,5.8,5.805,5.785,5.795,11225.0,,,,,,,5.8161009654974345,5.798583493796949,5.801503787962942,5.816804661424414,5.819113820671569,5.850683121619504,5.8722214967987645,5.89103617590383,5.89160666162197,5.881821201596608,5.8703082080868345,5.860137630415898,5.859844247665822,5.856742167130401,5.8502929049395584,5.850509912099424,5.866076752498072,,,,,5.7906068791677905,5.804969837114974,5.808199827078269,5.802322470770315,5.858690819695305,5.87465008120672,5.883929022227261,5.878007444082876,5.8742015355455335,5.864370567207939,5.853559180224045,5.853158336646804,5.850678752945262,5.850033395675794,5.84425555912773,5.824056697913958,5.8018340378388835,5.780203939924349,5.773624436949989,5.7577940096762426,5.756415528594304,5.742775251692033,5.6849027338941855,,5.84425555912773,5.742775251692033,5.850683121619504,5.850199247631176,5.817966971530458,"rgba(38, 166, 154, 0.75)",0.04064214295260909,5.8445838585164145,-1.2200109274314592,53.1794716628165,2.694240128766893,True,False,True,False,False,0.0,0.0,0.0,0.0,0.0,0,0.9453823237338626,0.9801390268123139,False,False,False,False,-0.13459067877112355,-0.12162351016298485,False,False,False,False,50782.0,564667.1754260721,False,False,False,False,45046.581033748276,False,False,False,False
2025-08-28 17:00:00+00:00,5.795,5.795,5.785,5.79,8958.0,,,,,,,5.814616602229178,5.798498997611338,5.801412932792469,5.8166931126231045,5.818995499780948,5.850589703641048,5.87212198552335,5.890930693856267,5.891511842349933,5.881743284566409,5.870245287618061,5.860085771604099,5.859792767749172,5.856694474085927,5.850253767002649,5.850470776609026,5.866036876367724,,,,,5.790596856521647,5.8048751587389,5.808147329301403,5.802289191545382,5.8585933654003854,5.874550652889888,5.883848043103082,5.877934635398769,5.8741337224112185,5.864314266749798,5.853514765146899,5.853114300687198,5.850637512025688,5.849997190962828,5.84423041724794,5.824041702521257,5.801829204480011,5.780207633093896,5.773630100596855,5.75780463675989,5.7564265778965655,5.7427902866651905,5.6849329573168905,,5.84423041724794,5.7427902866651905,5.850589703641048,5.850040845647689,5.81793219597659,#000000,0.04022179499710716,5.844431828769638,-1.3532918849979914,51.351987003843135,7.495289735800277,True,False,False,False,False,0.0,0.0,0.0,0.0,0.0,0,0.9449999999999996,0.9800000000000001,False,False,False,False,-0.14368343379084847,-0.13265347197691665,False,False,False,False,41824.0,556561.0796830322,False,False,False,False,44487.06814950411,False,False,False,False
2025-08-28 18:00:00+00:00,5.795,5.81,5.79,5.805,7860.0,,,,,,,5.814001120671758,5.798526123827382,5.801414679014756,5.816638443837774,5.8189339258156885,5.850523710131915,5.87204724584263,5.890848999516433,5.891438335938175,5.881683706913432,5.870198175373613,5.860047896293895,5.859755200526032,5.856659993374142,5.850226109249211,5.850443096630015,5.866007285495749,,,,,5.790754975400133,5.804857451829009,5.808130968417615,5.802287719857576,5.858522588835471,5.874475615286253,5.883785923342759,5.877879312834434,5.8740825496178415,5.864272681589157,5.853482994193263,5.853082845804582,5.85060832553583,5.849971630103792,5.844213117955816,5.824033061545584,5.801829146252747,5.78021472929336,5.773638606187148,5.757817332321978,5.756439633769716,5.742806729030415,5.6849624049524605,,5.844213117955816,5.742806729030415,5.850523710131915,5.84996435579133,5.817919580172041,#000000,0.03952909750482624,5.844366630966594,-0.9958899507328106,52.132047596718465,7.495289735800277,True,False,False,False,False,0.0,0.0,0.0,0.0,0.0,0,0.9428857715430858,0.9769539078156314,False,False,False,False,-0.12551999267801284,-0.12908673232746476,False,False,False,False,49684.0,548702.5203081014,False,False,False,False,43919.20662780638,False,False,False,False
2025-08-28 19:00:00+00:00,5.805,5.81,5.79,5.805,59885.0,,,,,,,5.810722055502777,5.7987184774107865,5.8014272335544685,5.81623463334641,5.818478785035129,5.850026694709319,5.871482972122405,5.890231449607942,5.890882218472914,5.88123268173817,5.869841343497912,5.859760930547286,5.859470564065049,5.856398698378917,5.850016415420726,5.8502332305524956,5.865782724070524,,,,,5.791825920238275,5.80472870175779,5.8080089767067,5.802276731557287,5.857989069499552,5.873908940675858,5.883315701365845,5.877460433320563,5.873695026566132,5.863957649613515,5.853242205163708,5.852844449435782,5.850387092058482,5.849777767189097,5.8440817756796966,5.823967444817973,5.801828703987789,5.780268641221267,5.773703240855252,5.757913818486865,5.7565388590231565,5.74293170180506,5.685186278335238,,5.8440817756796966,5.74293170180506,5.850026694709319,5.849467124001954,5.8178190925809075,"rgba(38, 166, 154, 0.75)",0.03932688143751179,5.84393694905866,-0.9900848385481381,52.652087991968685,7.495289735800277,True,False,True,False,False,0.0,0.0,0.0,0.0,0.0,0,0.9389999999999997,0.9770000000000001,False,False,False,False,-0.12551999267801284,-0.1273033625027388,False,False,False,False,49684.0,540965.7990630146,False,False,False,False,44166.73830799542,False,False,False,False
2025-08-29 14:00:00+00:00,5.815,5.84,5.81,5.835,22197.0,,,,,,,5.8123017819786975,5.799375881098938,5.8019151006460135,5.816354389817115,5.818574133299276,5.849945203406903,5.871355121844257,5.890072984506596,5.890738924816143,5.8811223911533315,5.86976138877419,5.8597037756178745,5.8594141135049025,5.8563493578459775,5.849981764513193,5.850198360028365,5.865734339216737,,,,,5.793107405744021,5.805076538933228,5.808150157117567,5.802446499966099,5.857886279357873,5.873777839492604,5.88319925208853,5.877360553999394,5.873605228163492,5.863891328460096,5.853199374683184,5.8528023967816525,5.850350202458237,5.8497459143441555,5.844063776265309,5.823972187188122,5.801855418284104,5.780313373020512,5.773749897078257,5.757971205976761,5.756597195250672,5.742998859589043,5.685287988814854,,5.844063776265309,5.742998859589043,5.849945203406903,5.84958229482756,5.817887342306859,"rgba(38, 166, 154, 1.0)",0.03915227836151293,5.844118093625205,-0.23288794437486685,56.47018284809107,7.495289735800277,True,False,True,False,True,1.1002451572507361,0.0,0.0,0.0,0.0,0,0.9408224674022061,0.978936810431294,False,False,False,False,-0.08044341003742299,-0.10387338627008089,False,False,False,False,71881.0,533693.166519402,False,False,False,False,43826.12221019704,False,False,False,False
2025-08-29 15:00:00+00:00,5.835,5.84,5.825,5.835,24113.0,,,,,,,5.814169182880906,5.800175468662927,5.802522002134123,5.816535016955489,5.81872764974984,5.849877689809261,5.871233133483153,5.889915624742651,5.890596416868019,5.881014399289407,5.869685321588962,5.859651780837807,5.8593628496415,5.856305485406115,5.849952912867126,5.850169238789881,5.8656889271763255,,,,,5.79458495882263,5.8055217454562245,5.808338765172579,5.802663573284214,5.857794176914872,5.873651849615448,5.883084786198634,5.8772635310269745,5.8735188099186555,5.863829653350044,5.853162335899031,5.852766178846535,5.850319337228524,5.849719473988972,5.844050469990048,5.823983220264724,5.801889846115935,5.78036692157095,5.773805124837019,5.758037863628746,5.756664869126271,5.743075962332804,5.685402171412029,,5.844050469990048,5.743075962332804,5.849877689809261,5.849740182404911,5.817978070652254,"rgba(38, 166, 154, 1.0)",0.03859678369641943,5.844354597993156,-0.24236729326294157,59.01557941883934,3.609675665567302,True,False,True,False,True,1.1002451572507361,0.0,0.0,0.0,0.0,0,0.9464646464646462,0.9757575757575757,False,False,False,False,-0.0669920018530715,-0.08543269406157619,False,False,False,False,71881.0,526533.2879687136,False,False,False,False,43520.492408488564,False,False,False,False
2025-08-29 16:00:00+00:00,5.84,5.845,5.83,5.835,7878.0,,,,,,,5.814803411462992,5.800454052260854,5.802736139172689,5.816604745338057,5.818788404764096,5.849860171280558,5.8711969383165385,5.8898674200246575,5.890552712390112,5.880981681933201,5.869662810874434,5.859636983824864,5.859348284003786,5.8562932625925495,5.849945394587342,5.850161625732383,5.8656756437635575,,,,,5.795083974689932,5.805681245483394,5.808407911241247,5.802741470181867,5.857768315715229,5.8736142462392955,5.88305000064209,5.877234323286761,5.873492991687215,5.863811753843978,5.853152294005891,5.852756399897117,5.8503112515789875,5.849712607566209,5.844047479738039,5.823988102316911,5.801902268448742,5.78038549260984,5.773824155334248,5.758060578892005,5.756687913264472,5.743102053449732,5.68544027777276,,5.844047479738039,5.743102053449732,5.849860171280558,5.8497982166072156,5.8180111786037365,"rgba(38, 166, 154, 1.0)",0.03799893312864693,5.844439770152628,-0.24842197860317783,60.712510466004844,5.358613621118167,True,False,True,False,True,1.1002451572507361,0.0,0.0,0.0,0.0,0,0.9520408163265301,0.9724489795918367,False,False,False,False,-0.058038124479482735,-0.07173540927052946,False,False,False,False,71881.0,519484.41528702807,False,False,False,False,42967.8956269616,False,False,False,False
2025-08-29 17:00:00+00:00,5.835,5.835,5.83,5.835,3288.0,,,,,,,5.815018898532681,5.800558481949948,5.802816017893468,5.816628893161067,5.818808935166702,5.84985102959069,5.87118039800733,5.889846067925018,5.890533365568208,5.8809670150860835,5.869652476568113,5.8596299183301905,5.859341317751342,5.856287300078625,5.849941472177348,5.8501576666339465,5.865669466695992,,,,,5.795272346916103,5.805740223478787,5.808433278248309,5.802770692081822,5.85775583882385,5.8735971606503,5.883034455544928,5.877221144809741,5.873481252376138,5.863803373682486,5.853147259787697,5.852751477200972,5.850307056016078,5.849709012211381,5.844045669116508,5.823989603387964,5.8019069535984436,5.7803927810412485,5.773831673467522,5.75806965369884,5.756697126465756,5.743112550864985,5.685455825912165,,5.844045669116508,5.743112550864985,5.84985102959069,5.849816983595103,5.818022887364435,"rgba(38, 166, 154, 1.0)",0.037819271506650556,5.844468905330588,-0.2503724940583054,61.84379783078185,6.624212544579578,True,False,True,False,True,1.1002451572507361,0.0,0.0,0.0,0.0,0,0.9548717948717945,0.9641025641025641,False,False,False,False,-0.0669920018530715,-0.06936370556180048,False,False,False,False,71881.0,512544.82745312067,False,False,False,False,42352.70344669863,False,False,False,False
2025-08-29 18:00:00+00:00,5.835,5.835,5.81,5.815,5673.0,,,,,,,5.815116876032237,5.80066444132104,5.802893073185538,5.816637268297525,5.818811828815792,5.84982256776701,5.871141852027534,5.889800582712329,5.890492242189179,5.880934653169816,5.869628119165814,5.859611560156655,5.859323149820238,5.856271048335717,5.849929279286202,5.850145430091821,5.865654422286818,,,,,5.795480691352743,5.805792506481324,5.808453553023555,5.802799040978274,5.85772260525222,5.873557965196799,5.8830004682825265,5.877191523548196,5.873454292607376,5.863782603395952,5.8531327390234855,5.852737161677643,5.850294139499818,5.8496977648191155,5.844038660031391,5.823988498033511,5.801911605659105,5.780402185590989,5.773841734823649,5.758082533042655,5.756710252655786,5.743127981170357,5.685480226357151,,5.844038660031391,5.743127981170357,5.84982256776701,5.8498163761565465,5.818029597065374,"rgba(38, 166, 154, 0.75)",0.03775537668286358,5.844480101456796,-0.780818628944465,58.45994956991843,6.624212544579578,True,False,True,False,False,0.0,0.0,0.0,0.0,0.0,0,0.9507186858316218,0.9640657084188912,False,False,False,False,-0.0849334362269222,-0.07714857089436133,False,False,False,False,66208.0,505624.876639894,False,False,False,False,41784.0258738816,False,False,False,False
2025-08-29 19:00:00+00:00,5.815,5.815,5.795,5.8,22063.0,,,,,,,5.814279510254214,5.800719837872588,5.802900619437172,5.816509954574298,5.818666949353158,5.84965081642389,5.8709438173447825,5.889582142215651,5.8902950570839145,5.8807747840592794,5.869501880198649,5.8595103517098535,5.859222771921489,5.856179002008059,5.849855599867127,5.850071676009572,5.865574681600418,,,,,5.795729843014255,5.805757933273817,5.808418884482295,5.802802438238535,5.85753704979121,5.873358805371355,5.882833759141143,5.877043126936477,5.873317089602007,5.8636713335157085,5.853048039980374,5.852653321713643,5.850216430785883,5.84962959982833,5.843992566982348,5.823966265724119,5.801913025918947,5.7804233419226305,5.773866709194324,5.758119102385669,5.756747820642666,5.743174934578118,5.68556329162308,,5.843992566982348,5.743174934578118,5.84965081642389,5.849661144231419,5.817990639767259,"rgba(38, 166, 154, 0.75)",0.03772565738620965,5.844340613753864,-1.1753437004406497,53.78409757253438,9.332311874355348,True,False,True,False,False,0.0,0.0,0.0,0.0,0.0,0,0.9545923632610936,0.9638802889576882,False,False,False,False,-0.11646980781462091,-0.09680918935449112,False,False,False,False,44145.0,498470.1498702832,False,False,False,False,41478.27353475165,False,False,False,False
2025-09-01 14:00:00+00:00,5.8,5.8,5.8,5.8,0.0,,,,,,,5.814279510254214,5.800719837872588,5.802900619437172,5.816509954574298,5.818666949353158,5.84965081642389,5.8709438173447825,5.889582142215651,5.8902950570839145,5.8807747840592794,5.869501880198649,5.8595103517098535,5.859222771921489,5.856179002008059,5.849855599867127,5.850071676009572,5.865574681600418,,,,,5.795729843014255,5.805757933273817,5.808418884482295,5.802802438238535,5.85753704979121,5.873358805371355,5.882833759141143,5.877043126936477,5.873317089602007,5.8636713335157085,5.853048039980374,5.852653321713643,5.850216430785883,5.84962959982833,5.843992566982348,5.823966265724119,5.801913025918947,5.7804233419226305,5.773866709194324,5.758119102385669,5.756747820642666,5.743174934578118,5.68556329162308,,5.843992566982348,5.743174934578118,5.84965081642389,5.849661144231419,5.817990639767259,#000000,0.03732400140764017,5.844340613753864,-1.1879919644625059,50.66686290761168,6.487263782916692,False,False,False,False,False,0.0,0.0,0.0,0.0,0.0,0,0.9544041450777199,0.9626943005181348,False,False,False,False,-0.12551999267801284,-0.11116459101625198,False,False,False,False,44145.0,491426.3490971005,False,False,False,False,40835.19952646093,False,False,False,False
2025-09-01 15:00:00+00:00,5.8,5.8,5.8,5.8,0.0,,,,,,,5.814279510254214,5.800719837872588,5.802900619437172,5.816509954574298,5.818666949353158,5.84965081642389,5.8709438173447825,5.889582142215651,5.8902950570839145,5.8807747840592794,5.869501880198649,5.8595103517098535,5.859222771921489,5.856179002008059,5.849855599867127,5.850071676009572,5.865574681600418,,,,,5.795729843014255,5.805757933273817,5.808418884482295,5.802802438238535,5.85753704979121,5.873358805371355,5.882833759141143,5.877043126936477,5.873317089602007,5.8636713335157085,5.853048039980374,5.852653321713643,5.850216430785883,5.84962959982833,5.843992566982348,5.823966265724119,5.801913025918947,5.7804233419226305,5.773866709194324,5.758119102385669,5.756747820642666,5.743174934578118,5.68556329162308,,5.843992566982348,5.743174934578118,5.84965081642389,5.849661144231419,5.817990639767259,"rgba(239, 83, 80, 0.5)",0.03720324019594964,5.844340613753864,-1.1918481702217754,48.58870646432989,4.558306355980669,False,False,False,True,False,0.0,0.0,0.0,0.0,0.0,0,0.9562499999999996,0.9614583333333334,False,False,False,False,-0.12551999267801284,-0.11834229184713241,False,False,False,False,44145.0,484491.7545374555,False,False,False,False,40202.095657833626,False,False,False,False
2025-09-01 16:00:00+00:00,5.8,5.8,5.8,5.8,0.0,,,,,,,5.814279510254214,5.800719837872588,5.802900619437172,5.816509954574298,5.818666949353158,5.84965081642389,5.8709438173447825,5.889582142215651,5.8902950570839145,5.8807747840592794,5.869501880198649,5.8595103517098535,5.859222771921489,5.856179002008059,5.849855599867127,5.850071676009572,5.865574681600418,,,,,5.795729843014255,5.805757933273817,5.808418884482295,5.802802438238535,5.85753704979121,5.873358805371355,5.882833759141143,5.877043126936477,5.873317089602007,5.8636713335157085,5.853048039980374,5.852653321713643,5.850216430785883,5.84962959982833,5.843992566982348,5.823966265724119,5.801913025918947,5.7804233419226305,5.773866709194324,5.758119102385669,5.756747820642666,5.743174934578118,5.68556329162308,,5.843992566982348,5.743174934578118,5.84965081642389,5.849661144231419,5.817990639767259,"rgba(239, 83, 80, 1.0)",0.03724244889902441,5.844340613753864,-1.1905933971765565,47.203268835475356,3.1681158648068504,False,True,False,True,False,0.0,0.0,0.0,0.0,0.0,0,0.9682875264270608,0.9577167019027484,False,False,False,False,-0.12551999267801284,-0.12193114226257262,False,False,False,False,44145.0,477664.67307175853,False,False,False,False,39578.80735306101,False,False,False,False
2025-09-01 17:00:00+00:00,5.8,5.8,5.8,5.8,0.0,,,,,,,5.814279510254214,5.800719837872588,5.802900619437172,5.816509954574298,5.818666949353158,5.84965081642389,5.8709438173447825,5.889582142215651,5.8902950570839145,5.8807747840592794,5.869501880198649,5.8595103517098535,5.859222771921489,5.856179002008059,5.849855599867127,5.850071676009572,5.865574681600418,,,,,5.795729843014255,5.805757933273817,5.808418884482295,5.802802438238535,5.85753704979121,5.873358805371355,5.882833759141143,5.877043126936477,5.873317089602007,5.8636713335157085,5.853048039980374,5.852653321713643,5.850216430785883,5.84962959982833,5.843992566982348,5.823966265724119,5.801913025918947,5.7804233419226305,5.773866709194324,5.758119102385669,5.756747820642666,5.743174934578118,5.68556329162308,,5.843992566982348,5.743174934578118,5.84965081642389,5.849661144231419,5.817990639767259,"rgba(239, 83, 80, 1.0)",0.03635386641885649,5.844340613753864,-1.219694577819778,46.27964374957233,2.095217574436518,False,True,False,True,False,0.0,0.0,0.0,0.0,0.0,0,0.9573105656350049,0.966915688367129,False,False,False,False,-0.12551999267801284,-0.12372556747029273,False,False,False,False,44145.0,470943.4378303359,False,False,False,False,38965.18243285851,False,False,False,False
2025-09-01 18:00:00+00:00,5.8,5.8,5.8,5.8,0.0,,,,,,,5.814279510254214,5.800719837872588,5.802900619437172,5.816509954574298,5.818666949353158,5.84965081642389,5.8709438173447825,5.889582142215651,5.8902950570839145,5.8807747840592794,5.869501880198649,5.8595103517098535,5.859222771921489,5.856179002008059,5.849855599867127,5.850071676009572,5.865574681600418,,,,,5.795729843014255,5.805757933273817,5.808418884482295,5.802802438238535,5.85753704979121,5.873358805371355,5.882833759141143,5.877043126936477,5.873317089602007,5.8636713335157085,5.853048039980374,5.852653321713643,5.850216430785883,5.84962959982833,5.843992566982348,5.823966265724119,5.801913025918947,5.7804233419226305,5.773866709194324,5.758119102385669,5.756747820642666,5.743174934578118,5.68556329162308,,5.843992566982348,5.743174934578118,5.84965081642389,5.849661144231419,5.817990639767259,"rgba(239, 83, 80, 1.0)",0.03540626503318409,5.844340613753864,-1.2523380738495316,45.663893692303645,1.2128847190410639,False,True,False,True,False,0.0,0.0,0.0,0.0,0.0,0,0.9527389903329749,0.9677765843179377,False,False,False,False,-0.12551999267801284,-0.12462278007415278,False,False,False,False,44145.0,464326.4077864548,False,False,False,False,38361.07107731032,False,False,False,False
2025-09-01 19:00:00+00:00,5.8,5.8,5.8,5.8,0.0,,,,,,,5.814279510254214,5.800719837872588,5.802900619437172,5.816509954574298,5.818666949353158,5.84965081642389,5.8709438173447825,5.889582142215651,5.8902950570839145,5.8807747840592794,5.869501880198649,5.8595103517098535,5.859222771921489,5.856179002008059,5.849855599867127,5.850071676009572,5.865574681600418,,,,,5.795729843014255,5.805757933273817,5.808418884482295,5.802802438238535,5.85753704979121,5.873358805371355,5.882833759141143,5.877043126936477,5.873317089602007,5.8636713335157085,5.853048039980374,5.852653321713643,5.850216430785883,5.84962959982833,5.843992566982348,5.823966265724119,5.801913025918947,5.7804233419226305,5.773866709194324,5.758119102385669,5.756747820642666,5.743174934578118,5.68556329162308,,5.843992566982348,5.743174934578118,5.84965081642389,5.849661144231419,5.817990639767259,"rgba(239, 83, 80, 1.0)",0.034663764604743345,5.844340613753864,-1.2791632489852607,45.25339365412452,0.45086205280922087,False,True,False,True,False,0.0,0.0,0.0,0.0,0.0,0,0.9568034557235418,0.9622030237580994,False,False,False,False,-0.12551999267801284,-0.1250713863760828,False,False,False,False,44145.0,457811.967355657,False,False,False,False,37766.32578929001,False,False,False,False
2025-09-02 14:00:00+00:00,5.7,5.735,5.7,5.71,15192.0,,,,,,,5.809648218317745,5.799511967502117,5.80187527801623,5.815845444184227,5.818003085985218,5.84930914887565,5.870630847086805,5.889278978721054,5.890022406545427,5.880539956710478,5.86929956470253,5.859331625500666,5.859044953197411,5.856010174926591,5.849708928672554,5.84992529937886,5.865442136153271,,,,,5.7940038204447255,5.804887768396043,5.8079853616809505,5.802419693240375,5.857202993526383,5.873050161543463,5.882592277229825,5.876819251781874,5.873104075072929,5.863483135917136,5.852886557036404,5.852492657049458,5.850062537571977,5.849493446597491,5.843892068206439,5.823885565152372,5.80185328278297,5.780381806190067,5.773832403736465,5.758095121269792,5.756724670149039,5.743159812476162,5.685577570936778,,5.843892068206439,5.743159812476162,5.84930914887565,5.849025177322167,5.817734175564744,"rgba(239, 83, 80, 1.0)",0.03353430407129481,5.843610045634042,-3.984279660313924,35.23789196539168,-8.995962684951458,False,True,False,True,False,0.0,0.0,0.0,0.0,0.0,0,0.9520255863539441,0.9637526652452025,False,False,False,False,-0.27905155135380244,-0.20206146886494264,False,False,False,False,28953.0,451162.9911175848,False,False,False,False,37416.33624216923,False,False,False,False
2025-09-02 15:00:00+00:00,5.715,5.725,5.695,5.715,32112.0,,,,,,,5.800853983941625,5.796971208089921,5.799704583410142,5.814423584904456,5.816582937886002,5.848574843797321,5.869959343812905,5.888629430522871,5.889437952047054,5.8800358236893535,5.868864459549334,5.858946603736754,5.858661864620509,5.8556462387006984,5.849392305247852,5.849609320221109,5.865156544831886,,,,,5.790443702382153,5.803036070441878,5.807049738495207,5.801591115738549,5.85648558002915,5.872388034383503,5.882074019229087,5.876338360791481,5.872646244683045,5.863078002901975,5.8525382420278085,5.852146080825508,5.849730396939621,5.849199447481826,5.843674673600457,5.823710167564123,5.80172243478465,5.780289716381956,5.773755921195021,5.758040605009087,5.756671917771336,5.7431241242248685,5.685604293889598,,5.843674673600457,5.7431241242248685,5.848574843797321,5.847732413471165,5.8171886474248655,"rgba(239, 83, 80, 1.0)",0.03330895504940107,5.8421112378859545,-3.8161280561769018,29.676944905999164,-13.867507603768821,False,True,False,True,False,0.0,0.0,0.0,0.0,0.0,0,0.9465240641711226,0.9711229946524065,False,False,False,False,-0.29355704154095935,-0.247809255202951,False,False,False,False,61065.0,445114.96024754475,False,False,False,False,37334.09847097281,False,False,False,False
2025-09-02 16:00:00+00:00,5.715,5.715,5.685,5.695,49711.0,,,,,,,5.78834713329685,5.792744022448955,5.796064034349441,5.812021557341998,5.814187697275497,5.84734421474426,5.868844314315347,5.887558154063606,5.888473407216097,5.8791999747436225,5.868138881081081,5.858300912417903,5.858019298842216,5.855034613011709,5.848857835266197,5.849076000651988,5.864678297290579,,,,,5.784665081159939,5.799912539067562,5.805439135405188,5.800152036443255,5.855287855042775,5.871289525568335,5.881215607518837,5.875539583985526,5.871884318902589,5.86240022898063,5.851951692641013,5.851562310521977,5.849170006182138,5.848702903734178,5.843305692416442,5.823407538585278,5.801490743037734,5.780120037814507,5.773612546851928,5.757932270830831,5.756566375916731,5.7430456870575455,5.685624445886908,,5.843305692416442,5.7430456870575455,5.84734421474426,5.845699432256315,5.81627296363269,"rgba(239, 83, 80, 1.0)",0.03484495904959178,5.839719193856629,-4.153231853441488,25.036459127909765,-17.860949333690456,False,True,False,True,False,0.0,0.0,0.0,0.0,0.0,0,0.9401523394994553,0.9902067464635471,False,False,False,False,-0.3130874455848788,-0.2804483503939149,False,False,False,False,11354.0,438389.9841196758,False,False,False,False,37525.98841715927,False,False,False,False
2025-09-02 17:00:00+00:00,5.695,5.705,5.69,5.695,15274.0,,,,,,,5.785034810678009,5.791495352576512,5.79497920535666,5.8112928279783524,5.8134608037871,5.846965951256424,5.868501298430382,5.8872285382975305,5.888176416816383,5.878942345042764,5.867915005163229,5.858101505109122,5.8578208499640105,5.85484565276812,5.8486925650258454,5.848911086018645,5.864530436328789,,,,,5.783000905909251,5.798974765176553,5.80494625638476,5.799710785721844,5.8549196126076275,5.870951555834323,5.880951074931674,5.875293298015667,5.871649313211552,5.862190993370577,5.851770421368103,5.851381891216204,5.848996761659992,5.848549309735797,5.843191397667292,5.823313612068099,5.801418615982191,5.780066984539552,5.773567630747534,5.757898134783975,5.756533098278693,5.743020745623919,5.68562981457253,,5.843191397667292,5.743020745623919,5.846965951256424,5.845111450035169,5.815996825191639,"rgba(239, 83, 80, 1.0)",0.036163791557528885,5.8390223440875335,-3.9825012224844945,21.942801942516834,-20.51523627125272,False,True,False,True,False,0.0,0.0,0.0,0.0,0.0,0,0.9395604395604391,0.9956043956043955,False,False,False,False,-0.3180058721274143,-0.2992271112606646,False,False,False,False,11354.0,431769.2711875878,False,False,False,False,37180.996348676184,False,False,False,False
2025-09-02 18:00:00+00:00,5.695,5.695,5.655,5.665,40264.0,,,,,,,5.775176519583812,5.7875259816992095,5.791530634286814,5.809005710835085,5.811185949656379,5.845813492024615,5.867472978434775,5.886251784418698,5.8872962781979705,5.878174005075096,5.8672418865788085,5.857497154742427,5.857219255621869,5.854271299524491,5.848187247123197,5.848406950487308,5.864084037970881,,,,,5.777714156378794,5.795997828732358,5.803373026366453,5.7982875528937505,5.853804963846346,5.86993996455399,5.880163248237054,5.87455688691454,5.87094474316446,5.861559022953885,5.851217896384445,5.850831766256714,5.848467307793556,5.848079500617247,5.842839694583406,5.823017932226946,5.801183691569515,5.779885626922372,5.773411066945972,5.757771664353766,5.756408992418409,5.742919734886191,5.685611941354567,,5.842839694583406,5.742919734886191,5.845813492024615,5.843314186250673,5.815129922189337,"rgba(239, 83, 80, 1.0)",0.03906935390316835,5.836873170572288,-4.39918128664906,18.711005667023983,-23.444334432033877,False,True,False,True,False,0.0,0.0,0.0,0.0,0.0,0,0.9253567508232706,0.9989023051591656,False,False,False,False,-0.34282825441539394,-0.3210276828380293,False,False,False,False,-28910.0,424626.9569056097,False,False,False,False,37228.79485489826,False,False,False,False
2025-09-02 19:00:00+00:00,5.665,5.675,5.645,5.645,50992.0,,,,,,,5.763254701350211,5.782190181037694,5.786860474866426,5.805875839820469,5.8080757602798085,5.8442379183410225,5.866076443943516,5.884932317989412,5.886106486641818,5.877131208041602,5.866323935763174,5.856669238303469,5.856394994635788,5.853483143525495,5.847491383234053,5.847712773252053,5.863472945730594,,,,,5.770753060723507,5.791942401622072,5.801187659178607,5.79629853313178,5.8522852326457775,5.868567029343146,5.87909490469649,5.873555888497131,5.869985505607644,5.860694940767225,5.8504584994447715,5.850075518016066,5.84773852294908,5.847432210286345,5.842353180263401,5.822604068147822,5.8008492628040385,5.779621578472748,5.773181110144605,5.75758112889124,5.75622152993172,5.742762393733582,5.685562397252873,,5.842353180263401,5.742762393733582,5.8442379183410225,5.840958220397447,5.813948111154421,"rgba(239, 83, 80, 1.0)",0.042540071199450115,5.834033723941252,-4.443662612950576,15.972286204751867,-26.02924155070098,False,True,False,True,False,0.0,0.0,0.0,0.0,0.0,0,0.9234135667396054,0.9989059080962799,False,False,False,False,-0.34282825441539394,-0.3319279686267116,False,False,False,False,-79902.0,416804.80253498006,False,False,False,False,37442.17788040372,False,False,False,False
2025-09-03 14:00:00+00:00,5.645,5.665,5.645,5.645,3013.0,,,,,,,5.7626044229370725,5.781880401698927,5.786587778973875,5.805690880721333,5.807891940073164,5.844144009530656,5.865993206065983,5.884853701302494,5.886035557340692,5.877068976347008,5.866269092911608,5.856619725322965,5.8563456985227855,5.85343598940442,5.847449713760369,5.847671205024875,5.863436373890527,,,,,5.770355238605254,5.791704407431326,5.801057644939177,5.796180001124278,5.8521946569575265,5.868485196742808,5.879031161600188,5.873496129590922,5.869928218372556,5.86064328656394,5.85041305021291,5.850030255334643,5.847694890716529,5.8473934389944215,5.8423240020390725,5.822579192575786,5.800829099521095,5.779605595006891,5.773167168014849,5.757569527576566,5.756210110833847,5.742752761985211,5.6855591560841425,,5.8423240020390725,5.742752761985211,5.844144009530656,5.840822274931103,5.813878443079302,"rgba(239, 83, 80, 1.0)",0.0455904209948004,5.833869383142179,-4.142742686313871,14.14647322990379,-27.89397221793893,False,True,False,True,False,0.0,0.0,0.0,0.0,0.0,0,0.9213114754098354,1.00327868852459,False,False,False,False,-0.34282825441539394,-0.3373781115210528,False,False,False,False,-79902.0,409103.921875523,False,False,False,False,36908.39217683156,False,False,False,False
2025-09-03 15:00:00+00:00,5.645,5.67,5.645,5.65,17890.0,,,,,,,5.759005686810415,5.78011724035613,5.785030458129967,5.804625311251918,5.806832425367168,5.843597921074798,5.86550796655431,5.884394652938357,5.885621266946249,5.8767056295747775,5.865949083111155,5.8563310021610215,5.856058244869213,5.8531610780995695,5.847206867947867,5.847428943255442,5.863222898568284,,,,,5.768111639355133,5.79034100392635,5.800307426440887,5.795496329059218,5.85166744626663,5.868008026611161,5.878658953118561,5.873147288640456,5.869593873108358,5.8603419931664,5.850148136994837,5.849766437248981,5.847440617787295,5.847167461556616,5.842153962814141,5.8224345180112,5.800712163019243,5.779513244187409,5.773086720341563,5.7575028623831574,5.756144520306172,5.742697705743429,5.685541815540851,,5.842153962814141,5.742697705743429,5.843597921074798,5.84004686335392,5.813477571549047,"rgba(239, 83, 80, 1.0)",0.04809927796274294,5.8329315733516545,-3.8032083037369184,14.22158596159152,-28.154637718298233,False,True,False,True,False,0.0,0.0,0.0,0.0,0.0,0,0.9225736095965097,1.001090512540894,False,False,False,False,-0.33820617323789515,-0.33779214237947397,False,False,False,False,-62012.0,401799.79905574745,False,False,False,False,36613.533383392314,False,False,False,False
2025-09-03 16:00:00+00:00,5.65,5.655,5.625,5.635,12282.0,,,,,,,5.7562971944649535,5.778777379816571,5.78384815585245,5.803821930127854,5.806034582352175,5.8431918676122,5.865149852702507,5.884057742865833,5.8853172110730885,5.876438168624536,5.8657126343782915,5.856116894378401,5.855845054837033,5.852956947357483,5.847026075848239,5.847248601204712,5.863064884057974,,,,,5.766401591673004,5.789307284534998,5.7997382603543315,5.794975563488529,5.851276594824266,5.867656132926473,5.878385147988794,5.87289019542959,5.869347156459542,5.860118909830478,5.849951184667305,5.849570267884911,5.847251355282113,5.846999199966644,5.842027024706346,5.822325466899222,5.800622821147712,5.779441445923078,5.773023767959606,5.757449711434508,5.756092127781356,5.742652772293636,5.685523431923125,,5.842027024706346,5.742652772293636,5.8431918676122,5.839465010444371,5.813175105016502,"rgba(239, 83, 80, 1.0)",0.051068140312249904,5.832225993859837,-3.8620163697742522,13.660647086504568,-29.179331827191003,False,True,False,True,False,0.0,0.0,0.0,0.0,0.0,0,0.9166666666666662,1.0153508771929822,False,False,False,False,-0.34282825441539394,-0.3403101983974339,False,False,False,False,-74294.0,394418.49984558084,False,False,False,False,36236.3003076808,False,False,False,False
2025-09-03 17:00:00+00:00,5.635,5.64,5.615,5.62,7865.0,,,,,,,5.754436790741332,5.777852395137453,5.783032544819714,5.80327041271554,5.805487319196388,5.842915817723665,5.8649076744957025,5.8838308001565425,5.88511240578264,5.876257636909474,5.865552614330245,5.855971626741665,5.85570039873726,5.852818324026092,5.846903080411942,5.84712591917259,5.862957816653628,,,,,5.765218438752038,5.788594863952401,5.7993459453271905,5.794615658767935,5.851011432721163,5.867418288301107,5.87820041878304,5.87271651483416,5.869180340633056,5.859967715661035,5.849817320540522,5.849436921227048,5.847122613999417,5.846884717088635,5.841940505174122,5.8222506462307795,5.800560964948365,5.779391166171438,5.772979498556874,5.75741189309765,5.756054805740746,5.74262034359096,5.685508343083677,,5.841940505174122,5.74262034359096,5.842915817723665,5.839066681044228,5.812967363355798,"rgba(239, 83, 80, 1.0)",0.05452852794966198,5.831742127791815,-3.8831440303557128,12.762223738567528,-30.57111703342224,False,True,False,True,False,0.0,0.0,0.0,0.0,0.0,0,0.9086908690869081,1.022002200220022,False,False,False,False,-0.34282825441539394,-0.34156922640641396,False,False,False,False,-82159.0,387029.7013983625,False,False,False,False,35796.43518663148,False,False,False,False
2025-09-03 18:00:00+00:00,5.615,5.625,5.605,5.605,2783.0,,,,,,,5.75372454223223,5.77749943398396,5.7827217659953805,5.803061539271073,5.805280216909755,5.84281233942889,5.864817341522778,5.883746460771966,5.885036302561005,5.876190431926029,5.86549290715745,5.855917303289355,5.8556463003609895,5.85276644464471,5.846856978501625,5.847079937226795,5.862917832813668,,,,,5.764765153114277,5.788323828957188,5.799196963650848,5.79447869039741,5.850912228491336,5.867329616741925,5.878131678853974,5.8726518121618305,5.869118147872212,5.859911229545648,5.8497671844179004,5.849386974085276,5.847074362751471,5.846841803482185,5.841908026509317,5.822222396130894,5.800537426301736,5.77937184692324,5.772962429495271,5.757397169418263,5.756040261501223,5.742607572816612,5.685501829649803,,5.841908026509317,5.742607572816612,5.84281233942889,5.838915769329274,5.812888636229124,"rgba(239, 83, 80, 1.0)",0.058218677539181016,5.83155858132035,-3.8915102660632677,11.711119608612986,-32.09952870881003,False,True,False,True,False,0.0,0.0,0.0,0.0,0.0,0,0.9052863436123343,1.0231277533039647,False,False,False,False,-0.34282825441539394,-0.3421987404109039,False,False,False,False,-84942.0,379712.310679008,False,False,False,False,35284.59898218758,False,False,False,False
2025-09-03 19:00:00+00:00,5.605,5.64,5.605,5.635,25961.0,,,,,,,5.748074531856378,5.7745691026916095,5.780125629407292,5.8012857997054486,5.803517429295356,5.84191384622479,5.864027518891574,5.883005454178924,5.884367257288744,5.875600612877463,5.864970118222418,5.855442762080912,5.8551737563553266,5.852313607338375,5.846455162212198,5.846679137797943,5.862567689899343,,,,,5.7610641746928035,5.786046271855082,5.797928768722314,5.793314835004401,5.850048529575902,5.866553760883824,5.877528148578611,5.8720843813797945,5.868573149432186,5.859417303142072,5.849329908355107,5.848951391059444,5.846653825543285,5.84646772531753,5.841625202371024,5.821977979772161,5.800335546507209,5.779207943016952,5.7728181674050365,5.757274086418217,5.755918809280257,5.742502194919288,5.685453457384819,,5.841625202371024,5.742502194919288,5.84191384622479,5.837652318607301,5.81222067654858,"rgba(239, 83, 80, 0.75)",0.06039002363761501,5.830022181732652,-3.2293774697445023,17.570740296140603,-32.09952870881003,False,True,False,True,True,0.0,0.0,0.0,0.0,0.0,0,0.9054945054945049,1.0197802197802197,False,False,False,False,-0.3293391315165713,-0.3357689359637376,False,False,False,False,-58981.0,372910.8640018141,False,False,False,False,35140.04705998312,False,False,False,False
2025-09-04 14:00:00+00:00,5.655,5.665,5.62,5.63,18966.0,,,,,,,5.744621605375548,5.77266256288792,5.778423039220341,5.800096130305776,5.802334964866304,5.8412974756491725,5.863482010437238,5.882491316554352,5.883902696504691,5.875191587990921,5.864608262777412,5.855114938538918,5.854847329630767,5.852000974102134,5.846178071036915,5.846402728982386,5.862325164130635,,,,,5.758707416872198,5.784541398398751,5.797076317551371,5.792533539667223,5.849454477418322,5.866017521129484,5.877109483470549,5.871691120599063,5.8681956706329,5.859075802959687,5.849028216598465,5.848650893468917,5.846363851548041,5.846209705216331,5.841430241082902,5.8218104484726645,5.800198245618663,5.7790975651041006,5.772721354030262,5.757192332694935,5.755838221336037,5.742433072837426,5.685425172172663,,5.841430241082902,5.742433072837426,5.8412974756491725,5.836822403470085,5.811774002994825,"rgba(239, 83, 80, 0.75)",0.06274838930488273,5.82901288214203,-3.1716014442229548,21.09420188694233,-35.252579763207606,False,True,False,True,True,0.0,0.0,0.0,0.0,0.0,0,0.9174917491749169,1.0110011001100108,False,False,False,False,-0.2852637835748076,-0.3105163597692726,False,False,False,False,-77947.0,365920.8195986852,False,False,False,False,34889.286640448496,False,False,False,False
2025-09-04 15:00:00+00:00,5.635,5.635,5.615,5.615,43307.0,,,,,,,5.736379963348535,5.767986917991481,5.774239751162905,5.797170401487741,5.7994293186886186,5.839789517761008,5.8621547473235776,5.881245807056102,5.882776915735735,5.874197536888868,5.863725775414462,5.854312817921054,5.854048544316748,5.851235102553969,5.845497603318607,5.845723980908537,5.861732282424637,,,,,5.752950945844887,5.7808385981508055,5.794962730700307,5.790589053177681,5.848004331412994,5.864713523339897,5.876092629038613,5.870734308336447,5.867276196106097,5.858241383606095,5.8482883187014645,5.8479138198496186,5.845651935358737,5.845575888008407,5.840950047393052,5.821394405277252,5.799853411564501,5.778816410316937,5.772473460433842,5.7569799595134015,5.755628578470963,5.7422503680798,5.685337899429364,,5.840950047393052,5.7422503680798,5.839789517761008,5.8348027637825055,5.810674704439616,"rgba(239, 83, 80, 0.75)",0.06543974602913077,5.82655091112875,-3.2327587432044336,22.346575041635482,-33.951264686906114,False,True,False,True,True,0.0,0.0,0.0,0.0,0.0,0,0.9403824521934753,1.0078740157480313,False,False,False,False,-0.32166007703304106,-0.31608821840115686,False,False,False,False,-121254.0,358367.721620411,False,False,False,False,35019.79382431751,False,False,False,False
2025-09-04 16:00:00+00:00,5.615,5.63,5.595,5.63,65723.0,,,,,,,5.725480440211725,5.761269863221072,5.768171355670381,5.792828205247558,5.795114563051185,5.8375058062596805,5.860140551411091,5.879354191386882,5.881065192748616,5.872684044331624,5.862380412327385,5.853088698405325,5.852829463498002,5.850065755604473,5.844457502629876,5.844686496235468,5.860825664842032,,,,5.618333333333333,5.744883630313562,5.775418935783401,5.7917908344112545,5.787664607796466,5.845806618656123,5.862734162620015,5.874544800202659,5.869276905534111,5.8658750630432275,5.856968523407878,5.847158217589555,5.8467879855541725,5.844564152315611,5.844606590851313,5.840214280860291,5.820755826662148,5.7993228840855435,5.778382631279,5.772090524767181,5.756651020700242,5.7553037861110345,5.741966512112314,5.685198999203518,,5.840214280860291,5.741966512112314,5.8375058062596805,5.831879306298964,5.801095867799748,"rgba(239, 83, 80, 0.75)",0.06748373177330108,5.810605878509907,-2.6762876587296462,26.093013051753104,-30.296234058829256,False,True,False,True,True,0.0,0.0,0.0,0.0,0.0,0,0.9297848244620605,1.002265005662514,False,False,False,False,-0.34282825441539394,-0.32945823640827543,False,False,False,False,-55531.0,351950.6871766836,False,False,False,False,35495.812524715686,False,False,False,False
2025-09-04 17:00:00+00:00,5.625,5.625,5.615,5.62,16758.0,,,,,,,5.723054251244797,5.759671394866097,5.766715259774085,5.791764819269675,5.79405715147416,5.83693539426596,5.859635789759747,5.878879267744499,5.880635024813294,5.872303505613504,5.862042056262125,5.85278080417918,5.852522833032864,5.849771603634188,5.844195764153205,5.8444254088296645,5.8605971571956275,,,,5.618671956773884,5.743004090537876,5.7741084388049755,5.791007807411505,5.786941937641063,5.845257017158713,5.8622379518861,5.874155653657772,5.868910437172434,5.865522711497897,5.856648380247026,5.846873926095103,5.846504767029686,5.844290484979339,5.84436257249699,5.840028856533774,5.820594979811032,5.79918934751814,5.778273549435855,5.771994243443422,5.756568405328671,5.755222221234977,5.741895315580344,5.685164555107254,,5.840028856533774,5.741895315580344,5.83693539426596,5.831175734477216,5.800726233640994,"rgba(239, 83, 80, 0.75)",0.06960881687964676,5.8097817851020785,-2.7264044069332485,27.692965065932306,-28.65920808615077,False,True,False,True,True,0.0,0.0,0.0,0.0,0.0,0,0.9374288964732646,0.9908987485779293,False,False,False,False,-0.32703840481143887,-0.32824832060985715,False,False,False,False,-72289.0,345373.3276855722,False,False,False,False,35205.30380340227,False,False,False,False
2025-09-04 18:00:00+00:00,5.625,5.635,5.62,5.635,8270.0,,,,,,,5.722009842972961,5.758951343113683,5.766055440557328,5.791275122754022,5.793569726198117,5.836667924809033,5.85939783549756,5.8786545640166326,5.880431385725506,5.872123559941461,5.861882311219389,5.852635673774657,5.8523783046634845,5.849633023574173,5.844072573488832,5.844302517979555,5.860489229742352,,,,5.619704264048514,5.742170966259974,5.773511264096194,5.790646454783567,5.786608819517257,5.844998772977533,5.862003899076845,5.873971588525832,5.868737233170766,5.865356266485499,5.856497372211664,5.846740063902363,5.846371419544321,5.844161687418481,5.844247704380863,5.83994161905686,5.820519649891682,5.799127194637509,5.7782231710396745,5.7719498970505985,5.756530654450537,5.7551849795966925,5.741863090918129,5.6851501769212245,,5.83994161905686,5.741863090918129,5.836667924809033,5.830854728236986,5.8005924254151076,"rgba(239, 83, 80, 0.75)",0.0712183547552938,5.809450399179168,-2.4495145918293053,31.505053011905375,-24.950514675252144,False,True,False,True,True,0.0,0.0,0.0,0.0,0.0,0,0.9405034324942786,0.9874141876430205,False,False,False,False,-0.31140451102878486,-0.31982641581932103,False,False,False,False,-64019.0,339026.159814478,False,False,False,False,34787.70219404719,False,False,False,False
2025-09-04 19:00:00+00:00,5.635,5.65,5.63,5.635,23583.0,,,,,,,5.719414772976339,5.7570711513988195,5.76432151157614,5.789966152767458,5.792265550968759,5.835939585683684,5.858746529546749,5.878037414310403,5.879871758089655,5.871629496356026,5.861444310157321,5.852238303793083,5.851982597906696,5.849253759810808,5.843735700720501,5.843966447863023,5.860193121759211,,,,5.623546772322028,5.74003286571898,5.771932528589054,5.789677854644382,5.7857167444592,5.8442941587764,5.861362930547338,5.873466099843522,5.8682618878215695,5.864899675924977,5.85608365861751,5.846373885999279,5.8460066726063085,5.843809511406412,5.843933532284211,5.839703106114545,5.820314544943089,5.798958928572804,5.778087764455797,5.7718310044593615,5.756430208207699,5.755085963092956,5.7417781379233706,5.685115405937445,,5.839703106114545,5.7417781379233706,5.835939585683684,5.830004597981452,5.800279326802843,"rgba(239, 83, 80, 0.75)",0.07253765719754499,5.808630284046692,-2.3936571810395963,34.04644497588742,-22.471211702629645,False,True,False,True,True,0.0,0.0,0.0,0.0,0.0,0,0.9415807560137451,0.9816723940435278,False,False,False,False,-0.2856680931865192,-0.3027472545029201,False,False,False,False,-64019.0,332777.3976468117,False,False,False,False,34613.98588096118,False,False,False,False
2025-09-05 14:00:00+00:00,5.685,5.7,5.665,5.685,29667.0,,,,,,5.683333333333334,5.718059949938004,5.75565300520411,5.762961611075672,5.788830310261328,5.791126331140571,5.835237838932897,5.858098796241953,5.877410443553695,5.879301897205163,5.871130244693549,5.861006386284748,5.851845230722476,5.851591289995779,5.848879961435222,5.8434059843639865,5.843637409305583,5.859897069511773,,,,5.635863963907658,5.738601267478251,5.770649684894282,5.7888338663118395,5.7849476819188315,5.843606742846517,5.86072344334984,5.872954386463381,5.867783178044043,5.864441460485698,5.855672532301123,5.8460143091338574,5.84564867266994,5.843464839458016,5.843625873835827,5.839470733418307,5.820120821874419,5.798806914327377,5.777972525524913,5.771732054628218,5.756352146972992,5.7550095579742875,5.741717870043342,5.6851137424893725,,5.839470733418307,5.741717870043342,5.835237838932897,5.821189282955547,5.800380344598014,"rgba(239, 83, 80, 0.5)",0.07279107459391837,5.799255398839746,-1.569634731691295,42.52933842680267,-14.61563828413535,False,False,False,True,True,0.0,0.0,0.0,0.0,0.0,0,0.9499431171786114,0.965870307167235,False,False,False,False,-0.20065012465759563,-0.2516986895802579,False,False,False,False,-34352.0,327085.4690011247,False,False,False,False,34537.288425442406,False,False,False,False
2025-09-05 15:00:00+00:00,5.685,5.685,5.665,5.665,8674.0,,,,,,5.680693948166889,5.717556150504763,5.755183381606637,5.762515594400827,5.7884665498608205,5.790762171053285,5.835018216282577,5.857897733369354,5.877216919019425,5.879126023792437,5.870975736719355,5.860870372364119,5.8517227171039705,5.851469313530724,5.848763309038024,5.8433028307841095,5.843534476919008,5.859804990146477,,,,5.637898040499972,5.738110762005016,5.770232416220193,5.788562618290276,5.784699435942902,5.843392315410081,5.860525098097459,5.87279611913802,5.867634858051951,5.8642993225278195,5.8555445848120256,5.84590195785633,5.8455367965663205,5.84335702250516,5.843529612739214,5.839397856180242,5.820059462780055,5.798758061214935,5.777934738014767,5.771699352882836,5.756325713406298,5.754983618343513,5.741696756045589,5.685110073563103,,5.839397856180242,5.741696756045589,5.835018216282577,5.8208266908146,5.800332774712253,"rgba(239, 83, 80, 0.5)",0.07354902759014777,5.798963204421613,-1.8214136720899023,45.58947496978561,-11.977201147762585,True,False,False,True,True,0.0,0.0,0.0,0.0,0.0,0,0.9516685845799764,0.9746835443037972,False,False,False,False,-0.21541415825069923,-0.23355642391547854,False,False,False,False,-43026.0,321347.30669102975,False,False,False,False,34136.30720954407,False,False,False,False
2025-09-05 16:00:00+00:00,5.665,5.7,5.665,5.69,55914.0,,,,,5.6850000000000005,5.683248386469329,5.715426282895059,5.7527416486275,5.7601489741950225,5.786436448465416,5.788723950174407,5.833730936881024,5.856704040002304,5.876058470433336,5.878071833019578,5.870051716329,5.860059730497625,5.8509951421031134,5.850744999297572,5.848071356675491,5.842692273901442,5.842925150624603,5.859255499652913,,,,5.650524108813664,5.73571506805037,5.767977569910683,5.787039858083296,5.783310676851146,5.842129147347032,5.859346019540317,5.8718490839841255,5.8667488080109615,5.863451157545624,5.854783563378294,5.845236341323907,5.844874103745547,5.842718974138877,5.842959615721228,5.838966816058595,5.819700576231415,5.798476988860027,5.777722278436325,5.771517093408152,5.7561824876522545,5.754843491186338,5.741586812119067,5.68510988030748,,5.838966816058595,5.741586812119067,5.833730936881024,5.812688781065514,5.800115438362698,"rgba(38, 166, 154, 1.0)",0.07391083013204275,5.78921171100363,-1.342316286075891,50.13129721332676,-7.856781704104144,True,False,True,False,True,0.0,0.0,0.0,0.0,0.0,0,0.9359720605355057,0.9871944121071009,False,False,False,False,-0.19966192918433456,-0.21660917654990655,False,False,False,False,12888.0,316564.99185861065,False,False,False,False,34473.945857458115,False,False,False,False
2025-09-05 17:00:00+00:00,5.685,5.69,5.675,5.675,8144.0,,,,,5.684364326079491,5.6829900357099845,5.715091900309723,5.7523748995281565,5.759794138192531,5.786133138992654,5.788419619330895,5.833539041354704,5.856526526799405,5.875886518563571,5.877915290614217,5.86991428046013,5.859938927231505,5.8508865225518845,5.8506368601641965,5.847967984583501,5.842600930394917,5.842833993949969,5.85917346501746,,,,5.651631700448632,5.735351408760754,5.767639869901468,5.786811107548184,5.78310149866397,5.841941041991035,5.85917071718474,5.871708272672423,5.866616938971436,5.863324846822045,5.854670037578279,5.84513684112536,5.844775032805748,5.842623537116841,5.842874319066101,5.838902202516354,5.819646528246203,5.798434367147337,5.777689749906355,5.771489080337078,5.756160212517332,5.754821670393767,5.741569422289979,5.68510857393807,,5.838902202516354,5.741569422289979,5.833539041354704,5.812473073675205,5.800049957414562,"rgba(38, 166, 154, 1.0)",0.07404332795337673,5.789015266655333,-1.5398452474627584,51.285089046016296,-6.7685436899112545,True,False,True,False,True,0.0,0.0,0.0,0.0,0.0,0,0.9414519906323177,0.9800936768149879,False,False,False,False,-0.19966192918433456,-0.20813555286712054,False,False,False,False,4744.0,311730.5578763066,False,False,False,False,34065.729642613805,False,False,False,False
2025-09-05 18:00:00+00:00,5.675,5.685,5.67,5.685,13710.0,,,,,5.683594923361794,5.682636976174687,5.714543019493177,5.751765779315186,5.759203834355413,5.785626419225478,5.787911124369027,5.833217075042461,5.856228496782311,5.875597726811553,5.87765231778227,5.869683362758345,5.859735926937874,5.85070397855108,5.850455122626781,5.847794249965515,5.842447389814649,5.842680766616873,5.859035533444794,,,,5.653319447036071,5.734749813570779,5.767077187678342,5.786428218383987,5.782751264865305,5.8416253603984085,5.8588763775878085,5.871471690467218,5.866395364459252,5.863112601713752,5.854479255545803,5.844969608114193,5.844608520690868,5.842463126474373,5.842730928096943,5.838793547541475,5.8195556356767595,5.798362684937194,5.777635038705719,5.771441960506178,5.756122742895344,5.754784964950972,5.741540169589284,5.685106376241272,,5.838793547541475,5.741540169589284,5.833217075042461,5.812132317022594,5.79993341192197,"rgba(38, 166, 154, 1.0)",0.07432022265502436,5.788698020772982,-1.3952867344642117,53.082612929057646,-4.87058132957479,True,False,True,False,True,0.0,0.0,0.0,0.0,0.0,0,0.9350649350649344,0.9881936245572608,False,False,False,False,-0.200650127677068,-0.20439284027209426,False,False,False,False,18454.0,307183.63449837937,False,False,False,False,33750.136934976385,False,False,False,False
2025-09-05 19:00:00+00:00,5.685,5.685,5.67,5.67,24391.0,,,,,5.681542840082616,5.68131118623962,5.713472454083974,5.750633325793298,5.758110003749394,5.784694679627669,5.78697679721843,5.832629017359741,5.855685788838223,5.875072966717572,5.877174403667609,5.86926313749873,5.859365890691869,5.8503706987937365,5.850123298570392,5.847476867550857,5.842166560971609,5.842400520165463,5.85878382983483,,,,5.655394564042998,5.73361640368212,5.766037331820828,5.7857220909452725,5.782103986837193,5.841049493604688,5.85834054105654,5.871041281900778,5.86599192729463,5.8627259385549175,5.854131172894352,5.844663933256178,5.844304142056066,5.8421697673067365,5.842468630201217,5.8385945349103014,5.819388440857667,5.79822999370678,5.777532878314303,5.77135367388602,5.756051800478042,5.754715392483237,5.741483972993928,5.685098647238818,,5.8385945349103014,5.741483972993928,5.832629017359741,5.811434435129244,5.7996754391801515,"rgba(38, 166, 154, 1.0)",0.07441816352920826,5.787993614738364,-1.5855485965069984,52.3753840539582,-4.87058132957479,True,False,True,False,True,0.0,0.0,0.0,0.0,0.0,0,0.9393579072532691,0.9821640903686085,False,False,False,False,-0.19284333916164678,-0.1986180897168705,False,False,False,False,-5937.0,302329.05101778434,False,False,False,False,33605.034036759695,False,False,False,False
2025-09-08 14:00:00+00:00,5.635,5.68,5.635,5.67,44697.0,,,,,5.675493340415101,5.676570012833181,5.711023721372748,5.748291556076927,5.755867557806061,5.78282470082174,5.785104990415921,5.831472458222478,5.854626885682274,5.874054811866567,5.876247067703116,5.868445223608217,5.85864286219246,5.849717041197933,5.849472420741163,5.84685354540942,5.841613521209651,5.841848675226705,5.858291026259808,,,,5.656330507804979,5.731199339753909,5.763921153606546,5.784297998720312,5.780792621644615,5.8399205591556305,5.857295847815011,5.8702041117374595,5.865205712898796,5.861971445954343,5.853449577270999,5.844062824712223,5.843705483393556,5.841592174235514,5.841951986914161,5.838201471188479,5.819054854185698,5.797961344184117,5.777321917874252,5.771169975697902,5.755900785404573,5.754566941828125,5.741360634023824,5.6850658545116595,,5.838201471188479,5.741360634023824,5.831472458222478,5.809813758897971,5.799021046854862,"rgba(38, 166, 154, 1.0)",0.07445011631835616,5.78619922335314,-1.5607661760562044,51.90389813722524,-4.87058132957479,True,False,True,False,True,0.0,0.0,0.0,0.0,0.0,0,0.9346793349168636,0.9786223277909737,False,False,False,False,-0.23611008727837668,-0.2173640884976236,False,False,False,False,-5937.0,297549.73239735357,False,False,False,False,33777.00250130605,False,False,False,False
2025-09-08 15:00:00+00:00,5.67,5.675,5.64,5.645,21268.0,,,,,5.672690058131697,5.674176397936695,5.709754739877718,5.747116950231319,5.754745569349539,5.781894895362285,5.784175019752406,5.830900875328322,5.854105494744429,5.87355487556273,5.8757915858961365,5.868042704136843,5.85828620356587,5.849393888610739,5.849150619764333,5.846545137906697,5.841339427159655,5.841575184869813,5.858047500120255,,,,5.656131804234635,5.72997425003933,5.762864434600027,5.783586524764729,5.7801356629303875,5.839363476728223,5.856781633155606,5.869792285943024,5.864818502400542,5.86159957006145,5.8531129296488515,5.843765181380686,5.843409024672048,5.841305967261514,5.841695874596691,5.838006253929062,5.8188882417646965,5.7978260913600055,5.777214593563849,5.771076147716108,5.755822758561354,5.7544901499801835,5.741295957048406,5.685044737508411,,5.838006253929062,5.741295957048406,5.830900875328322,5.809015112016183,5.798666752243743,#000000,0.07497969695158767,5.785278961935304,-1.870892623450832,48.609472375466126,-4.87058132957479,True,False,False,False,False,0.0,0.0,0.0,0.0,0.0,0,0.9383155397390265,0.9750889679715299,False,False,False,False,-0.23611008727837668,-0.22673708788800012,False,False,False,False,-27205.0,292514.77530592174,False,False,False,False,33583.064478029984,False,False,False,False
2025-09-08 16:00:00+00:00,5.645,5.66,5.645,5.65,33417.0,,,,,5.66920422312747,5.6710406574899315,5.707814196779241,5.745297174922705,5.753003254564871,5.780442031668407,5.782721764281547,5.830001796815177,5.853284946112653,5.872768006880587,5.875074331722529,5.86740840013991,5.857723768976392,5.8488839850578405,5.848642837292966,5.846058375367786,5.840906566117544,5.841143276390483,5.857662924721653,,,,5.655710559846722,5.728085131931705,5.761219619383098,5.782470009871697,5.779103608184229,5.838487076104005,5.855972322436651,5.869143403353904,5.864208182739749,5.861013281891696,5.8525818657159485,5.843295309411961,5.842941011209419,5.8408540511636735,5.841291316010169,5.837697592686745,5.818624501719412,5.797611642429505,5.777044073104709,5.770926940912627,5.755698409889072,5.754367742994559,5.741192604306497,5.685009873615163,,5.837697592686745,5.741192604306497,5.830001796815177,5.807846448338404,5.798106255454705,"rgba(239, 83, 80, 0.5)",0.0755256057050462,5.783912625780852,-1.7730758268106723,47.147088305097654,-4.87058132957479,True,False,False,True,False,0.0,0.0,0.0,0.0,0.0,0,0.9702602230483265,0.9752168525402722,False,False,False,False,-0.24767012793521648,-0.2372036079116083,False,False,False,False,6212.0,288075.97258800047,False,False,False,False,33580.48983495976,False,False,False,False
2025-09-08 17:00:00+00:00,5.645,5.65,5.625,5.625,36604.0,,,,,5.663690699643774,5.666048582327253,5.705184934796405,5.74300681743753,5.750827872195806,5.778666026815481,5.780948430146193,5.8289270831358335,5.852312703166762,5.871841534576496,5.874229880437222,5.866659175219384,5.857056696433581,5.848276819747938,5.848038125110342,5.845477949997237,5.840388969201756,5.840626867003415,5.857205968876577,,,,5.65361472033161,5.725645768084608,5.759180578901722,5.781100099349279,5.777832069605219,5.837443147585647,5.8550142302466215,5.868377506964477,5.8634863343146195,5.8603189134487765,5.851950569654279,5.842734267594161,5.842382092093701,5.84031376996641,5.84080749339101,5.837327461461143,5.818304943544739,5.797348045132276,5.776830586012539,5.770738872809145,5.75553859858976,5.754210120612094,5.74105654056536,5.684950816454465,,5.837327461461143,5.74105654056536,5.8289270831358335,5.806285007172052,5.797354481113069,"rgba(239, 83, 80, 0.5)",0.07622176038870904,5.782027593048366,-2.0601412542503703,43.57768355896471,0.12309468883908892,True,False,False,True,False,0.0,0.0,0.0,0.0,0.0,0,0.9563046192259669,0.9712858926342067,False,False,False,False,-0.28275672016815057,-0.25998016403987945,False,False,False,False,-30392.0,283138.4846408997,False,False,False,False,33627.36596154953,False,False,False,False
2025-09-08 18:00:00+00:00,5.625,5.64,5.625,5.635,5099.0,,,,,5.663054333645777,5.665456167764617,5.704833332533593,5.74269518131798,5.750531097825471,5.778422023447722,5.780704737011997,5.828778305032152,5.85217794968893,5.871713044037148,5.874112714856476,5.866555187329153,5.856964086682793,5.8481925119033225,5.847954157104273,5.845397346996302,5.840317071828683,5.840555133884687,5.857142461827534,,,,5.653353518438535,5.725315891817844,5.7589016853118675,5.780911262989674,5.777656700257752,5.837298569012539,5.854881420316491,5.868271210901025,5.863386137622275,5.860222522676626,5.851862917400093,5.842656351345568,5.842304470143991,5.840238731028503,5.840740274657656,5.837276007909786,5.818260515987966,5.797311392688475,5.7768008972165,5.77071271538881,5.755516369720315,5.75418819611571,5.741037613888964,5.684942600400369,,5.837276007909786,5.741037613888964,5.828778305032152,5.806081939195717,5.797251998884889,"rgba(239, 83, 80, 0.5)",0.0768869534030361,5.781781216676838,-1.9090523187649415,42.7530073800921,-0.9419770442028579,True,False,False,True,False,0.0,0.0,0.0,0.0,0.0,0,0.9509433962264146,0.9773584905660377,False,False,False,False,-0.29460056186130285,-0.2772903629505912,False,False,False,False,-25293.0,278356.60115809506,False,False,False,False,33185.06571408364,False,False,False,False
2025-09-08 19:00:00+00:00,5.635,5.65,5.615,5.62,78188.0,,,,,5.654608486398367,5.6573884134347665,5.699493733073974,5.737920325659974,5.74597467748958,5.774655017705419,5.776942778320727,5.826467314824834,5.8500854774683315,5.869719001545928,5.872293252613087,5.864938229308462,5.8555220139733395,5.846878076781685,5.846644962921044,5.844140046064533,5.839194336657662,5.839434972349135,5.856151483096051,,,,5.6492272806209005,5.72027773975864,5.754610524181659,5.777978833320475,5.774928573169949,5.835053253035434,5.852819146768682,5.8666187913583485,5.861827419015216,5.858722306059668,5.850497055080423,5.841440438514019,5.841093087003431,5.839067218745147,5.83969025392438,5.836470993878923,5.817563579823806,5.796734334122966,5.776331370781717,5.770298308493672,5.755162615131124,5.7538391316820885,5.740734788622453,5.684804768297718,,5.836470993878923,5.740734788622453,5.826467314824834,5.8030764526151,5.795657992141284,"rgba(239, 83, 80, 0.5)",0.07788233212773434,5.778100042502877,-2.029985982489302,40.693366750055105,-3.201707388932732,False,False,False,True,False,0.0,0.0,0.0,0.0,0.0,0,0.954602774274905,0.9697351828499366,False,False,False,False,-0.29460056186130285,-0.285945462405947,False,False,False,False,-103481.0,272436.6383494424,False,False,False,False,33882.7856254932,False,False,False,False
2025-09-09 14:00:00+00:00,5.625,5.64,5.62,5.62,24757.0,,,,,5.6526102841704,5.655410470791181,5.697919009563737,5.736468723944967,5.744582512830325,5.773488218732978,5.775777105914591,5.8257405812783505,5.849426140929491,5.869090100165097,5.8717188530580735,5.86442723638035,5.8550658667855355,5.8464620024365095,5.846230534685972,5.843741920891037,5.838838524754442,5.839079970767802,5.855837209646233,,,,5.648107670627666,5.718762863214425,5.753292819093061,5.777063597994129,5.774075828110337,5.8343466816517235,5.85216917400347,5.866096686153156,5.861334683237226,5.858247916878773,5.8500648305353415,5.841055320941071,5.840709393259625,5.838696060757046,5.839357337269382,5.836215359553312,5.817342036644017,5.796550638042001,5.776181653785205,5.7701660608784815,5.755049547596462,5.753727546796688,5.74063782595036,5.684759981818535,,5.836215359553312,5.74063782595036,5.8257405812783505,5.802206066722477,5.7951671464496455,"rgba(239, 83, 80, 0.5)",0.07861200192619401,5.777028727930376,-1.997515952816016,39.32027299669711,-4.809746218798857,False,False,False,True,False,0.0,0.0,0.0,0.0,0.0,0,0.9657360406091366,0.9631979695431471,False,False,False,False,-0.300552554910184,-0.29324900865806547,False,False,False,False,-103481.0,266608.4579099161,False,False,False,False,33741.30057703594,False,False,False,False
2025-09-09 15:00:00+00:00,5.625,5.635,5.62,5.63,37925.0,,,,,5.650213330764652,5.652979678308931,5.695687973510868,5.734349710552075,5.742541038249063,5.771755956089573,5.774045654080899,5.824646736144793,5.848431123557443,5.868139559331976,5.870850076641362,5.863654145432738,5.854375688432762,5.845832472719143,5.845603491927919,5.8431395168347295,5.838300028140959,5.83854268793534,5.855360932255837,,,,5.646710582121963,5.716575338548377,5.751351945819834,5.775698133982107,5.772802929933406,5.833282148309919,5.851188006573957,5.86530680685722,5.86058919034931,5.85753015759706,5.849410853445053,5.840472599863189,5.840128828442254,5.838134445974528,5.838853339313486,5.83582806679327,5.817006610087435,5.796272757352425,5.775955433956913,5.769966291176318,5.754878969511359,5.7535592274656535,5.7404917765328305,5.684693472009405,,5.83582806679327,5.7404917765328305,5.824646736144793,5.800971042153214,5.794445329667386,"rgba(239, 83, 80, 0.5)",0.07906018918210743,5.775510543740557,-1.8405033588445878,40.20343115595118,-4.809746218798857,False,False,False,True,False,0.0,0.0,0.0,0.0,0.0,0,0.9768637532133672,0.9588688946015423,False,False,False,False,-0.30652529631239805,-0.2998871524852318,False,False,False,False,-65556.0,261458.62135317322,False,False,False,False,33806.16413398112,False,False,False,False
2025-09-09 16:00:00+00:00,5.625,5.63,5.615,5.63,24506.0,,,,,5.64870122199925,5.651445607111134,5.694253232133575,5.7329824046686415,5.741222204569363,5.7706329334286774,5.772923203770806,5.823934458031351,5.847783257186533,5.8675208478253476,5.870284319671859,5.863150246207442,5.8539254025625524,5.845421413767918,5.84519404472099,5.842746037458117,5.837948029787732,5.838191484299726,5.855049732149804,,,,5.645762703510037,5.715165945687038,5.750096437107667,5.774809410119418,5.771973474101913,5.832589017632123,5.850549152695651,5.864792055566369,5.86010312986199,5.857062031097228,5.848983980193031,5.840091868041962,5.83974949237268,5.837767398988877,5.83852381302105,5.835574568408654,5.816786681884093,5.796090132658718,5.775806332910185,5.769834474015402,5.754766094159313,5.753447815954564,5.740394806888294,5.684648041827433,,5.835574568408654,5.740394806888294,5.823934458031351,5.800174214807938,5.793973702445986,"rgba(239, 83, 80, 0.5)",0.07981041725677056,5.774528606651209,-1.810899023196733,40.79220326212056,-4.809746218798857,False,False,False,True,False,0.0,0.0,0.0,0.0,0.0,0,0.9750656167978998,0.9737532808398949,False,False,False,False,-0.3185351824823738,-0.3092111674838028,False,False,False,False,-65556.0,256388.62722366664,False,False,False,False,33661.9755427566,False,False,False,False
2025-09-09 17:00:00+00:00,5.625,5.645,5.625,5.645,13189.0,,,,,5.648377041899692,5.6510697779709504,5.693648983671564,5.732349714603716,5.740604623916352,5.770090300913551,5.772379899723784,5.823578765838591,5.847456906749668,5.8672073975984445,5.869997401745911,5.862895064291112,5.853697864239687,5.845214160752488,5.844987616352526,5.842547787299083,5.837770898157072,5.838014737581289,5.854892280766738,,,,5.645592140077008,5.714534761536673,5.74950192685804,5.774377614040227,5.771571056597397,5.832241722169396,5.850227053613199,5.864531284455182,5.859857152676465,5.85682529807114,5.848768546840814,5.839900184125553,5.839558530208481,5.837582725539224,5.838357931930245,5.835447011797849,5.816676740488735,5.7959996532859925,5.775733293377334,5.76977015173951,5.754711659961016,5.753394150636915,5.740348708068163,5.684629079215338,,5.835447011797849,5.740348708068163,5.823578765838591,5.799830590740643,5.793755765721246,"rgba(239, 83, 80, 0.5)",0.07972503421810627,5.774111671913523,-1.6194621072260462,43.87432016712302,-4.809746218798857,True,False,False,True,True,0.0,0.0,0.0,0.0,0.0,0,0.9762845849802367,0.9617918313570488,False,False,False,False,-0.28866878968419635,-0.29893997858399957,False,False,False,False,-52367.0,251601.7182744625,False,False,False,False,33344.565069225486,False,False,False,False
2025-09-09 18:00:00+00:00,5.645,5.645,5.63,5.635,69955.0,,,,,5.646711203612574,5.649169079710623,5.690560164790816,5.729073403129353,5.737397651301001,5.76724950343532,5.769535051421897,5.821697952103057,5.845729132675058,5.865547072468448,5.868476503311868,5.861541221849816,5.8524896986730175,5.844112980611555,5.843890788257641,5.841494126717005,5.836828808058601,5.837074686434479,5.8540545644781234,,,,5.64462326405861,5.711283483603932,5.7464057267518625,5.772104768533269,5.769450297341559,5.830404562743628,5.848521532621527,5.863148005589712,5.858551801005665,5.855568661501035,5.847624214679745,5.838881186929219,5.838543343186488,5.836600754100246,5.837475374659963,5.834767497736204,5.816090435740737,5.795516422118303,5.7753424990490325,5.769425720192208,5.7544196649022625,5.7531062310549315,5.740100909263543,5.684525148232523,,5.834767497736204,5.740100909263543,5.821697952103057,5.798033347002119,5.792603396066508,"rgba(239, 83, 80, 0.5)",0.07971644567909976,5.7719314790526965,-1.7177318668210237,44.35392546395137,-4.809746218798857,True,False,False,True,True,0.0,0.0,0.0,0.0,0.0,0,0.9761904761904757,0.9616402116402117,False,False,False,False,-0.2827567201681526,-0.29084834937607607,False,False,False,False,-122322.0,245804.4513244708,False,False,False,False,33912.16871156308,False,False,False,False
2025-09-09 19:00:00+00:00,5.635,5.635,5.61,5.615,107274.0,,,,,5.641927838189453,5.644259781072171,5.685145029197093,5.723631894370102,5.7320939511156315,5.762593814989647,5.764877958037679,5.818632918012645,5.842927088278977,5.862864904630027,5.866017439091914,5.859344775142705,5.850521848207635,5.842312892523381,5.842097602815578,5.839769372987698,5.835282289104799,5.8355315985043905,5.852684834289342,,,,5.641109375076216,5.705790486244804,5.741301543846758,5.768350155612994,5.765932324338134,5.827416753073912,5.845756801336271,5.860905388765848,5.8564313287800065,5.853524654264548,5.84575644442044,5.837211114092898,5.836879259505589,5.834989451634797,5.836025811425447,5.833647547736035,5.8151159062402265,5.794703914222138,5.774675962646383,5.76883511858092,5.753911713444266,5.752604659870174,5.739662349376184,5.684311446518404,,5.833647547736035,5.739662349376184,5.818632918012645,5.794869359503203,5.790618729627224,"rgba(239, 83, 80, 0.5)",0.07996761731986889,5.768044011021148,-1.9138248224775154,42.02670899538522,-4.809746218798857,True,False,False,True,False,0.0,0.0,0.0,0.0,0.0,0,0.9800266311584551,0.9600532623169107,False,False,False,False,-0.3185351824823738,-0.3046917659292249,False,False,False,False,-229596.0,238433.90169153328,False,False,False,False,35049.56144471713,False,False,False,False
2025-09-10 14:00:00+00:00,5.635,5.64,5.6,5.605,10433.0,,,,,5.641466884123007,5.643788552851752,5.68462535410832,5.723107364191122,5.731581721418385,5.76214135565062,5.764425361746666,5.818332410618414,5.842652251985694,5.862601865817281,5.865776067938864,5.859128869852003,5.850328127097008,5.842135462779676,5.8419208452123055,5.839599279389217,5.835129591781073,5.8353792399282245,5.852549631078478,,,,5.640751964409269,5.70526223805798,5.740807482720535,5.767982890280965,5.765587578049062,5.827123797408758,5.845485604675638,5.860685005939077,5.856222791857159,5.85332353828185,5.845572440479659,5.837046341365065,5.8367150691953755,5.834830406787503,5.835882624499893,5.8335367147026576,5.815019228818458,5.7946230443757,5.774609357671607,5.768776006998978,5.753860680171135,5.75255424914614,5.739618092735656,5.684289128335866,,5.8335367147026576,5.739618092735656,5.818332410618414,5.794561591450953,5.7904235948734994,"rgba(239, 83, 80, 0.5)",0.0803927857459685,5.767665731092171,-2.0233871681742004,39.35743006830949,-5.896081946311547,False,False,False,True,False,0.0,0.0,0.0,0.0,0.0,0,0.9761589403973505,0.952317880794702,False,False,False,False,-0.32457343164839086,-0.3146325987888079,False,False,False,False,-240029.0,231015.87220794358,False,False,False,False,34667.90932929516,False,False,False,False
2025-09-10 15:00:00+00:00,5.605,5.615,5.585,5.605,34646.0,,,,,5.639326095517843,5.641650172367139,5.68263337232947,5.721190846669833,5.729721476688513,5.760524158405147,5.762809411910801,5.817275792120041,5.841691132139874,5.861685532347877,5.864935399684711,5.8583756094811985,5.849650776533347,5.841513762996847,5.841301462147545,5.839002850482873,5.834593406255648,5.834844273149021,5.852076609452984,,,,5.639052462876134,5.703298554253123,5.739023193631643,5.766670588031669,5.764353581749016,5.826095931374777,5.844537733098512,5.859916418098949,5.855494722332358,5.852620867857091,5.844928284903149,5.836468159717135,5.836138878700202,5.83427196072268,5.8353798335585125,5.833147057499157,5.814677494162889,5.794335116589113,5.774370129641204,5.768563042167832,5.753675230313461,5.752370908328605,5.73945564953995,5.684200874874935,,5.833147057499157,5.73945564953995,5.817275792120041,5.793410638983195,5.789710278084255,"rgba(239, 83, 80, 0.5)",0.0807941996847541,5.766238373138814,-1.9956676811941851,37.57791078359234,-7.684431490350512,False,False,False,True,False,0.0,0.0,0.0,0.0,0.0,0,0.9708994708994706,0.9616402116402115,False,False,False,False,-0.34282825441539394,-0.32873042660210094,False,False,False,False,-240029.0,223712.85093340182,False,False,False,False,34667.5696497712,False,False,False,False
2025-09-10 16:00:00+00:00,5.605,5.61,5.595,5.595,9472.0,,,,,5.638756170416985,5.641080012910746,5.682094450373534,5.720670207082103,5.7292156354198145,5.760083105649601,5.7623686799720995,5.8169864915806055,5.841427885704838,5.861434533097994,5.864705047890889,5.858169107368194,5.849464994711136,5.841343176127613,5.841131508328533,5.838839169264018,5.834446199091024,5.834697400271433,5.851946739956994,,,,5.638593674032328,5.702765994447127,5.738537495320346,5.766311822287878,5.764016019126188,5.82581447382497,5.844278102907836,5.859705733339661,5.855295094835964,5.852428173368151,5.84475156610168,5.836309464057866,5.835980726984018,5.834118659775038,5.835241771611799,5.833039990138002,5.814583526997073,5.79425586879584,5.774304211292312,5.7685043328780745,5.753624053087468,5.7523203081486685,5.7394107687760005,5.6841762931700375,,5.833039990138002,5.7394107687760005,5.8169864915806055,5.793097921853588,5.789515338554346,"rgba(239, 83, 80, 0.5)",0.08129065857260853,5.765850732137688,-2.1017265100034184,35.23512018512836,-9.988100703976343,False,False,False,True,False,0.0,0.0,0.0,0.0,0.0,0,0.9714285714285711,0.9891156462585033,False,False,False,False,-0.33696133455460786,-0.3328458805783544,False,False,False,False,-249501.0,216376.20208172116,False,False,False,False,34276.94066295304,False,False,False,False
2025-09-10 17:00:00+00:00,5.595,5.61,5.595,5.605,24152.0,,,,,5.637493841059245,5.639806893623914,5.680806109078531,5.719398808183244,5.727976320625943,5.7589925785333405,5.761278463680761,5.81626357753243,5.840768471673069,5.860804833689612,5.86412687217635,5.857650831915427,5.848998844486282,5.840915289633295,5.84070521194136,5.838428633376706,5.83407700532701,5.8343290364736475,5.851620572658448,,,,5.63756815459561,5.701475837080963,5.73734370199819,5.765422177707738,5.763178900151215,5.825110513111887,5.8436275777606355,5.859176940716963,5.854794115170036,5.851944633434505,5.844308236183674,5.835911473580962,5.835584106635623,5.833734227273569,5.834895446760328,5.832771329580233,5.81434801464286,5.794057554896398,5.774139565985863,5.768357776692533,5.753496542038215,5.752194258358019,5.739299194156308,5.684116158373756,,5.832771329580233,5.739299194156308,5.81626357753243,5.792339062929927,5.789035684870253,"rgba(239, 83, 80, 0.5)",0.08224239059516733,5.764913570244753,-1.9444178250109014,36.05592292992915,-9.988100703976343,False,False,False,True,False,0.0,0.0,0.0,0.0,0.0,0,0.971272229822161,0.9767441860465116,False,False,False,False,-0.33696133455460786,-0.33490360756648113,False,False,False,False,-225349.0,209527.7493362681,False,False,False,False,34119.96483872121,False,False,False,False
2025-09-10 18:00:00+00:00,5.605,5.605,5.6,5.605,3968.0,,,,,5.637295004173335,5.639605897738583,5.680598464226453,5.719192556977794,5.727775040228945,5.75881486237499,5.761100776965223,5.816145275581635,5.840660483868006,5.860701672356633,5.86403212662151,5.857565884540197,5.848922428177303,5.8408451380585555,5.840635320648605,5.838361322135119,5.834016462230292,5.834268629106087,5.851567067551552,,,,5.637405347338077,5.701267068803798,5.737149583686978,5.76527694359672,5.763042201037761,5.824995283278687,5.8435210369688475,5.859090272450935,5.854711998289728,5.851865370789827,5.844235555945064,5.835846216621102,5.835519074066912,5.833671190236718,5.834838646983086,5.832727250675737,5.814309371870656,5.794025012744494,5.7741125462696035,5.768333723435594,5.753475613580455,5.752173569679972,5.739280880745407,5.684106287214304,,5.832727250675737,5.739280880745407,5.816145275581635,5.79221602176636,5.788957501929603,"rgba(239, 83, 80, 0.5)",0.08285926416312743,5.764761789140755,-1.9281101606964233,36.60312475979635,-9.988100703976343,False,False,False,True,False,0.0,0.0,0.0,0.0,0.0,0,0.9709543568464724,0.9820193637621025,False,False,False,False,-0.33696133455460786,-0.33593247106054447,False,False,False,False,-225349.0,202785.47415276009,False,False,False,False,33652.49251564026,False,False,False,False
2025-09-10 19:00:00+00:00,5.605,5.605,5.585,5.585,68065.0,,,,,5.633152832275682,5.635465659622431,5.676689516220171,5.715420280476714,5.724106408300271,5.755604287448338,5.757893024889342,5.81402612244256,5.838732979186757,5.858865243504245,5.862345308762828,5.856051062117929,5.847557065450325,5.839589418843172,5.8393841898328676,5.837155653803182,5.832930588317955,5.83318522940881,5.850609878873625,,,,5.633955619652746,5.697408670178212,5.733622359201963,5.762648982777951,5.7605645423772875,5.822934108787199,5.841620029944493,5.857545298510519,5.853246723775565,5.850450110349304,5.842935579519429,5.8346766251290125,5.8343534138198985,5.832540733720776,5.833819770932294,5.831935451603297,5.813612177049855,5.79343447931417,5.773618819750589,5.767893118966785,5.753089698835484,5.7517918330744475,5.738940615587862,5.6839129345679655,,5.831935451603297,5.738940615587862,5.81402612244256,5.78993498683038,5.787522987392795,"rgba(239, 83, 80, 0.5)",0.08344561804653661,5.761932616833882,-2.1203344282884746,34.370847193089844,-11.199568825124452,False,False,False,True,False,0.0,0.0,0.0,0.0,0.0,0,0.9572413793103445,0.9820689655172415,False,False,False,False,-0.34282825441539394,-0.33938036273796923,False,False,False,False,-293414.0,195092.4590496165,False,False,False,False,34186.01976345979,False,False,False,False
2025-09-11 14:00:00+00:00,5.615,5.625,5.59,5.595,5493.0,,,,,5.6329359573060485,5.635243254016256,5.676430225195428,5.7151533424611465,5.723844269379544,5.755368613679932,5.757657238407347,5.813865726987576,5.8385860096919515,5.858724555512028,5.86221591756181,5.855934926215215,5.8474525042477845,5.839493373969917,5.839288498349196,5.837063467039093,5.832847597093345,5.833102421512599,5.850536405460093,,,,5.633770356476517,5.6971421535129,5.733367930696014,5.762454600156866,5.760381306404363,5.822777665522086,5.841474967393743,5.857426830602604,5.853134426690731,5.850341685550036,5.8428360958262155,5.834587232908252,5.834264327111459,5.832454360110144,5.833741861126525,5.831874870151335,5.813559049807544,5.793389719158988,5.7735816387611285,5.767860004681557,5.7530608800085,5.751763344051094,5.738915393717945,5.683899334861748,,5.831874870151335,5.738915393717945,5.813865726987576,5.7897760160045415,5.787419168137013,"rgba(239, 83, 80, 0.5)",0.0833860013744667,5.761737792358969,-1.9995897346149176,35.31604215131676,-11.199568825124452,False,False,False,True,False,0.0,0.0,0.0,0.0,0.0,0,0.9615912208504797,0.9739368998628258,False,False,False,False,-0.31416209214283675,-0.326771227440403,False,False,False,False,-287921.0,187603.87828915732,False,False,False,False,33741.16674387127,False,False,False,False
2025-09-11 15:00:00+00:00,5.595,5.6,5.585,5.585,23508.0,,,,,5.6316398981306115,5.633941629258676,5.675142266166986,5.713890643052484,5.72261243670032,5.754280470117108,5.7565697493999615,5.813138745326654,5.837923571597902,5.858092866631943,5.8616351838941725,5.8554129400818455,5.846981645228298,5.839060061330217,5.838856757413237,5.836647302513391,5.8324725083164015,5.832728181735116,5.850205525937264,,,,5.632665677170005,5.695858696831943,5.732179697721505,5.761558785750545,5.759535756245662,5.822070129866766,5.840821496346365,5.8568945379150055,5.852629383693681,5.849853751114471,5.842387624012828,5.83418343404152,5.833861875958819,5.832063979094081,5.833389769943788,5.831600861680219,5.813317586746288,5.793184978296454,5.773410253684345,5.767706965650743,5.752926699525391,5.7516306039413045,5.738796954809675,5.683831561435868,,5.831600861680219,5.738796954809675,5.813138745326654,5.789012230675399,5.786931710894886,"rgba(239, 83, 80, 0.5)",0.08375597329779191,5.760793258910324,-2.098874289064687,34.64545332938849,-11.245704825751318,False,False,False,True,False,0.0,0.0,0.0,0.0,0.0,0,0.9627071823204415,0.9834254143646413,False,False,False,False,-0.34282825441539394,-0.33479974092789844,False,False,False,False,-311429.0,179866.93443971302,False,False,False,False,33582.51299590427,False,False,False,False
2025-09-11 16:00:00+00:00,5.585,5.595,5.58,5.585,20910.0,,,,,5.630463947262569,5.632762048353312,5.673984876561361,5.712759064316044,5.721508573700088,5.75330515092781,5.755595110592671,5.8124864621073264,5.837329420678421,5.8575265244944275,5.86111439528132,5.854944550948377,5.846558854602564,5.838670757852267,5.838468858249207,5.8362733202249935,5.832135271823075,5.832391710120083,5.849908157981714,,,,5.631655723675922,5.694707506467616,5.731114819544737,5.760754426895062,5.758776024513016,5.821435404816765,5.840235404540226,5.8564169582832255,5.852176101154364,5.849415727746255,5.841984799317465,5.833820492232272,5.833500136796237,5.831713029049194,5.833073166571067,5.831354301117018,5.813100047685414,5.793000228589531,5.773255312338392,5.767568511731345,5.752805095481023,5.751510285403112,5.738689406965579,5.683769221560297,,5.831354301117018,5.738689406965579,5.8124864621073264,5.788325634530402,5.786493005519797,"rgba(239, 83, 80, 0.5)",0.08438703200829242,5.759943819698014,-2.073112604325545,34.19839411476964,-11.933439696396249,False,False,False,True,False,0.0,0.0,0.0,0.0,0.0,0,0.9579242636746139,1.0000000000000002,False,False,False,False,-0.34282825441539394,-0.3388139976716462,False,False,False,False,-311429.0,172249.94320808953,False,False,False,False,33386.03992620033,False,False,False,False
2025-09-11 17:00:00+00:00,5.585,5.59,5.575,5.58,12397.0,,,,,5.629719022627437,5.632017207907124,5.673274398353327,5.712071407485266,5.720838590862405,5.752715060517619,5.755005587126779,5.812092987967536,5.836971488821082,5.857185691782164,5.8608009553924445,5.8546624640666955,5.8463040308412175,5.838435948206679,5.838234890357555,5.8360476927674965,5.831931705881483,5.832188608645306,5.849728830193472,,,,5.6310133708971986,5.694005327180227,5.7304692084904625,5.76026743078911,5.758315750051731,5.821052726182773,5.839882373812571,5.856129376368179,5.851903043341817,5.849151794004218,5.841741908361124,5.833601472564857,5.833281836227024,5.831501197553423,5.832882042888705,5.831205373691671,5.812968427871953,5.792888200751918,5.77316111462015,5.767484259891166,5.752730916308864,5.751436873314708,5.738623621620965,5.683730398429217,,5.831205373691671,5.738623621620965,5.812092987967536,5.7879066615685835,5.786226168550584,"rgba(239, 83, 80, 0.5)",0.08549126713737594,5.759424521334106,-2.0987467766244285,33.20942608005202,-13.13226999505217,False,False,False,True,False,0.0,0.0,0.0,0.0,0.0,0,0.9575070821529741,0.9985835694050992,False,False,False,False,-0.34282825441539394,-0.3408211260435201,False,False,False,False,-323826.0,164558.84331339048,False,False,False,False,33060.62845447629,False,False,False,False
2025-09-11 18:00:00+00:00,5.585,5.595,5.57,5.575,48701.0,,,,,5.626906041747263,5.629199698817961,5.6705371666353335,5.709404758943404,5.718236806435379,5.750413464645719,5.752705951299115,5.810549057379771,5.8355659039266685,5.855846810693625,5.859569087580607,5.85355318337412,5.845301421777324,5.837511688287654,5.837313927517533,5.835159402191916,5.831129895794907,5.831388622882034,5.849022299237215,,,,5.628561959811525,5.691289585596584,5.727958242401626,5.758362043339272,5.756513666249429,5.819550758853614,5.838495900768509,5.854998604029063,5.850829081712304,5.848113531978225,5.840786008300502,5.832739067674741,5.83242224826173,5.830666962627015,5.832129065051527,5.830618139376542,5.812449096675771,5.792445788765848,5.772788745575355,5.76715105662014,5.752437295438243,5.751146265659999,5.738362981331874,5.683575683211389,,5.830618139376542,5.738362981331874,5.810549057379771,5.786279746798292,5.785182990804618,"rgba(239, 83, 80, 1.0)",0.08663124709347324,5.75741093462643,-2.105602086388207,31.868893922480233,-14.619392942783122,False,True,False,True,False,0.0,0.0,0.0,0.0,0.0,0,0.9490806223479487,0.9957567185289958,False,False,False,False,-0.34282825441539394,-0.34182469022945705,False,False,False,False,-372527.0,156231.93101395806,False,False,False,False,33303.114835027045,False,False,False,False
2025-09-11 19:00:00+00:00,5.575,5.595,5.575,5.59,50426.0,,,,,5.624679208246041,5.626940975549822,5.668063875389628,5.706891326753969,5.715767386537417,5.74818484016771,5.75047717970819,5.809017542443561,5.834164189196931,5.854507244395885,5.858335070140646,5.852441776473473,5.8442971119528195,5.836586227363999,5.8363917680570045,5.834269981389859,5.830326942913801,5.830587457357865,5.848312664994742,,,,5.62657620567656,5.688771184519113,5.725558380840903,5.756503322781587,5.7547547753190145,5.818057923115622,5.837112446004957,5.853865645537242,5.849753137256656,5.847073423633126,5.839828694255667,5.83187566679567,5.831561684861511,5.829831809193593,5.831374617725543,5.830029088698976,5.811929157113387,5.792003954133349,5.772417977446151,5.7668195423077,5.752146037783931,5.750858081637927,5.738105333136628,5.683426253268008,,5.830029088698976,5.738105333136628,5.809017542443561,5.784749619422809,5.784176430960119,"rgba(239, 83, 80, 0.5)",0.08739539435778308,5.7555335249399135,-1.8940760683823374,35.245084359709125,-14.619392942783122,False,False,False,True,True,0.0,0.0,0.0,0.0,0.0,0,0.9558404558404555,0.9971509971509972,False,False,False,False,-0.33726955982259516,-0.33954712502602613,False,False,False,False,-322101.0,148815.91657963314,False,False,False,False,33568.58592285608,False,False,False,False
2025-09-12 14:00:00+00:00,5.58,5.6,5.575,5.575,10426.0,,,,,5.624211482853842,5.626467366545274,5.667550388592706,5.706370387684174,5.715255447308084,5.7477222463706665,5.750014580747325,5.808698791224979,5.833872463398213,5.854228513141063,5.858078204092875,5.85221026996341,5.844087760625554,5.836393191030385,5.8361994159955906,5.834084414879127,5.830159321074658,5.8304202088716375,5.848164557662126,,,,5.626156540787421,5.688249026778379,5.725060658982183,5.756116581673622,5.754388522913355,5.817747239198635,5.8368245173559625,5.853629681937644,5.8495289644392265,5.84685666449546,5.839629066333729,5.83169549027188,5.831382095855329,5.8296574896328766,5.831217090645925,5.829905988904099,5.811820367487582,5.791911358566068,5.772340129864928,5.766749885372338,5.7520847349781015,5.750797416004605,5.738051001199912,5.683394352468425,,5.829905988904099,5.738051001199912,5.808698791224979,5.784431000634827,5.783966452756154,"rgba(239, 83, 80, 0.5)",0.08842072848163328,5.755142645577491,-2.037335008101751,35.12868180161683,-14.619392942783122,False,False,False,True,True,0.0,0.0,0.0,0.0,0.0,1,0.9558404558404554,0.9900284900284902,False,False,False,False,-0.33173087983996974,-0.33563900243299793,False,False,False,False,-332527.0,141353.2357024295,False,False,False,False,33209.78614110637,False,False,False,False
2025-09-12 15:00:00+00:00,5.575,5.575,5.555,5.565,37166.0,,,,,5.621916268339311,5.6241763225966475,5.665381823419791,5.70427712382575,5.713213082210368,5.745912558393785,5.74820705473603,5.807477972799827,5.832762339445562,5.853172623359086,5.857105592948827,5.851332189810524,5.8432919235071985,5.835657774729157,5.835466561579142,5.833376943599948,5.8295193939700525,5.829781747249147,5.847601481558925,,,,5.624111562762789,5.6861109819760065,5.723088513071411,5.754607091173397,5.752956988077349,5.816560294786713,5.83572957110198,5.852735045194233,5.848678080497821,5.846033309426352,5.838869242113307,5.831008072508392,5.830696855580368,5.828991985542787,5.830615760201133,5.829435614479426,5.8114023522218385,5.791552992570541,5.772036276945035,5.76647722940472,5.751842866179247,5.7505578797442185,5.737834718451112,5.683259994271976,,5.829435614479426,5.737834718451112,5.807477972799827,5.783138462004161,5.783133053261757,"rgba(239, 83, 80, 0.75)",0.08947887163160911,5.739225140510944,-1.947109270982322,33.741924296393535,-14.619392942783122,False,True,False,True,True,0.0,0.0,0.0,0.0,0.0,1,0.9438848920863303,1.0115107913669066,False,False,False,False,-0.34282825441539394,-0.3392336284241959,False,False,False,False,-369693.0,133430.03824967865,False,False,False,False,33271.12279008146,False,False,False,False
2025-09-12 16:00:00+00:00,5.565,5.585,5.555,5.585,27747.0,,,,,5.620596732242122,5.622844963373269,5.663977122914485,5.702863665887118,5.711824608756257,5.744658097636958,5.746952879376662,5.806611752207277,5.8319702427645215,5.852416522003959,5.856408383982681,5.850702907167751,5.842721972365967,5.835131518206194,5.834942145655365,5.832870778017397,5.829061639162207,5.829325016655002,5.847197387591677,,,,5.622915397892541,5.684690381158901,5.721738713266869,5.753554226964197,5.751958392495805,5.815716338911497,5.834947834239173,5.852093831469341,5.8480684235341105,5.845443508258489,5.838325329062009,5.830516379497295,5.8302067380941445,5.828516056483859,5.830185428497514,5.8290987736686635,5.811103824695929,5.791297961440234,5.77182093850737,5.7662842321664325,5.751672344234077,5.750389067351433,5.7376829225859725,5.683168350364754,,5.8290987736686635,5.7376829225859725,5.806611752207277,5.782267280840362,5.782558141451692,"rgba(239, 83, 80, 0.5)",0.08982465401250377,5.7245460373273085,-1.5535382669871842,37.46701998724338,-16.23814025487674,False,False,False,True,True,0.0,0.0,0.0,0.0,0.0,1,0.9344978165938858,1.0218340611353713,False,False,False,False,-0.3322838597942218,-0.33575874410920886,False,False,False,False,-341946.0,126059.86711402472,False,False,False,False,33185.47747550656,False,False,False,False
2025-09-12 17:00:00+00:00,5.585,5.59,5.575,5.575,33013.0,,,,,5.619282225389163,5.621507938983636,5.662452455249034,5.701285907462717,5.710267590279631,5.743232624537884,5.745526844716101,5.80561157482628,5.83105234993456,5.851538377864711,5.8555979898828,5.849971429555975,5.842059604785315,5.834520128811969,5.834332895866321,5.832282753580028,5.8285298254798565,5.828794375038631,5.846726962982512,,,,5.621706796526753,5.683121702079245,5.7202180922102706,5.752352143755657,5.750817940440056,5.814740560322053,5.834041592448397,5.851348467394112,5.847359808108304,5.844758018390886,5.83769333520874,5.8299452242432395,5.829637422005784,5.827963243194075,5.829685304543867,5.828707028346916,5.810757122445564,5.791002306482183,5.771571837211414,5.7660611018887,5.751475617190517,5.7501943529372435,5.737508225713049,5.683064546421584,,5.828707028346916,5.737508225713049,5.80561157482628,5.781293360801428,5.781905491229526,"rgba(239, 83, 80, 0.5)",0.08972540692939888,5.723748083688702,-1.6578145341346313,38.4223231191147,-15.36005983055665,False,False,False,True,True,0.0,0.0,0.0,0.0,0.0,1,0.9235294117647054,1.0308823529411766,False,False,False,False,-0.306226156593602,-0.32099245035140545,False,False,False,False,-374959.0,118292.13274016387,False,False,False,False,33182.80340611886,False,False,False,False
2025-09-12 18:00:00+00:00,5.575,5.59,5.57,5.585,14380.0,,,,,5.61875907006944,5.620973641573142,5.661818582617361,5.70062052787081,5.7096093467282785,5.742625657555396,5.744919450492097,5.805181864735068,5.830657256737715,5.851159975149885,5.855248603180172,5.849656002077436,5.841773958163038,5.834256469268953,5.834070157798007,5.832029159044695,5.828300433043605,5.828565484229363,5.846523847293228,,,,5.621221570415367,5.682463817849846,5.719573637167289,5.751838737079113,5.750330692499434,5.814321046066169,5.833651434066965,5.851027058869905,5.847054231992477,5.844462407012306,5.837420787586562,5.829698904017107,5.829391895384298,5.827724827034294,5.829469532158648,5.828537915485693,5.810607517237061,5.790874797049988,5.771464476577684,5.765964945624126,5.751390898063384,5.750110506347508,5.737433055096028,5.683020126290415,,5.828537915485693,5.737433055096028,5.805181864735068,5.780881551980404,5.7816272840404865,"rgba(239, 83, 80, 0.5)",0.08954177644947262,5.7233730783235925,-1.545346583576828,41.10761862344862,-12.841421091502049,False,False,False,True,True,0.0,0.0,0.0,0.0,0.0,1,0.9221732745961816,1.0205580029368577,False,False,False,False,-0.3114045110287829,-0.31619848069009415,False,False,False,False,-360579.0,110867.77409302954,False,False,False,False,32891.287074241045,False,False,False,False
2025-09-12 19:00:00+00:00,5.585,5.6,5.575,5.595,48035.0,,,,,5.617482293199357,5.619645607746141,5.659984298708433,5.698602591207018,5.7075986627484925,5.7407340738970944,5.74302467564069,5.803811411721015,5.829390382103557,5.849942463793837,5.854123298053875,5.8486403002197385,5.840854734697216,5.833408637891118,5.833225300303599,5.831213831597968,5.827563037361389,5.827829663796307,5.845868886685631,,,,5.620006872387421,5.680503439655302,5.717591191785426,5.750228816412988,5.748802664076797,5.812980386028554,5.832399660854542,5.849992000964409,5.846070453232767,5.843510904087618,5.83654408821656,5.828907152467654,5.828602722007313,5.826958615428937,5.828775626472018,5.82799369725282,5.810127327815907,5.790466909226029,5.771122434580881,5.7656589614301845,5.751122378663179,5.749844855187589,5.737195885283828,5.682884203671497,,5.82799369725282,5.737195885283828,5.803811411721015,5.77962863954592,5.780762135299593,"rgba(239, 83, 80, 0.5)",0.08895033536845035,5.722431194985378,-1.4326106186956205,44.750308177191854,-9.51169923431388,True,False,False,True,True,0.0,0.0,0.0,0.0,0.0,1,0.9213649851632042,1.0326409495548963,False,False,False,False,-0.29591673972045884,-0.3060576102052765,False,False,False,False,-312544.0,104303.25046368023,False,False,False,False,33126.073321152035,False,False,False,False
2025-09-15 14:00:00+00:00,5.575,5.61,5.57,5.605,18668.0,,,,,5.617100971491842,5.619241665459451,5.659345610862351,5.69787327749624,5.7068678201183705,5.740035500055547,5.742324404296553,5.803295851855179,5.82891183260288,5.8494813984898375,5.853696769417508,5.848255295181737,5.840506386885317,5.833087464219019,5.83290525400458,5.8309049859487105,5.827283696489371,5.827550909048972,5.845620205165258,,,,5.619634398744455,5.679804679941619,5.7168665736829745,5.749631012722208,5.748235102450584,5.812475261449639,5.831926607077956,5.849599648022951,5.845697578616068,5.843150291167314,5.836211923668108,5.828607271276409,5.828303822750943,5.826668426371751,5.828512659861387,5.827787294759799,5.809945499868846,5.790312779662607,5.770993513341748,5.765543709412988,5.75102149494919,5.749745073989173,5.737107042912046,5.6828343245182875,,5.827787294759799,5.737107042912046,5.803295851855179,5.7791731210046695,5.780442332967461,#000000,0.08760707733966279,5.722089624017128,-1.3365315631196977,48.85107193443136,-5.850830882133337,True,False,False,False,True,0.0,0.0,0.0,0.0,0.0,1,0.9139465875370917,1.029673590504451,False,False,False,False,-0.28418527985918435,-0.2951214450322304,False,False,False,False,-293876.0,98129.92875106503,False,False,False,False,32901.917145630294,False,False,False,False
2025-09-15 15:00:00+00:00,5.605,5.62,5.605,5.615,22908.0,,,,,5.617024153458556,5.619125176185185,5.658797287434463,5.697149242426227,5.706128714706431,5.739294569491745,5.74157989973087,5.802722041559296,5.828373072796925,5.848958483261481,5.853212236632107,5.847818525024243,5.840112087356956,5.8327247813625585,5.832543864344419,5.830556462813747,5.826968808173451,5.827236647781605,5.845337988411171,,,,5.619521295976344,5.6791446942410975,5.716121017500487,5.74898992636651,5.747626975848013,5.811910584628489,5.831393399954918,5.849154379188008,5.845274875804412,5.842741788744529,5.835836447530072,5.8282691255911665,5.827966819726971,5.826341420163665,5.828216045456591,5.827554420029004,5.8097417888057175,5.7901416974373126,5.770852021545646,5.765417673788396,5.750912401757134,5.749637291109141,5.737012218958093,5.68278595338461,,5.827554420029004,5.737012218958093,5.802722041559296,5.7787191601553385,5.780106844314013,"rgba(38, 166, 154, 1.0)",0.0857833537685574,5.721992221199342,-1.247237564154992,53.092119339659114,-2.1273451640035006,True,False,True,False,True,0.0,0.0,0.0,0.0,0.0,0,0.9409984871406954,1.0211800302571863,False,False,False,False,-0.22565003869916753,-0.26038574186569896,False,False,False,False,-270968.0,92407.48024329658,False,False,False,False,32746.972693760057,False,False,False,False
2025-09-15 16:00:00+00:00,5.615,5.625,5.605,5.605,9649.0,,,,5.611666666666667,5.616978535434874,5.619063746754278,5.658561898042855,5.6968419820709855,5.705815354375195,5.738980976880378,5.74126483360872,5.8024792673208845,5.828145196210698,5.848737367391853,5.85300731850494,5.847633736128911,5.8399451976150765,5.832571217235894,5.83239084583601,5.830408872783705,5.8268354198378605,5.8271035254555095,5.845218469539871,,,,5.6194623561421695,5.678863669160129,5.715805148545547,5.748718402665147,5.7473693082608435,5.811671708182775,5.831167876768553,5.848966009005465,5.845096014488005,5.842568912287362,5.83567749109057,5.828125912187266,5.827824088093652,5.826202907495694,5.8280903870105565,5.827455721009886,5.809655383621664,5.790069057098754,5.770791870477148,5.765364068119951,5.750865946681776,5.749591388720808,5.736971784316882,5.682765110851642,,5.827455721009886,5.736971784316882,5.8024792673208845,5.770182521384759,5.779964188428427,"rgba(38, 166, 154, 1.0)",0.08453705408583402,5.709844829150342,-1.2402233586692986,53.74591752981667,-1.6613876924578648,True,False,True,False,True,0.0,0.0,0.0,0.0,0.0,0,0.946483180428134,1.0061162079510706,False,False,False,False,-0.2196735943549313,-0.24002966811031512,False,False,False,False,-280617.0,86624.1549682067,False,False,False,False,32388.86458998083,False,False,False,False
2025-09-15 17:00:00+00:00,5.605,5.605,5.595,5.595,9927.0,,,,5.604905326249829,5.616816619252905,5.618889564601356,5.658254007652687,5.696479041134617,5.705449777662045,5.7386263334601635,5.740909096037392,5.802212733452277,5.827896844858052,5.848497540411336,5.852785231722534,5.847433199499363,5.839763740138218,5.832403928812617,5.832224143396969,5.830247995240322,5.826689867675199,5.826958273517958,5.845088622141246,,,,5.619300489091836,5.678520094528103,5.715440813656656,5.748413106379107,5.7470792878752235,5.811410199561647,5.830922274102813,5.848761651700356,5.844901791086001,5.842381070088862,5.835504470173392,5.827969706558505,5.827668394916691,5.8260517455810295,5.827953305109958,5.827348004109079,5.809560586416404,5.789988804827595,5.770724852417686,5.765304176080593,5.750813610666277,5.749539633489345,5.736925788327094,5.682739661669546,,5.827348004109079,5.736925788327094,5.802212733452277,5.769626594345854,5.779800979933909,"rgba(38, 166, 154, 1.0)",0.08351711266624255,5.709317989079008,-1.3687971893359636,52.22821610179064,-1.6613876924578648,True,False,True,False,True,0.0,0.0,0.0,0.0,0.0,0,0.9354838709677413,1.012288786482335,False,False,False,False,-0.25429034979795556,-0.24716000895413534,False,False,False,False,-290544.0,80776.58667412597,False,False,False,False,32040.618627345466,False,False,False,False
2025-09-15 18:00:00+00:00,5.595,5.6,5.585,5.59,42237.0,,,,5.595859312226661,5.6159204745655,5.617949948762202,5.656836532390921,5.6948613560417884,5.703826638953829,5.7370664283425565,5.739345248757194,5.801049604145433,5.826815629525083,5.847455192216243,5.85181997569136,5.846560819608362,5.838973484247166,5.831674623405721,5.831497369716556,5.829546380819203,5.826054626218843,5.826324356617836,5.8445227910227695,,,,5.618428190985822,5.67697159616714,5.71382876330964,5.747070791560656,5.745803090832104,5.81027008362538,5.829853273273008,5.84787282501964,5.844056572380678,5.841563321662083,5.834750505164011,5.8272882302602,5.826989124339253,5.825392060010769,5.8273549976930115,5.826877515931551,5.809145495961682,5.789636249076545,5.770429283408597,5.765039673914004,5.750581616138921,5.749310131340896,5.736721029746754,5.682623014031286,,5.826877515931551,5.736721029746754,5.801049604145433,5.768198039663761,5.779077393159735,#000000,0.08256021553500795,5.7078352745056335,-1.4272646182187847,50.28998978846992,-1.6613876924578648,True,False,False,False,False,0.0,0.0,0.0,0.0,0.0,0,0.9325153374233123,1.0107361963190187,False,False,False,False,-0.2710425013853221,-0.2591012551697287,False,False,False,False,-332781.0,74364.84114429455,False,False,False,False,32198.70205947964,False,False,False,False
2025-09-15 19:00:00+00:00,5.595,5.595,5.56,5.585,75542.0,,,,5.587137065754188,5.613768448690771,5.615743430045688,5.654018415427471,5.69177586093268,5.700745964059003,5.734140179203627,5.73641386490159,5.798886905232932,5.8248115994960825,5.845527796030263,5.850034640897477,5.84494455544236,5.837506485687066,5.8303183283417495,5.830145705557661,5.828240719641691,5.824870874444719,5.825143108854906,5.843470658941358,,,,5.616374583622789,5.673974977824957,5.710782319925659,5.744550496938746,5.74340322214124,5.808152920307634,5.827872477774607,5.846226671047587,5.842489631093228,5.84004631825188,5.833349416955937,5.826019275912285,5.825724181408586,5.824162974086153,5.826239833166182,5.825999196230888,5.80836741072004,5.788971833545377,5.769868734403093,5.764536909715196,5.750138031747479,5.748871065506944,5.736326910308122,5.682388465466165,,5.825999196230888,5.736326910308122,5.798886905232932,5.765882230379163,5.777701577420866,"rgba(239, 83, 80, 0.5)",0.08166857876046679,5.705069495695712,-1.4702043003328706,48.07325986020412,3.5569308504606454,True,False,False,True,False,0.0,0.0,0.0,0.0,0.0,0,0.9284627092846264,1.0091324200913243,False,False,False,False,-0.3098166427490374,-0.28445894895938306,False,False,False,False,-408323.0,66881.30872345276,False,False,False,False,32870.691174836546,False,False,False,False
2025-09-16 14:00:00+00:00,5.555,5.565,5.545,5.55,28009.0,,,,5.581411461986889,5.61245515352953,5.614426394687189,5.65266758938284,5.6904105694305915,5.699398591064091,5.732899777828178,5.735173548080564,5.797999362812818,5.823996763374295,5.844749146187093,5.849313847922342,5.8442904404187,5.83691088476586,5.82976597980204,5.829595195306923,5.827708448329332,5.82438737706637,5.824660676608219,5.843043411083066,,,,5.615149740807206,5.672608364805259,5.709464541202651,5.743486930918473,5.742388626891569,5.807287193659651,5.82706785320421,5.845560827806311,5.841854822156879,5.8394310942125305,5.832779570547945,5.825501443876333,5.82520791860148,5.823660953778929,5.825784409171179,5.8256399944550274,5.8080467271130205,5.788695254851603,5.7696326625817225,5.764324354097184,5.749948461539308,5.748683233752071,5.736156443120682,5.682279194559472,,5.8256399944550274,5.736156443120682,5.797999362812818,5.7647632309833465,5.777110025737946,"rgba(239, 83, 80, 0.5)",0.08131836001588771,5.703548596541465,-1.8882402019847067,41.940308272365066,-2.175850494733602,False,False,False,True,False,0.0,0.0,0.0,0.0,0.0,0,0.9184290030211475,1.013595166163142,False,False,False,False,-0.34282825441539394,-0.3136436016873885,False,False,False,False,-436332.0,59079.551999058145,False,False,False,False,32795.316117862334,False,False,False,False
2025-09-16 15:00:00+00:00,5.555,5.555,5.53,5.55,32950.0,,,,5.57536167391107,5.610773706765034,5.612744592060865,5.65099466572858,5.688742937513902,5.6977560756644205,5.731395456866217,5.733669883858425,5.79692814602685,5.823015102661395,5.843812389859562,5.848446624077262,5.843502749131475,5.836192907118908,5.829099502664605,5.82893091647611,5.82706597490559,5.82380336734987,5.824077963727505,5.8425279902899,,,,5.613582179132355,5.670930194641919,5.707861009468313,5.742196618548682,5.7411568253493295,5.806243073267419,5.826098670575592,5.844759163060302,5.841090120364547,5.838689728480606,5.8320922582184584,5.824876199278895,5.824584543717167,5.82305461824635,5.825234259228319,5.825205741730453,5.807658194645912,5.788359224814411,5.769344929818541,5.764064994620737,5.749716484364625,5.748453322067778,5.735947188030136,5.682142591811769,,5.825205741730453,5.735947188030136,5.79692814602685,5.7634421313328765,5.776389255561777,"rgba(239, 83, 80, 1.0)",0.08048350510876426,5.701722040775893,-1.8851321220523167,37.85167388047236,-5.8348661414604095,False,True,False,True,False,0.0,0.0,0.0,0.0,0.0,0,0.9170437405731519,1.015082956259427,False,False,False,False,-0.34282825441539394,-0.32823592805139123,False,False,False,False,-436332.0,51398.75274325879,False,False,False,False,32797.7143175854,False,False,False,False
2025-09-16 16:00:00+00:00,5.55,5.555,5.535,5.54,26815.0,,,,5.571546794652547,5.609432831040106,5.611402679025038,5.64965030409824,5.687398362068629,5.696430647873763,5.730178100970324,5.732452970202208,5.796057329216502,5.822216543683113,5.843050131584893,5.847740652903225,5.842861210479505,5.835607882670143,5.82855624739579,5.828389444994557,5.826542198890327,5.823327063621276,5.823602714684105,5.842107507865819,,,,5.612327498163883,5.669579068336953,5.706565817171352,5.741150096415765,5.740157242369142,5.805394092467556,5.825310195654767,5.844106300760943,5.840467214301827,5.838085740109249,5.831532102622731,5.824366405349262,5.824076267121034,5.822560175002777,5.824785477644585,5.824851237524722,5.807340848604473,5.7880845756295525,5.769109578281154,5.7638527754909665,5.7495265527089945,5.748265071035372,5.735775748774412,5.682030275203437,,5.824851237524722,5.735775748774412,5.796057329216502,5.762427580896005,5.775804181531039,"rgba(239, 83, 80, 1.0)",0.07967558094043699,5.700328604739061,-2.0122677845162875,34.099998514773816,-9.188956372805613,False,True,False,True,False,0.0,0.0,0.0,0.0,0.0,0,0.9272727272727268,1.0121212121212124,False,False,False,False,-0.3366169205074087,-0.33242642427939995,False,False,False,False,-463147.0,43421.299212355545,False,False,False,False,32704.95905684764,False,False,False,False
2025-09-16 17:00:00+00:00,5.545,5.55,5.535,5.54,17875.0,,,,5.5693488584550055,5.608546427418026,5.610515403145806,5.648758883803156,5.686505579730982,5.695550196852378,5.729368162160091,5.731643303990901,5.795476346959243,5.821683582774267,5.842541337775742,5.8472692945844145,5.842432707904587,5.835216982920889,5.8281931474795226,5.828027532999983,5.826192071887875,5.823008570406052,5.8232849256907455,5.841826308354829,,,,5.6114961154689444,5.6686825027233,5.705705004012647,5.740452750862355,5.739490913302255,5.8048276172841575,5.82478394053889,5.84367026561852,5.8400511070256504,5.837682220189658,5.8311577535957415,5.82402558940962,5.823736461511042,5.822229585201046,5.824485343876713,5.8246140222152825,5.8071283944450185,5.787900590606479,5.768951807850759,5.763710468314802,5.749399115660229,5.748138754855814,5.7356606477325744,5.68195460687607,,5.8246140222152825,5.7356606477325744,5.795476346959243,5.761769481264723,5.775413982465732,"rgba(239, 83, 80, 1.0)",0.07781254907012597,5.699429112316346,-2.048886898341624,31.598881604308115,-11.453948910735434,False,True,False,True,False,0.0,0.0,0.0,0.0,0.0,0,0.9271623672230648,1.0136570561456755,False,False,False,False,-0.34282825441539394,-0.33762733934739697,False,False,False,False,-463147.0,35567.52713154383,False,False,False,False,32475.03721100504,False,False,False,False
2025-09-16 18:00:00+00:00,5.545,5.545,5.53,5.535,14211.0,,,,5.567543183717902,5.607806633318053,5.60977587916729,5.648028017992886,5.685779332156437,5.69483482318435,5.728712172115481,5.730987676478475,5.795007282009774,5.821253770238487,5.842131358405777,5.846889475247886,5.842087259460915,5.834901669752511,5.827900104582654,5.827735444141582,5.825909446239647,5.822751384215462,5.823028310902792,5.841599406400465,,,,5.610802642030152,5.667950924671222,5.705006360547965,5.739887958252215,5.738951042554799,5.804370467289625,5.8243595836962925,5.843318780177969,5.839715589465832,5.837356790938771,5.830855699072912,5.82375043168257,5.823462113428487,5.821962640084253,5.824242974454729,5.8244223868401015,5.8069565544414115,5.78775154837082,5.768823777250151,5.763594916425611,5.749295476062922,5.748036011768955,5.735566881333176,5.681892365143641,,5.8244223868401015,5.735566881333176,5.795007282009774,5.761233131486442,5.7750972464993575,"rgba(239, 83, 80, 1.0)",0.07579262841807596,5.698690599343963,-2.159716621002206,29.385429561855716,-13.572822929917884,False,True,False,True,False,0.0,0.0,0.0,0.0,0.0,0,0.920852359208523,1.02130898021309,False,False,False,False,-0.34282825441539394,-0.3402277968813955,False,False,False,False,-477358.0,27615.193377566404,False,False,False,False,32191.873843392557,False,False,False,False
2025-09-16 19:00:00+00:00,5.535,5.54,5.515,5.515,37105.0,,,,5.561969636223611,5.6055960093717925,5.607573281976378,5.645940709776193,5.683749242056568,5.692842067998206,5.726902780567636,5.72918038978367,5.79372772998153,5.820085320934798,5.841019563509853,5.845859694051065,5.841149744718008,5.834044849507266,5.82710283507543,5.8269407428218205,5.825140206317137,5.822050846986674,5.822329352984038,5.840982716334085,,,,5.608736133546677,5.66588827856428,5.703066783235427,5.738332141902397,5.737462866571644,5.803125075862279,5.823206377049801,5.84236509377614,5.8388046497741,5.836472870142979,5.830034334101479,5.8230012191616245,5.82271506711677,5.821235527489699,5.823582814894616,5.823900097287269,5.806486824577282,5.787342609815569,5.768470992191232,5.763276069082149,5.749008408997084,5.747751326479245,5.735306088807241,5.68171520526518,,5.823900097287269,5.735306088807241,5.79372772998153,5.7597093860487885,5.77422028565384,"rgba(239, 83, 80, 1.0)",0.07392094632987574,5.696546844636852,-2.4559594222007193,26.10435097239748,-16.74693362586659,False,True,False,True,False,0.0,0.0,0.0,0.0,0.0,0,0.9192073170731702,1.0213414634146343,False,False,False,False,-0.34282825441539394,-0.3415280256483947,False,False,False,False,-514463.0,19210.880301945217,False,False,False,False,32268.04634194461,False,False,False,False
2025-09-17 14:00:00+00:00,5.545,5.545,5.52,5.52,13037.0,,,,5.560542902878412,5.604892069772899,5.606870167318927,5.645253053142392,5.683069812812653,5.692173183973068,5.7262900179475436,5.728568080694513,5.793289271131197,5.819683834776196,5.840636887523749,5.8455050154845845,5.840826814448636,5.8337497462481505,5.8268282955552815,5.826667087500576,5.824875320564687,5.821809594694342,5.822088638339471,5.84077000832426,,,,5.608074210146099,5.665202389152772,5.702413785195748,5.737803382586271,5.736956950397332,5.8026978914442155,5.822810008763706,5.8420365905634775,5.838490884341797,5.836168421102086,5.829751472442265,5.822743243915984,5.822457840251822,5.820985167041441,5.823355403328188,5.823720064094174,5.806325059977382,5.787201943112015,5.768349803563827,5.763166571818681,5.748909950684617,5.7476536970018515,5.735216768120406,5.681655015424571,,5.823720064094174,5.735216768120406,5.793289271131197,5.7592194901565765,5.77392277143628,"rgba(239, 83, 80, 1.0)",0.0716320050266796,5.695873764786273,-2.4552400106735637,25.45971713149557,-17.54459324690164,False,True,False,True,False,0.0,0.0,0.0,0.0,0.0,0,0.9227272727272721,1.0090909090909093,False,False,False,False,-0.3310233509993375,-0.3362756883238661,False,False,False,False,-501426.0,11138.990684860795,False,False,False,False,31969.890584705157,False,False,False,False
2025-09-17 15:00:00+00:00,5.52,5.535,5.52,5.525,25883.0,,,,5.557911710278878,5.603502229556451,5.605481724145388,5.64389224652816,5.681724020391206,5.690847859506745,5.72507446043329,5.727353403568309,5.792417607654103,5.81888546909973,5.839875871297323,5.844799509646304,5.84018424796024,5.8331623603299265,5.826281696157082,5.8261222428779815,5.824347880615673,5.8213290837329845,5.82160919707434,5.840346317010739,,,,5.6067650367067685,5.663844393316794,5.7011194384184565,5.7367531722083065,5.735951782786005,5.801848576916468,5.82202179269254,5.841382975213806,5.837866488648363,5.835562499855023,5.829188365591182,5.822229517354388,5.821945598618064,5.8204865567546245,5.822902403745192,5.823361271406558,5.806002535540681,5.78692132774214,5.768107895706746,5.762947942954332,5.7487132616411465,5.747458654624189,5.7350382368548605,5.681534359976706,,5.823361271406558,5.7350382368548605,5.792417607654103,5.758257456893244,5.773331420219722,"rgba(239, 83, 80, 1.0)",0.06965338896703258,5.694557850456092,-2.434308695824469,26.566295549935464,-17.54459324690164,False,True,False,True,False,0.0,0.0,0.0,0.0,0.0,0,0.9224924012158049,1.0167173252279638,False,False,False,False,-0.34282825441539394,-0.33955197136963,False,False,False,False,-475543.0,3593.533464940472,False,False,False,False,31875.52018804306,False,False,False,False
2025-09-17 16:00:00+00:00,5.525,5.535,5.515,5.525,47105.0,,,,5.553835657977188,5.60104338594997,5.603023548678393,5.641460092351244,5.679307601019575,5.68846561721841,5.722881545127824,5.725161834504779,5.7908359300764225,5.817435391919059,5.838492987510785,5.843516839889998,5.839015367019891,5.832093329028527,5.825286514870254,5.825130239944936,5.823387406503143,5.820453671311988,5.820735725441105,5.839574076944931,,,,5.604440029369887,5.661410856087905,5.698790061508503,5.734853489219089,5.734132529095526,5.800306947786953,5.820589982597691,5.840194110439857,5.83673047978112,5.834459920460878,5.828163290561518,5.821293889676763,5.8210126615542706,5.81957832463669,5.822076901944442,5.8227068608467425,5.805413980849311,5.786408917603547,5.767665852532862,5.762548292016955,5.748353515031429,5.747101902251052,5.7347115147253795,5.681312900075848,,5.8227068608467425,5.7347115147253795,5.7908359300764225,5.756556838164422,5.772260717110593,"rgba(239, 83, 80, 1.0)",0.06792828757042556,5.692258402485298,-2.4622790956108016,27.30401449556206,-17.54459324690164,False,True,False,True,False,0.0,0.0,0.0,0.0,0.0,0,0.9206106870229002,1.019847328244275,False,False,False,False,-0.34282825441539394,-0.341190112892512,False,False,False,False,-475543.0,-3834.9399221128688,False,False,False,False,32111.636154119915,False,False,False,False
2025-09-17 17:00:00+00:00,5.525,5.54,5.52,5.535,6400.0,,,,5.5534687972695185,5.6007493967522075,5.602728654684525,5.641155778676844,5.678998964244724,5.688160205682641,5.722597217804607,5.724877526461314,5.7906278284093435,5.817243944454,5.838310012065493,5.843346992289412,5.8388605811377845,5.831951796058163,5.825154800558751,5.824998946530367,5.823260290430896,5.820337805647172,5.820620112876132,5.839471664390207,,,,5.60415995879666,5.6611026242086435,5.698490281293294,5.734606128531739,5.733895573883673,5.800103855579314,5.82040087528978,5.840036674293524,5.836580057511637,5.834313934671797,5.82802760083225,5.82117007339189,5.820889203180762,5.819458139706238,5.821967605653545,5.82262015579834,5.805336102659162,5.7863412243517445,5.767607564175398,5.762495617310464,5.74830618294779,5.747054972024631,5.734668611163328,5.68128414061744,,5.82262015579834,5.734668611163328,5.7906278284093435,5.756346065821204,5.7721215482447095,"rgba(239, 83, 80, 0.75)",0.06575671787691477,5.691982178738522,-2.3873177343243546,30.961291552762443,-17.54459324690164,False,True,False,True,True,0.0,0.0,0.0,0.0,0.0,0,0.9188361408882078,1.0199081163859114,False,False,False,False,-0.33111668717048576,-0.33615340003149885,False,False,False,False,-469143.0,-11049.018372932824,False,False,False,False,31713.00613622658,False,False,False,False
2025-09-17 18:00:00+00:00,5.535,5.565,5.5,5.515,7426.0,,,,5.552963857479791,5.600386920626054,5.602365664265737,5.640788758595641,5.678630363923503,5.687796045892548,5.722259755404864,5.72454017573518,5.790382129837802,5.817018243142834,5.8380945193358285,5.843146989933773,5.838678256372713,5.831785008966607,5.8249995176686,5.8248441580739065,5.823110408107852,5.820201155149376,5.820483762776002,5.839350990270806,,,,5.603815450968372,5.660733064557226,5.698133402641447,5.73431281372426,5.733614545356267,5.799864207537921,5.820177967359457,5.83985124173748,5.836402847459941,5.834141926319932,5.8278676602788035,5.821024061472471,5.82074361067409,5.819316392711857,5.821838708390599,5.8225178878012,5.805244145201181,5.786261182914207,5.767538535050969,5.762433205053021,5.748250021903407,5.746999280427746,5.734617626767514,5.681249669796679,,5.8225178878012,5.734617626767514,5.790382129837802,5.75609133407797,5.7719562273377525,"rgba(239, 83, 80, 0.75)",0.06372215873235754,5.676072766699976,-2.527735561761265,30.455104053346602,-17.54459324690164,False,True,False,True,True,0.0,0.0,0.0,0.0,0.0,0,0.9138972809667669,1.0090634441087614,False,False,False,False,-0.32529378860599895,-0.33072359431874887,False,False,False,False,-476569.0,-18266.382429166424,False,False,False,False,31336.46340543237,False,False,False,False
2025-09-17 19:00:00+00:00,5.515,5.53,5.5,5.5,37878.0,,,,5.54919718982492,5.598186050493241,5.600170711983246,5.638684572154436,5.676574453404611,5.6857743103984175,5.7204112349925085,5.722693711296029,5.789057215039154,5.815806664881645,5.836941393324706,5.842077232719113,5.837702070519413,5.830890785368705,5.824165860250513,5.824013125172104,5.822305400112185,5.819466648221374,5.81975090182901,5.8387041787079275,,,,5.601735259212601,5.6586487537931465,5.696161166535712,5.7327104182826885,5.73207837831466,5.798574159633136,5.818981953530878,5.838858651674076,5.835453622356879,5.833220146937463,5.827009485014397,5.8202394996461315,5.819961257952467,5.818554455208381,5.821145960631467,5.821968019787326,5.804748032177681,5.785827517123788,5.767162730561227,5.762092902281813,5.747942488654605,5.746694195447026,5.734337145948201,5.681055151121838,,5.821968019787326,5.734337145948201,5.789057215039154,5.754628685534663,5.771048389659484,"rgba(239, 83, 80, 0.75)",0.06174467916674038,5.67342956029031,-2.808817903514672,28.518106592303184,-17.54459324690164,False,True,False,True,True,0.0,0.0,0.0,0.0,0.0,0,0.9141566265060237,1.0195783132530123,False,False,False,False,-0.34282825441539394,-0.3367759243670714,False,False,False,False,-514447.0,-25959.105182202606,False,False,False,False,31437.882577441167,False,False,False,False
2025-09-18 14:00:00+00:00,5.485,5.505,5.465,5.48,10784.0,,,,5.5475932537397465,5.597395330649874,5.599385547231532,5.637976240508337,5.675906023351561,5.68512104479479,5.71982487404042,5.722108632238835,5.7886464665769015,5.815433544235292,5.836587918538869,5.841749567878477,5.837402676789791,5.830616023605087,5.823909243798585,5.823757304549105,5.822057462927975,5.8192402024525345,5.819524977791164,5.838505591770703,,,,5.600992500746532,5.657961273090395,5.695527851215641,5.732204264333551,5.731592824808426,5.79817522971773,5.818613886888208,5.838554322730114,5.835162322858556,5.832937098525891,5.826745524968052,5.819997718072479,5.819720138537229,5.818319526462253,5.820932440299853,5.8217984726892285,5.8045943405571485,5.785692387329817,5.767044864283074,5.761985953713494,5.7478452817171,5.746597710683203,5.734247943223107,5.680991230856298,,5.8217984726892285,5.734247943223107,5.7886464665769015,5.754137096373478,5.770759796179473,"rgba(239, 83, 80, 1.0)",0.05998746115225948,5.655701037401231,-2.928962720313639,25.6130256578434,-18.729720564134933,False,True,False,True,False,0.0,0.0,0.0,0.0,0.0,0,0.9055472263868061,1.0269865067466268,False,False,False,False,-0.34282825441539394,-0.3398020893912327,False,False,False,False,-525231.0,-33699.75471426148,False,False,False,False,31117.667343682388,False,False,False,False
2025-09-18 15:00:00+00:00,5.475,5.505,5.475,5.505,28194.0,,,,5.544445208731841,5.595584862838406,5.597583226163356,5.636291953225756,5.674284674734104,5.683530485843561,5.718380445914587,5.720666496321783,5.787618626930644,5.814496122812397,5.8356975248376,5.840923525681069,5.836648031200484,5.8299237902780625,5.823263080453111,5.823113150661276,5.821433226760511,5.818670127333387,5.818956194436127,5.838004467456232,,,,5.599282186982163,5.656307515641513,5.693979828112501,5.730952199172563,5.730391528062626,5.797175482536756,5.817688757994137,5.837787183632959,5.834428192110627,5.832223870710598,5.8260807119792,5.819389082564395,5.819113184846297,5.817728211955637,5.820394727117858,5.821371256561018,5.804207785203777,5.785353279640126,5.766749826058339,5.761718422154435,5.747602672580721,5.74635695573218,5.734025858080221,5.68083416334992,,5.821371256561018,5.734025858080221,5.787618626930644,5.752975761130715,5.770047620115856,"rgba(239, 83, 80, 0.75)",0.057174696728048646,5.654401794752538,-2.613075421513245,29.462693484183646,-18.729720564134933,False,True,False,True,True,0.0,0.0,0.0,0.0,0.0,0,0.9133034379671144,1.0209267563527655,False,False,False,False,-0.33243187359404636,-0.3361169814926395,False,False,False,False,-497037.0,-40883.2778969861,False,False,False,False,31072.33916781134,False,False,False,False
2025-09-18 16:00:00+00:00,5.505,5.505,5.485,5.495,14223.0,,,,5.542995936802335,5.5946956182302126,5.596697424975649,5.635457252139749,5.673477733449918,5.68273815486253,5.717658797020194,5.719945911400425,5.787102839351882,5.814025301034919,5.835250107959168,5.840508304681098,5.836268596777577,5.829575662500246,5.8229380735429235,5.822789151927774,5.821119222329404,5.81838330211641,5.818670016771852,5.8377522201975,,,,5.598440163188808,5.655485918628496,5.69320793301073,5.730325573650057,5.729790128539683,5.796673638983409,5.81722406344288,5.837401484330854,5.834059047053646,5.8318652106003785,5.82574634453136,5.8190829090514296,5.818807855724553,5.817430732112669,5.82012414018098,5.821156162843661,5.804013146076195,5.785182510367902,5.76660123112434,5.761583664124115,5.74748046037396,5.746235677078119,5.733913979390942,5.6807550282830475,,5.821156162843661,5.733913979390942,5.787102839351882,5.752402481403588,5.769691125112175,"rgba(239, 83, 80, 0.75)",0.0541891914358104,5.65364415789211,-2.927597804813736,30.929642803964228,-18.729720564134933,False,True,False,True,True,0.0,0.0,0.0,0.0,0.0,0,0.9183055975794246,1.0302571860816947,False,False,False,False,-0.3221043624543993,-0.3291106719735194,False,False,False,False,-511260.0,-48175.94025517236,False,False,False,False,30811.10910319411,False,False,False,False
2025-09-18 17:00:00+00:00,5.495,5.505,5.495,5.495,25416.0,,,,5.540773065630633,5.593196954139535,5.595202696387193,5.634024793610356,5.672080297267845,5.681363594104461,5.716399912481735,5.718688557806551,5.786196125112994,5.813196160146949,5.834461313153332,5.839775930703744,5.835599257574984,5.828961549083449,5.822364784407122,5.822217639640227,5.8205653290807495,5.817877289539074,5.818165138028092,5.837306760595262,,,,5.5970162865562365,5.654068471548546,5.6918663415888515,5.729229808848564,5.728738215303536,5.795790863862089,5.816405550647459,5.836721099030991,5.8334078588128255,5.831232516928832,5.8251565252456725,5.81854283713192,5.818269275312966,5.8169059909875935,5.819646675703035,5.820776424117698,5.803669687601501,5.784881350989697,5.766339355380994,5.761346201845485,5.747265245040097,5.746022119101895,5.73371710238857,5.680616318995165,,5.820776424117698,5.73371710238857,5.786196125112994,5.751420857424714,5.769068005123759,"rgba(239, 83, 80, 0.75)",0.05425349243541759,5.652448596876068,-2.9020914563885856,31.907609017151287,-23.69835202319831,False,True,False,True,True,0.0,0.0,0.0,0.0,0.0,0,0.9131097560975605,1.030487804878049,False,False,False,False,-0.3118428571731592,-0.3204767645733393,False,False,False,False,-511260.0,-55355.53808067356,False,False,False,False,30727.464000819007,False,False,False,False
2025-09-18 18:00:00+00:00,5.495,5.495,5.485,5.485,11446.0,,,,5.539623455631486,5.592467601729962,5.594476316875544,5.633342594543365,5.671422420233432,5.680717779048962,5.7158119036174115,5.718101474984844,5.785775526128461,5.812812366325386,5.834096754849806,5.839437501999874,5.835289776393654,5.828677386127499,5.822099319285124,5.8219529919069615,5.820308783794406,5.817642815751635,5.817931194337944,5.837100624232962,,,,5.5963245454092165,5.65339799134445,5.691237267143363,5.728718482631586,5.728247180992015,5.795381705441168,5.816026761219569,5.836406552374397,5.833106695415679,5.83093983340129,5.824883489586275,5.818292634184711,5.81801975572394,5.816662838738855,5.819425436138006,5.820600407165888,5.803510206817835,5.784741205522066,5.766217193297908,5.761235340798605,5.7471645563869105,5.745922186137929,5.733624784825317,5.68055049749732,,5.820600407165888,5.733624784825317,5.785775526128461,5.750954429389936,5.768776564508095,"rgba(239, 83, 80, 0.75)",0.05429548784197917,5.651752103647721,-3.0711963420060506,31.41961113114435,-23.69835202319831,False,True,False,True,True,0.0,0.0,0.0,0.0,0.0,0,0.9078341013824881,1.0353302611367128,False,False,False,False,-0.33243187359404636,-0.3264543190836928,False,False,False,False,-522706.0,-62601.28167632203,False,False,False,False,30428.52657444972,False,False,False,False
2025-09-18 19:00:00+00:00,5.485,5.49,5.465,5.48,40115.0,,,,5.535250394117204,5.589751648940936,5.591774024816525,5.630839838897072,5.6690295470684555,5.678372199282576,5.713685268149973,5.715978798093462,5.7842615308284255,5.811433172076793,5.832788343023943,5.838222896905296,5.834178336444789,5.827656054615378,5.821144484779177,5.821001076291097,5.819385794153237,5.8167988042353675,5.817089104236491,5.836359433480819,,,,5.593749981415544,5.650950570907578,5.688955744273136,5.726869595363031,5.726470889998755,5.79390985359398,5.814665785978241,5.835277081561664,5.832024845586581,5.829888167099293,5.823901731563607,5.817392243342935,5.817121796356188,5.8157876234842245,5.818629032225211,5.819966464151838,5.802934849134165,5.784234543581744,5.765774519031007,5.76083330260111,5.7467986784330725,5.745558987297753,5.733288617443164,5.680308184195719,,5.819966464151838,5.733288617443164,5.7842615308284255,5.7492500375218505,5.767720545359147,"rgba(239, 83, 80, 0.75)",0.05484211572921123,5.64904319604738,-3.082360951974359,30.54879033893338,-23.69835202319831,False,True,False,True,True,0.0,0.0,0.0,0.0,0.0,0,0.8943338437978554,1.0382848392036754,False,False,False,False,-0.34282825441539394,-0.3346412867495434,False,False,False,False,-562821.0,-70356.62614645658,False,False,False,False,30578.704457016393,False,False,False,False
2025-09-19 14:00:00+00:00,5.485,5.55,5.48,5.515,22560.0,,,,5.534469171396308,5.588764492878757,5.590782416737277,5.629797460545383,5.667963486150758,5.6773142568379065,5.712689668126637,5.714983122050615,5.783517884268404,5.810747352775942,5.832132415128237,5.837612634990337,5.833620410357128,5.8271443024450456,5.8206670147935125,5.820525084327065,5.818924476713569,5.816377209594144,5.816668420459613,5.835986495846826,,,,5.592795340783752,5.6498900425323155,5.6879136602358065,5.725993395812811,5.725628963493335,5.793183576487363,5.81398812285757,5.834709939823931,5.831482098594029,5.829360878432792,5.823410371750974,5.816942504194816,5.816673311599123,5.815350669294836,5.818230863246031,5.819649129616365,5.802648620643285,5.783984406680146,5.76555784480036,5.76063698585534,5.746621395264204,5.745383130399363,5.733127084467709,5.6801968590367995,,5.819649129616365,5.733127084467709,5.783517884268404,5.748534388821173,5.767223299829294,"rgba(239, 83, 80, 0.5)",0.05440273575525616,5.648510161126017,-2.4541074869220796,37.026155086995075,-18.272327263979022,False,False,False,True,True,0.0,0.0,0.0,0.0,0.0,1,0.9048338368580056,1.0181268882175227,False,False,False,False,-0.2679584584345203,-0.30129987259203184,False,False,False,False,-540261.0,-77641.96527596888,False,False,False,False,30454.383457682805,False,False,False,False
2025-09-19 15:00:00+00:00,5.515,5.515,5.485,5.49,17821.0,,,,5.533351233305897,5.587813668296491,5.589831872202586,5.628857817729743,5.667032051655631,5.6763948809275995,5.711837948776947,5.714132080072163,5.782893437405045,5.810174393011451,5.831586340783229,5.8371048902425,5.8331557803493155,5.826717559120537,5.820268335789685,5.820127626080729,5.818539129439578,5.816024799351521,5.816316788329212,5.835675718448027,,,,5.591883547517477,5.64895163546311,5.687012916462286,5.725246662400839,5.724911141373654,5.792574897209163,5.813422282409692,5.834237742034967,5.831029914131559,5.828921381121402,5.823000324283213,5.816566669157907,5.816298503786776,5.8149853849183115,5.8178981001647925,5.8193838643796205,5.802408534818392,5.783773697339481,5.76537444575473,5.760470571485301,5.746470474644537,5.745233364385518,5.732988941832396,5.680099277311983,,5.8193838643796205,5.732988941832396,5.782893437405045,5.747891817565895,5.766797678099462,"rgba(239, 83, 80, 0.5)",0.055062372495774836,5.647737017641592,-2.864697078820859,38.13074258099754,-17.23006709219647,False,False,False,True,True,0.0,0.0,0.0,0.0,0.0,1,0.9079939668174959,1.0271493212669687,False,False,False,False,-0.2975124245658667,-0.29940614857894926,False,False,False,False,-558082.0,-85090.64798486858,False,False,False,False,30258.517047486173,False,False,False,False
2025-09-19 16:00:00+00:00,5.485,5.5,5.485,5.495,41733.0,,,,5.530759333955157,5.585583359211598,5.587602275415773,5.626654231540362,5.664848055062625,5.674238823963255,5.70983894684361,5.712134693783475,5.78142479281564,5.8088266082692686,5.830301822133106,5.835910172225397,5.832061984083412,5.825712466816582,5.819328964672411,5.819191117077339,5.817631015755932,5.8151939792835075,5.815487801010437,5.834943032410319,,,,5.5897420997329945,5.646751294488896,5.684900039445733,5.723491630247206,5.723223343256388,5.791143283690219,5.812091205943528,5.833126231753854,5.829965249094217,5.827886421144753,5.822034327993622,5.81568085023577,5.815415091771482,5.8141243108421845,5.817113469664755,5.818757972432218,5.801841662650534,5.783275753182301,5.7649406258457905,5.76007677031211,5.746113056174784,5.744878655133498,5.732661517715124,5.679867021931467,,5.818757972432218,5.732661517715124,5.78142479281564,5.74638367381646,5.765795911861809,"rgba(239, 83, 80, 0.5)",0.055815574693601426,5.645855226290353,-2.7027442988533155,39.69433428202491,-15.648291660564823,True,False,False,True,True,0.0,0.0,0.0,0.0,0.0,1,0.9068702290076333,1.042748091603054,False,False,False,False,-0.3122691383743001,-0.3058376434766247,False,False,False,False,-516349.0,-91776.82398510317,False,False,False,False,30436.416007990265,False,False,False,False
2025-09-19 17:00:00+00:00,5.495,5.51,5.495,5.505,11573.0,,,,5.530275427368018,5.585048434942469,5.587065780360621,5.626100675645187,5.664286849252749,5.673682446760284,5.709316369709592,5.711612204936802,5.7810342024090104,5.808466664155365,5.829957857424619,5.83558996179544,5.831768826720952,5.8254431699899145,5.819077383980543,5.818940303854919,5.817387821510364,5.814971475985221,5.815265779777381,5.834746337493429,,,,5.589224534682854,5.646191150510967,5.684352417192719,5.723030577806929,5.722779817816928,5.7907619543393425,5.8117355613760395,5.832828314251912,5.829679929390731,5.827609090475024,5.82177556807552,5.8154436564591965,5.81517854716866,5.813893760032855,5.816903254250929,5.818590151824913,5.801689914661815,5.78314272235272,5.764824988232843,5.759971856958423,5.746018032928299,5.744784370760133,5.732574665212062,5.679806164685071,,5.818590151824913,5.732574665212062,5.7810342024090104,5.746001898703644,5.765532958393621,"rgba(239, 83, 80, 0.5)",0.05627690547719141,5.645444259659458,-2.495593147288081,42.367853661915866,-13.016781593372635,True,False,False,True,True,0.0,0.0,0.0,0.0,0.0,1,0.9110429447852759,1.0322085889570556,False,False,False,False,-0.29220897051779554,-0.29902330699721014,False,False,False,False,-504776.0,-98179.91198533413,False,False,False,False,30143.959945850882,False,False,False,False
2025-09-19 18:00:00+00:00,5.505,5.51,5.495,5.495,12363.0,,,,5.529715337602021,5.58446163017416,5.586477641421289,5.625498888927489,5.663679299680796,5.673080525845931,5.70875204742458,5.7110480440829114,5.780613165779511,5.808078894977561,5.8295874696925205,5.835245148589389,5.831453062295254,5.825153015020031,5.818806239382084,5.818669984016656,5.817125688656742,5.814731595930559,5.815026420728667,5.8345343625332236,,,,5.588657252269301,5.645583733575935,5.683760345106028,5.722532740886791,5.722300821669855,5.790350998014506,5.811352447097022,5.832507440640389,5.829372575653704,5.827310311688645,5.8214967197452,5.815187967027826,5.814923554485007,5.813645209428549,5.816676616098371,5.818409179082039,5.801526169145862,5.782999058835652,5.764699996547554,5.75985842220467,5.745915212179174,5.744682342229152,5.732480608551253,5.679739972412933,,5.818409179082039,5.732480608551253,5.780613165779511,5.7455869231380685,5.765248737273976,"rgba(239, 83, 80, 0.5)",0.05680296274469537,5.644973709452369,-2.6402444908804426,42.75338052758555,-12.48130796418559,True,False,False,True,True,0.0,0.0,0.0,0.0,0.0,1,0.9155145929339474,1.0245775729646704,False,False,False,False,-0.29220897051779554,-0.2956161387575028,False,False,False,False,-517139.0,-104675.40172199561,False,False,False,False,29868.28614824079,False,False,False,False
2025-09-19 19:00:00+00:00,5.495,5.525,5.45,5.45,61870.0,,,,5.525078958985884,5.580808183169617,5.582832305342382,5.62198842458196,5.660250868640902,5.669703659545127,5.705640221460572,5.707940173844874,5.778338880038292,5.8059965877223965,5.827606650366242,5.833402248034822,5.829763311845098,5.823597638495835,5.817350338053854,5.817218446791607,5.815717432049492,5.813441675277209,5.813739372142257,5.833398590245645,,,,5.585152435022914,5.642108996955794,5.680458130236678,5.719798182954993,5.719668191018796,5.788136131697365,5.8092964146838435,5.830790857794011,5.827726912923509,5.82570965650432,5.8200005151884975,5.813813583191351,5.8135528186989704,5.812308565415869,5.815458114064886,5.817435723514405,5.800641654916739,5.782218967663657,5.764017339923912,5.759237756413215,5.745349759772611,5.744120981853741,5.731960552856121,5.679363474791602,,5.817435723514405,5.731960552856121,5.778338880038292,5.743190698331704,5.763680238252408,"rgba(239, 83, 80, 0.5)",0.058619478360370555,5.641589225435348,-3.26835432170736,38.545250010031125,-12.48130796418559,False,False,False,True,False,0.0,0.0,0.0,0.0,0.0,1,0.9060606060606057,1.0196969696969702,False,False,False,False,-0.32239033336867,-0.30900323606308644,False,False,False,False,-579009.0,-112029.41099762358,False,False,False,False,30364.436750593643,False,False,False,False
2025-09-22 14:00:00+00:00,5.455,5.47,5.44,5.445,8420.0,,,,5.524242025435742,5.580224240054835,5.582251175154085,5.621449464087068,5.659736337200108,5.669198965928784,5.705180923792725,5.707481799103514,5.7780083754237275,5.805695378574465,5.827321061068099,5.833136667570601,5.829519544834835,5.823372935154659,5.81713971518711,5.817008447469876,5.815513612038055,5.813254833821384,5.813552954770156,5.83323454839885,,,,5.584594586344806,5.64158252229234,5.6799666622871205,5.719395668138439,5.719280482913107,5.787814827777359,5.808999152378703,5.830543281271224,5.827489395351307,5.825478525885672,5.819784188396212,5.8136145767471605,5.813354328913781,5.812114947404648,5.815281638437955,5.817294672678741,5.800513051344396,5.782105069043446,5.763917204212275,5.759146581056312,5.745266362808338,5.744038157846156,5.731883527880526,5.679306505628249,,5.817294672678741,5.731883527880526,5.7780083754237275,5.742826150253434,5.763448579876594,"rgba(239, 83, 80, 0.5)",0.06058483739782803,5.6410187155104,-3.235441802430704,35.367778265035874,-9.10443827487073,False,False,False,True,False,0.0,0.0,0.0,0.0,0.0,1,0.8974358974358972,1.0377073906485677,False,False,False,False,-0.34282825441539394,-0.32591574523924016,False,False,False,False,-587429.0,-119399.9472612263,False,False,False,False,30024.212925003045,False,False,False,False
2025-09-22 15:00:00+00:00,5.445,5.455,5.435,5.45,24102.0,,,,5.521790475291377,5.578517650724209,5.580553200329911,5.619880509441031,5.658242382888755,5.667734215565205,5.703849584187228,5.7061532644469235,5.777051563653614,5.804823863300642,5.826495114618998,5.832368552587813,5.828814292936478,5.822722594932156,5.816529922614684,5.816400453714604,5.814923442742984,5.812713690191579,5.8130130421436705,5.832759619021756,,,,5.582964126174164,5.64005221378432,5.67854089431181,5.7182287399962455,5.71815623586608,5.786884857885386,5.8081391049855835,5.82982705613468,5.826802140665613,5.824809669279418,5.8191579700195195,5.813038281341599,5.812779521758138,5.811554197011615,5.814770494078825,5.816886006409039,5.800140182067096,5.7817745443536905,5.763626339160812,5.758881653765894,5.7450238421299975,5.743797285687169,5.731659350058479,5.679140012215665,,5.816886006409039,5.731659350058479,5.777051563653614,5.74176687176668,5.762776446630869,"rgba(239, 83, 80, 1.0)",0.06236791448137033,5.639355445510663,-3.036103533127191,34.19617567020455,-10.266305302293837,False,True,False,True,False,0.0,0.0,0.0,0.0,0.0,0,0.9025875190258746,1.0456621004566216,False,False,False,False,-0.34282825441539394,-0.334371999827317,False,False,False,False,-563327.0,-126282.53722616853,False,False,False,False,29932.395670351834,False,False,False,False
2025-09-22 16:00:00+00:00,5.445,5.465,5.435,5.465,33332.0,,,,5.5189936696059405,5.57637283350169,5.578415730541763,5.617858742588236,5.6562905289573875,5.665815190043566,5.702089767610374,5.7043963987162485,5.775770551696203,5.803653426279064,5.825383687001512,5.831334143418918,5.827864406762,5.821846742930609,5.815708832961485,5.815581784455967,5.814128768920226,5.811984917205075,5.812285905254134,5.832118867246349,,,,5.5809058100749525,5.638064543468038,5.6766674348009865,5.716680308043699,5.7166639019901515,5.785638371904086,5.806983668930874,5.828862387919156,5.825876521196775,5.823908851765498,5.818314690769582,5.812262326848566,5.812005578428549,5.810799179721657,5.814081885562082,5.816335009840684,5.79963793985074,5.781329855519241,5.763235516132933,5.758525769775928,5.744698444887869,5.743474136960886,5.731358950510284,5.678918391158281,,5.816335009840684,5.731358950510284,5.775770551696203,5.7403947447848385,5.761884561502562,"rgba(239, 83, 80, 0.5)",0.06337881249970427,5.637347197116676,-2.719318812063263,36.117516038568986,-10.266305302293837,False,False,False,True,False,0.0,0.0,0.0,0.0,0.0,0,0.9009287925696589,1.0634674922600624,False,False,False,False,-0.3334221365308102,-0.3338970681790636,False,False,False,False,-529995.0,-132541.6451761504,False,False,False,False,29985.10271422235,False,False,False,False
2025-09-22 17:00:00+00:00,5.465,5.465,5.445,5.45,16284.0,,,,5.517677366934018,5.575337841805209,5.577383988846667,5.616879025728827,5.655342755846308,5.664882890983268,5.701233308391374,5.703541330720361,5.775145192506231,5.803081744842854,5.824840692765775,5.830828623917664,5.827400036461126,5.821418432778795,5.815307205615297,5.815181336860129,5.813740018088618,5.811628304232417,5.811930090945189,5.8318052444229975,,,,5.579911135296325,5.637100232569692,5.675756751112384,5.715925666721165,5.715936370497987,5.785029759956589,5.806419277705113,5.828390819626297,5.825423968606273,5.823468379581516,5.817902250602991,5.811882701267017,5.811626933230575,5.810429762980538,5.813744873646507,5.816065197051184,5.799391921760141,5.781111939913651,5.7630439128618764,5.758351256267508,5.744538827774784,5.74331561825089,5.731211546892894,5.678809475092218,,5.816065197051184,5.731211546892894,5.775145192506231,5.739729271634657,5.761449524136087,"rgba(239, 83, 80, 0.5)",0.06472067494830838,5.636386521738451,-2.879860599218334,35.82611681504978,-10.266305302293837,False,False,False,True,False,0.0,0.0,0.0,0.0,0.0,0,0.9007751937984491,1.0573643410852716,False,False,False,False,-0.3240725838943044,-0.328984826036684,False,False,False,False,-546279.0,-138956.1778090783,False,False,False,False,29772.68251710262,False,False,False,False
2025-09-22 18:00:00+00:00,5.455,5.47,5.45,5.465,10641.0,,,,5.516953110000168,5.574716424571288,5.576763605816619,5.616277396977093,5.654753540525745,5.664301899584136,5.700695529118343,5.703004219680486,5.774748400010907,5.802718055801786,5.824494661265711,5.830506291411927,5.8271039552895925,5.821145409526236,5.815051268412153,5.814926152334544,5.813492299199918,5.811401064597316,5.811703354540968,5.831605090057691,,,,5.579311731922351,5.636503840408209,5.675187800286407,5.7154504437173514,5.715478140917376,5.784643218667535,5.8060601222902735,5.828090138832745,5.82513544530693,5.823187579947252,5.817639388280926,5.811640818878358,5.811385678812873,5.810194398616291,5.813530072739268,5.815893146418555,5.799235213424344,5.780973312729678,5.762922200506576,5.758240438505965,5.744437600389406,5.743215099708123,5.731118194527215,5.678740987575806,,5.815893146418555,5.731118194527215,5.774748400010907,5.739318086436132,5.761175625558742,"rgba(239, 83, 80, 0.5)",0.06575020981022754,5.63582492212213,-2.59808938427993,38.16226619206475,-10.266305302293837,False,False,False,True,True,0.0,0.0,0.0,0.0,0.0,0,0.9024767801857579,1.0526315789473688,False,False,False,False,-0.31477746758273834,-0.32188114680971114,False,False,False,False,-535638.0,-145106.2835794802,False,False,False,False,29476.067284279325,False,False,False,False
2025-09-22 19:00:00+00:00,5.465,5.465,5.435,5.435,71467.0,,,,5.51120365432198,5.570122422398366,5.572184111710791,5.611931653498803,5.65055357081819,5.660170313681598,5.696897789545257,5.699212865694038,5.771968782412815,5.800176992688289,5.822081649929153,5.828258777528549,5.825037643146965,5.819237896232451,5.8132612786730045,5.813141372582919,5.811759173498251,5.809810125204368,5.810115976342522,5.830206092454047,,,,5.574889559204282,5.632229042763887,5.671151342109713,5.71209759310539,5.712243553809943,5.78193814727105,5.803551418372654,5.825992139729778,5.823121149502753,5.821226486023249,5.815801767279046,5.80994795411822,5.809697136306311,5.808546640618394,5.81202617911282,5.814687770379225,5.798134708288355,5.779996939456087,5.762062213672169,5.7574565989167015,5.743719649544526,5.742501998714607,5.730454216340803,5.678246898838863,,5.814687770379225,5.730454216340803,5.771968782412815,5.736366607118117,5.759238379311618,"rgba(239, 83, 80, 0.5)",0.06726899075440336,5.631578120944324,-2.922269514374373,36.7396796951531,-10.266305302293837,False,False,False,True,True,0.0,0.0,0.0,0.0,0.0,0,0.8983050847457619,1.0539291217257323,False,False,False,False,-0.3334221365308102,-0.3276516416702607,False,False,False,False,-607105.0,-152269.05437669758,False,False,False,False,30127.089496926157,False,False,False,False
2025-09-23 14:00:00+00:00,5.435,5.46,5.425,5.45,6884.0,,,,5.510697987411194,5.569697032029209,5.5717597475405976,5.611524668949812,5.650157876001172,5.659780547057704,5.696537923536778,5.69885354182862,5.771703510379495,5.799934131752184,5.821850837874736,5.828043670543505,5.824839786721947,5.819055177620437,5.813089773309796,5.812970364063425,5.811593092008007,5.809657608470004,5.809963798778961,5.830071869588567,,,,5.574478924034123,5.631827331698707,5.670769995676611,5.711779016791665,5.711936065051895,5.781679856892998,5.80331160904467,5.825791264395807,5.822928250692827,5.821038658627668,5.815625716461002,5.809785715371235,5.809535310261409,5.808388706465123,5.811881965631843,5.814572077079872,5.7980290639776575,5.779903190660663,5.761979621745084,5.757381303296736,5.743650675262593,5.742433489878634,5.730390421870011,5.678199416418518,,5.814572077079872,5.730390421870011,5.771703510379495,5.736089147273308,5.759054068636973,"rgba(239, 83, 80, 0.5)",0.06840012117369011,5.613443373070049,-2.3895187649596825,38.10642251833898,-10.266305302293837,False,False,False,True,True,0.0,0.0,0.0,0.0,0.0,0,0.8987730061349688,1.0536809815950923,False,False,False,False,-0.34282825441539394,-0.3352399480428273,False,False,False,False,-600221.0,-159214.04578171,False,False,False,False,29766.731520229627,False,False,False,False
2025-09-23 15:00:00+00:00,5.455,5.46,5.445,5.46,45186.0,,,,5.5080388562468885,5.567193330322086,5.569257368458333,5.609059253842057,5.647722695078942,5.657374297402432,5.694293983301894,5.6966118812229,5.770025887054721,5.798392902688466,5.820382810223248,5.826674403697091,5.823580227442879,5.817892188423667,5.811998456052173,5.811882208332163,5.81053630555032,5.808687025249689,5.808995341710604,5.829215978071508,,,,5.5720499867277935,5.629371608640447,5.668407918488838,5.7097843092792795,5.7100101263221825,5.780044307570252,5.801789158564448,5.824512464110183,5.821700322679479,5.819843078416369,5.8145053383070655,5.8087534594515695,5.8085056937079935,5.807383870944534,5.810963891396864,5.813834969429906,5.797356787852462,5.779307467011177,5.761455630834167,5.756903761298416,5.743213856494499,5.7419996782923945,5.7299870349318685,5.677901569485217,,5.813834969429906,5.7299870349318685,5.770025887054721,5.734390770018602,5.757899428759892,"rgba(239, 83, 80, 0.5)",0.06904020241532095,5.611722605977465,-2.1975979309092484,40.458000909764785,-14.390675661303966,True,False,False,True,True,0.0,0.0,0.0,0.0,0.0,0,0.9064417177914106,1.0506134969325158,False,False,False,False,-0.32419058803558387,-0.3297152680392056,False,False,False,False,-555035.0,-165350.80476183855,False,False,False,False,30005.78994627258,False,False,False,False
2025-09-23 16:00:00+00:00,5.455,5.465,5.45,5.46,26613.0,,,,5.506679442304608,5.565811544378246,5.56787466859394,5.607673854877532,5.64634100494399,5.656006287708281,5.693009922287806,5.69532875116947,5.769056482347794,5.7975003485561505,5.8195315149698255,5.8258798364694915,5.82284906950511,5.817216957930005,5.811364787080528,5.811250369171768,5.809922628484495,5.808123230930044,5.808432770299837,5.828718186678881,,,,5.57070452935865,5.62798397304381,5.667062134530375,5.708639111485174,5.708903916734675,5.779098466040342,5.8009072583147985,5.82377017089561,5.820987482193025,5.819148970416609,5.813854813713083,5.808154004349463,5.807907770207157,5.806800299727923,5.810430426836514,5.8134062704321146,5.796965915054461,5.778961223137537,5.761151202100081,5.756626308187157,5.742960171665236,5.741747750747561,5.729752879597394,5.677729137300259,,5.8134062704321146,5.729752879597394,5.769056482347794,5.73342858293439,5.75723559108621,"rgba(239, 83, 80, 0.5)",0.06959516137265184,5.610625406639117,-2.1643086052000546,42.025719837381985,-12.74792532531,True,False,False,True,True,0.0,0.0,0.0,0.0,0.0,0,0.9217527386541469,1.0485133020344293,False,False,False,False,-0.31495346290439097,-0.3223343654717983,False,False,False,False,-555035.0,-171392.42019188756,False,False,False,False,29953.188551756724,False,False,False,False
2025-09-23 17:00:00+00:00,5.46,5.465,5.455,5.455,34376.0,,,,5.505029789674015,5.564077774294811,5.566138848362065,5.605921588136478,5.644585836903851,5.654266817970788,5.691371841657371,5.6936916452473945,5.767813191910369,5.796354348147523,5.81843780465443,5.824858554009515,5.821908954619456,5.81634850757083,5.810549630268585,5.81043755770482,5.809133100224711,5.80739765817038,5.8077087632275495,5.828077164117963,,,,5.569013016569608,5.62622454466448,5.665349097475223,5.707175208992954,5.707489338043118,5.777884923533485,5.799774789281811,5.822815793725435,5.820070835597999,5.81825632672593,5.813018040229975,5.80738271736619,5.8071384482791775,5.806049382971441,5.8097437352155765,5.812854048072501,5.7964623568691165,5.778515084183924,5.760758875520128,5.756268684437716,5.74263315504001,5.741422997605612,5.729451018057743,5.677506807173239,,5.812854048072501,5.729451018057743,5.767813191910369,5.732205468843644,5.756385801068016,"rgba(239, 83, 80, 0.5)",0.06919505007552168,5.6091978834325165,-2.22845251595627,42.405783754063876,-12.16690189242749,True,False,False,True,True,0.0,0.0,0.0,0.0,0.0,0,0.9195583596214509,1.0504731861198744,False,False,False,False,-0.31035442998916546,-0.31634439773048184,False,False,False,False,-589411.0,-177873.32840596684,False,False,False,False,30021.759271884526,False,False,False,False
2025-09-23 18:00:00+00:00,5.455,5.46,5.445,5.445,18450.0,,,,5.504040124365354,5.5630985791430465,5.565159432213714,5.604945827107815,5.643615718433848,5.653306616940105,5.690470957043767,5.69279150259055,5.767132139911955,5.795727379293439,5.817840003511811,5.824300347575187,5.8213948617637925,5.815873322125196,5.810103362042066,5.809992566157583,5.80870078016544,5.80700020752583,5.807312174614864,5.827726300488443,,,,5.568059208092451,5.6252490770387125,5.6644046894077515,5.706370478757088,5.706711510353541,5.777220493333938,5.799155302985209,5.82229395688667,5.819569479378092,5.817768003073445,5.812560042808625,5.806960309989957,5.806717107579309,5.8056380633310924,5.809367569491654,5.812551421501579,5.7961860628222714,5.7782699290577675,5.760542937596746,5.756071738246363,5.742452815556973,5.7412438837156925,5.729284310905819,5.67738313577241,,5.812551421501579,5.729284310905819,5.767132139911955,5.7315266101506905,5.755917980320132,"rgba(239, 83, 80, 0.5)",0.06932668453913124,5.608308769591885,-2.3556408427364786,41.35816549082529,-12.16690189242749,True,False,False,True,True,0.0,0.0,0.0,0.0,0.0,0,0.9063492063492061,1.0619047619047621,False,False,False,False,-0.32419058803558387,-0.32026749288303286,False,False,False,False,-607861.0,-184539.8039345565,False,False,False,False,29842.352151390194,False,False,False,False
2025-09-23 19:00:00+00:00,5.445,5.46,5.43,5.435,26770.0,,,,5.502453934685574,5.561604830201305,5.563666632799971,5.6034765816746415,5.642165354200444,5.651872904857936,5.6891308272069505,5.691452778767382,5.7661233121479745,5.79479987509593,5.816956493759155,5.823475402045129,5.820634781238742,5.815170386368245,5.809442871595745,5.809333955556944,5.808060823610021,5.806411671764515,5.80672492216778,5.827207165965244,,,,5.5666063634933645,5.623786376525522,5.662996346893916,5.705174107140349,5.705554875872265,5.776236783383514,5.79823899212391,5.821522500757113,5.81882809944965,5.817045766241509,5.811882336353501,5.806334924343251,5.806093288145089,5.805029001872034,5.808810545023486,5.8121031503012475,5.795776325763113,5.777905858133322,5.760221762445989,5.755778661396409,5.742184102378655,5.740976964951664,5.72903557395102,5.677197366274522,,5.8121031503012475,5.72903557395102,5.7661233121479745,5.730508275285481,5.755221669717268,"rgba(239, 83, 80, 0.5)",0.06894788474500049,5.606888617591462,-2.4930223490855727,39.45138798410129,-12.16690189242749,True,False,False,True,False,0.0,0.0,0.0,0.0,0.0,1,0.8938193343898571,1.066561014263075,False,False,False,False,-0.33814775541590064,-0.32920762414946675,False,False,False,False,-634631.0,-191517.9620130905,False,False,False,False,29794.718784701974,False,False,False,False
2025-09-24 14:00:00+00:00,5.435,5.445,5.425,5.435,15443.0,,,,5.501478673488653,5.56071274285738,5.562775605139833,5.602606544392085,5.6413106022311394,5.65102867831367,5.68834363224756,5.69066653266099,5.7655322824751725,5.794256966593138,5.816439681853207,5.822992844517749,5.820190001427988,5.814758862199849,5.809056038492154,5.808948218620056,5.807685962491799,5.806066830883184,5.806380835866884,5.826903156169238,,,,5.565739426386309,5.622922629178915,5.662167748849238,5.704471516964663,5.704875479064269,5.775660667085597,5.797702683645859,5.821071100393442,5.818394199561611,5.816623007490818,5.811485488453598,5.805968549043921,5.805727824227145,5.804672145142292,5.80848415636447,5.811840400368976,5.795535946435,5.777692034853826,5.760032906629109,5.7556062574246,5.742025872167912,5.740819777023136,5.72888895457985,5.677087303667942,,5.811840400368976,5.72888895457985,5.7655322824751725,5.729906734646087,5.7548123364584365,"rgba(239, 83, 80, 0.5)",0.06878776603986972,5.606024293925907,-2.486260330460233,38.18020297961862,-12.16690189242749,False,False,False,True,False,0.0,0.0,0.0,0.0,0.0,1,0.8920634920634918,1.0714285714285718,False,False,False,False,-0.34282825441539394,-0.33601793928243034,False,False,False,False,-634631.0,-198387.93159428288,False,False,False,False,29572.211516722098,False,False,False,False
2025-09-24 15:00:00+00:00,5.44,5.445,5.43,5.435,20652.0,,,,5.500249303416923,5.559554772616428,5.561618432667159,5.6014684177548695,5.64018764655909,5.649918540216201,5.68730537840049,5.689629391015351,5.764749153989231,5.793536844165328,5.815753738849041,5.822352152504197,5.819599362913217,5.814212328443521,5.808542271499423,5.80843590500153,5.807188071236862,5.8056087398112215,5.805923742441931,5.826499064006752,,,,5.564612315436459,5.621789948322183,5.6610770886051744,5.703543406825917,5.703977811263337,5.774897011846611,5.796991230155154,5.820471684550735,5.81781798975003,5.816061572914746,5.810958429715828,5.805481918117001,5.805242403190621,5.804198139940776,5.808050508750382,5.811491146806673,5.795216469860604,5.777407893000605,5.759781984618424,5.755377187200547,5.741815671992512,5.74061096528689,5.728694218802398,5.67694128488696,,5.811491146806673,5.728694218802398,5.764749153989231,5.729116662875439,5.754271178410025,"rgba(239, 83, 80, 0.5)",0.06821237371567612,5.604932040778992,-2.4912201631819206,37.33274630996351,-8.690516904380807,False,False,False,True,False,0.0,0.0,0.0,0.0,0.0,1,0.9009584664536737,1.0670926517571886,False,False,False,False,-0.3382348386970505,-0.33712638898974046,False,False,False,False,-634631.0,-205151.39001917772,False,False,False,False,29433.913663749663,False,False,False,False
2025-09-24 16:00:00+00:00,5.435,5.435,5.425,5.425,10879.0,,,,5.499537825506268,5.55891265345387,5.560977272556432,5.600845134453071,5.63957702190306,5.649315684153711,5.6867438172313065,5.689068561116406,5.764327677474507,5.7931498343839944,5.815385474003986,5.822008230663656,5.819282204092898,5.813918721240315,5.8082661484965215,5.80816055991077,5.806920443768705,5.8053624443050955,5.805677986549198,5.826281990683427,,,,5.563988301002059,5.6211721897452245,5.660485607799514,5.703041896203857,5.703492686164729,5.774486240475882,5.796608937638835,5.82014983758801,5.817508533554846,5.815760007288502,5.810675214645196,5.805220307013604,5.804981437808747,5.803943285166237,5.807817362996252,5.811303344878272,5.795044499449096,5.777254747935396,5.759646556229607,5.7552534988555575,5.741702038974533,5.740498070641008,5.72858881647043,5.67686177155988,,5.811303344878272,5.72858881647043,5.764327677474507,5.72868598429736,5.753978549586886,"rgba(239, 83, 80, 0.5)",0.06809254433925763,5.604308395263208,-2.6333043801365266,35.38756533991849,-10.699842113173084,False,False,False,True,False,0.0,0.0,0.0,0.0,0.0,1,0.9084967320261434,1.0620915032679745,False,False,False,False,-0.34282825441539394,-0.3399773217025672,False,False,False,False,-645510.0,-211978.65529019822,False,False,False,False,29146.240583691528,False,False,False,False
2025-09-24 17:00:00+00:00,5.425,5.445,5.425,5.44,13157.0,,,,5.498794481143562,5.55819345169558,5.560258251359009,5.600133433120843,5.638872169969735,5.648618291261118,5.686089710443561,5.6884150801515805,5.763831962433747,5.792693547814893,5.814950599881742,5.821601882470075,5.818907481734346,5.813571892064627,5.807940055114425,5.807835385923743,5.806604394721295,5.805071579413844,5.805387752168375,5.826025270360436,,,,5.563287108156866,5.620462385669291,5.659799812341537,5.702456133826701,5.702925954977873,5.774002683410825,5.7961580911537185,5.819769566389315,5.817142935143787,5.815403752971592,5.810340708781234,5.804911385527611,5.8046732823708735,5.803642354600096,5.807541963542772,5.811081400989992,5.794841456041988,5.777074133780113,5.759487033607235,5.755107845696714,5.74156837350857,5.740365287424165,5.7284649774480485,5.6767688986600255,,5.811081400989992,5.7284649774480485,5.763831962433747,5.728189833662326,5.753636563584206,"rgba(239, 83, 80, 0.5)",0.06749040639197665,5.60364402226117,-2.4247005020349635,37.8338772074168,-10.699842113173084,True,False,False,True,True,0.0,0.0,0.0,0.0,0.0,1,0.9014778325123151,1.0673234811165848,False,False,False,False,-0.3337673579136433,-0.33687233980810527,False,False,False,False,-632353.0,-218496.08699112537,False,False,False,False,28898.345380843595,False,False,False,False
2025-09-24 18:00:00+00:00,5.445,5.445,5.43,5.43,12238.0,,,,5.49810053589158,5.557522969548811,5.5595879607078,5.59947026666413,5.6382155649068535,5.647968635403131,5.685480311338331,5.687806270194408,5.763369874943524,5.792268197664869,5.814545218507126,5.821223052574814,5.818558074647808,5.813248436426537,5.807635892982083,5.8075320796678565,5.806309583017845,5.804800220633168,5.805116981414603,5.825785764287725,,,,5.562633296241818,5.619801102833094,5.659160944115811,5.701910191999542,5.702397679874523,5.77355192712913,5.795737808880119,5.819414997178665,5.8168020159870455,5.815071527527457,5.810028719044231,5.804623207930311,5.804385817691589,5.803361616752721,5.807285017503794,5.810874277632778,5.794651923531538,5.776905485474938,5.759338029497623,5.754971777279194,5.741443470482783,5.740241205859851,5.728349225319457,5.676681978064188,,5.810874277632778,5.728349225319457,5.763369874943524,5.727727294571151,5.753317635159675,"rgba(239, 83, 80, 0.5)",0.06755064833211692,5.603023377734123,-2.5613873738626993,37.90547317643097,-10.699842113173084,True,False,False,True,True,0.0,0.0,0.0,0.0,0.0,1,0.9013157894736841,1.0641447368421055,False,False,False,False,-0.32925673670128947,-0.3330645382546974,False,False,False,False,-644591.0,-225102.20967343348,False,False,False,False,28640.04545245842,False,False,False,False
2025-09-24 19:00:00+00:00,5.435,5.435,5.405,5.41,46480.0,,,,5.49486965378057,5.554670336557196,5.556741066951685,5.596723929488999,5.635538299478378,5.645327489733167,5.683025065618526,5.685354649911898,5.761529306356508,5.790579462750556,5.812939436609765,5.819723016452191,5.817173645000438,5.811965669513813,5.80642857636392,5.806328132653788,5.805139060666073,5.803722298951535,5.804041427640431,5.8248362358020325,,,,5.5598615530138975,5.617086984209661,5.656571479530624,5.699715814564141,5.700273857144825,5.771758700203019,5.794069775000875,5.818010333375376,5.81545081756106,5.813754392705831,5.808790795350289,5.80347870168759,5.803244100353855,5.802246383821274,5.806264456703535,5.810051428105493,5.793897291677568,5.776232205840577,5.758741437238117,5.754426490867026,5.740941688829846,5.739742610897737,5.727883005462708,5.676327422545072,,5.810051428105493,5.727883005462708,5.761529306356508,5.725832838014075,5.752034238612083,"rgba(239, 83, 80, 0.5)",0.06783173404936234,5.600237337725602,-2.804547759123523,35.44644388363881,-10.700130579625267,False,False,False,True,False,0.0,0.0,0.0,0.0,0.0,0,0.895253682487725,1.0638297872340432,False,False,False,False,-0.34282825441539394,-0.33794639633504564,False,False,False,False,-691071.0,-232326.53200407792,False,False,False,False,28916.633895055962,False,False,False,False
2025-09-25 14:00:00+00:00,5.41,5.425,5.395,5.415,26365.0,,,,5.493038388739273,5.553046217473825,5.555120200521602,5.595160236040501,5.634014191310488,5.643823805229059,5.681626430755003,5.683958101850554,5.760478923708325,5.789615569644784,5.812022911658446,5.818866586206546,5.816382830951157,5.811232566379768,5.805738312008965,5.805639784143142,5.804469716575569,5.8031056588570635,5.803426140533224,5.824293014418381,,,,5.558282337279392,5.61554183204492,5.655096979469387,5.698464309052097,5.699062136637959,5.77073529937536,5.793117670623257,5.817208035833168,5.814678862434747,5.813001775032711,5.808083151435211,5.802824143319819,5.802591126421473,5.801608475096209,5.805680528572186,5.809580292543775,5.793464921364033,5.7758461216078425,5.758399019837719,5.754113399710451,5.740653372142933,5.739456107247178,5.7276149307211375,5.6761228719508425,,5.809580292543775,5.7276149307211375,5.760478923708325,5.724752979350283,5.751301154156408,"rgba(239, 83, 80, 0.5)",0.06836791039055151,5.5986657123312416,-2.6864315624399167,35.02658169045778,-11.222635210489145,False,False,False,True,False,0.0,0.0,0.0,0.0,0.0,0,0.8923327895595429,1.0685154975530184,False,False,False,False,-0.34282825441539394,-0.34038732537521976,False,False,False,False,-664706.0,-239030.0896474255,False,False,False,False,28877.07367962874,False,False,False,False
2025-09-25 15:00:00+00:00,5.415,5.42,5.395,5.415,20161.0,,,,5.491663945096809,5.5518145997670825,5.553890855091584,5.593971513881637,5.632854021678114,5.642678788295385,5.680560057955787,5.682893279175196,5.759676136840244,5.78887855872134,5.811321970063852,5.81821143534478,5.815777701186405,5.810671449596182,5.805209876140091,5.805112810302767,5.803957246450311,5.802633426624995,5.8029549421409765,5.823876908377873,,,,5.5570837840322795,5.614366335088002,5.653973733571407,5.697509092038915,5.698137057851445,5.769953019126935,5.792389633454186,5.816594150317326,5.814088113215201,5.812425773449068,5.807541455945556,5.802322957674177,5.802091150002092,5.801119999161048,5.805233286596333,5.809219266149077,5.793133511964635,5.775550090301874,5.758136376445353,5.753873204955401,5.740432125062491,5.73923624649555,5.727409163901547,5.675965683332864,,5.809219266149077,5.727409163901547,5.759676136840244,5.7239304761365695,5.750741050422199,"rgba(239, 83, 80, 0.5)",0.06858499034701576,5.597483796647003,-2.660695812942447,34.746673561670434,-11.690275010476903,False,False,False,True,False,0.0,0.0,0.0,0.0,0.0,0,0.8870703764320781,1.0801963993453358,False,False,False,False,-0.34282825441539394,-0.3416077898953068,False,False,False,False,-664706.0,-245629.71616451966,False,False,False,False,28741.940754363175,False,False,False,False
2025-09-25 16:00:00+00:00,5.415,5.415,5.39,5.395,35817.0,,,,5.489045537102375,5.549527434407778,5.5516092064171465,5.591784142802286,5.630731122940444,5.640585783211851,5.678616839926677,5.680953267396142,5.758218452648066,5.787541884132166,5.81005184369093,5.8170243055596815,5.814680707490076,5.809653676240415,5.804250890036863,5.804156462717303,5.803027068078052,5.801775979326467,5.802099380846074,5.823121922072636,,,,5.55486004192471,5.6122102554828475,5.651922659934209,5.695769129322212,5.69645159786613,5.768533218054335,5.79106939512911,5.81548139477755,5.813016994284146,5.811381201646589,5.8065586184153855,5.8014131090547245,5.801183477416715,5.800233085763251,5.80442118770823,5.808563465925698,5.792530827374878,5.775011001473993,5.75765737824616,5.753434928097823,5.7400279250571815,5.738834534361043,5.727032769768837,5.6756764051849835,,5.808563465925698,5.727032769768837,5.758218452648066,5.722422795352171,5.749719775094614,"rgba(239, 83, 80, 1.0)",0.0694455519431163,5.595265762037745,-2.8837809828595766,32.16147602399984,-14.279623121062812,False,True,False,True,False,0.0,0.0,0.0,0.0,0.0,0,0.8778877887788776,1.0940594059405944,False,False,False,False,-0.34282825441539394,-0.34221802215535035,False,False,False,False,-700523.0,-252682.32521623254,False,False,False,False,28851.6315953808,False,False,False,False
2025-09-25 17:00:00+00:00,5.39,5.395,5.375,5.375,25021.0,,,,5.486944701830109,5.5477791911574235,5.549867084730087,5.590141835962664,5.629154907561932,5.639035149279444,5.677186963655372,5.679526317026402,5.757155377026717,5.78656963378079,5.8091297414278324,5.816162709747233,5.813884070176697,5.808913983483564,5.803553391007701,5.803460868679474,5.802350359054914,5.801151914425242,5.801476703714441,5.82257331497831,,,,5.553164041341435,5.610601700456902,5.650406517590712,5.694491056024479,5.695213314318376,5.7674988031300645,5.790109372630181,5.814673422005937,5.812238946171558,5.8106222392294065,5.805844002219022,5.8007510278856245,5.800522958585449,5.799587555756306,5.803830170745215,5.808086081865074,5.792091286891032,5.774616956737699,5.757306406277041,5.753113552396628,5.7397309347885175,5.738539317319364,5.726755630197884,5.67546126585501,,5.808086081865074,5.726755630197884,5.757155377026717,5.721300910935318,5.748969023350789,"rgba(239, 83, 80, 1.0)",0.07069296637922977,5.593536033575014,-3.0913405501006395,28.715457992734883,-17.52605175006456,False,True,False,True,False,0.0,0.0,0.0,0.0,0.0,0,0.8628099173553716,1.1024793388429757,False,False,False,False,-0.34282825441539394,-0.3425231382853722,False,False,False,False,-725544.0,-260013.51397257,False,False,False,False,28792.241958243114,False,False,False,False
2025-09-25 18:00:00+00:00,5.375,5.4,5.37,5.385,19558.0,,,,5.485409143874625,5.546464722952223,5.548556503393574,5.588896114763119,5.6279530694407,5.637851479811343,5.676091333616448,5.678432738583867,5.756335919992857,5.7858191284304334,5.808417326423941,5.8154967513983955,5.813268192780401,5.808342067828835,5.803014077850812,5.8029230254516575,5.801827091309993,5.80066926128363,5.8009951170786875,5.822148672270447,,,,5.551886614595267,5.609377978135997,5.649247751646294,5.6935098206598695,5.694262374499048,5.766701034946086,5.789368186237713,5.814048797669192,5.811637419285017,5.810035445917236,5.805291460981977,5.800239060623577,5.800012199057412,5.799088366923781,5.803372982458515,5.807716582174499,5.791751153558442,5.774312103847947,5.757034950657726,5.752864982258211,5.739501288852808,5.738311048790061,5.726541399371849,5.6752952239278125,,5.807716582174499,5.726541399371849,5.756335919992857,5.720445586926799,5.748392009461514,"rgba(239, 83, 80, 1.0)",0.07130539572471997,5.59225775508373,-2.906620922263228,28.95167297232971,-17.52605175006456,False,True,False,True,False,0.0,0.0,0.0,0.0,0.0,0,0.8599670510708399,1.100494233937397,False,False,False,False,-0.34282825441539394,-0.3426756963503831,False,False,False,False,-705986.0,-266927.8160815224,False,False,False,False,28649.075416254847,False,False,False,False
2025-09-25 19:00:00+00:00,5.385,5.39,5.37,5.375,69519.0,,,,5.479967616059509,5.541773468528239,5.543878865916557,5.584447211859192,5.623660617485473,5.633623338241557,5.672174858785069,5.674523647758417,5.753400367451012,5.78313001607853,5.8058647343160095,5.8131097595377765,5.811059442975616,5.806289805303865,5.80107789107123,5.800992080962806,5.799948128903344,5.798935322990549,5.79926500439069,5.820623008905691,,,,5.54732368412394,5.605007572434703,5.645107685425566,5.689997524966739,5.690857079849248,5.763843042827425,5.786712372191325,5.811808920881431,5.809479734255614,5.807930208735658,5.803308172697085,5.798400378955928,5.7981778204291725,5.797295276263742,5.801730185705269,5.80638777055147,5.790526994725103,5.773213863835632,5.756056023278035,5.751968186381154,5.738672107033655,5.737486782691241,5.7257672627961,5.674693041922793,,5.80638777055147,5.7257672627961,5.753400367451012,5.717387259376056,5.746322987206585,"rgba(239, 83, 80, 1.0)",0.07201707755427841,5.587729151663749,-2.95387092739798,28.14213964339901,-18.16712580860353,False,True,False,True,False,0.0,0.0,0.0,0.0,0.0,0,0.8561983471074378,1.110743801652893,False,False,False,False,-0.34282825441539394,-0.3427519753828885,False,False,False,False,-775505.0,-274812.73366165377,False,False,False,False,29282.7176578633,False,False,False,False
2025-09-26 14:00:00+00:00,5.445,5.45,5.425,5.43,8433.0,,,5.4350000000000005,5.479692105100643,5.541413292628471,5.543517135696711,5.584065156721967,5.623267898964849,5.633231566428658,5.671797037214466,5.674145769493159,5.753100700881474,5.782851552113231,5.805597919646197,5.8128594853630995,5.810827922218559,5.806074974829075,5.800875544129131,5.800790285640947,5.799751816777844,5.79875416305147,5.799084219617221,5.820462271531242,,,,5.546966593807937,5.604618368418979,5.644718916666649,5.689653281963549,5.690522981986285,5.763549752560792,5.786436920791362,5.811574092720243,5.809253665829417,5.807709730272654,5.803100754978335,5.798208368201031,5.797986273174097,5.797108083208924,5.801558325208412,5.806248403054988,5.790399337977217,5.773100114397219,5.755955381902928,5.751876147101045,5.73858755907728,5.737402787157275,5.725688868268921,5.674634095935131,,5.806248403054988,5.725688868268921,5.753100700881474,5.703674324668972,5.746119116860861,"rgba(239, 83, 80, 0.5)",0.0710695003069066,5.57100391628883,-1.9840285309439165,36.88260145886453,-17.490534007592863,True,False,False,True,True,0.0,0.0,0.0,0.0,0.0,0,0.8525121555915718,1.0988654781199356,False,False,False,False,-0.2522677546456215,-0.297509865014255,False,False,False,False,-767072.0,-282444.6602715506,False,False,False,False,28959.46622130728,False,False,False,False
2025-09-26 15:00:00+00:00,5.43,5.43,5.39,5.395,16278.0,,,5.41523795071021,5.4788190802866135,5.540530805737432,5.542634487945636,5.583185870166572,5.6223943899168605,5.632365906735062,5.670979166490115,5.673328642620127,5.752469452453338,5.782269049799073,5.805042374821081,5.812339042409909,5.810346220154912,5.805627526806257,5.800453616815472,5.800369499418036,5.7993423597227025,5.798376186406351,5.79870705014398,5.8201282648308545,,,,5.546100719397503,5.603740127728361,5.6438657727717265,5.688913448339786,5.68980511663846,5.762933540304463,5.785861158833451,5.811085591643125,5.808783145143635,5.807250686240231,5.802668465569959,5.797807742172257,5.7975865944553515,5.796717405283407,5.801199929547988,5.805957966223471,5.7901324062470065,5.772861299782856,5.755743153314263,5.7516818315473905,5.738408377372796,5.737224713092791,5.725522060180183,5.6745061617920065,,5.805957966223471,5.725522060180183,5.752469452453338,5.702140330685266,5.7456815589009365,"rgba(239, 83, 80, 0.5)",0.07089282610245097,5.569246916818603,-2.457892094283136,38.84291854744376,-15.988059797027617,True,False,False,True,True,0.0,0.0,0.0,0.0,0.0,0,0.8474025974025972,1.1087662337662343,False,False,False,False,-0.2949902260102299,-0.29625004551224243,False,False,False,False,-783350.0,-290210.6345309064,False,False,False,False,28762.85434190717,False,False,False,False
2025-09-26 16:00:00+00:00,5.395,5.415,5.385,5.405,11506.0,,,5.410926406567818,5.478186884768015,5.539898708894789,5.542002402894385,5.582558013567047,5.621771758608227,5.631749058686762,5.6703968709439625,5.6727469103865085,5.752020370657373,5.781854765677592,5.804647355827958,5.811968967328492,5.81000362706461,5.805309226317472,5.800153413023167,5.8000701056297554,5.799051007526445,5.798107193283184,5.798438632045871,5.819890604990663,,,,5.545480716975959,5.603113662207508,5.643258023147795,5.688386704772125,5.68929395843291,5.762495206352333,5.785451679888337,5.8107381767886785,5.808448480672683,5.80692416111601,5.802360913944547,5.7975226554731885,5.797302179625929,5.796439380487629,5.8009448623621775,5.805751221730578,5.789942319113821,5.772691154134109,5.75559187147468,5.751543292759633,5.7382805749168035,5.737097695881003,5.725403032482298,5.674414688019599,,5.805751221730578,5.725403032482298,5.752020370657373,5.7015120135566715,5.745369858865014,"rgba(239, 83, 80, 0.5)",0.07081806406700052,5.568477137907516,-2.30841015016806,41.374344746412596,-13.809556526105752,True,False,False,True,True,0.0,0.0,0.0,0.0,0.0,0,0.8469055374592832,1.110749185667753,False,False,False,False,-0.31078112309836103,-0.30351558430530173,False,False,False,False,-771844.0,-297677.81849166757,False,False,False,False,28495.306212575273,False,False,False,False
2025-09-26 17:00:00+00:00,5.405,5.41,5.4,5.405,8534.0,,,5.4097962429144975,5.477744773118578,5.539444803020715,5.5415482835043495,5.582103660261321,5.621319176520692,5.631300266419778,5.669971943171532,5.672322332096675,5.7516911906182235,5.781550762176883,5.804357288962994,5.81169713961032,5.809751967797797,5.805075413589504,5.799932903767487,5.799850191018303,5.798836997544524,5.797909592138831,5.798241451224137,5.819715910520631,,,,5.545034867519046,5.602659163016724,5.642815413953185,5.68800179270655,5.688920382438256,5.762173777538027,5.785151165661776,5.810482976380548,5.8082026463203515,5.806684306046965,5.802135002547636,5.797313249857524,5.797093268038119,5.79623516117974,5.80075746691518,5.805599279678503,5.789802660948095,5.772566190690369,5.755480805197164,5.751441587640934,5.73818678453106,5.737004484887491,5.725315714555812,5.674347710214807,,5.805599279678503,5.725315714555812,5.7516911906182235,5.70115058523799,5.745141910769327,"rgba(239, 83, 80, 0.5)",0.07083332803391336,5.568026321358619,-2.301548238430445,43.06196221239182,-12.309215429773786,True,False,False,True,True,0.0,0.0,0.0,0.0,0.0,0,0.8548123980424143,1.1011419249592174,False,False,False,False,-0.30286735095582507,-0.30319146763056337,False,False,False,False,-771844.0,-305029.23215846345,False,False,False,False,28185.828596876432,False,False,False,False
2025-09-26 18:00:00+00:00,5.405,5.405,5.38,5.38,34109.0,,,5.400512976582974,5.475636887836467,5.537439545762601,5.539544995013509,5.580141936530693,5.619391067796875,5.629393307547822,5.6681811001760325,5.6705337564035565,5.750318773978599,5.780287028135636,5.803153922704731,5.810569930042909,5.808707952530182,5.80410480621728,5.799016926306438,5.798936669589291,5.797947851138582,5.797088375130439,5.797422003090156,5.81899115048055,,,,5.543072019024751,5.600711806221504,5.6409398417743635,5.68638375683588,5.687349936527443,5.760835151313967,5.783902333345506,5.809424386218353,5.807182579614955,5.805688838097666,5.8011968448513604,5.796443054255886,5.796225101389633,5.795386372390777,5.7999787780129894,5.8049679229634785,5.789221347866773,5.77204497062965,5.755016516923002,5.75101615711336,5.737793721115847,5.7366137819123955,5.724949059610832,5.674063799006609,,5.8049679229634785,5.724949059610832,5.750318773978599,5.699396236333111,5.744183669875707,"rgba(239, 83, 80, 0.5)",0.07126413246911953,5.565763991679368,-2.6066968788242044,41.57416125495155,-12.309215429773786,True,False,False,True,True,0.0,0.0,0.0,0.0,0.0,0,0.8501628664495111,1.1026058631921827,False,False,False,False,-0.32272324788328854,-0.31295735775692596,False,False,False,False,-805953.0,-312795.4921249989,False,False,False,False,28277.660711653538,False,False,False,False
2025-09-26 19:00:00+00:00,5.385,5.395,5.365,5.385,96221.0,,,5.390155423299311,5.469777097376202,5.531818661376525,5.533928887781448,5.574630961917526,5.6139678836584,5.624027229485102,5.663132261251684,5.665491133209049,5.746432207485586,5.776705539008322,5.799742500790971,5.807372497309097,5.805744218157129,5.801347429071607,5.796413210800031,5.796339872819267,5.795419727334963,5.794751886371211,5.7950905248525215,5.816928228351277,,,,5.5375632935712655,5.595237687410843,5.635659060669956,5.681812036688088,5.682910057626207,5.757043387653853,5.780362720485103,5.806419702264839,5.804286137728881,5.802861547416081,5.798530729451661,5.793968307044056,5.793756067221755,5.7929719726579485,5.797762551154175,5.8031687931093625,5.7875633874902555,5.770556794208376,5.753689374591079,5.749799416896105,5.736668577318491,5.735495311319261,5.723898618319847,5.673247302686364,,5.8031687931093625,5.723898618319847,5.746432207485586,5.6952008277003445,5.741468034790993,"rgba(239, 83, 80, 0.5)",0.07164803864336487,5.560206578691569,-2.4453785757301385,41.33119658565924,-12.309215429773786,True,False,False,True,True,0.0,0.0,0.0,0.0,0.0,1,0.8462783171521034,1.1019417475728162,False,False,False,False,-0.34282825441539394,-0.32789280608615995,False,False,False,False,-709732.0,-318949.5465106578,False,False,False,False,29331.04581689922,False,False,False,False
2025-09-29 14:00:00+00:00,5.355,5.365,5.335,5.36,19680.0,,,5.386434664366411,5.468310674167249,5.530511054651267,5.53262443955405,5.573381294100455,5.612757435652496,5.622833246521399,5.662019715935064,5.664380578295169,5.745586401102665,5.775928962252849,5.799004730814698,5.806681257207595,5.805102947072637,5.8007501180192085,5.79584856475147,5.795776710324879,5.794871280142105,5.7942446843026465,5.79458442692779,5.816481386221616,,,,5.536286185620269,5.594007516839868,5.6344878342834335,5.68080715567079,5.681933893189561,5.756219351150601,5.779595522901232,5.805769701784408,5.803659190300302,5.8022493348914885,5.797952820451258,5.79343124883619,5.793220224184562,5.792447846317295,5.797281488925413,5.802778092128974,5.787202391674118,5.770231741184198,5.753398512246004,5.749532467397834,5.736421030986175,5.735249170401812,5.7236668423035555,5.673064693935114,,5.802778092128974,5.7236668423035555,5.745586401102665,5.694195932018271,5.740870594066853,"rgba(239, 83, 80, 0.5)",0.07229818135352171,5.55881650421439,-2.7499516653430396,38.84526323210666,-12.309215429773786,True,False,False,True,False,0.0,0.0,0.0,0.0,0.0,1,0.8301282051282051,1.1089743589743595,False,False,False,False,-0.34282825441539394,-0.33536053025077694,False,False,False,False,-729412.0,-325313.30547948484,False,False,False,False,29181.41719958295,False,False,False,False
2025-09-29 15:00:00+00:00,5.365,5.365,5.35,5.355,18963.0,,,5.383793451679113,5.466972162405602,5.529292451656134,5.531408259065986,5.572208474279436,5.611616526977529,5.621706793075066,5.660966731877955,5.66332932180632,5.74478174256809,5.775189249864722,5.798301443007475,5.806022071881635,5.80449130331823,5.800180350291002,5.795309938285207,5.795239496400829,5.794348080155369,5.793760748992946,5.794101539074349,5.816054730939958,,,,5.535094363147746,5.592850197502494,5.633381706990529,5.6798544815807706,5.681008234226128,5.755435055945262,5.778864640408841,5.805149746031656,5.803061190770044,5.8016653710555195,5.797401548092394,5.792918904414222,5.792709038706381,5.791947821054405,5.796822410397122,5.802405054362099,5.786857783417333,5.769921510041254,5.753120978235636,5.749277744745129,5.736184878610974,5.735014364296318,5.723445792402761,5.672890767618476,,5.802405054362099,5.723445792402761,5.74478174256809,5.693289279409664,5.740303482668895,"rgba(239, 83, 80, 0.5)",0.07291856496885293,5.557570627188035,-2.7780391355008467,36.77037409311057,-8.067508068593611,False,False,False,True,False,0.0,0.0,0.0,0.0,0.0,1,0.8346709470304975,1.1091492776886038,False,False,False,False,-0.33147572319356056,-0.33341812672216875,False,False,False,False,-748375.0,-331872.40151856263,False,False,False,False,29022.992126721198,False,False,False,False
2025-09-29 16:00:00+00:00,5.355,5.36,5.325,5.355,15491.0,,,5.3812843182165215,5.465805320888042,5.528252636211349,5.5303710139044435,5.571215754271217,5.6106557659869045,5.620759183779986,5.660083825381113,5.662448028521869,5.744110005564036,5.77457251611333,5.797715608630637,5.8054730586583165,5.8039817545656565,5.799705517051649,5.7948609014867944,5.79479163313846,5.79391185684781,5.793357186348906,5.793698854562192,5.8156992063544095,,,5.346666666666667,5.534078518022525,5.591873442617239,5.632452200500384,5.679056429710641,5.680232764197529,5.754780631713359,5.778255352302142,5.8046333047446,5.802562950249738,5.8011787672267,5.796942036452626,5.792491684544506,5.792282779010768,5.791530833290969,5.796439591299515,5.802093953715865,5.786570145397724,5.769662301187539,5.752888835457189,5.749064611348209,5.735987104629544,5.734817701593465,5.723260494860307,5.672744339323929,5.346666666666667,5.802093953715865,5.723260494860307,5.744110005564036,5.692512092689698,5.724101897602548,"rgba(239, 83, 80, 1.0)",0.07377174438950185,5.536616082079618,-2.461865089169056,35.387114667113174,-9.545295261017081,False,True,False,True,False,0.0,1.0,5.36,5.325,0.0,0,0.8218298555377208,1.1219903691813808,True,False,False,False,-0.34282825441539394,-0.3381231905687814,False,False,False,False,-748375.0,-338329.8061461818,False,False,False,False,28813.193799175133,False,False,False,False
2025-09-29 17:00:00+00:00,5.355,5.39,5.355,5.385,5173.0,,,5.381182405527017,5.465517547144298,5.527964968415348,5.530083371830913,5.570930222738081,5.610372767091899,5.620478671832197,5.659818210624033,5.662182679734752,5.743903087017535,5.774381372990653,5.797533305132366,5.80530198428793,5.803822996260497,5.7995576599537575,5.794721175652897,5.794652273559201,5.793776134027969,5.79323162447311,5.793573558565267,5.815588189862684,,,5.354176829268293,5.533795638145744,5.591588688155869,5.632175588482508,5.678814758515579,5.679997825427052,5.754578592490235,5.7780663878706235,5.804472385771298,5.8024077447168105,5.801027214627955,5.796799007326087,5.792358790396671,5.792150187725125,5.791401138613073,5.796320416362306,5.801996997718038,5.786480721233708,5.769581946755106,5.7528170943578,5.748998791129807,5.735926191248801,5.734757145609216,5.723203583972904,5.6726999669613996,5.354176829268293,5.801996997718038,5.723203583972904,5.743903087017535,5.692313057462972,5.72426374531528,"rgba(239, 83, 80, 0.5)",0.0736639557611328,5.536741555129369,-2.0599159190067913,39.389712913714426,-9.545295261017081,True,False,False,True,True,0.0,0.0,0.0,0.0,0.0,1,0.8277511961722488,1.111642743221691,False,False,False,False,-0.2985662724829824,-0.3183447315258819,False,False,False,False,-743202.0,-344606.8944229852,False,False,False,False,28446.67916662978,False,False,False,False
2025-09-29 18:00:00+00:00,5.385,5.41,5.375,5.405,10020.0,,,5.381817214111922,5.465089676480377,5.527484103469812,5.529601501371715,5.570436226294317,5.60987329060263,5.6199815762989145,5.659341374048508,5.661706008666356,5.743524743675839,5.774030246513324,5.79719739468966,5.804986447962984,5.803530202216346,5.7992850882245035,5.794463730046383,5.794395504286897,5.793526085978658,5.793000295333799,5.793342709120526,5.815383103849774,,,5.368052079259549,5.533319963520928,5.591090390211876,5.6316833008660145,5.6783786562138365,5.679573723303137,5.754208538471611,5.777719084848876,5.804175588637498,5.802121543733951,5.800747788432301,5.7965354147019905,5.792113991685472,5.791905952694328,5.7911622565034735,5.796100761468148,5.801818146455345,5.786316067137186,5.769434313033948,5.7526855955009735,5.748878209577179,5.735814827076811,5.734646456005927,5.7230997608812055,5.672619860497319,5.368052079259549,5.801818146455345,5.7230997608812055,5.743524743675839,5.6919998344401534,5.724568090828756,"rgba(239, 83, 80, 0.5)",0.07331973665926217,5.537073088954356,-1.801330650819676,44.53454153161806,-11.064121321203487,True,False,False,True,True,0.0,0.0,0.0,0.0,0.0,0,0.8335974643423137,1.106180665610143,False,False,False,False,-0.26895594695437375,-0.29365033924012784,False,False,False,False,-733182.0,-350631.3146644893,False,False,False,False,28160.994218309937,False,False,False,False
2025-09-29 19:00:00+00:00,5.405,5.425,5.4,5.41,55752.0,,,5.387361479433191,5.463304171797186,5.525171135072839,5.527278155769491,5.5679708647188075,5.607328818542834,5.617438640266841,5.656869187164443,5.6592330746959405,5.74152496941175,5.772165600488484,5.79540821014057,5.8033038123733895,5.801968513816962,5.797831442292223,5.7930911293654015,5.793026504538204,5.792192900536741,5.791766603941783,5.792111520371994,5.814286395499815,,,5.3961838817159515,5.5310164272872075,5.588574064170404,5.62915378264997,5.676104462161838,5.677360878615995,5.75224922426391,5.775873774836021,5.802592542623824,5.800595086815734,5.799257519695357,5.7951298656069214,5.79080888325186,5.790603867096219,5.78988870026863,5.794928713094938,5.800862617283917,5.785437624654826,5.768647967209449,5.751986448608933,5.748237298795551,5.735223868222916,5.734059167432189,5.72254977502065,5.672199171910431,5.3961838817159515,5.800862617283917,5.72254977502065,5.74152496941175,5.690506339535186,5.724381024531745,#000000,0.0728256587788697,5.536928918161811,-1.7429147952814572,48.53970841706787,-7.487693781180461,True,False,False,False,True,0.0,0.0,0.0,0.0,0.0,0,0.8425196850393701,1.0976377952755911,False,False,False,False,-0.23815257295966594,-0.2659014560998969,False,False,False,False,-677430.0,-355697.9609487608,False,False,False,False,28588.761749809008,False,False,False,False
2025-09-30 14:00:00+00:00,5.355,5.365,5.345,5.35,6350.0,,,5.386656514741227,5.4628871359648485,5.524781156273141,5.526888731410331,5.567591929551902,5.606957980524357,5.617071947726701,5.65652449655456,5.658888877272686,5.741258719141548,5.77192027040701,5.795174662356517,5.803084668155537,5.801764964783385,5.797641661630613,5.792911604296206,5.792847444662308,5.792018457661427,5.791605109267159,5.791950371040303,5.814143818213666,,,5.393251316649782,5.530634047503093,5.588198901452534,5.628793076367552,5.675791298499629,5.677056332118797,5.751989506181252,5.775631304660417,5.802386263720369,5.800396021590901,5.799063069083854,5.794946174411807,5.790638019685691,5.790433385822306,5.789721899506771,5.794775424214321,5.800737814493652,5.785322259626643,5.7685440244308115,5.751893381337411,5.748151830329429,5.735144586025269,5.733980333735889,5.7224755254879796,5.672140633672592,5.393251316649782,5.800737814493652,5.7224755254879796,5.741258719141548,5.690217643887401,5.72408385722435,"rgba(239, 83, 80, 0.5)",0.07344330411221113,5.53640535101955,-2.5380850340658507,44.79599949172808,-7.487693781180461,True,False,False,True,False,0.0,0.0,0.0,0.0,0.0,1,0.8413685847589426,1.101088646967341,False,False,False,False,-0.322939230143636,-0.29442034312176646,False,False,False,False,-683780.0,-360784.50418986526,False,False,False,False,28243.974745935997,False,False,False,False
2025-09-30 15:00:00+00:00,5.355,5.355,5.33,5.335,23196.0,,,5.383374061537652,5.4612080738597495,5.523261890246064,5.525372739615159,5.566133573168848,5.6055417613788645,5.615673778367383,5.655216916323987,5.6575835306426345,5.740255903718941,5.770998069870694,5.7942979440750975,5.802262285710302,5.801000923389355,5.796929021694471,5.7922372048291875,5.792174786718148,5.791363077831953,5.7909982765890495,5.79134484706595,5.813608696365788,,,5.382601236973554,5.529147126355614,5.586761349118083,5.627420034888105,5.674605395965435,5.675903077942081,5.751012010743416,5.774720051405809,5.801612026019495,5.799648714571885,5.798332991894693,5.794256242368452,5.789996006843307,5.789792798496325,5.789095088839572,5.794199490967289,5.8002689429422505,5.784888373236309,5.768152593588575,5.751542422805823,5.747829402645896,5.734845150744956,5.733682560887657,5.722194764475189,5.6719180455992975,5.382601236973554,5.8002689429422505,5.722194764475189,5.740255903718941,5.689087493476157,5.722977036012762,"rgba(239, 83, 80, 0.5)",0.07438232135211673,5.534363148461088,-2.6802490811940016,41.214031292278484,-1.9891970003746593,True,False,False,True,False,0.0,0.0,0.0,0.0,0.0,0,0.8416149068322982,1.0978260869565222,False,False,False,False,-0.34282825441539394,-0.3186242987685802,False,False,False,False,-706976.0,-366151.8142024255,False,False,False,False,28165.7115715804,False,False,False,False
2025-09-30 16:00:00+00:00,5.335,5.35,5.33,5.345,3385.0,,,5.382950214806164,5.460970193168584,5.523044266956501,5.525155535009508,5.565923872995444,5.6053376367336885,5.615472148467502,5.6550280076023824,5.657394928981666,5.740110589101891,5.770864341141618,5.794170754925345,5.802142951141121,5.8008900402618,5.796825590095849,5.792139319462005,5.792077153766091,5.7912679494704316,5.790910184379112,5.791256944190995,5.813530981285972,,,5.381440417647535,5.5289339716116706,5.58655436531984,5.627221912936758,5.674433895350318,5.675736274470203,5.750870329072552,5.774587899183486,5.801499665148254,5.799540257302248,5.798227032320634,5.794156104044743,5.7899028170521865,5.789699815510115,5.789004103135523,5.794115874740191,5.800200847614714,5.784825363672449,5.768095753860413,5.75149146452155,5.747782585367799,5.734801676281948,5.733639328233166,5.722154005905662,5.67188575116939,5.381440417647535,5.800200847614714,5.722154005905662,5.740110589101891,5.688926838283033,5.722832060458934,"rgba(239, 83, 80, 0.5)",0.07463412257307048,5.534091914474713,-2.533585281847226,40.17752208527199,-2.9624371799847182,True,False,False,True,False,0.0,0.0,0.0,0.0,0.0,0,0.8410493827160495,1.0941358024691363,False,False,False,False,-0.34282825441539394,-0.33072627659198706,False,False,False,False,-703591.0,-371383.4294861088,False,False,False,False,27781.514492951246,False,False,False,False
2025-09-30 17:00:00+00:00,5.345,5.35,5.335,5.345,3078.0,,,5.382587478321915,5.460757717569834,5.522848647343661,5.52496026492916,5.565734945858811,5.605153470490444,5.615290177110221,5.654857341872229,5.6572245320443555,5.739979097959651,5.770743285054049,5.794055588881422,5.802034885752613,5.800789625819735,5.796731924175461,5.792050677821941,5.7919887406603445,5.791181804161449,5.790830408669289,5.791177339626063,5.81346058625384,,,5.3804824887364395,5.52874229035572,5.586367735876855,5.6270430479280815,5.6742788824466315,5.67558549955604,5.750742106603825,5.774468264752705,5.801397912549591,5.799442039883275,5.798131076911857,5.79406542139748,5.789818427616258,5.789615613432872,5.788921709552908,5.794040148821745,5.80013917069235,5.784768299683708,5.768044284272765,5.751445327254316,5.747740198185616,5.7347623206029965,5.733600191926231,5.722117113793527,5.671856539325065,5.3804824887364395,5.80013917069235,5.722117113793527,5.739979097959651,5.688782787636976,5.722704644486353,"rgba(239, 83, 80, 0.5)",0.0750494131516982,5.533853655946478,-2.5163908419209946,39.486515947267655,-3.818252156044636,False,False,False,True,False,0.0,0.0,0.0,0.0,0.0,0,0.8433179723502305,1.093701996927804,False,False,False,False,-0.3388082604576287,-0.33476726852480787,False,False,False,False,-703591.0,-376533.93445531646,False,False,False,False,27398.514268254326,False,False,False,False
2025-09-30 18:00:00+00:00,5.345,5.36,5.345,5.355,10043.0,,,5.381738867129582,5.460128339752362,5.522248715462076,5.524360957168243,5.565148349675574,5.604577245619679,5.614719893820704,5.654319619016909,5.656687510414545,5.739561471039056,5.770358005810671,5.793688558096869,5.801690319377416,5.800469451973165,5.796433311454545,5.791768138425916,5.7917069300105215,5.790907227728592,5.790576123773064,5.790923595198554,5.813235928058361,,,5.378424498822535,5.528153194727617,5.58578575601501,5.62648152093698,5.673789361560384,5.675109274054413,5.750334553895174,5.774087422019282,5.801073465963905,5.79912888641643,5.797825149667107,5.793776351463552,5.789549462715855,5.789347248092056,5.788659113332924,5.79379872278928,5.799942447825266,5.784586427480317,5.767880386413431,5.751298548440049,5.747605376007225,5.734637243772365,5.733475821855835,5.721999967505886,5.6717641622377695,5.378424498822535,5.799942447825266,5.721999967505886,5.739561471039056,5.688345169476496,5.722340574560426,"rgba(239, 83, 80, 0.5)",0.07531615047599297,5.533185962978716,-2.365840020401896,40.515258455140454,-3.818252156044636,True,False,False,True,False,0.0,0.0,0.0,0.0,0.0,0,0.8470948012232417,1.0902140672782878,False,False,False,False,-0.3228318222824308,-0.32879954540361933,False,False,False,False,-693548.0,-381448.8812079472,False,False,False,False,27129.436527661233,False,False,False,False
2025-09-30 19:00:00+00:00,5.355,5.37,5.355,5.36,14076.0,,,5.380954671448027,5.45932640339457,5.521456110323695,5.523568579478592,5.564363756129309,5.603800688948402,5.613950115896048,5.653589958006326,5.655958610624279,5.738990248976374,5.769829970985982,5.793184880728558,5.8012172335235785,5.8000298242456045,5.796023318618158,5.791380265825723,5.791320057427541,5.790530285821879,5.790227005016005,5.790575211681968,5.812927120884403,,,5.376815077372344,5.527373203944201,5.585004011108192,5.625722259067506,5.673123546532484,5.674461397853238,5.749776704451843,5.773565349772768,5.800627969125344,5.798698908848823,5.797405103287102,5.793379489938967,5.789180237041995,5.788978847838182,5.788298633165014,5.7934671848108,5.799672156967382,5.784336698904472,5.767655502875656,5.751097313200823,5.747420558551884,5.73446590565693,5.733305463184735,5.721839612101516,5.671638165081173,5.376815077372344,5.799672156967382,5.721839612101516,5.738990248976374,5.687771634189763,5.721892372027335,"rgba(239, 83, 80, 0.5)",0.0749789760322636,5.532383637088802,-2.299092975271163,41.94806865892342,-3.818252156044636,True,False,False,True,False,0.0,0.0,0.0,0.0,0.0,0,0.8508371385083716,1.0867579908675804,False,False,False,False,-0.30701313159410537,-0.31790633849886235,False,False,False,False,-679472.0,-386069.39467759145,False,False,False,False,26927.05766676726,False,False,False,False
2025-10-01 14:00:00+00:00,5.66,5.695,5.645,5.695,78140.0,,,5.433955776851235,5.468800105920279,5.525639942701938,5.527642759018148,5.566752142322234,5.605100342640486,5.615019288399187,5.653927751703197,5.656261337431194,5.73848549535607,5.769178398672854,5.7924463374151705,5.80048816434949,5.799356724899908,5.795410423559791,5.790817144023074,5.790758599900268,5.789985987657171,5.789723679136087,5.790071784015624,5.812418098835265,,,5.481666955936106,5.531199830641733,5.586776850771424,5.626546516017125,5.673184518424796,5.67450532180255,5.749211965399881,5.772900802304745,5.799943518770395,5.798045720415303,5.796771904273011,5.792795906913285,5.788651780406823,5.788452277276979,5.787785676830215,5.792978905597445,5.799258163470705,5.783990358793942,5.767381834986528,5.750889287614108,5.74723738466853,5.7343231207245235,5.733165994201606,5.721732397554449,5.671653232527413,5.481666955936106,5.799258163470705,5.721732397554449,5.73848549535607,5.691059061181366,5.726042009052944,"rgba(38, 166, 154, 1.0)",0.07860134331658127,5.54513341449706,1.90666697513458,56.63136978857155,-0.5459453880739886,True,False,True,False,True,15.258808360148276,0.0,0.0,0.0,0.0,0,0.8660220994475141,1.062154696132597,False,False,False,False,0.14447504662639965,-0.08671564593623135,False,False,False,False,-601332.0,-389406.79941127216,False,False,False,False,27721.056772708853,False,False,False,False
2025-10-01 15:00:00+00:00,5.695,5.73,5.69,5.725,30685.0,,,5.452339070401658,5.472912427817771,5.527602538246121,5.529559770783371,5.567962175847064,5.605847765653696,5.615667058831481,5.654253413786035,5.6565717709887045,5.738409000064709,5.769027312898154,5.792251264292443,5.800289453398828,5.799173901705926,5.795246317565775,5.790669125864233,5.790611053878679,5.789843406519299,5.789591917727202,5.789939792092185,5.812273634898411,,,5.509701931824263,5.533011382555667,5.587726237054963,5.627087381645994,5.673375815434856,5.674684916518233,5.749106095960851,5.7727425711976466,5.799757239696425,5.797869124091659,5.796601499294169,5.792641247711832,5.788514151563864,5.7883152617224,5.787652591995792,5.79284925563708,5.799145423748253,5.783901955711792,5.767318887875366,5.750849040886702,5.747203855221683,5.7343038382029805,5.733147913532724,5.721725888705779,5.671691506536216,5.509701931824263,5.799145423748253,5.721725888705779,5.738409000064709,5.692382960631512,5.727237000573087,"rgba(38, 166, 154, 1.0)",0.08304416495656528,5.549606839739779,2.112046768751988,66.74661135597938,8.179730661182518,True,False,True,False,True,17.02023687133886,0.0,0.0,0.0,0.0,0,0.8797814207650277,1.051912568306011,False,False,False,False,0.32818307557888227,0.12073371482132546,False,False,False,False,-570647.0,-392216.72500179504,False,False,False,False,27767.00938088391,False,False,False,False
2025-10-01 16:00:00+00:00,5.725,5.755,5.715,5.74,95318.0,,,5.500354749591476,5.4859224762595735,5.534123458810068,5.535939599636232,5.572133849291405,5.608554278226187,5.618054231928684,5.655596284801672,5.657865449391653,5.738391548151982,5.768749394377002,5.79181973032354,5.799833361085155,5.7987559013208,5.794877286344493,5.790343601068513,5.79028666114138,5.7895311619854555,5.789303601313974,5.789650416361503,5.811926950385866,,,5.5713882528720555,5.5390613399737765,5.591074829805211,5.629129965725778,5.6742626294743514,5.675527214841392,5.748987659050229,5.772438901018265,5.799330366730951,5.797467497271114,5.79621601739281,5.792297701670098,5.788214932635359,5.78801770986047,5.787364638718968,5.792560581037909,5.798886814053513,5.78371468531296,5.767204892380034,5.750799808233939,5.747169920893284,5.73431113989308,5.733158759099596,5.721770624392722,5.67186923370843,5.5713882528720555,5.798886814053513,5.721770624392722,5.738391548151982,5.696286380561743,5.730089044641852,"rgba(38, 166, 154, 1.0)",0.08764522054672785,5.56195286355377,2.031452888538345,73.65439155196364,13.850086133743375,True,False,True,False,True,17.879501741009232,0.0,0.0,0.0,0.0,0,0.8944444444444448,1.0458333333333336,False,False,False,False,0.3428280669071961,0.23178089086426076,False,False,False,False,-475329.0,-393505.28740486794,False,False,False,False,28814.311561025243,False,False,False,False
2025-10-01 17:00:00+00:00,5.735,5.755,5.725,5.73,67845.0,,,5.525711685508648,5.49442733398059,5.538522456161692,5.540246292769021,5.574979632302211,5.610413472834848,5.6196967757285625,5.65652575283899,5.658761088335955,5.738379337786289,5.768554469251432,5.791516634588772,5.79951268927117,5.7984617685787585,5.794617438879505,5.7901142811444375,5.79005813302892,5.789311138603706,5.789100291078158,5.789446353644849,5.811682119458386,,,5.598178983734398,5.5431531075920715,5.593367992293038,5.630538044435559,5.674878851739168,5.676112929346247,5.748904723258051,5.772225851947355,5.799030031249426,5.797184825474662,5.795944647898064,5.79205573192941,5.7880040513521696,5.787807999865008,5.787161654201159,5.792356910192624,5.798704042432188,5.783582292929243,5.767124268375092,5.750764973365378,5.747145900121997,5.734316309624359,5.733166438066435,5.721802303296002,5.6719951443630805,5.598178983734398,5.798704042432188,5.721802303296002,5.738379337786289,5.698573292655947,5.731420320363287,"rgba(38, 166, 154, 1.0)",0.09139272744934633,5.56901184649443,1.7614985130495966,77.45483574517634,16.870706301372635,True,False,True,False,True,16.95246560412901,0.0,0.0,0.0,0.0,0,0.8986111111111115,1.0430555555555556,False,False,False,False,0.3428280692510479,0.28730448005765435,False,False,False,False,-543174.0,-395825.7325613816,False,False,False,False,29419.438513567486,False,False,False,False
2025-10-01 18:00:00+00:00,5.73,5.75,5.725,5.745,68447.0,,,5.54664348346874,5.502552646568552,5.542842477965556,5.544478520561954,5.5778097888464675,5.612283370092611,5.6213543580273235,5.657480232781333,5.659682066095035,5.738390830110755,5.768380507701365,5.791232585742333,5.799209439724128,5.798183691681176,5.794372570505171,5.789899208925088,5.7898438140133965,5.789104949086727,5.7889097010240045,5.789254968778604,5.811447629191918,,,5.618111720968625,5.547181189420427,5.595661585039554,5.631965197247746,5.675521211223351,5.6767244859942245,5.748844659294498,5.772033377588573,5.798745974383833,5.796917858163755,5.795688620157447,5.791828302075914,5.787806741084579,5.787611834942669,5.786971919309345,5.7921651399188185,5.798530583306804,5.78345891510284,5.767052214066788,5.750738271204605,5.747129450508418,5.734328866637698,5.733181496517043,5.721841263519465,5.672128199186947,5.618111720968625,5.798530583306804,5.721841263519465,5.738390830110755,5.700636040042488,5.732486763074558,"rgba(38, 166, 154, 1.0)",0.09533289233187159,5.57530257849597,1.7800511172291063,80.21015512891735,19.274771548118295,True,False,True,False,True,17.8259218231195,0.0,0.0,0.0,0.0,0,0.9012517385257307,1.0417246175243395,False,False,False,False,0.338205988634028,0.3127552343458412,False,False,False,False,-474727.0,-397049.0080255462,False,False,False,False,30024.516986225353,False,False,False,False
2025-10-01 19:00:00+00:00,5.745,5.765,5.71,5.715,150144.0,,,5.5789985763540795,5.517943582703609,5.551249831582137,5.552717866183614,5.583327698414272,5.615895103922432,5.624541724943003,5.659254689920832,5.661388293183992,5.738262310195006,5.767874359109482,5.79050083948434,5.798444403338717,5.797479616349177,5.793745659992766,5.789340573955923,5.789287014048395,5.788567751974815,5.788412337062965,5.788756107377708,5.810867345011649,,,5.6444784137940776,5.555034896913428,5.600118043982092,5.63469100198883,5.676675036949572,5.677820156700525,5.7485698973212624,5.7714897977312205,5.798027894319877,5.796239517254077,5.7950357390188305,5.791241384013633,5.787290199026361,5.787097916033436,5.786473543701179,5.791669652825092,5.798089255498667,5.783128992414149,5.766837556452196,5.750626042765042,5.747043389133083,5.734307988869056,5.733166191847947,5.721879400532111,5.672375514680626,5.6444784137940776,5.798089255498667,5.721879400532111,5.738262310195006,5.704135985005186,5.733976296950654,"rgba(38, 166, 154, 1.0)",0.09821753756170298,5.586187820067511,1.3114987723202274,79.44630751018613,19.274771548118295,True,False,True,False,True,15.060288387305576,0.0,0.0,0.0,0.0,0,0.896836313617607,1.0343878954607981,False,False,False,False,0.338205988634028,0.32548061148993457,False,False,False,False,-624871.0,-400581.1319321269,False,False,False,False,31886.834552330387,False,False,False,False
2025-10-02 14:00:00+00:00,5.705,5.705,5.665,5.675,19147.0,,,5.581258064046479,5.519344315280115,5.551992675652263,5.5534440655409565,5.583780286257359,5.616151441873028,5.624754644973095,5.659324405364363,5.661450847148336,5.738151980148048,5.767729623186662,5.790335234040852,5.79828001999999,5.797327310361417,5.793606638275521,5.789212667033252,5.789159472381394,5.788443991600712,5.7882975314342335,5.78864125803341,5.810750064614387,,,5.645563366296403,5.5557248452446615,5.600461574803171,5.634856977104381,5.6766884824352655,5.677830218473072,5.748445731682705,5.771341909238759,5.797873102312019,5.796091599807823,5.794892229328913,5.791108898665259,5.787169976446796,5.78697811757173,5.786356756767142,5.791557955838954,5.79799372317103,5.783049202509266,5.7667746789418315,5.7505784855030555,5.747001528809104,5.734275632305363,5.733134618391187,5.721855444145362,5.6723805753740955,5.645563366296403,5.79799372317103,5.721855444145362,5.738151980148048,5.7043541208212325,5.733999425246695,"rgba(38, 166, 154, 0.75)",0.09997972767489312,5.587030506048034,0.8798733102976496,75.81702962122145,19.274771548118295,True,False,True,False,False,11.551846054417144,0.0,0.0,0.0,0.0,0,0.8943758573388207,1.0452674897119345,False,False,False,False,0.24397827310870238,0.28472944229931846,False,False,False,False,-644018.0,-404355.3469409311,False,False,False,False,31689.317737565572,False,False,False,False
2025-10-02 15:00:00+00:00,5.675,5.695,5.66,5.675,41426.0,,,5.585594495157846,5.522203501912635,5.553510399592041,5.5549274081414115,5.584696081639682,5.616657458637885,5.6251699266309325,5.659440340151732,5.661551726069466,5.737893738340493,5.767400036531676,5.7899622463012435,5.797910761414179,5.796984965509852,5.7932936488041005,5.788924150208958,5.788871770583866,5.788164712127255,5.788038376154146,5.788382038890648,5.81048724619179,,,5.647410085192255,5.557133916858778,5.6011498545476845,5.635174161610725,5.676688356033463,5.677823670382905,5.748158664179628,5.771005854064354,5.797525253907301,5.795758945195235,5.794569318603535,5.790810304397681,5.786898517152112,5.786707591961347,5.786092942451098,5.791306105062812,5.7977787062252775,5.782868506966383,5.766630982274104,5.750468366531177,5.746904226953551,5.734199121852034,5.73305981564929,5.721797273865096,5.672385620391327,5.647410085192255,5.7977787062252775,5.721797273865096,5.737893738340493,5.704765001380563,5.734012246492367,"rgba(38, 166, 154, 0.75)",0.10177802201735699,5.588703459115163,0.8478897425430374,73.39751102857834,19.274771548118295,True,False,True,False,False,11.551846054417165,0.0,0.0,0.0,0.0,0,0.8958904109589048,1.0424657534246577,False,False,False,False,0.23089226416851294,0.2578108532339157,False,False,False,False,-644018.0,-408071.04698835855,False,False,False,False,31840.274051711844,False,False,False,False
2025-10-02 16:00:00+00:00,5.675,5.7,5.665,5.69,70667.0,,,5.592747166720803,5.527098822062954,5.556185410939574,5.557544702932435,5.58635515074885,5.617618592737681,5.625975400598988,5.659728532312522,5.661813951898499,5.737517465756281,5.76689441470917,5.789377985520415,5.7973289467287925,5.796445573337235,5.792801456264961,5.788471663151847,5.788420571288308,5.787726874547923,5.787631931021787,5.7879753852514835,5.8100690555391745,,,5.650867171709941,5.559625691522881,5.602422150716473,5.6358107357661,5.676769703102151,5.67789190827513,5.747730697453085,5.770488218530764,5.796977056424814,5.795235149059004,5.79406117681236,5.790341449894076,5.78647328625804,5.7862838789813456,5.785679878492719,5.790910066854494,5.7974387876987254,5.782585753994839,5.766409518789431,5.750302399794898,5.746758482929993,5.7340879105569815,5.732951457656893,5.721716647470884,5.6724108982124175,5.650867171709941,5.7974387876987254,5.721716647470884,5.737517465756281,5.705510907336652,5.734089203078337,"rgba(38, 166, 154, 0.75)",0.10400744949064651,5.5916044274146,0.9460435100300123,72.34979894179472,19.274771548118295,True,False,True,False,False,12.502500680895032,0.0,0.0,0.0,0.0,0,0.8976807639836295,1.038199181446112,False,False,False,False,0.2396073688173788,0.24870911102564724,False,False,False,False,-573351.0,-410633.5268800119,False,False,False,False,32442.238795096157,False,False,False,False
2025-10-02 17:00:00+00:00,5.695,5.695,5.66,5.695,43960.0,,,5.596628168530906,5.529967654944865,5.557774407090175,5.559099761843294,5.587342829877708,5.618188512588144,5.626451770728127,5.659892944096372,5.661962622325419,5.737278742990161,5.766576662283884,5.789012052006358,5.79696470590088,5.796107667092118,5.792492828788392,5.78818766397555,5.788137373451294,5.787451989292284,5.787376626773766,5.787719959042061,5.809806865969501,,,5.652624080386404,5.561107383245199,5.603178729054191,5.636185447796734,5.676809422624164,5.677923905739672,5.747460389142014,5.770163126842726,5.796633688806086,5.7949069133121425,5.793742652406913,5.7900472974844694,5.786206232340594,5.786017767238982,5.785420395916057,5.790661334117097,5.797225246515512,5.782407693932146,5.766269549630207,5.750196956132657,5.746665727917501,5.734016642070649,5.732881962982203,5.721664401411175,5.672424496781229,5.652624080386404,5.797225246515512,5.721664401411175,5.737278742990161,5.7059248480757745,5.734113657753069,"rgba(38, 166, 154, 0.75)",0.10670423043531413,5.593269809615546,0.9533847905507775,71.84790145457471,19.274771548118295,True,False,True,False,False,12.819392774600885,0.0,0.0,0.0,0.0,0,0.8965986394557829,1.0408163265306123,False,False,False,False,0.23089226416851294,0.2398006875970801,False,False,False,False,-529391.0,-412474.7280136551,False,False,False,False,32620.80873625746,False,False,False,False
2025-10-02 18:00:00+00:00,5.695,5.715,5.685,5.71,9354.0,,,5.597592143678756,5.530642396571832,5.558160452819989,5.559478178781483,5.58759365082521,5.618345349468276,5.626587397710076,5.6599572310437045,5.662023350398682,5.737246949698147,5.766525530851098,5.788949187242491,5.796901089897251,5.796048731430321,5.792439373122864,5.788138920089278,5.788088772226557,5.787404884341187,5.78733287494912,5.787676151690082,5.8097600162952965,,,5.653201342262821,5.561468938284218,5.6033776097828865,5.636297919026974,5.676843532354351,5.6779556594448595,5.747421011634913,5.77011012641546,5.7965737431470865,5.794849793385927,5.793687346311331,5.789996606531023,5.786160598709314,5.785972314503882,5.7853761355316005,5.790618390939112,5.797187872461974,5.782377519783175,5.766246994753922,5.750181260591327,5.746652247816845,5.73400747702885,5.732873159412661,5.721659093633107,5.672432682956362,5.653201342262821,5.797187872461974,5.721659093633107,5.737246949698147,5.706042506339604,5.734141175068159,"rgba(38, 166, 154, 0.75)",0.10971079919251009,5.593684093644497,1.060204712859695,72.12281418358998,19.274771548118295,True,False,True,False,False,13.769799765335364,0.0,0.0,0.0,0.0,0,0.9088435374149664,1.031292517006803,False,False,False,False,0.2704030683637676,0.25510187798042383,False,False,False,False,-520037.0,-414142.36013747443,False,False,False,False,32260.08301941626,False,False,False,False
2025-10-02 19:00:00+00:00,5.715,5.73,5.705,5.725,58100.0,,,5.604095810688593,5.535111928459388,5.560783266179177,5.562052109229992,5.589348479035066,5.619495237012373,5.62759985178033,5.660504114511849,5.662547175933906,5.737147196612348,5.766293060324511,5.788636386694811,5.796577922648421,5.795749841820889,5.792170612711017,5.787896664755406,5.787847258543105,5.787171250133687,5.787115856323235,5.787458636442479,5.80951536851357,,,5.657612589419301,5.563933189038206,5.604798494052772,5.637159764089611,5.677185519804701,5.678279497456698,5.747269862736871,5.769864497514358,5.796269372072106,5.7945609200411,5.793408423223708,5.789743371882867,5.785935087646225,5.785747824803392,5.7851579196057,5.790403354143303,5.796997502938532,5.782230024517606,5.766144279143292,5.750118605831186,5.746600848812354,5.733981537268977,5.7328493810236,5.721656115155882,5.6725108047041415,5.657612589419301,5.796997502938532,5.721656115155882,5.737147196612348,5.7069103823025795,5.734416751477059,"rgba(38, 166, 154, 0.75)",0.11309196608421215,5.596518342498456,1.1360812085084089,72.90642808111761,19.274771548118295,True,False,True,False,False,14.71011408455249,0.0,0.0,0.0,0.0,0,0.9170068027210889,1.0231292517006803,False,False,False,False,0.3017079526885389,0.27840491533448136,False,False,False,False,-461937.0,-414883.36230588565,False,False,False,False,32660.701887332285,False,False,False,False
2025-10-03 14:00:00+00:00,5.785,5.805,5.78,5.805,27996.0,,,5.608902883326781,5.538053301514092,5.5626110367352695,5.563850958854188,5.590664062358336,5.620455700594937,5.628478238626848,5.661099104587321,5.663128553992613,5.737312615183051,5.766366014204594,5.788653902920972,5.796578101987631,5.795751574840081,5.792178636255378,5.787911663477652,5.787862306719744,5.787187082804705,5.787130666353985,5.787472875084048,5.809498515892339,,,5.661900965675361,5.56566343734747,5.605918337628309,5.637947250110967,5.677640014011221,5.678717257281983,5.747400717104371,5.769927654178559,5.796270131567228,5.794564828773459,5.793414355256222,5.7897554200887775,5.785952684668769,5.785765698715379,5.7851764002517285,5.790412530750242,5.796997110234367,5.782246454665597,5.766176909870195,5.750165121998971,5.746647330152804,5.73403742327203,5.7329061314446195,5.721720947253351,5.672608981040576,5.661900965675361,5.796997110234367,5.721720947253351,5.737312615183051,5.7076737045864085,5.734797363733702,"rgba(38, 166, 154, 0.75)",0.11888604582494813,5.598588763550211,1.7362107976382333,75.84001969724936,19.274771548118295,True,False,True,False,False,19.36024550815271,0.0,0.0,0.0,0.0,0,0.9263721552878182,1.0107095046854082,False,False,False,False,0.3428280907341981,0.31061650303433974,False,False,False,False,-433941.0,-415178.8295569572,False,False,False,False,32588.38092783876,False,False,False,False
2025-10-03 15:00:00+00:00,5.805,5.825,5.785,5.825,43647.0,,,5.616498407091192,5.54276779362732,5.565583825446668,5.566778254275102,5.592829079244494,5.622058220036236,5.629950145322931,5.662117914696273,5.664125652166403,5.737633397595285,5.76653501613502,5.788731897182446,5.79662549085879,5.795798338295143,5.792232706019678,5.787974833590473,5.78792546141104,5.7872505537703,5.787189840127208,5.78753106107505,5.809502940440547,,,5.668771418411391,5.568482105753915,5.607773642160378,5.639274156177475,5.678430165933139,5.679479300547122,5.747665042433628,5.770080430927665,5.7963158826426975,5.794614177507566,5.7934660165534835,5.7898147069369506,5.7860182530535,5.785831632876735,5.785242553008325,5.790460969065034,5.7970242074598595,5.782298563288719,5.766252603097728,5.750260790876543,5.746741304674166,5.734145173715237,5.733015174030577,5.721841985273962,5.672780202394994,5.668771418411391,5.7970242074598595,5.721841985273962,5.737633397595285,5.708935277543219,5.735443218352032,"rgba(38, 166, 154, 1.0)",0.12503830043861092,5.6019296040191175,1.784016538919623,78.24584971993414,21.403083182828524,True,False,True,False,True,20.0,0.0,0.0,0.0,0.0,0,0.9278074866310163,1.0093582887700532,False,False,False,False,0.3428280951342291,0.3267222990842844,False,False,False,False,-390294.0,-414793.01824599656,False,False,False,False,32759.832386321876,False,False,False,False
2025-10-03 16:00:00+00:00,5.825,5.825,5.795,5.795,34306.0,,,5.621889734632798,5.546271737674065,5.567809088759709,5.568969652238229,5.594450270561024,5.623255422653874,5.631048709881344,5.662873792649902,5.664865022891493,5.737861062485361,5.766647475815523,5.788775117813915,5.796646112950712,5.795819540330479,5.792260487476925,5.788010344093739,5.787960992546434,5.787286652125262,5.78722353676256,5.787564020265855,5.80949572944374,,,5.673512454864979,5.570593110627137,5.6091616512556195,5.640263160595625,5.6790139571403815,5.680042253480006,5.7478497953606125,5.770180604234327,5.796336117797659,5.794637679567725,5.793491618758018,5.789846933018687,5.786056220157511,5.785869908935629,5.785281257068825,5.790486965839947,5.797035770374008,5.782330122682656,5.76630321282564,5.750327635763709,5.746807412206199,5.734222389358512,5.7330934217684435,5.721929847460262,5.672908038933832,5.673512454864979,5.797035770374008,5.721929847460262,5.737861062485361,5.709856404954902,5.735903261603038,"rgba(38, 166, 154, 1.0)",0.12986750004357248,5.604378691908389,1.4678137950422914,76.78305112145803,21.403083182828524,True,False,True,False,True,17.69609917697669,0.0,0.0,0.0,0.0,0,0.9261744966442956,1.0161073825503355,False,False,False,False,0.3428280968287092,0.3347751979564968,False,False,False,False,-424600.0,-414945.0644747408,False,False,False,False,32783.80397723161,False,False,False,False
2025-10-03 17:00:00+00:00,5.795,5.805,5.785,5.79,8448.0,,,5.623088785828179,5.547082014690125,5.5683240945276635,5.569476752155182,5.59482379035315,5.623529067438837,5.631299121440499,5.66304352638225,5.665030847593242,5.737907188922058,5.7666666750409785,5.788778098037423,5.796644105307894,5.795818130437831,5.792261062049194,5.788013076730227,5.7879637441444745,5.787289678941438,5.7872263820555725,5.787566699534177,5.80948935829949,,,5.674530613072835,5.571081598979465,5.609480277856847,5.640487778632384,5.679143656551556,5.680167238190308,5.747885858656102,5.770196948388775,5.796334395771661,5.79463695312763,5.793491532284035,5.789848754054547,5.786059802774512,5.785873577114902,5.785285139537423,5.790488218599203,5.79703444904814,5.782333888245578,5.766311904102994,5.750340564286811,5.7468204093419,5.734238248184759,5.733109542425662,5.7219484207206435,5.672936704245303,5.674530613072835,5.79703444904814,5.7219484207206435,5.737907188922058,5.710062961900471,5.7360026589677595,"rgba(38, 166, 154, 1.0)",0.13426033605587895,5.604936049573515,1.3783962997788213,75.30694345277395,21.403083182828524,True,False,True,False,True,17.246042710448922,0.0,0.0,0.0,0.0,0,0.924832214765101,1.0134228187919463,False,False,False,False,0.3193687546644507,0.32707197631047374,False,False,False,False,-433048.0,-415225.7301417991,False,False,False,False,32406.504690762904,False,False,False,False
2025-10-03 18:00:00+00:00,5.785,5.805,5.78,5.795,21519.0,,,5.626068598879001,5.5491221641341975,5.569625367726332,5.570758155613698,5.595768922887123,5.624222141736981,5.631933499659539,5.663473888502331,5.66545131358954,5.738024337740766,5.766715455306131,5.788785671775773,5.796639002356253,5.795814546330646,5.792262522840352,5.788020024725216,5.78797074038048,5.787297375265895,5.787233617713302,5.7875735130178345,5.809473152198961,,,5.6770475797132995,5.5723162651737645,5.610286934187821,5.64105696533414,5.679472705051078,5.680484360621184,5.747977462323865,5.770238476647279,5.7963300182852056,5.794635106368014,5.793491312441172,5.789853384068913,5.786068912607652,5.785882904541999,5.785295012184351,5.790491404688904,5.797031087584015,5.782343468367103,5.766334017556163,5.750373461119082,5.746853483254327,5.734278605846518,5.733150566496013,5.721995687464665,5.673009659774406,5.6770475797132995,5.797031087584015,5.721995687464665,5.738024337740766,5.710582572018111,5.736251953668037,"rgba(38, 166, 154, 0.75)",0.13855080051852464,5.606336096848866,1.3616947895289095,74.52908123070394,21.403083182828524,True,False,True,False,False,17.530760707847765,0.0,0.0,0.0,0.0,0,0.9286675639300139,1.012113055181696,False,False,False,False,0.3154923322887327,0.3212821542996032,False,False,False,False,-411529.0,-415168.4164961898,False,False,False,False,32237.706168425495,False,False,False,False
2025-10-03 19:00:00+00:00,5.795,5.795,5.775,5.78,104692.0,,,5.638409504128413,5.558196631176868,5.575473669393615,5.576517734459217,5.600015198354932,5.627320159336519,5.634763353579286,5.665369562510175,5.6673012856796525,5.738485502484677,5.766862042023637,5.788741922098351,5.79653997029174,5.795727569966056,5.792203730878683,5.7879904354661385,5.787941529425656,5.78727296733109,5.7872112642387625,5.787549278565101,5.809346204825615,,,5.686979049242611,5.5778693152064065,5.613903521336275,5.643588758940128,5.680908621702937,5.681867675718103,5.74832079733,5.770351837826796,5.796238437847111,5.794557746719709,5.793423097236368,5.789811507027829,5.786052344702903,5.785867488889597,5.785283374398846,5.790452617708931,5.7969708285950245,5.782347645047543,5.766401430830181,5.750495703521471,5.746979247320838,5.734441050849579,5.733316326507537,5.722192644271472,5.67333394381058,5.686979049242611,5.7969708285950245,5.722192644271472,5.738485502484677,5.712820929343532,5.737278200503551,"rgba(38, 166, 154, 0.75)",0.14221804728294027,5.612438712179918,1.1781998910920377,72.3024348551957,21.403083182828524,True,False,True,False,False,16.155106269409085,0.0,0.0,0.0,0.0,0,0.923387096774194,1.014784946236559,False,False,False,False,0.30391742061575466,0.3125997874576789,False,False,False,False,-516221.0,-416735.12321717903,False,False,False,False,33361.028553411146,False,False,False,False
2025-10-06 14:00:00+00:00,5.76,5.79,5.735,5.775,9850.0,,,5.639349498764491,5.558953812048271,5.575964675640567,5.5770012262614586,5.600369412207446,5.627574963846343,5.63499490848582,5.6655200725224555,5.6674477846833415,5.738512463586468,5.766861880010106,5.788725269087065,5.796519065728936,5.795708528882834,5.792187920922758,5.787977776549624,5.78792892849182,5.787261036682882,5.787200192010854,5.787538055201503,5.809326712430927,,,5.687673514678842,5.5783356079783974,5.614203316457304,5.643794476735456,5.681020028410985,5.681974848708264,5.748337543710848,5.770348838730441,5.7962188456848835,5.79453979622704,5.793406202536895,5.7897975292036135,5.7860413045620875,5.7858565722157795,5.785272988939465,5.790440497451513,5.796958290898158,5.7823414223483285,5.766401529755374,5.750501344357287,5.746985631046397,5.7344510880861135,5.733326687783005,5.722206076307557,5.673359748191011,5.687673514678842,5.796958290898158,5.722206076307557,5.738512463586468,5.7129963897164755,5.737351749240203,"rgba(38, 166, 154, 0.75)",0.14556738942793648,5.612932580506037,1.113349769689972,70.23773512642828,25.56013791980058,True,False,True,False,False,15.696472228873485,0.0,0.0,0.0,0.0,0,0.9122340425531918,1.0186170212765957,False,False,False,False,0.2696485132869756,0.29112415037232725,False,False,False,False,-526071.0,-418430.2530897809,False,False,False,False,32996.51648281562,False,False,False,False
2025-10-06 15:00:00+00:00,5.775,5.8,5.765,5.795,20246.0,,,5.641535782831524,5.560641205500697,5.577071045265252,5.578091313395375,5.601179762237262,5.6281706703217,5.635540216358245,5.66588892971037,5.667807976226647,5.738606970315158,5.7668955788592156,5.788722082031468,5.79650491500628,5.7956963681726625,5.792180903976584,5.7879761786663355,5.787927393662743,5.787260330190675,5.787199601653996,5.787537093647762,5.809305460334947,,,5.689415551717615,5.579387862215161,5.614896195583187,5.644283639039655,5.681301372022236,5.682246107410872,5.748409323219225,5.770376089090167,5.796205855376132,5.794529394934543,5.793397466951748,5.78979364757825,5.78604203573502,5.785857517803748,5.785274585151202,5.790436549042587,5.79694954643309,5.7823449473977275,5.766417053426656,5.750527255802856,5.747012060127475,5.734484495132766,5.733360727939655,5.722246067393921,5.673424101695139,5.689415551717615,5.79694954643309,5.722246067393921,5.738606970315158,5.713416179922138,5.737544777928825,"rgba(38, 166, 154, 0.75)",0.14929223412880793,5.6140632715087255,1.211963432305286,70.03060004603066,25.04772909327771,True,False,True,False,False,16.889831830689925,0.0,0.0,0.0,0.0,0,0.917880794701987,1.0198675496688743,False,False,False,False,0.3000767487666313,0.2956004495694793,False,False,False,False,-505825.0,-419785.2104062184,False,False,False,False,32798.83405672545,False,False,False,False
2025-10-06 16:00:00+00:00,5.795,5.825,5.79,5.82,29080.0,,,5.645086624967256,5.563284854380254,5.578827122104443,5.5798226654873435,5.60248665977735,5.6291522760251205,5.636445073131631,5.666523673246909,5.668429559299316,5.738812341278984,5.7670047323423645,5.788772990246567,5.796536128771702,5.79572715969117,5.7922164090916715,5.788017576305459,5.787968781747178,5.78730192770838,5.787238426247144,5.7875752774115865,5.809308636810047,,,5.692429386649441,5.581060847396921,5.616025151145007,5.645102747442758,5.681798125033988,5.682725969150194,5.748579019022285,5.770474893322698,5.796235996329368,5.794561852313475,5.793431416102672,5.789832528883275,5.786084996559667,5.785900716199384,5.78531793055944,5.790468405326546,5.796967485408779,5.782379231365252,5.766466785590698,5.750590109238584,5.747073853007566,5.734555356779271,5.733432439748243,5.722325678717374,5.673536784742009,5.692429386649441,5.796967485408779,5.722325678717374,5.738812341278984,5.714120899812947,5.737894308241396,"rgba(38, 166, 154, 0.75)",0.15346669680105401,5.61588187390428,1.3300483450186438,71.17937017890758,25.04772909327771,True,False,True,False,False,18.344019638531904,0.0,0.0,0.0,0.0,0,0.9225634178905211,1.026702269692924,False,False,False,False,0.33889352488213204,0.3172469872258057,False,False,False,False,-476745.0,-420668.3079193003,False,False,False,False,32741.177714760714,False,False,False,False
2025-10-06 17:00:00+00:00,5.825,5.835,5.815,5.83,94397.0,,,5.656608160326017,5.571991219321788,5.584706498717334,5.585622541675615,5.606915714188941,5.6325235669362606,5.6395653695166725,5.668755617749977,5.670618259146613,5.739606748572542,5.767473197757281,5.789043960421778,5.796736149404049,5.795919595379879,5.79241897604553,5.78823557209803,5.788186556738802,5.787518518423536,5.7874404790728855,5.787775055943998,5.809384108371764,,,5.702375866511563,5.586671947138324,5.619876480296308,5.6479418341165255,5.683568142143031,5.6844378137971985,5.749253144544078,5.770908005820843,5.7964273603636585,5.794758027392978,5.7936306945243725,5.790043852291914,5.786304656855398,5.786121009893112,5.785537204124814,5.790643867683287,5.797084534505499,5.782546687373218,5.766680796169566,5.7508431412895815,5.747320020854616,5.734829059173938,5.733708781179014,5.722626357436906,5.673940888542581,5.702375866511563,5.797084534505499,5.722626357436906,5.739606748572542,5.716525993609967,5.739123206960892,"rgba(38, 166, 154, 1.0)",0.15762239631416414,5.6290380237752,1.2749582605269743,72.42338422052225,25.04772909327771,True,False,True,False,True,18.916861297089618,0.0,0.0,0.0,0.0,0,0.9292389853137522,1.020026702269693,False,False,False,False,0.3428281017025229,0.33003754446416433,False,False,False,False,-382348.0,-420074.19461822585,False,False,False,False,33697.08193623729,False,False,False,False
2025-10-06 18:00:00+00:00,5.835,5.835,5.79,5.79,43980.0,,,5.660869014151329,5.575525351847791,5.587114660831834,5.587998051394498,5.608722397012942,5.6338843355608255,5.640820107462519,5.669634600096678,5.67147870873018,5.739881085493352,5.767609981008639,5.789096942916116,5.796761629804381,5.795945832597782,5.792453347745948,5.788279511569336,5.788230524796535,5.787563217222028,5.7874823036500604,5.787815971619675,5.809375245339112,,,5.705800413720823,5.58897136389829,5.621440137045003,5.649077770918314,5.684255476181713,5.685102151908436,5.749476467081732,5.771029994807576,5.79645240356475,5.7947871023904005,5.793662366907958,5.79008372305702,5.786351685046676,5.786168421889336,5.7855851724559235,5.790676215952187,5.7970990422654465,5.782586172474943,5.766744158974622,5.7509269333205735,5.747403016296768,5.734926069764397,5.733807092694084,5.7227368035308075,5.674101828395592,5.705800413720823,5.7970990422654465,5.7227368035308075,5.739881085493352,5.717454420040551,5.7395700793817355,"rgba(38, 166, 154, 0.75)",0.16064602125214225,5.637085195295313,0.9518742108444701,68.36494900955755,22.925310379090817,True,False,True,False,False,15.19462938137325,0.0,0.0,0.0,0.0,0,0.9227696404793613,1.0239680426098539,False,False,False,False,0.3238562151457317,0.326946879804948,False,False,False,False,-426328.0,-420171.1528411991,False,False,False,False,33856.507022497186,False,False,False,False
2025-10-06 19:00:00+00:00,5.795,5.805,5.775,5.79,164543.0,,,5.67339541825721,5.587042371543687,5.59508635208641,5.595863024757377,5.614704139844246,5.638360350057805,5.644936427759787,5.672471403791144,5.674251547049705,5.740655571609709,5.767911203642544,5.789108024060695,5.796684518490087,5.795882243919675,5.7924285248884875,5.788296218785868,5.78824766914217,5.7875863072144895,5.78750454153243,5.787835210147557,5.809229799929102,,,5.7151457379567825,5.596592262473883,5.626603662572943,5.652790572887103,5.686448363743683,5.687221032531508,5.750074855069518,5.771280596733802,5.79638264458493,5.79473679350292,5.793624589700484,5.7900828962693405,5.786385700259135,5.786204087516026,5.785625509221647,5.790670562973506,5.797050694104384,5.782634631148812,5.766887145688752,5.751151809900625,5.74763110327402,5.7352094643710405,5.734095521833106,5.723072533923837,5.674631865700099,5.7151457379567825,5.797050694104384,5.723072533923837,5.740655571609709,5.720356231833818,5.740889385517676,"rgba(38, 166, 154, 0.75)",0.16350088850076663,5.643072388784646,0.8986349405352911,65.65932553558108,20.352256835369317,True,False,True,False,False,15.19462938137325,0.0,0.0,0.0,0.0,0,0.9164456233421756,1.0291777188328917,False,False,False,False,0.290256640819031,0.3086017603119895,False,False,False,False,-426328.0,-420266.6078359091,False,False,False,False,35882.654200442965,False,False,False,False
2025-10-07 14:00:00+00:00,5.785,5.805,5.785,5.795,29778.0,,,5.675493410691254,5.589043868735858,5.596497852883579,5.597256375016896,5.615774425447181,5.639168915563628,5.645682063923309,5.672991798366651,5.674760632832834,5.740807126611314,5.767976997123077,5.789121079248924,5.7966810490195195,5.795880539674152,5.79243322487486,5.7883079792845,5.7882594882696194,5.787598998732414,5.787516503723625,5.787846613731156,5.809210494559669,,,5.716718133139896,5.597944190628997,5.627532072805144,5.653465413136794,5.686854231102626,5.687613591895123,5.7501945903490865,5.771337168505556,5.796379944630877,5.794737293145585,5.793627152451575,5.790091668275732,5.786400210839502,5.786218879901221,5.785640984327137,5.790677103051582,5.797048169680702,5.782649240765334,5.766918392213341,5.751197432750326,5.747676960775085,5.735265091907223,5.734152044121792,5.7231374469586145,5.674731405829483,5.716718133139896,5.797048169680702,5.7231374469586145,5.740807126611314,5.720871878014954,5.741128352527534,"rgba(38, 166, 154, 0.75)",0.1663181581479584,5.644332808351287,0.9058974277160892,64.25358462303936,18.984217517453416,True,False,True,False,False,15.50154810683815,0.0,0.0,0.0,0.0,0,0.9205298013245037,1.027814569536424,False,False,False,False,0.2976658872273601,0.3031338237696748,False,False,False,False,-396550.0,-419898.90848961595,False,False,False,False,35788.00839888571,False,False,False,False
2025-10-07 15:00:00+00:00,5.795,5.82,5.795,5.8,47148.0,,,5.678936984686209,5.592285362969539,5.598802948179984,5.5995326201419795,5.617536395976426,5.640513264895684,5.646925664164851,5.673873564285013,5.675624267297956,5.741089326211341,5.768118826317382,5.789176591643131,5.796708089213042,5.7959083466721015,5.792469486801998,5.788354215037266,5.788305754726354,5.787646036360558,5.78756057062943,5.787889732112809,5.809201469537213,,,5.719387263184919,5.6001541783818585,5.629067822031352,5.654595472477944,5.687549527961082,5.688286660860072,5.75042489091622,5.771463810425768,5.79640651410351,5.794768046268718,5.793660605198143,5.790133659775499,5.78644968561443,5.786268755908574,5.785691450843084,5.790711278374792,5.797063638264934,5.782690973813206,5.766985290685748,5.751285921206467,5.747764690930111,5.735367665622217,5.734255994938252,5.723254254279213,5.674901749451626,5.719387263184919,5.797063638264934,5.723254254279213,5.741089326211341,5.721736167517156,5.741543592060709,"rgba(38, 166, 154, 0.5)",0.16905972077697495,5.646550110727363,0.9076667615881695,63.73653753406833,18.35377884216345,False,False,True,False,False,15.811500117023517,0.0,0.0,0.0,0.0,0,0.9233817701453108,1.023778071334214,False,False,False,False,0.3163307805964773,0.309732302183076,False,False,False,False,-349402.0,-418805.9331641955,False,False,False,False,35964.132299678175,False,False,False,False
2025-10-07 16:00:00+00:00,5.805,5.815,5.795,5.795,34271.0,,,5.681264094199733,5.594545154748739,5.60042017218524,5.601129782580174,5.618774274278496,5.641457320435938,5.647798691549841,5.674491039859596,5.676228883194583,5.7412822819615785,5.768211983087761,5.789208250506121,5.796719777125376,5.79592108119733,5.7924887370028175,5.788380964621013,5.788332541815969,5.787673531107026,5.787586367063132,5.787914858837529,5.809189748273001,,,5.72115660558023,5.6017055346180635,5.630146715526748,5.655388398720984,5.688035613418743,5.688757243004662,5.750580930483593,5.771546177259205,5.796418272897785,5.794783039944558,5.7936776863603,5.790157223836626,5.786479050541031,5.786298421838266,5.785721664836312,5.790730246327551,5.797070137720273,5.782716693159883,5.767029519626712,5.751346079128208,5.747824587921643,5.735438475239918,5.7343278123592905,5.723335496706886,5.675022124405058,5.72115660558023,5.797070137720273,5.723335496706886,5.7412822819615785,5.722334263601475,5.7418277500584995,"rgba(38, 166, 154, 0.5)",0.17152936869330526,5.6480406203430285,0.8567592872083325,62.65051780630496,17.11910081960849,False,False,True,False,False,15.331323410262037,0.0,0.0,0.0,0.0,0,0.9321808510638302,1.0239361702127658,False,False,False,False,0.3125810764525306,0.31115668931780327,False,False,False,False,-383673.0,-418261.23652599094,False,False,False,False,35937.882186504874,False,False,False,False
2025-10-07 17:00:00+00:00,5.795,5.81,5.795,5.8,37360.0,,,5.683702452828213,5.596953706343654,5.602154041144791,5.602842395075673,5.62010490406111,5.64247394678439,5.648739254550195,5.675157408833285,5.676881421822888,5.741491234106865,5.76831294886589,5.789242580585583,5.796732455910173,5.795934899528336,5.792509630714357,5.788410003063052,5.788361621245405,5.787703381488101,5.7876143813700685,5.787942146137064,5.809177011994179,,,5.7230007189607415,5.603369735142713,5.631307592116405,5.6562431111553195,5.688560816076509,5.689265810593772,5.75074995550527,5.771635457891694,5.796431031817135,5.794799310991599,5.793696224280692,5.790182802375428,5.78651093341506,5.786330631735894,5.785754472217239,5.790750849259947,5.7970772021225025,5.78274465139608,5.767077606780182,5.75141149589551,5.747889732226989,5.735515495130166,5.734405928875778,5.723423870303722,5.675153089114111,5.7230007189607415,5.7970772021225025,5.723423870303722,5.741491234106865,5.722973420307299,5.742131541015218,"rgba(38, 166, 154, 0.5)",0.17408789330276275,5.6496224605486685,0.8638023965848342,62.43199858430893,16.648548890613313,False,False,True,False,False,15.651539845490941,0.0,0.0,0.0,0.0,0,0.9304812834224604,1.024064171122995,False,False,False,False,0.30883986749707965,0.30999827840744143,False,False,False,False,-346313.0,-417145.75999070425,False,False,False,False,35959.9305246986,False,False,False,False
2025-10-07 18:00:00+00:00,5.795,5.8,5.775,5.785,16959.0,,,5.6846403760422834,5.597949879085889,5.60287284801832,5.603552268165527,5.620653178936815,5.642888099997991,5.649120917671063,5.675422004930227,5.677140058947779,5.741562083516394,5.768338058485289,5.789239362528116,5.796720758717407,5.795924792168242,5.792503598887144,5.788408275106983,5.788359944978842,5.787702378566058,5.78761352621097,5.787940998309622,5.809159726225733,,,5.7236558765271655,5.604059611075475,5.631783441122033,5.65658812715672,5.688766219619548,5.689464551642014,5.750803818375926,5.771655655435403,5.796420268506447,5.794790594181169,5.793688827652024,5.790179258793097,5.786511081676741,5.7863309511321965,5.785755323399081,5.790747359615869,5.797069944255947,5.782747276297853,5.767089944085585,5.751432288235247,5.747911017686243,5.735542483692663,5.734433434241285,5.723456242338359,5.6752054112069334,5.7236558765271655,5.797069944255947,5.723456242338359,5.741562083516394,5.723224435023651,5.742243560318041,"rgba(38, 166, 154, 0.5)",0.17615789395767398,5.650201926470419,0.7652116547327131,59.91699021971681,14.055078417748774,False,False,True,False,False,14.186360348084744,0.0,0.0,0.0,0.0,0,0.9240000000000006,1.0226666666666668,False,False,False,False,0.28656365779803256,0.29828096810273697,False,False,False,False,-363272.0,-416310.5078978251,False,False,False,False,35665.34245454823,False,False,False,False
2025-10-07 19:00:00+00:00,5.785,5.8,5.765,5.795,101116.0,,,5.689896230341795,5.603678886484075,5.607045041076878,5.607673564059597,5.623848723961248,5.6453088896244985,5.651353408087433,5.676973927435493,5.678657208239198,5.741979944723051,5.7684863570664,5.789220340904426,5.7966515760056545,5.795864982860298,5.792467891749695,5.788398043057495,5.788350018855966,5.787696438809446,5.787608459288875,5.787934197177783,5.809057210423357,,,5.727298480637742,5.608067492705734,5.634561215453128,5.65860794408834,5.689973281208982,5.690632889511769,5.751121645785553,5.771774963189581,5.796356582865104,5.794739006630688,5.793645047213075,5.790158277974392,5.786511959842866,5.786332842962911,5.7857603656797805,5.790726676180381,5.797026879278857,5.782762854321189,5.7671631824380665,5.751555752795682,5.748037446230531,5.735702810480211,5.734596832610787,5.723648570928715,5.675516359135227,5.727298480637742,5.797026879278857,5.723648570928715,5.741979944723051,5.724673873344412,5.7428911744059725,"rgba(38, 166, 154, 0.5)",0.17831867414701422,5.6589924029741585,0.7627221191298811,59.431028206338965,13.401973328493085,False,False,True,False,False,14.847739144821354,0.0,0.0,0.0,0.0,1,0.9268617021276598,1.0199468085106387,False,False,False,False,0.27920034939578414,0.2887406587492606,False,False,False,False,-262156.0,-413920.5155273162,False,False,False,False,36680.081331221896,False,False,False,False
2025-10-08 14:00:00+00:00,5.81,5.83,5.81,5.815,34107.0,,,5.692089862411142,5.605854630978512,5.60865057635721,5.60926076530414,5.625103308172752,5.646285979553673,5.652262607516605,5.677635992058173,5.679306784379213,5.742217797556434,5.768622027844893,5.789292765799919,5.7967017832061485,5.79591383630803,5.792521153900569,5.788457248201186,5.788409188191697,5.787755589356257,5.787663818413334,5.787988823566659,5.8090714489573685,,,5.729039651607936,5.609612698611742,5.635666251655459,5.659440158512847,5.690504894560759,5.691148535428714,5.75132196320045,5.771899448292482,5.796404878532702,5.79478943569012,5.793696856970965,5.7902149291617455,5.786572427828254,5.78639355382335,5.78582104158336,5.790773793909795,5.797056587925658,5.782810478262343,5.767227672267749,5.751634587421075,5.748114711809493,5.735790124643643,5.734685096131903,5.723745647266475,5.675650622871323,5.729039651607936,5.797056587925658,5.723745647266475,5.742217797556434,5.7252888565730435,5.743200641918813,"rgba(38, 166, 154, 0.5)",0.18077784883837433,5.660926622343266,0.8522801806015793,61.20096623788029,13.401973328493085,False,False,True,False,True,16.153824129480363,0.0,0.0,0.0,0.0,1,0.9351851851851856,1.0105820105820107,False,False,False,False,0.3352115028957337,0.31197608082249717,False,False,False,False,-228049.0,-411038.7866044121,False,False,False,False,36640.1885974045,False,False,False,False
2025-10-08 15:00:00+00:00,5.815,5.83,5.81,5.825,47208.0,,,5.695082302272022,5.60884046171692,5.610867675069803,5.611452981876434,5.626842825507498,5.647646169501407,5.653529763320434,5.6785636684068495,5.680217286611059,5.742558889354106,5.768821108046356,5.789403855888023,5.796781542887934,5.795991107217644,5.792603987499579,5.788547909529253,5.7884997810219,5.787845968593168,5.787748405634956,5.788072379781247,5.80909815163617,,,5.731428540080535,5.611747910410478,5.63720151646762,5.660601699269956,5.69125248355805,5.691873942200961,5.751610957662392,5.772082946068946,5.796481484372126,5.794868712651818,5.7937778639751025,5.790302217050649,5.786664488413428,5.7864859356816565,5.78591322416547,5.790846601417738,5.797103992409471,5.782882350941353,5.767322470400437,5.751748834830507,5.74822643986414,5.735915541555787,5.734811812470796,5.7238844076326325,5.675840375068091,5.731428540080535,5.797103992409471,5.7238844076326325,5.742558889354106,5.7261436295891786,5.743635069944805,"rgba(38, 166, 154, 0.5)",0.18325564283434798,5.663390017748073,0.8818827063241534,63.30227215313976,13.401973328493085,False,False,True,False,True,16.79858247522059,0.0,0.0,0.0,0.0,1,0.9375830013280215,1.0132802124834,False,False,False,False,0.3352115028957337,0.3235937918591154,False,False,False,False,-180841.0,-407469.8286725607,False,False,False,False,36804.03063465404,False,False,False,False
2025-10-08 16:00:00+00:00,5.825,5.84,5.825,5.835,57072.0,,,5.698837345877015,5.612533599907298,5.61363214906308,5.614187355600327,5.629028633674479,5.649371030575384,5.655141159468311,5.679759489567188,5.681392120521419,5.743027601666776,5.769112494955048,5.789585343036126,5.796922178663139,5.7961260737940865,5.792743450856672,5.788695233696036,5.788646940182335,5.787992061212043,5.7878850884986095,5.788207731875894,5.809160108757355,,,5.7345097844437865,5.614412856529632,5.63913933310897,5.662084042942547,5.692224819486534,5.692818093679591,5.752014840064514,5.772354760297037,5.796616093745047,5.795005386530436,5.79391587987246,5.7904461117346635,5.786812024181425,5.7866337998479,5.78606019617263,5.790967311361646,5.797188163736815,5.782994917831597,5.7674611457487135,5.751909421242795,5.748382446626505,5.736087237967275,5.734985025180359,5.7240715900823975,5.676087418377942,5.7345097844437865,5.797188163736815,5.7240715900823975,5.743027601666776,5.727237485307078,5.744207308031729,"rgba(38, 166, 154, 0.5)",0.185481185758205,5.666466645725996,0.9086277596570124,65.58098568348817,11.62946444952592,False,False,True,False,True,17.442095916215226,0.0,0.0,0.0,0.0,0,0.9401595744680856,1.0079787234042554,False,False,False,False,0.34282810402809893,0.33321094794360717,False,False,False,False,-123769.0,-403071.366212521,False,False,False,False,37118.2627178377,False,False,False,False
2025-10-08 17:00:00+00:00,5.835,5.84,5.825,5.835,19927.0,,,5.700100846812132,5.613794622713818,5.614581267743188,5.615126271421973,5.6297809611947205,5.649965752054187,5.655697005648888,5.680172676369412,5.681798085209523,5.743190117112317,5.769213615277586,5.789648357575618,5.796971027856422,5.7961729686087775,5.792791920562939,5.788746444701348,5.788698094328965,5.788042849466468,5.787932619209707,5.788254800324592,5.809181666877166,,,5.7355421889398075,5.615328302233895,5.639806944367046,5.662595636738633,5.692561188780169,5.693144787750051,5.752154919163422,5.772449098376198,5.796662862018705,5.795052878478431,5.793963842304892,5.790496126945856,5.7868633176322595,5.786685207822479,5.7861112979031395,5.791009296504398,5.797217460570489,5.783034102954207,5.767509427868616,5.751965342067895,5.748436782613456,5.73614704424397,5.735045359977533,5.724136795146003,5.676173492453275,5.7355421889398075,5.797217460570489,5.724136795146003,5.743190117112317,5.727612474812846,5.744403748154193,"rgba(38, 166, 154, 0.5)",0.18749335123346697,5.667471271473853,0.8935182363748988,67.10012803705376,13.109064945004796,False,False,True,False,True,17.442095916215226,0.0,0.0,0.0,0.0,0,0.9401595744680856,1.006648936170213,False,False,False,False,0.34282810402809893,0.33801952598585305,False,False,False,False,-123769.0,-398741.096968916,False,False,False,False,36851.73151290998,False,False,False,False
2025-10-08 18:00:00+00:00,5.835,5.835,5.815,5.815,49025.0,,,5.702847033939179,5.616674914366929,5.616759086973089,5.617280640146242,5.6315037423816845,5.651320606254436,5.656961014699954,5.681103093412666,5.682711489577327,5.743536037635821,5.769416024264519,5.789761420558803,5.797052271202126,5.796251774935668,5.792876501488268,5.788839100365392,5.788790683452599,5.78813525481453,5.788019192782778,5.788340320830191,5.809208999964145,,,5.737700283980554,5.617429450836741,5.641332198702742,5.663756237852826,5.693313926969423,5.693875747559799,5.752448265898478,5.772635717332266,5.796740971593777,5.795133762901457,5.794046524923281,5.790585303345959,5.786957469781136,5.78677969153478,5.786205605914547,5.791083860806337,5.797266117611996,5.783107947758977,5.767606912015568,5.752082914399734,5.748551836369561,5.736276243330007,5.735175900813041,5.724279779778116,5.676369163616393,5.737700283980554,5.797266117611996,5.724279779778116,5.743536037635821,5.728447104954588,5.744829673425099,"rgba(38, 166, 154, 0.5)",0.18903040891744094,5.669533776250202,0.769538745553529,64.13317986747418,13.109064945004796,False,False,True,False,False,15.3615112656461,0.0,0.0,0.0,0.0,0,0.9389110225763617,1.0066401062416999,False,False,False,False,0.33159041032350123,0.33480496815467714,False,False,False,False,-172794.0,-395238.0412019561,False,False,False,False,37040.464357671066,False,False,False,False
2025-10-08 19:00:00+00:00,5.815,5.89,5.815,5.89,72396.0,,,5.708081702631005,5.621654134425538,5.620555294565293,5.621038437933409,5.6345589748798695,5.653781813763653,5.659274709813724,5.682871630740832,5.68445261908409,5.744321568144359,5.769957617606215,5.7901517226031975,5.79738077070806,5.796564173288241,5.793187138684794,5.78915433718559,5.789105434713988,5.788445936254786,5.788309831555692,5.788628986440322,5.809388787457557,,,5.742242713670875,5.62109712439879,5.64406847783498,5.66590138504884,5.694779502164003,5.695301002902004,5.753145332272653,5.773150011593169,5.797054413025122,5.795445923262916,5.794357876370173,5.790898365357827,5.787268001524933,5.787090438403456,5.786513030030143,5.791348391010213,5.797464594261469,5.7833384530977465,5.767865108135733,5.752363483783842,5.748821384064498,5.736562780870998,5.735464176831745,5.72458377445158,5.676743043595463,5.742242713670875,5.797464594261469,5.72458377445158,5.744321568144359,5.730041220118106,5.745714751518526,"rgba(38, 166, 154, 0.5)",0.19199678582144333,5.673899613004872,1.1255416910786227,67.97903557359618,13.503254902694572,False,False,True,False,True,20.0,0.0,0.0,0.0,0.0,0,0.9371727748691105,0.9960732984293195,False,False,False,False,0.34282810989687007,0.3388165390257736,False,False,False,False,-100398.0,-390666.87777246843,False,False,False,False,37588.612197087015,False,False,False,False
2025-10-09 14:00:00+00:00,5.955,5.965,5.88,5.88,79762.0,,5.908333333333332,5.714959409719622,5.627850380563615,5.625323549932539,5.625761073633332,5.638449627616575,5.656971633617987,5.662289488054834,5.685235463216678,5.686784055533702,5.745481917100828,5.7708160910090305,5.790823331646425,5.797968627378303,5.7971209510140325,5.793730954420084,5.789695353150231,5.789645501009106,5.788977448675599,5.788807014359476,5.7891235492053195,5.809738836962862,,,5.748525333194223,5.625710098553456,5.647582975880384,5.668715457970943,5.69676924274711,5.697238054095457,5.754197071875818,5.773974256158704,5.797614556193909,5.795998897342651,5.794906248597538,5.791440169391273,5.787796417816188,5.787618796386221,5.7870344418930095,5.791807841164597,5.797821369095306,5.783724880753652,5.768274194018926,5.752789293392065,5.749227146193201,5.736983012956412,5.735886058831883,5.7250200740477,5.6772476746543905,5.748525333194223,5.797821369095306,5.7250200740477,5.745481917100828,5.7401767086887965,5.746956142528201,"rgba(38, 166, 154, 1.0)",0.1944088985098656,5.690922624734112,0.972575724234623,69.0548304711408,14.444192099624075,True,False,True,False,True,19.07558144184325,0.0,0.0,0.0,0.0,0,0.9537275064267356,0.9768637532133676,False,False,False,False,0.3428281272638993,0.34082233314483645,False,False,False,False,-180160.0,-387403.20524886425,False,False,False,False,38242.46317077559,False,False,False,False
2025-10-09 15:00:00+00:00,5.885,5.885,5.81,5.835,66483.0,,5.878784323110761,5.718532145558697,5.631663720896432,5.628293406901809,5.628701866946195,5.640848115867408,5.658898045086223,5.664097878831407,5.686605100978899,5.688131215334695,5.746055560243723,5.771189154570173,5.791070886214599,5.798168086121375,5.797312038949459,5.793925451456832,5.789897541988232,5.789847441311017,5.789177572650538,5.788994631984386,5.789309591090742,5.8098376107108445,,,5.751423168972525,5.628584759943616,5.649729092585446,5.67038873203058,5.697898704402169,5.698336977042915,5.75469776622436,5.774324967085984,5.797805575374472,5.796191375500516,5.795099680825019,5.7916389630937175,5.787997732570095,5.787820438121958,5.7872345796450615,5.791975963642638,5.797943117121488,5.783878088498806,5.768455955393737,5.75299486451215,5.749426255329566,5.73719943882536,5.736104181563189,5.725253768188656,5.677548775710516,5.751423168972525,5.797943117121488,5.725253768188656,5.746055560243723,5.739970063036565,5.747598116888181,"rgba(38, 166, 154, 0.5)",0.1959425591505987,5.692084471685593,0.7293746133251425,64.31329525855398,19.299970544862404,False,True,True,False,False,14.680387800454248,0.0,0.0,0.0,0.0,0,0.9416243654822338,0.9949238578680204,False,False,False,False,0.2501092545040423,0.2954657938244394,False,False,False,False,-246643.0,-385220.87648531597,False,False,False,False,38680.300951073645,False,False,False,False
2025-10-09 16:00:00+00:00,5.835,5.845,5.815,5.82,44080.0,,5.86671367397872,5.72049134502602,5.633925231944152,5.630069103076744,5.630460216588628,5.642279289540986,5.660040049407518,5.66516745055803,5.687405013007497,5.688917154791899,5.746367676043857,5.771377741104189,5.7911818044656584,5.798250923238802,5.797392297890895,5.79401035164205,5.789989209397639,5.789939036153442,5.7892688639975365,5.789080380743612,5.789394401628582,5.809870353700757,,,5.752917736312255,5.630304529128728,5.6510059908535455,5.671375366947068,5.698553294383785,5.698973814536286,5.754964808280807,5.774499859601685,5.797885305908436,5.7962733188598445,5.795183059687712,5.791727705955863,5.788090446395188,5.78791343124772,5.7873273026475225,5.792050851116202,5.7979939723758855,5.783950881938184,5.76854926689388,5.753105598575854,5.749534458442006,5.737319992301219,5.736225912419341,5.725386406868228,5.67772780296816,5.752917736312255,5.7979939723758855,5.725386406868228,5.746367676043857,5.740072343996692,5.747953644585817,"rgba(38, 166, 154, 0.5)",0.19679920713236443,5.692883216638177,0.6459212169301395,59.70117357034444,15.190257639488166,False,True,True,False,False,13.277560861716232,0.0,0.0,0.0,0.0,0,0.9452926208651405,1.0063613231552164,False,False,False,False,0.22911988750483558,0.2622928406646375,False,False,False,False,-290723.0,-383755.7931289544,False,False,False,False,38764.01721539808,False,False,False,False
2025-10-09 17:00:00+00:00,5.815,5.825,5.805,5.825,19581.0,,5.862200532619362,5.7212725256724655,5.634870378610602,5.630814732717743,5.631198571237321,5.642879576933766,5.66051725063453,5.665613785264527,5.6877363345913095,5.6892424794064285,5.746491240377054,5.771448538780037,5.79121933556892,5.798276820298642,5.797417700664514,5.794038336555661,5.790020564432824,5.789970379193454,5.78930026986655,5.7891099290677746,5.789423556757306,5.809877661724832,,,5.753489881068836,5.6310269184014325,5.6515406862097075,5.671786354783012,5.698823167523475,5.6992363545517675,5.755069084777437,5.77456482445125,5.797910368385793,5.796299636476229,5.795210190512375,5.7917576148298044,5.7881226227261555,5.78794574530544,5.78735965633374,5.792076030174198,5.798009956427631,5.783976845628764,5.7685846916423005,5.753149121257456,5.749577244238649,5.7373684547891814,5.736274909341339,5.725440376948096,5.677802749844617,5.753489881068836,5.798009956427631,5.725440376948096,5.746491240377054,5.740133659135255,5.748096139465148,"rgba(38, 166, 154, 0.5)",0.19775649327046116,5.693209500351514,0.6664281787614571,57.103706520402056,12.95451555278887,False,True,True,False,False,13.604222243243669,0.0,0.0,0.0,0.0,0,0.9464285714285718,1.0051020408163267,False,False,False,False,0.2112862581481001,0.2367895494063688,False,False,False,False,-271142.0,-382009.84284788533,False,False,False,False,38466.606095779505,False,False,False,False
2025-10-09 18:00:00+00:00,5.825,5.83,5.795,5.805,14580.0,,5.858810193063263,5.721796889545717,5.635536183890301,5.631341600263405,5.631720276217428,5.643302794993924,5.660852045678416,5.665926397299069,5.6879662767746035,5.689468086660409,5.746572330739777,5.7714917710341815,5.791238645640553,5.798288065983331,5.797429055309451,5.794051999240861,5.79003700786784,5.789986828536828,5.7893169111367255,5.789125629051455,5.789438980854825,5.809877740335689,,,5.753855521591371,5.631537442999288,5.651916824724919,5.672073569037102,5.699009369457211,5.699417466723624,5.7551363081841815,5.774603886119589,5.797921391698636,5.796311795813101,5.795223085273149,5.791772871770687,5.788139940309029,5.787963175625092,5.787377233382943,5.792088806920488,5.79801696837964,5.783991469691971,5.768606623222297,5.753177352336114,5.7496052108864,5.737400792085185,5.736307653318658,5.725476920940628,5.6778551972343205,5.753855521591371,5.79801696837964,5.725476920940628,5.746572330739777,5.740162532278093,5.748191475109025,#000000,0.19840297058950004,5.6934029349128075,0.5624767852800397,53.38001233266756,9.600662399007923,False,True,False,False,False,11.730688902739015,0.0,0.0,0.0,0.0,0,0.941624365482234,1.0025380710659901,False,False,False,False,0.20832710985443412,0.22255832963040145,False,False,False,False,-285722.0,-380517.0080750499,False,False,False,False,38096.271117550365,False,False,False,False
2025-10-09 19:00:00+00:00,5.805,5.82,5.795,5.8,73365.0,,5.845555965902413,5.724199697323132,5.638717203479849,5.633873507530632,5.634227558222412,5.645337349819808,5.662458471779303,5.667425219742615,5.689063444516045,5.690544077416505,5.746945326757624,5.7716797919393255,5.791309476803979,5.798320308451994,5.797463279042474,5.7940989516172134,5.790098719115987,5.790048614337768,5.789380098680204,5.789185435487294,5.789497454996342,5.809862019765494,,,5.75546818502793,5.633992020391542,5.653723717068487,5.673449131092475,5.699895145770491,5.700279085632394,5.755441486276566,5.774771559200397,5.79795372055383,5.796350423972788,5.795265790672638,5.791828303567083,5.788206829526157,5.788030660941904,5.787445809856704,5.792134952368129,5.798037457223272,5.784050708846007,5.768703341169057,5.753306521083699,5.749733926103916,5.737551897335125,5.736460827782333,5.7256494785590135,5.6781085148171435,5.75546818502793,5.798037457223272,5.7256494785590135,5.746945326757624,5.740422362396746,5.748633579793563,#000000,0.19887483047936827,5.694417839107939,0.5308975531874254,50.41733679274535,6.922126672154597,False,True,False,False,False,11.26536282222309,0.0,0.0,0.0,0.0,0,0.9417721518987346,1.0050632911392405,False,False,False,False,0.20241953184991252,0.21248893074015698,False,False,False,False,-359087.0,-380184.7598878398,False,False,False,False,38643.07311572788,False,False,False,False
2025-10-10 14:00:00+00:00,5.82,5.835,5.805,5.815,23338.0,,5.843577934902295,5.7250565921972285,5.639783367071549,5.63472507473187,5.635071093288431,5.6460270221193625,5.663009109771967,5.667940812058532,5.689447806894331,5.690921554739429,5.74709000543989,5.7717629184374655,5.791353651618286,5.7983508439433455,5.797493246613361,5.7941319685959005,5.790135713265805,5.790085594995529,5.789417159533002,5.789220326467729,5.789531883241367,5.8098706959756194,,,5.756092487685761,5.634818092270112,5.654339470901604,5.673924507139202,5.7002091749666945,5.700584756130755,5.7555636924882965,5.774847866157401,5.797983285873896,5.796381471004344,5.795297798336554,5.7918635908175204,5.788244802333304,5.788068796437172,5.787483997388878,5.792164704505351,5.798056382872788,5.784081432478974,5.768745262652255,5.753358039299995,5.749784594267695,5.737609297815219,5.736518861829483,5.725713410822081,5.678197330807183,5.756092487685761,5.798056382872788,5.725713410822081,5.74709000543989,5.740636562541013,5.7487973242913,#000000,0.1993813630405991,5.694957252655729,0.6020760692654499,50.21332385918804,6.660172917140727,False,True,False,False,False,12.295227992297892,0.0,0.0,0.0,0.0,0,0.9422110552763824,0.9987437185929651,False,False,False,False,0.21721556568839934,0.21485224821427817,False,False,False,False,-335749.0,-379495.83337795077,False,False,False,False,38405.78516044528,False,False,False,False
2025-10-10 15:00:00+00:00,5.815,5.845,5.795,5.805,18313.0,,5.842036419029441,5.72569449834127,5.6405956953521645,5.635375770391928,5.635715668981304,5.646553964847915,5.663429256835445,5.66833401712297,5.689740054911704,5.691208489554902,5.747197830259797,5.771823285538556,5.791383943806007,5.798370753455082,5.797512949977097,5.794154253906363,5.790161250671589,5.7901111292871885,5.789442829596738,5.78924451845073,5.789555721125662,5.809874814908528,,,5.756547979552746,5.635449453272999,5.654809672467173,5.674286789336586,5.700447504952728,5.700816746619557,5.7556541792263305,5.774902980740307,5.79800263512293,5.796402081816564,5.795319226781849,5.791887735854542,5.788271238511136,5.7880953652054785,5.7875106658886155,5.792185035534911,5.7980687716178965,5.784103159912584,5.768775900394163,5.753396336828768,5.7498223696813975,5.737652424544286,5.736562489742315,5.725761712595541,5.6782652888577205,5.756547979552746,5.7980687716178965,5.725761712595541,5.747197830259797,5.740796232561471,5.748919909802365,#000000,0.19952608265000568,5.695355704007374,0.5495236238610243,48.965288998112115,5.241985454122087,False,True,False,False,False,11.34608819178063,0.0,0.0,0.0,0.0,0,0.9438902743142149,0.9962593516209479,False,False,False,False,0.21721556568839934,0.21603390695133876,False,False,False,False,-354062.0,-379101.51037984295,False,False,False,False,38094.26911144613,False,False,False,False
2025-10-10 16:00:00+00:00,5.805,5.825,5.805,5.805,27787.0,,5.839738816027705,5.726609830741965,5.641790702063067,5.636336016586308,5.6366669144096075,5.647331569142689,5.664048421236388,5.6689131735087335,5.690169172934711,5.691629685454373,5.747352773278459,5.771907514845185,5.791423292617682,5.7983948348378656,5.797537079370456,5.794182584925732,5.790194712872432,5.790144598035634,5.789476614188801,5.789276399711875,5.789587078811399,5.809876995536981,,,5.757187162610798,5.636381406541336,5.655503156722249,5.674820015874633,5.700796779775039,5.701156739441325,5.75578327085078,5.774979391675569,5.7980261693955475,5.796427678755436,5.795346160214025,5.791919005988449,5.78830626148642,5.788130596757082,5.7875461376078094,5.792211318472841,5.798083840931917,5.784132519021465,5.768818963985116,5.7534512169079886,5.7498766771195315,5.737714954501632,5.736625786174488,5.725832169065311,5.6783657646859345,5.757187162610798,5.798083840931917,5.725832169065311,5.747352773278459,5.741026762779002,5.749096925782509,"rgba(239, 83, 80, 1.0)",0.19942749139555346,5.6959246975361335,0.5469421577766395,48.133265757394845,4.133199013992815,False,True,False,True,False,11.34608819178063,0.0,0.0,0.0,0.0,0,0.9461152882205518,1.0075187969924813,False,False,False,False,0.2112862581481001,0.2136600825497194,False,False,False,False,-354062.0,-378713.30091658956,False,False,False,False,37934.466489563245,False,False,False,False
2025-10-10 17:00:00+00:00,5.805,5.825,5.79,5.825,29914.0,,5.837750176442103,5.72759257631748,5.643071100618124,5.637367858117032,5.637689188500829,5.648168958376543,5.664716685826033,5.669538672063487,5.690634065978483,5.6920860927096975,5.7475230474542265,5.772001578902726,5.791468956758601,5.79842390564238,5.797566017236883,5.7942158799307535,5.790233407446318,5.7901832939559785,5.789515593396927,5.789313167466098,5.789623278270331,5.809881517843539,,,5.757879457498703,5.6373831771632865,5.656250798301872,5.675396386803313,5.70117596229822,5.7015259191268575,5.755925705495346,5.775065018263277,5.798054499290616,5.79645814258891,5.795378007180994,5.791955391262796,5.788346529997036,5.788171085144295,5.787586838894268,5.792241951256285,5.798102012491099,5.784165964582114,5.768867026923779,5.753511870581559,5.749936609193211,5.737783667391254,5.736695319373397,5.725909359953544,5.678475112859259,5.757879457498703,5.798102012491099,5.725909359953544,5.7475230474542265,5.741298409966117,5.7492896725566105,#000000,0.19945391664458254,5.6965710352750945,0.643902947033926,50.16536427006319,4.133199013992815,False,True,False,False,False,12.755438445533773,0.0,0.0,0.0,0.0,0,0.9438902743142149,1.0012468827930174,False,False,False,False,0.20241953184991252,0.20803980719981596,False,False,False,False,-324148.0,-377867.32725896797,False,False,False,False,37810.1181718956,False,False,False,False
2025-10-10 18:00:00+00:00,5.825,5.825,5.805,5.815,44743.0,,5.835446928659458,5.729049389503893,5.644969339913632,5.638903351756638,5.639210634551963,5.649418289743962,5.665716215699967,5.67047492309486,5.691332259370781,5.692771693562145,5.747782504653394,5.772147119195476,5.791542082817249,5.798472014013183,5.797613657181679,5.794269787246097,5.7902952011944055,5.790245081400085,5.789577721397723,5.789371753801308,5.789681008591407,5.809891515231181,,,5.758913830961511,5.6388745482739075,5.6573676598461216,5.67625988848258,5.701746725649397,5.702081759718026,5.756143583937059,5.775197927429018,5.798101278694879,5.796507983668476,5.795429833491695,5.79201380820945,5.788410520566067,5.78823539746578,5.787651402783765,5.792291211402311,5.798132076648362,5.78421869741739,5.768941409522928,5.753604883742819,5.750028390947458,5.7378884720937,5.736801343332474,5.726026758367925,5.678640354151774,5.758913830961511,5.798132076648362,5.726026758367925,5.747782504653394,5.741735566935477,5.749580389872196,#000000,0.19921863131510129,5.697580455393184,0.5894004181822514,50.15717817184631,4.133199013992815,False,True,False,False,False,11.775196294902436,0.0,0.0,0.0,0.0,0,0.948941469489415,1.0,False,False,False,False,0.2112862581481001,0.20966303267395803,False,False,False,False,-368891.0,-377728.1593944878,False,False,False,False,37917.60471186621,False,False,False,False
2025-10-10 19:00:00+00:00,5.815,5.815,5.78,5.785,57008.0,,5.830635238919819,5.730386116689878,5.647027477904085,5.640585683774563,5.6408774071636705,5.65077846087718,5.666788573918075,5.671474263221175,5.69205668585638,5.69348133309022,5.748004577148666,5.772238094994183,5.791549147323587,5.7984530819570965,5.797598806289837,5.794266702777553,5.790304828776158,5.790254847114346,5.789589350799426,5.789383232816481,5.789691564400986,5.809850410742757,,5.793333333333335,5.759690067180364,5.6405094943710825,5.658575618667774,5.677175321145347,5.702328157594983,5.7026477416676284,5.756317529600286,5.775274505022812,5.798084567119726,5.796497147994167,5.795422801898636,5.792018056335988,5.788425533299687,5.788250920325695,5.787668402274107,5.792294077518814,5.798121223171014,5.784238515219102,5.768991415900517,5.753681307644802,5.750106085032557,5.737984190003604,5.73689870156823,5.726139574133758,5.678816951866284,5.759690067180364,5.798121223171014,5.726139574133758,5.748004577148666,5.74205799484346,5.754426971520961,"rgba(239, 83, 80, 1.0)",0.19838498835245266,5.704162503418813,0.40747789060314826,46.76140490117357,2.067513622755449,False,True,False,True,False,8.906081330222985,0.0,0.0,0.0,0.0,0,0.9442379182156139,1.0012391573729864,False,False,False,False,0.19064563726830347,0.20015433497113075,False,False,False,False,-425899.0,-378474.9941325577,False,False,False,False,38213.57983261247,False,False,False,False
2025-10-13 14:00:00+00:00,5.785,5.785,5.785,5.785,0.0,,5.830635238919819,5.730386116689878,5.647027477904085,5.640585683774563,5.6408774071636705,5.65077846087718,5.666788573918075,5.671474263221175,5.69205668585638,5.69348133309022,5.748004577148666,5.772238094994183,5.791549147323587,5.7984530819570965,5.797598806289837,5.794266702777553,5.790304828776158,5.790254847114346,5.789589350799426,5.789383232816481,5.789691564400986,5.809850410742757,,5.793333333333335,5.759690067180364,5.6405094943710825,5.658575618667774,5.677175321145347,5.702328157594983,5.7026477416676284,5.756317529600286,5.775274505022812,5.798084567119726,5.796497147994167,5.795422801898636,5.792018056335988,5.788425533299687,5.788250920325695,5.787668402274107,5.792294077518814,5.798121223171014,5.784238515219102,5.768991415900517,5.753681307644802,5.750106085032557,5.737984190003604,5.73689870156823,5.726139574133758,5.678816951866284,5.759690067180364,5.798121223171014,5.726139574133758,5.748004577148666,5.74205799484346,5.754426971520961,"rgba(239, 83, 80, 1.0)",0.19764883774781533,5.704162503418813,0.40899555748630284,44.49755605405841,-0.2541181009790705,False,True,False,True,False,8.906081330222985,0.0,0.0,0.0,0.0,0,0.9463840399002498,1.0099750623441397,False,False,False,False,0.17600097245191856,0.18807765371152466,False,False,False,False,-425899.0,-379210.2500374793,False,False,False,False,37621.12123055646,False,False,False,False
2025-10-13 15:00:00+00:00,5.785,5.785,5.785,5.785,0.0,,5.830635238919819,5.730386116689878,5.647027477904085,5.640585683774563,5.6408774071636705,5.65077846087718,5.666788573918075,5.671474263221175,5.69205668585638,5.69348133309022,5.748004577148666,5.772238094994183,5.791549147323587,5.7984530819570965,5.797598806289837,5.794266702777553,5.790304828776158,5.790254847114346,5.789589350799426,5.789383232816481,5.789691564400986,5.809850410742757,,5.793333333333335,5.759690067180364,5.6405094943710825,5.658575618667774,5.677175321145347,5.702328157594983,5.7026477416676284,5.756317529600286,5.775274505022812,5.798084567119726,5.796497147994167,5.795422801898636,5.792018056335988,5.788425533299687,5.788250920325695,5.787668402274107,5.792294077518814,5.798121223171014,5.784238515219102,5.768991415900517,5.753681307644802,5.750106085032557,5.737984190003604,5.73689870156823,5.726139574133758,5.678816951866284,5.759690067180364,5.798121223171014,5.726139574133758,5.748004577148666,5.74205799484346,5.754426971520961,"rgba(239, 83, 80, 1.0)",0.19665280146573927,5.704162503418813,0.4110670988598706,42.988323489314965,-1.8593414840830604,False,True,False,True,False,8.906081330222985,0.0,0.0,0.0,0.0,0,0.9448621553884716,1.0100250626566416,False,False,False,False,0.17600097245191856,0.1820393130817216,False,False,False,False,-425899.0,-379934.1066260454,False,False,False,False,37037.848033183494,False,False,False,False
2025-10-13 16:00:00+00:00,5.785,5.785,5.785,5.785,0.0,,5.830635238919819,5.730386116689878,5.647027477904085,5.640585683774563,5.6408774071636705,5.65077846087718,5.666788573918075,5.671474263221175,5.69205668585638,5.69348133309022,5.748004577148666,5.772238094994183,5.791549147323587,5.7984530819570965,5.797598806289837,5.794266702777553,5.790304828776158,5.790254847114346,5.789589350799426,5.789383232816481,5.789691564400986,5.809850410742757,,5.793333333333335,5.759690067180364,5.6405094943710825,5.658575618667774,5.677175321145347,5.702328157594983,5.7026477416676284,5.756317529600286,5.775274505022812,5.798084567119726,5.796497147994167,5.795422801898636,5.792018056335988,5.788425533299687,5.788250920325695,5.787668402274107,5.792294077518814,5.798121223171014,5.784238515219102,5.768991415900517,5.753681307644802,5.750106085032557,5.737984190003604,5.73689870156823,5.726139574133758,5.678816951866284,5.759690067180364,5.798121223171014,5.726139574133758,5.748004577148666,5.74205799484346,5.754426971520961,"rgba(239, 83, 80, 1.0)",0.19520958937455635,5.704162503418813,0.41410617603462835,41.98216844615267,-3.0324085477439553,False,True,False,True,False,8.906081330222985,0.0,0.0,0.0,0.0,1,0.9445145018915515,1.0113493064312737,False,False,False,False,0.17600097245191856,0.1790201427668201,False,False,False,False,-425899.0,-380646.74063184316,False,False,False,False,36463.61783111863,False,False,False,False
2025-10-13 17:00:00+00:00,5.785,5.815,5.785,5.805,1766.0,,5.830533069047237,5.730432003359445,5.647093903252372,5.640640025411857,5.640931255985883,5.650822625081894,5.666823674492855,5.671507060631571,5.692080795957536,5.69350497779011,5.748012680326662,5.77224200915649,5.791550383274925,5.798453448682703,5.797599243459648,5.7942674577552475,5.790305944024042,5.790255964900022,5.789590509204158,5.7893843352996175,5.789692636456822,5.809849781453764,,5.7935837274985555,5.759719372614566,5.640562321009309,5.658614989146966,5.6772054690321845,5.702347689924705,5.702666763479513,5.756324099388262,5.77527795683762,5.798084956013964,5.796497694530615,5.795423450566065,5.792019018515559,5.78842678409282,5.788252185662498,5.787669699539454,5.792294875978105,5.798121471562337,5.784239689016444,5.76899349093627,5.753684166981869,5.750108950523613,5.737987595524269,5.736902156746022,5.726143495590385,5.678822811312566,5.759719372614566,5.798121471562337,5.726143495590385,5.748012680326662,5.742071535682039,5.754446082828477,"rgba(239, 83, 80, 0.75)",0.1938984827728694,5.704204359536031,0.519837179860967,44.87413580380032,-3.0324085477439553,False,True,False,True,True,10.448711079853048,0.0,0.0,0.0,0.0,1,0.9496855345911955,0.9974842767295597,False,False,False,False,0.19358409583962227,0.1863021193032212,False,False,False,False,-424133.0,-381320.94620344247,False,False,False,False,35925.67026784547,False,False,False,False
2025-10-13 18:00:00+00:00,5.805,5.835,5.805,5.82,7533.0,,5.83037695465316,5.730677279163314,5.64741013599326,5.640897756461671,5.641186700311192,5.651033581521305,5.666993522281869,5.6716664541130175,5.692200705750879,5.693622795731312,5.748059018768325,5.772269089030393,5.791565200087018,5.798463931913948,5.797609507658004,5.7942786515031575,5.790318371639608,5.790268387124748,5.789602945718223,5.789396052042149,5.789704205509244,5.809853109645453,,5.796584825131586,5.759898352634083,5.640812866981,5.658804175276844,5.67735282175624,5.702446283823435,5.7027628309302845,5.756363424176952,5.775302892976493,5.798095100087757,5.796508288554501,5.795434336717357,5.792030915773545,5.788439500998716,5.788264953216764,5.7876824748065605,5.792304940027901,5.79812800785456,5.784249959611385,5.769007304059814,5.753701018565891,5.750125514978089,5.738006298957482,5.73692106181876,5.72616427772333,5.6788515281013225,5.759898352634083,5.79812800785456,5.72616427772333,5.748059018768325,5.742157016210058,5.754615697097575,#000000,0.19259002808795167,5.704535777242932,0.5995337552177838,48.95024426244668,-6.216102465119633,False,True,False,False,True,11.581506051958353,0.0,0.0,0.0,0.0,1,0.9547169811320759,0.9949685534591196,False,False,False,False,0.21721556568839934,0.20175884249581028,False,False,False,False,-416600.0,-381867.9082778077,False,False,False,False,35485.4738295843,False,False,False,False
2025-10-13 19:00:00+00:00,5.825,5.83,5.815,5.825,19494.0,,5.830116776283584,5.731329270533319,5.648238844878608,5.641573639869195,5.641856631725803,5.65158778467,5.6674408506272504,5.672086584211155,5.692518035242206,5.693934685211961,5.7481842009125925,5.772343908340365,5.7916079581590125,5.7984952048934755,5.797639973714288,5.794311321818922,5.790354090037298,5.790304084081522,5.789638605974363,5.789429629154056,5.789737392618952,5.809864538288728,,5.8026620901854296,5.760382039663124,5.641469997938873,5.659301782279167,5.677741612813717,5.702707874075098,5.703017754549105,5.756470283023265,5.775372096934844,5.798125295578209,5.796539543419203,5.795466279849903,5.792065320428911,5.788475833213248,5.788301411049121,5.7877188930811165,5.792334080521152,5.798147479516691,5.784278986246297,5.769045349534067,5.75374677812516,5.7501703874251815,5.738056626439641,5.736971906017336,5.726219924234093,5.67892754129003,5.760382039663124,5.798147479516691,5.726219924234093,5.7481842009125925,5.742390636874848,5.754991585045677,"rgba(38, 166, 154, 0.5)",0.19079345938512468,5.705332926342136,0.6272074212791089,52.33528925722304,-3.089607364117569,False,True,True,False,True,11.957802748233828,0.0,0.0,0.0,0.0,1,0.9522012578616358,0.9974842767295597,False,False,False,False,0.22018584309013745,0.21097234279297386,False,False,False,False,-397106.0,-382104.1577618727,False,False,False,False,35237.544002769035,False,False,False,False
2025-10-14 14:00:00+00:00,5.885,5.9,5.84,5.855,34377.0,,5.832250078867532,5.732967653409474,5.650024652034015,5.643023865403626,5.6432946104444595,5.652791473359024,5.6684326759077495,5.673024375397154,5.693250962706406,5.694656983878274,5.74852578088309,5.772582698861562,5.791781743369734,5.798642355447778,5.797780366191415,5.794451214104145,5.7904962333435375,5.790446022905038,5.789778845403117,5.78956125094039,5.78986814360092,5.809946847186551,,5.820493892392951,5.761770099380214,5.642880242911185,5.660393049231711,5.6786169889878035,5.70332482713732,5.703619464465855,5.756774810258465,5.775599252055998,5.798266093647117,5.796679919318202,5.795606391872057,5.792206411481425,5.7886160862003475,5.788441768039079,5.787857858926534,5.792454228571118,5.798238429844748,5.784384568235944,5.769163706020014,5.753875557883702,5.750294373817089,5.738188526232716,5.737104611199839,5.726359936381732,5.679100014703953,5.761770099380214,5.798238429844748,5.726359936381732,5.74852578088309,5.7430717651656815,5.756048443779727,"rgba(38, 166, 154, 0.5)",0.1887311353259989,5.707640340147154,0.7807914661155918,57.85861695374255,1.9329114955880655,False,True,True,False,True,14.167708892136059,0.0,0.0,0.0,0.0,0,0.9565756823821344,0.9813895781637717,False,False,False,False,0.2774193135927254,0.24419582819284963,False,False,False,False,-362729.0,-381803.76771905296,False,False,False,False,35224.20223528424,False,False,False,False
2025-10-14 15:00:00+00:00,5.855,5.87,5.845,5.86,39029.0,,5.83394349691343,5.734688235642322,5.651955004625596,5.644598917940687,5.644856458426377,5.654099276928776,5.6695089319251295,5.6740414885791495,5.694043550374587,5.69543786210262,5.748889112420364,5.772832866450121,5.791960176612208,5.798791926477792,5.797923311541019,5.7945944223393315,5.79064257542331,5.7905921653854735,5.789923376061035,5.789696972838136,5.790002915462046,5.810028717010623,,5.8297700896736115,5.763203078986824,5.644412498704729,5.661578125119041,5.679565760501384,5.703990957616559,5.704269206152994,5.7570973119432605,5.7758366272620405,5.798409330604678,5.796823111564484,5.795749564862468,5.792351325490284,5.788760853489957,5.788586675092584,5.788001443069241,5.792577663652625,5.798331107128743,5.784494218369948,5.769288402640817,5.754012653909744,5.750426651905009,5.738330088177018,5.737247105274085,5.726510926068801,5.6792884323052935,5.763203078986824,5.798331107128743,5.726510926068801,5.748889112420364,5.743775080067278,5.756784991090438,"rgba(38, 166, 154, 0.5)",0.18670683287293077,5.709563951908388,0.8057340257814586,61.9865264236737,5.564540581291411,False,False,True,False,True,14.528219392324594,0.0,0.0,0.0,0.0,0,0.9565756823821344,0.9913151364764268,False,False,False,False,0.2621996977304185,0.2531977629616341,False,False,False,False,-323700.0,-380902.9341110056,False,False,False,False,35283.19134791549,False,False,False,False
2025-10-14 16:00:00+00:00,5.855,5.89,5.855,5.885,73346.0,,5.838589276386374,5.738258076282162,5.655801328478315,5.647745984716326,5.647977905111104,5.656729124720531,5.6716920549345815,5.67611019357333,5.695676566393352,5.697048274836309,5.74967874003417,5.773399036538186,5.7923848355846665,5.799156919131285,5.798271099960118,5.794938731213431,5.790989914745883,5.790938980473945,5.7902656956263865,5.79001832926723,5.79032232824024,5.810239935370091,,5.844561024798649,5.766281499453585,5.647475627013919,5.663971215954214,5.681502022910921,5.7053743035114515,5.705619154826768,5.7578066291326895,5.776377374713704,5.798758462572533,5.797170087871711,5.796095167809381,5.792697139656978,5.789102553802124,5.7889285302799465,5.788339625595172,5.792872711614488,5.798557481248538,5.7847503480299665,5.769569853960452,5.754314430130936,5.7507164499456715,5.738635725911989,5.7375543933688276,5.726833076772814,5.679677597384544,5.766281499453585,5.798557481248538,5.726833076772814,5.74967874003417,5.745283333255364,5.758154595635497,"rgba(38, 166, 154, 1.0)",0.18454350789530732,5.713413617530927,0.9297882349045564,66.67039199808255,9.719279586048863,True,False,True,False,True,16.30299565244007,0.0,0.0,0.0,0.0,0,0.9602484472049696,0.9888198757763977,False,False,False,False,0.2804781223119715,0.2668379426368028,False,False,False,False,-250354.0,-378878.91962866444,False,False,False,False,35873.31241228889,False,False,False,False
2025-10-14 17:00:00+00:00,5.885,5.89,5.87,5.88,187605.0,,5.847600786370709,5.746823002960679,5.665205309683858,5.655531971042302,5.655703188831427,5.663279073509479,5.677159687228182,5.68129906650495,5.699798129603186,5.701114149026835,5.7517066095818965,5.774865334010701,5.793494105650167,5.80011460455318,5.7991840900075715,5.79584179071678,5.791899783621906,5.791847483043905,5.791162423166243,5.790860801798822,5.791159842284596,5.810800955073558,,5.860384902822273,5.773661079503136,5.655063661040352,5.669948925259308,5.686367460535424,5.708880743393234,5.7090432097505595,5.759633029160221,5.777779575478219,5.799675068987109,5.798080660043923,5.797001888039713,5.7936034987770215,5.789997404922901,5.789823740642751,5.789225212257039,5.793647700187385,5.7991550511164816,5.785422572352456,5.770305282702183,5.755100447444251,5.751471137256307,5.739430109428761,5.738352935027301,5.727669013437325,5.680682785596937,5.773661079503136,5.7991550511164816,5.727669013437325,5.7517066095818965,5.7489296449214065,5.7607489723826255,"rgba(38, 166, 154, 1.0)",0.18323174908806855,5.721618816450575,0.8643763121712084,68.7288772585461,11.511319812370516,True,False,True,False,True,15.759387040548752,0.0,0.0,0.0,0.0,0,0.9553349875930526,0.991315136476427,False,False,False,False,0.28968557312445653,0.2782617578806297,False,False,False,False,-437959.0,-379794.88986697973,False,False,False,False,38225.741677214646,False,False,False,False
2025-10-14 18:00:00+00:00,5.885,5.885,5.855,5.855,21872.0,,5.848031290819359,5.747649713679667,5.666177582528093,5.656347460159293,5.656512488251552,5.663966645280239,5.677732746304079,5.6818424998930395,5.700227675692142,5.70153767416178,5.751911766540312,5.775009645532651,5.793599496613703,5.800204093969604,5.79926969520315,5.795927284616704,5.79198679681029,5.791934378220572,5.791248347831594,5.7909416406015,5.791240152699824,5.810851724231515,,5.860613261543335,5.77434692634873,5.6558593499951515,5.670576140811024,5.6868764762501085,5.7092453657649,5.709399412497995,5.759816319978058,5.777916958569902,5.799760882745468,5.798166317791619,5.797087449947378,5.793689810049177,5.790083389649008,5.789909794459421,5.789310469118655,5.793721616965468,5.799211328344762,5.785487994925122,5.770378748589459,5.755180517508085,5.7515483481697744,5.739512321526507,5.738435653781826,5.727756339678318,5.680790549636273,5.77434692634873,5.799211328344762,5.727756339678318,5.751911766540312,5.749279581801849,5.76095564780037,"rgba(38, 166, 154, 0.75)",0.1806441926116734,5.7223307028966905,0.734423261469058,65.46242709253707,11.511319812370516,True,False,True,False,False,13.083667329561873,0.0,0.0,0.0,0.0,0,0.9517326732673272,0.9938118811881189,False,False,False,False,0.2774193135927254,0.27784053573667755,False,False,False,False,-459831.0,-381035.75979152264,False,False,False,False,37972.19529462217,False,False,False,False
2025-10-14 19:00:00+00:00,5.855,5.875,5.84,5.86,159749.0,,5.849608086421232,5.75303008251081,5.672772951872171,5.661932088933254,5.6620557696711815,5.668687917946962,5.681669230885383,5.685575200075695,5.703174278414132,5.704442368922024,5.753300934043803,5.775972760567217,5.794288930088747,5.800783811047069,5.799825513450196,5.796485708603727,5.792558637323666,5.792505495941301,5.791813726912558,5.791474095783677,5.791768927761742,5.8111743672357665,,5.860008028971877,5.7787135133094445,5.661313356173426,5.674884705221345,5.690372136607735,5.7117459023986665,5.711843131162696,5.761052307276591,5.778831580154459,5.800317522196287,5.79872360845921,5.797645196710782,5.794255589863103,5.790650118926485,5.79047711528536,5.789873060262599,5.794206818694391,5.7995781089602945,5.785922794541105,5.770874329028394,5.755726526848884,5.752076161442199,5.740077806815388,5.739004902991233,5.72835998271062,5.681545485441226,5.7787135133094445,5.7995781089602945,5.72835998271062,5.753300934043803,5.751586403836923,5.762261372200503,"rgba(38, 166, 154, 0.75)",0.17809611232484626,5.726855774940024,0.7475975939167179,63.84899374146894,11.511319812370516,True,False,True,False,False,13.453966765735355,0.0,0.0,0.0,0.0,0,0.9507995079950805,0.9913899138991392,False,False,False,False,0.2621996977304185,0.27002011673354803,False,False,False,False,-300082.0,-379780.6627404913,False,False,False,False,39860.20777067454,False,False,False,False
2025-10-15 14:00:00+00:00,5.905,5.925,5.895,5.895,19661.0,,5.850632230441251,5.753933863645394,5.673749818497168,5.662756403688579,5.6628742520562145,5.669392277201412,5.682266736420226,5.68614487241838,5.7036361520058305,5.70489859914323,5.753544254249844,5.776156051575236,5.794433857532191,5.8009115700067895,5.799947184640378,5.796605083703779,5.792677786151453,5.792624456679377,5.791931007297685,5.791584380927992,5.791878652513976,5.811252768439563,,5.861431476355991,5.77951646113159,5.662118564347293,5.675532778505925,5.690909340987631,5.712144001533345,5.712232408444698,5.761274231579677,5.779007943194438,5.8004398187926745,5.798844621662771,5.7977653851255315,5.7943747536059345,5.7907668624809165,5.790593860739643,5.789988434510831,5.794309122160559,5.799658540060468,5.786010205232836,5.770967275728015,5.755823708941144,5.752169132687439,5.740174349710403,5.739101842469014,5.728460426492132,5.681662364409051,5.77951646113159,5.799658540060468,5.728460426492132,5.753544254249844,5.751992375419816,5.762544621859235,"rgba(38, 166, 154, 0.75)",0.17573313613298477,5.727727028437987,0.9518578865822442,65.98954494818413,11.511319812370516,True,False,True,False,False,15.975429899466732,0.0,0.0,0.0,0.0,0,0.958687727825031,0.9793438639125152,False,False,False,False,0.3270158020783958,0.2985179594059719,False,False,False,False,-280421.0,-378240.20285304176,False,False,False,False,39547.041758726096,False,False,False,False
2025-10-15 15:00:00+00:00,5.895,5.915,5.885,5.905,48517.0,,5.852859077335584,5.756070564521139,5.676091362681189,5.6647391596557535,5.664843117195041,5.671088236061341,5.683705734990204,5.687516845140175,5.704748194570588,5.705996989529087,5.754128221921831,5.776594490190242,5.794779140332724,5.801215448331545,5.800236740129576,5.7968895178432565,5.792962035877511,5.792908263939494,5.792210878807342,5.791847642797456,5.792140558232896,5.8114388186493375,,5.864345231609392,5.78140337409721,5.6640560151748796,5.6770934979328755,5.692203090775857,5.713102540847933,5.7131698436795695,5.76180631912734,5.77942958940844,5.800730806204725,5.799132727419701,5.798051639549421,5.794658889434307,5.791045553871949,5.790872570805522,5.790263931029329,5.7945531895572255,5.799850230051081,5.786219331301,5.771190397490304,5.756057635888731,5.7523930794364935,5.740407295311835,5.739335777315875,5.728703130443855,5.681945964618955,5.78140337409721,5.799850230051081,5.728703130443855,5.754128221921831,5.75295504721515,5.763203027510594,"rgba(38, 166, 154, 1.0)",0.17258010282732741,5.729760097131047,1.0154119739069059,68.14007025711817,11.511319812370516,True,False,True,False,True,16.67211205450858,0.0,0.0,0.0,0.0,0,0.9622871046228718,0.9805352798053527,False,False,False,False,0.314479022242944,0.30649849082445796,False,False,False,False,-231904.0,-375971.4245142349,False,False,False,False,39686.11087874584,False,False,False,False
2025-10-15 16:00:00+00:00,5.905,5.915,5.9,5.905,10771.0,,5.853375310493816,5.756552568207091,5.676616063075766,5.665184080103169,5.665284954004049,5.6714694845993705,5.684029912458355,5.687826119674256,5.704999606770558,5.706245364636942,5.754261613828963,5.776695284998267,5.7948590649713285,5.801286007864238,5.800303957132105,5.796955458135544,5.793027832972262,5.792973957614564,5.792275647469935,5.791908570660123,5.792201179735823,5.811482301967005,,5.8650148737821866,5.781831485454846,5.664490856491973,5.67744471650769,5.6924949623445675,5.713319635123037,5.71338218857106,5.761928101866319,5.779526616771603,5.800798368828376,5.799199577705954,5.798118031855801,5.794724702787659,5.7911100227008845,5.790937039897046,5.790327645059755,5.794609745464275,5.799894773485031,5.786267662019898,5.7712417225094335,5.7561112468102005,5.752444367935893,5.740460519839647,5.739389217485086,5.728758474546051,5.682010256521272,5.781831485454846,5.799894773485031,5.728758474546051,5.754261613828963,5.753173379153342,5.7633530622337705,"rgba(38, 166, 154, 1.0)",0.16921386861995782,5.730220271939308,1.0328924543013394,69.57375379640752,12.596582133986303,True,False,True,False,True,16.67211205450858,0.0,0.0,0.0,0.0,0,0.9742962056303557,0.97796817625459,False,False,False,False,0.3238724266509488,0.3151854587377034,False,False,False,False,-231904.0,-373737.821033394,False,False,False,False,39237.81458605211,False,False,False,False
2025-10-15 17:00:00+00:00,5.905,5.905,5.875,5.895,41330.0,,5.854734912136614,5.758191819145369,5.678477605326674,5.6667711182056575,5.6668610398143,5.672828440077958,5.685181909680586,5.688924006465296,5.705887206930881,5.70712183569826,5.754721136991573,5.777036135109788,5.795123688879031,5.801517467543167,5.80052483008348,5.7971732541027166,5.793246368786311,5.793192166904085,5.7924909958930995,5.792111281153596,5.792402794710869,5.811622550231741,,5.866540400263322,5.783253242430848,5.666042585108098,5.678694940067693,5.693529659434391,5.714083882121004,5.71412978281831,5.762345274647498,5.779853792993711,5.801020200608558,5.799419626774333,5.798336937633899,5.7949427793350585,5.7913247091264095,5.791151775926502,5.790540041281024,5.794797251911572,5.8000413857514515,5.7864296951342915,5.77141653032607,5.756296146309877,5.752621743149535,5.740646031560854,5.739575599838384,5.728952641218808,5.682240164589117,5.783253242430848,5.8000413857514515,5.728952641218808,5.754721136991573,5.753915571085049,5.76383946623086,"rgba(38, 166, 154, 1.0)",0.1646051239993636,5.731737502955875,0.9918433465337065,68.48707078495897,12.596582133986303,True,False,True,False,True,15.55914574088252,0.0,0.0,0.0,0.0,0,0.9718826405867976,0.9779951100244497,False,False,False,False,0.3020372410626675,0.30861134990018546,False,False,False,False,-273234.0,-372179.6222576825,False,False,False,False,39270.251569214095,False,False,False,False
2025-10-15 18:00:00+00:00,5.895,5.905,5.885,5.905,49792.0,,5.856523394375992,5.760210668381752,5.680746730993118,5.668709607746279,5.668786365672087,5.674492720574104,5.686597170244034,5.6902740514654715,5.706983362641092,5.708204565162137,5.755297430768875,5.777467823376171,5.795462459866782,5.801815252453803,5.800808871253357,5.797452733807471,5.793526112324154,5.793471485491575,5.7927665557703385,5.792370684188274,5.792660846258477,5.811804881395312,,5.8685913605838795,5.7850203289640865,5.667938507565209,5.680228438331394,5.694803478883774,5.715030188869067,5.715055665863893,5.762870037012241,5.780268780174967,5.801305566179367,5.799702400890343,5.7986180472333695,5.795222224610635,5.791599239970709,5.791426342689821,5.790811535609537,5.79503766934245,5.800230201256756,5.786636567287527,5.771638094152219,5.756529171029372,5.752845052192343,5.7408787610149234,5.739809353450425,5.7291955071934275,5.682525271599543,5.7850203289640865,5.800230201256756,5.7291955071934275,5.755297430768875,5.754837898827758,5.764451700814069,"rgba(38, 166, 154, 1.0)",0.15950819685791667,5.733622399651311,1.0744124986965131,68.73827881499241,12.596582133986303,True,False,True,False,True,16.286517685584485,0.0,0.0,0.0,0.0,0,0.9731051344743282,0.9779951100244497,False,False,False,False,0.3082465665487371,0.30842895822446126,False,False,False,False,-223442.0,-369873.61261027656,False,False,False,False,39433.37945186194,False,False,False,False
2025-10-15 19:00:00+00:00,5.905,5.96,5.905,5.96,54293.0,,5.86016878810031,5.7630169018489585,5.6836504331224855,5.671178647422591,5.671239043742692,5.676625608223311,5.688430573678297,5.692028928664859,5.708431936240751,5.709637192966673,5.756109353964709,5.778102557367805,5.795983868803624,5.802282721839192,5.801253499228877,5.797885871784496,5.793954868775998,5.793899530239095,5.793188062685996,5.792767179298747,5.793055594970925,5.812101951403785,,5.873393770812076,5.787599919663294,5.670353103314931,5.6822037453312735,5.696466414038741,5.716292348913185,5.716290900948333,5.7636192097240935,5.7808828502345175,5.801752944258662,5.800143559541877,5.799055196802445,5.795652548076391,5.792017869504799,5.79184483479776,5.791224699443059,5.79540799186887,5.800525836802339,5.786948444442275,5.771961136899398,5.756859770666438,5.753160061258794,5.741201371216006,5.740132913952661,5.729527178999607,5.682897546345829,5.787599919663294,5.800525836802339,5.729527178999607,5.756109353964709,5.756136050653372,5.765380744860473,"rgba(38, 166, 154, 1.0)",0.1547560707741072,5.73637321463884,1.4450275471750693,72.4907308225905,16.433221320615274,True,False,True,False,True,20.0,0.0,0.0,0.0,0.0,0,0.9782082324455212,0.9636803874092008,False,False,False,False,0.34282812940991575,0.32562854381718853,False,False,False,False,-169149.0,-366761.6031124428,False,False,False,False,39663.76116578656,False,False,False,False
2025-10-16 14:00:00+00:00,5.995,6.005,5.985,6.0,21740.0,,5.86246945266905,5.7644548804724405,5.685039094563286,5.672353313075252,5.6724060636082285,5.677645394626012,5.689315181006232,5.692878072731638,5.7091425740556865,5.71034074036241,5.75652826137867,5.7784403455836335,5.7962700392033994,5.802542547183071,5.801500180876244,5.79812464586496,5.794189523017423,5.794133773096893,5.793418446590552,5.792983780048858,5.793271356556048,5.812270857057678,,5.876554528553272,5.78896946653059,5.6715016389788735,5.68315224837658,5.69727397603917,5.716916185953251,5.716901530645911,5.764009560138596,5.781211091754929,5.802001390326091,5.800387792920527,5.799296711256317,5.7958887882191155,5.7922462102860175,5.792073031088487,5.791449755682697,5.795611317251723,5.800689863908835,5.787117243379589,5.772131956331437,5.757031117046368,5.7533226190444395,5.7413656225242145,5.74029746193782,5.729694053884797,5.683077932390654,5.78896946653059,5.800689863908835,5.729694053884797,5.75652826137867,5.756805387437621,5.765883806482385,"rgba(38, 166, 154, 1.0)",0.1512544244010731,5.75301694113321,1.6328980778233526,76.4756286486106,20.36292202316497,True,False,True,False,True,20.0,0.0,0.0,0.0,0.0,0,0.9927884615384621,0.9579326923076923,False,False,False,False,0.342828141337917,0.33422834257755274,False,False,False,False,-147409.0,-363360.7875603119,False,False,False,False,39385.87339577436,False,False,False,False
2025-10-16 15:00:00+00:00,6.005,6.005,5.96,5.96,23109.0,,5.8644501009694805,5.765823308573782,5.686400060837576,5.673509888467815,5.673555151673499,5.678649157890607,5.690184047330355,5.693711506814748,5.709837495525506,5.711028513952487,5.756931919038148,5.778762726081862,5.796540544478991,5.8027872325951595,5.801732679981925,5.7983501983027725,5.794411731446959,5.794355600351801,5.793636721770622,5.793189078372684,5.793475826188295,5.812429003778095,,5.879166465746337,5.790255890577331,5.672632906964541,5.6840849807298515,5.698065862520245,5.717525146784592,5.717497659636698,5.764384552232314,5.781523932642774,5.8022354711859485,5.8006181567408825,5.799524676502593,5.7961122634097,5.792462705105837,5.792289411361477,5.791663243476784,5.79580375377888,5.8008446763941715,5.787277852671296,5.772295754096576,5.757196541477643,5.753479811592264,5.741525187868803,5.740457377763122,5.729856831356776,5.683256217863728,5.790255890577331,5.8008446763941715,5.729856831356776,5.756931919038148,5.757443295201053,5.766351244504698,"rgba(38, 166, 154, 0.75)",0.1471186626533151,5.7680168328615355,1.304954542652909,73.49810071867134,20.36292202316497,True,False,True,False,False,18.230082549270826,0.0,0.0,0.0,0.0,0,0.99043062200957,0.9569377990430622,False,False,False,False,0.3287581532234584,0.3314932479005056,False,False,False,False,-170518.0,-360370.97690046206,False,False,False,False,39133.518769483286,False,False,False,False
2025-10-16 16:00:00+00:00,5.96,5.965,5.93,5.965,45809.0,,5.867446723586757,5.768208434418422,5.688860758283707,5.675613735743607,5.675645504502598,5.680475001211614,5.691761031071064,5.695223011320913,5.7110926686803944,5.712270333857446,5.7576486306953605,5.779328451216655,5.797009544767516,5.803209459139548,5.802134323595618,5.798740983280871,5.794797949708576,5.7947411752865,5.7940163551119,5.793546340019856,5.793831572635394,5.81269993121901,,5.882872297259712,5.792461104149479,5.674691757045997,5.68578002355799,5.6995005710714315,5.71862296523277,5.718572515146553,5.765047906762008,5.782071986964005,5.802639663414996,5.801016499779574,5.799919246129959,5.796500158370311,5.792839590131656,5.792666147058417,5.792035135836209,5.796138027089605,5.801112671341378,5.7875587653278995,5.772585047264548,5.757491174213809,5.753760343324977,5.741811557243671,5.740744511182041,5.730150404859448,5.6835827914202905,5.792461104149479,5.801112671341378,5.730150404859448,5.7576486306953605,5.758559178152425,5.767143602790338,"rgba(38, 166, 154, 0.75)",0.14273717420805251,5.7686461609642015,1.3756321023253177,71.8092687689516,20.36292202316497,True,False,True,False,False,18.549682216347392,0.0,0.0,0.0,0.0,0,0.9832735961768225,0.9689366786140979,False,False,False,False,0.290002714533351,0.3107479812169283,False,False,False,False,-124709.0,-356717.3028399898,False,False,False,False,39237.01460251455,False,False,False,False
2025-10-16 17:00:00+00:00,5.965,5.965,5.945,5.955,12077.0,,5.868218070542487,5.7688327416494545,5.689505994124514,5.676166428061687,5.676194684937927,5.680955242637594,5.692176269796623,5.695621128663364,5.711423689571031,5.712597856459378,5.757838314666925,5.77947841042887,5.797134037437672,5.803321611387435,5.80224102123087,5.798844788253399,5.794900526244869,5.794843581214647,5.7941171843671055,5.793641242121453,5.793926074642548,5.812772029004672,,5.883810080548792,5.793038504174301,5.675232743997099,5.686226114029214,5.699878598540209,5.718912734593649,5.718856258229531,5.765223558381602,5.782217293520521,5.802747038530431,5.8011223176275015,5.8000240591919425,5.796603187038063,5.792939686208309,5.792766202801722,5.792133906167737,5.796226849980717,5.801183940068791,5.787633409364505,5.772661863887327,5.757569363047167,5.753834787603208,5.7418875200589135,5.740820673987732,5.730228250620764,5.683669288299479,5.793038504174301,5.801183940068791,5.730228250620764,5.757838314666925,5.758852314883843,5.76735115768799,"rgba(38, 166, 154, 0.75)",0.13524325764613102,5.76908460930767,1.3746740054042779,69.35984046443758,25.522037262277962,True,False,True,False,False,17.48707437302402,0.0,0.0,0.0,0.0,0,0.9868735083532226,0.9665871121718378,False,False,False,False,0.29823281175883504,0.3044903964878817,False,False,False,False,-136786.0,-353307.51519905974,False,False,False,False,38815.929104801144,False,False,False,False
2025-10-16 18:00:00+00:00,5.955,5.955,5.91,5.935,27063.0,,5.8694786977297415,5.770055624548309,5.690823509750835,5.677301411085537,5.6773224915107185,5.6819407210240005,5.6930257085887055,5.696434689182086,5.712096518748321,5.7132632770610785,5.758215485215401,5.779772155120408,5.797374107765128,5.8035365152352485,5.802445741178374,5.799044695809329,5.795098867551488,5.795041604481941,5.794312304540094,5.793824999572669,5.794109008064158,5.812908754285657,,5.885212099909933,5.794146490873533,5.676344175221342,5.687140244935135,5.7006500621702445,5.7195001416673055,5.719431510944356,5.765571189713869,5.782501301349902,5.802952940677929,5.801325600589763,5.800225653140288,5.796802061152887,5.793133612298963,5.792960083311252,5.792325416804137,5.79639841787557,5.8013209423225485,5.787778813000962,5.7728133388248555,5.757725145973411,5.753983461832884,5.7420402603132885,5.740973903116029,5.730385701003493,5.683847454737999,5.794146490873533,5.8013209423225485,5.730385701003493,5.758215485215401,5.759428494911328,5.767745702760955,"rgba(38, 166, 154, 0.75)",0.1257407600531259,5.76947188818332,1.3164236620388123,65.24564536276202,21.56215117053324,True,False,True,False,False,15.39169270609873,0.0,0.0,0.0,0.0,0,0.9798339264531442,0.9691577698695136,False,False,False,False,0.2736552998872709,0.2890728481875763,False,False,False,False,-163849.0,-350370.17387814407,False,False,False,False,38633.71314968795,False,False,False,False
2025-10-16 19:00:00+00:00,5.935,5.955,5.925,5.945,51923.0,,5.872064012985611,5.7724688396153345,5.693397342233349,5.679521143236739,5.679528369957498,5.683872036230991,5.694694736268737,5.698034456898911,5.713424245924486,5.714576703887142,5.75896882384666,5.780363017937703,5.797860431179653,5.80397319079333,5.80286162499286,5.799450276624961,5.795500662395036,5.795442748979166,5.794707482875144,5.794197184801925,5.794479570376241,5.813188301216824,,5.888120518575258,5.796348387711272,5.67851826847169,5.688934020660437,5.702168506211384,5.720661746604956,5.720569256880283,5.766267076132844,5.783073160387754,5.803371305086081,5.80173838442454,5.80063483663583,5.79720519554848,5.793526208695339,5.793352562529094,5.792713026760939,5.796746347295296,5.80159954326881,5.788072898342662,5.773118205985895,5.758037405523473,5.754281241069112,5.742345362412829,5.741279912600801,5.73069947842016,5.684199967464746,5.796348387711272,5.80159954326881,5.73069947842016,5.75896882384666,5.760571600148105,5.768535314249409,"rgba(38, 166, 154, 0.75)",0.11559918326342201,5.7711507168409755,1.503897157844664,63.37674019979976,19.726234057912094,True,False,True,False,False,16.072840778235694,0.0,0.0,0.0,0.0,0,0.9822485207100597,0.9704142011834319,False,False,False,False,0.2818106623400038,0.28544175526379,False,False,False,False,-111926.0,-346673.36498080846,False,False,False,False,38839.74860473155,False,False,False,False
2025-10-17 14:00:00+00:00,5.905,5.915,5.885,5.895,11849.0,,5.872276966333006,5.772871449585897,5.693876085251149,5.679939607403869,5.679944246750584,5.684235342037469,5.695006200463095,5.698332194865827,5.713667971326044,5.714817527315885,5.7590993017731495,5.780461189937611,5.797937649119487,5.804041215661357,5.8029266631404575,5.799514405412805,5.795564952957736,5.7955069466286435,5.794770863198891,5.794256975866881,5.79453905364605,5.813230465713358,,5.888239190831146,5.796694587474423,5.6789285407123575,5.689270249178013,5.702450131043265,5.720873486090239,5.720776696335955,5.7663860666850635,5.7831675851010305,5.803436619403006,5.801803176642004,5.800699293019017,5.797269376445993,5.793589387884541,5.793415753736745,5.792775547965283,5.796801840926532,5.8016433445519375,5.788120962496715,5.773169776426396,5.758091734901406,5.7543333789382665,5.742399748622507,5.7413345413689445,5.730756271811543,5.684266760365229,5.796694587474423,5.8016433445519375,5.730756271811543,5.7590993017731495,5.760764421563149,5.768657091543694,"rgba(38, 166, 154, 0.5)",0.10312120044870038,5.771132522699455,1.2011834303865077,57.05259079266235,13.801632189382246,False,True,True,False,False,11.055677889769434,0.0,0.0,0.0,0.0,0,0.9751184834123225,0.9786729857819906,False,False,False,False,0.23870767427652503,0.26207471477015754,False,False,False,False,-123775.0,-343217.57637645485,False,False,False,False,38421.28738605353,False,False,False,False
2025-10-17 15:00:00+00:00,5.895,5.93,5.89,5.93,30588.0,,5.873186864060263,5.774049119654156,5.695211571056756,5.681102568657227,5.681100067829856,5.685247369651221,5.695877955124916,5.699166805801506,5.714356354018582,5.715498116725121,5.7594792042637515,5.780753165752479,5.798172739435105,5.8042504233155885,5.803126333231905,5.79971021084187,5.795760088070861,5.795701783965203,5.794963021572035,5.794438141881144,5.79471936131011,5.813362526753522,,5.889067086482828,5.797736787447538,5.680068515924363,5.690208925465827,5.703241111235447,5.721473991287999,5.721365028553459,5.766734792391059,5.783449317360266,5.803637306319049,5.802001725987249,5.800896464557333,5.797464669451905,5.793780617523671,5.793606973206276,5.792964576049569,5.796970633839016,5.801777638538692,5.788265453268684,5.773322179742938,5.7582501000619795,5.754484911193322,5.742556456672054,5.74149183643304,5.730918725457163,5.684453743194862,5.797736787447538,5.801777638538692,5.730918725457163,5.7594792042637515,5.761328808771508,5.769029432978029,"rgba(38, 166, 154, 0.5)",0.089520091861246,5.771676319399744,1.7685826422704458,55.940122503757074,12.786159498207539,False,True,True,False,False,13.476604254616415,0.0,0.0,0.0,0.0,0,0.976359338061466,0.9669030732860521,False,False,False,False,0.24939626358802483,0.25573548917909117,False,False,False,False,-93187.0,-339341.13333185867,False,False,False,False,38299.84106999069,False,False,False,False
2025-10-17 16:00:00+00:00,5.925,5.96,5.925,5.94,35235.0,,5.874766513342439,5.775615668286619,5.69690168091465,5.682568806294287,5.682557396017208,5.686527042076811,5.696986435764272,5.700229940490299,5.715240829650261,5.716373161249252,5.759983799374626,5.781149532215256,5.798499286014255,5.804543832700879,5.803405923378045,5.799982993686996,5.796030407862444,5.795971670832723,5.795228938958972,5.794688716056997,5.794968847878161,5.81355094708649,,5.890774396242962,5.799162791438789,5.681505533839189,5.691398961834164,5.7042509343441985,5.722249191027434,5.722124569922096,5.767201144399062,5.783833007923846,5.803918539311766,5.802279270822478,5.801171629170598,5.797735856649705,5.79404482866226,5.7938711085638195,5.7932254698744865,5.797204969484621,5.801965524275345,5.78846382170422,5.773527883878019,5.758460859747367,5.75468596739597,5.74276249283125,5.741698487515233,5.731130647138347,5.684691909017086,5.799162791438789,5.801965524275345,5.731130647138347,5.759983799374626,5.762080562278725,5.769545915519888,"rgba(38, 166, 154, 0.5)",0.07326522225989553,5.773018111323159,2.2791425935282406,55.98657598800261,12.625494033647186,False,True,True,False,False,14.148277957392636,0.0,0.0,0.0,0.0,0,0.992899408284024,0.9538461538461538,False,False,False,False,0.28453720350470335,0.27013634634189726,False,False,False,False,-57952.0,-334978.51110965933,False,False,False,False,38252.32415417688,False,False,False,False
2025-10-17 17:00:00+00:00,5.94,5.945,5.93,5.945,18769.0,,5.875558342942598,5.776429987993698,5.697786475346651,5.683338145692455,5.683322101061531,5.6871990797441105,5.697568835922802,5.70078857219087,5.715705721344264,5.716833094267272,5.760248992793614,5.7813576888719815,5.798670607159306,5.80469772181424,5.80355260568696,5.800126168042952,5.79617235028477,5.796113387397683,5.795368587150832,5.794820334576018,5.795099893074756,5.813649786449073,,5.891611044955878,5.799902172020942,5.682259716724549,5.692024093601092,5.7047816117898185,5.722656781198792,5.722523973502956,5.767446184029174,5.784034483524998,5.804066072428318,5.802424901355867,5.801316031755084,5.797878228909195,5.794183599160899,5.794009841677172,5.793362513421948,5.797328049399991,5.802064209920403,5.788568132176314,5.773636169275268,5.758571910209075,5.754791936852812,5.742871152144817,5.741807476433234,5.731242467543928,5.684817773713747,5.799902172020942,5.802064209920403,5.731242467543928,5.760248992793614,5.762473112718564,5.769814510160501,"rgba(38, 166, 154, 0.5)",0.07306513199545059,5.773703997596012,2.344428836652944,56.42645656395845,12.625494033647186,False,True,True,False,False,14.485349821541046,0.0,0.0,0.0,0.0,0,0.9916864608076014,0.9572446555819476,False,False,False,False,0.2790881975528127,0.274612271947355,False,False,False,False,-39183.0,-330392.5341932305,False,False,False,False,37950.25711302685,False,False,False,False
2025-10-17 18:00:00+00:00,5.945,5.97,5.94,5.965,59748.0,,5.878637821899848,5.779253972427833,5.700770659284011,5.685929650481598,5.685898178542751,5.689468309812787,5.6995431714909826,5.702684651164472,5.717292829890941,5.718403950136979,5.761173588000306,5.782092862109724,5.799283617038985,5.805251346494591,5.804079911931635,5.80063948008613,5.796679702009414,5.7966199125274604,5.795867469251513,5.795290447025833,5.795568063300896,5.814008903844425,,5.895035737204407,5.802506378729493,5.6848002073071875,5.694138918915968,5.706585578396805,5.724052771562615,5.723892080200365,5.768304008300604,5.784747385827153,5.804596651719332,5.80294795413826,5.801834223926355,5.798387776020565,5.794678921161382,5.794504967276057,5.793851400246021,5.797768610823216,5.80241905153825,5.788939318426504,5.7740178256395485,5.758960149135383,5.75516177996975,5.743248350490499,5.742185648233611,5.731628824501686,5.6852463445376165,5.802506378729493,5.80241905153825,5.731628824501686,5.761173588000306,5.763838113579687,5.77076778078764,"rgba(38, 166, 154, 0.5)",0.07383345026732452,5.776480377831303,2.5533091232515117,58.30869918975484,12.625494033647186,False,False,True,False,False,15.823282969238488,0.0,0.0,0.0,0.0,0,0.9917061611374411,0.9514218009478672,False,False,False,False,0.29823281175883504,0.286422541853095,False,False,False,False,20565.0,-324951.3321127153,False,False,False,False,38288.20661515046,False,False,False,False
2025-10-17 19:00:00+00:00,5.965,5.975,5.96,5.975,104987.0,,5.884243853154459,5.784319220463086,5.706082200829081,5.690557000065574,5.690498673053812,5.693534126796882,5.703094107308491,5.706098604204486,5.72016448798064,5.72124709565211,5.7628724244443115,5.783454535762031,5.800427630608208,5.806287958719944,5.805067248196918,5.801599567245895,5.797627341837162,5.797566001102087,5.7967991485248165,5.796168639582563,5.796442744084896,5.814686294545348,,5.901237490544034,5.807208341109931,5.689338450418143,5.697935324266749,5.7098380821733485,5.726586285177276,5.726375737216756,5.769884219474986,5.7860692958124895,5.805590262320839,5.803926964280479,5.802803800009841,5.799340077598321,5.795603613099386,5.795429238402952,5.794763908730108,5.798592763444365,5.803085043186058,5.789632287986447,5.774726859452032,5.759678412076589,5.755845540561306,5.743943738857593,5.742882662739671,5.732339315481974,5.686028202617375,5.807208341109931,5.803085043186058,5.732339315481974,5.7628724244443115,5.766310859280127,5.772506308576866,"rgba(38, 166, 154, 0.5)",0.07497447012930654,5.781558623771387,2.58009661015262,60.310614659127225,12.625494033647186,False,False,True,False,True,16.48336387136651,0.0,0.0,0.0,0.0,0,0.9940828402366867,0.9502958579881656,False,False,False,False,0.31203797205768646,0.29923025695539074,False,False,False,False,125552.0,-317966.784328022,False,False,False,False,39322.29643507061,False,False,False,False
2025-10-20 14:00:00+00:00,6.005,6.01,5.985,6.005,37668.0,,5.886737372478109,5.786354741100901,5.708148046315796,5.69235501494219,5.692286453366279,5.6951195038783755,5.704486172947289,5.707439166091584,5.721300774783494,5.722372722491197,5.763562536271196,5.784016085463211,5.800906316351321,5.806724282399282,5.805482548002152,5.802002280299969,5.798023557493359,5.797961553149792,5.797188477013847,5.796535582580121,5.79680831072697,5.814974570141024,,5.904084481766394,5.809130785560836,5.69110201215142,5.699419481823187,5.7111178641315075,5.7275930696240085,5.727362898295097,5.770529252909548,5.786615603400673,5.806008373654128,5.804338377345193,5.803210882471769,5.799738790377248,5.795989670719775,5.795815067773081,5.795144660595392,5.798937956831205,5.803365419337923,5.789920764307884,5.775018893480159,5.759971514095358,5.7561240234904725,5.744225169775448,5.743164600116713,5.732625247153222,5.686337202751246,5.809130785560836,5.803365419337923,5.732625247153222,5.763562536271196,5.76730845764943,5.773222194447504,"rgba(38, 166, 154, 1.0)",0.07660886971440077,5.783774424848573,2.887727961215971,63.623156551059665,7.896851212544213,True,False,True,False,True,18.415505334518034,0.0,0.0,0.0,0.0,0,1.0000000000000002,0.9423529411764707,False,False,False,False,0.3428281417678694,0.3210291993616301,False,False,False,False,163220.0,-310506.5241058821,False,False,False,False,39296.64842832533,False,False,False,False
2025-10-20 15:00:00+00:00,6.005,6.045,6.0,6.035,36573.0,,5.889604029814323,5.788536797457882,5.710306988923381,5.69423047981544,5.6941513352651105,5.696776448211785,5.705946182239916,5.708846685658462,5.722499956065672,5.72356110695487,5.764303893703587,5.784625504984883,5.801430852654514,5.80720423723528,5.8059391328017735,5.802444176521555,5.798457369087314,5.798394625970282,5.797614578393796,5.796937125959673,5.797208413608291,5.815293825023885,,5.90742198021114,5.811216716765927,5.692941429326817,5.7009732174164505,5.712463396949194,5.728658517887821,5.728407654642617,5.771224463692453,5.787209321515216,5.806468181393362,5.8047903988349345,5.803657868421711,5.800175747008632,5.796411926417917,5.796237034369661,5.795560942020165,5.799316287113197,5.803673696649108,5.7902355563419885,5.775335236948066,5.760286952957033,5.756423302997221,5.744526255196518,5.743466111295168,5.732929913154987,5.686662096090487,5.811216716765927,5.803673696649108,5.732929913154987,5.764303893703587,5.7683778975614395,5.774000484381092,"rgba(38, 166, 154, 1.0)",0.07922757732638383,5.78626552034634,3.139493697112315,67.39433970645577,11.547869704553854,True,False,True,False,True,20.0,0.0,0.0,0.0,0.0,0,1.0081967213114758,0.9332552693208432,False,False,False,False,0.3428281458941516,0.33192867262789083,False,False,False,False,199793.0,-302594.90357710875,False,False,False,False,39254.42132090943,False,False,False,False
2025-10-20 16:00:00+00:00,6.035,6.045,6.03,6.045,13321.0,,5.890717942102927,5.789365707448891,5.711118924176321,5.694935552482442,5.694852454359393,5.6974000769292115,5.706496651179488,5.709377646629148,5.722953441768855,5.724010589082115,5.764586551757753,5.784858900062224,5.8016325736165095,5.8073891205457375,5.806114984330997,5.802614242309626,5.798624175618025,5.79856114675756,5.797778396025688,5.7970915006643695,5.7973622453664015,5.8154171882338765,,5.908723815090941,5.812012977772298,5.693632968549486,5.701558493876345,5.712971310564161,5.729061981489265,5.728803307265153,5.77148991222467,5.787436843257667,5.806645293736642,5.8049644488864525,5.8038299377081595,5.800343826741289,5.796574224742258,5.796399215420921,5.795720918919633,5.799461837562234,5.803792470378535,5.790356459553889,5.775456363496255,5.760407401621049,5.756537515351168,5.744640935218877,5.743580934473823,5.733045754974063,5.686784912598877,5.812012977772298,5.803792470378535,5.733045754974063,5.764586551757753,5.768784545974889,5.774297965955009,"rgba(38, 166, 154, 1.0)",0.08133469944207368,5.787221951759981,3.169348998745706,70.37461794600561,14.38707353565745,True,False,True,False,True,20.0,0.0,0.0,0.0,0.0,0,1.0118623962040334,0.9466192170818506,False,False,False,False,0.34282814822794133,0.33737841042791605,False,False,False,False,213114.0,-294599.41669994424,False,False,False,False,38852.35277329843,False,False,False,False
2025-10-20 17:00:00+00:00,6.045,6.06,6.04,6.06,26481.0,,5.893077476211794,5.791084187784459,5.7127861197225736,5.696382501147886,5.696291327673386,5.698681077443875,5.707629100120192,5.710470473810499,5.723888846596801,5.724937882668649,5.7651738533754635,5.785345785000187,5.802054940103645,5.807776799018518,5.806483662519553,5.802970544595081,5.798973368648066,5.798909738265821,5.798121284490549,5.797414615660817,5.797684244107381,5.815676557437453,,5.9114925604609425,5.813671144644847,5.695052142417614,5.702761593264855,5.714017311165194,5.729895194713796,5.729620425380244,5.772042173038612,5.787911736140348,5.807016652899141,5.805329266221646,5.804190523094173,5.800695806478308,5.7969138551607,5.796738588740492,5.796055642536856,5.799766666758869,5.804041536050034,5.7906092755925,5.775708943163999,5.760657939287368,5.756774953389959,5.744878924505755,5.743819184683692,5.733285770830425,5.687038014518828,5.813671144644847,5.804041536050034,5.733285770830425,5.7651738533754635,5.769627926654666,5.774917912424815,"rgba(38, 166, 154, 1.0)",0.08264610322560594,5.789226565623933,3.276300077172593,73.0402988350557,16.935400490810864,True,False,True,False,True,20.0,0.0,0.0,0.0,0.0,0,1.0130796670630204,0.934601664684899,False,False,False,False,0.34282815009743833,0.3401032802626772,False,False,False,False,239595.0,-286317.3327201001,False,False,False,False,38660.54885433256,False,False,False,False
2025-10-20 18:00:00+00:00,6.055,6.065,6.045,6.055,44896.0,,5.896965158139142,5.793965334368225,5.715589530586649,5.6988204805014755,5.698715850803493,5.700842058644898,5.709541430152878,5.71231640529094,5.725470653135472,5.726506063553798,5.766169854507318,5.786172337851936,5.802772520545467,5.808435727822696,5.807110418210518,5.80357631862753,5.799567074258134,5.799502424500018,5.79870430412422,5.797964123757966,5.798231862036989,5.816118078113974,,5.91600446855311,5.8164501329856035,5.697443872798368,5.704792246454624,5.715784730086552,5.731305315802608,5.7310034934325556,5.772979068075306,5.788718038760842,5.807647951503817,5.80594947656807,5.804803559203416,5.801294243899956,5.79749134695307,5.797315643783582,5.79662481468127,5.800285192213626,5.804465484483324,5.791039504182603,5.776138684740486,5.761084137379644,5.757178897476062,5.745283750817863,5.744224449336423,5.733693988648332,5.6874682757216855,5.8164501329856035,5.804465484483324,5.733693988648332,5.766169854507318,5.7710480913424425,5.775960099712845,"rgba(38, 166, 154, 1.0)",0.083454038707397,5.7925096545995896,3.1453282485314182,74.00073628721873,17.968883613833512,True,False,True,False,True,20.0,0.0,0.0,0.0,0.0,0,1.0142517814726841,0.9299287410926366,False,False,False,False,0.34282815082693435,0.34146571554480576,False,False,False,False,194699.0,-278859.71515854815,False,False,False,False,38757.2225155057,False,False,False,False
2025-10-20 19:00:00+00:00,6.055,6.07,6.045,6.055,46178.0,6.0566666666666675,5.900813957635194,5.796882360532172,5.718439401673258,5.701305307848215,5.701187156658264,5.703047903043415,5.711495908567017,5.714203658906824,5.7270900875640605,5.728111658660537,5.76719305025391,5.787022461265299,5.803511205344793,5.809114374441113,5.807756093485914,5.804200470185527,5.80017883309294,5.800113137605102,5.799305099003859,5.798530531463267,5.798796331087508,5.81657366663542,,5.920410714960032,5.819261996264782,5.699882278359192,5.706866427312756,5.7175924428124505,5.732750400315989,5.732421096954376,5.773941922248088,5.789547461333136,5.808298284949343,5.806588438116162,5.805435161476299,5.801910862723624,5.798086466018859,5.797910314032943,5.797211394551854,5.800819806119562,5.804902937906476,5.791483344479281,5.776581953596743,5.7615236983123115,5.757595554852043,5.745701270530306,5.744642416082934,5.734114956088516,5.687911776607591,5.819261996264782,5.804902937906476,5.734114956088516,5.76719305025391,5.7848495357226195,5.777019264015922,"rgba(38, 166, 154, 1.0)",0.08437101675615638,5.813237640896342,2.8654669387520046,74.6410279219941,18.833169421416898,True,False,True,False,True,20.0,0.0,0.0,0.0,0.0,0,1.0118483412322277,0.9312796208530806,False,False,False,False,0.3428281511878698,0.3421469333663378,False,False,False,False,194699.0,-271517.71957469464,False,False,False,False,38872.27332921879,False,False,False,False
2025-10-21 14:00:00+00:00,6.005,6.02,5.995,6.015,111638.0,6.023654973724675,5.9068252339261615,5.802453829322759,5.724212289057831,5.706401852925683,5.706256905936518,5.70758027903752,5.715504577282431,5.7180716287679845,5.73039530214057,5.731387242452251,5.7692431403762345,5.7887038748459405,5.804953439878854,5.81043339805389,5.809013252053273,5.805420173516572,5.801378923521373,5.801311263887704,5.800484774054862,5.799643954955205,5.799905711026489,5.817455280681559,,5.9267176894449385,5.82451111178491,5.704889265423308,5.711125593443501,5.721293778695293,5.73569574923145,5.735311797264731,5.775863097407776,5.791184950476205,5.8095637706834635,5.807834029498475,5.806667874700513,5.803118513425124,5.799256346925505,5.799079500997828,5.7983655047796026,5.801869027788423,5.805759391282382,5.792362498378266,5.777470226732612,5.762413808297442,5.758441643096512,5.74655525244977,5.745497833681532,5.734981561629843,5.688844444570678,5.82451111178491,5.805759391282382,5.734981561629843,5.7692431403762345,5.786117013105493,5.779033192700776,"rgba(38, 166, 154, 0.75)",0.08403892277117611,5.816740432204291,2.3591398040112432,68.98338470535876,18.833169421416898,True,False,True,False,False,16.937926523801917,0.0,0.0,0.0,0.0,0,1.0035169988276673,0.9355216881594374,False,False,False,False,0.29203514559171284,0.3170910394790253,False,False,False,False,83061.0,-266020.3750851645,False,False,False,False,40000.424130316176,False,False,False,False
2025-10-21 15:00:00+00:00,6.015,6.015,5.98,5.995,46374.0,6.017525605236952,5.908833949258681,5.804540240589261,5.726434898554924,5.708378983290932,5.708223946072005,5.709342619495263,5.71706432083675,5.71957675701079,5.731681287184624,5.73266158561998,5.770037997733018,5.789353261455087,5.805508060186517,5.810939969323175,5.809496548540527,5.805889849054923,5.80184180686831,5.801773407196047,5.800939993592656,5.8000739294412975,5.800334095492675,5.8177939450661205,,5.928705114686859,5.826456901397513,5.7068331078834245,5.71278248561237,5.7227341550869175,5.736842339217145,5.73643752935447,5.776607059726793,5.791817014491687,5.810050133416502,5.808313140590451,5.807142289965717,5.803583989913677,5.799708016180296,5.799530932933969,5.7988112732272645,5.802274059423206,5.806089971292293,5.792703373171855,5.777816183728691,5.762761873278184,5.758772899464529,5.746890501151619,5.74583372112191,5.735322572721104,5.689214266458557,5.826456901397513,5.806089971292293,5.735322572721104,5.770037997733018,5.786880306830457,5.779792825561539,"rgba(38, 166, 154, 0.5)",0.0834410295082975,5.818244901013794,2.1183235636927167,62.92164910484449,19.407516763119318,False,False,True,False,False,14.899650893953492,0.0,0.0,0.0,0.0,0,1.0106508875739648,0.9396449704142014,False,False,False,False,0.2820575061098189,0.29957427279442206,False,False,False,False,36687.0,-261327.23748694488,False,False,False,False,40099.23926007871,False,False,False,False
2025-10-21 16:00:00+00:00,5.995,6.025,5.99,5.995,27826.0,6.015823506424844,5.9100849548108165,5.805813476768775,5.727783692006147,5.7095795893933,5.709418483507181,5.710414104934484,5.718014058742576,5.7204936458788636,5.7324662406721085,5.733439536103984,5.77052622975441,5.789753440439163,5.805850866220507,5.811253472066469,5.809795636519923,5.806180374372222,5.802127969122445,5.802059110737257,5.80122139752266,5.800339747775321,5.80059894455293,5.818004092503287,,5.929956085209094,5.8276483783200845,5.708013640643687,5.713790610959709,5.723612078247924,5.7375430380189,5.737125549924144,5.777064511997562,5.79220669361565,5.810351138095186,5.808609592528752,5.8074357932874205,5.8038718252034736,5.799987182394097,5.79980994571253,5.799086769069628,5.802524591935584,5.806294701400266,5.792914031900189,5.778029553711234,5.762976166646249,5.758976780612386,5.747096588449351,5.746040179480744,5.7355319736007955,5.689440548557477,5.8276483783200845,5.806294701400266,5.7355319736007955,5.77052622975441,5.787436633514334,5.780259896038586,"rgba(38, 166, 154, 0.5)",0.08303776412132882,5.8192856454564055,2.1160776232709426,58.88049203783497,15.823306582338518,False,True,True,False,False,14.899650893953492,0.0,0.0,0.0,0.0,0,1.0153664302600476,0.9243498817966902,False,False,False,False,0.29203514559171284,0.29580470919306745,False,False,False,False,36687.0,-256706.86171195348,False,False,False,False,39908.956480852685,False,False,False,False
2025-10-21 17:00:00+00:00,5.995,5.995,5.965,5.965,8590.0,6.014366045180364,5.910349163314826,5.806147331850416,5.7281548782559,5.709912691254964,5.709749930916526,5.710711458655776,5.71827698660874,5.72074726312591,5.7326823921945085,5.733653673296478,5.770658243668882,5.789860326931161,5.805941303311269,5.811335800022273,5.809874290343799,5.8062570238614795,5.8022037277874805,5.802134752476874,5.801295954150788,5.80041023257239,5.800669158055731,5.818058966534856,,5.93018797464119,5.827954159528958,5.70834139690593,5.714070096037407,5.723854648555446,5.737735623595306,5.737314699069853,5.7771877201851,5.792310594443137,5.810430255406011,5.808687636907944,5.807513142689439,5.803947915527355,5.800061221225635,5.799883954471835,5.799159888908038,5.802590911630893,5.806348740896257,5.792970232908711,5.778087067287235,5.763034453724293,5.7590323610468515,5.747153114174204,5.7460968360235345,5.735589718210647,5.689504037523408,5.827954159528958,5.806348740896257,5.735589718210647,5.770658243668882,5.787541373668321,5.780381774560047,#000000,0.08337384600818995,5.8194749480979855,1.7454520676390435,53.06323804563462,10.60251141476445,False,True,False,False,False,11.89093094875524,0.0,0.0,0.0,0.0,0,1.0106132075471703,0.9280660377358491,False,False,False,False,0.26472614805064226,0.2802654286218549,False,False,False,False,28097.0,-252291.29796448135,False,False,False,False,39423.39126409528,False,False,False,False
2025-10-21 18:00:00+00:00,5.965,5.995,5.965,5.985,45558.0,6.009160225138965,5.911856096849435,5.807965219952681,5.730157688219412,5.711709529749638,5.711537896317486,5.71231690123687,5.719698487965865,5.72211899357988,5.733853728390267,5.734814253379443,5.77137830390771,5.7904454943478445,5.806438184996788,5.811788784745617,5.810306981947865,5.806678396911633,5.802619873679754,5.802550252157197,5.801705441402814,5.80079734558092,5.801054804461068,5.818361692336116,,5.931556160522588,5.82962749438047,5.710109447805601,5.7155800522583995,5.725167304792945,5.738780375904279,5.738340861811054,5.77786054903518,5.7928797122635745,5.8108655417048345,5.809116876000679,5.807938464366706,5.8043660247129845,5.800467773809561,5.800290328358672,5.7995613383489575,5.802955362384003,5.8066460739584675,5.79327861735452,5.778401844302977,5.763352756552061,5.7593357451758145,5.747461194410382,5.746405589858851,5.735904023198162,5.689848138625459,5.82962749438047,5.8066460739584675,5.735904023198162,5.77137830390771,5.788231068576317,5.781049980530869,#000000,0.08416880293426161,5.820689305451096,1.9521567234030375,51.55764958802828,9.327644515914372,False,True,False,False,False,13.295753525661532,0.0,0.0,0.0,0.0,0,1.0106132075471703,0.9304245283018868,False,False,False,False,0.26472614805064226,0.27249578833624855,False,False,False,False,73655.0,-247237.86698828783,False,False,False,False,39518.50147705504,False,False,False,False
2025-10-21 19:00:00+00:00,5.985,5.985,5.95,5.95,73660.0,5.999437762165207,5.913501594424606,5.810496701466491,5.733077562642439,5.714353445038699,5.714169140176401,5.714682998403284,5.721791639283913,5.724138035950575,5.735573473947574,5.736517735707899,5.77242244390642,5.791285930513313,5.807144626226772,5.812430483795536,5.810920866727895,5.8072780438892675,5.80321394366114,5.803143435589379,5.8022904536158455,5.80135093469361,5.801606205802033,5.818789133854775,,5.932796755757394,5.831911335691065,5.712713203391723,5.717804871048785,5.727098313937199,5.740313225728818,5.739847009278378,5.7788332484383576,5.793695962939802,5.8114828032426304,5.809726476817713,5.808543100851049,5.804962105546738,5.801049137446487,5.800871511805912,5.800135817669281,5.8034758977748915,5.807069994133931,5.79372239052669,5.77885885941599,5.763818477197676,5.7597805549074925,5.747915211329762,5.746860793688137,5.736369291575611,5.690364770613527,5.831911335691065,5.807069994133931,5.736369291575611,5.77242244390642,5.78911376484709,5.781986254005662,"rgba(239, 83, 80, 1.0)",0.08407418431639792,5.822064953119754,1.5216923948829044,47.42981314368421,5.449453716493267,False,True,False,True,False,9.920142537956046,0.0,0.0,0.0,0.0,0,1.0047003525264397,0.9330199764982373,False,False,False,False,0.25244163904788763,0.2624687136920681,False,False,False,False,-5.0,-243404.79928304304,False,False,False,False,40047.82703555031,False,False,False,False
2025-10-22 14:00:00+00:00,5.935,5.955,5.92,5.935,46695.0,5.992227530160542,5.913976762295348,5.811800410161226,5.734692408309519,5.715834201310877,5.7156430630955475,5.716010327714354,5.722963542930154,5.725267559501013,5.736531215874025,5.737465987579998,5.772991778040928,5.791736896238971,5.80751722021452,5.81276676568105,5.811243339931961,5.8075946123952,5.803529191177966,5.803458242591924,5.802601271192118,5.801645481888503,5.8018995063962935,5.819011600413289,,5.932895259811315,5.833047501938692,5.71417309149626,5.719052063156476,5.728177451022988,5.741165548638932,5.740684891432324,5.7793609663234555,5.794132922289761,5.811806789213319,5.810047231468069,5.808861760440332,5.805277731075043,5.8013584863124255,5.801180830338626,5.800441853302585,5.803752243771099,5.807294266102533,5.793960803706069,5.7791079358221475,5.764075416034838,5.760026727439537,5.748168483405763,5.747114895002532,5.73663062705082,5.690661175734319,5.833047501938692,5.807294266102533,5.73663062705082,5.772991778040928,5.789496039786754,5.782471831063837,"rgba(239, 83, 80, 1.0)",0.08370513454710371,5.822509633030241,1.343888491170833,43.56595693344607,1.8109707171172786,False,True,False,True,False,8.523711483886263,0.0,0.0,0.0,0.0,0,0.9964871194379394,0.9414519906323184,False,False,False,False,0.22325329490730678,0.24286100429968743,False,False,False,False,-46700.0,-240355.1124724532,False,False,False,False,40150.883980735576,False,False,False,False
2025-10-22 15:00:00+00:00,5.935,5.95,5.925,5.925,55948.0,5.985102670388734,5.914441075942639,5.813286650109962,5.736562450957262,5.717556219973925,5.717357294092093,5.717556212918945,5.724329304239069,5.726584105172582,5.7376478833115545,5.73857156289728,5.773654967152477,5.7922612109689195,5.807949383926423,5.813156519381365,5.8116173316704165,5.80796213459826,5.803895543972156,5.803824092117717,5.802962579157483,5.801988040822498,5.802240603090649,5.819269526783457,,5.932908224655277,5.834334008979058,5.715871565436461,5.720505200346106,5.72943544290072,5.7421598259757785,5.741662544093169,5.779975327114966,5.79464080244266,5.812182469628503,5.810419356833116,5.809231580171206,5.805644370238788,5.801718196490592,5.8015405196919,5.800797802251537,5.80407357768791,5.807555062118072,5.794238767249963,5.779399043502975,5.764376338964355,5.760315231272402,5.748465699327568,5.747413115898309,5.736937648867067,5.6910105784944385,5.834334008979058,5.807555062118072,5.736937648867067,5.773654967152477,5.789990320158516,5.783032068885539,"rgba(239, 83, 80, 1.0)",0.08328151542095041,5.823064132223259,1.2239915095384792,40.2728986203712,-1.33834346104517,False,True,False,True,False,7.599715674943695,0.0,0.0,0.0,0.0,0,1.0011723329425561,0.9413833528722156,False,False,False,False,0.22325329490730678,0.2330571496034971,False,False,False,False,-102648.0,-238220.11848063223,False,False,False,False,40395.80050816603,False,False,False,False
2025-10-22 16:00:00+00:00,5.925,5.93,5.895,5.925,25213.0,5.981564536854767,5.914464877138736,5.813853260704562,5.737323316676603,5.71826411284949,5.7180620837921845,5.718192445056938,5.724890386166078,5.727124586734826,5.738104470332585,5.739023434365715,5.7739210360294555,5.792468461194366,5.808117410836445,5.813307094775675,5.8117621475189924,5.808105132765581,5.804038794685413,5.803967158834103,5.80310401871612,5.802122318311082,5.802374271152283,5.819368453084695,,5.9326944609313745,5.834807248709082,5.71657040269987,5.721102855755833,5.7299514000683685,5.742565771650196,5.742061858741151,5.780220674507189,5.794841110806338,5.812327825765538,5.810563682213283,5.809375236542605,5.805787434263647,5.801859213532286,5.801681556915978,5.800937494844736,5.804199262144234,5.8076567108330535,5.794348703484001,5.779515707425162,5.76449825778293,5.760432438020201,5.748587280949604,5.747535177712337,5.737063980377049,5.6911569011892285,5.834807248709082,5.8076567108330535,5.737063980377049,5.7739210360294555,5.790153209068552,5.783247429867043,"rgba(239, 83, 80, 1.0)",0.08258530942808491,5.823175512353913,1.2329612657654965,38.077526411654624,-3.5577325192894875,False,True,False,True,False,7.599715674943695,0.0,0.0,0.0,0.0,0,0.9964830011723332,0.9449003516998828,False,False,False,False,0.19921432483008,0.21613573721678855,False,False,False,False,-102648.0,-236118.225170855,False,False,False,False,40160.40825222547,False,False,False,False
2025-10-22 17:00:00+00:00,5.925,5.935,5.915,5.935,10884.0,5.980402462539078,5.914528607338547,5.8141234795774235,5.7376710233282004,5.718586022432641,5.718382572910138,5.718481910995189,5.725146258135509,5.727371256957592,5.738313682763251,5.739230555710806,5.774044949849861,5.792566098226167,5.808197563248745,5.813379281838965,5.811831477269872,5.808173367675957,5.804106915034058,5.80403518786458,5.8031712283737225,5.802186080399975,5.80243775703638,5.8194162088428385,,5.9326698227516,5.835038737283935,5.716888079056092,5.721375053155303,5.7301871139576726,5.742752131972629,5.7422451533787955,5.780335347266183,5.79493563860078,5.812397450675296,5.810632701040081,5.809443862143351,5.805855564752865,5.801926156374225,5.801748499961299,5.80100376224213,5.804259050363709,5.807705222197189,5.794400620668465,5.779570286671293,5.764554858151219,5.760486753953599,5.748643350531849,5.747591446149548,5.737121999495588,5.691223272229913,5.835038737283935,5.807705222197189,5.737121999495588,5.774044949849861,5.7902514760151975,5.783350746511789,"rgba(239, 83, 80, 1.0)",0.08182253924150196,5.823279664976031,1.365398043859557,38.17481682697906,-3.800673488892599,False,True,False,True,False,8.367246498810893,0.0,0.0,0.0,0.0,0,0.9964871194379394,0.9437939110070259,False,False,False,False,0.21120374215682947,0.21366973968680902,False,False,False,False,-91764.0,-233880.17516820607,False,False,False,False,39706.51044986538,False,False,False,False
2025-10-22 18:00:00+00:00,5.935,5.945,5.925,5.925,47927.0,5.976128356490165,5.914868522224651,5.815332640911258,5.739213693890405,5.720014214113781,5.719804503855473,5.719767222611981,5.726283718230609,5.7284681948018745,5.739245553145247,5.740153217476469,5.774599976283481,5.79300488736041,5.808558999258274,5.813705264195738,5.812144494766376,5.808481226333006,5.804414017539471,5.804341875798268,5.80347418464539,5.80247348689367,5.802723935093991,5.819632421792413,,5.932645472793545,5.836080535011938,5.718297556764062,5.722584367828224,5.731235785309328,5.743582989181059,5.743062387818691,5.780849521737832,5.795360659483866,5.812711834243028,5.810944241064136,5.809753557199362,5.806162814471051,5.802227844865507,5.802050179696322,5.80130236585939,5.80452869489201,5.807924265808258,5.794634434713179,5.779815521948016,5.764808692884869,5.760730254831024,5.748894406155722,5.747843366428417,5.737381511270967,5.69151919394013,5.836080535011938,5.807924265808258,5.737381511270967,5.774599976283481,5.790731939465757,5.783816530490393,"rgba(239, 83, 80, 1.0)",0.08126383458101158,5.823826976312775,1.2449944579758396,37.29842485487799,-5.128154737502321,False,True,False,True,False,7.409642280786951,0.0,0.0,0.0,0.0,0,0.9976608187134506,0.9426900584795321,False,False,False,False,0.2208383841176897,0.21725406190224936,False,False,False,False,-139691.0,-232419.87787877652,False,False,False,False,39833.95990025507,False,False,False,False
2025-10-22 19:00:00+00:00,5.925,5.93,5.895,5.9,23163.0,5.973371707504321,5.914806472756161,5.815792721296741,5.739861170269588,5.720622274790893,5.720410005454774,5.720315079169761,5.7267670251569776,5.728933737408412,5.739638488406564,5.7405420297475285,5.774827178969877,5.793180443637598,5.80869995816704,5.813831131275285,5.812265770966251,5.808601385481323,5.804534792111341,5.804462503499472,5.80359353357786,5.802586928428248,5.802836844265387,5.819714917646659,,5.9323635681162,5.836455070408133,5.718898373362301,5.723099184952279,5.731680155014625,5.7439324349349645,5.74340628119988,5.781058518101195,5.795530124168338,5.812833494484613,5.8110652427827105,5.809874130986677,5.8062832626945236,5.80234695473716,5.802169322587244,5.8014204488559855,5.8046347626902195,5.808009942113301,5.794727958247964,5.779915591891572,5.764913977821045,5.760831659800757,5.749000035514073,5.747949448767958,5.737491651541383,5.691648080577986,5.836455070408133,5.808009942113301,5.737491651541383,5.774827178969877,5.790878091303828,5.783995663831004,"rgba(239, 83, 80, 1.0)",0.08089939252992519,5.823904741645997,0.9406159425221325,34.68228030909915,-8.07431878197361,False,True,False,True,False,5.063580031148536,0.0,0.0,0.0,0.0,0,0.9895348837209305,0.9465116279069768,False,False,False,False,0.19921432483008,0.20823419336616467,False,False,False,False,-162854.0,-231341.3371364699,False,False,False,False,39575.49540567747,False,False,False,False
2025-10-23 14:00:00+00:00,5.875,5.885,5.845,5.86,27813.0,5.968249253375779,5.914226255900968,5.81607345410657,5.740426185370297,5.721173441044253,5.720959068288669,5.720812283910639,5.7272009830831925,5.729350142262103,5.739982682374569,5.740881953902141,5.775007362529993,5.7933084364050735,5.808792480940097,5.813910067553314,5.812342966480452,5.8086803562673035,5.80461673158487,5.804544387318357,5.803675067037025,5.802664993358057,5.802914406923621,5.819763574299263,,5.931415659398804,5.836621334175517,5.719444616908881,5.7235643322159575,5.732075621562351,5.744235760751792,5.743705172833563,5.781220158369556,5.795652030857337,5.812910526838643,5.811143104405519,5.809952528668275,5.806363906252501,5.802429048617369,5.802251540889177,5.801502358876418,5.804706693479515,5.808066566678518,5.794795651767273,5.779993511350983,5.765000592389156,5.760916146762836,5.74909091601054,5.748040954611712,5.737588929421862,5.691770541190709,5.836621334175517,5.808066566678518,5.737588929421862,5.775007362529993,5.790850284100722,5.784107506563762,"rgba(239, 83, 80, 1.0)",0.08068328694836371,5.823563882511194,0.45159436194171204,30.62272461628973,-12.228867421022336,False,True,False,True,False,1.5075947229032103,0.0,0.0,0.0,0.0,0,0.9815668202764977,0.9527649769585254,False,False,False,False,0.15413592010594263,0.18118505673605365,False,False,False,False,-190667.0,-230710.7272583851,False,False,False,False,39393.131135822005,False,False,False,False
2025-10-23 15:00:00+00:00,5.865,5.865,5.82,5.82,48222.0,5.958297797649745,5.912707561652941,5.816265265031964,5.741170621123458,5.7219305660540405,5.721713628631808,5.7214964328879745,5.727791632962946,5.7299146338116875,5.7404388890161115,5.741331532072866,5.775218374356287,5.793439902512807,5.808869206592282,5.813968214331544,5.812402192238645,5.808746033955585,5.804689965193666,5.804617655699389,5.803749016186366,5.802736878504112,5.802985571791325,5.819792985562753,,5.929173566678306,5.836604130019661,5.720197388367769,5.724201520632258,5.732608880421493,5.744633781099803,5.7440979692964484,5.781402725561314,5.79577430800037,5.812968793327053,5.811204562330987,5.810016052864779,5.806433916494417,5.802504887750853,5.802327687364606,5.801579019538502,5.804770919294349,5.808114277312155,5.79486431385824,5.780082451127108,5.765107237271143,5.761021867330389,5.749209148360717,5.74816035866727,5.737719310212432,5.6919474528329435,5.836604130019661,5.808114277312155,5.737719310212432,5.775218374356287,5.790620632948708,5.784191162927296,"rgba(239, 83, 80, 1.0)",0.08026280033188676,5.82257605429219,-0.032095245637303704,26.343296297766923,-16.42708471179354,False,True,False,True,False,0.0,0.0,0.0,0.0,0.0,0,0.9793340987370841,0.95752009184845,False,False,False,False,0.13300875684179383,0.15709690678892374,False,False,False,False,-238889.0,-230837.52218461168,False,False,False,False,39530.01282363871,False,False,False,False
2025-10-23 16:00:00+00:00,5.825,5.825,5.81,5.81,32980.0,5.951334224292943,5.911443180043586,5.816256555614138,5.74156595062607,5.722352034730704,5.722133867301108,5.721878015827416,5.728117210555913,5.730224421904467,5.7406829244450694,5.741571416963027,5.775313841369963,5.793486299115436,5.808881457495032,5.813970156233259,5.8124068282479255,5.808756689073212,5.8047069330186885,5.804634710087449,5.8037671520543155,5.802755495639103,5.8030037690440235,5.8197866662599695,,5.9273861564279695,5.836448475159381,5.720617890377638,5.724555218627258,5.732899797679935,5.744844187813165,5.7443059913784245,5.781480548129222,5.795815082470882,5.812972451045465,5.811211237569274,5.810024682680256,5.806448215636347,5.802524754072666,5.802347807465795,5.801599992936594,5.8047857299986045,5.808122609376034,5.794887805258084,5.780121021274816,5.765159169427607,5.761074497595272,5.749271015436575,5.748223068581252,5.737789988227618,5.692051314045145,5.836448475159381,5.808122609376034,5.737789988227618,5.775313841369963,5.7903925999975145,5.784196695785845,"rgba(239, 83, 80, 1.0)",0.0799632235287968,5.8217430266323476,-0.14685534317058863,23.16017430624587,-19.529104206019042,False,True,False,True,False,0.0,0.0,0.0,0.0,0.0,0,0.97816091954023,0.9632183908045977,False,False,False,False,0.10967098051205527,0.1333839436504895,False,False,False,False,-271869.0,-231473.66912748592,False,False,False,False,39428.46223722571,False,False,False,False
2025-10-23 17:00:00+00:00,5.81,5.82,5.805,5.81,67641.0,5.93867560620475,5.908863525256715,5.816192658571025,5.74232744784939,5.72317394639695,5.72295351119455,5.722623299679725,5.728752083244866,5.730828075722455,5.741156242646624,5.7420364442169864,5.775491888939982,5.793566187730998,5.80889282571151,5.813961298753176,5.812404129038877,5.808766822044826,5.804730345884895,5.804658321152987,5.803793182056004,5.802783155871169,5.803030596423576,5.81976476820056,,5.923786183284131,5.836087607745191,5.7214387110019,5.725245669312433,5.7334661129580695,5.74525149497403,5.744708904179243,5.781623276339048,5.795883734504685,5.812967646127665,5.8112128744660945,5.810030493224198,5.806466020732725,5.802554467986046,5.802378054616798,5.801632154724119,5.804806103152339,5.808131383154787,5.79492785745948,5.78019232686025,5.765258242354947,5.761175467687123,5.749391123171294,5.748344915451858,5.737928302253892,5.692258022345051,5.836087607745191,5.808131383154787,5.737928302253892,5.775491888939982,5.7899750592518515,5.7841955651088925,"rgba(239, 83, 80, 1.0)",0.07974356422956803,5.820133092736826,-0.12707097851376942,21.03809297856517,-21.67950066217192,False,True,False,True,False,0.0,0.0,0.0,0.0,0.0,0,0.9758620689655173,0.964367816091954,False,False,False,False,0.10501846878296317,0.11920120621672634,False,False,False,False,-271869.0,-232099.95332705977,False,False,False,False,39865.865923470265,False,False,False,False
2025-10-23 18:00:00+00:00,5.805,5.805,5.785,5.79,16231.0,5.935581935922135,5.908151200559983,5.816116550818475,5.742460056190752,5.723328530782926,5.723107778353818,5.722763856660834,5.728869625375471,5.730939048966667,5.741239594469315,5.742117975689723,5.77551283262232,5.793565942461102,5.808877601316222,5.813942282933507,5.812387455254534,5.808753937062821,5.804721153296499,5.80464920392874,5.8037849180391845,5.80277612261239,5.8030233956873625,5.819747674949532,,5.922819572521594,5.835938735206133,5.721593902288349,5.725374920908556,5.733569220499421,5.745321718242137,5.744778594347839,5.781636547360373,5.795881086776545,5.812950324761042,5.811197467477521,5.810016326902064,5.806455277470922,5.802547281711232,5.802371015566799,5.801625797419189,5.804797957876496,5.808122597628687,5.794926944647004,5.780199450673451,5.765272586230689,5.761190860712756,5.749411410891797,5.748365638920755,5.737953182132559,5.692299918221637,5.835938735206133,5.808122597628687,5.737953182132559,5.77551283262232,5.789844290171927,5.784172736766957,"rgba(239, 83, 80, 1.0)",0.07990281258790997,5.819681447008037,-0.3714693644279545,18.931689267474127,-23.884681938746574,False,True,False,True,False,0.0,0.0,0.0,0.0,0.0,0,0.9713631156930128,0.9644902634593355,False,False,False,False,0.08876895877841015,0.10398508249756824,False,False,False,False,-288100.0,-232968.1711049348,False,False,False,False,39499.43389364902,False,False,False,False
2025-10-23 19:00:00+00:00,5.795,5.815,5.785,5.795,112769.0,5.917899757419278,5.903640092742516,5.815714492837598,5.743451400237902,5.724459408032513,5.72423619940295,5.723793306927922,5.72973705079195,5.731760241350326,5.741866315894703,5.742731969726408,5.775697446775141,5.79360057771169,5.808806404083134,5.813842947520536,5.812302599090104,5.80869384111344,5.804685556005141,5.804614073763701,5.803755156486279,5.802753266985071,5.802999323475794,5.819651888044611,,5.916724727842086,5.835050458693499,5.722727787345654,5.726324643655925,5.734335018671748,5.745854231977482,5.7453066213712605,5.781766989066902,5.795898647896185,5.812861278621562,5.811120908864795,5.809947863166362,5.806409376104484,5.80252458787347,5.802349300883084,5.801608366640138,5.804766226544018,5.808082384294753,5.7949404394082675,5.780267494148478,5.76538952636228,5.761313975468812,5.749567836718584,5.748525046069111,5.738140977488434,5.692604402230154,5.835050458693499,5.808082384294753,5.738140977488434,5.775697446775141,5.789160578974727,5.784072188607095,"rgba(239, 83, 80, 1.0)",0.07990281258790997,5.8170352885562675,-0.27577613156012626,18.482114075979165,-24.63986240475272,False,True,False,True,False,0.0,0.0,0.0,0.0,0.0,0,0.9714285714285716,0.9645714285714285,False,False,False,False,0.0934065353445678,0.09869580892106802,False,False,False,False,-175331.0,-232074.5715529203,False,False,False,False,40635.39615886376,False,False,False,False
2025-10-24 14:00:00+00:00,5.8,5.8,5.78,5.785,21054.0,5.914856471998728,5.902762502399424,5.8155994006778515,5.743599583942502,5.724638705472619,5.724415208332003,5.723957037518832,5.7298733451234725,5.731888648671881,5.7419613515565295,5.7428247695592844,5.775716502917018,5.793593442986327,5.808780627377444,5.813812673960332,5.812275609890019,5.808671942407209,5.804668560489193,5.80459718432398,5.803739453906609,5.802739430408304,5.802985283133801,5.819625755272525,,5.915561753005761,5.834845338744906,5.722908271669621,5.7264749802501935,5.7344539639750005,5.74593375012518,5.74538567878139,5.781776552617071,5.795888546540068,5.812833412951636,5.811095617386014,5.809924240863043,5.806390323433603,5.802510333505403,5.802335241913276,5.801595258314917,5.804751181061665,5.808067249442236,5.794935556190711,5.780273140735072,5.7654046680602224,5.761330686010591,5.74959096460809,5.7485487422452755,5.738170106182174,5.69265569746991,5.834845338744906,5.808067249442236,5.738170106182174,5.775716502917018,5.78902536923156,5.784039422344524,"rgba(239, 83, 80, 1.0)",0.08014699333437121,5.816529546150341,-0.3933964936002079,17.77063210449147,-25.750904495549527,False,True,False,True,False,0.0,0.0,0.0,0.0,0.0,0,0.969178082191781,0.9680365296803654,False,False,False,False,0.0841351874454782,0.0914154981832731,False,False,False,False,-196385.0,-231521.24486217732,False,False,False,False,40331.80862151703,False,False,False,False
2025-10-24 15:00:00+00:00,5.785,5.805,5.785,5.795,58498.0,5.907513668641823,5.900530868345118,5.81536160047762,5.744066819717347,5.725183228990449,5.724958704707524,5.724454290841263,5.730291536637421,5.732284164151768,5.74226104670442,5.743118123172995,5.775796967631175,5.793598716816031,5.808732587355671,5.813750845722722,5.812221731019392,5.808631207139979,5.804640720219372,5.804569601334376,5.803714799243446,5.802718851398483,5.802964099066337,5.8195687947426835,,5.912601999741766,5.834365108356488,5.723455141245805,5.726933493629792,5.734822270396322,5.746187629391094,5.745637682162343,5.7818298483778845,5.795885262328889,5.812777297757995,5.811046134737586,5.809879059603718,5.8063570632265655,5.802489431765133,5.802314855418464,5.801577213189411,5.80472643806436,5.808039484371737,5.794935688256848,5.780301730398494,5.765458836097524,5.761388443795258,5.749666113054854,5.748625441468406,5.738261594776151,5.692807842518078,5.834365108356488,5.808039484371737,5.738261594776151,5.775796967631175,5.788736216264236,5.783982530464515,"rgba(239, 83, 80, 1.0)",0.07998012140412782,5.8153178766801705,-0.2540365821340449,19.338762090522792,-25.750904495549527,False,True,False,True,False,0.0,0.0,0.0,0.0,0.0,0,0.9759725400457667,0.9645308924485125,False,False,False,False,0.08876895877841015,0.09009222848084163,False,False,False,False,-137887.0,-230069.55114338387,False,False,False,False,40613.45499947801,False,False,False,False
2025-10-24 16:00:00+00:00,5.795,5.795,5.785,5.795,21884.0,5.904918115866358,5.899693966508015,5.815259711474925,5.744228139022566,5.72537515173796,5.725150306549039,5.724629822670412,5.73043861627895,5.732423058060061,5.74236526218666,5.743220023703084,5.775821701761565,5.79359601058979,5.8087103602143575,5.813723726973377,5.812197776734271,5.808612319211275,5.804626759576282,5.804555743192922,5.803702097535931,5.802707868486296,5.802952898146922,5.819544671713539,,5.911501437794344,5.834173455146876,5.72364816514022,5.7270951264970265,5.7349513357672794,5.746275491471555,5.745724977682826,5.781844657659465,5.795879437215434,5.812752476603648,5.811023872252228,5.8098584567581915,5.806341033211043,5.802478175476558,5.802303795848479,5.801567079511658,5.804714052828215,5.808026480321471,5.794933183988155,5.7803099781640555,5.765476768537327,5.761407862207304,5.749692099665824,5.74865201171706,5.738293738547205,5.6928627907624305,5.834173455146876,5.808026480321471,5.738293738547205,5.775821701761565,5.78862843948672,5.783957006000538,"rgba(239, 83, 80, 1.0)",0.07998012140412782,5.814869407082012,-0.24842931885055863,20.38418208121034,-25.750904495549527,False,True,False,True,False,0.0,0.0,0.0,0.0,0.0,0,0.9781609195402301,0.964367816091954,False,False,False,False,0.0841351874454782,0.08711370796315991,False,False,False,False,-137887.0,-228640.36430395156,False,False,False,False,40323.07585219928,False,False,False,False
2025-10-24 17:00:00+00:00,5.795,5.795,5.785,5.785,22538.0,5.902288645336729,5.898819214633721,5.815140992708183,5.7443815463106676,5.725561774480381,5.725336656086058,5.724800703024662,5.730581149865844,5.732557414999004,5.742464907847119,5.74331733333027,5.7758417526684696,5.7935884297893185,5.808683064075217,5.813691657073228,5.812169169002523,5.808589092943043,5.804608723178427,5.804537818966959,5.803685428952035,5.802693172199756,5.80293798553182,5.819516905986346,,5.910357778150399,5.833962526518062,5.723836132675085,5.727252198415385,5.735075870707146,5.746359006115158,5.745808038570135,5.781854702689306,5.795868721263169,5.812722943147062,5.810997058859768,5.8098334078484335,5.8063208188718125,5.802463040602238,5.802288867985221,5.801553158081546,5.804698069530324,5.808010384842534,5.794927981112954,5.780315970408412,5.765492863945784,5.7614256347085835,5.749716706607091,5.748677223860344,5.7383247375448105,5.692917410285644,5.833962526518062,5.808010384842534,5.7383247375448105,5.7758417526684696,5.788512762564773,5.783925753722431,"rgba(239, 83, 80, 1.0)",0.08042863772167828,5.814400048430941,-0.3655420415384778,20.4455400358581,-25.750904495549527,False,True,False,True,False,0.0,0.0,0.0,0.0,0.0,0,0.9780853517877742,0.9630911188004613,False,False,False,False,0.0841351874454782,0.08562444770431905,False,False,False,False,-160425.0,-227582.76175660346,False,False,False,False,40047.338242087666,False,False,False,False
2025-10-24 18:00:00+00:00,5.785,5.79,5.755,5.765,16803.0,5.900100992008231,5.898069200682465,5.814993095912002,5.744447806990132,5.725659764498831,5.725434649451015,5.724890915009782,5.73065336983103,5.73262437699085,5.742509336054559,5.743360173773937,5.775834781330933,5.793563124421254,5.808644470126575,5.813650552572981,5.812131515043591,5.808556170008097,5.804580184349732,5.804509391785713,5.803658213079258,5.8026682715080735,5.802912955713227,5.8194840863572175,,5.9093928157695705,5.833743851324957,5.7239359283936455,5.727333787418789,5.735136507850563,5.74639395315265,5.745843147177125,5.781841036220121,5.795841362601191,5.812684455172934,5.8109609720358035,5.809798878731841,5.80629044745294,5.802437164726732,5.802263166081027,5.801528430886139,5.8046728466678355,5.8079872376700195,5.7949133386988265,5.780310229596912,5.765495228967962,5.761429852110705,5.749726331822026,5.748687319484312,5.7383393601585,5.692950274334204,5.833743851324957,5.8079872376700195,5.7383393601585,5.775834781330933,5.7883885824999775,5.783879506006925,"rgba(239, 83, 80, 1.0)",0.08136210907290935,5.81397148573447,-0.6018954804943232,19.387477657564936,-25.750904495549527,False,True,False,True,False,0.0,0.0,0.0,0.0,0.0,0,0.9723820483314156,0.9631760644418872,False,False,False,False,0.06794402515713627,0.07678423643072765,False,False,False,False,-177228.0,-226802.06777588092,False,False,False,False,39686.96090500103,False,False,False,False
2025-10-24 19:00:00+00:00,5.765,5.775,5.75,5.755,82242.0,5.889610341406508,5.8942436900615665,5.814125148136537,5.744642225714241,5.726026432591219,5.725801893136031,5.725230569199832,5.73091419008918,5.732861923383293,5.74264638291872,5.743489915852539,5.775742829038663,5.793387813713218,5.808408083408288,5.813404642282825,5.811904670219903,5.808354251803011,5.804400979419627,5.804330804171672,5.803486248515115,5.8025098003433255,5.802753938684829,5.819291741220988,,5.9045294483755235,5.832530184374128,5.724313518229598,5.727636120213422,5.735346018951959,5.746491688695967,5.7459429958109105,5.7817184893819435,5.795656789264907,5.812453172824908,5.810742360306245,5.809588488433076,5.806101763994037,5.80227224673989,5.802099147662529,5.801369751039987,5.804514467855836,5.807844632346189,5.794813251852175,5.780255059523879,5.765481151867153,5.761426418138946,5.749750138390565,5.748713474592327,5.7383881919572195,5.693089899366125,5.832530184374128,5.807844632346189,5.7383881919572195,5.775742829038663,5.787720370230918,5.783599158832934,"rgba(239, 83, 80, 1.0)",0.08257810935195446,5.811769629375382,-0.6874658407765845,18.205951781762774,-27.237555553389416,False,True,False,True,False,0.0,0.0,0.0,0.0,0.0,0,0.974712643678161,0.9620689655172412,False,False,False,False,0.05870841763156692,0.06774632703114729,False,False,False,False,-259470.0,-227308.5473452471,False,False,False,False,40346.72895298551,False,False,False,False
2025-10-27 14:00:00+00:00,5.745,5.745,5.685,5.69,21117.0,5.886159329406392,5.892918640744158,5.813691429329046,5.744520719806157,5.725973500449772,5.725749833350894,5.725184570258029,5.730858982462065,5.732803689051798,5.742574141506264,5.7434163418933455,5.775639987117624,5.793271661481763,5.808281293590375,5.81327916959568,5.811787219760149,5.808245790685763,5.804300206072489,5.804230290264754,5.803388426691544,5.802418487724352,5.802662601713853,5.81919830965459,,5.902889255490023,5.832000544414088,5.724266204698263,5.727586405916901,5.735284101343956,5.7464183699769285,5.745871995693074,5.781610519296941,5.795539274906677,5.812334065199405,5.8106278497493085,5.809476961102942,5.8059978039595315,5.802176942916895,5.802004145648584,5.8012769285850565,5.8044254764811445,5.8077674881551244,5.794748416762369,5.780203769394105,5.7654424916118145,5.76139267092731,5.749724519389538,5.7486885283669595,5.738369840407779,5.693097154894737,5.832000544414088,5.8077674881551244,5.738369840407779,5.775639987117624,5.787415418374384,5.783444982815789,"rgba(239, 83, 80, 1.0)",0.0854514771958575,5.810929864803124,-1.4151875283085924,15.428051284498403,-30.13351582657234,False,True,False,True,False,0.0,0.0,0.0,0.0,0.0,0,0.9612756264236902,0.9681093394077449,False,False,False,False,0.014948800535176596,0.04134756378316194,False,False,False,False,-280587.0,-228134.5698670262,False,False,False,False,40048.59362038108,False,False,False,False
2025-10-27 15:00:00+00:00,5.685,5.695,5.675,5.685,23281.0,5.882061071162813,5.891311898951489,5.813121319707834,5.744311500603583,5.7258503645438905,5.725627972746392,5.725075093352041,5.730744157387337,5.732686813372421,5.742446977240694,5.743287946280424,5.775491455482095,5.793112019931457,5.808112149463677,5.813113137016726,5.811631410603748,5.80810103445932,5.804164744592047,5.804095159400005,5.803256701837731,5.802295285156266,5.802539423554917,5.819075684950128,5.6850000000000005,5.900915992208627,5.831321717458229,5.724150480378355,5.72747538599172,5.735164699109465,5.746293962651265,5.74575092181267,5.781457534678405,5.795378579545588,5.812176200673243,5.810475646100344,5.809328431265519,5.805858496840371,5.802048307182791,5.801875873939959,5.8011514172783984,5.804305849816466,5.807664377118019,5.794659492500896,5.780130669887511,5.765384238285398,5.761340802562245,5.749682115555519,5.74864689721214,5.738335822540342,5.693092387086892,5.831321717458229,5.807664377118019,5.738335822540342,5.775491455482095,5.787022318339001,5.781105523602125,"rgba(239, 83, 80, 1.0)",0.08816063348965056,5.8078844579205136,-1.3938699514329116,13.472184675707716,-32.146891346629005,False,True,False,True,False,0.0,0.0,0.0,0.0,0.0,0,0.958997722095672,0.9772209567198177,False,False,False,False,-0.0126488023806652,0.01434938070124837,False,False,False,False,-303868.0,-229308.73157451418,False,False,False,False,39788.63092859222,False,False,False,False
2025-10-27 16:00:00+00:00,5.685,5.7,5.685,5.7,38582.0,5.875951585628035,5.888829589929845,5.812260438228736,5.744025911161787,5.725697478637196,5.72547693278905,5.724939918189062,5.73059645003374,5.732534730905669,5.742273938832514,5.74311269603819,5.7752734566342125,5.792872866536991,5.80785554409166,5.812860330691955,5.811394364644038,5.80788131409004,5.803959711635192,5.803890636662228,5.803057452765552,5.802109036779011,5.8023531748506025,5.8188880803179215,5.691236684286246,5.897871234094002,5.830286390903177,5.72400879711951,5.727335686401829,5.735007263231357,5.746122353039385,5.745584185272051,5.781231241690346,5.795137330367014,5.811935946418852,5.810244257723885,5.809102797481642,5.805647381365234,5.8018539086490755,5.8016820514830885,5.800961868054165,5.8041247002990435,5.80750777867459,5.794525851103153,5.7800224823617965,5.765299871237816,5.761266239060954,5.7496228102650075,5.748588845537676,5.738290094475832,5.693094246757684,5.830286390903177,5.80750777867459,5.738290094475832,5.7752734566342125,5.78643894087275,5.781048318244835,"rgba(239, 83, 80, 1.0)",0.09065144612571759,5.806629618331345,-1.1762594298106244,15.072169122494937,-32.146891346629005,False,True,False,True,False,0.0,0.0,0.0,0.0,0.0,0,0.9595842956120093,0.9849884526558891,False,False,False,False,-0.005749237455359279,0.004300071622944546,False,False,False,False,-265286.0,-229866.51868188605,False,False,False,False,39769.92347233497,False,False,False,False
2025-10-27 17:00:00+00:00,5.695,5.72,5.695,5.705,25395.0,5.872388996528286,5.887325987306237,5.811756312938808,5.743884037070116,5.725635603862287,5.7254160738155635,5.724886018492446,5.730531538832488,5.732466203369312,5.742188669103671,5.743025840527289,5.77515137186434,5.792734777219875,5.807704673449338,5.812710934197186,5.81125445054814,5.807752056630949,5.803839582047928,5.803770814437736,5.80294082157426,5.8020001135179555,5.802244220407005,5.818776506039479,5.695727325861239,5.8960282647539275,5.829671500149742,5.723953493750369,5.727277328961124,5.734934332156067,5.7460356582234775,5.745500208855472,5.7811030036940565,5.794997596692015,5.811794069714663,5.81010782831184,5.808969904287262,5.80552346715471,5.801740267241845,5.80156876874751,5.800851170213921,5.8040185059473535,5.807415605449879,5.794448371064729,5.779961173106243,5.765253647821846,5.761225876647621,5.749592167568383,5.74855900763777,5.738268145883714,5.6931029501388,5.829671500149742,5.807415605449879,5.738268145883714,5.77515137186434,5.786103721903508,5.781050341760523,"rgba(239, 83, 80, 0.75)",0.09288824051097327,5.805929978047616,-1.0865743337628704,17.088583495984015,-32.146891346629005,False,True,False,True,True,0.0,0.0,0.0,0.0,0.0,0,0.9698725376593281,0.9756662804171494,False,False,False,False,0.008048907184395118,0.006174489403669832,False,False,False,False,-239891.0,-230021.93699689556,False,False,False,False,39547.05644175613,False,False,False,False
2025-10-27 18:00:00+00:00,5.705,5.705,5.69,5.69,7166.0,5.871341792503866,5.886879067836871,5.811599231649273,5.743831708903532,5.72560752282912,5.725388330069258,5.724861163948016,5.730504362478881,5.732438217104896,5.7421568029886965,5.742993566083553,5.775111145024627,5.79269061986677,5.807657275473852,5.812664223664211,5.811210640433027,5.807711439538537,5.803801673918653,5.803733000318817,5.80290397940126,5.801965666438434,5.802209772947075,5.818741789747562,5.6956721278488525,5.8954829767585775,5.829482742163919,5.7239274629169365,5.727251633485558,5.734905354490976,5.746004034235139,5.745469478357381,5.78106123793756,5.794953048874858,5.811749668619432,5.810065060772938,5.808928197245518,5.80548443700451,5.801704319762098,5.801532927572028,5.800816116828987,5.803984995589088,5.807386617977722,5.794423629858958,5.779941140467167,5.765238022849013,5.76121206474201,5.749581180718038,5.748548252937806,5.738259673423312,5.6931032933484325,5.829482742163919,5.807386617977722,5.738259673423312,5.775111145024627,5.786000130137773,5.780992269200603,"rgba(239, 83, 80, 0.75)",0.0952764115329381,5.805648940152813,-1.213825523989551,17.691670810411722,-32.146891346629005,False,True,False,True,True,0.0,0.0,0.0,0.0,0.0,0,0.9697674418604654,0.9755813953488371,False,False,False,False,-0.0011498721235317472,0.0025123086400690425,False,False,False,False,-247057.0,-230286.04650081965,False,False,False,False,39045.02455893821,False,False,False,False
2025-10-27 19:00:00+00:00,5.695,5.715,5.69,5.71,48986.0,5.864889418640501,5.884035100123501,5.810627788372393,5.743549621465736,5.725479202679955,5.725261990545999,5.724748890869631,5.730371707960807,5.732298823020303,5.741986067139886,5.742819826610855,5.774871427521469,5.792420620364277,5.807362998662807,5.812372958791098,5.810937735951258,5.807459132012314,5.803566996024261,5.803498918199749,5.8026760801412145,5.801752741454591,5.8019967943984545,5.818524129826022,5.698858343211771,5.892015280263068,5.82830135388904,5.723811848036917,5.727131196703252,5.7347577457195245,5.745831080887732,5.745301831128749,5.780809862445891,5.794679945306231,5.81147296971925,5.809798889455876,5.808668861306565,5.805242449707886,5.801482202380753,5.801311503092905,5.80059970249945,5.803777441262285,5.8072064584416605,5.794271808562753,5.7798205442449255,5.765146578579788,5.76113203860093,5.749519932628946,5.748488558212071,5.7382152130117365,5.69311798822271,5.82830135388904,5.8072064584416605,5.7382152130117365,5.774871427521469,5.785369955251178,5.780777537051529,"rgba(239, 83, 80, 0.75)",0.09698458129521513,5.8040771087285075,-0.970021290726023,21.780563264119074,-32.59423787604907,False,True,False,True,True,0.0,0.0,0.0,0.0,0.0,0,0.9663962920046351,0.9721900347624565,False,False,False,False,0.003449444559328421,0.002980876599698732,False,False,False,False,-198071.0,-229786.5884155356,False,False,False,False,39199.14820918723,False,False,False,False
2025-10-28 14:00:00+00:00,5.695,5.75,5.695,5.735,32550.0,5.861416259973065,5.882416835711653,5.81012243086055,5.7434685191184105,5.725484095680907,5.7252677506223995,5.724756067482787,5.730358947062047,5.732279874356851,5.741939435234217,5.742770892993586,5.774762158746815,5.792286367646666,5.807209581952142,5.812219168673842,5.810794101274695,5.807327472282504,5.803445816235103,5.803378068704525,5.802558693753512,5.801643342333805,5.801887287403318,5.818407475730366,5.704002472152763,5.890039027411354,5.827664449321254,5.723823388406251,5.7271295320225795,5.734731295662146,5.7457775183135915,5.745250676232622,5.780691222820739,5.794543012044624,5.8113271552294785,5.809659181583937,5.808533119289362,5.805116914051871,5.8013681918011,5.801197905923039,5.800488909149041,5.803670153094942,5.807112400366085,5.79419562706988,5.779763768448283,5.765107802757724,5.761099465906674,5.749499089064854,5.748468699950014,5.7382049641356065,5.693145501178273,5.827664449321254,5.807112400366085,5.7382049641356065,5.774762158746815,5.785052201905814,5.780810439122969,"rgba(239, 83, 80, 0.75)",0.0981579440594655,5.803400840261577,-0.696844671279363,28.2635138417818,-26.69113950916723,False,True,False,True,True,0.0,0.0,0.0,0.0,0.0,0,0.9723820483314156,0.9631760644418872,False,False,False,False,0.021850117476973862,0.012415497038336297,False,False,False,False,-165521.0,-228790.22270366683,False,False,False,False,39096.06064005254,False,False,False,False
2025-10-28 15:00:00+00:00,5.735,5.805,5.735,5.805,31509.0,5.859522521538055,5.881423812264612,5.809957595143515,5.7436453247258275,5.7257073044417774,5.725490740890617,5.724961480570498,5.730529441022881,5.7324401938111835,5.742056152606174,5.742884620149309,5.774777275919877,5.792265419788839,5.807162660176385,5.812166191057296,5.81074612232946,5.8072870564565156,5.803412644776658,5.80334506125067,5.80252750731437,5.801615207187066,5.8018588728679985,5.81836236453631,5.715797589037399,5.888799522474066,5.827387100465622,5.724048854673744,5.727318065783947,5.734879353671395,5.74587435485475,5.745347187322185,5.780693287495057,5.794517965610992,5.811277870515283,5.809613717222832,5.80849013721031,5.805080703236971,5.8013391718511285,5.801169175511182,5.800461644456767,5.803640557481196,5.807083666537248,5.794181975112145,5.779765733973645,5.7651239395674185,5.761118264804658,5.749527464493254,5.748497918694476,5.7382422690761645,5.693215719096045,5.827387100465622,5.807083666537248,5.7382422690761645,5.774777275919877,5.784962850905473,5.781241408882307,"rgba(239, 83, 80, 0.5)",0.0981579440594655,5.803538667484793,0.014887562379272315,39.17531626547421,-17.043436608705868,False,False,False,True,True,0.0,0.0,0.0,0.0,0.0,0,0.9851767388825543,0.9486887115165334,False,False,False,False,0.0656340993983662,0.03902479821835125,False,False,False,False,-134012.0,-227320.79289430764,False,False,False,False,38978.431792919946,False,False,False,False
2025-10-28 16:00:00+00:00,5.805,5.835,5.795,5.835,39051.0,5.858440277186012,5.880702658093243,5.8100410582029145,5.744090345670878,5.726177481413519,5.725959722853851,5.725392149796657,5.730903237087405,5.73279773239694,5.742344978872251,5.74316907649534,5.774904167587471,5.792337121611419,5.807195606114382,5.812186564114707,5.810768371026619,5.807315070700769,5.803447037038039,5.803379517476306,5.802562850271556,5.801650146317149,5.801893309765603,5.818367385100533,5.732568209475905,5.887861205809946,5.827344669528085,5.724518167379728,5.7277205724562075,5.735217333543552,5.7461269639172,5.745597045681625,5.780800491451803,5.794583256737337,5.8112992207797305,5.809637930118275,5.808516211675537,5.805112384228819,5.801376213141388,5.801206476406738,5.800499644713948,5.803670556843645,5.807104047071625,5.794219041665879,5.779819304845682,5.765192147866394,5.76118677666113,5.74960624493443,5.748577644654061,5.738330921064792,5.6933418753920435,5.827344669528085,5.807104047071625,5.738330921064792,5.774904167587471,5.785044602834502,5.781974470463547,"rgba(38, 166, 154, 1.0)",0.09788644827940146,5.809072898877457,0.2648691578688989,48.26407778891401,-9.423824817510713,True,False,True,False,True,1.6324609694825547,0.0,0.0,0.0,0.0,0,1.0102857142857142,0.9394285714285713,False,False,False,False,0.10734414597818147,0.07318447209826637,False,False,False,False,-94961.0,-225268.7030819928,False,False,False,False,38979.556881401804,False,False,False,False
2025-10-28 17:00:00+00:00,5.835,5.835,5.775,5.775,11169.0,5.857925756492042,5.880407864344978,5.810010456339797,5.744173262255159,5.726273792993818,5.726055877250305,5.7254806983778606,5.730978338480513,5.732868938971461,5.742399559405049,5.743222546618748,5.774919709720901,5.792338977684594,5.807187688080542,5.812176029569961,5.810759188202386,5.8073082125202085,5.803442487631681,5.803375012715005,5.802558858015896,5.801646833762535,5.801889883808331,5.8183572348599615,5.735274187101506,5.887491464399191,5.82727619671838,5.724614949648834,5.727802564639171,5.735283846851805,5.746173507673519,5.745643261119652,5.780811109375607,5.7945835431928625,5.8112896459334555,5.809629524576016,5.808508566177891,5.805106862735322,5.80137289174339,5.801203247765345,5.800496827355972,5.803666431762642,5.807099210831419,5.794219342781893,5.779824853913564,5.765202428584914,5.761197716003853,5.749620418844996,5.748592107311879,5.738348139421939,5.693370423272221,5.82727619671838,5.807099210831419,5.738348139421939,5.774919709720901,5.785032922091381,5.782079388281724,#000000,0.09832026176670326,5.808790564035036,-0.34367854018955335,49.0309483492308,-9.366381037605187,True,False,False,False,True,0.0,0.0,0.0,0.0,0.0,0,1.0022624434389142,0.9400452488687782,False,False,False,False,0.09804812156948843,0.08561629683387739,False,False,False,False,-106130.0,-223421.591406303,False,False,False,False,38548.385456883945,False,False,False,False
2025-10-28 18:00:00+00:00,5.775,5.8,5.765,5.785,29820.0,5.8563447918850775,5.879524474500135,5.809866328095636,5.744342810641329,5.726486190755208,5.726268070610121,5.725676523022356,5.731141608668472,5.733022707318602,5.74251253193489,5.74333272140657,5.774937047170548,5.792322249668118,5.807146409684194,5.812128905177383,5.810716611871387,5.80727261854181,5.8034136132002425,5.803346287894082,5.802531800199859,5.801622510637918,5.801865293224087,5.818316663392585,5.740258809289449,5.886395849662345,5.827029223777686,5.724829434571894,5.727982661608935,5.7354261541638705,5.746267752229476,5.745737162314299,5.780816134850417,5.794562934696674,5.81124586776505,5.809589270770545,5.808470603029093,5.805075167605744,5.801347837934213,5.8011784628320955,5.800473384373803,5.803640637025709,5.807073885133846,5.794208147856705,5.779828274629593,5.765219108962464,5.761216819579991,5.749648500411052,5.748620980739052,5.738384602752718,5.693437823772233,5.827029223777686,5.807073885133846,5.738384602752718,5.774937047170548,5.784962555195679,5.78224572263256,#000000,0.09853535515851858,5.8080386754971425,-0.2338112595228272,50.248851214341066,-8.388408422995717,True,False,False,False,True,0.0,0.0,0.0,0.0,0.0,0,1.005656108597285,0.9468325791855202,False,False,False,False,0.07719122049788354,0.08140375866588047,False,False,False,False,-76310.0,-221140.7915395386,False,False,False,False,38413.061651350865,False,False,False,False
2025-10-28 19:00:00+00:00,5.785,5.785,5.745,5.745,30518.0,5.854263978059648,5.878406220438746,5.809582961110443,5.744404528729502,5.726607052611049,5.726389182795788,5.725789259522571,5.7312281154399285,5.733101390335786,5.742557091715723,5.743374770761203,5.774902105722869,5.792257759931825,5.8070601175275565,5.8120391045654065,5.810633519773002,5.807198373612886,5.803347465165936,5.80328035948258,5.8024682312415665,5.8015637500877,5.801806335642084,5.818245636855738,5.741993247952742,5.885031942022878,5.8266363533352115,5.72495421485585,5.728083065460888,5.7354953761647876,5.746298988091854,5.745769197349516,5.780770383108383,5.794495141790858,5.811161205623783,5.80950909800511,5.808393347756169,5.805005637742783,5.801286786709764,5.801117733408805,5.800414561804062,5.803581890700238,5.807020787757735,5.794170431151232,5.7798068482074925,5.7652126318865475,5.761214275059581,5.749655897568487,5.74862923459399,5.738401137224349,5.693487543625266,5.8266363533352115,5.807020787757735,5.738401137224349,5.774902105722869,5.784804665701285,5.782228331124349,#000000,0.09933685524924767,5.806928829691709,-0.6234224904374364,48.22002050015367,-8.388408422995717,True,False,False,False,True,0.0,0.0,0.0,0.0,0.0,0,0.9943502824858756,0.957062146892655,False,False,False,False,0.061016320548458104,0.07121003960716929,False,False,False,False,-106828.0,-219368.50019784033,False,False,False,False,38290.65759474077,False,False,False,False
2025-10-29 14:00:00+00:00,5.73,5.74,5.695,5.705,23814.0,5.851967288652631,5.877226155725505,5.809171735915606,5.744297937777406,5.7265678600645336,5.726350815929771,5.725755795760993,5.731183801614334,5.7330535530920015,5.742493004195793,5.743309201783329,5.774801166527276,5.79214107938118,5.806931002599118,5.811910698288634,5.810513232473501,5.807087385746356,5.803244516592448,5.803177675641426,5.802368306093506,5.801470394274504,5.801712932872668,5.818148788629118,5.7399966846184824,5.883616762296493,5.826132965677131,5.724920540006945,5.728045088270669,5.735443240401778,5.746232527103835,5.745704954117442,5.780663467043493,5.79437680629954,5.811039214657475,5.809391852864227,5.808279186238993,5.804899351701267,5.801189483335342,5.801020746919732,5.800319812294986,5.80349067074651,5.806941213735536,5.7941041675652185,5.779755182707465,5.765174579856033,5.76118132713463,5.7496317725516,5.748605843795748,5.7383849345454,5.693499401320671,5.826132965677131,5.806941213735536,5.7383849345454,5.774801166527276,5.784560188244853,5.782006297677624,"rgba(239, 83, 80, 0.5)",0.1010620628155774,5.8054595557782624,-0.9940382471866371,44.60101879367186,-8.388408422995717,True,False,False,True,False,0.0,0.0,0.0,0.0,0.0,0,0.9797297297297297,0.9707207207207206,False,False,False,False,0.01724904886053844,0.04422954423385386,False,False,False,False,-130642.0,-217992.89554361027,False,False,False,False,38066.21329094634,False,False,False,False
2025-10-29 15:00:00+00:00,5.705,5.71,5.695,5.695,6146.0,5.85133080919765,5.876899780205381,5.8090514894100025,5.744258752605577,5.7265476300210185,5.726330846014995,5.7257379500895755,5.731163884582233,5.73303292261018,5.742468967802068,5.743284819547776,5.77476953033515,5.792105936702237,5.806892999220208,5.81187313792971,5.810477983859153,5.807054716610632,5.803214051067436,5.803147285459024,5.8023386968631865,5.8014426927282665,5.8016852273046435,5.818120646867929,5.739290280000882,5.883227004769386,5.825988504149224,5.724901916581578,5.728026464516978,5.735421734583332,5.746208484194642,5.7456816032265206,5.780630475409135,5.7943413065412575,5.811003490507368,5.80935744658,5.8082456362439725,5.8048679725521914,5.801160600048794,5.800991950343291,5.800291649393128,5.803463681067986,5.80691777684464,5.794084263516862,5.779739187716187,5.765162244832433,5.761170463694787,5.749623266330258,5.748597531993767,5.7383785324947,5.693500403576296,5.825988504149224,5.80691777684464,5.7383785324947,5.77476953033515,5.784488293784089,5.781935797425544,"rgba(239, 83, 80, 0.5)",0.10289078439545828,5.805062997884078,-1.0697070542396994,41.671437442724255,-8.388408422995717,False,False,False,True,False,0.0,0.0,0.0,0.0,0.0,0,0.974040632054176,0.9808126410835213,False,False,False,False,0.003449444559328421,0.02383949439659114,False,False,False,False,-136788.0,-216733.90491502715,False,False,False,False,37571.32626317973,False,False,False,False
2025-10-29 16:00:00+00:00,5.695,5.705,5.695,5.705,21443.0,5.849175325323713,5.875781070387917,5.808640403675779,5.744127707179022,5.726481705317175,5.72626580384708,5.725679900179206,5.731098299824916,5.73296476690949,5.742388601632612,5.743203233305967,5.774661818645069,5.791985750646315,5.806762683197157,5.811744238807459,5.81035703220669,5.806942664076445,5.803109613555214,5.803043107080312,5.802237206367972,5.8013477481010085,5.801590264849286,5.818023950855286,5.737106474839618,5.881892280098487,5.825493701450481,5.724841492288431,5.727965533219098,5.735350426935308,5.746127814012294,5.745603285548942,5.780517955665868,5.794219843419539,5.810880899742669,5.809239401472038,5.808130544876858,5.804760377198164,5.801061615243433,5.800893265290572,5.800195145361367,5.803371141054313,5.806837360816391,5.794016114459457,5.77968459778932,5.765120345072232,5.761133623902113,5.749594607487244,5.748569548674968,5.73835718213935,5.693504794015335,5.825493701450481,5.806837360816391,5.73835718213935,5.774661818645069,5.784244038955264,5.781704295836768,"rgba(239, 83, 80, 0.5)",0.10418205652078513,5.803820292743187,-0.9485346713564972,40.672850988385335,-0.9656443287669987,False,False,False,True,False,0.0,0.0,0.0,0.0,0.0,0,0.9805714285714285,0.9782857142857141,False,False,False,False,0.001149780137360262,0.012494637266975701,False,False,False,False,-115345.0,-215161.9839085926,False,False,False,False,37321.27469320795,False,False,False,False
2025-10-29 17:00:00+00:00,5.705,5.705,5.66,5.665,14707.0,5.847487965967516,5.874913019819924,5.808294801255916,5.743985648084641,5.726391342138386,5.72617625578175,5.72559896516072,5.731015419777501,5.732880989864406,5.742299936840054,5.743113892569498,5.774562887525457,5.7918807381201445,5.806652273505642,5.811635966745971,5.810255185867954,5.806847731191316,5.803020485445585,5.802954188304504,5.802150441748342,5.801266427618432,5.801508968386672,5.817943493878608,5.734792487228949,5.880862708458269,5.825088546533355,5.724755719604156,5.7278843330959734,5.735265523587103,5.746041637985332,5.745519258606479,5.780416558260272,5.7941142671708,5.810777767473257,5.809139806858793,5.8080332489454785,5.804668847034202,5.800976791588317,5.800808669479644,5.800112299123108,5.80329219065682,5.806769183456615,5.793956793907096,5.779635217065147,5.765080329780577,5.761097771891279,5.749564728573784,5.748540155403137,5.738332585124612,5.693498587371743,5.825088546533355,5.806769183456615,5.738332585124612,5.774562887525457,5.784036392417344,5.781487793670717,"rgba(239, 83, 80, 0.5)",0.1063744448752692,5.802813735311933,-1.295553038829279,37.85181922638819,-4.012152211721435,False,False,False,True,False,0.0,0.0,0.0,0.0,0.0,0,0.9761092150170647,0.9761092150170647,False,False,False,False,-0.014948892541783812,-0.0012271276374040555,False,False,False,False,-130052.0,-213842.44927435086,False,False,False,False,36970.66578323574,False,False,False,False
2025-10-29 18:00:00+00:00,5.67,5.675,5.615,5.635,11244.0,5.845960230662205,5.874138185505665,5.8079618614631245,5.743821184281762,5.7262740049154655,5.726059766553032,5.7254931370507425,5.730911528618212,5.732777333191164,5.742196248128015,5.743009857332924,5.774460392536236,5.791776231204221,5.806545293084601,5.811531870677029,5.810157052392593,5.806755756700712,5.802933576977179,5.802867473886621,5.802065708584899,5.801186882806278,5.801429480745319,5.817866819804123,5.732144138607234,5.879948777912421,5.824707582295521,5.724642771579742,5.7277801213492445,5.735162106082453,5.745942731244367,5.745422569367997,5.7803130630425885,5.794009662496115,5.810678476493258,5.809043673486835,5.807939167189978,5.804579847158318,5.80089378204787,5.800725858146023,5.800031098363547,5.803215231160439,5.806703098360255,5.793897960389024,5.779584673910048,5.765037660050577,5.7610590282926895,5.7495309419167295,5.748506764154985,5.738303127226092,5.693483984620324,5.824707582295521,5.806703098360255,5.738303127226092,5.774460392536236,5.7838339077000915,5.781260031403932,"rgba(239, 83, 80, 0.5)",0.10929804693159997,5.801849703575873,-1.5265570452534223,34.64384778911621,-7.369072365154494,False,False,False,True,False,0.0,0.0,0.0,0.0,0.0,0,0.9661781285231115,0.9819616685456592,False,False,False,False,-0.050812956986870696,-0.026020042312137375,False,False,False,False,-141296.0,-212717.6981228105,False,False,False,False,36571.80274783674,False,False,False,False
2025-10-29 19:00:00+00:00,5.635,5.645,5.615,5.63,23044.0,5.842724206603373,5.872487288460539,5.807236078891104,5.743447464622498,5.726001520897692,5.725789163190705,5.725247009459287,5.730671626429099,5.732538520006143,5.74195982544773,5.742772839061215,5.774232416125806,5.791545892264682,5.806310991803936,5.8113043038331105,5.809942388157575,5.806554281121463,5.802742890427845,5.802677207272303,5.801879720998451,5.801012202576608,5.801254943534248,5.817699497646093,5.72651873493856,5.878006731066419,5.8238822891513395,5.72437983496124,5.727538500994395,5.734924510975256,5.745717997926544,5.745202752667044,5.780083628934362,5.793779345143417,5.8104613269817085,5.808833288664803,5.807733177799191,5.804384709351873,5.800711483001778,5.800543980893446,5.799852700641155,5.803046361444504,5.806558262897627,5.793768296235368,5.779472451282245,5.764942041763723,5.760971952419856,5.749454281649232,5.748430930002788,5.738235529007097,5.693447350319333,5.8238822891513395,5.806558262897627,5.738235529007097,5.774232416125806,5.783392707775284,5.780767982871515,"rgba(239, 83, 80, 0.5)",0.11224783550953553,5.799867952693818,-1.5133294278925107,32.292040757718894,-9.900509065584345,False,False,False,True,False,0.0,0.0,0.0,0.0,0.0,0,0.9651685393258426,0.9887640449438201,False,False,False,False,-0.07032852453388327,-0.048174283423010326,False,False,False,False,-164340.0,-211967.6562914491,False,False,False,False,36362.069371901285,False,False,False,False
