date,Open,High,Low,Close,Volume,aVWAP_peak_424,aVWAP_peak_378,aVWAP_peak_353,aVWAP_peak_335,aVWAP_peak_251,aVWAP_peak_178,aVWAP_peak_95,aVWAP_valley_396,aVWAP_valley_366,aVWAP_OB_bear_251,aVWAP_OB_bear_95,Peaks_avg,Valleys_avg,color,StDev,StDev_Mean,StdDev_ZScore,QQEMOD,QQE1_Value,QQE1_Above_Upper,QQE1_Below_Lower,QQE2_Above_Threshold,QQE2_Below_Threshold,QQE2_Above_TL,banker_RSI,OB,OB_High,OB_Low,OB_Mitigated_Index,TTM_squeeze_Active,VI_plus,VI_minus,VI_Regular_Bullish,VI_Regular_Bearish,VI_Hidden_Bullish,VI_Hidden_Bearish,Fisher,Fisher_Signal,Fisher_Regular_Bullish,Fisher_Regular_Bearish,Fisher_Hidden_Bullish,Fisher_Hidden_Bearish,OBV,OBV_Smoothed,OBV_Regular_Bullish,OBV_Regular_Bearish,OBV_Hidden_Bullish,OBV_Hidden_Bearish,Volume_MA,Vol_Regular_Bullish,Vol_Regular_Bearish,Vol_Hidden_Bullish,Vol_Hidden_Bearish
2023-11-16 17:00:00+00:00,6.63,6.705,6.56,6.565,19040.0,,,,,,,,,,,,,,#000000,,,,,,False,False,False,False,False,,0.0,0.0,0.0,0.0,0,,,False,False,False,False,,,False,False,False,False,0.0,0.0,False,False,False,False,19040.0,False,False,False,False
2023-11-17 17:00:00+00:00,6.765,6.915,6.765,6.895,15519.0,,,,,,,,,,,,,,"rgba(38, 166, 154, 0.5)",,,,100.0,,False,False,True,False,False,,0.0,0.0,0.0,0.0,0,,,False,False,False,False,,,False,False,False,False,15519.0,240.6046511627907,False,False,False,False,18985.410852713176,False,False,False,False
2023-11-20 17:00:00+00:00,6.985,7.055,6.955,7.045,31717.0,,,,,,,,,,,,,,"rgba(38, 166, 154, 0.5)",,,,100.0,50.0,False,False,True,False,True,,0.0,0.0,0.0,0.0,0,,,False,False,False,False,,,False,False,False,False,47236.0,969.215431764918,False,False,False,False,19182.79983174088,False,False,False,False
2023-11-21 17:00:00+00:00,7.14,7.235,6.91,6.915,24954.0,,,,,,,,,,,,,,"rgba(38, 166, 154, 0.5)",,,,91.73144876325088,42.5583038869258,False,False,True,False,False,,0.0,0.0,0.0,0.0,0,,,False,False,False,False,,,False,False,False,False,22282.0,1299.6462002646867,False,False,False,False,19272.275803341796,False,False,False,False
2023-11-22 17:00:00+00:00,6.895,6.925,6.785,6.865,8385.0,,,,,,,,,,,,,,"rgba(38, 166, 154, 0.5)",,,,83.78958703615743,35.90674140674663,False,False,True,False,False,,0.0,0.0,0.0,0.0,0,,,False,False,False,False,,,False,False,False,False,13897.0,1494.954011113296,False,False,False,False,19103.480829646574,False,False,False,False
2023-11-23 17:00:00+00:00,6.865,6.865,6.865,6.865,0.0,,,,,,,,,,,,,,"rgba(38, 166, 154, 0.5)",,,,78.49501255142846,31.882729713692143,False,False,True,False,False,,0.0,0.0,0.0,0.0,0,,,False,False,False,False,,,False,False,False,False,13897.0,1687.233793886733,False,False,False,False,18807.30283228771,False,False,False,False
2023-11-24 17:00:00+00:00,6.93,6.985,6.925,6.93,7124.0,,,,,,,,,,,,,,"rgba(38, 166, 154, 0.5)",,,,76.4367354383976,30.70793181214549,False,False,True,False,False,,0.0,0.0,0.0,0.0,0,,,False,False,False,False,,,False,False,False,False,21021.0,1986.982107159807,False,False,False,False,18626.166354267745,False,False,False,False
2023-11-27 17:00:00+00:00,6.865,6.915,6.835,6.89,18138.0,,,,,,,,,,,,,,"rgba(38, 166, 154, 0.5)",,,,72.96863815407913,27.981223096658837,False,False,True,False,False,,0.0,0.0,0.0,0.0,0,,,False,False,False,False,,,False,False,False,False,2883.0,2000.873857436399,False,False,False,False,18618.597883658942,False,False,False,False
2023-11-28 17:00:00+00:00,6.845,6.915,6.845,6.86,24618.0,,,,,,,,,,,,,,"rgba(38, 166, 154, 0.5)",,,,69.15225365796843,24.820462336508385,False,False,True,False,False,,0.0,0.0,0.0,0.0,0,,,False,False,False,False,,,False,False,False,False,-21735.0,1632.8758131350594,False,False,False,False,18711.611869958804,False,False,False,False
2023-11-29 17:00:00+00:00,7.045,7.105,7.01,7.065,13952.0,,,,,,,,,,,,,,"rgba(38, 166, 154, 0.5)",,,,71.02599357374919,24.820462336508385,False,False,True,False,False,,0.0,0.0,0.0,0.0,0,,,False,False,False,False,,,False,False,False,False,-7783.0,1486.8932423887793,False,False,False,False,18637.81943786642,False,False,False,False
2023-11-30 17:00:00+00:00,7.135,7.25,7.11,7.145,20719.0,,,,,,,,,,,,,,"rgba(38, 166, 154, 0.5)",,,,73.37967507260178,24.820462336508385,False,False,True,False,True,,0.0,0.0,0.0,0.0,0,,,False,False,False,False,,,False,False,False,False,12936.0,1664.3987735145347,False,False,False,False,18670.085803170816,False,False,False,False
2023-12-01 17:00:00+00:00,7.345,7.385,7.24,7.36,26943.0,,,,,,,,,,,,,,"rgba(38, 166, 154, 0.5)",,,,77.02504877614292,20.47513730593461,False,False,True,False,True,,0.0,0.0,0.0,0.0,0,,,False,False,False,False,,,False,False,False,False,39879.0,2256.8732111344643,False,False,False,False,18798.34803878057,False,False,False,False
2023-12-04 17:00:00+00:00,7.5,7.555,7.395,7.475,19018.0,,,,,,,,,,,,,,"rgba(38, 166, 154, 0.5)",,7.475,,80.2189220453204,23.442230105592714,False,False,True,False,True,,0.0,0.0,0.0,0.0,0,,,False,False,False,False,,,False,False,False,False,58897.0,3135.0147117370307,False,False,False,False,18801.75349554366,False,False,False,False
2023-12-05 17:00:00+00:00,7.365,7.365,7.12,7.12,27914.0,,,,,,,,,,,,,,"rgba(38, 166, 154, 0.5)",,7.312428051933293,,72.6326420550077,30.042033816669928,False,False,True,False,False,,0.0,0.0,0.0,0.0,0,,,False,False,False,False,,,False,False,False,False,30983.0,3566.76642163258,False,False,False,False,18943.028635147635,False,False,False,False
2023-12-06 17:00:00+00:00,7.235,7.275,7.135,7.175,29559.0,,,,,,,,,,,,,,"rgba(38, 166, 154, 0.5)",,7.267049435009783,,68.36079746576696,26.30592590192491,False,False,True,False,False,,0.0,0.0,0.0,0.0,0,,,False,False,False,False,,,False,False,False,False,60542.0,4450.103376335951,False,False,False,False,19107.61733847868,False,False,False,False
2023-12-07 17:00:00+00:00,7.205,7.215,7.125,7.145,22283.0,,,,,,,,,,,,,,"rgba(38, 166, 154, 0.5)",,7.243275524598241,,64.85726555097634,23.177813512844267,False,False,True,False,False,,0.0,0.0,0.0,0.0,0,,,False,False,False,False,,,False,False,False,False,38259.0,4974.27231623772,False,False,False,False,19156.848077416995,False,False,False,False
2023-12-08 17:00:00+00:00,7.18,7.33,7.145,7.295,25017.0,,,,,,,,,,,,,,"rgba(38, 166, 154, 0.5)",,7.245981748807802,,64.7146396881552,22.95689681428493,False,False,True,False,False,,0.0,0.0,0.0,0.0,0,,,False,False,False,False,,,False,False,False,False,63276.0,5878.175071024732,False,False,False,False,19247.70314598417,False,False,False,False
2023-12-11 17:00:00+00:00,7.185,7.185,7.11,7.165,14930.0,,,,,,,,,,,,,,"rgba(38, 166, 154, 0.5)",,7.236010361324769,,61.78280892511371,19.93845270762995,False,False,True,False,False,,0.0,0.0,0.0,0.0,0,,,False,False,False,False,,,False,False,False,False,48346.0,6536.59096139644,False,False,False,False,19180.762011937903,False,False,False,False
2023-12-12 17:00:00+00:00,7.14,7.205,7.12,7.16,35761.0,,,,,,,,,,,,,,"rgba(38, 166, 154, 0.5)",,7.220773231622745,,59.722329406647006,17.70236284979663,False,False,True,False,False,,0.0,0.0,0.0,0.0,0,,,False,False,False,False,,,False,False,False,False,12585.0,6630.364744940681,False,False,False,False,19437.819965241193,False,False,False,False
2023-12-13 17:00:00+00:00,7.075,7.525,7.025,7.5,63238.0,,,,,,,,,,,,,,"rgba(38, 166, 154, 0.5)",,7.3025749936900555,,62.83303546435176,17.70236284979663,False,False,True,False,False,,0.0,0.0,0.0,0.0,0,,,False,False,False,False,,,False,False,False,False,75823.0,7703.11877990284,False,False,False,False,20116.892523919625,False,False,False,False
2023-12-14 17:00:00+00:00,7.695,7.715,7.39,7.455,39829.0,,,,,,,,,,,,,,"rgba(38, 166, 154, 0.5)",,7.409617033666343,,63.91316587414116,17.70236284979663,False,False,True,False,True,,0.0,0.0,0.0,0.0,0,,,False,False,False,False,,,False,False,False,False,35994.0,8141.737093392718,False,False,False,False,20422.50659331622,False,False,False,False
2023-12-15 17:00:00+00:00,7.32,7.335,7.175,7.29,16070.0,,,,,,,,,,,,,,"rgba(38, 166, 154, 0.5)",,7.378156813962387,,61.304122429522266,17.70236284979663,False,False,True,False,True,,0.0,0.0,0.0,0.0,0,,,False,False,False,False,,,False,False,False,False,19924.0,8324.407836130815,False,False,False,False,20355.025870939222,False,False,False,False
2023-12-18 17:00:00+00:00,7.36,7.415,7.29,7.37,25216.0,,,,,,,,,,,,,,"rgba(38, 166, 154, 0.5)",,7.368538169094045,,60.67971647796573,17.65740473650864,False,False,True,False,True,,0.0,0.0,0.0,0.0,0,,,False,False,False,False,,,False,False,False,False,45140.0,8895.192210764446,False,False,False,False,20430.38981092466,False,False,False,False
2023-12-19 17:00:00+00:00,7.52,7.595,7.435,7.535,30392.0,,,,,,,,,,,,,,"rgba(38, 166, 154, 0.5)",,7.392019666139444,,62.29448498014906,17.65740473650864,False,False,True,False,True,,0.0,0.0,0.0,0.0,0,,,False,False,False,False,,,False,False,False,False,75532.0,9928.321013698329,False,False,False,False,20584.833379747528,False,False,False,False
2023-12-20 17:00:00+00:00,7.345,7.45,7.25,7.27,38637.0,,,,,,,,,,,,,,"rgba(38, 166, 154, 0.5)",,7.376244391970897,,58.70905728670688,15.194231867647531,False,False,True,False,False,,0.0,0.0,0.0,0.0,1,,,False,False,False,False,,,False,False,False,False,36895.0,10346.40905999758,False,False,False,False,20864.711931999504,False,False,False,False
2023-12-21 17:00:00+00:00,7.515,7.595,7.385,7.46,60111.0,,,,,,,,,,,,,,"rgba(38, 166, 154, 0.5)",,7.39582558693552,,58.691438948815225,14.832539193283864,False,False,True,False,False,,0.0,0.0,0.0,0.0,1,,,False,False,False,False,,,False,False,False,False,97006.0,11689.968609454983,False,False,False,False,21473.181514449123,False,False,False,False
2023-12-22 17:00:00+00:00,7.36,7.475,7.335,7.43,24638.0,,,,,,,,,,,,,,"rgba(38, 166, 154, 0.5)",,7.396364380117245,,58.1825453023439,13.908683326338846,False,False,True,False,False,,0.0,0.0,0.0,0.0,1,,,False,False,False,False,,,False,False,False,False,72368.0,12630.71328217661,False,False,False,False,21522.248467713478,False,False,False,False
2023-12-25 17:00:00+00:00,7.43,7.43,7.43,7.43,0.0,,,,,,,,,,,,,,"rgba(38, 166, 154, 0.5)",,7.396364380117245,,57.84328287136301,13.108725796393081,False,False,True,False,False,,0.0,0.0,0.0,0.0,1,,,False,False,False,False,,,False,False,False,False,72368.0,13556.87276617387,False,False,False,False,21188.570196896213,False,False,False,False
2023-12-26 17:00:00+00:00,7.595,7.69,7.545,7.665,32663.0,,,,,,,,,,,,,,"rgba(38, 166, 154, 0.5)",,7.4180303953770235,,60.49180013229133,13.108725796393081,False,False,True,False,True,,0.0,0.0,0.0,0.0,0,,,False,False,False,False,,,False,False,False,False,105031.0,14975.076289178927,False,False,False,False,21366.46833337844,False,False,False,False
2023-12-27 17:00:00+00:00,7.7,7.77,7.685,7.75,15613.0,,,,,,,,,,,,,,"rgba(38, 166, 154, 0.5)",,7.4313728342544385,,63.1209826727085,8.18821657743134,False,False,True,False,True,,0.0,0.0,0.0,0.0,0,,,False,False,False,False,,,False,False,False,False,120644.0,16613.3541761684,False,False,False,False,21277.267273946214,False,False,False,False
2023-12-28 17:00:00+00:00,7.81,8.075,7.775,8.035,44033.0,,,,,,,,,,,,,,"rgba(38, 166, 154, 0.5)",,7.487901660401918,,67.21547291658175,12.129490665052842,False,False,True,False,True,,0.0,0.0,0.0,0.0,0,,,False,False,False,False,,,False,False,False,False,164677.0,18908.91457653788,False,False,False,False,21630.06933171449,False,False,False,False
2023-12-29 17:00:00+00:00,8.0,8.095,7.97,8.035,27535.0,,,,,,,,,,,,,,"rgba(38, 166, 154, 0.5)",,7.521799133850988,,69.94513307916391,14.69156576143682,False,False,True,False,True,,0.0,0.0,0.0,0.0,0,,,False,False,False,False,,,False,False,False,False,164677.0,21168.884893180704,False,False,False,False,21721.61864440109,False,False,False,False
2024-01-01 17:00:00+00:00,8.035,8.035,8.035,8.035,0.0,,,,,,,,,,,,,,"rgba(38, 166, 154, 0.5)",,7.521799133850988,,71.76490652088535,16.432250109328365,False,False,True,False,True,,0.0,0.0,0.0,0.0,0,,,False,False,False,False,,,False,False,False,False,164677.0,23393.816910340694,False,False,False,False,21384.849363092544,False,False,False,False
2024-01-02 17:00:00+00:00,7.93,7.965,7.74,7.78,23079.0,,,,,,,,,,,,,,"rgba(38, 166, 154, 0.5)",,7.536691686277631,,67.43344933521269,16.432250109328365,False,False,True,False,False,,0.0,0.0,0.0,0.0,0,,,False,False,False,False,,,False,False,False,False,141598.0,25226.439903978826,False,False,False,False,21411.115264439944,False,False,False,False
2024-01-03 17:00:00+00:00,7.745,7.915,7.705,7.815,79921.0,,,,,,,,,,,,,,"rgba(38, 166, 154, 0.5)",,7.5759389826428345,,64.99851858344782,20.794092185168793,False,False,True,False,False,,0.0,0.0,0.0,0.0,0,,,False,False,False,False,,,False,False,False,False,221519.0,28269.735409343495,False,False,False,False,22318.2452603401,False,False,False,False
2024-01-04 17:00:00+00:00,7.805,7.82,7.715,7.795,7902.0,,,,,,,,,,,,,,"rgba(38, 166, 154, 0.5)",,7.578697766418434,,62.95960301956501,18.850420086730466,False,False,True,False,False,,0.0,0.0,0.0,0.0,0,,,False,False,False,False,,,False,False,False,False,213617.0,31143.336410749023,False,False,False,False,22094.737581885212,False,False,False,False
2024-01-05 17:00:00+00:00,7.865,8.255,7.855,8.21,42213.0,,,,,,,,,,,,,,"rgba(38, 166, 154, 0.5)",,7.61570866763481,,66.07098879948288,18.850420086730466,False,False,True,False,True,,0.0,0.0,0.0,0.0,0,,,False,False,False,False,,,False,False,False,False,255830.0,34626.85057492346,False,False,False,False,22406.6486271273,False,False,False,False
2024-01-08 17:00:00+00:00,8.395,8.545,8.28,8.415,67187.0,,,,,,,,,,,,,,"rgba(38, 166, 154, 0.5)",,7.695944185346408,,69.56242784508181,13.339760814939652,False,False,True,False,True,,0.0,0.0,0.0,0.0,0,,,False,False,False,False,,,False,False,False,False,323017.0,39098.01568228899,False,False,False,False,23100.91764066021,False,False,False,False
2024-01-09 17:00:00+00:00,8.565,8.585,8.31,8.315,82421.0,,,,,,,,,,,,,,"rgba(38, 166, 154, 0.5)",,7.773322383529358,,69.90829193190595,13.774896694423347,False,False,True,False,True,,0.0,0.0,0.0,0.0,0,,,False,False,False,False,,,False,False,False,False,240596.0,42222.015439152725,False,False,False,False,24020.608840029818,False,False,False,False
2024-01-10 17:00:00+00:00,8.345,8.49,8.335,8.455,137861.0,,,,,,,,,,,,,,"rgba(38, 166, 154, 0.5)",,7.874019044081088,,71.20703644692807,15.24623651474468,False,False,True,False,True,,0.0,0.0,0.0,0.0,0,,,False,False,False,False,,,False,False,False,False,378457.0,47434.96093622012,False,False,False,False,25785.576144835555,False,False,False,False
2024-01-11 17:00:00+00:00,8.405,8.455,8.32,8.415,39337.0,,,,,,,,,,,,,,"rgba(38, 166, 154, 0.5)",,7.895962920714471,,71.24013408386219,15.624917380664215,False,False,True,False,True,,0.0,0.0,0.0,0.0,0,,,False,False,False,False,,,False,False,False,False,339120.0,51957.20960387562,False,False,False,False,25995.675739489267,False,False,False,False
2024-01-12 17:00:00+00:00,8.545,8.715,8.51,8.535,40994.0,,,,,,,,,,,,,,"rgba(38, 166, 154, 0.5)",,8.090413238341363,,72.24282542318625,16.973121520734452,False,False,True,False,True,,0.0,0.0,0.0,0.0,0,,,False,False,False,False,,,False,False,False,False,380114.0,57044.91178055972,False,False,False,False,26228.20789856695,False,False,False,False
2024-01-15 17:00:00+00:00,8.535,8.535,8.535,8.535,0.0,,,,,,,,,,,,,,"rgba(38, 166, 154, 1.0)",,8.090413238341363,,72.91128631606895,18.006652672904508,True,False,True,False,True,,0.0,0.0,0.0,0.0,0,,,False,False,False,False,,,False,False,False,False,380114.0,62053.73485372934,False,False,False,False,25821.569016418624,False,False,False,False
2024-01-16 17:00:00+00:00,8.545,8.565,8.395,8.42,64753.0,,,,,,,,,,,,,,"rgba(38, 166, 154, 0.5)",,8.095924256945148,,70.61963009774719,18.006652672904508,False,False,True,False,True,,0.0,0.0,0.0,0.0,0,,,False,False,False,False,,,False,False,False,False,315361.0,65980.97927460175,False,False,False,False,26425.15709368345,False,False,False,False
2024-01-17 17:00:00+00:00,8.075,8.195,8.075,8.165,63918.0,,,,,,,,,,,,,,"rgba(38, 166, 154, 0.5)",,8.069553748475604,,64.33196928632371,19.348120161162626,False,True,True,False,False,,0.0,0.0,0.0,0.0,0,,,False,False,False,False,,,False,False,False,False,251443.0,68856.35944088698,False,False,False,False,27006.441479827892,False,False,False,False
2024-01-18 17:00:00+00:00,8.175,8.29,8.07,8.29,115998.0,,,,,,,,,,,,,,"rgba(38, 166, 154, 0.5)",,8.071219799740017,,61.85354851072918,17.116691857902183,False,True,True,False,False,,0.0,0.0,0.0,0.0,0,,,False,False,False,False,,,False,False,False,False,367441.0,73485.5786743616,False,False,False,False,28386.155565411955,False,False,False,False
2024-01-19 17:00:00+00:00,8.305,8.455,8.14,8.14,94673.0,,,,,,,,,,,,,,"rgba(38, 166, 154, 0.5)",,8.08074389012529,,57.816385782164744,13.430794850601075,False,True,True,False,False,,0.0,0.0,0.0,0.0,0,,,False,False,False,False,,,False,False,False,False,272768.0,76575.22861739475,False,False,False,False,29413.85857990169,False,False,False,False
2024-01-22 17:00:00+00:00,8.035,8.24,8.005,8.225,30472.0,,,,,,,,,,,,,,"rgba(38, 166, 154, 0.5)",,8.080651197689757,,56.36824081888591,12.127698082521206,False,True,True,False,False,,0.0,0.0,0.0,0.0,0,,,False,False,False,False,,,False,False,False,False,303240.0,80089.41111945064,False,False,False,False,29430.26387323655,False,False,False,False
2024-01-23 17:00:00+00:00,8.195,8.215,8.055,8.21,37135.0,,,,,,,,,,,,,,"rgba(38, 166, 154, 0.5)",,8.080997052779836,,55.144008090578474,10.88834118142644,False,True,True,False,False,,0.0,0.0,0.0,0.0,0,,,False,False,False,False,,,False,False,False,False,266105.0,82973.37373775373,False,False,False,False,29549.717146519703,False,False,False,False
2024-01-24 17:00:00+00:00,8.225,8.27,8.035,8.045,39228.0,,,,,,,,,,,,,,#000000,,8.079849454362655,,51.652406418651935,7.506446882474748,False,True,False,False,False,13.984163418402282,0.0,0.0,0.0,0.0,0,,,False,False,False,False,,,False,False,False,False,226877.0,85204.4377108118,False,False,False,False,29699.768043472883,False,False,False,False
2024-01-25 17:00:00+00:00,8.035,8.185,7.975,8.07,50519.0,,,,,,,,,,,,,,#000000,,8.076921088958315,,49.79140256870694,5.667594517675241,False,True,False,False,False,14.37180751684474,0.0,0.0,0.0,0.0,0,,,False,False,False,False,,,False,False,False,False,277396.0,88184.15185483023,False,False,False,False,30022.54683349656,False,False,False,False
2024-01-26 17:00:00+00:00,8.065,8.215,8.045,8.19,49696.0,,,,,,,,,,,,,,#000000,,8.078033073945855,,50.711963779888066,5.667594517675241,False,True,False,False,False,16.20147512190716,0.0,0.0,0.0,0.0,0,,,False,False,False,False,,,False,False,False,False,327092.0,91888.14950049178,False,False,False,False,30327.561611271805,False,False,False,False
2024-01-29 17:00:00+00:00,8.34,8.425,8.285,8.31,31568.0,,,,,,,,,,,,,,"rgba(38, 166, 154, 0.5)",,8.084132061322585,,53.2099037591729,5.667594517675241,False,True,True,False,True,17.95804685561005,0.0,0.0,0.0,0.0,0,,,False,False,False,False,,,False,False,False,False,358660.0,96024.1471826547,False,False,False,False,30346.793214197824,False,False,False,False
2024-01-30 17:00:00+00:00,8.255,8.27,8.155,8.185,21441.0,,,,,,,,,,,,,,"rgba(38, 166, 154, 0.5)",,8.085546137865181,,52.498268317731174,5.667594517675241,False,True,True,False,True,15.097079745461073,0.0,0.0,0.0,0.0,0,,,False,False,False,False,,,False,False,False,False,337219.0,99763.60226509417,False,False,False,False,30208.71890079941,False,False,False,False
2024-01-31 17:00:00+00:00,8.095,8.12,7.77,7.845,50555.0,,,,,,,,,,,,,,"rgba(239, 83, 80, 1.0)",,8.076616177257343,,47.381740417221394,3.0368234847208697,False,True,False,True,False,8.006514144740073,0.0,0.0,0.0,0.0,0,,,False,False,False,False,,,False,False,False,False,286664.0,102661.28285013147,False,False,False,False,30524.165119391666,False,False,False,False
2024-02-01 17:00:00+00:00,7.945,8.035,7.945,7.975,20542.0,,,,,,,,,,,,,,"rgba(239, 83, 80, 1.0)",,8.07450200012495,,46.16996705155899,1.8265874510567954,False,True,False,True,False,10.002266886299417,0.0,0.0,0.0,0.0,0,,,False,False,False,False,,,False,False,False,False,307206.0,105832.51877493563,False,False,False,False,30369.402869478614,False,False,False,False
2024-02-02 17:00:00+00:00,7.985,8.035,7.85,7.925,11983.0,,,,,,,,,,,,,,"rgba(239, 83, 80, 1.0)",,8.072854791801628,,44.72855539438266,0.3040360360971093,False,True,False,True,False,9.019937605138981,0.0,0.0,0.0,0.0,0,,,False,False,False,False,,,False,False,False,False,295223.0,108768.80530555677,False,False,False,False,30084.342359874296,False,False,False,False
2024-02-05 17:00:00+00:00,7.715,7.845,7.695,7.775,51774.0,,,,,,,,,,,,,,"rgba(239, 83, 80, 1.0)",,8.002102048212944,,41.98381375674257,-2.441180108428888,False,True,False,True,False,6.149120162547881,0.0,0.0,0.0,0.0,0,,,False,False,False,False,,,False,False,False,False,243449.0,110856.87033957914,False,False,False,False,30420.616121736708,False,False,False,False
2024-02-06 17:00:00+00:00,7.965,8.15,7.955,8.135,27244.0,,,,,,,,,,,,,,"rgba(239, 83, 80, 0.75)",,8.02324880941972,,45.5871956041896,-2.441180108428888,False,True,False,True,True,11.465522613056539,0.0,0.0,0.0,0.0,0,,,False,False,False,False,,,False,False,False,False,270693.0,113334.94986919806,False,False,False,False,30371.366259384202,False,False,False,False
2024-02-07 17:00:00+00:00,8.205,8.255,8.105,8.13,14819.0,,,,,,,,,,,,,,#000000,,8.032937088603655,,47.919157502622326,-7.885299384567666,False,True,False,False,True,11.371003910720269,0.0,0.0,0.0,0.0,1,,,False,False,False,False,,,False,False,False,False,255874.0,115544.85762316397,False,False,False,False,30130.24430187437,False,False,False,False
2024-02-08 17:00:00+00:00,8.075,8.175,8.04,8.125,9245.0,,,,,,,,,,,,,,#000000,,8.036496562629804,,49.39538774123918,-6.383660452671698,False,True,False,False,True,11.274769030670768,0.0,0.0,0.0,0.0,1,,,False,False,False,False,,,False,False,False,False,246629.0,117577.16990807616,False,False,False,False,29806.442064636005,False,False,False,False
2024-02-09 17:00:00+00:00,8.165,8.295,8.14,8.2,9512.0,,,,,,,,,,,,,,"rgba(38, 166, 154, 0.5)",,8.041776923123809,,51.49447882921092,-4.247054982042066,False,True,True,False,True,12.34332450369141,0.0,0.0,0.0,0.0,0,,,False,False,False,False,,,False,False,False,False,256141.0,119725.44634360986,False,False,False,False,29491.79955200599,False,False,False,False
2024-02-12 17:00:00+00:00,8.425,8.475,8.335,8.38,34290.0,,,,,,,,,,,,,,"rgba(38, 166, 154, 0.5)",,8.068020833319519,,55.246949371887894,-0.6161609362816236,False,True,True,False,True,14.814823067677924,0.0,0.0,0.0,0.0,0,,,False,False,False,False,,,False,False,False,False,290431.0,122372.04407471667,False,False,False,False,29566.19025662605,False,False,False,False
2024-02-13 17:00:00+00:00,8.33,8.405,8.185,8.405,12764.0,,,,,,,,,,,,,,"rgba(38, 166, 154, 0.5)",,8.073990861423374,,58.050178470143734,2.0634607064488364,False,False,True,False,True,15.149405329179928,0.0,0.0,0.0,0.0,0,,,False,False,False,False,,,False,False,False,False,303195.0,125175.50075572882,False,False,False,False,29305.69118287991,False,False,False,False
2024-02-14 17:00:00+00:00,8.41,8.43,8.365,8.415,11905.0,,,,,,,,,,,,,,"rgba(38, 166, 154, 0.5)",,8.080424522603337,,60.049981693089315,4.0236435461114155,False,False,True,False,True,15.284902875051817,0.0,0.0,0.0,0.0,0,,,False,False,False,False,,,False,False,False,False,315100.0,128120.06663548495,False,False,False,False,29035.9130250058,False,False,False,False
2024-02-15 17:00:00+00:00,8.525,8.62,8.445,8.5,29218.0,,,,,,,,,,,,,,"rgba(38, 166, 154, 1.0)",,8.099167176029567,,62.50607637772695,6.449825242863277,True,False,True,False,True,16.434894660840136,0.0,0.0,0.0,0.0,0,,,False,False,False,False,,,False,False,False,False,344318.0,131471.97257912083,False,False,False,False,29038.73607888168,False,False,False,False
2024-02-16 17:00:00+00:00,8.445,8.51,8.41,8.51,13592.0,,,,,,,,,,,,,,"rgba(38, 166, 154, 1.0)",,8.105775389162925,,64.27651495379969,8.2663256944764,True,False,True,False,True,16.5699779553597,0.0,0.0,0.0,0.0,0,,,False,False,False,False,,,False,False,False,False,357910.0,134982.63967091742,False,False,False,False,28799.25179858894,False,False,False,False
2024-02-19 17:00:00+00:00,8.51,8.51,8.51,8.51,0.0,,,,,,,,,,,,,,"rgba(38, 166, 154, 1.0)",,8.105775389162925,,65.45680733784819,9.598476010838823,True,False,True,False,True,16.5699779553597,0.0,0.0,0.0,0.0,0,,,False,False,False,False,,,False,False,False,False,357910.0,138438.87781555436,False,False,False,False,28352.75177070384,False,False,False,False
2024-02-20 17:00:00+00:00,8.525,8.61,8.505,8.605,18626.0,,,,,,,,,,,,,,"rgba(38, 166, 154, 1.0)",,8.116502539233652,,67.62085528674581,11.877641494607964,True,False,True,False,True,17.873363275513697,0.0,0.0,0.0,0.0,0,,,False,False,False,False,,,False,False,False,False,376536.0,142130.30606647598,False,False,False,False,28201.94941766967,False,False,False,False
2024-02-21 17:00:00+00:00,8.735,8.735,8.59,8.655,46990.0,,,,,,,,,,,,,,"rgba(38, 166, 154, 1.0)",,8.144397372624155,,69.72409786845034,14.073963592145333,True,False,True,False,True,18.549639036534302,0.0,0.0,0.0,0.0,0,,,False,False,False,False,,,False,False,False,False,423526.0,146493.03000342986,False,False,False,False,28493.237023597274,False,False,False,False
2024-02-22 17:00:00+00:00,9.255,9.485,9.2,9.3,230615.0,,,,,,,,,,,,,,"rgba(38, 166, 154, 1.0)",,8.35958342723697,,75.52526451369144,19.58058983404753,True,False,True,False,True,20.0,0.0,0.0,0.0,0.0,0,,,False,False,False,False,,,False,False,False,False,654141.0,154363.54116616736,False,False,False,False,31626.907767417473,False,False,False,False
2024-02-23 17:00:00+00:00,9.005,9.24,8.91,9.175,61244.0,,,,,,,,,,,,,,"rgba(38, 166, 154, 1.0)",,8.38835784699145,,76.5059245243021,20.512464972646,True,False,True,False,True,20.0,0.0,0.0,0.0,0.0,0,,,False,False,False,False,,,False,False,False,False,592897.0,161162.50952018026,False,False,False,False,32086.087491953636,False,False,False,False
2024-02-26 17:00:00+00:00,8.985,9.055,8.875,8.995,102534.0,,,,,,,,,,,,,,"rgba(38, 166, 154, 0.75)",,8.420957564407733,,73.53209079587495,20.512464972646,True,False,True,False,False,19.91161490176929,0.0,0.0,0.0,0.0,0,,,False,False,False,False,,,False,False,False,False,490363.0,166266.3930935108,False,False,False,False,33178.303189752805,False,False,False,False
2024-02-27 17:00:00+00:00,9.075,9.185,9.04,9.17,109489.0,,,,,,,,,,,,,,"rgba(38, 166, 154, 0.75)",,8.462130854373154,,72.97273580626145,20.512464972646,True,False,True,False,False,20.0,0.0,0.0,0.0,0.0,0,,,False,False,False,False,,,False,False,False,False,599852.0,172988.65056492924,False,False,False,False,34361.41476820625,False,False,False,False
2024-02-28 17:00:00+00:00,9.305,9.335,9.185,9.215,44474.0,,,,,,,,,,,,,,"rgba(38, 166, 154, 0.75)",0.6497749991724441,8.480333493471619,1.1306475433250815,72.9441944684728,20.512464972646,True,False,True,False,False,20.0,0.0,0.0,0.0,0.0,0,,,False,False,False,False,,,False,False,False,False,644326.0,180296.20637012413,False,False,False,False,34518.19903536584,False,False,False,False
2024-02-29 17:00:00+00:00,9.345,9.425,9.165,9.385,36351.0,,,,,,,,,,,,,,"rgba(38, 166, 154, 0.75)",0.6544927339082834,8.496200924987642,1.3579968561376092,74.1447401658355,20.512464972646,True,False,True,False,False,20.0,0.0,0.0,0.0,0.0,0,,,False,False,False,False,,,False,False,False,False,680677.0,188054.0481318276,False,False,False,False,34546.61455419738,False,False,False,False
2024-03-01 17:00:00+00:00,9.63,9.895,9.615,9.895,141736.0,,,,,,,,,,,,,,"rgba(38, 166, 154, 1.0)",0.6825062584275644,8.790557462517603,1.6182159853404676,77.39153445166883,22.153873765980137,True,False,True,False,True,20.0,0.0,0.0,0.0,0.0,0,,,False,False,False,False,,,False,False,False,False,822413.0,197889.07064141167,False,False,False,False,36208.46549134161,False,False,False,False
2024-03-04 17:00:00+00:00,9.705,9.745,9.475,9.575,40632.0,,,,,,,,,,,,,,"rgba(38, 166, 154, 0.75)",0.6993339688589427,8.79909806461721,1.1094869832346015,74.4971730269472,22.153873765980137,True,False,True,False,False,20.0,0.0,0.0,0.0,0.0,0,,,False,False,False,False,,,False,False,False,False,781781.0,206941.65869348278,False,False,False,False,36277.047421708405,False,False,False,False
2024-03-05 17:00:00+00:00,9.4,9.585,9.385,9.555,38098.0,,,,,,,,,,,,,,"rgba(38, 166, 154, 0.75)",0.711000437145873,8.804941449802326,1.0549340211499574,72.27990977344842,22.153873765980137,True,False,True,False,False,20.0,0.0,0.0,0.0,0.0,0,,,False,False,False,False,,,False,False,False,False,743683.0,215263.22987652954,False,False,False,False,36305.27924462765,False,False,False,False
2024-03-06 17:00:00+00:00,9.275,9.305,9.18,9.23,61672.0,,,,,,,,,,,,,,"rgba(38, 166, 154, 0.75)",0.7114378158108878,8.80072748203138,0.6033872650968668,66.57833019079172,22.243738003317716,True,False,True,False,False,17.119695088146592,0.0,0.0,0.0,0.0,0,,,False,False,False,False,,,False,False,False,False,682011.0,222499.62941332752,False,False,False,False,36698.561736959,False,False,False,False
2024-03-07 17:00:00+00:00,9.15,9.305,9.125,9.275,21691.0,,,,,,,,,,,,,,"rgba(38, 166, 154, 0.5)",0.7114561264194871,8.800674185266319,0.666697210298546,63.19964342653791,19.216884357854667,False,False,True,False,False,17.579378663068653,0.0,0.0,0.0,0.0,0,,,False,False,False,False,,,False,False,False,False,703702.0,229960.13128288832,False,False,False,False,36465.8863611922,False,False,False,False
2024-03-08 17:00:00+00:00,9.305,9.335,9.155,9.235,16623.0,,,,,,,,,,,,,,"rgba(38, 166, 154, 0.5)",0.7106442452051833,8.801086955846289,0.6105910898193897,60.42997327999631,16.708664784740634,False,False,True,False,False,16.917243624752242,0.0,0.0,0.0,0.0,0,,,False,False,False,False,,,False,False,False,False,687079.0,237047.24552656448,False,False,False,False,36158.24471218146,False,False,False,False
2024-03-11 17:00:00+00:00,9.225,9.25,9.105,9.125,36795.0,,,,,,,,,,,,,,"rgba(38, 166, 154, 0.5)",0.7053630654167083,8.800212536613355,0.46045430971746454,57.149364049008206,13.67229718365521,False,True,True,False,False,15.108795273810095,0.0,0.0,0.0,0.0,0,,,False,False,False,False,,,False,False,False,False,650284.0,243454.0169137495,False,False,False,False,36168.1168871864,False,False,False,False
2024-03-12 17:00:00+00:00,9.155,9.195,9.105,9.185,7888.0,,,,,,,,,,,,,,"rgba(38, 166, 154, 0.5)",0.6991351993906678,8.800194815865117,0.5504016740542614,55.71814922561479,12.279601160352968,False,True,True,False,False,15.757541256824862,0.0,0.0,0.0,0.0,0,,,False,False,False,False,,,False,False,False,False,658172.0,249883.75308562937,False,False,False,False,35729.66546257886,False,False,False,False
2024-03-13 17:00:00+00:00,9.315,9.355,9.245,9.26,11545.0,,,,,,,,,,,,,,"rgba(38, 166, 154, 0.5)",0.6978895663690988,8.80145613487453,0.6570435885882789,55.71667232780041,12.040465906988857,False,True,True,False,False,16.56490515039304,0.0,0.0,0.0,0.0,0,,,False,False,False,False,,,False,False,False,False,669717.0,256392.7956734491,False,False,False,False,35354.70940889546,False,False,False,False
2024-03-14 17:00:00+00:00,9.135,9.175,9.035,9.105,9964.0,,,,,,,,,,,,,,"rgba(38, 166, 154, 0.5)",0.6942925429061854,8.844510559539348,0.37518686196785295,53.42148701831833,9.56974603773562,False,True,True,False,False,14.006883577199321,0.0,0.0,0.0,0.0,0,,,False,False,False,False,,,False,False,False,False,659753.0,262646.4422521553,False,False,False,False,34961.05499945522,False,False,False,False
2024-03-15 17:00:00+00:00,9.095,9.205,9.075,9.185,21787.0,,,,,,,,,,,,,,"rgba(38, 166, 154, 0.5)",0.6952769685981732,8.849698303342217,0.4822562975641536,53.03292834996275,8.861770757185361,False,True,True,False,False,14.891275722682664,0.0,0.0,0.0,0.0,0,,,False,False,False,False,,,False,False,False,False,681540.0,269140.91601568775,False,False,False,False,34756.806084734984,False,False,False,False
2024-03-18 17:00:00+00:00,9.285,9.38,9.275,9.375,17861.0,,,,,,,,,,,,,,"rgba(38, 166, 154, 0.5)",0.7009921990030027,8.862815638457556,0.7306562929957079,55.1881345425039,8.861770757185361,False,True,True,False,False,16.93179177912761,0.0,0.0,0.0,0.0,0,,,False,False,False,False,,,False,False,False,False,699401.0,275811.6149921887,False,False,False,False,34494.85560280111,False,False,False,False
2024-03-19 17:00:00+00:00,9.475,9.57,9.4,9.535,27959.0,,,,,,,,,,,,,,"rgba(38, 166, 154, 0.5)",0.7023472101486599,8.884641583070158,0.9259785011350534,58.321356001864224,8.861770757185361,False,False,True,False,True,18.577655749207715,0.0,0.0,0.0,0.0,0,,,False,False,False,False,,,False,False,False,False,727360.0,282812.3651473486,False,False,False,False,34393.52450818403,False,False,False,False
2024-03-20 17:00:00+00:00,9.375,9.62,9.35,9.595,18799.0,,,,,,,,,,,,,,"rgba(38, 166, 154, 0.5)",0.704875632759184,8.895145490242967,0.9928765830895644,61.004415726725824,5.438506164842167,False,False,True,False,True,19.183034160958165,0.0,0.0,0.0,0.0,0,,,False,False,False,False,,,False,False,False,False,746159.0,289996.03390475403,False,False,False,False,34151.748934413736,False,False,False,False
2024-03-21 17:00:00+00:00,9.49,9.555,9.425,9.51,20671.0,,,,,,,,,,,,,,"rgba(38, 166, 154, 0.5)",0.7032869225966722,8.903526571624033,0.8623413984960064,61.14992042546457,5.78429246312195,False,False,True,False,True,17.744547661508886,0.0,0.0,0.0,0.0,0,,,False,False,False,False,,,False,False,False,False,725488.0,296747.8473325873,False,False,False,False,33942.74507496546,False,False,False,False
2024-03-22 17:00:00+00:00,9.445,9.565,9.415,9.565,23621.0,,,,,,,,,,,,,,"rgba(38, 166, 154, 0.5)",0.7048815183808959,8.912414643089697,0.925808579020887,61.90620394613436,6.807752973924728,False,False,True,False,True,18.316171036692086,0.0,0.0,0.0,0.0,0,,,False,False,False,False,,,False,False,False,False,749109.0,303761.1985367332,False,False,False,False,33782.718019539636,False,False,False,False
2024-03-25 17:00:00+00:00,9.65,9.675,9.475,9.485,21393.0,,,,,,,,,,,,,,"rgba(38, 166, 154, 0.5)",0.7004644083658994,8.920480470588554,0.8059217894145434,60.77343365424146,6.807752973924728,False,False,True,False,True,16.953587834201805,0.0,0.0,0.0,0.0,0,,,False,False,False,False,,,False,False,False,False,727716.0,310334.14119507844,False,False,False,False,33590.6293680739,False,False,False,False
2024-03-26 17:00:00+00:00,9.815,9.855,9.735,9.835,34143.0,,,,,,,,,,,,,,"rgba(38, 166, 154, 1.0)",0.7025359341263198,8.943429223047398,1.2690749805721597,63.83489974615812,9.052887057059941,True,False,True,False,True,20.0,0.0,0.0,0.0,0.0,0,,,False,False,False,False,,,False,False,False,False,761859.0,317334.52660290664,False,False,False,False,33599.1932538402,False,False,False,False
2024-03-27 17:00:00+00:00,10.135,10.49,10.135,10.49,119111.0,,,,,,,,,,,,,,"rgba(38, 166, 154, 1.0)",0.7307234475208515,9.066328435847032,1.9483042031607223,69.55586395014024,14.4280971080332,True,False,True,False,True,20.0,0.0,0.0,0.0,0.0,0,,,False,False,False,False,,,False,False,False,False,880970.0,326073.0610741794,False,False,False,False,34924.957699517094,False,False,False,False
2024-03-28 17:00:00+00:00,10.71,10.795,10.485,10.605,48222.0,,,,,,,10.628333333333334,,,,10.628333333333334,10.628333333333334,,"rgba(38, 166, 154, 1.0)",0.7589555411969237,9.30372409976555,1.7145614329164154,73.79848384048789,18.23028302510471,True,False,True,False,True,20.0,-1.0,10.795,10.485,0.0,0,,,False,False,False,False,,,False,False,False,False,929192.0,335423.74229783553,False,False,False,False,35131.11339409822,False,False,False,False
2024-03-29 17:00:00+00:00,10.605,10.605,10.605,10.605,0.0,,,,,,,10.628333333333334,,,,10.628333333333334,10.628333333333334,,"rgba(38, 166, 154, 1.0)",0.7803974385927748,9.30372409976555,1.667452807867915,76.62689710071966,20.716705249031904,True,False,True,False,True,20.0,0.0,0.0,0.0,0.0,0,,,False,False,False,False,,,False,False,False,False,929192.0,344629.4517195745,False,False,False,False,34586.44496938352,False,False,False,False
2024-04-01 17:00:00+00:00,10.53,10.545,10.33,10.39,100795.0,,,,,,,10.4885441370224,,,,10.4885441370224,10.4885441370224,,"rgba(38, 166, 154, 1.0)",0.7938091426501438,9.346253079005358,1.31485878017237,74.72679695176507,20.716705249031904,True,False,True,False,True,20.0,0.0,0.0,0.0,0.0,0,,,False,False,False,False,,,False,False,False,False,828397.0,352129.72378593765,False,False,False,False,35612.93419466439,False,False,False,False
2024-04-02 17:00:00+00:00,10.165,10.22,10.125,10.205,14400.0,,,,,,,10.46164953258637,,,,10.46164953258637,10.46164953258637,,"rgba(38, 166, 154, 0.75)",0.8033305222185506,9.34836742691001,1.0663513328539247,70.67352935770573,27.028602861232528,True,False,True,False,False,20.0,0.0,0.0,0.0,0.0,0,,,False,False,False,False,,,False,False,False,False,813997.0,359290.45675049676,False,False,False,False,35284.05149397192,False,False,False,False
2024-04-03 17:00:00+00:00,10.02,10.32,9.945,10.04,85671.0,,,,,,,10.337837497858855,,,,10.337837497858855,10.337837497858855,,"rgba(38, 166, 154, 0.75)",0.8014395831286388,9.359409982789517,0.8492093871301102,65.76577442422487,22.531759711535415,True,False,True,False,False,18.171031353351964,0.0,0.0,0.0,0.0,0,,,False,False,False,False,,,False,False,False,False,728326.0,365011.9380411867,False,False,False,False,36065.24449406538,False,False,False,False
2024-04-04 17:00:00+00:00,10.35,10.37,10.045,10.045,107278.0,,,,,,,10.282295617427026,,,,10.282295617427026,10.282295617427026,,"rgba(38, 166, 154, 0.5)",0.8023660001509281,9.385525681155912,0.8219120933838656,62.54668456334096,19.626922966869074,False,False,True,False,False,18.21689152803535,0.0,0.0,0.0,0.0,0,,,False,False,False,False,,,False,False,False,False,835604.0,372307.93900178844,False,False,False,False,37169.31822283956,False,False,False,False
2024-04-05 17:00:00+00:00,10.315,10.48,10.145,10.415,84725.0,,,,,,,10.294660043694686,,,,10.294660043694686,10.294660043694686,,"rgba(38, 166, 154, 0.5)",0.8100777796045325,9.418811026596883,1.2297448448585275,63.768747942336034,19.626922966869074,False,False,True,False,False,20.0,0.0,0.0,0.0,0.0,0,,,False,False,False,False,,,False,False,False,False,920329.0,380804.3895599003,False,False,False,False,37906.61561473352,False,False,False,False
2024-04-08 17:00:00+00:00,9.92,9.925,9.645,9.69,122908.0,,,,,,,10.176692842836008,,,,10.176692842836008,10.176692842836008,,"rgba(38, 166, 154, 0.5)",0.8008513881775735,9.413029444006845,0.3458451344180491,57.153475561151275,14.676221740476947,False,True,True,False,False,11.54002729064631,0.0,0.0,0.0,0.0,0,,,False,False,False,False,,,False,False,False,False,797421.0,387263.5618147855,False,False,False,False,39224.46653543533,False,False,False,False
2024-04-09 17:00:00+00:00,9.26,9.265,9.055,9.215,65616.0,,,,,,,10.072647739756304,,,,10.072647739756304,10.072647739756304,,"rgba(239, 83, 80, 1.0)",0.7906188532859381,9.389060821377342,-0.2201576912236756,49.832671959035004,8.044117598381632,False,True,False,True,False,5.9642783380024795,0.0,0.0,0.0,0.0,0,,,False,False,False,False,,,False,False,False,False,731805.0,392605.28953858727,False,False,False,False,39633.63759690145,False,False,False,False
2024-04-10 17:00:00+00:00,9.005,9.105,8.865,8.91,42129.0,,,,,,,10.002867084286075,,,,10.002867084286075,10.002867084286075,,"rgba(239, 83, 80, 1.0)",0.7803049357736969,9.37024871010141,-0.589831858035166,43.47911504322746,2.438226202994393,False,True,False,True,False,2.6848172217471244,0.0,0.0,0.0,0.0,0,,,False,False,False,False,,,False,False,False,False,689676.0,397211.03698760143,False,False,False,False,39672.325386096774,False,False,False,False
2024-04-11 17:00:00+00:00,9.215,9.34,8.965,8.965,63507.0,,,,,,,9.924018568715534,,,,9.924018568715534,9.924018568715534,,"rgba(239, 83, 80, 1.0)",0.774473183339302,9.349769007842875,-0.49681385504384235,39.81666652868507,-0.7378359734154429,False,True,False,True,False,3.219813050937873,0.0,0.0,0.0,0.0,0,,,False,False,False,False,,,False,False,False,False,753183.0,402729.98215058434,False,False,False,False,40041.85522507202,False,False,False,False
2024-04-12 17:00:00+00:00,8.58,8.765,8.555,8.765,154864.0,,,,,,,9.71019144342772,,,,9.71019144342772,9.71019144342772,,"rgba(239, 83, 80, 1.0)",0.7684401246845622,9.279192946771325,-0.6691385968196228,36.37589583739609,-3.901062239086677,False,True,False,True,False,1.12995067703811,0.0,0.0,0.0,0.0,0,,,False,False,False,False,,,False,False,False,False,598319.0,405762.3700242187,False,False,False,False,41822.04351615617,False,False,False,False
2024-04-15 17:00:00+00:00,8.785,8.79,8.565,8.635,62691.0,,,,,,,9.641312173377019,,,,9.641312173377019,9.641312173377019,,"rgba(239, 83, 80, 1.0)",0.7626608529199445,9.254525563464748,-0.812321179319504,33.460742252791306,-6.735993709776302,False,True,False,True,False,0.0,0.0,0.0,0.0,0.0,0,,,False,False,False,False,,,False,False,False,False,535628.0,407775.79064399825,False,False,False,False,42145.59322908398,False,False,False,False
2024-04-16 17:00:00+00:00,8.58,8.745,8.535,8.745,58779.0,,,,,,,9.585163789169139,,,,9.585163789169139,9.585163789169139,,"rgba(239, 83, 80, 1.0)",0.7518357593311251,9.233754748216848,-0.6500818059673991,32.88615186938049,-7.593913463437637,False,True,False,True,False,0.9181110804616957,0.0,0.0,0.0,0.0,0,,,False,False,False,False,,,False,False,False,False,594407.0,410669.2977657967,False,False,False,False,42403.47550460206,False,False,False,False
2024-04-17 17:00:00+00:00,8.805,8.9,8.655,8.665,34414.0,,,,,,,9.557357389124332,,,,9.557357389124332,9.557357389124332,,"rgba(239, 83, 80, 1.0)",0.7416342315004977,9.22340909377596,-0.7529440660339661,32.033732955506466,-8.923218669571867,False,True,False,True,False,0.09269876563444868,0.0,0.0,0.0,0.0,0,,,False,False,False,False,,,False,False,False,False,559993.0,412984.3939244665,False,False,False,False,42279.607667321405,False,False,False,False
2024-04-18 17:00:00+00:00,8.585,8.635,8.505,8.605,23112.0,,,,,,,9.536264945049357,,,,9.536264945049357,9.536264945049357,,"rgba(239, 83, 80, 1.0)",0.7310162000152152,9.215088310273696,-0.8345756363005329,31.10065860919744,-10.429914743293388,False,True,False,True,False,0.0,0.0,0.0,0.0,0.0,0,,,False,False,False,False,,,False,False,False,False,536881.0,414905.27153804066,False,False,False,False,41982.43545542495,False,False,False,False
2024-04-19 17:00:00+00:00,8.635,8.705,8.545,8.695,32665.0,,,,,,,9.50993991519147,,,,9.50993991519147,9.50993991519147,,"rgba(239, 83, 80, 1.0)",0.7267865096647235,9.204719526481597,-0.7013332246862111,31.83250926790137,-10.429914743293388,False,True,False,True,False,0.41508900513399993,0.0,0.0,0.0,0.0,0,,,False,False,False,False,,,False,False,False,False,569546.0,417302.8022118695,False,False,False,False,41837.97909177495,False,False,False,False
2024-04-22 17:00:00+00:00,8.485,8.545,8.425,8.455,53465.0,,,,,,,9.462042495894794,,,,9.462042495894794,9.462042495894794,,"rgba(239, 83, 80, 1.0)",0.7264209436596579,9.105840370381223,-0.8959548538101543,30.690050750052126,-12.077389665472495,False,True,False,True,False,0.0,0.0,0.0,0.0,0.0,0,,,False,False,False,False,,,False,False,False,False,516081.0,418834.2471388172,False,False,False,False,42018.242981824944,False,False,False,False
2024-04-23 17:00:00+00:00,8.515,8.615,8.475,8.53,44410.0,,,,,,,9.427909312791801,,,,9.427909312791801,9.427909312791801,,"rgba(239, 83, 80, 1.0)",0.7243959148431485,9.096268469189315,-0.781711295696537,31.10034931022551,-12.302024213435075,False,True,False,True,False,0.0,0.0,0.0,0.0,0.0,0,,,False,False,False,False,,,False,False,False,False,560491.0,421030.47586534714,False,False,False,False,42055.324485982695,False,False,False,False
2024-04-24 17:00:00+00:00,8.5,8.565,8.475,8.565,24274.0,,,,,,,9.410200318646973,,,,9.410200318646973,9.410200318646973,,"rgba(239, 83, 80, 1.0)",0.7235329985563898,9.090156973827582,-0.7258231136318436,31.94423066817964,-12.302024213435075,False,True,False,True,False,0.0,0.0,0.0,0.0,0.0,0,,,False,False,False,False,,,False,False,False,False,584765.0,423568.99561937276,False,False,False,False,41779.645036587615,False,False,False,False
2024-04-25 17:00:00+00:00,8.61,8.655,8.565,8.625,34876.0,,,,,,,9.388168713720434,,,,9.388168713720434,9.388168713720434,,"rgba(239, 83, 80, 1.0)",0.7219136730602573,9.084322273935188,-0.6362565097126904,33.52955800594604,-12.302024213435075,False,True,False,True,False,0.0,0.0,0.0,0.0,0.0,0,,,False,False,False,False,,,False,False,False,False,619641.0,426608.8716562817,False,False,False,False,41672.61178020641,False,False,False,False
2024-04-26 17:00:00+00:00,8.745,8.78,8.695,8.715,40199.0,,,,,,,9.36780095073133,,,,9.36780095073133,9.36780095073133,,"rgba(239, 83, 80, 0.75)",0.7208683952312266,9.081114969605153,-0.5078804564427015,36.11340438188857,-12.302024213435075,False,True,False,True,True,0.7260569193421169,0.0,0.0,0.0,0.0,0,,,False,False,False,False,,,False,False,False,False,659840.0,430224.85814223083,False,False,False,False,41649.765085939645,False,False,False,False
2024-04-29 17:00:00+00:00,8.75,8.885,8.735,8.885,28899.0,,,,,,,9.356205630096865,,,,9.356205630096865,9.356205630096865,,"rgba(239, 83, 80, 0.75)",0.7193673897539714,9.08059631571256,-0.27190044822500986,40.44475712720155,-14.911081843420263,False,True,False,True,True,2.523003985223408,0.0,0.0,0.0,0.0,0,,,False,False,False,False,,,False,False,False,False,688739.0,434232.82933382416,False,False,False,False,41452.07880553748,False,False,False,False
2024-04-30 17:00:00+00:00,8.82,8.845,8.745,8.765,34774.0,,,,,,,9.341629055540102,,,,9.341629055540102,9.341629055540102,,"rgba(239, 83, 80, 0.75)",0.7170911460279735,9.077728751231055,-0.4361073943853362,41.76557694286277,-13.544722887055784,False,True,False,True,True,1.1952039126283083,0.0,0.0,0.0,0.0,0,,,False,False,False,False,,,False,False,False,False,653965.0,437639.52965423,False,False,False,False,41348.54270002527,False,False,False,False
2024-05-01 17:00:00+00:00,8.765,9.0,8.725,8.75,40991.0,,,,,,,9.326542010766106,,,,9.326542010766106,9.326542010766106,,"rgba(239, 83, 80, 0.75)",0.7116480175626864,9.049991748034122,-0.42154511869724554,42.449533476953945,-12.687604963126908,False,True,False,True,True,1.0291053354414998,0.0,0.0,0.0,0.0,0,,,False,False,False,False,,,False,False,False,False,612974.0,440357.8935355597,False,False,False,False,41342.999402350455,False,False,False,False
2024-05-02 17:00:00+00:00,8.095,8.185,8.015,8.095,60931.0,,,,,,,9.275445302853914,,,,9.275445302853914,9.275445302853914,,"rgba(239, 83, 80, 1.0)",0.7144546840041684,8.976940062653501,-1.2344240753110587,37.138698746300975,-7.509388167652247,False,True,False,True,False,0.0,0.0,0.0,0.0,0.0,0,,,False,False,False,False,,,False,False,False,False,552043.0,442089.4455737681,False,False,False,False,41646.689334096955,False,False,False,False
2024-05-03 17:00:00+00:00,7.985,7.985,7.745,7.82,55379.0,,,,,,,9.223510378028394,,,,9.223510378028394,9.223510378028394,,"rgba(239, 83, 80, 1.0)",0.7202929959398472,8.927109575597123,-1.537026712515166,32.20885103267124,-12.022871859942676,False,True,False,True,False,0.0,0.0,0.0,0.0,0.0,0,,,False,False,False,False,,,False,False,False,False,496664.0,442935.5626966554,False,False,False,False,41859.59337542878,False,False,False,False
2024-05-06 17:00:00+00:00,7.58,7.59,7.455,7.51,60772.0,,,,,,,9.157954609195066,,,,9.157954609195066,9.157954609195066,,"rgba(239, 83, 80, 1.0)",0.7345603453092887,8.868158427816951,-1.8489405758012907,27.684137741041503,-16.059371933047736,False,True,False,True,False,0.0,0.0,0.0,0.0,0.0,0,,,False,False,False,False,,,False,False,False,False,435892.0,442826.36017422663,False,False,False,False,42152.80898201128,False,False,False,False
2024-05-07 17:00:00+00:00,7.495,7.55,7.41,7.41,22278.0,,,,,,,9.134310987650005,,,,9.134310987650005,9.134310987650005,,"rgba(239, 83, 80, 1.0)",0.7508849913736929,8.84882386446143,-1.9161707598246165,24.314324346972086,-19.030007140890845,False,True,False,True,False,0.0,0.0,0.0,0.0,0.0,0,,,False,False,False,False,,,False,False,False,False,413614.0,442373.4553653239,False,False,False,False,41844.67240864676,False,False,False,False
2024-05-08 17:00:00+00:00,7.16,7.185,6.97,7.03,92016.0,,,,,,,9.021796569205838,,,,9.021796569205838,9.021796569205838,,"rgba(239, 83, 80, 1.0)",0.7757177728162888,8.754586372349733,-2.2232136903200255,20.92185215925301,-22.093984811138657,False,True,False,True,False,0.0,0.0,0.0,0.0,0.0,0,,,False,False,False,False,,,False,False,False,False,321598.0,440500.96768524137,False,False,False,False,42622.52244882278,False,False,False,False
2024-05-09 17:00:00+00:00,7.03,7.03,6.865,6.955,76182.0,,,,,,,8.932686561406003,,,,8.932686561406003,8.932686561406003,,"rgba(239, 83, 80, 1.0)",0.8023143213668011,8.686206569266082,-2.1577660066155175,18.46405319438161,-24.375133909525644,False,True,False,True,False,0.0,0.0,0.0,0.0,0.0,0,,,False,False,False,False,,,False,False,False,False,245416.0,437476.39454283455,False,False,False,False,43142.824426360414,False,False,False,False
2024-05-10 17:00:00+00:00,6.845,7.005,6.805,6.89,74454.0,,,,,,,8.850688613097132,,,,8.850688613097132,8.850688613097132,,"rgba(239, 83, 80, 1.0)",0.8313304109992925,8.626365311020622,-2.088658478081467,16.64938268277952,-26.18171397126121,False,True,False,True,False,0.0,0.0,0.0,0.0,0.0,0,,,False,False,False,False,,,False,False,False,False,170962.0,433344.3884258914,False,False,False,False,43628.26900889746,False,False,False,False
2024-05-13 17:00:00+00:00,7.12,7.145,7.08,7.125,49559.0,,,,,,,8.805345215764797,,,,8.805345215764797,8.805345215764797,,"rgba(239, 83, 80, 1.0)",0.853289870796322,8.596455300481034,-1.7244495110528117,19.409173568211244,-26.18171397126121,False,True,False,True,False,0.0,0.0,0.0,0.0,0.0,0,,,False,False,False,False,-0.2564245070383245,-0.2564245070383245,False,False,False,False,220521.0,430044.8010084357,False,False,False,False,43720.218326588976,False,False,False,False
2024-05-14 17:00:00+00:00,7.14,7.285,7.085,7.125,34775.0,,,,,,,8.7757894078269,,,,8.7757894078269,8.7757894078269,,"rgba(239, 83, 80, 0.75)",0.8732447929810224,8.577519396513043,-1.6633587834569659,21.249034158499057,-26.18171397126121,False,True,False,True,True,0.0,0.0,0.0,0.0,0.0,0,0.9114625794880152,0.8428175444317624,False,False,False,False,-0.276948981495296,-0.26668674426681027,False,False,False,False,220521.0,426796.3699850491,False,False,False,False,43581.53277113798,False,False,False,False
2024-05-15 17:00:00+00:00,7.115,7.165,7.07,7.075,40380.0,,,,,,,8.741515088383517,,,,8.741515088383517,8.741515088383517,,"rgba(239, 83, 80, 0.75)",0.8895997784204794,8.555191785117326,-1.6638850649732253,22.180141146821313,-26.18171397126121,False,True,False,True,True,0.0,0.0,0.0,0.0,0.0,0,0.9100624794475497,0.85498191384413,False,False,False,False,-0.29227482384595427,-0.27948078405638227,False,False,False,False,180141.0,422972.25572171505,False,False,False,False,43531.89660414359,False,False,False,False
2024-05-16 17:00:00+00:00,7.13,7.145,7.05,7.075,28126.0,,,,,,,8.718272585758632,,,,8.718272585758632,8.718272585758632,,"rgba(239, 83, 80, 0.75)",0.9073228713048035,8.54005798453473,-1.6147041266885056,22.80087913903615,-26.18171397126121,False,True,False,True,True,0.0,0.0,0.0,0.0,0.0,0,0.9049266765529738,0.8592848904267588,False,False,False,False,-0.2960728822944853,-0.2877768331754338,False,False,False,False,180141.0,419207.430051611,False,False,False,False,43293.04549400183,False,False,False,False
2024-05-17 17:00:00+00:00,6.925,6.945,6.72,6.765,62736.0,,,,,,,8.660192647478329,,,,8.660192647478329,8.660192647478329,,"rgba(239, 83, 80, 0.75)",0.9324670271686593,8.499473262219794,-1.860090718152625,21.46644275034796,-26.18171397126121,False,True,False,True,True,0.0,0.0,0.0,0.0,0.0,0,0.8982716049382712,0.8676543209876542,False,False,False,False,-0.34282825441539394,-0.3153025437954139,False,False,False,False,117405.0,414528.3226089503,False,False,False,False,43594.486649133585,False,False,False,False
2024-05-20 17:00:00+00:00,6.615,6.615,6.485,6.495,20694.0,,,,,,,8.639035654623125,,,,8.639035654623125,8.639035654623125,,"rgba(239, 83, 80, 1.0)",0.9629342450865274,8.483993110620432,-2.065554445456143,19.473358358338842,-26.18171397126121,False,True,False,True,False,0.0,0.0,0.0,0.0,0.0,0,0.8970997869900045,0.8640013108307388,False,False,False,False,-0.34282825441539394,-0.3290653991054039,False,False,False,False,96711.0,409600.92225842393,False,False,False,False,43239.44034449586,False,False,False,False
2024-05-21 17:00:00+00:00,6.535,6.575,6.455,6.55,63983.0,,,,,,,8.576053279644077,,,,8.576053279644077,8.576053279644077,,"rgba(239, 83, 80, 1.0)",0.9945064510002342,8.438275844984272,-1.8987064820797501,19.23744929226663,-26.18171397126121,False,True,False,True,False,0.0,0.0,0.0,0.0,0.0,0,0.8939121919373263,0.8638811816549696,False,False,False,False,-0.34282825441539394,-0.3359468267603989,False,False,False,False,160694.0,405741.9002079057,False,False,False,False,43561.04592055018,False,False,False,False
2024-05-22 17:00:00+00:00,6.5,6.515,6.35,6.375,44170.0,,,,,,,8.532435461441088,,,,8.532435461441088,8.532435461441088,,"rgba(239, 83, 80, 1.0)",1.029895638900868,8.406345603184217,-1.9723800416827895,18.31749211307074,-26.650162458727902,False,True,False,True,False,0.0,0.0,0.0,0.0,0.0,0,0.8896304737099133,0.8670030929513267,False,False,False,False,-0.34282825441539394,-0.33938754058789644,False,False,False,False,116524.0,401257.90175506996,False,False,False,False,43570.48706906878,False,False,False,False
2024-05-23 17:00:00+00:00,6.365,6.37,6.265,6.35,23672.0,,,,,,,8.508866851328946,,,,8.508866851328946,8.508866851328946,,"rgba(239, 83, 80, 1.0)",1.0642997867311803,8.388971858237555,-1.9157871528847323,17.598626776281385,-27.735268633724125,False,True,False,True,False,0.0,0.0,0.0,0.0,0.0,0,0.8895216400911158,0.8698340383989585,False,False,False,False,-0.34282825441539394,-0.34110789750164516,False,False,False,False,92852.0,396476.41490615415,False,False,False,False,43261.98339357934,False,False,False,False
2024-05-24 17:00:00+00:00,6.38,6.425,6.335,6.365,24801.0,,,,,,,8.485225873160807,,,,8.485225873160807,8.485225873160807,,"rgba(239, 83, 80, 1.0)",1.0971750868349004,8.371710856872138,-1.8289796049425806,17.477282559933766,-28.26551674848916,False,True,False,True,False,0.0,0.0,0.0,0.0,0.0,0,0.8915447154471541,0.8681300813008129,False,False,False,False,-0.33215622881335594,-0.33663206315750055,False,False,False,False,117653.0,392153.5712641983,False,False,False,False,42975.766596779664,False,False,False,False
2024-05-27 17:00:00+00:00,6.365,6.365,6.365,6.365,0.0,,,,,,,8.485225873160807,,,,8.485225873160807,8.485225873160807,,"rgba(239, 83, 80, 1.0)",1.1293907829181804,8.371710856872138,-1.776808246732004,17.39638641570202,-28.77030980094796,False,True,False,True,False,0.0,0.0,0.0,0.0,0.0,0,0.8911653827241431,0.873955089329618,False,False,False,False,-0.3347107838960467,-0.3356714235267736,False,False,False,False,117653.0,387897.7484539006,False,False,False,False,42309.47564179083,False,False,False,False
2024-05-28 17:00:00+00:00,6.265,6.28,6.175,6.205,52998.0,,,,,,,8.43283714367588,,,,8.43283714367588,8.43283714367588,,"rgba(239, 83, 80, 1.0)",1.164552394389913,8.332847834312476,-1.827180850396358,16.495634101345175,-30.005613056468434,False,True,False,True,False,0.0,0.0,0.0,0.0,0.0,0,0.8859390363815138,0.8798754506719108,False,False,False,False,-0.34282825441539394,-0.33924983897108374,False,False,False,False,64655.0,382886.2329739952,False,False,False,False,42475.189197732056,False,False,False,False
2024-05-29 17:00:00+00:00,6.12,6.205,6.095,6.13,39224.0,,,,,,,8.39430799976317,,,,8.39430799976317,8.39430799976317,,"rgba(239, 83, 80, 1.0)",1.2000491431378741,8.10770594069823,-1.6480207931543103,15.541853989661401,-31.218077873016007,False,True,False,True,False,0.0,0.0,0.0,0.0,0.0,0,0.8816655694535875,0.889400921658986,False,False,False,False,-0.34282825441539394,-0.3410390466932388,False,False,False,False,25431.0,377344.2913774992,False,False,False,False,42424.78316365869,False,False,False,False
2024-05-30 17:00:00+00:00,6.125,6.295,6.125,6.285,19697.0,,,,,,,8.376213103985508,,,,8.376213103985508,8.376213103985508,,"rgba(239, 83, 80, 0.75)",1.2298384241637392,8.098396492977086,-1.4744997857829594,19.04036401122572,-34.25439419164756,False,True,False,True,True,0.0,0.0,0.0,0.0,0.0,0,0.8786031955196832,0.8924394663152693,False,False,False,False,-0.332962726702616,-0.3370008866979274,False,False,False,False,45128.0,372193.6512011038,False,False,False,False,42072.414432439175,False,False,False,False
2024-05-31 17:00:00+00:00,6.49,6.565,6.485,6.555,34610.0,,,,,,,8.34949541549813,,,,8.34949541549813,8.34949541549813,,"rgba(239, 83, 80, 0.75)",1.2520081275101018,8.09346035653828,-1.2287942248408985,26.787332674424306,-27.18533370860635,False,True,False,True,True,0.0,0.0,0.0,0.0,0.0,0,0.8943196829590484,0.8865587846763539,False,False,False,False,-0.28213239157426495,-0.30956663913609617,False,False,False,False,79738.0,367659.45505845104,False,False,False,False,41956.71808464942,False,False,False,False
2024-06-03 17:00:00+00:00,6.36,6.36,6.36,6.36,0.0,,,,,,,8.34949541549813,,,,8.34949541549813,8.34949541549813,,"rgba(239, 83, 80, 0.5)",1.277540440290082,8.09346035653828,-1.356873177450786,29.817857664949884,-24.732815797112824,False,False,False,True,True,0.0,0.0,0.0,0.0,0.0,0,0.8921503957783636,0.884564643799472,False,False,False,False,-0.3085653758444732,-0.3090660074902847,False,False,False,False,79738.0,363195.55653041304,False,False,False,False,41306.22633139904,False,False,False,False
2024-06-04 17:00:00+00:00,6.27,6.3,6.16,6.205,34373.0,,,,,,,8.319265763274718,,,,8.319265763274718,8.319265763274718,,"rgba(239, 83, 80, 0.5)",1.3054436372705218,8.07115045731809,-1.429514384259376,30.41191666413591,-24.386060289943405,False,False,False,True,True,0.0,0.0,0.0,0.0,0.0,0,0.8882681564245806,0.8830101873151494,False,False,False,False,-0.3296881464554598,-0.3193770769728722,False,False,False,False,45365.0,358267.9510028097,False,False,False,False,41198.734450292075,False,False,False,False
2024-06-05 17:00:00+00:00,6.335,6.34,6.26,6.275,33647.0,,,,,,,8.29145522037709,,,,8.29145522037709,8.29145522037709,,"rgba(239, 83, 80, 0.5)",1.3303182813634222,8.052867958779446,-1.336423007701087,32.11050983653921,-22.823681591507892,False,False,False,True,True,0.0,0.0,0.0,0.0,0.0,0,0.888907175773535,0.8834759710335746,False,False,False,False,-0.3182801565942123,-0.31882861678354224,False,False,False,False,79012.0,353938.40137485915,False,False,False,False,41081.65329602398,False,False,False,False
2024-06-06 17:00:00+00:00,6.17,6.31,6.165,6.235,36487.0,,,,,,,8.26134081282408,,,,8.26134081282408,8.26134081282408,,"rgba(239, 83, 80, 0.5)",1.3513382689456837,8.031965581924485,-1.3297674040760203,32.8236170144579,-22.071694737598566,True,False,False,True,True,0.0,0.0,0.0,0.0,0.0,0,0.8904087013843106,0.883157547791694,False,False,False,False,-0.328461939653572,-0.32364527821855715,False,False,False,False,42525.0,349110.2866248613,False,False,False,False,41010.4183612019,False,False,False,False
2024-06-07 17:00:00+00:00,6.295,6.3,6.255,6.27,23092.0,,,,,,,8.24308611387485,,,,8.24308611387485,8.24308611387485,,"rgba(239, 83, 80, 0.5)",1.371112401014671,8.01983444982164,-1.2762151728236888,34.037539978061496,-20.758468607639067,True,False,False,True,True,0.0,0.0,0.0,0.0,0.0,0,0.8923153034300787,0.8834102902374669,False,False,False,False,-0.32193814789739783,-0.3227917130579775,False,False,False,False,65617.0,344715.04187098745,False,False,False,False,40732.61342536931,False,False,False,False
2024-06-10 17:00:00+00:00,6.405,6.405,6.3,6.32,11197.0,,,,,,,8.23465066918341,,,,8.23465066918341,8.23465066918341,,"rgba(239, 83, 80, 0.5)",1.3897952827405653,8.014568470429522,-1.2192935833599663,35.9348113126176,-18.795530036642777,True,False,False,True,True,0.0,0.0,0.0,0.0,0.0,0,0.8946753463528622,0.8881655817058919,False,False,False,False,-0.30977660607676316,-0.3162841595673703,False,False,False,False,76814.0,340561.5373458559,False,False,False,False,40274.69693815428,False,False,False,False
2024-06-11 17:00:00+00:00,6.155,6.175,6.1,6.1,20317.0,,,,,,,8.217803905253254,,,,8.217803905253254,8.217803905253254,,"rgba(239, 83, 80, 0.5)",1.4104674421642653,7.845637690842022,-1.237630617097734,34.51474302439645,-18.795530036642777,True,False,False,True,True,0.0,0.0,0.0,0.0,0.0,0,0.8788944723618086,0.8969849246231154,False,False,False,False,-0.34282825441539394,-0.3295562069913821,False,False,False,False,56497.0,336157.43599165656,False,False,False,False,39965.275280198395,False,False,False,False
2024-06-12 17:00:00+00:00,6.3,6.47,6.265,6.315,25481.0,,,,,,,8.199282831230946,,,,8.199282831230946,8.199282831230946,,"rgba(239, 83, 80, 0.5)",1.4250585036196717,7.845534212053003,-1.0740150023072186,37.71928110173786,-16.9995262309342,True,False,False,True,True,0.0,0.0,0.0,0.0,0.0,0,0.8867735470941879,0.8792585170340679,False,False,False,False,-0.30544259377533994,-0.317499400383361,False,False,False,False,81978.0,332216.6695421735,False,False,False,False,39740.71287275346,False,False,False,False
2024-06-13 17:00:00+00:00,6.275,6.275,6.16,6.175,27394.0,,,,,,,8.178229628762564,,,,8.178229628762564,8.178229628762564,,"rgba(239, 83, 80, 0.5)",1.4393583624294177,7.830602167464103,-1.1502362515681632,38.122930065643764,-16.4972177676363,True,False,False,True,True,0.0,0.0,0.0,0.0,0.0,0,0.8782115448782111,0.8872205538872204,False,False,False,False,-0.3297244729119965,-0.32361193664767873,False,False,False,False,54584.0,327912.2870686514,False,False,False,False,39549.290967749526,False,False,False,False
2024-06-14 17:00:00+00:00,6.265,6.33,6.205,6.325,42527.0,,,,,,,8.147754552808692,,,,8.147754552808692,8.147754552808692,,"rgba(239, 83, 80, 0.5)",1.4426036365725172,7.813878776114756,-1.032077514827416,40.92301327273894,-13.729194888308562,True,False,False,True,True,0.0,0.0,0.0,0.0,0.0,0,0.8757525083612038,0.8909698996655518,False,False,False,False,-0.32159002317631624,-0.3226009799119975,False,False,False,False,97111.0,324333.97254045523,False,False,False,False,39595.45699925729,False,False,False,False
2024-06-17 17:00:00+00:00,6.275,6.445,6.25,6.44,15755.0,,,,,,,8.137256121021633,,,,8.137256121021633,8.137256121021633,,"rgba(239, 83, 80, 0.5)",1.4471405480345594,7.809195962902604,-0.9461388976780335,44.51615872192486,-10.329794267370495,True,False,False,True,True,0.0,0.0,0.0,0.0,0.0,0,0.8859443139885942,0.884770211338477,False,False,False,False,-0.3086594988330014,-0.31563023937249945,False,False,False,False,112866.0,321055.39932277374,False,False,False,False,39225.83751089671,False,False,False,False
2024-06-18 17:00:00+00:00,6.4,6.52,6.385,6.475,31878.0,,,,,,,8.117359352755676,,,,8.117359352755676,8.117359352755676,,#000000,1.4501802994458657,7.801692512550988,-0.9148465973906393,47.428316554868196,-7.639010788228305,True,False,False,False,True,0.0,0.0,0.0,0.0,0.0,0,0.8890952059419307,0.8902768399729911,False,False,False,False,-0.29183802650289437,-0.3037341329376969,False,False,False,False,144744.0,318321.889255754,False,False,False,False,39111.91754948746,False,False,False,False
2024-06-19 17:00:00+00:00,6.475,6.475,6.475,6.475,0.0,,,,,,,8.117359352755676,,,,8.117359352755676,8.117359352755676,,#000000,1.456057657134806,7.801692512550988,-0.9111538310657431,49.36975511016375,-5.830702581171181,True,False,False,False,True,0.0,0.0,0.0,0.0,0.0,0,0.8933175033921298,0.8872116689280867,False,False,False,False,-0.2882545230114372,-0.29599432797456704,False,False,False,False,144744.0,315630.7591897733,False,False,False,False,38505.53123089075,False,False,False,False
2024-06-20 17:00:00+00:00,6.655,6.825,6.615,6.74,39534.0,,,,,,,8.09719652914564,,,,8.09719652914564,8.09719652914564,,"rgba(38, 166, 154, 1.0)",1.4569780585386531,7.800339326927833,-0.7277661600418005,54.3293715117224,-1.2442329349875934,True,False,True,False,True,0.0,0.0,0.0,0.0,0.0,0,0.8913845122360037,0.8799865906805229,False,False,False,False,-0.24967603375928218,-0.2728351808669246,False,False,False,False,184278.0,313594.2823031101,False,False,False,False,38521.476483125,False,False,False,False
2024-06-21 17:00:00+00:00,6.7,6.81,6.68,6.8,162419.0,,,,,,,8.022212250995258,,,,8.022212250995258,8.022212250995258,,"rgba(38, 166, 154, 1.0)",1.4568877169568764,7.781049244688471,-0.6733869970004763,58.30943372919761,2.3219533151684573,True,False,True,False,True,0.0,0.0,0.0,0.0,0.0,0,0.8930976430976426,0.8848484848484848,False,False,False,False,-0.24578186356618162,-0.2593085222165531,False,False,False,False,346697.0,314107.50273251923,False,False,False,False,40442.368320595924,False,False,False,False
2024-06-24 17:00:00+00:00,6.745,6.885,6.72,6.845,79328.0,,,,,,,7.989996467387338,,,,7.989996467387338,7.989996467387338,,"rgba(38, 166, 154, 1.0)",1.456825680396616,7.769939205212554,-0.6349003986261026,61.47465875363348,5.145274434637642,True,False,True,False,True,0.0,0.0,0.0,0.0,0.0,0,0.8906249999999996,0.8859206989247311,False,False,False,False,-0.23685272726111004,-0.24808062473883158,False,False,False,False,426025.0,315842.65772891423,False,False,False,False,41045.24633112932,False,False,False,False
2024-06-25 17:00:00+00:00,6.615,6.835,6.61,6.81,46855.0,,,,,,,7.970754499010906,,,,7.970754499010906,7.970754499010906,,"rgba(38, 166, 154, 1.0)",1.4558016366955375,7.7611614285704285,-0.6533592246327116,62.718989079265306,6.299528601287442,True,False,True,False,True,0.0,0.0,0.0,0.0,0.0,0,0.8840579710144922,0.8977081226828444,False,False,False,False,-0.24928628455368232,-0.24868345464625696,False,False,False,False,379170.0,316824.47698893107,False,False,False,False,41135.320031421885,False,False,False,False
2024-06-26 17:00:00+00:00,6.82,6.82,6.715,6.785,85150.0,,,,,,,7.937869718720586,,,,7.937869718720586,7.937869718720586,,"rgba(38, 166, 154, 1.0)",1.4534149534895489,7.745883308412812,-0.6611211107370247,62.89942884403984,6.661054066955138,True,False,True,False,True,0.0,0.0,0.0,0.0,0.0,0,0.8809443507588528,0.8988195615514332,False,False,False,False,-0.24228335080997054,-0.24548340272811375,False,False,False,False,294020.0,316470.919206157,False,False,False,False,41817.718170469605,False,False,False,False
2024-06-27 17:00:00+00:00,6.795,6.905,6.735,6.885,93075.0,,,,,,,7.905921829319588,,,,7.905921829319588,7.905921829319588,,"rgba(38, 166, 154, 1.0)",1.4511922777588873,7.731880484874499,-0.5835756555860111,64.47052756878153,8.440472758877675,True,False,True,False,True,0.0,0.0,0.0,0.0,0.0,0,0.8801140174379606,0.8945338698859823,False,False,False,False,-0.23414256879110293,-0.23981298575960835,False,False,False,False,387095.0,317565.8661952088,False,False,False,False,42612.404710462324,False,False,False,False
2024-06-28 17:00:00+00:00,6.925,6.995,6.905,6.975,61435.0,,,,,,,7.888037253453229,,,,7.888037253453229,7.888037253453229,,"rgba(38, 166, 154, 1.0)",1.4466136536971657,7.725523223168487,-0.5188138666121025,66.6741603746506,10.79826925555173,True,False,True,False,True,0.0,0.0,0.0,0.0,0.0,0,0.8920195714526736,0.8901636578370168,False,False,False,False,-0.214112533900977,-0.22696275983029268,False,False,False,False,448530.0,319596.3178821048,False,False,False,False,42904.22789324585,False,False,False,False
2024-07-01 17:00:00+00:00,7.015,7.115,6.93,7.115,26006.0,,,,,,,7.881421291023313,,,,7.881421291023313,7.881421291023313,,"rgba(38, 166, 154, 1.0)",1.4377845194340926,7.723766675525443,-0.4234060579293561,69.66477520530356,13.82352301001854,True,False,True,False,True,0.0,0.0,0.0,0.0,0.0,0,0.8939547450185744,0.8843296183721715,False,False,False,False,-0.2030159804944412,-0.21498937016236694,False,False,False,False,474536.0,321998.4834963357,False,False,False,False,42642.2398638932,False,False,False,False
2024-07-02 17:00:00+00:00,7.085,7.14,7.015,7.115,21787.0,,,,,,,7.876200721419982,,,,7.876200721419982,7.876200721419982,,"rgba(38, 166, 154, 1.0)",1.4257214137234349,7.722559569418028,-0.42614185602453436,71.65851842573886,15.87371090746258,True,False,True,False,True,0.0,0.0,0.0,0.0,0.0,0,0.8965575430307118,0.8803577455281809,False,False,False,False,-0.19463082352981717,-0.20481009684609205,False,False,False,False,474536.0,324363.4062328266,False,False,False,False,42318.90281173982,False,False,False,False
2024-07-03 17:00:00+00:00,7.155,7.155,7.155,7.155,0.0,,,,,,,7.876200721419982,,,,7.876200721419982,7.876200721419982,,"rgba(38, 166, 154, 1.0)",1.4115308538432136,7.722559569418028,-0.4020879656103284,73.42601259156953,17.731972550726823,True,False,True,False,True,0.0,0.0,0.0,0.0,0.0,0,0.8957548784662784,0.8923313933584389,False,False,False,False,-0.18286080543488084,-0.19383545114048645,False,False,False,False,474536.0,326691.66350053466,False,False,False,False,41662.795791402765,False,False,False,False
2024-07-04 17:00:00+00:00,7.155,7.155,7.155,7.155,0.0,,,,,,,7.876200721419982,,,,7.876200721419982,7.876200721419982,,"rgba(38, 166, 154, 1.0)",1.397937824855656,7.722559569418028,-0.40599771987472394,74.60434203545664,19.07832183741641,True,False,True,False,True,0.0,0.0,0.0,0.0,0.0,0,0.8822510822510817,0.9018181818181817,False,False,False,False,-0.18286080543488084,-0.18834812828768366,False,False,False,False,474536.0,328983.8237563403,False,False,False,False,41016.860972931405,False,False,False,False
2024-07-05 17:00:00+00:00,7.24,7.265,7.14,7.23,42555.0,,,,,,,7.867747530210451,,,,7.867747530210451,7.867747530210451,,"rgba(38, 166, 154, 1.0)",1.3821324430350699,7.722091975156257,-0.35603822024151,76.26214835994732,20.89892103677323,True,False,True,False,True,0.0,0.0,0.0,0.0,0.0,0,0.880069625761531,0.8988685813751087,False,False,False,False,-0.1756718125328389,-0.1820099704102613,False,False,False,False,517091.0,331900.2140856994,False,False,False,False,41040.70808963014,False,False,False,False
2024-07-08 17:00:00+00:00,7.33,7.36,7.25,7.285,113256.0,,,,,,,7.849101644408939,,,,7.849101644408939,7.849101644408939,,"rgba(38, 166, 154, 1.0)",1.3666879804973908,7.723125171352689,-0.3205743941592565,77.95057858051014,22.737224768121052,True,False,True,False,True,0.0,0.0,0.0,0.0,0.0,0,0.8828451882845183,0.8920850767085077,False,False,False,False,-0.1602187563377595,-0.1711143633740104,False,False,False,False,630347.0,336527.2960378591,False,False,False,False,42160.32501847308,False,False,False,False
2024-07-09 17:00:00+00:00,7.265,7.36,7.135,7.195,80606.0,,,,,,,7.835001697626571,,,,7.835001697626571,7.835001697626571,,"rgba(38, 166, 154, 0.75)",1.3436194495560214,7.720738347007888,-0.391285156806572,75.38302803698932,22.737224768121052,True,False,True,False,False,0.0,0.0,0.0,0.0,0.0,0,0.8797358359402151,0.8912061174834897,False,False,False,False,-0.16887773906733242,-0.1699960512206714,False,False,False,False,549741.0,339832.93485897756,False,False,False,False,42756.38199493086,False,False,False,False
2024-07-10 17:00:00+00:00,7.25,7.385,7.25,7.345,40770.0,,,,,,,7.829212682406779,,,,7.829212682406779,7.829212682406779,,"rgba(38, 166, 154, 0.75)",1.3012839397656042,7.720675778680502,-0.28869623853820225,75.68916271212392,22.737224768121052,True,False,True,False,False,0.0,0.0,0.0,0.0,0.0,0,0.8780530355896716,0.8965457083042567,False,False,False,False,-0.15833956047782857,-0.16416780584925,False,False,False,False,590511.0,343719.4164890709,False,False,False,False,42725.58537485441,False,False,False,False
2024-07-11 17:00:00+00:00,7.48,7.575,7.48,7.555,31195.0,,,,,,,7.826685566096775,,,,7.826685566096775,7.826685566096775,,"rgba(38, 166, 154, 1.0)",1.2521777713931725,7.722737645901401,-0.13395673500478822,77.81036106897093,22.96967510785217,True,False,True,False,True,1.2398976645865787,0.0,0.0,0.0,0.0,0,0.8814468674281755,0.8864659051574939,False,False,False,False,-0.12692373578402874,-0.14554577081663939,False,False,False,False,621706.0,348029.2860008683,False,False,False,False,42546.81660935279,False,False,False,False
2024-07-12 17:00:00+00:00,7.48,7.5,7.375,7.425,29068.0,,,,,,,7.8235446160670055,,,,7.8235446160670055,7.8235446160670055,,"rgba(38, 166, 154, 0.75)",1.1996794541846558,7.723502062669233,-0.24881818358063476,75.27014708872562,22.96967510785217,True,False,True,False,False,0.0,0.0,0.0,0.0,0.0,0,0.8807958477508646,0.888235294117647,False,False,False,False,-0.14035361515739583,-0.1429496929870176,False,False,False,False,592638.0,351821.66916364554,False,False,False,False,42337.84270843259,False,False,False,False
2024-07-15 17:00:00+00:00,7.295,7.405,7.265,7.335,30632.0,,,,,,,7.819467954445568,,,,7.819467954445568,7.819467954445568,,"rgba(38, 166, 154, 0.75)",1.1509698495593166,7.7231995953746235,-0.3372804209625973,71.20875662621665,26.23731207303325,True,False,True,False,False,0.0,0.0,0.0,0.0,0.0,0,0.880550235068779,0.8850774856346858,False,False,False,False,-0.1557105452120535,-0.14933011909953553,False,False,False,False,562006.0,355080.340959558,False,False,False,False,42156.35677496852,False,False,False,False
2024-07-16 17:00:00+00:00,7.49,7.665,7.455,7.56,62117.0,,,,,,,7.815150458817667,,,,7.815150458817667,7.815150458817667,,"rgba(38, 166, 154, 0.75)",1.1051935055385937,7.7268421698001655,-0.15096195278387806,71.2275825900182,26.18697173503223,True,False,True,False,False,1.2967097146165223,0.0,0.0,0.0,0.0,0,0.8836079791847351,0.8790980052038162,False,False,False,False,-0.12208547555759115,-0.13570779732856333,False,False,False,False,624123.0,359251.54497568886,False,False,False,False,42465.82411179071,False,False,False,False
2024-07-17 17:00:00+00:00,7.635,7.675,7.585,7.635,59367.0,,,,,,,7.812278169291385,,,,7.812278169291385,7.812278169291385,,"rgba(38, 166, 154, 0.75)",1.0622060462474718,7.731170519958185,-0.09053847913776523,71.97494362910373,26.18697173503223,True,False,True,False,False,2.193559132182415,0.0,0.0,0.0,0.0,0,0.8840174672489078,0.8827947598253275,False,False,False,False,-0.11168359484834918,-0.12369569608845626,False,False,False,False,683490.0,364278.49776676344,False,False,False,False,42727.85784649163,False,False,False,True
2024-07-18 17:00:00+00:00,7.575,7.575,7.255,7.385,143193.0,,,,,,,7.79745973567246,,,,7.79745973567246,7.79745973567246,,"rgba(38, 166, 154, 0.75)",1.015682555749608,7.730220969749703,-0.3398906162121868,67.00180690689263,21.991484726254157,True,False,True,False,False,0.0,0.0,0.0,0.0,0.0,0,0.8764337851929088,0.8773027459158846,False,False,False,False,-0.14371877257136736,-0.13370723432991183,False,False,False,False,540297.0,367007.46679363534,False,False,False,False,44285.456949646796,False,False,False,False
2024-07-19 17:00:00+00:00,7.45,7.625,7.445,7.61,95672.0,,,,,,,7.791824227887876,,,,7.791824227887876,7.791824227887876,,"rgba(38, 166, 154, 0.75)",0.9509758288342712,7.733187737936896,-0.1295382429308448,66.32713233578733,21.311535023896553,True,False,True,False,False,1.7974411548934057,0.0,0.0,0.0,0.0,0,0.8798543689320385,0.873266296809986,False,False,False,False,-0.12580669759730115,-0.12975696596360647,False,False,False,False,635969.0,371177.4130448968,False,False,False,False,45082.147539574755,False,False,False,False
2024-07-22 17:00:00+00:00,7.605,7.62,7.54,7.575,52050.0,,,,,,,7.789102862973314,,,,7.789102862973314,7.789102862973314,,"rgba(38, 166, 154, 0.75)",0.9100820426336994,7.734784625275083,-0.175571671332707,65.19998225811682,20.094347762467237,True,False,True,False,False,1.3705619186095,0.0,0.0,0.0,0.0,0,0.8832142234617392,0.874673174132822,False,False,False,False,-0.11911092331100229,-0.12443394463730438,False,False,False,False,583919.0,374475.73222249525,False,False,False,False,45190.17625989142,False,False,False,False
2024-07-23 17:00:00+00:00,7.625,7.725,7.555,7.565,86824.0,,,,,,7.614999999999998,7.785477973617051,,,,7.785477973617051,7.700238986808525,,"rgba(38, 166, 154, 0.75)",0.8823666731840842,7.7284502189231485,-0.18524069855599393,64.23973193209017,18.976724051263602,True,False,True,False,False,1.2469993527788752,0.0,0.0,0.0,0.0,0,0.8856694012916736,0.8678652469890034,False,False,False,False,-0.11019962640326955,-0.11731678552028696,False,False,False,False,497095.0,376376.8061415263,False,False,False,False,45835.66189927295,False,False,False,False
2024-07-24 17:00:00+00:00,5.94,6.57,5.615,5.82,405527.0,,,,,,6.286171122498651,7.627384481762596,,,,7.627384481762596,6.956777802130624,,"rgba(239, 83, 80, 0.5)",0.8766408707197144,7.385738546435882,-1.7860661061244205,49.85926899974159,5.744108760869679,False,False,False,True,False,0.0,0.0,0.0,0.0,0.0,0,0.8583401807723907,0.8818405916187346,False,False,False,False,-0.34282825441539394,-0.23007251996784045,False,False,False,False,91568.0,371961.1657362313,False,False,False,False,51412.271792307474,False,False,False,False
2024-07-25 17:00:00+00:00,5.895,6.005,5.835,5.875,66851.0,,,,,,6.240603204804942,7.602582628418194,,,,7.602582628418194,6.9215929166115675,,"rgba(239, 83, 80, 1.0)",0.8662525535237917,7.362131479240399,-1.7167412357873701,40.875008186474105,-1.8424970706651962,False,True,False,True,False,0.0,0.0,0.0,0.0,0.0,0,0.8600823045267487,0.9051851851851852,False,False,False,False,-0.34282825441539394,-0.2864503871916172,False,False,False,False,158419.0,368650.4344845068,False,False,False,False,51651.63191955852,False,False,False,False
2024-07-26 17:00:00+00:00,5.98,6.045,5.885,5.995,67917.0,,,,,,6.211838372515158,7.579115483882107,,,,7.579115483882107,6.895476928198632,,"rgba(239, 83, 80, 1.0)",0.8568737699671177,7.341838437089132,-1.5718049545860373,36.25401087987203,-5.398195248012627,False,True,False,True,False,0.0,0.0,0.0,0.0,0.0,0,0.8660743665679496,0.8998025666337611,False,False,False,False,-0.3357832000839274,-0.31111679363777234,False,False,False,False,226336.0,366444.0091436617,False,False,False,False,51903.80816886768,False,False,False,False
2024-07-29 17:00:00+00:00,5.915,5.98,5.865,5.945,54695.0,,,,,,6.189229347495552,7.560186658308733,,,,7.560186658308733,6.874708002902143,,"rgba(239, 83, 80, 1.0)",0.8499620182293065,7.325204128376142,-1.6238421232650706,32.95405526452174,-8.020275613989526,False,True,False,True,False,0.0,0.0,0.0,0.0,0.0,0,0.8762664009300778,0.8976914133864807,False,False,False,False,-0.34243600771798177,-0.32677640067787705,False,False,False,False,171641.0,363423.80745151185,False,False,False,False,51947.08246082322,False,False,False,False
2024-07-30 17:00:00+00:00,5.89,6.01,5.81,5.96,91328.0,,,,,,6.158213926635296,7.529467557754505,,,,7.529467557754505,6.843840742194901,,"rgba(239, 83, 80, 1.0)",0.8383136762691061,7.29876223658978,-1.5969705308255346,30.954223147635993,-9.747311124447279,False,True,False,True,False,0.0,0.0,0.0,0.0,0.0,0,0.8719907023078197,0.8972272953677571,False,False,False,False,-0.34282825441539394,-0.3348023275466355,False,False,False,False,262969.0,361866.36857629457,False,False,False,False,52557.639321895724,False,False,False,False
2024-07-31 17:00:00+00:00,6.0,6.16,5.965,6.035,99109.0,,,,,,6.146296931731806,7.499945588163084,,,,7.499945588163084,6.823121259947445,,"rgba(239, 83, 80, 1.0)",0.825718098613796,7.276261017210818,-1.5032503457228683,30.68864050377602,-10.183684304924007,False,True,False,True,False,0.0,0.0,0.0,0.0,0.0,0,0.8801858612678389,0.8921340856289413,False,False,False,False,-0.31913097260524387,-0.3269666500759397,False,False,False,False,362078.0,361869.6496836388,False,False,False,False,53279.365844036874,False,False,False,False
2024-08-01 17:00:00+00:00,6.05,6.19,5.985,6.105,53279.0,,,,,,6.143248032658764,7.4849834892207765,,,,7.4849834892207765,6.814115760939771,,"rgba(239, 83, 80, 1.0)",0.8119349150678955,7.265285461524236,-1.429037525042522,31.53627393261891,-10.183684304924007,False,True,False,True,False,0.0,0.0,0.0,0.0,0.0,0,0.8882245474173721,0.8873941205779771,False,False,False,False,-0.315279668482793,-0.32112315927936635,False,False,False,False,415357.0,362698.91092885373,False,False,False,False,53279.3601720363,False,False,False,False
2024-08-02 17:00:00+00:00,5.775,5.785,5.62,5.62,33199.0,,,,,,6.127033475222578,7.473065783983016,,,,7.473065783983016,6.800049629602797,,"rgba(239, 83, 80, 1.0)",0.8029941828292795,7.2539033479286585,-2.0347636170560333,29.271806924369237,-12.36261756428172,False,True,False,True,False,0.0,0.0,0.0,0.0,0.0,0,0.8765513817640241,0.8993877213304651,False,False,False,False,-0.34282825441539394,-0.33197570684738015,False,False,False,False,382158.0,363000.6022322824,False,False,False,False,52968.036758516355,False,False,False,False
2024-08-05 17:00:00+00:00,5.185,5.225,5.125,5.225,53152.0,,,,,,6.077900606230706,7.449266732741927,,,,7.449266732741927,6.763583669486317,,"rgba(239, 83, 80, 1.0)",0.8085052273811888,7.092173320573824,-2.309414036346733,26.197951465697233,-15.702078543459514,False,True,False,True,False,0.0,0.0,0.0,0.0,0.0,0,0.8697643979057589,0.9093586387434556,False,False,False,False,-0.34282825441539394,-0.33740198063138704,False,False,False,False,329006.0,362473.5541356579,False,False,False,False,52970.88890179517,False,False,False,False
2024-08-06 17:00:00+00:00,5.425,5.505,5.405,5.405,31870.0,,,,,,6.058371993575735,7.436766718613165,,,,7.436766718613165,6.74756935609445,,"rgba(239, 83, 80, 1.0)",0.8049386300819482,7.08665065653568,-2.089166296273389,26.510242491461955,-15.852544747875761,False,True,False,True,False,0.0,0.0,0.0,0.0,0.0,0,0.8757531346686204,0.9039244422732454,False,False,False,False,-0.3053323331378784,-0.3213671568846327,False,False,False,False,360876.0,362448.78585448494,False,False,False,False,52643.743337426255,False,False,False,False
2024-08-07 17:00:00+00:00,5.315,5.315,5.2,5.22,29727.0,,,,,,6.035847909008538,7.424132005778006,,,,7.424132005778006,6.729989957393272,,"rgba(239, 83, 80, 1.0)",0.8028994304989269,7.073645491121506,-2.3086895079370513,25.877830745882214,-17.023368456639837,False,True,False,True,False,0.0,0.0,0.0,0.0,0.0,0,0.8693884189980479,0.9116785946649317,False,False,False,False,-0.3316878809679944,-0.32652751892631354,False,False,False,False,331149.0,361963.517856741,False,False,False,False,52288.444991109565,True,False,False,False
2024-08-08 17:00:00+00:00,5.31,5.58,5.305,5.485,53019.0,,,,,,6.008588528568356,7.404109600991666,,,,7.404109600991666,6.706349064780011,,"rgba(239, 83, 80, 1.0)",0.7900064545294576,7.059367229352042,-1.9928536283792313,28.729471326801413,-17.023368456639837,False,True,False,True,False,0.0,0.0,0.0,0.0,0.0,0,0.8684509326845089,0.908191403081914,False,False,False,False,-0.3069879182658977,-0.31675771859610563,False,False,False,False,384168.0,362307.77339384577,False,False,False,False,52299.771425355924,False,False,False,False
2024-08-09 17:00:00+00:00,5.45,5.57,5.42,5.435,26831.0,,,,,,5.996175135491956,7.394225425162323,,,,7.394225425162323,6.695200280327139,,"rgba(239, 83, 80, 0.75)",0.7727160475168716,7.051892591517241,-2.0924796329947295,30.321758778203822,-17.023368456639837,False,True,False,True,True,0.0,0.0,0.0,0.0,0.0,0,0.8767680052024058,0.9060315395870592,False,False,False,False,-0.30004530487535724,-0.30840151173573144,False,False,False,False,357337.0,362230.7071396776,False,False,False,False,51904.90675209459,False,False,False,False
2024-08-12 17:00:00+00:00,5.505,5.525,5.41,5.41,22309.0,,,,,,5.985779237128467,7.385970762701444,,,,7.385970762701444,6.685874999914955,,"rgba(239, 83, 80, 0.75)",0.7466090007493924,7.045197655316005,-2.190166008814133,31.2167737292488,-17.023368456639837,False,True,False,True,True,0.0,0.0,0.0,0.0,0.0,0,0.8708001947735753,0.9084564194124329,False,False,False,False,-0.30367837008324666,-0.30603994090948905,False,False,False,False,335028.0,361808.9597421632,False,False,False,False,51446.05548462025,False,False,False,False
2024-08-13 17:00:00+00:00,5.475,5.475,5.405,5.475,22132.0,,,,,,5.975910072532072,7.377864475085437,,,,7.377864475085437,6.676887273808754,,"rgba(239, 83, 80, 0.75)",0.7199351384698555,7.038577019580292,-2.171830399754493,32.74656039482706,-17.023368456639837,False,True,False,True,True,0.0,0.0,0.0,0.0,0.0,0,0.8684382132376913,0.9158787088359963,False,False,False,False,-0.3073192309492201,-0.30667958592935457,False,False,False,False,357160.0,361736.8828469358,False,False,False,False,50991.57400423854,False,False,False,False
2024-08-14 17:00:00+00:00,5.475,5.55,5.455,5.53,17794.0,,,,,,5.969114252682365,7.371597658084605,,,,7.371597658084605,6.670355955383485,,"rgba(239, 83, 80, 0.75)",0.6888417815434881,7.0338220290423,-2.1831167465955463,34.584991518418164,-20.872139554303743,False,True,False,True,True,0.0,0.0,0.0,0.0,0.0,0,0.8711886515571498,0.9098320560900052,False,False,False,False,-0.2990558059851262,-0.3028676959572404,False,False,False,False,374954.0,361941.79939194454,False,False,False,False,50476.882934405374,False,False,False,False
2024-08-15 17:00:00+00:00,5.745,5.875,5.73,5.74,17875.0,,,,,,5.966397759757686,7.36625229126201,,,,7.36625229126201,6.666325025509848,,"rgba(239, 83, 80, 0.75)",0.6739901555139634,7.031482745779331,-1.916174494855177,38.71499505201511,-16.77244684877413,False,True,False,True,True,0.0,0.0,0.0,0.0,0.0,0,0.8718155433731052,0.9055143502096099,False,False,False,False,-0.2599168422196073,-0.28139226908842385,False,False,False,False,392829.0,362420.6707192012,False,False,False,False,49971.427385034745,False,False,False,False
2024-08-16 17:00:00+00:00,5.735,5.76,5.705,5.74,11389.0,,,,,,5.964280687195892,7.362765462570532,,,,7.362765462570532,6.663523074883212,,"rgba(239, 83, 80, 0.75)",0.6651718398854416,7.029630708586304,-1.938793303108576,41.46833074107974,-14.094345982547487,False,True,False,True,True,0.0,0.0,0.0,0.0,0.0,0,0.8709625322997414,0.9123062015503877,False,False,False,False,-0.26897578830506064,-0.27518402869674224,False,False,False,False,392829.0,362892.117684795,False,False,False,False,49373.250216274515,False,False,False,False
2024-08-19 17:00:00+00:00,5.755,5.78,5.725,5.745,13213.0,,,,,,5.962030130202538,7.35877594041766,,,,7.35877594041766,6.6604030353100985,,"rgba(239, 83, 80, 0.75)",0.6621817814707067,7.027514331458397,-1.9368009923346583,43.37873818033215,-12.200622504891541,False,True,False,True,True,0.0,0.0,0.0,0.0,0.0,0,0.8684807256235825,0.9154518950437318,False,False,False,False,-0.26638317655111016,-0.2707836026239262,False,False,False,False,406042.0,363561.1081082865,False,False,False,False,48812.62618191367,False,False,False,False
2024-08-20 17:00:00+00:00,5.795,5.865,5.775,5.83,12631.0,,,,,,5.960651426162503,7.355153562421047,,,,7.355153562421047,6.6579024942917755,,"rgba(239, 83, 80, 0.75)",0.6590142994251749,7.025874100462334,-1.8146405950605857,45.97099456654949,-9.655095065308721,False,True,False,True,True,0.0,0.0,0.0,0.0,0.0,0,0.8638925729442968,0.9217506631299736,False,False,False,False,-0.25765866419486894,-0.26422113340939757,False,False,False,False,418673.0,364415.5560445921,False,False,False,False,48251.67073723284,False,False,False,False
2024-08-21 17:00:00+00:00,5.785,5.85,5.755,5.82,9246.0,,,,,,5.959551094589207,7.352486907469047,,,,7.352486907469047,6.656019001029128,,#000000,0.6609566844648339,7.02456506521311,-1.822456892448901,47.53173558024851,-8.055291093551375,False,True,False,False,True,0.0,0.0,0.0,0.0,0.0,0,0.8735978570232712,0.9152854511970536,False,False,False,False,-0.2599168422196073,-0.26206898781450244,False,False,False,False,409427.0,365113.407888862,False,False,False,False,47646.931656035435,False,False,False,False
2024-08-22 17:00:00+00:00,5.765,5.785,5.725,5.765,21830.0,,,,,,5.9561767186711405,7.346024521952624,,,,7.346024521952624,6.651100620311882,,#000000,0.664049093213902,7.0208633230796185,-1.8912205978648673,47.6051814530241,-7.740708447944016,False,True,False,False,True,0.0,0.0,0.0,0.0,0.0,0,0.8757585974376263,0.9135198921105867,False,False,False,False,-0.2660593466109083,-0.26406416721270537,False,False,False,False,387597.0,365461.99071229046,False,False,False,False,47246.66914974031,False,False,False,False
2024-08-23 17:00:00+00:00,5.885,5.91,5.84,5.865,19433.0,,,,,,5.954933675451743,7.340723161696702,,,,7.340723161696702,6.647828418574223,,#000000,0.6660305163043628,7.018453405335437,-1.7318326669709705,49.480509742000606,-5.684749857214101,False,False,False,False,True,0.0,0.0,0.0,0.0,0.0,0,0.8728684788114129,0.9162586527097756,False,False,False,False,-0.2505781262385122,-0.2573211467256088,False,False,False,False,407030.0,366106.45597256505,False,False,False,False,46815.449473000146,False,False,False,False
2024-08-26 17:00:00+00:00,6.015,6.03,5.97,5.975,24446.0,,,,,,5.955601004043224,7.334648494320719,,,,7.334648494320719,6.645124749181972,,"rgba(38, 166, 154, 0.5)",0.6638835239206806,7.0165145835124845,-1.568821255514277,52.52145347011083,-2.625686724824135,False,False,True,False,True,0.0,0.0,0.0,0.0,0.0,0,0.8693229782204961,0.9182846530474422,False,False,False,False,-0.23457590916507226,-0.24594852794534053,False,False,False,False,431476.0,367119.9372753159,False,False,False,False,46468.63630287611,False,False,False,False
2024-08-27 17:00:00+00:00,5.945,5.995,5.92,5.965,14241.0,,,,,,5.9556470718582535,7.3310520033671445,,,,7.3310520033671445,6.643349537612699,,"rgba(38, 166, 154, 0.5)",0.6614643868986014,7.01509294872292,-1.5875275668981603,54.321928787685884,-0.7877769124701501,False,False,True,False,True,0.0,0.0,0.0,0.0,0.0,0,0.8674821610601425,0.9220183486238535,False,False,False,False,-0.24000304891038413,-0.24297578842786233,False,False,False,False,417235.0,367896.9149919777,False,False,False,False,45968.98302686253,False,False,False,False
2024-08-28 17:00:00+00:00,5.915,5.92,5.835,5.9,12371.0,,,,,,5.955010174376944,7.327772941424679,,,,7.327772941424679,6.641391557900811,,"rgba(38, 166, 154, 0.5)",0.6600145029801632,7.013427188953771,-1.6869738224331636,54.011180612300734,-0.7877769124701501,False,False,True,False,True,0.0,0.0,0.0,0.0,0.0,0,0.8537005163511185,0.9330464716006884,False,False,False,False,-0.2502568726804228,-0.24661633055414256,False,False,False,False,404864.0,368470.04809287726,False,False,False,False,45448.084065205745,False,False,False,False
2024-08-29 17:00:00+00:00,5.915,6.0,5.85,5.87,32166.0,,,,,,5.953902930828072,7.319443201670347,,,,7.319443201670347,6.636673066249209,,"rgba(38, 166, 154, 0.5)",0.6585028542147837,7.009248339471081,-1.7300583166485297,53.10906797759418,-0.7877769124701501,False,False,True,False,True,0.0,0.0,0.0,0.0,0.0,0,0.8629256428075052,0.929638637943016,False,False,False,False,-0.2441625792756808,-0.24538945491491168,False,False,False,False,372698.0,368535.59773484815,False,False,False,False,45242.16028124907,False,False,False,False
2024-08-30 17:00:00+00:00,5.945,5.975,5.9,5.93,38120.0,,,,,,5.95340340380241,7.309892627242577,,,,7.309892627242577,6.631648015522494,,"rgba(38, 166, 154, 0.5)",0.6593624958252544,7.004505554031542,-1.6296127863425074,53.81861871615388,-0.596209431312559,False,False,True,False,True,0.0,0.0,0.0,0.0,0.0,0,0.8663064319330659,0.923653477427227,False,False,False,False,-0.24256178671590622,-0.24397562081540897,False,False,False,False,410818.0,369191.1388552381,False,False,False,False,45131.7391916173,False,False,False,False
2024-09-02 17:00:00+00:00,5.93,5.93,5.93,5.93,0.0,,,,,,5.95340340380241,7.309892627242577,,,,7.309892627242577,6.631648015522494,,"rgba(38, 166, 154, 0.5)",0.6613958212995001,7.004505554031542,-1.6246028768678504,54.291652541860344,0.17575651132320758,False,False,True,False,True,0.0,0.0,0.0,0.0,0.0,0,0.8760155422112326,0.9231720240197812,False,False,False,False,-0.24352211542989338,-0.24374886812265117,False,False,False,False,410818.0,369836.5165474049,False,False,False,False,44432.02230492556,False,False,False,False
2024-09-03 17:00:00+00:00,6.075,6.11,6.01,6.07,21903.0,,,,,,5.955047593131421,7.30497109907339,,,,7.30497109907339,6.630009346102405,,"rgba(38, 166, 154, 1.0)",0.6620956899895291,7.002743385909846,-1.4087742905026266,57.48042056990797,3.4016001326223133,True,False,True,False,True,0.0,0.0,0.0,0.0,0.0,0,0.8779583186153301,0.9196397032850584,False,False,False,False,-0.22693702398595775,-0.23534294605430445,False,False,False,False,432721.0,370811.4697792281,False,False,False,False,44082.73513740733,False,False,False,False
2024-09-04 17:00:00+00:00,6.17,6.24,6.135,6.235,11938.0,,,,,,5.957055250564732,7.302605613616409,,,,7.302605613616409,6.6298304320905705,,"rgba(38, 166, 154, 1.0)",0.6623021547180351,7.002360874442454,-1.1586265709329386,62.056717877529024,7.707148906653629,True,False,True,False,True,0.0,0.0,0.0,0.0,0.0,0,0.8789752650176678,0.9155477031802123,False,False,False,False,-0.21078930235455556,-0.22306612420443,False,False,False,False,444659.0,371956.3927283873,False,False,False,False,43584.36715078086,False,False,False,False
2024-09-05 17:00:00+00:00,6.165,6.23,6.15,6.195,8701.0,,,,,,5.9584298385840535,7.300869692020218,,,,7.300869692020218,6.629649765302135,,"rgba(38, 166, 154, 1.0)",0.6626271898985135,7.002020147057853,-1.2179097980894114,63.860050916329484,9.330852338911633,True,False,True,False,True,0.0,0.0,0.0,0.0,0.0,0,0.8808427762039658,0.9125354107648727,False,False,False,False,-0.21047378683863935,-0.21676995552153466,False,False,False,False,435958.0,372948.6657093425,False,False,False,False,43043.53975309433,False,False,False,False
2024-09-06 17:00:00+00:00,6.165,6.305,6.16,6.225,21450.0,,,,,,5.962296495136239,7.296760419583047,,,,7.296760419583047,6.629528457359643,,"rgba(38, 166, 154, 1.0)",0.6628508046228784,7.0013968016910155,-1.1712994783686477,65.52275456917644,10.893490621383435,True,False,True,False,True,0.0,0.0,0.0,0.0,0.0,0,0.8814278141014311,0.90811097367026,False,False,False,False,-0.20511628304453938,-0.21094311928303702,False,False,False,False,457408.0,374258.1127526085,False,False,False,False,42708.75619103085,False,False,False,False
2024-09-09 17:00:00+00:00,6.405,6.405,6.165,6.195,19717.0,,,,,,5.966077854211426,7.29309873854454,,,,7.29309873854454,6.6295882963779835,,"rgba(38, 166, 154, 1.0)",0.663167039683465,7.000898586970859,-1.2152271430068666,65.58490688236729,11.07055642412682,True,False,True,False,True,0.0,0.0,0.0,0.0,0.0,0,0.8790763264586635,0.9090428344791117,False,False,False,False,-0.19851415086989338,-0.20472863507646522,False,False,False,False,437691.0,375241.56836884713,False,False,False,False,42352.294854735796,False,False,False,False
2024-09-10 17:00:00+00:00,6.195,6.36,6.185,6.265,32263.0,,,,,,5.97236945854636,7.287248097465088,,,,7.287248097465088,6.629808778005724,,"rgba(38, 166, 154, 1.0)",0.6630013112647265,7.000058929167013,-1.1086839749454358,66.84809562136101,12.461544940864407,True,False,True,False,True,0.0,0.0,0.0,0.0,0.0,0,0.8850432632880098,0.9071163694155042,False,False,False,False,-0.20008451774326655,-0.20240657640986587,False,False,False,False,469954.0,376709.9781615782,False,False,False,False,42195.87167869338,False,False,False,False
2024-09-11 17:00:00+00:00,6.295,6.43,6.27,6.4,41621.0,,,,,,5.982625611127187,7.2805064855719905,,,,7.2805064855719905,6.631566048349589,,"rgba(38, 166, 154, 1.0)",0.6624081646361135,7.000009817058827,-0.9058007571335348,69.6119842792933,15.2062986179794,True,False,True,False,True,0.0,0.0,0.0,0.0,0.0,0,0.8865961199294531,0.9056437389770724,False,False,False,False,-0.19036361853552022,-0.19638509747269306,False,False,False,False,511575.0,378800.90873271646,False,False,False,False,42186.95893948883,False,False,False,False
2024-09-12 17:00:00+00:00,6.425,6.44,6.295,6.3,26512.0,,,,,,5.988531856372904,7.2761628123992255,,,,7.2761628123992255,6.632347334386065,,"rgba(38, 166, 154, 1.0)",0.6623830306395895,6.999596123287987,-1.056180624996485,68.05818312237383,15.2062986179794,True,False,True,False,True,0.0,0.0,0.0,0.0,0.0,0,0.8833922261484097,0.9095406360424029,False,False,False,False,-0.18817355096671987,-0.19227932421970645,False,False,False,False,485063.0,380448.3830159302,False,False,False,False,41943.93632027195,False,False,False,False
2024-09-13 17:00:00+00:00,6.325,6.355,6.255,6.34,16347.0,,,,,,5.991796675666596,7.273423714344673,,,,7.273423714344673,6.632610195005634,,"rgba(38, 166, 154, 0.75)",0.6620574877736262,6.999128575776451,-0.9955760458098221,67.69423543633451,15.2062986179794,True,False,True,False,False,0.0,0.0,0.0,0.0,0.0,0,0.8780358092536783,0.918454174791704,False,False,False,False,-0.19600356922880557,-0.194141446724256,False,False,False,False,501410.0,382323.75692265993,False,False,False,False,41547.084594376254,False,False,False,False
2024-09-16 17:00:00+00:00,6.775,7.045,6.76,7.01,105177.0,,,,,,6.0487447151364915,7.2673799914212625,,,,7.2673799914212625,6.658062353278877,,"rgba(38, 166, 154, 1.0)",0.6661418632558608,7.015056322281652,-0.007590458670378665,73.17846996879301,18.640834305475707,True,False,True,False,True,4.298065486371289,0.0,0.0,0.0,0.0,0,0.8846019553072624,0.9109636871508381,False,False,False,False,-0.12197368636223964,-0.15805756654324782,False,False,False,False,606587.0,385800.706427735,False,False,False,False,42533.59491074251,False,False,False,False
2024-09-17 17:00:00+00:00,6.96,7.2,6.96,7.18,55456.0,,,,,,6.081477877596162,7.265928842117088,,,,7.265928842117088,6.673703359856625,,"rgba(38, 166, 154, 1.0)",0.6721565602160328,7.0248895166470815,0.23076540873612142,77.51772651311211,22.544922374399846,True,False,True,False,True,6.100239334355283,0.0,0.0,0.0,0.0,0,0.8906304423545802,0.9049111807732498,False,False,False,False,-0.10027066157764421,-0.129164114060446,False,False,False,False,662043.0,390083.5326846693,False,False,False,False,42733.94227646743,False,False,False,False
2024-09-18 17:00:00+00:00,7.86,8.11,7.815,8.035,154200.0,,,,,,6.231533430142234,7.284325699880331,,,,7.284325699880331,6.757929565011283,,"rgba(38, 166, 154, 1.0)",0.6981815182547015,7.084157638999186,1.3618841750175632,82.35430304151564,26.81824559125873,True,False,True,False,True,14.070688147769236,0.0,0.0,0.0,0.0,0,0.9013224821973549,0.8970837572058327,False,False,False,False,0.006642360511846581,-0.06126087677429971,False,False,False,False,816243.0,396690.656208938,False,False,False,False,44462.098210165605,False,False,False,False
2024-09-19 17:00:00+00:00,7.915,8.325,7.825,8.185,105945.0,,,,,,6.32805206353729,7.298584947936467,,,,7.298584947936467,6.813318505736879,,"rgba(38, 166, 154, 1.0)",0.7270251306114172,7.1843022817687245,1.3764279611486117,85.7832074956733,29.765219778622324,True,False,True,False,True,15.306887067836158,0.0,0.0,0.0,0.0,0,0.9006377979187645,0.8945955018462574,False,False,False,False,0.020231481745551453,-0.020514697514374132,False,False,False,False,922188.0,404837.90184910945,False,False,False,False,45415.32149372893,False,False,False,False
2024-09-20 17:00:00+00:00,8.125,8.285,8.035,8.035,45799.0,,,,,,6.3669195828057745,7.304647346174763,,,,7.304647346174763,6.835783464490269,,"rgba(38, 166, 154, 1.0)",0.7495660786790673,7.198848356395855,1.1155142520292065,85.60858592632205,29.765219778622324,True,False,True,False,True,13.475174030317902,0.0,0.0,0.0,0.0,0,0.9069767441860465,0.9059656218402429,False,False,False,False,0.030503503750101614,0.004994403117863741,False,False,False,False,876389.0,412148.7715878829,False,False,False,False,45421.269997702126,False,False,False,False
2024-09-23 17:00:00+00:00,7.965,8.03,7.93,8.005,24927.0,,,,,,6.385854864728961,7.307388226123102,,,,7.307388226123102,6.846621545426031,,"rgba(38, 166, 154, 1.0)",0.7700859902844874,7.204563029202481,1.0394124563957077,84.99163283427605,29.765219778622324,True,False,True,False,True,13.11044705154286,0.0,0.0,0.0,0.0,0,0.8983516483516482,0.9256524725274727,False,False,False,False,0.008755935763324738,0.0068751694405942395,False,False,False,False,851462.0,418959.82939272193,False,False,False,False,45103.52937758271,False,False,False,False
2024-09-24 17:00:00+00:00,8.065,8.09,7.995,8.075,46123.0,,,,,,6.421124516934079,7.31288082743261,,,,7.31288082743261,6.867002672183345,,"rgba(38, 166, 154, 1.0)",0.7901117494231963,7.216898686215289,1.086050567418025,84.81957620657332,29.765219778622324,True,False,True,False,True,13.711998302908299,0.0,0.0,0.0,0.0,0,0.8877356858674968,0.9335755059678258,False,False,False,False,0.01853802847531103,0.012706598957952635,False,False,False,False,897585.0,426380.3746734549,False,False,False,False,45119.3351236667,False,False,False,False
2024-09-25 17:00:00+00:00,7.995,8.08,7.96,8.03,47341.0,,,,,,6.455169433492644,7.318209956020953,,,,7.318209956020953,6.886689694756798,,"rgba(38, 166, 154, 0.75)",0.8088307543542074,7.2285489447253894,0.9908760899114307,83.83284018088827,29.765219778622324,True,False,True,False,False,13.149960137826884,0.0,0.0,0.0,0.0,0,0.8828596037898362,0.9276485788113698,False,False,False,False,0.02681401867364075,0.01976030881579669,False,False,False,False,850244.0,432951.903748285,False,False,False,False,45153.77954035404,False,False,False,False
2024-09-26 17:00:00+00:00,8.135,8.14,8.055,8.13,29283.0,,,,,,6.476615924465433,7.321859039689431,,,,7.321859039689431,6.899237482077432,,"rgba(38, 166, 154, 0.75)",0.8282371760672341,7.236685238935602,1.0785736101658425,83.60953472388752,29.765219778622324,True,False,True,False,False,14.025931742155763,0.0,0.0,0.0,0.0,0,0.8920651420651419,0.9242896742896746,False,False,False,False,0.04547657256973525,0.03261844069276597,False,False,False,False,879527.0,439875.54865141236,False,False,False,False,44907.72094282917,False,False,False,False
2024-09-27 17:00:00+00:00,8.215,8.275,8.155,8.25,37620.0,,,,,,6.505304943350618,7.327195818777164,,,,7.327195818777164,6.916250381063891,,"rgba(38, 166, 154, 0.75)",0.8502569140088344,7.24860735904319,1.1777530114226222,83.95696670147427,29.765219778622324,True,False,True,False,False,15.065333172586932,0.0,0.0,0.0,0.0,0,0.8996172581767571,0.9140570633263746,False,False,False,False,0.060614263513711485,0.04661635210323872,False,False,False,False,917147.0,447275.1060366618,False,False,False,False,44794.73302123492,False,False,False,False
2024-09-30 17:00:00+00:00,8.205,8.205,7.99,8.15,38303.0,,,,,,6.531731083870876,7.3318986021231725,,,,7.3318986021231725,6.931814842997024,,"rgba(38, 166, 154, 0.75)",0.8689047522418525,7.258548408202712,1.0259485743371333,82.02837029455586,29.765219778622324,True,False,True,False,False,13.778452184442113,0.0,0.0,0.0,0.0,0,0.8981659388646287,0.9180786026200877,False,False,False,False,0.04547657256973525,0.04604646233648699,False,False,False,False,878844.0,453966.09664074454,False,False,False,False,44694.08599764988,False,False,False,False
2024-10-01 17:00:00+00:00,8.275,8.325,8.235,8.265,33087.0,,,,,,6.55610714536766,7.336736826018204,,,,7.336736826018204,6.946421985692933,,"rgba(38, 166, 154, 0.75)",0.8894118767401822,7.26882403584373,1.1200389720535253,81.39837131096172,29.765219778622324,True,False,True,False,False,14.788019774173826,0.0,0.0,0.0,0.0,0,0.8998946259220232,0.9144713733754832,False,False,False,False,0.06899979708517602,0.057523129710831504,False,False,False,False,911931.0,461066.32770057797,False,False,False,False,44514.13117598089,False,False,False,False
2024-10-02 17:00:00+00:00,8.175,8.225,8.14,8.185,16234.0,,,,,,6.567194957112456,7.33886242052402,,,,7.33886242052402,6.953028688818238,,"rgba(38, 166, 154, 0.75)",0.9069580728710409,7.273188956069452,1.0053508218347347,79.21849151365039,33.10724372298971,True,False,True,False,False,13.749149392072937,0.0,0.0,0.0,0.0,0,0.8947088068181817,0.9231178977272729,False,False,False,False,0.10091601582522668,0.07921957276802909,False,False,False,False,895697.0,467804.7877362279,False,False,False,False,44075.67952984165,False,False,False,False
2024-10-03 17:00:00+00:00,8.17,8.29,8.16,8.26,26840.0,,,,,,6.585793062829996,7.3425738696542595,,,,7.3425738696542595,6.964183466242128,,"rgba(38, 166, 154, 0.75)",0.9255751803146088,7.280765577932505,1.0579739419272747,78.30971482589678,32.05939906898632,True,False,True,False,False,14.41968172256978,0.0,0.0,0.0,0.0,0,0.9129723837209303,0.9166061046511631,False,False,False,False,0.1769688605339585,0.1280942166509938,False,False,False,False,922537.0,474854.8995542709,False,False,False,False,43808.45969216968,False,False,False,False
2024-10-04 17:00:00+00:00,8.375,8.415,8.305,8.325,18723.0,,,,,,6.599384322871921,7.345465869894219,,,,7.345465869894219,6.97242509638307,,"rgba(38, 166, 154, 0.75)",0.9448054997894745,7.28665323935972,1.0990058386320234,78.17066791005051,31.695265976601263,True,False,True,False,False,15.000554273491531,0.0,0.0,0.0,0.0,0,0.9245562130177514,0.9012573964497043,False,False,False,False,0.2011682369714937,0.16463122681124376,False,False,False,False,941260.0,482085.9863828868,False,False,False,False,43419.537836477124,False,False,False,False
2024-10-07 17:00:00+00:00,8.09,8.21,8.085,8.16,16489.0,,,,,,6.6098549069354915,7.347502292488083,,,,7.347502292488083,6.978678599711787,,"rgba(38, 166, 154, 0.75)",0.9596182283304909,7.290645514590528,0.9059378612700424,74.30303720428877,27.929359265768838,True,False,True,False,False,12.8194103069799,0.0,0.0,0.0,0.0,0,0.9300037133308577,0.9023393984404011,False,False,False,False,0.16471046339749645,0.1646708451043701,False,False,False,False,924771.0,488949.31992733816,False,False,False,False,43002.01011808212,False,False,False,False
2024-10-08 17:00:00+00:00,8.185,8.19,8.065,8.065,40395.0,,,,,,6.6341871831049035,7.3521711929700455,,,,7.3521711929700455,6.993179188037475,,"rgba(38, 166, 154, 0.75)",0.972113083363686,7.299620683886396,0.7873356806033853,69.81483654670767,23.810029148241398,True,False,True,False,False,11.586579951160072,0.0,0.0,0.0,0.0,0,0.9267605633802816,0.9128638497652585,False,False,False,False,0.20111582900732342,0.18289333705584676,False,False,False,False,884376.0,495079.96613001503,False,False,False,False,42961.59135656147,False,False,False,False
2024-10-09 17:00:00+00:00,7.985,8.005,7.875,7.935,9345.0,,,,,,6.639073294061881,7.353003973952737,,,,7.353003973952737,6.996038634007309,,"rgba(38, 166, 154, 0.5)",0.9819440040180666,7.312340756908393,0.6341087073638781,64.45006312157747,19.058002507197216,False,False,True,False,False,9.921917190022018,0.0,0.0,0.0,0.0,0,0.9291800795303918,0.9026699488733195,False,False,False,False,0.1664073138103587,0.17465032543310272,False,False,False,False,875031.0,500970.6798334257,False,False,False,False,42440.40389366904,False,False,False,False
2024-10-10 17:00:00+00:00,8.015,8.12,8.0,8.11,19364.0,,,,,,6.6501479515457165,7.355128139344073,,,,7.355128139344073,7.002638045444895,,"rgba(38, 166, 154, 0.5)",0.9943365618331671,7.3221445574859825,0.792342827122358,63.19545795276339,18.13669822165481,False,False,True,False,False,11.596315568970407,0.0,0.0,0.0,0.0,0,0.9309690878058029,0.8966432770718759,False,False,False,False,0.1885698402717311,0.18161008285241692,False,False,False,False,894395.0,507070.28169647336,False,False,False,False,42082.63018989123,False,False,False,False
2024-10-11 17:00:00+00:00,7.93,7.99,7.905,7.95,42624.0,,,,,,6.671794438417826,7.358936334481498,,,,7.358936334481498,7.015365386449663,,"rgba(38, 166, 154, 0.5)",1.0034387810860177,7.325960383112692,0.6219010353695047,59.64718158848902,14.958912448346084,False,True,True,False,False,9.566401043205726,0.0,0.0,0.0,0.0,0,0.9246965098634293,0.8952959028831564,False,False,False,False,0.1677875181270632,0.17469880048974007,False,False,False,False,851771.0,512414.47887947375,False,False,False,False,42091.02352028051,False,False,False,False
2024-10-14 17:00:00+00:00,8.4,8.44,8.185,8.235,58757.0,,,,,,6.708079240420426,7.36707428461863,,,,7.36707428461863,7.037576762519528,,"rgba(38, 166, 154, 0.5)",1.0167534359664365,7.349616050508222,0.8707951388924586,60.630909816658466,14.958912448346084,False,True,True,False,False,12.240376803509925,0.0,0.0,0.0,0.0,0,0.9225709453110317,0.8909979327194139,False,False,False,False,0.23583649337292623,0.20526764693133315,False,False,False,False,910528.0,518586.7815325052,False,False,False,False,42349.41075252422,False,False,False,False
2024-10-15 17:00:00+00:00,8.405,8.425,8.33,8.395,40403.0,,,,,,6.733568812888101,7.373167408151584,,,,7.373167408151584,7.053368110519843,,"rgba(38, 166, 154, 0.5)",1.032832203390447,7.364550738434273,0.9976928083604499,62.757417556889216,14.958912448346084,False,False,True,False,True,13.67598615339827,0.0,0.0,0.0,0.0,0,0.9297916275577246,0.8792941618171579,False,False,False,False,0.248165258568566,0.22671645274994956,False,False,False,False,950931.0,525289.7926715361,False,False,False,False,42319.23384163237,False,False,False,False
2024-10-16 17:00:00+00:00,8.475,8.49,8.425,8.46,32906.0,,,,,,6.75468057214483,7.378440649349727,,,,7.378440649349727,7.0665606107472785,,"rgba(38, 166, 154, 0.5)",1.0495640450609434,7.419240474853489,0.991611259974211,64.73762211635123,14.958912448346084,False,False,True,False,True,14.252029312842428,0.0,0.0,0.0,0.0,0,0.9305607828377869,0.8780579601053822,False,False,False,False,0.26344170558349284,0.2450790791667212,False,False,False,False,983837.0,532399.0516998844,False,False,False,False,42173.29223168458,False,False,False,False
2024-10-17 17:00:00+00:00,8.445,8.47,8.345,8.36,41471.0,,,,,,6.779549701295487,7.384608099261221,,,,7.384608099261221,7.082078900278354,,"rgba(38, 166, 154, 0.5)",1.0637592569546748,7.429236571225646,0.8749756325871504,64.19519583171346,14.958912448346084,False,False,True,False,True,12.955012478637297,0.0,0.0,0.0,0.0,0,0.9373699148533584,0.8777672658467361,False,False,False,False,0.25388027399495433,0.24947967658083775,False,False,False,False,942366.0,538755.1284177155,False,False,False,False,42162.403980030555,False,False,False,False
2024-10-18 17:00:00+00:00,8.175,8.235,8.145,8.165,27320.0,,,,,,6.793443185153914,7.387791473641434,,,,7.387791473641434,7.0906173293976735,,"rgba(38, 166, 154, 0.5)",1.073771067921981,7.4300685941578415,0.6844395679839242,60.64828514546493,14.958912448346084,False,True,True,False,False,10.483192808492362,0.0,0.0,0.0,0.0,0,0.9324018126888215,0.8855740181268883,False,False,False,False,0.21278837041458099,0.23113402349770937,False,False,False,False,915046.0,544589.0954189912,False,False,False,False,41932.289189642484,False,False,False,False
2024-10-21 17:00:00+00:00,8.275,8.345,8.15,8.18,26593.0,,,,,,6.807119003920802,7.391033620357397,,,,7.391033620357397,7.099076312139099,,"rgba(38, 166, 154, 0.5)",1.083522421474444,7.433608598321391,0.688856443471588,58.48391685477482,13.936018233007957,False,True,True,False,False,10.625197492922808,0.0,0.0,0.0,0.0,0,0.9328568741771676,0.880007523039308,False,False,False,False,0.22357772535402048,0.2273558744258649,False,False,False,False,941639.0,550744.9078931153,False,False,False,False,41694.47075259376,False,False,False,False
2024-10-22 17:00:00+00:00,8.14,8.17,8.1,8.12,18628.0,,,,,,6.8159126277940025,7.3930327736280805,,,,7.3930327736280805,7.1044727007110415,,"rgba(38, 166, 154, 0.5)",1.0925127784933117,7.434870008996408,0.6271139381531594,56.0481441069169,11.542853033519947,False,True,True,False,False,9.862800665850067,0.0,0.0,0.0,0.0,0,0.927187206020696,0.8895578551269993,False,False,False,False,0.20251362211775586,0.2149347482718104,False,False,False,False,923011.0,556516.4752126018,False,False,False,False,41336.85105100316,False,False,False,False
2024-10-23 17:00:00+00:00,8.055,8.11,8.005,8.07,18668.0,,,,,,6.824156428265138,7.394840636639456,,,,7.394840636639456,7.109498532452298,,"rgba(38, 166, 154, 0.5)",1.099855346754194,7.435468212791266,0.5769229463504583,53.58781568755101,9.13603792998326,False,True,True,False,False,9.225104609361992,0.0,0.0,0.0,0.0,0,0.9208592425098926,0.895609572263049,False,False,False,False,0.18810632222127655,0.20152053524654345,False,False,False,False,904343.0,561909.1345116312,False,False,False,False,40985.39599594885,False,False,False,False
2024-10-24 17:00:00+00:00,8.09,8.14,8.065,8.125,17136.0,,,,,,6.831920058597209,7.396611214669983,,,,7.396611214669983,7.114265636633596,,"rgba(38, 166, 154, 0.5)",1.1064565305759004,7.436989172840233,0.6218146019723553,52.92650038913722,8.353173793844249,False,True,True,False,False,9.775247393444374,0.0,0.0,0.0,0.0,0,0.9220877458396368,0.8988275340393344,False,False,False,False,0.19646208191572748,0.19899130858113545,False,False,False,False,921479.0,567483.8611083501,False,False,False,False,40615.63791849228,False,False,False,False
2024-10-25 17:00:00+00:00,8.045,8.055,7.98,8.035,8314.0,,,,,,6.83539997934267,7.3973631257294,,,,7.3973631257294,7.116381552536035,,#000000,1.1126046787476565,7.451988071622791,0.5240063604922504,50.846648139277406,6.186448576638,False,True,False,False,False,8.607591934098142,0.0,0.0,0.0,0.0,0,0.9181319720173945,0.8994138778597089,False,False,False,False,0.18070074755715565,0.18984602806914555,False,False,False,False,913165.0,572843.2586105462,False,False,False,False,40114.83733060867,False,False,False,False
2024-10-28 17:00:00+00:00,8.105,8.23,8.1,8.2,28256.0,,,,,,6.848583543528963,7.400527818346457,,,,7.400527818346457,7.12455568093771,,"rgba(38, 166, 154, 0.5)",1.121553547700851,7.463625413463212,0.656566588413306,52.378837131117876,6.186448576638,False,True,True,False,False,10.275341271137112,0.0,0.0,0.0,0.0,0,0.920728238194576,0.8992983121562678,False,False,False,False,0.27814579049738597,0.23399590928326575,False,False,False,False,941421.0,578557.6421979796,False,False,False,False,39930.97938749846,False,False,False,False
2024-10-29 17:00:00+00:00,8.175,8.19,8.09,8.145,22976.0,,,,,,6.858836534918696,7.402967069321604,,,,7.402967069321604,7.13090180212015,,"rgba(38, 166, 154, 0.5)",1.1280934566102452,7.466607212426387,0.6013622218961209,52.32806918721408,6.186448576638,False,True,True,False,False,9.552914869193142,0.0,0.0,0.0,0.0,0,0.9256021756021755,0.8883061383061384,False,False,False,False,0.27272803215504776,0.2533619707191568,False,False,False,False,918445.0,583827.2136367706,False,False,False,False,39668.111490017865,False,False,False,False
2024-10-30 17:00:00+00:00,8.38,8.405,8.16,8.18,53935.0,,,,,,6.8842268840031275,7.409448272404771,,,,7.409448272404771,7.146837578203949,,"rgba(38, 166, 154, 0.5)",1.1344604543669765,7.480322597859351,0.616749045281676,52.92927557855195,6.186448576638,False,True,True,False,False,9.91097600243188,0.0,0.0,0.0,0.0,0,0.9399610136452241,0.875438596491228,False,False,False,False,0.30382969521412045,0.2785958329666386,False,False,False,False,972380.0,589851.2878439524,False,False,False,False,39889.30355994007,False,False,False,False
2024-10-31 17:00:00+00:00,9.255,9.265,9.025,9.21,82523.0,,,,,,6.946305088838552,7.4298222562481095,,,,7.4298222562481095,7.188063672543331,,"rgba(38, 166, 154, 0.5)",1.1634847974399487,7.5588260289085305,1.41916248044203,62.0300310264154,6.877160777559645,False,True,True,False,True,19.09550167207157,0.0,0.0,0.0,0.0,0,0.9503223359878649,0.854948805460751,False,False,False,False,0.34282823575903143,0.310712034362835,False,False,False,False,1054903.0,597061.3919083873,False,False,False,False,40550.29110164642,False,False,False,False
2024-11-01 17:00:00+00:00,9.605,9.795,9.535,9.78,64764.0,,,,,9.703333333333335,7.003924282619335,7.45032311411606,,,9.703333333333335,7.45032311411606,8.05252691002291,,"rgba(38, 166, 154, 0.5)",1.2061311725535535,7.745703925478476,1.6866292164679118,69.82092123866498,13.760464659336257,False,False,True,False,True,20.0,-1.0,9.795,9.535,0.0,0,0.9597240350550064,0.8441170986388215,False,False,False,False,0.34282823791967915,0.32677013614125705,False,False,False,False,1119667.0,605163.8044369394,False,False,False,False,40925.69744115578,False,True,False,False
2024-11-04 17:00:00+00:00,9.605,9.61,9.26,9.265,113881.0,,,,,9.496155270695139,7.0880881247674665,7.4804164107651445,,,9.496155270695139,7.4804164107651445,8.021553268742585,,"rgba(38, 166, 154, 0.5)",1.232768608231669,7.802273214311743,1.1865379893039696,69.03548602283516,13.760464659336257,False,False,True,False,True,16.964005752237195,0.0,0.0,0.0,0.0,0,0.9512920617215094,0.8399330730619075,False,False,False,False,0.3053396881111837,0.3160549121262204,False,False,False,False,1005786.0,611375.0012673745,False,False,False,False,42056.78740330841,False,False,False,False
2024-11-05 17:00:00+00:00,9.565,9.715,9.555,9.69,67997.0,,,,,9.539487860948256,7.141255064218997,7.5004802165406605,,,9.539487860948256,7.5004802165406605,8.060407713902636,,"rgba(38, 166, 154, 0.5)",1.269591680831298,7.849350060293543,1.4497967870278132,70.28158364900699,13.760464659336257,False,False,True,False,True,19.91889540903042,0.0,0.0,0.0,0.0,0,0.955849889624724,0.8213760117733628,False,False,False,False,0.3378875517602003,0.3269712319432103,False,False,False,False,1073783.0,618544.1175267951,False,False,False,False,42458.961242016805,False,False,False,False
2024-11-06 17:00:00+00:00,9.635,9.665,9.495,9.52,119000.0,,,,,9.546163638203486,7.225916639973756,7.533231739269837,,,9.546163638203486,7.533231739269837,8.10177067248236,,"rgba(38, 166, 154, 0.5)",1.293317324828948,7.9116824331052324,1.2435599029089637,69.45287379215064,13.760464659336257,False,False,True,False,True,17.98649276984925,0.0,0.0,0.0,0.0,0,0.9549218031278748,0.8213431462741492,False,False,False,False,0.32887055278714467,0.3279208923651775,False,False,False,False,954783.0,623757.1234566122,False,False,False,False,43645.644013458405,False,False,False,False
2024-11-07 17:00:00+00:00,9.375,9.455,9.185,9.425,99404.0,,,,,9.505302238918299,7.286399158984637,7.5571144962001515,,,9.505302238918299,7.5571144962001515,8.11627196470103,,"rgba(38, 166, 154, 0.5)",1.3131850318701976,7.946035440458488,1.1262423220246558,67.96858972096237,13.760464659336257,False,False,True,False,False,16.91940350220089,0.0,0.0,0.0,0.0,0,0.9411117226197027,0.8337919647771052,False,False,False,False,0.28690890155695026,0.3074148969610639,False,False,False,False,855379.0,627348.1603022461,False,False,False,False,44510.11464890866,False,False,False,False
2024-11-08 17:00:00+00:00,9.295,9.43,9.28,9.34,20460.0,,,,,9.498757553974615,7.298395055502317,7.561939252315958,,,9.498757553974615,7.561939252315958,8.119697287264296,,"rgba(38, 166, 154, 0.5)",1.3306675761429683,7.952779066175836,1.0424999892498465,66.11563661597373,13.760464659336257,False,True,True,False,False,15.966320427590794,0.0,0.0,0.0,0.0,0,0.9443117074067265,0.8395515530233415,False,False,False,False,0.29249768432712514,0.2999562906440945,False,False,False,False,834919.0,630566.3128556996,False,False,False,False,44137.24465435193,False,False,False,False
2024-11-11 17:00:00+00:00,9.355,9.39,9.31,9.33,41726.0,,,,,9.486457027772719,7.322354127022503,7.5716624024856625,,,9.486457027772719,7.5716624024856625,8.12682451909363,,"rgba(38, 166, 154, 0.5)",1.3455857092362808,7.966118073234301,1.013597214509511,64.77118670910343,13.760464659336257,False,True,True,False,False,15.853231798642199,0.0,0.0,0.0,0.0,0,0.9459360058845161,0.8365207796984186,False,False,False,False,0.2916982056211604,0.29582724813262745,False,False,False,False,793193.0,633087.6568424329,False,False,False,False,44099.86101629996,False,False,False,False
2024-11-12 17:00:00+00:00,9.075,9.185,9.015,9.145,45467.0,,,,,9.456966777777971,7.344951835902714,7.5807871770248205,,,9.456966777777971,7.5807871770248205,8.127568596901835,,"rgba(38, 166, 154, 0.5)",1.3553890369342099,7.97526057065642,0.8630285456561192,61.83762736610723,17.68088589671683,False,True,True,False,False,13.769941003891308,0.0,0.0,0.0,0.0,0,0.9401678219627873,0.8392922291134625,False,False,False,False,0.2521607928117111,0.27399402047216925,False,False,False,False,747726.0,634864.9954960386,False,False,False,False,44121.05696953562,False,False,False,False
2024-11-13 17:00:00+00:00,8.91,8.925,8.765,8.785,59506.0,,,,,9.397483200333225,7.368973530019841,7.5903409017934225,,,9.397483200333225,7.5903409017934225,8.11893254404883,,"rgba(38, 166, 154, 0.5)",1.3588265605372987,7.97938933830938,0.5928723246122527,56.57396421385167,12.65279635953403,False,True,True,False,False,9.904109487675669,0.0,0.0,0.0,0.0,0,0.9387643521049754,0.838345179515218,False,False,False,False,0.21261221855415355,0.24330311951316141,False,False,False,False,688220.0,635692.2048681929,False,False,False,False,44359.58321806995,False,False,False,False
2024-11-14 17:00:00+00:00,8.81,8.86,8.75,8.76,26551.0,,,,,9.372998738025409,7.379190363760879,7.59443700266059,,,9.372998738025409,7.59443700266059,8.115542034815626,,#000000,1.3617805911300036,7.9810627425176905,0.5719990889545197,52.85514793080822,9.213475532614204,False,True,False,False,False,9.642905989712006,0.0,0.0,0.0,0.0,0,0.9442508710801393,0.8331193838254173,False,False,False,False,0.2064705036140534,0.2248868115636074,False,False,False,False,661669.0,636094.9458779884,False,False,False,False,44083.481152673514,False,False,False,False
2024-11-15 17:00:00+00:00,8.615,8.62,8.475,8.48,39930.0,,,,,9.324535494723905,7.391447087097353,7.599190931195123,,,9.324535494723905,7.599190931195123,8.105057837672128,,"rgba(239, 83, 80, 1.0)",1.353031963959277,7.979278336739599,0.37007378731480745,48.15249064980901,4.9056279675617915,False,True,False,True,False,6.767987517903364,0.0,0.0,0.0,0.0,0,0.9400291651476484,0.8363106088224573,False,False,False,False,0.16727793962676704,0.1960823755951872,False,False,False,False,621739.0,635872.3730736785,False,False,False,False,44019.08609604292,False,False,False,False
2024-11-18 17:00:00+00:00,8.445,8.51,8.38,8.38,28985.0,,,,,9.288638304032087,7.399397844511647,7.602235849081855,,,9.288638304032087,7.602235849081855,8.096757332541863,,"rgba(239, 83, 80, 1.0)",1.3341555584166551,7.977085083343459,0.30199995353968456,44.29770792263032,1.418876238596816,False,True,False,True,False,5.768237394683158,0.0,0.0,0.0,0.0,0,0.9415204678362572,0.8389985380116959,False,False,False,False,0.1518240260710897,0.17395320083313845,False,False,False,False,592754.0,635203.8711655594,False,False,False,False,43785.999489902715,False,False,False,False
2024-11-19 17:00:00+00:00,8.195,8.235,8.145,8.195,37692.0,,,,,9.234615500531556,7.407257351405887,7.6050542350395185,,,9.234615500531556,7.6050542350395185,8.08230902899232,,"rgba(239, 83, 80, 1.0)",1.3160310827677337,7.97111341980915,0.17012256254616442,40.46046240904688,-2.0839516174101647,False,True,False,True,False,3.9460861819260487,0.0,0.0,0.0,0.0,0,0.9417864289612515,0.8393669274149537,False,False,False,False,0.11367192462891612,0.14381256273102727,False,False,False,False,555062.0,633961.3615350856,False,False,False,False,43691.51887765616,False,False,False,False
2024-11-20 17:00:00+00:00,8.195,8.365,8.185,8.2,30951.0,,,,,9.196345629152988,7.4140669223197655,7.607576637936152,,,9.196345629152988,7.607576637936152,8.072663063136302,,"rgba(239, 83, 80, 1.0)",1.2923957256628924,7.967415918646735,0.17996351793408188,37.972867202842934,-4.40698344108651,False,True,False,True,False,3.990267013801592,0.0,0.0,0.0,0.0,0,0.9408884859474163,0.8371713508612876,False,False,False,False,0.12634733311133162,0.13507994792117944,False,False,False,False,586013.0,633217.9760849292,False,False,False,False,43493.99145319638,False,False,False,False
2024-11-21 17:00:00+00:00,8.205,8.21,8.11,8.185,18971.0,,,,,9.17242464291628,7.417784152616506,7.608917676962685,,,9.17242464291628,7.608917676962685,8.066375490831824,,"rgba(239, 83, 80, 1.0)",1.2731012181722685,7.964717525111079,0.17302824924256247,36.19877513088277,-6.203151715275801,False,True,False,True,False,3.840198779173509,0.0,0.0,0.0,0.0,0,0.9373080397470641,0.8411924119241194,False,False,False,False,0.109207126676544,0.12214353729886172,False,False,False,False,567042.0,632191.9919595814,False,False,False,False,43113.79003531736,False,False,False,False
2024-11-22 17:00:00+00:00,8.135,8.14,7.965,7.97,40741.0,,,,,9.117815054682918,7.424143418497717,7.611043675356218,,,9.117815054682918,7.611043675356218,8.051000716178951,,"rgba(239, 83, 80, 1.0)",1.2501370123108715,7.95715055318016,0.010278430838622859,33.437775729174774,-9.006102872393306,False,True,False,True,False,1.7087198107009307,0.0,0.0,0.0,0.0,0,0.9343078866630572,0.8422667388558023,False,False,False,False,0.09324255036753532,0.10769304383319853,False,False,False,False,526301.0,630550.2711540065,False,False,False,False,43077.00259290934,False,False,False,False
2024-11-25 17:00:00+00:00,7.895,8.065,7.86,7.965,74332.0,,,,,9.025576437600725,7.434252919140185,7.614297527253982,,,9.025576437600725,7.614297527253982,8.024708961331632,,"rgba(239, 83, 80, 1.0)",1.2251784315719858,7.943399186195498,0.01763074932423272,31.561938857647398,-11.023450036167304,False,True,False,True,False,1.6595379441370035,0.0,0.0,0.0,0.0,0,0.9336330935251799,0.8428057553956836,False,False,False,False,0.07991354668522004,0.09380329525920927,False,False,False,False,451969.0,627781.5692756498,False,False,False,False,43561.57619612004,False,False,False,False
2024-11-26 17:00:00+00:00,7.915,7.93,7.74,7.895,59845.0,,,,,8.954830189701843,7.440509748596458,7.616074222534517,,,8.954830189701843,7.616074222534517,8.003804720277605,,"rgba(239, 83, 80, 1.0)",1.2000888968573797,7.930127152170167,-0.02927045843199883,29.790542831284768,-13.004857491178917,False,True,False,True,False,0.9637631312687844,0.0,0.0,0.0,0.0,0,0.9271225991742956,0.8499371746544607,False,False,False,False,0.06107805645209772,0.07744067585565349,False,False,False,False,392124.0,624127.963550446,False,False,False,False,43814.032379125936,False,False,False,False
2024-11-27 17:00:00+00:00,8.09,8.135,8.065,8.135,19743.0,,,,,8.93834754861481,7.443786301286761,7.617278110520432,,,8.93834754861481,7.617278110520432,7.999803986807334,,"rgba(239, 83, 80, 0.75)",1.175899264852684,7.932210490986744,0.1724548310170608,32.988366037086124,-13.004857491178917,False,True,False,True,True,3.242310586069383,0.0,0.0,0.0,0.0,0,0.9268380370303794,0.8491820959913715,False,False,False,False,0.10029034489752187,0.08886551037658769,False,False,False,False,411867.0,620837.095898501,False,False,False,False,43440.83807867437,False,False,False,False
2024-11-28 17:00:00+00:00,8.135,8.135,8.135,8.135,0.0,,,,,8.93834754861481,7.443786301286761,7.617278110520432,,,8.93834754861481,7.617278110520432,7.999803986807334,,"rgba(239, 83, 80, 0.75)",1.1552216276580918,7.932210490986744,0.17554164859634605,35.12024817428703,-13.004857491178917,False,True,False,True,True,3.242310586069383,0.0,0.0,0.0,0.0,0,0.9313902968863144,0.8477552498189718,False,False,False,False,0.10548977910906615,0.09717764474282692,False,False,False,False,411867.0,617597.2494504622,False,False,False,False,42767.33671311353,False,False,False,False
2024-11-29 17:00:00+00:00,8.39,8.44,8.38,8.41,4596.0,,,,,8.93595406925818,7.444883132662943,7.617726136922314,,,8.93595406925818,7.617726136922314,7.999521112947813,,"rgba(239, 83, 80, 0.75)",1.1350268163677346,7.933927019912076,0.41943764959794766,40.68918096942775,-16.466741519866197,False,True,False,True,True,5.783814055754561,0.0,0.0,0.0,0.0,0,0.9366997294860234,0.8461677186654645,False,False,False,False,0.14656388001297443,0.12187076237790068,False,False,False,False,416463.0,614478.8889938658,False,False,False,False,42175.53304314278,False,False,False,False
2024-12-02 17:00:00+00:00,8.105,8.11,7.83,7.83,44191.0,,,,,8.893687772711974,7.450048992516255,7.619377895170147,,,8.893687772711974,7.619377895170147,7.987704886799459,,"rgba(239, 83, 80, 0.75)",1.1109370202955091,7.926787285985374,-0.08712220784543538,38.743421912351,-16.466741519866197,False,True,False,True,True,0.06227082499733072,0.0,0.0,0.0,0.0,0,0.9250976215832446,0.8530351437699681,False,False,False,False,0.08102315061586443,0.10144695649688255,False,False,False,False,372272.0,610723.7434280694,False,False,False,False,42206.78059286149,False,False,False,False
2024-12-03 17:00:00+00:00,7.995,8.165,7.985,8.09,18892.0,,,,,8.879422894482465,7.452943380477762,7.620439760550666,,,8.879422894482465,7.620439760550666,7.984268678503631,,"rgba(239, 83, 80, 0.75)",1.0882565195082698,7.926219276764538,0.1504982697548794,40.5247741347091,-16.466741519866197,False,True,False,True,True,2.413861879732135,0.0,0.0,0.0,0.0,0,0.9289492242595204,0.8455571227080395,False,False,False,False,0.09657978557566363,0.09901337103627308,False,False,False,False,391164.0,607319.7163981769,False,False,False,False,41845.311126305496,False,False,False,False
2024-12-04 17:00:00+00:00,8.09,8.14,8.07,8.14,14972.0,,,,,8.86897074584682,7.455351402182291,7.6213446888426475,,,8.86897074584682,7.6213446888426475,7.981888945623919,,"rgba(239, 83, 80, 0.75)",1.0641610577148357,7.926023233608397,0.20107554663867694,42.2669419928269,-14.662479549251998,False,True,False,True,True,2.8581036648776283,0.0,0.0,0.0,0.0,0,0.9294905693636524,0.8468182619425348,False,False,False,False,0.1010327839272917,0.1000230774817824,False,False,False,False,406136.0,604200.5890121586,False,False,False,False,41428.67064372712,False,False,False,False
2024-12-05 17:00:00+00:00,8.165,8.17,8.11,8.11,17695.0,,,,,8.857193585110942,7.458231873035667,7.622438628002055,,,8.857193585110942,7.622438628002055,7.979288028716222,,"rgba(239, 83, 80, 0.75)",1.036991677275541,7.925803862562568,0.1776254732548718,43.12809732734715,-13.503297033627355,False,True,False,True,True,2.5674536000689443,0.0,0.0,0.0,0.0,0,0.9301873453517144,0.8501237186284908,False,False,False,False,0.10623301303431873,0.10312804525805055,False,False,False,False,388441.0,600855.4791049933,False,False,False,False,41060.706757777865,False,False,False,False
2024-12-06 17:00:00+00:00,8.135,8.17,8.04,8.17,22368.0,,,,,8.84276699097699,7.461820132666252,7.623805708509631,,,8.84276699097699,7.623805708509631,7.976130944050958,,"rgba(239, 83, 80, 0.75)",1.0110840984082654,7.9253108665568766,0.24200670728412585,44.48209466101668,-11.828706262978983,False,True,False,True,True,3.115109959563302,0.0,0.0,0.0,0.0,0,0.9308510638297871,0.8466312056737589,False,False,False,False,0.1010327839272917,0.10208041459267113,False,False,False,False,410809.0,597909.0220646057,False,False,False,False,40770.897350680534,False,False,False,False
2024-12-09 17:00:00+00:00,8.35,8.495,8.295,8.46,9958.0,,,,,8.839053495277216,7.464096627645147,7.624761548544639,,,8.839053495277216,7.624761548544639,7.9759705571556685,,#000000,0.9881166543088541,7.966522399568759,0.4994122893074895,48.68436499441594,-7.58905112629337,False,True,False,False,True,5.699347192233603,0.0,0.0,0.0,0.0,0,0.9353578405256616,0.8492274906766119,False,False,False,False,0.14431201115733341,0.12319621287500226,False,False,False,False,420767.0,595162.6341256197,False,False,False,False,40293.17801191029,False,False,False,False
2024-12-10 17:00:00+00:00,8.335,8.4,8.175,8.325,16197.0,,,,,8.83151903165446,7.467325647896758,7.626083017742328,,,8.83151903165446,7.626083017742328,7.974975899097849,,#000000,0.9623321334836202,7.963078759552724,0.37608766023132634,49.784820868699086,-6.323777920506899,False,False,False,False,True,4.3444049922697054,0.0,0.0,0.0,0.0,0,0.9344175357963584,0.8456779211596251,False,False,False,False,0.12821467814307586,0.12570544550903906,False,False,False,False,404570.0,592207.7095655325,False,False,False,False,39919.59385668688,False,False,False,False
2024-12-11 17:00:00+00:00,7.565,7.64,7.455,7.585,128165.0,,,,,8.704893725362215,7.470074383544812,7.625075272550509,,,8.704893725362215,7.625075272550509,7.933347793819178,,"rgba(239, 83, 80, 1.0)",0.9330690182364829,7.8836380842223415,-0.3200600152674373,44.360686685860315,-6.323777920506899,False,True,False,True,False,0.0,0.0,0.0,0.0,0.0,0,0.9239655172413793,0.8550000000000001,False,False,False,False,0.018743835130391386,0.07222464031971522,False,False,False,False,276405.0,587311.5435257568,False,False,False,False,41287.73968836615,False,False,False,False
2024-12-12 17:00:00+00:00,7.705,7.76,7.63,7.755,58379.0,,,,,8.661939386934389,7.473339259814373,7.6256955999077505,,,8.661939386934389,7.6256955999077505,7.920324748885505,,"rgba(239, 83, 80, 1.0)",0.9005124817178999,7.873983851594646,-0.13212904208463824,42.608789841035204,-1.043627437558925,False,True,False,True,False,0.0,0.0,0.0,0.0,0.0,0,0.9268461007591443,0.8531746031746034,False,False,False,False,0.04044519351313282,0.05633491691642402,False,False,False,False,334784.0,583396.3878121792,False,False,False,False,41552.72046839148,False,False,False,False
2024-12-13 17:00:00+00:00,7.815,7.855,7.74,7.8,17601.0,,,,,8.650786946547706,7.474640168274661,7.626053907418376,,,8.650786946547706,7.626053907418376,7.917160340746913,,"rgba(239, 83, 80, 1.0)",0.867808085854168,7.872258746690418,-0.08326581402994827,41.93688349484337,-1.8725520210941298,False,True,False,True,False,0.0,0.0,0.0,0.0,0.0,0,0.9259323204419891,0.8523825966850829,False,False,False,False,0.05554702832877234,0.05594097262259818,False,False,False,False,352385.0,579814.8159081144,False,False,False,False,41181.375965005565,False,False,False,False
2024-12-16 17:00:00+00:00,7.74,7.75,7.615,7.65,15216.0,,,,,8.639976792997892,7.475319620344251,7.6261356016048385,,,8.639976792997892,7.6261356016048385,7.913810671648993,,"rgba(239, 83, 80, 1.0)",0.8338458333972024,7.869467290566696,-0.2631988813478338,40.35308166232976,-3.646087921618637,False,True,False,True,False,0.0,0.0,0.0,0.0,0.0,0,0.9173100017155602,0.8536627208783669,False,False,False,False,0.038604904594789456,0.04727293860869382,False,False,False,False,337169.0,576052.8652738801,False,False,False,False,40778.811996555865,False,False,False,False
2024-12-17 17:00:00+00:00,7.645,7.7,7.62,7.68,10248.0,,,,,8.632792761193024,7.475763011522059,7.626184433983704,,,8.632792761193024,7.626184433983704,7.911580068899596,,"rgba(239, 83, 80, 1.0)",0.8024559318258689,7.867601488351091,-0.23378416298105217,39.685355921009275,-4.608504108976106,False,True,False,True,False,0.0,0.0,0.0,0.0,0.0,0,0.9167099567099569,0.8612987012987015,False,False,False,False,0.03529303465173353,0.041282986630213674,False,False,False,False,347417.0,572508.1231766106,False,False,False,False,40305.466074128635,False,False,False,False
2024-12-18 17:00:00+00:00,7.695,7.785,7.33,7.335,22648.0,,,,,8.614343697557599,7.475801581732904,7.62580508461327,,,8.614343697557599,7.62580508461327,7.905316787967924,,"rgba(239, 83, 80, 1.0)",0.7782221769885241,7.8472017552147335,-0.6581690555218996,36.767436843735965,-7.651478762786347,False,True,False,True,False,0.0,0.0,0.0,0.0,0.0,0,0.9054794520547945,0.859417808219178,False,False,False,False,0.02021432636120694,0.030748656495710305,False,False,False,False,324769.0,568667.2065382135,True,False,False,False,40031.70691018865,False,False,False,False
2024-12-19 17:00:00+00:00,7.435,7.45,7.355,7.4,11656.0,,,,,8.60440858454087,7.475607697338826,7.625499171134171,,,8.60440858454087,7.625499171134171,7.901838484337955,,"rgba(239, 83, 80, 1.0)",0.7507157725605424,7.841661328722309,-0.5883203002594306,35.72892196858118,-8.889421095148393,False,True,False,True,False,0.0,0.0,0.0,0.0,0.0,0,0.9041166380789024,0.8725557461406518,False,False,False,False,-0.002572396039894015,0.014088130227908145,False,False,False,False,336425.0,565066.55217328,False,False,False,False,39591.77346972061,False,False,False,False
2024-12-20 17:00:00+00:00,7.56,7.59,7.445,7.45,12316.0,,,,,8.594887290331629,7.475661137913191,7.625311246224299,,,8.594887290331629,7.625311246224299,7.898619891489706,,"rgba(239, 83, 80, 1.0)",0.7222247160964109,7.83909921483158,-0.5387508986602426,35.76552775895879,-9.19205457579649,False,True,False,True,False,0.0,0.0,0.0,0.0,0.0,0,0.9096375193265763,0.8646280707782168,False,False,False,False,0.014332822265745044,0.014210476246826594,False,False,False,False,348741.0,561712.6676434617,False,False,False,False,39168.89326088773,False,False,False,False
2024-12-23 17:00:00+00:00,7.48,7.48,7.48,7.48,0.0,,,,,8.594887290331629,7.475661137913191,7.625311246224299,,,8.594887290331629,7.625311246224299,7.898619891489706,,"rgba(239, 83, 80, 1.0)",0.6906564314522142,7.83909921483158,-0.5199390007510926,36.25539868802406,-9.19205457579649,False,True,False,True,False,0.0,0.0,0.0,0.0,0.0,0,0.9059593523940753,0.8665173957974509,False,False,False,False,0.008819820251595577,0.011515148249211085,False,False,False,False,348741.0,558410.781323408,False,False,False,False,38561.62359792823,False,False,False,False
2024-12-24 17:00:00+00:00,7.525,7.57,7.52,7.525,3334.0,,,,,8.59243831593642,7.47570785639251,7.625277353051339,,,8.59243831593642,7.625277353051339,7.897807841793423,,"rgba(239, 83, 80, 1.0)",0.6592815363288622,7.838632389111142,-0.47571844777812167,37.323139625516205,-9.19205457579649,False,True,False,True,False,0.0,0.0,0.0,0.0,0.0,0,0.9050086355785839,0.8673575129533678,False,False,False,False,0.018376225234987477,0.014945686742099281,False,False,False,False,352075.0,555211.7769618048,False,False,False,False,38015.4588909836,False,False,False,False
2024-12-25 17:00:00+00:00,7.525,7.525,7.525,7.525,0.0,,,,,8.59243831593642,7.47570785639251,7.625277353051339,,,8.59243831593642,7.625277353051339,7.897807841793423,,"rgba(239, 83, 80, 0.75)",0.6311931929661848,7.838632389111142,-0.49688810431760155,38.03496691717763,-9.19205457579649,False,True,False,True,True,0.0,0.0,0.0,0.0,0.0,0,0.899618585298197,0.8722260748959778,False,False,False,False,0.015435516494615928,0.015190601618357604,False,False,False,False,352075.0,552062.3695670482,False,False,False,False,37426.07193143347,False,False,False,False
2024-12-26 17:00:00+00:00,7.6,7.625,7.535,7.61,7264.0,,,,,8.58740130682423,7.475893182081827,7.62524742758598,,,8.58740130682423,7.62524742758598,7.896180638830678,,"rgba(239, 83, 80, 0.75)",0.5961179368166966,7.838141362446589,-0.3827117896583969,40.085147652651685,-9.19205457579649,False,True,False,True,True,0.0,0.0,0.0,0.0,0.0,0,0.8984524430533822,0.8728916710137367,False,False,False,False,0.0235232609409907,0.019356931279674153,False,False,False,False,359339.0,549074.4103489544,False,False,False,False,36958.44290924071,False,False,False,False
2024-12-27 17:00:00+00:00,7.555,7.765,7.54,7.655,30457.0,,,,,8.568128271432558,7.477091410885523,7.625346968745761,,,8.568128271432558,7.625346968745761,7.890188883687948,,"rgba(239, 83, 80, 0.75)",0.5594931184112544,7.837032333685647,-0.32535222989435253,42.278647960309804,-11.584351882177778,False,True,False,True,True,0.0,0.0,0.0,0.0,0.0,0,0.8960318835557097,0.8693467336683416,False,False,False,False,0.0341892535419208,0.026773092410797478,False,False,False,False,389796.0,546604.9776303659,False,False,False,False,36857.645344756354,False,False,False,False
2024-12-30 17:00:00+00:00,7.62,7.745,7.615,7.725,28913.0,,,,,8.55135447978709,7.478479422390997,7.625580530423537,,,8.55135447978709,7.625580530423537,7.885138144200542,,"rgba(239, 83, 80, 0.5)",0.5448929558485168,7.835707106345814,-0.20317221053705758,45.02369626908413,-8.937356619919285,False,False,False,True,True,0.0,0.0,0.0,0.0,0.0,0,0.8954914493003974,0.8713076524442908,False,False,False,False,0.03823687856971423,0.03250498549025585,False,False,False,False,418709.0,544622.0942562517,False,False,False,False,36734.47254871362,False,False,False,False
2024-12-31 17:00:00+00:00,7.835,8.255,7.79,8.06,65539.0,,,,,8.529807037997065,7.486400437264518,7.62866903422154,,,8.529807037997065,7.62866903422154,7.88162550316104,,"rgba(38, 166, 154, 1.0)",0.5318041450089017,7.8743589963687555,0.34907776739524593,51.46875194071107,-3.041118349665034,True,False,True,False,True,2.522155860972642,0.0,0.0,0.0,0.0,0,0.9011026293469043,0.857167090754877,False,False,False,False,0.08879610970374664,0.060650547597001246,False,False,False,False,484248.0,543686.0617871626,False,False,False,False,37181.0543696638,False,False,False,False
2025-01-01 17:00:00+00:00,8.06,8.06,8.06,8.06,0.0,,,,,8.529807037997065,7.486400437264518,7.62866903422154,,,8.529807037997065,7.62866903422154,7.88162550316104,,"rgba(38, 166, 154, 1.0)",0.5316954608260854,7.8743589963687555,0.3491491225876144,55.7654557217957,0.6550667280476574,True,False,True,False,True,2.522155860972642,0.0,0.0,0.0,0.0,0,0.9103918228279388,0.8669505962521294,False,False,False,False,0.09435472838039413,0.07750263798869769,False,False,False,False,484248.0,542764.5414493771,False,False,False,False,36604.60391432017,False,False,False,False
2025-01-02 17:00:00+00:00,8.075,8.135,7.895,7.93,18323.0,,,,,8.523543507330766,7.488383209557583,7.629422461971154,,,8.523543507330766,7.629422461971154,7.8804497262865,,"rgba(38, 166, 154, 1.0)",0.5327284012980252,7.8752801443967595,0.10271623489551515,56.03822262780794,0.720640533050549,True,False,True,False,True,1.197665197504378,0.0,0.0,0.0,0.0,0,0.9020706042090973,0.868805159538357,False,False,False,False,0.0876850533092197,0.08259384564895869,False,False,False,False,465925.0,541573.2307292317,False,False,False,False,36321.16819471831,False,False,False,False
2025-01-03 17:00:00+00:00,7.825,7.87,7.79,7.81,37893.0,,,,,8.507233203443802,7.491106343318809,7.630262772728155,,,8.507233203443802,7.630262772728155,7.876200773163589,,"rgba(38, 166, 154, 0.75)",0.5343885956597235,7.869408371088177,-0.11117073150641525,54.11759265134186,0.720640533050549,True,False,True,False,False,0.0,0.0,0.0,0.0,0.0,0,0.9017872340425533,0.875404255319149,False,False,False,False,0.0603403777140058,0.07146711168148225,False,False,False,False,428032.0,539812.901570639,False,False,False,False,36345.53768007151,False,False,False,False
2025-01-06 17:00:00+00:00,7.915,7.93,7.795,7.8,15189.0,,,,,8.501076345326343,7.492245041961316,7.630629351414606,,,8.501076345326343,7.630629351414606,7.874650246234087,,"rgba(38, 166, 154, 0.75)",0.5359853013313365,7.867955510987104,-0.1267861465945234,52.66384860432994,0.720640533050549,True,False,True,False,False,0.0,0.0,0.0,0.0,0.0,0,0.8997271487039564,0.8758526603001365,False,False,False,False,0.06513649814614951,0.06830180491381588,False,False,False,False,412843.0,537844.3759648926,False,False,False,False,36017.52934394637,False,False,False,False
2025-01-07 17:00:00+00:00,7.81,7.85,7.785,7.825,21731.0,,,,,8.492180158687699,7.493761157293252,7.631097993545182,,,8.492180158687699,7.631097993545182,7.872346436508711,,"rgba(38, 166, 154, 0.75)",0.5376086271964359,7.865624342200874,-0.07556490008861115,52.168073108301996,0.720640533050549,True,False,True,False,False,0.14680672479932255,0.0,0.0,0.0,0.0,0,0.8955582232893159,0.8825244383467672,False,False,False,False,0.0584964660305003,0.06339913547215809,False,False,False,False,434574.0,536243.2848646617,False,False,False,False,35796.032764970456,False,False,False,False
2025-01-08 17:00:00+00:00,7.82,7.885,7.72,7.81,24250.0,,,,,8.482307681902027,7.495359510460873,7.631576918637626,,,8.482307681902027,7.631576918637626,7.869748037000176,,#000000,0.5391812695573186,7.862974775637087,-0.0982504004276361,51.51818029995721,0.720640533050549,True,False,False,False,False,0.0,0.0,0.0,0.0,0.0,0,0.8987645847632122,0.8805765271105009,False,False,False,False,0.05628429525177784,0.05984171536196796,False,False,False,False,410324.0,534291.0478900159,False,False,False,False,35617.02450504843,False,False,False,False
2025-01-09 17:00:00+00:00,7.81,7.81,7.81,7.81,0.0,,,,,8.482307681902027,7.495359510460873,7.631576918637626,,,8.482307681902027,7.631576918637626,7.869748037000176,,#000000,0.5410323548633754,7.862974775637087,-0.09791424701479311,51.08491842772735,0.720640533050549,True,False,False,False,False,0.0,0.0,0.0,0.0,0.0,0,0.9057971014492755,0.8799171842650102,False,False,False,False,0.05739031050536042,0.05861601293366419,False,False,False,False,410324.0,532369.078155287,False,False,False,False,35064.8225747376,False,False,False,False
2025-01-10 17:00:00+00:00,7.965,7.975,7.8,7.88,24724.0,,,,,8.473684939206686,7.497388977790927,7.632286493863368,,,8.473684939206686,7.632286493863368,7.867786803620327,,"rgba(38, 166, 154, 0.75)",0.5422471844177795,7.8623485959409685,0.03255232035549259,52.44827995269926,0.720640533050549,True,False,True,False,False,0.7435944635304566,0.0,0.0,0.0,0.0,0,0.9025151777970513,0.8832610581092801,False,False,False,False,0.0688278473815726,0.0637219301576184,False,False,False,False,435048.0,530860.2242303988,False,False,False,False,34904.49974412151,False,False,False,False
2025-01-13 17:00:00+00:00,7.545,7.625,7.375,7.395,43331.0,,,,,8.448794548418592,7.497095990525519,7.631469597087099,,,8.448794548418592,7.631469597087099,7.859120045343737,,"rgba(239, 83, 80, 0.5)",0.5500299090966794,7.846303960783217,-0.820508036598227,45.32066563721894,0.1273942484449364,True,False,False,True,False,0.0,0.0,0.0,0.0,0.0,0,0.8889269211021736,0.8892692110217353,False,False,False,False,0.011759999963871429,0.03774096506074492,False,False,False,False,391717.0,528702.964940005,False,False,False,False,35035.14315894133,False,False,False,False
2025-01-14 17:00:00+00:00,7.42,7.5,7.355,7.49,69085.0,,,,,8.410923892526174,7.496402716228046,7.630054788913461,,,8.410923892526174,7.630054788913461,7.8457937992225615,,"rgba(239, 83, 80, 0.5)",0.5557391555478249,7.829821173144023,-0.6114760310690014,42.58715767702931,-2.2869711744047336,False,False,False,True,False,0.0,0.0,0.0,0.0,0.0,0,0.9001035196687371,0.8913043478260868,False,False,False,False,0.0011024429610513602,0.019421704010898138,False,False,False,False,460802.0,527650.2368014002,False,False,False,False,35563.04791616705,False,False,False,False
2025-01-15 17:00:00+00:00,7.48,7.64,7.39,7.57,20205.0,,,,,8.401314674396646,7.496555640811611,7.629836746501645,,,8.401314674396646,7.629836746501645,7.842569020569967,,"rgba(239, 83, 80, 0.5)",0.5600908307933092,7.826663622961934,-0.4582535704046384,42.374917880015985,-2.478770613761796,False,False,False,True,False,0.0,0.0,0.0,0.0,0.0,0,0.8968609865470853,0.8903070024146256,False,False,False,False,0.013965265400191643,0.01669348470554489,False,False,False,False,481007.0,526927.085843239,False,False,False,False,35324.938646148956,False,False,False,False
2025-01-16 17:00:00+00:00,7.655,7.67,7.585,7.66,19804.0,,,,,8.393213127080106,7.497128745041139,7.629855479106024,,,8.393213127080106,7.629855479106024,7.840065783742422,,"rgba(239, 83, 80, 0.5)",0.5630007520837317,7.825911083492614,-0.29469069602226594,43.94797495964714,-2.478770613761796,False,False,False,True,False,0.0,0.0,0.0,0.0,0.0,0,0.8998621165115478,0.8886590830748018,False,False,False,False,0.03051056941011106,0.023602027057827976,False,False,False,False,500811.0,526522.1852875298,False,False,False,False,35084.303938456724,False,False,False,False
2025-01-17 17:00:00+00:00,7.645,7.655,7.425,7.435,47635.0,,,,,8.371092790497583,7.497204540066985,7.629196855166846,,,8.371092790497583,7.629196855166846,7.832498061910471,,"rgba(239, 83, 80, 0.5)",0.568773177925901,7.816003520929152,-0.6698690017671485,41.86501798727602,-3.0429711469307534,False,False,False,True,False,0.0,0.0,0.0,0.0,0.0,0,0.8938950988822013,0.8928632846087703,False,False,False,False,0.017641020242703708,0.020621523650265844,False,False,False,False,453176.0,525385.0351280333,False,False,False,False,35278.88837351941,False,False,False,False
2025-01-20 17:00:00+00:00,7.435,7.435,7.435,7.435,0.0,,,,,8.371092790497583,7.497204540066985,7.629196855166846,,,8.371092790497583,7.629196855166846,7.832498061910471,,"rgba(239, 83, 80, 1.0)",0.5746567718259363,7.816003520929152,-0.6630105823316707,40.47638000569527,-4.508480623892829,False,True,False,True,False,0.0,0.0,0.0,0.0,0.0,0,0.9222119815668204,0.8873732718894008,False,False,False,False,0.0022048959515857725,0.011413209800925809,False,False,False,False,453176.0,524265.51520356763,False,False,False,False,34731.928863852445,False,False,False,False
2025-01-21 17:00:00+00:00,7.58,7.66,7.425,7.475,31878.0,,,,,8.357140743841443,7.4973504955206876,7.628812728459493,,,8.357140743841443,7.628812728459493,7.827767989273874,,"rgba(239, 83, 80, 1.0)",0.5796584346845147,7.810310779693561,-0.5784626939415752,40.442726986319514,-4.788571673191534,False,True,False,True,False,0.0,0.0,0.0,0.0,0.0,0,0.9144434222631097,0.8590616375344985,False,False,False,False,0.018008620305575013,0.01471091505325041,False,False,False,False,485054.0,523657.58473529527,False,False,False,False,34687.68190472295,False,False,False,False
2025-01-22 17:00:00+00:00,7.685,7.885,7.655,7.735,72643.0,,,,,8.335577060990532,7.501103644173209,7.629842731345176,,,8.335577060990532,7.629842731345176,7.822174478836305,,"rgba(239, 83, 80, 0.5)",0.5810173820103828,7.811936882898925,-0.13241752360783876,45.171181200119776,-4.788571673191534,False,False,False,True,True,0.0,0.0,0.0,0.0,0.0,0,0.9155571767280689,0.8473463432427502,False,False,False,False,0.051493116793497155,0.033102015923373786,False,False,False,False,557697.0,524185.32760761626,False,False,False,False,35276.13644883577,False,False,False,False
2025-01-23 17:00:00+00:00,7.885,7.995,7.81,7.815,64335.0,,,,,8.321290560794369,7.505784788789994,7.631545624233909,,,8.321290560794369,7.631545624233909,7.81954032460609,,#000000,0.5821209898696729,7.8505961589940245,-0.06114907315400792,49.47927626879728,-5.72848977071552,True,False,False,False,True,0.4832803543693984,0.0,0.0,0.0,0.0,0,0.920130695225994,0.839535305863133,False,False,False,False,0.07104354976506343,0.05207278284421861,False,False,False,False,622032.0,525702.3302803664,False,False,False,False,35726.66146513289,False,False,False,False
2025-01-24 17:00:00+00:00,7.945,7.95,7.71,7.72,25734.0,,,,,8.314843267873922,7.507224028133712,7.631996957574465,,,8.314843267873922,7.631996957574465,7.8180214178607,,#000000,0.5836407015180396,7.84916285721455,-0.22130543137001857,50.557422127223106,-4.751247965616763,True,False,False,False,True,0.0,0.0,0.0,0.0,0.0,0,0.918615189414537,0.8424868588000723,False,False,False,False,0.0603403777140058,0.056206580279112205,False,False,False,False,596298.0,526796.8367876475,False,False,False,False,35571.736481177344,False,False,False,False
2025-01-27 17:00:00+00:00,7.695,7.77,7.695,7.77,36621.0,,,,,8.305109642780955,7.508905657688227,7.632443789563003,,,8.305109642780955,7.632443789563003,7.815486363344061,,"rgba(38, 166, 154, 1.0)",0.584854621190539,7.845944335098419,-0.1298516457710902,52.09578886977019,-3.218949687740114,True,False,True,False,True,0.00480268812250273,0.0,0.0,0.0,0.0,0,0.9122359796067009,0.8539694100509833,False,False,False,False,0.04596775345924968,0.05108716686918094,False,False,False,False,632919.0,528442.1416436529,False,False,False,False,35588.004132631955,False,False,False,False
2025-01-28 17:00:00+00:00,7.745,7.775,7.58,7.595,21985.0,,,,,8.298459994850523,7.509502182092729,7.632485366400049,,,8.298459994850523,7.632485366400049,7.8134825144477675,,#000000,0.5869200184932433,7.842265377108223,-0.4212931392986214,49.99588420585147,-3.218949687740114,True,False,False,False,True,0.0,0.0,0.0,0.0,0.0,0,0.9072859744990894,0.8548269581056465,False,False,False,False,0.03786886289715023,0.044478014883165586,False,False,False,False,610934.0,529721.0851840614,False,False,False,False,35377.10484375394,False,False,False,False
2025-01-29 17:00:00+00:00,7.56,7.645,7.44,7.465,22219.0,,,,,8.29052142706547,7.509532664544096,7.632208825617971,,,8.29052142706547,7.632208825617971,7.810754305742512,,"rgba(239, 83, 80, 0.5)",0.5899469360776343,7.836148183077464,-0.6291212995275608,46.697478176958555,2.1315233814266037,False,False,False,True,False,0.0,0.0,0.0,0.0,0.0,0,0.9116672800883329,0.8549871181450127,False,False,False,False,0.018008620305575013,0.0312433175943703,False,False,False,False,588715.0,530635.7195222931,False,False,False,False,35173.10321826938,False,False,False,False
2025-01-30 17:00:00+00:00,7.445,7.555,7.405,7.445,35626.0,,,,,8.277349481044581,7.509253509814476,7.631583829146619,,,8.277349481044581,7.631583829146619,7.806062273335225,,"rgba(239, 83, 80, 1.0)",0.5937020668181517,7.826135340069001,-0.6419639771706251,44.21688593472096,-0.24283742526053942,False,True,False,True,False,0.0,0.0,0.0,0.0,0.0,0,0.9129543336439889,0.8503261882572225,False,False,False,False,0.002807713950666556,0.01702551577251843,False,False,False,False,553089.0,530983.8323979165,False,False,False,False,35180.124873800094,False,False,False,False
2025-01-31 17:00:00+00:00,7.35,7.53,7.315,7.43,10707.0,,,,,8.273265241838962,7.509082287610807,7.631347311738847,,,8.273265241838962,7.631347311738847,7.804564947062872,,"rgba(239, 83, 80, 1.0)",0.598264005117992,7.823008877368874,-0.6569154654246058,42.33458270112233,-2.0905332823477636,False,True,False,True,False,0.0,0.0,0.0,0.0,0.0,0,0.9056427503736922,0.8546337817638265,False,False,False,False,-0.005802681671176225,0.0056114170506711015,False,False,False,False,542382.0,531160.5481746929,False,False,False,False,34800.69658118304,False,False,False,False
2025-02-03 17:00:00+00:00,6.97,7.42,6.955,7.295,126719.0,,,,,8.216918046480556,7.502370954792657,7.625892615547117,,,8.216918046480556,7.625892615547117,7.781727205606777,,"rgba(239, 83, 80, 1.0)",0.6046850717820285,7.775325288367519,-0.7943395839953236,39.1475506953492,-5.159708727237472,False,True,False,True,False,0.0,0.0,0.0,0.0,0.0,0,0.8971513133555311,0.8560858305586385,False,False,False,False,-0.05707966746050422,-0.02573412520491656,False,False,False,False,415663.0,529369.8885130697,False,False,False,False,36225.786556668565,False,False,False,False
2025-02-04 17:00:00+00:00,7.345,7.37,7.23,7.27,20260.0,,,,,8.209032356924581,7.501576463423008,7.62517619769607,,,8.209032356924581,7.62517619769607,7.778595006014553,,"rgba(239, 83, 80, 1.0)",0.6113701050962553,7.769952038716639,-0.8177567639456721,36.69120744338245,-7.522699078138686,False,True,False,True,False,0.0,0.0,0.0,0.0,0.0,0,0.9058187243565836,0.8698246922790003,False,False,False,False,-0.03946426869649077,-0.032599196950703666,False,False,False,False,395403.0,527292.8824896113,False,False,False,False,35978.25498214657,False,False,False,False
2025-02-05 17:00:00+00:00,7.425,7.455,7.31,7.35,32103.0,,,,,8.197894431621013,7.500810910365406,7.624322309279595,,,8.197894431621013,7.624322309279595,7.774342550422005,,"rgba(239, 83, 80, 1.0)",0.61657431984465,7.763537885025528,-0.6707024144789582,37.29413014744201,-7.522699078138686,False,True,False,True,False,0.0,0.0,0.0,0.0,0.0,0,0.9031476997578695,0.8649655429316444,False,False,False,False,-0.026562465615535713,-0.02958083128311969,False,False,False,False,427506.0,525745.7990401599,False,False,False,False,35918.17350955515,False,False,False,False
2025-02-06 17:00:00+00:00,6.89,6.94,6.54,6.545,53725.0,,,,,8.164733365190326,7.49274631111438,7.619001102482572,,,8.164733365190326,7.619001102482572,7.758826926262426,,"rgba(239, 83, 80, 1.0)",0.6399579659619834,7.731050531839509,-1.8533256790649377,30.92959371287028,-13.057551883614856,False,True,False,True,False,0.0,0.0,0.0,0.0,0.0,0,0.8899782135076254,0.870551924473493,False,False,False,False,-0.12761130065308532,-0.07859606596810251,False,False,False,False,373781.0,523389.7556441884,False,False,False,False,36194.24833886437,False,False,False,False
2025-02-07 17:00:00+00:00,6.39,6.455,6.355,6.44,33391.0,,,,,8.141391714690519,7.486254414489359,7.614826987725843,,,8.141391714690519,7.614826987725843,7.747491038968573,,"rgba(239, 83, 80, 1.0)",0.6652052585751536,7.707528094144068,-1.9054691432522168,26.25088930740706,-17.292473440936504,False,True,False,True,False,0.0,0.0,0.0,0.0,0.0,0,0.8868402024584239,0.8835864063629789,False,False,False,False,-0.18912395799665394,-0.13386001198237824,False,False,False,False,340390.0,520552.55013032496,False,False,False,False,36150.78712430833,False,False,False,False
2025-02-10 17:00:00+00:00,6.315,6.36,6.195,6.32,35539.0,,,,,8.11547214093282,7.47863289926671,7.6099559041256395,,,8.11547214093282,7.6099559041256395,7.734686981441723,,"rgba(239, 83, 80, 1.0)",0.6921108722303532,7.681548621190069,-1.9672406197036434,22.655768230756323,-20.502326877177815,False,True,False,True,False,0.0,0.0,0.0,0.0,0.0,0,0.8770226537216829,0.8874505573534697,False,False,False,False,-0.2432164075215746,-0.18853820975197644,False,False,False,False,304851.0,517208.34005078505,False,False,False,False,36141.302052613624,False,False,False,False
2025-02-11 17:00:00+00:00,6.265,6.41,6.25,6.375,33864.0,,,,,8.092143878052607,7.471782805310371,7.605534087168729,,,8.092143878052607,7.605534087168729,7.723153590177236,,"rgba(239, 83, 80, 1.0)",0.7157066815770654,7.659216476855878,-1.7943335026942837,21.435852323793874,-21.62735609926462,False,True,False,True,False,0.0,0.0,0.0,0.0,0.0,0,0.8754751131221721,0.8908597285067873,False,False,False,False,-0.23389414552790969,-0.21121617763994305,False,False,False,False,338715.0,514441.0014453465,False,False,False,False,36105.99504404597,False,False,False,False
2025-02-12 17:00:00+00:00,6.425,6.45,6.325,6.36,46399.0,,,,,8.061752118981724,7.462804129032064,7.599684351550546,,,8.061752118981724,7.599684351550546,7.708080199854778,,"rgba(239, 83, 80, 1.0)",0.7380541131068066,7.631321918835166,-1.722532123672601,20.542463624604178,-22.648150113292594,False,True,False,True,False,0.0,0.0,0.0,0.0,0.0,0,0.8794006138292111,0.8855389059397003,False,False,False,False,-0.22668650198973805,-0.21895133981484055,False,False,False,False,292316.0,510997.2029733256,False,False,False,False,36265.57651623131,False,False,False,False
2025-02-13 17:00:00+00:00,6.295,6.385,6.29,6.375,68895.0,,,,,8.01783585204836,7.449399700836376,7.590901470359208,,,8.01783585204836,7.590901470359208,7.686045674414648,,"rgba(239, 83, 80, 1.0)",0.7435840768058984,7.59228828942887,-1.637055347739278,20.326920053537414,-23.19605417923331,False,True,False,True,False,0.0,0.0,0.0,0.0,0.0,0,0.87759149089598,0.8887687038038578,False,False,False,False,-0.23595895028968122,-0.2274551450522609,False,False,False,False,361211.0,508674.9362605609,False,False,False,False,36771.45905086338,False,False,False,False
2025-02-14 17:00:00+00:00,6.195,6.22,6.12,6.155,90880.0,,,,,7.9571835022425965,7.4293104425223335,7.577803647944314,,,7.9571835022425965,7.577803647944314,7.654765864236414,,"rgba(239, 83, 80, 1.0)",0.7362263349108189,7.466047439795506,-1.7807668343653,18.936302532244152,-24.919401695805746,False,True,False,True,False,0.0,0.0,0.0,0.0,0.0,0,0.8708288482238968,0.8937926085396481,True,False,False,False,-0.26605355018760074,-0.24675434761993081,False,False,False,False,270331.0,504979.6814348157,False,False,False,False,37610.35115860193,False,False,False,False
2025-02-17 17:00:00+00:00,6.155,6.155,6.155,6.155,0.0,,,,,7.9571835022425965,7.4293104425223335,7.577803647944314,,,7.9571835022425965,7.577803647944314,7.654765864236414,,"rgba(239, 83, 80, 1.0)",0.7419958900835651,7.466047439795506,-1.7669200831393461,18.00922418471531,-26.212491236438378,False,True,False,True,False,0.0,0.0,0.0,0.0,0.0,0,0.8723672367236726,0.8952295229522951,False,False,False,False,-0.2687709373013205,-0.25776264246062564,False,False,False,False,270331.0,501341.7173815627,False,False,False,False,37027.24493908872,False,False,False,False
2025-02-18 17:00:00+00:00,6.195,6.39,6.195,6.355,55906.0,,,,,7.924734271960641,7.418675126475518,7.570698695506133,,,7.924734271960641,7.570698695506133,7.638036031314097,,"rgba(239, 83, 80, 0.75)",0.7264045543473538,7.443338315879127,-1.4982537063757209,22.361853385537955,-26.212491236438378,False,True,False,True,True,0.0,0.0,0.0,0.0,0.0,0,0.8753358409457281,0.8876947877485221,False,False,False,False,-0.2632100230268809,-0.26048633274375327,False,False,False,False,326237.0,498626.9155616935,False,False,False,False,37319.938816002075,False,False,False,False
2025-02-19 17:00:00+00:00,6.415,6.55,6.335,6.525,90288.0,,,,,7.8797906160313165,7.404295389828331,7.56080019619729,,,7.8797906160313165,7.56080019619729,7.614962067352312,,"rgba(239, 83, 80, 0.75)",0.7097093682539274,7.415972992818835,-1.2554054274510478,28.603437972819385,-27.519688678948395,False,True,False,True,True,0.0,0.0,0.0,0.0,0.0,0,0.8792210112560302,0.8854743612649634,False,False,False,False,-0.2358209079922834,-0.24815362036801833,False,False,False,False,416525.0,497354.0176460083,False,False,False,False,38141.149066916776,False,False,False,False
2025-02-20 17:00:00+00:00,7.275,7.335,7.13,7.18,66057.0,,,,,7.865096238519164,7.402219173721172,7.558539891990371,,,7.865096238519164,7.558539891990371,7.608618434743569,,"rgba(239, 83, 80, 0.5)",0.6830859824791172,7.4250928758514005,-0.3588023794045483,40.3548177594933,-16.938494732602024,False,False,False,True,True,0.0,0.0,0.0,0.0,0.0,0,0.8877052043311213,0.8836884387006636,False,False,False,False,-0.09415847504728021,-0.17115604770764928,False,False,False,False,482582.0,497124.99411661277,False,False,False,False,38573.95295735217,False,False,False,False
2025-02-21 17:00:00+00:00,7.215,7.395,7.195,7.3,104104.0,,,,,7.845961590881972,7.4004256513310445,7.555869774126256,,,7.845961590881972,7.555869774126256,7.600752338779757,,"rgba(38, 166, 154, 1.0)",0.6560271706634185,7.435758270191595,-0.206940011424081,49.078000844784526,-9.544816393965746,True,False,True,False,True,0.0,0.0,0.0,0.0,0.0,0,0.8917274939172751,0.8804310045185957,False,False,False,False,-0.08318142427629073,-0.12716873599197,False,False,False,False,586686.0,498513.53684348695,False,False,False,False,39589.922678943614,False,False,False,False
2025-02-24 17:00:00+00:00,7.22,7.26,7.055,7.175,31911.0,,,,,7.838989825604653,7.39919715861834,7.554646744254633,,,7.838989825604653,7.554646744254633,7.597611242825875,,"rgba(38, 166, 154, 1.0)",0.6280101422260155,7.435595737386425,-0.4149546637299991,53.12865596997891,-6.405197129599955,True,False,True,False,True,0.0,0.0,0.0,0.0,0.0,0,0.890427557555825,0.8831573481045526,False,False,False,False,-0.11297825223546606,-0.12007349411371804,False,False,False,False,554775.0,499385.8075900995,False,False,False,False,39470.86961415379,False,False,False,False
2025-02-25 17:00:00+00:00,7.445,7.615,7.445,7.55,58006.0,,,,,7.833479544695662,7.4004798514570505,7.554545486466694,,,7.833479544695662,7.554545486466694,7.5961682942064686,,"rgba(38, 166, 154, 1.0)",0.6021605469676055,7.445093278979039,0.17421719431679167,58.5653646003158,-1.7138681892438896,True,False,True,False,True,0.9237219010055959,0.0,0.0,0.0,0.0,0,0.8951156812339333,0.8783204798628962,False,False,False,False,-0.04730433663014286,-0.08368891537193045,False,False,False,False,612781.0,501143.87258870265,False,False,False,False,39758.235976725045,False,False,False,False
2025-02-26 17:00:00+00:00,7.535,7.73,7.53,7.69,49237.0,,,,,7.830684163259588,7.402440566304231,7.554999617201017,,,7.830684163259588,7.554999617201017,7.5960414489216115,,"rgba(38, 166, 154, 1.0)",0.5860810985299352,7.45448576257101,0.40184581625261395,63.02176217336596,2.2310159364959006,True,False,True,False,True,2.299944173049308,0.0,0.0,0.0,0.0,0,0.8976768021865391,0.8749572941578406,False,False,False,False,-0.029607049541624606,-0.056647982456777525,False,False,False,False,662018.0,503638.04510670726,False,False,False,False,39905.193558481245,False,False,False,False
2025-02-27 17:00:00+00:00,7.74,7.885,7.63,7.64,37040.0,,,,7.718333333333335,7.829411071099739,7.40429695184092,7.555582106687408,,,7.829411071099739,7.555582106687408,7.62690586574035,,"rgba(38, 166, 154, 1.0)",0.5697689985526706,7.485761095893082,0.2707042757656452,65.23092278877232,4.323521733557797,True,False,True,False,True,1.7800990315316803,0.0,0.0,0.0,0.0,0,0.9009314140558851,0.8692633361558,False,False,False,False,-0.01922567801602301,-0.037936830236400265,False,False,False,False,624978.0,505519.284717456,False,False,False,False,39860.771952923395,False,False,False,False
2025-02-28 17:00:00+00:00,7.545,7.56,7.405,7.435,33640.0,,,,7.598553103188078,7.825716000899941,7.404628064289254,7.555295048408544,,,7.825716000899941,7.555295048408544,7.596048054196455,,"rgba(38, 166, 154, 1.0)",0.559898454435517,7.480833902047511,-0.08186109764085804,63.73646128316267,4.323521733557797,True,False,True,False,True,0.0,0.0,0.0,0.0,0.0,0,0.8955375253549698,0.8811697092630155,False,False,False,False,-0.08055843698076018,-0.05924763360858022,False,False,False,False,591338.0,506849.8074350148,False,False,False,False,39764.32587613389,False,False,False,False
2025-03-03 17:00:00+00:00,7.375,7.385,7.035,7.17,52755.0,,,,7.426790483520341,7.815825199660941,7.4029109809460865,7.553488490267277,,,7.815825199660941,7.553488490267277,7.549753788598661,,"rgba(38, 166, 154, 0.75)",0.5532195449049738,7.467755945274076,-0.5382238353947196,59.566401867464066,4.323521733557797,True,False,True,False,False,0.0,0.0,0.0,0.0,0.0,0,0.8815833612881584,0.8911439114391143,False,False,False,False,-0.13239205993064473,-0.09581984676961247,False,False,False,False,538583.0,507341.7949166425,False,False,False,False,39965.7316765039,False,False,False,False
2025-03-04 17:00:00+00:00,7.045,7.125,6.94,7.01,27732.0,,,,7.353080919336452,7.809342290092581,7.401277798114206,7.552092726647755,,,7.809342290092581,7.552092726647755,7.528948433547749,,"rgba(38, 166, 154, 0.75)",0.5511663554239798,7.459955427548502,-0.8163695463638709,55.14340040644744,4.323521733557797,True,False,True,False,False,0.0,0.0,0.0,0.0,0.0,0,0.8771490569187115,0.8986813553663828,False,False,False,False,-0.16652232540688966,-0.13117108608825107,False,False,False,False,510851.0,507396.2011970046,False,False,False,False,39776.061417953446,False,False,False,False
2025-03-05 17:00:00+00:00,7.035,7.175,7.01,7.15,14481.0,,,,7.3319764098168,7.806368534359057,7.400625720991364,7.551486174435531,,,7.806368534359057,7.551486174435531,7.522614209900688,,"rgba(38, 166, 154, 0.75)",0.5470785061505281,7.457493390465038,-0.5620644697388837,53.74351255544821,13.892609151962802,True,False,True,False,False,0.0,0.0,0.0,0.0,0.0,0,0.879232693911593,0.899582985821518,False,False,False,False,-0.154946158816414,-0.14305862245233253,False,False,False,False,525332.0,507674.275597051,False,False,False,False,39383.88992310145,False,False,False,False
2025-03-06 17:00:00+00:00,7.165,7.275,7.15,7.2,29039.0,,,,7.31353413427707,7.801300199818664,7.399761405211952,7.550541095372463,,,7.801300199818664,7.550541095372463,7.516284208670037,,"rgba(38, 166, 154, 0.75)",0.5424539669928756,7.455169063128505,-0.4703976349238421,53.359595784395644,12.93245584190575,True,False,True,False,False,0.0,0.0,0.0,0.0,0.0,0,0.8832886805090424,0.8991962491627595,False,False,False,False,-0.13191371680728162,-0.1374861696298071,False,False,False,False,554371.0,508398.2558203526,False,False,False,False,39223.504032820805,False,False,False,False
2025-03-07 17:00:00+00:00,7.165,7.245,7.13,7.145,14512.0,,,,7.303808494941818,7.798651788807283,7.399253933549539,7.550022642302387,,,7.798651788807283,7.550022642302387,7.512934214900257,,#000000,0.5410889504067272,7.453770060654164,-0.5706456589476966,52.403936136539315,11.320656371571772,True,False,False,False,False,0.0,0.0,0.0,0.0,0.0,0,0.8817114093959734,0.8984899328859062,False,False,False,False,-0.1366998866109043,-0.13709302812035568,False,False,False,False,539859.0,508886.019296006,False,False,False,False,38840.3799392887,False,False,False,False
2025-03-10 17:00:00+00:00,7.03,7.29,7.01,7.025,16235.0,,,,7.289731029924502,7.795410043386911,7.398526332224368,7.549344527123358,,,7.795410043386911,7.549344527123358,7.508252983164784,,#000000,0.540722597944574,7.451596492771995,-0.7889377924902676,50.265030808362184,8.619043280425366,True,False,False,False,False,0.0,0.0,0.0,0.0,0.0,0,0.875480528163129,0.8998830018385424,False,False,False,False,-0.14389089957234202,-0.14049196384634885,False,False,False,False,523624.0,509114.5151208741,False,False,False,False,38489.90893247802,False,False,False,False
2025-03-11 17:00:00+00:00,6.985,7.05,6.95,7.01,9783.0,,,,7.277819354043289,7.793174983246658,7.397931637642638,7.548839858517914,,,7.793174983246658,7.548839858517914,7.504441458362624,,"rgba(239, 83, 80, 0.5)",0.5410483650592939,7.449681402992921,-0.8126471335787809,48.64913134286006,6.47044029429059,True,False,False,True,False,0.0,0.0,0.0,0.0,0.0,0,0.8724472715098761,0.9081017743555406,False,False,False,False,-0.17281106911205862,-0.15665151647920372,False,False,False,False,513841.0,509187.7939562094,False,False,False,False,38044.84057693573,False,False,False,False
2025-03-12 17:00:00+00:00,6.85,6.89,6.745,6.79,13998.0,,,,7.25144909014305,7.789214644221569,7.3966648588165524,7.547861825336797,,,7.789214644221569,7.547861825336797,7.496297604629492,,"rgba(239, 83, 80, 0.5)",0.5407078443789904,7.445331064392617,-1.2119873443768374,45.00182802764739,2.534084699337072,False,False,False,True,False,0.0,0.0,0.0,0.0,0.0,0,0.8676544031962713,0.9071083735641751,False,False,False,False,-0.208392507852092,-0.18252201216564787,False,False,False,False,499843.0,509042.9134297565,False,False,False,False,37672.02134318479,False,False,False,False
2025-03-13 17:00:00+00:00,6.72,6.915,6.67,6.905,16011.0,,,,7.226007310746307,7.784822857576973,7.395275682593911,7.546778989963509,,,7.784822857576973,7.546778989963509,7.488221210220176,,"rgba(239, 83, 80, 0.5)",0.5380947369617618,7.405490534588001,-0.9301160190005103,44.45505687352194,1.555706934722437,False,False,False,True,False,0.0,0.0,0.0,0.0,0.0,0,0.8601859678782757,0.9149619611158073,False,False,False,False,-0.2133054737280952,-0.19791374294687153,False,False,False,False,515854.0,509148.5116711556,False,False,False,False,37336.191554918354,False,False,False,False
2025-03-14 17:00:00+00:00,7.17,7.24,7.1,7.145,37621.0,,,,7.218014630049717,7.7781902091702975,7.39393773820853,7.545418847779244,,,7.7781902091702975,7.545418847779244,7.483890356301947,,"rgba(239, 83, 80, 0.5)",0.5265684250943158,7.417510693547028,-0.5175219032516387,47.40716693130575,1.555706934722437,False,False,False,True,False,0.0,0.0,0.0,0.0,0.0,0,0.8618132794068084,0.9154027637344119,False,False,False,False,-0.14005389988603156,-0.16898382141645155,False,False,False,False,553475.0,509835.744048347,False,False,False,False,37340.60718972582,False,False,False,False
2025-03-17 17:00:00+00:00,7.09,7.13,7.035,7.055,16164.0,,,,7.210683759076228,7.7749815175926456,7.393150748457218,7.5447035653557935,,,7.7749815175926456,7.5447035653557935,7.480879897620471,,#000000,0.5258213909067763,7.415831582083811,-0.6862246160460671,48.149103992629946,1.555706934722437,True,False,False,False,True,0.0,0.0,0.0,0.0,0.0,0,0.8474870017331024,0.927209705372617,False,False,False,False,-0.1568725795858795,-0.16292820050116552,False,False,False,False,537311.0,510261.71700883773,False,False,False,False,37012.28769841225,False,False,False,False
2025-03-18 17:00:00+00:00,7.035,7.05,6.995,7.0,13081.0,,,,7.202975837017051,7.7721920252798125,7.392401035902597,7.544054856707061,,,7.7721920252798125,7.544054856707061,7.4779059387266305,,"rgba(239, 83, 80, 0.5)",0.5215328844373587,7.413479967472071,-0.7928166752478945,47.89446602048378,1.555706934722437,False,False,False,True,True,0.0,0.0,0.0,0.0,0.0,0,0.8431890179514258,0.9362900387187612,False,False,False,False,-0.16845591136519164,-0.1656920559331786,False,False,False,False,524230.0,510478.27953583247,False,False,False,False,36641.2599821578,False,False,False,False
2025-03-19 17:00:00+00:00,7.01,7.22,6.915,7.0,60414.0,,,,7.178660406889745,7.76007021527251,7.389248942488054,7.541248051637935,,,7.76007021527251,7.541248051637935,7.4673069040720605,,"rgba(239, 83, 80, 0.5)",0.515820321045619,7.406046848183924,-0.787186606686659,47.724707372386334,1.555706934722437,False,False,False,True,True,0.0,0.0,0.0,0.0,0.0,0,0.8333040576146147,0.9290356578253998,False,False,False,False,-0.15976438224631842,-0.1627282190897485,False,False,False,False,524230.0,510691.48450426914,False,False,False,False,37009.829594837516,False,False,False,False
2025-03-20 17:00:00+00:00,6.995,7.13,6.985,7.095,14478.0,,,,7.174794934608403,7.7573245272558395,7.388556274502814,7.5406137445655705,,,7.7573245272558395,7.5406137445655705,7.465322370233157,,#000000,0.5094200288227463,7.404718462875705,-0.6079825003964895,49.19146775110749,1.555706934722437,True,False,False,False,True,0.0,0.0,0.0,0.0,0.0,1,0.8395018417821438,0.9235221890896335,False,False,False,False,-0.16169372080184813,-0.1622109699457983,False,False,False,False,538708.0,511125.8490855983,False,False,False,False,36660.498903444684,False,False,False,False
2025-03-21 17:00:00+00:00,7.095,7.22,7.075,7.165,38868.0,,,,7.172923978510057,7.750941044058112,7.3871940878637306,7.539219327709216,,,7.750941044058112,7.539219327709216,7.4625696095352785,,#000000,0.5008794787693485,7.4037596649561195,-0.4766808685050294,51.27819953073663,1.555706934722437,True,False,False,False,True,0.0,0.0,0.0,0.0,0.0,1,0.8406583785676766,0.9226054981614429,False,False,False,False,-0.14437081826291215,-0.15329089410435523,False,False,False,False,577576.0,512156.083983496,False,False,False,False,36694.72372664709,False,False,False,False
2025-03-24 17:00:00+00:00,7.265,7.3,7.215,7.27,33565.0,,,,7.179137042143547,7.7465158912149,7.386569456858429,7.538359010336737,,,7.7465158912149,7.538359010336737,7.462645350138403,,"rgba(38, 166, 154, 1.0)",0.4835708208098797,7.405280295064312,-0.27975280815692366,54.22783569476513,-0.5241179272938083,True,False,True,False,True,0.0,0.0,0.0,0.0,0.0,0,0.8451172558627933,0.9177458872943648,False,False,False,False,-0.12331358028133241,-0.13830223719284382,False,False,False,False,611141.0,513690.733844217,False,False,False,False,36646.20087817194,False,False,False,False
2025-03-25 17:00:00+00:00,7.395,7.395,6.99,6.99,64771.0,,,7.125,7.172693477866717,7.7358546531844645,7.384081656382402,7.5359012208649565,,,7.7358546531844645,7.5359012208649565,7.390706201659708,,#000000,0.47074880928308627,7.385199846533311,-0.8395132154134801,51.39489901674615,-0.5241179272938083,True,False,False,False,False,0.0,0.0,0.0,0.0,0.0,1,0.8364801662913565,0.9182400831456783,False,False,False,False,-0.13574216148204626,-0.13702219933744503,False,False,False,False,546370.0,514197.38913345395,False,False,False,False,37082.24427540958,False,False,False,False
2025-03-26 17:00:00+00:00,6.635,6.875,6.615,6.81,39861.0,,,6.988487986466856,7.144982387322524,7.7257302278787,7.380488809949017,7.533096708379757,,,7.7257302278787,7.533096708379757,7.35455722399937,,"rgba(239, 83, 80, 0.5)",0.4731188735069344,7.36576557413964,-1.1746848524982698,47.256148525769625,2.319113106604874,False,False,False,True,False,0.0,0.0,0.0,0.0,0.0,1,0.826258807355216,0.9372744457810621,False,False,False,False,-0.22266833708240716,-0.17984526820992608,False,False,False,False,506509.0,514078.1893019275,False,False,False,False,37125.32575951176,False,False,False,False
2025-03-27 17:00:00+00:00,6.575,6.78,6.56,6.74,35332.0,,,6.913980225867604,7.119218496638847,7.716258563927751,7.376962648480603,7.530391664288663,,,7.716258563927751,7.530391664288663,7.331362319840693,,"rgba(239, 83, 80, 0.5)",0.4744178224627236,7.3507771470289525,-1.2874245403732545,43.708774260177805,-0.9118809238687362,False,False,False,True,False,0.0,0.0,0.0,0.0,0.0,1,0.8304968196664949,0.9386281588447656,False,False,False,False,-0.23753107610918137,-0.2086881721595537,False,False,False,False,471177.0,513413.05458406813,False,False,False,False,37097.52225936429,False,False,False,False
2025-03-28 17:00:00+00:00,6.535,6.55,6.455,6.47,16073.0,,,6.870478711245838,7.103345371970276,7.711168878900629,7.374900823665654,7.528871779073543,,,7.711168878900629,7.528871779073543,7.317753112971188,,"rgba(239, 83, 80, 1.0)",0.47975723966294787,7.3418065780752215,-1.8171827457730645,38.80058343523914,-5.341943108476023,False,True,False,True,False,0.0,0.0,0.0,0.0,0.0,0,0.8162356567905464,0.9451960952217846,False,False,False,False,-0.27111078655439114,-0.23989947935697242,False,False,False,False,455104.0,512509.0382339275,False,False,False,False,36771.56067394779,False,False,False,False
2025-03-31 17:00:00+00:00,6.355,6.52,6.35,6.465,46009.0,,,6.773590626227031,7.058897159493618,7.69628210445492,7.36874253474669,7.5243509432909725,,,7.69628210445492,7.5243509432909725,7.284372673642646,,"rgba(239, 83, 80, 1.0)",0.4864683077184131,7.317821076391926,-1.7530866098795739,35.48669390608633,-8.252740293152861,False,True,False,True,False,0.0,0.0,0.0,0.0,0.0,0,0.8168604651162791,0.9442544459644323,False,False,False,False,-0.2848094083176659,-0.26235444383731915,False,False,False,False,409095.0,510905.7198116961,False,False,False,False,36914.77678752999,False,False,False,False
2025-04-01 17:00:00+00:00,6.445,6.445,6.245,6.245,40700.0,,,6.69614216094189,7.016784394012616,7.682029437398264,7.362585885987607,7.519892936635735,,,7.682029437398264,7.519892936635735,7.2554869629952226,,"rgba(239, 83, 80, 1.0)",0.49750464708771935,7.295617128095433,-2.111773496479902,31.581921678500013,-11.75947882954636,False,True,False,True,False,0.0,0.0,0.0,0.0,0.0,0,0.8124786907603138,0.9485168769178317,False,False,False,False,-0.3032385278839612,-0.2827964858606402,False,False,False,False,368395.0,508696.2512874837,False,False,False,False,36973.46241873108,False,False,False,False
2025-04-02 17:00:00+00:00,6.135,6.15,6.075,6.11,22303.0,,,6.646960473975253,6.989668527508307,7.673221119527536,7.358606166363024,7.517061803535196,,,7.673221119527536,7.517061803535196,7.237103618181862,,"rgba(239, 83, 80, 1.0)",0.5139454961111881,7.281339952582446,-2.279113177263908,28.119153463518273,-14.887572640344665,False,True,False,True,False,0.0,0.0,0.0,0.0,0.0,0,0.8066110069858579,0.9601294939512696,False,False,False,False,-0.34282825441539394,-0.3128123701380171,False,False,False,False,346092.0,506175.2551434917,False,False,False,False,36746.01338898331,False,False,False,False
2025-04-03 17:00:00+00:00,5.735,5.745,5.645,5.665,16829.0,,,6.589528418914093,6.96082784597298,7.6648416126394325,7.354598143495585,7.5142867927803545,,,7.6648416126394325,7.5142867927803545,7.216816562760489,,"rgba(239, 83, 80, 1.0)",0.5437612834078349,7.266094571128104,-2.9444806388086326,23.78403474364422,-18.854718825399395,False,True,False,True,False,0.0,0.0,0.0,0.0,0.0,0,0.8084206966520122,0.9587419682110249,False,False,False,False,-0.34282825441539394,-0.3278203122767055,False,False,False,False,329263.0,503432.42948235234,False,False,False,False,36437.22248372775,False,False,False,False
2025-04-04 17:00:00+00:00,5.335,5.365,5.18,5.325,39943.0,,,6.428236695761516,6.877534396770996,7.64132102989237,7.342929153823169,7.506318978811639,,,7.64132102989237,7.506318978811639,7.1592680510119395,,"rgba(239, 83, 80, 1.0)",0.5840816153016082,7.222258842237583,-3.2482769403003307,19.897427861531266,-22.411612454254943,False,True,False,True,False,0.0,0.0,0.0,0.0,0.0,0,0.8045439358503175,0.9612429001002339,False,False,False,False,-0.34282825441539394,-0.3353242833460497,False,False,False,False,289320.0,500112.8569322383,False,False,False,False,36491.57562351492,False,False,False,False
2025-04-07 17:00:00+00:00,5.025,5.32,5.025,5.235,50096.0,,,6.26189926336611,6.778429067400886,7.611286305761627,7.32779879510139,7.495973826001112,,,7.611286305761627,7.495973826001112,7.095077451526225,,"rgba(239, 83, 80, 1.0)",0.6238965610731649,7.170266968519984,-3.1019035674617754,17.08153996625534,-25.042533465287086,False,True,False,True,False,0.0,0.0,0.0,0.0,0.0,0,0.8042609853528631,0.958555259653795,False,False,False,False,-0.34282825441539394,-0.33907626888072184,False,False,False,False,239224.0,496068.0684526687,False,False,False,False,36702.49693167747,False,False,False,False
2025-04-08 17:00:00+00:00,5.075,5.1,4.76,4.8,76812.0,,,6.026491330699227,6.621869589123549,7.560976554558975,7.301734393832153,7.47820138720471,,,7.560976554558975,7.47820138720471,6.997854651083723,,"rgba(239, 83, 80, 1.0)",0.6778989666676087,7.087342137229937,-3.374163776165601,14.317942279245203,-27.726429640418495,False,True,False,True,False,0.0,0.0,0.0,0.0,0.0,0,0.7909660402242005,0.9676887570062643,False,False,False,False,-0.34282825441539394,-0.3409522616480579,False,False,False,False,162412.0,490895.10615107697,False,False,False,False,37324.34969242666,False,False,False,False
2025-04-09 17:00:00+00:00,4.42,5.1,4.4,5.01,31962.0,,,5.9473777714443035,6.562440175133074,7.54020430265539,7.290830917980698,7.470735973268765,,,7.54020430265539,7.470735973268765,6.962317828096447,,"rgba(239, 83, 80, 1.0)",0.7175777259592131,7.055329947250479,-2.850325300323962,15.880704027780025,-27.726429640418495,False,True,False,True,False,0.0,0.0,0.0,0.0,0.0,0,0.7889699918897,0.9678832116788322,False,False,False,False,-0.34282825441539394,-0.3418902580317259,False,False,False,False,194374.0,486297.8796991223,False,False,False,False,37241.21248789291,False,False,False,False
2025-04-10 17:00:00+00:00,4.345,4.475,4.255,4.365,65967.0,,,5.756427095795422,6.421165379398841,7.491010511306075,7.2643622928341935,7.452725338549787,,,7.491010511306075,7.452725338549787,6.877138123576865,,"rgba(239, 83, 80, 1.0)",0.7794545447858973,6.978461781003177,-3.352936740808984,15.154837182078904,-27.726429640418495,False,True,False,True,False,0.0,0.0,0.0,0.0,0.0,0,0.7674493406239948,0.9805403666773881,False,False,False,False,-0.34282825441539394,-0.3423592562235599,False,False,False,False,128407.0,480749.18388983357,False,False,False,False,37686.573534592244,False,False,False,False
2025-04-11 17:00:00+00:00,4.325,4.36,4.25,4.31,45457.0,,,5.645128176114437,6.331463188531311,7.457373250900183,7.2460386949712525,7.440203349911065,,4.306666666666666,7.457373250900183,7.440203349911065,6.824041332085651,4.306666666666666,"rgba(239, 83, 80, 1.0)",0.8363706073223736,6.734318614034837,-2.898617661608474,14.551851838205685,-28.356472935168043,False,True,False,True,False,0.0,0.0,0.0,0.0,0.0,0,0.764952442366597,0.9866193777204578,True,False,False,False,-0.34282825441539394,-0.3425937553194769,False,False,False,False,82950.0,474581.75468223926,False,False,False,False,37807.0452627381,True,False,False,False
2025-04-14 17:00:00+00:00,4.315,4.435,4.305,4.34,92497.0,,,5.47149624897022,6.174805209606747,7.392197649928952,7.210109646327687,7.4154570909301665,,4.342426219367808,7.392197649928952,7.4154570909301665,6.732813169152754,4.342426219367808,"rgba(239, 83, 80, 1.0)",0.8853829272850992,6.6489450190466695,-2.607849042364891,14.60464690414367,-28.864184057048227,False,True,False,True,False,0.0,0.0,0.0,0.0,0.0,0,0.7648953301127216,0.9872785829307568,False,False,False,False,-0.3338727034303587,-0.3382332293749178,False,False,False,False,175447.0,469944.0065476309,False,False,False,False,38654.951537734414,False,False,False,False
2025-04-15 17:00:00+00:00,4.295,4.535,4.295,4.53,77585.0,,,5.367856153549105,6.067235227695563,7.341226694940669,7.1816202189169696,7.395629648846618,,4.382348128799582,7.341226694940669,7.395629648846618,6.670713588789785,4.382348128799582,"rgba(239, 83, 80, 0.75)",0.917857704530375,6.5882841942118295,-2.2424872439949257,17.50747353215801,-28.864184057048227,False,True,False,True,True,0.0,0.0,0.0,0.0,0.0,0,0.7680089844376706,0.9834750521418258,False,False,False,False,-0.3277029016832077,-0.3329680655290628,False,False,False,False,253032.0,466581.02970193117,False,False,False,False,39258.51818056024,False,False,False,False
2025-04-16 17:00:00+00:00,4.505,4.535,4.45,4.495,31881.0,,,5.332745418795971,6.027833764561304,7.321073822499152,7.170252544471469,7.387668669298753,,4.396648990919623,7.321073822499152,7.387668669298753,6.64791484392533,4.396648990919623,"rgba(239, 83, 80, 0.75)",0.9480147440599005,6.565272899792326,-2.183798208587266,19.28357702980389,-28.864184057048227,False,True,False,True,True,0.0,0.0,0.0,0.0,0.0,0,0.7754148541968746,0.9798614467536652,False,False,False,False,-0.3171330496721796,-0.3250505576006212,False,False,False,False,221151.0,462775.91296236636,False,False,False,False,39144.13805372985,False,False,False,False
2025-04-17 17:00:00+00:00,4.68,5.27,4.64,5.105,396776.0,,,5.223545200895044,5.784857690757966,7.133607888632667,7.061998661569495,7.309014206382747,,4.7713471883298455,7.133607888632667,7.309014206382747,6.502604729647584,4.7713471883298455,"rgba(239, 83, 80, 0.75)",0.9600751284416528,6.410086843039672,-1.3593590796982988,27.83578123534908,-28.522542130408162,False,True,False,True,True,0.0,0.0,0.0,0.0,0.0,0,0.780800253044441,0.9625177921872528,False,False,False,False,-0.25537301287672587,-0.2902117852386735,False,False,False,False,617927.0,465181.35617225216,False,False,False,False,44688.81808390458,False,False,False,False
2025-04-18 17:00:00+00:00,5.105,5.105,5.105,5.105,0.0,,,5.223545200895044,5.784857690757966,7.133607888632667,7.061998661569495,7.309014206382747,,4.7713471883298455,7.133607888632667,7.309014206382747,6.502604729647584,4.7713471883298455,"rgba(239, 83, 80, 0.75)",0.9723529556031977,6.410086843039672,-1.3421945555048604,33.537250705712545,-23.417393317611783,False,True,False,True,True,0.0,0.0,0.0,0.0,0.0,0,0.7968923418423974,0.962422704931029,False,False,False,False,-0.23576594397099013,-0.26298886460483184,False,False,False,False,617927.0,467549.5056889614,False,False,False,False,43995.968191130865,False,False,False,False
2025-04-21 17:00:00+00:00,4.655,4.74,4.595,4.71,44349.0,,,5.204089474901427,5.756323427348333,7.111623873021032,7.048770767156489,7.299355561848008,,4.765570889823226,7.111623873021032,7.299355561848008,6.484032620855058,4.765570889823226,"rgba(239, 83, 80, 0.75)",0.9931053671540973,6.38813271506247,-1.6897831494672402,34.49007166376056,-22.663313915278533,False,True,False,True,True,0.0,0.0,0.0,0.0,0.0,0,0.7981522079549015,0.9613216410898842,False,False,False,False,-0.2935117414480289,-0.2782503030264304,False,False,False,False,573578.0,469193.3583139388,False,False,False,False,44001.44155250868,False,False,False,False
2025-04-22 17:00:00+00:00,5.21,5.225,5.13,5.195,47451.0,,,5.20332161414276,5.740893315309087,7.0933013781956795,7.037744695695461,7.291065160605096,,4.792504793957214,7.0933013781956795,7.291065160605096,6.4732652327896165,4.792504793957214,"rgba(239, 83, 80, 0.5)",1.0000690156364411,6.3750035531676135,-1.1799221200915442,39.53525962119666,-17.963703926081926,False,False,False,True,True,0.0,0.0,0.0,0.0,0.0,0,0.8025949953660797,0.9589125733704046,False,False,False,False,-0.22635349137221972,-0.25230189719932505,False,False,False,False,621029.0,471547.3992703118,False,False,False,False,44054.923078826374,False,False,False,False
2025-04-23 17:00:00+00:00,5.195,5.245,5.145,5.165,16320.0,,,5.203091425745756,5.735791974318357,7.087085293689496,7.033985901909697,7.288231048050174,,4.801019197163604,7.087085293689496,7.288231048050174,6.469637128742695,4.801019197163604,"rgba(239, 83, 80, 0.5)",1.0065741246766045,6.370544974146315,-1.197671333478433,42.662699438146376,-15.070219448609315,False,False,False,True,True,0.0,0.0,0.0,0.0,0.0,0,0.8069605568445477,0.9577726218097447,False,False,False,False,-0.22408747596510556,-0.23819468658221532,False,False,False,False,604709.0,473611.92021185736,False,False,False,False,43624.924271402706,False,False,False,False
2025-04-24 17:00:00+00:00,5.435,5.475,5.395,5.475,18662.0,,,5.206564846690083,5.7328067795811615,7.081003852272952,7.0303158464182,7.285404156027587,,4.8166878367476125,7.081003852272952,7.285404156027587,6.467219096197996,4.8166878367476125,#000000,1.0063985607417507,6.367411910610541,-0.8867380632508091,47.17011991020691,-10.853955685549963,True,False,False,False,True,0.0,0.0,0.0,0.0,0.0,0,0.806565967940814,0.9576140567200987,False,False,False,False,-0.19322767340441077,-0.21571117999331305,False,False,False,False,623371.0,475933.76641012315,False,False,False,False,43237.90218967554,False,False,False,False
2025-04-25 17:00:00+00:00,5.365,5.44,5.36,5.44,22427.0,,,5.210025278662273,5.728868934164338,7.073599551832196,7.02583070018235,7.281953913167361,,4.833553080288966,7.073599551832196,7.281953913167361,6.464055675601704,4.833553080288966,#000000,1.0045971493252588,6.363328858417212,-0.9191036019138306,49.84264743360169,-8.314058184425129,True,False,False,False,True,0.0,0.0,0.0,0.0,0.0,0,0.8050547079673296,0.9566959469872092,False,False,False,False,-0.1977041496527264,-0.20670766482301972,False,False,False,False,600944.0,477871.90956655535,False,False,False,False,42915.25254332398,False,False,False,False
2025-04-28 17:00:00+00:00,5.355,5.43,5.325,5.415,44815.0,,,5.215849305859434,5.720723006999069,7.0587938604581435,7.016813715596062,7.275011768258038,,4.863303227871761,7.0587938604581435,7.275011768258038,6.457438331434149,4.863303227871761,"rgba(38, 166, 154, 1.0)",1.0091307337693376,6.354772458346087,-0.9312692864241867,51.36564071298956,-6.701979222507745,True,False,True,False,True,0.0,0.0,0.0,0.0,0.0,0,0.8010835913312694,0.9636222910216716,False,False,False,False,-0.20058600945142357,-0.20364683713722165,False,False,False,False,556129.0,479085.1977903297,False,False,False,False,42944.705992264695,False,False,False,False
2025-04-29 17:00:00+00:00,5.435,5.54,5.43,5.5,17480.0,,5.49,5.219266517536893,5.718579797443015,7.053431121331497,7.0135380895426325,7.2724607056690305,,4.876105214054771,7.053431121331497,7.2724607056690305,6.294546038587178,4.876105214054771,"rgba(38, 166, 154, 1.0)",1.010572280113272,6.241419903136596,-0.7336634080775427,53.15663089058037,-4.710368428437242,True,False,True,False,True,0.0,0.0,0.0,0.0,0.0,0,0.7972239948947034,0.973356732610083,False,False,False,False,-0.18684590470508788,-0.19524637092115477,False,False,False,False,573609.0,480550.68309590593,False,False,False,False,42549.90434897377,False,False,False,False
2025-04-30 17:00:00+00:00,5.285,5.31,5.185,5.285,41277.0,,5.328424187756352,5.220431185860693,5.708736694760895,7.039070256779841,7.004699244216576,7.265691917053151,,4.8937712468287,7.039070256779841,7.265691917053151,6.261175581071252,4.8937712468287,"rgba(38, 166, 154, 1.0)",1.0134140052051532,6.222341263540212,-0.9249341914812581,51.9519620298681,-4.710368428437242,True,False,True,False,True,0.0,0.0,0.0,0.0,0.0,0,0.7832314129385259,0.9845510138397168,False,False,False,False,-0.21661844532255214,-0.20593240812185346,False,False,False,False,532332.0,481353.49421069806,False,False,False,False,42530.16939782688,False,False,False,False
2025-05-01 17:00:00+00:00,5.135,5.345,5.135,5.28,49509.0,,5.294085862597676,5.221522140530318,5.697306597024542,7.022082417586642,6.994174404670657,7.257606239336282,,4.912579300345348,7.022082417586642,7.257606239336282,6.247796276957686,4.912579300345348,#000000,1.014033734357205,6.209479494583524,-0.9166159498359492,51.09423409403101,-4.710368428437242,True,False,False,False,True,0.0,0.0,0.0,0.0,0.0,0,0.793888166449935,0.9827698309492846,False,False,False,False,-0.21759161706179042,-0.21176201259182192,False,False,False,False,482823.0,481376.2772461911,False,False,False,False,42638.36832189158,False,False,False,False
2025-05-02 17:00:00+00:00,5.455,5.47,5.385,5.415,34419.0,,5.325263412411956,5.22606934378484,5.692608052064958,7.01157847613154,6.987638972730549,7.2524967481208495,,4.9305011613425025,7.01157847613154,7.2524967481208495,6.249275834207449,4.9305011613425025,"rgba(38, 166, 154, 1.0)",1.0149808590038278,6.206090883710008,-0.7794145837256863,52.06274012524791,-4.600766597473431,True,False,True,False,True,0.0,0.0,0.0,0.0,0.0,0,0.7967213114754101,0.9906557377049181,False,False,False,False,-0.19187503011564394,-0.20181852135373293,False,False,False,False,517242.0,481932.3349633044,False,False,False,False,42510.936254885506,False,False,False,False
2025-05-05 17:00:00+00:00,5.225,5.225,4.925,4.935,64783.0,,5.232545396559148,5.218024652514802,5.6718365115443525,6.987352930269908,6.972415300404887,7.2408963694628685,,4.936562110304413,6.987352930269908,7.2408963694628685,6.2205118601259946,4.936562110304413,"rgba(239, 83, 80, 0.5)",1.0231054211090405,6.18187414400661,-1.2187152157350567,47.89388172971323,-4.600766597473431,True,False,False,True,False,0.0,0.0,0.0,0.0,0.0,0,0.7907127780483847,0.9917194349732099,False,False,False,False,-0.23352051525086426,-0.21766951830229858,False,False,False,False,452459.0,481475.3840336408,False,False,False,False,42856.239568763245,False,False,False,False
2025-05-06 17:00:00+00:00,4.775,4.79,4.685,4.745,80527.0,,5.0948235501773755,5.195014004848745,5.636972251261058,6.953740162055418,6.951060363008002,7.224787126727758,,4.922507460831191,6.953740162055418,7.224787126727758,6.176066243013061,4.922507460831191,"rgba(239, 83, 80, 0.5)",1.033338201092867,6.143857629745112,-1.353726813027592,43.71128523401704,0.2976534680782663,True,False,False,True,False,0.0,0.0,0.0,0.0,0.0,0,0.7959947899706938,0.9964181048518397,False,False,False,False,-0.28061615339692986,-0.24914283584961422,False,False,False,False,371932.0,479777.0369943595,False,False,False,False,43440.282366146756,False,False,False,False
2025-05-07 17:00:00+00:00,4.755,4.785,4.63,4.705,64249.0,,5.024024071382337,5.17695204481896,5.610006245472482,6.927241541018727,6.934060509475926,7.211911910589533,,4.910858595192015,6.927241541018727,7.211911910589533,6.147366053792994,4.910858595192015,"rgba(239, 83, 80, 0.5)",1.0387447466286668,6.116337425006909,-1.3586951265818896,40.63319150675484,-2.693911100834285,False,False,False,True,False,0.0,0.0,0.0,0.0,0.0,0,0.7911443919908842,0.9957675402897607,False,False,False,False,-0.28480234180051817,-0.2669725888250662,False,False,False,False,307683.0,477108.9123897958,False,False,False,False,43762.8981434158,False,False,False,False
2025-05-08 17:00:00+00:00,4.825,4.825,4.705,4.71,41258.0,,4.994943630104379,5.166969524698509,5.59422995365246,6.910852919334616,6.923472662319335,7.20384408796188,,4.9053587903764,6.910852919334616,7.20384408796188,6.132385463011862,4.9053587903764,"rgba(239, 83, 80, 0.5)",1.0408995719659622,6.100659292748535,-1.3360167783737067,38.65638801573253,-4.684571477107021,False,False,False,True,False,0.0,0.0,0.0,0.0,0.0,0,0.792879206633068,0.9931718419769144,False,False,False,False,-0.2732905643795826,-0.2701315766023244,False,False,False,False,348941.0,475121.81297289976,False,False,False,False,43724.06251328532,False,False,False,False
2025-05-09 17:00:00+00:00,4.575,4.615,4.52,4.58,27634.0,,4.967169144884314,5.157860736406252,5.581865758945831,6.899136603020672,6.9158726895333915,7.198087090464517,,4.898036597012018,6.899136603020672,7.198087090464517,6.119998670542496,4.898036597012018,"rgba(239, 83, 80, 0.5)",1.0459530547748292,5.934646995120735,-1.2951317355369842,36.279385158202494,-7.09910407573075,False,False,False,True,False,0.0,0.0,0.0,0.0,0.0,0,0.7949722494286648,0.9949396016976818,False,False,False,False,-0.30057552454466335,-0.2853535505734939,False,False,False,False,321307.0,472737.08719037415,False,False,False,False,43474.604179746006,False,False,False,False
2025-05-12 17:00:00+00:00,4.875,4.875,4.75,4.77,21608.0,,4.95892915921315,5.153610038983262,5.574527101622468,6.890940924784081,6.910535448269785,7.193989993190184,,4.8963547479346285,6.890940924784081,7.193989993190184,6.1137554443438225,4.8963547479346285,"rgba(239, 83, 80, 0.5)",1.0445309089825079,5.934175174247546,-1.114543537425413,37.68130112243024,-7.09910407573075,False,False,False,True,False,0.0,0.0,0.0,0.0,0.0,0,0.8058602062530693,0.9883778032411196,False,False,False,False,-0.2613594889317872,-0.2733565197526405,False,False,False,False,342915.0,470724.3416525389,False,False,False,False,43135.58706068018,False,False,False,False
2025-05-13 17:00:00+00:00,4.675,4.72,4.67,4.67,24656.0,,4.944566934103552,5.147394473183831,5.565138615184803,6.881172057328477,6.904157877279884,7.1891149019554605,,4.892394890294777,6.881172057328477,7.1891149019554605,6.105257476506002,4.892394890294777,"rgba(239, 83, 80, 0.5)",1.046849305520366,5.92586641348807,-1.1996630335096854,37.64555330474694,-7.09910407573075,False,False,False,True,False,0.0,0.0,0.0,0.0,0.0,0,0.8039954150974293,0.989683969215654,False,False,False,False,-0.276139368976511,-0.2747479443645757,False,False,False,False,318259.0,468360.53790598793,False,False,False,False,42849.0818349332,False,False,False,False
2025-05-14 17:00:00+00:00,4.595,4.595,4.53,4.56,53695.0,,4.905111882989985,5.130893371347163,5.54255051584856,6.858999603831818,6.889618980659514,7.178036356569475,,4.879330624861296,6.858999603831818,7.178036356569475,6.084201785207753,4.879330624861296,"rgba(239, 83, 80, 0.5)",1.052178229686887,5.90205476126688,-1.275501358421241,36.59831260929988,-7.643850731488392,False,False,False,True,False,0.0,0.0,0.0,0.0,0.0,0,0.8060217176702864,0.9879894702204669,False,False,False,False,-0.29741944123561426,-0.286083692800095,False,False,False,False,264564.0,465200.90165938344,False,False,False,False,43017.23560493423,False,False,False,False
2025-05-15 17:00:00+00:00,4.615,4.635,4.605,4.61,50854.0,,4.879465202899792,5.117529653021618,5.52322367614519,6.838881103559748,6.876336179340229,7.1678485365360105,,4.86985834676553,6.838881103559748,7.1678485365360105,6.067214058583765,4.86985834676553,"rgba(239, 83, 80, 0.5)",1.0554210892699085,5.8841894220024695,-1.2072806152508233,36.77579906851215,-7.912201328466679,False,False,False,True,False,0.0,0.0,0.0,0.0,0.0,0,0.8097906708422616,0.9821987802867974,False,False,False,False,-0.2869817398937439,-0.28653271634691946,False,False,False,False,315418.0,462878.6861297806,False,False,False,False,43138.73582811354,False,False,False,False
2025-05-16 17:00:00+00:00,4.675,4.745,4.67,4.67,20087.0,,4.873206542057127,5.113236419658788,5.51645075792581,6.831310164078685,6.871312630884578,7.163969581915323,,4.867402576881342,6.831310164078685,7.163969581915323,6.061581016086719,4.867402576881342,"rgba(239, 83, 80, 0.5)",1.0564595386273727,5.878454596559733,-1.1438721052486713,37.970549349715554,-7.912201328466679,False,False,False,True,False,0.0,0.0,0.0,0.0,0.0,0,0.8123036216305608,0.9745328261948072,False,False,False,False,-0.2717863332432309,-0.2791595247950752,False,False,False,False,335505.0,460903.9002983111,False,False,False,False,42781.34457496449,False,False,False,False
2025-05-19 17:00:00+00:00,4.625,4.665,4.62,4.64,22376.0,,4.864774193320876,5.107958623644728,5.508553830686723,6.822730213794803,6.86560732987467,7.159569876613885,,4.863925394272833,6.822730213794803,7.159569876613885,6.05486567798928,4.863925394272833,"rgba(239, 83, 80, 0.5)",1.0590306506040905,5.871297484395635,-1.1626646345818985,38.38925982304875,-7.912201328466679,False,False,False,True,False,0.0,0.0,0.0,0.0,0.0,0,0.8086696562032886,0.9812323534296629,False,False,False,False,-0.2830622717832737,-0.28111089828917446,False,False,False,False,313129.0,458612.81657275587,False,False,False,False,42464.98264356969,False,False,False,False
2025-05-20 17:00:00+00:00,4.745,4.785,4.635,4.675,39155.0,,4.854802772069784,5.1000904308594714,5.495954179246783,6.808263026017106,6.855946354321787,7.1520802376080725,,4.859579092055367,6.808263026017106,7.1520802376080725,6.044522833353835,4.859579092055367,"rgba(239, 83, 80, 0.5)",1.0602154294089299,5.860368054954393,-1.1180445238523233,39.38849858580444,-7.912201328466679,False,False,False,True,True,0.0,0.0,0.0,0.0,0.0,0,0.8119714806831373,0.9721439230641684,False,False,False,False,-0.271354004582448,-0.2762324514358112,False,False,False,False,352284.0,456964.3077886821,False,False,False,False,42413.665083204265,False,False,False,False
2025-05-21 17:00:00+00:00,4.605,4.615,4.475,4.475,24259.0,,4.842880023781914,5.093287718451121,5.486656730082214,6.798655864329565,6.849517287538966,7.147130305923951,,4.854171988624795,6.798655864329565,7.147130305923951,6.036354655017955,4.854171988624795,"rgba(239, 83, 80, 0.5)",1.0623874609186243,5.851201115741665,-1.2953853150259254,37.48853967983806,-8.504445438028583,False,False,False,True,True,0.0,0.0,0.0,0.0,0.0,0,0.812178529948565,0.9749460759913722,False,False,False,False,-0.30010960411338605,-0.28817102777459863,False,False,False,False,328025.0,454965.24875319866,False,False,False,False,42132.197407495674,False,False,False,False
2025-05-22 17:00:00+00:00,4.505,4.555,4.49,4.49,24387.0,,4.8313773883422835,5.086491659922832,5.477392358930239,6.7890369793632965,6.843062283689364,7.142154116698795,,4.848749696784388,6.7890369793632965,7.142154116698795,6.028252464491135,4.848749696784388,"rgba(239, 83, 80, 0.5)",1.073347848371444,5.8421121954399275,-1.259714823569492,36.563448350264444,-9.62085397329951,False,False,False,True,False,0.0,0.0,0.0,0.0,0.0,0,0.8148950349883373,0.9738420526491168,False,False,False,False,-0.30406744015717474,-0.2961192339658867,False,False,False,False,352412.0,453375.27590431186,False,False,False,False,41857.07806784458,False,False,False,False
2025-05-23 17:00:00+00:00,4.435,4.465,4.43,4.45,50765.0,,4.80555295329567,5.071338110081628,5.457432583456138,6.768721490837393,6.8293770214505845,7.13160755425668,4.448333333333332,4.835974959328338,6.768721490837393,7.13160755425668,6.01067161889635,4.642154146330835,"rgba(239, 83, 80, 0.5)",1.0849850831373837,5.670920876829179,-1.1252881682932616,35.43409451539752,-10.912343343383455,False,False,False,True,False,0.0,0.0,0.0,0.0,0.0,0,0.817892444295527,0.9725247110068688,False,False,False,False,-0.31732802900432233,-0.3067236314851045,False,False,False,False,301647.0,451022.89953370235,False,False,False,False,41995.185384622186,False,False,False,False
2025-05-26 17:00:00+00:00,4.45,4.45,4.45,4.45,0.0,,4.80555295329567,5.071338110081628,5.457432583456138,6.768721490837393,6.8293770214505845,7.13160755425668,4.448333333333332,4.835974959328338,6.768721490837393,7.13160755425668,6.01067161889635,4.642154146330835,"rgba(239, 83, 80, 0.5)",1.0965978838749069,5.670920876829179,-1.1133715419137666,34.68119195881956,-11.839864872491276,False,False,False,True,False,0.0,0.0,0.0,0.0,0.0,0,0.8118561053876037,0.9763553453808479,False,False,False,False,-0.31688428859862805,-0.3118039600418663,False,False,False,False,301647.0,448706.9941145752,False,False,False,False,41344.09723912417,False,False,False,False
2025-05-27 17:00:00+00:00,4.655,4.655,4.585,4.59,47905.0,,4.793855908624189,5.061227031073694,5.442200483419868,6.751184647856092,6.817472593423322,7.122325702573104,4.526823671497584,4.829370535795086,6.751184647856092,7.122325702573104,5.998044394495044,4.678097103646335,"rgba(239, 83, 80, 0.5)",1.1049119446387619,5.662903267766785,-0.9710305630894036,37.833476296416265,-11.839864872491276,False,False,False,True,True,0.0,0.0,0.0,0.0,0.0,0,0.8108017443810803,0.9741697416974171,False,False,False,False,-0.2869817398937439,-0.29939284996780513,False,False,False,False,349552.0,447169.70738411666,False,False,False,False,41445.8166617734,False,False,False,False
2025-05-28 17:00:00+00:00,4.525,4.58,4.525,4.545,39198.0,,4.782477644020834,5.052220538296063,5.429268674178442,6.736649580335378,6.807564259521405,7.114601386004939,4.533413059351457,4.8228456238382345,6.736649580335378,7.114601386004939,5.98713034705951,4.678129341594846,"rgba(239, 83, 80, 0.5)",1.1134342539359217,5.651959821002498,-0.9941851681762645,39.111088325453196,-14.459361622740886,True,False,False,True,True,0.0,0.0,0.0,0.0,0.0,0,0.8072370645924924,0.9781873520459926,False,False,False,False,-0.2986330033195567,-0.29901292664368095,False,False,False,False,310354.0,445048.53362622333,False,False,False,False,41410.96679104823,False,False,False,False
2025-05-29 17:00:00+00:00,4.575,4.61,4.555,4.6,79930.0,,4.765610503570065,5.03613364461369,5.405127663171121,6.7081068220906745,6.787964338378237,7.099226628717949,4.553568329369416,4.812184585908601,6.7081068220906745,7.099226628717949,5.967028266756956,4.682876457639008,"rgba(239, 83, 80, 0.5)",1.12044518581429,5.632327792419901,-0.9213550162827925,41.35301768143598,-12.316210221972248,True,False,False,True,True,0.0,0.0,0.0,0.0,0.0,0,0.8151781104801239,0.9753914988814316,False,False,False,False,-0.2933552473526451,-0.296184086998163,False,False,False,False,390284.0,444199.47108938266,False,False,False,False,42008.16110436531,False,False,False,False
2025-05-30 17:00:00+00:00,4.475,4.555,4.475,4.525,20574.0,,4.760201656415953,5.031552525239061,5.398622961885475,6.700643655163399,6.782816441529591,7.0951899144567605,4.550527180205728,4.808785845928399,6.700643655163399,7.0951899144567605,5.961504525781706,4.679656513067064,"rgba(239, 83, 80, 0.5)",1.1292818693933526,5.626333494086247,-0.9752511963004246,41.337478672443495,-12.249751907064706,True,False,False,True,True,0.0,0.0,0.0,0.0,0.0,0,0.8094990466285319,0.9828393135725428,False,False,False,False,-0.30525303563262773,-0.30071856131539537,False,False,False,False,369710.0,443044.595568617,False,False,False,False,41675.84852910383,False,False,False,False
2025-06-02 17:00:00+00:00,4.525,4.54,4.48,4.48,30668.0,,4.751985605192467,5.024633702455425,5.38890386385042,6.6895202018162605,6.77512431478777,7.089153452480513,4.544767562444246,4.803552363957166,6.6895202018162605,7.089153452480513,5.953220190097142,4.674159963200706,"rgba(239, 83, 80, 0.5)",1.1383003253230823,5.617252062500529,-0.9990790981964656,40.465967568067924,-12.249751907064706,True,False,False,True,True,0.0,0.0,0.0,0.0,0.0,0,0.8066585746488645,0.9824865614704352,False,False,False,False,-0.3061376592338829,-0.3034281102746391,False,False,False,False,339042.0,441432.1522264679,False,False,False,False,41505.18421082315,False,False,False,False
2025-06-03 17:00:00+00:00,4.545,4.605,4.535,4.585,100583.0,,4.735376960654428,5.006224759984272,5.361021970182301,6.655037584202297,6.751075781975869,7.070118855194267,4.552994510622986,4.791516862158316,6.655037584202297,7.070118855194267,5.929809318698905,4.672255686390651,"rgba(239, 83, 80, 0.5)",1.1440907440542623,5.5932242610672205,-0.8812450116451621,42.76547711264034,-10.734108958082714,True,False,False,True,True,0.0,0.0,0.0,0.0,0.0,0,0.8057093425605537,0.9794117647058824,False,False,False,False,-0.2955523661777012,-0.29949023822617016,False,False,False,False,439625.0,441404.13436249166,False,False,False,False,42421.119339337514,False,False,False,False
2025-06-04 17:00:00+00:00,4.665,4.675,4.625,4.64,33823.0,,4.732663241258531,5.001341743433914,5.352886612048536,6.644084288675145,6.743369130639282,7.063964682940908,4.5608475401086315,4.788996505612403,6.644084288675145,7.063964682940908,5.923051616499386,4.6749220228605175,"rgba(239, 83, 80, 0.5)",1.147190261245056,5.586650950050627,-0.8251908877113537,45.6446762625263,-8.016396290758756,True,False,False,True,True,0.0,0.0,0.0,0.0,0.0,0,0.8095980595980597,0.9769577269577269,False,False,False,False,-0.2815376684506879,-0.290513953338429,False,False,False,False,473448.0,441900.93848090264,False,False,False,False,42287.81516353383,False,False,False,False
2025-06-05 17:00:00+00:00,4.635,4.665,4.605,4.62,30959.0,,4.729866918055729,4.996782398888068,5.3454289327947855,6.634079896414579,6.736308681106098,7.058320306610926,4.5657758696761475,4.786503960493636,6.634079896414579,7.058320306610926,5.91679785564503,4.676139915084892,"rgba(239, 83, 80, 0.5)",1.1409086705756069,5.580403927335752,-0.8417886129756664,47.04268939209792,-6.715092920852577,True,False,False,True,True,0.0,0.0,0.0,0.0,0.0,0,0.8025878650113658,0.9840881272949815,False,False,False,False,-0.2826010902277254,-0.2865575217830772,False,False,False,False,442489.0,441910.0557137569,False,False,False,False,42112.17461836276,False,False,False,False
2025-06-06 17:00:00+00:00,4.765,4.78,4.725,4.755,33188.0,,4.730532672369036,4.993619742533063,5.338952395344342,6.62411825081359,6.729232224167389,7.052604388226824,4.579087996042142,4.785955727166878,6.62411825081359,7.052604388226824,5.911509945575708,4.68252186160451,"rgba(38, 166, 154, 1.0)",1.1297225482551192,5.575740029020376,-0.7264969883871282,51.11344994941454,-2.962991372935491,True,False,True,False,True,0.0,0.0,0.0,0.0,0.0,0,0.8085704250087814,0.9792764313312259,False,False,False,False,-0.2568478614943795,-0.27170269163872834,False,False,False,False,475677.0,442433.57422982267,False,False,False,False,41973.81532195404,False,False,False,False
2025-06-09 17:00:00+00:00,4.835,4.905,4.825,4.855,48646.0,,4.735768122174694,4.991154058455901,5.331420787477315,6.610540577242853,6.719514273399787,7.0446695530916426,4.605715821547771,4.7877465009815205,6.610540577242853,7.0446695530916426,5.905511228640365,4.696731161264646,"rgba(38, 166, 154, 1.0)",1.1188695831705089,5.571223652565834,-0.6401314892628425,55.664510644486974,1.0920791395080087,True,False,True,False,True,0.0,0.0,0.0,0.0,0.0,0,0.8167567567567569,0.9722522522522521,False,False,False,False,-0.2358491037368319,-0.25377589768778014,False,False,False,False,524323.0,443703.17773013545,False,False,False,False,42077.260045644674,False,False,False,False
2025-06-10 17:00:00+00:00,4.905,5.09,4.895,5.085,98205.0,,4.757216640324701,4.99232382515866,5.321909254944222,6.586233878683021,6.701881560878584,7.02999823296017,4.672462551509983,4.798482986113204,6.586233878683021,7.02999823296017,5.898260565491559,4.735472768811594,"rgba(38, 166, 154, 1.0)",1.0971151893665234,5.568079988909944,-0.4403183855187308,61.7435148673101,6.428646483365462,True,False,True,False,True,0.0,0.0,0.0,0.0,0.0,0,0.8135562747213233,0.9701546206400576,False,False,False,False,-0.21229392850995749,-0.2330349130988688,False,False,False,False,622528.0,446475.6555947845,False,False,False,False,42947.45756431685,False,False,False,False
2025-06-11 17:00:00+00:00,5.16,5.355,5.155,5.325,116599.0,,4.799610801094385,5.0041573372072925,5.320368442115577,6.562877653320068,6.6845254335407835,7.015031869102992,4.769096986542971,4.823114578362262,6.562877653320068,7.015031869102992,5.897761922730183,4.796105782452617,"rgba(38, 166, 154, 1.0)",1.0692086911474432,5.574045134752638,-0.23292471976202347,67.82611943239444,11.640425724761116,True,False,True,False,True,0.0,0.0,0.0,0.0,0.0,0,0.8174503844090827,0.9663865546218486,False,False,False,False,-0.1644902999999034,-0.1987626065493861,False,False,False,False,739127.0,451012.88574060175,False,False,False,False,44089.34194316465,False,False,False,False
2025-06-12 17:00:00+00:00,5.515,5.57,5.475,5.52,96004.0,,4.844940078861672,5.021206277808395,5.32606318840665,6.54778998953709,6.672967927591427,7.004599540286555,4.85645562465011,4.851441658078068,6.54778998953709,7.004599540286555,5.902927833748631,4.853948641364089,"rgba(38, 166, 154, 1.0)",1.0407440598909041,5.585364643963191,-0.06280568535749673,73.05364806095595,16.035301031611056,True,False,True,False,True,0.0,0.0,0.0,0.0,0.0,0,0.8301516503122214,0.9600356824264049,False,False,False,False,-0.11652994481085842,-0.15764627568012227,False,False,False,False,835131.0,456968.20534152264,False,False,False,False,44894.22036265046,False,False,False,False
2025-06-13 17:00:00+00:00,5.685,6.04,5.555,5.985,212012.0,,4.968530697673884,5.078092330822258,5.357459363071975,6.526462959171137,6.655507591567624,6.987209878300204,5.061221138549399,4.934336457204234,6.526462959171137,6.987209878300204,5.928877136767848,4.9977787978768164,"rgba(38, 166, 154, 1.0)",1.0178618731403568,5.62659684625507,0.3521137427411126,78.30030224514724,20.50512555266161,True,False,True,False,True,3.0118777844197133,0.0,0.0,0.0,0.0,0,0.8341823291761814,0.941155805375022,False,False,False,False,-0.067773356482597,-0.11270981608135963,False,False,False,False,1047143.0,466118.20215793315,False,False,False,False,47485.19369036131,False,False,False,False
2025-06-16 17:00:00+00:00,5.995,6.07,5.885,5.91,54989.0,,4.998729516478952,5.093250510273207,5.3664356393764585,6.521903648690156,6.651627027269716,6.983158404988707,5.106144218535201,4.955640565130917,6.521903648690156,6.983158404988707,5.935850791179533,5.030892391833059,"rgba(38, 166, 154, 1.0)",1.000141872818936,5.637044662878242,0.272916617671875,80.17156121183879,22.00389470597335,True,False,True,False,True,2.204373504468524,0.0,0.0,0.0,0.0,0,0.8545841461251996,0.9425430040787374,False,False,False,False,-0.036047570840870194,-0.07437869346111492,False,False,False,False,992154.0,474273.79592292645,False,False,False,False,47601.53177268129,False,False,False,False
2025-06-17 17:00:00+00:00,5.765,5.815,5.715,5.72,37388.0,,5.014047879392402,5.1008796368649385,5.370313660329451,6.51773897401286,6.648243788318168,6.979876222012148,5.127420260624551,4.966756196380385,6.51773897401286,6.979876222012148,5.938516693488328,5.047088228502468,"rgba(38, 166, 154, 1.0)",0.9844704068594367,5.641358461295431,0.07988207482583845,77.63145981270515,22.00389470597335,True,False,True,False,True,0.19239073815318264,0.0,0.0,0.0,0.0,0,0.850397877984085,0.9372236958443856,False,False,False,False,-0.07351431074830043,-0.07394650210470768,False,False,False,False,954766.0,481723.28745900514,False,False,False,False,47443.18244287227,False,False,False,False
2025-06-18 17:00:00+00:00,6.275,6.315,6.155,6.185,37440.0,,5.038145315375163,5.113729111812251,5.378813417397871,6.516130028015811,6.646634408609679,6.977851870598363,5.16236304791954,4.984051768058447,6.516130028015811,6.977851870598363,5.9452173586348565,5.073207407988994,"rgba(38, 166, 154, 1.0)",0.9683151895464147,5.650839261526414,0.55163932595522,78.42284927114567,22.00389470597335,True,False,True,False,True,4.763469258210051,0.0,0.0,0.0,0.0,0,0.8511157601115761,0.9356694560669456,False,False,False,False,0.009227949297334741,-0.03235927640368647,False,False,False,False,992206.0,489637.7481185554,False,False,False,False,47288.094342982775,False,False,False,False
2025-06-19 17:00:00+00:00,6.185,6.185,6.185,6.185,0.0,,5.038145315375163,5.113729111812251,5.378813417397871,6.516130028015811,6.646634408609679,6.977851870598363,5.16236304791954,4.984051768058447,6.516130028015811,6.977851870598363,5.9452173586348565,5.073207407988994,"rgba(38, 166, 154, 1.0)",0.9504757319979925,5.650839261526414,0.5619930320059067,78.95044224343934,22.00389470597335,True,False,True,False,True,4.763469258210051,0.0,0.0,0.0,0.0,0,0.8518324607329844,0.937347294938918,False,False,False,False,0.0004394053428094868,-0.015959935530438493,False,False,False,False,992206.0,497429.50396167854,False,False,False,False,46554.94559347916,False,False,False,False
2025-06-20 17:00:00+00:00,6.115,6.185,6.045,6.18,41298.0,,5.061867885527354,5.126541328949903,5.38710053913285,6.513893997019306,6.64453727176,6.975392608626714,5.195611812846748,5.001357290106025,6.513893997019306,6.975392608626714,5.951555605169355,5.098484551476386,"rgba(38, 166, 154, 1.0)",0.9334336110866743,5.659847878277301,0.5572459739446859,79.20397172114595,22.00389470597335,True,False,True,False,True,4.7089380865203765,0.0,0.0,0.0,0.0,0,0.847212543554007,0.939198606271777,False,False,False,False,-0.011864746275016623,-0.013912340902727558,False,False,False,False,950908.0,504460.1783188618,False,False,False,False,46473.44256102212,False,False,False,False
2025-06-23 17:00:00+00:00,5.965,6.15,5.96,6.105,25752.0,,5.0752850543743255,5.133865657322849,5.391736766064402,6.512275012734237,6.643072026519346,6.97374808223092,5.2138654660554105,5.011284899275153,6.512275012734237,6.97374808223092,5.954997099874347,5.112575182665282,"rgba(38, 166, 154, 1.0)",0.9180422177185077,5.664768953116918,0.4795324641791875,77.81856975020416,22.00389470597335,True,False,True,False,True,3.8834856190037,0.0,0.0,0.0,0.0,0,0.8442254495159058,0.9382780082987551,False,False,False,False,-0.02241388072135016,-0.01816311081203886,False,False,False,False,925156.0,510982.5941588794,False,False,False,False,46152.17988565744,False,False,False,False
2025-06-24 17:00:00+00:00,6.185,6.205,6.14,6.19,14624.0,,5.083545646177579,5.138442031862224,5.394750392841815,6.511582191899692,6.642397983704769,6.97292696645724,5.225144005970706,5.0173999190727185,6.511582191899692,6.97292696645724,5.957274202157219,5.121271962521712,"rgba(38, 166, 154, 0.75)",0.9035316493855895,5.667966107912272,0.5777704549062744,77.4723024519498,22.00389470597335,True,False,True,False,False,4.725107127214894,0.0,0.0,0.0,0.0,0,0.8492392807745505,0.9382780082987552,False,False,False,False,-0.0017576670095690167,-0.009960388910803938,False,False,False,False,939780.0,517630.61595486576,False,False,False,False,45663.370895182125,False,False,False,False
2025-06-25 17:00:00+00:00,6.365,6.43,6.335,6.38,105322.0,,5.149976674108861,5.17647290962271,5.421250628869886,6.509669596348479,6.639702654294271,6.968563561843041,5.3149808634836715,5.06701047541609,6.509669596348479,6.968563561843041,5.977606004181207,5.190995669449881,"rgba(38, 166, 154, 0.75)",0.8962303034135584,5.695748609573338,0.7634771864112253,78.39172553007299,22.648330161364697,True,False,True,False,False,6.572195061546644,0.0,0.0,0.0,0.0,0,0.8508726455849319,0.9393468118195957,False,False,False,False,0.03516761024209057,0.012603610665643316,False,False,False,False,1045102.0,525808.4668702942,False,False,False,False,46588.310881303325,False,False,False,False
2025-06-26 17:00:00+00:00,6.445,6.45,6.385,6.425,28954.0,,5.167596016812975,5.186843285232145,5.428569116573456,6.509308150984853,6.639080051652651,6.967452897068312,5.338084649864555,5.080402266944567,6.509308150984853,6.967452897068312,5.983141586387398,5.209243458404561,"rgba(38, 166, 154, 0.75)",0.8869778631565344,5.703237420845614,0.8137323479368602,79.25567376175161,23.98217064150576,True,False,True,False,False,7.0041145991771145,0.0,0.0,0.0,0.0,0,0.8495238095238097,0.9376623376623378,False,False,False,False,0.041328431004481615,0.026966020835062464,False,False,False,False,1074056.0,534308.4286242431,False,False,False,False,46314.91071260094,False,False,False,False
2025-06-27 17:00:00+00:00,6.625,6.635,6.375,6.44,49028.0,,5.1977954296377415,5.2048964823364186,5.441496191677985,6.509132062335845,6.638336260237267,6.965798811801874,5.377244321946306,5.103528113348397,6.509132062335845,6.965798811801874,5.992909206337855,5.240386217647352,"rgba(38, 166, 154, 0.75)",0.8717321061340273,5.716348935698713,0.8301301044314492,79.9209039406027,25.092548966297528,True,False,True,False,False,7.1497859449886825,0.0,0.0,0.0,0.0,0,0.8439084076210455,0.947561615102255,False,False,False,False,0.05674523910365097,0.04185562996935672,False,False,False,False,1123084.0,543436.7320564254,False,False,False,False,46356.97411240557,False,False,False,False
2025-06-30 17:00:00+00:00,6.665,6.74,6.625,6.67,48024.0,,5.230349637446425,5.224723029255789,5.4561681787095715,6.510248211606949,6.6385224894440835,6.964839954288659,5.419409398074604,5.128551496410086,6.510248211606949,6.964839954288659,6.004141916791912,5.273980447242345,"rgba(38, 166, 154, 1.0)",0.862826974188562,5.7312134808688135,1.0880356632499346,81.58581555840844,27.068998434696937,True,False,True,False,True,9.350351965456664,0.0,0.0,0.0,0.0,0,0.8384362567029928,0.9313267600761115,False,False,False,False,0.09322056694447371,0.06753809845691522,False,False,False,False,1171108.0,553168.0695439227,False,False,False,False,46382.81947500393,False,False,False,False
2025-07-01 17:00:00+00:00,6.89,6.905,6.77,6.8,41189.0,,5.259865947206644,5.242980902774893,5.469954651359451,6.512018971148404,6.639264206226699,6.964441037878718,5.457421429917396,5.151360380828028,6.512018971148404,6.964441037878718,6.0147542860991345,5.304390905372712,"rgba(38, 166, 154, 1.0)",0.8580340666077667,5.745127152070502,1.2294067205279298,83.25155747348532,28.94822306759454,True,False,True,False,True,10.555821701466286,0.0,0.0,0.0,0.0,0,0.8456747404844291,0.9268166089965398,False,False,False,False,0.13543637506469816,0.10148723676080669,False,False,False,False,1212297.0,563387.1227292882,False,False,False,False,46302.29514205814,False,False,False,False
2025-07-02 17:00:00+00:00,7.145,7.16,7.025,7.12,53738.0,7.101666666666667,5.303294602470596,5.270242062911539,5.491117653111571,6.516315405629364,6.641651380674071,6.9649498679387865,5.513457813955012,5.184981669670393,6.516315405629364,6.9649498679387865,6.184176805628942,5.3492197418127025,"rgba(38, 166, 154, 1.0)",0.8612153417495922,5.799735021680409,1.5330253820576654,85.41021039902789,31.199773016223745,True,False,True,False,True,13.397048988047306,0.0,0.0,0.0,0.0,0,0.8518200549450551,0.9120879120879121,False,False,False,False,0.1834266252776028,0.14245693101920476,False,False,False,False,1266035.0,574280.8882683689,False,False,False,False,46417.5773879177,False,False,False,False
2025-07-03 17:00:00+00:00,7.065,7.065,7.025,7.025,0.0,7.101666666666667,5.303294602470596,5.270242062911539,5.491117653111571,6.516315405629364,6.641651380674071,6.9649498679387865,5.513457813955012,5.184981669670393,6.516315405629364,6.9649498679387865,6.184176805628942,5.3492197418127025,"rgba(38, 166, 154, 1.0)",0.8593613960430216,5.799735021680409,1.4257854541306998,84.67813515199404,31.199773016223745,True,False,True,False,True,12.23199608082263,0.0,0.0,0.0,0.0,0,0.8495529573590097,0.9154057771664372,False,False,False,False,0.17443020113720184,0.1584435660782033,False,False,False,False,1266035.0,585005.7582176964,False,False,False,False,45697.925025314325,False,False,False,False
2025-07-04 17:00:00+00:00,7.025,7.025,7.025,7.025,0.0,7.101666666666667,5.303294602470596,5.270242062911539,5.491117653111571,6.516315405629364,6.641651380674071,6.9649498679387865,5.513457813955012,5.184981669670393,6.516315405629364,6.9649498679387865,6.184176805628942,5.3492197418127025,"rgba(38, 166, 154, 1.0)",0.8555609665988565,5.799735021680409,1.4321188391640087,84.1900849873048,31.199773016223745,True,False,True,False,True,12.23199608082263,0.0,0.0,0.0,0.0,0,0.8495605721178702,0.9138376701706014,False,False,False,False,0.17065066086982097,0.16454711347401213,False,False,False,False,1266035.0,595564.351113546,False,False,False,False,44989.430063681546,False,False,False,False
2025-07-07 17:00:00+00:00,6.945,6.985,6.845,6.865,26610.0,7.034325849222548,5.3217034614141285,5.281981241416037,5.5000976772632635,6.517688810390151,6.642305887108814,6.964827776205903,5.536440970262429,5.1994837345825875,6.517688810390151,6.964827776205903,6.18041867186012,5.367962352422508,"rgba(38, 166, 154, 0.75)",0.8446252327415905,5.80433529180415,1.2557814603205872,80.14778692035709,34.10570164285693,True,False,True,False,False,10.261369168876914,0.0,0.0,0.0,0.0,0,0.8470547709266278,0.9150878401653462,False,False,False,False,0.1499462853932336,0.15724669943362285,False,False,False,False,1239425.0,605546.6867551965,False,False,False,False,44704.47765959346,False,False,False,False
2025-07-08 17:00:00+00:00,6.795,6.8,6.695,6.7,24017.0,6.9646763921493475,5.336239189518861,5.291354475841627,5.507150375303413,6.518380881308541,6.642511069969591,6.964442726835384,5.5540796399890535,5.211099897985972,6.518380881308541,6.964442726835384,6.174965015846681,5.382589768987513,"rgba(38, 166, 154, 0.75)",0.8377267072476788,5.806787772866201,1.0662334379530716,74.22098898224398,28.686580396473516,True,False,True,False,False,8.28159559816385,0.0,0.0,0.0,0.0,0,0.8405821917808219,0.9171232876712329,False,False,False,False,0.11865658900091987,0.13795164421727135,False,False,False,False,1215408.0,615001.9009140306,False,False,False,False,44383.74157184783,False,False,False,False
2025-07-09 17:00:00+00:00,6.685,6.715,6.585,6.585,35533.0,6.879247880598722,5.355650828394311,5.30402278525974,5.51656975073096,6.518904513815826,6.642463069960835,6.963623518687534,5.577033494391042,5.226820253576566,6.518904513815826,6.963623518687534,6.168640335349704,5.401926873983804,"rgba(38, 166, 154, 0.75)",0.8328611274742385,5.810395962074901,0.9300518566332756,68.2859094827354,23.491298273053616,True,False,True,False,False,6.928630064338979,0.0,0.0,0.0,0.0,0,0.8369061910478478,0.9255702280912365,False,False,False,False,0.10055294380395151,0.11925229401061144,False,False,False,False,1179875.0,623759.6233804798,False,False,False,False,44246.52077228429,False,False,False,False
2025-07-10 17:00:00+00:00,6.655,6.74,6.635,6.645,55973.0,6.820404790227581,5.386113464904365,5.324160419341699,5.5316784530711605,6.520054389496229,6.642626831332072,6.962513249088092,5.612731809795737,5.251661143617382,6.520054389496229,6.962513249088092,6.169650228208743,5.43219647670656,"rgba(38, 166, 154, 0.75)",0.8308026456602303,5.820966346695027,0.991852466538695,65.0997817041374,20.889038041399445,True,False,True,False,False,7.512329759327038,0.0,0.0,0.0,0.0,0,0.8463808366603022,0.9187641034542615,False,False,False,False,0.10750747224740399,0.11337988312900771,False,False,False,False,1235848.0,633249.3656536506,False,False,False,False,44428.326651783755,False,False,False,False
2025-07-11 17:00:00+00:00,6.445,6.47,6.4,6.42,60668.0,6.728079343361697,5.411631243723522,5.341510906250649,5.54421824646109,6.519333418845523,6.641411260304841,6.960314827604217,5.640593047936827,5.273193258673567,6.519333418845523,6.960314827604217,6.16378560665022,5.456893153305197,"rgba(38, 166, 154, 0.5)",0.8299179216987418,5.826519726200152,0.7151071910642268,59.39620850170276,15.897927135761833,False,False,True,False,False,4.890962791363773,0.0,0.0,0.0,0.0,0,0.8448365334717178,0.9180072651790349,False,False,False,False,0.06084633710159665,0.08711311011530218,False,False,False,False,1175180.0,641651.3909923537,False,False,False,False,44680.10453315145,False,False,False,False
2025-07-14 17:00:00+00:00,6.285,6.35,6.28,6.335,42787.0,6.66998489383927,5.427054515965396,5.352238133813397,5.551797520989117,6.518223597126091,6.640127245261469,6.958460733771152,5.656583614694159,5.286533536079475,6.518223597126091,6.958460733771152,6.159698091537985,5.471558575386817,"rgba(38, 166, 154, 0.5)",0.8277061812760157,5.817222973365396,0.6255565541825284,54.44035296245909,11.633564275030267,False,True,True,False,False,3.924398854221959,0.0,0.0,0.0,0.0,0,0.839902760895989,0.924292411877062,False,False,False,False,0.038775492166261756,0.06294430114078196,False,False,False,False,1132393.0,649259.7880312318,False,False,False,False,44650.75407527313,False,False,False,False
2025-07-15 17:00:00+00:00,6.405,6.445,6.395,6.42,18847.0,6.655177021096489,5.434412247182603,5.357360947520291,5.555509850306019,6.5179812749986334,6.639738555089341,6.95777303308534,5.664397972743006,5.29285065853499,6.5179812749986334,6.95777303308534,6.159707561325531,5.4786243156389975,#000000,0.8304891102008286,5.821477647464053,0.7206865751571536,52.523881905020374,10.063567185080323,False,True,False,False,False,4.79115846094729,0.0,0.0,0.0,0.0,0,0.8356188161777471,0.9236243707689639,False,False,False,False,0.058084681755233465,0.06051449144800772,False,False,False,False,1151240.0,657042.426976484,False,False,False,False,44250.69587255571,False,False,False,False
2025-07-16 17:00:00+00:00,6.415,6.475,6.405,6.45,25227.0,6.639614468064454,5.444320858703044,5.364290357782364,5.5605622413089755,6.517735585441954,6.639275448532782,6.956895099871571,5.674925992976749,5.301369613138042,6.517735585441954,6.956895099871571,6.160384865672164,5.488147803057395,#000000,0.8355619460972166,5.8266524415195775,0.7460219573090718,51.74104848808758,9.279173037831221,False,True,False,False,False,5.098161710668265,0.0,0.0,0.0,0.0,0,0.8407821229050282,0.9217877094972068,False,False,False,False,0.06176709284309974,0.06114079214555373,False,False,False,False,1176467.0,665095.5211318874,False,False,False,False,43955.75485127578,False,False,False,False
2025-07-17 17:00:00+00:00,6.475,6.525,6.47,6.48,23067.0,6.630302000816808,5.453642418929523,5.370829870388414,5.565382165757561,6.517657366427348,6.638957885264212,6.956170260808138,5.684896576792656,5.309374524594549,6.517657366427348,6.956170260808138,6.161848852627429,5.497135550693603,#000000,0.8447973369634535,5.831839327226728,0.767238063395212,51.74268067445989,8.978444593448586,False,True,False,False,False,5.40867500242296,0.0,0.0,0.0,0.0,0,0.8424168553021072,0.9118927389865923,False,False,False,False,0.07236370081762042,0.06675224648158708,False,False,False,False,1199534.0,673381.3890213156,False,False,False,False,43631.89818691491,False,False,False,False
2025-07-18 17:00:00+00:00,6.425,6.455,6.3,6.31,24678.0,6.612932731680919,5.462143982087518,5.376899730746042,5.569731062567323,6.517136903212929,6.638305817989736,6.955169873031755,5.69353554273682,5.316843872525251,6.517136903212929,6.955169873031755,6.161760014473747,5.505189707631035,"rgba(239, 83, 80, 1.0)",0.8516633063525688,5.833984155687934,0.5589249187577495,48.85760345875267,5.898933738869374,False,True,False,True,False,3.3950353739325223,0.0,0.0,0.0,0.0,0,0.8367062107466854,0.9211444521981856,False,False,False,False,0.05026465515680799,0.05850845081919753,False,False,False,False,1174856.0,681156.1891915277,False,False,False,False,43338.03930029607,False,False,False,False
2025-07-21 17:00:00+00:00,6.315,6.365,6.31,6.33,22528.0,6.597796939450564,5.469595308568715,5.3822637937163185,5.573559405714865,6.516606433965985,6.637671331416375,6.954229208002416,5.700997004416356,5.323440329255977,6.516606433965985,6.954229208002416,6.161674631547891,5.512218666836167,"rgba(239, 83, 80, 1.0)",0.8583896666548486,5.835805230724585,0.5757231109285089,47.34524863153037,4.13172365428656,False,True,False,True,False,3.6096569162476264,0.0,0.0,0.0,0.0,0,0.8332450097155981,0.93764352587882,False,False,False,False,0.042910254176878194,0.05070935249803786,False,False,False,False,1197384.0,689159.7211420466,False,False,False,False,43015.40303207443,False,False,False,False
2025-07-22 17:00:00+00:00,6.425,6.53,6.42,6.5,35103.0,6.588843662168506,5.482902900437887,5.391786206263351,5.580596277517242,6.516456116074294,6.6371698869607485,6.9531188945670035,5.714924255294835,5.335032733760101,6.516456116074294,6.9531188945670035,6.164410563427005,5.524978494527468,#000000,0.8647233739835624,5.842524806757502,0.7603300812994981,49.522369117259665,4.13172365428656,False,True,False,False,False,5.418564628537666,0.0,0.0,0.0,0.0,0,0.8307665073464332,0.9389272437599574,False,False,False,False,0.07644643262384006,0.06357789256093896,False,False,False,False,1232487.0,697583.3998840303,False,False,False,False,42892.73011684846,False,False,False,False
2025-07-23 17:00:00+00:00,6.595,6.695,6.595,6.645,30697.0,6.592438924263375,5.496091866182729,5.401192899391981,5.587747439218554,6.516961950232204,6.637192070842184,6.952484884460694,5.729181416268006,5.3463825422886355,6.516961950232204,6.952484884460694,6.169158576370246,5.537781979278321,"rgba(38, 166, 154, 0.5)",0.8747022504984365,5.851168552365589,0.9075447641549532,53.14772083239404,4.13172365428656,False,True,True,False,True,6.919941991838211,0.0,0.0,0.0,0.0,0,0.8368794326241137,0.9326241134751773,False,False,False,False,0.11787087485064254,0.09072438370579075,False,False,False,False,1263184.0,706352.4014362158,False,False,False,False,42703.64902976554,False,False,False,False
2025-07-24 17:00:00+00:00,6.665,6.9,6.665,6.775,35919.0,6.605510540197234,5.512918650365069,5.413197449632977,5.597047075834997,6.51816756478901,6.637663930421187,6.952070586503726,5.747697536881209,5.360770823763331,6.51816756478901,6.952070586503726,6.1766536853920275,5.55423418032227,"rgba(38, 166, 154, 0.5)",0.8787265407015633,5.863257406289236,1.0375726138678383,57.21227262256638,0.5614398374703455,False,True,True,False,True,8.237823133721253,0.0,0.0,0.0,0.0,0,0.8402043692741368,0.9187808315715292,False,False,False,False,0.14461304209639383,0.11766871290109229,False,False,False,False,1299103.0,715542.3331968946,False,False,False,False,42598.46067271491,False,False,False,False
2025-07-25 17:00:00+00:00,6.66,6.775,6.655,6.775,35549.0,6.613865737589566,5.528567177589009,5.424489841105277,5.605764444442527,6.519146720384343,6.637981193499185,6.951555791050199,5.764620140488048,5.374286737561906,6.519146720384343,6.951555791050199,6.183052986522872,5.5694534390249775,"rgba(38, 166, 154, 0.5)",0.8805568569822061,5.873370335392085,1.0239312288111964,59.92197381601461,3.1892451836089393,False,True,True,False,True,8.237823133721253,0.0,0.0,0.0,0.0,0,0.8434905493729026,0.9231584525702172,False,False,False,False,0.1314617339424151,0.12456522342175369,False,False,False,False,1299103.0,724589.7853953923,False,False,False,False,42489.166708796845,False,False,False,False
2025-07-28 17:00:00+00:00,6.955,6.955,6.875,6.895,16923.0,6.622641210454146,5.536926854946732,5.430500121429072,5.610497383146973,6.519981559370508,6.6384000373573535,6.951507049075845,5.773876810537188,5.38143575113924,6.519981559370508,6.951507049075845,6.187207745111519,5.577656280838214,"rgba(38, 166, 154, 0.5)",0.8840735467346815,5.879476458235162,1.1486867190129886,63.19868911954627,6.355184759805496,False,False,True,False,True,9.457280236714062,0.0,0.0,0.0,0.0,0,0.8525459688826027,0.9156647807637908,False,False,False,False,0.17057818222847507,0.1475717028251144,False,False,False,False,1316026.0,733759.3391101924,False,False,False,False,42092.792031141085,False,False,False,False
2025-07-29 17:00:00+00:00,6.865,6.94,6.825,6.825,17820.0,6.6299645001969205,5.5453355586671815,5.436585452534517,5.615272634450125,6.52075536983292,6.638766389313102,6.951402469292086,5.783083262714912,5.388672277144698,6.52075536983292,6.951402469292086,6.191154624898121,5.585877769929805,"rgba(38, 166, 154, 0.5)",0.8881870744833447,5.885274064986456,1.0580270328299692,63.59103138848204,6.911136510742843,False,False,True,False,True,8.548900379699791,0.0,0.0,0.0,0.0,0,0.8518321826872014,0.9129049389272436,False,False,False,False,0.16418957276361415,0.15588063779436429,False,False,False,False,1298206.0,742510.4501317397,False,False,False,False,41716.46967406913,False,False,False,False
2025-07-30 17:00:00+00:00,6.63,6.645,6.345,6.4,57498.0,6.615068313997178,5.563736721397507,5.450465356245522,5.625575676432713,6.52034082427335,6.637849271975603,6.949541770283789,5.801138905699822,5.405342404608756,6.52034082427335,6.949541770283789,6.194653990657952,5.6032406551542895,"rgba(38, 166, 154, 0.5)",0.8841064099666666,5.892168009027607,0.5744014354465999,56.4516175357368,13.473547935159935,False,True,True,False,False,3.3295004577008562,0.0,0.0,0.0,0.0,0,0.8458435636618732,0.9168712732374604,False,False,False,False,0.08888649203434314,0.1223835649143537,False,False,False,False,1240708.0,750234.443152953,False,False,False,False,41961.14456284325,False,False,False,False
2025-07-31 17:00:00+00:00,5.925,5.98,5.675,5.885,35578.0,6.574791642112087,5.567202955193455,5.4537519777715495,5.627225303661199,6.517344859831542,6.63529823692496,6.946946236879918,5.801874561443746,5.4095381137779475,6.517344859831542,6.946946236879918,6.188937316053531,5.605706337610847,"rgba(239, 83, 80, 1.0)",0.882783639945235,5.886779253899183,-0.0020155039340033643,47.196268281746484,5.08175912446945,False,True,False,True,False,0.0,0.0,0.0,0.0,0.0,0,0.8475312934631435,0.9226356050069541,False,False,False,False,-0.03896975969996421,0.04170690260719474,False,False,False,False,1205130.0,757287.0874451554,False,False,False,False,41862.18108124878,False,False,False,False
2025-08-01 17:00:00+00:00,5.755,5.76,5.68,5.71,28180.0,6.54058511566281,5.568639371079478,5.45546816210025,5.627750780514601,6.514534401650103,6.6329581456292726,6.944657189602376,5.800797812144387,5.411833570706159,6.514534401650103,6.944657189602376,6.183513309462699,5.606315691425273,"rgba(239, 83, 80, 1.0)",0.8808589072118291,5.881518686316671,-0.19471754773937255,39.98438168186678,-1.171679765419313,False,True,False,True,False,0.0,0.0,0.0,0.0,0.0,0,0.8341717259323504,0.9243712055507373,False,False,False,False,-0.05957073568917532,-0.008931916540990289,False,False,False,False,1176950.0,763793.4891901917,False,False,False,False,41650.05424277981,False,False,False,False
