date,Close,High,Low,Open,Volume,aVWAP_peak_169,aVWAP_peak_128,aVWAP_peak_124,aVWAP_peak_117,aVWAP_peak_109,aVWAP_peak_94,aVWAP_peak_87,aVWAP_peak_86,aVWAP_peak_60,aVWAP_valley_156,aVWAP_OB_bear_128,aVWAP_OB_bear_60,Peaks_avg,Valleys_avg,color,StDev,StDev_Mean,StdDev_ZScore,QQEMOD,QQE1_Value,QQE1_Above_Upper,QQE1_Below_Lower,QQE2_Above_Threshold,QQE2_Below_Threshold,QQE2_Above_TL,banker_RSI,OB,OB_High,OB_Low,OB_Mitigated_Index,TTM_squeeze_Active,VI_plus,VI_minus,VI_Regular_Bullish,VI_Regular_Bearish,VI_Hidden_Bullish,VI_Hidden_Bearish,Fisher,Fisher_Signal,Fisher_Regular_Bullish,Fisher_Regular_Bearish,Fisher_Hidden_Bullish,Fisher_Hidden_Bearish,OBV,OBV_Smoothed,OBV_Regular_Bullish,OBV_Regular_Bearish,OBV_Hidden_Bullish,OBV_Hidden_Bearish,Volume_MA,Vol_Regular_Bullish,Vol_Regular_Bearish,Vol_Hidden_Bullish,Vol_Hidden_Bearish
2022-05-06 00:00:00+00:00,20.0,20.2,18.4,18.5,15225318,,,,,,,,,,,,,,,#000000,,,,,,False,False,False,False,False,,0.0,0.0,0.0,0.0,0,,,False,False,False,False,,,False,False,False,False,0,0.0,False,False,False,False,15225318.0,False,False,False,False
2022-05-13 00:00:00+00:00,17.72,19.1817,16.01,18.99,13926390,,,,,,,,,,,,,,,#000000,,,,0.0,,False,False,False,True,False,,0.0,0.0,0.0,0.0,0,,,False,False,False,False,,,False,False,False,False,-13926390,-1031584.4444444444,False,False,False,False,15129101.11111111,False,False,False,False
2022-05-20 00:00:00+00:00,17.18,17.85,16.3,17.67,4378285,,,,,,,,,,,,,,,#000000,,,,0.0,-50.0,False,False,False,True,True,,0.0,0.0,0.0,0.0,0,,,False,False,False,False,,,False,False,False,False,-18304675,-2311072.633744856,False,False,False,False,14332744.362139916,False,False,False,False
2022-05-27 00:00:00+00:00,17.69,18.21,15.9,17.32,4800252,,,,,,,,,,,,,,,#000000,,,,4.856926993720922,-45.40868620124819,False,False,False,True,True,,0.0,0.0,0.0,0.0,0,,,False,False,False,False,,,False,False,False,False,-13504423,-3140209.6979119037,False,False,False,False,13626633.816796219,False,False,False,False
2022-06-03 00:00:00+00:00,16.61,18.0538,15.92,17.71,1482801,,,,,,,,,,,,,,,#000000,,,,6.974275787811583,-43.6063398155612,False,False,False,True,True,,0.0,0.0,0.0,0.0,0,,,False,False,False,False,,,False,False,False,False,-14987224,-4017766.3128813924,False,False,False,False,12727090.645181686,False,False,False,False
2022-06-10 00:00:00+00:00,14.07,17.0,13.99,16.99,4808885,,,,,,,,,,,,,,,#000000,,,,7.041746865588673,-43.6063398155612,False,False,False,True,True,,0.0,0.0,0.0,0.0,0,,,False,False,False,False,,,False,False,False,False,-19796109,-5186532.437853141,False,False,False,False,12140556.893686745,False,False,False,False
2022-06-17 00:00:00+00:00,15.75,15.75,13.1701,13.71,7455063,,,,,,,,,,,,,,,#000000,,14.890033333333333,,13.083868255903731,-38.230738735419465,False,False,False,True,True,,0.0,0.0,0.0,0.0,0,,,False,False,False,False,,,False,False,False,False,-12341046,-5716496.405419575,False,False,False,False,11793483.271932172,False,False,False,False
2022-06-24 00:00:00+00:00,15.85,16.43,15.07,15.9,5897325,,,,,,,,,,,,,,,#000000,,15.284575524775043,,17.691303703634663,-34.23616602636257,False,False,False,True,True,,0.0,0.0,0.0,0.0,0,,,False,False,False,False,,,False,False,False,False,-6443721,-5770364.893907014,False,False,False,False,11356730.807344602,False,False,False,False
2022-07-01 00:00:00+00:00,15.86,16.1713,14.73,15.79,2346577,,,,,,,,,,,,,,,#000000,,15.329794873662053,,21.01308459446254,-31.535151347767943,False,False,False,True,True,,0.0,0.0,0.0,0.0,0,,,False,False,False,False,,,False,False,False,False,-4097144,-5646422.605469458,False,False,False,False,10689312.006800558,False,False,False,False
2022-07-08 00:00:00+00:00,16.43,16.99,15.41,15.83,2274600,,,,,,,,,,,,,,,#000000,,15.449623888126812,,25.101851322756005,-28.105446994571757,False,False,False,True,True,,0.0,0.0,0.0,0.0,0,,,False,False,False,False,-0.09299882927603102,-0.09299882927603102,False,False,False,False,-1822544,-5363172.338397646,False,False,False,False,10066000.006296813,False,False,False,False
2022-07-15 00:00:00+00:00,15.59,16.916,15.53,16.39,2910293,,,,,,,,,,,,,,,#000000,,15.527994429707386,,26.828469853948494,-26.927733509029466,False,False,False,True,True,,0.0,0.0,0.0,0.0,0,,,False,False,False,False,0.04107575576591116,-0.02596153675505993,False,False,False,False,-4732837,-5316480.831849673,False,False,False,False,9535947.635460014,False,False,False,False
2022-07-22 00:00:00+00:00,15.33,16.25,14.99,15.63,4555887,,,,,,,,,,,,,,,#000000,,15.527159695382167,,27.725841740651674,-26.441001395409767,False,False,False,True,True,,0.0,0.0,0.0,0.0,0,,,False,False,False,False,-0.03725178817281653,-0.03160666246393823,False,False,False,False,-9288724,-5610721.066527475,False,False,False,False,9167054.25505557,False,False,False,False
2022-07-29 00:00:00+00:00,14.39,16.23,12.2,15.64,21084132,,,,,,,,,,,,,,,#000000,,14.616136050793877,,27.27443133102114,-26.441001395409767,False,False,False,True,True,,0.0,0.0,0.0,0.0,0,,,False,False,False,False,-0.34282825441539394,-0.18721745843966608,False,False,False,False,-30372856,-7444953.2838217355,False,False,False,False,10049800.754681082,False,False,False,False
2022-08-05 00:00:00+00:00,15.51,15.84,14.05,14.46,9260363,,,,,,,,,,,,,,,#000000,,14.761836070965067,,29.907291328017088,-24.81788681845392,False,False,False,True,True,,0.0,0.0,0.0,0.0,0,,,False,False,False,False,-0.15747308973533944,-0.17234527408750278,False,False,False,False,-21112493,-8457363.633168273,False,False,False,False,9991323.883963965,False,False,False,False
2022-08-12 00:00:00+00:00,16.36,17.18,15.31,15.59,4220177,,,,,,,,,,,,,,,#000000,,15.370494269943803,,33.64313204745734,-21.430231608209667,False,False,False,True,True,,0.0,0.0,0.0,0.0,0,,,False,False,False,False,0.34282821792979934,0.08524147192114828,False,False,False,True,-16892316,-9082174.919600252,False,False,False,False,9563831.522188855,False,False,False,False
2022-08-19 00:00:00+00:00,15.5,16.775,15.36,16.31,3322591,,,,,,,,,,,,,,,#000000,,15.358014917558203,,35.0862973308961,-20.253297649567358,False,False,False,True,True,,0.0,0.0,0.0,0.0,0,,,False,False,False,False,0.27933620370648027,0.18228883781381428,False,False,False,False,-20214907,-9906821.740370603,False,False,False,False,9101517.409434127,False,False,False,False
2022-08-26 00:00:00+00:00,15.57,16.65,15.1877,15.3,3067792,,,,,,,,,,,,,,,#000000,,15.363202692873648,,36.26822376787501,-19.256410001088273,False,False,False,True,True,,0.0,0.0,0.0,0.0,0,,,False,False,False,False,0.22782247101998362,0.20505565441689894,False,False,False,False,-17147115,-10443139.75960241,False,False,False,False,8654574.78651308,False,False,False,False
2022-09-02 00:00:00+00:00,15.0,15.62,14.4,15.41,4994031,,,,,,,,,,,,,,,#000000,,15.255120224753389,,36.32809863017053,-19.255157465129663,False,False,False,True,True,,0.0,0.0,0.0,0.0,0,,,False,False,False,False,-0.07164946272862859,0.06670309584413517,False,False,False,False,-22141146,-11309658.740372602,False,False,False,False,8383423.394919519,False,False,False,False
2022-09-09 00:00:00+00:00,17.17,17.8,14.93,15.14,5271394,,,,,,,,,,,,,,,#000000,,15.426824517084839,,40.40154909590962,-15.362118163848308,False,False,False,True,True,,0.0,0.0,0.0,0.0,0,,,False,False,False,False,0.34282821996620444,0.20476565790516982,False,False,False,False,-16869752,-11721517.500345001,False,False,False,False,8152902.698999555,False,False,False,False
2022-09-16 00:00:00+00:00,17.57,18.05,16.5725,17.59,6628373,,,,,,,,,,,,,,,#000000,,16.116349466142243,,43.90439708328768,-12.098902172634233,False,False,False,True,True,,0.0,0.0,0.0,0.0,1,,,False,False,False,False,0.3428282304942769,0.27379694419972334,False,False,False,False,-10241379,-11611877.611430556,False,False,False,False,8039974.573147736,False,False,False,False
2022-09-23 00:00:00+00:00,15.95,17.71,15.38,17.43,3669662,,,,,,,,,,,,,,,#000000,,16.048985668781967,,44.08612044776289,-12.016783500843026,False,False,False,True,True,,0.0,0.0,0.0,0.0,1,,,False,False,False,False,0.16823471764888775,0.22101583092430555,False,False,False,False,-13911041,-11782186.010583848,False,False,False,False,7716247.715877533,False,False,False,False
2022-09-30 00:00:00+00:00,15.34,16.49,15.06,16.03,3249772,,,,,,,,,,,,,,,#000000,,15.953961952166352,,43.47055166134366,-12.016783500843026,False,False,False,True,True,,0.0,0.0,0.0,0.0,1,,,False,False,False,False,0.0025312825146878958,0.11177355671949672,False,False,False,False,-17160813,-12180602.824614674,False,False,False,False,7385397.662849568,False,False,False,False
2022-10-07 00:00:00+00:00,15.63,17.38,15.35,15.48,2149538,,,,,,,,,,,,,,,#000000,,15.942203488945495,,43.51150179219242,-12.016783500843026,False,False,False,True,True,,0.0,0.0,0.0,0.0,1,,,False,False,False,False,0.06616610242235846,0.08896982957092758,False,False,False,False,-15011275,-12390282.245013587,False,False,False,False,6997556.206342192,False,False,False,False
2022-10-14 00:00:00+00:00,14.69,15.78,14.69,15.59,2463372,,,,,,,,,,,,,,,#000000,,15.864587941017755,,42.40164018630481,-12.016783500843026,False,False,False,True,True,,0.0,0.0,0.0,0.0,1,,,False,False,False,False,-0.2719838626218022,-0.0915070165254373,False,False,False,False,-17474647,-12766901.856494064,False,False,False,False,6661690.709576104,False,False,False,False
2022-10-21 00:00:00+00:00,14.91,15.3,14.41,14.83,1200995,,,,,,,,,,,,,,,#000000,,15.827119386483753,,41.99542654389307,-12.016783500843026,False,False,False,True,True,,0.0,0.0,0.0,0.0,1,,,False,False,False,False,-0.34282825441539394,-0.21716763547041562,False,False,False,False,-16273652,-13026661.126383392,False,False,False,False,6257194.731088985,False,False,False,False
2022-10-28 00:00:00+00:00,14.54,15.1263,14.05,15.03,2606934,,,,,,,,,,,,,,,#000000,,15.73876832722048,,41.25083257025193,-12.016783500843026,False,False,False,True,True,,0.0,0.0,0.0,0.0,1,,,False,False,False,False,-0.34282825441539394,-0.27999794494290475,False,False,False,False,-18880586,-13460285.191095732,False,False,False,False,5986805.047304615,False,False,False,False
2022-11-04 00:00:00+00:00,14.85,14.89,12.79,14.44,3717716,,,,,,,,,,,,,,,#000000,,15.30301723785859,,41.30202908036551,-12.016783500843026,False,False,False,True,True,,0.0,0.0,0.0,0.0,1,0.8704361457857487,1.0901893862404688,False,False,False,False,-0.34282825441539394,-0.3114130996791493,False,False,False,False,-15162870,-13586402.5843479,False,False,False,False,5818724.377133903,False,False,False,False
2022-11-11 00:00:00+00:00,15.28,15.59,13.78,14.82,4394818,,,,,,,,,,,,,,,#000000,,15.336964624018123,,42.13603553099479,-12.016783500843026,False,False,False,True,True,,0.0,0.0,0.0,0.0,1,0.9528541150570067,1.0753850071876427,False,False,False,False,-0.1709844431793803,-0.24119877142926482,False,False,False,False,-10768052,-13377635.874396203,False,False,False,False,5713249.83067954,False,False,False,False
2022-11-18 00:00:00+00:00,15.0,15.82,14.81,15.17,1631857,,,,,,,,,,,,,,,#000000,,15.32639894938293,,42.32521784804715,-12.016783500843026,False,False,False,True,True,,0.0,0.0,0.0,0.0,1,0.9680661499060079,1.0430042514599092,False,False,False,False,-0.04959410322929053,-0.14539643732927768,False,False,False,False,-12399909,-13305211.661477966,False,False,False,False,5410924.435814389,False,False,False,False
2022-11-25 00:00:00+00:00,14.83,15.06,14.51,15.06,752017,,,,,,,,,,,,,,,#000000,,15.288032507598484,,42.20964857831102,-12.016783500843026,False,False,False,True,True,,0.0,0.0,0.0,0.0,1,0.9690348380190259,1.0694504347287563,False,False,False,False,-0.09975658882614286,-0.12257651307771027,True,False,False,False,-13151926,-13293857.168035153,False,False,False,False,5065820.181309619,False,False,False,False
2022-12-02 00:00:00+00:00,15.48,15.78,14.48,14.91,1286391,,,,,,,,,,,,,,,#000000,,15.311371844312141,,43.41283589941849,-11.15384618799331,False,False,False,True,True,,0.0,0.0,0.0,0.0,1,0.9673263734753246,1.051011417742455,False,False,False,False,0.0071882292621399425,-0.057694141907785164,False,False,False,False,-11865535,-13188055.525958475,False,False,False,False,4785862.464175573,False,False,False,False
2022-12-09 00:00:00+00:00,15.21,15.51,15.08,15.44,3270766,,,,,,,,,,,,,,,#000000,,15.34041889281834,,43.83014212186609,-10.539092011290109,False,False,False,True,True,,0.0,0.0,0.0,0.0,1,1.0258383714170194,1.0354081386085079,False,False,False,False,0.05035934498081362,-0.003667398463485773,False,False,False,False,-15136301,-13332370.005517107,False,False,False,False,4673633.0964588635,False,False,False,False
2022-12-16 00:00:00+00:00,14.87,16.58,14.79,15.21,3093701,,,,,,,,,,,,,,,#000000,,15.373461271852047,,43.576416840698045,-10.539092011290109,False,False,False,True,True,,0.0,0.0,0.0,0.0,1,1.0392578105949024,0.9795163917636386,False,False,False,False,0.3428282142713525,0.16958040790393336,False,False,False,False,-18230002,-13695157.560663987,False,False,False,False,4556601.089313763,False,False,False,False
2022-12-23 00:00:00+00:00,14.64,14.94,14.37,14.8,2147794,,,,,,,,,,,,,,,#000000,,15.06417935922844,,43.02403527590019,-10.539092011290109,False,False,False,True,True,,0.0,0.0,0.0,0.0,1,0.9823463887176018,1.0367990770393651,False,False,False,False,-0.038474273221113325,0.06555306734141002,True,False,False,False,-20377796,-14190167.815429617,False,False,False,False,4378170.934549781,False,False,False,False
2022-12-30 00:00:00+00:00,15.51,15.63,14.45,14.62,1541351,,,,,,,,,,,,,,,#000000,,15.124369991046066,,44.45038277790142,-9.389822261382093,False,False,False,True,True,,0.0,0.0,0.0,0.0,1,0.9927422160266884,1.013296760775932,False,False,False,False,0.09959628042091458,0.0825746738811623,False,False,False,False,-18836445,-14534336.495768163,False,False,False,False,4168036.1245831302,False,False,False,False
2023-01-06 00:00:00+00:00,16.13,16.66,15.51,15.54,1249922,,,,,,,,,,,,,,,#000000,,15.241002558576872,,46.612382676726824,-7.1855806924641215,False,False,False,False,True,,0.0,0.0,0.0,0.0,1,1.0022769188733804,1.0080957115497973,False,False,False,False,0.34282822142396524,0.21270144765256377,False,False,False,False,-17586523,-14760424.384970522,False,False,False,False,3951879.5227621575,False,False,False,False
2023-01-13 00:00:00+00:00,16.59,16.74,15.91,16.22,1021124,,,,,,,,,,,,,,,#000000,,15.332057010538914,,48.94710911335752,-4.886850151528442,False,False,False,False,True,,0.0,0.0,0.0,0.0,1,1.0094942149438944,1.0042595667045582,False,False,False,False,0.34282821006464176,0.27776482885860276,False,False,False,False,-16565399,-14894126.208306039,False,False,False,False,3734786.521076072,False,False,False,False
2023-01-20 00:00:00+00:00,17.12,17.44,16.365,16.59,942113,,,,,,,,,,,,,,,#000000,,15.43408693457923,,51.473188468062034,-2.4665695056619796,False,False,False,False,True,,0.0,0.0,0.0,0.0,1,1.0351930201799098,0.9690610811605188,False,False,False,False,0.3428282214606632,0.310296525159633,False,False,False,False,-15623286,-14948138.044727813,False,False,False,False,3527921.815811178,False,False,False,False
2023-01-27 00:00:00+00:00,17.2,17.4,16.8,17.15,807817,,,,,,,,,,,,,,,#000000,,15.515731534152508,,53.40575594316746,-0.6591327324660767,False,False,False,False,True,,0.0,0.0,0.0,0.0,1,1.1298220109118369,0.9666252782405297,False,False,False,False,0.34282822412265046,0.32656237464114174,False,False,False,False,-14815469,-14938310.708081309,False,False,False,False,3326432.570195535,False,False,False,False
2023-02-03 00:00:00+00:00,17.29,17.75,16.99,17.09,1822834,,,,,,,,,,,,,,,#000000,,15.68538272588902,,54.937140246329115,0.7562146835237158,False,False,True,False,True,,0.0,0.0,0.0,0.0,1,1.0853577889710744,0.9440658857254391,False,False,False,False,0.34282822713518835,0.334695300888165,False,False,False,False,-12992635,-14794186.581556767,False,False,False,False,3215054.8983291993,False,False,False,False
2023-02-10 00:00:00+00:00,16.61,17.74,16.34,17.2,1346122,,,,,,,,,,,,,,,#000000,,15.75695598471749,,54.47097170787292,0.7562146835237158,False,False,True,False,True,,0.0,0.0,0.0,0.0,0,1.030127510256645,0.9831640383859924,False,False,False,False,0.2551770755539016,0.2949361882210333,False,False,True,False,-14338757,-14760451.056997007,False,False,False,False,3076615.424378888,False,False,False,False
2023-02-17 00:00:00+00:00,18.91,19.17,16.54,16.68,5046042,,,,,,,,,,,,,,,#000000,,16.766569345425054,,57.49858588144272,3.131651729843405,False,False,True,False,True,,0.0,0.0,0.0,0.0,0,1.0333608013435562,0.9314250194604672,False,False,False,False,0.3428282312698445,0.3188822097454389,False,False,False,False,-9292715,-14355433.571293525,False,True,False,False,3222498.8744248967,False,True,False,False
2023-02-24 00:00:00+00:00,18.33,19.01,17.6801,18.87,2505701,,,,,,,,,,,,,,,#000000,,16.91914905775065,,58.476534534814675,4.019460605568071,False,False,True,False,True,,0.0,0.0,0.0,0.0,0,1.0710501535546542,0.9321669094728766,False,False,False,False,0.34282823434364446,0.33085522204454165,False,False,False,False,-11798416,-14166024.86230882,False,False,False,False,3169402.735578608,False,False,False,False
2023-03-03 00:00:00+00:00,17.76,18.45,17.32,18.42,1953010,,,,,,,,,,,,,,,#000000,,16.96430994999009,,58.08062074014528,4.019460605568071,False,False,True,False,True,,0.0,0.0,0.0,0.0,0,1.0835038322806876,0.9185048509700504,False,False,False,False,0.24279136434206414,0.2868232931933029,False,False,False,False,-13751426,-14135313.835471129,False,False,False,False,3079299.569980192,False,False,False,False
2023-03-10 00:00:00+00:00,15.9,17.75,15.77,17.7,1491936,,,,,,,,,,,,,,,#000000,,16.899412129672115,,54.858196829941846,4.019460605568071,False,False,True,False,False,,0.0,0.0,0.0,0.0,0,1.0241398699390911,1.0008831659733817,False,False,False,False,-0.1336709677271731,0.0765761627330649,False,False,False,False,-15243362,-14217391.477288082,False,False,False,False,2961717.083314993,False,False,False,False
2023-03-17 00:00:00+00:00,15.88,16.59,15.21,15.75,1925441,,,,,,,,,,,,,,,#000000,,16.73853919638819,,52.528759631866244,7.278393056174565,False,False,False,False,False,,0.0,0.0,0.0,0.0,0,0.9591836132171284,1.0425139941897543,False,False,False,False,-0.34282825441539394,-0.13312604584116453,False,False,False,False,-17168803,-14436014.55304452,False,False,False,False,2884955.891958327,False,False,False,False
2023-03-24 00:00:00+00:00,15.91,16.54,15.71,15.93,1272170,,,,,,,,,,,,,,,#000000,,16.703783200879602,,50.91541197958077,5.793281850295642,False,False,False,False,False,,0.0,0.0,0.0,0.0,0,1.0095764136022143,1.035525405298537,False,False,False,False,-0.2760712493734117,-0.20459864760728813,False,False,False,False,-15896633,-14544208.51207826,False,False,False,False,2765490.270331784,False,False,False,False
2023-03-31 00:00:00+00:00,17.41,17.5,16.015,16.06,1644103,,,,,,,,,,,,,,,#000000,,16.78356021225087,,52.05400167101463,5.793281850295642,False,False,False,False,False,,0.0,0.0,0.0,0.0,0,1.0255139681290577,0.9651104170765297,False,False,False,False,-0.09885309196045275,-0.15172586978387043,False,False,False,False,-14252530,-14522602.696368758,False,False,False,False,2682424.5466035036,False,False,False,False
2023-04-07 00:00:00+00:00,17.13,17.48,16.7,17.42,1223104,,,,,,,,,,,,,,,#000000,,16.82500094322836,,52.407586447487276,5.793281850295642,False,False,False,False,False,,0.0,0.0,0.0,0.0,0,1.039493207807823,0.9931246642277879,False,False,False,False,-0.008779813788135653,-0.08025284178600305,False,False,False,False,-15475634,-14593197.60774885,False,False,False,False,2574326.7283365773,False,False,False,False
2023-04-14 00:00:00+00:00,16.03,17.11,15.9,17.08,1300353,,,,,,,,,,,,,,,#000000,,16.79323146915742,,50.98816593925684,5.793281850295642,False,False,False,False,False,0.0,0.0,0.0,0.0,0.0,1,1.0342234616951915,0.9533605847595763,False,False,False,False,-0.16826059454345454,-0.1242567181647288,False,False,True,False,-16775987,-14754885.710878564,False,False,False,False,2479958.3040153496,False,False,False,False
2023-04-21 00:00:00+00:00,17.12,17.54,15.84,15.98,1215135,,,,,,,,,,,,,,,#000000,,16.80109134870181,,51.5422624577714,5.793281850295642,False,False,False,False,False,0.0,0.0,0.0,0.0,0.0,1,1.0401909301950267,0.9262907650863407,False,False,False,False,-0.11728771204814703,-0.12077221510643792,False,False,False,False,-15560852,-14814586.917480152,False,False,False,False,2386267.6889031017,False,False,False,False
2023-04-28 00:00:00+00:00,17.46,17.58,16.39,17.17,1232216,,,,,,,,,,,,,,,#000000,,16.82602926035135,,52.3915332159064,5.793281850295642,False,False,False,False,False,0.0,0.0,0.0,0.0,0.0,1,1.068192572112485,0.9199409925498454,False,False,False,False,-0.0371396325055407,-0.07895592380598931,False,False,False,False,-14328636,-14778590.553222362,False,False,False,False,2300782.3786139833,False,False,False,False
2023-05-05 00:00:00+00:00,17.5,18.21,16.845,17.5,3061995,,,,,,,,,,,,,,,#000000,,16.919440484653016,,53.05315629590747,5.793281850295642,False,False,False,False,False,0.0,0.0,0.0,0.0,0.0,1,1.1240510254779286,0.8906642109626928,False,False,False,False,0.21435740875510315,0.06770074247455692,False,False,False,False,-11266641,-14518446.141872557,False,False,False,False,2357168.4987166515,False,False,False,False
2023-05-12 00:00:00+00:00,18.6,18.75,17.33,17.33,1969388,,,,,,,,,,,,,,,#000000,,17.018046314003207,,54.96053627585037,5.793281850295642,False,False,True,False,True,3.4385818248079616,0.0,0.0,0.0,0.0,1,1.1094204082678891,0.8944245255511872,False,False,False,False,0.342828219805227,0.20526448113989196,False,False,False,False,-9297253,-14131691.09432644,False,False,False,False,2328444.017330233,False,False,False,False
2023-05-19 00:00:00+00:00,19.45,19.96,18.365,18.7,4194952,,,,,,,,,,,,,,,#000000,,17.916258463990456,,57.29033920211016,2.5281599459113977,False,False,True,False,True,6.058433113852011,0.0,0.0,0.0,0.0,1,1.1075644207089814,0.8655444741137729,False,False,False,False,0.34282823171324567,0.2740463564265688,False,False,False,False,-5102301,-13462847.383635594,False,False,False,False,2466703.867898364,False,False,False,False
2023-05-26 00:00:00+00:00,17.94,19.837,17.83,19.49,2871558,,,,,,,,,,,,,,,#000000,,17.9171864299807,,56.466815742631695,2.5281599459113977,False,False,True,False,True,1.0138816425480144,0.0,0.0,0.0,0.0,1,1.095784000312764,0.8522791178849931,False,False,False,False,0.2645148584813974,0.2692806074539831,False,False,False,False,-7973859,-13056255.651514439,False,False,False,False,2496693.0628688554,False,False,False,False
2023-06-02 00:00:00+00:00,18.25,18.455,17.43,17.94,1277292,,,,,,,,,,,,,,,#000000,,17.895624186414057,,56.26221697588435,2.5281599459113977,False,False,True,False,True,1.966037164133045,0.0,0.0,0.0,0.0,1,1.0853627842520066,0.9147888370344088,False,False,False,False,0.02701502321001985,0.14814781533200147,False,False,False,False,-6696567,-12585167.60325411,False,False,False,False,2406367.058211903,False,False,False,False
2023-06-09 00:00:00+00:00,18.49,18.94,18.105,18.34,2721098,,,,,,,,,,,,,,,#000000,,17.929524722550994,,56.41755856070358,2.5281599459113977,False,False,True,False,True,2.701080469683511,0.0,0.0,0.0,0.0,1,1.086573861883236,0.8932055994416135,False,False,False,False,0.1727518223408464,0.16044981883642395,False,False,False,False,-3975469,-11947412.151161212,False,False,False,False,2429680.4613073175,False,False,False,False
2023-06-16 00:00:00+00:00,19.6,19.97,18.355,18.63,1561787,,,,,,,,,,,,,,,#000000,,17.99932589080044,,57.83273298989086,3.357602061034143,False,False,True,False,True,5.979408439431712,0.0,0.0,0.0,0.0,1,1.1032917857433244,0.8938473630480412,False,False,False,False,0.34282822654493,0.25163902269067695,False,False,False,False,-2413682,-11241209.917741863,False,False,False,False,2365392.0567660346,False,False,False,False
2023-06-23 00:00:00+00:00,19.34,19.71,19.105,19.5,1113850,,,,,,,,,,,,,,,#000000,,18.047173176082868,,58.390537192459774,4.020084140937705,False,False,True,False,True,5.111172075508168,0.0,0.0,0.0,0.0,1,1.1383795751747041,0.8524452573408859,False,False,False,False,0.34282822716028505,0.297233624925481,False,False,False,False,-3527532,-10669826.368279502,False,False,False,False,2272685.237746328,False,False,False,False
2023-06-30 00:00:00+00:00,20.07,21.95,19.07,19.32,3580621,,,,,,,,,20.36333333333333,,,20.36333333333333,20.36333333333333,,#000000,,18.952602678922677,,59.617604385246814,5.328478425383572,False,False,True,False,True,7.194007172411283,-1.0,21.95,19.07,0.0,1,1.1283559279833093,0.8152647680864521,False,False,False,False,0.3428282334038312,0.3200309291646561,False,False,False,False,53089,-9875536.340999538,False,False,False,False,2369569.3682836373,False,False,False,False
2023-07-07 00:00:00+00:00,19.77,20.93,19.26,20.07,1517489,,,,,,,,,20.25121579892679,,,20.25121579892679,20.25121579892679,,#000000,,18.97741765596678,,59.94285863697271,5.76522898289236,True,False,True,False,True,6.179475314947759,0.0,0.0,0.0,0.0,0,1.1019403923647635,0.8757821774918997,False,False,False,False,0.2428270924339359,0.281429010799296,False,False,False,False,-1464400,-9252489.204629203,False,False,False,False,2306452.3039663313,False,False,False,False
2023-07-14 00:00:00+00:00,20.86,21.2299,19.36,19.87,3571429,,,,,,,,,20.34682321774741,,,20.34682321774741,20.34682321774741,,#000000,,19.147258606047828,,61.37484322868534,7.269541739705737,True,False,True,False,True,9.19102365010744,0.0,0.0,0.0,0.0,0,1.0908174391399876,0.8732966593428269,False,False,False,False,0.28196131969916854,0.28169516524923227,False,False,False,False,2107029,-8411043.411693707,False,False,False,False,2400154.2814503065,False,True,False,False
2023-07-21 00:00:00+00:00,20.47,21.11,19.825,20.8,1707100,,,,,,,,,20.366813304934286,,,20.366813304934286,20.366813304934286,,#000000,,19.210638536749034,,61.66648282924861,7.664753886783771,True,False,True,False,True,7.867090721428312,0.0,0.0,0.0,0.0,0,1.09057033433392,0.8963548504840407,False,False,False,False,0.33061686696879083,0.30615601610901155,False,False,False,False,399929,-7758378.788605285,False,False,False,False,2348816.927268802,False,False,False,False
2023-07-28 00:00:00+00:00,19.74,20.42,19.32,20.28,1457353,,,,,,,,,20.300294388602484,,,20.300294388602484,20.300294388602484,,#000000,,19.2200268244093,,60.56929953766143,7.664753886783771,True,False,True,False,True,5.450726796464302,0.0,0.0,0.0,0.0,0,1.0626647129231546,0.9139869786215372,False,False,False,False,0.1670178169774608,0.23658691654323616,False,False,False,False,-1057424,-7262011.767227115,False,False,False,False,2282782.562285928,False,False,False,False
2023-08-04 00:00:00+00:00,18.63,20.3,18.34,19.82,3705340,,,,,,,,,20.011700759876078,,,20.011700759876078,20.011700759876078,,#000000,,19.155050405943133,,58.02458121047967,7.664753886783771,True,False,True,False,False,1.968421263262627,0.0,0.0,0.0,0.0,0,1.0302897940294007,0.9288904835447119,False,False,False,False,0.024103971674394015,0.1303454441088151,False,False,False,False,-4762764,-7076882.302988069,False,False,False,False,2388157.187301785,False,False,False,False
2023-08-11 00:00:00+00:00,18.8,19.07,18.01,18.7,2190116,,,,,,,,,19.840607710161084,,,19.840607710161084,19.840607710161084,,#000000,,19.09865681657211,,56.44432385094312,10.416125189733904,True,False,True,False,False,2.4591252161070827,0.0,0.0,0.0,0.0,1,1.0389540892612625,0.9602589594405299,False,False,False,False,-0.33632065410277195,-0.10298760499697843,False,False,False,False,-2572648,-6743235.317581546,False,False,False,False,2373487.469723875,False,False,False,False
2023-08-18 00:00:00+00:00,19.23,19.37,18.05,18.99,2489942,,,,,,,,,19.722722963074883,,,19.722722963074883,19.722722963074883,,#000000,,19.066561663019996,,55.91973433448882,9.886205447375694,True,False,True,False,False,3.695693452408122,0.0,0.0,0.0,0.0,1,1.0359938932624868,0.9895413970520323,False,False,False,False,-0.2801519286564544,-0.1915697668267164,False,False,False,False,-82706,-6249862.775538468,False,False,False,False,2382113.7312258105,False,False,False,False
2023-08-25 00:00:00+00:00,18.07,20.06,17.93,19.31,2268822,,,,,,,,,19.618195874904,,,19.618195874904,19.618195874904,,#000000,,19.031598979142583,,53.76652400810333,7.784691745367866,True,False,False,False,False,0.16845841632330405,0.0,0.0,0.0,0.0,1,1.0017255177217852,0.9671646473589478,False,False,False,False,-0.17946569631549722,-0.1855177315711068,False,False,False,False,-2351528,-5961097.236609693,False,False,False,False,2373721.75113501,False,False,False,False
2023-09-01 00:00:00+00:00,17.95,18.52,17.68,18.17,1913559,,,,,,,,,19.49521974623754,,,19.49521974623754,19.49521974623754,,#000000,,18.97579769589558,,52.056041096093644,6.144547224753104,True,False,False,False,False,0.0,0.0,0.0,0.0,0.0,1,1.0046889359866458,0.9931675504194589,False,False,False,False,-0.34282825441539394,-0.26417299299325037,False,False,False,False,-4265087,-5835466.848712678,False,False,False,False,2339635.6214213055,False,False,False,False
2023-09-08 00:00:00+00:00,17.24,18.05,16.72,17.83,2539031,,,,,,,,,19.29178730260888,,,19.29178730260888,19.29178730260888,,#000000,,18.868828092912544,,49.833677300686006,4.033688872058256,False,False,False,False,False,0.0,0.0,0.0,0.0,0.0,1,1.0211391117208872,0.9870437702355853,False,False,False,False,-0.34282825441539394,-0.3035006237043222,False,False,False,False,-6804118,-5907218.785845072,False,False,False,False,2354405.649464172,False,False,False,False
2023-09-15 00:00:00+00:00,17.59,17.915,17.06,17.19,1775367,,,,,,,,,19.182350219860453,,,19.182350219860453,19.182350219860453,,#000000,,18.810216876174962,,48.83963376509787,3.113753266096886,False,False,False,False,False,0.0,0.0,0.0,0.0,0.0,1,1.0463515132731362,0.9584911821434602,False,False,False,False,-0.31839342811638843,-0.3109470259103553,False,False,False,False,-5028751,-5842147.098004696,False,False,False,False,2311513.897652011,False,False,False,False
2023-09-22 00:00:00+00:00,17.05,17.75,16.75,17.6,1738298,,,,,,,,,19.06824915692554,,,19.06824915692554,19.06824915692554,,#000000,,18.74527300860539,,47.36099356546565,1.705931968799426,False,False,False,False,False,0.0,0.0,0.0,0.0,0.0,1,1.0238246724451827,0.9618529811137828,False,False,False,False,-0.34282825441539394,-0.32688764016287464,False,False,False,False,-6767049,-5910658.350004348,False,False,False,False,2269053.460788899,False,False,False,False
2023-09-29 00:00:00+00:00,16.95,17.27,16.51,16.98,2305160,,,,,,,,,18.91638205457488,,,18.91638205457488,18.91638205457488,,#000000,,18.65447837679131,,46.16280572439051,0.5596010848310513,False,False,False,False,False,0.0,0.0,0.0,0.0,0.0,0,1.0119796261792884,1.0045099769145556,False,False,False,False,-0.34282825441539394,-0.3348579472891343,False,False,False,False,-9072209,-6144847.2870410625,False,False,False,False,2271728.019248981,False,False,False,False
2023-10-06 00:00:00+00:00,17.3,17.32,16.12,16.82,2768329,,,,,,,,,18.760305024322253,,,18.760305024322253,18.760305024322253,,#000000,1.6614031299959582,18.557727588497244,-0.7570273377902584,45.97174868995956,0.3499955372485317,False,False,False,True,False,0.0,0.0,0.0,0.0,0.0,0,0.9818925868250464,1.002507180285763,False,False,False,False,-0.34282825441539394,-0.3388431008522641,False,False,False,False,-6303880,-6156627.488000983,False,False,False,False,2308513.2770823897,False,False,False,False
2023-10-13 00:00:00+00:00,16.37,17.63,16.23,17.25,1482369,,,,,,,,,18.679519559493194,,,18.679519559493194,18.679519559493194,,"rgba(239, 83, 80, 0.5)",1.6231139352635884,18.50581316018339,-1.3158738359525821,44.478403068060395,-1.1442940583235952,False,True,False,True,False,0.0,0.0,0.0,0.0,0.0,0,1.0077633508840516,0.9841960357003238,False,False,False,False,-0.2758684322238651,-0.3073557665380646,False,False,False,False,-7786249,-6277340.192593504,False,False,False,False,2247317.404705916,False,False,False,False
2023-10-20 00:00:00+00:00,16.91,17.47,16.25,16.36,844778,,,,,,,,,18.63928692662739,,,18.63928692662739,18.63928692662739,,"rgba(239, 83, 80, 0.5)",1.6201340396110169,18.479710068402778,-0.9688766670069188,44.4441509922455,-1.2457910609859653,False,True,False,True,False,0.0,0.0,0.0,0.0,0.0,0,1.0101160820414254,1.0005620045578572,False,False,False,False,-0.29789450578261284,-0.3026251361603387,False,False,False,False,-6941471,-6326535.067216207,False,False,False,False,2143425.5969499224,False,False,False,False
2023-10-27 00:00:00+00:00,15.78,16.86,15.6,16.78,1481224,,,,,,,,,18.54291602706153,,,18.54291602706153,18.54291602706153,,"rgba(239, 83, 80, 1.0)",1.6245514086292514,18.414903278315766,-1.621926683464588,42.8952726412998,-2.828794179650181,False,True,False,True,False,0.0,0.0,0.0,0.0,0.0,0,0.975074845478045,1.0173635907905756,False,False,False,False,-0.34282825441539394,-0.32272669528786635,False,False,False,False,-8422695,-6481806.17334834,False,False,False,False,2094373.6268054838,False,False,False,False
2023-11-03 00:00:00+00:00,17.14,17.425,15.67,15.97,3148204,,,,,,,,,18.409686206822744,,,18.409686206822744,18.409686206822744,,#000000,1.6219451896405759,18.32422744836244,-0.7301279080983397,44.128276392831225,-2.828794179650181,False,True,False,True,False,0.0,0.0,0.0,0.0,0.0,0,0.9646784072870523,1.0189766988300935,False,False,False,False,-0.22149360244254956,-0.27211014886520796,False,False,False,False,-5274491,-6392375.419766982,False,False,False,False,2172435.1359310034,False,False,False,False
2023-11-10 00:00:00+00:00,16.04,17.055,15.76,16.95,764825,,,,,,,,,18.3721130894766,,,18.3721130894766,18.3721130894766,,"rgba(239, 83, 80, 1.0)",1.6243812072005486,18.297892510383523,-1.3900016205400245,43.60300492147218,-2.828794179650181,False,True,False,True,False,0.0,0.0,0.0,0.0,0.0,0,0.9513269304904194,1.0418782535381577,False,False,False,False,-0.2414225681054815,-0.25676635848534474,False,False,False,False,-6039316,-6366222.870154613,False,False,False,False,2068167.7184546327,False,False,False,False
2023-11-17 00:00:00+00:00,15.64,16.44,15.52,16.1,2169010,,,,,,,,,18.252462410155836,,,18.252462410155836,18.252462410155836,,"rgba(239, 83, 80, 1.0)",1.598178264701961,18.21241871524392,-1.6095943563114607,42.75627082013251,-3.1135410772515257,False,True,False,True,False,0.0,0.0,0.0,0.0,0.0,0,0.91436299350798,1.0942572332181144,False,False,False,False,-0.34282825441539394,-0.29979730645036934,False,False,False,False,-8208326,-6502674.9538468635,False,False,False,False,2075637.5170876228,False,False,False,False
2023-11-24 00:00:00+00:00,15.45,15.92,15.2,15.7,937898,,,,,,,,,18.19724560703094,,,18.19724560703094,18.19724560703094,,"rgba(239, 83, 80, 1.0)",1.601354741776167,18.172308016763022,-1.7000030947193707,41.925336984685394,-4.011816950968324,False,True,False,True,False,0.0,0.0,0.0,0.0,0.0,0,0.9174363321200532,1.1094591859779617,False,False,False,False,-0.34282825441539394,-0.32131278043288164,False,False,False,False,-9146224,-6698493.401710059,False,False,False,False,1991360.515821873,False,False,False,False
2023-12-01 00:00:00+00:00,15.45,15.575,14.77,15.3,1877769,,,,,,,,,18.083092185498288,,,18.083092185498288,18.083092185498288,,"rgba(239, 83, 80, 1.0)",1.605396215583248,18.08824782221664,-1.6433624276721952,41.33181281650889,-4.687923484003321,False,True,False,True,False,0.0,0.0,0.0,0.0,0.0,0,0.9160145122199623,1.079557430427839,False,False,False,False,-0.34282825441539394,-0.3320705174241378,False,False,False,False,-9146224,-6879806.779361165,False,False,False,False,1982946.3294646973,False,False,False,False
2023-12-08 00:00:00+00:00,15.66,15.94,14.83,15.09,5477663,,,,,,,,,17.81728191157285,,,17.81728191157285,17.81728191157285,,"rgba(239, 83, 80, 1.0)",1.6072214510741196,17.886115086610868,-1.3850705421602831,41.322286399156816,-4.822347668805719,False,True,False,True,False,0.0,0.0,0.0,0.0,0.0,0,0.8986819873557462,1.0824306952582583,False,False,False,False,-0.2556252509607418,-0.2938478841924398,False,False,False,False,-3668561,-6641936.721630708,False,False,False,False,2241814.2309858305,False,False,False,False
2023-12-15 00:00:00+00:00,15.17,16.235,14.64,15.61,6848088,,,,,,,,,17.53809371084778,,,17.53809371084778,17.53809371084778,,"rgba(239, 83, 80, 1.0)",1.6181498722334142,17.080185707831134,-1.1804751467147134,40.644606158337375,-5.618832217347595,False,True,False,True,False,0.0,0.0,0.0,0.0,0.0,0,0.8857306936146897,1.1040143686327821,False,False,False,False,-0.2347001879638305,-0.26427403607813515,True,False,False,False,-10516649,-6928952.44595436,False,False,False,False,2583019.6953572505,False,False,False,False
2023-12-22 00:00:00+00:00,15.8,16.02,14.97,15.45,2618405,,,,,,,,,17.457631729267092,,,17.457631729267092,17.457631729267092,,"rgba(239, 83, 80, 0.5)",1.616161529702429,17.043978765323097,-0.7697119022206522,41.427471419133404,-5.618832217347595,False,True,False,True,False,0.0,0.0,0.0,0.0,0.0,0,0.8750538685578267,1.1013741182187078,False,False,False,False,-0.20676360867893656,-0.23551882237853586,False,False,False,False,-7898244,-7000751.820328111,False,False,False,False,2585640.829034491,False,False,False,False
2023-12-29 00:00:00+00:00,17.06,17.24,15.845,15.95,1828222,,,,,,,,16.715,17.43674616360582,,,17.43674616360582,17.07587308180291,,#000000,1.606789726512225,16.866102283856854,0.12067398300089224,44.16522965501024,-5.618832217347595,False,True,False,True,True,0.0,0.0,0.0,0.0,0.0,1,0.8957292763823039,1.1352048746186045,False,False,False,False,0.3401372855804409,0.05230923160095251,False,False,False,False,-6070022,-6931808.870674177,False,False,False,False,2529535.7305874913,False,False,False,False
2024-01-05 00:00:00+00:00,16.39,17.24,16.01,16.81,1535227,,,,,,,16.546666666666667,16.638165215725486,17.4162105393423,,,17.4162105393423,16.86701414057815,,"rgba(239, 83, 80, 0.5)",1.5817700998086464,16.58454860650174,-0.1229942369787341,45.082169050765565,-8.56130736764468,False,True,False,True,True,0.0,0.0,0.0,0.0,0.0,1,0.8935613811328373,1.105826902666777,False,False,False,False,0.34282820342347986,0.1975687175122162,False,False,False,False,-7605249,-6981693.324698312,False,False,False,False,2455883.232025455,False,False,False,False
2024-01-12 00:00:00+00:00,15.22,17.2,14.83,16.39,3711907,,,,,,,15.983091851030803,16.172211745482016,17.328174859940518,,,17.328174859940518,16.49449281881778,,"rgba(239, 83, 80, 1.0)",1.5855123933762094,16.305878371447537,-0.68487536015739,44.14470275253395,-8.56130736764468,False,True,False,True,True,0.0,0.0,0.0,0.0,0.0,1,0.8566049103780691,1.1144720590450372,False,False,False,False,0.05287190478268278,0.12522031114744947,False,False,False,False,-11317156,-7302838.708053993,False,False,False,False,2548922.0296531995,False,False,False,False
2024-01-19 00:00:00+00:00,14.59,15.385,14.395,15.12,1917818,,,,,,,15.663741068560775,15.877451456701124,17.260727644989885,,,17.260727644989885,16.26730672341726,,"rgba(255, 0, 0, 1.0)",1.6063231250224805,16.11081345933043,-0.946766833920259,42.715984227879474,-8.56130736764468,False,True,False,True,False,0.0,0.0,0.0,0.0,0.0,1,0.8279635258358662,1.1670212765957446,False,False,False,False,-0.34282825441539394,-0.10880397163397224,False,False,False,False,-13234974,-7742256.13708703,False,False,False,False,2502173.5830122214,False,False,False,False
2024-01-26 00:00:00+00:00,14.37,14.71,14.14,14.53,1720960,,,,,,,15.420279872604336,15.641206344192945,17.194256263636028,,,17.194256263636028,16.08524749347777,,"rgba(255, 0, 0, 1.0)",1.6243712574353153,15.947946607436256,-0.9714199264567402,41.435683957971754,-4.880123158021796,False,True,False,True,False,0.0,0.0,0.0,0.0,0.0,1,0.834158415841584,1.1711014851485146,False,False,False,False,-0.34282825441539394,-0.22581611302468307,False,False,False,False,-14955934,-8276602.645450953,False,False,False,False,2444305.9101965013,False,False,False,False
2024-02-02 00:00:00+00:00,13.98,14.67,13.79,14.36,2051248,,,,,,,15.181415620691297,15.401051249386816,17.111940381155282,,,17.111940381155282,15.898135750411134,,"rgba(255, 0, 0, 1.0)",1.6512790237916848,15.775564700591467,-1.0873781321756701,40.05958379259716,-6.2180655768342135,False,True,False,True,False,0.0,0.0,0.0,0.0,0.0,1,0.8485915492957745,1.1744558258642765,False,False,False,False,-0.34282825441539394,-0.2843221837200385,False,False,False,False,-17007182,-8923312.227269402,False,False,False,False,2415190.509441205,True,False,False,False
2024-02-09 00:00:00+00:00,14.04,14.32,13.62,13.98,2030859,,,,,,,14.995355775620009,15.207834837240078,17.030715661839828,,,17.030715661839828,15.744635424899974,,"rgba(255, 0, 0, 1.0)",1.6691657839814533,14.871494087130234,-0.4981494918658564,39.201910865800635,-7.05778171933752,False,True,False,True,False,0.0,0.0,0.0,0.0,0.0,1,0.8520077720207252,1.1479922279792745,False,False,False,False,-0.34282825441539394,-0.31357521906771624,False,False,False,False,-14976323,-9371683.395619815,False,False,False,False,2386721.5087418566,False,False,False,False
2024-02-16 00:00:00+00:00,14.31,14.66,13.8,13.97,2080417,,,,,,,14.893233443440014,15.09058256893436,16.95862535244993,,,16.95862535244993,15.647480454941435,,"rgba(239, 83, 80, 1.0)",1.6931573683133765,14.82957315011884,-0.3068664259107868,39.169666731593324,-7.132956642838096,False,True,False,True,False,0.0,0.0,0.0,0.0,0.0,1,0.8543721236028927,1.1489151873767258,False,False,False,False,-0.271873463244369,-0.2927243411560426,False,False,False,False,-12895906,-9632736.9218702,False,False,False,False,2364032.2858720897,False,False,False,False
2024-02-23 00:00:00+00:00,17.6,17.695,14.19,14.21,4577211,,,,,,16.495,15.266807038344604,15.3902168639916,16.933550798985653,,,16.933550798985653,16.021393675330465,,"rgba(38, 166, 154, 0.5)",1.6933537595419805,15.631580641739006,1.162438354755485,44.30559556251243,-9.582011775669883,False,True,False,True,True,1.1557010817378526,0.0,0.0,0.0,0.0,1,0.8767101745557477,1.0687214970907375,False,False,False,False,0.1617345855645741,-0.06549487779573426,False,False,False,False,-8318695,-9535400.483213147,False,False,False,False,2527971.4498815644,False,False,False,True
2024-03-01 00:00:00+00:00,16.47,17.6,16.27,17.6,2534966,,,,,,16.596581458110506,15.439902101610036,15.537079060390663,16.929085279379276,,,16.929085279379276,16.12566197487262,,#000000,1.6910349408487029,15.816339402656244,0.38654470203654906,46.36818222936532,-7.717124341846294,False,True,False,False,True,0.0,0.0,0.0,0.0,0.0,1,0.9507511228124514,1.0229208610809972,False,False,False,False,0.34282822943537417,0.13866667581981995,False,False,False,False,-10853661,-9633049.410382543,False,False,False,False,2528489.564705152,False,False,False,False
2024-03-08 00:00:00+00:00,16.33,16.71,15.87,16.47,1238501,,,,,,16.553089409227212,15.485602996264445,15.574697248981552,16.920318922175586,,,16.920318922175586,16.133427144162198,,#000000,1.6835542946584965,15.841490224094358,0.2901657389105668,47.651726480278704,-6.591304477267613,False,True,False,False,True,0.0,0.0,0.0,0.0,0.0,1,0.967604969334801,1.0364837238559523,False,False,False,False,0.1886308113394452,0.16364874357963258,False,False,False,False,-12092162,-9815205.898502354,False,False,False,False,2432934.8562084744,False,False,False,False
2024-03-15 00:00:00+00:00,15.95,16.73,15.54,16.4,1112806,,,,,,16.49667514997648,15.512285110332714,15.595763393062445,16.9097900100003,,,16.9097900100003,16.128628415842982,,#000000,1.6809909668498029,15.845897430829528,0.06192928529863622,48.04356064723335,-6.2753591158941475,False,True,False,False,True,0.0,0.0,0.0,0.0,0.0,1,0.9470899470899471,1.0312791783380018,False,False,False,False,0.15310768078050413,0.15837821218006837,False,False,False,False,-13204968,-10066299.38750218,False,False,False,False,2335147.533526365,False,False,False,False
2024-03-22 00:00:00+00:00,16.17,16.26,15.54,16.01,1535136,,,,,,16.425955799454844,15.540440204899419,15.617474631523553,16.894282607555187,,,16.894282607555187,16.11953831085825,,#000000,1.6646208669335594,15.846046875458878,0.19461075550367568,48.64268007076702,-5.699623281309201,False,False,False,False,True,0.0,0.0,0.0,0.0,0.0,1,0.9563579277864991,1.0411302982731552,False,False,False,False,0.09994357231615188,0.12916089224811012,False,False,False,False,-11669832,-10185079.581020538,False,False,False,False,2275887.4199318197,False,False,False,False
2024-03-29 00:00:00+00:00,17.3,17.525,16.21,16.21,1254794,,,,,,16.485934714874837,15.608057825568595,15.677530226324189,16.895878269866156,,,16.895878269866156,16.166850259158444,,#000000,1.6505921732888857,15.916180550641265,0.8383775663987355,50.604000158518865,-3.795617456268957,False,False,False,False,True,0.5477786292879436,0.0,0.0,0.0,0.0,0,0.9839728771767606,0.9853598397287717,False,False,False,False,0.3260584477784395,0.2276096700132748,False,False,False,True,-10415038,-10202113.53798198,False,False,False,False,2200250.8703072406,False,False,False,False
2024-04-05 00:00:00+00:00,16.45,17.36,16.12,17.35,1752499,,,,,,16.50562931967853,15.670503530068192,15.732336834855273,16.891172962905753,,,16.891172962905753,16.199910661876938,,#000000,1.6292077663533127,15.968557634341593,0.29550704066187206,50.73896868448533,-3.6431672287237973,False,False,False,False,True,0.0,0.0,0.0,0.0,0.0,0,0.993227643527782,0.9919963059873786,False,False,False,False,0.2948510388269567,0.2612303544201158,False,False,False,False,-12167537,-10347700.461094426,False,False,False,False,2167084.065099297,False,False,False,False
2024-04-12 00:00:00+00:00,14.24,16.55,13.8,16.4,4888250,,,,,,16.080738661370358,15.554258757115209,15.613583441794638,16.79099422368181,,,16.79099422368181,16.009893770990505,,"rgba(239, 83, 80, 1.0)",1.640890803993561,15.74502382765597,-0.9171992578623018,48.18059616150901,-3.6431672287237973,False,False,False,False,False,0.0,0.0,0.0,0.0,0.0,1,0.921678735037683,1.0254174671198464,False,False,False,False,-0.06184941144020036,0.0996904714899577,False,False,False,False,-17055787,-10844595.760272618,False,False,False,False,2368651.912128979,False,False,False,False
2024-04-19 00:00:00+00:00,14.64,14.73,13.89,14.39,2514986,,,,,,15.885647558823255,15.476013176819036,15.535177215540994,16.732224438204007,,,16.732224438204007,15.907265597346823,,"rgba(239, 83, 80, 1.0)",1.6508433334849542,15.624776329697944,-0.5965292464301059,46.91997354566974,-3.6431672287237973,False,True,False,False,False,0.0,0.0,0.0,0.0,0.0,1,0.9228814825885518,1.0753250635181588,False,False,False,False,-0.321077184376503,-0.11069335644327266,False,False,False,False,-14540801,-11118388.740993164,False,False,False,False,2379491.474193499,False,False,False,False
2024-04-26 00:00:00+00:00,14.79,15.09,14.28,14.65,1684187,,,,,,15.800637386834598,15.442630680478086,15.500828677257243,16.69936916008529,,,16.69936916008529,15.860866476163805,,"rgba(239, 83, 80, 1.0)",1.6541977506326753,15.572936144535788,-0.4733026291665202,46.23652448043402,0.7217338122601333,False,True,False,False,False,0.0,0.0,0.0,0.0,0.0,1,0.9547868305264755,1.0485510544682142,False,False,False,False,-0.2402313838210809,-0.17546237013217678,False,False,False,False,-12856614,-11247146.167586263,False,False,False,False,2327987.439068055,False,False,False,False
2024-05-03 00:00:00+00:00,13.6,15.15,13.16,14.89,4063289,,,,,,15.526729684499944,15.300853275037325,15.359567365326813,16.595926725444397,,,16.595926725444397,15.69576926257712,,"rgba(239, 83, 80, 1.0)",1.6803546065053079,15.03505354559216,-0.8540182768782898,44.43818968167755,-1.0475653272419407,False,True,False,True,False,0.0,0.0,0.0,0.0,0.0,1,0.9192527869840315,1.0634227176860502,True,False,False,False,-0.34282825441539394,-0.25914531227378534,False,False,False,False,-16919903,-11667350.377394687,False,False,False,False,2456528.295433384,True,False,False,False
2024-05-10 00:00:00+00:00,15.41,15.48,14.125,14.4,4353143,,,,,,15.45465159354183,15.273191305661191,15.327668285936225,16.533850308666718,,,16.533850308666718,15.647340373451492,,#000000,1.6811341409893514,15.13363385416294,0.16439267938156252,45.61957269892893,-1.0475653272419407,False,True,False,True,False,0.0,0.0,0.0,0.0,0.0,1,0.9333630157316712,1.0286435143959634,False,False,False,False,-0.1741923318769695,-0.2166688220753774,False,False,False,False,-12566760,-11733973.312402487,False,False,False,False,2597018.273549429,False,False,False,False
2024-05-17 00:00:00+00:00,14.65,15.49,14.63,15.42,1842319,,,,,,15.425302373931403,15.259874301013925,15.312837854366723,16.507687128702084,,,16.507687128702084,15.626425414503533,,"rgba(239, 83, 80, 0.5)",1.6896467672854592,15.137086803451234,-0.2882772972920101,45.6206755328424,-1.0475653272419407,False,True,False,True,False,0.0,0.0,0.0,0.0,0.0,1,0.9553969669937558,1.0101100208147489,False,False,False,False,-0.11024168015459894,-0.16345525111498818,False,False,False,False,-14409079,-11932129.28926156,False,False,False,False,2541114.6236568787,False,False,False,False
2024-05-24 00:00:00+00:00,15.02,15.15,14.45,14.65,1415807,,,,,,15.40282526814346,15.248888597975807,15.300789079552864,16.48753493999968,,,16.48753493999968,15.610009471417953,,"rgba(239, 83, 80, 0.5)",1.6873921133347012,15.133875040245355,-0.06748581989061844,46.098464720787845,-1.0475653272419407,False,True,False,False,False,0.0,0.0,0.0,0.0,0.0,1,0.9595358524248736,1.0047604879500147,False,False,False,False,-0.17481933957263013,-0.16913729534380917,False,False,False,False,-12993272,-12010732.453019965,False,False,False,False,2457758.5033859992,False,False,False,False
2024-05-31 00:00:00+00:00,15.34,15.66,14.925,15.1,1247710,,,,,,15.399551727819606,15.250341083731985,15.300967045866432,16.474859003755977,,,16.474859003755977,15.606429715293501,,#000000,1.6770521864378702,15.15044839910847,0.11302665619138885,46.856328906680716,-1.0475653272419407,False,True,False,False,False,0.0,0.0,0.0,0.0,0.0,1,0.9864341085271319,0.97927847346452,False,False,False,False,-0.053276164956812824,-0.11120673015031099,False,False,False,False,-11745562,-11991090.197240708,False,False,False,False,2368125.2809129623,False,False,False,False
2024-06-07 00:00:00+00:00,15.32,15.72,15.128,15.3,1122864,,,,,15.389333333333333,15.399242779499323,15.253331669135486,15.30280400025973,16.464458259512217,,,16.464458259512217,15.561834008348018,,#000000,1.6792205184398965,15.200059073203235,0.07142654909207403,47.37190562122683,-1.0475653272419407,False,True,False,False,True,0.0,0.0,0.0,0.0,0.0,1,0.9905517533765367,0.9881896917206711,False,False,False,False,-0.006000084535855631,-0.05860340734308331,False,False,False,False,-12868426,-12056078.034482138,False,False,False,False,2275883.7045490392,False,False,False,False
2024-06-14 00:00:00+00:00,15.09,15.29,14.66,15.15,828712,,,,,15.229669701478873,15.39081951000838,15.249580142399303,15.29842998443447,16.454268935786878,,,16.454268935786878,15.52455365482158,,"rgba(239, 83, 80, 0.5)",1.6893504055680093,15.160579371790986,-0.04177900070841436,47.4304806204686,-1.0475653272419407,False,False,False,False,True,0.0,0.0,0.0,0.0,0.0,1,0.9806775329572722,1.0095054071742449,False,False,False,False,0.09677852530421438,0.019087558980565536,False,False,False,False,-13697138,-12177638.031927906,False,False,False,False,2168685.8005083697,False,False,False,False
2024-06-21 00:00:00+00:00,14.93,15.25,14.55,14.9,1678718,,,,,15.081848262794509,15.37046026966018,15.239157503420131,15.286893627044513,16.43261165989151,,,16.43261165989151,15.482194264562168,,"rgba(239, 83, 80, 0.5)",1.703183325846471,15.119049149723512,-0.11099753435500333,47.25031953942394,-1.0475653272419407,False,False,False,False,True,0.0,0.0,0.0,0.0,0.0,1,0.9666004978416359,1.0040961653590446,False,False,False,False,0.05753381636101825,0.03831068767079189,False,False,False,False,-15375856,-12414543.066599913,False,False,False,False,2132391.889359602,False,False,False,False
2024-06-28 00:00:00+00:00,14.52,15.16,14.41,14.98,1975519,,,,,14.946108172712862,15.338479329059524,15.220246196991784,15.266961269021815,16.404427096983905,,,16.404427096983905,15.435244412953978,,"rgba(239, 83, 80, 0.5)",1.7228244983898553,14.935925323658179,-0.24142059974588306,46.547806905271834,-1.0475653272419407,False,True,False,False,True,0.0,0.0,0.0,0.0,0.0,1,0.9346152607337262,1.047830708280993,False,False,False,False,-0.002340455625664382,0.017985116022563755,True,False,False,False,-17351375,-12780234.320925845,False,False,False,False,2120771.675332965,False,False,False,False
2024-07-05 00:00:00+00:00,14.72,14.79,14.43,14.58,1126857,,,,,14.89599020210407,15.320242945029001,15.209063171023635,15.255238265048812,16.388297664530587,,,16.388297664530587,15.41376644954722,,"rgba(239, 83, 80, 0.5)",1.7380033278355862,14.912636955225812,-0.11083808191881374,46.392044868534946,-1.0475653272419407,False,True,False,False,True,0.0,0.0,0.0,0.0,0.0,1,0.9279252410776417,1.0614706564602179,False,False,False,False,-0.09362963831717963,-0.03782226114730794,False,False,False,False,-16224518,-13035366.445301708,False,False,False,False,2047148.3660490417,False,False,False,False
2024-07-12 00:00:00+00:00,15.94,16.11,14.77,14.77,1664954,,,,,15.036892393292833,15.330980338875618,15.220196252171261,15.264784899268156,16.377842134818106,,,16.377842134818106,15.446139203685195,,#000000,1.739086246559663,15.048196872641233,0.5127998275663272,48.2153739057565,-1.0475653272419407,False,False,False,False,True,0.0,0.0,0.0,0.0,0.0,1,0.9758536835976298,1.0152412919135527,False,False,False,False,0.34282816517955017,0.15250295201612113,False,False,False,False,-14559564,-13148269.967871951,False,False,False,False,2018837.6722676312,False,False,False,False
2024-07-19 00:00:00+00:00,16.98,17.43,15.755,15.93,3002245,,,,,15.48059092512379,15.419035583503865,15.292362437681149,15.332816801986752,16.38594006288183,,,16.38594006288183,15.582149162235476,,"rgba(38, 166, 154, 0.5)",1.7393258194790047,15.405810232267147,0.9050574366822108,50.90433091656894,-2.597485932100291,False,False,False,False,True,1.0729773343591695,0.0,0.0,0.0,0.0,1,1.0239274479619838,0.9099792517234454,False,False,False,False,0.3428282170556174,0.24766558453586926,False,False,False,False,-11557319,-13030421.748029584,False,False,False,False,2091682.6595070658,False,False,False,False
2024-07-26 00:00:00+00:00,15.81,17.32,14.05,17.3,8480565,,,,,15.585561536986567,15.465709471137592,15.344278323951398,15.378714089860479,16.344814836743186,,,16.344814836743186,15.623815651735844,,#000000,1.7231974993080816,15.560059377972216,0.14504467545254884,51.01039035510412,-2.4660614893135886,True,False,False,False,True,0.0,0.0,0.0,0.0,0.0,1,0.9774415321343073,0.9000982137376466,False,False,False,False,0.02788867289816751,0.1377771287170184,False,False,False,False,-20037884,-13549493.025953319,False,False,False,False,2564933.203247283,False,False,False,False
2024-08-02 00:00:00+00:00,16.33,17.85,15.71,15.89,6764965,,,,16.63,15.850732632639504,15.591407820996206,15.45620632459248,15.485140470529217,16.358333080497832,,,16.358333080497832,15.895303388209205,,#000000,1.7126484100878911,16.145063032830556,0.10798303147343073,51.78033297250698,-1.6644854673508576,True,False,False,False,True,0.0,0.0,0.0,0.0,0.0,1,1.0376750783050648,0.886974765084806,False,False,False,False,0.3428282202837086,0.24030267450036347,False,False,False,False,-13272919,-13529006.061067887,False,False,False,False,2876046.6696734102,False,False,False,False
2024-08-09 00:00:00+00:00,15.74,16.19,15.21,15.71,4911490,,,,16.244420715305573,15.829347911079996,15.60026994681105,15.471491516219418,15.498411971195148,16.336874251745645,,,16.336874251745645,15.830136052059473,,#000000,1.7107772534175265,16.006718922926567,-0.15590511411918556,51.45329625890156,-1.6644854673508576,True,False,False,False,True,0.0,0.0,0.0,0.0,0.0,1,1.0234954176638844,0.9225089019905436,False,False,False,False,0.0015207232220099285,0.1209116988611867,False,False,False,False,-18184409,-13873850.723211007,False,False,False,False,3026820.2496976024,False,False,False,False
2024-08-16 00:00:00+00:00,16.0,16.19,15.27,15.73,2061681,,,,16.18072793160101,15.828774644261589,15.606775563949393,15.479976296262798,15.506075889267448,16.329755293941698,,,16.329755293941698,15.822014269880656,,#000000,1.7102480405953884,15.98402927883491,0.009338248479752563,51.590306211054,-1.6644854673508576,True,False,False,False,True,0.0,0.0,0.0,0.0,0.0,1,1.019958044403007,0.9325505506672106,False,False,False,False,0.010645547719258089,0.0657786232902224,False,False,False,False,-16122728,-14040434.225195376,False,False,False,False,2955328.453423706,False,False,False,False
2024-08-23 00:00:00+00:00,16.27,16.37,15.83,16.04,1407033,,,,16.17849256573719,15.84194657726045,15.617666636336855,15.491035996927842,15.516487910684214,16.32814346223562,,,16.32814346223562,15.82896219153036,,#000000,1.708558087610352,15.991646200985278,0.1629173752026407,52.07828169275459,-1.120136119460625,True,False,False,False,True,0.0,0.0,0.0,0.0,0.0,1,1.0272666390279683,1.017221035175559,False,False,False,False,0.12380844838298777,0.09479353583660508,False,False,False,False,-14715695,-14090453.54184757,False,False,False,False,2840639.901318246,False,False,False,False
2024-08-30 00:00:00+00:00,16.43,16.48,15.83,16.38,900053,,,,16.18231677608865,15.852086114604747,15.625536019835257,15.498854252220864,15.52388731380756,16.327660993074208,,,16.327660993074208,15.835056911605214,,#000000,1.7066684262378329,15.999458037832994,0.25227042086674617,52.66322602828194,-0.4446332548327874,True,False,False,False,True,0.0,0.0,0.0,0.0,0.0,1,0.9600678032402126,1.0109202333996155,False,False,False,False,0.14083154675586682,0.11781254129623595,False,False,False,False,-13815642,-14070097.131340342,False,False,False,False,2696892.723442821,False,False,False,False
2024-09-06 00:00:00+00:00,15.91,16.7487,15.67,16.33,1344155,,,,16.176693376047922,15.861372283817056,15.634413805600566,15.508147316387618,15.532618743824061,16.325749214813957,,,16.325749214813957,15.83983245674853,,#000000,1.7062249569161765,16.003182489304027,-0.05461324951690121,52.18248123543735,-0.4446332548327874,True,False,False,False,True,0.0,0.0,0.0,0.0,0.0,1,0.9681391655372514,0.9733565793431818,False,False,False,False,0.15773346594143722,0.1377730036188366,False,False,False,False,-15159797,-14150815.640129946,False,False,False,False,2596689.929113723,False,False,False,False
2024-09-13 00:00:00+00:00,15.55,16.07,15.41,15.83,787231,,,,16.15503716128811,15.857551545786631,15.634862861545859,15.50963589410304,15.533865581186856,16.322433921133936,,,16.322433921133936,15.835564494174072,,#000000,1.709502092834463,15.99267394164849,-0.25894904926059986,51.23724369614308,-0.4446332548327874,True,False,False,False,True,0.0,0.0,0.0,0.0,0.0,1,0.9698871508637288,0.9958862227955915,False,False,False,False,-0.18429744036868187,-0.023262218374922636,False,False,False,False,-15947028,-14283868.407527728,False,False,False,False,2462655.934364558,False,False,False,False
2024-09-20 00:00:00+00:00,19.96,21.0,17.47,18.15,12846124,,,19.476666666666667,17.530482254523342,16.77088573040493,16.202660680869045,16.00941392289563,16.0218419075758,16.565104983197433,,,16.565104983197433,16.93957944944755,,"rgba(0, 255, 255, 0.75)",1.7517643615447778,17.76274564989859,1.2543093114211896,55.698364427869194,2.6000179080182093,True,False,True,False,True,7.809625144424519,0.0,0.0,0.0,0.0,0,0.9779300996420407,0.8677229843061652,False,False,False,False,0.3428282335517999,0.15978300758843864,False,False,False,False,-3100904,-13455500.673636787,False,False,False,False,3231801.7170042205,False,False,False,False
2024-09-27 00:00:00+00:00,18.95,20.24,18.9,20.24,2624512,,,19.4574402629601,17.673446107686168,16.89799585543701,16.295299939998106,16.0935735667761,16.104249249139777,16.60840725266806,,,16.60840725266806,17.018630319237904,,"rgba(38, 166, 154, 1.0)",1.7711219836818373,17.860641213443806,0.6150670572625475,57.36775477089728,4.113472263966479,True,False,True,False,True,5.341445357393688,0.0,0.0,0.0,0.0,0,1.0007122365081038,0.9264971923636851,False,False,False,False,0.3428282353508485,0.2513056214696436,False,False,False,False,-5725416,-12882901.80892295,False,False,False,False,3186817.2935224264,False,False,False,False
2024-10-04 00:00:00+00:00,19.0,19.4626,18.64,18.89,1988435,,,19.409236910543523,17.749374804480837,16.974508832636875,16.354799804299894,16.14843598118592,16.15799063785893,16.636518609927595,,,16.636518609927595,17.061552225847652,,"rgba(38, 166, 154, 1.0)",1.7892574130320364,17.90652233766992,0.6111349067863283,58.606275668921654,5.215721224442952,True,False,True,False,True,5.446167758438708,0.0,0.0,0.0,0.0,0,0.9958193136177933,0.9432695274094451,False,False,False,False,0.24640837127523185,0.24885699637243772,False,False,False,False,-3736981,-12205426.193447176,False,False,False,False,3098048.2347429874,False,False,False,False
2024-10-11 00:00:00+00:00,19.47,19.55,18.1,18.91,1729867,,,19.375950506328177,17.809125301237852,17.03692413252715,16.404606369958646,16.194618422796896,16.20325641293149,16.660507698081624,,,16.660507698081624,17.09785554912312,,"rgba(0, 255, 255, 0.75)",1.8155911553109223,17.944572889903238,0.8401820562050102,59.93452749874403,6.419978493331783,True,False,True,False,True,6.434880536554239,0.0,0.0,0.0,0.0,0,1.0489765841004337,0.9141786462093323,False,False,False,False,0.20580290905645665,0.22732995271444717,False,False,False,False,-2007114,-11449995.66059924,False,False,False,False,2996701.4766138773,False,False,False,False
2024-10-18 00:00:00+00:00,20.63,21.69,20.39,21.19,6843691,,20.903333333333332,19.777482603095265,18.28811578147119,17.449791127114693,16.712161563535656,16.47446168251437,16.478220873635536,16.82167870136581,,20.903333333333332,16.82167870136581,17.863155708258233,,"rgba(0, 255, 255, 0.75)",1.8586892892234248,19.21119384797726,0.7633369171753972,61.89978165889519,8.2377393090945,True,False,True,False,True,8.804673827102633,-1.0,21.69,20.39,0.0,0,1.0838527987849256,0.8255343997836799,False,False,False,False,0.3428282404670398,0.2850790965907435,False,False,False,False,4836577,-10243582.870925222,False,False,False,False,3281663.663531368,False,False,False,False
2024-10-25 00:00:00+00:00,20.46,20.84,19.945,20.63,3308999,,20.744174084733533,19.84937856022622,18.436224346617163,17.595370753465907,16.830643163894056,16.584532078101486,16.586514973413237,16.886486863736955,,20.744174084733533,16.886486863736955,17.939165603023568,,"rgba(0, 255, 255, 0.75)",1.8820842194251073,19.263915191582385,0.6355107789931775,63.01766117788148,9.23877961180446,True,False,True,False,True,8.373749099274058,0.0,0.0,0.0,0.0,0,1.059687273123797,0.8606818697038305,False,False,False,False,0.2547386999100236,0.26990889825038356,False,False,False,False,1527578,-9371645.028634464,False,False,False,False,3283688.503269785,False,False,False,False
2024-11-01 00:00:00+00:00,20.51,20.94,20.1,20.47,2347853,,20.70144362302235,19.898817501260645,18.534178143283576,17.69370932403087,16.91247057777592,16.66094984953565,16.661755595239853,16.932355270467372,,20.70144362302235,16.932355270467372,17.99945998557703,,"rgba(0, 255, 255, 0.75)",1.9268017191358513,19.3151378619053,0.6201271912039733,63.86202641374118,10.006558623336467,True,False,True,False,True,8.476409714657773,0.0,0.0,0.0,0.0,0,1.0995599184528597,0.8547404468474671,False,False,False,False,0.2717422663498645,0.270825582300124,False,False,False,False,3875431,-8390380.137624504,False,False,False,False,3214367.3548794305,False,False,False,False
2024-11-08 00:00:00+00:00,20.0,20.49,19.58,20.41,2660707,,20.58243939879627,19.90846228533014,18.609610226334134,17.779314682900683,16.98881145547103,16.7334065212134,16.733137955024596,16.97599007605857,,20.58243939879627,16.97599007605857,18.038896575141102,,"rgba(38, 166, 154, 1.0)",1.9551092686221556,19.327341844471984,0.34405143810814465,63.544816642258006,10.006558623336467,True,False,True,False,True,7.158800350672955,0.0,0.0,0.0,0.0,0,1.072522848514274,0.8897652702583034,False,False,False,False,0.20778879512149823,0.2393071887108111,False,False,False,False,1214724,-7678890.942244911,False,False,False,False,3173355.476740213,False,False,False,False
2024-11-15 00:00:00+00:00,19.68,20.7116,19.44,19.99,2152953,,20.50303539276974,19.910550433553098,18.662145057940315,17.84181692604975,17.046347514265793,16.788427516658952,16.787374246936576,17.009508816857487,,20.50303539276974,17.009508816857487,18.068650738128962,,"rgba(38, 166, 154, 1.0)",1.9736410035289644,19.33593197026904,0.17433161811887218,62.74844188619542,10.006558623336467,True,False,True,False,True,6.33681552139215,0.0,0.0,0.0,0.0,0,1.052171448044174,0.8847523665632285,False,False,False,False,0.21309791023873229,0.2262025494747717,False,False,False,False,-938229,-7179582.650226769,False,False,False,False,3097770.10809279,False,False,False,False
2024-11-22 00:00:00+00:00,19.57,20.23,19.308,19.68,1695448,,20.43165146489363,19.901323492819763,18.69343807994912,17.883190578456215,17.086461538078748,16.8272348816136,16.825646080782498,17.033250313812346,,20.43165146489363,17.033250313812346,18.085274553800737,,"rgba(38, 166, 154, 1.0)",1.9730748126252646,19.332978729587552,0.12012786788205,61.97876493662755,10.006558623336467,True,False,True,False,True,6.05237459331304,0.0,0.0,0.0,0.0,0,1.0532623966880257,0.8897606187784398,False,False,False,False,-0.04875644341062213,0.08872305303207478,False,False,False,False,-2633677,-6842848.89835812,False,False,False,False,2993894.396382213,False,False,False,False
2024-11-29 00:00:00+00:00,19.82,20.123,19.345,19.79,820816,,20.403961071816074,19.898406694334096,18.708782504946633,17.90320582442131,17.105885290406196,16.846038067339588,16.84419480306936,17.044849509224143,,20.403961071816074,17.044849509224143,18.094415470694678,,"rgba(38, 166, 154, 1.0)",1.9820882790496372,19.33371589456332,0.24533927705270644,61.7417168516081,10.006558623336467,True,False,True,False,True,6.607048221182659,0.0,0.0,0.0,0.0,0,1.040089873118543,0.9083617303267919,False,False,False,False,-0.05921585596190517,0.014753598535084806,False,False,False,False,-1812861,-6470257.202183444,False,False,False,False,2832925.6262798267,False,False,False,False
2024-12-06 00:00:00+00:00,20.07,20.09,19.02,19.25,1083543,,20.36887083270656,19.89376644432557,18.72770717311402,17.928484720073534,17.130756886999574,16.87019212718744,16.868027145992375,17.059810419539055,,20.36887083270656,17.059810419539055,18.105951968742268,,"rgba(38, 166, 154, 1.0)",1.9820882790496372,19.334207060419104,0.37122107393404863,61.88898026845435,10.006558623336467,True,False,True,False,True,7.163917027813529,0.0,0.0,0.0,0.0,0,1.0239507534753662,0.9123968746036473,False,False,False,False,-0.11296110928471104,-0.04910375537481312,False,False,False,False,-729318,-6045002.446466153,False,False,False,False,2703341.728036877,False,False,False,False
2024-12-13 00:00:00+00:00,18.6,20.71,17.71,19.96,6229595,,20.056238068497777,19.77449234492194,18.754646059137155,18.00807554711205,17.227813818523224,16.968449897023923,16.965074631555378,17.120311884992372,,20.056238068497777,17.120311884992372,18.109387781470478,,"rgba(38, 166, 154, 0.5)",1.9631919954020842,19.247051543416887,-0.329591575827693,59.28489256610452,12.973500908237483,True,False,True,False,False,3.336910245201885,0.0,0.0,0.0,0.0,0,1.0,0.8899094719241559,False,False,False,False,-0.2187036856099503,-0.1339037204923817,False,False,False,False,-6958913,-6112699.524505697,False,False,False,False,2964545.6741082193,False,False,False,False
2024-12-20 00:00:00+00:00,18.0,18.985,17.85,18.43,1998700,,19.934301996722635,19.712619882497126,18.74033186568856,18.014328295818895,17.24496746757314,16.98749696679267,16.98392012163838,17.1317440292136,,19.934301996722635,17.1317440292136,18.093713828243125,,#000000,1.9107255543756538,19.196691297074835,-0.626302031882263,56.483196755878446,10.273772886179728,True,False,True,False,False,1.8461491649127915,0.0,0.0,0.0,0.0,0,1.0068160936149562,0.9371556168701045,False,False,False,False,-0.34282825441539394,-0.23836598745388782,False,False,False,False,-8957613,-6323433.856023794,False,False,False,False,2893001.550100203,False,False,False,False
2024-12-27 00:00:00+00:00,17.97,18.24,17.57,17.94,1183060,,19.85597967303169,19.669947569983297,18.726111127097013,18.013144016109763,17.251493165156948,16.995511472650126,16.991860439784716,17.136362143932374,,19.85597967303169,17.136362143932374,18.080051200968242,,#000000,1.8668101810982973,19.161051451991355,-0.638014225576286,54.43484873148881,8.35628523015432,True,False,True,False,False,1.7716097150244856,0.0,0.0,0.0,0.0,0,1.0030056369354525,0.9549154459682111,False,False,False,False,-0.34282825441539394,-0.29059712093464085,False,False,False,False,-10140673,-6606192.311133143,False,False,False,False,2766339.213055744,False,False,False,False
2025-01-03 00:00:00+00:00,17.74,18.5534,17.63,17.68,1330758,,19.776884754006883,19.625572074476743,18.711619201686265,18.012565062514142,17.25919505781915,17.00481909825269,17.00108232315979,17.141803429981163,,19.776884754006883,17.141803429981163,18.066692625237103,,#000000,1.8375502885807147,19.12476782629534,-0.7535945192362095,52.596127205541656,6.6570363118946005,True,False,False,False,False,1.1934309865452128,0.0,0.0,0.0,0.0,0,1.0040364572821727,0.9372088705185234,False,False,False,False,-0.29080849123060726,-0.29070280608262405,False,False,False,False,-11471431,-6966580.362160318,False,False,False,False,2659999.8639405034,False,False,False,False
2025-01-10 00:00:00+00:00,17.76,18.34,17.59,17.69,1844535,,19.673360576370367,19.565047288209737,18.690407278522123,18.010209287663457,17.26847099579148,17.016419381657336,17.012582944976376,17.148535812044038,,19.673360576370367,17.148535812044038,18.048129195654365,,#000000,1.8280609231474598,19.075614621265384,-0.7196776675255581,51.3195651127303,5.493618219007807,False,False,False,False,False,1.2427191282643015,0.0,0.0,0.0,0.0,0,0.9950713693105121,0.9794640387937997,False,False,False,False,-0.32249135549920027,-0.3065970807909122,False,False,False,False,-9626896,-7163640.779778072,False,False,False,False,2599595.0592041695,False,False,False,False
2025-01-17 00:00:00+00:00,17.36,17.85,16.755,17.83,2761659,,19.494260695604932,19.453319388022265,18.639068088772774,17.98987398066755,17.26960521350805,17.022250295989664,17.018413413436264,17.150817190224835,,19.494260695604932,17.150817190224835,18.004701033278295,,#000000,1.8133143712575084,18.981227255418496,-0.8940684975072456,49.714487550169565,3.9977246308062604,False,False,False,False,False,0.21760819194264158,0.0,0.0,0.0,0.0,0,0.9443537100772651,1.0294925336590497,False,False,False,False,-0.34282825441539394,-0.3247126676031531,False,False,False,False,-12388555,-7550671.462757474,False,False,False,False,2611599.7955594165,False,False,False,False
2025-01-24 00:00:00+00:00,17.19,17.5,16.73,17.45,3584597,,19.28247325764466,19.31285698327292,18.569473686861336,17.95849726919082,17.26611495956855,17.02509920237798,17.021319293758424,17.150635286213017,,19.28247325764466,17.150635286213017,17.948308742360965,,#000000,1.7898576821978123,18.863235179499995,-0.9348425833753358,48.274970122737216,2.653599213670425,False,False,False,False,False,0.0,0.0,0.0,0.0,0.0,0,0.9904309940104004,1.0388740868327486,False,False,False,False,-0.34282825441539394,-0.33377046100927354,False,False,False,False,-15973152,-8174558.909960624,False,False,False,False,2683673.6625550156,False,False,False,False
2025-01-31 00:00:00+00:00,17.35,18.14,17.01,17.13,2414690,,19.180628558363914,19.24162103503768,18.537041941948612,17.947371194911472,17.2702822159371,17.03271510088891,17.028903720809318,17.154548521068943,,19.180628558363914,17.154548521068943,17.924139036120742,,#000000,1.7841334434800964,18.80645713989513,-0.8163386798322615,47.596536992188845,2.016886323286357,False,True,False,False,False,0.19801997279463635,0.0,0.0,0.0,0.0,0,0.9475815030541482,1.036692947862096,False,False,False,False,-0.21744122634424326,-0.2756058436767584,False,False,False,False,-13558462,-8573366.546259837,False,False,False,False,2663748.9468101994,False,False,False,False
2025-02-07 00:00:00+00:00,16.1,17.76,16.0,17.03,5630019,,18.879607491787585,19.021590432758405,18.410448686700274,17.876291725395657,17.244345141541846,17.01783949641405,17.01433599516248,17.140943599025555,,18.879607491787585,17.140943599025555,17.82567532109823,,"rgba(239, 83, 80, 0.5)",1.778752037472006,18.619822581519937,-1.4166238623687832,45.06235767475418,-0.4158309621487035,False,True,False,True,False,0.0,0.0,0.0,0.0,0.0,0,0.9374079640050434,1.0015118849274143,False,False,False,False,-0.34282825441539394,-0.30921704904607616,False,False,False,False,-19188481,-9359671.320610961,False,False,False,False,2883472.6544538885,False,False,False,False
2025-02-14 00:00:00+00:00,16.41,16.87,15.83,16.04,2525142,,18.753912888394694,18.925396556682525,18.351753231785313,17.840962879748545,17.228978556007075,17.007533191012264,17.004202148115926,17.13224242237258,,18.753912888394694,17.13224242237258,17.780622734264867,,"rgba(239, 83, 80, 0.5)",1.7774820433451406,18.537887770719834,-1.1971360153463186,43.95024160546722,-1.4600996181952297,False,True,False,True,False,0.0,0.0,0.0,0.0,0.0,0,0.9307047328667452,1.028320674393591,False,False,False,False,-0.34282825441539394,-0.3260226517307351,False,False,False,False,-16663339,-9900683.741306445,False,False,False,False,2856929.64301286,False,False,False,False
2025-02-21 00:00:00+00:00,15.75,16.6,15.62,16.35,3884775,,18.556180380421374,18.77022876530571,18.25166409061845,17.77650089689877,17.196360969787413,16.983224417994435,16.980242330716344,17.11274767515698,,18.556180380421374,17.11274767515698,17.703393690862434,,"rgba(239, 83, 80, 0.5)",1.776584667580209,18.40397974602471,-1.4938661773094968,42.17522360512989,-3.157814064257188,False,True,False,True,False,0.0,0.0,0.0,0.0,0.0,0,0.908715987785188,1.0413305462470968,False,False,False,False,-0.34282825441539394,-0.3344254530730645,False,False,False,False,-20548114,-10689382.278987449,False,False,False,False,2933066.3361230185,False,False,False,False
2025-02-28 00:00:00+00:00,16.0,16.15,15.64,15.75,2992872,,18.41899733842572,18.659087698063257,18.17825983820776,17.72825293182892,17.171187237826786,16.964190109357506,16.961469165567713,17.097397952854276,,18.41899733842572,17.097397952854276,17.64735528401649,,"rgba(239, 83, 80, 0.5)",1.7770765850658181,18.30825659363397,-1.298906649849578,41.48954657303241,-3.819728886335568,False,True,False,True,False,0.0,0.0,0.0,0.0,0.0,0,0.9089315732742533,1.0582240761033461,False,False,False,False,-0.34282825441539394,-0.3386268537442292,False,False,False,False,-17555242,-11197964.480543934,False,False,False,False,2937496.385299091,False,False,False,False
2025-03-07 00:00:00+00:00,16.1,16.15,15.51,15.88,2725581,,18.305514824946194,18.564835632129242,18.115056716149954,17.68622420253856,17.148939214094206,16.94728269830388,16.944786995764076,17.083644877210425,,18.305514824946194,17.083644877210425,17.59953564514207,,"rgba(239, 83, 80, 0.5)",1.7773928472156442,18.227284569527697,-1.1968567178945109,41.23778443392531,-4.112822412361751,False,True,False,True,False,0.0,0.0,0.0,0.0,0.0,0,0.9086304859526935,1.067126338018794,False,False,False,False,-0.34282825441539394,-0.3407275540798116,False,False,False,False,-14829661,-11466979.037540678,False,False,False,False,2921798.9493510104,False,False,False,False
2025-03-14 00:00:00+00:00,15.35,16.135,15.07,16.0,2395372,,18.198548591488652,18.47541012347106,18.052718956145497,17.642827522623676,17.12384938740567,16.9272337448441,16.92498510798155,17.067739074484177,,18.198548591488652,17.067739074484177,17.55166406355555,,"rgba(239, 83, 80, 1.0)",1.7808034728765016,18.149296855192652,-1.5719291307709524,39.89735224078842,-5.484240831073166,False,True,False,True,False,0.0,0.0,0.0,0.0,0.0,0,0.9043565587489839,1.0464767347329156,False,False,False,False,-0.34282825441539394,-0.3417779042476028,False,False,False,False,-17225033,-11893501.553278405,False,False,False,False,2882804.360510195,False,False,False,False
2025-03-21 00:00:00+00:00,15.56,15.77,15.23,15.35,1193107,,18.14830693383108,18.432822794879694,18.022792399042366,17.62187040987259,17.111650985876064,16.91746760269105,16.915337169734908,17.059944966306613,,18.14830693383108,17.059944966306613,17.528774157779296,,"rgba(239, 83, 80, 0.5)",1.7843150652987976,18.112202550871853,-1.4303542017364888,39.46810860206074,-5.985896645515581,False,True,False,True,False,0.0,0.0,0.0,0.0,0.0,0,0.8886070983199988,1.2091244097577378,False,False,False,False,-0.34282825441539394,-0.3423030793314984,False,False,False,False,-16031926,-12200051.51229482,False,False,False,False,2757641.5930649955,False,False,False,False
2025-03-28 00:00:00+00:00,14.13,16.08,13.88,15.61,5890846,,17.85574174259763,18.184660057490213,17.839442196434494,17.485913297129443,17.024244854906865,16.84389218501093,16.84258041297247,17.002610511784386,,17.85574174259763,17.002610511784386,17.384885657290802,,"rgba(255, 0, 0, 1.0)",1.8050995630248299,17.89098704398979,-2.0835344049873075,37.238429021898334,-8.220112363676066,False,True,False,True,False,0.0,0.0,0.0,0.0,0.0,0,0.7973313021123791,1.166623593900896,False,False,False,False,-0.34282825441539394,-0.34256566687344614,False,False,False,False,-21922772,-12920253.02990261,False,False,False,False,2989730.8083935147,False,False,False,False
2025-04-04 00:00:00+00:00,12.11,14.7,11.94,13.94,5487451,,17.49430554757378,17.877703449238066,17.59900665664522,17.29629675220244,16.89027543627822,16.726320798652036,16.726208998884726,16.912311970972848,,17.49430554757378,16.912311970972848,17.19030370130592,,"rgba(255, 26, 202, 1.0)",1.8731872630686237,17.609653383265382,-2.935986962806881,33.748791673811596,-11.593343440794492,False,True,False,True,False,0.0,0.0,0.0,0.0,0.0,0,0.7562609666613493,1.175549529430531,False,False,False,False,-0.34282825441539394,-0.34269696064442,False,False,False,False,-27410223,-13993584.138798714,False,False,False,False,3174747.118882884,False,False,False,False
2025-04-11 00:00:00+00:00,11.4,12.56,10.46,11.67,4559517,,17.149189181394764,17.581954543885306,17.360107725918628,17.102207557871,16.747350003504856,16.59882395726888,16.59994368801041,16.814238534702074,,17.149189181394764,16.814238534702074,16.99422689906949,,"rgba(255, 26, 202, 1.0)",1.9596901115567555,17.335221486853854,-3.0286530772658646,30.732916294282546,-14.427943723129708,False,True,False,True,False,0.0,0.0,0.0,0.0,0.0,0,0.7318330989217063,1.2416002500390684,False,False,False,False,-0.34282825441539394,-0.34276260752990695,False,False,False,False,-31969740,-15325151.239628438,False,False,False,False,3277322.6656322996,False,False,False,False
2025-04-18 00:00:00+00:00,12.06,12.38,11.5784,11.63,2682244,,16.981425867492305,17.434487709206728,17.24002932261489,17.00420460010961,16.67488381337937,16.534171859990366,16.535890420739435,16.763771832962885,,16.981425867492305,16.763771832962885,16.896108178311948,,"rgba(255, 26, 202, 1.0)",2.0216263812151887,17.198940925192918,-2.5419835103773862,30.069643024051167,-14.991767052334218,False,True,False,True,False,0.0,0.0,0.0,0.0,0.0,0,0.7070395057714192,1.296264022110226,False,False,False,False,-0.27257385481684815,-0.30766823117337755,False,False,False,False,-29287496,-16359398.99965596,False,False,False,False,3233242.7644743514,False,False,False,False
2025-04-25 00:00:00+00:00,13.73,13.92,11.81,12.03,3255479,,16.835641000816114,17.301337658827293,17.131733016840805,16.91637140802064,16.610746099868134,16.47737832056752,16.47959905558,16.71835573275712,,16.835641000816114,16.71835573275712,16.808895286659705,,"rgba(239, 83, 80, 1.0)",2.042181160399803,17.077428340725973,-1.6391436791389449,32.77725020083201,-14.991767052334218,False,True,False,True,False,0.0,0.0,0.0,0.0,0.0,0,0.7393368783234282,1.210247106662496,False,False,False,False,-0.13642711650657452,-0.22204767383997603,False,False,False,True,-26032017,-17075889.221903667,False,False,False,False,3234889.8930318067,False,False,False,False
2025-05-02 00:00:00+00:00,11.5,13.97,10.45,13.76,9406014,,16.35366267952674,16.862034190086405,16.764867711980433,16.610761398448865,16.378914067703747,16.268888649103456,16.272866591296737,16.55194755557249,11.973333333333333,16.35366267952674,16.55194755557249,16.50799285546486,11.973333333333333,"rgba(255, 26, 202, 1.0)",2.1138248753393922,15.488474478731728,-1.8868518983112759,32.65456751480008,-14.991767052334218,False,True,False,True,False,0.0,0.0,0.0,0.0,0.0,0,0.7157748917748916,1.1954285714285713,True,False,False,False,-0.22853824944679177,-0.22529296164338392,False,False,False,False,-35438031,-18436047.872133024,False,False,False,False,3692010.197251673,False,False,False,False
2025-05-09 00:00:00+00:00,11.27,11.78,10.83,11.35,5202347,,16.09064973265395,16.619160309159252,16.557787455793868,16.434942178644732,16.242082339521403,16.144683906200406,16.149643528491943,16.45188809946441,11.73117091963066,16.09064973265395,16.45188809946441,16.336354693741246,11.73117091963066,"rgba(255, 26, 202, 1.0)",2.1886556406875672,15.249692104309432,-1.8183272097839978,32.38469624969498,-14.991767052334218,False,True,False,True,False,0.0,0.0,0.0,0.0,0.0,0,0.7424747620421115,1.246080184597635,False,False,False,False,-0.34282825441539394,-0.28406060802938893,False,False,False,False,-40640378,-20080813.066789836,False,False,False,False,3803886.9974552523,True,False,False,False
2025-05-16 00:00:00+00:00,11.76,12.29,11.295,11.63,4210368,,15.916709865288487,16.45422912438406,16.41584159771687,16.31366605492572,16.147024733848625,16.058283126014015,16.063881982337055,16.381059593837815,11.742468477369894,15.916709865288487,16.381059593837815,16.21883700979408,11.742468477369894,"rgba(255, 0, 0, 1.0)",2.246783286197208,15.132312266189826,-1.5009512875172009,33.03229695109856,-14.991767052334218,False,True,False,True,True,0.0,0.0,0.0,0.0,0.0,0,0.7574436929084444,1.238773446761035,False,False,False,False,-0.2608933165591529,-0.2724769622942709,False,False,False,False,-36430010,-21291864.69147207,False,False,False,False,3833996.701347456,False,False,False,False
2025-05-23 00:00:00+00:00,11.29,11.805,10.99,11.6,3981101,,15.749241781403168,16.295183358141898,16.27769353157722,16.194567213184115,16.052500167113035,15.971957019774203,15.978176388792093,16.310098333034503,11.67597629434079,15.749241781403168,16.310098333034503,16.10367722412753,11.67597629434079,"rgba(255, 0, 0, 1.0)",2.312883641417944,14.999523741365769,-1.6038522971659728,33.07522017041937,-14.991767052334218,False,True,False,True,True,0.0,0.0,0.0,0.0,0.0,0,0.751645225785016,1.239617153482516,False,False,False,False,-0.32658282685336276,-0.29952989457381685,False,False,False,False,-40411111,-22708105.158770435,False,False,False,False,3844893.3160624593,False,False,False,False
2025-05-30 00:00:00+00:00,11.47,12.05,11.3,11.74,2054418,,15.672110049278137,16.220819259666154,16.212724035363536,16.13832406267244,16.007639619464964,15.930940775787747,15.937442304655946,16.27603291798606,11.670247255720632,15.672110049278137,16.27603291798606,16.049504128109373,11.670247255720632,"rgba(255, 0, 0, 1.0)",2.373179469149516,14.943975150007116,-1.4638484763447306,33.432246116017424,-14.991767052334218,False,True,False,True,True,0.0,0.0,0.0,0.0,0.0,0,0.7591839829238277,1.2291869572570813,False,False,False,False,-0.26992067538086434,-0.2847252849773406,False,False,False,False,-38356693,-23867259.813676327,False,False,False,False,3712265.5148726474,False,False,False,False
2025-06-06 00:00:00+00:00,11.7,11.805,11.22,11.39,2510881,,15.580949797990781,16.132472779151474,16.135203164210633,16.070961966566852,15.953640339406347,15.881486577146553,15.888320361089646,16.234784998904132,11.661507866087529,15.580949797990781,16.234784998904132,15.984727498058302,11.661507866087529,"rgba(255, 0, 0, 1.0)",2.4216647017966615,14.877533401860106,-1.3121277274689007,34.11639382141493,-14.991767052334218,False,True,False,True,True,0.0,0.0,0.0,0.0,0.0,0,0.762976065119911,1.2387454005513425,False,False,False,False,-0.2682919131026175,-0.27650859903997904,False,False,False,False,-35845812,-24754559.975626227,False,False,False,False,3623274.0693265256,False,False,False,False
2025-06-13 00:00:00+00:00,12.33,12.7,11.57,11.65,4132542,,15.461513002074632,16.01312905315252,16.02984077593789,15.979145816896702,15.87985877770318,15.813956801737632,15.821209829052487,16.17734777200829,11.732158847236674,15.461513002074632,16.17734777200829,15.897000228570416,11.732158847236674,"rgba(239, 83, 80, 1.0)",2.4567982753506135,14.809160419600428,-1.009102149115854,35.7582708455199,-18.71669633034146,False,True,False,True,True,0.0,0.0,0.0,0.0,0.0,0,0.801073316133557,1.244113668812464,False,False,False,False,0.021156979825770122,-0.12767580960710445,False,False,False,False,-31713270,-25270019.977431692,False,False,False,False,3660997.619746783,False,False,False,False
2025-06-20 00:00:00+00:00,11.73,12.51,11.44,12.45,2161312,,15.396784482110935,15.94876095009205,15.972717482295016,15.929081941302057,15.839294090051528,15.776702115702768,15.784183830646024,16.145688365313497,11.742508189963237,15.396784482110935,16.145688365313497,15.849151657189234,11.742508189963237,"rgba(255, 0, 0, 1.0)",2.502383210007954,14.76519277611531,-1.212920852400405,36.24416222440367,-18.109742348072583,False,True,False,True,True,0.0,0.0,0.0,0.0,0.0,0,0.7921966279091655,1.196452214071922,False,False,False,False,-0.04657212158407819,-0.08712396559559132,False,False,False,False,-33874582,-25907394.94206638,False,False,False,False,3549909.7960618357,False,False,False,False
2025-06-27 00:00:00+00:00,12.4,12.66,11.63,11.7,3562828,,15.304835229640023,15.855386777395026,15.88941302269535,15.855844592663336,15.779751335885393,15.72200331407304,15.729800027339188,16.098560407533007,11.789170333042993,15.304835229640023,16.098560407533007,15.779449338403047,11.789170333042993,"rgba(239, 83, 80, 1.0)",2.5298919750466395,14.709701340693348,-0.9129644125025408,37.7937822733005,-16.484148830938125,False,True,False,True,True,0.0,0.0,0.0,0.0,0.0,0,0.8090986368177107,1.1664918997065155,False,False,False,False,0.02539004713303193,-0.030866959231279696,False,False,False,False,-30311754,-26233643.761172574,False,False,False,False,3550866.700057255,False,False,False,False
2025-07-04 00:00:00+00:00,13.88,13.965,12.41,12.46,4850239,,15.233102180322149,15.77483689902696,15.816740148323001,15.791870665552384,15.727883008990519,15.674631729184343,15.682633705474078,16.055353592964686,11.97698694576724,15.233102180322149,16.055353592964686,15.719631491229766,11.97698694576724,"rgba(239, 83, 80, 0.5)",2.5343138808850862,14.700416543359838,-0.3237233357508636,41.190517870377136,-13.148162351703462,False,True,False,True,True,0.0,0.0,0.0,0.0,0.0,0,0.8344212927756652,1.1327756653992394,False,False,False,False,0.3428282150710345,0.1559806279198774,False,False,False,False,-25461515,-26176449.038122755,False,False,False,False,3647116.5000530137,False,False,False,False
2025-07-11 00:00:00+00:00,13.88,14.345,13.725,13.74,4108927,,15.194100095446286,15.726040307088955,15.772172254730291,15.752533892085973,15.696013820458683,15.64567278983643,15.653757741997696,16.027437859366575,12.15550051084887,15.194100095446286,16.027437859366575,15.683466095126361,12.15550051084887,"rgba(239, 83, 80, 0.5)",2.535317205663487,14.7119532920286,-0.32814564196154644,43.616757582574735,-10.83332678864442,False,True,False,True,True,0.0,0.0,0.0,0.0,0.0,0,0.8751442968392121,1.11518094365552,False,False,False,False,0.34282822728507956,0.2494044276024785,False,False,False,False,-25461515,-26123490.961224776,False,False,False,False,3681324.685234272,False,False,False,False
2025-07-18 00:00:00+00:00,13.9,14.26,13.59,13.84,2025299,,15.174748018772398,15.702070257054272,15.750203090685837,15.733060482695807,15.680135079177077,15.631202748684005,15.639329041381478,16.013513268916235,12.229492703363631,15.174748018772398,16.013513268916235,15.665532748420889,12.229492703363631,"rgba(239, 83, 80, 0.5)",2.5366901681145433,14.714128517469035,-0.3209412515972164,45.380362742514734,-9.18193001927255,False,False,False,True,True,0.0,0.0,0.0,0.0,0.0,0,0.895160891089109,1.104164603960396,False,False,False,False,0.31224041198734676,0.2808224197949126,False,False,False,False,-23436216,-25924433.55668961,False,False,False,False,3558656.115957659,False,False,False,False
2025-07-25 00:00:00+00:00,14.32,14.4859,13.81,13.98,5161536,,15.138710746715143,15.65318645255726,15.704951745402221,15.692847942368482,15.647338979549675,15.601425302699406,15.60960178065085,15.983615424329564,12.420585425895545,15.138710746715143,15.983615424329564,15.628959796784075,12.420585425895545,#000000,2.536610549745676,14.729358592642543,-0.16138015064377348,47.29524292604088,-7.386393570408785,False,False,False,False,True,0.0,0.0,0.0,0.0,0.0,0,0.9024573402139273,1.0865980469125767,False,False,False,False,0.34282822748679753,0.3118253236408551,False,False,False,False,-18274680,-25357785.145082973,False,False,False,False,3677387.959220055,False,False,False,False
2025-08-01 00:00:00+00:00,13.5,15.13,13.09,14.25,7917054,13.906666666666666,15.072251427516,15.569868341725298,15.627632578250179,15.62353292306011,15.589925446472193,15.548823947191583,15.557122778070672,15.932243758209877,12.612564069229318,15.072251427516,15.932243758209877,15.380896429684732,12.612564069229318,"rgba(239, 83, 80, 0.5)",2.54167872453202,14.29033762628432,-0.3109510335260168,47.36539526005373,-7.338299668756122,False,False,False,False,True,0.0,0.0,0.0,0.0,0.0,0,0.8749573725174206,1.0840961012074517,False,False,False,False,0.3321998976208151,0.3220126106308351,False,False,False,False,-26191734,-25419559.134336084,False,False,False,False,3991437.295574125,False,False,False,False
2025-08-08 00:00:00+00:00,13.64,15.0,13.59,13.59,5272465,13.974623583821872,15.037726700187816,15.523890179091655,15.58445878632681,15.584563537831631,15.557399931397342,15.51901078341144,15.527350615906597,15.90217389007704,12.728545728731222,15.037726700187816,15.90217389007704,15.356799778672467,12.728545728731222,"rgba(239, 83, 80, 0.5)",2.5519057849252804,14.316196547958143,-0.26497708181571483,47.65083673644603,-7.011861527117134,False,False,False,False,True,0.0,0.0,0.0,0.0,0.0,0,0.9171612031913954,1.0744192554424368,False,False,False,False,0.3428282277969722,0.33242041921390364,False,False,False,False,-20919269,-25086204.309570447,False,False,False,False,4086328.236642708,False,False,False,False
2025-08-15 00:00:00+00:00,14.55,14.86,13.53,13.62,2327387,14.025426795994855,15.026805163567882,15.507656760270429,15.569029093928174,15.57058225697502,15.545707403064377,15.50832823655315,15.516668522909507,15.890889134675215,12.782090465151745,15.026805163567882,15.890889134675215,15.351232596437622,12.782090465151745,#000000,2.5544055707384827,14.335494796246229,0.08397460693438678,49.30890493915746,-5.340226197043826,False,False,False,False,True,0.0,0.0,0.0,0.0,0.0,0,0.9212021986437876,1.0511549513204828,False,False,False,False,0.3112256400234041,0.32182302961865383,False,False,False,False,-18591882,-24605143.397750415,False,False,False,False,3956036.2931876923,False,False,False,False
2025-08-22 00:00:00+00:00,14.94,15.04,14.24,14.54,3349501,14.15229057357521,15.020714211403646,15.493122204410874,15.554795035799168,15.557640399694666,15.534954674664565,15.498654390952124,15.50695641106784,15.879244117446117,12.872878737464674,15.020714211403646,15.879244117446117,15.355374668779357,12.872878737464674,#000000,2.5556968690528343,14.384751431713601,0.21725916520458805,51.069094258803275,-3.5932672249265494,True,False,False,False,True,0.0,0.0,0.0,0.0,0.0,0,0.9486629135479098,1.0377919050260869,False,False,False,False,0.3428282266233647,0.3323256281210093,False,False,False,False,-15242381,-23911605.442361493,False,False,False,False,3911107.752951567,False,False,False,False
2025-08-29 00:00:00+00:00,14.63,15.035,14.44,14.95,2164222,14.20882582161475,15.016395477762988,15.483556826569451,15.545434437857779,15.549108503689885,15.527830587200409,15.492222971134003,15.500501995414362,15.871595415211486,12.92607747411177,15.016395477762988,15.871595415211486,15.35505244849501,12.92607747411177,#000000,2.5578923404289706,14.408713900014739,0.08651110779281321,51.762709901795574,-2.874863774053658,True,False,False,False,True,0.0,0.0,0.0,0.0,0.0,0,0.9542377135185314,1.0242388323269098,False,False,False,False,0.3428282258461527,0.337576926983581,False,False,False,False,-17406603,-23429753.409593973,False,False,False,False,3781708.808288488,False,False,False,False
2025-09-05 00:00:00+00:00,15.01,15.075,14.38,14.43,1977165,14.261490039201497,15.014016805419109,15.476328566324783,15.538251568494571,15.542544214267252,15.522357884056118,15.487315682216348,15.495567510019635,15.865402006109342,12.975149328361907,15.014016805419109,15.865402006109342,15.355919364012074,12.975149328361907,#000000,2.551705086181947,14.431746184826824,0.2266146735782865,52.851083225526814,-1.7545706123702445,True,False,False,False,True,0.0,0.0,0.0,0.0,0.0,0,0.9564268442517789,1.0229910734500798,False,False,False,False,0.33805725784490814,0.33781709241424457,False,False,False,False,-15429438,-22837137.453327753,False,False,False,False,3648038.896563415,False,False,False,False
2025-09-12 00:00:00+00:00,15.19,15.56,14.89,15.07,2083128,14.340515091274844,15.016549408159326,15.473336988184291,15.534889331019217,15.539443746961881,15.519855057988584,15.485219320379006,15.493422414415821,15.861374413637737,13.034574500451837,15.016549408159326,15.861374413637737,15.362733974668966,13.034574500451837,#000000,2.55037373696448,14.466243997017575,0.28378429109917735,53.9096213243641,-0.6575193486638469,True,False,False,False,True,0.0,0.0,0.0,0.0,0.0,0,0.9849255596393621,1.0079924475037347,False,False,False,False,0.3428281974417366,0.3403226449279906,False,True,False,False,-13346310,-22134113.1975257,False,False,False,False,3532119.5708920513,False,False,False,False
2025-09-19 00:00:00+00:00,15.19,15.565,14.89,15.27,3138312,14.437733686822673,15.02027693952894,15.468984477846984,15.529978941111539,15.534904812524417,15.516180169040615,15.48213994485539,15.490270482304004,15.855415131732782,13.118436059733506,15.02027693952894,15.855415131732782,15.370653842863037,13.118436059733506,#000000,2.545821887147852,14.511357790983027,0.2665709696514835,54.66571996639073,0.1580783637459291,True,False,True,False,True,0.0,0.0,0.0,0.0,0.0,0,0.9801192117057496,0.996701748620911,False,False,False,False,0.3428281975510911,0.3415754212395409,False,False,False,False,-13346310,-21483164.812523797,False,False,False,False,3502948.639714862,False,False,False,False
2025-09-26 00:00:00+00:00,14.5,15.45,14.145,15.2,3030432,14.462997216764887,15.014541711275891,15.456647443267315,15.517831835352267,15.523754208964833,15.506769832544876,15.473608733804342,15.481707006839484,15.84520496090885,13.175010725170537,15.014541711275891,15.84520496090885,15.364784772191419,13.175010725170537,#000000,2.5466049329812925,14.527299274119658,-0.010719870116523632,53.77082387634056,0.1580783637459291,True,False,False,False,True,0.0,0.0,0.0,0.0,0.0,0,0.9984861233183926,1.0099027553181172,False,False,False,False,0.07618730051693735,0.2088813608782391,False,False,False,False,-16376742,-21104911.270855367,False,False,False,False,3467947.407143391,False,False,False,False
2025-10-03 00:00:00+00:00,14.96,15.005,14.5,14.75,452148,14.468111136594077,15.014030417847664,15.455134392436756,15.516318004118109,15.52236073188058,15.505595691469889,15.472551716418558,15.48064382933986,15.84385916963328,13.183761729678192,15.014030417847664,15.84385916963328,15.364289454415418,13.183761729678192,#000000,2.545929108798396,14.530259419139172,0.16879518733483254,53.95758718363989,0.1580783637459291,True,False,False,False,True,0.0,0.0,0.0,0.0,0.0,0,1.075602623511319,0.9791895921038903,False,False,False,False,0.04950345127485126,0.1291924060765452,False,False,False,False,-15924594,-20721184.06560682,False,False,False,False,3244554.858466103,False,False,False,False
