date,Open,High,Low,Close,Volume,aVWAP_peak_883,aVWAP_valley_894,aVWAP_valley_881,aVWAP_valley_876,aVWAP_valley_867,aVWAP_valley_865,aVWAP_valley_852,aVWAP_valley_840,aVWAP_valley_835,aVWAP_valley_827,aVWAP_valley_814,aVWAP_valley_806,aVWAP_valley_792,aVWAP_valley_777,aVWAP_valley_763,aVWAP_valley_753,aVWAP_valley_744,aVWAP_valley_737,aVWAP_valley_736,aVWAP_valley_719,aVWAP_valley_714,aVWAP_valley_707,aVWAP_valley_701,aVWAP_valley_691,aVWAP_valley_685,aVWAP_valley_671,aVWAP_valley_660,aVWAP_valley_648,aVWAP_valley_635,aVWAP_valley_634,aVWAP_valley_618,aVWAP_valley_607,aVWAP_valley_595,aVWAP_valley_576,aVWAP_valley_557,aVWAP_valley_546,aVWAP_valley_540,aVWAP_valley_522,aVWAP_valley_516,aVWAP_valley_507,aVWAP_valley_497,aVWAP_valley_485,aVWAP_valley_467,aVWAP_valley_460,aVWAP_valley_440,aVWAP_valley_434,aVWAP_OB_bull_881,aVWAP_OB_bull_852,aVWAP_OB_bull_792,aVWAP_OB_bull_777,aVWAP_OB_bull_763,aVWAP_OB_bull_753,aVWAP_OB_bull_629,aVWAP_OB_bull_618,aVWAP_OB_bull_595,aVWAP_OB_bull_576,aVWAP_OB_bull_540,aVWAP_OB_bull_522,aVWAP_OB_bull_485,aVWAP_OB_bull_440,aVWAP_OB_bull_434,aVWAP_OB_bear_883,aVWAP_OB_bear_737,aVWAP_OB_bear_721,aVWAP_OB_bear_708,aVWAP_OB_bear_511,aVWAP_OB_bear_408,aVWAP_OB_bear_299,aVWAP_OB_bear_286,Peaks_Valleys_avg,Peaks_avg,Valleys_avg,color,StDev,StDev_Mean,StdDev_ZScore,QQEMOD,QQE1_Value,QQE1_Above_Upper,QQE1_Below_Lower,QQE2_Above_Threshold,QQE2_Below_Threshold,QQE2_Above_TL,banker_RSI,SMA_50,SMA_200,OB,OB_High,OB_Low,OB_Mitigated_Index,TTM_squeeze_Active,VI_plus,VI_minus,VI_Regular_Bullish,VI_Regular_Bearish,VI_Hidden_Bullish,VI_Hidden_Bearish,Fisher,Fisher_Signal,Fisher_Regular_Bullish,Fisher_Regular_Bearish,Fisher_Hidden_Bullish,Fisher_Hidden_Bearish,OBV,OBV_Smoothed,OBV_Regular_Bullish,OBV_Regular_Bearish,OBV_Hidden_Bullish,OBV_Hidden_Bearish,Volume_MA,Vol_Regular_Bullish,Vol_Regular_Bearish,Vol_Hidden_Bullish,Vol_Hidden_Bearish
2024-12-30 15:00:00+00:00,96.11,96.615,96.03,96.605,687.0,,,,,,,,,,,,,,,,,,,,,,,,,,,,,,,,,,,,,,,,,,,,,,,,,,,,,,,,,,,,,,,,,,,,,,,,,#000000,,,,,,False,False,False,False,False,,,,0.0,0.0,0.0,0.0,0,,,False,False,False,False,,,False,False,False,False,0.0,0.0,False,False,False,False,687.0,False,False,False,False
2024-12-30 16:00:00+00:00,96.61,96.89,96.56,96.77,925.0,,,,,,,,,,,,,,,,,,,,,,,,,,,,,,,,,,,,,,,,,,,,,,,,,,,,,,,,,,,,,,,,,,,,,,,,,"rgba(38, 166, 154, 0.5)",,,,100.0,,False,False,True,False,False,,,,0.0,0.0,0.0,0.0,0,,,False,False,False,False,,,False,False,False,False,925.0,14.34108527131783,False,False,False,False,690.6899224806202,False,False,False,False
2024-12-30 17:00:00+00:00,96.78,97.15,96.78,97.08,1335.0,,,,,,,,,,,,,,,,,,,,,,,,,,,,,,,,,,,,,,,,,,,,,,,,,,,,,,,,,,,,,,,,,,,,,,,,,"rgba(38, 166, 154, 0.5)",,,,100.0,50.0,False,False,True,False,True,,,,0.0,0.0,0.0,0.0,0,,,False,False,False,False,,,False,False,False,False,2260.0,49.15750255393306,False,False,False,False,700.6792260080524,False,False,False,False
2024-12-30 18:00:00+00:00,97.08,97.22,97.0,97.105,874.0,,,,,,,,,,,,,,,,,,,,,,,,,,,,,,,,,,,,,,,,,,,,,,,,,,,,,,,,,,,,,,,,,,,,,,,,,"rgba(38, 166, 154, 0.5)",,,,100.0,50.0,False,False,True,False,True,,,,0.0,0.0,0.0,0.0,0,,,False,False,False,False,,,False,False,False,False,3134.0,96.98451801821317,False,False,False,False,703.3663697908733,False,False,False,False
2024-12-30 19:00:00+00:00,97.105,97.15,96.965,97.085,568.0,,,,,,,,,,,,,,,,,,,,,,,,,,,,,,,,,,,,,,,,,,,,,,,,,,,,,,,,,,,,,,,,,,,,,,,,,"rgba(38, 166, 154, 0.5)",,,,98.34592607718932,48.51133346947039,False,False,True,False,False,,,,0.0,0.0,0.0,0.0,0,,,False,False,False,False,,,False,False,False,False,2566.0,135.2638278163804,False,False,False,False,701.2676663832628,False,False,False,False
2024-12-30 20:00:00+00:00,97.08,97.2,96.905,96.91,2429.0,,,,,,,,,,,,,,,,,,,,,,,,,,,,,,,,,,,,,,,,,,,,,,,,,,,,,,,,,,,,,,,,,,,,,,,,,"rgba(38, 166, 154, 0.5)",,,,86.84707161753678,38.26160889115175,False,False,True,False,False,,,,0.0,0.0,0.0,0.0,0,,,False,False,False,False,,,False,False,False,False,137.0,135.29074521457605,False,False,False,False,728.0542141912742,False,False,False,False
2024-12-31 15:00:00+00:00,97.25,97.54,97.11,97.395,976.0,,,,,,,,,,,,,,,,,,,,,,,,,,,,,,,,,,,,,,,,,,,,,,,,,,,,,,,,,,,,,,,,,,,,,,,,,"rgba(38, 166, 154, 0.5)",,,,85.27531414438815,37.58988879842707,False,False,True,False,False,,,,0.0,0.0,0.0,0.0,0,,,False,False,False,False,,,False,False,False,False,1113.0,150.4490282345051,False,False,False,False,731.898334901487,False,False,False,False
2024-12-31 16:00:00+00:00,97.41,97.42,96.99,97.03,460.0,,,,,,,,,,,,,,,,,,,,,,,,,,,,,,,,,,,,,,,,,,,,,,,,,,,,,,,,,,,,,,,,,,,,,,,,,"rgba(38, 166, 154, 0.5)",,,,76.01960936286157,29.743195432362924,False,False,True,False,False,,,,0.0,0.0,0.0,0.0,0,,,False,False,False,False,,,False,False,False,False,653.0,158.24051616885387,False,False,False,False,727.6828568409989,False,False,False,False
2024-12-31 17:00:00+00:00,97.025,97.055,96.735,97.055,685.0,,,,,,,,,,,,,,,,,,,,,,,,,,,,,,,,,,,,,,,,,,,,,,,,,,,,,,,,,,,,,,,,,,,,,,,,,"rgba(38, 166, 154, 0.5)",,,,70.16895907381223,25.230434035334426,False,False,True,False,False,,,,0.0,0.0,0.0,0.0,0,,,False,False,False,False,,,False,False,False,False,1338.0,176.53136087941428,False,False,False,False,727.0211071225337,False,False,False,False
2024-12-31 18:00:00+00:00,97.05,97.055,96.76,96.94,839.0,,,,,,,,,,,,,,,,,,,,,,,,,,,,,,,,,,,,,,,,,,,,,,,,,,,,,,,,,,,,,,,,,,,,,,,,,"rgba(38, 166, 154, 0.5)",,,,64.22946175410847,20.53867634003349,False,False,True,False,False,,,,0.0,0.0,0.0,0.0,0,,,False,False,False,False,,,False,False,False,False,499.0,181.53087466422957,False,False,False,False,728.757213988851,False,False,False,False
2024-12-31 19:00:00+00:00,96.935,97.11,96.915,97.08,654.0,,,,,,,,,,,,,,,,,,,,,,,,,,,,,,,,,,,,,,,,,,,,,,,,,,,,,,,,,,,,,,,,,,,,,,,,,"rgba(38, 166, 154, 0.5)",,,,62.2604687044044,19.312767371480632,False,False,True,False,False,,,,0.0,0.0,0.0,0.0,0,,,False,False,False,False,,,False,False,False,False,1153.0,196.59241149114072,False,False,False,False,727.5981874153805,False,False,False,False
2024-12-31 20:00:00+00:00,97.075,97.17,96.915,97.04,3030.0,,,,,,,,,,,,,,,,,,,,,,,,,,,,,,,,,,,,,,,,,,,,,,,,,,,,,,,,,,,,,,,,,,,,,,,,,"rgba(38, 166, 154, 0.5)",,,,60.19495566360162,17.647287500011856,False,False,True,False,False,,,,0.0,0.0,0.0,0.0,0,,,False,False,False,False,,,False,False,False,False,-1877.0,164.44369193313852,False,False,False,False,763.2943395484754,False,False,False,False
2025-01-01 15:00:00+00:00,97.04,97.04,97.04,97.04,0.0,,,,,,,,,,,,,,,,,,,,,,,,,,,,,,,,,,,,,,,,,,,,,,,,,,,,,,,,,,,,,,,,,,,,,,,,,"rgba(38, 166, 154, 0.5)",,,,58.817946969733086,16.365907630447538,False,False,True,False,False,,,,0.0,0.0,0.0,0.0,0,,,False,False,False,False,,,False,False,False,False,-1877.0,132.7934021357255,False,False,False,False,751.4603187802819,False,False,False,False
2025-01-01 16:00:00+00:00,97.04,97.04,97.04,97.04,0.0,,,,,,,,,,,,,,,,,,,,,,,,,,,,,,,,,,,,,,,,,,,,,,,,,,,,,,,,,,,,,,,,,,,,,,,,,"rgba(38, 166, 154, 0.5)",,,,57.899941173820736,15.29898643525253,False,False,True,False,False,,,,0.0,0.0,0.0,0.0,1,,,False,False,False,False,,,False,False,False,False,-1877.0,101.63381450571424,False,False,False,False,739.8097712022931,False,False,False,False
2025-01-01 17:00:00+00:00,97.04,97.04,97.04,97.04,0.0,,,,,,,,,,,,,,,,,,,,,,,,,,,,,,,,,,,,,,,,,,,,,,,,,,,,,,,,,,,,,,,,,,,,,,,,,"rgba(38, 166, 154, 0.5)",,,,57.28793730987917,14.356915291706954,False,False,True,False,False,,,,0.0,0.0,0.0,0.0,1,,,False,False,False,False,,,False,False,False,False,-1877.0,70.95732125756362,False,False,False,False,728.3398522689241,False,False,False,False
2025-01-01 18:00:00+00:00,97.04,97.04,97.04,97.04,0.0,,,,,,,,,,,,,,,,,,,,,,,,,,,,,,,,,,,,,,,,,,,,,,,,,,,,,,,,,,,,,,,,,,,,,,,,,"rgba(38, 166, 154, 0.5)",,,,56.87993473391812,13.495710795122328,False,False,True,False,False,,,,0.0,0.0,0.0,0.0,1,,,False,False,False,False,,,False,False,False,False,-1877.0,40.75643255589596,False,False,False,False,717.0477615360726,False,False,False,False
2025-01-01 19:00:00+00:00,97.04,97.04,97.04,97.04,0.0,,,,,,,,,,,,,,,,,,,,,,,,,,,,,,,,,,,,,,,,,,,,,,,,,,,,,,,,,,,,,,,,,,,,,,,,,"rgba(38, 166, 154, 0.5)",,,,56.60793301661076,12.69622897789845,False,False,True,False,False,,,,0.0,0.0,0.0,0.0,1,,,False,False,False,False,,,False,False,False,False,-1877.0,11.023774686812303,False,False,False,False,705.9307419773737,False,False,False,False
2025-01-01 20:00:00+00:00,97.04,97.04,97.04,97.04,0.0,,,,,,,,,,,,,,,,,,,,,,,,,,,,,,,,,,,,,,,,,,,,,,,,,,,,,,,,,,,,,,,,,,,,,,,,,"rgba(38, 166, 154, 0.5)",,,,56.426598538405855,11.951908845115959,False,False,True,False,False,,,,0.0,0.0,0.0,0.0,0,,,False,False,False,False,,,False,False,False,False,-1877.0,-18.2479117424406,False,False,False,False,694.9860793110578,False,False,False,False
2025-01-02 15:00:00+00:00,97.54,97.54,97.14,97.36,1031.0,,,,,,,,,,,,,,,,,,,,,,,,,,,,,,,,,,,,,,,,,,,,,,,,,,,,,,,,,,,,,,,,,,,,,,,,,"rgba(38, 166, 154, 0.5)",,97.34666666666668,,62.36928918121254,6.831033041419829,False,False,True,False,True,,,,0.0,0.0,0.0,0.0,1,,,False,False,False,False,,,False,False,False,False,-846.0,-31.081277451860124,False,False,False,False,700.1955974612739,False,False,False,False
2025-01-02 16:00:00+00:00,97.39,97.49,97.17,97.41,588.0,,,,,,,,,,,,,,,,,,,,,,,,,,,,,,,,,,,,,,,,,,,,,,,,,,,,,,,,,,,,,,,,,,,,,,,,,"rgba(38, 166, 154, 0.5)",,97.35029853819232,,66.91327859433235,11.133868425646504,False,False,True,False,True,,,,0.0,0.0,0.0,0.0,0,,,False,False,False,False,,,False,False,False,False,-258.0,-34.59939718128865,False,False,False,False,698.4561308339673,False,False,False,False
2025-01-02 17:00:00+00:00,97.435,97.535,96.93,97.09,1033.0,,,,,,,,,,,,,,,,,,,,,,,,,,,,,,,,,,,,,,,,,,,,,,,,,,,,,,,,,,,,,,,,,,,,,,,,,"rgba(38, 166, 154, 0.5)",,97.28591189039719,,61.629023202567865,11.133868425646504,False,False,True,False,False,,,,0.0,0.0,0.0,0.0,1,,,False,False,False,False,,,False,False,False,False,-1291.0,-54.07847629475704,False,False,False,False,703.6428574877043,False,False,False,False
2025-01-02 18:00:00+00:00,97.08,97.095,96.85,96.965,1740.0,,,,,,,,,,,,,,,,,,,,,,,,,,,,,,,,,,,,,,,,,,,,,,,,,,,,,,,,,,,,,,,,,,,,,,,,,"rgba(38, 166, 154, 0.5)",,97.16075554037644,,55.96103144951452,12.798604724231275,False,False,True,False,False,,,,0.0,0.0,0.0,0.0,1,,,False,False,False,False,,,False,False,False,False,-3031.0,-100.23229836770653,False,False,False,False,719.7104100847941,False,False,False,False
2025-01-02 19:00:00+00:00,96.95,97.075,96.85,96.89,1200.0,,,,,,,,,,,,,,,,,,,,,,,,,,,,,,,,,,,,,,,,,,,,,,,,,,,,,,,,,,,,,,,,,,,,,,,,,#000000,,97.11302545302813,,51.01610739352949,8.462878395726648,False,False,False,False,False,,,,0.0,0.0,0.0,0.0,0,,,False,False,False,False,,,False,False,False,False,-4231.0,-164.2752084705328,False,False,False,False,727.1567603160377,False,False,False,False
2025-01-02 20:00:00+00:00,96.89,97.31,96.89,97.085,2059.0,,,,,,,,,,,,,,,,,,,,,,,,,,,,,,,,,,,,,,,,,,,,,,,,,,,,,,,,,,,,,,,,,,,,,,,,,#000000,,97.10817453056245,,51.380460196263236,8.462878395726648,False,False,False,False,False,,,,0.0,0.0,0.0,0.0,0,,,False,False,False,False,,,False,False,False,False,-2172.0,-195.40272461827647,False,False,False,False,747.8054927142387,False,False,False,False
2025-01-03 15:00:00+00:00,96.77,96.91,96.45,96.91,1071.0,,,,,,,,,,,,,,,,,,,,,,,,,,,,,,,,,,,,,,,,,,,,,,,,,,,,,,,,,,,,,,,,,,,,,,,,,"rgba(239, 83, 80, 0.5)",,97.0650118474356,,48.87038665717239,6.475815750427472,False,False,False,True,False,,,,0.0,0.0,0.0,0.0,1,,,False,False,False,False,,,False,False,False,False,-3243.0,-242.65229477923342,False,False,False,False,752.8162602690567,False,False,False,False
2025-01-03 16:00:00+00:00,96.92,96.99,96.495,96.515,1907.0,,,,,,,,,,,,,,,,,,,,,,,,,,,,,,,,,,,,,,,,,,,,,,,,,,,,,,,,,,,,,,,,,,,,,,,,,"rgba(239, 83, 80, 0.5)",,96.99354282309406,,43.00248929756484,0.909823510432858,False,False,False,True,False,,,,0.0,0.0,0.0,0.0,0,,,False,False,False,False,,,False,False,False,False,-5150.0,-318.7352049376949,False,False,False,False,770.7105818152728,False,False,False,False
2025-01-03 17:00:00+00:00,96.525,96.68,96.215,96.26,1641.0,,,,,,,,,,,,,,,,,,,,,,,,,,,,,,,,,,,,,,,,,,,,,,,,,,,,,,,,,,,,,,,,,,,,,,,,,"rgba(239, 83, 80, 0.5)",,96.91215580005432,,37.293046321300835,-4.351749260167196,False,False,False,True,False,,,,0.0,0.0,0.0,0.0,0,,,False,False,False,False,,,False,False,False,False,-6791.0,-419.0803955588159,False,False,False,False,784.2034410119352,False,False,False,False
2025-01-03 18:00:00+00:00,96.235,96.295,96.135,96.24,1771.0,,,,,,,,,,,,,,,,,,,,,,,,,,,,,,,,,,,,,,,,,,,,,,,,,,,,,,,,,,,,,,,,,,,,,,,,,"rgba(239, 83, 80, 0.5)",,96.82527419699451,,33.357468712271604,-7.941340353409849,False,False,False,True,False,,,,0.0,0.0,0.0,0.0,0,,,False,False,False,False,,,False,False,False,False,-8562.0,-545.3272111315474,False,False,False,False,799.5026124691145,False,False,False,False
2025-01-03 19:00:00+00:00,96.22,96.345,96.165,96.225,1442.0,,,,,,,,,,,,,,,,,,,,,,,,,,,,,,,,,,,,,,,,,,,,,,,,,,,,,,,,,,,,,,,,,,,,,,,,,"rgba(239, 83, 80, 0.5)",,96.77123070464381,,30.627645453137873,-10.524797553899539,False,False,False,True,False,,,,0.0,0.0,0.0,0.0,0,,,False,False,False,False,,,False,False,False,False,-10004.0,-691.9733008814459,False,False,False,False,809.4638122757949,False,False,False,False
2025-01-03 20:00:00+00:00,96.2,96.31,95.9,96.045,7486.0,,,,,,,,,,,,,,,,,,,,,,,,,,,,,,,,,,,,,,,,,,,,,,,,,,,,,,,,,,,,,,,,,,,,,,,,,"rgba(239, 83, 80, 0.5)",,96.3162880404023,,27.59732933117219,-13.512310065854969,False,False,False,True,False,,,,0.0,0.0,0.0,0.0,0,,,False,False,False,False,,,False,False,False,False,-17490.0,-952.4078233484001,False,False,False,False,912.9760012327592,False,False,False,False
2025-01-06 15:00:00+00:00,96.8,97.125,96.56,96.86,2081.0,,,,,,,,,,,,,,,,,,,,,,,,,,,,,,,,,,,,,,,,,,,,,,,,,,,,,,,,,,,,,,,,,,,,,,,,,"rgba(239, 83, 80, 0.5)",,96.41180015338823,,36.65642090081048,-22.811628745413834,False,False,False,True,True,,,,0.0,0.0,0.0,0.0,0,,,False,False,False,False,,,False,False,False,False,-15409.0,-1176.5410353895102,False,False,False,False,931.0849004384529,False,False,False,False
2025-01-06 16:00:00+00:00,96.86,97.21,96.68,97.135,2175.0,,,,,,,,,,,,,,,,,,,,,,,,,,,,,,,,,,,,,,,,,,,,,,,,,,,,,,,,,,,,,,,,,,,,,,,,,"rgba(239, 83, 80, 0.5)",,96.4993447772346,,44.78413608777974,-15.487684078973473,False,False,False,True,True,,,,0.0,0.0,0.0,0.0,0,,,False,False,False,False,,,False,False,False,False,-13234.0,-1363.4783836780448,False,False,False,False,950.3704058580117,False,False,False,False
2025-01-06 17:00:00+00:00,97.14,97.2,96.67,96.725,3163.0,,,,,,,,,,,,,,,,,,,,,,,,,,,,,,,,,,,,,,,,,,,,,,,,,,,,,,,,,,,,,,,,,,,,,,,,,"rgba(239, 83, 80, 0.5)",,96.56301304883912,,46.36645528176636,-14.167137130853881,False,False,False,True,True,,,,0.0,0.0,0.0,0.0,0,,,False,False,False,False,,,False,False,False,False,-16397.0,-1596.5562381946643,False,False,False,False,984.6747406509107,False,False,False,False
2025-01-06 18:00:00+00:00,96.73,96.865,96.625,96.68,455.0,,,,,,,,,,,,,,,,,,,,,,,,,,,,,,,,,,,,,,,,,,,,,,,,,,,,,,,,,,,,,,,,,,,,,,,,,#000000,,96.56709932999154,,47.045714051170535,-13.301994779240218,False,False,False,False,True,,,,0.0,0.0,0.0,0.0,0,,,False,False,False,False,,,False,False,False,False,-16852.0,-1833.0747461296305,False,False,False,False,976.4627291679508,False,False,False,False
2025-01-06 19:00:00+00:00,96.685,96.71,96.32,96.385,3322.0,,,,,,,,,,,,,,,,,,,,,,,,,,,,,,,,,,,,,,,,,,,,,,,,,,,,,,,,,,,,,,,,,,,,,,,,,"rgba(239, 83, 80, 0.5)",,96.55673107135702,,45.18033773360257,-13.301994779240218,False,False,False,True,True,,,,0.0,0.0,0.0,0.0,0,,,False,False,False,False,,,False,False,False,False,-20174.0,-2117.430176422194,False,False,False,False,1012.8276480955794,False,False,False,False
2025-01-06 20:00:00+00:00,96.345,96.455,96.13,96.265,10074.0,,,,,,,,,,,,,,,,,,,,,,,,,,,,,,,,,,,,,,,,,,,,,,,,,,,,,,,,,,,,,,,,,,,,,,,,,"rgba(239, 83, 80, 0.5)",,96.48156564637478,,43.08434732772636,-13.301994779240218,False,False,False,True,True,,,,0.0,0.0,0.0,0.0,0,,,False,False,False,False,,,False,False,False,False,-30248.0,-2553.563041904021,False,False,False,False,1153.3109403731673,False,False,False,False
2025-01-07 15:00:00+00:00,96.53,96.89,96.16,96.88,839.0,,,,,,,,,,,,,,,,,,,,,,,,,,,,,,,,,,,,,,,,,,,,,,,,,,,,,,,,,,,,,,,,,,,,,,,,,"rgba(239, 83, 80, 0.5)",,96.48566320992255,,47.03145781647106,-12.305193278370112,False,False,False,True,True,,,,0.0,0.0,0.0,0.0,0,,,False,False,False,False,,,False,False,False,False,-29409.0,-2969.9264055954313,False,False,False,False,1148.4379025379244,False,False,False,False
2025-01-07 16:00:00+00:00,96.89,97.19,96.8,96.93,2602.0,,,,,,,,,,,,,,,,,,,,,,,,,,,,,,,,,,,,,,,,,,,,,,,,,,,,,,,,,,,,,,,,,,,,,,,,,#000000,,96.51945226770107,,50.01497940320949,-9.084887099041268,False,False,False,False,True,,,,0.0,0.0,0.0,0.0,0,,,False,False,False,False,,,False,False,False,False,-26807.0,-3339.49343806682,False,False,False,False,1170.9737490102045,False,False,False,False
2025-01-07 17:00:00+00:00,96.935,97.295,96.92,97.02,2356.0,,,,,,,,,,,,,,,,,,,,,,,,,,,,,,,,,,,,,,,,,,,,,,,,,,,,,,,,,,,,,,,,,,,,,,,,,"rgba(38, 166, 154, 0.5)",,96.55217856847622,,52.668767296838325,-6.180941195427415,False,False,True,False,True,,,,0.0,0.0,0.0,0.0,0,,,False,False,False,False,,,False,False,False,False,-24451.0,-3666.803617321598,False,False,False,False,1189.3462490255504,False,False,False,False
2025-01-07 18:00:00+00:00,97.025,97.12,96.88,96.96,1124.0,,,,,,,,,,,,,,,,,,,,,,,,,,,,,,,,,,,,,,,,,,,,,,,,,,,,,,,,,,,,,,,,,,,,,,,,,"rgba(38, 166, 154, 0.5)",,96.56398687746011,,53.80285724164172,-4.646170779023329,False,False,True,False,True,,,,0.0,0.0,0.0,0.0,0,,,False,False,False,False,,,False,False,False,False,-25575.0,-4006.465576742968,False,False,False,False,1188.3331288856193,False,False,False,False
2025-01-07 19:00:00+00:00,96.965,97.045,96.85,96.895,2210.0,,,,,,,,,,,,,,,,,,,,,,,,,,,,,,,,,,,,,,,,,,,,,,,,,,,,,,,,,,,,,,,,,,,,,,,,,"rgba(38, 166, 154, 0.5)",,96.58255267482811,,53.83915232964722,-4.019108577167323,False,False,True,False,True,,,,0.0,0.0,0.0,0.0,0,,,False,False,False,False,,,False,False,False,False,-27785.0,-4375.125025165557,False,False,False,False,1204.172925337005,False,False,False,False
2025-01-07 20:00:00+00:00,96.895,97.03,96.55,96.885,10448.0,,,,,,,,,,,,,,,,,,,,,,,,,,,,,,,,,,,,,,,,,,,,,,,,,,,,,,,,,,,,,,,,,,,,,,,,,"rgba(38, 166, 154, 0.5)",,96.62880861450442,,53.74436478675913,-3.4309534852073256,False,False,True,False,True,,,,0.0,0.0,0.0,0.0,0,,,False,False,False,False,,,False,False,False,False,-38233.0,-4900.053319349037,False,False,False,False,1347.4880737813924,False,False,False,False
2025-01-08 15:00:00+00:00,98.2,98.52,97.87,98.17,2561.0,,,,,,,,,,,,,,,,,,,,,,,,,,,,,,,,,,,,,,,,,,,,,,,,,,,,,,,,,,,,,,,,,,,,,,,,,"rgba(38, 166, 154, 0.5)",,96.69817061285488,,61.252589678240554,4.050544934307396,False,False,True,False,True,,,,0.0,0.0,0.0,0.0,0,,,False,False,False,False,,,False,False,False,False,-35672.0,-5377.137764010292,False,False,False,False,1366.3022121723786,False,False,False,False
2025-01-08 16:00:00+00:00,98.17,98.785,97.99,98.59,3146.0,,,,,,,,,,,,,,,,,,,,,,,,,,,,,,,,,,,,,,,,,,,,,,,,,,,,,,,,,,,,,,,,,,,,,,,,,"rgba(38, 166, 154, 1.0)",,96.78911733890209,,67.46375192019373,9.911567799763887,True,False,True,False,True,,,,0.0,0.0,0.0,0.0,0,,,False,False,False,False,,,False,False,False,False,-32526.0,-5798.050356816334,False,False,False,False,1393.894425937148,False,False,False,False
2025-01-08 17:00:00+00:00,98.575,98.645,98.17,98.395,1916.0,,,,,,,,,,,,,,,,,,,,,,,,,,,,,,,,,,,,,,,,,,,,,,,,,,,,,,,,,,,,,,,,,,,,,,,,,"rgba(38, 166, 154, 1.0)",,96.83839047195744,,69.64090501514131,11.949003749076027,True,False,True,False,True,,,,0.0,0.0,0.0,0.0,0,,,False,False,False,False,,,False,False,False,False,-34442.0,-6242.142599346313,False,False,False,False,1401.989086000138,False,False,False,False
2025-01-08 18:00:00+00:00,98.4,99.025,98.4,98.75,3472.0,,,,,,,,,,,,,,,,,,,,,,,,,,,,,,,,,,,,,,,,,,,,,,,,,,,,,,,,,,,,,,,,,,,,,,,,,"rgba(38, 166, 154, 1.0)",,97.53311338259006,,72.2297080500533,14.497183557932743,True,False,True,False,True,,,,0.0,0.0,0.0,0.0,0,,,False,False,False,False,,,False,False,False,False,-30970.0,-6625.520233464974,False,False,False,False,1434.082278465252,False,False,False,False
2025-01-08 19:00:00+00:00,98.7,98.875,98.57,98.72,979.0,,,,,,,,,,,,,,,,,,,,,,,,,,,,,,,,,,,,,,,,,,,,,,,,,,,,,,,,,,,,,,,,,,,,,,,,,"rgba(38, 166, 154, 1.0)",,97.55016116438868,,73.63767641279271,16.047657199407666,True,False,True,False,True,,,,0.0,0.0,0.0,0.0,0,,,False,False,False,False,,,False,False,False,False,-31949.0,-7018.132322868617,False,False,False,False,1427.0267392642404,False,False,False,False
2025-01-08 20:00:00+00:00,98.72,98.855,98.38,98.39,6379.0,,,,,,,,,,,,,,,,,,,,,,,,,,,,,,,,,,,,,,,,,,,,,,,,,,,,,,,,,,,,,,,,,,,,,,,,,"rgba(38, 166, 154, 1.0)",,97.60523458722143,,71.2048173989164,16.047657199407666,True,False,True,False,True,,,,0.0,0.0,0.0,0.0,0,,,False,False,False,False,,,False,False,False,False,-38328.0,-7503.556627940421,False,False,False,False,1503.8015185004538,False,False,False,False
2025-01-09 15:00:00+00:00,98.39,98.39,98.39,98.39,0.0,,,,,,,,,,,,,,,,,,,,,,,,,,,,,,,,,,,,,,,,,,,,,,,,,,,,,,,,,,,,,,,,,,,,,,,,,"rgba(38, 166, 154, 0.75)",,97.60523458722143,,69.58291138966553,16.047657199407666,True,False,True,False,False,,,,0.0,0.0,0.0,0.0,0,,,False,False,False,False,,,False,False,False,False,-38328.0,-7981.454974794058,False,False,False,False,1480.4867662756405,False,False,False,False
2025-01-09 16:00:00+00:00,98.39,98.39,98.39,98.39,0.0,,,,,,,,,,,,,,,,,,,,,,,,,,,,,,,,,,,,,,,,,,,,,,,,,,,,,,,,,,,,,,,,,,,,,,,,,"rgba(38, 166, 154, 0.75)",,97.60523458722143,,68.50164071683162,16.047657199407666,True,False,True,False,False,16.458499428543632,97.1349,,0.0,0.0,0.0,0.0,0,,,False,False,False,False,,,False,False,False,False,-38328.0,-8451.94404495229,False,False,False,False,1457.5334830775685,False,False,False,False
2025-01-09 17:00:00+00:00,98.39,98.39,98.39,98.39,0.0,,,,,,,,,,,,,,,,,,,,,,,,,,,,,,,,,,,,,,,,,,,,,,,,,,,,,,,,,,,,,,,,,,,,,,,,,"rgba(38, 166, 154, 0.75)",,97.60523458722143,,67.780793601609,16.047657199407666,True,False,True,False,False,16.458499428543632,97.17060000000001,,0.0,0.0,0.0,0.0,0,,,False,False,False,False,,,False,False,False,False,-38328.0,-8915.138710922021,False,False,False,False,1434.9360647352805,False,False,False,False
2025-01-09 18:00:00+00:00,98.39,98.39,98.39,98.39,0.0,,,,,,,,,,,,,,,,,,,,,,,,,,,,,,,,,,,,,,,,,,,,,,,,,,,,,,,,,,,,,,,,,,,,,,,,,"rgba(38, 166, 154, 0.75)",,97.60523458722143,,67.30022885812727,16.047657199407666,True,False,True,False,False,16.458499428543632,97.20299999999999,,0.0,0.0,0.0,0.0,0,,,False,False,False,False,,,False,False,False,False,-38328.0,-9371.15206424106,False,False,False,False,1412.6889939641908,False,False,False,False
2025-01-09 19:00:00+00:00,98.39,98.39,98.39,98.39,0.0,,,,,,,,,,,,,,,,,,,,,,,,,,,,,,,,,,,,,,,,,,,,,,,,,,,,,,,,,,,,,,,,,,,,,,,,,"rgba(38, 166, 154, 0.75)",,97.60523458722143,,66.97985236247277,16.047657199407666,True,False,True,False,False,16.458499428543632,97.2292,,0.0,0.0,0.0,0.0,0,,,False,False,False,False,,,False,False,False,False,-38328.0,-9820.095443090035,False,False,False,False,1390.7868390190094,False,False,False,False
2025-01-09 20:00:00+00:00,98.39,98.39,98.39,98.39,0.0,,,,,,,,,,,,,,,,,,,,,,,,,,,,,,,,,,,,,,,,,,,,,,,,,,,,,,,,,,,,,,,,,,,,,,,,,"rgba(38, 166, 154, 0.75)",,97.60523458722143,,66.76626803203644,16.047657199407666,True,False,True,False,False,16.458499428543643,97.25489999999999,,0.0,0.0,0.0,0.0,0,,,False,False,False,False,,,False,False,False,False,-38328.0,-10262.078459476235,False,False,False,False,1369.2242523675518,False,False,False,False
2025-01-10 15:00:00+00:00,98.17,98.17,97.6,97.62,7531.0,,,,,,,,,,,,,,,,,,,,,,,,,,,,,,,,,,,,,,,,,,,,,,,,,,,,,,,,,,,,,,,,,,,,,,,,,"rgba(38, 166, 154, 0.75)",,97.5359561978391,,57.487745644775146,12.833516647145572,True,False,True,False,False,5.7816714770279525,97.26559999999999,,0.0,0.0,0.0,0.0,0,,,False,False,False,False,,,False,False,False,False,-45859.0,-10813.968715918463,False,False,False,False,1464.7556593075897,False,False,False,False
2025-01-10 16:00:00+00:00,97.61,97.61,97.36,97.46,2526.0,,,,,,,,,,,,,,,,,,,,,,,,,,,,,,,,,,,,,,,,,,,,,,,,,,,,,,,,,,,,,,,,,,,,,,,,,"rgba(239, 83, 80, 0.5)",,97.50977180211582,,50.159117947285345,6.275873570279515,False,False,False,True,False,3.830411449024922,97.2766,,0.0,0.0,0.0,0.0,0,,,False,False,False,False,,,False,False,False,False,-48385.0,-11396.46532497399,False,False,False,False,1481.2090599384796,False,False,False,False
2025-01-10 17:00:00+00:00,97.46,97.54,97.295,97.49,4060.0,,,,,,,,,,,,,,,,,,,,,,,,,,,,,,,,,,,,,,,,,,,,,,,,,,,,,,,,,,,,,,,,,,,,,,,,,"rgba(239, 83, 80, 1.0)",,97.47771194120844,,45.66550514323914,2.4803819789173502,False,True,False,True,False,4.157804548287029,97.27850000000001,,0.0,0.0,0.0,0.0,0,,,False,False,False,False,,,False,False,False,False,-44325.0,-11906.985242416253,False,False,False,False,1521.1903148231543,False,False,False,False
2025-01-10 18:00:00+00:00,97.5,97.73,97.48,97.615,3273.0,,,,,,,,,,,,,,,,,,,,,,,,,,,,,,,,,,,,,,,,,,,,,,,,,,,,,,,,,,,,,,,,,,,,,,,,,"rgba(239, 83, 80, 1.0)",,97.47019442804465,,44.332248753971164,1.4546537312668377,False,True,False,True,False,5.5167986398526025,97.2902,,0.0,0.0,0.0,0.0,0,,,False,False,False,False,,,False,False,False,False,-41052.0,-12358.84593633228,False,False,False,False,1548.3501549034154,False,False,False,False
2025-01-10 19:00:00+00:00,97.615,97.615,97.315,97.375,1393.0,,,,,,,,,,,,,,,,,,,,,,,,,,,,,,,,,,,,,,,,,,,,,,,,,,,,,,,,,,,,,,,,,,,,,,,,,"rgba(239, 83, 80, 1.0)",,97.46350237364148,,41.424096691995295,-1.2507613129680948,False,True,False,True,False,2.6002849082897086,97.2966,,0.0,0.0,0.0,0.0,0,,,False,False,False,False,,,False,False,False,False,-42445.0,-12825.297937319376,False,False,False,False,1545.9416253700292,False,False,False,False
2025-01-10 20:00:00+00:00,97.375,97.63,97.265,97.47,10585.0,,,,,,,,,,,,,,,,,,,,,,,,,,,,,,,,,,,,,,,,,,,,,,,,,,,,,,,,,,,,,,,,,,,,,,,,,"rgba(239, 83, 80, 1.0)",,97.43414691597555,,40.79052904874065,-1.9842261803445425,False,True,False,True,False,3.6442661407436177,97.3072,,0.0,0.0,0.0,0.0,0,,,False,False,False,False,,,False,False,False,False,-31860.0,-13120.409597205897,False,False,False,False,1686.0820652867728,False,False,False,False
2025-01-13 15:00:00+00:00,97.47,97.47,97.47,97.47,0.0,,,,,,,,,,,,,,,,,,,,,,,,,,,,,,,,,,,,,,,,,,,,,,,,,,,,,,,,,,,,,,,,,,,,,,,,,"rgba(239, 83, 80, 1.0)",,97.43414691597555,,40.36815061990423,-2.7173107805718644,False,True,False,True,False,3.6442661407436177,97.315,,0.0,0.0,0.0,0.0,0,,,False,False,False,False,,,False,False,False,False,-31860.0,-13410.945882520535,False,False,False,False,1659.9412580730243,False,False,False,False
2025-01-13 16:00:00+00:00,97.47,97.47,96.67,96.67,1858.0,,,,,,,,,,,,,,,,,,,,,,,,,,,,,,,,,,,,,,,,,,,,,,,,,,,,,,,,,,,,,,,,,,,,,,,,,"rgba(239, 83, 80, 1.0)",,97.4173124875764,,34.90586879637716,-8.108797915417355,False,True,False,True,False,0.0,97.30760000000001,,0.0,0.0,0.0,0.0,0,,,False,False,False,False,,,False,False,False,False,-33718.0,-13725.78393085355,False,False,False,False,1663.0119362424348,False,False,False,False
2025-01-13 17:00:00+00:00,96.64,96.95,96.555,96.78,4171.0,,,,,,,,,,,,,,,,,,,,,,,,,,,,,,,,,,,,,,,,,,,,,,,,,,,,,,,,,,,,,,,,,,,,,,,,,"rgba(239, 83, 80, 1.0)",,97.22103361406434,,32.71734271646029,-10.312576118114563,False,True,False,True,False,0.0,97.30239999999999,,0.0,0.0,0.0,0.0,0,,,False,False,False,False,,,False,False,False,False,-29547.0,-13971.074102468221,False,False,False,False,1701.8954721146451,False,False,False,False
2025-01-13 18:00:00+00:00,96.78,97.11,96.61,97.1,3067.0,,,,,,,,,,,,,,,,,,,,,,,,,,,,,,,,,,,,,,,,,,,,,,,,,,,,,,,,,,,,,,,,,,,,,,,,,"rgba(239, 83, 80, 1.0)",,97.22429182873125,,35.03262160719002,-10.312576118114563,False,True,False,True,False,0.0,97.3036,,0.0,0.0,0.0,0.0,0,,,False,False,False,False,,,False,False,False,False,-26480.0,-14165.010938088868,False,False,False,False,1723.0598833996894,False,False,False,False
2025-01-13 19:00:00+00:00,97.105,97.22,97.02,97.13,2453.0,,,,,,,,,,,,,,,,,,,,,,,,,,,,,,,,,,,,,,,,,,,,,,,,,,,,,,,,,,,,,,,,,,,,,,,,,"rgba(239, 83, 80, 0.75)",,97.23518575675047,,36.905818348199254,-10.312576118114563,False,True,False,True,True,0.0,97.30539999999999,,0.0,0.0,0.0,0.0,0,,,False,False,False,False,,,False,False,False,False,-24027.0,-14317.909993312296,False,False,False,False,1734.3767844322524,False,False,False,False
2025-01-13 20:00:00+00:00,97.12,97.435,96.68,97.065,10327.0,,,,,,,,,,,,,,,,,,,,,,,,,,,,,,,,,,,,,,,,,,,,,,,,,,,,,,,,,,,,,,,,,,,,,,,,,"rgba(239, 83, 80, 0.75)",,97.22487300789044,,37.633995925813736,-10.312576118114563,False,True,False,True,True,0.0,97.30590000000001,,0.0,0.0,0.0,0.0,0,,,False,False,False,False,,,False,False,False,False,-34354.0,-14628.547047679547,False,False,False,False,1867.595749014698,False,False,False,False
2025-01-14 15:00:00+00:00,96.95,97.23,96.81,97.03,1991.0,,,,,,,,,,,,,,,,,,,,,,,,,,,,,,,,,,,,,,,,,,,,,,,,,,,,,,,,,,,,,,,,,,,,,,,,,"rgba(239, 83, 80, 0.75)",,97.2203887700793,,37.823086101197845,-10.312576118114563,False,True,False,True,True,0.0,97.3057,,0.0,0.0,0.0,0.0,0,,,False,False,False,False,,,False,False,False,False,-36345.0,-14965.236240738779,False,False,False,False,1869.5089932160204,False,False,False,False
2025-01-14 16:00:00+00:00,97.035,97.22,96.92,97.035,748.0,,,,,,,,,,,,,,,,,,,,,,,,,,,,,,,,,,,,,,,,,,,,,,,,,,,,,,,,,,,,,,,,,,,,,,,,,"rgba(239, 83, 80, 0.75)",,97.21923219601953,,38.02417048035386,-10.312576118114563,False,True,False,True,True,0.0,97.3056,,0.0,0.0,0.0,0.0,0,,,False,False,False,False,,,False,False,False,False,-35597.0,-15285.108547083915,False,False,False,False,1852.1212568870899,False,False,False,False
2025-01-14 17:00:00+00:00,97.035,97.505,97.0,97.5,856.0,,,,,,,,,,,,,,,,,,,,,,,,,,,,,,,,,,,,,,,,,,,,,,,,,,,,,,,,,,,,,,,,,,,,,,,,,"rgba(239, 83, 80, 0.75)",,97.22223578991091,,43.82119400957746,-11.815522263874804,False,True,False,True,True,3.7872005461317038,97.3084,,0.0,0.0,0.0,0.0,0,,,False,False,False,False,,,False,False,False,False,-34741.0,-15586.750275036102,False,False,False,False,1836.6775164702356,False,False,False,False
2025-01-14 18:00:00+00:00,97.5,98.01,97.375,97.985,1253.0,,,,,,,,,,,,,,,,,,,,,,,,,,,,,,,,,,,,,,,,,,,,,,,,,,,,,,,,,,,,,,,,,,,,,,,,,"rgba(38, 166, 154, 0.5)",,97.23631478180206,,51.320591498762404,-4.866722191384298,False,False,True,False,True,8.38730197424858,97.3199,,0.0,0.0,0.0,0.0,0,,,False,False,False,False,,,False,False,False,False,-33488.0,-15864.289030461898,False,False,False,False,1827.6282526489915,False,False,False,False
2025-01-14 19:00:00+00:00,97.97,98.02,97.42,97.465,3538.0,,,,,,,,,,,,,,,,,,,,,,,,,,,,,,,,,,,,,,,,,,,,,,,,,,,,,,,,,,,,,,,,,,,,,,,,,"rgba(38, 166, 154, 0.5)",,97.26199571821907,,51.28437878546927,-4.866722191384298,False,False,True,False,True,2.883174030273601,97.3274,,0.0,0.0,0.0,0.0,0,,,False,False,False,False,,,False,False,False,False,-37026.0,-16192.377572625279,False,False,False,False,1854.1456440807901,False,False,False,False
2025-01-14 20:00:00+00:00,97.475,97.84,97.33,97.8,4368.0,,,,,,,,,,,,,,,,,,,,,,,,,,,,,,,,,,,,,,,,,,,,,,,,,,,,,,,,,,,,,,,,,,,,,,,,,"rgba(38, 166, 154, 1.0)",,97.289006118716,,53.564720203748685,-2.7767527932727134,True,False,True,False,True,5.882290445447367,97.3441,,0.0,0.0,0.0,0.0,0,,,False,False,False,False,,,False,False,False,False,-32658.0,-16447.658540491553,False,False,False,False,1893.1201302190725,False,False,False,False
2025-01-15 15:00:00+00:00,99.25,99.83,99.22,99.28,8193.0,,,,,,,,,,,,,,,,,,,,,,,,,,,,,,,,,,,,,,,,,,,,,,,,,,,,,,,,,,,,,,,,,,,,,,,,,"rgba(38, 166, 154, 1.0)",,97.8975424718691,,60.853103742341105,4.007236440002565,True,False,True,False,True,16.794476285158243,97.3919,,0.0,0.0,0.0,0.0,0,,,False,False,False,False,,,False,False,False,False,-24465.0,-16571.95840808083,False,False,False,False,1990.792686339707,False,False,False,False
2025-01-15 16:00:00+00:00,99.28,99.33,98.8,99.32,3542.0,,,,,,,,,,,,,,,,,,,,,,,,,,,,,,,,,,,,,,,,,,,,,,,,,,,,,,,,,,,,,,,,,,,,,,,,,"rgba(38, 166, 154, 1.0)",,97.93262948064974,,65.81365605543786,8.422755858480215,True,False,True,False,True,17.04680807995646,97.4366,,0.0,0.0,0.0,0.0,0,,,False,False,False,False,,,False,False,False,False,-20923.0,-16639.41641725787,False,False,False,False,2014.8424121328899,False,False,False,False
2025-01-15 17:00:00+00:00,99.33,99.36,99.03,99.05,2539.0,,,,,,,,,,,,,,,,,,,,,,,,,,,,,,,,,,,,,,,,,,,,,,,,,,,,,,,,,,,,,,,,,,,,,,,,,"rgba(38, 166, 154, 1.0)",0.7416429776558984,97.95970564825413,1.47010675566827,66.94670366190873,9.389313659626076,True,False,True,False,True,14.378007392145431,97.4794,,0.0,0.0,0.0,0.0,0,,,False,False,False,False,,,False,False,False,False,-23462.0,-16745.192906912787,False,False,False,False,2022.9688863633876,False,False,False,False
2025-01-15 18:00:00+00:00,99.06,99.35,99.05,99.305,730.0,,,,,,,,,,,,,,,,,,,,,,,,,,,,,,,,,,,,,,,,,,,,,,,,,,,,,,,,,,,,,,,,,,,,,,,,,"rgba(38, 166, 154, 1.0)",0.770760055440775,97.96894788326658,1.7334215847101444,68.56234494581452,11.03913293982459,True,False,True,False,True,16.02586369581642,97.53519999999999,,0.0,0.0,0.0,0.0,0,,,False,False,False,False,,,False,False,False,False,-22732.0,-16838.011621534297,False,False,False,False,2002.9228571174435,False,False,False,False
2025-01-15 19:00:00+00:00,99.315,99.34,99.09,99.105,2653.0,,,,,,,,,,,,,,,,,,,,,,,,,,,,,,,,,,,,,,,,,,,,,,,,,,,,,,,,,,,,,,,,,,,,,,,,,"rgba(38, 166, 154, 1.0)",0.7930523198263701,97.99846443574523,1.395286964795757,67.99125600020794,11.03913293982459,True,False,True,False,True,14.087786644491928,97.59210000000002,,0.0,0.0,0.0,0.0,0,,,False,False,False,False,,,False,False,False,False,-25385.0,-16970.523069262446,False,False,False,False,2013.0015725109715,False,False,False,False
2025-01-15 20:00:00+00:00,99.105,99.34,99.07,99.14,8406.0,,,,,,,,,,,,,,,,,,,,,,,,,,,,,,,,,,,,,,,,,,,,,,,,,,,,,,,,,,,,,,,,,,,,,,,,,"rgba(38, 166, 154, 1.0)",0.8171046334356383,98.08459102347237,1.2916448314458893,67.75835802426447,11.03913293982459,True,False,True,False,True,14.318500939767063,97.65009999999998,,0.0,0.0,0.0,0.0,0,,,False,False,False,False,,,False,False,False,False,-16979.0,-16970.654494545197,False,False,False,False,2112.1178272007237,False,False,False,False
2025-01-16 15:00:00+00:00,98.33,98.67,98.2,98.64,1505.0,,,,,,,,,,,,,,,,,,,,,,,,,,,,,,,,,,,,,,,,,,,,,,,,,,,,,,,,,,,,,,,,,,,,,,,,,"rgba(38, 166, 154, 0.75)",0.8280523224100375,98.0833673429362,0.6722191847052946,63.633859476601295,11.03913293982459,True,False,True,False,False,9.644949180220724,97.6984,,0.0,0.0,0.0,0.0,0,,,False,False,False,False,,,False,False,False,False,-18484.0,-16994.11721556,False,False,False,False,2102.7051477092396,False,False,False,False
2025-01-16 16:00:00+00:00,98.64,99.12,98.54,99.09,1545.0,,,,,,,,,,,,,,,,,,,,,,,,,,,,,,,,,,,,,,,,,,,,,,,,,,,,,,,,,,,,,,,,,,,,,,,,,"rgba(38, 166, 154, 0.75)",0.8482734186527374,98.09199178690878,1.176517136038876,63.14384722476251,11.03913293982459,True,False,True,False,False,12.641474176438322,97.7593,,0.0,0.0,0.0,0.0,0,,,False,False,False,False,,,False,False,False,False,-16939.0,-16993.2626850862,False,False,False,False,2094.058556271887,False,False,False,False
2025-01-16 17:00:00+00:00,99.11,99.15,98.92,99.04,1641.0,,,,,,,,,,,,,,,,,,,,,,,,,,,,,,,,,,,,,,,,,,,,,,,,,,,,,,,,,,,,,,,,,,,,,,,,,"rgba(38, 166, 154, 0.75)",0.8645894562900587,98.10383968370034,1.0827801674990507,62.43095112928944,11.03913293982459,True,False,True,False,False,12.188234369446256,97.80290000000001,,0.0,0.0,0.0,0.0,0,,,False,False,False,False,,,False,False,False,False,-18580.0,-17017.863263611995,False,False,False,False,2087.034392608757,False,False,False,False
2025-01-16 18:00:00+00:00,99.03,99.1,98.92,99.05,3032.0,,,,,,,,,,,,,,,,,,,,,,,,,,,,,,,,,,,,,,,,,,,,,,,,,,,,,,,,,,,,,,,,,,,,,,,,,"rgba(38, 166, 154, 0.75)",0.8827070004529595,98.1245014891867,1.0484775926081709,62.00997091342047,11.03913293982459,True,False,True,False,False,12.25445680894843,97.84120000000001,,0.0,0.0,0.0,0.0,0,,,False,False,False,False,,,False,False,False,False,-15548.0,-16995.074685881576,False,False,False,False,2101.6850221807144,False,False,False,False
2025-01-16 19:00:00+00:00,99.05,99.14,98.975,99.12,3529.0,,,,,,,,,,,,,,,,,,,,,,,,,,,,,,,,,,,,,,,,,,,,,,,,,,,,,,,,,,,,,,,,,,,,,,,,,"rgba(38, 166, 154, 0.75)",0.8996704852233378,98.14986802611823,1.0783192177755478,62.14146288754945,11.03913293982459,True,False,True,False,False,12.723443725525218,97.8891,,0.0,0.0,0.0,0.0,0,,,False,False,False,False,,,False,False,False,False,-12019.0,-16917.926241139226,False,False,False,False,2123.8139365655093,False,False,False,False
2025-01-16 20:00:00+00:00,99.11,99.365,99.005,99.17,4510.0,,,,,,,,,,,,,,,,,,,,,,,,,,,,,,,,,,,,,,,,,,,,,,,,,,,,,,,,,,,,,,,,,,,,,,,,,"rgba(38, 166, 154, 0.75)",0.9168124765278518,98.18550008340517,1.073829100061249,62.54176787820416,11.03913293982459,True,False,True,False,False,13.060877678512625,97.93889999999999,,0.0,0.0,0.0,0.0,0,,,False,False,False,False,,,False,False,False,False,-7509.0,-16772.05141569521,False,False,False,False,2160.8090693319355,False,False,False,False
2025-01-17 15:00:00+00:00,99.64,99.83,99.53,99.775,653.0,,,,,,,,,,,,,,,,,,,,,,,,,,,,,,,,,,,,,,,,,,,,,,,,,,,,,,,,,,,,,,,,,,,,,,,,,"rgba(38, 166, 154, 1.0)",0.9479067740301628,98.44722887492561,1.4007402008840817,65.9063355972599,11.475604173599251,True,False,True,False,True,16.944750336515416,98.0067,,0.0,0.0,0.0,0.0,0,,,False,False,False,False,,,False,False,False,False,-6856.0,-16618.31418444412,False,False,False,False,2137.4321845360914,False,False,False,False
2025-01-17 16:00:00+00:00,99.775,99.795,99.035,99.075,2306.0,,,,,,,,,,,,,,,,,,,,,,,,,,,,,,,,,,,,,,,,,,,,,,,,,,,,,,,,,,,,,,,,,,,,,,,,,"rgba(38, 166, 154, 0.75)",0.9604665579857676,98.4105345505745,0.6918152890393011,62.14217238671067,11.475604173599251,True,False,True,False,False,10.607126691924357,98.06289999999998,,0.0,0.0,0.0,0.0,1,,,False,False,False,False,,,False,False,False,False,-9162.0,-16502.71241414266,False,False,False,False,2140.045639039408,False,False,False,False
2025-01-17 17:00:00+00:00,99.075,99.1,98.79,98.825,1869.0,,,,,,,,,,,,,,,,,,,,,,,,,,,,,,,,,,,,,,,,,,,,,,,,,,,,,,,,,,,,,,,,,,,,,,,,,"rgba(38, 166, 154, 0.75)",0.9673317624986572,98.3854506502562,0.4543935873752619,57.982471685237726,12.815031214917482,True,False,True,False,False,8.50939123828132,98.1018,,0.0,0.0,0.0,0.0,0,,,False,False,False,False,,,False,False,False,False,-11031.0,-16417.879663535798,False,False,False,False,2135.8433810698043,False,False,False,False
2025-01-17 18:00:00+00:00,98.825,99.11,98.77,99.09,974.0,,,,,,,,,,,,,,,,,,,,,,,,,,,,,,,,,,,,,,,,,,,,,,,,,,,,,,,,,,,,,,,,,,,,,,,,,"rgba(38, 166, 154, 0.5)",0.9781896405978715,98.38346664795436,0.7222866842198457,56.84621123490051,11.791029499151726,False,False,True,False,False,10.226192459977742,98.145,,0.0,0.0,0.0,0.0,0,,,False,False,False,False,,,False,False,False,False,-10057.0,-16319.261374178652,False,False,False,False,2117.8303053943037,False,False,False,False
2025-01-17 19:00:00+00:00,99.085,99.215,98.985,99.2,1916.0,,,,,,,,,,,,,,,,,,,,,,,,,,,,,,,,,,,,,,,,,,,,,,,,,,,,,,,,,,,,,,,,,,,,,,,,,"rgba(38, 166, 154, 0.5)",0.990295424116989,98.3920961235054,0.8158210740143379,56.748466880969374,11.577112440169394,False,False,True,False,False,10.926930940216902,98.18860000000001,,0.0,0.0,0.0,0.0,0,,,False,False,False,False,,,False,False,False,False,-8141.0,-16192.466624191386,False,False,False,False,2114.7011533726863,False,False,False,False
2025-01-17 20:00:00+00:00,99.2,99.2,98.93,98.965,3252.0,,,,,,,,,,,,,,,,,,,,,,,,,,,,,,,,,,,,,,,,,,,,,,,,,,,,,,,,,,,,,,,,,,,,,,,,,"rgba(38, 166, 154, 0.5)",0.9971922655207641,98.39950069494222,0.5670915475487202,54.8963587170868,9.642718739074311,False,False,True,False,False,8.947174675498843,98.2287,,0.0,0.0,0.0,0.0,0,,,False,False,False,False,,,False,False,False,False,-11393.0,-16118.056288932605,False,False,False,False,2132.333693630474,False,False,False,False
2025-01-20 15:00:00+00:00,98.965,98.965,98.965,98.965,0.0,,,,,,,,,,,,,,,,,,,,,,,,,,,,,,,,,,,,,,,,,,,,,,,,,,,,,,,,,,,,,,,,,,,,,,,,,"rgba(38, 166, 154, 0.5)",1.0033765202761427,98.39950069494222,0.5635963106871898,53.66161994116507,8.288936696049248,False,False,True,False,False,8.947174675498843,98.2701,,0.0,0.0,0.0,0.0,0,,,False,False,False,False,,,False,False,False,False,-11393.0,-16044.799602282486,False,False,False,False,2099.274256519924,False,False,False,False
2025-01-20 16:00:00+00:00,98.965,98.965,98.965,98.965,0.0,,,,,,,,,,,,,,,,,,,,,,,,,,,,,,,,,,,,,,,,,,,,,,,,,,,,,,,,,,,,,,,,,,,,,,,,,"rgba(38, 166, 154, 0.5)",1.0088612927990281,98.39950069494222,0.5605322645384072,52.83846075721726,7.2868130693547215,False,False,True,False,False,8.947174675498843,98.3117,,0.0,0.0,0.0,0.0,0,,,False,False,False,False,,,False,False,False,False,-11393.0,-15972.67867821609,False,False,False,False,2066.7273688219407,False,False,False,False
2025-01-20 17:00:00+00:00,98.965,98.965,98.965,98.965,0.0,,,,,,,,,,,,,,,,,,,,,,,,,,,,,,,,,,,,,,,,,,,,,,,,,,,,,,,,,,,,,,,,,,,,,,,,,#000000,1.0136579375777768,98.39950069494222,0.5578798173366982,52.289687967918724,6.500446223142639,False,False,False,False,False,8.947174675498843,98.3276,,0.0,0.0,0.0,0.0,0,,,False,False,False,False,,,False,False,False,False,-11393.0,-15901.67590801119,False,False,False,False,2034.6850840340035,False,False,False,False
2025-01-20 18:00:00+00:00,98.965,98.965,98.965,98.965,0.0,,,,,,,,,,,,,,,,,,,,,,,,,,,,,,,,,,,,,,,,,,,,,,,,,,,,,,,,,,,,,,,,,,,,,,,,,#000000,1.020544334528763,98.39950069494222,0.554115373457934,51.92383944171969,5.850692022929884,False,False,False,False,False,8.947174675498843,98.3351,,0.0,0.0,0.0,0.0,0,,,False,False,False,False,,,False,False,False,False,-11393.0,-15831.773955949,False,False,False,False,2003.1395788551818,False,False,False,False
2025-01-20 19:00:00+00:00,98.965,98.965,98.965,98.965,0.0,,,,,,,,,,,,,,,,,,,,,,,,,,,,,,,,,,,,,,,,,,,,,,,,,,,,,,,,,,,,,,,,,,,,,,,,,#000000,1.0272526334709438,98.39950069494222,0.5504968170751151,51.67994042425367,5.292409172593274,False,False,False,False,False,8.947174675498843,98.34649999999999,,0.0,0.0,0.0,0.0,0,,,False,False,False,False,,,False,False,False,False,-11393.0,-15762.955755081573,False,False,False,False,1972.0831512760317,False,False,False,False
2025-01-20 20:00:00+00:00,98.965,98.965,98.965,98.965,0.0,,,,,,,,,,,,,,,,,,,,,,,,,,,,,,,,,,,,,,,,,,,,,,,,,,,,,,,,,,,,,,,,,,,,,,,,,#000000,1.0307983654771118,98.39950069494222,0.5486032225090299,51.51734107927632,4.800365359142901,False,False,False,False,False,8.947174675498843,98.35079999999999,,0.0,0.0,0.0,0.0,0,,,False,False,False,False,,,False,False,False,False,-11393.0,-15695.204503064804,False,False,False,False,1941.5082186981087,False,False,False,False
2025-01-21 15:00:00+00:00,100.06,100.37,99.92,100.135,2581.0,,,,,,,,,,,,,,,,,,,,,,,,,,,,,,,,,,,,,,,,,,,,,,,,,,,,,,,,,,,,,,,,,,,,,,,,,"rgba(38, 166, 154, 1.0)",1.056771758493556,98.4650008378015,1.5802836788325196,59.84279121458219,6.069387352202426,True,False,True,False,True,16.65640594096904,98.3791,,0.0,0.0,0.0,0.0,0,,,False,False,False,False,,,False,False,False,False,-8812.0,-15588.488154180079,False,False,False,False,1951.4228199586032,False,False,False,False
2025-01-21 16:00:00+00:00,100.135,100.55,100.135,100.4,1723.0,,,,,,,,,,,,,,,,,,,,,,,,,,,,,,,,,,,,,,,,,,,,,,,,,,,,,,,,,,,,,,,,,,,,,,,,,"rgba(38, 166, 154, 1.0)",1.0870100615329579,98.7734567258617,1.496346107270124,66.307314275034,11.724551328295803,True,False,True,False,True,18.188858804789465,98.4193,,0.0,0.0,0.0,0.0,0,,,False,False,False,False,,,False,False,False,False,-7089.0,-15456.71314403775,False,False,False,False,1947.8813808894777,False,False,False,False
2025-01-21 17:00:00+00:00,100.39,100.54,100.21,100.225,2390.0,,,,,,,,,,,,,,,,,,,,,,,,,,,,,,,,,,,,,,,,,,,,,,,,,,,,,,,,,,,,,,,,,,,,,,,,,"rgba(38, 166, 154, 1.0)",1.1120558309595694,98.8145596400382,1.2683179393473056,68.51014415157982,13.372418921067172,True,False,True,False,True,16.568151856270266,98.45599999999999,,0.0,0.0,0.0,0.0,0,,,False,False,False,False,,,False,False,False,False,-9479.0,-15364.035420874376,False,False,False,False,1954.7359331237492,False,False,False,False
2025-01-21 18:00:00+00:00,100.22,100.24,100.085,100.19,816.0,,,,,,,,,,,,,,,,,,,,,,,,,,,,,,,,,,,,,,,,,,,,,,,,,,,,,,,,,,,,,,,,,,,,,,,,,"rgba(38, 166, 154, 1.0)",1.1318563839435976,98.82257121896578,1.2081292294962769,69.55016054047474,14.15876681867745,True,False,True,False,True,16.244297195883888,98.492,,0.0,0.0,0.0,0.0,0,,,False,False,False,False,,,False,False,False,False,-10295.0,-15285.44572442671,False,False,False,False,1937.081112455164,False,False,False,False
2025-01-21 19:00:00+00:00,100.19,100.265,100.08,100.13,589.0,,,,,,,,,,,,,,,,,,,,,,,,,,,,,,,,,,,,,,,,,,,,,,,,,,,,,,,,,,,,,,,,,,,,,,,,,"rgba(38, 166, 154, 1.0)",1.141643129894817,98.8284914386878,1.140031002010323,69.45831189976617,14.15876681867745,True,False,True,False,True,15.68326218042904,98.52680000000001,,0.0,0.0,0.0,0.0,0,,,False,False,False,False,,,False,False,False,False,-10884.0,-15217.206255830946,False,False,False,False,1916.180630091518,False,False,False,False
2025-01-21 20:00:00+00:00,100.115,100.225,100.065,100.19,3120.0,,,,,,,,,,,,,,,,,,,,,,,,,,,,,,,,,,,,,,,,,,,,,,,,,,,,,,,,,,,,,,,,,,,,,,,,,"rgba(38, 166, 154, 1.0)",1.145355513477036,98.86208459671234,1.1593914620067756,69.76246643556722,14.626909889667914,True,False,True,False,True,16.053106611078224,98.56280000000001,,0.0,0.0,0.0,0.0,0,,,False,False,False,False,,,False,False,False,False,-7764.0,-15101.652670469226,False,False,False,False,1934.8444962916494,False,False,False,False
2025-01-22 15:00:00+00:00,99.89,100.15,99.72,100.09,1818.0,,,,,,,,,,,,,,,,,,,,,,,,,,,,,,,,,,,,,,,,,,,,,,,,,,,,,,,,,,,,,,,,,,,,,,,,,"rgba(38, 166, 154, 1.0)",1.1439040429421716,98.87341941787653,1.0635337724608185,68.49452084423596,14.626909889667914,True,False,True,False,True,15.09772185297151,98.5968,,0.0,0.0,0.0,0.0,0,,,False,False,False,False,,,False,False,False,False,-9582.0,-15016.076660074354,False,False,False,False,1933.0329537134842,False,False,False,False
2025-01-22 16:00:00+00:00,100.085,100.385,100.075,100.27,2368.0,,,,,,,,,,,,,,,,,,,,,,,,,,,,,,,,,,,,,,,,,,,,,,,,,,,,,,,,,,,,,,,,,,,,,,,,,"rgba(38, 166, 154, 1.0)",1.1438052817339592,98.90323329602079,1.194929526734874,68.92759818793722,14.626909889667914,True,False,True,False,True,16.23033905941764,98.63439999999999,,0.0,0.0,0.0,0.0,0,,,False,False,False,False,,,False,False,False,False,-7214.0,-14895.11423123599,False,False,False,False,1939.7766288497091,False,False,False,False
2025-01-22 17:00:00+00:00,100.275,100.285,100.13,100.14,2199.0,,,,,,,,,,,,,,,,,,,,,,,,,,,,,,,,,,,,,,,,,,,,,,,,,,,,,,,,,,,,,,,,,,,,,,,,,"rgba(38, 166, 154, 0.75)",1.13353476482331,98.9262093223872,1.0708014568940072,67.26533749625756,14.626909889667914,True,False,True,False,False,14.97658004368581,98.6848,,0.0,0.0,0.0,0.0,0,,,False,False,False,False,,,False,False,False,False,-9413.0,-14810.12021214706,False,False,False,False,1943.7955958442872,False,False,False,False
2025-01-22 18:00:00+00:00,100.14,100.485,100.02,100.345,1399.0,,,,,,,,,,,,,,,,,,,,,,,,,,,,,,,,,,,,,,,,,,,,,,,,,,,,,,,,,,,,,,,,,,,,,,,,,"rgba(38, 166, 154, 0.75)",1.1437974211111466,98.94282131059019,1.225897753858945,67.71377874747404,14.626909889667914,True,False,True,False,False,16.275196158825313,98.7425,,0.0,0.0,0.0,0.0,0,,,False,False,False,False,,,False,False,False,False,-8014.0,-14704.75400730757,False,False,False,False,1935.3491524978642,False,False,False,False
2025-01-22 19:00:00+00:00,100.34,100.425,100.23,100.265,1281.0,,,,,,,,,,,,,,,,,,,,,,,,,,,,,,,,,,,,,,,,,,,,,,,,,,,,,,,,,,,,,,,,,,,,,,,,,"rgba(38, 166, 154, 0.75)",1.154894207549157,98.95794215871418,1.1317554740010172,66.78238632229747,14.626909889667914,True,False,True,False,False,15.49555038818647,98.79799999999999,,0.0,0.0,0.0,0.0,0,,,False,False,False,False,,,False,False,False,False,-9295.0,-14620.881852155515,False,False,False,False,1925.204204397122,False,False,False,False
2025-01-22 20:00:00+00:00,100.265,100.405,100.125,100.17,4579.0,,,,,,,,,,,,,,,,,,,,,,,,,,,,,,,,,,,,,,,,,,,,,,,,,,,,,,,,,,,,,,,,,,,,,,,,,"rgba(38, 166, 154, 0.75)",1.1551038017393735,99.00225316005367,1.0109453697476543,64.71048873333247,14.626909889667914,True,False,True,False,False,14.56849143063151,98.84909999999999,,0.0,0.0,0.0,0.0,0,,,False,False,False,False,,,False,False,False,False,-13874.0,-14609.302288556204,False,False,False,False,1966.3483252591823,False,False,False,False
2025-01-23 15:00:00+00:00,100.08,100.33,100.03,100.24,1662.0,,,,,,,,,,,,,,,,,,,,,,,,,,,,,,,,,,,,,,,,,,,,,,,,,,,,,,,,,,,,,,,,,,,,,,,,,"rgba(38, 166, 154, 0.75)",1.1538953689665628,99.01639551446576,1.060411990933032,64.02134262928305,17.686847548754642,True,False,True,False,False,15.030403821346212,98.90640000000002,,0.0,0.0,0.0,0.0,0,,,False,False,False,False,,,False,False,False,False,-12212.0,-14572.134811214248,False,False,False,False,1961.6297465729933,False,False,False,False
2025-01-23 16:00:00+00:00,100.245,100.36,99.89,100.3,1248.0,,,,,,,,,,,,,,,,,,,,,,,,,,,,,,,,,,,,,,,,,,,,,,,,,,,,,,,,,,,,,,,,,,,,,,,,,"rgba(38, 166, 154, 0.75)",1.1448582153844584,99.02641849254174,1.1124360120266727,64.16361910671652,17.60035673125377,True,False,True,False,False,15.428658322167127,98.963,,0.0,0.0,0.0,0.0,1,,,False,False,False,False,,,False,False,False,False,-10964.0,-14516.194736621777,False,False,False,False,1950.5657194943421,False,False,False,False
2025-01-23 17:00:00+00:00,100.285,100.615,100.235,100.52,1327.0,,,,,,,,,,,,,,,,,,,,,,,,,,,,,,,,,,,,,,,,,,,,,,,,,,,,,,,,,,,,,,,,,,,,,,,,,"rgba(38, 166, 154, 1.0)",1.1347283081571915,99.0419687356695,1.3025419862229684,66.22800313276856,17.60035673125377,True,False,True,False,True,16.872944473289685,99.024,,0.0,0.0,0.0,0.0,1,,,False,False,False,False,,,False,False,False,False,-9637.0,-14440.548306596633,False,False,False,False,1940.8980339207865,False,False,False,False
2025-01-23 18:00:00+00:00,100.52,100.55,100.31,100.385,678.0,,,,,,,,,,,,,,,,,,,,,,,,,,,,,,,,,,,,,,,,,,,,,,,,,,,,,,,,,,,,,,,,,,,,,,,,,"rgba(38, 166, 154, 1.0)",1.134205031753077,99.04930588434034,1.1776478487272763,65.19046511621566,17.60035673125377,True,False,True,False,True,15.49907642136947,99.0983,,0.0,0.0,0.0,0.0,1,,,False,False,False,False,,,False,False,False,False,-10315.0,-14376.586317347072,False,False,False,False,1921.3182194413946,False,False,False,False
2025-01-23 19:00:00+00:00,100.385,100.45,100.105,100.105,575.0,,,,,,,,,,,,,,,,,,,,,,,,,,,,,,,,,,,,,,,,,,,,,,,,,,,,,,,,,,,,,,,,,,,,,,,,,"rgba(38, 166, 154, 0.5)",1.1276772028704911,99.05388927803618,0.9321024840160211,60.4246865559622,13.997898437643592,False,True,True,False,False,12.722766805994645,99.1648,,0.0,0.0,0.0,0.0,1,,,False,False,False,False,,,False,False,False,False,-10890.0,-14322.530715527737,False,False,False,False,1900.4450687523806,False,False,False,False
2025-01-23 20:00:00+00:00,100.105,100.23,99.96,100.12,4360.0,,,,,,,,,,,,,,,,,,,,,,,,,,,,,,,,,,,,,,,,,,,,,,,,,,,,,,,,,,,,,,,,,,,,,,,,,"rgba(38, 166, 154, 0.5)",1.1216653561428684,99.08080481386244,0.9264752454431673,57.43633640240846,11.353677182120478,False,True,True,False,False,12.827030357411143,99.22519999999999,,0.0,0.0,0.0,0.0,1,,,False,False,False,False,,,False,False,False,False,-6530.0,-14201.716285829632,False,False,False,False,1938.577703345367,False,False,False,False
2025-01-24 15:00:00+00:00,100.515,100.78,100.515,100.62,2278.0,,,,,,,,,,,,,,,,,,,,,,,,,,,,,,,,,,,,,,,,,,,,,,,,,,,,,,,,,,,,,,,,,,,,,,,,,"rgba(38, 166, 154, 0.5)",1.1222619453023464,99.10896912218557,1.3464154996428668,60.330048105454665,11.353677182120478,False,True,True,False,True,16.17672394302352,99.295,,0.0,0.0,0.0,0.0,1,,,False,False,False,False,,,False,False,False,False,-4252.0,-14047.457118607466,False,False,False,False,1943.8400645338106,False,False,False,False
2025-01-24 16:00:00+00:00,100.61,101.07,100.58,101.015,763.0,,,,,,,,,,,,,,,,,,,,,,,,,,,,,,,,,,,,,,,,,,,,,,,,,,,,,,,,,,,,,,,,,,,,,,,,,"rgba(38, 166, 154, 1.0)",1.128528412747462,99.12031129982127,1.6789020806007122,64.64893877895511,9.891730508912339,True,False,True,False,True,18.625165626696994,99.374,,0.0,0.0,0.0,0.0,1,,,False,False,False,False,,,False,False,False,False,-3489.0,-13883.760109016654,False,False,False,False,1925.5324666340616,False,False,False,False
2025-01-24 17:00:00+00:00,101.015,101.24,100.99,101.035,607.0,,,,,,,,,,,,,,,,,,,,,,,,,,,,,,,,,,,,,,,,,,,,,,,,,,,,,,,,,,,,,,,,,,,,,,,,,"rgba(38, 166, 154, 1.0)",1.1323252724029633,99.37531284470438,1.4657335623831045,67.63424322675692,12.457146470591674,True,False,True,False,True,18.746141758881386,99.4541,,0.0,0.0,0.0,0.0,0,,,False,False,False,False,,,False,False,False,False,-2882.0,-13713.190184845853,False,False,False,False,1905.0901028102776,False,False,False,False
2025-01-24 18:00:00+00:00,101.035,101.105,100.94,100.965,830.0,,,,,,,,,,,,,,,,,,,,,,,,,,,,,,,,,,,,,,,,,,,,,,,,,,,,,,,,,,,,,,,,,,,,,,,,,"rgba(38, 166, 154, 1.0)",1.1534015966883184,99.38053165853347,1.3737351725677387,68.52548103072797,13.197615733293844,True,False,True,False,True,18.033134357826057,99.5327,,0.0,0.0,0.0,0.0,0,,,False,False,False,False,,,False,False,False,False,-3712.0,-13558.132972677698,False,False,False,False,1888.4220392008158,False,False,False,False
2025-01-24 19:00:00+00:00,100.965,101.07,100.915,101.05,860.0,,,,,,,,,,,,,,,,,,,,,,,,,,,,,,,,,,,,,,,,,,,,,,,,,,,,,,,,,,,,,,,,,,,,,,,,,"rgba(38, 166, 154, 1.0)",1.1777922085352757,99.3908243990895,1.4087167404290124,69.69032699425966,14.362599845957646,True,False,True,False,True,18.564978208449258,99.6037,,0.0,0.0,0.0,0.0,0,,,False,False,False,False,,,False,False,False,False,-2852.0,-13392.146414961766,False,True,False,False,1872.477511461268,False,False,False,False
2025-01-24 20:00:00+00:00,101.04,101.21,100.805,100.98,4134.0,,,,,,,,,,,,,,,,,,,,,,,,,,,,,,,,,,,,,,,,,,,,,,,,,,,,,,,,,,,,,,,,,,,,,,,,,"rgba(38, 166, 154, 1.0)",1.1980551055923718,99.44024456530704,1.2852125311311453,69.24946892746041,14.362599845957646,True,False,True,False,True,17.836638042958512,99.66359999999999,,0.0,0.0,0.0,0.0,0,,,False,False,False,False,,,False,False,False,False,-6986.0,-13292.826315504994,False,False,False,False,1907.539875624659,False,False,False,False
2025-01-27 15:00:00+00:00,101.205,101.205,100.75,100.915,962.0,,,,,,,,,,,,,,,,,,,,,,,,,,,,,,,,,,,,,,,,,,,,,,,,,,,,,,,,,,,,,,,,,,,,,,,,,"rgba(38, 166, 154, 1.0)",1.2174922091246378,99.45039656961828,1.2029673942922074,67.80902487466486,14.362599845957646,True,False,True,False,True,17.156905498124388,99.7326,,0.0,0.0,0.0,0.0,0,,,False,False,False,False,,,False,False,False,False,-7948.0,-13209.960791233598,False,False,False,False,1892.880342669238,False,False,False,False
2025-01-27 16:00:00+00:00,100.915,100.98,100.385,100.505,1244.0,,,,,,,,,,,,,,,,,,,,,,,,,,,,,,,,,,,,,,,,,,,,,,,,,,,,,,,,,,,,,,,,,,,,,,,,,"rgba(38, 166, 154, 0.5)",1.2284599052222458,99.45373250905126,0.8557605229765659,61.15482699221113,16.499666899964723,False,True,True,False,False,13.009352816657795,99.7867,,0.0,0.0,0.0,0.0,0,,,False,False,False,False,,,False,False,False,False,-9192.0,-13147.666825478038,False,False,False,False,1882.8201823177767,False,False,False,False
2025-01-27 17:00:00+00:00,100.515,100.89,100.405,100.42,979.0,,,,,,,,,,,,,,,,,,,,,,,,,,,,,,,,,,,,,,,,,,,,,,,,,,,,,,,,,,,,,,,,,,,,,,,,,"rgba(38, 166, 154, 0.5)",1.2356546464952554,99.45633186014648,0.7798846891296215,55.79665152737247,11.691839322335838,False,True,True,False,False,12.179336593684791,99.80949999999999,,0.0,0.0,0.0,0.0,0,,,False,False,False,False,,,False,False,False,False,-10171.0,-13101.516952214812,False,False,False,False,1868.8074663128498,False,False,False,False
2025-01-27 18:00:00+00:00,100.42,100.62,100.34,100.515,911.0,,,,,,,,,,,,,,,,,,,,,,,,,,,,,,,,,,,,,,,,,,,,,,,,,,,,,,,,,,,,,,,,,,,,,,,,,#000000,1.2435987700624378,99.4579347554351,0.8500050579109398,53.465079823756824,9.709839925097477,False,True,False,False,False,12.847823186317118,99.8334,,0.0,0.0,0.0,0.0,0,,,False,False,False,False,,,False,False,False,False,-9260.0,-13041.958549854891,False,False,False,False,1853.9577381529605,False,False,False,False
2025-01-27 19:00:00+00:00,100.53,100.81,100.435,100.76,597.0,,,,,,,,,,,,,,,,,,,,,,,,,,,,,,,,,,,,,,,,,,,,,,,,,,,,,,,,,,,,,,,,,,,,,,,,,"rgba(38, 166, 154, 0.5)",1.2547634463540178,99.46144164947614,1.034902916798461,54.7147191438072,9.709839925097477,False,True,True,False,False,14.540868153329612,99.8676,,0.0,0.0,0.0,0.0,0,,,False,False,False,False,,,False,False,False,False,-8663.0,-12974.067719624583,False,False,False,False,1834.4700212823718,False,False,False,False
2025-01-27 20:00:00+00:00,100.755,100.88,100.69,100.795,3300.0,,,,,,,,,,,,,,,,,,,,,,,,,,,,,,,,,,,,,,,,,,,,,,,,,,,,,,,,,,,,,,,,,,,,,,,,,"rgba(38, 166, 154, 0.5)",1.2656243411742987,99.48870130187979,1.032137780242262,55.91472631888827,9.709839925097477,False,True,True,False,True,14.779995265292577,99.89740000000002,,0.0,0.0,0.0,0.0,0,,,False,False,False,False,,,False,False,False,False,-5363.0,-12856.066669707923,False,False,False,False,1857.1914163012498,False,False,False,False
2025-01-28 15:00:00+00:00,100.225,100.44,99.95,99.97,1352.0,,,,,,,,,,,,,,,,,,,,,,,,,,,,,,,,,,,,,,,,,,,,,,,,,,,,,,,,,,,,,,,,,,,,,,,,,"rgba(239, 83, 80, 1.0)",1.2653217658647442,99.48508002744717,0.38323846600506994,48.831619889455794,5.5171243549563584,False,True,False,True,False,6.980978758796159,99.9147,,0.0,0.0,0.0,0.0,0,,,False,False,False,False,,,False,False,False,False,-6715.0,-12760.856333743459,False,False,False,False,1849.3589912423156,False,False,False,False
2025-01-28 16:00:00+00:00,99.975,100.02,99.68,99.925,1855.0,,,,,,,,,,,,,,,,,,,,,,,,,,,,,,,,,,,,,,,,,,,,,,,,,,,,,,,,,,,,,,,,,,,,,,,,,"rgba(239, 83, 80, 1.0)",1.2643180763550368,99.51959040479187,0.32065474882468,43.828972484199724,1.0111899047276793,False,True,False,True,False,6.586511362069821,99.9304,,0.0,0.0,0.0,0.0,0,,,False,False,False,False,0.16482998865211088,0.16482998865211088,False,False,False,False,-8570.0,-12695.881816941233,False,False,False,False,1849.4464487424348,False,False,False,False
2025-01-28 17:00:00+00:00,99.93,100.435,99.76,100.37,1041.0,,,,,,,,,,,,,,,,,,,,,,,,,,,,,,,,,,,,,,,,,,,,,,,,,,,,,,,,,,,,,,,,,,,,,,,,,"rgba(239, 83, 80, 1.0)",1.2672323890778001,99.53235813828444,0.6610009884020901,45.18534128413543,1.0111899047276793,False,True,False,True,False,9.75440528368522,99.965,,0.0,0.0,0.0,0.0,0,0.9843075302790939,0.9560821484992096,False,False,False,False,0.1985257313709031,0.181677860011507,False,False,False,False,-7529.0,-12615.775122104935,False,False,False,False,1836.9123952735597,False,False,False,False
2025-01-28 18:00:00+00:00,100.37,100.46,100.245,100.265,1322.0,,,,,,,,,,,,,,,,,,,,,,,,,,,,,,,,,,,,,,,,,,,,,,,,,,,,,,,,,,,,,,,,,,,,,,,,,"rgba(239, 83, 80, 1.0)",1.257876793261934,99.54702000379406,0.5707872186305866,45.23637979913346,1.0111899047276793,False,True,False,True,False,8.81990535627861,99.9885,,0.0,0.0,0.0,0.0,0,0.9833192567567564,0.9612542229729728,False,False,False,False,0.23371532039538245,0.20769659020344472,False,False,False,False,-8851.0,-12557.406515560671,False,False,False,False,1828.9292573623416,False,False,False,False
2025-01-28 19:00:00+00:00,100.265,100.61,100.03,100.585,1478.0,,,,,,,,,,,,,,,,,,,,,,,,,,,,,,,,,,,,,,,,,,,,,,,,,,,,,,,,,,,,,,,,,,,,,,,,,#000000,1.2481389641677607,99.56120509862325,0.8202571434498853,48.0918166407007,1.0111899047276793,False,True,False,False,True,11.013908167455476,100.0194,,0.0,0.0,0.0,0.0,0,0.9744533221194277,0.9639402859545836,False,False,False,False,0.22920038324175415,0.21844848672259942,False,False,False,False,-7373.0,-12477.028119970582,False,False,False,False,1823.4884936823053,False,False,False,False
2025-01-28 20:00:00+00:00,100.585,100.59,100.36,100.46,4102.0,,,,,,,,,,,,,,,,,,,,,,,,,,,,,,,,,,,,,,,,,,,,,,,,,,,,,,,,,,,,,,,,,,,,,,,,,#000000,1.2359545422994023,99.59221463963333,0.7021175380384274,48.85279946420565,1.0111899047276793,False,True,False,False,True,9.892119287976374,100.0476,,0.0,0.0,0.0,0.0,0,0.9767710742064322,0.9658398150094594,False,False,False,False,0.2508192461240731,0.23463386642333625,False,False,False,False,-11475.0,-12461.492800281114,False,False,False,False,1858.8142534701765,False,False,False,False
2025-01-29 15:00:00+00:00,100.265,100.535,100.045,100.32,1656.0,,,,,,,,,,,,,,,,,,,,,,,,,,,,,,,,,,,,,,,,,,,,,,,,,,,,,,,,,,,,,,,,,,,,,,,,,#000000,1.2233980406088845,99.59620627258123,0.5916257043035104,48.1122953232489,1.0111899047276793,False,True,False,False,True,8.645377992940631,100.0716,,0.0,0.0,0.0,0.0,0,0.9710704960835504,0.9657441253263707,False,False,False,False,0.22504088880451745,0.22983737761392686,False,False,False,False,-13131.0,-12471.872756865903,False,False,False,False,1855.669846439631,False,False,False,False
2025-01-29 16:00:00+00:00,100.325,100.51,100.3,100.47,692.0,,,,,,,,,,,,,,,,,,,,,,,,,,,,,,,,,,,,,,,,,,,,,,,,,,,,,,,,,,,,,,,,,,,,,,,,,#000000,1.2059730399029915,99.59961791310275,0.7217259906301594,49.08109626027906,1.0111899047276793,False,True,False,False,True,9.693953026445499,100.0976,,0.0,0.0,0.0,0.0,1,0.9776103787403218,0.9672525632977608,False,False,False,False,0.241028584115058,0.23543298086449244,False,False,False,False,-12439.0,-12471.363101720695,False,False,False,False,1837.6284534715749,False,False,False,False
2025-01-29 17:00:00+00:00,100.475,100.77,100.475,100.645,325.0,,,,,,,,,,,,,,,,,,,,,,,,,,,,,,,,,,,,,,,,,,,,,,,,,,,,,,,,,,,,,,,,,,,,,,,,,#000000,1.191193749794481,99.60245271402026,0.8752121862288226,51.31708197855916,-4.40154425415345,False,True,False,False,True,10.899844243905662,100.115,,0.0,0.0,0.0,0.0,1,0.980931310577328,0.9728192161820481,False,False,False,False,0.27160724846652384,0.25352011466550817,False,False,False,False,-12114.0,-12465.822588515723,False,False,False,False,1814.176849541783,False,False,False,False
2025-01-29 18:00:00+00:00,100.645,100.735,100.475,100.665,911.0,,,,,,,,,,,,,,,,,,,,,,,,,,,,,,,,,,,,,,,,,,,,,,,,,,,,,,,,,,,,,,,,,,,,,,,,,"rgba(38, 166, 154, 0.5)",1.1749414514835614,99.61001989111197,0.897900152859482,52.98998976750376,-2.493180707686406,False,True,True,False,True,11.037579619133165,100.1468,,0.0,0.0,0.0,0.0,0,0.9834002960456754,0.9709240854303235,False,False,False,False,0.2691291902215161,0.2613246524435121,False,False,False,False,-11203.0,-12446.243943732532,False,False,False,False,1800.1741076884218,False,False,False,False
2025-01-29 19:00:00+00:00,100.5,101.025,100.38,100.69,1128.0,,,,,,,,,,,,,,,,,,,,,,,,,,,,,,,,,,,,,,,,,,,,,,,,,,,,,,,,,,,,,,,,,,,,,,,,,"rgba(38, 166, 154, 0.5)",1.13347924471429,99.72812717469535,0.8486020628874477,54.354055327952,-0.8955031994610181,False,True,True,False,True,11.212405840675366,100.1841,,0.0,0.0,0.0,0.0,0,0.9868738842801635,0.957366376141972,False,False,False,False,0.28297759886863216,0.27215112565607213,False,False,False,False,-10075.0,-12409.480471736679,False,False,False,False,1789.7528036932524,False,False,False,False
2025-01-29 20:00:00+00:00,100.705,100.96,100.58,100.945,1928.0,,,,,,,,,,,,,,,,,,,,,,,,,,,,,,,,,,,,,,,,,,,,,,,,,,,,,,,,,,,,,,,,,,,,,,,,,"rgba(38, 166, 154, 0.5)",1.0954505099819407,99.7546641024979,1.0866176852861373,57.609381746206495,2.393784564641919,False,True,True,False,True,12.976856632026742,100.22120000000001,,0.0,0.0,0.0,0.0,0,0.9905660377358487,0.9588050314465411,False,False,False,False,0.2926269770362111,0.2823890513461416,False,False,False,False,-8147.0,-12343.39550318262,False,False,False,False,1791.896171077853,False,False,False,False
2025-01-30 15:00:00+00:00,99.89,100.38,99.87,100.14,441.0,,,,,,,,,,,,,,,,,,,,,,,,,,,,,,,,,,,,,,,,,,,,,,,,,,,,,,,,,,,,,,,,,,,,,,,,,#000000,1.0555912394789633,99.74597382074256,0.37327534041673904,51.91329521594328,7.46814190192859,False,True,False,False,False,5.779026887276103,100.24,,0.0,0.0,0.0,0.0,0,0.9695347879785919,0.9609921778509675,False,False,False,False,0.20229595439609882,0.24234250287112022,False,False,False,False,-8588.0,-12285.172317086766,False,False,False,False,1770.9520443944755,False,False,False,False
2025-01-30 16:00:00+00:00,100.165,100.33,100.01,100.18,2343.0,,,,,,,,,,,,,,,,,,,,,,,,,,,,,,,,,,,,,,,,,,,,,,,,,,,,,,,,,,,,,,,,,,,,,,,,,"rgba(239, 83, 80, 1.0)",1.0137999074038808,99.72448342564607,0.44931605440802835,48.515583778688395,4.405127423789047,False,True,False,True,False,6.064990650113028,100.26429999999999,,0.0,0.0,0.0,0.0,1,0.972453489567273,0.9633055812519272,False,False,False,False,0.20847772275451604,0.22541011281281814,False,False,False,False,-6245.0,-12191.526234651312,False,False,False,False,1779.821004946499,False,False,False,False
2025-01-30 17:00:00+00:00,100.185,100.215,99.87,100.01,3577.0,,,,,,,,,,,,,,,,,,,,,,,,,,,,,,,,,,,,,,,,,,,,,,,,,,,,,,,,,,,,,,,,,,,,,,,,,"rgba(239, 83, 80, 1.0)",0.9652727150470357,99.70201700801599,0.31906319031198555,45.02787397774515,1.2448129109699266,False,True,False,True,False,4.6382085920846805,100.2852,,0.0,0.0,0.0,0.0,1,0.9672382118799754,0.9632578077158603,False,False,False,False,0.19100185473308967,0.2082059837729539,False,False,False,False,-9822.0,-12154.789393804005,False,False,False,False,1807.6842451798864,False,False,False,False
2025-01-30 18:00:00+00:00,100.005,100.29,99.985,100.29,2887.0,,,,,,,,,,,,,,,,,,,,,,,,,,,,,,,,,,,,,,,,,,,,,,,,,,,,,,,,,,,,,,,,,,,,,,,,,"rgba(239, 83, 80, 1.0)",0.9124629722216313,99.70173539807713,0.6446996972278096,45.59522656413509,1.2448129109699266,False,True,False,True,False,6.659755689012822,100.3117,,0.0,0.0,0.0,0.0,1,0.9697738107313113,0.9619636880008113,False,False,False,False,0.2040115634100916,0.20610877359152274,False,False,False,False,-6935.0,-12073.862426458207,False,False,False,False,1824.4178227739967,False,False,False,False
2025-01-30 19:00:00+00:00,100.285,100.485,100.19,100.38,982.0,,,,,,,,,,,,,,,,,,,,,,,,,,,,,,,,,,,,,,,,,,,,,,,,,,,,,,,,,,,,,,,,,,,,,,,,,"rgba(239, 83, 80, 1.0)",0.8550753246414408,99.70503023995097,0.7893687732505427,46.8295311148287,1.2448129109699266,False,True,False,True,False,7.297737883320938,100.34,,0.0,0.0,0.0,0.0,1,0.9740875176446862,0.958257713248639,False,False,False,False,0.2316303508450446,0.2188695622182837,False,False,False,False,-5953.0,-11978.965334575132,False,False,False,False,1811.35708133564,False,False,False,False
2025-01-30 20:00:00+00:00,100.375,100.42,98.94,99.57,6436.0,,,,,,,,,,,,,,,,,,,,,,,,,,,,,,,,,,,,,,,,,,,,,,,,,,,,,,,,,,,,,,,,,,,,,,,,,"rgba(239, 83, 80, 1.0)",0.8103777731002919,99.65717055268085,-0.1075677980991114,42.26215820032315,-1.4794643793837992,False,True,False,True,False,0.7992353954894433,100.3521,,0.0,0.0,0.0,0.0,0,0.9503622478950458,0.9607401605639319,False,False,False,False,0.14190293819924923,0.18038625020876647,False,False,False,False,-12389.0,-11985.322461170867,False,False,False,False,1883.0569715474905,False,False,False,False
2025-01-31 15:00:00+00:00,99.42,100.01,99.36,99.995,2033.0,,,,,,,,,,,,,,,,,,,,,,,,,,,,,,,,,,,,,,,,,,,,,,,,,,,,,,,,,,,,,,,,,,,,,,,,,"rgba(239, 83, 80, 1.0)",0.7795307146835122,99.65057084882145,0.4418416679301685,42.83313451154439,-1.4794643793837992,False,True,False,True,False,3.8089720071840816,100.37270000000001,,0.0,0.0,0.0,0.0,0,0.9591067285382828,0.9691608662026295,False,False,False,False,0.14257503738093488,0.16148064379485066,False,False,False,False,-10356.0,-11960.06164781938,False,False,False,False,1885.3816696630333,False,False,False,False
2025-01-31 16:00:00+00:00,99.99,100.35,99.87,100.19,4375.0,,,,,,,,,,,,,,,,,,,,,,,,,,,,,,,,,,,,,,,,,,,,,,,,,,,,,,,,,,,,,,,,,,,,,,,,,"rgba(239, 83, 80, 1.0)",0.7258687122250405,99.65858689125058,0.7321063710274172,44.65664851087715,-1.4794643793837992,False,True,False,True,False,5.135739381686328,100.3972,,0.0,0.0,0.0,0.0,0,0.9692528735632183,0.9629310344827589,False,False,False,False,0.20023877233960793,0.18085970806722929,False,False,False,False,-5981.0,-11867.36301762063,False,False,False,False,1923.9804034667072,False,False,False,False
2025-01-31 17:00:00+00:00,100.205,100.865,100.08,100.125,4164.0,,,,,,,,,,,,,,,,,,,,,,,,,,,,,,,,,,,,,,,,,,,,,,,,,,,,,,,,,,,,,,,,,,,,,,,,,"rgba(239, 83, 80, 0.75)",0.6814163376564107,99.73833125569317,0.5674485963114679,45.41895601682239,-1.4794643793837992,False,True,False,True,True,4.6309570742865205,100.397,,0.0,0.0,0.0,0.0,0,0.9734209774221204,0.9609412213013244,False,False,False,False,0.2504687778807611,0.2156642429739952,False,False,False,False,-10145.0,-11840.659715021859,False,False,False,False,1958.7093894594716,False,False,False,False
2025-01-31 18:00:00+00:00,100.06,100.405,99.275,99.61,2555.0,,,,,,,,,,,,,,,,,,,,,,,,,,,,,,,,,,,,,,,,,,,,,,,,,,,,,,,,,,,,,,,,,,,,,,,,,"rgba(239, 83, 80, 0.75)",0.6779341101150671,99.71171661131626,-0.15003908167269903,42.787784801001045,-1.5643139416949623,False,True,False,True,True,0.7721312547276575,100.38119999999999,,0.0,0.0,0.0,0.0,0,0.9581574256496855,0.969227882540576,False,False,False,False,0.1634768050538146,0.1895705240139049,False,False,False,False,-12700.0,-11853.982820215318,False,False,False,False,1967.9542051267667,False,False,False,False
2025-01-31 19:00:00+00:00,99.58,99.645,99.2,99.325,1822.0,,,,,,,,,,,,,,,,,,,,,,,,,,,,,,,,,,,,,,,,,,,,,,,,,,,,,,,,,,,,,,,,,,,,,,,,,"rgba(239, 83, 80, 1.0)",0.6778687786592116,99.68684837352026,-0.5338029791488215,39.64478178597314,-4.700097841159497,False,True,False,True,False,0.0,100.36320000000002,,0.0,0.0,0.0,0.0,0,0.9611367272042907,0.9842853110002824,False,False,False,False,0.10744751148207213,0.14850901774798853,False,False,False,False,-14522.0,-11895.347427653842,False,False,False,False,1965.6913492333283,False,False,False,False
2025-01-31 20:00:00+00:00,99.25,99.52,98.94,99.16,3749.0,,,,,,,,,,,,,,,,,,,,,,,,,,,,,,,,,,,,,,,,,,,,,,,,,,,,,,,,,,,,,,,,,,,,,,,,,"rgba(239, 83, 80, 1.0)",0.675950068788624,99.63993591549661,-0.7100168158229624,36.799519005024976,-7.482418924966979,False,True,False,True,False,0.0,100.3426,,0.0,0.0,0.0,0.0,0,0.9580138395361883,0.9784926126800076,False,False,False,False,0.08185899255969674,0.11518400515384264,False,False,False,False,-18271.0,-11994.194754356884,False,False,False,False,1993.3395453692456,False,False,False,False
2025-02-03 15:00:00+00:00,95.25,96.16,94.68,96.055,8589.0,,,,,,,,,,,,,,,,,,,,,,,,,,,,,,,,,,,,,,,,,,,,,,,,,,,,,,,,,,,,,,,,,,,,,,,,,"rgba(239, 83, 80, 1.0)",0.8105464345257297,98.89189187487521,-3.4999745283379604,28.804270589806208,-14.866582295294158,False,True,False,True,False,0.0,100.26109999999998,,0.0,0.0,0.0,0.0,0,0.9316587267215245,0.9859679514941535,False,False,False,False,-0.34282825441539394,-0.11382212463077565,False,False,False,False,-26860.0,-12224.67235506453,True,False,False,False,2095.597846991428,False,False,False,False
2025-02-03 16:00:00+00:00,96.01,96.545,95.31,96.45,5451.0,,,,,,,,,,,,,,,,,,,,,,,,,,,,,,,,,,,,,,,,,,,,,,,,,,,,,,,,,,,,,,,,,,,,,,,,,"rgba(239, 83, 80, 1.0)",0.9003399107863688,98.74736141661458,-2.5516600886969814,25.730267042502717,-17.49525694373267,False,True,False,True,False,0.0,100.18630000000002,,0.0,0.0,0.0,0.0,0,0.9426887598223436,0.9836009566108644,False,False,False,False,-0.27814271507965815,-0.19598241985521692,False,False,False,False,-21409.0,-12367.065031730195,False,False,False,False,2147.6195857977623,False,False,False,False
2025-02-03 17:00:00+00:00,96.44,97.15,96.405,96.84,3620.0,,,,,,,,,,,,,,,,,,,,,,,,,,,,,,,,,,,,,,,,,,,,,,,,,,,,,,,,,,,,,,,,,,,,,,,,,"rgba(239, 83, 80, 1.0)",0.9635528616100772,98.69717242257377,-1.9274214177211522,25.808933654593233,-17.49525694373267,False,True,False,True,False,0.0,100.12129999999999,,0.0,0.0,0.0,0.0,0,0.9719522591645352,0.9694799658994031,False,False,False,False,-0.17442544524648934,-0.18520393255085313,False,False,False,False,-17789.0,-12451.12603899019,False,False,False,False,2170.4471891187272,False,False,False,False
2025-02-03 18:00:00+00:00,96.69,97.44,96.69,97.29,3226.0,,,,,,,,,,,,,,,,,,,,,,,,,,,,,,,,,,,,,,,,,,,,,,,,,,,,,,,,,,,,,,,,,,,,,,,,,"rgba(239, 83, 80, 0.75)",0.9988067520435469,98.66709991094918,-1.378745095717104,28.166827906642183,-17.49525694373267,False,True,False,True,True,0.0,100.0617,,0.0,0.0,0.0,0.0,0,0.9761480349715641,0.9660470248705543,False,False,False,False,-0.14027191310235443,-0.16273792282660376,False,False,False,False,-14563.0,-12483.86827094383,False,False,False,False,2186.8123489773516,False,False,False,False
2025-02-03 19:00:00+00:00,97.3,97.79,97.17,97.735,5740.0,,,,,,,,,,,,,,,,,,,,,,,,,,,,,,,,,,,,,,,,,,,,,,,,,,,,,,,,,,,,,,,,,,,,,,,,,"rgba(239, 83, 80, 0.75)",1.0246967250744143,98.64030337888592,-0.8834842121898792,31.845051119653167,-17.49525694373267,False,True,False,True,True,0.0,100.01360000000001,,0.0,0.0,0.0,0.0,0,0.9890789028107008,0.9549610565526583,False,False,False,False,-0.0915189300916455,-0.12712842645912464,False,False,False,False,-8823.0,-12427.110623332297,False,False,False,False,2241.900529613362,False,False,False,False
2025-02-03 20:00:00+00:00,97.735,97.905,97.46,97.63,20435.0,,,,,,,,,,,,,,,,,,,,,,,,,,,,,,,,,,,,,,,,,,,,,,,,,,,,,,,,,,,,,,,,,,,,,,,,,"rgba(239, 83, 80, 0.75)",1.0520309958437861,98.54877555599495,-0.8733350629636601,33.978598111655,-22.87048608992516,False,True,False,True,True,0.0,99.9593,,0.0,0.0,0.0,0.0,0,0.9953660797034287,0.9467520431375853,False,False,False,False,-0.06790047621601386,-0.09751445133756925,False,False,False,False,-29258.0,-12688.054644675982,False,False,False,False,2523.964087293775,False,False,False,False
2025-02-04 15:00:00+00:00,99.02,99.07,98.22,98.22,3347.0,,,,,,,,,,,,,,,,,,,,,,,,,,,,,,,,,,,,,,,,,,,,,,,,,,,,,,,,,,,,,,,,,,,,,,,,,"rgba(239, 83, 80, 0.75)",1.0644810223046248,98.55652799270153,-0.3161427828679774,38.14995830908936,-18.837193845949333,False,True,False,True,True,0.0,99.9184,,0.0,0.0,0.0,0.0,0,0.9977724610180675,0.9301212771223496,False,False,False,False,0.04377683937834189,-0.02686880597961368,False,False,False,False,-25911.0,-12893.061549409686,False,False,False,False,2536.7243340023983,False,False,False,False
2025-02-04 16:00:00+00:00,98.3,98.52,97.75,97.98,4069.0,,,,,,,,,,,,,,,,,,,,,,,,,,,,,,,,,,,,,,,,,,,,,,,,,,,,,,,,,,,,,,,,,,,,,,,,,"rgba(239, 83, 80, 0.75)",1.0823708003957804,98.55116835480557,-0.5277011857643525,40.03829753160146,-16.94656594970035,False,True,False,True,True,0.0,99.87460000000002,,0.0,0.0,0.0,0.0,0,0.9944230296071513,0.9389813827606003,False,False,False,False,-0.015356787678733589,-0.021112796829173636,False,False,False,False,-29980.0,-13157.975323837441,False,False,False,False,2560.4805458783303,False,False,False,False
2025-02-04 17:00:00+00:00,98.005,98.14,97.42,97.48,888.0,,,,,,,,,,,,,,,,,,,,,,,,,,,,,,,,,,,,,,,,,,,,,,,,,,,,,,,,,,,,,,,,,,,,,,,,,"rgba(239, 83, 80, 0.75)",1.1125996948952188,98.54722112757956,-0.9592139315480085,39.56019020395742,-16.94656594970035,False,True,False,True,True,0.0,99.81939999999999,,0.0,0.0,0.0,0.0,0,0.9865522646646314,0.9585842752248163,False,False,False,False,-0.05655715823045433,-0.038834977529813984,False,False,False,False,-30868.0,-13432.549349824458,False,False,False,False,2534.55061493448,False,False,False,False
2025-02-04 18:00:00+00:00,97.475,97.975,97.42,97.92,769.0,,,,,,,,,,,,,,,,,,,,,,,,,,,,,,,,,,,,,,,,,,,,,,,,,,,,,,,,,,,,,,,,,,,,,,,,,"rgba(239, 83, 80, 0.75)",1.1328403472034818,98.5443593054262,-0.5511450108282985,41.39726409427507,-15.119034544519593,False,True,False,True,True,0.0,99.7718,,0.0,0.0,0.0,0.0,0,0.9845785914563745,0.9627247237341249,False,False,False,False,-0.0661542872085173,-0.05249463236916564,False,False,False,False,-30099.0,-13690.94393354811,False,False,False,False,2507.177737183558,False,False,False,False
2025-02-04 19:00:00+00:00,97.92,98.2,97.83,98.085,1660.0,,,,,,,,,,,,,,,,,,,,,,,,,,,,,,,,,,,,,,,,,,,,,,,,,,,,,,,,,,,,,,,,,,,,,,,,,"rgba(239, 83, 80, 0.75)",1.1464000567384596,98.54151056102087,-0.3982122631079266,43.40103716889517,-12.904256409519881,False,True,False,True,True,0.0,99.72309999999999,,0.0,0.0,0.0,0.0,0,0.991483380188523,0.9587398710104182,False,False,False,False,-0.029270872996584957,-0.0408827526828753,False,False,False,False,-28439.0,-13919.595965586122,False,False,False,False,2494.0431986225726,False,False,False,False
2025-02-04 20:00:00+00:00,98.035,98.105,97.53,97.575,4224.0,,,,,,,,,,,,,,,,,,,,,,,,,,,,,,,,,,,,,,,,,,,,,,,,,,,,,,,,,,,,,,,,,,,,,,,,,"rgba(239, 83, 80, 0.75)",1.1685841629706435,98.52508967532025,-0.813026314600252,42.70011776728042,-12.904256409519881,False,True,False,True,True,0.0,99.66689999999998,,0.0,0.0,0.0,0.0,0,0.9873365677164705,0.9550201463695417,False,False,False,False,-0.0521983707016817,-0.0465405616922785,False,False,False,False,-32663.0,-14210.191376972385,False,False,False,False,2520.8642343028428,False,False,False,False
2025-02-05 15:00:00+00:00,98.09,98.58,97.96,98.45,2392.0,,,,,,,,,,,,,,,,,,,,,,,,,,,,,,,,,,,,,,,,,,,,,,,,,,,,,,,,,,,,,,,,,,,,,,,,,"rgba(239, 83, 80, 0.5)",1.1755023346376614,98.52590764034086,-0.06457464022328496,46.13085521432918,-9.75783949906522,False,False,False,True,True,0.0,99.63380000000001,,0.0,0.0,0.0,0.0,0,0.9931618365353305,0.938944969065451,False,False,False,False,0.00028972203989326536,-0.023125419826192616,False,False,False,False,-30271.0,-14459.196161825526,False,False,False,False,2518.8663391973723,False,False,False,False
2025-02-05 16:00:00+00:00,98.42,98.58,98.28,98.41,1173.0,,,,,,,,,,,,,,,,,,,,,,,,,,,,,,,,,,,,,,,,,,,,,,,,,,,,,,,,,,,,,,,,,,,,,,,,,#000000,1.1835845958339222,98.52697389612312,-0.09883019476162647,48.23887721237086,-7.5614329853142905,True,False,False,False,True,0.0,99.59960000000001,,0.0,0.0,0.0,0.0,0,1.0014659174199854,0.9347666748106523,False,False,False,False,0.018834529719089586,-0.002145445053551515,False,False,False,False,-31444.0,-14722.526453890247,False,False,False,False,2498.0001944036144,False,False,False,False
2025-02-05 17:00:00+00:00,98.41,98.615,98.29,98.54,1082.0,,,,,,,,,,,,,,,,,,,,,,,,,,,,,,,,,,,,,,,,,,,,,,,,,,,,,,,,,,,,,,,,,,,,,,,,,#000000,1.1881245422630495,98.5283264139186,0.009825220897436714,50.21085605167548,-5.498073531978804,True,False,False,False,True,0.0,99.558,,0.0,0.0,0.0,0.0,0,1.001147729135924,0.9408919494999182,False,False,False,False,0.021443139327781933,0.00964884713711521,False,False,False,False,-30362.0,-14964.998911969467,False,False,False,False,2476.0467030175114,False,False,False,False
2025-02-05 18:00:00+00:00,98.545,98.58,98.27,98.32,1700.0,,,,,,,,,,,,,,,,,,,,,,,,,,,,,,,,,,,,,,,,,,,,,,,,,,,,,,,,,,,,,,,,,,,,,,,,,#000000,1.1957317033123107,98.52928159033071,-0.17502387011315743,50.375067618641395,-5.0634423453835495,True,False,False,False,True,0.0,99.5041,,0.0,0.0,0.0,0.0,0,0.9903135774092924,0.9463142341159088,False,False,False,False,0.018254874749077395,0.013951860943096302,False,False,False,False,-32062.0,-15230.06869628002,False,False,False,False,2464.0149711877825,False,False,False,False
2025-02-05 19:00:00+00:00,98.31,98.48,98.265,98.41,1059.0,,,,,,,,,,,,,,,,,,,,,,,,,,,,,,,,,,,,,,,,,,,,,,,,,,,,,,,,,,,,,,,,,,,,,,,,,#000000,1.2019081937927538,98.52978387956777,-0.09966142188430013,50.95277381028814,-4.152897817777706,True,False,False,False,True,0.0,99.4516,,0.0,0.0,0.0,0.0,0,0.9882304526748971,0.9495473251028806,False,False,False,False,0.012169163580862365,0.013060512261979334,False,False,False,False,-31003.0,-15474.610266880329,False,False,False,False,2442.23179333991,False,False,False,False
2025-02-05 20:00:00+00:00,98.42,98.495,97.98,98.46,3960.0,,,,,,,,,,,,,,,,,,,,,,,,,,,,,,,,,,,,,,,,,,,,,,,,,,,,,,,,,,,,,,,,,,,,,,,,,"rgba(38, 166, 154, 1.0)",1.207319549868778,98.52945333164776,-0.057526883959854176,51.6172426039372,-3.1376325033570964,True,False,True,False,True,0.0,99.4015,,0.0,0.0,0.0,0.0,0,0.984268742318722,0.9466612044244163,False,False,False,False,-0.0034767537193983265,0.004791879271290504,False,False,False,False,-27043.0,-15653.965146463579,False,False,False,False,2465.7630833656476,False,False,False,False
2025-02-06 15:00:00+00:00,99.07,99.44,99.07,99.28,2816.0,,,,,,,,,,,,,,,,,,,,,,,,,,,,,,,,,,,,,,,,,,,,,,,,,,,,,,,,,,,,,,,,,,,,,,,,,"rgba(38, 166, 154, 1.0)",1.2054002288499723,98.54581925388975,0.6090763287897409,55.8879850944365,1.1207405156778378,True,False,True,False,True,1.486336761120615,99.3661,,0.0,0.0,0.0,0.0,0,0.9927196246562044,0.939572884646497,False,False,False,False,0.11494606975669355,0.05986897451399203,False,False,False,False,-24227.0,-15786.880415510654,False,False,False,False,2471.193113080909,False,False,False,False
2025-02-06 16:00:00+00:00,99.28,99.48,99.265,99.38,2226.0,,,,,,,,,,,,,,,,,,,,,,,,,,,,,,,,,,,,,,,,,,,,,,,,,,,,,,,,,,,,,,,,,,,,,,,,,"rgba(38, 166, 154, 1.0)",1.2030773304584028,98.55965746683398,0.6818701611254212,59.119275067225615,4.2116748126011885,True,False,True,False,True,1.9886219011162574,99.33409999999999,,0.0,0.0,0.0,0.0,0,1.0007311723129417,0.9384190429766833,False,False,False,False,0.12876669230358243,0.09431783340878723,False,False,False,False,-22001.0,-15883.22335480506,False,False,False,False,2467.391669467251,False,False,False,False
2025-02-06 17:00:00+00:00,99.375,99.59,99.29,99.48,2539.0,,,,,,,,,,,,,,,,,,,,,,,,,,,,,,,,,,,,,,,,,,,,,,,,,,,,,,,,,,,,,,,,,,,,,,,,,"rgba(38, 166, 154, 1.0)",1.2004423996822209,98.57595407456192,0.7530939640897397,61.676908366184136,6.620021159294751,True,False,True,False,True,2.4941314330352924,99.3054,,0.0,0.0,0.0,0.0,0,0.9955987377512041,0.948430493273542,False,False,False,False,0.13672804479288114,0.1155229391008342,False,False,False,False,-19462.0,-15938.708264032888,False,False,False,False,2468.5018761421775,False,False,False,False
2025-02-06 18:00:00+00:00,99.485,99.58,99.35,99.35,2389.0,,,,,,,,,,,,,,,,,,,,,,,,,,,,,,,,,,,,,,,,,,,,,,,,,,,,,,,,,,,,,,,,,,,,,,,,,"rgba(38, 166, 154, 1.0)",1.1998519540808212,98.59024459764879,0.6332076217963358,62.2929844901728,7.281221509710548,True,False,True,False,True,1.7888632073417128,99.28230000000002,,0.0,0.0,0.0,0.0,0,0.9945510939726716,0.9525526029004941,False,False,False,False,0.1396810177577807,0.12760197842930743,False,False,False,False,-21851.0,-16030.37170179982,False,False,False,False,2467.269288915167,False,False,False,False
2025-02-06 19:00:00+00:00,99.335,99.42,99.09,99.28,2584.0,,,,,,,,,,,,,,,,,,,,,,,,,,,,,,,,,,,,,,,,,,,,,,,,,,,,,,,,,,,,,,,,,,,,,,,,,"rgba(38, 166, 154, 1.0)",1.1976171649879301,98.60258291878164,0.5656374182188618,62.09433497039554,7.292057062087423,True,False,True,False,True,1.4067904503657296,99.2595,,0.0,0.0,0.0,0.0,0,0.9871428571428571,0.952773109243697,False,False,False,False,0.11494606975669355,0.12127402409300049,False,False,False,False,-24435.0,-16160.676016500598,False,False,False,False,2469.0790673815986,False,False,False,False
2025-02-06 20:00:00+00:00,99.275,99.74,99.22,99.69,10523.0,,,,,,,,,,,,,,,,,,,,,,,,,,,,,,,,,,,,,,,,,,,,,,,,,,,,,,,,,,,,,,,,,,,,,,,,,"rgba(38, 166, 154, 1.0)",1.1957713105050147,98.73210086913234,0.8010721803177449,63.99704224216302,9.330655169189122,True,False,True,False,True,3.5320829026245626,99.243,,0.0,0.0,0.0,0.0,0,0.9855194477184711,0.9537800976595385,False,False,False,False,0.1414539607584238,0.13136399242571214,False,False,False,False,-13912.0,-16125.812822446325,False,False,False,False,2593.9460585849847,False,False,False,False
2025-02-07 15:00:00+00:00,99.22,99.28,98.7,98.92,1091.0,,,,,,,,,,,,,,,,,,,,,,,,,,,,,,,,,,,,,,,,,,,,,,,,,,,,,,,,,,,,,,,,,,,,,,,,,"rgba(38, 166, 154, 0.75)",1.1969896851293915,98.7300870172979,0.15865882978061585,59.57164074470914,9.330655169189122,True,False,True,False,False,0.0,99.2062,,0.0,0.0,0.0,0.0,0,0.9673741156887228,0.9526425301706197,False,False,False,False,0.08392784166026664,0.1076459170429894,False,False,False,False,-15003.0,-16108.404871710722,False,False,False,False,2570.644569304597,False,False,False,False
2025-02-07 16:00:00+00:00,98.94,99.11,98.74,98.89,2147.0,,,,,,,,,,,,,,,,,,,,,,,,,,,,,,,,,,,,,,,,,,,,,,,,,,,,,,,,,,,,,,,,,,,,,,,,,"rgba(38, 166, 154, 0.75)",1.198573333607873,98.72675603864732,0.1361985593833378,56.436717509504426,11.500204674619894,True,False,True,False,False,0.0,99.1681,,0.0,0.0,0.0,0.0,0,0.9711522427880608,0.9550608637652157,False,False,False,False,0.07634640279207024,0.09199615991752982,False,False,False,False,-17150.0,-16124.553633389625,False,False,False,False,2564.0764364471615,False,False,False,False
2025-02-07 17:00:00+00:00,98.89,99.16,98.77,98.98,787.0,,,,,,,,,,,,,,,,,,,,,,,,,,,,,,,,,,,,,,,,,,,,,,,,,,,,,,,,,,,,,,,,,,,,,,,,,"rgba(38, 166, 154, 0.75)",1.1988716091120803,98.72647053038334,0.2114734119064153,54.93730587202171,10.094233472635409,True,False,True,False,False,0.0,99.1483,,0.0,0.0,0.0,0.0,0,0.9716699801192844,0.9468190854870773,False,False,False,False,0.08101081171803418,0.086503485817782,False,False,False,False,-16363.0,-16128.250476282808,False,False,False,False,2536.524863789066,False,False,False,False
2025-02-07 18:00:00+00:00,98.985,99.25,98.97,99.0,425.0,,,,,,,,,,,,,,,,,,,,,,,,,,,,,,,,,,,,,,,,,,,,,,,,,,,,,,,,,,,,,,,,,,,,,,,,,"rgba(38, 166, 154, 0.75)",1.199443196646609,98.72682633432034,0.22775039822094142,54.078829544506995,9.175129552566489,True,False,True,False,False,0.0,99.12979999999999,,0.0,0.0,0.0,0.0,0,0.9750989445910292,0.9455804749340366,False,False,False,False,0.09795032801595928,0.09222690691687063,False,False,False,False,-15938.0,-16125.300856495476,False,False,False,False,2503.7880441954367,False,False,False,False
2025-02-07 19:00:00+00:00,99.0,99.245,98.94,99.175,814.0,,,,,,,,,,,,,,,,,,,,,,,,,,,,,,,,,,,,,,,,,,,,,,,,,,,,,,,,,,,,,,,,,,,,,,,,,"rgba(38, 166, 154, 0.75)",1.197646434462958,98.72795858622415,0.37326660098671727,54.7736523289992,9.175129552566489,True,False,True,False,False,0.7955886375283541,99.1059,,0.0,0.0,0.0,0.0,0,0.9747313151201904,0.9459348592993679,False,False,False,False,0.09590311926973315,0.0940650130933019,False,False,False,False,-15124.0,-16109.776812208724,False,False,False,False,2477.5897799443446,False,False,False,False
2025-02-07 20:00:00+00:00,99.165,99.64,99.125,99.62,6498.0,,,,,,,,,,,,,,,,,,,,,,,,,,,,,,,,,,,,,,,,,,,,,,,,,,,,,,,,,,,,,,,,,,,,,,,,,"rgba(38, 166, 154, 1.0)",1.195803838352961,98.7566983797889,0.7219425063898198,57.952590285182616,9.175129552566489,True,False,True,False,True,3.150764629714022,99.09299999999999,,0.0,0.0,0.0,0.0,0,0.9779531402538237,0.9399609502115194,False,False,False,False,0.12994510414503255,0.11200505861916722,False,False,False,False,-8626.0,-15993.749264732618,False,False,False,False,2539.921721340556,False,False,False,False
2025-02-10 15:00:00+00:00,99.15,99.5,99.07,99.24,1050.0,,,,,,,,,,,,,,,,,,,,,,,,,,,,,,,,,,,,,,,,,,,,,,,,,,,,,,,,,,,,,,,,,,,,,,,,,"rgba(38, 166, 154, 1.0)",1.1928389936888886,98.75941279984308,0.4028936031598773,56.82430437339371,9.175129552566489,True,False,True,False,True,1.0475840035730215,99.06609999999999,,0.0,0.0,0.0,0.0,0,0.9753265602322205,0.9408159974197707,False,False,False,False,0.11847037850317002,0.11523771856116863,False,False,False,False,-9676.0,-15895.79966372901,False,False,False,False,2516.822159769384,False,False,False,False
2025-02-10 16:00:00+00:00,99.255,99.34,98.92,98.995,445.0,,,,,,,,,,,,,,,,,,,,,,,,,,,,,,,,,,,,,,,,,,,,,,,,,,,,,,,,,,,,,,,,,,,,,,,,,"rgba(38, 166, 154, 0.75)",1.1915366791070736,98.75991482003633,0.1972957980108899,54.27128975658728,9.137707029834822,True,False,True,False,False,0.0,99.0368,,0.0,0.0,0.0,0.0,0,0.9730898606439213,0.9437770302739064,False,False,False,False,0.10029099872976144,0.10776435864546503,False,False,False,False,-10121.0,-15806.267885996776,False,False,False,False,2484.7008859745097,False,False,False,False
2025-02-10 17:00:00+00:00,99.0,99.07,98.865,98.995,3346.0,,,,,,,,,,,,,,,,,,,,,,,,,,,,,,,,,,,,,,,,,,,,,,,,,,,,,,,,,,,,,,,,,,,,,,,,,#000000,1.1907466315469455,98.76128778676136,0.19627367153247557,52.56928001204966,7.418385795115512,True,False,False,False,False,0.0,99.0103,,0.0,0.0,0.0,0.0,0,0.9811625838790525,0.9476109628910985,False,False,False,False,0.08130245200264735,0.09453340532405619,False,False,False,False,-10121.0,-15718.124197841786,False,False,False,False,2498.054360610564,False,False,False,False
2025-02-10 18:00:00+00:00,98.995,99.3,98.995,99.265,479.0,,,,,,,,,,,,,,,,,,,,,,,,,,,,,,,,,,,,,,,,,,,,,,,,,,,,,,,,,,,,,,,,,,,,,,,,,"rgba(38, 166, 154, 0.75)",1.1880481266982446,98.7622726915341,0.4231539928126129,53.49060364662408,7.418385795115512,True,False,True,False,False,1.1978770805695298,98.9862,,0.0,0.0,0.0,0.0,0,0.9873162061722414,0.9350460494425591,False,False,False,False,0.10233998358353769,0.09843669445379694,False,False,False,False,-9642.0,-15623.920721906254,False,False,False,False,2466.751192229005,False,False,False,False
2025-02-10 19:00:00+00:00,99.265,99.52,99.225,99.385,996.0,,,,,,,,,,,,,,,,,,,,,,,,,,,,,,,,,,,,,,,,,,,,,,,,,,,,,,,,,,,,,,,,,,,,,,,,,"rgba(38, 166, 154, 1.0)",1.1844394956766582,98.76567410455269,0.5228852108595918,54.95642222373883,7.418385795115512,True,False,True,False,True,1.8472008379926876,98.961,,0.0,0.0,0.0,0.0,1,0.992089118501776,0.9304165321278656,False,False,False,False,0.12876669230358243,0.11360169337868968,False,False,False,False,-8646.0,-15515.735904512358,False,False,False,False,2443.948848163439,False,False,False,False
2025-02-10 20:00:00+00:00,99.385,99.585,99.255,99.36,3261.0,,,,,,,,,,,,,,,,,,,,,,,,,,,,,,,,,,,,,,,,,,,,,,,,,,,,,,,,,,,,,,,,,,,,,,,,,"rgba(38, 166, 154, 1.0)",1.1783686310448394,98.77698405749582,0.49476532822095354,55.678382266794394,7.418385795115512,True,False,True,False,True,1.7037372625373912,98.9349,,0.0,0.0,0.0,0.0,1,0.9896001289906482,0.93252176717188,False,False,False,False,0.1343673739181708,0.12398453364843023,False,False,False,False,-11907.0,-15459.786510643948,False,False,False,False,2456.616307881835,False,False,False,False
2025-02-11 15:00:00+00:00,99.14,99.685,98.99,99.68,4544.0,,,,,,,,,,,,,,,,,,,,,,,,,,,,,,,,,,,,,,,,,,,,,,,,,,,,,,,,,,,,,,,,,,,,,,,,,"rgba(38, 166, 154, 1.0)",1.1738123190528453,98.79337126379045,0.7553411408435242,58.44660475066944,4.031686452898327,True,False,True,False,True,3.448421002279069,98.9147,,0.0,0.0,0.0,0.0,1,0.9880637667227431,0.9295041256108303,False,False,False,False,0.12464502835772491,0.12431478100307758,False,False,False,False,-7363.0,-15334.254936835514,False,False,False,False,2488.978845744132,False,False,False,False
2025-02-11 16:00:00+00:00,99.685,99.875,99.62,99.62,1512.0,,,,,,,,,,,,,,,,,,,,,,,,,,,,,,,,,,,,,,,,,,,,,,,,,,,,,,,,,,,,,,,,,,,,,,,,,"rgba(38, 166, 154, 1.0)",1.171574527665113,98.80099077789889,0.6990671124724419,59.59574652175152,5.255194244423606,True,False,True,False,True,3.092772551958017,98.8882,,0.0,0.0,0.0,0.0,0,0.9989567450445392,0.9265709012117804,False,False,False,False,0.17323114975546483,0.1487729653792712,False,False,False,False,-8875.0,-15234.111449442715,False,False,False,False,2473.8318868953857,False,False,False,False
2025-02-11 17:00:00+00:00,99.61,99.66,99.45,99.57,2175.0,,,,,,,,,,,,,,,,,,,,,,,,,,,,,,,,,,,,,,,,,,,,,,,,,,,,,,,,,,,,,,,,,,,,,,,,,"rgba(38, 166, 154, 1.0)",1.1690990332514215,98.80967806828265,0.6503486104190722,59.74909226306711,5.614421755784399,True,False,True,False,True,2.792877549487521,98.8768,,0.0,0.0,0.0,0.0,0,0.9929616891945936,0.9276973526353672,False,False,False,False,0.1503321703621234,0.14955256787069732,False,False,False,False,-11050.0,-15169.241504490114,False,False,False,False,2469.1988343853795,False,False,False,False
2025-02-11 18:00:00+00:00,99.56,99.72,99.48,99.67,1424.0,,,,,,,,,,,,,,,,,,,,,,,,,,,,,,,,,,,,,,,,,,,,,,,,,,,,,,,,,,,,,,,,,,,,,,,,,"rgba(38, 166, 154, 1.0)",1.1613891301848707,98.81575798920332,0.7355347046004324,60.68534382431429,6.7541993140270975,True,False,True,False,True,3.3543803796368934,98.8666,,0.0,0.0,0.0,0.0,0,1.0062948914534746,0.9260753772899682,False,False,False,False,0.1556703209221433,0.15261144439642033,False,False,False,False,-9626.0,-15083.299775738327,False,False,False,False,2452.9942012941333,False,False,False,False
2025-02-11 19:00:00+00:00,99.67,99.85,99.63,99.735,990.0,,,,,,,,,,,,,,,,,,,,,,,,,,,,,,,,,,,,,,,,,,,,,,,,,,,,,,,,,,,,,,,,,,,,,,,,,"rgba(38, 166, 154, 1.0)",1.1472333465129099,98.82058732825831,0.7970590068019756,61.85614876752896,8.095426181408918,True,False,True,False,True,3.7220134873673807,98.86110000000001,,0.0,0.0,0.0,0.0,0,1.010602136613791,0.9153447717707994,False,False,False,False,0.1723357582568724,0.16247360132664634,False,False,False,False,-8636.0,-14983.34163968037,False,False,False,False,2430.3121206539145,False,False,False,False
2025-02-11 20:00:00+00:00,99.735,99.92,99.66,99.73,2697.0,,,,,,,,,,,,,,,,,,,,,,,,,,,,,,,,,,,,,,,,,,,,,,,,,,,,,,,,,,,,,,,,,,,,,,,,,"rgba(38, 166, 154, 1.0)",1.1322337882925109,98.90073465376814,0.732415296917128,62.5558829598425,8.98468588940289,True,False,True,False,True,3.6903195019940043,98.84989999999999,,0.0,0.0,0.0,0.0,0,1.0102372440688985,0.9164770880727978,False,False,False,False,0.17831027742017408,0.1703919393734102,False,False,False,False,-11333.0,-14926.747195654318,False,False,False,False,2434.4468164577297,False,False,False,False
2025-02-12 15:00:00+00:00,98.36,98.82,98.15,98.8,3212.0,,,,,,,,,,,,,,,,,,,,,,,,,,,,,,,,,,,,,,,,,,,,,,,,,,,,,,,,,,,,,,,,,,,,,,,,,"rgba(38, 166, 154, 0.75)",1.1194344534162577,98.84918135067589,-0.04393410487394259,53.612893555530924,7.814245353548635,True,False,True,False,False,0.0,98.8183,,0.0,0.0,0.0,0.0,0,0.9917355371900829,0.9230769230769227,False,False,False,False,0.025211655480669698,0.09780179742703995,False,False,False,False,-14545.0,-14920.828634481382,False,False,False,False,2446.501904574664,False,False,False,False
2025-02-12 16:00:00+00:00,98.8,98.8,98.12,98.57,2470.0,,,,,,,,,,,,,,,,,,,,,,,,,,,,,,,,,,,,,,,,,,,,,,,,,,,,,,,,,,,,,,,,,,,,,,,,,"rgba(239, 83, 80, 1.0)",1.1058500378921943,98.80838014176575,-0.21556281014388165,46.34839915716811,1.51144534875138,False,True,False,True,False,0.0,98.7983,,0.0,0.0,0.0,0.0,0,0.9966584453814943,0.9267244808656214,False,False,False,False,0.022312738957564984,0.06005726819230247,False,False,False,False,-17015.0,-14953.296407590196,False,False,False,False,2446.8662161316456,False,False,False,False
2025-02-12 17:00:00+00:00,98.59,98.76,98.5,98.715,1500.0,,,,,,,,,,,,,,,,,,,,,,,,,,,,,,,,,,,,,,,,,,,,,,,,,,,,,,,,,,,,,,,,,,,,,,,,,"rgba(239, 83, 80, 1.0)",1.0913586540233113,98.80790008182241,-0.08512332905404578,43.141429827172345,-0.9658644840261843,False,True,False,True,False,0.0,98.77269999999999,,0.0,0.0,0.0,0.0,0,1.000638111190875,0.9239052404881546,False,False,False,False,0.04203526980719618,0.051046268999749324,False,False,False,False,-15515.0,-14962.004990418254,False,False,False,False,2432.1861197575117,False,False,False,False
2025-02-12 18:00:00+00:00,98.715,98.77,98.38,98.4,388.0,,,,,,,,,,,,,,,,,,,,,,,,,,,,,,,,,,,,,,,,,,,,,,,,,,,,,,,,,,,,,,,,,,,,,,,,,"rgba(239, 83, 80, 1.0)",1.0800266179568718,98.80601290857656,-0.37592861307865455,39.17183756753644,-4.307223667030904,False,True,False,True,False,0.0,98.7369,,0.0,0.0,0.0,0.0,0,0.996973317403425,0.9236957387495017,False,False,False,False,0.035651614017223596,0.04334894150848646,False,False,False,False,-15903.0,-14976.59406033425,False,False,False,False,2400.4933116992556,False,False,False,False
2025-02-12 19:00:00+00:00,98.4,98.505,98.315,98.34,3103.0,,,,,,,,,,,,,,,,,,,,,,,,,,,,,,,,,,,,,,,,,,,,,,,,,,,,,,,,,,,,,,,,,,,,,,,,,"rgba(239, 83, 80, 1.0)",1.0757326143877586,98.78660890452332,-0.4151672065622912,36.202042932100376,-6.838807220496712,False,True,False,True,False,0.0,98.70120000000001,,0.0,0.0,0.0,0.0,0,0.9946365674031381,0.9321165545949402,False,False,False,False,0.01651598187347618,0.02993246169098132,False,False,False,False,-19006.0,-15039.065470251548,False,False,False,False,2411.3848882620578,False,False,False,False
2025-02-12 20:00:00+00:00,98.31,98.695,98.3,98.65,3684.0,,,,,,,,,,,,,,,,,,,,,,,,,,,,,,,,,,,,,,,,,,,,,,,,,,,,,,,,,,,,,,,,,,,,,,,,,"rgba(239, 83, 80, 1.0)",1.0691099143721727,98.77967019339002,-0.12128799073588267,37.77745662805492,-6.838807220496712,False,True,False,True,False,0.0,98.682,,0.0,0.0,0.0,0.0,0,0.9883477981356478,0.9369173899067821,False,False,False,False,0.026661269583932924,0.028296865637457123,False,False,False,False,-15322.0,-15043.452052108112,False,False,False,False,2431.115355110708,False,False,False,False
2025-02-13 15:00:00+00:00,99.0,99.18,98.75,99.16,2942.0,,,,,,,,,,,,,,,,,,,,,,,,,,,,,,,,,,,,,,,,,,,,,,,,,,,,,,,,,,,,,,,,,,,,,,,,,"rgba(239, 83, 80, 0.75)",1.0584331995160132,98.79229640740407,0.3474036838263095,43.17181489032014,-14.303813538469662,False,True,False,True,True,0.5272453464655378,98.67869999999999,,0.0,0.0,0.0,0.0,0,0.9932421560740147,0.9293644408688653,False,False,False,False,0.08101081171803418,0.05465383867774565,False,False,False,False,-12380.0,-15002.15822184287,False,False,False,False,2439.0360472795346,False,False,False,False
2025-02-13 16:00:00+00:00,99.165,99.49,99.09,99.27,2524.0,,,,,,,,,,,,,,,,,,,,,,,,,,,,,,,,,,,,,,,,,,,,,,,,,,,,,,,,,,,,,,,,,,,,,,,,,#000000,1.0427803056088247,98.80758426398906,0.4434450224306442,47.54784076773223,-10.2947479041122,False,True,False,False,True,1.159227184149188,98.68090000000001,98.6626,0.0,0.0,0.0,0.0,0,1.0001611863313995,0.9213410702772404,False,False,False,False,0.11905804585794026,0.08685594226784296,False,False,False,False,-9856.0,-14922.372823054608,False,False,False,False,2440.3533178643484,False,False,False,False
2025-02-13 17:00:00+00:00,99.265,99.51,99.155,99.17,4326.0,,,,,,,,,,,,,,,,,,,,,,,,,,,,,,,,,,,,,,,,,,,,,,,,,,,,,,,,,,,,,,,,,,,,,,,,,#000000,1.0256880793086682,98.82779857988531,0.33363107851008716,49.538124534163785,-8.424643523004995,False,True,False,False,True,0.5643798210558195,98.74320000000002,98.67542499999999,0.0,0.0,0.0,0.0,0,0.9934564731218424,0.9295949639691873,False,False,False,False,0.12405656621658247,0.10545625424221272,False,False,False,False,-14182.0,-14910.894174635156,False,False,False,False,2469.5881501455215,False,False,False,False
2025-02-13 18:00:00+00:00,99.17,99.525,99.09,99.47,1981.0,,,,,,,,,,,,,,,,,,,,,,,,,,,,,,,,,,,,,,,,,,,,,,,,,,,,,,,,,,,,,,,,,,,,,,,,,"rgba(38, 166, 154, 0.5)",1.0220144389945687,98.83701209114156,0.6193531957152741,53.07903026694331,-4.996232447824248,False,False,True,False,True,2.302569833874358,98.80359999999999,98.688925,0.0,0.0,0.0,0.0,0,0.9993363198938116,0.9209391073502571,False,False,False,False,0.12111552901887507,0.1132858916305439,False,False,False,False,-12201.0,-14868.880311462517,False,False,False,False,2462.0131400657456,False,False,False,False
2025-02-13 19:00:00+00:00,99.45,99.985,99.45,99.865,1682.0,,,,,,,,,,,,,,,,,,,,,,,,,,,,,,,,,,,,,,,,,,,,,,,,,,,,,,,,,,,,,,,,,,,,,,,,,"rgba(38, 166, 154, 1.0)",1.0214308459082495,98.8502460517246,0.9934631916985882,57.75950240955637,-0.5327935917450191,True,False,True,False,True,4.513979463477412,98.8641,98.70285,0.0,0.0,0.0,0.0,0,1.0014882182720135,0.9140967341876809,False,False,False,False,0.16965121879766581,0.14146855521410484,False,False,False,False,-10519.0,-14801.440306633642,False,False,False,False,2449.919913087982,False,False,False,False
2025-02-13 20:00:00+00:00,99.865,100.465,99.83,100.45,5239.0,,,,,,,,,,,,,,,,,,,,,,,,,,,,,,,,,,,,,,,,,,,,,,,,,,,,,,,,,,,,,,,,,,,,,,,,,"rgba(38, 166, 154, 1.0)",1.0227532704675755,98.90613337125934,1.5095201094148978,63.35064926634213,4.692029116032579,True,False,True,False,True,7.6118711542577415,98.92730000000002,98.71957499999999,0.0,0.0,0.0,0.0,0,1.0074000986679825,0.9065120868278242,False,False,False,False,0.22142445625751134,0.1814465057358081,False,False,False,False,-5280.0,-14653.82107707343,False,False,False,False,2493.161464823052,False,False,False,False
2025-02-14 15:00:00+00:00,101.275,101.595,101.03,101.32,1398.0,,,,,,,,,,,,,,,,,,,,,,,,,,,,,,,,,,,,,,,,,,,,,,,,,,,,,,,,,,,,,,,,,,,,,,,,,"rgba(38, 166, 154, 1.0)",1.0451623866243382,99.07993264747047,2.1432720706343855,69.40306301538033,10.251098840814109,True,False,True,False,True,11.825373422451019,98.999,98.74075,0.0,0.0,0.0,0.0,0,1.0166923263917027,0.898306458147638,False,False,False,False,0.3428282418458971,0.2621373737908526,False,False,False,False,-3882.0,-14486.816099134307,False,False,False,False,2476.1822173064156,False,False,False,False
2025-02-14 16:00:00+00:00,101.31,101.53,101.16,101.29,786.0,,,,,,,,,,,,,,,,,,,,,,,,,,,,,,,,,,,,,,,,,,,,,,,,,,,,,,,,,,,,,,,,,,,,,,,,,"rgba(38, 166, 154, 1.0)",1.0610703715273564,99.09285024485987,2.0706918354316564,73.1523746076909,13.675817665352007,True,False,True,False,True,11.634771185376444,99.0722,98.76265,0.0,0.0,0.0,0.0,0,1.0190923064476989,0.8995226923388074,False,False,False,False,0.3428282419148436,0.3024828078528481,False,False,False,False,-4668.0,-14334.586392170984,False,False,False,False,2449.9778418443007,False,False,False,False
2025-02-14 17:00:00+00:00,101.25,101.34,101.16,101.315,1452.0,,,,,,,,,,,,,,,,,,,,,,,,,,,,,,,,,,,,,,,,,,,,,,,,,,,,,,,,,,,,,,,,,,,,,,,,,"rgba(38, 166, 154, 1.0)",1.07940235382424,99.11364773295634,2.0394177011421526,75.71486280471382,16.15337994899167,True,False,True,False,True,11.752834529037155,99.1341,98.78225,0.0,0.0,0.0,0.0,0,1.028175935785077,0.8981079531493159,False,False,False,False,0.3309985250698726,0.31674066646136034,False,False,False,False,-3216.0,-14162.20520779624,False,False,False,False,2434.505317164544,False,False,False,False
2025-02-14 18:00:00+00:00,101.32,101.345,101.155,101.345,2011.0,,,,,,,,,,,,,,,,,,,,,,,,,,,,,,,,,,,,,,,,,,,,,,,,,,,,,,,,,,,,,,,,,,,,,,,,,"rgba(38, 166, 154, 1.0)",1.1001270933948901,99.14225015229152,2.0022685205497424,77.50624322816093,18.093729059757678,True,False,True,False,True,11.89680406230831,99.20139999999999,98.803825,0.0,0.0,0.0,0.0,0,1.0226691946253406,0.9047893825735719,False,False,False,False,0.3309985250698726,0.32386959576561647,False,False,False,False,-1205.0,-13961.318305349785,False,False,False,False,2427.9393432550164,False,False,False,False
2025-02-14 19:00:00+00:00,101.32,101.44,101.23,101.31,3060.0,,,,,,,,,,,,,,,,,,,,,,,,,,,,,,,,,,,,,,,,,,,,,,,,,,,,,,,,,,,,,,,,,,,,,,,,,"rgba(38, 166, 154, 1.0)",1.1172825382463192,99.18498800672533,1.9019468402415707,78.24689205311867,19.232153528839874,True,False,True,False,True,11.661960449247633,99.278,98.8251,0.0,0.0,0.0,0.0,0,1.0176465737610296,0.9036859899398038,False,False,False,False,0.3415787017086298,0.33272414873712314,False,False,False,False,-4265.0,-13810.987788987772,False,False,False,False,2437.7387332820704,False,False,False,False
2025-02-14 20:00:00+00:00,101.305,101.325,100.995,101.035,4008.0,,,,,,,,,,,,,,,,,,,,,,,,,,,,,,,,,,,,,,,,,,,,,,,,,,,,,,,,,,,,,,,,,,,,,,,,,"rgba(38, 166, 154, 1.0)",1.1248860122431996,99.22648614835619,1.6077307673489052,75.30765014861404,19.232153528839874,True,False,True,False,True,9.824016113990169,99.34030000000001,98.84557500000001,0.0,0.0,0.0,0.0,0,1.0137369416796913,0.9049930081434562,False,False,False,False,0.31987334465871137,0.32629874669791725,False,False,False,False,-8273.0,-13725.12751318951,False,False,False,False,2462.0838692001776,False,False,False,False
2025-02-17 15:00:00+00:00,101.035,101.035,101.035,101.035,0.0,,,,,,,,,,,,,,,,,,,,,,,,,,,,,,,,,,,,,,,,,,,,,,,,,,,,,,,,,,,,,,,,,,,,,,,,,"rgba(38, 166, 154, 0.75)",1.1320741468091833,99.22648614835619,1.5975224385621831,73.34815554561095,19.232153528839874,True,False,True,False,False,9.824016113990169,99.3993,98.86534999999999,0.0,0.0,0.0,0.0,0,1.013526888815573,0.9101781590234246,False,False,False,False,0.304547149874643,0.31542294828628015,False,False,False,False,-8273.0,-13640.59840445789,False,False,False,False,2423.9120262668416,False,False,False,False
2025-02-17 16:00:00+00:00,101.035,101.035,101.035,101.035,0.0,,,,,,,,,,,,,,,,,,,,,,,,,,,,,,,,,,,,,,,,,,,,,,,,,,,,,,,,,,,,,,,,,,,,,,,,,"rgba(38, 166, 154, 0.75)",1.1387673792939497,99.22648614835619,1.5881328219685313,72.04182581027555,19.232153528839874,True,False,True,False,False,9.824016113990147,99.4685,98.885325,0.0,0.0,0.0,0.0,0,1.0131098572850985,0.9133753733820111,False,False,False,False,0.304547149874643,0.30998504908046154,False,False,False,False,-8273.0,-13557.379824543816,False,False,False,False,2386.331994851852,False,False,False,False
2025-02-17 17:00:00+00:00,101.035,101.035,101.035,101.035,0.0,,,,,,,,,,,,,,,,,,,,,,,,,,,,,,,,,,,,,,,,,,,,,,,,,,,,,,,,,,,,,,,,,,,,,,,,,"rgba(38, 166, 154, 0.75)",1.1406398433564022,99.22648614835619,1.5855257574749861,71.17093932005196,19.232153528839874,True,False,True,False,False,9.824016113990147,99.52019999999999,98.90530000000001,0.0,0.0,0.0,0.0,0,1.0104865771812086,0.9207214765100669,False,False,False,False,0.304547149874643,0.30726609947755223,False,False,False,False,-8273.0,-13475.451455171044,False,False,False,False,2349.334599582831,False,False,False,False
2025-02-17 18:00:00+00:00,101.035,101.035,101.035,101.035,0.0,,,,,,,,,,,,,,,,,,,,,,,,,,,,,,,,,,,,,,,,,,,,,,,,,,,,,,,,,,,,,,,,,,,,,,,,,"rgba(38, 166, 154, 0.75)",1.1548195639255034,99.22648614835619,1.5660575107476056,70.59034832656957,19.232153528839874,True,False,True,False,False,9.824016113990147,99.5727,98.925275,0.0,0.0,0.0,0.0,0,1.0190346702923188,0.9191026512576477,False,False,False,False,0.304547149874643,0.30590662467609764,False,False,False,False,-8273.0,-13394.793293075369,False,False,False,False,2312.9108073412367,False,False,False,False
2025-02-17 19:00:00+00:00,101.035,101.035,101.035,101.035,0.0,,,,,,,,,,,,,,,,,,,,,,,,,,,,,,,,,,,,,,,,,,,,,,,,,,,,,,,,,,,,,,,,,,,,,,,,,"rgba(38, 166, 154, 0.75)",1.168287234828373,99.22648614835619,1.5480044613424957,70.20328766424797,19.232153528839874,True,False,True,False,False,9.824016113990137,99.6226,98.94525,0.0,0.0,0.0,0.0,0,1.0233213736545366,0.906799931658978,False,False,False,False,0.304547149874643,0.3052268872753703,False,False,False,False,-8273.0,-13315.385645120712,False,False,False,False,2277.0517250568764,False,False,False,False
2025-02-17 20:00:00+00:00,101.035,101.035,101.035,101.035,0.0,,,,,,,,,,,,,,,,,,,,,,,,,,,,,,,,,,,,,,,,,,,,,,,,,,,,,,,,,,,,,,,,,,,,,,,,,"rgba(38, 166, 154, 0.75)",1.183089488897015,99.22648614835619,1.528636564364943,69.94524722270023,19.232153528839874,True,False,True,False,False,9.824016113990137,99.6769,98.96522499999999,0.0,0.0,0.0,0.0,0,1.0238013404365018,0.9064272211720225,False,False,False,False,0.304547149874643,0.30488701857500666,False,False,False,False,-8273.0,-13237.209123490933,False,False,False,False,2241.748597536615,False,False,False,False
2025-02-18 15:00:00+00:00,100.955,101.37,100.79,101.27,1126.0,,,,,,,,,,,,,,,,,,,,,,,,,,,,,,,,,,,,,,,,,,,,,,,,,,,,,,,,,,,,,,,,,,,,,,,,,"rgba(38, 166, 154, 0.75)",1.199768558762253,99.23810031956229,1.6935763698741386,71.82273891839971,19.232153528839874,True,False,True,False,False,11.156834260776005,99.7341,98.98637500000001,0.0,0.0,0.0,0.0,0,1.0158011615989075,0.9030577382985989,False,False,False,False,0.31004826172795835,0.30746764015148254,False,False,False,False,-7147.0,-13142.787276615105,False,False,False,False,2224.4501696678303,False,False,False,False
2025-02-18 16:00:00+00:00,101.25,101.26,100.96,101.06,1151.0,,,,,,,,,,,,,,,,,,,,,,,,,,,,,,,,,,,,,,,,,,,,,,,,,,,,,,,,,,,,,,,,,,,,,,,,,"rgba(38, 166, 154, 0.75)",1.2106675323447524,99.2491702987849,1.4957283092476974,68.83731156755405,23.870895023212668,True,False,True,False,False,9.579678138499535,99.7861,99.00647500000001,0.0,0.0,0.0,0.0,0,1.0194605667463303,0.9045749402526457,False,False,False,False,0.3137257805056437,0.3105967103285631,False,False,False,False,-8298.0,-13067.674295582314,False,False,False,False,2207.8075313784066,False,False,False,False
2025-02-18 17:00:00+00:00,101.055,101.265,101.015,101.2,1567.0,,,,,,,,,,,,,,,,,,,,,,,,,,,,,,,,,,,,,,,,,,,,,,,,,,,,,,,,,,,,,,,,,,,,,,,,,"rgba(38, 166, 154, 0.75)",1.2301435424920912,99.26496334412286,1.5730169602459885,68.23349073489078,23.009795276584853,True,False,True,False,False,10.384325333646313,99.82449999999999,99.025675,0.0,0.0,0.0,0.0,0,1.0197178310385864,0.9009009009009008,False,False,False,False,0.3174115356117873,0.3140041229701752,False,False,False,False,-6731.0,-12969.431283247703,False,False,False,False,2197.8725308919197,False,False,False,False
2025-02-18 18:00:00+00:00,101.2,101.565,101.195,101.425,1161.0,,,,,,,,,,,,,,,,,,,,,,,,,,,,,,,,,,,,,,,,,,,,,,,,,,,,,,,,,,,,,,,,,,,,,,,,,"rgba(38, 166, 154, 0.75)",1.2516908492043213,99.27893028373086,1.7145365547997409,69.68204450820357,23.009795276584853,True,False,True,False,False,11.661899919284767,99.86540000000001,99.04575000000001,0.0,0.0,0.0,0.0,0,1.0226351351351357,0.8964527027027026,False,False,False,False,0.3428282419882529,0.32841618247921406,False,False,False,False,-5570.0,-12854.711418391149,False,False,False,False,2181.796987777316,False,False,False,False
2025-02-18 19:00:00+00:00,101.42,101.725,101.4,101.655,2453.0,,,,,,,,,,,,,,,,,,,,,,,,,,,,,,,,,,,,,,,,,,,,,,,,,,,,,,,,,,,,,,,,,,,,,,,,,"rgba(38, 166, 154, 1.0)",1.2763876285745757,99.31145235061591,1.8360783173692172,72.1307730993887,23.009795276584853,True,False,True,False,True,12.941773236256687,99.90889999999999,99.068575,0.0,0.0,0.0,0.0,0,1.025955480890383,0.894330113397732,False,False,False,False,0.342828242357476,0.335622212418345,False,False,False,False,-3117.0,-12703.739148338573,False,False,False,False,2186.0016856412335,False,False,False,False
2025-02-18 20:00:00+00:00,101.645,101.73,101.255,101.335,3731.0,,,,,,,,,,,,,,,,,,,,,,,,,,,,,,,,,,,,,,,,,,,,,,,,,,,,,,,,,,,,,,,,,,,,,,,,,"rgba(38, 166, 154, 0.75)",1.2937753714271885,99.52553151926244,1.3985955527515497,68.56318977658734,23.009795276584853,True,False,True,False,False,10.48926978549309,99.94859999999998,99.090425,0.0,0.0,0.0,0.0,0,1.0233333333333339,0.8950833333333331,False,False,False,False,0.33441094597104354,0.3350165791946943,False,False,False,False,-6848.0,-12612.952494875959,False,False,False,False,2209.9551478793537,False,False,False,False
2025-02-19 15:00:00+00:00,100.28,100.955,100.115,100.3,2457.0,,,,,,,,,,,,,,,,,,,,,,,,,,,,,,,,,,,,,,,,,,,,,,,,,,,,,,,,,,,,,,,,,,,,,,,,,"rgba(38, 166, 154, 0.5)",1.2979405967888666,99.50764012662114,0.610474682230583,57.497446540376764,13.125907092316645,False,False,True,False,False,3.283977725835051,99.969,99.107475,0.0,0.0,0.0,0.0,0,1.0078405749754988,0.9036262659261679,False,False,False,False,0.2232327149045729,0.2791246470496336,False,False,False,False,-9305.0,-12561.666409684083,False,False,False,False,2213.78530062541,False,False,False,False
2025-02-19 16:00:00+00:00,100.315,100.645,100.24,100.25,959.0,,,,,,,,,,,,,,,,,,,,,,,,,,,,,,,,,,,,,,,,,,,,,,,,,,,,,,,,,,,,,,,,,,,,,,,,,"rgba(239, 83, 80, 1.0)",1.3017929147113365,99.5041356488729,0.5729516136539171,49.854586369077694,6.665509056561348,False,True,False,True,False,2.960074104330271,99.98020000000001,99.1233,0.0,0.0,0.0,0.0,0,1.0098174442190675,0.909290060851927,False,False,False,False,0.2128137113885144,0.245969179219074,False,False,False,False,-10264.0,-12526.043674650222,False,False,False,False,2194.331264956799,False,False,False,False
2025-02-19 17:00:00+00:00,100.265,100.3,100.02,100.22,1343.0,,,,,,,,,,,,,,,,,,,,,,,,,,,,,,,,,,,,,,,,,,,,,,,,,,,,,,,,,,,,,,,,,,,,,,,,,"rgba(239, 83, 80, 1.0)",1.304978574950916,99.58681112226559,0.48521017117712295,44.58666929394369,2.4087225481894166,False,True,False,True,False,2.7630852851544034,100.0062,99.13985000000001,0.0,0.0,0.0,0.0,0,1.006363636363637,0.9207438016528926,False,False,False,False,0.18126349780911669,0.21361633851409534,False,False,False,False,-11607.0,-12511.794935508358,False,False,False,False,2181.132330616383,False,False,False,False
2025-02-19 18:00:00+00:00,100.22,100.315,100.045,100.265,1438.0,,,,,,,,,,,,,,,,,,,,,,,,,,,,,,,,,,,,,,,,,,,,,,,,,,,,,,,,,,,,,,,,,,,,,,,,,"rgba(239, 83, 80, 1.0)",1.248144388448007,99.58355529639942,0.5459662438957977,41.61692078405555,0.07019032184798846,False,True,False,True,False,3.041387905390259,100.0337,99.15859999999999,0.0,0.0,0.0,0.0,0,1.0032308839367083,0.9232872172976555,False,False,False,False,0.1834847318614227,0.198550535187759,False,False,False,False,-10169.0,-12475.472533407452,False,False,False,False,2169.6108991339584,False,False,False,False
2025-02-19 19:00:00+00:00,100.235,100.72,100.235,100.695,1921.0,,,,,,,,,,,,,,,,,,,,,,,,,,,,,,,,,,,,,,,,,,,,,,,,,,,,,,,,,,,,,,,,,,,,,,,,,"rgba(239, 83, 80, 1.0)",1.205160775786916,99.59737077937032,0.9107740997569123,44.130540768980595,0.07019032184798846,False,True,False,True,False,5.6466731020476395,100.06800000000001,99.180775,0.0,0.0,0.0,0.0,0,1.0051231201454311,0.9166253511816229,False,False,False,False,0.21675056914330798,0.2076505521655335,False,False,False,False,-8248.0,-12409.930323587181,False,False,False,False,2165.756466589246,False,False,False,False
2025-02-19 20:00:00+00:00,100.69,101.075,100.665,101.005,6352.0,,,,,,,,,,,,,,,,,,,,,,,,,,,,,,,,,,,,,,,,,,,,,,,,,,,,,,,,,,,,,,,,,,,,,,,,,#000000,1.1755999541732167,99.65884536801107,1.145078840136274,48.26841515108035,0.07019032184798846,False,True,False,False,True,7.445921926156565,100.10810000000001,99.20459999999999,0.0,0.0,0.0,0.0,0,1.0142351682712096,0.9061960009874103,False,False,False,False,0.2613867792995596,0.23451866573254654,False,False,False,False,-1896.0,-12246.923651903659,False,False,False,False,2230.659467107242,False,False,False,False
2025-02-20 15:00:00+00:00,101.0,101.0,100.24,100.24,1710.0,,,,,,,,,,,,,,,,,,,,,,,,,,,,,,,,,,,,,,,,,,,,,,,,,,,,,,,,,,,,,,,,,,,,,,,,,"rgba(239, 83, 80, 0.75)",1.1471045924176912,99.66082208780132,0.5049041874882316,45.60990138361226,0.07019032184798846,False,True,False,True,True,2.3901958029783863,100.1294,99.224675,0.0,0.0,0.0,0.0,0,1.0071725486999763,0.9086315103105388,False,False,False,False,0.23284910180111115,0.23368388376682886,False,False,False,False,-3606.0,-12112.955843347012,False,False,False,False,2222.5872273071295,False,False,False,False
2025-02-20 16:00:00+00:00,100.25,100.4,100.085,100.085,1774.0,,,,,,,,,,,,,,,,,,,,,,,,,,,,,,,,,,,,,,,,,,,,,,,,,,,,,,,,,,,,,,,,,,,,,,,,,"rgba(239, 83, 80, 1.0)",1.126982509436763,99.65647314506947,0.38024268463996935,43.01176555665169,0.07019032184798846,False,True,False,True,False,1.4213090442907443,100.13870000000001,99.244875,0.0,0.0,0.0,0.0,0,1.0048780487804885,0.9179674796747966,False,False,False,False,0.19043774864034643,0.21206081620358763,False,False,False,False,-5380.0,-12008.568931047057,False,False,False,False,2215.632386573686,False,False,False,False
2025-02-20 17:00:00+00:00,100.05,100.535,100.045,100.345,970.0,,,,,,,,,,,,,,,,,,,,,,,,,,,,,,,,,,,,,,,,,,,,,,,,,,,,,,,,,,,,,,,,,,,,,,,,,"rgba(239, 83, 80, 1.0)",1.1047316334666002,99.65612171348869,0.6235707077108321,43.434662888540714,0.07019032184798846,False,True,False,True,False,2.964950760513112,100.1608,99.26230000000001,0.0,0.0,0.0,0.0,0,1.0104843953185962,0.9152308192457738,False,False,False,False,0.19573420146863618,0.2038975088361119,False,False,False,False,-4410.0,-11890.761660798265,False,False,False,False,2196.320256549288,False,False,False,False
2025-02-20 18:00:00+00:00,100.33,100.685,100.315,100.64,702.0,,,,,,,,,,,,,,,,,,,,,,,,,,,,,,,,,,,,,,,,,,,,,,,,,,,,,,,,,,,,,,,,,,,,,,,,,"rgba(239, 83, 80, 1.0)",1.0967555838976184,99.65807294068995,0.8953016275700266,45.892574021407725,0.07019032184798846,False,True,False,True,False,4.6731487836353836,100.19369999999999,99.279825,0.0,0.0,0.0,0.0,0,1.0090938616433913,0.9166937317310815,False,False,False,False,0.2192848967992421,0.21159120281767702,False,False,False,False,-3708.0,-11763.897138925424,False,False,False,False,2173.1525006337947,False,False,False,False
2025-02-20 19:00:00+00:00,100.63,100.91,100.53,100.845,938.0,,,,,,,,,,,,,,,,,,,,,,,,,,,,,,,,,,,,,,,,,,,,,,,,,,,,,,,,,,,,,,,,,,,,,,,,,#000000,1.0853577813390851,99.66310560767117,1.088944505350705,48.90700476927573,0.07019032184798846,False,True,False,False,True,5.836147677758845,100.2307,99.30042499999999,0.0,0.0,0.0,0.0,0,1.0116495429172403,0.9117385324811907,False,False,False,False,0.2442170565727511,0.22790412969521406,False,False,False,False,-2770.0,-11624.45687320565,False,False,False,False,2154.0028494611774,False,False,False,False
2025-02-20 20:00:00+00:00,100.845,101.105,100.83,100.935,4277.0,,,,,,,,,,,,,,,,,,,,,,,,,,,,,,,,,,,,,,,,,,,,,,,,,,,,,,,,,,,,,,,,,,,,,,,,,"rgba(38, 166, 154, 0.5)",1.0606278652139247,99.69350681585559,1.170526652054359,51.51436078060627,-6.388157933247555,False,True,True,False,True,6.3447687345806365,100.2641,99.3217,0.0,0.0,0.0,0.0,0,1.01833969001055,0.9115475127809785,False,False,False,False,0.2726278605114744,0.25026599510334424,False,False,False,False,1507.0,-11420.868394551298,False,False,False,False,2186.9175339656554,False,False,False,False
2025-02-21 15:00:00+00:00,101.72,101.745,101.465,101.51,2508.0,,,,,,,,,,,,,,,,,,,,,,,,,,,,,,,,,,,,,,,,,,,,,,,,,,,,,,,,,,,,,,,,,,,,,,,,,"rgba(38, 166, 154, 0.5)",1.055685537911136,99.88006996197277,1.5439541222212345,56.460408226571445,-1.4793586401397647,False,False,True,False,True,9.485645432009498,100.3066,99.347325,0.0,0.0,0.0,0.0,0,1.0164711553912908,0.9042262574321065,False,False,False,False,0.34282824244033155,0.2965471187718379,False,False,False,False,4015.0,-11181.552605488487,False,False,False,False,2191.89555669487,False,False,False,False
2025-02-21 16:00:00+00:00,101.51,101.635,101.5,101.565,3626.0,,,,,,,,,,,,,,,,,,,,,,,,,,,,,,,,,,,,,,,,,,,,,,,,,,,,,,,,,,,,,,,,,,,,,,,,,"rgba(38, 166, 154, 0.5)",1.0536820169256722,99.91963117975523,1.5615420912710094,60.01991809136632,2.017952095015339,False,False,True,False,True,9.77688311764555,100.35070000000002,99.373825,0.0,0.0,0.0,0.0,0,1.018764596923573,0.9054522026254327,False,False,False,False,0.3383442089740558,0.31744566387294687,False,False,False,False,7641.0,-10889.73008447316,False,False,False,False,2214.1297341104532,False,False,False,False
2025-02-21 17:00:00+00:00,101.565,101.605,101.08,101.145,1423.0,,,,,,,,,,,,,,,,,,,,,,,,,,,,,,,,,,,,,,,,,,,,,,,,,,,,,,,,,,,,,,,,,,,,,,,,,"rgba(38, 166, 154, 0.5)",1.0278663591401374,99.9270550871486,1.1849253572908707,58.650664151950636,2.017952095015339,False,False,True,False,True,6.9385718597306045,100.38,99.39515000000002,0.0,0.0,0.0,0.0,0,1.0134809821858455,0.9050714171080081,False,False,False,False,0.3117063952919935,0.3145760295824702,False,False,False,False,6218.0,-10624.49395913249,False,False,False,False,2201.864156837423,False,False,False,False
2025-02-21 18:00:00+00:00,101.145,101.145,100.76,100.86,1437.0,,,,,,,,,,,,,,,,,,,,,,,,,,,,,,,,,,,,,,,,,,,,,,,,,,,,,,,,,,,,,,,,,,,,,,,,,"rgba(38, 166, 154, 0.5)",1.0182590379997671,99.92739109693994,0.915885711058398,55.628041027715,2.017952095015339,False,False,True,False,False,5.082103547430883,100.4048,99.41480000000001,0.0,0.0,0.0,0.0,0,1.0106066693451192,0.9128163921253515,False,False,False,False,0.2665072662243803,0.2905416479034253,False,False,False,False,4781.0,-10385.64909154904,False,False,False,False,2190.0057978166874,False,False,False,False
2025-02-21 19:00:00+00:00,100.86,100.875,100.265,100.31,2118.0,,,,,,,,,,,,,,,,,,,,,,,,,,,,,,,,,,,,,,,,,,,,,,,,,,,,,,,,,,,,,,,,,,,,,,,,,#000000,1.002361953830164,99.91760769070467,0.39146768070749915,50.3523640122658,8.258089004768308,False,True,False,False,False,1.6617603009312525,100.41959999999999,99.43125,0.0,0.0,0.0,0.0,0,0.9971179249059329,0.921543511328156,False,False,False,False,0.22318890924561066,0.25686527857451796,False,False,False,False,2663.0,-10183.34445447076,False,False,False,False,2188.8894288582887,False,False,False,False
2025-02-21 20:00:00+00:00,100.31,100.775,100.28,100.46,9979.0,,,,,,,,,,,,,,,,,,,,,,,,,,,,,,,,,,,,,,,,,,,,,,,,,,,,,,,,,,,,,,,,,,,,,,,,,"rgba(239, 83, 80, 1.0)",0.9890463739023879,99.90726943969449,0.5588520163363505,47.980530354170995,5.9038040220890124,False,True,False,True,False,2.5232212512375582,100.43539999999999,99.44875,0.0,0.0,0.0,0.0,0,0.9961728591931117,0.9224206665603569,False,False,False,False,0.21842899953237066,0.2376471390534443,False,False,False,False,12642.0,-9829.46314509912,False,False,False,False,2309.666336938005,False,False,False,False
2025-02-24 15:00:00+00:00,99.99,100.335,99.845,100.17,5985.0,,,,,,,,,,,,,,,,,,,,,,,,,,,,,,,,,,,,,,,,,,,,,,,,,,,,,,,,,,,,,,,,,,,,,,,,,"rgba(239, 83, 80, 1.0)",0.9688426410221582,99.88945290033394,0.2895693147548505,44.807766503884764,2.7426167623806066,False,True,False,True,False,0.7674479660447808,100.44409999999999,99.465125,0.0,0.0,0.0,0.0,0,0.9905525563671012,0.9261670371546523,False,False,False,False,0.16995227398738735,0.20379970652041585,False,False,False,False,6657.0,-9573.85906533014,False,False,False,False,2366.64825419478,False,False,False,False
2025-02-24 16:00:00+00:00,100.2,100.475,100.115,100.37,3361.0,,,,,,,,,,,,,,,,,,,,,,,,,,,,,,,,,,,,,,,,,,,,,,,,,,,,,,,,,,,,,,,,,,,,,,,,,"rgba(239, 83, 80, 1.0)",0.950306764127073,99.88816898585816,0.507026817371382,44.31137468028014,1.9858791287664275,False,True,False,True,False,1.9320286919505278,100.4569,99.48254999999999,0.0,0.0,0.0,0.0,0,0.9971460282226103,0.9205644521959728,False,False,False,False,0.19255522735221361,0.19817746693631472,False,False,False,False,10018.0,-9270.109312379285,False,False,False,False,2382.0645603312946,False,False,False,False
2025-02-24 17:00:00+00:00,100.365,100.565,100.295,100.49,2728.0,,,,,,,,,,,,,,,,,,,,,,,,,,,,,,,,,,,,,,,,,,,,,,,,,,,,,,,,,,,,,,,,,,,,,,,,,"rgba(239, 83, 80, 1.0)",0.9324395253678308,99.89064164372861,0.6427852316051753,44.935994681829186,1.9858791287664275,False,True,False,True,False,2.627174502370508,100.4907,99.49415,0.0,0.0,0.0,0.0,0,0.9974473516273138,0.924617102744097,False,False,False,False,0.20754555074471065,0.20286150884051268,False,False,False,False,12746.0,-8928.774284280382,False,False,False,False,2387.427900481197,False,False,False,False
2025-02-24 18:00:00+00:00,100.445,100.68,100.41,100.515,3027.0,,,,,,,,,,,,,,,,,,,,,,,,,,,,,,,,,,,,,,,,,,,,,,,,,,,,,,,,,,,,,,,,,,,,,,,,,"rgba(239, 83, 80, 1.0)",0.9286301206081004,99.8956450476216,0.666955484895133,45.562547151880615,1.9858791287664275,False,True,False,True,False,2.7732507538599798,100.52960000000002,99.503775,0.0,0.0,0.0,0.0,0,0.9982388728786428,0.9271533781620235,False,False,False,False,0.22038777080028893,0.2116246398204008,False,False,False,False,15773.0,-8545.801039562857,False,False,False,False,2397.3437469853643,False,False,False,False
2025-02-24 19:00:00+00:00,100.515,100.64,100.28,100.42,2577.0,,,,,,,,,,,,,,,,,,,,,,,,,,,,,,,,,,,,,,,,,,,,,,,,,,,,,,,,,,,,,,,,,,,,,,,,,"rgba(239, 83, 80, 1.0)",0.9252176515298518,99.89825757916562,0.5639131721835204,45.236013319906085,1.4558832514694018,False,True,False,True,False,2.169293595263042,100.56370000000001,99.51389999999999,0.0,0.0,0.0,0.0,0,0.9896116349688355,0.930637685791913,False,False,False,False,0.21088902998004558,0.21125683490022318,False,False,False,False,13196.0,-8208.718852902966,False,False,False,False,2400.129115249157,False,False,False,False
2025-02-24 20:00:00+00:00,100.425,100.505,99.755,99.79,8093.0,,,,,,,,,,,,,,,,,,,,,,,,,,,,,,,,,,,,,,,,,,,,,,,,,,,,,,,,,,,,,,,,,,,,,,,,,"rgba(239, 83, 80, 1.0)",0.9229552174038804,99.92541222008975,-0.14671591593646321,41.11835809743066,-2.852392536954518,False,True,False,True,False,0.0,100.5915,99.5191,0.0,0.0,0.0,0.0,0,0.9821866835563301,0.9312801836750852,False,False,False,False,0.17434842315141313,0.19280262902581816,False,False,False,False,5103.0,-8002.335614873463,False,False,False,False,2488.3906793538213,False,False,False,False
2025-02-25 15:00:00+00:00,105.27,105.635,104.07,104.96,5709.0,,,,,,,,,,,,,,,,,,,,,,,,,,,,,,,,,,,,,,,,,,,,,,,,,,,,,,,,,,,,,,,,,,,,,,,,,"rgba(38, 166, 154, 0.5)",1.0734428361688468,100.5477499187451,4.110372655708769,54.209291642209024,-2.76588394105201,False,True,True,False,True,20.0,100.7239,99.5503,0.0,0.0,0.0,0.0,0,0.9845304669910673,0.9033335754230517,False,False,False,False,0.34282824656320626,0.2678154377945122,False,False,False,False,10812.0,-7710.640489061471,False,False,False,False,2538.3226068056997,False,False,False,False
2025-02-25 16:00:00+00:00,104.885,105.08,104.015,104.02,11382.0,,,,,,,,,,,,,,,,,,,,,,,,,,,,,,,,,,,,,,,,,,,,,,,,,,,,,,,,,,,,,,,,,,,,,,,,,"rgba(38, 166, 154, 0.5)",1.1543775008263533,100.83335475812856,2.7604880029195766,59.54745054169722,1.7120733125242324,False,False,True,False,True,15.949409521573738,100.8313,99.57844999999999,0.0,0.0,0.0,0.0,0,0.9854686713186107,0.9142507733256601,False,False,False,False,0.3190623923000225,0.2934389150472674,False,False,False,False,-570.0,-7599.932884579897,False,False,False,False,2675.433884219565,False,False,False,False
2025-02-25 17:00:00+00:00,103.96,104.645,103.57,104.58,3834.0,,,,,,,,,,,,,,,,,,,,,,,,,,,,,,,,,,,,,,,,,,,,,,,,,,,,,,,,,,,,,,,,,,,,,,,,,"rgba(38, 166, 154, 1.0)",1.2546772852370294,100.90918441638743,2.925704981515695,63.881803728487604,5.375877216418843,True,False,True,False,True,17.754140882967626,100.93969999999999,99.60940000000001,0.0,0.0,0.0,0.0,0,0.9800356506238864,0.9211408199643495,False,False,False,False,0.2853742221785289,0.28940656861289815,False,False,False,False,3264.0,-7431.499816601914,False,False,False,False,2693.396149580502,False,False,False,False
2025-02-25 18:00:00+00:00,104.61,105.205,104.53,104.905,4244.0,,,,,,,,,,,,,,,,,,,,,,,,,,,,,,,,,,,,,,,,,,,,,,,,,,,,,,,,,,,,,,,,,,,,,,,,,"rgba(38, 166, 154, 1.0)",1.3499004901595493,101.01187693971698,2.884007442521097,67.21552187549702,8.287309068156773,True,False,True,False,True,18.771821708921006,101.05239999999999,99.641975,0.0,0.0,0.0,0.0,0,0.9989317000213666,0.9100491417990173,False,False,False,False,0.3428282465756734,0.31611740759428575,False,False,False,False,7508.0,-7199.879664406535,False,False,False,False,2717.4365193544477,False,False,False,False
2025-02-25 19:00:00+00:00,104.905,104.905,104.165,104.32,3591.0,,,,,,,,,,,,,,,,,,,,,,,,,,,,,,,,,,,,,,,,,,,,,,,,,,,,,,,,,,,,,,,,,,,,,,,,,"rgba(38, 166, 154, 1.0)",1.4110112276960554,101.07828874776153,2.297438311339046,67.23383516963568,8.390656316201436,True,False,True,False,True,15.806770657713628,101.15539999999999,99.671625,0.0,0.0,0.0,0.0,0,0.9934714731762709,0.9133550950894125,False,False,False,False,0.31697773896207426,0.31654757327818,False,False,False,False,3917.0,-7027.524940927364,False,False,False,False,2730.9801392094173,False,False,False,False
2025-02-25 20:00:00+00:00,104.305,104.495,103.96,104.165,9081.0,,,,,,,,,,,,,,,,,,,,,,,,,,,,,,,,,,,,,,,,,,,,,,,,,,,,,,,,,,,,,,,,,,,,,,,,,"rgba(38, 166, 154, 1.0)",1.4620499615573073,101.21235771514854,2.0195221521065174,66.66337957944009,8.390656316201436,True,False,True,False,True,15.037054053306868,101.2493,99.70049999999999,0.0,0.0,0.0,0.0,0,0.9915152372198266,0.9156473166937709,False,False,False,False,0.29343112416427697,0.3049893487212285,False,False,False,False,-5164.0,-6998.633081378102,False,False,False,False,2829.430059531752,False,False,False,False
2025-02-26 15:00:00+00:00,104.945,105.135,104.375,104.715,4601.0,,,,,,,,,,,,,,,,,,,,,,,,,,,,,,,,,,,,,,,,,,,,,,,,,,,,,,,,,,,,,,,,,,,,,,,,,"rgba(38, 166, 154, 1.0)",1.527093107953795,101.29239459355068,2.2412552244672157,67.36314475784879,9.365481861699273,True,False,True,False,True,16.82260326240146,101.34630000000001,99.732125,0.0,0.0,0.0,0.0,0,0.9931285934651528,0.9070957789931288,False,False,False,False,0.3340339293711269,0.31951163904617774,False,False,False,False,-563.0,-6898.855824302473,False,False,False,False,2856.8962601591666,False,False,False,False
2025-02-26 16:00:00+00:00,104.715,104.76,103.905,103.99,2440.0,,,,,,,,,,,,,,,,,,,,,,,,,,,,,,,,,,,,,,,,,,,,,,,,,,,,,,,,,,,,,,,,,,,,,,,,,"rgba(38, 166, 154, 1.0)",1.5655338208239877,101.3237449045318,1.7030964518319196,65.02595371531297,9.365481861699273,True,False,True,False,True,13.286441559384528,101.41709999999999,99.760125,0.0,0.0,0.0,0.0,0,0.9831191385897888,0.9141368530739841,False,False,False,False,0.30143471798887383,0.31047317851752576,False,False,False,False,-3003.0,-6838.4549588094105,False,False,False,False,2850.432752249722,False,False,False,False
2025-02-26 17:00:00+00:00,103.99,104.185,103.45,103.52,3407.0,,,,,,,,,,,,,,,,,,,,,,,,,,,,,,,,,,,,,,,,,,,,,,,,,,,,,,,,,,,,,,,,,,,,,,,,,"rgba(38, 166, 154, 0.75)",1.5936580166000094,101.35461885531743,1.358748942450215,61.8201634127091,9.365481861699273,True,False,True,False,False,11.093206527513896,101.4611,99.789625,0.0,0.0,0.0,0.0,0,0.9850413970639401,0.9208237667849442,False,False,False,False,0.26251592742367763,0.28649455297060167,False,False,False,False,-6410.0,-6831.812246269729,False,False,False,False,2859.0617018272455,False,False,False,False
2025-02-26 18:00:00+00:00,103.52,103.67,103.215,103.285,1670.0,,,,,,,,,,,,,,,,,,,,,,,,,,,,,,,,,,,,,,,,,,,,,,,,,,,,,,,,,,,,,,,,,,,,,,,,,"rgba(38, 166, 154, 0.75)",1.6101214911353146,101.365853681575,1.1919264036850916,58.86954326801394,16.070423613800116,True,False,True,False,False,10.015664926804916,101.501,99.81875,0.0,0.0,0.0,0.0,0,0.985551542095027,0.9222700750208394,False,False,False,False,0.2346644933765529,0.2605795231735773,False,False,False,False,-8080.0,-6851.163994389578,False,False,False,False,2840.626636682637,False,False,False,False
2025-02-26 19:00:00+00:00,103.285,103.77,103.25,103.585,1618.0,,,,,,,,,,,,,,,,,,,,,,,,,,,,,,,,,,,,,,,,,,,,,,,,,,,,,,,,,,,,,,,,,,,,,,,,,"rgba(38, 166, 154, 0.5)",1.627456073222824,101.37821554617102,1.3559717464194994,57.835077388770856,14.75327203895209,False,False,True,False,False,11.058168497412886,101.5464,99.849225,0.0,0.0,0.0,0.0,0,0.9848938391924824,0.9264879916463631,False,False,False,False,0.2396502635747043,0.2501148933741408,False,False,False,False,-6462.0,-6845.130444088964,False,False,False,False,2821.6711849511235,False,False,False,False
2025-02-26 20:00:00+00:00,103.575,104.13,103.315,104.0,6240.0,,,,,,,,,,,,,,,,,,,,,,,,,,,,,,,,,,,,,,,,,,,,,,,,,,,,,,,,,,,,,,,,,,,,,,,,,"rgba(38, 166, 154, 0.75)",1.652036722755553,101.435547869091,1.5522972919340232,58.39480821383125,14.75327203895209,True,False,True,False,False,12.474059655819925,101.5995,99.88114999999999,0.0,0.0,0.0,0.0,0,0.9792198826372116,0.9224715222644118,False,False,False,False,0.2554240958310875,0.2527694946026141,False,False,False,False,-222.0,-6742.446251157353,False,False,False,False,2874.6685309208733,False,False,False,False
2025-02-27 15:00:00+00:00,103.325,104.085,102.745,102.75,4441.0,,,,,,,,,,,,,,,,,,,,,,,,,,,,,,,,,,,,,,,,,,,,,,,,,,,,,,,,,,,,,,,,,,,,,,,,,"rgba(38, 166, 154, 0.5)",1.653442469516121,101.45831779999382,0.7812078278019486,54.342565715538534,10.746579151640404,False,False,True,False,False,6.90008498234819,101.6283,99.908025,0.0,0.0,0.0,0.0,0,0.9745849559335937,0.9259411081505776,False,False,False,False,0.23263654701406414,0.2427030208083391,False,False,False,False,-4663.0,-6710.206774395224,False,False,False,False,2898.952739743805,False,False,False,False
2025-02-27 16:00:00+00:00,102.745,103.37,102.71,103.215,3481.0,,,,,,,,,,,,,,,,,,,,,,,,,,,,,,,,,,,,,,,,,,,,,,,,,,,,,,,,,,,,,,,,,,,,,,,,,"rgba(38, 166, 154, 0.5)",1.6625908577758757,101.47413273085459,1.0470809826743843,53.171239109754396,9.364219763140369,False,True,True,False,False,8.508393633037937,101.67190000000001,99.93675000000002,0.0,0.0,0.0,0.0,0,0.9697751816885152,0.9358147116756098,False,False,False,False,0.20516217526787475,0.22393259803810694,False,False,False,False,-1182.0,-6624.498142234058,False,False,False,False,2907.976728274909,False,False,False,False
2025-02-27 17:00:00+00:00,103.225,103.41,103.035,103.345,3755.0,,,,,,,,,,,,,,,,,,,,,,,,,,,,,,,,,,,,,,,,,,,,,,,,,,,,,,,,,,,,,,,,,,,,,,,,,"rgba(38, 166, 154, 0.5)",1.6720692310765926,101.49454452490197,1.1066859198805905,52.819012642756476,8.66443573576862,False,True,True,False,False,8.953370884046542,101.71809999999999,99.96612499999999,0.0,0.0,0.0,0.0,0,0.9784353741496605,0.9344217687074833,False,False,False,False,0.21849243526425044,0.2212125166511787,False,False,False,False,2573.0,-6481.901271811825,False,False,False,False,2921.108872022585,False,False,False,False
2025-02-27 18:00:00+00:00,103.345,103.55,103.22,103.405,3442.0,,,,,,,,,,,,,,,,,,,,,,,,,,,,,,,,,,,,,,,,,,,,,,,,,,,,,,,,,,,,,,,,,,,,,,,,,"rgba(38, 166, 154, 0.5)",1.6850264440407647,101.51534495826557,1.1214393984244875,52.79804256392216,8.18930890245801,False,True,True,False,False,9.160879830066449,101.76550000000002,99.99980000000001,0.0,0.0,0.0,0.0,0,0.9775196957348554,0.9322874218962243,False,False,False,False,0.23042638301024013,0.2258194498307094,False,False,False,False,6015.0,-6288.150864496913,False,False,False,False,2929.184703464095,False,False,False,False
2025-02-27 19:00:00+00:00,103.41,103.55,102.665,102.73,5387.0,,,,,,,,,,,,,,,,,,,,,,,,,,,,,,,,,,,,,,,,,,,,,,,,,,,,,,,,,,,,,,,,,,,,,,,,,#000000,1.6855002652458067,101.53560182527019,0.708631258836157,50.23455950707097,5.375863174885666,False,True,False,False,False,6.231100235752141,101.7994,100.02955,0.0,0.0,0.0,0.0,0,0.9679266895761749,0.9363924263863623,False,False,False,False,0.2100839288737694,0.2179516893522394,False,False,False,False,628.0,-6180.923719310914,False,False,False,False,2967.2903669762795,False,False,False,False
2025-02-27 20:00:00+00:00,102.73,103.08,102.515,103.02,9092.0,,,,,,,,,,,,,,,,,,,,,,,,,,,,,,,,,,,,,,,,,,,,,,,,,,,,,,,,,,,,,,,,,,,,,,,,,#000000,1.6881333232646791,101.56446691892081,0.8622145307008855,49.72376836255505,4.550522888847219,False,True,False,False,False,7.264830084908009,101.8391,100.05915,0.0,0.0,0.0,0.0,0,0.9660448261978265,0.9424909408133139,False,False,False,False,0.1875591415790273,0.20275541546563336,False,False,False,False,9720.0,-5934.39777017431,False,False,False,False,3062.247105472771,False,False,False,False
2025-02-28 15:00:00+00:00,102.58,102.66,102.12,102.535,1727.0,,,,,,,,,,,,,,,,,,,,,,,,,,,,,,,,,,,,,,,,,,,,,,,,,,,,,,,,,,,,,,,,,,,,,,,,,"rgba(239, 83, 80, 1.0)",1.6849347756508926,101.56631452653056,0.5749097754215623,47.602497859395,2.2469978043770666,False,True,False,True,False,5.207298389733776,101.8691,100.086175,0.0,0.0,0.0,0.0,0,0.9573329766602027,0.9473684210526319,False,False,False,False,0.15822988713760122,0.1804926513016173,False,False,False,False,7993.0,-5718.469122574708,False,False,False,False,3041.545599961565,False,False,False,False
2025-02-28 16:00:00+00:00,102.535,102.605,102.245,102.31,1393.0,,,,,,,,,,,,,,,,,,,,,,,,,,,,,,,,,,,,,,,,,,,,,,,,,,,,,,,,,,,,,,,,,,,,,,,,,"rgba(239, 83, 80, 1.0)",1.6796478261288401,101.56750735455897,0.442052574290105,45.405685350167865,-0.03255638376509751,False,True,False,True,False,4.2687662881397515,101.8946,100.1124,0.0,0.0,0.0,0.0,0,0.9563181483711293,0.9472205498695565,False,False,False,False,0.16073769978427907,0.1706151755429482,False,False,False,False,6600.0,-5527.485105170449,False,False,False,False,3015.9867534505333,False,False,False,False
2025-02-28 17:00:00+00:00,102.305,102.45,101.935,101.96,1011.0,,,,,,,,,,,,,,,,,,,,,,,,,,,,,,,,,,,,,,,,,,,,,,,,,,,,,,,,,,,,,,,,,,,,,,,,,"rgba(239, 83, 80, 1.0)",1.67128187571924,101.56709643793498,0.23509114038344278,42.75783158493119,-2.6510497776264117,False,True,False,True,False,2.8233118635314334,101.9084,100.13705,0.0,0.0,0.0,0.0,0,0.9636045022578693,0.9487093078115523,False,False,False,False,0.14411464814805522,0.15736491184550172,False,False,False,False,5589.0,-5355.136498888736,False,False,False,False,2984.901687505564,False,False,False,False
2025-02-28 18:00:00+00:00,101.95,102.38,101.745,102.195,678.0,,,,,,,,,,,,,,,,,,,,,,,,,,,,,,,,,,,,,,,,,,,,,,,,,,,,,,,,,,,,,,,,,,,,,,,,,"rgba(239, 83, 80, 1.0)",1.6477796062065264,101.56681592960133,0.38123063790360207,42.271911166557956,-3.2532322619797824,False,True,False,True,False,3.7139080932325754,101.9311,100.16284999999999,0.0,0.0,0.0,0.0,0,0.9593288590604032,0.9491946308724835,False,False,False,False,0.1348549743445101,0.1461099430950059,False,False,False,False,6267.0,-5174.948336115267,False,False,False,False,2949.135769869819,False,False,False,False
2025-02-28 19:00:00+00:00,102.185,102.415,102.165,102.345,1282.0,,,,,,,,,,,,,,,,,,,,,,,,,,,,,,,,,,,,,,,,,,,,,,,,,,,,,,,,,,,,,,,,,,,,,,,,,"rgba(239, 83, 80, 1.0)",1.6184817209596705,101.56754556345446,0.48036034419007967,42.773847878750125,-3.2532322619797824,False,True,False,True,False,4.282249970682383,101.954,100.187075,0.0,0.0,0.0,0.0,0,0.9668033062294207,0.9471137692359386,False,False,False,False,0.15107546066702449,0.1485927018810152,False,False,False,False,7549.0,-4977.67781927627,False,False,False,False,2923.288703670287,False,False,False,False
2025-02-28 20:00:00+00:00,102.36,102.85,102.23,102.805,5603.0,,,,,,,,,,,,,,,,,,,,,,,,,,,,,,,,,,,,,,,,,,,,,,,,,,,,,,,,,,,,,,,,,,,,,,,,,"rgba(239, 83, 80, 0.75)",1.5948184623735127,101.57931166384108,0.7685441102398423,45.49061720072687,-3.2532322619797824,False,True,False,True,True,6.003610009432826,101.9816,100.211175,0.0,0.0,0.0,0.0,0,0.9662740899357608,0.9425187366167027,False,False,False,False,0.1689919637351105,0.15879233280806285,False,False,False,False,13152.0,-4696.597543008421,False,False,False,False,2964.83461524129,False,False,False,False
2025-03-03 15:00:00+00:00,103.195,103.7,102.955,103.525,1436.0,,,,,,,,,,,,,,,,,,,,,,,,,,,,,,,,,,,,,,,,,,,,,,,,,,,,,,,,,,,,,,,,,,,,,,,,,#000000,1.570893611527596,101.77222673544914,1.1157810125960124,50.29361664166689,-4.240677919349778,False,True,False,False,True,8.585597540569562,102.01899999999999,100.24147500000001,0.0,0.0,0.0,0.0,0,0.9714551248008504,0.9350770047796073,False,False,False,False,0.22619639129587385,0.19249436205196835,False,False,False,False,14588.0,-4397.611534589685,False,False,False,False,2941.131752989487,False,False,False,False
2025-03-03 16:00:00+00:00,103.54,103.695,103.095,103.34,1773.0,,,,,,,,,,,,,,,,,,,,,,,,,,,,,,,,,,,,,,,,,,,,,,,,,,,,,,,,,,,,,,,,,,,,,,,,,"rgba(38, 166, 154, 0.5)",1.5388759440483284,101.78058128832387,1.0133492031682294,52.49305680116778,-2.2666187116954077,False,False,True,False,True,7.773455459023076,102.0591,100.26917499999999,0.0,0.0,0.0,0.0,0,0.9897904352498663,0.933503492745836,False,False,False,False,0.23116285756450156,0.21182860980823495,False,False,False,False,12815.0,-4130.749340254962,False,False,False,False,2923.0211831756965,False,False,False,False
2025-03-03 17:00:00+00:00,103.335,103.59,103.215,103.35,1935.0,,,,,,,,,,,,,,,,,,,,,,,,,,,,,,,,,,,,,,,,,,,,,,,,,,,,,,,,,,,,,,,,,,,,,,,,,"rgba(38, 166, 154, 0.5)",1.5121691597063527,101.7902944869646,1.0314358701365625,54.0030925133225,-0.8614433594234114,False,False,True,False,True,7.8094644424883235,102.12010000000001,100.289525,0.0,0.0,0.0,0.0,0,0.9857075439897534,0.9291444751567455,False,False,False,False,0.2317153751772077,0.22177199249272134,False,False,False,False,14750.0,-3838.0245442820164,False,False,False,False,2907.7030252970035,False,False,False,False
2025-03-03 18:00:00+00:00,103.35,103.35,102.365,102.475,3445.0,,,,,,,,,,,,,,,,,,,,,,,,,,,,,,,,,,,,,,,,,,,,,,,,,,,,,,,,,,,,,,,,,,,,,,,,,#000000,1.4859492825361535,101.78136900606376,0.4667931820340326,50.62724272116603,-0.8614433594234114,False,True,False,False,False,4.029885651529703,102.1646,100.3053,0.0,0.0,0.0,0.0,0,0.9675907325565828,0.9373911878933979,False,False,False,False,0.19190344051643554,0.20683771650457844,False,False,False,False,11305.0,-3603.2489699520625,False,False,False,False,2916.033210951314,False,False,False,False
2025-03-03 19:00:00+00:00,102.435,102.65,101.61,101.725,3236.0,,,,,,,,,,,,,,,,,,,,,,,,,,,,,,,,,,,,,,,,,,,,,,,,,,,,,,,,,,,,,,,,,,,,,,,,,"rgba(239, 83, 80, 1.0)",1.4580959662677486,101.75929175562388,-0.023518174672452343,45.716479610983264,1.2136930392468201,False,True,False,True,False,0.9961203226555,102.1947,100.318675,0.0,0.0,0.0,0.0,0,0.9548214881548222,0.9538204871538207,False,False,False,False,0.1396599143190478,0.17324881541181314,False,False,False,False,8069.0,-3422.283869642728,False,False,False,False,2920.993936362921,False,False,False,False
2025-03-03 20:00:00+00:00,101.615,101.795,100.925,101.655,5263.0,,,,,,,,,,,,,,,,,,,,,,,,,,,,,,,,,,,,,,,,,,,,,,,,,,,,,,,,,,,,,,,,,,,,,,,,,"rgba(239, 83, 80, 1.0)",1.4265762200846954,101.71796188914675,-0.04413496332008863,42.21840547653275,-1.8840216551215718,False,True,False,True,False,0.7192936802492333,102.2225,100.33042499999999,0.0,0.0,0.0,0.0,0,0.9562713453425306,0.9589499765619772,False,False,False,False,0.08517227776142432,0.12921054658661874,False,False,False,False,2806.0,-3325.721329028112,False,False,False,False,2957.304107892178,False,False,False,False
2025-03-04 15:00:00+00:00,99.56,99.86,98.575,98.575,5316.0,,,,,,,,,,,,,,,,,,,,,,,,,,,,,,,,,,,,,,,,,,,,,,,,,,,,,,,,,,,,,,,,,,,,,,,,,"rgba(239, 83, 80, 1.0)",1.449740119612423,101.60268260350655,-2.0884312729897934,34.23626652146314,-9.047619587765496,False,True,False,True,False,0.0,102.18009999999998,100.327775,0.0,0.0,0.0,0.0,0,0.9326649417852528,0.952328589909444,False,False,False,False,-0.06479813679074328,0.032206204897937726,False,False,False,False,-2510.0,-3313.074486717598,False,False,False,False,2993.873036451989,False,False,False,False
2025-03-04 16:00:00+00:00,98.59,98.76,98.12,98.475,3425.0,,,,,,,,,,,,,,,,,,,,,,,,,,,,,,,,,,,,,,,,,,,,,,,,,,,,,,,,,,,,,,,,,,,,,,,,,"rgba(239, 83, 80, 1.0)",1.4829393200756595,101.40184161528234,-1.973675912196471,28.809630265449407,-13.67637051945627,False,True,False,True,False,0.0,102.1295,100.32445000000001,0.0,0.0,0.0,0.0,0,0.930196483971045,0.9649689762150985,False,False,False,False,-0.11959043302430696,-0.043692114063184614,False,False,False,False,-5935.0,-3353.724494675465,False,False,False,False,3000.5571754217253,False,False,False,False
2025-03-04 17:00:00+00:00,98.48,99.33,98.48,98.76,3442.0,,,,,,,,,,,,,,,,,,,,,,,,,,,,,,,,,,,,,,,,,,,,,,,,,,,,,,,,,,,,,,,,,,,,,,,,,"rgba(239, 83, 80, 1.0)",1.5154795809775192,101.35790841279933,-1.714248377482999,26.627044396047907,-15.430611162954698,False,True,False,True,False,0.0,102.09989999999999,100.32504999999999,0.0,0.0,0.0,0.0,0,0.9546348409846074,0.9505662168576662,False,False,False,False,-0.11063374645353684,-0.07716293025836073,False,False,False,False,-2493.0,-3340.3799288665427,False,False,False,False,3007.4012502213886,False,False,False,False
2025-03-04 18:00:00+00:00,98.79,99.25,98.75,99.03,2746.0,,,,,,,,,,,,,,,,,,,,,,,,,,,,,,,,,,,,,,,,,,,,,,,,,,,,,,,,,,,,,,,,,,,,,,,,,"rgba(239, 83, 80, 1.0)",1.546598563660448,101.32508782163357,-1.4839583299506112,26.54453951866913,-15.548418385657527,False,True,False,True,False,0.0,102.07879999999999,100.32475000000001,0.0,0.0,0.0,0.0,0,0.9492465753424661,0.9564383561643839,False,False,False,False,-0.14979396767815437,-0.11347844896825754,False,False,False,False,253.0,-3284.66861213993,False,False,False,False,3003.3485176598165,False,False,False,False
2025-03-04 19:00:00+00:00,99.05,99.96,99.02,99.775,5721.0,,,,,,,,,,,,,,,,,,,,,,,,,,,,,,,,,,,,,,,,,,,,,,,,,,,,,,,,,,,,,,,,,,,,,,,,,"rgba(239, 83, 80, 0.75)",1.5618356692229516,101.28716383673515,-0.968196505261963,29.954732985396955,-15.548418385657527,False,True,False,True,True,0.0,102.06740000000002,100.32842500000001,0.0,0.0,0.0,0.0,0,0.9381105266753197,0.9551198852380631,False,False,False,False,-0.12552864795666735,-0.11950354846246244,False,False,False,False,5974.0,-3141.123362339311,False,False,False,False,3045.4826491689664,False,False,False,False
2025-03-04 20:00:00+00:00,99.77,100.19,99.25,99.57,9862.0,,,,,,,,,,,,,,,,,,,,,,,,,,,,,,,,,,,,,,,,,,,,,,,,,,,,,,,,,,,,,,,,,,,,,,,,,"rgba(239, 83, 80, 0.75)",1.580222866024207,101.21955771831101,-1.0438766289094734,31.71479887279061,-15.548418385657527,False,True,False,True,True,0.0,102.046,100.33102500000001,0.0,0.0,0.0,0.0,0,0.9375212918171293,0.9560536894460724,False,False,False,False,-0.13061593309228295,-0.1250597407773727,False,False,False,False,-3888.0,-3152.70284509374,False,False,False,False,3151.1650887167343,False,False,False,False
2025-03-05 15:00:00+00:00,99.79,100.155,99.22,99.29,2861.0,,,,,,,,,,,,,,,,,,,,,,,,,,,,,,,,,,,,,,,,,,,,,,,,,,,,,,,,,,,,,,,,,,,,,,,,,"rgba(239, 83, 80, 0.75)",1.6033330935923662,101.19790235660537,-1.1899600677053261,32.17803823428534,-15.548418385657527,False,True,False,True,True,0.0,102.0149,100.331875,0.0,0.0,0.0,0.0,0,0.9308683853459977,0.9614654002713707,False,False,False,False,-0.14687167419899247,-0.1359657074881826,False,False,False,False,-6749.0,-3208.4593901310463,False,False,False,False,3146.6664051707385,False,False,False,False
2025-03-05 16:00:00+00:00,99.29,99.29,98.25,98.795,2255.0,,,,,,,,,,,,,,,,,,,,,,,,,,,,,,,,,,,,,,,,,,,,,,,,,,,,,,,,,,,,,,,,,,,,,,,,,"rgba(239, 83, 80, 0.75)",1.6360502646520163,101.16982154382758,-1.451557812823494,31.302349076957352,-15.548418385657527,False,True,False,True,True,0.0,101.97210000000001,100.33,0.0,0.0,0.0,0.0,0,0.9144626152500173,0.9749646678780539,False,False,False,False,-0.2355373163965153,-0.18575151194234896,False,False,False,False,-9004.0,-3298.3127329197123,False,False,False,False,3132.8421198192536,False,False,False,False
2025-03-05 17:00:00+00:00,98.855,99.39,98.655,99.39,1854.0,,,,,,,,,,,,,,,,,,,,,,,,,,,,,,,,,,,,,,,,,,,,,,,,,,,,,,,,,,,,,,,,,,,,,,,,,"rgba(239, 83, 80, 0.75)",1.6545800479682462,101.15189751591438,-1.0648608497835566,33.69520510213638,-15.548418385657527,False,True,False,True,True,0.0,101.9297,100.32807499999998,0.0,0.0,0.0,0.0,0,0.916836526701998,0.988653349639897,False,False,False,False,-0.21111498183024308,-0.19843324688629602,False,False,False,False,-7150.0,-3358.0288145798713,False,False,False,False,3113.0151102096524,False,False,False,False
2025-03-05 18:00:00+00:00,99.4,99.58,99.02,99.57,2386.0,,,,,,,,,,,,,,,,,,,,,,,,,,,,,,,,,,,,,,,,,,,,,,,,,,,,,,,,,,,,,,,,,,,,,,,,,"rgba(239, 83, 80, 0.75)",1.669596765797009,101.13309248358438,-0.9362095780283911,36.13850488633153,-20.298321990823776,False,True,False,True,True,0.0,101.8898,100.33054999999999,0.0,0.0,0.0,0.0,0,0.9279776505859911,0.9785363859362227,False,False,False,False,-0.18455679030071695,-0.19149501859350648,False,False,False,False,-4764.0,-3379.826817454602,False,False,False,False,3101.7435581133786,False,False,False,False
2025-03-05 19:00:00+00:00,99.59,99.7,99.34,99.45,4808.0,,,,,,,,,,,,,,,,,,,,,,,,,,,,,,,,,,,,,,,,,,,,,,,,,,,,,,,,,,,,,,,,,,,,,99.49666666666668,,,,"rgba(239, 83, 80, 0.75)",1.6861968107798566,101.09960536060484,-0.978299419177471,37.35597254774038,-18.800444704358576,False,True,False,True,True,0.0,101.8559,100.333675,0.0,0.0,0.0,0.0,0,0.936524239934265,0.971583127910162,False,False,False,False,-0.16368485203318237,-0.17758993531334444,False,False,False,False,-9572.0,-3475.829502455306,False,False,False,False,3128.197146359683,False,False,False,False
2025-03-05 20:00:00+00:00,99.4,99.51,98.98,99.44,9075.0,,,,,,,,,,,,,,,,,,,,,,,,,,,,,,,,,,,,,,,,,,,,,,,,,,,,,,,,,,,,,,,,,,,,,99.37464693029845,,,,"rgba(239, 83, 80, 0.75)",1.70253314714181,101.03156504371123,-0.9348217662505578,38.1303145172672,-17.677818081664412,False,True,False,True,True,0.0,101.8275,100.33542500000001,0.0,0.0,0.0,0.0,0,0.9315706555243515,0.9719158846496337,False,False,False,False,-0.1989455147875446,-0.18826772505044453,False,False,False,False,-18647.0,-3711.0414481536727,False,False,False,False,3220.3956402145714,False,False,False,False
2025-03-06 15:00:00+00:00,97.81,98.97,97.81,98.65,3237.0,,,,,,,,,,,,,,,,,,,,,,,,,,,,,,,,,,,,,,,,,,,,,,,,,,,,,,,,,,,,,,,,,,,,,99.20485942367601,,,,"rgba(239, 83, 80, 0.75)",1.7335365923788861,100.99520272123652,-1.3528429290426796,36.00165413923218,-17.677818081664412,False,True,False,True,True,0.0,101.7943,100.332675,0.0,0.0,0.0,0.0,0,0.9053935761901561,0.9763652279307795,False,False,False,False,-0.2837846785735487,-0.23602620181199663,False,False,False,False,-21884.0,-3992.7927435311353,False,False,False,False,3220.653072149229,False,False,False,False
2025-03-06 16:00:00+00:00,98.68,98.97,98.11,98.11,3018.0,,,,,,,,,,,,,,,,,,,,,,,,,,,,,,,,,,,,,,,,,,,,,,,,,,,,,,,,,,,,,,,,,,,,,99.0837388684742,,,,"rgba(239, 83, 80, 1.0)",1.7760476339889333,100.96146494948638,-1.6055115273468799,33.1722497041584,-17.677818081664412,False,True,False,True,False,0.0,101.7473,100.3284,0.0,0.0,0.0,0.0,0,0.9138046686342909,0.9751811108129868,False,False,False,False,-0.3093952992582162,-0.2727107505351064,False,False,False,False,-24902.0,-4316.9664994453815,False,False,False,False,3217.511164053892,False,False,False,False
2025-03-06 17:00:00+00:00,98.14,98.165,97.47,97.84,3740.0,,,,,,,,,,,,,,,,,,,,,,,,,,,,,,,,,,,,,,,,,,,,,,,,,,,,,,,,,,,,,,,,,,,,,98.8865831867549,,,,"rgba(239, 83, 80, 1.0)",1.823580961329115,100.91118785064992,-1.6841521795728163,30.646369612587677,-13.909584832827974,False,True,False,True,False,0.0,101.7007,100.32277500000001,0.0,0.0,0.0,0.0,0,0.904216624006467,0.9975077461942612,False,False,False,False,-0.34282825441539394,-0.30776950247525015,False,False,False,False,-28642.0,-4694.098801779562,False,False,False,False,3225.6117661615835,False,False,False,False
2025-03-06 18:00:00+00:00,97.84,98.095,97.78,97.8,9203.0,,,,,,,,,,,,,,,,,,,,,,,,,,,,,,,,,,,,,,,,,,,,,,,,,,,,,,,,,,,,,,,,,,,,,98.60980144695344,,,,"rgba(239, 83, 80, 1.0)",1.8702849833430262,100.79959535410464,-1.6038172689292722,28.864421818326502,-15.748330948699532,False,True,False,True,False,0.0,101.6493,100.31694999999999,0.0,0.0,0.0,0.0,0,0.904101286281905,0.9984510741464074,False,False,False,False,-0.33027288800576293,-0.31902119524050654,False,False,False,False,-37845.0,-5208.066262217088,False,False,False,False,3318.284451957528,False,False,False,False
2025-03-06 19:00:00+00:00,97.78,98.22,97.52,97.65,5723.0,,,,,,,,,,,,,,,,,,,,,,,,,,,,,,,,,,,,,,,,,,,,,,,,,,,,,,,,,,,,,,,,,,,,,98.48987643026493,,,,"rgba(239, 83, 80, 1.0)",1.918296980737294,100.7334244302856,-1.6073759492132864,27.286553881454957,-17.42025290703352,False,True,False,True,False,0.0,101.5925,100.31037500000001,0.0,0.0,0.0,0.0,0,0.9009648887697672,0.9972527472527475,False,False,False,False,-0.3373226841764658,-0.3281719397084862,False,False,False,False,-43568.0,-5802.793917066435,False,False,False,False,3355.566863555085,False,False,False,False
2025-03-06 20:00:00+00:00,97.625,98.385,97.62,98.14,6430.0,,,,,,,,,,,,,,,,,,,,,,,,,,,,,,,,,,,,,,,,,,,,,,,,,,,,,,,,,,,,,,,,,,,,,98.42711120690926,,,,"rgba(239, 83, 80, 0.75)",1.952811378315581,100.67020907696184,-1.2956750995297348,29.907456487189346,-17.42025290703352,False,True,False,True,True,0.0,101.545,100.30625,0.0,0.0,0.0,0.0,0,0.9031635031635038,0.9946053946053948,False,False,False,False,-0.32351401898108173,-0.32584297934478396,False,False,False,False,-37138.0,-6288.611065639048,False,False,False,False,3403.232493577487,False,False,False,False
2025-03-07 15:00:00+00:00,98.03,98.65,97.95,98.35,2528.0,,,,,,,,,,,,,,,,,,,,,,,,,,,,,,,,,,,,,,,,,,,,,,,,,,,,,,,,,,,,,,,,,,,,,98.42126547604092,,,,"rgba(239, 83, 80, 0.75)",1.9814795136620995,100.6491290929115,-1.1603092926569458,33.06931889062218,-22.31260156617539,False,True,False,True,True,0.0,101.50359999999999,100.303175,0.0,0.0,0.0,0.0,0,0.9082186341979889,0.9898094229751193,False,False,False,False,-0.29293047723942384,-0.3093867282921039,False,False,False,False,-34610.0,-6727.70236694697,False,False,False,False,3389.6629975530295,False,False,False,False
2025-03-07 16:00:00+00:00,98.425,98.425,96.86,96.97,5513.0,,,,,,,,,,,,,,,,,,,,,,,,,,,,,,,,,,,,,,,,,,,,,,,,,,,,,,,,,,,,,,,,,,,,,98.31748011888001,,,,"rgba(239, 83, 80, 0.75)",2.040676446759725,100.58534684976605,-1.7716413866130813,30.895900197111807,-22.31260156617539,False,True,False,True,True,0.0,101.4472,100.2932,0.0,0.0,0.0,0.0,0,0.8989688030283257,0.9930818431014231,False,False,False,False,-0.34282825441539394,-0.32610749135374895,False,False,False,False,-40123.0,-7245.458919397404,False,False,False,False,3422.582951079339,False,False,False,False
2025-03-07 17:00:00+00:00,97.0,97.51,96.55,97.27,7491.0,,,,,,,,,,,,,,,,,,,,,,,,,,,,,,,,,,,,,,,,,,,,,,,,,,,,,,,,,,,,,,,,,,,,,98.16862658943049,,,,"rgba(239, 83, 80, 0.75)",2.0894114283971605,100.3026500587462,-1.451437480205907,31.25509336667252,-22.31260156617539,False,True,False,True,True,0.0,101.2934,100.27887500000001,0.0,0.0,0.0,0.0,0,0.8886277581929761,1.010314662488576,False,False,False,False,-0.34282825441539394,-0.33446787288457147,False,False,False,False,-32632.0,-7639.048703592793,False,False,False,False,3485.6591843959386,False,False,False,False
2025-03-07 18:00:00+00:00,97.37,98.25,97.32,98.1,4042.0,,,,,,,,,,,,,,,,,,,,,,,,,,,,,,,,,,,,,,,,,,,,,,,,,,,,,,,,,,,,,,,,,,,,,98.1512489713204,,,,"rgba(239, 83, 80, 0.75)",2.116172247710836,100.28607800720347,-1.0330340592871217,35.73260561760361,-19.719891793735588,False,True,False,True,True,0.0,101.175,100.26737499999999,0.0,0.0,0.0,0.0,0,0.896516062310129,1.0005170965031356,False,False,False,False,-0.2730074556706974,-0.30373766427763443,False,False,False,False,-28590.0,-7963.869653924688,False,False,False,False,3494.2846233975515,False,False,False,False
2025-03-07 19:00:00+00:00,98.07,98.44,97.97,98.33,3974.0,,,,,,,,,,,,,,,,,,,,,,,,,,,,,,,,,,,,,,,,,,,,,,,,,,,,,,,,,,,,,,,,,,,,,98.15676189506944,,,,"rgba(239, 83, 80, 0.5)",2.137828427958367,100.27282402656562,-0.9087838860955837,39.73273460442002,-15.994927434322292,False,False,False,True,True,0.0,101.05,100.2579,0.0,0.0,0.0,0.0,0,0.9048049016446312,0.9994840374072886,False,False,False,False,-0.23530117875042564,-0.26951942151403,False,False,False,False,-24616.0,-8222.042217429731,False,False,False,False,3501.7220710968145,False,False,False,False
2025-03-07 20:00:00+00:00,98.32,98.71,98.28,98.52,8436.0,,,,,,,,,,,,,,,,,,,,,,,,,,,,,,,,,,,,,,,,,,,,,,,,,,,,,,,,,,,,,,,,,,,,98.50333333333333,98.19462452623307,,,,"rgba(239, 83, 80, 0.5)",2.1557122378118585,100.14437422748901,-0.7535209008869497,43.247552821746154,-12.778589918717074,True,False,False,True,True,0.0,100.92229999999999,100.24955,0.0,0.0,0.0,0.0,0,0.9082663235767133,0.9958829205532331,False,False,False,False,-0.2096501177800537,-0.23958476964704187,False,False,False,False,-16180.0,-8345.421407857177,False,False,False,False,3578.222504103065,False,False,False,False
2025-03-10 14:00:00+00:00,97.6,98.05,97.57,97.64,4830.0,,,,,,,,,,,,,,,,,,,,,,,,,,,,,,,,,,,,,,,,,,,,,,,,,,,,,,,,,,,,,,,,,,,,98.23026684758028,98.16864660523919,,,,"rgba(239, 83, 80, 0.5)",2.1893456651339926,100.0888883422837,-1.1185480581175462,42.200105408867536,-12.778589918717074,False,False,False,True,True,0.0,100.7887,100.23710000000001,0.0,0.0,0.0,0.0,0,0.9031208117939886,0.9962984236390331,False,False,False,False,-0.27074270693970476,-0.2551637382933733,False,False,False,False,-21010.0,-8541.771463549312,False,False,False,False,3597.629907140227,False,False,False,False
2025-03-10 15:00:00+00:00,97.78,97.83,97.78,97.83,134.0,,,,,,,,,,,,,,,,,,,,,,,,,,,,,,,,,,,,,,,,,,,,,,,,,,,,,,,,,,,,,,,,,,,,98.2260975124378,98.16806725722581,,,,"rgba(239, 83, 80, 0.5)",2.2194361551633826,100.08763216643152,-1.0172097814930503,42.43697845136024,-12.778589918717074,True,False,False,True,True,0.0,100.662,100.22529999999999,0.0,0.0,0.0,0.0,0,0.9019419342434154,1.0014099852592455,False,False,False,False,-0.27119543913521593,-0.2631795887142946,False,False,False,False,-20876.0,-8732.999812951648,False,False,False,False,3543.9302186574323,False,False,False,False
2025-03-10 16:00:00+00:00,97.83,97.83,97.83,97.83,0.0,,,,,,,,,,,,,,,,,,,,,,,,,,,,,,,,,,,,,,,,,,,,,,,,,,,,,,,,,,,,,,,,,,,,98.2260975124378,98.16806725722581,,,,"rgba(239, 83, 80, 0.5)",2.2485901488837925,100.08763216643152,-1.0040211941479047,42.59489381302204,-12.778589918717074,True,False,False,True,True,0.0,100.5243,100.214,0.0,0.0,0.0,0.0,0,0.913404738721195,1.000778967867576,False,False,False,False,-0.2689328591745905,-0.2660562239444425,False,False,False,False,-20876.0,-8921.263381743094,False,False,False,False,3488.985564104604,False,False,False,False
2025-03-10 17:00:00+00:00,97.83,97.835,97.21,97.21,2327.0,,,,,,,,,,,,,,,,,,,,,,,,,,,,,,,,,,,,,,,,,,,,,,,,,,,,,,,,,,,,,,,,,,,,98.10657902545516,98.14742293720194,,,,"rgba(239, 83, 80, 0.5)",2.2877482575864145,100.05833861541242,-1.2450402293902045,40.38166994069931,-12.778589918717074,True,False,False,True,False,0.0,100.38870000000001,100.19869999999999,0.0,0.0,0.0,0.0,0,0.9051501035196693,0.9985119047619054,False,False,False,False,-0.2969580120648021,-0.2815071180046223,False,False,False,False,-23203.0,-9142.685654894363,False,False,False,False,3470.9702840409664,False,False,False,False
2025-03-10 18:00:00+00:00,97.215,97.31,96.74,96.81,4502.0,,,,,,,,,,,,,,,,,,,,,,,,,,,,,,,,,,,,,,,,,,,,,,,,,,,,,,,,,,,,,,,,,,,,97.84992214148005,98.08702825118992,,,,"rgba(239, 83, 80, 0.5)",2.3338019806068115,99.99176933633765,-1.3633416042908493,37.64459436833989,-12.778589918717074,False,False,False,True,False,0.0,100.2545,100.18205,0.0,0.0,0.0,0.0,0,0.8989155693261044,1.0059385489284798,False,False,False,False,-0.34282825441539394,-0.3121676862100081,False,False,False,False,-27705.0,-9430.473474198325,False,False,False,False,3486.9552408775403,False,False,False,False
2025-03-10 19:00:00+00:00,96.84,97.73,96.715,97.675,6455.0,,,,,,,,,,,,,,,,,,,,,,,,,,,,,,,,,,,,,,,,,,,,,,,,,,,,,,,,,,,,,,,,,,,,97.73463280117923,98.03877127284407,,,,"rgba(239, 83, 80, 0.5)",2.361504092009195,99.92940889737555,-0.9546495832905705,40.429498735195125,-12.778589918717074,True,False,False,True,True,0.0,100.14229999999999,100.1687,0.0,0.0,0.0,0.0,0,0.8969882984845585,1.0016625103906904,False,False,False,False,-0.3242880367254981,-0.3182278614677531,False,False,False,False,-21250.0,-9613.721947466569,False,False,False,False,3532.9714386933924,False,False,False,False
2025-03-11 14:00:00+00:00,97.85,97.92,95.77,95.77,5837.0,,,,,,,,,,,,,,,,,,,,,,,,,,,,,,,,,,,,,,,,,,,,,,,,,,,,,,,,,,,,,,,,,,,,97.51064281541157,97.94934021368239,,,,"rgba(239, 83, 80, 0.5)",2.4317245706261628,99.84653774943948,-1.6763978119404301,37.14026048889231,-7.451730372978226,False,False,False,True,False,0.0,99.98599999999999,100.146225,0.0,0.0,0.0,0.0,0,0.8879310344827591,0.999187906046977,False,False,False,False,-0.34282825441539394,-0.3305280579415735,False,False,False,False,-27087.0,-9884.625483164762,False,False,False,False,3568.6928117369057,False,False,False,False
2025-03-11 15:00:00+00:00,95.77,96.445,95.77,95.81,3301.0,,,,,,,,,,,,,,,,,,,,,,,,,,,,,,,,,,,,,,,,,,,,,,,,,,,,,,,,,,,,,,,,,,,,97.37220488340498,97.88808764483193,,,,"rgba(239, 83, 80, 1.0)",2.4971213643128616,99.79449227285475,-1.595634208972928,35.129485466469916,-9.395249044417994,False,True,False,True,False,0.0,99.8222,100.12442500000002,0.0,0.0,0.0,0.0,0,0.8858478802992523,1.0225062344139657,False,False,False,False,-0.34282825441539394,-0.33667815617848373,False,False,False,False,-23786.0,-10100.150669472285,False,False,False,False,3564.542535585946,False,False,False,False
2025-03-11 16:00:00+00:00,95.82,95.86,94.82,94.96,2726.0,,,,,,,,,,,,,,,,,,,,,,,,,,,,,,,,,,,,,,,,,,,,,,,,,,,,,,,,,,,,,,,,,,,,97.2195359032894,97.82015342091368,,,,"rgba(239, 83, 80, 1.0)",2.582176315150101,99.44667635873137,-1.7375561585036703,32.147817240571804,-12.254717002661891,False,True,False,True,False,0.0,99.6664,100.09802499999999,0.0,0.0,0.0,0.0,0,0.8769364233486188,1.0293716693518409,True,False,False,False,-0.34282825441539394,-0.33975320529693886,False,False,False,False,-26512.0,-10354.597945914575,False,False,False,False,3551.5418761194974,False,False,False,False
2025-03-11 17:00:00+00:00,94.92,95.39,94.87,95.24,2434.0,,,,,,,,,,,,,,,,,,,,,,,,,,,,,,,,,,,,,,,,,,,,,,,,,,,,,,,,,,,,,,,,,,,,97.09761204105867,97.76131275585195,,,,"rgba(239, 83, 80, 1.0)",2.6523020767450216,99.40104574654313,-1.568843075238884,31.523249678593505,-12.962518267414318,False,True,False,True,False,0.0,99.50689999999999,100.07272499999999,0.0,0.0,0.0,0.0,0,0.8795643025126878,1.033172422329497,False,False,False,False,-0.34282825441539394,-0.3412907298561664,False,False,False,False,-24078.0,-10567.363869233728,False,False,False,False,3534.2156454819856,False,False,False,False
2025-03-11 18:00:00+00:00,95.24,95.93,95.24,95.92,6333.0,,,,,,,,,,,,,,,,,,,,,,,,,,,,,,,,,,,,,,,,,,,,,,,,,,,,,,,,,,,,,,,,,,,,96.91009884110042,97.64868793623722,,,,"rgba(239, 83, 80, 0.75)",2.701296071975105,99.3282276730127,-1.2617008954966982,34.162481659467815,-12.962518267414318,False,True,False,True,True,0.0,99.3584,100.049725,0.0,0.0,0.0,0.0,0,0.8855121501076598,1.0230083051368815,False,False,False,False,-0.3085972904720068,-0.3249440101640866,False,False,False,False,-17745.0,-10678.645049555686,False,False,False,False,3577.607650978389,False,False,False,False
2025-03-11 19:00:00+00:00,95.9,96.1,95.255,95.255,8106.0,,,,,,,,,,,,,,,,,,,,,,,,,,,,,,,,,,,,,,,,,,,,,,,,,,,,,,,,,,,,,,,,,,,,96.70921756494228,97.51084871809323,,,,"rgba(239, 83, 80, 0.75)",2.7649226045241644,99.21927686196621,-1.4337749836033669,34.260672443862084,-12.962518267414318,False,True,False,True,True,0.0,99.19539999999999,100.02407500000001,0.0,0.0,0.0,0.0,0,0.8848621890851316,1.0235898062702444,False,False,False,False,-0.3017254997311648,-0.3133347549476257,False,False,False,False,-25851.0,-10913.8753588649,False,False,False,False,3647.8152842965533,False,False,False,False
2025-03-12 14:00:00+00:00,96.075,96.125,95.53,95.78,4078.0,,,,,,,,,,,,,,,,,,,,,,,,,,,,,,,,,,,,,,,,,,,,,,,,,,,,,,,,,,,,,,,,,,,,96.64770035350733,97.45683242257232,,,,"rgba(239, 83, 80, 0.5)",2.8139380695848932,99.17588537493208,-1.2068088532712564,36.530689789970225,-12.962518267414318,False,False,False,True,True,0.0,99.0564,100.00245000000001,0.0,0.0,0.0,0.0,0,0.8828741352105844,1.0224541813326864,False,False,False,False,-0.29064026455579406,-0.30198750975170985,False,False,False,False,-21773.0,-11082.233880432885,False,False,False,False,3654.4848147725756,False,False,False,False
2025-03-12 15:00:00+00:00,95.78,96.295,95.55,96.16,3118.0,,,,,,,,,,,,,,,,,,,,,,,,,,,,,,,,,,,,,,,,,,,,,,,,,,,,,,,,,,,,,,,,,,,,96.6155312455084,97.42230242746648,,,,"rgba(239, 83, 80, 0.5)",2.853816597325567,99.14723697261488,-1.0467515590926015,39.535486670874405,-15.644000062747324,True,False,False,True,True,0.0,98.91919999999999,99.98264999999999,0.0,0.0,0.0,0.0,0,0.8833403779964983,1.0210736066662645,False,False,False,False,-0.2836555421099967,-0.2928215259308533,False,False,False,False,-18655.0,-11199.641107092839,False,False,False,False,3646.167220745094,False,False,False,False
2025-03-12 16:00:00+00:00,96.185,96.48,96.15,96.29,1949.0,,,,,,,,,,,,,,,,,,,,,,,,,,,,,,,,,,,,,,,,,,,,,,,,,,,,,,,,,,,,,,,,,,,,96.60620780803104,97.40599641539431,,,,"rgba(239, 83, 80, 0.5)",2.889524272699961,99.13323679246582,-0.9839809339303824,42.0540537936655,-13.179748972342253,True,False,False,True,True,0.0,98.7943,99.961,0.0,0.0,0.0,0.0,0,0.8933163512857842,1.0201358563803984,False,False,False,False,-0.2550732609169652,-0.2739473934239093,False,False,False,False,-16706.0,-11285.011012409228,False,False,False,False,3619.8545506560226,False,False,False,False
2025-03-12 17:00:00+00:00,96.27,96.95,96.27,96.57,2107.0,,,,,,,,,,,,,,,,,,,,,,,,,,,,,,,,,,,,,,,,,,,,,,,,,,,,,,,,,,,,,,,,,,,,96.60590628890253,97.39340730623947,,,,"rgba(239, 83, 80, 0.5)",2.9192200426924626,99.12175078710634,-0.874120741084254,44.86832187091625,-10.47231785290333,True,False,False,True,True,0.0,98.6795,99.938775,0.0,0.0,0.0,0.0,0,0.8877089241537445,1.0166535931937493,False,False,False,False,-0.23385877597952248,-0.25390308470171585,False,False,False,False,-14599.0,-11336.390686635443,False,False,False,False,3596.3994413435257,False,False,False,False
2025-03-12 18:00:00+00:00,96.57,97.18,96.57,97.05,2910.0,,,,,,,,,,,,,,,,,,,,,,,,,,,,,,,,,,,,,,,,,,,,,,,,,,,,,,,,,,,,,,,,,,,,96.61959947113517,97.38373133860924,,,,#000000,2.94045521388519,98.93799467186102,-0.6420756428955899,48.566723699511854,-6.998506271214069,True,False,False,False,True,0.0,98.58130000000001,99.91885,0.0,0.0,0.0,0.0,0,0.8938929922536485,1.0112292079505198,False,False,False,False,-0.2149769183816823,-0.23444000154169908,False,False,False,False,-11689.0,-11341.857497695357,False,False,False,False,3585.7575895397504,False,False,False,False
2025-03-12 19:00:00+00:00,97.06,97.1,96.595,96.935,10978.0,,,,,,,,,,,,,,,,,,,,,,,,,,,,,,,,,,,,,,,,,,,,,,,,,,,,,,,,,,,,,,,,,,,,96.65462986639523,97.34645770697878,,,,#000000,2.9622410070390166,98.88992161441712,-0.6599468475967148,50.493130908825144,-5.185868342023134,True,False,False,False,True,0.0,98.47609999999999,99.8987,0.0,0.0,0.0,0.0,0,0.8941697593678923,1.0128696276786788,False,False,False,False,-0.21692913232944214,-0.2256845669355706,False,False,False,False,-22667.0,-11517.44110238225,False,False,False,False,3700.36599900425,False,False,False,False
2025-03-13 14:00:00+00:00,96.45,96.965,96.45,96.79,4636.0,,,,,,,,,,,,,,,,,,,,,,,,,,,,,,,,,,,,,,,,,,,,,,,,,,,,,,,,,,,,,,,,,,,,96.65900321216317,97.32804793727284,,,,#000000,2.9850913759083286,98.86408782497725,-0.6948155228066075,51.06392685853653,-4.517804356527257,True,False,False,False,True,0.0,98.365,99.8774,0.0,0.0,0.0,0.0,0,0.8910229645093952,1.0159856844616766,False,False,False,False,-0.2268932986861688,-0.2262889328108697,False,False,False,False,-27303.0,-11762.178449632138,False,False,False,False,3714.87195250806,False,False,False,False
2025-03-13 15:00:00+00:00,96.84,97.13,96.6,96.635,6858.0,,,,,,,,,,,,,,,,,,,,,,,,,,,,,,,,,,,,,,,,,,,,,,,,,,,,,,,,,,,,,,,,,,,,96.66863816921044,97.30503480749663,,,,#000000,3.0094058735423967,98.8301787946724,-0.7294392604107062,50.657507969245266,-4.517804356527257,True,False,False,False,True,0.0,98.2416,99.855675,0.0,0.0,0.0,0.0,0,0.8927998097389862,1.0148046851774783,False,False,False,False,-0.21568662690554863,-0.22098777985820917,False,False,False,False,-34161.0,-12109.447000800632,False,False,False,False,3763.6026199110356,False,False,False,False
2025-03-13 16:00:00+00:00,96.645,96.88,96.49,96.59,5633.0,,,,,,,,,,,,,,,,,,,,,,,,,,,,,,,,,,,,,,,,,,,,,,,,,,,,,,,,,,,,,,,,,,,,96.66775564381841,97.28298257944375,,,,#000000,3.033959699709149,98.79806964168648,-0.727784763224823,50.144729446214576,-4.517804356527257,True,False,False,False,True,0.0,98.1029,99.83405,0.0,0.0,0.0,0.0,0,0.8988601411253849,1.0157409082685007,False,False,False,False,-0.2284987729693555,-0.22474327641378233,False,False,False,False,-39794.0,-12538.664876757211,False,False,False,False,3792.585525028694,False,False,False,False
2025-03-13 17:00:00+00:00,96.65,96.67,95.31,95.375,4035.0,,,,,,,,,,,,,,,,,,,,,,,,,,,,,,,,,,,,,,,,,,,,,,,,,,,,,,,,,,,,,,,,,,,,96.63273977697602,97.2475328289493,,,,"rgba(239, 83, 80, 0.5)",3.019109090891301,98.75493083584496,-1.1195126555851405,44.7833357588225,-0.06741663300117295,True,False,False,True,False,0.0,97.9436,99.8084,0.0,0.0,0.0,0.0,0,0.8859245079858832,1.017885984327332,False,False,False,False,-0.27870908088511687,-0.2517261786494496,False,False,False,False,-43829.0,-13023.78635153617,False,False,False,False,3796.343888981737,False,False,False,False
2025-03-13 18:00:00+00:00,95.37,95.76,95.34,95.72,4486.0,,,,,,,,,,,,,,,,,,,,,,,,,,,,,,,,,,,,,,,,,,,,,,,,,,,,,,,,,,,,,,,,,,,,96.58940103945991,97.2054682336044,,,,"rgba(239, 83, 80, 0.5)",3.0128340000258107,98.70560637827474,-0.9909627872790738,43.16962265256923,-1.6416873514951789,True,False,False,True,False,0.0,97.791,99.7849,0.0,0.0,0.0,0.0,0,0.8819631022747634,1.0282404919696704,False,False,False,False,-0.3112047810125381,-0.28146547983099385,False,False,False,False,-39343.0,-13431.836175543362,False,False,False,False,3807.036231788222,False,False,False,False
2025-03-13 19:00:00+00:00,95.75,95.76,94.92,94.92,9114.0,,,,,,,,,,,,,,,,,,,,,,,,,,,,,,,,,,,,,,,,,,,,,,,,,,,,,,,,,,,,,,,,,,,,96.47959639447464,97.10618881435414,,,,"rgba(239, 83, 80, 0.5)",3.0055257863229343,98.33033147295151,-1.1346871447487499,39.580573432823414,-5.054136120937905,True,False,False,True,False,0.0,97.63990000000001,99.75692500000001,0.0,0.0,0.0,0.0,0,0.8790308213076793,1.0282083259100903,False,False,False,False,-0.3269375680324355,-0.3042015239317147,False,False,False,False,-48457.0,-13974.861971271372,False,False,False,False,3889.314739822513,True,False,False,False
2025-03-14 14:00:00+00:00,96.0,96.575,95.985,96.57,4985.0,,,,,,,,,,,,,,,,,,,,,,,,,,,,,,,,,,,,,,,,,,,,,,,,,,,,,,,,,,,,,,,,,,,,96.47533146867484,97.08695634354012,,,,"rgba(239, 83, 80, 0.5)",2.9573223370821897,98.33148497344673,-0.595635095761895,44.05099712927334,-5.054136120937905,True,False,False,True,True,0.0,97.5368,99.735975,0.0,0.0,0.0,0.0,0,0.8818585103899143,1.007938360961943,False,False,False,False,-0.25760485981561276,-0.28090319187366375,False,False,False,False,-43472.0,-14432.181940709024,False,False,False,False,3906.3021081973575,False,False,False,False
2025-03-14 15:00:00+00:00,96.6,96.93,96.545,96.81,1845.0,,,,,,,,,,,,,,,,,,,,,,,,,,,,,,,,,,,,,,,,,,,,,,,,,,,,,,,,,,,,,,,,,,,,96.47965627805566,97.08381307774899,,,,#000000,2.9155355510693792,98.3340356518267,-0.5227292293752679,47.77518933622001,-8.300636776846872,True,False,False,False,True,0.0,97.4399,99.71605000000001,0.0,0.0,0.0,0.0,0,0.8885580852305903,1.006012842965558,False,False,False,False,-0.22475445226278637,-0.25282882206822505,False,False,False,False,-41627.0,-14853.807026899582,False,False,False,False,3874.3439359772433,False,False,False,False
2025-03-14 16:00:00+00:00,96.765,97.1,96.56,97.1,1785.0,,,,,,,,,,,,,,,,,,,,,,,,,,,,,,,,,,,,,,,,,,,,,,,,,,,,,,,,,,,,,,,,,,,,96.48599826795117,97.0822958177667,,,,"rgba(38, 166, 154, 1.0)",2.8701983796836474,98.33712987876798,-0.4310259135831384,51.162830941243826,-5.242377888979576,True,False,True,False,True,0.0,97.41040000000001,99.7017,0.0,0.0,0.0,0.0,0,0.8846602848470704,1.009572729395284,False,False,False,False,-0.21817229759039547,-0.23550055982931026,False,False,False,False,-39842.0,-15241.220871443775,False,False,False,False,3841.951006737286,False,False,False,False
2025-03-14 17:00:00+00:00,97.06,97.2,96.76,96.85,2030.0,,,,,,,,,,,,,,,,,,,,,,,,,,,,,,,,,,,,,,,,,,,,,,,,,,,,,,,,,,,,,,,,,,,,96.49326088107031,97.08077783483098,,,,"rgba(38, 166, 154, 1.0)",2.809445655621729,98.33921376889552,-0.5300738834067115,52.34881973289761,-4.1295845622624086,True,False,True,False,True,0.0,97.37790000000001,99.686325,0.0,0.0,0.0,0.0,0,0.8830805134189038,1.0120186697782965,False,False,False,False,-0.2075376978383431,-0.22151912883382668,False,False,False,False,-41872.0,-15654.101168010537,False,False,False,False,3813.858743066941,False,False,False,False
2025-03-14 18:00:00+00:00,96.86,97.07,96.81,97.03,1813.0,,,,,,,,,,,,,,,,,,,,,,,,,,,,,,,,,,,,,,,,,,,,,,,,,,,,,,,,,,,,,,,,,,,,96.50002501676043,97.07975607481232,,,,"rgba(38, 166, 154, 1.0)",2.7604896990168815,98.34036256171098,-0.4746848221087895,53.78913611262342,-2.62100874626222,True,False,True,False,True,0.0,97.3433,99.669625,0.0,0.0,0.0,0.0,0,0.8827755388119859,1.0137842415746747,False,False,False,False,-0.2103689741348465,-0.2159440514843366,False,False,False,False,-40059.0,-16032.471692537505,False,False,False,False,3782.837677282957,False,False,False,False
2025-03-14 19:00:00+00:00,97.03,97.08,96.74,96.995,3594.0,,,,,,,,,,,,,,,,,,,,,,,,,,,,,,,,,,,,,,,,,,,,,,,,,,,,,,,,,,,,,,,,,,,,96.51201573104977,97.07721670155595,,,,"rgba(38, 166, 154, 1.0)",2.719069544750399,98.3394709332232,-0.4944599286983702,54.573143381470544,-1.6153103707287713,True,False,True,False,True,0.0,97.3026,99.653275,0.0,0.0,0.0,0.0,0,0.8825868319494801,1.0138580283007839,False,False,False,False,-0.2124946123600453,-0.21421933192219095,False,False,False,False,-43653.0,-16460.696937614444,False,False,False,False,3779.9099613560893,False,False,False,False
2025-03-17 14:00:00+00:00,97.07,97.07,96.51,96.885,2130.0,,,,,,,,,,,,,,,,,,,,,,,,,,,,,,,,,,,,,,,,,,,,,,,,,,,,,,,,,,,,,,,,,,,,96.51695604409322,97.07452586341847,,,,"rgba(38, 166, 154, 1.0)",2.680607450990592,98.33626261715213,-0.5413931892996212,54.498326162579026,-1.3081888531422265,True,False,True,False,True,0.0,97.2448,99.63477499999999,0.0,0.0,0.0,0.0,0,0.8757233880867487,1.0193488045829195,False,False,False,False,-0.2210163194144099,-0.21761782566830043,False,False,False,False,-45783.0,-16915.30628741887,False,False,False,False,3754.32996195522,False,False,False,False
2025-03-17 15:00:00+00:00,96.9,97.77,96.89,97.57,2603.0,,,,,,,,,,,,,,,,,,,,,,,,,,,,,,,,,,,,,,,,,,,,,,,,,,,,,,,,,,,,,,,,,,,,96.53403507998549,97.07878785364505,,,,"rgba(38, 166, 154, 1.0)",2.6262039418415575,98.34134159365962,-0.29370970828668563,57.22998880483236,1.6270089168605892,True,False,True,False,True,0.0,97.20479999999999,99.62032500000001,0.0,0.0,0.0,0.0,0,0.8760272774960663,1.0166695809290673,False,False,False,False,-0.18289825155523176,-0.2002580386117661,False,False,False,False,-43180.0,-17322.510841102296,False,False,False,False,3736.4798850256816,False,False,False,False
2025-03-17 16:00:00+00:00,97.57,97.78,97.37,97.5,1449.0,,,,,,,,,,,,,,,,,,,,,,,,,,,,,,,,,,,,,,,,,,,,,,,,,,,,,,,,,,,,,,,,,,,,96.5447370665736,97.08209690525462,,,,"rgba(38, 166, 154, 1.0)",2.55734190021487,98.344847490823,-0.3303615722058967,58.620985163633904,3.2332873170605154,True,False,True,False,True,0.0,97.169,99.60622500000001,0.0,0.0,0.0,0.0,0,0.8733098177542629,1.023515579071135,False,False,False,False,-0.1657821036518315,-0.1830200711317988,False,False,False,False,-44629.0,-17745.86726217048,False,False,False,False,3701.0150806066786,False,False,False,False
2025-03-17 17:00:00+00:00,97.495,97.885,97.475,97.82,2329.0,,,,,,,,,,,,,,,,,,,,,,,,,,,,,,,,,,,,,,,,,,,,,,,,,,,,,,,,,,,,,,,,,,,,96.56441533343816,97.08929112274042,,,,"rgba(38, 166, 154, 1.0)",2.514173833103647,98.35211167702616,-0.21164474389954763,60.77978339402911,5.529494144774098,True,False,True,False,True,0.0,97.14949999999999,99.59297500000001,0.0,0.0,0.0,0.0,0,0.873075567046657,1.0215066400282058,False,False,False,False,-0.1584765403993269,-0.17074830576556285,False,False,False,False,-42300.0,-18126.55149066396,False,False,False,False,3679.743528969366,False,False,False,False
2025-03-17 18:00:00+00:00,97.875,98.145,97.84,98.08,3254.0,,,,,,,,,,,,,,,,,,,,,,,,,,,,,,,,,,,,,,,,,,,,,,,,,,,,,,,,,,,,,,,,,,,,96.59754301150387,97.10360747507731,,,,"rgba(38, 166, 154, 1.0)",2.456301598041368,98.36607112799717,-0.11646417045255589,63.15498494407793,7.965128612072,True,False,True,False,True,0.0,97.1233,99.58014999999999,0.0,0.0,0.0,0.0,0,0.877339121253007,1.015955886666276,False,False,False,False,-0.13682960688578674,-0.1537889563256748,False,False,False,False,-39046.0,-18450.884025692423,False,False,False,False,3673.1428541016235,False,False,False,False
2025-03-17 19:00:00+00:00,98.08,98.18,97.925,98.03,6700.0,,,,,,,,,,,,,,,,,,,,,,,,,,,,,,,,,,,,,,,,,,,,,,,,,,,,,,,,,,,,,,,,,,,,96.66226512724683,97.13245786486874,,,,"rgba(38, 166, 154, 1.0)",2.391637160253695,98.38982502303377,-0.15045134312748148,64.35121428952009,9.288006343289588,True,False,True,False,True,0.0,97.0925,99.56697499999999,0.0,0.0,0.0,0.0,0,0.8784876905041036,1.0155920281359907,False,False,False,False,-0.13268854868867969,-0.14323875250717724,False,False,False,False,-45746.0,-18874.064118317347,False,False,False,False,3720.0708718674896,False,False,False,False
2025-03-18 14:00:00+00:00,98.4,98.41,97.82,97.83,2679.0,,,,,,,,,,,,,,,,,,,,,,,,,,,,,,,,,,,,,,,,,,,,,,,,,,,,,,,,,,,,,,,,,,,,96.68611377380303,97.14320216959405,,,,"rgba(38, 166, 154, 1.0)",2.3217906882404513,98.30036410874385,-0.20258678403965544,63.55837156896089,9.288006343289588,True,False,True,False,True,0.0,97.0601,99.552675,0.0,0.0,0.0,0.0,0,0.8769257703081236,1.0139472455648928,False,False,False,False,-0.1283797499330285,-0.13580925122010287,False,False,False,False,-48425.0,-19332.2181629946,False,False,False,False,3703.930238195125,False,False,False,False
2025-03-18 15:00:00+00:00,97.85,97.85,97.33,97.41,1140.0,,,,,,,,,,,,,,,,,,,,,,,,,,,,,,,,,,,,,,,,,,,,,,,,,,,,,,,,,,,,,,,,,,,,96.69237458701842,97.14518449086873,,,,"rgba(38, 166, 154, 0.75)",2.268222243111162,98.291588566148,-0.3886693946439672,60.04525006234361,9.288006343289588,True,False,True,False,False,0.0,97.01950000000001,99.535,0.0,0.0,0.0,0.0,0,0.8742284849190641,1.0190986374752535,False,False,False,False,-0.16473739526704262,-0.15027332324357273,False,False,False,False,-49565.0,-19800.94346279313,False,False,False,False,3664.1793817889993,False,False,False,False
2025-03-18 16:00:00+00:00,97.42,97.42,97.125,97.24,2504.0,,,,,,,,,,,,,,,,,,,,,,,,,,,,,,,,,,,,,,,,,,,,,,,,,,,,,,,,,,,,,,,,,,,,96.70150291682407,97.14648112501574,,,,"rgba(38, 166, 154, 0.75)",2.203805578318363,98.27376811938919,-0.46908317573913283,56.6122501871436,11.662029831180902,True,False,True,False,False,0.0,96.9913,99.52050000000001,0.0,0.0,0.0,0.0,0,0.8718157024313822,1.0206580398073466,False,False,False,False,-0.18693034817845697,-0.16860183571101484,False,False,False,False,-52069.0,-20301.223409106413,False,False,False,False,3646.1921045519603,False,False,False,False
2025-03-18 17:00:00+00:00,97.235,97.4,97.09,97.35,1587.0,,,,,,,,,,,,,,,,,,,,,,,,,,,,,,,,,,,,,,,,,,,,,,,,,,,,,,,,,,,,,,,,,,,,96.70732272583199,97.14741650922018,,,,"rgba(38, 166, 154, 0.75)",2.148108925300363,98.2677317206178,-0.42722773962194927,55.04392208899094,10.153929779672495,True,False,True,False,False,0.0,96.9761,99.50635,0.0,0.0,0.0,0.0,0,0.8718704827984972,1.02081526452732,False,False,False,False,-0.1888608604110309,-0.17873134806102287,False,False,False,False,-50482.0,-20769.14242601949,False,False,False,False,3614.266645566658,False,False,False,False
2025-03-18 18:00:00+00:00,97.33,97.39,97.185,97.26,2069.0,,,,,,,,,,,,,,,,,,,,,,,,,,,,,,,,,,,,,,,,,,,,,,,,,,,,,,,,,,,,,,,,,,,,96.71471496922558,97.14860139865237,,,,"rgba(38, 166, 154, 0.75)",2.0953471126576293,98.2618446982419,-0.4781282739217412,53.339590450391896,8.454176947158416,True,False,True,False,False,0.0,96.9645,99.49259999999998,0.0,0.0,0.0,0.0,0,0.873269497000462,1.0208814028610984,False,False,False,False,-0.18587792263093877,-0.18230463534598082,False,False,False,False,-52551.0,-21261.884403910663,False,False,False,False,3590.3090231547717,False,False,False,False
2025-03-18 19:00:00+00:00,97.225,97.67,97.165,97.65,3119.0,,,,,,,,,,,,,,,,,,,,,,,,,,,,,,,,,,,,,,,,,,,,,,,,,,,,,,,,,,,,,,,,,,,,96.72965138068874,97.15326399677771,,,,"rgba(38, 166, 154, 0.75)",2.04689926562197,98.26128816498522,-0.29864105930951396,54.81621210437855,8.454176947158416,True,False,True,False,False,0.0,96.9615,99.4794,0.0,0.0,0.0,0.0,0,0.8737741583988077,1.0175488902907612,False,False,False,False,-0.17677367331064422,-0.17953915432831252,False,False,False,False,-49432.0,-21698.630382144605,False,False,False,False,3583.001906516713,False,False,False,False
2025-03-19 14:00:00+00:00,98.05,98.255,97.91,97.99,3264.0,,,,,,,,,,,,,,,,,,,,,,,,,,,,,,,,,,,,,,,,,,,,,,,,,,,,,,,,,,,,,,,,,,,,96.75561411214463,97.16574308605408,,,,"rgba(38, 166, 154, 1.0)",1.988687323404673,98.2753708742209,-0.14349710528266532,57.67434015095807,8.454176947158416,True,False,True,False,True,0.0,96.9683,99.46745000000001,0.0,0.0,0.0,0.0,0,0.8801685841211989,1.0132703041348676,False,False,False,False,-0.13061972366376853,-0.15507943899604054,False,False,False,False,-46168.0,-22078.000453739263,False,False,False,False,3578.0561405242056,False,False,False,False
2025-03-19 15:00:00+00:00,98.0,98.135,97.89,98.13,984.0,,,,,,,,,,,,,,,,,,,,,,,,,,,,,,,,,,,,,,,,,,,,,,,,,,,,,,,,,,,,,,,,,,,,96.76324223718889,97.16943743784468,,,,"rgba(38, 166, 154, 1.0)",1.9226248667846166,98.27896684775766,-0.07748097423019079,60.288496670295686,5.09077347827543,True,False,True,False,True,0.0,96.96809999999999,99.46025,0.0,0.0,0.0,0.0,0,0.8802748906684847,1.0145964673141366,False,False,False,False,-0.13544874278411967,-0.1452640908900801,False,False,False,False,-45184.0,-22436.23300484408,False,False,False,False,3537.8382158649156,False,False,False,False
2025-03-19 16:00:00+00:00,98.13,98.16,97.78,97.82,1563.0,,,,,,,,,,,,,,,,,,,,,,,,,,,,,,,,,,,,,,,,,,,,,,,,,,,,,,,,,,,,,,,,,,,,96.77395644813696,97.17437628492,,,,"rgba(38, 166, 154, 1.0)",1.83644337028193,98.28264823377063,-0.2519262185033295,59.27101521918435,5.09077347827543,True,False,True,False,True,0.0,96.9575,99.449375,0.0,0.0,0.0,0.0,0,0.8815392497296072,1.0181590482154041,False,False,False,False,-0.13838369937235512,-0.14182389513121763,False,False,False,False,-46747.0,-22813.144121048048,False,False,False,False,3507.22056910732,False,False,False,False
2025-03-19 17:00:00+00:00,97.82,97.865,97.31,97.31,2278.0,,,,,,,,,,,,,,,,,,,,,,,,,,,,,,,,,,,,,,,,,,,,,,,,,,,,,,,,,,,,,,,,,,,,96.78356041248846,97.17742196220047,,,,"rgba(38, 166, 154, 0.75)",1.7141903323422745,98.28043202250775,-0.5661168449023686,54.97578461798908,10.315676439907783,True,False,True,False,False,0.0,96.96430000000001,99.434975,0.0,0.0,0.0,0.0,0,0.8747161671207998,1.0203224341507722,False,False,False,False,-0.164911488524795,-0.1533676918280063,False,False,False,False,-49025.0,-23219.52948351242,False,False,False,False,3488.162885865346,False,False,False,False
2025-03-19 18:00:00+00:00,97.31,98.12,97.28,98.115,5542.0,,,,,,,,,,,,,,,,,,,,,,,,,,,,,,,,,,,,,,,,,,,,,,,,,,,,,,,,,,,,,,,,,,,,96.81666674218009,97.19235065953131,,,,"rgba(38, 166, 154, 0.75)",1.5871264702072962,98.28762086570367,-0.10876314455339633,56.61335969781353,10.315676439907783,True,False,True,False,False,0.0,96.98119999999999,99.424925,0.0,0.0,0.0,0.0,0,0.8745911807826778,1.0173677681290179,False,False,False,False,-0.15708692777704,-0.15522730980252314,False,False,False,False,-43483.0,-23533.691817101375,False,False,False,False,3520.005321743403,False,False,False,False
2025-03-19 19:00:00+00:00,98.115,98.39,97.84,98.07,10871.0,,,,,,,,,,,,,,,,,,,,,,,,,,,,,,,,,,,,,,,,,,,,,,,,,,,,,,,,,,,,,,,,,,,,96.89109651088347,97.23086045174367,,,,"rgba(38, 166, 154, 0.75)",1.4448460686738986,98.22655012525419,-0.10835072929110244,57.393819370146645,10.315676439907783,True,False,True,False,False,0.0,96.9806,99.417225,0.0,0.0,0.0,0.0,0,0.8791221159257181,1.0176702307259426,False,False,False,False,-0.1283797499330275,-0.14180352986777534,False,False,False,False,-54354.0,-24011.526052495148,False,False,False,False,3633.974231483815,False,False,False,False
2025-03-20 14:00:00+00:00,97.64,98.0,97.51,97.925,6035.0,,,,,,,,,,,,,,,,,,,,,,,,,,,,,,,,,,,,,,,,,,,,,,,,,,,,,,,,,,,,,,,,,,,,96.91981154326571,97.24422583572603,,,,"rgba(38, 166, 154, 0.75)",1.3305977048877418,98.22247643891241,-0.22356602436610165,56.86283095152465,10.315676439907783,True,False,True,False,False,0.0,96.9725,99.41022500000001,0.0,0.0,0.0,0.0,0,0.8726497165628337,1.0230117303698716,False,False,False,False,-0.15326857714679964,-0.1475360535072875,False,False,False,False,-60389.0,-24575.51789664251,False,False,False,False,3671.199437197244,False,False,False,False
2025-03-20 15:00:00+00:00,97.925,98.085,97.37,97.79,1987.0,,,,,,,,,,,,,,,,,,,,,,,,,,,,,,,,,,,,,,,,,,,,,,,,,,,,,,,,,,,,,,,,,,,,96.92823401309035,97.24801650494746,,,,"rgba(38, 166, 154, 0.75)",1.2398807520401174,98.22084393631233,-0.34748820449338513,55.52190630745232,10.315676439907783,True,False,True,False,False,0.0,96.9579,99.40337500000001,0.0,0.0,0.0,0.0,1,0.873047858942066,1.022054296109712,False,False,False,False,-0.155177191344798,-0.15135662242604275,False,False,False,False,-62376.0,-25161.57188274107,False,False,False,False,3645.087818015891,False,False,False,False
2025-03-20 16:00:00+00:00,97.78,97.965,97.72,97.8,1651.0,,,,,,,,,,,,,,,,,,,,,,,,,,,,,,,,,,,,,,,,,,,,,,,,,,,,,,,,,,,,,,,,,,,,96.93577316057286,97.25161981860008,,,,"rgba(38, 166, 154, 0.75)",1.1430546123642336,98.22072863832553,-0.36807396057421543,54.697159158057275,9.342321636339769,True,False,True,False,False,0.0,96.96109999999999,99.41210000000001,0.0,0.0,0.0,0.0,0,0.8860215053763446,1.0191850594227505,False,False,False,False,-0.1472030091858906,-0.14927981580596666,False,False,False,False,-60725.0,-25712.942861303225,False,False,False,False,3614.1717278140945,False,False,False,False
2025-03-20 17:00:00+00:00,97.81,97.98,97.65,97.77,1058.0,,,,,,,,,,,,,,,,,,,,,,,,,,,,,,,,,,,,,,,,,,,,,,,,,,,,,,,,,,,,,,,,,,,,96.9403871151682,97.25379318331942,,,,"rgba(38, 166, 154, 0.75)",1.1364632112967556,98.22045577969611,-0.3963663541577588,53.88845623222333,8.270261875947696,True,False,True,False,False,0.0,96.9599,99.4187,0.0,0.0,0.0,0.0,1,0.8837156612857554,1.0155196828094024,False,False,False,False,-0.14910815140977682,-0.14919398360787173,False,False,False,False,-61783.0,-26272.168553376043,False,False,False,False,3574.5411583906202,False,False,False,False
2025-03-20 18:00:00+00:00,97.77,97.98,97.61,97.88,1719.0,,,,,,,,,,,,,,,,,,,,,,,,,,,,,,,,,,,,,,,,,,,,,,,,,,,,,,,,,,,,,,,,,,,,96.94798021411775,97.25743717866642,,,,"rgba(38, 166, 154, 0.5)",1.1314647765356405,98.2203646426993,-0.30081770971381,54.255383684830136,8.270261875947696,False,False,True,False,False,0.0,96.9609,99.42389999999999,0.0,0.0,0.0,0.0,1,0.8858711028121999,1.0115996152322753,False,False,False,False,-0.15049438378765026,-0.14984418369776098,False,False,False,False,-60064.0,-26796.072916889592,False,False,False,False,3545.7730784155715,False,False,False,False
2025-03-20 19:00:00+00:00,97.91,98.245,97.885,97.895,3853.0,,,,,,,,,,,,,,,,,,,,,,,,,,,,,,,,,,,,,,,,,,,,,,,,,,,,,,,,,,,,,,,,,,,,96.96803263588605,97.26805346298505,,,,"rgba(38, 166, 154, 0.5)",1.122496341212899,98.22511176195795,-0.29408716076638025,54.629948914125265,8.270261875947696,False,False,True,False,False,0.0,96.9746,99.426925,0.0,0.0,0.0,0.0,1,0.888763282839702,1.0087044992086818,False,False,False,False,-0.1318264020266571,-0.14083529286220903,False,False,False,False,-56211.0,-27252.118298023084,False,False,False,False,3550.5362865021516,False,False,False,False
2025-03-21 14:00:00+00:00,96.55,96.565,96.06,96.54,984.0,,,,,,,,,,,,,,,,,,,,,,,,,,,,,,,,,,,,,,,,,,,,,,,,,,,,,,,,,,,,,,,,,,,,96.96524636874146,97.26488850458303,,,,"rgba(239, 83, 80, 1.0)",1.112120440363449,98.21555143628902,-1.5066276776114556,46.2380119044162,0.47354841800881076,False,True,False,True,False,0.0,96.9692,99.42094999999999,0.0,0.0,0.0,0.0,0,0.8825854581895118,1.0169802917269792,False,False,False,False,-0.2552539829518586,-0.1980446379070338,False,False,False,False,-57195.0,-27716.34902208474,False,False,False,False,3510.7450262463044,False,False,False,False
2025-03-21 15:00:00+00:00,96.56,96.665,95.98,96.13,1515.0,,,,,,,,,,,,,,,,,,,,,,,,,,,,,,,,,,,,,,,,,,,,,,,,,,,,,,,,,,,,,,,,,,,,96.96005356975462,97.25934378454244,,,,"rgba(239, 83, 80, 1.0)",1.0873548033962046,98.00307736042612,-1.7225999780162107,39.29387356968226,-5.636508814159271,False,True,False,True,False,0.0,96.9383,99.41345000000001,0.0,0.0,0.0,0.0,0,0.8772825664650058,1.019759116390076,False,False,False,False,-0.25453119260402174,-0.22628791525552777,False,False,False,False,-58710.0,-28196.870742672574,False,False,False,False,3479.8032428936485,False,False,False,False
2025-03-21 16:00:00+00:00,96.1,96.88,96.06,96.82,870.0,,,,,,,,,,,,,,,,,,,,,,,,,,,,,,,,,,,,,,,,,,,,,,,,,,,,,,,,,,,,,,,,,,,,96.9584851111154,97.25722257461199,,,,"rgba(239, 83, 80, 1.0)",1.0583249641438446,98.00418077714983,-1.1189198188363658,39.79899993282034,-5.636508814159271,False,True,False,True,False,0.0,96.9593,99.40645,0.0,0.0,0.0,0.0,0,0.8830153095185274,1.0165853117372976,False,False,False,False,-0.24389979193749126,-0.23509385359650953,False,False,False,False,-57840.0,-28656.45414201098,False,False,False,False,3439.3411771123515,False,False,False,False
2025-03-21 17:00:00+00:00,96.82,97.26,96.795,97.02,523.0,,,,,,,,,,,,,,,,,,,,,,,,,,,,,,,,,,,,,,,,,,,,,,,,,,,,,,,,,,,,,,,,,,,,96.95865265168844,97.25678319350835,,,,"rgba(239, 83, 80, 0.75)",1.0339419887190886,98.00913768525757,-0.9566665209940644,41.38050093530842,-5.636508814159271,False,True,False,True,True,0.0,96.9835,99.40165,0.0,0.0,0.0,0.0,0,0.8930667848045194,1.0057038431720013,False,False,False,False,-0.20417980877506678,-0.21963683118578814,False,False,False,False,-57317.0,-29100.80369019686,False,False,False,False,3394.126585219137,False,False,False,False
2025-03-21 18:00:00+00:00,97.0,97.08,96.69,96.69,812.0,,,,,,,,,,,,,,,,,,,,,,,,,,,,,,,,,,,,,,,,,,,,,,,,,,,,,,,,,,,,,,,,,,,,96.95811253380154,97.25550386142864,,,,"rgba(239, 83, 80, 0.75)",1.0215366317907768,98.00902762560021,-1.291219114960105,40.878317219392,-5.636508814159271,False,True,False,True,True,0.0,97.01809999999999,99.3977,0.0,0.0,0.0,0.0,0,0.8922275196806746,1.0092027941013415,False,False,False,False,-0.21426742307998262,-0.21695212713288536,False,False,False,False,-58129.0,-29550.853245387603,False,False,False,False,3354.0936149056615,False,False,False,False
2025-03-21 19:00:00+00:00,96.71,96.91,96.515,96.73,2851.0,,,,,,,,,,,,,,,,,,,,,,,,,,,,,,,,,,,,,,,,,,,,,,,,,,,,,,,,,,,,,,,,,,,,96.95487724288286,97.25003587665428,,,,"rgba(239, 83, 80, 0.75)",0.9930789005426841,97.99629228941146,-1.2751175044797216,40.82599434215138,-5.636508814159271,False,True,False,True,True,0.0,97.04790000000001,99.39174999999999,0.0,0.0,0.0,0.0,0,0.8873247242698005,1.012747325832733,False,False,False,False,-0.22653668301752694,-0.22174440507520615,False,False,False,False,-55278.0,-29949.723737707176,False,False,False,False,3346.293713899372,False,False,False,False
2025-03-24 14:00:00+00:00,97.41,97.82,97.34,97.81,1025.0,,,,,,,,,,,,,,,,,,,,,,,,,,,,,,,,,,,,,,,,,,,,,,,,,,,,,,,,,,,,,,,,,,,,96.95826516675064,97.2515185843961,,,,"rgba(239, 83, 80, 0.75)",0.9575504832270189,98.00480304881648,-0.20343893322468026,46.714375581067706,-8.822266144799329,False,True,False,True,True,0.0,97.0857,99.390375,0.0,0.0,0.0,0.0,0,0.8882045642012654,1.0078636238658236,False,False,False,False,-0.16543382778773816,-0.19358911643147214,False,False,False,False,-54253.0,-30326.518718517917,False,False,False,False,3310.3046640714747,False,False,False,False
2025-03-24 15:00:00+00:00,97.9,98.11,97.69,97.86,1072.0,,,,,,,,,,,,,,,,,,,,,,,,,,,,,,,,,,,,,,,,,,,,,,,,,,,,,,,,,,,,,,,,,,,,96.96292903613798,97.25393153351737,,,,"rgba(38, 166, 154, 0.5)",0.9245747646869179,98.01470675119211,-0.16732746458259193,50.852666318387534,-5.012650820593791,False,False,True,False,True,0.0,97.13780000000001,99.3918,0.0,0.0,0.0,0.0,0,0.8889315910837822,1.0068079499286264,False,False,False,False,-0.1432229390822262,-0.16840602775684915,False,False,False,False,-53181.0,-30680.85176164167,False,False,False,False,3275.6022661788934,False,False,False,False
2025-03-24 16:00:00+00:00,97.86,97.96,97.59,97.61,1669.0,,,,,,,,,,,,,,,,,,,,,,,,,,,,,,,,,,,,,,,,,,,,,,,,,,,,,,,,,,,,,,,,,,,,96.9688042706667,97.25667199232447,,,,"rgba(38, 166, 154, 0.5)",0.8880922817485135,98.02321624159165,-0.46528525253940706,52.04282821876902,-3.917244689084349,False,False,True,False,True,0.0,97.1744,99.38759999999998,0.0,0.0,0.0,0.0,0,0.8861304203905996,1.0134613262716543,False,False,False,False,-0.15188119046845508,-0.16014360911265213,False,False,False,False,-54850.0,-31055.567238205364,False,False,False,False,3250.6937039125537,False,False,False,False
2025-03-24 17:00:00+00:00,97.61,97.985,97.585,97.985,1562.0,,,,,,,,,,,,,,,,,,,,,,,,,,,,,,,,,,,,,,,,,,,,,,,,,,,,,,,,,,,,,,,,,,,,96.97517022425747,97.25992831899129,,,,"rgba(38, 166, 154, 0.5)",0.8764172974557619,98.03127608546194,-0.05280142872154601,54.635116332540974,-1.4064261624535561,False,False,True,False,True,0.0,97.2109,99.38547499999999,0.0,0.0,0.0,0.0,0,0.886022333461687,1.0119368502117831,False,False,False,False,-0.15118771498459302,-0.1556656620486226,False,False,False,False,-53288.0,-31400.25611823319,False,False,False,False,3224.512406177475,False,False,False,False
2025-03-24 18:00:00+00:00,97.985,98.085,97.87,98.01,558.0,,,,,,,,,,,,,,,,,,,,,,,,,,,,,,,,,,,,,,,,,,,,,,,,,,,,,,,,,,,,,,,,,,,,96.97777329361277,97.2613496417989,,,,"rgba(38, 166, 154, 1.0)",0.8750380583745979,98.03453221005239,-0.02803559207236557,56.48120051749494,0.4445707680344455,True,False,True,False,True,0.0,97.24529999999999,99.38282500000001,0.0,0.0,0.0,0.0,0,0.893415024562566,1.0105425843130764,False,False,False,False,-0.13786559510211993,-0.14676562857537126,False,False,False,False,-52730.0,-31730.94982182647,False,False,False,False,3183.17112856232,False,False,False,False
2025-03-24 19:00:00+00:00,98.01,98.02,97.3,97.35,8136.0,,,,,,,,,,,,,,,,,,,,,,,,,,,,,,,,,,,,,,,,,,,,,,,,,,,,,,,,,,,,,,,,,,,,96.99867634919224,97.26951925409098,,,,"rgba(38, 166, 154, 0.5)",0.8717573118771044,98.03765761752356,-0.788817722724776,53.555015477001035,0.4445707680344455,False,False,True,False,False,0.0,97.2609,99.37797499999999,0.0,0.0,0.0,0.0,0,0.8910580730312366,1.0061592608886936,False,False,False,False,-0.15986676025817353,-0.1533161944167724,False,False,False,False,-60866.0,-32182.656026139237,False,False,False,False,3259.9591730807338,False,False,False,False
2025-03-25 14:00:00+00:00,98.02,98.21,97.89,98.19,2589.0,,,,,,,,,,,,,,,,,,,,,,,,,,,,,,,,,,,,,,,,,,,,,,,,,,,,,,,,,,,,,,,,,,,,97.01114929642969,97.2767371496495,,,,"rgba(38, 166, 154, 0.75)",0.8767812140424087,98.04797693774145,0.16198232806990268,55.59338089839915,0.4445707680344455,True,False,True,False,False,0.6053525604727881,97.2837,99.376875,0.0,0.0,0.0,0.0,0,0.8973346495557754,0.9951738510474939,False,False,False,False,-0.1328610015158042,-0.1430885979662883,False,False,False,False,-58277.0,-32587.219498602193,False,False,False,False,3249.5567052810325,False,False,False,False
2025-03-25 15:00:00+00:00,98.18,98.4,98.07,98.13,1466.0,,,,,,,,,,,,,,,,,,,,,,,,,,,,,,,,,,,,,,,,,,,,,,,,,,,,,,,,,,,,,,,,,,,,97.01874757493185,97.28127671551117,,,,"rgba(38, 166, 154, 0.75)",0.8821108590012642,98.05430059119129,0.0858162078340248,56.59314679660295,0.6660339025382314,True,False,True,False,False,0.3665314469585681,97.30760000000001,99.37522499999999,0.0,0.0,0.0,0.0,0,0.8989615955167302,0.9919784627218285,False,False,False,False,-0.12011998794106615,-0.13160429295367723,False,False,False,False,-59743.0,-33008.23935133704,False,False,False,False,3221.9046633386906,False,False,False,False
2025-03-25 16:00:00+00:00,98.14,98.43,98.05,98.32,1272.0,,,,,,,,,,,,,,,,,,,,,,,,,,,,,,,,,,,,,,,,,,,,,,,,,,,,,,,,,,,,,,,,,,,,97.02562975022434,97.28546273629696,,,,"rgba(38, 166, 154, 1.0)",0.8850240491466586,98.06003870752083,0.29373359145417177,58.093855995394144,2.348926526744968,True,False,True,False,True,1.1206154361138836,97.3382,99.370425,0.0,0.0,0.0,0.0,0,0.9046491131431094,0.9881568800264404,False,False,False,False,-0.1197761926103946,-0.12569024278203592,False,False,False,False,-58471.0,-33403.010834262044,False,False,False,False,3191.673583286928,False,False,False,False
2025-03-25 17:00:00+00:00,98.34,98.44,98.19,98.37,2432.0,,,,,,,,,,,,,,,,,,,,,,,,,,,,,,,,,,,,,,,,,,,,,,,,,,,,,,,,,,,,,,,,,,,,97.03927463077609,97.2939051031214,,,,"rgba(38, 166, 154, 1.0)",0.885386422483142,98.07126322513474,0.33740835332377106,59.32229028387243,3.800911957387335,True,False,True,False,True,1.3205201214931854,97.37289999999999,99.365375,0.0,0.0,0.0,0.0,0,0.9030994926097512,0.9895764394440768,False,False,False,False,-0.11462259653063996,-0.12015641965633794,False,False,False,False,-56039.0,-33753.956402723095,False,False,False,False,3179.8956982747277,False,False,False,False
2025-03-25 18:00:00+00:00,98.37,98.38,98.19,98.2,570.0,,,,,,,,,,,,,,,,,,,,,,,,,,,,,,,,,,,,,,,,,,,,,,,,,,,,,,,,,,,,,,,,,,,,97.04224452776027,97.29571964624436,,,,"rgba(38, 166, 154, 1.0)",0.8929299378306501,98.07343967422071,0.14173600908350062,58.84385372876249,3.800911957387335,True,False,True,False,True,0.6107202430252734,97.4051,99.35897499999999,0.0,0.0,0.0,0.0,0,0.901026716714507,0.9912232280856703,False,False,False,False,-0.11668329244391486,-0.11841985605012639,False,False,False,False,-56609.0,-34108.29816392119,False,False,False,False,3139.43219907667,False,False,False,False
2025-03-25 19:00:00+00:00,98.22,98.27,97.91,98.17,3720.0,,,,,,,,,,,,,,,,,,,,,,,,,,,,,,,,,,,,,,,,,,,,,,,,,,,,,,,,,,,,,,,,,,,,97.05908265892624,97.30569486408122,,,,"rgba(38, 166, 154, 1.0)",0.9000432922522666,98.08321136722529,0.09642717580565845,58.28653408258073,3.800911957387335,True,False,True,False,True,0.4843055597572459,97.461,99.353075,0.0,0.0,0.0,0.0,0,0.8967685011580461,0.9937134664166761,False,False,False,False,-0.1301026917590756,-0.124261273904601,False,False,False,False,-60329.0,-34514.82067300768,False,False,False,False,3148.433250253776,False,False,False,False
2025-03-26 14:00:00+00:00,98.58,98.58,98.37,98.43,2688.0,,,,,,,,,,,,,,,,,,,,,,,,,,,,,,,,,,,,,,,,,,,,,,,,,,,,,,,,,,,,,,,,,,,,97.07476920759096,97.31574143269901,,,,"rgba(38, 166, 154, 1.0)",0.9052856400553697,98.09518880973249,0.3698403856787541,59.44960354996102,4.903852159687439,True,False,True,False,True,1.5700149725634986,97.5152,99.34882499999999,0.0,0.0,0.0,0.0,0,0.901124338624339,0.9898589065255735,False,False,False,False,-0.10364813833820025,-0.11395470612140063,False,False,False,False,-57641.0,-34873.36608893004,False,True,False,False,3141.2947502498414,False,True,False,False
2025-03-26 15:00:00+00:00,98.43,98.59,98.08,98.135,2213.0,,,,,,,,,,,,,,,,,,,,,,,,,,,,,,,,,,,,,,,,,,,,,,,,,,,,,,,,,,,,,,,,,,,,97.08567174364687,97.32251871069788,,,,"rgba(38, 166, 154, 1.0)",0.9022891208797925,98.03596429482393,0.10976050013715306,57.74042931043695,4.903852159687439,True,False,True,False,True,0.299785511458186,97.57950000000001,99.34105,0.0,0.0,0.0,0.0,1,0.903459328028294,0.9882294429708225,False,False,False,False,-0.11324933859134356,-0.1136020223563721,False,False,False,False,-59854.0,-35260.66273871407,False,False,False,False,3126.902583579301,False,False,False,False
2025-03-26 16:00:00+00:00,98.1,98.13,97.83,97.845,1405.0,,,,,,,,,,,,,,,,,,,,,,,,,,,,,,,,,,,,,,,,,,,,,,,,,,,,,,,,,,,,,,,,,,,,97.09056886563386,97.32527280553803,,,,"rgba(38, 166, 154, 0.5)",0.8922907708926467,98.02931725180515,-0.2065663546208864,54.46922379334268,8.830721978125474,False,False,True,False,False,0.0,97.605,99.335675,0.0,0.0,0.0,0.0,0,0.8937485283729694,1.0196609371320935,False,False,False,False,-0.1376929100352704,-0.12564746619582123,False,False,False,False,-61259.0,-35663.73773501308,False,False,False,False,3100.2064194928003,False,False,False,False
2025-03-26 17:00:00+00:00,97.82,97.965,97.42,97.45,1448.0,,,,,,,,,,,,,,,,,,,,,,,,,,,,,,,,,,,,,,,,,,,,,,,,,,,,,,,,,,,,,,,,,,,,97.09364711457782,97.32659390049005,,,,#000000,0.8912778911650698,98.01866854512528,-0.6380373066159187,49.84688789471545,4.51005517109126,False,True,False,False,False,0.0,97.6178,99.328475,0.0,0.0,0.0,0.0,0,0.8888888888888891,1.0151622838190002,False,False,False,False,-0.15760796171586677,-0.141627713955844,False,False,False,False,-62707.0,-36083.01311896636,False,False,False,False,3074.5908160898107,False,False,False,False
2025-03-26 18:00:00+00:00,97.46,97.54,97.275,97.275,1026.0,,,,,,,,,,,,,,,,,,,,,,,,,,,,,,,,,,,,,,,,,,,,,,,,,,,,,,,,,,,,,,,,,,,,97.09477122257925,97.32671359228952,,,,"rgba(239, 83, 80, 1.0)",0.8882073402531958,98.00981204810441,-0.8272978783252722,45.80737541682443,0.88103546855384,False,True,False,True,False,0.0,97.62129999999999,99.31994999999999,0.0,0.0,0.0,0.0,0,0.8914005501734246,1.0151895706255232,False,False,False,False,-0.17747295281836306,-0.15955033338710353,False,False,False,False,-63733.0,-36511.69508611417,False,False,False,False,3042.8297181659377,False,False,False,False
2025-03-26 19:00:00+00:00,97.275,97.58,97.11,97.57,1902.0,,,,,,,,,,,,,,,,,,,,,,,,,,,,,,,,,,,,,,,,,,,,,,,,,,,,,,,,,,,,,,,,,,,,97.09726500464284,97.32727360575865,,,,"rgba(239, 83, 80, 1.0)",0.8861590720075482,97.99942225048426,-0.48458822354707815,45.570889719070585,0.7279673147325099,False,True,False,True,False,0.0,97.6357,99.31279999999998,0.0,0.0,0.0,0.0,0,0.8776452251064086,1.0214615430729574,False,False,False,False,-0.18003451391307546,-0.1697924236500895,False,False,False,False,-61831.0,-36904.24244912015,False,False,False,False,3025.1424357137525,False,False,False,False
2025-03-27 14:00:00+00:00,97.35,97.35,97.04,97.28,1074.0,,,,,,,,,,,,,,,,,,,,,,,,,,,,,,,,,,,,,,,,,,,,,,,,,,,,,,,,,,,,,,,,,,,,97.09780849640406,97.32692245950334,,,,"rgba(239, 83, 80, 1.0)",0.8862268180174592,97.99228991528892,-0.803733198779015,43.673437584485484,-1.1326354821037512,False,True,False,True,False,0.0,97.6407,99.303325,0.0,0.0,0.0,0.0,0,0.8782378748722882,1.0180299296832744,False,False,False,False,-0.19067776934370567,-0.1802350964968976,False,False,False,False,-62905.0,-37307.354969288834,False,False,False,False,2994.892165392609,False,False,False,False
2025-03-27 15:00:00+00:00,97.29,97.52,96.78,96.83,1596.0,,,,,,,,,,,,,,,,,,,,,,,,,,,,,,,,,,,,,,,,,,,,,,,,,,,,,,,,,,,,,,,,,,,,97.09746172704584,97.32550585857825,,,,"rgba(239, 83, 80, 1.0)",0.8861163722816564,97.98011288328627,-1.2979253281652492,40.17422787952278,-4.46609771774736,False,True,False,True,False,0.0,97.6374,99.289375,0.0,0.0,0.0,0.0,0,0.8778776978417269,1.0110311750599523,False,False,False,False,-0.19387898074966894,-0.18705703862328327,False,False,False,False,-64501.0,-37728.96186898978,False,False,False,False,2973.203914766367,False,False,False,False
2025-03-27 16:00:00+00:00,96.81,97.21,96.77,96.77,762.0,,,,,,,,,,,,,,,,,,,,,,,,,,,,,,,,,,,,,,,,,,,,,,,,,,,,,,,,,,,,,,,,,,,,97.09691391333276,97.32453311580512,,,,"rgba(239, 83, 80, 1.0)",0.8854775929225701,97.9739403797965,-1.3596508702414833,37.56947073087217,-6.918687747277879,False,True,False,True,False,0.0,97.63510000000001,99.277025,0.0,0.0,0.0,0.0,0,0.8745022324122119,1.0250995535175578,False,False,False,False,-0.19919490699764383,-0.19312597281046356,False,False,False,False,-65263.0,-38155.84618109847,False,False,False,False,2938.921683529679,False,False,False,False
2025-03-27 17:00:00+00:00,96.81,96.88,96.66,96.67,988.0,,,,,,,,,,,,,,,,,,,,,,,,,,,,,,,,,,,,,,,,,,,,,,,,,,,,,,,,,,,,,,,,,,,,97.09550415031164,97.32272515743043,,,,"rgba(239, 83, 80, 1.0)",0.8722451769135936,97.96471254624313,-1.484344746765381,35.35752056142803,-9.03252960441474,False,True,False,True,False,0.0,97.6171,99.26540000000001,0.0,0.0,0.0,0.0,0,0.8779108652033806,1.0247461543138567,False,False,False,False,-0.20837146147614435,-0.20074871714330395,False,False,False,False,-66251.0,-38591.42996123648,False,False,False,False,2908.674835723017,False,False,False,False
2025-03-27 18:00:00+00:00,96.66,96.87,96.6,96.62,1739.0,,,,,,,,,,,,,,,,,,,,,,,,,,,,,,,,,,,,,,,,,,,,,,,,,,,,,,,,,,,,,,,,,,,,97.09277578248953,97.3193544370552,,,,"rgba(239, 83, 80, 1.0)",0.859953251400894,97.94943250566175,-1.5459357860395904,33.63342208721635,-10.745826904694887,False,True,False,True,False,0.0,97.5995,99.25352500000001,0.0,0.0,0.0,0.0,0,0.8820472055766173,1.017977253271371,False,False,False,False,-0.2097404659515265,-0.20524459154741523,False,False,False,False,-67990.0,-39047.2217447832,False,False,False,False,2890.540342145916,False,False,False,False
2025-03-27 19:00:00+00:00,96.62,97.35,96.62,97.04,2789.0,,,,,,,,,,,,,,,,,,,,,,,,,,,,,,,,,,,,,,,,,,,,,,,,,,,,,,,,,,,,,,,,,,,,97.09180513672555,97.31664899119346,,,,"rgba(239, 83, 80, 0.75)",0.81955726896751,97.93558244630078,-1.0927637154985474,36.81451455848787,-10.745826904694887,False,True,False,True,True,0.0,97.58390000000001,99.2424,0.0,0.0,0.0,0.0,0,0.8855506124687672,1.0057895057590347,False,False,False,False,-0.18976064414430047,-0.19750261784585785,False,False,False,False,-65201.0,-39452.70667897261,False,False,False,False,2888.966073275437,False,False,False,False
2025-03-28 14:00:00+00:00,96.36,96.55,95.92,95.955,1591.0,,,,,,,,,,,,,,,,,,,,,,,,,,,,,,,,,,,,,,,,,,,,,,,,,,,,,,,,,,,,,,,,,,,,97.08595931783903,97.31093867730492,,,,"rgba(239, 83, 80, 1.0)",0.8001338120073921,97.91706745854091,-2.452174160242572,33.88370756137384,-10.745826904694887,False,True,False,True,False,0.0,97.54140000000001,99.22525,0.0,0.0,0.0,0.0,0,0.8732530703611836,1.0107084518119667,False,False,False,False,-0.2502180857958418,-0.22386035182084985,False,False,False,False,-66792.0,-39876.57169170171,False,False,False,False,2868.8425682634143,False,False,False,False
2025-03-28 15:00:00+00:00,95.91,96.375,95.84,96.04,1428.0,,,,,,,,,,,,,,,,,,,,,,,,,,,,,,,,,,,,,,,,,,,,,,,,,,,,,,,,,,,,,,,,,,,,97.08046212185307,97.30561434509326,,,,"rgba(239, 83, 80, 1.0)",0.7975942600119227,97.90095350190113,-2.33320824283929,32.64975580869583,-11.529358433660612,False,True,False,True,False,0.0,97.5016,99.20864999999999,0.0,0.0,0.0,0.0,0,0.871061737388454,1.017240332665574,False,False,False,False,-0.2576864882688103,-0.24077342004483007,False,False,False,False,-65364.0,-40271.72561896215,False,False,False,False,2846.5039237942137,False,False,False,False
2025-03-28 16:00:00+00:00,96.04,96.145,95.94,95.955,779.0,,,,,,,,,,,,,,,,,,,,,,,,,,,,,,,,,,,,,,,,,,,,,,,,,,,,,,,,,,,,,,,,,,,,97.07727461077643,97.3025598819504,,,,"rgba(239, 83, 80, 1.0)",0.7780036997065739,97.89213454581153,-2.4898783213269122,31.498598975951328,-12.816425760844218,False,True,False,True,False,0.0,97.4641,99.19002499999999,0.0,0.0,0.0,0.0,0,0.8775083097377817,1.0197587098362673,False,False,False,False,-0.2631061853194355,-0.2519398026821328,False,False,False,False,-66143.0,-40672.83064812552,False,False,False,False,2814.4495993943033,False,False,False,False
2025-03-28 17:00:00+00:00,95.95,95.96,95.6,95.86,1924.0,,,,,,,,,,,,,,,,,,,,,,,,,,,,,,,,,,,,,,,,,,,,,,,,,,,,,,,,,,,,,,,,,,,,97.06796949361996,97.2938779136237,,,,"rgba(239, 83, 80, 1.0)",0.7760256044352521,97.86849302263178,-2.5881788064112277,30.347339944667155,-14.166940615969182,False,True,False,True,False,0.0,97.4331,99.17122499999999,0.0,0.0,0.0,0.0,0,0.8732855554182629,1.0132830841467935,False,False,False,False,-0.28566653366153516,-0.268803168171834,False,False,False,False,-68067.0,-41097.546452030554,False,False,False,False,2800.6441792486553,False,False,False,False
2025-03-28 18:00:00+00:00,95.86,96.035,95.705,95.84,1683.0,,,,,,,,,,,,,,,,,,,,,,,,,,,,,,,,,,,,,,,,,,,,,,,,,,,,,,,,,,,,,,,,,,,,97.06028045465774,97.2866350626977,,,,"rgba(239, 83, 80, 1.0)",0.7829056240803082,97.84977786652767,-2.5670755257232813,29.493322175370682,-15.282509113168658,False,True,False,True,False,0.0,97.4051,99.152575,0.0,0.0,0.0,0.0,0,0.8704951474315388,1.0128577610187302,False,False,False,False,-0.2779006962530871,-0.27335193221246057,False,False,False,False,-69750.0,-41541.77053804558,False,False,False,False,2783.316362516118,False,False,False,False
2025-03-28 19:00:00+00:00,95.84,95.87,95.185,95.28,5009.0,,,,,,,,,,,,,,,,,,,,,,,,,,,,,,,,,,,,,,,,,,,,,,,,,,,,,,,,,,,,,,,,,,,,97.03024871974748,97.25935863924657,,,,"rgba(239, 83, 80, 1.0)",0.8077254405970831,97.78569831966763,-3.1021659015907423,26.83347832859447,-18.052727789583596,False,True,False,True,False,0.0,97.3637,99.130625,0.0,0.0,0.0,0.0,0,0.8623830625307732,1.016555883801083,False,False,False,False,-0.3076376889842048,-0.2904948105983327,False,False,False,False,-74759.0,-42056.76634365728,False,False,False,False,2817.8230855778834,False,False,False,False
2025-03-31 14:00:00+00:00,94.53,94.89,94.26,94.8,4954.0,,,,,,,,,,,,,,,,,,,,,,,,,,,,,,,,,,,,,,,,,,,,,,,,,,,,,,,,,,,,,,,,,,,,96.98727069338997,97.22168764880561,,,,"rgba(239, 83, 80, 1.0)",0.8517651359660231,97.429020400908,-3.086555542011379,23.77840674679878,-21.07748385944138,False,True,False,True,False,0.0,97.3145,99.10595,0.0,0.0,0.0,0.0,0,0.8605222734254995,1.0237788018433178,False,False,False,False,-0.34282825441539394,-0.31666153250686335,False,False,False,False,-79713.0,-42640.58391972461,False,False,False,False,2850.942107506908,False,False,False,False
2025-03-31 15:00:00+00:00,94.86,95.19,94.84,95.07,3082.0,,,,,,,,,,,,,,,,,,,,,,,,,,,,,,,,,,,,,,,,,,,,,,,,,,,,,,,,,,,,,,,,,,,,96.96556567753592,97.20220785641185,,,,"rgba(239, 83, 80, 1.0)",0.8864834007584117,97.40142816326609,-2.629973850916434,24.530513095577504,-21.07748385944138,False,True,False,True,False,0.0,97.26289999999999,99.08265,0.0,0.0,0.0,0.0,0,0.8687192118226603,1.0138546798029555,False,False,False,False,-0.3063388996734659,-0.31150021609016465,False,False,False,False,-76631.0,-43167.56711476764,False,False,False,False,2854.5244004137776,False,False,False,False
2025-03-31 16:00:00+00:00,95.12,95.23,94.9,94.93,1446.0,,,,,,,,,,,,,,,,,,,,,,,,,,,,,,,,,,,,,,,,,,,,,,,,,,,,,,,,,,,,,,,,,,,,96.95547841182761,97.19313198265439,,,,"rgba(239, 83, 80, 1.0)",0.9232731287493732,97.38698468053947,-2.6611677563578517,24.54627862042579,-21.07748385944138,False,True,False,True,False,0.0,97.2017,99.0633,0.0,0.0,0.0,0.0,0,0.877899045020464,1.0127123899293065,False,False,False,False,-0.30224361878792705,-0.30687191743904585,False,False,False,False,-78077.0,-43708.79863236814,False,False,False,False,2832.686812810463,False,False,False,False
2025-03-31 17:00:00+00:00,94.92,95.27,94.92,95.13,652.0,,,,,,,,,,,,,,,,,,,,,,,,,,,,,,,,,,,,,,,,,,,,,,,,,,,,,,,,,,,,,,,,,,,,96.95116634531342,97.18922655018675,,,,"rgba(239, 83, 80, 0.75)",0.9514343131570595,97.38109422314326,-2.366000670791097,26.631285486613145,-21.07748385944138,False,True,False,True,True,0.0,97.1417,99.04610000000001,0.0,0.0,0.0,0.0,0,0.876581493425949,1.0115355991069213,False,False,False,False,-0.29979117326865046,-0.30333154535384815,False,False,False,False,-77425.0,-44231.53043651747,False,False,False,False,2798.8777149374323,False,False,False,False
2025-03-31 18:00:00+00:00,95.11,95.85,95.11,95.71,365.0,,,,,,,,,,,,,,,,,,,,,,,,,,,,,,,,,,,,,,,,,,,,,,,,,,,,,,,,,,,,,,,,,,,,96.94934794387758,97.18751764680015,,,,"rgba(239, 83, 80, 0.75)",0.9637957523524627,97.37967413871698,-1.732394166130731,32.913778237104125,-22.03751461917421,False,True,False,True,True,0.0,97.0995,99.031075,0.0,0.0,0.0,0.0,0,0.8831096542767024,1.0024120230069886,False,False,False,False,-0.2686158902493408,-0.2859737178015945,False,False,False,False,-77060.0,-44740.498956881536,False,False,False,False,2761.143176721348,False,False,False,False
2025-03-31 19:00:00+00:00,95.71,95.91,95.355,95.515,2682.0,,,,,,,,,,,,,,,,,,,,,,,,,,,,,,,,,,,,,,,,,,,,,,,,,,,,,,,,,,,,,,,,,,,,96.93647848739415,97.17534947843144,,,,"rgba(239, 83, 80, 0.75)",0.9795486412327581,97.36817568312952,-1.8918669325060846,35.97624457423149,-19.30376105768829,False,True,False,True,True,0.0,97.06360000000001,99.01665000000001,0.0,0.0,0.0,0.0,0,0.88837986751687,1.000804804061165,False,False,False,False,-0.256409946411261,-0.2711918321064277,False,False,False,False,-79742.0,-45283.157887782596,False,False,False,False,2759.916150725668,False,False,False,False
2025-04-01 14:00:00+00:00,95.23,96.14,94.78,96.13,5660.0,,,,,,,,,,,,,,,,,,,,,,,,,,,,,,,,,,,,,,,,,,,,,,,,,,,,,,,,,,,,,,,,,,,,96.91187240535545,97.15169692972135,,,,"rgba(239, 83, 80, 0.5)",0.9653688180977019,97.34237453104112,-1.2558666784267527,42.042852358689075,-13.842990002810197,False,False,False,True,True,0.0,97.0239,99.00560000000002,0.0,0.0,0.0,0.0,0,0.8777404580152672,0.9984122137404579,False,False,False,False,-0.27022241019066545,-0.27070712114854656,False,False,False,False,-74082.0,-45729.651563941006,False,False,False,False,2804.878691024495,False,False,False,False
2025-04-01 15:00:00+00:00,96.13,96.845,96.09,96.6,4583.0,,,,,,,,,,,,,,,,,,,,,,,,,,,,,,,,,,,,,,,,,,,,,,,,,,,,,,,,,,,,,,,,,,,,96.90560904758165,97.14358546794645,,,,#000000,0.9535329186910236,97.34792186373127,-0.784369211666021,48.4096427387816,-8.26518047319783,True,False,False,False,True,0.0,96.9945,98.99535,0.0,0.0,0.0,0.0,0,0.8931227899036704,0.9951225460309716,False,False,False,False,-0.19078629664199903,-0.2307467088952728,False,False,False,False,-69499.0,-46098.16859395742,False,False,False,False,2832.4464632566733,False,False,False,False
2025-04-01 16:00:00+00:00,96.62,96.78,96.43,96.54,3903.0,,,,,,,,,,,,,,,,,,,,,,,,,,,,,,,,,,,,,,,,,,,,,,,,,,,,,,,,,,,,,,,,,,,,96.9013701781582,97.13760316296509,,,,"rgba(38, 166, 154, 1.0)",0.9207918742452411,97.35053306962928,-0.8802565403758086,52.2186427090932,-5.0750353157455095,True,False,True,False,True,0.0,96.9668,98.98225000000001,0.0,0.0,0.0,0.0,0,0.8895231080832261,1.0055852206469031,False,False,False,False,-0.18014813420188935,-0.2054474215485811,False,False,False,False,-73402.0,-46521.48380955498,False,False,False,False,2849.0441925085074,False,False,False,False
2025-04-01 17:00:00+00:00,96.55,96.69,96.25,96.28,2836.0,,,,,,,,,,,,,,,,,,,,,,,,,,,,,,,,,,,,,,,,,,,,,,,,,,,,,,,,,,,,,,,,,,,,96.89668696201743,97.13197565954857,,,,"rgba(38, 166, 154, 1.0)",0.9238319042919967,97.34748625994597,-1.1554983704141095,52.87618792015711,-4.5875645850243885,True,False,True,False,True,0.0,96.9366,98.9673,0.0,0.0,0.0,0.0,0,0.8853699034499724,1.006641657954615,False,False,False,False,-0.19059250125452956,-0.1980199614015553,False,False,False,False,-76238.0,-46982.20499080219,False,False,False,False,2848.84195696574,False,False,False,False
2025-04-01 18:00:00+00:00,96.28,96.28,95.77,95.88,3126.0,,,,,,,,,,,,,,,,,,,,,,,,,,,,,,,,,,,,,,,,,,,,,,,,,,,,,,,,,,,,,,,,,,,,96.88718592322923,97.12225385211744,,,,#000000,0.9344812021210009,97.3347997761706,-1.5567994014953215,50.77893553546774,-4.5875645850243885,True,False,False,False,True,0.0,96.8982,98.95085,0.0,0.0,0.0,0.0,0,0.8781925343811394,1.010375736738703,False,False,False,False,-0.21783666208424904,-0.20792831174290216,False,False,False,False,-79364.0,-47484.248324278116,False,False,False,False,2853.1389808887516,False,False,False,False
2025-04-01 19:00:00+00:00,95.855,96.585,95.85,96.45,7680.0,,,,,,,,,,,,,,,,,,,,,,,,,,,,,,,,,,,,,,,,,,,,,,,,,,,,,,,,,,,,,,,,,,,,96.8725330506709,97.10549775295122,,,,"rgba(38, 166, 154, 1.0)",0.9377353302238036,97.31857897807615,-0.9262517365841868,52.65147824536355,-4.5875645850243885,True,False,True,False,True,0.0,96.87179999999998,98.93575000000001,0.0,0.0,0.0,0.0,0,0.8892720778420988,1.0036950363345236,False,False,False,False,-0.18872126135758222,-0.1983247865502422,False,False,False,False,-71684.0,-47859.43827273892,False,False,False,False,2927.974035448616,False,False,False,False
2025-04-02 14:00:00+00:00,95.77,96.47,95.73,96.4,2309.0,,,,,,,,,,,,,,,,,,,,,,,,,,,,,,,,,,,,,,,,,,,,,,,,,,,,,,,,,,,,,,,,,,,,96.86756687379341,97.10001690814289,,,,"rgba(38, 166, 154, 1.0)",0.9409040984728044,97.31225645835042,-0.9695530711696443,53.56512722404624,-3.551810538955607,True,False,True,False,True,0.0,96.84219999999999,98.91842499999998,0.0,0.0,0.0,0.0,0,0.896711583632093,0.9964766967486707,False,False,False,False,-0.18369681082619113,-0.19101079868821666,False,False,False,False,-73993.0,-48264.60977238637,False,False,False,False,2918.3775387749943,False,False,False,False
2025-04-02 15:00:00+00:00,96.36,96.7,96.12,96.66,1272.0,,,,,,,,,,,,,,,,,,,,,,,,,,,,,,,,,,,,,,,,,,,,,,,,,,,,,,,,,,,,,,,,,,,,96.86605069174819,97.09800067930344,,,,"rgba(38, 166, 154, 1.0)",0.942305960144009,97.31085172979118,-0.6907010645371678,55.57688706323813,-1.2853137158497745,True,False,True,False,True,0.0,96.8175,98.899475,0.0,0.0,0.0,0.0,0,0.9096774193548388,0.9830024813895778,False,False,False,False,-0.09489019838680175,-0.1429504985375092,False,False,False,False,-72721.0,-48643.77861312457,False,False,False,False,2892.852305615692,False,False,False,False
2025-04-02 16:00:00+00:00,96.66,97.09,96.64,96.98,1993.0,,,,,,,,,,,,,,,,,,,,,,,,,,,,,,,,,,,,,,,,,,,,,,,,,,,,,,,,,,,,,,,,,,,,96.86628586469847,97.09699227352985,,,,"rgba(38, 166, 154, 1.0)",0.9423315439584622,97.31299993254387,-0.3533787388088849,58.47379381756632,1.7594220639140374,True,False,True,False,True,0.0,96.8263,98.87777499999999,0.0,0.0,0.0,0.0,0,0.9391432602282931,0.9756316531999483,False,False,False,False,-0.03625494917739053,-0.08960272385744987,False,False,False,False,-70728.0,-48986.16964237845,False,False,False,False,2878.9011070790143,False,False,False,False
2025-04-02 17:00:00+00:00,96.98,97.43,96.98,97.3,2931.0,,,,,,,,,,,,,,,,,,,,,,,,,,,,,,,,,,,,,,,,,,,,,,,,,,,,,,,,,,,,,,,,,,,,96.8696901619278,97.0980482920567,,,,"rgba(38, 166, 154, 1.0)",0.9422327470163346,97.32082493451037,-0.022101688331589424,61.77502283671902,5.093713627576356,True,False,True,False,True,0.3632671884589058,96.8497,98.857825,0.0,0.0,0.0,0.0,0,0.9492157366932374,0.9570583697608636,False,False,False,False,0.007376220510874141,-0.041113251673287866,False,False,False,False,-67797.0,-49277.810423116774,False,False,False,False,2879.708841852983,False,False,False,False
2025-04-02 18:00:00+00:00,97.3,97.44,97.21,97.315,3246.0,,,,,,,,,,,,,,,,,,,,,,,,,,,,,,,,,,,,,,,,,,,,,,,,,,,,,,,,,,,,,,,,,,,,96.87424454081597,97.0999051285659,,,,"rgba(38, 166, 154, 1.0)",0.9410165482841116,97.32999018974988,-0.015929783357385676,64.03939124658524,7.420057593307817,True,False,True,False,True,0.43221657290080273,96.85960000000001,98.837825,0.0,0.0,0.0,0.0,0,0.9471842395178538,0.9640334391808694,False,False,False,False,0.02277360870776608,-0.009169821482760894,False,False,False,False,-64551.0,-49514.60405996768,False,False,False,False,2885.3877745374325,False,False,False,False
2025-04-02 19:00:00+00:00,97.3,97.79,97.3,97.6,5119.0,,,,,,,,,,,,,,,,,,,,,,,,,,,,,,,,,,,,,,,,,,,,,,,,,,,,,,,,,,,,,,,,,,,,96.88502352926797,97.10589524300103,,,,"rgba(38, 166, 154, 1.0)",0.9416494441542854,97.34872570082749,0.26684484415342297,66.74501230350006,10.159554246416008,True,False,True,False,True,1.7442562850295182,96.87119999999999,98.81909999999999,0.0,0.0,0.0,0.0,0,0.94484412470024,0.9584548577354329,False,False,False,False,0.05103550954877004,0.020932844033004574,False,False,False,True,-59432.0,-49668.36213655732,False,False,False,False,2920.017421443829,False,False,False,False
2025-04-03 14:00:00+00:00,97.275,97.945,96.87,96.975,9749.0,,,,,,,,,,,,,,,,,,,,,,,,,,,,,,,,,,,,,,,,,,,,,,,,,,,,,,,,,,,,,,,,,,,97.2633333333333,96.89596753916656,97.10967771772926,,,,"rgba(38, 166, 154, 0.75)",0.9380855912852408,97.2689945607645,-0.3133984398606,63.26340847568047,10.159554246416008,True,False,True,False,False,0.0,96.8769,98.797425,-1.0,97.945,96.87,542.0,0,0.9358825051759838,0.9657091097308486,False,False,False,True,0.033365138157772915,0.027148991095388743,False,False,False,False,-69181.0,-49970.88365382,False,False,False,False,3025.8931203361726,False,False,False,False
2025-04-03 15:00:00+00:00,97.065,97.46,96.655,97.2,8940.0,,,,,,,,,,,,,,,,,,,,,,,,,,,,,,,,,,,,,,,,,,,,,,,,,,,,,,,,,,,,,,,,,,,97.18759359337935,96.90136947244378,97.10957688224028,,,,"rgba(38, 166, 154, 0.75)",0.9311213234156582,97.27132078632248,-0.07659666310813915,62.13277946380623,10.159554246416008,True,False,True,False,False,0.0,96.88629999999999,98.77825000000001,0.0,0.0,0.0,0.0,0,0.9300019443904338,0.9749173634065719,False,False,False,False,-0.009521076352228593,0.008813957371580075,False,False,False,False,-60241.0,-50130.11026383829,False,False,False,False,3117.584699865844,False,False,False,False
2025-04-03 16:00:00+00:00,97.195,97.51,96.95,97.125,9059.0,,,,,,,,,,,,,,,,,,,,,,,,,,,,,,,,,,,,,,,,,,,,,,,,,,,,,,,,,,,,,,,,,,,97.19001159242707,96.90886242723005,97.11140293437036,,,,"rgba(38, 166, 154, 0.75)",0.9245740046586333,97.28000301608452,-0.1676480360722996,60.785596128504665,10.159554246416008,True,False,True,False,False,0.0,96.8726,98.7587,0.0,0.0,0.0,0.0,0,0.9338934479614436,0.9736876384004165,False,False,False,False,0.0243627491178138,0.016588353244696936,False,False,False,False,-69300.0,-50427.317856646994,False,False,False,False,3209.699665759397,False,False,False,False
2025-04-03 17:00:00+00:00,97.135,97.245,96.755,96.765,6016.0,,,,,,,,,,,,,,,,,,,,,,,,,,,,,,,,,,,,,,,,,,,,,,,,,,,,,,,,,,,,,,,,,,,97.14219844607668,96.90907579811793,97.1087471440072,,,,"rgba(38, 166, 154, 0.75)",0.9209889563171079,97.27547895281677,-0.5542726102363863,57.208412709971235,13.522718714574495,True,False,True,False,False,0.0,96.8507,98.73735,0.0,0.0,0.0,0.0,0,0.9435843610600895,0.9656258199947517,False,False,False,False,-0.006339828591839444,0.005124262326428746,False,False,False,False,-75316.0,-50813.18889762921,False,False,False,False,3253.2081980732046,False,False,False,False
2025-04-03 18:00:00+00:00,96.765,96.82,96.135,96.26,5999.0,,,,,,,,,,,,,,,,,,,,,,,,,,,,,,,,,,,,,,,,,,,,,,,,,,,,,,,,,,,,,,,,,,,97.03097812874616,96.9008364871554,97.09905965392144,,,,#000000,0.9246578768331631,97.25541159878145,-1.0765188116826563,51.83353627142672,8.41806211904175,True,False,False,False,False,0.0,96.8237,98.713475,0.0,0.0,0.0,0.0,0,0.930090586845215,0.972495733228305,False,False,False,False,-0.07622413189439045,-0.03554993478398085,False,False,False,False,-81315.0,-51286.08519378999,False,False,False,False,3295.7786136069535,False,False,False,False
2025-04-03 19:00:00+00:00,96.22,96.32,95.985,96.075,16019.0,,,,,,,,,,,,,,,,,,,,,,,,,,,,,,,,,,,,,,,,,,,,,,,,,,,,,,,,,,,,,,,,,,,96.77128565965126,96.86845965806343,97.06458375385851,,,,"rgba(239, 83, 80, 0.5)",0.9311041590259302,97.19166138008634,-1.1992872862414568,47.308393402180286,4.254993202342895,False,False,False,True,False,0.0,96.78550000000001,98.688675,0.0,0.0,0.0,0.0,0,0.9231022450457571,0.9814997695700834,False,False,False,False,-0.12002708606834314,-0.077788510426162,False,False,False,False,-97334.0,-52000.006353576195,False,False,False,False,3493.0378599076207,False,False,False,False
2025-04-04 14:00:00+00:00,90.555,90.75,89.245,90.165,8026.0,,,,,,,,,,,,,,,,,,,,,,,,,,,,,,,,,,,,,,,,,,,,,,,,,,,,,,,,,,,,,,,,,,,95.9262774260281,96.72858801718407,96.94221064336593,,,,"rgba(239, 83, 80, 1.0)",1.2219135340461487,96.95827477869753,-5.5595380437458655,35.21211275975703,-6.6777960382140975,False,True,False,True,False,0.0,96.6286,98.634325,0.0,0.0,0.0,0.0,0,0.9059030516289512,0.9873809379360551,False,False,False,False,-0.34282825441539394,-0.21030838242077798,False,False,False,False,-105360.0,-52827.293076776565,False,False,False,False,3563.3163426997503,False,False,False,False
2025-04-04 15:00:00+00:00,90.0,91.47,89.6,90.08,10306.0,,,,,,,,,,,,,,,,,,,,,,,,,,,,,,,,,,,,,,,,,,,,,,,,,,,,,,,,,,,,,,,,,,,95.15549752183573,96.56565893307688,96.79843508852532,,,,"rgba(239, 83, 80, 1.0)",1.4550431342482668,96.70659755249781,-4.554227566539721,27.106093258693424,-13.552982740058084,False,True,False,True,False,0.0,96.4832,98.57955,0.0,0.0,0.0,0.0,0,0.9159453166975107,0.976717807892066,False,False,False,False,-0.2968991403950194,-0.2536037614078987,False,False,False,False,-115666.0,-53801.53659496608,False,False,False,False,3667.8540738206843,False,False,False,False
2025-04-04 16:00:00+00:00,90.08,90.4,89.385,89.58,3092.0,,,,,,,,,,,,,,,,,,,,,,,,,,,,,,,,,,,,,,,,,,,,,,,,,,,,,,,,,,,,,,,,,,,94.94054956868636,96.51384764301855,96.75263330797623,,,,"rgba(239, 83, 80, 1.0)",1.675830486600705,96.62975191204742,-4.206721364967715,21.447581376001782,-18.231547403029943,False,True,False,True,False,0.0,96.311,98.5211,0.0,0.0,0.0,0.0,0,0.9322227567957663,0.9885734904979548,False,False,False,False,-0.34282825441539394,-0.2982160079116463,False,False,False,False,-118758.0,-54808.6135469821,False,False,False,False,3658.9261036839293,False,False,False,False
2025-04-04 17:00:00+00:00,89.565,90.31,88.85,90.25,4516.0,,,,,,,,,,,,,,,,,,,,,,,,,,,,,,,,,,,,,,,,,,,,,,,,,,,,,,,,,,,,,,,,,,,94.65666434171132,96.43974835401109,96.68694488399936,,,,"rgba(239, 83, 80, 1.0)",1.8285811464109494,96.52235438347175,-3.430175573986872,20.53775349666641,-18.836061122649845,False,True,False,True,False,0.0,96.1534,98.46705,0.0,0.0,0.0,0.0,0,0.9227370432290423,0.9897301170288987,False,False,False,False,-0.34282825441539394,-0.32052213116352013,False,False,False,False,-114242.0,-55730.06139896687,False,False,False,False,3672.2140710686745,False,False,False,False
2025-04-04 18:00:00+00:00,90.26,90.325,88.77,89.035,3104.0,,,,,,,,,,,,,,,,,,,,,,,,,,,,,,,,,,,,,,,,,,,,,,,,,,,,,,,,,,,,,,,,,,,94.4634557407713,96.38654530614753,96.63975629774431,,,,"rgba(239, 83, 80, 1.0)",2.0192220359909028,96.44650752699854,-3.6704767454468983,18.91330537672001,-20.527710783611056,False,True,False,True,False,0.0,95.96770000000001,98.40622499999999,0.0,0.0,0.0,0.0,0,0.9301418439716312,0.980141843971631,False,False,False,False,-0.34282825441539394,-0.331675192789457,False,False,False,False,-117346.0,-56685.34726875033,False,False,False,False,3663.4045505869894,False,False,False,False
2025-04-04 19:00:00+00:00,89.05,89.82,88.59,89.185,7680.0,,,,,,,,,,,,,,,,,,,,,,,,,,,,,,,,,,,,,,,,,,,,,,,,,,,,,,,,,,,,,,,,,,,94.02633663402011,96.25502793673179,96.52277482567105,,,,"rgba(239, 83, 80, 1.0)",2.182839969703228,96.26371205794219,-3.242890984310033,18.45319869836017,-21.40717513397115,False,True,False,True,False,0.0,95.78400000000002,98.34502499999999,0.0,0.0,0.0,0.0,0,0.92515932877273,0.9854411506753199,False,False,False,False,-0.34282825441539394,-0.3372517236024255,False,False,False,False,-109666.0,-57506.752737451876,False,False,False,False,3725.6773482523076,False,False,False,False
2025-04-07 14:00:00+00:00,87.99,90.44,87.4,88.7,2915.0,,,,,,,,,,,,,,,,,,,,,,,,,,,,,,,,,,,,,,,,,,,,,,,,,,,,,,,,,,,,,,,,,,,93.86810377170642,96.20393554828436,96.47724501056386,,,,"rgba(239, 83, 80, 1.0)",2.3535821710823557,96.19413718369222,-3.1841408707841476,17.710572854231142,-22.749512350474184,False,True,False,True,False,0.0,95.594,98.28025,0.0,0.0,0.0,0.0,0,0.916567070741563,0.9801946388936312,False,False,False,False,-0.34282825441539394,-0.34003998900890975,False,False,False,False,-112581.0,-58360.61703609603,False,False,False,False,3713.1087071941324,False,False,False,False
2025-04-07 15:00:00+00:00,88.56,89.11,87.195,88.05,1686.0,,,,,,,,,,,,,,,,,,,,,,,,,,,,,,,,,,,,,,,,,,,,,,,,,,,,,,,,,,,,,,,,,,,93.76827458370661,96.1718110373528,96.44866672344556,,,,"rgba(239, 83, 80, 1.0)",2.527815381629828,95.5287789007304,-2.9585937941039053,16.66878082510856,-24.45253704681566,False,True,False,True,False,0.0,95.3916,98.213825,0.0,0.0,0.0,0.0,0,0.914218302342565,0.9972473456547383,False,False,False,False,-0.34282825441539394,-0.3414341217121518,False,False,False,False,-114267.0,-59227.38266344338,False,False,False,False,3681.6806652221303,False,False,False,False
2025-04-07 16:00:00+00:00,87.925,88.37,87.57,87.69,4066.0,,,,,,,,,,,,,,,,,,,,,,,,,,,,,,,,,,,,,,,,,,,,,,,,,,,,,,,,,,,,,,,,,,,93.53149918127035,96.09308533971327,96.37856764553462,,,,"rgba(239, 83, 80, 1.0)",2.6991742697979952,95.4157729349441,-2.862272740737965,15.686188289342784,-26.11520652114798,False,True,False,True,False,0.0,95.1768,98.15077500000001,0.0,0.0,0.0,0.0,0,0.9148195948599965,1.0085292632287748,False,False,False,False,-0.34282825441539394,-0.34213118806377285,False,False,False,False,-118333.0,-60143.74882370007,False,False,False,False,3687.639104521012,False,False,False,False
2025-04-07 17:00:00+00:00,87.71,89.18,87.645,89.16,8062.0,,,,,,,,,,,,,,,,,,,,,,,,,,,,,,,,,,,,,,,,,,,,,,,,,,,,,,,,,,,,,,,,,,,93.17208516806274,95.95582558778,96.25543787566622,,,,"rgba(239, 83, 80, 0.75)",2.802623449234493,95.26976121137244,-2.1800150188000678,21.184301213139705,-26.11520652114798,False,True,False,True,True,0.0,94.9973,98.09532500000002,0.0,0.0,0.0,0.0,0,0.9278697726634858,0.9969127140050515,False,False,False,False,-0.3119959329774974,-0.3270635605206351,False,False,False,False,-110271.0,-60920.91550860394,False,False,False,False,3755.4586532881285,False,False,False,False
2025-04-07 18:00:00+00:00,89.32,89.32,88.11,88.235,4452.0,,,,,,,,,,,,,,,,,,,,,,,,,,,,,,,,,,,,,,,,,,,,,,,,,,,,,,,,,,,,,,,,,,,92.99127941922411,95.88110215547576,96.18818078909834,,,,"rgba(239, 83, 80, 0.75)",2.929246016507682,95.18100749211385,-2.371261223185019,23.438745253598803,-26.11520652114798,False,True,False,True,True,0.0,94.8051,98.03540000000001,0.0,0.0,0.0,0.0,0,0.9367478309543802,0.9851105513574026,False,False,False,False,-0.29124755843871947,-0.3091555594796773,False,False,False,False,-114723.0,-61755.05635343178,False,False,False,False,3766.2577439348242,False,False,False,False
2025-04-07 19:00:00+00:00,88.41,88.78,87.885,88.18,7483.0,,,,,,,,,,,,,,,,,,,,,,,,,,,,,,,,,,,,,,,,,,,,,,,,,,,,,,,,,,,,,,,,,,,92.70043158372533,95.75428728965124,96.0737879282965,,,,"rgba(239, 83, 80, 0.75)",3.0469356560145533,95.02549760412359,-2.24668269269513,24.86045540340572,-32.578683168552836,False,True,False,True,True,0.0,94.6197,97.97497500000001,0.0,0.0,0.0,0.0,0,0.9260981622590768,0.9999999999999997,False,False,False,False,-0.31752622254918655,-0.31334089101443197,False,False,False,False,-122206.0,-62692.28028593671,False,False,False,False,3823.881654881571,False,False,False,False
2025-04-08 14:00:00+00:00,90.72,91.235,89.83,89.83,3854.0,,,,,,,,,,,,,,,,,,,,,,,,,,,,,,,,,,,,,,,,,,,,,,,,,,,,,,,,,,,,,,,,,,,92.62638430754627,95.70779522164929,96.0310698393141,,,,"rgba(239, 83, 80, 0.75)",3.1089194887272935,94.53651013056142,-1.51387327578822,31.288807600812092,-26.29364521466284,False,True,False,True,True,0.0,94.4708,97.92065000000001,0.0,0.0,0.0,0.0,0,0.9243125510481895,0.9802341410291312,False,False,False,False,-0.17095741456751506,-0.24214915279097352,False,False,False,False,-118352.0,-63555.221676852416,False,False,False,False,3824.3486059686784,False,False,False,False
2025-04-08 15:00:00+00:00,89.85,90.175,89.215,90.105,3192.0,,,,,,,,,,,,,,,,,,,,,,,,,,,,,,,,,,,,,,,,,,,,,,,,,,,,,,,,,,,,,,,,,,,92.5568084456438,95.66661427732937,95.99332354474645,,,,"rgba(239, 83, 80, 0.5)",3.158567475216657,94.48624659459904,-1.387099255905087,36.3358112917745,-21.53976489602816,False,False,False,True,True,0.0,94.3215,97.86615,0.0,0.0,0.0,0.0,1,0.9147312002598669,0.9947485247144169,False,False,False,False,-0.2253623390518143,-0.23375574592139392,False,False,False,False,-115160.0,-64355.29575938183,False,False,False,False,3814.544751612575,False,False,False,False
2025-04-08 16:00:00+00:00,90.11,90.225,89.075,89.075,1262.0,,,,,,,,,,,,,,,,,,,,,,,,,,,,,,,,,,,,,,,,,,,,,,,,,,,,,,,,,,,,,,,,,,,92.52660813677483,95.6494600493362,95.97762997800238,,,,"rgba(239, 83, 80, 0.5)",3.2286442403324194,94.4633264868872,-1.6689130439259594,37.425485954876066,-20.431633610014384,False,False,False,True,True,0.0,94.1574,97.81032499999999,0.0,0.0,0.0,0.0,0,0.9211819998919563,0.9921668197288096,False,False,False,False,-0.22833757047306838,-0.23104665819723114,False,False,False,False,-116422.0,-65162.53148404257,False,False,False,False,3774.9704143782715,False,False,False,False
2025-04-08 17:00:00+00:00,89.06,89.5,88.2,88.815,2248.0,,,,,,,,,,,,,,,,,,,,,,,,,,,,,,,,,,,,,,,,,,,,,,,,,,,,,,,,,,,,,,,,,,,92.4636650446128,95.6161002524449,95.94722005899143,,,,"rgba(239, 83, 80, 0.5)",3.310850953461534,94.41158259239151,-1.6903758795122503,37.622931386456436,-19.927835700332622,False,False,False,True,True,0.0,93.9971,97.753975,0.0,0.0,0.0,0.0,0,0.9120269043933166,0.999145892275663,False,False,False,False,-0.2819534120579059,-0.2565000351275685,False,False,False,False,-118670.0,-65992.10463932873,False,False,False,False,3751.2964544654296,False,False,False,False
2025-04-08 18:00:00+00:00,88.78,88.93,87.685,87.79,3100.0,,,,,,,,,,,,,,,,,,,,,,,,,,,,,,,,,,,,,,,,,,,,,,,,,,,,,,,,,,,,,,,,,,,92.3641377899416,95.56591086714073,95.90159996672064,,,,"rgba(239, 83, 80, 0.5)",3.417559123169856,94.32992184358739,-1.9136236149505055,35.84224681081438,-19.927835700332622,False,False,False,True,True,0.0,93.8175,97.6912,0.0,0.0,0.0,0.0,0,0.9072279001158993,1.0051627857970706,False,False,False,False,-0.31921374442384964,-0.2878568897757091,False,False,False,False,-121770.0,-66856.878210812,False,False,False,False,3741.1988350163533,False,False,False,False
2025-04-08 19:00:00+00:00,87.79,87.87,86.87,87.55,4115.0,,,,,,,,,,,,,,,,,,,,,,,,,,,,,,,,,,,,,,,,,,,,,,,,,,,,,,,,,,,,,,,,,,,92.21800398490485,95.49409667598324,95.83643685842016,,,,"rgba(239, 83, 80, 1.0)",3.5202221111334597,94.21409749770406,-1.893090062876266,34.24375755157551,-19.927835700332622,False,True,False,True,False,0.0,93.63510000000001,97.62574999999998,0.0,0.0,0.0,0.0,0,0.9055465183397178,1.0163194626646372,False,False,False,False,-0.34282825441539394,-0.3153425720955515,False,False,False,False,-125885.0,-67772.04288971415,False,False,False,False,3746.9942019153245,False,False,False,False
2025-04-09 14:00:00+00:00,88.05,88.47,85.83,85.835,3789.0,,,,,,,,,,,,,,,,,,,,,,,,,,,,,,,,,,,,,,,,,,,,,,,,,,,,,,,,,,,,,,,,,,,92.07182930474788,95.42329262964678,95.77226450418611,,,,"rgba(239, 83, 80, 1.0)",3.665940745504598,94.10134855733928,-2.254905120186678,30.74522841483015,-19.927835700332622,False,True,False,True,False,0.0,93.41939999999998,97.55070000000002,0.0,0.0,0.0,0.0,0,0.9016999640490987,1.004416825021827,False,False,False,False,-0.34282825441539394,-0.3290854132554727,False,False,False,False,-129674.0,-68731.7631549899,False,False,False,False,3747.6454545988076,False,False,False,False
2025-04-09 15:00:00+00:00,85.845,86.75,85.76,85.81,2283.0,,,,,,,,,,,,,,,,,,,,,,,,,,,,,,,,,,,,,,,,,,,,,,,,,,,,,,,,,,,,,,,,,,,91.97791726718752,95.3782546592838,95.73147958187242,,,,"rgba(239, 83, 80, 1.0)",3.8035068076759564,94.02978994527233,-2.1611082511233457,28.382474525173336,-14.984404047465588,False,True,False,True,False,0.0,93.1948,97.475075,0.0,0.0,0.0,0.0,0,0.9012123702866537,1.0264050138703378,False,False,False,False,-0.34282825441539394,-0.3359568338354333,False,False,False,False,-131957.0,-69711.99938514509,False,False,False,False,3724.9377731321597,True,False,False,False
2025-04-09 16:00:00+00:00,85.785,86.26,85.515,85.86,3606.0,,,,,,,,,,,,,,,,,,,,,,,,,,,,,,,,,,,,,,,,,,,,,,85.87833333333332,,,,,,,,,,,,,,,85.87833333333332,,,,,,91.82992071448916,95.30626725870385,95.66624456917218,,,85.87833333333332,"rgba(239, 83, 80, 1.0)",3.9290511795053695,93.2135146048688,-1.871575163801899,27.025314513960172,-16.55022806903368,False,True,False,True,False,0.0,92.99289999999999,97.39682499999999,0.0,0.0,0.0,0.0,0,0.907062809486578,1.0338806359134738,True,False,False,False,-0.34282825441539394,-0.33939254412541364,False,False,False,False,-128351.0,-70621.13117762345,False,False,False,False,3723.0937766494903,False,False,False,False
2025-04-09 17:00:00+00:00,85.86,91.1,85.805,91.1,3974.0,,,,,,,,,,,,,,,,,,,,,,,,,,,,,,,,,,,,,,,,,,,,,,87.69057519788917,,,,,,,,,,,,,,,87.69057519788917,,,,,,91.76494515912698,95.25681417263212,95.62038396457581,,,87.69057519788917,"rgba(239, 83, 80, 0.5)",3.929678858116694,93.29514241651617,-0.5586060580961069,38.798414529668875,-18.412829625600747,False,False,False,True,True,0.0,92.8941,97.34449999999998,0.0,0.0,0.0,0.0,0,0.9142175145457259,0.9695161370530605,False,False,False,False,-0.19805922022200922,-0.2687258821737114,False,False,False,False,-124377.0,-71454.55550045098,False,False,False,False,3726.983795616165,False,False,False,False
2025-04-09 18:00:00+00:00,91.52,91.9,90.48,90.9,3153.0,,,,,,,,,,,,,,,,,,,,,,,,,,,,,,,,,,,,,,,,,,,,,,88.69019286313238,,,,,,,,,,,,,,,88.69019286313238,,,,,,91.75134871307554,95.22963506405132,95.59451533823866,,,88.69019286313238,#000000,3.9299437219455307,93.3607194889338,-0.6261462410244398,46.20822038109445,-11.959098105595572,True,False,False,False,True,0.0,92.79299999999999,97.293275,0.0,0.0,0.0,0.0,0,0.9702749566509785,0.9559078523656177,False,False,False,False,-0.05202105850116282,-0.16037347033743712,False,False,False,False,-127530.0,-72323.9422368781,False,False,False,False,3718.08482204072,False,False,False,False
2025-04-09 19:00:00+00:00,90.79,92.115,90.79,91.735,3751.0,,,,,,,,,,,,,,,,,,,,,,,,,,,,,,,,,,,,,,,,,,,,,,89.42994936941912,,,,,,,,,,,,,,,89.42994936941912,,,,,,91.7465350654453,95.20125326057851,95.56718386552686,,,89.42994936941912,"rgba(38, 166, 154, 1.0)",3.922522658826902,93.1368559519738,-0.3573863235229977,52.32050108873095,-6.7432403013641675,True,False,True,False,True,0.0,92.71050000000001,97.24765,0.0,0.0,0.0,0.0,0,0.9730659589108425,0.9495232478128377,False,False,False,False,-0.038229141299165006,-0.09930130581830107,False,False,False,False,-123779.0,-73121.69507041486,False,False,False,False,3718.595134877298,False,False,False,False
2025-04-10 14:00:00+00:00,89.57,90.92,89.35,89.635,2839.0,,,,,,,,,,,,,,,,,,,,,,,,,,,,,,,,,,,,,,,,,,,,,,89.5181830514345,,,,,,,,,,,,,,,89.5181830514345,,,,,,91.71543712834284,95.17090884920927,95.53871683352138,,,89.5181830514345,"rgba(38, 166, 154, 1.0)",3.934031612701051,93.08298629202238,-0.8764510892313443,52.019031483717306,-6.7432403013641675,True,False,True,False,True,0.0,92.5864,97.194275,0.0,0.0,0.0,0.0,0,0.9481266618322456,0.95924583031182,False,False,False,False,-0.10770552006096623,-0.10350341293963365,False,False,False,False,-126618.0,-73951.09514684253,False,False,False,False,3704.958001003231,False,False,False,False
2025-04-10 15:00:00+00:00,89.6,89.81,88.63,88.75,1012.0,,,,,,,,,,,,,,,,,,,,,,,,,,,,,,,,,,,,,,,,,,,,,,89.49307762930641,,,,,,,,,,,,,,,89.49307762930641,,,,,,91.6990063851409,95.15831026294333,95.52700196228457,,,89.49307762930641,#000000,3.956654416444873,93.05593327158829,-1.088276310837692,50.310618026141825,-6.7432403013641675,True,False,False,False,True,0.0,92.4558,97.13572500000001,0.0,0.0,0.0,0.0,0,0.9412104857363146,0.9717135697764068,False,False,False,False,-0.1565332167139093,-0.13001831482677148,False,False,False,False,-127630.0,-74783.32622983721,False,False,False,False,3663.2067141659713,False,False,False,False
2025-04-10 16:00:00+00:00,88.75,88.86,87.615,88.615,2391.0,,,,,,,,,,,,,,,,,,,,,,,,,,,,,,,,,,,,,,,,,,,,,88.36333333333333,89.36274767602688,,,,,,,,,,,,,,88.36333333333333,89.36274767602688,,,,,,91.65088497577514,95.12535471235783,95.4965121884937,,,88.8630405046801,#000000,3.9861037751553705,92.98167617911878,-1.0954747857633433,48.93924620536286,-6.7432403013641675,True,False,False,False,False,0.0,92.33210000000001,97.07795,0.0,0.0,0.0,0.0,0,0.9316752292696979,0.983819081000624,False,False,False,False,-0.20980779790721776,-0.1699130563669946,False,False,False,False,-130021.0,-75639.72427278546,False,False,False,False,3643.4825790626232,False,False,False,False
2025-04-10 17:00:00+00:00,88.575,89.32,87.81,89.32,2716.0,,,,,,,,,,,,,,,,,,,,,,,,,,,,,,,,,,,,,,,,,,,,,88.60442464591084,89.29947850012796,,,,,,,,,,,,,,88.60442464591084,89.29947850012796,,,,,,91.60518887338851,95.09078913887976,95.4643725711809,,,88.9519515730194,#000000,3.989137754832323,92.93041112878072,-0.9050605295360334,49.46585759912111,-6.7432403013641675,True,False,False,False,False,0.0,92.21710000000002,97.0227,0.0,0.0,0.0,0.0,0,0.9338417540514777,0.9811725452812201,False,False,False,False,-0.19193334712926546,-0.18092320174813004,False,False,False,False,-127305.0,-76440.73629956399,False,False,False,False,3629.103004193435,False,False,False,False
2025-04-10 18:00:00+00:00,89.19,89.64,88.49,88.765,1554.0,,,,,,,,,,,,,,,,,,,,,,,,,,,,,,,,,,,,,,,,,,,,,88.68854626432467,89.2786839894383,,,,,,,,,,,,,,88.68854626432467,89.2786839894383,,,,,,91.5810557186188,95.07164531637645,95.44652935966585,,,88.98361512688149,#000000,3.9982281458551094,92.90718508099087,-1.0360051827670211,48.69833994882351,-6.7432403013641675,True,False,False,False,False,0.0,92.09380000000002,96.964075,0.0,0.0,0.0,0.0,0,0.9351116155883465,0.9800416193719257,False,False,False,False,-0.16487206991816794,-0.172897635833149,False,False,False,False,-128859.0,-77253.42255848547,False,False,False,False,3596.9308645935366,False,False,False,False
2025-04-10 19:00:00+00:00,88.68,89.13,88.055,89.08,13121.0,,,,,,,,,,,,,,,,,,,,,,,,,,,,,,,,,,,,,,,,,,,,,88.73262368146126,89.09841645460031,,,,,,,,,,,,,,88.73262368146126,89.09841645460031,,,,,,91.37857290813446,94.90925576659573,95.29493230472428,,,88.91552006803079,#000000,3.995426870044751,92.72496494554612,-0.9122842349771992,48.90326977632917,-6.7432403013641675,True,False,False,False,False,0.0,91.9728,96.90690000000001,0.0,0.0,0.0,0.0,0,0.9301229797860813,0.9893511756113649,False,False,False,False,-0.19043809040760087,-0.18166786312037492,False,False,False,False,-115738.0,-77850.08267385779,False,False,False,False,3744.5908511889857,False,False,False,False
2025-04-11 14:00:00+00:00,90.65,91.17,90.035,90.055,3548.0,,,,,,,,,,,,,,,,,,,,,,,,,,,,,,,,,,,,,,,,,,,,,88.98923796256608,89.21095643825753,,,,,,,,,,,,,,88.98923796256608,89.21095643825753,,,,,,91.36035428206142,94.8782634535183,95.26524995766918,,,89.1000972004118,#000000,3.975149085538052,92.72615720362552,-0.6719640310707895,51.13662278548946,-5.661473365321726,True,False,False,False,False,0.0,91.85969999999999,96.85507500000001,0.0,0.0,0.0,0.0,0,0.9378223895162415,0.9806217761048375,False,False,False,False,-0.08296840747144668,-0.1323181352959108,False,False,False,False,-112190.0,-78382.48449286773,False,False,False,False,3741.542931015513,False,False,False,False
2025-04-11 15:00:00+00:00,90.11,90.42,89.75,90.285,6973.0,,,,,,,,,,,,,,,,,,,,,,,,,,,,,,,,,,,,,,,,,,,,,89.25672353672353,89.34582161410147,,,,,,,,,,,,,,89.25672353672353,89.34582161410147,,,,,,91.31683176608087,94.81499148273926,95.20478205313005,,,89.3012725754125,"rgba(38, 166, 154, 1.0)",3.9520116613154075,92.70763330764598,-0.6130126920829023,53.097371847856756,-3.3103195960839003,True,False,True,False,True,0.0,91.75509999999998,96.80755,0.0,0.0,0.0,0.0,0,0.9350408314773572,0.9868689680772084,False,False,False,False,-0.11035845978897427,-0.12133829754244253,False,False,False,False,-105217.0,-78798.5234929783,False,False,False,False,3791.6430406121717,False,False,False,False
2025-04-11 16:00:00+00:00,90.285,90.575,89.9,90.55,1863.0,,,,,,,,,,,,,,,,,,,,,,,,,,,,,,,,,,,,,,,,,,,,,89.31956159713154,89.38255869520738,,,,,,,,,,,,,,89.31956159713154,89.38255869520738,,,,,,91.30753968172777,94.7990497341704,95.18946633240243,,,89.35106014616946,"rgba(38, 166, 154, 1.0)",3.9238106903028807,92.70395098213808,-0.5489436550701228,54.97314430277686,-1.1159577165010361,True,False,True,False,True,0.0,91.6435,96.73550000000002,0.0,0.0,0.0,0.0,0,0.9378706449221647,0.9842012601927352,False,False,False,False,-0.1022716701883537,-0.11180498386539811,False,False,False,False,-103354.0,-79179.22855510267,False,False,False,False,3761.74159812206,False,False,False,False
2025-04-11 17:00:00+00:00,90.59,91.385,90.51,91.005,1995.0,,,,,,,,,,,,,,,,,,,,,,,,,,,,,,,,,,,,,,,,,,,,,89.41575241747411,89.44275938484203,,,,,,,,,,,,,,89.41575241747411,89.44275938484203,,,,,,91.30409658969123,94.78448004583672,95.175272777204,,,89.42925590115807,"rgba(38, 166, 154, 1.0)",3.884327352577773,92.70725920687124,-0.43823783434255853,57.20329232402965,1.3386368151817507,True,False,True,False,True,0.0,91.5316,96.67042500000001,0.0,0.0,0.0,0.0,0,0.9423174617835868,0.9782940008312934,False,False,False,False,-0.06477963983219695,-0.08829231184879753,False,False,False,False,-101359.0,-79523.10098060496,False,False,False,False,3734.3502555155164,False,False,False,False
2025-04-11 18:00:00+00:00,91.085,91.265,90.845,90.89,3006.0,,,,,,,,,,,,,,,,,,,,,,,,,,,,,,,,,,,,,,,,,,,,,89.54388350777123,89.52709986426918,,,,,,,,,,,,,,89.54388350777123,89.52709986426918,,,,,,91.2995377569425,94.76292480078013,95.15423365054671,,,89.53549168602021,"rgba(38, 166, 154, 1.0)",3.8481388071743443,92.7113434732425,-0.4733050351112178,58.2821742496152,2.687862535237869,True,False,True,False,True,0.0,91.41860000000001,96.601975,0.0,0.0,0.0,0.0,0,0.946442587377072,0.9770995890853684,False,False,False,False,-0.059121420762142524,-0.07370686630547002,False,False,False,False,-104365.0,-79908.24670183589,False,False,False,False,3723.05800349202,False,False,False,False
2025-04-11 19:00:00+00:00,90.89,91.54,90.89,91.13,8535.0,,,,,,,,,,,,,,,,,,,,,,,,,,,,,,,,,,,,,,,,,,,,,89.85067870844456,89.74829077980961,,,,,,,,,,,,,,89.85067870844456,89.74829077980961,,,,,,91.29492950649761,94.70601029519436,95.09826921551387,,,89.79948474412708,"rgba(38, 166, 154, 1.0)",3.8126713483872106,92.72381013593113,-0.4180297723813331,59.58844966511151,4.260302906220794,True,False,True,False,True,0.0,91.31560000000002,96.53309999999999,0.0,0.0,0.0,0.0,0,0.9574754845006275,0.9724403959659802,False,False,False,False,-0.05070677276675681,-0.062206819536113414,False,False,False,False,-95830.0,-80155.09559017952,False,False,False,False,3797.6617553758642,False,False,False,False
2025-04-14 14:00:00+00:00,92.065,92.61,91.915,92.465,1142.0,,,,,,,,,,,,,,,,,,,,,,,,,,,,,,,,,,,,,,,,,,,,,89.91112155950246,89.79352485718817,,,,,,,,,,,,,,89.91112155950246,89.79352485718817,,,,,,91.30055317677801,94.7009615761518,95.09305438895724,,,89.85232320834533,"rgba(38, 166, 154, 1.0)",3.7763636675446803,92.73166134278932,-0.07061325822009556,63.204497246678116,7.898217171497805,True,False,True,False,True,0.0,91.2473,96.47382499999999,0.0,0.0,0.0,0.0,0,0.9598232776473837,0.954162639790142,False,False,False,False,0.004260201866334453,-0.02897330883488948,False,False,False,False,-94688.0,-80380.4119376186,False,False,False,False,3756.4887049049207,False,False,False,False
2025-04-14 15:00:00+00:00,92.445,92.5,91.43,91.435,1329.0,,,,,,,,,,,,,,,,,,,,,,,,,,,,,,,,,,,,,,,,,,,,,89.96291020557851,89.83338623423751,,,,,,,,,,,,,,89.96291020557851,89.83338623423751,,,,,,91.3036179307649,94.69377694935218,95.08582545613153,,,89.89814821990801,"rgba(38, 166, 154, 1.0)",3.744573379277642,92.7366067362187,-0.34759813852807764,61.881175162199405,7.898217171497805,True,False,True,False,True,0.0,91.147,96.410175,0.0,0.0,0.0,0.0,0,0.9593111366245695,0.9552698048220434,False,False,False,False,-0.01133911807739255,-0.020156213456141013,False,False,False,False,-96017.0,-80622.83965951599,False,False,False,False,3718.853221107945,False,False,False,False
2025-04-14 16:00:00+00:00,91.435,92.115,91.295,91.775,3571.0,,,,,,,,,,,,,,,,,,,,,,,,,,,,,,,,,,,,,,,,,,,,,90.08474705601937,89.92994663165858,,,,,,,,,,,,,,90.08474705601937,89.92994663165858,,,,,,91.31066914002686,94.6742513361753,95.06620658151236,,,90.00734684383897,"rgba(38, 166, 154, 1.0)",3.704416739296538,92.74735689815026,-0.2624858288311539,61.75674268957444,7.898217171497805,True,False,True,False,True,0.0,91.05449999999999,96.34547500000001,0.0,0.0,0.0,0.0,0,0.9577471306923362,0.9717234357645316,False,False,False,False,-0.024976396311476374,-0.022566304883808695,False,False,False,False,-92446.0,-80806.14447099635,False,False,False,False,3716.5609231062717,False,False,False,False
2025-04-14 17:00:00+00:00,91.78,92.405,91.75,92.29,1167.0,,,,,,,,,,,,,,,,,,,,,,,,,,,,,,,,,,,,,,,,,,,,,90.13026131932239,89.96628351065326,,,,,,,,,,,,,,90.13026131932239,89.96628351065326,,,,,,91.31518943334918,94.66882780967939,95.06064526024848,,,90.04827241498782,"rgba(38, 166, 154, 1.0)",3.6660960690343924,92.7529399403823,-0.12627599813668597,62.78725954310153,8.090185965264546,True,False,True,False,True,0.0,90.96710000000002,96.28697499999998,0.0,0.0,0.0,0.0,0,0.9568830209583602,0.9723940541039607,False,False,False,False,-0.00543997679627818,-0.014003140840043438,False,False,False,False,-91279.0,-80968.5143241592,False,False,False,False,3677.0328467790428,False,False,False,False
2025-04-14 18:00:00+00:00,92.29,92.53,92.175,92.44,856.0,,,,,,,,,,,,,,,,,,,,,,,,,,,,,,,,,,,,,,,,,,,,,90.16610492185418,89.99495910885508,,,,,,,,,,,,,,90.16610492185418,89.99495910885508,,,,,,91.31939413828306,94.66523132065926,95.05690521390393,,,90.08053201535463,"rgba(38, 166, 154, 1.0)",3.6334771609687238,92.75788548695729,-0.08748795516648929,63.79824702562833,9.353805109010047,True,False,True,False,True,0.0,90.87629999999999,96.231575,0.0,0.0,0.0,0.0,0,0.960601156069364,0.9727630057803466,False,False,False,False,0.008979384611362618,-0.00251187811434041,False,False,False,False,-90423.0,-81115.09549742805,False,False,False,False,3633.2959034181276,False,False,False,False
2025-04-14 19:00:00+00:00,92.43,92.555,92.145,92.19,3297.0,,,,,,,,,,,,,,,,,,,,,,,,,,,,,,,,,,,,,,,,,,,,,90.28920288331231,90.09560672776388,,,,,,,,,,,,,,90.28920288331231,90.09560672776388,,,,,,91.33401252351652,94.65097229018762,95.04214235310147,,,90.1924048055381,"rgba(38, 166, 154, 1.0)",3.600768140022386,92.77434020606174,-0.16228209741327762,63.39086327298516,9.353805109010047,True,False,True,False,True,0.0,90.7741,96.1761,0.0,0.0,0.0,0.0,0,0.9584624635737082,0.9734492807252877,False,False,False,False,0.008848291773549975,0.0031682068296047827,False,False,False,False,-93720.0,-81310.52037343691,False,False,False,False,3628.082013442653,False,False,False,False
2025-04-15 14:00:00+00:00,93.18,93.255,92.68,93.03,1456.0,,,,,,,,,,,,,,,,,,,,,,,,,,,,,,,,,,,,,,,,,,,,,90.35635828206883,90.15040875674975,,,,,,,,,,,,,,90.35635828206883,90.15040875674975,,,,,,91.34486893858806,94.64656377780203,95.03730283820626,,,90.25338351940928,"rgba(38, 166, 154, 1.0)",3.568708443534866,92.78588665176318,0.06840383631760755,65.07839296017352,11.120933454829732,True,False,True,False,True,0.1298416873565671,90.6884,96.12332499999998,0.0,0.0,0.0,0.0,0,0.9587235996326905,0.9638200183654726,False,False,False,False,0.041248797624084226,0.022208502226844503,False,False,False,False,-92264.0,-81480.34176299603,False,False,False,False,3594.406323311759,False,False,False,False
2025-04-15 15:00:00+00:00,93.075,93.185,92.82,92.93,976.0,,,,,,,,,,,,,,,,,,,,,,,,,,,,,,,,,,,,,,,,,,,,,90.39937037784055,90.18587090405283,,,,,,,,,,,,,,90.39937037784055,90.18587090405283,,,,,,91.35202309687489,94.64360394367526,95.03405574550501,,,90.2926206409467,"rgba(38, 166, 154, 1.0)",3.5362802044926807,92.79333862885011,0.03864551541370408,65.73336670674657,11.989193868843465,True,False,True,False,True,0.0,90.595,96.06797499999999,0.0,0.0,0.0,0.0,0,0.9606610052788614,0.9645627725499194,False,False,False,False,0.04308721714377985,0.032647859685312176,False,False,False,False,-93240.0,-81662.66204574028,False,False,False,False,3553.8108764387084,False,False,False,False
2025-04-15 16:00:00+00:00,92.93,93.105,92.535,92.565,664.0,,,,,,,,,,,,,,,,,,,,,,,,,,,,,,,,,,,,,,,,,,,,,90.42514926861705,90.20743433764362,,,,,,,,,,,,,,90.42514926861705,90.20743433764362,,,,,,91.35613165971682,94.6413029177863,95.03159171075835,,,90.31629180313033,"rgba(38, 166, 154, 1.0)",3.4951324428117054,92.79753735124888,-0.0665317709854256,64.42708209970803,11.989193868843465,True,False,True,False,True,0.0,90.5068,96.01705,0.0,0.0,0.0,0.0,0,0.960159728278331,0.9652086106393718,False,False,False,False,0.033504086951086476,0.03307597331819932,False,False,False,False,-93904.0,-81852.45023107763,False,False,False,False,3509.0076070365576,False,False,False,False
2025-04-15 17:00:00+00:00,92.545,92.65,92.325,92.33,990.0,,,,,,,,,,,,,,,,,,,,,,,,,,,,,,,,,,,,,,,,,,,,,90.45768814390846,90.23517906942614,,,,,,,,,,,,,,90.45768814390846,90.23517906942614,,,,,,91.36088929522751,94.63734416855456,95.02744909475523,,,90.34643360666729,"rgba(38, 166, 154, 0.75)",3.4700074161982153,92.80226359143293,-0.13609872682933702,62.45448890674573,11.989193868843465,True,False,True,False,False,0.0,90.4094,95.96262499999999,0.0,0.0,0.0,0.0,0,0.9545559400230679,0.975732410611303,False,False,False,False,0.016058974417138022,0.024567473867668672,False,False,False,False,-94894.0,-82054.64480113845,False,False,False,False,3469.953225532115,False,False,False,False
2025-04-15 18:00:00+00:00,92.365,92.755,92.255,92.66,964.0,,,,,,,,,,,,,,,,,,,,,,,,,,,,,,,,,,,,,,,,,,,,92.55666666666664,90.49026397698859,90.26299686758075,,,,,,,,,,,,,,90.49026397698859,90.26299686758075,,,,,,91.3660020387766,94.63371521558463,95.0236166738536,,,91.10330917041199,"rgba(38, 166, 154, 0.75)",3.4430448982221145,92.80727850338997,-0.042775655776670224,62.21668253180471,11.989193868843465,True,False,True,False,False,0.0,90.3201,95.9092,0.0,0.0,0.0,0.0,0,0.9495228875674179,0.9748766883326416,False,False,False,False,0.016976801810539687,0.020772137839104178,False,False,False,False,-93930.0,-82238.75883522932,False,False,False,False,3431.101237539369,False,False,False,False
2025-04-15 19:00:00+00:00,92.64,92.78,92.555,92.67,1622.0,,,,,,,,,,,,,,,,,,,,,,,,,,,,,,,,,,,,,,,,,,,,92.6267066254189,90.54569306723572,90.31053443563098,,,,,,,,,,,,,,90.54569306723572,90.31053443563098,,,,,,91.37530424130857,94.62796446258824,95.01748578118428,,,91.16097804276187,"rgba(38, 166, 154, 0.75)",3.416546234309342,92.81624599176656,-0.04280521372664122,62.09191936074391,11.989193868843465,True,False,True,False,False,0.0,90.23819999999999,95.855525,0.0,0.0,0.0,0.0,0,0.9512375323236054,0.9755725895825634,False,False,False,False,0.02550105483024573,0.023136596334674953,False,False,False,False,-92308.0,-82394.8711013498,False,False,False,False,3403.0531563372083,False,False,False,False
2025-04-16 14:00:00+00:00,92.665,92.92,92.58,92.73,2311.0,,,,,,,,,,,,,,,,,,,,,,,,,,,,,,,,,,,,,,,,,,,,92.68174528622966,90.62258901489348,90.37716236875168,,,,,,,,,,,,,,90.62258901489348,90.37716236875168,,,,,,91.38908621228296,94.62014014566978,95.00908264300715,,,91.22716555662494,"rgba(38, 166, 154, 0.75)",3.3907900870470593,92.82914966693302,-0.029240874364877788,62.232124196371466,11.989193868843465,True,False,True,False,False,0.0,90.16759999999998,95.805525,0.0,0.0,0.0,0.0,0,0.9482893947088968,0.9768687381688903,False,False,False,False,0.029830093182880435,0.026483344758777692,False,False,False,False,-89997.0,-82512.73356489475,False,False,False,False,3386.1220996498096,False,False,False,False
2025-04-16 15:00:00+00:00,92.73,93.27,92.56,92.625,5677.0,,,,,,,,,,,,,,,,,,,,,,,,,,,,,,,,,,,,,,,,,,,,92.75507707584642,90.7963835675646,90.53104512967431,,,,,,,,,,,,,,90.7963835675646,90.53104512967431,,,,,,91.42360259835277,94.60194981896555,94.9893761533984,,,91.36083525769511,"rgba(38, 166, 154, 0.75)",3.3643900629233965,92.85964886718594,-0.06974484610801852,61.62919377857712,14.336340599432319,True,False,True,False,False,0.0,90.09859999999999,95.75354999999999,0.0,0.0,0.0,0.0,0,0.9475402298850575,0.9740689655172413,False,False,False,False,0.038491686864080214,0.03248751581142895,False,False,False,False,-95674.0,-82716.78420729947,False,False,False,False,3421.6395864769443,False,False,False,False
2025-04-16 16:00:00+00:00,92.625,92.82,92.54,92.56,684.0,,,,,,,,,,,,,,,,,,,,,,,,,,,,,,,,,,,,,,,,,,,,92.74808536152071,90.8137992348912,90.54694194960865,,,,,,,,,,,,,,90.8137992348912,90.54694194960865,,,,,,91.42713173789845,94.59956624062177,94.98683262898534,,,91.36960884867352,"rgba(38, 166, 154, 0.75)",3.344892471911595,92.86252239830213,-0.09044308624044947,60.76911859156647,13.314319360492405,True,False,True,False,False,0.0,90.1465,95.703675,0.0,0.0,0.0,0.0,0,0.9481741054961269,0.9802655846551087,False,False,False,False,0.026156904310073167,0.02932221006075106,False,False,False,False,-96358.0,-82928.27592501575,False,False,False,False,3379.1955618804022,False,False,False,False
2025-04-16 17:00:00+00:00,92.51,92.89,91.92,91.92,4176.0,,,,,,,,,,,,,,,,,,,,,,,,,,,,,,,,,,,,,,,,,,,,92.61151386549177,90.89174938629483,90.62157537830507,,,,,,,,,,,,,,90.89174938629483,90.62157537830507,,,,,,91.4413376706733,94.58221802801204,94.96881774602203,,,91.37494621003056,"rgba(38, 166, 154, 0.75)",3.3302370867636855,92.87208228068265,-0.2858902402074552,56.234595844179815,9.027795383852641,True,False,True,False,False,0.0,90.1833,95.651725,0.0,0.0,0.0,0.0,0,0.9471944163835062,0.9745614840664889,False,False,False,False,0.011732412437718805,0.02052731124923493,False,False,False,False,-100534.0,-83201.23288741862,False,False,False,False,3391.5491190605508,False,False,False,False
2025-04-16 18:00:00+00:00,91.97,92.49,91.935,92.115,2860.0,,,,,,,,,,,,,,,,,,,,,,,,,,,,,,,,,,,,,,,,,,,,92.54405296818629,90.93812666784153,90.66715872869777,,,,,,,,,,,,,,90.93812666784153,90.66715872869777,,,,,,91.45003883982993,94.57016572404933,94.95633231375467,,,91.38311278824186,"rgba(38, 166, 154, 0.75)",3.3118619487487404,92.8771513889158,-0.23012776519980263,54.348060498181,7.376904804144807,True,False,True,False,False,0.0,90.234,95.6025,0.0,0.0,0.0,0.0,0,0.9492053313791049,0.9742133467686528,False,False,False,False,0.0016385291196795242,0.011082920184457227,False,False,False,False,-97674.0,-83425.61687366018,False,False,False,False,3383.3080474472085,False,False,False,False
2025-04-16 19:00:00+00:00,92.11,92.865,91.755,92.83,10832.0,,,,,,,,,,,,,,,,,,,,,,,,,,,,,,,,,,,,,,,,,,,92.48333333333333,92.52147125134474,91.12353229725143,90.84828958392802,,,,,,,,,,,,,,91.12353229725143,90.84828958392802,,,,,,91.49416970265689,94.53125110465339,94.91509904185482,,,91.74415661646438,"rgba(38, 166, 154, 1.0)",3.295976884267222,92.73894493581139,0.02762612341829357,56.55388308662035,7.376904804144807,True,False,True,False,True,0.0,90.28559999999999,95.555675,0.0,0.0,0.0,0.0,0,0.9482562633565224,0.9708088937389168,False,False,False,False,0.00675084466346112,0.008916882423959174,False,False,False,False,-86842.0,-83478.58405391351,False,False,False,False,3498.7916436108176,False,False,False,False
2025-04-17 14:00:00+00:00,92.61,92.8,92.31,92.41,1584.0,,,,,,,,,,,,,,,,,,,,,,,,,,,,,,,,,,,,,,,,,,,92.48631013745704,92.52070764137632,91.14738255678935,90.87212795498894,,,,,,,,,,,,,,91.14738255678935,90.87212795498894,,,,,,91.50045396957248,94.52574524717001,94.90924107065163,,,91.7566320726529,"rgba(38, 166, 154, 1.0)",3.276161165447182,92.74306699815098,-0.10166380142215031,55.545558881069496,7.376904804144807,True,False,True,False,True,0.0,90.3531,95.506,0.0,0.0,0.0,0.0,0,0.952303228146536,0.9711189698948131,False,False,False,False,0.019599328668854006,0.01425810554640659,False,False,False,False,-88426.0,-83555.28817710864,False,False,False,False,3469.1049514618126,False,False,False,False
2025-04-17 15:00:00+00:00,92.425,93.055,92.425,92.87,648.0,,,,,,,,,,,,,,,,,,,,,,,,,,,,,,,,,,,,,,,,,,,92.50104307001429,92.52613469183834,91.15884206410979,90.88330106547103,,,,,,,,,,,,,,91.15884206410979,90.88330106547103,,,,,,91.50370308558975,94.52380892847748,94.90712784876791,,,91.76733022285835,"rgba(38, 166, 154, 1.0)",3.248768412521961,92.7462215815188,0.03810010525961791,56.89731032636746,7.376904804144807,True,False,True,False,True,0.0,90.4268,95.45632499999999,0.0,0.0,0.0,0.0,0,0.953450461872849,0.9712461510595904,False,False,False,False,0.029305304954664515,0.021781705250535553,False,False,False,False,-87778.0,-83620.75657746354,False,False,False,False,3425.3668901988385,False,False,False,False
2025-04-17 16:00:00+00:00,92.91,93.5,92.905,93.47,496.0,,,,,,,,,,,,,,,,,,,,,,,,,,,,,,,,,,,,,,,,,,,92.52996263520158,92.53805482304682,91.17021663942771,90.8940300044609,,,,,,,,,,,,,,91.17021663942771,90.8940300044609,,,,,,91.50716250832184,94.52276174140908,94.90589963610498,,,91.78306602553425,"rgba(38, 166, 154, 1.0)",3.226887300271102,92.75065204550663,0.2229231725672407,59.96499315476951,6.254623289129569,True,False,True,False,True,1.6819076445494687,90.5222,95.40605,0.0,0.0,0.0,0.0,0,0.9530988274706866,0.9702114174475981,False,False,False,False,0.0535984335720403,0.03769006941128793,False,False,False,False,-87282.0,-83677.52004137884,False,False,False,False,3379.950349265523,False,False,False,False
2025-04-17 17:00:00+00:00,93.47,93.585,93.32,93.53,1311.0,,,,,,,,,,,,,,,,,,,,,,,,,,,,,,,,,,,,,,,,,,,92.61356925111515,92.57522367958188,91.20229998763013,90.92410565172368,,,,,,,,,,,,,,91.20229998763013,90.92410565172368,,,,,,91.51719190699991,94.5204208104311,94.90303662859088,,,91.8287996425127,"rgba(38, 166, 154, 1.0)",3.1948020043265792,92.76360469723375,0.2398882001852886,62.21099961147007,8.283928459919927,True,False,True,False,True,1.852349674176434,90.6318,95.35699999999999,0.0,0.0,0.0,0.0,0,0.9570452179423344,0.9683610193273887,False,False,False,False,0.0667543883605258,0.052222228885906864,False,False,False,False,-85971.0,-83713.07787019467,False,False,False,False,3347.873599664507,False,False,False,False
2025-04-17 18:00:00+00:00,93.54,93.68,93.4,93.405,504.0,,,,,,,,,,,,,,,,,,,,,,,,,,,,,,,,,,,,,,,,,,,92.64246298102981,92.58899205005592,91.21448658320944,90.93555668970318,,,,,,,,,,,,,,91.21448658320944,90.93555668970318,,,,,,91.52105303285595,94.51953800326486,94.90195186953241,,,91.84537457599959,"rgba(38, 166, 154, 1.0)",3.152036567447278,92.6993597422881,0.22386804296606835,62.8189730631385,8.849498589500982,True,False,True,False,True,1.474417033078801,90.74610000000001,95.307275,0.0,0.0,0.0,0.0,0,0.9587278575635391,0.9676980926924293,False,False,False,False,0.07136419645867284,0.06179321267228985,False,False,False,False,-86475.0,-83755.8983683312,False,False,False,False,3303.7825361038167,False,False,False,False
2025-04-17 19:00:00+00:00,93.4,93.445,93.13,93.44,2441.0,,,,,,,,,,,,,,,,,,,,,,,,,,,,,,,,,,,,,,,,,,,92.73780534351145,92.63964677374688,91.26779020152172,90.9862957163661,,,,,,,,,,,,,,91.26779020152172,90.9862957163661,,,,,,91.53807469456035,94.51463322900007,94.89613927629766,,,91.90788450878654,"rgba(38, 166, 154, 1.0)",3.1095837211628865,92.71014152780091,0.23471259745537237,63.37346090169136,9.48017849700814,True,False,True,False,True,1.5775785954953214,90.8317,95.26209999999999,0.0,0.0,0.0,0.0,0,0.960454029511918,0.967082860385925,False,False,False,False,0.05806915143120497,0.05993118205174741,False,False,False,False,-84034.0,-83760.21002153536,False,False,False,False,3290.4060626758505,False,False,False,False
2025-04-18 14:00:00+00:00,93.44,93.44,93.44,93.44,0.0,,,,,,,,,,,,,,,,,,,,,,,,,,,,,,,,,,,,,,,,,,,92.73780534351145,92.63964677374688,91.26779020152172,90.9862957163661,,,,,,,,,,,,,,91.26779020152172,90.9862957163661,,,,,,91.53807469456035,94.51463322900007,94.89613927629766,,,91.90788450878654,"rgba(38, 166, 154, 1.0)",3.071306075436202,92.71014152780091,0.23763781735606582,63.743119460726604,10.017365420457935,True,False,True,False,True,1.5775785954953214,90.9358,95.22067499999999,0.0,0.0,0.0,0.0,0,0.9632611977856063,0.9692089490780984,False,False,False,False,0.06609608008873169,0.06301363107023955,False,False,False,False,-84034.0,-83764.45482740302,False,False,False,False,3239.392015192504,False,False,False,False
2025-04-18 15:00:00+00:00,93.44,93.44,93.44,93.44,0.0,,,,,,,,,,,,,,,,,,,,,,,,,,,,,,,,,,,,,,,,,,,92.73780534351145,92.63964677374688,91.26779020152172,90.9862957163661,,,,,,,,,,,,,,91.26779020152172,90.9862957163661,,,,,,91.53807469456035,94.51463322900007,94.89613927629766,,,91.90788450878654,"rgba(38, 166, 154, 1.0)",3.0398226121791776,92.71014152780091,0.24009903383009085,63.98955850008343,10.495408870715146,True,False,True,False,True,1.5775785954953214,91.041,95.17960000000001,0.0,0.0,0.0,0.0,0,0.9579252310663537,0.9715363038580033,False,False,False,False,0.06609608008873169,0.06455485557948562,False,False,False,False,-84034.0,-83768.633822327,False,False,False,False,3189.1688831740153,False,False,False,False
2025-04-18 16:00:00+00:00,93.44,93.44,93.44,93.44,0.0,,,,,,,,,,,,,,,,,,,,,,,,,,,,,,,,,,,,,,,,,,,92.73780534351145,92.63964677374688,91.26779020152172,90.9862957163661,,,,,,,,,,,,,,91.26779020152172,90.9862957163661,,,,,,91.53807469456035,94.51463322900007,94.89613927629766,,,91.90788450878654,"rgba(38, 166, 154, 1.0)",2.996170110880834,92.71014152780091,0.24359714074596214,64.15385119298799,10.931265102480218,True,False,True,False,True,1.5775785954953214,91.11320000000002,95.153925,0.0,0.0,0.0,0.0,0,0.9614051305754562,0.9684307834527384,False,False,False,False,0.06609608008873169,0.06532546783410866,False,False,False,False,-84034.0,-83772.748026632,False,False,False,False,3139.724404365116,False,False,False,False
2025-04-18 17:00:00+00:00,93.44,93.44,93.44,93.44,0.0,,,,,,,,,,,,,,,,,,,,,,,,,,,,,,,,,,,,,,,,,,,92.73780534351145,92.63964677374688,91.26779020152172,90.9862957163661,,,,,,,,,,,,,,91.26779020152172,90.9862957163661,,,,,,91.53807469456035,94.51463322900007,94.89613927629766,,,91.90788450878654,"rgba(38, 166, 154, 1.0)",2.952412911501768,92.71014152780091,0.24720745169341346,64.26337965492435,11.332544826713985,True,False,True,False,True,1.5775785954953214,91.1799,95.12874999999998,0.0,0.0,0.0,0.0,0,0.9624511446119484,0.9690117252931321,False,False,False,False,0.06609608008873169,0.06571077396142017,False,False,False,False,-84034.0,-83776.79844482375,False,False,False,False,3091.046506623021,False,False,False,False
2025-04-18 18:00:00+00:00,93.44,93.44,93.44,93.44,0.0,,,,,,,,,,,,,,,,,,,,,,,,,,,,,,,,,,,,,,,,,,,92.73780534351145,92.63964677374688,91.26779020152172,90.9862957163661,,,,,,,,,,,,,,91.26779020152172,90.9862957163661,,,,,,91.53807469456035,94.51463322900007,94.89613927629766,,,91.90788450878654,"rgba(38, 166, 154, 1.0)",2.9014972059332393,92.71014152780091,0.2515454678731394,64.3363986295486,11.702216104874566,True,False,True,False,True,1.5775785954953214,91.26719999999999,95.10215,0.0,0.0,0.0,0.0,0,0.9591008720794663,0.967821666744392,False,False,False,False,0.06609608008873169,0.06590342702507593,False,False,False,False,-84034.0,-83780.78606583424,False,False,False,False,3043.123304969951,False,False,False,False
2025-04-18 19:00:00+00:00,93.44,93.44,93.44,93.44,0.0,,,,,,,,,,,,,,,,,,,,,,,,,,,,,,,,,,,,,,,,,,,92.73780534351145,92.63964677374688,91.26779020152172,90.9862957163661,,,,,,,,,,,,,,91.26779020152172,90.9862957163661,,,,,,91.53807469456035,94.51463322900007,94.89613927629766,,,91.90788450878654,"rgba(38, 166, 154, 1.0)",2.8410191325850103,92.71014152780091,0.25690023126841594,64.38507794596475,12.041252264899313,True,False,True,False,True,1.5775785954953214,91.35969999999999,95.0742,0.0,0.0,0.0,0.0,0,0.9596295083500956,0.9678626561257424,False,False,False,False,0.06609608008873169,0.06599975355690381,False,False,False,False,-84034.0,-83784.71186326316,False,False,False,False,2995.9430986913467,False,False,False,False
2025-04-21 14:00:00+00:00,93.15,93.155,92.47,92.61,461.0,,,,,,,,,,,,,,,,,,,,,,,,,,,,,,,,,,,,,,,,,,,92.73798681402856,92.64097481611111,91.27475895662143,90.99328167723633,,,,,,,,,,,,,,91.27475895662143,90.99328167723633,,,,,,91.54020590342012,94.51324656947479,94.89463011379745,,,91.91175056599936,"rgba(38, 166, 154, 0.5)",2.7634470118657557,92.70633841804906,-0.03486168456836611,55.77116130584142,8.696797243767072,False,False,True,False,False,0.0,91.45609999999999,95.038375,0.0,0.0,0.0,0.0,0,0.9538540261431825,0.9680420523794016,False,False,False,False,0.03311040326094626,0.049555078408925035,False,False,False,False,-84495.0,-83795.72408243737,False,False,False,False,2956.6416553007834,False,False,False,False
2025-04-21 15:00:00+00:00,92.6,92.65,92.1,92.11,1078.0,,,,,,,,,,,,,,,,,,,,,,,,,,,,,,,,,,,,,,,,,,,92.71284999569448,92.63082994678919,91.28579992375094,91.00518487373441,,,,,,,,,,,,,,91.28579992375094,91.00518487373441,,,,,,91.5432754968268,94.50917419552229,94.8903586678031,,,91.90866618499226,"rgba(239, 83, 80, 1.0)",2.6793625922788626,92.69140661866058,-0.21699437781807634,47.276304629588424,1.3067593620128832,False,True,False,True,False,0.0,91.5473,95.001075,0.0,0.0,0.0,0.0,0,0.9479892263397416,0.9752948825113772,False,False,False,False,0.010159234580412119,0.029857156494668576,False,False,False,False,-85573.0,-83823.27874782594,False,False,False,False,2927.5154280868173,False,False,False,False
2025-04-21 16:00:00+00:00,92.115,92.365,91.92,92.095,1142.0,,,,,,,,,,,,,,,,,,,,,,,,,,,,,,,,,,,,,,,,,,,92.68019051568523,92.61598747132065,91.29540829089167,91.01601320921692,,,,,,,,,,,,,,91.29540829089167,91.01601320921692,,,,,,91.54580592049035,94.50456685479921,94.88557173292399,,,91.90189987177861,"rgba(239, 83, 80, 1.0)",2.5815192433150735,92.67874897600686,-0.22612613774563017,41.540600971920256,-3.3095080907062027,False,True,False,True,False,0.0,91.6725,94.9651,0.0,0.0,0.0,0.0,0,0.9504610462928111,0.9743601806548738,False,False,False,False,-0.0020317829584324087,0.013912686768118084,False,False,False,False,-86715.0,-83868.11163545655,False,False,False,False,2899.833018349037,False,False,False,False
2025-04-21 17:00:00+00:00,92.105,92.135,91.77,91.79,358.0,,,,,,,,,,,,,,,,,,,,,,,,,,,,,,,,,,,,,,,,,,,92.66676904019819,92.60942484695224,91.2975603279528,91.01867577310614,,,,,,,,,,,,,,91.2975603279528,91.01867577310614,,,,,,91.54628460909214,94.50298785127967,94.88395059885002,,,91.89810749705234,"rgba(239, 83, 80, 1.0)",2.496917423869693,92.67435078233186,-0.35417702398876055,36.303156320732576,-7.51276474310265,False,True,False,True,False,0.0,91.79209999999999,94.930075,0.0,0.0,0.0,0.0,0,0.9496508116270287,0.9773971309928273,False,False,False,False,-0.011994619426850095,0.0009590336706339943,False,False,False,False,-87073.0,-83917.79982715489,False,False,False,False,2860.4247544986642,False,False,False,False
2025-04-21 18:00:00+00:00,91.79,92.025,91.735,91.87,1900.0,,,,,,,,,,,,,,,,,,,,,,,,,,,,,,,,,,,,,,,,,,,92.6007969676994,92.57550829496455,91.30832659810766,91.03220044413477,,,,,,,,,,,,,,91.30832659810766,91.03220044413477,,,,,,91.54864850666732,94.49457014097523,94.87531395500572,,,91.8792080762266,"rgba(239, 83, 80, 1.0)",2.4001812562940996,92.65626853676577,-0.32758714980541337,33.79937500934068,-9.351650761575556,False,True,False,True,False,0.0,91.9123,94.89247500000002,0.0,0.0,0.0,0.0,0,0.9483069335103858,0.9803661197002749,False,False,False,False,-0.01579674830027031,-0.007418857314818159,False,False,False,False,-85173.0,-83937.26029495093,False,False,False,False,2845.534448227367,False,False,False,False
2025-04-21 19:00:00+00:00,91.845,92.435,91.715,92.305,4073.0,,,,,,,,,,,,,,,,,,,,,,,,,,,,,,,,,,,,,,,,,,92.15166666666667,92.53261045673673,92.5372496417121,91.34064860295597,91.06879217593453,,,,,,,,,,,,,92.15166666666667,91.34064860295597,91.06879217593453,,,,,,91.5577579680043,94.47858238170548,94.85864851709744,,,91.9261935088012,"rgba(239, 83, 80, 0.75)",2.30221813330879,92.50088200626558,-0.08508403414582279,36.79215192310291,-9.351650761575556,False,True,False,True,True,0.0,91.93639999999999,94.85615000000001,0.0,0.0,0.0,0.0,0,0.9412877891848415,0.9801296305057481,False,False,True,False,-0.005571063191709798,-0.0064949602532639785,False,False,False,False,-81100.0,-83893.27176324626,False,False,False,False,2864.5649218982608,False,False,False,False
2025-04-22 14:00:00+00:00,93.415,93.55,93.275,93.54,259.0,,,,,,,,,,,,,,,,,,,,,,,,,,,,,,,,,,,,,,,,,,92.22958987380733,92.54143014484193,92.54248745804044,91.34578905044857,91.07374170444055,,,,,,,,,,,,,92.22958987380733,91.34578905044857,91.07374170444055,,,,,,91.55957873096209,94.47813841239746,94.85810258246944,,,91.94660764631575,"rgba(239, 83, 80, 0.75)",2.22467463963941,92.50900957299311,0.46343425174928415,46.14027658018582,-12.090913880932533,False,True,False,True,True,2.18722908346961,91.9892,94.8266,0.0,0.0,0.0,0.0,0,0.9482823352731367,0.9747981978599587,False,False,False,False,0.06464800242070025,0.029076521083718134,False,False,False,False,-80841.0,-83845.94972040523,False,False,False,False,2824.168566519993,False,False,False,False
2025-04-22 15:00:00+00:00,93.53,93.92,93.42,93.915,382.0,,,,,,,,,,,,,,,,,,,,,,,,,,,,,,,,,,,,,,,,,,92.35293169282987,92.5582604026357,92.55258090597206,91.35438524781836,91.08190923873707,,,,,,,,,,,,,92.35293169282987,91.35438524781836,91.08190923873707,,,,,,91.56267713432565,94.47767396692619,94.85746824104434,,,91.9800134975986,"rgba(38, 166, 154, 0.5)",2.1669558233944306,92.52257825748995,0.6425704333597773,53.7362488977093,-5.521364471022935,False,True,True,False,True,3.4096563399793034,92.0328,94.79897499999998,0.0,0.0,0.0,0.0,0,0.9513338646912651,0.9697594823948613,False,False,False,False,0.07821870861591043,0.053647614849814285,False,False,False,False,-80459.0,-83793.43887202685,False,False,False,False,2786.3054879692954,False,False,False,False
2025-04-22 16:00:00+00:00,93.96,94.265,93.955,94.14,464.0,,,,,,,,,,,,,,,,,,,,,,,,,,,,,,,,,,,,,,,,,,92.5112784859019,92.58420273511618,92.56831375603001,91.36633608687153,91.09312275942902,,,,,,,,,,,,,92.5112784859019,91.36633608687153,91.09312275942902,,,,,,91.56706017176096,94.47739642996298,94.85695503422772,,,92.02465076466973,"rgba(38, 166, 154, 1.0)",2.1175452961114156,92.54109356503434,0.7550754347034891,59.554488183321,-0.5715552400960107,True,False,True,False,True,4.138029386697411,92.12290000000002,94.776425,0.0,0.0,0.0,0.0,0,0.95363769415986,0.9728058165336856,False,False,False,False,0.10147697950326993,0.07756229717654212,False,False,False,False,-79995.0,-83734.54834687915,False,False,False,False,2750.3007517217097,False,False,False,False
2025-04-22 17:00:00+00:00,94.14,94.37,93.785,93.925,958.0,,,,,,,,,,,,,,,,,,,,,,,,,,,,,,,,,,,,,,,,,,92.7478726640591,92.63203356293195,92.59792278619616,91.38986123290415,91.11530903134134,,,,,,,,,,,,,92.7478726640591,91.38986123290415,91.11530903134134,,,,,,91.57573315837446,94.4766754850971,94.85576378665408,,,92.09659985548655,"rgba(38, 166, 154, 1.0)",2.1407731764003586,92.57181201134148,0.6321024588573465,61.71044344999991,1.2180510018534392,True,False,True,False,True,3.3606601121004616,92.22640000000001,94.7555,0.0,0.0,0.0,0.0,0,0.9488073913453378,0.9745922504006785,False,False,False,False,0.09975559790869422,0.08865894754261816,False,False,False,False,-80953.0,-83691.42356630738,False,False,False,False,2722.5131431678847,False,False,False,False
2025-04-22 18:00:00+00:00,93.92,94.28,93.875,94.26,1049.0,,,,,,,,,,,,,,,,,,,,,,,,,,,,,,,,,,,,,,,,,,92.95087798654605,92.68480939657094,92.63142385730673,91.4162192672908,91.14013816790512,,,,,,,,,,,,,92.95087798654605,91.4162192672908,91.14013816790512,,,,,,91.5855896020024,94.47608393446042,94.85463845350985,,,92.16469373512393,"rgba(38, 166, 154, 1.0)",2.168181666452609,92.60181458883474,0.764781584874409,64.42640407375201,3.84764788532933,True,False,True,False,True,4.462310123444308,92.33929999999998,94.7376,0.0,0.0,0.0,0.0,0,0.9506149568823333,0.9740351538570282,False,False,False,False,0.09975559790869422,0.09420727272565618,False,False,False,False,-79904.0,-83632.70382109331,False,False,False,False,2696.5672029637312,False,False,False,False
2025-04-22 19:00:00+00:00,94.26,94.265,93.985,94.075,4299.0,,,,,,,,,,,,,,,,,,,,,,,,,,,,,,,,,,,,,,,,,,93.38416782770231,92.86354503149431,92.75228567440146,91.51802339253307,91.23679370742379,,,,,,,,,,,,,93.38416782770231,91.51802339253307,91.23679370742379,,,,,,91.62473783920687,94.47346767712033,94.84987165429783,,,92.35096312671098,"rgba(38, 166, 154, 1.0)",2.1861790003620656,92.68834580513763,0.6342820942991043,64.71082109430324,4.4715006575855725,True,False,True,False,True,3.7796462200487078,92.43440000000001,94.71897500000001,0.0,0.0,0.0,0.0,0,0.9516441005802706,0.974383167429353,False,False,False,False,0.10227166489002398,0.09823946880784008,False,False,False,False,-84203.0,-83641.54562231667,False,False,False,False,2721.4111222976267,False,False,False,False
2025-04-23 14:00:00+00:00,95.64,95.795,95.065,95.375,1285.0,,,,,,,,,,,,,,,,,,,,,,,,,,,,,,,,,,,,,,,,,,93.5882038530817,92.9557175430695,92.81578310230775,91.56154273363026,91.27703820119083,,,,,,,,,,,,,93.5882038530817,91.56154273363026,91.27703820119083,,,,,,91.64222229408294,94.47545851167824,94.85094217641675,,,92.43965708665601,"rgba(38, 166, 154, 1.0)",2.23523635205586,92.79960872094577,1.1521785052777584,68.85043064624747,8.823960952895291,True,False,True,False,True,7.912346442001745,92.5666,94.7076,0.0,0.0,0.0,0.0,0,0.9505070239092006,0.9671132198344029,False,False,False,False,0.17201845549683298,0.13512896215233652,False,False,False,False,-82918.0,-83630.32786073037,False,False,False,False,2699.141182417043,False,False,False,False
2025-04-23 15:00:00+00:00,95.38,95.47,94.37,94.59,2025.0,,,,,,,,,,,,,,,,,,,,,,,,,,,,,,,,,,,,,,,,,,93.75544308503449,93.05571812831235,92.88809815017099,91.61776939645965,91.32990418341615,,,,,,,,,,,,,93.75544308503449,91.61776939645965,91.32990418341615,,,,,,91.66510424804073,94.47657347928624,94.85081959958106,,,92.52938658867873,"rgba(38, 166, 154, 1.0)",2.2517900446995114,92.8196121091747,0.7862135703959704,66.7711870246554,8.823960952895291,True,False,True,False,True,5.050196333512222,92.6768,94.68985,0.0,0.0,0.0,0.0,0,0.9495225734680633,0.969639380736071,False,False,False,False,0.1446002591906681,0.1398646106715023,False,False,False,False,-84943.0,-83650.67936676554,False,False,False,False,2688.6893811392597,False,False,False,False
2025-04-23 16:00:00+00:00,94.59,94.675,94.145,94.575,1624.0,,,,,,,,,,,,,,,,,,,,,,,,,,,,,,,,,,,,,,,,,,93.82562949202095,93.11414290455163,92.93266091844012,91.65675118237692,91.36708068033575,,,,,,,,,,,,,93.82562949202095,91.65675118237692,91.36708068033575,,,,,,91.68123047186702,94.47654262766792,94.84989545215647,,,92.57925303554507,"rgba(38, 166, 154, 1.0)",2.267560949050777,92.8323943941804,0.7684933922279252,65.30092079414209,8.823960952895291,True,False,True,False,True,4.99635213569254,92.76720000000002,94.670975,0.0,0.0,0.0,0.0,0,0.9468104891203272,0.9837269853077923,False,False,False,False,0.11739633479526027,0.1286304727333813,False,False,False,False,-86567.0,-83695.89364014902,False,False,False,False,2672.1825690285737,False,False,False,False
2025-04-23 17:00:00+00:00,94.58,94.77,94.29,94.635,1701.0,,,,,,,,,,,,,,,,,,,,,,,,,,,,,,,,,,,,,,,,,,93.89504111705944,93.17452133385528,92.97958845997834,91.6978666533686,91.40631286977808,,,,,,,,,,,,,93.89504111705944,91.6978666533686,91.40631286977808,,,,,,91.6985229636262,94.4767889225722,94.84918248001564,,,92.63066608680795,"rgba(38, 166, 154, 0.75)",2.274668529461228,92.85336129397014,0.7832520136249747,64.54420654937158,8.823960952895291,True,False,True,False,False,5.18801607294548,92.8542,94.6593,0.0,0.0,0.0,0.0,0,0.9465595691336243,0.9846318135388615,False,False,False,False,0.1237802508580698,0.12620536179572556,False,False,False,False,-84866.0,-83714.03482402267,False,False,False,False,2657.1254749351074,False,False,False,False
2025-04-23 18:00:00+00:00,94.63,94.73,94.245,94.34,808.0,,,,,,,,,,,,,,,,,,,,,,,,,,,,,,,,,,,,,,,,,,93.91823444462057,93.19902016058093,92.99924075185629,91.71614759286476,91.42387959118804,,,,,,,,,,,,,93.91823444462057,91.71614759286476,91.42387959118804,,,,,,91.70630492886282,94.47673812839948,94.84869465899,,,92.65130450822211,"rgba(38, 166, 154, 0.75)",2.261449148721814,92.86149946740889,0.6537845582009975,62.15551457233006,8.823960952895291,True,False,True,False,False,4.101467947500016,92.93,94.64465,0.0,0.0,0.0,0.0,0,0.946379702212533,0.9852961640150284,False,False,False,False,0.12151815888493529,0.12386176034033042,False,False,False,False,-85674.0,-83744.42188101457,False,False,False,False,2628.456862920609,False,False,False,False
2025-04-23 19:00:00+00:00,94.335,94.41,93.645,94.23,5077.0,,,,,,,,,,,,,,,,,,,,,,,,,,,,,,,,,,,,,,,,,94.095,93.95562149363995,93.29630388445719,93.08475824840258,91.81184606018348,91.5177045944089,,,,,,,,,,,,,93.95562149363995,91.81184606018348,91.5177045944089,,,,,,91.7481884135552,94.47359598337442,94.84311328281682,,,92.96020571351535,"rgba(38, 166, 154, 0.75)",2.2349827336742814,92.88138986892875,0.603409641941241,59.86961292332995,8.823960952895291,True,False,True,False,False,3.6957396364271737,92.9945,94.62530000000001,0.0,0.0,0.0,0.0,0,0.9398024189825499,0.9884128889299233,False,False,False,False,0.09710846502926423,0.11048511268479733,False,False,False,False,-90751.0,-83853.05099913837,False,False,False,False,2666.418772022615,False,False,False,False
2025-04-24 14:00:00+00:00,95.1,95.115,94.525,94.555,1668.0,,,,,,,,,,,,,,,,,,,,,,,,,,,,,,,,,,,,,,,,,94.25244403261675,94.0060438740002,93.34574293954476,93.12593034177145,91.84993335731586,91.55437127523271,,,,,,,,,,,,,94.0060438740002,91.84993335731586,91.55437127523271,,,,,,91.76527672759444,94.47429199321115,94.84284279588444,,,93.02241097008029,"rgba(38, 166, 154, 0.75)",2.2396968062186704,92.91505538362728,0.7322172411101864,59.94825410433552,8.823960952895291,True,False,True,False,False,4.7815810876263605,93.06779999999999,94.606425,0.0,0.0,0.0,0.0,0,0.9455529562864088,0.9808724370441724,False,False,False,False,0.1392506244356005,0.12486786856019891,False,False,False,False,-89083.0,-83934.13547977188,False,False,False,False,2650.939411216063,False,False,False,False
2025-04-24 15:00:00+00:00,94.575,95.0,94.575,94.945,517.0,,,,,,,,,,,,,,,,,,,,,,,,,,,,,,,,,,,,,,,,,94.29427361608373,94.02250709585448,93.36152691511388,93.13911000228046,91.86197392539285,91.56594866971554,,,,,,,,,,,,,94.02250709585448,91.86197392539285,91.56594866971554,,,,,,91.77072559894332,94.47459744507697,94.84284065894117,,,93.04089003740683,"rgba(38, 166, 154, 0.75)",2.2314414038331916,92.92542717066766,0.9050530414390855,61.68668150711869,8.823960952895291,True,False,True,False,False,6.066966881677256,93.1441,94.58855,0.0,0.0,0.0,0.0,0,0.9484370703089192,0.9807498395819966,False,False,False,False,0.13751371137731566,0.13119078996875727,False,False,False,False,-88566.0,-84005.94733279868,False,False,False,False,2617.8550792592246,False,False,False,False
2025-04-24 16:00:00+00:00,94.955,95.275,94.84,95.24,961.0,,,,,,,,,,,,,,,,,,,,,,,,,,,,,,,,,,,,,,,,,94.39057926952857,94.06129490484959,93.3953570116555,93.16699946724538,91.88616708800741,91.58906452290029,,,,,,,,,,,,,94.06129490484959,91.88616708800741,91.58906452290029,,,,,,91.78171666148495,94.47559531778684,94.84322505932403,,,93.08157704403114,"rgba(38, 166, 154, 1.0)",2.223932382795288,92.94864331797146,1.0303176030687142,63.976451267924695,8.823960952895291,True,False,True,False,True,7.027357560239761,93.19959999999999,94.57655000000001,0.0,0.0,0.0,0.0,0,0.9484947074187783,0.9810750126013837,False,False,False,False,0.15750783767482582,0.14434931382179156,False,False,False,False,-87605.0,-84061.74659895684,False,False,False,False,2592.1674036117943,False,False,False,False
2025-04-24 17:00:00+00:00,95.24,95.245,95.06,95.13,478.0,,,,,,,,,,,,,,,,,,,,,,,,,,,,,,,,,,,,,,,,,94.43202428839598,94.08004439940156,93.41195644694972,93.18076658366945,91.8981655331069,91.60053667607083,,,,,,,,,,,,,94.08004439940156,91.8981655331069,91.60053667607083,,,,,,91.78720024445009,94.47611105201197,94.84343435493922,,,93.10058232126573,"rgba(38, 166, 154, 1.0)",2.2403691619874277,92.9596641676178,0.9687402724544252,64.60607536939392,8.823960952895291,True,False,True,False,True,6.594816132424821,93.2735,94.56305,0.0,0.0,0.0,0.0,0,0.9530287710267488,0.9813861568158837,False,False,False,False,0.17751856429964447,0.160933939060718,False,False,False,False,-88083.0,-84124.09161292651,False,False,False,False,2559.3896144085106,False,False,False,False
2025-04-24 18:00:00+00:00,95.13,95.245,94.915,95.14,776.0,,,,,,,,,,,,,,,,,,,,,,,,,,,,,,,,,,,,,,,,,94.48671977770744,94.10790968408205,93.4375613609857,93.20221022370043,91.91718977869321,91.61876965583,,,,,,,,,,,,,94.10790968408205,91.91718977869321,91.61876965583,,,,,,91.79594569049488,94.47689040726885,94.84372290460416,,,93.12839341349981,"rgba(38, 166, 154, 1.0)",2.2580919714116168,92.97600312324643,0.9583298218808942,65.07131406386654,9.549581191954857,True,False,True,False,True,6.628260797771656,93.34080000000002,94.5496,0.0,0.0,0.0,0.0,0,0.954050452603042,0.9772090244911087,False,False,False,False,0.18605659808718705,0.17349526857395253,False,False,False,False,-87307.0,-84173.43902978036,False,False,False,False,2531.740163022332,False,False,False,False
2025-04-24 19:00:00+00:00,95.115,95.545,95.045,95.435,3465.0,,,,,,,,,,,,,,,,,,,,,,,,,,,,,,,,,,,,,,,,,94.71561724102405,94.24205157572143,93.55834572105059,93.30387533485101,92.00569570417005,91.70341259686494,,,,,,,,,,,,,94.24205157572143,92.00569570417005,91.70341259686494,,,,,,91.8372545749612,94.48168727494706,94.84621100776307,,,93.25483302894702,"rgba(38, 166, 154, 1.0)",2.2635054134591743,93.05221034907777,1.0526988964787873,66.70897861699686,11.536892379927949,True,False,True,False,True,7.61992642753658,93.40369999999999,94.54072500000001,0.0,0.0,0.0,0.0,0,0.9589960467040545,0.9729245196285741,False,False,False,False,0.20545716165675018,0.18947621511535134,False,False,False,False,-83842.0,-84168.30044017136,False,False,False,False,2546.2093077816758,False,False,False,False
2025-04-25 14:00:00+00:00,95.15,95.3,94.87,95.02,1280.0,,,,,,,,,,,,,,,,,,,,,,,,,,,,,,,,,,,,,,,,,94.74691217831528,94.27376416583708,93.59280451011257,93.33422798907428,92.03461209868884,91.73139681465531,,,,,,,,,,,,,94.27376416583708,92.03461209868884,91.73139681465531,,,,,,91.85107926900034,94.48287668198206,94.84661104313902,,,93.2856196261139,"rgba(38, 166, 154, 0.75)",2.2531511407504987,93.07152665368761,0.8647770276357799,64.15238183189999,11.536892379927949,True,False,True,False,False,5.93483250915218,93.45530000000001,94.531775,0.0,0.0,0.0,0.0,0,0.9575960392408545,0.9701109379297699,False,False,False,False,0.1930892747226298,0.19128274491899055,False,False,False,False,-85122.0,-84183.08647985863,False,False,False,False,2526.5781557230453,False,False,False,False
2025-04-25 15:00:00+00:00,95.015,95.23,94.85,94.955,700.0,,,,,,,,,,,,,,,,,,,,,,,,,,,,,,,,,,,,,,,,,94.75933197069205,94.28902404797778,93.61035103526254,93.3499054046837,92.04992976743505,91.74627014200618,,,,,,,,,,,,,94.28902404797778,92.04992976743505,91.74627014200618,,,,,,91.85846885061922,94.48346736924074,94.84677718342125,,,93.30080206134289,"rgba(38, 166, 154, 0.75)",2.213569255037898,93.08116516782606,0.8465218912438587,61.920206725087624,11.536892379927949,True,False,True,False,False,5.671865907692592,93.51060000000001,94.51817499999999,0.0,0.0,0.0,0.0,1,0.9588915397320609,0.9710956138741053,False,False,False,False,0.19044671099136506,0.1908647279551778,False,False,False,False,-85822.0,-84208.4959917988,False,False,False,False,2498.259114549044,False,False,False,False
2025-04-25 16:00:00+00:00,94.985,95.125,94.83,94.985,997.0,,,,,,,,,,,,,,,,,,,,,,,,,,,,,,,,,,,,,,,,,94.77315231274997,94.30879397922287,93.63405791566119,93.37131925686803,92.07124597759862,91.7670194576737,,,,,,,,,,,,,94.30879397922287,92.07124597759862,91.7670194576737,,,,,,91.86882916712437,94.48425610018397,94.84696790426942,,,93.32093148329572,"rgba(38, 166, 154, 0.75)",2.1623522227281335,93.09405682214397,0.8744843499503149,60.626852202902285,15.411529515461453,True,False,True,False,False,5.777789428486223,93.54969999999999,94.51424999999999,0.0,0.0,0.0,0.0,0,0.9612855763483378,0.9719067543335325,False,False,False,False,0.1867808304625667,0.18882277920887225,False,False,False,False,-84825.0,-84218.05419347635,False,False,False,False,2474.9837794397567,False,False,False,False
2025-04-25 17:00:00+00:00,94.995,95.15,94.625,94.695,1220.0,,,,,,,,,,,,,,,,,,,,,,,,,,,,,,,,,,,,,,,,94.82333333333334,94.77672433241923,94.32619923658478,93.65872454848892,93.39429088590633,92.09552939403804,91.79082982120056,,,,,,,,,,,,,94.32619923658478,92.09552939403804,91.79082982120056,,,,,,91.88077989564991,94.48491391104075,94.84692657365875,,,93.55223307885304,"rgba(38, 166, 154, 0.5)",2.0353423865857967,93.10680101822922,0.7803104736765748,57.2505940802618,12.102312161816371,False,False,True,False,False,4.578485562622131,93.585,94.50867499999998,0.0,0.0,0.0,0.0,0,0.9617156546576983,0.9731871371970883,False,False,False,False,0.1815106411970089,0.18516671020294057,False,False,False,False,-86045.0,-84246.37893466276,False,False,False,False,2455.5266665802255,False,False,False,False
2025-04-25 18:00:00+00:00,94.69,95.05,94.68,94.95,936.0,,,,,,,,,,,,,,,,,,,,,,,,,,,,,,,,,,,,,,,,94.85372294372293,94.78276284001844,94.34054542096824,93.67806276531063,93.41226764124312,92.11434207848126,91.80926334298196,,,,,,,,,,,,,94.34054542096824,92.11434207848126,91.80926334298196,,,,,,91.89009987362925,94.4855208973416,94.84698875199268,,,93.57013814753236,"rgba(38, 166, 154, 0.5)",1.8950952625280248,93.11715755545414,0.9671505600731016,56.87923787062978,11.616928942042428,False,False,True,False,False,5.504273411466823,93.6327,94.508625,0.0,0.0,0.0,0.0,0,0.9622902452517058,0.9712336345196385,False,False,False,False,0.180194661822257,0.1826806860125988,False,False,False,False,-85109.0,-84259.75290466798,False,False,False,False,2431.9681136099894,False,False,False,False
2025-04-25 19:00:00+00:00,94.945,95.15,94.76,95.025,1908.0,,,,,,,,,,,,,,,,,,,,,,,,,,,,,,,,,,,,,,,,94.91222604986876,94.80143613738343,94.37182014049517,93.71829492688993,93.4496374600316,92.15306742778044,91.84718628483986,,,,,,,,,,,,,94.37182014049517,92.15306742778044,91.84718628483986,,,,,,91.90945350793923,94.48700937720791,94.8473465088535,,,93.60766691818417,"rgba(38, 166, 154, 0.5)",1.7389362156687185,93.13945270903045,1.0843107837882693,57.162705288684066,11.616928942042428,False,False,True,False,False,5.7773906352248865,93.6866,94.50755000000001,0.0,0.0,0.0,0.0,0,0.9640983153824911,0.9673202614379084,False,False,False,False,0.18546233233602255,0.18407150917431067,False,False,False,False,-83201.0,-84243.3381309522,False,False,False,False,2423.8445769648733,False,False,False,False
2025-04-28 14:00:00+00:00,95.25,95.935,95.19,95.86,2861.0,,,,,,,,,,,,,,,,,,,,,,,,,,,,,,,,,,,,,,,,95.22185054151626,94.90917206560438,94.46016494697278,93.80446153488516,93.52605155759478,92.22279099812464,91.91442530010376,,,,,,,,,,,,,94.46016494697278,92.22279099812464,91.91442530010376,,,,,,91.94438501812452,94.49230539577977,94.85065889009577,,,93.72270242068596,"rgba(38, 166, 154, 1.0)",1.7629499412908927,93.19241635575757,1.5131363527481276,61.757247149876235,7.124230635267928,True,False,True,False,True,8.73587053216896,93.75059999999999,94.50725,0.0,0.0,0.0,0.0,0,0.9672828772764712,0.9594582227509837,False,False,False,False,0.22130228927885862,0.20268689922658464,False,False,False,False,-80340.0,-84182.82126070488,False,False,False,False,2430.622180422782,False,False,False,False
2025-04-28 15:00:00+00:00,95.845,95.945,95.415,95.605,1122.0,,,,,,,,,,,,,,,,,,,,,,,,,,,,,,,,,,,,,,,,95.282244936001,94.94408898717627,94.49141957895229,93.83608937058251,93.55450787448477,92.24933235464398,91.94010603103123,,,,,,,,,,,,,94.49141957895229,92.24933235464398,91.94010603103123,,,,,95.65500000000002,91.95788297561921,94.49435755837727,94.85193994621041,,,93.75682701898174,"rgba(38, 166, 154, 1.0)",1.7759957313687131,93.31053170876942,1.291933449334532,62.526300639666815,7.91884271299174,True,False,True,False,True,7.635309969759199,93.80930000000001,94.509,0.0,0.0,0.0,0.0,0,0.9691024112954983,0.9636930411662235,False,False,False,False,0.2282965604748975,0.21549172985074105,False,False,False,False,-81462.0,-84140.6379853451,False,False,False,False,2410.333464447235,False,False,False,False
2025-04-28 16:00:00+00:00,95.605,95.725,95.42,95.6,982.0,,,,,,,,,,,,,,,,,,,,,,,,,,,,,,,,,,,,,,,,95.31481024107507,94.96918523862969,94.51582123456791,93.86181587373056,93.57794847942473,92.2717343720763,91.96185674141931,,,,,,,,,,,,,94.51582123456791,92.2717343720763,91.96185674141931,,,,,95.620773130545,91.96938363033868,94.49603461373738,94.85295573123383,,,93.78188174013192,"rgba(38, 166, 154, 1.0)",1.7970723814432696,93.32381299960588,1.266608414829713,62.99340667649127,8.539893959478022,True,False,True,False,True,7.613585077874085,93.8667,94.5081,0.0,0.0,0.0,0.0,0,0.9786153064523578,0.9625883331023971,False,False,False,False,0.22189670849006488,0.21869421917040296,False,False,False,False,-82444.0,-84114.33352045604,False,False,False,False,2388.1887595720846,False,False,False,False
2025-04-28 17:00:00+00:00,95.58,95.69,95.37,95.685,579.0,,,,,,,,,,,,,,,,,,,,,,,,,,,,,,,,,,,,,,,,95.33089161809605,94.9830774604667,94.5297035512365,93.87663224667332,93.59151704228701,92.28480229975979,91.97455990738726,,,,,,,,,,,,,94.5297035512365,92.28480229975979,91.97455990738726,,,,,95.61233383028949,91.97613042108462,94.49702100526264,94.8535533271485,,,93.79588344655811,"rgba(38, 166, 154, 1.0)",1.7809557485744563,93.33216861755804,1.3211060321545087,63.77655531142909,9.521393173786159,True,False,True,False,True,7.919507319380116,93.92790000000001,94.505725,0.0,0.0,0.0,0.0,0,0.978850425768234,0.961218067382451,False,False,False,False,0.21937148684306068,0.2190328530067318,False,False,False,False,-81865.0,-84079.460132542,False,False,False,False,2360.1393214391837,False,False,False,False
2025-04-28 18:00:00+00:00,95.675,95.915,95.66,95.85,741.0,,,,,,,,,,,,,,,,,,,,,,,,,,,,,,,,,,,,,,,,95.3650769800625,95.00635729150805,94.55066747796586,93.89769759627177,93.61056371071224,92.30251629419564,91.99170130152241,,,,,,,,,,,,,94.55066747796586,92.30251629419564,91.99170130152241,,,,,95.65475077881621,91.98526874920886,94.49854403280693,94.8545543401775,,,93.81779723603407,"rgba(38, 166, 154, 1.0)",1.7373042050553213,93.34766221467467,1.4403567193608682,65.21033208650931,11.108943127661078,True,False,True,False,True,8.517348702981526,93.9937,94.503525,0.0,0.0,0.0,0.0,0,0.9806180035155888,0.9570265519474511,False,False,False,False,0.23471484859295344,0.22687385079984262,False,False,False,False,-81124.0,-84033.63904521576,False,False,False,False,2335.0363862230724,False,False,False,False
2025-04-28 19:00:00+00:00,95.84,95.92,95.675,95.86,6190.0,,,,,,,,,,,,,,,,,,,,,,,,,,,,,,,,,,,,,,,,95.53471582320576,95.1612076118882,94.70337452563979,94.05805280550311,93.75841075794621,92.44421665017192,92.12948044330959,,,,,,,,,,,,,94.70337452563979,92.44421665017192,92.12948044330959,,,,,95.76007385063448,92.06013234700185,94.51122596183693,94.86292190885207,,,93.96992265966637,"rgba(38, 166, 154, 1.0)",1.6824231827241751,93.45226279787937,1.4311127110255502,66.2231312332524,12.282932752512394,True,False,True,False,True,8.553971266458948,94.0725,94.49997499999999,0.0,0.0,0.0,0.0,0,0.9838851586015281,0.9552211159990738,False,False,False,False,0.23531285750133468,0.23109335415058865,False,False,False,False,-74934.0,-83892.55937009613,False,False,False,False,2394.803263956048,False,False,False,False
2025-04-29 14:00:00+00:00,94.16,94.36,93.915,94.36,410.0,,,,,,,,,,,,,,,,,,,,,,,,,,,,,,,,,,,,,,,94.21166666666666,95.50271097606546,95.14936290617014,94.6994822537568,94.0588976302258,93.7604123404133,92.44892238225734,92.13443431846453,,,,,,,,,,,,,94.6994822537568,92.44892238225734,92.13443431846453,,,,,95.69674115456237,92.06291208958577,94.51103542436525,94.86254761163812,,,93.99573618425251,"rgba(38, 166, 154, 0.5)",1.6231718975545903,93.44845792197764,0.5615807416304209,56.10250603606848,10.793997191308016,False,False,True,False,False,2.056906953610195,94.1174,94.486525,0.0,0.0,0.0,0.0,0,0.9774158226115521,0.9571128752623413,False,False,False,False,0.13794973102694083,0.18452154258876474,False,False,False,False,-75344.0,-83760.0235659086,False,False,False,False,2364.031120328822,False,False,False,False
2025-04-29 15:00:00+00:00,94.355,94.85,94.335,94.65,246.0,,,,,,,,,,,,,,,,,,,,,,,,,,,,,,,,,,,,,,,94.36166666666666,95.48996326451488,95.14536842423145,94.69906714577608,94.06071565770006,93.76266186844272,92.45237177991012,92.1379655318944,,,,,,,,,,,,,94.69906714577608,92.45237177991012,92.1379655318944,,,,,95.67075008114249,92.06488632546987,94.51107381417607,94.86246112787997,,,94.01372254239205,#000000,1.5405613870889172,93.4478021742095,0.7803634674124923,51.355657030389565,6.815000751667107,False,True,False,False,False,3.1589621087713198,94.1538,94.47509999999998,0.0,0.0,0.0,0.0,0,0.9859714860171814,0.9510601352586365,False,False,False,False,0.16430423369963468,0.1744128881441997,False,False,False,False,-75098.0,-83625.72862690226,False,False,False,False,2331.1934285407783,False,False,False,False
2025-04-29 16:00:00+00:00,94.675,94.91,94.675,94.76,907.0,,,,,,,,,,,,,,,,,,,,,,,,,,,,,,,,,,,,,,,94.60539027511197,95.45447409126064,95.1356721338781,94.70048207675455,94.06935339418517,93.77249449450514,92.4659889975314,92.1517873516177,,,,,,,,,,,,,94.70048207675455,92.4659889975314,92.1517873516177,,,,,95.59860203990337,92.07262308670464,94.51145388209308,94.86235857000432,,,94.04445535185559,"rgba(239, 83, 80, 1.0)",1.463510065463724,93.44821313745251,0.8963292385227588,48.93508025958785,4.909533551358784,False,True,False,True,False,3.576627146229871,94.2008,94.46495,0.0,0.0,0.0,0.0,0,0.9954445057979017,0.9445057979017119,False,False,False,False,0.175958456997664,0.17518567257093184,False,False,False,False,-74191.0,-83479.45376446965,False,False,False,False,2309.1129102688283,False,False,False,False
2025-04-29 17:00:00+00:00,94.755,95.3,94.72,95.25,1239.0,,,,,,,,,,,,,,,,,,,,,,,,,,,,,,,,,,,,,,,94.81967701641685,95.43112558812885,95.1340672622424,94.70938850646834,94.08578890592914,93.7896349594691,92.48677826020234,92.17262311532866,,,,,,,,,,,,,94.70938850646834,92.48677826020234,92.17262311532866,,,,,95.5478483408505,92.08431571243594,94.51256181741175,94.86275261909812,,,94.07863545177321,#000000,1.4222608793786442,93.45496309748171,1.2621010171513012,50.32814957705173,4.909533551358784,False,True,False,False,False,5.41547381684887,94.24839999999999,94.45802499999999,0.0,0.0,0.0,0.0,0,0.9909049150206707,0.9441433164905835,False,False,False,False,0.18868646297943,0.18193606777518093,False,False,False,False,-72952.0,-83316.23742703602,False,False,False,False,2292.522012435203,False,False,False,False
2025-04-29 18:00:00+00:00,95.26,95.29,95.06,95.185,893.0,,,,,,,,,,,,,,,,,,,,,,,,,,,,,,,,,,,,,,,94.90635633739288,95.41996894665745,95.1351606597885,94.71699140643912,94.09832365473973,93.8025354124839,92.5020603937377,92.1879071998816,,,,,,,,,,,,,94.71699140643912,92.5020603937377,92.1879071998816,,,,,95.52305482505572,92.09293307072286,94.51347947945006,94.8631458504555,,,94.09616300139011,#000000,1.3829543614189355,93.46111668251459,1.246522203174284,50.84057675824723,4.909533551358784,False,True,False,False,False,5.1362032761212895,94.2827,94.45100000000001,0.0,0.0,0.0,0.0,0,0.9934712643678162,0.9445517241379311,False,False,False,False,0.19838244253358878,0.19015925515438487,False,False,False,False,-73845.0,-83169.39653669437,False,False,False,False,2270.8239967385334,False,False,False,False
2025-04-29 19:00:00+00:00,95.185,95.3,95.07,95.235,4031.0,,,,,,,,,,,,,,,,,,,,,,,,,,,,,,,,,,,,,,,95.06043295366295,95.38370368844015,95.14183211394254,94.75004322376546,94.1526511616544,93.8588442991214,92.56952126340589,92.25553204004197,,,,,,,,,,,,,94.75004322376546,92.56952126340589,92.25553204004197,,,,,95.448342272203,92.13153155012348,94.51773479468018,94.86503927706514,,,94.14657009300436,#000000,1.3486991463589135,93.49070014689491,1.2933202025182422,51.502156792700504,4.909533551358784,False,True,False,False,True,5.326129969294897,94.31679999999999,94.45029999999998,0.0,0.0,0.0,0.0,0,0.9933719966859983,0.9447666390499863,False,False,False,False,0.19897124496982022,0.19456525006210254,False,False,False,False,-69814.0,-82962.33612527275,False,False,False,False,2298.1135471766956,False,False,False,False
2025-04-30 14:00:00+00:00,93.905,94.43,93.755,94.325,356.0,,,,,,,,,,,,,,,,,,,,,,,,,,,,,,,,,,,,,,94.16999999999999,95.02121071516952,95.36615450225419,95.13329801841803,94.74657078715926,94.15272627763858,93.85994632695291,92.57304563111602,92.25931841119404,,,,,,,,,,,,94.16999999999999,94.74657078715926,92.57304563111602,92.25931841119404,,,,,95.42262516952985,92.13376436091981,94.51754500464529,94.86469611824265,,,94.37786903233857,"rgba(239, 83, 80, 1.0)",1.3143352034503568,93.50741788806246,0.622049922874504,46.838042409969674,2.874002607955397,False,True,False,True,False,1.4656143180428671,94.3352,94.443325,1.0,94.43,93.755,0.0,0,0.9839992685379901,0.9510377617262504,False,False,False,False,0.13535414131744683,0.1649596956897747,False,False,False,False,-70170.0,-82764.00533263285,False,False,False,False,2268.0032596235687,False,False,False,False
2025-04-30 15:00:00+00:00,94.35,94.675,94.33,94.585,682.0,,,,,,,,,,,,,,,,,,,,,,,,,,,,,,,,,,,,,,94.4065317919075,94.98298550890004,95.34361735762559,95.12331671599308,94.74411519726013,94.15582987551866,93.86446199529634,92.58126650774881,92.26788924986491,,,,,,,,,,,,94.4065317919075,94.74411519726013,92.58126650774881,92.26788924986491,,,,,95.38950021765154,92.13878202372763,94.51755801380808,94.86437984657229,,,94.40026561878128,"rgba(239, 83, 80, 1.0)",1.2760086347818684,93.52214231137295,0.8329549343596266,45.50432705425952,1.4918080661400452,False,True,False,True,False,2.4817268501422767,94.35810000000001,94.44165,0.0,0.0,0.0,0.0,0,0.9869463655933677,0.9492053313791052,False,False,False,False,0.1590744135790719,0.16201705463442329,False,False,False,False,-69488.0,-82558.17579259202,False,False,False,False,2243.4140617999474,False,False,False,False
2025-04-30 16:00:00+00:00,94.585,94.715,94.45,94.515,1212.0,,,,,,,,,,,,,,,,,,,,,,,,,,,,,,,,,,,,,,94.48920000000001,94.93159633119487,95.30779822741846,95.10722726272958,94.74047856130113,94.16165343097626,93.87269353578752,92.59592916972368,92.28316200738526,,,,,,,,,,,,94.48920000000001,94.74047856130113,92.59592916972368,92.28316200738526,,,,,95.33818044920878,92.14775860486739,94.51763664852629,94.86386955892259,,,94.40082206489143,"rgba(239, 83, 80, 1.0)",1.241251972591101,93.52798284673102,0.7951787187967896,44.25578151689976,0.0975911629337105,False,True,False,True,False,2.188702510256057,94.3796,94.431375,0.0,0.0,0.0,0.0,0,0.9932451189044138,0.9504487831960768,False,False,False,False,0.16372270759260085,0.16286988111351208,False,False,False,False,-70700.0,-82374.32810588517,False,False,False,False,2227.423146113126,False,False,False,False
2025-04-30 17:00:00+00:00,94.51,95.01,94.245,94.985,744.0,,,,,,,,,,,,,,,,,,,,,,,,,,,,,,,,,,,,,,94.55317969271879,94.91876166044776,95.29248284970103,95.10101444408419,94.74055269301986,94.16678246523684,93.87899708203268,92.6056681212874,92.29319736383434,,,,,,,,,,,,94.55317969271879,94.74055269301986,92.6056681212874,92.29319736383434,,,,,95.3165375725386,92.15365995019103,94.51789683678824,94.86374906612345,,,94.40717987606607,"rgba(239, 83, 80, 1.0)",1.23869236850221,93.53405023496084,1.1713560218293753,46.52478976967656,0.0975911629337105,False,True,False,True,False,4.027641763325434,94.41050000000001,94.42224999999999,0.0,0.0,0.0,0.0,0,0.9792283493708364,0.9542468541820875,False,False,False,False,0.16634044535804196,0.164605163235777,False,False,False,False,-69956.0,-82181.79588718928,False,False,False,False,2204.424337646256,False,False,False,False
2025-04-30 18:00:00+00:00,94.98,95.455,94.745,94.825,824.0,,,,,,,,,,,,,,,,,,,,,,,,,,,,,,,,,,,,,,94.65141086083464,94.92515520328021,95.28414544979765,95.09927885853675,94.74405904537916,94.17487543376436,93.8879467932319,92.61765758482312,92.30539204090202,,,,,,,,,,,,94.65141086083464,94.74405904537916,92.61765758482312,92.30539204090202,,,,,95.30453453382488,92.16082105440476,94.51851312841092,94.86391350475945,,,94.42306615370597,"rgba(239, 83, 80, 0.75)",1.2114845817812585,93.54478612013506,1.0567314674220891,47.056137838827,0.0975911629337105,False,True,False,True,True,3.340335833394459,94.4382,94.41087499999999,0.0,0.0,0.0,0.0,0,0.9807727775728513,0.9496956842493547,False,False,False,False,0.19397071981021388,0.17928794152299543,False,False,False,False,-70780.0,-82005.02385793052,False,False,False,False,2183.0224099308098,False,False,False,False
2025-04-30 19:00:00+00:00,94.825,95.875,94.825,95.585,5099.0,,,,,,,,,,,,,,,,,,,,,,,,,,,,,,,,,,,,,,95.09567773167358,95.07931642932964,95.30630246318287,95.13345023522943,94.79534843495811,94.24527828264466,93.95995492480847,92.70184890371878,92.3898410690737,,,,,,,,,,,,95.09567773167358,94.79534843495811,92.70184890371878,92.3898410690737,,,,,95.32857574488074,92.21076797821577,94.52553338216099,94.86785805136716,,,94.53964717569319,"rgba(38, 166, 154, 0.5)",1.2018586394376816,93.62064760964527,1.6344288137528291,51.483484139195525,-4.086525254117284,False,True,True,False,True,6.2388903876928055,94.48110000000001,94.40455,0.0,0.0,0.0,0.0,0,0.9832645575424117,0.9453003209536912,False,False,False,False,0.2087064909546492,0.19399721623882232,False,False,False,False,-65681.0,-81751.93821672228,False,False,False,False,2228.2313648156037,False,False,False,False
2025-05-01 14:00:00+00:00,96.025,96.305,95.89,96.15,1492.0,,,,,,,,,,,,,,,,,,,,,,,,,,,,,,,,,,,,,,95.24178483363755,95.16452403271758,95.34110019995772,95.1623963789457,94.82367007096276,94.27550992504287,93.98903475054793,92.73150445398203,92.41908505828171,,,,,,,,,,,,95.24178483363755,94.82367007096276,92.73150445398203,92.41908505828171,,,,,95.3708599709299,92.22815290175792,94.52911395918477,94.87040316590996,,,94.59119058072426,"rgba(38, 166, 154, 0.5)",1.2132309369234282,93.65222598198837,2.058778705681229,56.61070053684567,0.706776726390629,False,False,True,False,True,8.285960547013033,94.5353,94.40015,0.0,0.0,0.0,0.0,0,0.994645799011532,0.9352004393190556,False,False,False,False,0.2533322507646554,0.22366473350173885,False,False,False,False,-64189.0,-81479.64460095915,False,False,False,False,2216.816925051021,False,False,False,False
2025-05-01 15:00:00+00:00,96.13,96.395,95.64,95.795,2837.0,,,,,,,,,,,,,,,,,,,,,,,,,,,,,,,,,,,,,,95.39204099350746,95.26987793248139,95.38664778331692,95.20386218728554,94.86757024199451,94.32525774875933,94.03792409572686,92.78370522926743,92.47091895595617,,,,,,,,,,,,95.39204099350746,94.86757024199451,92.78370522926743,92.47091895595617,,,,,95.42395965474401,92.25934509505656,94.53514583796877,94.87455052288695,,,94.65836077654242,"rgba(38, 166, 154, 0.5)",1.2174339540337347,93.69802171170167,1.7224575356637577,57.70632965079132,1.7152946543888845,False,False,True,False,True,6.72603415626341,94.58239999999999,94.39415000000001,0.0,0.0,0.0,0.0,0,0.9916270131771595,0.9371797218155199,False,False,False,False,0.24851176329564695,0.2360882483986929,False,False,False,False,-67026.0,-81255.55708776598,False,False,False,False,2226.432166523098,False,False,False,False
2025-05-01 16:00:00+00:00,95.81,96.135,95.675,96.05,439.0,,,,,,,,,,,,,,,,,,,,,,,,,,,,,,,,,,,,,,95.41004664474485,95.28389114629552,95.39320311813792,95.20996992704524,94.87411799183103,94.33273778749914,94.04531014390912,92.79165669495322,92.47882657459614,,,,,,,,,,,,95.41004664474485,94.87411799183103,92.79165669495322,92.47882657459614,,,,,95.43145022831051,92.2641380443317,94.53608121805797,94.87519540372307,,,94.667616681802,"rgba(38, 166, 154, 1.0)",1.220304108457758,93.70462466326654,1.9219597151873735,59.47495084416488,3.490943969274859,True,False,True,False,True,7.65062928397419,94.6512,94.389975,0.0,0.0,0.0,0.0,0,0.9930275229357797,0.9383486238532112,False,False,False,False,0.2417519958884044,0.23892012214354866,False,False,False,False,-66587.0,-81028.13759803316,False,False,False,False,2198.7200399103367,False,False,False,False
2025-05-01 17:00:00+00:00,96.05,96.56,96.05,96.425,456.0,,,,,,,,,,,,,,,,,,,,,,,,,,,,,,,,,,,,,,95.44019576644745,95.30601881068887,95.40450394035656,95.21949728485964,94.88327435883431,94.34229533610394,94.05448467934082,92.80089189194327,92.48792411044488,,,,,,,,,,,,95.44019576644745,94.88327435883431,92.80089189194327,92.48792411044488,,,,,95.44468293044483,92.26963060201867,94.53731966220799,94.87610748972887,,,94.68139525857185,"rgba(38, 166, 154, 1.0)",1.2436238169961011,93.71364399876882,2.1802059145025856,62.057863111842906,6.059423282948629,True,False,True,False,True,8.992027955124701,94.7375,94.38425,0.0,0.0,0.0,0.0,0,0.992885339208666,0.9365188653263565,False,False,False,False,0.2658899116013312,0.25240501687243994,False,False,False,False,-66131.0,-80797.17422442023,False,False,False,False,2171.7011245628896,False,False,False,False
2025-05-01 18:00:00+00:00,96.43,96.845,96.43,96.71,358.0,,,,,,,,,,,,,,,,,,,,,,,,,,,,,,,,,,,,,,95.4703555417615,95.32785556805399,95.41611430708906,95.2289389145926,94.89192351582663,94.35091189747313,94.06262508830534,92.80875359054431,92.49562045869735,,,,,,,,,,,,95.4703555417615,94.89192351582663,92.80875359054431,92.49562045869735,,,,,95.45836678287634,92.27426665231732,94.53846087762915,94.8769769647161,,,94.69468480295582,"rgba(38, 166, 154, 1.0)",1.2708805559096132,93.72202376122613,2.351107053200031,64.7490566958067,8.712198011109088,True,False,True,False,True,9.996068999542615,94.82980000000002,94.38029999999999,0.0,0.0,0.0,0.0,0,0.9915518824609733,0.9374196510560148,False,False,False,False,0.2861864459580608,0.2692957314152504,False,False,False,False,-65773.0,-80564.24129070829,False,False,False,False,2143.581727282845,False,False,False,False
2025-05-01 19:00:00+00:00,96.715,96.75,95.99,96.28,1814.0,,,,,,,,,,,,,,,,,,,,,,,,,,,,,,,,,,,,,,95.56705970698216,95.40423270518738,95.45741571787669,95.26461275229954,94.92675076898597,94.38766319681396,94.09809389300526,92.84481694375168,92.53120820958235,,,,,,,,,,,,95.56705970698216,94.92675076898597,92.84481694375168,92.53120820958235,,,,,95.50588951950792,92.29589676248123,94.5433514485433,94.88057792235684,,,94.74383071061283,"rgba(38, 166, 154, 1.0)",1.2796749411302393,93.7554245324948,1.9728255874694525,63.483704152797515,8.712198011109088,True,False,True,False,True,8.051164317493257,94.9196,94.37259999999998,0.0,0.0,0.0,0.0,0,0.9844336599212523,0.9415804413515247,False,False,False,False,0.26984037485893125,0.2695680531370908,False,False,False,False,-67587.0,-80363.04375131745,False,False,False,False,2138.4719330614053,False,False,False,False
2025-05-02 14:00:00+00:00,97.31,97.77,97.25,97.47,315.0,,,,,,,,,,,,,,,,,,,,,,,,,,,,,,,,,,,,,,95.60361408467645,95.43129670690645,95.47312412882401,95.27698860569365,94.93743910006731,94.3976063008914,94.10726050621639,92.8530520181187,92.53917731085446,,,,,,,,,,,,95.60361408467645,94.93743910006731,92.8530520181187,92.53917731085446,,,,,95.52435085963259,92.30069696676684,94.544742983944,94.8816955754172,,,94.7600476814243,"rgba(38, 166, 154, 1.0)",1.3140530348429948,93.76528880022485,2.819301125253131,66.40818902637768,10.46491784230652,True,False,True,False,True,12.114673378360433,95.03160000000001,94.36955,0.0,0.0,0.0,0.0,0,0.9851543405449442,0.9333755770797503,False,False,False,False,0.3406061550123224,0.3050871040747066,False,False,False,False,-67272.0,-80160.08183269238,False,False,False,False,2110.2010503782826,False,False,False,False
2025-05-02 15:00:00+00:00,97.465,97.65,97.215,97.445,381.0,,,,,,,,,,,,,,,,,,,,,,,,,,,,,,,,,,,,,,95.64467429008172,95.46218597129574,95.49124957600428,95.29137563454736,94.94994837099314,94.40931686472815,94.11808678063309,92.86284546234559,92.54866576999878,,,,,,,,,,,,95.64467429008172,94.94994837099314,92.86284546234559,92.54866576999878,,,,,95.54556231622463,92.30642419373247,94.54639015336679,94.88301513982849,,,94.77871036882863,"rgba(38, 166, 154, 1.0)",1.3494107422697657,93.7767614664164,2.718400275525789,68.19416607292584,12.312099375725012,True,False,True,False,True,12.001471984061286,95.1344,94.366625,0.0,0.0,0.0,0.0,0,0.9840148530543856,0.9375990580989902,False,False,False,False,0.3378974647270107,0.32149228440085864,False,False,False,False,-67653.0,-79966.17358722427,False,False,False,False,2083.3917317677665,False,False,False,False
2025-05-02 16:00:00+00:00,97.45,97.795,97.43,97.67,838.0,,,,,,,,,,,,,,,,,,,,,,,,,,,,,,,,,,,,,,95.7379728619189,95.53327754532776,95.53384241229737,95.32517074207466,94.97914975267894,94.43639787857815,94.1430376729064,92.88515144072892,92.5702340094789,,,,,,,,,,,,95.7379728619189,94.97914975267894,92.88515144072892,92.5702340094789,,,,,95.59524417161641,92.31945335591205,94.55025045153187,94.88613395952453,,,94.8217500383139,"rgba(38, 166, 154, 1.0)",1.3879401355323249,93.80319011018109,2.786006248270823,69.99068819364167,14.20342282385431,True,False,True,False,True,12.744414511702203,95.21700000000001,94.365825,0.0,0.0,0.0,0.0,0,0.9897908026069913,0.9372863588715191,False,False,False,False,0.3428282480984846,0.33216026624967165,False,False,False,False,-66815.0,-79762.27942308126,False,False,False,False,2064.0833328256304,False,False,False,False
2025-05-02 17:00:00+00:00,97.665,97.775,97.565,97.62,612.0,,,,,,,,,,,,,,,,,,,,,,,,,,,,,,,,,,,,,,95.80147579319936,95.58282782763669,95.5642030630715,95.34946751246243,95.00024811997764,94.45602174599215,94.16114860744624,92.90138409106503,92.5859371592699,,,,,,,,,,,,95.80147579319936,95.00024811997764,92.90138409106503,92.5859371592699,,,,,95.63042813113961,92.3289671210306,94.5530833491206,94.8884251368574,,,94.85209709510637,"rgba(38, 166, 154, 1.0)",1.4217851106628419,93.82204581567802,2.671257531000138,70.7998640302886,15.223844541172653,True,False,True,False,True,12.51039833045915,95.2911,94.366875,0.0,0.0,0.0,0.0,0,0.9929429016588761,0.932682613875905,False,False,False,False,0.34282824812931195,0.3374942571894918,False,False,False,False,-67427.0,-79571.03478086294,False,False,False,False,2041.5704129368607,False,False,False,False
2025-05-02 18:00:00+00:00,97.62,97.7,97.345,97.505,1519.0,,,,,,,,,,,,,,,,,,,,,,,,,,,,,,,,,,,,,,95.93188799345948,95.68885949080759,95.63123722020057,95.4041860310495,95.0485789848567,94.50167116701355,94.20357508309887,92.94005523439687,92.62345677435302,,,,,,,,,,,,95.93188799345948,95.0485789848567,92.94005523439687,92.62345677435302,,,,,95.70720599531951,92.3518321601148,94.5597833989196,94.8938152551068,,,94.91875640061039,"rgba(38, 166, 154, 1.0)",1.4468154156106003,93.8646449993889,2.5161157127115303,70.38892983160699,15.223844541172653,True,False,True,False,True,11.966048732457676,95.3584,94.3682,0.0,0.0,0.0,0.0,0,0.9882007254028738,0.9337036866994171,False,False,False,False,0.3335842973491558,0.33553927726932375,False,False,False,False,-68946.0,-79406.30555945421,False,False,False,False,2033.4685460696226,False,False,False,False
2025-05-02 19:00:00+00:00,97.5,97.655,97.385,97.6,1986.0,,,,,,,,,,,,,,,,,,,,,,,,,,,,,,,,,,,,,,96.07789739270322,95.81313045918941,95.71352415871712,95.4726510909442,95.10977173399114,94.55991407428805,94.25794097256339,92.98997355507785,92.67195408769783,,,,,,,,,,,,96.07789739270322,95.10977173399114,92.98997355507785,92.67195408769783,,,,,95.80015248660018,92.38159640280571,94.56858615755067,94.90090947221857,,,94.99935042968428,"rgba(38, 166, 154, 1.0)",1.4698522938606353,93.917532888004,2.5053314046432646,70.47304309196585,15.61908461370055,True,False,True,False,True,12.294840708666179,95.43189999999998,94.36945,0.0,0.0,0.0,0.0,0,0.9903390532272162,0.9315452914385611,False,False,False,False,0.33342809709853033,0.33448368718392707,False,False,False,False,-66960.0,-79213.33958178826,False,False,False,False,2032.7325996189306,False,False,False,False
2025-05-05 14:00:00+00:00,97.515,97.645,97.205,97.635,633.0,,,,,,,,,,,,,,,,,,,,,,,,,,,,,,,,,,,,,97.495,96.11759407590979,95.84823989490927,95.73758788215044,95.49304176422804,95.12825033452454,94.57769940872203,94.27463296051005,93.0054796627281,92.6870498050191,,,,,,,,,,,97.495,96.11759407590979,95.12825033452454,93.0054796627281,92.6870498050191,,,,,95.82701575815244,92.39091746219154,94.57133248926,94.903118652368,,,95.58400579011928,"rgba(38, 166, 154, 1.0)",1.4760950981357266,93.93333167999782,2.507743792847293,70.67022602946118,16.249854020592608,True,False,True,False,True,12.41756132415604,95.49940000000001,94.37132500000001,0.0,0.0,0.0,0.0,0,0.9943747694577644,0.9275636296569533,False,False,False,False,0.3275040241097279,0.3309938556468275,False,False,False,False,-66327.0,-79013.5513712179,False,False,False,False,2011.0313190046836,False,False,False,False
2025-05-05 15:00:00+00:00,97.62,97.9,97.515,97.86,461.0,,,,,,,,,,,,,,,,,,,,,,,,,,,,,,,,,,,,,97.60596587446679,96.15039747593028,95.8768441398129,95.75727310187436,95.50955451545914,95.14300612153,94.59167402119625,94.28766665584573,93.01736385923806,92.69858323918905,,,,,,,,,,,97.60596587446679,96.15039747593028,95.14300612153,93.01736385923806,92.69858323918905,,,,,95.84905490370812,92.39803355324456,94.57350919599146,94.90488840560218,,,95.61529773826442,"rgba(38, 166, 154, 1.0)",1.489324800156741,93.94586476395847,2.628127347123741,71.71249601790004,17.64220723095623,True,False,True,False,True,13.210820448130008,95.5751,94.37237499999999,0.0,0.0,0.0,0.0,0,0.9986173840906994,0.9206378468061572,False,False,False,False,0.34282824814925505,0.33691105189804127,False,False,False,False,-65866.0,-78809.71336546258,False,False,False,False,1986.9998256867814,False,False,False,False
2025-05-05 16:00:00+00:00,97.85,97.965,97.795,97.87,476.0,,,,,,,,,,,,,,,,,,,,,,,,,,,,,,,,,,,,,97.68803821656051,96.18531309311352,95.90729569204524,95.7783788015091,95.52723782918484,95.15875084195451,94.60650947185322,94.30147786742552,93.02987726587466,92.71071425524622,,,,,,,,,,,97.68803821656051,96.18531309311352,95.15875084195451,93.02987726587466,92.71071425524622,,,,,95.87266754742218,92.40552318356917,94.57583700252472,94.90678912722743,,,95.64412522670581,"rgba(38, 166, 154, 1.0)",1.5139650227437966,93.95917691493884,2.58316607471782,72.44838907862193,18.691375799115548,True,False,True,False,True,13.246319507551263,95.625,94.371775,0.0,0.0,0.0,0.0,0,1.0169399980359421,0.9124030246489248,False,False,False,False,0.34282824823938707,0.33986965006871417,False,False,False,False,-65390.0,-78601.65579390501,False,False,False,False,1963.5734718001645,False,False,False,False
2025-05-05 17:00:00+00:00,97.87,98.23,97.835,98.055,466.0,,,,,,,,,,,,,,,,,,,,,,,,,,,,,,,,,,,,,97.7685952848723,96.22132493055558,95.93862142511928,95.80021482095376,95.54548142839336,95.17490588891158,94.62162297936382,94.31550936963058,93.04247624700953,92.72290923748028,,,,,,,,,,,97.7685952848723,96.22132493055558,95.17490588891158,93.04247624700953,92.72290923748028,,,,,95.89709853249478,92.41305396214433,94.578225338186,94.90874977171765,,,95.67328451597504,"rgba(38, 166, 154, 1.0)",1.531724641826947,93.97277018265979,2.66511989548669,73.71349542512505,20.180748366908546,True,False,True,False,True,13.908883956600992,95.69429999999998,94.37140000000001,0.0,0.0,0.0,0.0,0,1.0140501220666631,0.915649444472124,False,False,False,False,0.34282824831693687,0.34134894919282555,False,False,False,False,-64924.0,-78389.59911492973,False,False,False,False,1940.3552784389215,False,False,False,False
2025-05-05 18:00:00+00:00,98.055,98.055,97.815,97.91,985.0,,,,,,,,,,,,,,,,,,,,,,,,,,,,,,,,,,,,,97.82013461326272,96.28855573344008,95.99848583045461,95.84274385786802,95.58147196775562,95.20713672469556,94.65209034075485,94.34393231851053,93.06830049115652,92.74795786704459,,,,,,,,,,,97.82013461326272,96.28855573344008,95.20713672469556,93.06830049115652,92.74795786704459,,,,,95.94433124630835,92.42858668699212,94.58309790292434,94.91273628081143,,,95.71681892334276,"rgba(38, 166, 154, 1.0)",1.5512009819775052,93.9997846538613,2.520766420063679,72.70579052808772,20.180748366908546,True,False,True,False,True,13.152451982727928,95.76099999999998,94.37185000000001,0.0,0.0,0.0,0.0,0,1.0161176943161274,0.906005221932115,False,False,False,False,0.3368938273150327,0.3391213882539291,False,False,False,False,-65909.0,-78196.10145423314,False,False,False,False,1925.5435686956823,False,False,False,False
2025-05-05 19:00:00+00:00,97.9,97.98,97.8,97.865,4059.0,,,,,,,,,,,,,,,,,,,,,,,,,,,,,,,,,,,,,97.85541125235406,96.51119852637379,96.20636809899376,95.99798945769005,95.71633777758517,95.33028251375416,94.77028392390224,94.45507178570324,93.17093796295325,92.84780847736745,,,,,,,,,,,97.85541125235406,96.51119852637379,95.33028251375416,93.17093796295325,92.84780847736745,,,,,96.11386480251812,92.4911649354541,94.60275986336812,94.92880978993489,,,95.85536791704456,"rgba(38, 166, 154, 0.75)",1.576094977588549,94.10188001491413,2.3876225980007244,71.44962878510323,20.180748366908546,True,False,True,False,False,12.91558255367946,95.82560000000001,94.374625,0.0,0.0,0.0,0.0,0,1.021617497456765,0.9046286876907428,False,False,False,False,0.3341625809304383,0.33664198459218375,False,False,False,False,-69968.0,-78068.53398982642,False,False,False,False,1958.6204125918732,False,False,False,False
2025-05-06 14:00:00+00:00,97.8,97.915,97.515,97.665,1249.0,,,,,,,,,,,,,,,,,,,,,,,,,,,,,,,,,,,,97.69833333333334,97.83185616520592,96.56014486294966,96.25538213349468,96.03691554553563,95.75146288860195,95.3633648755462,94.8028906136229,94.48612384025921,93.20045063664627,92.87666607125279,,,,,,,,,,,97.83185616520592,96.56014486294966,95.3633648755462,93.20045063664627,92.87666607125279,,,,,96.15541165438529,92.50948789645139,94.60842734249674,94.93341592042445,,,96.28754380228628,"rgba(38, 166, 154, 0.75)",1.594723345772239,94.12919395699898,2.2171908703630536,68.07718576279203,21.427343341501768,True,False,True,False,False,11.857129753142168,95.89210000000001,94.37237499999999,0.0,0.0,0.0,0.0,0,1.0197642699058107,0.9043182870966082,False,False,False,False,0.3235862076928972,0.3301140961425405,False,False,False,False,-71217.0,-77962.30865665081,False,False,False,False,1947.6185457299837,False,False,False,False
2025-05-06 15:00:00+00:00,97.67,98.245,97.665,97.915,1658.0,,,,,,,,,,,,,,,,,,,,,,,,,,,,,,,,,,,,97.83711787639034,97.85008644571278,96.63183473652364,96.32584763633004,96.09309309923627,95.80180402486079,95.41030898362285,94.84861392996358,94.52949108451732,93.24112586950636,92.91635382994009,,,,,,,,,,,97.85008644571278,96.63183473652364,95.41030898362285,93.24112586950636,92.91635382994009,,,,,96.21549586469473,92.53474399599183,94.6165086789079,94.94004280692612,,,96.34983834158004,"rgba(38, 166, 154, 0.75)",1.6149797784139968,94.1677230749908,2.3203243626302523,67.5599116144252,20.909464459910723,True,False,True,False,False,12.8121121842319,95.9658,94.3716,0.0,0.0,0.0,0.0,0,1.0233172703248872,0.8950204673817297,False,False,False,False,0.3381092691424628,0.3341116826425017,False,False,False,False,-69559.0,-77832.02480150893,False,False,False,False,1943.1283357186662,False,False,False,False
2025-05-06 16:00:00+00:00,97.915,98.12,97.63,97.665,457.0,,,,,,,,,,,,,,,,,,,,,,,,,,,,,,,,,,,,97.8327546571542,97.84811358994001,96.64837807537234,96.34269052839655,96.10689758203493,95.81441506410255,95.42226686990313,94.86043699062485,94.54078270522801,93.25189250181538,92.92688945688109,,,,,,,,,,,97.84811358994001,96.64837807537234,95.42226686990313,93.25189250181538,92.92688945688109,,,,,96.23009752485864,92.54148926715693,94.61863801137284,94.9417813349267,,,96.35949416969108,"rgba(38, 166, 154, 0.75)",1.6279260558282935,94.17755602001027,2.1422619089509647,64.30444173073765,17.845172421509005,True,False,True,False,False,11.477521101532432,96.028,94.37029999999999,0.0,0.0,0.0,0.0,0,1.0362446112086856,0.9001011229974987,False,False,False,False,0.3332532346402923,0.333682458641397,False,False,False,False,-70016.0,-77710.84612241577,False,False,False,False,1920.087586327679,False,False,False,False
2025-05-06 17:00:00+00:00,97.69,97.99,97.69,97.905,1701.0,,,,,,,,,,,,,,,,,,,,,,,,,,,,,,,,,,,,97.8424642974663,97.8500118018389,96.70888421433249,96.4044516951516,96.15803100124484,95.86128859156761,95.46677898162052,94.90445588848169,94.58285364951453,93.2920176987226,92.9661591595947,,,,,,,,,,,97.8500118018389,96.70888421433249,95.46677898162052,93.2920176987226,92.9661591595947,,,,,96.28404024697599,92.56671349836148,94.62667917603832,94.94836151294618,,,96.399545808963,"rgba(38, 166, 154, 0.75)",1.643776628257321,94.21411411981688,2.2453694843538905,63.88086684419422,17.444679616971996,True,False,True,False,False,12.409375875871344,96.0872,94.370875,0.0,0.0,0.0,0.0,0,1.0394672730225758,0.8851172107628177,False,False,False,False,0.3311334893825172,0.3324079740119571,False,False,False,False,-68315.0,-77565.1740895101,False,False,False,False,1916.6908795629085,False,False,False,False
2025-05-06 18:00:00+00:00,97.905,98.145,97.82,98.145,640.0,,,,,,,,,,,,,,,,,,,,,,,,,,,,,,,,,,,,97.86425036517677,97.85935549472039,96.73333904093164,96.42904539925446,96.17840458761198,95.87986841578477,95.48430218765536,94.92164591461932,94.59923832608153,93.30750576782161,92.98129542648894,,,,,,,,,,,97.85935549472039,96.73333904093164,95.48430218765536,93.30750576782161,92.98129542648894,,,,,96.30557417752951,92.57645390416246,94.6298574522919,94.95097788576469,,,96.41877642571933,"rgba(38, 166, 154, 0.75)",1.6625682049279722,94.22845223445003,2.3557215601387265,65.1086519880122,17.444679616971996,True,False,True,False,False,13.332481075155677,96.1453,94.3726,0.0,0.0,0.0,0.0,0,1.0370047888550282,0.8747823247714414,False,False,False,False,0.3397820755726861,0.33609502479232156,False,False,False,False,-67675.0,-77411.8380571146,False,False,False,False,1896.8972225154216,False,False,False,False
2025-05-06 19:00:00+00:00,98.145,98.29,98.01,98.02,6014.0,,,,,,,,,,,,,,,,,,,,,,,,,,,,,,,,,,,,97.98865446426032,97.93847296842031,96.93595396969474,96.6371176280531,96.35673650837587,96.04530956469459,95.64221015145749,95.07784644469632,94.74892059256948,93.45033609966036,93.1211450809408,,,,,,,,,,,97.93847296842031,96.93595396969474,95.64221015145749,93.45033609966036,93.1211450809408,,,,,96.49199777406791,92.66746865031472,94.66004417909552,94.97590163349548,,,96.5777877124566,"rgba(38, 166, 154, 0.75)",1.6760713260751927,94.35771491155977,2.185041311467391,64.41824440908367,17.444679616971996,True,False,True,False,False,12.645500847351293,96.20309999999999,94.37385,0.0,0.0,0.0,0.0,0,1.0387862068965517,0.880386206896552,False,False,False,False,0.34282824837537257,0.3394616365838471,False,False,False,False,-73689.0,-77354.11963762445,False,False,False,False,1960.7282733291358,False,False,False,False
2025-05-07 14:00:00+00:00,98.075,98.35,98.045,98.29,887.0,,,,,,,,,,,,,,,,,,,,,,,,,,,,,,,,,,,,98.00551906499551,97.95153332317385,96.96347715086034,96.66570253429467,96.38192207135451,96.06897139330839,95.66497581736319,95.1004708971577,94.77068379051784,93.47121747306531,93.14161583708022,,,,,,,,,,,97.95153332317385,96.96347715086034,95.66497581736319,93.47121747306531,93.14161583708022,,,,,96.51810609142794,92.68093405913417,94.66460769556102,94.97968590212787,,,96.60032153156352,"rgba(38, 166, 154, 1.0)",1.693047587971608,94.37636490904295,2.3115919001697245,65.68306531367635,17.444679616971996,True,False,True,False,True,13.696343907121708,96.2661,94.3759,0.0,0.0,0.0,0.0,0,1.0340966070533175,0.8798261741601205,False,False,False,False,0.34282824839867887,0.341144942491263,False,False,False,False,-72802.0,-77283.54413936671,False,False,False,False,1944.0813233550407,False,False,False,False
2025-05-07 15:00:00+00:00,98.27,98.655,98.2,98.62,865.0,,,,,,,,,,,,,,,,,,,,,,,,,,,,,,,,,,,,98.03673558013512,97.97426775663797,96.9945693284723,96.69714018431162,96.40924955076369,96.09431186189272,95.68903548304566,95.12405475916738,94.79324310495883,93.49252343922484,93.16244674258795,,,,,,,,,,,97.97426775663797,96.9945693284723,95.68903548304566,93.49252343922484,93.16244674258795,,,,,96.54662718235738,92.69462320214173,94.66937481369473,94.98366629455263,,,96.6274205630533,"rgba(38, 166, 154, 1.0)",1.7150030520292936,94.39595373324767,2.4629963554608234,68.23685017542452,14.737309664265624,True,False,True,False,True,14.958308254766695,96.32979999999999,94.37952500000002,0.0,0.0,0.0,0.0,0,1.038519679749174,0.8697721292200886,False,False,False,False,0.3428282485090334,0.3419865955001482,False,False,False,False,-71937.0,-77200.65198216723,False,False,False,False,1927.351380357288,False,False,False,False
2025-05-07 16:00:00+00:00,98.615,98.68,98.265,98.61,871.0,,,,,,,,,,,,,,,,,,,,,,,,,,,,,,,,,,,,98.06598335889927,97.99638899262443,97.0251598057745,96.72817515130173,96.43640379792366,96.11957598420486,95.71307831773936,95.1476585071163,94.8158459889745,93.5139087150376,93.18336301530582,,,,,,,,,,,97.99638899262443,97.0251598057745,95.71307831773936,93.5139087150376,93.18336301530582,,,,,96.57490759037866,92.70840538993522,94.67419641898314,94.98769558867022,,,96.65405298944802,"rgba(38, 166, 154, 1.0)",1.733659814194426,94.41553622940066,2.419427234949418,69.8055569461994,16.23855472264684,True,False,True,False,True,14.901083278831262,96.4016,94.38987499999999,0.0,0.0,0.0,0.0,0,1.0370391738302658,0.8886517048404778,False,False,False,False,0.34282824853015265,0.3424074220151504,False,False,False,False,-72808.0,-77132.54885066075,False,False,False,False,1910.9738395765548,False,False,False,False
2025-05-07 17:00:00+00:00,98.61,98.645,98.115,98.18,528.0,,,,,,,,,,,,,,,,,,,,,,,,,,,,,,,,,,,,98.0747661959202,98.00401298405468,97.04064816079914,96.74438281048286,96.45093934104833,96.13334924730671,95.72640454582219,95.16094739492233,94.82866352244912,93.5262566675113,93.19547894142787,,,,,,,,,,,98.00401298405468,97.04064816079914,95.72640454582219,93.5262566675113,93.19547894142787,,,,,96.58989255123478,92.7164347626334,94.67695784182969,94.98999211358526,,,96.66693133504455,"rgba(38, 166, 154, 0.75)",1.7231587300682094,94.42646797341928,2.178285703506925,65.7611945761764,19.633128443721105,True,False,True,False,False,12.459925652385426,96.46609999999998,94.40012499999999,0.0,0.0,0.0,0.0,0,1.042616107149069,0.876210355424132,False,False,False,False,0.3373941090995619,0.33990076555735615,False,False,False,False,-73336.0,-77073.68762816988,False,False,False,False,1889.5323846993988,False,False,False,False
2025-05-07 18:00:00+00:00,98.26,98.51,97.99,98.455,1272.0,,,,,,,,,,,,,,,,,,,,,,,,,,,,,,,,,,,,98.09395944327427,98.02123008354148,97.0766153970994,96.78222044778754,96.48514079470898,96.16590517746282,95.75801555493764,95.19255803398082,94.85920347538517,93.5557755033189,93.22446191435644,,,,,,,,,,,98.02123008354148,97.0766153970994,95.75801555493764,93.5557755033189,93.22446191435644,,,,,96.62505515039079,92.73570130469419,94.68360230632983,94.99551995226389,,,96.69695561659913,"rgba(38, 166, 154, 0.75)",1.701473164034383,94.45244053223567,2.3524082262183983,64.91190593251194,18.909047561876292,True,False,True,False,False,13.548853367426712,96.5355,94.4083,0.0,0.0,0.0,0.0,0,1.0431049588224983,0.8774604287132762,False,False,False,False,0.32978918963665527,0.3348449775970057,False,False,False,False,-72064.0,-76996.01805253932,False,False,False,False,1879.9582392001832,False,False,False,False
2025-05-07 19:00:00+00:00,98.46,98.46,97.855,98.055,2502.0,,,,,,,,,,,,,,,,,,,,,,,,,,,,,,,,,,,98.12333333333333,98.09790138024745,98.03116097807496,97.13153253089527,96.84277309584824,96.54210517050483,96.22163948698106,95.81342829364817,95.2491583689684,94.91444164502282,93.61045559447142,93.27837831140518,,,,,,,,,,,98.03116097807496,97.13153253089527,95.81342829364817,93.61045559447142,93.27837831140518,,,,,96.68270250251177,92.7719038027354,94.69590395246027,95.0057047424451,,,97.10048428369166,"rgba(38, 166, 154, 0.5)",1.6669174360897303,94.4985190286834,2.1335675626859043,60.62840510760886,14.974144121853513,False,False,True,False,False,11.318139079593696,96.6027,94.413475,0.0,0.0,0.0,0.0,0,1.0521728889412316,0.8685078318219294,False,False,False,False,0.32440037665359556,0.32962267712530063,False,False,False,False,-74566.0,-76958.34335405035,False,False,False,False,1889.6022975071571,False,False,False,False
2025-05-08 14:00:00+00:00,98.7,99.02,98.65,98.71,7362.0,,,,,,,,,,,,,,,,,,,,,,,,,,,,,,,,,,,98.62338807785888,98.29477018124022,98.20075273529591,97.35377008779896,97.0715233263243,96.75106364916262,96.42044254152927,96.00559602958393,95.43972934743442,95.09842721688895,93.78681141769891,93.4513734705327,,,,,,,,,,,98.20075273529591,97.35377008779896,96.00559602958393,93.78681141769891,93.4513734705327,,,,,96.89735182115396,92.8886507877983,94.73857295085054,95.04165035540161,,,97.34016332859926,"rgba(38, 166, 154, 0.5)",1.6309930568069702,94.6561694533433,2.485498346996626,61.692188962696946,14.974144121853513,False,False,True,False,False,13.890460596217611,96.6779,94.423575,0.0,0.0,0.0,0.0,0,1.0607940446650121,0.8521800779865302,False,False,False,False,0.3428282486949259,0.33622546291011324,False,False,False,False,-67204.0,-76807.11322453019,False,False,False,False,1974.445672739604,False,False,False,False
2025-05-08 15:00:00+00:00,98.71,99.615,98.71,99.23,6862.0,,,,,,,,,,,,,,,,,,,,,,,,,,,,,,,,,,,98.8537946909004,98.48062745933228,98.36982014118355,97.55673396649006,97.27978141723389,96.94487024766856,96.60625190996709,96.18586812699513,95.61847746757732,95.2714494689603,93.95275550050326,93.61425074275087,,,,,,,,,,,98.36982014118355,97.55673396649006,96.18586812699513,93.95275550050326,93.61425074275087,,,,,97.09542684516903,93.00041721637301,94.78131663542634,95.07797992343505,,,97.53471849497137,"rgba(38, 166, 154, 1.0)",1.6046396609340694,94.80446433612447,2.757962283756222,64.56857635952854,14.974144121853513,True,False,True,False,True,15.826752705037784,96.762,94.436075,0.0,0.0,0.0,0.0,0,1.0712131069971014,0.8324362690010061,False,False,False,False,0.3428282488360522,0.33952685587308273,False,False,False,False,-60342.0,-76551.84015128165,False,False,False,False,2050.2217088211605,False,False,False,False
2025-05-08 16:00:00+00:00,99.18,99.63,99.11,99.36,8272.0,,,,,,,,,,,,,,,,,,,,,,,,,,,,,,,,,,,99.02350734725445,98.65878293631503,98.54082624775337,97.77005556822067,97.50135393402644,97.15697519296128,96.81314295508359,96.38936838238136,95.82239079250245,95.47031550861786,94.1462113704891,93.80471695973381,,,,,,,,,,,98.54082624775337,97.77005556822067,96.38936838238136,94.1462113704891,93.80471695973381,,,,,97.31008449111104,93.13379111138123,94.8338444440751,95.1228365340036,,,97.73175157049953,"rgba(38, 166, 154, 1.0)",1.5901805183947564,94.97392858841968,2.7582223281215494,66.96210655839289,12.069899187826358,True,False,True,False,True,16.30121847324594,96.83200000000001,94.443825,0.0,0.0,0.0,0.0,0,1.0905175028817566,0.8352241703573384,False,False,False,False,0.3428282489219201,0.3411775523975014,False,False,False,False,-52070.0,-76172.27673808347,False,False,False,False,2146.683387754166,False,False,False,False
2025-05-08 17:00:00+00:00,99.36,99.68,99.145,99.235,8363.0,,,,,,,,,,,,,,,,,,,,,,,,,,,,,,,,,,,99.10618876332644,98.77611976378536,98.66091526312381,97.93862918592265,97.68087827786987,97.33563277308744,96.99206515849552,96.56943520657472,96.0064735817338,95.65203014804494,94.32776605088311,93.98444010658736,,,,,,,,,,,98.66091526312381,97.93862918592265,96.56943520657472,94.32776605088311,93.98444010658736,,,,,97.48829102659035,93.26279256622972,94.88558805879967,95.16710319858426,,,97.88248304902322,"rgba(38, 166, 154, 1.0)",1.60116412323992,95.1275161778726,2.5653109275369,67.3747242735588,12.519428331777604,True,False,True,False,True,15.588540511786906,96.90459999999999,94.4507,0.0,0.0,0.0,0.0,0,1.0923011224987795,0.8127135187896539,False,False,False,False,0.34282824893918246,0.34200290066834194,False,False,False,False,-60433.0,-75928.25694369458,False,False,False,False,2243.060389494411,False,False,False,False
2025-05-08 18:00:00+00:00,99.245,99.275,98.885,99.12,6355.0,,,,,,,,,,,,,,,,,,,,,,,,,,,,,,,,,,,99.10413175210662,98.81220935228616,98.7045775472158,98.02505995147347,97.77778366152783,97.43795478487088,97.09882018504601,96.68080968384797,96.12410402475292,95.7702039586733,94.45077053514858,94.10716694324009,,,,,,,,,,,98.7045775472158,98.02505995147347,96.68080968384797,94.45077053514858,94.10716694324009,,,,,97.5880547622308,93.35326303838262,94.92187984180492,95.19807561459821,,,97.95516836479685,"rgba(38, 166, 154, 1.0)",1.6136382790131716,95.2262925136371,2.4129989583192804,66.54258486056249,12.519428331777604,True,False,True,False,True,14.929547340037196,96.975,94.45825,0.0,0.0,0.0,0.0,0,1.0925188407573063,0.8108571778690036,False,False,False,False,0.32094639994989266,0.33147465030911727,False,False,False,False,-66788.0,-75786.54753371481,False,False,False,False,2306.811391207676,False,False,False,False
2025-05-08 19:00:00+00:00,99.125,99.67,98.915,99.16,3141.0,,,,,,,,,,,,,,,,,,,,,,,,,,,,,,,,,,,99.1147003212233,98.83542780386108,98.7304244414514,98.0687011460309,97.82601426348819,97.48858696620009,97.1514738445621,96.73561343898227,96.18185967194202,95.82825194072358,94.51120351469605,94.16749241031849,,,,,,,,,,,98.7304244414514,98.0687011460309,96.73561343898227,94.51120351469605,94.16749241031849,,,,,97.63754030536236,93.39812945691915,94.94024504934768,95.21380618084616,,,97.99386777822491,"rgba(38, 166, 154, 1.0)",1.628260905560793,95.2751284022281,2.385902397155383,66.20677278656905,12.519428331777604,True,False,True,False,True,15.084245362051078,97.04450000000001,94.46412500000001,0.0,0.0,0.0,0.0,0,1.0945954713553492,0.8573931097125808,False,False,False,False,0.3348955310154062,0.33318509066226176,False,False,False,False,-63647.0,-75598.3374944324,False,False,False,False,2319.744547933138,False,False,False,False
2025-05-09 14:00:00+00:00,99.58,99.61,99.245,99.35,124.0,,,,,,,,,,,,,,,,,,,,,,,,,,,,,,,,,,,99.11552821789473,98.83661538938597,98.73168169619707,98.07057585793626,97.82805175212651,97.49069688048479,97.15364775758141,96.73785810960676,96.1842077812346,95.83060478139974,94.51363426955861,94.16991589249176,,,,,,,,,,,98.73168169619707,98.07057585793626,96.73785810960676,94.51363426955861,94.16991589249176,,,,,97.63961364332859,93.39993273582427,94.94099256113437,95.2144481897751,,,97.9955819576517,"rgba(38, 166, 154, 1.0)",1.6402501786769321,95.27711814342574,2.48308575699077,67.02670174031365,12.79910647398922,True,False,True,False,True,15.822906114053968,97.11449999999999,94.470825,0.0,0.0,0.0,0.0,0,1.0375845981996186,0.8657599053814317,False,False,False,False,0.34282824779646975,0.33800666922936573,False,False,False,False,-63523.0,-75411.12295963499,False,False,False,False,2285.701996802392,False,False,False,False
2025-05-09 15:00:00+00:00,99.325,99.585,99.305,99.56,878.0,,,,,,,,,,,,,,,,,,,,,,,,,,,,,,,,,,,99.12289119678971,98.8460788709077,98.74151980441556,98.08450590525389,97.84307006575662,97.50613713117407,97.16947596901623,96.75412830619976,96.20115597201661,95.84755515622386,94.53106310372607,94.18727858002408,,,,,,,,,,,98.74151980441556,98.08450590525389,96.75412830619976,94.53106310372607,94.18727858002408,,,,,97.65482994156447,93.412843509313,94.94637504076941,95.2190769533811,,,98.0084759061892,"rgba(38, 166, 154, 1.0)",1.660571192296713,95.2914875059297,2.5705085779349135,68.63351017117714,14.575410581484348,True,False,True,False,True,16.634428216702517,97.1885,94.481875,0.0,0.0,0.0,0.0,0,1.0347768154563621,0.8670886075949372,False,False,False,False,0.342828247806805,0.34041745851808536,False,False,False,False,-62645.0,-75213.19857266391,False,False,False,False,2263.877159642665,False,False,False,False
2025-05-09 16:00:00+00:00,99.56,99.565,99.18,99.295,1426.0,,,,,,,,,,,,,,,,,,,,,,,,,,,,,,,,,,,99.12993776452835,98.85769978999463,98.75411617304316,98.1044000287385,97.86490503783213,97.52901221064009,97.1932383503629,96.77884357743577,96.22718345451062,95.87372998095799,94.55833700716101,94.21451609061788,,,,,,,,,,,98.75411617304316,98.1044000287385,96.77884357743577,94.55833700716101,94.21451609061788,,,,,97.67720761332335,93.43322664762034,94.95482732586093,95.22633313115443,,,98.02651911657193,"rgba(38, 166, 154, 1.0)",1.667909626605575,95.31359332997901,2.387063787217115,66.68825058150107,14.575410581484348,True,False,True,False,True,15.044403238706074,97.28720000000001,94.4874,0.0,0.0,0.0,0.0,0,1.0648870636550305,0.8585215605749491,False,False,False,False,0.3380445478167384,0.3392310031674119,False,False,False,False,-64071.0,-75040.45130797144,False,False,False,False,2250.8868160823135,False,False,False,False
2025-05-09 17:00:00+00:00,99.295,99.705,99.29,99.67,1059.0,,,,,,,,,,,,,,,,,,,,,,,,,,,,,,,,,,,99.13965079981587,98.86951749191819,98.76630799049344,98.12118343712444,97.88293730353834,97.54754082646056,97.21222726260432,96.79835984227398,96.24750778564672,95.89406732223905,94.57926512814431,94.23537189391847,,,,,,,,,,,98.76630799049344,98.12118343712444,96.79835984227398,94.57926512814431,94.23537189391847,,,,,97.69547327087355,93.44880364162346,94.96138008447214,95.23197698002102,,,98.04221561927864,"rgba(38, 166, 154, 1.0)",1.7005512407815109,95.33087526349753,2.5515989359475975,67.46264148613096,14.575410581484348,True,False,True,False,True,16.50990688509176,97.3876,94.49510000000001,0.0,0.0,0.0,0.0,0,1.0770560973922665,0.8397316179013631,False,False,False,False,0.3428282478376177,0.3410296255025148,False,False,False,False,-63012.0,-74853.96369079358,False,False,False,False,2232.407950716696,False,False,False,False
2025-05-09 18:00:00+00:00,99.67,99.69,99.52,99.57,486.0,,,,,,,,,,,,,,,,,,,,,,,,,,,,,,,,,,,99.14435910029184,98.87510369688115,98.77204564704316,98.12895887671708,97.89127133003149,97.55609127888476,97.22098079929397,96.80734802517085,96.25685936439653,95.90342251373742,94.588884500604,94.24495725677716,,,,,,,,,,,98.77204564704316,98.12895887671708,96.80734802517085,94.588884500604,94.24495725677716,,,,,97.70390774168771,93.45597049491924,94.96440609684292,95.23458507442602,,,98.04951984428928,"rgba(38, 166, 154, 1.0)",1.7179877711971585,95.3388338322802,2.46286163304373,66.88124276281496,14.575410581484348,True,False,True,False,True,15.905277947188985,97.48380000000002,94.50135,0.0,0.0,0.0,0.0,0,1.0957028507232127,0.8241819969105467,False,False,False,False,0.3428282477065387,0.3419289366045267,False,False,False,False,-63498.0,-74677.90223822313,False,False,False,False,2205.3318584575227,False,False,False,False
2025-05-09 19:00:00+00:00,99.57,99.635,99.425,99.54,2148.0,,,,,,,,,,,,,,,,,,,,,,,,,,,,,,,,,,,99.1614181197,98.89681557125307,98.79469448291783,98.16099443524064,97.9258885562862,97.59195340668248,97.25795145195063,96.8455500570869,96.29684042492755,95.94354647393017,94.63045693495232,94.28644395667543,,,,,,,,,,,98.79469448291783,98.16099443524064,96.8455500570869,94.63045693495232,94.28644395667543,,,,,97.73914958207779,93.48713928590185,94.97756036264494,95.2459167836607,,,98.07940826013972,"rgba(38, 166, 154, 0.5)",1.7317603474216303,95.37292433690902,2.406265779959234,66.14645189350829,14.575410581484348,False,False,True,False,False,15.721781540308882,97.56960000000001,94.5072,0.0,0.0,0.0,0.0,0,1.0933342869403513,0.828279216135031,False,False,False,False,0.33779238153416397,0.33986065906934537,False,False,False,False,-65646.0,-74537.87274615765,False,False,False,False,2204.4429924349256,False,False,False,False
2025-05-12 14:00:00+00:00,101.51,101.75,101.315,101.445,3250.0,,,,,,,,,,,,,,,,,,,,,,,,,,,,,,,,,,,99.30714884736156,99.02071761493832,98.91136878727634,98.27250408907686,98.03647154587534,97.69642488295707,97.3582253739153,96.94226173667676,96.3912240815112,96.03500237041987,94.71679159387355,94.37110061996424,,,,,,,,,,,98.91136878727634,98.27250408907686,96.94226173667676,94.71679159387355,94.37110061996424,,,,,97.84575673469627,93.54886484612416,95.00586422339774,95.27077493625514,,,98.1931403597597,"rgba(38, 166, 154, 1.0)",1.7973720180230177,95.4531229392974,3.3336877400001104,71.90883865679865,18.109065691443575,True,False,True,False,True,20.0,97.6948,94.523425,0.0,0.0,0.0,0.0,0,1.0839791461180779,0.8278850218402145,False,False,False,False,0.34282824869161027,0.34134445388047785,False,False,False,False,-62396.0,-74349.62665706992,False,False,False,False,2220.653178598725,False,False,False,False
2025-05-12 15:00:00+00:00,101.45,101.7,101.07,101.12,7665.0,,,,,,,,,,,,,,,,,,,,,,,,,,,,,,,,,,,99.56176381213163,99.25015339427019,99.13134482343742,98.49310198358694,98.2579989214426,97.90977728640937,97.56604259171293,97.14554155754509,96.59235391871047,96.23150818476672,94.90611901517457,94.55754245046667,,,,,,,,,,,99.13134482343742,98.49310198358694,97.14554155754509,94.90611901517457,94.55754245046667,,,,,98.0618279706037,93.68705844117058,95.06956264005592,95.32670867589192,,,98.41446554631702,"rgba(38, 166, 154, 1.0)",1.8405627248602772,95.62467431596713,2.985676939888069,73.1781943003183,19.200978402617338,True,False,True,False,True,20.0,97.8125,94.538175,0.0,0.0,0.0,0.0,0,1.0872031194611835,0.8202764976958528,False,False,False,False,0.33331461511792126,0.33732953449919956,False,False,False,False,-70061.0,-74283.1363213014,False,False,False,False,2305.0616564499073,False,False,False,False
2025-05-12 16:00:00+00:00,101.115,101.615,101.09,101.285,897.0,,,,,,,,,,,,,,,,,,,,,,,,,,,,,,,,,,,99.5878554038493,99.27440367250732,99.1548199661953,98.51711400065422,98.28223407093397,97.93333315417827,97.5891424124247,97.16827780705523,96.61497755205615,96.25369425201488,94.92767727577704,94.57881152529637,,,,,,,,,,,99.1548199661953,98.51711400065422,97.16827780705523,94.92767727577704,94.57881152529637,,,,,98.08560063846812,93.70297849991715,95.0769722139389,95.33322272060846,,,98.43839756097478,"rgba(38, 166, 154, 1.0)",1.8811767881060595,95.64402984231441,2.998639039855914,74.43056638303577,20.373638436269744,True,False,True,False,True,20.0,97.9517,94.55245,0.0,0.0,0.0,0.0,0,1.074608468677494,0.8346142691415317,False,False,False,False,0.33122624577799104,0.3342778901385953,False,False,False,False,-69164.0,-74203.76986670757,False,False,False,False,2283.231243171614,False,False,False,False
2025-05-12 17:00:00+00:00,101.31,101.68,101.22,101.425,1012.0,,,,,,,,,,,,,,,,,,,,,,,,,,,,,,,,,,,99.61821133080913,99.3025427229806,99.18203920853719,98.54477735820838,98.31010639503461,97.96038345790191,97.6156335557488,97.1943145052047,96.64084202611538,96.27903955143184,94.95224755682116,94.60304184561213,,,,,,,,,,,99.18203920853719,98.54477735820838,97.1943145052047,94.95224755682116,94.60304184561213,,,,,98.11291820828777,93.7211219610514,95.0854596138084,95.34069148302076,,,98.46600106680316,"rgba(38, 166, 154, 1.0)",1.9266421847631725,95.666163203357,2.989053619912763,75.6168741034661,21.552576791126043,True,False,True,False,True,20.0,98.08849999999998,94.56890000000001,0.0,0.0,0.0,0.0,0,1.080872727272727,0.8222545454545457,False,False,False,False,0.33742798638776406,0.3358529382631797,False,False,False,False,-68152.0,-74109.94397730126,False,False,False,False,2263.5222316495738,False,False,False,False
2025-05-12 18:00:00+00:00,101.39,101.78,101.24,101.59,558.0,,,,,,,,,,,,,,,,,,,,,,,,,,,,,,,,,,,99.63537775283301,99.3184230975007,99.19739152703451,98.56030070853402,98.32572528454439,97.97552305953221,97.63044392924026,97.2088535435055,96.65526492513672,96.2931641117734,94.96591325839857,94.61651358619643,,,,,,,,,,,99.19739152703451,98.56030070853402,97.2088535435055,94.96591325839857,94.61651358619643,,,,,98.1282157727848,93.73121227475912,95.090199550731,95.34486583164093,,,98.48150486284058,"rgba(38, 166, 154, 1.0)",1.9781456304165321,95.67850754880578,2.988401035948731,76.82695653048242,22.799506473966943,True,False,True,False,True,20.0,98.23,94.587625,0.0,0.0,0.0,0.0,0,1.0791372148947018,0.8227064053049629,False,False,False,False,0.341254685186833,0.3385538117250063,False,False,False,False,-67594.0,-74008.92159005627,False,False,False,False,2237.0800265077196,False,False,False,False
2025-05-12 19:00:00+00:00,101.58,101.815,101.22,101.49,4254.0,,,,,,,,,,,,,,,,,,,,,,,,,,,,,,,,,,,99.75498553857547,99.43099352312824,99.30682144871395,98.6724736135957,98.43899615983133,98.08597449748281,97.73898523309468,97.31586822966337,96.76186573791989,96.3978316427628,95.06781891911686,94.71710821367098,,,,,,,,,,,99.30682144871395,98.6724736135957,97.31586822966337,95.06781891911686,94.71710821367098,,,,,98.23956020597802,93.80701309175222,95.12594969294622,95.37636089796253,,,98.59313728051069,"rgba(38, 166, 154, 1.0)",2.0258735742241183,95.7699376215963,2.823504117523425,76.64317374162405,22.799506473966943,True,False,True,False,True,20.0,98.36009999999999,94.60782499999999,0.0,0.0,0.0,0.0,0,1.0702421892148968,0.8333211385088173,False,False,False,False,0.3417682633765059,0.3401610375507561,False,False,False,False,-71848.0,-73975.41892974531,False,False,False,False,2268.350103616127,False,False,False,False
2025-05-13 14:00:00+00:00,101.01,101.345,100.935,101.325,276.0,,,,,,,,,,,,,,,,,,,,,,,,,,,,,,,,,,101.20166666666668,99.76095480141525,99.43687927546006,99.3126250850793,98.67870204147185,98.44536080365937,98.09228170542977,97.74526199702261,97.32213319352518,96.76818404471437,96.40407873782019,95.07401141609301,94.72324331581662,,,,,,,,,,101.20166666666668,99.3126250850793,98.67870204147185,97.32213319352518,95.07401141609301,94.72324331581662,,,,,98.24587736446809,93.81168624380055,95.1281446256868,95.37829154898678,,,99.08421654702562,"rgba(38, 166, 154, 0.75)",2.0631704632340027,95.77537817101853,2.689851336996404,74.86613091401156,22.799506473966943,True,False,True,False,False,20.0,98.4901,94.62807500000001,0.0,0.0,0.0,0.0,0,1.0589309186505036,0.836643785599533,False,False,False,False,0.31490434875585915,0.32753269315330763,False,False,False,False,-72124.0,-73946.7147602919,False,False,False,False,2237.4609547228533,False,False,False,False
2025-05-13 15:00:00+00:00,101.285,101.7,101.215,101.53,460.0,,,,,,,,,,,,,,,,,,,,,,,,,,,,,,,,,,101.3766666666667,99.77270725068053,99.44814505182133,99.32364128354605,98.6901593860335,98.45697461930341,98.10367867681279,97.75651622795527,97.33328040493956,96.77933723247014,96.41506009359212,95.08477484303832,94.73388355163411,,,,,,,,,,101.3766666666667,99.32364128354605,98.6901593860335,97.33328040493956,95.08477484303832,94.73388355163411,,,,,98.2573380121552,93.81975632480469,95.13196781285613,95.38166103795514,,,99.11606114535245,"rgba(38, 166, 154, 0.75)",2.10191752437628,95.78496764229826,2.7332339595039623,74.47869845099105,22.799506473966943,True,False,True,False,False,20.0,98.609,94.647875,0.0,0.0,0.0,0.0,0,1.0625137252031327,0.8350779591537959,False,False,False,False,0.33718627434440385,0.3323594837488557,False,False,False,False,-71664.0,-73911.32383377575,False,False,False,False,2209.903420541104,False,False,False,False
2025-05-13 16:00:00+00:00,101.525,101.635,101.41,101.525,410.0,,,,,,,,,,,,,,,,,,,,,,,,,,,,,,,,,,101.4291390343223,99.78329988193623,99.45828577785193,99.33355394473631,98.70044395846982,98.46739300196676,98.11389694217907,97.7666017436165,97.34326501295111,96.78932141414968,96.42488802911855,95.09440018936081,94.7433974273531,,,,,,,,,,101.4291390343223,99.33355394473631,98.70044395846982,97.34326501295111,95.09440018936081,94.7433974273531,,,,,98.26761584769918,93.8269739612374,95.13539389549574,95.38468163639367,,,99.13157678563486,"rgba(38, 166, 154, 0.75)",2.140569407281203,95.79355315012789,2.677533758249766,74.16433527586015,22.799506473966943,True,False,True,False,False,20.0,98.7165,94.6691,0.0,0.0,0.0,0.0,0,1.0630126771066366,0.8494407158836693,False,False,False,False,0.3420747759228094,0.3372171298358325,False,False,False,False,-72074.0,-73882.83819294201,False,False,False,False,2181.9979411528698,False,False,False,False
2025-05-13 17:00:00+00:00,101.525,101.695,101.465,101.56,423.0,,,,,,,,,,,,,,,,,,,,,,,,,,,,,,,,,,101.46801359677077,99.794405056979,99.46889550350824,99.34391909632951,98.71116322216243,98.47824244050814,98.12452906500815,97.77708833432102,97.353639078927,96.79968654868915,96.43508707638463,95.10437761289847,94.7532572391308,,,,,,,,,,101.46801359677077,99.34391909632951,98.71116322216243,97.353639078927,95.10437761289847,94.7532572391308,,,,,98.27831379884579,93.83445457319601,95.1389523994952,95.38782025535295,,,99.1457820394484,"rgba(38, 166, 154, 0.75)",2.17017684752887,95.80246679862105,2.6530248942315082,74.11051908041037,22.799506473966943,True,False,True,False,False,20.0,98.8318,94.69274999999999,0.0,0.0,0.0,0.0,0,1.0719679806675726,0.8449629965262051,False,False,False,False,0.34282824691506364,0.3400226883754481,False,False,False,False,-71651.0,-73848.23605041577,False,False,False,False,2154.7266552435226,False,False,False,False
2025-05-13 18:00:00+00:00,101.56,101.705,101.53,101.7,320.0,,,,,,,,,,,,,,,,,,,,,,,,,,,,,,,,,,101.4979954120346,99.8030497934397,99.47712225569533,99.35194685200327,98.71942108148838,98.48658871089513,98.1326951979162,97.78513218693335,97.36158604359565,96.80761526595242,96.44288310131604,95.11198854662503,94.76077548687391,,,,,,,,,,101.4979954120346,99.35194685200327,98.71942108148838,97.36158604359565,95.11198854662503,94.76077548687391,,,,,98.28653594496893,93.8401563905612,95.1416717541863,95.39021999542169,,,99.15674393630074,"rgba(38, 166, 154, 0.75)",2.1981785723723206,95.80928444072148,2.6798166597180204,74.71250066806263,22.799506473966943,True,False,True,False,False,20.0,98.9448,94.7174,0.0,0.0,0.0,0.0,0,1.0757263784031112,0.837413254022726,False,False,False,False,0.342828246809154,0.3414254675923011,False,False,False,False,-71331.0,-73809.20913490544,False,False,False,False,2126.2812807436226,False,False,False,False
2025-05-13 19:00:00+00:00,101.69,101.98,101.645,101.86,2172.0,,,,,,,,,,,,,,,,,,,,,,,,,,,,,,,,,,101.67467454649923,99.86529126282277,99.53594518738649,99.40922995409863,98.77770262066902,98.54531874981457,98.18997882857809,97.8414097535967,97.4170336301427,96.86276706435301,96.49703153088512,95.16461995783591,94.8127227760745,,,,,,,,,,101.67467454649923,99.40922995409863,98.77770262066902,97.4170336301427,95.16461995783591,94.8127227760745,,,,,98.34428914447591,93.87954247906067,95.16058810938846,95.4069357111862,,,99.22994386293318,"rgba(38, 166, 154, 1.0)",2.2265328417735617,95.856705938659,2.696252194761711,75.80787661728952,23.0810480071669,True,False,True,False,True,20.0,99.05349999999999,94.74334999999999,0.0,0.0,0.0,0.0,0,1.0708866579814542,0.8368457353053879,False,False,False,False,0.34282824695848374,0.3421268572753924,False,False,False,False,-69159.0,-73737.112869248,False,False,False,False,2126.990098096435,False,False,False,False
2025-05-14 14:00:00+00:00,102.115,102.24,101.815,102.14,1234.0,,,,,,,,,,,,,,,,,,,,,,,,,,,,,,,,,,101.76563991186654,99.90303953608031,99.57138889204363,99.4436795051035,98.81234564527378,98.58011487116218,98.22380576777967,97.87454774636154,97.44958411366996,96.89503246029788,96.52865737650842,95.1952051447831,94.84288153490151,,,,,,,,,,101.76563991186654,99.4436795051035,98.81234564527378,97.44958411366996,95.1952051447831,94.84288153490151,,,,,98.37844213436483,93.90240786895241,95.17166741872066,95.41674256105662,,,99.27182023445889,"rgba(38, 166, 154, 1.0)",2.2523530278717177,95.88444948297942,2.777340159207433,77.60484626913465,24.90857086646821,True,False,True,False,True,20.0,99.1621,94.77095,0.0,0.0,0.0,0.0,0,1.0669065298935925,0.8349536859833123,False,False,False,False,0.3428282471164768,0.34247755219593456,False,False,False,False,-67925.0,-73647.00259220539,False,False,False,False,2113.1452903740096,False,False,False,False
2025-05-14 15:00:00+00:00,102.145,102.355,101.79,102.265,2264.0,,,,,,,,,,,,,,,,,,,,,,,,,,,,,,,,,,101.87676632711558,99.9712170646102,99.63569480890956,99.5062794633537,98.87540132429618,98.64347430197638,98.28548568948551,97.93502948003567,97.50904259352643,96.95400654325586,96.5864953451258,95.25119803635839,94.89810865406484,,,,,,,,,,101.87676632711558,99.5062794633537,98.87540132429618,97.50904259352643,95.25119803635839,94.89810865406484,,,,,98.44068560608834,93.94439356300923,95.19211263082867,95.4348532569252,,,99.34116855747286,"rgba(38, 166, 154, 1.0)",2.2814096657689023,95.93521059872388,2.774508014167982,79.22947464774626,26.49814147609726,True,False,True,False,True,20.0,99.2818,94.79707499999999,0.0,0.0,0.0,0.0,0,1.0668244997708873,0.8339697571406757,False,False,False,False,0.34282824714870164,0.3426528996723181,False,False,False,False,-65661.0,-73523.18859852779,False,False,False,False,2115.4841230813895,False,False,False,False
2025-05-14 16:00:00+00:00,102.265,102.265,101.845,102.1,1797.0,,,,,,,,,,,,,,,,,,,,,,,,,,,,,,,,,,101.91388057574463,100.02086183142467,99.68318532511145,99.55272479971504,98.92278398648574,98.69125030389556,98.332251783901,97.98108465559272,97.55450871022795,96.99928951870567,96.63101927409978,95.29457807901366,94.94095388645651,,,,,,,,,,101.91388057574463,99.55272479971504,98.92278398648574,97.55450871022795,95.29457807901366,94.94095388645651,,,,,98.48777633770412,93.97714649308156,95.20810035193193,95.44901657227109,,,99.38725290773385,"rgba(38, 166, 154, 0.75)",2.303322613761206,95.97427245512242,2.659517823634173,77.78833651896919,26.49814147609726,True,False,True,False,False,20.0,99.37439999999998,94.82780000000001,0.0,0.0,0.0,0.0,0,1.0676436559969147,0.8482067103740847,False,False,False,False,0.34155710876235895,0.3421050042173385,False,False,False,False,-67458.0,-73429.15466676766,False,False,False,False,2110.5463847390424,False,False,False,False
2025-05-14 17:00:00+00:00,102.1,102.195,101.795,102.14,1178.0,,,,,,,,,,,,,,,,,,,,,,,,,,,,,,,,,,101.92835706600849,100.05174366153366,99.71298760138636,99.58195601275283,98.95283292734099,98.72161132041623,98.3620722742538,98.01052957210892,97.58365162078498,97.02838787136791,96.65967490509108,95.32260628933923,94.96865979643178,,,,,,,,,,101.92835706600849,99.58195601275283,98.95283292734099,97.58365162078498,95.32260628933923,94.96865979643178,,,,,98.51776363770878,93.9984040728544,95.21850005080218,95.45823112217172,,,99.41526130447517,"rgba(38, 166, 154, 0.75)",2.3352978859702005,95.9994116365692,2.629466844603289,77.03191261662509,26.49814147609726,True,False,True,False,False,20.0,99.4683,94.8583,0.0,0.0,0.0,0.0,0,1.0646777674992292,0.8482886216466242,False,False,False,False,0.33720694830792036,0.33965597626262944,False,False,False,False,-66280.0,-73318.31505953096,False,False,False,False,2096.088301254716,False,False,False,False
2025-05-14 18:00:00+00:00,102.14,102.245,101.875,102.175,203.0,,,,,,,,,,,,,,,,,,,,,,,,,,,,,,,,,,101.93157073670487,100.05711473241026,99.71816686810776,99.58703515522721,98.95804389694541,98.72687355580634,98.36723883189602,98.01562924678845,97.58869698537829,97.03342301727466,96.66463252760478,95.3274521132864,94.97344937267388,,,,,,,,,,101.93157073670487,99.58703515522721,98.95804389694541,97.58869698537829,95.3274521132864,94.97344937267388,,,,,98.5229600291685,94.00208096020751,95.22030341004607,95.45982966865064,,,99.42020912798579,"rgba(38, 166, 154, 0.75)",2.360941028603042,96.00376272625098,2.613888783745059,76.71925071034886,26.49814147609726,True,False,True,False,False,20.0,99.5584,94.88940000000001,0.0,0.0,0.0,0.0,0,1.0705227343025054,0.8458088462728123,False,False,False,False,0.34192018256626544,0.34078807941444744,False,False,False,False,-66077.0,-73206.04660899559,False,False,False,False,2066.738095033713,False,False,False,False
2025-05-14 19:00:00+00:00,102.16,102.415,101.86,102.385,2105.0,,,,,,,,,,,,,,,,,,,,,,,,,,,,,,,,,,101.97884869957953,100.11441529483822,99.77325545513503,99.64101352448107,99.01313301294908,98.78242347092953,98.42170277421478,98.06932344816147,97.64175131834581,97.08629140275434,96.7166518536312,95.37819074529993,95.0235796413693,,,,,,,,,,101.97884869957953,99.64101352448107,99.01313301294908,97.64175131834581,95.37819074529993,95.0235796413693,,,,,98.57777168936909,94.04058245047852,95.23927749204168,95.47666343914548,,,99.4742644600361,"rgba(38, 166, 154, 0.75)",2.387651409283374,96.04945668331914,2.6534624326012524,77.60106671679549,26.49814147609726,True,False,True,False,False,20.0,99.65370000000001,94.92202500000002,0.0,0.0,0.0,0.0,0,1.073277854831253,0.83672368623825,False,False,False,False,0.3428282471947495,0.3418081633045985,False,False,False,False,-63972.0,-73062.88309567783,False,False,False,False,2067.3313028626476,False,False,False,False
2025-05-15 14:00:00+00:00,102.08,102.48,101.955,102.205,973.0,,,,,,,,,,,,,,,,,,,,,,,,,,,,,,,,,,101.99536361442877,100.13980722127589,99.79784043173761,99.66516058696973,99.03792141331316,98.80745909610198,98.4463175095632,98.09364278433523,97.66583103262849,97.1103351069897,96.74034035359689,95.40136960297409,95.04649659852805,,,,,,,,,,101.99536361442877,99.66516058696973,99.03792141331316,97.66583103262849,95.40136960297409,95.04649659852805,,,,,98.60251654949694,94.05824303996316,95.24800487229771,95.48440859522601,,,99.49793908221571,"rgba(38, 166, 154, 0.75)",2.408061769657725,96.0702679120783,2.5475808657490036,75.10551614745695,27.84221098173363,True,False,True,False,False,20.0,99.74770000000001,94.95385,0.0,0.0,0.0,0.0,0,1.0757914195486407,0.8374027574520532,False,False,False,False,0.34282824725062877,0.34231820527761364,False,False,False,False,-64945.0,-72937.02444303165,False,False,False,False,2050.3649260740794,False,False,False,False
2025-05-15 15:00:00+00:00,102.2,102.55,102.065,102.52,671.0,,,,,,,,,,,,,,,,,,,,,,,,,,,,,,,,,,102.01310299599614,100.15832819564322,99.81564663417042,99.68261173737723,99.05567014554265,98.8253385144614,98.46384235242542,98.11091332772669,97.68288680507236,97.1273170567662,96.757046735204,95.4176477941279,95.06257755289049,,,,,,,,,,102.01310299599614,99.68261173737723,99.05567014554265,97.68288680507236,95.4176477941279,95.06257755289049,,,,,98.6201566220601,94.07062324811949,95.2541530025854,95.48987015798122,,,99.5156817379179,"rgba(38, 166, 154, 0.75)",2.4344010991848277,96.08495989619283,2.6433770942520423,75.30108487504434,27.84221098173363,True,False,True,False,False,20.0,99.8461,94.99005,0.0,0.0,0.0,0.0,0,1.0725738396624471,0.8373609512850027,False,False,False,False,0.34282824731246786,0.3425732262950407,False,False,False,False,-64274.0,-72802.71398655055,False,False,False,False,2028.9794233442485,False,False,False,False
2025-05-15 16:00:00+00:00,102.515,102.69,102.375,102.685,169.0,,,,,,,,,,,,,,,,,,,,,,,,,,,,,,,,,,102.01967883543728,100.16337102708287,99.82044834087868,99.6873032605679,99.06038466911814,98.83007168178307,98.46846147381459,98.115449114553,97.68734977492284,97.13174323919974,96.76139173635168,95.4218560920659,95.06672981596431,,,,,,,,,,102.01967883543728,99.6873032605679,99.06038466911814,97.68734977492284,95.4218560920659,95.06672981596431,,,,,98.62481448126385,94.07381235595811,95.25574432731852,95.49128525509732,,,99.52064605040445,"rgba(38, 166, 154, 0.75)",2.4609682907198316,96.08878511635285,2.680333147127939,76.23431534550484,27.84221098173363,True,False,True,False,False,20.0,99.9471,95.029475,0.0,0.0,0.0,0.0,0,1.0769762087490407,0.8372985418265548,False,False,False,False,0.34282824746249463,0.3427007368787677,False,False,False,False,-64105.0,-72667.86570768929,False,False,False,False,2000.1425330598415,False,False,False,False
2025-05-15 17:00:00+00:00,102.69,102.89,102.595,102.595,489.0,,,,,,,,,,,,,,,,,,,,,,,,,,,,,,,,,,102.04143114985033,100.17850289879887,99.83479809329246,99.70130543913126,99.07437912255271,98.84409956436723,98.48212443262857,98.12884355105066,97.70050677666997,97.14476760372266,96.77416438430559,95.43419157525426,95.07889401337515,,,,,,,,,,102.04143114985033,99.70130543913126,99.07437912255271,97.70050677666997,95.43419157525426,95.07889401337515,,,,,98.63860329858706,94.0831456754694,95.2604139843068,95.49544010636635,,,99.53568553145902,"rgba(38, 166, 154, 0.75)",2.4523464071989163,96.10003594765448,2.6484692510321604,75.3642872260359,27.84221098173363,True,False,True,False,False,20.0,100.04179999999998,95.0671,0.0,0.0,0.0,0.0,0,1.0811771066656368,0.8385726423109606,False,False,False,False,0.34282824759691194,0.3427644922378398,False,False,False,False,-64594.0,-72542.68949516697,False,False,False,False,1976.713966655813,False,False,False,False
2025-05-15 18:00:00+00:00,102.61,102.79,102.53,102.685,771.0,,,,,,,,,,,,,,,,,,,,,,,,,,,,,,,,,,102.0718013404545,100.20176331956037,99.85693890133203,99.72293718262712,99.09607538921296,98.86586907460321,98.50336122077466,98.14968909880342,97.72100817516476,97.16508752383722,96.79410691534103,95.45348929446705,95.0979318117734,,,,,,,,,,102.0718013404545,99.72293718262712,99.09607538921296,97.72100817516476,95.45348929446705,95.0979318117734,,,,,98.66002222145625,94.0977778035677,95.2677399497621,95.50195855880484,,,99.55855444092103,"rgba(38, 166, 154, 0.75)",2.4475243936799007,96.11760129052999,2.6832822285361577,75.31684940656204,27.8267164294316,True,False,True,False,False,20.0,100.1381,95.105875,0.0,0.0,0.0,0.0,0,1.0805068376728733,0.8331144247855989,False,False,False,False,0.3372133639423133,0.3399889280900765,False,False,False,False,-63823.0,-72407.50051074577,False,False,False,False,1958.0207268626996,False,False,False,False
2025-05-15 19:00:00+00:00,102.685,102.965,102.68,102.75,3073.0,,,,,,,,,,,,,,,,,,,,,,,,,,,,,,,,,,102.18938259251456,100.29497679181948,99.94577858809038,99.8097810072533,99.18306378770734,98.95311269378307,98.58848340029968,98.23324245100561,97.80317090488451,97.24649189136655,96.87399930576004,95.53076029848432,95.17415867514087,,,,,,,,,,102.18938259251456,99.8097810072533,99.18306378770734,97.80317090488451,95.53076029848432,95.17415867514087,,,,,98.74587385009363,94.15648247358997,95.29730628756764,95.52829124974548,,,99.64972766405918,"rgba(38, 166, 154, 0.75)",2.44186522637599,96.1880241849043,2.6872800940101174,75.67266447391953,27.8267164294316,True,False,True,False,False,20.0,100.23200000000001,95.143975,0.0,0.0,0.0,0.0,0,1.0933937216929566,0.8296892081836645,False,False,False,False,0.3428282476467615,0.341408587868419,False,False,False,False,-60750.0,-72226.7640687187,False,False,False,False,1975.3072272214174,False,False,False,False
2025-05-16 14:00:00+00:00,102.97,103.04,102.64,102.71,862.0,,,,,,,,,,,,,,,,,,,,,,,,,,,,,,,,,,102.21575432409739,100.3199173066247,99.96972909316544,99.83325433510203,99.20672444613243,98.97688395658747,98.61174898716182,98.25613472886621,97.82573523064636,97.26889888033368,96.89602311519492,95.5521393648735,95.19526599099463,,,,,,,,,,102.21575432409739,99.83325433510203,99.20672444613243,97.82573523064636,95.5521393648735,95.19526599099463,,,,,98.76931021097614,94.1728044288799,95.30555638793875,95.53564198408614,,,99.67376839721717,"rgba(38, 166, 154, 0.75)",2.4416120025859196,96.20744208167856,2.6632232768492896,75.10900557323336,27.34128218113696,True,False,True,False,False,20.0,100.32800000000002,95.178975,0.0,0.0,0.0,0.0,0,1.0930159724397117,0.822032571249609,False,False,False,False,0.342828247657569,0.342118417762994,False,False,False,False,-61612.0,-72062.19408315717,False,False,False,False,1958.0466500551938,False,False,False,False
2025-05-16 15:00:00+00:00,102.725,102.8,102.455,102.48,1109.0,,,,,,,,,,,,,,,,,,,,,,,,,,,,,,,,,102.57833333333333,102.23493940550597,100.34851725607966,99.99762228221569,99.86073114009356,99.2348891223947,99.0053140904723,98.63976344380477,98.28385090270588,97.85320503465886,97.29633353523585,96.92307836629902,95.5786367145126,95.22147507180874,,,,,,,,,102.57833333333333,102.23493940550597,99.86073114009356,99.2348891223947,97.85320503465886,95.5786367145126,95.22147507180874,,,,,98.79745301434389,94.19318349558499,95.31583525664956,95.54479346988477,,,100.23751375923749,"rgba(38, 166, 154, 0.5)",2.4314161113036032,96.23127841054311,2.569992672338854,70.56389646669138,23.077159705002742,False,False,True,False,False,20.0,100.42029999999998,95.21379999999999,0.0,0.0,0.0,0.0,1,1.094064505903796,0.8296219985735802,False,False,False,False,0.32853462826030627,0.3353265230116501,False,False,False,False,-62721.0,-71917.36936868961,False,False,False,False,1944.8831361008497,False,False,False,False
2025-05-16 16:00:00+00:00,102.48,102.735,102.47,102.635,605.0,,,,,,,,,,,,,,,,,,,,,,,,,,,,,,,,,102.59068747569039,102.24555563284487,100.3640564350896,100.0127920021728,99.8756801915021,99.25021528798376,99.02078543246628,98.65501450663689,98.29894376963912,97.86816738104513,97.31127933683344,96.9378203382379,95.59307976498324,95.23576243814077,,,,,,,,,102.59068747569039,102.24555563284487,99.8756801915021,99.25021528798376,97.86816738104513,95.59307976498324,95.23576243814077,,,,,98.81277183529747,94.20430564834587,95.3214574806585,95.5498007136924,,,100.25184837054833,"rgba(38, 166, 154, 0.5)",2.421216837248035,96.24427070507846,2.639470036969209,68.99290082194224,21.742564538657035,False,True,True,False,False,20.0,100.5197,95.246325,0.0,0.0,0.0,0.0,1,1.0863303628262253,0.8294080203691924,False,False,False,False,0.32686161615832565,0.3310940695849879,False,False,False,False,-62116.0,-71765.41015367117,False,False,False,False,1924.1097541457975,False,False,False,False
2025-05-16 17:00:00+00:00,102.625,102.82,102.625,102.815,250.0,,,,,,,,,,,,,,,,,,,,,,,,,,,,,,,,,102.61139086897488,102.2513750343816,100.37081130034225,100.01934393229416,99.8821236602478,99.25676983699313,99.02738750530636,98.66150415824778,98.30535119314757,97.87450434557009,97.31759321050674,96.94403949968773,95.599149340169,95.24176192330735,,,,,,,,,102.61139086897488,102.2513750343816,99.8821236602478,99.25676983699313,97.87450434557009,95.599149340169,95.24176192330735,,,,,98.8192979318203,94.20896937844775,95.32382274125291,95.55190872084079,,,100.2600882870985,"rgba(38, 166, 154, 0.5)",2.3869326126427777,96.24975532095458,2.750494355924223,69.41682175198625,21.742564538657035,False,True,True,False,False,20.0,100.6177,95.2774,0.0,0.0,0.0,0.0,0,1.0878345888764225,0.8311428113479734,False,False,False,False,0.33490839020535923,0.33300122989517356,False,False,False,False,-61866.0,-71611.93092648247,False,False,False,False,1898.154564159041,False,False,False,False
2025-05-16 18:00:00+00:00,102.8,103.01,102.725,102.98,1098.0,,,,,,,,,,,,,,,,,,,,,,,,,,,,,,,,,102.71667591987807,102.2826983676676,100.40189209466149,100.04932888859446,99.91156203805537,99.28650554516301,99.05727853522235,98.69081253892072,98.33422786494067,97.9030019141175,97.34592006113267,96.97190631492899,95.62624808291277,95.26852841938731,,,,,,,,,102.71667591987807,102.2826983676676,99.91156203805537,99.28650554516301,97.9030019141175,95.62624808291277,95.26852841938731,,,,,98.84880165995845,94.22975489257027,95.3344048666322,95.56134717825333,,,100.29959424102039,"rgba(38, 166, 154, 0.5)",2.3573549213526537,96.27434793734822,2.8445661711406895,70.86518198966,21.742564538657035,False,False,True,False,True,20.0,100.72399999999999,95.30959999999999,0.0,0.0,0.0,0.0,0,1.0827625110806671,0.8348779111934893,False,False,False,False,0.34282824767448283,0.3379147387848282,False,False,False,False,-60768.0,-71443.80796638197,False,False,False,False,1885.749067040296,False,False,False,False
2025-05-16 19:00:00+00:00,102.985,103.045,102.64,102.815,2688.0,,,,,,,,,,,,,,,,,,,,,,,,,,,,,,,,,102.77121072463768,102.3405150390625,100.47276760217173,100.11839201336335,99.9795973237696,99.35589326783115,99.12721800366579,98.75969013082609,98.40232856939062,97.97044206176751,97.41319071356249,97.03822857383399,95.69110244049413,95.3326650422916,,,,,,,,,102.77121072463768,102.3405150390625,99.9795973237696,99.35589326783115,97.97044206176751,95.69110244049413,95.3326650422916,,,,,98.91801725474991,94.27980579277927,95.35994251308098,95.58412690208813,,,100.36566051316598,"rgba(38, 166, 154, 0.5)",2.3166915424162595,96.3328850316012,2.7980051939232693,68.95766676325171,21.742564538657035,False,True,True,False,False,20.0,100.82220000000001,95.34227500000001,0.0,0.0,0.0,0.0,0,1.0745356597250142,0.8360537107019383,False,False,False,False,0.341143954990179,0.3395293468875036,False,False,False,False,-63456.0,-71319.96598240704,False,False,False,False,1898.1870660009117,False,False,False,False
2025-05-19 14:00:00+00:00,103.15,103.8,103.15,103.75,1334.0,,,,,,,,,,,,,,,,,,,,,,,,,,,,,,,,,102.92100437605873,102.40124446177074,100.51688678539357,100.1603283647856,100.02057660357968,99.39638205727026,99.1676537848787,98.79903090407508,98.44083351032315,98.00817545721817,97.4504016696887,97.07468380676508,95.72611731390509,95.36716530194099,,,,,,,,,102.92100437605873,102.40124446177074,100.02057660357968,99.39638205727026,98.00817545721817,95.72611731390509,95.36716530194099,,,,,98.957750319293,94.30654054954192,95.37378916216817,95.59651739067698,,,100.42288841722655,"rgba(38, 166, 154, 0.5)",2.303435532471562,96.36514585141347,3.2060172922064187,72.64634089058302,19.270239969405765,False,False,True,False,True,20.0,100.93430000000001,95.381625,0.0,0.0,0.0,0.0,0,1.0752106853235808,0.825409445062809,False,False,False,False,0.3428282480276612,0.3411787974575824,False,False,False,False,-62122.0,-71177.36185864879,False,False,False,False,1889.439979706324,False,False,False,False
2025-05-19 15:00:00+00:00,103.725,103.795,103.585,103.665,1229.0,,,,,,,,,,,,,,,,,,,,,,,,,,,,,,,,,103.03346124543887,102.45712057190877,100.55792537570645,100.19934534810687,100.05870811052071,99.43401067901277,99.20521732604776,98.83557010172849,98.4765875553483,98.04320123002834,97.48492476937939,97.10849973416403,95.75857083663877,95.39913734950316,,,,,,,,,103.03346124543887,102.45712057190877,100.05870811052071,99.43401067901277,98.04320123002834,95.75857083663877,95.39913734950316,,,,,98.99465802728918,94.33133932100931,95.3866831255348,95.60806283973633,,,100.47266984480885,"rgba(38, 166, 154, 1.0)",2.277441121755583,96.3950850974867,3.192141756406522,73.98952789159299,20.40346077606084,True,False,True,False,True,20.0,101.04720000000002,95.41769999999998,0.0,0.0,0.0,0.0,0,1.08656526240344,0.8214541689894089,False,False,False,False,0.3428282481439493,0.34200352280076585,False,False,False,False,-63351.0,-71056.02291510385,False,False,False,False,1879.2006001759933,False,False,False,False
2025-05-19 16:00:00+00:00,103.665,103.85,103.615,103.85,1250.0,,,,,,,,,,,,,,,,,,,,,,,,,,,,,,,,,103.12995364076824,102.51298643456975,100.5997591996695,100.23915493585571,100.0976283379036,99.4724070730032,99.24354215484192,98.87285675437218,98.51307574913953,98.07894623210397,97.52015187444803,97.14300632216529,95.79168028546592,95.43175508584277,,,,,,,,,103.12995364076824,102.51298643456975,100.0976283379036,99.4724070730032,98.07894623210397,95.79168028546592,95.43175508584277,,,,,99.03231900374008,94.35666909938588,95.39989826294276,95.61990231715399,,,100.52103606637301,"rgba(38, 166, 154, 1.0)",2.270568206855327,96.42564781693969,3.269821254717041,75.6073822862289,21.868594051467326,True,False,True,False,True,20.0,101.1584,95.45495000000001,0.0,0.0,0.0,0.0,0,1.0817994287527766,0.8211678832116797,False,False,False,False,0.34282824816643703,0.34241588548360147,False,False,False,False,-62101.0,-70917.18535052858,False,False,False,False,1869.445552111249,False,False,False,False
2025-05-19 17:00:00+00:00,103.84,103.86,103.54,103.565,1204.0,,,,,,,,,,,,,,,,,,,,,,,,,,,,,,,,,103.18866598557321,102.55789561354804,100.63759188598969,100.27543056988877,100.13318640188842,99.50776690984924,99.27891773176239,98.90739977922031,98.54697959850529,98.11225956194671,97.55308507555185,97.17532777221255,95.82285116239257,95.46249695193266,,,,,,,,,103.18866598557321,102.55789561354804,100.13318640188842,99.50776690984924,98.11225956194671,95.82285116239257,95.46249695193266,,,,,99.06715758933882,94.3806378204785,95.41241092144665,95.63111093345871,,,100.56085685971502,"rgba(38, 166, 154, 0.5)",2.265953286653876,96.45427318451277,3.138072994429469,73.04080474524876,21.868594051467326,False,False,True,False,False,20.0,101.25730000000001,95.489475,0.0,0.0,0.0,0.0,0,1.0802020839911588,0.8219134827912858,False,False,False,False,0.34079869462550944,0.3416072900545555,False,False,False,False,-63305.0,-70799.166973001,False,False,False,False,1859.1285668071987,False,False,False,False
2025-05-19 18:00:00+00:00,103.565,103.64,103.535,103.565,962.0,,,,,,,,,,,,,,,,,,,,,,,,,,,,,,,,,103.22076278170915,102.58903226827957,100.66641875354317,100.30323479249573,100.16049632802098,99.53508951799078,99.3063002878793,98.9342127961633,98.5733561865227,98.1382359869623,97.57882545672489,97.2006267784626,95.84734294641423,95.48667174368883,,,,,,,,,103.22076278170915,102.58903226827957,100.16049632802098,99.53508951799078,98.1382359869623,95.84734294641423,95.48667174368883,,,,,99.09416966880084,94.39954612562681,95.4222906264263,95.6399607053895,,,100.58944344076025,"rgba(38, 166, 154, 0.5)",2.2481263970910255,96.47668003872931,3.15298996108166,71.329753051262,25.417851311654815,False,True,True,False,False,20.0,101.3564,95.52240000000002,0.0,0.0,0.0,0.0,0,1.0799905429899912,0.8256757821735369,False,False,False,False,0.33379402775054756,0.3377006589025515,False,False,False,False,-63305.0,-70682.97833776068,False,False,False,False,1845.2195967791802,False,False,False,False
2025-05-19 19:00:00+00:00,103.565,103.565,103.41,103.455,2074.0,,,,,,,,,,,,,,,,,,,,,,,,,,,,,,,,,103.25921418049217,102.64373626917859,100.7245480899332,100.3597742156248,100.21619146914571,99.59129207831167,99.36276585998517,98.98972281470833,98.6281376467694,98.19236039413906,97.63263584067614,97.25362277919601,95.89892419120517,95.5376448332503,,,,,,,,,103.25921418049217,102.64373626917859,100.21619146914571,99.59129207831167,98.19236039413906,95.89892419120517,95.5376448332503,,,,,99.15000314305081,94.43959187652845,95.44324065283517,95.65872584074638,,,100.64340562217245,"rgba(38, 166, 154, 0.5)",2.2297182123098995,96.52362310862307,3.108633572220006,68.75272804745416,23.027460739966813,False,True,True,False,False,20.0,101.4619,95.553175,0.0,0.0,0.0,0.0,0,1.0778301886792452,0.8272798742138372,False,False,False,False,0.32759408691671854,0.33264737290963503,False,False,False,False,-65379.0,-70600.74611546982,False,False,False,False,1848.7665797748516,False,False,False,False
2025-05-20 14:00:00+00:00,103.6,103.78,103.44,103.5,2088.0,,,,,,,,,,,,,,,,,,,,,,,,,,,,,,,,,103.30048790720114,102.69804361004637,100.78266213993777,100.4163993743864,100.27201150157539,99.64764591989119,99.41938874111477,99.04542854537483,98.6831413415013,98.24672943725037,97.6867064503989,97.30689489209438,95.95080735262853,95.5889261154206,,,,,,,,,103.30048790720114,102.69804361004637,100.27201150157539,99.64764591989119,98.24672943725037,95.95080735262853,95.5889261154206,,,,,99.20601877515705,94.4799800437245,95.46447476664189,95.67775955686236,,,100.69775846744099,"rgba(38, 166, 154, 0.5)",2.216886191798647,96.57084531439061,3.1256249018302085,67.37899958654144,21.73956185400158,False,True,True,False,False,20.0,101.56280000000001,95.58409999999999,0.0,0.0,0.0,0.0,0,1.0778855176728181,0.8248357835470761,False,False,False,False,0.3351924164941123,0.33391989470187367,False,False,False,False,-63291.0,-70487.41671833074,False,False,False,False,1852.47562504966,False,False,False,False
2025-05-20 15:00:00+00:00,103.5,103.715,103.35,103.71,1274.0,,,,,,,,,,,,,,,,,,,,,,,,,,,,,,,,103.59166666666665,103.32209942712886,102.7288007564501,100.81719563699991,100.45017458316286,100.30535172498969,99.681410543292,99.4533445870411,99.07889230413683,98.71622861320255,98.27947882900646,97.71931823600555,97.33905394115877,95.9821961628376,95.61996639874974,,,,,,,,,103.32209942712886,102.7288007564501,100.30535172498969,99.681410543292,98.27947882900646,95.9821961628376,95.61996639874974,,,,,99.23964590292198,94.504497363102,95.47740560117387,95.68935499848375,,,101.29375549071639,"rgba(38, 166, 154, 0.5)",2.210701790247951,96.59936614935785,3.216459986602092,67.99170877415935,21.73956185400158,False,True,True,False,False,20.0,101.6759,95.61465,0.0,0.0,0.0,0.0,0,1.0760438535106132,0.8268408366378982,False,False,False,False,0.330381025345706,0.33215046002378984,False,False,False,False,-62017.0,-70356.09242812406,False,False,False,False,1843.5070107078047,False,False,False,False
2025-05-20 16:00:00+00:00,103.69,103.815,103.65,103.78,1885.0,,,,,,,,,,,,,,,,,,,,,,,,,,,,,,,,103.68515089163235,103.364275328084,102.77820484147388,100.86956020054208,100.50127793395585,100.35576513174247,99.7322808117673,99.50444764958614,99.1291989159737,98.76592118773706,98.32861252905393,97.76818476618823,97.38721423636028,96.02911507109818,95.66634812594916,,,,,,,,,103.364275328084,102.77820484147388,100.35576513174247,99.7322808117673,98.32861252905393,96.02911507109818,95.66634812594916,,,,,99.29022240736333,94.54115316947086,95.4968306005822,95.70678822504676,,,101.34887034859801,"rgba(38, 166, 154, 0.5)",2.191297215460866,96.64210823291828,3.2573818452009986,68.87593271204112,21.73956185400158,False,True,True,False,False,20.0,101.7773,95.648675,0.0,0.0,0.0,0.0,0,1.0925196850393701,0.8230708661417331,False,False,False,False,0.34282824816643703,0.33748935409511344,False,False,False,False,-60132.0,-70197.5793672229,False,False,False,False,1844.1503128673735,False,False,False,False
2025-05-20 17:00:00+00:00,103.78,103.92,103.775,103.91,813.0,,,,,,,,,,,,,,,,,,,,,,,,,,,,,,,,103.72264518294729,103.38490661028044,102.80052182744527,100.89248948996959,100.52362984374275,100.37780866699086,99.75447435753587,99.52672761279167,99.15111813385825,98.78756086428061,98.34999562411373,97.78943526766902,97.40815072865718,96.04948852332898,95.68648417573084,,,,,,,,,103.38490661028044,102.80052182744527,100.37780866699086,99.75447435753587,98.34999562411373,96.04948852332898,95.68648417573084,,,,,99.31226527413392,94.55707811549492,95.50530189368898,95.7143957670501,,,101.37290044896298,"rgba(38, 166, 154, 0.5)",2.1970747279872826,97.20647527457447,3.051113664925978,70.32959606505219,21.73956185400158,False,True,True,False,True,20.0,101.8709,95.682225,0.0,0.0,0.0,0.0,0,1.1009588715429115,0.812267216102703,False,False,False,False,0.34282824822648555,0.3401588011607995,False,False,False,False,-59319.0,-70028.91922199464,False,False,False,False,1828.1634863112902,False,False,False,False
2025-05-20 18:00:00+00:00,103.91,103.91,103.385,103.48,3902.0,,,,,,,,,,,,,,,,,,,,,,,,,,,,,,,,103.65773812547626,103.41885475839823,102.87130131071116,100.9880377517108,100.61836265176872,100.47177929227456,99.85081463608188,99.6239526646684,99.24755079400417,98.88339786161143,98.44533605095263,97.88485085896748,97.50255776843068,96.14240691977795,95.77854536500928,,,,,,,,,103.41885475839823,102.87130131071116,100.47177929227456,99.85081463608188,98.44533605095263,96.14240691977795,95.77854536500928,,,,,99.40892368768874,94.63051062373151,95.54438528060771,95.74947950802046,,,101.43760514888625,"rgba(38, 166, 154, 0.5)",2.190941469442424,97.27275935597238,2.833138507167565,65.26039017075172,19.62260462338915,False,True,True,False,False,20.0,101.9533,95.714,0.0,0.0,0.0,0.0,0,1.097506925207756,0.8081519588444802,False,False,False,False,0.33050016078104644,0.33532948097092297,False,False,False,False,-63221.0,-69923.37008676992,False,False,False,False,1860.315990399487,False,False,False,False
2025-05-20 19:00:00+00:00,103.465,103.655,103.33,103.52,5915.0,,,,,,,,,,,,,,,,,,,,,,,,,,,,,,,,103.59078891386854,103.4353585467206,102.94658116293158,101.11605224261832,100.74728591838893,100.60037438590952,99.98466940432652,99.75962769733107,99.383131469059,99.0189569790023,98.5810104290944,98.0214627502097,97.63825981873114,96.27732516117037,95.91252076642962,,,,,,,,,103.4353585467206,102.94658116293158,100.60037438590952,99.98466940432652,98.5810104290944,96.27732516117037,95.91252076642962,,,,,99.54441691386356,94.73848219503361,95.60226157714814,95.80146708547703,,,101.52259228401188,"rgba(38, 166, 154, 0.5)",2.1869061654713398,97.38390222989909,2.805834958528457,62.25837413189193,16.92556057482426,False,True,True,False,False,20.0,102.03900000000002,95.747775,0.0,0.0,0.0,0.0,0,1.0990734141126157,0.8084263878989474,False,False,False,False,0.32101231044212586,0.3281708957065244,False,False,False,False,-57306.0,-69727.75194588976,False,False,False,False,1923.1793083777895,False,False,False,False
2025-05-21 14:00:00+00:00,103.47,103.525,103.155,103.485,3675.0,,,,,,,,,,,,,,,,,,,,,,,,,,,,,,,,103.54818560085508,103.43017738469996,102.9770940701062,101.18574597239723,100.81867292826618,100.67200244452056,100.06047598557618,99.8368315183725,99.46089929730017,99.09721389385722,98.65983974816612,98.10135568778836,97.71795178473782,96.35741021712153,95.992235291842,,,,,,,,,103.43017738469996,102.9770940701062,100.67200244452056,100.06047598557618,98.65983974816612,96.35741021712153,95.992235291842,,,,,99.62188760316982,94.80340072662217,95.63728824908338,95.83294707633267,,,101.56614823809925,"rgba(38, 166, 154, 0.5)",2.178469784872758,97.44924972182704,2.770637591618236,59.80257345117816,14.723834578253332,False,True,True,False,False,20.0,102.12630000000001,95.78389999999999,0.0,0.0,0.0,0.0,0,1.096733370244404,0.8089852092066763,False,False,False,False,0.3112216767360954,0.3196962862213099,False,False,False,False,-60981.0,-69592.14338858915,False,False,False,False,1950.3393191006144,False,False,False,False
2025-05-21 15:00:00+00:00,103.5,103.705,103.445,103.62,3030.0,,,,,,,,,,,,,,,,,,,,,,,,,,,,,,,,103.5543677824404,103.44348678484727,103.01011807593137,101.24504551658265,100.87908778266217,100.73253145160001,100.12412021305084,99.90153358822492,99.52596001040044,99.1625928549588,98.72560531552394,98.1679044101464,97.78429271612076,96.4239506140977,96.05844912946773,,,,,,,,,103.44348678484727,103.01011807593137,100.73253145160001,100.12412021305084,98.72560531552394,96.4239506140977,96.05844912946773,,,,,99.68674737693864,94.85743720734817,95.66667646000641,95.85939374708613,,,101.61128639941745,"rgba(38, 166, 154, 0.5)",2.1669762176654954,97.50685165612359,2.8210500392395503,59.596211319946455,14.503866012913193,False,True,True,False,False,20.0,102.21549999999999,95.821625,0.0,0.0,0.0,0.0,0,1.1023822802963905,0.8112500995936586,False,False,False,False,0.3236069874853809,0.3216516368533454,False,False,False,False,-57951.0,-69411.6605453552,False,False,False,False,1967.0782443858761,False,False,False,False
2025-05-21 16:00:00+00:00,103.62,103.675,103.37,103.62,1215.0,,,,,,,,,,,,,,,,,,,,,,,,,,,,,,,,103.55440316612159,103.44709020390074,103.02164168842474,101.26766766883755,100.90227675705745,100.75581471875579,100.14874957163957,99.92661586881837,99.55125667260937,99.18807474749404,98.75130022201688,98.19396934086238,97.81031776845701,96.45016136253632,96.084555291229,,,,,,,,,103.44709020390074,103.02164168842474,100.75581471875579,100.14874957163957,98.75130022201688,96.45016136253632,96.084555291229,,,,,99.71193590224557,94.87883297091766,95.67834813556428,95.86990023132589,,,101.62803245544447,"rgba(38, 166, 154, 0.5)",2.154340479334871,97.52925293072519,2.8271979882935048,59.458636565791984,14.175034428626105,False,True,True,False,False,20.0,102.3009,95.88889999999999,0.0,0.0,0.0,0.0,0,1.0931812666828438,0.815416969991103,False,False,False,False,0.31935555129035026,0.3205035940718478,False,False,False,False,-57951.0,-69233.9758857373,False,False,False,False,1955.41811656594,False,False,False,False
2025-05-21 17:00:00+00:00,103.625,103.725,102.93,103.295,2505.0,,,,,,,,,,,,,,,,,,,,,,,,,,,,,,,,103.52980871947359,103.43894381415454,103.03396822616965,101.30822058850636,100.9446564385366,100.79864061703749,100.19495278157841,99.97393049960719,99.59937600755026,99.23687238623691,98.80083650255992,98.2445659271117,97.86104466469303,96.50180472280188,96.13611032536521,,,,,,,,,103.43894381415454,103.03396822616965,100.79864061703749,100.19495278157841,98.80083650255992,96.50180472280188,96.13611032536521,,,,,99.75968888653851,94.92141197954122,95.70157843904981,95.89080248089424,,,101.65289021063298,"rgba(38, 166, 154, 0.5)",2.1344209038037616,97.57112775336924,2.681697989571889,54.93273382827619,9.79066167906366,False,True,True,False,False,19.70736866428313,102.37559999999999,95.95497500000002,0.0,0.0,0.0,0.0,0,1.083319916277572,0.8214458219288365,False,False,False,False,0.30408984947612966,0.3122967217739887,False,False,False,False,-60456.0,-69097.88323634601,False,False,False,False,1963.9387659215067,False,False,False,False
2025-05-21 18:00:00+00:00,103.305,103.745,103.2,103.49,1920.0,,,,,,,,,,,,,,,,,,,,,,,,,,,,,,,,103.52602695084309,103.4407434067024,103.04775701010104,101.34064839532304,100.97829141055512,100.83255384689748,100.23125098603713,100.01102210020892,99.63700154087097,99.27495170493954,98.83941611608944,98.28388968893444,97.90043040517101,96.5417913936445,96.17600919374317,,,,,,,,,103.4407434067024,103.04775701010104,100.83255384689748,100.23125098603713,98.83941611608944,96.5417913936445,96.17600919374317,,,,,99.79706708897207,94.95438047450199,95.719664244142,95.9070911624273,,,101.67603676333353,"rgba(38, 166, 154, 0.5)",2.119263177242095,97.60477438981039,2.7770149896382152,54.29187420839726,9.110150099431259,False,True,True,False,False,20.0,102.45949999999999,96.024525,0.0,0.0,0.0,0.0,1,1.0794478773774174,0.8267394270122788,False,False,False,False,0.31479869010557304,0.3135477059397809,False,False,False,False,-58536.0,-68934.13310865073,False,False,False,False,1963.2575447444292,False,False,False,False
2025-05-21 19:00:00+00:00,103.495,103.65,103.285,103.425,6182.0,,,,,,,,,,,,,,,,,,,,,,,,,,,,,,,,103.51212077608616,103.44235792174031,103.0845977881286,101.43763006388404,101.07974625308603,100.93516548126472,100.34199959782863,100.12446717808471,99.75258223839992,99.39234235134967,98.95877618202715,98.40599397709282,98.02302312597689,96.66702962674196,96.30115013268356,,,,,,,,,103.44235792174031,103.0845977881286,100.93516548126472,100.34199959782863,98.95877618202715,96.66702962674196,96.30115013268356,,,,,99.91168870047044,95.05852113746205,95.77714373336117,95.9588938617813,,,101.74476063251291,"rgba(38, 166, 154, 0.5)",2.100555964586561,97.7094472439294,2.720971424912999,53.03283185313556,7.758903689812151,False,True,True,False,False,20.0,102.5346,96.09039999999999,0.0,0.0,0.0,0.0,1,1.083836675525489,0.829346863171459,False,False,False,False,0.3144282665057263,0.3139879862227536,False,False,False,False,-64718.0,-68868.76670386543,False,False,False,False,2028.6644045158334,False,False,False,False
2025-05-22 14:00:00+00:00,102.905,103.335,102.835,103.26,441.0,,,,,,,,,,,,,,,,,,,,,,,,,,,,,,,103.14333333333333,103.50715587508014,103.43964722770382,103.08497593603708,101.44319740906306,101.08576289993431,100.94131578393353,100.34885152173993,100.13154776340609,99.75989207073943,99.39984494577033,98.96648428700118,98.41396290744214,98.0310744448961,96.67539023285951,96.30953313441296,,,,,,,,103.14333333333333,103.43964722770382,103.08497593603708,100.94131578393353,100.34885152173993,98.96648428700118,96.67539023285951,96.30953313441296,,,,,99.91889963805882,95.06558195499541,95.7810471921282,95.96241036896446,,,102.12427999835316,#000000,2.0807892040549185,98.20033828934281,2.43160705601376,50.198099152913386,4.959590791356391,False,True,False,False,False,18.703134590028398,102.6084,96.161525,0.0,0.0,0.0,0.0,1,1.0734703709651514,0.8320218403725717,False,False,False,False,0.2863290033073534,0.3001584947650535,False,False,False,False,-65159.0,-68811.2509410148,False,False,False,False,2004.049452507836,False,False,False,False
2025-05-22 15:00:00+00:00,103.295,103.605,103.205,103.495,156.0,,,,,,,,,,,,,,,,,,,,,,,,,,,,,,,103.21954773869346,103.50681387293776,103.43963237302957,103.08577128305224,101.44549448748653,101.08818335424782,100.94377029044944,100.35151945463478,100.13428630389343,99.76269257697952,99.40269796378381,98.96939409624387,98.41694888558501,98.03407861570226,96.67847569277828,96.31261998783668,,,,,,,,103.21954773869346,103.43963237302957,103.08577128305224,100.94377029044944,100.35151945463478,98.96939409624387,96.67847569277828,96.31261998783668,,,,,99.92167278414243,95.06816678611212,95.78248168069092,95.96370397064769,,,102.13509160681645,#000000,2.058381028735744,98.20754468798572,2.5687446775885996,51.258876392666,4.959590791356391,False,True,False,False,False,19.87737221933526,102.6875,96.23307500000001,0.0,0.0,0.0,0.0,1,1.0774963936528286,0.8277768873216866,False,False,False,False,0.3098049777789769,0.3049817362720152,False,False,False,False,-65003.0,-68752.2082907665,False,False,False,False,1975.3975230115902,False,False,False,False
2025-05-22 16:00:00+00:00,103.505,103.66,103.42,103.49,257.0,,,,,,,,,,,,,,,,,,,,,,,,,,,,,,,103.31096799375487,103.50694186513918,103.44007083019103,103.08740314802188,101.44943475373543,101.09230972019839,100.94794641788503,100.356030282237,100.13890845923747,99.76740768837979,99.40749211163674,98.97427422560621,98.42194681306181,98.03910134308397,96.68361902729171,96.31776255055188,,,,,,,,103.31096799375487,103.44007083019103,103.08740314802188,100.94794641788503,100.356030282237,98.97427422560621,96.68361902729171,96.31776255055188,,,,,99.9263464629481,95.07246657063124,95.78487100173223,95.96585930488355,,,102.14888812639535,#000000,2.0318353173317187,98.21739262445234,2.594997404844716,51.898355960001275,4.959590791356391,False,True,False,False,False,19.83442709438368,102.72840000000001,96.30702500000001,0.0,0.0,0.0,0.0,1,1.0814316204235754,0.8377934657691682,False,False,False,False,0.31980765048765425,0.3123946933798347,False,False,False,False,-65260.0,-68698.06552656856,False,False,False,False,1948.755700949395,False,False,False,False
2025-05-22 17:00:00+00:00,103.49,103.785,103.4,103.7,1234.0,,,,,,,,,,,,,,,,,,,,,,,,,,,,,,,103.49852969348659,103.51129592489245,103.44468989627866,103.09691926248014,101.46909533071555,101.1127769057538,100.96862135711947,100.37822392298038,100.16161066618864,99.79051220438713,99.43094027944723,98.99809901710252,98.44630016059475,98.06355008477932,96.70858524032184,96.34271137199593,,,,,,,,103.49852969348659,103.44468989627866,103.09691926248014,100.96862135711947,100.37822392298038,98.99809901710252,96.70858524032184,96.34271137199593,,,,,99.94926967241221,95.09330722807933,95.79647833456251,95.9763347152103,,,102.18501903671338,"rgba(38, 166, 154, 0.5)",1.9999998873873088,98.24950336150863,2.7252484726944686,54.703125916074995,4.959590791356391,False,True,True,False,True,20.0,102.78,96.38527500000001,0.0,0.0,0.0,0.0,1,1.093612426281252,0.8283910623805969,False,False,False,False,0.3237142566678287,0.3180544750238317,False,False,False,False,-64026.0,-68625.63040212564,False,False,False,False,1937.6742172137454,False,False,False,False
2025-05-22 18:00:00+00:00,103.7,103.935,103.68,103.825,1280.0,,,,,,,,,,,,,,,,,,,,,,,,,,,,,,,103.61817003167063,103.52213013301947,103.45383897237038,103.10975804456892,101.49083284434104,101.13519673846537,100.99120109635929,100.40222141265292,100.1860892235879,99.81532887528716,99.4560487715356,99.02353271215722,98.47221504439354,98.08952084031736,96.73498046158834,96.36906349840626,,,,,,,,103.61817003167063,103.45383897237038,103.10975804456892,100.99120109635929,100.40222141265292,99.02353271215722,96.73498046158834,96.36906349840626,,,,,99.97393001437605,95.11528400898109,95.80876565864594,95.98743236934358,,,102.215418659181,"rgba(38, 166, 154, 0.5)",1.9726967365548316,98.27907584742564,2.81134147474685,57.79796277842369,3.142710645824785,False,True,True,False,True,20.0,102.8308,96.46594999999999,0.0,0.0,0.0,0.0,1,1.1024699599465952,0.8118324432576773,False,False,False,False,0.3398143031397267,0.3289343890817792,False,False,False,False,-62746.0,-68534.47334162756,False,False,False,False,1927.4777177220594,False,False,False,False
2025-05-22 19:00:00+00:00,103.825,103.985,103.35,103.63,2670.0,,,,,,,,,,,,,,,,,,,,,,,,,,,,,,,103.63445622170697,103.53137982131373,103.46374034473226,103.12940574037837,101.53189863477101,101.17809015137506,101.03458729587446,100.44894089853591,100.23392490139672,99.86411038415177,99.50563851574007,99.07400501756419,98.52389559470322,98.14146829572404,96.78819528328607,96.42228188889501,,,,,,,,103.63445622170697,103.46374034473226,103.12940574037837,101.03458729587446,100.44894089853591,99.07400501756419,96.78819528328607,96.42228188889501,,,,,100.02229007470827,95.15994350896644,95.83377081580234,96.01001421264581,,,102.24406238858597,"rgba(38, 166, 154, 0.5)",1.9322065876341832,98.32341838277051,2.746384186448161,56.87953277032841,3.142710645824785,False,True,True,False,True,19.778644603580144,102.8749,96.53829999999999,0.0,0.0,0.0,0.0,1,1.094298793175197,0.813066999583854,False,False,False,False,0.32931176734437034,0.32912307821307474,False,False,False,False,-65416.0,-68486.12491772635,False,False,False,False,1938.9896910907096,False,False,False,False
2025-05-23 14:00:00+00:00,103.74,104.04,103.665,103.79,3208.0,,,,,,,,,,,,,,,,,,,,,,,,,,,,,,,103.70288052491166,103.55455772901529,103.48428422652721,103.15854889202232,101.58316190350452,101.23127474868639,101.08827333337321,100.50632647287458,100.29256237647908,99.92376281822956,99.56616483562813,99.13549461351899,98.58673425742427,98.20457403815907,96.85267764038436,96.48674137441652,,,,,,,,103.70288052491166,103.48428422652721,103.15854889202232,101.08827333337321,100.50632647287458,99.13549461351899,96.85267764038436,96.48674137441652,,,,,100.0814854947855,95.21409103649364,95.86427837025104,96.03759389935821,,,102.28866347886441,"rgba(38, 166, 154, 0.5)",1.8964910295661386,98.38117251491713,2.8520184913926334,57.97998341959281,3.4242406360347104,False,True,True,False,True,20.0,102.91890000000001,96.616075,0.0,0.0,0.0,0.0,1,1.0998333333333328,0.810666666666667,False,False,False,False,0.34282824687689417,0.33597566254498445,False,False,False,False,-62208.0,-68388.78964768408,False,False,False,False,1958.6642695234118,False,False,False,False
2025-05-23 15:00:00+00:00,103.785,103.925,103.55,103.725,1318.0,,,,,,,,,,,,,,,,,,,,,,,,,,,,,,,103.70667991922252,103.56005274409203,103.48986940838171,103.1681845605288,101.6026745963438,101.25170958893354,101.1089681639825,100.52866221862786,100.31544910260229,99.9471505283686,99.58998187376685,99.15977988127108,98.61164627151987,98.2296510554143,96.87846070813586,96.51255030634178,,,,,,,,103.70667991922252,103.48986940838171,103.1681845605288,101.1089681639825,100.52866221862786,99.15977988127108,96.87846070813586,96.51255030634178,,,,,100.10465218849225,95.23589033591612,95.8765911243125,96.0487264203232,,,102.3021001500141,"rgba(38, 166, 154, 0.5)",1.8624419768456393,98.40240809456867,2.857856497868478,57.717794065389484,3.4242406360347104,False,True,True,False,True,20.0,102.9636,96.6938,0.0,0.0,0.0,0.0,1,1.108622714309679,0.8059889280322097,False,False,False,False,0.33412607734085564,0.33505086994292005,False,False,False,False,-63526.0,-68313.39756012308,False,False,False,False,1948.7314901509556,False,False,False,False
2025-05-23 16:00:00+00:00,103.72,104.29,103.58,104.1,1889.0,,,,,,,,,,,,,,,,,,,,,,,,,,,,,,,103.74965684306326,103.57819410008415,103.50544386745798,103.18746675361241,101.63332668361377,101.2833918166264,101.14091648761931,100.56266183939127,100.3501489898485,99.98241287467778,99.62573176081965,99.19607074720622,98.64870170377178,98.26685589405184,96.91644978602267,96.5505250679966,,,,,,,,103.74965684306326,103.50544386745798,103.18746675361241,101.14091648761931,100.56266183939127,99.19607074720622,96.91644978602267,96.5505250679966,,,,,100.13966016376503,95.2678778344759,95.89474543168045,96.06515690546125,,,102.33013229893356,"rgba(38, 166, 154, 0.5)",1.8267459055936446,98.43694461849665,3.100078321874216,61.02004354773427,6.652879971832469,False,True,True,False,True,20.0,103.0191,96.76514999999999,0.0,0.0,0.0,0.0,1,1.099604610078236,0.8122318499200807,False,False,False,False,0.34282824689029756,0.33893955841660883,False,False,False,False,-61637.0,-68209.88752043125,False,False,False,False,1947.8054205362118,False,False,False,False
2025-05-23 17:00:00+00:00,104.1,104.48,104.065,104.37,2005.0,,,,,,,,,,,,,,,,,,,,,,,,,,,,,,,103.82667047078897,103.60934913983553,103.53102609111947,103.21462126078089,101.6692466254048,101.32004872804865,101.17772502045243,100.60127639828801,100.38939585694654,100.02206328727851,99.66574017373209,99.23649044823078,98.68976491262372,98.30796797124829,96.95810614645578,96.59210096445256,,,,,,,,103.82667047078897,103.53102609111947,103.21462126078089,101.17772502045243,100.60127639828801,99.23649044823078,96.95810614645578,96.59210096445256,,,,,100.1791182742356,95.30279184723162,95.91467223650126,96.08321237979594,,,102.36874546683984,"rgba(38, 166, 154, 0.5)",1.798987891129882,98.4777236928874,3.2753284978543546,65.0005103227961,10.396047527504848,False,False,True,False,True,20.0,103.0759,96.83647500000001,0.0,0.0,0.0,0.0,0,1.1073141991414857,0.8073394495412844,False,False,False,False,0.3428282471397789,0.34088390277819386,False,False,False,False,-59632.0,-68076.89701623852,False,False,False,False,1948.692158202317,False,False,False,False
2025-05-23 18:00:00+00:00,104.37,104.59,104.225,104.315,1284.0,,,,,,,,,,,,,,,,,,,,,,,,,,,,,,,103.87153104222251,103.62985011167062,103.54800528546188,103.23242656038062,101.6923585062461,101.3436127005093,101.20138062602585,100.6260597617234,100.41457552358705,100.04749405693218,99.69139439654259,99.26240221559159,98.71608167997164,98.33431445309641,96.98479483098868,96.61873798559517,,,,,,,,103.87153104222251,103.54800528546188,103.23242656038062,101.20138062602585,100.6260597617234,99.26240221559159,96.98479483098868,96.61873798559517,,,,,100.20442905401706,95.32518627011908,95.9274923963442,96.09483401015609,,,102.39315307428004,"rgba(38, 166, 154, 0.5)",1.7751530754954399,99.06002474365131,2.960294145270846,66.7688498049237,12.019860072822084,False,False,True,False,True,20.0,103.1317,96.912675,0.0,0.0,0.0,0.0,0,1.1056711890115438,0.8098929805342548,False,False,False,False,0.34282824723500016,0.341856075006597,False,False,False,False,-60916.0,-67965.87535707203,False,False,False,False,1938.3868534239864,False,False,False,False
2025-05-23 19:00:00+00:00,104.31,104.4,103.89,103.905,2159.0,,,,,,,,,,,,,,,,,,,,,,,,,,,,,,,103.89486490512635,103.6485586886247,103.56488965026928,103.25333823882984,101.72593303489496,101.37843776054937,101.2365499391333,100.66360399242173,100.45293017136778,100.08656115957959,99.73107891839189,99.30276835014476,98.75738112012321,98.37584450531133,97.0273666083676,96.66133563237885,,,,,,,104.06500000000003,103.89486490512635,103.56488965026928,103.25333823882984,101.2365499391333,100.66360399242173,99.30276835014476,97.0273666083676,96.66133563237885,,,,,100.24317870614017,95.36130548898453,95.94816974198542,96.11356947574711,,,102.42077202623119,"rgba(38, 166, 154, 0.5)",1.7410988246267256,99.08283412034206,2.769610668533861,62.46674143203714,12.019860072822084,False,True,True,False,False,19.061409529366916,103.1786,96.988125,0.0,0.0,0.0,0.0,0,1.095792826014079,0.8136104592691922,False,False,False,False,0.32409403599065123,0.3329750554986241,False,False,False,False,-63075.0,-67890.04783215618,False,False,False,False,1941.80721228563,False,False,False,False
2025-05-26 14:00:00+00:00,103.905,103.905,103.905,103.905,0.0,,,,,,,,,,,,,,,,,,,,,,,,,,,,,,,103.89486490512635,103.6485586886247,103.56488965026928,103.25333823882984,101.72593303489496,101.37843776054937,101.2365499391333,100.66360399242173,100.45293017136778,100.08656115957959,99.73107891839189,99.30276835014476,98.75738112012321,98.37584450531133,97.0273666083676,96.66133563237885,,,,,,,104.06500000000003,103.89486490512635,103.56488965026928,103.25333823882984,101.2365499391333,100.66360399242173,99.30276835014476,97.0273666083676,96.66133563237885,,,,,100.24317870614017,95.36130548898453,95.94816974198542,96.11356947574711,,,102.42077202623119,"rgba(38, 166, 154, 0.5)",1.6903618622131305,99.08283412034206,2.852741763437833,59.5986691834461,14.976904131223918,False,True,True,False,False,19.061409529366916,103.2227,97.0687,0.0,0.0,0.0,0.0,0,1.0990224169897176,0.8209169054441263,False,False,False,False,0.3071562089703261,0.3200656322344751,False,False,False,False,-63075.0,-67815.39592778166,False,False,False,False,1911.7016741106588,False,False,False,False
2025-05-26 15:00:00+00:00,103.905,103.905,103.905,103.905,0.0,,,,,,,,,,,,,,,,,,,,,,,,,,,,,,,103.89486490512635,103.6485586886247,103.56488965026928,103.25333823882984,101.72593303489496,101.37843776054937,101.2365499391333,100.66360399242173,100.45293017136778,100.08656115957959,99.73107891839189,99.30276835014476,98.75738112012321,98.37584450531133,97.0273666083676,96.66133563237885,,,,,,,104.06500000000003,103.89486490512635,103.56488965026928,103.25333823882984,101.2365499391333,100.66360399242173,99.30276835014476,97.0273666083676,96.66133563237885,,,,,100.24317870614017,95.36130548898453,95.94816974198542,96.11356947574711,,,102.42077202623119,"rgba(38, 166, 154, 0.5)",1.6434305692773947,99.08283412034206,2.9342072429492525,57.686621017718736,13.23068929015048,False,True,True,False,False,19.061409529366916,103.26360000000001,97.150475,0.0,0.0,0.0,0.0,0,1.0976542580316158,0.8244943056263813,False,False,False,False,0.3071562089703261,0.3136109206024006,False,False,False,False,-63075.0,-67741.90141727342,False,False,False,False,1882.0628884655323,False,False,False,False
2025-05-26 16:00:00+00:00,103.905,103.905,103.905,103.905,0.0,,,,,,,,,,,,,,,,,,,,,,,,,,,,,,,103.89486490512635,103.6485586886247,103.56488965026928,103.25333823882984,101.72593303489496,101.37843776054937,101.2365499391333,100.66360399242173,100.45293017136778,100.08656115957959,99.73107891839189,99.30276835014476,98.75738112012321,98.37584450531133,97.0273666083676,96.66133563237885,,,,,,,104.06500000000003,103.89486490512635,103.56488965026928,103.25333823882984,101.2365499391333,100.66360399242173,99.30276835014476,97.0273666083676,96.66133563237885,,,,,100.24317870614017,95.36130548898453,95.94816974198542,96.11356947574711,,,102.42077202623119,"rgba(38, 166, 154, 0.5)",1.5777798234134333,99.08283412034206,3.0562983555116547,56.411922240567165,11.967830987595313,False,True,True,False,False,19.061409529366916,103.29889999999999,97.24082499999999,0.0,0.0,0.0,0.0,0,1.1039217368917869,0.8209044881146488,False,False,False,False,0.3071562089703261,0.3103835647863633,False,False,False,False,-63075.0,-67669.5463565405,False,False,False,False,1852.8836188769194,False,False,False,False
2025-05-26 17:00:00+00:00,103.905,103.905,103.905,103.905,0.0,,,,,,,,,,,,,,,,,,,,,,,,,,,,,,,103.89486490512635,103.6485586886247,103.56488965026928,103.25333823882984,101.72593303489496,101.37843776054937,101.2365499391333,100.66360399242173,100.45293017136778,100.08656115957959,99.73107891839189,99.30276835014476,98.75738112012321,98.37584450531133,97.0273666083676,96.66133563237885,,,,,,,104.06500000000003,103.89486490512635,103.56488965026928,103.25333823882984,101.2365499391333,100.66360399242173,99.30276835014476,97.0273666083676,96.66133563237885,,,,,100.24317870614017,95.36130548898453,95.94816974198542,96.11356947574711,,,102.42077202623119,"rgba(38, 166, 154, 0.5)",1.5288023134181992,99.08283412034206,3.1542115271111943,55.56212305579945,10.98835327516494,False,True,True,False,False,19.061409529366916,103.3317,97.33130000000001,0.0,0.0,0.0,0.0,0,1.1049494687742933,0.8185194782758921,False,False,False,False,0.3071562089703261,0.3087698868783447,False,False,False,False,-63075.0,-67598.3130796949,False,False,False,False,1824.156741064874,False,False,False,False
2025-05-26 18:00:00+00:00,103.905,103.905,103.905,103.905,0.0,,,,,,,,,,,,,,,,,,,,,,,,,,,,,,,103.89486490512635,103.6485586886247,103.56488965026928,103.25333823882984,101.72593303489496,101.37843776054937,101.2365499391333,100.66360399242173,100.45293017136778,100.08656115957959,99.73107891839189,99.30276835014476,98.75738112012321,98.37584450531133,97.0273666083676,96.66133563237885,,,,,,,104.06500000000003,103.89486490512635,103.56488965026928,103.25333823882984,101.2365499391333,100.66360399242173,99.30276835014476,97.0273666083676,96.66133563237885,,,,,100.24317870614017,95.36130548898453,95.94816974198542,96.11356947574711,,,102.42077202623119,"rgba(38, 166, 154, 0.5)",1.4915935097061455,99.08283412034206,3.2328954559529732,54.995590265954306,10.178430297825592,False,True,True,False,False,19.061409529366916,103.3678,97.421525,0.0,0.0,0.0,0.0,0,1.1058343462406661,0.8157666261503735,False,False,False,False,0.3071562089703261,0.3079630479243354,False,False,False,False,-63075.0,-67528.18419473838,False,False,False,False,1795.875241203403,False,False,False,False
2025-05-26 19:00:00+00:00,103.905,103.905,103.905,103.905,0.0,,,,,,,,,,,,,,,,,,,,,,,,,,,,,,,103.89486490512635,103.6485586886247,103.56488965026928,103.25333823882984,101.72593303489496,101.37843776054937,101.2365499391333,100.66360399242173,100.45293017136778,100.08656115957959,99.73107891839189,99.30276835014476,98.75738112012321,98.37584450531133,97.0273666083676,96.66133563237885,,,,,,,104.06500000000003,103.89486490512635,103.56488965026928,103.25333823882984,101.2365499391333,100.66360399242173,99.30276835014476,97.0273666083676,96.66133563237885,,,,,100.24317870614017,95.36130548898453,95.94816974198542,96.11356947574711,,,102.42077202623119,"rgba(38, 166, 154, 0.5)",1.4546563384739146,99.08283412034206,3.314986331903587,54.617901739390874,9.475427302647361,False,True,True,False,False,19.061409529366916,103.4031,97.48555,0.0,0.0,0.0,0.0,0,1.11040042057303,0.8145097695610272,False,False,False,False,0.3071562089703261,0.30755962844733076,False,False,False,False,-63075.0,-67459.14257931607,False,False,False,False,1768.0322142080013,False,False,False,False
2025-05-27 14:00:00+00:00,104.355,104.59,104.23,104.35,6694.0,,,,,,,,,,,,,,,,,,,,,,,,,,,,,104.38999999999999,104.38999999999999,104.02962539811615,103.73576868560853,103.64075691601882,103.33546073839028,101.83790460613059,101.493366370595,101.35222436543772,100.78561059971697,100.57714071832771,100.21251253004078,99.85856145456926,99.43197437930716,98.88906949033358,98.50800855952274,97.16211397940008,96.79602993948579,,,,,,,104.31074155653451,104.02962539811615,103.64075691601882,103.33546073839028,101.35222436543772,100.78561059971697,99.43197437930716,97.16211397940008,96.79602993948579,,,,,100.36833570793057,95.47553141753762,96.01415773742093,96.17345466759761,,,103.35661033935742,"rgba(38, 166, 154, 0.5)",1.4166039742352354,99.20867287147318,3.6293327013305863,60.00510465068901,5.011361078746447,False,True,True,False,True,20.0,103.4466,97.5528,0.0,0.0,0.0,0.0,0,1.1088358313001039,0.8075113279888465,False,False,False,False,0.3428282472367402,0.3251939378420355,False,False,False,False,-56381.0,-67287.38843079955,False,False,False,False,1844.403807786172,False,False,False,False
2025-05-27 15:00:00+00:00,104.35,104.74,104.345,104.68,2659.0,,,,,,,,,,,,,,,,,,,,,,,,,,,,,104.4463849388788,104.4463849388788,104.08413498935937,103.77382424038946,103.67414642442235,103.37041355842106,101.88306989861559,101.5395822171804,101.39869994292823,100.83443195516737,100.62678654825133,100.26279997349195,99.9094175714565,99.48347560181604,98.94151083534906,98.56062525154236,97.2157111339111,96.84960308308081,,,,,,,104.37485869817002,104.08413498935937,103.67414642442235,103.37041355842106,101.39869994292823,100.83443195516737,99.48347560181604,97.2157111339111,96.84960308308081,,,,,100.41832868495428,95.52109808331562,96.04069810478043,96.19757095346023,,,103.40224265076822,"rgba(38, 166, 154, 1.0)",1.3760316261028482,99.2591374115278,3.9394898239548417,65.87813815586549,10.409661450723881,True,False,True,False,True,20.0,103.4925,97.617525,0.0,0.0,0.0,0.0,0,1.109436263832011,0.8066567918445592,False,False,False,False,0.34282824732776135,0.3340110925848984,False,False,False,False,-53722.0,-67077.07233109722,False,False,False,False,1857.0332061150684,False,False,False,False
2025-05-27 16:00:00+00:00,104.67,104.905,104.67,104.815,1714.0,,,,,,,,,,,,,,,,,,,,,,,,,,,,,104.50063477003704,104.50063477003704,104.12629458943202,103.80243124904814,103.69907677356659,103.3956091041828,101.91358771442012,101.5706346796009,101.42986811052066,100.86695330220681,100.6597911269555,100.29613923091227,99.94305790152166,99.51746435093955,98.97603456362025,98.59521778835006,97.25081658944258,96.88466696699017,,,,,,,104.42952215333433,104.12629458943202,103.69907677356659,103.3956091041828,101.42986811052066,100.86695330220681,99.51746435093955,97.25081658944258,96.88466696699017,,,,,100.45151008482011,95.55089907894596,96.0581340520988,96.2134274144528,,,103.43861295629057,"rgba(38, 166, 154, 1.0)",1.3342299057661025,99.29378088343418,4.138131736295915,70.51932035317671,14.50163529126226,True,False,True,False,True,20.0,103.54469999999999,97.693425,0.0,0.0,0.0,0.0,0,1.1117968612237692,0.8167871627578914,False,False,False,False,0.34282824749012397,0.33841967003751117,False,False,False,False,-52008.0,-66843.44330270811,False,False,False,False,1854.815637028013,False,False,False,False
2025-05-27 17:00:00+00:00,104.815,104.92,104.74,104.78,9860.0,,,,,,,,,,,,,,,,,,,,,,,,,,,,,104.64796634332043,104.64796634332043,104.30076152089558,103.94253434349113,103.82530840083491,103.52639229077984,102.07838112419472,101.73923223353597,101.5994532951066,101.04488643482635,100.84067423844249,100.47946721547646,100.12856066839471,99.70543418551743,99.16753539332758,98.7875075193276,97.44704657956025,97.08092798266095,,,,,,,104.5934473995784,104.30076152089558,103.82530840083491,103.52639229077984,101.5994532951066,101.04488643482635,99.70543418551743,97.44704657956025,97.08092798266095,,,,,100.6337262789959,95.71898369906302,96.15729182915125,96.3036947643668,,,103.58856782504662,"rgba(38, 166, 154, 1.0)",1.2930243129473726,99.47387825991726,4.103651947570694,72.87926913525054,16.51480324927067,True,False,True,False,True,20.0,103.5899,97.773575,0.0,0.0,0.0,0.0,0,1.1097409510290974,0.81556068133428,False,False,False,False,0.3428282475175349,0.34062395877752305,False,False,False,False,-61868.0,-66766.30464685218,False,False,False,False,1978.927022500447,False,False,False,False
2025-05-27 18:00:00+00:00,104.775,105.07,104.765,104.825,2498.0,,,,,,,,,,,,,,,,,,,,,,,,,,,,,104.67342091782282,104.67342091782282,104.33617726532128,103.97456012420449,103.85492064378496,103.55745713075466,102.11824031091436,101.78015204270517,101.64067154739257,101.0882747920651,100.88482667056925,100.52432064361226,100.17403599153683,99.75160969672321,99.21467757139385,98.83492009576479,97.49563353664858,97.12957412323158,,,,,,,104.62207707942463,104.33617726532128,103.85492064378496,103.55745713075466,101.64067154739257,101.0882747920651,99.75160969672321,97.49563353664858,97.12957412323158,,,,,100.67826640757218,95.76093890589628,96.18226737968723,96.32645814996674,,,103.62104366916631,"rgba(38, 166, 154, 1.0)",1.2549665370073153,99.51700675050955,4.229589469491576,74.73921496875991,18.221393407466422,True,False,True,False,True,20.0,103.63269999999999,97.854625,0.0,0.0,0.0,0.0,0,1.1100958126330722,0.8089957416607528,False,False,False,False,0.34282824757329144,0.34172610317540725,False,False,False,False,-59370.0,-66651.6332569785,False,False,False,False,1986.9746655624556,False,False,False,False
2025-05-27 19:00:00+00:00,104.82,104.96,104.605,104.81,15166.0,,,,,,,,,,,,,,,,,,,,,,,,,,,,,104.71989069126653,104.71989069126653,104.45845922136469,104.11409978080052,103.99061143532093,103.7077435386876,102.3303377571322,102.0004681507923,101.86357889622253,101.32591337386663,101.12758457441363,100.7726517761901,100.4272823918544,100.01031647261898,99.4804746476439,99.10338250982889,97.77389113536972,97.40891299714258,,,,,,,104.68519353783232,104.45845922136469,103.99061143532093,103.7077435386876,101.86357889622253,101.32591337386663,100.01031647261898,97.77389113536972,97.40891299714258,,,,,100.92417312142035,96.00507136274591,96.32926296271688,96.46060428619734,,,103.75518765832891,"rgba(38, 166, 154, 1.0)",1.2007439585744957,99.74775614269218,4.215922821146346,75.6080285012461,19.165890816955013,True,False,True,False,True,20.0,103.677,97.932075,0.0,0.0,0.0,0.0,0,1.1080769571770537,0.8104441883145674,False,False,False,False,0.3336192185445752,0.33767266085999126,False,False,False,False,-74536.0,-66773.87150105636,False,False,False,False,2191.3006397397817,False,False,False,False
2025-05-28 14:00:00+00:00,107.47,107.47,106.23,107.04,3241.0,,,,,,,,,,,,,,,,,,,,,,,,,,,,,104.8898311101549,104.8898311101549,104.59165606392894,104.21265941690476,104.07836890865295,103.78904345671285,102.40674301969092,102.07609341109938,101.93878247543952,101.40149594446069,101.20340502973256,100.84807937440391,100.50241907754118,100.08521638137582,99.55541459276957,99.17788449840573,97.84777722208364,97.48238927252416,,,,,,,104.84934986701825,104.59165606392894,104.07836890865295,103.78904345671285,101.93878247543952,101.40149594446069,100.08521638137582,97.84777722208364,97.48238927252416,,,,,100.99972236925754,96.06772763631122,96.36774077771538,96.49588277193567,,,103.86677831216244,"rgba(38, 166, 154, 1.0)",1.2272641440530792,99.83105647256897,5.873995066476288,81.50024160834454,24.775005801996798,True,False,True,False,True,20.0,103.7641,98.02345000000001,0.0,0.0,0.0,0.0,0,1.1022108843537408,0.7983843537414975,False,False,False,False,0.3428282486097296,0.34025045473486043,False,False,False,False,-71295.0,-66843.96651654385,False,False,False,False,2207.5750484259866,False,False,False,False
2025-05-28 15:00:00+00:00,107.025,107.48,106.745,106.885,3982.0,,,,,,,,,,,,,,,,,,,,,,,,,,,,,105.07642689279842,105.07642689279842,104.74446203144211,104.32975907085557,104.18362025934726,103.88718293719455,102.4996747586355,102.16816998247315,102.03038465067448,101.49362168065296,101.29583731267263,100.94008665718333,100.59411537259713,100.17666742103125,99.646953828379,99.26892539827544,97.93814962137115,97.57228436790898,,,,,,,105.03090814972312,104.74446203144211,104.18362025934726,103.88718293719455,102.03038465067448,101.49362168065296,100.17666742103125,97.93814962137115,97.57228436790898,,,,,101.09185731204394,96.14459495274801,96.41518300758689,96.53941172403675,,,103.99571535319313,"rgba(38, 166, 154, 1.0)",1.235121768807757,99.93090013292783,5.630294957706764,83.80687522127307,26.938802687770135,True,False,True,False,True,20.0,103.8468,98.11247499999999,0.0,0.0,0.0,0.0,0,1.1097992916174726,0.7999662674987358,False,False,False,False,0.34282824872677936,0.3415393517308199,False,False,False,False,-75277.0,-66974.71122171372,False,False,False,False,2235.085512791475,False,False,False,False
2025-05-28 16:00:00+00:00,106.875,107.26,106.855,107.195,559.0,,,,,,,,,,,,,,,,,,,,,,,,,,,,,105.10086009100124,105.10086009100124,104.76497746626424,104.34581071194394,104.1981304398076,103.90076877929839,102.5126102189047,102.18099621703465,102.043148824983,101.5064665418703,101.3087271282249,100.95292311857607,100.60691333556093,100.18943612142559,99.65973957838058,99.28164555080834,97.95078607820454,97.58485670889024,,,,,,,105.05477870271163,104.76497746626424,104.1981304398076,103.90076877929839,102.043148824983,101.5064665418703,100.18943612142559,97.95078607820454,97.58485670889024,,,,,101.10470927304878,96.15536508851847,96.42185086768714,96.54553225824831,,,104.013126751907,"rgba(38, 166, 154, 1.0)",1.2466317249519347,99.94469027507827,5.8159194730915935,85.74996478281493,28.870890689118582,True,False,True,False,True,20.0,103.9365,98.19817499999999,0.0,0.0,0.0,0.0,0,1.1255411255411247,0.7974025974025981,False,False,False,False,0.33970272762193343,0.3406210396763767,False,False,False,False,-74718.0,-67094.76221052435,False,False,False,False,2209.099690887731,False,False,False,False
2025-05-28 17:00:00+00:00,107.195,107.64,107.015,107.17,4233.0,,,,,,,,,,,,,,,,,,,,,,,,,,,,,105.28271864996248,105.28271864996248,104.92007001717589,104.4687911653756,104.30972278389908,104.0053579884401,102.61182960261442,102.27931337011367,102.1409687279152,101.60478273152847,101.40734571179405,101.05108344429001,100.70473418633989,100.28698288749764,99.75735456600955,99.3787288775905,98.04712950622528,97.68069202205251,,,,,,,105.23289292144415,104.92007001717589,104.30972278389908,104.0053579884401,102.1409687279152,101.60478273152847,100.28698288749764,98.04712950622528,97.68069202205251,,,,,101.20300979034316,96.237507509892,96.47288130983819,96.59240038243395,,,104.14506527844297,"rgba(38, 166, 154, 1.0)",1.3065595010288205,100.73966936714126,4.921575043306733,86.76338605058132,30.05109179533241,True,False,True,False,True,20.0,104.03030000000001,98.2826,0.0,0.0,0.0,0.0,0,1.1208088489457304,0.7996889042516425,False,False,False,False,0.3428282488191899,0.34172464424778326,False,False,False,False,-78951.0,-67278.57985067126,False,False,False,False,2240.4779902538125,False,False,False,False
2025-05-28 18:00:00+00:00,107.09,107.28,106.955,107.165,1601.0,,,,,,,,,,,,,,,,,,,,,,,,,,,,,105.3394703136872,105.3394703136872,104.97061253114245,104.51044089601393,104.34793096113481,104.04160369847646,102.64717955291636,102.31449013448244,102.1760246080792,101.64019252695378,101.44292051332799,101.08659262298073,100.74020626184019,100.32244667978102,99.79294178361877,99.41418799000364,98.08250003039329,97.71591857343485,,,,,,,105.2888581405045,104.97061253114245,104.34793096113481,104.04160369847646,102.1760246080792,101.64019252695378,100.32244667978102,98.08250003039329,97.71591857343485,,,,,101.23852894633472,96.26786518291124,96.49180564379756,96.60978657926186,,,104.18889980019262,"rgba(38, 166, 154, 1.0)",1.3523608885840703,100.77271069913346,4.7267629187053135,87.37628847173076,30.977934841183227,True,False,True,False,True,20.0,104.1209,98.365675,0.0,0.0,0.0,0.0,0,1.1141993957703917,0.8075960293482958,False,False,False,False,0.3311210857806788,0.336422865014231,False,False,False,False,-80552.0,-67484.36931035077,False,False,False,False,2230.5636028080166,False,False,False,False
2025-05-28 19:00:00+00:00,107.17,107.17,106.19,106.255,7492.0,,,,,,,,,,,,,,,,,,,,,,,,,,,,,105.48992311429004,105.48992311429004,105.12197031786944,104.6486643588437,104.47837278529809,104.17002525339211,102.78451590184243,102.453033182583,102.31480757389815,101.78272844915205,101.58687707482507,101.23157399256479,100.88615244539564,100.46955385046289,99.9418750227168,99.56343731795009,98.23378010524549,97.86713621000746,,,,,,,105.44018970868765,105.12197031786944,104.47837278529809,104.17002525339211,102.31480757389815,101.78272844915205,100.46955385046289,98.23378010524549,97.86713621000746,,,,,101.38302155166664,96.40004928293094,96.57457595045044,96.68583294058463,,,104.32955350355111,"rgba(38, 166, 154, 0.75)",1.3671523801791559,100.88582857080307,3.9272662704162737,78.84872488793857,35.642978731834546,True,False,True,False,False,20.0,104.18969999999999,98.441925,0.0,0.0,0.0,0.0,0,1.0995285040720093,0.8174882126018008,False,False,False,False,0.30700568423389785,0.32171427462406443,False,False,False,False,-88044.0,-67803.12327453138,False,False,False,False,2312.1362601288224,False,False,False,False
2025-05-29 14:00:00+00:00,107.06,107.185,106.06,106.58,5698.0,,,,,,,,,,,,,,,,,,,,,,,,,,,,106.60833333333333,105.58736950216881,105.58736950216881,105.22364498547385,104.74524603421729,104.57066216747144,104.26181924394085,102.88447558291926,102.55416854255743,102.41623967450415,101.88721552570414,101.69250374395646,101.33816634773736,100.99363940453861,100.57809389345036,100.05197116020958,99.67392495951637,98.34619974948858,97.97961891373083,,,,,,,105.53871659561452,105.22364498547385,104.57066216747144,104.26181924394085,102.41623967450415,101.88721552570414,100.57809389345036,98.34619974948858,97.97961891373083,,,,,101.48916899291137,96.49900388672361,96.63705495420172,96.74329960688324,,,104.93361504396171,"rgba(38, 166, 154, 0.75)",1.3906175373315313,100.98145216056102,4.025943646721214,74.54410437347735,31.750426251606612,True,False,True,False,False,20.0,104.2617,98.520375,0.0,0.0,0.0,0.0,0,1.0900878081729135,0.8198243836541715,False,False,False,False,0.3038623634974064,0.31278831906073545,False,False,False,False,-82346.0,-68028.5942315154,False,False,False,False,2364.630271599693,False,False,False,False
2025-05-29 15:00:00+00:00,106.605,106.74,106.07,106.08,2298.0,,,,,,,,,,,,,,,,,,,,,,,,,,,,106.51876229781557,105.61144757121404,105.61144757121404,105.25245245104914,104.77548184239092,104.60030543659956,104.29225196817939,102.92007426592875,102.59054727893889,102.4528623606542,101.92538770202887,101.73123427008179,101.37749643331333,101.03351139859814,100.61858291944476,100.09328853781874,99.71555110640675,98.38901080146749,98.022559065644,,,,,,,105.56365101974596,105.25245245104914,104.60030543659956,104.29225196817939,102.4528623606542,101.92538770202887,100.61858291944476,98.38901080146749,98.022559065644,,,,,101.52823512840372,96.53715777483673,96.66125234140311,96.76556168548565,,,104.94777792554893,"rgba(38, 166, 154, 0.75)",1.4007325046376302,101.01414486414714,3.6165756981297403,68.20252091288002,26.018471803853146,True,False,True,False,False,20.0,104.32699999999998,98.59512500000001,0.0,0.0,0.0,0.0,0,1.0894233992624864,0.8287797519275903,False,False,False,False,0.2920243661602664,0.3024063426105009,False,False,False,False,-84644.0,-68286.19742172446,False,False,False,False,2363.5972441330314,False,False,False,False
2025-05-29 16:00:00+00:00,106.2,107.02,106.15,106.995,2513.0,,,,,,,,,,,,,,,,,,,,,,,,,,,,106.56728248802615,105.65118635578092,105.65118635578092,105.29435663023455,104.81609436025188,104.63941295714858,104.33134574747385,102.96295693808537,102.63399871087633,102.49646975092341,101.97036747199272,101.77672328177823,101.42345288487533,101.07989898317919,100.66547416969094,100.14090314779665,99.76337812325134,98.43779052404514,98.07139802939012,,,,,,,105.6038640079963,105.29435663023455,104.63941295714858,104.33134574747385,102.49646975092341,101.97036747199272,100.66547416969094,98.43779052404514,98.07139802939012,,,,,101.57397932395395,96.58034480547532,96.68873628619501,96.7908684061289,,,104.98922772909779,"rgba(38, 166, 154, 0.75)",1.4308682710186302,101.05708974069458,4.149865071141907,67.61338661993294,25.565775472781922,True,False,True,False,False,20.0,104.39189999999999,98.667775,0.0,0.0,0.0,0.0,0,1.104617726657645,0.8201962110960763,False,False,False,False,0.3005211556776641,0.30146374914408247,False,False,False,False,-82131.0,-68500.84552371321,False,False,False,False,2365.9135659294184,False,False,False,False
2025-05-29 17:00:00+00:00,106.99,107.1,106.785,106.835,1871.0,,,,,,,,,,,,,,,,,,,,,,,,,,,,106.6185739095315,105.68377564894075,105.68377564894075,105.32788221456622,104.84807791478597,104.67011071953222,104.36183497113545,102.99580202180269,102.66719802209089,102.5297588886244,102.00459486035398,101.81130326568504,101.45833565679028,101.11506396340894,100.70097300586517,100.1768958562575,99.79950028874114,98.47454195050258,98.10817544788597,,,,,,,105.63669818691238,105.32788221456622,104.67011071953222,104.36183497113545,102.5297588886244,102.00459486035398,100.70097300586517,98.47454195050258,98.10817544788597,,,,,101.60872255902575,96.61284389832268,96.70947706185456,96.80997603300854,,,105.02372913115444,"rgba(38, 166, 154, 0.5)",1.4483297400919612,101.09073453145965,3.966130991811035,66.2007831704296,24.063657109715507,False,False,True,False,False,20.0,104.4553,98.744775,0.0,0.0,0.0,0.0,0,1.105779808750105,0.8229669120758233,False,False,False,False,0.3206148484464594,0.3110392987952709,False,False,False,False,-84002.0,-68741.17350008975,False,False,False,False,2358.240487387877,False,False,False,False
2025-05-29 18:00:00+00:00,106.835,106.96,106.775,106.82,3393.0,,,,,,,,,,,,,,,,,,,,,,,,,,,,106.6687155265327,105.73628060737758,105.73628060737758,105.38325368861094,104.90216519875777,104.72239225173045,104.41416724483265,103.05317230446752,102.7253418227635,102.5881202789076,102.06478632775806,101.87217383979461,101.51984785738696,101.17716805886145,100.76376785691002,100.24067437631889,99.86358342037376,98.53995269326951,98.17368285214833,,,,,,,105.68980053071584,105.38325368861094,104.72239225173045,104.41416724483265,102.5881202789076,102.06478632775806,100.76376785691002,98.53995269326951,98.17368285214833,,,,,101.6699446719666,96.67094897093325,96.74667407995898,96.84425584200763,,,105.0770534287109,"rgba(38, 166, 154, 0.5)",1.4660201533706414,101.1490205572984,3.868282048962971,65.15693506106027,22.7523893090313,False,False,True,False,False,20.0,104.5147,98.82,0.0,0.0,0.0,0.0,0,1.1037200237268021,0.8257774764850441,False,False,False,False,0.3162304221797908,0.31363486048753086,False,False,False,False,-87395.0,-69030.38011249145,False,False,False,False,2374.28327052915,False,False,False,False
2025-05-29 19:00:00+00:00,106.82,107.135,106.815,107.025,14178.0,,,,,,,,,,,,,,,,,,,,,,,,,,,,106.82159193349139,105.9348178471835,105.9348178471835,105.59528406678383,105.11397321503046,104.92895482094016,104.62226588955706,103.2837045148665,102.95946094786166,102.82332424164794,102.30783213526881,102.11811015787181,101.76876081127764,101.42881633251119,101.01858548400907,100.49987369360782,100.12434273039405,98.80699881291443,98.44136419564092,,,,,,,105.89084681240402,105.59528406678383,104.92895482094016,104.62226588955706,102.82332424164794,102.30783213526881,101.01858548400907,98.80699881291443,98.44136419564092,,,,,101.91753079046734,96.91001981540118,96.90131127938913,96.98696984922121,,,105.27942626687954,"rgba(38, 166, 154, 0.5)",1.4855941117491114,101.38546289293444,3.796149340162419,65.31262027566515,22.44867627273632,False,False,True,False,False,20.0,104.5839,98.893675,0.0,0.0,0.0,0.0,0,1.1086919398907094,0.8265027322404375,False,False,False,False,0.3216224490003247,0.31762865474392776,False,False,False,False,-73217.0,-69095.2889479567,False,False,False,False,2557.2866306759847,False,False,False,False
2025-05-30 14:00:00+00:00,107.01,107.54,107.005,107.42,457.0,,,,,,,,,,,,,,,,,,,,,,,,,,,,106.82910752652812,105.94185159495562,105.94185159495562,105.60258868170261,105.12116311773704,104.93595459249538,104.62927254139097,103.29130858733825,102.96716329045941,102.8310554742805,102.31579184687267,102.12615514342454,101.77689100695224,101.43702557138315,101.02688723427558,100.50830566006096,100.13281944462348,98.81566181332444,98.45004486178551,,,,,,,105.89793376397229,105.60258868170261,104.93595459249538,104.62927254139097,102.8310554742805,102.31579184687267,101.02688723427558,98.81566181332444,98.45004486178551,,,,,101.92562269622059,96.91778788714873,96.90637855869745,96.99165273421985,,,105.28663727963794,"rgba(38, 166, 154, 0.5)",1.5134738484984904,101.39339446928875,3.9819687249239326,66.91061545826071,22.44867627273632,False,False,True,False,False,20.0,104.661,98.968575,0.0,0.0,0.0,0.0,0,1.1037081442151226,0.8266678085124606,False,False,False,False,0.33943099038375923,0.3285298225638435,False,False,False,False,-72760.0,-69152.10617356977,False,False,False,False,2524.724047254652,False,False,False,False
2025-05-30 15:00:00+00:00,107.42,107.665,107.285,107.61,1519.0,,,,,,,,,,,,,,,,,,,,,,,,,,,,106.8619783151147,105.9680145555483,105.9680145555483,105.62918073473514,105.14685231793837,104.96083930329964,104.65399895260835,103.31761257940957,102.9937276254129,102.85768963303664,102.34310915600034,102.15373163138233,101.80470484522507,101.46506238975468,101.05518904144968,100.5369945858586,100.16162524644206,98.84499854668579,98.47941887033285,,,,,,,105.9242057542962,105.62918073473514,104.96083930329964,104.65399895260835,102.85768963303664,102.34310915600034,101.05518904144968,98.84499854668579,98.47941887033285,,,,,101.95332792673545,96.94401534422728,96.92350614154547,97.00748576014732,,,105.31331141427529,"rgba(38, 166, 154, 1.0)",1.5455586966153696,102.08203018096806,3.5766806082083327,68.63273513792132,22.44867627273632,True,False,True,False,True,20.0,104.7441,99.04567500000002,0.0,0.0,0.0,0.0,0,1.1083773715671825,0.8297669583297239,False,False,False,False,0.34282824801385897,0.33567903528885124,False,False,False,False,-71241.0,-69184.49212436714,False,False,False,False,2509.131426366983,False,False,False,False
2025-05-30 16:00:00+00:00,107.63,107.64,106.985,107.145,472.0,,,,,,,,,,,,,,,,,,,,,,,,,,,,106.86772827350639,105.97461886613536,105.97461886613536,105.63616419240178,105.15384969961002,104.96768879393532,104.66089823800753,103.32521152300374,103.00144240551302,102.86544020849196,102.35111036744684,102.16182548563647,101.81289699404583,101.47334513493315,101.0635769332535,100.54552699777433,100.1702117135366,98.85379864986872,98.4882428365435,,,,,,,105.93087816643151,105.63616419240178,104.96768879393532,104.66089823800753,102.86544020849196,102.35111036744684,101.0635769332535,98.85379864986872,98.4882428365435,,,,,101.96147639183671,96.95193635404023,96.92868497765535,97.01227287900548,,,105.32009730659195,"rgba(38, 166, 154, 0.5)",1.5633545792747185,102.08552236966635,3.2362956538502425,66.0904121300525,22.208347156738355,False,False,True,False,True,20.0,104.81700000000001,99.11625,0.0,0.0,0.0,0.0,0,1.0901127493495222,0.8422376409366874,False,False,False,False,0.3324609699126998,0.3340700026007755,False,False,False,False,-71713.0,-69223.69379685757,False,False,False,False,2477.5479934000527,False,False,False,False
2025-05-30 17:00:00+00:00,107.14,107.39,107.13,107.2,771.0,,,,,,,,,,,,,,,,,,,,,,,,,,,,106.87638131846046,105.98512408159164,105.98512408159164,105.64732748036474,105.16509064478704,104.97870895370608,104.67201785338158,103.33750898722433,103.01393529650879,102.87799417237703,102.36408002927006,102.17494843915318,101.82618503063485,101.48678510791159,101.07719290344964,100.55938346939854,100.18415999423392,98.86810542546124,98.50259113874526,,,,,,,105.94149959310239,105.64732748036474,104.97870895370608,104.67201785338158,102.87799417237703,102.36408002927006,101.07719290344964,98.86810542546124,98.50259113874526,,,,,101.97469125479896,96.96482809863181,96.9371196851334,97.02007019875354,,,105.33091042513844,"rgba(38, 166, 154, 0.5)",1.5844630289434838,102.0936763289298,3.2227471249203488,64.6558772598834,20.523147710150866,False,False,True,False,False,20.0,104.88680000000001,99.1876,0.0,0.0,0.0,0.0,0,1.0978042166039708,0.8468200507392183,False,False,False,False,0.3291263189995723,0.3315981608001739,False,False,False,False,-70942.0,-69250.33420310784,False,False,False,False,2451.0898849752457,False,False,False,False
2025-05-30 18:00:00+00:00,107.2,107.5,107.185,107.375,1878.0,,,,,,,,,,,,,,,,,,,,,,,,,,,,106.90193815148749,106.01224364183915,106.01224364183915,105.67576898835311,105.1934391986976,105.00643295721818,104.69988377004879,103.36800287617743,103.0448673491206,102.9090603950356,102.39611304650063,102.20734018694495,101.85895323631236,101.51990125412425,101.110714107625,100.59346473596158,100.21844801972851,98.90321942127667,98.537795404003,,,,,,,105.96886037328271,105.67576898835311,105.00643295721818,104.69988377004879,102.9090603950356,102.39611304650063,101.110714107625,98.90321942127667,98.537795404003,,,,,102.00729171575036,96.99643986542725,96.95783266537123,97.03922330339829,,,105.35874415320761,"rgba(38, 166, 154, 0.5)",1.6090300502791577,102.12236361378083,3.264473764991439,64.55168149761633,20.03425537719204,False,False,True,False,False,20.0,104.95870000000001,99.26164999999999,0.0,0.0,0.0,0.0,0,1.0984037888089802,0.8399403613401163,False,False,False,False,0.3340676453811786,0.33283290309067626,False,False,False,False,-69064.0,-69247.44530073406,False,False,False,False,2442.2047704795054,False,False,False,False
2025-05-30 19:00:00+00:00,107.375,107.62,107.16,107.34,2613.0,,,,,,,,,,,,,,,,,,,,,,,,,,,,106.93464454829488,106.04877329841139,106.04877329841139,105.71425325999256,105.23203642844074,105.04426733876556,104.73799090469385,103.40987798014389,103.08737537928042,102.9517657743739,102.44018178039518,102.25191343287854,101.90406858432247,101.56551690217579,101.15691084486781,100.64045823341753,100.26574565664342,98.95170988998633,98.58642442650337,,,,,,,106.00573662650685,105.71425325999256,105.04426733876556,104.73799090469385,102.9517657743739,102.44018178039518,101.15691084486781,98.95170988998633,98.58642442650337,,,,,102.05216644050294,97.04018925654863,96.98657067865635,97.06580605953202,,,105.39632713214428,"rgba(38, 166, 154, 0.5)",1.6264975164966573,102.16311354471262,3.1828431354988957,64.16416028436413,19.219977524839308,False,False,True,False,False,20.0,105.0273,99.33670000000001,0.0,0.0,0.0,0.0,0,1.0914676966292127,0.8451544943820228,False,False,False,False,0.3371696247924146,0.3350012639415454,False,False,False,False,-71677.0,-69285.11281545136,False,False,False,False,2444.8527585340867,False,False,False,False
2025-06-02 14:00:00+00:00,107.175,107.305,106.87,107.1,1344.0,,,,,,,,,,,,,,,,,,,,,,,,,,,107.09166666666665,106.94005507840876,106.06297382409358,106.06297382409358,105.73012945414006,105.2488194411802,105.06096336027309,104.75512133880639,103.42957076415306,103.10750030538954,102.97203560074509,102.4612691227431,102.27329701259309,101.92580710905744,101.58757908406263,101.17934312129066,100.66337597710631,100.28887608772762,98.9756084724856,98.61043383105063,,,,,,,106.02020664994431,105.73012945414006,105.06096336027309,104.75512133880639,102.97203560074509,102.4612691227431,101.17934312129066,98.9756084724856,98.61043383105063,,,,,102.07375039568475,97.06193897582864,97.00089127121696,97.07905356842055,,,105.86908787345779,"rgba(38, 166, 154, 0.5)",1.6359919298679912,102.17926939990575,3.0077963773887935,61.73674949064945,16.55995087185275,False,True,True,False,False,20.0,105.0997,99.40890000000002,0.0,0.0,0.0,0.0,0,1.0791089282581998,0.8552885458691463,False,False,False,False,0.31719654561280364,0.3260989047771745,False,False,False,False,-73021.0,-69343.03354699475,False,False,False,False,2427.785273905651,False,False,False,False
2025-06-02 15:00:00+00:00,107.1,107.56,107.08,107.505,883.0,,,,,,,,,,,,,,,,,,,,,,,,,,,107.2066509504565,106.94983102687526,106.0746661712874,106.0746661712874,105.74254184824551,105.26139122898364,105.0733305470895,104.76762094550288,103.44341005080123,103.12156692794035,102.98617493581617,102.4758808062464,102.28808271954179,101.94078650643118,101.60273683150191,101.19470729440195,100.67901964429656,100.30463169855314,98.99179176795924,98.6266710657806,,,,,,,106.03202204509269,105.74254184824551,105.0733305470895,104.76762094550288,102.98617493581617,102.4758808062464,101.19470729440195,98.99179176795924,98.6266710657806,,,,,102.08864430568134,97.07658893660215,97.010547501286,97.08798959664522,,,105.89383736121601,"rgba(38, 166, 154, 0.5)",1.6527448286009077,102.19306032878013,3.2140107651805865,62.4626374823232,16.55995087185275,False,True,True,False,False,20.0,105.17939999999999,99.48307499999999,0.0,0.0,0.0,0.0,0,1.090957165520888,0.8484047241318532,False,False,False,False,0.3314475771658961,0.3287732409715353,False,False,False,False,-72138.0,-69386.36636021963,False,False,False,False,2403.835114620292,False,False,False,False
2025-06-02 16:00:00+00:00,107.505,107.58,107.37,107.575,559.0,,,,,,,,,,,,,,,,,,,,,,,,,,,107.2671823402728,106.9575498388838,106.08266868705023,106.08266868705023,105.75090358077716,105.26974461802436,105.08151781811765,104.77585321468999,103.45240146461006,103.13068766892309,102.99533593655623,102.48532391866732,102.29763060454363,101.95044683587393,101.61250123735046,101.20459292093238,100.68907200849638,100.31474783368176,99.00215893171087,98.63706758887574,,,,,,,106.04008868905072,105.75090358077716,105.08151781811765,104.77585321468999,102.99533593655623,102.48532391866732,101.20459292093238,99.00215893171087,98.63706758887574,,,,,102.09825465882513,97.08595562637404,97.01672582912715,97.09370822517782,,,105.90851109810828,"rgba(38, 166, 154, 0.5)",1.6718296526219232,102.20247426857651,3.2135604982228814,63.31630450504727,16.55995087185275,False,True,True,False,False,20.0,105.26119999999999,99.5573,0.0,0.0,0.0,0.0,0,1.0930568079350762,0.8623985572587922,False,False,False,False,0.3428282470456665,0.33580074400860094,False,False,False,False,-71579.0,-69420.36068021622,False,False,False,False,2375.2330198199775,False,False,False,False
2025-06-02 17:00:00+00:00,107.575,107.615,107.39,107.42,930.0,,,,,,,,,,,,,,,,,,,,,,,,,,,107.3191926803014,106.96918018061565,106.09547952365875,106.09547952365875,105.76438021634435,105.28330035097459,105.0948321210961,104.78927433871203,103.46715031592335,103.14566305892235,103.01038302572806,102.50085226803733,102.31333700308804,101.9663485701493,101.62858334464053,101.22088447014674,100.70564913755365,100.33143739421318,99.01928344532728,98.6542455154772,,,,,,,106.05301519187614,105.76438021634435,105.0948321210961,104.78927433871203,103.01038302572806,102.50085226803733,101.22088447014674,99.01928344532728,98.6542455154772,,,,,102.11406991614324,97.10145191384441,97.02695591733061,97.10317792124305,,,105.9263898669202,"rgba(38, 166, 154, 0.5)",1.6808877239539444,102.2175931654338,3.095035296187783,62.34379038129756,16.3823272153182,False,True,True,False,False,20.0,105.3372,99.631275,0.0,0.0,0.0,0.0,0,1.0944062273714694,0.8590695148443165,False,False,False,False,0.34282824706577736,0.3393144955371892,False,False,False,False,-72509.0,-69468.24656114311,False,False,False,False,2352.826306334396,False,False,False,False
2025-06-02 18:00:00+00:00,107.415,107.725,107.34,107.715,634.0,,,,,,,,,,,,,,,,,,,,,,,,,,,107.3591478927203,106.97859945411122,106.10481625864385,106.10481625864385,105.77407461130944,105.29294024981294,105.10427121445055,104.79874730907773,103.4774381067738,103.15609047273908,103.02085347118117,102.5116334967342,102.32423408334799,101.97736847958039,101.6397172449056,101.23215153425049,100.71710049457957,100.34295821363875,99.03108076991525,98.66607441946545,,,,,,,106.06241705096484,105.77407461130944,105.10427121445055,104.79874730907773,103.02085347118117,102.5116334967342,101.23215153425049,99.03108076991525,98.66607441946545,,,,,102.1250350843413,97.1121097823196,97.03399737013038,97.10969725010446,,,105.93967665609622,"rgba(38, 166, 154, 0.5)",1.699622234126527,102.22851137051504,3.228063577495262,63.44005369118279,16.3823272153182,False,True,True,False,False,20.0,105.4191,99.70705,0.0,0.0,0.0,0.0,0,1.0895765472312697,0.8597538906985168,False,False,False,False,0.3428282470875918,0.3410713713123905,False,False,False,False,-71875.0,-69505.56056794709,False,False,False,False,2326.1778364687466,False,False,False,False
2025-06-02 19:00:00+00:00,107.715,107.97,107.64,107.905,4413.0,,,,,,,,,,,,,,,,,,,,,,,,,,,107.60046312145764,107.06032454477567,106.1769025250574,106.1769025250574,105.84752469952053,105.36478891092062,105.17432489892448,104.86858083308604,103.5518293034912,103.23127226319598,103.09626410137261,102.58898853498573,102.40232514032098,102.05618838870502,101.7192210967889,101.31246482016134,100.79856840105043,100.42482389163483,99.11463011967129,98.74978693665562,,,,,,,106.13479397930097,105.84752469952053,105.17432489892448,104.86858083308604,103.09626410137261,102.58898853498573,101.31246482016134,99.11463011967129,98.74978693665562,,,,,102.20352554783156,97.1874190702566,97.08388226610201,97.15590720394404,,,106.03372650734998,"rgba(38, 166, 154, 0.5)",1.722672015757021,102.31012411902515,3.2477893817275536,65.1720555672198,16.3823272153182,False,True,True,False,True,20.0,105.5113,99.786975,0.0,0.0,0.0,0.0,0,1.0923618634886236,0.8552726616106905,False,False,False,False,0.3428282472799642,0.34194980929617735,False,False,False,False,-67462.0,-69473.8774583665,False,False,False,False,2358.531668461479,False,False,False,False
2025-06-03 14:00:00+00:00,107.655,107.985,107.54,107.74,1150.0,,,,,,,,,,,,,,,,,,,,,,,,,,,107.61839083358554,107.07711684253302,106.19382022192598,106.19382022192598,105.86504907834961,105.38224235401188,105.19144197845591,104.88575914320165,103.57043134047859,103.2501220166167,103.11519087942663,102.60846495929923,102.42200679760965,102.07609034121279,101.73932782951688,101.33281104624021,100.81924547101684,100.44562816054658,99.13593732912183,98.77115377764392,,,,,,,106.15182041511319,105.86504907834961,105.19144197845591,104.88575914320165,103.11519087942663,102.60846495929923,101.33281104624021,99.13593732912183,98.77115377764392,,,,,102.22332942479318,97.20671862617897,97.09670623894253,97.16779048697023,,,106.0509550842487,"rgba(38, 166, 154, 0.5)",1.7372422409100186,102.32949589103073,3.11442122552528,64.5269847392385,16.3823272153182,False,True,True,False,True,20.0,105.59630000000001,99.86509999999998,0.0,0.0,0.0,0.0,0,1.0943753380205512,0.853884982873626,False,False,False,False,0.33979871216598917,0.3408742607310833,False,False,False,False,-68612.0,-69460.51501715151,False,False,False,False,2339.794743369053,False,False,False,False
2025-06-03 15:00:00+00:00,107.74,107.79,107.515,107.53,1276.0,,,,,,,,,,,,,,,,,,,,,,,,,,,107.6176240057199,107.09107969976115,106.21048709185098,106.21048709185098,105.88267410043495,105.40016020432584,105.20912352973733,104.90364157416786,103.5901793357613,103.27019440627369,103.13536898511069,102.62930707318694,102.44309377252286,102.09745753320507,101.76095351202004,101.35473612867092,100.84157347797674,100.46812411995731,99.15906529631444,98.79436696422694,,,,,,,106.16864633389939,105.88267410043495,105.20912352973733,104.90364157416786,103.13536898511069,102.62930707318694,101.35473612867092,99.15906529631444,98.79436696422694,,,,,102.24457330569007,97.22776054403441,97.1107083799041,97.18076653271642,,,106.06565966223113,"rgba(38, 166, 154, 0.5)",1.746111427462621,102.34924113099488,2.9670264952870666,61.96309098674573,15.53437195166211,False,True,True,False,False,20.0,105.6784,99.93860000000001,0.0,0.0,0.0,0.0,1,1.0931951329427665,0.856602073005859,False,False,False,False,0.3319852267851243,0.3364297437581038,False,False,False,False,-69888.0,-69467.1426913042,False,False,False,False,2323.3018016113933,False,False,False,False
2025-06-03 16:00:00+00:00,107.53,107.735,107.43,107.63,915.0,,,,,,,,,,,,,,,,,,,,,,,,,,,107.61616573033709,107.1004062761646,106.2220879771736,106.2220879771736,105.89499952891296,105.41275612001427,105.22157498538111,104.91625859251604,103.60417535504025,103.28443078412622,103.14968449029766,102.6441063357008,102.45807098843832,102.11264154149838,101.77632803789612,101.37033093296719,100.85746303321271,100.48413892039092,99.1755464123404,98.81091281602576,,,,,,,106.18036581469171,105.89499952891296,105.22157498538111,104.91625859251604,103.14968449029766,102.6441063357008,101.37033093296719,99.1755464123404,98.81091281602576,,,,,102.2596665403426,97.2427777531599,97.120713443683,97.19003975364984,,,106.07579214845916,"rgba(38, 166, 154, 0.5)",1.75566309436045,102.36315730143927,2.9999165076026837,60.993977464154426,14.527978359545202,False,True,True,False,False,20.0,105.7658,100.01469999999999,0.0,0.0,0.0,0.0,0,1.0951391398626669,0.8570654138055661,False,False,False,False,0.3265937418316818,0.3315117427948928,False,False,False,False,-68973.0,-69459.48156430722,False,False,False,False,2301.467665152302,False,False,False,False
2025-06-03 17:00:00+00:00,107.66,108.015,107.625,107.915,928.0,,,,,,,,,,,,,,,,,,,,,,,,,,,107.63293559443422,107.11415905549087,106.23578687767227,106.23578687767227,105.90915296755603,105.42684816334493,105.23540345609065,104.93013207707327,103.6191647525897,103.29961639424924,103.16493135583151,102.65978900968145,102.47391662656656,102.12866312691466,101.79251340667291,101.38670805866491,100.87410496834318,100.50088371172235,99.19269683963135,98.82811229444064,,,,,,,106.19414594272817,105.90915296755603,105.23540345609065,104.93013207707327,103.16493135583151,102.65978900968145,101.38670805866491,99.19269683963135,98.82811229444064,,,,,102.27560981392159,97.25833547194937,97.1310860501773,97.19965638066864,,,106.09002563366681,"rgba(38, 166, 154, 0.5)",1.767994040693099,102.3788528237881,3.1313155184853456,62.280224172174755,14.527978359545202,False,True,True,False,False,20.0,105.8542,100.08992500000001,0.0,0.0,0.0,0.0,0,1.093052669617851,0.8566266148703593,False,False,False,False,0.3428282470857788,0.33716999494033584,False,False,False,False,-68045.0,-69437.55161757377,False,False,False,False,2280.173592824359,False,False,False,False
2025-06-03 18:00:00+00:00,107.915,107.925,107.495,107.545,794.0,,,,,,,,,,,,,,,,,,,,,,,,,,,107.63420270987031,107.12249956299647,106.2459217437447,106.2459217437447,105.91989148145565,105.43780925179003,105.24623946664862,104.94110651774001,103.63131396962365,103.3119714302727,103.17735422329082,102.67262692699434,102.48690737465924,102.14183177325143,101.8058460936963,101.40023055883859,100.88788156222546,100.51476861221929,99.20698500881085,98.84245676154534,,,,,,,106.20437946093783,105.91989148145565,105.24623946664862,104.94110651774001,103.17735422329082,102.67262692699434,101.40023055883859,99.20698500881085,98.84245676154534,,,,,102.28870036021792,97.27136407923797,97.13978246781843,97.20771898029972,,,106.09919905974881,"rgba(38, 166, 154, 0.5)",1.765685184615176,102.39102083314029,2.918968348246634,59.433520269351675,13.052280143993158,False,True,True,False,False,20.0,105.93530000000001,100.1603,0.0,0.0,0.0,0.0,0,1.0852441327218771,0.8600845247729527,False,False,False,False,0.3347868919534246,0.3359784434468802,False,False,False,False,-68839.0,-69428.27174753386,False,False,False,False,2257.132141772818,False,False,False,False
2025-06-03 19:00:00+00:00,107.545,107.84,107.415,107.785,5337.0,,,,,,,,,,,,,,,,,,,,,,,,,,107.67999999999998,107.64695750491398,107.17486088624523,106.31160556285023,106.31160556285023,105.98977259765121,105.50957710607332,105.31736090806052,105.01329835062715,103.71161214440995,103.39370054843282,103.25956162316936,102.75766022550945,102.57297859466826,102.22913808857092,101.89429025432695,101.48998912224506,100.97938682694385,100.60703950220503,99.30206771855089,98.93794873456079,,,,,,,106.27073650595709,105.98977259765121,105.31736090806052,105.01329835062715,103.25956162316936,102.75766022550945,101.48998912224506,99.30206771855089,98.93794873456079,,,,,102.37546617473966,97.35830647891791,97.19800402128897,97.2617209337827,,,106.49271751608059,"rgba(38, 166, 154, 0.5)",1.7684342160722024,102.47140616335348,3.004688434748976,59.24953689403914,12.819611008033057,False,True,True,False,False,20.0,106.01700000000001,100.231575,0.0,0.0,0.0,0.0,1,1.0830412510110539,0.8664509751055994,False,False,False,False,0.32878320596551797,0.3323808247061991,False,False,False,False,-63502.0,-69336.39156540154,False,False,False,False,2304.882031047658,False,False,False,False
2025-06-04 14:00:00+00:00,108.22,108.565,107.82,107.875,1073.0,,,,,,,,,,,,,,,,,,,,,,,,,,107.7480738429537,107.67027278118206,107.19175930243937,106.32780203691735,106.32780203691735,106.00637789028539,105.52605507320648,105.33353619590936,105.0294990846,103.72898812343922,103.41128831220237,103.27721554358816,102.77579230536689,102.59129042858324,102.24764449770673,101.91297860800627,101.50889138281725,100.99858553614284,100.62635447100864,99.32184239142596,98.95778023793989,,,,,,,106.28700716741123,106.00637789028539,105.33353619590936,105.0294990846,103.27721554358816,102.77579230536689,101.50889138281725,99.32184239142596,98.95778023793989,,,,,102.3938858580758,97.37629290804963,97.2100829728663,97.27293198693225,,,106.51645989497638,"rgba(38, 166, 154, 0.5)",1.7737132755273846,102.4898286358723,3.0361002752976,59.74075689387568,12.819611008033057,False,True,True,False,False,20.0,106.098,100.30392499999999,0.0,0.0,0.0,0.0,1,1.0891855807743653,0.8510903426791284,False,False,False,False,0.34282824734636413,0.3376045360262816,False,False,False,False,-62429.0,-69229.30022330229,False,False,False,False,2285.7830848298645,False,False,False,False
2025-06-04 15:00:00+00:00,107.87,107.935,107.655,107.86,775.0,,,,,,,,,,,,,,,,,,,,,,,,,,107.75547251217813,107.67567258420192,107.20001372034359,106.33754994888949,106.33754994888949,106.0166732833353,105.53658502779953,105.34396787710256,105.04007053983203,103.74068043832096,103.42318084655531,103.28917507181343,102.78815016443711,102.60379499570283,102.26032389916782,101.92581944806952,101.52191911398926,101.01186211719576,100.63974058486616,99.33563156410207,98.97162855790475,,,,,,,106.29684277773168,106.0166732833353,105.34396787710256,105.04007053983203,103.28917507181343,102.78815016443711,101.52191911398926,99.33563156410207,98.97162855790475,,,,,102.40648869410151,97.38892002074532,97.21857447203391,97.28081318761858,,,106.5254356128425,"rgba(38, 166, 154, 0.5)",1.7791134471010923,102.50170108008211,3.0117803497291074,59.899671724563056,12.819611008033057,False,True,True,False,False,20.0,106.18260000000001,100.37602500000001,0.0,0.0,0.0,0.0,1,1.0863616170590846,0.8612172367836523,False,False,False,False,0.31497982287002785,0.3262921794481547,False,False,False,False,-63204.0,-69135.88471596426,False,False,False,False,2262.3600912666107,False,False,False,False
2025-06-04 16:00:00+00:00,107.92,108.185,107.815,108.13,372.0,,,,,,,,,,,,,,,,,,,,,,,,,,107.76964271536322,107.68206877737767,107.20532695955558,106.34289385479563,106.34289385479563,106.02219066820838,105.54210414693814,105.34940016553874,105.0455283234246,103.74657980576082,103.42915981636673,103.29517956996914,102.79432685310107,102.61003601900318,102.26663696886816,101.93219962992555,101.52837781629268,101.0184281914248,100.64635060236822,99.34241094979673,98.9784303343505,,,,,,,106.3022165059304,106.02219066820838,105.34940016553874,105.0455283234246,103.29517956996914,102.79432685310107,101.52837781629268,99.34241094979673,98.9784303343505,,,,,102.41276984652374,97.39510170384152,97.22273263452524,97.2846732768153,,,106.53206514282162,"rgba(38, 166, 154, 0.5)",1.7843539396600174,102.50788332183566,3.1507855886683243,61.919208537975265,12.819611008033057,False,True,True,False,True,20.0,106.26939999999999,100.449475,0.0,0.0,0.0,0.0,1,1.0943194950662276,0.8555427149079924,False,False,False,False,0.329117507961995,0.32770484370507486,False,False,False,False,-62832.0,-69038.15006920513,False,False,False,False,2233.05218287488,False,False,False,False
2025-06-04 17:00:00+00:00,108.13,108.17,108.0,108.06,471.0,,,,,,,,,,,,,,,,,,,,,,,,,,107.78765570503236,107.69057319788902,107.2122227169621,106.34974378009291,106.34974378009291,106.02924794272447,105.54914995878362,105.35633157423297,105.05248671033736,103.7540837644323,103.43676232715586,103.30281353387026,102.80217607023125,102.61796579693544,102.27465639228257,101.94030265486228,101.53657878269776,101.02676348124632,100.65474046185223,99.35101222361143,98.98705925626119,,,,,,,106.30910243629141,106.02924794272447,105.35633157423297,105.05248671033736,103.30281353387026,102.80217607023125,101.53657878269776,99.35101222361143,98.98705925626119,,,,,102.42074950445492,97.40294269802429,97.2280090282751,97.2895718074443,,,106.54058358197629,"rgba(38, 166, 154, 0.5)",1.8005466061947133,102.51576866152794,3.079193462361562,62.37757433417486,12.819611008033057,False,True,True,False,True,20.0,106.35610000000001,100.522575,0.0,0.0,0.0,0.0,1,1.0956389361511591,0.8606608757947529,False,False,False,False,0.33515660434603345,0.3314307240255542,False,False,False,False,-63303.0,-68949.23301386862,False,False,False,False,2205.733544380696,False,False,False,False
2025-06-04 18:00:00+00:00,108.06,108.065,107.83,107.89,416.0,,,,,,,,,,,,,,,,,,,,,,,,,,107.79458629401545,107.6950145187846,107.2171934669314,106.35523314943295,106.35523314943295,106.03499224417283,105.55497720497468,105.36209212259564,105.05830588361191,103.76046317318266,103.44324241184141,103.30932693913381,102.80889491726218,102.62476068394473,102.28154036405357,101.94726914206554,101.54364113848905,101.03395452518946,100.66198708890957,99.35846612060212,98.9945428036636,,,,,,,106.3146333139008,106.03499224417283,105.36209212259564,105.05830588361191,103.30932693913381,102.80889491726218,101.54364113848905,99.35846612060212,98.9945428036636,,,,,102.42759433032194,97.40976240020184,97.23260135685815,97.29383518290166,,,106.54616526879255,"rgba(38, 166, 154, 0.5)",1.810473936258699,102.52232722524835,2.9647887590383215,60.5863916812864,12.819611008033057,False,True,True,False,False,20.0,106.43189999999998,100.594825,0.0,0.0,0.0,0.0,1,1.0936487945304063,0.8596617488305152,False,False,False,False,0.32539904766293165,0.32841488584424294,False,False,False,False,-63719.0,-68868.14412993267,False,False,False,False,2177.9857374910725,False,False,False,False
2025-06-04 19:00:00+00:00,107.89,108.245,107.89,108.18,2698.0,,,,,,,,,,,,,,,,,,,,,,,,,,107.86975198946925,107.73931685891273,107.25543935982797,106.39382505776815,106.39382505776815,106.07481910541566,105.59485063799782,105.40136468969129,105.09777075751613,103.80310253425486,103.48645755595412,103.3527277143809,102.85353570602902,102.66986484631437,102.3271673379778,101.99338332824453,101.59032543770122,101.08141710950558,100.70977159806402,99.40748636257882,99.04372929302632,,,,,,,106.35343583399603,106.07481910541566,105.40136468969129,105.09777075751613,103.3527277143809,102.85353570602902,101.59032543770122,99.40748636257882,99.04372929302632,,,,,102.47298988518965,97.45451776208851,97.26278021720245,97.32186087394868,,,106.59039909460637,"rgba(38, 166, 154, 0.5)",1.8263827736907197,102.56696896211267,3.073304850847138,61.687900909480206,12.819611008033057,False,True,True,False,False,20.0,106.5081,100.668525,0.0,0.0,0.0,0.0,1,1.0940478331235384,0.8546124797698258,False,False,False,False,0.3337872577872575,0.3311010718157502,False,False,False,False,-61021.0,-68746.4829806314,False,False,False,False,2186.047974119118,False,False,False,False
2025-06-05 14:00:00+00:00,108.365,108.625,108.275,108.4,783.0,,,,,,,,,,,,,,,,,,,,,,,,,,107.90675695317958,107.7604195306331,107.26998378330073,106.40679656299326,106.40679656299326,106.0879152719863,105.60767333225638,105.4139111646646,105.11026302321245,103.81625340215633,103.49973059196437,103.3660366727444,102.86715179715088,102.68359845706722,102.34102029936196,102.00734936883686,101.60442637770406,101.09571075272818,100.72413533272056,99.4221432393364,99.05841831264127,,,,,,,106.3664362310742,106.0879152719863,105.4139111646646,105.11026302321245,103.3660366727444,102.86715179715088,101.60442637770406,99.4221432393364,99.05841831264127,,,,,102.48678889384965,97.46783465292697,97.27177151233724,97.33021399290735,,,106.6075316452509,"rgba(38, 166, 154, 0.5)",1.8406653272240965,102.58115183115939,3.1612743950667066,63.869750349920615,10.762858885765752,False,True,True,False,True,20.0,106.58980000000001,100.743325,0.0,0.0,0.0,0.0,1,1.0967163107841376,0.8502601830253009,False,False,False,False,0.3428282472245433,0.33696465952014676,False,False,False,False,-60238.0,-68614.5685158154,False,False,False,False,2164.295292349829,False,False,False,False
2025-06-05 15:00:00+00:00,108.395,108.59,108.315,108.54,960.0,,,,,,,,,,,,,,,,,,,,,,,,,,107.94959073858489,107.78634133253465,107.28805399345471,106.42285088108152,106.42285088108152,106.1041015716714,105.62350364530738,105.42939681387887,105.12567302610594,103.83244320899738,103.51606564543948,103.38241405854856,102.88389961749876,102.70048834033774,102.35805330343776,102.02451821251351,101.62175758649653,101.1132747990438,100.7417832573835,99.44014456502164,99.07645776916317,,,,,,,106.3825229079194,106.1041015716714,105.42939681387887,105.12567302610594,103.38241405854856,102.88389961749876,101.62175758649653,99.44014456502164,99.07645776916317,,,,,102.50375707980386,97.48418962794301,97.28282324113536,97.34048274966794,,,106.62833623219936,"rgba(38, 166, 154, 0.5)",1.8554133533285322,102.59862042128111,3.202186492869804,66.1637084985048,12.8993707654393,False,True,True,False,True,20.0,106.6825,100.818825,0.0,0.0,0.0,0.0,0,1.0940331987438308,0.8534768954688206,False,False,False,False,0.3428282472210511,0.3398964533705989,False,False,False,False,-59278.0,-68469.8155155702,False,False,False,False,2145.624047507196,False,False,False,False
2025-06-05 16:00:00+00:00,108.535,108.74,108.305,108.445,522.0,,,,,,,,,,,,,,,,,,,,,,,,,,107.97089107680065,107.79995679261678,107.29777593716932,106.4315394257034,106.4315394257034,106.11286628442835,105.63208319508801,105.43779275759786,105.1340304249327,103.84122759607693,103.52492964709332,103.3913013934247,102.89298866763251,102.7096547017817,102.36729798970615,102.03383720652255,101.6311653454341,101.12280960474196,100.75136418933472,99.44991898251045,99.0862533632406,,,,,,,106.39122954009929,106.11286628442835,105.43779275759786,105.1340304249327,103.3913013934247,102.89298866763251,101.6311653454341,99.44991898251045,99.0862533632406,,,,,102.51296632822181,97.49307437763615,97.2888315143477,97.34606595956885,,,106.63930561188847,"rgba(38, 166, 154, 0.5)",1.863987595654769,102.60807886356399,3.1314162980712594,66.34727032015955,13.094384302148377,False,True,True,False,True,20.0,106.7733,100.898,0.0,0.0,0.0,0.0,0,1.0934981192907036,0.852588214221745,False,False,False,False,0.342828247269638,0.34136235032011847,False,False,False,False,-59800.0,-68335.39977114275,False,False,False,False,2120.4515816543712,False,False,False,False
2025-06-05 17:00:00+00:00,108.445,108.835,108.42,108.75,391.0,,,,,,,,,,,,,,,,,,,,,,,,,,107.99065480504419,107.8122481055121,107.30598437619666,106.43853701273761,106.43853701273761,106.119859234116,105.63885926259934,105.44440287924142,105.14058157376596,103.84802765928316,103.53177705783945,103.39816133493805,102.8999854631047,102.7167048347596,102.37439786036973,102.04098491152463,101.63837108346227,101.13010135324392,100.7586839346547,99.45736528995505,99.09371094727105,,,,,,,106.39823226603114,106.119859234116,105.44440287924142,105.14058157376596,103.39816133493805,102.8999854631047,101.63837108346227,99.45736528995505,99.09371094727105,,,,,102.52004329348019,97.4998237230975,97.29339661574924,97.3503086874684,,,106.64863533602312,"rgba(38, 166, 154, 0.5)",1.8770048092778338,103.27429171402267,2.917258527474993,68.36560050191034,15.0483260040793,False,False,True,False,True,20.0,106.87020000000001,100.98119999999999,0.0,0.0,0.0,0.0,0,1.0928481806775403,0.8562466391826499,False,False,False,False,0.3428282473413003,0.3420952988307094,False,False,False,False,-59409.0,-68197.00597624131,False,False,False,False,2093.6383788380244,False,False,False,False
2025-06-05 18:00:00+00:00,108.765,108.8,108.435,108.735,726.0,,,,,,,,,,,,,,,,,,,,,,,,,,108.02394622693471,107.83387236919458,107.32083940555361,106.45134714819821,106.45134714819821,106.1326836152291,105.65131288356343,105.45656077636092,105.15264139281014,103.8605727463508,103.5444141725312,103.410823438495,102.9129059082609,102.7297256391521,102.38751403615223,102.05419255222023,101.65168933300919,101.14358230085145,100.77221924266891,99.47114209665727,99.10751044331326,,,,,,,106.41105494685966,106.1326836152291,105.45656077636092,105.15264139281014,103.410823438495,102.9129059082609,101.65168933300919,99.47114209665727,99.10751044331326,,,,,102.53311572302684,97.51232108931492,97.30185460235235,97.35816995000756,,,106.66523869665409,"rgba(38, 166, 154, 0.5)",1.890422132179973,103.28658890429932,2.8821134724114494,69.48511617337822,16.147372461228926,False,False,True,False,True,20.0,106.9668,101.06439999999999,0.0,0.0,0.0,0.0,0,1.0920344456404734,0.8571941155364197,False,False,False,False,0.342121002962513,0.3421081508966112,False,False,False,False,-60135.0,-68072.01363552439,False,False,False,False,2072.4346830420864,False,False,False,False
2025-06-05 19:00:00+00:00,108.735,108.755,108.235,108.315,1722.0,,,,,,,,,,,,,,,,,,,,,,,,,,108.06751600393942,107.86829448213176,107.34916510415897,106.4781524263921,106.4781524263921,106.15996295863064,105.67829591873112,105.48306109848093,105.17912914538327,103.88870507207038,103.57285145952783,103.43935539828378,102.94214741638223,102.75923603351397,102.41731407000421,102.08426516391421,101.68208441646865,101.17442774049104,100.80324147956587,99.50287028434393,99.1393266545835,,,,,,,106.43794904738755,106.15996295863064,105.48306109848093,105.17912914538327,103.43935539828378,102.94214741638223,101.68208441646865,99.50287028434393,99.1393266545835,,,,,102.56278624743331,97.5412645546856,97.32147519018855,97.37640747713402,,,106.69532505235712,"rgba(38, 166, 154, 0.5)",1.8947439200378864,103.30585322668213,2.6437064768191503,64.78485000926143,18.472210886500108,False,True,True,False,False,20.0,107.055,101.14702500000001,0.0,0.0,0.0,0.0,0,1.0911537771397808,0.8573479275076265,False,False,False,False,0.33348370450053105,0.33779592769857114,False,False,False,False,-61857.0,-67975.65683497362,False,False,False,False,2067.0015871809687,False,False,False,False
2025-06-06 14:00:00+00:00,108.755,108.79,108.37,108.415,1029.0,,,,,,,,,,,,,,,,,,,,,,,,,,108.09476642547033,107.8900220786041,107.36676107443064,106.4945481118783,106.4945481118783,106.17659038320511,105.69468998235186,105.4991487338682,105.195186029845,103.90568082751847,103.58999879980931,103.45655520862434,102.95975753507103,102.77700234569566,102.43524586952135,102.10235321490269,101.70035800050171,101.19296245471733,100.82187675362376,99.52191278535908,99.1584184616155,,,,,,,106.45439044556728,106.17659038320511,105.4991487338682,105.195186029845,103.45655520862434,102.95975753507103,101.70035800050171,99.52191278535908,99.1584184616155,,,,,102.58064378558947,97.55862922385232,97.33326139326533,97.38736533478001,,,106.71388436271086,"rgba(38, 166, 154, 0.5)",1.9007811931261667,103.32272866559916,2.67904130828742,62.506656665342504,16.498097427540742,False,True,True,False,False,20.0,107.1452,101.22974999999998,0.0,0.0,0.0,0.0,0,1.0949088623507226,0.8531920624943884,False,False,False,False,0.3394717621318741,0.33863384491522264,False,False,False,False,-60828.0,-67864.84044993526,False,False,False,False,2050.908539317698,False,False,False,False
2025-06-06 15:00:00+00:00,108.405,108.485,108.115,108.315,337.0,,,,,,,,,,,,,,,,,,,,,,,,,108.30499999999999,108.09878917783328,107.89447043917127,107.37133692238672,106.49928515970743,106.49928515970743,106.18147981013276,105.6996039531138,105.50400015905103,105.20006602066223,103.91094994135834,103.59533961095126,103.46191951856909,102.96527373048829,102.7825752907226,102.44088437788308,102.1080528712439,101.70612920818562,101.19883078857974,100.82778656842804,99.52797982096175,99.16450773836216,,,,,,,106.45915273715799,106.18147981013276,105.50400015905103,105.20006602066223,103.46191951856909,102.96527373048829,101.70612920818562,99.52797982096175,99.16450773836216,,,,,102.58625335372709,97.5641904171798,97.33704024292435,97.39087858367824,,,107.06865632775659,"rgba(38, 166, 154, 0.5)",1.8959948611511257,103.32672540729044,2.630953645982458,59.81399124177523,14.109652042216368,False,True,True,False,False,20.0,107.2334,101.3098,0.0,0.0,0.0,0.0,0,1.0931469792605946,0.8571686203787198,False,False,False,False,0.3182536155021871,0.3284437302087049,False,False,False,False,-61165.0,-67760.96695458742,False,False,False,False,2024.3363139019195,False,False,False,False
2025-06-06 16:00:00+00:00,108.34,108.49,108.26,108.305,2744.0,,,,,,,,,,,,,,,,,,,,,,,,,108.3465622633344,108.13287720246282,107.9311724006787,107.40878002496184,106.53792631504258,106.53792631504258,106.22132773030519,105.73964191594364,105.5435346740872,105.23982690421458,103.95383880531521,103.63880705686702,103.50557683881267,103.0101576121065,102.82791774719658,102.48675765889344,102.15442152659743,101.7530778136218,101.24656669487908,100.87585979291826,99.57733103007818,99.2140407214925,,,,,,,106.49799357023008,106.22132773030519,105.5435346740872,105.23982690421458,103.50557683881267,103.0101576121065,101.7530778136218,99.57733103007818,99.2140407214925,,,,,102.63189232825601,97.60945453938427,97.36784316473185,97.41952299477825,,,107.10702677097146,"rgba(38, 166, 154, 0.5)",1.889565472714193,103.36440516524522,2.6146724768727196,57.895688060411565,12.406053571446897,False,True,True,False,False,20.0,107.3125,101.38362500000001,0.0,0.0,0.0,0.0,0,1.0933930366444298,0.8693228547930183,False,False,False,False,0.3233636330876987,0.3259036816482018,False,False,False,False,-63909.0,-67701.24653668683,False,False,False,False,2035.493890430572,False,False,False,False
2025-06-06 17:00:00+00:00,108.29,108.5,108.25,108.395,2837.0,,,,,,,,,,,,,,,,,,,,,,,,,108.36339078517517,108.16330947556015,107.96569662425601,107.44573877432602,106.57685123171525,106.57685123171525,106.26157517949392,105.78024639392692,105.58369578409906,105.28028038867737,103.99761543492325,103.68320099771357,103.55017603616906,103.05603919466968,102.87427756184111,102.53368179752076,102.2018716958395,101.80114274066574,101.2954607333763,100.9251175349355,99.62795024592305,99.26486031813025,,,,,,,106.5371327151904,106.26157517949392,105.58369578409906,105.28028038867737,103.55017603616906,103.05603919466968,101.80114274066574,99.62795024592305,99.26486031813025,,,,,102.67856810319421,97.65598468319642,97.39959593393392,97.4490620762408,,,107.14170746202109,"rgba(38, 166, 154, 0.5)",1.88163634460308,103.40544130993433,2.6517125396608887,57.6019106146097,12.098650264564085,False,True,True,False,False,20.0,107.38679999999998,101.45602500000001,0.0,0.0,0.0,0.0,0,1.0932297447280794,0.8785608583055862,False,False,False,False,0.3233636330876987,0.32463365736795025,False,False,False,False,-61072.0,-67598.46752061415,False,False,False,False,2047.920341741726,False,False,False,False
2025-06-06 18:00:00+00:00,108.415,108.47,108.32,108.435,1497.0,,,,,,,,,,,,,,,,,,,,,,,,,108.37246414924702,108.17816572161469,107.9829005694603,107.4646552984059,106.5970293993543,106.5970293993543,106.28247360355147,105.80138768429404,105.60463052353981,105.30138939477268,104.02050637087676,103.70642409468465,103.57351052929914,103.08005468567353,102.89854660768691,102.55825396271013,102.22672623219496,101.82632692968717,101.32108761732849,100.95094171426993,99.65450725738667,99.29152764545857,,,,,,,106.55742602721531,106.28247360355147,105.60463052353981,105.30138939477268,103.57351052929914,103.08005468567353,101.82632692968717,99.65450725738667,99.29152764545857,,,,,102.70300711733633,97.68043624257926,97.41631774431166,97.46462275583315,,,107.15951322816025,"rgba(38, 166, 154, 0.5)",1.8746149682740614,103.42729903318664,2.671322405701208,57.85255915385652,12.098650264564085,False,True,True,False,False,20.0,107.4592,101.5275,0.0,0.0,0.0,0.0,0,1.0877258334885447,0.8785621158502512,False,False,False,False,0.3248966050158832,0.32476513119191674,False,False,False,False,-59575.0,-67474.07267533331,False,False,False,False,2039.3789410945672,False,False,False,False
2025-06-06 19:00:00+00:00,108.43,108.43,108.155,108.285,2871.0,,,,,,,,,,,,,,,,,,,,,,,,,108.34944698295418,108.18981537921943,108.00420393682396,107.4946315740647,106.63206092143733,106.63206092143733,106.31926697649081,105.8391980924056,105.6422654153751,105.3395741305267,104.0625829817714,103.74922447074587,103.61656069214081,103.12450499992573,102.94351310602475,102.60386707597637,102.27293851603487,101.87323404513465,101.36891059609769,100.99919480608708,99.70430989423781,99.34158017695114,,,,,,,106.59272771682303,106.31926697649081,105.6422654153751,105.3395741305267,103.61656069214081,103.12450499992573,101.87323404513465,99.70430989423781,99.34158017695114,,,,,102.74833842501661,97.72650666325852,97.44790198954881,97.49402092672089,,,107.18258559810417,"rgba(38, 166, 154, 0.5)",1.8631168619921017,103.46541468937659,2.586840046882599,55.75964371881658,10.0241648732123,False,True,True,False,False,19.838438968521125,107.5293,101.5993,0.0,0.0,0.0,0.0,0,1.0843080378029377,0.8795733133713858,False,False,False,False,0.3170555345189007,0.3209103328554087,False,False,False,False,-62446.0,-67396.11806021187,False,False,False,False,2052.2722908450387,False,False,False,False
2025-06-09 14:00:00+00:00,108.125,108.24,107.94,108.03,1043.0,,,,,,,,,,,,,,,,,,,,,,,,,108.32371980463118,108.1854464993241,108.00582131353602,107.50212441680921,106.64278966068149,106.64278966068149,106.33084667693993,105.85144356962287,105.65456338413519,105.35218923312722,104.07687942231433,103.76383228418432,103.63127923680119,103.13978623780916,102.95899914270987,102.61962432250911,102.2889454604499,101.88952820936872,101.38557488543536,101.01604359527359,99.7218006727365,99.35918239097074,,,,,,,106.60358228424762,106.33084667693993,105.65456338413519,105.35218923312722,103.63127923680119,103.13978623780916,101.88952820936872,99.7218006727365,99.35918239097074,,,,,102.76397855097946,97.74279806434855,97.45909887534376,97.50444459826367,,,107.18562270027829,#000000,1.8391440723653887,103.47718930569326,2.4755051889171527,51.23881733944365,5.7408766296690885,False,True,False,False,False,17.55846499276128,107.5934,101.66815000000001,0.0,0.0,0.0,0.0,0,1.0843790972092147,0.8746019853905227,False,False,False,False,0.3007489458638523,0.3108296393596305,False,False,False,False,-63489.0,-67335.54258641013,False,False,False,False,2036.6246584288365,False,False,False,False
2025-06-09 15:00:00+00:00,108.075,108.075,107.785,107.91,1535.0,,,,,,,,,,,,,,,,,,,,,,,,107.92333333333332,108.27594358934493,108.17209689549532,108.00294131695667,107.51004536953094,106.65669827230377,106.65669827230377,106.34619886199489,105.8680475039417,105.67135223582234,105.36955395549457,104.09696913657957,103.78442593243645,103.65205472814095,103.16144095005257,102.98097162030592,102.64203037216845,102.31174940960676,101.91278795428022,101.40941496871748,101.0401821467085,99.7469596030853,99.38452509793187,,,,,,,106.61770105609916,106.34619886199489,105.67135223582234,105.36955395549457,103.65205472814095,103.16144095005257,101.91278795428022,99.7469596030853,99.38452509793187,,,,,102.78619824384697,97.76634206967276,97.47530746601294,97.5195355319131,,,107.44299448890796,"rgba(239, 83, 80, 1.0)",1.8157066179645662,104.05689810401962,2.122094978262379,46.98994321581862,1.8888319537285554,False,True,False,True,False,16.502153997272526,107.65540000000001,101.737325,0.0,0.0,0.0,0.0,0,1.0816249409541798,0.884081247047709,False,False,False,False,0.2879634669084285,0.29939655313402946,False,False,False,False,-65024.0,-67299.70471685339,False,False,False,False,2028.8475319415677,False,False,False,False
2025-06-09 16:00:00+00:00,107.925,108.115,107.82,108.065,866.0,,,,,,,,,,,,,,,,,,,,,,,,107.9509857004026,108.2585388443797,108.16729006074289,108.00288449956503,107.51518890720716,106.66487951651884,106.66487951651884,106.35514491667291,105.8776431073552,105.68103355432976,105.37953851065168,104.10843605993063,103.79616806312752,103.66389591752231,103.17376689346541,102.99347317657777,102.65477013971638,102.3247080977798,101.92599781152373,101.42294565548086,101.05387694109115,99.76121796649369,99.39888438858031,,,,,,,106.62599389216025,106.35514491667291,105.68103355432976,105.37953851065168,103.66389591752231,103.17376689346541,101.92599781152373,99.76121796649369,99.39888438858031,,,,,102.79883549918041,97.77967678893943,97.4844966589672,97.52809269897469,,,107.447473995251,"rgba(239, 83, 80, 1.0)",1.790233292965198,104.06717899322162,2.2331285103947054,46.47722969111418,1.4854050784962496,False,True,False,True,False,17.369027998044956,107.6759,101.80077499999999,0.0,0.0,0.0,0.0,0,1.0778851620238767,0.8834565093803299,False,False,False,False,0.2908680204200395,0.2951322867770345,False,False,False,False,-64158.0,-67250.9961165921,False,False,False,False,2010.8188880354967,False,False,False,False
2025-06-09 17:00:00+00:00,108.065,108.24,108.06,108.155,356.0,,,,,,,,,,,,,,,,,,,,,,,,107.9768988030468,108.2558378295234,108.16711270899098,108.00405666083901,107.5179238686108,106.66859265131265,106.66859265131265,106.35913101648715,105.8818428147026,105.68524886375437,105.38385735541893,104.11331338092994,103.80114959792584,103.66891458111479,103.1789743759275,102.99874947921309,102.6601378198974,102.33016002214693,101.93154675826705,101.4286197180763,101.0596136355897,99.76717273207538,99.40487725422317,,,,,,,106.62974729221087,106.35913101648715,105.68524886375437,105.38385735541893,103.66891458111479,103.1789743759275,101.93154675826705,99.76717273207538,99.40487725422317,,,,,102.804163709824,97.78522962179849,97.48832396708363,97.53165726356112,,,107.45226827376544,"rgba(239, 83, 80, 1.0)",1.7591648689175725,104.07275031169165,2.320561171063057,47.386855152398766,1.4854050784962496,False,True,False,True,False,17.870631158944917,107.70129999999999,101.86859999999999,0.0,0.0,0.0,0.0,0,1.0814505411049928,0.8803873172584015,False,False,False,False,0.305072909590676,0.30010259818385526,False,False,False,False,-63802.0,-67197.52330858292,False,False,False,False,1985.1627812442487,False,False,False,False
2025-06-09 18:00:00+00:00,108.135,108.38,108.12,108.28,91.0,,,,,,,,,,,,,,,,,,,,,,,,107.9859445224719,108.25586454586066,108.1673814595786,108.00457105731995,107.51873806854034,106.66960793523931,106.66960793523931,106.36020850592898,105.88296496504282,105.68637129174532,105.38500229662813,104.11459161839592,103.80245280261568,103.67022659992294,103.18033271542558,103.00012478384016,102.66153524780546,102.3315778986459,101.93298825802799,101.43009192160315,101.06110092701044,99.76871317066168,99.40642677852964,,,,,,,106.63077185070593,106.36020850592898,105.68637129174532,105.38500229662813,103.67022659992294,103.18033271542558,101.93298825802799,99.76871317066168,99.40642677852964,,,,,102.80555155198246,97.7866628950431,97.48931178991147,97.5325773372864,,,107.45399050377239,#000000,1.7325696377194377,104.07440251455431,2.4273757278705834,49.6372649868356,1.4854050784962496,False,True,False,False,True,18.56674591755945,107.72300000000001,101.93712500000001,0.0,0.0,0.0,0.0,0,1.0851650965838802,0.8770577600152252,False,False,False,False,0.31250121879371856,0.3063019084887869,False,False,False,False,-63711.0,-67143.46868364364,False,False,False,False,1955.7959164187562,False,False,False,False
2025-06-09 19:00:00+00:00,108.265,108.28,108.01,108.02,980.0,,,,,,,,,,,,,,,,,,,,,,,,108.0159970393591,108.24600239713223,108.16544611289261,108.0066633879545,107.52556492967426,106.67939118587735,106.67939118587735,106.3707847373993,105.89419080661386,105.69766518377946,105.39660614204737,104.12778911622043,103.81594761877317,103.68382798183328,103.19446534515218,103.01445052353372,102.67612048885834,102.3464020949086,101.94808722047571,101.44554354640289,101.07673133485531,99.78496173887208,99.42278498371466,,,,,,,106.64067128788035,106.3707847373993,105.69766518377946,105.39660614204737,103.68382798183328,103.19446534515218,101.94808722047571,99.78496173887208,99.42278498371466,,,,,102.82002491293018,97.8018428063232,97.4997838403708,97.5423312710045,,,107.46115512202084,"rgba(239, 83, 80, 0.75)",1.7000169262531581,104.08677522629351,2.313638595572882,47.79644469158143,1.4854050784962496,False,True,False,True,True,16.207944695738515,107.74,102.00405,0.0,0.0,0.0,0.0,0,1.0812022900763354,0.8812977099236642,False,False,False,False,0.30402956321920915,0.30516573585399803,False,False,False,False,-64691.0,-67105.44591335459,False,False,False,False,1940.6672975595507,False,False,False,False
2025-06-10 14:00:00+00:00,108.27,108.34,107.94,107.955,396.0,,,,,,,,,,,,,,,,,,,,,,,,108.0218410669192,108.24173332047407,108.16439528248243,108.00727172375356,107.5281611022159,106.68323790279648,106.68323790279648,106.37496093629372,105.89864385705678,105.70215183718665,105.40122393885633,104.13306386118471,103.8213449760388,103.68926944708491,103.20012412270951,103.02018817465814,102.68196491520436,102.35234478142333,101.95414279644349,101.45174361522493,101.08300522855706,99.79148984989854,99.42935860357449,,,,,,,106.64456608493589,106.37496093629372,105.70215183718665,105.40122393885633,103.68926944708491,103.20012412270951,101.95414279644349,99.79148984989854,99.42935860357449,,,,,102.82582335501645,97.80794920946936,97.50399958101943,97.54625823400436,,,107.46310490471647,"rgba(239, 83, 80, 1.0)",1.6693421507329993,104.09130299261219,2.3145027552867363,45.8414221932271,0.7854974197913123,False,True,False,True,False,15.625127466755004,107.7558,102.072125,0.0,0.0,0.0,0.0,1,1.0751472544176321,0.8803914117423522,False,False,False,False,0.3036322976278831,0.30439901674094055,False,False,False,False,-65087.0,-67074.15217826382,False,False,False,False,1916.7189673648288,False,False,False,False
2025-06-10 15:00:00+00:00,107.98,108.27,107.905,108.165,327.0,,,,,,,,,,,,,,,,,,,,,,,,108.02841500036622,108.2390893157011,108.16389167043683,108.00800994018856,107.53042181580462,106.68647773905774,106.68647773905774,106.37846463924258,105.90236615816362,105.70589838076366,105.40507484473083,104.13744746216341,103.82582815053796,103.69378838094345,103.20482048081601,103.02494900783728,102.68681270994601,102.35727265751636,101.95916274934987,101.4568816333109,101.08820335293727,99.79689547995102,99.43480123393849,,,,,,,106.6478444937429,106.37846463924258,105.70589838076366,105.40507484473083,103.69378838094345,103.20482048081601,101.95916274934987,99.79689547995102,99.43480123393849,,,,,102.83063367265842,97.81300331555074,97.50748974271515,97.5495095162955,,,107.46515598248192,"rgba(239, 83, 80, 1.0)",1.6414050040696904,104.09523561272509,2.4794394906707145,47.48921947456327,0.7854974197913123,False,True,False,True,False,16.85010606648979,107.794,102.1418,0.0,0.0,0.0,0.0,1,1.0760632755517663,0.8810268068580092,False,False,False,False,0.2902888620378029,0.29734393938937176,False,False,False,False,-64760.0,-67038.27384991864,False,False,False,False,1892.07216166925,False,False,False,False
2025-06-10 16:00:00+00:00,108.16,108.275,108.075,108.09,429.0,,,,,,,,,,,,,,,,,,,,,,,,108.03860174029451,108.23665818464242,108.16367163927266,108.00926460662305,107.53352944403304,106.69080474776081,106.69080474776081,106.38312778553029,105.90730394846835,105.71086376166946,105.41017237468651,104.14323189570706,103.83174117870979,103.69974751791632,103.21100990770587,103.03122221778104,102.69319853886705,102.36376226335555,101.96577176685197,101.46364402339962,101.09504356717753,99.80400501086989,99.44195861333314,,,,,,,106.65222072111928,106.38312778553029,105.71086376166946,105.41017237468651,103.69974751791632,103.21100990770587,101.96577176685197,99.80400501086989,99.44195861333314,,,,,102.83697093563939,97.81964785182343,97.51207947772164,97.5537853768112,,,107.4683078619897,"rgba(239, 83, 80, 1.0)",1.6049347240514404,104.10059405218543,2.485712277284312,47.6106119331141,0.7854974197913123,False,True,False,True,False,16.164667938386035,107.8242,102.209475,0.0,0.0,0.0,0.0,1,1.0801575578532738,0.8866568193008372,False,False,False,False,0.2986902055055979,0.2980170724474848,False,False,False,False,-65189.0,-67009.6029375168,False,False,False,False,1869.3888723410446,False,False,False,False
2025-06-10 17:00:00+00:00,108.1,108.165,107.95,107.965,275.0,,,,,,,,,,,,,,,,,,,,,,,,108.03797716460515,108.23317605322399,108.16255889620682,108.0093649645241,107.53511841992207,106.69333749296196,106.69333749296196,106.38590154611546,105.91028878293436,105.71387980121838,105.41328720839124,104.14682021412305,103.835417900363,103.7034562402534,103.21487307578992,103.03514128645566,102.69719426645743,102.367828455448,101.96991878859656,101.46789399508793,101.09934685289747,99.80849057651757,99.44647733043928,,,,,,,106.65478840022463,106.38590154611546,105.71387980121838,105.41328720839124,103.7034562402534,103.21487307578992,101.96991878859656,99.80849057651757,99.44647733043928,,,,,102.84093371244202,97.82385323636886,97.51498635787397,97.5564934688612,,,107.46884650381519,"rgba(239, 83, 80, 1.0)",1.5685869781767565,104.10333589610603,2.4618743860685166,46.133757433596884,0.6530409435268396,False,True,False,True,False,15.022156172317516,107.8619,102.274575,0.0,0.0,0.0,0.0,1,1.0832009531374103,0.8869142176330422,False,False,False,False,0.28741760883870654,0.2927173406430957,False,False,False,False,-65464.0,-66985.64010127622,False,False,False,False,1844.6696650179274,False,False,False,False
2025-06-10 18:00:00+00:00,107.97,108.105,107.785,108.09,614.0,,,,,,,,,,,,,,,,,,,,,,,,108.03330663940478,108.22461323022056,108.15954481284871,108.00916116275695,107.53839138358929,106.698817397712,106.698817397712,106.39193580337488,105.91681836978495,105.7204888785001,105.4201267250101,104.15473944135024,103.8435386997823,103.71165023606352,103.22341655091822,103.04381105893235,102.70603840184361,102.37683275938628,101.97910666255929,101.47731506236238,101.10888952012094,99.81844743131765,99.45651011734748,,,,,,,106.66034839013743,106.39193580337488,105.7204888785001,105.4201267250101,103.71165023606352,103.22341655091822,101.97910666255929,99.81844743131765,99.45651011734748,,,,,102.84970297642644,97.83319958338011,97.52145026877253,97.56251561478496,,,107.4693234784524,"rgba(239, 83, 80, 1.0)",1.528622865478081,104.10910547518552,2.604235887554549,47.02408087916963,0.6530409435268396,False,True,False,True,False,15.779477669481668,107.88380000000001,102.338825,0.0,0.0,0.0,0.0,1,1.0798524573821147,0.8859535440135581,False,False,False,False,0.2766909527987244,0.28470414672091005,False,False,False,False,-64850.0,-66952.52940203162,False,False,False,False,1825.5895151726884,False,False,False,False
2025-06-10 19:00:00+00:00,108.095,108.11,107.74,107.89,2881.0,,,,,,,,,,,,,,,,,,,,,,,107.91333333333334,107.99380457142857,108.17994978169563,108.1405552729739,108.0037668685684,107.55055027145876,106.72237347964632,106.72237347964632,106.41827033803767,105.94575802780948,105.74992118103437,105.45075781030116,104.19070117320683,103.88049671556543,103.74897302369368,103.26243395861371,103.08343858043526,102.74652333071569,102.41810417216497,102.02127767267129,101.52062129230855,101.15279869551003,99.86439108524688,99.5028347336752,,,,,,,106.68430242846115,106.41827033803767,105.74992118103437,105.45075781030116,103.74897302369368,103.26243395861371,102.02127767267129,99.86439108524688,99.5028347336752,,,,,102.88982067330699,97.87648239974007,97.55144303091127,97.59046405464582,,,107.6533383823439,"rgba(239, 83, 80, 1.0)",1.4941919838769766,104.13352560266824,2.514050696206281,45.15728021953603,-0.6429001529000544,False,True,False,True,False,13.94585877574011,107.9049,102.402625,0.0,0.0,0.0,0.0,1,1.0765005492859276,0.8869469689403779,False,False,False,False,0.2747905409190204,0.27974734381996524,False,False,False,False,-67731.0,-66964.59871362803,False,False,False,False,1841.952468425825,False,False,False,False
2025-06-11 14:00:00+00:00,108.19,108.295,107.97,108.055,1387.0,,,,,,,,,,,,,,,,,,,,,,,107.97616213683224,108.00924698299958,108.17521468058014,108.1393419977113,108.00648191831372,107.55909898627183,106.73517980972962,106.73517980972962,106.43222394356123,105.96073314713404,105.76505209032484,105.4663745115911,104.2086564198008,103.898892646165,103.76752915327329,103.28175878069712,103.10304184920184,102.76651128287851,102.43844618500918,102.04202624083487,101.54188732342995,101.17433519781774,99.8868511020082,99.52546480382304,,,,,,,106.69727416286399,106.43222394356123,105.76505209032484,105.4663745115911,103.76752915327329,103.28175878069712,102.04202624083487,99.8868511020082,99.52546480382304,,,,,102.90964333036551,97.89758660634031,97.56608905773494,97.60411651349028,,,107.66698829027101,"rgba(239, 83, 80, 1.0)",1.4656444420896015,104.14922964611961,2.664882587970556,46.316108191342686,-0.6429001529000544,False,True,False,True,False,14.966661369866149,107.9296,102.4672,0.0,0.0,0.0,0.0,1,1.0793110354496291,0.8833366713398761,False,False,False,False,0.2946045049959273,0.28717592440794626,False,False,False,False,-66344.0,-66954.97702814543,False,False,False,False,1834.8989417835642,False,False,False,False
2025-06-11 15:00:00+00:00,108.055,108.165,107.9,107.9,826.0,,,,,,,,,,,,,,,,,,,,,,,107.97813571522052,108.00767125786739,108.16829004426101,108.1361895434748,108.00620115620644,107.56299280280568,106.74204603999036,106.74204603999036,106.43984514647342,105.96906671808392,105.7735203271527,105.47517485456949,104.21894905354539,103.90946612639175,103.77820566921964,103.29291375308101,103.11436928224754,102.77808183735004,102.45024002538409,102.05407576136714,101.55425964909834,101.18687971810084,99.89997693308044,99.53870015361625,,,,,,,106.7042482059398,106.43984514647342,105.7735203271527,105.47517485456949,103.77820566921964,103.29291375308101,102.05407576136714,99.89997693308044,99.53870015361625,,,,,102.92110974139747,97.90996827691114,97.57469420873801,97.61213871609651,,,107.66794657497707,"rgba(239, 83, 80, 1.0)",1.4321455491224908,104.1572290311197,2.613401250434072,45.22260235206665,-0.8384887486856201,False,True,False,True,False,13.547523029457007,107.94709999999999,102.52952499999999,0.0,0.0,0.0,0.0,1,1.07883064516129,0.8858870967741936,False,False,False,False,0.2850284182386502,0.28610217132329824,False,False,False,False,-67170.0,-66958.31071763154,False,False,False,False,1819.2570977249043,False,False,False,False
2025-06-11 16:00:00+00:00,107.92,108.075,107.77,108.075,979.0,,,,,,,,,,,,,,,,,,,,,,,107.97736154563916,108.0048562496511,108.16008830733531,108.13225731268192,108.00560935162702,107.56735779557333,106.74999050958267,106.74999050958267,106.44869534033273,105.9787829187897,105.78340655986044,105.48546429523049,104.23102757439925,103.92188171590011,103.79074522327997,103.30602465974232,103.12768594725136,102.7916900866432,102.4641160046603,102.06825818667436,101.56882829573097,101.2016555172542,99.91545033933699,99.55430582302564,,,,,,,106.71232167573152,106.44869534033273,105.78340655986044,105.48546429523049,103.79074522327997,103.30602465974232,102.06825818667436,99.91545033933699,99.55430582302564,,,,,102.93459317213244,97.92458232959726,97.58486024399163,97.62161711279005,,,107.66843894770915,"rgba(239, 83, 80, 1.0)",1.3853008682206758,104.16653552648211,2.8213831111923366,46.91566869397564,-0.8384887486856201,False,True,False,True,False,14.644357973060508,107.9602,102.59479999999999,0.0,0.0,0.0,0.0,1,1.0853090172239102,0.8805471124620062,False,False,False,False,0.2715909484378874,0.2788465598805928,False,False,False,False,-66191.0,-66946.41442743571,False,False,False,False,1806.2298558997118,False,False,False,False
2025-06-11 17:00:00+00:00,108.075,108.2,108.07,108.075,390.0,,,,,,,,,,,,,,,,,,,,,,,107.98566713084738,108.00833955022166,108.15934512488906,108.13209290111395,108.00638840193317,107.56966869718576,106.75349002774088,106.75349002774088,106.45251752213915,105.98290038829224,105.78757336296567,105.48977175039202,104.23599895304795,103.9269787627739,103.79588818477903,103.31138507011931,103.13312504078048,102.79723898043093,102.46976596148325,102.07402415538076,101.57474151082657,101.20764654993634,99.92170598668466,99.5606108524936,,,,,,,106.71586744317187,106.45251752213915,105.78757336296567,105.48977175039202,103.79588818477903,103.31138507011931,102.07402415538076,99.92170598668466,99.5606108524936,,,,,102.9400949385473,97.93047415910347,97.58895966054084,97.6254397602402,,,107.6710602327091,#000000,1.3344698748358037,104.1708725418969,2.9256017926845126,48.044379588581634,-0.8384887486856201,False,True,False,False,True,14.644357973060508,107.96950000000001,102.66040000000001,0.0,0.0,0.0,0.0,1,1.0863353403408502,0.8843759567302789,False,False,False,False,0.2923001774702451,0.28557336867541894,False,False,False,False,-66191.0,-66934.70257584756,False,False,False,False,1784.2728038702587,False,False,False,False
2025-06-11 18:00:00+00:00,108.075,108.075,107.765,107.83,1094.0,,,,,,,,,,,,,,,,,,,,,,,107.97181774072602,107.99869680719003,108.14744193092305,108.12579145848206,108.00410880955786,107.57341606338954,106.76160498903508,106.76160498903508,106.46170775940826,105.99315618246136,105.79806038098884,105.50075057628895,104.2490716607584,103.9404461166506,103.80950162609038,103.32565679604,103.14763304525604,102.81208679890237,102.48492540098884,102.08953966454108,101.59070328142806,101.22385125779336,99.93872255103288,99.57778391212277,,,,,,,106.72413454545455,106.46170775940826,105.79806038098884,105.50075057628895,103.80950162609038,103.32565679604,102.08953966454108,99.93872255103288,99.57778391212277,,,,,102.95479760023605,97.94660086901351,97.60019659136371,97.63591823851822,,,107.66806034854234,"rgba(239, 83, 80, 1.0)",1.2774834425319812,104.18025543248227,2.8569799388428154,45.70581845901492,-0.8384887486856201,False,True,False,True,False,12.371116069547867,107.9832,102.724625,0.0,0.0,0.0,0.0,1,1.0759983700081495,0.8857986960065203,False,False,False,False,0.2701264069241972,0.27784988779980807,False,False,False,False,-67285.0,-66940.13354366389,False,False,False,False,1773.5708999342858,False,False,False,False
2025-06-11 19:00:00+00:00,107.83,107.9,107.675,107.795,1627.0,,,,,,,,,,,,,,,,,,,,,,107.78999999999999,107.93960765098721,107.9761398613787,108.12539818815861,108.11327725221615,107.99804866946165,107.5771197342975,106.77241076445172,106.77241076445172,106.47421836166038,106.00741281413568,105.8127282745948,105.51621815662449,104.26781209440004,103.95980352251172,103.8290888799499,103.3462565288622,103.16859492442515,102.83357736790617,102.50690016166604,102.11206669548939,101.61391852162149,101.24744676183096,99.96357905032842,99.60288748373246,,,,,,,106.73518002955376,106.47421836166038,105.8127282745948,105.51621815662449,103.8290888799499,103.3462565288622,102.11206669548939,99.96357905032842,99.60288748373246,,,,,102.97606281361983,97.97024796766574,97.61670095034619,97.65131076509384,,,107.78650026511895,"rgba(239, 83, 80, 1.0)",1.2153715184770957,104.19268868662033,2.9639589694297745,43.753243555584376,-2.386080473901714,False,True,False,True,False,12.049332384593487,107.99510000000001,102.790125,0.0,0.0,0.0,0.0,1,1.073051451859398,0.890575649516047,False,False,False,False,0.256386887384963,0.26711838759238554,False,False,False,False,-68912.0,-66970.70511663034,False,False,False,False,1771.2984828810409,False,False,False,False
2025-06-12 14:00:00+00:00,108.195,108.54,108.195,108.43,662.0,,,,,,,,,,,,,,,,,,,,,,107.96304354157566,107.96977791319657,107.99350365892461,108.13183447961349,108.11738580894577,108.00249218906752,107.5827250554941,106.77928990493338,106.77928990493338,106.48152574497612,106.01507446132806,105.82042209467254,105.52409240753242,104.27666632584275,103.96884582643212,103.83819913934742,103.3557051686704,103.17816714636737,102.84331770093873,102.51679605300501,102.12214223011148,101.62422503441506,101.25787249433755,99.9744175267649,99.61380112201982,,,,,,,106.74212129380625,106.48152574497612,105.82042209467254,105.52409240753242,103.83819913934742,103.3557051686704,102.12214223011148,99.9744175267649,99.61380112201982,,,,108.38833333333335,102.98573063358906,97.98042138390755,97.6237950730868,97.65792920715162,,,107.8175065689689,#000000,1.1528161757767372,104.750174474089,3.192031481889681,49.87040188727194,-4.485750449187279,False,True,False,False,True,16.06752215978479,108.01620000000001,102.85752500000001,0.0,0.0,0.0,0.0,1,1.07332057609024,0.8829690804713464,False,False,False,False,0.3148250519180165,0.29097171975520103,False,False,False,False,-68250.0,-66990.53914582987,False,False,False,False,1754.1000567898618,False,False,False,False
2025-06-12 15:00:00+00:00,108.425,108.43,108.06,108.09,1303.0,,,,,,,,,,,,,,,,,,,,,,108.04658129175948,107.99590516339283,108.00880381556784,108.13466133982433,108.11955492963924,108.00667510541422,107.59091814352945,106.79103993418703,106.79103993418703,106.49429260465496,106.02878426116007,105.83429235676218,105.53841904687367,104.2931619529381,103.98575561201187,103.85526079217803,103.37348304217929,103.1962044244238,102.86171923188263,102.53553329955668,102.14126527056938,101.64383759287432,101.27774579270451,99.99517687066917,99.63472755459298,,,,,,,106.75401639963012,106.49429260465496,105.83429235676218,105.53841904687367,103.85526079217803,103.37348304217929,102.14126527056938,99.99517687066917,99.63472755459298,,,,108.2590279898219,103.00397585232112,98.00001348352433,97.63747856713245,97.67069603295195,,,107.83676746541431,#000000,1.0798969044874913,104.75584512357933,3.0874751678291243,50.17549916204878,-4.354021682634745,False,True,False,False,True,12.998606079349145,108.03119999999998,102.92285,0.0,0.0,0.0,0.0,1,1.0682367149758452,0.8908011272141706,False,False,False,False,0.3006828834527828,0.29582730160399195,False,False,False,False,-69553.0,-67030.26722108832,False,False,False,False,1747.1062574597863,False,False,False,False
2025-06-12 16:00:00+00:00,108.115,108.155,107.93,108.01,1726.0,,,,,,,,,,,,,,,,,,,,,,108.04174062930929,108.0006992880259,108.01090909090911,108.12875009698624,108.11635109543523,108.00738023234267,107.59861513296572,106.80454695312467,106.80454695312467,106.50933218087867,106.04534454126366,105.85117552223834,105.55602021743043,104.31390298376328,104.00709490967094,103.87682188349962,103.39604887283467,103.2191318835882,102.88516730739414,102.55945990846018,102.16573989595645,101.66900064588572,101.30328466081869,100.02197541740564,99.66177013032005,,,,,,,106.76773961321693,106.50933218087867,105.85117552223834,105.55602021743043,103.87682188349962,103.39604887283467,102.16573989595645,100.02197541740564,99.66177013032005,,,,108.15270838977695,103.02720136390889,98.02544065643586,97.65527298596895,97.68730076924683,,,107.83862406488734,#000000,0.9979540466757957,104.76454058622167,3.252113085356007,49.5997752149251,-4.354021682634745,False,True,False,False,True,12.292316972808955,108.0494,102.98359999999998,0.0,0.0,0.0,0.0,1,1.0624494745351654,0.901172190784155,False,False,False,False,0.27879196404372314,0.2873096328238576,False,False,False,False,-71279.0,-67096.13904711796,False,False,False,False,1746.7790286619602,False,False,False,False
2025-06-12 17:00:00+00:00,108.02,108.235,107.995,108.21,480.0,,,,,,,,,,,,,,,,,,,,,,108.05042715879041,108.00594558841883,108.0142987931752,108.12903157354981,108.11665534136212,108.00846463057273,107.60126392454984,106.80859827855828,106.80859827855828,106.51377454333057,106.05016521611677,105.85606991616396,105.56109634978691,104.31980737795234,104.0131578473612,103.88294337849352,103.40244034004913,103.22562085388674,102.89179532433856,102.56621597019988,102.17264290677905,101.67608913272446,101.31047352778972,100.02950289722476,99.66936263827085,,,,,,,106.77184628732273,106.51377454333057,105.85606991616396,105.56109634978691,103.88294337849352,103.40244034004913,102.17264290677905,100.02950289722476,99.66936263827085,,,,108.1520131063694,103.03376983363272,98.03257005855333,97.66026550984341,97.69196031762225,,,107.84183566112216,#000000,0.929469843075332,104.76922069081792,3.7018729922399505,51.18536498369939,-3.301289853975966,False,True,False,False,True,13.550486314280416,108.0635,103.046625,0.0,0.0,0.0,0.0,1,1.0646933170582844,0.9012308005289391,False,False,False,False,0.28659854843788235,0.28695409063086996,False,False,False,False,-70799.0,-67153.54774406187,False,False,False,False,1727.1390437214645,False,False,False,False
2025-06-12 18:00:00+00:00,108.215,108.33,108.15,108.33,642.0,,,,,,,,,,,,,,,,,,,,,,108.07231625258801,108.01805696458766,108.02256216651567,108.13193273494686,108.11868643834676,108.01115991930992,107.60555905706121,106.8144747874597,106.8144747874597,106.52012459848571,106.05695567478108,105.86293435475392,105.56817703795386,104.32792972336452,104.02148044888386,103.89133953395935,103.41118362739012,103.23449003122093,102.90084168895851,102.57542584888924,102.18204090990936,101.6857260175742,101.32023810356361,100.039701768185,99.67964383491076,,,,,,,106.77779020280362,106.52012459848571,105.86293435475392,105.56817703795386,103.89133953395935,103.41118362739012,102.18204090990936,100.039701768185,99.67964383491076,,,,108.16775122930952,103.04274014420128,98.04220603543321,97.66701403612703,97.698259421306,,,107.84934354010198,"rgba(38, 166, 154, 0.5)",0.8696863108480842,104.77716672296337,4.085189375433588,53.33490561168855,-1.16790051083278,False,True,True,False,True,14.29617842990147,108.07860000000001,103.110275,0.0,0.0,0.0,0.0,1,1.0670550955739544,0.8969641214351426,False,False,False,False,0.30013906412056496,0.29354657737571743,False,False,False,False,-70157.0,-67200.11289531674,False,False,False,False,1710.315182578496,False,False,False,False
2025-06-12 19:00:00+00:00,108.33,108.42,108.225,108.39,1848.0,,,,,,,,,,,,,,,,,,,,,,108.13311735842987,108.0561882823183,108.05000368425901,108.1438489745685,108.1269981252567,108.02077791115818,107.61898164792169,106.83198773198598,106.83198773198598,106.5389221222002,106.07692679674348,105.88308644388987,105.588913833235,104.35156586834606,104.04567617452713,103.91574040363912,103.43656257828552,103.26022444875586,102.9270740130421,102.60211825044352,102.20926338458743,101.71362344942963,101.34849482610763,100.06918508871011,99.70935875454084,,,,,,,106.79548634490791,106.5389221222002,105.88308644388987,105.588913833235,103.91574040363912,103.43656257828552,102.20926338458743,100.06918508871011,99.70935875454084,,,,108.21692638742931,103.06875853022557,98.07004491022342,97.686528933752,97.71647795338184,,,107.87273796448727,"rgba(38, 166, 154, 0.5)",0.8097969938005579,104.80106626043303,4.431893137468073,55.316183203875724,0.7850247447351109,False,False,True,False,True,14.669704126928764,108.09800000000001,103.17379999999999,0.0,0.0,0.0,0.0,0,1.069903510572777,0.8932457400944362,False,False,False,False,0.3088044364485409,0.30117550691212913,False,False,False,False,-68309.0,-67217.30494345135,False,False,False,False,1712.4498309106123,False,False,False,False
2025-06-13 14:00:00+00:00,107.13,107.46,106.975,107.375,276.0,,,,,,,,,,,,,,,,,,,,,107.27,108.10530087186675,108.0427283253727,108.04021373351524,108.13661039246878,108.12232303566958,108.01756129048944,107.61803809393194,106.83273498990397,106.83273498990397,106.54004509844295,106.07848006496944,105.88476616437312,105.59078669804389,104.35412824370978,104.04836885087173,103.91848284129308,103.43950532349854,103.26323780713606,102.93019709330048,102.60534132889025,102.21259974346052,101.71709772679903,101.35205006330249,100.07300083709643,99.71322893773235,,,,,,,106.79628521380918,106.54004509844295,105.88476616437312,105.59078669804389,103.91848284129308,103.43950532349854,102.21259974346052,100.07300083709643,99.71322893773235,,,,108.17925135745519,103.07183523580578,98.07375610936049,97.68914403409752,97.71891888918705,,,107.9190969679143,"rgba(239, 83, 80, 1.0)",0.7369224230913939,104.79934793660291,3.4951468196505826,48.24111567402429,3.316680043220771,False,True,False,True,False,6.059793177291919,108.09120000000001,103.231425,0.0,0.0,0.0,0.0,0,1.0537634408602143,0.8970957692694203,False,False,False,False,0.18882270831218279,0.24499910761215596,False,False,False,False,-68585.0,-67238.50951797148,False,False,False,False,1690.1792908964942,False,False,False,False
2025-06-13 15:00:00+00:00,107.375,107.78,107.32,107.65,272.0,,,,,,,,,,,,,,,,,,,,,107.42552311435523,108.08923306171722,108.03510583785764,108.03463150959783,108.1321302829131,108.11944085112518,108.01573556235697,107.61794586708092,106.8339948493899,106.8339948493899,106.54162203464234,106.08040837333758,105.88679110419586,105.59297198365657,104.35691996902119,104.05127577098816,103.92143341443537,103.44263786906056,103.2664349524038,102.9334924211851,102.60872641422955,102.21608689148232,101.72071036612056,101.35573488850727,100.0769208755501,99.71719714341327,,,,,,,106.79758888462608,106.54162203464234,105.88679110419586,105.59297198365657,103.92143341443537,103.44263786906056,102.21608689148232,100.0769208755501,99.71719714341327,,,,108.1567670042077,103.0750889212957,98.07753510999298,97.69180407787385,97.72140210599629,,,107.93371826087551,"rgba(239, 83, 80, 1.0)",0.6555953349746007,104.79928087909816,4.348290734881886,46.04348716851592,1.4842115959311286,False,True,False,True,False,7.842532361423224,108.0861,103.290375,0.0,0.0,0.0,0.0,0,1.0611155859846952,0.8938783729359645,False,False,False,False,0.22266447312535556,0.23383179036875576,False,False,False,False,-68313.0,-67255.16828513471,False,False,False,False,1668.1920150686415,False,False,False,False
2025-06-13 16:00:00+00:00,107.655,107.845,107.415,107.655,658.0,,,,,,,,,,,,,,,,,,,,,107.5416334991708,108.0579825854926,108.01979434246283,108.02325436300175,108.12264333751838,108.11329674844086,108.01193555215502,107.61807609543317,106.83724759797593,106.83724759797593,106.54561756113043,106.0852227680535,105.8918279229198,105.5983842110766,104.36376834600979,104.05839741539539,103.92865849935797,103.45029671149732,103.27424797796817,102.94153900237308,102.61698665342159,102.22459026786373,101.72951320721445,101.36470948357464,100.0864563665007,99.7268471751899,,,,,,,106.80094433560382,106.54561756113043,105.8918279229198,105.5983842110766,103.92865849935797,103.45029671149732,102.22459026786373,100.0864563665007,99.7268471751899,,,,108.11340494046861,103.08303638355993,98.08671737023555,97.69826887289122,97.72743760559634,,,107.93857706545943,"rgba(239, 83, 80, 1.0)",0.5589839801705303,104.80013685101018,5.107236075207169,44.62391331173001,0.2226685849871899,False,True,False,True,False,7.87473655780148,108.0844,103.35685,0.0,0.0,0.0,0.0,0,1.0612327247049325,0.8936749722586501,False,False,False,False,0.2297917027738189,0.23181174657128734,False,False,False,False,-67655.0,-67261.36722645046,False,False,False,False,1652.5301233621508,False,False,False,False
2025-06-13 17:00:00+00:00,107.635,107.65,107.165,107.48,574.0,,,,,,,,,,,,,,,,,,,,,107.5061722846442,108.0222748642564,108.0006405673759,108.00880082858036,108.1112537211996,108.10578675444995,108.00688315332803,107.61704313687632,106.83933718755868,106.83933718755868,106.54842459364735,106.08884269862902,105.89568101038105,105.60260622875224,104.36934358800632,104.06422954857156,103.93458848209949,103.45662646358784,103.28071914229727,102.94822804067059,102.62387460766085,102.2317040141726,101.73690308521557,101.37226026050773,100.09452784074085,99.73502670676382,,,,,,,106.80313260961982,106.54842459364735,105.89568101038105,105.60260622875224,103.93458848209949,103.45662646358784,102.2317040141726,100.09452784074085,99.73502670676382,,,,108.0670457686688,103.08963319255851,98.09454003451462,97.70378440603952,97.7325869560661,,,107.92235691383884,"rgba(239, 83, 80, 1.0)",0.5534200545281602,104.79945079419278,4.843606920050324,42.502542845129355,-1.8093753045448224,False,True,False,True,False,6.479308478063668,108.0834,103.421,0.0,0.0,0.0,0.0,0,1.0538632237240264,0.8989308049223318,False,False,False,False,0.20053737498031496,0.21617456077580116,False,False,False,False,-68229.0,-67276.3692849551,False,False,False,False,1635.808726100722,False,False,False,False
2025-06-13 18:00:00+00:00,107.48,107.53,107.065,107.215,466.0,,,,,,,,,,,,,,,,,,,,,107.45717126743841,107.98899594962346,107.98182024210935,107.99443183082917,108.1001447571009,108.09837718463841,108.00171087513175,107.61548887885108,106.84056276844782,106.84056276844782,106.55027569350015,106.0914151481303,105.89846722034181,105.60571788515652,104.37361678395219,104.06872293441295,103.93916609727556,103.46154207283567,103.28575390312561,102.95344858677684,102.6292645443109,102.2372858968964,101.74271854386288,101.37821334090013,100.1009235081169,99.74151525538988,,,,,,,106.80444393211539,106.55027569350015,105.89846722034181,105.60571788515652,103.93916609727556,103.46154207283567,102.2372858968964,100.1009235081169,99.74151525538988,,,,108.02534560832304,103.09477523087537,98.10077141925812,97.70818323896609,97.73669380736757,,,107.90476762321532,"rgba(239, 83, 80, 1.0)",0.5474605008557175,104.79809229973293,4.414761789187139,39.48578380263292,-4.694812707480715,False,True,False,True,False,4.413169289163381,108.0751,103.48327499999999,0.0,0.0,0.0,0.0,0,1.045454545454545,0.9044650040225259,False,False,False,False,0.18643755384789995,0.20130605731185056,False,False,False,False,-68695.0,-67298.36355960697,False,False,False,False,1617.6721567038114,False,False,False,False
2025-06-13 19:00:00+00:00,107.215,107.335,106.88,106.955,1466.0,,,,,,,,,,,,,,,,,,,,107.05666666666664,107.29899784482758,107.87509638888889,107.91247038571017,107.9403626209392,108.05852487189952,108.07011237584058,107.98129359722546,107.60772488477372,106.84248030860611,106.84248030860611,106.55432976366656,106.09798358809157,105.90580722997468,105.61418648028857,104.38599406417693,104.08184043062916,103.95256821403085,103.47606226616784,103.3006666576747,102.96898245011477,102.64536386892152,102.25402473435445,101.76023101564606,101.39618786355572,100.12037311838621,99.76127868418418,,,,,,,106.80665309434902,106.55432976366656,105.90580722997468,105.61418648028857,103.95256821403085,103.47606226616784,102.25402473435445,100.12037311838621,99.76127868418418,,,,107.88844371605771,103.11004717154773,98.11986497865138,97.72168712384851,97.74930200972119,,,107.77419059399975,"rgba(239, 83, 80, 1.0)",0.5516576739123492,104.79138447611783,3.9220256079061455,36.11643267856701,-7.875959009416746,False,True,False,True,False,2.44701178740646,108.05590000000001,103.54180000000001,0.0,0.0,0.0,0.0,0,1.0371892542101038,0.9126904570970329,False,False,False,False,0.16497432772904316,0.18314019252044686,False,False,False,False,-70161.0,-67342.74551992313,False,False,False,False,1615.320650398326,False,False,False,False
2025-06-16 14:00:00+00:00,108.075,108.45,108.07,108.37,921.0,,,,,,,,,,,,,,,,,,,,107.5351082251082,107.49732570688539,107.90514562856332,107.92974965003094,107.95281777811516,108.06434631241817,108.073909513324,107.98551679098145,107.61368624614019,106.85054176171874,106.85054176171874,106.56304911666791,106.10734318909441,105.915288517155,105.62398661218985,104.39729506122093,104.09343321357855,103.96426915566784,103.4882629742096,103.3130484014628,102.98162362170237,102.65824464193057,102.26718122201574,101.7737361388726,101.40988309575376,100.13471107472319,99.77574145110448,,,,,,,106.81480719486302,106.56304911666791,105.915288517155,105.62398661218985,103.96426915566784,103.4882629742096,102.26718122201574,100.13471107472319,99.77574145110448,,,,107.92173336875037,103.12257717680696,98.13347734306583,97.7312751413902,97.75825852759303,,,107.86798995067832,"rgba(239, 83, 80, 0.75)",0.5509929366275063,104.80336479371547,6.4731051329170155,43.92627823824773,-12.742461383419055,False,True,False,True,True,11.21679983734263,108.0724,103.60772499999999,0.0,0.0,0.0,0.0,0,1.0390296390492022,0.8979751540643647,False,False,False,False,0.29828539156910583,0.24071279204477636,False,False,False,False,-69240.0,-67372.16031806386,False,False,False,False,1604.5559891518403,False,False,False,False
2025-06-16 15:00:00+00:00,108.365,108.475,108.075,108.18,773.0,,,,,,,,,,,,,,,,,,,,107.70835443037974,107.60399679368602,107.92423567499148,107.94115618088561,107.96109832841692,108.0679447666606,108.07625975043669,107.98838224299062,107.61822605267496,106.85699211151719,106.85699211151719,106.5700771599093,106.11494758827781,105.92301143402369,105.6319937740903,104.40660071094248,104.10299114981841,103.9739209735904,103.49834246949737,103.32328248217391,102.99208121107402,102.66890847354915,102.27808210568871,101.78493573091109,101.42124699171882,100.1466278564249,99.7877666067134,,,,,,,106.82133855605306,106.5700771599093,105.92301143402369,105.6319937740903,103.9739209735904,103.49834246949737,102.27808210568871,100.1466278564249,99.7877666067134,,,108.24333333333333,107.9423347421342,103.13293911820345,98.14481438632326,97.73926844931381,97.76572606170598,,,107.90892852105596,#000000,0.5476253240059994,105.32708749669601,5.209606601890352,47.929659723463516,-9.29579250003453,False,True,False,False,True,9.812166296072338,108.08030000000001,103.67245000000001,0.0,0.0,0.0,0.0,0,1.0361116533281276,0.9011321491313685,False,False,False,False,0.3000800656768239,0.2703964288608001,False,False,False,False,-70013.0,-67413.1035689466,False,False,False,False,1591.6636482347574,False,False,False,False
2025-06-16 16:00:00+00:00,108.18,108.265,107.94,107.945,1002.0,,,,,,,,,,,,,,,,,,,,107.7906054781355,107.67373699542239,107.93281051533297,107.94605716083227,107.96426593651472,108.0674889947868,108.07579590193798,107.98925735627618,107.62222407042901,106.86411128051203,106.86411128051203,106.57805767088416,106.12383646832838,105.9321185297553,105.64153740759708,104.41799187582946,104.11473980520417,103.9858038944136,103.51081481025699,103.33596652526185,103.0050783378426,102.68219367884343,102.29169726674841,101.79896274638611,101.43550543474375,100.16165533163812,99.80294821341793,,,,,,,106.82857740786693,106.57805767088416,105.9321185297553,105.64153740759708,103.9858038944136,103.51081481025699,102.29169726674841,100.16165533163812,99.80294821341793,,,108.13419530516431,107.95058943555998,103.14580273796159,98.15919160408772,97.74942131494971,97.77521170506074,,,107.93000229240485,#000000,0.5164884900532914,105.32860411762528,5.0657389908238954,49.14823202736743,-8.266355402753092,False,True,False,False,True,8.103417562553709,108.0817,103.74055,0.0,0.0,0.0,0.0,0,1.0343074968233796,0.906558498680481,False,False,False,False,0.2795511583976679,0.274973793629234,False,False,False,False,-71015.0,-67468.9469244668,False,False,False,False,1582.5215761691022,False,False,False,False
2025-06-16 17:00:00+00:00,107.95,107.99,107.55,107.555,364.0,,,,,,,,,,,,,,,,,,,,107.7831845632641,107.67505906674542,107.92714320495796,107.9420702716246,107.96086779470618,108.0641140692369,108.07338923921294,107.9877640917893,107.62247922365388,106.86591579706356,106.86591579706356,106.5802479540079,106.12645951281428,105.93486147376385,105.64448222897016,104.4217134021925,104.11861062642807,103.98973146937152,103.51497905932237,103.3402149775257,103.00945535345976,102.686688494027,102.29632631219934,101.8037570551462,101.44039539333413,100.16685753511938,99.80821489984649,,,,,,,106.8304349556527,106.5802479540079,105.93486147376385,105.64448222897016,103.98973146937152,103.51497905932237,102.29632631219934,100.16685753511938,99.80821489984649,,,108.06002337540906,107.94375393930372,103.15012520410879,98.16421880519826,97.75297888194228,97.7785354649346,,,107.92669903769217,#000000,0.4963068561813925,105.32547185261784,4.492237251236584,47.78008430362557,-8.266355402753092,False,True,False,False,True,5.361595485083917,108.07560000000001,103.8054,0.0,0.0,0.0,0.0,0,1.030243902439024,0.9074146341463415,False,False,False,False,0.24060422143538898,0.2577890075323115,False,False,False,False,-71379.0,-67529.56790238204,False,False,False,False,1563.6297687866356,False,False,False,False
2025-06-16 18:00:00+00:00,107.55,107.605,107.335,107.375,534.0,,,,,,,,,,,,,,,,,,,,107.74679117259552,107.65775663837941,107.91040442905393,107.93045109642493,107.95125258442454,108.05583215610467,108.06750419385442,107.98365777933283,107.62157799549695,106.86772653673756,106.86772653673756,106.58270210824928,106.12965793410552,105.93827906617061,105.6482421850468,104.4267257396701,104.1238627919792,103.99507543924813,103.52069442777331,103.34606170550425,103.01550658465378,102.69292663998372,102.30277678720348,101.81046676879984,101.44725784611168,100.17421334096134,99.81567441333937,,,,,,,106.83233364918007,106.58270210824928,105.93827906617061,105.6482421850468,103.99507543924813,103.52069442777331,102.30277678720348,100.17421334096134,99.81567441333937,,,107.9358249158249,107.92443020452974,103.15608992258562,98.17138343320417,97.75805702725032,97.7832798058114,,,107.91295625627129,"rgba(239, 83, 80, 0.75)",0.4546894495066368,105.31837997725711,4.523131172219714,45.94043662274666,-8.266355402753092,False,True,False,True,True,4.1320220528364615,108.0605,103.8697,0.0,0.0,0.0,0.0,0,1.0257535850160955,0.9136669593210417,False,False,False,False,0.20338532545310473,0.2305871664927081,False,False,False,False,-71913.0,-67597.528089942,False,False,False,False,1547.6665165573854,False,False,False,False
2025-06-16 19:00:00+00:00,107.36,107.445,106.85,106.915,2845.0,,,,,,,,,,,,,,,,,,,,107.50321484292641,107.49302728795192,107.78073630167943,107.83628340257476,107.87257178722737,107.99089970057572,108.0205727177011,107.9486708167889,107.60756142293998,106.8710790053693,106.8710790053693,106.59001584404255,106.14171566639021,105.9518208958781,105.66394364803018,104.44991972188205,104.14848830240119,104.02025369670558,103.5480290758582,103.37415374702698,103.04480726634455,102.72332914222189,102.3344267065555,101.8436244651313,101.48132433082824,100.2111789766036,99.85326344089938,,,,,,,106.8362237890312,106.59001584404255,105.9518208958781,105.66394364803018,104.02025369670558,103.5480290758582,102.3344267065555,100.2111789766036,99.85326344089938,,,107.48941826748819,107.77983979697042,103.1848810998234,98.20785890060237,97.78399639976762,97.80751666276782,,,107.8057471071782,"rgba(239, 83, 80, 1.0)",0.456851277865394,105.28496513618606,3.5679770262002375,42.589388231790245,-8.266355402753092,False,True,False,True,False,1.0958515790370313,108.0376,103.92935000000001,0.0,0.0,0.0,0.0,0,1.0131642628980733,0.9190785015971348,False,False,False,False,0.16256663629340432,0.19657690139305622,False,False,False,False,-74758.0,-67708.54315831499,False,False,False,False,1567.7802139751002,False,False,False,False
2025-06-17 14:00:00+00:00,106.87,106.89,106.495,106.68,628.0,,,,,,,,,,,,,,,,,,,,107.4432423141529,107.44614466400718,107.7447563853779,107.809205854367,107.84968372675141,107.97223301081651,108.00687897932796,107.93810674514721,107.60243391600939,106.87041286720105,106.87041286720105,106.59034049481903,106.14325847940073,105.95376111094797,105.66643479669509,104.45424695633433,104.15316582941587,104.02506744197402,103.5533585152276,103.37966324039246,103.05061020713183,102.72939903711375,102.34079800008696,101.85035699454383,101.48827880700668,100.21883427966321,99.8610723061287,,,,,,,106.83569137593011,106.59034049481903,105.95376111094797,105.66643479669509,104.02506744197402,103.5533585152276,102.34079800008696,100.21883427966321,99.8610723061287,,,107.40756318472717,107.74053555045873,103.1905606969194,98.21552515309986,97.78946821161992,97.81262987825605,,,107.7762814599935,"rgba(239, 83, 80, 1.0)",0.46190033439701356,105.27677715717343,3.0379342432354215,39.40115342430877,-3.3959160253355094,False,True,False,True,False,0.0,108.0134,103.98862500000001,0.0,0.0,0.0,0.0,0,1.0038617493724655,0.9331917358563429,False,False,False,False,0.10967706959077234,0.15312698549191428,False,False,False,False,-75386.0,-67827.57349694576,False,False,False,False,1553.2099780995172,False,False,False,False
2025-06-17 15:00:00+00:00,106.685,106.83,106.535,106.83,260.0,,,,,,,,,,,,,,,,,,,,107.42220175139315,107.42931666515688,107.73112761076906,107.79878477905075,107.84080867910319,107.96491602770597,108.00147527312832,107.933934599577,107.60042761097918,106.87020379460965,106.87020379460965,106.59053343765095,106.14394525498292,105.95460860559282,105.66750620564976,104.45606824764567,104.15513036118426,104.02708765745048,103.55559010552678,103.38196868654005,103.05303584613641,102.73193406173995,102.34345657938451,101.8531637905169,101.49117656227972,100.22201957195517,99.86432054238053,,,,,,,106.83553656130631,106.59053343765095,105.95460860559282,105.66750620564976,104.02708765745048,103.55559010552678,102.34345657938451,100.22201957195517,99.86432054238053,,,107.38013060672283,107.72571600753297,103.19293580056461,98.21871123572276,97.79174266532694,97.81475541853447,,,107.76532067323554,"rgba(239, 83, 80, 1.0)",0.46159629996491286,105.27398009241891,3.370954029959438,38.48514966668916,-4.505647282193877,False,True,False,True,False,0.5544905311627026,107.98640000000002,104.04485000000001,0.0,0.0,0.0,0.0,0,1.006288699690402,0.9348877708978327,False,False,False,False,0.09870905335152348,0.12591801942171887,False,False,False,False,-75126.0,-67940.72739621792,False,False,False,False,1533.160210997199,False,False,False,False
2025-06-17 16:00:00+00:00,106.835,106.965,106.395,106.41,317.0,,,,,,,,,,,,,,,,,,,,107.39324368825466,107.40588734296115,107.71271295730675,107.78469762141098,107.82881876826933,107.95509940163821,107.9942203900077,107.92829185430462,107.59759708144443,106.86968994176407,106.86968994176407,106.5905325512028,106.14457911393824,105.95545147606931,105.66863607502827,104.45814688885335,104.15739005798643,104.02941788516216,103.55818552166023,103.38465657355918,103.05587521282673,102.734911181867,102.34658914494172,101.85648231024004,101.49460987273551,100.22581454006306,99.86819512669396,,,,,,,106.83509183764812,106.5905325512028,105.95545147606931,105.66863607502827,104.02941788516216,103.55818552166023,102.34658914494172,100.22581454006306,99.86819512669396,,,107.34287470871136,107.70573365895174,103.1957115375032,98.2225279912821,97.79447026552478,97.81730442159714,,,107.75037150301918,"rgba(239, 83, 80, 1.0)",0.48172458580991545,105.26994071533662,2.3666205094070865,36.09341818165998,-7.062559340277637,False,True,False,True,False,0.0,107.9466,104.09615,0.0,0.0,0.0,0.0,0,1.0001950648590652,0.9488930069248022,False,False,False,False,0.09840845258248813,0.11216323600210351,False,False,False,False,-75443.0,-68057.04170015252,False,False,False,False,1514.305013927475,False,False,False,False
2025-06-17 17:00:00+00:00,106.43,106.61,106.2,106.285,209.0,,,,,,,,,,,,,,,,,,,,107.37018295954502,107.38707666810781,107.69852507597511,107.77387249179132,107.81962563979286,107.94764937529894,107.98871795700491,107.92397627758918,107.59532476257682,106.86908047272091,106.86908047272091,106.59028572550662,106.14478543213636,105.95580935179107,105.66919794718956,104.45937072829686,104.15874000949917,104.03081710681076,103.55976745670264,103.38630202816164,103.05762570911752,102.7367570900373,102.34854256117546,101.85856380961634,101.49677110337797,100.22822574199249,99.87066179569533,,,,,,,106.8345311441855,106.59028572550662,105.95580935179107,105.66919794718956,104.03081710681076,103.55976745670264,102.34854256117546,100.22822574199249,99.87066179569533,,,107.31339175803036,107.69035928527013,103.19741797130273,98.22497488323494,97.79622168423214,97.81894110256732,,,107.73870330563815,"rgba(239, 83, 80, 1.0)",0.5124464111704654,105.26654243669246,1.987442083907473,34.013231677439094,-9.314203659953847,False,True,False,True,False,0.0,107.9015,104.14859999999999,0.0,0.0,0.0,0.0,0,0.9879529777518701,0.9558923540270085,False,False,False,False,0.06543830004413494,0.08880076802311923,False,False,False,False,-75652.0,-68174.79299162302,False,False,False,False,1494.0677268898398,False,False,False,False
2025-06-17 18:00:00+00:00,106.29,106.41,106.04,106.25,780.0,,,,,,,,,,,,,,,,,,,,107.28237795821367,107.31417915485352,107.64313567262802,107.73124671869458,107.7832972684655,107.91818858141656,107.96686774226154,107.90673587051731,107.5860181194335,106.86622809641318,106.86622809641318,106.58883371577573,106.14509367775565,105.95671146635995,105.67089161056734,104.46360970444096,104.16346376189681,104.03573058329016,103.56537924922478,103.39215621015485,103.06388291333222,102.74338018153219,102.35557764399597,101.86608866827055,101.50460233900776,100.23701507301635,99.87966472683999,,,,,,,106.83186686590005,106.58883371577573,105.95671146635995,105.67089161056734,104.03573058329016,103.56537924922478,102.35557764399597,100.23701507301635,99.87966472683999,,,107.20415348374826,107.63056341856958,103.20350624035322,98.23394635184398,97.80265142314833,97.82494973751068,,,107.69325362088134,"rgba(239, 83, 80, 1.0)",0.5438186883171078,105.25320832568573,1.8329485465071482,32.48267314219842,-11.068341930066154,False,True,False,True,False,0.0,107.8576,104.19959999999999,0.0,0.0,0.0,0.0,0,0.9843023255813953,0.9609496124031005,False,False,False,False,0.04393893817086082,0.06636985309699003,False,False,False,False,-76432.0,-68302.81170493118,False,False,False,False,1482.9969094186795,False,False,False,False
2025-06-17 19:00:00+00:00,106.26,106.355,106.085,106.11,1263.0,,,,,,,,,,,,,,,,,,,,107.16020814997358,107.2092219037821,107.55893169224213,107.66486928326486,107.72608775456278,107.87122019535133,107.93163006184236,107.87874099701614,107.5706681078677,106.8613026996056,106.8613026996056,106.58618028319336,106.14530801627842,105.95789803222507,105.6733706924069,104.47023807489325,104.17088348951694,104.04346035215505,103.57424688676124,103.40141867404458,103.07380363520377,102.75389856612772,102.36676900527257,101.87807953772442,101.51709464868333,100.25107437879863,99.8940743509226,,,,,,,106.8272462688953,106.58618028319336,105.95789803222507,105.6733706924069,104.04346035215505,103.57424688676124,102.36676900527257,100.25107437879863,99.8940743509226,,,107.06049935004641,107.54038375515978,103.21315110239784,98.24834014787456,97.81298027544108,97.83460318055417,,,107.62511375475441,"rgba(239, 83, 80, 1.0)",0.5735612630920106,105.2340733306352,1.5271719443582534,30.863616827940305,-12.926543040325718,False,True,False,True,False,0.0,107.8048,104.248025,0.0,0.0,0.0,0.0,0,0.9866149369544127,0.9621726479146456,False,False,False,False,0.04334240431326491,0.054856128705127474,False,False,False,False,-77695.0,-68448.42702733535,False,False,False,False,1479.5861046214907,False,False,False,False
2025-06-18 14:00:00+00:00,106.465,106.74,106.1,106.13,3611.0,,,,,,,,,,,,,,,,,,,,106.95838119726618,107.02344203108969,107.38400929156703,107.5183568735382,107.5959835700648,107.76001452389482,107.84563927920993,107.80970990089679,107.53282594266703,106.85043332419446,106.85043332419446,106.58135309863833,106.14811595468971,105.9632878189445,105.68223802741161,104.49043616716214,104.19325444133273,104.06668242989754,103.60061462154354,103.42888052100386,103.10308415638164,102.78483283933132,102.39956839963386,101.91310062754488,101.55350638810623,100.29184658786279,99.93582038363007,,,,,,,106.81718650833143,106.58135309863833,105.9632878189445,105.68223802741161,104.06668242989754,103.60061462154354,102.39956839963386,100.29184658786279,99.93582038363007,,,106.8490019333651,107.35634819932999,103.24166879961538,98.28992790778051,97.84286276652867,97.8625411671631,,,107.48694208344092,"rgba(239, 83, 80, 1.0)",0.6015312442716713,105.20162694365216,1.543349684972562,30.018632116586225,-14.088475555254675,False,True,False,True,False,0.0,107.7527,104.29512500000001,0.0,0.0,0.0,0.0,0,0.9871364116348273,0.9509455697417681,False,False,False,False,0.06723236952862471,0.061044249116876094,False,False,False,False,-74084.0,-68535.80025171775,False,False,False,False,1512.6312812940257,False,False,False,False
2025-06-18 15:00:00+00:00,106.12,106.22,105.955,106.01,1230.0,,,,,,,,,,,,,,,,,,,,106.8903099220309,106.95932019802339,107.32317668399597,107.46611073851597,107.54899480450497,107.71944573914396,107.8137302776041,107.78367751100778,107.51777841069736,106.84504201096956,106.84504201096956,106.57812236126975,106.1476539803913,105.96377959123957,105.68399311549103,104.49624810164644,104.19984567892378,104.07358011451954,103.60862893411453,103.43728222338109,103.11213707617698,102.79447761997628,102.40988010753424,101.92420374242688,101.56511001574346,100.30501282572168,99.9493391955351,,,,,,,106.81208366280096,106.57812236126975,105.96377959123957,105.68399311549103,104.07358011451954,103.60862893411453,102.40988010753424,100.30501282572168,99.9493391955351,,,106.7789076674387,107.29292891278376,103.25044892515986,98.30353790291615,97.8526810674347,97.8717226100073,,,107.43809573435337,"rgba(239, 83, 80, 1.0)",0.6341571550447832,105.18935875949731,1.2940660433686078,28.874156349106325,-15.557066033400872,False,True,False,True,False,0.0,107.7066,104.34377500000001,0.0,0.0,0.0,0.0,0,0.9867803429447263,0.9595746719034388,False,False,False,False,0.027544169633795718,0.0442942093753359,False,False,False,False,-75314.0,-68640.88861990818,False,False,False,False,1508.2494009638858,False,False,False,False
2025-06-18 16:00:00+00:00,105.99,106.28,105.93,105.97,789.0,,,,,,,,,,,,,,,,,,,,106.85175563010044,106.92243675711268,107.2869692290925,107.43448797613279,107.52030714820603,107.69440217287352,107.79383705215942,107.76736725752158,107.50827610849038,106.84161503690346,106.84161503690346,106.57606440532345,106.14735453767408,105.96408713793802,105.68510548681417,104.49994971708355,104.20404552599847,104.07797598278992,103.61373892558345,103.4426400302759,103.11791181789212,102.80063141892212,102.41646116832831,101.93129189239284,101.57251917505818,100.3134244610758,99.95797729383344,,,,,,,106.80883931744499,106.57606440532345,105.96408713793802,105.68510548681417,104.07797598278992,103.61373892558345,102.41646116832831,100.3134244610758,99.95797729383344,,,106.74007040967705,107.2553683539905,103.25604900549042,98.31224127910558,97.85896553151967,97.87760015538673,,,107.40894540289987,"rgba(239, 83, 80, 1.0)",0.6658316752881501,105.1822279084649,1.1831400048581069,27.91126631180972,-16.85385158649396,False,True,False,True,False,0.0,107.6577,104.38627500000001,0.0,0.0,0.0,0.0,0,0.9857293362704721,0.9625514797433194,False,False,False,False,0.029629770964320838,0.036961990169828374,False,False,False,False,-76103.0,-68756.58026921192,False,False,False,False,1497.0982474605696,False,False,False,False
2025-06-18 17:00:00+00:00,105.97,106.16,105.97,106.075,344.0,,,,,,,,,,,,,,,,,,,,106.83621010229196,106.90743259115516,107.27192758043297,107.42122246685673,107.50821205443627,107.68377285827397,107.78534530281355,107.76038653862994,107.50419543828141,106.84014607240026,106.84014607240026,106.57518666211026,106.14723701522823,105.96423220898026,105.68559915219966,104.50156671402051,104.20587890222981,104.07989450702381,103.61596775981671,103.44497657604057,103.12042961084964,102.80331403072505,102.41932960007304,101.93438091207048,101.57574787475681,100.31708950595569,99.96174095341776,,,,,,,106.80744918915482,106.57518666211026,105.96423220898026,105.68559915219966,104.07989450702381,103.61596775981671,102.41932960007304,100.31708950595569,99.96174095341776,,,106.72461268312261,107.23980839334935,103.2584908653555,98.31603387055044,97.86170529534675,97.88016270196383,,,107.39681368686132,"rgba(239, 83, 80, 1.0)",0.6896134313380908,105.17931776494592,1.2988178512070823,28.810245776960592,-16.85385158649396,False,True,False,True,False,0.0,107.61290000000001,104.42942500000001,0.0,0.0,0.0,0.0,0,0.9881798962137227,0.9634826061887372,False,False,False,False,0.02486303163012134,0.030912510899974856,False,False,False,False,-75759.0,-68865.14491620088,False,False,False,False,1479.2207552518785,False,False,False,False
2025-06-18 18:00:00+00:00,106.28,106.37,105.895,105.95,195.0,,,,,,,,,,,,,,,,,,,106.07166666666666,106.8277059684749,106.89919199069628,107.26358798028389,107.4138348024629,107.5014605577113,107.67782131137197,107.78057795372948,107.75646260570454,107.5018978686538,106.8393194359402,106.8393194359402,106.57469371395676,106.14717335930908,105.96431689228976,105.68588085945541,104.50248379276705,104.20691842740608,104.08098222128869,103.61723111605932,103.44630090623507,103.12185655237734,102.80483429264773,102.42095508387537,101.93613131773357,101.57757739477756,100.31916620554492,99.96387352838696,,,,,,,106.80666703917726,106.57469371395676,105.96431689228976,105.68588085945541,104.08098222128869,103.61723111605932,102.42095508387537,100.31916620554492,99.96387352838696,,,106.71620509772848,107.23119247547723,103.25987481677889,98.31818301769081,97.86325817765946,97.88161518741083,,,107.17948090392467,"rgba(239, 83, 80, 1.0)",0.7196267676246527,105.43618796698159,0.7139979446767994,28.622007875399362,-16.866786265076065,False,True,False,True,False,0.0,107.5658,104.47082499999999,0.0,0.0,0.0,0.0,0,0.9810852120748945,0.9615972487581197,False,False,False,False,0.032907672187418746,0.0319100915436968,False,False,False,False,-75954.0,-68975.04964618226,False,False,False,False,1459.3103559456476,False,False,False,False
2025-06-18 19:00:00+00:00,105.93,106.45,105.895,106.205,2935.0,,,,,,,,,,,,,,,,,,106.18333333333332,106.17637646432374,106.73529740382423,106.80668383820596,107.16131225806454,107.3201677170596,107.41437859211571,107.59914994170927,107.71638634807614,107.70330410871632,107.47081788028945,106.82886801363621,106.82886801363621,106.56901065554439,106.1476260665805,105.96688481727682,105.69128486950386,104.5171318603988,104.22335448483645,104.09812174661813,103.63694845286156,103.46691468651102,103.14397514353207,102.8283228791116,102.44599012284101,101.96300596829364,101.60561502265625,100.35084637746249,99.99637619394406,,,,,,,106.79685089201882,106.56901065554439,105.96688481727682,105.69128486950386,104.09812174661813,103.63694845286156,102.44599012284101,100.35084637746249,99.99637619394406,,106.18333333333332,106.62969707026568,107.12648861199062,103.28136254509819,98.35085096391516,97.88687728829653,97.90371212588384,,,106.92458744357955,"rgba(239, 83, 80, 0.75)",0.7405320828721712,105.4236602780808,1.0551058353727916,32.09602427112684,-16.866786265076065,False,True,False,True,True,0.0,107.522,104.51375,0.0,0.0,0.0,0.0,0,0.9788625592417057,0.9623696682464453,False,False,False,False,0.037676809834166616,0.03479345068893171,False,False,False,False,-73019.0,-69037.74655089261,False,False,False,False,1482.1892651557928,False,False,False,False
2025-06-19 14:00:00+00:00,106.205,106.205,106.205,106.205,0.0,,,,,,,,,,,,,,,,,,106.18333333333332,106.17637646432374,106.73529740382423,106.80668383820596,107.16131225806454,107.3201677170596,107.41437859211571,107.59914994170927,107.71638634807614,107.70330410871632,107.47081788028945,106.82886801363621,106.82886801363621,106.56901065554439,106.1476260665805,105.96688481727682,105.69128486950386,104.5171318603988,104.22335448483645,104.09812174661813,103.63694845286156,103.46691468651102,103.14397514353207,102.8283228791116,102.44599012284101,101.96300596829364,101.60561502265625,100.35084637746249,99.99637619394406,,,,,,,106.79685089201882,106.56901065554439,105.96688481727682,105.69128486950386,104.09812174661813,103.63694845286156,102.44599012284101,100.35084637746249,99.99637619394406,,106.18333333333332,106.62969707026568,107.12648861199062,103.28136254509819,98.35085096391516,97.88687728829653,97.90371212588384,,,106.92458744357955,"rgba(239, 83, 80, 0.75)",0.7598936151222387,105.4236602780808,1.0282225121650836,34.41203520161183,-20.017591531789627,False,True,False,True,True,0.0,107.4774,104.55725000000001,0.0,0.0,0.0,0.0,0,0.9920536141694587,0.9664911440880802,False,False,False,False,0.04155298598998075,0.03817321833945623,False,False,False,False,-73019.0,-69099.4714105687,False,False,False,False,1459.2095866262455,False,False,False,False
2025-06-19 15:00:00+00:00,106.205,106.205,106.205,106.205,0.0,,,,,,,,,,,,,,,,,,106.18333333333332,106.17637646432374,106.73529740382423,106.80668383820596,107.16131225806454,107.3201677170596,107.41437859211571,107.59914994170927,107.71638634807614,107.70330410871632,107.47081788028945,106.82886801363621,106.82886801363621,106.56901065554439,106.1476260665805,105.96688481727682,105.69128486950386,104.5171318603988,104.22335448483645,104.09812174661813,103.63694845286156,103.46691468651102,103.14397514353207,102.8283228791116,102.44599012284101,101.96300596829364,101.60561502265625,100.35084637746249,99.99637619394406,,,,,,,106.79685089201882,106.56901065554439,105.96688481727682,105.69128486950386,104.09812174661813,103.63694845286156,102.44599012284101,100.35084637746249,99.99637619394406,,106.18333333333332,106.62969707026568,107.12648861199062,103.28136254509819,98.35085096391516,97.88687728829653,97.90371212588384,,,106.92458744357955,"rgba(239, 83, 80, 0.75)",0.7789616673986779,105.4236602780808,1.003052851789818,35.95604248860182,-18.45168205736004,False,True,False,True,True,0.0,107.4358,104.600275,0.0,0.0,0.0,0.0,0,0.9930635838150287,0.9613680154142581,False,False,False,False,0.04155298598998075,0.039863102164718486,False,False,False,False,-73019.0,-69160.23929567616,False,False,False,False,1436.5861821824276,False,False,False,False
2025-06-19 16:00:00+00:00,106.205,106.205,106.205,106.205,0.0,,,,,,,,,,,,,,,,,,106.18333333333332,106.17637646432374,106.73529740382423,106.80668383820596,107.16131225806454,107.3201677170596,107.41437859211571,107.59914994170927,107.71638634807614,107.70330410871632,107.47081788028945,106.82886801363621,106.82886801363621,106.56901065554439,106.1476260665805,105.96688481727682,105.69128486950386,104.5171318603988,104.22335448483645,104.09812174661813,103.63694845286156,103.46691468651102,103.14397514353207,102.8283228791116,102.44599012284101,101.96300596829364,101.60561502265625,100.35084637746249,99.99637619394406,,,,,,,106.79685089201882,106.56901065554439,105.96688481727682,105.69128486950386,104.09812174661813,103.63694845286156,102.44599012284101,100.35084637746249,99.99637619394406,,106.18333333333332,106.62969707026568,107.12648861199062,103.28136254509819,98.35085096391516,97.88687728829653,97.90371212588384,,,106.92458744357955,"rgba(239, 83, 80, 0.75)",0.7965351883649379,105.4236602780808,0.9809230443705389,36.985380679928475,-17.334951303366225,False,True,False,True,True,0.0,107.3993,104.643125,0.0,0.0,0.0,0.0,0,0.9964098583349502,0.9585678245682127,False,False,False,False,0.04155298598998075,0.04070804407734962,False,False,False,False,-73019.0,-69220.06504303002,False,False,False,False,1414.3135281951031,False,False,False,False
2025-06-19 17:00:00+00:00,106.205,106.205,106.205,106.205,0.0,,,,,,,,,,,,,,,,,,106.18333333333332,106.17637646432374,106.73529740382423,106.80668383820596,107.16131225806454,107.3201677170596,107.41437859211571,107.59914994170927,107.71638634807614,107.70330410871632,107.47081788028945,106.82886801363621,106.82886801363621,106.56901065554439,106.1476260665805,105.96688481727682,105.69128486950386,104.5171318603988,104.22335448483645,104.09812174661813,103.63694845286156,103.46691468651102,103.14397514353207,102.8283228791116,102.44599012284101,101.96300596829364,101.60561502265625,100.35084637746249,99.99637619394406,,,,,,,106.79685089201882,106.56901065554439,105.96688481727682,105.69128486950386,104.09812174661813,103.63694845286156,102.44599012284101,100.35084637746249,99.99637619394406,,106.18333333333332,106.62969707026568,107.12648861199062,103.28136254509819,98.35085096391516,97.88687728829653,97.90371212588384,,,106.92458744357955,"rgba(239, 83, 80, 0.75)",0.8136313495498095,105.4236602780808,0.9603117214590106,37.67160614081292,-16.48860386913146,False,True,False,True,True,0.0,107.36519999999999,104.68485000000001,0.0,0.0,0.0,0.0,0,0.9907353228008581,0.9618685391066899,False,False,False,False,0.04155298598998075,0.04113051503366519,False,False,False,False,-73019.0,-69278.96325941714,False,False,False,False,1392.3861866726984,False,False,False,False
2025-06-19 18:00:00+00:00,106.205,106.205,106.205,106.205,0.0,,,,,,,,,,,,,,,,,,106.18333333333332,106.17637646432374,106.73529740382423,106.80668383820596,107.16131225806454,107.3201677170596,107.41437859211571,107.59914994170927,107.71638634807614,107.70330410871632,107.47081788028945,106.82886801363621,106.82886801363621,106.56901065554439,106.1476260665805,105.96688481727682,105.69128486950386,104.5171318603988,104.22335448483645,104.09812174661813,103.63694845286156,103.46691468651102,103.14397514353207,102.8283228791116,102.44599012284101,101.96300596829364,101.60561502265625,100.35084637746249,99.99637619394406,,,,,,,106.79685089201882,106.56901065554439,105.96688481727682,105.69128486950386,104.09812174661813,103.63694845286156,102.44599012284101,100.35084637746249,99.99637619394406,,106.18333333333332,106.62969707026568,107.12648861199062,103.28136254509819,98.35085096391516,97.88687728829653,97.90371212588384,,,106.92458744357955,"rgba(239, 83, 80, 0.75)",0.8299608315934327,105.4236602780808,0.9414175852360526,38.12908978140255,-15.80798212925881,False,True,False,True,True,0.0,107.32799999999999,104.726525,0.0,0.0,0.0,0.0,0,0.9921514765034825,0.9610517021485331,False,False,False,False,0.04155298598998075,0.04134175051182297,False,False,False,False,-73019.0,-69336.94832516261,False,False,False,False,1370.7988039335867,False,False,False,False
2025-06-19 19:00:00+00:00,106.205,106.205,106.205,106.205,0.0,,,,,,,,,,,,,,,,,,106.18333333333332,106.17637646432374,106.73529740382423,106.80668383820596,107.16131225806454,107.3201677170596,107.41437859211571,107.59914994170927,107.71638634807614,107.70330410871632,107.47081788028945,106.82886801363621,106.82886801363621,106.56901065554439,106.1476260665805,105.96688481727682,105.69128486950386,104.5171318603988,104.22335448483645,104.09812174661813,103.63694845286156,103.46691468651102,103.14397514353207,102.8283228791116,102.44599012284101,101.96300596829364,101.60561502265625,100.35084637746249,99.99637619394406,,,,,,,106.79685089201882,106.56901065554439,105.96688481727682,105.69128486950386,104.09812174661813,103.63694845286156,102.44599012284101,100.35084637746249,99.99637619394406,,106.18333333333332,106.62969707026568,107.12648861199062,103.28136254509819,98.35085096391516,97.88687728829653,97.90371212588384,,,106.92458744357955,"rgba(239, 83, 80, 0.75)",0.8456168280120198,105.4236602780808,0.9239879056759848,38.43407887512897,-15.23320068493745,False,True,False,True,True,0.0,107.28900000000002,104.76727499999998,0.0,0.0,0.0,0.0,0,1.000797289216663,0.9614311341439105,False,False,False,False,0.04155298598998075,0.04144736825090186,False,False,False,False,-73019.0,-69394.0343976407,False,False,False,False,1349.5461092989574,False,False,False,False
2025-06-20 14:00:00+00:00,105.19,105.475,105.165,105.38,742.0,,,,,,,,,,,,,,,,,105.34,106.01315293264435,106.01609977617078,106.68648041619514,106.76028324948126,107.1187373196396,107.28278039305496,107.38030161471247,107.56947952988655,107.692484614759,107.68328571048042,107.45819549892622,106.82289508969609,106.82289508969609,106.56451528730136,106.14507792778429,105.96503212302743,105.69032275071734,104.51894079044824,104.22569719495274,104.10067606000797,103.64025028567748,103.47047431714145,103.1479788941826,102.8327297469851,102.45085029510041,101.96839948240209,101.61135337712653,100.35765111103758,100.00342676975585,,,,,,,106.79107384684454,106.56451528730136,105.96503212302743,105.69032275071734,104.10067606000797,103.64025028567748,102.45085029510041,100.35765111103758,100.00342676975585,,106.01315293264435,106.57885199156969,107.08247152581771,103.28518078302372,98.35818223221847,97.89222242465699,97.90871274723386,,,106.57472946273732,"rgba(239, 83, 80, 1.0)",0.8822837126156509,105.40278929410134,-0.025829893236702386,31.789517186218674,-14.198105371607298,False,True,False,True,False,0.0,107.23099999999998,104.804625,0.0,0.0,0.0,0.0,0,0.9893417546629822,0.9622027040363169,False,False,False,False,-0.06394357584834813,-0.011248103798723135,False,False,False,False,-73761.0,-69461.73929070054,False,False,False,False,1340.1267897749426,False,False,False,False
2025-06-20 15:00:00+00:00,105.375,105.63,105.325,105.42,1293.0,,,,,,,,,,,,,,,,,105.41518673218673,105.86881052984573,105.8764691836076,106.6159060338059,106.69225798413277,107.05374859996974,107.22466524602551,107.32681363580923,107.52224450596991,107.65400119896091,107.65092176560803,107.43776261931853,106.81342196820424,106.81342196820424,106.55750926597176,106.14132282874075,105.96243597414795,105.68922079480598,104.52252565498799,104.23018721094567,104.10552476902042,103.64637196871257,103.47703564484497,103.15529576542549,102.84073295646085,102.45962596663055,101.97808552365619,101.62162694913006,100.36974528364742,100.01594010983098,,,,,,,106.78192765776768,106.55750926597176,105.96243597414795,105.68922079480598,104.10552476902042,103.64637196871257,102.45962596663055,100.36974528364742,100.01594010983098,,105.86881052984573,106.50682103675715,107.01560923968417,103.29218188741802,98.37113682919242,97.90166619526543,97.91754921920034,,,106.5092322431729,"rgba(239, 83, 80, 1.0)",0.9160929818248102,105.37792808850794,0.045925372562350165,28.11773580364049,-17.442341069065762,False,True,False,True,False,0.0,107.179,104.8424,0.0,0.0,0.0,0.0,0,0.9908111846655469,0.9572176662385139,False,False,False,False,-0.04513211200474216,-0.028190107901732646,False,False,False,False,-72468.0,-69508.34798386798,False,False,False,False,1339.396141871455,False,False,False,False
2025-06-20 16:00:00+00:00,105.445,105.6,105.375,105.525,523.0,,,,,,,,,,,,,,,,,105.43252736512902,105.83369530918138,105.84185360993904,106.59055775133193,106.6675824429495,107.02953349424878,107.20272678260166,107.30647855298257,107.5041073174078,107.63909747578981,107.6383406028884,107.42978740901042,106.80974415603889,106.80974415603889,106.55480704368715,106.1399075351666,105.961479583363,105.68885793868463,104.52403213828951,104.2320553811474,104.107536282849,103.64889307868616,103.4797328756414,103.15829549466686,102.8440076074365,102.46321019002515,101.98203485721064,101.62581185233788,100.37466085118648,100.02102391034492,,,,,,,106.77837905500897,106.55480704368715,105.961479583363,105.68885793868463,104.107536282849,103.64889307868616,102.46321019002515,100.37466085118648,100.02102391034492,,105.83369530918138,106.48130534153866,106.99078497384987,103.29505516267204,98.37639408809106,97.90550039783525,97.9211372898162,,,106.48811941354548,"rgba(239, 83, 80, 1.0)",0.9442291913317981,105.36982247856866,0.16434306718739453,27.68006809297076,-17.74020969528364,False,True,False,True,False,0.0,107.13040000000001,104.8817,0.0,0.0,0.0,0.0,0,1.0024880573248407,0.9530254777070062,False,False,False,False,-0.06692117296564906,-0.04755564043369086,False,False,False,False,-71945.0,-69546.12553450569,False,False,False,False,1326.7388373463161,False,False,False,False
2025-06-20 17:00:00+00:00,105.56,105.6,105.175,105.26,403.0,,,,,,,,,,,,,,,,,105.42061465721041,105.80029228855722,105.80898018935041,106.56913120188956,106.64682130383413,107.0095438885781,107.18469451001174,107.28979727210697,107.4892881838,107.62693128133596,107.62805061031501,107.42319670845166,106.8065904999012,106.8065904999012,106.55242964465553,106.13855810031706,105.96049870699017,105.68835058975722,104.52500594556567,104.23331564533333,104.10891021596764,103.65066878390726,103.4816472563696,103.16044906728574,102.84637847285111,102.46582559764828,101.98493818208043,101.62890162408053,100.37832778942293,100.02482419084393,,,,,,,106.77532812037863,106.55242964465553,105.96049870699017,105.68835058975722,104.10891021596764,103.65066878390726,102.46582559764828,100.37832778942293,100.02482419084393,,105.80029228855722,106.45954055766794,106.97027246860891,103.29710880202184,98.38035177676964,97.90839197597825,97.92384328078079,,,106.46623441394232,"rgba(239, 83, 80, 1.0)",0.977762890616955,105.36268559573227,-0.10502095826880369,25.800427297696256,-19.525603885451332,False,True,False,True,False,0.0,107.0723,104.91842499999998,0.0,0.0,0.0,0.0,0,0.9911469213170196,0.9584203720282503,False,False,False,False,-0.0905711750439515,-0.06906340773882118,False,False,False,False,-72348.0,-69589.5654486994,False,False,False,False,1312.4173049843575,False,False,False,False
2025-06-20 18:00:00+00:00,105.255,105.48,105.235,105.34,517.0,,,,,,,,,,,,,,,,,105.41036563158903,105.76412521440822,105.77320066585955,106.54284364907005,106.62125448644522,106.9846839047122,107.1621495975576,107.26888015614561,107.47063050439228,107.61155626426867,107.61502239835866,107.41482934229202,106.80258293641073,106.80258293641073,106.54941014291853,106.1368481210761,105.95925850334777,105.68771450601497,104.52626197347563,104.23493790823997,104.11067782613638,103.65295030250202,103.48410619363243,103.16321404774513,102.8494215284108,102.46918165704297,101.98866283772504,101.63286501363231,100.38303041359859,100.02969765072781,,,,,,,106.77145126317033,106.54941014291853,105.95925850334777,105.68771450601497,104.11067782613638,103.65295030250202,102.46918165704297,100.38303041359859,100.02969765072781,,105.76412521440822,106.43297049682238,106.94479929581038,103.29974591104094,98.38542728591341,97.91210155182071,97.92731496682755,,,106.44093791322344,"rgba(239, 83, 80, 1.0)",1.0067697071528392,105.35413690717178,-0.01404184797311208,26.02648206737013,-19.525603885451332,False,True,False,True,False,0.0,107.01729999999999,104.9568,0.0,0.0,0.0,0.0,0,0.9880644519594189,0.961905709170479,False,False,False,False,-0.09896132147648433,-0.08401236460765275,False,False,False,False,-71831.0,-69624.31637197538,False,False,False,False,1300.08525374429,False,False,False,False
2025-06-20 19:00:00+00:00,105.33,105.425,105.05,105.075,4399.0,,,,,,,,,,,,,,,,,105.28357686936651,105.52782263534345,105.53745737560945,106.33183966646673,106.41446723767804,106.78085796229134,106.97468324216452,107.09347300027403,107.31250534322355,107.47953119013188,107.5021050390747,107.34068435880779,106.76550152790581,106.76550152790581,106.52079326869658,106.11953760334559,105.94603897738585,105.67973477287742,104.5346482526511,104.24650085318002,104.12350407869806,103.67021883574326,103.50290733199692,103.18467302237374,102.87329604567068,102.49577534030347,102.01845475853811,101.6647388085846,100.42134323425157,100.06950625933574,,,,,,,106.73548699627294,106.52079326869658,105.94603897738585,105.67973477287742,104.12350407869806,103.67021883574326,102.49577534030347,100.42134323425157,100.06950625933574,,105.52782263534345,106.2211830918991,106.73678080536914,103.32009484083228,98.4272797870052,97.94280547393612,97.956056964926,,,106.24302224864925,"rgba(239, 83, 80, 1.0)",1.0392767538863565,105.28566992746721,-0.20270820710596266,24.632624407659836,-20.90743647969218,False,True,False,True,False,0.0,106.9595,104.99265,0.0,0.0,0.0,0.0,0,0.9847791484281733,0.9654795065658573,False,False,False,False,-0.12168579572310632,-0.10284908016537954,False,False,False,False,-76230.0,-69726.73007163467,False,False,False,False,1348.1304436087196,False,False,False,False
2025-06-23 14:00:00+00:00,105.25,105.335,104.91,104.91,801.0,,,,,,,,,,,,,,,,,105.2621710071445,105.49498005109217,105.50450358514001,106.29665511483209,106.37969172772645,106.7459498966682,106.9420731801983,107.06267519082051,107.28439968649606,107.45573034464189,107.48155946225076,107.32691880325838,106.75838476054213,106.75838476054213,106.51521073396746,106.11601919150787,105.94327300561388,105.67793065258037,104.53584701533578,104.24828438069214,104.12552057566288,103.67305138162185,103.50602134990723,103.18827726589492,102.8773460202954,102.5003272241899,102.02359657903682,101.67026623907596,100.42806269876066,100.0765038596848,,,,,,,106.7285722598474,106.51521073396746,105.94327300561388,105.67793065258037,104.12552057566288,103.67305138162185,102.5003272241899,100.42806269876066,100.0765038596848,,105.49498005109217,106.1861723411942,106.7013079813934,103.32349439041289,98.4346977371116,97.94826720936804,97.9611711180335,,,106.21108746920278,"rgba(239, 83, 80, 1.0)",1.0747822951553467,105.27410273880702,-0.33876882829968213,22.90826462050442,-22.708154176328268,False,True,False,True,False,0.0,106.8959,105.02647499999999,0.0,0.0,0.0,0.0,0,0.9765020820939914,0.9703549474519135,False,False,False,False,-0.1372464405176365,-0.12004776034150802,False,False,False,False,-77031.0,-69839.97456664807,False,False,False,False,1339.64780107215,False,False,False,False
2025-06-23 15:00:00+00:00,104.885,105.005,104.67,104.71,394.0,,,,,,,,,,,,,,,,,105.24188161375662,105.47201077149441,105.4815938643938,106.27662491254202,106.36004761305479,106.72676756837696,106.92431200879018,107.04597430433536,107.26926982584419,107.44296174271028,107.4705250986851,107.31945130212817,106.75438257936351,106.75438257936351,106.51200146156604,106.1138817341191,105.94152887862576,105.67668488835415,104.5361422396345,104.24887942147646,104.12623525395438,103.67418180555059,103.50729490368767,103.189801542298,102.87909811469515,102.50233563697404,102.02590553492684,101.6727726113552,100.43117767043958,100.07976146753087,,,,,,,106.72467438742991,106.51200146156604,105.94152887862576,105.67668488835415,104.12623525395438,103.67418180555059,102.50233563697404,100.43117767043958,100.07976146753087,,105.47201077149441,106.16598443274034,106.68177136168553,103.32491406006409,98.43819912747911,97.9508537161042,97.96359302731385,,,106.19115158209301,"rgba(239, 83, 80, 1.0)",1.1149913626285064,105.26723338753936,-0.4997647571239787,20.918010640872616,-24.72359506819121,False,True,False,True,False,0.0,106.83230000000002,105.05992499999998,0.0,0.0,0.0,0.0,0,0.9781567923399163,0.9777578296429282,False,False,False,False,-0.18356824501228491,-0.15180800267689648,False,False,False,False,-77425.0,-69957.57186018841,False,False,False,False,1324.986594853977,False,False,False,False
2025-06-23 16:00:00+00:00,104.71,104.95,104.15,104.15,1192.0,,,,,,,,,,,,,,,,,105.14604605092231,105.37670278051368,105.38682059130954,106.2044781429656,106.28979924793789,106.66003530115036,106.86308603538097,106.98866703236423,107.21776491111147,107.39965317629921,107.43304364017021,107.29377914295536,106.74005433292206,106.74005433292206,106.500241280215,106.10561403831407,105.9345537463992,105.6713291886264,104.53573188359857,104.24943009796414,104.12717022169164,103.67643819568731,103.51000507545679,103.19331273724316,102.8833365246603,102.50739133132008,102.03191642550998,101.67941504636495,100.43975994855006,100.08880106303795,,,,,,,106.71068354531238,106.500241280215,105.9345537463992,105.6713291886264,104.12717022169164,103.67643819568731,102.50739133132008,100.43975994855006,100.08880106303795,,105.37670278051368,106.09241470557103,106.61365306826114,103.32809140139362,98.44813966739943,97.95823509215154,97.97050457051792,,,106.11445439781806,"rgba(239, 83, 80, 1.0)",1.1680146511164513,105.24155431016086,-0.9345382004562124,17.95444317446843,-27.581261183420352,False,True,False,True,False,0.0,106.7542,105.089225,0.0,0.0,0.0,0.0,0,0.962490102929533,0.9807996832937451,False,False,False,False,-0.22401072429504615,-0.18790936348597131,False,False,False,False,-78617.0,-70091.82656003044,False,False,False,False,1322.9247871818222,False,False,False,False
2025-06-23 17:00:00+00:00,104.11,104.895,104.075,104.745,1264.0,,,,,,,,,,,,,,,,104.57166666666669,105.08306760351607,105.30634630897232,105.31652760722244,106.13996999437394,106.22637285825546,106.59796565400055,106.80525726265351,106.93406703125187,107.16805446150343,107.35737953042091,107.39628176329481,107.26848787778553,106.7260521565583,106.7260521565583,106.48883114512395,106.09773104272631,105.92797488021226,105.66639499068759,104.53586228692714,104.25054766712941,104.12868243176558,103.67931383237358,103.51334965821594,103.1974830986331,102.88825724910032,102.51315617683684,102.03866960263764,101.6868205303764,100.44917346176119,100.0986874309732,,,,,,104.57166666666669,106.6970217143416,106.48883114512395,105.92797488021226,105.66639499068759,104.12868243176558,103.67931383237358,102.51315617683684,100.44917346176119,100.0986874309732,,105.30634630897232,106.0274900079936,106.55054774536892,103.33191739565736,98.458917402343,97.96623134387832,97.97799327436083,,,105.75589674445762,"rgba(239, 83, 80, 0.75)",1.1952954062095242,105.35819463733756,-0.5130067715077202,23.525203382794913,-31.385373319216534,False,True,False,True,True,0.0,106.6911,105.11984999999999,1.0,104.895,104.075,0.0,0,0.9636024722849016,0.9797900519964682,True,False,False,False,-0.2542837866657006,-0.22109657507583597,False,False,False,False,-77353.0,-70204.40289243306,False,False,False,False,1322.011224589856,False,False,False,False
2025-06-23 18:00:00+00:00,104.76,105.045,104.755,104.93,1351.0,,,,,,,,,,,,,,,,104.74646144040791,105.06491290731681,105.27248619366806,105.28222073000603,106.09013675213674,106.17640461539904,106.54599451521993,106.75547709775257,106.88634842800222,107.1236066429661,107.31889218048553,107.36260284754596,107.24529712170174,106.71360391351047,106.71360391351047,106.47891002623307,106.09124278239635,105.92274969636874,105.66278474938149,104.53730783383423,104.25298314603153,104.13151319382797,103.6835246576996,103.51803662552359,103.20300328706152,102.89453573680701,102.52028920061205,102.04680682260755,101.6956173002864,100.46000945166551,100.11000180157284,,,,,,104.74646144040791,106.68490518801805,106.47891002623307,105.92274969636874,105.66278474938149,104.13151319382797,103.6835246576996,102.52028920061205,100.46000945166551,100.11000180157284,,105.27248619366806,105.97872300105519,106.498091530184,103.33708970474186,98.47103036877358,97.97519328794246,97.98638840058732,,,105.74176178148838,"rgba(239, 83, 80, 0.75)",1.2131899912843256,105.35173825907367,-0.34762754564699005,29.03751899692299,-26.51348607675695,False,True,False,True,True,0.0,106.62819999999999,105.15145000000001,0.0,0.0,0.0,0.0,0,0.9759667688655922,0.9836811393531799,False,False,False,False,-0.19331494265505553,-0.20720575886544573,False,False,False,False,-76002.0,-70294.28811890696,False,False,False,False,1322.4606629683078,False,False,False,False
2025-06-23 19:00:00+00:00,104.95,105.38,104.945,105.33,4306.0,,,,,,,,,,,,,,,,105.04004334633724,105.10335505770536,105.26089662027834,105.26867905488554,105.99043194957194,106.07300198009877,106.42734952094362,106.63673465848615,106.76977065783709,107.01112917009416,107.2186316207578,107.27385682887832,107.18370232365574,106.6816346823833,106.6816346823833,106.45415857280527,106.07630447079836,105.91141094941358,105.65612476031727,104.54559235214732,104.26421424422134,104.14392016507813,103.7000816842411,103.53603059832629,103.22349813661951,102.91731127312065,102.54564058306234,102.07519743256583,101.72599630697009,100.49656694661076,100.14800512493576,,,,,,105.04004334633724,106.6538821068318,106.45415857280527,105.91141094941358,105.65612476031727,104.14392016507813,103.7000816842411,102.54564058306234,100.49656694661076,100.14800512493576,,105.26089662027834,105.88587369555354,106.37973080172404,103.35653905531584,98.51117019218944,98.0048668498451,98.01419634546606,,,105.72506152353837,"rgba(239, 83, 80, 0.5)",1.2216406152344155,105.33547885159007,-0.004484830908325975,36.05444790415888,-20.38608401516529,False,False,False,True,True,0.0,106.5733,105.18720000000002,0.0,0.0,0.0,0.0,0,0.9698557027080456,0.9805297489622461,False,False,False,False,-0.1554975025091601,-0.18135163068730292,False,False,False,False,-71696.0,-70316.0200860557,False,False,False,False,1368.7170867982566,False,False,False,False
2025-06-24 14:00:00+00:00,106.01,106.55,106.01,106.405,1034.0,,,,,,,,,,,,,,,,105.20663021160696,105.17249903946428,105.31274668305444,105.3196785954065,105.999285425014,106.07928375395993,106.4251293199781,106.63099666525765,106.7623743847607,107.00149194311518,107.20846754484978,107.26448671583786,107.1774576140567,106.6797960332947,106.6797960332947,106.4535368104471,106.07730863664912,105.9129906011328,105.65851098443216,104.55076537927414,104.26994618962549,104.14987367441412,103.70685521319295,103.54309167588008,103.23104542341837,102.92530465941677,102.55414129494477,102.08430596323957,101.73549344829217,100.50729378709163,100.15901434826047,,,,,,105.20663021160696,106.65220311934863,106.4535368104471,105.9129906011328,105.65851098443216,104.14987367441412,103.70685521319295,102.55414129494477,100.50729378709163,100.15901434826047,,105.31274668305444,105.89828787628336,106.37846928055139,103.36388204844484,98.52231186593289,98.01304054672707,98.02185986519567,,,105.76828121171773,#000000,1.2090729566126102,105.35012168287909,0.8724687053428944,46.32048548926623,-11.458326093008012,True,False,False,False,True,0.9634963826948031,106.5448,105.22695,0.0,0.0,0.0,0.0,0,0.974730294489261,0.971522985712898,False,False,False,False,0.00192164700440295,-0.08971499184144999,False,False,False,False,-70662.0,-70321.38411572925,False,False,False,False,1363.527674599834,False,False,False,False
2025-06-24 15:00:00+00:00,106.41,106.565,106.325,106.345,963.0,,,,,,,,,,,,,,,,105.33675469088736,105.23470936294441,105.36059494205062,105.36680948966178,106.00930164615279,106.08692410209896,106.42487096967044,106.62733856953997,106.75706480840985,106.99391221959782,107.20014629332407,107.25674170266002,107.17232565988628,106.6785265587666,106.6785265587666,106.45335460922404,106.07857822552559,105.91477247259803,105.66101754701248,104.55579964603753,104.2754888134038,104.15561774773724,103.71334828179891,103.54984775151102,103.23824520494595,102.93291187066656,102.56221225578483,102.09293341366089,101.74447611553059,100.51740268448816,100.16938158967814,,,,,,105.33675469088736,106.6510762464913,106.45335460922404,105.91477247259803,105.66101754701248,104.15561774773724,103.71334828179891,102.56221225578483,100.51740268448816,100.16938158967814,,105.36059494205062,105.91155600583274,106.3791276902482,103.37089529728676,98.53277935302064,98.02072086016754,98.02906171780833,,,105.80591297162579,"rgba(38, 166, 154, 1.0)",1.1962884606476154,105.362796551427,0.8210423161996256,52.70424336609098,-6.258290524862815,True,False,True,False,True,0.5716752824419693,106.5158,105.2684,0.0,0.0,0.0,0.0,0,0.9872984855886667,0.9673668783585743,False,False,False,False,0.024986662865107732,-0.03236416448817113,False,False,False,False,-71625.0,-70341.59521471019,False,False,False,False,1357.3179432106892,False,False,False,False
2025-06-24 16:00:00+00:00,106.35,106.71,106.31,106.635,251.0,,,,,,,,,,,,,,,,105.3700127240339,105.25171941199676,105.37396041964713,105.3799903233908,106.01271360184465,106.08969193656822,106.42550201918061,106.62701103638562,106.75625748393598,106.99243587185902,107.19838593094894,107.25507667773708,107.17124344100961,106.6783702023253,106.6783702023253,106.45346598961862,106.07904597307243,105.91536508165994,105.66178946526388,104.55720597138661,104.27702312438842,104.15720272434415,103.71512308371967,103.5516893447037,103.24019898341128,102.93496876823421,102.56438666168673,102.09524916903416,101.74688178581658,100.52009426881834,100.17213857795858,,,,,,105.3700127240339,106.6509550082278,106.45346598961862,105.91536508165994,105.66178946526388,104.15720272434415,103.71512308371967,102.56438666168673,100.52009426881834,100.17213857795858,,105.37396041964713,105.91583910926282,106.38001502547503,103.37280187479948,98.53555147495976,98.02275374048507,98.03096812164807,,,105.81632518413096,"rgba(38, 166, 154, 1.0)",1.1879433624672533,105.36636533358079,1.067925211336991,58.12217376526337,-1.7812340875244246,True,False,True,False,True,2.4181011325512003,106.4799,105.308025,0.0,0.0,0.0,0.0,0,0.9868153174987886,0.9552108579738253,False,False,False,False,0.03407882202555802,0.0008573287686934467,False,False,False,False,-71374.0,-70357.60149045112,False,False,False,False,1340.16572703688,False,False,False,False
2025-06-24 17:00:00+00:00,106.645,106.735,106.435,106.715,156.0,,,,,,,,,,,,,,,,105.39106344950851,105.26268228767844,105.38264813828215,105.38856206992679,106.01511122206963,106.09167836851769,106.42612748489465,106.6270145839783,106.75594574188342,106.99168199635452,107.19742578016748,107.25415815679456,107.17065572102017,106.67833190222686,106.67833190222686,106.4535890323221,106.07938330144634,105.91577715165012,105.66230982446577,104.55811258395832,104.27800778394297,104.15821826014641,103.71625481348298,103.5528620037838,103.24144020981863,102.93627305524048,102.56576285326858,102.0967119714925,101.74839956842057,100.52178716454094,100.17387146254008,,,,,,105.39106344950851,106.6509378742564,106.4535890323221,105.91577715165012,105.66230982446577,104.15821826014641,103.71625481348298,102.56576285326858,100.52178716454094,100.17387146254008,,105.38264813828215,105.91878986584547,106.3808062034503,103.37401423877762,98.53728989063474,98.02402806874645,98.032163205629,,,105.82311095060703,"rgba(38, 166, 154, 1.0)",1.1772448634273378,105.36871538134197,1.143589290964129,62.04851097212004,1.5464463771843242,True,False,True,False,True,2.921445956643229,106.45240000000001,105.34545,0.0,0.0,0.0,0.0,0,0.9893012048192775,0.9549879518072295,False,False,False,False,0.04457687438703533,0.022717101577864388,False,False,False,False,-71218.0,-70370.94100222707,False,False,False,False,1321.8065684781686,False,False,False,False
2025-06-24 18:00:00+00:00,106.715,106.89,106.505,106.865,197.0,,,,,,,,,,,,,,,,105.41924735699784,105.27752400687353,105.39453251764155,105.40029448129401,106.0187242041803,106.09474547821858,106.4273967235065,106.62744110975898,106.75593772711227,106.99106041752162,107.19648320332699,107.25323298200205,107.17008599959806,106.67840432936937,106.67840432936937,106.45385513790562,106.07990556042888,105.91638800858911,105.6630510702626,104.55932539949626,104.2793161236258,104.15956434506941,103.71774402213593,103.55440172150777,103.24306415898907,102.93797453976066,102.56755283654931,102.09860879756943,101.75036396902561,100.52396738120184,100.1761008103932,,,,,,105.41924735699784,106.65103571965605,106.45385513790562,105.91638800858911,105.6630510702626,104.15956434506941,103.71774402213593,102.56755283654931,100.52396738120184,100.1761008103932,,105.39453251764155,105.92313173995335,106.38229907036352,103.37560270420741,98.5395180300231,98.02566014818035,98.03369384615097,,,105.83248823480892,"rgba(38, 166, 154, 1.0)",1.1672703084421219,105.37201432874713,1.2790402192663122,65.2703457144586,4.483039914111792,True,False,True,False,True,3.8652767098954044,106.4295,105.382975,0.0,0.0,0.0,0.0,0,0.9907194795254499,0.9523536165327217,False,False,False,False,0.060343111611740316,0.04153010659480235,False,False,False,False,-71021.0,-70381.01943630108,False,False,False,False,1304.3677069513753,False,False,False,False
2025-06-24 19:00:00+00:00,106.855,106.985,106.475,106.69,2882.0,,,,,,,,,,,,,,,,105.72069547457811,105.46049600023527,105.54335846059708,105.54735179729694,106.06535725877497,106.13424254443954,106.44293067252991,106.63164115965702,106.75425085203844,106.98097660550265,107.18203325391681,107.23911384719328,107.16120768647166,106.67893734331,106.67893734331,106.4572246813622,106.08704339928667,105.92483661914393,105.67342021180936,104.57662225232939,104.2980181514988,104.17882223000359,103.7391033843908,103.57650248483554,103.26640470234024,102.96245645113666,102.59333756690877,102.1259654757304,101.77871743112482,100.55550249255528,100.20836220042546,,,,,,105.72069547457811,106.65194054971153,106.4572246813622,105.92483661914393,105.67342021180936,104.17882223000359,103.7391033843908,102.59333756690877,100.55550249255528,100.20836220042546,,105.54335846059708,105.97925777766872,106.40081615136785,103.39842108589147,98.57183195072899,98.04936696127263,98.05593109097671,,,105.94325917101361,"rgba(38, 166, 154, 1.0)",1.157419103859784,105.4106948595888,1.105308471360931,65.66698695597682,5.088954892028966,True,False,True,False,True,2.654743353585463,106.3991,105.42025,0.0,0.0,0.0,0.0,0,0.9902406670456702,0.9510138336175864,False,False,False,False,0.06490304084939723,0.053216573722099786,False,False,False,False,-73903.0,-70435.62378612586,False,False,False,False,1328.827122347478,False,False,False,False
2025-06-25 14:00:00+00:00,106.58,106.765,106.49,106.595,878.0,,,,,,,,,,,,,,,,105.77992320433671,105.5036081146125,105.57894490389336,105.58254667116508,106.0763553879245,106.14339919581478,106.44572721495011,106.63142945322022,106.75247366562704,106.97694306082732,107.17689334479235,107.23416367759035,107.15797860820506,106.67867418809348,106.67867418809348,106.45784503145548,106.08884590735423,105.92705455751515,105.67623980321397,104.58159308215889,104.30342559685073,104.18440271216366,103.7453336580193,103.58296174675615,103.27324889188775,102.9696549428918,102.60094033760119,102.13405523548066,101.78711744581553,100.5648910255279,100.21797742232245,,,,,,105.77992320433671,106.65179301578536,106.45784503145548,105.92705455751515,105.67623980321397,104.18440271216366,103.7453336580193,102.60094033760119,100.5648910255279,100.21797742232245,,105.57894490389336,105.99270270270273,106.40439741239759,103.40510324930234,98.58150543429136,98.05648051880489,98.06260507938694,,,105.96774176823965,"rgba(38, 166, 154, 1.0)",1.145909556513658,105.41912243936369,1.0261521548121357,64.98270023478213,5.088954892028966,True,False,True,False,True,2.000044789792252,106.3644,105.45762500000001,0.0,0.0,0.0,0.0,0,0.9905740409086627,0.955415213497974,False,False,False,False,0.05052998396123754,0.05187327884166866,False,False,False,False,-74781.0,-70502.99395998436,False,False,False,False,1321.837554559145,False,False,False,False
2025-06-25 15:00:00+00:00,106.595,106.625,106.195,106.205,1198.0,,,,,,,,,,,,,,,106.34166666666665,105.82639894106815,105.54418337105288,105.61195695894601,105.61517298079451,106.08338575536384,106.14840434648235,106.44349083907389,106.62594556168152,106.74535863331889,106.96748876797642,107.16665952434525,107.22458293010749,107.15142671785216,106.67674207184794,106.67674207184794,106.45723152062277,106.090014526752,105.92886031211678,105.67894286434424,104.58742539618433,104.30989099505564,104.19111973711335,103.75298123433598,103.5909361136044,103.28177814824865,102.97869421782251,102.61056058482114,102.14437223009072,101.79788206761127,100.5770745397527,100.23048875014281,,,,,106.34166666666665,105.82639894106815,106.65003319612799,106.45723152062277,105.92886031211678,105.67894286434424,104.19111973711335,103.75298123433598,102.61056058482114,100.5770745397527,100.23048875014281,,105.61195695894601,106.00246518615387,106.40300872800292,103.4133992912919,98.59421664324049,98.06585647807022,98.07140251402168,,,105.95183248243104,"rgba(38, 166, 154, 0.75)",1.1354265579358713,105.42524863523627,0.6867475129181946,61.02510363505443,5.088954892028966,True,False,True,False,False,0.0,106.3207,105.49285,0.0,0.0,0.0,0.0,0,0.9851332398316973,0.9583917718560081,False,False,False,False,-0.017020026506816964,0.017426626167425848,False,False,False,False,-75979.0,-70587.89327843422,False,False,False,False,1319.9175924729568,False,False,False,False
2025-06-25 16:00:00+00:00,106.215,106.475,106.215,106.315,552.0,,,,,,,,,,,,,,,106.33956380952381,105.84507561646267,105.56144028041321,105.62609460049826,105.62915118787961,106.08642082950918,106.15054983891574,106.44242705224767,106.62343037915214,106.74210975971239,106.96318118633124,107.16199060607909,107.22020449925098,107.14841851730712,106.67584168607691,106.67584168607691,106.45693482782428,106.09053519245062,105.92967371139011,105.68016851682633,104.59008958786721,104.31284653002874,104.19419111909318,103.75648081534771,103.59458608436385,103.28568369116444,102.98283471224599,102.61496876302132,102.14910143940877,101.8028177022775,100.58266456200825,100.23623010998183,,,,,106.33956380952381,105.84507561646267,106.64921164606085,106.45693482782428,105.92967371139011,105.68016851682633,104.19419111909318,103.75648081534771,102.61496876302132,100.58266456200825,100.23623010998183,,105.62609460049826,106.00669709894333,106.4023220350351,103.41719742037789,98.60005452949834,98.07016600735146,98.07544653838798,,,105.96009040193127,"rgba(38, 166, 154, 0.75)",1.1258954674396955,105.42781186646522,0.7879844614280739,59.164870874882,5.088954892028966,True,False,True,False,False,0.10864585521720471,106.2995,105.527675,0.0,0.0,0.0,0.0,0,0.9852054278175654,0.9674896343761785,False,False,False,False,-0.033669936687489285,-0.008121655260031719,False,False,False,False,-75427.0,-70662.91818884609,False,False,False,False,1308.0118933648491,False,False,False,False
2025-06-25 17:00:00+00:00,106.31,106.61,106.275,106.425,155.0,,,,,,,,,,,,,,,106.34746456692912,105.85111345229473,105.56677052637089,105.63052067920805,105.63353049228505,106.08760313899717,106.15147063098229,106.44241123570298,106.6229781173187,106.74143223092005,106.96217621440124,107.16084901317681,107.21912310304192,107.14768288345957,106.67566487175702,106.67566487175702,106.45692102287377,106.09074163216411,105.92995866799627,105.6805651585624,104.59087972765671,104.31371653174969,104.19509285418407,103.75750046020738,103.59564719824833,103.28681506405054,102.98403072026399,102.61623846819963,102.15045967532609,101.80423272949358,100.58425998048297,100.2378671680265,,,,,106.34746456692912,105.85111345229473,106.64905611996016,106.45692102287377,105.92995866799627,105.6805651585624,104.19509285418407,103.75750046020738,102.61623846819963,100.58425998048297,100.2378671680265,,105.63052067920805,106.00822811853895,106.40241913517195,103.41829924781935,98.60171373327887,98.07139017874408,98.0765953457545,,,105.96386059034629,"rgba(38, 166, 154, 0.75)",1.1190139038969873,105.42871442934896,0.8903245680696693,58.71244575385907,5.088954892028966,True,False,True,False,False,0.8443311274630254,106.275,105.56200000000001,0.0,0.0,0.0,0.0,0,0.9841509433962269,0.9677358490566041,False,False,False,False,-0.018125106146255367,-0.013123380703143544,False,False,False,False,-75272.0,-70734.37682157716,False,False,False,False,1290.1357399793474,False,False,False,False
2025-06-25 18:00:00+00:00,106.425,106.53,106.34,106.395,652.0,,,,,,,,,,,,,,,106.36638508669013,105.87459982743019,105.58812409812406,105.64828454668594,105.65110873556138,106.09228027228413,106.15507951790775,106.4421743749599,106.62094819053513,106.73847618237416,106.95787104905243,107.15598739403964,107.21452017988824,107.14454012304695,106.67487746391599,106.67487746391599,106.45682030496891,106.09156978306262,105.93111844477326,105.68219605864336,104.59416907096983,104.31734255768401,104.19885270201551,103.76175709894619,103.6000785387952,103.29154262520562,102.989030795303,102.62154926211,102.1561436568471,101.81015627879644,100.59094434306833,100.24472727752234,,,,,106.36638508669013,105.87459982743019,106.64835836337572,106.45682030496891,105.93111844477326,105.68219605864336,104.19885270201551,103.76175709894619,102.62154926211,100.59094434306833,100.24472727752234,,105.64828454668594,106.01432928945425,106.40264534813855,103.42290225041937,98.60867205970325,98.07652644953808,98.08141562917939,,,105.97725455745544,"rgba(38, 166, 154, 0.75)",1.1134761655144854,105.43227140668921,0.8646153578563163,58.10227540378096,5.088954892028966,True,False,True,False,False,0.6375550205639513,106.2498,105.5975,0.0,0.0,0.0,0.0,0,0.979227646114626,0.9723350014162974,False,False,False,False,-0.019320455779984463,-0.016221918241564003,False,False,False,False,-75924.0,-70814.83609566123,False,False,False,False,1280.2421626153264,False,False,False,False
2025-06-25 19:00:00+00:00,106.33,106.65,106.33,106.625,3733.0,,,,,,,,,,,,,,,106.46645495495495,106.00055904693781,105.70659466192961,105.74929180271172,105.75119870978176,106.12513528289134,106.18206899723428,106.44787031253428,106.61625699998541,106.72824784771036,106.93942778251606,107.13345180461309,107.192782195866,107.12979850299851,106.67243804464965,106.67243804464965,106.45807851159505,106.09783357109615,105.93916488197223,105.6928074286413,104.61393079376504,104.3389706940184,104.2212226580068,103.78689615761313,103.6261932507977,103.31930809302678,103.0183168102526,102.6525712628374,102.18925499045254,101.8446072068025,100.62966077203143,100.28442867166562,,,,,106.46645495495495,106.00055904693781,106.64640116984495,106.45807851159505,105.93916488197223,105.6928074286413,104.2212226580068,103.78689615761313,102.6525712628374,100.62966077203143,100.28442867166562,,105.74929180271172,106.05489411805631,106.41099002403915,103.44997311351895,98.64884893392063,98.1062104657866,98.10928068412522,,,106.05364672112196,"rgba(38, 166, 154, 0.75)",1.104454461557985,105.45466117587759,1.0596533083595736,59.4396287009335,5.088954892028966,True,False,True,False,False,2.190463987754086,106.23270000000001,105.632275,0.0,0.0,0.0,0.0,0,0.9777756850927587,0.9704303606742635,False,False,False,False,-0.010555620011183531,-0.013388769126373767,False,False,False,False,-72191.0,-70836.1719701471,False,False,False,False,1318.269415908112,False,False,False,False
2025-06-26 14:00:00+00:00,108.035,108.555,107.975,108.485,2167.0,,,,,,,,,,,,,,,106.94610027196406,106.23359446156678,105.88479600870748,105.90987492128913,105.91077292004665,106.2165416404607,106.26746833592252,106.51289314265462,106.66914446334091,106.773898781876,106.97397082507196,107.1583104516358,107.21366752482629,107.14653051793167,106.68913405698241,106.68913405698241,106.4754820320064,106.11605619485857,105.95757969187032,105.71177927175135,104.63581522235263,104.36148531043061,104.24398154312907,103.8107210666293,103.6504074668665,103.34412595095857,103.04370092691062,102.67861514136902,102.21612852253634,101.87197715783927,100.65869791947321,100.31382921848133,,,,,106.94610027196406,106.23359446156678,106.6631904846948,106.4754820320064,105.95757969187032,105.71177927175135,104.24398154312907,103.8107210666293,102.67861514136902,100.65869791947321,100.31382921848133,,105.90987492128913,106.15369633800569,106.47903865789017,103.4745329537208,98.6772758466631,98.12701286815569,98.12881621130613,,,106.2352552128265,"rgba(38, 166, 154, 1.0)",1.110480579350578,105.50776296430035,2.6810347619413277,66.95766212053033,9.419109180449645,True,False,True,False,True,12.893109805047896,106.2581,105.67685000000002,0.0,0.0,0.0,0.0,0,0.983369883040936,0.9629934210526314,False,False,False,False,0.27928694827271267,0.13294908957316945,False,False,False,False,-70024.0,-70823.58015665645,False,False,False,False,1331.428029614963,False,False,False,False
2025-06-26 15:00:00+00:00,108.485,108.635,108.335,108.57,509.0,,,,,,,,,,,,,,,107.03507212432152,106.28575137840107,105.92594775262464,105.94725919447812,105.94793983689652,106.23860866774888,106.28816848954563,106.52892513750686,106.68235264320593,106.78540638782744,106.98284770450262,107.16484535382436,107.21920946149717,107.15096092653795,106.69341830927866,106.69341830927866,106.47990291055243,106.12062722658227,105.96217910143454,105.7164903948867,104.64115954057222,104.36696808253032,104.24951779348245,103.81649600147331,103.65626999390513,103.35012280693755,103.04982414351798,102.68488602475661,102.22258619219153,101.87854565403535,100.66564136719715,100.32085384368094,,,,,107.03507212432152,106.28575137840107,106.66749280831364,106.47990291055243,105.96217910143454,105.7164903948867,104.24951779348245,103.81649600147331,102.68488602475661,100.66564136719715,100.32085384368094,,105.94725919447812,106.17743683000273,106.49577059599797,103.48047226583546,98.68404929440902,98.13197034841328,98.13347250240331,,,106.2747090726904,"rgba(38, 166, 154, 1.0)",1.116103614937679,105.5204108980011,2.7323530371050477,72.12734701308952,14.336826560099922,True,False,True,False,True,13.315930091964116,106.29039999999999,105.72200000000001,0.0,0.0,0.0,0.0,0,0.9928656361474437,0.9594804719656086,False,False,False,False,0.3175570255396796,0.22525305755642455,False,False,False,False,-69515.0,-70803.29209221216,False,False,False,False,1318.67720745039,False,False,False,False
2025-06-26 16:00:00+00:00,108.57,109.03,108.545,108.91,473.0,,,,,,,,,,,,,,,107.1249346682205,106.3386822029547,105.96756753069573,105.98519761507052,105.98566449766946,106.26152572761345,106.30974053060908,106.54592318512155,106.69654079654845,106.79788916734488,106.99268447148972,107.17226722633586,107.22556050656003,107.1559983047834,106.69806752731346,106.69806752731346,106.48462770060088,106.12541652643678,105.96696430399318,105.72134560852008,104.64651561904192,104.37243619277126,104.25502875354645,103.82220885276217,103.66205772225969,103.35602228779238,103.05582936571581,102.69101560599347,102.22887516395778,101.8849271883455,100.6723412821674,100.32762143656394,,,,,107.1249346682205,106.3386822029547,106.672152169949,106.48462770060088,105.96696430399318,105.72134560852008,104.25502875354645,103.82220885276217,102.69101560599347,100.6723412821674,100.32762143656394,,105.98519761507052,106.2019917815552,106.51346362936594,103.48632362863049,98.6905367688051,98.13671261732526,98.13792692473291,,,106.31490449474438,"rgba(38, 166, 154, 1.0)",1.1335273098429661,105.5334778990583,2.9787743723699673,76.19161934444514,18.14503326817787,True,False,True,False,True,14.983636604752295,106.30120000000001,105.759325,0.0,0.0,0.0,0.0,0,0.9926652695751577,0.9767574776147835,False,False,False,False,0.3428282372008071,0.2840406473786158,False,False,False,False,-69042.0,-70775.98523806933,False,False,False,False,1305.5659329162752,False,False,False,False
2025-06-26 17:00:00+00:00,108.91,109.08,108.775,108.805,552.0,,,,,,,,,,,,,,,107.22226987622193,106.39911650123894,106.01561424695109,106.02911105322804,106.02933736966025,106.28835901091915,106.33502921533422,106.5659441095806,106.71330986859752,106.81267830039037,107.00439300273258,107.18114754098357,107.23317665202013,107.16204262467255,106.70361558738577,106.70361558738577,106.4902542781649,106.13110451418693,105.9726419973156,105.72709863433772,104.65283591439947,104.3788839754321,104.26152521808066,103.82893690740639,103.66887183382676,103.36296426665693,103.06289247193844,102.6982213389462,102.23626412828361,101.89242220007203,100.68020213954298,100.33555984761418,,,,,107.22226987622193,106.39911650123894,106.67771081159742,106.4902542781649,105.9726419973156,105.72709863433772,104.26152521808066,103.82893690740639,102.6982213389462,100.68020213954298,100.33555984761418,,106.02911105322804,106.23070265679895,106.53428715625499,103.49321050045704,98.6981407939718,98.14227178717037,98.14314897073837,,,106.36059767289177,"rgba(38, 166, 154, 1.0)",1.148956134147802,105.54872458402386,2.8341163941749405,77.9054403154536,19.84545358623845,True,False,True,False,True,14.223467859399477,106.31369999999998,105.79775000000001,0.0,0.0,0.0,0.0,0,0.987130234344987,0.9757971571263925,False,False,False,False,0.3428282377433038,0.31343444256095976,False,False,False,False,-69594.0,-70757.65988554113,False,False,False,False,1293.8827401578833,False,False,False,False
2025-06-26 18:00:00+00:00,108.805,109.135,108.805,109.085,1222.0,,,,,,,,,,,,,,,107.41691622818752,106.52928441178472,106.12082736365637,106.1256943191666,106.12541625977633,106.34854567677684,106.3918714076085,106.61133104720778,106.75156234655468,106.84656212245588,107.03144754770899,107.20186228031923,107.25101360851863,107.17620776723003,106.71647717014886,106.71647717014886,106.50324458788566,106.14416572557879,105.98565440006364,105.74024797797115,104.66716093343054,104.39347605082077,104.27621887314687,103.84412462335996,103.68424392383403,103.37860751447093,103.07879323451156,102.71442613895867,102.25286157145652,101.90924510811071,100.6978080552254,100.35333067282829,,,,,107.41691622818752,106.52928441178472,106.69058997410325,106.50324458788566,105.98565440006364,105.74024797797115,104.27621887314687,103.84412462335996,102.71442613895867,100.6978080552254,100.35333067282829,,106.1256943191666,106.29494174016179,106.58142874591991,103.50873664491148,98.71513460059086,98.1546971969746,98.15482205273594,,,106.45873583927059,"rgba(38, 166, 154, 1.0)",1.1679104695405897,105.58275022713815,2.998731378989601,79.64574456469643,21.725550461838964,True,False,True,False,True,15.589166172418444,106.3365,105.83675000000001,0.0,0.0,0.0,0.0,0,0.9855727613734737,0.9704722516110414,False,False,False,False,0.34282823790128913,0.32813134023112445,False,False,False,False,-68372.0,-70720.67291057149,False,False,False,False,1292.7682790701642,False,False,False,False
2025-06-26 19:00:00+00:00,109.03,109.06,108.805,109.04,3273.0,,,,,,,,,,,,,,,107.76744696028348,106.81677386440028,106.36588118777166,106.35280290640434,106.3514710574478,106.49512444869912,106.5306959809474,106.72308311121418,106.8462951598794,106.93078144833332,107.0990414272056,107.25392022774064,107.29602023412974,107.21229305214631,106.7496397867848,106.7496397867848,106.53684137764473,106.17809118602392,106.01950945474809,105.77452869725663,104.70471959429409,104.43177518957506,104.31480095902774,103.88405627935472,103.72467771096542,103.41978772340902,103.1206812910609,102.7571485600942,102.29665707922865,101.95366245903551,100.74437382880679,100.4003528635823,,,,,107.76744696028348,106.81677386440028,106.72381110363467,106.53684137764473,106.01950945474809,105.77452869725663,104.31480095902774,103.88405627935472,102.7571485600942,100.74437382880679,100.4003528635823,,106.35280290640434,106.4508828334314,106.69733021783749,103.54959504983847,98.76020018648231,98.18771567143929,98.18584921542177,,,106.67540993964603,"rgba(38, 166, 154, 1.0)",1.186381431453877,105.66506334584255,2.844731521144563,80.33288421537203,22.750251192430227,True,False,True,False,True,15.256563253421508,106.36619999999999,105.874825,0.0,0.0,0.0,0.0,0,0.9818938807126266,0.9786018590240123,False,False,False,False,0.336647999905698,0.33238967006841125,False,False,False,False,-71645.0,-70735.00356312076,False,False,False,False,1323.4695460613245,False,False,False,False
2025-06-27 14:00:00+00:00,109.32,109.55,109.13,109.48,436.0,,,,,,,,,,,,,,,107.81475829870884,106.85650132368933,106.40011905999788,106.38475142703025,106.38328377165568,106.51651638556127,106.55104909011663,106.73980048367599,106.8606749323813,106.94369873975602,107.10962700189972,107.26226008538266,107.30329355643501,107.21810970334691,106.75480290456437,106.75480290456437,106.54200597155547,106.18321736331737,106.02459297695229,105.77963134742953,104.71015942449948,104.43729471876023,104.32035040830355,103.8897625078687,103.7304432683744,103.42563777573395,103.1266122841524,102.76317598541415,102.30281116035044,101.95988754044997,100.75085088376716,100.40688197155855,,,,,107.81475829870884,106.85650132368933,106.72897472903321,106.54200597155547,106.02459297695229,105.77963134742953,104.32035040830355,103.8897625078687,102.76317598541415,100.75085088376716,100.40688197155855,,106.38475142703025,106.47351890168065,106.71461402396784,103.5554083615437,98.76641833087281,98.1922689735583,98.1901287797926,,,106.70584748005447,"rgba(38, 166, 154, 1.0)",1.2176312220005001,105.6770323384743,3.123250778078469,81.75505278372819,24.549547316014454,True,False,True,False,True,17.367763155559594,106.4083,105.914275,0.0,0.0,0.0,0.0,0,0.9876507477086356,0.9632416787264834,False,False,False,False,0.3428282391598305,0.3376089546141209,False,False,False,False,-71209.0,-70742.35234508787,False,False,False,False,1309.710328292932,False,False,False,False
2025-06-27 15:00:00+00:00,109.485,109.825,109.335,109.585,479.0,,,,,,,,,,,,,,,107.86971246455857,106.90201100535742,106.43924816631144,106.42131420817216,106.41969381530684,106.54122826654101,106.57459254393792,106.75926170290845,106.87749154882333,106.95885456522697,107.12213050762742,107.27218172779526,107.311968554009,107.22503565514931,106.76087052214456,106.76087052214456,106.54804585089438,106.18917192186701,106.03048308794638,105.78552281037742,104.7163697907656,104.44358279936472,104.32666730583324,103.8962397852962,103.73698183275903,103.43226138438011,103.13331785240523,102.76997981731769,102.3097456510742,101.96689380665705,100.75811597401486,100.41419960503923,,,,,107.86971246455857,106.90201100535742,106.73503911439339,106.54804585089438,106.03048308794638,105.78552281037742,104.32666730583324,103.8962397852962,102.76997981731769,100.75811597401486,100.41419960503923,,106.42131420817216,106.49962634003208,106.73471528590949,103.56199479685999,98.77336662736836,98.19735413747975,98.19490846139033,,,106.74088277163673,"rgba(38, 166, 154, 1.0)",1.2492376702430898,105.69084940583087,3.1172215559360725,82.91219261898213,26.12055502179753,True,False,True,False,True,17.85945620742099,106.46170000000001,105.95475,0.0,0.0,0.0,0.0,0,1.006428362715497,0.9553910587318593,False,False,False,False,0.34282823987844396,0.34021859724628245,False,False,False,False,-70730.0,-70742.16083586171,False,False,False,False,1296.8310983969175,False,False,False,False
2025-06-27 16:00:00+00:00,109.585,109.61,109.39,109.53,1158.0,,,,,,,,,,,,,,,107.98442065744712,107.00321576578087,106.5279136849104,106.50441593091698,106.50246413014146,106.59798542206669,106.62870531331755,106.804059606685,106.91624526454962,106.9938030032375,107.15097625008691,107.29508704939524,107.33201660352387,107.24110877242,106.77506220252826,106.77506220252826,106.56220617862952,106.20317915916922,106.04435663564361,105.79942302465417,104.73109817198332,104.45850999698918,104.34166874107022,103.9116414857566,103.75253575846409,103.4480295392492,103.1492918713661,102.7861999037109,102.32629089814691,101.98361970604773,100.7754880562826,100.43170420325596,,,,,107.98442065744712,107.00321576578087,106.74922758448139,106.56220617862952,106.04435663564361,105.79942302465417,104.34166874107022,103.9116414857566,102.7861999037109,100.7754880562826,100.43170420325596,,106.50441593091698,106.55953993652327,106.78097136263762,103.57766956291525,98.79001642702407,98.20955169621526,98.20637434213259,,,106.81914756390826,"rgba(38, 166, 154, 1.0)",1.280448436367436,105.72259152905087,2.9734961305826126,83.01793506460436,26.752264163883552,True,False,True,False,True,17.437928511439175,106.51870000000001,105.995775,0.0,0.0,0.0,0.0,0,1.0102121752924855,0.9591512988300614,False,False,False,False,0.33124262246413866,0.3357306098552105,False,False,False,False,-71888.0,-70759.92578414292,False,False,False,False,1294.6786782667327,False,False,False,False
2025-06-27 17:00:00+00:00,109.5,109.56,108.5,108.825,2721.0,,,,,,,,,,,,,,108.96166666666667,108.12234007607194,107.16687109718896,106.68254502716415,106.65052679501468,106.64807058200597,106.69960295139988,106.72556496485502,106.8835823874155,106.98463290859274,107.05517187762652,107.20095432520803,107.33422842436585,107.36621007541521,107.26908507277464,106.80126770964554,106.80126770964554,106.58886108196602,106.23025075831625,106.07143492523738,105.82691332800854,104.7614220717184,104.48947121879806,104.3728750244102,103.94398875156935,103.78530614729902,103.48143808060446,103.18330480905432,102.820924150653,102.36192553213881,102.0197886823123,100.8134921715491,100.47010311111845,,,,108.96166666666667,108.12234007607194,107.16687109718896,106.77549294432984,106.58886108196602,106.07143492523738,105.82691332800854,104.3728750244102,103.94398875156935,102.820924150653,100.8134921715491,100.47010311111845,,106.65052679501468,106.66685767452047,106.86315632257146,103.6108035388489,98.82694586176498,98.23672382690467,98.23192244758863,,,107.2071485200459,"rgba(38, 166, 154, 0.75)",1.2925418842421046,105.77971603086736,2.356042776067001,76.08155445531267,32.453617895196984,True,False,True,False,False,12.257078735411731,106.55859999999998,106.03225,0.0,0.0,0.0,0.0,0,0.9924242424242434,0.9516922471467923,False,False,False,False,0.2647721786249173,0.3002513942400639,False,False,False,False,-74609.0,-70819.60135338102,False,False,False,False,1316.7921871308142,False,False,False,False
2025-06-27 18:00:00+00:00,108.8,109.03,108.69,108.965,1256.0,,,,,,,,,,,,,,108.94061227055569,108.16959664329309,107.23105377806691,106.74558308001751,106.7104850727751,106.70784655737242,106.74232183801205,106.76635920392054,106.91723013949199,107.0136678807827,107.08128052454771,107.22226627736542,107.35096735034266,107.38087472696996,107.28119753577025,106.81278654799142,106.81278654799142,106.60062599766857,106.24226779527136,106.08348086769067,105.8391756773671,104.77505342592829,104.50340869209657,104.38693070719863,103.95858418063976,103.80010107995874,103.49653716274977,103.19869149651105,102.83664871408534,102.37808065345986,102.03619879795875,100.8307733451828,100.48757323332796,,,,108.94061227055569,108.16959664329309,107.23105377806691,106.78704434377495,106.60062599766857,106.08348086769067,105.8391756773671,104.38693070719863,103.95858418063976,102.83664871408534,100.8307733451828,100.48757323332796,,106.7104850727751,106.71187861628142,106.89789862273959,103.62577198862112,98.84379046037061,98.24914239564748,98.2436014087953,,,107.25173230550166,"rgba(38, 166, 154, 0.75)",1.3088674631274304,105.80387806734858,2.4151581590226003,72.1301095326659,28.71052615228416,True,False,True,False,False,12.961648315419794,106.60969999999999,106.06945,0.0,0.0,0.0,0.0,0,0.9959179609717252,0.9686379928315412,False,False,False,False,0.2413093243755652,0.2707803593078146,False,False,False,False,-73353.0,-70858.87885177821,False,False,False,False,1315.8496726016542,False,False,False,False
2025-06-27 19:00:00+00:00,108.95,109.09,108.82,109.07,1423.0,,,,,,,,,,,,,,108.95450524691358,108.22297691151692,107.30221304730286,106.81587312749512,106.77754727497937,106.77471707617971,106.79087634465652,106.81281366814727,106.95584584885525,107.04717962139058,107.11153539936176,107.24715496411875,107.37068377834954,107.39821010972513,107.29552726509898,106.82629388112831,106.82629388112831,106.61437607859291,106.25625219989189,106.09747787291533,105.85339381143505,104.79075502733934,104.51944433847423,104.4030951177309,103.97534394672017,103.8170815133098,103.51385214856197,103.21632337103138,102.85465352761047,102.39656224170253,102.05496163096359,100.8505008245738,100.50750935283949,,,,108.95450524691358,108.22297691151692,107.30221304730286,106.80058388678056,106.61437607859291,106.09747787291533,105.85339381143505,104.4030951177309,103.97534394672017,102.85465352761047,100.8505008245738,100.50750935283949,,106.77754727497937,106.76293721690996,106.93772078135994,103.64294310719639,98.86299281247965,98.26330687546368,98.25692422266938,,,107.30644033714893,"rgba(38, 166, 154, 0.75)",1.3252198593717448,105.83144467796009,2.443787194356733,70.01000364376173,26.6725602225154,True,False,True,False,False,13.490261778230206,106.66539999999999,106.10700000000001,0.0,0.0,0.0,0.0,0,0.9858495266567026,0.9690084703537617,False,False,False,False,0.25438722009872217,0.26258378970326834,False,False,False,False,-71930.0,-70875.48538120801,False,False,False,False,1317.510917987675,False,False,False,False
2025-06-30 14:00:00+00:00,110.015,110.32,109.695,110.19,1296.0,,,,,,,,,,,,,,109.17008487654323,108.32581853364869,107.4003298026658,106.90593933178063,106.86329720926493,106.86020558370551,106.85402148651396,106.87350955936303,107.00769330299958,107.09305013394568,107.15354061845728,107.28280619043903,107.39985948266028,107.42410085766797,107.3165032084583,106.84448164709383,106.84448164709383,106.63235922405505,106.27381926912584,106.11479795260132,105.87062722612195,104.80858593876948,104.53743483742812,104.4211431762333,103.99376039881055,103.83564188856381,103.53260238610272,103.23525936524653,102.87381564545812,102.41603309369984,102.07459604677324,100.87074589254087,100.52787493562559,,,,109.17008487654323,108.32581853364869,107.4003298026658,106.81874614740228,106.63235922405505,106.11479795260132,105.87062722612195,104.4211431762333,103.99376039881055,102.87381564545812,100.87074589254087,100.52787493562559,,106.86329720926493,106.82896362515417,106.99098401904416,103.66160938323075,98.88226741462081,98.2774639279715,98.27024133939167,,,107.40665079793573,"rgba(38, 166, 154, 0.75)",1.3706173298417175,105.8671244192061,3.1539624420866677,72.48746337067995,26.6725602225154,True,False,True,False,False,18.710694547350997,106.7442,106.14945,0.0,0.0,0.0,0.0,0,0.9912177985948486,0.954332552693208,False,False,False,False,0.3428282410037578,0.30270601535351305,False,False,False,False,-70634.0,-70871.74142180943,False,False,False,False,1317.1774153832148,False,False,False,False
2025-06-30 15:00:00+00:00,110.205,110.275,109.985,110.27,1263.0,,,,,,,,,,,,,,109.32981760690205,108.42116159556245,107.4930947089947,106.99188574955612,106.94535343830272,106.94202553033558,106.91525745415635,106.9324545043518,107.05831575263927,107.13801160611557,107.19482300789278,107.31801117008126,107.42882134264839,107.44986790937837,107.33743475044562,106.86260008036281,106.86260008036281,106.65025211080511,106.29126829075472,106.13199080280262,105.8877167245898,104.82620280436804,104.55519657401354,104.43895667615837,104.01191928387723,103.85393648175729,103.5510734355705,103.25390374475599,102.89267186481007,102.4351805905013,102.09389622367493,100.89062146147444,100.54786306709113,,,,109.32981760690205,108.42116159556245,107.4930947089947,106.8368363696598,106.65025211080511,106.13199080280262,105.8877167245898,104.43895667615837,104.01191928387723,102.89267186481007,100.89062146147444,100.54786306709113,,106.94535343830272,106.89288798512318,107.04294260710861,103.6800021458364,98.90116883486861,98.29135433033738,98.2833094050442,,,107.49638132352021,"rgba(38, 166, 154, 1.0)",1.4185693624330082,105.90184473200954,3.0792680172498406,74.33964908304603,26.6725602225154,True,False,True,False,True,19.056758325845298,106.8274,106.19149999999999,0.0,0.0,0.0,0.0,0,0.9960945127904717,0.9586018355789881,False,False,False,False,0.34282824129479855,0.32276712832415577,False,False,False,False,-69371.0,-70848.47411294417,False,False,False,False,1316.337455454793,False,False,False,False
2025-06-30 16:00:00+00:00,110.275,110.46,110.105,110.445,474.0,,,,,,,,,,,,,,109.38641033242422,108.4574911971831,107.52831060249778,107.0245493565179,106.97658306296505,106.97316782147557,106.93875968542888,106.95510147368424,107.07785280830133,107.15541975237771,107.21084247665767,107.33173062110272,107.4401591838861,107.45997428492643,107.34564968747887,106.86967496441166,106.86967496441166,106.65722328831794,106.2980446700663,106.13865948721038,105.89433336366376,104.83298137594309,104.56202256468755,104.44579923697252,104.01888292312408,103.86094822904448,103.55814584950421,103.26103622437125,102.8998783349638,102.44249024157942,102.10125872478669,100.8981869548614,100.55546749170021,,,,109.38641033242422,108.4574911971831,107.52831060249778,106.84389821621907,106.65722328831794,106.13865948721038,105.89433336366376,104.44579923697252,104.01888292312408,102.8998783349638,100.8981869548614,100.55546749170021,,106.97658306296505,106.91739150667252,107.06298117937993,103.687047462108,98.90834659083384,98.29662905502647,98.2882722885488,,,107.53004669152209,"rgba(38, 166, 154, 1.0)",1.4697552134232836,105.91519513477638,3.08201312970546,76.0252199872647,26.6725602225154,True,False,True,False,True,19.814080244404902,106.9137,106.233025,0.0,0.0,0.0,0.0,0,0.9947089947089959,0.9627669998040367,False,False,False,False,0.3428282416399286,0.3327976849820422,False,False,False,False,-68897.0,-70818.21870034038,False,False,False,False,1303.277960021385,False,False,False,False
2025-06-30 17:00:00+00:00,110.435,110.565,110.21,110.27,317.0,,,,,,,,,,,,,,109.42125942857143,108.48117435167991,107.5514752576162,107.04611602360725,106.99722111733283,106.9937492866532,106.9543514230897,106.97013150846995,107.09083561872566,107.16699886743243,107.22150471871733,107.34087184144282,107.44772279881307,107.46672104693059,107.35113990917404,106.8744062896428,106.8744062896428,106.66188548921791,106.30257695348902,106.14311991594775,105.89875903653484,104.83751501604674,104.56658784341538,104.4503755722141,104.02354007429088,103.86563749510702,103.56287561837037,103.26580609947776,102.90469761943635,102.4473784348719,102.10618222160284,100.90324606497232,100.56055261976758,,,,109.42125942857143,108.48117435167991,107.5514752576162,106.84862085334923,106.66188548921791,106.14311991594775,105.89875903653484,104.4503755722141,104.02354007429088,102.90469761943635,100.90324606497232,100.56055261976758,,106.99722111733283,106.93364047668852,107.07629427229811,103.6917591392235,98.91314677375874,98.30015750487101,98.29159227954435,,,107.55193479962756,"rgba(38, 166, 154, 1.0)",1.5075747930879837,105.92406406493545,2.8827332182721843,75.43391524536857,26.6725602225154,True,False,True,False,True,18.52220211257232,106.99889999999999,106.27305,0.0,0.0,0.0,0.0,0,0.9912753651602794,0.9631408685422995,False,False,False,False,0.34282824186719224,0.3378129634246172,False,False,False,False,-69214.0,-70793.34709258316,False,False,False,False,1287.9868288582627,False,False,False,False
2025-06-30 18:00:00+00:00,110.265,110.59,110.215,110.525,1015.0,,,,,,,,,,,,,,109.52749650110941,108.5568312186598,107.62558614856334,107.1152593075329,107.06346113057477,107.0598120754717,107.00469998767822,107.01870139979613,107.1329128436586,107.20460592729977,107.2561844086706,107.37068484418145,107.47246278817465,107.488818244762,107.36913767463547,106.88988120462852,106.88988120462852,106.67711710657031,106.31736001144318,106.15765956903425,105.91317187636702,104.8522306189621,104.58139642502478,104.46521614049637,104.03862906512536,103.88082588666197,103.578187012315,103.28123990879068,102.92028298927596,102.46317702594845,102.12208850873303,100.9195709798804,100.57695687630248,,,,109.52749650110941,108.5568312186598,107.62558614856334,106.86406513012624,106.67711710657031,106.15765956903425,105.91317187636702,104.46521614049637,104.03862906512536,102.92028298927596,100.9195709798804,100.57695687630248,,107.06346113057477,106.98606712387236,107.11942167341807,103.7070153545095,98.92861684437054,98.31153031038397,98.30229391243877,,,107.62148097117327,"rgba(38, 166, 154, 1.0)",1.5547097524656865,105.95275404915743,2.9409000256100755,75.86391277554993,26.6725602225154,True,False,True,False,True,19.64368319598604,107.09,106.315175,0.0,0.0,0.0,0.0,0,0.997240019714146,0.9619517003449971,False,False,False,False,0.3428282418990001,0.34032060266180864,False,False,False,False,-68199.0,-70753.12465703924,False,False,False,False,1283.7544749224758,False,False,False,False
2025-06-30 19:00:00+00:00,110.525,110.755,110.46,110.585,2864.0,,,,,,,,,,,,,,109.77071845223955,108.75731208030699,107.82616823640217,107.30451666224192,107.24540525247446,107.2413081770013,107.14536855646632,107.15465080985079,107.25149953025857,107.3111269274445,107.3547505660766,107.45593550190956,107.54368560690392,107.55265107338154,107.4213415533151,106.93472518112121,106.93472518112121,106.72120222535258,106.36007202545323,106.19964117979616,105.95474122660326,104.89449167612264,104.62388794667503,104.50778495063925,104.08185754575484,103.92432099476983,103.62200325509339,103.32537821581886,102.96482301207523,102.50828936415688,102.16748426714629,100.96608760977014,100.62368244858139,,,,109.77071845223955,108.75731208030699,107.82616823640217,106.90881341424485,106.72120222535258,106.19964117979616,105.95474122660326,104.50778495063925,104.08185754575484,102.96482301207523,100.96608760977014,100.62368244858139,,107.24540525247446,107.13223101690373,107.24082881686908,103.7506866195625,98.9726362518206,98.34391904054587,98.33277740753552,,,107.80568102837294,"rgba(38, 166, 154, 1.0)",1.6021053378323773,106.0334329252824,2.840991142864422,76.3429090933649,26.6725602225154,True,False,True,False,True,19.906347319989575,107.1802,106.3574,0.0,0.0,0.0,0.0,0,0.9992119779353832,0.9538022064617806,False,False,False,False,0.3428282423180872,0.3415744224899479,False,False,False,False,-65335.0,-70669.12272437196,False,False,False,False,1308.2544055438325,False,False,False,False
2025-07-01 14:00:00+00:00,110.72,110.945,110.575,110.91,1569.0,,,,,,,,,,,,,,109.88556792036437,108.86202539259357,107.93247473830014,107.40580210424223,107.34311742199239,107.33880051538314,107.22226950117475,107.22911997662797,107.3169519438551,107.37024529758062,107.40966134570394,107.50375144620715,107.5839332040136,107.58885691548771,107.45107427394395,106.96021709661147,106.96021709661147,106.74622103710058,106.38425306623813,106.2233871149526,105.97821870271238,104.91822383196403,104.6477219920782,104.53165138836253,104.10605422701632,103.94865333117117,103.6464917206248,103.35002529413036,102.98967036948812,102.53342795328699,102.19276236538494,100.99193338375832,100.64963107882707,,,,109.88556792036437,108.86202539259357,107.93247473830014,106.93424557569314,106.74622103710058,106.2233871149526,105.97821870271238,104.53165138836253,104.10605422701632,102.98967036948812,100.99193338375832,100.64963107882707,,107.34311742199239,107.2119527644995,107.30775397565216,103.7751038320874,98.9970441496317,98.361893231586,98.34969813941993,,,107.90239719633482,"rgba(38, 166, 154, 1.0)",1.6553588326590483,106.07787452624291,2.9190803700217147,77.6552088913965,22.629865358645304,True,False,True,False,True,20.0,107.27940000000001,106.401075,0.0,0.0,0.0,0.0,0,1.0003935845714857,0.952277870707468,False,False,False,False,0.34282824261208544,0.3422013325510167,False,False,False,False,-63766.0,-70562.09756585456,False,False,False,False,1312.296972899742,False,False,False,False
2025-07-01 15:00:00+00:00,110.91,111.045,110.74,110.925,274.0,,,,,,,,,,,,,,109.90483738713839,108.88004989634022,107.95084440984212,107.42336121443097,107.3600790849446,107.35572535971951,107.23570994851843,107.24214556189544,107.32843480140698,107.38063963393252,107.4193304074961,107.51219401442918,107.59106067848941,107.59527809398558,107.45635596390716,106.96474157533933,106.96474157533933,106.75065841689585,106.38853744391773,106.22759275961705,105.98237413690286,104.92241408914947,104.65192814683752,104.53586242453329,104.1103205200156,103.95294250733964,103.65080661985112,103.35436650340333,102.99404501118366,102.5378517165396,102.19720925848983,100.99647578338998,100.65419052812199,,,,109.90483738713839,108.88004989634022,107.95084440984212,106.93875904744516,106.75065841689585,106.22759275961705,105.98237413690286,104.53586242453329,104.1103205200156,102.99404501118366,100.99647578338998,100.65419052812199,,107.3600790849446,107.225873683293,107.3194893984515,103.7794069244231,99.00132986253885,98.3650503080342,98.35267045901325,,,107.91909410785371,"rgba(38, 166, 154, 1.0)",1.7056366727579773,106.0856667969749,2.837259118731304,78.5745640817041,23.89015251141528,True,False,True,False,True,20.0,107.37379999999999,106.44377499999999,0.0,0.0,0.0,0.0,0,1.0041452822739845,0.9525266482431896,False,False,False,False,0.34282824285616476,0.34251478770359073,False,False,False,False,-63492.0,-70452.48365010487,False,False,False,False,1296.1993454129242,False,False,False,False
2025-07-01 16:00:00+00:00,110.925,111.39,110.925,111.155,1041.0,,,,,,,,,,,,,,109.98884140183502,108.95394482206702,108.0244269156708,107.49323735121722,107.42757772160836,107.42307709766007,107.28935744265112,107.29416926252185,107.37444359140139,107.42237941775069,107.4582189669879,107.5462587880366,107.61991301846899,107.62129972252245,107.47774005606898,106.98293663533946,106.98293663533946,106.76845442670442,106.40565037412959,106.24436445470056,105.99890750335597,104.93895271733864,104.66850253417792,104.55244517934304,104.12708327239378,103.96978233157729,103.66772441109114,103.37136650857303,103.01115239556299,102.55512392403874,102.21455330400137,101.01413603282894,100.67190346117725,,,,109.98884140183502,108.95394482206702,108.0244269156708,106.95690354679682,106.76845442670442,106.24436445470056,105.99890750335597,104.55244517934304,104.12708327239378,103.01115239556299,101.01413603282894,100.67190346117725,,107.42757772160836,107.28139772763257,107.36648851054821,103.79628796904446,99.01793032906966,98.37727247249956,98.36417796498948,,,107.98682900190393,"rgba(38, 166, 154, 1.0)",1.7599476522715558,106.1167794527457,2.8627104566158494,79.87001684798467,25.461632919855276,True,False,True,False,True,20.0,107.4728,106.48852500000001,0.0,0.0,0.0,0.0,0,1.0142137992300868,0.9401835949067217,False,False,False,False,0.34282824331524236,0.34267151550941655,False,False,False,False,-62451.0,-70328.42964002573,False,False,False,False,1292.2427664142742,False,False,False,False
2025-07-01 17:00:00+00:00,111.155,111.27,111.025,111.14,634.0,,,,,,,,,,,,,,110.03423711318923,108.9964180374651,108.06744777623148,107.53439531038894,107.46739804912116,107.4628147137741,107.32122059577502,107.32508748712496,107.4018416196764,107.44727306127763,107.48143574895545,107.56662896068995,107.63720007425626,107.63691049184297,107.49060201140675,106.99391002129182,106.99391002129182,106.77919383388357,106.41598715677335,106.25449898230781,106.00890248734275,104.94896348972111,104.67853743159112,104.56248616256104,104.1372363879216,103.97998317830918,103.6779745407658,103.38166830751862,103.02152133931986,102.56559511265952,102.22506974240292,101.02484926398635,100.68264994904546,,,,110.03423711318923,108.9964180374651,108.06744777623148,106.96784731295365,106.77919383388357,106.25449898230781,106.00890248734275,104.56248616256104,104.1372363879216,103.02152133931986,101.02484926398635,100.68264994904546,,107.46739804912116,107.31435199759638,107.39446604379566,103.80651499087581,99.02800861380413,98.3846979123093,98.37116986706556,,,108.02612738538375,"rgba(38, 166, 154, 1.0)",1.815729206007037,106.13533318254116,2.756284803318543,80.52442494758724,26.403593257604797,True,False,True,False,True,20.0,107.5715,106.531625,0.0,0.0,0.0,0.0,0,1.0120983736612466,0.9473423244744146,False,False,False,False,0.34171863418179,0.3421950748456033,False,False,False,False,-63085.0,-70216.12840529665,False,False,False,False,1282.037452206301,False,False,False,False
2025-07-01 18:00:00+00:00,111.13,111.32,110.96,111.285,6659.0,,,,,,,,,,,,,,110.37121539653306,109.36720335323257,108.46218967842421,107.92115713733155,107.84369589648574,107.83846360594175,107.63007200227084,107.62553659647527,107.67033251340814,107.69278613290236,107.7114052004435,107.76986265372277,107.8111505113738,107.7948152686061,107.62197615439878,107.10693152373747,107.10693152373747,106.88997631696776,106.522863546375,106.35938637657563,106.11244911959413,105.0529116201608,104.78278095473988,104.66681183168168,104.24277659395125,104.08603540347009,103.78457473089627,103.4888377667232,103.12942457876646,102.67460072216281,102.3345769798824,101.13649426339707,100.79466593811878,,,,110.37121539653306,109.36720335323257,108.46218967842421,107.08058616074177,106.88997631696776,106.35938637657563,106.11244911959413,104.66681183168168,104.24277659395125,103.12942457876646,101.13649426339707,100.79466593811878,,107.84369589648574,107.6328708482529,107.66822273272365,103.9128604467521,99.13323418574403,98.4624329569335,98.44439496632701,,,108.38244170833687,"rgba(38, 166, 154, 1.0)",1.8722250985971711,106.31832910168313,2.6528171756902053,81.42364968124045,27.561762217906022,True,False,True,False,True,20.0,107.67310000000002,106.574625,0.0,0.0,0.0,0.0,0,1.0050425153252924,0.9469052798101638,False,False,False,False,0.3408869588206903,0.3415410168331468,False,False,False,False,-56426.0,-70002.32796490444,False,False,False,False,1365.4012126372108,False,False,False,False
2025-07-01 19:00:00+00:00,111.165,111.29,111.09,111.29,2161.0,,,,,,,,,,,,,,110.44496982683809,109.46379577453482,108.57105757067093,108.03082032210472,107.95108773116492,107.94571417749235,107.72085081094565,107.71410443057204,107.75025210258977,107.76640946710545,107.78071492934424,107.83162823706621,107.86454385164586,107.8435819708458,107.66302565022227,107.14261532845546,107.14261532845546,106.92502410902644,106.55677855684101,106.39271270085861,106.14539394454623,105.08609302991087,104.81607752674226,104.70014338409997,104.27652028724859,104.1199506419334,103.81868205565607,103.52314239681462,103.16398092554942,102.70952867080595,102.36968003518481,101.17232469694278,100.83062680278903,,,,110.44496982683809,109.46379577453482,108.57105757067093,107.11618999232445,106.92502410902644,106.39271270085861,106.14539394454623,104.70014338409997,104.27652028724859,103.16398092554942,101.17232469694278,100.83062680278903,,107.95108773116492,107.72618288815933,107.7495673672508,103.94687941353385,99.16709004791132,98.4875261414772,98.46804349520173,,,108.48030008054045,"rgba(38, 166, 154, 1.0)",1.9259571084998555,106.37338318530725,2.552817398162285,82.03967015904361,28.436380451516982,True,False,True,False,True,20.0,107.77480000000001,106.61810000000001,0.0,0.0,0.0,0.0,0,1.0072212879612237,0.9481650014838257,False,False,False,False,0.3428282433690463,0.34218463010109657,False,False,False,False,-54265.0,-69758.3383840532,False,False,False,False,1377.736077557564,False,False,False,False
2025-07-02 14:00:00+00:00,110.845,111.29,110.785,111.24,2633.0,,,,,,,,,,,,,111.105,110.50793574879226,109.56165330585685,108.68720928140758,108.15037301528687,108.06864507833144,108.06314764358484,107.82190971710277,107.81284944571635,107.83974150245686,107.84913432522134,107.85877400837714,107.9014386035963,107.92516928979995,107.89914135303641,107.71017279499739,107.18402894161268,107.18402894161268,106.9658135054468,106.59641430957598,106.431726289112,106.18404281808975,105.12527240273623,104.85544356350118,104.73957147867152,104.3165030017709,104.16015928626346,103.85916125815143,103.56389467055072,103.20507588264967,102.75111550919173,102.411510639175,101.21512863297592,100.87361328451905,,,111.105,110.50793574879226,109.56165330585685,108.68720928140758,107.15752554313605,106.9658135054468,106.431726289112,106.18404281808975,104.73957147867152,104.3165030017709,103.20507588264967,101.21512863297592,100.87361328451905,,108.06864507833144,107.82989016988408,107.8405751560601,103.98723608318576,99.20768286073552,98.5176842210055,98.49647303290998,,,108.99573422379532,"rgba(38, 166, 154, 1.0)",1.9758467519989242,106.43567527203592,2.431527001324184,81.55670469933645,28.436380451516982,True,False,True,False,True,20.0,107.87550000000002,106.66087499999999,0.0,0.0,0.0,0.0,0,1.002171124050134,0.950458896674232,False,False,False,False,0.3260741247015406,0.3341293774013186,False,False,False,False,-56898.0,-69558.95329282757,False,False,False,False,1397.1975337194622,False,False,False,False
2025-07-02 15:00:00+00:00,111.245,111.395,111.135,111.22,791.0,,,,,,,,,,,,,111.13849737149533,110.52861035774247,109.59136370040785,108.72202119682188,108.18616787841623,108.1038742049437,108.09834157056561,107.85239036517467,107.84265808189342,107.86685329058459,107.8742628573386,107.88252898756076,107.92275603415666,107.94375203142883,107.9162027953722,107.72467960707304,107.19675561508755,107.19675561508755,106.97833615408966,106.60856562648894,106.44368054074401,106.19587490280612,105.13722614265549,104.86744589402012,104.75158939431418,104.32867783278206,104.17239872965574,103.87147581984333,103.57628570234827,103.21756366177962,102.76374403259092,102.42420745025397,101.2281032043109,100.88663903678957,,,111.13849737149533,110.52861035774247,109.59136370040785,108.72202119682188,107.1702266636848,106.97833615408966,106.44368054074401,106.19587490280612,104.75158939431418,104.32867783278206,103.21756366177962,101.2281032043109,100.88663903678957,,108.1038742049437,107.86113830012516,107.86813091990317,103.9995163812944,99.21997176380334,98.52682014671277,98.5050867343714,,,109.02765833069597,"rgba(38, 166, 154, 1.0)",2.0224455181465717,106.4545797853986,2.3562662983221303,80.85109209149903,28.436380451516982,True,False,True,False,True,20.0,107.97579999999999,106.703225,0.0,0.0,0.0,0.0,0,1.0031623678229085,0.9531574266231837,False,False,False,False,0.34282824349124047,0.33847881044627953,False,False,False,False,-57689.0,-69374.92300921783,False,False,False,False,1387.7991223439665,False,False,False,False
2025-07-02 16:00:00+00:00,111.225,111.44,111.185,111.33,177.0,,,,,,,,,,,,,111.14733685087475,110.53350327872678,109.59813733094008,108.7298889440554,108.19424082244838,108.11181967564144,108.10627910161598,107.85927255933619,107.84938998012076,107.87298245262012,107.8799478379807,107.88790602333651,107.92758627479346,107.9479671919437,107.92007459487724,107.72797210000512,107.19964035604556,107.19964035604556,106.9811729630587,106.61131591478448,106.44638531083365,106.19855066839413,105.13992444402787,104.87015414580381,104.75430075370376,104.33142315012269,104.17515812086083,103.87425126830512,103.57907758474911,103.22037644006238,102.7665874604626,102.42706554806556,101.23102166219738,100.889568488362,,,111.14733685087475,110.53350327872678,109.59813733094008,108.7298889440554,107.17310539584707,106.9811729630587,106.44638531083365,106.19855066839413,104.75430075370376,104.33142315012269,103.22037644006238,101.23102166219738,100.889568488362,,108.11181967564144,107.8681920109431,107.87435948432372,104.00228447228947,99.22273378648836,98.52887364402314,98.50702293272903,,,109.03505982045488,"rgba(38, 166, 154, 1.0)",2.068414834583521,106.45885262195543,2.3550147178408642,80.93710148051491,28.436380451516982,True,False,True,False,True,20.0,108.09480000000002,106.746325,0.0,0.0,0.0,0.0,0,1.0061501835135411,0.9523856760242035,False,False,False,False,0.34282824356724145,0.3406535270067605,False,False,False,False,-57512.0,-69191.00172225322,False,False,False,False,1369.027042927781,False,False,False,False
2025-07-02 17:00:00+00:00,111.34,111.63,111.285,111.55,306.0,,,,,,,,,,,,,111.17404402354748,110.5436223476715,109.61086816484345,108.74426489539866,108.20885385407149,108.1261870196809,108.12063110476268,107.8716879274042,107.86153421091858,107.88404775002755,107.89021571070776,107.8976210337581,107.93632157230587,107.95559594814412,107.9270812825531,107.73391884069949,107.20482347597704,107.20482347597704,106.98626042681066,106.61623453148414,106.45121719808459,106.20332336241563,105.14471195291875,104.87495414493011,104.75910417283424,104.33627956424137,104.18003698301717,103.87915408998253,103.58400539971534,103.22533659174793,102.77159639264613,102.43209672668462,101.2361481149985,100.89471157800479,,,111.17404402354748,110.5436223476715,109.61086816484345,108.74426489539866,107.17827649067571,106.98626042681066,106.45121719808459,106.20332336241563,104.75910417283424,104.33627956424137,103.22533659174793,101.2361481149985,100.89471157800479,,108.1261870196809,107.88091643884923,107.88560354644545,104.00717613403005,99.22757290488835,98.53246937138451,98.51041327791258,,,109.05001991717253,"rgba(38, 166, 154, 1.0)",2.116827900505278,106.46653945571869,2.4014519758870843,81.96706379764018,29.298232931759458,True,False,True,False,True,20.0,108.2174,106.79167500000001,0.0,0.0,0.0,0.0,0,1.0086181277860335,0.9448241703813767,False,False,False,False,0.34282824379283966,0.3417408853998001,False,False,False,False,-57206.0,-69005.18774206324,False,False,False,False,1352.546003502544,False,False,False,False
2025-07-02 18:00:00+00:00,111.545,111.87,111.35,111.84,738.0,,,,,,,,,,,,,111.25548977395049,110.57210967400603,109.6440478511042,108.78078941909293,108.24566877519109,108.16235442015818,108.15675797676407,107.90290727372863,107.89207600789076,107.91191129600767,107.9160924752634,107.92211938825277,107.95838031592706,107.97488553174496,107.9448019241291,107.7489374671787,107.2178489601588,107.2178489601588,106.99902152293924,106.62853760206039,106.46328990660572,106.21522925977253,105.15658871354591,104.8868483352143,104.77100135667526,104.34828907003535,104.19209551090476,103.89126013398995,103.59616248030493,103.23756140996574,102.78392744980071,102.44447302502549,101.24872963230618,100.9073268301929,,,111.25548977395049,110.57210967400603,109.6440478511042,108.78078941909293,107.19126866516723,106.99902152293924,106.46328990660572,106.21522925977253,104.77100135667526,104.34828907003535,103.23756140996574,101.24872963230618,100.9073268301929,,108.16235442015818,107.91290700411562,107.91391300837626,104.01925948036127,99.2394165617955,98.54126584547606,98.51870755973081,,,109.09001564549945,"rgba(38, 166, 154, 1.0)",2.171313024934325,106.48583842315486,2.465863519152007,83.64598769678398,31.030864052973115,True,False,True,False,True,20.0,108.34369999999998,106.8377,0.0,0.0,0.0,0.0,0,1.0115407378181107,0.9392385085815738,False,False,False,False,0.3428282440201995,0.3422845647099998,False,False,False,False,-56468.0,-68810.81273831031,False,False,False,False,1343.0181584870004,False,False,False,False
2025-07-02 19:00:00+00:00,111.84,112.15,111.7,112.095,3699.0,,,,,,,,,,,,,111.57741311121765,110.72863308416639,109.81743569948532,108.9682742958787,108.43390371308703,108.34738979624801,108.34159241937307,108.06361253133369,108.04944322500558,108.05608484331908,108.05039770004082,108.04954649728735,108.07359298913843,108.07609064091882,108.03797080380018,107.82803931128204,107.28624637079247,107.28624637079247,107.06591298199005,106.69285882580962,106.52634197195282,106.27730921544092,105.21813361156885,104.94840334689037,104.8325395453895,104.41029276737156,104.25431237170243,103.95365167325123,103.65875248701504,103.30042707076045,102.84725375488281,102.50797420274205,101.31310636992593,100.97183348424365,,,111.57741311121765,110.72863308416639,109.81743569948532,108.9682742958787,107.2594761173405,107.06591298199005,106.52634197195282,106.27730921544092,104.8325395453895,104.41029276737156,103.30042707076045,101.31310636992593,100.97183348424365,,108.34738979624801,108.07740060476897,108.06029657842768,104.08156342591613,99.29984051408807,98.58616428549918,98.56105110868111,,,109.28478183134874,"rgba(38, 166, 154, 1.0)",2.2304263075723165,106.5857639906079,2.470037225927704,85.43960419220309,32.78409646672746,True,False,True,False,True,20.0,108.48039999999999,106.8841,0.0,0.0,0.0,0.0,0,1.0145812807881784,0.9393103448275857,False,False,False,False,0.3428282444603185,0.3425564045851591,False,False,False,False,-52769.0,-68562.10246329775,False,False,False,False,1379.5450087430158,False,False,False,False
2025-07-03 14:00:00+00:00,112.535,113.06,112.535,112.815,1214.0,,,,,,,,,,,,,111.73312216642255,110.80158561428915,109.88839489859838,109.04060691980237,108.50498086113714,108.41713150261069,108.41124974279832,108.12412002958416,108.10873132871733,108.1106447189877,108.10137584999458,108.09802030137081,108.11763106696833,108.11495609282585,108.07379527224235,107.85836870084236,107.31212176995848,107.31212176995848,107.09108119810993,106.71686078027241,106.54979226803385,106.30028630758349,105.2405157933456,104.97070638039104,104.85480289818392,104.43260783961595,104.27666395666877,103.97599354501952,103.68109908384795,103.32279703906225,102.86970009471278,102.5304227913443,101.33568092809031,100.99440867228606,,,111.73312216642255,110.80158561428915,109.88839489859838,109.04060691980237,107.28526199370384,107.09108119810993,106.54979226803385,106.30028630758349,104.85480289818392,104.43260783961595,103.32279703906225,101.33568092809031,100.99440867228606,,108.41713150261069,108.13928545232936,108.11566081427141,104.10390410048444,99.32082353935049,98.60173435788803,98.57573741579566,,,109.36514896690534,"rgba(38, 166, 154, 1.0)",2.306325481197819,106.62328663250932,2.68466589731946,87.84553948091528,35.02981272332201,True,False,True,False,True,20.0,108.62989999999999,106.93327500000001,0.0,0.0,0.0,0.0,0,1.024666081700303,0.9268792044457436,False,False,False,False,0.34282824550522734,0.3426923250451932,False,False,False,False,-51555.0,-68298.42645611483,False,False,False,False,1376.9784194601784,False,False,False,False
2025-07-03 15:00:00+00:00,112.795,113.225,112.79,113.205,873.0,,,,,,,,,,,,,111.84528824337711,110.85761238864718,109.94190936736146,109.09457111543706,108.55780222860899,108.46895414212496,108.46300916917829,108.16914147624061,108.15286000101818,108.15132364033568,108.13943054824948,108.13423713196977,108.15059155759394,108.14409886467428,108.10067765466238,107.88112974535873,107.33148707513378,107.33148707513378,107.10989290517013,106.73476512355238,106.56727102623992,106.31739149552912,105.25710128687422,104.9872167643482,104.87127721024783,104.44909687262968,104.29317178737027,103.99247950147588,103.69757499917948,103.33927480893864,102.88621606287649,102.54692808224708,101.35224069833399,101.0109595074936,,,111.84528824337711,110.85761238864718,109.94190936736146,109.09457111543706,107.30455718566154,107.10989290517013,106.56727102623992,106.31739149552912,104.87127721024783,104.44909687262968,103.33927480893864,101.35224069833399,101.0109595074936,,108.46895414212496,108.18531378897653,108.15692905590096,104.12039532072357,99.3361737551702,98.61312236397208,98.58647984853324,,,109.42478601637197,"rgba(38, 166, 154, 1.0)",2.3886569410401037,106.65123161832017,2.743704325672691,89.8601633226805,36.85306307065915,True,False,True,False,True,20.0,108.7925,106.98522499999999,0.0,0.0,0.0,0.0,0,1.0311921239886939,0.9220196900282673,False,False,False,False,0.34282824572477966,0.34276028538498643,False,False,False,False,-50682.0,-68025.30356532235,False,False,False,False,1369.164800553819,False,False,False,False
2025-07-03 16:00:00+00:00,113.225,113.315,113.055,113.255,3967.0,,,,,,,,,,,,,112.22084039449923,111.09450582158432,110.17361496554847,109.33037862805728,108.78994840820432,108.69710919644841,108.69091111783693,108.36917423817913,108.34912805908414,108.33292187924327,108.30980120367941,108.29670355244185,108.29896694398225,108.27583537704916,108.22249907811563,107.98472956609973,107.41990075316855,107.41990075316855,107.19580778468702,106.8165758902166,106.64715451160426,106.39557492287399,105.33287769844662,105.06264037542398,104.94653228815872,104.52439938179572,104.36855266392426,104.06774945148912,103.77278846077172,103.41448406668523,102.96158342076039,102.6222370092331,101.42776509397504,101.08643573929153,,,112.22084039449923,111.09450582158432,110.17361496554847,109.33037862805728,107.39265468600125,107.19580778468702,106.64715451160426,106.39557492287399,104.94653228815872,104.52439938179572,103.41448406668523,101.42776509397504,101.08643573929153,,108.69710919644841,108.38958362805704,108.34103754949793,104.19569409866106,99.40617848362345,98.66512666980424,98.63554771616793,,,109.67081034629476,"rgba(38, 166, 154, 1.0)",2.465159585864741,106.77664256746488,2.6279667530175774,91.25137375279081,38.1029574314053,True,False,True,False,True,20.0,108.95939999999999,107.03275,0.0,0.0,0.0,0.0,0,1.0294436238306266,0.934416543574593,False,False,False,False,0.3428282459020882,0.3427942656435373,False,False,False,False,-46715.0,-67694.91126198402,False,False,False,False,1409.4413152739148,False,False,False,False
2025-07-03 17:00:00+00:00,113.255,113.56,113.255,113.56,0.0,,,,,,,,,,,,,112.22084039449923,111.09450582158432,110.17361496554847,109.33037862805728,108.78994840820432,108.69710919644841,108.69091111783693,108.36917423817913,108.34912805908414,108.33292187924327,108.30980120367941,108.29670355244185,108.29896694398225,108.27583537704916,108.22249907811563,107.98472956609973,107.41990075316855,107.41990075316855,107.19580778468702,106.8165758902166,106.64715451160426,106.39557492287399,105.33287769844662,105.06264037542398,104.94653228815872,104.52439938179572,104.36855266392426,104.06774945148912,103.77278846077172,103.41448406668523,102.96158342076039,102.6222370092331,101.42776509397504,101.08643573929153,,,112.22084039449923,111.09450582158432,110.17361496554847,109.33037862805728,107.39265468600125,107.19580778468702,106.64715451160426,106.39557492287399,104.94653228815872,104.52439938179572,103.41448406668523,101.42776509397504,101.08643573929153,,108.69710919644841,108.38958362805704,108.34103754949793,104.19569409866106,99.40617848362345,98.66512666980424,98.63554771616793,,,109.67081034629476,"rgba(38, 166, 154, 1.0)",2.5436369861114434,106.77664256746488,2.666794621077243,92.45632750895805,39.22291018041818,True,False,True,False,True,20.0,109.1364,107.082225,0.0,0.0,0.0,0.0,0,1.0366141732283474,0.9172244094488181,False,False,False,False,0.3428282461143841,0.3428112558789607,False,False,False,False,-46715.0,-67369.64131993774,False,False,False,False,1387.5895119363347,False,False,False,False
2025-07-03 18:00:00+00:00,113.56,113.56,113.56,113.56,0.0,,,,,,,,,,,,,112.22084039449923,111.09450582158432,110.17361496554847,109.33037862805728,108.78994840820432,108.69710919644841,108.69091111783693,108.36917423817913,108.34912805908414,108.33292187924327,108.30980120367941,108.29670355244185,108.29896694398225,108.27583537704916,108.22249907811563,107.98472956609973,107.41990075316855,107.41990075316855,107.19580778468702,106.8165758902166,106.64715451160426,106.39557492287399,105.33287769844662,105.06264037542398,104.94653228815872,104.52439938179572,104.36855266392426,104.06774945148912,103.77278846077172,103.41448406668523,102.96158342076039,102.6222370092331,101.42776509397504,101.08643573929153,,,112.22084039449923,111.09450582158432,110.17361496554847,109.33037862805728,107.39265468600125,107.19580778468702,106.64715451160426,106.39557492287399,104.94653228815872,104.52439938179572,103.41448406668523,101.42776509397504,101.08643573929153,,108.69710919644841,108.38958362805704,108.34103754949793,104.19569409866106,99.40617848362345,98.66512666980424,98.63554771616793,,,109.67081034629476,"rgba(38, 166, 154, 1.0)",2.6175818391564434,106.77664256746488,2.591459541422082,93.25963001306954,40.02081848268132,True,False,True,False,True,20.0,109.32459999999999,107.130775,0.0,0.0,0.0,0.0,0,1.0397580805076354,0.9215744596470347,False,False,False,False,0.3428282462538775,0.3428197510664191,False,False,False,False,-46715.0,-67049.4143227294,False,False,False,False,1366.0764962473993,False,False,False,False
2025-07-03 19:00:00+00:00,113.56,113.56,113.56,113.56,0.0,,,,,,,,,,,,,112.22084039449923,111.09450582158432,110.17361496554847,109.33037862805728,108.78994840820432,108.69710919644841,108.69091111783693,108.36917423817913,108.34912805908414,108.33292187924327,108.30980120367941,108.29670355244185,108.29896694398225,108.27583537704916,108.22249907811563,107.98472956609973,107.41990075316855,107.41990075316855,107.19580778468702,106.8165758902166,106.64715451160426,106.39557492287399,105.33287769844662,105.06264037542398,104.94653228815872,104.52439938179572,104.36855266392426,104.06774945148912,103.77278846077172,103.41448406668523,102.96158342076039,102.6222370092331,101.42776509397504,101.08643573929153,,,112.22084039449923,111.09450582158432,110.17361496554847,109.33037862805728,107.39265468600125,107.19580778468702,106.64715451160426,106.39557492287399,104.94653228815872,104.52439938179572,103.41448406668523,101.42776509397504,101.08643573929153,,108.69710919644841,108.38958362805704,108.34103754949793,104.19569409866106,99.40617848362345,98.66512666980424,98.63554771616793,,,109.67081034629476,"rgba(38, 166, 154, 1.0)",2.683045868995167,106.77664256746488,2.5282301398282003,93.79516501581054,40.62890015718081,True,False,True,False,True,20.0,109.5009,107.18075,0.0,0.0,0.0,0.0,0,1.0362116991643464,0.9210107441305204,False,False,False,False,0.3428282462538775,0.3428239986601483,False,False,False,False,-46715.0,-66734.15208516769,False,False,False,False,1344.897015685424,False,False,False,False
2025-07-04 14:00:00+00:00,113.56,113.56,113.56,113.56,0.0,,,,,,,,,,,,,112.22084039449923,111.09450582158432,110.17361496554847,109.33037862805728,108.78994840820432,108.69710919644841,108.69091111783693,108.36917423817913,108.34912805908414,108.33292187924327,108.30980120367941,108.29670355244185,108.29896694398225,108.27583537704916,108.22249907811563,107.98472956609973,107.41990075316855,107.41990075316855,107.19580778468702,106.8165758902166,106.64715451160426,106.39557492287399,105.33287769844662,105.06264037542398,104.94653228815872,104.52439938179572,104.36855266392426,104.06774945148912,103.77278846077172,103.41448406668523,102.96158342076039,102.6222370092331,101.42776509397504,101.08643573929153,,,112.22084039449923,111.09450582158432,110.17361496554847,109.33037862805728,107.39265468600125,107.19580778468702,106.64715451160426,106.39557492287399,104.94653228815872,104.52439938179572,103.41448406668523,101.42776509397504,101.08643573929153,,108.69710919644841,108.38958362805704,108.34103754949793,104.19569409866106,99.40617848362345,98.66512666980424,98.63554771616793,,,109.67081034629476,"rgba(38, 166, 154, 1.0)",2.7423720990643434,106.77664256746488,2.4735364813730083,94.1521883509712,41.123301623096026,True,False,True,False,True,20.0,109.6735,107.23072499999998,0.0,0.0,0.0,0.0,0,1.0397801099450286,0.9185407296351815,False,False,False,False,0.3428282462538775,0.3428261224570129,False,False,False,False,-46715.0,-66423.77763423485,False,False,False,False,1324.0458991631695,False,False,False,False
2025-07-04 15:00:00+00:00,113.56,113.56,113.56,113.56,0.0,,,,,,,,,,,,,112.22084039449923,111.09450582158432,110.17361496554847,109.33037862805728,108.78994840820432,108.69710919644841,108.69091111783693,108.36917423817913,108.34912805908414,108.33292187924327,108.30980120367941,108.29670355244185,108.29896694398225,108.27583537704916,108.22249907811563,107.98472956609973,107.41990075316855,107.41990075316855,107.19580778468702,106.8165758902166,106.64715451160426,106.39557492287399,105.33287769844662,105.06264037542398,104.94653228815872,104.52439938179572,104.36855266392426,104.06774945148912,103.77278846077172,103.41448406668523,102.96158342076039,102.6222370092331,101.42776509397504,101.08643573929153,,,112.22084039449923,111.09450582158432,110.17361496554847,109.33037862805728,107.39265468600125,107.19580778468702,106.64715451160426,106.39557492287399,104.94653228815872,104.52439938179572,103.41448406668523,101.42776509397504,101.08643573929153,,108.69710919644841,108.38958362805704,108.34103754949793,104.19569409866106,99.40617848362345,98.66512666980424,98.63554771616793,,,109.67081034629476,"rgba(38, 166, 154, 1.0)",2.7966685989314226,106.77664256746488,2.4255134967106846,94.39020390774498,41.54659309699035,True,False,True,False,True,20.0,109.8381,107.28125,0.0,0.0,0.0,0.0,0,1.0388564525870756,0.9215824441312656,False,False,False,False,0.3428282462538775,0.3428271843554452,False,False,False,False,-46715.0,-66118.21519029322,False,False,False,False,1303.518055765291,False,False,False,False
2025-07-04 16:00:00+00:00,113.56,113.56,113.56,113.56,0.0,,,,,,,,,,,,,112.22084039449923,111.09450582158432,110.17361496554847,109.33037862805728,108.78994840820432,108.69710919644841,108.69091111783693,108.36917423817913,108.34912805908414,108.33292187924327,108.30980120367941,108.29670355244185,108.29896694398225,108.27583537704916,108.22249907811563,107.98472956609973,107.41990075316855,107.41990075316855,107.19580778468702,106.8165758902166,106.64715451160426,106.39557492287399,105.33287769844662,105.06264037542398,104.94653228815872,104.52439938179572,104.36855266392426,104.06774945148912,103.77278846077172,103.41448406668523,102.96158342076039,102.6222370092331,101.42776509397504,101.08643573929153,,,112.22084039449923,111.09450582158432,110.17361496554847,109.33037862805728,107.39265468600125,107.19580778468702,106.64715451160426,106.39557492287399,104.94653228815872,104.52439938179572,103.41448406668523,101.42776509397504,101.08643573929153,,108.69710919644841,108.38958362805704,108.34103754949793,104.19569409866106,99.40617848362345,98.66512666980424,98.63554771616793,,,109.67081034629476,"rgba(38, 166, 154, 1.0)",2.8449882486808056,106.77664256746488,2.3843182606045934,94.54888094559416,41.92172345044196,True,False,True,False,True,20.0,109.9812,107.33155000000001,0.0,0.0,0.0,0.0,0,1.0333164042661258,0.9293042153377339,False,False,False,False,0.3428282462538775,0.34282771530466133,False,False,False,False,-46715.0,-65817.39014858325,False,False,False,False,1283.308473505364,False,False,False,False
2025-07-04 17:00:00+00:00,113.56,113.56,113.56,113.56,0.0,,,,,,,,,,,,,112.22084039449923,111.09450582158432,110.17361496554847,109.33037862805728,108.78994840820432,108.69710919644841,108.69091111783693,108.36917423817913,108.34912805908414,108.33292187924327,108.30980120367941,108.29670355244185,108.29896694398225,108.27583537704916,108.22249907811563,107.98472956609973,107.41990075316855,107.41990075316855,107.19580778468702,106.8165758902166,106.64715451160426,106.39557492287399,105.33287769844662,105.06264037542398,104.94653228815872,104.52439938179572,104.36855266392426,104.06774945148912,103.77278846077172,103.41448406668523,102.96158342076039,102.6222370092331,101.42776509397504,101.08643573929153,,,112.22084039449923,111.09450582158432,110.17361496554847,109.33037862805728,107.39265468600125,107.19580778468702,106.64715451160426,106.39557492287399,104.94653228815872,104.52439938179572,103.41448406668523,101.42776509397504,101.08643573929153,,108.69710919644841,108.38958362805704,108.34103754949793,104.19569409866106,99.40617848362345,98.66512666980424,98.63554771616793,,,109.67081034629476,"rgba(38, 166, 154, 1.0)",2.8892761851146322,106.77664256746488,2.3477705134187428,94.65466563749362,42.260546094943095,True,False,True,False,True,20.0,110.12549999999999,107.3808,0.0,0.0,0.0,0.0,0,1.0326864147088877,0.9281920326864138,False,False,False,False,0.3428282462538775,0.3428279807792694,False,False,False,False,-46715.0,-65521.229061008315,False,False,False,False,1263.41221810218,False,False,False,False
2025-07-04 18:00:00+00:00,113.56,113.56,113.56,113.56,0.0,,,,,,,,,,,,,112.22084039449923,111.09450582158432,110.17361496554847,109.33037862805728,108.78994840820432,108.69710919644841,108.69091111783693,108.36917423817913,108.34912805908414,108.33292187924327,108.30980120367941,108.29670355244185,108.29896694398225,108.27583537704916,108.22249907811563,107.98472956609973,107.41990075316855,107.41990075316855,107.19580778468702,106.8165758902166,106.64715451160426,106.39557492287399,105.33287769844662,105.06264037542398,104.94653228815872,104.52439938179572,104.36855266392426,104.06774945148912,103.77278846077172,103.41448406668523,102.96158342076039,102.6222370092331,101.42776509397504,101.08643573929153,,,112.22084039449923,111.09450582158432,110.17361496554847,109.33037862805728,107.39265468600125,107.19580778468702,106.64715451160426,106.39557492287399,104.94653228815872,104.52439938179572,103.41448406668523,101.42776509397504,101.08643573929153,,108.69710919644841,108.38958362805704,108.34103754949793,104.19569409866106,99.40617848362345,98.66512666980424,98.63554771616793,,,109.67081034629476,"rgba(38, 166, 154, 1.0)",2.9280293360534193,106.77664256746488,2.316697223286075,94.7251887654266,42.56892598144988,True,False,True,False,True,20.0,110.264,107.4297,0.0,0.0,0.0,0.0,0,1.0331856126971048,0.9306400082448717,False,False,False,False,0.3428282462538775,0.34282811351657344,False,False,False,False,-46715.0,-65229.659618201986,False,False,False,False,1243.8244317750145,False,False,False,False
2025-07-04 19:00:00+00:00,113.56,113.56,113.56,113.56,0.0,,,,,,,,,,,,,112.22084039449923,111.09450582158432,110.17361496554847,109.33037862805728,108.78994840820432,108.69710919644841,108.69091111783693,108.36917423817913,108.34912805908414,108.33292187924327,108.30980120367941,108.29670355244185,108.29896694398225,108.27583537704916,108.22249907811563,107.98472956609973,107.41990075316855,107.41990075316855,107.19580778468702,106.8165758902166,106.64715451160426,106.39557492287399,105.33287769844662,105.06264037542398,104.94653228815872,104.52439938179572,104.36855266392426,104.06774945148912,103.77278846077172,103.41448406668523,102.96158342076039,102.6222370092331,101.42776509397504,101.08643573929153,,,112.22084039449923,111.09450582158432,110.17361496554847,109.33037862805728,107.39265468600125,107.19580778468702,106.64715451160426,106.39557492287399,104.94653228815872,104.52439938179572,103.41448406668523,101.42776509397504,101.08643573929153,,108.69710919644841,108.38958362805704,108.34103754949793,104.19569409866106,99.40617848362345,98.66512666980424,98.63554771616793,,,109.67081034629476,"rgba(38, 166, 154, 1.0)",2.962293269480758,106.77664256746488,2.289900700386812,94.77220418404858,42.84971869505597,True,False,True,False,True,20.0,110.40089999999998,107.47795,0.0,0.0,0.0,0.0,0,1.031081081081082,0.9320166320166309,False,False,False,False,0.3428282462538775,0.34282817988522546,False,False,False,False,-46715.0,-64942.61063187327,False,False,False,False,1224.5403320575724,False,False,False,False
2025-07-07 14:00:00+00:00,113.06,113.115,112.68,112.75,528.0,,,,,,,,,,,,112.84833333333334,112.2430376524186,111.11771843848962,110.19863181700086,109.35701527710057,108.81673441836043,108.72353831808003,108.71731761059247,108.39271496920955,108.37225706682247,108.35440098019788,108.33001414252178,108.3160186405624,108.31666132608487,108.29161209059778,108.23713726771106,107.99728601814041,107.43074882481626,107.43074882481626,107.20638692259065,106.82670456051301,106.65706672580093,106.40530458841187,105.34239855705326,105.07213582474068,104.95601427701314,104.53391302575339,104.37808501065227,104.07728420159991,103.78233108834705,103.42404314347874,102.97118224238345,102.63184218890466,101.43743978381107,101.09611484992865,,,112.2430376524186,111.11771843848962,110.19863181700086,109.35701527710057,107.40346883880876,107.20638692259065,106.65706672580093,106.40530458841187,104.95601427701314,104.53391302575339,103.42404314347874,101.43743978381107,101.09611484992865,,108.72353831808003,108.41358741940859,108.36279699371865,104.20522566372914,99.41520109623758,98.67184976355954,98.64189301018708,,,110.25279085817199,"rgba(38, 166, 154, 0.5)",2.978577986190114,110.95784092748605,0.6016827764198636,78.46094395464617,31.78803857822949,False,True,True,False,False,20.0,110.51859999999999,107.5243,0.0,0.0,0.0,0.0,0,1.0214954232232862,0.9320168672220498,False,False,False,False,0.2896560116321376,0.31624209575868156,False,False,False,False,-47243.0,-64668.19806393725,False,False,False,False,1213.741257141951,False,False,False,False
2025-07-07 15:00:00+00:00,112.755,112.91,112.56,112.645,905.0,,,,,,,,,,,,112.75781228192604,112.26944633946053,111.15292824811675,110.23817822294284,109.39990838394276,108.86022947233103,108.7665167147753,108.7602632695885,108.4312140956966,108.41010035548265,108.38958584667083,108.3631579747754,108.34771145012995,108.34572253362408,108.31755919783281,108.26123979438755,108.01802636062695,107.44875280534403,107.44875280534403,107.22396958401053,106.84357500147989,106.67359128331933,106.42154383036586,105.35835091012254,105.08805840803565,104.97191952834233,104.54988883295853,104.39409820662713,104.0933125522606,103.79838285019113,103.4401340611917,102.98735336357389,102.64803332344651,101.45377646175479,101.11246610492196,,,112.26944633946053,111.15292824811675,110.23817822294284,109.39990838394276,107.42141975770548,107.22396958401053,106.67359128331933,106.42154383036586,104.97191952834233,104.54988883295853,103.4401340611917,101.45377646175479,101.11246610492196,,108.7665167147753,108.45282413300738,108.39843207044146,104.22124403828549,99.43047313876002,98.68324207524239,98.65264617440968,,,110.27566036663546,"rgba(38, 166, 154, 0.5)",2.988649360496559,110.92216762094992,0.5764585172895055,66.5158951507716,21.803360715937103,False,True,True,False,False,20.0,110.63770000000001,107.56992499999998,0.0,0.0,0.0,0.0,0,1.023222210754465,0.9350810197130756,False,False,False,False,0.27686381552364675,0.29655295564116413,False,False,False,False,-48148.0,-64412.07096217078,False,False,False,False,1208.9545709847116,False,False,False,False
2025-07-07 16:00:00+00:00,112.645,112.86,111.87,111.88,1866.0,,,,,,,,,,,,112.44418460139435,112.26247527829574,111.19886992937059,110.30009638710185,109.47205776613106,108.93559865408544,108.84134519197858,108.8350577228295,108.49939615117614,108.47720412522952,108.45213762096884,108.4222200654985,108.40427491908751,108.39768682683145,108.36409899935171,108.30460572832226,108.05570272473774,107.48198331366933,107.48198331366933,107.25658435888974,106.8751047807601,106.70456911433148,106.45211199353255,105.38879429970183,105.11853151678874,105.00239481773075,104.58061834892263,104.42494051108824,104.12425948723401,103.82944404834758,103.4713491131753,103.018814643252,102.67959660036033,101.48581635793349,101.14458271517576,,,112.26247527829574,111.19886992937059,110.30009638710185,109.47205776613106,107.45457320244927,107.25658435888974,106.70456911433148,106.45211199353255,105.00239481773075,104.58061834892263,103.4713491131753,101.48581635793349,101.14458271517576,,108.84134519197858,108.52222015640703,108.46174417256695,104.25214033337276,99.46066585085828,98.70583502962266,98.67397638841429,,,110.2862106913984,#000000,2.9885125032327426,110.77254442704013,0.370570834742001,53.36839221679024,11.013746855359855,False,True,False,False,False,16.292138586180805,110.74340000000001,107.6119,0.0,0.0,0.0,0.0,0,1.0072508169934653,0.9386233660130711,False,False,False,False,0.2480565286477449,0.27230474214445455,False,False,False,False,-50014.0,-64188.84505578053,False,False,False,False,1219.141321822158,False,False,False,False
2025-07-07 17:00:00+00:00,111.89,112.49,111.805,112.025,2070.0,,,,,,,,,,,,112.31405569007265,112.24615900237768,111.24087688708067,110.36110825597267,109.54518737289081,109.01297003736487,108.9183522265515,108.91204200722223,108.57030493961986,108.54705924011247,108.5174427006449,108.48402761569801,108.46356359674573,108.45229504815285,108.41317206037917,108.35044437325877,108.09575648655873,107.51756375090596,107.51756375090596,107.2915711526041,106.90902361205073,106.73793300573158,106.48508241482243,105.42177604849783,105.15157506203803,105.03545287277255,104.61399128416163,104.45844918612242,104.15790706024976,103.86323882587075,103.50533711778381,103.0531003616565,102.71401452685286,101.52081771935326,101.17968401143875,,,112.24615900237768,111.24087688708067,110.36110825597267,109.54518737289081,107.49007960503516,107.2915711526041,106.73793300573158,106.48508241482243,105.03545287277255,104.61399128416163,103.50533711778381,101.52081771935326,101.17968401143875,,108.9183522265515,108.59431448661397,108.52780544075932,104.28572242314587,99.49373998963117,98.73063090982596,98.69739158993006,,,110.31884393494164,"rgba(239, 83, 80, 1.0)",2.9882633586913507,110.7271641466263,0.4343110688684658,46.35812137050567,5.907737915139585,False,True,False,True,False,17.0557951884261,110.85979999999999,107.653925,0.0,0.0,0.0,0.0,0,1.0110603754439387,0.9403348554033477,False,False,False,False,0.23131175449884753,0.25180824832165105,False,False,False,False,-47944.0,-63936.986992900216,False,False,False,False,1232.332929235768,False,False,False,False
2025-07-07 18:00:00+00:00,112.035,112.495,111.59,112.04,3526.0,,,,,,,,,,,112.04166666666667,112.20608000749486,112.21520378082111,111.29938465257634,110.45252665113622,109.6578950973739,109.13382313887472,109.0389744249726,109.03265030876003,108.68277309161302,108.65799116828869,108.62154703360844,108.58286182327207,108.55857298310882,108.54011161994634,108.49244385926866,108.42472342546459,108.16111325366474,107.57608575677202,107.57608575677202,107.34922992933583,106.96508870356485,106.79314874904905,106.5397278399282,105.47667801160208,105.20662772068569,105.09054940990613,104.66967449010184,104.51437970778035,104.21410987375758,103.91972430559771,103.5621868637265,103.11049514220261,102.77166458661631,101.57954735145626,101.23860754008304,,,112.21520378082111,111.29938465257634,110.45252665113622,109.6578950973739,107.5484944553639,107.34922992933583,106.79314874904905,106.5397278399282,105.09054940990613,104.66967449010184,103.5621868637265,101.57954735145626,101.23860754008304,,109.0389744249726,108.7085094040059,108.6330380307689,104.34179918552984,99.54939301657747,98.7724529226579,98.73689678662149,,,110.75569430248956,"rgba(239, 83, 80, 1.0)",2.986160453198827,110.93917166171147,0.3686433986188888,41.87250222359467,2.707423641015481,False,True,False,True,False,17.135248704783496,110.9743,107.696025,1.0,112.495,111.59,0.0,0,1.0037037037037049,0.94114114114114,False,False,False,False,0.22327400323267657,0.2375411257771638,False,False,False,False,-44418.0,-63634.367039521916,False,False,False,False,1267.8936590150586,False,False,False,False
2025-07-07 19:00:00+00:00,112.04,112.435,111.76,111.92,6679.0,,,,,,,,,,,112.03948505634493,112.13414087581867,112.17578973708794,111.38921952832536,110.60066510018927,109.84542690886215,109.33793095829299,109.24343372899632,109.23713374552663,108.87679773756965,108.84972072194482,108.8026005997906,108.7556082414553,108.72521325972134,108.69505046452562,108.63335200566416,108.55740787062487,108.27905748288626,107.682808350641,107.682808350641,107.45462236520494,107.06793108977762,106.89458428401014,106.64028472948583,105.57816492293298,105.30848399311864,105.19252466740211,104.7728472685168,104.61804780117617,104.31835834914276,104.02456572093688,103.66778119320784,103.21718817918088,102.87889681057378,101.68898048234345,101.34845287714805,,,112.17578973708794,111.38921952832536,110.60066510018927,109.84542690886215,107.65505312363418,107.45462236520494,106.89458428401014,106.64028472948583,105.19252466740211,104.7728472685168,103.66778119320784,101.68898048234345,101.34845287714805,,109.24343372899632,108.90510862807153,108.81584236880815,104.4457828402359,99.65344207427113,98.85093694933002,98.81107191640706,,,110.84576148673969,"rgba(239, 83, 80, 1.0)",2.980551632841204,110.96664087237149,0.3198599605267462,38.1171574393652,-0.2831884029042584,False,True,False,True,False,16.115346437453784,111.0842,107.73915,0.0,0.0,0.0,0.0,0,1.0072456575682396,0.9430272952853589,False,False,False,False,0.22748065178619764,0.23251088878168072,False,False,False,False,-51097.0,-63439.98925596343,False,False,False,False,1351.7867805807166,False,False,False,False
2025-07-08 14:00:00+00:00,112.575,112.64,112.11,112.185,536.0,,,,,,,,,,,112.05306752940446,112.1400473825781,112.17817698090117,111.39813222172151,110.61339654422449,109.86092112460342,109.35460727488315,109.26012735793192,109.25382860567993,108.8926629095359,108.86540735355449,108.8174596566072,108.76981794732254,108.73894366431917,108.7078598363454,108.64504512385584,108.56843794536165,108.28887805528164,107.69167576853616,107.69167576853616,107.46336741720609,107.0764478520543,106.90297839381257,106.64859594609133,105.5865123421098,105.31685327343128,105.2009003124154,104.78130873506804,104.6265455338499,104.326896115266,104.03314513003359,103.67641436774647,103.2259019192497,102.88764848465969,101.69789280138913,101.35739428240153,,,112.17817698090117,111.39813222172151,110.61339654422449,109.86092112460342,107.66390540452676,107.46336741720609,106.90297839381257,106.64859594609133,105.2009003124154,104.78130873506804,103.67641436774647,101.69789280138913,101.35739428240153,,109.26012735793192,108.92117348090929,108.83083810179296,104.45430206603166,99.6618996994145,98.85732489186603,98.8171110092028,,,110.85730955203101,"rgba(239, 83, 80, 1.0)",2.9761525135281746,110.97640499712065,0.40609310086954575,39.02980536782586,-0.2831884029042584,False,True,False,True,False,17.548435420329938,111.2,107.78262500000001,0.0,0.0,0.0,0.0,0,1.0089312003140656,0.935322406516831,False,False,False,False,0.24882962278633067,0.2406702557840057,False,False,False,False,-50561.0,-63240.315003932985,False,False,False,False,1339.1389235174495,False,False,False,False
2025-07-08 15:00:00+00:00,112.2,112.735,112.18,112.64,643.0,,,,,,,,,,,112.07934703677675,112.1545664458107,112.18519828148908,111.41096748518005,110.6302502167123,109.88079939273375,109.37574853898408,109.28125552149093,109.27495606574536,108.91264170858724,108.88515621978392,108.83616430729249,108.78770113023695,108.75622176481882,108.72398147538898,108.65975992547646,108.58231055081868,108.30119815922197,107.70274249183129,107.70274249183129,107.4742621784988,107.08703024694344,106.91339739390813,106.65889690690706,105.59680575474218,105.32716279307941,105.21121326529791,104.79171220229323,104.6369883808752,104.33737868734352,104.04367016087909,103.68699555003833,103.23657042154186,102.8983555917885,101.70877234338326,101.3683034122682,,,112.18519828148908,111.41096748518005,110.6302502167123,109.88079939273375,107.67495076634185,107.4742621784988,106.91339739390813,106.65889690690706,105.21121326529791,104.79171220229323,103.68699555003833,101.70877234338326,101.3683034122682,,109.28125552149093,108.94140911795071,108.84971656475263,104.46476580961665,99.6721963119119,98.865097632348,98.824459384202,,,110.8747666148972,"rgba(239, 83, 80, 0.75)",2.975644063827332,110.99328558505132,0.5533976442164388,44.014110216672094,-0.2831884029042584,False,True,False,True,True,19.897950478407367,111.32029999999999,107.82870000000001,0.0,0.0,0.0,0.0,0,1.0135689183912546,0.9331315892229589,False,False,False,False,0.2552188750748258,0.24794456542941576,False,False,False,False,-49918.0,-63033.76748449216,False,False,False,False,1328.3460719900472,False,False,False,False
2025-07-08 16:00:00+00:00,112.625,112.855,112.41,112.74,1079.0,,,,,,,,,,,112.13033927090855,112.18565406759383,112.20137273761506,111.43468722135778,110.66006598333243,109.91535612797475,109.4122606249957,109.31771568050384,109.3114131120227,108.94705166089263,108.919169319135,108.8683922568108,108.81852133461899,108.7860053529766,108.75178781978826,108.68515298554198,108.60625096384626,108.32244132979288,107.72177456977296,107.72177456977296,107.49297977082283,107.10518397214643,106.93126020013851,106.6765420916378,105.61438316554938,105.34475621827562,105.22880788899774,104.80944493708569,104.65478260185108,104.35523046120707,104.06158494077182,103.70499535959573,103.25470642309195,102.91654881068261,101.72723257558964,101.38680750044392,,,112.20137273761506,111.43468722135778,110.66006598333243,109.91535612797475,107.69394370475345,107.49297977082283,106.93126020013851,106.6765420916378,105.22880788899774,104.80944493708569,103.70499535959573,101.72723257558964,101.38680750044392,,109.31771568050384,108.9762619206513,108.8822430103283,104.4825897406984,99.6896390769226,98.87826407121955,98.83690766614878,,,110.90718146428524,#000000,2.974044985633669,111.02616761672171,0.5762631001067817,48.13498701022323,-0.2831884029042584,False,True,False,False,True,20.0,111.40540000000001,107.8761,0.0,0.0,0.0,0.0,0,1.0230904130943115,0.9280982073265772,False,False,False,False,0.2688403485217619,0.2583924569755888,False,False,False,False,-48839.0,-62813.6935700039,False,False,False,False,1324.480241416558,False,False,False,False
2025-07-08 17:00:00+00:00,112.745,112.795,112.535,112.665,749.0,,,,,,,,,,,112.16064966192349,112.20497649929139,112.21190237221666,111.45059003209886,110.6802216182359,109.93881613071032,109.4371079166284,109.3425420520336,109.33623829243302,108.97054823358677,108.94240182561437,108.89042741500135,108.8396109671469,108.80639718457483,108.77084426702035,108.7025769274983,108.62269167743786,108.33705518463267,107.73489149753016,107.73489149753016,107.50588535420165,107.11770879200202,106.94358763784241,106.68872310860668,105.62652768802553,105.3569138537248,105.24096720378581,104.8217022377307,104.66708324876153,104.36757260042171,104.07397218874209,103.71744313432356,103.26725033265645,102.92913374469641,101.74000653584581,101.39961294283506,,,112.21190237221666,111.45059003209886,110.6802216182359,109.93881613071032,107.70703435457146,107.50588535420165,106.94358763784241,106.68872310860668,105.24096720378581,104.8217022377307,103.71744313432356,101.74000653584581,101.39961294283506,,109.3425420520336,109.00005305835417,108.90447810721165,104.49491192920024,99.70171656002015,98.88738673745979,98.84553354648365,,,110.92835078539233,#000000,2.9542504986891593,111.04726331314889,0.5475963150616133,50.092028443175295,-11.461456328605657,False,True,False,False,True,19.739790945197022,111.48730000000002,107.92195,0.0,0.0,0.0,0.0,0,1.028563072723729,0.9260089686098646,False,False,False,False,0.2713806710911994,0.2648865640333941,False,False,False,False,-49588.0,-62608.644057290665,False,False,False,False,1315.5580671310302,False,False,False,False
2025-07-08 18:00:00+00:00,112.665,112.79,112.505,112.655,3117.0,,,,,,,,,,,112.25406046502133,112.26890581313178,112.249733442302,111.51181468319605,110.759320317264,110.03177969799643,109.53609756378829,109.4415723049928,109.43527178533306,109.06483807981324,109.03569035894954,108.97909174938972,108.92461352657007,108.88868429788776,108.84789688785796,108.77320987229093,108.6894550695656,108.39662249743371,107.78857493178785,107.78857493178785,107.55875379593452,107.1690916892381,106.99419159848118,106.73876134847846,105.67651481731802,105.40697474260328,105.2910432161407,104.87220665284053,104.71777457823016,104.41845153233334,104.12505216315132,103.7687896086636,103.3190124859589,102.98107928940186,101.79277454591912,101.45252203196505,,,112.249733442302,111.51181468319605,110.759320317264,110.03177969799643,107.76061668457707,107.55875379593452,106.99419159848118,106.73876134847846,105.2910432161407,104.87220665284053,103.7687896086636,101.79277454591912,101.45252203196505,,109.4415723049928,109.09545910309416,108.99391201487148,104.54570178681087,99.75167917388795,98.9251806583897,98.88127644952145,,,111.00666053596159,"rgba(38, 166, 154, 0.5)",2.931733042182851,111.12246425784011,0.5227405497394227,51.28388719521966,-9.751629428600438,False,True,True,False,True,19.650842957865198,111.56219999999999,107.96777499999999,0.0,0.0,0.0,0.0,0,1.027301092043683,0.9268720748829942,False,False,False,False,0.270012382199061,0.2674494731162276,False,False,False,False,-52705.0,-62455.09918818538,False,False,False,False,1343.4873994235722,False,False,False,False
2025-07-08 19:00:00+00:00,112.66,112.725,112.49,112.655,3340.0,,,,,,,,,,,112.31676682427506,112.31618546476022,112.28137518172905,111.56945908316901,110.83621816407697,110.12362415644498,109.63476338334546,109.5404813249816,109.53419712369238,109.15994085436441,109.12987938217263,109.06891498410923,109.01096395577771,108.97243769052066,108.92657978863909,108.8456417593229,108.75811559819681,108.45826299166755,107.84450409964768,107.84450409964768,107.61392116863705,107.2228389995112,107.04717817633887,106.7912177526543,105.72909261961735,105.45966524425167,105.34376420648212,104.92542293445597,104.77120262116358,104.47210687483235,104.17894639423594,103.82299517222543,103.37369101325243,103.03597670299777,101.84861664701015,101.50853313757489,,,112.28137518172905,111.56945908316901,110.83621816407697,110.12362415644498,107.81645175780874,107.61392116863705,107.04717817633887,106.7912177526543,105.34376420648212,104.92542293445597,103.82299517222543,101.84861664701015,101.50853313757489,,109.5404813249816,109.19157940890962,109.08445710494149,104.5992510350878,99.80468028946916,98.96537053141614,98.91929786979055,,,111.07735919784778,"rgba(38, 166, 154, 0.5)",2.9079386401936285,111.18661419020938,0.5049576320127731,52.07845969658258,-8.26359389772606,False,True,True,False,True,19.650842957865198,111.6392,108.01255,0.0,0.0,0.0,0.0,0,1.0223044706340714,0.9306516022207062,False,False,False,False,0.26688855904417136,0.2671690160801995,False,False,False,False,-52705.0,-62303.93485968637,False,False,False,False,1374.4410831534394,False,False,False,False
2025-07-09 14:00:00+00:00,113.48,113.485,112.86,113.105,1999.0,,,,,,,,,,,112.39363746846347,112.37783414086869,112.32328132416232,111.61704050078814,110.89197026313568,110.1864830169467,109.70073987312257,109.6064105644999,109.60012368087416,109.22275836857708,109.19207009031182,109.1282435197239,109.06800038833437,109.02776652554446,108.97861055987643,108.8935673240985,108.80351920136394,108.4988595629314,107.88098448236528,107.88098448236528,107.64977911093544,107.25759114018105,107.08136674410765,106.82496303238024,105.7625565518823,105.49312571691003,105.37721350275909,104.9590801894035,104.80495711467192,104.50593865188611,104.21286794409818,103.85704366572192,103.40795584091788,103.07032349938251,101.88338392652406,101.5433638315727,,,112.32328132416232,111.61704050078814,110.89197026313568,110.1864830169467,107.85285468778102,107.64977911093544,107.08136674410765,106.82496303238024,105.37721350275909,104.9590801894035,103.85704366572192,101.88338392652406,101.5433638315727,,109.6064105644999,109.25509282744451,109.14426738053187,104.63304351737078,99.83748808014376,98.99023487558205,98.94282401001887,,,111.13717464399843,"rgba(38, 166, 154, 0.5)",2.8812612947535015,111.24849419881541,0.6443378823590606,56.67103980612575,-3.272773316477526,False,True,True,False,True,20.0,111.71960000000001,108.05895000000001,0.0,0.0,0.0,0.0,0,1.0240824583373482,0.9207205471534528,False,False,False,False,0.31151879952649736,0.2893439078033484,False,False,False,False,-50706.0,-62124.12191612534,False,False,False,False,1384.1241671355567,False,False,False,False
2025-07-09 15:00:00+00:00,113.08,113.36,113.02,113.36,2288.0,,,,,,,,,,,112.47510894974118,112.44562233589087,112.37160155981975,111.67132183238705,110.95516801761114,110.2575439032724,109.77531205478192,109.68095550284912,109.67466726230361,109.29398404520057,109.26261323224874,109.19564902178195,109.1328843969995,109.09076600683547,109.03795612275906,108.94834467207484,108.8554786669461,108.54541945977917,107.92288284398884,107.92288284398884,107.69096658111194,107.29751505316193,107.12064677725215,106.86373363872336,105.80098630333741,105.53154707527929,105.41562032188223,104.99771750728621,104.84370300270483,104.54476868193815,104.25179668445229,103.89611302162895,103.44726704328818,103.10972497259968,101.92325515517803,101.5833050572731,,,112.37160155981975,111.67132183238705,110.95516801761114,110.2575439032724,107.89466463393981,107.69096658111194,107.12064677725215,106.86373363872336,105.41562032188223,104.99771750728621,103.89611302162895,101.92325515517803,101.5833050572731,,109.68095550284912,109.32707543179325,109.21220126946909,104.67183041106011,99.8751127854895,99.01878070160842,98.96983865762074,,,111.20407926954418,"rgba(38, 166, 154, 0.5)",2.856074604092137,111.31713245036971,0.7152710740480308,61.36733961458669,1.606522937932887,False,True,True,False,True,20.0,111.806,108.1076,0.0,0.0,0.0,0.0,0,1.0292448292448302,0.9213083213083207,False,False,False,False,0.3129196776247828,0.3011317927140656,False,False,False,False,-48418.0,-61911.62390192184,False,False,False,False,1398.1377459396565,False,False,False,False
2025-07-09 16:00:00+00:00,113.36,113.46,113.14,113.225,871.0,,,,,,,,,,,112.50317134571232,112.46954563518347,112.38924653540835,111.69140210271081,110.97863032203126,110.28398405800019,109.80310761767548,109.70875643496356,109.70246868978805,109.32062979641188,109.28901330533273,109.22090825075006,109.15722463225458,109.11441725289654,109.06026565550928,108.9689719260411,108.87506631149016,108.56301025266563,107.93874531274462,107.93874531274462,107.70656619080154,107.31264555161933,107.13553730659189,106.87843512619354,105.81556757247105,105.54612685438985,105.43019530484844,105.01238171900852,104.85840896923969,104.55950789066462,104.26657452465477,103.91094551500284,103.46219270301152,103.12468603131691,101.93839776909921,101.59847516578903,,,112.38924653540835,111.69140210271081,110.97863032203126,110.28398405800019,107.91049444164832,107.70656619080154,107.13553730659189,106.87843512619354,105.43019530484844,105.01238171900852,103.91094551500284,101.93839776909921,101.59847516578903,,109.70875643496356,109.35399345049385,109.237652385302,104.68655271981874,99.88941062985987,99.02963913981306,98.98011620166743,,,111.22848050646067,"rgba(38, 166, 154, 0.5)",2.8182469920331608,111.34185086044823,0.668198757907023,62.63962046574749,3.2591260964514177,False,True,True,False,True,20.0,111.8809,108.15477499999999,0.0,0.0,0.0,0.0,0,1.0329511513633312,0.9204162250698521,False,False,False,False,0.3217527451277914,0.3114422689209285,False,False,False,False,-49289.0,-61715.9243065432,False,False,False,False,1389.965067708034,False,False,False,False
2025-07-09 17:00:00+00:00,113.23,113.375,113.075,113.335,632.0,,,,,,,,,,,112.52200040588136,112.48578478439514,112.40143796341336,111.70554036727309,110.99526254918233,110.30279661581729,109.8229249245982,109.72858668998141,109.72229988774083,109.33967735768258,109.30788945693308,109.23898182092698,109.17465103624335,109.13135749248126,109.07625624549594,108.98377044604938,108.88912806739911,108.57565659490804,107.95016781318833,107.95016781318833,107.71780388265611,107.32355197240746,107.14627351723784,106.88903827789348,105.82609336533314,105.55665346582389,105.4407192378895,105.02297250639215,104.86903072945628,104.57015526799951,104.27725127209258,103.92166339308007,103.47297977431674,103.13550005176405,101.94934713114294,101.60944547466431,,,112.40143796341336,111.70554036727309,110.99526254918233,110.30279661581729,107.92189399889222,107.71780388265611,107.14627351723784,106.88903827789348,105.4407192378895,105.02297250639215,103.92166339308007,101.94934713114294,101.60944547466431,,109.72858668998141,109.3732309266198,109.25586072508493,104.69718722609882,99.89975578282923,99.03750033794148,98.98755742819507,,,111.24554178756777,"rgba(38, 166, 154, 0.5)",2.7729414781847135,111.35895607068417,0.7126165282829642,64.269605664123,5.344738826470177,False,True,True,False,True,20.0,111.9559,108.20282499999999,0.0,0.0,0.0,0.0,0,1.0324136600424476,0.9206058267412688,False,False,False,False,0.31572501271643244,0.3135836408186805,False,False,False,False,-48657.0,-61513.4603638061,False,False,False,False,1378.2136713094599,False,False,False,False
2025-07-09 18:00:00+00:00,113.31,113.39,113.05,113.18,391.0,,,,,,,,,,,112.53235647969052,112.4948134149076,112.40833987329283,111.7138558549624,111.00518484942373,110.31410269687163,109.83487772046003,109.74055536975754,109.73426965913717,109.35120564726218,109.319316821713,109.24993090501032,109.18521425476509,109.14163016686548,109.08595915142634,108.99275782581012,108.89767375365953,108.58335505896959,107.95713714586059,107.95713714586059,107.72466482953229,107.33021714543455,107.15283730779781,106.89552405545656,105.83254242117471,105.56310521858106,105.44717025105216,105.02946746220711,104.87554569211822,104.5766878527248,104.28380362468025,103.92824296420876,103.47960410759653,103.14214255069953,101.95607770249434,101.61619017127074,,,112.40833987329283,111.7138558549624,111.00518484942373,110.31410269687163,107.92884989429893,107.72466482953229,107.15283730779781,106.89552405545656,105.44717025105216,105.02946746220711,103.92824296420876,101.95607770249434,101.61619017127074,,109.74055536975754,109.38487103421141,109.26688987734006,104.70371112196074,99.90612170534388,99.04234069677794,98.99213949338808,,,111.25551078242079,"rgba(38, 166, 154, 0.5)",2.714428626020857,111.36879000379597,0.6672527613515246,63.18437032699329,5.344738826470177,False,True,True,False,True,20.0,112.0289,108.248225,0.0,0.0,0.0,0.0,0,1.0285741774100454,0.9206272849720988,False,False,False,False,0.31532395684513514,0.3144537988319078,False,False,False,False,-49048.0,-61320.19741242926,False,False,False,False,1362.9080329945846,False,False,False,False
2025-07-09 19:00:00+00:00,113.15,113.195,112.94,113.055,1997.0,,,,,,,,,,113.06333333333335,112.57043457703404,112.52899375802826,112.43581124599206,111.7509854966635,111.05129347094457,110.36770654742145,109.89209180081524,109.79794622084222,109.79167226462664,109.40687975646883,109.3745377332014,109.30293095128734,109.23642061671175,109.19147767197926,109.133114037952,109.03652863332549,108.93936333370087,108.62107176834469,107.9914820602983,107.9914820602983,107.75853147312237,107.36320016574525,107.18535228138805,106.92769538473598,105.86466861635303,105.59527326165767,105.47934627470227,105.06190111389644,104.90809240305265,104.60934735270028,104.31658462405237,103.96118577895916,103.51280071497207,103.17545114488419,101.98989203774562,101.65009166227948,,,112.43581124599206,111.7509854966635,111.05129347094457,110.36770654742145,107.96313575379834,107.75853147312237,107.18535228138805,106.92769538473598,105.47934627470227,105.06190111389644,103.96118577895916,101.98989203774562,101.65009166227948,,109.79794622084222,109.4410472985891,109.32025853107984,104.73631691406251,99.93819100154035,99.0667612923763,99.01526051026086,,,111.70758127877906,"rgba(38, 166, 154, 0.5)",2.6306351663379743,111.41018652236451,0.6252533603605659,60.82383956572203,5.344738826470177,False,True,True,False,True,19.95325055238719,112.1135,108.29164999999999,0.0,0.0,0.0,0.0,0,1.0288406075754672,0.9223226302634104,False,False,False,False,0.3031381436409139,0.3087959712364109,False,False,False,False,-51045.0,-61160.89202619004,False,False,False,False,1372.7389162039708,False,False,False,False
2025-07-10 14:00:00+00:00,113.665,114.025,113.51,113.9,2195.0,,,,,,,,,,113.4551729484733,112.66112442580388,112.6085020191466,112.49644291192354,111.81147542883635,111.11763188627943,110.43996528607524,109.96698205099189,109.87272482798033,109.86644400380754,109.47831471452392,109.44532256970437,109.3707716906246,109.30187158113812,109.25513661253642,109.19329725263137,109.09230731569738,108.99237644391795,108.6686634600122,108.03419497688047,108.03419497688047,107.80044540238953,107.40372068301488,107.22517857093963,106.96693735526965,105.90328906787934,105.63382512025868,105.51785920348037,105.10055572215907,104.94682423304354,104.64810827320642,104.35539317442495,104.00007629663205,103.5518627340866,103.2145565158888,102.02931801042797,101.689551613698,,,112.49644291192354,111.81147542883635,111.11763188627943,110.43996528607524,108.00574909711348,107.80044540238953,107.22517857093963,106.96693735526965,105.51785920348037,105.10055572215907,104.00007629663205,102.02931801042797,101.689551613698,,109.87272482798033,109.51320064931811,109.3886007667032,104.7750578444624,99.97525953129576,99.0949350853597,99.04193554745721,,,111.81966211969127,"rgba(38, 166, 154, 0.5)",2.570631557341343,111.48621592045647,0.9389848469922197,64.80617511503814,7.070515651052233,False,True,True,False,True,20.0,112.2122,108.33957500000001,0.0,0.0,0.0,0.0,0,1.0338017470565908,0.9097037599696162,False,False,False,False,0.3428282464363194,0.32581210883636513,False,False,False,False,-48850.0,-60970.02548314834,False,False,False,False,1385.4871500612735,False,False,False,False
2025-07-10 15:00:00+00:00,113.94,114.845,113.9,114.41,1260.0,,,,,,,,,,113.67006327953045,112.73051562200499,112.66954173597667,112.5430383402847,111.85412155645571,111.16209307558,110.48691357266765,110.01491260622862,109.92047136562641,109.91417883084179,109.52357171789637,109.4901469059605,109.41370960507273,109.34327316233352,109.29539163298399,109.23135250383957,109.1275600382723,109.02584839513231,108.6985921722943,108.06083665438135,108.06083665438135,107.82651399702969,107.42881213856893,107.24979586045056,106.99113201230435,105.92688427987609,105.65733218070044,105.5413236032267,105.12404106146843,104.97033379724725,104.67159401840294,104.3788695409057,104.02355869671072,103.57539756187414,103.23808208321148,102.05292669876532,101.71315327943033,,,112.5430383402847,111.85412155645571,111.16209307558,110.48691357266765,108.03231911700544,107.82651399702969,107.24979586045056,106.99113201230435,105.5413236032267,105.12404106146843,104.02355869671072,102.05292669876532,101.71315327943033,,109.92047136562641,109.55893501961954,109.43186439105517,104.79854879346081,99.99732670290999,99.1116873140438,99.05779717379363,,,111.89139997359109,"rgba(38, 166, 154, 0.5)",2.5183679417602165,111.54121647566741,1.1391439180755474,69.32147735847067,11.574369639239336,False,False,True,False,True,20.0,112.31900000000002,108.39210000000001,0.0,0.0,0.0,0.0,0,1.0416079646848893,0.8953695876772798,False,False,False,False,0.3428282469245459,0.33432017788045554,False,False,False,False,-47590.0,-60762.583227595656,False,False,False,False,1383.5416128510212,False,False,False,False
2025-07-10 16:00:00+00:00,114.415,114.9,114.125,114.265,1102.0,,,,,,,,,,113.79784025022887,112.78831193679792,112.7209018346438,112.58289634087902,111.89092077402402,111.20052796069596,110.52753164951375,110.05641125696201,109.96182253268759,109.95552061785725,109.56283483045166,109.52904310909459,109.45099940638009,109.37925244972189,109.33039115930289,109.26446797072802,109.15827006459146,109.05502724984774,108.72471730228327,108.08411948225138,108.08411948225138,107.84930032460758,107.45075082367481,107.27132277924844,107.01229172528143,105.94752259206969,105.67789371855324,105.56184798209755,105.14458356452874,104.99089735598153,104.69213677515813,104.3994040704411,104.04409841228333,103.59598286876974,103.2586592717661,102.07357617225838,101.73379659881786,,,112.58289634087902,111.89092077402402,111.20052796069596,110.52753164951375,108.05553988893945,107.84930032460758,107.27132277924844,107.01229172528143,105.56184798209755,105.14458356452874,104.04409841228333,102.07357617225838,101.73379659881786,,109.96182253268759,109.59860272781465,109.46943154226007,104.81909610814168,100.016631580438,99.12635188240154,99.07168359279248,,,111.94566775046817,"rgba(38, 166, 154, 0.5)",2.4683275824026043,111.91174413408379,0.9533806949665952,70.72474696315724,13.139869708869433,False,False,True,False,True,20.0,112.4005,108.4439,0.0,0.0,0.0,0.0,0,1.0427198955321344,0.9000093274881071,False,False,False,False,0.3428282470291301,0.3385742124547928,False,False,False,False,-48692.0,-60575.44240236161,False,False,False,False,1379.176626605269,False,False,False,False
2025-07-10 17:00:00+00:00,114.255,114.585,114.13,114.49,1647.0,,,,,,,,,,113.91910620656019,112.86634768435582,112.79112557077626,112.63855643093387,111.94340790336568,111.2558253621972,110.58627173359353,110.11660669526451,110.02184652849029,110.01553375129758,109.62002329764537,109.58571752753022,109.50539762492498,109.43179023205695,109.38153367296127,109.31291462681445,109.20326732492711,109.09782718335558,108.76313006610329,108.11844740783759,108.11844740783759,107.88291874216661,107.48315221954604,107.30313001402985,107.04357269840787,105.97807920285815,105.70834612422816,105.59224927959909,105.17502379554799,105.02137286091616,104.72258947484015,104.42985188005501,104.07456212033276,103.62652353291118,103.28919471324498,102.10423935904055,101.76445597584558,,,112.63855643093387,111.94340790336568,111.2558253621972,110.58627173359353,108.0897792246082,107.88291874216661,107.30313001402985,107.04357269840787,105.59224927959909,105.17502379554799,104.07456212033276,102.10423935904055,101.76445597584558,,110.02184652849029,109.65635774031594,109.5242219569279,104.8495522484067,100.04533118237111,99.14817614583018,99.09235270834894,,,112.01465594838089,"rgba(38, 166, 154, 0.5)",2.446238651590623,111.97271383829414,1.0290435726984504,72.5159950151926,15.159215543436616,False,False,True,False,True,20.0,112.4849,108.496825,0.0,0.0,0.0,0.0,0,1.0439631936053546,0.9038014685379682,False,False,False,False,0.33142213477801763,0.3349981736164052,False,False,False,False,-47045.0,-60365.668101549796,False,False,False,False,1383.328926967978,False,False,False,False
2025-07-10 18:00:00+00:00,114.52,114.9,114.21,114.44,2708.0,,,,,,,,,,114.06744186757112,112.98792508864042,112.90204385048742,112.72853135430303,112.02891690083808,111.34588327282118,110.68187154567934,110.21459648459128,110.11958747212917,110.1132589447972,109.71336228741977,109.67824756889104,109.59432747043432,109.51776847429056,109.46529228705894,109.39237062994899,109.27719648937124,109.16822265343917,108.82643615112177,108.17510399567499,108.17510399567499,107.93841258514438,107.53664968780808,107.35565247103787,107.09522809610358,106.0285224861434,105.75861277241104,105.64242976307149,105.22525925124248,105.07166301582772,104.77283673116258,104.48008598219299,104.12481638269979,103.67689694154917,103.33955479694085,102.15479397346697,101.81500065864877,,,112.72853135430303,112.02891690083808,111.34588327282118,110.68187154567934,108.14629070838467,107.93841258514438,107.35565247103787,107.09522809610358,105.64242976307149,105.22525925124248,104.12481638269979,102.15479397346697,101.81500065864877,,110.11958747212917,109.75058740284132,109.61377253468106,104.89980746588037,100.0926469962048,99.18419390493887,99.12647038411097,,,112.11965129561648,"rgba(38, 166, 154, 0.5)",2.416559366365014,112.39043332459023,0.8481342126068768,73.10965407788905,16.133762459554035,False,False,True,False,True,20.0,112.56479999999999,108.54950000000001,0.0,0.0,0.0,0.0,0,1.047526762643043,0.8970099667774084,False,False,False,False,0.3428282470603036,0.3389132103383544,False,False,False,False,-49753.0,-60201.13061160329,False,False,False,False,1403.8664629839784,False,False,False,False
2025-07-10 19:00:00+00:00,114.43,114.875,114.205,114.515,3153.0,,,,,,,,,,114.17153095813778,113.10987881673014,113.0155175091834,112.8237957796433,112.1221424520946,111.44513503944137,110.78789584552538,110.32370761223021,110.22853665763407,110.22219803306719,109.8179789212007,109.78202160315921,109.6942782282832,109.61457218874766,109.55971575135317,109.4821416093279,109.36096259667686,109.24813938102241,108.89860181946072,108.23997254830888,108.23997254830888,108.00201174480222,107.5980535602922,107.4159763336222,107.15459909265478,106.08661164784196,105.81652053706692,105.70024745871332,105.28316660252933,105.12964208771425,104.83078432111088,104.53803462428544,104.18280632845324,103.73504443096591,103.39770210446244,102.21321049296319,101.87341761732016,,,112.8237957796433,112.1221424520946,111.44513503944137,110.78789584552538,108.2110011163752,108.00201174480222,107.4159763336222,107.15459909265478,105.70024745871332,105.28316660252933,104.18280632845324,102.21321049296319,101.87341761732016,,110.22853665763407,109.8561306564914,109.71438061777098,104.95775686540156,100.14740663047802,99.22595906965228,99.16604339302228,,,112.22495050162327,"rgba(38, 166, 154, 0.5)",2.390701559363107,112.49024666081843,0.8469285224045175,73.83454925130027,17.308972006546952,False,False,True,False,True,20.0,112.64970000000001,108.60255,0.0,0.0,0.0,0.0,0,1.0414839181286561,0.900767543859649,False,False,False,False,0.34172538457989626,0.34031929745912537,False,False,False,False,-46600.0,-59990.26036956292,False,False,False,False,1430.9848123950794,False,False,False,False
2025-07-11 14:00:00+00:00,113.76,113.855,113.38,113.56,2150.0,,,,,,,,,,114.0955147421663,113.1348461794494,113.04193597014611,112.85072902683206,112.15870877306172,111.4899260638898,110.839701366919,110.37918743745122,110.28433830627353,110.27802080529513,109.87313212365501,109.83686356354951,109.747436336692,109.66633811400277,109.61039677536724,109.53059231560972,109.4065300528683,109.29189428494354,108.938791554304,108.27700194782032,108.27700194782032,108.03858145045764,107.63375626613234,107.45121277752007,107.18948929883109,106.12144146184187,105.85138885010207,105.73512217838578,105.31829823303039,105.16488725018601,104.86614131997848,104.57351285563118,104.21844696582896,103.77094183971204,103.43371211561463,102.24973475731825,101.9100303065513,,,112.85072902683206,112.15870877306172,111.4899260638898,110.839701366919,108.24797415058931,108.03858145045764,107.45121277752007,107.18948929883109,105.73512217838578,105.31829823303039,104.21844696582896,102.24973475731825,101.9100303065513,,110.28433830627353,109.91162614383593,109.76781559952393,104.99306038089628,100.18210170843071,99.25257950725866,99.19127945040808,,,112.24881869498945,"rgba(38, 166, 154, 0.5)",2.3469932422728603,112.49353927590596,0.45439445878475027,65.41021782933466,22.22900392740212,False,False,True,False,False,17.75267567056052,112.71039999999999,108.650825,0.0,0.0,0.0,0.0,0,1.032226122963364,0.9064722297236473,False,False,False,False,0.2753059700377392,0.30781263374843226,False,False,False,False,-48750.0,-59815.99276693404,False,False,False,False,1442.1323346835277,False,False,False,False
2025-07-11 15:00:00+00:00,113.555,113.835,113.165,113.69,1416.0,,,,,,,,,113.56333333333333,114.05276633764466,113.1488012328074,113.05705048416485,112.86668361135267,112.18125614050996,111.51794855764791,110.87237027719186,110.41432503097795,110.31971343928724,110.31341151439995,109.90825256693753,109.87180176213398,109.78135180175376,109.69940584912372,109.64279958280996,109.56161474857669,109.43576333394593,109.32000356302453,108.96469135875714,108.30095284337979,108.30095284337979,108.06225652223038,107.65690245807487,107.4740702142663,107.21213814950238,106.14409810687907,105.87408013625712,105.7578216133861,105.34117727597261,105.18784441115513,104.88917954963246,104.59663758572141,104.24168601152319,103.79435797150641,103.45720874948742,102.2735882887806,101.93394712939565,,,112.86668361135267,112.18125614050996,111.51794855764791,110.87237027719186,108.27189134137511,108.06225652223038,107.4740702142663,107.21213814950238,105.7578216133861,105.34117727597261,104.24168601152319,102.2735882887806,101.93394712939565,,110.31971343928724,109.94694689973315,109.80189799606825,105.01606036857831,100.20479509926162,99.27001541328329,99.20781162696797,,,112.65752624683158,"rgba(38, 166, 154, 0.5)",2.3045432468434424,112.49937836089478,0.5166410483882323,60.677987658374455,17.884898995736293,False,True,True,False,False,18.396724592273408,112.7725,108.69975000000001,0.0,0.0,0.0,0.0,0,1.0297374531166292,0.9044472227183425,False,False,False,False,0.2670245583586595,0.2874185960535459,False,False,False,False,-47334.0,-59622.473499229636,False,False,False,False,1441.727182207814,False,False,False,False
2025-07-11 16:00:00+00:00,113.685,113.89,113.33,113.865,1313.0,,,,,,,,,113.62668193477464,114.02796578850115,113.16481246232503,113.07374960127592,112.88353015892685,112.20345715349528,111.54489388911928,110.90341858932469,110.44755442413019,110.35314421855942,110.34685551621972,109.94137802917245,109.90475301186365,109.81334221502836,109.7305985995747,109.67336755603566,109.59088968902559,109.46335821079647,109.34653816721024,108.98912955887735,108.323519273784,108.323519273784,108.08454999341869,107.67867896948236,107.49556776609802,107.23342857583553,106.16535443529193,105.89536011756739,105.77910564904826,105.36261684492955,105.20935269160907,104.91075579728128,104.6182874763496,104.26343452219291,103.81626226824156,103.47918163431216,102.29587392049108,101.95628678184954,,,112.88353015892685,112.20345715349528,111.54489388911928,110.90341858932469,108.29442434455154,108.08454999341869,107.49556776609802,107.23342857583553,105.77910564904826,105.36261684492955,104.26343452219291,102.29587392049108,101.95628678184954,,110.35314421855942,109.98026371672229,109.83404608718075,105.03760413830828,100.2259758285482,99.28629369163865,99.22324759229917,,,112.67856369721787,"rgba(38, 166, 154, 0.5)",2.2550469482327458,112.51105352177515,0.60040722402073,58.700926401680064,16.065667564365256,False,True,True,False,False,19.25814215984652,112.8316,108.747325,0.0,0.0,0.0,0.0,0,1.0306424155541627,0.9112086730579699,False,False,False,False,0.2747762785038808,0.2810974372787134,False,False,False,False,-46021.0,-59411.597941102045,False,False,False,False,1439.731411941026,False,False,False,False
2025-07-11 17:00:00+00:00,113.835,113.86,113.44,113.675,685.0,,,,,,,,,113.6330326108182,114.01506462515712,113.17224631307356,113.08162529911168,112.89166498066203,112.21450460037688,111.5584531246585,110.91913788028975,110.46443186381714,110.37013524702937,110.36385399727726,109.9582642043759,109.9215552919855,109.82966939424936,109.74653077478803,109.68898897034282,109.60586361763498,109.47748965223312,109.36013841627108,109.00168059087295,108.33513767588362,108.33513767588362,108.09603517411081,107.68990881375632,107.50665831229418,107.24441779091731,106.17634278378286,105.90636413551441,105.79011318683185,105.3737093450507,105.22048227775483,104.921923528045,104.6294960447539,104.27469722027767,103.82760917044654,103.49056661316564,102.30742869521282,101.96787156000434,,,112.89166498066203,112.21450460037688,111.5584531246585,110.91913788028975,108.3060264717337,108.09603517411081,107.50665831229418,107.24441779091731,105.79011318683185,105.3737093450507,104.27469722027767,102.30742869521282,101.96787156000434,,110.37013524702937,109.99724201562508,109.85045080615534,105.04875382893813,100.23696955322943,99.29475001839597,99.23126720795635,,,112.68571617926847,"rgba(38, 166, 154, 0.5)",2.1947869399344295,112.51682950629755,0.5276915369913052,55.89978232469136,13.351059336774973,False,True,True,False,False,17.695285015775227,112.88660000000002,108.7923,0.0,0.0,0.0,0.0,0,1.034908700322235,0.9097744360902259,False,False,False,False,0.27760304657225315,0.2793502419254833,False,False,False,False,-46706.0,-59214.61192651131,False,False,False,False,1428.03014974039,False,False,False,False
2025-07-11 18:00:00+00:00,113.71,113.975,113.48,113.89,1078.0,,,,,,,,,113.66870213713268,114.00291223918086,113.1863579928685,113.09615921653217,112.90613131587278,112.23301087401045,111.58067557125679,110.94461324978603,110.49164776662377,110.39751323873898,110.3912426375663,109.98540535408944,109.94855766090218,109.85590361037731,109.7721258115132,109.71408242757234,109.62991685724671,109.50018720985413,109.38197772574755,109.0218158923059,108.35374094211512,108.35374094211512,108.11441276623391,107.70785973841842,107.52437944864914,107.26196692789335,106.193854257221,105.92389288415649,105.80764440795028,105.39136489749698,105.23819304487556,104.93968810140268,104.64731922623207,104.29259924107707,103.8456365210486,103.50864863051397,102.32576225117106,101.98624825640351,,,112.90613131587278,112.23301087401045,111.58067557125679,110.94461324978603,108.32460209964506,108.11441276623391,107.52437944864914,107.26196692789335,105.80764440795028,105.39136489749698,104.29259924107707,102.32576225117106,101.98624825640351,,110.39751323873898,110.02453548713694,109.87681117276041,105.06649258127995,100.25439288008518,99.30815189292609,99.24397756509202,,,112.70232032458003,"rgba(38, 166, 154, 0.5)",2.1183508054923523,112.52929805397594,0.6423402311345723,55.585711802669984,12.82572773008738,False,True,True,False,False,18.771783684355857,112.9413,108.837675,0.0,0.0,0.0,0.0,0,1.0377694637448789,0.9032602886157138,False,False,False,False,0.2830922880967935,0.2812212650111384,False,False,False,False,-45628.0,-59003.966780363844,False,False,False,False,1422.6033257134072,False,False,False,False
2025-07-11 19:00:00+00:00,113.88,114.06,113.495,113.74,4872.0,,,,,,,,,113.71880499786415,113.95759207851113,113.24117741998211,113.15353384981073,112.9649068728667,112.31062995701608,111.67508759244963,111.053667338619,110.60868275052286,110.51537527538312,110.50915896074702,110.1028944603599,110.06551613336099,109.96976555166951,109.88340061128844,109.82330795852222,109.73483366316012,109.59946415346764,109.47768402197316,109.11042934328289,108.43600371004835,108.43600371004835,108.19576951985232,107.78746736337033,107.60302706491908,107.33991903664104,106.27182992180578,106.00198418490238,105.8857628633318,105.47008600922226,105.31717663405995,105.01894451162262,104.72686706134954,104.37253262030539,103.92616765954844,103.58945235735074,102.40777541918733,102.06847693408461,,,112.9649068728667,112.31062995701608,111.67508759244963,111.053667338619,108.40675440119021,108.19576951985232,107.60302706491908,107.33991903664104,105.8857628633318,105.47008600922226,104.37253262030539,102.40777541918733,102.06847693408461,,110.51537527538312,110.14260643972771,109.99117657180115,105.14562026952761,100.33248507627074,99.36834402570378,99.3010803587931,,,112.75942501338994,"rgba(38, 166, 154, 0.5)",2.035842842921816,112.58317739091004,0.568227853693117,54.12062589199401,11.082342679195925,False,True,True,False,False,17.534263091805553,112.9933,108.88247500000001,0.0,0.0,0.0,0.0,0,1.0366663714462856,0.9037286334248518,False,False,False,False,0.2866425548491073,0.28393190993012285,False,False,False,False,-50500.0,-58872.12233415665,False,False,False,False,1476.082343919401,False,False,False,False
2025-07-14 14:00:00+00:00,113.495,113.63,113.3,113.505,1454.0,,,,,,,,113.47833333333334,113.68648425463732,113.93181175237392,113.24769831064044,113.16164143018193,112.9751828935354,112.32802337096453,111.69805203506955,111.08132780196931,110.63897974619816,110.54600462837882,110.53981008029874,110.13392071519635,110.09644679020884,110.00000196579323,109.9130531571702,109.85248475115982,109.7629668930537,109.62622525690122,109.50358603287694,109.13464772825495,108.45877708750734,108.45877708750734,108.21837115059422,107.80970160937822,107.62504188109739,107.36180039863399,106.29391232725051,106.02413976182565,105.90794279952878,105.49249152865251,105.33967548571441,105.04155646207978,104.74959461036381,104.3954070894465,103.949255750475,103.61264887804046,102.43141201286926,102.09219927035765,,,112.9751828935354,112.32802337096453,111.69805203506955,111.08132780196931,108.42950729315162,108.21837115059422,107.62504188109739,107.36180039863399,105.90794279952878,105.49249152865251,104.3954070894465,102.43141201286926,102.09219927035765,,110.54600462837882,110.17373743565386,110.02152108818295,105.16818082873864,100.3551226563361,99.38585501232065,99.31769917135935,,,113.06340342259206,#000000,1.946115319767223,112.5908849766227,0.4697126702063217,51.30463163687372,8.091367728361682,False,True,False,False,False,15.622358804384682,113.03769999999999,108.92587499999999,0.0,0.0,0.0,0.0,0,1.0283875517940588,0.9114872608657324,False,False,False,False,0.2645647028717783,0.27424830640095055,False,False,False,False,-51954.0,-58764.86462354957,False,False,False,False,1475.73998199817,False,False,False,False
2025-07-14 15:00:00+00:00,113.505,113.89,113.44,113.715,1424.0,,,,,,,,113.57894023627519,113.6859238686489,113.91929306951572,113.25907815262228,113.17405099458718,112.9887649012434,112.3474864866684,111.72248750688452,111.11005926747826,110.67011883458024,110.57743231417481,110.57125669194669,110.16557300444629,110.12798954825818,110.03081540233802,109.94325296379665,109.88218886812771,109.79159842584328,109.653443369326,109.5299117547718,109.15920570052339,108.48177751353762,108.48177751353762,108.24116823438631,107.83208441298868,107.64718659090502,107.38378699964417,106.31601671250662,106.04629972246664,105.93011993316678,105.51486920083848,105.36213772014254,105.06411591019382,104.7722549487708,104.41819749879932,103.97223973699644,103.63572760352201,102.45488758260346,102.1157499217519,,,112.9887649012434,112.3474864866684,111.72248750688452,111.11005926747826,108.45248321137392,108.24116823438631,107.64718659090502,107.38378699964417,105.93011993316678,105.51486920083848,104.41819749879932,102.45488758260346,102.1157499217519,,110.57743231417481,110.20550965089703,110.05245018277195,105.19069553991004,100.37756006424094,99.40320946008339,99.33417053669277,,,113.0845031520557,#000000,1.848452055097665,112.60390924134501,0.6010925496232521,51.197806556993676,7.611768067553193,False,True,False,False,False,16.72036739614439,113.08619999999999,108.97039999999998,0.0,0.0,0.0,0.0,0,1.029401439354047,0.9088994207477622,False,False,False,False,0.2786641986083424,0.27645625250464645,False,False,False,False,-50530.0,-58637.19230380461,False,False,False,False,1474.9378117346323,False,False,False,False
2025-07-14 16:00:00+00:00,113.705,113.78,113.53,113.665,379.0,,,,,,,,113.58817879439158,113.68509534373925,113.915862842345,113.26184533279692,113.17710739581253,112.99217344974255,112.35248373014673,111.7288136913384,111.11753111348361,110.67823607268625,110.58562890322456,110.57945848404974,110.17384710103258,110.13623689649926,110.03887787695037,109.95115965386148,109.88996910358726,109.79910311164825,109.66058446090058,109.53682352083685,109.16566372139468,108.48783770621102,108.48783770621102,108.24717781049588,107.83798926341402,107.65303050007783,107.38959143283479,106.32185899589201,106.05215808173519,105.93598340713574,105.52078750683931,105.36807900402228,105.0700841058021,104.7782509317286,104.42422913720755,103.97832402714566,103.64183800472718,102.46110619512228,102.12198923611662,,,112.99217344974255,112.35248373014673,111.7288136913384,111.11753111348361,108.45853732416484,108.24717781049588,107.65303050007783,107.38959143283479,105.93598340713574,105.52078750683931,104.42422913720755,102.46110619512228,102.12198923611662,,110.58562890322456,110.21381302572105,110.06054177644886,105.19665140537505,100.38350864224091,99.40781374193296,99.33854093610084,,,113.08769507253913,#000000,1.7490768556131464,112.60718178203214,0.6047865847478959,50.69288929734527,6.6622083416530415,False,True,False,False,False,16.310138326609113,113.1347,109.003525,0.0,0.0,0.0,0.0,0,1.0432756921422823,0.9084311441627096,False,False,False,False,0.27795669607853457,0.2772064742915905,False,False,False,False,-50909.0,-58517.3753688619,False,False,False,False,1457.9465278317698,False,False,False,False
2025-07-14 17:00:00+00:00,113.665,113.76,113.545,113.675,1187.0,,,,,,,,113.60736236123614,113.68293803109307,113.90574594714636,113.27030442694351,113.18646733835193,113.00265390395352,112.36791076895548,111.74837889663685,111.14066661555954,110.70338978553845,110.61103392182522,110.60487998155342,110.19952145183807,110.16183156795431,110.06391018137275,109.97571753706782,109.91414079815632,109.82242995323998,109.68279522376984,109.55833038911962,109.1857778020757,108.50673239465522,108.50673239465522,108.2659191543232,107.85641089240872,107.67126495291534,107.4077060176904,106.34010073012674,106.0704518315341,105.95429389204989,105.53927145452727,105.38663545804592,105.08872615251663,104.79698117554116,104.44307233602729,103.99733348606425,103.66093038962737,102.48054073165467,102.14148955331419,,,113.00265390395352,112.36791076895548,111.74837889663685,111.14066661555954,108.47741362565381,108.2659191543232,107.67126495291534,107.4077060176904,105.95429389204989,105.53927145452727,104.44307233602729,102.48054073165467,102.14148955331419,,110.61103392182522,110.23957456902704,110.08566234718154,105.21525430706964,100.40210705213924,99.42221647129395,99.35221305586266,,,113.0964702092896,#000000,1.7074622573735094,112.61737910437424,0.6194109949186446,50.45203356026494,5.922094238107313,False,True,False,False,False,16.363660213894928,113.18379999999999,109.037475,0.0,0.0,0.0,0.0,0,1.037526997840174,0.9141468682505401,False,False,False,False,0.2777798628567583,0.2774931685741744,False,False,False,False,-49722.0,-58381.01296004233,False,False,False,False,1453.7458064700368,False,False,False,False
2025-07-14 18:00:00+00:00,113.715,113.755,113.57,113.745,746.0,,,,,,,,113.61924052665384,113.68330000916127,113.90051463737028,113.27583454029487,113.19252743943429,113.00936691846789,112.37764218056239,111.76066336468516,111.15516305742516,110.71914045691796,110.62694159336978,110.62079795045588,110.21560273219656,110.17786410585964,110.07959579793761,109.99111014821233,109.92929453073025,109.8370600797796,109.69673267749884,109.57183050750952,109.19841127386842,108.51860547403162,108.51860547403162,108.27769649447572,107.86798843006426,107.68272543534326,107.41909149177218,106.35156566501408,106.08194931413102,105.96580184725421,105.55088801282825,105.39829742102904,105.10044172780177,104.80875200418254,104.45491394010139,104.0092792798002,103.67292817331077,102.492753058708,102.15374315505913,,,113.00936691846789,112.37764218056239,111.76066336468516,111.15516305742516,108.48927522903136,108.27769649447572,107.68272543534326,107.41909149177218,105.96580184725421,105.55088801282825,104.45491394010139,102.492753058708,102.15374315505913,,110.62694159336978,110.25570916962319,110.10140236573237,105.22694536237594,100.4137954380467,99.43127238325843,99.36081028158293,,,113.10238620207875,#000000,1.6652854015042298,112.62409749055487,0.6730993428709785,51.008975532880186,5.922094238107313,False,True,False,False,False,16.743138891541978,113.23209999999999,109.07022500000001,0.0,0.0,0.0,0.0,0,1.036427732079907,0.9150320889451328,False,False,False,False,0.2784872975024688,0.2779902330383216,False,False,False,False,-48976.0,-58235.19880562307,False,False,False,False,1442.773003268951,False,False,False,False
2025-07-14 19:00:00+00:00,113.74,113.815,113.47,113.58,2532.0,,,,,,,,113.62003604420272,113.67416647157516,113.87931086952172,113.29063887761774,113.20936921018235,113.02901265074236,112.40796379546022,111.79978675589429,111.2018654731547,110.77018115061311,110.6785515897324,110.67244527598214,110.26804418283642,110.23017220659187,110.1308483106364,110.04146824875097,109.97891470687621,109.88503508692881,109.74252601562706,109.61625111006182,109.24012269215106,108.5579742517081,108.5579742517081,108.31679148464049,107.90648616616457,107.72086132097087,107.45701133536642,106.38985362868978,106.1203673282795,106.00426368278647,105.58974110564601,105.43731199498336,105.13965423601695,104.84816646501044,104.49458464371337,104.04932120762432,103.7131603422768,102.53375349267853,102.19489470752806,,,113.02901265074236,112.40796379546022,111.79978675589429,111.2018654731547,108.52861151807215,108.31679148464049,107.72086132097087,107.45701133536642,106.00426368278647,105.58974110564601,104.49458464371337,102.53375349267853,102.19489470752806,,110.6785515897324,110.30829641421806,110.1528173934779,105.26606812184531,100.4531107248565,99.46177663909424,99.38977462720841,,,113.11378558439958,#000000,1.627134011101939,112.64356080511698,0.5755144865104503,49.600980300557055,4.2208243394940155,False,True,False,False,False,15.336943256809626,113.2727,109.10227499999999,0.0,0.0,0.0,0.0,1,1.0393329708174741,0.9102773246329531,False,False,False,False,0.2770726992075203,0.27753146612292096,False,False,False,False,-51508.0,-58130.90114972194,False,False,False,False,1459.660243528347,False,False,False,False
2025-07-15 14:00:00+00:00,113.305,113.44,112.86,112.9,1366.0,,,,,,,,113.5368601452465,113.62919331237805,113.84728709900764,113.285583088211,113.20641045489732,113.02965334263399,112.41651301370729,111.81399413279475,111.22072206718039,110.79176308710517,110.7005504378866,110.6944714097461,110.2910989492559,110.2532266880869,110.15358865457348,110.06393804940821,110.0011398697081,109.90664590667701,109.76331873360108,109.63654863363034,109.25949149590542,108.5766619129834,108.5766619129834,108.33546454849824,107.92504610930015,107.73931670276518,107.4754524695949,106.40877034933764,106.13941001064322,106.0233534113103,105.60910950574,105.45678987564476,105.15928522954165,104.86794840981057,104.51455174005324,104.06954089809524,103.73352234123314,102.55464687975426,102.2159009715614,,,113.02965334263399,112.41651301370729,111.81399413279475,111.22072206718039,108.54729846440465,108.33546454849824,107.73931670276518,107.4754524695949,106.0233534113103,105.60910950574,104.51455174005324,102.55464687975426,102.2159009715614,,110.7005504378866,110.33135146931647,110.17559773588358,105.28563166730011,100.47333422341165,99.47753621904099,99.40474445901857,,,113.09568682360955,"rgba(239, 83, 80, 1.0)",1.577185247934074,112.64192583027642,0.16362958635431807,43.64158202674085,-1.5626810233879027,False,True,False,True,False,9.866679659279558,113.29390000000001,109.13095000000001,0.0,0.0,0.0,0.0,0,1.0285069914298612,0.9127649977447003,False,False,False,False,0.242562414575196,0.2600469403490585,False,False,False,False,-52874.0,-58049.398806315396,False,False,False,False,1458.208146729458,False,False,False,False
2025-07-15 15:00:00+00:00,112.94,113.26,112.82,113.2,1929.0,,,,,,,,113.45920168829991,113.57847578627151,113.8075424261471,113.27964407539677,113.2031938300006,113.03114754895996,112.42869460487478,111.83393857352209,111.24708551674473,110.82190749718225,110.7312771745763,110.72523627325832,110.32332294076033,110.28545468271425,110.18539650665797,110.09538302867892,110.03225407042655,109.93692176795362,109.79247555739136,109.66502815291268,109.28670087086411,108.6029446029841,108.6029446029841,108.3617323079536,107.95116409275681,107.76529190957886,107.50141183342282,106.43540807114674,106.16622687647104,106.05023731894057,105.6363875484328,105.48422262447038,105.18693509068912,104.8958122190222,104.54267784109804,104.09802440156521,103.76220778202867,102.5840852334655,102.24549969835945,,,113.03114754895996,112.42869460487478,111.83393857352209,111.24708551674473,108.57358084799667,108.3617323079536,107.76529190957886,107.50141183342282,106.05023731894057,105.6363875484328,104.54267784109804,102.5840852334655,102.24549969835945,,110.7312771745763,110.36357105564994,110.20745820950437,105.31318594232916,100.50184292368246,99.49977261310708,99.42586956817397,,,113.0777298166841,"rgba(239, 83, 80, 1.0)",1.5338987245877158,112.64116678028302,0.3643221099014812,42.80426256806789,-2.3955265511904713,False,True,False,True,False,11.595110006306577,113.316,109.165675,0.0,0.0,0.0,0.0,1,1.0311315646995136,0.9124706731636889,False,False,False,False,0.2349340342306942,0.24749048728987635,False,False,False,False,-50945.0,-57939.253088388024,False,False,False,False,1465.5072452297763,False,False,False,False
2025-07-15 16:00:00+00:00,113.215,113.22,112.79,112.815,2814.0,,,,,,,,113.35390608054371,113.50121858159085,113.74571142182863,113.26506987756103,113.19277362444426,113.02818604158824,112.44181843665994,111.85857031476355,111.28118752026239,110.86164874480329,110.77192276946063,110.76594108267089,110.36652142134042,110.32870835455145,110.22822541635374,110.13783897773513,110.07434230232742,109.97799687638147,109.83219223667348,109.70394093177804,109.3241538455936,108.63946487113841,108.63946487113841,108.39832361856797,107.98768480834129,107.80166950951505,107.53783812390454,106.4730117132623,106.2041296639405,106.08825389232827,105.67502354640057,105.52309888056479,105.22615932546637,104.93537687809959,104.58265672160191,104.13855958655843,103.80306474437049,102.62612024190679,102.28779052242359,,,113.02818604158824,112.44181843665994,111.85857031476355,111.28118752026239,108.61011235738006,108.39832361856797,107.80166950951505,107.53783812390454,106.08825389232827,105.67502354640057,104.58265672160191,102.62612024190679,102.28779052242359,,110.77192276946063,110.406709221545,110.25032947194221,105.35225793730247,100.54270264113391,99.53172035704424,99.45622924785387,,,113.04840679737254,"rgba(239, 83, 80, 1.0)",1.4839143299844608,112.63513753846092,0.12120811687353748,39.97144332136929,-5.134208992691825,False,True,False,True,False,8.686940251274322,113.316,109.19685,0.0,0.0,0.0,0.0,0,1.0298095500966062,0.9254761247584877,False,False,False,False,0.23251248223058746,0.24000148476023192,False,False,False,False,-53759.0,-57874.44296298666,False,False,False,False,1486.4141096448186,False,False,False,False
2025-07-15 17:00:00+00:00,112.82,112.85,112.54,112.55,2657.0,,,,,,,,113.23993621623808,113.41339000206301,113.67628954291875,113.24087608347813,113.17297358641613,113.0166248484088,112.4466501402599,111.87477665038784,111.30664968289948,110.8926975138513,110.80391749310583,110.79799773975779,110.4014964871059,110.36380831884796,110.26319517685876,110.1726827139198,110.10900454240394,110.01200351225532,109.86531279296199,109.73657252023088,109.35599254637475,108.67106165057723,108.67106165057723,108.43013202017646,108.01965630213903,107.83360672609291,107.56993386959617,106.50651943010563,106.2379805563301,106.12223782397197,105.70966487883852,105.55799097187533,105.26143047068057,104.97101525859365,104.61873739414902,104.1752224103528,103.84007518923319,102.664371932335,102.32631881568712,,,113.0166248484088,112.4466501402599,111.87477665038784,111.30664968289948,108.64173795243495,108.43013202017646,107.83360672609291,107.56993386959617,106.12223782397197,105.70966487883852,104.61873739414902,102.664371932335,102.32631881568712,,110.80391749310583,110.44154793403263,110.28528915878746,105.38736462542894,100.58012502157555,99.56108604540948,99.48414581771762,,,113.01018963377132,"rgba(239, 83, 80, 1.0)",1.4431918672720658,112.62023896083772,-0.0486691772802834,36.781032704423104,-8.141104900054714,False,True,False,True,False,6.758447156192318,113.3029,109.2292,0.0,0.0,0.0,0.0,0,1.0251589715233629,0.9326329370564926,False,False,False,False,0.21117755748007022,0.22558952112015107,False,False,True,False,-56416.0,-57851.83144418066,False,False,False,False,1504.5627280999377,False,False,False,False
2025-07-15 18:00:00+00:00,112.55,112.83,112.55,112.715,2368.0,,,,,,,,113.17191990171122,113.35338808173871,113.6241694424439,113.22259627880064,113.15811657039124,113.00825480201519,112.4518319045466,111.88959847995437,111.3293997528597,110.92026145181285,110.83229969124864,110.82643354544359,110.43247206987607,110.39489453588473,110.2941772108825,110.20356252818249,110.13973179251003,110.04216924480104,109.89471697107034,109.76555647162058,109.3842957919405,108.69916521530719,108.69916521530719,108.45842436508254,108.04809679359816,107.86201914357481,107.59848828460252,106.53632619380144,106.26809193368383,106.15246740473137,105.74047724331827,105.58902562493006,105.29280175823003,105.00271273797709,104.65082778435642,104.20782983903672,103.87299192630898,102.6983929095582,102.36058637488263,,,113.00825480201519,112.4518319045466,111.88959847995437,111.3293997528597,108.6698671775561,108.45842436508254,107.86201914357481,107.59848828460252,106.15246740473137,105.74047724331827,104.65082778435642,102.6983929095582,102.36058637488263,,110.83229969124864,110.47240282909928,110.31626083594404,105.41858987978756,100.61342449054432,99.58724994007586,99.50902379470178,,,112.98498443270023,"rgba(239, 83, 80, 1.0)",1.4032811068561077,112.610331399252,0.0745884771316399,36.36755629293943,-8.598898752077588,False,True,False,True,False,7.743158322340015,113.2921,109.2578,0.0,0.0,0.0,0.0,0,1.0278546393654318,0.9290721269138538,False,False,False,False,0.21083504291731034,0.21821228201873072,False,False,False,False,-54048.0,-57792.85731326313,False,False,False,False,1517.9493524704812,False,False,False,False
2025-07-15 19:00:00+00:00,112.68,112.93,112.62,112.64,10698.0,,,,,,,,113.01195309151609,113.18202763931,113.45065548098435,113.15752101341894,113.10507610588043,112.9787078192568,112.4755034310684,111.95279118314787,111.42572337758348,111.03701877750234,110.95260260497524,110.94696905575051,110.56441481242895,110.52739772239042,110.42657516127335,110.33580813467984,110.2715336868891,110.17194265422236,110.02170874345997,109.8910679660961,109.50757483283734,108.82235824036651,108.82235824036651,108.5826234544414,108.17323545749512,107.9871628062149,107.72440065551518,106.66815866405894,106.40135386285083,106.2862874178995,105.87697755356498,105.72654413260396,105.43188406595137,105.14330755568105,104.79324072670472,104.35262277677283,104.01922517528283,102.84973641346885,102.51308320205072,,,112.9787078192568,112.4755034310684,111.95279118314787,111.42572337758348,108.79319494842812,108.5826234544414,107.9871628062149,107.72440065551518,106.2862874178995,105.87697755356498,104.79324072670472,102.84973641346885,102.51308320205072,,110.95260260497524,110.60373527716447,110.44855202399,105.55699529137392,100.76199802051926,99.70444656302428,99.62052531300455,,,112.91427947057286,"rgba(239, 83, 80, 1.0)",1.3591757471740444,112.58272212698697,0.042141623798192085,35.660762052765364,-9.464718528378661,False,True,False,True,False,7.193052407491859,113.2737,109.286825,0.0,0.0,0.0,0.0,0,1.0364275147929005,0.9219674556213017,False,False,False,False,0.2166644936497375,0.2174383878342341,False,False,False,False,-64746.0,-57900.657975073,False,False,False,False,1660.275719098846,False,False,False,False
2025-07-16 14:00:00+00:00,112.77,113.095,112.52,112.875,952.0,,,,,,,112.82999999999998,113.00627488581482,113.17362206337262,113.44011976510588,113.1537154184771,113.10207645578708,112.97731577170538,112.47816776667246,111.95862188863674,111.43426530442727,111.04725387907166,110.9631342439277,110.95752017351278,110.5759341013439,110.5389664508161,110.43814440270141,110.34737241551726,110.28306633143463,110.18331422695175,110.03285754299051,109.90209937559224,109.51843332600951,108.833228372181,108.833228372181,108.59358478273445,108.1842852970891,107.99821635758444,107.73552455114495,106.67980789076685,106.41313000167405,106.29811323238057,105.88904012792831,105.73869658975943,105.4441753110766,105.15573304535296,104.80582758087442,104.36542062380771,104.03215134726968,102.86311736414784,102.52656733114591,,112.82999999999998,112.97731577170538,112.47816776667246,111.95862188863674,111.43426530442727,108.80407724189625,108.59358478273445,107.99821635758444,107.73552455114495,106.29811323238057,105.88904012792831,104.80582758087442,102.86311736414784,102.52656733114591,,110.9631342439277,110.61520081146872,110.46011056502701,105.56922649425442,100.77515201459126,99.71485382145572,99.63043160997086,,,113.02016151586693,"rgba(239, 83, 80, 0.75)",1.2875347524370413,112.73017675424614,0.11248103826303271,37.681585318491614,-9.464718528378661,False,True,False,True,True,8.604400181070442,113.26,109.3171,1.0,113.095,112.52,0.0,0,1.03833777696056,0.9122919922772825,False,False,False,False,0.2188972180680805,0.21816780295115729,False,False,False,False,-63794.0,-57992.02761887032,False,False,False,False,1649.2947001980885,False,False,False,False
2025-07-16 15:00:00+00:00,112.91,113.065,112.555,112.96,1971.0,,,,,,,112.85022921655832,112.99739759419488,113.15884829871815,113.42042369329178,113.1468156283645,113.09673174866329,112.97508533487668,112.48401827105214,111.97085787487256,111.45199724882947,111.06842775756279,110.98491189850704,110.97933750116361,110.59972746043152,110.56286126171294,110.46204261831092,110.37126249202035,110.30689324851758,110.20681453055793,110.0559052812843,109.92490871733476,109.54089206696693,108.85571480648319,108.85571480648319,108.61625944990779,108.20714344474071,108.0210828644335,107.75853656508313,106.70390370831933,106.43748779884679,106.32257361989491,105.91398903427542,105.76383096185462,105.46959630839977,105.18143131945621,104.8318591830142,104.39188804771555,104.05888407315685,102.89079030821908,102.55445380891555,,112.85022921655832,112.97508533487668,112.48401827105214,111.97085787487256,111.45199724882947,108.82658876276464,108.61625944990779,108.0210828644335,107.75853656508313,106.32257361989491,105.91398903427542,104.8318591830142,102.89079030821908,102.55445380891555,,110.98491189850704,110.6388839049143,110.48398650615378,105.59452349768335,100.80236236739958,99.73639757913092,99.65094074574533,,,113.01619372321497,"rgba(239, 83, 80, 0.75)",1.2153451220785414,112.72942407444772,0.18972053399772654,39.88780235442239,-9.464718528378661,False,True,False,True,True,9.110575019769396,113.24799999999999,109.346775,0.0,0.0,0.0,0.0,0,1.047974217311235,0.9097605893186004,False,False,False,False,0.2190690548422631,0.21861842889671018,False,False,False,False,-61823.0,-58051.42253950799,False,False,False,False,1654.2823792647848,False,False,False,False
2025-07-16 16:00:00+00:00,112.92,113.26,112.855,113.24,705.0,,,,,,,112.90232772877617,112.99996705040886,113.1581769535718,113.41679910253356,113.14657829834847,113.09690100433077,112.9760529021956,112.48747571039054,111.9764025263706,111.45937722621133,111.07695658032695,110.99363706767524,110.98807558365247,110.60907709495046,110.57223687154902,110.47138516249512,110.38057329826988,110.3161607355767,110.21592910660947,110.06480926713324,109.9336927126617,109.54947167567,108.86421200879563,108.86421200879563,108.62480161784605,108.21571626060546,108.02964363109096,107.76713182491288,106.71283666018088,106.44650426799036,106.33162253340058,105.92319989626803,105.77310387965959,105.47896315005055,105.19088951524526,104.84142782851677,104.40160266987954,104.06868624929216,102.9009069129868,102.56464103560195,,112.90232772877617,112.9760529021956,112.48747571039054,111.9764025263706,111.45937722621133,108.83509211534613,108.62480161784605,108.02964363109096,107.76713182491288,106.33162253340058,105.92319989626803,104.84142782851677,102.9009069129868,102.56464103560195,,110.99363706767524,110.64820534219251,110.4933276917144,105.60384953433869,100.81227329955408,99.74423770350793,99.65840432152378,,,113.02303484381947,"rgba(239, 83, 80, 0.75)",1.1419402565562922,112.73393046883203,0.4431663813079873,43.97280465428457,-10.974484097603955,False,True,False,True,True,10.756845320168438,113.2416,109.375875,0.0,0.0,0.0,0.0,0,1.0605139541309765,0.8963802155291518,False,False,False,False,0.23614582393024855,0.22738212641347938,False,False,False,False,-61118.0,-58098.96637610477,False,False,False,False,1639.5648229971137,False,False,False,False
2025-07-16 17:00:00+00:00,113.26,113.445,113.245,113.355,775.0,,,,,,,112.98083200847906,113.00791780781577,113.16157879550332,113.41590781583324,113.14840957801906,113.09904817524686,112.97879676652401,112.49260313154059,111.98365147217903,111.468529259764,111.08729788158988,111.00417599827512,110.9986275228052,110.6202100639089,110.58338822257001,110.4824656349703,110.39158979910172,110.32710858397623,110.2266718515601,110.0752705630375,109.94398665644927,109.55946057359219,108.8740168097101,108.8740168097101,108.63463334935821,108.22554630899573,108.03944513798733,107.77695351077976,106.72297947772233,106.45672867222784,106.34187832873158,105.93362097576468,105.78358891655151,105.48954281093316,105.20156175090315,104.85221267437366,104.41253806147243,104.07971048527699,102.91225475796044,102.57606067665887,,112.98083200847906,112.97879676652401,112.49260313154059,111.98365147217903,111.468529259764,108.84490084044461,108.63463334935821,108.03944513798733,107.77695351077976,106.34187832873158,105.93362097576468,104.85221267437366,102.91225475796044,102.57606067665887,,111.00417599827512,110.6593183962556,110.50441328690593,105.61438789353676,100.8233531903069,99.75299372175974,99.66673945783124,,,113.03563675987024,#000000,1.10513920283914,112.74205944912481,0.5546274616813243,47.670569016887576,-7.575713789491864,False,True,False,False,True,11.422581332295632,113.2375,109.40459999999999,0.0,0.0,0.0,0.0,0,1.0669803487406597,0.8915951656056833,False,False,False,False,0.25615441967025787,0.24176827304186863,False,False,False,False,-60343.0,-58133.75759507989,False,False,False,False,1626.1607172142126,False,False,False,False
2025-07-16 18:00:00+00:00,113.36,113.71,113.33,113.61,2582.0,,,,,,,113.19122452875207,113.04622362407292,113.18342711805326,113.42148176768896,113.16019729437845,113.11152334626185,112.99248672632088,112.51317750447755,112.01074758695233,111.50159408965997,111.12409504409617,111.04157986180259,111.03607135819868,110.65935073558576,110.62256553598336,110.521328335067,110.43017314767937,110.36541593395631,110.26421503856771,110.11176572402516,109.97984403322293,109.59411528280879,108.9078339308723,108.9078339308723,108.66848441849532,108.25930488061417,108.07307149373244,107.8106030510169,106.75757061531579,106.49156535117253,106.37680866118384,105.96906847123238,105.81923821578754,105.52548504745475,105.23779207747722,104.88879532510492,104.44959633379618,104.11704575598507,102.95061129823893,102.61464159165317,,113.19122452875207,112.99248672632088,112.51317750447755,112.01074758695233,111.50159408965997,108.87872399277248,108.66848441849532,108.07307149373244,107.8106030510169,106.37680866118384,105.96906847123238,104.88879532510492,102.95061129823893,102.61464159165317,,111.04157986180259,110.69841952050903,110.54330843765607,105.6502017474251,100.86071827663794,99.7825157441967,99.69484406140472,,,113.07746773875074,"rgba(38, 166, 154, 0.5)",1.070173316767976,112.77091046691257,0.784068823189837,52.116258032620024,-3.556098557951664,False,False,True,False,True,12.879143057844257,113.2385,109.43692500000002,0.0,0.0,0.0,0.0,0,1.0713822794185734,0.888806591982224,False,False,False,False,0.2684316069213649,0.2550999399816168,False,False,False,False,-57761.0,-58127.978407559276,False,False,False,False,1640.979930900814,False,False,False,False
2025-07-16 19:00:00+00:00,113.61,113.785,113.54,113.69,4062.0,,,,,,,113.36788389004555,113.10879719711338,113.22311948363851,113.43683832751559,113.18277315353104,113.13488469752356,113.01716451687926,112.54758631237463,112.05475132620228,111.55450362740741,111.18260394875212,111.10099784391257,111.09554928072471,110.72135804971651,110.68462372272155,110.58289046789756,110.4912945073955,110.42610493525898,110.32371555018678,110.16963106652368,110.03670763784085,109.64907197818056,108.96142477332027,108.96142477332027,108.72210932064681,108.31275751136442,108.12630657318763,107.863859225871,106.8122476122059,106.54661592071919,106.43200150500303,106.02505579116269,105.87553627173773,105.58223261390889,105.29498243809932,104.94652809580911,104.50806316521671,104.1759393373799,103.01108332060448,102.6754602079483,,113.36788389004555,113.01716451687926,112.54758631237463,112.05475132620228,111.55450362740741,108.93232183316319,108.72210932064681,108.12630657318763,107.863859225871,106.43200150500303,106.02505579116269,104.94652809580911,103.01108332060448,102.6754602079483,,111.10099784391257,110.76037201945844,110.60492331712231,105.70675211450128,100.91961832209395,99.82911308555295,99.73921485746342,,,113.12738094732768,"rgba(38, 166, 154, 0.5)",1.0386070366460982,112.809972643963,0.8473150334883305,55.659580955638496,-0.41290088549520476,False,False,True,False,True,13.331429547146126,113.2411,109.469375,0.0,0.0,0.0,0.0,0,1.0791233283803874,0.8804791976225854,False,False,False,False,0.2784872975024688,0.26679361874204277,False,False,False,False,-53699.0,-58059.31207565913,False,False,False,False,1678.5151257705688,False,False,False,False
2025-07-17 14:00:00+00:00,113.555,113.935,113.385,113.91,2949.0,,,,,,,113.44699223587692,113.15176498277842,113.25211201194386,113.44991378063246,113.2001785187837,113.15276615675923,113.035827719338,112.57282615179062,112.0866170726973,111.59257393547269,111.22460039485021,111.1436366803465,111.1382304973261,110.76585455767976,110.72916165910382,110.6271005383867,110.53521159611424,110.46972990368991,110.36652428152989,110.21131212798355,110.07769761866369,109.688745679061,109.00016281580425,109.00016281580425,108.76087954574818,108.35141736753509,108.16481647792929,107.90239032139313,106.85181333635308,106.58645321557846,106.47194244431068,106.06557135923516,105.91627643404188,105.62329894230454,105.33636998669378,104.9883090245343,104.55037591307975,104.21856232630212,103.05485243837057,102.71948187116682,,113.44699223587692,113.035827719338,112.57282615179062,112.0866170726973,111.59257393547269,108.97106585379184,108.76087954574818,108.16481647792929,107.90239032139313,106.47194244431068,106.06557135923516,104.9883090245343,103.05485243837057,102.71948187116682,,111.1436366803465,110.80482386193277,110.64916663479735,105.7476754286754,100.96227979600965,99.86292133249944,99.77141661747807,,,113.1577976947379,"rgba(38, 166, 154, 1.0)",1.0008662914333328,112.83596968164088,1.0731007004152477,59.527124133616844,3.054707087970961,True,False,True,False,True,14.56613443920308,113.2481,109.50205,0.0,0.0,0.0,0.0,0,1.0789522399111449,0.8743983709737133,False,False,False,False,0.278310413387885,0.2725520160649639,False,False,False,False,-50750.0,-57945.989407819456,False,False,False,False,1698.2125656811027,False,False,False,False
2025-07-17 15:00:00+00:00,113.91,114.16,113.8,114.15,782.0,,,,,,,113.47819574141742,113.16737431952842,113.26353784887759,113.45647727489461,113.20700963191938,113.15960122749946,113.04260249585228,112.58097411240499,112.09632690442382,111.60379478237724,111.23677687521567,111.15596341055868,111.150567154891,110.77857581951922,110.74188352048681,110.63970128751033,110.54770572291626,110.48212572344454,110.37866740426706,110.2231067210247,110.0892731620135,109.69988929820762,109.01095888395798,109.01095888395798,108.77165956824162,108.36212952075756,108.1754722288618,107.91303209759879,106.86267286127998,106.59737312575874,106.48288498545773,106.07665155450013,105.92741123777031,105.63451034303736,105.347657544663,104.99969075293588,104.56188716921386,104.23014735490975,103.06671596114093,102.73140567570631,,113.47819574141742,113.04260249585228,112.58097411240499,112.09632690442382,111.60379478237724,108.98186040987696,108.77165956824162,108.1754722288618,107.91303209759879,106.48288498545773,106.07665155450013,104.99969075293588,103.06671596114093,102.73140567570631,,111.15596341055868,110.81754457844258,110.66178284199324,105.7588529906601,100.97380350694883,99.87204775675089,99.78010963328111,,,113.16947158154927,"rgba(38, 166, 154, 1.0)",0.9718963074456967,112.8454329323381,1.342290383930487,63.518730351882205,6.650090835347825,True,False,True,False,True,15.883690452675708,113.25990000000002,109.5361,0.0,0.0,0.0,0.0,0,1.0856588430973952,0.8694326372204769,False,False,False,False,0.3010943764373268,0.28682319625114533,False,False,False,False,-49968.0,-57822.299649558685,False,False,False,False,1684.0077197015505,False,False,False,False
2025-07-17 16:00:00+00:00,114.175,114.735,113.935,114.27,1326.0,,,,,,,113.54696079648949,113.2006552703433,113.2888373438503,113.47242739890126,113.22212010561303,113.17453342833629,113.05702247591664,112.5971716918868,112.11488863071446,111.62472492946284,111.25920127379894,111.17861145672168,111.17323000257579,110.80173462984645,110.76502590791728,110.66257921095102,110.57035277576193,110.50456974259511,110.4006188134086,110.2443798203329,110.11011222975009,109.71985218422309,109.03016183289232,109.03016183289232,108.79079366732637,108.38108276330834,108.19430128684145,107.93180417403057,106.88171925857239,106.61650242527699,106.5020445024262,106.09602005626327,105.94686415113928,105.65407658377569,105.36733782941914,105.01951375691272,104.58191064162344,104.25028162743062,103.08727976517969,102.75206037453168,,113.54696079648949,113.05702247591664,112.5971716918868,112.11488863071446,111.62472492946284,109.0010555537455,108.79079366732637,108.19430128684145,107.93180417403057,106.5020445024262,106.09602005626327,105.01951375691272,103.08727976517969,102.75206037453168,,111.17861145672168,110.84072142611903,110.68469835365232,105.77836868036049,100.99371022802944,99.88779790843988,99.79511136116939,,,113.19496606391715,"rgba(38, 166, 154, 1.0)",0.9437136867274077,112.86555731830686,1.4882084486486997,66.82481320597176,9.646728603321172,True,False,True,False,True,16.534023538538733,113.2903,109.57195,0.0,0.0,0.0,0.0,0,1.0876174682144844,0.8663165653215402,False,False,False,False,0.32673160346422264,0.306777399857684,False,False,False,False,-48642.0,-57679.969422433736,False,False,False,False,1678.457212419356,False,False,False,False
2025-07-17 17:00:00+00:00,114.275,114.685,113.935,114.18,2301.0,,,,,,,113.63693869419542,113.2518008785282,113.32808834731837,113.4972801160445,113.24630385202329,113.19852295218644,113.08038248064098,112.62382680285043,112.14570331138468,111.65967036483481,111.29676520612584,111.21657711713921,111.21122224060687,110.84068528017976,110.8039619818043,110.7011111833872,110.60853026065953,110.54242928784895,110.43768779073723,110.28035703364509,110.14539418252913,109.75373890520962,109.0628651159846,109.0628651159846,108.82340730080426,108.41343079179377,108.22645541650947,107.96388292128641,106.91433417720387,106.6492733399857,106.53487302030624,106.12922515033026,105.98022024983568,105.68763934686285,105.40110755816193,105.05354125187175,104.61629709668594,104.28486919443706,103.12263850935888,102.78758408270915,,113.63693869419542,113.08038248064098,112.62382680285043,112.14570331138468,111.65967036483481,109.03374903422126,108.82340730080426,108.22645541650947,107.96388292128641,106.53487302030624,106.12922515033026,105.05354125187175,103.12263850935888,102.78758408270915,,111.21657711713921,110.87968822344038,110.72328554864218,105.8118396345511,101.02799306696784,99.91495952055693,99.82098695951731,,,113.23289301547345,"rgba(38, 166, 154, 1.0)",0.9213985012969585,112.89676903288024,1.392699212461807,67.70243166068647,10.525663741556052,True,False,True,False,True,15.769826713678189,113.321,109.60532500000001,0.0,0.0,0.0,0.0,0,1.089489544333852,0.8589169938818371,False,False,False,False,0.324912883057226,0.315845141457455,False,False,False,False,-50943.0,-57575.52028410143,False,False,False,False,1688.109038583397,False,False,False,False
2025-07-17 18:00:00+00:00,114.18,114.735,114.18,114.43,2138.0,,,,,,,113.72138408865958,113.30286554085077,113.36836825818601,113.52415035745906,113.27161771224257,113.22352103057297,113.10449558908402,112.65049762860355,112.17594003865302,111.69352742980232,111.33292092808615,111.25307793220877,111.24774591187662,110.8779778688894,110.8412294849351,110.73796933226595,110.64503006267438,110.57861324390059,110.47310356150123,110.31471095870343,110.17906577043483,109.78602491644656,109.0939358515617,109.0939358515617,108.85436416554484,108.44409327978393,108.25691752197237,107.99425019786692,106.94512398929564,106.68019237877319,106.56583906203102,106.16052046383365,106.01164885608382,105.7192463872544,105.43289446525999,105.08555362179331,104.64862688569603,104.31737423011259,103.15582492514632,102.82091471797638,,113.72138408865958,113.10449558908402,112.65049762860355,112.17594003865302,111.69352742980232,109.06480680748096,108.85436416554484,108.25691752197237,107.99425019786692,106.56583906203102,106.16052046383365,105.08555362179331,103.15582492514632,102.82091471797638,,111.25307793220877,110.91700834633623,110.76020191438565,105.84336700382696,101.06012395193402,99.94042352798799,99.84524808227586,,,113.27086252570732,"rgba(38, 166, 154, 1.0)",0.9014637396301222,112.92824619544186,1.665905946671056,69.76180955303253,12.667017238885634,True,False,True,False,True,17.13906657859559,113.37199999999999,109.63960000000002,0.0,0.0,0.0,0.0,0,1.0940684133915586,0.8596251819505094,False,False,False,False,0.33567384246764564,0.32575949196255033,False,False,False,False,-48805.0,-57439.54322543319,False,False,False,False,1695.0840922487707,False,False,False,False
2025-07-17 19:00:00+00:00,114.44,114.795,114.05,114.395,2325.0,,,,,,,113.79173488426332,113.35211657319448,113.40769017253096,113.55065552962895,113.29717900200295,113.24884962963645,113.12911272903774,112.67808234958925,112.20744002599797,111.7289687615012,111.37087774992443,111.29142214011608,111.28611576832776,110.9172778141679,110.88051605415977,110.77686658746303,110.68358467843665,110.61685960599935,110.51058089444528,110.35112165048506,110.21479403093768,109.82037470785812,109.12710157869482,109.12710157869482,108.88743599519628,108.47689362749735,108.2895218684726,108.02677501102376,106.978167591227,106.71338844300188,106.59909133820672,106.19414426136245,106.04542194643614,105.75322330564363,105.46707583756928,105.1199900334301,104.68341922760796,104.35236583728498,103.1915827721772,102.85683655957261,,113.79173488426332,113.12911272903774,112.67808234958925,112.20744002599797,111.7289687615012,109.0979621902513,108.88743599519628,108.2895218684726,108.02677501102376,106.59909133820672,106.19414426136245,105.1199900334301,103.1915827721772,102.85683655957261,,111.29142214011608,110.95632310599095,110.79915234339168,105.87725329265317,101.09480009732103,99.9679470953697,99.87147700512554,,,113.30692760873552,"rgba(38, 166, 154, 1.0)",0.8852379178306765,112.95931333144239,1.6218088263501365,70.58556667688634,13.744654730109389,True,False,True,False,True,16.83578193575828,113.41940000000001,109.67447499999999,0.0,0.0,0.0,0.0,0,1.090065747996038,0.8577861839142572,False,False,False,False,0.33311368786414775,0.329436589913349,False,False,False,False,-51130.0,-57341.72084984508,False,False,False,False,1704.8502303534408,False,False,False,False
2025-07-18 14:00:00+00:00,114.35,114.61,114.035,114.035,2171.0,,,,,,,113.82944553163732,113.38689480946888,113.43549006884831,113.56896210921096,113.31621254995176,113.26790770400167,113.14805593097273,112.70038357445624,112.23364102196295,111.75899468790028,111.40336220296412,111.32430473064898,111.31902469053064,110.95127623932915,110.9145306300822,110.8106247389471,110.71711357147524,110.65016782554981,110.5432945884172,110.38300566275592,110.24615642351483,109.85070704188134,109.15661883610532,109.15661883610532,108.91693270564292,108.50624472420063,108.3187377960419,108.05597030502591,107.00799154799495,106.74338418954937,106.62915201705916,106.2245870546106,106.07601575840259,105.78403211147716,105.49809798330443,105.1512754420362,104.71506494852079,104.38421927254215,103.22421565128633,102.88964008866719,,113.82944553163732,113.14805593097273,112.70038357445624,112.23364102196295,111.75899468790028,109.12747821196281,108.91693270564292,108.3187377960419,108.05597030502591,106.62915201705916,106.2245870546106,105.1512754420362,103.22421565128633,102.88964008866719,,111.32430473064898,110.99030423843865,110.83294020066803,105.90796734963145,101.12656566832689,99.99322236166194,99.89557019300238,,,113.33166903481847,"rgba(38, 166, 154, 0.75)",0.8601579417052885,112.98223736977641,1.2239178169260987,66.19617787838342,13.744654730109389,True,False,True,False,False,13.769044890104581,113.4593,109.706075,0.0,0.0,0.0,0.0,0,1.0909826485660352,0.865144295603704,False,False,False,False,0.3258219829729295,0.32762928644313927,False,False,False,False,-53301.0,-57279.074014963764,False,False,False,False,1712.0773585650154,False,False,False,False
2025-07-18 15:00:00+00:00,114.035,114.25,113.92,114.225,1082.0,,,,,,114.13166666666665,113.84196431989588,113.40136886693611,113.44707178257146,113.57645551029114,113.32445076765548,113.27621736166685,113.15644470368153,112.7105831220294,112.24583660938038,111.77312550914814,111.41874214164145,111.33989198203973,111.33462564720354,110.96747720560307,110.93074730261068,110.82674283065694,110.7331421811708,110.66610489664333,110.5589695862519,110.39831324929867,110.26123598736471,109.86534409624896,109.17092939276975,109.17092939276975,108.93125129951595,108.52052026824715,108.33295914129727,108.07019602305932,107.02256958524359,106.75805580230148,106.64385936528069,106.23949427091868,106.09100134103574,105.79913150578675,105.51330975946294,105.16662520437583,104.73060181005826,104.39986553405119,103.24026771432922,102.9057819869889,,113.84196431989588,113.15644470368153,112.7105831220294,112.24583660938038,111.77312550914814,109.14179044358985,108.93125129951595,108.33295914129727,108.07019602305932,106.64385936528069,106.23949427091868,105.16662520437583,103.24026771432922,102.9057819869889,,111.33989198203973,111.00648827010886,110.84906768543492,105.92301679142977,101.14222553674055,100.00570196455601,99.90746837390415,,,113.51945499742064,"rgba(38, 166, 154, 0.75)",0.8400209832178116,112.9921450612968,1.4676477889642523,64.81087699839881,13.744654730109389,True,False,True,False,False,14.850776843224605,113.50540000000001,109.737675,0.0,0.0,0.0,0.0,0,1.0892760426069699,0.872540169705723,False,False,False,False,0.30863590901098875,0.31813259772706404,False,False,False,False,-52219.0,-57200.62325504185,False,False,False,False,1702.3087173469532,False,False,False,False
2025-07-18 16:00:00+00:00,114.14,114.27,113.995,114.19,2048.0,,,,,,114.14475292864749,113.8644809305738,113.42798927637166,113.46858131977876,113.59059772626321,113.33997210235552,113.29187359192446,113.17225511185579,112.7297622327786,112.26873671591117,111.79963947733192,111.44759459347998,111.36913445018268,111.36389390280607,110.99788568488655,110.96118774034758,110.85700864046079,110.7632487762225,110.69604621932156,110.58843124732223,110.42710107558293,110.28960619299919,109.8929053233073,109.19790041882167,109.19790041882167,108.95824265451508,108.54743908834226,108.35977973811202,108.09702900783212,107.05007721713116,106.78574206431924,106.67161395889518,106.26762829550103,106.11928398962007,105.8276307102702,105.54202268618154,105.19560040079384,104.75993218338735,104.42940412134696,103.27057748474554,102.93626287430727,,113.8644809305738,113.17225511185579,112.7297622327786,112.26873671591117,111.79963947733192,109.16876527159592,108.95824265451508,108.35977973811202,108.09702900783212,106.67161395889518,106.26762829550103,105.19560040079384,103.27057748474554,102.93626287430727,,111.36913445018268,111.03686228094577,110.87934925971854,105.951421002008,101.17180886315357,100.0292963911004,99.9299663711367,,,113.53756287347133,"rgba(38, 166, 154, 0.75)",0.8170908238429526,113.01071666796359,1.4432708061632415,63.43231639238665,19.92669011447346,True,False,True,False,False,14.553391861848961,113.54549999999999,109.769925,0.0,0.0,0.0,0.0,0,1.0846133117758028,0.8684092338093954,False,False,False,False,0.3120587201737112,0.3150956589503876,False,False,False,False,-54267.0,-57155.140723955934,False,False,False,False,1707.6682721167679,False,False,False,False
2025-07-18 17:00:00+00:00,114.2,114.225,113.92,114.165,1452.0,,,,,114.10333333333334,114.13162738251128,113.8761893026344,113.44456045627378,113.48202855308654,113.59938219018063,113.34999371615086,113.30203345692856,113.18262518409426,112.74260174247058,112.28423367501676,111.81770317607752,111.46732511256647,111.38914733879433,111.38392545869631,111.01877028274647,110.98210157749331,110.87782503091323,110.78397469483224,110.71667182232301,110.60874868130335,110.44698370395203,110.30922224072131,109.91201270795762,109.2166613197211,109.2166613197211,108.97703410244743,108.56620546455972,108.37848838174466,108.1157594452344,107.06931958671849,106.80511792828446,106.69104119182647,106.28733243103451,106.13909606817747,105.84760202422446,105.56215070320826,105.21592014977156,104.78051011456944,104.4501347651081,103.29186982328085,102.95768073778491,,113.8761893026344,113.18262518409426,112.74260174247058,112.28423367501676,111.81770317607752,109.18753088537652,108.97703410244743,108.37848838174466,108.1157594452344,106.69104119182647,106.28733243103451,105.21592014977156,103.29186982328085,102.95768073778491,,111.38914733879433,111.05771530090215,110.90017200962573,105.97132263647383,101.19262380201732,100.04591975616944,99.94582002933497,,,113.66114354888742,"rgba(38, 166, 154, 0.75)",0.7894792901295534,113.02271750541559,1.4468808857506228,62.16188783299179,18.38532646578423,True,False,True,False,False,14.337876263564663,113.57600000000001,109.8031,0.0,0.0,0.0,0.0,0,1.0828122208325899,0.8699303198141861,False,False,False,False,0.30773633617756846,0.31141599756397803,False,False,False,False,-55719.0,-57132.8749762977,False,False,False,False,1703.704422936663,False,False,False,False
2025-07-18 18:00:00+00:00,114.165,114.205,114.06,114.15,797.0,,,,,114.1157366236846,114.13262099522836,113.88305789335261,113.45378037528627,113.4895726125918,113.60440327847132,113.35563391323603,113.30774167073463,113.18843236889923,112.74972647076405,112.29279067814765,111.82764839519713,111.47817318684375,111.40014838933178,111.39493662441623,111.03024355146594,110.99359063069475,110.88926077912777,110.79536094761077,110.72800328675365,110.61991204747238,110.45790968320168,110.32000244913625,109.92251414375708,109.22697158825584,109.22697158825584,108.98736048422599,108.57651727153817,108.38876826831428,108.12605077924842,107.0798894548411,106.81576054278572,106.7017117964981,106.29815416863399,106.14997674664687,105.85856961937075,105.57320386107048,105.22707803119931,104.79180907681983,104.46151717128242,103.3035593242112,102.96943888196883,,113.88305789335261,113.18843236889923,112.74972647076405,112.29279067814765,111.82764839519713,109.19784365536549,108.98736048422599,108.38876826831428,108.12605077924842,106.7017117964981,106.29815416863399,105.22707803119931,103.3035593242112,102.96943888196883,,111.40014838933178,111.06917152709079,110.91161128348324,105.98225219166792,101.20405151799434,100.0550502836712,99.95452848031498,,,113.6678184203232,"rgba(38, 166, 154, 0.75)",0.7578687399681522,113.02944331538912,1.478563009021824,61.08457088991907,16.993405214558706,True,False,True,False,False,14.206439139612012,113.6042,109.83570000000002,0.0,0.0,0.0,0.0,0,1.0850931123585505,0.8706228281208231,False,False,False,False,0.3120587201737112,0.3117373588688446,False,False,False,False,-56516.0,-57123.31102317681,False,False,False,False,1689.646990022916,False,False,False,False
2025-07-18 19:00:00+00:00,114.155,114.375,113.99,114.28,2547.0,,,,,114.16845218237418,114.15909327950207,113.90870499014106,113.48479216984705,113.51527637503533,113.62205683258603,113.37484322845819,113.32710894502465,113.20798684236769,112.77324597667828,112.3207290656136,111.85990271589219,111.51323988181473,111.43569004407115,111.43050969719778,111.06724047130365,111.03063387149197,110.92612434576236,110.83205844474122,110.76452062004027,110.65588566650557,110.49311504067732,110.35473343485972,109.95633080833854,109.26014262837258,109.26014262837258,109.02057266839782,108.60966743764288,108.4218102364391,108.15912101936641,107.11382163680452,106.8499192969546,106.7359575920047,106.33287466552338,106.1848827325807,105.89374816329298,105.6086510602708,105.26285447490034,104.8280300215507,104.49800044939336,103.34101066209566,103.00710633484267,,113.90870499014106,113.20798684236769,112.77324597667828,112.3207290656136,111.85990271589219,109.23102137472237,109.02057266839782,108.4218102364391,108.15912101936641,106.7359575920047,106.33287466552338,105.26285447490034,103.34101066209566,103.00710633484267,,111.43569004407115,111.10611847110845,110.94848821936937,106.01731134362599,101.2406522471439,100.08430827684332,99.98243690627113,,,113.69504100037106,"rgba(38, 166, 154, 0.75)",0.7290821577755511,113.05215716178014,1.6840939325220052,61.75645486427946,16.993405214558706,True,False,True,False,False,14.987260868248736,113.6365,109.867525,0.0,0.0,0.0,0.0,1,1.0832743362831867,0.8684955752212388,False,False,False,False,0.31566934965409954,0.3137033542614721,False,False,False,False,-53969.0,-57074.40697630585,False,False,False,False,1702.9392847512427,False,False,False,False
2025-07-21 14:00:00+00:00,114.585,114.82,114.52,114.81,1127.0,,,,,114.27276380212729,114.22850509959866,113.93541427118775,113.50660536404489,113.53382132584575,113.63588330232453,113.38798487034207,113.34011142385073,113.22059656330885,112.78695156418824,112.33603948251259,111.87687937765074,111.53129922815648,111.453918950008,111.44874985019442,111.08590350475167,111.04929393339107,110.94462472554356,110.85041710697728,110.78274982230825,110.67378597467005,110.51055449712575,110.37187591900972,109.97286729258876,109.27615166338222,109.27615166338222,109.03654045655199,108.62551337572677,108.43756712605644,108.17484233347876,107.1297866495,106.86595613989074,106.75202103511032,106.34911246781297,106.20119063812133,105.91015240177074,105.62515201689845,105.27947617977857,104.84482019361681,104.51488560627725,103.35826099924425,103.02443549389612,,113.93541427118775,113.22059656330885,112.78695156418824,112.33603948251259,111.87687937765074,109.24702589532114,109.03654045655199,108.43756712605644,108.17484233347876,106.75202103511032,106.34911246781297,105.27947617977857,103.35826099924425,103.02443549389612,,111.453918950008,111.12478486780735,110.96700995272234,106.03367276621194,101.25740541632706,100.09767408551116,99.99518507926972,,,113.73013618241521,"rgba(38, 166, 154, 1.0)",0.7166947406987038,113.06723063185983,2.431675955150937,66.11257746300643,16.993405214558706,True,False,True,False,True,18.031212359341286,113.6796,109.90385,0.0,0.0,0.0,0.0,1,1.08757012622721,0.8628155680224403,False,False,False,False,0.34282824714335064,0.3282658007024114,False,False,False,False,-52842.0,-57008.788263494906,False,False,False,False,1694.0099935147891,False,False,False,False
2025-07-21 15:00:00+00:00,114.81,115.23,114.81,115.135,1283.0,,,,,114.41263137200481,114.33151106166153,113.9761409187279,113.53726757945861,113.56014882514725,113.65604797156695,113.4064031340868,113.35822189269719,113.2379179094244,112.80504207818865,112.3557002893362,111.8982579217514,111.55379087679879,111.47657356377579,111.47141530118826,111.1088965006466,111.07226606254403,110.96735523599514,110.87293528841725,110.8050834011888,110.69567893498967,110.53183199379582,110.39274981195392,109.99289932383817,109.29540009773149,109.29540009773149,109.05569679064878,108.6444591894748,108.45638020337326,108.19357826581361,107.14869495014084,106.8849244934347,106.77101056240988,106.36827320772062,106.2204220300088,105.92947488858854,105.64456764663733,105.29901017314907,104.86452435514578,104.53468172678426,103.37842437922947,103.04467569815063,,113.9761409187279,113.2379179094244,112.80504207818865,112.3557002893362,111.8982579217514,109.26626352124833,109.05569679064878,108.45638020337326,108.19357826581361,106.77101056240988,106.36827320772062,105.29901017314907,103.37842437922947,103.04467569815063,,111.47657356377579,111.1478006640124,110.98977629785118,106.05295417379955,101.27690980430175,100.11321523013115,100.01000723748453,,,113.77979659441888,"rgba(38, 166, 154, 1.0)",0.7204457579054034,113.08806254144662,2.8412096762212538,70.52538998408674,14.804196088218589,True,False,True,False,True,19.783653188784495,113.7292,109.94059999999999,0.0,0.0,0.0,0.0,1,1.0919770274973906,0.8566829098503304,False,False,False,False,0.34282824738494666,0.33554702404367903,False,False,False,False,-51559.0,-56924.29542220041,False,False,False,False,1687.6377455533195,False,False,False,False
2025-07-21 16:00:00+00:00,115.135,115.31,115.045,115.205,1365.0,,,,,114.53590265624392,114.43127068911491,114.02111554164398,113.57122886937985,113.58949399490689,113.67878982983201,113.42704584324387,113.37849849837656,113.25726549904114,112.8250533894723,112.37728681715852,111.92160058763876,111.5782720178647,111.50121796743451,111.49607057256338,111.13385404476325,111.09719673193614,110.99201435896993,110.89735607895504,110.82929888454763,110.71941051072207,110.55488751970022,110.41535989265701,110.0145746911013,109.31619145928948,109.31619145928948,109.07637697400723,108.66489460524068,108.47666544486475,108.21377056393361,107.1690377561508,106.90532431785329,106.79143004976575,106.38886589807593,106.24108684713954,105.95023065121765,105.66541703149854,105.31997929756203,104.88566743047336,104.55591746227876,103.40003516155545,103.06636412371643,,114.02111554164398,113.25726549904114,112.8250533894723,112.37728681715852,111.92160058763876,109.287041726017,109.07637697400723,108.47666544486475,108.21377056393361,106.79143004976575,106.38886589807593,105.31997929756203,103.40003516155545,103.06636412371643,,111.50121796743451,111.1727875297999,111.0144764485567,106.07366870585658,101.2977930049902,100.129855917337,100.02587893785866,,,113.82916824034274,"rgba(38, 166, 154, 1.0)",0.7308897576458511,113.11123010197174,2.8646863307705317,73.75459834979586,17.807542920859248,True,False,True,False,True,20.0,113.7712,109.97725,0.0,0.0,0.0,0.0,0,1.102849078239394,0.85331216371174,False,False,False,False,0.34282824748850477,0.3391876357660919,False,False,False,False,-50194.0,-56819.94975673994,False,False,False,False,1682.6356099633456,False,False,False,False
2025-07-21 17:00:00+00:00,115.245,115.265,114.885,115.11,504.0,,,,,114.56649054178146,114.45833497200603,114.03553498550102,113.58266305378406,113.59940149505876,113.68647131949105,113.43412096246675,113.38546423880537,113.26394722602683,112.83204815555746,112.38489349198125,111.929874454743,111.58697981250478,111.50999021835158,111.50484710926166,111.14276661342969,111.10610246927244,111.00083123631953,110.90609464586261,110.83796881881617,110.72791493121291,110.56316015497192,110.4234805698603,110.0223783859413,109.3237010828542,109.3237010828542,109.08385312289192,108.67229255429383,108.48401334106775,108.22109023597062,107.17642958273055,106.91274059205782,106.79885501820665,106.39635891405162,106.24860785001766,105.95778809194783,105.67301164175015,105.32762103584894,104.89337665297656,104.56366340629052,103.40792701652181,103.07428667515828,,114.03553498550102,113.26394722602683,112.83204815555746,112.38489349198125,111.929874454743,109.29454744186928,109.08385312289192,108.48401334106775,108.22109023597062,106.79885501820665,106.39635891405162,105.32762103584894,103.40792701652181,103.07428667515828,,111.50999021835158,111.18170756798794,111.02330633665463,106.08120974904422,101.30543248011702,100.13595014176025,100.03169227049915,,,113.84356019611181,"rgba(38, 166, 154, 1.0)",0.7500225221801914,113.11916058393706,2.6543728450659043,74.30535310139109,18.396553033288612,True,False,True,False,True,19.27769751777014,113.8062,110.01349999999998,0.0,0.0,0.0,0.0,0,1.0970754052149412,0.8570295983086679,False,False,False,False,0.3357446645114806,0.3374661501387862,False,False,False,False,-50698.0,-56725.035807023036,False,False,False,False,1664.3621896538364,False,False,False,False
2025-07-21 18:00:00+00:00,115.075,115.195,114.965,115.075,1633.0,,,,,114.64454800149421,114.53149997591176,114.07933696873043,113.61835491224738,113.63044585127577,113.71064941972406,113.45652264782201,113.40753996773837,113.28516773620582,112.85433481579591,112.4091738522403,111.95631780433945,111.61483272755692,111.5380549307826,111.53292590115444,111.17130953121156,111.13462676481618,111.02908186816911,110.93410361502903,110.86576449825117,110.75519159074065,110.58970890373965,110.44955267556615,110.04745751230962,109.34786416978655,109.34786416978655,109.1079157417946,108.69611485842809,108.50767938771926,108.24467116965351,107.20026003538425,106.93665341704536,106.82279736712556,106.42052524985657,106.27286599057422,105.98216687263512,105.69751318488836,105.35227786716139,104.91825494563248,104.58866297822368,103.43340600461688,103.09986702813688,,114.07933696873043,113.28516773620582,112.85433481579591,112.4091738522403,111.95631780433945,109.31869886798057,109.1079157417946,108.50767938771926,108.24467116965351,106.82279736712556,106.42052524985657,105.35227786716139,103.43340600461688,103.09986702813688,,111.5380549307826,111.21027087120783,111.051596537773,106.10553435097655,101.33011201053121,100.15565085689519,100.05048673206038,,,113.884862218118,"rgba(38, 166, 154, 1.0)",0.7701871891300461,113.1441942499577,2.506930493382018,74.06342702376847,18.396553033288612,True,False,True,False,True,18.95225548876851,113.8432,110.048225,0.0,0.0,0.0,0.0,0,1.0975953492468962,0.8577468510525851,False,False,False,False,0.3360894474463569,0.3367777987925715,False,False,False,False,-52331.0,-56656.91122086764,False,False,False,False,1663.8759541553272,False,False,False,False
2025-07-21 19:00:00+00:00,115.075,115.075,114.71,114.79,6031.0,,,,,114.72157406854252,114.63070637676785,114.18395367566282,113.71878613700054,113.71878824390203,113.77983994415455,113.52368012307237,113.47420105848326,113.35030632888218,112.9251704352311,112.48808613944078,112.04362596422612,111.70766161115246,111.63177585001851,111.62670600759694,111.26749081935868,111.23083037395917,111.1246202879005,111.02904364098775,110.96013604255745,110.84805357710212,110.68043467943815,110.5389037344203,110.13400460062915,109.43201210892043,109.43201210892043,109.19192027739297,108.77960021116004,108.59075217998303,108.32761338958892,107.28461542301734,107.02141356652481,106.90770918712707,106.50638375279726,106.35910287456542,106.06893366355143,105.78481009714773,105.44023424187755,105.00712471358175,104.67805519673746,103.52478893765034,103.1916850867358,,114.18395367566282,113.35030632888218,112.9251704352311,112.48808613944078,112.04362596422612,109.40283225300644,109.19192027739297,108.59075217998303,108.32761338958892,106.90770918712707,106.50638375279726,105.44023424187755,103.52478893765034,103.1916850867358,,111.63177585001851,111.3064285974435,111.14721681938076,106.1920664540034,101.41905069516594,100.22689550925276,100.11848322880756,,,113.96894120344824,"rgba(38, 166, 154, 0.75)",0.7826460488826091,113.2191109357702,2.0071513380442867,69.44665549244644,18.396553033288612,True,False,True,False,False,16.3326172894716,113.8723,110.081875,0.0,0.0,0.0,0.0,0,1.0967286835376078,0.8597125473944094,False,False,False,False,0.3232118772934744,0.329994838043023,False,False,False,False,-58362.0,-56683.34670581543,False,False,False,False,1731.5833037033067,False,False,False,False
2025-07-22 14:00:00+00:00,114.72,115.095,114.635,115.01,2939.0,,,,114.91333333333334,114.7502141985974,114.66712520460658,114.22875579102835,113.76414439089936,113.75925119575864,113.81219024636569,113.55538303305985,113.50571920921641,113.38122101161555,112.95883704672515,112.5255772056245,112.08509099386106,111.75175598831817,111.67630241011501,111.67126124713243,111.31325616176626,111.2766166831656,111.17013142406378,111.07430488760603,111.00515272977592,110.89239999851532,110.72382729441638,110.58168412517773,110.17553964865174,109.47250050266167,109.47250050266167,109.23236260661616,108.81983025328482,108.6308005991509,108.36761717372141,107.32534689547175,107.06234988127933,106.94872280695029,106.5478652261993,106.40077059087413,106.11086539604189,105.8270053112182,105.48275641936148,105.05009753911162,104.72128814074931,103.56900709205804,103.23612026115134,,114.22875579102835,113.38122101161555,112.95883704672515,112.5255772056245,112.08509099386106,109.4433165100578,109.23236260661616,108.6308005991509,108.36761717372141,106.94872280695029,106.5478652261993,105.48275641936148,103.56900709205804,103.23612026115134,,111.67630241011501,111.35217151754438,111.19275937195259,106.2338815268579,101.4621451022749,100.2614940750537,100.15151597773199,,,114.18129967420614,"rgba(38, 166, 154, 0.75)",0.8001983256381315,113.25420061840727,2.1942052680409523,68.17594333019687,23.88162862673346,True,False,True,False,False,17.593421107622067,113.90890000000002,110.117475,0.0,0.0,0.0,0.0,0,1.0939915671117368,0.857782853127196,False,False,False,False,0.3213319410438977,0.3256633895434603,False,False,False,False,-55423.0,-56663.80644681054,False,False,False,False,1750.302942405581,False,False,False,False
2025-07-22 15:00:00+00:00,114.99,115.375,114.82,115.295,4161.0,,,,115.05984741784039,114.82232245480094,114.74368429184126,114.3035284635697,113.83552598023591,113.82350548797922,113.86466561817468,113.60569344602523,113.55557091437373,113.42976521226801,113.01045085395542,112.58207116667779,112.14680028874764,111.81692501388711,111.74202719821945,111.7370229652526,111.38048504012562,111.3438516345928,111.23690759041418,111.14066802790602,111.0711279121052,110.95735804987167,110.78733886411534,110.6442548703625,110.23616349344518,109.53139856930734,109.53139856930734,109.29112941646194,108.87819339907725,108.68886278145305,108.42556167576167,107.38415140232415,107.12140862632144,107.007876157117,106.60763332060694,106.46078606931603,106.171223305441,105.88770745408095,105.54388883239848,105.1118302827236,104.78336209922176,103.63239336750269,103.29979257917381,,114.3035284635697,113.42976521226801,113.01045085395542,112.58207116667779,112.14680028874764,109.50220040969623,109.29112941646194,108.68886278145305,108.42556167576167,107.007876157117,106.60763332060694,105.54388883239848,103.63239336750269,103.29979257917381,,111.74202719821945,111.41939424318721,111.25959415453069,106.29408729663619,101.52381429931818,100.31103151073471,100.19881965296287,,,114.25734664505842,"rgba(38, 166, 154, 0.75)",0.8241644308041342,113.3092393772499,2.409422863363088,69.22672669404241,23.88162862673346,True,False,True,False,False,19.179201166549298,113.95370000000001,110.15305000000001,0.0,0.0,0.0,0.0,0,1.1001751313485124,0.8523642732049035,False,False,False,False,0.33729679514862476,0.33148009234604253,False,False,False,False,-51262.0,-56580.05750965068,False,False,False,False,1787.6780905853393,False,False,False,False
2025-07-22 16:00:00+00:00,115.295,115.46,114.94,115.255,2163.0,,,,115.0968554104142,114.85526497961693,114.77892615222665,114.34005581091974,113.87125022394748,113.85591546799299,113.89145387507892,113.63150265258861,113.58116552803875,113.45473760311906,113.03699920319461,112.61109844705528,112.17847841151466,111.85036856220731,111.77575715300357,111.77077195380656,111.41500805414152,111.3783816504739,111.27121901270962,111.1747817095795,111.10505326203152,110.99078200873993,110.82004735171658,110.67649818367084,110.26744423190239,109.56183067544775,109.56183067544775,109.32150214677011,108.9083717190078,108.7188921762908,108.45553687813339,107.41458603788227,107.15197772522053,107.03849550000002,106.63857361625175,106.49185525977688,106.20247209620338,105.91913656976273,105.57554306747849,105.14379782743276,104.81550861861062,103.6652261223798,103.33277557150276,,114.34005581091974,113.45473760311906,113.03699920319461,112.61109844705528,112.17847841151466,109.53262624733931,109.32150214677011,108.7188921762908,108.45553687813339,107.03849550000002,106.63857361625175,105.57554306747849,103.6652261223798,103.33277557150276,,111.77575715300357,111.4539098888697,111.29393266041869,106.325256389969,101.55578121211602,100.3367474071025,100.22338175232252,,,114.29015307159818,"rgba(38, 166, 154, 0.75)",0.8457631981713706,113.33734349863991,2.267368106706772,69.32111195350224,23.88162862673346,True,False,True,False,False,18.80808437125883,113.9808,110.187325,0.0,0.0,0.0,0.0,0,1.1045545939330372,0.8495497858204387,False,False,False,False,0.34282824750305047,0.3371541699245465,False,False,False,False,-53425.0,-56531.14188934602,False,False,False,False,1793.4970349173495,False,False,False,False
2025-07-22 17:00:00+00:00,115.225,115.23,114.765,115.04,2064.0,,,,115.08133236220242,114.86676690657734,114.79432480659914,114.36470602531045,113.89868753569809,113.88098530787258,113.91221550756522,113.65226320008748,113.6018730011783,113.47520811303205,113.05939951121832,112.63605851317492,112.20608925507968,111.87975294297777,111.80544268090136,111.80047746879582,111.44561791467365,111.40901948527701,111.30172745738058,111.2051692624895,111.13531163064141,111.02065543232936,110.84936612964442,110.70546386218206,110.29569839946214,109.58951783296831,109.58951783296831,109.34919027153363,108.93596768728722,108.74638771280632,108.48302790238137,107.44264472784796,107.18019137633976,107.06676837942221,106.66718497873171,106.52060029576164,106.23141110649546,105.94826825641248,105.60491271563478,105.17349233020458,104.84539391942685,103.69582574409388,103.36353486934819,,114.36470602531045,113.47520811303205,113.05939951121832,112.63605851317492,112.20608925507968,109.56031463240865,109.34919027153363,108.74638771280632,108.48302790238137,107.06676837942221,106.66718497873171,105.60491271563478,103.69582574409388,103.36353486934819,,111.80544268090136,111.48448965087397,111.32445206759809,106.35411006574745,101.58568685038148,100.36086406998852,100.24642286294454,,,114.30641020648909,"rgba(38, 166, 154, 0.75)",0.8611980341638723,113.3600769331612,1.9506814927530918,66.28931176983612,21.422232981512764,True,False,True,False,False,16.82353455190334,113.99340000000001,110.219825,0.0,0.0,0.0,0.0,0,1.1049694856146481,0.8477768090671315,False,False,False,False,0.3288942097986865,0.3330241898616165,False,False,False,False,-55489.0,-56514.98465075151,False,False,False,False,1797.6908793372356,False,False,False,False
2025-07-22 18:00:00+00:00,115.035,115.135,114.74,114.935,2092.0,,,,115.058779218521,114.87161571280146,114.80327034767285,114.38522039535721,113.92339654381117,113.90369583697533,113.93110505889162,113.67155133386456,113.62117397955896,113.49442791824349,113.08073846769649,112.66005089730804,112.2327972900945,111.90828373768282,111.83428930645886,111.82934504743126,111.4754744793114,111.43891455816697,111.3315311494856,111.2348845400826,111.16492169697507,111.04992397907353,110.87813908817219,110.73392566071385,110.32354450190202,109.61691077197854,109.61691077197854,109.37661231055326,108.96334238666259,108.77368145861001,108.51034019461086,107.47059363787305,107.20830993664615,107.0949523357916,106.69572677852575,106.54928242588537,106.26030042751654,105.97736250536381,105.63425895666317,105.2031797958098,104.8752842498726,103.72646806874893,103.39434687003539,,114.38522039535721,113.49442791824349,113.08073846769649,112.66005089730804,112.2327972900945,109.58771232571952,109.37661231055326,108.77368145861001,108.51034019461086,107.0949523357916,106.69572677852575,105.63425895666317,103.72646806874893,103.39434687003539,,111.83428930645886,111.51430471668897,111.35425950980657,106.38290855868864,101.61569427403745,100.3851024260152,100.26958514218032,,,114.3185793059869,"rgba(38, 166, 154, 0.75)",0.8737741116512036,113.38125667319409,1.7781979416507865,62.89563296834909,18.094810137129755,True,False,True,False,False,15.865577818521139,114.0068,110.25227500000001,0.0,0.0,0.0,0.0,0,1.1144086399157092,0.847396610764773,False,False,False,False,0.324789391169757,0.3289067905156868,False,False,False,False,-57581.0,-56531.512020507296,False,False,False,False,1802.2538114405343,False,False,False,False
2025-07-22 19:00:00+00:00,114.95,114.975,114.655,114.825,3419.0,,,114.81833333333333,115.00995605178761,114.86619019964063,114.80467335930477,114.40920272838187,113.95691011318,113.93476102015946,113.9570593477988,113.69902248597548,113.6488122376403,113.52228408813508,113.11242969166754,112.6962199190598,112.2734779484064,111.95200513406421,111.87855154736074,111.873643150769,111.52155434199753,111.48508033765248,111.37763706740402,111.28092286620418,111.21084606353394,111.09539973645816,110.92295528313288,110.77833932847996,110.36719252427937,109.66009796064745,109.66009796064745,109.41991234215077,109.00667204187035,108.81692720136552,108.55367018993229,107.51510819174054,107.2531314596451,107.13989338949641,106.74128775462555,106.59508428578762,106.30646598422648,106.02388583801607,105.6812197736733,105.25072676169056,104.9231852400337,103.77566458757376,103.44383926942263,114.81833333333333,114.40920272838187,113.52228408813508,113.11242969166754,112.6962199190598,112.2734779484064,109.63091543057779,109.41991234215077,108.81692720136552,108.55367018993229,107.13989338949641,106.74128775462555,105.6812197736733,103.77566458757376,103.44383926942263,,111.87855154736074,111.56029189260333,111.40035494295635,106.4289153914339,101.66401365736209,100.4242218961421,100.3069787753655,,,114.4696357691983,"rgba(38, 166, 154, 0.5)",0.8837831610012243,113.41162336858928,1.5992346242595696,59.23857439326236,14.637894145347047,False,False,True,False,False,14.863383434160522,114.01350000000001,110.28265000000002,0.0,0.0,0.0,0.0,0,1.115244928691648,0.8479050403047215,False,False,False,False,0.31538722461400365,0.3221470075648452,False,False,False,False,-61000.0,-56600.79090391028,False,False,False,False,1827.319643821301,False,False,False,False
2025-07-23 14:00:00+00:00,114.855,115.26,114.815,115.13,1177.0,,,114.88235639686683,115.01377009899157,114.87303610136003,114.81286488579174,114.42153203121276,113.9710557399858,113.94786197765796,113.96813885853528,113.71022224461386,113.66000506904626,113.53340219140141,113.12463354661774,112.70982631240373,112.288534589295,111.96804031033503,111.89475675185706,111.88985964238886,111.5383056456186,111.50185274443828,111.39436116094684,111.29760000349168,111.22746683359688,111.11183626423708,110.93912348285018,110.79433855199758,110.38285594044784,109.675512344274,109.675512344274,109.43534242834284,109.02207566974329,108.83228605592276,108.56903902660977,107.53082821718863,107.26894534204847,107.15574348225854,106.75733602034339,106.61121031559958,106.32270697075975,106.04024060019456,105.69771452927395,105.26741117297301,104.93998259893428,103.79288093924295,103.46115038360111,114.88235639686683,114.42153203121276,113.53340219140141,113.12463354661774,112.70982631240373,112.288534589295,109.64633238741537,109.43534242834284,108.83228605592276,108.56903902660977,107.15574348225854,106.75733602034339,105.69771452927395,103.79288093924295,103.46115038360111,,111.89475675185706,111.57702047232605,111.41708086188967,106.44510597781094,101.68088058359545,100.43787290535747,100.32002820447717,,,114.48632701130025,"rgba(38, 166, 154, 0.5)",0.8992077343657444,113.42384908114383,1.8973935094759828,59.82457244997124,14.637894145347047,False,False,True,False,False,16.683198869237014,114.0273,110.31462500000002,0.0,0.0,0.0,0.0,0,1.1059374447782304,0.846085880897685,False,False,False,False,0.33088421777591004,0.32651561267037765,False,False,False,False,-59823.0,-56650.74763408221,False,False,False,False,1817.2371687232962,False,False,False,False
2025-07-23 15:00:00+00:00,115.13,115.665,114.935,115.515,1596.0,115.37166666666668,,115.00847706718346,115.04289675862185,114.89492920678587,114.8354547450186,114.445035415924,113.99481787193633,113.969830831005,113.98686053929966,113.72844687363259,113.6781123675443,113.55115460328602,113.14348550637024,112.73037013037252,112.31089379027051,111.99162386000857,111.91854496662702,111.91366146538279,111.56269937215245,111.52625986959093,111.41865070011501,111.32178122811254,111.25153892067371,111.13560017779764,110.96244281422783,110.81736993238627,110.40529367394193,109.69744208635474,109.69744208635474,109.45725077368365,109.04387984261787,108.85399954992634,108.59073080165918,107.55289382194906,107.29111687080385,107.177955149618,106.77978939658219,106.6337600437393,106.34539415498834,106.0630651937585,105.72070991014606,105.29064209035722,104.96335048956313,103.81676824082042,103.4851531817174,115.00847706718346,114.445035415924,113.55115460328602,113.14348550637024,112.73037013037252,112.31089379027051,109.66826026945813,109.45725077368365,108.85399954992634,108.59073080165918,107.177955149618,106.77978939658219,105.72070991014606,103.81676824082042,103.4851531817174,115.37166666666668,111.91854496662702,111.60139986393841,111.44138294745565,106.46773242997723,101.70420096161033,100.45672587172182,100.33804946696826,114.69538857039272,115.37166666666668,114.52228780447184,"rgba(38, 166, 154, 1.0)",0.9229030870582867,113.67915918217496,1.9892021638769317,62.96292798846923,14.637894145347047,True,False,True,False,True,18.871012757403655,114.04729999999999,110.350625,0.0,0.0,0.0,0.0,1,1.1044487427466159,0.8458765605767535,False,False,False,False,0.34282824620411223,0.33467192943724494,False,False,False,False,-58227.0,-56675.18565525923,False,False,False,False,1813.8071350996793,False,False,False,False
2025-07-23 16:00:00+00:00,115.515,115.655,115.04,115.285,993.0,115.35440710699113,,115.05245233124565,115.05657291464439,114.90640967963652,114.84750656816479,114.45839876663817,114.0087295317639,113.98273265983592,113.99788843575757,113.73928044989944,113.68889205699075,113.56175904261823,113.15482234807678,112.74277777510405,112.32444019233985,112.00593969967991,111.93299121511438,111.92811638182891,111.57754315314845,111.54111485063545,111.43344369009631,111.33651641915654,111.26621344154452,111.15009663190354,110.97668141340931,110.8314425741257,110.41902685041553,109.71089380182435,109.71089380182435,109.47069720781585,109.05727462477424,108.86734386992079,108.60406822464391,107.566481391516,107.30477395376384,107.19163874425533,106.7936276159497,106.64765960153363,106.35938227175056,106.07714156882004,105.73489564495786,105.30497780402231,104.97777414449203,103.8315230921167,103.49998214053011,115.05245233124565,114.45839876663817,113.56175904261823,113.15482234807678,112.74277777510405,112.32444019233985,109.68171183001132,109.47069720781585,108.86734386992079,108.60406822464391,107.19163874425533,106.7936276159497,105.73489564495786,103.8315230921167,103.49998214053011,115.35440710699113,111.93299121511438,111.61623162663882,111.45618167219011,106.48168151654262,101.71862275484216,100.46839649782834,100.34920668612189,114.70840119486506,115.35440710699113,114.53883636096087,"rgba(38, 166, 154, 0.5)",0.9398621808076493,113.6888569045484,1.6982735639814608,62.184657730640524,14.637894145347047,False,False,True,False,True,16.772222868109314,114.0818,110.38497500000001,0.0,0.0,0.0,0.0,1,1.1005953967830808,0.854883142273171,False,False,False,False,0.3428282461881503,0.3387500878126976,False,False,False,False,-59220.0,-56714.6401412242,False,False,False,False,1801.08144308263,False,False,False,False
2025-07-23 17:00:00+00:00,115.255,115.39,115.02,115.18,3741.0,115.2611832543444,,115.10183049606444,115.0781005682207,114.93283971051181,114.87704942627526,114.4982794969171,114.05370683925904,114.02471551216745,114.03394343814401,113.7755712903734,113.72514213613368,113.59773662745098,113.19400097623357,112.78617668749939,112.37223653072842,112.05671779993642,111.98428974778047,111.97944947985319,111.63052604048448,111.59416476585041,111.48635499664246,111.38929160773647,111.31882142269352,111.20214894650998,111.02792082383972,110.88216914444637,110.46873123668038,109.75983933875213,109.75983933875213,109.51969398437143,109.10619309343531,108.91612465217409,108.65288189317687,107.61639662096786,107.35498393712949,107.24196258106728,106.84457320037733,106.69884921219266,106.4109333615048,106.1290505556147,105.78724515164376,105.35792410918685,105.03107665022324,103.88614719999586,103.55490594011148,115.10183049606444,114.4982794969171,113.59773662745098,113.19400097623357,112.78617668749939,112.37223653072842,109.73066566298183,109.51969398437143,108.91612465217409,108.65288189317687,107.24196258106728,106.84457320037733,105.78724515164376,103.88614719999586,103.55490594011148,115.2611832543444,111.98428974778047,111.66914236957385,111.50909685063681,106.5330741378278,101.77216544158252,100.51181680452268,100.390727782022,114.72846316297003,115.2611832543444,114.57505818594498,"rgba(38, 166, 154, 0.5)",0.9465605732928495,113.71910456982981,1.543372364526133,60.452419722691594,14.637894145347047,False,False,True,False,True,15.826238034540939,114.1116,110.4193,0.0,0.0,0.0,0.0,1,1.0944232644738014,0.860182640304991,False,False,False,False,0.3311490761458723,0.3349495819792849,False,False,False,False,-62961.0,-56811.482929732345,False,False,False,False,1831.1576997790232,False,False,False,False
2025-07-23 18:00:00+00:00,115.185,115.26,114.965,115.185,2049.0,115.23073397780165,,115.10733179190753,115.08264712939807,114.94252235334123,114.88854793967825,114.5166247791086,114.07570835316359,114.04538678703197,114.05181454589555,113.79388523703831,113.74348780957098,113.61606435763456,113.21420503072508,112.80872686409924,112.39720519975135,112.08333212438652,112.01119688739288,112.00637606086963,111.658415965609,111.62210034907031,111.51425094142814,111.4171442891102,111.34660635702029,111.22967536317984,111.0550650865761,110.90907681203706,110.49517923079617,109.78598733713561,109.78598733713561,109.54589658302187,109.13239675272258,108.94227301883637,108.6790703535419,107.64324588334854,107.3820064621533,107.26905253062843,106.8720172913689,106.72643138950359,106.43872344410596,106.15704569183403,105.8154916795192,105.3865086431342,105.05986526336281,103.91568611169839,103.58461651893401,115.10733179190753,114.5166247791086,113.61606435763456,113.21420503072508,112.80872686409924,112.39720519975135,109.75682150874319,109.54589658302187,108.94227301883637,108.6790703535419,107.26905253062843,106.8720172913689,105.8154916795192,103.91568611169839,103.58461651893401,115.23073397780165,112.01119688739288,111.69698311128522,111.53698824989175,106.56077337041494,101.80118136313212,100.53539367272347,100.41327944790221,114.73618788892887,115.23073397780165,114.5888229599406,"rgba(38, 166, 154, 0.5)",0.9505145595525998,113.73539084856745,1.5250783240131267,59.3435623749588,14.444610776319848,False,False,True,False,False,15.855861731788433,114.13799999999999,110.45369999999998,0.0,0.0,0.0,0.0,1,1.093888790193641,0.8648072481790721,False,False,False,False,0.32361443317796984,0.32928200757862736,False,False,False,False,-60912.0,-56875.05683779851,False,False,False,False,1834.5350997824492,False,False,False,False
2025-07-23 19:00:00+00:00,115.185,115.21,114.72,114.74,9719.0,115.04775279036357,,115.01425663170882,115.03080049658939,114.93286397235048,114.88880003096236,114.56141358413252,114.1472805938654,114.11382820989557,114.11164755798096,113.85964495075135,113.81006456752509,113.68418075055382,113.29298729452357,112.89931547645703,112.49961403523601,112.19384097661099,112.12321405264733,112.11849327919346,111.77591338515904,111.73992814002487,111.63233654861307,111.53541001949328,111.46484275541943,111.34724073982274,111.1715865872594,111.02502244058462,110.61019864084065,109.90106727818822,109.90106727818822,109.66158548220288,109.2486678628,109.05854442732517,108.79582546120615,107.76392412918277,107.50367008186474,107.39110573727721,106.99594388006633,106.85107669588719,106.56449376721653,106.28391540283624,105.94369627502996,105.51647491838801,105.19092491638935,104.05067676719095,103.72052572651594,115.01425663170882,114.56141358413252,113.68418075055382,113.29298729452357,112.89931547645703,112.49961403523601,109.87198225284605,109.66158548220288,109.05854442732517,108.79582546120615,107.39110573727721,106.99594388006633,105.94369627502996,104.05067676719095,103.72052572651594,115.04775279036357,112.12321405264733,111.8141243172441,111.65496937749727,106.68605581641532,101.93459925933853,100.64432613506102,100.51753926375025,114.71712453873351,115.04775279036357,114.60011138468569,"rgba(38, 166, 154, 0.5)",0.9286422230180444,113.78947226182845,1.0235672195502517,53.97697959996762,9.306697680567098,False,True,True,False,False,11.904765536255603,114.15929999999999,110.48542499999999,0.0,0.0,0.0,0.0,1,1.0870219546742217,0.8665899433427758,False,False,False,False,0.3116724063163834,0.32047720694750537,False,False,False,False,-70631.0,-57088.32727442179,False,False,False,False,1956.7748656772949,False,False,False,False
2025-07-24 14:00:00+00:00,114.76,114.9,114.64,114.665,1433.0,115.02480594951615,,114.99767045219049,115.01951082228021,114.92764081544934,114.88496139220298,114.564430409683,114.15479971668692,114.12116218457854,114.11814005746793,113.86732012106825,113.81791651609672,113.69240026892139,113.30291391248093,112.9110209498636,112.51307280396956,112.20850822146046,112.13811281885921,112.13340739768415,111.79169215608201,111.75576642618589,111.64825687290448,111.55139514114047,111.48085283858158,111.36320854219566,111.18747928487025,111.04088617616897,110.6260543245974,109.91708392968769,109.91708392968769,109.67772749913044,109.26495503128892,109.07485892748392,108.81224148273601,107.78099850556896,107.52090634943607,107.40840656678994,107.0135402627859,106.86878537963209,106.58238241621238,106.30197901300303,105.96197116012287,105.53502555072016,105.20964962685188,104.07001919634338,103.74001442579177,114.99767045219049,114.564430409683,113.69240026892139,113.30291391248093,112.9110209498636,112.51307280396956,109.88801523685075,109.67772749913044,109.07485892748392,108.81224148273601,107.40840656678994,107.0135402627859,105.96197116012287,104.07001919634338,103.74001442579177,115.02480594951615,112.13811281885921,111.82983891617104,111.67086618091618,106.70386676230378,101.9538084730942,100.66007454625283,100.5326203453054,114.71187271782345,115.02480594951615,114.59853948131743,#000000,0.9079193618163782,113.79572935829536,0.9574315498301385,49.76434546204053,5.448486827921329,False,True,False,False,False,11.25963522802859,114.17479999999999,110.51657500000002,0.0,0.0,0.0,0.0,1,1.0845532783249054,0.8745452932304139,False,False,False,False,0.29601519754453287,0.3082462022460191,False,False,False,False,-72064.0,-57320.50824691138,False,False,False,False,1948.6543251241585,False,False,False,False
2025-07-24 15:00:00+00:00,114.68,114.715,114.29,114.455,2515.0,114.96341520759624,,114.94943178690289,114.98605925962906,114.9081152875587,114.8682467044886,114.5621286783023,114.16208773201309,114.1285822025986,114.12475569656695,113.87670647809468,113.82773397035535,113.70315636958222,113.31704480190616,112.9284594030446,112.53370936649422,112.23135448399971,112.1613925882425,112.1567158951577,111.81667929320854,111.78087872638628,111.67359010438102,111.57690865575692,111.5064600990016,111.3888346278771,111.21310311141856,111.06655267086043,110.65192512312208,109.9435032283229,109.9435032283229,109.70443173513216,109.29202023407893,109.10201991437715,108.83963537967588,107.80970075927769,107.54992467785735,107.43755175742774,107.04324323626686,106.89869846377557,106.61263882103273,106.33256763296507,105.99295894140494,105.56652918254905,105.24148343434454,104.10301100110146,103.77328325580653,114.94943178690289,114.5621286783023,113.70315636958222,113.31704480190616,112.9284594030446,112.53370936649422,109.91447129179133,109.70443173513216,109.10201991437715,108.83963537967588,107.43755175742774,107.04324323626686,105.99295894140494,104.10301100110146,103.77328325580653,114.96341520759624,112.1613925882425,111.85469106162769,111.69614356863845,106.73397548641088,101.98673042830387,100.68714284009191,100.55854987560214,114.69100835738618,114.96341520759624,114.58617591850754,"rgba(239, 83, 80, 1.0)",0.883707500216794,113.80143689780402,0.7395694865502898,45.276986953391486,1.4093294180820024,False,True,False,True,False,9.468087146309482,114.18910000000001,110.547425,0.0,0.0,0.0,0.0,0,1.0789941354185189,0.8793317931402163,False,False,False,False,0.274762256668787,0.29150422945740306,False,False,False,False,-74579.0,-57588.08176246314,False,False,False,False,1957.4348782230088,False,False,False,False
2025-07-24 16:00:00+00:00,114.455,114.57,114.23,114.27,1349.0,114.92842893780723,,114.92086402772321,114.96555574337921,114.89532221820956,114.85698474735774,114.55891766491348,114.16435305049251,114.13103905160389,114.12696744857945,113.88057661577943,113.83186637670588,113.70786909184864,113.32365913321259,112.93688778210863,112.54387655918599,112.24272546935457,112.17300274040265,112.16834189299827,111.82924864485469,111.79352107884687,111.68637356356341,111.58980845264547,111.51942506314002,111.40183790636542,111.22614461697117,111.07964545973908,110.66519378970266,109.95714667176965,109.95714667176965,109.71824749662824,109.30606180679727,109.11612751371091,108.85388450559158,107.82469733271076,107.56510034425942,107.45279954270246,107.05880172398842,106.91437347021132,106.62850618795339,106.34862071002549,106.00923459584374,105.58309102108028,105.25822981569476,104.12040076261498,103.79082780751644,114.92086402772321,114.55891766491348,113.70786909184864,113.32365913321259,112.93688778210863,112.54387655918599,109.92813687348739,109.71824749662824,109.11612751371091,108.85388450559158,107.45279954270246,107.05880172398842,106.00923459584374,104.12040076261498,103.79082780751644,114.92842893780723,112.17300274040265,111.86718168058141,111.70889283388388,106.74976026592947,102.0041350836333,100.70148178762236,100.57228889120157,114.67768318018585,114.92842893780723,114.57750049403238,"rgba(239, 83, 80, 1.0)",0.8526572825202913,113.80324901798618,0.5474074890138678,40.981641693156874,-2.4149263114785526,False,True,False,True,False,7.919961165731337,114.2044,110.57862499999999,0.0,0.0,0.0,0.0,0,1.0775716694772353,0.8781397000088751,False,False,False,False,0.2666833058905703,0.2790937676739867,False,False,False,False,-75928.0,-57872.42158009936,False,False,False,False,1948.0017793358304,False,False,False,False
2025-07-24 17:00:00+00:00,114.275,114.325,114.13,114.13,1548.0,114.88291123762178,,114.88282490944177,114.93778861523658,114.877162196872,114.84067404672092,114.55250625953157,114.16475708283654,114.13181999831733,114.12770393344336,113.8834592863714,113.83509302681556,113.71186711237648,113.3299744982364,112.94535031003,112.55437663554086,112.2546383572803,112.18519996492863,112.18055795027544,111.84260691492398,111.80697089693442,111.7000144428637,111.60360809990803,111.53331851223199,111.41581093803859,111.24021127486239,111.09380695227104,110.67964146584805,109.97212767649926,109.97212767649926,109.73345149502056,109.32156641085423,109.13172662922031,108.8696674677729,107.84139789061766,107.5820189576585,107.46980624197147,107.07618027904903,106.93189083519202,106.64625509907201,106.36659262826817,106.02747309901116,105.60167049231733,105.27703079833492,104.13996925225445,103.81058198332566,114.88282490944177,114.55250625953157,113.71186711237648,113.3299744982364,112.94535031003,112.55437663554086,109.94314642700246,109.73345149502056,109.13172662922031,108.8696674677729,107.46980624197147,107.07618027904903,106.02747309901116,104.13996925225445,103.81058198332566,114.88291123762178,112.18519996492863,111.88044121002041,111.72248896574784,106.76740995774881,102.02378636429431,100.71770458126895,100.58783645727881,114.6588055433223,114.88291123762178,114.5644046303,"rgba(239, 83, 80, 1.0)",0.8271528721266108,113.80349298363416,0.3947360002829804,37.2109126036421,-5.771222472225034,False,True,False,True,False,6.762784823182191,114.2127,110.609725,0.0,0.0,0.0,0.0,0,1.0813725490196087,0.8795008912655966,False,False,False,False,0.2531628410281867,0.2661283043510867,False,False,False,False,-77476.0,-58176.35302846991,False,False,False,False,1941.8002013616315,False,False,False,False
2025-07-24 18:00:00+00:00,114.13,114.2,113.935,114.095,1980.0,114.82361753890724,,114.83218265173387,114.89984697434984,114.85146410601469,114.8173318983032,114.54201984506824,114.16329628699052,114.13097190726185,114.12700689539417,113.88569870316384,113.83780772250446,113.71565687966854,113.33683314777014,112.95500056005753,112.56665912119344,112.2687490726797,112.19968219257535,112.19506478100422,111.85862626193119,111.82311446347933,111.71643001994194,111.62025082534046,111.55009951981229,111.43272858733113,111.25729757576678,111.1110498723679,110.6973332816037,109.99060309871692,109.99060309871692,109.75223678155402,109.34077705547328,109.15107681524043,108.88927396028069,107.86223639118492,107.60314861278849,107.49105378920157,107.09791822645732,106.95381123085389,106.66848221192197,106.38911465333373,106.05034701829922,105.62499276585984,105.30064600927895,104.16459493033969,103.83545320027474,114.83218265173387,114.54201984506824,113.71565687966854,113.33683314777014,112.95500056005753,112.56665912119344,109.96166142581373,109.75223678155402,109.15107681524043,108.88927396028069,107.49105378920157,107.09791822645732,106.05034701829922,104.16459493033969,103.83545320027474,114.82361753890724,112.19968219257535,111.89632658615344,111.73884212514349,106.78950582385086,102.04858609140423,100.7382162058207,100.60749873680759,114.63259140107868,114.82361753890724,114.54551507063954,"rgba(239, 83, 80, 1.0)",0.8120956263271706,113.80235402263729,0.3603590117659509,34.468784936444294,-8.254614895256665,False,True,False,True,False,6.472738939832514,114.22130000000001,110.63987499999999,0.0,0.0,0.0,0.0,0,1.0777252874587762,0.8792227471254117,False,False,False,False,0.2396993731852338,0.25291383876816026,False,False,False,False,-79456.0,-58506.27003578046,False,False,False,False,1942.3924463017613,False,False,False,False
2025-07-24 19:00:00+00:00,114.09,114.35,114.09,114.12,2841.0,114.76282001747076,,114.778809225844,114.85744036780454,114.8221902673156,114.79084597228795,114.53112772017653,114.16383943739554,114.13217420817344,114.12815353894791,113.89062220609942,113.84334352681401,113.7225746852501,113.34788793702103,112.96989315202586,112.58519926120476,112.2898271284483,112.22127414980812,112.21669078414281,111.88233460108299,111.84699220889127,111.74067111447312,111.644795071528,111.57482614910275,111.45762489353326,111.28239994047905,111.13635036087736,110.72321474602481,110.01752974025844,110.01752974025844,109.77958716419579,109.36870581011716,109.1791925135442,108.91774088295384,107.89241930317907,107.63373852700857,107.52180842802237,107.1293620409693,106.98551186659799,106.70061357362596,106.42166058681909,106.08338815822384,105.6586659855526,105.33473164425361,104.2001063557789,103.87131090179344,114.778809225844,114.53112772017653,113.7225746852501,113.34788793702103,112.96989315202586,112.58519926120476,109.98864221368568,109.77958716419579,109.1791925135442,108.91774088295384,107.52180842802237,107.1293620409693,106.08338815822384,104.2001063557789,103.87131090179344,114.76282001747076,112.22127414980812,111.91985228772344,111.7629990435796,106.82145276063362,102.08431599418944,100.76777930036589,100.63584079504028,114.60490590205855,114.76282001747076,114.5255725922432,"rgba(239, 83, 80, 1.0)",0.7985707220976723,113.80391757345299,0.39581018662534045,33.071828529448844,-9.637349112018178,False,True,False,True,False,6.649464286508103,114.23020000000001,110.6697,0.0,0.0,0.0,0.0,0,1.079525169582293,0.8787932881113885,False,False,False,False,0.2516881619722504,0.2523010003702053,False,False,False,False,-76615.0,-58787.02553910169,False,False,False,False,1956.3243463590982,False,False,False,False
2025-07-25 14:00:00+00:00,113.545,114.06,113.375,113.92,1582.0,114.7134704587507,113.785,114.73506635690835,114.82306908963217,114.79736674230966,114.76786101882617,114.51860638173737,114.15899927046404,114.12805046038025,114.12451985399277,113.88966873800517,113.8428325065424,113.72308108907303,113.35103141303343,112.97534461110499,112.5927969490521,112.29892160217562,112.23067946529386,112.22611667895049,111.89306343282692,111.8578335396039,111.75178159754664,111.6561322919631,111.58630836349064,111.46928229109606,111.2942849580829,111.14842770975524,110.73580882117147,110.03094428964559,110.03094428964559,109.79329658556995,109.38283377921937,109.19346801538109,108.93226201387245,107.9080373924679,107.64961293143107,107.53778714278498,107.14576111029778,107.00206617389058,106.71743339231338,106.43873478432505,106.10076468289563,105.67642446486389,105.35274286534218,104.21898092664415,103.8903973354655,114.73506635690835,114.51860638173737,113.72308108907303,113.35103141303343,112.97534461110499,112.5927969490521,110.00209425342457,109.79329658556995,109.19346801538109,108.93226201387245,107.53778714278498,107.14576111029778,106.10076468289563,104.21898092664415,103.8903973354655,114.7134704587507,112.23067946529386,111.93045981370899,111.7740499468552,106.8381593094956,102.10346371234692,100.78369405211231,100.6511054501888,114.53742991482855,114.7134704587507,114.46425241503225,"rgba(239, 83, 80, 1.0)",0.7827161647672687,113.80027092402088,0.15296614707672862,30.719173300325988,-12.037269510820352,False,True,False,True,False,4.965996793607584,114.23370000000001,110.69789999999999,0.0,0.0,0.0,0.0,0,1.0649580203270004,0.8826336721166589,False,False,False,False,0.2116482434556876,0.23197462191294646,False,False,False,False,-78197.0,-59087.95537570477,False,False,False,False,1950.5208681209726,False,False,False,False
2025-07-25 15:00:00+00:00,113.91,114.14,113.795,113.805,1977.0,114.66599960987907,113.85628828322564,114.69222329175348,114.78803563312427,114.77169384177724,114.74413580593671,114.50617339941401,114.15513852676206,114.12490986258666,114.12176171696085,113.88993272243728,113.84359583595759,113.72499043959262,113.35603984201357,112.98311926932445,112.60316505891555,112.31110061117148,112.24323269811316,112.23869469635547,111.90720019514079,111.87210338264671,111.7663633039314,111.67097646989681,111.60131868472479,111.48448551591044,111.30973687063864,111.16409377289794,110.75205884305699,110.04814305710235,110.04814305710235,109.81084425577328,109.4008737262453,109.21167912790222,108.95076418676578,107.92786274205301,107.6697486646233,107.55804909643801,107.16653545825643,107.02303013356043,106.73872055232349,106.4603319556148,106.12273076157288,105.69885766043764,105.37548448062951,104.24277897532617,103.91445430933871,114.69222329175348,114.50617339941401,113.72499043959262,113.35603984201357,112.98311926932445,112.60316505891555,110.0193374067137,109.81084425577328,109.21167912790222,108.95076418676578,107.55804909643801,107.16653545825643,106.12273076157288,104.24277897532617,103.91445430933871,114.66599960987907,112.24323269811316,111.94445312053797,111.78856199832093,106.8593084827308,102.12756630814384,100.80372361875342,100.67031760593595,114.52246104898406,114.66599960987907,114.4548248305725,"rgba(239, 83, 80, 1.0)",0.7663097484855631,113.79802098624702,0.009107301279638668,28.426740549704256,-14.42045098252882,False,True,False,True,False,4.010176610819961,114.23819999999999,110.72682499999999,0.0,0.0,0.0,0.0,0,1.0725265017667853,0.8833922261484095,False,False,False,False,0.20419270411521817,0.21808366301408233,False,False,False,False,-80174.0,-59414.87079623648,False,False,False,False,1950.9313972973916,False,False,False,False
2025-07-25 16:00:00+00:00,113.94,114.21,113.78,114.205,1589.0,114.63864545142071,113.92070998445999,114.66699655765922,114.7663283075431,114.7555749815788,114.729311546422,114.4990080237134,114.15401417443161,114.12421374058825,114.12117207640091,113.89148841912966,113.84550594333207,113.72771110506828,113.3610791742899,112.99027899945023,112.61233217569752,112.32167107901513,112.25409131659592,112.24957240689093,111.91926813787597,111.88427142188662,111.7787593131831,111.68356404410599,111.61402574006746,111.49732309254482,111.3227404975189,111.17724472435398,110.7656205555455,110.0623944820298,110.0623944820298,109.8253575111661,109.41575324859579,109.22668351887957,108.96598729366018,107.94410396285848,107.68622988108676,107.57462780706706,107.1835137494037,107.04015666851356,106.7560986381407,106.47795167869128,106.14063847750724,105.7171310759951,105.393998643046,104.26212062141076,103.93399840820351,114.66699655765922,114.4990080237134,113.72771110506828,113.3610791742899,112.99027899945023,112.61233217569752,110.03362217027501,109.8253575111661,109.22668351887957,108.96598729366018,107.57462780706706,107.1835137494037,106.14063847750724,104.26212062141076,103.93399840820351,114.63864545142071,112.25409131659592,111.95641319973163,111.80090645799416,106.87657906565627,102.14711578338759,100.81996373516604,100.68589532588747,114.51632362840361,114.63864545142071,114.45201966454954,"rgba(239, 83, 80, 0.75)",0.7487331643147062,113.798191503303,0.5433290738087397,33.14996328554063,-14.42045098252882,False,True,False,True,True,6.899251516180641,114.26429999999999,110.758075,0.0,0.0,0.0,0.0,0,1.0688747731397468,0.8899274047186934,False,False,False,False,0.20265285693440804,0.2103682599742452,False,False,False,False,-78585.0,-59712.082101721186,False,False,False,False,1945.3200578044089,False,False,False,False
2025-07-25 17:00:00+00:00,114.205,114.33,114.11,114.11,1211.0,114.62338140981277,113.97072364627564,114.65261221215322,114.75328743211793,114.7457976964789,114.72037753185512,114.4951483822332,114.15429026697772,114.12473267180809,114.12166033191502,113.89345160328693,113.84771263158845,113.7304727559691,113.36550945452926,112.9962660489504,112.61980458311892,112.33018286045088,112.26281540950954,112.2583105717146,111.92887726885613,111.8939528775481,111.78860143421264,111.69354097593444,111.62408562378681,111.50746830619835,111.3329927294968,111.18759489766032,110.77624983520892,110.07350708075683,110.07350708075683,109.83665882196748,109.42731656245368,109.23833458853615,108.9777961637688,107.95666220950172,107.69896548477516,107.58743539641263,107.19661868203166,107.0533721428226,106.76950100381856,106.49153378174135,106.15443506858367,105.73120065275612,105.4082475032318,104.27698742022402,103.94901617575174,114.65261221215322,114.4951483822332,113.7304727559691,113.36550945452926,112.9962660489504,112.61980458311892,110.04475881644659,109.83665882196748,109.23833458853615,108.9777961637688,107.58743539641263,107.19661868203166,106.15443506858367,104.27698742022402,103.94901617575174,114.62338140981277,112.26281540950954,111.96594441538487,111.81071185004424,106.88990149743769,102.16211928772469,100.83242421874168,100.69784781356566,114.51445232223807,114.62338140981277,114.45212122998748,"rgba(239, 83, 80, 0.75)",0.7400634377438489,113.79942283975868,0.41966288888442543,35.4222149128577,-14.42045098252882,False,True,False,True,True,6.099384473766385,114.2825,110.78779999999999,0.0,0.0,0.0,0.0,0,1.0684296619411133,0.8890403489640131,False,False,False,False,0.22004661598435513,0.21520743797930014,False,False,False,False,-79796.0,-60023.46067378752,False,False,False,False,1933.935250706666,False,False,False,False
2025-07-25 18:00:00+00:00,114.11,114.25,113.94,114.23,1554.0,114.60344418787767,114.00396710055186,114.6337680473746,114.7361745852187,114.73280036632568,114.70844139172328,114.48966229290923,114.15411964544568,114.12490272461856,114.12184333996873,113.89556161655102,113.85014224913394,113.73363349507731,113.37082754491546,113.00358412284058,112.62902706043863,112.34073937419373,112.2736455618504,112.26915886041742,111.94085448873237,111.90602476616706,111.80088737886054,111.706006866114,111.63666337456498,111.52016627143506,111.3458432292725,111.20058205364089,110.78962099508185,110.08753024805742,110.08753024805742,109.85093177471958,109.44193866651227,109.2530753553185,108.99274616267208,107.97259191012925,107.71512659529066,107.60369052731171,107.21325984652314,107.07015662809137,106.78652860988296,106.50879505608421,106.1719749947232,105.74909467965016,105.42637466774785,104.29591673325481,103.96814185460089,114.6337680473746,114.48966229290923,113.73363349507731,113.37082754491546,113.00358412284058,112.62902706043863,110.05881378360438,109.85093177471958,109.2530753553185,108.99274616267208,107.60369052731171,107.21325984652314,106.1719749947232,104.29591673325481,103.96814185460089,114.60344418787767,112.2736455618504,111.97781965661149,111.82294921205887,106.90682517866273,102.18124842548507,100.84832818325155,100.71310552546647,114.50779720217834,114.60344418787767,114.44797951927096,"rgba(239, 83, 80, 0.75)",0.7352789505544672,113.80059257698102,0.5840061417441287,38.551006710033036,-18.780360163659097,False,True,False,True,True,6.955948049004,114.3108,110.8185,0.0,0.0,0.0,0.0,0,1.0617193910110319,0.8973470690126719,False,False,False,False,0.20541944785969501,0.21031344291949758,False,False,False,False,-78242.0,-60305.91864783733,False,False,False,False,1928.044781703462,False,False,False,False
2025-07-25 19:00:00+00:00,114.19,114.48,114.155,114.45,2093.0,114.59072001508676,114.07878872676395,114.62093145652076,114.72260973147588,114.72237710894032,114.69909480945394,114.48705359664245,114.15740437716296,114.128402077993,114.12502380303673,113.90087300074953,113.85580564989088,113.74009472899462,113.37990706647926,113.01518763828447,112.64306943325792,112.35649211829137,112.28974530939736,112.28528162066245,111.95838786458943,111.92367323778254,111.81878219125329,111.7241079963569,111.65488881184127,111.53850689914994,111.36432446570745,111.21919979664268,110.80864323412942,110.10728994377793,110.10728994377793,109.8709920942682,109.46241205963543,109.27368356603375,109.01360646090679,107.99468398590231,107.73751196410929,107.62619482160797,107.23626051905808,107.09334236537774,106.81002581693097,106.53259232580918,106.19613099407124,105.77370868107137,105.45128863005996,104.32186859137019,103.9943469323918,114.62093145652076,114.48705359664245,113.74009472899462,113.37990706647926,113.01518763828447,112.64306943325792,110.07861182374236,109.8709920942682,109.27368356603375,109.01360646090679,107.62619482160797,107.23626051905808,106.19613099407124,104.32186859137019,103.9943469323918,114.59072001508676,112.28974530939736,111.99522910698516,111.84078675215822,106.93018902378765,102.20739186212498,100.87004463312223,100.73393902663739,114.50987247775589,114.59072001508676,114.45208273561916,"rgba(239, 83, 80, 0.75)",0.7291370006789515,113.80542885920471,0.8840192449362556,43.260709506418735,-14.26913225292445,False,True,False,True,True,8.502474472440152,114.34880000000001,110.85092499999999,0.0,0.0,0.0,0.0,0,1.0614234940308036,0.8941037091041645,False,False,False,False,0.2291418267265003,0.21972763482299895,False,False,False,False,-76149.0,-60551.547816087914,False,False,False,False,1930.6022269483694,False,False,False,False
