date,Close,High,Low,Open,Volume,aVWAP_peak_887,aVWAP_valley_911,aVWAP_valley_850,aVWAP_valley_819,aVWAP_valley_800,aVWAP_valley_759,aVWAP_valley_746,aVWAP_valley_711,aVWAP_valley_694,aVWAP_valley_672,aVWAP_valley_649,aVWAP_valley_615,aVWAP_valley_573,aVWAP_valley_551,aVWAP_valley_524,aVWAP_valley_502,aVWAP_valley_459,aVWAP_valley_442,aVWAP_valley_410,aVWAP_valley_369,aVWAP_valley_353,aVWAP_valley_341,aVWAP_valley_301,aVWAP_OB_bull_819,aVWAP_OB_bull_615,aVWAP_OB_bull_573,aVWAP_OB_bull_459,Peaks_avg,Valleys_avg,color,StDev,StDev_Mean,StdDev_ZScore,QQEMOD,QQE1_Value,QQE1_Above_Upper,QQE1_Below_Lower,QQE2_Above_Threshold,QQE2_Below_Threshold,QQE2_Above_TL,banker_RSI,OB,OB_High,OB_Low,OB_Mitigated_Index,TTM_squeeze_Active,VI_plus,VI_minus,VI_Regular_Bullish,VI_Regular_Bearish,VI_Hidden_Bullish,VI_Hidden_Bearish,Fisher,Fisher_Signal,Fisher_Regular_Bullish,Fisher_Regular_Bearish,Fisher_Hidden_Bullish,Fisher_Hidden_Bearish,OBV,OBV_Smoothed,OBV_Regular_Bullish,OBV_Regular_Bearish,OBV_Hidden_Bullish,OBV_Hidden_Bearish,Volume_MA,Vol_Regular_Bullish,Vol_Regular_Bearish,Vol_Hidden_Bullish,Vol_Hidden_Bearish
2022-01-03 00:00:00+00:00,47.0382154554,47.8542245309,46.7832126193,47.3756038231,1074375,,,,,,,,,,,,,,,,,,,,,,,,,,,,,,#000000,,,,,,False,False,False,False,False,,0.0,0.0,0.0,0.0,0,,,False,False,False,False,,,False,False,False,False,0,0.0,False,False,False,False,1074375.0,False,False,False,False
2022-01-04 00:00:00+00:00,47.4854511987,47.9091482186,47.0460616965,47.0774466609,2089563,,,,,,,,,,,,,,,,,,,,,,,,,,,,,,#000000,,,,100.0,,False,False,True,False,False,,0.0,0.0,0.0,0.0,0,,,False,False,False,False,,,False,False,False,False,2089563,81943.64705882352,False,False,False,False,1114186.2941176472,False,False,False,False
2022-01-05 00:00:00+00:00,45.3355811345,47.7600696375,45.3198886523,47.650222262,2425145,,,,,,,,,,,,,,,,,,,,,,,,,,,,,,#000000,,,,71.96800595255559,-62.127976189777655,False,False,True,False,True,,0.0,0.0,0.0,0.0,0,,,False,False,False,False,,,False,False,False,False,-335582,65570.092272203,False,False,False,False,1165596.439446367,False,False,False,False
2022-01-06 00:00:00+00:00,45.155117589,45.4061973045,44.6215731935,45.3120424112,3896073,,,,,,,,,,,,,,,,,,,,,,,,,,,,,,#000000,,,,52.898019209953596,-62.127976189777655,False,False,False,False,True,,0.0,0.0,0.0,0.0,0,,,False,False,False,False,,,False,False,False,False,-4231655,-102948.53879729516,False,False,False,False,1272673.9516249408,False,False,False,False
2022-01-07 00:00:00+00:00,45.013885249,45.4846597156,44.6294194346,45.1943487945,1222666,,,,,,,,,,,,,,,,,,,,,,,,,,,,,,#000000,,,,39.89736852988902,-62.127976189777655,False,False,False,True,True,,0.0,0.0,0.0,0.0,0,,,False,False,False,False,,,False,False,False,False,-5454321,-312806.28237387177,False,False,False,False,1270712.8554827864,False,False,False,False
2022-01-10 00:00:00+00:00,44.4724946124,44.8961916323,43.9193346141,44.660804399,1325356,,,,,,,,,,,,,,,,,,,,,,,,,,,,,,#000000,,,,30.314911352523556,-62.127976189777655,False,False,False,True,True,,0.0,0.0,0.0,0.0,0,,,False,False,False,False,,,False,False,False,False,-6779677,-566409.0556141122,False,False,False,False,1272855.7238952264,False,False,False,False
2022-01-11 00:00:00+00:00,46.0260503522,46.0495890755,44.3626472368,44.5274183001,1222821,,,,,,,,,,,,,,,,,,,,,,,,,,,,,,#000000,,,,35.30389170627055,-62.127976189777655,False,False,False,True,True,,0.0,0.0,0.0,0.0,0,,,False,False,False,False,,,False,False,False,False,-5556856,-762112.8573547353,False,False,False,False,1270893.5778601195,False,False,False,False
2022-01-12 00:00:00+00:00,46.2614375855,47.006830491,46.0417428344,46.3320537555,2521354,,,,,,,,,,,,,,,,,,,,,,,,,,,,,,#000000,,,,39.72739092516322,-62.127976189777655,False,False,False,True,True,,0.0,0.0,0.0,0.0,0,,,False,False,False,False,,,False,False,False,False,-3035502,-851265.3727525888,False,False,False,False,1319931.2414734482,False,False,False,False
2022-01-13 00:00:00+00:00,45.7514319133,46.7479045343,45.5945070911,46.3398999966,1821498,,,,,,,,,,,,,,,,,,,,,,,,,,,,,,#000000,,,,40.64558838245202,-62.127976189777655,False,False,False,True,True,,0.0,0.0,0.0,0.0,0,,,False,False,False,False,,,False,False,False,False,-4857000,-1008353.0051936638,False,False,False,False,1339600.5261215484,False,False,False,False
2022-01-14 00:00:00+00:00,44.7941904979,45.44542851,44.3391085135,45.1708100712,1929590,,,,,,,,,,,,,,,,,,,,,,,,,,,,,,#000000,,,,38.345026939920324,-62.127976189777655,False,False,False,True,True,,0.0,0.0,0.0,0.0,0,,,False,False,False,False,,,False,False,False,False,-6786590,-1234950.5344017553,False,False,False,False,1362737.3682344288,False,False,False,False
2022-01-18 00:00:00+00:00,43.593715608,44.5352645413,43.3622514953,44.4332634068,2730613,,,,,,,,,,,,,,,,,,,,,,,,,,,,,,#000000,,,,34.3251586936101,-62.127976189777655,False,False,False,True,True,,0.0,0.0,0.0,0.0,0,,,False,False,False,False,,,False,False,False,False,-9517203,-1559744.7487389413,False,False,False,False,1416379.5498722943,False,False,False,False
2022-01-19 00:00:00+00:00,43.1464798648,43.946796458,42.8640151848,43.946796458,2063141,,,,,,,,,,,,,,,,,,,,,,,,,,,,,,#000000,,,,30.917521211760327,-62.127976189777655,False,False,False,True,True,,0.0,0.0,0.0,0.0,0,,,False,False,False,False,,,False,False,False,False,-11580344,-1952709.4252589827,False,False,False,False,1441742.7439949494,False,False,False,False
2022-01-20 00:00:00+00:00,43.0523249714,44.2841848257,42.9110926315,43.4760219914,1674056,,,,,,,,,,,,,,,,,,,,,,,,,,,,,,#000000,,,,28.494150338333274,-62.127976189777655,False,False,False,True,True,,0.0,0.0,0.0,0.0,0,,,False,False,False,False,,,False,False,False,False,-13254400,-2395912.977209611,False,False,False,False,1450853.0677598533,False,False,False,False
2022-01-21 00:00:00+00:00,41.8910812871,42.7933990148,41.8204651171,42.7933990148,2346665,,,,,,,,,,,,,,,,,,,,,,,,,,,,,,#000000,,,,25.27185726480786,-62.127976189777655,False,False,False,True,False,,0.0,0.0,0.0,0.0,0,,,False,False,False,False,,,False,False,False,False,-15601065,-2913762.076142567,False,False,False,False,1485982.9474555454,False,False,False,False
2022-01-24 00:00:00+00:00,42.0715448327,42.1421610027,39.9138285274,40.8239924962,2975959,,,,,,,,,,,,,,,,,,,,,,,,,,,,,,#000000,,41.375844787599995,,24.03472498106482,-62.127976189777655,False,False,False,True,False,,0.0,0.0,0.0,0.0,0,,,False,False,False,False,,,False,False,False,False,-12625106,-3294599.0927644274,False,False,False,False,1544413.3808886614,False,False,False,False
2022-01-25 00:00:00+00:00,42.2520083782,42.773783412,41.0593797295,41.2633819983,2690648,,,,,,,,,,,,,,,,,,,,,,,,,,,,,,#000000,,41.68568996190734,,24.14380737117478,-61.12930959662973,False,False,False,True,False,,0.0,0.0,0.0,0.0,0,,,False,False,False,False,,,False,False,False,False,-9934458,-3554985.716577587,False,False,False,False,1589363.758108714,False,False,False,False
2022-01-26 00:00:00+00:00,41.3732293739,43.2092497936,41.169227105,42.667859157,3758842,,,,,,,,,,,,,,,,,,,,,,,,,,,,,,#000000,,41.778029627471255,,22.91244287150939,-58.82175446212875,False,False,False,True,False,,0.0,0.0,0.0,0.0,0,,,False,False,False,False,,,False,False,False,False,-13693300,-3952566.6688686623,False,False,False,False,1674441.3362220977,False,False,False,False
2022-01-27 00:00:00+00:00,41.0201485239,41.9303124927,40.9103011484,41.7890801527,3517619,,,,,,,,,,,,,,,,,,,,,,,,,,,,,,#000000,,41.64455787115139,,21.639792621145396,-56.86137033925093,False,False,False,True,False,,0.0,0.0,0.0,0.0,0,,,False,False,False,False,,,False,False,False,False,-17210919,-4472502.054403225,False,False,False,False,1746722.813232996,False,False,False,False
2022-01-28 00:00:00+00:00,41.7263102238,41.7576951883,40.6827601562,40.9377629922,2340034,,,,,,,,,,,,,,,,,,,,,,,,,,,,,,#000000,,41.60541680104371,,24.222948501093864,-51.456615718980345,False,False,False,True,False,,0.0,0.0,0.0,0.0,0,,,False,False,False,False,,,False,False,False,False,-14870885,-4880281.777759962,False,False,False,False,1769989.918596408,False,False,False,False
2022-01-31 00:00:00+00:00,43.232788517,43.3347896514,41.451691785,41.5066154727,2710633,,,,,,,,,,,,,,,,,,,,,,,,,,,,,,#000000,,41.76625445727247,,31.357129521403113,-42.24418498569334,False,False,False,True,False,,0.0,0.0,0.0,0.0,0,,,False,False,False,False,,,False,False,False,False,-12160252,-5165770.806083101,False,False,False,False,1806877.8825730195,False,False,False,False
2022-02-01 00:00:00+00:00,43.593715608,43.6564855369,42.7070903626,43.3112509281,1963461,,,,,,,,,,,,,,,,,,,,,,,,,,,,,,#000000,,41.91902872996781,,37.14883753397838,-34.83629827051211,False,False,False,True,True,,0.0,0.0,0.0,0.0,0,,,False,False,False,False,,,False,False,False,False,-10196791,-5363065.7156484695,False,False,False,False,1813018.3969819206,False,False,False,False
2022-02-02 00:00:00+00:00,43.8212566002,44.017412628,43.3230202897,43.946796458,1601225,,,,,,,,,,,,,,,,,,,,,,,,,,,,,,#000000,,42.05283546785261,,41.661293573296206,-28.96683569642523,False,False,False,True,True,,0.0,0.0,0.0,0.0,0,,,False,False,False,False,,,False,False,False,False,-8595566,-5489830.432681863,False,False,False,False,1804712.773570865,False,False,False,False
2022-02-03 00:00:00+00:00,42.6835516393,43.3779439775,42.6757053981,43.3347896514,2508285,,,,,,,,,,,,,,,,,,,,,,,,,,,,,,#000000,,42.1424212080478,,41.741726179309026,-27.377736567609368,False,False,False,True,True,,0.0,0.0,0.0,0.0,0,,,False,False,False,False,,,False,False,False,False,-11103851,-5709988.101988457,False,False,False,False,1832303.8412739683,False,False,False,False
2022-02-04 00:00:00+00:00,42.879707667,43.3661746158,42.4873956115,42.4873956115,3880306,,,,,,,,,,,,,,,,,,,,,,,,,,,,,,#000000,,42.24914747761077,,42.41157339227985,-25.184928683025156,False,False,False,True,True,,0.0,0.0,0.0,0.0,0,,,False,False,False,False,,,False,False,False,False,-7223545,-5769343.274459499,False,False,False,False,1912617.6514200873,False,False,False,False
2022-02-07 00:00:00+00:00,43.7663329125,44.1900299324,42.9581700781,42.9581700781,2030586,,,,,,,,,,,,,,,,,,,,,,,,,,,,,,#000000,,42.343235910024724,,45.41931319689039,-20.881430560308836,False,False,False,False,True,,0.0,0.0,0.0,0.0,0,,,False,False,False,False,,,False,False,False,False,-5192959,-5746739.969578735,False,False,False,False,1917243.8611683194,False,False,False,False
2022-02-08 00:00:00+00:00,44.0252588691,44.1782605707,43.162172347,43.6172543314,1904073,,,,,,,,,,,,,,,,,,,,,,,,,,,,,,#000000,,42.42955541495115,,48.10497438880621,-17.06694386466812,False,False,False,False,True,,0.0,0.0,0.0,0.0,0,,,False,False,False,False,,,False,False,False,False,-3288886,-5650353.539399177,False,False,False,False,1916727.3568087774,False,False,False,False
2022-02-09 00:00:00+00:00,44.6451119168,45.1708100712,44.5038795768,44.5274183001,3893859,,,,,,,,,,,,,,,,,,,,,,,,,,,,,,#000000,,42.68464830056125,,51.440985411689056,-12.803584986842267,False,False,True,False,True,,0.0,0.0,0.0,0.0,0,,,False,False,False,False,,,False,False,False,False,604973,-5405046.616285483,False,False,False,False,1994261.9310515705,False,False,False,False
2022-02-10 00:00:00+00:00,46.8577519099,49.0115450946,46.7008270877,46.8420594276,7268824,,,,,,,,,,,,,,,,,,,,,,,,,,,,,,#000000,,45.512565087248845,,57.59213065503177,-6.125361103441826,False,False,True,False,True,,0.0,0.0,0.0,0.0,0,,,False,False,False,False,,,False,False,False,False,7873797,-4884307.650940955,False,False,False,False,2201107.5023828815,False,False,False,False
2022-02-11 00:00:00+00:00,45.5474296445,47.2343714831,45.4925059567,47.0696004198,3779694,,,,,,,,,,,,,,,,,,,,,,,,,,,,,,#000000,,45.372153246113044,,58.08517107184559,-4.926339116920353,False,False,True,False,True,,0.0,0.0,0.0,0.0,0,,,False,False,False,False,,,False,False,False,False,4094103,-4532213.115609936,False,False,False,False,2263012.8552306117,False,False,False,False
2022-02-14 00:00:00+00:00,44.4568021302,45.5631221267,44.1664912091,45.5631221267,3320881,,,,,,,,,,,,,,,,,,,,,,,,,,,,,,#000000,,45.13954478763438,,55.9688755528865,-4.926339116920353,False,False,True,False,True,,0.0,0.0,0.0,0.0,0,,,False,False,False,False,,,False,False,False,False,773222,-4324156.836566409,False,False,False,False,2304497.880515686,False,False,False,False
2022-02-15 00:00:00+00:00,44.3312622724,45.3983510634,44.1664912091,45.1865025534,2537511,,,,,,,,,,,,,,,,,,,,,,,,,,,,,,#000000,,45.0198629700095,,54.29106870241178,-4.926339116920353,False,False,True,False,True,,0.0,0.0,0.0,0.0,0,,,False,False,False,False,,,False,False,False,False,-1764289,-4223769.862583413,False,False,False,False,2313635.6499072276,False,False,False,False
2022-02-16 00:00:00+00:00,44.2841848257,44.4764177329,43.770256033,44.2449536202,1978717,,,,,,,,,,,,,,,,,,,,,,,,,,,,,,#000000,,44.91928672134837,,53.06480902307223,-4.926339116920353,False,False,True,False,False,,0.0,0.0,0.0,0.0,0,,,False,False,False,False,,,False,False,False,False,-3743006,-4204916.37777622,False,False,False,False,2300501.585204983,False,False,False,False
2022-02-17 00:00:00+00:00,42.8247839792,44.0095663869,42.7777065326,43.9389502169,2163086,,,,,,,,,,,,,,,,,,,,,,,,,,,,,,#000000,,44.763340291112556,,49.24651836886245,-4.926339116920353,False,False,False,False,False,,0.0,0.0,0.0,0.0,0,,,False,False,False,False,,,False,False,False,False,-5906092,-4271629.147275193,False,False,False,False,2295112.738726356,False,False,False,False
2022-02-18 00:00:00+00:00,41.742002706,43.1857110703,41.5811547633,42.9817088014,4445831,,,,,,,,,,,,,,,,,,,,,,,,,,,,,,#000000,,44.39446906723384,,44.94279648201124,5.197950852037401,False,False,False,True,False,,0.0,0.0,0.0,0.0,0,,,False,False,False,False,,,False,False,False,False,-10351923,-4510072.043460479,False,False,False,False,2379454.6313253227,False,False,False,False
2022-02-22 00:00:00+00:00,41.8910812871,42.3304707893,41.3183056861,41.6949252594,2449210,,,,,,,,,,,,,,,,,,,,,,,,,,,,,,#000000,,44.21649895322061,,42.47338786669706,2.4716359573019204,False,False,False,True,False,,0.0,0.0,0.0,0.0,0,,,False,False,False,False,,,False,False,False,False,-7902713,-4643116.786854186,False,False,False,False,2382190.135979232,False,False,False,False
2022-02-23 00:00:00+00:00,41.0515334883,42.5344730582,40.9887635595,42.3853944771,1682155,,,,,,,,,,,,,,,,,,,,,,,,,,,,,,#000000,,44.09618625565028,,39.519736900823204,-0.6920136801973769,False,False,False,True,False,,0.0,0.0,0.0,0.0,0,,,False,False,False,False,,,False,False,False,False,-9584868,-4836910.95207559,False,False,False,False,2354737.777705536,False,False,False,False
2022-02-24 00:00:00+00:00,41.8204651171,41.8793119255,39.2704367563,39.388130373,2585723,,,,,,,,,,,,,,,,,,,,,,,,,,,,,,#000000,,42.93084211797156,,39.658396439024855,-0.9595274085237975,False,False,False,True,False,,0.0,0.0,0.0,0.0,0,,,False,False,False,False,,,False,False,False,False,-6999145,-4921704.444151058,False,False,False,False,2363796.0217170836,False,False,False,False
2022-02-25 00:00:00+00:00,43.1229411414,43.1504731177,41.510353959,41.9980632532,2137638,,,,,,,,,,,,,,,,,,,,,,,,,,,,,,#000000,,43.12791387670842,,42.768527272031776,-0.9595274085237975,False,False,False,True,False,,0.0,0.0,0.0,0.0,0,,,False,False,False,False,,,False,False,False,False,-4861507,-4919343.760066702,False,False,False,False,2354927.0796889625,False,False,False,False
2022-02-28 00:00:00+00:00,42.9813481205,43.0678771889,42.029528369,42.2891155739,2700977,,,,,,,,,,,,,,,,,,,,,,,,,,,,,,#000000,,43.19983067233603,,44.55283851587701,-0.9595274085237975,False,False,False,True,True,,0.0,0.0,0.0,0.0,0,,,False,False,False,False,,,False,False,False,False,-7562484,-5022996.318495459,False,False,False,False,2368497.6647991994,False,False,False,False
2022-03-01 00:00:00+00:00,41.9901969743,43.0128132363,41.3923597749,42.8790864943,2072682,,,,,,,,,,,,,,,,,,,,,,,,,,,,,,#000000,,43.15736946280382,,43.817993640112824,-0.9595274085237975,False,False,False,True,True,,0.0,0.0,0.0,0.0,0,,,False,False,False,False,,,False,False,False,False,-9635166,-5203865.717770146,False,False,False,False,2356897.050493349,False,False,False,False
2022-03-02 00:00:00+00:00,43.0836097467,43.2488016044,42.2183190635,42.2261853424,1792184,,,,,,,,,,,,,,,,,,,,,,,,,,,,,,#000000,,43.17683831485135,,45.77026585727329,-0.9595274085237975,False,False,False,True,True,,0.0,0.0,0.0,0.0,0,,,False,False,False,False,,,False,False,False,False,-7842982,-5307360.473936023,False,False,False,False,2334751.4406700805,False,False,False,False
2022-03-03 00:00:00+00:00,42.414976037,43.2802667202,42.1640417388,43.178005094,1354177,,,,,,,,,,,,,,,,,,,,,,,,,,,,,,#000000,,43.17298623492341,,45.76779312770839,-0.9595274085237975,False,False,False,True,True,,0.0,0.0,0.0,0.0,0,,,False,False,False,False,,,False,False,False,False,-9197159,-5459901.592605199,False,False,False,False,2296297.5410359595,False,False,False,False
2022-03-04 00:00:00+00:00,42.4779062685,42.5015051053,41.518220238,41.8800690691,1709968,,,,,,,,,,,,,,,,,,,,,,,,,,,,,,#000000,,43.138459278231515,,45.91235271826953,-0.9595274085237975,False,False,False,True,True,,0.0,0.0,0.0,0.0,0,,,False,False,False,False,,,False,False,False,False,-7487191,-5539403.13799323,False,False,False,False,2273304.225701216,False,False,False,False
2022-03-07 00:00:00+00:00,41.13277257,42.6863626603,41.1013074542,42.2576504582,3423151,,,,,,,,,,,,,,,,,,,,,,,,,,,,,,#000000,,43.023636147862796,,43.548201302809794,-0.9595274085237975,False,False,False,True,True,,0.0,0.0,0.0,0.0,0,,,False,False,False,False,,,False,False,False,False,-10910342,-5750028.19140526,False,False,False,False,2318396.2560658744,False,False,False,False
2022-03-08 00:00:00+00:00,41.0619760595,42.1081911583,40.7315923441,41.4867551222,1736115,,,,,,,,,,,,,,,,,,,,,,,,,,,,,,#000000,,42.957728138240064,,41.853505275257724,-1.7226509179619285,False,False,False,True,False,,0.0,0.0,0.0,0.0,0,,,False,False,False,False,,,False,False,False,False,-12646457,-6020476.3799776025,False,False,False,False,2295561.6970044672,False,False,False,False
2022-03-09 00:00:00+00:00,42.6824295209,42.8240225418,41.7384760482,42.0688597637,2194705,,,,,,,,,,,,,,,,,,,,,,,,,,,,,,#000000,,42.94628735247301,,44.56950686340758,-1.7226509179619285,False,False,False,True,False,,0.0,0.0,0.0,0.0,0,,,False,False,False,False,,,False,False,False,False,-10451752,-6194251.894488284,False,False,False,False,2291606.532416057,False,False,False,False
2022-03-10 00:00:00+00:00,42.414976037,42.5408365,41.762074885,42.0452609268,1209049,,,,,,,,,,,,,,,,,,,,,,,,,,,,,,#000000,,42.93449168328936,,45.83150806147643,-1.7226509179619285,False,False,False,True,True,,0.0,0.0,0.0,0.0,1,,,False,False,False,False,,,False,False,False,False,-11660801,-6408626.369214234,False,False,False,False,2249153.295850721,False,False,False,False
2022-03-11 00:00:00+00:00,42.0845923215,42.9892143995,42.0452609268,42.5644353368,2127825,,,,,,,,,,,,,,,,,,,,,,,,,,,,,,#000000,,42.92104706252621,,45.982713872678836,-1.7226509179619285,False,False,False,True,True,,0.0,0.0,0.0,0.0,1,,,False,False,False,False,,,False,False,False,False,-13788626,-6698038.119441127,False,False,False,False,2244395.3234644183,False,False,False,False
2022-03-14 00:00:00+00:00,41.0069121069,42.4857725474,40.7709237388,41.9980632532,1763954,,,,,,,,,,,,,,,,,,,,,,,,,,,,,,#000000,,42.87317120300823,,44.02893485472553,-1.7226509179619285,False,False,False,True,True,,0.0,0.0,0.0,0.0,1,,,False,False,False,False,,,False,False,False,False,-15552580,-7045275.055933632,False,False,False,False,2225554.4872501274,False,False,False,False
2022-03-15 00:00:00+00:00,41.5260865169,41.5968830273,40.873185365,41.2822318698,2199997,,,,,,,,,,,,,,,,,,,,,,,,,,,,,,#000000,,42.81440020014288,,44.042109984136204,-1.7226509179619285,False,False,False,True,True,0.0,0.0,0.0,0.0,0.0,1,,,False,False,False,False,-0.27703762620802364,-0.27703762620802364,False,False,False,False,-13352583,-7292620.465504862,False,False,False,False,2224552.2328481614,False,False,False,False
2022-03-16 00:00:00+00:00,42.926284168,43.2252027676,41.7070109325,41.9980632532,2426240,,,,,,,,,,,,,,,,,,,,,,,,,,,,,,#000000,,42.8164695090038,,47.10046268581844,-1.7226509179619285,False,False,False,False,True,0.0,0.0,0.0,0.0,0.0,1,0.8547091081227587,1.0428167292204031,False,False,False,False,-0.15992254585707724,-0.21848008603255042,False,False,False,False,-10926343,-7435119.3884262405,False,False,False,False,2232461.557050194,False,False,False,False
2022-03-17 00:00:00+00:00,43.6342492724,43.6499818303,42.7217609156,42.8869527733,1781955,,,,,,,,,,,,,,,,,,,,,,,,,,,,,,#000000,,42.841016430618076,,50.43974051331203,-4.859605417578088,True,False,False,False,True,0.0,0.0,0.0,0.0,0.0,1,0.8657263505173619,1.0375888679948144,False,False,False,False,-0.09360379863884528,-0.15604194233569785,False,False,False,False,-9144388,-7502149.530056585,False,False,False,False,2214794.633244304,False,False,False,False
2022-03-18 00:00:00+00:00,43.9803655457,45.4513597073,43.0285457942,43.4926562515,1693227,,,,,,,,,,,,,,,,,,,,,,,,,,,,,,#000000,,42.887110803052025,,53.27941332459163,-2.156474822503725,True,False,True,False,True,0.0,0.0,0.0,0.0,0.0,1,0.8948610074021079,1.0096138195088857,False,False,False,False,0.0022137310666936545,-0.0769141056345021,False,False,False,False,-7451161,-7500149.979858288,False,False,False,False,2194341.000568057,False,False,False,False
2022-03-21 00:00:00+00:00,44.074760893,44.1966882165,43.4139934622,43.823039967,1188919,,,,,,,,,,,,,,,,,,,,,,,,,,,,,,#000000,,42.91189553516278,,55.3464364158009,-0.20552774606288438,True,False,True,False,True,0.0,0.0,0.0,0.0,0.0,1,0.9104079525519345,0.9938427293298899,False,False,False,False,-0.03719795030562577,-0.057056027970063934,False,False,False,False,-6262242,-7451604.5688834535,False,False,False,False,2154912.68682029,False,False,False,False
2022-03-22 00:00:00+00:00,44.5624701872,44.7748597185,44.2792841454,44.5310050714,1304462,,,,,,,,,,,,,,,,,,,,,,,,,,,,,,#000000,,42.95191261101231,,57.6345140856386,1.96548966775093,True,False,True,False,True,0.32777758726528106,0.0,0.0,0.0,0.0,0,0.9195971045653312,0.9860775744060946,False,False,False,False,0.028246583327330724,-0.014404722321366605,False,False,False,False,-4957780,-7353807.526966455,False,False,False,False,2121561.679494004,False,False,False,False
2022-03-23 00:00:00+00:00,43.6342492724,44.5231387925,43.6185167146,44.4366097242,1364566,,,,,,,,,,,,,,,,,,,,,,,,,,,,,,#000000,,42.97744855805544,,56.596328193666395,1.96548966775093,True,False,True,False,True,0.0,0.0,0.0,0.0,0.0,0,0.9212626282287968,0.9823237116240354,False,False,False,False,-0.013117023068111808,-0.013760872694739208,False,False,False,False,-6322346,-7313358.055320713,False,False,False,False,2091875.5744158078,False,False,False,False
2022-03-24 00:00:00+00:00,44.334348098,44.460208561,43.5752521804,43.8702376406,1745921,,,,,,,,,,,,,,,,,,,,,,,,,,,,,,#000000,,43.01355279330618,,57.314458883384205,1.96548966775093,True,False,True,False,True,0.0,0.0,0.0,0.0,0.0,0,0.9132478009548072,0.9998507757754895,False,False,False,False,-0.01793109878329262,-0.015845985739015914,False,False,False,False,-4576425,-7206027.347268919,False,False,False,False,2078308.728360286,False,False,False,False
2022-03-25 00:00:00+00:00,44.7276620449,44.7591271607,44.0668946141,44.5310050714,1414160,,,,,,,,,,,,,,,,,,,,,,,,,,,,,,#000000,,43.04972020991689,,58.540677263630414,3.0681252689714853,True,False,True,False,True,0.8832650804618822,0.0,0.0,0.0,0.0,0,0.895725148773284,1.009718633386704,False,False,False,False,0.017902149541575315,0.0010280819012797003,False,False,False,False,-3162265,-7047448.431689747,False,False,False,False,2052263.6801892943,False,False,False,False
2022-03-28 00:00:00+00:00,44.9793829709,45.0265806446,44.2163539139,44.5546039083,1106772,,,,,,,,,,,,,,,,,,,,,,,,,,,,,,#000000,,43.08047254861727,,59.83742318617106,4.489427006947011,True,False,True,False,True,1.6612606249863546,0.0,0.0,0.0,0.0,0,0.9039791095724782,1.0020218912770356,False,False,False,False,0.03681197069369578,0.018920026297487742,False,False,False,False,-2055493,-6851685.473584266,False,False,False,False,2015185.5750838318,False,False,False,False
2022-03-29 00:00:00+00:00,45.8446736542,45.9469352804,45.4513597073,45.6952143543,1267122,,,,,,,,,,,,,,,,,,,,,,,,,,,,,,#000000,,43.13338325388676,,62.23383519466722,6.921190558210057,True,False,True,False,True,4.265661071450147,0.0,0.0,0.0,0.0,0,0.9333601396141187,0.9792355586843173,False,False,False,False,0.13529911422812188,0.07710957026280481,False,False,False,False,-788371,-6613908.435404492,False,False,False,False,1985849.7486099561,False,False,False,False
2022-03-30 00:00:00+00:00,45.3176329653,45.8997376068,45.1445748286,45.5142899388,1062597,,,,,,,,,,,,,,,,,,,,,,,,,,,,,,#000000,,43.17133103880976,,62.138995371716064,6.9905705612804425,True,False,True,False,True,2.55393524980936,0.0,0.0,0.0,0.0,0,0.9465852066821958,0.9699875165928837,False,False,False,False,0.11899499083028466,0.09805228054654473,False,False,False,False,-1850968,-6427126.457545493,False,False,False,False,1949643.758468389,False,False,False,False
2022-03-31 00:00:00+00:00,44.4995399557,45.8210748174,44.4995399557,45.2468364548,2002204,,,,,,,,,,,,,,,,,,,,,,,,,,,,,,#000000,,43.224413644026704,,59.71077559786758,6.9905705612804425,True,False,True,False,False,0.0,0.0,0.0,0.0,0.0,0,0.9445867272278345,0.9624936845777399,False,False,False,False,0.08584771351387352,0.09194999703020912,False,False,False,False,-3853172,-6326187.067053513,False,False,False,False,1951704.9444108054,False,False,False,False
2022-04-01 00:00:00+00:00,44.9557841341,45.0344469235,44.4680748399,44.9321852973,1521378,,,,,,,,,,,,,,,,,,,,,,,,,,,,,,#000000,,43.259848602279334,,59.079850805387245,6.9905705612804425,True,False,True,False,False,1.3746898417410058,0.0,0.0,0.0,0.0,0,0.9427268959948905,0.9789990044074195,False,False,False,False,0.0485984578712735,0.07027422745074131,False,False,False,False,-2331794,-6169544.201678866,False,False,False,False,1934829.377963323,False,False,False,False
2022-04-04 00:00:00+00:00,46.1121271381,46.127859696,45.097377155,45.223237618,1431258,,,,,,,,,,,,,,,,,,,,,,,,,,,,,,#000000,,43.310394521484774,,60.83448570520102,6.9905705612804425,True,False,True,False,False,4.731817569551467,0.0,0.0,0.0,0.0,0,0.9668700324289388,0.9436213154391363,False,False,False,False,0.12731980531643955,0.09879701638359042,False,False,False,False,-900536,-5962916.429064008,False,True,False,False,1915081.4807882907,False,False,False,False
2022-04-05 00:00:00+00:00,45.7738771437,46.5369062008,45.6322841228,46.1042608592,2646782,,,,,,,,,,,,,,,,,,,,,,,,,,,,,,#000000,,44.04913847825418,,60.987210390305606,6.9905705612804425,True,False,True,False,False,3.661219519379557,0.0,0.0,0.0,0.0,0,1.0038237470234301,0.9261297763929488,False,False,False,False,0.17106705631424515,0.1349320363489178,False,False,False,False,-3547318,-5868187.078904636,False,False,False,False,1943775.618796593,False,False,False,False
2022-04-06 00:00:00+00:00,45.1367085497,45.5772201703,44.8535225079,45.4356271494,2082524,,,,,,,,,,,,,,,,,,,,,,,,,,,,,,#000000,,43.99830608095086,,59.26116931206067,6.9905705612804425,True,False,True,False,False,1.6820678055398481,0.0,0.0,0.0,0.0,0,0.9724956065104475,0.9469755368666347,False,False,False,False,0.09087795858497359,0.11290499746694568,False,False,False,False,-5629842,-5858840.21306524,False,False,False,False,1949216.7317849621,False,False,False,False
2022-04-07 00:00:00+00:00,44.3028829822,44.9321852973,44.0039643826,44.8535225079,2395653,,,,,,,,,,,,,,,,,,,,,,,,,,,,,,#000000,,43.91780058860983,,55.98800941106232,10.65359706661129,True,False,True,False,False,0.0,0.0,0.0,0.0,0.0,0,0.9536788824137638,0.9600784271976527,False,False,False,False,0.022895399292515013,0.06790019837973035,False,False,False,False,-8025495,-5943807.067454838,False,False,False,False,1966724.036420846,False,False,False,False
2022-04-08 00:00:00+00:00,44.1612899613,44.6489992555,43.9331678721,44.2950167033,1102763,,,,,,,,,,,,,,,,,,,,,,,,,,,,,,#000000,,43.8931163743198,,53.462004414849986,8.255740218848736,True,False,False,False,False,0.0,0.0,0.0,0.0,0.0,0,0.9564467711255128,0.9440490761323087,False,False,False,False,0.006848485155233205,0.03737434176748178,False,False,False,False,-9128258,-6068687.4961821,False,False,False,False,1932843.2114631657,False,False,False,False
2022-04-11 00:00:00+00:00,42.9341504469,44.0039643826,42.8790864943,43.8309062459,1764728,,,,,,,,,,,,,,,,,,,,,,,,,,,,,,#000000,,43.80970628626966,,49.100544738452626,4.213567957352431,False,False,False,False,False,0.0,0.0,0.0,0.0,0.0,0,0.9409940711219044,0.9492275990137282,False,False,False,False,-0.07027357594687429,-0.016449617089696257,False,False,False,False,-10892986,-6257875.67280241,False,False,False,False,1926250.4580724533,False,False,False,False
2022-04-12 00:00:00+00:00,42.3599120844,43.3431969517,42.2891155739,42.9577492837,1363970,,,,,,,,,,,,,,,,,,,,,,,,,,,,,,#000000,,43.7368886385582,,45.13383172746744,0.6571133126611883,False,False,False,True,False,0.0,0.0,0.0,0.0,0.0,0,0.918380793092221,0.9844974445928012,False,False,False,False,-0.12753038358553895,-0.0719900003376176,False,False,False,False,-12256956,-6493133.724849374,False,False,False,False,1904200.2440303962,False,False,False,False
2022-04-13 00:00:00+00:00,42.8476213786,43.0206795152,42.1003248794,42.3756446423,1388312,,,,,,,,,,,,,,,,,,,,,,,,,,,,,,#000000,,43.67668681050691,,43.922850773329465,-0.32147540718320045,False,True,False,True,False,0.0,0.0,0.0,0.0,0.0,0,0.8951344036075889,0.9948427970094446,False,False,False,False,-0.1511575414419938,-0.1115737708898057,False,False,False,False,-10868644,-6664722.363090575,False,False,False,False,1883969.3324997926,False,False,False,False
2022-04-14 00:00:00+00:00,42.9734818416,43.4847899726,42.7768248681,42.9734818416,1519075,,,,,,,,,,,,,,,,,,,,,,,,,,,,,,#000000,,43.63913203413604,,43.48736321164522,-0.7191686710089868,False,True,False,True,False,0.0,0.0,0.0,0.0,0.0,0,0.8961304275563857,0.9931861138545118,False,False,False,False,-0.09864122946806785,-0.10510750017893677,False,False,False,False,-9349569,-6770010.4664987875,False,False,False,False,1869659.7508331342,False,False,False,False
2022-04-18 00:00:00+00:00,42.3048481318,42.918417889,42.1278568557,42.8004237049,1334327,,,,,,,,,,,,,,,,,,,,,,,,,,,,,,#000000,,43.59116550853139,,41.77279564377079,-2.425539237973986,False,True,False,True,False,0.0,0.0,0.0,0.0,0.0,0,0.9018688362872057,0.9982410665060488,False,False,False,False,-0.15462419351170809,-0.12986584684532243,False,False,False,False,-10683896,-6923496.173694913,False,False,False,False,1848666.3096239918,False,False,False,False
2022-04-19 00:00:00+00:00,43.1308074204,43.3982609043,42.3284469686,42.3284469686,1550170,,,,,,,,,,,,,,,,,,,,,,,,,,,,,,#000000,,43.56079828529836,,43.09397124758817,-2.425539237973986,False,True,False,True,False,0.0,0.0,0.0,0.0,0.0,0,0.9080849066667221,0.9899580793955813,False,False,False,False,-0.1231846562645649,-0.12652525155494365,False,False,False,False,-9133726,-7010171.853157857,False,False,False,False,1836960.5719916786,False,False,False,False
2022-04-20 00:00:00+00:00,43.6971795039,43.8545050827,43.1622725361,43.6342492724,1166325,,,,,,,,,,,,,,,,,,,,,,,,,,,,,,#000000,1.5673327036667362,43.55647419606782,0.08977373310912773,45.4749417022138,-2.425539237973986,False,True,False,True,True,0.0,0.0,0.0,0.0,0.0,0,0.9138691345304478,0.9965964532010765,False,False,False,False,-0.06418542593543759,-0.09535533874519062,False,False,False,False,-7967401,-7047710.251073236,False,False,False,False,1810661.1377959265,False,False,False,False
2022-04-21 00:00:00+00:00,42.8004237049,44.5152725136,42.7532260313,44.1455574034,1306743,,,,,,,,,,,,,,,,,,,,,,,,,,,,,,#000000,1.5183540327444254,43.54658752038491,-0.49142940275676106,44.948637914666875,-2.425539237973986,False,True,False,True,True,0.0,0.0,0.0,0.0,0.0,0,0.9050622710811412,0.9858446430159604,False,False,False,False,-0.0527378958068048,-0.0740466172759977,False,False,False,False,-9274144,-7135021.3784821285,False,False,False,False,1790899.6421960865,False,False,False,False
2022-04-22 00:00:00+00:00,40.621464439,42.6430981262,40.5506679285,42.6430981262,2337033,,,,,,,,,,,,,,,,,,,,,,,,,,,,,,"rgba(255, 0, 0, 1.0)",1.4857679581524723,43.4385698069175,-1.8960601165612176,40.90673103551215,-3.3388313656997113,False,True,False,True,False,0.0,0.0,0.0,0.0,0.0,0,0.8593680893164268,1.026059839366595,False,False,False,False,-0.24197681186195835,-0.15801171456897803,False,False,False,False,-11611177,-7310556.893051458,False,False,False,False,1812316.6366197693,False,False,False,False
2022-04-25 00:00:00+00:00,40.8181214124,41.0305109438,39.7876388715,40.1966853763,2425084,,,,,,,,,,,,,,,,,,,,,,,,,,,,,,"rgba(255, 0, 0, 1.0)",1.5010172563884017,43.31123498946427,-1.6609493105115614,38.759211619512705,-5.39606193032121,False,True,False,True,False,0.0,0.0,0.0,0.0,0.0,0,0.8370856142285241,1.10119646136106,False,False,False,False,-0.34282825441539394,-0.250419984492186,False,False,False,False,-9186093,-7384107.328618067,False,False,False,False,1836346.729301347,False,False,False,False
2022-04-26 00:00:00+00:00,39.1268714406,40.5113365338,39.0836069065,40.4405400234,2708656,,,,,,,,,,,,,,,,,,,,,,,,,,,,,,"rgba(255, 26, 202, 1.0)",1.5667967148022754,43.14457791817355,-2.5642806368026982,35.17082681257745,-8.785067591281774,False,True,False,True,False,0.0,0.0,0.0,0.0,0.0,0,0.8403417531010371,1.075253729773891,False,False,False,False,-0.34282825441539394,-0.29662411945378997,False,False,False,False,-11894749,-7560995.237299712,False,False,False,False,1870554.9359954118,False,False,False,False
2022-04-27 00:00:00+00:00,39.5831156191,40.4720051391,39.4887202718,40.0000284028,2580451,,,,,,,,,,,,,,,,,,,,,,,,,,,,,,"rgba(255, 26, 202, 1.0)",1.6131704891831073,43.01630978454067,-2.128227728229272,34.04514030368201,-9.846380972957427,False,True,False,True,False,0.0,0.0,0.0,0.0,0.0,0,0.8629369088479301,1.042219186674876,False,False,False,False,-0.32143153739918745,-0.3090278284264887,False,False,False,False,-9314298,-7629752.208385998,False,False,False,False,1898393.9973289252,False,False,False,False
2022-04-28 00:00:00+00:00,40.621464439,40.8181214124,39.7483074768,40.0157609607,1665791,,,,,,,,,,,,,,,,,,,,,,,,,,,,,,"rgba(239, 83, 80, 1.0)",1.6354165372726401,42.95468352720296,-1.4266818483406276,35.94767908223302,-9.846380972957427,False,True,False,True,False,0.0,0.0,0.0,0.0,0.0,0,0.8645110589524448,1.0309938565314918,False,False,False,False,-0.28660649136015914,-0.2978171598933239,False,False,False,False,-7648507,-7630487.690410078,False,False,False,False,1889272.3111591635,False,False,False,False
2022-04-29 00:00:00+00:00,39.2212667879,40.7866562967,39.0678743486,40.4798714181,1707225,,,,,,,,,,,,,,,,,,,,,,,,,,,,,,"rgba(255, 26, 202, 1.0)",1.66586860674699,42.8783354101235,-2.195292358239949,35.26085628834113,-9.846380972957427,False,True,False,True,False,0.0,0.0,0.0,0.0,0.0,0,0.8621111696553481,1.015943794493114,False,False,False,False,-0.3276134481201548,-0.31271530400673936,False,False,False,False,-9355732,-7698144.330001839,False,False,False,False,1882133.2009176277,False,False,False,False
2022-05-02 00:00:00+00:00,39.4887202718,39.5437842244,38.6391621464,39.1426039985,2272120,,,,,,,,,,,,,,,,,,,,,,,,,,,,,,"rgba(255, 0, 0, 1.0)",1.6770763545829026,42.76950097903499,-1.9562500528194111,35.46564458724886,-9.846380972957427,False,True,False,True,False,0.0,0.0,0.0,0.0,0.0,0,0.8745672133603213,1.0334248266453114,False,False,False,False,-0.34282825441539394,-0.32777177921106665,False,False,False,False,-7083612,-7674045.0229429435,False,False,False,False,1897426.8008816424,False,False,False,False
2022-05-03 00:00:00+00:00,39.7640400346,40.1180225869,39.3707260877,39.6932435242,1639728,,,,,,,,,,,,,,,,,,,,,,,,,,,,,,"rgba(255, 0, 0, 1.0)",1.6884698441956916,42.707939677863045,-1.7435310754189877,36.306016949092204,-9.846380972957427,False,True,False,True,False,0.0,0.0,0.0,0.0,0.0,0,0.9050152082089845,1.010521941775147,False,False,False,False,-0.275117479718997,-0.3014446294650318,False,False,False,False,-5443884,-7586587.727925573,False,False,False,False,1887320.9655529505,False,False,False,False
2022-05-04 00:00:00+00:00,40.8338539703,40.865319086,39.2684644615,39.7483074768,2830618,,,,,,,,,,,,,,,,,,,,,,,,,,,,,,"rgba(239, 83, 80, 1.0)",1.692090620007777,42.62992667744301,-1.0614518430075315,39.416681974595726,-9.846380972957427,False,True,False,True,True,0.0,0.0,0.0,0.0,0.0,0,0.9085947233913052,0.9838783276046368,False,False,False,False,-0.24259094619910787,-0.27201778783206987,False,False,False,False,-2613266,-7391555.50330104,False,False,False,False,1924313.0061195015,False,False,False,False
2022-05-05 00:00:00+00:00,38.7099586569,40.5113365338,38.4739702887,40.3697435129,2760057,,,,,,,,,,,,,,,,,,,,,,,,,,,,,,"rgba(255, 26, 202, 1.0)",1.7578054620273893,42.52337721266397,-2.169420131034133,38.261532669663886,-9.846380972957427,False,True,False,True,True,0.0,0.0,0.0,0.0,0.0,0,0.8969421000930468,0.9879408262604287,False,False,False,False,-0.3009013270298643,-0.28645955743096707,False,False,False,False,-5373323,-7312409.130622569,False,False,False,False,1957087.2803893252,False,False,False,False
2022-05-06 00:00:00+00:00,38.1042551786,38.4897028466,37.6165458844,38.3874412204,2995918,,,,,,,,,,,,,,,,,,,,,,,,,,,,,,"rgba(255, 26, 202, 1.0)",1.8402916005713856,42.376575897898206,-2.321545519183867,36.74331598939901,-9.846380972957427,False,True,False,True,True,0.0,0.0,0.0,0.0,0.0,0,0.9050602752558035,1.0068416835703526,False,False,False,False,-0.34282825441539394,-0.3146439059231805,False,False,False,False,-8369241,-7353853.517656978,False,False,False,False,1997825.7399819007,False,False,False,False
2022-05-09 00:00:00+00:00,36.4287377647,37.8368016947,36.3658075332,37.4041563531,3520289,,,,,,,,,,,,,,,,,,,,,,,,,,,,,,"rgba(255, 26, 202, 1.0)",1.9801578285844499,42.17252593656545,-2.9006719004673953,33.93757746957306,-10.704357823390254,False,True,False,True,False,0.0,0.0,0.0,0.0,0.0,0,0.8423456026536591,1.0345444735492233,False,False,False,False,-0.34282825441539394,-0.32873608016928724,False,False,False,False,-11889530,-7531723.183631214,False,False,False,False,2057530.181551238,False,False,False,False
2022-05-10 00:00:00+00:00,37.0973714745,37.6873423949,36.4130052068,37.2389644954,4208920,,,,,,,,,,,,,,,,,,,,,,,,,,,,,,"rgba(255, 26, 202, 1.0)",2.080817847902316,41.960208050537105,-2.3369833072795663,33.63161792534582,-11.119998478625284,False,True,False,True,False,0.0,0.0,0.0,0.0,0.0,0,0.835867697029298,1.0364738451103452,False,False,False,False,-0.34282825441539394,-0.33578216729234056,False,False,False,False,-7680610,-7537561.882312343,False,False,False,False,2141898.409725699,False,False,False,False
2022-05-11 00:00:00+00:00,36.8377842695,37.9862609945,36.6883249696,36.9715110114,2982828,,,,,,,,,,,,,,,,,,,,,,,,,,,,,,"rgba(255, 26, 202, 1.0)",2.184547011191091,41.82543944230578,-2.283153050611778,33.128207777315794,-11.803413652409027,False,True,False,True,False,0.0,0.0,0.0,0.0,0.0,0,0.8502816288290265,1.0307351369957884,False,False,False,False,-0.31946690600927397,-0.32762453665080726,False,False,False,False,-10663438,-7660145.259476565,False,False,False,False,2174876.0407168483,False,False,False,False
2022-05-12 00:00:00+00:00,35.7365052181,36.5231331119,34.7099558166,36.5231331119,4669378,,,,,,,,,,,,,,,,,,,,,,,,,,,,,,"rgba(255, 26, 202, 1.0)",2.3217071907581324,40.38274198976935,-2.0012156529317395,31.586382975301703,-13.482544837980775,False,True,False,True,False,0.0,0.0,0.0,0.0,0.0,0,0.8101125932835973,1.056946719717629,False,False,False,False,-0.34282825441539394,-0.33522639553310063,False,False,False,False,-15332816,-7961034.308124543,False,False,False,False,2272699.6469632466,False,False,False,False
2022-05-13 00:00:00+00:00,37.5300168161,37.7738714632,35.9095633547,36.381540091,3639539,,,,,,,,,,,,,,,,,,,,,,,,,,,,,,"rgba(239, 83, 80, 1.0)",2.3875137738066434,40.395485942971845,-1.2001895688765598,34.56055459458556,-13.482544837980775,False,True,False,True,True,0.0,0.0,0.0,0.0,0.0,0,0.8305564448979279,1.0334251136634132,False,False,False,False,-0.25835267201169504,-0.2967895337723978,False,False,False,False,-11693277,-8107396.766629463,False,False,False,False,2326301.1902195895,False,False,False,False
2022-05-16 00:00:00+00:00,37.5850807686,38.1121214575,36.9321796167,37.5614819318,3102575,,,,,,,,,,,,,,,,,,,,,,,,,,,,,,"rgba(239, 83, 80, 1.0)",2.4467403037251474,40.38610330964137,-1.1447976463937874,36.65516237121582,-18.33935582328394,False,True,False,True,True,0.0,0.0,0.0,0.0,0.0,0,0.8581732303537125,1.0151911661519557,False,False,False,False,-0.21301805851781602,-0.25490379614510694,False,False,False,False,-8590702,-8126349.913036152,False,False,False,False,2356743.3004070567,False,False,False,False
2022-05-17 00:00:00+00:00,38.4818365677,38.8672842356,38.0845894813,38.4189063361,3063700,,,,,,,,,,,,,,,,,,,,,,,,,,,,,,"rgba(239, 83, 80, 0.5)",2.4865205655168956,40.411447030657875,-0.7760283545279061,39.86079500127873,-15.295403362197895,False,True,False,True,True,0.0,0.0,0.0,0.0,0.0,0,0.8749198203954346,0.9978191148213761,False,False,False,False,-0.15085216782238545,-0.20287798198374618,False,False,False,False,-5527002,-8024414.700760224,False,False,False,False,2384467.092547957,False,False,False,False
2022-05-18 00:00:00+00:00,36.0983540493,38.0413249471,36.0118249809,37.9705284366,3017902,,,,,,,,,,,,,,,,,,,,,,,,,,,,,,"rgba(255, 0, 0, 1.0)",2.5856395128127927,40.315911049249074,-1.6311465612470462,38.73546516263148,-15.295403362197895,False,True,False,True,True,0.0,0.0,0.0,0.0,0.0,0,0.8441517519509428,0.9947693471161507,False,False,False,False,-0.24594061663520644,-0.2244092993094763,False,False,False,False,-8544904,-8044826.045828451,False,False,False,False,2409307.67715392,False,False,False,False
2022-05-19 00:00:00+00:00,36.4208714857,36.8692493852,35.5162494078,35.87023196,3718043,,,,,,,,,,,,,,,,,,,,,,,,,,,,,,"rgba(239, 83, 80, 1.0)",2.6657547163505266,40.18176588690799,-1.4108178738802848,38.63145021572261,-15.295403362197895,False,True,False,True,True,0.0,0.0,0.0,0.0,0.0,0,0.8298020806881684,1.0360948997758102,False,False,False,False,-0.3025788785464842,-0.26349408892798026,False,False,False,False,-4826861,-7918631.338148905,False,False,False,False,2460630.630991021,False,False,False,False
2022-05-20 00:00:00+00:00,37.0423075219,37.2153656585,35.9921592836,37.0423075219,2451364,,,,,,,,,,,,,,,,,,,,,,,,,,,,,,"rgba(239, 83, 80, 1.0)",2.7219565410406115,40.11863316277156,-1.130189110108081,39.80926119956223,-15.208484916284007,False,True,False,True,True,0.0,0.0,0.0,0.0,0.0,0,0.8401616059573994,1.0280916608841384,False,False,False,False,-0.274445922311531,-0.2689700056197556,False,False,False,False,-2375497,-7701253.520966595,False,False,False,False,2460267.2336972556,False,False,False,False
2022-05-23 00:00:00+00:00,36.9951098483,37.5850807686,36.8063191537,37.4906854214,1341850,,,,,,,,,,,,,,,,,,,,,,,,,,,,,,"rgba(239, 83, 80, 1.0)",2.78234476162381,40.09249781407128,-1.113229391444506,40.52348241566557,-14.338980036857485,False,True,False,True,True,0.0,0.0,0.0,0.0,0.0,0,0.8482815368031749,1.0294322425514162,False,False,False,False,-0.23464970492684836,-0.25180985527330196,False,False,False,False,-3717347,-7545021.892693396,False,False,False,False,2416407.734336579,False,False,False,False
2022-05-24 00:00:00+00:00,36.8456505484,36.9557784536,35.6027784761,36.766987759,1947542,,,,,,,,,,,,,,,,,,,,,,,,,,,,,,"rgba(239, 83, 80, 1.0)",2.8420908134683187,40.03765682819713,-1.1231190307750203,40.75786385577527,-13.881226104656854,False,True,False,True,True,0.0,0.0,0.0,0.0,0.0,0,0.8479989819903748,1.0309855570425326,False,False,False,False,-0.29661877836758566,-0.27421431682044384,False,False,False,False,-5664889,-7471291.191019146,False,False,False,False,2398020.8427939685,False,False,False,False
2022-05-25 00:00:00+00:00,36.9951098483,37.1288365902,36.4366040436,36.5467319488,1103245,,,,,,,,,,,,,,,,,,,,,,,,,,,,,,"rgba(239, 83, 80, 1.0)",2.8886230476488057,40.01321402528456,-1.0448245157640594,41.27974239480813,-13.11885404769047,False,True,False,True,True,0.0,0.0,0.0,0.0,0.0,0,0.8597619199151391,1.0138137373506002,False,False,False,False,-0.26233024382059345,-0.26827228032051864,False,False,False,False,-4561644,-7357187.379606631,False,False,False,False,2347245.319547146,False,False,False,False
2022-05-26 00:00:00+00:00,37.9705284366,38.3197125587,37.0344412429,37.1367028691,1833720,,,,,,,,,,,,,,,,,,,,,,,,,,,,,,"rgba(239, 83, 80, 0.5)",2.9099144276328244,39.994880058660655,-0.6956739355759815,43.89914221451146,-10.428544924328065,False,False,False,True,True,0.0,0.0,0.0,0.0,0.0,0,0.8573695799455278,1.0197402550851333,False,False,False,False,-0.20282163577594178,-0.23554695804823023,False,False,False,False,-2727924,-7175647.6392299,False,False,False,False,2327107.0717217675,False,False,False,False
2022-05-27 00:00:00+00:00,39.7089760821,39.7484168609,38.2575554227,38.2575554227,3362100,,,,,,,,,,,,,,,,,,,,,,,,,,,,,,#000000,2.8984767709034713,40.01820075658701,-0.10668523466918048,48.833913984943685,-5.735548031145292,True,False,False,False,True,0.0,0.0,0.0,0.0,0.0,0,0.8580526038672757,0.9987362847046687,False,False,False,False,-0.11701951081157104,-0.17628323442990063,False,False,False,False,634176,-6869380.045534611,False,False,False,False,2367695.029693463,False,False,False,False
2022-05-31 00:00:00+00:00,39.9140681318,40.6082258384,39.4723314094,40.0166141566,4747518,,,,,,,,,,,,,,,,,,,,,,,,,,,,,,#000000,2.8400680672287164,40.06439288595414,-0.05292998287214477,52.45171718919905,-2.460198147109743,True,False,True,False,True,0.0,0.0,0.0,0.0,0.0,0,0.869948119354028,1.0141517699241585,False,False,False,False,-0.05113255803159884,-0.11370789623074973,False,False,False,False,5381694,-6388945.769239136,False,False,False,False,2461021.420685876,False,False,False,False
2022-06-01 00:00:00+00:00,39.4250024748,40.3636930099,39.1489170233,39.9850615336,1744730,,,,,,,,,,,,,,,,,,,,,,,,,,,,,,#000000,2.8115668829494527,40.05787707890515,-0.2250967629271672,53.69336474860928,-1.423393930683332,True,False,True,False,True,0.0,0.0,0.0,0.0,0.0,0,0.8593193690926637,0.997602030220675,False,False,False,False,-0.06910207021418284,-0.09140498322246629,False,False,False,False,3636964,-5995772.837112112,False,False,False,False,2432931.561051136,False,False,False,False
2022-06-02 00:00:00+00:00,40.5214561251,40.5372324366,39.1962459579,39.3461209172,1675219,,,,,,,,,,,,,,,,,,,,,,,,,,,,,,#000000,2.791761030134064,40.078136677224286,0.15879562866970284,56.37159973132704,1.031534667493986,True,False,True,False,True,0.0,0.0,0.0,0.0,0.0,0,0.8508857794978718,1.004782088557726,False,False,False,False,-0.06210926737554086,-0.07675712529900358,False,False,False,False,5312183,-5552323.588597911,False,False,False,False,2403217.342970699,False,False,False,False
2022-06-03 00:00:00+00:00,39.6300945245,40.1822654275,39.4881077209,40.0718312469,1759841,,,,,,,,,,,,,,,,,,,,,,,,,,,,,,#000000,2.778244377770973,40.08169653044254,-0.16254941773871853,56.06340595428065,1.031534667493986,True,False,True,False,True,0.0,0.0,0.0,0.0,0.0,0,0.861605762729938,1.0016109831336941,False,False,False,False,-0.0641065623261687,-0.07043184381258613,False,False,False,False,3552342,-5195277.87924113,False,False,False,False,2377986.8981483188,False,False,False,False
2022-06-06 00:00:00+00:00,39.9929496893,40.6003376826,39.807578029,40.1112720257,1320084,,,,,,,,,,,,,,,,,,,,,,,,,,,,,,#000000,2.7612776422082193,40.095886480346884,-0.037278681967151575,56.5051257195263,1.2225498955099283,True,False,True,False,True,0.0,0.0,0.0,0.0,0.0,0,0.8647727436789926,0.9910258539755772,False,False,False,False,-0.04079084093449696,-0.055611342373541546,False,False,False,False,4872426,-4800465.962408145,False,False,False,False,2336500.5099856397,False,False,False,False
2022-06-07 00:00:00+00:00,40.2138180505,40.3141553918,39.5591011227,39.5591011227,1082443,,,,,,,,,,,,,,,,,,,,,,,,,,,,,,#000000,2.7582459444974434,40.10387763253926,0.03985881613641766,57.20230234083968,2.070804732423767,True,False,True,False,True,0.0,0.0,0.0,0.0,0.0,0,0.8530262358410176,1.0004289261960022,False,False,False,False,-0.057686997540641764,-0.056649169957091655,False,False,False,False,5954869,-4378688.1207450805,False,False,False,False,2287321.78410385,False,False,False,False
2022-06-08 00:00:00+00:00,39.5748774342,40.166489116,39.4171143191,40.0718312469,729089,,,,,,,,,,,,,,,,,,,,,,,,,,,,,,#000000,2.764523004506699,40.10422813741454,-0.19147994151309192,56.050752513513764,2.070804732423767,True,False,True,False,True,0.0,0.0,0.0,0.0,0.0,0,0.8475539732154508,1.0063353253738496,False,False,False,False,-0.06685368037649196,-0.06175142516679181,False,False,False,False,5225780,-4002042.3120884113,False,False,False,False,2226214.6160997776,False,False,False,False
2022-06-09 00:00:00+00:00,38.509976407,39.4250024748,38.509976407,39.2751275154,1392149,,,,,,,,,,,,,,,,,,,,,,,,,,,,,,"rgba(239, 83, 80, 0.5)",2.781211653588397,40.08072252476715,-0.5647704358424224,52.9230350074983,2.070804732423767,True,False,True,False,False,0.0,0.0,0.0,0.0,0.0,0,0.8186097209918037,1.0245139455866041,False,False,False,False,-0.1192889323000978,-0.0905201787334448,False,False,False,False,3833631,-3694761.005732003,False,False,False,False,2193506.160566453,False,False,False,False
2022-06-10 00:00:00+00:00,37.2242070185,37.9420291924,37.0585557476,37.8315950118,1700404,,,,,,,,,,,,,,,,,,,,,,,,,,,,,,"rgba(239, 83, 80, 0.5)",2.8186619571187332,40.01306424799145,-0.9894259304305679,48.52157873898628,3.7585450155661064,True,False,False,False,False,0.0,0.0,0.0,0.0,0.0,0,0.8114679168141136,1.0380042715034796,False,False,False,False,-0.21446011132379883,-0.15249014502862182,False,False,False,False,2133227,-3466212.456487611,False,False,False,False,2174168.820936396,False,False,False,False
2022-06-13 00:00:00+00:00,35.6781284901,36.1671941471,35.3152733253,35.9305494743,3863175,,,,,,,,,,,,,,,,,,,,,,,,,,,,,,"rgba(239, 83, 80, 1.0)",2.8870218853858653,39.786609854036314,-1.4230863246078904,43.40876256352949,-0.9071063429272357,False,False,False,True,False,0.0,0.0,0.0,0.0,0.0,0,0.8073550185598886,1.0476950417899134,False,False,False,False,-0.3340313592795068,-0.24326075215406429,False,False,False,False,-1729948,-3398123.654272411,False,False,False,False,2240404.357370263,False,False,False,False
2022-06-14 00:00:00+00:00,35.4335956616,35.812227138,35.0549641853,35.8043389822,3135556,,,,,,,,,,,,,,,,,,,,,,,,,,,,,,"rgba(239, 83, 80, 1.0)",2.9485719775736334,39.62578821206623,-1.4217704646016367,39.69238005025802,-4.161151720911008,False,True,False,True,False,0.0,0.0,0.0,0.0,0.0,0,0.8043465359673541,1.0407911206973908,False,False,False,False,-0.34282825441539394,-0.2930445032847291,False,False,False,False,-4865504,-3455667.981555846,False,False,False,False,2275508.343355743,False,False,False,False
2022-06-15 00:00:00+00:00,36.0646481222,36.656259804,35.3704904156,35.9226613186,3323491,,,,,,,,,,,,,,,,,,,,,,,,,,,,,,"rgba(239, 83, 80, 1.0)",2.992192257843898,39.50622813887289,-1.1501867928609688,38.868089645742174,-4.766419031901606,False,True,False,True,False,0.0,0.0,0.0,0.0,0.0,0,0.8020021524826613,1.0448638126233736,False,False,False,False,-0.3030194413512294,-0.29803197231797923,False,False,False,False,-1542013,-3380622.6881614993,False,False,False,False,2316605.7024398316,False,False,False,False
2022-06-16 00:00:00+00:00,34.0610565599,35.260056235,33.9032934447,35.0391878738,3593190,,,,,,,,,,,,,,,,,,,,,,,,,,,,,,"rgba(255, 0, 0, 1.0)",3.0903013400861825,39.322867487016104,-1.702685385034121,35.7920677845335,-7.610825570904694,False,True,False,True,False,0.0,0.0,0.0,0.0,0.0,0,0.7661658905921652,1.0593436487773102,False,False,False,False,-0.34282825441539394,-0.3204301133666866,False,False,False,False,-5135203,-3449429.7592139896,True,False,False,False,2366667.8317559166,True,False,False,False
2022-06-17 00:00:00+00:00,34.2109315193,34.7473261108,33.8323000429,34.0216157811,2905087,,,,,,,,,,,,,,,,,,,,,,,,,,,,,,"rgba(255, 0, 0, 1.0)",3.1688781493595477,39.186322567057374,-1.5700796348900123,34.1279040017692,-9.158718027033686,False,True,False,True,False,0.0,0.0,0.0,0.0,0.0,0,0.7783277865508746,1.0555100205355463,False,False,False,False,-0.34282825441539394,-0.33162918389104024,False,False,False,False,-2230116,-3401613.533362461,False,False,False,False,2387782.3089419594,False,False,False,False
2022-06-21 00:00:00+00:00,34.5580103726,35.1101812756,34.4396880362,34.8262076683,2162175,,,,,,,,,,,,,,,,,,,,,,,,,,,,,,"rgba(239, 83, 80, 1.0)",3.238482678656437,39.10310274756038,-1.4034635432560094,33.947821526453566,-9.429532373998427,False,True,False,True,False,0.0,0.0,0.0,0.0,0.0,0,0.7995816070945572,1.039824420203392,False,False,False,False,-0.30730792993416756,-0.3194685569126039,False,False,False,False,-67941,-3270881.277152168,False,False,False,False,2378934.9634932554,False,False,False,False
2022-06-22 00:00:00+00:00,34.3213656999,34.7197175656,33.8086355756,33.9742868465,1933106,,,,,,,,,,,,,,,,,,,,,,,,,,,,,,"rgba(239, 83, 80, 1.0)",3.3085297707551224,38.34705198876819,-1.2167598806128896,33.499378517392245,-10.087575768159518,False,True,False,True,False,0.0,0.0,0.0,0.0,0.0,0,0.7915851799145239,1.0413512347348,False,False,False,False,-0.34282825441539394,-0.33114840566399895,False,False,False,False,-2001047,-3221083.8545187498,False,False,False,False,2361451.474728814,False,False,False,False
2022-06-23 00:00:00+00:00,34.999747095,35.0431319516,34.3292538556,34.4870169708,1511273,,,,,,,,,,,,,,,,,,,,,,,,,,,,,,"rgba(239, 83, 80, 0.5)",3.3661054297612942,38.33536041163003,-0.9909414265929795,35.10238588632042,-10.087575768159518,False,True,False,True,False,0.0,0.0,0.0,0.0,0.0,0,0.8164629687734143,1.0290335268620716,False,False,False,False,-0.30982120001746744,-0.3204848028407332,False,False,False,False,-489774,-3113973.6641454655,False,False,False,False,2328111.1423865077,False,False,False,False
2022-06-24 00:00:00+00:00,36.0094310319,36.1435296798,35.1259575871,35.4809245962,1388730,,,,,,,,,,,,,,,,,,,,,,,,,,,,,,"rgba(239, 83, 80, 0.5)",3.401906990785484,38.35998645782279,-0.6909522900801177,38.67437574354187,-10.087575768159518,False,True,False,True,True,0.0,0.0,0.0,0.0,0.0,0,0.8361994392223653,1.0023819285532933,False,False,False,False,-0.23784723106978287,-0.27916601695525806,False,False,False,False,898956,-2956603.873394663,False,False,False,False,2291272.666214488,False,False,False,False
2022-06-27 00:00:00+00:00,36.072536278,36.3722861967,35.7333455804,36.3722861967,1211986,,,,,,,,,,,,,,,,,,,,,,,,,,,,,,"rgba(239, 83, 80, 0.5)",3.4242798569542447,38.37448579087367,-0.6722433939500372,41.205600147823304,-15.04338347460208,False,False,False,True,True,0.0,0.0,0.0,0.0,0.0,0,0.8478435303315246,0.9938345014691133,False,False,False,False,-0.20691688724409463,-0.24304145209967634,False,False,False,False,2110942,-2757876.5842419313,False,False,False,False,2248947.698911959,False,False,False,False
2022-06-28 00:00:00+00:00,35.551917998,36.656259804,35.3310496368,36.4275032871,2051889,,,,,,,,,,,,,,,,,,,,,,,,,,,,,,"rgba(239, 83, 80, 0.5)",3.4555306018456555,38.05053396368298,-0.7230773659907477,41.81281084599031,-14.33629192551583,False,False,False,True,True,0.0,0.0,0.0,0.0,0.0,0,0.8326996480124509,0.9966628750177039,False,False,False,False,-0.21126888668374447,-0.2271551693917104,False,False,False,False,59053,-2647408.7574089146,False,False,False,False,2241219.9067977644,False,False,False,False
2022-06-29 00:00:00+00:00,35.2521680792,35.6465758671,34.9524181604,35.3547141041,1840403,,,,,,,,,,,,,,,,,,,,,,,,,,,,,,"rgba(239, 83, 80, 0.5)",3.492284565791898,37.98261806644194,-0.7818520901726096,41.608394042855025,-14.317573349898865,False,False,False,True,True,0.0,0.0,0.0,0.0,0.0,0,0.8373242616105058,1.0043362012139234,False,False,False,False,-0.2629740094777444,-0.24506458943472742,False,False,False,False,-1781350,-2613445.6688830745,False,False,False,False,2225501.5967272636,False,False,False,False
2022-06-30 00:00:00+00:00,35.0786286526,35.3389377925,34.4317998805,34.9445300047,2476968,,,,,,,,,,,,,,,,,,,,,,,,,,,,,,"rgba(239, 83, 80, 0.5)",3.5361315611250514,37.89343149264607,-0.7960119105835859,41.110401770113526,-14.317573349898865,False,False,False,True,True,0.0,0.0,0.0,0.0,0.0,0,0.8260731643720874,1.0168852833354587,False,False,False,False,-0.2944713912287369,-0.26976799033173215,False,False,False,False,-4258318,-2677950.4661817774,False,False,False,False,2235363.0243065865,False,False,False,False
2022-07-01 00:00:00+00:00,35.5124772192,35.5913587768,34.739437955,34.8735366029,1096689,,,,,,,,,,,,,,,,,,,,,,,,,,,,,,"rgba(239, 83, 80, 0.5)",3.5674150404822313,37.87411440797736,-0.6620023636100721,42.12662036750635,-13.255978413966005,False,False,False,True,True,0.0,0.0,0.0,0.0,0.0,0,0.8187855517999861,1.0204814655629009,False,False,False,False,-0.2731146356172861,-0.27144131297450913,False,False,False,False,-3161629,-2696918.251821708,False,False,False,False,2190709.141000446,False,False,False,False
2022-07-05 00:00:00+00:00,35.3941548828,35.4316236227,34.3529183229,34.8498721356,2346304,,,,,,,,,,,,,,,,,,,,,,,,,,,,,,"rgba(239, 83, 80, 0.5)",3.585516484294584,37.82041339517624,-0.6766831286381826,42.511774551484294,-12.569165836212314,False,False,False,True,True,0.0,0.0,0.0,0.0,0.0,0,0.81617734392751,1.032190544965223,False,False,False,False,-0.2806068834089484,-0.2760240981917288,False,False,False,False,-5507933,-2807154.1242992883,False,False,False,False,2196810.900176899,False,False,False,False
2022-07-06 00:00:00+00:00,35.1811746774,35.551917998,34.7236616435,35.3941548828,2240223,,,,,,,,,,,,,,,,,,,,,,,,,,,,,,"rgba(239, 83, 80, 0.5)",3.5944886772981186,37.77938534414129,-0.7228317849909861,42.22269901865461,-12.53170876810863,False,False,False,True,True,0.0,0.0,0.0,0.0,0.0,0,0.8519898283082167,1.0036977132054323,False,False,False,False,-0.24071242067055257,-0.25836825943114067,False,False,False,False,-7748156,-3000918.903738532,False,False,False,False,2198513.3354640794,False,False,False,False
2022-07-07 00:00:00+00:00,36.1593059913,36.2229634083,35.5124772192,35.5282535307,1403233,,,,,,,,,,,,,,,,,,,,,,,,,,,,,,#000000,3.58009210289547,37.77999445017313,-0.4526946269238051,45.15126671214835,-9.48836274879222,True,False,False,True,True,0.0,0.0,0.0,0.0,0.0,0,0.8710118295907213,0.9619375494731284,False,False,False,False,-0.15540723395717865,-0.20688774669415966,False,False,False,False,-6344923,-3132056.3192781974,False,False,False,False,2167325.871328233,False,False,False,False
2022-07-08 00:00:00+00:00,35.843779761,36.1593059913,35.5361416865,35.8989968513,1489747,,,,,,,,,,,,,,,,,,,,,,,,,,,,,,"rgba(239, 83, 80, 0.5)",3.5649889983410215,37.77441976056313,-0.5415556683236767,46.18768827365204,-8.329723883899739,True,False,False,False,True,0.0,0.0,0.0,0.0,0.0,0,0.8855043974508857,0.958830757730747,False,False,False,False,-0.15765405408478717,-0.1822709003894734,False,False,False,False,-7834670,-3316472.5420516017,False,False,False,False,2140754.1508839885,False,False,False,False
2022-07-11 00:00:00+00:00,35.0707404968,35.5913587768,34.9287536932,35.4651482847,1292615,,,,,,,,,,,,,,,,,,,,,,,,,,,,,,"rgba(239, 83, 80, 0.5)",3.54837893395491,37.75206789282805,-0.7556485499251713,44.83920222294189,-8.329723883899739,True,False,False,True,True,0.0,0.0,0.0,0.0,0.0,0,0.8699076125116662,0.9689904363156768,False,False,False,False,-0.22449666910987362,-0.2033837847496735,False,False,False,False,-9127285,-3544347.540402519,False,False,False,False,2107493.792025793,False,False,False,False
2022-07-12 00:00:00+00:00,35.4020430386,35.7491218919,34.7867668895,34.7867668895,1519416,,,,,,,,,,,,,,,,,,,,,,,,,,,,,,"rgba(239, 83, 80, 0.5)",3.539580963838307,37.72994610186166,-0.6576775858623926,45.02785130742767,-8.329723883899739,True,False,False,True,True,0.0,0.0,0.0,0.0,0.0,0,0.8654353350524033,0.9746675679750716,False,False,False,False,-0.2220448014816661,-0.2127142931156698,False,False,False,False,-7607869,-3703701.3231318323,False,False,False,False,2084431.917828703,False,False,False,False
2022-07-13 00:00:00+00:00,34.8262076683,35.1377898207,34.2267078308,34.7157734877,1588870,,,,,,,,,,,,,,,,,,,,,,,,,,,,,,"rgba(239, 83, 80, 0.5)",3.5228184228432817,37.69144254447727,-0.813335952145023,43.68054381238041,-8.329723883899739,True,False,False,True,False,0.0,0.0,0.0,0.0,0.0,1,0.8618331004830615,0.9796780928888609,False,False,False,False,-0.29153369902904414,-0.25212399607235697,False,False,False,False,-9196739,-3919114.5653619566,False,False,False,False,2064998.1171295384,False,False,False,False
2022-07-14 00:00:00+00:00,34.1004973387,34.380526868,33.2959054514,34.187267052,2143857,,,,,,,,,,,,,,,,,,,,,,,,,,,,,,"rgba(239, 83, 80, 0.5)",3.5052979246036164,37.2051857418592,-0.88571313193308,41.158122370140404,-4.717245914108261,False,False,False,True,False,0.0,0.0,0.0,0.0,0.0,1,0.847682493945536,0.9645868939865444,False,False,False,False,-0.34282825441539394,-0.29747612524387546,False,False,False,False,-11340596,-4210153.052994821,False,False,False,False,2068090.6223401448,False,False,False,False
2022-07-15 00:00:00+00:00,35.2994970138,35.3152733253,34.1793788962,34.6368919302,1661710,,,,,,,,,,,,,,,,,,,,,,,,,,,,,,"rgba(239, 83, 80, 0.5)",3.4568436143396184,37.22826885349602,-0.5579575054234797,43.26017038403491,-4.717245914108261,False,False,False,True,False,0.0,0.0,0.0,0.0,0.0,1,0.8500340311463691,0.9576931187346368,False,False,False,False,-0.24026230886277622,-0.26886921705332584,False,False,False,False,-9678886,-4424613.168563652,False,False,False,False,2052154.1273464137,False,False,False,False
2022-07-18 00:00:00+00:00,35.4730364404,36.0962007452,35.4099311944,35.8043389822,1187176,,,,,,,,,,,,,,,,,,,,,,,,,,,,,,"rgba(239, 83, 80, 0.5)",3.377164967363235,37.25609602553224,-0.527975269897574,45.14327692580082,-4.717245914108261,True,False,False,True,True,0.0,0.0,0.0,0.0,0.0,1,0.868244549965991,0.9578814170503329,False,False,False,False,-0.13223378846552553,-0.20055150275942568,False,False,False,False,-8491710,-4584107.161953312,False,False,False,False,2018233.4164700839,False,False,False,False
2022-07-19 00:00:00+00:00,36.948121567,37.1532136167,35.8358916053,35.9936547204,2165222,,,,,,,,,,,,,,,,,,,,,,,,,,,,,,#000000,3.290949043898126,37.33675574689238,-0.11809182540001933,49.882874185109344,-4.729829495930204,True,False,False,False,True,0.0,0.0,0.0,0.0,0.0,1,0.8864643458536672,0.9331560006133277,False,False,False,False,-0.05464541009719599,-0.12759845642831083,False,False,False,False,-6326488,-4652435.822268869,False,False,False,False,2023997.6746477277,False,False,False,False
2022-07-20 00:00:00+00:00,37.5160687816,37.7251049091,36.7272532058,36.7272532058,1429855,,,,,,,,,,,,,,,,,,,,,,,,,,,,,,#000000,3.2179096615146596,37.39404201557949,0.03792112857608109,54.122764416531055,-0.9484984466466457,True,False,True,False,True,0.0,0.0,0.0,0.0,0.0,1,0.9192317814519857,0.893335981092688,False,False,False,False,0.02126714073770332,-0.053165657845303756,False,False,False,False,-4896633,-4662012.182179894,False,False,False,False,2000697.9619164444,False,False,False,False
2022-07-21 00:00:00+00:00,37.8947002579,37.9183647252,37.1689899282,37.468739847,1626909,,,,,,,,,,,,,,,,,,,,,,,,,,,,,,#000000,3.1267752943848905,37.45627069037733,0.14021780468523162,57.638039363345996,2.096261457648275,True,False,True,False,True,0.0,0.0,0.0,0.0,0.0,0,0.951220946255867,0.8816941310896118,False,False,False,False,0.05423526463398799,0.0005348033943421183,False,False,False,False,-3269724,-4607412.64562382,False,False,False,False,1986039.5712530543,False,False,False,False
2022-07-22 00:00:00+00:00,37.8631476349,38.3048843573,37.468739847,37.9183647252,2083564,,,,,,,,,,,,,,,,,,,,,,,,,,,,,,#000000,2.992171712391087,37.52733303773228,0.11223105805628106,59.87294160334501,3.97211356216674,True,False,True,False,True,0.0,0.0,0.0,0.0,0.0,0,0.9551840105689563,0.8716171727100996,False,False,False,False,0.09000057762910797,0.045267690511725044,False,False,False,False,-5353288,-4636662.659520925,False,False,False,False,1989864.0586548953,False,False,False,False
2022-07-25 00:00:00+00:00,38.0682396846,38.1547727532,37.6659437409,37.9814699712,2052836,,,,,,,,,,,,,,,,,,,,,,,,,,,,,,#000000,2.859269929608758,37.586241963048685,0.16857370357378934,61.776187544861095,5.631327193394384,True,False,True,False,True,0.0,0.0,0.0,0.0,0.0,0,0.9531956767004275,0.8776173658747112,False,False,False,False,0.09246221822483483,0.06886495436827994,False,False,False,False,-3300452,-4584262.241500496,False,False,False,False,1992333.5465507817,False,False,False,False
2022-07-26 00:00:00+00:00,37.3504175107,37.9148939366,37.1058846822,37.8000423888,1656074,,,,,,,,,,,,,,,,,,,,,,,,,,,,,,#000000,2.7405211100309828,37.61175752046418,-0.09536142918498751,60.46387249657924,5.631327193394384,True,False,True,False,True,0.0,0.0,0.0,0.0,0.0,0,0.9743936021121503,0.8562438719038634,False,False,False,False,0.05077443699404389,0.05981969568116191,False,False,False,False,-4956526,-4598860.820265182,False,False,False,False,1979146.8976664373,False,False,False,False
2022-07-27 00:00:00+00:00,38.1550093979,38.4705356282,37.6060726387,37.6659437409,1933380,,,,,,,,,,,,,,,,,,,,,,,,,,,,,,#000000,2.640531345896383,37.65657347061896,0.18876349567129994,61.37490150070756,5.631327193394384,True,False,True,False,True,0.0,0.0,0.0,0.0,0.0,0,0.9598646288805955,0.8649132271889666,False,False,False,False,0.10585870433717195,0.08283920000916693,False,False,False,False,-3023146,-4537068.082215568,False,False,False,False,1977352.1173657929,False,False,False,False
2022-07-28 00:00:00+00:00,38.8570552603,39.0069302197,37.8000423888,38.0997923076,2035380,,,,,,,,,,,,,,,,,,,,,,,,,,,,,,#000000,2.5410768758386344,37.71217230299408,0.45055030337406743,63.31588307070345,7.112634156076176,True,False,True,False,True,0.021336275853631292,0.0,0.0,0.0,0.0,0,0.944944989519673,0.8614066293275653,False,False,False,False,0.14432084780826718,0.11358002390871705,False,False,False,False,-987766,-4397879.765265938,False,False,False,False,1979627.72060635,False,False,False,False
2022-07-29 00:00:00+00:00,39.1646933348,39.5196603439,38.7229566124,38.9280486621,1730428,,,,,,,,,,,,,,,,,,,,,,,,,,,,,,"rgba(38, 166, 154, 0.5)",2.476191569351664,37.76864823836621,0.5637871938960327,65.15429781453525,8.988956295390835,True,False,True,False,True,0.7551272778570919,0.0,0.0,0.0,0.0,0,0.949369727307378,0.8736769387601663,False,False,False,False,0.22129386166706472,0.1674369427878909,False,False,False,False,742662,-4196289.892118254,False,False,False,False,1969855.182543356,False,False,False,False
2022-08-01 00:00:00+00:00,39.125252556,39.3520370341,38.509976407,38.7545092354,1775934,,,,,,,,,,,,,,,,,,,,,,,,,,,,,,"rgba(38, 166, 154, 0.5)",2.423820936105399,37.817681197341706,0.5394669792560263,66.21992187417182,10.163362416897009,True,False,True,False,True,0.6582615010967494,0.0,0.0,0.0,0.0,0,0.989316398483699,0.8657400186811962,False,False,False,False,0.2006713572414431,0.18405415001466702,False,False,False,False,-1033272,-4072249.974780283,False,False,False,False,1962250.4302867537,False,False,False,False
2022-08-02 00:00:00+00:00,38.6361868991,39.0384828427,38.509976407,38.9911539082,1787298,,,,,,,,,,,,,,,,,,,,,,,,,,,,,,#000000,2.3527063560297683,37.85626715786916,0.33149897318548593,64.95155324496474,10.163362416897009,True,False,True,False,True,0.0,0.0,0.0,0.0,0.0,0,0.9969360723817725,0.8458920978337487,False,False,False,False,0.18380820886915752,0.18393117944191228,False,False,False,False,-2820570,-4023164.485573213,False,False,False,False,1955389.5506676654,False,False,False,False
2022-08-03 00:00:00+00:00,39.2277985809,39.3737294624,38.7071803009,39.0858117772,1219344,,,,,,,,,,,,,,,,,,,,,,,,,,,,,,"rgba(38, 166, 154, 0.5)",2.278470031182429,37.886571167781746,0.5886526461891686,65.40385741957346,10.163362416897009,True,False,True,False,True,0.9097592153821168,0.0,0.0,0.0,0.0,0,0.9901994815087919,0.843303090670054,False,False,False,False,0.21251030347459532,0.1982207414582538,False,False,False,False,-1601226,-3928186.505746813,False,False,False,False,1926525.0192689335,False,False,False,False
2022-08-04 00:00:00+00:00,39.6537589918,39.6537589918,39.1094762445,39.3303446057,1105803,,,,,,,,,,,,,,,,,,,,,,,,,,,,,,"rgba(38, 166, 154, 0.5)",2.2256978638093723,37.91773948635419,0.7799888447008415,66.5569600816556,11.077796652693664,True,False,True,False,True,1.9442711807072968,0.0,0.0,0.0,0.0,0,0.9822189980125261,0.844323257956274,False,False,False,False,0.24980969860146254,0.2240152200298582,False,False,False,False,-495423,-3793568.3290508594,False,False,False,False,1894339.8420427009,False,False,False,False
2022-08-05 00:00:00+00:00,39.32245645,39.385561696,38.7616085756,39.1568051791,1265902,,,,,,,,,,,,,,,,,,,,,,,,,,,,,,"rgba(38, 166, 154, 0.5)",2.140651190774978,37.946687999913195,0.6426868870629662,65.92728369580996,11.077796652693664,True,False,True,False,True,1.1009480084390475,0.0,0.0,0.0,0.0,0,0.9942414387960316,0.8313294687262188,False,False,False,False,0.21610544068580062,0.2200603303578294,False,False,False,False,-1761325,-3713872.512225336,False,False,False,False,1869695.2207861245,False,False,False,False
2022-08-08 00:00:00+00:00,39.6300945245,40.134936493,39.5433248112,39.645870836,1603727,,,,,,,,,,,,,,,,,,,,,,,,,,,,,,"rgba(38, 166, 154, 0.5)",2.0327341672951307,37.99285579808894,0.8054367131486081,66.19743389259835,11.264989946721911,True,False,True,False,True,1.8605025350797604,0.0,0.0,0.0,0.0,0,0.9889560826827375,0.8223736416165527,False,False,False,False,0.3009423025328716,0.26050131644535046,False,False,False,False,-157598,-3574410.7666478716,False,False,False,False,1859265.0944807862,False,False,False,False
2022-08-09 00:00:00+00:00,39.5985419015,39.677423459,39.1804696463,39.4407787863,1860182,,,,,,,,,,,,,,,,,,,,,,,,,,,,,,"rgba(38, 166, 154, 0.5)",1.952796073791823,38.036752929597526,0.7997706431629005,66.23147197099624,11.63910640172034,True,False,True,False,True,1.777912871030626,0.0,0.0,0.0,0.0,0,0.970599110270871,0.8527687974786115,False,False,False,False,0.255036133785925,0.25776872511563775,False,False,False,False,-2017780,-3513366.422857759,False,False,False,False,1859301.0515599712,False,False,False,False
2022-08-10 00:00:00+00:00,41.7835610462,41.9097715383,40.210347262,40.4189101002,2877577,,,,,,,,,,,,,,,,,,,,,,,,,,,,,,"rgba(0, 255, 255, 0.75)",1.9823134094765813,38.155842340488995,1.8300429631199855,69.99940397253832,15.456775319364183,True,False,True,False,True,6.945336571396677,0.0,0.0,0.0,0.0,0,0.9607922249774526,0.8530801819135628,False,False,False,False,0.34282824415959656,0.30029848463761716,False,False,False,False,859797,-3341869.8180398075,False,False,False,False,1899233.4416948743,False,False,False,False
2022-08-11 00:00:00+00:00,42.2489622359,42.6591463353,41.6257979311,42.0359820305,2844077,,,,,,,,,,,,,,,,,,,,,,,,,,,,,,"rgba(0, 255, 255, 0.75)",2.021067738784044,38.677424259815275,1.7671540184167742,73.05391557464924,18.417467942291367,True,False,True,False,True,7.973412625875849,0.0,0.0,0.0,0.0,0,0.9646391311972222,0.8549457535731599,False,False,False,False,0.3428282454963817,0.32156336506699945,False,False,False,False,3703874,-3065566.1389009915,False,False,False,False,1936286.1302558596,False,False,False,False
2022-08-12 00:00:00+00:00,42.375172728,42.5802647777,42.020205719,42.5566003104,1891500,,,,,,,,,,,,,,,,,,,,,,,,,,,,,,"rgba(0, 255, 255, 0.75)",2.0893768855212373,38.75942657296763,1.7305380279108213,75.23720155637926,20.482451568676225,True,False,True,False,True,8.252438612251524,0.0,0.0,0.0,0.0,0,0.9784044354125757,0.8497814027524233,False,False,False,False,0.342828245662665,0.33219580536483223,False,False,False,False,5595374,-2725921.427571541,False,False,False,False,1934529.8114222963,False,True,False,False
2022-08-15 00:00:00+00:00,41.9334360056,42.2568503917,41.7204558002,41.7756728905,1358464,,,,,,,,,,,,,,,,,,,,,,,,,,,,,,"rgba(38, 166, 154, 1.0)",2.1369945566607815,38.801219046491,1.4657112482323453,74.69422001787282,20.482451568676225,True,False,True,False,True,7.032811392386424,0.0,0.0,0.0,0.0,0,0.968757378452564,0.8553166809657717,False,False,False,False,0.3157929705367823,0.32399438795080726,False,False,False,False,4236910,-2452869.214725598,False,False,False,False,1911938.9952880887,False,False,False,False
2022-08-16 00:00:00+00:00,41.8624426038,42.0320379526,41.4285940372,41.8151136693,1569663,,,,,,,,,,,,,,,,,,,,,,,,,,,,,,"rgba(38, 166, 154, 1.0)",2.165277349638707,38.84313144253696,1.3944223643067413,74.00982793936879,20.482451568676225,True,False,True,False,True,6.836202110137062,0.0,0.0,0.0,0.0,0,0.963530053027462,0.8582921336218793,False,False,False,False,0.29371316342211834,0.3088537756864628,False,False,False,False,2667247,-2252080.3435598887,False,False,False,False,1898516.4072375754,False,False,False,False
2022-08-17 00:00:00+00:00,41.4049295699,41.7125676444,40.9671369254,41.302383545,1312281,,,,,,,,,,,,,,,,,,,,,,,,,,,,,,"rgba(38, 166, 154, 1.0)",2.201447647606705,38.86803701635837,1.152374691398907,71.49029845528355,20.482451568676225,True,False,True,False,False,5.566418006751796,0.0,0.0,0.0,0.0,0,0.9481862962546149,0.8736050433862659,False,False,False,False,0.2608542595156828,0.28485401760107276,False,False,False,False,1354966,-2110627.5457732263,False,False,False,False,1875526.7834243372,False,False,False,False
2022-08-18 00:00:00+00:00,41.3812651026,41.6336860868,41.1761730529,41.4049295699,1263299,,,,,,,,,,,,,,,,,,,,,,,,,,,,,,"rgba(38, 166, 154, 1.0)",2.2334067348848374,38.89423533194653,1.113558821063421,69.70374056977775,24.437941936974042,True,False,True,False,False,5.500493005662861,0.0,0.0,0.0,0.0,0,0.9572129639971103,0.8686045331901464,False,False,False,False,0.26629086569874694,0.27557244164990985,False,False,False,False,91667,-2024263.0537821194,False,False,False,False,1851517.85074103,False,False,False,False
2022-08-19 00:00:00+00:00,40.7423244863,41.1998375202,40.3676370878,41.1998375202,1098594,,,,,,,,,,,,,,,,,,,,,,,,,,,,,,"rgba(38, 166, 154, 0.5)",2.24856773773065,38.905640014040216,0.8168241683096651,65.74984041324765,20.707289202179908,True,False,True,False,False,3.7256896063706435,0.0,0.0,0.0,0.0,0,0.9411261964095803,0.8722754670679262,False,False,False,False,0.21497124649855004,0.24527184407422994,False,False,False,False,-1006927,-1984367.522261252,False,False,False,False,1821991.4252217738,False,False,False,False
2022-08-22 00:00:00+00:00,40.2453706736,40.3636930099,39.7326405493,39.9850615336,1991856,,,,,,,,,,,,,,,,,,,,,,,,,,,,,,"rgba(38, 166, 154, 0.5)",2.238451863014063,38.9090107063832,0.5970018785292973,61.246626583150324,16.596669212214778,True,False,True,False,False,2.371859397434836,0.0,0.0,0.0,0.0,0,0.9421034804410577,0.8694029431558935,False,False,False,False,0.15559216332198478,0.20043200369810737,False,False,False,False,-2998783,-2024148.5213882616,False,False,False,False,1828652.7810954298,False,False,False,False
2022-08-23 00:00:00+00:00,40.3005877639,40.7028837075,40.0323904681,40.3242522311,1276945,,,,,,,,,,,,,,,,,,,,,,,,,,,,,,"rgba(38, 166, 154, 0.5)",2.2557924660582827,38.91842936150275,0.6127152312075921,58.43072195013369,14.139445614567308,True,False,True,False,False,2.5131906232865653,0.0,0.0,0.0,0.0,0,0.9656367702588132,0.8413575645374409,False,False,False,False,0.18122411011852532,0.19082805690831633,False,False,False,False,-1721838,-2012293.206824016,False,False,False,False,1807017.1818367855,False,False,False,False
2022-08-24 00:00:00+00:00,40.2532588293,40.6476666172,39.9850615336,40.0402786239,917251,,,,,,,,,,,,,,,,,,,,,,,,,,,,,,"rgba(38, 166, 154, 0.5)",2.2745280098865432,38.92522820318289,0.5838708603915395,56.361447226388016,12.333118846128109,True,False,True,False,False,2.381487095810492,0.0,0.0,0.0,0.0,0,0.9853224588540123,0.8230959465249552,False,False,False,False,0.17709529486873024,0.1839616758885233,False,False,False,False,-2639089,-2036873.434007388,False,False,False,False,1772124.390392206,False,False,False,False
2022-08-25 00:00:00+00:00,40.6397784614,40.7817652651,40.3005877639,40.4346864117,1245894,,,,,,,,,,,,,,,,,,,,,,,,,,,,,,"rgba(38, 166, 154, 0.5)",2.2938224696500034,38.93994366360691,0.7410489784122013,56.40341045752359,12.333118846128109,False,False,True,False,False,3.395355846351194,0.0,0.0,0.0,0.0,0,0.9965238693794203,0.8107914843302696,False,False,False,False,0.19524489941561024,0.18960328765206677,False,False,False,False,-1393195,-2011631.1424776865,False,False,False,False,1751487.9044944725,False,False,False,False
2022-08-26 00:00:00+00:00,38.7939500142,40.6003376826,38.7545092354,40.4820153463,1949630,,,,,,,,,,,,,,,,,,,,,,,,,,,,,,#000000,2.2952861491519982,38.93336732129339,-0.06074070858001608,50.4210273737765,6.7590510090364475,False,False,False,False,False,0.0,0.0,0.0,0.0,0.0,0,0.9565304790048947,0.8339466291535843,False,False,False,False,0.12609639487667934,0.15784984126437307,False,False,False,False,-3342825,-2063834.823164836,False,False,False,False,1759258.1827495913,False,False,False,False
2022-08-29 00:00:00+00:00,38.833390793,39.06214731,38.4310948494,38.5573053415,1463953,,,,,,,,,,,,,,,,,,,,,,,,,,,,,,#000000,2.2954247876202825,38.91956599968122,-0.0375421608871613,46.585540470078996,3.30750131582478,False,True,False,True,False,0.0,0.0,0.0,0.0,0.0,0,0.9926768851571792,0.8490161173848099,False,False,False,False,0.05288307661147459,0.10536645893792383,False,False,False,False,-1878872,-2056581.3791191562,False,False,False,False,1747677.5873476467,False,False,False,False
2022-08-30 00:00:00+00:00,38.4468711609,39.3210232727,38.344029736,39.0401870739,1541835,,,,,,,,,,,,,,,,,,,,,,,,,,,,,,#000000,2.283210069206876,38.906079690893,-0.2011240823550307,43.06461848950516,0.1598914285320987,False,True,False,True,False,0.0,0.0,0.0,0.0,0.0,0,0.9923374652183986,0.8324503453664378,False,False,False,False,0.059604561823845714,0.08248551038088478,False,False,False,False,-3420707,-2110076.50150664,False,False,False,False,1739605.329020288,False,False,False,False
2022-08-31 00:00:00+00:00,38.0592380978,38.8740586183,38.0355054612,38.4152276456,1552875,,,,,,,,,,,,,,,,,,,,,,,,,,,,,,#000000,2.2829528003145767,38.887741627536705,-0.3629087424070023,39.80756148077145,-2.7635905685570847,False,True,False,True,False,0.0,0.0,0.0,0.0,0.0,0,0.9773738498360113,0.8548299483801413,False,False,False,False,0.030080751407380337,0.05628313089413256,False,False,False,False,-4973582,-2222370.8347808896,False,False,False,False,1732282.5710194926,False,False,False,False
2022-09-01 00:00:00+00:00,37.5608527309,37.8614661268,36.8805171507,37.7190703077,2000261,,,,,,,,,,,,,,,,,,,,,,,,,,,,,,"rgba(239, 83, 80, 0.5)",2.282996850386495,38.847613924255924,-0.5636281071251072,36.562091022317894,-5.713312729349461,False,True,False,True,False,0.0,0.0,0.0,0.0,0.0,0,0.9694212408289222,0.8648516927776743,False,False,False,False,-0.05451310134766788,0.0008850147732323392,False,False,False,False,-6973843,-2408703.076554188,False,False,False,False,1742791.5290187283,False,False,False,False
2022-09-02 00:00:00+00:00,37.6320506404,38.4152276456,37.4105460329,37.995951067,1866934,,,,,,,,,,,,,,,,,,,,,,,,,,,,,,"rgba(239, 83, 80, 0.5)",2.2820779462995864,38.82167958248107,-0.5212919847939728,34.747649611281524,-7.385742045210662,False,True,False,True,False,0.0,0.0,0.0,0.0,0.0,0,0.9699792635465927,0.8608901886748065,False,False,False,False,-0.012194346992576217,-0.005654666109671939,False,False,False,False,-5106909,-2514515.0735520627,False,False,False,False,1747659.8612140722,False,False,False,False
2022-09-06 00:00:00+00:00,37.3709916387,37.8219117326,36.8093192411,37.6636941558,1734645,,,,,,,,,,,,,,,,,,,,,,,,,,,,,,"rgba(239, 83, 80, 0.5)",2.273452155533887,38.65877708021556,-0.5664449275437433,32.94696186226282,-9.156269869703607,False,True,False,True,False,0.0,0.0,0.0,0.0,0.0,0,0.9424701538145152,0.8961704292344675,False,False,False,False,-0.0588460928156661,-0.03225037946266902,False,False,False,False,-6841554,-2684202.874589237,False,False,False,False,1747149.474499795,False,False,False,False
2022-09-07 00:00:00+00:00,38.1383468862,38.193723038,37.15739791,37.355169881,1458040,,,,,,,,,,,,,,,,,,,,,,,,,,,,,,#000000,2.267140081334081,38.66436505679969,-0.23201838074785391,35.410539902228024,-9.156269869703607,False,True,False,True,False,0.0,0.0,0.0,0.0,0.0,0,0.9374145656114947,0.8939939188923169,False,False,False,False,-0.030713801626185717,-0.03148209054442737,False,False,False,False,-5383514,-2790058.2128406395,False,False,False,False,1735811.8480488225,False,False,False,False
2022-09-08 00:00:00+00:00,39.1034741046,39.1272067411,37.6241397616,37.7902682172,1703172,,,,,,,,,,,,,,,,,,,,,,,,,,,,,,#000000,2.268990170703164,38.69344974769773,0.18070785946825066,40.57533055505282,-9.156269869703607,False,True,False,True,True,0.0,0.0,0.0,0.0,0.0,0,0.9561625242755667,0.880560685422648,False,False,False,False,0.02390609995196364,-0.0037879952962318643,False,False,False,False,-3680342,-2824971.3025331637,False,False,False,False,1734531.8540076923,False,False,False,False
2022-09-09 00:00:00+00:00,39.7917205637,39.8866511097,39.332889591,39.4990180466,1713289,,,,,,,,,,,,,,,,,,,,,,,,,,,,,,#000000,2.2762868472283118,38.74616287267443,0.45932598182811313,46.01484541028268,-12.481951766329232,False,True,False,True,True,1.5539147837380831,0.0,0.0,0.0,0.0,0,0.9957460183027516,0.8470431749970836,False,False,False,False,0.12073895762607849,0.058475481164923314,False,False,False,False,-1967053,-2791327.4475318636,False,False,False,False,1733698.8009093516,False,False,False,False
2022-09-12 00:00:00+00:00,40.6065410841,40.7014716302,40.0923339596,40.0923339596,1987004,,,,,,,,,,,,,,,,,,,,,,,,,,,,,,"rgba(38, 166, 154, 0.5)",2.2924778518546547,38.95386284328952,0.7209135039073268,51.61093219718204,-7.378339337617625,False,False,False,False,True,3.671633405686908,0.0,0.0,0.0,0.0,0,1.0165682815749915,0.8255438956355693,False,False,False,False,0.1835834971488217,0.1210294891568725,False,False,False,False,19951,-2681081.233903163,False,False,False,False,1743632.3381285928,False,False,False,False
2022-09-13 00:00:00+00:00,39.0718305892,39.8154532002,38.9294347701,39.6493247445,1714624,,,,,,,,,,,,,,,,,,,,,,,,,,,,,,#000000,2.2924314474252787,38.91811158673904,0.06705500512724513,50.71105768070353,-7.378339337617625,False,False,False,False,True,0.0,0.0,0.0,0.0,0.0,0,0.9806012597052841,0.8358085480437449,False,False,False,False,0.101997491382003,0.11151349026943774,False,False,False,False,-1694673,-2642398.5580638237,False,False,False,False,1742494.756241197,False,False,False,False
2022-09-14 00:00:00+00:00,39.3408004698,39.7047008964,39.0006326797,39.0639197104,1124531,,,,,,,,,,,,,,,,,,,,,,,,,,,,,,#000000,2.297235966492146,38.914263194730694,0.1856741237255767,50.80763167785115,-7.378339337617625,False,False,False,False,True,0.242819932304716,0.0,0.0,0.0,0.0,0,0.9917750361801675,0.8349032954052673,False,False,False,False,0.10043909981602545,0.1059762950427316,False,False,False,False,-570142,-2561133.595002497,False,False,False,False,1718260.8834474245,False,False,False,False
2022-09-15 00:00:00+00:00,38.6050887377,39.5860377138,38.5576234647,38.984810922,1623642,,,,,,,,,,,,,,,,,,,,,,,,,,,,,,#000000,2.290114302647733,38.89576165521788,-0.12692506971456285,49.00923318126429,-7.378339337617625,False,True,False,False,True,0.0,0.0,0.0,0.0,0.0,0,0.9747171862324785,0.8406165697762232,False,False,False,False,0.07835871800569601,0.0921675065242138,False,False,False,False,-2193784,-2546727.728531811,False,False,False,False,1714550.3389985058,False,False,False,False
2022-09-16 00:00:00+00:00,37.995951067,38.2411883111,37.6083180039,38.1304360073,1278893,,,,,,,,,,,,,,,,,,,,,,,,,,,,,,#000000,2.2797555677832366,38.85747480873443,-0.37790180399565787,46.43673739111896,-7.378339337617625,False,True,False,True,False,0.0,0.0,0.0,0.0,0.0,0,0.9507707448505853,0.8821632190908778,False,False,False,False,-0.011268699300849243,0.040449403611682276,False,False,False,False,-3472677,-2583039.4646678185,False,False,False,False,1697465.7374691528,False,False,False,False
2022-09-19 00:00:00+00:00,38.2728318264,38.3202970995,37.4817439425,37.5687636097,1331546,,,,,,,,,,,,,,,,,,,,,,,,,,,,,,#000000,2.2740969237750184,38.82816839640473,-0.24420092397946858,45.57106385600373,-7.378339337617625,False,True,False,True,False,0.0,0.0,0.0,0.0,0.0,0,0.9478482439163762,0.8797063928741343,False,False,False,False,-0.01312001558055439,0.013664694015563944,False,False,False,False,-2141131,-2565709.720955355,False,False,False,False,1683115.9438429116,False,False,False,False
2022-09-20 00:00:00+00:00,37.5133874578,38.059158989,37.2048631831,37.9168422787,1665734,,,,,,,,,,,,,,,,,,,,,,,,,,,,,,"rgba(239, 83, 80, 0.5)",2.255723028495755,38.78475885009603,-0.5636203453328468,43.30196544946319,-7.378339337617625,False,True,False,True,False,0.0,0.0,0.0,0.0,0.0,0,0.9557183425725766,0.8744977306911325,False,False,False,False,-0.034114034167980804,-0.01022467007620843,False,False,False,False,-3806865,-2614382.476996321,False,False,False,False,1682434.298986327,False,False,False,False
2022-09-21 00:00:00+00:00,36.7381213315,37.8456443691,36.7222995739,37.5924962462,1777530,,,,,,,,,,,,,,,,,,,,,,,,,,,,,,"rgba(239, 83, 80, 0.5)",2.251738624834745,38.73138376395189,-0.8852103927462621,40.3025545732638,-1.6919019723396076,False,True,False,True,False,0.0,0.0,0.0,0.0,0.0,0,0.9487849803800784,0.8826377988254024,False,False,False,False,-0.06132306883705616,-0.035773869456632294,False,False,False,False,-5584395,-2730853.556329799,False,False,False,False,1686163.5421633336,False,False,False,False
2022-09-22 00:00:00+00:00,36.0419639936,36.912160666,35.9707660841,36.714388695,1913799,,,,,,,,,,,,,,,,,,,,,,,,,,,,,,"rgba(239, 83, 80, 1.0)",2.2491586907308374,38.658358468745114,-1.163276955924772,37.13604679383941,-4.916322699812461,False,True,False,True,False,0.0,0.0,0.0,0.0,0.0,0,0.9500553187070467,0.894316803144447,False,False,False,False,-0.12764704760233375,-0.08171045852948303,False,False,False,False,-7498194,-2917808.083532552,False,False,False,False,1695090.4228628108,False,False,False,False
2022-09-23 00:00:00+00:00,34.6575601967,35.5040242325,34.396501195,35.4644698383,3631515,,,,,,,,,,,,,,,,,,,,,,,,,,,,,,"rgba(255, 0, 0, 1.0)",2.2627926248459045,38.47028858283861,-1.6849658887315233,33.15123757858139,-8.83004931956453,False,True,False,True,False,0.0,0.0,0.0,0.0,0.0,0,0.9542974478631341,0.9062144869994845,False,False,False,False,-0.32305503204053243,-0.20238274528500771,False,False,False,False,-11129709,-3239843.413590099,False,False,False,False,1771028.6415740731,False,False,False,False
2022-09-26 00:00:00+00:00,33.755720009,34.7841342581,33.5065273255,34.3885903161,2561651,,,,,,,,,,,,,,,,,,,,,,,,,,,,,,"rgba(255, 0, 0, 1.0)",2.300846035357497,38.33254795428,-1.9891934857644098,29.523966455163276,-12.328426966425724,False,True,False,True,False,0.0,0.0,0.0,0.0,0.0,0,0.919081183743579,0.9424240708958336,False,False,False,False,-0.34282825441539394,-0.2726054998502008,False,False,False,False,-13691360,-3649706.8091355856,False,False,False,False,1802033.4399437173,False,False,False,False
2022-09-27 00:00:00+00:00,32.8301471847,34.3806794373,32.7391720781,34.151263951,3352837,,,,,,,,,,,,,,,,,,,,,,,,,,,,,,"rgba(255, 26, 202, 1.0)",2.3673627195343574,38.148971698109676,-2.246729860836808,26.248541487306124,-15.46771289986389,False,True,False,True,False,0.0,0.0,0.0,0.0,0.0,0,0.8818668917246778,0.9660347784164575,False,False,False,False,-0.34282825441539394,-0.3077168771327974,False,False,False,False,-17044197,-4174980.9342675237,False,False,False,False,1862849.2658282775,False,False,False,False
2022-09-28 00:00:00+00:00,33.4551066131,33.6410122658,32.8697015789,32.9567212462,3844510,,,,,,,,,,,,,,,,,,,,,,,,,,,,,,"rgba(255, 0, 0, 1.0)",2.4161336745464483,37.96887362405838,-1.8681776834246133,26.17947734221457,-15.666584748207683,False,True,False,True,False,0.0,0.0,0.0,0.0,0.0,0,0.8803084595265033,1.0095743102047463,False,False,False,False,-0.34282825441539394,-0.3252725657740957,False,False,False,False,-13199687,-4528890.976060954,False,False,False,False,1940561.4514820706,False,False,False,False
2022-09-29 00:00:00+00:00,32.2130986352,33.0753844288,31.8412873298,32.9725430038,3758782,,,,,,,,,,,,,,,,,,,,,,,,,,,,,,"rgba(255, 26, 202, 1.0)",2.4856008329871613,37.77879792569592,-2.239176627490561,24.855129515623048,-17.197212769552237,False,True,False,True,False,0.0,0.0,0.0,0.0,0.0,0,0.8345377675572493,1.0250363434515424,False,False,False,False,-0.34282825441539394,-0.3340504100947448,False,False,False,False,-16958469,-5016325.4083722895,False,False,False,False,2011864.2180906169,False,False,False,False
2022-09-30 00:00:00+00:00,32.3475835755,33.3008444757,32.1656333622,32.371316212,2691236,,,,,,,,,,,,,,,,,,,,,,,,,,,,,,"rgba(255, 26, 202, 1.0)",2.546060006480994,37.66230108653342,-2.0874282214499282,24.41922846463135,-17.960807138062705,False,True,False,True,False,0.0,0.0,0.0,0.0,0.0,0,0.833445249054677,1.0241823088215043,False,False,False,False,-0.3222776607039774,-0.3281640353993611,False,False,False,False,-14267233,-5379106.098240043,False,False,False,False,2038506.24875373,False,False,False,False
2022-10-03 00:00:00+00:00,33.3680869458,33.7319873725,32.5849099407,32.9725430038,2307487,,,,,,,,,,,,,,,,,,,,,,,,,,,,,,"rgba(255, 0, 0, 1.0)",2.58558473034754,37.583041578703615,-1.6301746306867544,27.33419251832543,-17.960807138062705,False,True,False,True,False,0.0,0.0,0.0,0.0,0.0,0,0.8329108868384857,1.0182260778753929,False,False,False,False,-0.2909949193564182,-0.30957947737788966,False,False,False,False,-11959746,-5637170.408112982,False,False,False,False,2049054.5135084859,False,False,False,False
2022-10-04 00:00:00+00:00,35.0610150175,35.0689258964,33.9455811011,34.0088681318,3421728,,,,,,,,,,,,,,,,,,,,,,,,,,,,,,"rgba(239, 83, 80, 0.5)",2.5702416951983995,37.518915738839645,-0.9562916693520996,33.436585752833885,-24.153051052321086,False,True,False,True,True,0.0,0.0,0.0,0.0,0.0,0,0.8484399639139966,0.9855436267156269,False,False,False,False,-0.1950350222478525,-0.25230724981287106,False,False,False,False,-8538018,-5750929.137206591,False,False,False,False,2102884.846312075,False,False,False,False
2022-10-05 00:00:00+00:00,34.3332141643,34.5863622871,33.9376702223,34.3727685585,2221052,,,,,,,,,,,,,,,,,,,,,,,,,,,,,,"rgba(239, 83, 80, 1.0)",2.568168402846864,37.47175086292223,-1.2220914699920369,36.27068728615225,-21.459571692638324,False,True,False,True,True,0.0,0.0,0.0,0.0,0.0,0,0.8534509885101929,0.9840457650829525,False,False,False,False,-0.21217227445783965,-0.23223976213535535,False,False,False,False,-10759070,-5947326.81810045,False,False,False,False,2107518.8523390526,False,False,False,False
2022-10-06 00:00:00+00:00,33.3127107939,34.1037986779,33.1861367325,33.9851354953,2679089,,,,,,,,,,,,,,,,,,,,,,,,,,,,,,"rgba(255, 0, 0, 1.0)",2.5913436197953854,37.40069595273468,-1.5775542570295897,36.605464121399265,-21.03561779816466,False,True,False,True,True,0.0,0.0,0.0,0.0,0.0,0,0.8294819242301862,1.004940903953835,False,False,False,False,-0.25586534512869685,-0.2440525536320261,False,False,False,False,-13438159,-6241084.942880824,False,False,False,False,2129933.3679335997,False,False,False,False
2022-10-07 00:00:00+00:00,31.97577227,33.0832953076,31.7740448596,32.9883647615,3036984,,,,,,,,,,,,,,,,,,,,,,,,,,,,,,"rgba(255, 26, 202, 1.0)",2.643604471924847,37.2938987112319,-2.01169520543279,35.11247398546388,-21.03561779816466,False,True,False,True,True,0.0,0.0,0.0,0.0,0.0,0,0.7988116321418602,1.0307885256979195,False,False,False,False,-0.34282825441539394,-0.29344040402371,False,False,False,False,-16475143,-6642420.552963929,False,False,False,False,2165503.9809558117,False,False,False,False
2022-10-10 00:00:00+00:00,31.6751588741,32.2684747871,31.6751588741,32.1498116045,1552456,,,,,,,,,,,,,,,,,,,,,,,,,,,,,,"rgba(255, 26, 202, 1.0)",2.712203144887106,37.236899536162696,-2.050635724889332,33.76338814843848,-21.03561779816466,False,True,False,True,True,0.0,0.0,0.0,0.0,0.0,0,0.7780111929021551,1.056895028707954,False,False,False,False,-0.34282825441539394,-0.318134329219552,False,False,False,False,-18027599,-7088898.139122207,False,False,False,False,2141462.883663427,False,False,False,False
2022-10-11 00:00:00+00:00,30.7179425345,31.8017329356,30.5280814424,31.6988915107,4295884,,,,,,,,,,,,,,,,,,,,,,,,,,,,,,"rgba(255, 26, 202, 1.0)",2.8158202063508146,37.06029518189066,-2.252399721078102,31.790099882068084,-21.03561779816466,False,True,False,True,False,0.0,0.0,0.0,0.0,0.0,0,0.7617409401634586,1.0622239936992102,False,False,False,False,-0.34282825441539394,-0.330481291817473,False,False,False,False,-22323483,-7686332.839548787,False,False,False,False,2225949.986264861,False,False,False,False
2022-10-12 00:00:00+00:00,30.4015073809,30.7891404441,30.1483592581,30.6546555038,6707002,,,,,,,,,,,,,,,,,,,,,,,,,,,,,,"rgba(255, 26, 202, 1.0)",2.924198740595246,36.784925273896,-2.1829630812632796,30.13728451591755,-21.03561779816466,False,True,False,True,False,0.0,0.0,0.0,0.0,0.0,0,0.7561757582146769,1.0774373178726764,False,False,False,False,-0.34282825441539394,-0.33665477311643344,False,False,False,False,-29030485,-8523358.414468443,False,False,False,False,2401677.5162152587,False,False,False,False
2022-10-13 00:00:00+00:00,30.939447142,31.2519268562,29.214875555,29.6341521335,5073609,,,,,,,,,,,,,,,,,,,,,,,,,,,,,,"rgba(255, 0, 0, 1.0)",3.0078707499350954,36.1263944568371,-1.7244581785799884,30.58740030487067,-21.03561779816466,False,True,False,True,False,0.0,0.0,0.0,0.0,0.0,0,0.7421194995013297,1.0744631763218222,True,False,False,False,-0.34282825441539394,-0.33974151376591366,False,False,False,False,-23956876,-9128594.39821478,False,False,False,False,2506459.1430303464,False,False,False,False
2022-10-14 00:00:00+00:00,29.9822308024,31.5960500857,29.9743199236,31.3982781147,3691295,,,,,,,,,,,,,,,,,,,,,,,,,,,,,,"rgba(255, 0, 0, 1.0)",3.1136018051374923,36.012010689350554,-1.936593136926283,29.72497108697413,-21.03561779816466,False,True,False,True,False,0.0,0.0,0.0,0.0,0.0,0,0.7538950784583359,1.0717868077879698,False,False,False,False,-0.3093217907073303,-0.32453165223662195,False,False,False,False,-27648171,-9854852.304167142,False,False,False,False,2552923.2942840583,False,False,False,False
2022-10-17 00:00:00+00:00,30.8998927478,31.3587237205,30.6151011096,30.7495860499,3265765,,,,,,,,,,,,,,,,,,,,,,,,,,,,,,"rgba(255, 0, 0, 1.0)",3.187255129065406,35.93286667096523,-1.5790935207126156,31.660038203565463,-21.03561779816466,False,True,False,True,False,0.0,0.0,0.0,0.0,0.0,0,0.7675539721940176,1.0638780313935499,False,False,False,False,-0.297241761443568,-0.310886706840095,False,False,False,False,-24382406,-10424560.29223902,False,False,False,False,2580877.8709788015,False,False,False,False
2022-10-18 00:00:00+00:00,31.5881392069,31.9599505124,31.2519268562,31.6751588741,3118517,,,,,,,,,,,,,,,,,,,,,,,,,,,,,,"rgba(239, 83, 80, 1.0)",3.24487064477295,35.87868926800212,-1.322256117671014,34.657003072133975,-21.03561779816466,False,True,False,True,True,0.0,0.0,0.0,0.0,0.0,0,0.7635561846124318,1.0581265679128373,False,False,False,False,-0.26067689893221385,-0.2857818028861544,False,False,False,False,-21263889,-10849632.006268863,False,False,False,False,2601961.7583913975,False,False,False,False
2022-10-19 00:00:00+00:00,30.6546555038,31.3903672359,30.5439032001,31.2796149321,3397823,,,,,,,,,,,,,,,,,,,,,,,,,,,,,,"rgba(255, 0, 0, 1.0)",3.3221561177789005,35.79268190882227,-1.5465939055439109,35.219341257359616,-20.63816317458381,False,True,False,True,True,0.0,0.0,0.0,0.0,0.0,0,0.7560651415347364,1.0559978745316358,False,False,False,False,-0.2984223065362738,-0.2921020547112141,False,False,False,False,-24661712,-11391282.202101458,False,False,False,False,2633172.0031603626,False,False,False,False
2022-10-20 00:00:00+00:00,29.8635676198,31.0462440064,29.8240132256,30.6546555038,3608764,,,,,,,,,,,,,,,,,,,,,,,,,,,,,,"rgba(255, 0, 0, 1.0)",3.4159450212477465,35.68553866157115,-1.7043515061154442,34.505270598291816,-20.63816317458381,False,True,False,True,True,0.0,0.0,0.0,0.0,0.0,0,0.730127876350854,1.0963451380231948,False,False,False,False,-0.330496066132347,-0.31129906042178057,False,False,False,False,-28270476,-12053211.3706465,False,False,False,False,2671430.5128403483,True,False,False,False
2022-10-21 00:00:00+00:00,30.2591115618,30.2670224407,29.3493604953,29.6341521335,5064085,,,,,,,,,,,,,,,,,,,,,,,,,,,,,,"rgba(255, 0, 0, 1.0)",3.499774822635139,35.53446460426152,-1.5073407032768666,35.080121139855635,-20.287162561651577,False,True,False,True,True,0.0,0.0,0.0,0.0,0.0,0,0.6945476533592609,1.1248590023807152,False,False,False,False,-0.34282825441539394,-0.32706365741858723,False,False,False,False,-23206391,-12490590.96395448,False,False,False,False,2765260.1005720994,False,False,False,False
2022-10-24 00:00:00+00:00,30.1404483792,30.4647944117,29.4047366471,30.3777747444,3957986,,,,,,,,,,,,,,,,,,,,,,,,,,,,,,"rgba(239, 83, 80, 1.0)",3.581949686525533,35.4262071069869,-1.4756652634375924,35.27848486705747,-19.77223040406218,False,True,False,True,True,0.0,0.0,0.0,0.0,0.0,0,0.6911291829017379,1.118637272266241,False,False,False,False,-0.3351510106061088,-0.33110733401234804,False,False,False,False,-27164377,-13066033.553603325,False,False,False,False,2812033.665255547,False,False,False,False
2022-10-25 00:00:00+00:00,31.042288567,31.2558822956,30.251200683,30.3461312291,4539725,,,,,,,,,,,,,,,,,,,,,,,,,,,,,,"rgba(239, 83, 80, 1.0)",3.636939834645301,35.336453243557635,-1.1807081974938503,37.84340763862725,-17.060914362600755,False,False,False,True,True,0.0,0.0,0.0,0.0,0.0,0,0.7147113245589326,1.0975022627205047,False,False,False,False,-0.28515144190580827,-0.3081293879590782,False,False,False,False,-22624652,-13440881.33581496,False,False,False,False,2879786.2666180744,False,False,False,False
2022-10-26 00:00:00+00:00,31.2163279014,31.8650199663,30.7654078076,30.9710906574,4179057,,,,,,,,,,,,,,,,,,,,,,,,,,,,,,"rgba(239, 83, 80, 1.0)",3.6884979386657992,35.2692888770078,-1.0988106928626447,40.00041014181994,-14.845768908326363,False,False,False,True,True,0.0,0.0,0.0,0.0,0.0,0,0.7317989048083524,1.0815920421682044,False,False,False,False,-0.24926912247061497,-0.27869925521484656,False,False,False,False,-18445595,-13637144.616763392,False,False,False,False,2930738.0600840324,False,False,False,False
2022-10-27 00:00:00+00:00,31.4694760243,32.3001183025,31.2400605379,31.3429019629,5263564,,,,,,,,,,,,,,,,,,,,,,,,,,,,,,"rgba(239, 83, 80, 1.0)",3.7306805730420134,35.20042266203167,-1.0000713180033634,42.11154661506063,-12.735567340433825,False,False,False,True,True,0.0,0.0,0.0,0.0,0.0,0,0.7517971283611591,1.0700222058689683,False,False,False,False,-0.22191588999985298,-0.25030757260734976,False,False,False,False,-13182031,-13619297.023949143,False,False,False,False,3022221.4302768153,False,False,False,False
2022-10-28 00:00:00+00:00,31.7938220567,31.8571090874,31.0739320823,31.4140998724,2739723,,,,,,,,,,,,,,,,,,,,,,,,,,,,,,"rgba(239, 83, 80, 0.5)",3.760743893265436,35.163735552546214,-0.8960763060417104,44.38880874712993,-10.514084238209449,True,False,False,True,True,0.0,0.0,0.0,0.0,0.0,0,0.7465384252002546,1.0761204556011994,False,False,False,False,-0.23454711024554906,-0.2424273414264494,False,False,False,False,-10442308,-13494709.219088392,False,False,False,False,3011143.0604620385,False,False,False,False
2022-10-31 00:00:00+00:00,31.334991084,31.730535026,31.1451299919,31.5406739339,3324522,,,,,,,,,,,,,,,,,,,,,,,,,,,,,,"rgba(239, 83, 80, 0.5)",3.806066702529505,35.116707196597154,-0.993602164166969,44.759382605177194,-10.076935500576774,True,False,False,False,True,0.0,0.0,0.0,0.0,0.0,0,0.7628204687671368,1.0732186960409658,False,False,False,False,-0.23396670143183956,-0.23819702142914448,False,False,False,False,-13766830,-13505380.622261398,False,False,False,False,3023432.430639998,False,False,False,False
2022-11-01 00:00:00+00:00,31.6593371165,32.4266923639,31.5090304185,32.1814551199,3962618,,,,,,,,,,,,,,,,,,,,,,,,,,,,,,"rgba(239, 83, 80, 0.5)",3.845132412542458,35.07268977525579,-0.8877074421733187,45.948560607565774,-8.806280940181992,True,False,False,False,True,0.0,0.0,0.0,0.0,0.0,1,0.7846394649678423,1.0492688751617967,False,False,False,False,-0.1998135349924032,-0.21900527821077384,False,False,False,False,-9804212,-13360236.754721735,False,False,False,False,3060263.2372815665,False,False,False,False
2022-11-02 00:00:00+00:00,30.694209898,32.323850939,30.6704772615,31.6356044799,3535934,,,,,,,,,,,,,,,,,,,,,,,,,,,,,,"rgba(239, 83, 80, 1.0)",3.901378314833777,35.02170142576205,-1.1092211978797628,44.40367729521368,-8.806280940181992,True,False,False,True,True,0.0,0.0,0.0,0.0,0.0,1,0.7682883642643402,1.0562143733343279,False,False,False,False,-0.23011824123525554,-0.22456175972301468,False,False,False,False,-13340146,-13359448.88198755,False,False,False,False,3078916.9926822893,False,False,False,False
2022-11-03 00:00:00+00:00,30.7495860499,30.9631797786,30.2116462888,30.3303094714,4153409,,,,,,,,,,,,,,,,,,,,,,,,,,,,,,"rgba(239, 83, 80, 1.0)",3.952126351877422,34.950547241721054,-1.0629622683559765,43.551296777604236,-8.806280940181992,True,False,False,True,False,0.0,0.0,0.0,0.0,0.0,1,0.7614015004663767,1.0791259658878714,False,False,False,False,-0.2899443364538924,-0.2572530480884535,False,False,False,False,-9186737,-13195813.121909605,False,False,False,False,3121053.934145729,False,False,False,False
2022-11-04 00:00:00+00:00,31.9995049066,32.371316212,31.3191693263,31.5802283281,3107492,,,,,,,,,,,,,,,,,,,,,,,,,,,,,,"rgba(239, 83, 80, 0.5)",3.9778569544060325,34.91966222463869,-0.7341031493865589,46.5478492256985,-8.098048226305906,True,False,False,False,True,0.0,0.0,0.0,0.0,0.0,1,0.7705727577470816,1.0588881726707207,False,False,False,False,-0.20589029905830142,-0.23157167357337746,False,False,False,False,-6079245,-12916732.01908962,False,False,False,False,3120522.0935909944,False,False,False,False
2022-11-07 00:00:00+00:00,32.6086425772,32.691706805,31.9678613912,32.0707028161,3004141,,,,,,,,,,,,,,,,,,,,,,,,,,,,,,"rgba(239, 83, 80, 0.5)",3.9942014492442866,34.8984621375424,-0.5732859470009058,49.96517131591456,-4.8725399397501405,True,False,False,False,True,0.0,0.0,0.0,0.0,0.0,1,0.8052825338334942,1.05193857170826,False,False,False,False,-0.1745800630850695,-0.20307586832922347,False,False,False,False,-3075104,-12530785.822262578,False,False,False,False,3115958.129136446,False,False,False,False
2022-11-08 00:00:00+00:00,32.6481969714,33.3522651881,32.3634053332,32.719394881,3382581,,,,,,,,,,,,,,,,,,,,,,,,,,,,,,"rgba(239, 83, 80, 0.5)",4.007456299234331,34.88101436323553,-0.5571657493213679,52.33510010769148,-2.6989283760613674,True,False,True,False,True,0.0,0.0,0.0,0.0,0.0,0,0.8191061852919153,1.0130716153436234,False,False,False,False,-0.14083794426750698,-0.17195690629836524,False,False,False,False,307477,-12027324.535115028,False,False,False,False,3126413.92799384,False,False,False,False
2022-11-09 00:00:00+00:00,32.0707028161,32.7035731233,32.0469701796,32.1577224834,4138852,,,,,,,,,,,,,,,,,,,,,,,,,,,,,,"rgba(239, 83, 80, 0.5)",4.030540867785829,34.849234144392085,-0.689369347548252,52.14963646039896,-2.6989283760613674,True,False,True,False,True,0.0,0.0,0.0,0.0,0.0,0,0.8140412773670548,1.0291437735322226,False,False,False,False,-0.17165897167960487,-0.17180793898898505,False,False,False,False,-3831375,-11705914.749424243,False,False,False,False,3166117.3817980033,False,False,False,False
2022-11-10 00:00:00+00:00,35.3695392923,36.5087058452,33.3997304612,33.803185282,5291342,,,,,,,,,,,,,,,,,,,,,,,,,,,,,,#000000,4.02301467649357,34.88001871585281,0.12168003743745882,57.946286625575326,2.5491171062949647,True,False,True,False,True,0.0,0.0,0.0,0.0,0.0,0,0.8306438499871894,0.9579714135851305,False,False,False,False,-0.0092456904518026,-0.09052681472039383,False,False,False,False,1459967,-11189605.66121153,False,False,False,False,3249459.5236882777,False,False,False,False
2022-11-11 00:00:00+00:00,37.0229129698,37.4817439425,35.8046376285,35.923300811,5942012,,,,,,,,,,,,,,,,,,,,,,,,,,,,,,#000000,4.010589512130451,35.08553553462112,0.4830655017969481,63.52450002690767,7.568519899898639,True,False,True,False,True,3.433473573380006,0.0,0.0,0.0,0.0,0,0.8817781508281727,0.9223256714867795,False,False,False,False,0.09632595770054705,0.002899571490076615,False,False,False,False,7401979,-10460523.90979147,False,False,False,False,3355049.8168769726,False,False,False,False
2022-11-14 00:00:00+00:00,36.0973401455,36.7460322104,35.9153899322,36.5719928759,2883549,,,,,,,,,,,,,,,,,,,,,,,,,,,,,,#000000,3.992593104457057,35.09921322423278,0.2499946513840795,64.89952975896144,8.606344791331054,True,False,True,False,True,1.3669733151236727,0.0,0.0,0.0,0.0,0,0.8706316875095996,0.9389570710321413,False,False,False,False,0.0767021722609788,0.03980087187552771,False,False,False,False,4518430,-9873113.952544745,False,False,False,False,3336559.58876415,False,False,False,False
2022-11-15 00:00:00+00:00,36.6906560585,37.15739791,36.1448054186,36.912160666,3238856,,,,,,,,,,,,,,,,,,,,,,,,,,,,,,#000000,3.9756567340136986,35.13342768394834,0.3916908522883279,66.48755112947299,10.002671712969324,True,False,True,False,True,2.6144578556569584,0.0,0.0,0.0,0.0,0,0.8834844776514211,0.9218716990844881,False,False,False,False,0.09682366019034597,0.06831226603293683,False,False,False,False,7757286,-9181725.71911162,False,False,False,False,3332728.0754792816,False,False,False,False
2022-11-16 00:00:00+00:00,36.2476468435,36.5443048,35.8916572957,36.4216861779,2882783,,,,,,,,,,,,,,,,,,,,,,,,,,,,,,#000000,3.962506227136907,35.15107838088471,0.276736085638308,66.41662569674472,10.002671712969324,True,False,True,False,True,1.6253679251061506,0.0,0.0,0.0,0.0,0,0.8708121039717961,0.9352760894839809,False,False,False,False,0.06963793501814947,0.06897510052554315,False,False,False,False,4874503,-8630501.063460184,False,False,False,False,3315083.1705585252,False,False,False,False
2022-11-17 00:00:00+00:00,35.5514895056,36.0182313571,35.3062522616,35.7571723554,3040224,,,,,,,,,,,,,,,,,,,,,,,,,,,,,,#000000,3.9423291854184677,35.155984396189545,0.10032270031465568,64.65580846507966,10.002671712969324,True,False,True,False,True,0.09093041236122801,0.0,0.0,0.0,0.0,0,0.8484716784135652,0.9549712868681605,False,False,False,False,0.034900225937193,0.05193766323136807,False,False,False,False,1834279,-8220117.531559785,False,False,False,False,3304304.3795562303,False,False,False,False
2022-11-18 00:00:00+00:00,35.3774501711,35.9470334476,35.0926585329,35.7967267496,1800404,,,,,,,,,,,,,,,,,,,,,,,,,,,,,,#000000,3.9160881956410747,35.158053364145864,0.05602448055136846,63.056336930276686,10.002671712969324,True,False,True,False,False,0.0,0.0,0.0,0.0,0.0,0,0.8207521835489753,0.9657137270192634,False,False,False,False,0.026016324227890474,0.038976993729629275,False,False,False,False,33875,-7896431.5499299895,False,False,False,False,3245327.894083437,False,False,False,False
2022-11-21 00:00:00+00:00,34.8632430465,35.282519625,34.4914317411,34.7841342581,2925733,,,,,,,,,,,,,,,,,,,,,,,,,,,,,,#000000,3.894180980622044,35.15075943000164,-0.07383231157780255,60.721812478117144,10.002671712969324,True,False,True,False,False,0.0,0.0,0.0,0.0,0.0,0,0.8016418883677114,0.9866966614441631,False,False,False,False,0.02047432080514115,0.029725657267385214,False,False,False,False,-2891858,-7700173.763658226,False,False,False,False,3232794.7609821255,False,False,False,False
2022-11-22 00:00:00+00:00,35.3616284134,35.4249154441,34.8770870845,34.9186191984,1657614,,,,,,,,,,,,,,,,,,,,,,,,,,,,,,#000000,3.8662201009564456,35.1516846821487,0.05430206397182701,60.095175175970944,10.002671712969324,True,False,True,False,False,0.0,0.0,0.0,0.0,0.0,0,0.8276856649385613,0.9822293078183495,False,False,False,False,0.03947552370537667,0.03460059048638094,False,False,False,False,-1234244,-7446607.890573589,False,False,False,False,3171022.966433807,False,False,False,False
2022-11-23 00:00:00+00:00,36.1527162974,36.1685380551,35.3616284134,35.3616284134,2924625,,,,,,,,,,,,,,,,,,,,,,,,,,,,,,#000000,3.8382719682890736,35.166817895475475,0.2568599646064141,61.04603906566551,10.002671712969324,True,False,True,False,False,1.4573941696379435,0.0,0.0,0.0,0.0,0,0.8349124668415268,0.9679363395138526,False,False,False,False,0.09468846362542135,0.06464452705590115,False,False,False,False,1690381,-7088294.600747174,False,False,False,False,3161360.301083462,False,False,False,False
2022-11-25 00:00:00+00:00,36.8330518776,37.0387347274,36.1527162974,36.1606271762,1353821,,,,,,,,,,,,,,,,,,,,,,,,,,,,,,#000000,3.771445514727047,35.1802799294059,0.43823301748367366,62.74499589092718,10.002671712969324,True,False,True,False,False,2.928854259670402,0.0,0.0,0.0,0.0,0,0.8552565806948409,0.9512416910319264,False,False,False,False,0.22568498857974503,0.1451647578178231,False,False,False,False,3044202,-6690941.792874736,False,False,False,False,3090476.406923326,False,False,False,False
2022-11-28 00:00:00+00:00,35.8600137803,36.6827451797,35.7611277948,36.5087058452,2976085,,,,,,,,,,,,,,,,,,,,,,,,,,,,,,#000000,3.6875852013593455,35.19840716926026,0.1794145965212838,61.24381353243266,10.002671712969324,True,False,True,False,False,0.7178561724101762,0.0,0.0,0.0,0.0,0,0.8577627298662557,0.9382911770485212,False,False,False,False,0.19551838333404634,0.17034157057593471,False,False,False,False,68117,-6425880.663742393,False,False,False,False,3085990.4693969213,False,False,False,False
2022-11-29 00:00:00+00:00,35.6859744459,35.876426611,35.408231705,35.876426611,2671432,,,,,,,,,,,,,,,,,,,,,,,,,,,,,,#000000,3.596099634343571,35.20725965789092,0.13312055746099,59.79720905136016,15.272767322828003,True,False,True,False,False,0.32779133441082564,0.0,0.0,0.0,0.0,0,0.8530507087727829,0.9528591011045365,False,False,False,False,0.16359895327658516,0.16697026192625994,False,False,False,False,-2603315,-6275976.127909359,False,False,False,False,3069733.274518611,False,False,False,False
2022-11-30 00:00:00+00:00,37.415914946,37.7095287006,35.5351998151,36.0906852968,5255991,,,,,,,,,,,,,,,,,,,,,,,,,,,,,,"rgba(38, 166, 154, 0.5)",3.5205327703193,35.25909007197807,0.6126416127142916,61.715842760886254,15.272767322828003,True,False,True,False,False,4.035757332505547,0.0,0.0,0.0,0.0,0,0.8659840994990644,0.9225456068275008,False,False,False,False,0.278579526947717,0.22277489443698845,False,False,False,True,2652676,-5925832.907207031,False,False,False,False,3155468.8715963126,False,False,False,True
2022-12-01 00:00:00+00:00,37.082623657,37.7174642075,36.1541693519,37.6381091387,4125999,,,,,,,,,,,,,,,,,,,,,,,,,,,,,,#000000,3.441402477456441,35.4111203217243,0.4857041122696927,62.103470734463954,15.272767322828003,True,False,True,False,False,3.271661170989585,0.0,0.0,0.0,0.0,0,0.8850847544271924,0.9194616020885916,False,False,False,False,0.3428282440240284,0.2828015692305084,False,False,False,False,-1473323,-5751224.675551853,False,False,False,False,3193528.8766317517,False,False,False,False
2022-12-02 00:00:00+00:00,35.812942556,36.5906222303,35.6462969114,36.4160410789,3432432,,,,,,,,,,,,,,,,,,,,,,,,,,,,,,#000000,3.364344447517526,35.39544126305463,0.12409588240985227,59.30179872591327,14.479355005357533,True,False,True,False,False,0.4366711712618425,0.0,0.0,0.0,0.0,0,0.8819588783179473,0.9152367031318642,False,False,False,False,0.2600205892161269,0.27141107922331764,False,False,False,False,-4905755,-5718069.0020008,False,False,False,False,3202897.626567762,False,False,False,False
2022-12-05 00:00:00+00:00,35.0352628816,35.7016073944,34.60674551,35.2891991018,3419535,,,,,,,,,,,,,,,,,,,,,,,,,,,,,,#000000,3.283097967360847,35.36503656797991,-0.10044588667727172,55.83098040858866,11.130038382328998,True,False,True,False,False,0.0,0.0,0.0,0.0,0.0,0,0.8815639418051922,0.9131030822539264,False,False,False,False,0.16654763384981658,0.2189793565365671,False,False,False,False,-8325290,-5820312.962706652,False,False,False,False,3211393.2098396146,False,False,False,False
2022-12-06 00:00:00+00:00,34.4004223311,35.0670049091,34.1147440833,35.0035208541,2468469,,,,,,,,,,,,,,,,,,,,,,,,,,,,,,#000000,3.21460206397367,35.33916187902097,-0.29202356286692666,52.30410300119142,7.834247547316572,True,False,False,False,False,0.0,0.0,0.0,0.0,0.0,0,0.8875063657571692,0.9112256712860509,False,False,False,False,0.11334722576732997,0.16616329115194856,False,False,False,False,-10793759,-6015350.062208352,False,False,False,False,3182258.927100806,False,False,False,False
2022-12-07 00:00:00+00:00,34.3607447967,34.8567139767,34.202034659,34.2099701659,3808875,,,,,,,,,,,,,,,,,,,,,,,,,,,,,,#000000,3.1544257619439042,35.30913978869686,-0.30065535332567744,49.876057986692494,5.615401277456314,True,False,False,False,False,0.0,0.0,0.0,0.0,0.0,0,0.9000043673891256,0.9065068845959248,False,False,False,False,0.10758267670143205,0.1368729839266903,False,False,False,False,-14602634,-6352106.295062927,False,False,False,False,3206832.1064301864,False,False,False,False
2022-12-08 00:00:00+00:00,34.60674551,35.0193918678,34.4956484136,34.5035839205,3851372,,,,,,,,,,,,,,,,,,,,,,,,,,,,,,#000000,3.0894186582297385,35.293428113729185,-0.2222691967953143,48.8723506777242,4.681186947713229,False,False,False,True,False,0.0,0.0,0.0,0.0,0.0,0,0.9008892141538721,0.8894561761322789,False,False,False,False,0.12900619127447635,0.13293958760058333,False,False,False,False,-10751262,-6524622.20506046,False,False,False,False,3232108.180687826,False,False,False,False
2022-12-09 00:00:00+00:00,34.2417121934,34.6543585513,34.1821958918,34.4559708792,3208988,,,,,,,,,,,,,,,,,,,,,,,,,,,,,,#000000,3.0227116394011255,35.27553169469766,-0.3420172430018794,47.39198967593997,3.2110918130399426,False,False,False,True,False,0.0,0.0,0.0,0.0,0.0,0,0.9177522087361044,0.8903654338289358,False,False,False,False,0.09718706150164094,0.11506332455111214,False,False,False,False,-13960250,-6816215.451920833,False,False,False,False,3231201.5069353622,False,False,False,False
2022-12-12 00:00:00+00:00,33.0217708495,35.6770589039,32.4131650848,35.4856425746,5275179,,,,,,,,,,,,,,,,,,,,,,,,,,,,,,"rgba(239, 83, 80, 0.5)",2.947405263294745,35.23005545752474,-0.7492300551693454,44.030957221977495,-0.024367254740276678,False,False,False,True,False,0.0,0.0,0.0,0.0,0.0,0,0.8859581218495933,0.8810199003759837,False,False,False,False,0.06240897275494802,0.08873614865303008,False,False,False,False,-19235429,-7303243.4341984475,False,False,False,False,3311357.4870555443,False,False,False,False
2022-12-13 00:00:00+00:00,33.2279115118,34.3273283772,33.1297492917,33.4929495061,4948214,,,,,,,,,,,,,,,,,,,,,,,,,,,,,,"rgba(239, 83, 80, 0.5)",2.9101236564654336,35.190189860536286,-0.6742938034185186,42.394895410664674,-1.602016717019417,False,False,False,True,False,0.0,0.0,0.0,0.0,0.0,0,0.8928895885434647,0.9125658744316314,False,False,False,False,0.03302620584993241,0.06088117725148125,False,False,False,False,-14287215,-7577124.672073018,False,False,False,False,3375547.9385435623,False,False,False,False
2022-12-14 00:00:00+00:00,32.9628735175,33.8070686105,32.9628735175,33.384971064,5317377,,,,,,,,,,,,,,,,,,,,,,,,,,,,,,"rgba(239, 83, 80, 0.5)",2.8712881386388056,35.14381569557641,-0.7595692500266895,40.79152629115845,-3.1979600528577308,False,True,False,True,False,0.0,0.0,0.0,0.0,0.0,0,0.8753505950443748,0.9451015620657702,False,False,False,False,0.0012007016527082533,0.03104093945209475,False,False,False,False,-19604592,-8048790.057481919,False,False,False,False,3451698.097816364,False,False,False,False
2022-12-15 00:00:00+00:00,32.5015110829,32.9334248514,32.4033488628,32.7665490772,4104557,,,,,,,,,,,,,,,,,,,,,,,,,,,,,,"rgba(239, 83, 80, 0.5)",2.841192101268377,35.098378702101016,-0.9140063489694022,38.84557165312211,-5.143553722843436,False,True,False,True,False,0.0,0.0,0.0,0.0,0.0,0,0.873348542342326,0.9587893572625741,False,False,False,False,-0.06524560133795512,-0.017102330942930184,False,False,False,False,-23709149,-8662921.780717922,False,False,False,False,3477300.407705918,False,False,False,False
2022-12-16 00:00:00+00:00,31.80455932,32.4720624168,31.7260295439,31.9616188722,4741562,,,,,,,,,,,,,,,,,,,,,,,,,,,,,,"rgba(239, 83, 80, 1.0)",2.82301751145655,35.03611492339916,-1.1447168111018287,36.33414623895374,-7.612411753130225,False,True,False,True,False,0.0,0.0,0.0,0.0,0.0,0,0.8772332803673807,0.9615851217687784,False,False,False,False,-0.11842319698334898,-0.06776276396313959,False,False,False,False,-28450711,-9438913.514807416,False,False,False,False,3526879.2936782353,False,False,False,False
2022-12-19 00:00:00+00:00,30.8131208968,31.8634566521,30.7444073427,31.6671322118,4328790,,,,,,,,,,,,,,,,,,,,,,,,,,,,,,"rgba(239, 83, 80, 1.0)",2.8246079557353663,34.96620830249846,-1.4703234823316325,33.19659258031802,-10.627093090515103,False,True,False,True,False,0.0,0.0,0.0,0.0,0.0,0,0.8841708413323364,0.958163581495759,False,False,False,False,-0.19389196934356828,-0.13082736665335393,False,False,False,False,-32779501,-10354230.671089478,False,False,False,False,3558326.77235752,False,False,False,False
2022-12-20 00:00:00+00:00,30.3026773521,30.7542235647,30.214331354,30.5971640125,4448306,,,,,,,,,,,,,,,,,,,,,,,,,,,,,,"rgba(255, 0, 0, 1.0)",2.83073870120057,34.884888029767936,-1.6187331864027337,30.444782455037664,-13.235821991408088,False,True,False,True,False,0.0,0.0,0.0,0.0,0.0,0,0.8757392575737057,0.9622246372029051,False,False,False,False,-0.2740573525094492,-0.20244235958140155,True,False,False,False,-37227807,-11408096.409478126,False,False,False,False,3593227.9185395786,True,False,False,False
2022-12-21 00:00:00+00:00,30.8622020068,31.0977913351,30.204515132,30.4302882383,3837797,,,,,,,,,,,,,,,,,,,,,,,,,,,,,,"rgba(239, 83, 80, 1.0)",2.8286729263698165,34.8238678021131,-1.4005386619220452,30.648576648077857,-13.235821991408088,False,True,False,True,False,0.0,0.0,0.0,0.0,0.0,0,0.894639948204808,0.9479245854252131,False,False,False,False,-0.2574873651125668,-0.22996486234698418,False,False,False,False,-33390010,-12270132.236557415,False,False,False,False,3602818.8629105757,False,False,False,False
2022-12-22 00:00:00+00:00,30.4891855704,30.6953262326,29.9738339147,30.6069802345,3804468,,,,,,,,,,,,,,,,,,,,,,,,,,,,,,"rgba(239, 83, 80, 1.0)",2.815559733024836,34.4875594841552,-1.4200991251780803,30.200830756986107,-13.71665688820579,False,True,False,True,False,0.0,0.0,0.0,0.0,0.0,0,0.894782409549926,0.9347314409381882,False,False,False,False,-0.28904734414826355,-0.25950610324762385,False,False,False,False,-37194478,-13247557.560613986,False,False,False,False,3610726.6722082,False,False,False,False
2022-12-23 00:00:00+00:00,31.1370562232,31.2990238864,30.4008395722,30.4008395722,3583733,,,,,,,,,,,,,,,,,,,,,,,,,,,,,,"rgba(239, 83, 80, 1.0)",2.766628325225077,34.459308435702326,-1.2008306942465965,32.19366668948929,-13.71665688820579,False,True,False,True,False,0.0,0.0,0.0,0.0,0.0,0,0.9166333600825874,0.9309404974228465,False,False,False,False,-0.23792778076686308,-0.24871694200724348,False,False,False,False,-33610745,-14046113.930785988,False,False,False,False,3609668.0968274865,False,False,False,False
2022-12-27 00:00:00+00:00,30.9210993389,31.2646671093,30.7739541709,31.1959535552,1806136,,,,,,,,,,,,,,,,,,,,,,,,,,,,,,"rgba(239, 83, 80, 1.0)",2.695655741534746,34.44155438761305,-1.3059735315863128,33.10706017969876,-13.71665688820579,False,True,False,True,True,0.0,0.0,0.0,0.0,0.0,0,0.9079964855301689,0.9363382874472316,False,False,False,False,-0.22140148892771566,-0.23505921546747957,False,False,False,False,-35416881,-14884183.22761791,False,False,False,False,3538941.3479322908,False,False,False,False
2022-12-28 00:00:00+00:00,30.4990017924,31.3333806634,30.4646450153,30.9407317829,3310078,,,,,,,,,,,,,,,,,,,,,,,,,,,,,,"rgba(255, 0, 0, 1.0)",2.595501199815508,34.40071272912556,-1.5032591535703763,32.913510566140275,-13.71665688820579,False,True,False,True,True,0.0,0.0,0.0,0.0,0.0,0,0.9013962242069714,0.9416793838342723,False,False,False,False,-0.2331261778021903,-0.23409269663483495,False,False,False,False,-38726959,-15819194.04222113,False,False,False,False,3529966.3146800445,False,False,False,False
2022-12-29 00:00:00+00:00,31.4511753276,31.5984186577,30.6855100106,30.8327533408,2172743,,,,,,,,,,,,,,,,,,,,,,,,,,,,,,"rgba(239, 83, 80, 1.0)",2.52442617299205,34.38281869958184,-1.1613107974186223,36.06889784359235,-13.71665688820579,False,True,False,True,True,0.0,0.0,0.0,0.0,0.0,0,0.8969279613081974,0.9508134909760739,False,False,False,False,-0.20950851742203938,-0.22180060702843718,False,False,False,False,-36554216,-16632332.158212459,False,False,False,False,3476741.870967102,False,False,False,False
2022-12-30 00:00:00+00:00,30.8818344508,31.4806239936,30.6756937886,31.1665048892,1814310,,,,,,,,,,,,,,,,,,,,,,,,,,,,,,"rgba(239, 83, 80, 1.0)",2.445122848712779,34.3641617968084,-1.424193204787913,36.93454451734381,-18.369983602729196,False,True,False,True,True,0.0,0.0,0.0,0.0,0.0,0,0.9127874415263733,0.9459756835134158,False,False,False,False,-0.21568784365262594,-0.21874422534053156,False,False,False,False,-38368526,-17484731.91671393,False,False,False,False,3411548.4642625097,False,False,False,False
2023-01-03 00:00:00+00:00,30.979996671,31.5297051037,30.6069802345,31.1763211112,1666283,,,,,,,,,,,,,,,,,,,,,,,,,,,,,,"rgba(239, 83, 80, 1.0)",2.3805399672845717,34.347409797479855,-1.4145585340963585,37.84587751252149,-17.29591939088791,False,True,False,True,True,0.0,0.0,0.0,0.0,0.0,0,0.9242269463847081,0.9384832941092162,False,False,False,False,-0.2166399392870131,-0.21769208231377235,False,False,False,False,-36702243,-18238359.80233299,False,False,False,False,3343106.6813502545,False,False,False,False
2023-01-04 00:00:00+00:00,32.2953704206,32.3519118594,31.3726455515,31.3726455515,2016563,,,,,,,,,,,,,,,,,,,,,,,,,,,,,,"rgba(239, 83, 80, 0.5)",2.316437468913437,34.34029480418555,-0.8827885108181879,42.358501760055404,-12.903511682870729,False,True,False,True,True,0.0,0.0,0.0,0.0,0.0,0,0.940237466418273,0.9027966446786189,False,False,False,False,-0.14939187489116137,-0.18354197860246685,False,False,False,False,-34685680,-18883352.751261108,False,False,False,False,3291085.3605129896,False,False,False,False
2023-01-05 00:00:00+00:00,31.5100726596,32.1579433124,31.3235644414,31.9616188722,1795084,,,,,,,,,,,,,,,,,,,,,,,,,,,,,,"rgba(239, 83, 80, 1.0)",2.244987787518974,34.32912391542908,-1.2557089492876605,43.429766082404434,-11.858836055300557,False,True,False,True,True,0.0,0.0,0.0,0.0,0.0,0,0.9357441739913378,0.9072640585196822,False,False,False,False,-0.1917240708549731,-0.18763302472871995,False,False,False,False,-36480764,-19573447.31003518,False,False,False,False,3232418.6404928723,False,False,False,False
2023-01-06 00:00:00+00:00,32.6585706351,32.7763652992,31.5395213257,31.7456619879,2028284,,,,,,,,,,,,,,,,,,,,,,,,,,,,,,"rgba(239, 83, 80, 0.5)",2.1841060587890273,34.32432754348572,-0.762672170466529,46.9367949234213,-8.515618374139727,False,False,False,False,True,0.0,0.0,0.0,0.0,0.0,0,0.9259628170428965,0.9121221858828801,False,False,False,False,-0.14878611098422964,-0.16820956785647478,False,False,False,False,-34452480,-20156938.788073014,False,False,False,False,3185197.674199034,False,False,False,False
2023-01-09 00:00:00+00:00,33.2180952898,33.8070686105,32.8352626313,33.0708519596,1955707,,,,,,,,,,,,,,,,,,,,,,,,,,,,,,"rgba(239, 83, 80, 0.5)",2.1400367606039064,34.329905698457594,-0.5195286497526567,50.44459664246921,-5.262435289980253,False,False,False,False,True,0.0,0.0,0.0,0.0,0.0,0,0.9369845030578032,0.9034968864341353,False,False,False,False,-0.03140772512578992,-0.09980864649113236,False,False,False,False,-32496773,-20640853.855207406,False,False,False,False,3136982.353642209,False,False,False,False
2023-01-10 00:00:00+00:00,33.0512195156,33.3025147991,32.6782030791,33.1690141797,1373167,,,,,,,,,,,,,,,,,,,,,,,,,,,,,,"rgba(239, 83, 80, 0.5)",2.109317487701626,34.33079823696053,-0.6066316373998282,52.315941944177816,-3.565325261740732,True,False,True,False,True,0.0,0.0,0.0,0.0,0.0,0,0.9253502358075371,0.9202841844107128,False,False,False,False,-0.06456142391333644,-0.0821850352022344,False,False,False,False,-33869940,-21159641.547160055,False,False,False,False,3067813.1240876126,False,False,False,False
2023-01-11 00:00:00+00:00,33.9543119407,34.0524741608,33.384971064,33.404603508,1834355,,,,,,,,,,,,,,,,,,,,,,,,,,,,,,#000000,2.103005367950823,34.339254754932284,-0.18304414249183396,55.42065963587888,-0.6769622285372208,True,False,True,False,True,0.0,0.0,0.0,0.0,0.0,0,0.9354553917698105,0.8958243132391954,False,False,False,False,0.00835104279467434,-0.03691699620378003,False,False,False,False,-32035585,-21586149.133545935,False,False,False,False,3019442.2172606476,False,False,False,False
2023-01-12 00:00:00+00:00,34.5040203734,34.8966692539,33.8463334986,34.2978797111,2464300,,,,,,,,,,,,,,,,,,,,,,,,,,,,,,#000000,2.1088757009993397,34.35695587338357,0.06973597350794263,58.49132325627156,2.156944851322109,True,False,True,False,True,0.5874154394792583,0.0,0.0,0.0,0.0,0,0.9441136781157057,0.8801894623107986,False,False,False,False,0.07374991416193859,0.01841645897907928,False,False,False,False,-29571285,-21899291.716544136,False,False,False,False,2997671.9342308184,False,False,False,False
2023-01-13 00:00:00+00:00,34.9261179199,35.0635450281,34.1408201589,34.2389823791,2184557,,,,,,,,,,,,,,,,,,,,,,,,,,,,,,#000000,2.121621242017762,34.37410408013351,0.2601849137037753,61.26933321593681,4.7149946724490235,True,False,True,False,True,1.5532639172566043,0.0,0.0,0.0,0.0,0,0.9458380815509603,0.8925646692249091,False,False,False,False,0.09698322113089351,0.05769984005498639,False,False,False,False,-27386728,-22114485.296287503,False,False,False,False,2965785.074064904,False,False,False,False
2023-01-17 00:00:00+00:00,34.994831474,35.4561939086,34.7739664787,35.2991343564,1554929,,,,,,,,,,,,,,,,,,,,,,,,,,,,,,#000000,2.134083320265159,34.388171041100726,0.2842721402386004,63.24275967945736,6.5532837940103335,True,False,True,False,True,1.7112807133694048,0.0,0.0,0.0,0.0,0,0.9720082047226902,0.8815030742780404,False,False,False,False,0.1490545841154072,0.10337721208519679,False,False,False,False,-25831799,-22260262.30427623,False,False,False,False,2910457.384885888,False,False,False,False
2023-01-18 00:00:00+00:00,34.955566586,35.740864347,34.945750364,35.1911559143,2014220,,,,,,,,,,,,,,,,,,,,,,,,,,,,,,#000000,2.14456845821727,34.406535194733706,0.25601019597327007,64.40486156177343,7.710517251035242,True,False,True,False,True,1.6151678792505244,0.0,0.0,0.0,0.0,0,0.9836507324399942,0.8512802806936397,False,False,False,False,0.17246883751069705,0.13792302479794694,False,False,False,False,-27846019,-22479311.586461477,False,False,False,False,2875310.820772716,False,False,False,False
2023-01-19 00:00:00+00:00,34.985015252,35.2598694684,34.7886908118,34.7886908118,1635661,,,,,,,,,,,,,,,,,,,,,,,,,,,,,,#000000,2.155366340227495,34.418886043908124,0.2626603178892173,65.2419582598277,8.660429048653299,True,False,True,False,True,1.6854665985010122,0.0,0.0,0.0,0.0,0,0.9702127913720421,0.8809424694514647,False,False,False,False,0.1397855500341093,0.13885428741602812,False,False,False,False,-26210358,-22625627.13209044,False,False,False,False,2826697.1023110407,False,False,False,False
2023-01-20 00:00:00+00:00,35.6034372388,35.6132534608,34.8083232558,34.9064854759,1469091,,,,,,,,,,,,,,,,,,,,,,,,,,,,,,"rgba(38, 166, 154, 0.5)",2.1754312270683474,34.431693307409454,0.5386260511529058,67.06780917080319,10.59528979205497,True,False,True,False,True,3.160153168309602,0.0,0.0,0.0,0.0,0,0.9584337812976865,0.880503755028112,False,False,False,False,0.1588522795449957,0.1488532834805119,False,False,False,False,-24741267,-22708593.401420224,False,False,False,False,2773457.647318451,False,False,False,False
2023-01-23 00:00:00+00:00,36.2905727796,36.4181836658,35.4365614646,35.6917832369,1389496,,,,,,,,,,,,,,,,,,,,,,,,,,,,,,"rgba(38, 166, 154, 0.5)",2.1952397359962874,34.447871547700224,0.8394077428921368,69.48747418615196,13.068809533608082,True,False,True,False,True,4.761971926776532,0.0,0.0,0.0,0.0,0,0.962802666188644,0.8777733748558831,False,False,False,False,0.2333179938396418,0.19108563866007686,False,False,False,False,-23351771,-22733816.052344922,False,False,False,False,2719184.641541257,False,False,False,False
2023-01-24 00:00:00+00:00,36.0255347853,36.3887349998,35.9175563432,36.3887349998,1177547,,,,,,,,,,,,,,,,,,,,,,,,,,,,,,"rgba(38, 166, 154, 0.5)",2.2168991809215566,34.4614380502129,0.7055335436755928,69.86986748505106,13.635032080033717,True,False,True,False,True,4.06808477628363,0.0,0.0,0.0,0.0,0,0.97771628969449,0.8656636145126323,False,False,False,False,0.2572777292907525,0.22418168397541466,False,False,False,False,-24529318,-22804227.893429436,False,False,False,False,2658728.2634416,False,False,False,False
2023-01-25 00:00:00+00:00,36.2414916696,36.3200214457,35.1960640253,35.4071127985,1652373,,,,,,,,,,,,,,,,,,,,,,,,,,,,,,"rgba(38, 166, 154, 0.5)",2.246274183089638,34.47833437853759,0.7849252350117286,70.54203190348557,14.552031868964818,True,False,True,False,True,4.577459618403228,0.0,0.0,0.0,0.0,0,0.9612337272905876,0.933386167159643,False,False,False,False,0.21552071772894568,0.21985120085218018,False,False,False,False,-22876945,-22807079.5446675,False,False,False,False,2619263.3511497723,False,False,False,False
2023-01-26 00:00:00+00:00,36.7323027702,36.8108325463,36.2414916696,36.6145081061,1163050,,,,,,,,,,,,,,,,,,,,,,,,,,,,,,"rgba(38, 166, 154, 0.5)",2.2798461487935975,34.49333560359217,0.9820694119173785,71.89259956059558,16.126465674008315,True,False,True,False,True,5.7310605321453245,0.0,0.0,0.0,0.0,0,0.9407938150318307,0.9503028978363264,False,False,False,False,0.29752083090498715,0.25868601587858364,False,False,False,False,-21713895,-22764209.562523678,False,False,False,False,2562156.9452223303,False,False,False,False
2023-01-27 00:00:00+00:00,37.0169732086,37.2525625369,36.3985512218,36.6341405501,1477339,,,,,,,,,,,,,,,,,,,,,,,,,,,,,,"rgba(38, 166, 154, 1.0)",2.314622239635348,34.51373645361108,1.0814882498421365,73.2831810026812,17.716798317723587,True,False,True,False,True,6.396171598411772,0.0,0.0,0.0,0.0,0,0.9472280079164237,0.9312378262556283,False,False,False,False,0.33050677781092175,0.2945963968447527,False,False,False,False,-20236556,-22665085.893405102,False,False,False,False,2519615.065017533,False,False,False,False
2023-01-30 00:00:00+00:00,36.0059023413,37.0169732086,35.9617293422,36.8010163243,1188964,,,,,,,,,,,,,,,,,,,,,,,,,,,,,,"rgba(38, 166, 154, 0.5)",2.316217469751098,34.52674611966499,0.638608524869627,69.53389504452525,17.716798317723587,True,False,True,False,False,3.6589075290948756,0.0,0.0,0.0,0.0,0,0.9343025985031455,0.945730571780213,False,False,False,False,0.29350956168066195,0.29405297926270735,False,False,False,False,-21425520,-22616475.46621275,False,False,False,False,2467432.670310963,False,False,False,False
2023-01-31 00:00:00+00:00,36.5163458859,36.8304649903,36.0206266743,36.1825943375,2289060,,,,,,,,,,,,,,,,,,,,,,,,,,,,,,"rgba(38, 166, 154, 0.5)",2.318808737710357,34.55210635793344,0.8470899285579265,68.21011982053159,17.716798317723587,True,False,True,False,False,4.873786874283319,0.0,0.0,0.0,0.0,0,0.9435966878117504,0.9396040190964745,False,False,False,False,0.2865783069880498,0.2903156431253786,False,False,False,False,-19136460,-22480004.27145931,False,False,False,False,2460437.663632102,False,False,False,False
2023-02-01 00:00:00+00:00,36.3691025557,36.594875662,35.6525183488,36.3985512218,6326115,,,,,,,,,,,,,,,,,,,,,,,,,,,,,,"rgba(38, 166, 154, 0.5)",2.3248465377884333,34.60994224801367,0.756678034051994,66.70177757550078,22.20518564717439,True,False,True,False,False,4.475415576696427,0.0,0.0,0.0,0.0,0,0.9529201119460501,0.9383308112454753,False,False,False,False,0.2541366621150934,0.272226152620236,False,False,False,False,-25462575,-22596967.8294413,False,False,False,False,2612032.853293588,False,False,False,False
2023-02-02 00:00:00+00:00,37.4685194211,37.6353951953,36.5262602702,36.8991785444,8228758,,,,,,,,,,,,,,,,,,,,,,,,,,,,,,"rgba(38, 166, 154, 1.0)",2.332494941910303,34.707673203609595,1.1836451037399818,68.00118048011342,22.20518564717439,True,False,True,False,False,7.057245344515426,0.0,0.0,0.0,0.0,0,0.9725675061270495,0.9126023554719418,False,False,False,False,0.34282824343658547,0.3075271980284107,False,False,False,False,-17233817,-22386648.189071056,False,True,False,False,2832296.5845369766,False,True,False,False
2023-02-03 00:00:00+00:00,37.0071569865,37.3212760909,36.7568433252,37.0955029847,2737338,,,,,,,,,,,,,,,,,,,,,,,,,,,,,,"rgba(38, 166, 154, 0.5)",2.343564044951518,34.73568017498185,0.9692403399050865,66.96606994254006,22.20518564717439,True,False,True,False,False,5.790753245068654,0.0,0.0,0.0,0.0,0,0.9886550083963384,0.9039234349113942,False,False,False,False,0.33824950883724664,0.3228883534328287,False,False,False,False,-19971155,-22291922.965970233,False,False,False,False,2828572.718476703,False,False,False,False
2023-02-06 00:00:00+00:00,35.5739885727,36.3102052237,35.3187668004,36.0353510073,2379598,,,,,,,,,,,,,,,,,,,,,,,,,,,,,,#000000,2.3406624673875327,34.74772580975438,0.3530038074510742,61.59593843706556,17.117000597766463,True,False,True,False,False,2.0225661550394456,0.0,0.0,0.0,0.0,0,0.9561736142596959,0.9156639955527264,False,False,False,False,0.20910642435770463,0.26599738889526664,False,False,False,False,-22350753,-22294230.026128266,False,False,False,False,2810965.8667717343,False,False,False,False
2023-02-07 00:00:00+00:00,36.1727781155,36.3003890017,35.1028099162,35.4758263526,1657757,,,,,,,,,,,,,,,,,,,,,,,,,,,,,,"rgba(38, 166, 154, 0.5)",2.3292653043477283,34.75663268120955,0.607979448132044,59.497375985641575,15.190675801741548,True,False,True,False,False,3.4454163017580584,0.0,0.0,0.0,0.0,0,0.9424162959496073,0.9314950429730456,False,False,False,False,0.19759935408137466,0.23179837148832066,False,False,False,False,-20692996,-22231436.534907553,False,False,False,False,2765741.9896434313,False,False,False,False
2023-02-08 00:00:00+00:00,36.1040645614,36.575243218,35.8782914551,36.2611241136,1567190,,,,,,,,,,,,,,,,,,,,,,,,,,,,,,"rgba(38, 166, 154, 0.5)",2.2977284241652116,34.766732531322,0.5820235394284548,57.890271853481394,13.67895927973018,True,False,True,False,False,3.266730561019365,0.0,0.0,0.0,0.0,0,0.9418809071886702,0.9432641657475888,False,False,False,False,0.2516248276881698,0.24171159958824523,False,False,False,False,-22260186,-22232563.96491118,False,False,False,False,2718739.950833885,False,False,False,False
2023-02-09 00:00:00+00:00,36.0157185633,37.7728223035,35.9862698973,37.2918274249,2305238,,,,,,,,,,,,,,,,,,,,,,,,,,,,,,#000000,2.2707715739816803,34.89086626283585,0.49536127427021565,56.53250205184646,12.339781484550137,False,False,True,False,False,3.033534078917377,-1.0,37.772823,35.98627,489.0,0,0.9556541677764018,0.9161179989307452,False,False,False,False,0.32088638247227586,0.28129899103026057,False,False,False,False,-24565424,-22324048.672169566,False,False,False,False,2702524.1880560857,False,False,False,False
2023-02-10 00:00:00+00:00,35.6525183488,36.1040645614,35.3972965765,35.8782914551,4349202,,,,,,,,,,,,,,,,,,,,,,,,,,,,,,#000000,2.234143722988403,34.87513749051778,0.34795472210820544,54.437218434756716,10.270702633569783,False,False,False,False,False,2.0702273776491396,0.0,0.0,0.0,0.0,0,0.9511833649717195,0.9336138246577903,False,False,False,False,0.20259591000200658,0.2419474505161336,False,False,False,False,-28914626,-22582502.685025662,False,False,False,False,2767099.7885244745,False,False,False,False
2023-02-13 00:00:00+00:00,36.0451672293,36.1924105595,35.8390265671,36.0157185633,2052866,,,,,,,,,,,,,,,,,,,,,,,,,,,,,,"rgba(38, 166, 154, 0.5)",2.2180335992935443,34.88535796986926,0.5228997702289735,54.253082807260625,9.958068168196192,False,False,False,False,False,3.050046730123512,0.0,0.0,0.0,0.0,1,0.9521764512840676,0.9633196365548504,False,False,False,False,0.22975732010173486,0.2358523853089342,False,False,False,False,-26861760,-22750316.6973776,False,False,False,False,2739090.620347044,False,False,False,False
2023-02-14 00:00:00+00:00,35.8684752331,36.4632401248,35.5445399067,35.9764536753,2035993,,,,,,,,,,,,,,,,,,,,,,,,,,,,,,#000000,2.201071654649918,34.89404346810852,0.4427078795608147,53.50289211722951,9.022686249337859,False,False,False,False,False,2.571494055692174,0.0,0.0,0.0,0.0,1,0.9325687495130999,0.957369776058865,False,False,False,False,0.2285382728522388,0.2321953290805865,False,False,False,False,-28897753,-22991392.63081377,False,False,False,False,2711518.1646471596,False,False,False,False
2023-02-15 00:00:00+00:00,35.809577901,35.9175563432,35.1518910262,35.6328859048,1580549,,,,,,,,,,,,,,,,,,,,,,,,,,,,,,#000000,2.186126355076286,34.896606870133574,0.4176204311093282,52.78355019358288,8.08135685119543,False,False,False,False,False,2.4100557354039864,0.0,0.0,0.0,0.0,1,0.9444033191316606,0.9548902671041744,False,False,False,False,0.1806821339420366,0.20643873151131154,False,False,False,False,-30478302,-23284996.919801462,False,False,False,False,2667166.432700212,False,False,False,False
2023-02-16 00:00:00+00:00,35.3482154665,35.7114156809,34.8770368099,35.3383992444,2287128,,,,,,,,,,,,,,,,,,,,,,,,,,,,,,#000000,2.1711318301649305,34.896086833664704,0.2082455917939129,50.62223611182256,5.798833011803815,False,False,False,False,False,1.143403795598708,0.0,0.0,0.0,0.0,1,0.9605563306869294,0.9404445710584011,False,False,False,False,0.15647765118320744,0.1814581913472595,False,False,False,False,-32765430,-23656778.60922101,False,False,False,False,2652262.9647511845,False,False,False,False
2023-02-17 00:00:00+00:00,35.1617072482,35.4660101306,34.8475881438,35.1911559143,4812474,,,,,,,,,,,,,,,,,,,,,,,,,,,,,,#000000,2.145929034880465,34.894591754912504,0.12447545512723704,48.535234169343305,3.657780096732175,False,False,False,True,False,0.6328984150365145,0.0,0.0,0.0,0.0,1,0.970142059149811,0.9317186025163118,False,False,False,False,0.14272949534939186,0.16209384334832566,False,False,False,False,-37577904,-24202705.095133916,False,False,False,False,2736977.122996236,False,False,False,False
2023-02-21 00:00:00+00:00,33.8463334986,35.1813396923,33.7579875005,34.8966692539,3290900,,,,,,,,,,,,,,,,,,,,,,,,,,,,,,#000000,2.123951910498749,34.87919058106935,-0.48629023913578706,43.518635161668364,-1.1205973336975887,False,True,False,True,False,0.0,0.0,0.0,0.0,0.0,0,0.9459246980237777,0.9343810880570244,False,False,False,False,0.07468269747952047,0.11838827041392307,False,False,False,False,-40868804,-24856277.601207096,False,False,False,False,2758699.5887610894,False,False,False,False
2023-02-22 00:00:00+00:00,33.5027657281,34.0132092728,33.2671763998,33.7678037225,2003883,,,,,,,,,,,,,,,,,,,,,,,,,,,,,,"rgba(239, 83, 80, 0.5)",2.082898135683995,34.864225120556654,-0.6536370498068393,39.43974550522002,-4.843058076372593,False,True,False,True,False,0.0,0.0,0.0,0.0,0.0,0,0.9324173533857848,0.9652053097303093,False,False,False,False,-0.006604854530673816,0.055891707941624624,False,False,False,False,-42872687,-25562803.45998329,False,False,False,False,2729098.938221439,False,False,False,False
2023-02-23 00:00:00+00:00,33.4929495061,33.9150470527,33.1101168476,33.6009279483,2222626,,,,,,,,,,,,,,,,,,,,,,,,,,,,,,"rgba(239, 83, 80, 0.5)",2.041742188422936,34.84829161305492,-0.6638164772418219,36.69896527482016,-7.266730886852287,False,True,False,True,False,0.0,0.0,0.0,0.0,0.0,0,0.9361386832577889,0.9598943991302449,False,False,False,False,-0.019091526501977808,0.01840009071982341,False,False,False,False,-45095313,-26328784.226258453,False,False,False,False,2709237.254369618,False,False,False,False
2023-02-24 00:00:00+00:00,33.1395655137,33.1984628458,32.570224637,33.0414032936,2255047,,,,,,,,,,,,,,,,,,,,,,,,,,,,,,"rgba(239, 83, 80, 0.5)",2.0276047799676027,34.82763012254049,-0.8325412454726329,34.08558182806886,-9.609738444716633,False,True,False,True,False,0.0,0.0,0.0,0.0,0.0,0,0.9533084036673669,0.9894363778394569,False,False,False,False,-0.08072600870330082,-0.031162958991738706,False,False,False,False,-47350360,-27153159.746797338,False,False,False,False,2691425.8718453194,False,False,False,False
2023-02-27 00:00:00+00:00,33.1101168476,33.7003150089,33.0314237595,33.4937456525,1876227,,,,,,,,,,,,,,,,,,,,,,,,,,,,,,"rgba(239, 83, 80, 0.5)",2.022289709597796,34.8145084350381,-0.8428028780194315,32.27716141823274,-11.25482611220643,False,True,False,True,False,0.0,0.0,0.0,0.0,0.0,0,0.9493800988795946,0.950619188659563,False,False,False,False,-0.033454890396468574,-0.03230892469410364,False,False,False,False,-49226587,-28018784.34496215,False,False,False,False,2659457.288635699,False,False,False,False
2023-02-28 00:00:00+00:00,32.7068147708,33.1396267557,32.6773048627,33.1002802116,2020981,,,,,,,,,,,,,,,,,,,,,,,,,,,,,,"rgba(239, 83, 80, 1.0)",2.021594787466902,34.797120103990906,-1.0339882879348432,30.17459641037551,-13.24841886693396,False,True,False,True,False,0.0,0.0,0.0,0.0,0.0,0,0.9447597745846924,0.9511016624379792,False,False,False,False,-0.07835113234336617,-0.055330028518734906,False,False,False,False,-51247568,-28929717.037316576,False,False,False,False,2634419.0028068484,False,False,False,False
2023-03-01 00:00:00+00:00,32.5986117745,33.188318104,32.5002454143,32.7068147708,2808814,,,,,,,,,,,,,,,,,,,,,,,,,,,,,,"rgba(239, 83, 80, 1.0)",2.0140977169184326,34.773606459436046,-1.0798853832493218,28.53949625457361,-14.85427952070927,False,True,False,True,False,0.0,0.0,0.0,0.0,0.0,0,0.9527912486666057,0.9313283691323107,False,False,False,False,-0.0846722302016955,-0.0700011293602152,False,False,False,False,-54056382,-29915076.44761789,False,False,False,False,2641258.022304619,False,False,False,False
2023-03-02 00:00:00+00:00,32.7264880428,32.7461613149,31.900210617,32.4117156901,2523489,,,,,,,,,,,,,,,,,,,,,,,,,,,,,,"rgba(239, 83, 80, 1.0)",2.0210569174890254,34.75054936865113,-1.0014865530683996,28.29295986129059,-15.243472233275703,False,True,False,True,False,0.0,0.0,0.0,0.0,0.0,0,0.9552419943826371,0.9316642112488115,False,False,False,False,-0.13628798788720556,-0.10314455862371039,False,False,False,False,-51532893,-30762833.95947601,False,False,False,False,2636639.6292730654,False,False,False,False
2023-03-03 00:00:00+00:00,33.5035822885,33.5429288326,32.795344495,33.0510970315,1919378,,,,,,,,,,,,,,,,,,,,,,,,,,,,,,"rgba(239, 83, 80, 0.5)",2.0006412840569907,34.74063632384336,-0.6183287554852455,32.57080159829455,-15.243472233275703,False,True,False,True,True,0.0,0.0,0.0,0.0,0.0,0,0.9954686325118187,0.9003559196423299,False,False,False,False,-0.052738041133672656,-0.07794129987869153,False,False,False,False,-49613515,-31502076.35322205,False,False,False,False,2608511.7222427493,False,False,False,False
2023-03-06 00:00:00+00:00,32.9822405794,33.7488096245,32.9379757173,33.4839090165,1936482,,,,,,,,,,,,,,,,,,,,,,,,,,,,,,"rgba(239, 83, 80, 0.5)",1.9967664232730973,34.73056822209133,-0.8755794480084819,33.77922166477252,-15.243472233275703,False,True,False,True,True,0.0,0.0,0.0,0.0,0.0,0,1.0118139002494297,0.8727981925594999,False,False,False,False,-0.03565646352176113,-0.05679888170022633,False,False,False,False,-51549997,-32288269.31976236,False,False,False,False,2582157.6154881315,False,False,False,False
2023-03-07 00:00:00+00:00,31.7624977127,33.5921120127,31.7034778966,33.1593000278,4361011,,,,,,,,,,,,,,,,,,,,,,,,,,,,,,"rgba(239, 83, 80, 1.0)",1.9992867466535544,34.69404890134845,-1.4662985154857553,31.740003078372933,-15.243472233275703,False,True,False,True,True,0.0,0.0,0.0,0.0,0.0,0,0.9848253655533856,0.8864814079014425,False,False,False,False,-0.10406725044154133,-0.08043306607088382,False,False,False,False,-55911008,-33214651.22879129,False,False,False,False,2651916.571743499,False,False,False,False
2023-03-08 00:00:00+00:00,31.900210617,32.0772700654,31.6641313525,31.7133145326,4847410,,,,,,,,,,,,,,,,,,,,,,,,,,,,,,"rgba(239, 83, 80, 1.0)",2.0041711948087095,34.64783053237542,-1.3709507064528355,31.06653116179012,-15.243472233275703,False,True,False,True,True,0.0,0.0,0.0,0.0,0.0,0,0.9925671387209445,0.9135072253114537,False,False,False,False,-0.2256287015108547,-0.15303088379086927,False,False,False,False,-51063598,-33914609.92570143,False,False,False,False,2738014.353243754,False,False,False,False
2023-03-09 00:00:00+00:00,31.0345866472,32.3723691461,30.965730195,32.0280868853,4374857,,,,,,,,,,,,,,,,,,,,,,,,,,,,,,"rgba(255, 0, 0, 1.0)",2.0310427727256224,34.60215710780185,-1.7565215802000247,28.989152355129093,-15.243472233275703,False,True,False,True,False,0.0,0.0,0.0,0.0,0.0,0,0.9681024415035966,0.9211975416392675,False,False,False,False,-0.2530538813763884,-0.20304238258362883,False,False,False,False,-55438455,-34758682.28155628,False,False,False,False,2802204.260959685,False,False,False,False
2023-03-10 00:00:00+00:00,29.5000714278,31.0837698273,29.4017050676,30.8673638348,7940406,,,,,,,,,,,,,,,,,,,,,,,,,,,,,,"rgba(255, 26, 202, 1.0)",2.095452152508162,34.48539830197547,-2.379117494144766,25.594879390890696,-18.13065185348369,False,True,False,True,False,0.0,0.0,0.0,0.0,0.0,0,0.927727993820146,0.9498577796003989,False,False,False,False,-0.34282825441539394,-0.27293531849951136,False,False,False,False,-63378861,-35881042.23129917,False,False,False,False,3003702.3683730303,False,False,False,False
2023-03-13 00:00:00+00:00,28.5655910058,29.3967867496,28.4967345537,29.0672594429,6417145,,,,,,,,,,,,,,,,,,,,,,,,,,,,,,"rgba(255, 26, 202, 1.0)",2.1875061735757724,34.37379027691725,-2.655169316218644,22.455294430342754,-21.156664414972603,False,True,False,True,False,0.0,0.0,0.0,0.0,0.0,0,0.9133259974814485,0.9850298190609851,False,False,False,False,-0.34282825441539394,-0.3078817864574527,False,False,False,False,-69796006,-37211040.810463905,False,False,False,False,3137562.8637309507,False,False,False,False
2023-03-14 00:00:00+00:00,29.0082396268,29.8099254625,28.7426504542,29.5099080639,3998056,,,,,,,,,,,,,,,,,,,,,,,,,,,,,,"rgba(255, 26, 202, 1.0)",2.2555841512337325,34.31299115101712,-2.3518304654320232,22.260104928344596,-21.43416399119894,False,True,False,True,False,0.0,0.0,0.0,0.0,0.0,0,0.9143205579474393,0.9821454300400727,False,False,False,False,-0.31310818413364055,-0.31049498529554664,False,False,False,False,-65797950,-38332096.072798654,False,False,False,False,3171307.6926042465,False,False,False,False
2023-03-15 00:00:00+00:00,28.3196751053,28.9688930827,27.8376799402,28.5262444617,5171939,,,,,,,,,,,,,,,,,,,,,,,,,,,,,,"rgba(255, 26, 202, 1.0)",2.3301730330771644,34.224598799318585,-2.5341138233930636,21.37093260963846,-22.481557587128478,False,True,False,True,False,0.0,0.0,0.0,0.0,0.0,0,0.8953794544478779,0.9966247057094902,False,False,False,False,-0.34282825441539394,-0.32666161985547026,False,False,False,False,-70969889,-39612009.520924196,False,False,False,False,3249763.822306041,False,False,False,False
2023-03-16 00:00:00+00:00,28.9295465386,29.1067043533,27.7884967601,27.8868631203,4167323,,,,,,,,,,,,,,,,,,,,,,,28.60824921733333,,,,,,28.60824921733333,"rgba(255, 26, 202, 1.0)",2.3695190845107343,33.851129041203365,-2.077038558066557,23.246713942404746,-22.481557587128478,False,True,False,True,False,0.0,0.0,0.0,0.0,0.0,0,0.8966462506645199,0.9948069531638595,True,False,False,False,-0.3390505973880518,-0.33285610862176107,False,False,False,False,-66802566,-40678305.85343698,False,False,False,False,3285746.5351567846,False,False,False,False
2023-03-17 00:00:00+00:00,28.1524522929,28.8115069063,28.0147393886,28.7328138182,4992894,,,,,,,,,,,,,,,,,,,,,,,28.454532578802837,,,,,,28.454532578802837,"rgba(255, 26, 202, 1.0)",2.4404011866652695,33.76791213319893,-2.301039628640843,23.46831124265504,-22.481557587128478,False,True,False,True,False,0.0,0.0,0.0,0.0,0.0,0,0.890093406495569,1.023987789726679,False,False,False,False,-0.3419888964943254,-0.33742250255804324,False,False,False,False,-71795460,-41898586.40820415,False,False,False,False,3352693.494562401,True,False,False,False
2023-03-20 00:00:00+00:00,28.6147741859,29.0770960789,28.3393483773,28.5951009139,3421562,,,,,,,,,,,,,,,,,,,,,,,28.515051480020215,,,,,,28.515051480020215,"rgba(255, 26, 202, 1.0)",2.494387601416522,33.725290444215375,-2.048805989659825,25.38164473740377,-22.481557587128478,False,True,False,True,True,0.0,0.0,0.0,0.0,0.0,0,0.8967994727608921,1.0133119974594182,False,False,False,False,-0.3170168700904203,-0.32721968632423176,False,False,False,False,-68373898,-42936833.92160792,False,False,False,False,3355394.220265836,False,False,False,False
2023-03-21 00:00:00+00:00,29.3426852515,29.6476209682,28.9098732666,29.126279259,2832242,,,,,,,,,,,,,,,,,,,,,,,28.65929246786306,,,,,,28.65929246786306,"rgba(255, 0, 0, 1.0)",2.4971899239097946,33.70108692309046,-1.745322464206729,29.196100060003957,-26.474574564838505,False,True,False,True,True,0.0,0.0,0.0,0.0,0.0,0,0.8981688099856335,1.0087779681083702,False,False,False,False,-0.26977327826553016,-0.29849648229488096,False,False,False,False,-65541656,-43823297.53252526,False,False,False,False,3334878.446922078,False,False,False,False
2023-03-22 00:00:00+00:00,28.7426504542,29.7066407843,28.7426504542,29.4902347918,2799179,,,,,,,,,,,,,,,,,,,,,,,28.721488810126342,,,,,,28.721488810126342,"rgba(255, 0, 0, 1.0)",2.516134266325006,33.67157130184009,-1.9589260055025324,30.6479607051004,-25.01904769437756,False,True,False,True,True,0.0,0.0,0.0,0.0,0.0,0,0.8704937338498059,1.030666777012338,False,False,False,False,-0.2742001437432033,-0.2863483130190421,False,False,False,False,-68340835,-44784769.59007329,False,False,False,False,3313870.6254741536,False,False,False,False
2023-03-23 00:00:00+00:00,28.7918336343,29.4902347918,28.6246108219,28.8705267225,2350158,,,,,,,,,,,,,,,,,,,,,,,28.74976430532245,,,,,,28.74976430532245,"rgba(255, 0, 0, 1.0)",2.550932120295106,33.6453863268342,-1.9026585042853716,31.791974358381978,-23.81040562238082,False,True,False,True,True,0.0,0.0,0.0,0.0,0.0,0,0.8719763194376816,1.0244313023687754,False,False,False,False,-0.28795057475818897,-0.2871494438886155,False,False,False,False,-65990677,-45616373.80222727,False,False,False,False,3276077.973494775,False,False,False,False
2023-03-24 00:00:00+00:00,29.4803981558,29.5197446999,28.2606552892,28.4082048295,3360702,,,,,,,,,,,,,,,,,,,,,,,28.79712761023926,,,,,,28.79712761023926,"rgba(255, 0, 0, 1.0)",2.5769862288089556,33.610209745822004,-1.602574179036549,34.95163445948096,-20.713548017244484,False,True,False,True,True,0.0,0.0,0.0,0.0,0.0,0,0.8572044611289029,1.0429598210385518,False,False,False,False,-0.30180781090462505,-0.2944786273966203,False,False,False,False,-62629975,-46283573.84919876,False,False,False,False,3279396.56276949,False,False,False,False
2023-03-27 00:00:00+00:00,29.4410516117,29.9684920352,29.2246456192,29.8935368687,3233843,,,,,,,,,,,,,,,,,,,,,,,28.886148767867127,,,,,,28.886148767867127,"rgba(255, 0, 0, 1.0)",2.6068997861993775,33.58351515586277,-1.5890382768422808,36.96438750471507,-18.754771056956006,False,True,False,True,True,0.0,0.0,0.0,0.0,0.0,0,0.866895493618179,1.0515896295662734,False,False,False,False,-0.24396871193432718,-0.26922366966547373,False,False,False,False,-65863818,-47051426.56099489,False,False,False,False,3277610.1485432354,False,False,False,False
2023-03-28 00:00:00+00:00,29.5394179719,29.7066407843,29.2836654354,29.5000714278,2813363,,,,,,,,,,,,,,,,,,,,,,,28.944700225929363,,,,,,28.944700225929363,"rgba(255, 0, 0, 1.0)",2.6333169804549197,33.55954176561891,-1.5266387691102843,38.66782902405289,-17.07190087428439,False,True,False,True,True,0.0,0.0,0.0,0.0,0.0,0,0.8604496167121601,1.0612911087433747,False,False,False,False,-0.25216675633229185,-0.26069521299888276,False,False,False,False,-63050455,-47678839.44095588,False,False,False,False,3259404.378012128,False,False,False,False
2023-03-29 00:00:00+00:00,30.6804677504,30.7493242025,29.8050071445,29.9132101407,4117637,,,,,,,,,,,,,,,,,,,,,,,29.121888665995776,,,,,,29.121888665995776,"rgba(239, 83, 80, 1.0)",2.6395660445345666,33.539936487719,-1.0833101688210296,43.47214561206195,-12.522792710784913,False,False,False,True,True,0.0,0.0,0.0,0.0,0.0,0,0.8540381679300918,1.045434658538361,False,False,False,False,-0.18971965607297908,-0.22520743453593092,False,False,False,False,-58932818,-48120171.93346741,False,False,False,False,3293060.5592665547,False,False,False,False
2023-03-30 00:00:00+00:00,31.1132797353,31.2411560036,30.8476905628,30.965730195,3563046,,,,,,,,,,,,,,,,,,,,,,,29.305992252411286,,,,,,29.305992252411286,"rgba(239, 83, 80, 0.5)",2.6432407542313268,33.531151228751064,-0.9147375204398274,47.82383180774349,-8.544449039462748,False,False,False,False,True,0.0,0.0,0.0,0.0,0.0,0,0.8682388720726214,1.0418922138460212,False,False,False,False,-0.129844150223321,-0.17752579237962596,False,False,False,False,-55369772,-48404469.97529222,False,False,False,False,3303648.223609043,False,False,False,False
2023-03-31 00:00:00+00:00,32.0575967934,32.1067799735,31.3395223638,31.4673986321,2724594,,,,,,,,,,,,,,,,,,,,,,,29.47662398598336,,,,,,29.47662398598336,"rgba(239, 83, 80, 0.5)",2.6449167991256397,33.531548538138985,-0.557277168501574,52.89671176037373,-3.976678034601079,True,False,True,False,True,0.0,0.0,0.0,0.0,0.0,0,0.8785497962314714,1.0125623202192349,False,False,False,False,-0.0776520721823614,-0.1275889322809937,False,False,False,False,-52645178,-48570772.25077096,False,False,False,False,3280940.2148400606,False,False,False,False
2023-04-03 00:00:00+00:00,31.7920076208,32.0379235213,31.5067451762,32.0084136133,2137314,,,,,,,,,,,,,,,,,,,,,,,29.592366716286065,,,,,,29.592366716286065,"rgba(239, 83, 80, 0.5)",2.6475114812679617,33.5306223531672,-0.6566977120471394,55.34746330544213,-1.8899983932672555,True,False,True,False,True,0.0,0.0,0.0,0.0,0.0,0,0.8805969861270899,1.0211206609244259,False,False,False,False,-0.07388975541921344,-0.10073934385010357,False,False,False,False,-54782492,-48814369.1036819,False,False,False,False,3236092.127983588,False,False,False,False
2023-04-04 00:00:00+00:00,31.3198490918,31.9838220232,31.1821361875,31.9690670692,2034651,,,,,,,,,,,,,,,,,,,,,,,29.6792774213454,,,,,,29.6792774213454,"rgba(239, 83, 80, 0.5)",2.6533915103167125,33.527084081619336,-0.8318542443651215,55.37980977752279,-1.8899983932672555,True,False,True,False,True,0.0,0.0,0.0,0.0,0.0,0,0.8599679069339086,1.039389001364339,False,False,False,False,-0.08838708655843949,-0.09456321520427152,False,False,False,False,-56817143,-49128203.37412575,False,False,False,False,3188976.7896312904,False,False,False,False
2023-04-05 00:00:00+00:00,31.0640965552,31.2805025477,30.8476905628,31.1722995515,1417006,,,,,,,,,,,,,,,,,,,,,,,29.721968057234605,,,,,,29.721968057234605,"rgba(239, 83, 80, 0.5)",2.660993647105041,33.52217821855501,-0.923745784222078,54.5630777360346,-1.8899983932672555,True,False,True,False,True,0.0,0.0,0.0,0.0,0.0,0,0.8418731807284429,1.052822391287645,False,False,False,False,-0.12832276090247727,-0.1114429880533744,False,False,False,False,-58234149,-49485299.28102278,False,False,False,False,3119487.7390575144,False,False,False,False
2023-04-06 00:00:00+00:00,31.0247500111,31.3395223638,30.8968737429,31.1231163713,1586258,,,,,,,,,,,,,,,,,,,,,,,29.76750516360455,,,,,,29.76750516360455,"rgba(239, 83, 80, 0.5)",2.6665056622449654,33.51671058085327,-0.9345416381584793,53.88419066190945,-1.8899983932672555,True,False,True,False,True,0.0,0.0,0.0,0.0,0.0,0,0.8561144842063864,1.050851528176534,False,False,False,False,-0.1241419632284492,-0.1177924756409118,False,False,False,False,-59820407,-49890597.62294346,False,False,False,False,3059361.0826238864,False,False,False,False
2023-04-10 00:00:00+00:00,31.0149133751,31.0149133751,30.3952053058,30.7099776585,1466836,,,,,,,,,,,,,,,,,,,,,,,29.79865129290312,,,,,,29.79865129290312,"rgba(239, 83, 80, 0.5)",2.6645720419874896,33.51011152890116,-0.9364348625154859,53.39499776075449,-1.8899983932672555,True,False,True,False,True,0.0,0.0,0.0,0.0,0.0,0,0.8228975558234876,1.0680690104225423,False,False,False,False,-0.15618861282781196,-0.13699054423436188,False,False,False,False,-61287243,-50337524.89263195,False,False,False,False,2996909.11859942,False,False,False,False
2023-04-11 00:00:00+00:00,31.3985421799,31.5215001302,31.0837698273,31.2214827316,1211904,,,,,,,,,,,,,,,,,,,,,,,29.835708993709485,,,,,,29.835708993709485,"rgba(239, 83, 80, 0.5)",2.6536445235236132,33.506872783949724,-0.7945037797489917,54.37424223894176,-1.8899983932672555,True,False,True,False,True,0.0,0.0,0.0,0.0,0.0,0,0.8315678718575752,1.0686666426899787,False,False,False,False,-0.10992074321509845,-0.12345564372473017,False,False,False,False,-60075339,-50719399.95566599,False,False,False,False,2926908.917870031,False,False,False,False
2023-04-12 00:00:00+00:00,31.5362550842,31.885455663,31.2608292756,31.7920076208,1816664,,,,,,,,,,,,,,,,,,,,,,,29.89592350984984,,,,,,29.89592350984984,"rgba(239, 83, 80, 0.5)",2.6480595806324385,33.5033156196422,-0.7428309203573153,55.485216113280984,-0.5871287820638003,True,False,True,False,True,0.0,0.0,0.0,0.0,0.0,0,0.8433793052125386,1.056230672509629,False,False,False,False,-0.0891411557899027,-0.10629839975731643,False,False,False,False,-58258675,-51015057.80054183,False,False,False,False,2883369.9014829714,False,False,False,False
2023-04-13 00:00:00+00:00,32.36253251,32.3822057821,31.6739679885,31.6739679885,1403780,,,,,,,,,,,,,,,,,,,,,,,29.95484826190734,,,,,,29.95484826190734,#000000,2.6344908586336384,33.50322696122227,-0.4329847824235307,58.65071595660979,2.6923753927621945,True,False,True,False,True,0.0,0.0,0.0,0.0,0.0,0,0.8484955756561605,1.0386216177802452,False,False,False,False,-0.05435691763210198,-0.0803276586947092,False,False,False,False,-56854895,-51244071.02405,False,False,False,False,2825346.7680914826,False,False,False,False
2023-04-14 00:00:00+00:00,31.9690670692,32.6084484106,31.6542947165,32.6084484106,1389678,,,,,,,,,,,,,,,,,,,,,,,30.008631062578104,,,,,,30.008631062578104,"rgba(239, 83, 80, 0.5)",2.6289090394692427,33.50269300108058,-0.5833697206162015,58.9707839074518,3.230450149125076,True,False,True,False,True,0.0,0.0,0.0,0.0,0.0,0,0.85613134261704,1.0285425324500026,False,False,False,False,-0.0464812220909298,-0.0634044403928195,False,False,False,False,-58244573,-51518600.51330294,False,False,False,False,2769046.032087895,False,False,False,False
2023-04-17 00:00:00+00:00,32.2248196057,32.2248196057,31.6838046246,31.7133145326,1502833,,,,,,,,,,,,,,,,,,,,,,,30.062932706596477,,,,,,30.062932706596477,#000000,2.6201767422596203,33.50180042931095,-0.48736438386583414,59.93537217242846,4.425503389141134,True,False,True,False,True,0.0,0.0,0.0,0.0,0.0,0,0.838599088137188,1.0640316970164287,False,False,False,False,-0.058675578382076696,-0.0610400093874481,False,False,False,False,-56741740,-51723429.512781255,False,False,False,False,2719390.6190648405,False,False,False,False
2023-04-18 00:00:00+00:00,32.3231859659,32.4805721423,31.8018442568,32.1854730616,2546044,,,,,,,,,,,,,,,,,,,,,,,30.15540795201946,,,,,,30.15540795201946,#000000,2.606181600441767,33.501291805419264,-0.4520428811712753,60.8715960929822,5.596805681850739,True,False,True,False,True,0.0,0.0,0.0,0.0,0.0,0,0.8392504619250502,1.0547091715414265,False,False,False,False,-0.03896818704356313,-0.05000409821550561,False,False,False,False,-54195696,-51820381.13973101,False,False,False,False,2712592.7124348464,False,False,False,False
2023-04-19 00:00:00+00:00,32.6084484106,32.7068147708,31.900210617,31.900210617,1958073,,,,,,,,,,,,,,,,,,,,,,,30.22780482309518,,,,,,30.22780482309518,#000000,2.600867191923152,33.50191965581328,-0.34352820781772686,62.3467653375881,7.258814981490261,True,False,True,False,True,0.0,0.0,0.0,0.0,0.0,0,0.8663469994085969,1.0435817841599537,False,False,False,False,-0.026316784502349002,-0.03816044135892731,False,False,False,False,-52237623,-51836743.56562392,False,False,False,False,2683003.704104068,False,False,False,False
2023-04-20 00:00:00+00:00,32.6871414987,32.7756712229,32.0575967934,32.0575967934,2776869,,,,,,,,,,,,,,,,,,,,,,,30.327270980630544,,,,,,30.327270980630544,#000000,2.590059580115991,33.50329644671815,-0.31511049177548345,63.5658553337925,8.647396137231468,True,False,True,False,True,0.0,0.0,0.0,0.0,0.0,0,0.873416268589344,1.0422611071195655,False,False,False,False,-0.017504360050874967,-0.027832400704901138,False,False,False,False,-49460754,-51743567.5042269,False,False,False,False,2686684.696099987,False,False,False,False
2023-04-21 00:00:00+00:00,32.7461613149,32.8592826291,32.4412255982,32.6084484106,1763580,,,,,,,,,,,,,,,,,,,,,,,30.390786373440378,,,,,,30.390786373440378,#000000,2.5799493072635657,33.50490153658687,-0.29409113564778994,64.56588017752522,9.818411638013721,True,False,True,False,True,0.0,0.0,0.0,0.0,0.0,0,0.8635892672793978,1.046931923060702,False,False,False,False,0.0006881479842844855,-0.013572126360308327,False,False,False,False,-47697174,-51584885.40602192,False,False,False,False,2650484.511939203,False,False,False,False
2023-04-24 00:00:00+00:00,32.8346910391,32.9133841272,32.6182850466,32.7559979509,1011876,,,,,,,,,,,,,,,,,,,,,,,30.42732978220496,,,,,,30.42732978220496,#000000,2.5787952304808117,33.46831999598664,-0.24570735566642882,65.52842873740104,10.95136545583739,True,False,True,False,True,0.19532839297292526,0.0,0.0,0.0,0.0,0,0.8603881826088957,1.0758405804559583,False,False,False,False,0.048271598599032184,0.017349736119361928,False,False,False,False,-46685298,-51392744.72343283,False,False,False,False,2586225.354608254,False,False,False,False
2023-04-25 00:00:00+00:00,31.2411560036,32.6084484106,31.2018094595,32.5100820503,2355750,,,,,,,,,,,,,,,,,,,,,,,30.470379920229142,,,,,,30.470379920229142,"rgba(239, 83, 80, 0.5)",2.581048474293059,33.42241130278992,-0.8451043523261826,58.42334069047746,13.347017011221979,True,False,True,False,False,0.0,0.0,0.0,0.0,0.0,0,0.8392989676421553,1.0371409592326954,False,False,False,False,-0.026395409260439335,-0.004522836570538704,False,False,False,False,-49041048,-51300521.3225139,False,False,False,False,2577187.1054079304,False,False,False,False
2023-04-26 00:00:00+00:00,30.4640617579,31.3690322719,30.4099602598,31.1821361875,2294593,,,,,,,,,,,,,,,,,,,,,,,30.479335578142177,,,,,,30.479335578142177,"rgba(239, 83, 80, 1.0)",2.597056169491792,33.38402848007178,-1.1243371462170464,51.38770577615203,7.001619719167472,True,False,False,False,False,0.0,0.0,0.0,0.0,0.0,0,0.8166841123769365,1.0717358672787494,False,False,False,False,-0.11460863475777992,-0.05956573566415931,False,False,False,False,-51335641,-51301898.564768255,False,False,False,False,2566104.983627227,False,False,False,False
2023-04-27 00:00:00+00:00,31.4575619961,31.5067451762,30.7886707466,30.7886707466,2302479,,,,,,,,,,,,,,,,,,,,,,,30.5035572281757,,,,,,30.5035572281757,"rgba(239, 83, 80, 0.5)",2.6024980001886004,33.372219128933786,-0.7356997518134621,50.456307361175384,6.471227466932149,True,False,False,False,False,0.0,0.0,0.0,0.0,0.0,0,0.8252308389865394,1.0671234983706188,False,False,False,False,-0.07615627151662765,-0.06786100359039349,False,False,False,False,-49033162,-51212928.503404796,False,False,False,False,2555766.709759493,False,False,False,False
2023-04-28 00:00:00+00:00,31.9297205251,31.9444754791,31.2608292756,31.3001758197,1218222,,,,,,,,,,,,,,,,,,,,,,,30.52329354241922,,,,,,30.52329354241922,"rgba(239, 83, 80, 0.5)",2.604958999566527,33.37154606779345,-0.5534926050403781,51.308417122298785,6.471227466932149,True,False,False,False,False,0.0,0.0,0.0,0.0,0.0,0,0.8448435239040445,1.0445720302312023,False,False,False,False,-0.02357570518382038,-0.04571835438710693,False,False,False,False,-47814940,-51079674.05229089,False,False,False,False,2503313.9760434343,False,False,False,False
2023-05-01 00:00:00+00:00,31.6542947165,31.9198838891,31.3936238619,31.7034778966,1913490,,,,,,,,,,,,,,,,,,,,,,,30.55162997793934,,,,,,30.55162997793934,"rgba(239, 83, 80, 0.5)",2.605986840903396,33.368779682987345,-0.6579023882917988,50.95271239921023,6.471227466932149,True,False,False,False,False,0.0,0.0,0.0,0.0,0.0,0,0.8549550923768291,1.0428136294423145,False,False,False,False,-0.012049237249398364,-0.02888379581825265,False,False,False,False,-49728430,-51026684.08945595,False,False,False,False,2480183.624041731,False,False,False,False
2023-05-02 00:00:00+00:00,30.2870023095,31.432970406,30.1886359493,31.3985421799,2435590,,,,,,,,,,,,,,,,,,,,,,,30.554240024170113,,,,,,30.554240024170113,"rgba(239, 83, 80, 1.0)",2.6158415823149377,33.348035963954636,-1.17019076199015,46.99648392769438,3.3249529828245983,True,False,False,True,False,0.0,0.0,0.0,0.0,0.0,0,0.8258783099877454,1.0424464047407558,False,False,False,False,-0.06817628519671817,-0.04853004050748541,False,False,False,False,-52164020,-51071285.49771258,False,False,False,False,2478434.8544714674,False,False,False,False
2023-05-03 00:00:00+00:00,30.3656953977,31.0345866472,30.060759681,30.3066755816,2336845,,,,,,,,,,,,,,,,,,,,,,,30.552306686145954,,,,,,30.552306686145954,"rgba(239, 83, 80, 1.0)",2.619198862754686,33.32851987714425,-1.1311949319984678,44.64051987334942,1.0915982130553914,False,False,False,True,False,0.0,0.0,0.0,0.0,0.0,0,0.8462509320636669,1.04550866746846,False,False,False,False,-0.0598171881060819,-0.054173614306783656,False,False,False,False,-49827175,-51022496.850743465,False,False,False,False,2472882.311158861,False,False,False,False
2023-05-04 00:00:00+00:00,29.7558239644,30.3263488536,29.559091244,30.1394527692,3398048,,,,,,,,,,,,,,,,,,,,,,,30.525337214704592,,,,,,30.525337214704592,"rgba(239, 83, 80, 1.0)",2.628584341656226,33.292152462520846,-1.3453357543371294,41.66304700644723,-1.7318031989747311,False,False,False,True,False,0.0,0.0,0.0,0.0,0.0,0,0.8453092886852253,1.0339486730549916,False,False,False,False,-0.13190129066110223,-0.09303745248394295,False,False,False,False,-53225223,-51108878.26836137,False,False,False,False,2509163.318564396,False,False,False,False
2023-05-05 00:00:00+00:00,30.8575271988,30.9116286969,30.1886359493,30.3263488536,2033680,,,,,,,,,,,,,,,,,,,,,,,30.5283226849402,,,,,,30.5283226849402,"rgba(239, 83, 80, 0.5)",2.6234044888141557,33.28053717593928,-0.9236128044572117,43.39798788593923,-1.7318031989747311,False,False,False,True,False,0.0,0.0,0.0,0.0,0.0,0,0.8546310199777067,1.0081774177420921,False,False,False,False,-0.04450905698297555,-0.06877325473345924,False,False,False,False,-51191543,-51112120.022543274,False,False,False,False,2490516.913914812,False,False,False,False
2023-05-08 00:00:00+00:00,31.3395223638,31.4673986321,30.8821187888,31.3198490918,2121922,,,,,,,,,,,,,,,,,,,,,,,30.545079992862107,,,,,,30.545079992862107,"rgba(239, 83, 80, 0.5)",2.613000000598372,33.274765261844365,-0.7406210859552996,45.92002366232839,-1.7318031989747311,False,False,False,True,True,0.0,0.0,0.0,0.0,0.0,0,0.888171772441835,0.9851717710864542,False,False,False,False,0.038611835600551626,-0.015080709566453809,False,False,False,False,-49069621,-51032022.021659225,False,False,False,False,2476062.2114083483,False,False,False,False
2023-05-09 00:00:00+00:00,31.6641313525,31.7329878047,30.6903043864,31.2509926396,3082358,,,,,,,,,,,,,,,,,,,,,,,30.572497812159124,,,,,,30.572497812159124,"rgba(239, 83, 80, 0.5)",2.5910058055219536,33.26791844723344,-0.6189824396824773,48.48447820428703,-8.337255379781418,True,False,False,False,True,0.0,0.0,0.0,0.0,0.0,0,0.8742289369865358,0.9906877803457618,False,False,False,False,0.04522868104932716,0.015073985741436676,False,False,False,False,-45987263,-50834188.33453534,False,False,False,False,2499838.5168433147,False,False,False,False
2023-05-10 00:00:00+00:00,30.6411212063,31.9198838891,30.5624281181,31.870700709,3315461,,,,,,,,,,,,,,,,,,,,,,,30.58881759449595,,,,,,30.58881759449595,"rgba(239, 83, 80, 1.0)",2.562234511324666,33.25546612430774,-1.0203378755741337,47.374947322569895,-8.337255379781418,True,False,False,False,True,0.0,0.0,0.0,0.0,0.0,0,0.8818034484742725,0.9741616840846165,False,False,False,False,0.04918001212696305,0.03212699893419987,False,False,False,False,-49302724,-50774130.9096516,False,False,False,False,2531823.712261224,False,False,False,False
2023-05-11 00:00:00+00:00,30.6903043864,30.8968737429,29.578764516,30.6214479343,2081928,,,,,,,,,,,,,,,,,,,,,,,30.584534128099552,,,,,,30.584534128099552,"rgba(239, 83, 80, 1.0)",2.5357503458342197,33.24204537971497,-1.0063060811593785,46.78651128708936,-8.337255379781418,False,False,False,True,True,0.0,0.0,0.0,0.0,0.0,0,0.8656636799645696,0.998145963619281,False,False,False,False,-0.08511068777453577,-0.026491844420167953,False,False,False,False,-47220796,-50634784.442606434,False,False,False,False,2514180.743152941,False,False,False,False
2023-05-12 00:00:00+00:00,29.8541903246,30.615644319,29.4508882477,30.5427548461,3494759,,,,,,,,,,,,,,,,,,,,,,29.973574297099997,30.563348865930326,,,,,,30.26846158151516,"rgba(239, 83, 80, 1.0)",2.5116583119893043,33.05254652245445,-1.2734041818456028,44.35721423365263,-8.337255379781418,False,False,False,True,False,0.0,0.0,0.0,0.0,0.0,0,0.8755062817579549,0.9930130966814601,False,False,False,False,-0.1127089534906328,-0.06960039895540038,False,False,False,False,-50715555,-50637951.915445395,False,False,False,False,2552634.792441061,False,False,False,False
2023-05-15 00:00:00+00:00,30.0705963171,30.3706137157,29.9378017308,30.2476557655,1991799,,,,,,,,,,,,,,,,,,,,,,30.029032219143794,30.55487964903425,,,,,,30.29195593408902,"rgba(239, 83, 80, 1.0)",2.470277778818564,33.042165186612415,-1.202929036965874,43.478718120876195,-8.337255379781418,False,False,False,True,False,0.0,0.0,0.0,0.0,0.0,0,0.865379371827143,1.0133973590478098,False,False,False,False,-0.09637355053112025,-0.0829869747432603,False,False,False,False,-48723756,-50562885.40895734,False,False,False,False,2530641.2319531767,False,False,False,False
2023-05-16 00:00:00+00:00,29.7459873284,30.1001062251,29.5492546079,30.060759681,1963372,,,,,,,,,,,,,,,,,,,,,,29.968263879568788,30.540700242032237,,,,,,30.254482060800512,"rgba(239, 83, 80, 1.0)",2.421349492853748,33.024162337793925,-1.353862802155976,42.09807369314262,-8.337255379781418,False,False,False,True,False,0.0,0.0,0.0,0.0,0.0,0,0.8528521338980001,1.024014991413811,False,False,False,False,-0.11547103693946469,-0.09922900584136249,False,False,False,False,-50687128,-50567757.6674296,False,False,False,False,2508395.3797197193,False,False,False,False
2023-05-17 00:00:00+00:00,30.5525914821,30.6165296163,29.5429591609,30.0017398649,2258141,,,,,,,,,,,,,,,,,,,,,,30.030856868192927,30.53429841557499,,,,,,30.28257764188396,"rgba(239, 83, 80, 1.0)",2.384531827342331,33.014006096882625,-1.032242298701454,43.91015579643202,-8.337255379781418,False,False,False,True,False,0.0,0.0,0.0,0.0,0.0,0,0.8778240025486347,1.0092890373388046,False,False,False,False,-0.07652150662274636,-0.08787525623205442,False,False,False,False,-48428987,-50483884.307922564,False,False,False,False,2498581.482475809,False,False,False,False
2023-05-18 00:00:00+00:00,30.2574924015,30.6509578423,30.0222984342,30.4542251219,1784586,,,,,,,,,,,,,,,,,,,,,,30.074241116510045,30.530622889968043,,,,,,30.302432003239044,"rgba(239, 83, 80, 1.0)",2.3348430131364615,33.006320887415,-1.177307626443982,44.300977605759805,-8.337255379781418,False,False,False,True,False,0.0,0.0,0.0,0.0,0.0,1,0.8900451730112213,0.9745041555649372,False,False,False,False,-0.037526744454954394,-0.0627010003435044,False,False,False,False,-50213573,-50473283.864474624,False,False,False,False,2470581.65963362,False,False,False,False
2023-05-19 00:00:00+00:00,30.3165122176,30.493571666,30.050923045,30.3361854896,1859683,,,,,,,,,,,,,,,,,,,,,,30.10387400285994,30.52652811100892,,,,,,30.315201056934427,"rgba(239, 83, 80, 1.0)",2.284405707096918,32.99754330408744,-1.1736230031987478,44.7669114821746,-8.337255379781418,False,False,False,True,False,0.0,0.0,0.0,0.0,0.0,1,0.9042784871706498,0.9843113119077855,False,False,False,False,-0.047284369093468406,-0.0549926847184864,False,False,False,False,-48353890,-50390170.37959327,False,False,False,False,2446624.8494519093,False,False,False,False
2023-05-22 00:00:00+00:00,30.7886707466,31.0837698273,30.513244938,30.5427548461,1911563,,,,,,,,,,,,,,,,,,,,,,30.1904552451673,30.53109158202697,,,,,,30.360773413597137,"rgba(239, 83, 80, 1.0)",2.1918471943629925,32.994693624336676,-1.0064674596888596,46.70405967080295,-8.337255379781418,False,False,False,True,True,0.0,0.0,0.0,0.0,0.0,1,0.9450592721486837,0.9363089152312388,False,False,False,False,0.03237883315813276,-0.011306925780176821,False,False,False,False,-46442327,-50235352.99215824,False,False,False,False,2425642.0318263443,False,False,False,False
2023-05-23 00:00:00+00:00,30.8968737429,31.4357246641,30.6903043864,30.8132623367,2200455,,,,,,,,,,,,,,,,,,,,,,30.293417269818445,30.540229432943086,,,,,,30.416823351380764,"rgba(239, 83, 80, 0.5)",2.107198485857759,32.993138727014724,-0.9948113564923227,48.360400763147936,-6.790751960377079,True,False,False,False,True,0.0,0.0,0.0,0.0,0.0,1,0.9724102621057087,0.8903337457075472,False,False,False,False,0.07251102452653298,0.030602049373178078,False,False,False,False,-44241872,-50000314.52187753,False,False,False,False,2416811.1678331546,False,False,False,False
2023-05-24 00:00:00+00:00,30.1197794972,30.8968737429,29.9820665929,30.7001410224,2601065,,,,,,,,,,,,,,,,,,,,,,30.29853624205344,30.535634341737055,,,,,,30.417085291895248,"rgba(239, 83, 80, 1.0)",2.0656703822269873,32.97991495310161,-1.3846039912806019,46.89941018108995,-6.790751960377079,False,False,False,False,True,0.0,0.0,0.0,0.0,0.0,1,0.9537492761964658,0.9162751928555978,False,False,False,False,-0.02195392804510665,0.004324060664035715,False,False,False,False,-46842937,-49876495.79552939,False,False,False,False,2424036.8083102857,False,False,False,False
2023-05-25 00:00:00+00:00,30.4148785778,30.6214479343,29.7656606004,30.050923045,2505665,,,,,,,,,,,,,,,,,,,,,,30.29507186318976,30.530025501712924,,,,,,30.412548682451344,"rgba(239, 83, 80, 1.0)",2.000717081570554,32.96647348077173,-1.2753401900126438,47.01911829958833,-6.790751960377079,False,False,False,False,True,0.0,0.0,0.0,0.0,0.0,1,0.9708089466802126,0.9030595441964814,False,False,False,False,-0.0601061829898053,-0.027891061162884794,False,False,False,False,-44337272,-49659271.33295961,False,False,False,False,2427237.9138667453,False,False,False,False
2023-05-26 00:00:00+00:00,30.975566831,31.0345866472,30.3755320337,30.5722647542,2020772,,,,,,,,,,,,,,,,,,,,,,30.336170931552054,30.534422493948664,,,,,,30.435296712750358,"rgba(239, 83, 80, 1.0)",1.929626884524284,32.961247254076035,-1.029048900075608,49.016198342169986,-5.689108734217683,True,False,False,False,True,0.0,0.0,0.0,0.0,0.0,1,0.9863549994565287,0.8948170986728852,False,False,False,False,0.017527210332290443,-0.0051819254152971755,False,False,False,False,-42316500,-49371319.5159808,False,False,False,False,2411298.074107265,False,False,False,False
2023-05-30 00:00:00+00:00,30.1886359493,30.9435490305,30.1097629619,30.7703242318,2184090,,,,,,,,,,,,,,,,,,,,,,30.34251796275365,30.53230224353553,,,,,,30.43741010314459,"rgba(239, 83, 80, 1.0)",1.8610243211080713,32.95124329698825,-1.4844552628110579,47.80121920406683,-5.689108734217683,False,False,False,False,True,0.0,0.0,0.0,0.0,0.0,1,0.9764623140936836,0.8918177959811459,False,False,False,False,-0.03423196672571519,-0.019706946070506184,False,False,False,False,-44500590,-49180310.515354104,False,False,False,False,2402387.953554039,False,False,False,False
2023-05-31 00:00:00+00:00,29.6168067903,29.9717352338,29.4292862626,29.9125804932,2400074,,,,,,,,,,,,,,,,,,,,,29.672609428900003,30.287410040766737,30.51598701656432,,,,,,30.158668828743686,"rgba(255, 0, 0, 1.0)",1.80483129122988,32.63733002835175,-1.6735765014321364,45.42910884991245,-5.689108734217683,False,False,False,True,False,0.0,0.0,0.0,0.0,0.0,1,0.9578278758593367,0.9208717086739543,False,False,True,False,-0.19442159861046815,-0.10706427234048717,False,False,False,False,-46900664,-49090912.6127912,False,False,True,False,2402297.2102774098,False,False,True,False
2023-06-01 00:00:00+00:00,30.0801855916,30.2476920987,29.4984973091,29.7449753949,2872261,,,,,,,,,,,,,,,,,,,,,29.819436036691204,30.256464585899117,30.50324308706539,,,,,,30.19304790321857,"rgba(239, 83, 80, 1.0)",1.723929774448567,32.627042258081104,-1.4773552288670038,45.51461183287671,-5.689108734217683,False,False,False,True,False,0.0,0.0,0.0,0.0,0.0,1,0.9524617306105227,0.9348227538559254,False,False,False,False,-0.16407489889296575,-0.13556958561672647,False,False,False,False,-44028403,-48892382.82405429,False,False,False,False,2420727.162815551,False,False,False,False
2023-06-02 00:00:00+00:00,30.5731417632,30.6815921209,30.2379315665,30.4055366648,2401318,,,,,,,,,,,,,,,,,,,,,30.031640007005308,30.273269862630052,30.503139408927947,,,,,,30.269349759521102,"rgba(239, 83, 80, 1.0)",1.6386353645260614,32.62902173564901,-1.2546293195885163,47.197401667158104,-5.689108734217683,False,False,False,False,False,0.0,0.0,0.0,0.0,0.0,1,0.9706194706272595,0.9210182609145972,False,False,False,False,-0.06279436040606,-0.09918197301139323,False,False,False,False,-41627085,-48607469.183895305,False,False,False,False,2419966.0191757255,False,False,False,False
2023-06-05 00:00:00+00:00,30.5337052695,31.0256755287,30.193565511,30.5139870226,1586469,,,,,,,,,,,,,,,,,,,,,30.126325847623427,30.286963479414176,30.50410533392346,,,,,,30.305798220320355,"rgba(239, 83, 80, 1.0)",1.548009557922776,32.628620992323306,-1.3532963747552085,48.187118015252146,-5.689108734217683,False,False,False,False,True,0.0,0.0,0.0,0.0,0.0,1,0.9724248706658263,0.9070314459617126,False,False,False,False,-0.037208980972260754,-0.06819547699182699,False,False,False,False,-43213554,-48395943.09825235,False,False,False,False,2387279.861560991,False,False,False,False
2023-06-06 00:00:00+00:00,31.2829986503,31.3273647057,30.4153957883,30.523846146,1698809,,,,,,,,,,,,,,,,,,,,,30.26309029437294,30.319450649058528,30.510452424859903,,,,,,30.36433112276379,"rgba(239, 83, 80, 0.5)",1.4666802262532774,32.63286023578539,-0.9203516631117934,51.185651201283804,-3.1903622745507434,True,False,False,False,True,0.0,0.0,0.0,0.0,0.0,1,0.9868609582080987,0.8994039402872258,False,False,False,False,-0.052334998484122396,-0.060265237737974695,False,False,False,False,-41514745,-48126092.192438535,False,False,False,False,2360281.0042448738,False,False,False,False
2023-06-07 00:00:00+00:00,31.4506037486,31.509659898,31.0463796879,31.3520125143,2026940,,,,,,,,,,,,,,,,,,,,,30.430488151028133,30.371248274596713,30.522655220907847,,,,,,30.441463882177562,"rgba(239, 83, 80, 0.5)",1.3867493651895624,32.64056882013319,-0.8580967126460721,53.662548622392656,-0.8461281307508131,True,False,True,False,True,0.0,0.0,0.0,0.0,0.0,1,0.9783659640762955,0.905414606096611,False,False,False,False,0.02977846260321618,-0.015243387567379257,False,False,False,False,-39487805,-47787335.831950754,False,False,False,False,2347208.807999977,False,False,False,False
2023-06-08 00:00:00+00:00,31.1646891691,31.4506037486,30.6717329975,31.4308855018,1896665,,,,,,,,,,,,,,,,,,,,,30.515261148957684,30.404230639672257,30.53047700449267,,,,,,30.48332293104087,"rgba(239, 83, 80, 1.0)",1.3465528532180708,32.6421664960257,-1.0972293611756414,54.15878515582651,-0.35813089675810517,True,False,True,False,True,0.0,0.0,0.0,0.0,0.0,1,0.9677141660478918,0.9011852502641462,False,False,False,False,-0.0370514873575433,-0.02614743746246128,False,False,False,False,-41384470,-47536243.054227196,False,False,False,False,2329540.4233725267,False,False,False,False
2023-06-09 00:00:00+00:00,31.1745482925,31.6773635876,31.0660979348,31.3421533909,1526039,,,,,,,,,,,,,,,,,,,,,30.5888021674889,30.436097152167303,30.538901884465314,,,,,,30.521267068040505,"rgba(239, 83, 80, 1.0)",1.3138543340829123,32.644830275286175,-1.1190601154521838,54.52305566462638,0.09553189093500691,True,False,True,False,True,0.0,0.0,0.0,0.0,0.0,1,0.9707423509929113,0.9221447266281941,False,False,False,False,0.029842018441538908,0.0018472904895388137,False,False,False,False,-39858431,-47235152.38543397,False,False,False,False,2298030.5636324272,False,False,False,False
2023-06-12 00:00:00+00:00,31.5590541064,31.7365183282,31.2987732478,31.4111672549,1402354,,,,,,,,,,,,,,,,,,,,,30.66302198725492,30.47054832847192,30.548712497115073,,,,,,30.560760937613974,"rgba(239, 83, 80, 0.5)",1.2816700415681712,32.6486828422603,-0.8501632249491428,56.07215978795371,1.700608746930115,True,False,True,False,True,0.0,0.0,0.0,0.0,0.0,1,0.9512724777446315,0.9292283058205674,False,False,False,False,0.06132713902115346,0.031587214755346135,False,False,False,False,-38456077,-46890874.919338524,False,False,False,False,2262905.9925095867,False,False,False,False
2023-06-13 00:00:00+00:00,32.2393336232,32.2393336232,31.7513070133,31.7513070133,1817748,,,,,,,,,,,,,,,,,,,,,30.793934233263744,30.533462373671707,30.568041088461577,,,,,,30.63181256513234,#000000,1.264656418548199,32.65885808123108,-0.3317299875903766,59.086686655516985,4.624226968799732,True,False,True,False,True,1.5151876490328853,0.0,0.0,0.0,0.0,0,0.950746095781864,0.934537367737863,False,False,False,False,0.1655965216671201,0.09859186821123311,False,False,False,False,-36638329,-46488814.29505074,False,False,False,False,2245448.8163327402,False,False,False,False
2023-06-14 00:00:00+00:00,32.6139803136,32.9344018252,32.2639814318,32.5153890793,1730079,,,,,,,,,,,,,,,,,,,,,30.94056105180455,30.60788691330929,30.59226374540891,,,,,,30.71357057017425,#000000,1.2542092512820178,32.67263233085238,-0.046764140188270194,62.03896654942082,7.3913097477775835,True,False,True,False,True,2.645767414803057,0.0,0.0,0.0,0.0,0,0.9596075618048208,0.9164319592255703,False,False,False,False,0.3030702648336819,0.2008310665224575,False,False,False,False,-34908250,-46034674.51877424,False,False,False,False,2225238.2353000836,False,False,False,False
2023-06-15 00:00:00+00:00,32.9787678806,33.0034156892,32.3083474872,32.5351073262,2727851,,,,,,,,,,,,,,,,,,,,,31.147013296091043,30.723496900313393,30.632241632756653,,,,,,30.834250609720367,#000000,1.2598946951288432,32.69388739311651,0.22611452257472822,64.8607721220555,9.97845732626196,True,False,True,False,True,3.7351268202864993,0.0,0.0,0.0,0.0,0,0.9689300270520321,0.9130568384187931,False,False,False,False,0.3164856893195325,0.258658377920995,False,False,False,False,-32180399,-45491369.596469365,False,False,False,False,2244948.5397981196,False,False,False,False
2023-06-16 00:00:00+00:00,33.0674999915,33.3041189539,32.8456697143,33.1167956087,2643239,,,,,,,,,,,,,,,,,,,,,31.337412273403242,30.839536485942048,30.67501462966539,,,,,,30.95065446300356,#000000,1.2695642335020338,32.612121945824455,0.3586884646390877,66.9477325948364,11.864167341367683,True,False,True,False,True,4.000451435408209,0.0,0.0,0.0,0.0,0,0.9922192278569665,0.888356517744853,False,False,False,False,0.3428282324659751,0.300743305193485,False,False,False,False,-29537160,-44865714.31817645,False,False,False,False,2260567.773531527,False,False,False,False
2023-06-20 00:00:00+00:00,32.3182066107,32.7224306714,31.9879259757,32.5351073262,1426491,,,,,,,,,,,,,,,,,,,,,31.388351220898254,30.878574902493433,30.690644102839727,,,,,,30.985856742077136,#000000,1.262509049028449,32.60499590883831,-0.22715821194232638,64.4805722869778,11.864167341367683,True,False,True,False,False,1.544821889087732,0.0,0.0,0.0,0.0,0,0.967041760509908,0.8975850971282251,False,False,False,False,0.19153825505592467,0.24614078012470486,False,False,False,False,-30963651,-44320535.36452247,False,False,False,False,2227858.880451859,False,False,False,False
2023-06-21 00:00:00+00:00,31.9731372905,32.2393336232,31.7365183282,32.1308832655,1488171,,,,,,,,,,,,,,,,,,,,,31.418202744546882,30.90770561364701,30.70315618442093,,,,,,31.009688180871606,"rgba(239, 83, 80, 0.5)",1.2318665795306234,32.59665243046103,-0.5061547657203315,61.32395326612279,16.869599639843557,True,False,True,False,False,0.4428269316445643,0.0,0.0,0.0,0.0,0,0.9715677294179133,0.8997152331673564,False,False,False,False,0.11794230425469787,0.18204154218970137,False,False,False,False,-32451822,-43855095.62473728,False,False,False,False,2198851.512591002,False,False,False,False
2023-06-22 00:00:00+00:00,31.3322942675,31.8351095625,30.9872249473,31.687222711,2253852,,,,,,,,,,,,,,,,,,,,,31.415847985058384,30.926035134924646,30.713007755235903,,,,,,31.01829695840631,"rgba(239, 83, 80, 1.0)",1.2083296418691254,32.57654767426396,-1.0297301031523722,56.75048777940853,12.702333677464466,True,False,True,False,False,0.0,0.0,0.0,0.0,0.0,0,0.9343924310976587,0.918434697453939,False,False,False,False,0.004589515672121711,0.09331552893091154,False,False,False,False,-34705674,-43496294.77670837,False,False,False,False,2201008.3944501784,False,False,False,False
2023-06-23 00:00:00+00:00,30.888633713,31.1055344285,30.5041278992,30.9182110833,1686880,,,,,,,,,,,,,,,,,,,,30.8327653469,31.38656159494604,30.92342857696873,30.714289168549925,,,,,,30.964261171841173,"rgba(239, 83, 80, 1.0)",1.2036972049325734,32.360350348948174,-1.2226634986916107,52.22573727690356,8.671399667121669,False,False,False,False,False,0.0,0.0,0.0,0.0,0.0,0,0.912756420509063,0.9403136791574734,False,False,False,False,-0.11450235938001242,-0.010593415224550443,False,False,False,False,-36392554,-43217716.70703354,False,False,False,False,2180846.496628603,False,False,False,False
2023-06-26 00:00:00+00:00,31.0365205645,31.1942665394,30.6914512444,30.888633713,2113761,,,,,,,,,,,,,,,,,,,,30.911358468082707,31.362138259615705,30.925142285216882,30.717726303010654,,,,,,30.979091328981486,"rgba(239, 83, 80, 1.0)",1.197597476267256,32.34908420177951,-1.0959973307313466,49.8338608195544,6.642728189935944,False,False,False,False,False,0.0,0.0,0.0,0.0,0.0,0,0.9098078282490929,0.9534343565411709,False,False,False,False,-0.08722810614230171,-0.04891076068342608,False,False,False,False,-34278793,-42867170.67930673,False,False,False,False,2178215.6928392462,False,False,False,False
2023-06-27 00:00:00+00:00,31.7858139453,31.8893347414,30.9773658239,31.0266614411,3205660,,,,,,,,,,,,,,,,,,,,31.203945740866068,31.37768672449922,30.955680494897287,30.734113729340127,,,,,,31.067856672400673,#000000,1.2024200521605108,32.360189582843496,-0.4776830164396025,51.08305208194895,6.642728189935944,False,False,False,False,False,0.0,0.0,0.0,0.0,0.0,0,0.9173542777603301,0.9416616883636142,False,False,False,False,0.008928527329317069,-0.019991116677054506,False,False,False,False,-31073133,-42404659.39776529,False,False,False,False,2218507.6264533936,False,False,False,False
2023-06-28 00:00:00+00:00,31.9534190437,31.9928555374,31.4801811189,31.7660956985,1766277,,,,,,,,,,,,,,,,,,,,31.325731259346107,31.396410124898495,30.978022195139864,30.745636487176856,,,,,,31.11145001664033,#000000,1.198698815701457,32.367947230187944,-0.34581512975415035,52.48517963980015,6.642728189935944,False,False,False,False,False,0.5160641769467027,0.0,0.0,0.0,0.0,0,0.9291396298181016,0.9294299147693432,False,False,False,False,0.06833146656543662,0.024170174944191058,False,False,False,False,-29306856,-41891020.048833326,False,False,False,False,2200773.0920826723,False,False,False,False
2023-06-29 00:00:00+00:00,32.1407423889,32.2097562529,31.6773635876,31.982996414,1670205,,,,,,,,,,,,,,,,,,,,31.43505833243274,31.420585917829474,31.00294257652586,30.758319555929077,,,,,,31.154226595679287,#000000,1.1763831914359513,32.377080007909015,-0.20090190061329274,54.06494319881715,6.642728189935944,True,False,True,False,True,1.1115324485764546,0.0,0.0,0.0,0.0,0,0.9308669379058567,0.9301463443310544,False,False,False,False,0.10915227456933393,0.06666122475676249,False,False,False,False,-27636651,-41332025.1841732,False,False,False,False,2179966.500236293,False,False,False,False
2023-06-30 00:00:00+00:00,33.1759503493,33.2794711453,32.3872204747,32.416797845,3159092,,,,,,,,,,,,,,,,,,,,31.786340186626003,31.52660320674455,31.087938558232207,30.799105758138214,,,,,,31.29999692743524,"rgba(38, 166, 154, 0.5)",1.1830090419876396,32.419263023262545,0.6396293681459148,58.08805037411752,0.9924664611865168,True,False,True,False,True,4.2988975763282475,0.0,0.0,0.0,0.0,0,0.9405306270396421,0.9124161920491541,False,False,False,False,0.290674166267474,0.17866769551211825,False,False,False,False,-24477559,-40671065.72597033,False,False,False,False,2218363.578658399,False,False,False,False
2023-07-03 00:00:00+00:00,32.9689087572,33.2548233367,32.8949653315,33.1069364852,851794,,,,,,,,,,,,,,,,,,,,31.860196178854007,31.554406357850862,31.110671093777682,30.81030415023129,,,,,,31.333894445178462,#000000,1.1633120499093121,32.42942323598764,0.46374962010787424,59.80420094899422,2.681885838465064,True,False,True,False,True,3.606876033321079,0.0,0.0,0.0,0.0,0,0.9488005809468028,0.9139776742522682,False,False,False,False,0.3428282324659751,0.26074796398904665,False,False,False,False,-25329353,-40069429.932795025,False,False,False,False,2164772.6147894426,False,False,False,False
2023-07-05 00:00:00+00:00,32.8703175229,32.9787678806,32.1013058952,32.5942620668,3854872,,,,,,,,,,,,,,,,,,,,32.026517211084965,31.638535749876727,31.187758635021396,30.8510005845279,,,,,,31.425953045127745,#000000,1.1555302308377267,32.45560484071585,0.3588938403485104,60.47536656695317,3.4763997429989786,True,False,True,False,True,3.2749586933948294,0.0,0.0,0.0,0.0,0,0.9201346489999741,0.9238956536940925,False,False,False,False,0.22932372754979577,0.24503584576942122,False,False,False,False,-29184225,-39642559.15111679,False,False,False,False,2231051.022052602,False,False,False,False
2023-07-06 00:00:00+00:00,31.4013081315,32.4956708325,31.3668011995,32.4759525856,3318513,,,,,,,,,,,,,,,,,,,,31.98479249247696,31.645731187548787,31.21118349858982,30.86788530095577,,,,,,31.427398119892835,"rgba(239, 83, 80, 0.5)",1.1034279367779518,32.45094256030084,-0.9512487347980411,55.382633998504375,3.4763997429989786,True,False,True,False,False,0.0,0.0,0.0,0.0,0.0,0,0.8914375333614393,0.930034950742047,False,False,False,False,0.10671363550320331,0.17587474063631225,False,False,False,False,-32502738,-39362566.16479848,False,False,False,False,2273696.589815245,False,False,False,False
2023-07-07 00:00:00+00:00,32.1407423889,32.3576431044,31.3717307612,31.4506037486,2193764,,,,,,,,,,,,,,,,,,,,31.98220583015129,31.657974800906782,31.23100890147153,30.881171220367218,,,,,,31.438090188224205,#000000,1.0690064253697886,32.451519343932304,-0.29071570353265125,54.35455121428223,3.4763997429989786,True,False,True,False,False,0.8504652298470035,0.0,0.0,0.0,0.0,0,0.9296078749850196,0.9303797032222858,False,False,False,False,0.09356606646884176,0.134720403552577,False,False,False,False,-30308974,-39007523.33480639,False,False,False,False,2270561.978449941,False,False,False,False
2023-07-10 00:00:00+00:00,31.9534190437,32.485811709,31.8942643031,32.1407423889,2293224,,,,,,,,,,,,,,,,,,,,31.99353047709683,31.675889361379202,31.25481400068546,30.89666261188545,,,,,,31.455224112761734,#000000,1.050519777537756,32.454496345799754,-0.47698036040235003,53.061620554959646,10.093345770922781,True,False,False,False,False,0.2657201142623258,0.0,0.0,0.0,0.0,0,0.9614681071528923,0.8959316080567818,False,False,False,False,0.1582374164491956,0.1464789100008863,False,False,False,False,-32602198,-38756334.105990455,False,False,False,False,2271450.685177394,False,False,False,False
2023-07-11 00:00:00+00:00,31.9435599203,32.1703197592,31.514688051,32.1111650186,3216953,,,,,,,,,,,,,,,,,,,,31.98066077276382,31.68641299512789,31.277527801308025,30.913668366346254,,,,,,31.464567483886498,"rgba(239, 83, 80, 0.5)",1.0128268262551856,32.45328906379153,-0.5032737386865992,52.165787461906405,9.008066864589878,False,False,False,False,False,0.23457096967698732,0.0,0.0,0.0,0.0,0,0.9502688812003179,0.9143443694986837,False,False,False,False,0.08919092292862256,0.11783491646475444,False,False,False,False,-35819151,-38641150.45477515,False,False,False,False,2308529.2073273007,False,False,False,False
2023-07-12 00:00:00+00:00,32.5844029433,32.8998948932,32.4266569684,32.6336985605,2045150,,,,,,,,,,,,,,,,,,,,32.023441087564414,31.71713725291167,31.30840264538185,30.932481364888076,,,,,,31.495365587686504,#000000,0.9819645178819171,32.46226068836792,0.1243856093655382,53.65042073819794,9.008066864589878,True,False,True,False,False,2.2320235766575536,0.0,0.0,0.0,0.0,0,0.9495317918874149,0.9084202351428198,False,False,False,False,0.2548699660823053,0.18635244127352985,False,False,False,False,-33774001,-38450281.84870554,False,False,False,False,2298200.6109615243,False,False,False,False
2023-07-13 00:00:00+00:00,34.082989705,34.2505948034,32.91961314,32.9294722635,2639091,,,,,,,,,,,,,,,,,,,,32.15747981798754,31.79857299709077,31.377951055575824,30.971635528708244,,,,,,31.576409849840594,"rgba(0, 255, 255, 0.75)",1.009264152702611,32.49042476155725,1.5779466051362043,58.17654587298121,9.008066864589878,True,False,True,False,True,6.592968052563826,0.0,0.0,0.0,0.0,0,0.9517465895007908,0.8708467698625,False,False,False,False,0.3428282353488522,0.26459033831119105,False,False,False,False,-31134910,-38163404.52130532,False,False,False,False,2311568.861512053,False,False,False,False
2023-07-14 00:00:00+00:00,33.875948113,34.4379181486,33.8118638107,34.0336940879,1983350,,,,,,,,,,,,,,,,,,,,32.26130291396395,31.864103521726133,31.433759668636764,31.003357389150086,,,,,,31.640630873369233,"rgba(38, 166, 154, 1.0)",1.0242096339599425,32.513376162707885,1.3303643171407675,60.39091720505003,3.6546127734068534,True,False,True,False,True,5.909388897145629,0.0,0.0,0.0,0.0,0,1.0078302481638013,0.8570268001708455,False,False,False,False,0.3428282376750244,0.3037092879931077,False,False,False,False,-33118260,-37965555.71654825,False,False,False,False,2298697.5336096194,False,False,False,False
2023-07-17 00:00:00+00:00,33.7280612615,33.8266524958,33.4618649288,33.8167933724,2800369,,,,,,,,,,,,,,,,,,,,32.36313587741183,31.93572317844396,31.498068984803655,31.041730712091887,,,,,,31.709664688187832,"rgba(38, 166, 154, 1.0)",1.0336333043641124,32.53778544069333,1.1515455391977034,61.275470755896635,4.627052007600135,True,False,True,False,True,5.41832614007448,0.0,0.0,0.0,0.0,0,1.0011642021561182,0.8591126701827456,False,False,False,False,0.26428861000761084,0.28399894900035927,False,False,False,False,-35918629,-37885284.08060518,False,False,False,False,2318370.924448458,False,False,False,False
2023-07-18 00:00:00+00:00,34.5562276298,34.7287622898,33.6886247677,33.8069342489,3862915,,,,,,,,,,,,,,,,,,,,32.54073546611648,32.05948606774037,31.60581342949094,31.105575210547862,,,,,,31.82790254347391,"rgba(0, 255, 255, 0.75)",1.0880477781555333,32.581764316944046,1.8146843847271832,63.643245897093244,7.043222576807125,True,False,True,False,True,7.750646179597304,0.0,0.0,0.0,0.0,0,1.0202124578890228,0.8209393884373948,False,False,False,False,0.34282823798621104,0.3134135934932851,False,False,False,False,-32055714,-37656673.4892089,False,False,False,False,2378941.2803524397,False,False,False,False
2023-07-19 00:00:00+00:00,35.2858027638,35.4336896152,34.7829874687,34.8520013327,2367850,,,,,,,,,,,,,,,,,,,,32.6788613193459,32.155150679201185,31.687136437286348,31.153427375845926,,,,,,31.918643952919837,"rgba(0, 255, 0, 1.0)",1.1694567126288478,32.616858078415035,2.282209043364576,66.51517780869395,9.892768746345148,True,False,True,False,True,9.717694873172476,0.0,0.0,0.0,0.0,0,1.0371188531897524,0.8245634705284703,False,False,False,False,0.342828240719366,0.32812091710632557,False,False,False,False,-29687864,-37344171.15629875,False,False,False,False,2378506.3281817557,False,True,False,False
2023-07-20 00:00:00+00:00,34.8520013327,35.2956618872,34.2407356799,35.2660845169,1563799,,,,,,,,,,,,,,,,,,,,32.7499224316157,32.207767147460935,31.733321921586057,31.18154997004298,,,,,,31.968140367676416,"rgba(0, 255, 255, 0.75)",1.2273876510611397,32.6360552107529,1.8054166668788783,66.64027544853565,10.175851735943972,True,False,True,False,True,8.24043728553837,0.0,0.0,0.0,0.0,0,1.0067756716497283,0.8442491476777063,False,False,False,False,0.29691570150757535,0.31251830930695046,False,False,False,False,-31251663,-37105249.26781645,False,False,False,False,2346557.021194236,False,False,False,False
2023-07-21 00:00:00+00:00,34.9801699374,35.0787611717,34.6252414938,34.8914378265,1155088,,,,,,,,,,,,,,,,,,,,32.80180739626307,32.2467350073296,31.767634999436435,31.202604291336264,,,,,,32.00469542359134,"rgba(0, 255, 255, 0.75)",1.28667796386073,32.65036510895279,1.810713242851019,66.9838812646411,10.780103107832858,True,False,True,False,True,8.589563959539738,0.0,0.0,0.0,0.0,0,1.0213307420334232,0.8540491500950926,False,False,False,False,0.30810837147280257,0.3103133403898765,False,False,False,False,-30096575,-36830399.29652953,False,False,False,False,2299832.745853286,False,False,False,False
2023-07-24 00:00:00+00:00,35.0097473077,35.4681965473,34.9505925671,34.9900290608,1233668,,,,,,,,,,,,,,,,,,,,32.86076880145151,32.29090922538856,31.806312514200396,31.226322388112063,,,,,,32.04607823228813,"rgba(0, 255, 255, 0.75)",1.342168635584404,32.715530595378056,1.709335661329178,67.27706342988125,11.402184455175053,True,False,True,False,True,8.671245367928858,0.0,0.0,0.0,0.0,0,1.0334019420618754,0.8457192946538751,False,False,False,False,0.3428282409706086,0.32657079068024253,False,False,False,False,-28862907,-36517948.61823426,False,False,False,False,2258022.363662961,False,False,False,False
2023-07-25 00:00:00+00:00,35.177352406,35.2069297763,34.7928465922,34.9998881842,1582573,,,,,,,,,,,,,,,,,,,,32.929570140956436,32.344033203455616,31.85343557353546,31.255691374168205,,,,,,32.09568257302893,"rgba(0, 255, 255, 0.75)",1.397622041061624,32.73283817979979,1.7490524293272944,67.85556486482838,12.324070729633739,True,False,True,False,True,9.13964071480148,0.0,0.0,0.0,0.0,0,1.0558566641263285,0.8220815733676895,False,False,False,False,0.314912726807695,0.32074175874396876,False,False,False,False,-27280334,-36155689.22144076,False,False,False,False,2231534.1533232373,False,False,False,False
2023-07-26 00:00:00+00:00,34.9111560733,35.1872115294,34.8520013327,35.0491838014,1452667,,,,,,,,,,,,,,,,,,,,32.986927987868974,32.389724234485556,31.894512480848107,31.281728235555097,,,,,,32.138223234689434,"rgba(0, 255, 255, 0.75)",1.4405729343756082,32.74790093366042,1.5016630453196784,66.8886286632029,12.324070729633739,True,False,True,False,True,8.187594431483138,0.0,0.0,0.0,0.0,0,1.0642440914258713,0.8127396303701376,False,False,False,False,0.3175193005975937,0.31913052967078126,False,False,False,False,-28733001,-35864603.40883525,False,False,False,False,2200990.343388993,False,False,False,False
2023-07-27 00:00:00+00:00,34.3196086674,35.2266480232,34.2949608588,35.2069297763,1091314,,,,,,,,,,,,,,,,,,,,33.02035673909881,32.41827592144545,31.921059688199097,31.29912054826323,,,,,,32.164703224251646,"rgba(38, 166, 154, 1.0)",1.465526745225429,32.75395156934547,1.068323797675694,63.52311762694554,12.324070729633739,True,False,True,False,False,6.1065808586030315,0.0,0.0,0.0,0.0,0,1.038019543792144,0.8094691170863633,False,False,False,False,0.2836241491431218,0.30137733940695155,False,False,False,False,-29824315,-35627729.35358681,False,False,False,False,2157473.624040405,False,False,False,False
2023-07-28 00:00:00+00:00,34.2308765565,34.8559449821,34.0632714582,34.6449597407,1605355,,,,,,,,,,,,,,,,,,,,33.0603483993003,32.45469864222079,31.95592101259306,31.32262223380739,,,,,,32.19839757198038,"rgba(38, 166, 154, 0.5)",1.48932085390796,32.7606929788448,0.9871503335211178,60.89488870224565,16.054059754536894,True,False,True,False,False,5.797211069953523,0.0,0.0,0.0,0.0,0,1.0419178342381448,0.8133306149065399,False,False,False,False,0.2449552801795355,0.2731663097932435,False,False,False,False,-31429670,-35463099.57501478,False,False,False,False,2135821.9132937226,False,False,False,False
2023-07-31 00:00:00+00:00,34.4083407783,34.7879170304,34.2358061182,34.309749544,1240678,,,,,,,,,,,,,,,,,,,,33.09176744688105,32.48326293097125,31.983211510973675,31.341091549155802,,,,,,32.22483335949544,"rgba(38, 166, 154, 1.0)",1.5161305941763077,32.76866471136891,1.0814873555281699,59.775311671504575,14.89842705307015,True,False,True,False,False,6.3317528903470475,0.0,0.0,0.0,0.0,0,1.0471517440826876,0.8262607036855043,False,False,False,False,0.2516094963161077,0.26238790305467563,False,False,False,False,-30188992,-35256271.82697498,False,False,False,False,2100718.2304194593,False,False,False,False
2023-08-01 00:00:00+00:00,33.9055254833,34.3196086674,33.5555266014,34.2998904205,1294383,,,,,,,,,,,,,,,,,,,,33.11064917092065,32.50422369987112,32.00491426503046,31.356789450019413,,,,,,32.244144146460414,"rgba(38, 166, 154, 0.5)",1.5321413902834164,32.77057589750242,0.7407603456151274,56.772706089401446,11.978691181983734,False,False,True,False,False,4.555119505301754,0.0,0.0,0.0,0.0,0,1.0136580055927689,0.8383114710622023,False,False,False,False,0.17953118108325664,0.22095954206896612,False,False,False,False,-31483375,-35108315.08866224,False,False,False,False,2069097.2409912453,False,False,False,False
2023-08-02 00:00:00+00:00,32.9393313869,33.6196109037,32.5449664496,33.5210196694,2563019,,,,,,,,,,,,,,,,,,,,33.10739193643547,32.519047036319535,32.02718849336473,31.37671908213239,,,,,,32.257586637063035,#000000,1.5361901422758524,32.75820004748515,0.1179094530228593,51.400968649774015,6.967536242404023,False,True,False,False,False,1.287576380798658,0.0,0.0,0.0,0.0,0,0.9789183984621167,0.8488326072526295,False,False,False,False,0.07530091837095036,0.14813023021995825,False,False,False,False,-34046394,-35066671.12440097,False,False,False,False,2088466.7217366868,False,False,False,False
2023-08-03 00:00:00+00:00,32.0224329077,32.7914445354,31.9780668523,32.7322897948,3924265,,,,,,,,,,,,,,,,,,,,33.05546306023367,32.50858071973794,32.03477963682997,31.392567215631697,,,,,,32.24784765810832,#000000,1.5359443587819976,32.727653539108445,-0.4591446476405458,45.48737192457492,1.6425168806538295,False,True,False,True,False,0.0,0.0,0.0,0.0,0.0,0,0.9536904990748255,0.8864874448593308,False,False,False,False,-0.00841025495284458,0.06985998763355683,False,False,False,False,-37970659,-35180553.001875445,False,False,False,False,2160458.811080346,False,False,False,False
2023-08-04 00:00:00+00:00,32.554825573,32.9836974423,31.8942643031,32.0421511546,2861098,,,,,,,,,,,,,,,,,,,,33.030637326723046,32.50768067322423,32.0448931577935,31.406515553972515,,,,,,32.247431677928326,#000000,1.536867760802313,32.716413195226316,-0.10514087571331321,43.73502374437737,0.2739557468656173,False,True,False,True,False,0.06772217163268834,0.0,0.0,0.0,0.0,0,0.947417081313508,0.8915780738029615,False,False,False,False,-0.001913531096365945,0.033973228268595446,False,False,False,False,-35109561,-35177769.0018019,False,False,False,False,2187934.857704646,False,False,False,False
2023-08-07 00:00:00+00:00,32.7421489183,32.9590496338,32.5153890793,32.554825573,1585333,,,,,,,,,,,,,,,,,,,,33.02385322418576,32.51134269775014,32.05356568061088,31.415938872217755,,,,,,32.25117511869114,#000000,1.5376752946719738,32.714130569924336,0.018221238562361335,43.30228221480555,-0.03784220641563252,False,True,False,True,False,0.6592270982195423,0.0,0.0,0.0,0.0,0,0.9812396643518592,0.8769225509949256,False,False,False,False,0.03383027494174483,0.03390175160517014,False,False,False,False,-33524228,-35112924.2566332,False,False,False,False,2164303.412304464,False,False,False,False
2023-08-08 00:00:00+00:00,32.7322897948,32.7569376034,31.8449686859,32.2393336232,2884728,,,,,,,,,,,,,,,,,,,,33.00034595700219,32.50947651304398,32.062263007093144,31.42901097154343,,,,,,32.250274112170686,#000000,1.5379610691490768,32.705986160416664,0.017102926017426717,42.98361956842403,-0.4309575814740896,False,True,False,True,False,0.6271653218957773,0.0,0.0,0.0,0.0,0,0.9695133528560088,0.8752036007034945,False,False,False,False,-0.01845223920733832,0.007724756198915909,False,False,False,False,-36408956,-35163749.03088288,False,False,False,False,2192555.356919975,False,False,False,False
2023-08-09 00:00:00+00:00,32.4463752153,32.8210219057,32.0539821027,32.5252482028,2930875,,,,,,,,,,,,,,,,,,,,32.97817043836892,32.50756635809943,32.07061774704947,31.441901862708587,,,,,,32.2495641015566,#000000,1.5363572192993293,32.69927984587431,-0.164613168993111,41.872033257403054,-1.6845433962162488,False,True,False,True,False,0.0,0.0,0.0,0.0,0.0,0,0.9592497953160404,0.8845626863432563,False,False,False,False,-0.0020907098391346785,0.0028170231798906155,False,False,False,False,-39339831,-35327516.95124042,False,False,False,False,2221509.0684133093,False,False,False,False
2023-08-10 00:00:00+00:00,34.0632714582,34.3146791057,32.4660934622,32.7618671651,2843945,,,,,,,,,,,,,,,,,,,,33.001727738215536,32.536521195235586,32.10302134097562,31.468444289989048,,,,,,32.277428641103945,"rgba(38, 166, 154, 0.5)",1.5520016948880215,32.71216445815243,0.8705576833439306,46.84015413682202,-1.6845433962162488,False,True,False,True,True,4.7136929872905,0.0,0.0,0.0,0.0,0,0.9776460080393029,0.8479060189468628,False,False,False,False,0.1125437748713618,0.05768039902562621,False,False,False,False,-36495886,-35373335.34530943,False,False,False,False,2245918.3206323953,False,False,False,False
2023-08-11 00:00:00+00:00,33.8660889895,34.1125670753,33.2252459664,33.5900335334,3325250,,,,,,,,,,,,,,,,,,,,33.03212769753061,32.57207185684256,32.14209825841972,31.500357103253247,,,,,,32.311663729011535,"rgba(38, 166, 154, 0.5)",1.5641597261132478,32.728425662698655,0.7273319391928751,49.45815723449196,-7.251807929797259,False,True,False,False,True,4.057503038417899,0.0,0.0,0.0,0.0,0,1.012345495819727,0.834527819400604,False,False,False,False,0.14038560608156062,0.09903300255359342,False,False,False,False,-39821136,-35547758.900395334,False,False,False,False,2288245.0531566152,False,False,False,False
2023-08-14 00:00:00+00:00,33.8562298661,34.1865105011,33.58017441,33.6886247677,1951218,,,,,,,,,,,,,,,,,,,,33.052138557954144,32.594357420541535,32.16610446585337,31.519812834269818,,,,,,32.33310331965472,"rgba(38, 166, 154, 0.5)",1.5671005280198604,32.73887921366746,0.7130050896252275,51.16679241155488,-5.589536716356946,False,True,False,False,True,4.024313493087313,0.0,0.0,0.0,0.0,0,1.0195825856435266,0.8390182398432358,False,False,False,False,0.14677936731265082,0.12290618493312211,False,False,False,False,-41772354,-35791860.66900728,False,False,False,False,2275028.305974003,False,False,False,False
2023-08-15 00:00:00+00:00,33.0576408681,33.8167933724,32.7224306714,33.8167933724,2629829,,,,,,,,,,,,,,,,,,,,33.05669439870895,32.60798816905188,32.185042976637604,31.538157707753303,,,,,,32.346970813037935,#000000,1.5693702188544094,32.74367962959695,0.20005556033313562,49.538783466469724,-5.589536716356946,False,True,False,False,True,1.3742038039295466,0.0,0.0,0.0,0.0,0,0.9825867174106718,0.8640490412817572,False,False,False,False,0.05171575049028658,0.08731096771170435,False,False,False,False,-44402183,-36129520.368261896,False,False,False,False,2288942.0586809046,False,False,False,False
2023-08-16 00:00:00+00:00,32.8210219057,33.0280634978,32.3675022278,32.8308810291,2443090,,,,,,,,,,,,,,,,,,,,33.047788848181675,32.610673005658555,32.19431881298542,31.550221667462772,,,,,,32.35075058357211,#000000,1.5714086679519796,32.74272923096302,0.04982324224990916,47.724848491276916,-5.589536716356946,False,True,False,True,True,0.6076039351267362,0.0,0.0,0.0,0.0,0,0.9740457002114354,0.8910705902813678,False,False,False,False,-0.04638467093654969,0.020463148387577332,False,False,False,False,-46845273,-36549745.96166339,False,False,False,False,2294987.075987536,False,False,False,False
2023-08-17 00:00:00+00:00,32.0618694014,33.0280634978,31.91398255,32.8801766463,2362770,,,,,,,,,,,,,,,,,,,,33.0289734097209,32.60530297811955,32.19655550865763,31.557770552201564,,,,,,32.347150612174914,#000000,1.570496499761115,32.737594662207385,-0.4302621883653774,44.415652808026906,-5.589536716356946,False,True,False,True,False,0.0,0.0,0.0,0.0,0.0,0,0.9574243309784042,0.8990998217177357,False,False,False,False,-0.08050362852050302,-0.030020240066462846,False,False,False,False,-49208043,-37046149.76708835,False,False,False,False,2297645.229870378,False,False,False,False
2023-08-18 00:00:00+00:00,32.6139803136,32.7865149737,31.4111672549,31.6477862173,3055131,,,,,,,,,,,,,,,,,,,,33.00395370124993,32.59708904691245,32.198049886639524,31.566531098445548,,,,,,32.34140593331186,#000000,1.5567004162042775,32.730646515934076,-0.07494454367690229,44.33615676501988,0.9363209886114419,False,True,False,True,False,0.0,0.0,0.0,0.0,0.0,0,0.9308654374998705,0.9116125020865085,False,False,False,False,-0.13694940648476456,-0.0834848232756137,False,False,False,False,-46152912,-37403277.69779077,False,False,False,False,2327350.554189187,False,False,False,False
2023-08-21 00:00:00+00:00,32.3083474872,32.7322897948,32.0372215929,32.6435576839,2372913,,,,,,,,,,,,,,,,,,,,32.9878482469724,32.59264169118094,32.20053984748852,31.574027250620563,,,,,,32.338764259065606,#000000,1.542675126041028,32.726587753477155,-0.27111363839156694,43.41752051373751,-0.18779768317415346,False,True,False,True,False,0.0,0.0,0.0,0.0,0.0,0,0.9550464871074642,0.9113150579826179,False,False,False,False,-0.09352862668975959,-0.08850672498268664,False,False,False,False,-48525825,-37839456.023367606,False,False,False,False,2329137.316770003,False,False,False,False
2023-08-22 00:00:00+00:00,31.6280679704,32.4365160919,31.2041256628,32.4365160919,2927639,,,,,,,,,,,,,,,,,,,31.756236575033334,32.9510215536016,32.57377783932107,32.192232778297445,31.576128455012867,,,,,,32.20987944025326,"rgba(239, 83, 80, 0.5)",1.5179011421880968,32.61978530760318,-0.653347777163928,41.06125078422959,-2.668037777324983,False,True,False,True,False,0.0,0.0,0.0,0.0,0.0,0,0.9263254803803912,0.9251451772752215,False,False,False,False,-0.1797454327316187,-0.13412607885715266,False,False,False,False,-51453464,-38373338.68911789,False,False,False,False,2352607.971014317,False,False,False,False
2023-08-23 00:00:00+00:00,32.1604606358,32.2196153764,31.5393358595,31.6970818344,1193398,,,,,,,,,,,,,,,,,,,31.81904816350392,32.939245963163906,32.56830614690719,32.1905755889297,31.57798595550489,,,,,,32.21903236360192,#000000,1.5097296992118912,32.6193989439544,-0.30398707026428395,41.5639001621111,-2.668037777324983,False,True,False,True,False,0.0,0.0,0.0,0.0,0.0,1,0.9319476484143022,0.9349136104653526,False,False,False,False,-0.17060655660018278,-0.1523663177286677,False,False,False,False,-50260066,-38839484.8581721,False,False,False,False,2307148.756464736,False,False,False,False
2023-08-24 00:00:00+00:00,31.9632781671,32.5252482028,31.8203208774,32.2294744998,1601671,,,,,,,,,,,,,,,,,,,31.898506327142982,32.9259450653457,32.56268527447297,32.18969499491107,31.58126182806467,,,,,,32.23161869798748,#000000,1.5065271553432427,32.6196359907299,-0.4356760655139694,41.355668959430965,-2.8944359502308785,False,True,False,True,False,0.0,0.0,0.0,0.0,0.0,1,0.9324817088957469,0.9435387112667745,False,False,False,False,-0.1256771156988633,-0.1390217167137655,False,False,False,False,-51861737,-39350161.41275358,False,False,False,False,2279482.96209357,False,False,False,False
2023-08-25 00:00:00+00:00,32.0224329077,32.2787701169,31.6428566556,31.982996414,1216318,,,,,,,,,,,,,,,,,,,31.91302827521119,32.91467245449427,32.55740142951947,32.18811706163889,31.583148854758626,,,,,,32.23127361512449,#000000,1.5052807179706535,32.61701375969219,-0.3949966573635356,41.46250494128262,-3.1484349143567556,False,True,False,True,False,0.0,0.0,0.0,0.0,0.0,1,0.9164840860365424,0.9653685772828071,False,False,False,False,-0.15808621190473424,-0.1485539643092499,False,False,False,False,-50645419,-39793112.69068482,False,False,False,False,2237790.218482057,False,False,False,False
2023-08-28 00:00:00+00:00,32.4660934622,32.6336985605,32.0964749247,32.1900380061,1676378,,,,,,,,,,,,,,,,,,,32.00754069548085,32.90632412113865,32.5554386456171,32.19029309307725,31.58841642709192,,,,,,32.249602596481154,#000000,1.4939021268112562,32.62006106151243,-0.10306404720172356,43.348306814764214,-3.1484349143567556,False,True,False,True,False,0.0,0.0,0.0,0.0,0.0,1,0.9243425711722401,0.9566805155523395,False,False,False,False,-0.0965026028786873,-0.12252828359396858,False,False,False,False,-48969041,-40152953.01654031,False,False,False,False,2215774.0530513884,False,False,False,False
2023-08-29 00:00:00+00:00,33.511160546,33.5200337571,32.3379248575,32.485811709,1466344,,,,,,,,,,,,,,,,,,,32.16978491165276,32.90934873695512,32.56151546594206,32.198646199951455,31.59703725196592,,,,,,32.28726651329346,"rgba(38, 166, 154, 0.5)",1.4894111265379768,32.63096220986129,0.5909707000676608,48.0382447521934,-7.18673780084324,False,True,False,False,True,2.98117497621422,0.0,0.0,0.0,0.0,1,0.9186676257634586,0.9436351401476029,False,False,False,False,-0.011708432545893769,-0.06711835806993117,False,False,False,False,-47502697,-40441178.27079363,False,False,False,False,2186384.639206236,False,False,False,False
2023-08-30 00:00:00+00:00,33.6886247677,33.9158500961,33.4070629478,33.5700724225,1385789,,,,,,,,,,,,,,,,,,,32.351139628700146,32.919257709020464,32.57262389760032,32.21099867084631,31.607987087855474,,,,,,32.33240139880454,"rgba(38, 166, 154, 0.5)",1.4701721637737912,32.64558768414888,0.7094659450453363,51.663082548815694,-3.7737259936253906,False,True,False,False,True,3.523225781329856,0.0,0.0,0.0,0.0,1,0.9658799281945086,0.9277802288242305,False,False,False,False,0.09836588320999334,0.015623762570031084,False,False,False,False,-46116908,-40663755.907233104,False,False,False,False,2154988.731786384,False,False,False,False
2023-08-31 00:00:00+00:00,33.6985041298,33.9356088203,33.3823645426,33.7676596646,2365075,,,,,,,,,,,,,,,,,,,32.577005161399335,32.93562184224015,32.59110456950267,32.23163131618241,31.626424747447132,,,,,,32.39235752735434,"rgba(38, 166, 154, 0.5)",1.4538739777716718,32.66614100849503,0.7100774462496767,54.10901589127164,-1.5276993517260564,False,False,True,False,True,3.553772550499694,0.0,0.0,0.0,0.0,0,0.9731516942919772,0.9176097683372109,False,False,False,False,0.09799221213247238,0.056807987351251726,False,False,False,False,-43751833,-40784856.96969455,False,False,False,False,2163227.4089712314,False,False,False,False
2023-09-01 00:00:00+00:00,34.2616277697,34.4592150117,33.8565739235,34.0146437171,1711243,,,,,,,,,,,,,,,,,,,32.75485401043792,32.95508120439494,32.61034508675898,32.251462628025294,31.642902333352566,,,,,,32.44292905259394,"rgba(38, 166, 154, 1.0)",1.436092052789023,32.68492620122254,1.0979112135711362,57.35963209144586,1.4697834909081635,True,False,True,False,True,5.286639182647409,0.0,0.0,0.0,0.0,0,1.0018911720266679,0.8944142908755732,False,False,False,False,0.17417869543519165,0.11549334139322169,False,False,False,False,-42040590,-40834101.40225555,False,False,False,False,2145502.530188046,False,False,False,False
2023-09-05 00:00:00+00:00,33.421881991,34.2813864939,33.3873042236,34.2418690455,1823780,,,,,,,,,,,,,,,,,,,32.853774056313256,32.96712243943693,32.62408219274902,32.26687609225229,31.656863399531563,,,,,,32.47374363605662,"rgba(38, 166, 154, 0.5)",1.4228858506778495,32.69678853912133,0.5095935499908464,56.061382236594966,1.4697834909081635,True,False,True,False,True,2.4289994300526416,0.0,0.0,0.0,0.0,0,1.0076534639856836,0.8867932929887482,False,False,False,False,0.11783287745378605,0.11666310942350387,False,False,False,False,-43864370,-40952935.4649122,False,False,False,False,2132885.96037675,False,False,False,False
2023-09-06 00:00:00+00:00,33.13538049,33.6095898709,32.8044218596,33.4021232668,1258576,,,,,,,,,,,,,,,,,,,32.8760287391222,32.96951541054429,32.62891772458368,32.273569582441404,31.663989186780228,,,,,,32.48240412869436,#000000,1.4004056450195022,32.70018884860999,0.3107611304894106,54.16976798822222,1.4697834909081635,False,False,True,False,False,1.4812960372156994,0.0,0.0,0.0,0.0,0,0.9892744522643611,0.905701352967836,False,False,False,False,-0.019992353875333203,0.048335377774085336,False,False,False,False,-45122946,-41116465.2898176,False,False,False,False,2098599.2952639363,False,False,False,False
2023-09-07 00:00:00+00:00,33.2045360248,33.3922439047,32.7500853681,32.7500853681,1990787,,,,,,,,,,,,,,,,,,,32.899163954197334,32.97203156426424,32.63548678747339,32.28318860981531,31.67463083353702,,,,,,32.49290034985746,#000000,1.3782039885713513,32.704414120919346,0.36287944892619356,53.15770955870966,1.4697834909081635,False,False,True,False,False,1.7022660310741315,0.0,0.0,0.0,0.0,0,0.9810579514891651,0.9269396128618331,False,False,False,False,-0.07650713694072636,-0.014085879583320512,False,False,False,False,-43132159,-41195512.10198162,False,False,False,False,2094371.362116331,False,False,False,False
2023-09-08 00:00:00+00:00,33.7577803025,33.8763326477,33.1057424037,33.1057424037,2055394,,,,,,,,,,,,,,,,,,,32.960881624831785,32.98265172066039,32.648467080108496,32.29830440492758,31.688943346310527,,,,,,32.51584963536776,"rgba(38, 166, 154, 0.5)",1.3689533907158349,32.71404306357097,0.7624344597906697,54.38883074613932,1.4697834909081635,False,False,True,False,False,3.457612307614898,0.0,0.0,0.0,0.0,0,0.9776721821234982,0.9183313915963791,False,False,False,False,-0.00463886985958131,-0.00936237472145091,False,False,False,False,-41076765,-41190855.3528843,False,False,False,False,2092842.8381117692,False,False,False,False
2023-09-11 00:00:00+00:00,34.4295769254,34.5925864001,33.5601930604,33.9356088203,2425974,,,,,,,,,,,,,,,,,,,33.08008465627174,33.007126748260966,32.67313956868637,32.3240334000002,31.71095959718977,,,,,,32.5590687940818,"rgba(38, 166, 154, 1.0)",1.3699980742484512,32.73280501567495,1.2385213830726443,57.15356350425653,1.4697834909081635,True,False,True,False,True,5.519338593079844,0.0,0.0,0.0,0.0,0,0.9839851391003627,0.9075479996117759,False,False,False,False,0.10979374365897333,0.050215684468761214,False,False,False,False,-38650791,-41091244.986104526,False,False,False,False,2105906.805244641,False,False,False,False
2023-09-12 00:00:00+00:00,34.1628341486,34.5728276759,33.9158500961,34.4493356496,2551808,,,,,,,,,,,,,,,,,,,33.18502522953815,33.03230596290767,32.69863648933521,32.3506783591698,31.733915187687963,,,,,,32.60011224572775,"rgba(38, 166, 154, 1.0)",1.3481912700572147,32.751327270832014,1.046963371679511,57.83202647497456,1.9727001701288387,True,False,True,False,True,4.590040430106306,0.0,0.0,0.0,0.0,0,0.9812391947951858,0.9298245249584632,False,False,False,False,0.14302910232830485,0.09662239339853303,False,False,False,False,-41202599,-41095611.81017886,False,False,False,False,2123393.126607596,False,False,False,False
2023-09-13 00:00:00+00:00,34.7852339611,34.9334243926,33.6787454056,34.2418690455,2849846,,,,,,,,,,,,,,,,,,,33.3046977552494,33.064862162883,32.73063618806239,32.38341006766982,31.76157739723376,,,,,,32.649036714219676,"rgba(38, 166, 154, 1.0)",1.3420534348391635,32.774103024979254,1.4985475867894666,59.98702345907447,4.185102919780029,True,False,True,False,True,6.4731110402207435,0.0,0.0,0.0,0.0,0,0.9642814493916154,0.9223141401860012,False,False,False,False,0.15532346184795287,0.12597292762324294,False,False,False,False,-38352753,-40988048.71958361,False,False,False,False,2151881.4745837688,False,False,False,False
2023-09-14 00:00:00+00:00,35.6644971881,35.7830495334,35.0816148241,35.2298052557,2104847,,,,,,,,,,,,,,,,,,,33.44704569186922,33.10519565717479,32.767313699919754,32.41873884752847,31.789400383204313,,,,,,32.70553885593931,"rgba(0, 255, 0, 1.0)",1.3663742919939195,32.900926878178744,2.022557308135855,63.36152718394183,7.479427575299454,True,False,True,False,True,9.016942463662343,0.0,0.0,0.0,0.0,0,1.0085151105688064,0.8963856667603401,False,False,False,False,0.34282823390998773,0.23440058076661535,False,False,False,False,-36247906,-40802160.769796014,False,True,False,False,2150036.9853844056,False,True,False,False
2023-09-15 00:00:00+00:00,35.5854622913,35.7336527229,35.2298052557,35.5953416534,3222286,,,,,,,,,,,,,,,,,,,33.63315456184654,33.164589417105745,32.821754967434465,32.47141474970123,31.831277050934098,,,,,,32.784438149404416,"rgba(0, 255, 255, 0.75)",1.3674181263907688,32.939025228920265,1.9353532115044207,65.24089721156798,9.309895180482982,True,False,True,False,True,8.73184596582503,0.0,0.0,0.0,0.0,0,1.0386153814675225,0.8925184640100575,False,False,False,False,0.34282823418663044,0.2886144074766229,False,False,False,False,-39470192,-40749926.700392246,False,False,False,False,2192085.9663497233,False,False,False,False
2023-09-18 00:00:00+00:00,35.4767893082,35.7781098523,35.4076337735,35.5657035671,1399807,,,,,,,,,,,,,,,,,,,33.70538881246741,33.18988985355157,32.845061958651506,32.49402153473537,31.84936104781819,,,,,,32.81674464144481,"rgba(0, 255, 255, 0.75)",1.3443054240961838,32.95533178620869,1.8756582223020926,65.9555082069153,10.095745300385225,True,False,True,False,True,8.335084476144317,0.0,0.0,0.0,0.0,0,1.043361239293657,0.8865185108645246,False,False,False,False,0.34282823478258834,0.3157213211296056,False,False,False,False,-40869999,-40754635.41802392,False,False,False,False,2161016.20296346,False,False,False,False
2023-09-19 00:00:00+00:00,34.7160784264,35.743532085,34.7160784264,35.6348591018,1850372,,,,,,,,,,,,,,,,,,,33.769463698372334,33.21568232984192,32.86974163913672,32.51864275901209,31.869835920859824,,,,,,32.848673269444575,"rgba(38, 166, 154, 1.0)",1.3153630075767653,32.96654922917877,1.3300732855824458,63.00210221135778,10.095745300385225,True,False,True,False,False,5.606843511088165,0.0,0.0,0.0,0.0,0,1.0139167260674502,0.8915862943428703,False,False,False,False,0.27307331752843783,0.2943973193290217,False,False,False,False,-42720371,-40831723.08790533,False,False,False,False,2148834.0773570496,False,False,False,False
2023-09-20 00:00:00+00:00,34.4987324601,34.9927005652,34.4987324601,34.8346307716,1566658,,,,,,,,,,,,,,,,,,,33.80392080837172,33.23240514667832,32.88651543532516,32.53593594283421,31.884845085156062,,,,,,32.86872448367309,"rgba(38, 166, 154, 1.0)",1.2936622303884127,32.97127745325877,1.1807216528093445,60.16164642728107,10.095745300385225,True,False,True,False,False,4.844752038251698,0.0,0.0,0.0,0.0,0,1.0178598279523208,0.9016025769603634,False,False,False,False,0.18383522547155662,0.23911627240028915,False,False,False,False,-44287029,-40967225.280536495,False,False,False,False,2126003.6429508906,False,False,False,False
2023-09-21 00:00:00+00:00,32.6414123849,34.3703007528,32.5821362123,34.0146437171,4234794,,,,,,,,,,,,,,,,,,,33.74674095115888,33.23136189050514,32.8941939485825,32.550056782487815,31.903642372855675,,,,,,32.865199189118,#000000,1.2597012857319327,32.94150728991611,-0.2382270371675802,52.80321746142579,9.30720560166688,False,False,False,False,False,0.0,0.0,0.0,0.0,0.0,0,0.9655046420135794,0.9317957597973416,False,False,False,False,-0.04032598422005978,0.09939514409011468,False,False,False,False,-48521823,-41263484.014633104,False,False,False,False,2208701.30401164,False,False,False,False
2023-09-22 00:00:00+00:00,32.4339457808,33.2885106026,32.2758759872,33.0958630416,2848974,,,,,,,,,,,,,,,,,,,33.68223577930086,33.22007760476147,32.890472470125566,32.55169858906075,31.910915336172458,,,,,,32.85107995588422,#000000,1.2438837807401806,32.91971074881863,-0.39052279283645863,47.44492363574544,4.571599445015082,False,True,False,True,False,0.0,0.0,0.0,0.0,0.0,0,0.9539256344262297,0.9956625592958311,False,False,False,False,-0.16315486043369792,-0.03187985817179162,False,False,False,False,-51370797,-41659849.22974553,False,False,False,False,2233810.037187654,False,False,False,False
2023-09-25 00:00:00+00:00,32.3647902461,32.5129806776,31.964676081,32.3944283324,1617053,,,,,,,,,,,,,,,,,,,33.636310573611816,33.209554065437516,32.88487824434857,32.54954081521323,31.912907224842527,,,,,,32.83863818469073,#000000,1.2315310175159115,32.90563235404275,-0.4391623923802337,43.714731026679615,1.3867149954948559,False,True,False,True,False,0.0,0.0,0.0,0.0,0.0,0,0.9251472457321841,1.0186111150533461,False,False,False,False,-0.262661226265157,-0.1472705422184743,False,False,False,False,-52987850,-42104084.554069236,False,False,False,False,2209623.486709707,False,False,False,False
2023-09-26 00:00:00+00:00,31.5250444674,32.1178061935,30.7544542235,32.0091332104,2987059,,,,,,,,,,,,,,,,,,,33.51241785109291,33.174195779681874,32.861225012777,32.53382495560172,31.908503261353516,,,,,,32.79803337210141,"rgba(239, 83, 80, 1.0)",1.2243573579964244,32.86849400707791,-1.0972691354396515,39.45107745879468,-2.356058552293433,False,True,False,True,False,0.0,0.0,0.0,0.0,0.0,0,0.9026993952510259,1.0085031533539626,False,False,False,False,-0.34282825441539394,-0.24504939831693412,False,False,False,False,-55974909,-42648038.45390966,False,False,False,False,2240111.1538975616,False,False,False,False
2023-09-27 00:00:00+00:00,31.0705938107,31.8510634168,30.9224033792,31.6040793642,3290476,,,,,,,,,,,,,,,,,,,33.380433781512394,33.132840248979086,32.83274045439849,32.5141324878407,31.90177193231158,,,,,,32.75238378100845,"rgba(239, 83, 80, 1.0)",1.2266876606414625,32.830404477500586,-1.4346037082335545,35.77902699728047,-5.587962127750771,False,True,False,True,False,0.0,0.0,0.0,0.0,0.0,0,0.9010804738841095,1.0356906740870266,False,False,False,False,-0.34282825441539394,-0.29393882636616403,False,False,False,False,-59265385,-43299699.102775946,False,False,False,False,2281301.9321760884,False,False,False,False
2023-09-28 00:00:00+00:00,31.6929936231,31.7325110716,30.9322827413,31.1496287075,2996075,,,,,,,,,,,,,,,,,,,33.281899105109105,33.100066151864546,32.8104491971046,32.49914986198407,31.897424663607545,,,,,,32.717797795933976,"rgba(239, 83, 80, 0.5)",1.2244285241777073,32.80301050534786,-0.9065591501090781,35.910628065790064,-5.587962127750771,False,True,False,True,False,0.0,0.0,0.0,0.0,0.0,0,0.880932257782082,1.0576824869737713,False,False,False,False,-0.34282825441539394,-0.318383540390779,False,False,False,False,-56269310,-43808311.29482395,False,False,False,False,2309332.24856134,False,False,False,False
2023-09-29 00:00:00+00:00,30.8927652929,32.1079268314,30.803851034,32.1079268314,3559233,,,,,,,,,,,,,,,,,,,33.166627921918554,33.05857919056937,32.78141434704811,32.47885050624647,31.890272168608185,,,,,,32.675148826878136,"rgba(255, 0, 0, 1.0)",1.2477116278804907,32.77078405448428,-1.5051705214725823,34.398867532759446,-6.9539166424358925,False,True,False,True,False,0.0,0.0,0.0,0.0,0.0,0,0.89119836303821,1.0454642707444513,False,False,False,False,-0.3215077119261102,-0.3199456261584446,False,False,False,False,-59828543,-44436555.67541909,False,False,False,False,2358347.9643040327,False,False,False,False
2023-10-02 00:00:00+00:00,29.7763973754,30.7445748614,29.6973624785,30.6852986887,4845404,,,,,,,,,,,,,,,,,,,32.94295935054782,32.96927735801989,32.713729164487624,32.426021123779144,31.862576214240573,,,,,,32.58291264221501,"rgba(255, 26, 202, 1.0)",1.3055188359745753,32.70399847303011,-2.2424809332181304,31.62216241642176,-9.782911708098986,False,True,False,True,False,0.0,0.0,0.0,0.0,0.0,0,0.8584290293242124,1.06741492308255,False,False,False,False,-0.34282825441539394,-0.3313869402869193,False,False,False,False,-64673947,-45230178.864618346,False,False,False,False,2455879.573547012,False,False,False,False
2023-10-03 00:00:00+00:00,29.7665180133,29.7961560996,29.2725499082,29.6380863059,3984114,,,,,,,,,,,,,,,,,,,32.75604932529833,32.888689275343715,32.65127637267212,32.37611369778881,31.834722639652515,,,,,,32.5013702621511,"rgba(255, 26, 202, 1.0)",1.3610859440037468,32.646407339099454,-2.115876178493197,29.756742451713258,-11.767940414876627,False,True,False,True,False,0.0,0.0,0.0,0.0,0.0,0,0.8413785959600935,1.0978482213477718,False,False,False,False,-0.34282825441539394,-0.3371075973511566,False,False,False,False,-68658061,-46148919.340515666,False,False,False,False,2515810.335368698,False,False,False,False
2023-10-04 00:00:00+00:00,29.934467169,30.1221750489,29.2725499082,29.8751909964,2412899,,,,,,,,,,,,,,,,,,,32.6581251594345,32.84409591403957,32.61664455451213,32.348489365828875,31.81941120111778,,,,,,32.45735323898657,"rgba(255, 0, 0, 1.0)",1.4080578454252553,32.61574652904541,-1.9042394946747523,29.248453741792687,-12.552358834668773,False,True,False,True,False,0.0,0.0,0.0,0.0,0.0,0,0.8464894500999459,1.0836556145516656,False,False,False,False,-0.32302785518732985,-0.3300677262692432,False,False,False,False,-66245162,-46937007.287946425,False,False,False,False,2511774.5967267887,False,False,False,False
2023-10-05 00:00:00+00:00,29.6084482196,30.1616924973,29.5096545986,29.9542258932,4103564,,,,,,,,,,,,,,,,,,,32.50471488590439,32.77073011977029,32.559294094841,32.30254126605991,31.793682270796673,,,,,,32.38619252747445,"rgba(255, 26, 202, 1.0)",1.4600169562783336,32.56660325454505,-2.0261100545609803,28.34623286004659,-13.798906592111805,False,True,False,True,False,0.0,0.0,0.0,0.0,0.0,0,0.8515585772367009,1.0817374604539278,False,False,False,False,-0.30641796477939526,-0.31824284552431925,False,False,False,False,-70348726,-47855113.904105395,False,False,False,False,2574197.71058064,False,False,False,False
2023-10-06 00:00:00+00:00,30.1814512215,30.3395210152,29.0749626661,29.4108609776,3668913,,,,,,,,,,,,,,,,,,29.865311634266664,32.385446047313735,32.71022373633471,32.51179173767588,32.264465898945986,31.772380929606825,,,,,,31.9182699973573,"rgba(239, 83, 80, 1.0)",1.49104360022313,32.358570621602766,-1.460131279713729,30.284745129830423,-13.798906592111805,False,True,False,True,False,0.0,0.0,0.0,0.0,0.0,0,0.855372750012045,1.0780600864720664,False,False,False,False,-0.32183580274991197,-0.3200393241371156,False,False,False,False,-66679813,-48593337.39806205,False,False,False,False,2617127.7219304186,False,False,False,False
2023-10-09 00:00:00+00:00,30.2506067563,30.3098829289,29.8455529101,29.8455529101,920113,,,,,,,,,,,,,,,,,,29.91945461357348,32.36023257998456,32.69684576338594,32.50132923620451,32.25615681743822,31.76785845343347,,,,,,31.916979577336694,"rgba(239, 83, 80, 1.0)",1.5120468408155576,32.35301041306788,-1.3904355341491246,31.875207961313993,-13.798906592111805,False,True,False,True,True,0.0,0.0,0.0,0.0,0.0,0,0.8767309346469735,1.0710039891756329,False,False,False,False,-0.2777346735456163,-0.29888699884136594,False,False,False,False,-65759700,-49266528.08833413,False,False,False,False,2550578.1249919706,False,False,False,False
2023-10-10 00:00:00+00:00,31.8313046926,31.870822141,30.3691591015,30.3691591015,3258826,,,,,,,,,,,,,,,,,,30.51643591313326,32.32194052339364,32.67263776766253,32.483761206242804,32.24389934631258,31.763878284374393,,,,,,32.0004255068532,#000000,1.498607806017059,32.37043666396531,-0.35975521360601437,38.44691338520356,-18.978470859039135,False,True,False,True,True,0.0,0.0,0.0,0.0,0.0,0,0.8847827066116168,1.033869638555707,False,False,False,False,-0.15858065936552868,-0.2287338291034473,False,False,False,False,-62500874,-49785522.04565436,False,False,False,False,2578352.551462874,False,False,False,False
2023-10-11 00:00:00+00:00,32.9081551617,32.9871900585,31.9498570378,31.9597363999,3892764,,,,,,,,,,,,,,,,,,31.212266283243434,32.33472362318065,32.671421423146214,32.48612602311367,32.24984723927644,31.77361774933511,,,,,,32.121333723549256,#000000,1.4817288981645882,32.41002209440998,0.33618367564205265,45.41341375660685,-12.489803810708857,False,True,False,True,True,1.1249697266806926,0.0,0.0,0.0,0.0,0,0.9339703233870594,1.0020335228838428,False,False,False,False,-0.010359120207152902,-0.1195464746553001,False,False,False,False,-58608110,-50131505.887001246,False,False,False,False,2629898.0984643297,False,False,False,False
2023-10-12 00:00:00+00:00,32.1178061935,33.036586869,31.870822141,32.9279138859,3196952,,,,,,,,,,,,,,,,,,31.45399694156338,32.33496616716434,32.66579851021595,32.48402154825549,32.251040859283115,31.778906652987704,,,,,,32.16145511324499,#000000,1.4786079273617712,32.37904597404475,-0.1766795481820997,47.79199998370074,-10.42172797780362,False,False,False,False,True,0.0,0.0,0.0,0.0,0.0,0,0.9602279965702326,0.9919391090647003,False,False,False,False,-0.011973671605628728,-0.06576007313046442,False,False,False,False,-61805062,-50589292.40123649,False,False,False,False,2652135.5063676895,False,False,False,False
2023-10-13 00:00:00+00:00,31.7819078821,32.2956347114,31.4904667001,32.2956347114,3682362,,,,,,,,,,,,,,,,,,31.533499506489093,32.31662156546599,32.65019646978582,32.473652329234554,32.24521752605502,31.779724585847635,,,,,,32.16648533047969,#000000,1.480354505081012,32.363987676637315,-0.393202974381775,48.487475423622584,-9.771681932686704,False,False,False,False,True,0.0,0.0,0.0,0.0,0.0,0,0.9674071026406557,0.9932386595592716,False,False,False,False,-0.07317968460201774,-0.06946987886624108,False,False,False,False,-65487424,-51173532.85608996,False,False,False,False,2692536.5453336625,False,False,False,False
2023-10-16 00:00:00+00:00,32.4141870566,32.651291747,31.8313046926,32.0288919346,2623963,,,,,,,,,,,,,,,,,,31.628042234861308,32.31615149496091,32.64543923220662,32.471620539000284,32.24577584677845,31.783620246030885,,,,,,32.18177493230641,#000000,1.4785917165925613,32.371669692464664,0.028755310650134924,50.541902553716156,-7.6905842165957665,True,False,False,False,True,0.0,0.0,0.0,0.0,0.0,0,0.9754967474673724,0.9885289248119979,False,False,False,False,-0.03512655262133384,-0.05229821574378746,False,False,False,False,-62863461,-51631961.41075309,False,False,False,False,2689847.3866931265,False,False,False,False
2023-10-17 00:00:00+00:00,32.6908091954,32.8587583512,31.8510634168,31.969615762,3028326,,,,,,,,,,,,,,,,,,31.732699542544132,32.32063542933438,32.642691246454966,32.47155772103316,32.24839694211445,31.78948605566463,,,,,,32.200911156190955,#000000,1.478806542097702,32.38249664138398,0.20848741552000113,52.573840019990804,-5.580773444170497,True,False,True,False,True,0.5373270978335825,0.0,0.0,0.0,0.0,0,0.9627415326975973,0.9836303381888448,False,False,False,False,-0.022739349609080174,-0.03751878267643381,False,False,False,False,-59835135,-51953654.49268435,False,False,False,False,2703121.0578032,False,False,False,False
2023-10-18 00:00:00+00:00,31.6534761747,32.4043076945,31.4509492516,32.068409383,6431591,,,,,,,,,,,,,,,,,,31.7543892938654,32.29184970724197,32.6171672440991,32.454178190458045,32.23827493369212,31.79032333719964,,,,,,32.191030451092715,#000000,1.4867026669746795,32.366726546445165,-0.4797532066022132,51.03861964295709,-5.580773444170497,True,False,False,False,True,0.0,0.0,0.0,0.0,0.0,0,0.9626557714061194,0.9830096276257644,False,False,False,False,-0.0693936894509556,-0.053456236063694706,False,False,False,False,-66266726,-52514951.414539866,False,False,False,False,2849335.56534033,False,False,False,False
2023-10-19 00:00:00+00:00,30.8334891203,31.5991396832,30.5963844298,31.485527019,6869527,,,,,,,,,,,,,,,,,,31.618232585376028,32.215323274261586,32.564602720655174,32.41317000404858,32.20687101917096,31.77567289114188,,,,,,32.13231208244237,"rgba(239, 83, 80, 0.5)",1.5068496139842253,32.31703120129834,-0.9845322766322658,48.136964173522514,-5.580773444170497,False,False,False,False,False,0.0,0.0,0.0,0.0,0.0,0,0.9389398965973422,1.000572282119484,False,False,False,False,-0.1610645672692471,-0.1072604016664709,False,False,False,False,-73136253,-53323629.90808733,False,False,False,False,3006990.1314054155,False,False,False,False
2023-10-20 00:00:00+00:00,30.3395210152,30.8828859308,30.1518131352,30.705057413,3542703,,,,,,,,,,,,,,,,,,31.518269175310266,32.16284998030164,32.529668142431554,32.384959244208495,32.1841183716044,31.763042944196002,,,,,,32.09048464300873,"rgba(239, 83, 80, 1.0)",1.5263054863228707,32.28388479270188,-1.2739021086703861,45.18346675569055,-5.580773444170497,False,False,False,True,False,0.0,0.0,0.0,0.0,0.0,0,0.9190381181353173,1.0495422181216885,False,False,False,False,-0.2267212357949702,-0.16699081873072055,False,False,False,False,-76678956,-54239525.04894665,False,False,False,False,3027998.479193439,False,False,False,False
2023-10-23 00:00:00+00:00,30.3691591015,30.6852986887,30.03326079,30.132054411,3302049,,,,,,,,,,,,,,,,,,31.432354496224143,32.11410043773658,32.496680365485105,32.35812079079812,32.16229377084841,31.750641343136166,,,,,,32.05236520070475,"rgba(239, 83, 80, 1.0)",1.5520162243179565,32.25413463091721,-1.2145333920369115,43.31048590653029,1.1058115334499163,False,True,False,True,False,0.0,0.0,0.0,0.0,0.0,0,0.8992459763107638,1.049699620185095,False,False,False,False,-0.24491687077480676,-0.20595384475276365,False,False,False,False,-73376907,-54990010.615654625,False,False,False,False,3038745.558440755,False,False,False,False
2023-10-24 00:00:00+00:00,30.5766257056,30.9174636981,30.2091134354,30.3889178257,2268206,,,,,,,,,,,,,,,,,,31.39034780533463,32.08586213989795,32.47671962635894,32.34194750922703,32.14927750742379,31.743489469929195,,,,,,32.03127400969526,"rgba(239, 83, 80, 1.0)",1.5713392861969349,32.23769787947658,-1.057105991346286,42.771729177255786,0.3354617560783737,False,True,False,True,False,0.0,0.0,0.0,0.0,0.0,0,0.895528837901961,1.0461037268509523,False,False,False,False,-0.2214611967382133,-0.2137075207454885,False,False,False,False,-71108701,-55622116.12092307,False,False,False,False,3008528.3208548436,False,False,False,False
2023-10-25 00:00:00+00:00,29.450378426,30.2703654805,29.252791184,30.2703654805,5673294,,,,,,,,,,,,,,,,,,31.2026267443587,31.979806450207523,32.405600341547895,32.282641356054725,32.09942698611833,31.712419286404046,,,,,,31.94708686078187,"rgba(255, 0, 0, 1.0)",1.6170765249922425,32.17340774231474,-1.683921121993778,39.99643701744416,-2.5794882454502996,False,True,False,True,False,0.0,0.0,0.0,0.0,0.0,0,0.8879511126741626,1.0461431127269116,False,False,False,False,-0.31529519348183915,-0.26450135711366385,False,False,False,False,-76781995,-56451915.29265158,False,False,False,False,3113028.935723281,False,False,False,False
2023-10-26 00:00:00+00:00,29.5294133228,29.8850703585,29.2231530977,29.2626705461,3633343,,,,,,,,,,,,,,,,,,31.09512151338798,31.913572770522098,32.360128211535894,32.244455154484555,32.067119293417846,31.691944581106632,,,,,,31.895390254075835,"rgba(255, 0, 0, 1.0)",1.661581633185465,32.13409475517433,-1.5675916129265484,38.43559760631186,-4.313466616211343,False,True,False,True,False,0.0,0.0,0.0,0.0,0.0,0,0.8956686236832109,1.0379680966636562,False,False,False,False,-0.34041465762475753,-0.3024580073692107,False,False,False,False,-73148652,-57106689.28117505,False,False,False,False,3133433.408832172,False,False,False,False
2023-10-27 00:00:00+00:00,28.7983405273,29.8949497206,28.5908739231,29.8949497206,5526428,,,,,,,,,,,,,,,,,,30.915420891482086,31.801534194286642,32.283016871287195,32.17899745725731,32.010997864606615,31.655140159641313,,,,,,31.807517906426863,"rgba(255, 0, 0, 1.0)",1.717706214993226,32.067527198046605,-1.9032280620580386,35.997329973741614,-6.870195550739496,False,True,False,True,False,0.0,0.0,0.0,0.0,0.0,0,0.8921955307969137,1.0375945781376528,False,False,False,False,-0.34282825441539394,-0.32264313089230234,False,False,False,False,-78675080,-57952508.525050536,False,False,False,False,3227276.3339760085,False,False,False,False
2023-10-30 00:00:00+00:00,28.7884611652,29.6973624785,28.6600294578,28.6995469062,5915849,,,,,,,,,,,,,,,,,,30.751652943635015,31.689186179929884,32.203271546390916,32.11087334056944,31.95231044741656,31.61619205602947,,,,,,31.720581085661877,"rgba(255, 0, 0, 1.0)",1.7715827106086677,32.00155421660857,-1.8136850355152967,34.353540738555566,-8.657391433672998,False,True,False,True,False,0.0,0.0,0.0,0.0,0.0,0,0.9039850422731301,1.036906538872441,False,False,False,False,-0.34282825441539394,-0.33273569265384817,False,False,False,False,-84590929,-58997152.465244636,False,False,False,False,3332710.556173028,True,False,False,False
2023-10-31 00:00:00+00:00,28.7983405273,28.867496062,28.4920803021,28.6303913715,4806120,,,,,,,,,,,,,,,,,28.719305630466664,30.616443566897708,31.593879494539927,32.13485676612928,32.05195226649469,31.901100548393394,31.581446965232608,,,,28.719305630466664,,31.228426462593465,"rgba(255, 0, 0, 1.0)",1.8223507751065655,31.73252248012423,-1.6101082145684331,33.30212913815209,-9.914914123527794,False,True,False,True,False,0.0,1.0,28.867496,28.49208,0.0,0,0.8857010436405133,1.0543645398200066,True,False,False,False,-0.34282825441539394,-0.337781973534621,False,False,False,False,-79784809,-59812354.68229386,False,False,False,False,3390491.3186760466,False,False,False,False
2023-11-01 00:00:00+00:00,30.1616924973,30.22096867,28.8477373378,28.8576166999,3860745,,,,,,,,,,,,,,,,,29.1755285756602,30.572156427936264,31.547377030574363,32.097719852714874,32.02017950070107,31.873991715434464,31.56390754683598,,,,29.1755285756602,,31.264408664265318,"rgba(239, 83, 80, 0.5)",1.8292303362882827,31.729673675824063,-0.8571808303298082,37.8067745396204,-9.914914123527794,False,True,False,True,True,0.0,0.0,0.0,0.0,0.0,0,0.9113352379670167,1.0166344074825397,False,False,False,False,-0.2537214940973125,-0.29575173381596676,False,False,False,False,-75924064,-60444186.42024312,False,False,False,False,3408932.63951228,False,False,False,False
2023-11-02 00:00:00+00:00,31.7325110716,31.8313046926,30.6754193266,30.7346954993,3300220,,,,,,,,,,,,,,,,,29.792588332581346,30.607107904155782,31.54455267165837,32.08875045987013,32.01311988860974,31.86909410121647,31.56268714437014,,,,29.792588332581346,,31.353985786065994,#000000,1.8030109361599802,31.761082616439786,-0.015846573233014517,44.770464984206725,-12.477448744255298,False,False,False,True,True,0.0,0.0,0.0,0.0,0.0,0,0.9343768263603199,0.9853382864518238,False,False,False,False,-0.08449850074619975,-0.19012511728108325,False,False,False,False,-72623844,-60921820.050821826,False,False,False,False,3404669.3987470926,False,False,False,False
2023-11-03 00:00:00+00:00,32.838999627,33.3082693268,32.2363585388,32.3351521598,3049929,,,,,,,,,,,,,,,,,30.402279917363636,30.68802167408465,31.568383643826934,32.09719346152709,32.02142815399185,31.878093642109405,31.571830146771276,,,,30.402279917363636,,31.461032948524977,"rgba(38, 166, 154, 0.5)",1.782295768631224,31.80797242523484,0.5784826625925126,51.44447972320392,-6.450714046129811,True,False,True,False,True,2.3423862113839036,0.0,0.0,0.0,0.0,0,0.9520472963228405,0.9672638245998054,False,False,False,False,0.0607928897020561,-0.06466611378951358,False,False,False,False,-69573915,-61261117.891966075,False,False,False,False,3390758.0105609326,False,False,False,False
2023-11-06 00:00:00+00:00,31.9794951241,33.1255011279,31.8856411841,32.8192409028,2411614,,,,,,,,,,,,,,,,,30.66904957679837,30.73468855216938,31.579697552844397,32.099376899879964,32.02400246987795,31.881543587123588,31.57625495106909,,,,30.66904957679837,,31.50923051282325,#000000,1.7586393134173477,31.829409544676416,0.08534187668757529,53.475565834830526,-4.8190742008181715,True,False,True,False,True,0.0,0.0,0.0,0.0,0.0,0,0.9490260434360627,0.9663438113453491,False,False,False,False,0.035266483714020885,-0.014699815037746346,False,False,False,False,-71985529,-61681683.0334576,False,False,False,False,3352360.20622521,False,False,False,False
2023-11-07 00:00:00+00:00,31.6139587263,32.0832284262,31.5003460622,31.7325110716,2129100,,,,,,,,,,,,,,,,,30.784820481706706,30.75910966035715,31.581675197155583,32.096366895258555,32.02187268483915,31.88054631664657,31.57705570640157,,,,30.784820481706706,,31.528778134623614,#000000,1.7347966784867723,31.837297632313778,-0.128740681131918,53.87499870889367,-4.4999139724332196,True,False,True,False,True,0.0,0.0,0.0,0.0,0.0,0,0.9329710056192755,0.9971476317390537,False,False,False,False,-0.032905766500772975,-0.02380279076925966,False,False,False,False,-74114629,-62169249.54194946,False,False,False,False,3304389.21774579,False,False,False,False
2023-11-08 00:00:00+00:00,31.7917872442,31.9538087826,31.5102254243,31.6139587263,2277815,,,,,,,,,,,,,,,,,30.885707391060887,30.78444253692878,31.584000412234136,32.09336991936329,32.01977902803476,31.87963216776194,31.57800929850674,,,,30.885707391060887,,31.546420107698648,#000000,1.70485687424339,31.84458917115154,-0.03097147200405029,54.533277837925894,-3.719599866948897,True,False,True,False,True,0.0,0.0,0.0,0.0,0.0,0,0.9269897288984116,1.0187182085389035,False,False,False,False,-0.03861940687900269,-0.031211098824131176,False,False,False,False,-71836814,-62548369.71677497,False,False,False,False,3264131.405285171,False,False,False,False
2023-11-09 00:00:00+00:00,31.8115459684,32.7896028165,31.7522697958,32.0387712967,3126849,,,,,,,,,,,,,,,,,31.040043037601347,30.829565210799878,31.59382337558378,32.09365835802568,32.02081175635038,31.881933726049326,31.582019727562866,,,,31.040043037601347,,31.577407884567606,#000000,1.6789738442759992,31.859238114905402,-0.02840553274131965,55.01865002441583,-2.9606822483282045,True,False,True,False,True,0.0,0.0,0.0,0.0,0.0,0,0.9103968732507693,1.009251366914692,False,False,False,False,0.012851720776894974,-0.009179689023618102,False,False,False,False,-68709965,-62790000.90435242,False,False,False,False,3258747.7815484977,False,False,False,False
2023-11-10 00:00:00+00:00,31.6732348989,32.0980474693,31.0557747676,31.9202189515,2801516,,,,,,,,,,,,,,,,,31.097455538359185,30.85250294864171,31.59406984520781,32.088586646810484,32.01696119174498,31.87959113342324,31.58219826041231,,,,31.097455538359185,,31.587337937799962,#000000,1.6635917273695278,31.862936457889397,-0.11403131902402186,54.89877131349235,-2.6789406274949457,True,False,True,False,True,0.0,0.0,0.0,0.0,0.0,0,0.8973166515795746,1.0239731665163057,False,False,False,False,-0.05345923284107538,-0.03131946093234674,False,False,False,False,-71511481,-63132019.73163272,False,False,False,False,3240817.1234485568,False,False,False,False
2023-11-13 00:00:00+00:00,31.8016666063,32.068409383,31.1348096644,31.485527019,2782565,,,,,,,,,,,,,,,,,31.14945494637272,30.875670493527387,31.59524665812548,32.084263023923434,32.013752761139536,31.877804949054998,31.582760035330157,,,,31.14945494637272,,31.596993266781958,#000000,1.6482767174746378,31.86678943024007,-0.03950964255555639,55.176975953571635,-1.9345247008971072,True,False,True,False,True,0.0,0.0,0.0,0.0,0.0,0,0.8927641426298131,1.0386500174302769,False,False,False,False,-0.051094796811266434,-0.04120712887180659,False,False,False,False,-68728916,-63351505.85980398,False,False,False,False,3222846.4519407703,False,False,False,False
2023-11-14 00:00:00+00:00,34.004764355,34.0245230792,32.6908091954,32.7698440923,3292357,,,,,,,,,,,,,,,,,31.38528990345719,30.963370907852276,31.63167148073311,32.10217028612146,32.03055079560511,31.89459638231973,31.598010438397296,,,,31.38528990345719,,31.657951456355168,"rgba(38, 166, 154, 1.0)",1.6417066171656376,31.901182656415084,1.2813383807983254,59.92145159342911,2.93587749167871,True,False,True,False,True,5.536052195958071,0.0,0.0,0.0,0.0,0,0.9185888738181778,1.001696065131607,False,False,False,False,0.1171351507903225,0.03796401095925796,False,False,False,False,-65436559,-63433272.64961559,False,False,False,False,3225572.3557862304,False,False,False,False
2023-11-15 00:00:00+00:00,34.0442818034,34.3011452181,33.6491073193,34.0837992518,3501465,,,,,,,,,,,,,,,,,31.630305016935203,31.06479033135296,31.677125563471545,32.12611272986788,32.052834169536354,31.916520724622508,31.617408412549466,,,,31.630305016935203,,31.72644242119085,"rgba(38, 166, 154, 1.0)",1.6437062669094193,31.94135537073897,1.2793809179878928,63.14621933325381,6.1734073065099295,True,False,True,False,True,5.63782520493837,0.0,0.0,0.0,0.0,0,0.9495606573183499,0.9824863393450167,False,False,False,False,0.17738949076610108,0.10767675086267953,False,False,False,False,-61935094,-63374520.5457091,False,False,False,False,3236391.6751671624,False,False,False,False
2023-11-16 00:00:00+00:00,33.6589866814,34.103557976,33.2885106026,33.9751262687,1672722,,,,,,,,,,,,,,,,,31.718345734652612,31.10594351010953,31.69536974625316,32.13545255013972,32.06160989575454,31.925275824914895,31.625355421576653,,,,31.718345734652612,,31.752478954771586,"rgba(38, 166, 154, 1.0)",1.650026989923526,31.956931709335464,1.0315315946095058,63.8804720947349,7.049024112920563,True,False,True,False,True,4.479299368864723,0.0,0.0,0.0,0.0,0,0.943553534391284,0.9821485559303046,False,False,False,False,0.15002220412365655,0.12884947749316805,False,False,False,False,-63607816,-63383669.38705385,False,False,False,False,3175071.2957488424,False,False,False,False
2023-11-17 00:00:00+00:00,33.4613994394,33.9454881824,33.3626058184,33.7874183888,2906650,,,,,,,,,,,,,,,,,31.848111867408974,31.171965184341897,31.724835607256864,32.15045060325178,32.07576724610272,31.939483680776995,31.638397237068837,,,,31.848111867408974,,31.79271591802972,"rgba(38, 166, 154, 0.5)",1.6558940991411564,31.98140764454156,0.8937720085034719,63.64511309520735,7.081983783017186,True,False,True,False,True,3.886227374135771,0.0,0.0,0.0,0.0,0,0.9376326432615802,0.9950947022804124,False,False,False,False,0.14592520921242014,0.1373873433527941,False,False,False,False,-66514466,-63506445.72481644,False,False,False,False,3164544.9704253585,False,False,False,False
2023-11-20 00:00:00+00:00,34.1825928728,34.2122309592,33.2045360248,33.3329677321,1658800,,,,,,,,,,,,,,,,,31.924939369039432,31.212227042370692,31.74367811320963,32.16049047715373,32.08518454766365,31.94882473905952,31.64680685900156,,,,31.924939369039432,,31.817450163928317,"rgba(38, 166, 154, 1.0)",1.6705094633868187,31.99670874723135,1.3085134645911878,64.93494391664478,8.63297025969024,True,False,True,False,True,5.80918029369186,0.0,0.0,0.0,0.0,0,0.9251817872309619,1.0042066465026986,False,False,False,False,0.1512281485679975,0.1443077459603958,False,False,False,False,-64855666,-63559356.323843256,False,False,False,False,3105496.1480557364,False,False,False,False
2023-11-21 00:00:00+00:00,33.5305549741,34.2418690455,33.4021232668,33.9454881824,1635030,,,,,,,,,,,,,,,,,31.990028481699756,31.248696280068582,31.76071147344533,32.169460240346424,32.09364022308311,31.957270361921562,31.65450921711103,,,,31.990028481699756,,31.83918803966797,"rgba(38, 166, 154, 0.5)",1.675963861423138,32.01030350950043,0.9070908386465161,63.433726256066414,8.63297025969024,True,False,True,False,True,3.842338494043915,0.0,0.0,0.0,0.0,0,0.9222647986326445,1.003193230353065,False,False,False,False,0.1623438101162412,0.15332577803831848,False,False,False,False,-66490696,-63674310.82094744,False,False,False,False,3047830.808916296,False,False,False,False
2023-11-22 00:00:00+00:00,33.905970734,34.004764355,33.2934502837,33.6985041298,1610708,,,,,,,,,,,,,,,,,32.05004449710736,31.28374172425888,31.7772904410081,32.178252050279404,32.10193520767247,31.965558242337107,31.662077313188774,,,,32.05004449710736,,31.859842782264582,"rgba(38, 166, 154, 1.0)",1.6856484386567072,32.023350783339275,1.1168520715748917,63.254708088412016,8.63297025969024,True,False,True,False,True,4.845515914777486,0.0,0.0,0.0,0.0,0,0.9240253450713598,1.0154370812839748,False,False,False,False,0.1454435320555396,0.14938465504692905,False,False,False,False,-64879988,-63721592.2789495,False,False,False,False,2991473.0517038926,False,False,False,False
2023-11-24 00:00:00+00:00,33.905970734,34.0344024413,33.708383492,33.9158500961,1027104,,,,,,,,,,,,,,,,,32.08938621332902,31.306898163615624,31.78850717087371,32.18433583608511,32.10765715227791,31.97124226942217,31.66721758808761,,,,32.08938621332902,,31.87360634195588,"rgba(38, 166, 154, 1.0)",1.6957491640547002,32.03210729781613,1.1050357422575867,63.135362643309094,8.63297025969024,True,False,True,False,True,4.845515914777476,0.0,0.0,0.0,0.0,0,0.9086463704124563,1.0326336034077435,False,False,False,False,0.1671889805205794,0.15828681778375422,False,False,False,False,-64879988,-63767019.562127955,False,False,False,False,2914438.9712449163,False,False,False,False
2023-11-27 00:00:00+00:00,33.6095898709,33.7528406214,33.3329677321,33.5997105088,1830387,,,,,,,,,,,,,,,,,32.143756081467146,31.342191473443517,31.8052144423819,32.193062320281314,32.11595439979283,31.979618545178536,31.675013849472627,,,,32.143756081467146,,31.893544444573983,"rgba(38, 166, 154, 0.5)",1.6902471527571543,32.04491943558238,0.9257051152343676,61.87804973515766,8.63297025969024,True,False,True,False,False,3.930796132513894,0.0,0.0,0.0,0.0,0,0.8947820046613211,1.0342213868373786,False,False,False,False,0.13510329002757643,0.14669505390566534,False,False,False,False,-66710375,-63882445.26557392,False,False,False,False,2871927.129235312,False,False,False,False
2023-11-28 00:00:00+00:00,34.3604213907,34.4394562875,33.3132090079,33.5799517846,2848778,,,,,,,,,,,,,,,,,32.2464662364444,31.40620055132694,31.83741792135223,32.211029681642586,32.13283206237885,31.996315300662342,31.690023229847988,,,,32.2464662364444,,31.931469283379332,"rgba(38, 166, 154, 1.0)",1.6973300630833736,32.06949968604131,1.349720808277556,62.87327742880217,8.63297025969024,True,False,True,False,False,5.974936052290005,0.0,0.0,0.0,0.0,0,0.8923779445231712,1.0206191788550065,False,False,False,False,0.1960953426292634,0.17139519826746435,False,False,False,False,-63861597,-63881627.686531805,False,False,False,False,2871019.3202456916,False,False,False,False
2023-11-29 00:00:00+00:00,35.2298052557,35.4673762942,34.4181042073,34.5170921401,3090017,,,,,,,,,,,,,,,,,32.40157473993932,31.497408405771655,31.886730964344018,32.24058933199952,32.1602501640566,32.02285176892894,31.712938001221477,,,,32.40157473993932,,31.98890619660879,"rgba(0, 255, 255, 0.75)",1.7213634146705519,32.10705809429119,1.8141126590670955,65.25899238144655,10.559292860337152,True,False,True,False,True,8.24357429537725,0.0,0.0,0.0,0.0,0,0.9278992997685436,0.9978136972958656,False,False,False,False,0.34282824258937966,0.257111720428422,False,False,False,False,-60771580,-63759665.03215801,False,False,False,False,2879607.464549782,False,False,False,False
2023-11-30 00:00:00+00:00,34.9130438709,35.4376799144,34.7052682002,35.3980847413,2534077,,,,,,,,,,,,,,,,,32.51561403068977,31.568458239710026,31.925805486212365,32.26420538941281,32.182200351598965,32.04413049104038,31.731386997355393,,,,32.51561403068977,,32.033114426574244,"rgba(0, 255, 255, 0.75)",1.7450018082857337,32.13636702853954,1.5912171719112593,65.55029762783397,11.040623964729143,True,False,True,False,True,7.238659968947086,0.0,0.0,0.0,0.0,0,0.9384538195507518,0.9832350025015929,False,False,False,False,0.34282824282756535,0.2999699816279937,False,False,False,False,-63305657,-63741860.79560279,False,False,False,False,2866057.2502537123,False,False,False,False
2023-12-01 00:00:00+00:00,35.7940364722,35.8336316453,34.6111306761,34.6853716257,2233058,,,,,,,,,,,,,,,,,32.62275321760425,31.6356210042163,31.963726556090258,32.287617337763685,32.20391562918991,32.065084970509005,31.749404130721125,,,,32.62275321760425,,32.07544612087065,"rgba(0, 255, 0, 1.0)",1.7887506741420656,32.164651794758655,2.0290053442926568,67.38699931512775,12.981498292337854,True,False,True,False,True,9.483287912648308,0.0,0.0,0.0,0.0,0,0.9723371300781969,0.9647359026529598,False,False,False,False,0.34282824309484233,0.32139911236141805,False,False,False,False,-61072599,-63637183.8624419,False,False,False,False,2841233.7502437625,False,False,False,False
2023-12-04 00:00:00+00:00,35.7940364722,35.9573665612,35.1125045554,35.3485907749,1840951,,,,,,,,,,,,,,,,,32.711461374219624,31.692209236105786,31.996225720921352,32.30792758844133,32.222747820851254,32.08322803035947,31.764962819019424,,,,32.711461374219624,,32.11125179855975,"rgba(0, 255, 255, 0.75)",1.8305480584595184,32.18874954594411,1.969512305123463,68.61146710665695,14.298644240980266,True,False,True,False,True,9.483287912648308,0.0,0.0,0.0,0.0,0,0.9888707197675891,0.9397923794973836,False,False,False,False,0.34282824361099307,0.33211367798620556,False,False,False,False,-61072599,-63536611.90705202,False,False,False,False,2802006.975724399,False,False,False,False
2023-12-05 00:00:00+00:00,35.1803112893,35.7544412991,35.0813233566,35.5366678471,2440721,,,,,,,,,,,,,,,,,32.81061718870579,31.759580495537747,32.035142383143125,32.33221185236795,32.24534794619561,32.105099772130664,31.783901032249677,,,,32.81061718870579,,32.15312866719008,"rgba(0, 255, 255, 0.75)",1.8573849752599645,32.2172528081981,1.595285048909791,66.84015685588527,14.298644240980266,True,False,True,False,True,7.5009804294714755,0.0,0.0,0.0,0.0,0,0.9938418755658001,0.927432864612935,False,False,False,False,0.3302332396636914,0.3311734588249485,False,False,False,False,-63513320,-63535698.49893233,False,False,False,False,2787838.898245011,False,False,False,False
2023-12-06 00:00:00+00:00,35.3089956018,35.9821135443,35.1060703398,35.6851497462,1772062,,,,,,,,,,,,,,,,,32.88143178834767,31.808637029789313,32.063899251054934,32.35033552046293,32.26221766647859,32.12141293767598,31.798012545823184,,,,32.88143178834767,,32.18370667709037,"rgba(0, 255, 255, 0.75)",1.8855812219545545,32.2382069768007,1.6285634313944781,65.95996413978693,14.298644240980266,True,False,True,False,False,7.8381500600535645,0.0,0.0,0.0,0.0,0,1.024623298484432,0.9184918094344019,False,False,False,False,0.3428282436254051,0.33700085122517676,False,False,False,False,-61741258,-63465328.28328793,False,False,False,False,2748004.51007854,False,False,False,False
2023-12-07 00:00:00+00:00,35.4772750875,35.6059594,35.1506149095,35.3782871547,1668998,,,,,,,,,,,,,,,,,32.94342407494539,31.85299708724404,32.090119732244354,32.36691946381758,32.27767811588174,32.13638537886159,31.811008940206424,,,,32.94342407494539,,32.2112189704573,"rgba(0, 255, 255, 0.75)",1.9129600741175956,32.257192632611705,1.6832983074012362,65.78065085298846,14.298644240980266,True,False,True,False,False,8.282850909638746,0.0,0.0,0.0,0.0,0,1.0222718636997747,0.9199822566685563,False,False,False,False,0.3250410512694315,0.33102095124730413,False,False,False,False,-60072260,-63332266.78198252,False,False,False,False,2705690.5292911464,False,False,False,False
2023-12-08 00:00:00+00:00,35.5465666404,35.8039352654,35.2990968086,35.2990968086,1619973,,,,,,,,,,,,,,,,,33.00397686266163,31.896658404867793,32.11622582691067,32.383570274243844,32.29319719724811,32.1513977420083,31.824016615242062,,,,33.00397686266163,,32.238434703311775,"rgba(0, 255, 255, 0.75)",1.942684047884223,32.2760517105131,1.6835032610932372,65.83665672496505,14.298644240980266,True,False,True,False,False,8.46794786322863,0.0,0.0,0.0,0.0,0,1.0253458666089956,0.9127797709914395,False,False,False,False,0.3428282436370625,0.3369245974421833,False,False,False,False,-58452287,-63140895.02582634,False,False,False,False,2663113.371279729,False,False,False,False
2023-12-11 00:00:00+00:00,35.9029231982,35.932619578,35.2990968086,35.5168702605,1308706,,,,,,,,,,,,,,,,,33.05385665856589,31.932712524103952,32.13800945623151,32.397575465022776,32.306244409039905,32.16400189814817,31.83491218498931,,,,33.05385665856589,,32.26104465658593,"rgba(0, 255, 255, 0.75)",1.977532630986796,32.29176834642038,1.8260911578372474,66.77438920887604,14.298644240980266,True,False,True,False,False,9.422706649222128,0.0,0.0,0.0,0.0,0,1.0284694271754198,0.9168230014543416,False,False,False,False,0.3428282437370471,0.3398764205896152,False,False,False,False,-57143581,-62905706.240499824,False,False,False,False,2609999.3567197397,False,False,False,False
2023-12-12 00:00:00+00:00,35.9425183713,35.9821135443,35.3535401716,35.9425183713,1494916,,,,,,,,,,,,,,,,,33.10961738789918,31.973582686816076,32.162900674845204,32.41365874605099,32.321234407248184,32.17848339324267,31.84743623199144,,,,33.10961738789918,,32.28670193258482,"rgba(0, 255, 255, 0.75)",2.0115294514009734,32.30967744674932,1.8060093139677904,67.49988981494798,14.298644240980266,True,False,True,False,False,9.529229213692695,0.0,0.0,0.0,0.0,0,1.0547070992001668,0.8883002205134904,False,False,False,False,0.34282824381645993,0.34135233220303757,False,False,False,False,-55648665,-62621116.387931205,False,False,False,False,2566270.5976326913,False,False,False,False
2023-12-13 00:00:00+00:00,37.8430866795,37.8529854728,35.5564654336,35.9722147511,2214059,,,,,,,,,,,,,,,,,33.227345125470734,32.05316424443867,32.21249403391507,32.44651909156434,32.35166085899053,32.20757431678692,31.872071004442933,,,,33.227345125470734,,32.33868981080131,"rgba(0, 255, 0, 1.0)",2.0960909253863487,32.34576225634648,2.622655513925406,71.46553963086258,17.844779952009887,True,False,True,False,True,14.354296001481266,0.0,0.0,0.0,0.0,0,1.0658188853157176,0.8334212470948934,False,False,False,False,0.3428282451859436,0.3420902886944906,False,False,False,False,-53434606,-62260861.07860057,False,False,False,False,2552458.378117684,False,False,False,False
2023-12-14 00:00:00+00:00,38.7537756605,39.6545658483,38.135101081,38.135101081,4929691,,,,,,,,,,,,,,,,,33.57508576999866,32.280850069305764,32.35810737477588,32.545250335928536,32.44276306037503,32.294105872476536,31.944378462073075,,,,33.57508576999866,,32.49150584927621,"rgba(0, 255, 0, 1.0)",2.204719778530263,32.45210446662243,2.8582640094418093,75.14371693608402,21.234078012851995,True,False,True,False,True,16.46361515142684,0.0,0.0,0.0,0.0,0,1.1114476122263597,0.8120134455899942,False,False,False,False,0.3428282471647398,0.34245926792961523,False,False,False,False,-48504915,-61721412.2127731,False,False,False,False,2645683.1868189513,False,False,False,False
2023-12-15 00:00:00+00:00,38.1004553046,39.060638252,37.9965179752,38.7537756605,2712342,,,,,,,,,,,,,,,,,33.73346040743079,32.391371512865476,32.4300204383992,32.59439773414857,32.48826948800405,32.33747252043439,31.98090714460677,,,,33.73346040743079,,32.56512846369846,"rgba(0, 255, 0, 1.0)",2.2842727170297605,32.50408560990365,2.449956895678073,74.6744605975945,21.234078012851995,True,False,True,False,True,14.192696486177748,0.0,0.0,0.0,0.0,0,1.1028674658773365,0.8264810133711038,False,False,False,False,0.31649695424876123,0.32947811108918823,False,False,False,False,-51217257,-61309484.55737023,False,False,False,False,2648297.2579240906,False,False,False,False
2023-12-18 00:00:00+00:00,38.041062545,38.516204622,37.8826818526,38.4370142758,1972132,,,,,,,,,,,,,,,,,33.83662739627083,32.466143342130685,32.479182732361274,32.62816168043765,32.51959741376493,32.367386674667976,32.00622561298085,,,,33.83662739627083,,32.61476069323059,"rgba(0, 255, 0, 1.0)",2.357891386486893,32.539427262009426,2.3332861362997983,74.1032644332899,21.234078012851995,True,False,True,False,True,13.987738603398249,0.0,0.0,0.0,0.0,0,1.1108202792838868,0.8391134738403117,False,False,False,False,0.2931923833343718,0.31133524721178,False,False,False,False,-53189389,-60991049.43747336,False,False,False,False,2621780.9732996165,False,False,False,False
2023-12-19 00:00:00+00:00,38.9418527327,38.9764985092,38.2489372037,38.4766094489,2306314,,,,,,,,,,,,,,,,,33.96664227966413,32.559774840349604,32.54134675710317,32.6711955534259,32.55950074177259,32.40542799154129,32.038323601724606,,,,33.96664227966413,,32.67745882365447,"rgba(0, 255, 0, 1.0)",2.452132480751989,32.58416041255977,2.592719753131174,75.06722982144994,21.234078012851995,True,False,True,False,True,16.08300844239841,0.0,0.0,0.0,0.0,0,1.0972547341143093,0.826413732332918,False,False,False,False,0.32250737510002087,0.31692131115590044,False,False,False,False,-50883075,-60594658.283062644,False,False,False,False,2609409.71944473,False,False,False,False
2023-12-20 00:00:00+00:00,38.6745853144,39.4120454131,38.6547877278,38.6745853144,2662215,,,,,,,,,,,,,,,,,34.11407662175664,32.66767965797354,32.61375654655969,32.721667985037776,32.6063387908473,32.45009059033289,32.07604541325498,,,,34.11407662175664,,32.749950800823264,"rgba(0, 255, 0, 1.0)",2.536478555153271,32.63616486225021,2.3806313835698503,74.51813187990261,21.234078012851995,True,False,True,False,True,15.145739255013883,0.0,0.0,0.0,0.0,0,1.0990155728846032,0.8466898896328089,False,False,False,False,0.34282824726178956,0.329874779208845,False,False,False,False,-53545290,-60318212.46804058,False,False,False,False,2611480.5147606228,False,False,False,False
2023-12-21 00:00:00+00:00,39.4763875694,39.590223692,39.0705370453,39.0705370453,1849234,,,,,,,,,,,,,,,,,34.22085632282217,32.7459249785343,32.66673644854102,32.758847861275186,32.64083918164653,32.48296233031211,32.1037714435198,,,,34.22085632282217,,32.80284836666445,"rgba(0, 255, 0, 1.0)",2.6405646857109097,32.674222397967625,2.576026714377215,75.32932375224122,21.449377745076177,True,False,True,False,True,16.973619069522762,0.0,0.0,0.0,0.0,0,1.0693851535589651,0.8564212112430467,False,False,False,False,0.342828247461249,0.336351513335047,False,False,False,False,-51696056,-59980088.68498017,False,False,False,False,2581588.494573932,False,False,False,False
2023-12-22 00:00:00+00:00,39.644667055,39.9911248196,39.2685129107,39.3971972232,1986470,,,,,,,,,,,,,,,,,34.33629034726676,32.8311325910232,32.724864622363434,32.7998520134274,32.678902166927436,32.51922443022763,32.13436015538007,,,,34.33629034726676,,32.86066090380228,"rgba(0, 255, 0, 1.0)",2.7433002865222322,32.71595413182049,2.5256851964839973,76.09877752733388,22.329258259455813,True,False,True,False,True,17.350656751334547,0.0,0.0,0.0,0.0,0,1.0758735836647326,0.8476690614310957,False,False,False,False,0.34282824765141645,0.3395898804932317,False,False,False,False,-49709586,-59577323.87380447,False,False,False,False,2558250.514394562,False,False,False,False
2023-12-26 00:00:00+00:00,40.0505175792,40.1148597355,39.429863241,39.5951730887,794059,,,,,,,,,,,,,,,,,34.38301409584603,32.86573927604677,32.748595447462684,32.816653972227385,32.69450152004959,32.53408279635798,32.146891419459855,,,,34.38301409584603,,32.884211218207184,"rgba(0, 255, 0, 1.0)",2.8518895022538824,32.73298904706311,2.565852753535423,77.15724018215278,23.48090979720793,True,False,True,False,True,18.258002383100198,0.0,0.0,0.0,0.0,0,1.087516000411513,0.8290057884596584,False,False,False,False,0.34282824773833553,0.3412090641157836,False,False,False,False,-48915527,-59159214.19247881,False,False,False,False,2489066.533437913,False,False,False,False
2023-12-27 00:00:00+00:00,40.3276837908,40.6345463823,39.8921368868,40.0604163725,1610895,,,,,,,,,,,,,,,,,34.48249096128442,32.93905724057591,32.79906734721251,32.8525106585073,32.72778072770488,32.56575701877534,32.17356466188056,,,,34.48249096128442,,32.93431837370584,"rgba(0, 255, 0, 1.0)",2.9606467853218157,33.13553873952482,2.429247922086529,78.22288795374202,24.62458837833904,True,False,True,False,True,18.873595435704072,0.0,0.0,0.0,0.0,0,1.0913720023380378,0.8261162005387469,False,False,False,False,0.3428282480213491,0.34201865606856635,False,False,False,False,-47304632,-58694328.616303176,False,False,False,False,2454628.4340874064,False,False,False,False
2023-12-28 00:00:00+00:00,39.8129465407,40.406874137,39.7040598147,39.8327441272,1860227,,,,,,,,,,,,,,,,,34.58735037420462,33.01844106140651,32.85413622602976,32.8917809828839,32.76428714274042,32.600556332657085,32.202980102099815,,,,34.58735037420462,,32.98850460314602,"rgba(0, 255, 0, 1.0)",3.0495213340138134,33.16597530406622,2.1796769094528545,76.35633816131886,24.62458837833904,True,False,True,False,False,16.982499624644998,0.0,0.0,0.0,0.0,0,1.0875328709166108,0.8342673428792354,False,False,False,False,0.32959392186109465,0.3358062889648305,False,False,False,False,-49164859,-58320623.92546776,False,False,False,False,2431318.573927116,False,False,False,False
2023-12-29 00:00:00+00:00,39.7139586079,39.8129465407,39.3576020502,39.5159827425,1686096,,,,,,,,,,,,,,,,,34.67309999660461,33.08535455386288,32.90093167018408,32.92528013483693,32.795485219975475,32.63034821146562,32.228270968477254,,,,34.67309999660461,,33.03411010791526,"rgba(0, 255, 0, 1.0)",3.12905730356411,33.19077735186541,2.084711343766204,74.62911562512485,24.62458837833904,True,False,True,False,False,16.620312979424945,0.0,0.0,0.0,0.0,0,1.0964020550121896,0.8406879068174085,False,False,False,False,0.300057820272095,0.31793205461846274,False,False,False,False,-50850955,-58027695.732312165,False,False,False,False,2402094.1592633077,False,False,False,False
2024-01-02 00:00:00+00:00,38.4568118624,39.2982092905,38.29843117,39.1596261847,2378293,,,,,,,,,,,,,,,,,34.76709629824701,33.164181742037265,32.956743043862524,32.96539603648877,32.833000404275005,32.66633442200852,32.25914089435755,,,,34.76709629824701,,33.08741326303952,"rgba(0, 255, 255, 0.75)",3.170372866391525,33.209525499212354,1.6551007040254029,68.30737758971678,22.408767035759638,True,False,True,False,False,12.172131129450378,0.0,0.0,0.0,0.0,0,1.0860307464261656,0.8278850855939778,False,False,False,False,0.2517116684887069,0.2848218615535848,False,False,False,False,-53229248,-57839521.31143718,False,False,False,False,2401160.7804686683,False,False,False,False
2024-01-03 00:00:00+00:00,37.7836939199,38.0707589248,37.387742189,37.8925806459,1783467,,,,,,,,,,,,,,,,37.74739834456667,34.81856123637399,33.212062900901934,32.99116148753921,32.99024458395638,32.85636541148599,32.688882358262795,32.278749084866405,,,,34.81856123637399,,33.69792817599417,"rgba(38, 166, 154, 1.0)",3.1987240712538005,33.46367426334539,1.3505446422771001,61.98225037615632,16.814004729566776,False,False,True,False,False,9.919564545217096,0.0,0.0,0.0,0.0,0,1.0769286440802852,0.8318028182339279,False,False,False,False,0.18779105297402257,0.23630645726380367,False,False,False,False,-55012715,-57728666.16196906,False,False,False,False,2376937.4949600934,False,False,False,False
2024-01-04 00:00:00+00:00,38.1301516844,38.3132793599,37.5708698645,37.6946047804,2421040,,,,,,,,,,,,,,,,37.89559639393386,34.89154038478954,33.27908159506238,33.039586333196716,33.025368665727626,32.88938038447499,32.72071379243416,32.306386116852686,,,,34.89154038478954,,33.75595670830899,"rgba(38, 166, 154, 1.0)",3.2335738938716037,33.49141483033796,1.4345541516319003,58.78742304817997,14.258395465887887,False,False,True,False,False,10.790987548813597,0.0,0.0,0.0,0.0,0,1.0832152024383181,0.8227395237604612,False,False,False,False,0.20037989452355892,0.2183431758936813,False,False,False,False,-52591675,-57527215.52816635,False,False,False,False,2378667.0049616583,False,False,False,False
2024-01-05 00:00:00+00:00,38.1301516844,38.7834720404,37.823289093,37.8430866795,1459279,,,,,,,,,,,,,,,,37.985784792613714,34.937215770444766,33.320592474106796,33.06971929837223,33.04731565475303,32.91000381535096,32.74058291399158,32.32361452550615,,,,34.937215770444766,,33.7918536556424,"rgba(38, 166, 154, 1.0)",3.2719418096070845,33.512385385938046,1.4113228679383152,56.657538162862394,12.597930965172573,False,False,True,False,False,10.790987548813597,0.0,0.0,0.0,0.0,0,1.0843950345082793,0.8186365949958453,False,False,False,False,0.22189831503946303,0.22012074546657218,False,False,False,False,-52591675,-57333664.91921865,False,False,False,False,2342612.573394534,False,False,False,False
2024-01-08 00:00:00+00:00,38.5360022086,38.5854961749,38.0707589248,38.1499492709,1656792,,,,,,,,,,,,,,,,38.07894580148308,34.98989927105103,33.36831537576571,33.10450159147375,33.07273157573742,32.933887569973564,32.76358599489484,32.343552267384844,,,,34.98989927105103,,33.831927430970524,"rgba(0, 255, 255, 0.75)",3.3174737696639927,33.53792846914362,1.5065902811833252,56.490980426120935,12.597930965172573,False,False,True,False,False,11.82280430336139,0.0,0.0,0.0,0.0,0,1.1184659979054508,0.8123850462035339,False,False,False,False,0.22337938666656662,0.22175006606656938,False,False,False,False,-50934883,-57082732.29493557,False,False,False,False,2315717.6489476897,False,False,False,False
2024-01-09 00:00:00+00:00,38.7438768673,38.9220551462,38.0113661651,38.1796456508,1865455,,,,,,,,,,,,,,,,38.17645306254065,35.05005522623086,33.422679428213264,33.1443047233401,33.10192120606678,32.9613201922831,32.790000178988514,32.36644033422983,,,,35.05005522623086,,33.87664679398664,"rgba(0, 255, 255, 0.75)",3.3633263304072973,33.56831986884306,1.5388209439166085,57.00261504147827,12.597930965172573,False,False,True,False,False,12.348995990314712,0.0,0.0,0.0,0.0,0,1.11719434416038,0.7978880167011497,False,False,False,False,0.23169142649791286,0.22672074628224112,False,False,False,False,-49069428,-56768485.06768319,False,False,False,False,2298060.2901654276,False,False,False,False
2024-01-10 00:00:00+00:00,39.3279056703,39.6149706752,38.7240792807,38.7240792807,2022757,,,,,,,,,,,,,,,,38.36519169710956,35.12493648305744,33.487802454651614,33.19201943480854,33.13702741800416,32.99425388971512,32.82163247737395,32.393706315784534,,,,35.12493648305744,,33.93957127131311,"rgba(0, 255, 255, 0.75)",3.4171574286054276,33.61257309748334,1.672540025511536,58.97169684584968,12.597930965172573,False,False,True,False,False,13.810063494886592,0.0,0.0,0.0,0.0,0,1.1473806216627456,0.7812819387902822,False,False,False,False,0.2743601042173504,0.25054042524979575,False,False,False,False,-47046671,-56387237.45718581,False,False,False,False,2287264.08270796,False,False,False,False
2024-01-11 00:00:00+00:00,38.8230672135,39.4466911896,38.0905565113,39.1596261847,1926777,,,,,,,,,,,,,,,,38.427030712816,35.18648620422269,33.54388041292776,33.233545778771195,33.16772855472104,33.02313283971505,32.849445096784564,32.417833841694005,,,,35.18648620422269,,33.981135430206535,"rgba(38, 166, 154, 1.0)",3.457349620566733,33.64360771916199,1.498101164986892,58.19546866073125,12.597930965172573,False,False,True,False,False,12.020060666984655,0.0,0.0,0.0,0.0,0,1.1312516640203951,0.7821515706313118,False,False,False,False,0.249910958066599,0.25022569165819736,False,False,False,False,-48973448,-56096500.615727544,False,False,False,False,2273127.3343664715,False,False,False,False
2024-01-12 00:00:00+00:00,38.7834720404,39.6545658483,38.5656985884,39.3279056703,1444089,,,,,,,,,,,,,,,,38.48390566561232,35.233945362022666,33.586825672540094,33.26545371565258,33.19139066402713,33.04538749474167,32.870867641743594,32.436402925263,,,,35.233945362022666,,34.01427239270038,"rgba(38, 166, 154, 1.0)",3.487063169001798,33.66868570684328,1.4667891247352638,57.51709599879655,12.597930965172573,False,True,True,False,False,11.879916614488089,0.0,0.0,0.0,0.0,0,1.1428943192988137,0.7634555676060804,False,False,False,False,0.26510013803820504,0.2576629148482012,False,False,False,False,-50417537,-55873796.16020882,False,False,False,False,2240616.027136414,False,False,False,False
2024-01-16 00:00:00+00:00,38.5459010018,38.5656985884,37.8529854728,38.1004553046,1836083,,,,,,,,,,,,,,,,38.46574393552967,35.28202420177964,33.63372856539027,33.30076909134497,33.21771250970479,33.07024289428981,32.8948945391344,32.45743290428373,,,,35.28202420177964,,34.04031858018216,"rgba(38, 166, 154, 1.0)",3.5046207848742026,33.689643830530166,1.3856726502990666,56.06809681837771,11.698831217421315,False,True,True,False,False,11.031637733070927,0.0,0.0,0.0,0.0,0,1.1179177445910504,0.8096551248265648,False,False,False,False,0.18150752628694175,0.21958522056757146,False,False,False,False,-52253620,-55731828.46765162,False,False,False,False,2224751.9868565546,False,False,False,False
2024-01-17 00:00:00+00:00,38.1004553046,38.1400504777,37.4075397755,37.7539975401,2782294,,,,,,,,,,,,,,,,38.381243084064174,35.34197576025448,33.69656748595565,33.348757389035896,33.253702626699855,33.10435362753398,32.927990565509724,32.48665209357004,,,,35.34197576025448,,34.06765532907797,"rgba(38, 166, 154, 1.0)",3.5195003424598794,33.71292687939784,1.2466338963716612,53.34835187409189,8.930989537931879,False,True,False,False,False,9.453973629768434,0.0,0.0,0.0,0.0,0,1.0723766071389114,0.8342133380732005,False,False,False,False,0.14178534439119608,0.18068528247938376,False,False,False,False,-55035914,-55704537.704214305,False,False,False,False,2246616.3795288466,False,False,False,False
2024-01-18 00:00:00+00:00,38.3776215162,38.6745853144,37.8628842661,38.3974191028,1689789,,,,,,,,,,,,,,,,38.375077605759294,35.38288752305832,33.737592512057354,33.38008443573813,33.27726067454481,33.12664565617179,32.94957267937363,32.50562184552366,,,,35.38288752305832,,34.091842866528374,"rgba(38, 166, 154, 1.0)",3.526660031114566,33.73260347101124,1.3171153454564066,52.63657859030023,8.09005691545812,False,True,False,False,False,10.208361605916394,0.0,0.0,0.0,0.0,0,1.060341740151831,0.8454344616343549,False,False,False,False,0.1803798177000622,0.18053255008972297,False,False,False,False,-53346125,-55612050.93150002,False,False,False,False,2224780.011704186,False,False,False,False
2024-01-19 00:00:00+00:00,39.3971972232,39.4268936031,38.1697468575,38.5459010018,1902518,,,,,,,,,,,,,,,,38.42707411529573,35.438225179068326,33.789792789453685,33.41978090563271,33.307142260799715,33.154844380357304,32.97678260964889,32.52936644845906,,,,35.438225179068326,,34.13037608608943,"rgba(0, 255, 255, 0.75)",3.5298639288775138,33.763179443661436,1.5961005560149646,55.48355120422925,8.09005691545812,False,True,True,False,True,12.891556107754301,0.0,0.0,0.0,0.0,0,1.0747956959448564,0.8249071531378173,False,False,False,False,0.2222765590442866,0.2014045545670048,False,False,False,False,-51443607,-55448582.54202943,False,False,False,False,2212142.285755002,False,False,False,False
2024-01-22 00:00:00+00:00,39.7832501609,40.1495055119,39.496185156,39.496185156,3366334,,,,,,,,,,,,,,,,38.60500965546237,35.553504143123696,33.893668240239165,33.49868595349247,33.36669054034218,33.2109212388028,33.03074320632726,32.57617657968513,,,,35.553504143123696,,34.21692494468438,"rgba(0, 255, 255, 0.75)",3.535386165321331,33.831513228952254,1.6834757657673858,58.39608705975684,2.8579358830048847,False,True,True,False,True,13.86967401873752,0.0,0.0,0.0,0.0,0,1.1098911259412452,0.7877159415520889,False,False,False,False,0.3057116659448983,0.25355811025595154,False,False,False,False,-48077273,-55159511.57959691,False,False,False,False,2257404.7059214725,False,False,False,False
2024-01-23 00:00:00+00:00,39.8228453339,40.3078862043,39.6248694685,39.8723393003,1633647,,,,,,,,,,,,,,,,38.682224832789046,35.608660159921605,33.94370091502361,33.536928252953174,33.39567914116274,33.23823900199339,33.05703944685249,32.59901548356304,,,,35.608660159921605,,34.25768590428239,"rgba(0, 255, 255, 0.75)",3.5397372938590723,33.864074779451684,1.6833934441366345,60.4423414747,4.825975637727346,False,False,True,False,True,13.970263221887336,0.0,0.0,0.0,0.0,0,1.1119092433580842,0.7825454267192045,False,False,False,False,0.317711862369593,0.2856349863127723,False,False,False,False,-46443626,-54817712.14510291,False,False,False,False,2232943.619414748,False,False,False,False
2024-01-24 00:00:00+00:00,39.8129465407,40.5454572428,39.753553781,40.3375825841,2430973,,,,,,,,,,,,,,,,38.791227372203,35.69039545702372,34.01808322385135,33.594042957927265,33.439121261884885,33.27919572607082,33.096471389514114,32.6332867366205,,,,35.69039545702372,,34.31772801563696,"rgba(0, 255, 255, 0.75)",3.5324556197998,33.91237861396016,1.6703869947201915,61.754769894050625,6.1307294480058445,False,False,True,False,True,13.93293208656966,0.0,0.0,0.0,0.0,1,1.1100250225145027,0.7944976133982335,False,False,False,False,0.3331525787974727,0.3093937825551225,False,False,False,False,-48874599,-54584648.884510644,False,False,False,False,2240709.477476915,False,False,False,False
2024-01-25 00:00:00+00:00,40.4959632765,40.515760863,39.8822380936,40.0901127523,7927708,,,,,,,,,,,,,,,,39.10434574981915,35.95197051021494,34.25849852588261,33.780782942485466,33.582369462302566,33.41442044918298,33.22673973729665,32.74674651027226,,,,35.95197051021494,,34.50823423593208,"rgba(0, 255, 255, 0.75)",3.5444501436258093,34.0678342673175,1.813575801240307,64.46270858647522,8.763900338818424,False,False,True,False,True,15.685246646579817,0.0,0.0,0.0,0.0,0,1.1275564282933004,0.7767966187054142,False,False,False,False,0.3373363167895102,0.3233650496723164,False,False,False,False,-40946891,-54049834.84982395,False,False,False,False,2463729.027379781,False,False,False,False
2024-01-26 00:00:00+00:00,40.2088982716,40.7632306948,40.0604163725,40.5850524159,1766730,,,,,,,,,,,,,,,,39.15922274691277,36.00684468793524,34.30998005658183,33.821275071947106,33.61369552601254,33.44404650869417,33.25531657905357,32.77172728620114,,,,36.00684468793524,,34.54776355791729,"rgba(0, 255, 255, 0.75)",3.5467421333920757,34.10054798975772,1.7222425685625755,64.7163056555205,9.1027424634254,False,False,True,False,True,14.582812827209018,0.0,0.0,0.0,0.0,0,1.1304127913661313,0.7694965194197246,False,False,False,False,0.34282824391580385,0.33309664679406015,False,False,False,False,-42713621,-53605277.44394851,False,False,False,False,2436395.732188417,False,False,False,False
2024-01-29 00:00:00+00:00,40.6444451755,40.6592933654,39.9515296465,40.0604163725,1955095,,,,,,,,,,,,,,,,39.21801918743303,36.0670054347004,34.36663314725669,33.86600938661558,33.64840358229179,33.47688694074859,33.28700233048471,32.79944982664307,,,,36.0670054347004,,34.591176229521736,"rgba(0, 255, 255, 0.75)",3.578279367478582,34.136591482717066,1.8187103421633248,66.045244206037,10.536066400874887,True,False,True,False,True,15.698923015804205,0.0,0.0,0.0,0.0,0,1.1171220684262473,0.80064909403041,False,False,False,False,0.33139689774393605,0.3322467722689981,False,False,False,False,-40758526,-53101483.26967602,False,False,False,False,2417521.193671224,False,False,False,False
2024-01-30 00:00:00+00:00,40.5454572428,40.8127246612,40.297987411,40.6642427621,1410747,,,,,,,,,,,,,,,,39.26150164141208,36.11070884088049,34.407752574892704,33.89856422227027,33.67371895493249,33.500844827620405,33.31011758861558,32.81967785771086,,,,36.11070884088049,,34.622860813541855,"rgba(0, 255, 255, 0.75)",3.616226181013759,34.162935264287,1.7649675819568746,66.37233235448903,11.06141977246945,True,False,True,False,True,15.312010011675103,0.0,0.0,0.0,0.0,0,1.103383316940112,0.8028587861319966,False,False,False,False,0.34282824385335925,0.33753750806117866,False,False,False,False,-42169273,-52672769.14145344,False,False,False,False,2378039.852742941,False,False,False,False
2024-01-31 00:00:00+00:00,39.278411704,40.6200941441,39.1843731679,40.4662668966,2616201,,,,,,,,,,,,,,,,39.2861710115304,36.17431653222823,34.47213240572715,33.95042896193683,33.714384062207536,33.53949464645123,33.347565853037075,32.85278181236934,,,,36.17431653222823,,34.66715941068597,"rgba(38, 166, 154, 1.0)",3.6214477915676206,34.200706529465954,1.4021202200835963,60.876752099964584,16.360420170956132,False,True,True,False,False,10.545585767247807,0.0,0.0,0.0,0.0,0,1.0848042234082604,0.8055280144676675,False,False,False,False,0.2752780781752482,0.3064077931182134,False,False,False,False,-44785474,-52363463.449631736,False,False,False,False,2387379.5055765514,False,False,False,False
2024-02-01 00:00:00+00:00,38.8131684202,39.6545658483,38.0707589248,39.3675008434,3814010,,,,,,,,,,,,,,,,39.25241262556697,36.241710256866924,34.548433059037684,34.01347585291706,33.76442291084391,33.58733722437034,33.39418792562323,32.89456254758588,,,,36.241710256866924,,34.7120678003515,"rgba(38, 166, 154, 1.0)",3.613570544249586,34.24058120327341,1.2653930955362493,55.65623736671478,11.542593308624575,False,True,True,False,False,8.886753830067722,0.0,0.0,0.0,0.0,1,1.056514988776064,0.8278045422971759,False,False,False,False,0.17237373623248578,0.2393907646753496,False,False,False,False,-48599484,-52215856.412391275,False,False,False,False,2443325.7994755106,False,False,False,False
2024-02-02 00:00:00+00:00,38.7735732471,38.8923587664,37.8925806459,38.2885323768,2384244,,,,,,,,,,,,,,,,39.21887009838127,36.27706897523201,34.59126942405324,34.04946125034472,33.793231823666424,33.614978520092976,33.42121090637862,32.918968878172336,,,,36.27706897523201,,34.7356324845402,"rgba(38, 166, 154, 1.0)",3.6113621163808087,34.26199270149715,1.2492739305036005,52.044944153096196,8.348375663669941,False,True,False,False,False,8.745726431250382,0.0,0.0,0.0,0.0,1,1.0560778538657598,0.8506514199680274,False,False,False,False,0.12711304706275073,0.18325190586905016,False,False,False,False,-50983728,-52167537.65112103,False,False,False,False,2441008.8661627457,False,False,False,False
2024-02-05 00:00:00+00:00,38.1598480642,38.4172166893,37.8381372829,38.4172166893,1410125,,,,,,,,,,,,,,,38.1384006788,39.19039492634242,36.29400235737818,34.61375619894966,34.06868346968136,33.80874601324213,33.62992219941505,33.435874846680434,32.9323287270654,,,,36.29400235737818,,35.123567713061625,"rgba(38, 166, 154, 1.0)",3.604392416117704,34.52404193954638,1.0087153963579114,47.7096857654568,4.488929300167854,False,True,False,True,False,6.576617206270711,0.0,0.0,0.0,0.0,0,1.0424609228701336,0.8542614638120168,False,False,False,False,0.10186182964777234,0.14255686775841125,False,False,False,False,-52393853,-52176412.76284177,False,False,False,False,2400582.047881854,False,False,False,False
2024-02-06 00:00:00+00:00,39.2487153242,39.2883104972,38.1994432373,38.3479251364,4340926,,,,,,,,,,,,,,,38.72243586182102,39.16951551362774,36.36532779038521,34.69603496873199,34.13777655484674,33.86422905944729,33.68310098663713,33.48778372230172,32.979078887732015,,,,36.36532779038521,,35.23392037172565,"rgba(38, 166, 154, 1.0)",3.5929391750652173,34.597334945198426,1.294589235265065,48.90702407987536,4.488929300167854,False,True,False,True,False,9.641377939851452,0.0,0.0,0.0,0.0,0,1.0515326241529455,0.8303660974427834,False,False,False,False,0.16088044144844235,0.15171865460342682,False,False,False,False,-48052927,-52014707.43880876,False,False,False,False,2476673.9675727617,False,False,False,False
2024-02-07 00:00:00+00:00,39.3477032569,39.6248694685,38.6943829009,39.5159827425,2604822,,,,,,,,,,,,,,,38.87826702428718,39.171790752051685,36.41128055168075,34.74743441137944,34.180930795879306,33.898957191482864,33.716363046836996,33.52021667565626,33.008230829673685,,,,36.41128055168075,,35.281496808769795,"rgba(38, 166, 154, 1.0)",3.5649875113026437,34.634211371555864,1.322162243317881,50.02533990490829,4.488929300167854,False,True,False,False,False,9.911820722194072,0.0,0.0,0.0,0.0,0,1.0525925496849722,0.8259320968926299,False,False,False,False,0.20131241606045958,0.1765155353319432,False,False,False,False,-45448105,-51757193.61767901,False,False,False,False,2481699.380609124,False,False,False,False
2024-02-08 00:00:00+00:00,40.1198091321,40.3070943008,39.2487153242,40.0406187859,2612188,,,,,,,,,,,,,,,39.11967060099825,39.201617393419276,36.46653065952823,34.805359040683776,34.22912834959261,33.937658204429155,33.75332820130638,33.55615110746335,33.04031370461862,,,,36.46653065952823,,35.34552858467107,"rgba(0, 255, 255, 0.75)",3.533246382607928,34.68148597929202,1.5391859394741376,53.073525926015705,4.488929300167854,False,True,False,False,True,11.987072024450804,0.0,0.0,0.0,0.0,0,1.0752923299668948,0.8103423300158624,False,False,False,False,0.25880205832964587,0.21765879683079453,False,False,False,False,-42835917,-51407339.63267199,False,False,False,False,2486816.5813695504,False,False,False,False
2024-02-09 00:00:00+00:00,40.4266717235,40.4835897849,39.6842622281,40.3375825841,2714229,,,,,,,,,,,,,,,39.333619199752945,39.24273860864537,36.52708112187661,34.867722668173876,34.281017006325456,33.979386626873726,33.793164736905524,33.59484686495109,33.074810772141504,,,,36.52708112187661,,35.41048751173847,"rgba(0, 255, 255, 0.75)",3.501702861591856,34.7310324416391,1.6265341483805085,55.91542036798246,-1.3836080181123478,False,True,True,False,True,12.79144907694673,0.0,0.0,0.0,0.0,0,1.0856683371243232,0.8200307512506289,False,False,False,False,0.281792731458275,0.24972576414453476,False,False,False,False,-40121688,-50964765.05884171,False,False,False,False,2495734.7154334895,False,False,False,False
2024-02-12 00:00:00+00:00,40.5454572428,41.1740306156,40.3474813774,40.4365705168,1624001,,,,,,,,,,,,,,,39.477424326761486,39.27758478741375,36.5670989537097,34.90772437421407,34.31417398342461,34.00603863277266,33.81857398525088,33.61948974434077,33.096704074379566,,,,36.5670989537097,,35.45386809580749,"rgba(0, 255, 255, 0.75)",3.471304103210391,34.763921072390694,1.6655228117474135,58.12629410459579,0.7703085966813177,False,True,True,False,True,13.103545836494472,0.0,0.0,0.0,0.0,0,1.0778381870081384,0.8275286644749238,False,False,False,False,0.3428282413969214,0.2962770027707281,False,False,False,False,-38497687,-50475860.03692635,False,False,False,False,2461549.079534137,False,False,False,False
2024-02-13 00:00:00+00:00,38.6943829009,39.4862863627,38.5360022086,39.1497273914,2646474,,,,,,,,,,,,,,,39.393123574472426,39.2635294212341,36.60317506778679,34.951996536192794,34.35256525449679,34.03754988244765,33.848937164445495,33.64924434068505,33.12379536691066,,,,36.60317506778679,,35.4693240676302,"rgba(38, 166, 154, 1.0)",3.3837064083735067,34.78418275565193,1.155596754958312,53.396909980729255,0.7703085966813177,False,True,False,False,False,6.594263825889701,0.0,0.0,0.0,0.0,1,1.0453547470726299,0.844864935073872,False,False,False,False,0.12210457546153722,0.20919078911613265,False,False,False,False,-41144161,-50109911.055086106,False,False,False,False,2468801.0371994656,False,False,False,False
2024-02-14 00:00:00+00:00,39.2487153242,39.6941610214,39.0012454924,39.3773996367,2441111,,,,,,,,,,,,,,,39.38373728220296,39.26525284510066,36.641219252281765,34.99610975351133,34.3905440589071,34.06867158588561,33.87886488870636,33.678507930923885,33.15031390473804,,,,36.641219252281765,,35.49480238913974,"rgba(38, 166, 154, 1.0)",3.296678577699251,34.80949302654464,1.3465741937005857,51.91203871329154,0.7703085966813177,False,True,False,False,False,8.104541082151695,0.0,0.0,0.0,0.0,0,1.0509392181493356,0.8416042906789626,False,False,False,False,0.15803362446303879,0.18361220678958573,False,False,False,False,-38703050,-49662583.17057292,False,False,False,False,2467715.153387722,False,False,False,False
2024-02-15 00:00:00+00:00,40.1198091321,40.1792018917,39.4763875694,39.5753755021,3787792,,,,,,,,,,,,,,,39.46854093822376,39.29802111625156,36.71118901337678,35.07224938536479,34.45550147669623,34.12177727987495,33.929801973299796,33.728175091856976,33.195045485640634,,,,36.71118901337678,,35.55336686228728,"rgba(0, 255, 255, 0.75)",3.188945671497176,34.860829193451664,1.6491281070270798,53.197085406654224,0.7703085966813177,False,True,False,False,False,10.391825649881866,0.0,0.0,0.0,0.0,1,1.04545731508916,0.8293906177432361,False,False,False,False,0.21903697272345568,0.2013245897565207,False,False,False,False,-34915258,-49084256.69329555,False,False,False,False,2519482.8728627134,False,False,False,False
2024-02-16 00:00:00+00:00,39.9416308532,40.4464693101,39.7139586079,39.7832501609,2473644,,,,,,,,,,,,,,,39.521018015779035,39.32113943000302,36.756790245474264,35.12180335712479,34.497933845285715,34.15658253918311,33.963201857542565,33.760748935347,33.224407779654726,,,,36.756790245474264,,35.59151400059935,"rgba(0, 255, 255, 0.75)",3.0671709636174955,34.89444650557756,1.645550380950943,53.511027140693194,0.7703085966813177,False,True,True,False,False,9.786742208600266,0.0,0.0,0.0,0.0,1,1.0519804007648217,0.8203263319033349,False,False,False,False,0.2517380021217699,0.22653129593914528,False,False,False,False,-37388902,-48625615.33277416,False,False,False,False,2517685.2700053523,False,False,False,False
2024-02-20 00:00:00+00:00,40.0010236128,40.243544048,39.5555779156,39.605071882,5157287,,,,,,,,,,,,,,,39.58786821833187,39.35876976664591,36.84515155865,35.21994727903788,34.582786347006376,34.226625752839084,34.03053985787728,33.826518962524005,33.28392862120083,,,,36.84515155865,,35.66245959601258,"rgba(0, 255, 255, 0.75)",2.933884875822893,34.95907852764643,1.7185217888753748,53.882247802956265,0.7703085966813177,False,True,True,False,False,9.94354076554879,0.0,0.0,0.0,0.0,1,1.0482876849552663,0.8287790385026607,False,False,False,False,0.22828463100252297,0.22740796347083414,False,False,False,False,-32231615,-47982713.35893988,False,False,False,False,2621199.063338476,False,False,False,False
2024-02-21 00:00:00+00:00,39.5456791223,40.0406187859,39.3675008434,39.7238574012,2638724,,,,,,,,,,,,,,,39.59272405243504,39.36768763038309,36.88452845176007,35.26571639794693,34.62294920637746,34.26007116078296,34.062790534089096,33.85810143465382,33.312701053546085,,,,36.88452845176007,,35.69191888021939,"rgba(0, 255, 255, 0.75)",2.8316095597050195,34.987539618828954,1.6097344663386033,52.63658386412859,0.7703085966813177,False,True,False,False,False,8.375259800904345,0.0,0.0,0.0,0.0,1,1.043132308094414,0.8258965957992493,False,False,False,False,0.19869283473721194,0.21305039910402304,False,False,False,False,-34870339,-47468502.59976576,False,False,False,False,2621886.315756575,False,False,False,False
2024-02-22 00:00:00+00:00,40.6939391419,40.7830282813,39.8822380936,40.0307199927,3473582,,,,,,,,,,,,,,,39.67152390720893,39.40956854967346,36.94925180302135,35.3352995035035,34.68313600133709,34.30992968888783,34.110695632802226,33.904840114422285,33.35492386344501,,,,36.94925180302135,,35.74768545158908,"rgba(0, 255, 0, 1.0)",2.7847005495066397,35.03661796164636,2.031572544220578,54.885786929788836,0.7703085966813177,False,True,True,False,False,11.396920769375548,0.0,0.0,0.0,0.0,1,1.0430926688739026,0.8101649095436028,False,False,False,False,0.28235074876677285,0.24770057393539796,False,False,False,False,-31396757,-46838238.06644162,False,False,False,False,2655286.146511219,False,False,False,False
2024-02-23 00:00:00+00:00,40.8325222477,41.1096884593,40.5553560361,40.6939391419,8430906,,,,,,,,,,,,,,,39.88267904965345,39.53142293929598,37.11299196328748,35.508633497028505,34.833451732554096,34.43494149438931,34.23081551802718,34.021989916654356,33.46072651565027,,,,37.11299196328748,,35.89085029183784,"rgba(0, 255, 0, 1.0)",2.762178573624948,35.161985043231056,2.052922015475345,56.71034046295221,0.7703085966813177,False,True,True,False,True,11.750196139450487,0.0,0.0,0.0,0.0,1,1.0572415178019736,0.8057100742977744,False,False,False,False,0.3428282400746139,0.2952644070050059,False,False,False,False,-22965851,-45902066.024620384,False,False,False,False,2881781.0427264655,False,False,False,False
2024-02-26 00:00:00+00:00,40.3474813774,41.1938282021,40.3078862043,40.733534315,3399960,,,,,,,,,,,,,,,39.93281629110101,39.56764099169179,37.17156866577323,35.572766761401105,34.8899013854125,34.4823523056087,34.27650425819626,34.066655951817125,33.50132533046111,,,,37.17156866577323,,35.9401702157181,"rgba(0, 255, 255, 0.75)",2.7059453268490175,35.2068432773836,1.8997568239867226,56.22412763971202,0.7703085966813177,False,True,True,False,True,10.062800723959189,0.0,0.0,0.0,0.0,1,1.050654701725283,0.8060295568093289,False,False,False,False,0.3282444213547349,0.3117544141798704,False,False,False,False,-26365811,-45135938.376596056,False,False,False,False,2902101.786148957,False,False,False,False
2024-02-27 00:00:00+00:00,40.8127246612,40.9562571636,39.9911248196,40.4266717235,3009094,,,,,,,,,,,,,,,39.97010633646902,39.596884028777545,37.22136811113396,35.62787209141611,34.93869569866582,34.52350988442681,34.316211716142924,34.105508409884905,33.53672608502447,,,,37.22136811113396,,35.981875817993505,"rgba(0, 255, 0, 1.0)",2.6395833877144153,35.245189776190344,2.1092475846465004,57.12260776027462,1.3366869649074644,False,True,True,False,True,11.2759807785858,0.0,0.0,0.0,0.0,0,1.0409791800383439,0.8456133217250105,False,False,False,False,0.25934650131222237,0.28555045774604637,False,False,False,False,-23356717,-44281851.263788365,False,False,False,False,2906297.5592411547,False,False,False,False
2024-02-28 00:00:00+00:00,40.4860644832,40.7236355217,40.2880886177,40.5256596563,2293492,,,,,,,,,,,,,,,39.9921486993756,39.6161982047082,37.25739884311904,35.668339601495866,34.97476126475373,34.554061798305625,34.34572485925189,34.13441635580273,33.563139699500574,,,,37.25739884311904,,36.011798814034805,"rgba(0, 255, 0, 1.0)",2.566437113109149,35.273081831158294,2.0312138666535895,56.55229519984941,1.3366869649074644,False,True,True,False,True,10.13642102269933,0.0,0.0,0.0,0.0,0,0.996406723999162,0.87804639027961,False,False,False,False,0.26667294361899735,0.2761117006825219,False,False,False,False,-25650209,-43551198.62599274,False,False,False,False,2882265.968682678,False,False,False,False
2024-02-29 00:00:00+00:00,40.8523198342,40.9315101804,40.406874137,40.7236355217,2415878,,,,,,,,,,,,,,,40.0231734841782,39.64076122211341,37.297149149121566,35.712249322312786,35.01381615768686,34.58714521810059,34.377665220092226,34.1656803382978,33.591666248138786,,,,37.297149149121566,,36.045478484449134,"rgba(0, 255, 0, 1.0)",2.4917649860828726,35.30403158325169,2.22664989753724,57.18879068666497,2.0181699080063495,False,False,True,False,True,11.102018332859732,0.0,0.0,0.0,0.0,0,1.0020937054402204,0.8587299803174288,False,False,False,False,0.3043223302746587,0.2902170154785903,False,False,False,False,-23234331,-42754458.719091065,False,False,False,False,2863976.244420612,False,False,False,False
2024-03-01 00:00:00+00:00,41.1195872526,41.8323003682,40.8523198342,41.060194493,2443796,,,,,,,,,,,,,,,40.07394736646124,39.676263984972024,37.34259955706744,35.76057649753295,35.05645338265079,34.62315085891692,34.41235924130781,34.1995719834399,33.62244909143578,,,,37.34259955706744,,36.08526355153165,"rgba(0, 255, 0, 1.0)",2.4081606071696178,35.3395327797994,2.40019476092754,58.333831034386904,3.427201391157773,False,False,True,False,True,11.802554605246893,0.0,0.0,0.0,0.0,1,1.0144344011131785,0.8278807018587891,False,False,False,False,0.3428282339159369,0.3165226246972636,False,False,False,False,-20790535,-41893128.37716593,False,False,False,False,2847498.587776667,False,False,False,False
2024-03-04 00:00:00+00:00,40.9216113872,41.3571582911,40.6147487957,40.9018138006,1766710,,,,,,,,,,,,,,,40.099453822305804,39.69626692861101,37.37232342929671,35.79309664490473,35.08542835373245,34.64776176701664,34.43612304238145,34.22282913202152,33.64367233883807,,,,37.37232342929671,,36.11077282878983,"rgba(0, 255, 0, 1.0)",2.3161731098053093,35.362846399099645,2.399978207400746,58.27499405460975,3.68308377498159,False,False,True,False,True,11.089156266312973,0.0,0.0,0.0,0.0,1,1.0057106334173949,0.8525119099637951,False,False,False,False,0.2713753031630959,0.2939489639301798,False,False,False,False,-22557245,-41134858.440806486,False,False,False,False,2805114.7215893464,False,False,False,False
2024-03-05 00:00:00+00:00,40.8325222477,41.1591824257,40.5652548294,40.8721174208,2599240,,,,,,,,,,,,,,,40.129894990112895,39.722086302182944,37.41383945800485,35.83918714303031,35.12674063581578,34.682987886586105,34.470177961258244,34.256191976590735,33.674199465747215,,,,37.41383945800485,,36.146145091036566,"rgba(0, 255, 0, 1.0)",2.283580187047181,35.395576865669874,2.3808865626306086,57.853048772571945,3.68308377498159,False,False,True,False,True,10.765489138188347,0.0,0.0,0.0,0.0,1,0.9955912274252747,0.8660835330098904,False,False,False,False,0.24721756362538472,0.27058326377778225,False,False,False,False,-25156485,-40508255.56077486,False,False,False,False,2797041.2030956466,False,False,False,False
2024-03-06 00:00:00+00:00,41.1888788055,42.0599726135,40.9463583703,41.3769558777,2744218,,,,,,,,,,,,,,,40.18182929966939,39.760702956872656,37.46340206070211,35.892148136097084,35.17381885153291,34.7230011167633,34.50878527131365,34.293939324794984,33.70858063896696,,,,37.46340206070211,,36.18957862852367,"rgba(0, 255, 0, 1.0)",2.253463198722604,35.43465362656642,2.5535030623954342,58.71708018785128,4.698963803770027,False,False,True,False,True,11.736308849898752,0.0,0.0,0.0,0.0,1,1.001094592492816,0.8572651387580336,False,False,False,False,0.34282823478968427,0.3067057492837333,False,False,False,False,-22412267,-39798608.950548396,False,False,False,False,2794969.704935033,False,False,False,False
2024-03-07 00:00:00+00:00,41.8026039884,41.970883474,41.53533657,41.6541220893,1703510,,,,,,,,,,,,,,,40.22118227010401,39.789025839557226,37.49639748271125,35.92670207296736,35.2044110820203,34.74896881553525,34.53381520749068,34.31838530054298,33.73079250823358,,,,37.49639748271125,,36.21885339768474,"rgba(0, 255, 0, 1.0)",2.21924617909676,35.460656275102394,2.857703563053468,61.02692662738377,7.1104705961274846,True,False,True,False,True,13.373137930223844,0.0,0.0,0.0,0.0,0,1.0020769975800738,0.8606225308323255,False,False,False,False,0.3428282360087473,0.3247669926462403,False,False,False,False,-20708757,-39049987.305428855,False,False,False,False,2752167.3635650314,False,False,False,False
2024-03-08 00:00:00+00:00,41.2482715651,42.2084545125,41.0502956997,42.1391629596,2564336,,,,,,,,,,,,,,,40.26726225122567,39.82463197338501,37.54207613903602,35.975613030076005,35.24807781940906,34.78622529427087,34.56978990933694,34.35357524770317,33.76289471019497,,,,37.54207613903602,,36.258905152737526,"rgba(0, 255, 0, 1.0)",2.162692997989876,35.49685801729401,2.6593758583172296,60.038236525280986,7.1104705961274846,False,False,True,False,True,11.314857131335842,0.0,0.0,0.0,0.0,0,0.9879265466696368,0.859575784720534,False,False,False,False,0.3202188367021731,0.3224929146742067,False,False,False,False,-23273093,-38431285.56796106,False,False,False,False,2744801.427738952,False,False,False,False
2024-03-11 00:00:00+00:00,41.644223296,41.8421991615,40.9315101804,40.9315101804,3180559,,,,,,,,,,,,,,,40.31873866448684,39.866043770196185,37.5968903613753,36.034778532175544,35.301150590036414,34.8316656530783,34.61370781478998,34.396566108265446,33.80219327656873,,,,37.5968903613753,,36.30685941899697,"rgba(0, 255, 0, 1.0)",2.1288314369894272,35.54052318997136,2.8671598887417944,60.54272018418416,7.1104705961274846,True,False,True,False,True,12.37791705087377,0.0,0.0,0.0,0.0,1,0.9753164134006638,0.8793845702781317,False,False,False,False,0.2767842044285837,0.2996385595513952,False,False,False,False,-20092534,-37712118.83980572,False,False,False,False,2761889.959984483,False,False,False,False
2024-03-12 00:00:00+00:00,41.7432112287,41.976275012,41.372193521,41.6539527585,1026760,,,,,,,,,,,,,,,40.33748453466501,39.88077883456456,37.61526725466708,36.0543851950897,35.31870749674249,34.846694924664384,34.628226803445926,34.41077089611534,33.815163332255615,,,,37.61526725466708,,36.32305325246779,"rgba(0, 255, 0, 1.0)",2.0706053322105458,35.55516472399821,2.9885205106158623,61.16583602997902,7.619571588205822,True,False,True,False,True,12.64344830124551,0.0,0.0,0.0,0.0,1,0.9889859548497899,0.8712294899326347,False,False,False,False,0.32837807569864574,0.31400831762502046,False,False,False,False,-19065774,-36980889.630401574,False,False,False,False,2693845.6478282292,False,False,False,False
2024-03-13 00:00:00+00:00,41.6737879741,42.1895035797,41.5151062494,41.9018929535,1015336,,,,,,,,,,,,,,,40.3567952840611,39.8958730869385,37.633700115364654,36.07396677238044,35.33623325533796,34.861698851609155,34.6427191619146,34.42494691743837,33.82810225075118,,,,37.633700115364654,,36.339337299532886,"rgba(0, 255, 0, 1.0)",2.0164046407537675,35.56985295888095,3.0271379522997393,61.2281915712867,7.8736962803994714,True,False,True,False,True,12.378300296375865,0.0,0.0,0.0,0.0,1,0.999668079843854,0.8543097835755342,False,False,False,False,0.3428282364515853,0.32841827703830284,False,False,False,False,-20081110,-36318153.1743074,False,False,False,False,2628021.7400702597,False,False,False,False
2024-03-14 00:00:00+00:00,40.7613680566,41.6886643858,40.1018471379,41.6737879741,3364852,,,,,,,,,,,,,,40.85062652676667,40.377596425260734,39.92021476159128,37.680062489323184,36.127380457533235,35.38526451936416,34.904265659334676,34.684057079685225,34.46558177812127,33.86564664534153,,,,37.680062489323184,,36.8260696342322,"rgba(0, 255, 0, 1.0)",1.9410819441545337,35.96828287993301,2.469285333935085,57.240721164809344,10.701152210040888,False,False,True,False,False,8.971365406539007,0.0,0.0,0.0,0.0,1,0.9984330978937146,0.8635461722262957,False,False,False,False,0.17867735121061015,0.2535478141244565,False,False,False,False,-23445962,-35813361.363550246,False,False,False,False,2656917.04438123,False,False,False,False
2024-03-15 00:00:00+00:00,40.6621919786,40.9200497814,40.1365587652,40.2357348432,2746029,,,,,,,,,,,,,,40.725840414660674,40.38408806286296,39.93351872516273,37.71369153953678,36.167582480471374,35.42263655689717,34.936956821037846,34.715885953463655,34.49693890330103,33.894783801364646,,,,37.71369153953678,,36.839192325875885,"rgba(0, 255, 0, 1.0)",1.8454710690568896,35.989007857739516,2.5322445847111923,54.20448278167687,7.895377103652137,False,True,True,False,False,8.609786196796126,0.0,0.0,0.0,0.0,1,1.0175008623972335,0.8611127616810469,False,False,False,False,0.11626623055999465,0.18490702234222556,False,False,False,False,-26191991,-35436052.72184239,False,False,False,False,2660411.630876084,False,False,False,False
2024-03-18 00:00:00+00:00,40.642356763,40.7831867937,40.2059820198,40.691944802,1689420,,,,,,,,,,,,,,40.68642244858656,40.38728889843724,39.94107721859623,37.73378860252023,36.191795454659186,35.44523396583602,34.956779637642796,34.73520100483757,34.51597943846381,33.91250665991919,,,,37.73378860252023,,36.85060733294988,"rgba(0, 255, 0, 1.0)",1.7692514969994595,36.00327990860064,2.6220561984923845,52.09950301599429,6.023331418349144,False,True,False,False,False,8.53637677711826,0.0,0.0,0.0,0.0,1,1.0150791637391055,0.8689023291746528,False,False,False,False,0.11073893994723805,0.1478229811447318,False,False,False,False,-27881411,-35139792.2621623,False,False,False,False,2622333.5277044727,False,False,False,False
2024-03-19 00:00:00+00:00,40.8109560956,41.0688138984,40.4092929797,40.4638398226,1355698,,,,,,,,,,,,,,40.69776413736013,40.39323440221706,39.949165348381506,37.75095239569998,36.212001397217676,35.46399719799804,34.97320571046164,34.751189652145506,34.53172469996812,33.92712823676464,,,,37.75095239569998,,36.86503631782143,"rgba(0, 255, 0, 1.0)",1.7180888273542043,36.017678671601416,2.7898891766731633,51.47751890109694,5.505943857669223,False,True,False,False,False,9.038692513335107,0.0,0.0,0.0,0.0,1,1.0140985940501601,0.8720953895009561,False,False,False,False,0.15098636386715963,0.14940467250594572,False,False,False,False,-26525713,-34801985.23227358,False,False,False,False,2572661.546225866,False,False,False,False
2024-03-20 00:00:00+00:00,41.7828816599,42.0159454432,40.8010384878,40.840708919,1643665,,,,,,,,,,,,,,40.82492755664072,40.41469457373877,39.9678418119358,37.77675823147725,36.240367016594696,35.48985021062047,34.995629616751806,34.77293025153068,34.553054942401744,33.946760233176356,,,,37.77675823147725,,36.89828144448683,"rgba(0, 255, 0, 1.0)",1.6666195410257365,36.0444732603445,3.4431423959086302,54.7444621122424,5.505943857669223,False,False,True,False,True,11.846338730294836,0.0,0.0,0.0,0.0,1,1.0170104266348905,0.8492271268633094,False,False,False,False,0.264157959506486,0.20678131600621585,False,False,False,False,-24882048,-34412968.08590991,False,False,False,False,2536230.3091189694,False,False,False,False
2024-03-21 00:00:00+00:00,41.9812338159,42.8123293495,41.9713162081,42.1498331485,2238022,,,,,,,,,,,,,,41.0704039089304,40.46068296414165,40.00397688491788,37.81797714888371,36.28370733069104,35.528861243016266,35.02926008392022,34.805445449359894,34.584871423904374,33.97585623739979,,,,37.81797714888371,,36.95610426751652,"rgba(0, 255, 0, 1.0)",1.6420753991261716,36.50562025904763,3.334568899677936,57.534964784687936,2.997596848080555,True,False,True,False,True,12.401215916322421,0.0,0.0,0.0,0.0,1,1.0394669815071504,0.8356057242490532,False,True,False,False,0.3428282383769971,0.27480477719160645,False,False,False,False,-22644026,-33951440.94528599,False,False,False,False,2524535.865624108,False,False,False,False
2024-03-22 00:00:00+00:00,41.435765387,42.0804098939,41.4010537597,41.9812338159,1771851,,,,,,,,,,,,,,41.13844133831323,40.48354486931096,40.02417676250871,37.84562050849003,36.31408591315146,35.556629828251175,35.05341461533406,34.82887638831388,34.60786713631427,33.99704463499576,,,,37.84562050849003,,36.98497019949835,"rgba(0, 255, 0, 1.0)",1.602732442500169,36.51664488230384,3.0692087925933658,56.75418448649064,2.997596848080555,False,False,True,False,True,10.298189316364855,0.0,0.0,0.0,0.0,1,1.0117969135855205,0.8657816517067066,False,False,False,False,0.24153730214851205,0.2581710396700593,False,False,False,False,-24415877,-33577497.261157125,False,False,False,False,2495018.812070221,False,False,False,False
2024-03-25 00:00:00+00:00,41.1084843296,41.8086674402,41.0896408747,41.5944471118,6335302,,,,,,,,,,,,,,41.19751221279928,40.53881637693531,40.07965399736705,37.9336187982608,36.41390930622318,35.64903309903877,35.13444018738592,34.90768044350231,34.685380174964806,34.06888440850781,,,,37.9336187982608,,37.06089290049852,"rgba(0, 255, 0, 1.0)",1.5319486379933387,36.56838345826301,2.9636116764880325,54.82598667893132,2.997596848080555,False,False,True,False,False,9.059846023533936,0.0,0.0,0.0,0.0,1,1.0190529056505853,0.8661768119072505,False,False,False,False,0.19781602732802064,0.22799353349903995,False,False,False,False,-30751179,-33466661.25091567,False,False,False,False,2645618.15277335,False,False,False,False
2024-03-26 00:00:00+00:00,40.6721095864,41.5547766806,40.642356763,41.3960949558,2000635,,,,,,,,,,,,,,41.17667233559137,40.54719913950659,40.09121221487123,37.95749782262925,36.442247748699735,35.67569741845351,35.15805677038151,34.93072633707849,34.70811379688744,34.09011089224755,,,,37.95749782262925,,37.07775344763466,"rgba(0, 255, 0, 1.0)",1.4535889016058565,36.5812695849818,2.81430327164636,51.82627379313131,6.81754514612512,False,True,False,False,False,7.431645557976527,0.0,0.0,0.0,0.0,1,0.9987428243520896,0.8758593943695756,False,False,False,False,0.1462031014042264,0.1870983174516332,False,False,False,False,-32751814,-33438628.025389567,False,False,False,False,2620324.695801846,False,False,False,False
2024-03-27 00:00:00+00:00,41.237413231,41.237413231,40.5679747045,40.8605441346,1460176,,,,,,,,,,,,,,41.16703469983443,40.553943324871476,40.100008841884986,37.97502092593089,36.462970767075134,35.695201383672845,35.17534366199255,34.947596405149895,34.72475496339545,34.105650604901896,,,,37.97502092593089,,37.09075255787096,"rgba(0, 255, 0, 1.0)",1.3810190226362866,36.592297411088126,3.3635422421949053,52.09642875926524,6.81754514612512,False,True,False,False,False,9.118504762385836,0.0,0.0,0.0,0.0,1,1.0177640555297869,0.8628314016259987,False,False,False,False,0.11771719730051632,0.15240775737607476,False,False,False,False,-31291638,-33354432.338119388,False,False,False,False,2574828.668515499,False,False,False,False
2024-03-28 00:00:00+00:00,41.5250238572,41.6390763468,40.9101321736,41.187825192,2099186,,,,,,,,,,,,,,41.182051990555166,40.57029644725341,40.11701198008272,38.00267371039083,36.49466148578543,35.72478871054818,35.20147053220956,34.97305115432214,34.74982480553279,34.12897477707984,,,,38.00267371039083,,37.114480559376005,"rgba(0, 255, 0, 1.0)",1.3076310790987187,36.61444007126446,3.755328138361581,53.314217891678396,6.81754514612512,False,True,False,False,False,9.961457757372596,0.0,0.0,0.0,0.0,1,1.0446975487979642,0.8521179124252415,False,False,False,False,0.1583894404332693,0.15539859890467203,False,False,False,False,-29192452,-33191217.422899023,False,False,False,False,2556176.014848225,False,False,False,False
2024-04-01 00:00:00+00:00,40.8506265268,41.534941465,40.642356763,41.4952710338,1821527,,,,,,,,,,,,,,41.17102158388931,40.57790910254723,40.12735518013232,38.02384881090366,36.51988151048109,35.74863903867205,35.222689117778664,34.99377817093651,34.77028556470863,34.1481220434503,,,,38.02384881090366,,37.13035301234998,"rgba(0, 255, 0, 1.0)",1.2310966193848918,36.62882811780059,3.42929900263133,51.432314039943584,6.429371844014156,False,True,False,False,False,7.437683368997707,0.0,0.0,0.0,0.0,1,1.0284256766026796,0.8666857823014155,False,False,False,False,0.12900708879504452,0.14220284384985826,False,False,False,False,-31013979,-33105835.523961805,False,False,False,False,2527366.249560059,False,False,False,False
2024-04-02 00:00:00+00:00,40.1266411574,40.5828511162,39.8836597663,40.1762291964,2215650,,,,,,,,,,,,,,41.100873232404446,40.570055603904244,40.128333475322414,38.04231337506178,36.54470361388754,35.772930116548906,35.24469999499019,35.01542312541318,34.791779692439896,34.168531034710035,,,,38.04231337506178,,37.137964326468264,"rgba(0, 255, 0, 1.0)",1.1426739517962137,36.63447640499595,3.0561340327348683,47.85533840242372,3.0139706305007294,False,True,False,True,False,4.839705938908246,0.0,0.0,0.0,0.0,1,1.001244602474088,0.8981908337101929,False,False,False,False,-0.004100812367275685,0.06905101574129129,False,False,False,False,-33229629,-33110690.17008095,False,False,False,False,2515142.082910645,False,False,False,False
2024-04-03 00:00:00+00:00,40.4043341758,40.7613680566,39.9382066092,40.096888334,2784976,,,,,,,,,,,,,,41.039993354764945,40.56494132239713,40.132449509757045,38.06688079033834,36.57686482015489,35.804249702995826,35.27303353514652,35.04326128933078,34.81939989118972,34.194708654322305,,,,38.06688079033834,,37.151578287039754,"rgba(0, 255, 0, 1.0)",1.1178101480140388,36.64685723827048,3.3614625383436167,46.61880116437554,1.8493872837366752,False,True,False,True,False,5.694548404346243,0.0,0.0,0.0,0.0,1,0.9748512680866113,0.9097048282800994,False,False,False,False,0.013936796061769846,0.04149390590153056,False,False,False,False,-30444653,-33006139.692822874,False,False,False,False,2525723.805149443,False,False,False,False
2024-04-04 00:00:00+00:00,39.7696072766,41.1184019374,39.700184022,41.0787315062,2389300,,,,,,,,,,,,,,40.98385171321205,40.557102502739205,40.13337331784975,38.08600388109785,36.60279685504002,35.82978187907556,35.29628122050328,35.06615095264564,34.8421513778849,34.21637102251628,,,,38.08600388109785,,37.16138647225645,"rgba(0, 255, 0, 1.0)",1.1092076297352016,36.65614711097786,2.806922781774775,43.9192621785032,-0.7205161987923532,False,True,False,True,False,3.4647522488659845,0.0,0.0,0.0,0.0,1,0.9671435765129544,0.9067771137457716,False,False,False,False,0.02315024977709007,0.03232207783931032,False,False,False,False,-32833953,-32999387.273496486,False,False,False,False,2520373.852006328,False,False,False,False
2024-04-05 00:00:00+00:00,39.9877946482,40.29524049,39.4621614348,39.6803488064,2015545,,,,,,,,,,,,,,40.92706071652405,40.54579583271842,40.13073135890592,38.09975750396852,36.62269691254085,35.84971903493984,35.31460732103077,35.08425342182532,34.86019520576257,34.23367051498965,,,,38.09975750396852,,37.16684878232059,"rgba(0, 255, 0, 1.0)",1.0875028098604278,36.661491206988046,3.058661928090889,43.06164245515497,-1.5655380018371758,False,True,False,True,False,4.151454602815807,0.0,0.0,0.0,0.0,1,0.9590639375734127,0.9303196200658164,False,False,False,False,-0.059046884780088744,-0.013362403470389212,False,False,False,False,-30818408,-32913858.67453584,False,False,False,False,2500576.642123727,False,False,False,False
2024-04-08 00:00:00+00:00,40.196064412,40.4546164473,39.9778770404,40.29524049,1452129,,,,,,,,,,,,,,40.900604194112105,40.54158266890763,40.131412377624606,38.111125618463056,36.63815570411812,35.864994553555434,35.32856008545573,35.098001937845716,34.87386844040431,34.24671183262823,,,,38.111125618463056,,37.17350174131149,"rgba(0, 255, 0, 1.0)",1.0634788381771736,36.668230325090846,3.3172583790721575,43.39014661986614,-1.5655380018371758,False,True,False,True,False,4.807763166582433,0.0,0.0,0.0,0.0,1,0.96900032679785,0.9273072917314799,False,False,False,False,-0.006733479372036027,-0.01004794142121262,False,False,False,False,-29366279,-32774737.90298542,False,False,False,False,2459461.0483149537,False,False,False,False
2024-04-09 00:00:00+00:00,40.7712856644,40.79112088,39.898536178,40.4737574304,2226057,,,,,,,,,,,,,,40.87847613426978,40.54055373510332,40.136062205687125,38.13058968112967,36.66341754778866,35.88968692088929,35.351002503401595,35.120071553324195,34.895776745910844,34.26751865653325,,,,38.13058968112967,,37.187315568403776,"rgba(0, 255, 0, 1.0)",1.0593845658957028,36.68230265148024,3.8597721210545917,45.89805994995061,-1.5655380018371758,False,True,False,True,True,6.593658972381345,0.0,0.0,0.0,0.0,1,0.9634310319352233,0.9256420633182765,False,False,False,False,0.013169136602368204,0.001560597590577792,False,False,False,False,-27140222,-32553776.49502521,False,False,False,False,2450307.9483810337,False,False,False,False
2024-04-10 00:00:00+00:00,38.857187359,39.9183713936,38.6191647719,39.6109255518,3399938,,,,,,,,,,,,,,40.746519618761596,40.50113552631447,40.116392215478115,38.14295983996934,36.68791451668478,35.9159253269793,35.37595814938304,35.14500728330547,34.92087790126556,34.29216370528669,,,,38.14295983996934,,37.18448540834284,"rgba(0, 255, 0, 1.0)",1.0563991648768494,36.680621912241676,2.060362710540442,42.30942463569184,-2.304037141416252,False,True,False,True,False,0.105217619706373,0.0,0.0,0.0,0.0,0,0.9211685281055606,0.9261417143406004,False,False,False,False,-0.1546032445259583,-0.07652132346769025,False,False,False,False,-30540160,-32474811.142279122,False,False,False,False,2487548.3425621693,False,False,False,False
2024-04-11 00:00:00+00:00,39.3927381802,39.4512520662,38.663794007,39.055539515,10189815,,,,,,,,,,,,,,40.45535955774049,40.39810099774798,40.06388772043483,38.17961402504868,36.75959353791253,35.9929721692594,35.44954769491248,35.21860752753303,34.99501437832849,34.365116598637165,,,,38.17961402504868,,37.18778142075551,"rgba(0, 255, 0, 1.0)",1.057053687142046,36.68981439619044,2.5570354816295526,41.80014331880182,-2.821541889143546,False,True,False,True,False,1.7678496257059777,0.0,0.0,0.0,0.0,0,0.9151913363921784,0.9398025888978875,False,False,False,False,-0.1882728636077518,-0.13239709353772103,False,False,False,False,-20350345,-31999341.88179759,False,False,False,False,2789598.0154028684,False,False,False,False
2024-04-12 00:00:00+00:00,38.9761986526,39.3233149256,38.7183408499,38.8869401824,3805399,,,,,,,,,,,,,,40.361883411874494,40.35901058275613,40.042430137816716,38.190490437989965,36.78356847023252,36.019386027935504,35.47512816032613,35.244300024211796,35.02098407653943,34.390897125265184,,,,38.190490437989965,,37.188807845494786,"rgba(0, 255, 0, 1.0)",1.0632821490191615,36.69361750290377,2.1467313749241668,40.51796291454943,-4.151982275346754,False,True,False,True,False,0.43871699018868426,0.0,0.0,0.0,0.0,0,0.9376058021926997,0.9359024590336901,False,False,False,False,-0.1941627303274946,-0.16327991193260782,False,False,False,False,-24155744,-31691749.808001604,False,False,False,False,2829433.348132168,False,False,False,False
2024-04-15 00:00:00+00:00,38.6687528109,39.6109255518,38.3315541457,39.2340564554,4947573,,,,,,,,,,,,,,40.24649869389284,40.3065803118623,40.01231783000046,38.20192999553527,36.81212958539433,36.05151572482705,35.50658555992724,35.276002341240186,35.05311835110404,34.42301842647322,,,,38.20192999553527,,37.1889696820257,"rgba(0, 255, 255, 0.75)",1.074950939392001,36.69770062186724,1.8336206023947483,38.98886357503419,-5.73522762431557,False,True,False,True,False,0.0,0.0,0.0,0.0,0.0,0,0.9530491572107068,0.9081359699096098,False,False,False,False,-0.20214328030925863,-0.18271159612093324,False,False,False,False,-29103317,-31590242.639060367,False,False,False,False,2912497.6482054163,False,False,False,False
2024-04-16 00:00:00+00:00,38.4009774003,38.5943707524,37.8654265791,38.1827900287,4462791,,,,,,,,,,,,,38.28692491060001,40.11867439030315,40.2443914171152,39.973237194382556,38.20320061930235,36.83011427539988,36.07401065023272,35.52962885699573,35.29956109898864,35.07728647225329,34.447849939957244,,,38.28692491060001,38.20320061930235,,37.280443620502794,"rgba(38, 166, 154, 1.0)",1.09037475158517,36.89765070796063,1.3787247826069504,37.3875771650213,-7.387227917854865,False,True,False,True,False,0.0,1.0,38.59437,37.865425,0.0,0,0.9449077474073011,0.9116838902313879,True,False,False,False,-0.32517452984423467,-0.25394306298258396,False,False,False,False,-33566108,-31667727.555175647,False,False,False,False,2973293.465922851,False,False,False,False
2024-04-17 00:00:00+00:00,38.6885880265,38.9216518097,38.3265953418,38.6786704187,3984831,,,,,,,,,,,,,38.45612120528474,40.037598754738234,40.20161068390442,39.946918956458774,38.209028285237835,36.84966968334666,36.09691139781001,35.55251871772839,35.32277590408422,35.100940666012875,34.471800339461055,,,38.45612120528474,38.209028285237835,,37.29508132673338,"rgba(0, 255, 255, 0.75)",1.1005633197183258,36.90778953090173,1.6180790906733473,37.510980160196425,-7.433903617673039,False,True,False,True,False,0.0,0.0,0.0,0.0,0.0,0,0.9637436757211488,0.9011727178488025,False,False,False,False,-0.2741515536593956,-0.26404730832098977,False,False,False,False,-29581277,-31585905.9647766,False,False,False,False,3012961.6045141118,False,False,False,False
2024-04-18 00:00:00+00:00,38.2621308911,38.8373521434,38.0042730883,38.8373521434,2746683,,,,,,,,,,,,,38.43447945968747,39.97657065315722,40.168402325533776,39.92563423288686,38.21045796756072,36.86085891722747,36.1107663670162,35.56670254210266,35.33726919070934,35.11580031995583,34.48706267988323,,,38.43447945968747,38.21045796756072,,37.29036405961098,"rgba(38, 166, 154, 1.0)",1.1178991581030235,36.905640290383104,1.2134284124685637,36.56951930247617,-8.55543950383224,False,True,False,True,False,0.0,0.0,0.0,0.0,0.0,0,0.949194456046715,0.9226339601341572,False,False,False,False,-0.3092171825966265,-0.28663224545880817,False,False,False,False,-32327960,-31615006.123020656,True,False,False,False,3002519.306297872,True,False,False,False
2024-04-19 00:00:00+00:00,38.6687528109,38.7381760654,38.1877488326,38.3216365379,2106077,,,,,,,,,,,,,38.44985176137691,39.93717670979257,40.14598393036933,39.91137251498862,38.21265817434355,36.870246944125704,36.12203791365578,35.578111559111164,35.34888413762217,35.1276717593838,34.49917470156617,,,38.44985176137691,38.21265817434355,,37.291197282394165,"rgba(0, 255, 255, 0.75)",1.1143139600588408,36.907171954414316,1.5808658238407665,37.653212253791075,-8.55543950383224,False,True,False,True,False,0.0,0.0,0.0,0.0,0.0,0,0.9417816504638504,0.931740069253775,False,False,False,False,-0.3018893026164746,-0.2942607740376414,False,False,False,False,-30221883,-31560373.843686514,False,False,False,False,2967364.706050897,False,False,False,False
2024-04-22 00:00:00+00:00,39.2836444944,39.4324086114,38.5695767329,38.8869401824,1507237,,,,,,,,,,,,,38.51554144008005,39.92106399275628,40.13578445217357,39.90544050838239,38.216964873161565,36.87915869160593,36.13191226245255,35.58777077715858,35.358607736811656,35.13751562597542,34.509003785517734,,,38.51554144008005,38.216964873161565,,37.29988764964325,"rgba(0, 255, 0, 1.0)",1.0878484879022607,36.9141594189398,2.1781388693469297,40.69527208958453,-8.55543950383224,False,True,False,True,True,1.511696523125142,0.0,0.0,0.0,0.0,0,0.9376424587502218,0.9311693319224362,False,False,False,False,-0.21078685940401265,-0.252523816720827,False,False,False,False,-28714646,-31448776.673345868,False,False,False,False,2910104.7960096854,False,False,False,False
2024-04-23 00:00:00+00:00,40.0373826872,40.1663115886,39.154715593,39.4224910036,2126065,,,,,,,,,,,,,38.67506773969878,39.917517484867766,40.1310617724439,39.90422978564635,38.22769217810602,36.89549034000904,36.14895144786007,35.60397221450127,35.37475841595109,35.15372799412322,34.52487516114562,,,38.67506773969878,38.22769217810602,,37.32339495766848,"rgba(0, 255, 0, 1.0)",1.0660642172857993,36.93256518347315,2.912411328870711,45.116251007374814,-9.83409472733971,False,True,False,True,True,3.837713346602907,0.0,0.0,0.0,0.0,0,0.9412901678481179,0.9190095115269933,False,False,False,False,-0.10350037756556633,-0.17801209714319668,False,False,False,False,-26588581,-31258180.764587205,False,False,False,False,2879358.1373426393,False,False,False,False
2024-04-24 00:00:00+00:00,40.196064412,40.2803640783,39.5315846894,39.948124217,2413801,,,,,,,,,,,,,38.84070013181098,39.91998499047449,40.12912264276552,39.90535107339006,38.24136255544997,36.915183636024345,36.169245351599486,35.62315995436912,35.39384571865164,35.17285196644415,34.54351606187529,,,38.84070013181098,38.24136255544997,,37.350393098441366,"rgba(0, 255, 0, 1.0)",1.0433689277797031,36.954393463092224,3.1069268622040283,48.528454193941684,-6.735968993621057,False,True,False,False,True,4.318311239102588,0.0,0.0,0.0,0.0,0,0.9347616506475478,0.9318030386715541,False,False,False,False,-0.06429553490013143,-0.12115381602166406,False,False,False,False,-24174780,-30980400.34244653,False,False,False,False,2861100.9947017515,False,False,False,False
2024-04-25 00:00:00+00:00,39.898536178,40.0274650794,38.9464458292,39.601007944,2396764,,,,,,,,,,,,,38.92705593615736,39.91171108319267,40.12166157319267,39.90220623871837,38.251856956972446,36.93212524284214,36.18721668396087,35.64041490608452,35.411099321673156,35.190215734930405,34.56062557624891,,,38.92705593615736,38.251856956972446,,37.36692629581577,"rgba(0, 255, 0, 1.0)",1.0286870272652102,36.968946392236795,2.847892223888146,49.71831178430865,-5.717141567274744,False,False,False,False,True,3.3064874013312426,0.0,0.0,0.0,0.0,0,0.9426370801594868,0.9181939241234053,False,False,False,False,-0.13140648585231857,-0.1262801509369913,False,False,False,False,-26571544,-30807504.01529176,False,False,False,False,2842891.7007918786,False,False,False,False
2024-04-26 00:00:00+00:00,40.6225215474,40.642356763,39.898536178,40.0373826872,3230696,,,,,,,,,,,,,39.11601473493024,39.929007317489464,40.126858591716136,39.90941780431531,38.27348632280899,36.96101272697221,36.21646432179507,35.66785305226675,35.43831003875428,35.21740219073658,34.58695747156438,,,39.11601473493024,38.27348632280899,,37.40388950666813,"rgba(0, 255, 0, 1.0)",1.019221276181391,37.000271252792615,3.553939050584272,52.682924182769284,-2.967366333933967,False,False,True,False,True,5.507609965978958,0.0,0.0,0.0,0.0,0,0.9605272441565972,0.9154130465035482,False,False,False,False,-0.006409007711883296,-0.0663445793244373,False,False,False,False,-23340848,-30514693.9754764,False,False,False,False,2858099.7125255307,False,False,False,False
2024-04-29 00:00:00+00:00,40.7018624098,40.939884997,40.2853228822,40.7018624098,3285315,,,,,,,,,,,,,39.29345522415249,39.95442214518733,40.13689567321538,39.92032193900634,38.297631259257,36.992043125682855,36.24758136345764,35.69691906899872,35.46708482735955,35.24610495875257,34.614655977923796,,,39.29345522415249,38.297631259257,,37.44246505118124,"rgba(0, 255, 0, 1.0)",1.0179126949388544,37.033664421310974,3.6036469598302574,54.881843811327265,-0.9439299691806298,True,False,True,False,True,5.7453783898139115,0.0,0.0,0.0,0.0,0,0.9634953079128874,0.9244690586994814,False,False,False,False,0.0478871517657833,-0.009228713779326998,False,False,False,False,-20055533,-30104530.799967524,False,False,False,False,2874853.253210804,False,False,False,False
2024-04-30 00:00:00+00:00,39.7894424922,40.5541892296,39.7795248844,40.2654876666,3020329,,,,,,,,,,,,,39.36564020867137,39.957169620909056,40.13521022700185,39.92195092390714,38.313816294594425,37.01548889194412,36.27194338695614,35.72012983427295,35.4902182122539,35.26931529338014,34.63737971833041,,,39.36564020867137,38.313816294594425,,37.46347841929287,"rgba(0, 255, 0, 1.0)",1.00764856608797,37.053579230498656,2.7150966654206505,52.99937811852082,-0.9439299691806298,True,False,True,False,True,2.628568779812703,0.0,0.0,0.0,0.0,0,0.9431516589535146,0.936425821989347,False,False,False,False,-0.022840151250272146,-0.016034432514799572,False,False,False,False,-23075862,-29828896.729380563,False,False,False,False,2880558.184457439,False,False,False,False
2024-05-01 00:00:00+00:00,40.6324391552,41.1134431335,39.452243827,39.7894424922,3632651,,,,,,,,,,,,,39.473198231771995,39.97341766783383,40.14068174110685,39.929574939006834,38.33684561067034,37.046498249918166,36.30357958792729,35.75000770525203,35.51989990623069,35.29900926866146,34.66625517012609,,,39.473198231771995,38.33684561067034,,37.494451643500504,"rgba(0, 255, 0, 1.0)",0.9973529005217365,37.082340205978326,3.559521356346924,54.23049542700282,-0.9439299691806298,True,False,True,False,True,5.169781518411774,0.0,0.0,0.0,0.0,0,0.9405955433579982,0.9206645567710353,False,False,False,False,-0.004443025260953969,-0.010238728887876771,False,False,False,False,-19443211,-29421614.936071523,False,False,False,False,2910052.0203610687,False,False,False,False
2024-05-02 00:00:00+00:00,41.3068364856,41.336589309,40.4424177897,41.0985667218,7418349,,,,,,,,,,,,,39.74577531189173,40.04706745495258,40.17671503420011,39.96428371618365,38.396205823231035,37.119649600427024,36.37639910631085,35.81795159067843,35.5870870469948,35.36594388513047,34.7307070697071,,,39.74577531189173,38.396205823231035,,37.575253239973435,"rgba(0, 255, 0, 1.0)",0.9888847205466926,37.1562742621901,4.197215446018129,56.703917086513826,0.6890158069301222,True,False,True,False,True,7.1156236658207135,0.0,0.0,0.0,0.0,0,0.9672763389612685,0.9115155113077495,False,False,False,False,0.09202031567380144,0.04089079339296233,False,False,False,False,-12024862,-28739389.33073538,False,False,False,False,3086847.9803469093,False,False,False,False
2024-05-03 00:00:00+00:00,42.2787620499,42.5663726761,41.8225520911,42.1002451095,3873439,,,,,,,,,,,,,39.95340819564185,40.12356361351299,40.219165292408896,40.00091818689997,38.439763070175765,37.168130449125265,36.42306745162941,35.86070829479898,35.62907651933572,35.407514309068844,34.77012603816371,,,39.95340819564185,38.439763070175765,,37.63594922006922,"rgba(0, 255, 0, 1.0)",0.9884033595533193,37.21057934852738,5.127646170347945,60.31650918420964,4.130476660679356,True,False,True,False,True,9.78791248850996,0.0,0.0,0.0,0.0,0,0.9826531868472563,0.9183953250965853,False,False,False,False,0.30809436131710843,0.17449257735503537,False,False,False,False,-8151423,-27932018.102079093,False,False,False,False,3117694.686999972,False,False,False,False
2024-05-06 00:00:00+00:00,43.3201108689,43.3597813001,42.3680205201,42.4969494215,1910305,,,,,,,,,,,,,40.07499997263336,40.17286739558082,40.24749576067359,40.024848729916116,38.46531097970007,37.195402854254624,36.4489214518411,35.88418923677069,35.65205826445669,35.430196259770206,34.791467862293025,,,40.07499997263336,38.46531097970007,,37.67161443344457,"rgba(0, 255, 0, 1.0)",1.0275003927091062,37.24226473418487,5.915176459144983,64.3834284401655,7.9114790737740535,True,False,True,False,True,12.478695882345782,0.0,0.0,0.0,0.0,0,0.978056678775384,0.9070456923782602,False,False,False,False,0.34282823843228555,0.25866040789366046,False,False,False,False,-6241118,-27081394.56866423,False,False,False,False,3070346.0718235024,False,False,False,False
2024-05-07 00:00:00+00:00,43.3696989079,43.6275567107,43.2804404377,43.4391221625,3319306,,,,,,,,,,,,,40.29124836902609,40.26644613793791,40.30247104691085,40.07111523713955,38.51296886513785,37.24548581461466,36.49614011804039,35.926948967161756,35.69385668752736,35.47140043302013,34.830124666286686,,,40.29124836902609,38.51296886513785,,37.73710966752756,"rgba(0, 255, 0, 1.0)",1.0817204828974316,37.300581731327135,5.610615008709545,67.16767991728544,10.444932602657957,True,False,True,False,True,12.603797643467928,0.0,0.0,0.0,0.0,0,1.0037616254633466,0.9018127120526567,False,False,False,False,0.3428282402376865,0.3007443240656735,False,False,False,False,-2921812,-26133959.95812838,False,False,False,False,3080109.2062617964,False,False,False,False
2024-05-08 00:00:00+00:00,43.6275567107,43.7267327887,42.5961254995,43.0225826349,5638573,,,,,,,,,,,,,40.59015956272784,40.40856169351139,40.38851003321866,40.1444248364457,38.59010914511189,37.32727242875597,36.573663127356475,35.99744427786543,35.762852139333965,35.53948310201946,34.8941809242829,,,40.59015956272784,38.59010914511189,,37.83787829732998,"rgba(0, 255, 0, 1.0)",1.1440400250299259,37.391854745928626,5.450597731148663,69.41987804051061,12.522025288078986,True,False,True,False,True,13.25931486781818,0.0,0.0,0.0,0.0,0,0.9955486745863392,0.8946632855531523,False,False,False,False,0.3018858590620283,0.3013150915638509,False,False,False,False,2716761,-25002559.136240996,False,False,False,False,3180441.1197417257,False,False,False,False
2024-05-09 00:00:00+00:00,43.8854145135,43.8854145135,42.9333241647,43.3994517313,3293998,,,,,,,,,,,,,40.752651230788665,40.49227594249966,40.440658369882144,40.189011121598995,38.63637300540984,37.37600145297502,36.619798457604944,36.03940041729916,35.80390517709647,35.57997958384104,34.9322594389126,,,40.752651230788665,38.63637300540984,,37.896574017991675,"rgba(0, 255, 0, 1.0)",1.2107656481345381,37.44543474509646,5.318931684530201,71.31893445380274,14.332833022689215,True,False,True,False,True,13.914162716527223,0.0,0.0,0.0,0.0,0,0.9984483180155864,0.8889803561983769,False,False,False,False,0.3365139383635659,0.3189145149637084,False,False,False,False,6010759,-23786350.581878603,False,False,False,False,3184894.3307322464,False,False,False,False
2024-05-10 00:00:00+00:00,43.8655792979,44.1333547085,43.4986278093,43.9151673369,4213500,,,,,,,,,,,,,40.95359404496991,40.601773667324906,40.510355816020436,40.24871182401303,38.69741949691738,37.4398499872434,36.68014520749773,36.09425690815637,35.857560094548816,35.632884188054305,34.98195957199173,,,40.95359404496991,38.69741949691738,,37.97259189152164,"rgba(0, 255, 0, 1.0)",1.2708819295380143,37.51512606130253,4.99688687752918,72.4884314004796,15.537646458922623,True,False,True,False,True,13.840200645514571,0.0,0.0,0.0,0.0,0,1.008294599828777,0.8883666117429074,False,False,False,False,0.34282824115643706,0.3308713780600727,False,False,False,False,1797259,-22783071.77474611,False,False,False,False,3225231.807958433,False,False,False,False
2024-05-13 00:00:00+00:00,43.6374743185,44.1036018851,43.4093693391,44.1036018851,3427943,,,,,,,,,,,,,41.09287285924614,40.68269267025309,40.563078162374204,40.294335576128724,38.744940976662676,37.48994710572144,36.72771883891227,36.13766073270271,35.90005980682509,35.674827217014574,35.0214627996082,,,41.09287285924614,38.744940976662676,,38.02996334049537,"rgba(0, 255, 0, 1.0)",1.3213734536829689,37.56831431533422,4.593069420495504,72.10814032737088,15.537646458922623,True,False,True,False,True,12.981383567375403,0.0,0.0,0.0,0.0,0,0.9964860818289725,0.9083008142324834,False,False,False,False,0.33495873975657614,0.3329150589083244,False,False,False,False,-1630684,-21953566.371814888,False,False,False,False,3233181.2664698674,False,False,False,False
2024-05-14 00:00:00+00:00,44.2821188255,44.3168304528,43.6870623575,43.7366503965,2343526,,,,,,,,,,,,,41.19288899768864,40.74224090552245,40.602342931494086,40.32821568382669,38.779348920648054,37.525792592052696,36.761615718310196,36.16851834829937,35.93024554869693,35.704590032545056,35.04943103807919,,,41.19288899768864,38.779348920648054,,38.071384610651215,"rgba(0, 255, 0, 1.0)",1.389287812415168,37.60664925430673,4.804957987494677,73.06097550947283,16.53371795672581,True,False,True,False,True,14.6634044677198,0.0,0.0,0.0,0.0,0,1.0068255034322036,0.8917796533892401,False,False,False,False,0.34282824158359426,0.33787165024595933,False,False,False,False,712842,-21064687.612135876,False,False,False,False,3198292.8246475197,False,False,False,False
2024-05-15 00:00:00+00:00,44.4804709814,44.7383287842,44.207736767,44.6292350984,2099915,,,,,,,,,,,,,41.288030894549536,40.79971359051396,40.64054127365717,40.361077295451466,38.811984531144944,37.55942272212606,36.79328597812483,36.19728209913707,35.95835580179132,35.73228108828456,35.07539300838962,,,41.288030894549536,38.811984531144944,,38.11066984392459,"rgba(0, 255, 0, 1.0)",1.459755704859919,38.127633786699064,4.35198655059243,74.03830752608133,17.77592919015956,True,False,True,False,True,15.172850505352041,0.0,0.0,0.0,0.0,0,1.0195184595398115,0.8778470395592001,False,False,False,False,0.3428282425518395,0.34034994639889943,False,False,False,False,2812757,-20128317.23518937,False,False,False,False,3155219.1844652644,False,False,False,False
2024-05-16 00:00:00+00:00,44.2722012177,44.5399766282,44.1333547085,44.3515420801,1723962,,,,,,,,,,,,,41.358386289927886,40.84358949604351,40.670054467241,40.38663262392783,38.8377484574228,37.58615519945769,36.81855389857318,36.22029324511602,35.980863700908316,35.754469688532964,35.0962385597903,,,41.358386289927886,38.8377484574228,,38.14118051154014,"rgba(0, 255, 0, 1.0)",1.5183481510344665,38.15147529811084,4.031174217467218,73.54459400499954,17.77592919015956,True,False,True,False,True,14.364415279792848,0.0,0.0,0.0,0.0,0,1.0121401707709172,0.9030595673480399,False,False,False,False,0.326734778989812,0.3335423626943557,False,False,False,False,1088795,-19296273.61812312,False,False,False,False,3099091.4517411366,False,False,False,False
2024-05-17 00:00:00+00:00,44.1234371007,44.4011301191,43.8358264745,44.4011301191,2468625,,,,,,,,,,,,,41.44733848487829,40.90111937458856,40.70928207280359,40.42086810634857,38.87292497755903,37.62296949049468,36.853508349948534,36.252229292791476,36.01213420179939,35.78532422428553,35.1252969896045,,,41.44733848487829,38.87292497755903,,38.18209050591838,"rgba(0, 255, 0, 1.0)",1.5595047899929073,38.18297326851305,3.80919883690384,72.38575632434191,17.77592919015956,True,False,True,False,True,13.784250644477147,0.0,0.0,0.0,0.0,0,0.9999029302584533,0.9116032187993067,False,False,False,False,0.3013175210293732,0.31742994186186446,False,False,False,False,-1379830,-18593667.986039862,False,False,False,False,3074367.277163053,False,False,False,False
2024-05-20 00:00:00+00:00,44.4408005503,44.5598118438,44.0842625499,44.2325307865,1966364,,,,,,,,,,,,,41.5202359772385,40.94884968287302,40.74206349504773,40.449443240102894,38.901885322640815,37.653077096222816,36.88202987092745,36.278258685412915,36.037607857285636,35.810446183450246,35.14892753919266,,,41.5202359772385,38.901885322640815,,38.215711359126786,"rgba(0, 255, 0, 1.0)",1.5991639681966183,38.21422771894388,3.8936425252113698,72.3565565209059,17.77592919015956,True,False,True,False,True,14.637326682314665,0.0,0.0,0.0,0.0,0,1.0168666857694357,0.912032252375323,False,False,False,False,0.3250181892746174,0.3212240655682409,False,False,False,False,586534,-17841503.202273596,False,False,False,False,3030916.168254698,False,False,False,False
2024-05-21 00:00:00+00:00,44.2126955709,44.6242762945,43.9647553759,44.3317068645,2176943,,,,,,,,,,,,,41.59425782851861,40.99875928107002,40.776747275381084,40.47984735614179,38.9330445373412,37.685632139103525,36.912958821703626,36.30654717006709,36.06531109655391,35.83778227418447,35.17468148862252,,,41.59425782851861,38.9330445373412,,38.25141538806253,"rgba(0, 255, 0, 1.0)",1.6272299587542902,38.24625203189264,3.6666259165821384,70.9964739357219,17.77592919015956,True,False,True,False,False,13.730448338800809,0.0,0.0,0.0,0.0,0,1.0169484560826838,0.9014974721098274,False,False,False,False,0.3217936735206864,0.32150886954446367,False,False,False,False,-1590409,-17204205.390419733,False,False,False,False,2997427.0244015725,False,False,False,False
2024-05-22 00:00:00+00:00,43.9845905915,44.3118716489,43.7564856121,43.7564856121,1990698,,,,,,,,,,,,,41.6525366048207,41.03971641104843,40.805646058634586,40.5054249607923,38.95990435853927,37.71400435725737,36.94006358679208,36.3314351100865,36.08971550800971,35.86188983501685,35.197462100117654,,,41.6525366048207,38.95990435853927,,38.28161808101049,"rgba(0, 255, 0, 1.0)",1.6330232604369848,38.271644787576584,3.4983860562982283,68.77741288736186,17.77592919015956,True,False,True,False,False,12.823784680807812,0.0,0.0,0.0,0.0,0,1.0018525876155475,0.9117849519914061,False,False,False,False,0.2915991733663184,0.306554021455391,False,False,False,False,-3581107,-16669966.237854254,False,False,False,False,2957947.4548171973,False,False,False,False
2024-05-23 00:00:00+00:00,43.8358264745,44.4804709814,43.4787925937,44.2622836099,1765061,,,,,,,,,,,,,41.70011974029617,41.074091105846904,40.83016738091688,40.52724861185486,38.98308277857243,37.73860875806877,36.963633982585755,36.35312285128031,36.11099560109821,35.882922345724815,35.21736680162655,,,41.70011974029617,38.98308277857243,,38.30739635980652,"rgba(0, 255, 0, 1.0)",1.6526672459908653,38.293333508422535,3.353665403318644,66.44610731374692,21.273383559757974,True,False,True,False,False,12.230613820448905,0.0,0.0,0.0,0.0,0,0.9921161464238674,0.9134839342647014,False,False,False,False,0.2853393626871857,0.2959466920712883,False,False,False,False,-5346168,-16225895.718722716,False,False,False,False,2911167.5938439737,False,False,False,False
2024-05-24 00:00:00+00:00,44.4110477269,44.5127032068,43.9052497291,43.9945081993,1302115,,,,,,,,,,,,,41.73919590043046,41.101926397571106,40.849994873238586,40.544782756626525,39.001225058699596,37.757638541708126,36.98177563515386,36.36976706688198,36.127308944568064,35.89902961333118,35.23257121194384,,,41.73919590043046,39.001225058699596,,38.32774690910485,"rgba(0, 255, 0, 1.0)",1.6851948231832738,38.31221379423333,3.619067569378233,66.73314123918689,21.273383559757974,True,False,True,False,False,13.859925905927494,0.0,0.0,0.0,0.0,0,1.0337468064530213,0.8973990300444521,False,False,False,False,0.31181236873640533,0.30387953040384685,False,False,False,False,-4044053,-15748176.396419864,False,False,False,False,2848067.492124602,False,False,False,False
2024-05-28 00:00:00+00:00,43.1911819675,44.5796470594,43.0820882817,44.5796470594,1629312,,,,,,,,,,,,,41.774183770829524,41.12899459560459,40.869777381857695,40.56266089681325,39.020938865499595,37.778904300305776,37.002311141121695,36.3887685495418,36.14598737375584,35.91751956411593,35.250144025258656,,,41.774183770829524,39.020938865499595,,38.34910822406403,"rgba(0, 255, 0, 1.0)",1.697838198860393,38.32919424358173,2.863634312846587,61.26727293870139,16.18048500766227,True,False,True,False,False,9.134081721957621,0.0,0.0,0.0,0.0,0,1.0132670709035918,0.8796982265236155,False,False,False,False,0.2683757036746319,0.2861276170392394,False,False,False,False,-5673365,-15353085.753423007,False,False,False,False,2800273.159100108,False,False,False,False
2024-05-29 00:00:00+00:00,41.6539527585,42.6457135385,41.6043647195,42.6258783229,1670962,,,,,,,,,,,,,41.77781687086343,41.138151837089175,40.87776938983139,40.57099661589454,39.03378939056925,37.79443723671131,37.01802108160407,36.40372912712149,36.160838738566,35.93234761156036,35.264551768457316,,,41.77781687086343,39.03378939056925,,38.361131788024394,"rgba(0, 255, 255, 0.75)",1.696581864366968,38.33142925907149,1.9583632061681933,53.27772030229143,8.878037214109796,False,False,False,False,False,3.748689974977843,0.0,0.0,0.0,0.0,0,0.9852862089973324,0.910850942697648,False,False,False,False,0.0819622268515736,0.1840449219454065,False,False,False,False,-7344327,-15039016.782700537,False,False,False,False,2755986.446978535,False,False,False,False
2024-05-30 00:00:00+00:00,42.3085148733,42.5944395062,41.7035407975,41.8423873067,2361430,,,,,,,,,,,,,41.78876753413331,41.15431411494938,40.891251073590475,40.58455602645241,39.05319410971723,37.81741383183311,37.04109611270645,36.42561933549403,36.18253927394919,35.953987510516015,35.28551551382719,,,41.78876753413331,39.05319410971723,,38.37984131246989,"rgba(0, 255, 0, 1.0)",1.6999232170276746,38.339962855331905,2.3345478067574894,50.212528635265464,6.389869968214292,False,True,False,False,False,5.676706235526911,0.0,0.0,0.0,0.0,0,0.9819137566329743,0.9178930610840346,False,False,False,False,0.0845118210283575,0.134278371486882,False,False,False,False,-4982897,-14644659.14416326,False,False,False,False,2740513.64513624,False,False,False,False
2024-05-31 00:00:00+00:00,43.1316763207,43.1515115363,42.273803246,42.5167846371,3208649,,,,,,,,,,,,,41.82479726591951,41.188651884298,40.918005942939736,40.60988462028067,39.084548873679786,37.852825390479794,37.07603121768161,36.45841775107967,36.21493464808914,35.98618783751822,35.316456882585705,,,41.82479726591951,39.084548873679786,,38.41188566495926,"rgba(0, 255, 0, 1.0)",1.688699993311277,38.36450723898329,2.822981643038344,50.59548393912053,6.389869968214292,False,True,False,False,False,8.003086553901962,0.0,0.0,0.0,0.0,0,0.9858306709966068,0.926125277679815,False,False,False,False,0.14490569303050851,0.13959203225869526,False,False,False,False,-1774248,-14139937.138509799,False,False,False,False,2758871.8943465836,False,False,False,False
2024-06-03 00:00:00+00:00,43.3300284767,43.3796165157,42.769683636,43.3399460845,2900429,,,,,,,,,,,,,41.86446275208654,41.22403671920212,40.94531556401184,40.635371127133986,39.11472632616375,37.88635168294332,37.10891267488078,36.4891906265524,36.24529246628767,36.01632923327247,35.34534132697047,,,41.86446275208654,39.11472632616375,,38.443211863591394,"rgba(0, 255, 0, 1.0)",1.6887793865886385,38.391561873316526,2.9242816691168034,51.391551744489746,6.389869968214292,False,True,False,False,False,8.551380331409316,0.0,0.0,0.0,0.0,0,0.9745482421021421,0.9427705088008511,False,False,False,False,0.18422458408241074,0.16190830817055302,False,False,False,False,1126181,-13541265.838960394,False,False,False,False,2764423.1533918157,False,False,False,False
2024-06-04 00:00:00+00:00,42.2490092265,43.2953168494,42.0698972297,42.9729945959,1470757,,,,,,,,,,,,,41.87446118870131,41.23589042650355,40.9550942104623,40.644966078047325,39.12753289425528,37.90120570119243,37.12375161511539,36.50324297987608,36.25921018300739,36.030195038258995,35.358748169140185,,,41.87446118870131,39.12753289425528,,38.45584531677821,"rgba(0, 255, 0, 1.0)",1.6863252741060004,38.40112065964386,2.281818713116357,48.97924885789568,5.554415253939709,False,True,False,False,False,4.914295555065898,0.0,0.0,0.0,0.0,0,0.971165415558334,0.9280785324266453,False,False,False,False,0.14166321463590853,0.15178576140323077,False,False,False,False,-344576,-13023748.590373712,False,False,False,False,2713691.1473764502,False,False,False,False
2024-06-05 00:00:00+00:00,42.7548072243,42.8242304789,42.2490092265,42.6655487541,1594293,,,,,,,,,,,,,41.88609812496481,41.24919077462911,40.966030691756934,40.65564573973499,39.141595220379976,37.91744646035331,37.13995614501291,36.51858113338149,36.2743980148685,36.04532294263111,35.3733684983773,,,41.88609812496481,39.141595220379976,,38.46978488600823,"rgba(0, 255, 0, 1.0)",1.6860305016812294,38.41217161367615,2.575656612554507,48.84145552476445,5.292701703453055,False,True,False,False,False,6.34126023955767,0.0,0.0,0.0,0.0,0,0.9822103409288602,0.9323704681241887,False,False,False,False,0.1259517319966343,0.13886874669993254,False,False,False,False,1249717,-12464004.841731606,False,False,False,False,2669793.180812668,False,False,False,False
2024-06-06 00:00:00+00:00,41.9613986003,42.7944776555,41.8374285028,42.7151367931,2543383,,,,,,,,,,,,,41.89377742662243,41.26362208976093,40.978885944460906,40.66890573621075,39.161160392614676,37.94087220073319,37.16367954862056,36.541248531447266,36.296912973395706,36.06780882567108,35.39525097313304,,,41.89377742662243,39.161160392614676,,38.488374967515504,"rgba(0, 255, 0, 1.0)",1.6795460062263132,38.42557684403834,2.105224711412413,46.80780022038683,3.1632606852020757,False,True,False,True,False,3.774054262536893,0.0,0.0,0.0,0.0,0,0.9830383016233236,0.9273542540321063,False,False,False,False,0.10231742753683948,0.12059308711838601,False,False,False,False,-1293666,-12025952.338134289,False,False,False,False,2664835.918820014,False,False,False,False
2024-06-07 00:00:00+00:00,41.1779075842,41.5250238572,41.0093082516,41.485353426,1906101,,,,,,,,,,,,,41.88187708960118,41.26332663451594,40.98089235267178,40.67254576849523,39.17107422234648,37.9543379922498,37.177949323947175,36.55525394131149,36.31094666592568,36.08192983445098,35.40925643224218,,,41.88187708960118,39.17107422234648,,38.49630820525072,"rgba(0, 255, 255, 0.75)",1.665629642875404,38.42832859687463,1.6507745278708703,43.80974008842779,0.1719804722493592,False,True,False,True,False,1.3460609744238283,0.0,0.0,0.0,0.0,0,0.9704038701402424,0.9394418338429731,False,False,False,False,-0.008912075870289764,0.055840505624048124,False,False,False,False,-3199767,-11679827.422913337,False,False,False,False,2635081.6082780533,False,False,False,False
2024-06-10 00:00:00+00:00,41.2969188778,41.386177348,40.7136643631,40.8307913112,9555819,,,,,,,,,,,,,41.81941781135198,41.25631525590554,40.98656090903752,40.6868429865114,39.21692291668096,38.01811056715792,37.24619202025314,36.622677278364186,36.37864015406482,36.150154710540534,35.477220735458985,,,41.81941781135198,39.21692291668096,,38.532641395029735,"rgba(0, 255, 255, 0.75)",1.663492686965933,38.44540150138431,1.7141748796122538,42.202745494806315,-1.4731185276998673,False,True,False,True,False,1.696262859373249,0.0,0.0,0.0,0.0,0,0.9559711966093732,0.951563839521078,False,False,False,False,-0.03188896700844949,0.011975769307799318,False,False,False,False,6356052,-10972538.033779481,False,False,False,False,2906483.0746200904,False,False,False,False
2024-06-11 00:00:00+00:00,40.7812032722,41.1580723686,40.5035102538,41.1580723686,2632184,,,,,,,,,,,,,41.79686604177711,41.24989636013114,40.98480164210412,40.687925286090014,39.22714330501896,38.03348172565348,37.26307340870538,36.63961664949415,36.39572883592203,36.16744599851326,35.49462228370445,,,41.79686604177711,39.22714330501896,,38.54005468519219,"rgba(38, 166, 154, 1.0)",1.6637548025332456,38.448547723641056,1.4020428641331208,40.057502345736,-3.641723251450088,False,True,False,True,False,0.1169916793095851,0.0,0.0,0.0,0.0,0,0.9540350822060912,0.9511186688559822,False,False,False,False,-0.05509938174507183,-0.021561806218636258,False,False,False,False,3723868,-10396208.385395974,False,False,False,False,2895726.2481644005,False,False,False,False
2024-06-12 00:00:00+00:00,41.5646942884,42.2093387953,41.3266717012,42.0407394627,1863461,,,,,,,,,,,,,41.79535518156853,41.25447869876228,40.98993609634026,40.69397628476288,39.2382952791913,38.04769665666636,37.27788602831864,36.65405394758587,36.41015730197965,36.18192933515113,35.508913682354056,,,41.79535518156853,39.2382952791913,,38.550243499334634,"rgba(0, 255, 255, 0.75)",1.6589297673783772,38.45706398702265,1.8732741810332132,41.22526855381953,-3.641723251450088,False,True,False,True,False,2.433409501513136,0.0,0.0,0.0,0.0,0,0.9810414229014123,0.9081067399611553,False,False,False,False,0.044063437908908674,0.011250815845136208,False,False,False,False,5587329,-9769402.997733388,False,False,False,False,2855245.258040306,False,False,False,False
2024-06-13 00:00:00+00:00,40.7514504488,41.4072894465,40.5825222221,41.397352492,2527066,,,,,,,,,,,,,41.77705044393323,41.249841069081114,40.989201806005596,40.69574349193679,39.24847870432217,38.062685461910554,37.294271892389716,36.67047045163145,36.4267085960227,36.198667600870415,35.5257410035646,,,41.77705044393323,39.24847870432217,,38.55807822924257,"rgba(38, 166, 154, 1.0)",1.6592636742297378,38.46172157019417,1.3799668576899116,40.23694135007537,-3.7114967850972818,False,True,False,True,False,0.0,0.0,0.0,0.0,0.0,0,0.9597805590244806,0.9267952707488698,False,False,False,False,-0.03771200506830291,-0.013230594611583352,False,False,False,False,3060263,-9266278.84095953,False,False,False,False,2842375.483215196,False,False,False,False
2024-06-14 00:00:00+00:00,40.6918287217,40.7117026307,39.7180071797,40.2546027232,5957951,,,,,,,,,,,,40.373846177366666,41.7115661832467,41.22260422722014,40.97552883317801,40.68975461617143,39.26437718573535,38.090834951514644,37.32664930170165,36.70381704767857,36.460615508823736,36.23320027776613,35.56106812819478,,40.373846177366666,41.7115661832467,39.26437718573535,,38.71782186988315,"rgba(38, 166, 154, 1.0)",1.6578165869267012,38.717856231579134,1.1907062009677805,39.45412421357893,-4.7050125187704595,False,True,False,True,False,0.0,1.0,40.711704,39.718006,0.0,0,0.9444416089038004,0.9489516469470707,False,False,False,False,-0.12074144570918263,-0.06698602016038299,False,False,False,False,-2897688,-9016530.180529745,False,False,False,False,2964554.915245973,False,False,False,False
2024-06-17 00:00:00+00:00,40.8011352213,40.8508199939,40.2148549052,40.6421439492,2156066,,,,,,,,,,,,40.43985765406185,41.6934755424328,41.21592457138052,40.97271099047337,40.68930329739979,39.271283991980155,38.10194362732321,37.33914051291828,36.71654388950142,36.47351252252621,36.246297972220226,35.57437914834483,,40.43985765406185,41.6934755424328,39.271283991980155,,38.727864476713556,"rgba(38, 166, 154, 1.0)",1.6580779133493488,38.72344597114869,1.2530709404085465,39.33018284863036,-5.127190108780795,False,True,False,True,False,0.13097980206960003,0.0,0.0,0.0,0.0,0,0.9608027185963333,0.926976010494694,False,False,False,False,-0.08675925000084808,-0.07687263508061554,False,False,False,False,-741622,-8692023.977371717,False,False,False,False,2932849.4675892685,False,False,False,False
2024-06-18 00:00:00+00:00,41.0893069021,41.1191177657,40.6371754719,40.8408830394,3729648,,,,,,,,,,,,40.600042985504516,41.67267208397873,41.210875234010004,40.97238191817409,40.69226795595391,39.28591285929823,38.12338940878752,37.36265140513631,36.740188010542774,36.49737425926587,36.27044682027577,35.59871812179582,,40.600042985504516,41.67267208397873,39.28591285929823,,38.75224342189363,"rgba(38, 166, 154, 1.0)",1.658163825355382,38.739769855188364,1.4169510943275319,40.319634195356265,-5.127190108780795,False,True,False,True,False,1.0087425062208872,0.0,0.0,0.0,0.0,0,0.9586967777578134,0.9245231713732339,False,False,False,False,-0.050079293179535384,-0.06347596413007546,False,False,False,False,2988026,-8233982.801788513,False,False,False,False,2964096.4688602774,False,False,False,False
2024-06-20 00:00:00+00:00,40.5527113586,40.7514504488,39.9664310424,40.1154853601,2584809,,,,,,,,,,,,40.568421491911174,41.64895506941223,41.2007041851669,40.96725312009951,40.690154716284574,39.29274808546467,38.13533672863846,37.37640719898938,36.75439503097677,36.51182976430528,36.285176062165306,35.61381448090778,,40.568421491911174,41.64895506941223,39.29274808546467,,38.75376632786017,"rgba(38, 166, 154, 1.0)",1.6603052799499298,38.73993072062099,1.0918357363976332,39.60332119756781,-5.412680994032655,False,True,False,True,False,0.0,0.0,0.0,0.0,0.0,0,0.9380198299177579,0.9331490987798851,False,False,False,False,-0.10531352896948828,-0.08439474654978188,False,False,False,False,403217,-7895269.084071316,False,False,False,False,2949222.4504736,False,False,False,False
2024-06-21 00:00:00+00:00,40.3142244503,40.4930896315,39.7875658612,40.4930896315,13297652,,,,,,,,,,,,40.39090532175367,41.51986692052321,41.13823734189052,40.93198198122249,40.67103033472924,39.319899482658705,38.18902752252446,37.44017462356033,36.82140267545476,36.58035852566832,36.355293578812706,35.68644065443487,,40.39090532175367,41.51986692052321,39.319899482658705,,38.75371824693611,"rgba(38, 166, 154, 0.5)",1.6639739822579913,38.73517341226734,0.9489637788025432,38.546382986928094,-6.71443898815987,False,True,False,True,False,0.0,0.0,0.0,0.0,0.0,0,0.9799699483528799,0.9351489510137392,False,False,False,False,-0.12874344488796075,-0.10656909571887131,False,False,False,False,-12894435,-8091314.806264598,False,False,False,False,3355043.2171216942,False,False,False,False
2024-06-24 00:00:00+00:00,41.1489286292,41.2880459924,40.3937200864,40.4235309499,15816744,,,,,,,,,,,,40.5916563312863,41.464707590524,41.12480360442423,40.93258122789424,40.68307719869933,39.37581109579812,38.2717379353133,37.53187498936656,36.91464325814259,36.674745665314916,36.451042963962855,35.78366754041524,,40.5916563312863,41.464707590524,39.37581109579812,,38.81669578342847,"rgba(38, 166, 154, 1.0)",1.6640620261863805,38.78822644163415,1.4186383382451169,41.002476263405185,-6.71443898815987,False,True,False,True,True,1.203962202901355,0.0,0.0,0.0,0.0,0,0.99119334658174,0.9044315671150526,False,False,False,False,-0.05402934369485884,-0.08029921970686507,False,False,False,False,2922309,-7659407.990332653,False,False,False,False,3843737.365469863,False,False,False,False
2024-06-25 00:00:00+00:00,41.0793699476,41.3377307649,40.3340983593,41.3377307649,5316469,,,,,,,,,,,,40.62706475781892,41.447638153302286,41.12009432506371,40.93231603949963,40.68650289684843,39.39344661591574,38.29817029774727,37.56139848098783,36.94484414080435,36.70537025629494,36.48215141573777,35.81538204391057,,40.62706475781892,41.447638153302286,39.39344661591574,,38.834531618660954,"rgba(38, 166, 154, 1.0)",1.6640279859546334,38.80415829710849,1.3672916980336987,42.433421508449854,-6.71443898815987,False,True,False,True,True,0.9857672521483742,0.0,0.0,0.0,0.0,0,0.9902338090485432,0.9026720303090444,False,False,False,False,-0.05455614170585335,-0.06742768070635921,False,False,False,False,-2394160,-7452927.676986274,False,False,False,False,3901491.5472161435,False,False,False,False
2024-06-26 00:00:00+00:00,40.5924591766,40.8607569484,40.3539722683,40.7315765398,16594033,,,,,,,,,,,,40.6208106567187,41.37269829866102,41.0858842114053,40.91560625640415,40.6828274737579,39.43513456687628,38.36786059419301,37.64198550382771,37.02900418548778,36.7912423280437,36.56982487006369,35.90594516197703,,40.6208106567187,41.37269829866102,39.43513456687628,,38.86823534228469,"rgba(38, 166, 154, 1.0)",1.6667187214188979,38.835169887466854,1.0543406434153124,41.96672080379487,-6.71443898815987,False,True,False,True,True,0.0,0.0,0.0,0.0,0.0,0,0.9944756200231896,0.9141001460380139,False,False,False,False,-0.07882635691126516,-0.07312701880881219,False,False,False,False,-18988193,-7905291.0229868125,False,False,False,False,4399238.270854726,False,False,False,False
2024-06-27 00:00:00+00:00,41.2979829469,41.5563437642,40.4881211542,40.6322069946,10662842,,,,,,,,,,,,40.689920661092664,41.35876247459184,41.087035512441105,40.92186416198439,40.69460819650618,39.471531101473595,38.420215243386686,37.70012044504396,37.08852511450796,36.85159679468945,36.63112163430919,35.96849814498765,,40.689920661092664,41.35876247459184,39.471531101473595,,38.90698329041789,"rgba(38, 166, 154, 1.0)",1.6665733382320174,38.87192604775294,1.4557156552862753,44.218961157359345,-10.171344895594558,False,True,False,True,True,1.6368470724586466,0.0,0.0,0.0,0.0,0,1.010082743678054,0.8768205035480889,False,False,False,False,-0.04634600783425201,-0.0597365133215321,False,False,False,False,-8325351,-7921763.96326184,False,False,False,False,4644869.789644738,False,False,False,False
2024-06-28 00:00:00+00:00,41.2781090379,41.8147045814,41.0197482206,41.5563437642,1549328,,,,,,,,,,,,40.70350440722065,41.35885643638598,41.088705398876876,40.92391106270552,40.69728135870922,39.477494707573385,38.428365929405174,37.70902895387575,37.09757189740332,36.860746157404115,36.640392965212314,35.977909591160355,,40.70350440722065,41.35885643638598,39.477494707573385,,38.91364740549439,"rgba(38, 166, 154, 1.0)",1.6662084169798583,38.878298954612234,1.4402820552531022,45.655088087259216,-8.709742489644483,False,True,False,True,True,1.5735003618878949,0.0,0.0,0.0,0.0,1,1.0116553717854508,0.8789698852042597,False,False,False,False,-0.0032384241143660498,-0.03148746871794907,False,False,False,False,-9874679,-7998348.866663337,False,False,False,False,4523475.993972395,False,False,False,False
2024-07-01 00:00:00+00:00,40.6719548127,41.6855241728,40.6421439492,41.4271633555,1019558,,,,,,,,,,,,40.707344604499866,41.35703002630645,41.08836278762631,40.924138274808215,40.698066449492636,39.480633808329856,38.433031941876244,37.71427624500968,37.102989414624204,36.86625325811279,36.645997414963496,35.98366025269445,,40.707344604499866,41.35703002630645,39.480633808329856,,38.916815373195355,"rgba(38, 166, 154, 1.0)",1.668086371786582,38.88134761662606,1.0734499282289178,44.688131150408516,-8.709742489644483,False,True,False,True,True,0.0,0.0,0.0,0.0,0.0,1,1.0103352005337134,0.8805781861027603,False,False,False,False,-0.033414364569864706,-0.03245091664390689,False,False,False,False,-10894237,-8111913.1071863435,False,False,False,False,4386067.445189164,False,False,False,False
2024-07-02 00:00:00+00:00,41.7948306724,41.8942002175,40.5626483131,40.7216395852,1865608,,,,,,,,,,,,40.723785939299866,41.35758526514369,41.090667446741264,40.92682232393701,40.70146456445055,39.48791317338161,38.44290732528714,37.725048800208505,37.113921172091345,36.877306020676,36.657194795842415,35.99502156579076,,40.723785939299866,41.35758526514369,39.48791317338161,,38.924969866070846,"rgba(0, 255, 255, 0.75)",1.6670291166178597,38.88917203219884,1.7430161304538492,47.76672491449243,-6.636148429152101,False,True,False,False,True,3.0634004812815903,0.0,0.0,0.0,0.0,1,1.0042460503042048,0.8757577900679121,False,False,False,False,-0.061419577510832275,-0.04693524707736958,False,False,False,False,-9028629,-8147862.750041781,False,False,False,False,4287225.898319,False,False,False,False
2024-07-03 00:00:00+00:00,42.778589169,42.8282739415,42.0730653987,42.1028762622,1037145,,,,,,,,,,,,40.74712759429528,41.363719395374304,41.09636954010204,40.93174952015259,40.706333764426404,39.4943193344603,38.450467569469424,37.73285569061739,37.12158200084155,36.88496819673066,36.66488602451655,36.00264393253719,,40.74712759429528,41.363719395374304,39.4943193344603,,38.933085213626974,"rgba(0, 255, 0, 1.0)",1.6720834383739505,38.8969283258915,2.3214516417214766,52.25004267041601,-2.4710826284950826,False,False,True,False,True,5.861024829390544,0.0,0.0,0.0,0.0,1,1.023260536600915,0.8726436870513588,False,False,False,False,0.06238344939140671,0.007724101157018565,False,False,False,False,-7991484,-8141730.250040143,False,False,False,False,4159771.7454437455,False,False,False,False
2024-07-05 00:00:00+00:00,42.2718044889,43.0568238953,42.2320566709,42.9375804412,1282813,,,,,,,,,,,,40.7745746610524,41.3709712382309,41.10317147425632,40.937655071675955,40.712192760185545,39.50210379945548,38.45969020747065,37.74239776393787,37.13095864692667,36.89435059456789,36.67430743305075,36.01199035513992,,40.7745746610524,41.3709712382309,39.50210379945548,,38.94286366716253,"rgba(0, 255, 0, 1.0)",1.6721725858181575,38.906289772521106,2.012659904200154,53.55938311774257,-1.360719817966654,False,False,True,False,True,4.241085255307436,0.0,0.0,0.0,0.0,0,1.0137810920655999,0.8834660998068353,False,False,False,False,0.08817963337379951,0.04795186726540904,False,False,False,False,-9274297,-8186144.63239151,False,False,False,False,4046949.8338577165,False,False,False,False
2024-07-08 00:00:00+00:00,42.4506696701,42.6345033286,42.0531914897,42.4606066246,1541486,,,,,,,,,,,,40.80388205640571,41.37851320072396,41.11045602781177,40.944067527165934,40.71863903531496,39.51097130556912,38.47033510497395,37.75347739390751,37.14188985851642,36.90530258304046,36.68531693715857,36.02294387703857,,40.80388205640571,41.37851320072396,39.51097130556912,,38.953816242302246,"rgba(0, 255, 0, 1.0)",1.6742743303312837,38.916799898783665,2.110687422781604,54.88459694623461,-0.1474498636335042,False,False,True,False,True,4.7479531798392856,0.0,0.0,0.0,0.0,0,1.0012965713139683,0.89512567577041,False,False,False,False,0.04820003027473063,0.048075948770069835,False,False,False,False,-7732811,-8168366.84288596,False,False,False,False,3948696.3501770217,False,False,False,False
2024-07-09 00:00:00+00:00,42.7189674419,42.8282739415,42.1525610348,42.3612370795,1124982,,,,,,,,,,,,40.827065284223835,41.38496240476265,41.11649636394595,40.94931695120087,40.72383875840037,39.51782839231591,38.478437542954445,37.761855756523524,37.150122825731856,36.9135401266942,36.693588123711194,36.031148693602745,,40.827065284223835,41.38496240476265,39.51782839231591,,38.96235010200563,"rgba(0, 255, 0, 1.0)",1.6800190223089668,38.924996101303655,2.2582907039838305,56.45613579926183,1.355167694860775,False,False,True,False,True,5.509860268448346,0.0,0.0,0.0,0.0,0,1.020810910135692,0.8873949598362002,False,False,False,False,0.02799595483511968,0.03803595180259476,False,False,False,False,-6607829,-8107169.280419844,False,False,False,False,3837962.454091648,False,False,False,False
2024-07-10 00:00:00+00:00,43.8120324381,43.8517802561,42.7487783054,42.8282739415,1450807,,,,,,,,,,,,40.87115922593057,41.39946300008027,41.12902424814612,40.95979404578998,40.73377085251335,39.52923558195898,38.49114026763827,37.77464317904657,37.16246985988198,36.92582181842498,36.70585765380204,36.043159357915734,,40.87115922593057,41.39946300008027,39.52923558195898,,38.97712825759407,"rgba(0, 255, 0, 1.0)",1.7003495603041057,38.93917218756154,2.865799106430182,59.912724334648146,4.617538733994834,True,False,True,False,True,8.507758268798241,0.0,0.0,0.0,0.0,0,1.0118905947842551,0.8784555301517095,False,False,False,False,0.1525266156111139,0.09528128370685433,False,False,False,False,-5157022,-7991477.230207302,False,False,False,False,3744348.514715505,False,False,False,False
2024-07-11 00:00:00+00:00,44.6765474805,44.7013898668,44.1300149825,44.3088801636,2880032,,,,,,,,,,,,40.987538971957086,41.441704128993976,41.16428769436166,40.98877733250362,40.76062876396234,39.5575631722565,38.52135150007774,37.804426268199116,37.190823463400655,36.953888753193624,36.733777850638226,36.070183571419776,,40.987538971957086,41.441704128993976,39.5575631722565,,39.01457928924702,"rgba(0, 255, 0, 1.0)",1.738922789006876,38.97511418266469,3.278715612837232,63.70624154384574,8.107144736713373,True,False,True,False,True,10.744941137266743,0.0,0.0,0.0,0.0,0,1.0270706862447625,0.8720322867624528,False,False,False,False,0.3330591391725119,0.21417021143968312,False,False,False,False,-2276990,-7767379.6917678,False,False,False,False,3710453.7494325438,False,False,False,False
2024-07-12 00:00:00+00:00,45.7199277042,45.8481144174,44.7162952986,44.7162952986,3535538,,,,,,,,,,,,41.155624905644785,41.507223571502834,41.21830687432741,41.03291713850317,40.801106682839645,39.59832613575359,38.56370081101008,37.84563154077349,37.22970016844005,36.9922502176239,36.771831124311326,36.1067385836597,,41.155624905644785,41.507223571502834,39.59832613575359,,39.06861314619917,"rgba(0, 255, 0, 1.0)",1.8029769878883388,39.02707304262371,3.7121131919797916,67.6865157318015,11.700210426927157,True,False,True,False,True,13.301462071907565,0.0,0.0,0.0,0.0,0,1.053808468273509,0.8414956908687516,False,False,False,False,0.3428282400109735,0.2784992257253283,False,False,False,False,1258548,-7413421.743071023,False,False,False,False,3703594.3082783264,False,False,False,False
2024-07-15 00:00:00+00:00,45.7994233403,45.9931939532,45.4466614551,45.8093602948,1922320,,,,,,,,,,,,41.24820200827067,41.54477089729832,41.24928501445993,41.05826174221675,40.824315708183036,39.621450062766925,38.58756715584717,37.86878171874254,37.25149908857479,37.01374401176377,36.7931374441513,36.127169079321206,,41.24820200827067,41.54477089729832,39.621450062766925,,39.09901532763303,"rgba(0, 255, 0, 1.0)",1.8625935765318435,39.05637191221843,3.6202484068677823,70.44191952188402,14.123388702872916,True,False,True,False,True,13.49172325790385,0.0,0.0,0.0,0.0,0,1.0794930720564566,0.8469536555821238,False,False,False,False,0.34282824114100857,0.31066373343316844,False,False,False,False,3180868,-6997959.400205493,False,False,False,False,3633740.4138360396,False,False,False,False
2024-07-16 00:00:00+00:00,47.1111013357,47.1309752447,45.7398016132,45.7398016132,3544234,,,,,,,,,,,,41.442223296338234,41.626971488840276,41.31669052251952,41.1132569592985,40.874383207724016,39.66992730993264,38.636723434620855,37.91602285854948,37.295693125643105,37.057217044593706,36.83614057696961,36.168169642079846,,41.442223296338234,41.626971488840276,39.66992730993264,,39.162784955592485,"rgba(0, 255, 0, 1.0)",1.9639082858352555,39.11790211136483,4.0700471004610295,73.76610009824586,17.11535681358218,True,False,True,False,True,16.527599868136093,0.0,0.0,0.0,0.0,0,1.062757456067529,0.8278997555290011,False,False,False,False,0.3428282426496995,0.32674598804143395,False,False,False,False,6725102,-6459800.129609199,False,False,False,False,3630230.3583914894,False,False,False,False
2024-07-17 00:00:00+00:00,46.4254514744,46.7831818368,46.1472167481,46.455262338,3012484,,,,,,,,,,,,41.59035191843131,41.69197897532385,41.370490404150935,41.157432545431426,40.91475792331659,39.709395115400376,38.67696204410761,37.95483025238696,37.332101754216815,37.0930645932205,36.871628119371124,36.20208056325197,,41.59035191843131,41.69197897532385,39.709395115400376,,39.21375618405079,"rgba(0, 255, 0, 1.0)",2.0358061108537693,39.16723437129328,3.5652791611195185,73.39820950128325,17.11535681358218,True,False,True,False,True,14.179773344484364,0.0,0.0,0.0,0.0,0,1.045226352069174,0.8448863502816686,False,False,False,False,0.34282824270515444,0.3347871153732942,False,False,False,False,3712618,-6060881.77158531,False,False,False,False,3606005.011003588,False,False,False,False
2024-07-18 00:00:00+00:00,45.8987928854,46.7831818368,45.580810341,46.2167754297,2870052,,,,,,,,,,,,41.71356911244833,41.74768646448186,41.41710760031043,41.19599488132795,40.950188129140585,39.74456295280031,38.713136047161655,37.98990462908081,37.36514554246755,37.12564395755367,36.903918389330066,36.23303969999712,,41.71356911244833,41.74768646448186,39.74456295280031,,39.258324783841694,"rgba(0, 255, 0, 1.0)",2.085608731434218,39.21049652180906,3.206879729061918,71.32870738020168,17.11535681358218,True,False,True,False,True,12.422109118300597,0.0,0.0,0.0,0.0,0,1.0217730009858372,0.8654513502473514,False,False,False,False,0.3100117111982464,0.32239941328577026,False,False,False,False,842566,-5790158.329562357,False,False,False,False,3577144.108611291,False,False,False,False
2024-07-19 00:00:00+00:00,45.7696124767,46.1720591344,45.4913777504,45.7398016132,1026301,,,,,,,,,,,,41.75332386717164,41.76601793009414,41.43258060361938,41.20886693412424,40.96206433605789,39.75650041355315,38.72550399141645,38.00194766512195,37.3765284425585,37.136879017570294,36.91506411126061,36.24375396152861,,41.75332386717164,41.76601793009414,39.75650041355315,,39.27325260617307,"rgba(0, 255, 0, 1.0)",2.1220923906956317,39.225016171982304,3.0840298628903446,69.50297407535177,17.11535681358218,True,False,True,False,False,11.992972939719095,0.0,0.0,0.0,0.0,0,0.9989266875841433,0.8863656528247345,False,False,False,False,0.27029176076593125,0.2963455870258508,False,False,False,False,-183735,-5570298.591148147,False,False,False,False,3477111.045528495,False,False,False,False
2024-07-22 00:00:00+00:00,46.5943797011,46.6788438145,45.9186667944,46.2068384752,1115722,,,,,,,,,,,,41.80179574107139,41.788621262430894,41.45151449203318,41.22455164082701,40.97646275569395,39.77067630652163,38.74000923550949,38.01597777607483,37.38972611686581,37.14988336205755,36.927945818572525,36.25608669903984,,41.80179574107139,41.788621262430894,39.77067630652163,,39.29110426722484,"rgba(0, 255, 0, 1.0)",2.17960856404861,39.2423703268058,3.373087028359758,69.68262700536295,17.11535681358218,True,False,True,False,False,13.945513641377346,0.0,0.0,0.0,0.0,0,1.0208231235529577,0.8731269547627225,False,False,False,False,0.3234593969471694,0.3099024919865101,False,False,False,False,931987,-5315306.999338415,False,False,False,False,3384507.5535469856,False,False,False,False
2024-07-23 00:00:00+00:00,46.7533709733,47.2700926079,46.047847203,46.5844427466,5758392,,,,,,,,,,,,42.051684410737046,41.90906096219506,41.55264156112351,41.308521333864675,41.05353227037465,39.846082665752036,38.81684200269364,38.09015664039942,37.45942859989412,37.218533337294446,36.995918482497814,36.32109046212803,,42.051684410737046,41.90906096219506,39.846082665752036,,39.385291060746205,"rgba(0, 255, 0, 1.0)",2.2289821069954825,39.334085379451025,3.3285532308959054,70.05565032264717,17.11535681358218,True,False,True,False,False,14.31543140856185,0.0,0.0,0.0,0.0,0,1.0159915769739307,0.8641196003867467,False,False,False,False,0.34282824305324844,0.32636536751987927,False,False,False,False,6690379,-4844495.783678086,False,False,False,False,3477601.0612510256,False,False,False,False
2024-07-24 00:00:00+00:00,45.560936432,46.6241905647,45.4764723187,46.2664602023,2834598,,,,,,,,,,,,42.14582562462894,41.956601230433954,41.59344092124739,41.34288666633818,41.08541367238741,39.878315684337565,38.85031746017745,38.12284052328673,37.49040535192146,37.24912997962645,37.02628830733162,36.35033662472026,,42.14582562462894,41.956601230433954,39.878315684337565,,39.42431683720312,"rgba(0, 255, 0, 1.0)",2.2485730321967567,39.37226108465562,2.752267886668691,66.22082564590363,22.47627320189713,True,False,True,False,False,10.357532923302667,0.0,0.0,0.0,0.0,0,0.9875450935120877,0.8831099633222311,False,False,False,False,0.27511350531325346,0.30073943641656636,False,False,False,False,3855781,-4503308.458827965,False,False,False,False,3452385.254927456,False,False,False,False
2024-07-25 00:00:00+00:00,46.027973294,46.6738753372,45.133647388,45.4218190689,5199767,,,,,,,,,,,,42.30951863966246,42.04216168051394,41.6673040362649,41.4053905668826,41.14350938522841,39.93712001774795,38.91140673883516,38.182531026990944,37.54702908104847,37.305071254137275,37.08182344416093,36.40384655245542,,42.30951863966246,42.04216168051394,39.93712001774795,,39.494726035327375,"rgba(0, 255, 0, 1.0)",2.277961656222497,39.441270931610106,2.891489566735071,64.62276326552544,20.804924731078728,True,False,True,False,False,11.482454874936337,0.0,0.0,0.0,0.0,0,0.9822279330836099,0.8835355213474498,False,False,False,False,0.25918873901118566,0.27996408771387604,False,False,False,False,9055548,-3971588.5976974564,False,False,False,False,3520910.029244026,False,False,False,False
2024-07-26 00:00:00+00:00,46.962047018,47.1309752447,46.2962710658,46.5546318831,16783383,,,,,,,,,,,,42.857311990609126,42.35002717707753,41.933708415625794,41.63178732452727,41.353527275088325,40.14520625197264,39.124620582373176,38.38959176982999,37.74274151007603,37.49813906144816,37.27322111693231,36.5876138339385,,42.857311990609126,42.35002717707753,40.14520625197264,,39.74062469245823,"rgba(0, 255, 0, 1.0)",2.333062113547478,39.68291128439498,3.1199922588159956,65.25992837475911,20.804924731078728,True,False,True,False,False,13.660895948702922,0.0,0.0,0.0,0.0,0,0.9968332974598739,0.8745773898673571,False,False,False,False,0.3428282431477182,0.3113961654307971,False,False,False,False,25838931,-2802548.613474027,False,False,False,False,4041007.0084893587,False,False,False,False
2024-07-29 00:00:00+00:00,47.2204078353,47.3197773804,46.5745057921,47.0316056996,2418633,,,,,,,,,,,,42.92959843473689,42.393372290474275,41.97163160717172,41.66430948134777,41.383800771760924,40.175209525090885,39.15533826213717,38.419447955426776,37.770999755208564,37.526022941388376,37.300867810251674,36.61417650463349,,42.92959843473689,42.393372290474275,40.175209525090885,,39.775397944969036,"rgba(0, 255, 0, 1.0)",2.3616412637423823,39.71718710698978,3.1771212857367743,66.11671644241889,20.804924731078728,True,False,True,False,False,14.248960826529142,0.0,0.0,0.0,0.0,0,0.991616771178193,0.8801793302165271,False,False,False,False,0.34282824353427366,0.3271122044825354,False,False,False,False,28257564,-1584504.9815730844,False,False,False,False,3977384.498352521,False,False,False,False
2024-07-30 00:00:00+00:00,47.5483273342,47.876246833,47.2005339263,47.3297143349,13775334,,,,,,,,,,,,43.34305229792022,42.65091242804575,42.197754338551846,41.859004337595096,41.56507787777406,40.35341316259143,39.33673228048187,38.59534756330773,37.937293447387944,37.69002267239051,37.46338184816719,36.770110884783065,,43.34305229792022,42.65091242804575,40.35341316259143,,39.980175261583064,"rgba(0, 255, 0, 1.0)",2.4039714486854797,39.91929034907078,3.173513973845602,67.23796332219916,20.804924731078728,True,False,True,False,False,14.994030330927192,0.0,0.0,0.0,0.0,0,1.0066908868419817,0.8646780281320591,False,False,False,False,0.34282824440388615,0.3349702244432108,False,False,False,False,42032898,125981.40986115416,False,False,False,False,4361617.812142618,False,False,False,False
2024-07-31 00:00:00+00:00,48.4426532401,49.1283031014,47.5582642887,47.856372924,1865973,,,,,,,,,,,,43.40343975519998,42.68944800074898,42.231545165173344,41.88811841938226,41.59213096986748,40.37961758818823,39.36314022918204,38.62082870637918,37.96130480492153,37.713672855063486,37.486790226403464,36.79250212852684,,43.40343975519998,42.68944800074898,40.37961758818823,,40.010211570753064,"rgba(0, 255, 0, 1.0)",2.4585149742662122,40.52813872415099,3.219225670289536,69.34219598824706,20.804924731078728,True,False,True,False,True,16.974483537086844,0.0,0.0,0.0,0.0,0,1.0200973387794843,0.8381492566501967,False,False,False,False,0.342828245386239,0.3388992349147249,False,False,False,False,43898871,1842565.3153567952,False,False,False,False,4263749.388137025,False,False,False,False
2024-08-01 00:00:00+00:00,47.2800295624,48.5221488762,46.902425291,48.3631576041,2898218,,,,,,,,,,,,43.47962778045353,42.73992190527557,42.27649483211907,41.92725708785442,41.62877097575883,40.41590112515892,39.4002017525401,38.6568866109862,37.99550378273846,37.74743072010716,37.520265852076264,36.82469474830729,,43.47962778045353,42.73992190527557,40.41590112515892,,40.051079764447984,"rgba(0, 255, 0, 1.0)",2.4670701064993157,40.542394730798335,2.731026902661526,66.81826624101734,20.804924731078728,True,False,True,False,True,13.116633850775493,0.0,0.0,0.0,0.0,0,1.0010853584382478,0.8576277145920282,False,False,False,False,0.28684759042123165,0.3128734126679783,False,False,False,False,41000653,3378176.597107509,False,False,False,False,4210199.137621847,False,False,False,False
2024-08-02 00:00:00+00:00,45.074025661,46.5844427466,44.8752865708,46.3459558384,2942713,,,,,,,,,,,,43.5166757164175,42.768730685142586,42.30392430172113,41.952157567125525,41.65279085339093,40.44188100808397,39.428100641486964,38.68481948376188,38.022571532654446,37.77434133055611,37.54711699861923,36.85096474407859,,43.5166757164175,42.768730685142586,40.44188100808397,,40.078672905253235,"rgba(0, 255, 255, 0.75)",2.4243835957138207,40.52332052424872,1.8770565618397534,59.97700027433852,15.797522701674396,False,False,True,False,False,6.498034162375021,0.0,0.0,0.0,0.0,0,0.9621063479947464,0.8884098205210291,False,False,False,False,0.12030448769436045,0.21658895018116936,False,False,False,False,38057940,4738167.318789568,False,False,False,False,4160493.7988915783,False,False,False,False
2024-08-05 00:00:00+00:00,43.4940498938,44.2591953911,41.9438849901,42.2519305799,2369571,,,,,,,,,,,43.23237675833333,43.51256150116978,42.772579480978976,42.31022084143787,41.95927992218632,41.66062097257949,40.45329104063973,39.44203449766826,38.69969340823579,38.03763641053507,37.78953265895519,37.562458261427984,36.86646699029447,,43.51256150116978,42.772579480978976,40.45329104063973,,40.33067328803402,"rgba(38, 166, 154, 1.0)",2.3734806101212875,40.78400612615756,1.1418015197115767,52.87232955854584,9.399493538098355,False,False,False,False,False,2.257070729108147,0.0,0.0,0.0,0.0,0,0.9205148600101567,0.9163858712710355,False,False,False,False,-0.09200311333368875,0.0622929184237403,False,False,False,False,35688369,5951900.7180527225,False,False,False,False,4090261.5322683793,False,False,False,False
2024-08-06 00:00:00+00:00,44.3883757997,44.6169257535,43.1710988722,43.5834824844,4563365,,,,,,,,,,,43.77634132735479,43.52737206917449,42.79281812014566,42.33276363508239,41.981535891554955,41.6832985123259,40.481460671340955,39.474371517235305,38.733238446812386,38.07098122211576,37.82295755203988,37.59604316484098,36.89995860412933,,43.52737206917449,42.79281812014566,40.481460671340955,,40.39793390262714,"rgba(0, 255, 255, 0.75)",2.3127312561386515,40.803944705878635,1.5498692657468343,50.03908608122835,7.111766873497977,False,True,False,False,False,4.379662579373662,0.0,0.0,0.0,0.0,0,0.9492839094652538,0.9135468292615684,False,False,False,False,-0.027990351742568732,0.017151283340585785,False,False,False,False,40251734,7296992.219305557,False,False,False,False,4108814.6094343257,False,False,False,False
2024-08-07 00:00:00+00:00,42.6394718058,45.2528908422,42.5798500788,45.2032060696,3688400,,,,,,,,,,,43.67716163113086,43.52658644017282,42.80158278694496,42.34470549530762,41.99435687554209,41.69700808960481,40.500344741569734,39.49698130695956,38.75718680443282,38.09513253745608,37.84727687824306,37.620572082353696,36.92467153939756,,43.52658644017282,42.80158278694496,40.500344741569734,,40.40642824685506,"rgba(38, 166, 154, 0.5)",2.254985483856322,40.794533756987796,0.8181596121218111,45.68266739868295,3.3007508457663164,False,True,False,True,False,0.011986176048473851,0.0,0.0,0.0,0.0,0,0.9340309654755008,0.9070329818256108,False,False,False,False,-0.02619012101917758,-0.004519418839295897,False,False,False,False,36563334,8444691.89697985,False,False,False,False,4092327.762005529,False,False,False,False
2024-08-08 00:00:00+00:00,44.159825846,44.2989432091,42.1227501713,42.6593457149,2206685,,,,,,,,,,,43.651360496571144,43.52659387141197,42.806993731648376,42.35195642116746,42.00210800127074,41.70527582577498,40.51166603719252,39.51050922775979,38.7715090301563,38.10957595811907,37.86182034144466,37.63524029509507,36.939449865898446,,43.52659387141197,42.806993731648376,40.51166603719252,,40.41415839257774,"rgba(0, 255, 255, 0.75)",2.212232602390839,40.79425115312184,1.521347569528113,45.669033940476886,3.3007508457663164,False,True,False,True,False,3.5016984310987844,0.0,0.0,0.0,0.0,0,0.9413395735788421,0.9263168530668099,False,False,False,False,-0.08314076932534306,-0.04383009408231948,False,False,False,False,38770019,9633920.410823777,False,False,False,False,4018380.98702492,False,False,False,False
2024-08-09 00:00:00+00:00,44.6367996625,44.7560431166,44.0505193464,44.3685018907,1905807,,,,,,,,,,,43.75868921116015,43.5369237265841,42.817706963283484,42.363172938784096,42.01288752224641,41.71606377812679,40.524447398402785,39.52487723532426,38.78627676165974,38.12417398652383,37.87642592002104,37.64989162308064,36.9540005753464,,43.5369237265841,42.817706963283484,40.524447398402785,,40.434272126195665,"rgba(0, 255, 255, 0.75)",2.1868854796524797,40.80932364681463,1.7501949925121816,46.481257576721774,3.3007508457663164,False,True,False,True,False,4.551228588746756,0.0,0.0,0.0,0.0,0,0.9960383654551525,0.8917879855581956,False,False,False,False,0.012992852879601238,-0.01541862060135912,False,False,False,False,40675826,10851250.041771865,False,False,False,False,3935534.9483180605,False,False,False,False
2024-08-12 00:00:00+00:00,43.8815911197,44.9398767751,43.8070639608,44.7262322531,1100918,,,,,,,,,,,43.79003277689607,43.541102261305774,42.82283302291332,42.36877459479657,42.01839132405868,41.72164907276389,40.5312890381829,39.532686566050685,38.79436759400621,38.13221731339646,37.884487957584774,37.657991263990226,36.96207807283594,,43.541102261305774,42.82283302291332,40.5312890381829,,40.4429154506755,"rgba(38, 166, 154, 1.0)",2.1582185847915927,40.81537478725069,1.4207163046672566,45.849450668960486,3.3007508457663164,False,True,False,True,False,2.7082818556825643,0.0,0.0,0.0,0.0,0,0.9907742026055477,0.888821503069719,False,False,False,False,0.010593971805712176,-0.0024123243978234716,False,False,False,False,39574908,11977668.000918066,False,False,False,False,3824373.4993644115,False,False,False,False
2024-08-13 00:00:00+00:00,45.2429538877,45.34729191,43.9114019832,44.3188171182,2152376,,,,,,,,,,,43.91494199211959,43.55661613644137,42.83721026707546,42.383310296144174,42.03211600828223,41.735219188323725,40.546849956377415,39.54990771485036,38.811932070941644,38.14949064801056,37.90174077904572,37.67527266774596,36.979174372022015,,43.55661613644137,42.83721026707546,40.546849956377415,,40.46721400749079,"rgba(0, 255, 0, 1.0)",2.1319984820497435,40.835894266801986,2.0671026072499736,47.76864759484533,3.3007508457663164,False,True,False,True,False,5.6629724556663845,0.0,0.0,0.0,0.0,0,0.9820359574103927,0.892122434516016,False,False,False,False,0.031191209243588494,0.01438944242288251,False,False,False,False,41727284,13144319.608725201,False,False,False,False,3758804.9699775716,False,False,False,False
2024-08-14 00:00:00+00:00,46.027973294,46.0875950211,45.1833321606,45.4218190689,1950746,,,,,,,,,,,44.09608119605874,43.5803905784651,42.85606686158184,42.40129356117101,42.04854125804991,41.75108647313259,40.56390257270839,39.56815643797502,38.83021434432517,38.167242178212376,37.91939684891868,37.692894154239696,36.99643685315756,,43.5803905784651,42.85606686158184,40.56390257270839,,40.49782333215354,"rgba(0, 255, 0, 1.0)",2.128708713771814,40.86455018793292,2.4256128011606237,50.24810532232393,3.3007508457663164,False,True,False,False,True,7.291324232110057,0.0,0.0,0.0,0.0,0,0.9958881743178313,0.8836046652041598,False,False,False,False,0.11260558100713862,0.06349751171501057,False,False,False,False,43678030,14341720.016226172,False,False,False,False,3687900.696645118,False,False,False,False
2024-08-15 00:00:00+00:00,46.2068384752,46.8775829047,46.1025004528,46.6440644737,1595675,,,,,,,,,,,44.266482763012995,43.60495097716254,42.87460833674285,42.41858666884648,42.064126004820885,41.7659928727156,40.57944607574225,39.58451167624331,38.8464480155531,38.18289867500989,37.93493395020092,37.70837041041722,37.01151659227263,,43.60495097716254,42.87460833674285,40.57944607574225,,40.526374847595434,"rgba(0, 255, 0, 1.0)",2.1273251771814405,40.89230238021925,2.4982246024193384,52.174365974003294,3.3007508457663164,False,False,False,False,True,7.659014233536219,0.0,0.0,0.0,0.0,0,1.0240596195307277,0.8669588882467638,False,False,False,False,0.18290301827313177,0.12320026499407116,False,False,False,False,45273705,15554739.035197696,False,False,False,False,3605852.630110015,False,False,False,False
2024-08-16 00:00:00+00:00,46.2763971568,46.4254514744,45.8689820218,46.4254514744,1144488,,,,,,,,,,,44.36357052545241,43.621027477278794,42.88701921662872,42.4302623861668,42.074708712170356,41.77615395470468,40.59015178454608,39.59584195417517,38.85773309993468,38.19381167451234,37.9457731664248,37.71917519907309,37.02206663286383,,43.621027477278794,42.88701921662872,40.59015178454608,,40.54440736799475,"rgba(0, 255, 0, 1.0)",2.10491584688429,40.90978635793791,2.5495607374545557,53.57241520743132,-3.399508785626594,False,False,True,False,True,7.803818565250385,0.0,0.0,0.0,0.0,0,1.0166961107842083,0.8665756931906913,False,False,False,False,0.1545253694257714,0.13886281720992127,False,False,False,False,46418193,16765070.563229159,False,False,False,False,3509328.526968446,False,False,False,False
2024-08-19 00:00:00+00:00,46.6540014282,46.902425291,46.2763971568,46.3260819293,1042133,,,,,,,,,,,44.46230758473474,43.637861760971056,42.89966850939824,42.442013629548825,42.085278002457144,41.78624367117463,40.60059416983899,39.60678115013292,38.868566589102834,38.20424423942901,37.95612060222268,37.72947714506957,37.03209188612928,,43.637861760971056,42.89966850939824,40.60059416983899,,40.56240376463153,"rgba(0, 255, 0, 1.0)",2.1043728832799222,40.92756109897889,2.7212099028266077,55.14925069482072,-1.6424835647028146,False,False,True,False,True,8.594795255100955,0.0,0.0,0.0,0.0,0,1.0315136853695983,0.8566755445902807,False,False,False,False,0.19118120063592037,0.16502200892292082,False,False,False,False,47460326,17968806.070553508,False,False,False,False,3412575.7612049775,False,False,False,False
2024-08-20 00:00:00+00:00,46.3956406109,47.0614165631,46.2664602023,46.7036862007,890465,,,,,,,,,,,44.53873141675957,43.65192212710994,42.91030354143912,42.451915128117754,42.09419774037432,41.79476680824601,40.60943423838325,39.6160528204146,38.87775600656555,38.21309947491097,37.964905413708614,37.738224856741866,37.04060898842669,,43.65192212710994,42.91030354143912,40.60943423838325,,40.57707065855371,"rgba(0, 255, 0, 1.0)",2.1082875751859302,40.94206802393937,2.5867308858373748,55.57292981799752,-0.9403199907384447,False,False,True,False,True,7.913386949608594,0.0,0.0,0.0,0.0,0,1.0429522516866978,0.8383905902966198,False,False,False,False,0.19740681085556522,0.18121440988924303,False,False,False,False,46569861,19090416.067786705,False,False,False,False,3313669.4568439983,False,False,False,False
2024-08-21 00:00:00+00:00,46.7533709733,46.7782133596,46.1869645662,46.3757667019,913864,,,,,,,,,,,44.61155979417716,43.66620455512404,42.92114931501499,42.46202353490922,42.10331171453066,41.80347939887178,40.61847692686372,39.62554024539362,38.88716211198354,38.22216614522737,37.97390073395117,37.747182782554454,37.04933258738595,,43.66620455512404,42.92114931501499,40.61847692686372,,40.591653065075974,"rgba(0, 255, 0, 1.0)",2.1288654727410528,40.956520203074625,2.722976554625386,56.536324392175764,0.3171072877700851,False,False,True,False,True,8.677212240525378,0.0,0.0,0.0,0.0,0,1.046916383705731,0.8407589695553178,False,False,False,False,0.18228316648594198,0.1817487881875925,False,False,False,False,47483725,20203879.16316762,False,False,False,False,3219559.4389285473,False,False,False,False
2024-08-22 00:00:00+00:00,46.8129927004,47.1409121992,46.6043166556,46.8924883365,2046972,,,,,,,,,,,44.7779504516712,43.700726852544896,42.947055590128315,42.486015904091026,42.12486220247908,41.824018507691655,40.63957998595839,39.64754998164434,38.90891195512391,38.2430817678287,37.99463498573059,37.76781619214305,37.06938740680571,,43.700726852544896,42.947055590128315,40.63957998595839,,40.625507060295455,"rgba(0, 255, 0, 1.0)",2.1557093464581154,40.99043524808502,2.7009937410540013,57.29656100820526,1.3909362611488731,False,False,True,False,True,8.80538728810572,0.0,0.0,0.0,0.0,0,1.061030720673752,0.8318223390802286,False,False,False,False,0.21492082180226038,0.19833480499492645,False,False,False,False,49530697,21353950.450886533,False,False,False,False,3173575.6177940946,False,False,False,False
2024-08-23 00:00:00+00:00,48.8003836025,48.8947846704,47.0614165631,47.1508491537,1785032,,,,,,,,,,,44.989203095234586,43.74332421931723,42.97736511830038,42.513362002842,42.14901159703309,41.84674005204917,40.661985150531976,39.67034080324318,38.93110615848774,38.264189616252,38.01548118151861,37.78849301992145,37.08930113516493,,43.74332421931723,42.97736511830038,40.661985150531976,,40.66460793460741,"rgba(0, 255, 0, 1.0)",2.2286011795337797,41.030751467580856,3.4863268521398427,61.07126374110315,5.232898035216074,True,False,True,False,True,12.888270931058909,0.0,0.0,0.0,0.0,0,1.059079044204093,0.8204819866021296,False,False,False,False,0.31019864337635084,0.25426672418563867,False,False,False,False,51315729,22528922.158694904,False,False,False,False,3119122.926900209,False,False,False,False
2024-08-26 00:00:00+00:00,49.0686813743,49.3469161006,48.9395009657,48.9991226927,5807780,,,,,,,,,,,45.671181302493274,43.90216064105975,43.08943447829248,42.61372980783663,42.23725003648909,41.92941609363272,40.7421943169617,39.75106535511145,39.00923618804394,38.338156906358755,38.088413587925416,37.860728840762974,37.15859404243527,,43.90216064105975,43.08943447829248,40.7421943169617,,40.79935089210796,"rgba(0, 255, 0, 1.0)",2.305403872962344,41.1713416948952,3.425577518986755,63.9448660490246,8.075917976786279,True,False,True,False,True,13.411571459751805,0.0,0.0,0.0,0.0,0,1.1072345160555728,0.7983632154216505,False,False,False,False,0.34282824618849833,0.29854748518706853,False,False,False,False,57123509,23885572.623059813,False,False,False,False,3224560.459178632,False,False,False,False
2024-08-27 00:00:00+00:00,49.4860334638,49.8537007807,48.810320557,48.9096901021,1553777,,,,,,,,,,,45.82826710091619,43.94515403707335,43.12001409712895,42.64113938159254,42.261373763731015,41.952020508956146,40.76406635469565,39.7730328693379,39.030478414023285,38.35825725884684,38.10822815282652,37.8803496669248,37.177404827210026,,43.94515403707335,43.12001409712895,40.76406635469565,,40.83382972563564,"rgba(0, 255, 0, 1.0)",2.390246509120034,41.20741908190059,3.463498158165774,66.41825174568856,10.484976779657615,True,False,True,False,True,14.224339637122746,0.0,0.0,0.0,0.0,0,1.1212115774560332,0.7774049417728961,False,False,False,False,0.34282824635748316,0.3206878657722758,False,False,False,False,58677286,25249953.539802566,False,False,False,False,3159039.5392108425,False,False,False,False
2024-08-28 00:00:00+00:00,49.1581139649,49.7940790536,48.9494379202,49.3966008732,1357525,,,,,,,,,,,45.95206567052381,43.981605161826465,43.14613909335789,42.664614013753244,42.28207407111647,41.97143909983796,40.78290266406911,39.79197922288952,39.04881865529475,38.37562756828684,38.125356467867334,37.89731463085392,37.193681192034234,,43.981605161826465,43.14613909335789,40.78290266406911,,40.86258596243935,"rgba(0, 255, 0, 1.0)",2.460588372754696,41.23747292319188,3.219002873219604,66.98397500789366,11.123698176157156,True,False,True,False,True,13.290185436687807,0.0,0.0,0.0,0.0,0,1.1143209567589725,0.7818159066150645,False,False,False,False,0.3428282463921782,0.33175805608222697,False,False,False,False,57319761,26507593.0480456,False,False,False,False,3088391.910222182,False,False,False,False
2024-08-29 00:00:00+00:00,49.3767269642,50.0176605301,49.1084291924,49.3568530551,1015893,,,,,,,,,,,46.04429231952818,44.00957565768818,43.16617739682389,42.68260032523483,42.297925546812074,41.98629934353647,40.79727473599486,39.806406128919896,39.06276808245988,38.3888282441392,38.138369286805,37.91019981770852,37.20603405548877,,44.00957565768818,43.16617739682389,40.79727473599486,,40.884365457010745,"rgba(0, 255, 0, 1.0)",2.532265442053587,41.260269470645994,3.2052159140835643,67.7045555229246,11.997708931299336,True,False,True,False,True,13.726590659683978,0.0,0.0,0.0,0.0,0,1.1087477159464216,0.7842785928458449,False,False,False,False,0.34282824655505384,0.3372931513186404,False,False,False,False,58335654,27755752.301063422,False,False,False,False,3007117.443154645,False,False,False,False
2024-08-30 00:00:00+00:00,49.9630072803,50.1418724615,49.197861783,49.4164747822,1474317,,,,,,,,,,,46.179610951505396,44.05161404893403,43.19624891567502,42.70954952555284,42.32165361942014,42.00852280441805,40.81868455896859,39.82784087877111,39.08346156553443,38.408388491399066,38.15764322776694,37.92927766703465,37.22430496701096,,44.05161404893403,43.19624891567502,40.81868455896859,,40.91667701707625,"rgba(0, 255, 0, 1.0)",2.6171375940078807,41.88606798642722,3.0861729671246527,69.08000734592676,13.523612063340387,True,False,True,False,True,14.889876846100329,0.0,0.0,0.0,0.0,0,1.1287618573055485,0.780828987880955,False,False,False,False,0.342828246643165,0.34006069898090274,False,False,False,False,59809971,29012780.485335447,False,False,False,False,2947007.621854463,False,False,False,False
2024-09-03 00:00:00+00:00,47.6178860157,49.6947095085,47.2750610851,49.5953399634,2583880,,,,,,,,,,,46.30034910999518,44.10397192071407,43.23584803591944,42.7458812119377,42.35417607594051,42.03933901388555,40.84941480582146,39.85928059122796,39.11422969125469,38.43778707191203,38.186716889927105,37.9581462975249,37.252202261590526,,44.10397192071407,43.23584803591944,40.84941480582146,,40.956718690588545,"rgba(0, 255, 0, 1.0)",2.644763412644735,41.875739381496786,2.171138108894637,63.367110674548925,19.1407562906235,True,False,True,False,False,8.425215513833788,0.0,0.0,0.0,0.0,0,1.0906682265521268,0.7877812951630386,False,False,False,False,0.24870467460031798,0.29438268679061036,False,False,False,False,57226091,30119184.819243863,False,False,False,False,2932767.3229582096,False,False,False,False
2024-09-04 00:00:00+00:00,47.2005339263,48.2439141499,47.1905969718,47.389336062,6661232,,,,,,,,,,,46.466798786590836,44.2125111342961,43.32207522053674,42.82643695676003,42.42722219937135,42.10913425015316,40.920553718062834,39.933009177788776,39.18698310362702,38.50776694339331,38.25607392080266,38.02714188833401,37.31923263781201,,44.2125111342961,43.32207522053674,40.920553718062834,,41.0396107644253,"rgba(0, 255, 255, 0.75)",2.6650502657540627,41.91818887553386,1.9820808330125532,58.6682651593577,14.823970477285158,False,False,True,False,False,7.349720664622385,0.0,0.0,0.0,0.0,0,1.0799773211486539,0.8282764071218095,False,False,False,False,0.19005166256703948,0.24221717467882492,False,False,False,False,50564859,30920975.96358724,False,False,False,False,3078981.624018672,False,False,False,False
2024-09-05 00:00:00+00:00,46.8626774729,47.896120742,46.7633079278,47.4986425616,2140045,,,,,,,,,,,46.49593238768962,44.242221046517365,43.346679917910805,42.849756268204644,42.44858563584663,42.12967845259691,40.94182668376648,39.95525674895032,39.20906507507682,38.52910803487892,38.27725727469233,38.048241940934076,37.33980793794292,,44.242221046517365,43.346679917910805,40.94182668376648,,41.062570569615986,"rgba(0, 255, 255, 0.75)",2.6800086074079106,41.933140813756175,1.839373442875487,54.81664228804554,11.387643601593311,False,False,True,False,False,6.482007336983919,0.0,0.0,0.0,0.0,0,1.0734563033588953,0.8355161655309096,False,False,False,False,0.16094785480826584,0.20158251474354538,False,False,False,False,48424814,31607400.984623034,False,False,False,False,3042160.5799395083,False,False,False,False
2024-09-06 00:00:00+00:00,45.8391711583,47.389336062,45.6901168406,47.0415426541,2916731,,,,,,,,,,46.3062080203,46.485846760338916,44.2700610111119,43.37222266800254,42.87484085566681,42.47210395836452,42.15264062889173,40.966583247891016,39.98174052594016,39.23570757314618,38.55512283372746,38.30316669294913,38.07412366482213,37.36525020231415,,44.2700610111119,43.37222266800254,40.966583247891016,,41.45825847453333,"rgba(38, 166, 154, 1.0)",2.6849349146999524,42.33947400442248,1.3034569794287245,50.24937037515894,7.306849864140588,False,True,False,False,False,3.9116844487890745,0.0,0.0,0.0,0.0,0,1.0574063458893723,0.8424486630478071,False,False,False,False,0.09135643434455676,0.14646947454405107,False,False,False,False,45508083,32152525.769539777,False,False,False,False,3037241.772883057,False,False,False,False
2024-09-09 00:00:00+00:00,46.8726144274,47.3793991075,46.0677211121,46.2763971568,1828099,,,,,,,,,,46.48614905516242,46.495113627405345,44.29104565944065,43.39052114945207,42.89249292735687,42.488476545419175,42.168508024045515,40.98333060168855,39.99944474821775,39.253400658318824,38.57231652566953,38.32026338621711,38.09117846136237,37.381952120837255,,44.29104565944065,43.39052114945207,40.98333060168855,,41.486728106470956,"rgba(0, 255, 255, 0.75)",2.6992871332906163,42.359136735217895,1.6720998801931337,49.636354946411956,6.8867100238132295,False,True,False,False,False,6.149394272180185,0.0,0.0,0.0,0.0,0,1.05720115740554,0.8517285788354244,False,False,False,False,0.10173976995213228,0.12410462224809168,False,False,False,False,47336182,32747963.268773515,False,False,False,False,2989824.4092405844,False,False,False,False
2024-09-10 00:00:00+00:00,46.942173109,47.1011643812,45.9087298399,47.1011643812,1676945,,,,,,,,,,46.52911608878094,46.499583035773604,44.309052912770305,43.40653244624735,42.908038518002236,42.5029596998047,42.18258305777804,40.99828510450648,40.01531177675027,39.269294600130046,38.58779067741715,38.33565937603121,38.106544391835136,37.397021740445,,44.309052912770305,43.40653244624735,40.99828510450648,,41.50341238759089,"rgba(0, 255, 255, 0.75)",2.713437673860445,42.37043362165487,1.6848514824520946,49.38398639150469,6.587914810511833,False,True,False,False,False,6.297924220190982,0.0,0.0,0.0,0.0,0,1.0452740533986946,0.8616856900749166,False,False,False,False,0.08462902782451395,0.10436682503630282,False,False,False,False,49013127,33385812.82686083,False,False,False,False,2938338.942211542,False,False,False,False
2024-09-11 00:00:00+00:00,47.7868142424,47.836499015,46.027973294,46.7434340188,7025210,,,,,,,,,,46.888542380983644,46.57666002860956,44.39914264723051,43.483351952566736,42.98143735448022,42.570692076092,42.24795357780302,41.06627816892863,40.08657320687944,39.34019600841338,38.65648615444517,38.403895529251045,38.17454943953167,37.46345551754802,,44.39914264723051,43.483351952566736,41.06627816892863,,41.59565814591165,"rgba(0, 255, 255, 0.75)",2.738119665055285,42.450399847227175,1.9489339575905924,51.060611218678986,6.587914810511833,False,True,False,False,False,8.086529983018092,0.0,0.0,0.0,0.0,0,1.05290441116113,0.8491609114317401,False,False,False,False,0.1164803859189401,0.11042360547762145,False,False,False,False,56038337,34274147.10816041,False,False,False,False,3098608.395458148,False,False,False,False
2024-09-12 00:00:00+00:00,48.7308249209,48.760684495,47.7554121672,47.77531855,1771195,,,,,,,,,,47.06627642026911,46.625152442595805,44.430270577899286,43.50829423141014,43.00467482141448,42.5917886344021,42.26807851366429,41.0864812925899,40.10730017615842,39.360562075288385,38.676034085896305,38.42325117890913,38.19378625822085,37.48210393249054,,44.430270577899286,43.50829423141014,41.0864812925899,,41.630289617229195,"rgba(0, 255, 0, 1.0)",2.7796874635200743,42.48480369810374,2.2470228415127544,53.96332535520719,6.587914810511833,False,True,True,False,True,10.01596451845634,0.0,0.0,0.0,0.0,0,1.0831823288320839,0.8364680410624596,False,False,False,False,0.20566078975102603,0.15804219761432375,False,False,False,False,57809532,35197103.37842862,False,False,False,False,3046552.968185279,False,False,False,False
2024-09-13 00:00:00+00:00,49.1389057669,49.5469866128,48.949795131,49.1488589583,1238614,,,,,,,,,,47.22776560510735,46.67198890558366,44.45604568494948,43.528393179402165,43.02318126523573,42.60845614530151,42.283886997615724,41.10207142915285,40.12311682898731,39.37599765307901,38.69077146925576,38.43781742731723,38.20824044327691,37.49605425507043,,44.45604568494948,43.528393179402165,41.10207142915285,,41.65955623495251,"rgba(0, 255, 0, 1.0)",2.8224480162781633,42.51488833855025,2.346905023634253,56.60791021736901,-0.492949182859995,False,True,True,False,True,10.832128374839378,0.0,0.0,0.0,0.0,0,1.0792061308434642,0.8396662914120113,False,False,False,False,0.30078328334167836,0.22941274047800106,False,False,False,False,59048146,36132438.38319613,False,False,False,False,2975653.4008054645,False,False,False,False
2024-09-16 00:00:00+00:00,50.1740376688,50.2238036256,49.3379695942,49.497220656,1593478,,,,,,,,,,47.46472425076209,46.745741707290954,44.49362071853284,43.557202409040066,43.04950297108082,42.632036008628994,42.306163418440164,41.12376410219038,40.14494537556174,39.39719281090279,38.71092808174075,38.45771300622893,38.227959553717355,37.51502208509557,,44.49362071853284,43.557202409040066,41.12376410219038,,41.70189403565809,"rgba(0, 255, 0, 1.0)",2.8686839667134443,42.5593642767544,2.6544134803282193,60.004618354256536,2.8113262712086566,False,False,True,False,True,12.852439131238132,0.0,0.0,0.0,0.0,0,1.079363955114267,0.8296213317846088,False,False,False,False,0.3428282444563553,0.2861204924671782,False,False,False,False,60641624,37093582.917188436,False,False,False,False,2921450.443911133,False,False,False,False
2024-09-17 00:00:00+00:00,50.0844589465,50.5721653234,49.8157227797,50.4626802184,1480812,,,,,,,,,,47.66888184620591,46.81641817134792,44.529639326655754,43.58476793081587,43.07465261609272,42.65454699468869,42.32741295681445,41.14438796242639,40.16565117309908,39.4172711932308,38.73000387370005,38.47653509803085,38.24660876720499,37.53294498282738,,44.529639326655754,43.58476793081587,41.14438796242639,,41.74069449236721,"rgba(0, 255, 0, 1.0)",2.916511142558547,42.600579083578694,2.5660384950067345,61.99976245551805,4.775832669936605,False,False,True,False,True,12.608864704755327,0.0,0.0,0.0,0.0,0,1.0899933211964055,0.8173691725896662,False,False,False,False,0.3428282448008673,0.3144743686340228,False,False,False,False,59160812,37958964.44984771,False,False,False,False,2864954.8186597163,False,False,False,False
2024-09-18 00:00:00+00:00,49.716190866,50.7911355334,49.5370334215,49.9550674588,1959463,,,,,,,,,,47.88277652186189,46.90175255595748,44.575411653087684,43.62010755681735,43.1069944128216,42.68356567305732,42.35484582889454,41.17110420008216,40.19252922130729,39.443373344394416,38.754834219435665,38.501045218019776,38.27090212661379,37.556316109249295,,44.575411653087684,43.62010755681735,41.17110420008216,,41.78682561725716,"rgba(0, 255, 0, 1.0)",2.9603667987245283,42.64975396385587,2.3870139690759586,62.189033516091115,5.128719676079754,False,False,True,False,True,11.601615352864442,0.0,0.0,0.0,0.0,0,1.0829475076721262,0.8186867646044013,False,False,False,False,0.33971321297100726,0.327093790802515,False,False,False,False,57201349,38713567.76553996,False,False,False,False,2829445.335575022,False,False,False,False
2024-09-19 00:00:00+00:00,51.9556589231,52.0551908367,50.3034291566,50.751322768,2193741,,,,,,,,,,48.2120852798425,47.033325573381106,44.63893278833176,43.66791865962841,43.15023453348644,42.72203848214969,42.39099106406888,41.20560757510312,40.226782667913476,39.47635820830853,38.78600159035855,38.531739485714645,38.301263206154715,37.58535532418048,,44.63893278833176,43.66791865962841,41.20560757510312,,41.85204531704445,"rgba(0, 255, 0, 1.0)",3.059725441328799,42.72084269910265,3.0181846054745343,65.52901289546394,8.500109453817714,True,False,True,False,True,15.823378181096853,0.0,0.0,0.0,0.0,0,1.0751195287911288,0.8093812254967723,False,False,False,False,0.3428282452463087,0.33496101802441186,False,False,False,False,59395090,39524607.85316584,False,False,False,False,2804515.753787766,False,False,False,False
2024-09-20 00:00:00+00:00,51.9357525403,52.2343482813,51.4729291419,51.7366887131,2113651,,,,,,,,,,48.512683958596234,47.16511283965883,44.702947468940536,43.71602884373126,43.193677452442266,42.76065568676844,42.42723730780234,41.24006213712632,40.260884819351546,39.50913813183964,38.81693273445273,38.56218588271407,38.33136552187389,37.614110586791284,,44.702947468940536,43.71602884373126,41.24006213712632,,41.915215955149236,"rgba(0, 255, 0, 1.0)",3.139677745940837,42.79024821414635,2.9128799406173145,67.69520003432886,10.70284109224319,True,False,True,False,True,15.768553961374096,0.0,0.0,0.0,0.0,0,1.0769844818791567,0.8159420434131679,False,False,False,False,0.34282824595276523,0.33889463198858855,False,False,False,False,57281439,40220954.17264953,False,False,False,False,2777423.0183451087,False,False,False,False
2024-09-23 00:00:00+00:00,52.2940674295,52.4632716827,51.9357525403,52.1049567935,1769621,,,,,,,,,,48.75137262799248,47.27785080239126,44.75825008056324,43.75758519263069,43.23117034324233,42.79396900525272,42.458487343032765,41.26968134749848,40.29013860306805,39.537222345915616,38.84340801956085,38.58823713827638,38.357114161647125,37.638685125549614,,44.75825008056324,43.75758519263069,41.26968134749848,,41.9680837240444,"rgba(0, 255, 0, 1.0)",3.2286270930858834,42.848631139333136,2.925527172337213,69.58113130821441,12.651221744168822,True,False,True,False,True,16.418062651152187,0.0,0.0,0.0,0.0,0,1.0764293747747031,0.8291042021710476,False,False,False,False,0.34282824627448494,0.34086143913153677,False,False,False,False,59051060,40959389.69529073,False,False,False,False,2737901.370566869,False,False,False,False
2024-09-24 00:00:00+00:00,52.5528504049,52.9509780595,52.4632716827,52.6523823186,1683847,,,,,,,,,,48.97612386867425,47.38936820288347,44.813070869662276,43.79871540013416,43.268228063118876,42.826867424474315,42.489322415217956,41.2988032377239,40.31882724958295,39.56472059625851,38.86929923517925,38.613702398074224,38.382273578075605,37.66267021131191,,44.813070869662276,43.79871540013416,41.2988032377239,,42.01942805359797,"rgba(0, 255, 0, 1.0)",3.307269824603926,42.90557849233537,2.9169896694836415,71.16064876224765,14.334977855228388,True,False,True,False,True,16.887681591112855,0.0,0.0,0.0,0.0,0,1.0702515631660874,0.8211000920690814,False,False,False,False,0.3428282467046961,0.34184484291811645,False,False,False,False,60734907,41734900.17782835,False,False,False,False,2696565.905054443,False,False,False,False
2024-09-25 00:00:00+00:00,52.0253312626,52.7071248711,51.8561270094,52.6822418927,1402708,,,,,,,,,,49.12347174246705,47.470992421219194,44.855519048460415,43.83092663581996,43.29737654692678,42.85283250612334,42.513712585171106,41.32197240941905,40.3417381682064,39.58673883625723,38.890077184382385,38.63415374990045,38.40249226578228,37.68198170170112,,44.855519048460415,43.83092663581996,41.32197240941905,,42.057427557274046,"rgba(0, 255, 0, 1.0)",3.3511755938454972,42.94758843598753,2.7088233882115675,70.3500633312876,14.334977855228388,True,False,True,False,True,15.380611007626229,0.0,0.0,0.0,0.0,0,1.0561262837376988,0.842148650204283,False,False,False,False,0.3103593209854553,0.3261020819517859,False,False,False,False,59332199,42424990.32771743,False,False,False,False,2645826.3793660337,False,False,False,False
2024-09-26 00:00:00+00:00,53.1699482695,54.0358759183,52.1547227504,52.3239270036,3975467,,,,,,,,,,49.58229307564528,47.73038293903225,44.98802806018147,43.930826388256506,43.38743402822112,42.93284592428958,42.58870986299627,41.39263928374647,40.411217141216596,39.65326883647181,38.95267913950714,38.69570876089649,38.46329158709105,37.73990189302384,,44.98802806018147,43.930826388256506,41.39263928374647,,42.17494478004114,"rgba(0, 255, 0, 1.0)",3.4211842547057563,43.78964301420496,2.741829891913203,71.39635518162713,14.997163823376283,True,False,True,False,True,17.46975520020536,0.0,0.0,0.0,0.0,0,1.05662492390884,0.8210071394601292,False,False,False,False,0.3428282470041926,0.33446516447798924,False,False,False,False,63307666,43243918.785454005,False,False,False,False,2697969.14880266,False,False,False,False
2024-09-27 00:00:00+00:00,53.1400886955,53.647701455,53.0056210801,53.2595269918,1973664,,,,,,,,,,49.78083778522723,47.85372469133117,45.05338711694797,43.98039505287553,43.432187186257885,42.97266407968625,42.62605522260713,41.42783688220393,40.445819269079514,39.68640727965862,38.98386885098373,38.726378251336264,38.49358517195096,37.768764114219465,,45.05338711694797,43.98039505287553,41.42783688220393,,42.230850782454695,"rgba(0, 255, 0, 1.0)",3.4717357786023566,43.85269778267749,2.6751433591416354,71.98734818957314,15.877800513371298,True,False,True,False,True,17.383581839817236,0.0,0.0,0.0,0.0,0,1.0801727974392765,0.8256855145886071,False,False,False,False,0.34282824717188454,0.3386467058249369,False,False,False,False,61334002,43953333.81347542,False,False,False,False,2669565.0253202026,False,False,False,False
2024-09-30 00:00:00+00:00,52.9012121027,53.1599950782,52.4035525345,52.8514461459,1383895,,,,,,,,,,49.89161414088911,47.930166157304,45.096164500564555,44.01319570547714,43.46192350267816,42.99920763723676,42.65100195450051,41.45147375492975,40.469136274684445,39.70879247036953,39.004981786406496,38.74715342942436,38.51411792044923,37.78836123639458,,45.096164500564555,44.01319570547714,41.45147375492975,,42.266235033664906,"rgba(0, 255, 0, 1.0)",3.5224429653573055,43.88755661759545,2.55892162733435,71.48232053441956,15.877800513371298,True,False,True,False,True,16.686087521267176,0.0,0.0,0.0,0.0,0,1.0717537264898638,0.8238967185236856,False,False,False,False,0.3038470047345827,0.3212468552797598,False,False,False,False,59950107,44580658.252162665,False,False,False,False,2619146.5929547045,False,False,False,False
2024-10-01 00:00:00+00:00,52.8315397632,53.1799014609,52.3736929604,52.7917269977,1894560,,,,,,,,,,50.0295401399189,48.03053138303046,45.15377012401134,44.05757319025552,43.5022139980354,43.03521719408229,42.68486825480539,41.483599017172615,40.500846991528455,39.7392527047184,39.03372593383126,38.77544220698668,38.54208015674943,37.81505998802973,,45.15377012401134,44.05757319025552,41.483599017172615,,42.313122948796845,"rgba(0, 255, 0, 1.0)",3.5482984811021865,43.93478610881761,2.50732955577594,70.8710777976238,15.877800513371298,True,False,True,False,True,16.480529102642464,0.0,0.0,0.0,0.0,0,1.0668649209087915,0.8339407312056234,False,False,False,False,0.30349523700286624,0.31237104614131306,False,False,False,False,58055547,45109085.261881776,False,False,False,False,2590731.432446677,False,False,False,False
2024-10-02 00:00:00+00:00,52.7021482754,53.0803695473,52.3736929604,52.7817738063,1330399,,,,,,,,,,50.11635213729994,48.097480503268784,45.19331060718291,44.08819903853929,43.53006891107784,43.060149553654774,42.708336557273874,41.505898049471156,40.522879958845635,39.7604333724755,39.05372762240281,38.79513141734144,38.56154568316253,37.83365647733694,,45.19331060718291,44.08819903853929,41.505898049471156,,42.3447978492381,"rgba(0, 255, 0, 1.0)",3.5622148422360698,43.96668493315629,2.4522561746332783,69.92218299461246,15.877800513371298,True,False,True,False,True,16.093504587551543,0.0,0.0,0.0,0.0,0,1.0653121626066542,0.84386266619516,False,False,False,False,0.29998154950475614,0.30617629782303457,False,False,False,False,56725148,45564617.133964844,False,False,False,False,2541306.631174258,False,False,False,False
2024-10-03 00:00:00+00:00,52.3438333863,52.7071248711,52.0153780713,52.3338801949,1420564,,,,,,,,,,50.19096101800645,48.16143145319026,45.23306080222488,44.119295788523296,43.55845774658948,43.085634276906376,42.732369451473005,41.528842555439326,40.545620413313955,39.782341417084865,39.074454357189545,38.81554678475585,38.58173966794103,37.85297875453065,,45.23306080222488,44.119295788523296,41.528842555439326,,42.37590960622636,"rgba(0, 255, 0, 1.0)",3.563235701170325,43.995928935550424,2.3427876095897195,67.78568960237824,15.877800513371298,True,False,True,False,False,15.017363609047553,0.0,0.0,0.0,0.0,0,1.0716103467117122,0.8399750566438138,False,False,False,False,0.2743692977458308,0.2902727977844327,False,False,False,False,55304584,45946576.6189074,False,False,False,False,2497355.9397556596,False,False,False,False
2024-10-04 00:00:00+00:00,52.8514461459,53.3690120968,52.4135057258,52.8414929545,855131,,,,,,,,,,50.2437979130746,48.203691793856855,45.25851699419191,44.1390829267416,43.57646883946079,43.101768924111,42.74756122514152,41.543271998825695,40.55987111961098,39.79603916975882,39.08738970508842,38.82827966363251,38.59432736631778,37.8650035325521,,45.25851699419191,44.1390829267416,41.543271998825695,,42.39607651231176,"rgba(0, 255, 0, 1.0)",3.575074711890576,44.01733829933853,2.471027477322229,67.50066522846333,15.877800513371298,True,False,True,False,False,16.02451527913626,0.0,0.0,0.0,0.0,0,1.0834342473336316,0.8272139367171694,False,False,False,False,0.311604554285573,0.30093867603500285,False,False,False,False,56159715,46347091.84953848,False,False,False,False,2432954.9617260257,False,False,False,False
2024-10-07 00:00:00+00:00,52.3040206208,52.8414929545,51.9556589231,52.8414929545,919917,,,,,,,,,,50.287781773106275,48.24343862065272,45.28388951513182,44.15903088601071,43.59470687339639,43.11816267065371,42.76303154422116,41.558055864019664,40.5745304051912,39.81016846255941,39.100763462732736,38.841454296588104,38.607360507776136,37.877478346754636,,45.28388951513182,44.15903088601071,41.558055864019664,,42.41570380205676,"rgba(0, 255, 0, 1.0)",3.5557926681136074,44.03627609753982,2.3251480879075905,65.07941064776344,19.70617746452193,True,False,True,False,False,14.37315119165882,0.0,0.0,0.0,0.0,0,1.0609021133734347,0.8474393504246381,False,False,False,False,0.2769662429306017,0.28895245948280224,False,False,False,False,55239798,46695825.42406639,False,False,False,False,2373620.1396975545,False,False,False,False
2024-10-08 00:00:00+00:00,52.1547227504,52.7021482754,51.8362206267,52.1845823245,1193797,,,,,,,,,52.23103055083333,50.3386538738761,48.29223672915212,45.315920046269326,44.18434742131183,43.617896997927794,43.1390392871969,42.782750392315585,41.57694043057811,40.5932810940987,39.82825896169771,39.11790123709053,38.85834157429324,38.62407033750692,37.89348355252983,,45.315920046269326,44.18434742131183,41.57694043057811,,43.092943499111875,"rgba(0, 255, 0, 1.0)",3.5203324772522073,44.715186346169865,2.1133050506743776,62.88036121635984,17.496438534324056,True,False,True,False,False,13.924191984895945,0.0,0.0,0.0,0.0,0,1.0541298571896305,0.8532339940538717,False,False,False,False,0.2679788272197058,0.278465643351254,False,False,False,False,54046001,46984067.60351476,False,False,False,False,2327352.5655917684,False,False,False,False
2024-10-09 00:00:00+00:00,52.6523823186,52.8116333804,51.8561270094,51.8660802008,1229515,,,,,,,,,52.337079445761006,50.393824460571665,48.343863515349334,45.34958946880793,44.2109289409868,43.642227585095576,43.16093277412846,42.80342092740437,41.59670049013775,40.6128755548772,39.8471487839364,39.13578566260254,38.87596079598465,38.6415010282981,37.91017012613086,,45.34958946880793,44.2109289409868,41.59670049013775,,43.12413397067151,"rgba(0, 255, 0, 1.0)",3.5082326601329212,44.74540693997666,2.2538343789102497,62.7498084354483,17.241117518826783,True,False,True,False,False,14.950230876514453,0.0,0.0,0.0,0.0,0,1.0437901847497462,0.8613565280902683,False,False,False,False,0.27246716523264775,0.2754664042919509,False,False,False,False,55275516,47309222.44259261,False,False,False,False,2284300.11203915,False,False,False,False
2024-10-10 00:00:00+00:00,52.7817738063,52.9808376336,52.1348163676,52.2741610467,1201565,,,,,,,,,52.43499672229032,50.44982571546702,48.395402467067925,45.38307211037095,44.23734492610059,43.66639300319935,43.182670854676296,42.823937926562195,41.616283486294826,40.63227259802592,39.86583585517137,39.153469321082014,38.8933790259424,38.65872999655732,37.92665590349851,,45.38307211037095,44.23734492610059,41.616283486294826,,43.15468466082047,"rgba(0, 255, 0, 1.0)",3.4902310390404323,44.776054785986574,2.293750451120404,62.998594571315934,17.241117518826783,True,False,True,False,False,15.216684646556565,0.0,0.0,0.0,0.0,0,1.043167388949114,0.8780541027496972,False,False,False,False,0.2880880599537728,0.2817772321228619,False,False,False,False,56477081,47668746.30758899,False,False,False,False,2241839.9115670267,False,False,False,False
2024-10-11 00:00:00+00:00,53.3092929487,54.1752205974,52.9509780595,52.9509780595,1258543,,,,,,,,,52.70392510118615,50.52715632533226,48.458590554701,45.42186841108402,44.26760690565504,43.69394065348978,43.2073619121122,42.84718187287898,41.63829025940086,40.65395005488652,39.88664378464,39.17310136449314,38.912696517951986,38.67782033638181,37.94487501203438,,45.42186841108402,44.26760690565504,41.63829025940086,,43.201000604415206,"rgba(0, 255, 0, 1.0)",3.46350028621375,44.82334511189388,2.4501074449405746,64.4724855982898,17.241117518826783,True,False,True,False,False,16.30024537153231,0.0,0.0,0.0,0.0,0,1.0653670132860034,0.8442728328622343,False,False,False,False,0.3428282473355926,0.31230273972922723,False,False,False,False,57735624,48063525.82493844,False,False,False,False,2203279.2483683196,False,False,False,False
2024-10-14 00:00:00+00:00,53.617841881,53.9363440046,53.3889184796,53.6377482637,836988,,,,,,,,,52.84201481137495,50.579259991439145,48.50113819668545,45.44800204261996,44.28799068964028,43.71249094147754,43.223986549388044,42.8628292140409,41.653089110862645,40.66851575750071,39.90061864730046,39.186281871907504,38.925664126038356,38.69063389930486,37.95709965211202,,45.44800204261996,44.28799068964028,41.653089110862645,,43.22930770011285,"rgba(0, 255, 0, 1.0)",3.4538398036908524,44.853213519267975,2.5376476211681673,66.15760515816294,17.241117518826783,True,False,True,False,True,16.928443265782192,0.0,0.0,0.0,0.0,1,1.110029175263414,0.8205630716916649,False,False,False,False,0.3428282474023154,0.3275654935657713,False,False,False,False,58572612,48475646.85141144,False,False,False,False,2149699.1994126993,False,False,False,False
2024-10-15 00:00:00+00:00,53.2296674177,53.836812091,53.0903227386,53.4187780537,1259162,,,,,,,,,52.94008141956397,50.64802482008094,48.5606546965854,45.48575931599533,44.317635577573995,43.73953525983122,43.248270733536934,42.885713791797954,41.67479888506227,40.68992567832394,39.921189177668445,39.20570686683201,38.94478306352442,38.70953223947796,37.97514794074784,,45.48575931599533,44.317635577573995,41.67479888506227,,43.26311729777351,"rgba(0, 255, 0, 1.0)",3.4272456114739587,44.8897870125489,2.433406108167532,65.37672933844316,17.241117518826783,True,False,True,False,True,15.682606841035344,0.0,0.0,0.0,0.0,1,1.1551080852932025,0.7871121855086365,False,False,False,False,0.3287861843398307,0.328175838952801,False,False,False,False,57313450,48822227.36704236,False,False,False,False,2114776.1719847503,False,False,False,False
2024-10-16 00:00:00+00:00,54.4539099556,54.7325993138,53.4635674148,53.5481695414,1657252,,,,,,,,,53.185040249977824,50.759519459645865,48.64992977310415,45.54008042102512,44.359908731908035,43.777947104031476,43.28266198890408,42.91805422254443,41.70526927147296,40.71983228724697,39.94983296463395,39.23268601846748,38.9713133859274,38.73573576842595,38.00011563358437,,45.54008042102512,44.359908731908035,41.70526927147296,,43.319195152060004,"rgba(0, 255, 0, 1.0)",3.4038509646535284,44.951211043962495,2.79174940686769,67.53170373985385,13.516642335102262,True,False,True,False,True,18.161556588211994,0.0,0.0,0.0,0.0,1,1.1351753115861667,0.7733029839641471,False,False,False,False,0.342828247612404,0.33550204328260247,False,False,False,False,58970702,49220206.76441325,False,False,False,False,2096834.0475931915,False,False,False,False
2024-10-17 00:00:00+00:00,55.0710078202,55.2203056907,54.493722721,54.493722721,1090941,,,,,,,,,53.38054697390507,50.84352986413195,48.71449393663665,45.578374437474665,44.38953487760988,43.80479300139738,43.30664955119535,42.940577388106945,41.726383054810555,40.74048147170203,39.969563548344276,39.25123405074361,38.98954048955249,38.75372755360058,38.017229024959924,,45.578374437474665,44.38953487760988,41.726383054810555,,43.36044394827809,"rgba(0, 255, 0, 1.0)",3.417556748059714,44.997123171943585,2.94768613688003,69.99635620555054,15.885545977143366,True,False,True,False,True,19.35761369425831,0.0,0.0,0.0,0.0,0,1.1698046146770171,0.7672070216369694,False,False,False,False,0.3428282480557257,0.3391651456691641,False,False,False,False,60061643,49645361.12659312,False,False,False,False,2057387.2614130664,False,False,False,False
2024-10-18 00:00:00+00:00,56.1260461048,56.4146886544,55.0063120763,55.2501652647,1767375,,,,,,,,,53.76007349711501,51.001778868848945,48.83140567932303,45.645797765122836,44.441341936485316,43.85158839578982,43.34836349468767,42.97967584370488,41.76282106792552,40.77596957106032,40.00337847106147,39.28294908042785,39.02068160130478,38.784444654744846,38.04638557587059,,45.645797765122836,44.441341936485316,41.76282106792552,,43.43577703356486,"rgba(0, 255, 0, 1.0)",3.475255427486883,45.082289678847104,3.1778258192489584,73.06698730212648,18.747988083366252,True,False,True,False,True,20.0,0.0,0.0,0.0,0.0,0,1.1908196094140764,0.7227521129844218,False,False,False,False,0.34282824788231064,0.3409966967757374,False,False,False,False,61829018,50123151.592216924,False,False,False,False,2046014.2315537306,False,False,False,False
2024-10-21 00:00:00+00:00,55.1307269684,56.5590099292,55.0212418634,56.0066078085,1582390,,,,,,,,,53.97911534198354,51.12753677985813,48.9288469454837,45.703788980358034,44.486207177379214,43.89221231952625,43.38464925779649,43.01372785187474,41.794643764259746,40.807017235977035,40.03300180562932,39.3107659783054,39.04800570526657,38.81140557254636,38.072002239525226,,45.703788980358034,44.486207177379214,41.794643764259746,,43.49286179705131,"rgba(0, 255, 0, 1.0)",3.4840798359785645,45.9430115076981,2.6370565237410424,71.1389796024011,18.747988083366252,True,False,True,False,True,18.152542558149207,0.0,0.0,0.0,0.0,0,1.1518635250374405,0.7329726135488555,False,False,False,False,0.34282824792787564,0.34191247235180655,False,False,False,False,60246628,50520150.66703195,False,False,False,False,2027832.889139859,False,False,False,False
2024-10-22 00:00:00+00:00,54.0657354924,54.9913822893,53.9015078348,54.7724120792,1574646,,,,,,,,,54.01570044355596,51.21264155047322,49.00531188183803,45.75359674139896,44.52549753158077,43.928058918961845,43.41685980163344,43.04407364922785,41.82330338698882,40.83517724242258,40.06000438918618,39.336230454854324,39.073055054234345,38.836152765781705,38.095602484521585,,45.75359674139896,44.52549753158077,41.82330338698882,,43.53075108644397,"rgba(0, 255, 0, 1.0)",3.464675728652865,45.95393373160586,2.3412874381603888,66.4776075285024,21.37386687879058,True,False,True,False,False,14.916260559508384,0.0,0.0,0.0,0.0,0,1.133646044121691,0.763715840832032,False,False,False,False,0.2559894767918384,0.2989509745718225,False,False,False,False,58671982,50839830.32714835,False,False,False,False,2010060.8542716294,False,False,False,False
2024-10-23 00:00:00+00:00,53.7969993255,54.3643312333,53.2993397573,54.0259227269,1214458,,,,,,,,,54.00073831344773,51.26518129582179,49.05741696313944,45.789403354815946,44.55405271708332,43.95421759729005,43.44044129687324,43.06633552666928,41.844438269118044,40.85601456123733,40.08003390930171,39.355158659768634,39.091687628408415,38.854571574775186,38.1131988266093,,45.789403354815946,44.55405271708332,41.844438269118044,,43.55485936629062,"rgba(0, 255, 0, 1.0)",3.4394789875943736,45.964681922737526,2.2771813495626336,62.60592578705881,17.96103289495474,False,False,True,False,False,14.119044431042003,0.0,0.0,0.0,0.0,0,1.1218607978950754,0.7820534344130738,False,False,False,False,0.2055689084331005,0.2522599415024615,False,False,False,False,57457524,51099347.72608371,False,False,False,False,1978860.7423394087,False,False,False,False
2024-10-24 00:00:00+00:00,54.0259227269,54.6728801656,53.9164376219,54.2448929369,1126454,,,,,,,,,54.01428392272275,51.31911643927165,49.108572821947156,45.82391032996793,44.58147585313478,43.97929900585549,43.46302607646836,43.08763819476658,41.864603025473386,40.87585422140845,40.09907886986798,39.37313702242856,39.109378469707146,38.87205355330548,38.12988395124939,,45.82391032996793,44.58147585313478,41.864603025473386,,43.58008745050501,"rgba(0, 255, 0, 1.0)",3.436991010174275,45.98802486377686,2.338643842631283,60.56976962686768,16.264447715676695,False,False,True,False,False,14.584655282220456,0.0,0.0,0.0,0.0,0,1.1072748974499937,0.7878462654810885,False,False,False,False,0.2317034359925289,0.2419816887474952,False,False,False,False,58583978,51392862.63878631,False,False,False,False,1945433.0269535496,False,False,False,False
2024-10-25 00:00:00+00:00,53.2495738005,54.3643312333,52.9708844423,54.0856418751,1100795,,,,,,,,,53.98471540577868,51.35802453019044,49.15108103597853,45.85465786361994,44.60625004013611,44.00207637659527,43.483620226930995,43.10711448920366,41.88316772792093,40.89420351168312,40.11674986348759,39.38986406652642,39.12585306230536,38.888346491299906,38.14547053027641,,45.85465786361994,44.60625004013611,41.88316772792093,,43.59941301479556,"rgba(0, 255, 0, 1.0)",3.4321627919666122,46.000239550102556,2.1121766914335707,56.970623639175784,13.042858239015175,False,True,True,False,False,12.274870391080206,0.0,0.0,0.0,0.0,0,1.0726518019129843,0.811420440720116,False,False,False,False,0.18687149125749208,0.21442659000249364,False,False,False,False,57483183,51631698.73138293,False,False,False,False,1912309.9670730182,False,False,False,False
2024-10-28 00:00:00+00:00,54.4240503815,54.4837695297,53.6576546464,53.8766248564,1556463,,,,,,,,,54.00085608915929,51.42679834906991,49.21866667931461,45.90142141522671,44.6436210377212,44.036316771527204,43.51450035297954,43.13626605752974,41.91079908651952,40.92140883174087,40.142882562255,39.41454912795289,39.15014797650946,38.91235822561988,38.16839889971609,,45.90142141522671,44.6436210377212,41.91079908651952,,43.63326609752279,"rgba(0, 255, 0, 1.0)",3.461191146638047,46.03532463090194,2.4236528394989887,57.33931813577189,13.042858239015175,False,True,True,False,False,14.675860515342094,0.0,0.0,0.0,0.0,0,1.0812145430442737,0.7956653502481669,False,False,False,False,0.21115931526349466,0.21279295263299414,False,False,False,False,59039646,51922206.46740713,False,False,False,False,1898355.184050547,False,False,False,False
2024-10-29 00:00:00+00:00,53.3988716709,54.2448929369,53.1201823127,54.1254546405,1579476,,,,,,,,,53.97013871943062,51.478804237909124,49.27735635101944,45.94494282880898,44.67888050379386,44.06878748555843,43.54390269943179,43.16409342966855,41.93734716087811,40.94765834116843,40.168173037041704,39.43850034272086,39.17374082296934,38.93569321946502,38.19072971009323,,45.94494282880898,44.67888050379386,41.93734716087811,,43.66124992599717,"rgba(0, 255, 0, 1.0)",3.4691655923896185,46.058865533131,2.115784312478749,54.93293382669822,11.244099568303234,False,True,True,False,False,11.719254318054272,0.0,0.0,0.0,0.0,0,1.0596768934782683,0.8079987059814461,False,False,False,False,0.1825515060863502,0.19767222935967216,False,False,False,False,57460170,52139381.50790097,False,False,False,False,1885850.118009349,False,False,False,False
2024-10-30 00:00:00+00:00,53.7870461342,54.2647993197,53.0604631645,53.0604631645,1201168,,,,,,,,,53.95589263513752,51.51879540336678,49.32211838580212,45.97820957687086,44.7058563457911,44.0936330047287,43.56640528554115,43.18539138202327,41.95765633017867,40.967730704439646,40.187508339178514,39.45680980394552,39.1917754049093,38.95352976426266,38.207796457509815,,45.97820957687086,44.7058563457911,41.95765633017867,,43.683273921579044,"rgba(0, 255, 0, 1.0)",3.4956889359143037,46.07936653374084,2.204910031116141,54.226201422961175,10.50059565133484,False,True,False,False,False,12.51521844061427,0.0,0.0,0.0,0.0,0,1.058331367301822,0.811945505333117,False,False,False,False,0.18109275688933962,0.1893824931245059,False,False,False,False,58661338,52395144.50759113,False,False,False,False,1858999.8388717277,False,False,False,False
2024-10-31 00:00:00+00:00,52.7519142322,53.617841881,52.3736929604,53.617841881,2360141,,,,,,,,52.91448302453333,53.85674936821406,51.56639763962255,49.392101893662684,46.03615415054301,44.753783175123104,44.13809940115594,43.60690955806636,43.22386672014294,41.994688918578696,41.0045531191155,40.22312924952821,39.49066269564298,39.22515997682612,38.98658169815282,38.23951810897933,,46.03615415054301,44.753783175123104,41.994688918578696,,44.29080241861797,"rgba(0, 255, 255, 0.75)",3.49756571829665,46.735519794598495,1.720166230509473,51.34856110952483,7.66293419570826,False,True,False,False,False,9.618992679079692,0.0,0.0,0.0,0.0,0,1.0436033640524605,0.8181828666214869,False,False,False,False,0.13213786512972728,0.1607601791271166,False,False,False,False,56301197,52548323.0367052,False,False,False,False,1878652.4334257778,False,False,False,False
2024-11-01 00:00:00+00:00,52.8912589113,53.7770929428,52.8713525286,53.2993397573,1174246,,,,,,,,53.002664238766464,53.82613991436362,51.59332057975334,49.42846276553346,46.06572286677803,44.778189204935096,44.16072029430001,43.627502202812366,43.24341749735664,42.01346629724612,41.02319541771075,40.24114670491316,39.50777399668249,39.242030307178645,39.00328012973384,38.25553425495854,,46.06572286677803,44.778189204935096,42.01346629724612,,44.313285417063916,"rgba(0, 255, 255, 0.75)",3.4920042262604842,46.754333856369605,1.7574220010330004,49.7899509070439,6.086572020074655,False,True,False,False,False,9.914861557014614,0.0,0.0,0.0,0.0,0,1.0425330765657652,0.8212438723024017,False,False,False,False,0.15597372169466736,0.158366950410892,False,False,False,False,57475443,52741543.42742264,False,False,False,False,1851028.6517228063,False,False,False,False
2024-11-04 00:00:00+00:00,53.6078886896,54.2548461283,52.8613993372,52.8912589113,1884398,,,,,,,,53.20159527189123,53.809127516531404,51.644993134792976,49.491366567982176,46.115270873205844,44.81888786682473,44.19836483032584,43.66172240759937,43.27587233491051,42.04452908593972,41.05396077583462,40.2708352127903,39.53593489719505,39.26978273824284,39.03073935438564,38.281842917832655,,46.115270873205844,44.81888786682473,42.04452908593972,,44.3565516116428,"rgba(0, 255, 255, 0.75)",3.4916754957909393,46.79511562908386,1.95114725544474,50.54468883319936,6.086572020074655,False,True,False,False,False,11.424645671995965,0.0,0.0,0.0,0.0,0,1.0391383062963888,0.846370441884519,False,False,False,False,0.17305400421946238,0.16571047731517718,False,False,False,False,59359841,53001084.508700185,False,False,False,False,1852337.2536160296,False,False,False,False
2024-11-05 00:00:00+00:00,55.4890418575,55.5388078143,53.647701455,53.7472333687,1968517,,,,,,,,53.65200272863085,53.88060573860132,51.731101688438386,49.57562081847744,46.17535409730685,44.86733843795534,44.242848805727306,43.70193616423193,43.31386713602163,42.080487266591675,41.08930281300975,40.304764689992155,39.56798149620287,39.30131833592247,39.061901840387605,38.31158841697475,,46.17535409730685,44.86733843795534,42.080487266591675,,44.42862627965452,"rgba(0, 255, 0, 1.0)",3.533783001124426,46.872366925760375,2.4383712664297317,54.65399746212244,6.086572020074655,False,True,True,False,True,15.143809616583614,0.0,0.0,0.0,0.0,0,1.0208278497954295,0.8357116693869301,False,False,False,False,0.25000691331453884,0.207858695314858,False,False,False,False,61328358,53327644.25345704,False,False,False,False,1856893.3221016757,False,False,False,False
2024-11-06 00:00:00+00:00,56.7132843953,57.1512248154,55.7378716416,56.8426758831,3067430,,,,,,,,54.497621181854335,54.12811409699616,51.92171224096792,49.74077098435443,46.28469015998929,44.954131609628114,44.32200971265866,43.77314102815907,43.380907436522186,42.14325086709054,41.15052589913168,40.36323952233868,39.62297544494813,39.35535520190599,39.11522975959584,38.36229747897973,,46.28469015998929,44.954131609628114,42.14325086709054,,44.56974828907005,"rgba(0, 255, 0, 1.0)",3.6015571366385952,47.03533188979845,2.6871578426586273,59.11458560319149,2.6009676183728914,False,True,True,False,True,17.382173236561076,0.0,0.0,0.0,0.0,0,1.0547082432178903,0.8209200081102048,False,False,False,False,0.3428282469638112,0.2753434711393346,False,False,False,False,64395788,53761689.10626265,False,False,False,False,1904365.3486859237,False,False,False,False
2024-11-07 00:00:00+00:00,57.250756729,57.5095397045,56.7132843953,56.9023950313,1224304,,,,,,,,54.776491917781975,54.236860146728205,52.00335795963979,49.81037214801488,46.33030437053731,44.990260428194816,44.35492048129866,43.80271924164299,43.408735668667504,42.16922895668837,41.17581185059601,40.38735679756897,39.64563168011498,39.37760810168721,39.13718267210799,38.38315028699552,,46.33030437053731,44.990260428194816,42.16922895668837,,44.62437454426657,"rgba(0, 255, 0, 1.0)",3.659198524355639,47.100294716333366,2.7739577246506646,62.758837021658906,5.944206627904464,False,False,True,False,True,18.331521782062314,0.0,0.0,0.0,0.0,0,1.0692398389716344,0.8135307039495955,False,False,False,False,0.3428282474323169,0.30908585928582577,False,False,False,False,65620092,54226724.513860196,False,False,False,False,1877696.2761884367,False,False,False,False
2024-11-08 00:00:00+00:00,56.8227695003,57.250756729,56.7431439694,57.250756729,1020476,,,,,,,,54.95025256409177,54.31534911455209,52.066680882488605,49.86569595996834,46.36727008037339,45.019672288780875,44.381756458554726,43.826870834428,43.43147711856447,42.19049816709535,41.19653918232282,40.40714426822671,39.66423573956623,39.39588586243019,39.15521813345043,38.40029379063741,,46.36727008037339,45.019672288780875,42.19049816709535,,44.66467752784571,"rgba(0, 255, 0, 1.0)",3.7065042507099455,47.148397278398946,2.6101068736257402,63.96848684785647,7.033311195539973,False,False,True,False,True,17.09850211760458,0.0,0.0,0.0,0.0,0,1.0674724836215097,0.8206381529573507,False,False,False,False,0.33485615728280915,0.32197100828431746,False,False,False,False,64599616,54633504.57214019,False,False,False,False,1844079.7947692825,False,False,False,False
2024-11-11 00:00:00+00:00,58.4949056496,58.9527524524,57.2607099204,57.2607099204,1559622,,,,,,,,55.309651340536625,54.48201317471906,52.185327665902925,49.96381562444628,46.43014249912188,45.06920647446852,44.426764468184174,43.86724618991523,43.46940999529089,42.225735192316876,41.230713983671635,40.439660655102934,39.694721006903585,39.425807090286426,39.18471726115641,38.42826269316528,,46.43014249912188,45.06920647446852,42.225735192316876,,44.739574707199296,"rgba(0, 255, 0, 1.0)",3.8039738282578432,47.239462870182805,2.958864410634497,66.82928308753378,9.76463953158487,True,False,True,False,True,19.99554087081268,0.0,0.0,0.0,0.0,0,1.065937406960084,0.7901664933928229,False,False,False,False,0.34282824803139644,0.33239962815785695,False,False,False,False,66159238,55085494.11833077,False,False,False,False,1832924.5871312716,False,False,False,False
2024-11-12 00:00:00+00:00,57.6389311922,58.5745311805,57.250756729,58.1465439518,1283249,,,,,,,,55.51703312531528,54.594862596881256,52.27312078653237,50.03887773389369,46.479576543224525,45.1084104119988,44.46247255027652,43.89934360778309,43.49960304989756,42.25386418922611,41.25804696667082,40.46570476861277,39.71916982077494,39.44981373376181,39.20839381373334,38.450735706599325,,46.479576543224525,45.1084104119988,42.25386418922611,,44.79243933782389,"rgba(0, 255, 0, 1.0)",3.873781376072438,47.30374486802576,2.6679838950160137,66.4732370072074,9.76463953158487,True,False,True,False,True,17.576037738319418,0.0,0.0,0.0,0.0,0,1.1056748779465169,0.7886461246903064,False,False,False,False,0.3304875545637339,0.33144359136079543,False,False,False,False,64875989,55469435.094082505,False,False,False,False,1811368.6817535749,False,False,False,False
2024-11-13 00:00:00+00:00,57.3403354513,58.1515205475,57.1810843895,57.6787439577,1260457,,,,,,,,55.6701087830991,54.69004734621019,52.352757266210304,50.108771615003306,46.526597143388976,45.14589001081316,44.49667270611868,43.93013292973993,43.52859251700202,42.28092852327092,41.28438081580402,40.4908228230075,39.7427713035866,39.472995405073085,39.231262625144936,38.47245904827524,,46.526597143388976,45.14589001081316,42.28092852327092,,44.83907442885925,"rgba(0, 255, 0, 1.0)",3.934226679642275,47.36031092143735,2.5367182276263995,65.47598226939249,9.76463953158487,True,False,True,False,True,16.744276501464295,0.0,0.0,0.0,0.0,0,1.1060875357139468,0.7703298604741385,False,False,False,False,0.31496256692313684,0.3232030791419661,False,False,False,False,63615532,55788889.87470672,False,False,False,False,1789764.3020769642,False,False,False,False
2024-11-14 00:00:00+00:00,57.5294460872,59.9182120147,57.3303822599,58.3456077791,1866836,,,,,,,,55.92901433233028,54.852168734111466,52.481711112265465,50.219464632624096,46.59989316209489,45.204102391284685,44.54970264398915,43.97781513089764,43.573445782893636,42.32267063704439,41.32490240652164,40.52941327144605,39.778984772175505,39.50854839736787,39.26632146049751,38.50572202277391,,46.59989316209489,45.204102391284685,42.32267063704439,,44.91399255564488,"rgba(0, 255, 0, 1.0)",4.002279025794512,47.451952215478414,2.5179388560299225,65.09819489372464,9.76463953158487,True,False,True,False,True,17.080579366574657,0.0,0.0,0.0,0.0,0,1.1133020677189123,0.7399099979490049,False,False,False,False,0.34282824830402975,0.33301566372299796,False,False,False,False,65482368,56169026.27177705,False,False,False,False,1792786.7216033577,False,False,False,False
2024-11-15 00:00:00+00:00,56.5241737594,57.9075678272,56.3052035494,57.8280418282,2406514,,,,,,,,56.041289223193,54.96612167631341,52.60299102734451,50.33462097586499,46.68227663037171,45.270720586335806,44.610805138267644,44.03306189378613,43.62559754803485,42.37163808872173,41.37272129309186,40.5751523417165,39.822071145530614,39.55090303656029,39.30813341673641,38.54552349306831,,46.68227663037171,45.270720586335806,42.37163808872173,,44.98210171968361,"rgba(0, 255, 0, 1.0)",4.033155112515853,47.53306857848479,2.229298137583066,62.24735710218768,9.76463953158487,False,False,True,False,False,14.284748197092835,0.0,0.0,0.0,0.0,0,1.1143116261164812,0.7652176316252272,False,False,False,False,0.25257430574058354,0.2927949847317908,False,False,False,False,63075854,56439882.26111913,False,False,False,False,1816854.458011069,False,False,False,False
2024-11-18 00:00:00+00:00,55.8473567466,56.6237056731,55.7826610027,56.5540333335,2171822,,,,,,,,56.04533291777935,55.01929885602984,52.68692548734091,50.42254044512656,46.74957884483498,45.32596574292269,44.66175673150598,44.07933873658003,43.66940404417934,42.4130490779907,41.41334017042151,40.61413173575015,39.85889564602225,39.5871365187988,39.34393171107998,38.57968373559874,,46.74957884483498,45.32596574292269,42.4130490779907,,45.02939440012261,"rgba(0, 255, 0, 1.0)",4.012098056291737,47.587389222853794,2.0587651168677183,58.79455709499538,15.229592672637125,False,True,True,False,False,12.460366711017166,0.0,0.0,0.0,0.0,0,1.104062421020928,0.788400588458207,False,False,False,False,0.20080630874277777,0.24680064673728427,False,False,False,False,60904032,56614946.95676152,False,False,False,False,1830774.753775341,False,False,False,False
2024-11-19 00:00:00+00:00,56.514220568,56.6734716299,55.1506333511,55.2899780302,1278977,,,,,,,,56.04884974188055,55.049081465111136,52.734882034422874,50.47332086816915,46.78888233611477,45.3583206833517,44.69162431105483,44.106488707669456,43.69511595659317,42.437369095435585,41.43720147191179,40.63703668615396,39.88054107863048,39.608436411082856,39.36497718547374,38.59977068661983,,46.78888233611477,45.3583206833517,42.437369095435585,,45.05699366997974,"rgba(0, 255, 0, 1.0)",3.959256335257207,47.618901891222706,2.24671451493666,57.806804426078614,14.1570784568694,False,True,True,False,False,13.719297706622854,0.0,0.0,0.0,0.0,0,1.0953227061047908,0.7839553257820674,False,False,False,False,0.17877833876243543,0.21278949274985987,False,False,False,False,62183009,56833302.33100616,False,False,False,False,1809135.6261763081,False,False,False,False
2024-11-20 00:00:00+00:00,56.1160929135,56.573043929,55.7378716416,56.4644546112,1775671,,,,,,,,56.055160933371276,55.088915557969415,52.79984262203985,50.5426995025861,46.84307682520586,45.40304287396895,44.73294031688148,44.14407226463575,43.73072205248289,42.47106372628997,41.47026769548626,40.66878534771044,39.91055171933249,39.63797010498278,39.39415971300933,38.62762921461241,,46.84307682520586,45.40304287396895,42.47106372628997,,45.09505627941033,"rgba(0, 255, 0, 1.0)",3.914415315765858,47.66216176457483,2.159691925094348,56.197959785699155,12.447045517019774,False,True,True,False,False,12.644491087416107,0.0,0.0,0.0,0.0,0,1.1051461500681683,0.7949121020013745,False,False,False,False,0.17456536358046,0.19367742816515993,False,False,False,False,60407338,56973460.59253534,False,False,False,False,1807823.2878948844,False,False,False,False
2024-11-21 00:00:00+00:00,57.2607099204,57.5095397045,55.8374035553,56.3848290803,1522222,,,,,,,,56.09969571918295,55.142839908059074,52.86527953219836,50.608384434056184,46.892631039287245,45.44366244886992,44.770363917136,44.178045619179294,43.762862314837975,42.50134615032487,41.49989456916543,40.69717275280552,39.93733892589879,39.66431583046762,39.420178456492145,38.65242925378991,,46.892631039287245,45.44366244886992,42.50134615032487,,45.13352755448445,"rgba(0, 255, 0, 1.0)",3.833231195578413,47.706900818478054,2.4923644347208036,57.30459400200442,12.447045517019774,False,True,True,False,False,14.784579587617038,0.0,0.0,0.0,0.0,0,1.0757443889665228,0.7970670807489323,False,False,False,False,0.19511398417711814,0.19439570617113905,False,False,False,False,61929560,57167817.43204376,False,False,False,False,1796623.2373892027,False,False,False,False
2024-11-22 00:00:00+00:00,57.9972460814,58.7138758596,56.9982442641,57.3303822599,2690378,,,,,,,,56.258694809292756,55.28309918380386,53.00450037875428,50.73983089601719,46.987979026420376,45.5211872455759,44.84154930461614,44.24250428686232,43.82373505205852,42.558386023725205,41.555483082973645,40.750294227993095,39.98735463891273,39.71346918462683,39.46868862649295,38.69857472614469,,46.987979026420376,45.5211872455759,42.558386023725205,,45.21470816839191,"rgba(0, 255, 0, 1.0)",3.8012446848445363,47.803410641540744,2.681709883213205,59.25138747376009,12.447045517019774,False,True,True,False,False,16.111650383768264,0.0,0.0,0.0,0.0,0,1.077744290467498,0.7903366492560205,False,False,False,False,0.2797406688106353,0.23706818749088718,False,False,False,False,64619938,57460057.45431656,False,False,False,False,1831672.4437660968,False,False,False,False
2024-11-25 00:00:00+00:00,59.4205524465,59.7091949961,58.4949056496,58.7935013905,3583912,,,,,,,,56.56869736516016,55.531944744161365,53.224770298283616,50.93834085557563,47.127341964383774,45.63370208505056,44.94454293550393,44.33555065846754,43.91145713725462,42.64012408387366,41.63481640048206,40.82589667774757,40.058372829932715,39.78320599389395,39.5374630113778,38.76385775337999,,47.127341964383774,45.63370208505056,42.64012408387366,,45.34125529965806,"rgba(0, 255, 0, 1.0)",3.8068306610162033,47.95642726860454,3.0114618165955394,62.51467564474853,6.5020645087295605,False,False,True,False,True,18.564208090132865,0.0,0.0,0.0,0.0,0,1.0905842727546458,0.7821444042601192,False,False,False,False,0.34282824612874785,0.2899482168098175,False,False,False,False,68203850,57881382.6521865,False,False,False,False,1900387.7204811517,False,False,False,False
2024-11-26 00:00:00+00:00,59.7987737184,59.9480715888,58.7735950078,59.0423311746,2054353,,,,,,,,56.73565003628342,55.6713294212428,53.35007620531582,51.0519481042346,47.20774226142495,45.69876754832267,45.00413934860419,44.389426798344964,43.96226394674931,42.68745464439368,41.680738009494654,40.869653974239355,40.09947648105237,39.82356671391295,39.577265031826165,38.80163574620246,,47.20774226142495,45.69876754832267,42.68745464439368,,45.41319589197778,"rgba(0, 255, 0, 1.0)",3.7905907877777905,48.043267339296726,3.1012333003623596,65.15123659051778,9.06675905628029,True,False,True,False,True,19.194423379287404,0.0,0.0,0.0,0.0,0,1.0866153810219967,0.7855039698043136,False,False,False,False,0.34282824636192166,0.3163882315858696,False,False,False,False,70258203,58366748.156022325,False,False,False,False,1906425.5745799302,False,False,False,False
2024-11-27 00:00:00+00:00,61.0827354044,61.3415183799,59.8186801011,59.8186801011,2913087,,,,,,,,57.034813150058405,55.91178998942865,53.55355759825191,51.23087295560594,47.331299489447936,45.79818907211049,45.09497531116229,44.471387875545155,44.03944923883866,42.759034003773145,41.74995666310468,40.93545960495816,40.16117232828531,39.88410622441872,39.6369304228565,38.85816614372095,,47.331299489447936,45.79818907211049,42.759034003773145,,45.52819750447293,"rgba(0, 255, 0, 1.0)",3.836847286603117,48.183715641950116,3.361879897458675,68.31848195266767,12.089173348772526,True,False,True,False,True,20.0,0.0,0.0,0.0,0.0,0,1.107934917151261,0.7666249639126269,False,False,False,False,0.3428282465367192,0.3296082390612944,False,False,False,False,73171290,58947318.42441361,False,False,False,False,1945902.4932238546,False,False,False,False
2024-11-29 00:00:00+00:00,61.1026417871,61.480863059,60.7144673239,60.8836715771,1272166,,,,,,,,57.16299582782857,56.016926664052896,53.643123687242515,51.30976714463801,47.385949129127354,45.84220796346339,45.135199918563025,44.507691594670035,44.073639173993406,42.79072318215144,41.780584197171486,40.964568603374005,40.18845813202555,39.91087829780863,39.66331366322659,38.883157276682844,,47.385949129127354,45.84220796346339,42.79072318215144,,45.578699028501234,"rgba(0, 255, 0, 1.0)",3.8906526112019546,48.24538056702209,3.304654130019042,70.45053042879545,14.116010336957814,True,False,True,False,True,20.0,0.0,0.0,0.0,0.0,0,1.123109061848144,0.7896496375767337,False,False,False,False,0.3428282464031103,0.33621824273220235,False,False,False,False,74443456,59555010.09404445,False,False,False,False,1919481.4542738996,False,False,False,False
2024-12-02 00:00:00+00:00,61.2220800835,61.8292247567,60.5154034966,60.9135311512,1829053,,,,,,,,57.33762176926338,56.16336615900481,53.769736558585,51.42202948253061,47.46427383776254,45.905422972890534,45.19300220387827,44.55989053998746,44.122813560953524,42.83631475769783,41.824652715491354,41.00645854546611,40.22773134782876,39.94941380510028,39.70129066193405,38.919134426672564,,47.46427383776254,45.905422972890534,42.83631475769783,,45.65019708406544,"rgba(0, 255, 0, 1.0)",3.940868045326467,48.3324896791815,3.2707490471812313,72.00506854392447,15.643898967305958,True,False,True,False,True,20.0,0.0,0.0,0.0,0.0,0,1.0987461767501965,0.7887507005115783,False,False,False,False,0.34282824616092,0.3395232444465612,False,False,False,False,76272509,60210598.28643486,False,False,False,False,1915935.2403808057,False,True,False,False
2024-12-03 00:00:00+00:00,60.7343737066,62.1477268804,60.4954971139,61.5803949726,1565870,,,,,,,,57.47325853683231,56.28080991317861,53.87391031395377,51.51552341193813,47.53032079233674,45.95890812576615,45.241963894087576,44.60415128068022,44.164533603080926,42.87503355298458,41.86209920927354,41.042071721213716,40.26113624577117,39.982196115446534,39.73360176313789,38.949755809319036,,47.53032079233674,45.95890812576615,42.87503355298458,,45.70932964306255,"rgba(0, 255, 0, 1.0)",3.9687067219853707,49.39458751433629,2.857300119821128,71.38223361783413,15.643898967305958,True,False,True,False,True,20.0,0.0,0.0,0.0,0.0,0,1.0888645217725894,0.7912139241550316,False,False,False,False,0.3428282462335267,0.3411757453400439,False,False,False,False,74706639,60779070.47128055,False,False,False,False,1902207.1917384213,False,False,False,False
2024-12-04 00:00:00+00:00,60.415871583,61.072782213,59.9679779716,60.7144673239,1675046,,,,,,,,57.58437626016824,56.38462993670072,53.97257438806422,51.60702977020189,47.596974946027274,46.01330983732688,45.29190926865059,44.64941203740708,44.20726012063744,42.9148240512995,41.9006698815513,41.07881846113707,40.295659164244114,40.01609329615275,39.767026596169586,38.981475710001966,,47.596974946027274,46.01330983732688,42.9148240512995,,45.766377732858786,"rgba(0, 255, 0, 1.0)",3.987635952089401,49.44447999794854,2.751352359360382,69.90465626276179,15.643898967305958,True,False,True,False,True,19.149054912612588,0.0,0.0,0.0,0.0,0,1.073574383290894,0.8213663297345428,False,False,False,False,0.2785723900200607,0.3098740676800523,False,False,False,False,73031593,61259561.55083818,False,False,False,False,1893298.9097094636,False,False,False,False
2024-12-05 00:00:00+00:00,59.7490077615,60.7940928548,59.6892886133,60.4855439225,3132328,,,,,,,,57.74525373643615,56.54761187852797,54.13830979338786,51.765591062826424,47.71590619708546,46.11111703324483,45.3819488735722,44.73119755945874,44.28457312695653,42.987034639119834,41.97079542168947,41.145726137558555,40.35860311362323,40.077923303220146,39.8280173684437,39.03942083001346,,47.71590619708546,46.11111703324483,42.987034639119834,,45.86431437969779,"rgba(0, 255, 0, 1.0)",3.976830412437264,49.53924000928761,2.56731283292394,66.80532393406787,15.643898967305958,True,False,True,False,False,17.231499513671075,0.0,0.0,0.0,0.0,0,1.0786701551135123,0.822685165480786,False,False,False,False,0.2567619871701881,0.28331802742512024,False,False,False,False,69899265,61598373.450805314,False,False,False,False,1941888.2857992884,False,False,False,False
2024-12-06 00:00:00+00:00,59.5300375515,60.2367141384,59.2513481933,59.9878843543,1984123,,,,,,,,57.8209444914838,56.63260205525665,54.231872728922475,51.85825084538219,47.787647108855154,46.17059553765472,45.436862530138015,44.78120160246844,44.331912129484415,43.031385881326614,42.0139493450008,41.18696355354463,40.397452969049546,40.116103077427034,39.86569339377299,39.07525783112284,,47.787647108855154,46.17059553765472,43.031385881326614,,45.92116844255565,"rgba(0, 255, 0, 1.0)",3.961898599723078,49.59426202246756,2.5078318586262944,64.070660917763,20.2613438886561,False,False,True,False,False,16.606356521029095,0.0,0.0,0.0,0.0,0,1.0698610107287543,0.8533668177727989,False,False,False,False,0.21838763889179436,0.2508528331584573,False,False,False,False,67915142,61846089.864499226,False,False,False,False,1943544.5491012773,False,False,False,False
2024-12-09 00:00:00+00:00,58.8731269214,60.5054503052,58.7337822423,59.9679779716,1947885,,,,,,,,57.87847711217174,56.7038087108596,54.31577067076098,51.9436959131961,47.85547721270073,46.22718800916934,45.48922959198675,44.82897916163716,44.37719497837489,43.07391254260168,42.05539008017077,41.22661133650277,40.43484651000588,40.15286465855401,39.90198071902684,39.10980548801509,,47.85547721270073,46.22718800916934,43.07391254260168,,45.97345204348339,"rgba(0, 255, 0, 1.0)",3.928541132393797,49.6440527444999,2.349236998131289,60.32464207367156,16.69625983551181,False,True,True,False,False,14.744260969562767,0.0,0.0,0.0,0.0,0,1.0460930949444827,0.8452994065352992,False,False,False,False,0.20889629867021628,0.2298745659143368,False,False,False,False,65967257,62007704.26196985,False,False,False,False,1943714.7628620116,False,False,False,False
2024-12-10 00:00:00+00:00,58.8731269214,59.3707864897,58.1266375691,58.6740630942,2107064,,,,,,,,57.91367350044152,56.760892995437096,54.39341820871609,52.026905263615475,47.924306835742826,46.2851811518749,45.54308384347436,44.87826051290719,44.423987303149055,43.118035854162954,42.098499426420055,41.267938716578215,40.47389505384106,40.191276015680494,39.93991561294585,39.14597703947078,,47.924306835742826,46.2851811518749,43.118035854162954,,46.02407795840362,"rgba(0, 255, 0, 1.0)",3.9298797394127485,49.68797323323038,2.337260755348758,57.82729617761059,14.355685875562557,False,True,True,False,False,14.744260969562767,0.0,0.0,0.0,0.0,0,1.0456441829213612,0.8570680382118951,False,False,False,False,0.143388086932938,0.1866313264236374,False,False,False,False,65967257,62162980.839931816,False,False,False,False,1950120.6152987955,False,False,False,False
2024-12-11 00:00:00+00:00,59.7689141443,60.2466673298,59.1418630883,59.4703184033,1366367,,,,,,,,57.95776813396393,56.81246471141202,54.452683501798326,52.08705553180916,47.97225598251352,46.3252751393617,45.5802069001909,44.91215400072276,44.45612027643577,43.148204475730424,42.12788524106012,41.296049783574794,40.50040794150322,40.21733999551881,39.96564219313212,39.17046808163742,,47.97225598251352,46.3252751393617,43.148204475730424,,46.06137386814781,"rgba(0, 255, 0, 1.0)",3.9475820196090536,49.72874312687019,2.5433723650469275,58.3593068298935,14.355685875562557,False,True,True,False,False,16.434562432505203,0.0,0.0,0.0,0.0,0,1.0577577772173359,0.8402222268660118,False,False,False,False,0.21458654508464645,0.2006089357541419,False,False,False,False,67333624,62365751.15993449,False,False,False,False,1927228.316659627,False,False,False,False
2024-12-12 00:00:00+00:00,58.9726588351,59.7937971227,58.7138758596,59.7390545702,2171408,,,,,,,,58.00269018162566,56.87575168917797,54.534485848160145,52.17387198938493,48.044070616154606,46.38586282689947,45.63648704361509,44.96367801333537,44.50504840428346,43.19431318472715,42.17290589820131,41.33919737082792,40.541170592973366,40.25743434511809,40.00523588576802,39.20821350425995,,48.044070616154606,46.38586282689947,43.19431318472715,,46.115026087157034,"rgba(0, 255, 0, 1.0)",3.952715112899358,49.78245327986568,2.3250361568540185,56.333033516318274,12.802034270166232,False,True,True,False,False,14.165818136176537,0.0,0.0,0.0,0.0,0,1.050544814006014,0.8468484150681342,False,False,False,False,0.1811987310480009,0.19090383340107142,False,False,False,False,65162216,62475416.4477802,False,False,False,False,1936803.9905161122,False,False,False,False
2024-12-13 00:00:00+00:00,58.4053269273,59.3757630854,58.3505843748,59.2613013847,2037045,,,,,,,,58.026660918126915,56.921008576799444,54.60147223701419,52.24828341532493,48.107917450337915,46.44020167651597,45.68712116831222,45.010156244376816,44.54925487081876,43.23611682430312,42.21381292272929,41.378469677742544,40.5783299398296,40.294002854934476,40.041363118773056,39.24269901392656,,48.107917450337915,46.44020167651597,43.23611682430312,,46.16105443186662,"rgba(0, 255, 0, 1.0)",3.939593879179829,49.82554291248711,2.1778346392900505,53.48177537953262,9.986986230138676,False,True,False,False,False,12.585780052528055,0.0,0.0,0.0,0.0,0,1.0501964173095422,0.8483782268303584,False,False,False,False,0.1519166423572107,0.17141023787914106,False,False,False,False,63125171,62500897.01845548,False,False,False,False,1940735.0104958725,False,False,False,False
2024-12-16 00:00:00+00:00,58.9527524524,59.0922855943,58.2052534779,58.2251867839,1343993,,,,,,,,58.042470832066996,56.95029826815231,54.644917963514885,52.29675232511354,48.14978072073966,46.475906221914784,45.720414915218505,45.040737759017055,44.57835190352571,43.263644895960255,42.24075618370148,41.40434240197345,40.60281694726306,40.31810224737742,40.06517300001609,39.26543109380807,,48.14978072073966,46.475906221914784,43.263644895960255,,46.191243604960206,"rgba(0, 255, 0, 1.0)",3.934439326336538,49.854519705931146,2.31245979206406,53.03846135742618,9.425060642328503,False,True,False,False,False,13.656072575927858,0.0,0.0,0.0,0.0,0,1.0427291645770587,0.8642786255236167,False,False,False,False,0.13595830600884296,0.153684271943992,False,False,False,False,64469164,62578083.95890821,False,False,False,False,1917333.3630254462,False,False,False,False
2024-12-17 00:00:00+00:00,58.8132193105,58.9128858404,58.105586948,58.6039195976,2526019,,,,,,,,58.064884181382475,56.99880692536241,54.72146553878755,52.38399265578434,48.22655350475948,46.541698541004386,45.78186785600213,45.097267246353965,44.6321827348067,43.314656316056244,42.2907328745142,41.45237242235333,40.64830936343525,40.36288528266322,40.10942682945597,39.307707786749624,,48.22655350475948,46.541698541004386,43.314656316056244,,46.24592562871696,"rgba(0, 255, 0, 1.0)",3.932727899536101,49.90640424079982,2.264793114914158,52.34416060100746,8.528843603736462,False,True,False,False,False,13.262412842232248,0.0,0.0,0.0,0.0,0,1.0480171069770645,0.8581216851398711,False,False,False,False,0.1256100483006165,0.13964716012230427,False,False,False,False,61943145,62553184.391892195,False,False,False,False,1941203.3880048406,False,False,False,False
2024-12-18 00:00:00+00:00,55.275057498,59.500918367,55.0209078467,58.9826524113,3533436,,,,,,,,57.98821357115453,56.98310697512627,54.77082679844505,52.46391472014411,48.311631707774474,46.61740043306634,45.8535266230611,45.16390184716653,44.69605591513384,43.37613592356223,42.35157714154634,41.511285298049266,40.70447706800717,40.41829658314896,40.16428440980313,39.36040538062184,,48.311631707774474,46.61740043306634,43.37613592356223,,46.2959400247382,"rgba(38, 166, 154, 1.0)",3.850084477342594,49.93171600884887,1.38785045382672,45.25409877356775,1.7176038714427833,False,True,False,True,False,4.166839971062473,0.0,0.0,0.0,0.0,0,1.0005212700091441,0.8548741083998291,False,False,False,False,0.03181967128874726,0.08573341570552577,False,False,False,False,58409709,62390695.160837606,False,False,False,False,2003643.882592886,False,False,False,False
2024-12-19 00:00:00+00:00,55.304957457,56.2218895323,55.1293450313,55.9328565956,3119569,,,,,,,,57.880687348277036,56.93516060448595,54.78854918169448,52.514760845058596,48.376011697131844,46.676383313366145,45.909920210542325,45.216765646950066,44.746973414557395,43.42568331733922,42.40095061595298,41.55933549378201,40.750493548851324,40.463759268233034,40.20934821505546,39.403855006141605,,48.376011697131844,46.676383313366145,43.42568331733922,,46.328664857963716,"rgba(38, 166, 154, 1.0)",3.7519240225661608,49.937318060759175,1.4306364851625066,40.6104208141481,-2.525016278003676,False,True,False,True,False,4.2297285743638255,0.0,0.0,0.0,0.0,0,1.0018570626587735,0.9063431395095964,False,False,False,False,-0.09548861669558778,-0.004877600495031005,False,False,False,False,61529278,62356914.09570672,False,False,False,False,2047405.651902969,False,False,False,False
2024-12-20 00:00:00+00:00,55.9029566366,56.8996219359,54.6870249715,55.1654243151,2873097,,,,,,,55.829867848000006,57.8005769913159,56.902075119500395,54.809859917525074,52.56428038329363,48.436557083853415,46.73170015836664,45.962760964327494,45.26627497177959,44.79464217080374,43.47199793178087,42.44705125642145,41.60417214555666,40.79341344474863,40.50615554406914,40.251366012843285,39.4443508581,,48.436557083853415,46.73170015836664,43.47199793178087,,46.91865310601682,"rgba(38, 166, 154, 1.0)",3.6398354459307343,50.62010704184835,1.4513979198311773,39.20064601448759,-3.729479779317991,False,True,False,True,False,5.489209172300605,0.0,0.0,0.0,0.0,0,0.9911519521784139,0.9007129450692362,False,False,False,False,-0.10865991316341098,-0.05676875682922099,False,False,False,False,64402375,62437128.24881627,False,False,False,False,2079785.7047695192,False,False,False,False
2024-12-23 00:00:00+00:00,56.8697219769,56.8796886299,55.7036235767,55.9129232896,1569155,,,,,,,56.061051416238556,57.77308276942068,56.895355739610956,54.828368975753854,52.59600227649016,48.472101365264734,46.763783371195984,45.993281677536345,45.294783400067345,44.82203776023193,43.49847904861067,42.47332073152469,41.62966226837916,40.81776714904365,40.530196569538994,40.275179008261375,39.46726370246559,,48.472101365264734,46.763783371195984,43.49847904861067,,46.952453954684394,"rgba(0, 255, 255, 0.75)",3.491291398970162,50.64483775800035,1.7829746954768164,40.7166145515376,-3.729479779317991,False,True,False,True,False,7.471742832878245,0.0,0.0,0.0,0.0,0,0.9966100072980326,0.9209282563143785,False,False,False,False,-0.06883936398188824,-0.06280406040555461,False,False,False,False,65971530,62575732.23905877,False,False,False,False,2059760.971249146,False,False,False,False
2024-12-24 00:00:00+00:00,57.2982880556,57.3481213205,56.5607557341,57.1886548726,661672,,,,,,,56.19172886589886,57.766935715984886,56.896525972503035,54.83876438247754,52.611213614967596,48.48808246479269,46.778058820494635,46.00681279416774,45.30738718434344,44.8341285720992,43.510114502678185,42.484829485329776,41.64080668894114,40.82839625807023,40.54068311438302,40.28556086671071,39.477238341174115,,48.48808246479269,46.778058820494635,43.510114502678185,,46.96983927323628,"rgba(0, 255, 255, 0.75)",3.3695088800254647,50.659258881136786,1.970325472005593,42.72950976696295,-3.729479779317991,False,True,False,True,True,8.331859430512232,0.0,0.0,0.0,0.0,0,1.0040044508228407,0.9118213377965056,False,False,False,False,-0.016192662731322402,-0.03949836156843851,False,False,False,False,66633202,62734848.70027215,False,False,False,False,2004933.9527687873,False,False,False,False
2024-12-26 00:00:00+00:00,57.6670542163,57.7467874402,56.8996219359,56.8996219359,582144,,,,,,,56.319304753888275,57.764426786229976,56.899715522984934,54.84932999877593,52.62561139821896,48.50269583507119,46.791034692559975,46.019086204096475,45.318800769844685,44.84506646197831,43.520612944587135,42.49519562207742,41.65083237837752,40.83794841626732,40.55010386500083,40.29488475462331,39.48618852443049,,48.50269583507119,46.791034692559975,43.520612944587135,,46.98651993700075,"rgba(0, 255, 0, 1.0)",3.242952502854547,50.67381749973771,2.156441301686235,44.92613268959103,-3.729479779317991,False,True,False,True,True,9.069198648917347,0.0,0.0,0.0,0.0,0,1.013423859895544,0.904586353440582,False,False,False,False,0.013042041217838111,-0.013228160175300197,False,False,False,False,67215346,62910554.47673207,False,False,False,False,1949138.268346482,False,False,False,False
2024-12-27 00:00:00+00:00,56.9992884658,57.5673876864,56.4411558982,57.1188883017,1017634,,,,,,,56.423031820864196,57.754408266241676,56.900764584286925,54.864523770593216,52.648316975253245,48.526888178775806,46.8127177158669,46.03966259663328,45.3379864717303,44.86348200127809,43.53835438146206,42.51275520022059,41.667845247096665,40.85418289463727,40.56612312877666,40.31074616196516,39.50143396342912,,48.526888178775806,46.8127177158669,43.53835438146206,,47.00724843288889,"rgba(0, 255, 0, 1.0)",3.128390739290878,50.69078136835829,2.016534257760807,44.951626304724336,-3.729479779317991,False,True,False,True,True,7.3855668149072855,0.0,0.0,0.0,0.0,0,1.0031239130467444,0.9221496870914413,False,False,False,False,-0.01224151455358911,-0.012734837364444654,False,False,False,False,66197712,63039462.61489944,False,False,False,False,1912608.6891956395,False,False,False,False
2024-12-30 00:00:00+00:00,57.1587549137,57.4648308271,55.9627565545,56.3614226742,1791249,,,,,,,56.51561689764844,57.734220546337234,56.90008318693444,54.88902991133435,52.68644519041881,48.568438536154964,46.85013835527794,46.07523291574315,45.37119978087246,44.89538843547622,43.56914517503036,42.543261996166166,41.69742650791779,40.88243196705649,40.59400435811776,40.33835813880682,39.527989848998544,,48.568438536154964,46.85013835527794,43.56914517503036,,47.03755363225247,"rgba(0, 255, 0, 1.0)",3.0361101278425284,50.714826772326035,2.122428986445576,45.38065048706977,-3.729479779317991,False,True,False,True,True,7.713930021660946,0.0,0.0,0.0,0.0,0,0.9815199483714477,0.9322442178403185,False,False,False,False,-0.03528209404403024,-0.024008465704237446,False,False,False,False,67988961,63233560.59078574,False,False,False,False,1907849.4856977712,False,False,False,False
2024-12-31 00:00:00+00:00,57.2584214436,57.5972876453,57.0092551188,57.4079212385,1549206,,,,,,,56.634798473090406,57.72566292360366,56.90591394533138,54.914219499227556,52.7221786894081,48.60587138574688,46.88364669760755,46.10701686061753,45.40083086095603,44.923824937837985,43.59651097680763,42.57032437811584,41.72363430260345,40.907433097221684,40.61867104628044,40.362778912222204,39.55145504338734,,48.60587138574688,46.88364669760755,43.59651097680763,,47.067927766474455,"rgba(0, 255, 0, 1.0)",2.9498171350487836,50.741252253220246,2.2093468482994534,45.93935603627317,-3.729479779317991,False,True,False,True,True,7.921684868066443,0.0,0.0,0.0,0.0,0,0.989231298696816,0.9472037859835345,False,False,False,False,0.011461665877613594,-0.006273399913311926,False,False,False,False,69538167,63480800.05781375,False,False,False,False,1893785.0352782507,False,False,False,False
2025-01-02 00:00:00+00:00,57.3580879735,57.7168874813,56.630522305,57.3979545855,2908045,,,,,,,56.76959374203034,57.70860703233686,56.91494156139832,54.95907539477796,52.787014085333105,48.67485149963083,46.94565001555397,46.16591380730088,45.45580895072708,44.976624803513936,43.64738786480209,42.620673879034484,41.77242509405382,40.95400641147396,40.66463005911001,40.40828674791381,39.595203495870955,,48.67485149963083,46.94565001555397,43.64738786480209,,47.11886437910955,"rgba(0, 255, 0, 1.0)",2.8869964476291585,50.785415784392015,2.2766471342580115,46.60235739608532,-9.361134144610666,False,True,False,True,True,8.132361279569892,0.0,0.0,0.0,0.0,0,0.9832671138657431,0.9472170916164594,False,False,False,False,0.0011902688139848632,-0.0025415655496635312,False,False,False,False,72446212,63832384.83986027,False,False,False,False,1933559.9358555742,False,False,False,False
2025-01-03 00:00:00+00:00,57.6072542983,58.0208703975,57.0790216897,57.8863205821,1273986,,,,,,,56.84118667650618,57.70651296279762,56.92270531242194,54.980987920411906,52.816922922683496,48.70588999626927,46.97345353225323,46.1922924130922,45.48041187058164,45.00023964975634,43.67010190683501,42.643124200884685,41.794162761668744,40.974742836465154,40.68508833980544,40.42854009906767,39.61466262430054,,48.70588999626927,46.97345353225323,43.67010190683501,,47.14300153092947,"rgba(0, 255, 0, 1.0)",2.8190557672891923,50.80751380792505,2.412063134498964,47.79613069418276,-7.851841064608692,False,True,False,False,True,8.663854747321917,0.0,0.0,0.0,0.0,0,1.0079627210532034,0.9209525616242703,False,False,False,False,0.031025320215969796,0.014241877333153132,False,False,False,False,73720198,64220142.21868928,False,False,False,False,1907694.2913122184,False,False,False,False
2025-01-06 00:00:00+00:00,57.2484547906,58.5740196386,56.7999554059,58.5042530677,2750934,,,,,,,56.95455202998497,57.70131260327184,56.938151087520545,55.02656839786794,52.879870037086,48.77196720906712,47.032837700621286,46.24869750118592,45.533074551005036,45.05081670072494,43.71879755673878,42.69128090825382,41.84081405895091,41.01926728439467,40.729022093152146,40.472038980531806,39.65647172008371,,48.77196720906712,47.032837700621286,43.71879755673878,,47.19209061296714,"rgba(0, 255, 0, 1.0)",2.7321193104662314,50.85239440394023,2.3410618863377137,47.518026738017525,-7.777121286387555,False,True,False,False,True,7.697996596909974,0.0,0.0,0.0,0.0,0,1.0126838713578683,0.9042343813644478,False,False,False,False,0.041903325430743696,0.028072601381948413,False,False,False,False,70969264,64484813.66109362,False,False,False,False,1940762.5151823277,False,False,False,False
2025-01-07 00:00:00+00:00,56.8398220179,58.2999366813,56.3913226332,57.5075877684,3189407,,,,,,,56.98973724108782,57.68290576983229,56.944876927212746,55.07006502596009,52.945247659303575,48.84422256820042,47.09850226482278,46.31131089999761,45.59172595558283,45.10725385401761,43.77335388570511,42.74536680641805,41.89331104389782,41.06945978745946,40.77857664377987,40.521126192986614,39.703720292244235,,48.84422256820042,47.09850226482278,43.77335388570511,,47.239456636382876,"rgba(0, 255, 0, 1.0)",2.694708737335136,50.89333067644561,2.2067287863307343,46.167304528560514,-7.777121286387555,False,True,False,True,True,6.603188782387367,0.0,0.0,0.0,0.0,0,0.9992176503795812,0.9159661052777552,False,False,False,False,0.014820041735225402,0.021446321558586907,False,False,False,False,67779857,64614031.04693309,False,False,False,False,1989728.9655673346,False,False,False,False
2025-01-08 00:00:00+00:00,58.1853201719,58.2750200489,56.3713893272,56.710255529,2612775,,,,,,,57.06094720151984,57.68088366893223,56.95988554847391,55.11147457707367,53.00267819256892,48.905527097301494,47.15395172344841,46.36409731247818,45.64111659100842,45.15474414425515,43.8191531358595,42.79069620315592,41.93726208261139,41.111446398533054,40.8200173873864,40.56216532618196,39.74319272149065,,48.905527097301494,47.15395172344841,43.8191531358595,,47.28348466542818,"rgba(0, 255, 0, 1.0)",2.664787487923536,50.93409506252086,2.7211269725037117,49.2688244922064,-5.67178984535731,False,True,False,False,True,9.51593320215569,0.0,0.0,0.0,0.0,1,1.012680343945759,0.9124658832670789,False,False,False,False,0.013042041217838111,0.017244181388212508,False,False,False,False,70392632,64840642.84901415,False,False,False,False,2014162.1433882236,False,False,False,False
2025-01-10 00:00:00+00:00,54.7268915834,57.8663872762,54.7069582774,57.7368207872,4138260,,,,,,,56.861978890173354,57.59972012507596,56.918748621400496,55.127965559707654,53.055539619189176,48.98069054734687,47.22531182109684,46.43315885334178,45.706595570450546,45.21820232826211,43.881459847661546,42.85306604881501,41.998243094629004,41.170129619460056,40.87807557705908,40.61977714295382,39.79894151437088,,48.98069054734687,47.22531182109684,43.881459847661546,,47.31338851652907,"rgba(38, 166, 154, 1.0)",2.63304790444434,50.94709431849695,1.4355216471842762,44.399279530156804,-5.67178984535731,False,True,False,True,False,1.0243464591617162,0.0,0.0,0.0,0.0,1,0.9804324683829645,0.9239213273394635,False,False,False,False,-0.06923628425390138,-0.025996051432844437,False,False,True,False,66254372,64896083.20787634,False,False,False,False,2097460.09854947,False,False,False,False
2025-01-13 00:00:00+00:00,54.7567915424,55.0258911732,53.6205931012,54.0391925269,5145478,,,,,,54.467758605600004,56.47775434275125,57.44286516924449,56.81799514782835,55.107933210098786,53.08834113448345,49.05442629524416,47.299162323043035,46.505871513662214,45.77647857698705,45.28646794577629,43.9496622270693,42.922067790215664,42.066237249619384,41.23600824069485,40.943394970153356,40.68471384835053,39.862125205787734,,49.05442629524416,47.299162323043035,43.9496622270693,,47.72162576647833,"rgba(38, 166, 154, 1.0)",2.6052574892769798,51.49782763249086,1.2509181619562604,41.230349664372326,-3.341398168722897,False,True,False,True,False,1.0898583294847128,0.0,0.0,0.0,0.0,1,0.9752623245907623,0.9631242830335985,False,False,False,False,-0.22867370365589434,-0.1273348775443694,False,False,False,False,71399850,65151132.88599884,False,False,False,False,2216990.2123318436,False,False,False,False
2025-01-14 00:00:00+00:00,55.2052909271,55.6936569237,54.7368582364,54.7567915424,1799655,,,,,,54.66059313033249,56.410481571858725,57.40445998627523,56.795231380557205,55.109025336773,53.105453619928575,49.08323143032234,47.32728225472656,46.5333415151624,45.80272839953985,45.312022952985004,43.9749824469633,42.94755143845058,42.09126038411412,41.26018302343357,40.967341710778626,40.70850076603351,39.88521513829907,,49.08323143032234,47.32728225472656,43.9749824469633,,47.74327147147412,"rgba(38, 166, 154, 1.0)",2.5633656554713484,51.50972909302885,1.4416834469882192,40.32029446620808,-4.138096012834055,False,True,False,True,False,2.0783047370377297,0.0,0.0,0.0,0.0,1,0.9917666340435718,0.9538555520887056,False,False,False,False,-0.15529473112377723,-0.1413148043340733,False,False,False,False,73199505,65466755.32184202,False,False,False,False,2200624.125573732,False,False,False,False
2025-01-15 00:00:00+00:00,56.710255529,57.3879879325,56.6006223461,57.0291884248,2724370,,,,,,55.29143660873393,56.44690426005869,57.39163786363072,56.79742418844372,55.13704453583478,53.151180244821006,49.138196046928705,47.37850352568021,46.582621110451896,45.84926733965622,45.357011906882406,44.018821493610396,42.99120993514279,42.133809665540944,41.30102852396526,41.00771737142343,40.74853524594997,39.92387189897976,,49.138196046928705,47.37850352568021,44.018821493610396,,47.813678986985266,"rgba(0, 255, 0, 1.0)",2.5401296813798835,51.57126247681255,2.0231223192493775,43.19448581018662,-4.138096012834055,False,True,False,True,False,5.271305234673179,0.0,0.0,0.0,0.0,1,1.0103390537121995,0.9298786053776362,False,False,False,False,-0.027126014055525234,-0.08422040919479927,False,False,False,False,75923875,65876838.44647567,False,False,False,False,2221163.1794728013,False,False,False,False
2025-01-16 00:00:00+00:00,57.3879879325,57.4477878505,56.4411558982,56.750122141,1382597,,,,,,55.51672256551605,56.47040556927841,57.387828770299365,56.80053460388326,55.1524494090376,53.17513847460423,49.16648072365222,47.404810656294885,46.60791508602618,45.87314573390167,45.380089007195735,44.04128702815991,43.01356744963382,42.15559027309499,41.321930855181165,41.028377029258984,40.76901829220336,39.94364471408494,,49.16648072365222,47.404810656294885,44.04128702815991,,47.844940902294816,"rgba(0, 255, 0, 1.0)",2.518174423532801,51.598984799610605,2.298888861228239,46.43106836779219,-9.500160655638823,False,True,False,True,True,6.646638653119862,0.0,0.0,0.0,0.0,1,1.0028355786097312,0.9329161593708687,False,False,False,False,-0.042140145596137164,-0.06318027739546822,False,False,False,False,77306472,66325059.370143294,False,False,False,False,2188278.231258182,False,False,False,False
2025-01-17 00:00:00+00:00,57.9859871121,58.3733909139,57.6869875223,57.7766873992,1406555,,,,,,55.79882403284595,56.525596171989655,57.39585019105862,56.813433046357716,55.17521445510656,53.20488876807815,49.19837738019377,47.433964242297606,46.635777470621704,45.89932432695112,45.4053161505413,44.06567376882462,43.03772637325341,42.17904874217199,41.34438011626287,41.050544988636844,40.790979149544576,39.9647938160797,,49.19837738019377,47.433964242297606,44.06567376882462,,47.8844285106009,"rgba(0, 255, 0, 1.0)",2.4948733434343384,51.63660982753066,2.5449697882574864,49.68818174684423,-6.506187009042286,False,True,False,False,True,7.839329119306953,0.0,0.0,0.0,0.0,1,1.016285121530358,0.9287627903130449,False,False,False,False,0.0195960686500235,-0.02179210437272236,False,False,False,False,78713027,66810862.022294536,False,False,False,False,2157622.4182676654,False,False,False,False
2025-01-21 00:00:00+00:00,59.6404515089,59.6902847738,57.9760204591,58.125520254,2092819,,,,,,56.27392898319502,56.65563233995683,57.42769402053517,56.84902641195457,55.22113196860047,53.258332486851955,49.2512108719576,47.48147155587747,46.68091829306772,45.94154248364403,45.445884784788035,44.10461642312083,43.07612672126909,42.21621107570801,41.379841181103075,41.08552805009199,40.82560666628608,39.99805930528963,,49.2512108719576,47.48147155587747,44.10461642312083,,47.954042423516526,"rgba(0, 255, 0, 1.0)",2.4898202516323935,51.70653960217029,3.1865400329714664,54.42444999278466,-2.1752779101385826,False,False,True,False,True,10.99237538787861,0.0,0.0,0.0,0.0,0,1.009892508895094,0.92864233538059,False,False,False,False,0.09560943784318278,0.03690866673523021,False,False,False,False,80805846,67359684.92338103,False,False,False,False,2155081.107747365,False,False,False,False
2025-01-22 00:00:00+00:00,58.7334860865,59.6771287919,58.6338195566,59.5806515909,2512172,,,,,,56.67745166876742,56.79038679019623,57.46246761259611,56.888714335060364,55.27364153348459,53.32027867318121,49.313334914695055,47.53756456761862,46.73429602325829,45.99153064032014,45.49395641127428,44.15082573543529,43.12172968493701,42.26037502735879,41.42201214217439,41.12713932850117,40.8668021402079,40.03765595779631,,49.313334914695055,47.53756456761862,44.15082573543529,,48.02612017704796,"rgba(0, 255, 0, 1.0)",2.465455651162871,51.77926020149582,2.8206655762492043,55.54169017971509,-1.2493147047022148,False,False,True,False,True,8.7918601595421,0.0,0.0,0.0,0.0,0,0.9931652790508244,0.9489879333810151,False,False,False,False,0.12638522329165813,0.08164694501344417,False,False,False,False,78293674,67788468.80873863,False,False,False,False,2169084.672149429,False,False,False,False
2025-01-23 00:00:00+00:00,59.3713518781,59.431151796,58.7135527805,58.9926190643,2863459,,,,,,57.035912707395305,56.93596804438923,57.504121112246494,56.935430867229655,55.3341902512048,53.391185765426606,49.38432077743209,47.601706251382076,46.79534878722558,46.04872685851822,45.548968644416625,44.203701997422655,43.17390331003326,42.31090194014958,41.4702620771964,41.17474912761626,40.91393595190555,40.08296117462572,,49.38432077743209,47.601706251382076,44.203701997422655,,48.10257198032312,"rgba(0, 255, 0, 1.0)",2.4388131577390086,51.857264734274125,3.0810425636673564,57.257583442664426,0.3793952404198393,False,False,True,False,True,9.985807335254659,0.0,0.0,0.0,0.0,0,0.9804187552726948,0.9575254587990216,False,False,False,False,0.11842810827791674,0.10003752664568046,False,False,False,False,81157133,68312730.14957242,False,False,False,False,2196315.037947491,False,False,False,False
2025-01-24 00:00:00+00:00,60.866349827,60.9759830099,59.1520855122,59.5507516319,1991770,,,,,,57.335380526425865,57.07445202503509,57.55124039790227,56.98308393582122,55.38760195296856,53.4491934005084,49.438875529527294,47.650335857238304,46.84140907796301,46.091708878798286,45.590208548121105,44.243094792430426,43.21261046663164,42.348274435199336,41.50585761887581,41.2098417251047,40.94865140992822,40.11625478205963,,49.438875529527294,47.650335857238304,44.243094792430426,,48.16544863114106,"rgba(0, 255, 0, 1.0)",2.4482581425948973,51.924013103642764,3.6525301673782224,60.38033032710412,3.3724300305051784,True,False,True,False,True,12.673808931813845,0.0,0.0,0.0,0.0,0,0.9864841731934512,0.9331253617291817,False,False,False,False,0.21463718011013994,0.1573373533779102,False,False,False,False,83148903,68894540.84958918,False,False,False,False,2188293.663910334,False,False,False,False
2025-01-27 00:00:00+00:00,59.8896178337,60.1686841175,59.0828172739,59.8995844867,2016664,,,,,,57.535763905566746,57.179116027578004,57.587123952161335,57.021335315832054,55.433916700436214,53.501762389054555,49.490459485783695,47.696815927197214,46.885605699315875,46.13308873679381,45.629990057947644,44.28126034725675,43.25021600212237,42.38466196075544,41.54058323568087,41.24409848752832,40.98255826574601,40.14882639736005,,49.490459485783695,47.696815927197214,44.28126034725675,,48.21817682745094,"rgba(0, 255, 0, 1.0)",2.4207629036722227,51.97914442800366,3.2677605038049777,60.287863865332746,3.376844084078975,True,False,True,False,True,10.322057542363382,0.0,0.0,0.0,0.0,0,0.9745420357897606,0.964080431603204,False,False,False,False,0.1717359198380565,0.16453663660798334,False,False,False,False,81132239,69374450.58097784,False,False,False,False,2181563.0888550268,False,False,False,False
2025-01-28 00:00:00+00:00,60.2185173825,60.3082172594,59.2418850557,59.8497512217,1369909,,,,,,57.66498993432527,57.25109000121405,57.613159249392986,57.04868540627003,55.46632669203823,53.53815741644034,49.525916680115465,47.72873185719317,46.91594223729206,46.16148548456594,45.65728529321061,44.30742871423928,43.27598693704547,42.40959026121217,41.56436734196347,41.267559384105134,41.005777629211245,40.17112632126059,,49.525916680115465,47.72873185719317,44.30742871423928,,48.25408926894974,"rgba(0, 255, 0, 1.0)",2.3905255295018906,52.0169856172369,3.430848850617397,60.691620715020875,4.006205436984288,True,False,True,False,True,10.91274128583727,0.0,0.0,0.0,0.0,0,0.9768295593597537,0.956660287728524,False,False,False,False,0.18627233442519767,0.1754044855165905,False,False,False,False,82502148,69889262.24446891,False,False,False,False,2149733.516743065,False,False,False,False
2025-01-29 00:00:00+00:00,60.2583839944,61.1454161108,60.0490842816,60.1985840765,1671982,,,,,,57.83972218200653,57.35139356964059,57.65169478920177,57.08776106670487,55.51015866944626,53.58587968568857,49.571186410934786,47.76924342721727,46.95436731789641,46.19739330574774,45.69176387253245,44.34039298514311,43.30838990996047,42.44089180092658,41.59419789385176,41.296973138051996,41.03487873947721,40.19904713141662,,49.571186410934786,47.76924342721727,44.34039298514311,,48.301407549769166,"rgba(0, 255, 0, 1.0)",2.3687897810425356,52.06769734180286,3.457751598789956,61.02039575282904,4.649958328821384,True,False,True,False,True,10.985051591557944,0.0,0.0,0.0,0.0,0,0.9891949989878811,0.9390247164621527,False,False,False,False,0.26791869125405376,0.22166158838532213,False,False,False,False,84174130,70449453.13684268,False,False,False,False,2130998.1631452977,False,False,False,False
2025-01-30 00:00:00+00:00,61.8430818203,62.162014716,61.0457495809,61.1055494988,1743279,,,,,,58.07303739288993,57.487132349528544,57.70733895290081,57.14162328309872,55.56587589045276,53.64347361711744,49.623133544720844,47.815167732648575,46.9977306934655,46.23776787364239,45.73044313208809,44.37716288437218,43.34439491391174,42.475574498293504,41.62716881744273,41.32945637560597,41.06699363177301,40.22979325167817,,49.623133544720844,47.815167732648575,44.37716288437218,,48.35962604642394,"rgba(0, 255, 0, 1.0)",2.3813027389836887,52.131797472296725,4.078139326437736,63.395782414807215,7.223087318266131,True,False,True,False,True,13.786525557550362,0.0,0.0,0.0,0.0,0,0.9899415997428512,0.9379037034579892,False,False,False,False,0.34282824424242,0.28224491631387105,False,True,False,False,85917409,71056039.64128023,False,False,False,False,2115793.490080776,False,False,False,False
2025-01-31 00:00:00+00:00,60.9959163159,62.5706474887,60.4676837073,62.162014716,2343961,,,,,,58.319901911659045,57.64307845159859,57.77360611631699,57.20682868729988,55.63516248155647,53.716423705898634,49.690338938642974,47.87494331383689,47.054298834058066,46.2905399079739,45.78105769598939,44.42539429114712,43.39169392236752,42.521192000892455,41.670584192846995,41.37224512636925,41.10931006946214,40.27034433794645,,49.690338938642974,47.87494331383689,44.42539429114712,,48.430385776992374,"rgba(0, 255, 0, 1.0)",2.380047261754288,53.05527329298487,3.3363383788699337,62.9282175676849,7.223087318266131,True,False,True,False,True,11.71637453582963,-1.0,62.57065,60.46768,876.0,0,0.9963129875594432,0.904250801065612,False,True,False,False,0.3342342808749386,0.30823959859440486,False,False,False,False,83573448,71546918.40044571,False,False,False,False,2124741.235567805,False,False,False,False
2025-02-03 00:00:00+00:00,59.1221855532,59.9693510576,58.075686989,58.4344864967,2487529,,,,,,58.37445635588256,57.70119079369099,57.79792485815868,57.23677569457038,55.67813910388429,53.769563842103146,49.7469793431459,47.92712264095308,47.10430781585555,46.33768804658141,45.82656732630869,44.46939646246176,43.43525346844664,42.56350520496089,41.71111382727021,41.41227363174219,41.148967478271345,40.30855338573607,,49.7469793431459,47.92712264095308,44.46939646246176,,48.4749877377791,"rgba(0, 255, 0, 1.0)",2.3517735685232712,53.03907436931515,2.5866058132903333,58.89447085616585,7.223087318266131,True,False,True,False,False,7.381301063616046,0.0,0.0,0.0,0.0,0,0.9704152672507653,0.9109583387308335,False,False,False,False,0.09629240267671894,0.2022660006355619,False,False,False,False,81085919,71920996.8553302,False,False,False,False,2138968.2067220085,False,False,False,False
2025-02-04 00:00:00+00:00,58.3746865788,59.9045678132,58.025853724,59.3514185721,2087636,,,,,,58.3975301718336,57.73680417362878,57.81313054044428,57.2573158412818,55.71038353984159,53.81097118336056,49.79253698846419,47.96941811367569,47.14495541493186,46.37610070192097,45.863696284569286,44.50539759235451,43.470954767795725,42.5982335307479,41.7444212463435,41.44518270511671,41.181582626743776,40.340010517815024,,49.79253698846419,47.96941811367569,44.50539759235451,,48.50881255227054,"rgba(0, 255, 0, 1.0)",2.305852091495246,53.0494637489865,2.309438167979078,54.964255288616954,11.005347032120142,False,False,True,False,False,5.738246442958605,0.0,0.0,0.0,0.0,0,0.9784904604612517,0.9129506556621655,False,False,False,False,0.09105160185187443,0.14665880124371816,False,False,False,False,78998283,72198537.48845452,False,False,False,False,2136955.1790074203,False,False,False,False
2025-02-05 00:00:00+00:00,59.41121849,59.480985061,58.1554202129,58.6836528216,1530559,,,,,,58.422991634825145,57.76735114056909,57.826790302690675,57.2744381725943,55.73547844352505,53.84238998115905,49.82655949070179,48.0009240581945,47.17520758692984,46.40467208039592,45.89130196650681,44.53213303338832,43.497445664152565,42.623988597201425,41.769112020557415,41.46957453972475,41.205753390352484,40.36331425157101,,49.82655949070179,48.0009240581945,44.53213303338832,,48.53496813083556,"rgba(0, 255, 0, 1.0)",2.2920077367764446,53.067638694044,2.7676956295434776,54.11619402368321,10.166688764412854,False,False,True,False,False,7.639221644791778,0.0,0.0,0.0,0.0,0,0.97243932311352,0.9179017883272299,False,False,False,False,0.0776298950048041,0.11214434812426113,False,False,False,False,80528842,72525216.09675042,False,False,False,False,2113174.936693404,False,False,False,False
2025-02-06 00:00:00+00:00,59.8597178747,60.1886174235,59.1221855532,60.0092176696,1180672,,,,,,58.463029166474186,57.80273687476305,57.84326294715067,57.29269546968426,55.75869784487355,53.86964825265282,49.85464126682674,48.02665866656615,47.19982732061293,46.42785567071052,45.91366181152158,44.5536938438846,43.51874813243355,42.64465618306941,41.78888978151609,41.48910112975344,41.22509302122147,40.38193151482907,,49.85464126682674,48.02665866656615,44.5536938438846,,48.55860160547467,"rgba(0, 255, 0, 1.0)",2.291802355773473,53.09173102127761,2.9531285000962604,54.27485903614223,10.166688764412854,False,False,True,False,False,8.445735726397569,0.0,0.0,0.0,0.0,0,0.9840452194483098,0.9203461605475163,False,False,False,False,0.15458729454032766,0.1333658213322944,False,False,False,False,81709514,72885384.64197591,False,False,False,False,2076606.1940779763,False,False,False,False
2025-02-07 00:00:00+00:00,59.3115519601,60.1686841175,59.0225190233,59.8397845687,1497389,,,,,,58.50203002289475,57.84082269033982,57.86132233815533,57.31337768305144,55.78612826244227,53.902556506342805,49.889229500678454,48.058516542785775,47.23036022879133,46.456652156212755,45.941460548957515,44.5805505614885,43.54531469897313,42.67045544660897,41.81359983704124,41.513504178057325,41.24926807194484,40.405220313026135,,49.889229500678454,48.058516542785775,44.5805505614885,,48.586687199321794,"rgba(0, 255, 0, 1.0)",2.2954246653016797,53.11827565443131,2.6980960862223413,53.32832940234018,9.042436722871436,False,False,False,False,False,7.218025145906868,0.0,0.0,0.0,0.0,0,0.9665855331532979,0.9365587473912728,False,False,False,False,0.14904043506310474,0.1412031281976996,False,False,False,False,80212125,73172707.79327098,False,False,False,False,2053891.7943102126,False,False,False,False
2025-02-10 00:00:00+00:00,59.2019187772,59.9892843636,59.1466038531,59.7999179568,1206505,,,,,,58.52976910426971,57.869313273226666,57.87511128079276,57.32935060316617,55.807616378401036,53.92853580509421,49.91676027720668,48.083934547775144,47.254742000283294,46.479665075338325,45.96368597778536,44.60204047864119,43.56658271442212,42.69111782113858,41.83339786087637,41.53305866291633,41.268641840620866,40.423889865760536,,49.91676027720668,48.083934547775144,44.60204047864119,,48.60873408709529,"rgba(0, 255, 0, 1.0)",2.2856284450466533,53.138841478297216,2.6526959410408573,52.48192976999848,7.977240977792469,False,False,False,False,False,6.971897296108555,0.0,0.0,0.0,0.0,0,0.9540036502904738,0.9590683057513594,False,False,False,False,0.14647810848434392,0.14384061834102174,False,False,False,False,79005620,73401449.44843681,False,False,False,False,2020660.9396313808,False,False,False,False
2025-02-11 00:00:00+00:00,58.4843197617,58.6288362301,57.8464539702,58.5540863327,1415807,,,,,,58.522771899838425,57.878506481083605,57.87960695478854,57.337980803494716,55.82480719538197,53.952554111068444,49.945071558194904,48.110675849656204,47.280598318085204,46.50423018389006,45.987503347444466,44.6252722746143,43.58970312157545,42.71367460805728,41.85509201901414,41.55451200508271,41.28991884971971,40.44445737294006,,49.945071558194904,48.110675849656204,44.6252722746143,,48.62760760855168,"rgba(0, 255, 0, 1.0)",2.2499316541472565,53.14865123936302,2.3714802680791855,50.51341957971091,5.868184024855935,False,True,False,False,False,5.365049763019947,0.0,0.0,0.0,0.0,0,0.9386197581076062,0.9734190992607159,False,False,False,False,0.024851105585457625,0.08434586196323968,False,False,False,False,77589813,73565698.9994785,False,False,False,False,1996941.1772928955,False,False,False,False
2025-02-12 00:00:00+00:00,58.3946198848,58.4444531497,57.5673876864,57.7168874813,1530571,,,,,,58.509300328159746,57.88405262994282,57.88237285201516,57.345422463771904,55.84177483236138,53.97714169470104,49.97479478157658,48.13890876974334,47.30795033271121,46.53025948753339,46.012764839803424,44.64996190950203,43.61430442328036,42.73769945769021,41.87821863379983,41.57738835014714,41.312612509598026,40.466410149217225,,49.97479478157658,48.13890876974334,44.64996190950203,,48.64674102475305,"rgba(0, 255, 0, 1.0)",2.205445223628267,53.1581030897573,2.3743581291163958,49.0260080405718,4.258378071995935,False,True,False,False,False,5.164613487926115,0.0,0.0,0.0,0.0,0,0.919257105277609,0.9950045436704646,False,False,False,False,0.0038398500161915513,0.044092855989715615,False,False,False,False,76059242,73663484.99949896,False,False,False,False,1978652.1507323897,False,False,False,False
2025-02-13 00:00:00+00:00,60.1786507705,60.816516562,59.431151796,59.9992510166,4383317,,,,,,58.65722132724368,58.01549318380932,57.950225397554384,57.418213066724334,55.93034645873425,54.07920389927127,50.0793763617094,48.234945468925325,47.39990164417511,46.61694127985158,46.096411276338756,44.730619706025486,43.69397298524732,42.81500321900684,41.95221775651245,41.6504520637509,41.384978518148806,40.536084866973795,,50.0793763617094,48.234945468925325,44.730619706025486,,48.73564491555572,"rgba(0, 255, 0, 1.0)",2.180411246238639,53.25600990197412,3.174924400370764,51.59293799402812,4.258378071995935,False,False,False,False,True,8.529146593304834,0.0,0.0,0.0,0.0,1,0.9201483933922009,0.9773801979551082,False,False,False,False,0.1983942265181265,0.12124354125392106,False,False,False,False,80442559,73929331.0387343,False,False,False,False,2072952.7330566098,False,False,False,False
2025-02-14 00:00:00+00:00,60.7168500321,61.2949159057,60.4377837483,61.1753160698,2340509,,,,,,58.75685333495257,58.09992891391328,57.99545562991117,57.464793920182906,55.983498328764,54.1382384535322,50.13802613855806,48.28846732380615,47.451032462290144,46.665060589440635,46.14279581127516,44.77521426507744,43.7379303077406,42.85759532145946,41.99294105036422,41.69064429086395,41.424772763482935,40.57435935044147,,50.13802613855806,48.28846732380615,44.77521426507744,,48.78764490311424,"rgba(0, 255, 0, 1.0)",2.1397623877302214,53.31620673947866,3.4586285538328676,54.19305883626146,4.258378071995935,False,False,True,False,True,9.500554295562434,0.0,0.0,0.0,0.0,1,0.9329234910184755,0.9719774826731115,False,False,False,False,0.2694808245639014,0.19536218290891122,False,False,False,False,82783068,74276536.40976432,False,False,False,False,2083445.1356818408,False,False,False,False
2025-02-18 00:00:00+00:00,61.1055494988,61.2151826817,60.5474169312,60.896249786,2026202,,,,,,58.84132538599204,58.17256799237101,58.035355096247436,57.50573659496708,56.029889032806686,54.18956653319228,50.188941547924756,48.334947310445976,47.49544206380849,46.7068634998063,46.18309553464599,44.813955093829755,43.776112156745995,42.8945905163977,42.028314166072136,41.72555607013697,41.45933858450854,40.60760507375119,,50.188941547924756,48.334947310445976,44.813955093829755,,48.832733458536126,"rgba(0, 255, 0, 1.0)",2.132031649180922,53.36797748423421,3.629201291424727,56.55816648870139,1.1893861050450028,True,False,True,False,True,10.19846578451168,0.0,0.0,0.0,0.0,1,0.9338070401881348,0.9771343221831541,False,False,False,False,0.27093744248072904,0.23314981269482013,False,False,False,False,84809270,74689584.785852,False,False,False,False,2081200.3068315727,False,False,False,False
2025-02-19 00:00:00+00:00,60.3181839124,60.6769834201,59.7999179568,60.5274836252,2252988,,,,,,58.89964051270342,58.23011410910044,58.06827403786208,57.54125404787098,56.07337143814792,54.24000304723017,50.241398431128495,48.38342294737685,47.54196312667334,46.75081877682258,46.225565141718334,44.85498004823273,43.81666954245155,42.933982218934645,42.06606153233999,41.76283754858431,41.49627271332412,40.643193709396705,,50.241398431128495,48.38342294737685,44.85498004823273,,48.87610127388325,"rgba(0, 255, 0, 1.0)",2.0796447838157417,53.413111429793716,3.3203134190718995,56.21058326413373,1.1893861050450028,True,False,True,False,True,8.362478165532831,0.0,0.0,0.0,0.0,1,0.9249933784317352,0.9638050470474365,False,False,False,False,0.20922205521242157,0.22118593395362085,False,False,False,False,82556282,74998082.71581858,False,False,False,False,2087937.0791126874,False,False,False,False
2025-02-20 00:00:00+00:00,59.8298179157,60.9859496629,59.0922855943,60.5474169312,1398576,,,,,,58.92616522507361,58.259308067726415,58.08553914806664,57.56050184292765,56.09804492674096,54.269377231507335,50.27273546960461,48.41257331802084,47.57000446847496,46.77736772961937,46.25124763823628,44.87985094807266,43.84129515562036,42.95792980685035,42.08903583960973,41.78553661212521,41.518767190161654,40.664889208220735,,50.27273546960461,48.41257331802084,44.87985094807266,,48.90112054592552,"rgba(0, 255, 0, 1.0)",2.02729911286715,53.43782153188391,3.1529616637458453,54.861420290833166,1.1893861050450028,True,False,True,False,True,7.240800134250634,0.0,0.0,0.0,0.0,1,0.9199185889030691,0.9561318879226606,False,False,False,False,0.19042059520669466,0.20580326458015774,False,False,False,False,81157706,75239636.57010022,False,False,False,False,2060903.3113043467,False,False,False,False
2025-02-21 00:00:00+00:00,58.6637195156,60.1985840765,58.1753535189,60.1786507705,3479523,,,,,,58.931184826706094,58.28950311798245,58.10602177934021,57.58858517125579,56.143253757106436,54.32911635466486,50.34222281951274,48.478512242684026,47.63388141019905,46.83820134384016,46.31030107761587,44.93747262912103,43.89862140089614,43.01388336755206,42.14289375312274,41.83880626064375,41.57160445771975,40.715989957772244,,50.34222281951274,48.478512242684026,44.93747262912103,,48.95055865154085,"rgba(0, 255, 0, 1.0)",1.9264038339252745,53.47761854269711,2.692115163794915,51.58173338536672,1.1893861050450028,False,False,False,False,False,4.630207253128216,0.0,0.0,0.0,0.0,1,0.9145618370464351,0.9598599835444324,False,False,False,False,0.11136155882762551,0.15858241170389162,False,False,False,False,77678183,75335265.841861,False,False,False,False,2116535.455959078,False,False,False,False
2025-02-24 00:00:00+00:00,57.6969541753,59.1122189003,57.2185548316,58.9029191874,2611014,,,,,,58.892665536876635,58.28131884771272,58.104443334380285,57.59460282691491,56.1647236912039,54.36357170240349,50.38769398957285,48.522794523112076,47.677162543964435,46.87972531781546,46.35078482550322,44.9773437029486,43.93851818340461,43.05299803811719,42.18069355388789,41.876240968470135,41.60877528901671,40.75205662237699,,50.38769398957285,48.522794523112076,44.9773437029486,,48.978117416537906,"rgba(0, 255, 0, 1.0)",1.8231138705085075,53.4921103254801,2.306407689524668,47.729663312963254,3.2712733530277163,False,True,False,True,False,2.5477279337874457,0.0,0.0,0.0,0.0,1,0.9087690393347112,0.9782322271633668,False,False,False,False,0.018297724896754224,0.08844006830032292,False,False,False,False,75067169,75324752.24021938,False,False,False,False,2135926.771411663,False,False,False,False
2025-02-25 00:00:00+00:00,57.4577545034,58.2351534369,56.5009558161,58.1853201719,2474047,,,,,,58.83574500971589,58.25753386814382,58.09369128315611,57.59197292075409,56.178023812212814,54.39025424589866,50.42686896260226,48.56169643395159,47.71543466639124,46.91664174663126,46.38688939900871,45.013137837367275,43.974481140268246,43.088365891184715,42.214967844053746,41.910214407195134,41.64253444585574,40.784887150371475,,50.42686896260226,48.56169643395159,45.013137837367275,,48.99907450359793,"rgba(0, 255, 0, 1.0)",1.7413559529841915,53.49806632864967,2.2739108382548325,44.77042403696088,0.5619326098055879,False,True,False,True,False,2.039068264360605,0.0,0.0,0.0,0.0,1,0.9078867065810473,0.974918368248715,False,False,False,False,-0.05403610869570402,0.017201979802309447,False,False,False,False,72593122,75217629.48570098,False,False,False,False,2149186.3882190487,False,False,False,False
2025-02-26 00:00:00+00:00,57.5075877684,58.1950874919,57.0889883427,57.8464539702,1899244,,,,,,58.80056670912353,58.24416175173403,58.08795794615235,57.59202625474246,56.18967703487745,54.41175740838234,50.45749767611373,48.591997788917254,47.745211501977096,46.94534136520658,46.41494465508783,45.04091600465074,44.002366477802504,43.11577495578424,42.24151845339049,41.93652821112943,41.66867897851902,40.8103035725592,,50.45749767611373,48.591997788917254,45.04091600465074,,49.01651259700835,"rgba(0, 255, 0, 1.0)",1.7117420724394337,53.50548639231614,2.3380282815508484,42.93364180916029,-1.1091190227154755,False,True,False,True,False,2.1406641503259607,0.0,0.0,0.0,0.0,1,0.9054207325781024,0.9907839460649752,False,False,False,False,-0.02915487384452521,-0.005976447021107882,False,False,False,False,74492366,75189187.78037937,False,False,False,False,2139384.725935949,False,False,False,False
2025-02-27 00:00:00+00:00,56.68035557,57.8564206232,56.4710558572,57.4876544624,2303222,,,,,,58.74069836922628,58.21440172649542,58.072968063512704,57.58485088523985,56.1976921580625,54.43265463177478,50.491227691783976,48.62606438167568,47.778917172841915,46.97800793390285,46.446980411092184,45.07285113768384,44.03455797975157,43.14751632010544,42.272351749278904,41.9671137666427,41.69909055805263,40.83993514490095,,50.491227691783976,48.62606438167568,45.07285113768384,,49.03321556011245,"rgba(0, 255, 255, 0.75)",1.7121811282786665,53.50770487480342,1.8529877726115287,40.28743451961567,-3.585197212746259,False,True,False,True,False,0.3630950650738889,0.0,0.0,0.0,0.0,0,0.903260425746208,0.989289856579921,False,False,False,False,-0.07263259230882733,-0.039304519664967605,False,False,False,False,72189144,75071539.00467822,False,False,False,False,2145809.717075716,False,False,False,False
2025-02-28 00:00:00+00:00,57.7467874402,57.7467874402,56.2816894503,56.7700554469,3124357,,,,,,58.676638548211216,58.184296228478296,58.05798815794708,57.57954786172925,56.21169172202843,54.46323769489743,50.53820708160904,48.67323543943648,47.82550632028122,47.02310513190267,46.49117450850894,45.11682318911848,44.078828698391135,43.19113349381797,42.31469509931019,42.00910814640589,41.740838433764246,40.88059138169554,,50.53820708160904,48.67323543943648,45.11682318911848,,49.058702618751866,"rgba(0, 255, 0, 1.0)",1.7086921279674339,53.516329416967075,2.4758456798564685,41.41578363788872,-3.585197212746259,False,True,False,True,False,2.5589687230883733,0.0,0.0,0.0,0.0,0,0.9061471468853257,0.9852402661581839,False,False,False,False,-0.08627089145191792,-0.06278770555844276,False,False,False,False,75313501,75081027.71037713,False,False,False,False,2184184.1203276487,False,False,False,False
2025-03-03 00:00:00+00:00,56.4112559392,58.4643864557,55.8431567186,58.0806703155,2756582,,,,,,58.611613680540486,58.14974639507411,58.03959904404505,57.57003391949632,56.21968658868115,54.48634536266435,50.57697425750226,48.71273819889981,47.86471231558591,47.061208862376176,46.528601987050266,45.15423889385191,44.116605701454574,43.22843532462243,42.350980212208,42.04511699277674,41.776654798786474,40.91552735615546,,50.57697425750226,48.71273819889981,45.15423889385191,,49.078267771765084,"rgba(0, 255, 255, 0.75)",1.714451445499931,53.51994355323434,1.6864358530273533,39.906838136040264,-3.9403034334618923,False,True,False,True,False,0.0,0.0,0.0,0.0,0.0,0,0.904447056838303,0.972526580372153,False,False,False,False,-0.07354091787503139,-0.06816431171673708,False,False,False,False,72556919,74982043.05506822,False,False,False,False,2206631.0960010746,False,False,False,False
2025-03-04 00:00:00+00:00,53.4013267354,55.344824069,52.7036610259,55.344824069,6596601,,,,,,58.224207351152764,57.88645721611824,57.88418207861077,57.44726215388296,56.15526825525661,54.471521429893535,50.62349219855432,48.77067547553026,47.92557772385435,47.12296543290535,46.59074130286324,45.21953098057743,44.184488318297504,43.296902567610765,42.41880628335391,42.11281587944177,41.84431810506062,40.98248066389698,,50.62349219855432,48.77067547553026,45.21953098057743,,49.06453852315897,#000000,1.8084247175236292,53.434854415603866,-0.01853971574209568,35.482297454214056,-8.178489198361063,False,True,False,True,False,0.0,0.0,0.0,0.0,0.0,0,0.8693106751750667,0.99755802813978,False,False,False,False,-0.34282825441539394,-0.20549628306606552,False,False,False,False,65960318,74628249.9156538,False,False,False,False,2378786.7785108364,False,False,False,False
2025-03-05 00:00:00+00:00,55.0458244792,55.0557911322,53.5209265713,53.7900262021,2788563,,,,,,58.10256171191169,57.802675103784324,57.832965159077304,57.40762302228496,56.13717885801353,54.472164070005384,50.64712690058654,48.79823227586819,47.954051820442004,47.15152144032636,46.619292784580026,45.249136997065044,44.21503551582428,43.327554327056475,42.449044090584,42.14295691996235,41.874409568044044,41.01216053244932,,50.64712690058654,48.79823227586819,45.249136997065044,,49.06642728321477,"rgba(38, 166, 154, 0.5)",1.8459998911787145,53.412757577436295,0.8846516782408655,36.03379156625701,-8.178489198361063,False,True,False,True,False,0.0,0.0,0.0,0.0,0.0,0,0.9137739633999513,1.007335899817669,False,False,False,False,-0.31723203518003434,-0.26136415912304994,False,False,False,False,68748881,74397686.42876542,False,False,False,False,2394856.4342555096,False,False,False,False
2025-03-06 00:00:00+00:00,52.4046614361,53.9993259149,51.8664621745,53.2717602465,5087357,,,,,,57.79877854315954,57.58221939519451,57.69495575315558,57.29471290162931,56.069462419906195,54.44363729941264,50.670095437686584,48.83242425194993,47.991472221545955,47.19061348308848,46.659243493564496,45.29238947146288,44.260754199348526,43.374217216333356,42.49574004106626,42.18971144769021,41.92126082279568,41.058877613458435,,50.670095437686584,48.83242425194993,45.29238947146288,,49.04558700069159,#000000,1.9642966344978674,53.336256642808884,-0.47426401407393737,33.902549516437944,-9.757920025345541,False,True,False,True,False,0.0,0.0,0.0,0.0,0.0,0,0.8804256733786974,0.9656816955144496,False,False,False,False,-0.34282825441539394,-0.30209620676922194,False,False,False,False,63661524,73976660.45116676,False,False,False,False,2500444.691735686,False,False,False,False
2025-03-07 00:00:00+00:00,51.9162954395,52.3448615181,49.9329314939,52.2252616822,5167994,,,,,,57.449443536424894,57.31941107605372,57.5257166458597,57.15278707901153,55.97629551649973,54.39303985331564,50.678058127101494,48.85473992066414,48.01822314211926,47.22021194480779,46.69037254591769,45.32791429676204,44.299351112229445,43.414352529501606,42.536520477336246,42.23073387538608,41.96252670150949,41.100487712307455,,50.678058127101494,48.85473992066414,45.32791429676204,,49.008343671822665,"rgba(239, 83, 80, 0.5)",2.0935872365075583,53.23633647461461,-0.6305163750026748,32.09205583245858,-11.592918282404035,False,True,False,True,False,0.0,0.0,0.0,0.0,0.0,0,0.8612110270204649,0.9945194986171174,False,False,False,False,-0.34282825441539394,-0.32246223059230794,False,False,False,False,58493530,73369478.86484651,False,False,False,False,2605054.468530365,False,False,False,False
2025-03-10 00:00:00+00:00,50.1820978187,51.2584963419,49.2551990904,50.3614975726,5425510,,,,,,57.05831407898196,57.01671227256407,57.3255648693825,56.9822202586301,55.858488046276804,54.32170972776427,50.67299305161047,48.867201845756405,48.03632387890397,47.24229153880953,46.71462898484623,45.35768756747495,44.33284176873761,43.4499664663478,42.57335176809187,42.26798060668982,42.000157445540665,41.13890624533494,,50.67299305161047,48.867201845756405,45.35768756747495,,48.95651891231911,"rgba(239, 83, 80, 1.0)",2.279694240178475,53.11476147084228,-1.2864285045141344,29.618179962372345,-14.053072280319626,False,True,False,True,False,0.0,0.0,0.0,0.0,0.0,0,0.8345829886111856,0.9996908324396161,False,False,False,False,-0.34282825441539394,-0.33264524250385097,False,False,False,False,53068020,72573343.22308782,False,False,False,False,2715660.567803684,False,False,False,False
2025-03-11 00:00:00+00:00,49.713665128,50.4412307965,49.0259660715,50.3315976136,5567365,,,,,,56.67210388468013,56.71064762842019,57.11745649684344,56.80326246224508,55.73211210072127,54.242283759172246,50.662098354618436,48.87511153319454,48.05039099060882,47.26084385810415,46.735652336611004,45.384739295861266,44.36390886322778,43.48343436474538,42.60831337108722,42.303441669839096,42.03607063091601,41.175823890271545,,50.662098354618436,48.87511153319454,45.384739295861266,,48.90098308284264,"rgba(239, 83, 80, 1.0)",2.462783148223282,52.989308409423685,-1.330057534211577,27.65519883775679,-16.018741115468387,False,True,False,True,False,0.0,0.0,0.0,0.0,0.0,0,0.8224862962500642,1.0155229389759424,False,False,False,False,-0.34282825441539394,-0.3377367484596224,False,False,False,False,47500655,71590100.54767261,False,False,False,False,2827492.114164324,False,False,False,False
2025-03-12 00:00:00+00:00,50.1123312478,51.0192966701,49.4096822118,50.8398969162,2633394,,,,,,56.514280030272296,56.58348687639857,57.02873998056242,56.726884316356006,55.67851120580361,54.209341510281654,50.659488868208996,48.880767217008234,48.05874135651417,47.271119006629576,46.74698669666951,45.39874272557559,44.379711483375985,43.50028164755602,42.6257775258952,42.32111522398827,42.05393650001394,41.19409599456963,,50.659488868208996,48.880767217008234,45.39874272557559,,48.87955600920443,"rgba(239, 83, 80, 1.0)",2.6200995156009994,52.93823103956561,-1.0785467402818865,27.22324791172837,-16.592286486830687,False,True,False,True,False,0.0,0.0,0.0,0.0,0.0,0,0.8246842529470378,1.013190318669334,False,False,False,False,-0.3131080553901518,-0.32542240192488714,False,False,False,False,50134049,70748686.76148938,False,False,False,False,2819880.4234127817,False,False,False,False
2025-03-13 00:00:00+00:00,48.4778001569,50.2917310016,48.427966892,50.1322645537,4658406,,,,,49.065832683500005,56.207154106764975,56.33315185661447,56.85257925856137,56.57371743323841,55.5674679785878,54.136592974975635,50.644360685529755,48.88217487548063,48.06567730010959,47.28222320173039,46.76040531811259,45.41758737964083,44.40212541624202,43.52493924216923,42.65194565621324,42.34777940576091,42.081041025742785,41.22225124707128,,50.644360685529755,48.88217487548063,45.41758737964083,,48.84310563400241,"rgba(255, 0, 0, 1.0)",2.83009928788204,52.951194438796634,-1.5806492376613341,25.75270922402993,-18.210400470965034,False,True,False,True,False,0.0,0.0,0.0,0.0,0.0,0,0.8209109343721428,1.0209295115757333,False,False,False,False,-0.34282825441539394,-0.3341253281701405,False,False,False,False,45475643,69757587.00613685,False,False,False,False,2891979.4656318882,False,False,False,False
2025-03-14 00:00:00+00:00,50.3216309606,50.3915221147,48.714134416,49.4629682101,2654022,,,,,49.33559762939079,56.06030148906219,56.211683822896234,56.764908955141266,56.49753263955498,55.51289893121391,54.10200037709916,50.639867637514755,48.886174358382576,48.07249134198358,47.29109913949482,46.77042345717576,45.430407079668974,44.41681954591589,43.54076126072183,42.66847616385495,42.364546973375795,42.09802300561619,41.239713712490335,,50.639867637514755,48.886174358382576,45.430407079668974,,48.83703829055547,"rgba(239, 83, 80, 0.5)",2.9581707131848223,52.91435290412386,-0.8764612305732989,28.45441739181777,-18.210400470965034,False,True,False,True,False,0.0,0.0,0.0,0.0,0.0,0,0.8281605551281022,1.0155424912809559,False,False,False,False,-0.33119895568954966,-0.3326621419298451,False,False,False,False,48129665,68909433.20197462,False,False,False,False,2882647.800312991,False,False,False,False
2025-03-17 00:00:00+00:00,51.6994851417,51.9490964064,50.3515843124,50.361568763,2201808,,,,,49.79793135601038,55.97197437963529,56.13747928898684,56.70939531065583,56.4497291983909,55.480296800095225,54.08376088273036,50.64294882124282,48.89490319240501,48.08303058139036,47.302844585005666,46.78282893390879,45.44466840829362,44.43237839515385,43.55700430893537,42.685047358025145,42.38123699748746,42.1148286875144,41.25671430686355,,50.64294882124282,48.89490319240501,45.44466840829362,,48.85310535751215,#000000,3.0378623765887234,52.9093639422292,-0.3982664948396358,32.57611840106946,-23.561502432690716,False,True,False,True,True,0.0,0.0,0.0,0.0,0.0,0,0.8369579437747546,0.9980428814074239,False,False,False,False,-0.23787299174568607,-0.2852675668377656,False,False,False,False,50331473,68180885.74307366,False,False,False,False,2855948.200300717,False,False,False,False
2025-03-18 00:00:00+00:00,52.078894264,52.1687543193,51.3200760194,51.7194540428,3018655,,,,,50.29361284663455,55.86916161438921,56.0500139909968,56.642326132884314,56.392159761544896,55.44194643177491,54.063818993771434,50.65029228571466,48.90931235850286,48.09967462241858,47.320910219379016,46.8016678638141,45.46583390696413,44.45520250890585,43.58065256278319,42.709029974338485,42.405347829874664,42.13907027406394,41.281132862804455,,50.65029228571466,48.90931235850286,45.46583390696413,,48.8721666863979,#000000,3.0965711883326987,52.90266250708904,-0.26602593416642456,35.9334009891749,-20.4147278312312,False,True,False,True,True,0.0,0.0,0.0,0.0,0.0,0,0.8525657826881853,0.9968438100128567,False,False,False,False,-0.20425677403076745,-0.2447621704342665,False,False,False,False,53350128,67599287.40020803,False,False,False,False,2862328.859112453,False,False,False,False
2025-03-19 00:00:00+00:00,53.9759398756,54.3803101244,51.8592363511,52.078894264,3582081,,,,,50.985256711858725,55.79822971661005,55.987416972927086,56.59009951250973,56.348391038469664,55.41668938150705,54.05689634534749,50.6699425707199,48.93512501812661,48.12730365764454,47.349422934934246,46.83063934753005,45.49681481478032,44.48773706279155,43.6137614882095,42.742119422578796,42.4384644380053,42.17224203615983,41.31418734640495,,50.6699425707199,48.93512501812661,45.49681481478032,,48.91372314826923,#000000,3.1115184398084774,52.92120261883413,0.33897830823422354,40.94832496974679,-15.787563372533128,False,True,False,True,True,0.0,0.0,0.0,0.0,0.0,0,0.8563531562303469,0.9745687718117817,False,False,False,False,-0.12802060264384574,-0.18639138653905613,False,False,False,False,56932209,67180970.60019988,False,False,False,False,2890554.433264906,False,False,False,False
2025-03-20 00:00:00+00:00,53.6664219074,54.1556599862,53.0573704216,53.2770283345,3600982,,,,,51.467658542419336,55.73714877087289,55.93255017868367,56.54280100016899,56.30887829862083,55.39464765704239,54.05239628176116,50.69099170695738,48.962046921560486,48.15594255508643,47.378855772214514,46.8604804394321,45.52858125092807,44.52101158416119,43.64756821444804,42.77586391314959,42.47222322568897,42.2060456848377,41.347840003549535,,50.69099170695738,48.962046921560486,45.52858125092807,,48.94650168429386,#000000,3.111974388665724,52.93291781213573,0.23570376990755593,43.85989514384313,-13.20079348251609,False,True,False,True,True,0.0,0.0,0.0,0.0,0.0,0,0.8726402085252029,0.983544865589513,False,False,False,False,-0.10143498873485104,-0.1439131876369536,False,False,False,False,53331227,66637843.40019204,False,False,False,False,2918414.337842753,False,False,False,False
2025-03-21 00:00:00+00:00,53.5665774015,53.676406358,52.4383344851,52.8876347616,2549145,,,,,51.66909878290939,55.688149494756,55.88876253889476,56.50575897964704,56.27753116566473,55.37591864538187,54.04633294332155,50.7037094312565,48.97930311652707,48.174569489278205,47.39820377468806,46.88020949391525,45.54981746389684,44.54339385633836,43.67041011784445,42.798750930245376,42.49514700496554,42.22902239423849,41.370780562215174,,50.7037094312565,48.97930311652707,45.54981746389684,,48.96025632557814,#000000,3.110483198143015,52.931190435055576,0.2042727531284378,45.652979359972775,-11.586558464275676,False,False,False,False,True,0.0,0.0,0.0,0.0,0.0,0,0.869121554387207,0.9858541716185425,False,False,False,False,-0.13144128574107866,-0.13767723668901613,False,False,False,False,50782082,66016048.835478626,False,False,False,False,2903933.187339116,False,False,False,False
2025-03-24 00:00:00+00:00,55.2639340014,55.4636230131,54.2754733932,54.3303878715,2277277,,,,,51.97826547036477,55.676371640418594,55.87610959139173,56.4908896098805,56.266035927053146,55.37304684310309,54.05255797936688,50.722874766174805,49.00098984384325,48.19689629823904,47.42060768191246,46.90262850836543,45.5730506400626,44.567356709298025,43.69449462895015,42.82257599310837,42.51891482489767,42.25276542530867,41.39425473398174,,50.722874766174805,49.00098984384325,45.5730506400626,,48.988457216616894,"rgba(38, 166, 154, 0.5)",3.08334282680326,52.95020323377745,0.7503968574332603,49.27060328909356,-8.193505754886687,False,False,False,False,True,0.0,0.0,0.0,0.0,0.0,0,0.8827702156856252,0.970115660488267,False,False,False,False,-0.033018231890086604,-0.08534773428955136,False,False,False,False,53059359,65507943.35173436,False,False,False,False,2879358.4348944444,False,False,False,False
2025-03-25 00:00:00+00:00,55.2539495508,55.7032498272,54.3154111956,55.443654112,2316032,,,,,52.24666902342739,55.666339985547,55.86488990883161,56.476959693376855,56.25537098497072,55.370865576214854,54.0593982210954,50.742597455811804,49.023213937677944,48.219751679627535,47.44352633812106,46.92555403751071,45.59678643183051,44.59182391461054,43.71907806215669,42.84688936234899,42.54316799850962,42.27699171824978,41.41820272323678,,50.742597455811804,49.023213937677944,45.59678643183051,,49.01516195016609,"rgba(38, 166, 154, 0.5)",3.062342627133985,53.37624790567266,0.6131585762121792,51.66492157303494,-5.947329868199162,True,False,True,False,True,0.0,0.0,0.0,0.0,0.0,0,0.9044638712205438,0.9653358589645894,False,False,False,False,-0.025476950499961147,-0.05541234239475626,False,False,False,False,50743327,64928938.78892125,False,False,False,False,2857267.2021534857,False,False,False,False
2025-03-26 00:00:00+00:00,54.2055822391,55.6034053214,53.7662664133,55.1840583967,1763250,,,,,52.38703183425905,55.65164502537105,55.85047238202494,56.46228535909153,56.24349809677128,55.365917156181965,54.06172220791753,50.75555552833832,49.03845762661606,48.23562622973857,47.459599091200964,46.94171845583712,45.61370565846956,44.60937551492402,43.736795368808004,42.86448282270293,42.560740111746,42.29456287573531,41.435626680287854,,50.75555552833832,49.03845762661606,45.61370565846956,,49.02993779084327,#000000,3.0550489108085666,53.37024860291315,0.2734272545462353,51.44395250773198,-5.947329868199162,True,False,True,False,True,0.0,0.0,0.0,0.0,0.0,0,0.911484059087613,0.9322579528265024,False,False,False,False,-0.04298939940898044,-0.04920087090186835,False,False,False,False,48980077,64303493.2285714,False,False,False,False,2814364.5667749178,False,False,False,False
2025-03-27 00:00:00+00:00,54.0558154803,54.3353800968,53.1172771251,53.7762508639,2000144,,,,,52.48168531482128,55.62550964835113,55.826180865752086,56.44007878260671,56.224904818296686,55.355831446944805,54.060452491054015,50.76748061330479,49.053488954828886,48.25157515692389,47.475973983773535,46.95831329400806,45.63134279075269,44.62783216651219,43.75554388131264,42.88320060042199,42.57946657722313,42.31331450104236,41.45429824186715,,50.76748061330479,49.053488954828886,45.63134279075269,,49.040340743673575,#000000,3.0566382470163793,53.3531011877983,0.2298977620880141,51.04251439680942,-5.947329868199162,True,False,True,False,True,0.0,0.0,0.0,0.0,0.0,0,0.8904090848853544,0.9558898983397087,False,False,False,False,-0.09491411974113553,-0.07205749532150194,False,False,False,False,46979933,63624137.92549017,False,False,False,False,2782434.348470019,False,False,False,False
2025-03-28 00:00:00+00:00,51.7693762958,53.9459865238,51.6146173117,53.7462975121,5599891,,,,,52.47575505630231,55.502222308791474,55.71569474411152,56.34764530072896,56.14486267132811,55.30304471455462,54.03536213047546,50.785448492503406,49.08296495957723,48.284731543769865,47.511432793177015,46.99502911237917,45.672007551774215,44.671358489247226,43.800464812717934,42.92864641280326,42.62512003371381,42.3591846722935,41.50042904446929,,50.785448492503406,49.08296495957723,45.672007551774215,,49.03902130761676,#000000,3.098421758093378,53.26477377167616,-0.482631995457054,47.41459107964453,-5.947329868199162,False,False,False,False,False,0.0,0.0,0.0,0.0,0.0,0,0.865655708776017,0.974783609768591,False,False,False,False,-0.14666726157699508,-0.10936237844924851,False,False,False,False,41380042,62751820.438216045,False,False,False,False,2892922.84460845,False,False,False,False
2025-03-31 00:00:00+00:00,52.3285055287,52.4483189357,50.2217864547,51.0205425017,2955937,,,,,52.41467471566565,55.425345099960346,55.647064265559806,56.29118442155339,56.09537649664094,55.26858093249901,54.01611657397514,50.7904050770087,49.094767650197014,48.29879148609195,47.52702934038655,47.011476062944325,45.69083644569413,44.691861345742744,43.821874543279506,42.95051634768425,42.64715452916784,42.381377353541886,41.522905431714115,,50.7904050770087,49.094767650197014,45.69083644569413,,49.030912532595124,#000000,3.1319128449178026,53.2165956456375,-0.28356156793399084,46.01749497114888,-5.947329868199162,False,False,False,True,False,0.0,0.0,0.0,0.0,0.0,0,0.8529452575504459,0.9936592781994167,False,False,False,False,-0.22736764476848106,-0.1683650116088648,False,False,False,False,44335979,62029630.57789385,False,False,False,False,2895393.9879571386,False,False,False,False
2025-04-01 00:00:00+00:00,53.7163441603,53.9060487215,51.6096250864,52.0090031099,3919045,,,,,52.4749348729749,55.364571873383326,55.590591669705056,56.240603291043335,56.05180228624679,55.24139203956856,54.00611354359479,50.80734212517473,49.11874727110877,48.324989670445014,47.5545163558859,47.039660823729925,45.72147109268227,44.72432255520655,43.85515509749198,42.984011112209146,42.680748292802846,42.415085376038014,41.55667679260188,,50.80734212517473,49.11874727110877,45.72147109268227,,49.03961769167862,#000000,3.14097197799008,53.20206417828081,0.16373275076089008,47.40774954944294,-5.947329868199162,False,False,False,False,False,0.0,0.0,0.0,0.0,0.0,0,0.8603622141876265,0.9854299970921753,False,False,False,False,-0.14790467130513332,-0.15813484145699908,False,False,False,False,48255024,61489449.92778037,False,False,False,False,2935537.164899996,False,False,False,False
2025-04-02 00:00:00+00:00,54.2954422944,54.3154111956,52.4083811334,52.6480079475,2535642,,,,,52.54151186843631,55.336712036917,55.5637094193756,56.21472199848514,56.02978729062899,55.22890184196554,54.003833289508755,50.82100845425378,49.136420763892595,48.34389323640084,47.57405876284032,47.059542962288376,45.74275115002862,44.74667993071271,43.87794331861514,43.00683674405728,42.70360743982547,42.43799391787299,41.57954650607935,,50.82100845425378,49.136420763892595,45.74275115002862,,49.04997162800972,#000000,3.131524696192283,53.202763869813,0.3489285669423654,49.21965034793267,-5.947329868199162,False,False,False,False,False,0.0,0.0,0.0,0.0,0.0,0,0.8666280563767892,0.9960591738968433,False,False,False,False,-0.1147757788906784,-0.13645531017383875,False,False,False,False,50790666,61069889.77374977,False,False,False,False,2919855.0015705843,False,False,False,False
2025-04-03 00:00:00+00:00,50.2717087077,52.5980856945,50.1618797512,51.8093140981,6874292,,,,,52.341075698988476,55.151794437299095,55.39699279390896,56.07628471820038,55.906933300146356,55.139747764131066,53.94928363554282,50.82342780981275,49.155932418461326,48.36920437861109,47.60356002650187,47.091389320217544,45.780695593432895,44.78882141557479,43.92254541996236,43.05290566163332,42.75017787979866,42.4850264096592,41.627560596729936,,50.82342780981275,49.155932418461326,45.780695593432895,,49.02175575150594,"rgba(239, 83, 80, 0.5)",3.2026178894827875,53.09734688989952,-0.8822901387888802,45.32861104083864,-5.947329868199162,False,False,False,True,False,0.0,0.0,0.0,0.0,0.0,0,0.8194147396562886,0.9962731924094131,False,False,False,False,-0.22481981654097238,-0.18063756335740555,False,False,False,False,43916374,60397202.88066155,False,False,False,False,3074930.9622933064,False,False,False,False
2025-04-04 00:00:00+00:00,46.1680995162,48.2348807878,45.229561161,47.9553161714,6913379,,,,,51.666620268022314,54.7970280329202,55.08257617728945,55.82792137911426,55.68199825750334,54.960851212915806,53.81600783607893,50.76919434369448,49.12887019344953,48.351948054314846,47.59449216362443,47.086989242803774,45.786186530596446,44.80061827417919,43.938929367012406,43.07299916854857,42.77144883625546,42.50730027034786,41.65260562501496,,50.76919434369448,49.12887019344953,45.786186530596446,,48.91024132808875,"rgba(255, 0, 0, 1.0)",3.4082769351973683,52.85055629984021,-1.9606554604264381,39.66656187855412,-3.2486304174727323,False,True,False,True,False,0.0,0.0,0.0,0.0,0.0,0,0.7934752690799359,1.0188018024404337,False,False,False,False,-0.34282825441539394,-0.2617329088863998,False,False,False,False,37002995,59479782.96377286,False,False,False,False,3225458.3363210196,False,False,False,False
2025-04-07 00:00:00+00:00,45.8286281963,48.4146008984,43.5921112647,43.971520387,8454576,,,,,50.95393923774716,54.37226941079341,54.7022234751667,55.52273997174006,55.40409141381864,54.73707462263437,53.64649969727983,50.69556743679292,49.0890315749528,48.3244352794229,47.577405678130575,47.07586993451865,45.78757214357372,44.809947832881676,43.954145769080824,43.093072934729626,42.793060310355294,42.530216283315085,41.67918044856851,,50.69556743679292,49.0890315749528,45.78757214357372,,48.7762286029212,"rgba(255, 0, 0, 1.0)",3.602447118446786,52.57266349585568,-1.8720705891897735,35.685716469945255,-6.885449670756998,False,True,False,True,False,0.0,0.0,0.0,0.0,0.0,0,0.7783106048268098,1.0324260867005013,False,False,False,False,-0.34282825441539394,-0.3022805816508969,False,False,False,False,28548419,58266788.298526876,False,False,False,False,3430521.774112352,False,False,False,False
2025-04-08 00:00:00+00:00,44.6205096752,48.3047719419,44.0214426399,48.2648341396,6213068,,,,,50.5090536556301,54.075135354371305,54.4335053157626,55.30364498792623,55.20368390660101,54.57427487469007,53.52189899363779,50.63959215010543,49.057685918906536,48.30214688613076,47.56283525914362,47.065731082646444,45.78668937071164,44.81494367752651,43.96353976344586,43.10613312023346,42.807280480680106,42.545419002834144,41.6971593392771,,50.63959215010543,49.057685918906536,45.78668937071164,,48.682650165276875,"rgba(255, 26, 202, 1.0)",3.8260097388570977,52.38530504431007,-2.0294761119530156,32.30455064365382,-9.952301121973662,False,True,False,True,False,0.0,0.0,0.0,0.0,0.0,0,0.7960710449159082,1.031605631975466,False,False,False,False,-0.33526262496729725,-0.31877160330909704,False,False,False,False,22335351,56857712.326035626,False,False,False,False,3539641.233951084,True,False,False,False
2025-04-09 00:00:00+00:00,50.3715532135,50.9556435729,43.5421890117,43.8916447823,8691019,,,,48.28979526603334,50.27605134649734,53.81201939440272,54.18858929726929,55.0924942740551,55.01054884817101,54.420649472610194,53.410305442642,50.60369162255997,49.04802169810779,48.30200461185594,47.57043786105599,47.077777282728164,45.80878358036358,44.843649223378904,43.996825937112085,43.142922673734176,42.84520321824978,42.584323960086465,41.738662690197906,48.28979526603334,50.60369162255997,49.04802169810779,45.80878358036358,,48.60313788505559,#000000,3.879254681585348,52.27955764913729,-0.49184820081406394,37.293413650301574,-9.952301121973662,False,True,False,True,True,0.0,1.0,50.955643,43.54219,0.0,0,0.8023246670401809,1.0057543841794871,True,False,False,False,-0.28476019350766174,-0.3017658984083794,False,False,False,False,31026370,55844718.50932835,False,False,False,False,3741656.048305943,False,False,False,False
2025-04-10 00:00:00+00:00,46.8570266068,49.3231859019,45.4891568763,49.2832480995,5506267,,,,47.87609777542583,50.08564240370322,53.62748359375192,54.01699979851494,54.94520967742513,54.87512340074107,54.31087813014067,53.32781323206609,50.57128280132268,49.033585806705894,48.294188245661516,47.56815177040534,47.07867789047314,45.816648921920255,44.85603804457793,44.01247652954876,43.16118716034466,42.864305057197924,42.60414355039073,41.760450611728466,47.87609777542583,50.57128280132268,49.033585806705894,45.816648921920255,,48.53431922010232,"rgba(239, 83, 80, 1.0)",4.016581217663416,52.153012879403875,-1.3185308563696205,38.03514997352358,-9.952301121973662,False,True,False,True,True,0.0,0.0,0.0,0.0,0.0,0,0.8100512218185819,1.018630269664229,False,False,False,False,-0.2775673576659774,-0.2896666280371784,False,False,False,False,25520103,54655517.901119396,False,False,False,False,3810856.4777841414,False,False,False,False
2025-04-11 00:00:00+00:00,48.5144454043,48.9138234278,46.7571821009,46.8370577056,4065895,,,,47.91744406530792,49.99654019211148,53.51471345662683,53.91060863410202,54.85137620789598,54.7887416859429,54.241286691784595,53.27647454995538,50.55364314456615,49.027942452604115,48.29295174223984,47.570539559344226,47.08315568702689,45.82583080814091,44.868315688306375,44.02692948731342,43.17733236696821,42.880996918515905,42.62130790717274,41.77888137814061,47.91744406530792,50.55364314456615,49.027942452604115,45.82583080814091,,48.510250631203334,"rgba(239, 83, 80, 0.5)",4.103045193968176,52.093678274517835,-0.8723357167694893,40.11032540114289,-18.20796694283308,False,True,False,True,True,0.0,0.0,0.0,0.0,0.0,0,0.8202103555978724,1.0389030451449441,False,False,False,False,-0.25761723335501413,-0.27364193069609627,False,False,False,False,29585998,53672399.47362452,False,False,False,False,3820857.9884592732,False,False,False,False
2025-04-14 00:00:00+00:00,49.053605736,49.6027505183,48.2748185902,49.3531392536,3331320,,,,48.08090762627119,49.961045368031236,53.440613488046445,53.83943498083626,54.7864904906976,54.72899168152385,54.19368840989559,53.24240404225098,50.54461512821153,49.02770148663418,48.295921407371864,47.57609158444555,47.09019693397547,45.83635455071222,44.88116825708832,44.04136329613203,43.19294544961873,42.89699535498386,42.63764329176751,41.79609022826649,48.08090762627119,50.54461512821153,49.02770148663418,45.83635455071222,,48.50453315283805,"rgba(239, 83, 80, 0.5)",4.170994188003828,52.06448296202283,-0.721860805915864,42.00082113100911,-16.264929305509185,False,False,False,True,True,0.0,0.0,0.0,0.0,0.0,0,0.8382963708096072,1.0365905388374754,False,False,False,False,-0.20250501176812774,-0.238073471232112,False,False,False,False,32917318,52858474.70995297,False,False,False,False,3801660.4202843998,False,False,False,False
2025-04-15 00:00:00+00:00,49.2632791983,50.0620352453,48.6242743607,49.4030615066,3491986,,,,48.25290359519895,49.9383515437106,53.371207170939265,53.772057464373674,54.72388210790594,54.671284254298634,54.14789713132529,53.210061881511855,50.53728754623593,49.02912813888384,48.30054444303273,47.58326337042771,47.098839623513555,45.848494868132725,44.89566413235563,44.057437569963156,43.2101767964206,42.91460679168372,42.65558873757878,41.8148895292513,48.25290359519895,50.53728754623593,49.02912813888384,45.848494868132725,,48.501678334837194,"rgba(239, 83, 80, 0.5)",4.22881789944796,52.03925002490198,-0.6564413253558083,43.46970044788037,-14.652364983850532,False,False,False,True,True,0.0,0.0,0.0,0.0,0.0,0,0.8620258350110434,1.0180337658437402,False,False,False,False,-0.18388836041619014,-0.21098091582415107,False,False,False,False,36409304,52213409.1919156,False,False,False,False,3789516.325371286,False,False,False,False
2025-04-16 00:00:00+00:00,48.7540722184,49.393077056,48.0301995508,48.9238078784,2288585,,,,48.29243680918605,49.91100093896074,53.32052823308404,53.723266052560525,54.679222922446186,54.63002743599868,54.114737101281605,53.18598050682251,50.530231342796775,49.028149310178414,48.301803101647565,47.58634057010579,47.102968408770934,45.85505805968246,44.90385053293299,44.06674192542428,43.220329954418794,42.92503644100007,42.666259200122525,41.826193117075974,48.29243680918605,50.530231342796775,49.028149310178414,45.85505805968246,,48.49350809822485,"rgba(239, 83, 80, 0.5)",4.2908483698289634,52.01475612684517,-0.7599159017998921,43.98635032507826,-13.853375081102023,False,False,False,True,True,0.0,0.0,0.0,0.0,0.0,0,0.8562294206041886,1.0238119432767816,False,False,False,False,-0.21302277623017962,-0.21200184602716535,False,False,False,False,34120719,51503891.92948754,False,False,False,False,3730656.2733959416,False,False,False,False
2025-04-17 00:00:00+00:00,49.6227194195,50.0820041465,48.7241188666,48.7440877678,2315059,,,,48.38474589029744,49.901303266589196,53.278567602049,53.682130130361436,54.64032893644926,54.5941032050342,54.08621797096608,53.165937189888616,50.526094785754985,49.02960730099226,48.305309140956346,47.5914757243349,47.10904536829504,45.86339450767389,44.9137152555924,44.07762630970774,43.23195750654365,42.93690879198181,42.678347148555375,41.83882958166192,48.38474589029744,50.526094785754985,49.02960730099226,45.86339450767389,,48.49178228068428,"rgba(239, 83, 80, 0.5)",4.336713581054532,51.99915479365954,-0.5479807069900333,45.30455820639092,-12.231178244205822,False,False,False,True,True,0.0,0.0,0.0,0.0,0.0,0,0.8615870421191097,1.0133294571006086,False,False,False,False,-0.1811413256902847,-0.19657158585872503,False,False,False,False,36435778,50912985.50088019,False,False,False,False,3675142.654831395,False,False,False,False
2025-04-21 00:00:00+00:00,47.9453317208,49.3830926054,47.3562491361,49.1135124395,2201943,,,,48.37393909211345,49.86654166698436,53.22667445168046,53.6323438786883,54.59505991645411,54.552175899824064,54.05215964099365,53.14069223723567,50.5175486440444,49.02713505609039,48.30509089179801,47.59311705703597,47.111764427319976,45.86856128605292,44.920502769954375,44.08555438887317,43.24077443942073,42.946013639341764,42.687701181679735,41.84885219849492,48.37393909211345,50.5175486440444,49.02713505609039,45.86856128605292,,48.47961013820402,"rgba(239, 83, 80, 0.5)",4.411663420696697,51.970233372211155,-0.9123319862818404,44.562678949831906,-12.231178244205822,False,False,False,True,True,0.0,0.0,0.0,0.0,0.0,0,0.8391654794271961,1.024045290589075,False,False,False,False,-0.2289460229850758,-0.21275880442190043,False,False,False,False,34233835,50258901.16751234,False,False,False,False,3617370.1193478107,False,False,False,False
2025-04-22 00:00:00+00:00,49.97217519,50.0121129924,48.7840255701,48.9737301313,3771779,,,,48.50248922224431,49.85701856938685,53.163763902494324,53.57009990966183,54.535249307968556,54.49681184291504,54.008153761581056,53.109861505582835,50.51167339112127,49.03009084219331,48.311289669292776,47.60189283579637,47.12203275386732,45.88243469029388,44.936823094624025,44.1035037108258,43.25990746080184,42.96553737703733,42.707569542864135,41.869595124514454,48.50248922224431,50.51167339112127,49.03009084219331,45.88243469029388,,48.47728992575337,#000000,4.4441274932663255,51.946549893220684,-0.4442659906162065,46.32194056272198,-10.553398038908824,True,False,False,False,True,0.0,0.0,0.0,0.0,0.0,0,0.8468905705131285,1.0101076753281093,False,False,False,False,-0.18137014143535293,-0.19706447292862667,False,False,False,False,38005614,49778380.10211971,False,False,False,False,3623425.369569465,False,False,False,False
2025-04-23 00:00:00+00:00,50.9206979959,52.9874792674,50.7409778853,51.789345197,2883435,,,,48.730429699269806,49.900351399797536,53.14270058457713,53.54659712831397,54.508224872901174,54.47189022466747,53.989759936701056,53.0995752437729,50.51667270297575,49.0401755021262,48.32319447954694,47.61511553597477,47.13601646757814,45.89854264909828,44.95444721849009,44.12202183078324,43.27896252334359,42.984779773434035,42.72698603133553,41.88938541720352,48.730429699269806,50.51667270297575,49.0401755021262,45.89854264909828,,48.49379146109455,#000000,4.460624279560323,51.95418186925174,-0.23169041115778766,48.458274811504694,-8.194532470221162,True,False,False,False,True,0.0,0.0,0.0,0.0,0.0,0,0.8595308544287815,0.9875930529063011,False,False,False,False,-0.07012071913054826,-0.13359259602958745,False,False,False,False,40889049,49429778.88242874,False,False,False,False,3594406.1393902707,False,False,False,False
2025-04-24 00:00:00+00:00,52.8377125086,52.997463718,51.1253792329,51.1703092605,1757731,,,,48.88698152830464,49.937534005200604,53.136208920198705,53.537961466226335,54.496217647244094,54.46085517469945,53.982179659619376,53.09645528929011,50.5219520751585,49.04815882964026,48.33213147173246,47.62470257901209,47.1459781293894,45.90964978547193,44.96639450830194,44.13443155854685,43.29161358711042,42.9975189885036,42.73981044771127,41.90236887201605,48.88698152830464,50.5219520751585,49.04815882964026,45.90964978547193,,48.50745522616891,#000000,4.456092505765083,51.96409471654844,0.19605019216304775,51.671827914088766,-4.909439618426056,True,False,True,False,True,0.0,0.0,0.0,0.0,0.0,0,0.8695897873224328,0.9786639308533928,False,False,False,False,-0.06133514954025824,-0.09746387278492284,False,False,False,False,42646780,49163778.92625507,False,False,False,False,3522379.6633357503,False,False,False,False
2025-04-25 00:00:00+00:00,53.167199378,53.5366240498,52.7178991016,52.7178991016,2976638,,,,49.179516666528194,50.018767274742835,53.13626649457449,53.533278739492715,54.48373550122542,54.44948738526768,53.975758181870155,53.096752358321474,50.53486908546358,49.06495753301269,48.35026970449948,47.64367009207289,47.165421666510206,45.930767805163875,44.988785825411696,44.15745903062467,43.31489642998731,43.02090463758083,42.7633030390805,41.92600785329238,49.179516666528194,50.53486908546358,49.06495753301269,45.930767805163875,,48.53674376523615,#000000,4.451661633634407,51.989869086909934,0.2644698514807996,54.10777109674919,-2.443998332576477,True,False,True,False,True,0.0,0.0,0.0,0.0,0.0,0,0.8866762099568454,0.9724924825569364,False,False,False,False,-0.013977561718173387,-0.05572071725154811,False,False,False,False,45623418,49024941.24287252,False,False,False,False,3500978.0294794464,False,False,False,False
2025-04-28 00:00:00+00:00,53.2470749827,54.0657999309,52.8676658604,53.2271060815,1207197,,,,49.29386271027286,50.05312470737201,53.1376351850854,53.53261397883617,54.47967955593999,54.44581286165392,53.973962033529006,53.09756053773146,50.540576422371686,49.07215150661409,48.35797321597165,47.651677632696085,47.17360351780977,45.939596490823625,44.99811254745632,44.16702647508534,43.32454987904798,43.03059443897589,42.773031900881286,41.93578208346207,49.29386271027286,50.540576422371686,49.07215150661409,45.939596490823625,,48.54894638408083,#000000,4.448993158929854,52.000926395340684,0.2800967641089966,55.807947038599885,-0.6830253300729368,True,False,True,False,True,0.0,0.0,0.0,0.0,0.0,0,0.8792496966435476,0.9804305015928362,False,False,False,False,0.0010826255006432745,-0.02731904587545242,False,False,False,False,46830615,48938889.23334812,False,False,False,False,3411025.8322449587,False,False,False,False
2025-04-29 00:00:00+00:00,53.5665774015,53.9160331721,52.4982411887,52.9675103663,1492283,,,,49.424753524838685,50.09381367875453,53.13887217672544,53.531411851413814,54.47440258439625,54.44102067791559,53.97150410773066,53.09833017954479,50.5474362833836,49.080874922273864,48.36733803862084,47.66143102995641,47.18357997465172,45.95038408778726,45.009522070878624,44.178740836467526,43.336378795096415,43.042470768652265,42.78495848013212,41.94777148685896,49.424753524838685,50.5474362833836,49.080874922273864,45.95038408778726,,48.56324977780397,#000000,4.433085927036177,52.01361573313342,0.3503116551148919,57.266886726165296,0.8768610192229644,True,False,True,False,True,0.09440527113933328,0.0,0.0,0.0,0.0,0,0.8694444806018266,0.9885359176985559,False,False,False,False,-0.010433670907143975,-0.018876358391298198,False,False,False,False,48322898,48914732.71439329,False,False,False,False,3335781.015294176,False,False,False,False
2025-04-30 00:00:00+00:00,53.5865463027,53.8661109191,52.2386454734,52.8976192122,2528310,,,,49.62310541675056,50.15849995982247,53.13987469920274,53.52846045785354,54.464828646110284,54.43229916904569,53.96676486661456,53.09907688201317,50.55858096373372,49.09523916191797,48.38281693508675,47.6775992814303,47.20014462287779,45.96835111154935,45.0285580590532,44.19831105721551,43.35616328563273,43.06234165826589,42.80491931947609,41.96785530475464,49.62310541675056,50.55858096373372,49.09523916191797,45.96835111154935,,48.58568954292035,#000000,4.434993889044291,52.03285117907656,0.35032632794861673,58.26131900388547,2.0360265029721347,True,False,True,False,True,0.12241469307384278,0.0,0.0,0.0,0.0,0,0.8672499854598491,0.9883667084383507,False,False,False,False,-0.003177134447048278,-0.011026746419173238,False,False,False,False,50851208,48990672.92167198,False,False,False,False,3304115.48528264,False,False,False,False
2025-05-01 00:00:00+00:00,53.9959087768,54.5650224603,53.4118184174,53.7762508639,1613651,,,,49.76372168124003,50.20828779107969,53.14578057711318,53.53133675098043,54.4625121566415,54.43027895215808,53.96686304307379,53.1022826612276,50.5676563782954,49.10603146929596,48.39418642002098,47.68927593803394,47.21199664648583,45.98096795718108,45.041783667604776,44.21180517731115,43.36971840455374,43.075928936485084,42.81854553370595,41.98149912213402,49.76372168124003,50.5676563782954,49.10603146929596,45.98096795718108,,48.603022963231105,#000000,4.435728036830562,52.049476062406356,0.43880794724836625,59.39764852886445,3.36498475230394,True,False,True,False,True,0.7035612529780089,0.0,0.0,0.0,0.0,0,0.8882310195903192,0.9810668866082198,False,False,False,False,0.04551101745980157,0.017242135520314165,False,False,False,False,52464859,49126915.51297896,False,False,False,False,3237822.760369595,False,False,False,False
2025-05-02 00:00:00+00:00,55.393731859,55.6882731513,54.764711472,54.8845248791,1592416,,,,49.93364699610536,50.272513854341305,53.16031209071256,53.542017801515996,54.4664472827854,54.43410977117358,53.97211859107906,53.1099882117575,50.5799261125826,49.11943831298508,48.407939514612785,47.703109281012296,47.225872493094045,45.99538091922773,45.056674793885385,44.22683893996204,43.38468353705727,43.09088673678218,42.83351038547757,41.99637756468734,49.93364699610536,50.5799261125826,49.11943831298508,45.99538091922773,,48.62558965954186,"rgba(38, 166, 154, 0.5)",4.436078385161096,52.073627948883406,0.7484322011131513,61.66686580712904,5.746444531973729,True,False,True,False,True,2.659842948155724,0.0,0.0,0.0,0.0,0,0.8996857067379116,0.9703495682072069,False,False,False,False,0.13250002237922193,0.07487107894976805,False,False,False,False,54057275,49320262.94384254,False,False,False,False,3173297.005060984,False,False,False,False
2025-05-05 00:00:00+00:00,54.5550380097,55.4236852108,54.4901390809,54.9144782308,2377024,,,,50.14850103624001,50.35689902620999,53.177023192214065,53.553576791223485,54.46898377470212,54.436702278950506,53.97716297719815,53.11897896748528,50.596345652110806,49.137859575925255,48.4270022932213,47.72241935592031,47.24532087782036,46.015752555808575,45.077827833904294,44.24827511440707,43.40609274840028,43.11230781055463,42.85496022554984,42.01775939597871,50.14850103624001,50.596345652110806,49.137859575925255,46.015752555808575,,48.65498757419125,"rgba(38, 166, 154, 0.5)",4.429793877221268,52.103864863719764,0.5533379687449053,61.581214907945004,5.896058385921165,True,False,True,False,True,1.4277606900168927,0.0,0.0,0.0,0.0,0,0.9045442285462502,0.9652901744822617,False,False,False,False,0.15716629526460232,0.11601868710718519,False,False,False,False,51680251,49412811.4950644,False,False,False,False,3142070.612705651,False,False,False,False
2025-05-06 00:00:00+00:00,54.4452090532,54.8695482032,53.846142018,53.846142018,1871383,,,,50.2902314928004,50.41488987249058,53.18652218228695,53.55945567805492,54.46852692364961,54.43644258049973,53.97906688120486,53.12419692669785,50.607859047576696,49.15117295732442,48.44091291307659,47.73661930731294,47.259685352390335,46.030934025675265,45.09367466159951,44.26439717254273,43.42224997525066,43.12849141929237,42.871180109258766,42.03397135595616,50.2902314928004,50.607859047576696,49.15117295732442,46.030934025675265,,48.675024041747065,"rgba(38, 166, 154, 0.5)",4.418337772629902,52.12344504236179,0.5254835936765073,61.312742808976765,5.926512927325319,True,False,True,False,True,1.266078591970885,0.0,0.0,0.0,0.0,0,0.9066548698343212,0.960122824477472,False,False,False,False,0.14476464984534548,0.13039166847626532,False,False,False,False,49808868,49428343.12270894,False,False,False,False,3092239.725932881,False,False,False,False
2025-05-07 00:00:00+00:00,55.8030943331,55.8430321355,54.6149447132,54.6149447132,3127862,,,,50.56178066603737,50.53244866046044,53.21545473141224,53.581140940115986,54.47730680482765,54.44495529793745,53.99017259305838,53.139882337207325,50.63216705519285,49.17763733596879,48.468034659049415,47.763885831344574,47.28702825948538,46.0593089534984,45.122973111927045,44.29396896779899,43.45168475615368,43.15791083136821,42.900612344528234,42.06323251628679,50.56178066603737,50.63216705519285,49.17763733596879,46.0593089534984,,48.71607933268295,"rgba(38, 166, 154, 0.5)",4.403045123195579,52.16701029013336,0.8258112150183217,62.74378158847962,7.595503916618526,True,False,True,False,True,3.1828018215789022,0.0,0.0,0.0,0.0,0,0.9184998252659217,0.9413803621163428,False,False,False,False,0.19561975973189943,0.16300571410408238,False,False,False,False,52936730,49565926.9218184,False,False,False,False,3093636.677857082,False,False,False,False
2025-05-08 00:00:00+00:00,57.5204198341,58.0895335176,55.2140117484,55.3737629578,3458622,,,,50.91452691876077,50.69467193134857,53.268061645080586,53.623887303695064,54.502185111882454,54.46861120762428,54.015104588285055,53.16838130801821,50.667208874071,49.213707790027236,48.50428750726305,47.799755993839675,47.32266424339267,46.09555092348022,45.1599334396974,44.330930912046746,43.488179248793216,43.19429232804706,42.93693083108936,42.09910673426095,50.91452691876077,50.667208874071,49.213707790027236,46.09555092348022,,48.77339894203518,"rgba(38, 166, 154, 1.0)",4.376933459887795,52.232232839648205,1.2081945140165227,65.37457299604233,10.315315010123783,True,False,True,False,True,5.513863176590771,0.0,0.0,0.0,0.0,0,0.9199075784335282,0.9215861629402001,False,False,False,False,0.30921578048713694,0.23611074729560966,False,False,False,False,56395352,49833747.51311964,False,False,False,False,3107949.8277450395,False,False,False,False
2025-05-09 00:00:00+00:00,56.6118348307,57.7101243953,56.2424101589,57.6901554941,2382291,,,,51.13246696529171,50.800233424092546,53.30260801126767,53.65195218210468,54.51843342548335,54.484085132666756,54.03153346622492,53.187319539461726,50.690790284322276,49.23808268229574,48.52882422882756,47.82406829938277,47.346838155215764,46.120176176046954,45.18507146173159,44.35609097306197,43.51304098985621,43.21908328062934,42.96168393974577,42.12357288345336,51.13246696529171,50.690790284322276,49.23808268229574,46.120176176046954,,48.810797775058134,"rgba(38, 166, 154, 0.5)",4.356437030068612,52.27439071907092,0.9956402632912067,65.28153079946705,10.416873467569516,True,False,True,False,True,4.127303762211088,0.0,0.0,0.0,0.0,0,0.9348852567381953,0.9220138530483748,False,False,False,False,0.3310828212116693,0.2835967842536395,False,False,False,False,54013061,49997642.15966397,False,False,False,False,3079492.6188138616,False,False,False,False
2025-05-12 00:00:00+00:00,58.6087249482,59.1578697305,58.0495957153,58.9581807187,2195746,,,,51.376903679441135,50.92159465282635,53.34926933867311,53.69129547543881,54.54428527040412,54.50857194384636,54.05579389579624,53.21285342455465,50.71849429491603,49.26554360870104,48.55604055290374,47.850683038620964,47.3730932325673,46.146458723749994,45.211606943786165,44.382427051139814,43.53887017337859,43.24477674916904,42.987285893550535,42.148722748493746,51.376903679441135,50.71849429491603,49.26554360870104,46.146458723749994,,48.85422853459788,"rgba(38, 166, 154, 1.0)",4.345877533342309,52.32595177656591,1.4456857385951607,67.0741721650232,12.330396766063288,True,False,True,False,True,6.762736569911063,0.0,0.0,0.0,0.0,0,0.9405311157708319,0.9019860944607497,False,False,False,False,0.3428282485373345,0.313212516395487,False,False,False,False,56208807,50241217.25144185,False,False,False,False,3044835.8886642987,False,False,False,False
2025-05-13 00:00:00+00:00,59.2776831375,59.846796821,58.3291603317,58.6786161023,2700435,,,,51.67755319656612,51.07601439755986,53.411385309255415,53.74411317107763,54.57984745369246,54.54225035777853,54.08881739186318,53.247073422694214,50.754640856399796,49.301057220759525,48.5911186539344,47.884887587914086,47.406776509459206,46.180040380757,45.24542209032325,44.41592110985117,43.571661593939346,43.27737705590516,43.019754119434715,42.18057061247342,51.67755319656612,50.754640856399796,49.301057220759525,46.180040380757,,48.90981412458192,"rgba(0, 255, 255, 0.75)",4.318344203920038,52.39253865770809,1.5943945537138573,68.81189200636722,14.139023946250873,True,False,True,False,True,7.619237123353429,0.0,0.0,0.0,0.0,0,0.9464445432669994,0.9012656126801696,False,False,False,False,0.34282824875487444,0.32802038257518074,False,False,False,False,58909242,50581139.790601,False,False,False,False,3031329.9714617776,False,False,False,False
2025-05-14 00:00:00+00:00,59.4074809952,59.7070145128,59.1578697305,59.4973410504,1934257,,,,51.88634918425313,51.18672608950801,53.45714306035652,53.78319941178894,54.60648483275144,54.567485312227184,54.11347048028172,53.27246478588718,50.781177227313364,49.3270387745141,48.616747477307236,47.9098508844212,47.431342746218085,46.20449155451325,45.27001577789867,44.4402614773992,43.5954747184983,43.30104590448389,43.04332236228151,42.20367490261728,51.88634918425313,50.781177227313364,49.3270387745141,46.20449155451325,,48.94988834822601,"rgba(0, 255, 255, 0.75)",4.3105726972618275,52.44066503502345,1.6162158602735142,70.07848021550235,15.479106236047116,True,False,True,False,True,7.78627174827378,0.0,0.0,0.0,0.0,0,0.9825416111607606,0.8805039702317723,False,False,False,False,0.34282824890006985,0.3354243157376253,False,False,False,False,60843499,50983585.24979312,False,False,False,False,2988307.5019926885,False,False,False,False
2025-05-15 00:00:00+00:00,59.6271389081,59.7369678645,58.7185539046,58.9681651693,1704588,,,,52.05977238203316,51.28115557672729,53.49647291793967,53.81682025506012,54.62941274369858,54.58922190083993,54.13475177361327,53.294440582476696,50.80425832001705,49.349682334088406,48.63910131884278,47.93164041113719,47.45279522661783,46.22586202190322,45.29152214165437,44.46155612787763,43.61631750357364,43.32176534295052,43.06395614157072,42.223910003836124,52.05977238203316,50.80425832001705,49.349682334088406,46.22586202190322,,48.984220751322916,"rgba(0, 255, 255, 0.75)",4.3004982035262485,52.481729706516106,1.6615305630693964,71.11752425967624,16.61036122087272,True,False,True,False,True,8.072773093633106,0.0,0.0,0.0,0.0,0,0.9717657280138441,0.8779191537217222,False,False,False,False,0.33158083961513113,0.33350257767637825,False,False,False,False,62548087,51437095.12235025,False,False,False,False,2937965.560738073,False,False,False,False
2025-05-16 00:00:00+00:00,59.6570922598,60.1362460435,59.4873565999,59.6670767104,1646174,,,,52.22853337679378,51.37470712902885,53.53651356539451,53.85121766585915,54.653197224537045,54.61176852305417,54.15669855008326,53.31690042154468,50.82746569605894,49.372321564980645,48.6614017899331,47.953337177340984,47.47413176776688,46.24705981825388,45.312817041002425,44.482613077717026,43.63690300442696,43.34222100706697,43.08432043410418,42.24386074835935,52.22853337679378,50.82746569605894,49.372321564980645,46.24705981825388,,49.01839947916533,"rgba(0, 255, 255, 0.75)",4.290149397506344,53.077797220340116,1.5335818009704072,71.83870444139154,17.460677402864405,True,False,True,False,True,8.112445312962933,0.0,0.0,0.0,0.0,0,1.0044382039013473,0.8710144772786952,False,False,False,False,0.34282824905159226,0.33816541336398526,False,False,False,False,64194261,51937376.13716005,False,True,False,False,2887307.0681601097,False,False,False,False
2025-05-19 00:00:00+00:00,59.2776831375,59.5072256565,58.4389892882,58.708569454,1645468,,,,52.37529120234577,51.45869939573366,53.571675753152256,53.88126133997408,54.673589997107285,54.63113474121516,54.1758022407731,53.336822966679186,50.84877200898651,49.393365837522246,48.68223204997358,47.973690509922484,47.49419934445461,46.26711060874929,45.33303311353047,44.50266119735467,43.65655454238632,43.36176536622161,43.10379156683186,42.26297884916162,52.37529120234577,50.84877200898651,49.393365837522246,46.26711060874929,,49.049221631603785,"rgba(38, 166, 154, 1.0)",4.240616833196671,53.09604371582062,1.4577217571952903,71.28060202141408,17.460677402864405,True,False,True,False,True,7.480511955612982,0.0,0.0,0.0,0.0,0,1.012229908737294,0.8585851814626992,False,False,False,False,0.29847136801516155,0.3183183906895734,False,False,False,False,62548793,52353510.13178123,False,False,False,False,2838607.4968597135,False,False,False,False
2025-05-20 00:00:00+00:00,58.8882895646,59.3567599862,58.3291603317,58.928227367,2118509,,,,52.54940625670157,51.561177618758514,53.61453833813138,53.917844912534974,54.69829153854785,54.65461906189168,54.199102733072756,53.36131027084116,50.875323975705726,49.41972281102024,48.70837190581019,47.999276521527655,47.51945270366791,46.29239855616151,45.3585648158542,44.528009398157934,43.68142762910631,43.386511142230034,43.12845158153324,42.287212930130444,52.54940625670157,50.875323975705726,49.41972281102024,46.29239855616151,,49.08705073506926,"rgba(38, 166, 154, 1.0)",4.2034658443401725,53.12809500192368,1.37034408651904,69.83701279334542,17.460677402864405,True,False,True,False,False,6.828933008486736,0.0,0.0,0.0,0.0,0,1.0245481815712265,0.8535507863581839,False,False,False,False,0.2916931615164398,0.3050057761030066,False,False,False,False,60430284,52670246.36190745,False,False,False,False,2810368.3401201167,False,False,False,False
2025-05-21 00:00:00+00:00,56.8614460954,58.6786161023,56.8514616448,58.2393002764,2237344,,,,52.68495766272975,51.64626812588162,53.64721971640596,53.9451609336134,54.715425878785254,54.67100608886402,54.216170758016986,53.38043647055126,50.89831056481407,49.44331096926458,48.73206044525161,48.022714771740524,47.542736584022094,46.31604393482093,45.382650196766406,44.55208733478698,43.70520263944316,43.41021198979005,43.15211020284999,42.31058275169822,52.68495766272975,50.89831056481407,49.44331096926458,46.31604393482093,,49.11873340100484,"rgba(38, 166, 154, 0.5)",4.177321450425756,53.13671353821549,0.8916557179972064,64.2370713403842,18.614666402337818,True,False,True,False,False,3.5337656787999805,0.0,0.0,0.0,0.0,0,1.0100670675410672,0.8510173467946336,False,False,False,False,0.23648317915169279,0.2707444776273497,False,False,False,False,58192940,52886822.583009124,False,False,False,False,2787896.797370308,False,False,False,False
2025-05-22 00:00:00+00:00,57.0811040083,57.4704975812,56.2424101589,56.5818814789,1956234,,,,52.78495485821007,51.712053899853764,53.67141958139215,53.965139635797854,54.72736521086423,54.68247612404994,54.22852564213525,53.39485220186573,50.91665850504637,49.46246053389478,48.751411127054844,48.04196269081587,47.561917881916294,46.33565287232076,45.40270620901438,44.572201455286105,43.72512137956171,43.430086919900326,43.171965051795574,42.33024139707782,52.78495485821007,50.91665850504637,49.46246053389478,46.33565287232076,,49.14345865889269,"rgba(38, 166, 154, 0.5)",4.163296686817892,53.14440686632908,0.9455720882048972,60.88220628261386,15.609104096635434,True,False,True,False,False,3.8506073890879797,0.0,0.0,0.0,0.0,0,1.0003109328105217,0.8680779710807338,False,False,False,False,0.19103417874421866,0.23088932818578417,False,False,False,False,60149174,53171620.67779308,False,False,False,False,2755282.570022453,False,False,False,False
2025-05-23 00:00:00+00:00,57.0012284036,57.5403887353,56.2224412578,56.3522391154,1528612,,,56.9213527989,52.85969413504624,51.762234204058636,53.69002552326708,53.98051408250636,54.73656363942487,54.69131873741346,54.23806646190905,53.40600395206495,50.93089452472858,49.47733616299788,48.766450023633496,48.056928500778454,47.57683587631053,46.35091066390791,45.41831613841527,44.587860643374206,43.74063254861893,43.44556522461438,43.18742873111158,42.34555553607254,52.85969413504624,50.93089452472858,49.47733616299788,46.35091066390791,,49.891246628654095,"rgba(38, 166, 154, 0.5)",4.133079520070404,53.556807066931945,0.8333789175702537,58.47269176252652,13.511651091768648,True,False,True,False,False,3.7211061664977763,0.0,0.0,0.0,0.0,0,1.0098519729543243,0.8594539630702416,False,False,False,False,0.1922716031263905,0.21158046565608735,False,False,False,False,58620562,53385304.65121296,False,False,False,False,2707177.8417862784,False,False,False,False
2025-05-27 00:00:00+00:00,58.0595801659,58.1594246717,57.4605131306,57.7101243953,1262453,,,57.36092582716686,52.93370233274799,51.81062441649878,53.70980529071765,53.99724779394046,54.74745587552659,54.70172885463507,54.24873061119512,53.417692395272546,50.94450011780552,49.49117506118226,48.78030386110471,48.07060138801543,47.59039816420352,46.364634145631456,45.43226270154618,44.60178004507401,43.7543579661525,43.4592416710679,43.2010755434504,42.35902064019882,52.93370233274799,50.94450011780552,49.49117506118226,46.364634145631456,,49.93091220314675,"rgba(38, 166, 154, 1.0)",4.105736250685198,53.59670284929814,1.08698587637164,58.758641169201596,13.511651091768648,True,False,True,False,False,5.269499910277283,0.0,0.0,0.0,0.0,0,1.0172112900642416,0.8509755126508523,False,False,False,False,0.23875424679119164,0.22516735622363948,False,False,False,False,59883015,53640116.82175363,False,False,False,False,2650521.965637797,False,False,False,False
2025-05-28 00:00:00+00:00,57.6002954388,58.334152557,57.45052868,58.334152557,1689101,,,57.524576456874954,53.02748940259438,51.87315998080444,53.7353660080291,54.01885548867671,54.76146094064214,54.71512643277201,54.262520011253386,53.43289507014034,50.9623647571086,49.509404275751606,48.79857498344943,48.08865344839496,47.60831578577803,46.38278860384061,45.45072718980853,44.62022081265043,43.772553094953565,43.47737545643142,43.21917300213897,42.37688622787341,53.02748940259438,50.9623647571086,49.509404275751606,46.38278860384061,,49.96208006010468,"rgba(38, 166, 154, 0.5)",4.082294898190732,53.627685918703534,0.9731314417919992,57.8567854932315,12.99854072018185,True,False,True,False,False,4.50471513598897,0.0,0.0,0.0,0.0,0,1.0010545458570432,0.8640842189070629,False,False,False,False,0.24292417505262995,0.23404576563813473,False,False,False,False,58193914,53818697.103253484,False,False,False,False,2612819.1826716093,False,False,False,False
2025-05-29 00:00:00+00:00,57.62026434,58.2343080511,57.1410107118,58.12947132,1493546,,,57.559733712219966,53.10527718428123,51.92618837273697,53.75698829080411,54.03710802821061,54.7732124808414,54.72638140249225,54.274179172811365,53.44585257569033,50.977785076530665,49.525205000233676,48.814436982807905,48.10434709023665,47.623905461209354,46.398611233619214,45.46683688223667,44.63632349444757,43.78845389065968,43.493226620994626,43.234995717852975,42.39251631924868,53.10527718428123,50.977785076530665,49.525205000233676,46.398611233619214,,49.98345243354585,"rgba(38, 166, 154, 0.5)",4.060628968382061,53.648351304978235,0.978152169515836,57.29414826861152,12.341510957555485,True,False,True,False,False,4.534501075002524,0.0,0.0,0.0,0.0,0,0.9882158984590372,0.8676271647055287,False,False,False,False,0.23257748890239846,0.2333116272702666,False,False,False,False,59687460,54048844.667831786,False,False,False,False,2568926.1166844876,False,False,False,False
2025-05-30 00:00:00+00:00,57.6302487906,57.8299378023,56.8115238424,57.4405442294,1661685,,,57.53017309316771,53.184391349218345,51.98162391114463,53.779298749080354,54.05586545894532,54.78509411454365,54.73778305731313,54.28614098820276,53.45935676963481,50.99424217935655,49.54219375288886,48.8315388157124,48.12130800613213,47.64077804466509,46.415787155582926,45.48435674331911,44.653861388135354,43.80579516131846,43.510521134681944,43.25226534348649,42.40959434010219,53.184391349218345,50.99424217935655,49.54219375288886,46.415787155582926,,50.00261876082651,"rgba(38, 166, 154, 0.5)",4.049843609161522,53.66552596683049,0.9789817105037217,56.94020014395881,11.811303617204295,True,False,True,False,False,4.549688287647651,0.0,0.0,0.0,0.0,0,0.979177124262518,0.8922751417564915,False,False,False,False,0.21414937658076388,0.22373050192551525,False,False,False,False,61349145,54335130.955367796,False,False,False,False,2533348.033677253,False,False,False,False
2025-06-02 00:00:00+00:00,57.7300932965,57.8199533518,56.6617570836,57.4205753283,1807105,,,57.506013579808105,53.26681305338207,52.04043898614144,53.80312427829661,54.075910434911755,54.79779835941418,54.74998223869383,54.298964784808845,53.4738656262406,51.011989093758785,49.56053989339641,48.85001729182825,48.13964385090264,47.65902406440994,46.43437178710152,45.50331987639227,44.67284982291981,43.82457644985115,43.52925355231918,43.270972244456374,42.428098281768115,53.26681305338207,51.011989093758785,49.56053989339641,46.43437178710152,,50.023473463451694,"rgba(38, 166, 154, 1.0)",4.041398173556005,53.684558397962746,1.0010235875812281,56.932836080061804,11.546842562362386,True,False,True,False,False,4.704286443879042,0.0,0.0,0.0,0.0,0,0.9654527489952531,0.8901531532715513,False,False,False,False,0.21015714177928466,0.21694382185239997,False,False,False,False,63156250,54681057.1924122,False,False,False,False,2504867.9147095173,False,False,False,False
2025-06-03 00:00:00+00:00,58.0995179682,58.5088804423,57.4205753283,57.6402332412,1188358,,,57.562312860621134,53.326963092067956,52.08271547148124,53.821229057245716,54.09133720513159,54.80801191674144,54.75976089916017,54.308974347859284,53.484810242308995,51.02470692144413,49.57348588516811,48.86298284641165,48.15244791853007,47.67172908381493,46.447231828104286,45.516390285125276,44.68589852085048,43.837448489332246,43.54208112767829,43.283773114341685,42.44073282149053,53.326963092067956,51.02470692144413,49.57348588516811,46.447231828104286,,50.04221455567094,"rgba(38, 166, 154, 1.0)",4.007189456577091,53.70467511881433,1.0967394721435775,57.78885124573171,11.546842562362386,True,False,True,False,False,5.281906865906802,0.0,0.0,0.0,0.0,0,0.9794637606884453,0.8780615567423387,False,False,False,False,0.24659550553482495,0.23176966369361246,False,False,False,False,64344608,55060019.96918035,False,False,False,False,2453240.074916987,False,False,False,False
2025-06-04 00:00:00+00:00,57.8099689012,58.5388337941,57.7850077747,58.5388337941,1419770,,,57.619134932734646,53.39737749256633,52.13273925322508,53.84283492381132,54.10977314345209,54.82026180826759,54.77149193828514,54.320974787307215,53.49791753604518,51.03991656310298,49.588964819843696,48.878484173157034,48.16775594621844,47.68691852461317,46.4626050473704,45.53201373407164,44.70149558917786,43.85283438441739,43.55741383098159,43.29907383211246,42.45583470151647,53.39737749256633,51.03991656310298,49.588964819843696,46.4626050473704,,50.06399911303806,"rgba(38, 166, 154, 1.0)",3.9573022163741762,53.728147355802015,1.031465711289015,57.38477135974216,11.511997941417157,True,False,True,False,False,4.757755385093191,0.0,0.0,0.0,0.0,0,0.9713329985544044,0.8897174752080227,False,False,False,False,0.25663016999889765,0.24419991684625506,False,False,False,False,62924838,55368444.20568309,False,False,False,False,2412711.8366849488,False,False,False,False
2025-06-05 00:00:00+00:00,58.0296268141,58.2892225294,57.6156714927,58.1494402211,1022245,,,57.647210279187036,53.446082352478484,52.16784115839235,53.85801113792767,54.122718732089425,54.82884402458894,54.77971624854824,54.32941426589021,53.50717111624097,51.0507234021105,49.59998750390073,48.88953221965306,48.178674601992704,47.69775755308683,46.47358532515616,45.54317903356876,44.7126472641414,43.86383996675382,43.56838290232062,43.310021293594865,42.4666438206835,53.446082352478484,51.0507234021105,49.59998750390073,46.47358532515616,,50.07876701908114,"rgba(38, 166, 154, 1.0)",3.9001545888384315,53.743846334786255,1.0988745142510266,57.68562536865052,11.511997941417157,True,False,True,False,False,5.1109765489207355,0.0,0.0,0.0,0.0,0,0.9689426024557896,0.8939880765021101,False,False,False,False,0.2459721887484559,0.24508605279735546,False,False,False,False,63947083,55704861.41330336,False,False,False,False,2358183.7254424016,False,False,False,False
2025-06-06 00:00:00+00:00,58.8084139599,59.1379008293,58.4140281617,58.7385228058,925233,,,57.72253248855897,53.496988019172605,52.20362149292312,53.87432838362149,54.136803100671315,54.83855577464552,54.78899648698453,54.338704686812335,53.51702242187063,51.06161401422468,49.61089965230285,48.90039628945729,48.18934986046255,47.70831837282086,46.48420277445014,45.55392349759412,44.723338759014055,43.8743561592551,43.57885293137744,43.320461212077554,42.47692349673689,53.496988019172605,51.06161401422468,49.61089965230285,46.48420277445014,,50.096163318914854,"rgba(38, 166, 154, 1.0)",3.871657444545006,53.76423514362075,1.3028473950830215,59.73799671959877,11.511997941417157,True,False,True,False,True,6.359720014202374,0.0,0.0,0.0,0.0,0,0.9788022446535596,0.8818207606322176,False,False,False,False,0.2882141310468711,0.2666500919221133,False,False,False,False,64872316,56064369.43631107,False,False,False,False,2301989.5793466214,False,False,False,False
2025-06-09 00:00:00+00:00,58.4988959917,59.0776945923,57.0611351071,58.8084139599,2946715,,,57.80775121866467,53.63592032501949,52.30532325550408,53.91959254418721,54.17562824769256,54.864718471664126,54.81406384277221,54.36425026769693,53.544761530100246,51.093532422138544,49.643316931654994,48.9328377777559,48.221371632485166,47.74008282736419,46.516323337346684,45.58654713698468,44.755895557626125,43.90646411962696,43.61084705553414,43.35238602984069,42.50842686815733,53.63592032501949,51.093532422138544,49.643316931654994,46.516323337346684,,50.13958072658298,"rgba(38, 166, 154, 1.0)",3.848137465709189,53.811622620583115,1.2180628714242283,59.93534383703912,11.511997941417157,True,False,True,False,True,5.774419216694692,0.0,0.0,0.0,0.0,0,0.9716598812050026,0.8702443804534464,False,False,False,False,0.25191658624697627,0.2592833390845448,False,False,False,False,61925601,56294221.654494956,False,False,False,False,2327272.9291761657,False,False,False,False
2025-06-10 00:00:00+00:00,58.9881340705,59.013095197,58.1793935729,58.4839193158,5126038,,,58.02122090341167,53.88412129125051,52.48898182190518,54.005290720166954,54.24981724950758,54.91612158015248,54.8632750436414,54.41372786119094,53.597474321797336,51.1523457953272,49.70248061776142,48.991834903935136,48.27943356260801,47.79757544171137,46.57422088876533,45.6451949931616,44.81430798570652,43.963972735834744,43.66811982127293,43.409507565126916,42.564714810574635,53.88412129125051,51.1523457953272,49.70248061776142,46.57422088876533,,50.221951255211756,"rgba(38, 166, 154, 1.0)",3.8535063655175663,53.905749794701805,1.3188986324966354,61.221475744689556,11.511997941417157,True,False,True,False,True,6.568444611241233,0.0,0.0,0.0,0.0,0,1.0000517295632578,0.865766009243033,False,False,False,False,0.2789145984774403,0.2690989687809926,False,False,False,False,67051639,56716081.15824025,False,False,False,False,2437028.42214965,False,False,False,False
2025-06-11 00:00:00+00:00,59.0680096752,59.8368123704,58.8183984105,59.1478852799,1685371,,,58.10776258080824,53.96863545109005,52.551882961473936,54.03579981105771,54.27642519835357,54.934964936507505,54.88130324717486,54.43166141939913,53.61628606184182,51.172784647788006,49.72286362380973,49.012093770858066,48.299316264541524,47.817230172963264,46.59393743416828,45.66511686312427,44.834112514018464,43.983438596395786,43.687495391828364,43.428823092986356,42.58372234268763,53.96863545109005,51.172784647788006,49.72286362380973,46.59393743416828,,50.25109670200944,"rgba(38, 166, 154, 1.0)",3.8739402273195194,53.94010738178632,1.323691640168081,62.265221739228146,8.889134262883466,True,False,True,False,True,6.698960363171281,0.0,0.0,0.0,0.0,1,1.0218139860187896,0.8391663654621415,False,False,False,False,0.3170719424507852,0.2930854556158889,False,False,False,False,68737010,57187490.13242691,False,False,False,False,2407551.660496723,False,False,False,False
2025-06-12 00:00:00+00:00,59.1478852799,59.2676986869,58.5987404976,58.9082584658,902826,,,58.14060430465611,54.01084037154763,52.583925080672536,54.05126194690035,54.28988941879443,54.9444414201119,54.890379597247566,54.4407441235915,53.62589053507774,51.1833715648877,49.73347649803678,49.02266327244899,48.309708091573874,47.82751394020923,46.60427717757731,45.67557935909599,44.84452549251959,43.99368457494024,43.69769736857302,43.43899639862699,42.59374237104431,54.01084037154763,51.1833715648877,49.73347649803678,46.60427717757731,,50.26547352685447,"rgba(38, 166, 154, 1.0)",3.8983958973682715,53.956638155692914,1.3316367195316396,63.159475628361,9.862360823832297,True,False,True,False,True,6.831627503615898,0.0,0.0,0.0,0.0,1,1.004678755903097,0.8584064150875071,False,False,False,False,0.29639115992528026,0.2947383077705846,False,False,False,False,69639836,57675817.42135135,False,False,False,False,2348542.8110654787,False,False,False,False
2025-06-13 00:00:00+00:00,57.79,58.59,57.54,58.13,1749412,,,58.12952354744133,54.074158217175814,52.63528652944723,54.07476885109383,54.31010210381842,54.95804614672557,54.90347307105944,54.45428716503597,53.64085396370236,51.20111005663327,49.75169204332708,49.04097068099983,48.327850654746825,47.845553243627165,46.62260119073497,45.69424078934795,44.863192737018984,44.012137089232034,43.71609771774862,43.457367765615714,42.61190537149577,54.074158217175814,51.20111005663327,49.75169204332708,46.62260119073497,,50.28566567822662,"rgba(38, 166, 154, 0.5)",3.9018148580036325,53.976882048861874,0.977267781764794,58.60394641970461,12.134260002734457,True,False,True,False,False,4.164229101551058,0.0,0.0,0.0,0.0,1,0.9784706961237111,0.8637302508465569,False,False,False,False,0.251691905678878,0.27321510672473126,False,False,False,False,67890424,58076390.22835719,False,False,False,False,2325047.485141342,False,False,False,False
2025-06-16 00:00:00+00:00,58.53,59.28,58.35,58.35,1250554,,,58.15622089907793,54.126626844488015,52.67645815972181,54.09458598771111,54.32733302810064,54.97008645611643,54.91502488129409,54.465945498345484,53.653320076664166,51.21512538091564,49.76584208140216,49.055101878098576,48.34177875351428,47.859357039276496,46.63652308876157,45.70835516507657,44.877262515356314,44.02600176195456,43.729909356390486,43.471146007461584,42.62549259896188,54.126626844488015,51.21512538091564,49.76584208140216,46.63652308876157,,50.3036002429864,"rgba(38, 166, 154, 1.0)",3.923765152015189,53.99678669418446,1.1553222810716262,57.668700653543446,11.340830713739464,False,False,True,False,False,5.425360180147191,0.0,0.0,0.0,0.0,1,1.0250590464846017,0.8453716186512636,False,False,False,False,0.2902403825310979,0.2817277446279146,False,False,False,False,69140978,58510295.63116671,False,False,False,False,2282910.4857240347,False,False,False,False
2025-06-17 00:00:00+00:00,57.98,58.5487,57.58,58.16,1371988,,,58.15055035957518,54.174475330987526,52.71595299547499,54.11294846536077,54.34316428261121,54.980815047863196,54.925355172877836,54.47661872410207,53.66509026041566,51.22904620596214,49.780133321122086,49.06946440944915,48.35601251178547,47.87351006556038,46.650897833662114,45.72299306742615,44.891904850599914,44.040476286508685,43.744343084358526,43.485557050191126,42.63974067867295,54.174475330987526,51.22904620596214,49.780133321122086,46.650897833662114,,50.31946546629471,"rgba(38, 166, 154, 1.0)",3.926720145660667,54.012766437533664,1.0103173680076072,55.3226608187712,9.18677425044708,False,False,True,False,False,4.353888466198821,0.0,0.0,0.0,0.0,1,1.0539435957781151,0.8191106085171124,False,False,False,False,0.25165882797571126,0.26669328630181294,False,False,False,False,67768990,58873381.68484645,False,False,False,False,2247188.0353034846,False,False,False,False
2025-06-18 00:00:00+00:00,59.48,59.85,58.17,58.42,2505953,,,58.23129179135547,54.283631336199385,52.80162084834102,54.15558750225748,54.38047920003384,55.00739715692215,54.95084078564261,54.50208863563551,53.69194402011704,51.25852482342997,49.80966601860533,49.09887182794383,48.38492647848966,47.9021235671033,46.67965773319339,45.7520861819063,44.92085815478771,44.068966283582824,43.77271073095075,43.51384474553247,42.66760283555939,54.283631336199385,51.25852482342997,49.80966601860533,46.67965773319339,,50.35835589110149,"rgba(38, 166, 154, 1.0)",3.966028251233165,54.057318568918035,1.3672826030414376,57.33673915443862,9.18677425044708,False,False,True,False,False,6.8795082128437635,0.0,0.0,0.0,0.0,1,1.080807570831826,0.7965398434467723,False,False,False,False,0.2999074020455045,0.2833003441736587,False,False,False,False,70274943,59320501.7364211,False,False,False,False,2257335.6809778577,False,False,False,False
2025-06-20 00:00:00+00:00,58.91,59.99,58.61,59.99,2238219,,,58.29349824885527,54.37723063569417,52.87627390795365,54.193092195463954,54.413345532839095,55.03087422645199,54.973363767819045,54.524620700425146,53.715722540815825,51.28468048652385,49.83589613244381,49.125001585222606,48.410628794001916,47.927565241458794,46.70524025777358,45.77797118897616,44.94662501961338,44.094327448317046,43.79796498346355,43.53902942208799,42.69241392856391,54.37723063569417,51.28468048652385,49.83589613244381,46.70524025777358,,50.39214761581004,"rgba(38, 166, 154, 1.0)",4.001411768056022,54.09570229541815,1.2031497840375331,56.975290326699586,9.18677425044708,False,False,True,False,False,5.759984111580689,0.0,0.0,0.0,0.0,1,1.083917550715981,0.7858823537392011,False,False,False,False,0.31294307790133663,0.2981217110374976,False,False,False,False,68036724,59662314.37420851,False,False,False,False,2256586.0072140205,False,False,False,False
2025-06-23 00:00:00+00:00,59.62,59.665,58.12,58.69,2038985,,,58.34140692567136,54.45883024687742,52.94240456849096,54.226536531304816,54.442678661251044,55.05185325388821,54.993504194063235,54.54480533757939,53.737067594999715,51.308252735944784,49.85957462872865,49.14860514135554,48.433861007934006,47.950570594332554,46.728389334123094,45.80140387313367,44.96995971501068,44.11730360006372,43.820847020464356,43.56185065794412,42.71490375028963,54.45883024687742,51.308252735944784,49.85957462872865,46.728389334123094,,50.42198528115806,"rgba(38, 166, 154, 1.0)",4.047544512243774,54.129239760561084,1.3565657456834455,58.228417791810834,9.18677425044708,False,False,True,False,True,6.942726564380266,0.0,0.0,0.0,0.0,1,1.0905164454080272,0.8094348145198237,False,False,False,False,0.2888669783188413,0.2934943446781695,False,False,False,False,70075709,60070682.79090621,False,False,False,False,2248052.634382098,False,False,False,False
2025-06-24 00:00:00+00:00,61.32,61.49,60.0,60.225,1503592,,,58.44597407225024,54.539734697170715,53.00421197079907,54.25985713793545,54.47229331017439,55.07395259770177,55.01463864527154,54.56537502776624,53.75791829219086,51.32952549604706,49.88033523559801,49.16906710399291,48.45380210255813,47.970197885898095,46.747875764819945,45.820958820031365,44.989300514369624,44.13622906702151,43.83965704690136,43.58057879452505,42.733264247354604,54.539734697170715,51.32952549604706,49.88033523559801,46.747875764819945,,50.45257417915117,"rgba(0, 255, 255, 0.75)",4.119621820548102,54.16720153899519,1.7362755060009751,61.84522880638859,7.504096384553733,True,False,True,False,True,9.669285752755833,0.0,0.0,0.0,0.0,1,1.1030053660408414,0.7709545079943042,False,False,False,False,0.34282824867808603,0.31816129667812776,False,False,False,False,71579301,60522001.15204714,False,False,False,False,2218858.099700447,False,False,False,False
2025-06-25 00:00:00+00:00,60.2,61.415,59.84,61.39,2249389,,,58.56189251703575,54.64878041577171,53.08974810925711,54.30576123968871,54.513035734486614,55.10418199891273,55.043586717339345,54.59373745173069,53.78693819676667,51.35968689113421,49.90998558456213,49.19837627271008,48.48244058091611,47.99843104289182,46.776003263012655,45.84924773467823,45.017330218759525,44.16370334434564,43.86697861229063,43.60779386536447,42.75998294375482,54.64878041577171,51.35968689113421,49.90998558456213,46.776003263012655,,50.49388198958274,"rgba(38, 166, 154, 1.0)",4.1608329903246775,54.21711899901561,1.4379046250826657,61.18351005814774,7.504096384553733,True,False,True,False,True,7.448701629850987,0.0,0.0,0.0,0.0,1,1.083293642979953,0.7642175632170367,False,False,False,False,0.33581209566047504,0.3269866961693014,False,False,False,False,69329912,60867409.42059432,False,False,False,False,2220055.389908273,False,False,False,False
2025-06-26 00:00:00+00:00,61.1,61.235,60.37,60.675,1765307,,,58.66182414424975,54.737509653030955,53.159224292034594,54.34371250187275,54.54682952829771,55.12948916760643,55.06781455870104,54.617367341185506,53.81094395654315,51.38429302395407,49.93405140923071,49.22211704868094,48.505597497741256,48.02123559413456,46.798665485457875,45.872002249188164,45.03984750262692,44.18574920526168,43.88889372019105,43.629616577743676,42.7813869473141,54.737509653030955,51.38429302395407,49.93405140923071,46.798665485457875,,50.52783922288664,"rgba(0, 255, 255, 0.75)",4.195407502701657,54.258639812941375,1.6306783507092204,62.15416486609895,7.724745872193196,True,False,True,False,True,8.870810819929119,0.0,0.0,0.0,0.0,0,1.066896799972371,0.7733310109523679,False,False,False,False,0.3428282484581206,0.334907472313711,False,False,False,False,71095219,61268499.992335714,False,False,False,False,2202222.1197157917,False,False,False,False
2025-06-27 00:00:00+00:00,61.6,62.27,60.95,61.41,1616926,,,58.77268935598985,54.82564522729187,53.22748172002889,54.381788581681214,54.580869926556154,55.155283641809014,55.09249135466975,54.64126695171508,53.83496231366624,51.408381090508904,49.957413119217165,49.24508545466694,48.527934338863616,48.04319212689969,46.82039361130086,45.89375868477709,45.061330378811505,44.20674062220375,43.90974712653155,43.65037064052284,42.80170863127406,54.82564522729187,51.408381090508904,49.957413119217165,46.82039361130086,,50.56184131338559,"rgba(0, 255, 255, 0.75)",4.227554273434926,54.30109488589763,1.7265077257475259,63.52625112945981,9.097548278580156,True,False,True,False,True,9.650715449980481,0.0,0.0,0.0,0.0,0,1.070352424070348,0.764599873887575,False,False,False,False,0.3428282488214422,0.33886786056757656,False,False,False,False,72712145,61717270.38479314,False,False,False,False,2179269.3307073293,False,False,False,False
2025-06-30 00:00:00+00:00,61.85,61.9887,61.175,61.84,2033036,,,58.90369263203693,54.93432860453579,53.312404661805125,54.42952336731954,54.623596531893526,55.18774781530452,55.123560488913924,54.67136249134051,53.86520164261987,51.43869823954578,49.986816578025646,49.273994286220145,48.556049741960365,48.07082951929294,46.84774196932331,45.921140881880625,45.0883679573028,44.23316009540197,43.935992930342294,43.67649136664631,42.827285364631756,54.93432860453579,51.43869823954578,49.986816578025646,46.84774196932331,,50.6040350900856,"rgba(0, 255, 255, 0.75)",4.265269840521991,54.353570599657075,1.7575510297434078,64.80348428816185,10.391862185905147,True,False,True,False,True,10.041581251643183,0.0,0.0,0.0,0.0,0,1.0828835930679501,0.757047449997102,False,False,False,False,0.3412543680074718,0.34006111428752417,False,False,False,False,74745181,62228168.840291455,False,False,False,False,2173534.690287434,False,False,False,False
2025-07-01 00:00:00+00:00,61.98,62.18,61.29,61.61,1102184,,,58.97336087618746,54.99306067833136,53.35852300229598,54.45565623049742,54.647019219606186,55.20560474900053,55.14065326216383,54.68790768487803,53.8818017643145,51.45529207161664,50.00289330124578,49.28979387274035,48.571410382492566,48.085925684311675,46.86267151234319,45.93608279821407,45.10311749522591,44.24756885754545,43.95030576686623,43.69073494277131,42.84122928658367,54.99306067833136,51.45529207161664,50.00289330124578,46.86267151234319,,50.62696920763243,"rgba(0, 255, 255, 0.75)",4.269082673497955,54.38208668681273,1.779753144710541,65.85200867003974,11.487416225344049,True,False,True,False,True,10.247086736267352,0.0,0.0,0.0,0.0,0,1.0749378329901342,0.7626956221336453,False,False,False,False,0.3428282488737602,0.3414446815806422,False,False,False,False,75847365,62762254.9642016,False,False,False,False,2131520.9377271426,False,False,False,False
2025-07-02 00:00:00+00:00,62.63,62.69,60.8,61.89,2017541,,,59.10198446029415,55.101447499672794,53.443854440870226,54.50445327343989,54.69082478618173,55.23913959458765,55.172755521033416,54.71893851909813,53.91285952592748,51.48618166750479,50.03276291773318,49.319125818083236,48.59990849450664,48.113921462708234,46.89032993141424,45.963744860784004,45.13040903312886,44.27421742047048,43.97677281110524,43.717070392636174,42.86700035709422,55.101447499672794,51.48618166750479,50.03276291773318,46.89032993141424,,50.66953512155903,"rgba(0, 255, 255, 0.75)",4.314195899717313,54.435133238416576,1.8995119721198555,67.51871614516355,13.169129574310915,True,False,True,False,True,11.275664698749214,0.0,0.0,0.0,0.0,0,1.0918857222786256,0.7470359469697921,False,False,False,False,0.3428282484166754,0.3421364649986588,False,False,False,False,77864906,63354515.789134875,False,False,False,False,2127051.136247647,False,False,False,False
2025-07-03 00:00:00+00:00,64.3,64.3,62.94,63.32,1725633,,,59.26630204945389,55.21499999364813,53.53058185955583,54.555582351849054,54.73699252825688,55.275113023434635,55.207138516749446,54.751771195015344,53.9451003302537,51.51695767242552,50.062019881029975,49.34765492201027,48.62745156111587,48.14087262392183,46.91671837153267,45.989979795129294,45.15616877301939,44.29925854044197,44.001607155017,43.74175069056182,42.89105978786875,55.21499999364813,51.51695767242552,50.062019881029975,46.91671837153267,,50.71420109172114,"rgba(0, 255, 0, 1.0)",4.412609711142216,54.493058002198005,2.222481170958453,70.61007904977592,16.13412149845361,True,False,True,False,True,13.823321007220347,0.0,0.0,0.0,0.0,0,1.1108928635877524,0.7462524171670635,False,False,False,False,0.34282824811501944,0.3424823565568391,False,False,False,False,79590539,63991222.58171783,False,False,False,False,2111309.2485516607,False,False,False,False
2025-07-07 00:00:00+00:00,62.94,64.55,62.735,64.25,2127491,,,59.43591207394981,55.344094761478345,53.631076288848725,54.61491520056744,54.79056656625895,55.3168050769919,55.247023361990514,54.78999083802373,53.98281537809149,51.55334892567317,50.09677837133193,49.38161521196093,48.66029799641255,48.17304942151644,46.94829979464663,46.02142707681767,45.18708737320567,44.3293527564174,44.0314651075929,43.77143367391152,42.92002736134662,55.344094761478345,51.55334892567317,50.09677837133193,46.94829979464663,,50.765367762784386,"rgba(0, 255, 255, 0.75)",4.474546901098719,54.55841519274306,1.87316950576579,68.71901271154172,16.13412149845361,True,False,True,False,True,10.967275966768526,0.0,0.0,0.0,0.0,0,1.0918026545628559,0.772490906680356,False,False,False,False,0.3428282480199826,0.34265530228841085,False,False,False,False,77463048,64519529.46086615,False,False,False,False,2111943.827039831,False,False,False,False
2025-07-08 00:00:00+00:00,62.8,63.33,62.63,63.26,1631260,,,59.54197330766603,55.43452688457736,53.70297647989495,54.657376217034916,54.82889590879309,55.34657232516843,55.2755291902863,54.817420467018565,54.010042780107774,51.579958321824776,50.12233395551548,49.40664077696293,48.68455373161061,48.19684150364923,46.97171715259755,46.044787500518986,45.21008999069122,44.3517744921998,44.05372122730166,43.79356808956966,42.94165491680772,55.43452688457736,51.579958321824776,50.12233395551548,46.97171715259755,,50.80156501514947,"rgba(0, 255, 255, 0.75)",4.543896623108662,54.603836361950414,1.8037742312108895,67.0863899391884,16.13412149845361,True,False,True,False,False,10.67789505218111,0.0,0.0,0.0,0.0,0,1.0893527968777736,0.7898431262888669,False,False,False,False,0.29716004224548637,0.3199076722669486,False,False,False,False,75831788,64963147.442792974,False,False,False,False,2093093.4808814062,False,False,False,False
2025-07-09 00:00:00+00:00,62.57,63.2,61.82,63.2,3402794,,,59.720386367230304,55.60691229147727,53.84323688796136,54.7404513567421,54.90390018888702,55.40476312702384,55.331316489983124,54.87132126835491,54.06384548820275,51.63317099760755,50.17370158500071,49.45704920284745,48.733507390451976,48.24491718626276,47.0191560563454,46.092188462283936,45.2568292387408,44.39739366694383,44.09902266782233,43.83863784707127,42.98574183029181,55.60691229147727,51.63317099760755,50.17370158500071,47.0191560563454,,50.87158538836203,"rgba(0, 255, 255, 0.75)",4.602684597949977,54.69008669592819,1.7120254791261398,65.35731719662405,20.1246780877826,True,False,True,False,False,10.197127227359328,0.0,0.0,0.0,0.0,0,1.0517289396593061,0.8019174489111461,False,False,False,False,0.26548653147384843,0.29269710187039855,False,False,False,False,72428994,65255925.73915404,False,False,False,False,2144454.285552724,False,False,False,False
2025-07-10 00:00:00+00:00,63.96,64.04,62.36,62.84,2427417,,,59.872892530949876,55.740583270287225,53.95094841027126,54.805548984738756,54.962889345295316,55.45100630203843,55.37562899348212,54.91389420847849,54.10595355862287,51.67400562158968,50.21280489112333,49.495295660364945,48.770540961051154,48.281219839688475,47.0548246565961,46.12772620157025,45.291791341092605,44.431446892363724,44.13281553164421,43.87223821554288,43.018550657241946,55.740583270287225,51.67400562158968,50.21280489112333,47.0548246565961,,50.92620277083959,"rgba(0, 255, 255, 0.75)",4.685878473722126,54.75857240691066,1.9636504968470483,66.32307103361552,20.1246780877826,True,False,True,False,False,12.36456960978889,0.0,0.0,0.0,0.0,0,1.057291610151745,0.7986378509559557,False,False,False,False,0.3121837243602561,0.3024404131153273,False,False,False,False,74856411,65632415.35722643,False,False,False,False,2155550.862589872,False,False,False,False
2025-07-11 00:00:00+00:00,63.16,63.28,62.67,63.1,1665588,,,59.95916207066732,55.82488400191293,54.02028934469444,54.847531126078074,55.000933118749565,55.480793985723466,55.40420163670202,54.94144894426053,54.1333502702053,51.70087639187354,50.23866276888656,49.52063823629528,48.79512612318427,48.30534772214771,47.07858987685831,46.151442203022235,45.31515460684905,44.454232136677106,44.15543595784392,43.89473763776069,43.040544086300415,55.82488400191293,51.70087639187354,50.23866276888656,47.07858987685831,,50.96114190801962,"rgba(0, 255, 255, 0.75)",4.755445350309829,54.801655037896886,1.757636634717828,64.79376497409324,19.559832394916313,True,False,True,False,False,10.681547903557945,0.0,0.0,0.0,0.0,0,1.0573945356502392,0.7971808114182843,False,False,False,False,0.2968201283737335,0.2996302707445304,False,False,False,False,73190823,65928823.5000803,False,False,False,False,2136336.632684387,False,False,False,False
2025-07-14 00:00:00+00:00,63.87,63.95,62.53,62.895,1398979,,,60.03732319226007,55.89817273497271,54.080351008411704,54.884226891775995,55.03424074900433,55.506992215071584,55.42932728219289,54.965623333828425,54.157294346778954,51.724167350739606,50.2610000098877,49.542499779070795,48.81630800557025,48.326119501102376,47.099012081347006,46.171797022589736,45.33518724093137,44.47375182364951,44.17480877600779,43.914002003204736,43.05936081818824,55.89817273497271,51.724167350739606,50.2610000098877,47.099012081347006,,50.99161026741988,"rgba(0, 255, 255, 0.75)",4.835992543278424,54.839500874330554,1.8673517473100718,64.86215201249148,19.499091410928557,True,False,True,False,False,11.784409116695318,0.0,0.0,0.0,0.0,0,1.0594072601107793,0.7855179949881803,False,False,False,False,0.3122505596191253,0.30594041518182785,False,False,False,False,74589802,66268469.71576343,False,False,False,False,2107420.6470889207,False,False,False,False
2025-07-15 00:00:00+00:00,63.33,64.16,63.182,64.1,1630032,,,60.126819517703694,55.98299703374631,54.15016505939621,54.92712115892242,55.07321043201095,55.53771041544719,55.458794537463326,54.99397177112128,54.18535865659808,51.751436138240145,50.28714237397952,49.5680814562379,48.841091601234524,48.350421407937404,47.122898785647045,46.19560022396879,45.35861064676528,44.49657316395153,44.19745758309378,43.93652327592535,43.0813567481866,55.98299703374631,51.751436138240145,50.28714237397952,47.122898785647045,,51.02709926196953,"rgba(0, 255, 255, 0.75)",4.896933116957555,54.88353350633489,1.7248482452039005,63.46463801529961,17.99956080355581,False,False,True,False,False,10.644697190812575,0.0,0.0,0.0,0.0,0,1.0515687187807992,0.7924444657205264,False,False,False,False,0.34282824646258303,0.3243843308222054,False,False,False,False,72959770,66530873.64847859,False,False,False,False,2088699.523673669,False,False,False,False
2025-07-16 00:00:00+00:00,65.79,65.805,63.32,63.75,3475221,,,60.375935833180954,56.1903382396363,54.31749693423239,55.03192709451394,55.168769174472644,55.61383814300654,55.53175872046551,55.063669987395045,54.2535812497044,51.81607023901235,50.34843983404709,49.62779355905656,48.898704383102256,48.406769714984726,47.177957173604916,46.25024797981374,45.41221419149322,44.548643166327885,44.249083191764946,43.987815235099355,43.131323047698906,56.1903382396363,51.81607023901235,50.34843983404709,47.177957173604916,,51.11355270224574,"rgba(0, 255, 0, 1.0)",5.006492215304088,54.99349603277375,2.1565007000755902,65.81371276301104,17.99956080355581,True,False,True,False,False,14.347393735884996,0.0,0.0,0.0,0.0,0,1.0441852281672028,0.7926293127827713,False,False,False,False,0.34282824715735705,0.33360628898978123,False,False,False,False,76434991,66919270.40736178,False,False,False,False,2143072.9149021525,False,False,False,False
2025-07-17 00:00:00+00:00,68.14,68.28,65.1,65.38,5197547,,,60.86134116308533,56.556604507577326,54.608085293031905,55.21848584565789,55.3396288881415,55.7516840345299,55.66378859409405,55.188876179749904,54.37465128044651,51.927548061953125,50.452827217944645,49.728931157782526,48.99580451825983,48.501441731851784,47.269782358746355,46.34093039594477,45.50080198369747,44.63436898822822,44.333970092145094,44.072062474824634,43.213119029962634,56.556604507577326,51.927548061953125,50.452827217944645,47.269782358746355,,51.26608073838463,"rgba(0, 255, 0, 1.0)",5.148771512173689,55.19223584257287,2.5147288293554304,69.42633804688515,14.718097756852302,True,False,True,False,True,17.568398654023195,0.0,0.0,0.0,0.0,0,1.0728556006541299,0.7592899066025096,False,False,False,False,0.34282824840948806,0.33821726869963464,False,False,False,False,81632538,67496261.2933476,False,False,False,False,2262856.21235697,False,True,False,False
2025-07-18 00:00:00+00:00,67.27,68.75,67.24,68.59,1946938,67.75333333333333,,61.040895478584495,56.694747677154965,54.71845214331652,55.290220146711334,55.40546119857305,55.80505609207148,55.714931220100226,55.23735057407436,54.42144932382027,51.97046357644044,50.49294159334904,49.76776619610403,49.03306402106956,48.53775322189417,47.30495821953945,46.37563698684293,45.53468359148347,44.66713587041053,44.36640945649125,44.10425142831967,43.244353929740626,56.694747677154965,51.97046357644044,50.49294159334904,47.30495821953945,67.75333333333333,51.324181400817565,"rgba(0, 255, 0, 1.0)",5.261323977176443,56.13090903537435,2.1171649974316122,69.83765454273686,15.104827734416276,True,False,True,False,True,15.74784469949181,0.0,0.0,0.0,0.0,0,1.1128715007058152,0.7460848227594988,False,False,False,False,0.3428282486136007,0.34052275865661763,False,False,False,False,79685600,67974274.57596141,False,False,False,False,2250467.2628527754,False,False,False,False
2025-07-21 00:00:00+00:00,66.33,67.74,66.275,67.74,4357295,67.0817467488379,,61.35717767530599,56.96578701235887,54.94094339372484,55.43553845907441,55.53889805760553,55.913225663212046,55.81872350712461,55.33617582506082,54.517459810672136,52.05980985867877,50.577031780380835,49.84941361524399,49.11161724961173,48.61444064143041,47.37952647235069,46.449392983892395,45.60683907052395,44.7370611029051,44.4356820727159,44.17302809215484,43.31121112091607,56.96578701235887,52.05980985867877,50.577031780380835,47.37952647235069,67.0817467488379,51.440888617201395,"rgba(0, 255, 255, 0.75)",5.355779895883606,56.24206901985578,1.8835596638124896,68.10980955360313,15.104827734416276,True,False,True,False,True,13.821901845424737,0.0,0.0,0.0,0.0,0,1.0900123174150402,0.7776508679884555,False,False,False,False,0.2796086105793812,0.31006568461799944,False,False,False,False,75328305,68262667.9259237,False,False,False,False,2333087.9584271763,False,False,False,False
2025-07-22 00:00:00+00:00,66.46,66.525,65.38,66.25,2251732,66.82907588779679,,61.489072720313935,57.0911832556085,55.04650348462909,55.50491887226792,55.60265873199526,55.964949406786644,55.86841783107646,55.383678969066246,54.56385446400457,52.103509393406235,50.61839186383507,49.889667733200945,49.15043344901622,48.652387937126626,47.41653475355745,46.486069044699505,45.64277907612747,44.77194685621609,44.47026037836942,44.20737397996476,43.344645088599144,57.0911832556085,52.103509393406235,50.61839186383507,47.41653475355745,66.82907588779679,51.49622961006342,"rgba(0, 255, 255, 0.75)",5.451034545448231,56.29672339894937,1.8644674724245236,67.10831986566231,15.104827734416276,True,False,True,False,False,14.00458298221384,0.0,0.0,0.0,0.0,0,1.0700445641570882,0.8235563226989905,False,False,False,False,0.21209859477688528,0.2610821396974424,False,False,False,False,77580037,68628054.9484365,False,False,False,False,2329897.5286849346,False,False,False,False
2025-07-23 00:00:00+00:00,67.78,68.04,66.705,67.03,3405248,67.02245427324135,,61.73093947361464,57.302562484680024,55.22192658903643,55.621629389688614,55.71015677040728,56.052726395401926,55.952706855070105,55.46390231574008,54.64164936862126,52.17556813502882,50.68608070486012,49.95533455461598,49.21356788827106,48.713993879622755,47.47635327294593,46.545173052088636,45.70055590768229,44.82790074068639,44.525679136991236,44.26238459271516,43.398087696348675,57.302562484680024,52.17556813502882,50.68608070486012,47.47635327294593,67.02245427324135,51.589039575388426,"rgba(0, 255, 0, 1.0)",5.519245604817821,56.4212472796458,2.0580263198359936,67.89217963600811,15.104827734416276,True,False,True,False,False,15.835069749194908,0.0,0.0,0.0,0.0,0,1.0706960335077738,0.797346603847423,False,False,False,False,0.3019701905691573,0.28152616513329987,False,False,False,False,80985285,69112652.20536056,False,False,False,False,2372068.1354031726,False,False,False,False
2025-07-24 00:00:00+00:00,67.45,68.5,67.25,68.38,2401087,67.14129891997335,,61.89631944195723,57.44969856503075,55.3448913910489,55.70410058144998,55.786218938929565,56.115020900225915,56.01255309513567,55.52087852193052,54.69689332099383,52.22671349318847,50.73411782498827,50.00193340015553,49.258368721930495,48.75770878301857,47.5187898095308,46.587093868520775,45.74153036562577,44.86757907940247,44.56497664623054,44.301391373802275,43.43597926196165,57.44969856503075,52.22671349318847,50.73411782498827,47.5187898095308,67.14129891997335,51.65433890615482,"rgba(0, 255, 255, 0.75)",5.472460904542277,56.50776056342302,1.9995098416316972,67.64654835702086,15.104827734416276,True,False,True,False,False,15.144949577228928,0.0,0.0,0.0,0.0,0,1.0747544005840435,0.8198850994741554,False,False,False,False,0.33486963614949194,0.3081979006413959,False,False,False,False,78584198,69484085.3737778,False,False,False,False,2373206.1300932444,False,False,False,False
2025-07-25 00:00:00+00:00,67.6,67.815,66.96,67.34,1569528,67.17253164409843,,61.99472044102583,57.54114202294603,55.42221680026194,55.7561869072858,55.834288254112934,56.15442795821643,56.05043530328814,55.55700500730687,54.73199709372712,52.25937483420183,50.764866773474616,50.03179167185926,49.28710272441039,48.78576307849729,47.54605743399086,46.61405167721014,45.76789813593738,44.89313052023907,44.59028850195773,44.32652066887414,43.460404665364386,57.54114202294603,52.25937483420183,50.764866773474616,47.54605743399086,67.17253164409843,51.6954632904412,"rgba(0, 255, 0, 1.0)",5.40343643929303,56.559625123416744,2.0432136105644174,67.66145631308845,15.104827734416276,True,False,True,False,False,15.35513156561992,0.0,0.0,0.0,0.0,0,1.0667756245411584,0.8391339721655787,False,False,False,False,0.30294281366891834,0.3055703571551571,False,False,False,False,80153726,69902502.65323749,False,False,False,False,2341689.340677823,False,False,False,False
2025-07-28 00:00:00+00:00,67.55,67.7999,67.0,67.47,2292155,67.20742654463443,,62.13211778723682,57.67161434583491,55.533309120704025,55.831376508932614,55.90373208817192,56.211446768578725,56.105270281441946,55.609336569594916,54.78288395119088,52.306796808235795,50.809547855378916,50.07519310297729,49.328884282417704,48.82656467792184,47.58572896034765,46.6532805110682,45.8062762600717,44.93032863958328,44.627140314377336,44.363108683542066,43.49597426714017,57.67161434583491,52.306796808235795,50.809547855378916,47.58572896034765,67.20742654463443,51.75469687588044,"rgba(0, 255, 0, 1.0)",5.27560158311276,56.63351588564584,2.069239676721969,67.53718637320293,15.104827734416276,True,False,True,False,False,15.247340744914688,0.0,0.0,0.0,0.0,0,1.0544649704640536,0.837844843308454,False,False,False,False,0.3037505134291869,0.304660435292172,False,False,False,False,77861571,70214622.98056152,False,False,False,False,2339746.8175139865,False,False,False,False
2025-07-29 00:00:00+00:00,67.79,68.01,66.7812,68.01,2600075,67.24733655114196,,62.2819687308755,57.81665040555853,55.65766614708761,55.916063075682,55.98202572761226,56.275871372947364,56.16725486771069,55.6685263609159,54.84046440296484,52.3605041905803,50.86017592298048,50.1243811484974,49.3762471982699,48.87282272245576,47.630712737489894,46.69776508372165,45.84980032380456,44.972519540906795,44.668939832167055,44.4046100270134,43.536324148984235,57.81665040555853,52.3605041905803,50.86017592298048,47.630712737489894,67.24733655114196,51.82124849096209,"rgba(0, 255, 0, 1.0)",5.29891477287637,56.716261156477614,2.089812597138889,67.78634937563764,15.104827734416276,True,False,True,False,False,15.594453929519041,0.0,0.0,0.0,0.0,0,1.0576499841658957,0.8356200344034557,False,False,False,False,0.3034682614168039,0.3040643483544879,False,False,False,False,80461646,70616467.0205395,False,False,False,False,2349955.7658467717,False,False,False,False
2025-07-30 00:00:00+00:00,67.47,68.6,66.8,67.9,2716817,67.2907297746225,,62.43262030645334,57.96516485813019,55.785912978525246,56.00397450608577,56.06338855133418,56.34297881253009,56.231850634574016,55.73024585918016,54.900529257348154,52.41657319431767,50.91305425463928,50.175765032196686,49.425735095562274,48.92116204348639,47.67772632569365,46.744258766565146,45.89529377314531,45.016624244616054,44.71263666819307,44.44799606189237,43.57850980999725,57.96516485813019,52.41657319431767,50.91305425463928,47.67772632569365,67.2907297746225,51.89017456122347,"rgba(0, 255, 0, 1.0)",5.2116085747386895,56.801742652054635,2.0470181509132757,66.97941407929426,15.104827734416276,True,False,True,False,False,14.884043815719807,0.0,0.0,0.0,0.0,0,1.0454269262441294,0.8355975410241129,False,False,False,False,0.3233359184601866,0.31370013340733727,False,False,False,False,77744829,70896010.62757717,False,False,False,False,2364342.480911604,False,False,False,False
2025-07-31 00:00:00+00:00,67.05,68.46,66.76,67.4,2833568,67.3049761873581,,62.57523559149699,58.11223374651269,55.91456359714493,56.09271393051211,56.145597560891375,56.41090360759144,56.29728146201321,55.792871191560984,54.961601483076656,52.47385110938143,50.96719486002898,50.22842589581471,49.47650034841181,48.970777526982616,47.72603593996147,46.79206844213942,45.9421052477575,45.062036319195435,44.75763811404305,44.49268512087607,43.62198652935446,58.11223374651269,52.47385110938143,50.96719486002898,47.72603593996147,67.3049761873581,51.95961605476964,"rgba(0, 255, 255, 0.75)",5.14926349301365,56.88562579164686,1.9739471911165207,65.17485486326184,15.104827734416276,True,False,True,False,False,13.949873431260453,0.0,0.0,0.0,0.0,0,1.0623190013639656,0.8317336229074622,False,False,False,False,0.3174366846169641,0.31556840901215066,False,False,False,False,74911261,71053471.42649572,False,False,False,False,2382743.4816601686,False,False,False,False
2025-08-01 00:00:00+00:00,65.33,66.01,64.53,65.79,2751959,67.11459455856695,,62.64854422760799,58.21901669198459,56.01415389057989,56.16160731519869,56.20941878977395,56.463453738525004,56.34805472939276,55.84201494944686,55.01029053547036,52.52118358533639,51.01266477790974,50.27295591470252,49.51970198717193,49.01316843506203,47.76767138599646,46.83351057660871,45.98287834400458,45.101773746831284,44.797075513598394,44.531898589878715,43.660288551152,58.21901669198459,52.52118358533639,51.01266477790974,47.76767138599646,67.11459455856695,52.01355188625405,"rgba(0, 255, 255, 0.75)",5.05824825732044,56.937219848560346,1.6592266184826698,59.71300822630914,13.353918958199117,False,True,True,False,False,10.247516308991209,0.0,0.0,0.0,0.0,0,1.0368231426997379,0.8537025814827294,False,False,False,False,0.170157092430289,0.24286275072121982,False,False,False,False,72159302,71096837.33133902,False,False,False,False,2397222.521595064,False,False,False,False
2025-08-04 00:00:00+00:00,66.62,66.94,65.54,66.04,1385678,67.0806281024816,,62.69842138827209,58.27959598302114,56.06923148318771,56.19995320089452,56.244988695149594,56.49287824660252,56.37645608807829,55.86936600133662,55.037182889502255,52.54688300320219,51.037169194500635,50.296878770563715,49.54284485900313,49.03583642377998,47.78984479465405,46.85552068028837,46.00448485532782,45.12278741025101,44.81791619023527,44.55260881499228,43.680480788890925,58.27959598302114,52.54688300320219,51.037169194500635,47.78984479465405,67.0806281024816,52.04354244864216,"rgba(0, 255, 255, 0.75)",4.984148795098685,56.97034862372101,1.9360680776160366,58.56711521301459,12.403184631753959,False,True,True,False,False,12.246486007126343,0.0,0.0,0.0,0.0,0,1.0734521074961934,0.8292512528111008,False,False,False,False,0.22998040962111768,0.23642158017116877,False,False,False,False,73544980,71192842.92618847,False,False,False,False,2357554.108983493,False,False,False,False
2025-08-05 00:00:00+00:00,67.18,67.46,66.08,66.75,2871387,67.06566528854438,,62.812236750569134,58.410497411730155,56.18740588669049,56.28267507494924,56.321799353064854,56.55660261497796,56.43795313838187,55.92848487165096,55.09514235980537,52.60190359403435,51.08947880163257,50.34788399303886,49.59213224786715,49.08407851564336,47.83695516384868,46.902230199535566,46.05029565792375,45.16730327372739,44.86205308754891,44.59645878102054,43.72320207629518,58.410497411730155,52.60190359403435,51.08947880163257,47.83695516384868,67.06566528854438,52.10817853888206,"rgba(0, 255, 0, 1.0)",4.89342541276877,57.04526415578469,2.071092330899744,58.754189986744116,12.403184631753959,False,True,True,False,False,13.093053146060559,0.0,0.0,0.0,0.0,0,1.0900665368084705,0.8043976517785099,False,False,False,False,0.26316255710678316,0.24979206863897596,False,False,False,False,76416367,71397687.00751442,False,False,False,False,2377704.418435121,False,False,False,False
2025-08-06 00:00:00+00:00,67.49,68.105,67.12,67.45,2507464,67.10101628681166,,62.9220512903621,58.530297791618516,56.29478722687512,56.35833083358103,56.39213291181546,56.61515063933421,56.49444566855858,55.98269135928301,55.14811860793883,52.65182474056367,51.13678606371073,50.393947715318305,49.6365888976329,49.12755776687445,47.87933321414492,46.94419210830737,46.09140672873066,45.2072131927922,44.901610349822555,44.635747874612804,43.76144691333114,58.530297791618516,52.65182474056367,51.13678606371073,47.87933321414492,67.10101628681166,52.167210749093876,"rgba(0, 255, 0, 1.0)",4.821244531974943,57.116717210600214,2.151577817844169,59.39952867833617,12.403184631753959,False,True,True,False,False,13.56123376741218,0.0,0.0,0.0,0.0,0,1.1060587822886785,0.7950038976398238,False,False,False,False,0.3167058725745804,0.28324897060677817,False,False,False,False,78923831,71692829.90918052,False,False,False,False,2382793.029476881,False,False,False,False
2025-08-07 00:00:00+00:00,64.9,68.01,64.52,68.01,4753805,66.95001912744208,,63.04308527760514,58.706410937448354,56.46195457573943,56.476912846677095,56.5024536242235,56.70688288065186,56.58320388451232,56.06867273303512,55.233261034460206,52.734492248063894,51.21619841368702,50.471718031748956,49.71205214028453,49.201609631622034,47.95203562273657,47.01652574973132,46.16256107916907,45.27655843065055,44.97042991025874,44.70417394049602,43.82827834304877,58.706410937448354,52.734492248063894,51.21619841368702,47.95203562273657,66.95001912744208,52.260059649640084,"rgba(0, 255, 255, 0.75)",4.636258450825444,57.21365224991602,1.6578773231926929,54.57163243144106,8.70833475950031,False,True,False,False,False,8.19716229472099,0.0,0.0,0.0,0.0,0,1.054615396295588,0.8184313218834899,False,False,False,False,0.22768131623434704,0.2554651434205626,False,False,False,False,74170026,71789974.85391854,False,False,False,False,2475773.891066023,False,False,False,False
2025-08-08 00:00:00+00:00,64.71,65.37,64.28,65.07,2025627,66.84732149735483,,63.073676085990215,58.768449839834545,56.523810493961015,56.52110050909698,56.54359809940838,56.74108499449065,56.616374654592285,56.10105359284503,55.2656586629249,52.766670438845956,51.24742146665882,50.50242352226587,49.74196346006233,49.23103231036765,47.981070793793734,47.045510192911124,46.19115355810342,45.30449969465522,44.998183676452165,44.731789358076604,43.85531270309557,58.768449839834545,52.766670438845956,51.24742146665882,47.981070793793734,66.84732149735483,52.294826270266846,"rgba(0, 255, 255, 0.75)",4.500644753043901,57.246105690459444,1.6584055661119501,51.045465307647426,5.554958760559856,False,True,False,False,False,7.821651397481499,0.0,0.0,0.0,0.0,0,1.0512022547254782,0.8587773231372294,False,False,False,False,0.13628937619116238,0.19587725980586249,False,False,False,False,72144399,71803873.84003937,False,False,False,False,2458121.071808532,False,False,False,False
2025-08-11 00:00:00+00:00,64.42,64.78,64.1,64.5,2180367,66.72996822058045,,63.09887739449901,58.82999013940707,56.58656902459908,56.566130652678176,56.5855524746825,56.77597510115125,56.65024972145512,56.13423332951427,55.29900145105089,52.80010277099461,51.27999662932949,50.53451385962693,49.773274334853966,49.261862176068774,48.011557536672974,47.07598406325963,46.221249376078745,45.33394228483651,45.02743897463256,44.76090739139047,43.88384451529584,58.82999013940707,52.80010277099461,51.27999662932949,48.011557536672974,66.72996822058045,52.330370434339116,"rgba(0, 255, 255, 0.75)",4.378617553256465,57.277987994842604,1.6311111711151254,48.2057655686677,3.085519685062245,False,True,False,True,False,7.2435101039118095,0.0,0.0,0.0,0.0,0,1.0533462406006935,0.8649211393181333,False,False,False,False,0.11229328035380526,0.15408527007983386,False,False,False,False,69964032,71731723.17964567,False,False,False,False,2447228.755267021,False,False,False,False
2025-08-12 00:00:00+00:00,65.56,65.83,64.595,64.71,3000284,66.64208496849201,,63.15432560047742,58.925700724566575,56.68098343391368,56.63421738116027,56.649060837719446,56.82902266813434,56.70169160622581,56.18433795913604,55.34894500094864,52.849310505232474,51.32759150945874,50.58125867478075,49.818759057554104,49.30657224322159,48.05560077173137,47.119896529629145,46.26452783464305,45.376200351139374,45.06940191768184,44.80265120674159,43.92468081813122,58.925700724566575,52.849310505232474,51.32759150945874,48.05560077173137,66.64208496849201,52.38400279070481,"rgba(0, 255, 255, 0.75)",4.314696896617365,57.332244408408016,1.906913924369144,48.72660316264334,3.085519685062245,False,True,False,True,False,9.089070731605322,0.0,0.0,0.0,0.0,0,1.062240841902832,0.8426141385097761,False,False,False,False,0.16059992958884356,0.1573425998343387,False,False,False,False,72964316,71780060.1529929,False,False,False,False,2468917.1962369415,False,False,False,False
2025-08-13 00:00:00+00:00,66.23,66.56,65.65,66.21,4493937,66.59955214355824,,63.26179378218015,59.08156281315929,56.83167408676913,56.74365851874396,56.75128658490041,56.91479240556188,56.78481426870035,56.264998938965924,55.428887336092664,52.92708299865736,51.40241237981847,50.65457955602571,49.88996086999248,49.37647390362454,48.12425852877269,47.18821474998711,46.33175335349834,45.44174536149815,45.13445787765193,44.867340838186955,43.98788433182763,59.08156281315929,52.92708299865736,51.40241237981847,48.12425852877269,66.59955214355824,52.47008745763939,"rgba(0, 255, 0, 1.0)",4.261666168824394,57.4260364523321,2.065850115636,50.33505555395365,3.085519685062245,False,True,False,False,False,10.148426439921238,0.0,0.0,0.0,0.0,0,1.0781897287962467,0.8304904827483858,False,False,False,False,0.20876964885883112,0.18305612434658491,False,False,False,False,77458253,72002734.3822873,False,False,False,False,2548329.737560983,False,False,False,False
2025-08-14 00:00:00+00:00,65.6,66.0771,65.165,65.43,2864300,66.54842264121945,,63.3144333871119,59.17021309781941,56.91989115266529,56.808231180821224,56.81167266443803,56.965533551290626,56.83406391957653,56.31299719753454,55.47672378501743,52.97420172396514,51.447999426256246,50.69935835944319,49.93354332272067,49.41931965534565,48.16646236728776,47.230287123396224,46.37321877057085,45.48223719446099,45.17466766494036,44.90734091319547,44.0270172733547,59.17021309781941,52.97420172396514,51.447999426256246,48.16646236728776,66.54842264121945,52.52111982289288,"rgba(0, 255, 255, 0.75)",4.193244748397911,57.479076018329295,1.9366682530928858,50.117129084665656,3.085519685062245,False,True,False,False,False,8.855260199547757,0.0,0.0,0.0,0.0,0,1.0584012383864325,0.8448893020109056,False,False,False,False,0.17577128185962768,0.17941370310310628,False,False,False,False,74593953,72104350.79866818,False,False,False,False,2560720.7282448662,False,False,False,False
2025-08-15 00:00:00+00:00,65.45,65.91,65.14,65.55,1735981,66.51646137385423,,63.34367967922053,59.221850076459724,56.971809964463226,56.84641061330007,56.84740335571427,56.99559771795623,56.86326218581771,56.34149489553841,55.505174511106645,53.00233314699471,51.47526527115279,50.72616093792171,49.959648937265015,49.44499545101097,48.19177554791168,47.25553517182981,46.39811481488847,45.50656070470496,45.19882552463128,44.93137588638469,44.05054099926584,59.221850076459724,53.00233314699471,51.47526527115279,48.19177554791168,66.51646137385423,52.55136371971364,"rgba(0, 255, 255, 0.75)",4.12336242464646,57.51017507726108,1.9255704701775487,49.664176435307766,3.085519685062245,False,True,False,False,False,8.546988847198907,0.0,0.0,0.0,0.0,0,1.0528644816445227,0.8477197115317681,False,False,False,False,0.16926907251866366,0.17434138781088498,False,False,False,False,72857972,72133904.57126942,False,False,False,False,2528377.9938038914,False,False,False,False
2025-08-18 00:00:00+00:00,65.01,65.51,64.81,65.45,1316382,66.48468332465296,,63.36142274077576,59.25805013709218,57.00898133275357,56.873844214569715,56.87308995050393,57.01721533143619,56.88427830691103,56.3620717086423,55.5258034237255,53.022917855880536,51.495297345776976,50.74588570359908,49.978891011288646,49.46393900579766,48.21048971909054,47.27422584849193,46.41656558611959,45.52460666414543,45.21675482743014,44.94921920077335,44.06802083269057,59.25805013709218,53.022917855880536,51.495297345776976,48.21048971909054,66.48468332465296,52.5731774957402,"rgba(0, 255, 255, 0.75)",4.041115799346331,57.53178105494196,1.8505331983477638,48.44301136631104,3.085519685062245,False,True,False,True,False,7.637669856290966,0.0,0.0,0.0,0.0,0,1.0505668028897244,0.8499089935173844,False,False,False,False,0.14254092194082688,0.15844115487585592,False,False,False,False,71541590,72110676.5488667,False,False,False,False,2480848.7391449152,False,False,False,False
2025-08-19 00:00:00+00:00,64.47,65.43,64.42,64.9,2328610,66.41891253787907,,63.38607357969608,59.31738575243318,57.07121220501497,56.91996375296119,56.91629788619261,57.05359582354158,56.91968266929639,56.39684368956647,55.560804431099086,53.05815073646219,51.52971653733769,50.77983089706337,50.01205509281574,49.49661853166404,48.24283542051279,47.30657071985353,46.448528852386985,45.555900435207555,45.24785644641565,44.98018011574437,44.09837717905922,59.31738575243318,53.05815073646219,51.52971653733769,48.24283542051279,66.41891253787907,52.610005178763274,"rgba(0, 255, 255, 0.75)",3.9566533743392114,57.56701367233211,1.7446527847086772,46.54121363525357,1.306273177279607,False,True,False,True,False,6.5264525100674575,0.0,0.0,0.0,0.0,0,1.0392231492258854,0.8647982391583725,False,False,False,False,0.12663766506802301,0.14253940997193948,False,False,False,False,69212980,71997041.39008762,False,False,False,False,2474878.5925117815,False,False,False,False
2025-08-20 00:00:00+00:00,64.05,64.68,63.52,64.41,2390970,66.33024639079566,,63.39835305871726,59.36945761712425,57.1284480386539,56.962649708306316,56.95632072987498,57.087289936311315,56.952541109465834,56.42933252644887,55.5937970005487,53.091990168489694,51.56304065613068,50.81280441116397,50.04436843146749,49.528519345726515,48.27453532045498,47.33835055233499,46.480001059088266,45.586776656991574,45.278563313998475,45.0107649792117,44.12841683771902,59.36945761712425,53.091990168489694,51.56304065613068,48.27453532045498,66.33024639079566,52.644395231025484,"rgba(0, 255, 255, 0.75)",3.896328755935895,57.59727564458532,1.6561036708168486,44.45824932076114,-0.782458916401005,False,True,False,True,False,5.665580342926031,0.0,0.0,0.0,0.0,0,1.046215152477038,0.873047756608931,False,False,False,False,0.07125511550368674,0.10689726273781311,False,False,False,False,66822010,71794098.9826332,False,False,False,False,2471588.059472104,False,False,False,False
2025-08-21 00:00:00+00:00,64.1,64.1,63.44,63.71,2511584,66.2362818374646,63.879999999999995,63.4071014244338,59.420637609420794,57.18584487511047,57.00567967337143,56.996698170259066,57.12131903479212,56.98575904078667,56.462267012774724,55.62735641132314,53.12666019905145,51.59729041911978,50.84673770023902,50.07766308397412,49.56141344538886,48.30727145198205,47.37120033664031,46.512559675565704,45.61874448403021,45.31036395458746,45.042446029984234,44.15955422026829,59.420637609420794,53.12666019905145,51.59729041911978,48.30727145198205,66.2362818374646,53.62112840014256,"rgba(0, 255, 255, 0.75)",3.811296534433562,58.19741892222621,1.5487068572193972,43.21762011890221,-2.0559103026200845,False,True,False,True,False,5.754403646115964,0.0,0.0,0.0,0.0,0,1.029065929246024,0.880156082542844,False,False,False,False,0.04924242942602754,0.07806984608192033,False,False,False,False,69333594,71697608.59115739,False,False,False,False,2473156.5277281003,False,False,False,False
2025-08-22 00:00:00+00:00,65.93,66.04,64.13,64.3,2932839,66.19900864359764,64.680847762931,63.44780038795676,59.49839155373635,57.2662588886395,57.065975326632035,57.05331149924649,57.16927290657408,57.03242553779849,56.50799319284511,55.673199977661405,53.17242254617011,51.64185613993564,50.89063457658492,50.12050575234664,49.60360275760107,48.348957647432655,47.41283464762745,46.55366662904974,45.658960539639914,45.350322957700605,45.082215432086386,44.1985218064546,59.49839155373635,53.17242254617011,51.64185613993564,48.348957647432655,66.19900864359764,53.70746206140551,"rgba(0, 255, 0, 1.0)",3.736420868677244,58.28447643353868,2.046215840018036,46.942378707954994,-2.0559103026200845,False,True,False,True,True,8.916159414931712,0.0,0.0,0.0,0.0,0,1.0289835756799006,0.8662801742060012,False,False,False,False,0.1374580069686519,0.10776392652528612,False,False,False,False,72266433,71719915.43071985,False,False,False,False,2491183.2913466063,False,False,False,False
2025-08-25 00:00:00+00:00,64.9,65.88,64.632,65.4,1621726,66.17442888967017,64.7856140957873,63.466983554721196,59.53887274497585,57.30880931844739,57.098033291700446,57.08343395159888,57.194815334201365,57.05730358940721,56.532427254721185,55.69776919900719,53.197107280042495,51.66596560730795,50.91441103797331,50.143738061064425,49.626496956967884,48.371611399625415,47.43548089512854,46.57604387959548,45.68086997689054,45.37209780007576,45.10389147427385,44.21977490289941,59.53887274497585,53.197107280042495,51.66596560730795,48.371611399625415,66.17442888967017,53.737394261461986,"rgba(0, 255, 255, 0.75)",3.6769246873840267,58.31423355416123,1.7911072447133172,47.161972927704625,-2.0559103026200845,False,True,False,True,True,6.7717894252530755,0.0,0.0,0.0,0.0,1,1.038192597842278,0.8609951569422138,False,False,False,False,0.14905778205210685,0.12841085428869647,False,False,False,False,70644707,71677750.39422104,False,False,False,False,2457086.926980073,False,False,False,False
2025-08-26 00:00:00+00:00,65.49,65.51,64.31,64.765,1344237,66.15426115732184,64.83639535062163,63.4822402320319,59.57178824792413,57.343580239881284,57.124301949276294,57.10812791727729,57.215773370685376,57.07772307124722,56.55249622457019,55.71796496038368,53.21743316338026,51.685834300736545,50.934012135488615,50.162897192507906,49.64538121888912,48.390304657205746,47.45417241932291,46.594517512785195,45.69896155709114,45.39007953194036,45.12179267263109,44.23733018527482,59.57178824792413,53.21743316338026,51.685834300736545,48.390304657205746,66.15426115732184,53.76019926266234,"rgba(0, 255, 255, 0.75)",3.6547713155973787,58.336816505797024,1.9572178055780134,48.58217489313377,-6.268686321735281,False,True,False,False,True,7.775868764951504,0.0,0.0,0.0,0.0,1,1.056516851862089,0.863737843228141,False,False,False,False,0.1256248071285046,0.12701783070860054,False,False,False,False,71988944,71689954.0650359,False,False,False,False,2413445.7533730115,False,False,False,False
2025-08-27 00:00:00+00:00,65.46,65.818,64.94,65.13,5405362,66.101594705761,65.05925113278943,63.551758517175244,59.7073381630988,57.48565587001588,57.23215577655487,57.20961094696576,57.30213023742596,57.16185438615772,56.63507956670905,55.80089775738308,53.300534068406186,51.76692832584536,51.01395915927501,50.24099654364098,49.72233224173394,48.46640669224777,47.53021816775345,46.66964079809843,45.772500746802926,45.46316198852769,45.19453896721651,44.30864508333347,59.7073381630988,53.300534068406186,51.76692832584536,48.46640669224777,66.101594705761,53.85462055433037,"rgba(0, 255, 255, 0.75)",3.6108153484689165,58.43242056515511,1.9462583257891504,49.45934090854564,-5.313803296942432,False,True,False,False,True,7.712712057873777,0.0,0.0,0.0,0.0,1,1.0624450383283928,0.87601504823758,False,False,False,False,0.15742599317228198,0.14222191194044126,False,False,False,False,66583582,71489704.18013252,False,False,False,False,2530775.802260345,False,False,False,False
2025-08-28 00:00:00+00:00,65.77,66.36,65.52,65.85,1754221,66.09672044714561,65.15209796517041,63.57878524751115,59.753557232345294,57.53340838821232,57.26856565760985,57.24390125643987,57.33139365925005,57.19035345790235,56.66299110934942,55.82883031749197,53.3283139263314,51.793954270055835,51.040569376117105,50.266963058639604,49.74789933203184,48.49165008403956,47.55541459374467,46.6945098608885,45.796826226919435,45.48733006936226,45.21859047808057,44.33220730215718,59.753557232345294,53.3283139263314,51.793954270055835,48.49165008403956,66.09672044714561,53.88736575447065,"rgba(0, 255, 0, 1.0)",3.6030678458150596,58.46656351265189,2.027004985718213,50.76191495477518,-3.9332196034539066,False,True,False,False,True,8.249723038607353,0.0,0.0,0.0,0.0,1,1.0809702517948536,0.8568095679754499,False,False,False,False,0.18301323689372462,0.16261757441708294,False,False,False,False,68337803,71366100.21228419,False,False,False,False,2500322.672759939,False,False,False,False
2025-08-29 00:00:00+00:00,65.72,66.15,65.2,65.78,1331064,66.08994333331704,65.19446117658408,63.5971924621084,59.78707661613693,57.56845052774148,57.295373388198186,57.26916140276917,57.352966290317376,57.211375775715695,56.683615883401146,55.849516310052685,53.34898762451836,51.81411156253041,51.06043497987708,50.28636520959373,49.76701335961366,48.51054305463007,47.57428578192369,46.71314734986403,45.81506735394165,45.505456669015686,45.23663255925246,44.34989140016662,59.78707661613693,53.34898762451836,51.81411156253041,48.51054305463007,66.08994333331704,53.91023013892667,"rgba(0, 255, 0, 1.0)",3.6013766943271723,58.49009853496274,2.007538249588186,51.49207161523739,-3.0793155608162124,False,True,False,False,True,8.14051739073362,0.0,0.0,0.0,0.0,1,1.0716077996820716,0.8795745680702688,False,False,False,False,0.16321653581764917,0.16291705511736604,False,False,False,False,67006739,71195144.87062599,False,False,False,False,2454469.3914752356,False,False,False,False
2025-09-02 00:00:00+00:00,66.32,66.54,64.1119,65.175,3246538,66.07304673895453,65.26904206914404,63.640089609489216,59.86682202840795,57.65233142749134,57.35979668869325,57.32990637726329,57.404914466668885,57.262020758805924,56.733346538357154,55.89944198898981,53.398990226723214,51.86291661764785,51.10855525487866,50.33338398311743,49.81334650385296,48.55636303794464,47.62006655196021,46.758374119621976,45.85934550380639,45.54946090941894,45.28043494931859,44.39283540584501,59.86682202840795,53.398990226723214,51.86291661764785,48.55636303794464,66.07304673895453,53.96392573311416,"rgba(0, 255, 0, 1.0)",3.606713155151862,58.54513642971591,2.155664516646797,53.43773332955786,-1.0828736635102132,False,True,True,False,True,9.197480896867049,0.0,0.0,0.0,0.0,1,1.0487038267292428,0.8778061133374763,False,False,False,False,0.13733058471314466,0.15012381991525536,False,False,False,False,70253277,71158208.87569948,False,False,False,False,2485530.9055350306,False,False,False,False
2025-09-03 00:00:00+00:00,65.34,66.22,64.61,66.21,1910650,66.05770016993375,65.27951926359185,63.661274451054304,59.910628920282065,57.699267278139345,57.39604260607868,57.36411207826329,57.43420382178241,57.29060341349576,56.7614882135331,55.92778894172734,53.4275907119991,51.8909253416636,51.13620935509767,50.36044087496405,49.84003046087114,48.58279498043853,47.64650354894987,46.78451510936144,45.884961213629126,45.57492546545916,45.30578876356345,44.41771128242117,59.910628920282065,53.4275907119991,51.8909253416636,48.58279498043853,66.05770016993375,53.9926913025191,"rgba(0, 255, 255, 0.75)",3.6011768779423305,58.57395190760808,1.8788435896705984,51.998278446863225,-1.0828736635102132,False,True,False,False,True,7.036005791986366,0.0,0.0,0.0,0.0,1,1.0612475858579378,0.8765968970702468,False,False,False,False,0.09920094874052279,0.12466238432788908,False,False,False,False,68342627,71047793.90018184,False,False,False,False,2462986.556298363,False,False,False,False
2025-09-04 00:00:00+00:00,66.56,66.75,65.0,65.04,2026086,66.05876209127388,65.34882240581248,63.6922274287026,59.96227924576937,57.752979876924904,57.43752068063687,57.40326442858602,57.46779277752971,57.32334431899544,56.79358154139455,55.9599163467047,53.45957014322259,51.92206264810713,51.16687920389632,50.3903831641816,49.86952036416975,48.61191909869827,47.67557559189412,46.81321517542357,45.913041977699,45.60282673540066,45.3335570565062,44.44492081610804,59.96227924576937,53.45957014322259,51.92206264810713,48.61191909869827,66.05876209127388,54.02833615768749,"rgba(0, 255, 0, 1.0)",3.6084851642871594,58.611372494626565,2.202760200884366,53.81926370629144,-0.6593832104575341,False,True,True,False,True,9.182358711570686,0.0,0.0,0.0,0.0,1,1.0455043225608407,0.8907345140956174,False,False,False,False,0.14101209859168196,0.1328372414597855,False,False,False,False,70368713,71021163.2766453,False,False,False,False,2445853.201149408,False,False,False,False
2025-09-05 00:00:00+00:00,66.51,67.66,65.2668,67.07,1196295,66.064457066663,65.40230001097547,63.71292787682813,59.99421405337677,57.78578519105326,57.46287969916898,57.42720843727187,57.488360622055545,57.34338420722316,56.81318794114402,55.97948967560351,53.478935300183956,51.94086881900656,51.18538304992961,50.408430385861706,49.88728411070644,48.62943819452235,47.693047106041135,46.83045019498738,45.92989332714961,45.61956653428196,45.3502138234132,44.46123260495253,59.99421405337677,53.478935300183956,51.94086881900656,48.62943819452235,66.064457066663,54.05065173686857,"rgba(0, 255, 0, 1.0)",3.607766910603844,58.63523037794071,2.182726827199951,54.89272385996347,0.44977755131867525,False,True,True,False,True,9.07132516034909,0.0,0.0,0.0,0.0,1,1.051002219942222,0.8780951117521454,False,False,False,False,0.191773817373639,0.16230552941671225,False,False,False,False,69172418,70948663.4618749,False,False,False,False,2396850.918751392,False,False,False,False
2025-09-08 00:00:00+00:00,66.62,67.385,65.69,66.74,1883590,66.07491592324612,65.48292269514464,63.74590001995914,60.04452551377308,57.83744726996995,57.50289933393596,57.46500978045222,57.520863678738664,57.37505580463257,56.84417167938451,56.010412481282195,53.509510726414575,51.97055593431579,51.21459069879378,50.43691591632124,49.91532128428929,48.657085499638214,47.720616369327985,46.85764452783245,45.95648110349656,45.64597785981861,45.37649372415018,44.48696714809932,60.04452551377308,53.509510726414575,51.97055593431579,48.657085499638214,66.07491592324612,54.08569540887608,"rgba(0, 255, 0, 1.0)",3.6000559615788474,58.67279640227987,2.207522239247301,55.858187854899285,1.4829934775445395,False,False,True,False,True,9.265959771372483,0.0,0.0,0.0,0.0,1,1.0514152440584636,0.8829254855790941,False,False,False,False,0.18198630627961693,0.17214591784816458,False,False,False,False,71056008,70952873.0516053,False,False,False,False,2376723.0395846707,False,False,False,False
2025-09-09 00:00:00+00:00,66.19,67.0,66.14,66.35,1463993,66.08080353557723,65.53203633792128,63.769921796057794,60.082380613600975,57.876628909954746,57.53334743345592,57.49378507135539,57.54562818981505,57.399198324929245,56.86781798362412,56.034046669191085,53.532955984454794,51.993355036450055,51.237036090017746,50.45882010614953,49.93688898336303,48.67836957414236,47.74185062202097,46.878599050066924,45.97697707234613,45.666340597083696,45.39675744226287,44.506817601602506,60.082380613600975,53.532955984454794,51.993355036450055,48.67836957414236,66.08080353557723,54.11179922230004,"rgba(0, 255, 0, 1.0)",3.5432973628185933,58.700561387943104,2.1136918088351626,55.15762539856935,1.4829934775445395,False,True,True,False,True,8.28519864087091,0.0,0.0,0.0,0.0,1,1.0499185872889212,0.9021513502407196,False,False,False,False,0.1854451635318688,0.17879554069001669,False,False,False,False,69592015,70899506.0691894,False,False,False,False,2340929.7046989975,False,False,False,False
