date,Open,High,Low,Close,Volume,aVWAP_peak_858,aVWAP_peak_834,aVWAP_peak_819,aVWAP_peak_789,aVWAP_peak_787,aVWAP_peak_762,aVWAP_peak_744,aVWAP_peak_635,aVWAP_peak_633,aVWAP_peak_606,aVWAP_peak_566,aVWAP_peak_552,aVWAP_peak_480,aVWAP_peak_446,aVWAP_peak_445,aVWAP_peak_407,aVWAP_valley_845,aVWAP_valley_828,aVWAP_valley_801,aVWAP_valley_774,aVWAP_valley_753,aVWAP_valley_723,aVWAP_OB_bull_845,aVWAP_OB_bull_801,aVWAP_OB_bear_606,aVWAP_OB_bear_407,Peaks_avg,Valleys_avg,color,StDev,StDev_Mean,StdDev_ZScore,QQEMOD,QQE1_Value,QQE1_Above_Upper,QQE1_Below_Lower,QQE2_Above_Threshold,QQE2_Below_Threshold,QQE2_Above_TL,banker_RSI,OB,OB_High,OB_Low,OB_Mitigated_Index,TTM_squeeze_Active,VI_plus,VI_minus,VI_Regular_Bullish,VI_Regular_Bearish,VI_Hidden_Bullish,VI_Hidden_Bearish,Fisher,Fisher_Signal,Fisher_Regular_Bullish,Fisher_Regular_Bearish,Fisher_Hidden_Bullish,Fisher_Hidden_Bearish,OBV,OBV_Smoothed,OBV_Regular_Bullish,OBV_Regular_Bearish,OBV_Hidden_Bullish,OBV_Hidden_Bearish,Volume_MA,Vol_Regular_Bullish,Vol_Regular_Bearish,Vol_Hidden_Bullish,Vol_Hidden_Bearish
2025-03-28 14:00:00+00:00,50.05,50.285,49.69,49.72,110877.0,,,,,,,,,,,,,,,,,,,,,,,,,,,,,#000000,,,,,,False,False,False,False,False,,0.0,0.0,0.0,0.0,0,,,False,False,False,False,,,False,False,False,False,0.0,0.0,False,False,False,False,110877.0,False,False,False,False
2025-03-28 15:00:00+00:00,49.725,50.36,49.665,50.225,61170.0,,,,,,,,,,,,,,,,,,,,,,,,,,,,,"rgba(38, 166, 154, 0.5)",,,,100.0,,False,False,True,False,False,,0.0,0.0,0.0,0.0,0,,,False,False,False,False,,,False,False,False,False,61170.0,948.3720930232558,False,False,False,False,110106.3488372093,False,False,False,False
2025-03-28 16:00:00+00:00,50.22,50.355,50.025,50.12,61898.0,,,,,,,,,,,,,,,,,,,,,,,,,,,,,"rgba(38, 166, 154, 0.5)",,,,93.681043129388,27.883650952858005,False,False,True,False,True,,0.0,0.0,0.0,0.0,0,,,False,False,False,False,,,False,False,False,False,-728.0,922.3818280151432,False,False,False,False,109358.9325761673,False,False,False,False
2025-03-28 17:00:00+00:00,50.1,50.13,49.825,50.06,76979.0,,,,,,,,,,,,,,,,,,,,,,,,,,,,,"rgba(38, 166, 154, 0.5)",,,,86.53389762492662,27.883650952858005,False,False,True,False,True,,0.0,0.0,0.0,0.0,0,,,False,False,False,False,,,False,False,False,False,-77707.0,-296.6783553649366,False,False,False,False,108856.91811762206,False,False,False,False
2025-03-28 18:00:00+00:00,50.055,50.155,49.91,50.15,122180.0,,,,,,,,,,,,,,,,,,,,,,,,,,,,,"rgba(38, 166, 154, 0.5)",,,,83.2026092777138,27.883650952858005,False,False,True,False,False,,0.0,0.0,0.0,0.0,0,,,False,False,False,False,,,False,False,False,False,44473.0,397.42518502831825,False,False,False,False,109063.47752665117,False,False,False,False
2025-03-28 19:00:00+00:00,50.15,50.15,49.48,49.905,171010.0,,,,,,,,,,,,,,,,,,,,,,,,,,,,,"rgba(38, 166, 154, 0.5)",,,,72.77240620382537,38.66190825463822,False,False,True,False,False,,0.0,0.0,0.0,0.0,0,,,False,False,False,False,,,False,False,False,False,-126537.0,-1570.5503992356867,False,False,False,False,110023.88872778835,False,False,False,False
2025-03-31 14:00:00+00:00,49.185,49.725,49.185,49.4,98643.0,,,,,,,,,,,,,,,,,,,,,,,,,,,,,"rgba(38, 166, 154, 0.5)",,,,58.424809747577626,25.27884595091514,False,False,True,False,False,,0.0,0.0,0.0,0.0,0,,,False,False,False,False,,,False,False,False,False,-225180.0,-5037.363571340559,False,False,False,False,109847.44084053581,False,False,False,False
2025-03-31 15:00:00+00:00,49.41,49.56,49.22,49.435,121622.0,,,,,,,,,,,,,,,,,,,,,,,,,,,,,"rgba(239, 83, 80, 0.5)",,,,49.61498895481665,17.293147646912544,False,False,False,True,False,,0.0,0.0,0.0,0.0,0,,,False,False,False,False,,,False,False,False,False,-103558.0,-6564.815298916674,False,False,False,False,110029.9921453337,False,False,False,False
2025-03-31 16:00:00+00:00,49.455,49.52,49.21,49.35,67886.0,,,,,,,,,,,,,,,,,,,,,,,,,,,,,"rgba(239, 83, 80, 0.5)",,,,42.87832137279829,11.050458868217547,False,False,False,True,False,,0.0,0.0,0.0,0.0,0,,,False,False,False,False,,,False,False,False,False,-171444.0,-9121.081728390835,False,False,False,False,109376.59691827426,False,False,False,False
2025-03-31 17:00:00+00:00,49.35,49.68,49.33,49.525,93395.0,,,,,,,,,,,,,,,,,,,,,,,,,,,,,"rgba(239, 83, 80, 0.5)",,,,42.103052717344745,9.941978012619543,False,False,False,True,False,,0.0,0.0,0.0,0.0,0,,,False,False,False,False,,,False,False,False,False,-78049.0,-10189.731624074697,False,False,False,False,109128.8202218669,False,False,False,False
2025-03-31 18:00:00+00:00,49.525,50.17,49.525,50.04,80622.0,,,,,,,,,,,,,,,,,,,,,,,,,,,,,#000000,,,,48.38918142586836,9.941978012619543,False,False,False,False,False,,0.0,0.0,0.0,0.0,0,,,False,False,False,False,,,False,False,False,False,2573.0,-9991.859815949507,False,False,False,False,108686.85401687672,False,False,False,False
2025-03-31 19:00:00+00:00,50.04,50.255,49.92,50.185,119813.0,,,,,,,,,,,,,,,,,,,,,,,,,,,,,"rgba(38, 166, 154, 0.5)",,,,53.85620137827017,9.941978012619543,False,False,True,False,True,,0.0,0.0,0.0,0.0,0,,,False,False,False,False,,,False,False,False,False,122386.0,-7939.489896322383,False,False,False,False,108859.35240421197,False,False,False,False
2025-04-01 14:00:00+00:00,50.775,50.82,50.23,50.69,72724.0,,,,,,,,,,,,,,,,,,,,,,,,,,,,,"rgba(38, 166, 154, 0.5)",,,,60.75897572996709,-6.217158059975027,False,False,True,False,True,,0.0,0.0,0.0,0.0,0,,,False,False,False,False,,,False,False,False,False,195110.0,-4791.435789402656,False,False,False,False,108299.11438244124,False,False,False,False
2025-04-01 15:00:00+00:00,50.685,51.11,50.65,51.01,63215.0,,,,,,,,,,,,,,,,,,,,,,,,,,,,,"rgba(38, 166, 154, 0.5)",,,,66.76148665587041,0.004189729914934048,False,False,True,False,True,,0.0,0.0,0.0,0.0,0,,,False,False,False,False,,,False,False,False,False,258325.0,-712.1112035204446,False,False,False,False,107600.13586488401,False,False,False,False
2025-04-01 16:00:00+00:00,51.01,51.31,50.87,51.02,95989.0,,,,,,,,,,,,,,,,,,,,,,,,,,,,,"rgba(38, 166, 154, 0.5)",,,,70.80403037813616,4.452826549943779,False,False,True,False,True,,0.0,0.0,0.0,0.0,0,,,False,False,False,False,,,False,False,False,False,354314.0,4792.169590332585,False,False,False,False,107420.11825457573,False,False,False,False
2025-04-01 17:00:00+00:00,51.02,51.33,51.005,51.205,54671.0,,,,,,,,,,,,,,,,,,,,,,,,,,,,,"rgba(38, 166, 154, 0.5)",,,,74.25402006110957,8.47176500031592,False,False,True,False,True,,0.0,0.0,0.0,0.0,0,,,False,False,False,False,,,False,False,False,False,408985.0,11058.725100559986,False,False,False,False,106602.30246768308,False,False,False,False
2025-04-01 18:00:00+00:00,51.22,51.235,51.04,51.195,90794.0,,,,,,,,,,,,,,,,,,,,,,,,,,,,,"rgba(38, 166, 154, 0.5)",,,,76.37867180486953,11.379368983266815,False,False,True,False,True,,0.0,0.0,0.0,0.0,0,,,False,False,False,False,,,False,False,False,False,318191.0,15820.465796675335,False,False,False,False,106357.21250694382,False,False,False,False
2025-04-01 19:00:00+00:00,51.19,51.695,51.18,51.655,158181.0,,,,,,,,,,,,,,,,,,,,,,,,,,,,,"rgba(38, 166, 154, 0.5)",,,,79.41705709510364,15.214977290423832,False,False,True,False,True,,0.0,0.0,0.0,0.0,0,,,False,False,False,False,,,False,False,False,False,476372.0,22960.79966029277,False,False,False,False,107160.68208047957,False,False,False,False
2025-04-02 14:00:00+00:00,51.215,51.745,51.19,51.72,199183.0,,,,,,,,,,,,,,,,,,,,,,,,,,,,,"rgba(38, 166, 154, 0.5)",,,,81.62830787393861,18.28340891439315,False,False,True,False,True,,0.0,0.0,0.0,0.0,0,,,False,False,False,False,,,False,False,False,False,675555.0,33078.539200443265,False,False,False,False,108587.38468388299,False,False,False,False
2025-04-02 15:00:00+00:00,51.705,51.89,51.635,51.8,210345.0,,,,,,,,,,,,,,,,,,,,,,,,,,,,,"rgba(38, 166, 154, 0.5)",,,,83.33719449753208,20.903798574895077,False,False,True,False,True,,0.0,0.0,0.0,0.0,0,,,False,False,False,False,,,False,False,False,False,885900.0,46300.57735237438,False,False,False,False,110165.0221306445,False,False,False,False
2025-04-02 16:00:00+00:00,51.795,52.075,51.72,52.045,55198.0,,,,,,,,,,,,,,,,,,,,,,,,,,,,,"rgba(38, 166, 154, 0.5)",,,,85.13055070901467,23.5985169457563,False,False,True,False,True,,0.0,0.0,0.0,0.0,0,,,False,False,False,False,,,False,False,False,False,941098.0,60173.40561047709,False,False,False,False,109312.82023714612,False,False,False,False
2025-04-02 17:00:00+00:00,52.055,52.315,51.8,51.905,73505.0,,,,,,,,,,,,,,,,,,,,,,,,,,,,,"rgba(38, 166, 154, 0.5)",,52.00666666666666,,83.75452481561072,23.5985169457563,False,False,True,False,True,,0.0,0.0,0.0,0.0,0,,,False,False,False,False,,,False,False,False,False,867593.0,72691.53885682629,False,False,False,False,108757.66023346943,False,False,False,False
2025-04-02 18:00:00+00:00,51.905,51.95,51.585,51.67,100595.0,,,,,,,,,,,,,,,,,,,,,,,,,,,,,"rgba(38, 166, 154, 0.5)",,51.84969763545855,,79.02868443324071,23.5985169457563,False,False,True,False,False,,0.0,0.0,0.0,0.0,0,,,False,False,False,False,,,False,False,False,False,766998.0,83455.98011485998,False,False,False,False,108631.10736163269,False,False,False,False
2025-04-02 19:00:00+00:00,51.67,52.07,51.64,52.005,178145.0,,,,,,,,,,,,,,,,,,,,,,,,,,,,,"rgba(38, 166, 154, 0.5)",,51.877666349652465,,77.74890248867263,23.5985169457563,False,False,True,False,False,,0.0,0.0,0.0,0.0,0,,,False,False,False,False,,,False,False,False,False,945143.0,96815.46879524975,False,False,False,False,109708.84213121978,False,False,False,False
2025-04-03 14:00:00+00:00,50.1,50.17,49.61,49.66,79976.0,,,,,,,,,,,,,,,,,,,,,,,,,,,,,"rgba(38, 166, 154, 0.5)",,51.49569255080155,,62.050956288157984,22.335591919158887,False,False,True,False,False,,0.0,0.0,0.0,0.0,0,,,False,False,False,False,,,False,False,False,False,865167.0,108727.89563563347,False,False,False,False,109247.86783461171,False,False,False,False
2025-04-03 15:00:00+00:00,49.66,50.435,49.62,50.335,78238.0,,,,,,,,,,,,,,,,,,,,,,,,,,,,,#000000,,51.286372989799375,,55.30564397695445,16.363427184340978,False,False,False,False,False,,0.0,0.0,0.0,0.0,0,,,False,False,False,False,,,False,False,False,False,943405.0,121668.6259358562,False,False,False,False,108767.09468988904,False,False,False,False
2025-04-03 16:00:00+00:00,50.305,50.745,50.295,50.685,40506.0,,,,,,,,,,,,,,,,,,,,,,,,,,,,,#000000,,51.23407407004074,,52.47327445843402,13.866797738263926,False,False,False,False,False,,0.0,0.0,0.0,0.0,0,,,False,False,False,False,,,False,False,False,False,983911.0,135036.7247585561,False,False,False,False,107708.78314430936,False,False,False,False
2025-04-03 17:00:00+00:00,50.685,50.795,50.375,50.38,49886.0,,,,,,,,,,,,,,,,,,,,,,,,,,,,,"rgba(239, 83, 80, 0.5)",,51.17451090758496,,49.374151026089365,10.836719364324303,False,False,False,True,False,,0.0,0.0,0.0,0.0,0,,,False,False,False,False,,,False,False,False,False,934025.0,147424.13987857848,False,False,False,False,106812.30588625805,False,False,False,False
2025-04-03 18:00:00+00:00,50.385,50.43,50.085,50.25,45276.0,,,,,,,,,,,,,,,,,,,,,,,,,,,,,"rgba(239, 83, 80, 0.5)",,51.11007810126079,,46.79171821761504,8.098215940547234,False,False,False,True,False,,0.0,0.0,0.0,0.0,0,,,False,False,False,False,,,False,False,False,False,888749.0,158917.54856263153,False,False,False,False,105858.25463220754,False,False,False,False
2025-04-03 19:00:00+00:00,50.245,50.48,49.885,50.035,133026.0,,,,,,,,,,,,,,,,,,,,,,,,,,,,,"rgba(239, 83, 80, 0.5)",,50.94331695229734,,44.201815079883616,5.215158013877911,False,False,False,True,False,,0.0,0.0,0.0,0.0,0,,,False,False,False,False,,,False,False,False,False,755723.0,168170.3462593349,False,False,False,False,106279.45998674695,False,False,False,False
2025-04-04 14:00:00+00:00,48.88,49.27,47.84,48.32,107819.0,,,,,,,,,,,,,,,,,,,,,,,,,,,,,"rgba(239, 83, 80, 0.5)",,50.64347460423403,,37.797651148690335,-1.176742306476072,False,False,False,True,False,,0.0,0.0,0.0,0.0,0,,,False,False,False,False,,,False,False,False,False,647904.0,175608.07732508166,False,False,False,False,106303.32882416173,False,False,False,False
2025-04-04 15:00:00+00:00,48.295,49.02,47.72,47.755,112529.0,,,,,,,,,,,,,,,,,,,,,,,,,,,,,"rgba(239, 83, 80, 0.5)",,50.364435094778955,,32.54857492056955,-6.334086462640968,False,False,False,True,False,,0.0,0.0,0.0,0.0,0,,,False,False,False,False,,,False,False,False,False,535375.0,181185.85907197962,False,False,False,False,106399.85085789565,False,False,False,False
2025-04-04 16:00:00+00:00,47.75,48.055,47.33,47.53,53347.0,,,,,,,,,,,,,,,,,,,,,,,,,,,,,"rgba(239, 83, 80, 0.5)",,50.22630561106636,,28.68130520207088,-10.200614227909583,False,False,False,True,False,,0.0,0.0,0.0,0.0,0,,,False,False,False,False,,,False,False,False,False,482028.0,185850.07831117374,False,False,False,False,105577.3260383934,False,False,False,False
2025-04-04 17:00:00+00:00,47.515,47.675,46.905,47.67,130545.0,,,,,,,,,,,,,,,,,,,,,,,,,,,,,"rgba(239, 83, 80, 0.5)",,49.916362662277024,,26.995111395791408,-12.162437026294654,False,False,False,True,False,,0.0,0.0,0.0,0.0,0,,,False,False,False,False,,,False,False,False,False,612573.0,192465.9375621633,False,False,False,False,105964.42175872838,False,False,False,False
2025-04-04 18:00:00+00:00,47.67,47.9,46.865,46.965,78756.0,,,,,,,,,,,,,,,,,,,,,,,,,,,,,"rgba(239, 83, 80, 0.5)",,49.74957007453161,,24.60394104762932,-14.92459095770468,False,False,False,True,False,,0.0,0.0,0.0,0.0,0,,,False,False,False,False,,,False,False,False,False,533817.0,197758.20209608326,False,False,False,False,105542.58576246903,False,False,False,False
2025-04-04 19:00:00+00:00,46.96,47.805,46.695,47.285,222598.0,,,,,,,,,,,,,,,,,,,,,,,,,,,,,"rgba(239, 83, 80, 0.5)",,49.376575670243255,,25.03908602203725,-15.102219698921267,False,False,False,True,False,,0.0,0.0,0.0,0.0,0,,,False,False,False,False,,,False,False,False,False,756415.0,206419.54780001997,False,False,False,False,107357.39838630671,False,False,False,False
2025-04-07 14:00:00+00:00,46.38,48.25,45.515,46.74,62231.0,,,,,,,,,,,,,,,,,,,,,,,,,,,,,"rgba(239, 83, 80, 0.5)",,49.27433452942878,,24.23232856020361,-16.6148243637329,False,False,False,True,False,,0.0,0.0,0.0,0.0,0,,,False,False,False,False,,,False,False,False,False,694184.0,213981.78736901187,False,False,False,False,106657.76430279807,False,False,False,False
2025-04-07 15:00:00+00:00,46.74,46.985,45.4,45.66,47135.0,,,,,,,,,,,,,,,,,,,,,,,,,,,,,"rgba(239, 83, 80, 0.5)",,49.17796198052878,,22.030812165203166,-19.41404521218175,False,False,False,True,False,,0.0,0.0,0.0,0.0,0,,,False,False,False,False,,,False,False,False,False,647049.0,220696.00771987988,False,False,False,False,105734.93074771592,False,False,False,False
2025-04-07 16:00:00+00:00,45.665,46.05,45.285,45.38,40213.0,,,,,,,,,,,,,,,,,,,,,,,,,,,,,"rgba(239, 83, 80, 0.5)",,47.33044742450405,,20.207834044220263,-21.77946207617795,False,False,False,True,False,,0.0,0.0,0.0,0.0,0,,,False,False,False,False,,,False,False,False,False,606836.0,226682.6742668585,False,False,False,False,104719.08686015442,False,False,False,False
2025-04-07 17:00:00+00:00,45.35,46.785,45.35,46.775,59523.0,,,,,,,,,,,,,,,,,,,,,,,,,,,,,"rgba(239, 83, 80, 0.5)",,47.49982967928783,,26.032619903134993,-21.77946207617795,False,False,False,True,True,,0.0,0.0,0.0,0.0,0,,,False,False,False,False,,,False,False,False,False,666359.0,233499.36148752735,False,False,False,False,104018.37233519078,False,False,False,False
2025-04-07 18:00:00+00:00,46.775,47.02,46.19,46.26,72589.0,,,,,,,,,,,,,,,,,,,,,,,,,,,,,"rgba(239, 83, 80, 0.5)",,47.54988337014592,,28.72093287046218,-29.103789566974484,False,False,False,True,True,,0.0,0.0,0.0,0.0,0,,,False,False,False,False,,,False,False,False,False,593770.0,239084.95278229436,False,False,False,False,103531.0952447227,False,False,False,False
2025-04-07 19:00:00+00:00,46.26,46.68,45.895,46.625,162891.0,,,,,,,,,,,,,,,,,,,,,,,,,,,,,"rgba(239, 83, 80, 0.75)",,47.49069659992672,,32.06187194520072,-25.718169212712162,False,True,False,True,True,,0.0,0.0,0.0,0.0,0,,,False,False,False,False,,,False,False,False,False,756661.0,247109.38762287894,False,False,False,False,104451.40384557971,False,False,False,False
2025-04-08 14:00:00+00:00,47.995,48.38,47.615,47.75,94990.0,,,,,,,,,,,,,,,,,,,,,,,,,,,,,"rgba(239, 83, 80, 0.75)",,47.650755284148026,,38.30019532592118,-19.76388050485201,False,True,False,True,True,,0.0,0.0,0.0,0.0,0,,,False,False,False,False,,,False,False,False,False,851651.0,256482.1257992684,False,False,False,False,104304.7154138653,False,False,False,False
2025-04-08 15:00:00+00:00,47.75,47.88,46.96,47.26,102638.0,,,,,,,,,,,,,,,,,,,,,,,,,,,,,"rgba(239, 83, 80, 0.75)",,47.688135693455344,,40.972951037049775,-17.21761952223595,False,True,False,True,True,,0.0,0.0,0.0,0.0,0,,,False,False,False,False,,,False,False,False,False,749013.0,264118.26338377583,False,False,False,False,104278.87486481311,False,False,False,False
2025-04-08 16:00:00+00:00,47.26,47.26,46.41,46.43,41932.0,,,,,,,,,,,,,,,,,,,,,,,,,,,,,"rgba(239, 83, 80, 0.75)",,47.66647854257201,,40.54174887234169,-17.21761952223595,False,True,False,True,True,,0.0,0.0,0.0,0.0,0,,,False,False,False,False,,,False,False,False,False,707081.0,270985.90271115914,False,False,False,False,103312.25664985477,False,False,False,False
2025-04-08 17:00:00+00:00,46.425,46.705,46.04,46.57,54568.0,,,,,,,,,,,,,,,,,,,,,,,,,,,,,"rgba(239, 83, 80, 0.75)",,47.62546029004582,,40.7866939079419,-16.77507476508825,False,True,False,True,True,,0.0,0.0,0.0,0.0,0,,,False,False,False,False,,,False,False,False,False,761649.0,278593.0825140869,False,False,False,False,102556.5317405547,False,False,False,False
2025-04-08 18:00:00+00:00,46.57,46.91,46.2,46.375,59716.0,,,,,,,,,,,,,,,,,,,,,,,,,,,,,"rgba(239, 83, 80, 0.75)",,47.58793829024606,,40.40185289290643,-16.623765354480156,False,True,False,True,True,,0.0,0.0,0.0,0.0,0,,,False,False,False,False,,,False,False,False,False,701933.0,285156.4920875119,False,False,False,False,101892.33745000346,False,False,False,False
2025-04-08 19:00:00+00:00,46.39,46.42,45.61,46.0,117534.0,,,,,,,,,,,,,,,,,,,,,,,,,,,,,"rgba(239, 83, 80, 0.75)",,47.4756031730777,,39.09701243206254,-16.623765354480156,False,True,False,True,True,,0.0,0.0,0.0,0.0,0,,,False,False,False,False,,,False,False,False,False,584399.0,289795.9108148373,False,False,False,False,102134.84384612743,False,False,False,False
2025-04-09 14:00:00+00:00,47.09,47.505,46.42,46.545,66652.0,,,,,,,,,,,,,,,,,,,,,,,,,,,,,"rgba(239, 83, 80, 0.75)",,47.46276269909535,,40.65836866249784,-15.452477348080095,False,True,False,True,True,,0.0,0.0,0.0,0.0,1,,,False,False,False,False,,,False,False,False,False,651051.0,295396.7649107313,False,False,False,False,101584.72223610994,False,False,False,False
2025-04-09 15:00:00+00:00,46.545,47.095,46.52,46.815,86461.0,,,,,,,,,,,,,,,,,,,,,,,,,,,,,"rgba(239, 83, 80, 0.75)",,47.445322676021846,,42.82654310066114,-12.987185533735158,False,True,False,True,True,0.0,0.0,0.0,0.0,0.0,1,,,False,False,False,False,,,False,False,False,False,737512.0,302251.2646795572,False,False,False,False,101350.2459223718,False,False,False,False
2025-04-09 16:00:00+00:00,46.82,47.595,46.705,47.46,53792.0,,,,,,,,,,,,,,,,,,,,,,,,,,,,,"rgba(239, 83, 80, 0.5)",,47.45100080506823,,46.72304331678035,-9.05763107309577,False,False,False,True,True,0.0,0.0,0.0,0.0,0.0,0,,,False,False,False,False,,,False,False,False,False,791304.0,309833.47763026174,False,False,False,False,100612.90877628852,False,False,False,False
2025-04-09 17:00:00+00:00,47.465,50.755,47.24,50.56,98756.0,,,,,,,,,,,,,,,,,,,,,,,,,,,,,"rgba(38, 166, 154, 1.0)",,47.60037793534393,,55.83062731025619,-0.6084237868795555,True,False,True,False,True,6.653798111622422,0.0,0.0,0.0,0.0,0,,,False,False,False,False,,,False,False,False,False,890060.0,318829.23766700184,False,False,False,False,100584.1194929352,False,False,False,False
2025-04-09 18:00:00+00:00,50.59,51.5,50.155,50.215,120497.0,,,,,,,,,,,,,,,,,,,,,,,,,,,,,"rgba(38, 166, 154, 1.0)",,48.76157619640261,,60.643174078644385,3.559069255909094,True,False,True,False,True,5.0551381788972165,0.0,0.0,0.0,0.0,0,,,False,False,False,False,,,False,False,False,False,769563.0,325817.3580132498,False,False,False,False,100892.8463225021,False,False,False,False
2025-04-09 19:00:00+00:00,50.215,51.35,50.105,50.93,159158.0,,,,,,,,,,,,,,,,,,,,,,,,,,,,,"rgba(38, 166, 154, 1.0)",,48.97055870988763,,64.9050442830106,7.265282248364386,True,False,True,False,True,7.835985944570385,0.0,0.0,0.0,0.0,0,,,False,False,False,False,,,False,False,False,False,928721.0,335164.70129986614,False,False,False,False,101796.1820384323,False,False,False,False
2025-04-10 14:00:00+00:00,50.34,50.445,49.35,49.375,83796.0,,,,,,,,,,,,,,,,,,,,,,,,,,,,,"rgba(38, 166, 154, 1.0)",,48.943386034272315,,62.69432823569704,7.265282248364386,True,False,True,False,True,1.1198767249327197,0.0,0.0,0.0,0.0,0,,,False,False,False,False,,,False,False,False,False,844925.0,343067.96174482943,False,False,False,False,101517.10944868915,False,False,False,False
2025-04-10 15:00:00+00:00,49.375,49.77,49.09,49.12,59531.0,,,,,,,,,,,,,,,,,,,,,,,,,,,,,"rgba(38, 166, 154, 0.75)",,48.91338421209002,,60.50800482996016,7.265282248364386,True,False,True,False,False,0.1009849679820185,0.0,0.0,0.0,0.0,0,,,False,False,False,False,,,False,False,False,False,785394.0,349925.7297797933,False,False,False,False,100866.16201537613,False,False,False,False
2025-04-10 16:00:00+00:00,49.12,49.41,48.49,49.36,58290.0,,,,,,,,,,,,,,,,,,,,,,,,,,,,,"rgba(38, 166, 154, 0.75)",,48.88142490995912,,59.597114050749475,7.265282248364386,True,False,True,False,False,1.0515979734827248,0.0,0.0,0.0,0.0,0,,,False,False,False,False,,,False,False,False,False,843684.0,357580.89675995155,False,False,False,False,100206.06648025403,False,False,False,False
2025-04-10 17:00:00+00:00,49.34,50.18,48.74,49.905,49666.0,,,,,,,,,,,,,,,,,,,,,,,,,,,,,"rgba(38, 166, 154, 0.75)",,48.886137870624246,,60.2169760409876,7.265282248364386,True,False,True,False,False,3.1642475890319304,0.0,0.0,0.0,0.0,0,,,False,False,False,False,,,False,False,False,False,893350.0,365887.3944846035,False,False,False,False,99422.49955807954,False,False,False,False
2025-04-10 18:00:00+00:00,49.92,50.475,49.64,50.085,42963.0,,,,,,,,,,,,,,,,,,,,,,,,,,,,,"rgba(38, 166, 154, 0.75)",,48.90907962215519,,61.03335507048959,7.265282248364386,True,False,True,False,False,3.849306228341483,0.0,0.0,0.0,0.0,0,,,False,False,False,False,,,False,False,False,False,936313.0,374731.2023220515,False,False,False,False,98547.1584796597,False,False,False,False
2025-04-10 19:00:00+00:00,50.085,50.375,49.575,50.26,87170.0,,,,,,,,,,,,,,,,,,,,,,,,,,,,,"rgba(38, 166, 154, 0.75)",,48.95326020064349,,61.9905325750518,7.265282248364386,True,False,True,False,False,4.51613796785006,0.0,0.0,0.0,0.0,0,,,False,False,False,False,,,False,False,False,False,1023483.0,384789.3697279112,False,False,False,False,98370.76842571149,False,False,False,False
2025-04-11 14:00:00+00:00,50.31,50.46,49.54,49.82,52015.0,,,,,,,,,,,,,,,,,,,,,,,,,,,,,"rgba(38, 166, 154, 0.75)",,48.97298411445806,,60.80093221750027,7.265282248364386,True,False,True,False,False,2.6490624163557612,0.0,0.0,0.0,0.0,0,,,False,False,False,False,,,False,False,False,False,971468.0,393885.1624453079,False,False,False,False,97652.07434159193,False,False,False,False
2025-04-11 15:00:00+00:00,49.82,50.23,49.06,49.41,78003.0,,,,,,,,,,,,,,,,,,,,,,,,,,,,,"rgba(38, 166, 154, 0.75)",,48.98131352922956,,58.400818390183105,7.265282248364386,True,False,True,False,False,0.9533253598875362,0.0,0.0,0.0,0.0,0,,,False,False,False,False,,,False,False,False,False,893465.0,401630.58628336515,False,False,False,False,97347.43753009436,False,False,False,False
2025-04-11 16:00:00+00:00,49.42,49.73,49.24,49.63,75266.0,,,,,,,,,,,,,,,,,,,,,,,,,,,,,"rgba(38, 166, 154, 0.75)",,48.98901815708434,,57.534655950404854,7.265282248364386,True,False,True,False,False,1.8282656026919746,0.0,0.0,0.0,0.0,0,,,False,False,False,False,,,False,False,False,False,968731.0,410422.840759592,False,False,False,False,97005.08966141073,False,False,False,False
2025-04-11 17:00:00+00:00,49.63,50.14,49.4,49.92,35150.0,,,,,,,,,,,,,,,,,,,,,,,,,,,,,"rgba(38, 166, 154, 0.75)",,48.999283308931915,,57.925773292363345,7.265282248364386,True,False,True,False,False,2.9730328680959452,0.0,0.0,0.0,0.0,0,,,False,False,False,False,,,False,False,False,False,1003881.0,419623.7424532417,False,False,False,False,96046.09602324932,False,False,False,False
2025-04-11 18:00:00+00:00,49.92,50.0,49.675,49.73,33337.0,,,,,,,,,,,,,,,,,,,,,,,,,,,,,"rgba(38, 166, 154, 0.75)",,49.00846102041783,,57.28207442181455,7.265282248364386,True,False,True,False,False,2.165929844756853,0.0,0.0,0.0,0.0,1,,,False,False,False,False,,,False,False,False,False,970544.0,428165.14179505187,False,False,False,False,95073.86197637723,False,False,False,False
2025-04-11 19:00:00+00:00,49.73,49.965,49.645,49.73,107167.0,,,,,,,,,,,,,,,,,,,,,,,,,,,,,"rgba(38, 166, 154, 0.75)",,49.03554975272035,,56.85294184144869,11.142903502624797,True,False,True,False,False,2.165929844756832,0.0,0.0,0.0,0.0,0,,,False,False,False,False,,,False,False,False,False,970544.0,436574.116340865,False,False,False,False,95261.35248837138,False,False,False,False
2025-04-14 14:00:00+00:00,49.04,49.27,48.83,49.19,74909.0,,,,,,,,,,,,,,,,,,,,,,,,,,,,,"rgba(38, 166, 154, 0.75)",,49.02619602192257,,53.906213693675845,8.067998713628569,True,False,True,False,False,0.0,0.0,0.0,0.0,0.0,0,,,False,False,False,False,,,False,False,False,False,895635.0,443691.33934333216,False,False,False,False,94945.81213971446,False,False,False,False
2025-04-14 15:00:00+00:00,49.2,49.27,48.64,48.705,82395.0,,,,,,,,,,,,,,,,,,,,,,,,,,,,,#000000,,48.97438408482925,,49.926807144634736,4.238028368310495,True,False,False,False,False,0.0,0.0,0.0,0.0,0.0,1,,,False,False,False,False,,,False,False,False,False,813240.0,449420.77594266034,False,False,False,False,94751.22590499019,False,False,False,False
2025-04-14 16:00:00+00:00,48.705,49.08,48.67,48.835,70892.0,,,,,,,,,,,,,,,,,,,,,,,,,,,,,"rgba(239, 83, 80, 0.5)",,48.96323834547154,,47.98139259036106,2.410345590899901,False,False,False,True,False,0.0,0.0,0.0,0.0,0.0,0,,,False,False,False,False,,,False,False,False,False,884132.0,456160.4848427741,False,False,False,False,94381.31542584306,False,False,False,False
2025-04-14 17:00:00+00:00,48.835,49.31,48.7,49.185,49846.0,,,,,,,,,,,,,,,,,,,,,,,,,,,,,"rgba(239, 83, 80, 0.5)",,48.97270548082702,,48.54313685578144,2.410345590899901,True,False,False,True,False,0.0,0.0,0.0,0.0,0.0,0,,,False,False,False,False,,,False,False,False,False,933978.0,463568.5083335838,False,False,False,False,93690.84541924084,False,False,False,False
2025-04-14 18:00:00+00:00,49.185,49.405,49.16,49.405,71348.0,,,,,,,,,,,,,,,,,,,,,,,,,,,,,#000000,,49.00223333251717,,50.02295087337174,2.410345590899901,True,False,False,False,True,0.8499076621656023,0.0,0.0,0.0,0.0,0,,,False,False,False,False,,,False,False,False,False,1005326.0,471967.8492896523,False,False,False,False,93344.44471506657,False,False,False,False
2025-04-14 19:00:00+00:00,49.405,49.78,49.345,49.47,215109.0,,,,,,,,,,,,,,,,,,,,,,,,,,,,,#000000,,49.08164580230853,,51.34532841197774,2.410345590899901,True,False,False,False,True,1.1236090300076285,0.0,0.0,0.0,0.0,0,,,False,False,False,False,,,False,False,False,False,1220435.0,483571.99116113054,False,False,False,False,95232.26727762367,False,False,False,False
2025-04-15 14:00:00+00:00,49.68,49.91,49.25,49.33,35228.0,,,,,,,,,,,,,,,,,,,,,,,,,,,,,#000000,,49.08908919047113,,51.338603676053495,2.410345590899901,True,False,False,False,True,0.5110270009906763,0.0,0.0,0.0,0.0,0,,,False,False,False,False,,,False,False,False,False,1185207.0,494450.05331367115,False,False,False,False,94301.96856014113,False,False,False,False
2025-04-15 15:00:00+00:00,49.33,49.42,49.08,49.23,34352.0,,,,,,,,,,,,,,,,,,,,,,,,,,,,,#000000,,49.089323009857864,,50.681422654282656,2.410345590899901,True,False,False,False,True,0.07071419341447793,0.0,0.0,0.0,0.0,1,,,False,False,False,False,,,False,False,False,False,1150855.0,504626.87419252895,False,False,False,False,93372.51168323972,False,False,False,False
2025-04-15 16:00:00+00:00,49.23,49.44,49.065,49.09,69805.0,,,,,,,,,,,,,,,,,,,,,,,,,,,,,#000000,1.7019708845605697,49.087842586853064,0.0012675969762528055,49.31056742059725,2.410345590899901,False,False,False,False,True,0.0,0.0,0.0,0.0,0.0,1,,,False,False,False,False,,,False,False,False,False,1081050.0,513563.6668407068,False,False,False,False,93007.123905205,False,False,False,False
2025-04-15 17:00:00+00:00,49.09,49.18,48.8,48.895,30684.0,,,,,,,,,,,,,,,,,,,,,,,,,,,,,"rgba(239, 83, 80, 0.5)",1.7014087644607279,49.08248535785782,-0.11019418835381484,47.13041186473842,0.7275967920395559,False,False,False,True,False,0.0,0.0,0.0,0.0,0.0,0,,,False,False,False,False,,,False,False,False,False,1050366.0,521886.1836338741,False,False,False,False,92040.87392217857,False,False,False,False
2025-04-15 18:00:00+00:00,48.895,49.335,48.79,49.24,27833.0,,,,,,,,,,,,,,,,,,,,,,,,,,,,,#000000,1.6973132372149877,49.080887355866835,0.09374383033401922,48.34164455730432,0.7275967920395559,False,False,False,False,False,0.15463813260682713,0.0,0.0,0.0,0.0,0,,,False,False,False,False,,,False,False,False,False,1078199.0,530511.1885387752,False,False,False,False,91045.40300865642,False,False,False,False
2025-04-15 19:00:00+00:00,49.24,49.33,48.73,48.795,143332.0,,,,,,,,,,,,,,,,,,,,,,,,,,,,,"rgba(239, 83, 80, 0.5)",1.6945336917371776,49.060678441025,-0.15678557606761487,46.297350165814976,-0.11520445606586094,False,False,False,True,False,0.0,0.0,0.0,0.0,0.0,1,,,False,False,False,False,,,False,False,False,False,934867.0,536780.2708870112,False,False,False,False,91856.0479232509,False,False,False,False
2025-04-16 14:00:00+00:00,48.51,48.98,48.46,48.975,38510.0,,,,,,,,,,,,,,,,,,,,,,,,,,,,,"rgba(239, 83, 80, 0.5)",1.6915950200067706,49.05309051640531,-0.04616383678228043,46.30661800827514,-0.22662831946536954,False,False,False,True,False,0.0,0.0,0.0,0.0,0.0,1,,,False,False,False,False,,,False,False,False,False,973377.0,543549.2124236467,False,False,False,False,91028.97741281289,False,False,False,False
2025-04-16 15:00:00+00:00,48.98,49.08,48.68,48.705,41265.0,,,,,,,,,,,,,,,,,,,,,,,,,,,,,"rgba(239, 83, 80, 1.0)",1.6885193284420872,49.04587015844151,-0.20187518893018253,44.65588542454676,-1.9282004834614739,False,True,False,True,False,0.0,0.0,0.0,0.0,0.0,1,,,False,False,False,False,,,False,False,False,False,932112.0,549573.4416883964,False,False,False,False,90257.4428792809,False,False,False,False
2025-04-16 16:00:00+00:00,48.715,48.8,48.53,48.59,30030.0,,,,,,,,,,,,,,,,,,,,,,,,,,,,,"rgba(239, 83, 80, 1.0)",1.6874181408240154,49.0380918909091,-0.2655488168986266,42.881308874583894,-3.6944932734790683,False,True,False,True,False,0.0,0.0,0.0,0.0,0.0,1,,,False,False,False,False,,,False,False,False,False,902082.0,555038.6906544678,False,False,False,False,89323.68407495097,False,False,False,False
2025-04-16 17:00:00+00:00,48.585,48.585,47.845,47.89,50749.0,,,,,,,,,,,,,,,,,,,,,,,,,,,,,"rgba(239, 83, 80, 1.0)",1.6932014295650344,49.012198410804835,-0.6627672237987158,38.40930122663759,-7.850966464343259,False,True,False,True,False,0.0,0.0,0.0,0.0,0.0,0,,,False,False,False,False,,,False,False,False,False,851333.0,559632.4008768791,False,False,False,False,88725.62695750987,False,False,False,False
2025-04-16 18:00:00+00:00,47.87,48.39,47.87,47.915,40841.0,,,,,,,,,,,,,,,,,,,,,,,,,,,,,"rgba(239, 83, 80, 1.0)",1.698396122047911,48.99171687707491,-0.6339609841881954,35.662575953353446,-10.270666450127194,False,True,False,True,False,0.0,0.0,0.0,0.0,0.0,0,,,False,False,False,False,,,False,False,False,False,892174.0,564788.0845842143,False,False,False,False,87983.22964033918,False,False,False,False
2025-04-16 19:00:00+00:00,47.915,48.195,47.635,48.14,83216.0,,,,,,,,,,,,,,,,,,,,,,,,,,,,,"rgba(239, 83, 80, 1.0)",1.701672738251425,48.95066502256179,-0.4763930245452493,35.96737735920467,-10.270666450127194,False,True,False,True,False,0.0,0.0,0.0,0.0,0.0,0,,,False,False,False,False,,,False,False,False,False,975390.0,571154.0057534511,False,False,False,False,87909.31910327966,False,False,False,False
2025-04-17 14:00:00+00:00,47.94,48.02,47.47,47.71,38768.0,,,,,,,,,,,,,,,,,,,,,,,,,,,,,"rgba(239, 83, 80, 1.0)",1.708117772381143,48.68944963291584,-0.5734087243589004,34.16152660192473,-11.630431396529524,False,True,False,True,False,0.0,0.0,0.0,0.0,0.0,0,,,False,False,False,False,,,False,False,False,False,936622.0,576820.1762068861,False,False,False,False,87147.43818694974,False,False,False,False
2025-04-17 15:00:00+00:00,47.71,48.065,47.71,47.91,37609.0,,,,,,,,,,,,,,,,,,,,,,,,,,,,,"rgba(239, 83, 80, 1.0)",1.709199275146744,48.69106663207087,-0.4569780969535083,34.79523056317117,-11.630431396529524,False,True,False,True,False,0.0,0.0,0.0,0.0,0.0,0,,,False,False,False,False,,,False,False,False,False,974231.0,582981.5843277095,False,False,False,False,86379.4003856017,False,False,False,False
2025-04-17 16:00:00+00:00,47.915,48.41,47.895,48.365,38573.0,,,,,,,,,,,,,,,,,,,,,,,,,,,,,"rgba(239, 83, 80, 0.75)",1.705423125220257,48.708941507794165,-0.20167517533207066,38.81639183515936,-15.523241224749036,False,True,False,True,True,0.0,0.0,0.0,0.0,0.0,0,,,False,False,False,False,,,False,False,False,False,1012804.0,589645.4977489853,False,False,False,False,85638.21588349935,False,False,False,False
2025-04-17 17:00:00+00:00,48.38,48.48,48.195,48.43,36637.0,,,,,,,,,,,,,,,,,,,,,,,,,,,,,"rgba(239, 83, 80, 0.75)",1.6951068211576303,48.72212483146407,-0.17233417258304276,41.96516835919584,-12.640856663581694,False,True,False,True,True,0.0,0.0,0.0,0.0,0.0,0,,,False,False,False,False,,,False,False,False,False,1049441.0,596774.1101869856,False,False,False,False,84878.50711011176,False,False,False,False
2025-04-17 18:00:00+00:00,48.42,48.54,48.3,48.305,33432.0,,,,,,,,,,,,,,,,,,,,,,,,,,,,,"rgba(239, 83, 80, 0.75)",1.6798365375216673,48.728046982256046,-0.2518381835414685,43.1945183703421,-11.52069150887521,False,True,False,True,True,0.0,0.0,0.0,0.0,0.0,0,,,False,False,False,False,,,False,False,False,False,1016009.0,603273.8759205206,False,False,False,False,84080.88684483871,False,False,False,False
2025-04-17 19:00:00+00:00,48.305,48.37,48.11,48.18,144798.0,,,,,,,,,,,,,,,,,,,,,,,,,,,,,"rgba(239, 83, 80, 0.75)",1.6641269388085929,48.706618384837306,-0.31645325398934454,43.14150761229029,-11.460273255684967,False,True,False,True,True,0.0,0.0,0.0,0.0,0.0,0,,,False,False,False,False,,,False,False,False,False,871211.0,607427.9398597374,False,False,False,False,85022.23743639159,False,False,False,False
2025-04-18 14:00:00+00:00,48.18,48.18,48.18,48.18,0.0,,,,,,,,,,,,,,,,,,,,,,,,,,,,,"rgba(239, 83, 80, 0.75)",1.6439601439678957,48.706618384837306,-0.3203352506869474,43.10616710692241,-11.242482009675712,False,True,False,True,True,0.0,0.0,0.0,0.0,0.0,0,,,False,False,False,False,,,False,False,False,False,871211.0,611517.5997068733,False,False,False,False,83704.06321257156,False,False,False,False
2025-04-18 15:00:00+00:00,48.18,48.18,48.18,48.18,0.0,,,,,,,,,,,,,,,,,,,,,,,,,,,,,"rgba(239, 83, 80, 0.75)",1.622725554499347,48.706618384837306,-0.3245270793802107,43.0826067700105,-10.932448094733516,False,True,False,True,True,0.0,0.0,0.0,0.0,0.0,0,,,False,False,False,False,,,False,False,False,False,871211.0,615543.8539749838,False,False,False,False,82406.32579842316,False,False,False,False
2025-04-18 16:00:00+00:00,48.18,48.18,48.18,48.18,0.0,,,,,,,,,,,,,,,,,,,,,,,,,,,,,"rgba(239, 83, 80, 0.75)",1.589850077922524,48.706618384837306,-0.3312377639566144,43.06689987873589,-10.575623159359203,False,True,False,True,True,0.0,0.0,0.0,0.0,0.0,0,,,False,False,False,False,,,False,False,False,False,871211.0,619507.6856963019,False,False,False,False,81128.70834418404,False,False,False,False
2025-04-18 17:00:00+00:00,48.18,48.18,48.18,48.18,0.0,,,,,,,,,,,,,,,,,,,,,,,,,,,,,"rgba(239, 83, 80, 0.75)",1.5532060043316454,48.706618384837306,-0.3390525038975196,43.05642861788615,-10.203020255714804,False,True,False,True,True,0.0,0.0,0.0,0.0,0.0,0,,,False,False,False,False,,,False,False,False,False,871211.0,623410.0626622507,False,False,False,False,79870.89891249126,False,False,False,False
2025-04-18 18:00:00+00:00,48.18,48.18,48.18,48.18,0.0,,,,,,,,,,,,,,,,,,,,,,,,,,,,,"rgba(239, 83, 80, 0.75)",1.5119815022225116,48.706618384837306,-0.34829684362091223,43.049447777319656,-9.835153760117656,False,True,False,True,True,0.0,0.0,0.0,0.0,0.0,0,,,False,False,False,False,,,False,False,False,False,871211.0,627251.9376597352,False,False,False,False,78632.59040222008,False,False,False,False
2025-04-18 19:00:00+00:00,48.18,48.18,48.18,48.18,0.0,,,,,,,,,,,,,,,,,,,,,,,,,,,,,"rgba(239, 83, 80, 0.75)",1.460536332440366,48.706618384837306,-0.36056506992701465,43.04479388360866,-9.484986686557534,False,True,False,True,True,0.0,0.0,0.0,0.0,0.0,0,,,False,False,False,False,,,False,False,False,False,871211.0,631034.2487037703,False,False,False,False,77413.48047350348,False,False,False,False
2025-04-21 14:00:00+00:00,46.74,46.74,45.82,45.82,89808.0,,,,,,,,,,,,,,,,,,,,,,,,,,,,,"rgba(239, 83, 80, 1.0)",1.4446708531267063,48.54680532471518,-1.8874924477181396,32.83175723656272,-13.945435170426656,False,True,False,True,False,0.0,0.0,0.0,0.0,0.0,0,,,False,False,False,False,,,False,False,False,False,781403.0,633365.5471734793,False,False,False,False,77605.64356693754,False,False,False,False
2025-04-21 15:00:00+00:00,45.825,45.86,45.215,45.405,57429.0,,,,,,,,,,,,,,,,,,,,,,,,,,,,,"rgba(239, 83, 80, 1.0)",1.4424656943162446,47.94809616217361,-1.7630202036652847,25.51268382561049,-20.217976249383657,False,True,False,True,False,0.0,0.0,0.0,0.0,0.0,0,,,False,False,False,False,,,False,False,False,False,723974.0,634770.329387844,True,False,False,False,77292.82738760517,False,False,False,False
2025-04-21 16:00:00+00:00,45.405,45.825,45.4,45.665,74022.0,,,,,,,,,,,,,,,,,,,,,,,,,,,,,"rgba(239, 83, 80, 1.0)",1.417352537732295,47.86756600008086,-1.5540001103782393,23.01084552965159,-21.970623620269954,False,True,False,True,False,0.0,0.0,0.0,0.0,0.0,0,,,False,False,False,False,,,False,False,False,False,797996.0,637300.9599399704,False,False,False,False,77242.11688547175,False,False,False,False
2025-04-21 17:00:00+00:00,45.665,45.895,45.515,45.845,101716.0,,,,,,,,,,,,,,,,,,,,,,,,,,,,,"rgba(239, 83, 80, 1.0)",1.4388558924642998,47.778548293500506,-1.343809552872566,22.94654844854588,-21.970623620269954,False,True,False,True,False,0.0,0.0,0.0,0.0,0.0,0,,,False,False,False,False,,,False,False,False,False,899712.0,641369.3481579553,False,False,False,False,77621.55693375901,False,False,False,False
2025-04-21 18:00:00+00:00,45.845,46.1,45.735,45.855,73221.0,,,,,,,,,,,,,,,,,,,,,,,,,,,,,"rgba(239, 83, 80, 1.0)",1.4471572786636366,47.729218646469775,-1.295103631168899,22.997683211231163,-21.970623620269954,False,True,False,True,False,0.0,0.0,0.0,0.0,0.0,0,,,False,False,False,False,,,False,False,False,False,972933.0,646509.8698919405,False,False,False,False,77553.33124486353,False,False,False,False
2025-04-21 19:00:00+00:00,45.855,46.59,45.855,46.53,118917.0,,,,,,,,,,,,,,,,,,,,,,,,,,,,,"rgba(239, 83, 80, 0.75)",1.4326434082265849,47.69378507956253,-0.8123340901719118,28.599112967332726,-27.013342890992863,False,True,False,True,True,0.0,0.0,0.0,0.0,0.0,0,,,False,False,False,False,,,False,False,False,False,1091850.0,653414.3680331507,False,False,False,False,78194.62843486565,False,False,False,False
2025-04-22 14:00:00+00:00,46.64,46.87,46.48,46.845,87717.0,,,,,,,,,,,,,,,,,,,,,,,,,,,,,"rgba(239, 83, 80, 0.75)",1.4182845970390237,47.68902896870085,-0.5951055031288838,34.387244136254935,-21.79282561271657,False,True,False,True,True,0.0,0.0,0.0,0.0,0.0,0,,,False,False,False,False,,,False,False,False,False,1179567.0,661571.7731799235,False,False,False,False,78342.26210254214,False,False,False,False
2025-04-22 15:00:00+00:00,46.845,46.995,46.54,46.7,74898.0,,,,,,,,,,,,,,,,,,,,,,,,,,,,,"rgba(239, 83, 80, 0.75)",1.4067985922935893,47.681291901271585,-0.6975354586271817,37.47477868584089,-19.13011461814374,False,True,False,True,True,0.0,0.0,0.0,0.0,0.0,0,,,False,False,False,False,,,False,False,False,False,1104669.0,668441.4976267464,False,False,False,False,78288.86269009963,False,False,False,False
2025-04-22 16:00:00+00:00,46.695,47.43,46.69,47.095,53989.0,,,,,,,,,,,,,,,,,,,,,,,,,,,,,"rgba(239, 83, 80, 0.5)",1.393420178120274,47.68496442505461,-0.4233930542404469,42.043495131499725,-15.025961160099797,False,False,False,True,True,0.0,0.0,0.0,0.0,0.0,0,,,False,False,False,False,,,False,False,False,False,1158658.0,676041.7534774945,False,False,False,False,77912.12063288878,False,False,False,False
2025-04-22 17:00:00+00:00,47.095,47.14,46.255,46.425,53518.0,,,,,,,,,,,,,,,,,,,,,,,,,,,,,"rgba(239, 83, 80, 0.5)",1.4060218783939546,47.67232244383225,-0.8871287588049641,41.62253654415213,-15.025961160099797,False,False,False,True,True,0.0,0.0,0.0,0.0,0.0,0,,,False,False,False,False,,,False,False,False,False,1105140.0,682694.4394700914,False,False,False,False,77533.91721222384,False,False,False,False
2025-04-22 18:00:00+00:00,46.42,47.06,46.405,46.93,78100.0,,,,,,,,,,,,,,,,,,,,,,,,,,,,,"rgba(239, 83, 80, 0.5)",1.4115666812075995,47.66185208543911,-0.5184679513779729,44.24329873138338,-12.896076197906183,True,False,False,True,True,0.0,0.0,0.0,0.0,0.0,0,,,False,False,False,False,,,False,False,False,False,1183240.0,690454.8357573767,False,False,False,False,77542.6936895537,False,False,False,False
2025-04-22 19:00:00+00:00,46.925,47.165,46.84,47.12,91830.0,,,,,,,,,,,,,,,,,,,,,,,,,,,,,#000000,1.4143504955718247,47.659700605791166,-0.38158901027779973,46.97668264302003,-10.158955340130895,True,False,False,False,True,0.0,0.0,0.0,0.0,0.0,0,,,False,False,False,False,,,False,False,False,False,1275070.0,699518.6367533864,False,False,False,False,77764.20231452186,False,False,False,False
2025-04-23 14:00:00+00:00,49.465,49.62,48.975,49.05,98557.0,,,,,,,,,,,,,,,,,,,,,,,,,,,,,"rgba(38, 166, 154, 1.0)",1.418545114983371,47.96388180923644,0.7656564315730551,55.154849302811044,-2.510788181464207,True,False,True,False,True,2.8818140501187948,0.0,0.0,0.0,0.0,0,,,False,False,False,False,,,False,False,False,False,1373627.0,709969.9292068222,False,False,False,False,78086.57127088586,False,False,False,False
2025-04-23 15:00:00+00:00,49.05,49.185,48.61,48.675,101905.0,,,,,,,,,,,,,,,,,,,,,,,,,,,,,"rgba(38, 166, 154, 1.0)",1.414597440588262,47.99274139729366,0.4822987679255349,58.686162437074294,0.6348194580241611,True,False,True,False,True,1.256735127202088,0.0,0.0,0.0,0.0,0,,,False,False,False,False,,,False,False,False,False,1271722.0,718679.2636377242,False,False,False,False,78455.84923567832,False,False,False,False
2025-04-23 16:00:00+00:00,48.68,48.82,48.3,48.67,63306.0,,,,,,,,,,,,,,,,,,,,,,,,,,,,,"rgba(38, 166, 154, 1.0)",1.4132057608580804,48.004595974285,0.4708472355157779,61.01391288165745,2.804997060655076,True,False,True,False,True,1.2350926986467279,0.0,0.0,0.0,0.0,0,,,False,False,False,False,,,False,False,False,False,1208416.0,726272.081255744,False,False,False,False,78220.96785217943,False,False,False,False
2025-04-23 17:00:00+00:00,48.67,48.97,48.49,48.81,63267.0,,,,,,,,,,,,,,,,,,,,,,,,,,,,,"rgba(38, 166, 154, 1.0)",1.4066453224118036,48.02765774705029,0.5561759176139183,62.984980974622246,4.806468358314056,True,False,True,False,True,1.8284306265993884,0.0,0.0,0.0,0.0,0,,,False,False,False,False,,,False,False,False,False,1271683.0,734728.064492089,False,False,False,False,77989.12338935494,False,False,False,False
2025-04-23 18:00:00+00:00,48.815,48.93,48.515,48.565,102817.0,,,,,,,,,,,,,,,,,,,,,,,,,,,,,"rgba(38, 166, 154, 1.0)",1.377704622561372,48.057368652081884,0.36846167139538694,62.79822607796703,4.947636527649927,True,False,True,False,True,0.7405216145930105,0.0,0.0,0.0,0.0,0,,,False,False,False,False,,,False,False,False,False,1168866.0,741458.8851976381,False,False,False,False,78374.05170889982,False,False,False,False
2025-04-23 19:00:00+00:00,48.565,48.865,48.215,48.725,163199.0,,,,,,,,,,,,,,,,,,,,,,,,,,,,,"rgba(38, 166, 154, 1.0)",1.3401838417656278,48.09484814092263,0.47019807241309347,63.26362225666659,5.890387432726506,True,False,True,False,True,1.434700567586539,0.0,0.0,0.0,0.0,0,,,False,False,False,False,,,False,False,False,False,1332065.0,750615.5691480623,False,False,False,False,79689.16718628122,False,False,False,False
2025-04-24 14:00:00+00:00,49.38,49.55,48.4,48.89,297175.0,,,,,,,,,,,,,,,,,,,,,,,,,,,,,"rgba(38, 166, 154, 1.0)",1.3319608082051602,48.19700956341525,0.5202783988205831,64.1922424023206,7.326581981654016,True,False,True,False,True,2.151304542152751,0.0,0.0,0.0,0.0,0,,,False,False,False,False,,,False,False,False,False,1629240.0,764237.6533473171,False,False,False,False,83061.0405632381,False,False,False,False
2025-04-24 15:00:00+00:00,48.87,49.615,48.77,49.11,146027.0,,,,,,,,,,,,,,,,,,,,,,,,,,,,,"rgba(38, 166, 154, 1.0)",1.3155224529913105,48.24943672245753,0.6541608435383751,65.62738208930533,9.21768173486197,True,False,True,False,True,3.104150478608922,0.0,0.0,0.0,0.0,0,,,False,False,False,False,,,False,False,False,False,1775267.0,779912.5269388317,False,False,False,False,84037.25698861424,False,False,False,False
2025-04-24 16:00:00+00:00,49.11,49.32,48.965,49.14,109783.0,,,,,,,,,,,,,,,,,,,,,,,,,,,,,"rgba(38, 166, 154, 1.0)",1.305062485128602,48.28341532186896,0.6563552993760556,66.69903431307186,10.730371192812449,True,False,True,False,True,3.234763815193972,0.0,0.0,0.0,0.0,0,,,False,False,False,False,,,False,False,False,False,1885050.0,797046.4412498575,False,False,False,False,84436.41579499232,False,False,False,False
2025-04-24 17:00:00+00:00,49.14,49.335,48.945,49.175,118353.0,,,,,,,,,,,,,,,,,,,,,,,,,,,,,"rgba(38, 166, 154, 1.0)",1.3072808000158356,48.317059391077024,0.6562787496860514,67.56050404201049,12.026704303545316,True,False,True,False,True,3.38963844616017,0.0,0.0,0.0,0.0,0,,,False,False,False,False,,,False,False,False,False,2003403.0,815749.6437111,False,False,False,False,84962.25430979863,False,False,False,False
2025-04-24 18:00:00+00:00,49.17,49.57,49.17,49.35,115028.0,,,,,,,,,,,,,,,,,,,,,,,,,,,,,"rgba(38, 166, 154, 1.0)",1.3066224149061159,48.354901713243535,0.7615806030910365,68.89003819004691,13.72294959066501,True,False,True,False,True,4.16952289752448,0.0,0.0,0.0,0.0,0,,,False,False,False,False,,,False,False,False,False,2118431.0,835946.2538861216,False,False,False,False,85428.38990189477,False,False,False,False
2025-04-24 19:00:00+00:00,49.35,49.56,49.13,49.535,335698.0,,,,,,,,,,,,,,,,,,,,,,,,,,,,,"rgba(38, 166, 154, 1.0)",1.2941155907267785,48.452915869869955,0.8361572473772152,70.54122565520484,15.650396982295717,True,False,True,False,True,4.991973521685168,0.0,0.0,0.0,0.0,0,,,False,False,False,False,,,False,False,False,False,2454129.0,861034.3584770344,False,False,False,False,89308.53889566385,False,False,False,False
2025-04-25 14:00:00+00:00,49.77,50.355,49.77,50.145,72545.0,,,,,,,,,,,,,,,,,,,,,,,,,,,,,"rgba(38, 166, 154, 1.0)",1.2919809777418574,48.48523381244506,1.284667666280897,73.64970499594594,18.820467888821653,True,False,True,False,True,7.624213880939713,0.0,0.0,0.0,0.0,0,,,False,False,False,False,,,False,False,False,False,2526674.0,886858.2288882432,False,False,False,False,89048.6390678241,False,False,False,False
2025-04-25 15:00:00+00:00,50.145,51.38,50.12,51.27,162592.0,,,,,,,,,,,,,,,,,,,,,,,,,,,,,"rgba(38, 166, 154, 1.0)",1.309848890947761,48.58844920450061,2.0472214879375237,77.89174445650852,22.870891489715248,True,False,True,False,True,12.076539503885957,0.0,0.0,0.0,0.0,0,,,False,False,False,False,,,False,False,False,False,2689266.0,914802.5354171076,False,False,False,False,90188.84621405938,False,False,False,False
2025-04-25 16:00:00+00:00,51.27,51.685,51.245,51.595,178683.0,,,,,,,,,,,,,,,,,,,,,,,,,,,,,"rgba(38, 166, 154, 1.0)",1.3245701325471604,48.71677313651777,2.172951656359161,81.15157852889718,25.882942123348613,True,False,True,False,True,13.278864140878785,0.0,0.0,0.0,0.0,0,,,False,False,False,False,,,False,False,False,False,2867949.0,945083.8759532764,False,False,False,False,91560.84859833751,False,False,False,False
2025-04-25 17:00:00+00:00,51.59,51.76,51.255,51.43,113220.0,,,,,,,,,,,,,,,,,,,,,,,,,,,,,"rgba(38, 166, 154, 1.0)",1.34320788205489,48.79065217196959,1.964958561732556,81.8194999106809,26.536235422372528,True,False,True,False,True,12.413572467133626,0.0,0.0,0.0,0.0,0,,,False,False,False,False,,,False,False,False,False,2754729.0,973140.3895043883,False,False,False,False,91896.6493952625,False,False,False,False
2025-04-25 18:00:00+00:00,51.425,52.005,51.36,51.815,172202.0,,,,,,,,,,,,,,,,,,,,,,,,,,,,,"rgba(38, 166, 154, 1.0)",1.3749366013229956,48.904335263756685,2.116944689262475,82.93355669359553,27.740855133561737,True,False,True,False,True,13.840880538750458,0.0,0.0,0.0,0.0,0,,,False,False,False,False,,,False,False,False,False,2926931.0,1003431.7167988939,False,False,False,False,93141.69359068478,False,False,False,False
2025-04-25 19:00:00+00:00,51.83,52.02,51.59,51.935,371461.0,,,,,,,,,,,,,,,,,,,,,,,,,,,,,"rgba(38, 166, 154, 1.0)",1.4164252300889053,49.12758663020612,1.9820413461695192,83.87455390119649,28.853420956899697,True,False,True,False,True,14.281287881782003,0.0,0.0,0.0,0.0,0,,,False,False,False,False,,,False,False,False,False,3298392.0,1039012.4963834072,False,False,False,False,97456.72159703076,False,False,False,False
2025-04-28 14:00:00+00:00,52.105,52.515,52.01,52.175,145493.0,,,,,,,,,,,,,,,,,,,,,,,,,,,,,"rgba(38, 166, 154, 1.0)",1.455739185629264,49.593428178895984,1.773375235473992,84.89472175203862,30.082221254501164,True,False,True,False,True,15.160682650599913,0.0,0.0,0.0,0.0,0,,,False,False,False,False,,,False,False,False,False,3443885.0,1076297.3414007188,False,False,False,False,98201.47009940237,False,False,False,False
2025-04-28 15:00:00+00:00,52.17,52.265,51.19,51.435,105399.0,,,,,,,,,,,,,,,,,,,,,,,,,,,,,"rgba(38, 166, 154, 0.75)",1.4785007380560924,49.60385491712968,1.238514825009746,79.1125816945357,34.17727141199599,True,False,True,False,False,11.231331679876288,0.0,0.0,0.0,0.0,0,,,False,False,False,False,0.28496539983220787,0.28496539983220787,False,False,False,False,3338486.0,1111370.033782103,False,False,False,False,98313.05971026435,False,False,False,False
2025-04-28 16:00:00+00:00,51.42,51.455,50.98,51.19,76417.0,,,,,,,,,,,,,,,,,,,,,,,,,,,,,"rgba(38, 166, 154, 0.75)",1.4838395896888266,49.60519570275097,1.0680428721957578,73.53104030372641,29.112697672319825,True,False,True,False,False,9.98012434486856,0.0,0.0,0.0,0.0,0,1.0019987785242352,0.9536949641885517,False,False,False,False,0.23149065171775193,0.2582280257749799,False,False,False,False,3262069.0,1144714.2038009851,False,False,False,False,97973.58591630675,False,False,False,False
2025-04-28 17:00:00+00:00,51.185,51.23,50.84,50.96,72021.0,,,,,,,,,,,,,,,,,,,,,,,,,,,,,"rgba(38, 166, 154, 0.75)",1.5031413592692886,49.60679634822665,0.9002504278314662,68.25234431086632,24.469464280727195,True,False,True,False,False,8.81513404688284,0.0,0.0,0.0,0.0,0,1.0007242339832867,0.9568802228412259,False,False,False,False,0.2126813775817443,0.23545470167836208,False,False,False,False,3190048.0,1176424.8052924427,False,False,False,False,97571.22024318571,False,False,False,False
2025-04-28 18:00:00+00:00,50.96,51.115,50.755,51.045,78653.0,,,,,,,,,,,,,,,,,,,,,,,,,,,,,"rgba(38, 166, 154, 0.75)",1.5244066575745587,49.6127590161639,0.9395399690230306,65.15923055024469,21.843673162184473,True,False,True,False,False,9.155533804001212,0.0,0.0,0.0,0.0,0,0.9957674314992202,0.9581198485186011,False,False,False,False,0.20243826328689044,0.21894648248262627,False,False,False,False,3268701.0,1208863.1959080638,False,False,False,False,97277.91450298128,False,False,False,False
2025-04-28 19:00:00+00:00,51.06,51.085,50.72,50.885,150318.0,,,,,,,,,,,,,,,,,,,,,,,,,,,,,"rgba(38, 166, 154, 0.75)",1.5412722105543226,49.62826315605406,0.8153892838267346,61.91517481602552,18.955731787840136,True,False,True,False,False,8.33230806640745,0.0,0.0,0.0,0.0,0,0.9976068566340159,0.9559772929652721,False,False,False,False,0.19911835393486663,0.20903241820874646,False,False,False,False,3118383.0,1238468.1541110394,False,False,False,False,98100.2414099118,False,False,False,False
2025-04-29 14:00:00+00:00,50.29,50.68,49.865,50.46,104779.0,,,,,,,,,,,,,,,,,,,,,,,,,,,,,"rgba(38, 166, 154, 0.5)",1.5475881322325422,49.62334937938593,0.5406158157901645,56.938393882103576,14.422919858757695,False,False,True,False,False,6.179885353687244,0.0,0.0,0.0,0.0,0,0.9858743033714065,0.9588368371682394,False,False,False,False,0.13552251220397615,0.1722774652063613,False,False,False,False,3013604.0,1265989.6400938139,False,False,False,False,98203.78805471936,False,False,False,False
2025-04-29 15:00:00+00:00,50.455,50.48,50.125,50.365,90982.0,,,,,,,,,,,,,,,,,,,,,,,,,,,,,#000000,1.5508548935670556,49.62224348569119,0.47893359810112607,53.04279615945909,10.901641032408762,False,False,False,False,False,5.704418694443287,0.0,0.0,0.0,0.0,0,0.9934662236987817,0.9608527131782948,False,False,False,False,0.13852237753317345,0.15539992136976738,False,False,False,False,2922622.0,1291673.8627280183,False,False,False,False,98091.82234844465,False,False,False,False
2025-04-29 16:00:00+00:00,50.37,50.565,50.295,50.39,86112.0,,,,,,,,,,,,,,,,,,,,,,,,,,,,,#000000,1.5524793364454397,49.62552656331451,0.49242100602500266,50.642882774303025,8.666929284479487,False,False,False,False,False,5.813232751101619,0.0,0.0,0.0,0.0,0,1.0006121313299943,0.9569838619922094,False,False,False,False,0.1513001601625925,0.15335004076617995,False,False,False,False,3008734.0,1318294.950127584,False,False,False,False,97906.08866862381,False,False,False,False
2025-04-29 17:00:00+00:00,50.39,50.85,50.315,50.83,41565.0,,,,,,,,,,,,,,,,,,,,,,,,,,,,,#000000,1.564976291447502,49.6304518293304,0.7664960659308753,52.22394883593873,8.666929284479487,False,False,False,False,False,7.7108605141402755,0.0,0.0,0.0,0.0,0,1.0004442223332777,0.952079515797657,False,False,False,False,0.16664842555308976,0.15999923315963485,False,False,False,False,3050299.0,1345147.726094598,False,False,False,False,97032.58341794746,False,False,False,False
2025-04-29 18:00:00+00:00,50.83,51.015,50.795,50.82,43696.0,,,,,,,,,,,,,,,,,,,,,,,,,,,,,"rgba(38, 166, 154, 0.5)",1.579531946866272,49.63826222727049,0.7481569303324523,53.19518743713917,8.666929284479487,False,False,True,False,False,7.658283536493197,0.0,0.0,0.0,0.0,0,1.005891834806292,0.9497526541048306,False,False,False,False,0.19937357693309482,0.17968640504636485,False,False,False,False,3006603.0,1370906.7225892553,False,False,False,False,96205.65964402579,False,False,False,False
2025-04-29 19:00:00+00:00,50.815,50.905,50.535,50.655,98939.0,,,,,,,,,,,,,,,,,,,,,,,,,,,,,"rgba(38, 166, 154, 0.5)",1.5901276933256232,49.65114770451615,0.6313029448499051,52.430103484736385,8.666929284479487,False,False,True,False,False,6.782989582062893,0.0,0.0,0.0,0.0,0,1.001667129758266,0.9527646568491249,False,False,False,False,0.18055384149537299,0.1801201232708689,False,False,False,False,2907664.0,1394732.4168126776,False,False,False,False,96248.03701388584,False,False,False,False
2025-04-30 14:00:00+00:00,49.37,50.255,49.36,50.215,72307.0,,,,,,,,,,,,,,,,,,,,,,,,,,,,,"rgba(239, 83, 80, 1.0)",1.5929544396644975,49.67982721106378,0.33596239516362975,48.7410139397528,5.875118568457864,False,True,False,True,False,4.492458796180152,0.0,0.0,0.0,0.0,0,0.9883034482758617,0.9612689655172416,False,False,False,False,0.08929980852294167,0.1347099658969053,False,False,False,False,2835357.0,1417067.6816682948,False,False,False,False,95876.8581454535,False,False,False,False
2025-04-30 15:00:00+00:00,50.21,50.35,50.19,50.265,47972.0,,,,,,,,,,,,,,,,,,,,,,,,,,,,,"rgba(239, 83, 80, 1.0)",1.5977264026289495,49.69557868528263,0.35639475806397786,46.73885695889788,3.6741073088460467,False,True,False,True,False,4.720698837681262,0.0,0.0,0.0,0.0,0,0.9930901050304034,0.961083471531233,False,False,False,False,0.1352726335557111,0.1349912997263082,False,False,False,False,2883329.0,1439800.4152858404,False,False,False,False,95134.14716645422,False,False,False,False
2025-04-30 16:00:00+00:00,50.26,50.32,49.91,50.185,36397.0,,,,,,,,,,,,,,,,,,,,,,,,,,,,,"rgba(239, 83, 80, 1.0)",1.6015947232860268,49.69738001955621,0.3044590328340545,44.82850460783038,1.550113440482967,False,True,False,True,False,4.301584959307693,0.0,0.0,0.0,0.0,0,0.9870324189526183,0.9680798004987533,False,False,False,False,0.11981164820856122,0.1274014739674347,False,False,False,False,2846932.0,1461616.4088473003,False,False,False,False,94223.49372201305,False,False,False,False
2025-04-30 17:00:00+00:00,50.185,50.27,49.95,50.15,30434.0,,,,,,,,,,,,,,,,,,,,,,,,,,,,,"rgba(239, 83, 80, 1.0)",1.607331154877995,49.698102661677794,0.28114762595795395,43.288390350495675,-0.2415843154935473,False,True,False,True,False,4.115900011631748,0.0,0.0,0.0,0.0,0,0.9827940278625741,0.9718044069489928,False,False,False,False,0.11931389362410008,0.12335768379576739,False,False,False,False,2816498.0,1482622.3249892027,False,False,False,False,93234.50932322214,False,False,False,False
2025-04-30 18:00:00+00:00,50.155,50.37,50.02,50.035,58155.0,,,,,,,,,,,,,,,,,,,,,,,,,,,,,"rgba(239, 83, 80, 1.0)",1.6117330217295052,49.69995513948984,0.20787863498052045,41.36054240984298,-2.3964619145721713,False,True,False,True,False,3.499636860607133,0.0,0.0,0.0,0.0,0,0.9811100616700924,0.9728873826323686,False,False,False,False,0.1277839336790843,0.12557080873742585,False,False,False,False,2758343.0,1502400.9401056492,False,False,False,False,92690.6409616218,False,False,False,False
2025-04-30 19:00:00+00:00,50.035,50.555,49.885,50.53,120134.0,,,,,,,,,,,,,,,,,,,,,,,,,,,,,"rgba(239, 83, 80, 0.75)",1.6214604472456216,49.71415593894594,0.5031538465461394,45.19171972444241,-2.3964619145721713,False,True,False,True,True,5.864914965139903,0.0,0.0,0.0,0.0,1,0.9781934912552578,0.971164489705557,False,False,False,False,0.1302785426690884,0.1279246757032571,False,False,False,False,2878477.0,1523735.4526621508,False,False,False,False,93116.11939632533,False,False,False,False
2025-05-01 14:00:00+00:00,50.73,50.995,50.525,50.83,49645.0,,,,,,,,,,,,,,,,,,,,,,,,,,,,,#000000,1.6349667407146953,49.72934663226197,0.6731961821173781,50.00002527439767,-6.455039406029655,False,True,False,False,True,7.250927938212971,0.0,0.0,0.0,0.0,1,0.9849362688296637,0.9653479004579819,False,False,False,False,0.18461182513044241,0.15626825041684977,False,False,False,False,2928122.0,1545508.8875045981,False,False,False,False,92442.14855297146,False,False,False,False
2025-05-01 15:00:00+00:00,50.83,50.955,50.23,50.32,39697.0,,,,,,,,,,,,,,,,,,,,,,,,,,,,,#000000,1.6412107346942582,49.73527149006642,0.35627875054236274,48.9276303666085,-6.455039406029655,False,True,False,False,True,4.486624621739839,0.0,0.0,0.0,0.0,1,0.9801816680429396,0.970933113129645,False,False,False,False,0.16765751537182766,0.16196288289433872,False,False,False,False,2888425.0,1566329.2923494882,False,False,False,False,91624.39431184011,False,False,False,False
2025-05-01 16:00:00+00:00,50.32,50.395,50.115,50.265,36303.0,,,,,,,,,,,,,,,,,,,,,,,,,,,,,"rgba(239, 83, 80, 0.75)",1.6465748643119071,49.73666151314526,0.3208712208026643,47.8157823285166,-6.455039406029655,False,True,False,True,True,4.193736230225859,0.0,0.0,0.0,0.0,1,0.9787410270568747,0.9775814467145226,False,False,False,False,0.13377371308978409,0.14786829799206141,False,False,False,False,2852122.0,1586264.0630107364,False,False,False,False,90766.69827599762,False,False,False,False
2025-05-01 17:00:00+00:00,50.265,50.625,50.25,50.465,32189.0,,,,,,,,,,,,,,,,,,,,,,,,,,,,,#000000,1.6543617968736304,49.740357997019615,0.4380190623053543,48.78487252271589,-6.455039406029655,False,True,False,False,True,5.148780117665574,0.0,0.0,0.0,0.0,1,0.9753501709495973,0.9766736517039817,False,False,False,False,0.15205328357847003,0.14996079078526572,False,False,False,False,2884311.0,1606388.8217237482,False,False,False,False,89858.5169073775,False,False,False,False
2025-05-01 18:00:00+00:00,50.465,50.54,50.385,50.45,37273.0,,,,,,,,,,,,,,,,,,,,,,,,,,,,,#000000,1.66196524827882,49.74463025844393,0.42441906789963135,49.29745977639982,-6.39470683366973,False,True,False,False,True,5.066131482942879,0.0,0.0,0.0,0.0,1,0.9758483475185141,0.9796064993920638,False,False,False,False,0.15456493661194856,0.15226286369860714,False,False,False,False,2847038.0,1625623.6927047754,False,False,False,False,89043.23757548018,False,False,False,False
2025-05-01 19:00:00+00:00,50.46,50.53,50.255,50.315,85857.0,,,,,,,,,,,,,,,,,,,,,,,,,,,,,#000000,1.6680393680406131,49.75109949947292,0.3380618655238755,48.397672781120434,-6.39470683366973,False,True,False,False,True,4.315009313413771,0.0,0.0,0.0,0.0,1,0.9734567217111825,0.9823229524548378,False,False,False,False,0.14753707933269833,0.14989997151565274,False,False,False,False,2761181.0,1643229.2323527632,False,False,False,False,88993.83854330219,False,False,False,False
2025-05-02 14:00:00+00:00,51.17,51.49,51.07,51.25,86400.0,,,,,,,,,,,,,,,,,,,,,,,,,,,,,"rgba(38, 166, 154, 0.5)",1.6862002648954038,49.78293239944039,0.870043512091734,54.308541628071424,-1.1665093258589536,False,True,True,False,True,8.710033802395056,0.0,0.0,0.0,0.0,0,0.9767135325131806,0.9714960456942003,False,False,False,False,0.23796871430793048,0.19393434291179162,False,False,False,False,2847581.0,1661901.3527814026,False,False,False,False,88953.62399224324,False,False,False,False
2025-05-02 15:00:00+00:00,51.25,51.535,51.08,51.48,73178.0,,,,,,,,,,,,,,,,,,,,,,,,,,,,,"rgba(38, 166, 154, 0.5)",1.7078534812780375,49.80939856835651,0.978187795356619,59.286838875913666,3.4397079047127477,False,False,True,False,True,9.728733744970356,0.0,0.0,0.0,0.0,0,0.9762257727996482,0.972327458408829,False,False,False,False,0.24082525374029198,0.21737979832604182,False,False,False,False,2920759.0,1681418.525606497,False,False,False,False,88709.04067453404,False,False,False,False
2025-05-02 16:00:00+00:00,51.49,51.79,51.455,51.75,30026.0,,,,,,,,,,,,,,,,,,,,,,,,,,,,,"rgba(38, 166, 154, 0.5)",1.7331935763130943,50.00662620410523,1.0058736771938253,63.71548642776956,7.42124472917795,False,False,True,False,True,10.908534150471318,0.0,0.0,0.0,0.0,0,0.9902814448626479,0.9680916802426832,False,False,False,False,0.2738348851077371,0.24560734171688947,False,False,False,False,2950785.0,1701098.6259846909,False,False,False,False,87799.22609043274,False,False,False,False
2025-05-02 17:00:00+00:00,51.755,51.755,51.335,51.405,42539.0,,,,,,,,,,,,,,,,,,,,,,,,,,,,,"rgba(38, 166, 154, 0.5)",1.7515389449497487,50.010849502591626,0.7959574643933329,63.410514678668605,7.42124472917795,False,False,True,False,True,8.930492064911078,0.0,0.0,0.0,0.0,0,0.9887710190723392,0.9713350637625553,False,False,False,False,0.2656619060842262,0.2556346239005578,False,False,False,False,2908246.0,1719814.0891477189,False,False,False,False,87097.51715879812,False,False,False,False
2025-05-02 18:00:00+00:00,51.405,51.505,51.27,51.415,30094.0,,,,,,,,,,,,,,,,,,,,,,,,,,,,,"rgba(38, 166, 154, 0.5)",1.7683755894111493,50.01459086921205,0.7919183793157147,63.26140834569027,7.42124472917795,False,False,True,False,True,8.975455497822661,0.0,0.0,0.0,0.0,0,0.9803721929973411,0.9776005430171391,False,False,False,False,0.24915733930730008,0.25239598160392895,False,False,False,False,2938340.0,1738705.963734576,False,False,False,False,86213.74169897179,False,False,False,False
2025-05-02 19:00:00+00:00,51.41,51.6,51.345,51.54,68463.0,,,,,,,,,,,,,,,,,,,,,,,,,,,,,"rgba(38, 166, 154, 0.5)",1.7857923696184261,50.03440002089796,0.8430991221133628,63.877017102501966,8.027392176412945,False,False,True,False,True,9.543646217685275,0.0,0.0,0.0,0.0,0,0.9802788167290035,0.9770486229173753,False,False,False,False,0.25804750457784176,0.25522174309088536,False,False,False,False,3006803.0,1758366.3829014818,False,False,False,False,85938.53640131331,False,False,False,False
2025-05-05 14:00:00+00:00,50.345,50.785,50.075,50.72,59597.0,,,,,,,,,,,,,,,,,,,,,,,,,,,,,"rgba(38, 166, 154, 0.5)",1.7853183151714136,50.012114742231844,0.39650366646252005,57.78882055509865,13.813879733219729,False,False,True,False,False,4.938709974429244,0.0,0.0,0.0,0.0,0,0.9736429770565191,0.9739227756015669,False,False,False,False,0.1513001601625925,0.20326095162673893,False,False,False,False,2947206.0,1776798.0048720015,False,False,False,False,85530.14048811464,False,False,False,False
2025-05-05 15:00:00+00:00,50.715,50.805,50.385,50.515,42321.0,,,,,,,,,,,,,,,,,,,,,,,,,,,,,#000000,1.782396718764673,50.00411644712815,0.2866272965459291,52.54903970901969,8.969352525924329,False,True,False,False,False,3.8431888368230283,0.0,0.0,0.0,0.0,0,0.9793103448275857,0.9742080179422484,False,False,False,False,0.1679098406127553,0.18558539611974711,False,False,False,False,2904885.0,1794287.7257266992,False,False,False,False,84860.23133326016,False,False,False,False
2025-05-05 16:00:00+00:00,50.515,50.69,50.48,50.485,42311.0,,,,,,,,,,,,,,,,,,,,,,,,,,,,,"rgba(239, 83, 80, 1.0)",1.7809062173385117,49.998597801386225,0.2731206134709786,48.87878898864696,5.662276693734171,False,True,False,True,False,3.6821683024506875,0.0,0.0,0.0,0.0,0,0.998050235118706,0.9698359903658677,False,False,False,False,0.1669006664055485,0.1762430312626478,False,False,False,False,2862574.0,1810850.3036224092,False,False,False,False,84200.55332809333,False,False,False,False
2025-05-05 17:00:00+00:00,50.475,50.495,50.29,50.385,43655.0,,,,,,,,,,,,,,,,,,,,,,,,,,,,,"rgba(239, 83, 80, 1.0)",1.7731300313592686,49.99132777115561,0.2220210711464862,45.80599000850205,2.85785003183711,False,True,False,True,False,3.1393685395111106,0.0,0.0,0.0,0.0,0,0.9972123816714092,0.9688135199488936,False,False,False,False,0.14753707933269833,0.16189005529767306,False,False,False,False,2818919.0,1826479.275659271,False,False,False,False,83571.9400982004,False,False,False,False
2025-05-05 18:00:00+00:00,50.385,50.46,50.29,50.325,44381.0,,,,,,,,,,,,,,,,,,,,,,,,,,,,,"rgba(239, 83, 80, 1.0)",1.7667465977158567,49.98518189368981,0.19234116921437683,43.3659790995741,0.5515240965471762,False,True,False,True,False,2.810722839599272,0.0,0.0,0.0,0.0,0,1.0017535655833527,0.9577390694411971,False,False,False,False,0.14578239995625,0.15383622762696153,False,False,False,False,2774538.0,1841177.8605327709,False,False,False,False,82964.32862380969,False,False,False,False
2025-05-05 19:00:00+00:00,50.325,50.355,49.98,50.015,106268.0,,,,,,,,,,,,,,,,,,,,,,,,,,,,,"rgba(239, 83, 80, 1.0)",1.7629462517293324,49.96516783393779,0.02826641255417039,39.855468228577,-2.8097991041008044,False,True,False,True,False,1.1227825497974067,0.0,0.0,0.0,0.0,0,1.0031123377767337,0.9543132303717191,False,False,False,False,0.12504168838440016,0.13943895800568085,False,False,False,False,2668270.0,1854000.9944779992,False,False,False,False,83325.6258544483,False,False,False,False
2025-05-06 14:00:00+00:00,49.825,50.565,49.75,50.3,56490.0,,,,,,,,,,,,,,,,,,,,,,,,,,,,,"rgba(239, 83, 80, 1.0)",1.760805346558354,49.9816641907396,0.1807898924674505,40.46712802997107,-2.8097991041008044,False,True,False,True,False,2.596234152363948,0.0,0.0,0.0,0.0,0,1.0008831321754488,0.9543715042684725,False,False,False,False,0.12404497407930065,0.13174196604249075,False,False,False,False,2724760.0,1867501.1340984951,False,False,False,False,82909.56963965064,False,False,False,False
2025-05-06 15:00:00+00:00,50.29,50.675,50.29,50.59,35943.0,,,,,,,,,,,,,,,,,,,,,,,,,,,,,"rgba(239, 83, 80, 0.75)",1.7591479510017152,49.993714928789245,0.33896243398471076,43.42386401325379,-2.8097991041008044,False,True,False,True,True,4.065200191429078,0.0,0.0,0.0,0.0,0,1.0093230403800473,0.9515439429928741,False,False,False,False,0.15657565149126243,0.1441588087668766,False,False,False,False,2760703.0,1881349.2250427045,False,False,False,False,82181.40576926844,False,False,False,False
2025-05-06 16:00:00+00:00,50.59,50.92,50.385,50.445,32735.0,,,,,,,,,,,,,,,,,,,,,,,,,,,,,"rgba(239, 83, 80, 0.75)",1.754621765663632,50.00148587962421,0.2527690748256746,44.26519528925542,-2.8097991041008044,False,True,False,True,True,3.255158255404613,0.0,0.0,0.0,0.0,0,1.0251219512195118,0.9526829268292684,False,False,False,False,0.17371923858866303,0.1589390236777698,False,False,False,False,2727968.0,1894475.0975226625,False,False,False,False,81414.79482710925,False,False,False,False
2025-05-06 17:00:00+00:00,50.45,50.57,50.35,50.395,31587.0,,,,,,,,,,,,,,,,,,,,,,,,,,,,,"rgba(239, 83, 80, 0.75)",1.749245569685139,50.00248860145011,0.22438896250601556,44.428495149545974,-2.8097991041008044,False,True,False,True,True,2.974066415561669,0.0,0.0,0.0,0.0,0,1.0265393439573385,0.940534507347926,False,False,False,False,0.1543136847386752,0.15662635420822252,False,False,False,False,2696381.0,1906907.747173474,False,False,False,False,80642.27087630135,False,False,False,False
2025-05-06 18:00:00+00:00,50.4,50.625,50.39,50.52,40343.0,,,,,,,,,,,,,,,,,,,,,,,,,,,,,"rgba(239, 83, 80, 0.75)",1.74413065414801,50.00580752689768,0.29481304733647057,45.790354831447985,-2.8097991041008044,False,True,False,True,True,3.628064791145942,0.0,0.0,0.0,0.0,0,1.028649897010174,0.9277822857499533,False,False,False,False,0.15909081423634971,0.1578585842222861,False,False,False,False,2736724.0,1919773.1154343502,False,False,False,False,80017.47597899435,False,False,False,False
2025-05-06 19:00:00+00:00,50.52,50.53,50.295,50.35,120863.0,,,,,,,,,,,,,,,,,,,,,,,,,,,,,"rgba(239, 83, 80, 0.75)",1.7374328867717637,50.004877882358294,0.19863910731134016,45.17348726551414,-2.8097991041008044,False,True,False,True,True,2.6496119563795517,0.0,0.0,0.0,0.0,0,1.0270578543818514,0.9372029655915344,False,False,False,False,0.14954353288388247,0.1537010585530843,False,False,False,False,2615861.0,1930565.1756601743,False,False,False,False,80650.73991730451,False,False,False,False
2025-05-07 14:00:00+00:00,50.455,50.905,50.44,50.7,55285.0,,,,,,,,,,,,,,,,,,,,,,,,,,,,,#000000,1.732449900475534,50.01331864330999,0.396364337289945,48.111730386034345,-7.308474855046313,False,True,False,False,True,4.4928793291170415,0.0,0.0,0.0,0.0,0,1.017169019458222,0.9340582474882364,False,False,False,False,0.17574260363896357,0.16472183109602395,False,False,False,False,2671146.0,1942047.048905753,False,False,False,False,80257.4726317649,False,False,False,False
2025-05-07 15:00:00+00:00,50.695,51.095,50.62,51.055,58370.0,,,,,,,,,,,,,,,,,,,,,,,,,,,,,"rgba(38, 166, 154, 0.5)",1.7299289158962825,50.02775795755772,0.5938059263608898,52.674838831011016,-2.852632815657472,False,False,True,False,True,6.304267238016408,0.0,0.0,0.0,0.0,1,1.0233018386108272,0.9270301327885601,False,False,False,False,0.19452868181315663,0.1796252564545903,False,False,False,False,2729516.0,1954255.8698529506,False,False,False,False,79918.1319708073,False,False,False,False
2025-05-07 16:00:00+00:00,51.055,51.22,50.915,51.205,52279.0,,,,,,,,,,,,,,,,,,,,,,,,,,,,,"rgba(38, 166, 154, 1.0)",1.728116325956118,50.04358476805649,0.6720700536758887,56.667897063644624,0.8935679600032955,True,False,True,False,True,7.05686152878944,0.0,0.0,0.0,0.0,0,1.018082476909067,0.934694939508261,False,False,False,False,0.21601977904917097,0.19782251775188064,False,False,False,False,2781795.0,1967085.9338862381,False,False,False,False,79489.61829684129,False,False,False,False
2025-05-07 17:00:00+00:00,51.205,51.825,51.205,51.775,73451.0,,,,,,,,,,,,,,,,,,,,,,,,,,,,,"rgba(38, 166, 154, 1.0)",1.6793942145690417,50.07790070530918,1.010542539665898,62.181347734809144,5.928657955734401,True,False,True,False,True,9.825500848269542,0.0,0.0,0.0,0.0,0,1.0304949719211176,0.9200078359670889,False,False,False,False,0.2625075148321796,0.23016501629203012,False,False,False,False,2855246.0,1980855.8573918778,False,False,False,False,79395.99630774297,False,False,False,False
2025-05-07 18:00:00+00:00,51.79,51.905,51.245,51.525,102171.0,,,,,,,,,,,,,,,,,,,,,,,,,,,,,"rgba(38, 166, 154, 1.0)",1.6066833248360899,50.117317781450694,0.8761416744602816,63.25378815369764,6.837811091619656,True,False,True,False,True,8.30622267596953,0.0,0.0,0.0,0.0,0,1.038295365278869,0.9106441476826396,False,False,False,False,0.2688214716371304,0.24949324396458025,False,False,False,False,2753075.0,1992828.2471997556,False,False,False,False,79749.09714018107,False,False,False,False
2025-05-07 19:00:00+00:00,51.515,51.805,51.24,51.62,76995.0,,,,,,,,,,,,,,,,,,,,,,,,,,,,,"rgba(38, 166, 154, 1.0)",1.5377097513117781,50.14341759051617,0.9602478024374841,64.47179484936781,8.086152339083853,True,False,True,False,True,8.766212239928002,0.0,0.0,0.0,0.0,0,1.0431305715783952,0.9045621394861039,False,False,False,False,0.26329563168477865,0.25639443782467947,False,False,False,False,2830070.0,2005808.7394912322,False,False,False,False,79706.39795971315,False,False,False,False
2025-05-08 14:00:00+00:00,51.54,51.835,51.37,51.46,40317.0,,,,,,,,,,,,,,,,,,,,,,,,,,,,,"rgba(38, 166, 154, 1.0)",1.4662421539616541,50.15615058655564,0.8892456201190762,63.58141635554394,8.086152339083853,True,False,True,False,True,7.784951632303908,0.0,0.0,0.0,0.0,0,1.0428749917801012,0.9065561912277242,False,False,False,False,0.2717223504219562,0.26405839412331783,False,False,False,False,2789753.0,2017962.9140727634,False,False,False,False,79095.70961925249,False,False,False,False
2025-05-08 15:00:00+00:00,51.46,51.94,51.36,51.79,29171.0,,,,,,,,,,,,,,,,,,,,,,,,,,,,,"rgba(38, 166, 154, 1.0)",1.3920716851429165,50.16638293389837,1.1663315067966074,64.90369606279464,8.938534424880402,True,False,True,False,True,9.402185176541686,0.0,0.0,0.0,0.0,0,1.0506562891629838,0.8984235868346416,False,False,False,False,0.2767435233759528,0.2704009587496353,False,False,False,False,2818924.0,2030380.9154049687,False,False,False,False,78321.68311352764,False,False,False,False
2025-05-08 16:00:00+00:00,51.79,52.165,51.75,52.155,51190.0,,,,,,,,,,,,,,,,,,,,,,,,,,,,,"rgba(38, 166, 154, 1.0)",1.3432320575241006,50.3417846660595,1.3498898598970974,67.49108574764881,11.655986108008975,True,False,True,False,True,11.136437228962539,0.0,0.0,0.0,0.0,0,1.051395302148163,0.9140734792210401,False,False,False,False,0.30959312794483834,0.28999704334723686,False,False,False,False,2870114.0,2043400.032995589,False,False,False,False,77901.0368637055,False,False,False,False
2025-05-08 17:00:00+00:00,52.155,52.165,51.925,51.945,41209.0,,,,,,,,,,,,,,,,,,,,,,,,,,,,,"rgba(38, 166, 154, 1.0)",1.2963528604275967,50.48431441313388,1.126765428962234,66.97260994794055,11.655986108008975,True,False,True,False,True,9.819936385715963,0.0,0.0,0.0,0.0,0,1.0526351169669261,0.9081742403872007,False,False,False,False,0.3190572860743895,0.3045271647108132,False,False,False,False,2828905.0,2055578.4045770527,False,False,False,False,77332.16807512092,False,False,False,False
2025-05-08 18:00:00+00:00,51.945,52.145,51.93,51.945,56945.0,,,,,,,,,,,,,,,,,,,,,,,,,,,,,"rgba(38, 166, 154, 1.0)",1.2382314473139486,50.50273305277661,1.1647797755032359,66.62695941480172,11.655986108008975,True,False,True,False,True,9.819936385715963,0.0,0.0,0.0,0.0,0,1.0506749881283493,0.9143884404043144,False,False,False,False,0.3182439243250053,0.31138554451790923,False,False,False,False,2828905.0,2067567.964196013,False,False,False,False,77016.08794992525,False,False,False,False
2025-05-08 19:00:00+00:00,51.945,52.03,51.47,51.51,62772.0,,,,,,,,,,,,,,,,,,,,,,,,,,,,,"rgba(38, 166, 154, 0.75)",1.1828543047672393,50.49935779037972,0.8544097151670359,62.102485889964576,11.655986108008975,True,False,True,False,False,7.11308497278635,0.0,0.0,0.0,0.0,0,1.0387279151943458,0.9571024734982333,False,False,False,False,0.2873593945270902,0.29937246952249974,False,False,False,False,2766133.0,2078398.4298673926,False,False,False,False,76795.2493770582,False,False,False,False
2025-05-09 14:00:00+00:00,50.395,50.53,49.74,49.96,92123.0,,,,,,,,,,,,,,,,,,,,,,,,,,,,,#000000,1.086591600513455,50.39218146523112,-0.39774048044076143,51.31905575440419,7.425490678012508,False,False,False,False,False,0.0,0.0,0.0,0.0,0.0,0,0.9858798735511063,0.9751317175974713,False,False,False,False,0.12180326005575974,0.21058786478912975,False,False,False,False,2674010.0,2087632.7177764252,False,False,False,False,77032.88892159992,False,False,False,False
2025-05-09 15:00:00+00:00,49.96,50.0,49.415,49.605,120414.0,,,,,,,,,,,,,,,,,,,,,,,,,,,,,"rgba(239, 83, 80, 1.0)",1.008858511138001,50.24656933355819,-0.6359358884076809,43.12188622938435,0.36624003076795475,False,True,False,True,False,0.0,0.0,0.0,0.0,0.0,0,0.9818478337942278,0.9802878820109197,False,False,False,False,0.07941559818945115,0.14500173148929046,False,False,False,False,2553596.0,2094856.9547101238,False,False,False,False,77705.4642871565,False,False,False,False
2025-05-09 16:00:00+00:00,49.605,49.765,49.415,49.5,67960.0,,,,,,,,,,,,,,,,,,,,,,,,,,,,,"rgba(239, 83, 80, 1.0)",0.9345795026892778,50.16101996745314,-0.7072913171656773,37.365592744033776,-4.375930176326733,False,True,False,True,False,0.0,0.0,0.0,0.0,0.0,0,0.9994226744605613,0.9772678068846077,False,False,False,False,0.06782126158787125,0.10641149653858085,False,False,False,False,2485636.0,2100915.5445595793,False,False,False,False,77554.37181758818,False,False,True,False
2025-05-09 17:00:00+00:00,49.51,49.85,49.465,49.825,48322.0,,,,,,,,,,,,,,,,,,,,,,,,,,,,,"rgba(239, 83, 80, 1.0)",0.9217418000427439,50.147713524429015,-0.35011271531143245,36.05607619759796,-5.235795253220772,False,True,False,True,False,0.0,0.0,0.0,0.0,0.0,0,1.0039136106682125,0.966154515147123,False,False,False,False,0.0744794135102133,0.09044545502439708,False,False,False,False,2533958.0,2107629.3810780356,False,False,False,False,77101.15675064884,False,False,False,False
2025-05-09 18:00:00+00:00,49.82,50.075,49.79,49.95,77593.0,,,,,,,,,,,,,,,,,,,,,,,,,,,,,"rgba(239, 83, 80, 1.0)",0.8975655362657285,50.142525108684396,-0.21449699315036413,36.1234159012921,-5.235795253220772,False,True,False,True,False,0.0,0.0,0.0,0.0,0.0,0,1.0174822617218928,0.9572818374661695,False,False,False,False,0.10167982079737904,0.09606263791088807,False,False,False,False,2611551.0,2115442.1193558956,False,False,False,False,77108.78222738297,False,False,False,False
2025-05-09 19:00:00+00:00,49.95,50.03,49.675,49.75,433047.0,,,,,,,,,,,,,,,,,,,,,,,,,,,,,"rgba(239, 83, 80, 1.0)",0.8745951341327843,50.07116571067557,-0.36721643894580797,35.311652715028,-6.33347032887734,False,True,False,True,False,0.0,0.0,0.0,0.0,0.0,0,1.0123383380407311,0.9687081908726031,False,False,False,False,0.09375327223017249,0.09490795507053028,False,False,False,False,2178504.0,2116419.822931773,False,False,False,False,82627.20420835377,False,False,False,False
2025-05-12 14:00:00+00:00,50.28,50.66,50.28,50.535,128748.0,,,,,,,,,,,,,,,,,,,,,,,,,,,,,"rgba(239, 83, 80, 0.75)",0.8488750266151709,50.09327094738703,0.5203699470042448,40.03946720444963,-6.33347032887734,False,True,False,True,True,1.7285420467167398,0.0,0.0,0.0,0.0,0,1.0000742445615853,0.9633231865765833,False,False,False,False,0.1553188085406114,0.12511338180557083,False,False,False,False,2307252.0,2119378.4613359314,False,False,False,False,83342.25530589867,False,False,False,False
2025-05-12 15:00:00+00:00,50.535,50.6,50.155,50.3,96697.0,,,,,,,,,,,,,,,,,,,,,,,,,,,,,"rgba(239, 83, 80, 0.75)",0.8146583985367146,50.10114176116511,0.24410015190670786,41.965281101699446,-6.33347032887734,False,True,False,True,True,0.5236821789272881,0.0,0.0,0.0,0.0,0,0.9991789819376026,0.9625317211524109,False,False,False,False,0.14603301362349974,0.1355731977145353,False,False,False,False,2210555.0,2120792.051082661,False,False,False,False,83549.30561123358,False,False,False,False
2025-05-12 16:00:00+00:00,50.3,50.48,50.26,50.445,70958.0,,,,,,,,,,,,,,,,,,,,,,,,,,,,,"rgba(239, 83, 80, 0.75)",0.7831081409106032,50.10720345042296,0.4313536431689377,44.13513398732498,-13.77408847877917,False,True,False,True,True,1.2528024596900416,0.0,0.0,0.0,0.0,0,1.0012822446824556,0.9652285412581085,False,False,False,False,0.1452812271355556,0.14042721242504547,False,False,False,False,2281513.0,2123283.848740294,False,False,False,False,83354.09157074934,False,False,False,False
2025-05-12 17:00:00+00:00,50.445,50.8,50.445,50.73,99990.0,,,,,,,,,,,,,,,,,,,,,,,,,,,,,#000000,0.7545464719806738,50.12389783641223,0.8032668445148966,47.26237653385988,-10.502942001273937,False,True,False,False,True,2.672946953132179,0.0,0.0,0.0,0.0,0,1.0114547537227947,0.9563955708285606,False,False,False,False,0.17068682407739408,0.15555701825121976,False,False,False,False,2381503.0,2127287.246434243,False,False,False,False,83612.01263166797,False,False,False,False
2025-05-12 18:00:00+00:00,50.73,50.85,50.495,50.535,107044.0,,,,,,,,,,,,,,,,,,,,,,,,,,,,,#000000,0.7314170622285375,50.13837859561283,0.542264358967389,48.09764208393109,-9.348491748983477,False,True,False,False,True,1.6425123812925975,0.0,0.0,0.0,0.0,0,1.0094888276706455,0.9478879706152434,False,False,False,False,0.17574260363896357,0.16564981094509168,False,False,False,False,2274459.0,2129568.9790476654,False,False,False,False,83975.29925753358,False,False,False,False
2025-05-12 19:00:00+00:00,50.54,50.78,50.5,50.755,238154.0,,,,,,,,,,,,,,,,,,,,,,,,,,,,,#000000,0.7075240867514271,50.168578235076794,0.8288364677671181,50.02157473575008,-7.114828799609491,False,False,False,False,True,2.7460176742895506,0.0,0.0,0.0,0.0,0,1.0071670776818742,0.9549167694204689,False,False,False,False,0.1724553512196159,0.16905258108235377,False,False,False,False,2512613.0,2135507.6460391744,False,False,False,False,86365.66671090515,False,False,False,False
2025-05-13 14:00:00+00:00,50.75,51.32,50.525,50.545,135803.0,,,,,,,,,,,,,,,,,,,,,,,,,,,,,#000000,0.6837021834657141,50.18738623508093,0.5230548820340372,49.85672757172971,-6.812477148182317,False,False,False,False,True,1.6233234334422484,0.0,0.0,0.0,0.0,0,1.0032899770466719,0.9448355011476667,False,False,False,False,0.20116085785723742,0.1851067194697956,False,False,False,False,2376810.0,2139248.767806009,False,False,False,False,87132.136994457,False,False,False,False
2025-05-13 15:00:00+00:00,50.535,50.845,50.43,50.625,107491.0,,,,,,,,,,,,,,,,,,,,,,,,,,,,,#000000,0.6636197014165713,50.19621717360686,0.6461273308761831,50.308651254844904,-5.839970402695734,False,False,False,False,True,2.0329187039964296,0.0,0.0,0.0,0.0,0,1.0022920009167997,0.9516387806555124,False,False,False,False,0.17220263932597088,0.17865467939788324,False,False,False,False,2484301.0,2144598.4148167684,False,False,False,False,87447.77828136465,False,False,False,False
2025-05-13 16:00:00+00:00,50.63,50.65,50.34,50.345,46192.0,,,,,,,,,,,,,,,,,,,,,,,,,,,,,#000000,0.6495055291778083,50.19755042031127,0.22701820548837803,48.62618409065946,-5.839970402695734,False,False,False,False,True,0.5272054257975824,0.0,0.0,0.0,0.0,0,1.0090201218101917,0.9505820676894614,False,False,False,False,0.157832985301387,0.16824383234963514,False,False,False,False,2438109.0,2149148.9665250354,False,False,False,False,86808.15381188614,False,False,False,False
2025-05-13 17:00:00+00:00,50.345,50.545,50.215,50.41,34429.0,,,,,,,,,,,,,,,,,,,,,,,,,,,,,"rgba(239, 83, 80, 0.5)",0.646652802396278,50.1980376704943,0.32778382575662585,48.041978578886784,-5.839970402695734,False,False,False,True,True,0.8704365157529708,0.0,0.0,0.0,0.0,0,1.0100689334675854,0.9519789326930523,False,False,False,False,0.14628364550663134,0.15726373892813322,False,False,False,False,2472538.0,2154162.7499897634,False,False,False,False,85996.07390782588,False,False,False,False
2025-05-13 18:00:00+00:00,50.41,50.65,50.34,50.635,44859.0,,,,,,,,,,,,,,,,,,,,,,,,,,,,,#000000,0.6445101289401263,50.200369100241325,0.6743585247813065,49.47475591802245,-5.482286788113669,False,False,False,False,True,2.0578732392608146,0.0,0.0,0.0,0.0,0,1.011558451632922,0.9473275928942673,False,False,False,False,0.157832985301387,0.15754836211476012,False,False,False,False,2517397.0,2159794.288749612,False,False,False,False,85358.28981623167,False,False,False,False
2025-05-13 19:00:00+00:00,50.635,50.825,50.54,50.645,119885.0,,,,,,,,,,,,,,,,,,,,,,,,,,,,,#000000,0.6377165556934491,50.20997997392596,0.6821526306479594,50.511259287541264,-4.129289301317989,False,False,False,False,True,2.1108241554858296,0.0,0.0,0.0,0.0,0,1.0142678933416494,0.9479182909714643,False,False,False,False,0.17675481954069788,0.167151590827729,False,False,False,False,2637282.0,2167197.199001556,False,False,False,False,85893.58764853816,False,False,False,False
2025-05-14 14:00:00+00:00,51.11,51.555,51.075,51.48,41090.0,,,,,,,,,,,,,,,,,,,,,,,,,,,,,"rgba(38, 166, 154, 1.0)",0.6384369073642243,50.219914334140846,1.9737042945424206,56.33432614592677,1.499649049840535,True,False,True,False,True,6.356574054335063,0.0,0.0,0.0,0.0,0,1.0086426421791803,0.9397330040898219,False,False,False,False,0.2416049777696597,0.20437828429869437,False,False,False,False,2678372.0,2175122.38971471,False,False,False,False,85198.95838266936,False,False,False,False
2025-05-14 15:00:00+00:00,51.485,51.83,51.32,51.73,46016.0,,,,,,,,,,,,,,,,,,,,,,,,,,,,,"rgba(38, 166, 154, 1.0)",0.6366388159561844,50.233473911858866,2.350667365283814,61.26860995239437,6.00964931487956,True,False,True,False,True,7.556783662498589,0.0,0.0,0.0,0.0,0,1.009557576691845,0.9413442269153695,False,False,False,False,0.2688214716371304,0.23659987796791238,False,False,False,False,2724388.0,2183638.135610606,False,False,False,False,84591.47065580626,False,False,False,False
2025-05-14 16:00:00+00:00,51.73,52.375,51.715,52.205,86194.0,,,,,,,,,,,,,,,,,,,,,,,,,,,,,"rgba(38, 166, 154, 1.0)",0.644013688232433,50.26701423889934,3.009230698837586,66.23267796640155,10.41612748647232,True,False,True,False,True,9.768074526490153,0.0,0.0,0.0,0.0,0,1.0171111453676582,0.9349468167103439,False,False,False,False,0.3190572860743895,0.2778285820211509,False,False,False,False,2810582.0,2193358.1955236197,False,False,False,False,84616.3160719953,False,False,False,False
2025-05-14 17:00:00+00:00,52.2,52.69,52.09,52.445,106371.0,,,,,,,,,,,,,,,,,,,,,,,,,,,,,"rgba(38, 166, 154, 1.0)",0.6526280413531674,50.44414833816178,3.0658377131476406,70.25745469912962,13.914231065979529,True,False,True,False,True,10.852448876461573,0.0,0.0,0.0,0.0,0,1.0254107170274835,0.9228466144633811,False,False,False,False,0.3428282436068188,0.3103284128139848,False,False,False,False,2916953.0,2204576.7196240285,False,False,False,False,84953.59799335971,False,True,False,False
2025-05-14 18:00:00+00:00,52.45,52.525,52.09,52.185,80635.0,,,,,,,,,,,,,,,,,,,,,,,,,,,,,"rgba(38, 166, 154, 1.0)",0.66833929587787,50.469073410417295,2.5674483008347155,70.35982019436798,13.923018138958703,True,False,True,False,True,9.303277276070261,0.0,0.0,0.0,0.0,0,1.0256174259855804,0.9257554839699341,False,False,False,False,0.33393709769851543,0.3221327552562501,False,False,False,False,2836318.0,2214371.1580794696,False,False,False,False,84886.64298571073,False,False,False,False
2025-05-14 19:00:00+00:00,52.185,52.36,52.11,52.245,186609.0,,,,,,,,,,,,,,,,,,,,,,,,,,,,,"rgba(38, 166, 154, 1.0)",0.6876705881728199,50.52638669170227,2.499181058279925,70.67361998835473,14.403019845517264,True,False,True,False,True,9.581249187136606,0.0,0.0,0.0,0.0,0,1.0300491853673528,0.9241469412849677,False,False,False,False,0.3261655232560901,0.3241491392561701,False,False,False,False,3022927.0,2226906.90756661,False,False,False,False,86463.73379213382,False,False,False,False
2025-05-15 14:00:00+00:00,51.91,52.065,51.7,51.915,48451.0,,,,,,,,,,,,,,,,,,,,,,,,,,,,,"rgba(38, 166, 154, 0.75)",0.6993187289675576,50.535186638841054,1.9730822356152804,67.6959378032194,14.403019845517264,True,False,True,False,False,7.6193548187752,0.0,0.0,0.0,0.0,0,1.0225176759913925,0.9282969566553954,False,False,False,False,0.2888977865086737,0.30652346288242194,False,False,False,False,2974476.0,2238497.126053949,False,False,False,False,85874.38908217826,False,False,False,False
2025-05-15 15:00:00+00:00,51.91,52.225,51.895,52.035,56554.0,,,,,,,,,,,,,,,,,,,,,,,,,,,,,"rgba(38, 166, 154, 0.75)",0.7128746399279255,50.54865669542592,2.0849995515682154,66.37400161144011,14.403019845517264,True,False,True,False,False,8.194339163773318,0.0,0.0,0.0,0.0,0,1.02654730668313,0.9254514585584194,False,False,False,False,0.3075602819674406,0.3070418724249313,False,False,False,False,3031030.0,2250784.4574329574,False,False,False,False,85419.80940648555,False,False,False,False
2025-05-15 16:00:00+00:00,52.04,52.2,51.995,52.19,35793.0,,,,,,,,,,,,,,,,,,,,,,,,,,,,,"rgba(38, 166, 154, 0.75)",0.7299295473840358,50.557965267561414,2.235879802766671,66.34210393183434,14.403019845517264,True,False,True,False,False,8.937360277540364,0.0,0.0,0.0,0.0,0,1.0324156649864287,0.9200465296626599,False,False,False,False,0.31152937931088015,0.30928562586790576,False,False,False,False,3066823.0,2263436.217782834,False,False,False,False,84650.40150871058,False,False,False,False
2025-05-15 17:00:00+00:00,52.185,52.35,52.135,52.19,46607.0,,,,,,,,,,,,,,,,,,,,,,,,,,,,,"rgba(38, 166, 154, 0.75)",0.7446716853211495,50.571226952028525,2.1738077059736143,66.32083881209716,14.403019845517264,True,False,True,False,False,8.937360277540364,0.0,0.0,0.0,0.0,0,1.0312645823611757,0.9190387307512834,False,False,False,False,0.3269677022357139,0.31812666405180984,False,False,False,False,3066823.0,2275891.8268094566,False,False,False,False,84060.58133028095,False,False,False,False
2025-05-15 18:00:00+00:00,52.185,52.22,52.035,52.135,48298.0,,,,,,,,,,,,,,,,,,,,,,,,,,,,,"rgba(38, 166, 154, 0.75)",0.7563552540112319,50.58336389225833,2.051464704598486,65.63092262829656,14.403019845517264,True,False,True,False,False,8.593848958056284,0.0,0.0,0.0,0.0,0,1.032084728603691,0.9165952807413752,False,False,False,False,0.314711513053962,0.3164190885528859,False,False,False,False,3018525.0,2287405.519417062,False,False,False,False,83506.12270500527,False,False,False,False
2025-05-15 19:00:00+00:00,52.135,52.155,51.99,52.04,95791.0,,,,,,,,,,,,,,,,,,,,,,,,,,,,,"rgba(38, 166, 154, 0.75)",0.7654045212051002,50.60506487207775,1.8747408568517485,63.96946831941119,18.52001460305658,True,False,True,False,False,7.995198179095574,0.0,0.0,0.0,0.0,0,1.0425147347740666,0.9135559921414539,False,False,False,False,0.30888226506863986,0.31265067681076286,False,False,False,False,2922734.0,2297255.5733795883,False,False,False,False,83696.58591888116,False,False,False,False
2025-05-16 14:00:00+00:00,51.665,51.885,51.44,51.71,78453.0,,,,,,,,,,,,,,,,,,,,,,,,,,,,,"rgba(38, 166, 154, 0.75)",0.7707758873165386,50.67736803179472,1.3397305042849679,59.226799186921156,13.877468746400709,True,False,True,False,False,5.940586116067468,0.0,0.0,0.0,0.0,0,1.0342987206655676,0.9124087591240877,False,False,False,False,0.26603405569799793,0.28934236625438037,False,False,False,False,2844281.0,2305736.587745796,False,False,False,False,83615.29001316207,False,False,False,False
2025-05-16 15:00:00+00:00,51.715,52.1,51.68,52.09,51589.0,,,,,,,,,,,,,,,,,,,,,,,,,,,,,"rgba(38, 166, 154, 0.75)",0.7822159156772954,50.6932722013478,1.7856039114760522,59.23015291893694,13.759209965772747,True,False,True,False,False,7.892634762054961,0.0,0.0,0.0,0.0,0,1.041846928341068,0.9057657515928578,False,False,False,False,0.2896823097272939,0.28951233799083714,False,False,False,False,2895870.0,2314885.942974543,False,False,False,False,83118.75838505103,False,False,False,False
2025-05-16 16:00:00+00:00,52.09,52.365,52.08,52.335,61296.0,,,,,,,,,,,,,,,,,,,,,,,,,,,,,"rgba(38, 166, 154, 0.75)",0.7976758864475931,50.71727293931502,2.0280506007138293,60.86999729439623,13.759209965772747,True,False,True,False,False,9.117793318278913,0.0,0.0,0.0,0.0,0,1.0529439696106362,0.9001266223488447,False,False,False,False,0.32482945826553716,0.30717089812818715,False,False,False,False,2957166.0,2324843.773316023,False,False,False,False,82780.4210457479,False,False,False,False
2025-05-16 17:00:00+00:00,52.335,52.4,52.23,52.325,55325.0,,,,,,,,,,,,,,,,,,,,,,,,,,,,,"rgba(38, 166, 154, 1.0)",0.8078933064425846,50.73622972820022,1.966559518602339,61.84554038413464,13.759209965772747,True,False,True,False,True,9.05388053688813,0.0,0.0,0.0,0.0,0,1.0516707675212318,0.899992062862132,False,False,False,False,0.3347432640766393,0.3209570811024132,False,False,False,False,2901841.0,2333789.4667529836,False,False,False,False,82354.75560317816,False,False,False,False
2025-05-16 18:00:00+00:00,52.325,52.39,52.2,52.355,47974.0,,,,,,,,,,,,,,,,,,,,,,,,,,,,,"rgba(38, 166, 154, 1.0)",0.8183023351499447,50.75077855594424,1.9604263304000038,62.71597299201479,13.759209965772747,True,False,True,False,True,9.206910089557972,0.0,0.0,0.0,0.0,0,1.048508058082017,0.9051380245731611,False,False,False,False,0.3325944161496155,0.32677574862601433,False,False,False,False,2949815.0,2343340.2502141776,False,False,False,False,81821.72063258624,False,False,False,False
2025-05-16 19:00:00+00:00,52.355,52.455,52.305,52.305,99948.0,,,,,,,,,,,,,,,,,,,,,,,,,,,,,"rgba(38, 166, 154, 1.0)",0.8255036846274386,50.77948721407431,1.8479781669468585,62.58589629038239,13.759209965772747,True,False,True,False,True,8.875896432459992,0.0,0.0,0.0,0.0,0,1.0454945230670822,0.9050131926121373,False,False,False,False,0.3417477710778758,0.33426175985194506,False,False,False,False,2849867.0,2351193.3781178338,False,False,False,False,82102.74821967792,False,False,False,False
2025-05-19 14:00:00+00:00,52.245,52.565,52.14,52.205,46993.0,,,,,,,,,,,,,,,,,,,,,,,,,,,,,"rgba(38, 166, 154, 1.0)",0.8292382915328329,50.87514296617811,1.6037091477814778,61.060709447140525,13.759209965772747,True,False,True,False,True,8.208369011901507,0.0,0.0,0.0,0.0,0,1.0410554846938773,0.9044961734693878,False,False,False,False,0.3387804200767336,0.3365210899643393,False,False,False,False,2802874.0,2358196.178457092,False,False,False,False,81558.41103797748,False,False,False,False
2025-05-19 15:00:00+00:00,52.205,52.32,52.14,52.28,32397.0,,,,,,,,,,,,,,,,,,,,,,,,,,,,,"rgba(38, 166, 154, 1.0)",0.8315253702934099,50.880656510715234,1.6828632526160912,60.81647577483685,13.759209965772747,True,False,True,False,True,8.612713975311145,0.0,0.0,0.0,0.0,1,1.0441411238825031,0.9055715197956578,False,False,False,False,0.325630962511266,0.33107602623780263,False,False,False,False,2835271.0,2365592.6873182226,False,False,False,False,80796.21861878403,False,False,False,False
2025-05-19 16:00:00+00:00,52.285,52.445,52.27,52.315,29956.0,,,,,,,,,,,,,,,,,,,,,,,,,,,,,"rgba(38, 166, 154, 1.0)",0.8402040185532006,50.888641347781004,1.697633694581858,61.02606702158686,13.759209965772747,True,False,True,False,True,8.803543442222075,0.0,0.0,0.0,0.0,0,1.044973334394651,0.9008198678659557,False,False,False,False,0.3393195097273998,0.33519776798260126,False,False,False,False,2865227.0,2373338.9557318934,False,False,False,False,80007.99817508194,False,False,False,False
2025-05-19 17:00:00+00:00,52.31,52.335,52.055,52.075,38668.0,,,,,,,,,,,,,,,,,,,,,,,,,,,,,"rgba(38, 166, 154, 0.5)",0.8463993264529316,50.89335793449464,1.3960810560393044,57.51030033128765,10.751598359357288,False,False,True,False,False,7.151232691549442,0.0,0.0,0.0,0.0,0,1.0413661938346939,0.9030034075600286,False,False,False,False,0.32189404764827734,0.3285459078154393,False,False,False,False,2826559.0,2380365.6230848874,False,False,False,False,79367.06797081711,False,False,False,False
2025-05-19 18:00:00+00:00,52.07,52.225,52.02,52.17,43275.0,,,,,,,,,,,,,,,,,,,,,,,,,,,,,"rgba(38, 166, 154, 0.5)",0.8488296765664944,50.89912000282551,1.4972143791145278,56.381803580669995,9.640912042197428,False,False,True,False,False,7.687291822651019,0.0,0.0,0.0,0.0,0,1.0406793048973144,0.9050552922590838,False,False,False,False,0.31418073027681553,0.3213633190461274,False,False,False,False,2869834.0,2387954.280091323,False,False,False,False,78807.50102553311,False,False,False,False
2025-05-19 19:00:00+00:00,52.16,52.27,52.14,52.245,71733.0,,,,,,,,,,,,,,,,,,,,,,,,,,,,,"rgba(38, 166, 154, 0.5)",0.8509348330455471,50.91227196270992,1.566192833498378,56.56804523140033,9.640912042197428,False,False,True,False,False,8.113011731141192,0.0,0.0,0.0,0.0,0,1.042487781806716,0.9045404382784171,False,False,False,False,0.3229608468452388,0.3221620829456831,False,False,False,False,2941567.0,2396537.4230356435,False,False,False,False,78697.81883909075,False,False,False,False
2025-05-20 14:00:00+00:00,51.825,52.18,51.775,52.055,45785.0,,,,,,,,,,,,,,,,,,,,,,,,,,,,,"rgba(38, 166, 154, 0.5)",0.8521476736210828,50.91626901741421,1.3363070953968725,53.86637873675683,7.104743115727402,False,False,True,False,False,6.776049057816998,0.0,0.0,0.0,0.0,0,1.0354460093896714,0.9056338028169015,False,False,False,False,0.2988610431079739,0.3105115630268285,False,False,False,False,2895782.0,2404277.649035091,False,False,False,False,78187.54257801957,False,False,False,False
2025-05-20 15:00:00+00:00,52.045,52.09,51.85,51.86,37006.0,,,,,,,,,,,,,,,,,,,,,,,,,,,,,#000000,0.8504257015601319,50.91880102871901,1.1067386246139217,49.69565487287795,3.2724994076652436,False,True,False,False,False,5.4212465323522565,0.0,0.0,0.0,0.0,0,1.0364826941066414,0.9073900841908324,False,False,False,False,0.29807239541753083,0.30429197922217965,False,False,False,False,2858776.0,2411324.1350965626,False,False,False,False,77549.06904967818,False,False,False,False
2025-05-20 16:00:00+00:00,51.86,51.9,51.63,51.675,43548.0,,,,,,,,,,,,,,,,,,,,,,,,,,,,,"rgba(239, 83, 80, 1.0)",0.8448882755716103,50.918886983471104,0.8949266292248448,45.04918663875536,-0.8357684847138813,False,True,False,True,False,4.151779007941801,0.0,0.0,0.0,0.0,0,1.048992747784045,0.9073327961321516,False,False,False,False,0.27665132579022567,0.29047165250620266,False,False,False,False,2815228.0,2417586.2105214223,False,False,False,False,77021.92069231883,False,False,False,False
2025-05-20 17:00:00+00:00,51.675,51.72,51.435,51.485,43818.0,,,,,,,,,,,,,,,,,,,,,,,,,,,,,"rgba(239, 83, 80, 1.0)",0.8452883563646058,50.91665215283074,0.6723715556825985,40.33953807039468,-4.894605772583901,False,True,False,True,False,2.863702549335297,0.0,0.0,0.0,0.0,0,1.0559247852164044,0.8954449667693306,False,False,False,False,0.2563494541090084,0.27341055330760555,False,False,False,False,2771410.0,2423071.8506683772,False,False,False,False,76507.13122422087,False,False,False,False
2025-05-20 18:00:00+00:00,51.485,51.61,51.365,51.555,47501.0,,,,,,,,,,,,,,,,,,,,,,,,,,,,,"rgba(239, 83, 80, 1.0)",0.8455933307927946,50.914496062237305,0.7574609619522233,38.422062181001884,-6.394449099804255,False,True,False,True,False,3.302338593481238,0.0,0.0,0.0,0.0,0,1.051942773532759,0.8963583157210211,False,False,False,False,0.24572671104018493,0.25956863217389525,False,False,False,False,2818911.0,2429208.891743286,False,False,False,False,76057.42376338023,False,False,False,False
2025-05-20 19:00:00+00:00,51.555,51.565,51.39,51.445,119268.0,,,,,,,,,,,,,,,,,,,,,,,,,,,,,"rgba(239, 83, 80, 1.0)",0.8439543239423991,50.9103944999158,0.6334531205277463,36.15466655676657,-8.375159870593428,False,True,False,True,False,2.5462376672911375,0.0,0.0,0.0,0.0,0,1.050648397357475,0.8978876111247045,False,False,False,False,0.24154282585978964,0.2505557290168424,False,False,False,False,2699643.0,2433401.6686154827,False,False,False,False,76727.35517790147,False,False,False,False
2025-05-21 14:00:00+00:00,50.935,51.02,50.755,50.975,56305.0,,,,,,,,,,,,,,,,,,,,,,,,,,,,,"rgba(239, 83, 80, 1.0)",0.8444132138211989,50.900481477813656,0.08824888214281797,31.56567365144259,-12.540582122085084,False,True,False,True,False,0.0,0.0,0.0,0.0,0.0,0,1.0416193412299206,0.9036994969982152,False,False,False,False,0.1708569835066466,0.2107063562617445,False,False,False,False,2643338.0,2436656.4954586537,False,False,False,False,76410.72951622857,False,False,False,False
2025-05-21 15:00:00+00:00,50.975,51.125,50.915,51.08,23972.0,,,,,,,,,,,,,,,,,,,,,,,,,,,,,"rgba(239, 83, 80, 1.0)",0.8444350155551728,50.897494363120344,0.21612750953922216,30.275001817133052,-13.666851323569865,False,True,False,True,False,0.10318657046855506,0.0,0.0,0.0,0.0,0,1.0426315358808609,0.9091727354553638,False,False,False,False,0.1735051229193716,0.19210573959055804,False,False,False,False,2667310.0,2440232.518784876,False,False,False,False,75597.72595783744,False,False,False,False
2025-05-21 16:00:00+00:00,51.085,51.175,51.015,51.105,20081.0,,,,,,,,,,,,,,,,,,,,,,,,,,,,,"rgba(239, 83, 80, 1.0)",0.8439053253762336,50.895457155138466,0.24830136575819275,29.84797664412466,-14.188282168641464,False,True,False,True,False,0.26887219361546144,0.0,0.0,0.0,0.0,0,1.0341683778234085,0.9126078028747434,False,False,False,False,0.18183290295970353,0.18696932127513077,False,False,False,False,2687391.0,2444064.43322232,False,False,False,False,74737.00152438259,False,False,False,False
2025-05-21 17:00:00+00:00,51.105,51.18,50.67,50.975,59325.0,,,,,,,,,,,,,,,,,,,,,,,,,,,,,"rgba(239, 83, 80, 1.0)",0.8422796822096756,50.88748116318499,0.10390709720720538,28.64335718805505,-15.571408956713917,False,True,False,True,False,0.0,0.0,0.0,0.0,0.0,0,1.02749056294108,0.9146561628097818,False,False,False,False,0.16153542599148066,0.1742523736333057,False,False,False,False,2628066.0,2446917.1706917416,False,False,False,False,74498.05576431463,False,False,False,False
2025-05-21 18:00:00+00:00,50.975,51.1,50.81,50.935,37452.0,,,,,,,,,,,,,,,,,,,,,,,,,,,,,"rgba(239, 83, 80, 1.0)",0.8387363296237981,50.88299682327957,0.06200181735749801,27.5613397444764,-16.890878702625763,False,True,False,True,False,0.0,0.0,0.0,0.0,0.0,0,1.0275297619047619,0.9225363756613757,False,False,False,False,0.16510729682684905,0.16967983523007737,False,False,False,False,2590614.0,2449145.028510474,False,False,False,False,73923.69831060433,False,False,False,False
2025-05-21 19:00:00+00:00,50.94,50.95,50.665,50.845,127126.0,,,,,,,,,,,,,,,,,,,,,,,,,,,,,"rgba(239, 83, 80, 1.0)",0.8353075713405865,50.865947582584155,-0.025077687911457227,26.207522170575537,-18.4831952547457,False,True,False,True,False,0.0,0.0,0.0,0.0,0.0,0,1.0326486305945222,0.9194221776887108,False,False,False,False,0.14642419647596447,0.15805201585302092,False,False,False,False,2463488.0,2449367.4001614745,False,False,False,False,74748.54019726162,False,False,False,False
2025-05-22 14:00:00+00:00,50.89,50.925,50.215,50.305,81424.0,,,,,,,,,,,,,,,,,,,,,,,,,,,,,"rgba(239, 83, 80, 1.0)",0.8364868189029451,50.830786066010376,-0.62856467565137,22.678990645792503,-22.02388427609779,False,True,False,True,False,0.0,0.0,0.0,0.0,0.0,0,1.022607825143906,0.9185784599983317,False,False,False,False,0.10745106785052512,0.13275154185177301,False,False,False,False,2382064.0,2448323.9365930795,False,False,False,False,74852.03569807927,False,False,False,False
2025-05-22 15:00:00+00:00,50.305,50.595,50.295,50.555,36828.0,,,,,,,,,,,,,,,,,,,,,,,,,,,,,"rgba(239, 83, 80, 1.0)",0.8334426054484779,50.824521660436986,-0.3233835883539404,24.507487525957966,-22.02388427609779,False,True,False,True,False,0.0,0.0,0.0,0.0,0.0,0,1.016691704223001,0.9258053747287599,False,False,False,False,-0.003428593345543306,0.06466147425311486,False,False,False,False,2418892.0,2447867.627498613,False,False,False,False,74262.51576477572,False,False,False,False
2025-05-22 16:00:00+00:00,50.56,50.785,50.545,50.59,37518.0,,,,,,,,,,,,,,,,,,,,,,,,,,,,,"rgba(239, 83, 80, 0.75)",0.8244375642202804,50.82171730752875,-0.28106107434332633,26.274263256591613,-22.02388427609779,False,True,False,True,True,0.0,0.0,0.0,0.0,0.0,0,1.0168256721595836,0.9315698178664354,False,False,False,False,0.03429914869827344,0.04948031147569415,False,False,False,False,2456410.0,2448000.0673823557,False,False,False,False,73692.83334981796,False,False,False,False
2025-05-22 17:00:00+00:00,50.59,50.79,50.49,50.735,34514.0,,,,,,,,,,,,,,,,,,,,,,,,,,,,,"rgba(239, 83, 80, 0.75)",0.8190552566913211,50.81916684531348,-0.10276088777390396,29.706394000220563,-25.595040324238905,False,True,False,True,True,0.0,0.0,0.0,0.0,0.0,0,1.0223093681917212,0.9235729847494555,False,False,False,False,0.03000899550405377,0.03974465348987396,False,False,False,False,2490924.0,2448665.554709761,False,False,False,False,73085.40957695256,False,False,False,False
2025-05-22 18:00:00+00:00,50.735,50.815,50.69,50.765,32819.0,,,,,,,,,,,,,,,,,,,,,,,,,,,,,"rgba(239, 83, 80, 0.75)",0.8173312592746957,50.81772441565582,-0.06450801319235583,32.458230584409606,-22.969320398015213,False,True,False,True,True,0.0,0.0,0.0,0.0,0.0,0,1.0314145314145313,0.9161986661986663,False,False,False,False,0.049325669013816666,0.04453516125184531,False,False,False,False,2523743.0,2449829.5461096093,False,False,False,False,72461.12415715483,False,False,False,False
2025-05-22 19:00:00+00:00,50.765,50.865,50.615,50.78,148970.0,,,,,,,,,,,,,,,,,,,,,,,,,,,,,"rgba(239, 83, 80, 0.75)",0.8136403681288323,50.808843396789385,-0.03544981040667425,34.54481625491445,-20.955005916361685,False,True,False,True,True,0.0,0.0,0.0,0.0,0.0,0,1.0268722466960352,0.9176211453744494,False,False,False,False,0.047177818167776234,0.04585648970981077,False,False,False,False,2672713.0,2453285.1035342664,False,False,False,False,73647.30827874933,False,False,False,False
2025-05-23 14:00:00+00:00,50.53,50.84,50.505,50.525,44920.0,,,,,,,,,,,,,,,,,,,,,,,,,,,,,"rgba(239, 83, 80, 0.75)",0.8118669397925385,50.80417050653642,-0.34386239031701704,33.496312220747484,-20.955005916361685,False,True,False,True,True,0.0,0.0,0.0,0.0,0.0,0,1.0245279689430034,0.9172401623433916,False,False,False,False,0.035586433622111543,0.04072146166596116,False,False,False,False,2627793.0,2455990.6523166806,False,False,False,False,73201.9236542726,False,False,False,False
2025-05-23 15:00:00+00:00,50.525,50.735,50.365,50.57,45450.0,,,,,,,,,,,,,,,,,,,,,,,,,,,,,"rgba(239, 83, 80, 0.75)",0.8112536178240477,50.79874431712609,-0.2819640025022427,33.624399698995965,-20.955005916361685,False,True,False,True,True,0.0,0.0,0.0,0.0,0.0,0,1.0274871431104806,0.9175385706685584,False,False,False,False,-0.02561322198893562,0.007554119838512771,False,False,False,False,2673243.0,2459358.9057691353,False,False,False,False,72771.66127203582,False,False,False,False
2025-05-23 16:00:00+00:00,50.57,50.615,50.38,50.42,29563.0,,,,,,,,,,,,,,,,,,,,,,,,,,,,,"rgba(239, 83, 80, 1.0)",0.8102064690698885,50.79462529896392,-0.4623825077501388,32.360930978162756,-20.955005916361685,False,True,False,True,False,0.0,0.0,0.0,0.0,0.0,0,1.024876070301938,0.9306894997746733,False,False,False,False,-0.05437661598365171,-0.02341124807256947,False,False,False,False,2643680.0,2462216.5971525596,False,False,False,False,72101.75954688797,False,False,False,False
2025-05-23 17:00:00+00:00,50.425,50.675,50.395,50.665,33854.0,,,,,,,,,,,,,,,,,,,,,,,,,,,,,"rgba(239, 83, 80, 0.75)",0.8105567711637803,50.79113438801742,-0.15561450166694482,35.727833154162084,-19.199974663881935,False,True,False,True,True,0.0,0.0,0.0,0.0,0.0,0,1.0186669094882534,0.930067382990348,False,False,False,False,-0.046741711539609335,-0.035076479806089404,False,False,False,False,2677534.0,2465554.8514602715,False,False,False,False,71508.77102678118,False,False,False,False
2025-05-23 18:00:00+00:00,50.665,50.74,50.44,50.58,35333.0,,,,,,,,,,,,,,,,,,,,,,,,,,,,,"rgba(239, 83, 80, 0.75)",0.8142056207082864,50.78770094436638,-0.25509642660744397,37.043480709638075,-17.80943108103081,False,True,False,True,True,0.0,0.0,0.0,0.0,0.0,0,1.0159511439248927,0.9234345091605141,False,False,False,False,-0.03555344344018399,-0.0353149616231367,False,False,False,False,2642201.0,2468293.5514376317,False,False,False,False,70947.9063596993,False,False,False,False
2025-05-23 19:00:00+00:00,50.575,50.695,50.515,50.68,108075.0,,,,,,,,,,,,,,,,,,,,,,,,,,,,,"rgba(239, 83, 80, 0.75)",0.8170771794128688,50.77909767178881,-0.12128312267884019,39.527719278545824,-15.33156643986699,False,True,False,True,True,0.0,0.0,0.0,0.0,0.0,0,1.0177509378717173,0.924238265166072,False,False,False,False,-0.056958075755157024,-0.046136518689146866,False,False,False,False,2750276.0,2472665.372345575,False,False,False,False,71523.52021458768,False,False,False,False
2025-05-26 14:00:00+00:00,50.68,50.68,50.68,50.68,0.0,,,,,,,,,,,,,,,,,,,,,,,,,,,,,"rgba(239, 83, 80, 0.75)",0.8176987209225469,50.77909767178881,-0.12119093408512044,41.18387832448432,-13.65073118354195,False,True,False,True,True,0.0,0.0,0.0,0.0,0.0,0,1.0167757396995114,0.9282883215042862,False,False,False,False,-0.04066280026171211,-0.04339965947542949,False,False,False,False,2750276.0,2476969.4130844036,False,False,False,False,70414.628428315,False,False,False,False
2025-05-26 15:00:00+00:00,50.68,50.68,50.68,50.68,0.0,,,,,,,,,,,,,,,,,,,,,,,,,,,,,"rgba(239, 83, 80, 0.5)",0.8197406038850509,50.77909767178881,-0.12088906090432941,42.287984355109984,-12.44785860101041,False,False,False,True,True,0.0,0.0,0.0,0.0,0.0,0,1.0176530707051936,0.9275294992102575,False,False,False,False,-0.07320190938787509,-0.05830078443165229,False,False,False,False,2750276.0,2481206.7245094515,False,False,False,False,69322.92876275972,False,False,False,False
2025-05-26 16:00:00+00:00,50.68,50.68,50.68,50.68,0.0,,,,,,,,,,,,,,,,,,,,,,,,,,,,,"rgba(239, 83, 80, 0.5)",0.8210876493579093,50.77909767178881,-0.12069073486406241,43.02405504219376,-11.532750671170433,False,False,False,True,True,0.0,0.0,0.0,0.0,0.0,1,1.0102839890555713,0.93791867157279,False,False,False,False,-0.07320190938787509,-0.0657513469097637,False,False,False,False,2750276.0,2485378.341183724,False,False,False,False,68248.15467341461,False,False,False,False
2025-05-26 17:00:00+00:00,50.68,50.68,50.68,50.68,0.0,,,,,,,,,,,,,,,,,,,,,,,,,,,,,"rgba(239, 83, 80, 0.5)",0.8230818542155495,50.77909767178881,-0.12039831917234795,43.51476883358294,-10.794252195021635,False,False,False,True,True,0.0,0.0,0.0,0.0,0.0,0,1.0037692084662222,0.9562191939692667,False,False,False,False,-0.07320190938787509,-0.06947662814881939,False,False,False,False,2750276.0,2489485.281630488,False,False,False,False,67190.04374824539,False,False,False,False
2025-05-26 18:00:00+00:00,50.68,50.68,50.68,50.68,0.0,,,,,,,,,,,,,,,,,,,,,,,,,,,,,"rgba(239, 83, 80, 0.5)",0.8226796088021786,50.77909767178881,-0.12045718737711011,43.84191136117573,-10.168880880797786,False,False,False,True,True,0.0,0.0,0.0,0.0,0.0,0,0.9818695779315724,0.9617896481138515,False,False,False,False,-0.07320190938787509,-0.07133926876834723,False,False,False,False,2750276.0,2493528.548581953,False,False,False,False,66148.33764362143,False,False,False,False
2025-05-26 19:00:00+00:00,50.68,50.68,50.68,50.68,0.0,,,,,,,,,,,,,,,,,,,,,,,,,,,,,"rgba(239, 83, 80, 0.5)",0.8172880224938309,50.77909767178881,-0.12125183418989809,44.06000637957093,-9.621297251119294,False,False,False,True,True,0.0,0.0,0.0,0.0,0.0,0,0.9814924197676709,0.9628863949596379,False,False,False,False,-0.07320190938787509,-0.07227058907811115,False,False,False,False,2750276.0,2497509.1292240936,False,False,False,False,65122.7820212397,False,False,False,False
2025-05-27 14:00:00+00:00,51.16,51.24,50.93,50.955,90071.0,,,,,,,,,,,,,,,,,,,,,,,,,,,,,#000000,0.8128442444687233,50.78153449460035,0.21340558979171353,50.3829710895582,-3.572504155681834,True,False,False,False,True,0.23455864996164877,0.0,0.0,0.0,0.0,0,0.9793905926437236,0.9615422542155608,False,False,False,False,0.022396588569398593,-0.02493700025435628,False,False,False,False,2840347.0,2502824.4450500766,False,False,False,False,65509.576098429774,False,False,False,False
2025-05-27 15:00:00+00:00,50.96,51.035,50.82,50.83,48361.0,,,,,,,,,,,,,,,,,,,,,,,,,,,,,"rgba(38, 166, 154, 1.0)",0.8087136265266536,50.78097550489587,0.06062034012544477,51.53418495370329,-2.5536625014535232,True,False,True,False,True,0.0,0.0,0.0,0.0,0.0,0,0.972568825510002,0.9657357892652013,False,False,False,False,-0.014733220059915286,-0.019835110157135783,False,False,False,False,2791986.0,2507307.569933021,False,False,False,False,65243.7067015549,False,False,False,False
2025-05-27 16:00:00+00:00,50.835,51.155,50.785,51.12,42135.0,,,,,,,,,,,,,,,,,,,,,,,,,,,,,"rgba(38, 166, 154, 1.0)",0.8076715615592225,50.78170014422887,0.41885819913980005,56.54411938550851,2.034074171030703,True,False,True,False,True,1.5915852045403298,0.0,0.0,0.0,0.0,0,0.9648965791567223,0.9745425616547336,False,False,False,False,-0.004714332256555125,-0.012274721206845455,False,False,False,False,2834121.0,2512374.4448177805,False,False,False,False,64885.43217905017,False,False,False,False
2025-05-27 17:00:00+00:00,51.12,51.425,51.11,51.315,70975.0,,,,,,,,,,,,,,,,,,,,,,,,,,,,,"rgba(38, 166, 154, 1.0)",0.7957001563019214,50.81179998957318,0.6323990342863294,61.80741293173375,6.681233605247101,True,False,True,False,True,3.1479725311928775,0.0,0.0,0.0,0.0,0,0.9874798061389338,0.9636510500807756,False,False,False,False,0.0655042282426458,0.026614753517900176,False,False,False,False,2905096.0,2518463.1510996753,False,False,False,False,64979.84408325094,False,False,False,False
2025-05-27 18:00:00+00:00,51.315,51.36,51.115,51.125,44665.0,,,,,,,,,,,,,,,,,,,,,,,,,,,,,"rgba(38, 166, 154, 1.0)",0.7743544361550193,50.81238234771091,0.4037139037278119,61.48084608612687,6.681233605247101,True,False,True,False,True,1.5346439782242491,0.0,0.0,0.0,0.0,0,0.991783323189288,0.9483668086833029,False,False,False,False,0.058405592663320016,0.042510173090610094,False,False,False,False,2860431.0,2523764.9782144087,False,False,False,False,64664.8852602548,False,False,False,False
2025-05-27 19:00:00+00:00,51.125,51.19,50.93,51.02,122261.0,,,,,,,,,,,,,,,,,,,,,,,,,,,,,"rgba(38, 166, 154, 0.75)",0.7489758051879404,50.80897074669325,0.2817571032936124,59.43838053839461,6.681233605247101,True,False,True,False,False,0.6539072851376737,0.0,0.0,0.0,0.0,0,0.9908462164361269,0.9471114727420668,False,False,False,False,0.016501485241274306,0.0295058291659422,False,False,False,False,2738170.0,2527089.0870793015,False,False,False,False,65557.84827947566,False,False,False,False
2025-05-28 14:00:00+00:00,50.515,50.79,50.095,50.095,108990.0,,,,,,,,,,,,,,,,,,,,,,,,,,,,,"rgba(239, 83, 80, 0.5)",0.7428467158461499,50.78275800154692,-0.9258410744449714,49.378158610296325,5.73014782619417,True,False,False,True,False,0.0,0.0,0.0,0.0,0.0,0,0.976872800402212,0.9488185017596783,False,False,False,False,-0.12977727932661723,-0.05013572508033751,False,False,False,False,2629180.0,2528671.891930785,False,False,False,False,66231.21497281712,False,False,False,False
2025-05-28 15:00:00+00:00,50.095,50.375,50.035,50.125,58277.0,,,,,,,,,,,,,,,,,,,,,,,,,,,,,"rgba(239, 83, 80, 0.5)",0.7390855257780267,50.76935867918306,-0.8718323613559447,43.0701005884214,0.3565849713738132,False,False,False,True,False,0.0,0.0,0.0,0.0,0.0,0,0.97635814889336,0.9565392354124749,False,False,False,False,-0.18719195570163513,-0.11866384039098632,False,False,False,False,2687457.0,2531133.676552013,False,False,False,False,66107.89381044786,False,False,False,False
2025-05-28 16:00:00+00:00,50.125,50.335,50.12,50.275,30628.0,,,,,,,,,,,,,,,,,,,,,,,,,,,,,"rgba(239, 83, 80, 0.5)",0.7273960282969314,50.763594738208766,-0.6717038850936892,40.87827571124001,-1.309439886492612,False,False,False,True,False,0.0,0.0,0.0,0.0,0.0,0,0.997750281214848,0.9525513856222517,False,False,False,False,-0.1817058816172366,-0.15018486100411146,False,False,False,False,2718085.0,2534032.14668299,False,False,False,False,65557.81793741765,False,False,False,False
2025-05-28 17:00:00+00:00,50.275,50.35,50.08,50.115,26509.0,,,,,,,,,,,,,,,,,,,,,,,,,,,,,"rgba(239, 83, 80, 0.5)",0.7343565731827721,50.75840302336313,-0.876145249949295,38.26879913224817,-3.6339481713143797,False,False,False,True,False,0.0,0.0,0.0,0.0,0.0,0,0.9916000819504199,0.9480639213275968,False,False,False,False,-0.184752344358793,-0.16746860268145225,False,False,False,False,2691576.0,2536474.687044494,False,False,False,False,64952.40990738017,False,False,False,False
2025-05-28 18:00:00+00:00,50.11,50.245,49.835,50.085,34169.0,,,,,,,,,,,,,,,,,,,,,,,,,,,,,"rgba(239, 83, 80, 1.0)",0.7383991693748719,50.750849981385095,-0.9017480097503384,36.314081758190696,-5.534704207554761,False,True,False,True,False,0.0,0.0,0.0,0.0,0.0,0,0.9831460674157303,0.9520939734422881,False,False,False,False,-0.22778827479734273,-0.1976284387393975,False,False,False,False,2657407.0,2538349.6066251993,False,False,False,False,64475.147738273496,False,False,False,False
2025-05-28 19:00:00+00:00,50.08,50.16,49.975,50.075,116219.0,,,,,,,,,,,,,,,,,,,,,,,,,,,,,"rgba(239, 83, 80, 1.0)",0.7448257066814359,50.728364132093674,-0.8772040575837922,34.93243610226328,-7.069698603056679,False,True,False,True,False,0.0,0.0,0.0,0.0,0.0,0,0.9854938271604938,0.9593621399176956,False,False,False,False,-0.2209742396466976,-0.20930133919304755,False,False,False,False,2541188.0,2538393.612724033,False,False,False,False,65277.37800589716,False,False,False,False
2025-05-29 14:00:00+00:00,50.32,50.58,50.115,50.48,28577.0,,,,,,,,,,,,,,,,,,,,,,,,,,,,,"rgba(239, 83, 80, 0.5)",0.7475606094926561,50.72562609068101,-0.3285701354004091,39.63580941006047,-7.069698603056679,False,False,False,True,True,0.0,0.0,0.0,0.0,0.0,0,0.9778050526746446,0.9535644880842795,False,False,False,False,-0.15262049437713668,-0.18096091678509213,False,False,False,False,2569765.0,2538879.990821335,False,False,False,False,64708.3798972786,False,False,False,False
2025-05-29 15:00:00+00:00,50.48,50.51,49.88,49.93,22256.0,,,,,,,,,,,,,,,,,,,,,,,,,,,,,"rgba(239, 83, 80, 0.5)",0.7581041134613457,50.72198803364282,-1.044695602595758,38.269508955610746,-7.069698603056679,False,False,False,True,True,0.0,0.0,0.0,0.0,0.0,0,0.9784311730593144,0.9529962356292604,False,False,False,False,-0.18963377159466824,-0.1852973441898802,False,False,False,False,2547509.0,2539013.773909376,False,False,False,False,64050.20346476266,False,False,False,False
2025-05-29 16:00:00+00:00,49.93,50.135,49.83,50.105,23690.0,,,,,,,,,,,,,,,,,,,,,,,,,,,,,"rgba(239, 83, 80, 0.5)",0.7669165769731421,50.717733924216645,-0.7989577257998256,39.286744270950905,-7.069698603056679,False,False,False,True,True,0.0,0.0,0.0,0.0,0.0,0,0.9980272038209949,0.9546256878828783,False,False,False,False,-0.24210407195830397,-0.21370070807409208,False,False,False,False,2571199.0,2539512.7696627188,False,False,False,False,63424.46387616169,False,False,False,False
2025-05-29 17:00:00+00:00,50.1,50.17,49.795,49.83,20444.0,,,,,,,,,,,,,,,,,,,,,,,,,,,,,"rgba(239, 83, 80, 0.5)",0.7793936370292012,50.71370131194334,-1.133831827665064,38.07910763088694,-7.069698603056679,False,False,False,True,True,0.0,0.0,0.0,0.0,0.0,0,0.9801529873888777,0.9560678106264213,False,False,False,False,-0.24210407195830397,-0.22790239001619803,False,False,False,False,2550755.0,2539687.067807483,False,False,False,False,62758.100095135924,False,False,False,False
2025-05-29 18:00:00+00:00,49.825,49.935,49.74,49.875,27908.0,,,,,,,,,,,,,,,,,,,,,,,,,,,,,"rgba(239, 83, 80, 0.5)",0.7913453193230994,50.70779935405041,-1.0523842546548046,37.80124415720836,-7.069698603056679,False,False,False,True,True,0.0,0.0,0.0,0.0,0.0,0,0.9847367874571699,0.9601287509085245,False,False,False,False,-0.27865599366680677,-0.2532791918415024,False,False,False,False,2578663.0,2540291.3458259716,False,False,False,False,62217.78846575397,False,False,False,False
2025-05-29 19:00:00+00:00,49.875,49.895,49.67,49.74,83612.0,,,,,,,,,,,,,,,,,,,,,,,,,,,,,"rgba(239, 83, 80, 0.75)",0.8028799064270492,50.68953124726284,-1.1826566335286852,36.664799208899225,-7.112817050595403,False,True,False,True,True,0.0,0.0,0.0,0.0,0.0,0,0.9824178110694967,0.9598418643362463,False,False,False,False,-0.292707624371377,-0.2729934081064397,False,False,False,False,2495051.0,2539589.9451154913,False,False,False,False,62549.4816678353,False,False,False,False
2025-05-30 14:00:00+00:00,49.35,49.595,49.35,49.46,96734.0,,,,,,,,,,,,,,,,,,,,,,,,,,,,,"rgba(239, 83, 80, 1.0)",0.8221830532023481,50.6638614453134,-1.4642255646409157,34.16855728369327,-9.91392154148506,False,True,False,True,False,0.0,0.0,0.0,0.0,0.0,0,0.9744282744282746,0.9651767151767151,False,False,False,False,-0.34282825441539394,-0.3079108312609168,False,False,False,False,2398317.0,2537399.6668966464,False,False,False,False,63079.47420011692,False,False,False,False
2025-05-30 15:00:00+00:00,49.465,49.81,49.465,49.635,74002.0,,,,,,,,,,,,,,,,,,,,,,,,,,,,,"rgba(239, 83, 80, 1.0)",0.8385988528707854,50.64813368585878,-1.2081267251803534,34.7792549642025,-9.91392154148506,False,True,False,True,False,0.0,0.0,0.0,0.0,0.0,0,0.979384679782336,0.9642109669317704,False,False,False,False,-0.3014877570916159,-0.30469929417626634,False,False,False,False,2472319.0,2536390.664309101,False,False,False,False,63248.81568538643,False,False,False,False
2025-05-30 16:00:00+00:00,49.635,49.67,49.42,49.625,43805.0,,,,,,,,,,,,,,,,,,,,,,,,,,,,,"rgba(239, 83, 80, 1.0)",0.8548012149718069,50.638647232818926,-1.1858280206730378,35.11250837658617,-9.91392154148506,False,True,False,True,False,0.0,0.0,0.0,0.0,0.0,0,0.96488645920942,0.9762405382674514,False,False,False,False,-0.3245319554525636,-0.31461562481441496,False,False,False,False,2428514.0,2534718.157885704,False,False,False,False,62947.361178636245,False,False,False,False
2025-05-30 17:00:00+00:00,49.625,49.81,49.605,49.76,48856.0,,,,,,,,,,,,,,,,,,,,,,,,,,,,,"rgba(239, 83, 80, 0.75)",0.8680763033677552,50.629888802544,-1.0020879491459647,37.16509920805453,-9.91392154148506,False,True,False,True,True,0.0,0.0,0.0,0.0,0.0,0,0.9747023809523812,0.9721513605442175,False,False,False,False,-0.2842544144404183,-0.29943501962741664,False,False,False,False,2477370.0,2533829.039158794,False,False,False,False,62728.890462688396,False,False,False,False
2025-05-30 18:00:00+00:00,49.755,50.15,49.755,50.135,71213.0,,,,,,,,,,,,,,,,,,,,,,,,,,,,,"rgba(239, 83, 80, 0.5)",0.8719757362936434,50.62155784946572,-0.557994711565996,42.661449578131496,-12.368936081736678,False,False,False,True,True,0.0,0.0,0.0,0.0,0.0,0,0.9803838405259253,0.9531332838511292,False,False,False,False,-0.22514239404407593,-0.2622887068357463,False,False,False,False,2548583.0,2534057.7827377273,False,False,False,False,62860.42704466222,False,False,False,False
2025-05-30 19:00:00+00:00,50.125,50.34,50.06,50.07,104797.0,,,,,,,,,,,,,,,,,,,,,,,,,,,,,"rgba(239, 83, 80, 0.5)",0.8695747018872598,50.6126501279353,-0.6240408406058375,45.61934100969901,-9.621800031174644,True,False,False,True,True,0.0,0.0,0.0,0.0,0.0,0,0.9839566510837231,0.9538886527836802,False,False,False,False,-0.16695839336848126,-0.21462355010211376,False,False,False,False,2443786.0,2532658.2202146617,False,False,False,False,63510.60647032637,False,False,False,False
2025-06-02 14:00:00+00:00,48.975,49.03,48.72,48.965,63451.0,,,,,,,,,,,,,,,,,,,,,,,,,,,,,"rgba(239, 83, 80, 0.5)",0.886849479900705,50.54243452084951,-1.7786947577915064,40.199323151339755,-4.09229621974211,False,False,False,True,False,0.0,1.0,49.03,48.72,503.0,0,0.9749248782509587,0.9588643663869028,True,False,False,False,-0.34282825441539394,-0.2787259022587538,False,False,False,False,2380335.0,2530296.6199012557,True,False,False,False,63509.68233900348,False,False,False,False
2025-06-02 15:00:00+00:00,48.96,49.33,48.825,49.22,50283.0,,,,,,,,,,,,,,,,,,,,,,,,,,,,,"rgba(239, 83, 80, 1.0)",0.8995058603438558,50.53438555995116,-1.461230679974347,38.95215857930428,-5.14404622338229,False,True,False,True,False,0.0,0.0,0.0,0.0,0.0,0,0.9798906878416007,0.9526657729194595,False,False,False,False,-0.3007264156272711,-0.28972615894301246,False,False,False,False,2430618.0,2528751.2149415463,False,False,False,False,63304.61749653831,False,False,False,False
2025-06-02 16:00:00+00:00,49.225,49.425,49.1,49.355,38019.0,,,,,,,,,,,,,,,,,,,,,,,,,,,,,"rgba(239, 83, 80, 1.0)",0.9058053506871538,50.52962428634533,-1.2967734022041841,39.31678610591812,-5.14404622338229,False,True,False,True,False,0.0,0.0,0.0,0.0,0.0,0,0.9840453448094891,0.9631573422903328,False,False,False,False,-0.2631510004436111,-0.27643857969331176,False,False,False,False,2468637.0,2527819.2116091195,False,False,False,False,62912.5924190726,False,False,False,False
2025-06-02 17:00:00+00:00,49.355,49.535,49.29,49.48,35111.0,,,,,,,,,,,,,,,,,,,,,,,,,,,,,"rgba(239, 83, 80, 0.5)",0.9134958739435298,50.5262480332409,-1.145323217196684,40.67011441755448,-5.14404622338229,False,False,False,True,False,0.0,0.0,0.0,0.0,0.0,0,0.9877701634159202,0.9616236162361623,False,False,False,False,-0.23321343605551154,-0.2548260078744117,False,False,False,False,2503748.0,2527446.014529908,False,False,False,False,62481.55997846682,False,False,False,False
2025-06-02 18:00:00+00:00,49.475,49.665,49.475,49.655,49290.0,,,,,,,,,,,,,,,,,,,,,,,,,,,,,"rgba(239, 83, 80, 0.5)",0.9146569927653501,50.52308431369027,-0.9490818094176754,43.09094483172798,-5.14404622338229,False,False,False,True,True,0.0,0.0,0.0,0.0,0.0,0,0.9837140439932321,0.9641497461928934,False,False,False,False,-0.20221400094394879,-0.22852000440918024,False,False,False,False,2553038.0,2527842.7894984367,False,False,False,False,62277.03966872315,False,False,False,False
2025-06-02 19:00:00+00:00,49.655,49.85,49.62,49.835,140245.0,,,,,,,,,,,,,,,,,,,,,,,,,,,,,"rgba(239, 83, 80, 0.5)",0.9088605478815946,50.515314928175385,-0.7485360980417596,46.18306884426977,-9.456875082699192,True,False,False,True,True,0.0,0.0,0.0,0.0,0.0,0,0.9892758547462308,0.9593331917604586,False,False,False,False,-0.17014366109444634,-0.1993318327518133,False,False,False,False,2693283.0,2530407.754002337,False,False,False,False,63485.84525525457,False,False,False,False
2025-06-03 14:00:00+00:00,49.22,49.485,49.135,49.465,125751.0,,,,,,,,,,,,,,,,,,,,,,,,,,,,,"rgba(239, 83, 80, 0.5)",0.908255292126509,50.49144536810794,-1.130128695099268,45.37211642944256,-9.456875082699192,True,False,False,True,True,0.0,0.0,0.0,0.0,0.0,0,0.9788665755441069,0.9547891914625171,False,False,False,False,-0.25362319149207896,-0.2264775121219461,False,False,False,False,2567532.0,2530983.3237077272,False,False,False,False,64451.19649160722,False,False,False,False
2025-06-03 15:00:00+00:00,49.465,49.73,49.405,49.715,112829.0,,,,,,,,,,,,,,,,,,,,,,,,,,,,,"rgba(239, 83, 80, 0.5)",0.9029565452017362,50.47815010165162,-0.845168137610783,46.916009187658304,-8.457162986555566,True,False,False,True,True,0.0,0.0,0.0,0.0,0.0,0,0.9829921259842522,0.9517060367454069,False,False,False,False,-0.20270292318499686,-0.21459021765347147,False,False,False,False,2680361.0,2533299.256673499,False,False,False,False,65201.23995685361,False,False,False,False
2025-06-03 16:00:00+00:00,49.715,50.34,49.705,50.295,89362.0,,,,,,,,,,,,,,,,,,,,,,,,,,,,,"rgba(38, 166, 154, 1.0)",0.8919999444512494,50.47745240356569,-0.20454306606255881,51.6934324070137,-3.850046589003057,True,False,True,False,True,0.0,0.0,0.0,0.0,0.0,0,1.0084410727641844,0.936531680735121,False,False,False,False,-0.11504255053394627,-0.16481638409370886,False,False,False,False,2769723.0,2536964.7410661583,False,False,False,False,65575.82538387914,False,False,False,False
2025-06-03 17:00:00+00:00,50.3,50.465,50.205,50.255,69476.0,,,,,,,,,,,,,,,,,,,,,,,,,,,,,"rgba(38, 166, 154, 1.0)",0.8863981829510194,50.479187395369756,-0.2529195114360266,54.5282371977126,-1.1859794834872304,True,False,True,False,True,0.0,0.0,0.0,0.0,0.0,0,1.0125442264393698,0.934062399485365,False,False,False,False,-0.05591881687593304,-0.11036760048482094,False,False,False,False,2700247.0,2539496.2489566053,False,False,False,False,65636.2932073849,False,False,False,False
2025-06-03 18:00:00+00:00,50.26,50.31,50.08,50.115,84202.0,,,,,,,,,,,,,,,,,,,,,,,,,,,,,"rgba(38, 166, 154, 1.0)",0.874387342786567,50.47816940376766,-0.41534156088110746,55.14877749306103,-0.5081966689428086,True,False,True,False,True,0.0,0.0,0.0,0.0,0.0,0,1.007823384417533,0.9349480227199656,False,False,False,False,-0.08233348218835343,-0.09635054133658719,False,False,False,False,2616045.0,2540683.0512983636,False,False,False,False,65924.13362277427,False,False,False,False
2025-06-03 19:00:00+00:00,50.11,50.255,49.995,50.055,142751.0,,,,,,,,,,,,,,,,,,,,,,,,,,,,,"rgba(38, 166, 154, 1.0)",0.8559735619391907,50.47376383882563,-0.4892252020926116,55.00615385901689,-0.4021684876257865,True,False,True,False,True,0.0,0.0,0.0,0.0,0.0,0,1.010062085206594,0.9320274031256689,False,False,False,False,-0.09558162737025458,-0.09596608435342088,False,False,False,False,2473294.0,2539638.2598053655,False,False,False,False,67115.24783017312,False,False,False,False
2025-06-04 14:00:00+00:00,51.095,51.96,51.02,51.855,108032.0,,,,,,,,,,,,,,,,,,,,,,,,,,,,,"rgba(38, 166, 154, 1.0)",0.8452933176081063,50.49967303073983,1.6033806739361018,62.453386149646846,6.675810629638036,True,False,True,False,True,8.762121174349144,0.0,0.0,0.0,0.0,0,1.010940241510992,0.9102074517494064,False,False,False,False,0.16242334558933733,0.03322863061795822,False,False,False,False,2581326.0,2540284.5813587704,False,False,False,False,67749.6160808681,False,False,False,False
2025-06-04 15:00:00+00:00,51.86,52.39,51.785,52.345,189365.0,,,,,,,,,,,,,,,,,,,,,,,,,,,,,"rgba(38, 166, 154, 1.0)",0.845022522222449,50.557577774935815,2.1152361955550947,68.42039327100534,12.0408980287067,True,False,True,False,True,11.395073357523817,0.0,0.0,0.0,0.0,0,1.0329738058551619,0.8996404725218283,False,False,False,False,0.28031927578203686,0.15677395319999754,False,False,False,False,2770691.0,2543856.773895844,False,False,False,False,69635.12590907169,False,False,False,False
2025-06-04 16:00:00+00:00,52.345,52.355,51.985,52.12,79941.0,,,,,,,,,,,,,,,,,,,,,,,,,,,,,"rgba(38, 166, 154, 1.0)",0.8404023221429062,50.579454060181355,1.8331052868707807,70.67975101298843,13.944271183917941,True,False,True,False,True,9.81538450545889,0.0,0.0,0.0,0.0,0,1.0421936554012026,0.9037943188886585,False,False,False,False,0.29713799252800804,0.2269559728640028,False,False,False,False,2690750.0,2546134.1882540477,False,False,False,False,69794.90690272949,False,False,False,False
2025-06-04 17:00:00+00:00,52.12,52.26,52.015,52.205,81451.0,,,,,,,,,,,,,,,,,,,,,,,,,,,,,"rgba(38, 166, 154, 1.0)",0.8404023221429062,50.600688819202375,1.9089799474933127,72.4054517376608,15.538990893751901,True,False,True,False,True,10.271618513980094,0.0,0.0,0.0,0.0,0,1.0317113745061344,0.9077770846329797,False,False,False,False,0.29049341359277286,0.2587246932283878,False,False,False,False,2772201.0,2549639.1000640625,False,False,False,False,69975.6215243926,False,False,False,False
2025-06-04 18:00:00+00:00,52.195,52.24,52.06,52.145,43493.0,,,,,,,,,,,,,,,,,,,,,,,,,,,,,"rgba(38, 166, 154, 1.0)",0.8370100799118252,50.61151893198368,1.83209390761204,73.0338824615138,16.29540912947938,True,False,True,False,True,9.843888857917836,0.0,0.0,0.0,0.0,0,1.0308997590866242,0.9126427149890016,False,False,False,False,0.29304603930607237,0.2758853662672301,False,False,False,False,2728708.0,2552415.362078573,False,False,False,False,69565.03824494465,False,False,False,False
2025-06-04 19:00:00+00:00,52.14,52.275,52.05,52.15,130648.0,,,,,,,,,,,,,,,,,,,,,,,,,,,,,"rgba(38, 166, 154, 1.0)",0.8327863412005603,50.64267119763822,1.8099826183373555,73.46939119400169,17.03881792959953,True,False,True,False,True,9.87166855376423,0.0,0.0,0.0,0.0,0,1.0314201927105153,0.9045873481357352,False,False,False,False,0.29560238366432534,0.2857438749657777,False,False,False,False,2859356.0,2557174.13165875,False,False,False,False,70512.06090781372,False,False,False,False
2025-06-05 14:00:00+00:00,52.515,53.655,52.505,53.6,190147.0,,,,,,,,,,,,,,,,,,,,,,,,,,,,,"rgba(38, 166, 154, 1.0)",0.8850310881698755,50.71491683051382,3.2598664702865308,77.06635517730068,20.730364488429345,True,False,True,False,True,17.16811801520913,0.0,0.0,0.0,0.0,0,1.0318302387267906,0.8821669047133238,False,False,False,False,0.342828236801658,0.31428605588371783,False,False,False,False,3049503.0,2564807.137369467,False,False,False,False,72366.86616505691,False,True,False,False
2025-06-05 15:00:00+00:00,53.59,53.855,53.13,53.49,159149.0,,,,,,,,,,,,,,,,,,,,,,,,,,,,,"rgba(38, 166, 154, 1.0)",0.927371773026079,50.94524037691296,2.744055509456914,78.56723799707638,22.395131502122055,True,False,True,False,True,16.375669952254054,0.0,0.0,0.0,0.0,0,1.0460606060606061,0.8773737373737375,False,False,False,False,0.34282823837516435,0.32855714712944106,False,False,False,False,2890354.0,2569854.3755497853,False,False,False,False,73712.32560435835,False,False,False,False
2025-06-05 16:00:00+00:00,53.495,53.535,52.94,53.03,107571.0,,,,,,,,,,,,,,,,,,,,,,,,,,,,,"rgba(38, 166, 154, 0.75)",0.9493537963429437,50.971988453006,2.1678025146386717,76.0159315726638,22.395131502122055,True,False,True,False,False,13.141882431753672,0.0,0.0,0.0,0.0,0,1.041077916834881,0.8933185304804199,False,False,False,False,0.30244846525284697,0.315502806191144,False,False,False,False,2782783.0,2573155.594533509,False,False,False,False,74237.26629266287,False,False,False,False
2025-06-05 17:00:00+00:00,53.03,53.31,52.955,53.075,137499.0,,,,,,,,,,,,,,,,,,,,,,,,,,,,,"rgba(38, 166, 154, 0.75)",0.9759848710244426,51.007207421383484,2.1186727786528703,74.45247653039591,22.395131502122055,True,False,True,False,False,13.359640710204879,0.0,0.0,0.0,0.0,0,1.037838931606637,0.9014569000404693,False,False,False,False,0.2861024435162339,0.3008026248536889,False,False,False,False,2920282.0,2578537.399269424,False,False,False,False,75218.06836564484,False,False,False,False
2025-06-05 18:00:00+00:00,53.08,53.205,52.865,52.875,72801.0,,,,,,,,,,,,,,,,,,,,,,,,,,,,,"rgba(38, 166, 154, 0.75)",0.9988888285950654,51.023743544551266,1.8533158069777609,71.83683095766735,27.693207898371625,True,False,True,False,False,11.971144917010953,0.0,0.0,0.0,0.0,0,1.0300272975432212,0.9061773329289252,False,False,False,False,0.27105630861484564,0.2859294667342673,False,False,False,False,2847481.0,2582707.0674978048,False,False,False,False,75180.59443749531,False,False,False,False
2025-06-05 19:00:00+00:00,52.875,52.895,52.305,52.6,208519.0,,,,,,,,,,,,,,,,,,,,,,,,,,,,,"rgba(38, 166, 154, 0.75)",1.01633027369323,51.05530406337145,1.5198759464433724,68.03140342857297,23.98890478290312,True,False,True,False,False,10.094979241953908,0.0,0.0,0.0,0.0,0,1.0128477491148205,0.9246332827516438,False,False,False,False,0.20526609008891994,0.2455977784115936,False,False,False,False,2638962.0,2583579.236993963,False,False,False,False,77247.85653923957,False,False,False,False
2025-06-06 14:00:00+00:00,52.585,52.63,52.27,52.37,67774.0,,,,,,,,,,,,,,,,,,,,,,,,,,,,,"rgba(38, 166, 154, 0.75)",1.0301669942471305,51.06380629036906,1.2679436605183951,63.876143131896654,20.07559008644178,True,False,True,False,False,8.556661166573289,0.0,0.0,0.0,0.0,0,1.0113994910941477,0.9311959287531806,False,False,False,False,0.18300683888335387,0.21430230864747374,False,False,False,False,2571188.0,2583387.124792506,False,False,False,False,77100.97504250717,False,False,False,False
2025-06-06 15:00:00+00:00,52.37,52.59,52.31,52.565,47308.0,,,,,,,,,,,,,,,,,,,,,,,,,,,,,"rgba(38, 166, 154, 0.75)",1.0472976809067058,51.07043900026012,1.4270641738134542,62.16031873403982,18.43821543432641,True,False,True,False,False,9.57980047513919,0.0,0.0,0.0,0.0,0,1.0123873873873874,0.9295659295659294,False,False,False,False,0.18300683888335387,0.1986545737654138,False,False,False,False,2618496.0,2583931.448439134,False,False,False,False,76639.06845270086,False,False,False,False
2025-06-06 16:00:00+00:00,52.57,52.75,52.44,52.52,44112.0,,,,,,,,,,,,,,,,,,,,,,,,,,,,,"rgba(38, 166, 154, 0.75)",1.0639810292626288,51.077310102958606,1.3559357332162447,60.661219280584746,16.888117895479922,True,False,True,False,False,9.274216993119424,0.0,0.0,0.0,0.0,0,1.0124268255109377,0.9266714593817397,False,False,False,False,0.20452099249787167,0.20158778313164272,False,False,False,False,2574384.0,2583783.425982713,False,False,False,False,76134.77281777526,False,False,False,False
2025-06-06 17:00:00+00:00,52.51,52.74,52.48,52.685,48313.0,,,,,,,,,,,,,,,,,,,,,,,,,,,,,"rgba(38, 166, 154, 0.75)",1.0863604540097038,51.0853754565109,1.4724620521530978,60.64456094251541,16.591410671971204,True,False,True,False,False,10.150840127791014,0.0,0.0,0.0,0.0,0,1.0135428512353974,0.9285640442468726,False,False,False,False,0.20675696070691132,0.204172371919277,False,False,False,False,2622697.0,2584386.737207787,False,False,False,False,75703.427502771,False,False,False,False
2025-06-06 18:00:00+00:00,52.685,52.855,52.685,52.795,62286.0,,,,,,,,,,,,,,,,,,,,,,,,,,,,,"rgba(38, 166, 154, 0.75)",1.1101205193886396,51.09722463398316,1.5293613047994399,61.28514842355323,16.591410671971204,True,False,True,False,False,10.733938075073553,0.0,0.0,0.0,0.0,0,1.0097672485453033,0.9304862842892768,False,False,False,False,0.2307393581093072,0.2174558650142921,False,False,False,False,2684983.0,2585946.3691890617,False,False,False,False,75495.4053709451,False,False,False,False
2025-06-06 19:00:00+00:00,52.795,52.815,52.47,52.485,216604.0,,,,,,,,,,,,,,,,,,,,,,,,,,,,,"rgba(38, 166, 154, 0.75)",1.126178229857753,51.13057893379445,1.2026702615061406,58.876496188876416,14.261462708212619,True,False,True,False,False,8.572981753381278,0.0,0.0,0.0,0.0,0,1.0016588906169,0.9314670813893209,False,False,False,False,0.2116085914876326,0.21453222825096235,False,False,False,False,2468379.0,2584123.619279154,False,False,False,False,77683.13552023277,False,False,False,False
2025-06-09 14:00:00+00:00,51.75,52.13,51.615,51.78,94966.0,,,,,,,,,,,,,,,,,,,,,,,,,,,,,#000000,1.1312932605834698,51.13395867507217,0.5710644157772408,52.619995809210955,8.281558229027333,False,False,False,False,False,3.9547791032717043,0.0,0.0,0.0,0.0,0,0.990691489361702,0.9387274959083469,False,False,False,False,0.09876601657806942,0.1566491224145159,False,False,False,False,2373413.0,2580856.7879725005,False,False,False,False,77951.08690751597,False,False,False,False
2025-06-09 15:00:00+00:00,51.785,51.88,51.655,51.775,50766.0,,,,,,,,,,,,,,,,,,,,,,,,,,,,,"rgba(239, 83, 80, 1.0)",1.1362718595208088,51.13537239974757,0.5629177514984636,48.4215221867389,4.453490848317138,False,True,False,True,False,3.9232169460113404,0.0,0.0,0.0,0.0,0,1.0009269749716756,0.9410855906890514,False,False,False,False,0.08363244047562665,0.12014078144507127,False,False,False,False,2322647.0,2576853.535445795,False,False,False,False,77529.61269189557,False,False,False,False
2025-06-09 16:00:00+00:00,51.775,51.79,51.595,51.595,41362.0,,,,,,,,,,,,,,,,,,,,,,,,,,,,,"rgba(239, 83, 80, 1.0)",1.1394042816828693,51.135926108235694,0.40290693930539334,44.59746916435326,1.0076243764345207,False,True,False,True,False,2.7810269435254575,0.0,0.0,0.0,0.0,0,1.017351500958058,0.9299552906110282,False,False,False,False,0.07284649532787764,0.09649363838647446,False,False,False,False,2281285.0,2572271.0775319063,False,False,False,False,76968.87451062586,False,False,False,False
2025-06-09 17:00:00+00:00,51.595,51.67,51.48,51.605,45438.0,,,,,,,,,,,,,,,,,,,,,,,,,,,,,"rgba(239, 83, 80, 1.0)",1.1405292552065995,51.136123510640275,0.4111043072496973,42.148542638974874,-1.210776312567333,False,True,False,True,False,2.8402280939838676,0.0,0.0,0.0,0.0,0,1.0220075147611378,0.920558239398819,False,False,False,False,0.05598151772125427,0.07623757805386436,False,False,False,False,2326723.0,2568464.130593427,False,False,False,False,76480.02374301925,False,False,False,False
2025-06-09 18:00:00+00:00,51.605,51.705,51.41,51.41,50082.0,,,,,,,,,,,,,,,,,,,,,,,,,,,,,"rgba(239, 83, 80, 1.0)",1.1414014895559317,51.135896250549,0.24014665475654445,39.337646711427226,-3.8586733540175544,False,True,False,True,False,1.5909338517540412,0.0,0.0,0.0,0.0,0,1.020528804815133,0.9146603611349956,False,False,False,False,0.05347266375270685,0.0648551209032856,False,False,False,False,2276641.0,2563939.740971823,False,False,False,False,76070.75205708096,False,False,False,False
2025-06-09 19:00:00+00:00,51.41,51.425,51.05,51.165,229967.0,,,,,,,,,,,,,,,,,,,,,,,,,,,,,"rgba(239, 83, 80, 1.0)",1.1412081357093231,51.126949241699094,0.03334252281443319,36.134579184648935,-6.90926203839787,False,True,False,True,False,0.046753767530816503,0.0,0.0,0.0,0.0,0,1.011717910126854,0.92248978714255,False,False,False,False,0.007682872597086775,0.03626899675018619,False,False,False,False,2046674.0,2555920.117080787,False,False,False,False,78456.74039728125,False,False,False,False
2025-06-10 14:00:00+00:00,50.975,51.395,50.86,51.01,89053.0,,,,,,,,,,,,,,,,,,,,,,,,,,,,,"rgba(239, 83, 80, 1.0)",1.1410809124022663,51.122712969819794,-0.09877736854129532,33.22984525605182,-9.704182466078699,False,True,False,True,False,0.0,0.0,0.0,0.0,0.0,0,1.0006415739948673,0.9283575705731394,False,False,False,False,-0.008040245193683274,0.014114375778251458,False,False,False,False,1957621.0,2546644.161777209,False,False,False,False,78621.02349189704,False,False,False,False
2025-06-10 15:00:00+00:00,51.01,51.06,50.49,50.575,63278.0,,,,,,,,,,,,,,,,,,,,,,,,,,,,,"rgba(239, 83, 80, 1.0)",1.1416256111511232,51.11677540608576,-0.47456486679505383,29.49396413012317,-13.278833729942832,False,True,False,True,False,0.0,0.0,0.0,0.0,0.0,0,0.9952102182011708,0.9348589675359232,False,False,False,False,-0.05849109023034499,-0.022188357226046763,False,False,False,False,1894343.0,2536530.9654705855,False,False,False,False,78383.14715868933,False,False,False,False
2025-06-10 16:00:00+00:00,50.57,50.795,50.28,50.76,49136.0,,,,,,,,,,,,,,,,,,,,,,,,,,,,,"rgba(239, 83, 80, 1.0)",1.1416589280990392,51.11921394638782,-0.3146420857812129,29.24088789564146,-13.692503314852445,False,True,False,True,False,0.0,0.0,0.0,0.0,0.0,0,0.9890510948905108,0.9541648776298839,False,False,False,False,-0.09263549054680621,-0.05741192388642649,False,False,False,False,1943479.0,2527336.3613547627,False,False,False,False,77929.70301669414,False,False,False,False
2025-06-10 17:00:00+00:00,50.765,50.885,50.65,50.655,63497.0,,,,,,,,,,,,,,,,,,,,,,,,,,,,,"rgba(239, 83, 80, 1.0)",1.141164155864865,51.11717539323425,-0.4050034264211303,28.573132512306803,-14.678927255707741,False,True,False,True,False,0.0,0.0,0.0,0.0,0.0,0,0.9996765149881387,0.9507224498598232,False,False,False,False,-0.05956683863987034,-0.05848938126314841,False,False,False,False,1879982.0,2517299.8596283323,False,False,False,False,77705.94017922602,False,False,False,False
2025-06-10 18:00:00+00:00,50.65,50.72,50.485,50.505,85415.0,,,,,,,,,,,,,,,,,,,,,,,,,,,,,"rgba(239, 83, 80, 1.0)",1.1414523031473982,51.10626423705928,-0.5267537113915072,27.42646290709242,-16.184795386493306,False,True,False,True,False,0.0,0.0,0.0,0.0,0.0,0,0.9938557723401961,0.9517085264632963,False,False,False,False,-0.08327262426379015,-0.07088100276346929,False,False,False,False,1794567.0,2506094.6990139396,False,False,False,False,77825.46048652483,False,False,False,False
2025-06-10 19:00:00+00:00,50.505,50.62,50.365,50.62,135292.0,,,,,,,,,,,,,,,,,,,,,,,,,,,,,"rgba(239, 83, 80, 1.0)",1.140521861744551,51.090981894583095,-0.41295297388046553,28.22116982122114,-16.184795386493306,False,True,False,True,False,0.0,0.0,0.0,0.0,0.0,0,0.987252889705088,0.9606784055309495,False,False,False,False,-0.09912687712513708,-0.08500393994430319,False,False,False,False,1929859.0,2497160.812207522,False,False,False,False,78716.41458750893,False,False,False,False
2025-06-11 14:00:00+00:00,51.54,51.815,51.38,51.56,63611.0,,,,,,,,,,,,,,,,,,,,,,,,,,,,,"rgba(239, 83, 80, 0.75)",1.1425603341256239,51.100914503276684,0.40180416124339413,37.287986918131324,-19.10234117658258,False,True,False,True,True,2.7290353303430877,0.0,0.0,0.0,0.0,0,0.9918302387267903,0.9532095490716181,False,False,False,False,0.05920822631507965,-0.01289785681461177,False,False,False,False,1993470.0,2489351.652328335,False,False,False,False,78482.22211328399,False,False,False,False
2025-06-11 15:00:00+00:00,51.56,51.72,51.47,51.535,52224.0,,,,,,,,,,,,,,,,,,,,,,,,,,,,,"rgba(239, 83, 80, 0.75)",1.1439721103197096,51.10726682018735,0.37390175508134393,43.1330226430743,-13.847029450111037,False,True,False,True,True,2.5713087499608065,0.0,0.0,0.0,0.0,0,0.9936298970166682,0.9537105849877907,False,False,False,False,0.058849643543570467,0.022975893364479347,False,False,False,False,1941246.0,2480853.8902767333,False,False,False,False,78075.11789447338,False,False,False,False
2025-06-11 16:00:00+00:00,51.535,51.6,51.4,51.565,39048.0,,,,,,,,,,,,,,,,,,,,,,,,,,,,,#000000,1.1458293821390313,51.11089188093822,0.3963139068872985,47.24610827086843,-10.24347366039062,False,True,False,False,True,2.750827434755351,0.0,0.0,0.0,0.0,0,0.9915053763440858,0.9673118279569893,False,False,False,False,0.04523384959975255,0.03410487148211595,False,False,False,False,1980294.0,2473093.2718228307,False,False,False,False,77470.04629921023,False,False,False,False
2025-06-11 17:00:00+00:00,51.565,51.73,51.485,51.635,60690.0,,,,,,,,,,,,,,,,,,,,,,,,,,,,,"rgba(38, 166, 154, 0.5)",1.1480857550292327,51.11696073371112,0.45122001036907755,50.52768871403652,-7.3165670806561565,False,False,True,False,True,3.174692111811744,0.0,0.0,0.0,0.0,0,0.9953593783725445,0.9541333908914311,False,False,False,False,0.06064271042378992,0.04737379095295294,False,False,False,False,2040984.0,2466393.9032674376,False,False,False,False,77209.89054263332,False,False,False,False
2025-06-11 18:00:00+00:00,51.635,52.165,51.48,51.875,84036.0,,,,,,,,,,,,,,,,,,,,,,,,,,,,,"rgba(38, 166, 154, 0.5)",1.152384629077235,51.19399668850063,0.5909514013951023,54.47419130802162,-3.677935786879388,False,False,True,False,True,4.619251351446511,0.0,0.0,0.0,0.0,0,0.9972165721014877,0.9410127395353817,False,False,False,False,0.09155434944173504,0.06946407019734399,False,False,False,False,2125020.0,2461101.284612128,False,False,False,False,77315.72169701109,False,False,False,False
2025-06-11 19:00:00+00:00,51.875,51.965,51.53,51.805,203812.0,,,,,,,,,,,,,,,,,,,,,,,,,,,,,"rgba(38, 166, 154, 0.5)",1.155753437809792,51.209199841955105,0.5155080128283804,56.298925733692464,-1.9066273521129133,False,False,True,False,True,4.145506128838203,0.0,0.0,0.0,0.0,0,1.0009613330484937,0.9431745353556933,False,False,False,False,0.0807543926791071,0.07510923143822554,False,False,False,False,1921208.0,2452730.8460910097,False,False,False,False,79276.90430635975,False,False,False,False
2025-06-12 14:00:00+00:00,51.425,51.485,51.06,51.175,53352.0,,,,,,,,,,,,,,,,,,,,,,,,,,,,,#000000,1.1553478396702765,51.204338133370506,-0.025393333819606467,51.88106325201764,-1.9066273521129133,False,False,False,False,False,0.04475393902814773,0.0,0.0,0.0,0.0,0,0.9834903164356015,0.9493068049529051,False,False,False,False,0.012686108932941456,0.0438976701855835,False,False,False,False,1867856.0,2443663.019019831,False,False,False,False,78874.96780548595,False,False,False,False
2025-06-12 15:00:00+00:00,51.18,51.31,51.095,51.13,25341.0,,,,,,,,,,,,,,,,,,,,,,,,,,,,,"rgba(239, 83, 80, 1.0)",1.154827345622861,51.20201465724581,-0.06235967438662246,48.617924307119246,-1.9066273521129133,False,True,False,True,False,0.0,0.0,0.0,0.0,0.0,0,0.979968203497615,0.9566507684154744,False,False,False,False,0.002680020868384848,0.023288845526984174,False,False,False,False,1842515.0,2434342.8946939423,False,False,False,False,78044.98380850167,False,False,False,False
2025-06-12 16:00:00+00:00,51.135,51.28,50.99,51.155,21622.0,,,,,,,,,,,,,,,,,,,,,,,,,,,,,"rgba(239, 83, 80, 1.0)",1.1543128996378822,51.20000199751759,-0.03898596085316661,46.706137206674,5.055286689898892,False,True,False,True,False,0.0,0.0,0.0,0.0,0.0,0,0.9751906347331112,0.970894640747503,False,False,False,False,-0.0069681760821933645,0.008160334722395406,False,False,False,False,1864137.0,2425502.493225819,False,False,False,False,77170.20886573421,False,False,False,False
2025-06-12 17:00:00+00:00,51.155,51.27,51.1,51.225,20636.0,,,,,,,,,,,,,,,,,,,,,,,,,,,,,"rgba(239, 83, 80, 1.0)",1.1545499415649862,51.198563338773255,0.022897806560807445,46.21694506177295,4.222867819902554,False,True,False,True,False,0.37630704519271774,0.0,0.0,0.0,0.0,0,0.9720869847452125,0.9768473439359515,False,False,False,False,0.00017866096175712267,0.004169497842076264,False,False,False,False,1884773.0,2417119.0902300696,False,False,False,False,76293.70950347476,False,False,False,False
2025-06-12 18:00:00+00:00,51.225,51.245,51.05,51.145,23291.0,,,,,,,,,,,,,,,,,,,,,,,,,,,,,"rgba(239, 83, 80, 1.0)",1.15443416583337,51.196748591851865,-0.044825935842348404,45.1313726200142,2.7059506079335165,False,True,False,True,False,0.0,0.0,0.0,0.0,0.0,0,0.9620765027322401,0.9890710382513662,False,False,False,False,-0.005181428606001653,-0.0005059653819626943,False,False,False,False,1861482.0,2408504.5616993704,False,False,False,False,75471.96206931236,False,False,False,False
2025-06-12 19:00:00+00:00,51.145,51.145,50.84,50.89,148598.0,,,,,,,,,,,,,,,,,,,,,,,,,,,,,"rgba(239, 83, 80, 1.0)",1.154473114096347,51.18131515785592,-0.25233602610481204,42.217099970215564,-0.4959385493366142,False,True,False,True,False,0.0,0.0,0.0,0.0,0.0,0,0.9489605103948958,0.998130018699813,False,False,False,False,-0.027343039682871523,-0.013924502532417109,False,False,False,False,1712884.0,2397719.7467893027,False,False,False,False,76605.69909149356,False,False,False,False
2025-06-13 14:00:00+00:00,50.41,50.445,49.975,50.29,41162.0,,,,,,,,,,,,,,,,,,,,,,,,,,,,,"rgba(239, 83, 80, 1.0)",1.156973186791768,51.171199379768055,-0.7616420067707705,36.77831253997302,-5.86640026055457,False,True,False,True,False,0.0,0.0,0.0,0.0,0.0,0,0.938173506041145,1.0001088494611952,False,False,False,False,-0.14009179130323876,-0.07700814691782794,False,False,False,False,1671722.0,2386463.967769313,False,False,False,False,76056.18437689677,False,False,False,False
2025-06-13 15:00:00+00:00,50.29,50.605,50.285,50.525,44888.0,,,,,,,,,,,,,,,,,,,,,,,,,,,,,"rgba(239, 83, 80, 1.0)",1.158200810359439,51.16321774989138,-0.551042396260555,35.93575254459019,-6.875187284202283,False,True,False,True,False,0.0,0.0,0.0,0.0,0.0,0,0.9445712422562764,0.9930442343223564,False,False,False,False,-0.10598795290767556,-0.09149804991275175,False,False,False,False,1716610.0,2376078.6349356803,False,False,False,False,75572.95671213868,False,False,False,False
2025-06-13 16:00:00+00:00,50.525,50.62,50.4,50.455,19207.0,,,,,,,,,,,,,,,,,,,,,,,,,,,,,"rgba(239, 83, 80, 1.0)",1.1598806128374506,51.16005013532056,-0.6078644021782351,34.958614222634125,-8.148559478900566,False,True,False,True,False,0.0,0.0,0.0,0.0,0.0,0,0.9576401050788089,0.9901488616462347,False,False,False,False,-0.09660148929244507,-0.09404976960259841,False,False,False,False,1697403.0,2365556.5320684607,False,False,False,False,74699.06591040008,False,False,False,False
2025-06-13 17:00:00+00:00,50.455,50.505,50.325,50.455,19740.0,,,,,,,,,,,,,,,,,,,,,,,,,,,,,"rgba(239, 83, 80, 1.0)",1.1568730493240806,51.15662156995043,-0.6064810398689512,34.307188674663415,-9.200145202567839,False,True,False,True,False,0.0,0.0,0.0,0.0,0.0,0,0.9515703931473752,0.996156380408522,False,False,False,False,-0.11032635123140169,-0.10218806041700004,False,False,False,False,1697403.0,2355197.5625790274,False,False,False,False,73846.98736915356,False,False,False,False
2025-06-13 18:00:00+00:00,50.455,50.5,50.08,50.215,39330.0,,,,,,,,,,,,,,,,,,,,,,,,,,,,,"rgba(239, 83, 80, 1.0)",1.1560063164203507,51.14874168016584,-0.8077306039790769,32.372699340159556,-11.456994760977857,False,True,False,True,False,0.0,0.0,0.0,0.0,0.0,0,0.9442562028637008,0.9957372390425184,False,False,False,False,-0.1284495133596414,-0.11531878688832072,False,False,False,False,1658073.0,2344389.429825864,False,False,True,False,73311.84027815892,False,False,False,False
2025-06-13 19:00:00+00:00,50.21,50.31,49.96,50.25,88875.0,,,,,,,,,,,,,,,,,,,,,,,,,,,,,"rgba(239, 83, 80, 1.0)",1.1562202399384762,51.108140169388555,-0.742194384552737,31.604550780851326,-12.60145124360971,False,True,False,True,False,0.0,1.0,50.31,49.96,503.0,0,0.9387532693984306,1.0031604184829992,False,False,False,False,-0.1510407428667099,-0.13317976487751532,False,False,False,False,1746948.0,2335126.7719991063,False,False,False,False,73553.12957617197,False,False,False,False
2025-06-16 14:00:00+00:00,52.415,53.08,52.23,52.75,139815.0,,,,,,,,,,,,,,,,,,,,,,,,,,,,,#000000,1.1690996689915634,51.32167952938503,1.2217268625582662,45.95237219579782,-10.80381093128711,False,False,False,False,True,9.31559365146661,0.0,0.0,0.0,0.0,0,0.9501287995878412,0.9815558990211231,False,False,False,False,0.21347720814583238,0.04014872163415853,False,False,False,False,1886763.0,2328175.3956890423,False,False,False,False,74580.44539669644,False,False,False,False
2025-06-16 15:00:00+00:00,52.75,52.97,52.435,52.47,75116.0,,,,,,,,,,,,,,,,,,,,,,,,,,,,,"rgba(38, 166, 154, 1.0)",1.1754798713410952,51.34887987832518,0.9537552696633964,53.66756084478615,-4.20569231910364,True,False,True,False,True,7.57052957183673,0.0,0.0,0.0,0.0,0,0.9556191839656406,0.9826158093874628,False,False,False,False,0.22059148181896474,0.13037010172656163,False,False,False,False,1811647.0,2320167.2035078164,False,False,False,False,74588.74856884067,False,False,False,False
2025-06-16 16:00:00+00:00,52.475,52.515,52.07,52.1,65771.0,,,,,,,,,,,,,,,,,,,,,,,,,,,,,"rgba(38, 166, 154, 1.0)",1.1757747110613173,51.35602086089134,0.6327565409508635,56.51861778116447,-2.039735773362665,True,False,True,False,True,5.328754039647105,0.0,0.0,0.0,0.0,0,0.9581452605662698,0.9895363151415674,False,False,False,False,0.15982571720390398,0.14509790946523282,False,False,False,False,1745876.0,2311263.463918548,False,False,False,False,74452.03928870361,False,False,False,False
2025-06-16 17:00:00+00:00,52.1,52.4,52.1,52.23,53616.0,,,,,,,,,,,,,,,,,,,,,,,,,,,,,"rgba(38, 166, 154, 1.0)",1.180892451488338,51.362706375865,0.7344391295260637,58.89598987754569,0.003769005553607485,True,False,True,False,True,6.000382805400029,0.0,0.0,0.0,0.0,0,0.9537227478403947,0.9962978198272316,False,False,False,False,0.15360056861994056,0.14934923904258668,False,False,False,False,1799492.0,2303329.0226174854,False,False,False,False,74128.9999198865,False,False,False,False
2025-06-16 18:00:00+00:00,52.23,52.7,52.21,52.66,53073.0,,,,,,,,,,,,,,,,,,,,,,,,,,,,,"rgba(38, 166, 154, 1.0)",1.186040110681044,51.37518113296811,1.0832844989484574,61.97681714998241,2.91852730244878,True,False,True,False,True,8.174664874519603,0.0,0.0,0.0,0.0,0,0.9479774705581155,0.9955965181771632,False,False,False,False,0.18374581412848823,0.16654752658553745,False,False,False,False,1852565.0,2296340.43311954,False,False,False,False,73802.55030872546,False,False,False,False
2025-06-16 19:00:00+00:00,52.66,52.84,52.465,52.555,200159.0,,,,,,,,,,,,,,,,,,,,,,,,,,,,,"rgba(38, 166, 154, 1.0)",1.1906538327951208,51.421044108640345,0.9523808349044955,63.28564235772802,4.352517438974587,True,False,True,False,True,7.52668965767921,0.0,0.0,0.0,0.0,0,0.9503365286559249,0.9934733836426676,False,False,False,False,0.213103367709686,0.18982544714761174,False,False,False,False,1652406.0,2286356.9535362916,False,False,False,False,75761.56503262119,False,False,False,False
2025-06-17 14:00:00+00:00,52.105,52.115,51.53,51.665,51349.0,,,,,,,,,,,,,,,,,,,,,,,,,,,,,"rgba(38, 166, 154, 0.75)",1.181339837138736,51.41851292940963,0.20865043473635259,58.923888961291965,4.352517438974587,True,False,True,False,False,2.3169425786608784,0.0,0.0,0.0,0.0,0,0.9382332297202445,0.9990975634212373,False,False,False,False,0.09155434944173606,0.1406898982946739,False,False,False,False,1601057.0,2275732.1480551087,False,False,False,False,75383.07565227048,False,False,False,False
2025-06-17 15:00:00+00:00,51.665,51.82,51.47,51.485,38415.0,,,,,,,,,,,,,,,,,,,,,,,,,,,,,"rgba(38, 166, 154, 0.75)",1.1714279612800076,51.4151194223741,0.05965418270325762,55.15552492278524,4.352517438974587,True,False,True,False,False,1.3226095882146431,0.0,0.0,0.0,0.0,0,0.9351842604614,1.0062918206331768,False,False,False,False,0.06602429505894951,0.1033570966768117,False,False,False,False,1562642.0,2264676.4868449518,False,False,False,False,74809.92719254535,False,False,False,False
2025-06-17 16:00:00+00:00,51.49,51.7,51.37,51.525,28332.0,,,,,,,,,,,,,,,,,,,,,,,,,,,,,#000000,1.1588808596430507,51.412421893351016,0.09714381397554325,52.864910831741625,11.698580408080502,True,False,False,False,False,1.5368434775814244,0.0,0.0,0.0,0.0,0,0.936361817090254,1.0109065439263558,False,False,False,False,0.05024797782662038,0.07680253725171604,False,False,False,False,1590974.0,2254231.487048906,False,False,False,False,74089.33917405627,False,False,False,False
2025-06-17 17:00:00+00:00,51.525,51.545,51.215,51.32,40333.0,,,,,,,,,,,,,,,,,,,,,,,,,,,,,#000000,1.1397919124137421,51.407117987574885,-0.0764332389325302,50.24028859660811,8.9082202303196,True,False,False,False,False,0.39043866232875146,0.0,0.0,0.0,0.0,0,0.9334596967278531,1.0090782122905027,False,False,False,False,0.028058246361934117,0.05243039180682508,False,False,False,False,1550641.0,2243323.107404737,False,False,False,False,73565.98507833446,False,False,False,False
2025-06-17 18:00:00+00:00,51.32,51.395,51.075,51.185,31481.0,,,,,,,,,,,,,,,,,,,,,,,,,,,,,"rgba(239, 83, 80, 0.5)",1.123585805830261,51.41499519858148,-0.20469749385230518,47.769306796416984,6.231547061517595,False,False,False,True,False,0.0,0.0,0.0,0.0,0.0,0,0.9282801153884411,1.0145230279518551,False,False,False,False,0.007325516257096369,0.029877954031960724,False,False,False,False,1519160.0,2232095.772406214,False,False,False,False,72913.50468952308,False,False,False,False
2025-06-17 19:00:00+00:00,51.185,51.45,51.11,51.39,99951.0,,,,,,,,,,,,,,,,,,,,,,,,,,,,,"rgba(239, 83, 80, 0.5)",1.1064688700368106,51.407271067783995,-0.01560917640947266,47.568826178586114,5.580982418954832,False,False,False,True,False,0.7851093212626026,0.0,0.0,0.0,0.0,0,0.9333333333333332,1.0112270243417785,False,False,False,False,0.013758305101801845,0.021818129566881284,False,False,False,False,1619111.0,2222592.132523947,False,False,False,False,73332.69066332892,False,False,False,False
2025-06-18 14:00:00+00:00,51.96,52.375,51.905,52.275,59921.0,,,,,,,,,,,,,,,,,,,,,,,,,,,,,"rgba(38, 166, 154, 1.0)",1.096634901919635,51.42742165286241,0.7728901803635146,52.17931915074762,5.580982418954832,True,False,True,False,True,5.444269140888064,0.0,0.0,0.0,0.0,0,0.9405146267488502,0.9985324332257117,False,False,False,False,0.13754191014864656,0.07968001985776392,False,False,False,False,1679032.0,2214164.8436476067,False,False,False,False,73124.75747475018,False,False,False,False
2025-06-18 15:00:00+00:00,52.28,52.3,51.92,51.93,32397.0,,,,,,,,,,,,,,,,,,,,,,,,,,,,,"rgba(38, 166, 154, 1.0)",1.0892561599468529,51.433141608653386,0.45614466974495343,53.090455260319885,5.580982418954832,True,False,True,False,True,3.484300615587106,0.0,0.0,0.0,0.0,0,0.938759614448447,1.0008762535293545,False,False,False,False,0.13317482314793588,0.1064274215028499,False,False,False,False,1646635.0,2205365.9313429925,False,False,False,False,72493.31937436645,False,False,False,False
2025-06-18 16:00:00+00:00,51.925,51.94,51.74,51.765,21408.0,,,,,,,,,,,,,,,,,,,,,,,,,,,,,"rgba(38, 166, 154, 1.0)",1.0793119596791703,51.43425429287761,0.3064412509805829,52.71326109732883,5.580982418954832,True,False,True,False,True,2.5620645103935686,0.0,0.0,0.0,0.0,0,0.943329744543408,1.0074385827542331,False,False,False,False,0.09407731479447351,0.1002523681486617,False,False,False,False,1625227.0,2196371.529306667,False,False,False,False,71701.2989189499,False,False,False,False
2025-06-18 17:00:00+00:00,51.765,51.85,51.62,51.73,21424.0,,,,,,,,,,,,,,,,,,,,,,,,,,,,,"rgba(38, 166, 154, 1.0)",1.0415942691959332,51.43454767674183,0.28365394472287614,52.242289599807464,5.580982418954832,True,False,True,False,True,2.3652924088789256,0.0,0.0,0.0,0.0,0,0.9395007342143904,1.0074400391581007,False,False,False,False,0.07895629345600144,0.08960433080233157,False,False,False,False,1603803.0,2187184.420325168,False,False,False,False,70921.80591245455,False,False,False,False
2025-06-18 18:00:00+00:00,51.76,51.96,51.58,51.605,37346.0,,,,,,,,,,,,,,,,,,,,,,,,,,,,,#000000,1.0089071690080644,51.43475251494821,0.1687444497189691,51.09972515291075,5.580982418954832,True,False,False,False,True,1.6565647053317,0.0,0.0,0.0,0.0,0,0.9431474064667381,1.0015629578978213,False,False,False,False,0.08399229268833594,0.08679831174533376,False,False,False,False,1566457.0,2177560.739389894,False,False,False,False,70401.2507820289,False,False,False,False
2025-06-18 19:00:00+00:00,51.61,51.98,51.54,51.82,122021.0,,,,,,,,,,,,,,,,,,,,,,,,,,,,,#000000,0.9788386987642005,51.438045355395694,0.3902120391097431,51.80060003510336,5.580982418954832,True,False,False,False,True,2.817130461515447,0.0,0.0,0.0,0.0,0,0.9463381379041681,0.9976626412154265,False,False,False,False,0.08255301310553574,0.08467566242543476,False,False,False,False,1688478.0,2169978.0612598183,False,False,False,False,71201.5569714548,False,False,False,False
2025-06-19 14:00:00+00:00,51.82,51.82,51.82,51.82,0.0,,,,,,,,,,,,,,,,,,,,,,,,,,,,,"rgba(38, 166, 154, 1.0)",0.9504285282900474,51.438045355395694,0.40187624133241834,52.26784995656509,5.580982418954832,True,False,True,False,True,2.817130461515447,0.0,0.0,0.0,0.0,0,0.9529308151482531,0.9986300029357078,False,False,False,False,0.091194021425807,0.08793484192562087,False,False,False,False,1688478.0,2162512.944030984,False,False,False,False,70097.65686337023,False,False,False,False
2025-06-19 15:00:00+00:00,51.82,51.82,51.82,51.82,0.0,,,,,,,,,,,,,,,,,,,,,,,,,,,,,"rgba(38, 166, 154, 1.0)",0.9251839018554384,51.438045355395694,0.41284186185935967,52.57934990420624,5.580982418954832,True,False,True,False,True,2.8171304615154575,0.0,0.0,0.0,0.0,0,0.952278083267871,0.9977415553809896,False,False,False,False,0.091194021425807,0.08956443167571393,False,False,False,False,1688478.0,2155163.5650537596,False,False,False,False,69010.87148564355,False,False,False,False
2025-06-19 16:00:00+00:00,51.82,51.82,51.82,51.82,0.0,,,,,,,,,,,,,,,,,,,,,,,,,,,,,"rgba(38, 166, 154, 1.0)",0.9032700951902864,51.438045355395694,0.4228576221421813,52.78701653596701,5.580982418954832,True,False,True,False,True,2.817130461515447,0.0,0.0,0.0,0.0,0,0.9579932311367707,0.9953215210033843,False,False,False,False,0.091194021425807,0.09037922655076047,False,False,False,False,1688478.0,2147928.129936647,False,False,False,False,67940.93549361808,False,False,False,False
2025-06-19 17:00:00+00:00,51.82,51.82,51.82,51.82,0.0,,,,,,,,,,,,,,,,,,,,,,,,,,,,,"rgba(38, 166, 154, 1.0)",0.8687596003748397,51.438045355395694,0.43965516402869803,52.92546095714086,5.580982418954832,True,False,True,False,True,2.817130461515447,0.0,0.0,0.0,0.0,0,0.9546181527389044,0.9974010395841661,False,False,False,False,0.091194021425807,0.09078662398828374,False,False,False,False,1688478.0,2140804.872108172,False,False,False,False,66887.58765650772,False,False,False,False
2025-06-19 18:00:00+00:00,51.82,51.82,51.82,51.82,0.0,,,,,,,,,,,,,,,,,,,,,,,,,,,,,"rgba(38, 166, 154, 1.0)",0.8399413160540598,51.438045355395694,0.45473967919411545,53.01775723792342,5.580982418954832,True,False,True,False,True,2.817130461515447,0.0,0.0,0.0,0.0,0,0.9524669073405535,0.998395507420778,False,False,False,False,0.091194021425807,0.09099032270704538,False,False,False,False,1688478.0,2133792.052385565,False,False,False,False,65850.57079361612,False,False,False,False
2025-06-19 19:00:00+00:00,51.82,51.82,51.82,51.82,0.0,,,,,,,,,,,,,,,,,,,,,,,,,,,,,"rgba(38, 166, 154, 1.0)",0.8250955554818422,51.438045355395694,0.46292170896648577,53.079288091778466,5.580982418954832,True,False,True,False,True,2.817130461515447,0.0,0.0,0.0,0.0,0,0.9589665653495439,0.9984802431610941,False,False,False,False,0.091194021425807,0.0910921720664262,False,False,False,False,1688478.0,2126887.95855013,False,False,False,False,64829.63171154455,False,False,False,False
2025-06-20 14:00:00+00:00,51.91,52.415,51.865,52.3,56803.0,,,,,,,,,,,,,,,,,,,,,,,,,,,,,"rgba(38, 166, 154, 1.0)",0.8114673618079145,51.44653435545283,1.0517559728411987,57.86020750435233,4.904641694392986,True,False,True,False,True,5.639669177759952,0.0,0.0,0.0,0.0,0,0.9563991541637296,0.9858020340348402,False,False,False,False,0.13754191014864656,0.11431704110753638,False,False,False,False,1745281.0,2120971.5715958644,False,False,False,False,64705.18780903998,False,False,False,False
2025-06-20 15:00:00+00:00,52.295,52.61,52.175,52.445,40684.0,,,,,,,,,,,,,,,,,,,,,,,,,,,,,"rgba(38, 166, 154, 1.0)",0.7945994628154035,51.45468641389776,1.2463053808183895,62.06389724044335,8.735859751183966,True,False,True,False,True,6.4657341722830886,0.0,0.0,0.0,0.0,0,0.965666097781347,0.9789177793394237,False,False,False,False,0.1745226055375787,0.14441982332255754,False,False,False,False,1785965.0,2115777.6712610447,False,False,False,False,64332.76629262075,False,False,False,False
2025-06-20 16:00:00+00:00,52.445,52.76,52.43,52.655,44834.0,,,,,,,,,,,,,,,,,,,,,,,,,,,,,"rgba(38, 166, 154, 1.0)",0.7772507682575698,51.46565514614133,1.530194504052956,66.16878193099133,12.324995597495494,True,False,True,False,True,7.6511171220289,0.0,0.0,0.0,0.0,0,0.9796661608497722,0.9752149721800707,False,False,False,False,0.20452099249787167,0.17447040791021462,False,False,False,False,1830799.0,2111359.3972880053,False,False,False,False,64030.459838471594,False,False,False,False
2025-06-20 17:00:00+00:00,52.65,52.715,52.47,52.56,24654.0,,,,,,,,,,,,,,,,,,,,,,,,,,,,,"rgba(38, 166, 154, 1.0)",0.7826546302619676,51.471160668393864,1.3912130453271394,67.34111167867891,13.203764563442824,True,False,True,False,True,6.996444518037741,0.0,0.0,0.0,0.0,0,0.9788332995746403,0.9694146242657482,False,False,False,False,0.2041485277252905,0.18930946781775254,False,False,False,False,1806145.0,2106627.3911285014,False,False,False,False,63419.972089037925,False,False,False,False
2025-06-20 18:00:00+00:00,52.565,52.955,52.54,52.635,79950.0,,,,,,,,,,,,,,,,,,,,,,,,,,,,,"rgba(38, 166, 154, 1.0)",0.7862429191593113,51.49050046267429,1.455656400123083,68.65885510901565,14.367348635041566,True,False,True,False,True,7.42762215075167,0.0,0.0,0.0,0.0,0,0.9752750025229587,0.9685134726006659,False,False,False,False,0.22735163965891309,0.2083305537383328,False,False,False,False,1886095.0,2103208.2842893,False,False,False,False,63676.25159153346,False,False,False,False
2025-06-20 19:00:00+00:00,52.635,52.965,52.58,52.785,185854.0,,,,,,,,,,,,,,,,,,,,,,,,,,,,,"rgba(38, 166, 154, 1.0)",0.7939136608606311,51.5323019443937,1.577876937207914,70.55791444936756,16.14950031072493,True,False,True,False,True,8.290827410451797,0.0,0.0,0.0,0.0,0,0.9772315131976625,0.9684666532339309,False,False,False,False,0.23111609136662556,0.21972332255247917,False,False,False,False,2071949.0,2102723.644222799,False,False,False,False,65570.48024902906,False,False,False,False
2025-06-23 14:00:00+00:00,52.91,53.675,52.87,53.39,130845.0,,,,,,,,,,,,,,,,,,,,,,,,,,,,,"rgba(38, 166, 154, 1.0)",0.8139731274756449,51.57290731891332,2.232374288229862,74.61169184193375,19.899415624192343,True,False,True,False,True,11.62290601287284,0.0,0.0,0.0,0.0,0,0.9776763567814266,0.95366603829745,False,False,False,False,0.3079317869928616,0.2638275547726704,False,False,False,False,2202794.0,2104275.122606942,False,False,False,False,66582.48830718365,False,False,False,False
2025-06-23 15:00:00+00:00,53.375,53.555,53.195,53.21,92468.0,,,,,,,,,,,,,,,,,,,,,,,,,,,,,"rgba(38, 166, 154, 1.0)",0.8292488351700366,51.599287843799594,1.9423749396887993,74.6005882605553,19.899415624192343,True,False,True,False,True,10.328956964846835,0.0,0.0,0.0,0.0,0,0.9856449856449855,0.957132957132957,False,False,False,False,0.32409527579541314,0.29396141528404174,False,False,False,False,2110326.0,2104368.9346595476,False,False,False,False,66983.81406986297,False,False,False,False
2025-06-23 16:00:00+00:00,53.21,53.255,52.725,52.775,69168.0,,,,,,,,,,,,,,,,,,,,,,,,,,,,,"rgba(38, 166, 154, 0.75)",0.8358004632773585,51.612365462878905,1.391043183395886,69.34566828885755,24.40629111914133,True,False,True,False,False,7.297430404494879,0.0,0.0,0.0,0.0,0,0.9785996055226823,0.9627218934911241,False,False,False,False,0.26415252141192763,0.27905696834798466,False,False,False,False,2041158.0,2103388.920168702,False,False,False,False,67017.67741761703,False,False,False,False
2025-06-23 17:00:00+00:00,52.77,53.47,52.715,53.435,67850.0,,,,,,,,,,,,,,,,,,,,,,,,,,,,,"rgba(38, 166, 154, 0.75)",0.831258949691174,51.628480315771675,2.1732333647649487,69.4767778297364,24.40629111914133,True,False,True,False,False,10.827185937062712,0.0,0.0,0.0,0.0,0,0.9813056670255456,0.9567387687188018,False,False,False,False,0.2799147647946869,0.2794858665713358,False,False,False,False,2109008.0,2103476.037685466,False,False,False,False,67030.58164370048,False,False,False,False
2025-06-23 18:00:00+00:00,53.435,53.705,53.32,53.635,59837.0,,,,,,,,,,,,,,,,,,,,,,,,,,,,,"rgba(38, 166, 154, 0.75)",0.8353571658846454,51.6460824044302,2.380918817477942,70.39957422812768,24.40629111914133,True,False,True,False,False,11.84532007186949,0.0,0.0,0.0,0.0,0,0.9928759636966915,0.949936566800039,False,False,False,False,0.34282823844434057,0.3111570525078382,False,False,False,False,2168845.0,2104489.5099694123,False,False,False,False,66919.05324612373,False,False,False,False
2025-06-23 19:00:00+00:00,53.635,53.81,53.435,53.77,278177.0,,,,,,,,,,,,,,,,,,,,,,,,,,,,,"rgba(38, 166, 154, 1.0)",0.8539970303977417,51.7260086713145,2.393440791864966,71.5621814786193,24.40629111914133,True,False,True,False,True,12.52799982425049,0.0,0.0,0.0,0.0,0,0.9948373270991622,0.9491525423728812,False,False,False,False,0.3428282388143913,0.32699264566111474,False,False,False,False,2447022.0,2109800.0912101967,False,False,False,False,70194.37025005979,False,False,False,False
2025-06-24 14:00:00+00:00,54.41,54.67,54.41,54.525,50457.0,,,,,,,,,,,,,,,,,,,,,,,,,,,,,"rgba(38, 166, 154, 1.0)",0.8978399153043648,51.746664557430634,3.0944663911801222,74.6985433971689,19.816475398485196,True,False,True,False,True,16.15783759647856,0.0,0.0,0.0,0.0,0,1.0004814172925092,0.9452147121124589,False,False,False,False,0.3428282413411202,0.3349104435011175,False,False,False,False,2497479.0,2115810.616927868,False,False,False,False,69888.36450974878,False,False,False,False
2025-06-24 15:00:00+00:00,54.525,54.99,54.5,54.675,85099.0,,,,,,,,,,,,,,,,,,,,,,,,,,,,,"rgba(38, 166, 154, 1.0)",0.948256878756145,51.7829072423934,3.049904326979665,77.15206178945488,22.202011232771298,True,False,True,False,True,16.842888532816232,0.0,0.0,0.0,0.0,0,1.0007656967840735,0.9385528330781008,False,False,False,False,0.3428282417977176,0.33886934264941754,False,False,False,False,2582578.0,2123047.3205413898,False,False,False,False,70124.18831579917,False,False,False,False
2025-06-24 16:00:00+00:00,54.675,54.695,54.425,54.445,59643.0,,,,,,,,,,,,,,,,,,,,,,,,,,,,,"rgba(38, 166, 154, 1.0)",0.990348409890789,51.805447673420375,2.6652764827185447,76.33246110732624,22.202011232771298,True,False,True,False,True,15.19983956735327,0.0,0.0,0.0,0.0,0,0.9961912016758712,0.9442011045515137,False,False,False,False,0.31965983267122583,0.3292645876603217,False,False,False,False,2522935.0,2129247.1295252442,False,False,False,False,69961.68927214337,False,False,False,False
2025-06-24 17:00:00+00:00,54.445,54.65,54.43,54.645,57517.0,,,,,,,,,,,,,,,,,,,,,,,,,,,,,"rgba(38, 166, 154, 1.0)",1.0386507273061423,51.82706848960746,2.7130694046700023,76.46700490689507,22.202011232771298,True,False,True,False,True,16.134262832827652,0.0,0.0,0.0,0.0,0,0.996301915418168,0.9452873127252036,False,False,False,False,0.3171753016370456,0.32321994464868364,False,False,False,False,2580452.0,2136242.5538736903,False,False,False,False,69768.74835319542,False,False,False,False
2025-06-24 18:00:00+00:00,54.645,54.88,54.64,54.83,66921.0,,,,,,,,,,,,,,,,,,,,,,,,,,,,,"rgba(38, 166, 154, 1.0)",1.0891042976553806,51.85369179934029,2.7328036507312414,77.15762828909486,22.771057228669747,True,False,True,False,True,16.989843549447595,0.0,0.0,0.0,0.0,0,1.000283179158014,0.9411931281857653,False,False,False,False,0.3428282418298781,0.33302409323928084,False,False,False,False,2647373.0,2144167.056914408,False,False,False,False,69724.59721593658,False,False,False,False
2025-06-24 19:00:00+00:00,54.835,54.915,54.68,54.705,143547.0,,,,,,,,,,,,,,,,,,,,,,,,,,,,,"rgba(38, 166, 154, 1.0)",1.1326684271074294,51.907795482447206,2.469570485597625,76.1617200678576,22.771057228669747,True,False,True,False,True,16.07716027722577,0.0,0.0,0.0,0.0,0,1.0010337374306926,0.9407950380603325,False,False,False,False,0.34282824190956696,0.3379261675744239,False,False,False,False,2503826.0,2149743.164559146,False,False,False,False,70869.13059243368,False,False,False,False
2025-06-25 14:00:00+00:00,55.17,55.27,54.99,55.105,118797.0,,,,,,,,,,,,,,,,,,,,,,,,,,,,,"rgba(38, 166, 154, 1.0)",1.1860043449779443,51.95633429430758,2.654851745716809,76.93434862389256,23.03656074240736,True,False,True,False,True,17.92617798249003,0.0,0.0,0.0,0.0,0,1.0014878184861447,0.9323042588804163,False,False,False,False,0.342828242574345,0.34037720507438446,False,False,False,False,2622623.0,2157074.6348760584,False,False,False,False,71612.19833518664,False,False,False,False
2025-06-25 15:00:00+00:00,55.105,55.17,54.875,54.925,75470.0,,,,,,,,,,,,,,,,,,,,,,,,,,,,,"rgba(38, 166, 154, 1.0)",1.2295096510325738,51.9845258731735,2.3915827942928374,75.41189715023441,23.03656074240736,True,False,True,False,True,16.606193948206286,0.0,0.0,0.0,0.0,0,0.9993526310922037,0.9345232590400442,False,False,False,False,0.33015168269456174,0.3352644438844731,False,False,False,False,2547153.0,2163122.361467127,False,False,False,False,71672.00921371087,False,False,False,False
2025-06-25 16:00:00+00:00,54.925,54.95,54.685,54.7,41680.0,,,,,,,,,,,,,,,,,,,,,,,,,,,,,"rgba(38, 166, 154, 0.75)",1.266186147594667,51.99847927713131,2.133588910288337,72.01563666329486,25.84073215731128,True,False,True,False,False,14.97599282532996,0.0,0.0,0.0,0.0,0,0.995815510507718,0.9440208294588058,False,False,False,False,0.30625506636613575,0.3207597551253044,False,False,False,False,2505473.0,2168430.1233048458,False,False,False,False,71207.01682280064,False,False,False,False
2025-06-25 17:00:00+00:00,54.695,55.09,54.67,55.015,61410.0,,,,,,,,,,,,,,,,,,,,,,,,,,,,,"rgba(38, 166, 154, 0.75)",1.3102234593815598,52.01991315166441,2.2859359042077476,71.31130686480559,25.109871159291586,True,False,True,False,False,16.464121379324766,0.0,0.0,0.0,0.0,0,0.9975914775358962,0.9378415933302452,False,False,False,False,0.3135036042870545,0.31713167970617945,False,False,False,False,2566883.0,2174607.6872846154,False,False,False,False,71055.1250891138,False,False,False,False
2025-06-25 18:00:00+00:00,55.015,55.085,54.94,54.985,61921.0,,,,,,,,,,,,,,,,,,,,,,,,,,,,,"rgba(38, 166, 154, 0.75)",1.3505632058416392,52.04171014593718,2.1793055233047234,70.51059907177256,24.22031160608296,True,False,True,False,False,16.24428186937493,0.0,0.0,0.0,0.0,0,1.0032558139534884,0.9399069767441859,False,False,False,False,0.3289777135195921,0.32305469661288577,False,False,False,False,2504962.0,2179729.4595747762,False,False,False,False,70913.51074664692,False,False,False,False
2025-06-25 19:00:00+00:00,54.985,55.305,54.95,55.15,165775.0,,,,,,,,,,,,,,,,,,,,,,,,,,,,,"rgba(38, 166, 154, 0.75)",1.392062721870642,52.28356175324719,2.0591300964520562,70.81447859621119,24.22031160608296,True,False,True,False,False,17.02631028899446,0.0,0.0,0.0,0.0,0,0.997397285740844,0.9408812046848855,False,False,False,False,0.3425322452636283,0.33279347093825706,False,False,False,False,2670737.0,2187341.9795813686,False,False,False,False,72384.2315102648,False,False,False,False
2025-06-26 14:00:00+00:00,54.45,54.485,54.17,54.235,66590.0,,,,,,,,,,,,,,,,,,,,,,,,,,,,,"rgba(38, 166, 154, 0.5)",1.409590781458028,52.28637438520955,1.3824051919344038,63.03625351279411,17.0956149733683,False,False,True,False,False,10.580765393968974,0.0,0.0,0.0,0.0,0,0.9878954607977992,0.9433287482806051,False,False,False,False,0.25043096360312644,0.29161221727069175,False,False,False,False,2604147.0,2193804.0729211923,False,False,False,False,72294.39846359403,False,False,False,False
2025-06-26 15:00:00+00:00,54.235,54.475,54.19,54.43,42629.0,,,,,,,,,,,,,,,,,,,,,,,,,,,,,"rgba(38, 166, 154, 0.5)",1.4283771961266754,52.291972776466515,1.496822568528232,59.15313582254926,13.77412393881599,False,True,True,False,False,11.547229345660991,0.0,0.0,0.0,0.0,0,0.9916590284142989,0.9404216315307056,False,False,False,False,0.250992403821959,0.27130231054632536,False,False,False,False,2646776.0,2200826.8934960575,False,False,False,False,71834.46980524373,False,False,False,False
2025-06-26 16:00:00+00:00,54.425,54.52,53.6,53.725,106354.0,,,,,,,,,,,,,,,,,,,,,,,,,,,,,#000000,1.4317880744336373,52.297999993500014,0.9966558822362426,52.58549193576431,8.037845975702098,False,True,False,False,False,7.008271121220627,0.0,0.0,0.0,0.0,0,0.9952332936107803,0.9364744706205883,False,False,False,False,0.22060887161502962,0.2459555910806775,False,False,False,False,2540422.0,2206091.933906971,False,False,False,False,72369.6563198911,False,False,False,False
2025-06-26 17:00:00+00:00,53.725,54.0,53.38,53.935,97183.0,,,,,,,,,,,,,,,,,,,,,,,,,,,,,"rgba(239, 83, 80, 1.0)",1.4354257051325412,52.414792830790404,1.0590636378977405,49.664704148031525,5.72311699629455,False,True,False,True,False,8.07510020770625,0.0,0.0,0.0,0.0,0,0.99233926128591,0.9387140902872776,False,False,False,False,0.17997591398215135,0.21296575253141442,False,False,False,False,2637605.0,2212782.058962677,False,False,False,False,72754.3593226835,False,False,False,False
2025-06-26 18:00:00+00:00,53.935,54.05,53.84,53.91,74403.0,,,,,,,,,,,,,,,,,,,,,,,,,,,,,"rgba(239, 83, 80, 1.0)",1.4310297212369023,52.42650390289615,1.0366633725968977,47.57757476740857,3.9902416771315288,False,True,False,True,False,7.917056475080152,0.0,0.0,0.0,0.0,0,0.9991791317037579,0.937066763954761,False,False,False,False,0.20790880776720938,0.2104372801493119,False,False,False,False,2563202.0,2218214.9262655815,False,False,False,False,72779.91964326204,False,False,False,False
2025-06-26 19:00:00+00:00,53.915,54.275,53.855,54.27,128667.0,,,,,,,,,,,,,,,,,,,,,,,,,,,,,"rgba(239, 83, 80, 1.0)",1.433912699794147,52.45294895449432,1.2671978187839066,48.7206005403326,3.9902416771315288,False,True,False,True,False,9.741293565866197,0.0,0.0,0.0,0.0,0,1.0001819174094961,0.9334182281244314,False,False,False,False,0.221162611721524,0.21579994593541796,False,False,False,False,2691869.0,2225558.400276968,False,False,False,False,73646.386005382,False,False,False,False
2025-06-27 14:00:00+00:00,54.53,54.785,54.425,54.69,67171.0,,,,,,,,,,,,,,,,,,,,,,,,,,,,,"rgba(38, 166, 154, 0.5)",1.4412810961774645,52.47565624687728,1.5363718840103817,51.93056046563466,3.9902416771315288,False,True,True,False,True,11.787698105058865,0.0,0.0,0.0,0.0,0,1.0121652292328644,0.9250113481615978,False,False,False,False,0.2818368861493437,0.24881841604238084,False,False,False,False,2759040.0,2233829.4328308133,False,False,False,False,73545.9924239032,False,False,False,False
2025-06-27 15:00:00+00:00,54.695,54.76,54.58,54.655,51165.0,,,,,,,,,,,,,,,,,,,,,,,,,,,,,"rgba(38, 166, 154, 0.5)",1.4431165068186886,52.491758568552584,1.4990067823534392,53.80099614296049,3.9902416771315288,False,True,True,False,True,11.556891963179371,0.0,0.0,0.0,0.0,0,1.0124387143635374,0.9239150172507717,False,False,False,False,0.2892700407737085,0.26904422840804465,False,False,False,False,2707875.0,2241178.9765078546,False,False,False,False,73199.00029330004,False,False,False,False
2025-06-27 16:00:00+00:00,54.655,55.16,54.64,55.105,59614.0,,,,,,,,,,,,,,,,,,,,,,,,,,,,,"rgba(38, 166, 154, 0.5)",1.4545006790048445,52.51418085102805,1.7812429972494475,57.41110107130748,0.708157943510507,False,True,True,False,True,13.695827139047882,0.0,0.0,0.0,0.0,0,1.0117091767268769,0.925024961423255,False,False,False,False,0.31582985778878886,0.2924370430984168,False,False,False,False,2767489.0,2249338.821833314,False,False,False,False,72988.38013371397,False,False,False,False
2025-06-27 17:00:00+00:00,55.105,55.25,54.84,55.015,54478.0,,,,,,,,,,,,,,,,,,,,,,,,,,,,,"rgba(38, 166, 154, 0.5)",1.4750344323360423,52.53415887927228,1.6818869216488448,59.037759125633514,2.3799281412293283,False,True,True,False,True,13.089729810261812,0.0,0.0,0.0,0.0,0,1.0196846805796047,0.9218080743643488,False,False,False,False,0.3327963336589944,0.3126166883787056,False,False,False,False,2713011.0,2256527.5377738825,False,False,False,False,72701.39749598198,False,False,False,False
2025-06-27 18:00:00+00:00,55.015,55.06,54.575,54.65,72488.0,,,,,,,,,,,,,,,,,,,,,,,,,,,,,"rgba(38, 166, 154, 0.5)",1.4865587354269632,52.55414616923052,1.409869506546955,57.178303167439324,2.3799281412293283,False,True,True,False,True,10.667151700181229,0.0,0.0,0.0,0.0,0,1.0157144154782454,0.918702879462258,False,False,False,False,0.30625506636613575,0.3094358773724207,False,False,False,False,2640523.0,2262480.9557928923,False,False,False,False,72698.08900767217,False,False,False,False
2025-06-27 19:00:00+00:00,54.645,55.07,54.555,55.045,167028.0,,,,,,,,,,,,,,,,,,,,,,,,,,,,,"rgba(38, 166, 154, 0.5)",1.5046054734151988,52.60124397700751,1.6241839247371455,58.22232040776682,2.3799281412293283,False,True,True,False,True,12.563292823182923,0.0,0.0,0.0,0.0,0,1.0159463622361151,0.9193621455105554,False,False,False,False,0.3056765386200986,0.3075562079962596,False,False,False,False,2807551.0,2270931.6541526923,False,False,False,False,74160.5682478633,False,False,False,False
2025-06-30 14:00:00+00:00,55.73,56.075,55.525,55.945,136486.0,,,,,,,,,,,,,,,,,,,,,,,,,,,,,"rgba(38, 166, 154, 0.5)",1.543094139228995,52.662414085689115,2.1272752133910804,62.54273533407387,6.1879741983946275,False,False,True,False,True,16.56745809388893,0.0,0.0,0.0,0.0,0,1.0254373438057838,0.906104962513388,False,False,False,False,0.3428282437199771,0.32519222585811836,False,False,False,False,2944037.0,2281367.3959487746,False,False,False,False,75126.85401146232,False,False,False,False
2025-06-30 15:00:00+00:00,55.945,56.055,55.77,55.905,73301.0,,,,,,,,,,,,,,,,,,,,,,,,,,,,,"rgba(38, 166, 154, 0.5)",1.5797648160008597,52.693717193835354,2.0327600498749803,65.1023846081697,8.724329162576218,False,False,True,False,True,16.3019099485831,0.0,0.0,0.0,0.0,0,1.0310271041369474,0.905848787446505,False,False,False,False,0.34282824389095184,0.3340102348745351,False,False,False,False,2870736.0,2290504.8936860026,False,False,False,False,75098.54619733112,False,False,False,False
2025-06-30 16:00:00+00:00,55.905,56.25,55.9,56.21,54890.0,,,,,,,,,,,,,,,,,,,,,,,,,,,,,"rgba(38, 166, 154, 1.0)",1.621149083629175,52.71836271358607,2.1538039417062134,67.8398746643645,11.428284072630163,True,False,True,False,True,17.59714730650907,0.0,0.0,0.0,0.0,0,1.038990007137759,0.8995360456816559,False,False,False,False,0.3428282441284828,0.33841923950150893,False,False,False,False,2925626.0,2300351.7325435835,False,False,False,False,74785.23540357404,False,False,False,False
2025-06-30 17:00:00+00:00,56.21,56.28,55.92,56.0,41563.0,,,,,,,,,,,,,,,,,,,,,,,,,,,,,"rgba(38, 166, 154, 1.0)",1.6463376171216881,52.73606698338161,1.982541723322074,67.84500715266076,11.667904442236015,True,False,True,False,True,16.18351936095376,0.0,0.0,0.0,0.0,0,1.0373773416592331,0.9029438001784122,False,False,False,False,0.3428282441640776,0.34062374183279326,False,False,False,False,2884063.0,2309401.5196359307,False,False,False,False,74270.16198646436,False,False,False,False
2025-06-30 18:00:00+00:00,56.0,56.18,55.86,56.175,57539.0,,,,,,,,,,,,,,,,,,,,,,,,,,,,,"rgba(38, 166, 154, 1.0)",1.672236332385984,52.75993862026259,2.0422121643922924,68.54765745555508,12.697446067296042,True,False,True,False,True,16.93726991651376,0.0,0.0,0.0,0.0,0,1.0370634354953674,0.9023521026372061,False,False,False,False,0.33464914377648514,0.3376364428046392,False,False,False,False,2941602.0,2319203.0774710327,False,False,False,False,74010.76412620909,False,False,False,False
2025-06-30 19:00:00+00:00,56.175,56.435,56.095,56.27,170124.0,,,,,,,,,,,,,,,,,,,,,,,,,,,,,"rgba(38, 166, 154, 1.0)",1.6977763676630024,52.83200636623042,2.0249979321493337,69.39995466219324,13.907732454986792,True,False,True,False,True,17.346543244925098,0.0,0.0,0.0,0.0,0,1.0378633010399079,0.9005421740289753,False,False,False,False,0.34282824439296355,0.3402323435988014,False,False,False,False,3111726.0,2331490.254564505,False,False,False,False,75500.89181417484,False,False,False,False
2025-07-01 14:00:00+00:00,57.63,58.285,57.58,57.705,229746.0,,,,,,,,,,,,,,,,,,,,,,,,,,,,,"rgba(38, 166, 154, 1.0)",1.7634440657342567,52.97708188550165,2.6810706425949253,73.76708085245554,18.286947990384775,True,False,True,False,True,20.0,0.0,0.0,0.0,0.0,0,1.0372354211663068,0.8941684665226782,False,False,False,False,0.34282824623810876,0.3415302949184551,False,False,False,False,3341472.0,2347148.8862766833,False,False,False,False,77892.28884031167,False,False,False,False
2025-07-01 15:00:00+00:00,57.705,57.9,57.495,57.795,129487.0,,,,,,,,,,,,,,,,,,,,,,,,,,,,,"rgba(38, 166, 154, 1.0)",1.8243230312976164,53.04955708720722,2.6012075884485286,76.83642621277353,21.27630131004065,True,False,True,False,True,20.0,0.0,0.0,0.0,0.0,0,1.030431034482759,0.9043103448275863,False,False,False,False,0.32373039863010067,0.3326303467742779,False,False,False,False,3470959.0,2364572.298892549,False,False,False,False,78692.20684278745,False,False,False,False
2025-07-01 16:00:00+00:00,57.795,58.21,57.745,58.14,93100.0,,,,,,,,,,,,,,,,,,,,,,,,,,,,,"rgba(38, 166, 154, 1.0)",1.8859854212080804,53.103313868584415,2.670585930716953,79.47600001137445,23.82312781886702,True,False,True,False,True,20.0,0.0,0.0,0.0,0.0,0,1.0408824301847153,0.8926726779304911,False,False,False,False,0.3428282460933984,0.33772929643383814,False,False,False,False,3564059.0,2383168.991932974,False,False,False,False,78915.58348088377,False,False,False,False
2025-07-01 17:00:00+00:00,58.145,58.17,57.91,58.02,91385.0,,,,,,,,,,,,,,,,,,,,,,,,,,,,,"rgba(38, 166, 154, 1.0)",1.924785674274493,53.154150690701464,2.5279953889581073,80.12529261933742,24.574247788278285,True,False,True,False,True,20.0,0.0,0.0,0.0,0.0,0,1.042113592403728,0.8981888517671882,False,False,False,False,0.3428282459772554,0.3402787712055468,False,False,False,False,3472674.0,2400060.542445641,False,False,False,False,79108.90776800184,False,False,False,False
2025-07-01 18:00:00+00:00,58.025,58.065,57.82,58.035,127024.0,,,,,,,,,,,,,,,,,,,,,,,,,,,,,"rgba(38, 166, 154, 1.0)",1.962957003655106,53.22087487461679,2.4524862828982545,80.59219096261668,25.2816676017989,True,False,True,False,True,20.0,0.0,0.0,0.0,0.0,0,1.0357457298820216,0.9015671773199507,False,False,False,False,0.3345786284583756,0.3374286998319612,False,False,False,False,3599698.0,2418659.572795321,False,False,False,False,79851.77741500955,False,False,False,False
2025-07-01 19:00:00+00:00,58.035,58.335,57.91,58.225,209067.0,,,,,,,,,,,,,,,,58.156666666666666,,,,,,,,,,58.156666666666666,58.156666666666666,,"rgba(38, 166, 154, 1.0)",1.999486483624894,53.63023880301279,2.297970621265373,81.35077376666698,26.330746800831335,True,False,True,False,True,20.0,-1.0,58.335,57.91,0.0,0,1.03387747937511,0.8990696857995436,False,False,False,False,0.34282824601076867,0.34012847292136494,False,False,False,False,3808765.0,2440211.594922525,False,False,False,False,81855.11419927297,False,False,False,False
2025-07-02 14:00:00+00:00,58.08,58.095,57.19,57.235,55621.0,,,,,,,,,,,,,,,,58.0200769837192,,,,,,,,,,58.0200769837192,58.0200769837192,,"rgba(38, 166, 154, 0.75)",2.00393853639729,53.64555756501845,1.7911938763524662,73.60723124665533,29.014893693070135,True,False,True,False,False,17.757965255033888,0.0,0.0,0.0,0.0,0,1.0154804116578744,0.9046960131453775,False,False,False,False,0.30299500713681504,0.32156174002909,False,False,False,False,3753144.0,2460567.1360865165,False,False,False,False,81448.38374657105,False,False,False,False
2025-07-02 15:00:00+00:00,57.235,57.265,56.565,56.655,86377.0,,,,,,,,,,,,,,,,57.72685709199151,,,,,,,,,,57.72685709199151,57.72685709199151,,"rgba(38, 166, 154, 0.5)",1.9864534198388981,53.65729383831589,1.5090744800485827,65.25870954728754,21.533004373353194,False,False,True,False,False,14.161957469829009,0.0,0.0,0.0,0.0,0,1.0021446341254185,0.9228789568499614,False,False,False,False,0.24431358520489685,0.28293766261699344,False,False,False,False,3666767.0,2479267.9091704465,False,False,False,False,81524.79640166298,False,False,False,False
2025-07-02 16:00:00+00:00,56.655,56.915,56.545,56.875,60823.0,,,,,,,,,,,,,,,,57.58678974219529,,,,,,,,,,57.58678974219529,57.58678974219529,,"rgba(38, 166, 154, 0.5)",1.9701406475608907,53.66815270087731,1.627725057646464,60.817422159206444,17.839518654014128,False,True,True,False,False,15.06134123147742,0.0,0.0,0.0,0.0,0,1.0115606936416188,0.9282201708221897,False,False,False,False,0.22636010771116435,0.2546488851640789,False,False,False,False,3727590.0,2498621.740036021,False,False,False,False,81203.83831791626,False,False,False,False
2025-07-02 17:00:00+00:00,56.88,57.09,56.68,57.0,56508.0,,,,,,,,,,,,,,,,57.50674936022796,,,,,,,,,,57.50674936022796,57.50674936022796,,"rgba(38, 166, 154, 0.5)",1.9956156064355504,53.6814943527459,1.6628982237623489,58.50113152205283,15.95256628877847,False,True,True,False,False,15.57070918037752,0.0,0.0,0.0,0.0,0,1.0092177808407998,0.9295313576843555,False,False,False,False,0.2333097583448179,0.24397932175444842,False,False,False,False,3784098.0,2518551.604531586,False,False,False,False,80820.95710368501,False,False,False,False
2025-07-02 18:00:00+00:00,57.0,57.145,56.925,56.935,79491.0,,,,,,,,,,,,,,,,57.43346868666958,,,,,,,,,,57.43346868666958,57.43346868666958,,"rgba(38, 166, 154, 0.5)",2.0151407189369195,53.70254993978813,1.6040815561094623,56.54405515421627,14.167916661084035,False,True,True,False,False,15.164138833176867,0.0,0.0,0.0,0.0,0,1.0083297180043387,0.9386550976138829,False,False,False,False,0.2450428025251647,0.24451106213980656,False,False,False,False,3704607.0,2536940.0602752822,False,False,False,False,80800.3376137054,False,False,False,False
2025-07-02 19:00:00+00:00,56.935,56.99,56.525,56.77,202245.0,,,,,,,,,,,,,,,,57.252342432176384,,,,,,,,,,57.252342432176384,57.252342432176384,,"rgba(38, 166, 154, 0.5)",2.0251539747935503,53.97093667382369,1.3821484000798807,54.15833639066594,11.826168427304978,False,True,True,False,False,14.127790897896219,0.0,0.0,0.0,0.0,0,0.9927373335638945,0.9437143351201799,False,False,False,False,0.2208754277067886,0.23269324492329757,False,False,False,False,3502362.0,2551907.842286518,False,False,False,False,82683.20059643865,False,False,False,False
2025-07-03 14:00:00+00:00,56.945,57.115,56.72,57.045,80863.0,,,,,,,,,,,,,,,,57.223894985328826,,,,,,,,,,57.223894985328826,57.223894985328826,,"rgba(38, 166, 154, 0.5)",2.039873710982437,53.994498523935036,1.4954364378742808,54.31518490362545,11.720129649148504,False,True,True,False,False,15.294885227179556,0.0,0.0,0.0,0.0,0,0.9982757134235714,0.9390464695232348,False,False,False,False,0.23477704160126212,0.23373514326227984,False,False,False,False,3583225.0,2567897.255584401,False,False,False,False,82654.98043215278,False,False,False,False
2025-07-03 15:00:00+00:00,57.045,57.17,56.87,56.975,55464.0,,,,,,,,,,,,,,,,57.210199155666906,,,,,,,,,,57.210199155666906,57.210199155666906,,"rgba(38, 166, 154, 0.5)",2.056356219360208,54.0105629687405,1.4415970362283936,53.89523505828624,10.877729132208053,False,True,True,False,False,14.847448207546613,0.0,0.0,0.0,0.0,0,1.0023261824760923,0.9371930731455156,False,False,False,False,0.24360869257221793,0.2386719179172489,False,False,False,False,3527761.0,2582778.864024953,False,False,False,False,82233.41484405738,False,False,False,False
2025-07-03 16:00:00+00:00,56.975,57.115,56.85,56.94,129463.0,,,,,,,,,,,,,,,,57.179377227451184,,,,,,,,,,57.179377227451184,57.179377227451184,,"rgba(38, 166, 154, 0.5)",2.069309690354517,54.04492562617035,1.3990532143758834,53.33329557658807,9.822315405898038,False,True,True,False,False,14.620868068998533,0.0,0.0,0.0,0.0,0,1.0009752637645184,0.9565564323078287,False,False,False,False,0.24032511405551057,0.23949851598637972,False,False,False,False,3398298.0,2595422.5715594497,False,False,False,False,82965.65647438208,False,False,False,False
2025-07-03 17:00:00+00:00,56.94,56.94,56.94,56.94,0.0,,,,,,,,,,,,,,,,57.179377227451184,,,,,,,,,,57.179377227451184,57.179377227451184,,"rgba(38, 166, 154, 0.5)",2.067294643766259,54.04492562617035,1.4004169084264244,52.95866925545596,8.909767407155158,False,True,True,False,False,14.620868068998533,0.0,0.0,0.0,0.0,0,0.9888868972934222,0.9669295572683277,False,False,False,False,0.23660985812651666,0.2380541870564482,False,False,False,False,3398298.0,2607870.2526205434,False,False,False,False,81679.36722671724,False,False,False,False
2025-07-03 18:00:00+00:00,56.94,56.94,56.94,56.94,0.0,,,,,,,,,,,,,,,,57.179377227451184,,,,,,,,,,57.179377227451184,57.179377227451184,,"rgba(38, 166, 154, 0.5)",2.059434876127317,54.04492562617035,1.4057615549726534,52.70891837470121,8.102677814737028,False,True,True,False,False,14.620868068998533,0.0,0.0,0.0,0.0,0,0.9852038975099247,0.9660772284373872,False,False,False,False,0.23660985812651666,0.23733202259148245,False,False,False,False,3398298.0,2620124.946378364,False,False,False,False,80413.02044800844,False,False,False,False
2025-07-03 19:00:00+00:00,56.94,56.94,56.94,56.94,0.0,,,,,,,,,,,,,,,,57.179377227451184,,,,,,,,,,57.179377227451184,57.179377227451184,,"rgba(38, 166, 154, 0.5)",2.0497307491826042,54.04492562617035,1.4124169113353813,52.54241778753139,7.380380133218189,False,True,True,False,False,14.620868068998544,0.0,0.0,0.0,0.0,0,0.9845944721341191,0.9642048028998641,False,False,False,False,0.23660985812651666,0.23697094035899957,False,False,False,False,3398298.0,2632189.644884126,False,False,False,False,79166.30695269047,False,False,False,False
2025-07-04 14:00:00+00:00,56.94,56.94,56.94,56.94,0.0,,,,,,,,,,,,,,,,57.179377227451184,,,,,,,,,,57.179377227451184,57.179377227451184,,"rgba(38, 166, 154, 0.5)",2.033043916782938,54.04492562617035,1.4240097569612655,52.43141739608484,6.731251146705446,False,True,True,False,False,14.620868068998544,0.0,0.0,0.0,0.0,0,0.9837257932539325,0.9637239749068098,False,False,False,False,0.23660985812651666,0.23679039924275813,False,False,False,False,3398298.0,2644067.2938006506,False,False,False,False,77938.92234877279,False,False,False,False
2025-07-04 15:00:00+00:00,56.94,56.94,56.94,56.94,0.0,,,,,,,,,,,,,,,,57.179377227451184,,,,,,,,,,57.179377227451184,57.179377227451184,,"rgba(38, 166, 154, 0.5)",2.0102756791810568,54.04492562617035,1.4401379889394286,52.35741713512047,6.1482552609703305,False,True,True,False,False,14.620868068998554,0.0,0.0,0.0,0.0,1,0.9838415190797887,0.964213985758627,False,False,False,False,0.23660985812651666,0.2367001286846374,False,False,False,False,3398298.0,2655760.7931215707,False,False,False,False,76730.5669635205,False,False,False,False
2025-07-04 16:00:00+00:00,56.94,56.94,56.94,56.94,0.0,,,,,,,,,,,,,,,,57.179377227451184,,,,,,,,,,57.179377227451184,57.179377227451184,,"rgba(38, 166, 154, 0.5)",1.98909484598067,54.04492562617035,1.4554732669885895,52.308083627810895,5.626464379504441,False,True,True,False,False,14.620868068998554,0.0,0.0,0.0,0.0,1,0.9815075565568389,0.9871397728339435,False,False,False,False,0.23660985812651666,0.23665499340557705,False,False,False,False,3398298.0,2667272.9978793757,False,False,False,False,75540.94577028762,False,False,False,False
2025-07-04 17:00:00+00:00,56.94,56.94,56.94,56.94,0.0,,,,,,,,,,,,,,,,57.179377227451184,,,,,,,,,,57.179377227451184,57.179377227451184,,"rgba(38, 166, 154, 0.5)",1.9830534218407834,54.04492562617035,1.4599074043816116,52.275194622937846,5.161756325590915,False,True,True,False,False,14.620868068998554,0.0,0.0,0.0,0.0,1,0.9693566806242867,0.9907689379520365,False,False,False,False,0.23660985812651666,0.23663242576604687,False,False,False,False,3398298.0,2678606.718842486,False,False,False,False,74369.76831648471,False,False,False,False
2025-07-04 18:00:00+00:00,56.94,56.94,56.94,56.94,0.0,,,,,,,,,,,,,,,,57.179377227451184,,,,,,,,,,57.179377227451184,57.179377227451184,,"rgba(38, 166, 154, 0.5)",1.968409924439319,54.04492562617035,1.4707680234107146,52.253268619689145,4.750196263175056,False,True,True,False,False,14.620868068998544,0.0,0.0,0.0,0.0,1,0.9726633939743965,0.9845028395418229,False,False,False,False,0.23660985812651666,0.23662114194628175,False,False,False,False,3398298.0,2689764.723201517,False,False,False,False,73216.74865266324,False,False,False,False
2025-07-04 19:00:00+00:00,56.94,56.94,56.94,56.94,0.0,,,,,,,,,,,,,,,,57.179377227451184,,,,,,,,,,57.179377227451184,57.179377227451184,,"rgba(38, 166, 154, 0.5)",1.9477764337922918,54.04492562617035,1.486348393790238,52.23865128419001,4.387797757619417,False,True,True,False,False,14.620868068998544,0.0,0.0,0.0,0.0,1,0.9721845318860249,0.9800348904826517,False,False,False,False,0.23660985812651666,0.2366155000363992,False,False,False,False,3398298.0,2700749.735244904,False,False,False,False,72081.60526269946,False,False,False,False
2025-07-07 14:00:00+00:00,55.795,56.18,55.36,55.625,91674.0,,,,,,,,,,,,,,,,57.05872478924324,,,,,,,,,,57.05872478924324,57.05872478924324,,"rgba(239, 83, 80, 1.0)",1.9119602812604934,54.04101708653418,0.8284601563069861,40.7345871477841,-6.274405772919245,False,True,False,True,False,5.308222852071193,0.0,0.0,0.0,0.0,0,0.9590194964982023,0.978515994699981,False,False,False,False,0.13645569896700616,0.18653559950170268,False,False,False,False,3306624.0,2710143.1346984715,False,False,False,False,72385.36332064211,False,False,False,False
2025-07-07 15:00:00+00:00,55.62,55.655,54.91,55.105,103696.0,,,,,,,,,,,,,,,,56.901601030139716,,,,,,,,,,56.901601030139716,56.901601030139716,,"rgba(239, 83, 80, 1.0)",1.8698128850839109,54.02934670382007,0.5752732290812392,31.723337330507036,-13.965380103885423,False,True,False,True,False,2.0764764098605646,0.0,0.0,0.0,0.0,0,0.9612154383316037,0.9826365952628102,False,False,False,False,0.09562372372737248,0.14107966161453758,False,False,False,False,3202928.0,2717783.2101295027,False,False,False,False,72870.79954822906,False,False,False,False
2025-07-07 16:00:00+00:00,55.11,55.435,55.025,55.1,54269.0,,,,,,,,,,,,,,,,56.828062280943655,,,,,,,,,,56.828062280943655,56.828062280943655,,"rgba(239, 83, 80, 1.0)",1.8308818753382317,54.024661969943395,0.5873333744471918,25.704645898233842,-18.709677384316635,False,True,False,True,False,2.046055775953665,0.0,0.0,0.0,0.0,0,0.9640803243141326,0.9818044687470537,False,False,False,False,0.09124770647690088,0.11616368404571922,False,False,False,False,3148659.0,2724463.4549336964,False,False,False,False,72582.39955523325,False,False,False,False
2025-07-07 17:00:00+00:00,55.1,55.33,55.0,55.125,44365.0,,,,,,,,,,,,,,,,56.77128556880312,,,,,,,,,,56.77128556880312,56.77128556880312,,"rgba(239, 83, 80, 1.0)",1.7900150183074914,54.021255014658024,0.6166121367996104,22.083472213872223,-21.376548511761204,False,True,False,True,False,2.192666406689355,0.0,0.0,0.0,0.0,0,0.9628897051897904,0.9830460582085335,False,False,False,False,0.0858345861798092,0.1009991351127642,False,False,False,False,3193024.0,2731727.959508368,False,False,False,False,72144.9204923614,False,False,False,False
2025-07-07 18:00:00+00:00,55.12,55.235,54.775,55.235,66284.0,,,,,,,,,,,,,,,,56.68990649198402,,,,,,,,,,56.68990649198402,56.68990649198402,,"rgba(239, 83, 80, 1.0)",1.7470533751136808,54.0163058834237,0.697571198416878,21.45941327207176,-21.589047093929373,False,True,False,True,False,2.8437210118625664,0.0,0.0,0.0,0.0,0,0.9563257255564953,0.9878839109608339,False,False,False,False,0.07253067108642341,0.08676490309959381,False,False,False,False,3259308.0,2739907.4950198657,False,False,False,False,72054.05350798371,False,False,False,False
2025-07-07 19:00:00+00:00,55.235,55.545,55.11,55.47,175608.0,,,,,,,,,,,,,,,,56.54110805090115,,,,,,,,,,56.54110805090115,56.54110805090115,,"rgba(239, 83, 80, 0.75)",1.7019768580171226,54.01733414407681,0.8535168084574343,24.543786939410076,-21.589047093929373,False,True,False,True,True,4.223409460629021,0.0,0.0,0.0,0.0,0,0.9619921363040634,0.9819322224302565,False,False,False,False,0.0993774975995604,0.09307120034957711,False,False,False,False,3434916.0,2750682.8206784725,False,False,False,False,73659.5410504956,False,False,False,False
2025-07-08 14:00:00+00:00,54.835,55.09,54.73,54.835,74110.0,,,,,,,,,,,,,,,,56.46562244043606,,,,,,,,,,56.46562244043606,56.46562244043606,,"rgba(239, 83, 80, 0.75)",1.6549349977710488,54.130047512515816,0.42596989515216677,23.6745636284131,-21.589047093929373,False,True,False,True,True,0.2558195590707868,0.0,0.0,0.0,0.0,0,0.9452575027788073,0.9856428306780288,False,False,False,False,0.06464388070214655,0.07885754052586183,False,False,False,False,3360806.0,2760142.0947764805,False,False,False,False,73666.52491017783,False,False,False,False
2025-07-08 15:00:00+00:00,54.83,55.36,54.775,55.32,47986.0,,,,,,,,,,,,,,,,56.42795534298655,,,,,,,,,,56.42795534298655,56.42795534298655,,"rgba(239, 83, 80, 0.75)",1.604469525874542,54.134540231782786,0.7388484163144576,28.224798130535696,-21.589047093929373,False,True,False,True,True,3.063604609155618,0.0,0.0,0.0,0.0,0,0.9502950940612325,0.9799889339727038,False,False,False,False,0.07772420472596005,0.07829087262591095,False,False,False,False,3408792.0,2770198.6824543644,False,False,False,False,73268.37723715181,False,False,False,False
2025-07-08 16:00:00+00:00,55.32,55.42,55.21,55.275,26541.0,,,,,,,,,,,,,,,,56.41037603170915,,,,,,,,,,56.41037603170915,56.41037603170915,,"rgba(239, 83, 80, 0.75)",1.550973646537192,54.13768098339774,0.7332935792568173,31.007432336411526,-26.462110743229907,False,True,False,True,True,2.7869499963715896,0.0,0.0,0.0,0.0,0,0.9676997759522036,0.9724607916355489,False,False,False,False,0.09833450707654606,0.0883126898512285,False,False,False,False,3382251.0,2779687.865672126,False,False,False,False,72543.9217761107,False,False,False,False
2025-07-08 17:00:00+00:00,55.28,55.435,55.13,55.39,39543.0,,,,,,,,,,,,,,,,56.385558391446416,,,,,,,,,,56.385558391446416,56.385558391446416,,"rgba(239, 83, 80, 0.75)",1.508559043388098,54.141291520619475,0.827749158943113,34.02093272928534,-23.50418187762752,False,True,False,True,True,3.448205192433395,0.0,0.0,0.0,0.0,0,0.9655108128262496,0.9675615212527964,False,False,False,False,0.09562372372737248,0.09196820678930048,False,False,False,False,3421794.0,2789642.9995376747,False,False,False,False,72032.27957803146,False,False,False,False
2025-07-08 18:00:00+00:00,55.38,55.62,55.28,55.495,38809.0,,,,,,,,,,,,,,,,56.36547417173419,,,,,,,,,,56.36547417173419,56.36547417173419,,"rgba(239, 83, 80, 0.75)",1.4678525805403033,54.146143366637986,0.9189319494642366,37.09470257212644,-20.472350212247736,False,True,False,True,True,4.053476257535401,0.0,0.0,0.0,0.0,0,0.969508227200893,0.962536023054755,False,False,False,False,0.10961057531682046,0.10078939105306048,False,False,False,False,3460603.0,2800045.4801649973,False,False,False,False,71517.18997217051,False,False,False,False
2025-07-08 19:00:00+00:00,55.495,55.83,55.44,55.47,127653.0,,,,,,,,,,,,,,,,56.312880288597704,,,,,,,,,,56.312880288597704,56.312880288597704,,"rgba(239, 83, 80, 0.75)",1.430674650280625,54.1621223758998,0.9141684476227085,38.9410634828365,-18.534783714808952,False,True,False,True,True,3.8913388065489194,0.0,0.0,0.0,0.0,0,0.9747151986662967,0.9565620079651755,False,False,False,False,0.12510876986553734,0.11294908045929891,False,False,False,False,3332950.0,2808307.5657438342,False,False,False,False,72387.51260826089,False,False,False,False
2025-07-09 14:00:00+00:00,55.535,55.67,55.19,55.355,107476.0,,,,,,,,,,,,,,,,56.264430217742756,,,,,,,,,,56.264430217742756,56.264430217742756,,"rgba(239, 83, 80, 0.75)",1.3889122939771963,54.167860309601224,0.8547261735291861,39.207388981186995,-17.937685302881306,False,True,False,True,True,3.1390883415619157,0.0,0.0,0.0,0.0,0,0.9714786782351861,0.9603101347609377,False,False,False,False,0.10793836240131288,0.1104437214303059,False,False,False,False,3225474.0,2814775.2623989685,False,False,False,False,72931.52016472195,False,False,False,False
2025-07-09 15:00:00+00:00,55.35,55.805,55.305,55.645,38513.0,,,,,,,,,,,,,,,,56.25168110876323,,,,,,,,,,56.25168110876323,56.25168110876323,,"rgba(239, 83, 80, 0.75)",1.346835252805197,54.17161225955656,1.0939628565369528,42.62824263499351,-14.361419378403333,False,True,False,True,True,4.86005571552262,0.0,0.0,0.0,0.0,1,0.9802928446449954,0.9527580808545906,False,False,False,False,0.11839993975731009,0.11442183059380799,False,False,False,False,3263987.0,2821739.7854625504,False,False,False,False,72397.89969705185,False,False,False,False
2025-07-09 16:00:00+00:00,55.64,55.81,55.335,55.365,43259.0,,,,,,,,,,,,,,,,56.236233929854095,,,,,,,,,,56.236233929854095,56.236233929854095,,"rgba(239, 83, 80, 0.75)",1.3069684784279412,54.17485490294498,0.9106149969940845,42.448259458957395,-14.180350538277452,False,True,False,True,True,3.019218159115862,0.0,0.0,0.0,0.0,0,0.9843274638148802,0.9520604775513967,False,False,False,False,0.1198665694802471,0.11714420003702755,False,False,False,False,3220728.0,2827925.6492538285,False,False,False,False,71946.13381027586,False,False,False,False
2025-07-09 17:00:00+00:00,55.365,55.68,55.23,55.605,55751.0,,,,,,,,,,,,,,,,56.21728538246216,,,,,,,,,,56.21728538246216,56.21728538246216,,"rgba(239, 83, 80, 0.75)",1.2809039249161165,54.178982946716815,1.1132896273829194,44.756448748528356,-11.606762487430515,False,True,False,True,True,4.441746136387728,0.0,0.0,0.0,0.0,0,0.9891896886260745,0.9481659428993809,False,False,False,False,0.11002872360262203,0.11358646181982479,False,False,False,False,3276479.0,2834879.964769273,False,False,False,False,71695.04646438011,False,False,False,False
2025-07-09 18:00:00+00:00,55.6,55.92,55.585,55.845,66099.0,,,,,,,,,,,,,,,,56.204350525067056,,,,,,,,,,56.204350525067056,56.204350525067056,,#000000,1.249122495598274,54.187750540272035,1.326730937572472,48.38728430170345,-7.914626832917953,False,False,False,False,True,5.836492352382717,0.0,0.0,0.0,0.0,0,0.9996291832761662,0.9386298322054325,False,False,False,False,0.13498289030672259,0.12428467606327369,False,False,False,False,3342578.0,2842751.252137191,False,False,False,False,71608.28605407964,False,False,False,False
2025-07-09 19:00:00+00:00,55.845,56.04,55.675,55.94,136035.0,,,,,,,,,,,,,,,,56.18589242773353,,,,,,,,,,56.18589242773353,56.18589242773353,,"rgba(38, 166, 154, 0.5)",1.2024460805280344,54.207374319842685,1.440917566462904,51.5812678406832,-4.748733137595337,False,False,True,False,True,6.384336369523169,0.0,0.0,0.0,0.0,0,0.9944511236474618,0.9382225099417368,False,False,False,False,0.1438287062608036,0.13405669116203864,False,False,False,False,3478613.0,2852609.5738094826,False,False,False,False,72607.14983618693,False,False,False,False
2025-07-10 14:00:00+00:00,56.53,56.91,56.39,56.85,72109.0,,,,,,,,,,,,,,,,56.20167078781042,,,,,,,,,,56.20167078781042,56.20167078781042,,"rgba(38, 166, 154, 1.0)",1.1793269305030176,54.22849997507382,2.2228781155773643,58.761599807954,1.948788172138947,True,False,True,False,True,11.315035839479304,0.0,0.0,0.0,0.0,0,1.002372262773723,0.9247262773722629,False,False,False,False,0.21142351051961522,0.17274010084082692,False,False,False,False,3550722.0,2863433.0222775526,False,False,False,False,72599.42658291271,False,False,False,False
2025-07-10 15:00:00+00:00,56.855,57.04,56.715,57.015,77111.0,,,,,,,,,,,,,,,56.923333333333325,56.22390501807366,,,,,,,,,,56.22390501807366,56.57361917570349,,"rgba(38, 166, 154, 1.0)",1.1613979499718703,54.4648086462888,2.1957946057791524,64.16222178699883,6.772861597888529,True,False,True,False,True,12.1506438104892,0.0,0.0,0.0,0.0,0,1.0104793147439406,0.9206305813741571,False,False,False,False,0.23115784203662465,0.20194897143872578,False,False,False,False,3627833.0,2875284.1847228617,False,False,False,False,72669.37345759623,False,False,False,False
2025-07-10 16:00:00+00:00,57.015,57.04,56.575,56.58,67895.0,,,,,,,,,,,,,,56.73166666666667,56.83359078245037,56.23731551710008,,,,,,,,,,56.23731551710008,56.60085765540571,,"rgba(38, 166, 154, 1.0)",1.1399253057562022,54.678439041100845,1.6681452278469233,63.54307990229459,6.772861597888529,True,False,True,False,True,9.179317802763908,0.0,0.0,0.0,0.0,0,1.0033247137052093,0.9275951237532323,False,False,False,False,0.22506755703785533,0.21350826423829056,False,False,False,False,3559938.0,2885898.9725566157,False,False,False,False,72595.35216368001,False,False,False,False
2025-07-10 17:00:00+00:00,56.57,56.785,56.57,56.615,57284.0,,,,,,,,,,,,,,56.697345414699484,56.78348983307792,56.2464563787358,,,,,,,,,,56.2464563787358,56.5757638755044,,"rgba(38, 166, 154, 1.0)",1.1327589177607198,54.68695853232257,1.7020757351342295,63.319486146346044,6.772861597888529,True,False,True,False,True,9.363048118304377,0.0,0.0,0.0,0.0,0,1.0015710193142968,0.9305054985676,False,False,False,False,0.21380008557776162,0.21365417490802607,False,False,False,False,3617222.0,2897237.314067366,False,False,False,False,72357.96685881676,False,False,False,False
2025-07-10 18:00:00+00:00,56.62,56.74,56.51,56.635,70686.0,,,,,,,,,,,,,,56.67243954594576,56.74331270270402,56.25645881489628,,,,,,,,,,56.25645881489628,56.557403687848684,,"rgba(38, 166, 154, 1.0)",1.1273603347310914,54.69854261320588,1.7176916085627756,63.28905239683705,6.772861597888529,True,False,True,False,True,9.469706853187702,0.0,0.0,0.0,0.0,0,1.001754872079062,0.929158585018934,False,False,False,False,0.20926502866093116,0.21145960178447862,False,False,False,False,3687908.0,2909495.7743143835,False,False,False,False,72332.0448920134,False,False,False,False
2025-07-10 19:00:00+00:00,56.635,56.78,56.28,56.415,184478.0,,,,,,,,,,,,,,56.58475916475392,56.641831116717015,56.27150852919509,,,,,,,,,,56.27150852919509,56.499366270222005,,"rgba(38, 166, 154, 0.75)",1.1159314172155048,54.72165352363028,1.517428804536207,61.03382665540935,6.772861597888529,True,False,True,False,False,7.956613759492406,0.0,0.0,0.0,0.0,0,0.9959551388122823,0.931145431145431,False,False,False,False,0.20108011855115548,0.20626986016781707,False,False,False,False,3503430.0,2918704.0568831526,False,False,False,False,74070.7418704318,False,False,False,False
2025-07-11 14:00:00+00:00,55.93,55.96,55.51,55.755,73790.0,,,,,,,,,,,,,,56.44776890984212,56.51679792148241,56.25828643077464,,,,,,,,,,56.25828643077464,56.407617754033055,,"rgba(38, 166, 154, 0.75)",1.1060474347552218,54.71274912518196,0.9423202315447747,54.56451367475192,11.34910144386798,True,False,True,False,False,3.6441424176709454,0.0,0.0,0.0,0.0,0,0.9853506683757559,0.9460721479582493,False,False,False,False,0.1335106634864379,0.16989026182712746,False,False,False,False,3429640.0,2926625.5443733362,False,False,False,False,74066.38928329332,False,False,False,False
2025-07-11 15:00:00+00:00,55.75,55.84,55.62,55.79,56034.0,,,,,,,,,,,,,,56.37112972484173,56.44363537370717,56.2488335562577,,,,,,,,,,56.2488335562577,56.35453288493553,,#000000,1.0985639561566025,54.70855088328473,0.9844207163857711,50.552859125205195,7.582905213500034,False,False,False,False,False,3.844305003977677,0.0,0.0,0.0,0.0,0,0.9863958084382761,0.9443882709807886,False,False,False,False,0.13309013317944238,0.1514901975032849,False,False,False,False,3485674.0,2935292.9622900286,False,False,False,False,73786.81735642056,False,False,False,False
2025-07-11 16:00:00+00:00,55.785,55.99,55.78,55.97,25113.0,,,,,,,,,,,,,,56.34965191737657,56.42188868712963,56.24606029780304,,,,,,,,,,56.24606029780304,56.339200300769754,,#000000,1.0888232469339294,54.70846260375324,1.1586245975177178,49.45317665122363,6.469082467659248,False,False,False,False,False,4.876578454086626,0.0,0.0,0.0,0.0,0,1.002227998514668,0.9380802079465279,False,False,False,False,0.14614911114759604,0.14881965432544048,False,False,False,False,3510787.0,2944215.350471578,False,False,False,False,73032.18452918924,False,False,False,False
2025-07-11 17:00:00+00:00,55.97,56.085,55.855,55.925,50900.0,,,,,,,,,,,,,,56.315382951198146,56.386060318924876,56.2412642464173,,,,,,,,,,56.2412642464173,56.31423583884678,,"rgba(239, 83, 80, 0.5)",1.0841357541073977,54.70944484553356,1.1212204282177192,48.36411972718577,5.199245229377851,False,False,False,True,False,4.582058858035303,0.0,0.0,0.0,0.0,0,1.0029698375870075,0.9330858468677494,False,False,False,False,0.15333127582879208,0.15107546507711628,False,False,False,False,3459887.0,2952210.259766592,False,False,False,False,72689.04988532585,False,False,False,False
2025-07-11 18:00:00+00:00,55.925,55.98,55.81,55.895,49138.0,,,,,,,,,,,,,,56.28286887563918,56.35219066742089,56.2358423145284,,,,,,,,,,56.2358423145284,56.29030061919616,,"rgba(239, 83, 80, 0.5)",1.0771424282849018,54.71001888043927,1.1001155357398165,47.38151103192554,3.9257929824401003,False,False,False,True,False,4.382943569811911,0.0,0.0,0.0,0.0,0,1.00409264254488,0.9343316900753419,False,False,False,False,0.1469932810529792,0.14903437306504774,False,False,False,False,3410749.0,2959319.387522149,False,False,False,False,72323.9173289642,False,False,False,False
2025-07-11 19:00:00+00:00,55.895,56.04,55.74,55.97,150264.0,,,,,,,,,,,,,,56.212822707665566,56.27633102969423,56.22125750657489,,,,,,,,,,56.22125750657489,56.23680374797823,,"rgba(239, 83, 80, 0.5)",1.0664707182072457,54.714967566972476,1.176809087770598,47.54106562810519,3.6533918871435134,False,False,False,True,False,4.830811353993546,0.0,0.0,0.0,0.0,0,1.0007423216108384,0.9331910550245894,False,False,False,False,0.1465711701731951,0.14780277161912142,False,False,False,False,3561013.0,2968647.9706613403,False,False,False,False,73532.29070370895,False,False,False,False
2025-07-14 14:00:00+00:00,54.825,54.935,54.33,54.685,102815.0,,,,,,,,,,,,,,56.03195580166675,56.103146317793325,56.17361998470555,,,,,,,,,,56.17361998470555,56.102907368055206,,"rgba(239, 83, 80, 1.0)",1.0713008552797891,54.688584882393386,-0.003346289117305919,40.25731828041791,-3.422925418681359,False,True,False,True,False,0.0,0.0,0.0,0.0,0.0,0,0.986535333453823,0.935749141514549,False,False,False,False,0.0416484728779878,0.0947256222485546,False,False,False,False,3458198.0,2976237.8935968233,False,False,False,False,73986.2861966747,False,False,False,False
2025-07-14 15:00:00+00:00,54.715,55.02,54.535,54.78,80680.0,,,,,,,,,,,,,,55.92758611716785,56.00097929658277,56.14119622501481,,,,,,,,,,56.14119622501481,56.02325387958848,,"rgba(239, 83, 80, 1.0)",1.0741974502682676,54.673308353836525,0.09932219270938618,36.32041223436802,-7.086175885370352,False,True,False,True,False,0.0,0.0,0.0,0.0,0.0,0,0.9940551252026666,0.9326247522968835,False,False,False,False,0.05365706410288545,0.07419134317572003,False,False,False,False,3538878.0,2984960.9960216787,False,False,False,False,74090.06470525337,False,False,False,False
2025-07-14 16:00:00+00:00,54.785,54.82,54.38,54.475,54547.0,,,,,,,,,,,,,,55.85462120856877,55.92948887485786,56.11671246927139,,,,,,,,,,56.11671246927139,55.96694085089934,,"rgba(239, 83, 80, 1.0)",1.084219996126563,54.66144359349181,-0.17196103572880908,32.57538839006469,-10.545294249662838,False,True,False,True,False,0.0,0.0,0.0,0.0,0.0,0,1.0006359589352234,0.9310438811665304,False,False,False,False,0.038958660747894225,0.05657500196180713,False,False,False,False,3484331.0,2992703.166625994,False,False,False,False,73787.07145400914,False,False,False,False
2025-07-14 17:00:00+00:00,54.475,54.495,54.26,54.365,66008.0,,,,,,,,,,,,,,55.7648873809384,55.84145002226997,56.084679419355524,,,,,,,,,,56.084679419355524,55.897005607521294,,"rgba(239, 83, 80, 1.0)",1.0814706495168744,54.64568940125372,-0.25954416920987133,29.696164379524163,-13.22878904635327,False,True,False,True,False,0.0,0.0,0.0,0.0,0.0,0,0.9928116469517748,0.9397634212920837,False,False,False,False,0.02055688141129632,0.038565941686551725,False,False,False,False,3418323.0,2999301.9237325676,False,False,False,False,73666.46569503225,False,False,False,False
2025-07-14 18:00:00+00:00,54.365,54.7,54.34,54.65,94218.0,,,,,,,,,,,,,,55.669260384902366,55.745950162878415,56.04579922186179,,,,,,,,,,56.04579922186179,55.82033658988086,,"rgba(239, 83, 80, 1.0)",1.0774578982601626,54.62904602728795,0.019447602310851946,30.759793373051586,-13.22878904635327,False,True,False,True,False,0.0,0.0,0.0,0.0,0.0,0,0.9921945906698135,0.9364675984752223,False,False,False,False,0.03233990368505159,0.035452922685801656,False,False,False,False,3512541.0,3007259.118713458,False,False,False,False,73985.09413386897,False,False,False,False
2025-07-14 19:00:00+00:00,54.645,54.875,54.595,54.83,157029.0,,,,,,,,,,,,,,55.56355853635315,55.63750376471861,55.993541937456655,,,,,,,,,,55.993541937456655,55.731534746176145,,"rgba(239, 83, 80, 0.75)",1.0532326813585717,54.611340910189256,0.20760758157323106,33.19478881114205,-13.22878904635327,False,True,False,True,True,0.0,0.0,0.0,0.0,0.0,0,0.9981880775502812,0.9313281391556442,False,False,False,False,0.05013585699495717,0.042794389840379414,False,False,False,False,3669570.0,3017527.5044698385,False,False,False,False,75272.59655039814,False,False,False,False
2025-07-15 14:00:00+00:00,54.6,54.645,54.105,54.235,71502.0,,,,,,,,,,,,,,55.50102507515087,55.57465797287487,55.96313073800856,,,,,,,,,,55.96313073800856,55.67960459534476,,"rgba(239, 83, 80, 0.75)",1.0457766543633955,54.59858058229747,-0.3476656136666186,31.989416260985365,-13.22878904635327,False,True,False,True,True,0.0,0.0,0.0,0.0,0.0,0,0.9904495900531585,0.9324263447157403,False,False,False,False,0.020350222211884348,0.03157230602613188,False,False,False,False,3598068.0,3026528.1323075155,False,False,False,False,75214.13768915166,False,False,False,False
2025-07-15 15:00:00+00:00,54.235,54.34,54.135,54.21,55031.0,,,,,,,,,,,,,,55.45329648955667,55.52668873496866,55.93908483734129,,,,,,,,,,55.93908483734129,55.639690020622204,,"rgba(239, 83, 80, 0.75)",1.0381538447677645,54.58836359728677,-0.3644581187978083,31.083017412602878,-13.22878904635327,False,True,False,True,True,0.0,0.0,0.0,0.0,0.0,0,0.9931345980126473,0.9343270099367661,False,False,False,False,-0.04230835164840796,-0.005368022811138039,False,False,False,False,3543037.0,3034536.021729104,False,False,False,False,74901.22082575396,False,False,False,False
2025-07-15 16:00:00+00:00,54.215,54.32,54.07,54.205,42319.0,,,,,,,,,,,,,,55.418118841480144,55.49126323435687,55.92072569588438,,,,,,,,,,55.92072569588438,55.610035923907134,,"rgba(239, 83, 80, 0.75)",1.039661565689459,54.58062966255892,-0.36129994120713693,30.455912487239853,-13.495154673262661,False,True,False,True,True,0.0,0.0,0.0,0.0,0.0,0,0.9860716316088692,0.9487398142884217,False,False,False,False,-0.046388967747302105,-0.025878495279220072,False,False,False,False,3500718.0,3041763.649299196,False,False,False,False,74396.07011527715,False,False,False,False
2025-07-15 17:00:00+00:00,54.205,54.36,54.195,54.3,35985.0,,,,,,,,,,,,,,55.39173929859473,55.46451523072596,55.90618668945354,,,,,,,,,,55.90618668945354,55.587480406258074,,"rgba(239, 83, 80, 0.75)",1.0473521869955156,54.57482848511961,-0.2624031233543316,31.162386722415423,-13.495154673262661,False,True,False,True,True,0.0,0.0,0.0,0.0,0.0,0,0.9844465648854966,0.9455152671755728,False,False,False,False,-0.038469060135397457,-0.03217377770730877,False,False,False,False,3536703.0,3049437.127604635,False,False,False,False,73800.54964837362,False,False,False,False
2025-07-15 18:00:00+00:00,54.295,54.295,54.085,54.185,46332.0,,,,,,,,,,,,,,55.35671761257616,55.42909136776863,55.88674974600278,,,,,,,,,,55.88674974600278,55.55751957544919,,"rgba(239, 83, 80, 0.75)",1.0569623012704812,54.566853505993265,-0.3612744802101933,30.971666469900427,-13.878561416419338,False,True,False,True,True,0.0,0.0,0.0,0.0,0.0,0,0.9891700210849153,0.9377036611079168,False,False,False,False,-0.04686913911619772,-0.039521458411753245,False,False,False,False,3490371.0,3056273.31167278,False,False,False,False,73374.68066157712,False,False,False,False
2025-07-15 19:00:00+00:00,54.17,54.23,53.94,53.955,116772.0,,,,,,,,,,,,,,55.2668537714134,55.33837545702119,55.83559285713325,,,,,,,,,,55.83559285713325,55.480274028522615,,"rgba(239, 83, 80, 0.75)",1.0783764615353384,54.54522300095814,-0.5473255602387781,29.614998747021925,-15.610505941084696,False,True,False,True,True,0.0,0.0,0.0,0.0,0.0,0,0.9858128834355834,0.9367331288343562,False,False,False,False,-0.0569580707351979,-0.04823976457347558,False,False,False,False,3373599.0,3061193.0897863805,False,False,False,False,74047.50731798678,False,False,False,False
2025-07-16 14:00:00+00:00,53.895,53.915,53.62,53.705,80246.0,,,,,,,,,,,,,,55.198667950204175,55.26993164724817,55.79653584478966,,,,,,,,,,55.79653584478966,55.42171181408067,,"rgba(239, 83, 80, 1.0)",1.1047273398880737,54.527611149197035,-0.7446282168416151,27.5582577332849,-17.89272981906735,False,True,False,True,False,0.0,0.0,0.0,0.0,0.0,0,0.9776944524564951,0.9476011921930588,False,False,False,False,-0.08754420002495145,-0.0678919822992135,False,False,False,False,3293353.0,3064792.4682393046,False,False,False,False,74143.60797972341,False,False,False,False
2025-07-16 15:00:00+00:00,53.71,53.93,53.295,53.525,57188.0,,,,,,,,,,,,,,55.1486327134114,55.21978350356449,55.76743336712602,,,,,,,,,,55.76743336712602,55.37861652803397,,"rgba(239, 83, 80, 1.0)",1.1303172519654707,54.51416605788571,-0.875122498719438,25.450358872932405,-20.1161083244077,False,True,False,True,False,0.0,0.0,0.0,0.0,0.0,0,0.9667081220702196,0.9502535157371094,False,False,False,False,-0.10253202761925627,-0.0852120049592349,False,False,False,False,3236165.0,3067449.4067162145,False,False,False,False,73880.73033662693,False,False,False,False
2025-07-16 16:00:00+00:00,53.53,53.62,53.39,53.505,42073.0,,,,,,,,,,,,,,55.112011641345305,55.18307612009807,55.74575622655317,,,,,,,,,,55.74575622655317,55.346947995998846,,"rgba(239, 83, 80, 1.0)",1.1607612173071107,54.50407994930647,-0.8607110010310901,23.962654001654894,-21.706290993456086,False,True,False,True,False,0.0,0.0,0.0,0.0,0.0,0,0.9811540703322328,0.9499708568097925,False,False,False,False,-0.11295343464147004,-0.09908271980035246,False,False,False,False,3194092.0,3069412.8577748775,False,False,False,False,73387.58723063271,False,False,False,False
2025-07-16 17:00:00+00:00,53.505,53.59,53.285,53.305,80806.0,,,,,,,,,,,,,,55.04148338380393,55.112399331001896,55.703249030735165,,,,,,,,,,55.703249030735165,55.28571058184699,,"rgba(239, 83, 80, 1.0)",1.1999899586669802,54.48407000459385,-0.982566559059906,22.16040500721696,-23.56714307921915,False,True,False,True,False,0.0,0.0,0.0,0.0,0.0,0,0.9802625182304331,0.9447739426349054,False,False,False,False,-0.1195094751794331,-0.10929609748989277,False,False,False,False,3113286.0,3070093.0615303055,False,False,False,False,73502.60138209576,False,False,False,False
2025-07-16 18:00:00+00:00,53.305,53.44,53.28,53.41,55728.0,,,,,,,,,,,,,,54.99566448264843,55.06638115858187,55.67461274155339,,,,,,,,,,55.67461274155339,55.24555279426122,,"rgba(239, 83, 80, 1.0)",1.234098339563096,54.47070105610883,-0.8594947599429958,22.697493970448328,-23.56714307921915,False,True,False,True,False,0.0,0.0,0.0,0.0,0.0,0,0.9820505316554488,0.9451760803824021,False,False,False,False,-0.1270494460010468,-0.11817277174546979,False,False,False,False,3169014.0,3071626.7194910757,False,False,False,False,73227.02616686947,False,False,False,False
2025-07-16 19:00:00+00:00,53.415,53.415,53.13,53.375,210060.0,,,,,,,,,,,,,,54.83691574780495,54.90650204524273,55.569623573210315,,,,,,,,,,55.569623573210315,55.104347122086004,,"rgba(239, 83, 80, 1.0)",1.2665972965834043,54.42192097187738,-0.8265618241104765,22.86972077892109,-23.56714307921915,False,True,False,True,False,0.0,0.0,0.0,0.0,0.0,0,0.9821323960164035,0.9425893380199184,False,False,False,False,-0.1355796655258016,-0.1268762186356357,False,False,False,False,2958954.0,3069879.855622997,False,False,False,False,75348.46762164668,False,False,False,False
2025-07-17 14:00:00+00:00,53.155,53.32,52.52,52.675,90217.0,,,,,,,,,,,,,,54.75936933564086,54.82883150539348,55.51858560460396,,,,,,,,,,55.51858560460396,55.03559548187943,,"rgba(239, 83, 80, 1.0)",1.3178707984632316,54.391572086509065,-1.302534427889867,20.311735285032402,-25.87380766631144,False,True,False,True,False,0.0,0.0,0.0,0.0,0.0,0,0.972171224272877,0.9410571069668571,False,False,False,False,-0.17353339468380422,-0.15020480665971997,False,False,False,False,2868737.0,3066761.361737369,False,False,False,False,75578.98750348162,False,False,False,False
2025-07-17 15:00:00+00:00,52.675,53.35,52.62,53.335,84418.0,,,,,,,,,,,,,,54.70129226919814,54.77019727678319,55.47705137480511,,,,,,,,,,55.47705137480511,54.982846973595485,,"rgba(239, 83, 80, 0.75)",1.3471333661916989,54.37837642492853,-0.7745160584049092,26.186212240286753,-28.026757604128143,False,True,False,True,True,0.0,0.0,0.0,0.0,0.0,0,0.9736261628464568,0.9419775582622042,False,False,False,False,-0.20360925933023816,-0.17690703299497906,False,False,False,False,2953155.0,3065000.0227957047,False,False,False,False,75716.026456916,False,False,False,False
2025-07-17 16:00:00+00:00,53.335,53.655,53.265,53.625,57120.0,,,,,,,,,,,,,,54.673821691620624,54.742012185637655,55.4544992825218,,,,,,,,,,55.4544992825218,54.95677771992669,,"rgba(239, 83, 80, 0.75)",1.367853576010998,54.37552445228225,-0.5486877144196719,32.523762176700515,-22.409492056864757,False,True,False,True,True,0.0,0.0,0.0,0.0,0.0,0,0.9804035700426857,0.9456732634846725,False,False,False,False,-0.1529427206281333,-0.16492487681155618,False,False,False,False,3010275.0,3064151.5728298794,False,False,False,False,75427.71596921189,False,False,False,False
2025-07-17 17:00:00+00:00,53.625,53.695,53.54,53.54,37074.0,,,,,,,,,,,,,,54.657797801298045,54.72548750268482,55.440704857803645,,,,,,,,,,55.440704857803645,54.94133005392883,,"rgba(239, 83, 80, 0.75)",1.3705885235553255,54.373181672844375,-0.6079006634924177,36.188977004320634,-19.374450551720276,False,True,False,True,True,0.0,0.0,0.0,0.0,0.0,0,0.9853843905290854,0.9431939978563776,False,False,False,False,-0.13632557326608002,-0.1506252250388181,False,False,False,False,2973201.0,3062741.486429416,False,False,False,False,74833.08471387526,False,False,False,False
2025-07-17 18:00:00+00:00,53.545,53.7,53.435,53.645,84979.0,,,,,,,,,,,,,,54.622855122468714,54.68939781644809,55.409871804717184,,,,,,,,,,55.409871804717184,54.907374914544654,,"rgba(239, 83, 80, 0.5)",1.3670486787568148,54.3655520982057,-0.5270859109866953,39.55688745967508,-16.52410496604405,False,False,False,True,True,0.0,0.0,0.0,0.0,0.0,0,0.986862592448424,0.9361619307123398,False,False,False,False,-0.141592328851153,-0.14610877694498553,False,False,False,False,3058180.0,3062670.76570958,False,False,False,False,74990.38572606324,False,False,False,False
2025-07-17 19:00:00+00:00,53.645,53.655,53.45,53.57,137488.0,,,,,,,,,,,,,,54.56916938441314,54.63392525181973,55.36118890916033,,,,,,,,,,55.36118890916033,54.854761181797734,,"rgba(239, 83, 80, 0.5)",1.3543618223896465,54.349405347539815,-0.5754779370291356,41.21641793397477,-15.118529358739622,False,False,False,True,True,0.0,0.0,0.0,0.0,0.0,0,0.9894849576477467,0.9352546003310296,False,False,False,False,-0.1450680885418385,-0.14558843274341202,False,False,False,False,2920692.0,3060469.544535788,False,False,False,False,75959.34098612427,False,False,False,False
2025-07-18 14:00:00+00:00,53.83,53.94,53.59,53.77,63050.0,,,,,,,,,,,,,53.766666666666666,54.55102920767355,54.614848684181446,55.34219172329216,,,,,,,,,,55.34219172329216,54.56868407045346,,"rgba(239, 83, 80, 0.5)",1.3382222306998912,54.37254834472384,-0.45026030124212074,44.21291086602301,-12.3308189430646,False,False,False,True,True,0.0,0.0,0.0,0.0,0.0,0,0.992599084623625,0.9314441523030484,False,False,False,False,-0.12262670413313834,-0.13410756843827518,False,False,False,False,2983742.0,3059279.9702018998,False,False,False,False,75759.19616463396,False,False,False,False
2025-07-18 15:00:00+00:00,53.775,53.925,53.565,53.72,35905.0,,,,,,,,,,,,,53.755781415795056,54.540679506120924,54.603984435126875,55.33137217759934,,,,,,,,,,55.33137217759934,54.55795438366055,,"rgba(239, 83, 80, 0.5)",1.3198858570635286,54.36883840015734,-0.49158675099441435,45.74282213887001,-10.825770415617654,True,False,False,True,True,0.0,0.0,0.0,0.0,0.0,0,0.9928801326441046,0.932019896615625,False,False,False,False,-0.12912624276582443,-0.1316169056020498,False,False,False,False,2947837.0,3057552.1722142734,False,False,False,False,75141.30165045359,False,False,False,False
2025-07-18 16:00:00+00:00,53.715,53.72,53.49,53.66,39870.0,,,,,,,,,,,,,53.717742841707185,54.52791369259741,54.59069533716749,55.318685637310736,,,,,,,,,,55.318685637310736,54.5387593771957,,"rgba(239, 83, 80, 0.5)",1.2942994800836434,54.36245532989672,-0.5427301337178365,46.171267494388445,-10.193338050527586,True,False,False,True,True,0.0,0.0,0.0,0.0,0.0,0,0.9860180600058263,0.9331973978056126,False,False,False,False,-0.14406260186966025,-0.13783975373585503,False,False,False,False,2907967.0,3055233.0222574626,False,False,False,False,74594.45976440005,False,False,False,False
2025-07-18 17:00:00+00:00,53.665,53.795,53.62,53.63,31177.0,,,,,,,,,,,,,53.711126761253794,54.518804076395234,54.581163671708154,55.30923258342112,,,,,,,,,,55.30923258342112,54.53008177319458,,"rgba(239, 83, 80, 0.5)",1.29103582270057,54.358981244788296,-0.5646483482258621,46.14270533118057,-9.839620522133764,True,False,False,True,True,0.0,0.0,0.0,0.0,0.0,0,0.9885813818463328,0.9319721308302693,False,False,False,False,-0.1331211674918056,-0.13548046061383032,False,False,False,False,2876790.0,3052466.4637728506,False,False,False,False,73921.32085332407,False,False,False,False
2025-07-18 18:00:00+00:00,53.64,53.83,53.625,53.765,30521.0,,,,,,,,,,,,,53.715521469690096,54.510682453287046,54.57261692407513,55.30041149857701,,,,,,,,,,55.30041149857701,54.52480808640732,,#000000,1.2938339562350902,54.3564600950278,-0.4571375578585681,47.779190846113316,-7.882831521936637,True,False,False,False,True,0.0,0.0,0.0,0.0,0.0,0,0.9887228915662655,0.9315662650602413,False,False,False,False,-0.1309900232830629,-0.1332352419484466,False,False,False,False,2907311.0,3050215.991466295,False,False,False,False,73248.44766179967,False,False,False,False
2025-07-18 19:00:00+00:00,53.765,53.92,53.735,53.905,107798.0,,,,,,,,,,,,,53.76370451034257,54.4873309841564,54.54769851826689,55.27224060385552,,,,,,,,,,55.27224060385552,54.517743654155346,,#000000,1.2899049549456847,54.351315249666996,-0.34600630686451495,50.453536872205504,-5.044444973162463,True,False,False,False,True,0.0,0.0,0.0,0.0,0.0,0,0.9908759124087595,0.9300806761429123,False,False,False,False,-0.12035163392977465,-0.12679343793911063,False,False,False,False,3015109.0,3049671.697024957,False,False,False,False,73784.09963603533,False,False,False,False
2025-07-21 14:00:00+00:00,53.62,53.735,53.285,53.305,97663.0,,,,,,,,,,,,,53.686235492039096,54.454726845967635,54.51404071599562,55.24051409129891,,,,,,,,,,55.24051409129891,54.473879286325314,,"rgba(239, 83, 80, 0.5)",1.2924804806237598,54.333573298989585,-0.795813410267665,46.30746336169918,-5.044444973162463,True,False,False,True,False,0.0,0.0,0.0,0.0,0.0,0,0.979214123006834,0.9311883067577832,False,False,False,False,-0.15423406780740445,-0.14051375287325754,False,False,False,False,2917446.0,3047621.6862183684,False,False,False,False,74154.31514555417,False,False,False,False
2025-07-21 15:00:00+00:00,53.3,53.31,53.005,53.045,73838.0,,,,,,,,,,,,,53.59909964528512,54.42398687029904,54.48268875876318,55.213087470417285,,,,,,,,,,55.213087470417285,54.42971568619116,,"rgba(239, 83, 80, 0.5)",1.2997214774402812,54.315203843930625,-0.977289262336581,41.839168225459964,-2.292416261011752,False,False,False,True,False,0.0,0.0,0.0,0.0,0.0,0,0.9740492592243092,0.9396055487402097,False,False,False,False,-0.22129037459652073,-0.18090206373488915,False,False,False,False,2843608.0,3044458.683331262,False,False,False,False,74149.41103477037,False,False,False,False
2025-07-21 16:00:00+00:00,53.045,53.06,52.59,52.625,79264.0,,,,,,,,,,,,,53.47990062947977,54.38379990369229,54.44203959764225,55.179471414360044,,,,,,,,,,55.179471414360044,54.37130288629359,,"rgba(239, 83, 80, 0.5)",1.3175900229089066,54.290246223114934,-1.2638576447615248,36.706195522279785,-6.96716013813289,False,False,False,True,False,0.0,0.0,0.0,0.0,0.0,0,0.9661369655694292,0.9545970488081728,False,False,False,False,-0.2878809191833034,-0.23439149145909627,False,False,False,False,2764344.0,3040115.8200238002,False,False,False,False,74228.70698771966,False,False,False,False
2025-07-21 17:00:00+00:00,52.625,52.9,52.555,52.855,89504.0,,,,,,,,,,,,,53.38193589684288,54.340999960886656,54.398685661613825,55.142780146555914,,,,,,,,,,55.142780146555914,54.31610041647482,,"rgba(239, 83, 80, 1.0)",1.32228298003109,54.26505896659273,-1.0663821495755637,35.93090319695706,-7.624722555829045,False,True,False,True,False,0.0,0.0,0.0,0.0,0.0,0,0.9595414061019524,0.9612469205988253,False,False,False,False,-0.3248524118346114,-0.27962195164685383,False,False,False,False,2853848.0,3037227.9468451366,False,False,False,False,74465.53323597208,False,False,False,False
2025-07-21 18:00:00+00:00,52.855,53.04,52.765,52.855,78857.0,,,,,,,,,,,,,53.328247524103695,54.30779338358721,54.36491594196742,55.112911762831175,,,,,,,,,,55.112911762831175,54.27846715312237,,"rgba(239, 83, 80, 1.0)",1.326025093861412,54.246639775583446,-1.0494822322939352,35.414041646741914,-8.27232578003023,False,True,False,True,False,0.0,0.0,0.0,0.0,0.0,0,0.9586455468083093,0.9613961870435362,False,False,False,False,-0.30184683531023304,-0.29073439347854346,False,False,False,False,2853848.0,3034384.846894049,False,False,False,False,74533.61799200352,False,False,False,False
2025-07-21 19:00:00+00:00,52.855,52.92,52.45,52.46,141557.0,,,,,,,,,,,,,53.21124810319247,54.24094504853341,54.29726937951144,55.05481030252263,,,,,,,,,,55.05481030252263,54.20106820843999,,"rgba(239, 83, 80, 1.0)",1.3372394012355562,54.20835425410276,-1.30743549172074,32.89168270492817,-10.87866880194278,False,True,False,True,False,0.0,0.0,0.0,0.0,0.0,0,0.9521156025689465,0.9629769550434457,False,False,False,False,-0.34282825441539394,-0.3167813239469687,False,False,False,False,2712291.0,3029391.143841428,False,False,False,False,75572.74019367789,False,False,False,False
2025-07-22 14:00:00+00:00,52.75,52.845,52.12,52.195,154350.0,,,,,,,,,,,,,53.086878486493106,54.16461421808878,54.2202048288831,54.98894295173382,,,,,,,,,,54.98894295173382,54.115160121299695,,"rgba(239, 83, 80, 1.0)",1.352385972945752,54.16436494833822,-1.4562151543531385,30.04577987300536,-13.742917101661703,False,True,False,True,False,0.0,0.0,0.0,0.0,0.0,0,0.9448826291079816,0.9691079812206576,False,False,False,False,-0.34282825441539394,-0.3298047891811813,False,False,False,False,2557941.0,3022081.839285747,False,False,False,False,76794.09305889219,False,False,False,False
2025-07-22 15:00:00+00:00,52.195,52.235,51.85,51.91,138655.0,,,,,,,,,,,,,52.95698945102835,54.08736416213118,54.14251317437417,54.924061016787206,,,,,,,,,,54.924061016787206,54.02773195108023,,"rgba(239, 83, 80, 1.0)",1.3720956484403966,54.118937270529536,-1.6099003542794885,27.078826467339255,-16.673368387164032,False,True,False,True,False,0.0,0.0,0.0,0.0,0.0,0,0.9390610328638502,0.9807511737089205,False,False,False,False,-0.34282825441539394,-0.33631652179828764,False,False,False,False,2419286.0,3012736.167358836,False,False,False,False,77753.17688743651,False,False,False,False
2025-07-22 16:00:00+00:00,51.91,51.985,51.53,51.715,115221.0,,,,,,,,,,,,,52.84750355456731,54.01990190370116,54.07476854227617,54.86773270767948,,,,,,,,,,54.86773270767948,53.952476677056026,,"rgba(239, 83, 80, 1.0)",1.3937506853715163,54.00529625552358,-1.6432610793034916,24.45180630958502,-19.264237378057892,False,True,False,True,False,0.0,0.0,0.0,0.0,0.0,0,0.9286187636088238,1.0003786802991577,False,False,False,False,-0.34282825441539394,-0.33957238810684076,False,False,False,False,2304065.0,3001749.0174773037,False,False,False,False,78334.07336980183,False,False,False,False
2025-07-22 17:00:00+00:00,51.715,52.12,51.69,52.035,94265.0,,,,,,,,,,,,,52.7857021765786,53.972246916897376,54.026754910327945,54.82603948145539,,,,,,,,,,54.82603948145539,53.90268587131483,,"rgba(239, 83, 80, 1.0)",1.4030694055382116,53.9824980960493,-1.3880269132532679,26.614059365579763,-19.264237378057892,False,True,False,True,False,0.0,0.0,0.0,0.0,0.0,0,0.9255932684125938,0.9955563959534842,False,False,False,False,-0.3257595579091867,-0.3326659730080137,False,False,False,False,2398330.0,2992393.6838730043,False,False,False,False,78581.06448034753,False,False,False,False
2025-07-22 18:00:00+00:00,52.035,52.205,51.94,52.165,101187.0,,,,,,,,,,,,,52.73881706754524,53.92720897748038,53.98123928732628,54.78493021459791,,,,,,,,,,54.78493021459791,53.85804888673745,,"rgba(239, 83, 80, 0.75)",1.406150412289728,53.96121982061362,-1.2774023354220823,29.489105833232415,-19.264237378057892,False,True,False,True,True,0.0,0.0,0.0,0.0,0.0,0,0.9389015583428358,0.9882174078297229,False,False,False,False,-0.30659578879168503,-0.31963088089984937,False,False,False,False,2499517.0,2984752.1848982293,False,False,False,False,78931.54410080725,False,False,False,False
2025-07-22 19:00:00+00:00,52.165,52.44,52.105,52.38,165981.0,,,,,,,,,,,,,52.695213153446836,53.86564884334355,53.918728894317894,54.72507488516644,,,,,,,,,,54.72507488516644,53.80116644406868,,"rgba(239, 83, 80, 0.5)",1.4016440379103374,53.93320022751216,-1.1081274457013848,33.647230286650675,-22.835981745187517,False,False,False,True,True,0.0,0.0,0.0,0.0,0.0,0,0.94176245210728,0.9877394636015329,False,False,False,False,-0.28399509643573456,-0.30181298866779194,False,False,False,False,2665498.0,2979802.507612985,False,False,False,False,80281.1480682366,False,False,False,False
2025-07-23 14:00:00+00:00,52.245,53.005,52.185,52.91,122760.0,,,,,,,,,,,,,52.69554676626038,53.83376236135995,53.885953577752666,54.68951235539862,,,,,,,,,,54.68951235539862,53.77619376519291,,"rgba(239, 83, 80, 0.5)",1.3850352810417188,53.922230791079244,-0.7308339397086865,40.74448347504857,-16.305799471397037,True,False,False,True,True,0.0,0.0,0.0,0.0,0.0,0,0.9322694024888387,0.9815711978721385,False,False,False,False,-0.24812773068826596,-0.27497035967802896,False,False,False,False,2788258.0,2976832.8253244115,False,False,False,False,80939.73491989184,False,False,False,False
2025-07-23 15:00:00+00:00,52.91,53.03,52.57,52.695,79806.0,,,,,,,,,,,,,52.69855713855618,53.81508810686177,53.866692575847395,54.66778929927933,,,,,,,,,,54.66778929927933,53.76203178013617,,"rgba(239, 83, 80, 0.5)",1.3695161307677293,53.91524158683607,-0.8910019819569552,43.780464319778254,-13.654330778631241,True,False,False,True,True,0.0,0.0,0.0,0.0,0.0,0,0.9375000000000004,0.9831183611532628,False,False,False,False,-0.22565470223424638,-0.2503125309561377,False,False,False,False,2708452.0,2972671.882296126,False,False,False,False,80922.15763431211,False,False,False,False
2025-07-23 16:00:00+00:00,52.695,52.74,52.445,52.605,87488.0,,,,,,,,,,,,,52.69393531295675,53.79218826446664,53.8432118129336,54.64247429766191,,,,,,,,,,54.64247429766191,53.74295242200473,,"rgba(239, 83, 80, 0.5)",1.3529561827468801,53.90406393649137,-0.9601670424048088,45.110177723107284,-12.406284688955623,True,False,False,True,True,0.0,0.0,0.0,0.0,0.0,0,0.9279478077328989,0.9942434999520295,False,False,False,False,-0.24840326967678114,-0.24935790031645944,False,False,False,False,2620964.0,2967219.04691169,False,False,False,False,81023.95363998169,False,False,False,False
2025-07-23 17:00:00+00:00,52.605,52.87,52.46,52.8,90419.0,,,,,,,,,,,,,52.6946547062704,53.771568011203115,53.82196460841043,54.618367179596426,,,,,,,,,,54.618367179596426,53.72663862637009,,#000000,1.356548076805706,53.89439211732789,-0.8067477563381917,47.605796325646644,-9.911836530925868,True,False,False,False,True,0.0,0.0,0.0,0.0,0.0,0,0.9263956952051507,0.9978860382434904,False,False,False,False,-0.24042744825101692,-0.24489267428373818,False,False,False,False,2711383.0,2963252.596571974,False,False,False,False,81169.61327347034,False,False,False,False
2025-07-23 18:00:00+00:00,52.805,52.855,52.57,52.6,91506.0,,,,,,,,,,,,,52.693802584711186,53.750822615806406,53.80060628846603,54.594138609554584,,,,,,,,,,54.594138609554584,53.70984252463455,,#000000,1.367779146205032,53.88387847863297,-0.9386591996194362,47.57998774282767,-9.640269742249984,True,False,False,False,True,0.0,0.0,0.0,0.0,0.0,0,0.9299711815561964,0.9925072046109514,False,False,False,False,-0.23521819588764406,-0.2400554350856911,False,False,False,False,2619877.0,2957928.943911943,False,False,False,False,81329.867331246,False,False,False,False
2025-07-23 19:00:00+00:00,52.6,52.85,52.49,52.85,189197.0,,,,,,,,,,,,,52.696780376800284,53.712395551634664,53.7609141721863,54.54729366743753,,,,,,,,,,54.54729366743753,53.67934594201469,,#000000,1.3743817512608243,53.86396266008171,-0.7377591117981048,49.650175122618016,-7.297970563278859,True,False,False,False,True,0.0,0.0,0.0,0.0,0.0,0,0.9285303698026446,0.9917608737306001,False,False,False,False,-0.2398785072433063,-0.23996697116449872,False,False,False,False,2809074.0,2955621.115324161,False,False,False,False,83002.22597727319,False,False,False,False
2025-07-24 14:00:00+00:00,46.365,47.02,45.765,46.755,581329.0,,,,,,,,,,,,,51.449155425276594,52.966054139318075,53.01973519669409,53.9714292893959,,,,,,,,,,53.9714292893959,52.851593512671165,,"rgba(239, 83, 80, 0.5)",1.6207490288181519,53.29874099616401,-4.03747951089978,37.29597012857393,-4.97254106503636,False,False,False,True,False,0.0,0.0,0.0,0.0,0.0,0,0.9059032777166091,0.9966121792157198,False,False,False,False,-0.34282825441539394,-0.29139761278994636,False,False,False,False,2227745.0,2944336.214311383,False,False,False,False,90728.22247374957,False,False,False,False
2025-07-24 15:00:00+00:00,46.755,46.95,45.695,45.855,309569.0,,,,,,,,,,,,,50.93664224649874,52.610317119810865,52.66580216931249,53.68447211346031,,,,,,,,,,53.68447211346031,52.4743084122706,,"rgba(239, 83, 80, 1.0)",1.8772081220082917,53.041281132762606,-3.8281749628669393,28.586196405460754,-12.619257370978389,False,True,False,True,False,0.0,0.0,0.0,0.0,0.0,0,0.9056698026808762,0.9984181167263344,False,False,False,False,-0.34282825441539394,-0.3171129336026701,False,False,False,False,1918176.0,2928426.7536243848,False,False,False,False,94121.10274547439,False,False,False,False
2025-07-24 16:00:00+00:00,45.855,45.865,45.345,45.415,275547.0,,,,,,,,,,,,,50.50777682863454,52.295784199039026,52.35269919494222,53.42643363291232,,,,,,,,,,53.42643363291232,52.145673463882034,,"rgba(239, 83, 80, 1.0)",2.116174199645153,52.81466504627682,-3.4967182982939797,22.562094906948936,-17.712373821591925,False,True,False,True,False,0.0,0.0,0.0,0.0,0.0,0,0.8993501083152811,1.0246625562406269,False,False,False,False,-0.34282825441539394,-0.32997059400903206,False,False,False,False,1642629.0,2908491.9047309835,False,False,False,False,96933.90735407168,False,False,False,False
2025-07-24 17:00:00+00:00,45.415,45.57,45.185,45.255,288415.0,,,,,,,,,,,,,50.110561036539366,51.986088180281925,52.04414160259888,53.166718525792575,,,,,,,,,,53.166718525792575,51.826877336303184,,"rgba(239, 83, 80, 1.0)",2.3358988508584866,52.59179902813302,-3.1408890095718847,18.464175599720058,-21.193692018301384,False,True,False,True,False,0.0,0.0,0.0,0.0,0.0,0,0.8987520798668889,1.0278702163061566,False,False,False,False,-0.34282825441539394,-0.336399424212213,False,False,False,False,1354214.0,2884394.5728746895,False,False,False,False,99902.60646486127,False,False,False,False
2025-07-24 18:00:00+00:00,45.255,45.53,45.12,45.345,230303.0,,,,,,,,,,,,,49.83437705719261,51.757734249669596,51.816412085152024,52.970882875524346,,,,,,,,,,52.970882875524346,51.59485156688464,,"rgba(239, 83, 80, 1.0)",2.5223665814412715,52.060449192923684,-2.6623605158479786,16.167854559950893,-23.279441538640345,False,True,False,True,False,0.0,0.0,0.0,0.0,0.0,0,0.9010706282679063,1.0248153373723963,False,False,False,False,-0.34282825441539394,-0.3396138393138035,False,False,False,False,1584517.0,2864241.4322099653,False,False,False,False,101924.31799253784,False,False,False,False
2025-07-24 19:00:00+00:00,45.345,45.765,45.215,45.76,579593.0,,,,,,,,,,,,,49.294174221736355,51.26662687685999,51.3258286751911,52.53348569332942,,,,,,,,,,52.53348569332942,51.105028866779215,,"rgba(239, 83, 80, 1.0)",2.6731026309657895,51.720834761887225,-2.229931126787146,16.70743899647805,-23.279441538640345,False,True,False,True,False,0.0,0.0,0.0,0.0,0.0,0,0.9031055900621122,1.0231884057971017,False,False,False,False,-0.33330856078960475,-0.3364612000517041,False,False,False,False,2164110.0,2853386.681322989,False,False,False,False,109330.03399265352,False,False,False,False
2025-07-25 14:00:00+00:00,46.645,47.185,46.42,46.525,318943.0,,,,,,,,,,,,,49.125402261980284,51.07564776570774,51.13430897845754,52.34981721293081,,,,,,,,,,52.34981721293081,50.92129405476909,,"rgba(239, 83, 80, 0.75)",2.7821472166540144,51.60055437737067,-1.8243299085642397,20.551669412214324,-23.279441538640345,False,True,False,True,True,0.0,0.0,0.0,0.0,0.0,0,0.9095774876327958,1.0101370529559648,False,False,False,False,-0.2594719083067372,-0.2979665541792207,False,False,False,False,2483053.0,2847645.0738606174,False,False,False,False,112579.84741912401,False,False,False,False
2025-07-25 15:00:00+00:00,46.525,46.695,46.215,46.46,290788.0,,,,,,,,,,,,,48.97542402591822,50.905641188206936,50.96380744347482,52.18509561145461,,,,,,,,,,52.18509561145461,50.75749206726365,,"rgba(239, 83, 80, 0.75)",2.883156665941152,51.48272722744025,-1.7420930630561746,23.00145198977372,-23.279441538640345,False,True,False,True,True,0.0,0.0,0.0,0.0,0.0,0,0.9062803496277115,1.0216089349303985,False,False,False,False,-0.27872323396611054,-0.2883448940726656,False,False,False,False,2192265.0,2837484.1424829336,False,False,False,False,115342.76451340115,False,False,False,False
2025-07-25 16:00:00+00:00,46.455,46.59,46.29,46.395,124051.0,,,,,,,,,,,,,48.91571090040089,50.83637562535874,50.894310516325476,52.11722081372934,,,,,,,,,,52.11722081372934,50.690904463953615,,"rgba(239, 83, 80, 0.75)",2.9780530431690537,51.43348064530407,-1.6918706860716088,24.51067469443781,-23.279441538640345,False,True,False,True,True,0.0,0.0,0.0,0.0,0.0,0,0.9148936170212767,1.0210310965630116,False,False,False,False,-0.27955868232466824,-0.28395178819866695,False,False,False,False,2068214.0,2825557.473607229,False,False,False,False,115477.77591629415,False,False,False,False
2025-07-25 17:00:00+00:00,46.395,46.425,46.035,46.215,129279.0,,,,,,,,,,,,,48.851622016637265,50.76326263605037,50.82097252973237,52.0457407668763,,,,,,,,,,52.0457407668763,50.62039948732408,,"rgba(239, 83, 80, 0.75)",3.0717145900169585,51.38012314175212,-1.6815114133776352,25.15096264460464,-23.279441538640345,False,True,False,True,True,0.0,0.0,0.0,0.0,0.0,0,0.9105465239767995,1.0235274895841846,False,False,False,False,-0.2912955734308397,-0.2876236808147533,False,False,False,False,1938935.0,2811811.388745101,False,False,False,False,115691.74838270819,False,False,False,False
2025-07-25 18:00:00+00:00,46.215,46.285,46.09,46.21,76246.0,,,,,,,,,,,,,48.814819616761596,50.72094104228626,50.77851410478182,52.00417751272438,,,,,,,,,,52.00417751272438,50.57961306913852,,"rgba(239, 83, 80, 0.75)",3.1547479332781956,51.34897219444709,-1.628964438089679,25.566857634259815,-23.279441538640345,False,True,False,True,True,0.0,0.0,0.0,0.0,0.0,0,0.9201388888888891,1.0268683862433865,False,False,False,False,-0.29368032675452993,-0.2906520037846416,False,False,False,False,1862689.0,2797096.312950603,False,False,False,False,115080.1863922786,False,False,False,False
2025-07-25 19:00:00+00:00,46.205,46.775,46.13,46.755,502724.0,,,,,,,,,,,,,48.625544734265134,50.48102416551708,50.53741184952082,51.76028697449144,,,,,,,,,,51.76028697449144,50.35106693094862,,"rgba(239, 83, 80, 0.75)",3.219534788172473,51.173030519271514,-1.3722574253590683,29.092162366336076,-28.674117555479476,False,True,False,True,True,0.0,0.0,0.0,0.0,0.0,0,0.924469052144451,1.0101644492190731,False,False,False,False,-0.27886244899164964,-0.2847572263881456,False,False,False,False,2365413.0,2790403.5484087337,False,False,False,False,121090.16799859986,False,False,False,False
2025-07-28 14:00:00+00:00,46.18,46.365,45.79,45.895,119025.0,,,,,,,,,,,,,48.574852699737555,50.42099501107186,50.47714945049522,51.70007969899521,,,,,,,,,,51.70007969899521,50.293269215074965,,"rgba(239, 83, 80, 0.75)",3.2985506891131995,51.12677633769895,-1.5860833532030656,29.149722536341105,-28.047016572556903,False,True,False,True,True,0.0,0.0,0.0,0.0,0.0,0,0.9059745347698336,1.0111818478615737,False,False,False,False,-0.29986781377681626,-0.29231252008248093,False,False,False,False,2246388.0,2781969.198821001,False,False,False,False,121058.14989009443,False,False,False,False
2025-07-28 15:00:00+00:00,45.895,45.965,45.72,45.83,94106.0,,,,,,,,,,,,,48.53344868805433,50.372788302686025,50.428769054043045,51.65189769478054,,,,,,,,,,51.65189769478054,50.24672593489098,,"rgba(239, 83, 80, 0.75)",3.3693276349610497,51.08920921017817,-1.5609076290495472,29.032765191279342,-27.523293967501694,False,True,False,True,True,0.0,0.0,0.0,0.0,0.0,0,0.904313661291643,1.0214455267250553,False,False,False,False,-0.3131622711474296,-0.3027373956149553,False,False,False,False,2152282.0,2772206.606591218,False,False,False,False,120640.28710110071,False,False,False,False
2025-07-28 16:00:00+00:00,45.835,45.835,45.295,45.325,136891.0,,,,,,,,,,,,,48.467800064855986,50.29912275458606,50.35488703845949,51.579032490660744,,,,,,,,,,51.579032490660744,50.17521058714057,,"rgba(239, 83, 80, 0.75)",3.445566706353025,51.03091963588563,-1.656017753295824,27.781987097837423,-27.523293967501694,False,True,False,True,True,0.0,0.0,0.0,0.0,0.0,0,0.8906071019473083,1.0295369006709214,False,False,False,False,-0.32900070762926414,-0.3158690516221097,False,False,False,False,2015391.0,2760473.03129523,False,False,False,False,120892.23613829294,False,False,False,False
2025-07-28 17:00:00+00:00,45.325,45.38,45.035,45.075,128622.0,,,,,,,,,,,,,48.402262759556145,50.22741060790004,50.28299803856298,51.50858866926178,,,,,,,,,,51.50858866926178,50.105315018820235,,"rgba(239, 83, 80, 0.75)",3.5065289194677347,50.97350853395633,-1.6821502601072729,26.41129025476757,-27.523293967501694,False,True,False,True,True,0.0,0.0,0.0,0.0,0.0,0,0.8841289269685844,1.0364749082007345,False,False,False,False,-0.34282825441539394,-0.3293486530187518,False,False,False,False,1886769.0,2746927.2323604203,False,False,False,False,121012.07743847444,False,False,False,False
2025-07-28 18:00:00+00:00,45.075,45.35,44.98,45.225,165213.0,,,,,,,,,,,,,48.32233869504916,50.13856572817017,50.19390639605551,51.42064406624525,,,,,,,,,,51.42064406624525,50.01886372138002,,"rgba(239, 83, 80, 0.75)",3.5524432754409627,50.90219258007964,-1.5981092842010078,26.546500163645923,-27.523293967501694,False,True,False,True,True,0.0,0.0,0.0,0.0,0.0,0,0.8819631901840491,1.04359918200409,False,False,False,False,-0.34282825441539394,-0.33608845371707285,False,False,False,False,2051982.0,2736152.8876726613,False,False,False,False,121697.36305958337,False,False,False,False
2025-07-28 19:00:00+00:00,45.225,45.305,44.875,44.885,358120.0,,,,,,,,,,,,,48.153683591199744,49.95032764139449,50.00512780681668,51.23338548557552,,,,,,,,,,51.23338548557552,49.83563113124661,,"rgba(239, 83, 80, 0.75)",3.6075398107972374,50.749649696328035,-1.6256645813790747,25.78625254300201,-27.523293967501694,False,True,False,True,True,0.0,0.0,0.0,0.0,0.0,0,0.8770136560634558,1.0457927876359474,False,False,False,False,-0.34282825441539394,-0.33945835406623337,False,False,False,False,1693862.0,2719993.339026573,False,False,False,False,125362.83029896967,False,False,False,False
2025-07-29 14:00:00+00:00,44.715,44.83,44.475,44.59,150975.0,,,,,,,,,,,,,48.07941433885256,49.869101514344564,49.92369992868211,51.15293298448058,,,,,,,,,,51.15293298448058,49.75628719158995,,"rgba(239, 83, 80, 1.0)",3.6620788931726054,50.68302775688265,-1.66381662837526,24.59214149277344,-27.523293967501694,False,True,False,True,False,0.0,0.0,0.0,0.0,0.0,0,0.8752251514655315,1.0496151956770923,False,False,False,False,-0.34282825441539394,-0.3411433042408136,False,False,False,False,1542887.0,2701743.6283439905,False,False,False,False,125759.91820131123,False,False,False,False
2025-07-29 15:00:00+00:00,44.595,44.655,44.34,44.35,121535.0,,,,,,,,,,,,,48.01880500206493,49.80326846388263,49.85771226717805,51.087798355835474,,,,,,,,,,51.087798355835474,49.69189602224027,,"rgba(239, 83, 80, 1.0)",3.714644682485471,50.628754447318215,-1.6902705329859693,23.262013161948552,-27.523293967501694,False,True,False,True,False,0.0,0.0,0.0,0.0,0.0,0,0.8729259076720883,1.052817479875144,False,False,False,False,-0.34282825441539394,-0.3419857793281038,False,False,False,False,1421352.0,2681892.5953464094,False,False,False,False,125694.41559353896,False,False,False,False
2025-07-29 16:00:00+00:00,44.345,44.575,44.31,44.575,77545.0,,,,,,,,,,,,,47.98158358652714,49.76238784946102,49.81672640761362,51.04713284547039,,,,,,,,,,51.04713284547039,49.65195767226804,,"rgba(239, 83, 80, 1.0)",3.7576636070548206,50.59499614047546,-1.6020582920656394,24.24696288265249,-27.523293967501694,False,True,False,True,False,0.0,0.0,0.0,0.0,0.0,0,0.8626570168871144,1.0643873221861744,False,False,False,False,-0.34282825441539394,-0.3424070168717489,False,False,False,False,1498897.0,2663551.5783642945,False,False,False,False,124947.91302619726,False,False,False,False
2025-07-29 17:00:00+00:00,44.565,44.655,44.515,44.615,96525.0,,,,,,,,,,,,,47.93773624157404,49.71339830851683,49.76759382477632,50.99803306112357,,,,,,,,,,50.99803306112357,49.60419035899769,,"rgba(239, 83, 80, 0.75)",3.803904741089048,50.55450769885873,-1.5614238797047952,25.246611114301437,-27.523293967501694,False,True,False,True,True,0.0,0.0,0.0,0.0,0.0,0,0.8616577718478987,1.062875250166778,False,False,False,False,-0.33513251212305206,-0.3387697644974005,False,False,False,False,1595422.0,2646991.4298625225,False,False,False,False,124507.24770796164,False,False,False,False
2025-07-29 18:00:00+00:00,44.615,44.625,44.205,44.26,110597.0,,,,,,,,,,,,,47.88548541767449,49.65590692603193,49.70995193334534,50.94068341030466,,,,,,,,,,50.94068341030466,49.548006921839104,,"rgba(239, 83, 80, 0.75)",3.851538770530728,50.50676843994307,-1.6218890194586548,24.802951571812653,-27.523293967501694,False,True,False,True,True,0.0,0.0,0.0,0.0,0.0,0,0.854489421955689,1.0665500583041811,False,False,False,False,-0.34282825441539394,-0.3407990094563972,False,False,False,False,1484825.0,2628973.345678607,False,False,False,False,124291.58495279944,False,False,False,False
2025-07-29 19:00:00+00:00,44.26,44.48,44.12,44.39,394623.0,,,,,,,,,,,,,47.7092284716406,49.4592380663858,49.512710589076086,50.74289418620195,,,,,,,,,,50.74289418620195,49.3560178283261,,"rgba(239, 83, 80, 0.75)",3.886368788517219,50.342450685253,-1.5316227072531783,25.72304042920045,-27.439336195405385,False,True,False,True,True,0.0,0.0,0.0,0.0,0.0,0,0.8527402965184075,1.069465267366317,False,False,False,False,-0.34282825441539394,-0.34181363193589553,False,False,False,False,1879448.0,2617352.7976835896,False,False,False,False,128482.7696822134,False,False,False,False
2025-07-30 14:00:00+00:00,44.005,44.17,43.835,43.955,148259.0,,,,,,,,,,,,,47.64116504876718,49.38435416937588,49.43762934854229,50.66779337147188,,,,,,,,,,50.66779337147188,49.2827354845393,,"rgba(239, 83, 80, 0.75)",3.9254684118271395,50.279356676494295,-1.6111087933963468,24.931803861521345,-27.439336195405385,False,True,False,True,True,0.0,0.0,0.0,0.0,0.0,0,0.8459304737409775,1.0690284576453997,False,False,False,False,-0.34282825441539394,-0.34232094317564477,False,False,False,False,1731189.0,2603613.824076092,False,False,False,False,128789.37790419458,False,False,False,False
2025-07-30 15:00:00+00:00,43.955,44.31,43.95,44.065,226503.0,,,,,,,,,,,,,47.54516251227979,49.27631752915985,49.32925727923876,50.55825960429893,,,,,,,,,,50.55825960429893,49.17724923124433,,"rgba(239, 83, 80, 0.75)",3.955711074902783,50.18796536143359,-1.5478798237518077,25.46922684214544,-27.354329946687667,False,True,False,True,True,0.0,0.0,0.0,0.0,0.0,0,0.8439910425478977,1.0709131624782284,False,False,False,False,-0.3361549339383091,-0.3392379385569769,False,False,False,False,1957692.0,2593599.532229951,False,False,False,False,130304.31778164893,False,False,False,False
2025-07-30 16:00:00+00:00,44.065,44.23,44.03,44.095,120505.0,,,,,,,,,,,,,47.496325453807906,49.22073094654476,49.27348478597592,50.501550775074854,,,,,,,,,,50.501550775074854,49.12302299035086,,"rgba(239, 83, 80, 0.75)",3.9773527367827475,50.14073610993961,-1.520040215198505,26.136672181072196,-26.530269002746074,False,True,False,True,True,0.0,0.0,0.0,0.0,0.0,0,0.8375235163331625,1.0893620660167609,False,False,False,False,-0.33615493393830936,-0.3376964362476431,False,False,False,False,2078197.0,2585608.7952961535,False,False,False,False,130152.3903741815,False,False,False,False
2025-07-30 17:00:00+00:00,44.095,44.275,44.08,44.095,75252.0,,,,,,,,,,,,,47.466807227870554,49.186833999443955,49.239468201101374,50.466814687410746,,,,,,,,,,50.466814687410746,49.08998102895666,,"rgba(239, 83, 80, 0.5)",4.014158648790313,50.11186318154207,-1.4989101597554653,26.581635740356703,-25.922890164827795,False,False,False,True,True,0.0,0.0,0.0,0.0,0.0,0,0.8392550635084107,1.0823034672159288,False,False,False,False,-0.3336761836573756,-0.33568630995250937,False,False,False,False,2078197.0,2577741.9457566785,False,False,False,False,129301.22153117094,False,False,False,False
2025-07-30 18:00:00+00:00,44.105,44.14,43.695,43.715,115182.0,,,,,,,,,,,,,47.41862470657303,49.13278107447605,49.185249814867085,50.41188635667712,,,,,,,,,,50.41188635667712,49.03713548814832,,"rgba(239, 83, 80, 1.0)",4.052189446004062,50.06569400892803,-1.5672253465816013,25.336732663465384,-25.922890164827795,False,True,False,True,False,0.0,0.0,0.0,0.0,0.0,0,0.8282967032967035,1.0899725274725276,False,False,False,False,-0.34282825441539394,-0.3392572821839517,False,False,False,False,1963015.0,2568211.2954348694,False,False,False,False,129082.31887177294,False,False,False,False
2025-07-30 19:00:00+00:00,43.71,43.85,43.63,43.785,185969.0,,,,,,,,,,,,,47.341483063489164,49.04625438509213,49.098457952015,50.32384386819917,,,,,,,,,,50.32384386819917,48.952509817198866,,"rgba(239, 83, 80, 1.0)",4.087622466964487,49.99151421501501,-1.5183677712839359,25.373759782387182,-25.922890164827795,False,True,False,True,False,0.0,0.0,0.0,0.0,0.0,0,0.8242268041237115,1.0943298969072166,False,False,False,False,-0.34282825441539394,-0.34104276829967284,False,False,False,False,2148984.0,2561711.647443631,False,False,False,False,129964.28292027258,False,False,False,False
2025-07-31 14:00:00+00:00,43.66,43.835,43.12,43.135,112796.0,,,,,,,,,,,,,47.29131806085328,48.99133141023322,49.0433942587105,50.26845207048064,,,,,,,,,,50.26845207048064,48.89862395006941,,"rgba(239, 83, 80, 1.0)",4.133113420842688,49.94427411690903,-1.647492682531008,23.18922780439443,-24.495241540873714,False,True,False,True,False,0.0,0.0,0.0,0.0,0.0,0,0.8184762229418784,1.0920402249872168,False,False,False,False,-0.34282825441539394,-0.3419355113575334,False,False,False,False,2036188.0,2553563.9939948926,False,False,False,False,129698.1079912761,False,False,False,False
2025-07-31 15:00:00+00:00,43.135,43.37,43.12,43.175,119973.0,,,,,,,,,,,,,47.23745630719946,48.932625573185,48.98454355768412,50.2093061661902,,,,,,,,,,50.2093061661902,48.8409829010647,,"rgba(239, 83, 80, 1.0)",4.167422861470468,49.89365931620837,-1.6121856455521069,22.212136668368878,-25.444907839205833,False,True,False,True,False,0.0,0.0,0.0,0.0,0.0,0,0.8163945636379178,1.1048807590392344,False,False,False,False,-0.34282825441539394,-0.34238188288646365,False,False,False,False,2156161.0,2547402.7072662897,False,False,False,False,129547.33112319431,False,False,False,False
2025-07-31 16:00:00+00:00,43.17,43.35,43.025,43.225,121781.0,,,,,,,,,,,,,47.183934412750645,48.874022849155466,48.92579039855959,50.150092732416184,,,,,,,,,,50.150092732416184,48.78346009822047,,"rgba(239, 83, 80, 1.0)",4.191789204950451,49.8430011291384,-1.5788010335354223,22.206682200125808,-25.52598318419781,False,True,False,True,False,0.0,0.0,0.0,0.0,0.0,0,0.827204291771221,1.1046119235095615,False,False,False,False,-0.34282825441539394,-0.34260506865092877,False,False,False,False,2277942.0,2543225.021882316,False,False,False,False,129426.92288872617,False,False,False,False
2025-07-31 17:00:00+00:00,43.225,43.335,43.02,43.095,89159.0,,,,,,,,,,,,,47.14516015540971,48.83150091983288,48.88315781253751,50.10706416590119,,,,,,,,,,50.10706416590119,48.741720763420325,,"rgba(239, 83, 80, 1.0)",4.22257110736541,49.80616190385622,-1.589354384618882,21.712049258794753,-26.110243577142114,False,True,False,True,False,0.0,0.0,0.0,0.0,0.0,0,0.8368466898954706,1.0911149825783975,False,False,False,False,-0.34282825441539394,-0.3427166615331614,False,False,False,False,2188783.0,2537729.7967368537,False,False,False,False,128802.61400673041,False,False,False,False
2025-07-31 18:00:00+00:00,43.095,43.36,42.965,43.185,139667.0,,,,,,,,,,,,,47.08619337714713,48.76637601448872,48.81785343614995,50.040904151546364,,,,,,,,,,50.040904151546364,48.67783174483304,,"rgba(239, 83, 80, 1.0)",4.246496011817127,49.749592636810256,-1.5458845642483448,22.681032738621134,-26.110243577142114,False,True,False,True,False,0.0,0.0,0.0,0.0,0.0,0,0.8363082281236397,1.084545058772312,False,False,False,False,-0.34282825441539394,-0.3427724579742777,False,False,False,False,2328450.0,2534485.1487254295,False,False,False,False,128971.05409964931,False,False,False,False
2025-07-31 19:00:00+00:00,43.185,43.28,42.84,42.89,414892.0,,,,,,,,,,,,,46.91387524807124,48.575954379509625,48.6269035328006,49.847016117848945,,,,,,,,,,49.847016117848945,48.490937319557595,,"rgba(239, 83, 80, 1.0)",4.270949066417009,49.58325704263156,-1.5671591813776125,22.067974856835715,-26.110243577142114,False,True,False,True,False,0.0,0.0,0.0,0.0,0.0,0,0.8318684187625099,1.0889391697850495,False,False,False,False,-0.34282825441539394,-0.34280035619483584,False,False,False,False,1913558.0,2524858.3712258106,False,False,False,False,133403.93698182527,False,False,False,False
2025-08-01 14:00:00+00:00,42.725,43.055,42.505,43.05,121126.0,,,,,,,,,,,,,46.8646545217906,48.52143815792116,48.57223305810351,49.791346131926176,,,,,,,,,,49.791346131926176,48.437417967435366,,"rgba(239, 83, 80, 0.75)",4.2852748164210706,49.53537858807978,-1.5134101932571435,23.917942285247285,-28.22503204306436,False,True,False,True,True,0.0,0.0,0.0,0.0,0.0,0,0.8227913818465001,1.0932768019382195,False,False,False,False,-0.34282825441539394,-0.3428143053051149,False,False,False,False,2034684.0,2517258.7685711468,False,False,False,False,133213.58136970396,False,False,False,False
2025-08-01 15:00:00+00:00,43.05,43.145,42.72,42.805,120986.0,,,,,,,,,,,,,46.816912670627495,48.46820409711842,48.51884051836027,49.73677846269325,,,,,,,,,,49.73677846269325,48.385183937199855,,"rgba(239, 83, 80, 0.75)",4.30075940497255,49.488493601283324,-1.5540263874226143,23.96818880234038,-28.137089012427975,False,True,False,True,True,0.0,0.0,0.0,0.0,0.0,0,0.8333189020694434,1.0890986232574251,False,False,False,False,-0.33491689507078476,-0.33886560018794987,False,False,False,False,1913698.0,2507901.23727547,False,False,False,False,133024.0064647473,False,False,False,False
2025-08-01 16:00:00+00:00,42.8,42.82,42.54,42.545,74834.0,,,,,,,,,,,,,46.78607198850293,48.434295536138926,48.48484125876133,49.702215277668046,,,,,,,,,,49.702215277668046,48.351856015267806,,"rgba(239, 83, 80, 1.0)",4.319552395897205,49.45860878051297,-1.600538237961796,22.934499179691677,-28.137089012427975,False,True,False,True,False,0.0,0.0,0.0,0.0,0.0,0,0.8264792642720806,1.0970848516397713,False,False,False,False,-0.34282825441539394,-0.3408469273016719,False,False,False,False,1838864.0,2497528.566930114,False,False,False,False,132121.835821883,False,False,False,False
2025-08-01 17:00:00+00:00,42.545,42.695,42.46,42.575,71632.0,,,,,,,,,,,,,46.7565651373366,48.40188230609035,48.45234192417023,49.66917417311085,,,,,,,,,,49.66917417311085,48.319990885177006,,"rgba(239, 83, 80, 1.0)",4.33640936699922,49.01116268307835,-1.4842147358269713,22.69309731009971,-28.137089012427975,False,True,False,True,False,0.0,0.0,0.0,0.0,0.0,0,0.8222878485190656,1.1003213758360118,False,False,False,False,-0.34282825441539394,-0.34183759085853294,False,False,False,False,1910496.0,2488427.28682267,False,False,False,False,131184.0089099158,False,False,False,False
2025-08-01 18:00:00+00:00,42.575,42.745,42.52,42.665,126518.0,,,,,,,,,,,,,46.70626297403709,48.34614642913589,48.39644738586983,49.61210028856848,,,,,,,,,,49.61210028856848,48.26523926940283,,"rgba(239, 83, 80, 0.5)",4.349367637582184,48.96584514198458,-1.4486807432740325,23.937101298637923,-28.1027139169154,False,False,False,True,True,0.0,0.0,0.0,0.0,0.0,0,0.8235549760973491,1.0985658409387227,False,False,False,False,-0.33999461228773115,-0.340916101573132,False,False,False,False,2037014.0,2481428.6312130163,False,False,False,False,131111.66768650626,False,False,False,False
2025-08-01 19:00:00+00:00,42.665,42.7,42.485,42.51,221443.0,,,,,,,,,,,,,46.61947731007954,48.24984122586331,48.29986450522435,49.513306928185855,,,,,,,,,,49.513306928185855,48.17062249233827,,"rgba(239, 83, 80, 0.5)",4.360465089046485,48.882186680460634,-1.4613548211789626,23.92960180893874,-28.031007224918348,False,False,False,True,True,0.0,0.0,0.0,0.0,0.0,0,0.8220471077242814,1.0959473501905095,False,False,False,False,-0.34205491891635853,-0.34148551024474527,False,False,False,False,1815571.0,2471105.257085683,False,False,False,False,132512.1534588085,False,False,False,False
2025-08-04 14:00:00+00:00,42.465,42.83,42.465,42.82,156229.0,,,,,,,,,,,,,46.56244582082802,48.18543167850938,48.235244377485856,49.44662903733476,,,,,,,,,,49.44662903733476,48.1074377285395,,"rgba(239, 83, 80, 0.5)",4.364592047229514,48.82849233759228,-1.3766446606175382,28.39117264660485,-23.886477153378976,True,False,False,True,True,0.0,0.0,0.0,0.0,0.0,0,0.8228207555287842,1.0931073057396097,False,False,False,False,-0.3392227143336938,-0.3403541122892195,False,False,False,False,1971800.0,2463364.0903091603,False,False,False,False,132879.85650595874,False,False,False,False
2025-08-04 15:00:00+00:00,42.82,43.1,42.8,42.94,191164.0,,,,,,,,,,,,,46.49911528051387,48.11201325477799,48.16154448859778,49.36965849378327,,,,,,,,,,49.36965849378327,48.03558287941823,,"rgba(239, 83, 80, 0.5)",4.360533727353542,48.769234002554334,-1.3368166300349122,32.853956764761904,-19.98177154535939,True,False,False,True,True,0.0,0.0,0.0,0.0,0.0,0,0.8294666552521188,1.0880061638558345,False,False,False,False,-0.32373754211961114,-0.33204582720441533,False,False,False,False,2162964.0,2458706.724567933,False,False,False,False,133783.4866376493,False,False,False,False
2025-08-04 16:00:00+00:00,42.945,42.965,42.78,42.84,89018.0,,,,,,,,,,,,,46.46968786641499,48.0779715868187,48.12737359390208,49.333968685993845,,,,,,,,,,49.333968685993845,48.002250433282406,,"rgba(239, 83, 80, 0.5)",4.354075425484864,48.74063887622245,-1.3551990490760406,34.95735528610015,-18.33245399023809,True,False,False,True,True,0.0,0.0,0.0,0.0,0.0,0,0.8296637651476362,1.0900324287421064,False,False,False,False,-0.32769027770490855,-0.32986805245466194,False,False,False,False,2073946.0,2452741.442016492,False,False,False,False,133089.4480851276,False,False,False,False
2025-08-04 17:00:00+00:00,42.845,42.91,42.71,42.715,96152.0,,,,,,,,,,,,,46.43771048511173,48.04111469771907,48.090379463801376,49.29536510987077,,,,,,,,,,49.29536510987077,47.96614243912574,,"rgba(239, 83, 80, 0.5)",4.356492098627725,48.70904248382266,-1.3758873763849473,35.30338957737946,-18.18004257541203,True,False,False,True,True,0.0,0.0,0.0,0.0,0.0,0,0.8290525599591768,1.0906616771559792,False,False,False,False,-0.33088518092385133,-0.33037661668925666,False,False,False,False,1977794.0,2445377.915783678,False,False,False,False,132516.7744714047,False,False,False,False
2025-08-04 18:00:00+00:00,42.715,42.93,42.65,42.795,132477.0,,,,,,,,,,,,,46.394706533255224,47.991292065457344,48.04036555772533,49.24302363148342,,,,,,,,,,49.24302363148342,47.91734694698033,,"rgba(239, 83, 80, 0.5)",4.342461088634727,48.66622574724646,-1.3520502837924964,36.708500085551755,-16.900024472875387,True,False,False,True,True,0.0,0.0,0.0,0.0,0.0,0,0.8288471305231082,1.0898933468765872,False,False,False,False,-0.3319089254453944,-0.33114277106732554,False,False,False,False,2110271.0,2440182.4597250163,False,False,False,False,132516.15781293332,False,False,False,False
2025-08-04 19:00:00+00:00,42.795,42.995,42.78,42.88,314577.0,,,,,,,,,,,,,46.299086800957895,47.87874710455675,47.927349584983325,49.12379709392539,,,,,,,,,,49.12379709392539,47.80724514610584,,"rgba(239, 83, 80, 0.5)",4.317045254538123,48.56974829080333,-1.3179728159722686,38.889870659994195,-14.872509113146918,True,False,False,True,True,0.0,0.0,0.0,0.0,0.0,0,0.8316606224171377,1.0884709454330779,False,False,False,False,-0.3269244634506455,-0.3290336172589855,False,False,False,False,2424848.0,2439944.716163388,False,False,False,False,135338.80652901187,False,False,False,False
2025-08-05 14:00:00+00:00,43.17,43.405,42.995,43.31,122645.0,,,,,,,,,,,,43.236666666666665,46.266900157126656,47.83919769454863,47.88759902364052,49.08106897450211,,,,,,,,,,49.08106897450211,46.862286503296914,,"rgba(239, 83, 80, 0.5)",4.282637492467964,48.171182172277454,-1.135090742755369,45.26223356846986,-9.085354642010124,True,False,False,True,True,0.0,0.0,0.0,0.0,0.0,0,0.8348102324026083,1.0789165691355964,False,False,False,False,-0.31105245950386934,-0.32004303838142745,False,False,False,False,2547493.0,2441612.1314166686,False,False,False,False,135142.00332701168,False,False,False,False
2025-08-05 15:00:00+00:00,43.305,43.33,42.805,42.845,90030.0,,,,,,,,,,,,43.13365832059872,46.24183723423156,47.80907954111552,47.857341118741054,49.04880665269934,,,,,,,,,,49.04880665269934,46.81814457347724,,"rgba(239, 83, 80, 0.5)",4.247377836558328,48.14124859435729,-1.246945479813699,44.86412206213349,-9.085354642010124,True,False,False,True,True,0.0,0.0,0.0,0.0,0.0,0,0.8330985331896911,1.0794729427363887,False,False,False,False,-0.31765454977869145,-0.31884879408005945,False,False,False,False,2457463.0,2441857.8813171857,False,False,False,False,134442.59242271693,False,False,False,False
2025-08-05 16:00:00+00:00,42.845,43.01,42.77,42.915,51925.0,,,,,,,,,,,,43.087478237591334,46.22713822362703,47.79153912774624,47.83972178173278,49.03006481309286,,,,,,,,,,49.03006481309286,46.795188436758046,,"rgba(239, 83, 80, 0.5)",4.207495850661501,48.12432218587031,-1.2381051273173105,45.327780696534106,-9.085354642010124,True,False,False,True,True,0.0,0.0,0.0,0.0,0.0,0,0.8426137808288839,1.0867022629036363,False,False,False,False,-0.3267271567374188,-0.32278797540873916,False,False,False,False,2509388.0,2442904.859901415,False,False,False,False,133163.24990453527,False,False,False,False
2025-08-05 17:00:00+00:00,42.915,42.925,42.685,42.78,66168.0,,,,,,,,,,,,43.02930326291137,46.20802713685909,47.76890748955169,47.81699185039733,49.0059537189867,,,,,,,,,,49.0059537189867,46.76583669174123,,"rgba(239, 83, 80, 0.5)",4.159652402317834,48.10234240512417,-1.2795161447044139,44.431054167460836,-9.085354642010124,True,False,False,True,True,0.0,0.0,0.0,0.0,0.0,0,0.8474952983415971,1.0799281928534796,False,False,False,False,-0.3310901670077032,-0.3269390712082212,False,False,False,False,2443220.0,2442909.7457944164,False,False,False,False,132124.56385950372,False,False,False,False
2025-08-05 18:00:00+00:00,42.775,42.84,42.415,42.675,100655.0,,,,,,,,,,,,42.93925288715097,46.17807166422328,47.733821128026754,47.78176109058361,48.96873448170654,,,,,,,,,,48.96873448170654,46.720328250338234,,"rgba(239, 83, 80, 0.5)",4.108488123100526,48.06785531661647,-1.3126130963588343,42.922943070869636,-9.085354642010124,True,False,False,True,False,0.0,0.0,0.0,0.0,0.0,0,0.8409537646355013,1.0776002051106746,False,False,False,False,-0.3402407480119981,-0.33358990961010965,False,False,False,False,2342565.0,2441354.0133014796,False,False,False,False,131636.66364462767,False,False,False,False
2025-08-05 19:00:00+00:00,42.675,42.79,42.59,42.625,160604.0,,,,,,,,,,,,42.86575832690063,46.1316345508729,47.67909177877143,47.72679889770916,48.91047241290668,,,,,,,,,,48.91047241290668,46.66275119343216,,"rgba(239, 83, 80, 0.5)",4.053335193293248,48.017473622661704,-1.3303793951174403,41.47625344119032,-9.085354642010124,True,False,False,True,False,0.0,0.0,0.0,0.0,0.0,0,0.8440256959314777,1.0768308351177733,False,False,False,False,-0.33701251975297436,-0.335301214681542,False,False,False,False,2181961.0,2437332.4161960306,False,False,False,False,132085.76963463344,False,False,False,False
2025-08-06 14:00:00+00:00,42.59,42.795,42.43,42.71,100353.0,,,,,,,,,,,,42.83376179265721,46.10304579742078,47.645334141681076,47.692896038069776,48.87447731898658,,,,,,,,,,48.87447731898658,46.629903017763084,,"rgba(239, 83, 80, 0.5)",3.991585490720468,47.986987090808626,-1.3220278265557444,41.733161733253,-9.085354642010124,True,False,False,True,False,0.0,0.0,0.0,0.0,0.0,1,0.8448867536032946,1.0752402196293758,False,False,False,False,-0.3410165378995932,-0.3381588762905676,False,False,False,False,2282314.0,2434929.0298984176,False,False,False,False,131593.78871006548,False,False,False,False
2025-08-06 15:00:00+00:00,42.715,42.725,42.39,42.535,57131.0,,,,,,,,,,,,42.8121322302141,46.08653726396403,47.62595608451255,47.67343698413846,48.85385974807398,,,,,,,,,,48.85385974807398,46.61038446218062,,"rgba(239, 83, 80, 0.5)",3.922133631739956,47.9692069063194,-1.3855231403496708,40.19476179815672,-5.800320370608702,True,False,False,True,False,0.0,0.0,0.0,0.0,0.0,1,0.8381746304572019,1.0819009969061537,False,False,False,False,-0.34282825441539394,-0.3404935653529808,False,False,False,False,2225183.0,2431677.1534658843,False,False,False,False,130439.32686959933,False,False,False,False
2025-08-06 16:00:00+00:00,42.535,42.71,42.505,42.625,47105.0,,,,,,,,,,,,42.800376977950066,46.07328248203404,47.610287199784814,47.65770020594277,48.83713099753022,,,,,,,,,,48.83713099753022,46.59575557264838,,"rgba(239, 83, 80, 0.5)",3.840605823316229,47.95517111449037,-1.387846438739176,40.54484644796188,-5.800320370608702,True,False,False,True,False,0.0,0.0,0.0,0.0,0.0,1,0.8511579495186055,1.0816202619481312,False,False,False,False,-0.340244358782356,-0.3403689620676684,False,False,False,False,2272288.0,2429206.0037997463,False,False,False,False,129147.3218018536,False,False,False,False
2025-08-06 17:00:00+00:00,42.625,42.845,42.575,42.735,81382.0,,,,,,,,,,,,42.792772318387975,46.05130714447548,47.58401008557661,47.63130276523002,48.80892360033857,,,,,,,,,,48.80892360033857,46.573663182801724,,"rgba(239, 83, 80, 0.5)",3.7663757844312338,47.93238302764567,-1.3799427686237995,42.39935989846085,-5.800320370608702,True,False,False,True,True,0.0,0.0,0.0,0.0,0.0,1,0.8507762079190653,1.084423512994942,False,False,False,False,-0.33496097968949784,-0.33766497087858316,False,False,False,False,2353670.0,2428034.9029656416,False,False,False,False,128406.77417701867,False,False,False,False
2025-08-06 18:00:00+00:00,42.735,42.845,42.72,42.8,87542.0,,,,,,,,,,,,42.79236985175826,46.02847734838592,47.556459479434665,47.603620550016274,48.77921543717374,,,,,,,,,,48.77921543717374,46.55202853335378,,"rgba(239, 83, 80, 0.5)",3.6914571148302775,47.90894874795472,-1.383992442287824,44.572622737279836,-9.114527310390727,True,False,False,True,True,0.0,0.0,0.0,0.0,0.0,1,0.845488688968469,1.0855969953707751,False,False,False,False,-0.3312348283445368,-0.33444989961156,False,False,False,False,2441212.0,2428239.1990436935,False,False,False,False,127773.2117866773,False,False,False,False
2025-08-06 19:00:00+00:00,42.8,42.94,42.64,42.67,140057.0,,,,,,,,,,,,42.78700244000903,45.99218503962005,47.51268495209475,47.559637051320884,48.731990563251706,,,,,,,,,,48.731990563251706,46.51670000925929,,"rgba(239, 83, 80, 0.5)",3.622388393819211,47.87130760434953,-1.43587794539768,44.30887420486632,-9.114527310390727,True,False,False,True,True,0.0,0.0,0.0,0.0,0.0,1,0.8454751921733055,1.0842068483577922,False,False,False,False,-0.3308498720825064,-0.3326498858470332,False,False,False,False,2301155.0,2426268.9013841012,False,False,False,False,127963.65811556602,False,False,False,False
2025-08-07 14:00:00+00:00,42.76,42.89,42.505,42.765,83476.0,,,,,,,,,,,,42.78229869542633,45.97073732127157,47.48680992425605,47.53363819718747,48.70405468244957,,,,,,,,,,48.70405468244957,46.4955077641182,,"rgba(239, 83, 80, 0.5)",3.539623271041899,47.84889990201913,-1.436282765912166,45.62247326795816,-7.857911292449401,True,False,False,True,True,0.0,0.0,0.0,0.0,0.0,1,0.8406214541328447,1.0882429955485733,False,False,False,False,-0.3356043244020376,-0.33412710512453536,False,False,False,False,2384631.0,2425623.352525433,False,False,False,False,127273.92698199136,False,False,False,False
2025-08-07 15:00:00+00:00,42.765,42.845,42.465,42.485,68574.0,,,,,,,,,,,,42.77226786742756,45.95267604118374,47.46522495313105,47.51195412203847,48.68083671007298,,,,,,,,,,48.68083671007298,46.47659193877076,,"rgba(239, 83, 80, 0.5)",3.452640689346371,47.82975319066903,-1.5480189430545297,43.14367188099401,-7.857911292449401,True,False,False,True,False,0.0,0.0,0.0,0.0,0.0,1,0.8371017023134004,1.0927106067219559,False,False,False,False,-0.3377937048082325,-0.3359604049663839,False,False,False,False,2316057.0,2423924.649385504,False,False,False,False,126363.85059467367,False,False,False,False
2025-08-07 16:00:00+00:00,42.485,43.17,42.485,42.825,104613.0,,,,,,,,,,,42.826666666666675,42.77644535306525,45.92734275629068,47.43418854091688,47.480758900235074,48.647071714886366,,,,,,,,,,48.647071714886366,45.848745655343485,,"rgba(239, 83, 80, 0.5)",3.365718702950061,47.43343307942075,-1.3692270466279448,46.06011921271654,-7.656839660203673,True,False,False,True,True,0.0,0.0,0.0,0.0,0.0,1,0.8423799582463467,1.083942240779402,False,False,False,False,-0.3289265069040758,-0.33244345593522984,False,False,False,False,2420670.0,2423874.1897051083,False,False,False,False,126026.62810483376,False,False,False,False
2025-08-07 17:00:00+00:00,42.825,42.9,42.5,42.575,40676.0,,,,,,,,,,,42.77953903369607,42.77302087431881,45.917074335481196,47.421795900967425,47.46830667155216,48.63367135631876,,,,,,,,,,48.63367135631876,45.83223469538907,,"rgba(239, 83, 80, 0.5)",3.2817517254338178,47.42074695110445,-1.4765732927172854,45.323315289054904,-7.656839660203673,True,False,False,True,True,0.0,0.0,0.0,0.0,0.0,1,0.8403624956430813,1.0911467410247477,False,False,False,False,-0.3354756340467921,-0.333959544991011,False,False,False,False,2379994.0,2423193.8766864245,False,False,False,False,124703.36255282084,False,False,False,False
2025-08-07 18:00:00+00:00,42.575,42.595,42.38,42.485,66437.0,,,,,,,,,,,42.68763930740675,42.76007350527515,45.89956448064299,47.40096796494221,47.44738492716255,48.61128764631944,,,,,,,,,,48.61128764631944,45.80115297195818,,"rgba(239, 83, 80, 0.5)",3.1997594039620694,47.39825556220322,-1.5355078122809578,43.96876601549929,-7.656839660203673,True,False,False,True,False,0.0,0.0,0.0,0.0,0.0,1,0.8370098039215688,1.0969887955182076,False,False,False,False,-0.34282825441539394,-0.33839389970320244,False,False,False,False,2313557.0,2421494.0801486503,False,False,False,False,123800.00809463757,False,False,False,False
2025-08-07 19:00:00+00:00,42.485,42.7,42.48,42.69,134229.0,,,,,,,,,,,42.66268887572083,42.748627712279394,45.86612250954662,47.36057464454179,47.40679630495692,48.56755558918671,,,,,,,,,,48.56755558918671,45.76872760603871,,"rgba(239, 83, 80, 0.5)",3.114218796377699,47.36321182883585,-1.5006048496886268,45.639733699605046,-7.656839660203673,True,False,False,True,False,0.0,0.0,0.0,0.0,0.0,1,0.8399542977676219,1.093250131833363,False,False,False,False,-0.3375616689799927,-0.33797778434159753,False,False,False,False,2447786.0,2421901.7068130122,False,False,False,False,123961.69789161993,False,False,False,False
2025-08-08 14:00:00+00:00,42.39,42.6,42.225,42.235,56878.0,,,,,,,,,,,42.61900942408724,42.735087318124876,45.85099411015858,47.342699893798226,47.388843438543695,48.54838372982105,,,,,,,,,,48.54838372982105,45.74750298575561,,"rgba(239, 83, 80, 0.5)",3.016042955282395,47.34542988052539,-1.6944154829011355,42.71877904892544,-7.656839660203673,True,False,False,True,False,0.0,0.0,0.0,0.0,0.0,1,0.8280427920028062,1.0974219572079975,False,False,False,False,-0.34282825441539394,-0.3404030193784957,False,False,False,False,2390908.0,2421421.184226764,False,False,False,False,122921.6405599669,False,False,False,False
2025-08-08 15:00:00+00:00,42.235,42.31,42.045,42.275,113534.0,,,,,,,,,,,42.52908021491175,42.70148258694689,45.81996101951343,47.3063849547189,47.35237725881121,48.509589127928656,,,,,,,,,,48.509589127928656,45.70314586047181,,"rgba(239, 83, 80, 0.5)",2.9036764409751874,47.30873997075907,-1.7335746847429432,41.27347778428605,-4.68840711782039,True,False,False,True,False,0.0,0.0,0.0,0.0,0.0,1,0.8229971890372455,1.1047962052002815,False,False,False,False,-0.34282825441539394,-0.34161563689694485,False,False,False,False,2504442.0,2422708.3286573566,False,False,False,False,122776.09574508369,False,False,False,False
2025-08-08 16:00:00+00:00,42.28,42.3,41.97,41.99,53525.0,,,,,,,,,,,42.48752815738187,42.683475845567905,45.80501978709592,47.2890320956447,47.33495494208245,48.491109006171364,,,,,,,,,,48.491109006171364,45.68185330565737,,"rgba(239, 83, 80, 0.5)",2.775678757992002,47.29110838014966,-1.909842183605071,38.255979087587406,-7.510574416779001,True,False,False,True,False,0.0,0.0,0.0,0.0,0.0,0,0.8149431414356789,1.1171819474058284,False,False,False,False,-0.34282825441539394,-0.34222194565616937,False,False,False,False,2450917.0,2423145.672399103,False,False,False,False,121702.4353459351,False,False,False,False
2025-08-08 17:00:00+00:00,41.99,42.09,41.82,41.825,115215.0,,,,,,,,,,,42.390685063306414,42.63770371253042,45.77176570354671,47.250824554678275,47.29660348411793,48.4506111394524,,,,,,,,,,48.4506111394524,45.63303227627202,,"rgba(239, 83, 80, 0.5)",2.6136667884566958,47.251508790292256,-2.076205281506626,35.22760529547346,-10.280436594953272,False,False,False,True,False,0.0,0.0,0.0,0.0,0.0,0,0.8063139172965764,1.123343708314807,False,False,False,False,-0.34282825441539394,-0.3425251000357816,False,False,False,False,2335702.0,2421789.956547954,False,False,False,False,121601.85495297486,False,False,False,False
2025-08-08 18:00:00+00:00,41.825,41.905,41.465,41.485,271498.0,,,,,,,,,,,42.17148074178998,42.512714768538835,45.68981895910364,47.15807188559333,47.2035322559778,48.352929657229474,,,,,,,,,,48.352929657229474,45.5147580447055,,"rgba(239, 83, 80, 1.0)",2.4468986014475997,47.154825431346225,-2.3171476856425204,31.45887557627852,-13.686524233690257,False,True,False,True,False,0.0,0.0,0.0,0.0,0.0,0,0.802402135231317,1.1266903914590751,False,False,False,False,-0.34282825441539394,-0.3426766772255878,False,False,False,False,2064204.0,2416245.988229381,False,False,False,False,123925.826194014,False,False,False,False
2025-08-08 19:00:00+00:00,41.485,41.65,41.43,41.445,441137.0,,,,,,,,,,,41.9621868532724,42.34585793016892,45.55993423643403,47.01084282420776,47.05579151204252,48.197537873922165,,,,,,,,,,48.197537873922165,45.3553585383413,,"rgba(239, 83, 80, 1.0)",2.2631304099085203,47.00984122168803,-2.4589131926838315,28.760890531068814,-16.076803850487153,False,True,False,True,False,0.0,0.0,0.0,0.0,0.0,0,0.8018859532070103,1.1266791210746379,False,False,False,False,-0.34282825441539394,-0.3427524658204909,False,False,False,False,1623067.0,2403948.639574662,False,False,False,False,128843.82888868044,True,False,False,False
2025-08-11 14:00:00+00:00,41.3,41.835,41.27,41.745,165682.0,,,,,,,,,,,41.9255707622074,42.303032397979344,45.514461790610625,46.9585596175257,47.00330938865003,48.14189903786703,,,,,,,,,,48.14189903786703,45.30780549914002,,"rgba(239, 83, 80, 0.75)",2.0362098424580353,46.554481137802576,-2.361977158501874,31.15364386991658,-16.076803850487153,False,True,False,True,True,0.0,0.0,0.0,0.0,0.0,0,0.8012911213300321,1.1218606296427314,True,False,False,False,-0.3422107537685286,-0.34248160979450976,False,False,False,False,1788749.0,2394410.660666527,False,False,False,False,129414.96332451486,False,False,False,False
2025-08-11 15:00:00+00:00,41.74,41.92,41.63,41.905,92313.0,,,,,,,,,,,41.91959190881966,42.28767430417686,45.4908654203309,46.930949527732615,46.97558333293267,48.11225050520401,,,,,,,,,,48.11225050520401,45.28615249986612,,"rgba(239, 83, 80, 0.5)",1.7793763509158624,46.53489210172208,-2.601974618432479,34.66261537789469,-21.011638499939338,False,False,False,True,True,0.0,0.0,0.0,0.0,0.0,0,0.8110243209657378,1.121516066039411,False,False,False,False,-0.3308135066565816,-0.3366475582255457,False,False,False,False,1881062.0,2386451.766702705,False,False,False,False,128839.73908692549,False,False,False,False
2025-08-11 16:00:00+00:00,41.905,42.04,41.8,41.845,40747.0,,,,,,,,,,,41.91900124807151,42.28225805829192,45.48076098014513,46.919037895892515,46.96361967970407,48.099410226556735,,,,,,,,,,48.099410226556735,45.277348014776976,,"rgba(239, 83, 80, 0.5)",1.4444792477906172,46.526475840816374,-3.2409436466303414,36.49575107542471,-19.315475769726582,False,False,False,True,True,0.0,0.0,0.0,0.0,0.0,0,0.8223300098805355,1.114254917811911,False,False,False,False,-0.32344606821418453,-0.3300468132198651,False,False,False,False,1840315.0,2377984.53000964,False,False,False,False,127473.960186353,False,False,False,False
2025-08-11 17:00:00+00:00,41.845,41.865,41.525,41.67,79412.0,,,,,,,,,,,41.90861203959392,42.266666684247866,45.46009597390221,46.895028483339864,46.93951310883292,48.07370236689558,,,,,,,,,,48.07370236689558,45.257269776135395,,"rgba(239, 83, 80, 0.5)",1.415541764303313,46.50552944260485,-3.4160273928652,36.28834309630588,-19.315475769726582,False,False,False,True,True,0.0,0.0,0.0,0.0,0.0,0,0.8158107018015597,1.114995070359416,False,False,False,False,-0.3348931386871771,-0.3324699759535211,False,False,False,False,1760903.0,2368417.3745056144,False,False,False,False,126728.81351679713,False,False,False,False
2025-08-11 18:00:00+00:00,41.665,41.725,41.545,41.68,67105.0,,,,,,,,,,,41.89919578810141,42.25332062953722,45.44264025196264,46.87476944330061,46.91917252682301,48.05201496741704,,,,,,,,,,48.05201496741704,45.24018560119032,,"rgba(239, 83, 80, 0.5)",1.406788727038631,46.487607040424066,-3.4174335833244474,36.295801103512204,-19.08524954565587,False,False,False,True,True,0.0,0.0,0.0,0.0,0.0,0,0.8132006098107795,1.120258272800646,False,False,False,False,-0.3379599253782282,-0.3352149506658747,False,False,False,False,1828008.0,2360038.934590799,False,False,False,False,125804.41330723438,False,False,False,False
2025-08-11 19:00:00+00:00,41.685,41.74,41.61,41.645,184156.0,,,,,,,,,,,41.87792039623309,42.220337604110725,45.39573437915752,46.82012559776387,46.86430392732768,47.99338148184096,,,,,,,,,,47.99338148184096,45.19530056440564,,"rgba(239, 83, 80, 0.5)",1.4055424011540496,46.4403448391572,-3.4117397207084457,35.98435425438614,-19.016675457457676,False,False,False,True,True,0.0,0.0,0.0,0.0,0.0,0,0.8126852933249485,1.121911777917528,False,False,False,False,-0.3358786844505285,-0.3355468175582016,False,False,False,False,1643852.0,2348935.2611862905,False,False,False,False,126709.08906991292,False,False,False,False
2025-08-12 14:00:00+00:00,42.715,43.19,42.52,42.685,113638.0,,,,,,,,,,,41.926777893259285,42.23966477776189,45.37598431794647,46.79426263614747,46.8382704691675,47.96411828224449,,,,,,,,,,47.96411828224449,45.18984639608785,,"rgba(239, 83, 80, 0.5)",1.3927175069103221,46.432289390543296,-2.6906313534152937,45.8249214213873,-9.71691041879535,True,False,False,True,True,0.0,0.0,0.0,0.0,0.0,0,0.8186042433806769,1.1037173417499566,False,False,False,False,-0.2763452501876764,-0.305946033872939,False,False,False,False,1757490.0,2339765.56721441,False,False,False,False,126506.43652619334,False,False,False,False
2025-08-12 15:00:00+00:00,42.675,42.785,42.43,42.6,95468.0,,,,,,,,,,,41.95573178110088,42.24964723953011,45.358395676171966,46.77175185833467,46.81562151898131,47.93887711229146,,,,,,,,,,47.93887711229146,45.18167086440173,,"rgba(38, 166, 154, 1.0)",1.3778667314839195,46.420927397525375,-2.7730747177634183,51.48749491268927,-4.745034365153131,True,False,True,False,True,0.0,0.0,0.0,0.0,0.0,0,0.818428659017255,1.1117631601997027,False,False,False,False,-0.28418743890166553,-0.2950667363873023,False,False,False,False,1662022.0,2329257.915009535,False,False,False,False,126025.2204560198,False,False,False,False
2025-08-12 16:00:00+00:00,42.595,42.705,42.525,42.595,60194.0,,,,,,,,,,,41.972837565287165,42.25572211824227,45.347433380521295,46.757693667204094,46.80147638329367,47.92309390637736,,,,,,,,,,47.92309390637736,45.176376170154306,,"rgba(38, 166, 154, 1.0)",1.352837698261801,46.41333590523427,-2.822464150829235,55.20572786892859,-1.5913698935262914,True,False,True,False,True,0.0,0.0,0.0,0.0,0.0,0,0.8303820224719102,1.1148764044943824,False,False,False,False,-0.28378252462935005,-0.2894246305083262,False,False,False,False,1601828.0,2317979.931831092,False,False,False,False,125004.58137918229,False,False,False,False
2025-08-12 17:00:00+00:00,42.6,42.765,42.475,42.685,73558.0,,,,,,,,,,,41.99359597020835,42.263547904959175,45.334316950942714,46.74077968092215,46.78445580176658,47.90405319539347,,,,,,,,,,47.90405319539347,45.170124917365406,,"rgba(38, 166, 154, 1.0)",1.3030856933927155,46.40403632718149,-2.854022836747288,58.33318169301957,1.1338986285018038,True,False,True,False,True,0.0,0.0,0.0,0.0,0.0,0,0.8251849179144869,1.1157315533104821,False,False,False,False,-0.2833248867767583,-0.28637475864254225,False,False,False,False,1675386.0,2308017.235213556,False,False,False,False,124206.95996245077,False,False,False,False
2025-08-12 18:00:00+00:00,42.685,42.895,42.665,42.825,65620.0,,,,,,,,,,,42.01518710863218,42.27299042423514,45.323383066775435,46.72636789642314,46.76994676572795,47.88767432006752,,,,,,,,,,47.88767432006752,45.16592493031023,,"rgba(38, 166, 154, 1.0)",1.250747423390337,46.39679981258187,-2.855732297173134,61.40424470579346,3.9284280692587643,True,False,True,False,True,0.0,0.0,0.0,0.0,0.0,0,0.8307678377399493,1.1101955813111195,False,False,False,False,-0.27468249945815204,-0.28052862905034714,False,False,False,False,1741006.0,2299226.36334978,False,False,False,False,123298.63500179262,False,False,False,False
2025-08-12 19:00:00+00:00,42.825,42.9,42.645,42.795,207241.0,,,,,,,,,,,42.07515987633674,42.29992865059378,45.28926041721963,46.681364948999814,46.724639105968464,47.83647887733232,,,,,,,,,,47.83647887733232,45.15113864607512,,"rgba(38, 166, 154, 1.0)",1.1966292448164548,46.3718899807139,-2.9891380276791937,63.00713483525394,5.493080365143754,True,False,True,False,True,0.0,0.0,0.0,0.0,0.0,0,0.8326393917451124,1.1041817523533675,False,False,False,False,-0.27508670907143645,-0.2778076690608918,False,False,False,False,1533765.0,2287358.745313349,False,False,False,False,124600.0670172687,False,False,False,False
2025-08-13 14:00:00+00:00,42.635,43.085,42.6,42.815,153829.0,,,,,,,,,,,42.11686218842054,42.32016693008731,45.26504424748508,46.64906633364009,46.692114115815485,47.79953056496393,,,,,,,,,,47.79953056496393,45.14046406340208,,"rgba(38, 166, 154, 1.0)",1.1445065501095624,46.35329216572524,-3.091543832044062,64.24004592065961,6.878790307324948,True,False,True,False,True,0.0,0.0,0.0,0.0,0.0,0,0.8307595051025016,1.1043077756705504,False,False,False,False,-0.27131747543640716,-0.2745625722486495,False,False,False,False,1687594.0,2278060.0670914366,False,False,False,False,125053.22876893895,False,False,False,False
2025-08-13 15:00:00+00:00,42.815,43.215,42.81,43.065,122066.0,,,,,,,,,,,42.15505054924373,42.34091353244175,45.24769231808054,46.625121307333046,46.66798512098037,47.77174328707909,,,,,,,,,,47.77174328707909,45.13475101919309,,"rgba(38, 166, 154, 1.0)",1.087611868534463,46.34074326485403,-3.0118678911329213,66.95134727983498,9.711203023452498,True,False,True,False,True,0.0,0.0,0.0,0.0,0.0,0,0.8303297891511986,1.1048837628401518,False,False,False,False,-0.25998474362027674,-0.2672736579344631,False,False,False,False,1809660.0,2270798.0505473833,False,False,False,False,125006.91514461431,False,False,False,False
2025-08-13 16:00:00+00:00,43.06,43.345,43.05,43.305,143617.0,,,,,,,,,,,42.2056188438565,42.3705814991468,45.2294592099059,46.59892193178821,46.64156422731612,47.74084613333997,,,,,,,,,,47.74084613333997,45.131165307558916,,"rgba(38, 166, 154, 1.0)",1.0014441509079957,46.32850026009884,-3.019140166086622,70.18905461736226,12.992256665931748,True,False,True,False,True,0.0,0.0,0.0,0.0,0.0,0,0.8456229567744279,1.1025245187068655,False,False,False,False,-0.24914608347808426,-0.25820987070627366,False,False,False,False,1953277.0,2265875.2435621526,False,False,False,False,125295.44359198463,False,False,False,False
2025-08-13 17:00:00+00:00,43.305,43.31,43.11,43.11,142188.0,,,,,,,,,,,42.24870452752564,42.39626727007293,45.211226492603195,46.5729488723839,46.61537532675869,47.71028868021959,,,,,,,,,,47.71028868021959,45.12580186159399,,"rgba(38, 166, 154, 1.0)",0.9455976707645825,46.314853447672064,-3.389235767766554,69.17073385211842,12.992256665931748,True,False,True,False,True,0.0,0.0,0.0,0.0,0.0,0,0.8461538461538461,1.097629643084189,False,False,False,False,-0.2484574617351107,-0.2533336662206922,False,False,False,False,1811089.0,2258824.294049561,False,False,False,False,125557.3436913337,False,False,False,False
2025-08-13 18:00:00+00:00,43.11,43.44,43.09,43.405,142029.0,,,,,,,,,,,42.29381634970366,42.424504921030966,45.19452184426039,46.548411208312466,46.590619574353326,47.68106799061551,,,,,,,,,,47.68106799061551,45.12215698137939,,"rgba(38, 166, 154, 1.0)",0.8886289925986748,46.30265639311583,-3.260816850733205,70.4049258289167,13.714630960586938,True,False,True,False,True,0.0,0.0,0.0,0.0,0.0,0,0.847248662859215,1.094733025111051,False,False,False,False,-0.24543025796845858,-0.2493819620945754,False,False,False,False,1953118.0,2254084.661583676,False,False,False,False,125812.71820774714,False,False,False,False
2025-08-13 19:00:00+00:00,43.405,43.575,43.375,43.465,308863.0,,,,,,,,,,,42.39333695348083,42.490334749610646,45.16219263633513,46.49888024723873,46.54061011827201,47.62112286721319,,,,,,,,,,47.62112286721319,45.11774626202509,,"rgba(38, 166, 154, 1.0)",0.8480937448186074,46.2792247762605,-3.31829446149542,71.57513593429047,15.222773678251656,True,False,True,False,True,0.0,0.0,0.0,0.0,0.0,0,0.8502446095307121,1.0929516216705928,False,False,False,False,-0.23317975381516126,-0.2412808579548683,False,False,False,False,2261981.0,2254207.085435092,False,False,False,False,128650.7070727433,False,False,False,False
2025-08-14 14:00:00+00:00,42.81,42.885,42.485,42.625,183199.0,,,,,,,,,,,42.40630197453092,42.496613503079544,45.134704299552126,46.46261807510424,46.504098608297866,47.57961027789112,,,,,,,,,,47.57961027789112,45.097324456409304,,"rgba(38, 166, 154, 0.75)",0.8128462560881273,46.251182185413356,-4.4610923138953495,63.066543325002144,19.799393479862033,True,False,True,False,False,0.0,0.0,0.0,0.0,0.0,0,0.8455902064158698,1.09257439013493,False,False,False,False,-0.2766058979750996,-0.25894337796498396,False,False,False,False,2078782.0,2251487.316668656,False,False,False,False,129496.41704060773,False,False,False,False
2025-08-14 15:00:00+00:00,42.625,42.635,42.045,42.115,202955.0,,,,,,,,,,,42.39920632277503,42.48774301197643,45.100130577222394,46.41909016194221,46.46031306490095,47.53074791336692,,,,,,,,,,47.53074791336692,45.06620517536398,,#000000,0.7735749292548336,46.213568495778304,-5.298217846494012,54.25090518104382,11.839517399350626,True,False,False,False,False,0.0,0.0,0.0,0.0,0.0,0,0.8411696738067727,1.0953693005066218,False,False,False,False,-0.2953260439300803,-0.2771347109475321,False,False,False,False,1875827.0,2245663.125712553,False,False,False,False,130635.30979966807,False,False,False,False
2025-08-14 16:00:00+00:00,42.115,42.39,42.01,42.385,130025.0,,,,,,,,,,,42.39491938435827,42.48232875796865,45.07838954200525,46.39165290833977,46.432711785090135,47.499893699811125,,,,,,,,,,47.499893699811125,45.0466493462622,,#000000,0.7403883629071826,45.855224975177954,-4.687033385495004,50.67037114409299,8.861179997968641,True,False,False,False,False,0.0,0.0,0.0,0.0,0.0,0,0.8461811722912966,1.0947602131438723,False,False,False,False,-0.303540539424823,-0.29033762518617756,False,False,False,False,2005852.0,2241945.123763521,False,False,False,False,130625.84763223135,False,False,False,False
2025-08-14 17:00:00+00:00,42.385,42.54,42.225,42.505,169766.0,,,,,,,,,,,42.39603047940076,42.480539990343615,45.05210061640654,46.35775126770263,46.39859177576425,47.46137556550208,,,,,,,,,,47.46137556550208,45.024398282519975,,"rgba(239, 83, 80, 0.5)",0.7137789106815803,45.833652794691815,-4.6634227277930025,49.25404625379693,7.644261089311222,False,False,False,True,False,0.0,0.0,0.0,0.0,0.0,0,0.8549481957842086,1.092890317970704,False,False,False,False,-0.29284004944022096,-0.2915888373131993,False,False,False,False,2175618.0,2240916.7962633115,False,False,False,False,131232.6716999487,False,False,False,False
2025-08-14 18:00:00+00:00,42.505,42.77,42.505,42.65,129874.0,,,,,,,,,,,42.40316528291146,42.48419270583323,45.03397934934302,46.33362211737087,46.374291125927336,47.43356086362909,,,,,,,,,,47.43356086362909,45.010468574169174,,#000000,0.6920649151974815,45.82055034040274,-4.581290382995388,49.479391706836495,7.644261089311222,False,False,False,False,False,0.0,0.0,0.0,0.0,0.0,0,0.8583415156654468,1.0831920021422834,False,False,False,False,-0.27799656930792677,-0.28479270331056306,False,False,False,False,2305492.0,2241917.962212717,False,False,False,False,131211.6070224301,False,False,False,False
2025-08-14 19:00:00+00:00,42.645,43.18,42.62,43.15,246435.0,,,,,,,,,,,42.433470950245336,42.504778166001124,45.005138188763695,46.29284648362351,46.33317709357823,47.38535652822935,,,,,,,,,,47.38535652822935,44.99246123507354,,"rgba(38, 166, 154, 1.0)",0.6622703035433535,45.80417920048947,-4.007697742581516,53.010665536660724,7.644261089311222,True,False,True,False,True,0.0,0.0,0.0,0.0,0.0,0,0.8628931935311889,1.074995557135241,False,False,False,False,-0.26284021069115426,-0.27381645700085866,False,False,False,False,2551927.0,2246724.3038838375,False,False,False,False,132998.0162158808,False,False,False,False
2025-08-15 14:00:00+00:00,43.495,43.775,43.21,43.765,72815.0,,,,,,,,,,,42.450948579459876,42.5177630544419,44.99925409682999,46.28313760166177,46.32336094566878,47.37322684787473,,,,,,,,,,47.37322684787473,44.99128185432284,,"rgba(38, 166, 154, 1.0)",0.6376992499084376,45.80433000816441,-3.197949516887819,58.2787681861229,0.025393717930342063,True,False,True,False,True,0.0,0.0,0.0,0.0,0.0,0,0.873446726006874,1.0612496695161717,False,False,False,False,-0.22904835113324148,-0.2514324040670501,False,False,False,False,2624742.0,2252585.0433585066,False,False,False,False,132064.94619702993,False,False,False,False
2025-08-15 15:00:00+00:00,43.76,43.87,43.605,43.735,80636.0,,,,,,,,,,,42.47223198772314,42.53379999331029,44.99349408698018,46.27307280798919,46.3131756682795,47.360424139865984,,,,,,,,,,47.360424139865984,44.99103311402471,,"rgba(38, 166, 154, 1.0)",0.6241258174731172,45.80516455415385,-3.3169026119369205,61.518498881908506,3.180171062125865,True,False,True,False,True,0.0,0.0,0.0,0.0,0.0,0,0.8830115489729347,1.0591554262540774,False,False,False,False,-0.21522832399637856,-0.2333303640317143,False,False,False,False,2544106.0,2257104.748112638,False,False,False,False,131267.5981939752,False,False,False,False
2025-08-15 16:00:00+00:00,43.73,43.745,43.61,43.685,45833.0,,,,,,,,,,,42.483489983199796,42.542307966941614,44.99009693868627,46.267260406519185,46.307295550870215,47.353074093827026,,,,,,,,,,47.353074093827026,44.99058749000736,,"rgba(38, 166, 154, 1.0)",0.604661158929171,45.80486402028838,-3.505870997307919,63.18473635718412,4.958947757647579,True,False,True,False,True,0.0,0.0,0.0,0.0,0.0,0,0.8934726314849539,1.0614340566121976,False,False,False,False,-0.21860514888107035,-0.22596775645639233,False,False,False,False,2498273.0,2260843.790777558,False,False,False,False,129943.0307801151,False,False,False,False
2025-08-15 17:00:00+00:00,43.685,43.78,43.645,43.765,30920.0,,,,,,,,,,,42.49127952769167,42.548225782695646,44.98790214127143,46.26342941754195,46.30341871139317,47.34819941633199,,,,,,,,,,47.34819941633199,44.99040916615431,,"rgba(38, 166, 154, 1.0)",0.6000416652203838,45.80472146613279,-3.3992997226011608,64.71654025471437,6.738627910363768,True,False,True,False,True,0.0,0.0,0.0,0.0,0.0,0,0.8911552346570397,1.0620036101083032,False,False,False,False,-0.2166347427213335,-0.22130124958886294,False,False,False,False,2529193.0,2265004.2436337196,False,False,False,False,128407.7899928265,False,False,False,False
2025-08-15 18:00:00+00:00,43.765,43.91,43.76,43.865,70964.0,,,,,,,,,,,42.51042029778164,42.56288741626154,44.98335157442893,46.255077705589706,46.29496064082138,47.33741508728533,,,,,,,,,,47.33741508728533,44.99068545369476,,"rgba(38, 166, 154, 1.0)",0.5946514612449982,45.80502027771272,-3.262449357563127,66.27872006614572,8.622347037745001,True,False,True,False,True,0.0,0.0,0.0,0.0,0.0,0,0.8810732414793327,1.0654459753444527,False,False,False,False,-0.20975124037962128,-0.2155262449842421,False,False,False,False,2600157.0,2270200.410399088,False,False,False,False,127517.18859758887,False,False,False,False
2025-08-15 19:00:00+00:00,43.865,44.09,43.715,44.02,222008.0,,,,,,,,,,,42.571048866371115,42.60999027141203,44.970535733767406,46.2303514356063,46.2699011235251,47.305023535202615,,,,,,,,,,47.305023535202615,44.9928084943141,,"rgba(38, 166, 154, 1.0)",0.5924561412288092,45.805393214174615,-3.013544952832356,68.14365673431828,10.812830122444261,True,False,True,False,True,0.0,0.0,0.0,0.0,0.0,0,0.8757674250631997,1.0626579992777176,False,False,False,False,-0.2059666847652264,-0.21074646487473425,False,False,False,False,2822165.0,2278758.0009355363,False,False,False,False,128982.16241778129,False,False,False,False
2025-08-18 14:00:00+00:00,43.855,44.27,43.76,44.0,155229.0,,,,,,,,,,44.01,42.61244280419394,42.64265175197314,44.96234338314707,46.21388125996107,46.253199119668345,47.283192614666575,,,,,,,,,44.01,47.283192614666575,44.85395870480145,,"rgba(38, 166, 154, 1.0)",0.5896829733080823,45.570807385567875,-2.663816756918976,69.10940095002788,12.183582687634946,True,False,True,False,True,0.0,-1.0,44.27,43.76,0.0,0,0.879011235955056,1.0592359550561798,False,False,False,False,-0.19967194142384503,-0.20520920314928964,False,False,False,False,2666936.0,2284776.2644869233,False,False,False,False,129389.0901322343,False,False,False,False
2025-08-18 15:00:00+00:00,43.995,44.185,43.96,44.11,66727.0,,,,,,,,,,44.032547374254364,42.63042961548425,42.65697264435097,44.95913856033342,46.207114604170926,46.24633271320372,47.274109981695645,,,,,,,,,44.032547374254364,47.274109981695645,44.85809221335619,,"rgba(38, 166, 154, 1.0)",0.5999117803015668,45.5722638601397,-2.4374648209185716,70.3988880947011,13.88035919200447,True,False,True,False,True,0.0,0.0,0.0,0.0,0.0,0,0.8823793692155628,1.0599335070536438,False,False,False,False,-0.19646067885383336,-0.20083494100156152,False,False,False,False,2733663.0,2291735.748758444,False,True,False,False,128417.58485886632,False,True,False,False
2025-08-18 16:00:00+00:00,44.115,44.24,43.9,43.965,105865.0,,,,,,,,,,44.03333941388746,42.65713141957183,42.67834343900302,44.953813645610566,46.196215981455126,46.23527771574533,47.2595811310559,,,,,,,,,44.03333941388746,47.2595811310559,44.85910039233274,,"rgba(38, 166, 154, 1.0)",0.6043492665971286,45.57184315909178,-2.6587988898196646,69.06339996329476,13.88035919200447,True,False,True,False,True,0.0,0.0,0.0,0.0,0.0,0,0.8790793850579879,1.0644610267014296,False,False,False,False,-0.19660021534943717,-0.19871757817549934,False,False,False,False,2627798.0,2296946.016219553,False,False,False,False,128067.93238043427,False,False,False,False
2025-08-18 17:00:00+00:00,43.965,44.155,43.945,44.0,77637.0,,,,,,,,,,44.033338249584425,42.67605409961161,42.693580592061345,44.94994039935685,46.188286531382566,46.22723434793332,47.24900337886776,,,,,,,,,44.033338249584425,47.24900337886776,44.85963394268541,,"rgba(38, 166, 154, 1.0)",0.6193276069134457,45.571204552559166,-2.5369522285460633,68.4410211099601,13.88035919200447,True,False,True,False,True,0.0,0.0,0.0,0.0,0.0,0,0.8800144235103219,1.065897412782836,False,False,False,False,-0.19771677994871123,-0.1982171790621053,False,False,False,False,2705435.0,2303279.1787587847,False,False,False,False,127286.05745980739,False,False,False,False
2025-08-18 18:00:00+00:00,43.995,44.02,43.705,43.765,61652.0,,,,,,,,,,44.00650043886879,42.68851782997968,42.70363887507109,44.94621060254548,46.18144075705626,46.220300687888184,47.24012478148732,,,,,,,,,44.00650043886879,47.24012478148732,44.855247710413835,,"rgba(38, 166, 154, 0.75)",0.6279800163232517,45.568008690903916,-2.8711243097516332,64.59858057869045,13.88035919200447,True,False,True,False,False,0.0,0.0,0.0,0.0,0.0,0,0.8772277227722772,1.0645364536453645,False,False,False,False,-0.208208675351349,-0.20321292720672712,False,False,False,False,2643783.0,2308558.3077702764,False,False,False,False,126268.47517360882,False,False,False,False
2025-08-18 19:00:00+00:00,43.765,43.795,43.36,43.385,229179.0,,,,,,,,,,43.844177690585376,42.72035620600575,42.7294302923922,44.92868861439636,46.152957103904,46.19150561290698,47.20449318055746,,,,,,,,,43.844177690585376,47.20449318055746,44.824515528678305,,"rgba(38, 166, 154, 0.75)",0.6297225329213803,45.54579878507157,-3.4313505903104504,57.9058785605005,13.855082636313966,True,False,True,False,False,0.0,0.0,0.0,0.0,0.0,0,0.8692886579466046,1.0696111807919728,False,False,False,False,-0.22424415551017832,-0.2137285413584527,False,False,False,False,2414604.0,2310202.427029652,False,False,False,False,127863.98718642109,False,False,False,False
2025-08-19 14:00:00+00:00,43.46,43.77,43.335,43.345,143023.0,,,,,,,,,,43.782687991275395,42.738303493629324,42.74412470175784,44.91774203669698,46.13528900987084,46.17364612363831,47.18242197541971,,,,,,,,,43.782687991275395,47.18242197541971,44.81060219032691,,#000000,0.6319667712787203,45.53345963033583,-3.4629346506742804,53.07101790388861,9.50219682506907,False,False,False,False,False,0.0,0.0,0.0,0.0,0.0,0,0.8692897930049964,1.0703961456102784,False,False,False,False,-0.22565608822897743,-0.21969231479371507,False,False,False,False,2271581.0,2309603.6452152384,False,False,False,False,128099.01064089517,False,False,False,False
2025-08-19 15:00:00+00:00,43.35,43.45,43.11,43.125,98952.0,,,,,,,,,,43.72422416647482,42.74615074422712,42.750567439834306,44.908935858783856,46.122039106678365,46.160268903860974,47.166262238527246,,,,,,,,,43.72422416647482,47.166262238527246,44.79692120834095,,"rgba(239, 83, 80, 1.0)",0.6315139680896553,45.521954002991066,-3.7955676740483013,47.90040353013794,4.899860632881122,False,True,False,True,False,0.0,0.0,0.0,0.0,0.0,0,0.8636889402971795,1.0774979980425305,False,False,False,False,-0.2384806539188917,-0.22908648435630338,False,False,False,False,2172629.0,2307480.0073049245,False,False,False,False,127647.11900305183,False,False,False,False
2025-08-19 16:00:00+00:00,43.125,43.22,43.02,43.135,90657.0,,,,,,,,,,43.67142724109366,42.75162862755687,42.755076916543594,44.90045695625323,46.109575788747314,46.147691095529154,47.151187193624004,,,,,,,,,43.67142724109366,47.151187193624004,44.783863402763984,,"rgba(239, 83, 80, 1.0)",0.6326090832834306,45.510732124369625,-3.7554505414921735,44.59561452899199,2.0092702839401824,False,True,False,True,False,0.0,0.0,0.0,0.0,0.0,0,0.8721649484536084,1.0819363514119231,False,False,False,False,-0.24502759217143233,-0.23705703826386787,False,False,False,False,2263286.0,2306794.828897096,False,False,False,False,127073.62878595025,False,False,False,False
2025-08-19 17:00:00+00:00,43.135,43.15,42.97,43.095,91149.0,,,,,,,,,,43.62261995530041,42.756214587936924,42.75886459174886,44.89175925565511,46.0969268363439,46.134928398193054,47.13594401694201,,,,,,,,,43.62261995530041,47.13594401694201,44.77103680601717,,"rgba(239, 83, 80, 1.0)",0.6328658184359417,45.49935107948268,-3.7991482703628545,42.0145235533397,-0.3451706869335993,False,True,False,True,False,0.0,0.0,0.0,0.0,0.0,0,0.876010781671159,1.0757412398921835,False,False,False,False,-0.24658896647995412,-0.241823002371911,False,False,False,False,2172137.0,2304707.110619622,False,False,False,False,126516.65779702079,False,False,False,False
2025-08-19 18:00:00+00:00,43.095,43.105,43.01,43.085,118121.0,,,,,,,,,,43.569583098784165,42.761874474688234,42.7635639751699,44.88057950370667,46.08066394192798,46.1185190466426,47.11633476626239,,,,,,,,,43.569583098784165,47.11633476626239,44.755874115311705,,"rgba(239, 83, 80, 1.0)",0.6336871723752047,45.48520963934004,-3.7876885377740965,40.19154269259863,-2.146409688931385,False,True,False,True,False,0.0,0.0,0.0,0.0,0.0,0,0.8834011759384893,1.0725463591135236,False,False,False,False,-0.24674319711061793,-0.24428309974126447,False,False,False,False,2054016.0,2300820.4267340465,False,False,False,False,126386.49255985767,False,False,False,False
2025-08-19 19:00:00+00:00,43.085,43.245,42.92,43.23,323236.0,,,,,,,,,,43.47892861679305,42.77944642971336,42.77832631449176,44.85174659198792,46.037981118945275,46.07543707602528,47.06447399318749,,,,,,,,,43.47892861679305,47.06447399318749,44.72376287730631,,"rgba(239, 83, 80, 1.0)",0.6347604215711958,45.451606056101205,-3.499912692417338,41.504932884311785,-2.146409688931385,False,True,False,True,False,0.0,0.0,0.0,0.0,0.0,0,0.8823635870057009,1.0671432449552078,False,False,False,False,-0.2452014071926551,-0.24474225346695977,False,False,False,False,2377252.0,2302005.412366077,False,False,False,False,129438.42290776684,False,False,False,False
2025-08-20 14:00:00+00:00,43.875,43.985,43.03,43.07,92135.0,,,,,,,,,,43.47239488550575,42.78722700448379,42.78491921904363,44.84477713801445,46.02698516798269,46.06432544184799,47.05078805119119,,,,,,,,,43.47239488550575,47.05078805119119,44.71877384400993,,"rgba(239, 83, 80, 1.0)",0.6347674469537334,45.44474897661865,-3.7411322650761845,40.479467211086046,-2.320385461415043,False,True,False,True,False,0.0,0.0,0.0,0.0,0.0,0,0.8820058997050148,1.055600250290516,False,False,False,False,-0.21806797824841775,-0.23140511585768875,False,False,False,False,2285117.0,2301743.57651544,False,False,False,False,128860.07526578596,False,False,False,False
2025-08-20 15:00:00+00:00,43.065,43.51,42.995,43.35,120937.0,,,,,,,,,,43.45962340732041,42.79580801176802,42.792229499202485,44.83525952265999,46.01227697053551,46.04946776482388,47.032606450749924,,,,,,,,,43.45962340732041,47.032606450749924,44.71103880386575,,"rgba(239, 83, 80, 0.75)",0.6373550144267031,45.434885472942085,-3.2711525378323496,43.95848230429368,-2.320385461415043,False,True,False,True,True,0.0,0.0,0.0,0.0,0.0,0,0.8871025366202214,1.061897106109325,False,False,False,False,-0.23379098000102996,-0.23259804792935934,False,False,False,False,2406054.0,2303360.7923834175,False,False,False,False,128737.23688957222,False,False,False,False
2025-08-20 16:00:00+00:00,43.36,43.53,43.35,43.395,45303.0,,,,,,,,,,43.45876147606534,42.79984504558093,42.79567566488872,44.832043338976135,46.007088572850414,46.04422268978431,47.02609349085229,,,,,,,,,43.45876147606534,47.02609349085229,44.70910432557116,,"rgba(239, 83, 80, 0.75)",0.6394593859712703,45.431869618452694,-3.185299431267092,46.85657825445608,-2.320385461415043,False,True,False,True,True,0.0,0.0,0.0,0.0,0.0,0,0.8983494182375756,1.060791918463065,False,False,False,False,-0.22221932799886596,-0.22740868796411265,False,False,False,False,2451357.0,2305655.307230186,False,False,False,False,127443.68282926877,False,False,False,False
2025-08-20 17:00:00+00:00,43.39,43.39,43.165,43.27,47553.0,,,,,,,,,,43.4540819108668,42.80302375117111,42.798400214561504,44.82832494776998,46.00134974944432,46.03842561103964,47.01899859728199,,,,,,,,,43.4540819108668,47.01899859728199,44.706086397447905,,"rgba(239, 83, 80, 0.75)",0.6413199507887827,45.42799716845025,-3.364930664945079,47.04163934085688,-2.320385461415043,False,True,False,True,True,0.0,0.0,0.0,0.0,0.0,0,0.8995115774240231,1.0523697539797396,False,False,False,False,-0.23224459980690007,-0.22982664388550636,False,False,False,False,2403804.0,2307176.992389408,False,False,False,False,126205.06759160568,False,False,False,False
2025-08-20 18:00:00+00:00,43.265,43.35,43.195,43.285,56269.0,,,,,,,,,,43.44889223846933,42.806743666220854,42.80159554049162,44.82395258459763,45.99459425339771,46.03160137711261,47.010641592125495,,,,,,,,,43.44889223846933,47.010641592125495,44.70257446463074,,"rgba(239, 83, 80, 0.75)",0.6431937485693133,45.423452450612764,-3.3247407260556088,47.39744635114852,-2.320385461415043,False,True,False,True,True,0.0,0.0,0.0,0.0,0.0,0,0.9053292106220444,1.0488359403419425,False,False,False,False,-0.23255378833936213,-0.23119021611243423,False,False,False,False,2460073.0,2309547.4731275565,False,False,False,False,125120.78747390636,False,False,False,False
2025-08-20 19:00:00+00:00,43.285,43.425,43.06,43.065,134897.0,,,,,,,,,,43.43148989007156,42.8137032360612,42.8076134072512,44.81294385867487,45.97798302611764,46.0148281356325,46.99026103328628,,,,,,,,,43.43148989007156,46.99026103328628,44.69268894101361,,"rgba(239, 83, 80, 0.75)",0.6436395317623783,45.41147143970303,-3.6456297724256492,44.75597109022522,-2.320385461415043,False,True,False,True,True,0.0,0.0,0.0,0.0,0.0,1,0.8998452153327872,1.0499863425293636,False,False,False,False,-0.23440983931001744,-0.23280002771122582,False,False,False,False,2325176.0,2309789.775869765,False,False,False,False,125272.35666035741,False,False,False,False
2025-08-21 14:00:00+00:00,42.91,43.045,42.765,42.8,66436.0,,,,,,,,,,43.413935114922324,42.8142110022077,42.80809403747264,44.80654418467415,45.96896485646362,46.00573368440134,46.97948370545979,,,,,,,,,43.413935114922324,46.97948370545979,44.685280940800226,,"rgba(239, 83, 80, 1.0)",0.6434561662135848,45.40369538499725,-4.046422307705414,40.420551966209075,-3.5654096239406528,False,True,False,True,False,0.0,0.0,0.0,0.0,0.0,1,0.8901728844404005,1.0580527752502276,False,False,False,False,-0.2554033396023722,-0.24410168365679902,False,False,False,False,2258740.0,2308998.306476435,False,False,False,False,124360.16508422783,False,False,False,False
2025-08-21 15:00:00+00:00,42.795,43.01,42.74,42.9,73550.0,,,,,,,,,,43.39618408613967,42.81489438313054,42.80873032781684,44.79955666691646,45.95908455561396,45.99576910022705,46.96765640442876,,,,,,,,,43.39618408613967,46.96765640442876,44.6774107891819,,"rgba(239, 83, 80, 1.0)",0.6434252933391371,45.12564307766158,-3.459054377721652,39.27504554180961,-4.819770975113421,False,True,False,True,False,0.0,0.0,0.0,0.0,0.0,1,0.8865810330691447,1.0630409037077528,False,False,False,False,-0.25727987888355697,-0.25069078127017796,False,False,False,False,2332290.0,2309359.418003932,False,False,False,False,123572.41058679794,False,False,False,False
2025-08-21 16:00:00+00:00,42.895,42.925,42.74,42.865,37651.0,,,,,,,,,,43.38687553831169,42.81503758854643,42.80887948432058,44.795925039363226,45.953985715128304,45.99062745907852,46.96156924300568,,,,,,,,,43.38687553831169,46.96156924300568,44.67327143825064,,"rgba(239, 83, 80, 1.0)",0.64342201694715,44.84985010689218,-3.0848339886000646,38.150007470045544,-6.138179732159074,False,True,False,True,False,0.0,0.0,0.0,0.0,0.0,1,0.883778801843318,1.0757603686635948,False,False,False,False,-0.25994135122568296,-0.25531606624793046,False,False,False,False,2294639.0,2309131.194468987,False,False,False,False,122240.29569397937,False,False,False,False
2025-08-21 17:00:00+00:00,42.865,42.98,42.78,42.955,51572.0,,,,,,,,,,43.37601268069221,42.81565384179782,42.809443674177444,44.791128901083106,45.94716658306225,45.9837493776681,46.953384945631015,,,,,,,,,43.37601268069221,46.953384945631015,44.66807714344456,,"rgba(239, 83, 80, 1.0)",0.6413843207058414,44.847408629187385,-2.9505065342177317,39.07019260327593,-6.138179732159074,False,True,False,True,False,0.0,0.0,0.0,0.0,0.0,1,0.8768290424152622,1.0755695499166515,False,False,False,False,-0.25631045591070295,-0.2558132610793167,False,False,False,False,2346211.0,2309706.075174894,False,False,False,False,121144.66320259984,False,False,False,False
2025-08-21 18:00:00+00:00,42.955,43.06,42.935,43.005,32670.0,,,,,,,,,,43.370718621789344,42.81645034379899,42.81014959480226,44.78825559338871,45.94299694188278,45.979542029061825,46.94833865726946,,,,,,,,,43.370718621789344,46.94833865726946,44.665207397427615,,"rgba(239, 83, 80, 0.75)",0.6416090204599542,44.847292462604095,-2.871363094744829,40.60110886384589,-6.138179732159074,False,True,False,True,True,0.0,0.0,0.0,0.0,0.0,1,0.8816425120772948,1.0689334819769605,False,False,False,False,-0.24891683577027762,-0.2523650484247971,False,False,False,False,2378881.0,2310778.554629547,False,False,False,False,119772.96299790837,False,False,False,False
2025-08-21 19:00:00+00:00,43.005,43.045,42.87,42.93,105286.0,,,,,,,,,,43.35238514520565,42.81826150668929,42.81177985438373,44.778792419676854,45.92940480064652,45.965829600135024,46.931951555082115,,,,,,,,,43.35238514520565,46.931951555082115,44.65548641168845,,"rgba(239, 83, 80, 0.75)",0.641628923659246,44.83981181217062,-2.9765051757312606,40.56106998390287,-6.138179732159074,False,True,False,True,True,0.0,0.0,0.0,0.0,0.0,1,0.8796304936082859,1.0719417747503968,False,False,False,False,-0.2514307822094106,-0.25189791531710387,False,False,False,False,2273595.0,2310202.065410484,False,False,False,False,119548.35892042141,False,False,False,False
2025-08-22 14:00:00+00:00,43.19,43.6,43.185,43.415,38894.0,,,,,,,,,,43.353136564174555,42.82119787701684,42.81433233851662,44.77617770779329,45.92517088121214,45.96154891594587,46.9266143787691,,,,,,,,,43.353136564174555,46.9266143787691,44.65402552334691,,#000000,0.6447463849463192,44.84416470744257,-2.2166308192043056,47.40836349950949,-7.722912425103367,False,True,False,False,True,0.0,0.0,0.0,0.0,0.0,1,0.8795627200296462,1.0613303687233648,False,False,False,False,-0.2238119035235414,-0.23785490942032264,False,False,False,False,2312489.0,2310237.521760709,False,False,False,False,118297.90374336061,False,False,False,False
2025-08-22 15:00:00+00:00,43.415,43.435,43.26,43.4,36121.0,,,,,,,,,,43.3533079237915,42.823735166339674,42.81654259775395,44.77369674859978,45.92119717498369,45.95753205620044,46.92162310016597,,,,,,,,,43.3533079237915,46.92162310016597,44.652519252547854,,"rgba(38, 166, 154, 0.5)",0.647242745167234,44.84641715196436,-2.2347367548950086,51.73061345704954,-3.7966903421517912,False,False,True,False,True,0.0,0.0,0.0,0.0,0.0,0,0.8820303058473552,1.0645161290322582,False,False,False,False,-0.10368109358049057,-0.1707680015004066,False,False,False,False,2276368.0,2309712.412896202,False,False,False,False,117023.84322020774,False,False,False,False
2025-08-22 16:00:00+00:00,43.4,43.625,43.355,43.465,35406.0,,,,,,,,,,43.35509991034815,42.826730499723226,42.819149159997174,44.77147405359471,45.917491307183035,45.953783394642535,46.916904221715555,,,,,,,,,43.35509991034815,46.916904221715555,44.65151893531491,,"rgba(38, 166, 154, 0.5)",0.6500718740584666,44.849308156750865,-2.12946938945148,55.33701547007215,-0.5832942182000096,False,False,True,False,True,0.0,0.0,0.0,0.0,0.0,0,0.9013199914839259,1.0698318075367257,False,False,False,False,-0.08564824962904694,-0.12820812556472677,False,False,False,False,2311774.0,2309744.375486959,False,False,False,False,115758.45030206497,False,False,False,False
2025-08-22 17:00:00+00:00,43.465,43.72,43.465,43.585,36065.0,,,,,,,,,43.59000000000001,43.358393497143005,42.83025373892721,42.82221404842272,44.76940734071377,45.913895393026564,45.95014343412719,46.912261968831295,,,,,,,,,43.358393497143005,46.912261968831295,44.51832117764897,,"rgba(38, 166, 154, 1.0)",0.6546527653983355,44.62680553890822,-1.5913864478588364,59.01862119731321,2.71543955484249,True,False,True,False,True,0.0,0.0,0.0,0.0,0.0,0,0.903088971068088,1.0677615836415055,False,False,False,False,-0.07271220220424005,-0.10046016388448341,False,False,False,False,2347839.0,2310334.9898204943,False,False,False,False,114522.89293304071,False,False,False,False
2025-08-22 18:00:00+00:00,43.585,43.705,43.585,43.68,48779.0,,,,,,,,,43.62832838307168,43.36394471383351,42.83538123453317,42.826677427129766,44.76678088200262,45.90918846879652,45.945376636517665,46.90612933541968,,,,,,,,,43.36394471383351,46.90612933541968,44.52272588516308,,"rgba(38, 166, 154, 1.0)",0.6593456898616862,44.63354450992242,-1.4461981394349488,62.408955711077915,5.773829832242484,True,False,True,False,True,0.0,0.0,0.0,0.0,0.0,0,0.9125521176212421,1.0448760149220981,False,False,False,False,-0.06609608828704919,-0.08327812608576629,False,False,False,False,2396618.0,2311672.7109085484,False,False,False,False,113503.60777128814,False,False,False,False
2025-08-22 19:00:00+00:00,43.675,43.72,43.565,43.615,126840.0,,,,,,,,43.63333333333333,43.63132732437659,43.376379885393995,42.84805067806913,42.837743024912804,44.759866649243996,45.896914611417834,45.93294836174128,46.890176540460125,,,,,,,,,43.376379885393995,46.890176540460125,44.4229711565499,,"rgba(38, 166, 154, 1.0)",0.6633416088943416,44.44089709960429,-1.2450554714649915,63.27604263267317,6.607168785558208,True,False,True,False,True,0.0,0.0,0.0,0.0,0.0,0,0.9151962946625496,1.0382664314071461,False,False,False,False,-0.06641100578144178,-0.07484456593360403,False,False,False,False,2269778.0,2311023.1805068655,False,False,False,False,113710.37354227592,False,False,False,False
2025-08-25 14:00:00+00:00,43.165,43.165,42.81,42.835,104262.0,,,,,,,,43.319031163728575,43.40208970309273,43.36030536657862,42.84919232345944,42.83884605348238,44.750770146759635,45.883849492893575,45.91976723319805,46.8743991970362,,,,,,,,,43.36030536657862,46.8743991970362,44.355361186692136,,"rgba(38, 166, 154, 0.5)",0.6630466943733015,44.40149721427059,-2.3625745027674294,54.120376080719865,11.459660328844457,False,False,True,False,False,0.0,0.0,0.0,0.0,0.0,0,0.9084945883896359,1.0393571662840277,False,False,False,False,-0.14956618861036855,-0.11220537727198629,False,False,False,False,2165516.0,2308767.255227689,False,False,False,False,113563.88713076776,False,False,False,False
2025-08-25 15:00:00+00:00,42.835,42.97,42.805,42.865,61360.0,,,,,,,,43.22692021527583,43.31718401863033,43.35018955488516,42.84942414672845,42.83911435112653,44.7452930991335,45.87606740476147,45.91191764895477,46.8650399044302,,,,,,,,,43.35018955488516,46.8650399044302,44.33123892710292,,"rgba(239, 83, 80, 1.0)",0.6629164134124411,44.385459115525926,-2.293590993922114,48.42453309795315,6.468892931075594,False,True,False,True,False,0.0,0.0,0.0,0.0,0.0,0,0.9055126791620726,1.0491730981256893,False,False,False,False,-0.16241557941852605,-0.13731047834525617,False,False,False,False,2226876.0,2307497.623363694,False,False,False,False,112754.52453959305,False,False,False,False
2025-08-25 16:00:00+00:00,42.865,42.895,42.7,42.895,66274.0,,,,,,,,43.15359194505152,43.24439526879782,43.33861953341631,42.84926755009935,42.839050621466136,44.73925572595965,45.867567740319345,45.903345778815854,46.85485400173237,,,,,,,,,43.33861953341631,46.85485400173237,44.309994240628704,,"rgba(239, 83, 80, 1.0)",0.6622268398274345,44.37026962881844,-2.2277406171016407,45.068028802192536,3.577513045964764,False,True,False,True,False,0.0,0.0,0.0,0.0,0.0,0,0.8881459655485041,1.069696282864914,False,False,False,False,-0.16255622244210904,-0.1499333503936826,False,False,False,False,2293150.0,2307275.1795906136,False,False,False,False,112033.8962521575,False,False,False,False
2025-08-25 17:00:00+00:00,42.895,42.93,42.715,42.765,75156.0,,,,,,,,43.092922386215925,43.18049291611405,43.32545029046228,42.84885140499606,42.838769635442446,44.73236013466424,45.85790205513544,45.89359878223624,46.843288918729364,,,,,,,,,43.32545029046228,46.843288918729364,44.29040405822178,,"rgba(239, 83, 80, 1.0)",0.6622268398274345,44.355336058243935,-2.401497436525452,41.643157156688765,0.45242881807634916,False,True,False,True,False,0.0,0.0,0.0,0.0,0.0,0,0.8924866035799794,1.0581461634933305,False,False,False,False,-0.15902167975691658,-0.1544775150752996,False,False,False,False,2217994.0,2305890.9752558754,False,False,False,False,111462.14592266669,False,False,False,False
2025-08-25 18:00:00+00:00,42.765,42.815,42.7,42.725,77797.0,,,,,,,,43.04027779894949,43.12391535757452,43.311076589819876,42.84790202540433,42.838025663162625,44.72506561608898,45.84777631039746,45.88338979279856,46.83121983109196,,,,,,,,,43.311076589819876,46.83121983109196,44.272072109476426,,"rgba(239, 83, 80, 1.0)",0.6606044393021199,44.34067124974259,-2.445746885154796,38.998725331214956,-2.0880667440317566,False,True,False,True,False,0.0,0.0,0.0,0.0,0.0,0,0.889970231280055,1.0586214792763915,False,False,False,False,-0.16799011218818843,-0.16123381363174402,False,False,False,False,2140197.0,2303322.076414699,False,False,False,False,110940.20567580365,False,False,False,False
2025-08-25 19:00:00+00:00,42.725,42.79,42.61,42.73,205221.0,,,,,,,,42.94573323941174,43.017967493769916,43.274120725318795,42.844603134322824,42.835354610888054,44.70572615685843,45.82106701564941,45.8564634715099,46.79943856759049,,,,,,,,,43.274120725318795,46.79943856759049,44.23338604614661,,"rgba(239, 83, 80, 1.0)",0.6609140067548632,44.307587143891006,-2.3869779241585127,37.33211933365927,-3.878021250267956,False,True,False,True,False,0.0,0.0,0.0,0.0,0.0,0,0.893235158766682,1.0556833870225495,False,False,False,False,-0.17594605937904978,-0.1685899365053969,False,False,False,False,2345418.0,2303974.726392766,False,False,False,False,112401.92341726406,False,False,False,False
2025-08-26 14:00:00+00:00,43.095,43.13,42.65,42.65,80132.0,,,,,,,,42.93208706274785,42.99907066219444,43.26323980134931,42.84428290643688,42.835149729337694,44.698648484553395,45.81109222097209,45.84640348802993,46.7874619111835,,,,,,,,,43.26323980134931,46.7874619111835,44.22415958520057,,"rgba(239, 83, 80, 1.0)",0.660416657999028,44.29891656945205,-2.4967822199519305,35.396304257762765,-6.050792240773248,False,True,False,True,False,0.0,0.0,0.0,0.0,0.0,0,0.8935878386101268,1.0443479254771975,False,False,False,False,-0.14973506165766232,-0.1591624990815296,False,False,False,False,2265286.0,2303374.901177374,False,False,False,False,111901.6145270739,False,False,False,False
2025-08-26 15:00:00+00:00,42.655,42.705,42.37,42.38,83642.0,,,,,,,,42.889625457788114,42.95453762086652,43.24465033286831,42.84084555700277,42.83222105968762,44.69005532717024,45.799630835051374,45.83485710393079,46.774021873197746,,,,,,,,,43.24465033286831,46.774021873197746,44.20671612972927,,"rgba(239, 83, 80, 1.0)",0.6614986261761059,44.28358636732425,-2.877687559728154,31.83079968797967,-9.753514278986216,False,True,False,True,False,0.0,0.0,0.0,0.0,0.0,0,0.8854610337285598,1.065730401749741,False,False,False,False,-0.18706084439926757,-0.1731116717403986,False,False,False,False,2181644.0,2301487.600383926,False,False,False,False,111463.48096851462,False,False,False,False
2025-08-26 16:00:00+00:00,42.385,42.495,42.285,42.435,68151.0,,,,,,,,42.85481676125635,42.91830631656443,43.228620517681826,42.83747427384754,42.82932926536353,44.68285060615178,45.79012641623782,45.82528438306317,46.76292983085121,,,,,,,,,43.228620517681826,46.76292983085121,44.19219315233529,,"rgba(239, 83, 80, 1.0)",0.6634315785820739,44.27071225517186,-2.766995594474492,30.64022573625744,-11.249477456652706,False,True,False,True,False,0.0,0.0,0.0,0.0,0.0,0,0.8985473289597,1.0713448922211812,False,False,False,False,-0.20232706034559425,-0.18771936604299644,False,False,False,False,2249795.0,2300686.1647190587,False,False,False,False,110791.96963566943,False,False,False,False
2025-08-26 17:00:00+00:00,42.435,42.49,42.28,42.46,42497.0,,,,,,,,42.835748096164224,42.89823386230506,43.21898978937512,42.835422313742384,42.827566775111485,44.67839071407325,45.78423534297574,45.81935079901588,46.75604952078235,,,,,,,,,43.21898978937512,46.75604952078235,44.183776357060616,,"rgba(239, 83, 80, 1.0)",0.6607386120955522,44.2631470382062,-2.7289869324988647,30.410887509724656,-11.975742837420135,False,True,False,True,False,0.0,0.0,0.0,0.0,0.0,0,0.8999882752960489,1.062140930941494,False,False,False,False,-0.19383256057529608,-0.19077596330914626,False,False,False,False,2292292.0,2300556.0226303907,False,False,False,False,109733.13289713192,False,False,False,False
2025-08-26 18:00:00+00:00,42.455,42.485,42.34,42.345,54341.0,,,,,,,,42.812583686933365,42.87380438772704,43.206703791644124,42.832704981812014,42.825227628942216,44.67266321993284,45.776687793019285,45.811749151152156,46.74724293698032,,,,,,,,,43.206703791644124,46.74724293698032,44.17326306423816,,"rgba(239, 83, 80, 1.0)",0.6598419821759482,44.253628993740975,-2.892554649898036,29.171325389204945,-13.71391691071225,False,True,False,True,False,0.0,0.0,0.0,0.0,0.0,0,0.9105325443786982,1.0597633136094677,False,False,False,False,-0.17474282468781174,-0.18275939399847901,False,False,False,False,2237951.0,2299585.402124493,False,False,False,False,108874.34013903684,False,False,False,False
2025-08-26 19:00:00+00:00,42.345,42.57,42.285,42.525,300047.0,,,,,,,,42.73397024764934,42.78701290889468,43.15022160984194,42.82055964663421,42.81475622974881,44.64250187078427,45.73645960002851,45.7712220257867,46.70002049589227,,,,,,,,,43.15022160984194,46.70002049589227,44.12852495947342,,"rgba(239, 83, 80, 0.75)",0.6523222411559711,44.21149488122295,-2.5853708103441857,32.27498255590594,-13.71391691071225,False,True,False,True,True,0.0,0.0,0.0,0.0,0.0,0,0.9152642806352216,1.047049063759185,False,False,False,False,-0.17003370755874497,-0.176396550778612,False,False,False,False,2537998.0,2303281.7214713995,False,False,False,False,111838.25734618354,False,False,False,False
2025-08-27 14:00:00+00:00,42.79,42.86,42.465,42.53,103937.0,,,,,,,,42.725679352656066,42.77558766443728,43.13664062346461,42.81830235374028,42.81282460792587,44.63298887861461,45.72341353188148,45.758071334292545,46.684506022195194,,,,,,,,,43.13664062346461,46.684506022195194,44.118668263245326,,"rgba(239, 83, 80, 0.75)",0.6409680038679186,44.20154474660926,-2.6078442863330578,34.446633342194644,-13.71391691071225,False,True,False,True,True,0.0,0.0,0.0,0.0,0.0,0,0.9208812033637335,1.0394409570058039,False,False,False,False,-0.12191024384684984,-0.14915339731273092,False,False,False,False,2641935.0,2308532.1598981996,False,False,False,False,111715.75723228922,False,False,False,False
2025-08-27 15:00:00+00:00,42.525,42.77,42.51,42.77,94089.0,,,,,,,,42.72309842638189,42.77025782834641,43.12639948716558,42.81695218927317,42.81168201878317,44.62472938755981,45.71194262193116,45.74650541861447,46.6707857879849,,,,,,,,,43.12639948716558,46.6707857879849,44.1113725740045,,"rgba(239, 83, 80, 0.75)",0.6179625415048584,44.19393308406663,-2.3042385070769384,40.23267143061635,-16.505013820379702,False,True,False,True,True,0.0,0.0,0.0,0.0,0.0,0,0.9241289095017243,1.0406707099536212,False,False,False,False,-0.09705055206599299,-0.12310197468936196,False,False,False,False,2736024.0,2315159.940364894,False,False,False,False,111442.47417442428,False,False,False,False
2025-08-27 16:00:00+00:00,42.77,42.895,42.685,42.785,93417.0,,,,,,,,42.72682074926769,42.77123840476065,43.11898279379088,42.81667074024822,42.81147924539892,44.617037623658874,45.701030850033675,45.735498558327265,46.65761258550267,,,,,,,,,43.11898279379088,46.65761258550267,44.106263505665424,,"rgba(239, 83, 80, 0.75)",0.592105823571046,44.18822294378923,-2.369885395361021,44.32666891699748,-12.653110762875102,False,True,False,True,True,0.0,0.0,0.0,0.0,0.0,0,0.9366710479149241,1.0278408411996653,False,False,False,False,-0.05913287528938639,-0.09111742498937417,False,False,False,False,2829441.0,2323133.2901266785,False,False,False,False,111163.00945854172,False,False,False,False
2025-08-27 17:00:00+00:00,42.785,42.79,42.615,42.665,73386.0,,,,,,,,42.72524106490568,42.76791781613645,43.11171479625997,42.81569962946241,42.81065608391595,44.610717720295355,45.69222833115674,45.726622541207185,46.647065178001036,,,,,,,,,43.11171479625997,46.647065178001036,44.10087368459342,,"rgba(239, 83, 80, 0.5)",0.5753007282529439,44.18258828746216,-2.6379043393022075,45.00701144671211,-11.916551733418004,False,False,False,True,True,0.0,0.0,0.0,0.0,0.0,0,0.9380170243376094,1.026255844622947,False,False,False,False,-0.078188509924387,-0.08465296745688058,False,False,False,False,2756055.0,2329845.2546208384,False,False,False,False,110577.31938941704,False,False,False,False
2025-08-27 18:00:00+00:00,42.665,42.695,42.555,42.685,63232.0,,,,,,,,42.72238061989239,42.76373604770552,43.10499964047865,42.81457944541942,42.80969450316314,44.60517861536098,45.68457187360513,45.718903317297006,46.637919188700764,,,,,,,,,43.10499964047865,46.637919188700764,44.09577369462478,,"rgba(239, 83, 80, 0.5)",0.5621355115394976,44.177353242453606,-2.6547926822245342,45.844508637255075,-10.849883174888959,False,False,False,True,True,0.0,0.0,0.0,0.0,0.0,0,0.937109187109187,1.0266955266955269,False,False,False,False,-0.09511337594384517,-0.08988317170036288,False,False,False,False,2819287.0,2337433.498735244,False,False,False,False,109843.28342989119,False,False,False,False
2025-08-27 19:00:00+00:00,42.685,42.765,42.63,42.63,163191.0,,,,,,,,42.718388775539005,42.75657371227979,43.08960401590813,42.81225486889359,42.807706442358764,44.59124293132928,45.665181786565384,45.69935156190108,46.61468288295541,,,,,,,,,43.08960401590813,46.61468288295541,44.083887441970056,,"rgba(239, 83, 80, 0.5)",0.5472517331721282,44.164978544387985,-2.8048856702390426,45.41598823657472,-10.849883174888959,False,False,False,True,True,0.0,0.0,0.0,0.0,0.0,0,0.9339747444377631,1.0269392663860495,False,False,False,False,-0.06436701631023785,-0.07712509400530036,False,False,False,False,2656096.0,2342374.0026308214,False,False,False,False,110670.37981082311,False,False,False,False
2025-08-28 14:00:00+00:00,42.495,42.505,42.01,42.085,87658.0,,,,,,,,42.69594471253184,42.73344560618745,43.07281797583554,42.806826339960544,42.80292631592047,44.582005125347735,45.65323101278521,45.68731944654897,46.600822314124045,,,,,,,,,43.07281797583554,46.600822314124045,44.07059320547132,,"rgba(239, 83, 80, 1.0)",0.5353762085535023,44.15235517345167,-3.861499895629126,39.042605167410336,-4.487989678701062,False,True,False,True,False,0.0,0.0,0.0,0.0,0.0,0,0.9298623578695391,1.0293237582286057,False,False,False,False,-0.15976962477256793,-0.11844735938893414,False,False,False,False,2568438.0,2345878.8708070875,False,False,False,False,110313.59872848477,False,False,False,False
2025-08-28 15:00:00+00:00,42.085,42.22,42.08,42.18,45831.0,,,,,,,,42.684081227964846,42.72125170064871,43.06390054103115,42.80384166690999,42.800293065767235,44.57712296927802,45.646943444974795,45.68098969097178,46.593544509546135,,,,,,,,,43.06390054103115,46.593544509546135,44.06355209078808,,"rgba(239, 83, 80, 1.0)",0.5213104848572104,44.14566583024258,-3.770624008801557,36.6214287041567,-6.831996445993916,False,True,False,True,False,0.0,0.0,0.0,0.0,0.0,0,0.9332210323667428,1.0328480327277103,False,False,False,False,-0.1792509294155505,-0.1488491444022423,False,False,False,False,2614269.0,2350039.958081396,False,False,False,False,109313.86851564003,False,False,False,False
2025-08-28 16:00:00+00:00,42.175,42.28,42.145,42.265,35729.0,,,,,,,,42.676378281794776,42.71324090208854,43.05759769700122,42.80178481411105,42.79847794275856,44.57344039055602,45.642155537798445,45.676168656871276,46.587976712116024,,,,,,,,,43.05759769700122,46.587976712116024,44.05858010389955,,"rgba(239, 83, 80, 1.0)",0.5036151558736722,44.140896303411424,-3.7248607027266996,36.59157419119764,-7.07133989623614,False,True,False,True,False,0.0,0.0,0.0,0.0,0.0,0,0.946396013127507,1.0295368907256595,False,False,False,False,-0.16314791475352144,-0.15599852957788188,False,False,False,False,2649998.0,2354690.4703592034,False,False,False,False,108173.01784097894,False,False,False,False
2025-08-28 17:00:00+00:00,42.265,42.34,42.22,42.225,46195.0,,,,,,,,42.66747764224337,42.70391665687032,43.04989490089671,42.7992932847718,42.79627795529426,44.56876028633586,45.63604224129083,45.670012434508976,46.580851137711804,,,,,,,,,43.04989490089671,46.580851137711804,44.05250294888044,,"rgba(239, 83, 80, 1.0)",0.510765412206763,44.135031576474894,-3.739547609973427,36.13851406412377,-7.866650366966496,False,True,False,True,False,0.0,0.0,0.0,0.0,0.0,0,0.9451033133634917,1.0316664628927743,False,False,False,False,-0.14585011386794364,-0.15092432172291276,False,False,False,False,2603803.0,2358552.680121076,False,False,False,False,107212.11833956842,False,False,False,False
2025-08-28 18:00:00+00:00,42.225,42.345,42.18,42.275,58933.0,,,,,,,,42.65679578046516,42.69269425458656,43.040342868605485,42.796177156101955,42.793523379844274,44.56282998782797,45.62828677060963,45.662202294888374,46.57180521339771,,,,,,,,,43.040342868605485,46.57180521339771,44.04496196736969,,"rgba(239, 83, 80, 1.0)",0.5158619132228623,44.12772930868702,-3.591521803019037,36.864953780245536,-7.866650366966496,False,True,False,True,False,0.0,0.0,0.0,0.0,0.0,0,0.9421194322075378,1.0296133137542829,False,False,False,False,-0.15032600669398669,-0.15062516420844974,False,False,False,False,2662736.0,2363268.7005843148,False,False,False,False,106463.60487693945,False,False,False,False
2025-08-28 19:00:00+00:00,42.275,42.44,42.275,42.41,212979.0,,,,,,,,42.63203949708582,42.665727972242294,43.012256229690465,42.78745650508947,42.785801767812956,44.542649996889025,45.6014480598918,45.635164549233714,46.54024261311125,,,,,,,,,43.012256229690465,46.54024261311125,44.02253191011632,,"rgba(239, 83, 80, 0.75)",0.5184108861195774,44.1055419622152,-3.270652695792553,39.948336633968765,-7.866650366966496,False,True,False,True,True,0.0,0.0,0.0,0.0,0.0,0,0.9431790350232672,1.0284104824883664,False,False,False,False,-0.11748726381355304,-0.13405621401100137,False,False,False,False,2875715.0,2371213.6044512247,False,False,False,False,108115.00635171558,False,False,False,False
2025-08-29 14:00:00+00:00,42.2,42.2,41.775,42.005,194522.0,,,,,,,,42.58459734839763,42.6173508076512,42.974429584695514,42.772717518259974,42.77266934251922,44.52135293097205,45.57446497925937,45.60800982330157,46.50922350713034,,,,,,,,,42.974429584695514,46.50922350713034,43.99275731579854,,"rgba(239, 83, 80, 1.0)",0.5303100656844114,43.82024672651424,-3.4229912724200413,37.407018725203514,-7.866650366966496,False,True,False,True,False,0.0,0.0,0.0,0.0,0.0,0,0.9391760117016088,1.0257191613846905,False,False,False,False,-0.21670585345493848,-0.17538103373296993,False,False,False,False,2681193.0,2376019.486552756,False,False,False,False,109454.64966409208,False,False,False,False
2025-08-29 15:00:00+00:00,42.005,42.04,41.86,41.945,87446.0,,,,,,,,42.564038111567044,42.59639035714238,42.95758626300618,42.7658961403457,42.766573761299604,44.51172612162676,45.56231520008991,45.595783771501175,46.495278974207984,,,,,,,,,42.95758626300618,46.495278974207984,43.97950985564297,,"rgba(239, 83, 80, 1.0)",0.5442235315131932,43.80757434971684,-3.4224436134505587,35.20126904485216,-9.459482762125333,False,True,False,True,False,0.0,0.0,0.0,0.0,0.0,0,0.9427769643728646,1.0225719863347977,False,False,False,False,-0.22696776541148753,-0.2011743995722287,False,False,False,False,2593747.0,2379395.106916279,False,False,False,False,109113.43028945499,False,False,False,False
2025-08-29 16:00:00+00:00,41.945,42.09,41.85,42.05,59962.0,,,,,,,,42.55173950896534,42.583777331395815,42.946890744715205,42.76155626380542,42.7626896753918,44.505290197286755,45.55414179824022,45.587557899495756,46.48586745896756,,,,,,,,,42.946890744715205,46.48586745896756,43.97105676425154,,"rgba(239, 83, 80, 1.0)",0.5548540348600158,43.80005883484567,-3.1540886880045793,35.70274941827529,-9.459482762125333,False,True,False,True,False,0.0,0.0,0.0,0.0,0.0,0,0.9544500678928527,1.0212319466732505,False,False,False,False,-0.22148902847574203,-0.21133171402398537,False,False,False,False,2653709.0,2383648.03549122,False,False,False,False,108351.39261054872,False,False,False,False
2025-08-29 17:00:00+00:00,42.045,42.205,41.99,42.155,63766.0,,,,,,,,42.541936355790746,42.573558654108844,42.93717865290857,42.757710151035404,42.75924230595413,44.498807687122955,45.545782697395786,45.57914228643632,46.47616837097673,,,,,,,,,42.93717865290857,46.47616837097673,43.96328079574772,,"rgba(239, 83, 80, 0.75)",0.562966923324272,43.7940193372191,-2.911395446717946,37.88793293105073,-9.459482762125333,False,True,False,True,True,0.0,0.0,0.0,0.0,0.0,0,0.9578700271806276,1.0069187052137387,False,False,False,False,-0.1868534586905384,-0.1990925863572619,False,False,False,False,2717475.0,2388823.6473440696,False,False,False,False,107660.14621348595,False,False,False,False
2025-08-29 18:00:00+00:00,42.155,42.18,42.02,42.035,100389.0,,,,,,,,42.52605424764871,42.557070611511925,42.921647496195966,42.75139060882469,42.753569570441584,44.488509961311145,45.53255855236445,45.565829912808745,46.46085221976935,,,,,,,,,42.921647496195966,46.46085221976935,43.950831464541835,,"rgba(239, 83, 80, 0.75)",0.5735515795592012,43.78340351600583,-3.0483806135614855,37.916970584735,-9.459482762125333,False,True,False,True,True,0.0,0.0,0.0,0.0,0.0,0,0.9607989083240293,1.007071082992185,False,False,False,False,-0.18617899890332007,-0.192635792630291,False,False,False,False,2617086.0,2392362.5985480375,False,False,False,False,107547.41526443965,False,False,False,False
2025-08-29 19:00:00+00:00,42.035,42.175,42.01,42.14,186473.0,,,,,,,,42.501063135757036,42.53093530445346,42.895215593149494,42.740468297836735,42.74373664420056,44.46984782814909,45.5084714882123,45.54157934891928,46.432876531525025,,,,,,,,,42.895215593149494,46.432876531525025,43.92935490802255,,"rgba(239, 83, 80, 0.75)",0.580237540671098,43.7649508324899,-2.800492416623882,39.81203034111694,-9.459482762125333,False,True,False,True,True,0.0,0.0,0.0,0.0,0.0,0,0.9605279541775616,1.0068484622089406,False,False,False,False,-0.18820288320758835,-0.19041933791893967,False,False,False,False,2803559.0,2398737.7365550445,False,False,False,False,108771.06774095997,False,False,False,False
2025-09-01 14:00:00+00:00,42.14,42.14,42.14,42.14,0.0,,,,,,,,42.501063135757036,42.53093530445346,42.895215593149494,42.740468297836735,42.74373664420056,44.46984782814909,45.5084714882123,45.54157934891928,46.432876531525025,,,,,,,,,42.895215593149494,46.432876531525025,43.92935490802255,,"rgba(239, 83, 80, 0.75)",0.5876065975752436,43.7649508324899,-2.765372000919075,41.075403512038235,-13.359121117657729,False,True,False,True,True,0.0,0.0,0.0,0.0,0.0,0,0.964788732394366,1.0084255533199198,False,False,False,False,-0.175409953413387,-0.18291464566616333,False,False,False,False,2803559.0,2405014.035213106,False,False,False,False,107084.69459768927,False,False,False,False
2025-09-01 15:00:00+00:00,42.14,42.14,42.14,42.14,0.0,,,,,,,,42.501063135757036,42.53093530445346,42.895215593149494,42.740468297836735,42.74373664420056,44.46984782814909,45.5084714882123,45.54157934891928,46.432876531525025,,,,,,,,,42.895215593149494,46.432876531525025,43.92935490802255,,"rgba(239, 83, 80, 0.5)",0.5924123229312515,43.7649508324899,-2.7429389457154727,41.917652292652434,-12.315907746322914,False,False,False,True,True,0.0,0.0,0.0,0.0,0.0,0,0.9675737538148523,1.0064852492370298,False,False,False,False,-0.175409953413387,-0.17916229953977517,False,False,False,False,2803559.0,2411193.026915228,False,False,False,False,105424.46677446929,False,False,False,False
2025-09-01 16:00:00+00:00,42.14,42.14,42.14,42.14,0.0,,,,,,,,42.501063135757036,42.53093530445346,42.895215593149494,42.740468297836735,42.74373664420056,44.46984782814909,45.5084714882123,45.54157934891928,46.432876531525025,,,,,,,,,42.895215593149494,46.432876531525025,43.92935490802255,,"rgba(239, 83, 80, 0.5)",0.5959861764529137,43.7649508324899,-2.726490809167755,42.479151479728564,-11.51259873833419,False,False,False,True,True,0.0,0.0,0.0,0.0,0.0,0,0.9757544493164817,1.0007737941707509,False,False,False,False,-0.175409953413387,-0.1772861264765811,False,False,False,False,2803559.0,2417276.220296387,False,False,False,False,103789.97891750076,False,False,False,False
2025-09-01 17:00:00+00:00,42.14,42.14,42.14,42.14,0.0,,,,,,,,42.501063135757036,42.53093530445346,42.895215593149494,42.740468297836735,42.74373664420056,44.46984782814909,45.5084714882123,45.54157934891928,46.432876531525025,,,,,,,,,42.895215593149494,46.432876531525025,43.92935490802255,,"rgba(239, 83, 80, 0.5)",0.6017486006455017,43.7649508324899,-2.7003815725484035,42.85348427111265,-10.861270931981942,False,False,False,True,True,0.0,0.0,0.0,0.0,0.0,0,0.9698787325596557,1.0031294823314647,False,False,False,False,-0.175409953413387,-0.17634803994498405,False,False,False,False,2803559.0,2423265.100601869,False,False,False,False,102180.8319575395,False,False,False,False
2025-09-01 18:00:00+00:00,42.14,42.14,42.14,42.14,0.0,,,,,,,,42.501063135757036,42.53093530445346,42.895215593149494,42.740468297836735,42.74373664420056,44.46984782814909,45.5084714882123,45.54157934891928,46.432876531525025,,,,,,,,,42.895215593149494,46.432876531525025,43.92935490802255,,"rgba(239, 83, 80, 0.5)",0.6013113897040605,43.7649508324899,-2.702345008448338,43.10303946536871,-10.310804239448075,False,False,False,True,True,0.0,0.0,0.0,0.0,0.0,0,0.9743859188230657,0.9946144752397218,False,False,False,False,-0.175409953413387,-0.17587899667918552,False,False,False,False,2803559.0,2429161.130049902,False,False,False,False,100596.63301246136,False,False,False,False
2025-09-01 19:00:00+00:00,42.14,42.14,42.14,42.14,0.0,,,,,,,,42.501063135757036,42.53093530445346,42.895215593149494,42.740468297836735,42.74373664420056,44.46984782814909,45.5084714882123,45.54157934891928,46.432876531525025,,,,,,,,,42.895215593149494,46.432876531525025,43.92935490802255,,"rgba(239, 83, 80, 0.5)",0.6048359020998254,43.7649508324899,-2.686597847198744,43.269409594872755,-9.831934015803974,False,False,False,True,True,0.0,0.0,0.0,0.0,0.0,0,0.9763415278879195,0.991276764472641,False,False,False,False,-0.175409953413387,-0.17564447504628627,False,False,False,False,2803559.0,2434965.748188663,False,False,False,False,99036.99529133792,False,False,False,False
2025-09-02 14:00:00+00:00,42.03,42.15,41.71,41.865,150094.0,,,,,,,,42.473831248462496,42.50305505640314,42.87005804871008,42.72924530094505,42.73361356009198,44.45378344473209,45.4882023140715,45.52118277050863,46.40958912192223,,,,,,,,,42.87005804871008,46.40958912192223,43.90917342953858,,"rgba(239, 83, 80, 1.0)",0.6149551364288789,43.7453543712195,-3.057709839028175,38.2722590349151,-8.450736103089113,False,True,False,True,False,0.0,0.0,0.0,0.0,0.0,0,0.9635957418846102,0.9923774477592326,False,False,False,False,-0.23245993165257,-0.20405220334942814,False,False,False,False,2653465.0,2438353.3334880634,False,False,False,False,99828.57675968927,False,False,False,False
2025-09-02 15:00:00+00:00,41.865,41.905,41.6,41.72,138940.0,,,,,,,,42.4439632912288,42.47274987325966,42.84404463228935,42.7170676859307,42.72261021757017,44.43812943375179,45.468777665224195,45.50164335230622,46.38745461819302,,,,,,,,,42.84404463228935,46.38745461819302,43.88849341886154,,"rgba(239, 83, 80, 1.0)",0.6291606878783929,43.72456864647882,-3.1860996484673496,33.31472993074523,-12.931169290477634,False,True,False,True,False,0.0,0.0,0.0,0.0,0.0,0,0.961714960010489,0.997639963288318,False,False,False,False,-0.28185379754434464,-0.2429530004468864,False,False,False,False,2514525.0,2439534.2895580158,False,False,False,False,100434.95541457781,False,False,False,False
2025-09-02 16:00:00+00:00,41.715,41.81,41.47,41.55,148921.0,,,,,,,,42.40902622081067,42.43744938209328,42.81428713994384,42.702626891399085,42.70953723146657,44.42074075083307,45.44745237475857,45.48019779982318,46.36329613419768,,,,,,,,,42.81428713994384,46.36329613419768,43.864957102813996,,"rgba(239, 83, 80, 1.0)",0.6468264314581417,43.463046705926885,-2.957588949502735,28.56391634825978,-17.051724159125556,False,True,False,True,False,0.0,0.0,0.0,0.0,0.0,0,0.9588034636578323,1.0035423773287853,False,False,False,False,-0.3138536070315357,-0.27840330373921107,False,False,False,False,2365604.0,2438388.0835183566,False,False,False,False,101186.67703605721,False,False,False,False
2025-09-02 17:00:00+00:00,41.555,41.77,41.55,41.71,88654.0,,,,,,,,42.391206200107,42.41935902291334,42.79818753520215,42.694721371769724,42.702362711836976,44.41073340497349,45.435087407043504,45.467760927363244,46.349230131128046,,,,,,,,,42.79818753520215,46.349230131128046,43.852072079148606,,"rgba(239, 83, 80, 1.0)",0.6515063833670469,43.45230323472748,-2.6742688624524154,29.823039717980368,-17.051724159125556,False,True,False,True,False,0.0,0.0,0.0,0.0,0.0,0,0.9520115698133051,1.011701288456482,False,False,False,False,-0.3081208015450123,-0.2932620526421117,False,False,False,False,2454258.0,2438634.128735126,False,False,False,False,100992.37196573074,False,False,False,False
2025-09-02 18:00:00+00:00,41.715,41.77,41.625,41.725,67075.0,,,,,,,,42.37883185524618,42.40676376183027,42.786624101909666,42.68899448382363,42.697157245738886,44.40329283563935,45.42586015776482,45.45847922401612,46.33871183918078,,,,,,,,,42.786624101909666,46.33871183918078,43.84274616723886,,"rgba(239, 83, 80, 0.75)",0.6552395683201176,43.44455168743569,-2.624309902169403,31.04606539909852,-17.051724159125556,False,True,False,True,True,0.0,0.0,0.0,0.0,0.0,0,0.954461700447486,1.0081600421163466,False,False,False,False,-0.2974241639769888,-0.29534310830955024,False,False,False,False,2521333.0,2439916.281777992,False,False,False,False,100466.52123757987,False,False,False,False
2025-09-02 19:00:00+00:00,41.725,41.895,41.725,41.76,232250.0,,,,,,,,42.344343062740606,42.37139082268253,42.75147770960866,42.671372825099205,42.68108707856245,44.378660852861394,45.394996635327,45.42742615538657,46.30333175977071,,,,,,,,,42.75147770960866,46.30333175977071,43.813787433559895,,"rgba(239, 83, 80, 0.75)",0.6580549211727861,43.42198471232964,-2.5256018287465283,32.80895709160063,-17.051724159125556,False,True,False,True,True,0.0,0.0,0.0,0.0,0.0,0,0.958904109589041,1.0034246575342467,False,False,False,False,-0.2657167168575702,-0.2805299125835602,False,False,False,False,2753583.0,2444779.331672907,False,False,False,False,102509.67594707475,False,False,False,False
2025-09-03 14:00:00+00:00,42.13,42.13,41.735,41.865,89603.0,,,,,,,,42.334691609843475,42.36134961982585,42.74014522198341,42.665637167880945,42.67583370995861,44.36970482523453,45.38361028399489,45.41596607158011,46.290178077580954,,,,,,,,,42.74014522198341,46.290178077580954,43.80412406532031,,"rgba(239, 83, 80, 0.75)",0.6562211435100455,43.415207470147195,-2.362324782550171,36.6595634648377,-18.558842508295864,False,True,False,True,True,0.0,0.0,0.0,0.0,0.0,0,0.9608667104399211,0.997767564018385,False,False,False,False,-0.2317726634502958,-0.256151288016928,False,False,False,False,2843186.0,2450956.1792438696,False,False,False,False,102309.57244401933,False,False,False,False
2025-09-03 15:00:00+00:00,41.865,42.03,41.695,41.735,58678.0,,,,,,,,42.32730941538521,42.35374282691964,42.73210110511673,42.6614858557423,42.672032312620075,44.36366163748907,45.37600182080403,45.408310008313514,46.28143065225828,,,,,,,,,42.73210110511673,46.28143065225828,43.7973417371832,,"rgba(239, 83, 80, 0.75)",0.6536369146679666,43.40962092887704,-2.5620048245404123,37.0179871887771,-18.18019807238802,False,True,False,True,True,0.0,0.0,0.0,0.0,0.0,0,0.9565388139808875,1.0020945149888731,False,False,False,False,-0.25110023362258993,-0.25362576081975896,False,False,False,False,2784508.0,2456127.525302104,False,False,False,False,101633.11395651515,False,False,False,False
2025-09-03 16:00:00+00:00,41.735,41.845,41.705,41.785,48716.0,,,,,,,,42.320849197679934,42.34710753604457,42.725228518478595,42.657901039316734,42.66874876834709,44.35858431846332,45.36963599037039,45.401904949877604,46.27412669740414,,,,,,,,,42.725228518478595,46.27412669740414,43.79156522399805,,"rgba(239, 83, 80, 0.5)",0.6447790528758429,43.404621106473826,-2.511900936064838,38.51688609373413,-16.61032039182028,False,False,False,True,True,0.0,0.0,0.0,0.0,0.0,0,0.9537159481618618,1.0208939434012168,False,False,False,False,-0.27552267484755866,-0.2645742178336588,False,False,False,False,2833224.0,2461973.982274165,False,False,False,False,100812.6935850963,False,False,False,False
2025-09-03 17:00:00+00:00,41.785,41.86,41.715,41.745,37199.0,,,,,,,,42.315973182411064,42.34209939832561,42.72001965081756,42.655167798365426,42.66624370262579,44.35471325472065,45.36478351417226,45.39702258926263,46.26855922707259,,,,,,,,,42.72001965081756,46.26855922707259,43.78717581308596,,"rgba(239, 83, 80, 0.5)",0.6357200500081965,43.40080102129904,-2.604607202931058,38.799266030362,-16.105663773042167,False,False,False,True,True,0.0,0.0,0.0,0.0,0.0,0,0.9585893668180603,1.0187015762757148,False,False,False,False,-0.2720147018820529,-0.2682944598578558,False,False,False,False,2796025.0,2467153.0678203017,False,False,False,False,99826.43476982349,False,False,False,False
2025-09-03 18:00:00+00:00,41.75,41.81,41.645,41.735,66576.0,,,,,,,,42.30678001879395,42.332684583967215,42.71041786874291,42.65007966245396,42.66157924891988,44.347698158840316,45.356027132914086,45.38821312311246,46.25853356962626,,,,,,,,,42.71041786874291,46.25853356962626,43.77911259637456,,"rgba(239, 83, 80, 0.5)",0.6218777000940906,43.393527599653986,-2.666967475120992,38.79908571944495,-15.7674078463386,False,False,False,True,True,0.0,0.0,0.0,0.0,0.0,0,0.9575692678356309,1.011511176549324,False,False,False,False,-0.28891431643097165,-0.27860438814441374,False,False,False,False,2729449.0,2471219.671419987,False,False,False,False,99310.92415323708,False,False,False,False
2025-09-03 19:00:00+00:00,41.735,41.805,41.705,41.795,129653.0,,,,,,,,42.29081664995125,42.31627164526197,42.692954156309845,42.64073593804409,42.65299594632955,44.33434220920016,45.33927409272291,45.371356602167644,46.23929994425072,,,,,,,,,42.692954156309845,46.23929994425072,43.76422746491535,,"rgba(239, 83, 80, 0.5)",0.6095423478925115,43.38054758987382,-2.60120990010922,40.60174206816269,-13.745758197784092,True,False,False,True,True,0.0,0.0,0.0,0.0,0.0,0,0.9613059250302294,1.0094048098884858,False,False,False,False,-0.2811492599228522,-0.279876824033633,False,False,False,False,2859102.0,2477233.350932855,False,False,False,False,99781.34393380705,False,False,False,False
2025-09-04 14:00:00+00:00,41.39,41.455,41.195,41.335,87656.0,,,,,,,,42.27190387338492,42.2972210141245,42.676063415516076,42.631400339081026,42.644445762482896,44.32385563496991,45.326651322702325,45.358667994071375,46.22511898474982,,,,,,,,,42.676063415516076,46.22511898474982,43.750592037898095,,"rgba(239, 83, 80, 1.0)",0.6048726692010372,43.36585192768856,-3.357486676280259,35.42998325118501,-10.019396323703837,False,True,False,True,False,0.0,0.0,0.0,0.0,0.0,0,0.9593474190960147,1.0073549077293396,False,False,False,False,-0.34282825441539394,-0.31135253922451345,False,False,False,False,2771446.0,2481794.7873525005,False,False,False,False,99593.35410537593,False,False,False,False
2025-09-04 15:00:00+00:00,41.335,41.5,41.295,41.415,78419.0,,,,,,,,42.256898784883106,42.28206189607146,42.66212446649835,42.623634617376794,42.63732018026007,44.31476926813727,45.31563642252069,45.34759377836555,46.21269486262745,,,,,,,,,42.66212446649835,46.21269486262745,43.73919269741564,,"rgba(239, 83, 80, 1.0)",0.6030498687045586,43.35411428119036,-3.215512318004266,33.930436387753325,-11.421016415931604,False,True,False,True,False,0.0,0.0,0.0,0.0,0.0,1,0.9573472389356862,1.0048134777376654,False,False,False,False,-0.3234068623379077,-0.3173797007812106,False,False,False,False,2849865.0,2487501.302277268,False,False,False,False,99265.06954560264,False,False,False,False
2025-09-04 16:00:00+00:00,41.415,41.465,41.155,41.175,109554.0,,,,,,,,42.23352383342119,42.25852354236066,42.6410701458666,42.61173728532897,42.62640069570726,44.30157090404747,45.29981093185054,45.331687175118084,46.19494859033237,,,,,,,,,42.6410701458666,46.19494859033237,43.72214145600368,,"rgba(239, 83, 80, 1.0)",0.6150601157174697,43.3360894814953,-3.513623182954051,30.78166151870716,-14.378182552355241,False,True,False,True,False,0.0,0.0,0.0,0.0,0.0,0,0.9578200321371181,1.0058918050348151,False,False,False,False,-0.34282825441539394,-0.33010397759830223,False,False,False,False,2740311.0,2491420.8324745195,False,False,False,False,99424.5878472212,False,False,False,False
2025-09-04 17:00:00+00:00,41.175,41.455,41.14,41.395,122086.0,,,,,,,,42.21040305113181,42.23517819133362,42.61941620805535,42.59935028872247,42.61500634489826,44.28730867509574,45.282601971676534,45.31438739978106,46.17558046135339,,,,,,,,,42.61941620805535,46.17558046135339,43.70435917689425,,"rgba(239, 83, 80, 0.75)",0.6204858819749011,43.31803850255666,-3.099246184999332,33.13593171876114,-14.378182552355241,False,True,False,True,True,0.0,0.0,0.0,0.0,0.0,0,0.958467309753483,1.0042872454448017,False,False,False,False,-0.34282825441539394,-0.33646611600684806,False,False,False,False,2862397.0,2497172.4009632864,False,False,False,False,99775.9275705201,False,False,False,False
2025-09-04 18:00:00+00:00,41.395,41.42,41.155,41.245,145013.0,,,,,,,,42.18276088387534,42.207286574217186,42.59351700583606,42.58430154541842,42.601144288835165,44.27022374363004,45.26206385696484,45.29374269505038,46.152507845394254,,,,,,,,,42.59351700583606,46.152507845394254,43.6830609376913,,"rgba(239, 83, 80, 0.75)",0.6321143057200467,43.2964537245678,-3.2453841117089923,33.198088648926685,-14.378182552355241,False,True,False,True,True,0.0,0.0,0.0,0.0,0.0,0,0.9558587479935791,1.0048154093097914,False,False,False,False,-0.34282825441539394,-0.339647185211121,False,False,False,False,2717384.0,2500586.534281685,False,False,False,False,100477.27753066707,False,False,False,False
2025-09-04 19:00:00+00:00,41.245,41.485,41.175,41.41,313418.0,,,,,,,,42.13324951013762,42.1571192132757,42.5441366488538,42.554910610751605,42.57396151639778,44.234960226197096,45.21929814646787,45.25074592824204,46.104214423784754,,,,,,,,,42.5441366488538,46.104214423784754,43.641399580456465,,"rgba(239, 83, 80, 0.75)",0.6385401283364555,43.256249829152395,-2.8913606948435735,36.10268906336012,-18.85024051295231,False,True,False,True,True,0.0,0.0,0.0,0.0,0.0,0,0.9545697487974341,1.006680919294495,False,False,False,False,-0.3315671052676594,-0.3356071452393902,False,False,False,False,3030802.0,2508806.929099023,False,False,False,False,103778.6840805792,False,False,False,False
2025-09-05 14:00:00+00:00,41.83,41.89,41.145,41.255,113305.0,,,,,,,,42.11833528928601,42.14193982942572,42.52828489846825,42.54525800280623,42.564999055005224,44.22274060231534,45.20435649711372,45.23572059755504,46.087260164388645,,,,,,,,,42.52828489846825,46.087260164388645,43.62765499292935,,"rgba(239, 83, 80, 0.75)",0.648158597542306,43.0207702032035,-2.7242872499091413,36.365027490264765,-18.43972664760799,False,True,False,True,True,0.0,0.0,0.0,0.0,0.0,0,0.9507097791798105,0.9959253417455309,False,False,False,False,-0.2827990902747301,-0.30920311775706016,False,False,False,False,2917497.0,2515143.2092680302,False,False,False,False,103926.37890103534,False,False,False,False
2025-09-05 15:00:00+00:00,41.255,41.39,40.98,40.99,189488.0,,,,,,,,42.084140183457194,42.10746494286299,42.49555465378586,42.525094552895155,42.54631105743342,44.200298857344094,45.177599242548595,45.208829562134234,46.057310410264066,,,,,,,,,42.49555465378586,46.057310410264066,43.60028927363618,,"rgba(239, 83, 80, 0.75)",0.6637024189358831,42.98516658414597,-3.006116185842488,34.23670925346492,-18.43972664760799,False,True,False,True,True,0.0,0.0,0.0,0.0,0.0,0,0.9486238532110087,1.0115334207077327,False,False,False,False,-0.34282825441539394,-0.32601568608622705,False,False,False,False,2728009.0,2518443.45408558,False,False,False,False,105252.91566225959,False,False,False,False
2025-09-05 16:00:00+00:00,40.995,41.085,40.84,40.94,261627.0,,,,,,,,42.03315213096342,42.05617471821069,42.44765642716329,42.49501324887098,42.51839432485078,44.16821022966954,45.13974731523586,45.17079816324549,46.01518505243007,,,,,,,,,42.44765642716329,46.01518505243007,43.560481290071124,,"rgba(239, 83, 80, 1.0)",0.6767873100638818,42.94037026267523,-2.9556852395568978,32.435705425165644,-18.43972664760799,False,True,False,True,False,0.0,0.0,0.0,0.0,0.0,0,0.9483030781373321,1.0182846619310708,False,False,False,False,-0.34282825441539394,-0.3344219702508105,False,False,False,False,2466382.0,2517636.299758672,False,False,False,False,107677.32007059666,False,False,False,False
2025-09-05 17:00:00+00:00,40.935,40.945,40.735,40.745,177044.0,,,,,,,,41.996834393376844,42.01969272643964,42.41387617595512,42.473425479177706,42.498331394562875,44.14587850567883,45.11363111562883,45.14456363813201,45.986256216621754,,,,,,,,,42.41387617595512,45.986256216621754,43.53249884950819,,"rgba(239, 83, 80, 1.0)",0.6964694621533335,42.90968988102627,-3.1080901585168075,29.854227926052616,-15.436849999051937,False,True,False,True,False,0.0,0.0,0.0,0.0,0.0,0,0.9463530655391117,1.0208773784355178,False,False,False,False,-0.34282825441539394,-0.3386251123331022,False,False,False,False,2289338.0,2514096.7912352816,False,False,False,False,108752.77247260291,False,False,False,False
2025-09-05 18:00:00+00:00,40.74,41.035,40.73,41.035,136433.0,,,,,,,,41.973076323244065,41.99575654208481,42.39073340694143,42.45838375841662,42.484308879028035,44.12950779328872,45.094297526742906,45.12513776729007,45.964714456855404,,,,,,,,,42.39073340694143,45.964714456855404,43.512879605988005,,"rgba(239, 83, 80, 0.75)",0.70158030754032,42.89054987538917,-2.644814649793365,32.99781847194539,-15.436849999051937,False,True,False,True,True,0.0,0.0,0.0,0.0,0.0,0,0.9451414842498661,1.0273625200213563,False,False,False,False,-0.33312118497378457,-0.3358731486534434,False,False,False,False,2425771.0,2512727.3991231066,False,False,False,False,109181.92328698117,False,False,False,False
2025-09-05 19:00:00+00:00,41.035,41.075,40.96,41.06,194404.0,,,,,,,,41.944034170250234,41.96640982926759,42.36112234567637,42.43880107661638,42.46599641021315,44.107176124898885,45.06769972513859,45.098407471465585,45.93492864963986,,,,,,,,,42.36112234567637,45.93492864963986,43.48717508924074,,"rgba(239, 83, 80, 0.75)",0.7037447965982986,42.86737093744567,-2.5682192553067296,35.46688494309538,-19.53799219124911,False,True,False,True,True,0.0,0.0,0.0,0.0,0.0,0,0.9505043712172156,1.0192333557498319,False,False,False,False,-0.30267501090285776,-0.3192740797781506,False,False,False,False,2620175.0,2514393.2534002676,False,False,False,False,110503.19579415975,False,False,False,False
2025-09-08 14:00:00+00:00,39.835,39.895,39.565,39.695,281258.0,,,,,,,,41.84894016013259,41.87158199884028,42.28036223584935,42.38583011048246,42.41678090917863,44.06187533836216,45.01750637675879,45.04805552126344,45.8810931213458,,,,,,,,,42.28036223584935,45.8810931213458,43.42355841913483,,"rgba(239, 83, 80, 1.0)",0.7537175313853056,42.78729922046328,-4.102729592583242,29.958517873042517,-14.591514251066044,False,True,False,True,False,0.0,0.0,0.0,0.0,0.0,0,0.9440904953842149,1.0110518788193992,False,False,False,False,-0.34282825441539394,-0.3310511670967723,False,False,False,False,2338917.0,2511672.6913320464,False,False,False,False,113150.55709967665,False,False,False,False
2025-09-08 15:00:00+00:00,39.695,40.02,39.47,39.835,236056.0,,,,,,,,41.777145496207254,41.79989547862324,42.21771282652711,42.34385003412162,42.37765493314886,44.025057298593204,44.97654389596659,45.00695923792921,45.83703308570441,,,,,,,,,42.21771282652711,45.83703308570441,43.37353914298017,,"rgba(239, 83, 80, 1.0)",0.791696678426197,42.728981431679635,-3.655416917287743,27.846718047541188,-16.425274734462853,False,True,False,True,False,0.0,0.0,0.0,0.0,0.0,0,0.939538481371664,1.0104421812556401,False,False,False,False,-0.34027200426212645,-0.33566158567944937,False,False,False,False,2574973.0,2512654.0914664334,False,False,False,False,115056.06784231731,False,False,False,False
2025-09-08 16:00:00+00:00,39.835,39.88,39.695,39.81,214536.0,,,,,,,,41.71668613726485,41.739471088943056,42.16387667087682,42.30713926708273,42.34335342763116,43.99229499452411,44.94000810766875,44.970301891258295,45.79766802894012,,,,,,,,,42.16387667087682,45.79766802894012,43.3300888460211,,"rgba(239, 83, 80, 1.0)",0.8300626373849295,42.680518203179446,-3.4581946878405065,26.348539928546085,-17.82481015133139,False,True,False,True,False,0.0,0.0,0.0,0.0,0.0,0,0.953902090637579,1.013894299441631,False,False,False,False,-0.33305236991622,-0.3343569777978347,False,False,False,False,2360437.0,2510294.1365599767,False,False,False,False,116598.39237189379,False,False,False,False
2025-09-08 17:00:00+00:00,39.805,39.805,39.615,39.625,108683.0,,,,,,,,41.68571917933526,41.70852502804974,42.13624479304569,42.28812144377798,42.32556437235819,43.97544772510103,44.92129176649397,44.95152514198227,45.77754813276195,,,,,,,,,42.13624479304569,45.77754813276195,43.30777639810068,,"rgba(239, 83, 80, 1.0)",0.8748280500290105,42.655783528869314,-3.464433414965157,24.67131128734224,-19.50425059585875,False,True,False,True,False,0.0,0.0,0.0,0.0,0.0,0,0.9562898399895923,1.0081956550019513,False,False,False,False,-0.34282825441539394,-0.3385926161066143,False,False,False,False,2251754.0,2506285.7623497443,False,False,False,False,116475.67311031403,False,False,False,False
2025-09-08 18:00:00+00:00,39.625,39.66,39.34,39.365,141504.0,,,,,,,,41.64238189561582,41.66524878621396,42.09793885578379,42.26165174831037,42.30080112558161,43.952561553125356,44.89607646886934,44.92623395695452,45.75058308335638,,,,,,,,,42.09793885578379,45.75058308335638,43.27705305264569,,"rgba(239, 83, 80, 1.0)",0.9239411616930564,42.62124552343962,-3.5242996615420603,22.692569721196815,-21.519511084188643,False,True,False,True,False,0.0,0.0,0.0,0.0,0.0,0,0.9510735198438512,1.0117111255692908,False,False,False,False,-0.34282825441539394,-0.3407104352610041,False,False,False,False,2110250.0,2500145.673010988,False,False,False,False,116863.70918612312,False,False,False,False
2025-09-08 19:00:00+00:00,39.365,39.65,39.23,39.65,588234.0,,,,,,,,41.48303860708313,41.50591407394987,41.952858268790386,42.158776596144754,42.20418510782811,43.86098987254097,44.794737583395076,44.82457838608646,45.641869604469846,,,,,,,,,41.952858268790386,45.641869604469846,43.15854978892096,,"rgba(239, 83, 80, 1.0)",0.9587709239881701,42.49418201335785,-2.9664875542188898,24.89343487902037,-21.519511084188643,False,True,False,True,False,0.0,0.0,0.0,0.0,0.0,0,0.9523007128969534,1.0064808813998705,False,False,False,False,-0.34282825441539394,-0.341769344838199,False,False,False,False,2698484.0,2503220.6858325233,False,False,False,False,124171.77571036926,False,False,False,False
2025-09-09 14:00:00+00:00,39.595,39.7,39.35,39.365,120122.0,,,,,,,,41.45280732733619,41.47566014885911,41.92477520488621,42.1384168765887,42.18500300099446,43.84259174924471,44.77436374494345,44.80414054884761,45.61999763488998,,,,,,,,,41.92477520488621,45.61999763488998,43.13530624851004,,"rgba(239, 83, 80, 1.0)",0.9987607772087044,42.46991724556047,-3.108769703830341,25.115203891520874,-21.519511084188643,False,True,False,True,False,0.0,0.0,0.0,0.0,0.0,0,0.964531635702221,1.0003897622450304,False,False,False,False,-0.32929805655036876,-0.3355337006942839,False,False,False,False,2578362.0,2504385.6674475227,False,False,False,False,124108.98849005345,False,False,False,False
2025-09-09 15:00:00+00:00,39.365,39.52,39.25,39.255,146834.0,,,,,,,,41.41472015525952,41.43755788592493,41.889524848528566,42.11275193250996,42.16081195000645,43.81964810877019,44.749064764147036,44.77876496081552,45.59291075529544,,,,,,,,,41.889524848528566,45.59291075529544,43.10619504013974,,"rgba(239, 83, 80, 1.0)",1.0379664934100172,42.439327234474476,-3.067851664472373,24.815986178163236,-21.519511084188643,False,True,False,True,False,0.0,0.0,0.0,0.0,0.0,0,0.962890878422213,0.998442973919813,False,False,False,False,-0.34282825441539394,-0.3391809775548389,False,False,False,False,2431528.0,2503256.0912080263,False,False,False,False,124461.31424989758,False,False,False,False
2025-09-09 16:00:00+00:00,39.255,39.415,39.25,39.39,125194.0,,,,,,,,41.38346660302579,41.40627948373239,41.860335720923715,42.09131618974434,42.14058089431685,43.80031305800856,44.7277191859152,44.757354078918056,45.57003643489296,,,,,,,,,41.860335720923715,45.57003643489296,43.08193351660866,,"rgba(239, 83, 80, 0.75)",1.0701560675945616,42.41411391465872,-2.825862513171708,26.323040785358216,-21.519511084188643,False,True,False,True,True,0.0,0.0,0.0,0.0,0.0,0,0.9666972597351509,1.0060312049298543,False,False,False,False,-0.34282825441539394,-0.34100461598511644,False,False,False,False,2556722.0,2504085.0200265064,False,False,False,False,124472.67371889141,False,False,False,False
2025-09-09 17:00:00+00:00,39.38,39.6,39.28,39.525,100715.0,,,,,,,,41.360407747292996,41.383180248328486,41.83840635202993,42.07503594807373,42.125187911992406,43.78528434752666,44.71103943249439,44.740620971238066,45.55209900767141,,,,,,,,,41.83840635202993,45.55209900767141,43.063473551849796,,"rgba(239, 83, 80, 0.75)",1.087199737983191,42.39536016510944,-2.6401405968273117,28.991451581811603,-25.81542815572893,False,True,False,True,True,0.0,0.0,0.0,0.0,0.0,0,0.9580767719114366,1.0034062622821955,False,False,False,False,-0.32612168540610414,-0.33356315069561027,False,False,False,False,2657437.0,2506462.570103615,False,False,False,False,124104.33769224193,False,False,False,False
2025-09-09 18:00:00+00:00,39.525,39.625,39.355,39.37,76845.0,,,,,,,,41.343017139714426,41.36575745115474,41.82181556846574,42.06266308342593,42.1134816766051,43.773839071203604,44.69833960040401,44.7278805920607,45.538442591177706,,,,,,,,,41.82181556846574,45.538442591177706,43.04947075269022,,"rgba(239, 83, 80, 0.75)",1.1061659170470255,42.38117385730323,-2.7221719733887104,29.813704102630837,-24.816265938028664,False,True,False,True,True,0.0,0.0,0.0,0.0,0.0,0,0.9556224636732551,1.005890823406205,False,False,False,False,-0.3184112074310585,-0.3259871790633344,False,False,False,False,2580592.0,2507611.8635903806,False,False,False,False,123371.63478228469,False,False,False,False
2025-09-09 19:00:00+00:00,39.365,39.475,39.295,39.445,232521.0,,,,,,,,41.29106634246246,41.313706198849545,41.77206304956285,42.02529237531195,42.07808823291114,43.73921598229858,44.659956319038656,44.689375695760525,45.49718752070127,,,,,,,,,41.77206304956285,45.49718752070127,43.00732796854411,,"rgba(239, 83, 80, 0.75)",1.118777618814755,42.338594090985865,-2.586388968034031,31.356423476202234,-23.12939749418417,False,True,False,True,True,0.0,0.0,0.0,0.0,0.0,0,0.9610884711449975,1.0052583147101353,False,False,False,False,-0.3346467339230174,-0.33031695649317594,False,False,False,False,2813113.0,2512348.3153176615,False,False,False,False,125063.87300271438,False,False,False,False
2025-09-10 14:00:00+00:00,39.21,39.21,38.865,38.895,134429.0,,,,,,,,41.25594948753821,41.27858214773981,41.739341710337854,42.0008160390998,42.0549330245553,43.71755554652707,44.63628589747549,44.66563929819959,45.47198107718752,,,,,,,,,41.739341710337854,45.47198107718752,42.98012046985119,,"rgba(239, 83, 80, 0.75)",1.1420563759141755,42.31007573379843,-2.9902864743124242,29.35134381060493,-23.12939749418417,False,True,False,True,True,0.0,0.0,0.0,0.0,0.0,0,0.948094184987641,1.002341615714843,False,False,False,False,-0.34282825441539394,-0.3365726054542849,False,False,False,False,2678684.0,2514927.163142194,False,False,False,False,125209.06877011416,False,False,False,False
2025-09-10 15:00:00+00:00,38.895,38.92,38.645,38.695,230649.0,,,,,,,,41.192091701983955,41.214746035538525,41.68027580077584,41.956497676284016,42.01299670116559,43.67901039016672,44.5944469700107,44.623691350502284,45.42762206669077,,,,,,,,,41.68027580077584,45.42762206669077,42.93126429923538,,"rgba(239, 83, 80, 1.0)",1.1655967539390502,42.2583275723065,-3.0570843306353503,27.190608364373567,-23.12939749418417,False,True,False,True,False,0.0,0.0,0.0,0.0,0.0,0,0.940902021772939,1.0102384655261794,False,False,False,False,-0.34282825441539394,-0.3397004299348394,False,False,False,False,2448035.0,2513890.0753415395,False,False,False,False,126843.79638608138,False,False,False,False
2025-09-10 16:00:00+00:00,38.695,38.775,38.615,38.645,98263.0,,,,,,,,41.16505921711952,41.18772086566239,41.655189182450705,41.937548586702114,41.99504884409634,43.66252301186894,44.57657607590198,44.605774588755594,45.40869093566486,,,,,,,,,41.655189182450705,45.40869093566486,42.91045903424694,,"rgba(239, 83, 80, 1.0)",1.1881011536699275,42.23636298737287,-3.02277543985165,25.54655637316554,-20.060691299133005,False,True,False,True,False,0.0,0.0,0.0,0.0,0.0,0,0.9369538916521033,1.0350853609356094,False,False,False,False,-0.34282825441539394,-0.3412643421751167,False,False,False,False,2349772.0,2511345.6090571745,False,False,False,False,126400.68326381655,False,False,False,False
2025-09-10 17:00:00+00:00,38.645,38.715,38.535,38.605,125098.0,,,,,,,,41.13066388040853,41.15333444165745,41.623220242436474,41.91330096616433,41.97206885797259,43.64143889347296,44.553750519576326,44.58289121199307,45.38452945845084,,,,,,,,,41.623220242436474,45.38452945845084,42.88391094134806,,"rgba(239, 83, 80, 1.0)",1.2233263359892113,42.20837240218681,-2.9455528718533146,24.276393258147642,-21.389673574908407,False,True,False,True,False,0.0,0.0,0.0,0.0,0.0,0,0.936925985953538,1.0259319286871957,False,False,False,False,-0.34282825441539394,-0.34204629829525535,False,False,False,False,2224674.0,2506901.087986521,False,False,False,False,126380.48662406746,False,False,False,False
2025-09-10 18:00:00+00:00,38.6,38.82,38.545,38.725,144120.0,,,,,,,,41.09337270943053,41.11603238215203,41.58815320151011,41.88645558705082,41.94658869986309,43.61774164587402,44.52801422655064,44.55708753843441,45.35722614000151,,,,,,,,,41.58815320151011,45.35722614000151,42.854519125651905,,"rgba(239, 83, 80, 1.0)",1.2510106076852456,42.17779702927603,-2.7600061966419003,25.344336700351107,-21.389673574908407,False,True,False,True,False,0.0,0.0,0.0,0.0,0.0,0,0.9347972517849922,1.020881045399434,False,False,False,False,-0.3350303501158299,-0.33853832420554264,False,False,False,False,2368794.0,2504759.892823939,False,False,False,False,126655.51783919819,False,False,False,False
2025-09-10 19:00:00+00:00,38.725,39.02,38.57,38.68,484556.0,,,,,,,,40.97890166400471,41.0014342634008,41.47849937489156,41.80103074893043,41.865282391097466,43.540658091926254,44.44399235095194,44.47283759028629,45.26785281538321,,,,,,,,,41.47849937489156,45.26785281538321,42.76116547676364,,"rgba(239, 83, 80, 1.0)",1.2764316710311134,42.082560571108665,-2.665681719069259,25.7811904015538,-21.389673574908407,False,True,False,True,False,0.0,0.0,0.0,0.0,0.0,0,0.9370892018779338,1.0170355466130112,False,False,False,False,-0.3198855115155916,-0.32921191786056714,False,False,False,False,1884238.0,2495139.3983615525,False,False,False,False,132204.36252386178,False,False,False,False
2025-09-11 14:00:00+00:00,38.555,38.765,38.42,38.605,107343.0,,,,,,,,40.95332651205933,40.97583443555033,41.453986295652506,41.781772238169935,41.846930007454894,43.523351405086444,44.42519469117137,44.453990724367436,45.24790206491714,,,,,,,,,41.453986295652506,45.24790206491714,42.740254263825484,,"rgba(239, 83, 80, 1.0)",1.3030489436510135,42.06119572301263,-2.6523913317704837,25.598762959998574,-21.389673574908407,False,True,False,True,False,0.0,0.0,0.0,0.0,0.0,0,0.9281893554426314,1.027280021396095,False,False,False,False,-0.34282825441539394,-0.3360200861379805,False,False,False,False,1776895.0,2484003.8262939313,False,False,False,False,131818.91504287167,False,False,False,False
2025-09-11 15:00:00+00:00,38.605,38.76,38.395,38.755,144552.0,,,,,,,,40.92031141767307,40.94277510652031,41.422080527030296,41.75652198851338,41.82283936942142,43.50042381099617,44.400243632673,44.42897306792133,45.221383886834985,,,,,,,,,41.422080527030296,45.221383886834985,42.712839200842666,,"rgba(239, 83, 80, 0.75)",1.3235341202885718,42.033418823374106,-2.4770187433167994,28.146347854506843,-21.389673574908407,False,True,False,True,True,0.0,0.0,0.0,0.0,0.0,0,0.9282666666666662,1.0274666666666665,False,False,False,False,-0.34282825441539394,-0.33942417027668725,False,False,False,False,1921447.0,2475282.0150335603,False,False,False,False,132016.32721274963,False,False,False,False
2025-09-11 16:00:00+00:00,38.755,39.01,38.67,38.86,180437.0,,,,,,,,40.88406806501471,40.906437767799126,41.38618128326897,41.72765026387294,41.79521972501035,43.473327304537165,44.37052254722958,44.399166401547134,45.18962579008253,,,,,,,,,41.38618128326897,45.18962579008253,42.68135546092916,,"rgba(239, 83, 80, 0.5)",1.3390196999137975,42.002319939256914,-2.346731672027834,31.575619193084833,-22.281321037542785,False,False,False,True,True,0.0,0.0,0.0,0.0,0.0,0,0.9365546780886088,1.0258332217909247,False,False,False,False,-0.3078406005828487,-0.32363238542976797,False,False,False,False,2101884.0,2469492.898521412,False,False,False,False,132767.03531797833,False,False,False,False
2025-09-11 17:00:00+00:00,38.865,39.065,38.805,38.965,97884.0,,,,,,,,40.86585534633197,40.88816371508321,41.36786013345913,41.71275271814353,41.78094251041871,43.4590691308264,44.35481673017348,44.38341358993582,45.17279463441757,,,,,,,,,41.36786013345913,45.17279463441757,42.665074278754425,,"rgba(239, 83, 80, 0.5)",1.3512855974094626,41.98647547762356,-2.2360006525755893,35.51308408303028,-18.68071755728512,True,False,False,True,True,0.0,0.0,0.0,0.0,0.0,0,0.9342918570276801,1.027949475947326,False,False,False,False,-0.2953603325595082,-0.3094963589946381,False,False,False,False,2199768.0,2465311.117148987,False,False,False,False,132226.2130649864,False,False,False,False
2025-09-11 18:00:00+00:00,38.97,39.1,38.95,38.995,162829.0,,,,,,,,40.837381827034804,40.85957616231894,41.338847947671006,41.68893897633614,41.75808523320616,43.43591341833686,44.329226213967566,44.357744283695475,45.14530873753423,,,,,,,,,41.338847947671006,45.14530873753423,42.63900253334457,,"rgba(239, 83, 80, 0.5)",1.3648998511261146,41.961399081689336,-2.1733455969255933,38.61381775352062,-15.937896490431378,True,False,False,True,True,0.0,0.0,0.0,0.0,0.0,0,0.9314717388371776,1.0306218804802372,False,False,False,False,-0.2836189027235643,-0.29655763085910125,False,False,False,False,2362597.0,2463718.6502164444,False,False,False,False,132700.67487793235,False,False,False,False
2025-09-11 19:00:00+00:00,38.995,39.045,38.845,38.95,362520.0,,,,,,,,40.774768152942954,40.79671470238413,41.27493088363026,41.63608423461878,41.70729393247403,43.38443300916333,44.272402122543504,44.30074711638405,45.084314766068964,,,,,,,,,41.27493088363026,45.084314766068964,42.58129876891223,,"rgba(239, 83, 80, 0.5)",1.3770396011239299,41.90587276300384,-2.146541581368667,40.07136326865198,-14.6731010233825,True,False,False,True,True,0.0,0.0,0.0,0.0,0.0,0,0.9270200998246318,1.0311614730878185,False,False,False,False,-0.2940518684624969,-0.2953047496607991,False,False,False,False,2000077.0,2456530.40757743,False,False,False,False,136263.7651899024,False,False,False,False
2025-09-12 14:00:00+00:00,38.88,38.975,38.64,38.74,215014.0,,,,,,,,40.736438687726114,40.75825481756827,41.23608756527214,41.603860070430045,41.676313055231915,43.35336140083816,44.23825655351464,44.26650159200477,45.04776444491102,,,,,,,,,41.23608756527214,45.04776444491102,42.54631535416634,,"rgba(239, 83, 80, 0.5)",1.3914883372825246,41.87189590974131,-2.2507525401597506,38.514860304304065,-14.6731010233825,True,False,False,True,True,0.0,0.0,0.0,0.0,0.0,0,0.9219973009446688,1.036572199730094,False,False,False,False,-0.3121314206796423,-0.3037180851702207,False,False,False,False,1785063.0,2446120.0601731287,False,False,False,False,137484.69906292713,False,False,False,False
2025-09-12 15:00:00+00:00,38.745,38.745,38.525,38.555,139654.0,,,,,,,,40.71014145851824,40.731885963359936,41.20972898088475,41.58203001082971,41.65533193319018,43.33263215811282,44.21559420209401,44.243776054980046,45.023587667782905,,,,,,,,,41.20972898088475,45.023587667782905,42.52274538108363,,"rgba(239, 83, 80, 0.5)",1.4096916888660984,41.84873150433427,-2.336490688246604,35.720796080239765,-14.6731010233825,True,False,False,True,False,0.0,0.0,0.0,0.0,0.0,0,0.9112489884003232,1.0463987051524144,False,False,False,False,-0.33509758766167275,-0.3194078364159467,False,False,False,False,1645409.0,2433705.9352092044,False,False,False,False,137518.33163559492,False,False,False,False
2025-09-12 16:00:00+00:00,38.555,38.61,38.36,38.4,202700.0,,,,,,,,40.67043605496571,40.69209091955009,41.170221771615786,41.5493175670047,41.62389386778689,43.30190937484679,44.18214278851119,44.21023505966362,44.98799563167526,,,,,,,,,41.170221771615786,44.98799563167526,42.487582559513335,,"rgba(239, 83, 80, 0.5)",1.426692776767226,41.81389222980681,-2.392871321282235,32.622336454533006,-12.198402330772836,False,False,False,True,False,0.0,0.0,0.0,0.0,0.0,0,0.918409466152999,1.0480187121629059,False,False,False,False,-0.34282825441539394,-0.33111804541567036,False,False,False,False,1442709.0,2418341.6416400694,True,False,False,False,138528.90013736862,True,False,False,False
2025-09-12 17:00:00+00:00,38.405,38.565,38.34,38.52,214291.0,,,,,,,,40.6302890986692,40.651839398477904,41.12994396125153,41.515671664244785,41.59151169672507,43.26996929868239,44.147310417829196,44.17530794137697,44.95088992709407,,,,,,38.475,,,41.12994396125153,44.95088992709407,42.45141482270568,38.475,"rgba(239, 83, 80, 0.5)",1.4386376093970548,41.47945418985486,-2.0571227740217304,32.930332902177895,-12.198402330772836,True,False,False,True,False,0.0,0.0,0.0,0.0,0.0,0,0.9292564280750517,1.0428075052119528,True,False,False,False,-0.34282825441539394,-0.3369731499155322,False,False,False,False,1657000.0,2406537.8952580527,False,False,False,False,139703.50633678926,False,False,False,False
2025-09-12 18:00:00+00:00,38.515,38.81,38.515,38.675,118256.0,,,,,,,,40.61067138456886,40.63214753268897,41.109795726164734,41.49856832617659,41.57500681594463,43.25322092695067,44.12891308619468,44.15685701448185,44.93119440554195,,,,,,38.54315798468588,,,41.109795726164734,44.93119440554195,42.43293057985699,38.54315798468588,"rgba(239, 83, 80, 0.5)",1.4411075351716238,41.46600711926211,-1.9367098229277708,35.86690164814923,-12.198402330772836,True,False,False,True,True,0.0,0.0,0.0,0.0,0.0,0,0.9349400947339087,1.0292560601838951,False,False,False,False,-0.31539603368560165,-0.3261845918005669,False,False,False,False,1775256.0,2396750.5790525014,False,False,False,False,139370.9868586995,False,False,False,False
2025-09-12 19:00:00+00:00,38.675,38.71,38.565,38.625,326537.0,,,,,,,,40.55758757502249,40.57885888269774,41.05509854374718,41.45184680253321,41.52987339176209,43.207269146480826,44.0784424171447,44.10623948889038,44.87715931494925,,,,,,38.587834517299775,,,41.05509854374718,44.87715931494925,42.38248617369199,38.587834517299775,"rgba(239, 83, 80, 0.5)",1.4421499996956386,41.422347889182234,-1.9397066114985304,37.22871392458758,-12.198402330772836,True,False,False,True,True,0.0,0.0,0.0,0.0,0.0,0,0.9300111982082861,1.036394176931691,False,False,False,False,-0.31863705739750936,-0.32241082459903814,False,False,False,False,1448719.0,2382052.4150361833,False,False,False,False,142272.78551205297,False,False,False,False
2025-09-15 14:00:00+00:00,38.58,38.765,38.41,38.515,123192.0,,,,,,,,40.53759193521575,40.55878855853639,41.03450710880032,41.43418570380537,41.51280087503263,43.189907911736334,44.05939975652699,44.087142124481346,44.85678786158538,,,,,,38.58397609667177,,,41.03450710880032,44.85678786158538,42.363456870635616,38.58397609667177,"rgba(239, 83, 80, 0.5)",1.445503356950605,41.40481397104803,-1.9991748598524888,36.86020318311732,-12.198402330772836,True,False,False,True,True,0.0,0.0,0.0,0.0,0.0,1,0.9180396537280083,1.0411896118402681,False,False,False,False,-0.32513866110365863,-0.3237747428513484,False,False,False,False,1325527.0,2365672.176043374,False,False,False,False,141976.95938008316,False,False,False,False
2025-09-15 15:00:00+00:00,38.515,38.54,38.425,38.505,88741.0,,,,,,,,40.52290894465404,40.54405458545236,41.019449799512266,41.42127524329067,41.50032123712469,43.17728505715129,44.04558176643796,44.07328517821963,44.842024563544165,,,,,,38.57440161902696,,,41.019449799512266,44.842024563544165,42.349576263931894,38.57440161902696,"rgba(239, 83, 80, 0.5)",1.446511202050705,41.39162536372848,-1.995577607443438,36.49764692432842,-12.198402330772836,True,False,False,True,True,0.0,0.0,0.0,0.0,0.0,0,0.9141806871200334,1.0596635091191855,False,False,False,False,-0.33887969735638424,-0.3313272201038663,False,False,False,False,1236786.0,2348170.0647868877,False,False,False,False,141151.59566876403,False,False,False,False
2025-09-15 16:00:00+00:00,38.505,38.65,38.485,38.65,81891.0,,,,,,,,40.510235196302865,40.5313285050886,41.00628229077064,41.40988458083437,41.48929450001002,43.165956172787546,44.03313094507293,44.0607979334069,44.82868567132445,,,,,,38.57617180252449,,,41.00628229077064,44.82868567132445,42.33728842173314,38.57617180252449,"rgba(239, 83, 80, 0.5)",1.4437720334890847,41.38060842717467,-1.8913016486236827,39.18256406566694,-15.397196618650867,True,False,False,True,True,0.0,0.0,0.0,0.0,0.0,0,0.8995845867354243,1.0743446497636442,False,False,False,False,-0.32774672933089377,-0.32953697471738,False,False,False,False,1318677.0,2332208.9319994943,False,False,False,False,140232.8267436669,False,False,False,False
2025-09-15 17:00:00+00:00,38.645,38.74,38.585,38.66,78857.0,,,,,,,,40.49860685810714,40.51964654436082,40.994083950416424,41.39926010395718,41.47899787622578,43.15525816997982,44.02134138356815,44.04897302624668,44.816031495520946,,,,,,38.5827061087877,,,40.994083950416424,44.816031495520946,42.32579993426478,38.5827061087877,"rgba(239, 83, 80, 0.5)",1.4483980059998391,41.37064881191155,-1.8714806294146853,41.166477305742966,-13.363857299217457,True,False,False,True,True,0.0,0.0,0.0,0.0,0.0,0,0.8907889064520762,1.0747233797959475,False,False,False,False,-0.31539603368560165,-0.3224665042014908,False,False,False,False,1397534.0,2317717.847782448,False,False,False,False,139281.2635383387,False,False,False,False
2025-09-15 18:00:00+00:00,38.665,38.745,38.51,38.725,100970.0,,,,,,,,40.48391627270279,40.504886945940775,40.97863801730562,41.38576745267224,41.46591512052692,43.141629156113424,44.006316478752204,44.03390293865053,44.7999000982362,,,,,,38.58959594992063,,,40.97863801730562,44.7999000982362,42.31120805343341,38.58959594992063,"rgba(239, 83, 80, 0.5)",1.4489996020866873,41.357953004976345,-1.8170833181628612,43.792563043235646,-10.787534060486898,True,False,False,True,True,0.0,0.0,0.0,0.0,0.0,0,0.8888092849978503,1.070783779911162,False,False,False,False,-0.31993527898199675,-0.3212008915917438,False,False,False,False,1498504.0,2305016.857894348,False,False,False,False,138687.29046022493,False,False,False,False
2025-09-15 19:00:00+00:00,38.725,38.76,38.535,38.575,316894.0,,,,,,,,40.4384002272685,40.45915740371752,40.930715581458955,41.3437126930237,41.42510583311921,43.09904057941037,43.9593833165273,43.98682912634447,44.74951723507757,,,,,,38.5969710606415,,,40.930715581458955,44.74951723507757,42.265762443994184,38.5969710606415,"rgba(239, 83, 80, 0.5)",1.4491211906620376,41.317730580739145,-1.8926854416407457,42.99062056404462,-10.787534060486898,True,False,False,True,True,0.0,0.0,0.0,0.0,0.0,0,0.8888094897813343,1.0711733600114335,False,False,False,False,-0.3173398740998443,-0.31927038284579407,False,False,False,False,1181610.0,2287599.6973068384,False,False,False,False,141450.18518177184,False,False,False,False
2025-09-16 14:00:00+00:00,39.385,39.475,38.905,39.03,190961.0,,,,,,,,40.419489302526,40.44006814216606,40.90898535413979,41.323649536059634,41.405477877578335,43.07666136865444,43.93417734677312,43.961533097848616,44.72206230706882,,,,,,38.65979041990991,,,40.90898535413979,44.72206230706882,42.243567148090534,38.65979041990991,#000000,1.4416573451765304,41.30254132720387,-1.5763394365570247,49.247619395256045,-5.6611150882034735,True,False,False,False,True,0.0,0.0,0.0,0.0,0.0,0,0.8890443542745206,1.0521897299566252,False,False,False,False,-0.24837409628729798,-0.283822239566546,False,False,False,False,1372571.0,2273413.2058757246,False,False,False,False,142217.7947138374,False,False,False,False
2025-09-16 15:00:00+00:00,39.035,39.11,38.925,39.03,93325.0,,,,,,,,40.409635052952346,40.43013249585739,40.8978791582049,41.31346788649436,41.39552739262701,43.06549952780074,43.92166148944599,43.94897398321746,44.708467964759684,,,,,,38.679267788021136,,,40.8978791582049,44.708467964759684,42.2323605501511,38.679267788021136,"rgba(38, 166, 154, 1.0)",1.4319580936544645,41.29409934105099,-1.5811212290946552,53.418951949397,-1.9664377808640126,True,False,True,False,True,0.0,0.0,0.0,0.0,0.0,0,0.890279926853284,1.0678013785342526,False,False,False,False,-0.27002455952858784,-0.27692339954756695,False,False,False,False,1372571.0,2259446.6600481938,False,False,False,False,141459.76688881664,False,False,False,False
2025-09-16 16:00:00+00:00,39.025,39.29,39.005,39.19,76595.0,,,,,,,,40.40245592103155,40.42288165299892,40.889534031887706,41.30568488790522,41.38790053574563,43.056700004694825,43.91172898368977,43.93900542663765,44.69763246311939,,,,,,38.6996760387957,,,40.889534031887706,44.69763246311939,42.22372487863452,38.6996760387957,"rgba(38, 166, 154, 1.0)",1.4164248802679207,41.28804715840759,-1.481227269892876,57.907569089862825,1.9836738768127233,True,False,True,False,True,0.0,0.0,0.0,0.0,0.0,0,0.8905719139297846,1.0682332955832392,False,False,False,False,-0.2536863922810174,-0.2653048959142922,False,False,False,False,1449166.0,2246884.1691947337,False,False,False,False,140454.11158821482,False,False,False,False
2025-09-16 17:00:00+00:00,39.195,39.305,39.11,39.23,108903.0,,,,,,,,40.39282234427403,40.4131439140002,40.87816808547438,41.29498830360345,41.37740352437168,43.0444272749774,43.89783583444016,43.92506079947446,44.682446917107825,,,,,,38.72891431390743,,,40.87816808547438,44.682446917107825,42.211810777524846,38.72891431390743,"rgba(38, 166, 154, 1.0)",1.4067051721814336,41.279863051252974,-1.4572087256025177,61.300824151427314,4.929915731757745,True,False,True,False,True,0.0,0.0,0.0,0.0,0.0,0,0.8877869084726547,1.0654576367242847,False,False,False,False,-0.24614878343925345,-0.2557268396767728,False,False,False,False,1558069.0,2236204.864245978,False,False,False,False,139964.94706746732,False,False,False,False
2025-09-16 18:00:00+00:00,39.235,39.47,39.155,39.455,134230.0,,,,,,,,40.382596851119146,40.40278207006168,40.865572365202496,41.28286238943962,41.365462266902156,43.02997651281965,43.88135105368154,43.908511653850645,44.66433842657408,,,,,,38.7701632708314,,,40.865572365202496,44.66433842657408,42.19816150996123,38.7701632708314,"rgba(38, 166, 154, 1.0)",1.3950926282659517,41.271225878144506,-1.3018675902560024,65.55070148299049,8.723553214714933,True,False,True,False,True,0.0,0.0,0.0,0.0,0.0,0,0.8906848149723519,1.0623848007939887,False,False,False,False,-0.23270922861501425,-0.24421803414589352,False,False,False,False,1692299.0,2227772.215187901,False,False,False,False,139876.03315944457,False,False,False,False
2025-09-16 19:00:00+00:00,39.455,39.48,39.2,39.255,238156.0,,,,,,,,40.36410973426373,40.38406163110231,40.843030314603695,41.26118655857597,41.34411760425453,43.0042804498334,43.852086470572324,43.879134047765035,44.63222107413197,,,,,,38.826434472074844,,,40.843030314603695,44.63222107413197,42.17380309834477,38.826434472074844,"rgba(38, 166, 154, 1.0)",1.3822766505802313,41.25478002926387,-1.4467292263270377,64.49781255326363,8.723553214714933,True,False,True,False,True,0.0,0.0,0.0,0.0,0.0,0,0.8909013725767649,1.0595726616669028,False,False,False,False,-0.22547302337194067,-0.2348455287589171,False,False,False,False,1454143.0,2215777.963789639,False,False,False,False,141399.75357557723,False,False,False,False
2025-09-17 14:00:00+00:00,39.75,39.75,39.37,39.525,111629.0,,,,,,,,40.35756194395514,40.37739437167797,40.8342863304331,41.25240343548734,41.335412152952024,42.99312212198784,43.83920642757384,43.866199797549086,44.6179630000208,,,,,,38.859963601295036,,,40.8342863304331,44.6179630000208,42.16372773129301,38.859963601295036,"rgba(38, 166, 154, 1.0)",1.3642935405789447,41.24896531930771,-1.263632252173631,66.21494813514907,9.290457894856793,True,False,True,False,True,0.0,0.0,0.0,0.0,0.0,0,0.8997606645079541,1.0446290299873298,False,False,False,False,-0.19153810050196554,-0.21319181463044132,False,False,False,False,1565772.0,2205700.351947939,False,False,False,False,140938.19150463803,False,False,False,False
2025-09-17 15:00:00+00:00,39.53,39.81,39.495,39.79,168346.0,,,,,,,,40.34967769999753,40.36932159503748,40.822833142659626,41.24047785133818,41.32353071488365,42.977156867694745,43.82060133005251,43.847511878271376,44.59724298275558,,,,,,38.914842525691085,,,40.822833142659626,44.59724298275558,42.14981711807674,38.914842525691085,"rgba(38, 166, 154, 1.0)",1.3463893992508205,41.24185958721632,-1.0783355751494967,69.13669770691916,12.214198994794543,True,False,True,False,True,0.0,0.0,0.0,0.0,0.0,0,0.9126995338324619,1.0367283514620713,False,False,False,False,-0.1793715900451468,-0.19628170233779407,False,False,False,False,1734118.0,2198388.997654172,False,False,False,False,141363.118768132,False,False,False,False
2025-09-17 16:00:00+00:00,39.795,39.845,39.665,39.705,105450.0,,,,,,,,40.34513187910812,40.36465760997195,40.81602693639264,41.23329193750503,41.31635679278224,42.96735603126864,43.8091444921478,43.83600313519159,44.58445811981856,,,,,,38.947278028161506,,,40.81602693639264,44.58445811981856,42.141380770465176,38.947278028161506,"rgba(38, 166, 154, 1.0)",1.325674596247401,41.23759673109125,-1.1560881798818416,69.59483088628483,12.904693382735928,True,False,True,False,True,0.0,0.0,0.0,0.0,0.0,0,0.9176152532726235,1.0352874217416055,False,False,False,False,-0.16595072391456214,-0.1811162131261781,False,False,False,False,1628668.0,2189556.113969611,False,False,False,False,140806.32622909118,False,False,False,False
2025-09-17 17:00:00+00:00,39.705,39.915,39.695,39.9,73085.0,,,,,,,,40.34252490391349,40.36196654096139,40.81178548172077,41.228676697186,41.31173015297557,42.96080382419735,43.80143257289544,43.82825494470902,44.575815621986045,,,,,,38.97091208842352,,,40.81178548172077,44.575815621986045,42.13588786006057,38.97091208842352,"rgba(38, 166, 154, 1.0)",1.303343759318904,41.23509706509674,-1.0243629553222624,71.21075327513404,14.77534020633064,True,False,True,False,True,0.0,0.0,0.0,0.0,0.0,0,0.9246145059965731,1.0242718446601946,False,False,False,False,-0.1594256841230829,-0.1702709486246305,False,False,False,False,1701753.0,2181993.2749933377,False,False,False,False,139756.38318677968,False,False,False,False
2025-09-17 18:00:00+00:00,39.91,40.245,39.435,39.66,117901.0,,,,,,,,40.33791035437474,40.35722052315333,40.804626894238524,41.220994842496154,41.30404272087857,42.95010071555559,43.788877679355586,43.81564206588764,44.561773721098376,,,,,,39.00417055759515,,,40.804626894238524,44.561773721098376,42.126798835226495,39.00417055759515,"rgba(38, 166, 154, 1.0)",1.2804845718474396,41.2305221114715,-1.2265060790272613,68.42117991513649,14.77534020633064,True,False,True,False,True,0.0,0.0,0.0,0.0,0.0,0,0.9211338759472352,1.0081392085321361,False,False,False,False,-0.15486618490221224,-0.16256856676342135,False,False,False,False,1583852.0,2172719.766853906,False,False,False,False,139417.54003659706,False,False,False,False
2025-09-17 19:00:00+00:00,39.665,39.745,39.525,39.675,228600.0,,,,,,,,40.32711403355512,40.34618599358406,40.78927855271161,41.20499019033039,41.288086274145435,42.92869873285368,43.76396459845703,43.79061873470081,44.53403737053922,,,,,,39.051721298691234,,,40.78927855271161,44.53403737053922,42.10810827565304,39.051721298691234,"rgba(38, 166, 154, 0.75)",1.2562793522188433,41.21945130051857,-1.2293852460368475,66.69570626796853,14.77534020633064,True,False,True,False,False,0.0,0.0,0.0,0.0,0.0,0,0.9251471825063076,1.0201850294365016,False,False,False,False,-0.1816692304563541,-0.17211889860988772,False,False,False,False,1812452.0,2167134.2200809773,False,False,False,False,140800.21383447928,False,False,False,False
2025-09-18 14:00:00+00:00,39.755,40.335,39.755,39.905,131224.0,,,,,,,39.998333333333335,40.324185496960325,40.34310531981009,40.78329746453237,41.19798206071021,41.28099050114064,42.91783564217706,43.75100333259409,43.777592073450606,44.51938727822737,,,,,,39.090202373436384,,,40.78329746453237,44.51938727822737,41.88937125029361,39.090202373436384,"rgba(38, 166, 154, 0.75)",1.2303352542451296,41.027090315638006,-0.9120199651000503,67.47517519098389,14.77534020633064,True,False,True,False,False,0.0,0.0,0.0,0.0,0.0,0,0.9293500758934728,1.000689940665103,False,False,False,False,-0.12828213843387362,-0.15020051852188065,False,False,False,False,1943676.0,2163669.75155259,False,False,False,False,140651.74540293697,False,False,False,False
2025-09-18 15:00:00+00:00,39.905,40.265,39.815,39.825,131268.0,,,,,,,39.983330818971,40.3210427673906,40.33981428460663,40.77717896346912,41.19087926828185,41.27380583631798,42.90693835390412,43.73802374453447,43.76454754414976,44.5047300356503,,,,,,39.12451619661862,,,40.77717896346912,44.5047300356503,41.880029161727585,39.12451619661862,"rgba(38, 166, 154, 0.75)",1.2031240565694334,41.02323236201314,-0.9959341727649892,66.65886289130758,14.77534020633064,True,False,True,False,False,0.0,0.0,0.0,0.0,0.0,0,0.9337183718371832,1.0064631463146319,False,False,False,False,-0.1289282397889458,-0.13956437915541323,False,False,False,False,1812408.0,2158223.8329238677,False,False,False,False,140506.26097808522,False,False,False,False
2025-09-18 16:00:00+00:00,39.825,40.045,39.795,40.035,136731.0,,,,,,,39.97476936031575,40.31773657959605,40.336356547273674,40.77082516159279,41.18350779803932,41.266348630278216,42.89563450614839,43.72456274384892,43.751019253012096,44.48952941677417,,,,,,39.15712705896464,,,40.77082516159279,44.48952941677417,41.87102899968794,39.15712705896464,"rgba(38, 166, 154, 0.75)",1.174583690865595,41.01938891145492,-0.838074731592338,67.8208562234093,14.77534020633064,True,False,True,False,False,0.0,0.0,0.0,0.0,0.0,0,0.9287617444958628,1.0335156359556867,False,False,False,False,-0.14446810224179538,-0.1420162406986043,False,False,False,False,1949139.0,2154982.2076072185,False,False,False,False,140447.72980013042,False,False,False,False
2025-09-18 17:00:00+00:00,40.035,40.1,39.87,39.885,68430.0,,,,,,,39.971388825332745,40.31607417956392,40.33461937122452,40.767656354124696,41.17983169834373,41.26262930439412,42.88999696321968,43.717849968381735,43.74427293168729,44.48194890108024,,,,,,39.1723805053758,,,40.767656354124696,44.48194890108024,41.86662684973526,39.1723805053758,"rgba(38, 166, 154, 0.75)",1.1514035774648255,41.01745251401482,-0.9835409027547668,66.13504295431977,14.77534020633064,True,False,True,False,False,0.0,0.0,0.0,0.0,0.0,0,0.9312977099236638,1.0188012439920842,False,False,False,False,-0.13604254598699445,-0.13902939334279937,False,False,False,False,1880709.0,2150729.9098148583,False,False,False,False,139331.1758497408,False,False,False,False
2025-09-18 18:00:00+00:00,39.885,39.895,39.705,39.755,170834.0,,,,,,,39.9215185091213,40.31012086884079,40.328492281761704,40.75825731708984,41.16951695023804,41.252266428942114,42.87522376589778,43.70045844332715,43.72679943921838,44.46244221049545,,,,,,39.200398689403634,,,40.75825731708984,44.46244221049545,41.85050962149326,39.200398689403634,"rgba(38, 166, 154, 0.75)",1.1305430688970828,41.008755897584116,-1.1089855239281001,63.064389881810776,17.982134665109328,True,False,True,False,False,0.0,0.0,0.0,0.0,0.0,0,0.9166195590729221,1.025155455059356,False,False,False,False,-0.1600775737411535,-0.14955348354197645,False,False,False,False,1709875.0,2143894.949972768,False,False,False,False,139819.59172803938,False,False,False,False
2025-09-18 19:00:00+00:00,39.755,39.9,39.7,39.85,230310.0,,,,,,,39.89372326139861,40.30277447101616,40.32091393917782,40.74627011285884,41.156162784468,41.23882022294997,42.855730186923616,43.677441731896586,43.70367251083801,44.436575591897814,,,,,,39.236189598044724,,,40.74627011285884,44.436575591897814,41.83320848134254,39.236189598044724,"rgba(38, 166, 154, 0.75)",1.112450047466723,40.99939629489334,-1.0332116012856012,62.03769367497797,16.832057210588687,True,False,True,False,False,0.0,0.0,0.0,0.0,0.0,1,0.9217821782178216,1.0212164073550218,False,False,False,False,-0.1600775737411535,-0.15481552864156498,False,False,False,False,1940185.0,2140736.6561747403,False,False,False,False,141222.5437942713,False,False,False,False
2025-09-19 14:00:00+00:00,39.615,39.73,39.37,39.415,93249.0,,,,,,,39.85604517178319,40.297994457433504,40.31605174645993,40.73990478717812,41.14958989948993,41.23226997118033,42.84710583290503,43.66745397031404,43.69364181497171,44.42548331793225,,,,,,39.24236530400027,,,40.73990478717812,44.42548331793225,41.8225540969648,39.24236530400027,"rgba(38, 166, 154, 0.75)",1.0907040993931587,40.99257749218265,-1.4463844896708227,55.995137312133494,11.123017944084012,True,False,True,False,False,0.0,0.0,0.0,0.0,0.0,0,0.9090399439383317,1.0213034337771554,False,False,False,False,-0.19285669858350546,-0.1738361136125352,False,False,False,False,1846936.0,2136181.607241798,False,False,False,False,140478.7679214919,False,False,False,False
2025-09-19 15:00:00+00:00,39.415,39.45,39.145,39.175,109622.0,,,,,,,39.79473414029967,40.29071093160846,40.3086818167116,40.7310166966042,41.14077281412253,41.223534573898995,42.836274644193196,43.65507663572013,43.681215521848095,44.41185216067863,,,,,,39.242741399059,,,40.7310166966042,44.41185216067863,41.80738699356856,39.242741399059,"rgba(239, 83, 80, 0.5)",1.0686111344906386,40.98217287203924,-1.6911417200426684,49.87944348616992,5.62722921709625,False,False,False,True,False,0.0,0.0,0.0,0.0,0.0,0,0.9063596799101499,1.0313070335532784,False,False,False,False,-0.22638483481467642,-0.2001104742136058,False,False,False,False,1737314.0,2129997.6133310725,False,False,False,False,140000.3684188331,False,False,False,False
2025-09-19 16:00:00+00:00,39.175,39.34,39.03,39.175,74736.0,,,,,,,39.754767243194074,40.285447497606725,40.30336175777034,40.724712806492334,41.13457119364761,41.21739786562237,42.828773816289356,43.64653478888259,43.67264065734402,44.40246550927234,,,,,,39.24166568588496,,,40.724712806492334,44.40246550927234,41.797067313612175,39.24166568588496,"rgba(239, 83, 80, 0.5)",1.0440090780043878,40.974890331080985,-1.7240178931407943,45.802314268860876,2.1246407556255775,False,False,False,True,False,0.0,0.0,0.0,0.0,0.0,0,0.9111578947368416,1.0242807017543862,False,False,False,False,-0.24148145992460424,-0.22079596706910504,False,False,False,False,1737314.0,2123909.495294932,False,False,False,False,138988.51774567287,False,False,False,False
2025-09-19 17:00:00+00:00,39.175,39.205,38.985,39.145,114244.0,,,,,,,39.69648738849649,40.276993316823486,40.294824216428985,40.714742312958506,41.12482960705913,41.207767924220775,42.81714818338678,43.633336565243226,43.6593924804588,44.3879901762413,,,,,39.11166666666667,39.23825736664205,,,40.714742312958506,44.3879901762413,41.78135121713175,39.17496201665436,"rgba(239, 83, 80, 1.0)",1.0148443807391052,40.737433096556046,-1.5691401822575823,42.80734641852231,-0.4560172854131679,False,True,False,True,False,0.0,0.0,0.0,0.0,0.0,0,0.9104708362614189,1.0271257905832751,False,False,False,False,-0.2536366788613376,-0.23721632296522133,False,False,False,False,1623070.0,2116144.541879507,False,False,False,False,138604.88181163144,False,False,False,False
2025-09-19 18:00:00+00:00,39.145,39.195,39.07,39.09,100541.0,,,,,,,39.65378340921062,40.26969527767978,40.287453046002476,40.70610521643761,41.116361900449746,41.19939234389931,42.806995281705,43.621801826834194,43.647813862633605,44.37533246977889,,,,,39.11478733772532,39.235552726682975,,,40.70610521643761,44.37533246977889,41.76847346346312,39.17517003220415,"rgba(239, 83, 80, 1.0)",0.9877118110168809,40.7287016085143,-1.6590888052935202,40.27653984417004,-2.7380503762209045,False,True,False,True,False,0.0,0.0,0.0,0.0,0.0,0,0.9127129381951282,1.0250598338730117,False,False,False,False,-0.24856327734372077,-0.24288980015447104,False,False,False,False,1522529.0,2106941.2001449405,False,False,False,False,138014.74410912552,False,False,False,False
2025-09-19 19:00:00+00:00,39.095,39.37,39.06,39.29,239170.0,,,,,,,39.591944423095065,40.254494583691816,40.272070760642016,40.687475834953695,41.097712305429454,41.18088477461575,42.78385508504587,43.595333008449096,43.62123967022077,44.3461561654092,,,,,39.180756679259694,39.2357791725186,,,40.687475834953695,44.3461561654092,41.74311666115527,39.208267925889146,"rgba(239, 83, 80, 1.0)",0.9558146989554865,40.714681917586006,-1.4905419629378978,41.85331556047869,-2.7380503762209045,False,True,False,True,False,0.0,0.0,0.0,0.0,0.0,0,0.9115789473684206,1.0216140350877196,False,False,False,False,-0.23744539288679348,-0.24016759652063224,False,False,False,False,1761699.0,2101588.607894631,False,False,False,False,139583.0426500693,False,False,False,False
2025-09-22 14:00:00+00:00,39.395,40.025,39.39,39.965,144647.0,,,,,,,39.60863794833178,40.2504137393753,40.26785625900981,40.68065687673948,41.08991837484352,41.17300332826465,42.772167800757686,43.58149374710978,43.60733309409561,44.330565829368986,,,,,39.32878053364339,39.25243584363112,,,40.68065687673948,44.330565829368986,41.73620469978966,39.29060818863725,#000000,0.9234224092724723,40.718713086654965,-0.8162170195206571,49.588493400673116,-7.950979707635028,False,False,False,False,True,0.0,0.0,0.0,0.0,0.0,0,0.9151372981923548,1.0037256795915557,False,False,False,False,-0.17216250053588156,-0.2061650485282569,False,False,False,False,1906346.0,2098561.5907179704,False,False,False,False,139661.5536167349,False,False,False,False
2025-09-22 15:00:00+00:00,39.965,40.045,39.555,39.565,130925.0,,,,,,,39.61652645006665,40.24621234275204,40.26353849828039,40.674082553199675,41.08255817846848,41.16557978838835,42.7614151030117,43.56881859079456,43.5945977163293,44.31632480985369,,,,,39.39929007882276,39.264790005150076,,,40.674082553199675,44.31632480985369,41.728965403114486,39.33204004198642,#000000,0.8882440061239076,40.71833852129281,-1.298447851425098,50.50453523381418,-7.155578889497562,False,False,False,False,True,0.0,0.0,0.0,0.0,0.0,0,0.9221614227086178,1.0027359781121756,False,False,False,False,-0.1600775737411535,-0.1831213111347052,False,False,False,False,1775421.0,2093551.6590789321,False,False,False,False,139526.10317306456,False,False,False,False
2025-09-22 16:00:00+00:00,39.565,39.755,39.54,39.685,113364.0,,,,,,,39.61900387825837,40.242206670043714,40.259435416911515,40.66809854108008,41.07596297982886,41.15894113435498,42.75197807526593,43.55773576649459,43.58346327356053,44.30390029781803,,,,,39.43435406634231,39.273598825623935,,,40.66809854108008,44.30390029781803,41.72207260336166,39.35397644598312,"rgba(38, 166, 154, 0.5)",0.8486745203209991,40.716147215212935,-1.2150090411845,52.098873591158494,-5.491480052557513,False,False,True,False,True,0.0,0.0,0.0,0.0,0.0,0,0.9191023687491336,1.0254882947776705,False,False,False,False,-0.18002786652468789,-0.18157458882969654,False,False,False,False,1888785.0,2090376.9821939874,False,False,False,False,139120.48917038136,False,False,False,False
2025-09-22 17:00:00+00:00,39.685,39.845,39.615,39.715,127523.0,,,,,,,39.62538937924752,40.238261438474964,40.25537934993276,40.66187960208471,41.06895398719735,41.151863760652304,42.74165250657912,43.54555024253398,43.571219491914,44.2901975077384,,,,,39.47254811692055,39.28463989567342,,,40.66187960208471,44.2901975077384,41.715034726635515,39.378594006296986,"rgba(38, 166, 154, 0.5)",0.8220735867199607,40.71425121429346,-1.215525264934529,53.41684608445787,-3.9570439558981576,False,False,True,False,True,0.0,0.0,0.0,0.0,0.0,0,0.9192254495159056,1.0183955739972343,False,False,False,False,-0.1692184684969707,-0.1753965286633336,False,False,False,False,2016308.0,2089228.6258809022,False,False,False,False,138940.68313673203,False,False,False,False
2025-09-22 18:00:00+00:00,39.715,39.815,39.585,39.765,133551.0,,,,,,,39.63110307687316,40.23416731043153,40.25117074827061,40.65543115411751,41.06167321072996,41.14450920786196,42.73090223306175,43.53286043656631,43.55846893229801,44.27592421977021,,,,,39.50268497038705,39.29555506464251,,,40.65543115411751,44.27592421977021,41.7076210529981,39.399120017514775,"rgba(38, 166, 154, 1.0)",0.7916234487970436,40.711720854819035,-1.195923208512428,54.750968151574284,-2.3228417877287626,True,False,True,False,True,0.0,0.0,0.0,0.0,0.0,0,0.9156743284408747,1.0245084464137364,False,False,False,False,-0.17314449918448832,-0.17427051392391096,False,False,False,False,2149859.0,2090168.631681198,False,False,False,False,138857.12215786794,False,False,False,False
2025-09-22 19:00:00+00:00,39.765,40.215,39.76,40.13,458210.0,,,,,,,39.699430273217054,40.22889506535869,40.245476309370176,40.64116723541661,41.04298410261033,41.12527327886407,42.69837372554874,43.49348246711878,43.51887767632857,44.230946767085555,,,,,39.658821171336974,39.35391826198038,,,40.64116723541661,44.230946767085555,41.69249069009186,39.50636971665868,"rgba(38, 166, 154, 1.0)",0.7702433101023334,40.715348223351036,-0.7599523626803911,58.52745576754267,1.5510007288888161,True,False,True,False,True,0.0,0.0,0.0,0.0,0.0,0,0.9179289451941607,1.015973561002479,False,False,False,False,-0.13571887668949753,-0.15499469530670423,False,False,False,False,2608069.0,2098198.094755908,False,False,False,False,143808.32956627308,False,False,False,False
2025-09-23 14:00:00+00:00,40.285,40.345,40.115,40.235,345548.0,,,,,,40.23166666666667,39.75964820825503,40.22894931136608,40.24520731858276,40.63418847177325,41.031997342790774,41.11374057734126,42.67613102429978,43.46602360055264,43.491256913858265,44.199214555514224,,,,,39.76258131640006,39.40322850621513,,,40.63418847177325,44.199214555514224,41.55254763554552,39.582904911307594,"rgba(38, 166, 154, 1.0)",0.7420589933086139,40.5919875261643,-0.4810770159561106,61.74343661115846,4.786748826104663,True,False,True,False,True,0.8087497948626634,0.0,0.0,0.0,0.0,0,0.9246293245469518,1.0119439868204287,False,True,False,False,-0.10433650665328298,-0.1296656009799936,False,False,False,False,2953617.0,2111460.4033643436,False,False,False,False,146936.07639470295,False,False,False,False
2025-09-23 15:00:00+00:00,40.235,40.26,40.0,40.24,195381.0,,,,,,40.20818897366075,39.78412073561084,40.22826760353524,40.24435172717063,40.62972641637698,41.025421942692354,41.10687961789678,42.663401379196856,43.45039341514959,43.475536581691365,44.18120396465299,,,,,39.80012135237567,39.426732104873,,,40.62972641637698,44.18120396465299,41.54522657796676,39.61342672862433,"rgba(38, 166, 154, 1.0)",0.7178446216985586,40.59242098213542,-0.4909432647158721,63.9224076647436,7.0387413280374815,True,False,True,False,True,0.8544823032986848,0.0,0.0,0.0,0.0,0,0.9222450376454479,1.0146475017111571,False,False,False,False,-0.08607745990613415,-0.10787153044306388,False,False,False,False,3148998.0,2127546.257575749,False,True,False,False,147687.16048160678,False,False,False,False
2025-09-23 16:00:00+00:00,40.245,40.265,40.1,40.14,167045.0,,,,,,40.19878511781506,39.80290598301855,40.227711939372796,40.243650246705506,40.625991972779055,41.01988965680057,41.10110230059226,42.65262707180888,43.437153748737245,43.46222028586778,44.16593886943193,,,,,39.82721559612754,39.44575158485717,,,40.625991972779055,44.16593886943193,41.53981610844815,39.636483590492354,"rgba(38, 166, 154, 1.0)",0.6848304978689679,40.592941116789305,-0.6613915679847074,63.80289363982179,7.229356281034242,True,False,True,False,True,0.0,0.0,0.0,0.0,0.0,0,0.9349310296781381,1.0118433886024807,False,False,False,False,-0.07282141405987778,-0.09034647225147083,False,False,False,False,2981953.0,2140792.8737373655,False,False,False,False,147987.2820245276,False,False,False,False
2025-09-23 17:00:00+00:00,40.145,40.165,39.78,39.805,177215.0,,,,,,40.14230495220042,39.80851572175313,40.224682396793185,40.24048024897434,40.61995312505504,41.01238647614478,41.09341768571524,42.64015040000137,43.42215186994697,43.44713955368301,44.1488593052593,,,,,39.8336927983196,39.458224829504026,,,40.61995312505504,44.1488593052593,41.52727652141152,39.64595881391182,"rgba(38, 166, 154, 0.75)",0.6519295131306295,40.58729800207526,-1.199973289011854,59.346730821835266,7.229356281034242,True,False,True,False,False,0.0,0.0,0.0,0.0,0.0,0,0.9266029635784514,1.0091400083090991,False,False,False,False,-0.1043033723952455,-0.09732492232335815,False,False,False,False,2804738.0,2151086.596625158,False,False,False,False,148440.424938876,False,False,False,False
2025-09-23 18:00:00+00:00,39.805,39.815,39.68,39.73,121070.0,,,,,,40.09410138112223,39.80633704933207,40.221489605538004,40.237198235215956,40.614874312116626,41.00650948923158,41.08745251792804,42.63114827702386,43.41146817362046,43.43640317292717,44.13679035778265,,,,,39.829354900690454,39.463262715082564,,,40.614874312116626,44.13679035778265,41.51670659743988,39.64630880788651,"rgba(38, 166, 154, 0.5)",0.626073722741146,40.5812869161493,-1.3597231208205098,55.54460261213747,12.210118884070106,False,False,True,False,False,0.0,0.0,0.0,0.0,0.0,0,0.9266195033985292,1.01678457483701,False,False,False,False,-0.13826596645076014,-0.11779544438705915,False,False,False,False,2683668.0,2159343.6726464736,False,False,False,False,148016.07726540507,False,False,False,False
2025-09-23 19:00:00+00:00,39.735,39.825,39.485,39.67,437380.0,,,,,,39.962581477548525,39.790922420659676,40.20839403715804,40.223796926594545,40.59533472130015,40.984381577409536,41.06505287963308,42.59818160650616,43.37253592378779,43.3972837254144,44.09293515538559,,,,,39.80471184344739,39.475133127733365,,,40.59533472130015,44.09293515538559,41.4810364046725,39.639922485590375,#000000,0.5999759754955394,40.55951722634052,-1.482588074640547,52.328938234383614,9.118383763016467,False,False,False,False,False,0.0,0.0,0.0,0.0,0.0,0,0.9210671827481334,1.017417749516174,False,False,False,False,-0.1523163981511386,-0.13505592126909888,False,False,False,False,2246288.0,2160691.6467139698,False,False,False,False,152502.3396333833,False,False,False,False
2025-09-24 14:00:00+00:00,39.35,39.39,38.995,39.025,148234.0,,,,,,39.88567292009686,39.768370617398666,40.19998906072909,40.21530925271076,40.5852882599717,40.974147639631596,41.05485150501635,42.58521352293993,43.357689738756804,43.38237797903904,44.076534598003676,,,,,39.77331504519483,39.46835058611327,,,40.5852882599717,44.076534598003676,41.462313190390404,39.62083281565405,"rgba(239, 83, 80, 1.0)",0.5789940951018564,40.54525984219838,-2.625691444972223,44.9823480065548,2.314189461113358,False,True,False,True,False,0.0,0.0,0.0,0.0,0.0,0,0.9068881023686355,1.018241219711408,False,False,False,False,-0.22359098873704747,-0.17932345500307317,False,False,False,False,2098054.0,2159720.5204083268,False,False,False,False,152436.1638251138,False,False,False,False
2025-09-24 15:00:00+00:00,39.025,39.385,39.02,39.275,76303.0,,,,,,39.85552972528079,39.7589267173968,40.196075671792784,40.21135195852754,40.580488583424376,40.96917968494966,41.04988675300339,42.57874927377194,43.35025028731422,43.37490766274703,44.06828774287068,,,,,39.76040285353923,39.46588306116293,,,40.580488583424376,44.06828774287068,41.45396673282538,39.61314295735108,"rgba(239, 83, 80, 1.0)",0.54403590236649,40.53899809316184,-2.3233725709343815,43.08537916475572,0.6607772379042984,False,True,False,True,False,0.0,0.0,0.0,0.0,0.0,0,0.9104699986455367,1.0176080184206968,False,False,False,False,-0.22202859756699456,-0.20067602628503386,False,False,False,False,2174357.0,2159947.4425725387,False,False,False,False,151255.80469604227,False,False,False,False
2025-09-24 16:00:00+00:00,39.275,39.37,39.065,39.09,57811.0,,,,,,39.8327357506169,39.75131438566931,40.192974669146416,40.20821852795401,40.57673670486944,40.965323431819556,41.04603703684102,42.573792943337075,43.344561201115376,43.369195360960816,44.06199168195134,,,,,39.75011056125985,39.46365023668983,,,40.57673670486944,44.06199168195134,41.44753469948011,39.60688039897484,"rgba(239, 83, 80, 1.0)",0.5049426869633602,40.53409692690522,-2.8599224509810646,40.54937931739249,-1.7687623117509403,False,True,False,True,False,0.0,0.0,0.0,0.0,0.0,0,0.9101796407185624,1.027354382144802,False,False,False,False,-0.2169368088784447,-0.2088064175817393,False,False,False,False,2116546.0,2159274.5519900187,False,False,False,False,149807.04803408813,False,False,False,False
2025-09-24 17:00:00+00:00,39.085,39.295,39.055,39.225,103160.0,,,,,,39.79658081790766,39.73859143618045,40.18757750633656,40.20276338224214,40.57017026147758,40.95854689874254,41.039267442305814,42.56502765189939,43.33448824178428,43.359080988722596,44.05083510481874,,,,,39.73312335916986,39.4599751181124,,,40.57017026147758,44.05083510481874,41.43662997567434,39.59654923864113,"rgba(239, 83, 80, 1.0)",0.5027812914455833,40.52579858003471,-2.587205614382921,40.44614777776339,-2.1008104417182736,False,True,False,True,False,0.0,0.0,0.0,0.0,0.0,0,0.9173147769136304,1.0178741983899582,False,False,False,False,-0.22372273789994288,-0.21626457774084107,False,False,False,False,2219706.0,2160211.473664592,False,False,False,False,149083.83798704803,False,False,False,False
2025-09-24 18:00:00+00:00,39.225,39.275,39.055,39.095,100078.0,,,,,,39.76260733195973,39.72571054749188,40.18213680686492,40.197267922911855,40.56363031418986,40.95183748111456,41.03257070978684,42.55644214423763,43.32464543131546,43.34919832159575,44.03994970991615,,,,,39.716169758072205,39.45585653207775,,,40.56363031418986,44.03994970991615,41.42599970194405,39.58601314507498,"rgba(239, 83, 80, 1.0)",0.4990975459376885,40.51758578704652,-2.850316132838949,39.38422586053884,-3.501104456257579,False,True,False,True,False,0.0,0.0,0.0,0.0,0.0,0,0.9196562542627196,1.0126858545900974,False,False,False,False,-0.22532235471502413,-0.2207934662279326,False,False,False,False,2119628.0,2159582.2725225054,False,False,False,False,148324.0575531403,False,False,False,False
2025-09-24 19:00:00+00:00,39.095,39.585,39.08,39.525,413604.0,,,,,,39.698004015658,39.698768778922634,40.16560584309109,40.180490940499546,40.541960462893364,40.928459623642205,41.00905415829261,42.52402778594193,43.28690257258284,43.311287455209175,43.99778532188804,,,,,39.68232913803246,39.45285205120924,,,40.541960462893364,43.99778532188804,41.394758814420136,39.56759059462085,"rgba(239, 83, 80, 0.75)",0.49604891142223634,40.49535274723296,-1.9561634445499165,43.193530363476114,-3.501104456257579,False,True,False,True,True,0.0,0.0,0.0,0.0,0.0,0,0.9211096075778074,1.0040595399188097,False,False,False,False,-0.19867123510325257,-0.2097323506655926,False,False,False,False,2533232.0,2165375.291553164,False,False,False,False,152436.92487789784,False,False,False,False
2025-09-25 14:00:00+00:00,38.97,39.195,38.93,39.18,152914.0,,,,,,39.66146646776799,39.68122465455955,40.157391332732765,40.17219703481586,40.53213979945445,40.918363108671585,40.99897056713089,42.51109698157726,43.27208735461627,43.296412470778115,43.981402847225915,,,,39.10166666666667,39.660448109104216,39.44638291400097,,,40.53213979945445,43.981402847225915,41.380250238120965,39.402832563257284,"rgba(239, 83, 80, 0.75)",0.49442502779367065,40.313478317011175,-2.292518083215214,42.96964026327896,-3.501104456257579,False,True,False,True,True,0.0,0.0,0.0,0.0,0.0,0,0.9076203208556145,1.0054812834224605,False,False,False,False,-0.24178554251016782,-0.2257589465878802,False,False,False,False,2380318.0,2168707.736645363,False,False,False,False,152444.32139141878,False,False,False,False
2025-09-25 15:00:00+00:00,39.175,39.44,39.08,39.415,117897.0,,,,,,39.64568757428975,39.67303826123402,40.15238670492348,40.16712638693105,40.52575721864078,40.91154561420817,40.99212107237417,42.50180379695766,43.26130778940693,43.28558597044625,43.969386942422204,,,,39.19308972555275,39.65060086114925,39.444496396991475,,,40.52575721864078,43.969386942422204,41.37143157562132,39.429395661231155,"rgba(239, 83, 80, 0.75)",0.4945942736184471,40.31202881346174,-1.8136659911144608,44.94960526189553,-3.501104456257579,False,True,False,True,True,0.0,0.0,0.0,0.0,0.0,0,0.9132755170113406,1.0012008005336896,False,False,False,False,-0.21017049503775037,-0.2179647208128153,False,False,False,False,2498215.0,2173816.376387295,False,False,False,False,151908.7040055053,False,False,False,False
2025-09-25 16:00:00+00:00,39.415,39.485,39.27,39.295,103905.0,,,,,,39.63438199612764,39.66685239254884,40.14822375555775,40.16290484935791,40.52036307628979,40.90572782110153,40.98626706710388,42.49375604764123,43.25194780614927,43.27618458458977,43.95893496636889,,,,39.23659937570498,39.64330273592664,39.44334437022118,,,40.52036307628979,43.95893496636889,41.364140396621494,39.441082160617604,"rgba(239, 83, 80, 0.75)",0.4925687586344128,40.30933906960967,-2.059284215307932,45.29121626391695,-3.501104456257579,False,True,False,True,True,0.0,0.0,0.0,0.0,0.0,0,0.9131250837913926,1.0077758412655857,False,False,False,False,-0.19155994565138412,-0.2047623332320997,False,False,False,False,2394310.0,2177234.88217974,False,False,False,False,151164.46053255172,False,False,False,False
2025-09-25 17:00:00+00:00,39.29,39.395,39.095,39.115,90558.0,,,,,,39.62042743861841,39.65921622846245,40.143962915398426,40.158596095251404,40.515111291841045,40.90021249440783,40.980739525185015,42.48644614051162,43.2435178798603,43.267719216694694,43.94957215003229,,,,39.229800293303875,39.63415144642971,39.440803490229825,,,40.515111291841045,43.94957215003229,41.35686557966031,39.4349184099878,"rgba(239, 83, 80, 0.75)",0.4927063705374961,40.3038071561739,-2.412810605385566,44.10974985241855,-3.501104456257579,False,True,False,True,True,0.0,0.0,0.0,0.0,0.0,0,0.907325565822954,1.0077675103790016,False,False,False,False,-0.21255641024411356,-0.2086593717381066,False,False,False,False,2303752.0,2179196.38788238,False,False,False,False,150224.8254855354,False,False,False,False
2025-09-25 18:00:00+00:00,39.115,39.345,39.04,39.345,93926.0,,,,,,39.60822254992398,39.652254021014,40.139777575655394,40.15436053323155,40.50987960026126,40.89466904047301,40.97517589221915,42.478994322166436,43.23490117678246,43.25906568538458,43.93998485258338,,,,39.2320733696948,39.62592870793239,39.43867340046537,,,40.50987960026126,43.93998485258338,41.34975320451775,39.43222515936419,"rgba(239, 83, 80, 0.75)",0.4928075661939069,40.29894130486521,-1.935727797835514,45.589190981981965,-3.501104456257579,False,True,False,True,True,0.0,0.0,0.0,0.0,0.0,0,0.9014159764894465,1.0124231899545826,False,False,False,False,-0.2184941676362665,-0.21357676968718656,False,False,False,False,2397678.0,2182583.6996981567,False,False,False,False,149351.97547800772,False,False,False,False
2025-09-25 19:00:00+00:00,39.345,39.375,39.16,39.31,193038.0,,,,,,39.58785539968387,39.639927727903,40.1316594322106,40.14613861526513,40.499582731431275,40.88365350703285,40.96410321138202,42.46396642302962,43.217477001004724,43.241565813894084,43.920562855892406,,,,39.24479991483192,39.61165939233276,39.43526815180406,,,40.499582731431275,43.920562855892406,41.33604479261178,39.43057581965625,"rgba(239, 83, 80, 0.75)",0.4926080436669193,40.29018138877326,-1.9897795039579538,46.258369161528734,-3.501104456257579,False,True,False,True,True,0.0,0.0,0.0,0.0,0.0,1,0.9065919402188413,1.0088070456365097,False,False,False,False,-0.20615806063215542,-0.209867415159671,False,False,False,False,2204640.0,2182925.657842371,False,False,False,False,150029.27818377502,False,False,False,False
2025-09-26 14:00:00+00:00,39.41,39.515,39.255,39.465,61987.0,,,,,,39.58439603187022,39.63751550429425,40.129478802609015,40.14392331627925,40.49666182850061,40.880432579747215,40.96085064610748,42.4593665998041,43.212098139272356,43.236162406812774,43.91453432184948,,,,39.257503491049775,39.609032490971146,39.43510491670631,,,40.49666182850061,43.91453432184948,41.33231092519515,39.43388029957574,#000000,0.4922180173228541,40.2884580622447,-1.6729539213607798,48.25817893553722,-6.454454545434189,False,True,False,False,True,0.0,0.0,0.0,0.0,0.0,1,0.9110135674381481,1.002527267890397,False,False,False,False,-0.18717326771766166,-0.19852034143866631,False,False,False,False,2266627.0,2184223.353069621,False,False,False,False,148664.28162278625,False,False,False,False
2025-09-26 15:00:00+00:00,39.47,39.705,39.33,39.695,73370.0,,,,,,39.584220481067916,39.63676378229365,40.12750412982314,40.141905382376244,40.493747441475726,40.87706458690242,40.95742653207692,42.45423376461417,43.20602670645732,43.23006149341689,43.907680245662995,,,,39.28388602159018,39.608537001878645,39.43625438555816,,,40.493747441475726,43.907680245662995,41.32878495874249,39.44289246967566,"rgba(38, 166, 154, 0.5)",0.4946443530827986,40.287887022090736,-1.1986127374054794,51.648852219906246,-3.0736272054855505,False,False,True,False,True,0.0,0.0,0.0,0.0,0.0,0,0.91157811260904,0.9993391488236855,False,False,False,False,-0.15114044065204263,-0.17483039104535447,False,False,False,False,2339997.0,2186638.448370867,False,False,False,False,147496.9284193322,False,False,False,False
2025-09-26 16:00:00+00:00,39.695,39.975,39.65,39.975,81509.0,,,,,,39.59117168030473,39.63987633388434,40.12647313950906,40.1408219271451,40.491548333717965,40.87417319836997,40.95443716859963,42.44912544190705,43.19984254944339,43.22384371979578,43.90059934793251,,,,39.33290229600401,39.612853666763215,39.44010227802273,,,40.491548333717965,43.90059934793251,41.32653753096451,39.46195274692999,"rgba(38, 166, 154, 1.0)",0.5010376889680347,40.28993633415599,-0.6285681518383341,55.99374569477302,1.019374694481158,True,False,True,False,True,0.4465564121162764,0.0,0.0,0.0,0.0,0,0.9325962435060606,0.9885440255761295,False,False,False,False,-0.10047762344988166,-0.13765400724761806,False,False,False,False,2421506.0,2190279.805760466,False,False,False,False,146473.8597616681,False,False,False,False
2025-09-26 17:00:00+00:00,39.97,39.995,39.84,39.995,51826.0,,,,,,39.59659749405353,39.64246626917012,40.12601402671588,40.140328866938354,40.4903286457079,40.87248259541921,40.9526783083841,42.445983999781426,43.196012533163916,43.219992215281586,43.896195302533805,,,,39.36388992389292,39.61633065999935,39.44294664836908,,,40.4903286457079,43.896195302533805,41.32537093246817,39.474389077420454,"rgba(38, 166, 154, 1.0)",0.5060130593343192,40.291498712308936,-0.5859507118235147,59.03094474882707,3.790618075205444,True,False,True,False,True,0.6153464214786553,0.0,0.0,0.0,0.0,0,0.935818908122503,0.9804260985352868,False,False,False,False,-0.08258158959094834,-0.11011779841928321,False,False,False,False,2473332.0,2194668.2118727067,False,False,False,False,145006.4510831926,False,False,False,False
2025-09-26 18:00:00+00:00,39.995,40.01,39.93,39.975,107075.0,,,,,,39.608168353292996,39.6481705541179,40.125218723615994,40.13946333784768,40.48795546431689,40.86911502637552,40.949165195760195,42.439591711045814,43.18819668148759,43.21213195801874,43.887192307583256,,,,39.42158265994684,39.623890273525554,39.449049638342395,,,40.48795546431689,43.887192307583256,41.32312448304205,39.498174190604935,"rgba(38, 166, 154, 1.0)",0.5074694594287529,40.29457952842244,-0.629751253961531,60.76801016743832,5.393378387969385,True,False,True,False,True,0.44106112807570597,0.0,0.0,0.0,0.0,0,0.936391518869182,0.9815975463395126,False,False,False,False,-0.07365403394605778,-0.0918859161826705,False,False,False,False,2366257.0,2197328.5031615016,False,False,False,False,144418.3665702749,False,False,False,False
2025-09-26 19:00:00+00:00,39.975,40.085,39.92,40.08,253117.0,,,,,,39.636726972687526,39.66312977889985,40.1240528082966,40.138131376145445,40.483037238816806,40.861749973813595,40.94143535676509,42.424955328288455,43.170193272810025,43.194023608596154,43.86637891557639,,,,39.53278131596388,39.643256329871804,39.46443649105465,,,40.483037238816806,43.86637891557639,41.318528602790536,39.546824712296775,"rgba(38, 166, 154, 1.0)",0.5094551939034972,40.30134430389293,-0.43447256312566307,62.791649062617836,7.343683397067423,True,False,True,False,True,1.3504592780443723,0.0,0.0,0.0,0.0,0,0.9342035162493337,0.9812200319659037,False,False,False,False,-0.06813340908425486,-0.08000966263346268,False,False,False,False,2619374.0,2203871.8441977575,False,False,False,False,146103.61670096833,False,False,False,False
2025-09-29 14:00:00+00:00,39.92,40.08,39.795,40.075,103835.0,,,,,,39.64612924111571,39.668216449560774,40.12336153991162,40.137373988501665,40.48085329997353,40.85860470491722,40.93814736021597,42.418890607543126,43.162762089248076,43.18654979922637,43.857806187821105,,,,39.564285978202285,39.64980774938197,39.47002962661151,,,40.48085329997353,43.857806187821105,41.316245024366836,39.56137445139859,"rgba(38, 166, 154, 1.0)",0.5098527609403425,40.30300308628028,-0.4471939817679111,64.05440012657445,8.65114429415825,True,False,True,False,True,1.3052358669970126,0.0,0.0,0.0,0.0,0,0.9321561338289959,0.9815454062665964,False,False,False,False,-0.0791791439454478,-0.07959440328945525,False,False,False,False,2515539.0,2208703.893124924,False,False,False,False,145448.28931025564,False,False,False,False
2025-09-29 15:00:00+00:00,40.075,40.215,40.01,40.075,66769.0,,,,,40.1,39.65391048870367,39.67258252116848,40.12328797759997,40.13725677191302,40.47978597234082,40.85686207536475,40.936301861430415,42.4151927460745,43.15817656838921,43.18193664032321,43.85247902560705,,,,39.5873371415658,39.65531633902843,39.474365991013286,,,40.47978597234082,43.85247902560705,41.21398105407626,39.57233982386917,"rgba(38, 166, 154, 1.0)",0.5116886194199481,40.20398638676433,-0.25207984283595014,64.89623416921219,9.65353945903476,True,False,True,False,True,1.3052358669970126,0.0,0.0,0.0,0.0,0,0.9354111405835539,0.9805039787798413,False,False,False,False,-0.03290000895262366,-0.05624720612103945,False,False,False,False,2515539.0,2213461.0265648477,False,False,False,False,144228.455367461,False,False,False,False
2025-09-29 16:00:00+00:00,40.075,40.115,39.985,40.065,145669.0,,,,,40.06914344420489,39.66837164432797,39.68083678073479,40.12282205144484,40.13669775874297,40.47720457279054,40.852863453079195,40.93208849661451,42.40700994869779,43.14807339275932,43.17177362330316,43.84077034186042,,,,39.62747157163379,39.6657085869226,39.48295665727805,,,40.47720457279054,43.84077034186042,41.208971292380035,39.59204560527815,"rgba(38, 166, 154, 1.0)",0.5118958491343785,40.205492669457534,-0.27445557469378046,65.2418666567569,10.277075604464905,True,False,True,False,True,1.2112314011694778,0.0,0.0,0.0,0.0,0,0.9489178653044761,0.9821212528565672,False,False,False,False,-0.044103156641303494,-0.05017518138117147,False,False,False,False,2369870.0,2215885.9718894237,False,False,False,False,144250.7893927717,False,False,False,False
2025-09-29 17:00:00+00:00,40.065,40.215,40.035,40.205,71090.0,,,,40.151666666666664,40.089834789979584,39.676728447806866,39.68574467248484,40.122917778625116,40.136747240359206,40.476241981504614,40.85116115198329,40.93027188092759,42.40320039448371,43.14331999609458,43.166990859222125,43.83522763475373,,,,39.64854329647505,39.67179774297613,39.487750447569795,,,40.476241981504614,43.83522763475373,41.128465653453226,39.60269716234033,"rgba(38, 166, 154, 1.0)",0.5126668218940177,40.13365737293496,0.13915982860264828,66.97913767171936,12.217069501069481,True,False,True,False,True,2.487404417908955,0.0,0.0,0.0,0.0,0,0.9479768786127164,0.9751310660034954,False,False,False,False,-0.030660459560084362,-0.04041782047062792,False,False,False,False,2440960.0,2219375.4917050917,False,False,False,False,143116.5135882326,False,False,False,False
2025-09-29 18:00:00+00:00,40.205,40.21,40.06,40.1,114648.0,,,,40.13417773063849,40.09948012520426,39.688844590099635,39.692979277455656,40.1229199908969,40.136676109520465,40.474567059685576,40.84832267060299,40.92725398121902,42.39700673174245,43.13561350597725,43.15923727283844,43.8262553385472,,,,39.677449235750565,39.68074149333367,39.49501450469301,,,40.474567059685576,43.8262553385472,41.126410337263714,39.61773507792575,"rgba(38, 166, 154, 1.0)",0.5134155193370517,40.13613391408563,-0.07037947378818926,65.77267883753922,12.217069501069481,True,False,True,False,True,1.4751841845376603,0.0,0.0,0.0,0.0,0,0.948793963077752,0.9765530251987607,False,False,False,False,-0.028869042470890477,-0.0346434314707592,False,False,False,False,2326312.0,2221033.422066253,False,False,False,False,142675.14128453907,False,False,False,False
2025-09-29 19:00:00+00:00,40.095,40.12,39.81,39.905,824921.0,,,,39.979766912809694,39.995290597011795,39.73068043878004,39.71977200953709,40.11635618201984,40.12963154082509,40.4570800335828,40.82366640513822,40.901514385381255,42.34999586696338,43.078086748285315,43.1013820870439,43.759905831505876,,,,39.75894991631137,39.7137054249335,39.529206949832016,,,40.4570800335828,43.759905831505876,41.08793300299109,39.66728743035896,"rgba(38, 166, 154, 0.75)",0.5123196408640323,40.12751670643865,-0.43433178955109,61.2976206659668,15.997384746693626,True,False,True,False,False,0.0,0.0,0.0,0.0,0.0,0,0.9384408602150535,0.9821236559139789,False,False,False,False,-0.059357757412835666,-0.04700059444179743,False,False,False,False,1501391.0,2209876.1752125127,False,False,False,False,153252.5964584222,False,False,False,False
2025-09-30 14:00:00+00:00,39.5,39.64,39.08,39.12,101293.0,,,,39.91602181419102,39.940583199309366,39.721819954649575,39.71410514596457,40.1125845734549,40.12581448409264,40.452326564478675,40.81850994375949,40.896313579769675,42.34278545245406,43.069696646692094,43.0929546973009,43.75052177154378,,,,39.74168103714731,39.70716252546224,39.526903251923834,,,40.452326564478675,43.75052177154378,41.07338752520467,39.65858227151113,#000000,0.5107316779361576,40.11694772552266,-1.9519990018071283,50.62883519682119,6.295343515784474,False,False,False,False,False,0.0,0.0,0.0,0.0,0.0,0,0.9214314010299746,0.9874554337778955,False,False,False,False,-0.16916837447653965,-0.10808448445916854,False,False,False,False,1400098.0,2197321.474821621,False,False,False,False,152447.02131953192,False,False,False,False
2025-09-30 15:00:00+00:00,39.12,39.18,38.955,39.02,156998.0,,,,39.80908140720018,39.84637552529565,39.7020027993055,39.70113374158571,40.10522069115386,40.11838663452963,40.44361407642119,40.809409379744864,40.88718876370177,42.330848249069525,43.05598638414252,43.07918814569503,43.73531556425072,,,,39.70516105173202,39.69218562080506,39.520190330020185,,,40.44361407642119,43.73531556425072,41.04798087400739,39.63917900085242,"rgba(239, 83, 80, 1.0)",0.5104511341558529,40.09736110071812,-2.110605753672732,42.93660334745884,-0.2356091689288391,False,True,False,True,False,0.0,0.0,0.0,0.0,0.0,0,0.9185234014502305,0.9994726433750827,False,False,False,False,-0.22357774416201584,-0.1658311143105922,False,False,False,False,1243100.0,2182527.343429038,False,False,False,False,152517.57912853142,False,False,False,False
2025-09-30 16:00:00+00:00,39.015,39.09,38.87,38.895,76393.0,,,,39.760394578433406,39.802499336128335,39.6913594579116,39.694060229660636,40.10133777402914,40.11447402717816,40.4391120299987,40.80476499499603,40.88254121047895,42.32489486086163,43.049183191672334,43.072357922681455,43.72779476035526,,,,39.68624332153037,39.68404334026795,39.51630940794216,,,40.4391120299987,43.72779476035526,41.03575187495274,39.62886535658016,"rgba(239, 83, 80, 1.0)",0.5111914364358239,40.08769401675734,-2.333165095787104,37.10072678105866,-5.017790912658114,False,True,False,True,False,0.0,0.0,0.0,0.0,0.0,0,0.9133569275134353,1.0009175514484208,False,False,False,False,-0.24009602090192347,-0.20296356760625783,False,False,False,False,1166707.0,2166778.190817735,False,False,False,False,151337.35309553094,False,False,False,False
2025-09-30 17:00:00+00:00,38.895,39.03,38.845,38.995,61349.0,,,,39.72534219762867,39.7704506504522,39.6830845610617,39.688513250881776,40.098251869852696,40.11136430324929,40.43552827829506,40.801062021818176,40.87883464651516,42.32013609780891,43.04374269920256,43.06689574916007,43.721778425755446,,,,39.671824009765196,39.677676775538124,39.51325816443832,,,40.43552827829506,43.721778425755446,41.0265372885909,39.62091964991388,"rgba(239, 83, 80, 1.0)",0.5073675658213507,40.08038293124016,-2.139243823130657,34.82226669444351,-6.709299596353695,False,True,False,True,False,0.0,0.0,0.0,0.0,0.0,0,0.9131228802504563,1.0024784763892516,False,False,False,False,-0.24816527759197068,-0.22556442259911424,False,False,False,False,1228056.0,2152224.358401956,False,False,False,False,149942.18483048395,False,False,False,False
2025-09-30 18:00:00+00:00,38.995,39.165,38.98,39.1,46660.0,,,,39.70467693534212,39.75115730574282,39.677976383992245,39.68506105306066,40.096171726912054,40.109265139943645,40.43304358402027,40.798445784353135,40.87620780318764,42.3166599102688,43.03974077425538,43.06287714629563,43.71733251976457,,,,39.66308425959516,39.6737353337724,39.5114758720526,,,40.43304358402027,43.71733251976457,41.020662774395305,39.616098488473384,"rgba(239, 83, 80, 1.0)",0.4984273646565489,40.07582020568177,-1.9577982167054147,34.957386717888056,-6.709299596353695,False,True,False,True,False,0.0,0.0,0.0,0.0,0.0,0,0.9170453070232374,0.9989614435934056,False,False,False,False,-0.2226375386108946,-0.22410098060500444,False,False,False,False,1274716.0,2138619.577651538,False,False,False,False,148340.9106470656,False,False,False,False
2025-09-30 19:00:00+00:00,39.105,39.3,39.07,39.175,187887.0,,,,39.64480337009621,39.69343425706493,39.66156333266037,39.67378801520502,40.0886982311344,40.10171251397975,40.42386361656941,40.78859997861251,40.866292614525946,42.30316783064802,43.024112684149436,43.04718143027687,43.69990030704578,,,,39.63599170998279,39.660971953595684,39.50608128159628,,,40.42386361656941,43.69990030704578,41.001316783228354,39.60101498172492,"rgba(239, 83, 80, 1.0)",0.4843767891574768,40.061153317738174,-1.829471059667308,36.215287091023654,-6.709299596353695,False,True,False,True,False,0.0,0.0,0.0,0.0,0.0,0,0.9198606271777001,0.9954832881662155,False,False,False,False,-0.20158169226333794,-0.2128413364341712,False,False,False,False,1462603.0,2128138.700478646,False,False,False,False,148954.0283114522,False,False,False,False
2025-10-01 14:00:00+00:00,39.32,39.41,38.865,38.975,178304.0,,,,39.58978276688158,39.639898601414096,39.64396865324735,39.6615008793218,40.08096126608319,40.09390398926025,40.41459572341578,40.77880159159732,40.856446842884075,42.29007088402299,43.009021770854815,43.03202727390187,43.6831233256611,,,,39.607972677747895,39.64709482055594,39.49961950344543,,,40.41459572341578,43.6831233256611,40.98262335142663,39.58489566724976,"rgba(239, 83, 80, 1.0)",0.4753114199623,40.04654178368501,-2.254399407802988,35.25144459023356,-6.766377276997886,False,True,False,True,False,0.0,0.0,0.0,0.0,0.0,0,0.9157546449478237,0.992746245864088,False,False,False,False,-0.21044940408260138,-0.21164537025838628,False,False,False,False,1284299.0,2115055.9144247132,False,False,False,False,149409.06663220486,False,False,False,False
2025-10-01 15:00:00+00:00,38.975,39.085,38.86,39.075,126233.0,,,,39.55195287552798,39.602861140430626,39.63052920425436,39.6519936119583,40.07513993372137,40.08803390274936,40.407738055178186,40.7716218668394,40.84924330719242,42.2806427915385,42.9982003317711,43.021161579388384,43.67112260037175,,,,39.58713789900795,39.63638452738576,39.49434218493401,,,40.407738055178186,43.67112260037175,40.96924932314783,39.57262153710924,"rgba(239, 83, 80, 1.0)",0.4686036858743701,40.03586772137275,-2.0504911726843593,36.227195685517145,-6.766377276997886,False,True,False,True,False,0.0,0.0,0.0,0.0,0.0,0,0.916107807161837,1.0010122738200686,False,False,False,False,-0.23564631009851866,-0.22364584017845246,False,False,False,False,1410532.0,2104133.0630382835,False,False,False,False,149049.74776969006,False,False,False,False
2025-10-01 16:00:00+00:00,39.075,39.095,38.855,38.895,52860.0,,,,39.53598832320309,39.58721338740058,39.624557733854836,39.64774145514667,40.07258888766109,40.08546300740744,40.404767478233,40.76853381564834,40.846148498846055,42.27664079069662,42.993620252590866,43.0165631192203,43.66605296220958,,,,39.57800182592264,39.63159960189631,39.49190538814802,,,40.404767478233,43.66605296220958,40.963529208624486,39.56716893865566,"rgba(239, 83, 80, 1.0)",0.46308082107497944,40.03123793744247,-2.453649310729051,35.24236928393343,-7.713477904793635,False,True,False,True,False,0.0,0.0,0.0,0.0,0.0,0,0.9264911611344268,1.0010174233753024,False,False,False,False,-0.23514541075192114,-0.2293956254651868,False,False,False,False,1357672.0,2092560.023301256,False,False,False,False,147558.43385078013,False,False,False,False
2025-10-01 17:00:00+00:00,38.895,38.895,38.765,38.825,82353.0,,,,39.50798360459058,39.55996331617852,39.6138455648687,39.640099064809995,40.068215664347605,40.08106047678501,40.39978416573505,40.76342778375114,40.84104338195375,42.27020090332618,42.986294286609095,43.00920891235263,43.65797604437291,,,38.82833333333333,39.56166218194517,39.62298993816269,39.487323433503256,,38.82833333333333,40.39978416573505,43.65797604437291,40.953777166898554,39.37507722173611,"rgba(239, 83, 80, 1.0)",0.45579548321934044,39.91855201678252,-2.3992164403618546,33.99548694749019,-9.43088599126336,False,True,False,True,False,0.0,1.0,38.895,38.765,0.0,0,0.9266734798160448,0.9998722534491572,False,False,False,False,-0.2643987134475551,-0.24689716945637097,False,False,False,False,1275319.0,2079889.6198392208,False,False,False,False,146547.49689185328,True,False,False,False
2025-10-01 18:00:00+00:00,38.825,38.975,38.825,38.87,112384.0,,,,39.476319373555405,39.52866694363495,39.600795529718496,39.630671926124776,40.06259142439319,40.075395337613166,40.39329912430805,40.75672366021478,40.83433033905072,42.26160810851769,42.97648595710837,42.999361893003325,43.64713738109234,,,38.86392157114468,39.54226136373762,39.612423141030796,39.481747415992245,,38.86392157114468,40.39329912430805,43.64713738109234,40.94179899987194,39.375088372976336,"rgba(239, 83, 80, 1.0)",0.44720883124035865,39.910837715061994,-2.327408678793698,34.0105824057359,-9.978362549659892,False,True,False,True,False,0.0,0.0,0.0,0.0,0.0,0,0.9311938382541719,0.995378690629012,False,False,False,False,-0.2502241049125894,-0.24856063718448018,False,False,False,False,1387703.0,2069158.0443378373,False,False,False,False,146017.83027337494,False,False,False,False
2025-10-01 19:00:00+00:00,38.875,39.015,38.865,38.955,265420.0,,,,39.41896489591981,39.47067237851513,39.57401282558064,39.61090661033202,40.0501324430142,40.06283836520514,40.37875452208172,40.74154018631534,40.81910122286691,42.24181492485261,42.95381607882985,42.976600563318414,43.62202772506535,,,38.91068786305544,39.50411941463348,39.59044779915922,39.470169165148384,,38.91068786305544,40.37875452208172,43.62202772506535,40.91701405706901,39.368856060499134,"rgba(239, 83, 80, 1.0)",0.44093956808539064,39.89383563687598,-2.1291707635867403,35.626022519548215,-9.978362549659892,False,True,False,True,False,0.0,0.0,0.0,0.0,0.0,0,0.9300411522633744,0.9933127572016465,False,False,False,False,-0.24216867638285222,-0.2453646567836662,False,False,False,False,1653123.0,2062707.8886116692,False,False,False,False,147869.0267032451,False,False,False,False
2025-10-02 14:00:00+00:00,39.69,39.765,39.405,39.75,168709.0,,,,39.43315731570646,39.480731426837664,39.575682454807925,39.61143009124241,40.047246673586514,40.059873685055535,40.374068709663646,40.735703359723786,40.813090827421426,42.231982555665255,42.94201375514141,42.964736404731255,43.60855725638003,,,39.10634404626742,39.50941995188942,39.591463595370094,39.472466264976056,,39.10634404626742,40.374068709663646,43.60855725638003,40.91371342430487,39.41992346462575,"rgba(239, 83, 80, 0.75)",0.43140732409163496,39.90340694034468,-0.35559651349844873,45.55815083721272,-10.503363987687415,False,True,False,True,True,0.10064408128100766,0.0,0.0,0.0,0.0,0,0.9315969149070676,0.9828044000505757,False,False,False,False,-0.11572943684355705,-0.1805470468136116,False,False,False,False,1821832.0,2058973.378710713,False,False,False,False,148192.12706443507,False,False,False,False
2025-10-02 15:00:00+00:00,39.745,39.81,39.625,39.705,118739.0,,,,39.44527126351985,39.49006630830855,39.578090855597615,39.61270442857699,40.0456012374496,40.05817201805769,40.37113218943811,40.7319047640281,40.80915941391646,42.22530140865431,42.93394080903829,42.95661982286867,43.59930530744468,,,39.20274963606005,39.51486874900045,39.59319689454409,39.47473759966828,,39.20274963606005,40.37113218943811,43.59930530744468,40.912097678992225,39.44638821981822,"rgba(38, 166, 154, 0.5)",0.42253447004830497,39.90879651410809,-0.48231926281610427,51.592457351464205,-5.143246131129011,False,False,True,False,True,0.0,0.0,0.0,0.0,0.0,0,0.9346562184024263,0.9848331648129427,False,False,False,False,-0.09033110636130354,-0.13543907658745757,False,False,False,False,1703093.0,2053455.853459384,False,False,False,False,147735.4894355291,False,False,False,False
2025-10-02 16:00:00+00:00,39.705,40.035,39.68,40.005,134053.0,,,,39.466745265124565,39.5081236530248,39.584455490904,39.6167968704646,40.04483258266975,40.05733674030278,40.368813361955894,40.728457619679936,40.80553172994246,42.21837831584862,42.925419277276816,42.94804833064528,43.58942983821235,,,39.30977774639751,39.52634215539763,39.59815069440015,39.47928748261323,,39.30977774639751,40.368813361955894,43.58942983821235,40.912489928927066,39.478389519702134,"rgba(38, 166, 154, 1.0)",0.4120157545320355,39.91701541374003,0.21354665517560878,57.650274375972124,0.1467365893082757,True,False,True,False,True,2.3114172769566466,0.0,0.0,0.0,0.0,0,0.9357287449392709,0.9850708502024296,False,False,False,False,-0.058129911059555305,-0.09678449382350644,False,False,False,False,1837146.0,2050102.2123204789,False,False,False,False,147523.3578163736,False,False,False,False
2025-10-02 17:00:00+00:00,40.005,40.21,39.965,40.145,115210.0,,,,39.49135726519923,39.5296197214081,39.59300669549286,39.62258875481517,40.04512520164031,40.05756937480149,40.36769337351536,40.726233378303654,40.80312573360612,42.21297322455831,42.91861648639413,42.94120198567876,43.58144324701608,,,39.40187576991137,39.54058903924135,39.604964696042735,39.4849163041398,,39.40187576991137,40.36769337351536,43.58144324701608,40.914658034033046,39.508086452333814,"rgba(38, 166, 154, 1.0)",0.413964005921791,39.92594276894274,0.5291697537071598,62.5056437485587,4.32529658149754,True,False,True,False,True,3.4902821572858365,0.0,0.0,0.0,0.0,0,0.9438244991123508,0.9780623890438755,False,False,False,False,-0.006431882502429508,-0.05160818816296797,False,False,False,False,1952356.0,2048586.7671682232,False,False,False,False,147022.3755246469,False,False,False,False
2025-10-02 18:00:00+00:00,40.145,40.37,40.095,40.295,181765.0,,,,39.534948342953236,39.5684271477348,39.60963633009411,39.63413887134811,40.04666818723005,40.059015138128544,40.36692769578537,40.723579488693,40.800155654956086,42.20509162194263,42.90850667339631,42.931022882598405,43.56944585487052,,,39.5331848237181,39.56716563336468,39.61838783748238,39.49564137415974,,39.5331848237181,40.36692769578537,43.56944585487052,40.9198126069024,39.55359491718122,"rgba(38, 166, 154, 1.0)",0.41858526207003216,39.941143619887825,0.8453627305515936,66.56679932007768,7.874392479092791,True,False,True,False,True,4.736135744741347,0.0,0.0,0.0,0.0,0,0.9470491596107667,0.9694174143813981,False,False,False,False,0.022267537175902852,-0.01467032549353256,False,False,False,False,2134121.0,2049912.87930515,False,False,False,False,147561.02086535003,False,False,False,False
2025-10-02 19:00:00+00:00,40.295,40.38,40.205,40.28,363730.0,,,,39.612335747623774,39.638190268013034,39.642198683290715,39.65726372366868,40.05019964392765,40.062354784959275,40.36588860875831,40.71874592628658,40.794681871159945,42.189788039437744,42.88876815264138,42.91114648459276,43.54594641257594,,,39.7112688204182,39.617240203454216,39.645038681644024,39.51717974744719,,39.7112688204182,40.36588860875831,43.54594641257594,40.92903910361045,39.622681863240906,"rgba(38, 166, 154, 1.0)",0.4245021673568977,39.96650259410303,0.7385060195308815,69.0274339668319,10.108941743499791,True,False,True,False,True,4.594634695298044,0.0,0.0,0.0,0.0,0,0.9496148503598935,0.969566864503094,False,False,False,False,0.03773931864742766,0.01153449657694755,False,False,False,False,1770391.0,2045579.2067577832,False,False,False,False,150912.4779061973,False,False,False,False
2025-10-03 14:00:00+00:00,40.84,41.43,40.615,41.295,170898.0,,,,39.68144259121415,39.702430196453676,39.67463031966778,39.68105174781166,40.05744924267835,40.06949731643266,40.37050293242405,40.720794130618295,40.796275053099095,42.18576500963215,42.882506157928304,42.9048156361448,43.537787949585905,,,39.8511249317335,39.66450689264572,39.671978841091864,39.53729992110155,,39.8511249317335,40.37050293242405,43.537787949585905,40.94345756028392,39.68122764664316,"rgba(38, 166, 154, 1.0)",0.46681799026670423,39.99157767729685,2.7921424406940116,74.4025969616815,15.1586334830955,True,False,True,False,True,12.279916731570282,0.0,0.0,0.0,0.0,0,0.9544110399211431,0.9465253819615578,False,False,False,False,0.18571700983085246,0.0986257532039,False,False,False,False,1941289.0,2043962.30432743,False,False,False,False,151222.33096191517,False,False,False,False
2025-10-03 15:00:00+00:00,41.295,41.32,41.02,41.285,145046.0,,,,39.73886355765867,39.75610549163784,39.702799596994716,39.70193911253391,40.06407171567591,40.07602847844157,40.3748699433421,40.72293258150469,40.79801620987212,42.182674448808676,42.87750950807051,42.89976042357115,43.531176085808355,,,39.957058800474485,39.70482238117305,39.69553672425982,39.55498835180824,,39.957058800474485,40.3748699433421,43.531176085808355,40.95590362722463,39.728101564428904,"rgba(38, 166, 154, 1.0)",0.5053477350636267,40.01253193938865,2.5180048752986552,77.85137489230078,18.423990556433807,True,False,True,False,True,12.184241410365651,0.0,0.0,0.0,0.0,0,0.9630946542422754,0.9493624325649831,False,False,False,False,0.2609365061483142,0.1797811296761071,False,False,False,False,1796243.0,2040121.6949580126,False,False,False,False,151126.57389273818,False,False,False,False
2025-10-03 16:00:00+00:00,41.285,41.66,41.255,41.655,208366.0,,,,39.83032593586368,39.84218589715568,39.74959939813129,39.73703368416504,40.07603547389133,40.0878547292415,40.38340539796261,40.727944343179935,40.80239243837444,42.1796930921711,42.871728323201964,42.89389351530856,43.52302241418509,,,40.11497365169365,39.77057551599619,39.7349308255552,39.58447138466692,,40.11497365169365,40.38340539796261,43.52302241418509,40.977316510987094,39.801237844477996,"rgba(38, 166, 154, 1.0)",0.5551441092028091,40.04667951551329,2.897122490944326,80.98893395317657,21.50749973599686,True,False,True,False,True,14.680662357448337,0.0,0.0,0.0,0.0,0,0.9773315264260193,0.9404952568683015,False,False,False,False,0.3283972647869819,0.2540891972315445,False,False,False,False,2004609.0,2039571.1105400587,False,False,False,False,152014.00685564146,False,False,False,False
2025-10-03 17:00:00+00:00,41.655,41.69,41.475,41.55,121331.0,,,,39.88079089397067,39.889886717928924,39.77647151413547,39.75738931625054,40.083141642868,40.09488139572471,40.38852564525779,40.731009458272155,40.80508567819215,42.178096370718976,42.868504492103476,42.89061987923126,43.51841900957807,,,40.195751392593436,39.80771468841817,39.75769638980904,39.601653827911086,,40.195751392593436,40.38852564525779,43.51841900957807,40.98944784724863,39.84070407468293,"rgba(38, 166, 154, 1.0)",0.5963580761216772,40.06573752861031,2.488877959098594,81.62575437540872,22.425303560652836,True,False,True,False,True,13.6603337339041,0.0,0.0,0.0,0.0,0,0.9802931395492053,0.9408794186476171,False,False,False,False,0.3428282307522122,0.29845871399187834,False,False,False,False,1883278.0,2037147.9615394375,False,False,False,False,151538.30132299586,False,False,False,False
2025-10-03 18:00:00+00:00,41.545,41.635,41.425,41.625,127072.0,,,,39.93030561497847,39.936822065110526,39.803626177329264,39.77811454297087,40.09046250199763,40.10212019435784,40.39379614480309,40.734157916456454,40.80784967701109,42.176405635737545,42.8651193127984,42.887182815870034,43.513596368322354,,,40.27072499419746,39.84479241566209,39.78081372996597,39.619243843780225,,40.27072499419746,40.39379614480309,43.513596368322354,41.001504535980274,39.878893745901436,"rgba(38, 166, 154, 1.0)",0.6370266304704352,40.08460214243454,2.4181059062285937,82.27055133431277,23.553468233807976,True,False,True,False,True,14.164811476300311,0.0,0.0,0.0,0.0,0,0.9824669712310158,0.9412273120138294,False,False,False,False,0.3304551517802627,0.3144569328860705,False,False,False,False,2010350.0,2036732.489267508,False,False,False,False,151158.97882186415,False,False,False,False
2025-10-03 19:00:00+00:00,41.625,41.955,41.555,41.76,461855.0,,,,40.10693678433018,40.10532717455843,39.905945018055284,39.85740774434235,40.119918318543036,40.13127523859793,40.41569279394458,40.748052859936074,40.82028313638798,42.17226259646432,42.854780677918264,42.876654787476795,43.49799774645521,,,40.51786458504011,39.981207349381414,39.868745946941814,39.686760926386704,,40.51786458504011,40.41569279394458,43.49799774645521,41.047118067462335,40.01364470193751,"rgba(38, 166, 154, 1.0)",0.6796504931164075,40.1541196066787,2.3628032490020603,83.09807463213379,24.956277862987776,True,False,True,False,True,15.0701073282615,0.0,0.0,0.0,0.0,0,0.9860768851651057,0.9332183341547564,False,False,False,False,0.34282823198821494,0.3286425824371427,False,False,False,False,2472205.0,2043484.0010618102,False,False,False,False,155975.97139826935,False,False,False,False
2025-10-06 14:00:00+00:00,41.385,41.865,41.18,41.815,175492.0,,,,40.16056783373685,40.15680642660068,39.939399969577934,39.88384573481864,40.129927576956234,40.14117677687383,40.42300029319255,40.75253200251472,40.82424537269914,42.17019906412339,42.85042002903032,42.87222376561553,43.491683581115865,,,40.58337550547466,40.02446477431695,39.89786730946388,39.70968959517835,,40.58337550547466,40.42300029319255,43.491683581115865,41.06123295591197,40.05384929610846,"rgba(38, 166, 154, 1.0)",0.7206407121698124,40.17589786883297,2.274506704224045,83.81335011390176,26.293880919414406,True,False,True,False,True,15.438578547419606,0.0,0.0,0.0,0.0,0,0.9767073170731704,0.9352439024390247,False,False,False,False,0.29152213375034747,0.31008235809374507,False,False,False,False,2647697.0,2052851.6444562008,False,False,False,False,156278.54548511788,False,False,False,False
2025-10-06 15:00:00+00:00,41.815,41.945,41.515,41.67,153713.0,,,,40.20722376010786,40.20170705000053,39.96916097138442,39.907526662350115,40.139108502356244,40.15026319784188,40.42980424380894,40.756820770721845,40.828072652423565,42.16869783970653,42.846903306536156,42.868645342438434,43.48645206399051,,,40.63912864407741,40.06255391210869,39.92388243075599,39.7302558691075,,40.63912864407741,40.42980424380894,43.48645206399051,41.073875874128234,40.0889552140124,"rgba(38, 166, 154, 1.0)",0.7534519180368222,40.19521616515077,1.9573695408353304,81.81388780453946,26.293880919414406,True,False,True,False,True,13.967050643337497,0.0,0.0,0.0,0.0,0,0.9844357976653695,0.9350680933852143,False,False,False,False,0.33723173362204156,0.32365704585789334,False,False,False,False,2493984.0,2059690.9057824612,False,False,False,False,156238.76958612382,False,False,False,False
2025-10-06 16:00:00+00:00,41.665,41.725,41.48,41.54,64349.0,,,,40.2243338309679,40.218207662810464,39.98042812762471,39.91656592414921,40.1426089121695,40.153725463379146,40.43234787660188,40.75836459802723,40.829433346658824,42.167897269216134,42.845272073747836,42.86698863782685,43.48411354545797,,,40.65825864444505,40.07679015457038,39.93378602447318,39.738190504074204,,40.65825864444505,40.43234787660188,43.48411354545797,41.07848363604906,40.101756331890705,"rgba(38, 166, 154, 0.75)",0.7799788169915409,40.20238740975829,1.7149345098896682,78.38514122083022,26.293880919414406,True,False,True,False,False,12.662153785992963,0.0,0.0,0.0,0.0,0,0.9841211225997042,0.9496553421959629,False,False,False,False,0.3089955871036795,0.31632631648078646,False,False,False,False,2429635.0,2065426.4731346709,False,False,False,False,154814.12199564127,False,False,False,False
2025-10-06 17:00:00+00:00,41.545,42.025,41.53,41.945,111449.0,,,41.833333333333336,40.25829254859481,40.25097734762689,40.00258336807644,39.93432427373121,40.149684644733355,40.160732349018666,40.43768569707363,40.76183796421513,40.832562968865076,42.16710890421713,42.84301750178112,42.86468922654217,43.480610902083214,,,40.698162219289,40.10484489269675,39.953238680088134,39.75362741721865,,40.698162219289,40.43768569707363,43.480610902083214,41.141245787849435,40.12746830232314,"rgba(38, 166, 154, 0.75)",0.8178820593848644,40.266803751623485,2.0518804992968063,78.19380835557561,26.293880919414406,True,False,True,False,False,15.439261109772495,0.0,0.0,0.0,0.0,0,0.9894361872005895,0.93010686647832,False,False,False,False,0.34282823213997776,0.3295772743103821,False,False,False,False,2541084.0,2072801.0084349085,False,True,False,False,154141.79452284062,False,False,False,False
2025-10-06 18:00:00+00:00,41.945,41.985,41.71,41.795,154201.0,,,41.83139844406801,40.302886674219266,40.294093667922205,40.03232369744434,39.95831683064976,40.15935835113427,40.17031210768236,40.44498691357971,40.766592035198,40.836846764481514,42.1660133955558,42.83990434398257,42.86151434732634,43.47577932088777,,,40.7489549028196,40.14214360990289,39.979459031164694,39.774580995913894,,40.7489549028196,40.44498691357971,43.47577932088777,41.152880492437994,40.16128463495027,"rgba(38, 166, 154, 0.75)",0.8484519129857669,40.28566326785888,1.7789302010406827,75.88209945668808,31.939949879102187,True,False,True,False,False,13.941795276829112,0.0,0.0,0.0,0.0,0,0.9972996194918371,0.923652878360133,False,False,False,False,0.34282823259926476,0.3362027534548234,False,False,False,False,2386883.0,2077670.4966762275,False,False,False,False,154142.71243721517,False,False,False,False
2025-10-06 19:00:00+00:00,41.795,41.88,41.64,41.66,241834.0,,,41.781490063397726,40.36354236731285,40.3529223873896,40.074492777256175,39.99273397930542,40.173382713700946,40.18419487329125,40.45544158921743,40.77324695489415,40.84280009687583,42.163785599768154,42.83456467742679,42.856079340340514,43.46778643910476,,,40.81324145517994,40.19410883215803,40.01692104565853,39.804994219468725,,40.81324145517994,40.45544158921743,43.46778643910476,41.1654617042344,40.20731638811631,"rgba(38, 166, 154, 0.75)",0.8732031331324152,40.309587620483235,1.5465042763560273,72.47484072383918,28.446135245018638,True,False,True,False,False,12.60959952195629,0.0,0.0,0.0,0.0,0,0.998160186434441,0.9228504844842392,False,False,False,False,0.32385634112259565,0.33002954728870953,False,False,False,False,2145049.0,2078715.1246347355,False,False,False,False,155502.26728314982,False,False,False,False
2025-10-07 14:00:00+00:00,40.84,41.495,40.645,41.46,141635.0,,,41.654611409207455,40.383904483142665,40.37281664101449,40.090662762305904,40.00634029248833,40.17873476747059,40.18947407355572,40.45898167036852,40.77497242785046,40.8441942939031,42.16093186370677,42.82998575508773,42.85144721335826,43.46173330592948,,,40.827582875519745,40.21306523378707,40.03159320084163,39.817608079144605,,40.827582875519745,40.45898167036852,43.46173330592948,41.16134221138496,40.22246234732326,"rgba(38, 166, 154, 0.75)",0.8918677991561991,40.31256637099171,1.2865512468259124,67.66929214077729,23.82689396262559,True,False,True,False,False,10.669785977253408,0.0,0.0,0.0,0.0,0,0.9773357444243521,0.9316455696202535,False,False,False,False,0.18079571232230093,0.2554126298055052,False,False,False,False,2003414.0,2077547.665338073,False,False,False,False,155287.270891163,False,False,False,False
2025-10-07 15:00:00+00:00,41.455,41.555,41.265,41.295,94030.0,,,41.6188106557366,40.39961406306996,40.38815155459928,40.10276553746227,40.016480162858244,40.182849322518386,40.19353893703441,40.461853525301706,40.77656983276812,40.84555757206689,42.15938340619213,42.82727866540224,42.84870445988282,43.458036172277744,,,40.84065517581188,40.22738167120366,40.042536381925814,39.826881414210284,,40.84065517581188,40.461853525301706,43.458036172277744,41.16282813336934,40.23436366078791,"rgba(38, 166, 154, 0.5)",0.9058901699436569,40.31797787743747,1.0785216077830913,62.58777434632536,19.126460547172982,False,False,True,False,False,9.102156939927717,0.0,0.0,0.0,0.0,0,0.9867947178871548,0.9314525810324134,False,False,False,False,0.2500316745000489,0.25272215215277705,False,False,False,False,1909384.0,2074940.4767281804,False,False,False,False,154337.54576106745,False,False,False,False
2025-10-07 16:00:00+00:00,41.295,41.32,41.035,41.135,84459.0,,,41.572328312437776,40.410370421385835,40.398695815665235,40.11169000841192,40.02407985127652,40.185877517664935,40.19652485368011,40.463830542910735,40.77749761297508,40.84629357236736,42.15763125180516,42.82450888643066,42.8459032729943,43.45439600379222,,,40.84747169421356,40.2376556856895,40.0506974600447,39.83400633252332,,40.84747169421356,40.463830542910735,43.45439600379222,41.16211628027127,40.24245779311777,"rgba(38, 166, 154, 0.5)",0.9164544979688797,40.320740125820194,0.8884891459253376,57.527396488827335,14.55446702995043,False,False,True,False,False,7.606473576696889,0.0,0.0,0.0,0.0,0,0.9913452027695351,0.9348417408506433,False,False,False,False,0.20247175120215893,0.227596951677468,False,False,False,False,1824925.0,2071064.2677866584,False,False,False,False,153254.15745469433,False,False,False,False
2025-10-07 17:00:00+00:00,41.135,41.365,40.98,41.005,79889.0,,,41.53221539391682,40.41965606361959,40.407816099109304,40.11962594140873,40.03088552791627,40.18858876305086,40.19919681926172,40.465566281684836,40.77826545623874,40.8468846048408,42.155902048038655,42.82182408859118,42.843188960935684,43.45089349576823,,,40.85274531169257,40.24668876915093,40.05798910230773,39.84044201678355,,40.85274531169257,40.465566281684836,43.45089349576823,41.161464967455814,40.249466299983695,#000000,0.9223593034632575,40.32320170869443,0.7391894771870055,52.8824476491857,10.405496230404324,False,True,False,False,False,6.406180771807097,0.0,0.0,0.0,0.0,0,0.9923029174425821,0.9365611421477347,False,False,False,False,0.20145954273023062,0.2145282472038493,False,False,False,False,1745036.0,2066009.5659605085,False,False,False,False,152116.71315307115,False,False,False,False
2025-10-07 18:00:00+00:00,41.005,41.075,40.935,40.995,68442.0,,,41.49500833897747,40.42613833876317,40.41420923058096,40.12555298588958,40.0360385377395,40.19061272786843,40.20118823271206,40.46678463683086,40.7786979064214,40.84717393362025,42.154261750293,42.81937601768599,42.84071590226904,43.447753764083785,,,40.855203447999216,40.253277547443155,40.063487072537704,39.845412197681334,,40.855203447999216,40.46678463683086,43.447753764083785,41.160250878838255,40.25434506641535,"rgba(239, 83, 80, 1.0)",0.925153106394183,40.324559637869086,0.7246804420772862,49.68534454237263,7.544607436684963,False,True,False,True,False,6.313440998116178,0.0,0.0,0.0,0.0,0,0.9855828983345762,0.9402187422321654,False,False,False,False,0.16777159050458598,0.19114991885421764,False,False,False,False,1676594.0,2059972.1153254618,False,False,False,False,150819.43077860493,False,False,False,False
2025-10-07 19:00:00+00:00,40.995,41.01,40.805,40.94,161702.0,,,41.41304091536785,40.43875795482161,40.42671350651408,40.13794250373974,40.04696635534349,40.19486755083699,40.20536839923775,40.46919620443366,40.77933361370418,40.847486816793946,42.150125959095284,42.81335428106863,42.834635753780674,43.440116041331265,,,40.85757297681947,40.26671317229284,40.075094132855654,39.85615324928998,,40.85757297681947,40.46919620443366,43.440116041331265,41.156993275433514,40.263883382814484,"rgba(239, 83, 80, 1.0)",0.9265322201388827,40.3269741962136,0.66163463122147,46.961907845566245,4.99432105416669,False,True,False,True,False,5.7968584378919985,0.0,0.0,0.0,0.0,0,0.9844681908548708,0.9401093439363821,False,False,False,False,0.14833921574906933,0.1697445673016435,False,False,False,False,1514892.0,2051521.2608242917,False,False,False,False,150988.15278203742,False,False,False,False
2025-10-08 14:00:00+00:00,40.585,40.825,40.34,40.405,154823.0,,,41.30646371323818,40.44078442569947,40.428954878988776,40.143624131010824,40.05254927725565,40.196696083071494,40.207133090896924,40.4694716241746,40.77822256487853,40.84612788950067,42.14493044728344,42.80643000657172,42.82765763988408,43.431707643447005,,40.52333333333333,40.84597795650365,40.27158273971338,40.080846605482904,39.86248755774394,,40.84597795650365,40.4694716241746,43.431707643447005,41.14862524399296,40.31684563855544,"rgba(239, 83, 80, 1.0)",0.9219424900477708,40.310821554585154,0.10215219108728534,40.85843841913146,-0.7092817568242324,False,True,False,True,False,1.0041633491280813,0.0,0.0,0.0,0.0,0,0.9770483711747288,0.9386722606120438,False,False,False,False,0.08427849077917299,0.12701152904040824,False,False,False,False,1360069.0,2040801.0707339924,False,False,False,False,151047.60777766476,False,False,False,False
2025-10-08 15:00:00+00:00,40.405,40.7,40.39,40.66,90018.0,,,41.25937828967514,40.442743025383756,40.43100939635542,40.147361139080786,40.056141657755916,40.19794348565036,40.20834314111847,40.46980743036031,40.77773201868681,40.84548889299707,42.14203608211017,42.80252857302097,42.82372486504056,43.4269414375236,,40.54539287401483,40.84078513527553,40.274984748652706,40.084568247972975,39.8664448816596,,40.84078513527553,40.46980743036031,43.4269414375236,41.14508424533995,40.322435177515125,"rgba(239, 83, 80, 1.0)",0.918068247085603,40.31106521763474,0.3800749927610987,40.17793119096936,-1.4031148212478257,False,True,False,True,False,3.0790810510930164,0.0,0.0,0.0,0.0,0,0.9809453105666917,0.9413511507052714,False,False,False,False,0.07694085277978832,0.10197619091009828,False,False,False,False,1450087.0,2031642.713048194,False,False,False,False,150101.4123082436,False,False,False,False
2025-10-08 16:00:00+00:00,40.665,40.84,40.655,40.805,74899.0,,,41.23405642267419,40.44640431708916,40.43468546222075,40.151709742833305,40.06012045395102,40.199466087207654,40.20983338096734,40.470534111363335,40.777708892961215,40.845329745534855,42.1399183008044,42.79956014073153,42.82073002269753,43.423242775363455,,40.59722619419945,40.8395855760877,40.27940893650334,40.0887459324159,39.87053820613404,,40.8395855760877,40.470534111363335,43.423242775363455,41.143807132599974,40.33510096906808,"rgba(239, 83, 80, 1.0)",0.9177098895849185,40.31451867597398,0.5344622844239659,41.427788005203794,-1.4031148212478257,False,True,False,True,False,4.2305211101399465,0.0,0.0,0.0,0.0,0,0.984470120511865,0.9388743943347004,False,False,False,False,0.11668277095976362,0.10932948093493094,False,False,False,False,1524986.0,2023787.5702102375,False,False,False,False,148935.4834352476,False,False,False,False
2025-10-08 17:00:00+00:00,40.81,40.955,40.79,40.93,41304.0,,,41.22462010584835,40.449162513126495,40.43742884627346,40.15456397286273,40.062680429036384,40.20048653942771,40.21083551487315,40.47110184193364,40.77784007970128,40.84538128156892,42.138859263240654,42.79802728958761,42.819182484315284,43.42130326369458,,40.63091064616316,40.84004629123949,40.28243201906724,40.0914487265426,39.87309229199196,,40.84004629123949,40.47110184193364,43.42130326369458,41.143676673249296,40.343585995000886,"rgba(239, 83, 80, 0.75)",0.92291583074035,40.31722901704991,0.6639511020832013,43.66168704085988,-1.4031148212478257,False,True,False,True,True,5.2133421429211495,0.0,0.0,0.0,0.0,0,0.9902840059790734,0.9313652217239667,False,False,False,False,0.14139127343535723,0.1253603771851441,False,False,False,False,1566290.0,2016694.5846255827,False,False,False,False,147266.77826570888,False,False,False,False
2025-10-08 18:00:00+00:00,40.93,41.105,40.855,40.995,50237.0,,,41.216848381218256,40.45316946393465,40.441398027063336,40.15844179209656,40.066121068981815,40.20189069324954,40.2122169697973,40.47194308325374,40.77812973111171,40.84556989471575,42.13766981451224,42.79625735341074,42.81739457486504,43.419035175994715,,40.67416182204705,40.841589290066885,40.286626085693136,40.095092210706945,39.87646466989737,,40.841589290066885,40.47194308325374,43.419035175994715,41.14400614458611,40.35478681568228,"rgba(239, 83, 80, 0.75)",0.9267590870371447,40.32111351433375,0.7271431109682068,45.877102659153685,-1.4031148212478257,False,True,False,True,True,5.723834860500425,0.0,0.0,0.0,0.0,0,0.9919204474829088,0.9251709136109391,False,False,False,False,0.16277752293787098,0.14406895006150755,False,False,False,False,1616527.0,2010490.4360267364,False,False,False,False,145762.44061817852,False,False,False,False
2025-10-08 19:00:00+00:00,40.995,41.105,40.93,40.99,177908.0,,,41.19536595669522,40.46749208508973,40.45558722330286,40.17226769597231,40.078406164010005,40.20697012892485,40.21721634767902,40.4750347009592,40.77926398083316,40.84634486347852,42.133562050615964,42.790097430893155,42.81117112190348,43.41111355017339,,40.775066260571734,40.84764671117405,40.3015675872937,40.108091758778826,39.88849272714308,,40.84764671117405,40.4750347009592,43.41111355017339,41.14570666432363,40.38417300899228,"rgba(239, 83, 80, 0.75)",0.9309966325020963,40.332677166280725,0.7060421174163563,47.29332026955278,-1.4031148212478257,False,True,False,True,True,5.677511483008725,0.0,0.0,0.0,0.0,0,0.9930139720558884,0.9295159680638729,False,False,False,False,0.1702717217026843,0.15717033588209592,False,False,False,False,1438619.0,2001624.2122123684,False,False,False,False,146260.82138378816,False,False,False,False
2025-10-09 14:00:00+00:00,41.535,41.655,41.3,41.405,105207.0,,41.45333333333333,41.21018005367796,40.482306405835516,40.47013889420291,40.18447423610558,40.08892633659108,40.21159522916463,40.22178973899565,40.47835783433341,40.781222314727806,40.848049123454814,42.13210204981707,42.787379451290896,42.808414402394874,43.40731654828775,,40.8778295885921,40.860384780583345,40.31549792936824,40.11932103558807,39.89826505595644,,40.860384780583345,40.47835783433341,43.40731654828775,41.17103906348089,40.414259678017636,"rgba(38, 166, 154, 0.5)",0.9413821686158588,40.381846634790676,1.0868629121302527,52.43840019545969,-4.941514856893519,False,True,True,False,True,8.890536315833742,0.0,0.0,0.0,0.0,0,0.9927115503397161,0.9192093885114274,False,False,False,False,0.2640403132750264,0.21060532457856118,False,False,False,False,1543826.0,1994526.5655114015,False,False,False,False,145624.32802900075,False,False,False,False
2025-10-09 15:00:00+00:00,41.405,41.42,41.13,41.335,90042.0,,41.380315545790246,41.21415354155579,40.49262575328105,40.480308092578866,40.19345727015698,40.096772959514546,40.21502520174142,40.22517733085864,40.480725104730126,40.78249663729554,40.84912057696041,42.130567150175956,42.78478696727662,42.80578928288121,43.40381616102843,,40.92571464538944,40.86806924435969,40.325533245075,40.12766071019994,39.90569058564917,,40.86806924435969,40.480725104730126,43.40381616102843,41.16900917172172,40.43053368613465,"rgba(38, 166, 154, 0.5)",0.9502203774737059,40.38598171020011,0.9987349380182584,54.91170755178508,-2.426285663531999,False,False,True,False,True,8.226600706644078,0.0,0.0,0.0,0.0,0,0.9900209436984111,0.9215227300726876,False,False,False,False,0.22229455762458114,0.21644994110157117,False,False,False,False,1453784.0,1986142.959844558,False,False,False,False,144762.5865091713,False,False,False,False
2025-10-09 16:00:00+00:00,41.335,41.465,41.23,41.235,65671.0,,41.362617813889315,41.21732010313169,40.5001259281698,40.48770182477985,40.20000579703931,40.10250255111691,40.21754770005195,40.22766902567455,40.48247465275721,40.78344915476041,40.849924974423615,42.12947126814244,42.782920825111816,42.80389937315831,43.40128861215376,,40.95540072508349,40.87369559419711,40.332834913701475,40.13374612131676,39.91111464036669,,40.87369559419711,40.48247465275721,43.40128861215376,41.16992797362406,40.441358398933104,"rgba(38, 166, 154, 0.5)",0.958180581637684,40.39053440266488,0.8813219694890801,55.193816064892935,-1.8520382974191136,False,False,True,False,True,7.277375406900557,0.0,0.0,0.0,0.0,0,1.0047216699801194,0.9189860834990066,False,False,False,False,0.23714599411821427,0.22679796760989274,False,False,False,False,1388113.0,1976871.1775213864,False,False,False,False,143536.3603617423,False,False,False,False
2025-10-09 17:00:00+00:00,41.235,41.32,41.155,41.305,54749.0,,41.344819985491135,41.218464133886975,40.50589472152811,40.49339716724553,40.20516349586787,40.10704194278355,40.2195459610982,40.22964202435813,40.48383980560183,40.78416547335978,40.850520798136486,42.12850427320302,42.781315964128325,42.80227481609517,43.399135820819964,,40.97383069498198,40.87775272921101,40.338532666069135,40.13855813803096,39.91544418927738,,40.87775272921101,40.48383980560183,43.399135820819964,41.170248425573604,40.44882368351409,"rgba(38, 166, 154, 0.5)",0.9669184030716859,40.39358991129145,0.9425925557039784,56.136696034071704,-0.534643284742522,False,False,True,False,True,7.824629705592248,0.0,0.0,0.0,0.0,0,1.008347869424371,0.9151507600299035,False,False,False,False,0.21465086141575415,0.22072441451282343,False,False,False,False,1442862.0,1968591.965466791,False,False,False,False,142159.81213907962,False,False,False,False
2025-10-09 18:00:00+00:00,41.305,41.305,40.985,40.995,70929.0,,41.29898560002897,41.21432053990011,40.5116323620571,40.499090450946284,40.21073767927697,40.11203610706938,40.22171466292132,40.231779382440365,40.48522682547301,40.78476960138147,40.85098013076738,42.12701729847055,42.77901688361442,42.799950605764685,43.39613861094706,,40.98263837292361,40.880668964143304,40.34450770015937,40.14382315460903,39.92032881811839,,40.880668964143304,40.48522682547301,43.39613861094706,41.168226449403946,40.45439340199074,"rgba(38, 166, 154, 0.5)",0.9713085257799148,40.39463794003405,0.6180961497109101,52.8354813661646,-0.534643284742522,False,True,True,False,False,4.906691255204976,0.0,0.0,0.0,0.0,0,1.0048399106478036,0.912261106974436,False,False,False,False,0.19589961210333814,0.2083120133080808,False,False,False,False,1371933.0,1959341.4388704065,False,False,False,False,141055.45846250473,False,False,False,False
2025-10-09 19:00:00+00:00,40.995,41.05,40.865,40.885,218512.0,,41.166944470151435,41.18799092743953,40.52391685389573,40.51139190852295,40.22441863608197,40.12463014301986,40.22710434919642,40.23707726026185,40.48833807227938,40.78565384384068,40.851454057089036,42.121749715352934,42.77129712650701,42.79215479789968,43.38630860672424,,40.973617396760226,40.88276036868593,40.358495424485724,40.15698894808445,39.93308939934732,,40.88276036868593,40.48833807227938,43.38630860672424,41.160028717884174,40.46099030747273,#000000,0.9744337140429616,40.393561827434446,0.504332070497188,49.4784520200145,-0.534643284742522,False,True,False,False,False,3.900223712098576,0.0,0.0,0.0,0.0,0,1.0038466310956697,0.9171113041320271,False,False,False,False,0.15828974029593965,0.18330087680201024,False,False,False,False,1153421.0,1946846.5483452838,False,False,False,False,142256.33507548913,False,False,False,False
2025-10-10 14:00:00+00:00,40.94,40.965,40.485,40.565,107997.0,,41.09193676872241,41.16513727540233,40.52601389882952,40.513604936958345,40.22856493845143,40.12874484391049,40.22876226529276,40.23869324961953,40.48896502107319,40.78531951389016,40.85094414832129,42.118593946819324,42.76696572133267,42.7877867985481,43.38096398840399,,40.94857718086621,40.87869695125726,40.36212962912221,40.16119617894277,39.93765918637674,,40.87869695125726,40.48896502107319,43.38096398840399,41.15339982103837,40.45765182531304,"rgba(239, 83, 80, 1.0)",0.9740591302327003,40.389307320656,0.18037167754079095,44.430325312636654,1.1110529795191155,False,True,False,True,False,1.0565203219465218,0.0,0.0,0.0,0.0,0,0.9941975308641977,0.9222222222222227,False,False,False,False,0.11225112166694028,0.14777599923447526,False,False,False,False,1045424.0,1932871.0049600855,False,False,False,False,141725.1825936986,False,False,False,False
2025-10-10 15:00:00+00:00,40.545,40.605,40.17,40.275,52998.0,,41.04061069087571,41.14780804486813,40.52479642083012,40.51250382056294,40.22911490097086,40.129558541467475,40.228983738615554,40.238895988428084,40.4887321975176,40.78469383636247,40.85024789655286,42.11670715222984,42.764521363472454,42.78532500609123,43.37803839944012,,40.92517016111142,40.873749431733245,40.36206094495642,40.16195054276008,39.93890739585799,,40.873749431733245,40.4887321975176,43.37803839944012,41.14803586655236,40.45236769528383,"rgba(239, 83, 80, 1.0)",0.9723432873573832,40.384647157077765,-0.11276589091879645,39.14964172492711,-3.7661905495114,False,True,False,True,False,0.0,0.0,0.0,0.0,0.0,0,0.9857972088427815,0.9360256885266156,False,False,False,False,0.04620367856709871,0.096989838900787,False,False,False,False,992426.0,1918290.462247526,False,False,False,False,140349.56735968776,False,False,False,False
2025-10-10 16:00:00+00:00,40.275,40.365,40.125,40.175,47684.0,,40.992624632019684,41.13042561740531,40.52292159247047,40.51075325665912,40.22908467435872,40.12986231231368,40.22897173199154,40.23886779904167,40.488330223219734,40.78396668684737,40.84946282569554,42.11488991546136,42.762209649795004,42.782997801082836,43.37529962115205,,40.90125969307193,40.86830496520463,40.36134929781135,40.162164445548534,39.9396754290083,,40.86830496520463,40.488330223219734,43.37529962115205,41.14271122263427,40.44655076612895,"rgba(239, 83, 80, 1.0)",0.9701388727563314,40.37978661813841,-0.21109000359564986,35.04824883404937,-7.482609222769241,False,True,False,True,False,0.0,0.0,0.0,0.0,0.0,0,0.9883605745418526,0.9354878652798421,False,False,False,False,0.018470425673195883,0.05773013228699144,False,False,False,False,944742.0,1903196.6876390374,False,False,False,False,138912.89189674688,False,False,False,False
2025-10-10 17:00:00+00:00,40.175,40.175,39.825,39.985,74308.0,,40.909152341091875,41.09816039287776,40.51788195272347,40.50596057735025,40.227613601637934,40.129172747086365,40.228374970549716,40.23824760312303,40.487175803866585,40.782382002592506,40.84780301305756,42.11172675869702,42.75829491245257,42.77905943672152,43.37073505004357,,40.855674515067946,40.85708821083097,40.35847814374527,40.16123651780043,39.93990861887061,,40.85708821083097,40.487175803866585,43.37073505004357,41.13278274425811,40.43447720126305,"rgba(239, 83, 80, 1.0)",0.9601788825458394,40.37016146881606,-0.40113511744273367,31.282362222823124,-10.924289351323381,False,True,False,True,False,0.0,0.0,0.0,0.0,0.0,0,0.9815434163260253,0.9400470704818538,False,False,False,False,-0.029168808701111708,0.014280661792939867,False,False,False,False,870434.0,1887184.8630244788,False,False,False,False,137911.26566578957,False,False,False,False
2025-10-10 18:00:00+00:00,39.985,40.165,39.88,39.95,79688.0,,40.83415495521561,41.0656351457753,40.51261705186948,40.50095179474834,40.226078743824175,40.12845922760812,40.22774746886945,40.23759506627048,40.485952135666004,40.78069680822672,40.846037107938024,42.10835038330568,42.75411408175059,42.774853317057584,43.36585849663987,,40.81179465317554,40.84542047137589,40.35547648843356,40.160272512243985,39.94017151665675,,40.84542047137589,40.485952135666004,43.36585849663987,41.1232734523177,40.422627128377144,"rgba(239, 83, 80, 1.0)",0.9540374943056638,40.360965850017095,-0.43076488342440666,28.58704076162138,-13.45432045452894,False,True,False,True,False,0.0,0.0,0.0,0.0,0.0,0,0.9760605308856366,0.9464152815678498,False,False,False,False,-0.02479153753213121,-0.0052554378695956715,False,False,False,False,790746.0,1870185.8108845644,False,False,False,False,137008.5793763975,False,False,False,False
2025-10-10 19:00:00+00:00,39.955,40.005,39.81,39.815,140203.0,,40.712995943999395,41.00683174193193,40.501477267838574,40.490299088840075,40.22201132781082,40.126066311604994,40.226070594197154,40.23587612473192,40.4832805355194,40.777291040294244,40.84250455968217,42.10209507985869,42.74646559719355,42.767160951671556,43.35700409100393,39.87666666666666,40.7345441665778,40.82280342945783,40.34855676239989,40.15735016896782,39.9396727046707,39.87666666666666,40.82280342945783,40.4832805355194,43.35700409100393,41.106495350411905,40.31326564979011,"rgba(239, 83, 80, 1.0)",0.9456441010053693,40.309222470457804,-0.5226305223417245,26.079247443730033,-15.923894162867583,False,True,False,True,False,0.0,1.0,40.005,39.81,0.0,0,0.9709280655982112,0.9516710150329238,False,False,True,False,-0.047177836335651466,-0.02621663710262357,False,False,False,False,650543.0,1851276.620018137,False,False,True,False,137058.10527753862,False,False,True,False
2025-10-13 14:00:00+00:00,39.815,39.815,39.815,39.815,0.0,,40.712995943999395,41.00683174193193,40.501477267838574,40.490299088840075,40.22201132781082,40.126066311604994,40.226070594197154,40.23587612473192,40.4832805355194,40.777291040294244,40.84250455968217,42.10209507985869,42.74646559719355,42.767160951671556,43.35700409100393,39.87666666666666,40.7345441665778,40.82280342945783,40.34855676239989,40.15735016896782,39.9396727046707,39.87666666666666,40.82280342945783,40.4832805355194,43.35700409100393,41.106495350411905,40.31326564979011,"rgba(239, 83, 80, 1.0)",0.9392569278834533,40.309222470457804,-0.5261845356536266,24.40738523180247,-17.72398393922476,False,True,False,True,False,0.0,0.0,0.0,0.0,0.0,0,0.9673275969572267,0.9571018830278096,False,False,False,False,-0.0652174985316613,-0.04571706781714244,True,False,False,False,650543.0,1832660.5949015766,False,False,False,False,134933.1734127706,False,False,False,False
2025-10-13 15:00:00+00:00,39.815,39.815,39.815,39.815,0.0,,40.712995943999395,41.00683174193193,40.501477267838574,40.490299088840075,40.22201132781082,40.126066311604994,40.226070594197154,40.23587612473192,40.4832805355194,40.777291040294244,40.84250455968217,42.10209507985869,42.74646559719355,42.767160951671556,43.35700409100393,39.87666666666666,40.7345441665778,40.82280342945783,40.34855676239989,40.15735016896782,39.9396727046707,39.87666666666666,40.82280342945783,40.4832805355194,43.35700409100393,41.106495350411905,40.31326564979011,"rgba(239, 83, 80, 1.0)",0.9306325127967312,40.309222470457804,-0.5310608254729595,23.29281042385076,-19.123912140775154,False,True,False,True,False,0.0,0.0,0.0,0.0,0.0,0,0.9697957137485903,0.9555082090487537,False,False,False,False,-0.0652174985316613,-0.05546728317440187,True,False,False,False,650543.0,1814333.190329459,False,False,False,False,132841.18622807646,False,False,False,False
2025-10-13 16:00:00+00:00,39.815,39.815,39.815,39.815,0.0,,40.712995943999395,41.00683174193193,40.501477267838574,40.490299088840075,40.22201132781082,40.126066311604994,40.226070594197154,40.23587612473192,40.4832805355194,40.777291040294244,40.84250455968217,42.10209507985869,42.74646559719355,42.767160951671556,43.35700409100393,39.87666666666666,40.7345441665778,40.82280342945783,40.34855676239989,40.15735016896782,39.9396727046707,39.87666666666666,40.82280342945783,40.4832805355194,43.35700409100393,41.106495350411905,40.31326564979011,"rgba(239, 83, 80, 1.0)",0.9280160325970884,40.309222470457804,-0.53255811656045,22.549760551882954,-20.278614294864305,False,True,False,True,False,0.0,0.0,0.0,0.0,0.0,0,0.9747219413549041,0.9533619817997985,False,False,False,False,-0.0652174985316613,-0.060342390853031586,True,False,False,False,650543.0,1796289.9315646612,False,False,False,False,130781.63295322256,False,False,False,False
2025-10-13 17:00:00+00:00,39.815,40.84,39.815,40.825,11624.0,,40.710715369848366,41.00473477122198,40.50146545767693,40.49030337542901,40.22227293221642,40.12635546129558,40.22617638752723,40.23597774303816,40.48328418875791,40.777202376059655,40.84239909576962,42.10172130950613,42.745969168035955,42.76666069391986,43.356401719271844,39.92387917388431,40.73290334665456,40.82216693172445,40.348730024022196,40.157636956983715,39.940033025354374,39.92387917388431,40.82216693172445,40.48328418875791,43.356401719271844,41.10610933663831,40.32089157643727,"rgba(239, 83, 80, 0.75)",0.9207808574182388,40.31137706519624,0.5578123509690475,35.847836444133506,-22.10327383165652,False,True,False,True,True,3.772759968981351,0.0,0.0,0.0,0.0,0,0.978075065031587,0.9232007927660106,False,False,False,False,0.03452032220154281,-0.012911034325744388,False,False,False,False,662167.0,1778706.6303000927,False,False,False,False,128934.2277911571,False,False,False,False
2025-10-13 18:00:00+00:00,40.825,40.97,40.755,40.795,80532.0,,40.71939062034779,41.000202301648955,40.504832866750355,40.493692874943534,40.226371934246835,40.13022690736351,40.22785514114874,40.237624944649504,40.48418003664425,40.77733793008828,40.842394085996474,42.09969366904219,42.74306422965254,42.76372849822344,43.352739857801254,40.2413923425963,40.73772341518692,40.82240246141877,40.352769743642625,40.16164849727276,39.94407255940555,40.2413923425963,40.82240246141877,40.48418003664425,43.352739857801254,41.10688905990318,40.376668169920485,"rgba(239, 83, 80, 0.75)",0.9163441955319852,40.32985213425414,0.5076126067190507,44.35487905672832,-14.627761547713447,False,True,False,True,True,3.5078022455791746,0.0,0.0,0.0,0.0,0,1.0054549962806847,0.9165633523431695,False,False,False,False,0.13940866395747942,0.06324881481586751,False,False,False,False,581635.0,1760147.3802179208,False,False,False,False,128183.80565486009,False,False,False,False
2025-10-13 19:00:00+00:00,40.795,40.98,40.76,40.895,224856.0,,40.74447077660819,40.991507997470244,40.51492592232946,40.50382820510505,40.23823144051165,40.141389413302086,40.23278470312957,40.24246662263462,40.48692463238621,40.777942988300886,40.84260241543556,42.094237812209144,42.7351623762151,42.755750672681,43.342726771091584,40.554636666192785,40.75342054378544,40.82439166824178,40.36456571540518,40.17322264325754,39.95563633891731,40.554636666192785,40.82439166824178,40.48692463238621,43.342726771091584,41.109663516627364,40.43764559596667,"rgba(38, 166, 154, 0.5)",0.9104642019670711,40.353453090009296,0.5948030782766496,50.80715624699495,-9.121585862632926,False,False,True,False,True,4.316472384813036,0.0,0.0,0.0,0.0,0,1.0060756354618725,0.9151890886546814,False,False,False,False,0.13916790868329423,0.10120836174958087,False,False,False,False,806491.0,1745362.009981984,False,False,False,False,129682.59936563745,False,False,False,False
2025-10-14 14:00:00+00:00,40.92,41.845,40.77,41.8,155233.0,,40.8159063178236,41.014046567402346,40.53244769108362,40.52111983868097,40.2535289484278,40.154952835646654,40.23923261140632,40.248845993253525,40.49163584307956,40.78080037570192,40.84510980450186,42.09232377464434,42.73147686706332,42.752010528539934,43.33751419214289,40.78706997981869,40.80481464801838,40.83990346990353,40.381458354855575,40.18753952167392,39.96848103618513,40.78706997981869,40.83990346990353,40.49163584307956,43.33751419214289,41.12073014595991,40.49487783507587,"rgba(38, 166, 154, 1.0)",0.9138665159690857,40.381372999519684,1.552335024525948,59.726195502177035,-1.302805811903042,True,False,True,False,True,11.001525807604523,0.0,0.0,0.0,0.0,0,1.0019462352511863,0.9017151198151083,False,False,False,False,0.2279541898964617,0.1645812758230213,False,False,False,False,961724.0,1733212.5834706353,False,False,False,False,130078.72960803067,False,False,False,False
2025-10-14 15:00:00+00:00,41.805,41.875,41.555,41.805,113428.0,,40.8781296542421,41.03828594881065,40.54845975115057,40.53689142358881,40.26692378415154,40.16671127807752,40.2449373342125,40.254498277227604,40.496002086932585,40.78369359044276,40.847723105477286,42.09154527633123,42.72937878634635,42.749871868203186,43.334278991103574,40.93675957739338,40.85152965080199,40.855479810830246,40.39649322376599,40.19998734370109,39.979411577744976,40.93675957739338,40.855479810830246,40.496002086932585,43.334278991103574,41.13115541041988,40.536610197372944,"rgba(38, 166, 154, 1.0)",0.919983964803711,40.4035687463928,1.5233213917007902,65.6899238726798,3.8015438832632356,True,False,True,False,True,11.035630971118675,0.0,0.0,0.0,0.0,0,1.019743217054264,0.8989825581395355,False,False,False,False,0.3139341178586543,0.2392576968408378,False,False,False,False,1075152.0,1723010.093804424,False,False,False,False,129820.57876139453,False,False,False,False
2025-10-14 16:00:00+00:00,41.805,42.105,41.685,42.075,81358.0,,40.927488009048545,41.0595838465146,40.5616570406771,40.549879060491186,40.277728316343314,40.17614666949594,40.24957169792597,40.25909374267369,40.499638569976355,40.78620912630093,40.850024719328,42.09132610578899,42.72819926254912,42.748662875000356,43.33227212817679,41.03938410052103,40.88950268053121,40.868886628227344,40.40872244161285,40.2099908908448,39.9880919008293,41.03938410052103,40.868886628227344,40.499638569976355,43.33227212817679,41.139832078019396,40.56742977376109,"rgba(38, 166, 154, 1.0)",0.9301384571933384,40.42069040596782,1.7785627303530793,70.6037253299107,8.149498042132365,True,False,True,False,True,12.860313272862133,0.0,0.0,0.0,0.0,0,1.0266053936388926,0.8949086951263763,False,False,False,False,0.3428282327111422,0.29104296477599,False,False,False,False,1156510.0,1714227.1466136575,False,False,False,False,129069.22095114035,False,False,False,False
2025-10-14 17:00:00+00:00,42.075,42.605,42.065,42.525,115046.0,,41.01701660789444,41.1021667175851,40.58570687859737,40.57351170564039,40.29674925504278,40.19260348736603,40.25777476879133,40.267237534453756,40.50630702653381,40.79109017160667,40.854562362638625,42.09202135537772,42.72749029303328,42.747911006864925,43.33035450783616,41.20890059598676,40.95951766539451,40.89481072937325,40.43055663037535,40.22748830419009,40.00297458424061,41.20890059598676,40.89481072937325,40.50630702653381,43.33035450783616,41.15616691195083,40.62070808492676,"rgba(38, 166, 154, 1.0)",0.9527617514129133,40.450980059619226,2.176850547689463,75.1238912310032,12.353674173675202,True,False,True,False,True,15.735502419755274,0.0,0.0,0.0,0.0,0,1.0350730189130959,0.8786210198707212,False,False,False,False,0.34282823475626745,0.31693559976612873,False,False,False,False,1271556.0,1707364.0280615077,False,False,False,False,128851.8066728281,False,False,False,False
2025-10-14 18:00:00+00:00,42.525,42.575,42.265,42.365,76323.0,,41.07076014499682,41.129021816475486,40.60134603423165,40.588887319949194,40.309200549534225,40.203403615187156,40.263190741865536,40.272614502372,40.51071293009245,40.79431872629202,40.85756451522508,42.092485858436625,42.72702637870608,42.747418725265995,43.32909120722969,41.300063435285765,41.00258783632815,40.91156666501062,40.44480329902248,40.23896032775244,40.01276054989879,41.300063435285765,40.91156666501062,40.51071293009245,43.32909120722969,41.166469537724005,40.65179035221637,"rgba(38, 166, 154, 1.0)",0.971952859124763,40.46938597439687,1.9503147789596689,76.14842160614077,13.58432674108036,True,False,True,False,True,14.23745374748647,0.0,0.0,0.0,0.0,0,1.0382917809853278,0.8823810091852563,False,False,False,False,0.3428282348858597,0.3298819173259942,False,False,False,False,1195233.0,1699424.0121225696,False,False,False,False,128037.40656937339,False,False,False,False
2025-10-14 19:00:00+00:00,42.365,42.4,41.89,42.085,226311.0,,41.179569459830105,41.186528934981716,40.63928562401088,40.62626350612601,40.34050067393441,40.23086247485628,40.27703335155148,40.28634876331813,40.521763664371036,40.8021815270766,40.864815508943785,42.09262984404734,42.724495383710895,42.74480574129709,43.324253959416026,41.452475946610676,41.093897845635766,40.95029907251711,40.480056906400804,40.268014177090635,40.03800700507858,41.452475946610676,40.95029907251711,40.521763664371036,43.324253959416026,41.18942256116478,40.713791825555596,"rgba(38, 166, 154, 1.0)",0.985933736786489,40.50901138938825,1.5984731547461426,73.63895051847174,13.58432674108036,True,False,True,False,True,11.681876842045643,0.0,0.0,0.0,0.0,0,1.0267329074994087,0.8896380411639467,False,False,False,False,0.2900082110997017,0.30994506421284795,False,False,False,False,968922.0,1688098.399531522,False,False,False,False,129561.028172949,False,False,False,False
2025-10-15 14:00:00+00:00,42.505,42.82,42.44,42.575,135976.0,42.61166666666667,41.26319248571255,41.2343120170402,40.66835959239249,40.654870621660855,40.36378205797025,40.25112939630349,40.28741633798806,40.29666170226662,40.53032438790741,40.80858293818387,40.870799540690655,42.0940072043288,42.72421109712305,42.74447075877317,43.32253808064877,41.5682987664935,41.1646277128292,40.981562071771485,40.50659483090781,40.289507395785726,40.05635789969213,41.5682987664935,40.981562071771485,40.53032438790741,43.32253808064877,41.29539530535355,40.76115811291331,"rgba(38, 166, 154, 1.0)",1.0105129729344886,40.6433822739072,1.9115219475940655,73.99815627021134,13.58432674108036,True,False,True,False,True,14.762379352497561,0.0,0.0,0.0,0.0,0,1.0327332242225862,0.8747954173486093,False,False,False,False,0.3428282358175888,0.3263866500152184,False,False,False,False,1104898.0,1679056.5328721185,False,False,False,False,129660.48510050017,False,False,False,False
2025-10-15 15:00:00+00:00,42.575,42.655,42.375,42.405,102828.0,42.554253893011285,41.3145806612892,41.26507439800195,40.68831315955385,40.67452524916773,40.380047790773126,40.265375182896534,40.294760132075574,40.30395433736114,40.53634001906426,40.813038075261375,40.87495313074873,42.094776915459846,42.72374349294128,42.74396534606603,43.321003621483726,41.632229820452665,41.20934783707398,41.002562729078555,40.52498509881328,40.30458273467259,40.06934731290862,41.632229820452665,41.002562729078555,40.53634001906426,43.321003621483726,41.30304408782223,40.790509255499956,"rgba(38, 166, 154, 1.0)",1.029039296564664,40.65979081858729,1.6959597045894195,72.48217209427278,13.58432674108036,True,False,True,False,True,13.242537885487046,0.0,0.0,0.0,0.0,0,1.030589608873322,0.8791593695271459,False,False,False,False,0.32057450453802167,0.32348057727662005,False,False,False,False,1002070.0,1668560.6176337912,False,False,False,False,129244.47757956218,False,False,False,False
2025-10-15 16:00:00+00:00,42.405,42.59,42.315,42.325,94047.0,42.51349497723206,41.35537213346268,41.29039593984231,40.70549932577974,40.69146704150122,40.39422954797149,40.27784838872953,40.30122498088721,40.31037338686901,40.54161705080139,40.81692565328268,40.87857217265595,42.09535326326694,42.72319872358158,42.74338628882357,43.31949166314136,41.679186166291665,41.24560054844616,41.0203948266606,40.54092912746612,40.317762280433165,40.08077255092106,41.679186166291665,41.0203948266606,40.54161705080139,43.31949166314136,41.3099031586143,40.8141075833698,"rgba(38, 166, 154, 0.75)",1.0453219599723422,40.673698296365615,1.5797063171600063,70.63873841718069,13.58432674108036,True,False,True,False,False,12.530865448523329,0.0,0.0,0.0,0.0,0,1.0286729857819907,0.8968009478672989,False,False,False,False,0.3086089034632119,0.316044740369916,False,False,False,False,908023.0,1656769.336740244,False,False,False,False,128698.78025274727,False,False,False,False
2025-10-15 17:00:00+00:00,42.325,42.325,41.895,42.125,109296.0,42.414989486905185,41.38688224346572,41.31105908065309,40.72166300922506,40.70743570675789,40.408087998807645,40.29018243394596,40.30764448762216,40.31674301413954,40.54675007747893,40.8205876380193,40.88195057816955,42.09539492089624,42.72197391760652,42.742122624037634,43.31717295547836,41.70775903121322,41.27507351708857,41.03627817899804,40.55625124255682,40.3307424132351,40.09224696353281,41.70775903121322,41.03627817899804,40.54675007747893,43.31717295547836,41.31191501082555,40.833058557770755,"rgba(38, 166, 154, 0.75)",1.056539089124137,40.68250723542441,1.3652999490737305,67.35930631218272,13.58432674108036,True,False,True,False,False,10.76631993553601,0.0,0.0,0.0,0.0,0,1.0181411238072804,0.8950406408293088,False,False,False,False,0.24443903298991862,0.2802418866799173,False,False,False,False,798727.0,1643466.3547752788,False,False,False,False,128397.96195425506,False,False,False,False
2025-10-15 18:00:00+00:00,42.125,42.18,41.995,42.095,73258.0,42.36879653217696,41.40590256196464,41.32392593591396,40.73210043708967,40.71775343377042,40.41711841436741,40.29824530804748,40.311862757006935,40.320928278471136,40.550117344054044,40.82298343517694,40.8841590091925,42.095387264520895,42.721122022905206,42.741244814588875,43.315591566336096,41.723849304830516,41.29317924329645,41.04642798838566,40.56619327357698,40.339217741690454,40.09977158513281,41.723849304830516,41.04642798838566,40.550117344054044,43.315591566336096,41.314202444723946,40.84477318948547,"rgba(38, 166, 154, 0.75)",1.0663988064578955,40.68885805701178,1.318589194279766,64.86358945381554,13.58432674108036,True,False,True,False,False,10.502495137724093,0.0,0.0,0.0,0.0,0,1.018656275829496,0.9024678238280793,False,False,False,False,0.24029704456699055,0.26026946562345393,False,False,False,False,725469.0,1629233.8376469798,False,False,False,False,127543.07882318133,False,False,False,False
2025-10-15 19:00:00+00:00,42.095,42.095,41.735,41.775,192057.0,42.23293416701768,41.43652605723154,41.3465231814081,40.754376772982305,40.739832248760635,40.43726218535503,40.31647123401157,40.32146051221575,40.330444210273726,40.55761500317355,40.82813027356804,40.88885329803489,42.09454561863541,42.718118913167054,42.7381751822267,43.310718645555504,41.738209434050795,41.32483624791628,41.066672061574806,40.58795209039909,40.358289543709766,40.117064601080955,41.738209434050795,41.066672061574806,40.55761500317355,43.310718645555504,41.315749218976094,40.86550399645528,"rgba(38, 166, 154, 0.75)",1.0705843230653054,40.69888785999614,1.0051633643604316,60.10950300222109,18.91464380570534,True,False,True,False,False,7.732508471119242,0.0,0.0,0.0,0.0,0,1.0099976476123267,0.9051987767584102,False,False,False,False,0.20879807680257145,0.2345337712130127,False,False,False,False,533412.0,1612244.351791988,False,False,False,False,128543.29465538007,False,False,False,False
2025-10-16 14:00:00+00:00,41.78,42.11,41.585,42.045,109086.0,42.19023737939064,41.45381044715395,41.359578512272215,40.76714036794956,40.75248466473129,40.44880853348622,40.32693090066865,40.327016452587976,40.33595383953883,40.56198063098191,40.83115660103114,40.891621292172445,42.094164891807274,42.71651241204067,42.73653096517455,43.30805136551803,41.74756722061608,41.34267644100567,41.07835335762877,40.600413144429574,40.36922827953291,40.12698559981496,41.74756722061608,41.07835335762877,40.56198063098191,43.30805136551803,41.31887370353159,40.87753734050466,"rgba(38, 166, 154, 0.75)",1.0792556744401263,40.706448792216,1.2402540375600861,59.05018648325119,17.48933291048293,True,False,True,False,False,9.557850100217205,0.0,0.0,0.0,0.0,0,1.0053838951310865,0.9091760299625472,False,False,False,False,0.19658597047172416,0.21555987084236844,False,False,False,False,642498.0,1597209.524632422,False,False,False,False,128241.63117235091,False,False,False,False
2025-10-16 15:00:00+00:00,42.045,42.18,41.84,41.895,88894.0,42.168778660956015,41.46866913524379,41.37085546386358,40.77785421376948,40.76310315748839,40.45845438661444,40.3356633893561,40.33168081986519,40.340580336290685,40.56567010900802,40.833742560054624,40.89399404199197,42.093955520988615,42.71530274810338,42.73529053766702,43.30597591507302,41.75691828501903,41.35784011149893,41.08828527311847,40.61083921004516,40.378361562012024,40.13525089805184,41.75691828501903,41.08828527311847,40.56567010900802,43.30597591507302,41.322473187270894,40.88791588995758,"rgba(38, 166, 154, 0.75)",1.0842590985521816,40.7136215594308,1.0895720793551165,56.93677743029647,15.015462504932827,True,False,True,False,False,8.276805058168257,0.0,0.0,0.0,0.0,0,1.01028517999065,0.907900888265545,False,False,False,False,0.22609097662235664,0.22082542373236252,False,False,False,False,553604.0,1581029.5940179657,False,False,False,False,127631.59037898113,False,False,False,False
2025-10-16 16:00:00+00:00,41.895,41.935,41.47,41.805,52336.0,42.145166703557614,41.47312113372039,41.37478080526815,40.782849064529856,40.76806982922543,40.463203316160566,40.34002908742368,40.334022861815875,40.34290127118401,40.567471705566135,40.834946271768644,40.89508255983162,42.09359635342909,42.714367918102894,42.73433795527235,43.30454233956218,41.75643269717701,41.3631417257584,41.09250179469516,40.61585642682114,40.382904283070744,40.13946422616966,41.75643269717701,41.09250179469516,40.567471705566135,43.30454233956218,41.323030573526154,40.89171685894868,"rgba(38, 166, 154, 0.75)",1.0855843903026887,40.78383013108825,0.9406637365401137,54.69033277064892,12.439819642603517,True,False,True,False,False,7.511472865405736,0.0,0.0,0.0,0.0,0,1.0003508771929825,0.9225730994152049,False,False,False,False,0.17054225808886947,0.195683840910616,False,False,False,False,501268.0,1564289.10418823,False,False,False,False,126464.21688473335,False,False,False,False
2025-10-16 17:00:00+00:00,41.805,41.91,41.705,41.735,63963.0,42.122515221567895,41.479293936113294,41.38006937386542,40.78917858979604,40.774360672512024,40.46917051096365,40.34550491678309,40.336969511916315,40.34582199344327,40.569753615677335,40.83648895990472,40.896482648270535,42.09321563604496,42.7132822456801,42.733230552715135,43.30284587564609,41.75719856705488,41.37020779760592,41.09794915568005,40.622180671296036,40.388605093896956,40.144733156748224,41.75719856705488,41.09794915568005,40.569753615677335,43.30284587564609,41.32426151630624,40.896812407047015,#000000,1.0724318706181304,40.78831654618792,0.8827446104025486,52.52275925036948,9.968337149757517,False,False,False,False,False,6.914006379261789,0.0,0.0,0.0,0.0,0,1.0029315196998125,0.9243667917448409,False,False,False,False,0.18937661418244908,0.19253022754653254,False,False,False,False,437305.0,1546816.4824178698,False,False,False,False,125495.20577024136,False,False,False,False
2025-10-16 18:00:00+00:00,41.735,41.81,41.5,41.695,75895.0,42.09111124574388,41.48365432648449,41.38442996260504,40.79572891140106,40.78088532448788,40.47556775543216,40.35143320347081,40.34017358043416,40.34899621766627,40.57219459582113,40.83809139897323,40.897923522322266,42.09259791299337,42.71183842949015,42.73176123644953,43.30068587421623,41.754294678263115,41.376040017624156,41.10323630243926,40.628861913941755,40.39475664956685,40.15050563170938,41.754294678263115,41.10323630243926,40.57219459582113,43.30068587421623,41.324817093624475,40.90128253225742,#000000,1.0552085230073749,40.789066337066494,0.8585352024560693,50.67465020855428,7.812714153705713,False,False,False,False,False,6.569606135093139,0.0,0.0,0.0,0.0,0,0.9941547813888241,0.9277530979658641,False,False,False,False,0.1620619352542548,0.17729608140039366,False,False,False,False,361410.0,1528438.0873416238,False,False,False,False,124726.21033194305,False,False,False,False
2025-10-16 19:00:00+00:00,41.695,41.845,41.675,41.77,143214.0,42.05328041530671,41.49531979253343,41.39494552112031,40.80914432353937,40.79423204585343,40.48840210489312,40.36327301362046,40.34660731623142,40.35537299025113,40.57716795953772,40.84144252865235,40.9009613258831,42.091697062636285,42.709371833792254,42.72924635265289,43.296861768199186,41.754819652245715,41.38982809552433,41.114583881295715,40.64237098588898,40.407058970915294,40.16195436592268,41.754819652245715,41.114583881295715,40.57716795953772,43.296861768199186,41.32795789716894,40.91176932529879,#000000,1.0340515217095911,40.79706687687847,0.9408942424000218,50.3310435062907,7.021136633151002,False,False,False,False,False,7.115678203518794,0.0,0.0,0.0,0.0,0,0.9975421348314607,0.9284878277153561,False,False,False,False,0.18084063628638536,0.1790683588433895,False,False,False,False,504624.0,1512565.0007161722,False,False,False,False,125012.84272989741,False,False,False,False
2025-10-17 14:00:00+00:00,41.875,42.0,41.69,41.715,47774.0,42.04395217430892,41.499523773481144,41.39867634392973,40.81371361239312,40.798776945806765,40.492753754615855,40.367285480595854,40.3487983141414,40.357544980697256,40.578871089786375,40.84260128005762,40.90201478696117,42.091432601962694,42.70858509121098,42.7284435072379,43.295622114928165,41.75571005822603,41.39466168301842,41.118501545835976,40.64695779417776,40.411228392157945,40.165827977808846,41.75571005822603,41.118501545835976,40.578871089786375,43.295622114928165,41.32928724075718,40.91548124187083,#000000,1.0130918823890191,40.800124398999465,0.9030529381433082,49.4430116374284,5.667602902394208,False,False,False,False,False,6.628243188798464,0.0,0.0,0.0,0.0,0,1.0040265277119849,0.9317858834675512,False,False,False,False,0.19613480163536487,0.18760158023937717,False,False,False,False,456850.0,1496197.326286464,False,False,False,False,123815.34129222459,False,False,False,False
2025-10-17 15:00:00+00:00,41.715,41.81,41.605,41.785,40829.0,42.03441271961726,41.50223410810589,41.40127946015691,40.81731764218494,40.80236632124366,40.4962570384757,40.37053442759768,40.35057775603884,40.359308471310044,40.58024175209591,40.8435189662692,40.90284491765759,42.09115375889625,42.70786321929064,42.72770796456042,43.29451591608361,41.755352388673984,41.39802497125229,41.12148308457848,40.65061885927704,40.41459783854878,40.16898631639594,41.755352388673984,41.12148308457848,40.58024175209591,43.29451591608361,41.33013340247403,40.918177243121086,#000000,0.9938484304475506,40.801967215709325,0.9891174088266066,49.7919614664399,5.50454287209574,False,False,False,False,False,7.151291135646385,0.0,0.0,0.0,0.0,0,0.9998815306243337,0.9244165383248433,False,False,False,False,0.17143631790611774,0.17951894907274746,False,False,False,False,497679.0,1480716.4220029528,False,False,False,False,122528.73134970947,False,False,False,False
2025-10-17 16:00:00+00:00,41.785,41.885,41.685,41.705,45411.0,42.02529396968233,41.50549395857435,41.4043419780763,40.821401591759695,40.80643260198247,40.50020858163138,40.3741958368146,40.35258721472942,40.361300155914805,40.58179538710186,40.844566034685606,40.90379399888769,42.09086576535561,42.707082154647445,42.72691168825652,43.29330708627011,41.755404457611384,41.401961208735415,41.124899555157995,40.654755262401295,40.41839596521321,40.17254008005038,41.755404457611384,41.124899555157995,40.58179538710186,43.29330708627011,41.33122362527313,40.92132608819495,#000000,0.9740613407254421,40.80431543985642,0.9246692405149631,48.93308468567382,4.175364203221662,False,False,False,False,False,6.424871266874536,0.0,0.0,0.0,0.0,0,0.9982033776500182,0.9373577673972934,False,False,False,False,0.1853299301137234,0.18242443959323543,False,False,False,False,452268.0,1464771.4852277134,False,False,False,False,121333.10760785351,False,False,False,False
2025-10-17 17:00:00+00:00,41.705,41.795,41.625,41.725,35007.0,42.01758939174813,41.50752977689077,41.40638258403072,40.82438126856153,40.80940210442407,40.50313360735972,40.37691727530214,40.35408474888305,40.36278415960896,40.582946269147264,40.845333376235835,40.90448717401696,42.09061520649209,42.70645345314385,42.7262713143031,43.29235023532631,41.75486762487262,41.404575516706316,41.127329899365314,40.65779857522249,40.421215072285705,40.17519425517613,41.75486762487262,41.127329899365314,40.582946269147264,43.29235023532631,41.33191637159216,40.923496823938095,#000000,0.9471878720006968,40.80577374855615,0.9704793300427482,48.67569094010069,3.4330254431148077,False,False,False,False,False,6.579210144364367,0.0,0.0,0.0,0.0,0,0.9952972386349938,0.9374170987579888,False,False,False,False,0.1718834495306752,0.17715394456195532,False,False,False,False,487275.0,1449616.5009606169,False,False,False,False,119994.71834261548,False,False,False,False
2025-10-17 18:00:00+00:00,41.725,41.755,41.495,41.665,85399.0,41.99592903065444,41.510558677870314,41.4100407737511,40.83094884393809,40.815958935720104,40.50976270793466,40.38313232125538,40.357519158104324,40.36618626540722,40.58555456882679,40.84703510746362,40.90601372169406,42.08988089826378,42.704804744291735,42.72459435264697,43.28990765533125,41.751209081199406,41.40924279431966,41.13241292076069,40.66461679361424,40.42763658679899,40.18131043091718,41.751209081199406,41.13241292076069,40.58555456882679,43.28990765533125,41.33298923519711,40.92773810126837,"rgba(239, 83, 80, 1.0)",0.9205684103848747,40.80802525800373,0.9309191281482068,47.58884407233823,1.9542050727064506,False,True,False,True,False,6.020995201186754,0.0,0.0,0.0,0.0,1,0.992646172393008,0.933092224231465,False,False,False,False,0.1567178983352425,0.16693592144859892,False,False,False,False,401876.0,1433372.4621860336,False,False,False,False,119458.35061637338,False,False,False,False
2025-10-17 19:00:00+00:00,41.665,42.06,41.645,41.855,237649.0,41.97637374568574,41.5313095645068,41.42867836820436,40.853401101232784,40.838301769852656,40.53124720953924,40.40301760315604,40.36856868719773,40.37714287555197,40.59421412782649,40.85300878721405,40.911466003392,42.088816968033434,42.70116294789234,42.72087307922875,43.28402817327318,41.75941432010079,41.43261869333507,41.15183118168679,40.6871823427242,40.4482659137751,40.20053678556661,41.75941432010079,41.15183118168679,40.59421412782649,43.28402817327318,41.34135068823672,40.946641539531434,#000000,0.8877301757094855,40.82459690625822,1.160716535199745,49.93590931816117,1.9542050727064506,False,False,False,False,True,7.513161814204164,0.0,0.0,0.0,0.0,1,0.9944791166586658,0.9273883821411428,False,False,False,False,0.19748854543910632,0.18221223344385262,False,False,False,False,639525.0,1421064.749594002,False,False,False,False,121290.76378511178,False,False,False,False
2025-10-20 14:00:00+00:00,41.62,41.735,41.44,41.48,95304.0,41.954234059521184,41.53179206908267,41.43071764839541,40.859496940347896,40.844410551261134,40.537749143433366,40.40921441387241,40.37206312512657,40.38060289049803,40.596829639676464,40.85466807710069,40.912940255542054,42.08784984219265,42.69919468082619,42.7188738325667,43.281189519584366,41.752929454743324,41.43507975079125,41.15610399043369,40.693713741455305,40.45463172126066,40.20673874433919,41.752929454743324,41.15610399043369,40.596829639676464,43.281189519584366,41.34198916806424,40.949866233837234,"rgba(239, 83, 80, 1.0)",0.8462566060265441,40.825960615433885,0.7728617772770409,46.53577459293696,0.7613010944115786,False,True,False,True,False,4.068432396326866,0.0,0.0,0.0,0.0,1,0.9906887907365408,0.9277784409693212,False,False,False,False,0.15005027919403027,0.16613125631894143,False,False,False,False,544221.0,1407470.2728561105,False,False,False,False,120887.8682225519,False,False,False,False
2025-10-20 15:00:00+00:00,41.485,41.56,41.32,41.53,115309.0,41.92550464052046,41.530069442446525,41.431490215605805,40.8658779533973,40.85082571635739,40.54488117756381,40.416093567369856,40.37597276565671,40.38447198439842,40.599706093830854,40.856431161395115,40.91448800680353,42.08650683870908,42.69665341320082,42.71629544454094,43.2776058356544,41.74263282589215,41.43593186954811,41.160110726544524,40.700745616291876,40.46167013724801,40.21371579302317,41.74263282589215,41.160110726544524,40.599706093830854,43.2776058356544,41.342054641090684,40.95246782809131,"rgba(239, 83, 80, 1.0)",0.8030988013221034,40.879357451266735,0.8101650104098579,45.05827681001082,-0.7048686370123249,False,True,False,True,False,4.469044726209344,0.0,0.0,0.0,0.0,1,0.987954680977937,0.9321407274895649,False,False,False,False,0.12394662216965943,0.14503893924430045,False,False,False,False,659530.0,1395874.299633535,False,False,False,False,120801.37414158211,False,False,False,False
2025-10-20 16:00:00+00:00,41.525,41.7,41.515,41.545,57265.0,41.915806726852686,41.53084231549683,41.43299117678092,40.86960004753467,40.854554114940406,40.54882428022833,40.41985138377736,40.378110001917086,40.386588680839814,40.601318128609286,40.857468773655256,40.915414220782814,42.085967846050046,42.695514926635504,42.71513840964432,43.275945892165375,41.739864009309365,41.43773667754968,41.16279769538714,40.70471315330764,40.46552968197764,40.21747131279618,41.739864009309365,41.16279769538714,40.601318128609286,43.275945892165375,41.34274605786942,40.95468542172127,"rgba(239, 83, 80, 1.0)",0.7594131624824909,40.8826656891345,0.8721659612803648,44.32583828565461,-1.5262875380905498,False,True,False,True,False,4.59077804940868,0.0,0.0,0.0,0.0,1,1.0033629594042763,0.9270958443430221,False,False,False,False,0.1536046578793082,0.14932179856180433,False,False,False,False,716795.0,1385345.9383989067,False,False,False,False,119816.31407737153,False,False,False,False
2025-10-20 17:00:00+00:00,41.545,41.61,41.495,41.505,62456.0,41.90432991252163,41.53092778771942,41.43407347534976,40.87333594021276,40.85830286038289,40.552885376089854,40.423747979548956,40.380336308693145,40.38879294070756,40.60298138812192,40.85851972076673,40.91634646015406,42.08532258320147,42.694220027209745,42.71382339708319,43.27408571290355,41.736004444624214,41.43901192865182,41.16534873650396,40.70875699201621,40.46952262250812,40.221395189554805,41.736004444624214,41.16534873650396,40.60298138812192,43.27408571290355,41.34325199191666,40.95667331897652,"rgba(239, 83, 80, 1.0)",0.7395858227342456,40.884113895917075,0.839505145984971,43.29782476245956,-2.6743621171183776,False,True,False,True,False,4.218728966267346,0.0,0.0,0.0,0.0,1,1.0083252895752899,0.9221766409266414,False,False,False,False,0.14383910466397404,0.14658045161288918,False,False,False,False,654339.0,1374012.4974934973,False,False,False,False,118927.0068823735,False,False,False,False
2025-10-20 18:00:00+00:00,41.505,41.665,41.46,41.665,90992.0,41.89133468957028,41.532303860673935,41.43650930514262,40.87919006492544,40.86416783169899,40.559099797844475,40.42967994979313,40.38373204661647,40.39215631410455,40.605549067402876,40.86017998980981,40.91783052654159,42.08448771924236,42.69243617971424,42.712010185769195,43.27147607695872,41.73225243914241,41.441918114510564,41.16959423428819,40.71500049020023,40.475611034551626,40.22732916564479,41.73225243914241,41.16959423428819,40.605549067402876,43.27147607695872,41.34450897536304,40.960284246389634,"rgba(239, 83, 80, 0.75)",0.718002998814491,40.88772169330056,1.082555794311188,45.45827868628729,-2.6743621171183776,False,True,False,True,True,5.543929533618691,0.0,0.0,0.0,0.0,1,1.010281843474054,0.9179871779363741,False,False,False,False,0.1456125810101552,0.1460965163115222,False,False,False,False,745331.0,1364265.4975323577,False,False,False,False,118493.90600047624,False,False,False,False
2025-10-20 19:00:00+00:00,41.665,41.795,41.58,41.62,237116.0,41.8688924166336,41.53916772758938,41.44509427486984,40.89542072085121,40.88040823782938,40.575995587910434,40.445748693981585,40.39298610263091,40.40132582790795,40.61263530710808,40.86486978592482,40.92205385579728,42.08262837331288,42.68810297630285,42.707600477261145,43.26498953625965,41.72784275532143,41.45214307842777,41.181983643371,40.73209490800642,40.492120599298715,40.243314384063666,41.72784275532143,41.181983643371,40.61263530710808,43.26498953625965,41.34924499388569,40.9715832280815,"rgba(239, 83, 80, 0.75)",0.702945046741941,40.899291751873264,1.0252696871072962,46.16927874719455,-2.6743621171183776,False,True,False,True,True,5.113467117638887,0.0,0.0,0.0,0.0,1,1.0142753447858703,0.9115654488265186,False,False,False,False,0.1678616921364117,0.15697910422396694,False,False,False,False,508215.0,1350993.3967954218,False,False,False,False,120333.00823302701,False,False,False,False
2025-10-21 14:00:00+00:00,41.925,42.35,41.75,42.345,89526.0,41.87897640171976,41.550836745773665,41.45493085110926,40.90511585856892,40.890042638012716,40.5850133498734,40.45406962221103,40.39775986528614,40.406064696604545,40.61650372845159,40.867687342283375,40.92466534203502,42.08273814775331,42.687244832653185,42.70671255173156,43.26328978602129,41.73800110961166,41.46398609447171,41.191022857374314,40.74165176420089,40.500755275157466,40.251278312705416,41.73800110961166,41.191022857374314,40.61650372845159,43.26328978602129,41.354478235005544,40.98111590225358,"rgba(38, 166, 154, 0.5)",0.6994202425408919,40.91209320087924,2.048706502853301,54.38935451221744,-0.11327371024736266,False,False,True,False,True,10.757915028117377,0.0,0.0,0.0,0.0,0,1.0129963038035057,0.8962680338619294,False,False,False,False,0.2334115920477113,0.1951953481358391,False,False,False,False,597741.0,1339315.0650621594,False,False,False,False,119855.38019840643,False,False,False,False
2025-10-21 15:00:00+00:00,42.35,42.59,42.245,42.255,62828.0,41.89093968270816,41.56161442179675,41.463761263693584,40.91299189130211,40.897857365518576,40.5921422478443,40.46059560687329,40.401504099783445,40.40978354473672,40.61958631640354,40.86998800722561,40.92681225450556,42.08306675598685,42.68688384057096,42.706330386054624,43.26232944054825,41.74842621989765,41.474596008189124,41.198668279264794,40.74929533840068,40.507545159500474,40.257456556897495,41.74842621989765,41.198668279264794,40.61958631640354,43.26232944054825,41.35913669534702,40.98933126035837,"rgba(38, 166, 154, 1.0)",0.6963511527442218,40.92299086322776,1.9128411456245635,58.492651720450205,3.3758772716055176,True,False,True,False,True,9.889434586914945,0.0,0.0,0.0,0.0,0,1.0250178699070767,0.8948058136764357,False,False,False,False,0.3019455964515805,0.2485704722937098,False,False,False,False,534913.0,1326843.7152162346,False,False,False,False,118971.23476897378,False,False,False,False
2025-10-21 16:00:00+00:00,42.255,42.335,42.185,42.245,67146.0,41.900302568769455,41.571306830767185,41.47189684459887,40.92069396333458,40.90550738982064,40.59923602970443,40.46712666859421,40.40526982867681,40.413522852842256,40.62266483075015,40.87226117573783,40.928927145818506,42.08328167843138,42.686370047542106,42.70579419088923,43.26118194916977,41.757293894106574,41.48431294595762,41.20597983102899,40.756842009640124,40.51432675775872,40.26368195861858,41.757293894106574,41.20597983102899,40.62266483075015,43.26118194916977,41.36345899971546,40.997072899518436,"rgba(38, 166, 154, 1.0)",0.6917779547940304,40.93249367984784,1.8972942272248974,61.06729701901877,5.504675433387888,True,False,True,False,True,9.792076391868733,0.0,0.0,0.0,0.0,0,1.0183641415971976,0.9167572792074425,False,False,False,False,0.2722710958114045,0.26042078405255714,False,False,False,False,467767.0,1313524.6963756727,False,False,False,False,118167.7427570517,False,False,False,False
2025-10-21 17:00:00+00:00,42.245,42.475,42.21,42.405,74586.0,41.91316285333503,41.58341677760363,41.48196329782273,40.9298327278658,40.91457868572248,40.60755614420625,40.47476210744538,40.40967885152644,40.41790207514992,40.62629694617453,40.87497463233378,40.931459768118025,42.083670002769146,42.68594372649111,42.705342851036285,43.26004728066636,41.76885345538856,41.496304641109425,41.21481034739266,40.76573647818667,40.52226334085613,40.27092556167498,41.76885345538856,41.21481034739266,40.62629694617453,43.26004728066636,41.368786795516684,41.006482304101404,"rgba(38, 166, 154, 1.0)",0.7014133864840393,40.943886815921395,2.0830985154171326,64.08149715111053,8.154618248152545,True,False,True,False,True,10.990626935833863,0.0,0.0,0.0,0.0,0,1.0150631681243931,0.9133867832847428,False,False,False,False,0.2877534426056731,0.2740871133291151,False,False,False,False,542353.0,1301568.5460442668,False,False,False,False,117492.05682283384,False,False,False,False
2025-10-21 18:00:00+00:00,42.405,42.5,42.36,42.42,64896.0,41.925279285165516,41.59448760095505,41.49115499892651,40.93803769388718,40.9227211595591,40.614990578565674,40.48157683675891,40.413622783642225,40.421819912352476,40.62955965352804,40.877427664551576,40.93375324048806,42.08408331982477,42.685646346875245,42.7050236564722,43.25913191923546,41.77959224439242,41.50721828047311,41.22280239765014,40.77369929112552,40.52934925224622,40.27737709576094,41.77959224439242,41.22280239765014,40.62955965352804,43.25913191923546,41.37364479067425,41.01500642694139,"rgba(38, 166, 154, 1.0)",0.7108619118070146,40.95398089574852,2.062312074823156,66.21061000998328,10.074770294166996,True,False,True,False,True,11.102979190557193,0.0,0.0,0.0,0.0,0,1.019106729950104,0.9055616405013999,False,False,False,False,0.3043223343241552,0.28920472382663515,False,False,False,False,607249.0,1290803.9019195493,False,False,False,False,116676.61408139455,False,False,False,False
2025-10-21 19:00:00+00:00,42.425,42.74,42.35,42.36,204379.0,41.963880049741846,41.62977933286074,41.52065354586751,40.9642617428906,40.9487460698232,40.63873216122397,40.5033474402688,40.42629019566339,40.43440517873804,40.6400797530574,40.885383379899366,40.94120281883505,42.085592745327084,42.68491819268375,42.704226842526154,43.2564575778256,41.814004308030654,41.54199446682507,41.24845026456312,40.799128242501546,40.55198092487239,40.297974265062244,41.814004308030654,41.24845026456312,40.6400797530574,43.2564575778256,41.38924731420203,41.04225541197584,"rgba(38, 166, 154, 1.0)",0.7185630242505412,40.984830396040785,1.9137772993447748,66.425747638708,10.380092828422583,True,False,True,False,True,10.490501885016126,0.0,0.0,0.0,0.0,0,1.016971754152019,0.9022911868105227,False,False,False,False,0.3263494875876201,0.30777710570712763,False,False,False,False,402870.0,1277037.4848355253,False,False,False,False,118036.34099486131,False,False,False,False
2025-10-22 14:00:00+00:00,41.515,41.85,41.435,41.755,51106.0,41.95905343497144,41.63027304529406,41.5218294505732,40.9672861412456,40.951782692755835,40.642030333955546,40.5065387107125,40.428205980697875,40.43630374689529,40.64155336435135,40.88636651863303,40.94208988649618,42.08520967177624,42.6840145948494,42.7033071306144,43.25509985356817,41.81238557917264,41.543213066835584,41.25063480556319,40.80239232650513,40.55523847945977,40.30119347719813,41.81238557917264,41.25063480556319,40.64155336435135,43.25509985356817,41.39005903483688,41.044176289122404,"rgba(38, 166, 154, 0.75)",0.719397852561803,40.98556775116687,1.069550383133834,58.37444047412244,14.925681468915243,True,False,True,False,False,4.660197232373392,0.0,0.0,0.0,0.0,0,1.007272293752981,0.9122556032427279,False,False,False,False,0.15983415499456613,0.2338056303508469,False,False,False,False,351764.0,1262692.159489238,False,False,False,False,116998.66128951461,False,False,False,False
