date,Close,High,Low,Open,Volume,aVWAP_peak_916,aVWAP_peak_904,aVWAP_peak_890,aVWAP_peak_889,aVWAP_peak_846,aVWAP_peak_794,aVWAP_peak_791,aVWAP_peak_775,aVWAP_peak_755,aVWAP_peak_719,aVWAP_peak_705,aVWAP_peak_692,aVWAP_peak_680,aVWAP_peak_658,aVWAP_peak_640,aVWAP_peak_595,aVWAP_peak_583,aVWAP_peak_565,aVWAP_peak_540,aVWAP_peak_506,aVWAP_peak_483,aVWAP_peak_470,aVWAP_peak_427,aVWAP_peak_407,aVWAP_peak_394,aVWAP_peak_377,aVWAP_peak_347,aVWAP_peak_336,aVWAP_peak_323,aVWAP_peak_272,aVWAP_peak_232,aVWAP_peak_209,aVWAP_peak_191,aVWAP_peak_149,aVWAP_peak_93,aVWAP_peak_60,aVWAP_valley_923,aVWAP_valley_922,aVWAP_valley_897,aVWAP_valley_869,aVWAP_valley_856,aVWAP_valley_855,aVWAP_valley_818,aVWAP_OB_bull_869,aVWAP_OB_bull_818,aVWAP_OB_bear_719,aVWAP_OB_bear_232,aVWAP_OB_bear_60,Peaks_avg,Valleys_avg,color,StDev,StDev_Mean,StdDev_ZScore,QQEMOD,QQE1_Value,QQE1_Above_Upper,QQE1_Below_Lower,QQE2_Above_Threshold,QQE2_Below_Threshold,QQE2_Above_TL,banker_RSI,OB,OB_High,OB_Low,OB_Mitigated_Index,TTM_squeeze_Active,VI_plus,VI_minus,VI_Regular_Bullish,VI_Regular_Bearish,VI_Hidden_Bullish,VI_Hidden_Bearish,Fisher,Fisher_Signal,Fisher_Regular_Bullish,Fisher_Regular_Bearish,Fisher_Hidden_Bullish,Fisher_Hidden_Bearish,OBV,OBV_Smoothed,OBV_Regular_Bullish,OBV_Regular_Bearish,OBV_Hidden_Bullish,OBV_Hidden_Bearish,Volume_MA,Vol_Regular_Bullish,Vol_Regular_Bearish,Vol_Hidden_Bullish,Vol_Hidden_Bearish
2022-01-03 00:00:00+00:00,4.2,4.29,3.94,3.99,2696341,,,,,,,,,,,,,,,,,,,,,,,,,,,,,,,,,,,,,,,,,,,,,,,,,,,#000000,,,,,,False,False,False,False,False,,0.0,0.0,0.0,0.0,0,,,False,False,False,False,,,False,False,False,False,0,0.0,False,False,False,False,2696341.0,False,False,False,False
2022-01-04 00:00:00+00:00,4.11,4.18,3.95,4.14,2775202,,,,,,,,,,,,,,,,,,,,,,,,,,,,,,,,,,,,,,,,,,,,,,,,,,,#000000,,,,0.0,,False,False,False,True,False,,0.0,0.0,0.0,0.0,0,,,False,False,False,False,,,False,False,False,False,-2775202,-108831.45098039215,False,False,False,False,2699433.5882352944,False,False,False,False
2022-01-05 00:00:00+00:00,3.86,4.19,3.85,4.06,2504343,,,,,,,,,,,,,,,,,,,,,,,,,,,,,,,,,,,,,,,,,,,,,,,,,,,#000000,,,,0.0,-50.0,False,False,False,True,True,,0.0,0.0,0.0,0.0,0,,,False,False,False,False,,,False,False,False,False,-5279545,-311604.53133410227,False,False,False,False,2691782.9769319496,False,False,False,False
2022-01-06 00:00:00+00:00,3.81,3.97,3.74,3.87,2913367,,,,,,,,,,,,,,,,,,,,,,,,,,,,,,,,,,,,,,,,,,,,,,,,,,,#000000,,,,0.0,-50.0,False,False,False,True,True,,0.0,0.0,0.0,0.0,0,,,False,False,False,False,,,False,False,False,False,-8192912,-620675.4124582552,False,False,False,False,2700472.54646403,False,False,False,False
2022-01-07 00:00:00+00:00,3.9,4.03,3.815,3.83,1799396,,,,,,,,,,,,,,,,,,,,,,,,,,,,,,,,,,,,,,,,,,,,,,,,,,,#000000,,,,7.322709017220186,-43.28751673421483,False,False,False,True,True,,0.0,0.0,0.0,0.0,0,,,False,False,False,False,,,False,False,False,False,-6393516,-847061.3178520491,False,False,False,False,2665136.211308578,False,False,False,False
2022-01-10 00:00:00+00:00,3.96,4.07,3.84,3.97,3202793,,,,,,,,,,,,,,,,,,,,,,,,,,,,,,,,,,,,,,,,,,,,,,,,,,,#000000,,,,15.813422599385401,-35.91117978485339,False,False,False,True,True,,0.0,0.0,0.0,0.0,0,,,False,False,False,False,,,False,False,False,False,-3190723,-938969.6191127532,False,False,False,False,2686220.7912572613,False,False,False,False
2022-01-11 00:00:00+00:00,4.06,4.15,3.88,3.94,2247253,,,,,,,,,,,,,,,,,,,,,,,,,,,,,,,,,,,,,,,,,,,,,,,,,,,#000000,,,,26.01668091934525,-27.284160031441743,False,False,False,True,True,,0.0,0.0,0.0,0.0,0,,,False,False,False,False,,,False,False,False,False,-943470,-939146.1046377433,False,False,False,False,2669006.368070702,False,False,False,False
2022-01-12 00:00:00+00:00,4.03,4.14,3.945,4.09,1595185,,,,,,,,,,,,,,,,,,,,,,,,,,,,,,,,,,,,,,,,,,,,,,,,,,,#000000,,,,31.84826133778288,-22.94146473712164,False,False,False,True,True,,0.0,0.0,0.0,0.0,0,,,False,False,False,False,,,False,False,False,False,-2538655,-1001871.9436715574,False,False,False,False,2626895.7261855765,False,False,False,False
2022-01-13 00:00:00+00:00,3.9,4.0601,3.88,4.03,1884127,,,,,,,,,,,,,,,,,,,,,,,,,,,,,,,,,,,,,,,,,,,,,,,,,,,#000000,,,,32.39773662952328,-22.94146473712164,False,False,False,True,True,,0.0,0.0,0.0,0.0,0,,,False,False,False,False,,,False,False,False,False,-4422782,-1136025.2792138492,False,False,False,False,2597767.5408449657,False,False,False,False
2022-01-14 00:00:00+00:00,3.93,3.94,3.785,3.88,1915215,,,,,,,,,,,,,,,,,,,,,,,,,,,,,,,,,,,,,,,,,,,,,,,,,,,#000000,,,,33.98773461441239,-22.379259452673264,False,False,False,True,True,,0.0,0.0,0.0,0.0,0,,,False,False,False,False,,,False,False,False,False,-2507567,-1189811.2290486002,False,False,False,False,2571000.77453732,False,False,False,False
2022-01-18 00:00:00+00:00,3.68,3.86,3.67,3.83,3004389,,,,,,,,,,,,,,,,,,,,,,,,,,,,,,,,,,,,,,,,,,,,,,,,,,,#000000,,,,30.88503351408688,-22.379259452673264,False,False,False,True,True,,0.0,0.0,0.0,0.0,0,,,False,False,False,False,,,False,False,False,False,-5511956,-1359307.1024192434,False,False,False,False,2587996.391222131,False,False,False,False
2022-01-19 00:00:00+00:00,3.59,3.74,3.58,3.7,2484793,,,,,,,,,,,,,,,,,,,,,,,,,,,,,,,,,,,,,,,,,,,,,,,,,,,#000000,,,,27.85053174825709,-22.379259452673264,False,False,False,True,False,,0.0,0.0,0.0,0.0,0,,,False,False,False,False,,,False,False,False,False,-7996749,-1619598.9415400575,False,False,False,False,2583949.1994094984,False,False,False,False
2022-01-20 00:00:00+00:00,3.57,3.77,3.56,3.62,2526976,,,,,,,,,,,,,,,,,,,,,,,,,,,,,,,,,,,,,,,,,,,,,,,,,,,#000000,,,,25.624934211003776,-16.79027775636061,False,False,False,True,False,,0.0,0.0,0.0,0.0,0,,,False,False,False,False,,,False,False,False,False,-10523725,-1968780.3555973102,False,False,False,False,2581714.956295401,False,False,False,False
2022-01-21 00:00:00+00:00,3.43,3.565,3.41,3.52,2689089,,,,,,,,,,,,,,,,,,,,,,,,,,,,,,,,,,,,,,,,,,,,,,,,,,,#000000,,,,22.89294153973521,-19.313778155817474,False,False,False,True,False,,0.0,0.0,0.0,0.0,0,,,False,False,False,False,,,False,False,False,False,-13212814,-2409722.8514562394,False,False,False,False,2585925.703107346,False,False,False,False
2022-01-24 00:00:00+00:00,3.43,3.44,3.12,3.3,3976204,,,,,,,,,,,,,,,,,,,,,,,,,,,,,,,,,,,,,,,,,,,,,,,,,,,#000000,,3.33,,21.07161309222284,-21.055022941291444,False,False,False,True,False,,0.0,0.0,0.0,0.0,0,,,False,False,False,False,,,False,False,False,False,-13212814,-2833373.4847324654,False,False,False,False,2640446.420632548,False,False,False,False
2022-01-25 00:00:00+00:00,3.48,3.55,3.335,3.38,2147426,,,,,,,,,,,,,,,,,,,,,,,,,,,,,,,,,,,,,,,,,,,,,,,,,,,#000000,,3.3738348250955728,,21.81163316618815,-21.055022941291444,False,False,False,True,False,,0.0,0.0,0.0,0.0,0,,,False,False,False,False,,,False,False,False,False,-11065388,-3156197.5833704076,False,False,False,False,2621112.2864900953,False,False,False,False
2022-01-26 00:00:00+00:00,3.41,3.59,3.37,3.54,2026104,,,,,,,,,,,,,,,,,,,,,,,,,,,,,,,,,,,,,,,,,,,,,,,,,,,#000000,,3.3944276353068705,,21.539726275714628,-21.055022941291444,False,False,False,True,False,,0.0,0.0,0.0,0.0,0,,,False,False,False,False,,,False,False,False,False,-13091492,-3545816.972257843,False,False,False,False,2597778.6281963666,False,False,False,False
2022-01-27 00:00:00+00:00,3.3,3.45,3.27,3.45,2177122,,,,,,,,,,,,,,,,,,,,,,,,,,,,,,,,,,,,,,,,,,,,,,,,,,,#000000,,3.3829531262951664,,20.339627503293553,-22.44374460089832,False,False,False,True,False,,0.0,0.0,0.0,0.0,0,,,False,False,False,False,,,False,False,False,False,-15268614,-4005534.5027575353,False,False,False,False,2581282.289835725,False,False,False,False
2022-01-28 00:00:00+00:00,3.41,3.505,3.22,3.28,2822592,,,,,,,,,,,,,,,,,,,,,,,,,,,,,,,,,,,,,,,,,,,,,,,,,,,#000000,,3.381961465606769,,23.315157337480006,-22.44374460089832,False,False,False,True,False,,0.0,0.0,0.0,0.0,0,,,False,False,False,False,,,False,False,False,False,-12446022,-4336534.012453319,False,False,False,False,2590745.41572452,False,False,False,False
2022-01-31 00:00:00+00:00,3.69,3.7163,3.37,3.39,2047515,,,,,,,,,,,,,,,,,,,,,,,,,,,,,,,,,,,,,,,,,,,,,,,,,,,#000000,,3.410273819940208,,31.871204191078338,-25.599569475787924,False,False,False,True,True,,0.0,0.0,0.0,0.0,0,,,False,False,False,False,,,False,False,False,False,-10398507,-4574258.443337502,False,False,False,False,2569442.2621666957,False,False,False,False
2022-02-01 00:00:00+00:00,3.83,3.88,3.66,3.7,2274453,,,,,,,,,,,,,,,,,,,,,,,,,,,,,,,,,,,,,,,,,,,,,,,,,,,#000000,,3.4597070970950496,,39.83582872217741,-18.375297386746908,False,False,False,True,True,,0.0,0.0,0.0,0.0,0,,,False,False,False,False,,,False,False,False,False,-8124054,-4713466.112226228,False,False,False,False,2557874.0558072175,False,False,False,False
2022-02-02 00:00:00+00:00,3.72,3.83,3.685,3.83,998371,,,,,,,,,,,,,,,,,,,,,,,,,,,,,,,,,,,,,,,,,,,,,,,,,,,#000000,,3.4751283989631285,,43.2300128497011,-15.550008740475946,False,False,False,True,True,,0.0,0.0,0.0,0.0,0,,,False,False,False,False,,,False,False,False,False,-9122425,-4886366.460766376,False,False,False,False,2496717.073226542,False,False,False,False
2022-02-03 00:00:00+00:00,3.48,3.67,3.48,3.66,1670691,,,,,,,,,,,,,,,,,,,,,,,,,,,,,,,,,,,,,,,,,,,,,,,,,,,#000000,,3.4807861281395613,,42.18685352946626,-15.550008740475946,False,False,False,True,True,,0.0,0.0,0.0,0.0,0,,,False,False,False,False,,,False,False,False,False,-10793116,-5118003.697599067,False,False,False,False,2464323.893884325,False,False,False,False
2022-02-04 00:00:00+00:00,3.63,3.65,3.43,3.49,1705412,,,,,,,,,,,,,,,,,,,,,,,,,,,,,,,,,,,,,,,,,,,,,,,,,,,#000000,,3.4877506604903723,,43.88672204603532,-15.18791036717709,False,False,False,True,True,,0.0,0.0,0.0,0.0,0,,,False,False,False,False,,,False,False,False,False,-9087704,-5273678.219261849,False,False,False,False,2434562.643143763,False,False,False,False
2022-02-07 00:00:00+00:00,3.65,3.81,3.63,3.63,1398733,,,,,,,,,,,,,,,,,,,,,,,,,,,,,,,,,,,,,,,,,,,,,,,,,,,#000000,,3.500322071610569,,45.323788205357424,-13.657765530398827,False,False,False,True,True,,0.0,0.0,0.0,0.0,0,,,False,False,False,False,,,False,False,False,False,-7688971,-5368395.583212365,False,False,False,False,2393941.8728243997,False,False,False,False
2022-02-08 00:00:00+00:00,3.72,3.725,3.59,3.67,1606094,,,,,,,,,,,,,,,,,,,,,,,,,,,,,,,,,,,,,,,,,,,,,,,,,,,#000000,,3.5118268832981094,,47.3595711265568,-11.477505611739389,False,False,False,False,True,,0.0,0.0,0.0,0.0,0,,,False,False,False,False,,,False,False,False,False,-6082877,-5396414.462302078,False,False,False,False,2363045.877811678,False,False,False,False
2022-02-09 00:00:00+00:00,3.96,4.005,3.76,3.76,3056805,,,,,,,,,,,,,,,,,,,,,,,,,,,,,,,,,,,,,,,,,,,,,,,,,,,#000000,,3.5552575719490016,,51.80154567398214,-7.059890007855117,False,False,True,False,True,,0.0,0.0,0.0,0.0,0,,,False,False,False,False,,,False,False,False,False,-3026072,-5303459.85593729,False,False,False,False,2390252.1178974947,False,False,False,False
2022-02-10 00:00:00+00:00,3.94,4.09,3.7808,3.86,2704008,,,,,,,,,,,,,,,,,,,,,,,,,,,,,,,,,,,,,,,,,,,,,,,,,,,#000000,,3.5889721334945803,,54.415611109585186,-4.434428300404811,False,False,True,False,True,,0.0,0.0,0.0,0.0,0,,,False,False,False,False,,,False,False,False,False,-5730080,-5320190.057665239,False,False,False,False,2402556.270136809,False,False,False,False
2022-02-11 00:00:00+00:00,4.04,4.13,3.89,3.96,3369609,,,,,,,,,,,,,,,,,,,,,,,,,,,,,,,,,,,,,,,,,,,,,,,,,,,#000000,,3.825856677341412,,57.31883420241084,-1.5193919595876366,False,False,True,False,True,,0.0,0.0,0.0,0.0,0,,,False,False,False,False,,,False,False,False,False,-2360471,-5204122.643639151,False,False,False,False,2440479.9066020325,False,False,False,False
2022-02-14 00:00:00+00:00,3.81,4.06,3.793,3.94,2454027,,,,,,,,,,,,,,,,,,,,,,,,,,,,,,,,,,,,,,,,,,,,,,,,,,,#000000,,3.8065942928228322,,55.484486777724506,-1.5193919595876366,False,False,True,False,True,,0.0,0.0,0.0,0.0,0,,,False,False,False,False,,,False,False,False,False,-4814498,-5188843.24584938,False,False,False,False,2441011.165166659,False,False,False,False
2022-02-15 00:00:00+00:00,3.95,3.9899,3.87,3.91,1551759,,,,,,,,,,,,,,,,,,,,,,,,,,,,,,,,,,,,,,,,,,,,,,,,,,,#000000,,3.8095663954761387,,55.98192698562622,-1.5193919595876366,False,False,True,False,True,,0.0,0.0,0.0,0.0,0,,,False,False,False,False,,,False,False,False,False,-3262739,-5113309.746012149,False,False,False,False,2406138.531238555,False,False,False,False
2022-02-16 00:00:00+00:00,3.98,4.04,3.85,3.96,1355080,,,,,,,,,,,,,,,,,,,,,,,,,,,,,,,,,,,,,,,,,,,,,,,,,,,#000000,,3.8145266732562977,,56.66671179282615,-1.4328860153671599,False,False,True,False,True,,0.0,0.0,0.0,0.0,0,,,False,False,False,False,,,False,False,False,False,-1907659,-4987597.952050889,False,False,False,False,2364920.5496213567,False,False,False,False
2022-02-17 00:00:00+00:00,3.79,3.965,3.75,3.91,1304730,,,,,,,,,,,,,,,,,,,,,,,,,,,,,,,,,,,,,,,,,,,,,,,,,,,#000000,,3.80915442817681,,54.290362823270875,-1.4328860153671599,False,False,True,False,True,,0.0,0.0,0.0,0.0,0,,,False,False,False,False,,,False,False,False,False,-3212389,-4917981.91471556,False,False,False,False,2323344.4496362056,False,False,False,False
2022-02-18 00:00:00+00:00,3.53,3.83,3.48,3.82,3353707,,,,,,,,,,,,,,,,,,,,,,,,,,,,,,,,,,,,,,,,,,,,,,,,,,,#000000,,3.7655791236374077,,49.72374161304981,-1.4328860153671599,False,False,False,False,False,,0.0,0.0,0.0,0.0,0,,,False,False,False,False,,,False,False,False,False,-6566096,-4982613.839628676,False,False,False,False,2363750.824160276,False,False,False,False
2022-02-22 00:00:00+00:00,3.37,3.49,3.34,3.46,1758800,,,,,,,,,,,,,,,,,,,,,,,,,,,,,,,,,,,,,,,,,,,,,,,,,,,#000000,,3.733671211943733,,45.205324391383115,3.1293420554970126,False,False,False,True,False,,0.0,0.0,0.0,0.0,0,,,False,False,False,False,,,False,False,False,False,-8324896,-5113683.728270689,False,False,False,False,2340027.2624285,False,False,False,False
2022-02-23 00:00:00+00:00,3.33,3.49,3.32,3.4,1833280,,,,,,,,,,,,,,,,,,,,,,,,,,,,,,,,,,,,,,,,,,,,,,,,,,,#000000,,3.7052431199252913,,41.84236130447796,-0.07766971155211166,False,False,False,True,False,,0.0,0.0,0.0,0.0,0,,,False,False,False,False,,,False,False,False,False,-10158176,-5311506.954613015,False,False,False,False,2320154.8207646376,False,False,False,False
2022-02-24 00:00:00+00:00,3.46,3.47,3.11,3.16,1785081,,,,,,,,,,,,,,,,,,,,,,,,,,,,,,,,,,,,,,,,,,,,,,,,,,,#000000,,3.680081945797631,,41.63758305132288,-0.38152716548786003,False,False,False,True,False,,0.0,0.0,0.0,0.0,0,,,False,False,False,False,,,False,False,False,False,-8373095,-5431569.230902702,False,False,False,False,2299171.5336758285,False,False,False,False
2022-02-25 00:00:00+00:00,3.54,3.545,3.41,3.47,1475041,,,,,,,,,,,,,,,,,,,,,,,,,,,,,,,,,,,,,,,,,,,,,,,,,,,#000000,,3.6699259901706984,,42.67532256182584,-0.38152716548786003,False,False,False,True,False,,0.0,0.0,0.0,0.0,0,,,False,False,False,False,,,False,False,False,False,-6898054,-5489078.437533968,False,False,False,False,2266852.6892179525,False,False,False,False
2022-02-28 00:00:00+00:00,3.58,3.59,3.44,3.54,1401765,,,,,,,,,,,,,,,,,,,,,,,,,,,,,,,,,,,,,,,,,,,,,,,,,,,#000000,,3.6631618540282442,,43.954903009055116,-0.38152716548786003,False,False,False,True,False,,0.0,0.0,0.0,0.0,0,,,False,False,False,False,,,False,False,False,False,-5496289,-5489361.204689499,False,False,False,False,2232927.681797641,False,False,False,False
2022-03-01 00:00:00+00:00,3.45,3.59,3.4,3.52,1727707,,,,,,,,,,,,,,,,,,,,,,,,,,,,,,,,,,,,,,,,,,,,,,,,,,,#000000,,3.6528163497493478,,43.220112911001834,-0.38152716548786003,False,False,False,True,False,,0.0,0.0,0.0,0.0,0,,,False,False,False,False,,,False,False,False,False,-7223996,-5557386.098623244,False,False,False,False,2213115.106040871,False,False,False,False
2022-03-02 00:00:00+00:00,3.53,3.55,3.315,3.47,1875676,,,,,,,,,,,,,,,,,,,,,,,,,,,,,,,,,,,,,,,,,,,,,,,,,,,#000000,,3.642171679909156,,43.98902001840334,-0.38152716548786003,False,False,False,True,False,,0.0,0.0,0.0,0.0,0,,,False,False,False,False,,,False,False,False,False,-5348320,-5549187.428089,False,False,False,False,2199882.199921621,False,False,False,False
2022-03-03 00:00:00+00:00,3.3,3.56,3.3,3.53,1181890,,,,,,,,,,,,,,,,,,,,,,,,,,,,,,,,,,,,,,,,,,,,,,,,,,,#000000,,3.6335704257696264,,41.91962825912994,-1.5039899532667818,False,False,False,True,False,,0.0,0.0,0.0,0.0,0,,,False,False,False,False,,,False,False,False,False,-6530210,-5587658.901497276,False,False,False,False,2159960.9371795966,False,False,False,False
2022-03-04 00:00:00+00:00,3.19,3.32,3.15,3.26,1324934,,,,,,,,,,,,,,,,,,,,,,,,,,,,,,,,,,,,,,,,,,,,,,,,,,,#000000,,3.618799487273634,,39.50540022026966,-4.085465832649007,False,False,False,True,False,,0.0,0.0,0.0,0.0,0,,,False,False,False,False,,,False,False,False,False,-7855144,-5676579.885752284,False,False,False,False,2127214.7827803968,False,False,False,False
2022-03-07 00:00:00+00:00,3.07,3.21,3.06,3.16,1503939,,,,,,,,,,,,,,,,,,,,,,,,,,,,,,,,,,,,,,,,,,,,,,,,,,,#000000,,3.5993197384943523,,36.85861887237479,-6.805857900445126,False,False,False,True,False,,0.0,0.0,0.0,0.0,0,,,False,False,False,False,,,False,False,False,False,-9359083,-5820991.772585528,False,False,False,False,2102772.5952203814,False,False,False,False
2022-03-08 00:00:00+00:00,3.12,3.22,3.0,3.07,1844270,,,,,,,,,,,,,,,,,,,,,,,,,,,,,,,,,,,,,,,,,,,,,,,,,,,#000000,,3.577596477700909,,35.99528731288381,-7.824350475109398,False,False,False,True,False,,0.0,0.0,0.0,0.0,0,,,False,False,False,False,,,False,False,False,False,-7514813,-5887416.134444919,False,False,False,False,2092635.2385450723,False,False,False,False
2022-03-09 00:00:00+00:00,3.18,3.31,3.125,3.2,2676252,,,,,,,,,,,,,,,,,,,,,,,,,,,,,,,,,,,,,,,,,,,,,,,,,,,#000000,,3.555163161778918,,36.5056787779656,-7.824350475109398,False,False,False,True,False,,0.0,0.0,0.0,0.0,0,,,False,False,False,False,,,False,False,False,False,-4838561,-5846284.5605451185,False,False,False,False,2115522.1703668344,False,False,False,False
2022-03-10 00:00:00+00:00,3.25,3.26,3.03,3.14,1854507,,,,,,,,,,,,,,,,,,,,,,,,,,,,,,,,,,,,,,,,,,,,,,,,,,,#000000,,3.5402756683494756,,38.091286691683656,-7.824350475109398,False,False,False,True,False,,0.0,0.0,0.0,0.0,0,,,False,False,False,False,,,False,False,False,False,-2984054,-5734040.224837466,False,False,False,False,2105286.2813328407,False,False,False,False
2022-03-11 00:00:00+00:00,3.09,3.3,3.09,3.26,995698,,,,,,,,,,,,,,,,,,,,,,,,,,,,,,,,,,,,,,,,,,,,,,,,,,,#000000,,3.5323818441739334,,37.350601760604135,-7.824350475109398,False,False,False,True,False,,0.0,0.0,0.0,0.0,0,,,False,False,False,False,,,False,False,False,False,-3979752,-5665244.608177173,False,False,False,False,2061773.0153982195,False,False,False,False
2022-03-14 00:00:00+00:00,3.0,3.11,2.96,3.1,2032196,,,,,,,,,,,,,,,,,,,,,,,,,,,,,,,,,,,,,,,,,,,,,,,,,,,#000000,,3.511729352071775,,35.96219429926123,-8.727422884762127,False,False,False,True,False,,0.0,0.0,0.0,0.0,0,,,False,False,False,False,,,False,False,False,False,-6011948,-5678840.819621206,False,False,False,False,2060613.1324414266,False,False,False,False
2022-03-15 00:00:00+00:00,3.1,3.1,2.955,3.0,1661703,,,,,,,,,,,,,,,,,,,,,,,,,,,,,,,,,,,,,,,,,,,,,,,,,,,#000000,,3.3485925644969825,,36.90268067149784,-8.727422884762127,False,False,False,True,False,0.0,0.0,0.0,0.0,0.0,0,,,False,False,False,False,-0.34282825441539394,-0.34282825441539394,False,False,False,False,-4350245,-5626739.022773316,False,False,False,False,2044969.5978358805,False,False,False,False
2022-03-16 00:00:00+00:00,3.34,3.34,3.12,3.13,1783462,,,,,,,,,,,,,,,,,,,,,,,,,,,,,,,,,,,,,,,,,,,,,,,,,,,#000000,,3.380706231299842,,41.22578822393336,-8.727422884762127,False,False,False,True,True,0.0,0.0,0.0,0.0,0.0,0,0.8982973893303066,1.066288308740068,False,False,False,False,-0.20396278990839045,-0.2733955221618922,False,False,False,False,-2566783,-5506740.747370441,False,False,False,False,2034714.397920748,False,False,False,False
2022-03-17 00:00:00+00:00,3.48,3.5,3.26,3.32,1422153,,,,,,,,,,,,,,,,,,,,,,,,,,,,,,,,,,,,,,,,,,,,,,,,,,,#000000,,3.4038919898910507,,45.847724158845686,-9.620648080817027,True,False,False,True,True,0.0,0.0,0.0,0.0,0.0,0,0.9118382185866848,1.0436264485344238,False,False,False,False,-0.10113157282942616,-0.18726354749565918,False,False,False,False,-1144630,-5335677.580806895,False,False,False,False,2010692.3823160129,False,False,False,False
2022-03-18 00:00:00+00:00,3.61,3.665,3.44,3.46,1936927,,,,,,,,,,,,,,,,,,,,,,,,,,,,,,,,,,,,,,,,,,,,,,,,,,,#000000,,3.437785153415426,,50.36806357702086,-5.528322822558138,True,False,False,False,True,0.0,0.0,0.0,0.0,0.0,0,0.9366245694603904,1.0298507462686566,False,False,False,False,0.011379767909258966,-0.08794188979320011,False,False,False,False,792297,-5095364.852147802,False,False,False,False,2007799.6222251889,False,False,False,False
2022-03-21 00:00:00+00:00,3.58,3.685,3.5101,3.6,1637790,,,,,,,,,,,,,,,,,,,,,,,,,,,,,,,,,,,,,,,,,,,,,,,,,,,#000000,,3.4565928802250525,,52.90988820234416,-3.3317604604097895,True,False,True,False,True,0.0,0.0,0.0,0.0,0.0,0,0.9529282522801964,1.0078468298807282,False,False,False,False,0.04069532030911957,-0.02362328474204027,False,False,False,False,-845493,-4928703.210887104,False,False,False,False,1993289.440961456,False,False,False,False
2022-03-22 00:00:00+00:00,3.69,3.775,3.585,3.6,2374220,,,,,,,,,,,,,,,,,,,,,,,,,,,,,,,,,,,,,,,,,,,,,,,,,,,#000000,,3.4836804146538234,,55.831836744841176,-0.7196939608047401,True,False,True,False,True,0.0,0.0,0.0,0.0,0.0,0,0.9528101115902067,1.0050891056128208,False,False,False,False,0.09456656547519846,0.03547164036657909,False,False,False,False,1528727,-4675470.6535974145,False,False,False,False,2008227.8942570852,False,False,False,False
2022-03-23 00:00:00+00:00,3.67,3.86,3.63,3.8,2133339,,,,,,,,,,,,,,,,,,,,,,,,,,,,,,,,,,,,,,,,,,,,,,,,,,,#000000,,3.503613674330504,,57.42558820548329,0.708035979043494,True,False,True,False,True,0.0,0.0,0.0,0.0,0.0,0,0.9546606954494145,1.0009252919296039,False,False,False,False,0.13741003256562598,0.08644083646610254,False,False,False,False,-604612,-4515829.137770065,False,False,False,False,2013134.2121293563,False,False,False,False
2022-03-24 00:00:00+00:00,3.99,4.08,3.57,3.69,7186475,,,,,,,,,,,,,,,,,,,,,,,,,,,,,,,,,,,,,,,,,,,,,,,,,,,#000000,,3.5749705060117516,,61.54295439957248,4.553594273808386,True,False,True,False,True,4.330649184956826,0.0,0.0,0.0,0.0,0,0.946593768669551,0.9882325253000703,False,False,False,False,0.19085545807552318,0.13864814727081287,False,False,False,False,6581863,-4080625.5245241807,False,False,False,False,2216010.321457617,False,False,False,False
2022-03-25 00:00:00+00:00,4.25,4.29,3.82,4.17,12692592,,,,,,,,,,,,,,,,,,,,,,,,,,,,,,,,,,,,,,,,,,,,,,,,,,,#000000,,3.6957969706226774,,66.02219530056372,8.664958506457495,True,False,True,False,True,8.697176235424038,0.0,0.0,0.0,0.0,0,0.9642301985444782,0.9690878259026355,False,False,False,False,0.34282818233193646,0.24073816480137467,False,False,False,False,19274455,-3164740.013758527,False,True,False,False,2626856.661792612,False,True,False,False
2022-03-28 00:00:00+00:00,3.95,4.1,3.8306,4.0,4432132,,,,,,,,,,,,,,,,,,,,,,,,,,,,,,,,,,,,,,,,,,,,,,,,,,,#000000,,3.712190330666793,,64.52641750506756,8.664958506457495,True,False,True,False,True,3.0212128969796126,0.0,0.0,0.0,0.0,0,0.9585355094838994,0.9662765856232214,False,False,False,False,0.27943537107142297,0.26008676793639884,False,False,False,False,14842323,-2458580.6798856435,False,False,False,False,2697651.773094863,False,False,False,False
2022-03-29 00:00:00+00:00,4.01,4.16,3.86,3.98,3811688,,,,,,,,,,,,,,,,,,,,,,,,,,,,,,,,,,,,,,,,,,,,,,,,,,,#000000,,3.7273882660682798,,64.01586623933407,8.664958506457495,True,False,True,False,True,4.003792725501807,0.0,0.0,0.0,0.0,0,0.9696754849786874,0.9513099336277516,False,False,False,False,0.31072314807300855,0.28540495800470367,False,False,False,False,18654011,-1630635.9081254224,False,False,False,False,2741339.4682676136,False,False,False,False
2022-03-30 00:00:00+00:00,4.07,4.31,4.01,4.12,3873104,,,,,,,,,,,,,,,,,,,,,,,,,,,,,,,,,,,,4.130000000000001,,,,,,,,,,,,4.130000000000001,4.130000000000001,,#000000,,3.8433082037106274,,64.16984099921844,8.664958506457495,True,False,True,False,True,4.9791519832794755,-1.0,4.31,4.01,0.0,0,0.9982973941617644,0.9378548869044071,False,False,False,False,0.34282818901517026,0.31411657350993694,False,False,False,False,22527115,-683273.1274146216,False,False,False,False,2785722.391080648,False,False,False,False
2022-03-31 00:00:00+00:00,3.89,4.07,3.87,4.05,2112406,,,,,,,,,,,,,,,,,,,,,,,,,,,,,,,,,,,,4.064121605900472,,,,,,,,,,,,4.064121605900472,4.064121605900472,,#000000,,3.830345334808718,,61.7620739555852,8.664958506457495,True,False,True,False,False,1.751323040391373,0.0,0.0,0.0,0.0,0,0.9940611027683744,0.948246752695835,False,False,False,False,0.2228906584320481,0.26850361597099254,False,False,False,False,20414709,144098.72071928508,False,False,False,False,2759317.8267245446,False,False,False,False
2022-04-01 00:00:00+00:00,3.9,4.05,3.8512,3.94,3158758,,,,,,,,,,,,,,,,,,,,,,,,,,,,,,,,,,,,4.019080821982325,,,,,,,,,,,,4.019080821982325,4.019080821982325,,#000000,,3.8236954830319063,,60.258608572908756,8.664958506457495,True,False,True,False,False,1.918525413576635,0.0,0.0,0.0,0.0,0,0.9941573606216297,0.952443632966753,False,False,False,False,0.21104394961436673,0.23977378279267964,False,False,False,False,23573467,1062897.4767695093,False,False,False,False,2774982.1472451505,False,False,False,False
2022-04-04 00:00:00+00:00,3.92,4.0,3.78,3.97,2289581,,,,,,,,,,,,,,,,,,,,,,,,,,,,,,,,,,,,3.995235379605474,,,,,,,,,,,,3.995235379605474,3.995235379605474,,#000000,,3.8201296908480016,,59.47506905932531,8.664958506457495,True,False,True,False,False,2.2573971975804454,0.0,0.0,0.0,0.0,0,1.0012673735794857,0.9400109839043556,False,False,False,False,0.17439573133954836,0.207084757066114,False,False,False,False,25863048,2035452.3992491364,False,False,False,False,2755946.808137498,False,False,False,False
2022-04-05 00:00:00+00:00,3.82,3.97,3.79,3.92,1918530,,,,,,,,,,,,,,,,,,,,,,,,,,,,,,,,,,,,3.975804150696042,,,,,,,,,,,,3.975804150696042,3.975804150696042,,#000000,,3.816479486298915,,57.44968730974951,13.926159172951799,True,False,True,False,False,0.4719074437408963,0.0,0.0,0.0,0.0,0,1.0269334359368987,0.9311701081612584,False,False,False,False,0.16839501779452853,0.18773988743032127,False,False,False,False,23944518,2894631.442415837,False,False,False,False,2723106.9333085762,False,False,False,False
2022-04-06 00:00:00+00:00,3.66,3.83,3.62,3.83,2406628,,,,,,,,,,,,,,,,,,,,,,,,,,,,,,,,,,,,3.9341939211779016,,,,,,,,,,,,3.9341939211779016,3.9341939211779016,,#000000,,3.80414749490106,,53.95409998814876,10.408387351571854,True,False,True,False,False,0.0,0.0,0.0,0.0,0.0,0,0.9940122321543133,0.95252555493777,False,False,False,False,0.07663973023381182,0.13218980883206655,False,False,False,False,21537890,3625739.621144628,False,False,False,False,2710695.9947474557,False,False,False,False
2022-04-07 00:00:00+00:00,3.57,3.75,3.49,3.74,2023990,,,,,,,,,,,,,,,,,,,,,,,,,,,,,,,,,,,,3.8965366848194005,,,,,,,,,,,,3.8965366848194005,3.8965366848194005,,#000000,,3.791459151663349,,50.537294272747616,7.08162378306794,True,False,False,False,False,0.0,0.0,0.0,0.0,0.0,0,0.9799667533353225,0.9629171817058098,False,False,False,False,0.0152991763095903,0.07374449257082842,False,False,False,False,19513900,4248804.734040917,False,False,False,False,2683766.3478946146,False,False,False,False
2022-04-08 00:00:00+00:00,3.48,3.57,3.47,3.54,1317545,,,,,,,,,,,,,,,,,,,,,,,,,,,,,,,,,,,,3.869643662984363,,,,,,,,,,,,3.869643662984363,3.869643662984363,,#000000,,3.781610721416243,,47.2261834088354,3.927181162318135,False,False,False,True,False,0.0,0.0,0.0,0.0,0.0,0,0.9866958499635209,0.9660958757134888,False,False,False,False,-0.04300665282894486,0.015368919870941782,False,False,False,False,18196355,4795767.489568724,False,False,False,False,2630189.0401340416,False,False,False,False
2022-04-11 00:00:00+00:00,3.42,3.48,3.31,3.41,1693208,,,,,,,,,,,,,,,,,,,,,,,,,,,,,,,,,,,,3.831672619731089,,,,,,,,,,,,3.831672619731089,3.831672619731089,,#000000,,3.7667895181464996,,44.3496124916341,1.2129830528163268,False,True,False,True,False,0.0,0.0,0.0,0.0,0.0,0,0.9770274370421742,0.978327770794504,False,False,False,False,-0.1163500288927625,-0.050490554510910356,False,False,False,False,16503147,5254880.411546421,False,False,False,False,2593444.6856189813,False,False,False,False
2022-04-12 00:00:00+00:00,3.39,3.56,3.365,3.49,1332003,,,,,,,,,,,,,,,,,,,,,,,,,,,,,,,,,,,,3.8079930139115863,,,,,,,,,,,,3.8079930139115863,3.8079930139115863,,#000000,,3.7572287729539697,,42.09131597198876,-0.9350123782111979,False,True,False,True,False,0.0,0.0,0.0,0.0,0.0,0,0.9683772245744102,0.9895732682138402,False,False,False,False,-0.07663978885492846,-0.0635651716829194,False,False,False,False,15171144,5643753.493446562,False,False,False,False,2543976.3842221587,False,False,False,False
2022-04-13 00:00:00+00:00,3.49,3.49,3.3387,3.4,1042261,,,,,,,,,,,,,,,,,,,,,,,,,,,,,,,,,,,,3.7914185931129007,,,,,,,,,,,,3.7914185931129007,3.7914185931129007,,#000000,,3.7503333593817576,,42.42687042764459,-0.9350123782111979,False,True,False,True,False,0.0,0.0,0.0,0.0,0.0,0,0.9402324245503954,1.0101630506826917,False,False,False,False,-0.10493447747083014,-0.08424982457687477,False,False,False,False,16213405,6058249.630958462,False,False,False,False,2485085.5848408975,False,False,False,False
2022-04-14 00:00:00+00:00,3.44,3.49,3.37,3.46,1344084,,,,,,,,,,,,,,,,,,,,,,,,,,,,,,,,,,,,3.7717835268568196,,,,,,,,,,,,3.7717835268568196,3.7717835268568196,,#000000,,3.741914516826777,,41.98392445854597,-1.3477919153988935,False,True,False,True,False,0.0,0.0,0.0,0.0,0.0,0,0.9406580753731014,1.0057570523891768,False,False,False,False,-0.09572177202256678,-0.08998579829972078,False,False,False,False,14869321,6403781.84150911,False,False,False,False,2440340.4246510584,False,False,False,False
2022-04-18 00:00:00+00:00,3.26,3.45,3.21,3.45,1546353,,,,,,,,,,,,,,,,,,,,,,,,,,,,,,,,,,,,3.74418269777816,,,,,,,,,,,,3.74418269777816,3.74418269777816,,#000000,,3.729567615467471,,39.56199708195308,-3.9032858418001837,False,True,False,True,False,0.0,0.0,0.0,0.0,0.0,0,0.9464151277622781,0.9995571498162171,False,False,False,False,-0.15493660415897606,-0.12246120122934842,False,False,False,False,13322968,6675122.47517542,False,False,False,False,2405282.0942725856,False,False,False,False
2022-04-19 00:00:00+00:00,3.33,3.35,3.18,3.24,1437996,,,,,,,,,,,,,,,,,,,,,,,,,,,,,,,,,,,,3.7202557437730044,,,,,,,,,,,,3.7202557437730044,3.7202557437730044,,#000000,,3.7184751084023757,,39.302439908319776,-4.4154877182267285,False,True,False,True,False,0.0,0.0,0.0,0.0,0.0,0,0.9479560517770561,1.0066723010542236,False,False,False,False,-0.19398663052875448,-0.15822391587905144,False,False,False,False,14760964,6992214.299678344,False,False,False,False,2367349.306261896,False,False,False,False
2022-04-20 00:00:00+00:00,3.21,3.37,3.19,3.37,1232447,,,,,,,,,,,,,,,,,,,,,,,,,,,,,,,,,,,,3.7003681362893164,,,,,,,,,,,,3.7003681362893164,3.7003681362893164,,"rgba(255, 0, 0, 1.0)",0.3018210196920156,3.7089741793898376,-1.6532121583148889,37.77087373980794,-6.169373093342706,False,True,False,True,False,0.0,0.0,0.0,0.0,0.0,0,0.9310528891063564,1.0191272630221073,False,False,False,False,-0.1849273069460002,-0.1715756114125258,False,False,False,False,13528517,7248539.895769389,False,False,False,False,2322843.333467312,False,False,False,False
2022-04-21 00:00:00+00:00,3.12,3.27,3.09,3.26,1502349,,,,,,,,,,,,,,,,,,,,,,,,,,,,,,,,,,,,3.673514409858481,,,,,,,,,,,,3.673514409858481,3.673514409858481,,"rgba(255, 0, 0, 1.0)",0.2996988278044936,3.6958129665577975,-1.9213053677120981,35.82684212356018,-8.274116889679618,False,True,False,True,False,0.0,0.0,0.0,0.0,0.0,0,0.9260112533782288,1.020380133800009,False,False,False,False,-0.24596910319966325,-0.20877235730609453,False,False,False,False,12026168,7435897.860641179,False,False,False,False,2290667.085096045,False,False,False,False
2022-04-22 00:00:00+00:00,3.06,3.19,3.02,3.12,1258643,,,,,,,,,,,,,,,,,,,,,,,,,,,,,,,,,,,,3.6501914823836876,,,,,,,,,,,,3.6501914823836876,3.6501914823836876,,"rgba(255, 26, 202, 1.0)",0.30050575986445216,3.684088354547145,-2.0767933194646577,33.94238897547444,-10.277000205674582,False,True,False,True,False,0.0,0.0,0.0,0.0,0.0,0,0.9073452396938366,1.0501320442236248,False,False,False,False,-0.2929355412812281,-0.25085394929366134,False,False,False,False,10767525,7566549.905321917,False,False,False,False,2250195.5523471804,False,False,False,False
2022-04-25 00:00:00+00:00,3.08,3.1,3.0,3.04,1495410,,,,,,,,,,,,,,,,,,,,,,,,,,,,,,,,,,,,3.6234347649459724,,,,,,,,,,,,3.6234347649459724,3.6234347649459724,,"rgba(255, 0, 0, 1.0)",0.30468119507221103,3.670275815795506,-1.937355587881318,33.148421450428486,-11.247619465205076,False,True,False,True,False,0.0,0.0,0.0,0.0,0.0,0,0.9018547070146788,1.0670540902995083,False,False,False,False,-0.32818326735531,-0.28951860832448567,False,False,False,False,12262935,7750721.869819096,False,False,False,False,2220596.118921801,False,False,False,False
2022-04-26 00:00:00+00:00,2.91,3.055,2.91,3.05,1865546,,,,,,,,,,,,,,,,,,,,,,,,,,,,,,,,,,,,3.58783225883323,,,,,,,,,,,,3.58783225883323,3.58783225883323,,"rgba(255, 26, 202, 1.0)",0.31328828504996736,3.651438839609927,-2.366634422642623,30.971298194473675,-13.52165612889921,False,True,False,True,False,0.0,0.0,0.0,0.0,0.0,0,0.8806386749056586,1.0729940411153858,False,False,False,False,-0.34282825441539394,-0.3161734313699398,False,False,False,False,10397389,7854512.737669328,False,False,False,False,2206672.584846436,False,False,False,False
2022-04-27 00:00:00+00:00,2.92,3.02,2.88,2.9,1730586,,,,,,,,,,,,,,,,,,,,,,,,,,,,,,,,,,,,3.5571847554748275,,,,,,,,,,,,3.5571847554748275,3.5571847554748275,,"rgba(255, 26, 202, 1.0)",0.31982021976881486,3.634676406688611,-2.234619209520967,29.76531023961426,-14.847419556134511,False,True,False,True,False,0.0,0.0,0.0,0.0,0.0,0,0.8854546974721998,1.07060375500497,False,False,False,False,-0.34282825441539394,-0.3295008428926669,False,False,False,False,12127975,8022099.493054844,False,False,False,False,2188002.5226955954,False,False,False,False
2022-04-28 00:00:00+00:00,3.04,3.08,2.84,2.96,1860610,,,,,,,,,,,,,,,,,,,,,,,,,,,,,,,,,,,,3.5295714520069588,,,,,,,,,,,,3.5295714520069588,3.5295714520069588,,"rgba(255, 0, 0, 1.0)",0.3218919297130862,3.6189449140029595,-1.7985692108497213,31.79337587291445,-14.847419556134511,False,True,False,True,False,0.0,0.0,0.0,0.0,0.0,0,0.8808248032223496,1.0637356343076754,False,False,False,False,-0.3367193812425832,-0.3331101120676251,False,False,False,False,13988585,8256079.316856615,False,False,False,False,2175163.600236945,False,False,False,False
2022-04-29 00:00:00+00:00,3.02,3.165,3.01,3.03,1342062,,,,,,,,,,,,,,,,,,,,,,,,,,,,,,,,,,,,3.513899771812525,,,,,,,,,,,,3.513899771812525,3.513899771812525,,"rgba(255, 0, 0, 1.0)",0.321909393552996,3.6095812546886994,-1.8315130483809148,32.89457913318059,-14.847419556134511,False,True,False,True,True,0.0,0.0,0.0,0.0,0.0,0,0.8980480842308192,1.0607077316625577,False,False,False,False,-0.26075332322258743,-0.2969317176451063,False,False,False,False,12646523,8428253.578940671,False,False,False,False,2142492.9492472606,False,False,False,False
2022-05-02 00:00:00+00:00,3.13,3.13,2.95,3.01,1688479,,,,,,,,,,,,,,,,,,,,,,,,,,,,,,,,,,,,3.4958272173468323,,,,,,,,,,,,3.4958272173468323,3.4958272173468323,,"rgba(239, 83, 80, 1.0)",0.31991845807927344,3.5984706334355536,-1.4643438713982242,36.06659399631871,-19.205943757259387,False,True,False,True,True,0.0,0.0,0.0,0.0,0.0,0,0.9026947501722629,1.0586624951114587,False,False,False,False,-0.28866877647018513,-0.29280024705764574,False,False,False,False,14335002,8659890.77192339,False,False,False,False,2124688.480649329,False,False,False,False
2022-05-03 00:00:00+00:00,3.08,3.2,3.045,3.12,1096149,,,,,,,,,,,,,,,,,,,,,,,,,,,,,,,,,,,,3.4858492111102466,,,,,,,,,,,,3.4858492111102466,3.4858492111102466,,"rgba(255, 0, 0, 1.0)",0.32081776140986346,3.592091000321605,-1.5962052664140955,37.42724318455147,-17.846605188563906,False,True,False,True,True,0.0,0.0,0.0,0.0,0.0,0,0.9355107924585563,1.0403057547134025,False,False,False,False,-0.24043766384630386,-0.2666189554519748,False,False,False,False,13238853,8839457.918122472,False,False,False,False,2084353.5990552374,False,False,False,False
2022-05-04 00:00:00+00:00,3.24,3.25,2.975,3.08,1501402,,,,,,,,,,,,,,,,,,,,,,,,,,,,,,,,,,,,3.4745776839498017,,,,,,,,,,,,3.4745776839498017,3.4745776839498017,,"rgba(239, 83, 80, 1.0)",0.31851145905532124,3.5845429787596923,-1.0817286755760003,41.4879337812058,-13.978719839278462,False,True,False,True,True,0.0,0.0,0.0,0.0,0.0,0,0.9463751481739326,1.0070559015560614,False,False,False,False,-0.24622160668439924,-0.25642028106818704,False,False,False,False,14740255,9070861.725254925,False,False,False,False,2061492.7520334632,False,False,False,False
2022-05-05 00:00:00+00:00,3.01,3.205,3.0,3.2,1144498,,,,,,,,,,,,,,,,,,,,,,,,,,,,,,,,,,,,3.4643789745087217,,,,,,,,,,,,3.4643789745087217,3.4643789745087217,,"rgba(255, 0, 0, 1.0)",0.32279957801640263,3.5778563101610414,-1.759160633512931,40.88830662561295,-13.978719839278462,False,True,False,True,True,0.0,0.0,0.0,0.0,0.0,0,0.9476606164831672,1.0079443707123763,False,False,False,False,-0.2520217440760086,-0.25422101257209784,False,False,False,False,13595757,9248308.59877434,False,False,False,False,2025532.1735223471,False,False,False,False
2022-05-06 00:00:00+00:00,2.96,3.04,2.885,3.0,1636281,,,,,,,,,,,,,,,,,,,,,,,,,,,,,,,,,,,,3.4468216076327,,,,,,,,,,,,3.4468216076327,3.4468216076327,,"rgba(255, 0, 0, 1.0)",0.3283743743499632,3.5665496001455725,-1.8471283008799757,39.88480363741315,-13.978719839278462,False,True,False,True,True,0.0,0.0,0.0,0.0,0.0,0,0.9556906540631193,1.021916450678457,False,False,False,False,-0.3351959561600115,-0.2947084843660547,False,False,False,False,11959476,9354628.889018483,False,False,False,False,2010267.42161951,False,False,False,False
2022-05-09 00:00:00+00:00,2.83,2.98,2.82,2.91,4010270,,,,,,,,,,,,,,,,,,,,,,,,,,,,,,,,,,,,3.4018663922786114,,,,,,,,,,,,3.4018663922786114,3.4018663922786114,,"rgba(255, 0, 0, 1.0)",0.33676559067556633,3.405006573441786,-1.70743861416571,37.75812802982864,-13.978719839278462,False,True,False,True,False,0.0,0.0,0.0,0.0,0.0,0,0.9210981614921003,1.0346977964522692,False,False,False,False,-0.34282825441539394,-0.3187683693907243,False,False,False,False,7949206,9299514.265919719,False,False,False,False,2088698.89528149,False,False,False,False
2022-05-10 00:00:00+00:00,3.18,3.37,2.96,2.98,5894282,,,,,,,,,,,,,,,,,,,,,,,,,,,,,,,,,,,,3.3777861385315266,,,,,,,,,,,,3.3777861385315266,3.3777861385315266,,"rgba(239, 83, 80, 0.5)",0.338441419738475,3.423582938968272,-0.7197196464797265,41.98788535082815,-13.65364151231428,False,True,False,True,True,0.0,0.0,0.0,0.0,0.0,1,0.9220855409096743,0.9899169523530167,False,False,False,False,-0.19357253309841685,-0.25617045124457055,False,False,False,False,13843488,9477709.314315025,False,False,False,False,2237937.4484077063,False,False,False,False
2022-05-11 00:00:00+00:00,2.98,3.28,2.98,3.28,3351958,,,,,,,,,,,,,,,,,,,,,,,,,,,,,,,,,,,,3.3611797587210765,,,,,,,,,,,,3.3611797587210765,3.3611797587210765,,"rgba(239, 83, 80, 1.0)",0.34313089457350066,3.414272204618585,-1.2656167412682844,42.48634612972623,-13.176485553276777,False,True,False,True,True,0.0,0.0,0.0,0.0,0.0,1,0.9283082563478956,0.998185019148048,False,False,False,False,-0.21267324933162834,-0.23442185028809945,False,False,False,False,10491530,9517466.988263456,False,False,False,False,2281624.5288623064,False,False,False,False
2022-05-12 00:00:00+00:00,3.09,3.1685,2.885,2.95,4559748,,,,,,,,,,,,,,,,,,,,,,,,,,,,,,,,,,,,3.339085382196605,,,,,,,,,,,,3.339085382196605,3.339085382196605,,"rgba(239, 83, 80, 0.5)",0.3458418635656976,3.3991522659819644,-0.8939122140811523,44.27077492292803,-11.39825329321711,False,False,False,True,True,0.0,0.0,0.0,0.0,0.0,1,0.9277188987974233,1.004653095889916,False,False,False,False,-0.2699809917032092,-0.25220142099565435,False,False,False,False,15051278,9734479.184802145,False,False,False,False,2370962.7042010394,False,False,False,False
2022-05-13 00:00:00+00:00,3.27,3.315,3.11,3.14,3361013,,,,,,,,,,,,,,,,,,,,,,,,,,,,,,,,,,,,3.3337782330219623,,,,,,,,,,,,3.3337782330219623,3.3337782330219623,,#000000,0.3464904091076745,3.3992960129382075,-0.37315899528413143,47.578815350461696,-8.212713043322587,False,False,False,False,True,0.0,0.0,0.0,0.0,0.0,1,0.9474299594848136,0.9904830099067337,False,False,False,False,-0.1678688072054149,-0.2100351141005346,False,False,False,False,18412291,10074785.530496178,False,False,False,False,2409788.205997077,False,False,False,False
2022-05-16 00:00:00+00:00,3.43,3.49,3.23,3.28,3092406,,,,,,,,,,,,,,,,,,,,,,,,,,,,,,,,,,,,3.3359329465606486,,,,,,,,,,,,3.3359329465606486,3.3359329465606486,,#000000,0.3460155180605904,3.4055000777623534,0.0708058481740018,51.409514432090404,-4.625432664251669,True,False,True,False,True,0.0,0.0,0.0,0.0,0.0,1,0.9721295705256722,0.9532496021720953,False,False,False,False,-0.0892841315673164,-0.1496596228339255,False,False,False,False,21504697,10523017.352829661,False,False,False,False,2436557.531252093,False,False,False,False
2022-05-17 00:00:00+00:00,3.54,3.61,3.43,3.51,1653222,,,,,,,,,,,,,,,,,,,,,,,,,,,,,,,,,,,3.5266666666666673,3.3402658953355857,,,,,,,,,,,,3.3402658953355857,3.4334662810011265,,#000000,0.346089974241194,3.4307393426049746,0.31570015177290417,54.979799252367286,-1.3540749253201554,True,False,True,False,True,0.17345740894988282,0.0,0.0,0.0,0.0,0,0.9982067444341829,0.932752916281864,False,False,False,False,-0.00523816892133699,-0.07744889587763125,False,False,False,False,23157919,11018503.69193438,False,False,False,False,2405838.490810835,False,False,False,False
2022-05-18 00:00:00+00:00,3.32,3.535,3.315,3.52,1256576,,,,,,,,,,,,,,,,,,,,,,,,,,,,,,,,,,,3.46764811852919,3.3411100714552555,,,,,,,,,,,,3.3411100714552555,3.4043790949922226,,#000000,0.3454209078842849,3.4223356299099392,-0.296263565910786,54.443869497076314,-1.3540749253201554,True,False,True,False,True,0.0,0.0,0.0,0.0,0.0,0,0.9928301920612301,0.9399528585128026,False,False,False,False,-0.055055581099829415,-0.06625223848873033,False,False,False,False,21901343,11445281.704015385,False,False,False,False,2360769.3735241354,False,False,False,False
2022-05-19 00:00:00+00:00,3.42,3.495,3.28,3.32,1582593,,,,,,,,,,,,,,,,,,,,,,,,,,,,,,,,,,,3.443229697726667,3.342307764460854,,,,,,,,,,,,3.342307764460854,3.392768731093761,,#000000,0.34265955052729463,3.4199963560804476,1.0634227316044233e-05,55.109018671533775,-1.2315238454699013,True,False,True,False,True,0.0,0.0,0.0,0.0,0.0,0,0.9789857729211562,0.9521591000545474,False,False,False,False,-0.07478196841395407,-0.0705171034513422,False,False,False,False,23483936,11917385.794053998,False,False,False,False,2330252.6529937773,False,False,False,False
2022-05-20 00:00:00+00:00,3.39,3.54,3.28,3.47,1205621,,,,,,,,,,,,,,,,,,,,,,,,,,,,,,,,,,,3.4347881755367777,3.343265523509901,,,,,,,,,,,,3.343265523509901,3.389026849523339,,#000000,0.3412720243362978,3.41982333548912,-0.08738874962610861,55.15272941269596,-0.9669685300581037,True,False,True,False,True,0.0,0.0,0.0,0.0,0.0,0,0.9875143807578772,0.9438147134104469,False,False,False,False,-0.06294014423041487,-0.06672862384087853,False,False,False,False,22278315,12323696.743306782,False,False,False,False,2286149.4509155904,False,False,False,False
2022-05-23 00:00:00+00:00,3.18,3.442,3.17,3.43,1228112,,,,,,,,,,,,,,,,,,,,,,,,,,,,,,,,,,,3.4045047142769413,3.3420182327450654,,,,,,,,,,,,3.3420182327450654,3.373261473511003,,"rgba(239, 83, 80, 0.5)",0.34262831488679124,3.4140617012033574,-0.6831358969287001,52.59295659024964,-0.9669685300581037,True,False,True,False,True,0.0,0.0,0.0,0.0,0.0,0,0.9725052993818125,0.9563632493414573,False,False,False,False,-0.11787628938645216,-0.09230245661366535,False,False,False,False,21050203,12665912.67494181,False,False,False,False,2244657.786173803,False,False,False,False
2022-05-24 00:00:00+00:00,3.03,3.16,3.0,3.16,1569550,,,,,,,,,,,,,,,,,,,,,,,,,,,,,,,,,,,3.3414743365858905,3.3365242559635426,,,,,,,,,,,,3.3365242559635426,3.3389992962747166,,"rgba(239, 83, 80, 1.0)",0.34518400889960127,3.3993173788291124,-1.069914507356367,49.31220301495951,-0.9669685300581037,True,False,False,False,False,0.0,0.0,0.0,0.0,0.0,0,0.9690399738166634,0.9628479685799961,False,False,False,False,-0.24023138794115245,-0.1662669222774089,False,False,False,False,19480653,12933157.393571544,False,False,False,False,2218182.971029732,False,False,False,False
2022-05-25 00:00:00+00:00,3.04,3.1299,3.0,3.02,1315012,,,,,,,,,,,,,,,,,,,,,,,,,,,,,,,,,,,3.303294607118537,3.3319764475224525,,,,,,,,,,,,3.3319764475224525,3.317635527320495,,"rgba(239, 83, 80, 1.0)",0.34721585051210846,3.3894468514488767,-1.0064254006073676,47.263242507545996,3.3267833040611237,False,False,False,True,False,0.0,0.0,0.0,0.0,0.0,1,0.9694414427182058,0.9645786462116248,False,False,False,False,-0.24859514683816505,-0.207431034557787,False,False,False,False,20795665,13241491.02519619,False,False,False,False,2182764.501577586,False,False,False,False
2022-05-26 00:00:00+00:00,3.1,3.175,3.02,3.05,1492931,,,,,,,,,,,,,,,,,,,,,,,,,,,,,,,,,,,3.276224241992629,3.3277445224881332,,,,,,,,,,,,3.3277445224881332,3.301984382240381,,"rgba(239, 83, 80, 0.5)",0.3475085066040286,3.381714457641618,-0.8106692420125985,46.76152708818728,2.715001942116672,False,False,False,True,False,0.0,0.0,0.0,0.0,0.0,1,0.9580536912751676,0.9799193202913038,False,False,False,False,-0.23054730018696648,-0.21898916737237673,False,False,False,False,22288596,13596279.455580655,False,False,False,False,2155712.207398073,False,False,False,False
2022-05-27 00:00:00+00:00,3.05,3.17,2.9,3.02,2849993,,,,,,,,,,,,,,,,,,,,,,,,,,,,,,,,,,,3.2286577599354507,3.3181276640086996,,,,,,,,,,,,3.3181276640086996,3.2733927119720754,,"rgba(239, 83, 80, 0.5)",0.3441993974794628,3.366354645705261,-0.9191028456815851,45.814815816841545,1.6053742928671753,False,False,False,True,False,0.0,0.0,0.0,0.0,0.0,1,0.9350233203973368,0.9946594509915617,False,False,False,False,-0.26534249310091595,-0.24216583023664634,False,False,False,False,19438603,13825390.182812788,False,False,False,False,2182938.905147168,False,False,False,False
2022-05-31 00:00:00+00:00,3.01,3.08,2.925,3.0,2062971,,,,,,,,,,,,,,,,,,,,,,,,,,,,,,,,,,,3.2002054324891294,3.3107313479575082,,,,,,,,,,,,3.3107313479575082,3.255468390223319,,"rgba(239, 83, 80, 1.0)",0.34143771278479434,3.355875642290665,-1.0129977718913197,44.68417808943946,0.29497115598137924,False,False,False,True,False,0.0,0.0,0.0,0.0,0.0,1,0.9207330180567497,1.0174656061908856,False,False,False,False,-0.28368211766712365,-0.262923973951885,False,False,False,False,17375632,13964615.352114247,False,False,False,False,2178234.2814159063,False,False,False,False
2022-06-01 00:00:00+00:00,2.86,3.055,2.85,3.01,3544111,,,,,,,,,,,,,,,,,,,,,,,,,,,,,,,,,,,3.150249069428675,3.2955589334952653,,,,,,,,,,,,3.2955589334952653,3.22290400146197,,"rgba(239, 83, 80, 1.0)",0.33841671630384024,3.3357423258439844,-1.4057884936654532,42.18581800169374,-2.275884710664272,False,True,False,True,False,0.0,0.0,0.0,0.0,0.0,0,0.9079848859748635,1.0214383335268737,False,False,False,False,-0.31226913236837217,-0.28759655316012855,False,False,False,False,13831521,13959395.965756826,False,False,False,False,2231798.074301557,False,False,False,False
2022-06-02 00:00:00+00:00,2.97,3.03,2.8399,2.86,2201089,,,,,,,,,,,,,,,,,,,,,,,,,,,,,,,,,,,3.1298419650619405,3.2873080012823483,,,,,,,,,,,,3.2873080012823483,3.208574983172144,,"rgba(239, 83, 80, 1.0)",0.33781689160291006,3.325944813024923,-1.053661974497479,42.41529959643033,-2.275884710664272,False,True,False,True,False,0.0,0.0,0.0,0.0,0.0,0,0.9007953529937444,1.032171581769437,False,False,False,False,-0.32241933782182375,-0.30500794549097615,False,False,False,False,16032610,14040698.476903617,False,False,False,False,2230593.7968779667,False,False,False,False
2022-06-03 00:00:00+00:00,2.91,2.935,2.85,2.93,1790967,,,,,,,,,,,,,,,,,,,,,,,,,,,,,,,,,,,3.112386118705086,3.2799651498744637,,,,,,,,,,,,3.2799651498744637,3.1961756342897747,,"rgba(239, 83, 80, 1.0)",0.334875262510448,3.317338390469829,-1.2163884170366863,41.83213543645384,-3.043249213892963,False,True,False,True,False,0.0,0.0,0.0,0.0,0.0,0,0.8935018050541517,1.0455776173285198,False,False,False,False,-0.34282825441539394,-0.32391809995318505,False,False,False,False,14241643,14048578.654279947,False,False,False,False,2213353.5303337327,False,False,False,False
2022-06-06 00:00:00+00:00,2.87,2.98,2.85,2.93,2353149,,,,,,,,,,,,,,,,,,,,,,,,,,,,,,,,,,,3.093241931365162,3.270768945456971,,,,,,,,,,,,3.270768945456971,3.1820054384110663,,"rgba(239, 83, 80, 1.0)",0.33128453245124717,3.3070156974335823,-1.3191551510117505,40.9499597385918,-4.153024253583766,False,True,False,True,False,0.0,0.0,0.0,0.0,0.0,0,0.8953271028037383,1.0635514018691588,False,False,False,False,-0.3297365378747675,-0.32682731891397626,False,False,False,False,11888494,13963869.45215132,False,False,False,False,2218835.705614763,False,False,False,False
2022-06-07 00:00:00+00:00,3.03,3.11,2.8,2.8,3602556,,,,,,,,,,,,,,,,,,,,,,,,,,,,,,,,,,,3.0795097993254643,3.2603799601065333,,,,,,,,,,,,3.2603799601065333,3.169944879715999,,"rgba(239, 83, 80, 0.5)",0.32888251962017034,3.2966416675062225,-0.8107505008602152,43.16025700726101,-4.153024253583766,False,True,False,True,False,0.0,0.0,0.0,0.0,0.0,0,0.8652751423149904,1.0721062618595825,False,False,False,False,-0.3067259225581916,-0.3167766207360839,False,False,False,False,15491050,14023758.88540029,False,False,False,False,2273099.2465710468,False,False,False,False
2022-06-08 00:00:00+00:00,2.93,3.101,2.925,2.99,1459327,,,,,,,,,,,,,,,,,,,,,,,,,,,,,,,,,,,3.075100301453402,3.2564559266665123,,,,,,,,,,,,3.2564559266665123,3.1657781140599575,,"rgba(239, 83, 80, 1.0)",0.33118531324880895,3.2928362052633684,-1.0955685253795688,43.25900846812024,-4.153024253583766,False,True,False,True,True,0.0,0.0,0.0,0.0,0.0,0,0.8877687780432376,1.070800069925995,False,False,False,False,-0.2739047334314444,-0.29534067708376416,False,False,False,False,14031723,14024071.203619886,False,False,False,False,2241186.6094506136,False,False,False,False
2022-06-09 00:00:00+00:00,2.82,2.92,2.8,2.92,2148213,,,,,,,,,,,,,,,,,,,,,,,,,,,,,,,,,,,3.060370915963193,3.2480267476947264,,,,,,,,,,,,3.2480267476947264,3.1541988318289595,,"rgba(239, 83, 80, 1.0)",0.3361098597748031,3.2838197905808197,-1.3799648451003004,41.949773087002214,-4.153024253583766,False,True,False,True,True,0.0,0.0,0.0,0.0,0.0,0,0.870637726383979,1.0947998341002905,False,False,False,False,-0.34282825441539394,-0.31908446574957905,False,False,False,False,11883510,13940127.627007343,False,False,False,False,2237540.5855505895,False,False,False,False
2022-06-10 00:00:00+00:00,2.73,2.8139,2.71,2.76,2031122,,,,,,,,,,,,,,,,,,,,,,,,,,,,,,,,,,,3.0426110298459528,3.2385505157881953,,,,,,,,,,,,3.2385505157881953,3.1405807728170743,,"rgba(255, 0, 0, 1.0)",0.34276002163676034,3.273506281611112,-1.5856758294498312,40.04502710248823,-5.600758872205759,False,True,False,True,False,0.0,0.0,0.0,0.0,0.0,0,0.8433971378539943,1.121772034699998,False,False,False,False,-0.34282825441539394,-0.3309563600824865,False,False,False,False,9852388,13779824.112222742,False,False,False,False,2229445.73905841,False,False,False,False
2022-06-13 00:00:00+00:00,2.59,2.76,2.58,2.64,2784754,,,,,,,,,,,,,,,,,,,,,,,,,,,,,,,,,,,3.013451951320998,3.223378926008268,,,,,,,,,,,,3.223378926008268,3.118415438664633,,"rgba(255, 0, 0, 1.0)",0.3520195019167684,3.2569164604092045,-1.8945440715011594,37.34153171745183,-8.251258548455482,False,True,False,True,False,0.0,0.0,0.0,0.0,0.0,0,0.8440897081661054,1.1032511142932053,False,False,False,False,-0.34282825441539394,-0.33689230724894026,False,False,False,False,7067634,13516600.970566949,True,False,False,False,2251222.533605139,False,False,False,False
2022-06-14 00:00:00+00:00,2.61,2.67,2.57,2.59,1448573,,,,,,,,,,,,,,,,,,,,,,,,,,,,,,,,,,,2.9989303234385307,3.2154398217964153,,,,,,,,,,,,3.2154398217964153,3.1071850726174732,,"rgba(255, 0, 0, 1.0)",0.35949454004800174,3.158122101248319,-1.5247021586896172,35.95464158513846,-9.608194420143455,False,True,False,True,False,0.0,0.0,0.0,0.0,0.0,0,0.8434170588115464,1.1114200737436082,True,False,False,False,-0.34282825441539394,-0.3398602808321671,False,False,False,False,8516207,13320507.089368246,False,False,False,False,2219746.081306898,False,False,False,False
2022-06-15 00:00:00+00:00,2.72,2.75,2.62,2.64,1519757,,,,,,,,,,,,,,,,,,,,,,,,,,,,,,,,,,,2.9877535574032947,3.2084143038950703,,,,,,,,,,,,3.2084143038950703,3.0980839306491825,,"rgba(239, 83, 80, 1.0)",0.36350238236080656,3.157710847845507,-1.2041484982924873,37.25136323960521,-9.608194420143455,False,True,False,True,False,0.0,0.0,0.0,0.0,0.0,0,0.8535500831810059,1.0979584711125714,False,False,False,False,-0.3050775722524525,-0.32246892654230985,False,False,False,False,10035964,13191701.478020472,False,False,False,False,2192295.5290987846,False,False,False,False
2022-06-16 00:00:00+00:00,2.68,2.73,2.59,2.64,2314478,,,,,,,,,,,,,,,,,,,,,,,,,,,,,,,,,,,2.970636107820557,3.1974669069530726,,,,,,,,,,,,3.1974669069530726,3.084051507386815,,"rgba(239, 83, 80, 1.0)",0.36914925324476977,3.1485642335501596,-1.2693083608636506,37.60633449005528,-9.608194420143455,False,True,False,True,False,0.0,0.0,0.0,0.0,0.0,0,0.8488213821691517,1.0973313535028564,False,False,False,False,-0.31624599785900087,-0.31935746220065536,False,False,False,False,7721486,12977183.223980455,False,False,False,False,2197086.998545891,False,False,False,False
2022-06-17 00:00:00+00:00,2.76,2.81,2.6872,2.7,2030578,,,,,,,,,,,,,,,,,,,,,,,,,,,,,,,,,,,2.960884915108666,3.189713837425723,,,,,,,,,,,,3.189713837425723,3.0752993762671945,,"rgba(239, 83, 80, 1.0)",0.3721959669822309,3.1455918004499184,-1.0359913450333738,39.443225179903024,-9.608194420143455,False,True,False,True,True,0.0,0.0,0.0,0.0,0.0,0,0.8745971012081765,1.0745180810580381,False,False,False,False,-0.2502184615216689,-0.2847879618611621,False,False,False,False,9752064,12850707.960294947,False,False,False,False,2190557.2338970327,False,False,False,False
2022-06-21 00:00:00+00:00,2.79,2.86,2.775,2.81,1523855,,,,,,,,,,,,,,,,,,,,,,,,,,,,,,,,,,,2.9559355666827267,3.1847924208436726,,,,,,,,,,,,3.1847924208436726,3.0703639937631997,,"rgba(239, 83, 80, 0.5)",0.3758810910309198,3.1445647587130092,-0.9432896923347571,41.25761018635126,-13.075023600149159,False,False,False,True,True,0.0,0.0,0.0,0.0,0.0,0,0.8939182473725391,1.060447461354649,False,False,False,False,-0.1873275653163787,-0.2360577635887704,False,False,False,False,11275919,12788951.53047946,False,False,False,False,2164412.048254012,False,False,False,False
2022-06-22 00:00:00+00:00,2.78,2.89,2.75,2.76,1375947,,,,,,,,,,,,,,,,,,,,,,,,,,,,,,,,,,,2.95168722966721,3.180437352859126,,,,,,,,,,,,3.180437352859126,3.066062291263168,,"rgba(239, 83, 80, 0.5)",0.37960467820050875,3.1429226861379402,-0.9560543032776935,42.29847628355772,-12.007553219827905,False,False,False,True,True,0.0,0.0,0.0,0.0,0.0,0,0.8938385731432542,1.0380825033165575,False,False,False,False,-0.1854298063284257,-0.21074378495859805,False,False,False,False,9899972,12675658.215558697,False,False,False,False,2133491.8502832665,False,False,False,False
2022-06-23 00:00:00+00:00,2.95,2.96,2.7701,2.79,1622058,,,,,,,,,,,,,,,,,,,,,,,,,,,,,,,,,,,2.949793997773002,3.1765918318090236,,,,,,,,,,,,3.1765918318090236,3.0631929147910126,,"rgba(239, 83, 80, 0.5)",0.3805660553997461,3.143385500630075,-0.5081522586846139,46.221131848787856,-8.273698491109855,True,False,False,False,True,0.0,0.0,0.0,0.0,0.0,0,0.9129831787091419,1.0211920947287685,False,False,False,False,-0.15144396550248984,-0.18109387523054393,False,False,False,False,11522030,12630417.893379925,False,False,False,False,2113435.6208603936,False,False,False,False
2022-06-24 00:00:00+00:00,3.11,3.15,2.96,2.99,1996983,,,,,,,,,,,,,,,,,,,,,,,,,,,,,,,,,,,2.9545416208905104,3.1749165180383723,,,,,,,,,,,,3.1749165180383723,3.064729069464441,,#000000,0.38060847443378204,3.149548974066093,-0.10390986203060419,51.175109181022485,-3.7388078969198943,True,False,True,False,True,0.0,0.0,0.0,0.0,0.0,0,0.9261448958803699,1.0085794995116932,False,False,False,False,-0.011000479147609765,-0.09604717718907685,False,False,False,False,13519013,12665264.760306202,False,False,False,False,2108868.851414888,False,False,False,False
2022-06-27 00:00:00+00:00,3.09,3.122,2.995,3.11,1364299,,,,,,,,,,,,,,,,,,,,,,,,,,,,,,,,,,,2.957469806640416,3.173755385209804,,,,,,,,,,,,3.173755385209804,3.06561259592511,,#000000,0.38092405428790554,3.1526166863315046,-0.16438102458128973,54.05889698860439,-1.2498705003357742,True,False,True,False,True,0.0,0.0,0.0,0.0,0.0,0,0.9324096689968836,1.0041796513096943,False,False,False,False,-0.008433569003377933,-0.052240373096227394,False,False,False,False,12154714,12645243.16186282,False,False,False,False,2079670.0337123435,False,False,False,False
2022-06-28 00:00:00+00:00,3.04,3.135,3.01,3.08,1263711,,,,,,,,,,,,,,,,,,,,,,,,,,,,,,,,,,,2.959881780147294,3.1726286275046607,,,,,,,,,,,,3.1726286275046607,3.0662552038259774,,#000000,0.3815701557823723,3.154771935966834,-0.30078855546630834,54.913649720614245,-0.5930830733824166,True,False,True,False,True,0.0,0.0,0.0,0.0,0.0,0,0.930730054506808,1.002809520803081,False,False,False,False,0.0018332985168593341,-0.02520353728968403,False,False,False,False,10891003,12576449.430025063,False,False,False,False,2047671.6402334282,False,False,False,False
2022-06-29 00:00:00+00:00,2.88,3.05,2.87,3.03,985038,,,,,,,,,,,,,,,,,,,,,,,,,,,,,,,,,,,2.9594112408908755,3.170768176222234,,,,,,,,,,,,3.170768176222234,3.0650897085565547,,"rgba(239, 83, 80, 0.5)",0.3833805533000451,3.1541782391527287,-0.7151594852495,52.49030568560373,-0.5930830733824166,True,False,True,False,True,0.0,0.0,0.0,0.0,0.0,0,0.9324078192176546,1.0075926043585997,False,False,False,False,-0.08084234985633966,-0.05302294357301184,False,False,False,False,9905965,12471724.550416239,False,False,False,False,2005999.7327732937,False,False,False,False
2022-06-30 00:00:00+00:00,2.82,2.86,2.74,2.85,1525199,,,,,,,,,,,,,,,,,,,,,,,,,,,,,,,,,,,2.955331445711497,3.1664372250113884,,,,,,,,,,,,3.1664372250113884,3.0608843353614428,,"rgba(239, 83, 80, 0.5)",0.38538278619042127,3.1502306937640823,-0.856890098876685,49.89964530509546,-0.5930830733824166,True,False,False,False,False,0.0,0.0,0.0,0.0,0.0,0,0.9215692523424056,1.0150530095395927,False,False,False,False,-0.20065010066955902,-0.12683652212128543,False,False,False,False,8380766,12311294.803341093,False,False,False,False,1987144.802076302,False,False,False,False
2022-07-01 00:00:00+00:00,2.86,2.895,2.79,2.8,738406,,,,,,,,,,,,,,,,,,,,,,,,,,,,,,,,,,,2.9539654875107004,3.1646158277794534,,,,,,,,,,,,3.1646158277794534,3.059290657645077,,"rgba(239, 83, 80, 0.5)",0.38742741255621044,3.1488270061134043,-0.7454996645894268,48.96649872287341,4.891352463209849,True,False,False,False,False,0.0,0.0,0.0,0.0,0.0,0,0.9252227362289042,1.0135676347125848,False,False,False,False,-0.16840757043049662,-0.14762204627589104,False,False,False,False,9119172,12186113.51693556,False,False,False,False,1938174.6529752705,False,False,False,False
2022-07-05 00:00:00+00:00,2.97,2.975,2.77,2.82,1710800,,,,,,,,,,,,,,,,,,,,,,,,,,,,,,,,,,,2.952558804483531,3.161216857131525,,,,,,,,,,,,3.161216857131525,3.0568878308075282,,#000000,0.3882593634844283,3.146981247958601,-0.45583253001366164,50.3776446829938,4.891352463209849,True,False,False,False,False,0.0,0.0,0.0,0.0,0.0,0,0.9339662942948073,0.994307623299229,False,False,False,False,-0.14585900265085333,-0.14674052446337219,False,False,False,False,10829972,12132931.496663578,False,False,False,False,1929257.9999174168,False,False,False,False
2022-07-06 00:00:00+00:00,3.01,3.06,2.94,2.95,1773505,,,,,,,,,,,,,,,,,,,,,,,,,,,,,,,,,,,2.9540271909255713,3.159102727782719,,,,,,,,,,,,3.159102727782719,3.0565649593541453,,#000000,0.38775082553452134,3.1473396784152974,-0.3541957086125411,52.00620389776199,4.891352463209849,True,False,True,False,False,0.0,0.0,0.0,0.0,0.0,0,0.9593811067923638,0.9765606545407693,False,False,False,False,-0.051378525481359044,-0.09905952497236561,False,False,False,False,12603477,12151384.2615003,False,False,False,False,1923150.0391363418,False,False,False,False
2022-07-07 00:00:00+00:00,3.11,3.12,2.97,3.05,1789660,,,,,,,,,,,,,,,,,,,,,,,,,,,,,,,,,,,2.957221158623292,3.157870346146352,,,,,,,,,,,,3.157870346146352,3.057545752384822,,#000000,0.38508368108950236,3.148914533944683,-0.10105474694379118,54.70444196605036,4.891352463209849,True,False,True,False,True,0.0,0.0,0.0,0.0,0.0,0,0.9649379498899974,0.9606659973941091,False,False,False,False,-0.018335422401273525,-0.05869747368681957,False,False,False,False,14393137,12239296.13359833,False,False,False,False,1917915.135640799,False,False,False,False
2022-07-08 00:00:00+00:00,3.13,3.2679,3.04,3.09,1627000,,,,,,,,,,,,,,,,,,,,,,,,,,,,,,,,,,,2.96196445182835,3.157727795297232,,,,,,,,,,,,3.157727795297232,3.059846123562791,,#000000,0.38264616826787934,3.151670784155897,-0.05663400277596895,56.81231071461316,0.8733878929678554,True,False,True,False,True,0.0,0.0,0.0,0.0,0.0,0,0.9847897848492249,0.943086410580281,False,False,False,False,0.06164124291975005,0.0014718846164652397,False,False,False,False,16020137,12387564.402868982,False,False,False,False,1906506.6989490031,False,False,False,False
2022-07-11 00:00:00+00:00,2.96,3.18,2.955,3.09,1239645,,,,,,,,,,,,,,,,,,,,,,,,,,,,,,,,,,,2.9632740035078498,3.1565879788962206,,,,,,,,,,,,3.1565879788962206,3.059930991202035,,"rgba(239, 83, 80, 0.5)",0.3792347914248206,3.1518643145226575,-0.5059248751988322,54.586671061847916,0.8733878929678554,True,False,True,False,True,0.0,0.0,0.0,0.0,0.0,0,0.9791401491642385,0.949160030716472,False,False,False,False,-0.0018333718504314328,-0.00018074361698309659,False,False,False,False,14780492,12481404.700795688,False,False,False,False,1880355.2597745326,False,False,False,False
2022-07-12 00:00:00+00:00,2.99,3.01,2.915,2.98,1072650,,,,,,,,,,,,,,,,,,,,,,,,,,,,,,,,,,,2.963408259311538,3.1551524339417236,,,,,,,,,,,,3.1551524339417236,3.0592803466266307,,#000000,0.37567716637205073,3.151219179858504,-0.42914287662306505,53.65951766571864,0.8733878929678554,True,False,True,False,False,0.0,0.0,0.0,0.0,0.0,0,0.9788170446412355,0.9729417922724408,False,False,False,False,-0.07899728143804864,-0.03958901252751587,False,False,False,False,15853142,12613629.692921348,False,False,False,False,1848680.5437049433,False,False,False,False
2022-07-13 00:00:00+00:00,2.99,3.04,2.905,2.94,828586,,,,,,,,,,,,,,,,,,,,,,,,,,,,,,,,,,,2.963590437188195,3.1540984305143582,,,,,,,,,,,,3.1540984305143582,3.0588444338512764,,#000000,0.36408344751822613,3.1507725426213757,-0.4415815761943619,53.04141540163245,0.8733878929678554,True,False,True,False,False,0.0,0.0,0.0,0.0,0.0,0,0.959502424716046,0.9787716913063492,False,False,False,False,-0.07162224593024429,-0.05560562922888008,False,False,False,False,15853142,12740669.391238159,False,False,False,False,1808676.836108671,False,False,False,False
2022-07-14 00:00:00+00:00,3.12,3.14,2.84,2.95,3728676,,,,,,,,,,,,,,,,,,,,,,,,,,,,,,,,,,,2.96722183001411,3.1509436063380925,,,,,,,,,,,,3.1509436063380925,3.0590827181761013,,#000000,0.34128601516051654,3.150847291928369,-0.09038545547745559,55.02878623986549,0.8733878929678554,True,False,True,False,False,0.0,0.0,0.0,0.0,0.0,1,0.9594875968418716,0.9647722828786742,False,False,False,False,-0.058734142129213116,-0.0571698856790466,False,False,False,False,19581818,13008949.728836663,False,False,False,False,1883970.9209671547,False,False,False,False
2022-07-15 00:00:00+00:00,2.94,3.18,2.9,3.13,1900369,,,,,,,,,,,,,,,,,,,,,,,,,,,,,,,,,,,2.9682415289726043,3.149047905584824,,,,,,,,,,,,3.149047905584824,3.058644717278714,,"rgba(239, 83, 80, 0.5)",0.32903665011228966,3.1502003962439318,-0.6388358141021591,52.7087359656469,0.8733878929678554,True,False,True,False,False,0.0,0.0,0.0,0.0,0.0,1,0.9563648122841972,0.9683610986512001,False,False,False,False,-0.022003584603206224,-0.039586735141126414,False,False,False,False,17681449,13192184.99437248,False,False,False,False,1884613.9828900113,False,False,False,False
2022-07-18 00:00:00+00:00,3.01,3.12,2.915,2.96,2681882,,,,,,,,,,,,,,,,,,,,,,,,,,,,,,,,,,,2.9698873473468255,3.146607537414215,,,,,,,,,,,,3.146607537414215,3.0582474423805204,,#000000,0.3130758190414404,3.149425787518679,-0.4453419237089791,52.433575006006535,0.8733878929678554,True,False,False,False,False,0.0,0.0,0.0,0.0,0.0,1,0.9649758834841273,0.9796874835808036,False,False,False,False,-0.03851907158063133,-0.03905290336087887,False,False,False,False,20363331,13473406.406357873,False,False,False,False,1915879.3953256973,False,False,False,False
2022-07-19 00:00:00+00:00,2.98,3.145,2.92,3.04,3550037,,,,,,,,,,,,,,,,,,,,,,,,,,,,,,,,,,,2.9718956798576714,3.1435106344283827,,,,,,,,,,,,3.1435106344283827,3.057703157143027,,"rgba(239, 83, 80, 0.5)",0.29324576907618183,3.148263280522534,-0.5737961064284658,51.67129431842615,0.8733878929678554,True,False,False,False,False,0.0,0.0,0.0,0.0,0.0,1,0.9664993211455274,0.9759717091345395,False,False,False,False,-0.027506969075439387,-0.033279936218159126,False,False,False,False,16813294,13604382.390422272,False,False,False,False,1979964.0072737092,False,False,False,False
2022-07-20 00:00:00+00:00,3.31,3.33,2.96,3.0,6262511,,,,,,,,,,,,,,,,,,,,,,,,,,,,,,,,,,,2.988505039880983,3.1457621000789486,,,,,,,,,,,,3.1457621000789486,3.0671335699799656,,"rgba(38, 166, 154, 0.5)",0.2797232866908249,3.1560551194504205,0.5503470317783486,55.95314510143528,0.8733878929678554,True,False,True,False,True,1.667809831333173,0.0,0.0,0.0,0.0,1,0.9831931908236675,0.9404814589915914,False,False,False,False,0.05505551630064375,0.010887790041242313,False,False,False,False,23075805,13975810.72805277,False,False,False,False,2147907.0265963087,False,False,False,False
2022-07-21 00:00:00+00:00,3.27,3.37,3.1713,3.33,3548356,,,,,,,,,,,,,,,,,,,,,,,,,,,,,,,,,,,2.999675698596389,3.1485153465703144,,,,,,,,,,,,3.1485153465703144,3.0740955225833515,,#000000,0.26447547954258366,3.161817325071347,0.4090461433920361,58.01177532261519,2.5840058253534153,True,False,True,False,True,1.0235003946282752,0.0,0.0,0.0,0.0,1,1.0115838031778577,0.9304664274730907,False,False,False,False,0.14821923281658433,0.07955351142891333,False,False,False,False,19527449,14193522.032835016,False,False,False,False,2202826.5941807674,False,False,False,False
2022-07-22 00:00:00+00:00,3.04,3.3,3.01,3.3,2151900,,,,,,,,,,,,,,,,,,,,,,,,,,,,,,,,,,,3.0024209057121993,3.1480944384255793,,,,,,,,,,,,3.1480944384255793,3.075257672068889,,#000000,0.24620016759239396,3.1623269466275086,-0.4968597211925199,55.45581985639882,2.5840058253534153,True,False,True,False,True,0.0,0.0,0.0,0.0,0.0,1,0.993866386112572,0.9907101525512888,False,False,False,False,0.06241420920111471,0.07098386031501402,False,False,False,False,17375549,14318307.404096387,False,False,False,False,2200829.472840345,False,False,False,False
2022-07-25 00:00:00+00:00,3.05,3.105,2.8888,3.04,2131221,,,,,,,,,,,,,,,,,,,,,,,,,,,,,,,,,,,3.0026975150416604,3.1463697211174226,,,,,,,,,,,,3.1463697211174226,3.0745336180795415,,#000000,0.2305556937660146,3.1610341451445714,-0.48159359385527656,53.9006600546971,2.5840058253534153,True,False,True,False,False,0.0,0.0,0.0,0.0,0.0,1,0.9788243535855304,1.0017725979705345,False,False,False,False,-0.053658135558633954,0.008662862378190035,False,False,False,False,19506770,14521776.525504373,False,False,False,False,2198099.7288073907,False,False,False,False
2022-07-26 00:00:00+00:00,2.93,3.03,2.92,3.02,1588472,,,,,,,,,,,,,,,,,,,,,,,,,,,,,,,,,,,3.0019867675285345,3.144592182151151,,,,,,,,,,,,3.144592182151151,3.073289474839843,,"rgba(239, 83, 80, 1.0)",0.22056667395066293,3.159403737193113,-1.0400652695358075,51.06786129644712,6.781114966991559,True,False,False,False,False,0.0,0.0,0.0,0.0,0.0,1,0.9899327772802312,0.9957055148526601,False,False,False,False,-0.06977973285376547,-0.03055843523778772,False,False,False,False,17918298,14654973.446072828,False,False,False,False,2174192.7590502384,False,False,False,False
2022-07-27 00:00:00+00:00,2.97,2.99,2.8816,2.99,1707822,,,,,,,,,,,,,,,,,,,,,,,,,,,,,,,,,,,3.0010234982497295,3.14258860510828,,,,,,,,,,,,3.14258860510828,3.0718060516790047,,"rgba(239, 83, 80, 0.5)",0.21262054344652567,3.157518766103308,-0.8819409595313585,49.86073276847466,5.598014230830394,False,False,False,False,False,0.0,0.0,0.0,0.0,0.0,1,0.9632066090415361,1.018216389286534,False,False,False,False,-0.0987329355618205,-0.06464568539980411,False,False,False,False,19626120,14849920.369756246,False,False,False,False,2155903.7096757195,False,False,False,False
2022-07-28 00:00:00+00:00,3.11,3.13,2.96,2.99,2300494,,,,,,,,,,,,,,,,,,,,,,,,,,,,,,,,,,,3.0025422061693505,3.1415645481020023,,,,,,,,,,,,3.1415645481020023,3.0720533771356764,,#000000,0.20680948276653707,3.1571099614101334,-0.22779401011952158,51.2630192274289,5.598014230830394,True,False,False,False,False,0.0,0.0,0.0,0.0,0.0,1,0.9582501020847357,1.0222599905088787,False,False,False,False,-0.018335422401273525,-0.041490553900538824,False,False,False,False,21926614,15127437.767020708,False,False,False,False,2161573.917139417,False,False,False,False
2022-07-29 00:00:00+00:00,3.15,3.18,3.02,3.08,1600937,,,,,,,,,,,,,,,,,,,,,,,,,,,,,,,,,,,3.004350545615386,3.141333014074572,,,,,,,,,,,,3.141333014074572,3.072841779844979,,#000000,0.20256703928676512,3.1574055595717505,-0.036558561540048364,52.78103625973341,5.598014230830394,True,False,False,False,False,0.0,0.0,0.0,0.0,0.0,1,0.9426729048456494,1.0300516530068242,False,False,False,False,0.06362604351985443,0.011067744809657803,False,False,False,False,23527551,15456853.972235583,False,False,False,False,2139588.1556829694,False,False,False,False
2022-08-01 00:00:00+00:00,3.18,3.24,3.07,3.16,1673385,,,,,,,,,,,,,,,,,,,,,,,,,,,,,,,,,,,3.006940779144045,3.141544802397318,,,,,,,,,,,,3.141544802397318,3.0742427907706817,,#000000,0.19915931419954447,3.158254764842859,0.10918512771817294,54.24173084987525,5.598014230830394,True,False,True,False,True,0.0,0.0,0.0,0.0,0.0,1,0.9612401375457651,1.015768798477649,False,False,False,False,0.11749974031007618,0.06428374255986699,False,False,False,False,25200936,15838974.836069481,False,False,False,False,2121305.6789895194,False,False,False,False
2022-08-02 00:00:00+00:00,3.31,3.355,3.16,3.16,2512490,,,,,,,,,,,,,,,,,,,,,,,,,,,,,,,,,,,3.0133415466533258,3.143446251588712,,,,,,,,,,,,3.143446251588712,3.0783938991210187,,"rgba(38, 166, 154, 0.5)",0.19472780725648653,3.1614433232355745,0.7628940050085065,57.02615704902084,1.407205460311168,True,False,True,False,True,1.9405417303281531,0.0,0.0,0.0,0.0,1,0.9750950803582384,0.9985166348802713,False,False,False,False,0.2054370115133297,0.13486037703659834,False,False,False,False,27713426,16304639.587596169,False,False,False,False,2136646.2405977733,False,False,False,False
2022-08-03 00:00:00+00:00,3.42,3.455,3.29,3.32,1781712,,,,,,,,,,,,,,,,,,,,,,,,,,,,,,,,,,,3.0195855606916906,3.145895778922356,,,,,,,,,,,,3.145895778922356,3.0827406698070234,,"rgba(38, 166, 154, 1.0)",0.19418557113245175,3.165008756199935,1.3131317755124987,60.198671137356385,4.452052201458912,True,False,True,False,True,3.6330914376780648,0.0,0.0,0.0,0.0,1,0.9894827022578935,0.9923008420601729,False,False,False,False,0.3428281559891491,0.23884426651287372,False,False,False,False,29495138,16821914.035141416,False,False,False,False,2122727.25077041,False,False,False,False
2022-08-04 00:00:00+00:00,3.42,3.49,3.34,3.43,1702589,,,,,,,,,,,,,,,,,,,,,,,,,,,,,,,,,,,3.0258048065817618,3.1484594318018186,,,,,,,,,,,,3.1484594318018186,3.08713211919179,,"rgba(38, 166, 154, 1.0)",0.19748892088893066,3.1686286959310053,1.2728374986177977,62.31368052958008,6.461781234780695,True,False,True,False,True,3.6330914376780648,0.0,0.0,0.0,0.0,0,1.0076236412888182,0.9769919191688287,False,False,False,False,0.34282816125092874,0.29083621388190123,False,False,False,False,29495138,17318903.21023391,False,False,False,False,2106251.2409362765,False,False,False,False
2022-08-05 00:00:00+00:00,3.41,3.43,3.28,3.34,1047671,,,,,,,,,,,,,,,,,,,,,,,,,,,,,,,,,,,3.029122211643531,3.149761964210752,,,,,,,,,,,,3.149761964210752,3.089442087927141,,"rgba(38, 166, 154, 1.0)",0.19927417845320208,3.1704858099647537,1.2019328941380851,63.46906957247859,7.610329255277982,True,False,True,False,True,3.4610337137670193,0.0,0.0,0.0,0.0,0,1.020265853127043,0.9537452259980964,False,False,False,False,0.287886730983013,0.28936147243245713,False,False,False,False,28447467,17755317.476499245,False,False,False,False,2064738.2903113244,False,False,False,False
2022-08-08 00:00:00+00:00,3.58,3.6,3.42,3.43,2688441,,,,,,,,,,,,,,,,,,,,,,,,,,,,,,,,,,3.533333333333333,3.0411777347801343,3.155379729128034,,,,,,,,,,,,3.155379729128034,3.243296932413834,,"rgba(0, 255, 255, 0.75)",0.20786100692096782,3.222375250890037,1.7204994549359502,66.25514525989131,10.322224045327701,True,False,True,False,True,6.077137534174767,0.0,0.0,0.0,0.0,0,1.0349348459996355,0.9301303080007289,False,False,False,False,0.34282817119544895,0.31609482181395304,False,False,False,False,31135908,18280046.516636528,False,False,False,False,2089197.2201030373,False,True,False,False
2022-08-09 00:00:00+00:00,3.09,3.36,3.07,3.34,3674049,,,,,,,,,,,,,,,,,,,,,,,,,,,,,,,,,,3.3254496840073617,3.0453593098545557,3.1557320243713347,,,,,,,,,,,,3.1557320243713347,3.1755136727444175,,"rgba(239, 83, 80, 0.5)",0.20774915574247743,3.1973150028573043,-0.5165604763772442,59.51473840168593,15.896071332753081,True,False,True,False,False,0.0,0.0,0.0,0.0,0.0,0,0.9821221343960063,0.9399728492916731,False,False,False,False,0.1116981317293372,0.2138964767716451,False,False,False,False,27461859,18640117.594415486,False,False,False,False,2151348.270295075,False,False,False,False
2022-08-10 00:00:00+00:00,3.03,3.15,2.98,3.14,3588100,,,,,,,,,,,,,,,,,,,,,,,,,,,,,,,,,,3.2273267910077026,3.0455983299601574,3.1538066052863982,,,,,,,,,,,,3.1538066052863982,3.1422439087514196,,"rgba(239, 83, 80, 0.5)",0.20775357890912488,3.1834853761847333,-0.7387857142613687,54.31317327141334,11.262107740601024,True,False,True,False,False,0.0,0.0,0.0,0.0,0.0,0,0.9852449580483054,0.9619999557238051,False,False,False,False,-3.7078647472747174e-08,0.10694821984649881,False,False,False,False,23873759,18845358.433850177,False,False,False,False,2207691.475381543,False,False,False,False
2022-08-11 00:00:00+00:00,3.05,3.225,3.04,3.07,2645915,,,,,,,,,,,,,,,,,,,,,,,,,,,,,,,,,,3.201631862832852,3.046882941731537,3.153139122020156,,,,,,,,,,,,3.153139122020156,3.133884642194848,,"rgba(239, 83, 80, 0.5)",0.20771819093870256,3.1798887849206725,-0.6253125175685876,51.1564930434915,8.569625975667826,False,False,False,False,False,0.0,0.0,0.0,0.0,0.0,0,0.9880650635868728,0.9428820171475172,False,False,False,False,0.05009800720367189,0.07852311352508536,False,False,False,False,26519674,19146311.985463895,False,False,False,False,2224876.7116410905,False,False,False,False
2022-08-12 00:00:00+00:00,3.17,3.19,3.02,3.11,1876526,,,,,,,,,,,,,,,,,,,,,,,,,,,,,,,,,,3.191912119974501,3.048088132682132,3.1528848241943344,,,,,,,,,,,,3.1528848241943344,3.1309616922836554,,#000000,0.2075760579156957,3.178615021061634,-0.041502961122486054,50.87097707279839,8.42434268704747,False,False,False,False,False,0.0,0.0,0.0,0.0,0.0,0,0.9941034604832284,0.9437671475351799,False,False,False,False,0.029671585522195433,0.0540973495236404,False,False,False,False,28396200,19509052.691916294,False,False,False,False,2211215.8994198716,False,False,False,False
2022-08-15 00:00:00+00:00,3.4,3.4,3.14,3.15,2935233,,,,,,,,,,,,,,,,,,,,,,,,,,,,,,,,,,3.212385129365379,3.054210718292874,3.155259996059182,,,,,,,,,,,,3.155259996059182,3.140618614572478,,"rgba(38, 166, 154, 1.0)",0.21088291444212362,3.1839269382624833,1.0246115116017016,53.53978929579096,8.42434268704747,True,False,True,False,False,2.937554758249842,0.0,0.0,0.0,0.0,0,1.0084311293102501,0.9184002810376437,False,False,False,False,0.15321005075149954,0.10365370013756997,False,False,False,False,31331433,19972675.449096046,False,False,False,False,2239608.7268936024,False,False,False,False
2022-08-16 00:00:00+00:00,3.41,3.48,3.29,3.37,1891412,,,,,,,,,,,,,,,,,,,,,,,,,,,,,,,,,,3.2301184635603906,3.059180936672247,3.1575095197483547,,,,,,,,,,,,3.1575095197483547,3.1489363066603304,,"rgba(38, 166, 154, 1.0)",0.2147826892549863,3.188625392350479,1.0306911065198052,55.431213838374376,8.42434268704747,True,False,True,False,True,3.082090163182066,0.0,0.0,0.0,0.0,0,1.0274209889858483,0.9037705221644824,False,False,False,False,0.24191455240855714,0.17278412627306355,False,False,False,False,33222845,20492289.94128836,False,False,False,False,2225953.9532899316,False,False,False,False
2022-08-17 00:00:00+00:00,3.19,3.44,3.19,3.37,3242393,,,,,,,,,,,,,,,,,,,,,,,,,,,,,,,,,,3.2363343788451724,3.0644295495044074,3.1593557203223024,,,,,,,,,,,,3.1593557203223024,3.153373216223961,,#000000,0.2152357182588773,3.191529340416032,-0.007105421109485597,53.42840205942634,8.42434268704747,False,False,True,False,True,0.0,0.0,0.0,0.0,0.0,0,1.0163134066737642,0.9141529825466982,False,False,False,False,0.1875621355571701,0.18017313091511683,False,False,False,False,29980452,20864374.727904502,False,False,False,False,2265814.308062875,False,False,False,False
2022-08-18 00:00:00+00:00,3.08,3.18,3.0501,3.18,1329968,,,,,,,,,,,,,,,,,,,,,,,,,,,,,,,,,,3.228926431118272,3.06481708969978,3.158992031933682,,,,,,,,,,,,3.158992031933682,3.150911850917245,,"rgba(239, 83, 80, 0.5)",0.2151050864070829,3.190314226122127,-0.5128387615779534,50.71984603875386,8.363398778543242,False,False,False,False,False,0.0,0.0,0.0,0.0,0.0,0,1.0078650454595248,0.9541789900317669,False,False,False,False,0.03713274639639049,0.10865293865575366,False,False,False,False,28650484,21169712.34641805,False,False,False,False,2229114.4528447236,False,False,False,False
2022-08-19 00:00:00+00:00,2.94,3.06,2.935,3.06,2432868,,,,,,,,,,,,,,,,,,,,,,,,,,,,,,,,,,3.2057497677308984,3.0632706644754153,3.156870583380168,,,,,,,,,,,,3.156870583380168,3.1419636718621606,,"rgba(239, 83, 80, 1.0)",0.2155631217519821,3.185398518570583,-1.1384067765214887,47.33592730373405,5.042898566074285,False,True,False,True,False,0.0,0.0,0.0,0.0,0.0,0,0.9793031435480325,0.9640250604528466,False,False,False,False,-0.05009808154724332,0.02927742855425517,False,False,False,False,26217616,21367669.35244087,False,False,False,False,2237104.7880272833,False,False,False,False
2022-08-22 00:00:00+00:00,2.92,2.95,2.87,2.92,1807370,,,,,,,,,,,,,,,,,,,,,,,,,,,,,,,,,,3.1869499839696362,3.0613050353759546,3.154764404222098,,,,,,,,,,,,3.154764404222098,3.134339807855896,,"rgba(239, 83, 80, 1.0)",0.2151427768120855,3.151270679355125,-1.0749637184293024,44.86148405890653,2.6046170305776855,False,True,False,True,False,0.0,0.0,0.0,0.0,0.0,0,0.9858200707338639,0.9570844385499558,False,False,False,False,-0.11545411159259757,-0.043088341519171194,False,False,False,False,24410246,21486986.0837177,False,False,False,False,2220252.4433987625,False,False,False,False
2022-08-23 00:00:00+00:00,2.92,2.96,2.9,2.92,1337101,,,,,,,,,,,,,,,,,,,,,,,,,,,,,,,,,,3.175132243456251,3.0600117748287707,3.1533143032220896,,,,,,,,,,,,3.1533143032220896,3.1294861071690367,,"rgba(239, 83, 80, 1.0)",0.2156584720723417,3.1493487370687547,-1.0634812296723533,43.21185522902151,0.9024825410053694,False,True,False,True,False,0.0,0.0,0.0,0.0,0.0,0,0.9997555012224939,0.9446210268948653,False,False,False,False,-0.1004488696067662,-0.0717686055629687,False,False,False,False,24410246,21601623.727493476,False,False,False,False,2185619.0534615563,False,False,False,False
2022-08-24 00:00:00+00:00,3.1,3.105,2.91,2.94,1906882,,,,,,,,,,,,,,,,,,,,,,,,,,,,,,,,,,3.1668130307704447,3.059718823147113,3.1522812015023423,,,,,,,,,,,,3.1522812015023423,3.1262710184733002,,#000000,0.21542440826349296,3.1525940010098634,-0.2441413275023776,45.109062873718614,0.9024825410053694,False,True,False,True,False,0.0,0.0,0.0,0.0,0.0,0,1.0152890269610562,0.922645068234772,False,False,False,False,-0.042666353081854576,-0.05721747932241164,False,False,False,False,26317128,21786545.463670205,False,False,False,False,2174688.1886199266,False,False,False,False
2022-08-25 00:00:00+00:00,3.33,3.3518,3.13,3.16,2583942,,,,,,,,,,,,,,,,,,,,,,,,,,,,,,,,,,3.1747145607804317,3.0635109599429464,3.1537044283180418,,,,,,,,,,,,3.1537044283180418,3.1306433163471397,,"rgba(38, 166, 154, 0.5)",0.21602160385788674,3.166384637450191,0.7574027765178796,49.33350928069862,0.9024825410053694,False,True,False,False,True,2.057150507175926,0.0,0.0,0.0,0.0,0,1.0368584148044693,0.8893592877094973,False,False,False,False,0.12164824302745876,0.03221538185252356,False,False,False,False,28901070,22065546.425879218,False,False,False,False,2190737.357693655,False,False,False,False
2022-08-26 00:00:00+00:00,3.13,3.3227,3.1,3.29,1653863,,,,,,,,,,,,,,,,,,,,,,,,,,,,,,,,,,3.175156846498998,3.0648846244414796,3.1539376760963846,,,,,,,,,,,,3.1539376760963846,3.131326382345621,,#000000,0.21573657610676655,3.169008170083932,-0.1808138925159697,49.40469238343604,0.9024825410053694,False,True,False,False,True,0.0,0.0,0.0,0.0,0.0,0,1.0281475558629034,0.9025154514414142,False,False,False,False,0.09842359828096878,0.06531949006674617,False,False,False,False,27247207,22268748.801334936,False,False,False,False,2169683.4613135117,False,False,False,False
2022-08-29 00:00:00+00:00,3.16,3.22,3.065,3.07,1140726,,,,,,,,,,,,,,,,,,,,,,,,,,,,,,,,,,3.1743238955086053,3.0655344535768623,3.153908297558229,,,,,,,,,,,,3.153908297558229,3.131255548881233,,#000000,0.21579519820322224,3.1696565136588086,-0.04474851034319398,49.83855081118424,0.9024825410053694,False,True,False,False,True,0.0,0.0,0.0,0.0,0.0,0,1.0275626227103065,0.9115946406610715,False,False,False,False,0.011442534904608238,0.038381012485677206,False,False,False,False,28387933,22508716.80912572,False,False,False,False,2129332.188320825,False,False,False,False
2022-08-30 00:00:00+00:00,2.97,3.21,2.97,3.21,1667476,,,,,,,,,,,,,,,,,,,,,,,,,,,,,,,,,,3.168925591216212,3.0653596146512463,3.1531181307615714,,,,,,,,,,,,3.1531181307615714,3.1291344455430097,,"rgba(239, 83, 80, 0.5)",0.21605955135038613,3.167720077124685,-0.915118428641185,47.79563247616275,0.9024825410053694,False,True,False,False,True,0.0,0.0,0.0,0.0,0.0,0,1.0075161517303142,0.922994093690697,False,False,False,False,-0.06049626667808219,-0.01105762709620249,False,False,False,False,26720457,22673883.09112079,False,False,False,False,2111220.180935695,False,False,False,False
2022-08-31 00:00:00+00:00,3.05,3.08,2.94,3.0,1784767,,,,,,,,,,,,,,,,,,,,,,,,,,,,,,,,,,3.162459618378884,3.0648593675958162,3.1520702937526144,,,,,,,,,,,,3.1520702937526144,3.1264630932424375,,"rgba(239, 83, 80, 0.5)",0.21471976289241984,3.1651932981577553,-0.5364820480705835,47.56076638202309,0.9024825410053694,False,True,False,False,True,0.0,0.0,0.0,0.0,0.0,0,0.9965710524639589,0.9440221660757129,False,False,False,False,-0.13561405630993933,-0.07333584170307092,False,False,False,False,28505224,22902563.126763113,False,False,False,False,2098418.0954088047,False,False,False,False
2022-09-01 00:00:00+00:00,2.96,3.04,2.88,3.02,1580262,,,,,,,,,,,,,,,,,,,,,,,,,,,,,,,,,,3.154799576015147,3.063765750778863,3.1507070166150575,,,,,,,,,,,,3.1507070166150575,3.1230907811363564,,"rgba(239, 83, 80, 0.5)",0.21063841183540327,3.1618170068923703,-0.9581206254539836,46.318099070102896,0.9024825410053694,False,True,False,True,True,0.0,0.0,0.0,0.0,0.0,1,0.9918199326969884,0.9505492179728674,False,False,False,False,-0.18329307130145256,-0.12831445650226175,False,False,False,False,26924962,23060304.259046912,False,False,False,False,2078098.2485300282,False,False,False,False
2022-09-02 00:00:00+00:00,2.97,3.01,2.93,3.0,1438810,,,,,,,,,,,,,,,,,,,,,,,,,,,,,,,,,,3.148645550232902,3.0628837438264997,3.149546702076164,,,,,,,,,,,,3.149546702076164,3.1203586653785216,,"rgba(239, 83, 80, 0.5)",0.2030566423439539,3.159223399507713,-0.931874955300358,45.64665560036156,0.9024825410053694,False,True,False,True,False,0.0,0.0,0.0,0.0,0.0,0,0.9949249991969937,0.9606740971530744,False,False,False,False,-0.17369790318488337,-0.15100617984357256,False,False,False,False,28363772,23268283.386143114,False,False,False,False,2053028.1211366937,False,False,False,False
2022-09-06 00:00:00+00:00,2.89,2.97,2.85,2.9,1651645,,,,,,,,,,,,,,,,,,,,,,,,,,,,,,,,,,3.1396132491140674,3.061179331725727,3.147745193829935,,,,,,,,,,,,3.147745193829935,3.116179258223243,,"rgba(239, 83, 80, 1.0)",0.20132462244743937,3.1551332605114295,-1.3169440344071615,44.1841280799586,-0.061287635582907285,False,True,False,True,False,0.0,0.0,0.0,0.0,0.0,0,0.9668138964783636,0.9862525513234482,False,False,False,False,-0.23181138799353593,-0.19140878391855426,False,False,False,False,26712127,23403336.0768826,False,False,False,False,2037287.6065823135,False,False,False,False
2022-09-07 00:00:00+00:00,2.96,2.965,2.84,2.86,1082688,,,,,,,,,,,,,,,,,,,,,,,,,,,,,,,,,,3.1344768558869673,3.060209165135357,3.14666601726669,,,,,,,,,,,,3.14666601726669,3.1137840127630043,,"rgba(239, 83, 80, 0.5)",0.19660066078174873,3.1297618901145086,-0.8634858572676186,44.423915337087344,-0.15618689150893772,False,True,False,True,False,0.0,0.0,0.0,0.0,0.0,0,0.9619460136748075,0.9837652167338166,False,False,False,False,-0.23917708690604134,-0.2152929354122978,False,False,False,False,27794815,23575550.936612695,False,False,False,False,1999852.327892811,False,False,False,False
2022-09-08 00:00:00+00:00,3.06,3.09,2.9,2.91,1205849,,,,,,,,,,,,,,,,,,,,,,,,,,,,,,,,,,3.1314636535562235,3.0598745196498203,3.1459785355030987,,,,,,,,,,,,3.1459785355030987,3.1124389029030475,,#000000,0.1922085953961075,3.1338236067013256,-0.384080673131128,46.21525524812765,-0.15618689150893772,False,True,False,True,False,0.0,0.0,0.0,0.0,0.0,0,0.9670381533642968,0.9718649776357142,False,False,False,False,-0.14984393025905057,-0.1825684328356742,False,False,False,False,29000664,23788300.468510237,False,False,False,False,1968714.9424852498,False,False,False,False
2022-09-09 00:00:00+00:00,3.18,3.25,3.07,3.09,1932475,,,,,,,,,,,,,,,,,,,,,,,,,,,,,,,,,,3.132849771326405,3.0611738378453093,3.1461523944602043,,,,,,,,,,,,3.1461523944602043,3.1133920012106397,,#000000,0.1922085953961075,3.1441627369267384,0.1864498463214278,49.165783179458316,-0.15618689150893772,False,True,False,False,True,0.2719033497897776,0.0,0.0,0.0,0.0,1,0.9992178208273956,0.9445724265769484,False,False,False,False,0.004647873659075511,-0.08896027958829934,False,False,False,False,30933139,24068490.21484317,False,False,False,False,1967293.768270142,False,False,False,False
2022-09-12 00:00:00+00:00,3.27,3.28,3.175,3.18,1604540,,,,,,,,,,,,,,,,,,,,,,,,,,,,,,,,,,3.1362947138973176,3.062978963888054,3.146814246466541,,,,,,,,,,,,3.146814246466541,3.1153626414173043,,"rgba(38, 166, 154, 0.5)",0.19417387953969478,3.151307815735181,0.6112675121194923,52.32633324713407,-2.8783995428227485,False,True,True,False,True,1.591420196577058,0.0,0.0,0.0,0.0,0,1.024489400832446,0.922853547575259,False,False,False,False,0.05071754196465124,-0.019121368811824052,False,False,False,False,32537679,24400615.265241478,False,False,False,False,1953068.1302987637,False,False,False,False
2022-09-13 00:00:00+00:00,3.09,3.19,3.09,3.13,1365659,,,,,,,,,,,,,,,,,,,,,,,,,,,,,,,,,,3.1359546335956243,3.0634883732066047,3.1466765745054492,,,,,,,,,,,,3.1466765745054492,3.115373193769226,,#000000,0.19427870757295204,3.15175858426103,-0.3178865302974054,51.517379936042694,-2.8783995428227485,False,True,False,False,True,0.0,0.0,0.0,0.0,0.0,0,1.0013549701799873,0.9282719329129727,False,False,False,False,-0.05310874245299346,-0.03611505563240876,False,False,False,False,31172020,24666160.548957497,False,False,False,False,1930032.4781301848,False,False,False,False
2022-09-14 00:00:00+00:00,3.11,3.12,3.02,3.09,702357,,,,,,,,,,,,,,,,,,,,,,,,,,,,,,,,,,3.1352540077024673,3.0635741446897176,3.1464861429836963,,,,,,,,,,,,3.1464861429836963,3.115104765125294,,#000000,0.19432720618344582,3.1513357504248107,-0.21271211188921077,51.27708567088548,-2.8783995428227485,False,True,False,False,True,0.0,0.0,0.0,0.0,0.0,0,0.9959753557979695,0.9436441912407342,False,False,False,False,-0.14912030005462779,-0.09261767784351826,False,False,False,False,31874377,24948835.70390034,False,False,False,False,1881888.3417329227,False,False,False,False
2022-09-15 00:00:00+00:00,3.19,3.2388,3.06,3.06,949811,,,,,,,,,,,,,,,,,,,,,,,,,,,,,,,,,,3.1357435714963002,3.0641515077800143,3.1465527388839476,,,,,,,,,,,,3.1465527388839476,3.115482606053421,,#000000,0.19514069768219108,3.152354910485152,0.1929125495705526,52.314612419974026,-2.5779612214394376,False,False,True,False,True,0.421917911023705,0.0,0.0,0.0,0.0,0,0.9820622513858064,0.9403754811455287,False,False,False,False,-0.06184172250364451,-0.07722970017358138,False,False,False,False,32824188,25257673.048845425,False,False,False,False,1845336.2891159453,False,False,False,False
2022-09-16 00:00:00+00:00,3.05,3.13,3.01,3.12,1206809,,,,,,,,,,,,,,,,,,,,,,,,,,,,,,,,,,3.1341520834185896,3.0641455113392175,3.1461267942434348,,,,,,,,,,,,3.1461267942434348,3.1148081296670806,,"rgba(239, 83, 80, 0.5)",0.1951200138884277,3.1512252060484878,-0.5187843319156891,50.77178284013941,-2.5779612214394376,False,True,False,False,True,0.0,0.0,0.0,0.0,0.0,1,0.9671572242350401,0.9521946840232133,False,False,False,False,-0.14912030005462823,-0.1131750001141048,False,False,False,False,31617379,25507073.282224037,False,False,False,False,1820296.0032682612,False,False,False,False
2022-09-19 00:00:00+00:00,3.06,3.08,2.98,3.01,697147,,,,,,,,,,,,,,,,,,,,,,,,,,,,,,,,,,3.132971654620046,3.0640437143295465,3.14581392907733,,,,,,,,,,,,3.14581392907733,3.1142764326756414,,#000000,0.19402173185608057,3.150352782286269,-0.46568382532163877,49.910478506478384,-2.5779612214394376,False,True,False,False,False,0.0,0.0,0.0,0.0,0.0,1,0.9558664181692094,0.9729759015256588,False,False,False,False,-0.19387460901377554,-0.1535248045639402,False,False,False,False,32314526,25774032.212332897,False,False,False,False,1776250.9443165648,False,False,False,False
2022-09-20 00:00:00+00:00,3.01,3.06,2.97,3.04,844380,,,,,,,,,,,,,,,,,,,,,,,,,,,,,,,,,,3.1311820857106216,3.063786083971357,3.145342571961365,,,,,,,,,,,,3.145342571961365,3.1134369138811144,,"rgba(239, 83, 80, 0.5)",0.19388052418347246,3.1489958947506147,-0.7169151998943469,48.53141496111974,-2.5779612214394376,False,True,False,False,False,0.0,0.0,0.0,0.0,0.0,1,0.9634586201587897,0.9651080956255911,False,False,False,False,-0.21084775438009112,-0.18218627947201566,False,False,False,False,31470146,25997409.22361396,False,False,False,False,1739706.9857159152,False,False,False,False
2022-09-21 00:00:00+00:00,2.99,3.08,2.965,3.02,960410,,,,,,,,,,,,,,,,,,,,,,,,,,,,,,,,,,3.1291827118119087,3.0634866396501206,3.144803786722091,,,,,,,,,,,,3.144803786722091,3.1124910460613737,,"rgba(239, 83, 80, 0.5)",0.19336983190739004,3.1475556565786484,-0.8147892306908857,47.28290224808863,1.7162227047358272,False,True,False,True,False,0.0,0.0,0.0,0.0,0.0,1,0.9673791393271742,0.9443371590335536,False,False,False,False,-0.20234680368308788,-0.19226654157755177,False,False,False,False,30509736,26174363.214844786,False,False,False,False,1709146.3196094087,False,False,False,False
2022-09-22 00:00:00+00:00,2.86,3.0,2.85,2.97,2015567,,,,,,,,,,,,,,,,,,,,,,,,,,,,,,,,,,3.121522448016274,3.061578598138614,3.142778395115936,,,,,,,,,,,,3.142778395115936,3.108626480423608,,"rgba(239, 83, 80, 1.0)",0.19349344100437127,3.1416483935652053,-1.4555965933689847,44.45568261309656,-1.066913182591854,False,True,False,True,False,0.0,0.0,0.0,0.0,0.0,1,0.9559306809219175,0.9564783980369821,False,False,False,False,-0.31563589285906846,-0.2539512172183101,False,False,False,False,28494169,26265335.990733225,False,False,False,False,1721162.816879628,False,False,False,False
2022-09-23 00:00:00+00:00,2.86,2.88,2.76,2.83,1408788,,,,,,,,,,,,,,,,,,,,,,,,,,,,,,,,,,3.1148486169647462,3.059693644828099,3.1409748031573392,,,,,,,,,,,,3.1409748031573392,3.105172354983395,,"rgba(239, 83, 80, 1.0)",0.19462673908681705,3.1090697409339483,-1.2797303294633426,42.57086952310185,-2.8884171404398415,False,True,False,True,False,0.0,0.0,0.0,0.0,0.0,1,0.9522505810834971,0.98018728768103,False,False,False,False,-0.34282825441539394,-0.298389735816852,False,False,False,False,28494169,26352741.206782904,False,False,False,False,1708912.824060819,False,False,False,False
2022-09-26 00:00:00+00:00,2.83,2.99,2.83,2.83,1161924,,,,,,,,,,,,,,,,,,,,,,,,,,,,,,,,,,3.110509587018514,3.058500526081214,3.1397422096721543,,,,,,,,,,,,3.1397422096721543,3.1029174409239615,,"rgba(239, 83, 80, 1.0)",0.1957271496678923,3.1083943263673337,-1.4223592733032189,40.84909037249289,-4.548880946075549,False,True,False,True,False,0.0,0.0,0.0,0.0,0.0,0,0.9527342334179052,0.9719893983327293,False,False,False,False,-0.24893050261349906,-0.2736601192151755,False,False,False,False,27332245,26391153.1202424,False,False,False,False,1687462.281940787,False,False,False,False
2022-09-27 00:00:00+00:00,2.9,2.95,2.84,2.87,2060657,,,,,,,,,,,,,,,,,,,,,,,,,,,,,,,,,,3.103630429115967,3.0565818550747825,3.1376971589967297,,,,,,,,,,,,3.1376971589967297,3.0993031477291595,,"rgba(239, 83, 80, 1.0)",0.19473705996169016,3.105942223914226,-1.0575399667363794,41.46476507876371,-4.548880946075549,False,True,False,True,False,0.0,0.0,0.0,0.0,0.0,0,0.9505592534138476,0.9682860998650472,False,False,False,False,-0.2642441007098991,-0.2689521099625373,False,False,False,False,29392902,26508868.762585834,False,False,False,False,1702097.3689235013,False,False,False,False
2022-09-28 00:00:00+00:00,3.09,3.1,2.89,2.91,1625784,,,,,,,,,,,,,,,,,,,,,,,,,,,,,,,,,,3.1017254121860653,3.0563046274038324,3.1369650276449446,,,,,,,,,,,,3.1369650276449446,3.0983316890782806,,#000000,0.19141784867873002,3.1089050960256874,-0.09876349648781875,45.72423659946123,-9.048334238919807,False,True,False,True,True,0.0,0.0,0.0,0.0,0.0,0,0.9556296398130327,0.9539111905416554,False,False,False,False,-0.16406510757039885,-0.2165086087664681,False,False,False,False,31018686,26685724.340523645,False,False,False,False,1699104.6877892464,False,False,False,False
2022-09-29 00:00:00+00:00,2.93,3.04,2.91,3.01,1300401,,,,,,,,,,,,,,,,,,,,,,,,,,,,,,,,,,3.09897396955899,3.0555960306743413,3.1360365657673452,,,,,,,,,,,,3.1360365657673452,3.096868855333559,,"rgba(239, 83, 80, 0.5)",0.18441531663343314,3.1082087948863917,-0.9663448684179607,45.71978387014389,-9.048334238919807,False,True,False,True,True,0.0,0.0,0.0,0.0,0.0,0,0.9464444652644399,0.9757225839696444,False,False,False,False,-0.18378065950390185,-0.20014463413518496,False,False,False,False,29718285,26804648.287954092,False,False,False,False,1683469.2490524133,False,False,False,False
2022-09-30 00:00:00+00:00,2.82,2.935,2.81,2.91,1492575,,,,,,,,,,,,,,,,,,,,,,,,,,,,,,,,,,3.0936560226238345,3.0539161405354203,3.134354314440223,,,,,,,,,,,,3.134354314440223,3.0939754925331595,,"rgba(255, 0, 0, 1.0)",0.1791850420076399,3.1040685175419225,-1.5853361104204826,44.096976861436545,-9.048334238919807,False,True,False,True,True,0.0,0.0,0.0,0.0,0.0,0,0.9092036715455222,0.9926403704622511,False,False,False,False,-0.2874462112601471,-0.24379542269766602,False,False,False,False,28225710,26860376.1982304,False,False,False,False,1675983.2000699656,False,False,False,False
2022-10-03 00:00:00+00:00,2.93,2.9385,2.77,2.85,1113379,,,,,,,,,,,,,,,,,,,,,,,,,,,,,,,,,,3.0902296622355943,3.052833342349065,3.1332214132473317,,,,,,,,,,,,3.1332214132473317,3.092094805943997,,"rgba(239, 83, 80, 0.5)",0.17553911809617362,3.1018066796181047,-0.978737283640538,45.07934188732429,-9.048334238919807,False,True,False,True,True,0.0,0.0,0.0,0.0,0.0,0,0.9224195790785754,0.9837240519679755,False,False,False,False,-0.3064884364234349,-0.27514192956055045,False,False,False,False,29339089,26957580.621829208,False,False,False,False,1653920.2902633003,False,False,False,False
2022-10-04 00:00:00+00:00,3.01,3.07,2.96,2.97,1282835,,,,,,,,,,,,,,,,,,,,,,,,,,,,,,,,,,3.088837778237199,3.052552805210149,3.132610492176271,,,,,,,,,,,,3.132610492176271,3.09133369187454,,"rgba(239, 83, 80, 0.5)",0.1700821211295542,3.102384679180938,-0.5431768992965894,47.09847992443984,-7.653515507852738,False,True,False,False,True,0.0,0.0,0.0,0.0,0.0,0,0.9557176379514722,0.9456540145632244,False,False,False,False,-0.14447517932020087,-0.20980855444037566,False,False,False,False,30621924,27101280.36214963,False,False,False,False,1639367.9259392493,False,False,False,False
2022-10-05 00:00:00+00:00,2.96,2.975,2.895,2.96,482212,,,,,,,,,,,,,,,,,,,,,,,,,,,,,,,,,,3.087854455742044,3.052261999741843,3.1322486297946432,,,,,,,,,,,,3.1322486297946432,3.0907883617595107,,"rgba(239, 83, 80, 0.5)",0.16687374522928186,3.1019650365225218,-0.8507332074764913,47.58457891103906,-7.079580730206295,False,True,False,False,True,0.0,0.0,0.0,0.0,0.0,0,0.9421622800639816,0.9461611167660319,False,False,False,False,-0.22365612577469762,-0.21673234010753664,False,False,False,False,30139712,27220434.544026118,False,False,False,False,1593989.2621769258,False,False,False,False
2022-10-06 00:00:00+00:00,3.36,3.4,2.89,2.955,8117207,,,,,,,,,,,,,,,,,,,,,,,,,,,,,,,,,3.216666666666667,3.101011364669204,3.0593145112001205,3.134880671572698,,,,,,,,,,,,3.134880671572698,3.1279683035271724,,"rgba(38, 166, 154, 1.0)",0.16732855956723966,3.131098405669215,1.3679768410293567,53.18107372106274,-1.7589034205338692,True,False,True,False,True,3.650275705616423,0.0,0.0,0.0,0.0,1,0.9487058007857639,0.8949272012941994,False,True,False,False,-0.019132814109524814,-0.11793257710853072,False,False,False,False,38256919,27653237.856025092,False,False,False,False,1849801.7224837132,False,True,False,False
2022-10-07 00:00:00+00:00,2.84,3.37,2.82,3.36,7639375,,,,,,,,,,,,,,,,,,,,,,,,,,,,,,,,,3.116467006190387,3.0930299006503357,3.057400841763281,3.1313207229719966,,,,,,,,,,,,3.1313207229719966,3.0995546178940003,,"rgba(255, 0, 0, 1.0)",0.16606717407816252,3.118108693682674,-1.6746758968258055,50.35873199528146,-1.7589034205338692,False,False,False,False,True,0.0,0.0,0.0,0.0,0.0,1,0.9344365729466461,0.9181647110914326,False,False,False,False,-0.06705688933402269,-0.09249473322127671,False,False,False,False,30617544,27769485.155788817,False,False,False,False,2076843.8117980773,False,False,False,False
2022-10-10 00:00:00+00:00,2.75,2.89,2.74,2.89,1483335,,,,,,,,,,,,,,,,,,,,,,,,,,,,,,,,,3.088664349911507,3.088012056956253,3.0554260172866172,3.1294602080626,,,,,,,,,,,,3.1294602080626,3.090390658054244,,"rgba(255, 26, 202, 1.0)",0.16958433549961882,3.111979393769827,-2.1345096096487075,47.658173032929554,3.168497646368934,False,True,False,False,False,0.0,0.0,0.0,0.0,0.0,1,0.9188497340425533,0.9768062943262412,False,False,False,False,-0.34282825441539394,-0.21766149381833533,False,False,False,False,29134209,27823003.737914745,False,False,False,False,2053568.9564334468,False,False,False,False
2022-10-11 00:00:00+00:00,2.71,2.81,2.62,2.8,2521628,,,,,,,,,,,,,,,,,,,,,,,,,,,,,,,,,3.040771070278159,3.0776428010628836,3.051131517179618,3.125602271814804,,,,,,,,,,,,3.125602271814804,3.073786915083866,,"rgba(255, 26, 202, 1.0)",0.17443633806072764,3.100138061610668,-2.236564158293937,45.48930231328942,1.2223251811135256,False,True,False,True,False,0.0,0.0,0.0,0.0,0.0,1,0.9002321981424151,0.9923374613003095,False,False,False,False,-0.34282825441539394,-0.2802448741168646,False,False,False,False,26612581,27775536.179565147,True,False,False,False,2071924.2130439,False,False,False,False
2022-10-12 00:00:00+00:00,2.74,2.76,2.63,2.7,1995629,,,,,,,,,,,,,,,,,,,,,,,,,,,,,,,,,3.0104318203274008,3.0697632025631294,3.0477757173730486,3.122575141430161,,,,,,,,,,,,3.122575141430161,3.062636470423435,,"rgba(255, 0, 0, 1.0)",0.17830867051824034,3.0917886010367983,-1.9729192081032951,44.45781856301849,0.2721993403594496,False,True,False,True,False,0.0,0.0,0.0,0.0,0.0,1,0.8906002895645396,1.0106582024724358,False,False,False,False,-0.34282825441539394,-0.3115365642661293,False,False,False,False,28608210,27808190.054876316,False,False,False,False,2068932.2439049236,False,False,False,False
2022-10-13 00:00:00+00:00,2.81,2.8709,2.61,2.67,1755098,,,,,,,,,,,,,,,,,,,,,,,,,,,,,,,,,2.992009290555446,3.064099567505561,3.0453385205248886,3.1202904598220367,,,,,,,,,,,,3.1202904598220367,3.055434459601983,,"rgba(239, 83, 80, 1.0)",0.18056966911806036,3.0613978708159872,-1.3922486098793139,44.75783618667856,0.2721993403594496,False,True,False,True,False,0.0,0.0,0.0,0.0,0.0,1,0.8752272752316831,1.0093444555862876,True,False,False,False,-0.30205694568454083,-0.3067967549753351,False,False,False,False,30363308,27908390.758606657,False,False,False,False,2056625.01865375,False,False,False,False
2022-10-14 00:00:00+00:00,2.8,2.91,2.78,2.85,1255856,,,,,,,,,,,,,,,,,,,,,,,,,,,,,,,,,2.983794687513997,3.06104100685152,3.044024937762511,3.1189743280434676,,,,,,,,,,,,3.1189743280434676,3.051958740042874,,"rgba(239, 83, 80, 1.0)",0.18184321531185965,3.0609709438742034,-1.4351425948262109,44.83661988128661,0.2721993403594496,False,True,False,True,False,0.0,0.0,0.0,0.0,0.0,1,0.8882041767440835,1.0089123016267438,False,False,False,False,-0.21163153822776673,-0.2592141466015509,False,False,False,False,29107452,27955412.768073063,False,False,False,False,2025222.3120398775,False,False,False,False
2022-10-17 00:00:00+00:00,2.93,2.975,2.81,2.81,1570488,,,,,,,,,,,,,,,,,,,,,,,,,,,,,,,,,2.979096410611198,3.05853252106379,3.04297243601519,3.117767993710923,,,,,,,,,,,,3.117767993710923,3.0495923403502756,,"rgba(239, 83, 80, 0.5)",0.18037678282912184,3.0621602973276194,-0.7326901791613614,46.77519192861254,0.2721993403594496,False,True,False,True,False,0.0,0.0,0.0,0.0,0.0,1,0.8973226577385216,0.9940197579268497,False,False,False,False,-0.1717298598521585,-0.2154720032268547,False,False,False,False,30677940,28062178.54187412,False,False,False,False,2007389.5939206667,False,False,False,False
2022-10-18 00:00:00+00:00,2.95,3.025,2.925,2.99,918174,,,,,,,,,,,,,,,,,,,,,,,,,,,,,,,,,2.9786777014485812,3.057677149735594,3.0426361878881774,3.117271589390353,,,,,,,,,,,,3.117271589390353,3.0490656571156762,,"rgba(239, 83, 80, 0.5)",0.17936253488094808,3.0634702129518696,-0.6326305157717876,48.3490194770539,0.2721993403594496,False,True,False,False,True,0.0,0.0,0.0,0.0,0.0,1,0.8946261916150348,1.0084205608516226,False,False,False,False,-0.06225425140028838,-0.13886312731357153,False,False,False,False,31596114,28200764.24611435,False,False,False,False,1964675.2569041701,False,False,False,False
2022-10-19 00:00:00+00:00,2.86,2.96,2.85,2.94,666464,,,,,,,,,,,,,,,,,,,,,,,,,,,,,,,,,2.976561168195751,3.056551506308511,3.0421495288259655,3.1167309225506843,,,,,,,,,,,,3.1167309225506843,3.0479982814702273,,"rgba(239, 83, 80, 1.0)",0.1805179734506765,3.0629500987886353,-1.1242653288709126,48.05792644621887,0.2721993403594496,False,True,False,False,True,0.0,0.0,0.0,0.0,0.0,1,0.9333752430179629,1.0140513859299876,False,False,False,False,-0.12985546760364847,-0.13435929745861,False,False,False,False,30929650,28307779.37371771,False,False,False,False,1913765.0115353793,False,False,False,False
2022-10-20 00:00:00+00:00,2.87,2.9488,2.84,2.86,685005,,,,,,,,,,,,,,,,,,,,,,,,,,,,,,,,,2.974399128729458,3.0553846061962746,3.0416403599608586,3.116168782408526,,,,,,,,,,,,3.116168782408526,3.0468982193237792,,"rgba(239, 83, 80, 1.0)",0.18170047623235186,3.062317036865524,-1.058428909231895,48.02936964540498,0.2721993403594496,False,True,False,False,True,0.0,0.0,0.0,0.0,0.0,1,0.9422772521017273,0.9908426841136402,False,False,False,False,-0.14018064430678465,-0.13726997088269732,False,False,False,False,31614655,28437460.77082682,False,False,False,False,1865578.344416345,False,False,False,False
2022-10-21 00:00:00+00:00,2.94,2.96,2.8199,2.86,982914,,,,,,,,,,,,,,,,,,,,,,,,,,,,,,,,,2.97214818893008,3.053936199005884,3.0410105480313425,3.1154379749859875,,,,,,,,,,,,3.1154379749859875,3.0456332277383233,,"rgba(239, 83, 80, 0.5)",0.18203058846011438,3.0617610773545825,-0.6689044867932303,49.18702513200728,0.2721993403594496,False,False,False,False,True,0.0,0.0,0.0,0.0,0.0,1,0.9336307205740048,0.9994925535179023,False,False,False,False,-0.1445240109849297,-0.14089699093381353,False,False,False,False,32597569,28600602.270010084,False,False,False,False,1830964.0564000178,False,False,False,False
2022-10-24 00:00:00+00:00,2.94,2.97,2.865,2.92,1597623,,,,,,,,,,,,,,,,,,,,,,,,,,,,,,,,,2.969733057834829,3.0519273651030154,3.0401375160583837,3.1143644733021243,,,,,,,,,,,,3.1143644733021243,3.0440406030745883,,"rgba(239, 83, 80, 0.5)",0.18222419613667679,3.0612286607109223,-0.6652720290778238,49.95879545640881,0.2721993403594496,False,False,False,False,True,0.0,0.0,0.0,0.0,0.0,1,0.9408595756826184,0.9941370944724576,False,False,False,False,-0.11771466092670124,-0.12930582593025738,False,False,False,False,32597569,28757346.063343026,False,False,False,False,1821813.4267372722,False,False,False,False
2022-10-25 00:00:00+00:00,3.15,3.18,2.9,2.9,3179002,,,,,,,,,,,,,,,,,,,,,,,,,,,,,,,,,2.9796243565541602,3.0526712636519697,3.040676447668321,3.113946318089389,,,,,,,,,,,,3.113946318089389,3.0467295964909598,,#000000,0.18231247307257462,3.0669498938349093,0.45553715972044395,53.668043575807,-0.7106016653465019,True,False,True,False,True,1.371206367217983,0.0,0.0,0.0,0.0,1,0.9309154328018225,0.9941510060744116,False,False,False,False,-4.7826079774545737e-08,-0.06465293687816857,False,False,False,False,35776571,29032609.786349185,False,False,False,False,1875036.508041693,False,False,False,False
2022-10-26 00:00:00+00:00,3.12,3.245,3.09,3.12,1712404,,,,,,,,,,,,,,,,,,,,,,,,,,,,,,,,,2.987789663943678,3.05424916088823,3.0415515452377777,3.114170357994868,,,,,,,,,,,,3.114170357994868,3.0494401820161388,,#000000,0.1823522973816364,3.070999475355739,0.26871350319053255,55.52757652297118,1.0919316086616035,True,False,True,False,True,0.9127310166077756,0.0,0.0,0.0,0.0,0,0.9353927899163669,0.9959136505515976,False,False,False,False,0.174740866582532,0.05504396485218171,False,False,False,False,34064167,29229925.755511962,False,False,False,False,1868658.7626282931,False,False,False,False
2022-10-27 00:00:00+00:00,3.08,3.21,3.08,3.11,1186956,,,,,,,,,,,,,,,,,,,,,,,,,,,,,,,,,2.992106718966872,3.0550040771266334,3.0419960636411965,3.1142079270505616,,,,,,,,,,,,3.1142079270505616,3.050828696696316,,#000000,0.18223665437611228,3.0730109372529233,0.03835157515925573,55.93176107573039,1.5460633677299853,True,False,True,False,True,0.2977229045878289,0.0,0.0,0.0,0.0,0,0.9453334622543452,0.995250066474897,False,False,False,False,0.2174178464100799,0.1362309056311308,False,False,False,False,32877211,29372956.549413454,False,False,False,False,1841925.3209565952,False,False,False,False
2022-10-28 00:00:00+00:00,3.09,3.12,3.0,3.1,1383759,,,,,,,,,,,,,,,,,,,,,,,,,,,,,,,,,2.9948954116302082,3.0551927118218796,3.0421723971215546,3.1139976224330286,,,,,,,,,,,,3.1139976224330286,3.051564535751668,,#000000,0.18212034433258747,3.0741721126819717,0.08690894680675199,56.36705359321819,2.1015920050307244,True,False,True,False,True,0.45179265034545324,0.0,0.0,0.0,0.0,0,0.9512472891602758,0.9758538387913593,False,False,False,False,0.11175243108858703,0.12399166835985892,False,False,False,False,34260970,29564643.35139724,False,False,False,False,1823958.0142524152,False,False,False,False
2022-10-31 00:00:00+00:00,3.31,3.34,3.0601,3.1,2778419,,,,,,,,,,,,,,,,,,,,,,,,,,,,,,,,,3.01111180627901,3.0596641464671386,3.0446011191604647,3.115158563843928,,,,,,,,,,,,3.115158563843928,3.0576339089376354,,"rgba(38, 166, 154, 1.0)",0.1840321162727317,3.081630261379673,1.2409232869000313,59.76062506647146,5.414348205054871,True,False,True,False,True,3.7506318605964957,0.0,0.0,0.0,0.0,0,0.9753004005340455,0.9380960328056458,False,False,False,False,0.2883459565841377,0.2061688124719983,False,False,False,False,37039389,29857770.631734602,False,False,False,False,1861387.856830752,False,False,False,False
2022-11-01 00:00:00+00:00,3.23,3.36,3.23,3.31,1374256,,,,,,,,,,,,,,,,,,,,,,,,,,,,,,,,3.2733333333333334,3.0195307143669936,3.0622363465916367,3.046004967235102,3.1158953420423883,,,,,,,,,,,,3.1158953420423883,3.103400140713891,,"rgba(38, 166, 154, 0.5)",0.18501599638658098,3.0988908808348836,0.7086366677785574,60.24594679251217,5.923834649222421,True,False,True,False,True,2.4784589373189547,0.0,0.0,0.0,0.0,0,1.0032824572214059,0.9230577807271175,False,False,False,False,0.3428281309724839,0.27449847172224107,False,False,False,False,35665133,30085510.332450893,False,False,False,False,1842284.6467589578,False,False,False,False
2022-11-02 00:00:00+00:00,2.97,3.215,2.96,3.2,2120266,,,,,,,,,,,,,,,,,,,,,,,,,,,,,,,,3.136816851250805,3.0208901081596036,3.0619828323987353,3.046026808292389,3.115413266735513,,,,,,,,,,,,3.115413266735513,3.0762259733674093,,"rgba(239, 83, 80, 0.5)",0.1850783131055133,3.0893410493988,-0.6448137947462446,56.02653170369086,5.923834649222421,True,False,True,False,False,0.0,0.0,0.0,0.0,0.0,0,0.970250208121358,0.941113218018685,False,False,False,False,0.10210326615313073,0.18830086893768588,False,False,False,False,33544867,30221171.378237136,False,False,False,False,1853185.8762978222,False,False,False,False
2022-11-03 00:00:00+00:00,3.06,3.085,2.92,2.95,1720368,,,,,,,,,,,,,,,,,,,,,,,,,,,,,,,,3.0988293399605107,3.020918749784092,3.061395038445296,3.045842798803899,3.114873642116343,,,,,,,,,,,,3.114873642116343,3.0683719138220282,,#000000,0.18275647164444914,3.0863112401879094,-0.14396885621154673,54.57888357483224,9.259538056824525,True,False,True,False,False,0.0,0.0,0.0,0.0,0.0,0,0.9643453845082842,0.9728152411008492,False,False,False,False,0.008250130800691223,0.09827549986918856,False,False,False,False,35265235,30418977.794776857,False,False,False,False,1847977.33212928,False,False,False,False
2022-11-04 00:00:00+00:00,3.08,3.14,2.96,3.08,2291740,,,,,,,,,,,,,,,,,,,,,,,,,,,,,,,,3.0869749190604394,3.022748979606669,3.0613684604553,3.045983835968964,3.1144560747484022,,,,,,,,,,,,3.1144560747484022,3.0663064539679548,,#000000,0.18107218211292297,3.085872919547557,-0.032434134713714924,53.91567590038003,8.62141571653229,True,False,True,False,False,0.187137189111521,0.0,0.0,0.0,0.0,0,0.9464958464958465,0.9926874926874927,False,False,False,False,0.06057391225318988,0.07942470606118922,False,False,False,False,37556975,30698899.253805216,False,False,False,False,1865379.7896928377,False,False,False,False
2022-11-07 00:00:00+00:00,2.79,2.96,2.75,2.96,4098764,,,,,,,,,,,,,,,,,,,,,,,,,,,,,,,,2.9973944187791757,3.008110081058833,3.053854417986669,3.0422612881375852,3.1106814348073866,,,,,,,,,,,,3.1106814348073866,3.04246032815393,,"rgba(255, 0, 0, 1.0)",0.18362397927766996,3.072008043421081,-1.5357909382556063,49.43883100450805,4.404346604700947,False,False,False,False,False,0.0,0.0,0.0,0.0,0.0,1,0.9132647160865043,0.9971897768012031,False,False,False,False,-0.15523507377680776,-0.03790518385780927,False,False,False,False,33458211,30807107.55757756,False,False,False,False,1952963.4842146873,False,False,False,False
2022-11-08 00:00:00+00:00,2.77,2.81,2.71,2.8,2391299,,,,,,,,,,,,,,,,,,,,,,,,,,,,,,,,2.9574056843284335,2.9975494400997045,3.0483746684818835,3.0394413867805237,3.1079816035317926,,,,,,,,,,,,3.1079816035317926,3.0301505566444673,,"rgba(255, 0, 0, 1.0)",0.1864702956804959,3.0638174729198515,-1.5756797716634057,46.22267892043158,1.4986760554314955,False,True,False,True,False,0.0,0.0,0.0,0.0,0.0,0,0.9121275605214154,1.0026769087523277,False,False,False,False,-0.26450033926867567,-0.15120276156324247,False,False,False,False,31066912,30817295.967084322,False,False,False,False,1970153.1122846995,False,False,False,False
2022-11-09 00:00:00+00:00,2.74,2.845,2.67,2.73,2321601,,,,,,,,,,,,,,,,,,,,,,,,,,,,,,,,2.9281352281678465,2.987664329789811,3.0430390455694174,3.0366442973930097,3.1053129359777167,,,,,,,,,,,,3.1053129359777167,3.02015916737956,,"rgba(255, 0, 0, 1.0)",0.18935423688691894,3.0363341552591367,-1.5649724037392692,43.71335509946002,-0.7324807461486813,False,True,False,True,False,0.0,0.0,0.0,0.0,0.0,0,0.9179078222117979,0.9974199601266565,False,False,False,False,-0.2674495137714213,-0.20932613766733188,False,False,False,False,28745311,30736041.654649645,False,False,False,False,1983935.3823911818,False,False,False,False
2022-11-10 00:00:00+00:00,2.88,2.92,2.805,2.81,2462737,,,,,,,,,,,,,,,,,,,,,,,,,,,,,,,,2.9202934680919985,2.9827834284623003,3.039768751001616,3.0349266197849696,3.1034449868008522,,,,,,,,,,,,3.1034449868008522,3.0162434508283473,,"rgba(239, 83, 80, 0.5)",0.1901183130920674,3.0372003882723466,-0.8268555812202073,44.57127048489614,-0.7324807461486813,False,True,False,True,False,0.0,0.0,0.0,0.0,0.0,0,0.9299638146375628,0.9659157231236141,False,False,False,False,-0.14679544757174193,-0.1780607926195369,False,False,False,False,31208048,30754551.707408484,False,False,False,False,2002711.9164150571,False,False,False,False
2022-11-11 00:00:00+00:00,3.05,3.08,2.86,2.88,2720835,,,,,,,,,,,,,,,,,,,,,,,,,,,,,,,,2.9299576931292073,2.9833836712547352,3.0388954331573705,3.034500051449434,3.1025231464655385,,,,,,,,,,,,3.1025231464655385,3.017851999091257,,#000000,0.18996130473677444,3.042033489137739,0.04193754550854274,47.684586427150435,-0.7324807461486813,False,True,False,False,True,0.04938622818281857,0.0,0.0,0.0,0.0,0,0.9448764071022399,0.9440640594174308,False,False,False,False,-0.027506985893709084,-0.10278388925662299,False,False,False,False,33928883,30879035.287510112,False,False,False,False,2030873.6059674078,False,False,False,False
2022-11-14 00:00:00+00:00,3.02,3.12,2.955,3.08,2564579,,,,,,,,,,,,,,,,,,,,,,,,,,,,,,,,2.940796049091034,2.9852742595369106,3.0387599653243615,3.034470585294852,3.1019512119084247,,,,,,,,,,,,3.1019512119084247,3.0202504142311164,,#000000,0.18956260702465125,3.045681699076048,-0.13547871850437287,49.278260872208634,-6.659657728442802,False,False,False,False,True,0.0,0.0,0.0,0.0,0.0,0,0.9505860721673179,0.9365663065961847,False,False,False,False,0.046784040151598295,-0.027999924552512347,False,False,False,False,31364304,30898065.43309795,False,False,False,False,2051803.2292628037,False,False,False,False
2022-11-15 00:00:00+00:00,3.07,3.17,3.035,3.08,2222355,,,,,,,,,,,,,,,,,,,,,,,,,,,,,,,,2.953550076331619,2.9887658160373265,3.0396054076899217,3.0349814257175365,3.1018797750970815,,,,,,,,,,,,3.1018797750970815,3.0237565001746973,,#000000,0.1888975126100676,3.0497550751474143,0.10717412089155572,51.08314456993381,-4.905949610149051,True,False,False,False,True,0.35551482150024327,0.0,0.0,0.0,0.0,0,0.9673614292258362,0.92475950526798,False,False,False,False,0.11880576083061237,0.04540291813905001,False,False,False,False,33586659,31003500.47493725,False,False,False,False,2058491.5339975958,False,False,False,False
2022-11-16 00:00:00+00:00,2.95,3.08,2.92,3.06,1774738,,,,,,,,,,,,,,,,,,,,,,,,,,,,,,,,2.9554335693525173,2.9886270790282756,3.0388963526097523,3.03461565622243,3.101225826018273,,,,,,,,,,,,3.101225826018273,3.0237596966462497,,"rgba(239, 83, 80, 0.5)",0.18649222866208587,3.0497709320121253,-0.5349870754824044,50.27946236040645,-4.905949610149051,False,False,False,False,True,0.0,0.0,0.0,0.0,0.0,0,0.9555149994296797,0.9347553324968634,False,False,False,False,0.005499999540991256,0.025451458840020633,False,False,False,False,31811921,31035203.240625985,False,False,False,False,2047363.9444290628,False,False,False,False
2022-11-17 00:00:00+00:00,2.95,2.98,2.89,2.95,1474194,,,,,,,,,,,,,,,,,,,,,,,,,,,,,,,,2.954663297777907,2.987616952075574,3.0378719616619785,3.034062319780187,3.100490423819079,,,,,,,,,,,,3.100490423819079,3.022940991022945,,"rgba(239, 83, 80, 0.5)",0.18119493261016978,3.048902510790073,-0.5458348606406982,49.743674220721545,-4.905949610149051,False,False,False,False,True,0.0,0.0,0.0,0.0,0.0,0,0.9446175147109728,0.9599630783431405,False,False,False,False,-0.06609612744096865,-0.02032233430047401,False,False,False,False,31811921,31065662.76060144,False,False,False,False,2024886.6917063545,False,False,False,False
2022-11-18 00:00:00+00:00,3.12,3.145,3.02,3.09,2727656,,,,,,,,,,,,,,,,,,,,,,,,,,,,,,,,2.966527102045077,2.9915915108916074,3.038946260260001,3.034714658195111,3.1004444742733224,,,,,,,,,,,,3.1004444742733224,3.0264448011330236,,#000000,0.1756631707261084,3.052409895889629,0.3847710583327486,52.10252339598677,-3.5808957685523524,True,False,False,False,True,1.1527986560471533,0.0,0.0,0.0,0.0,0,0.9331180811808119,0.9617158671586717,False,False,False,False,0.0965488134007667,0.03811323955014634,False,False,False,False,34539577,31201894.691558246,False,False,False,False,2052446.2724237524,False,False,False,False
2022-11-21 00:00:00+00:00,3.1,3.16,3.07,3.09,1423161,,,,,,,,,,,,,,,,,,,,,,,,,,,,,,,,2.9725880645675775,2.9938348427395156,3.039636637898437,3.035132818645856,3.1004860176820235,,,,,,,,,,,,3.1004860176820235,3.028335676306682,,#000000,0.17002734279314505,3.0542383936076387,0.2691426310651391,53.293823630010415,-2.27714992094252,True,False,True,False,True,0.8446640592755763,0.0,0.0,0.0,0.0,0,0.9266489546032115,0.9633822340302645,False,False,False,False,0.13277469368596392,0.08544396661805513,False,False,False,False,33116416,31276973.958555963,False,False,False,False,2027768.418603213,False,False,False,False
2022-11-22 00:00:00+00:00,3.04,3.218,3.01,3.218,1525379,,,,,,,,,,,,,,,,,,,,,,,,,,,,,,,,2.977645176666081,2.995735484550432,3.040148852081225,3.035453579866742,3.1004342889731795,,,,,,,,,,,,3.1004342889731795,3.029883476427532,,#000000,0.156939995419149,3.0556856848466136,-0.099947019908602,52.93196959576614,-2.27714992094252,True,False,True,False,True,0.0,0.0,0.0,0.0,0.0,1,0.9389752446747264,0.9556706966033389,False,False,False,False,0.1316553525610949,0.10854965958957502,False,False,False,False,31591037,31289290.156259652,False,False,False,False,2008066.8727756361,False,False,False,False
2022-11-23 00:00:00+00:00,3.07,3.11,3.03,3.03,898383,,,,,,,,,,,,,,,,,,,,,,,,,,,,,,,,2.9799427311829105,2.996595899318036,3.0403289632200092,3.035573572385085,3.1003513775448415,,,,,,,,,,,,3.1003513775448415,3.0305585087301763,,#000000,0.1568246854993892,3.056293086257164,0.08740278164236742,53.21844018201132,-1.8838533289784039,True,False,True,False,True,0.382493553309164,0.0,0.0,0.0,0.0,1,0.9492210040392386,0.9599538372763996,False,False,False,False,0.08268787075283532,0.09561876517120517,False,False,False,False,32489420,31336354.07170045,False,False,False,False,1964549.858156984,False,False,False,False
2022-11-25 00:00:00+00:00,3.13,3.14,3.05,3.06,494526,,,,,,,,,,,,,,,,,,,,,,,,,,,,,,,,2.9816546595016296,2.9972934329643084,3.040548560796973,3.035709240121428,3.1003608338459854,,,,,,,,,,,,3.1003608338459854,3.0311133454460646,,#000000,0.1573958113846801,3.0568076274749347,0.46502109478746423,54.45567160966223,-0.4232732798156533,True,False,True,False,True,1.3153730852650476,0.0,0.0,0.0,0.0,1,0.9463631911569228,0.9698934259928639,False,False,False,False,0.11044684155857507,0.10303280336489012,False,False,False,False,32983946,31400965.51986906,False,False,False,False,1906901.8637194552,False,False,False,False
2022-11-28 00:00:00+00:00,3.01,3.235,3.0,3.15,1508366,,,,,,,,,,,,,,,,,,,,,,,,,,,,,,,,2.9856125214392795,2.9988933632502417,3.0409595730899572,3.0359751913174113,3.100275842871449,,,,,,,,,,,,3.100275842871449,3.032343298393668,,#000000,0.15734085338571321,3.0579101477619184,-0.30449909690313726,52.8133582079774,-0.4232732798156533,True,False,True,False,True,0.0,0.0,0.0,0.0,0.0,1,0.9536565019927706,0.9534247845027344,False,False,False,False,0.13557450051977663,0.11930365194233337,False,False,False,False,31475580,31403891.57791341,False,False,False,False,1891273.0063186924,False,False,False,False
2022-11-29 00:00:00+00:00,3.03,3.07,3.0,3.0,913036,,,,,,,,,,,,,,,,,,,,,,,,,,,,,,,,2.98672891357802,2.99928418950277,3.04091370681378,3.0359659694632386,3.1000921229259615,,,,,,,,,,,,3.1000921229259615,3.0325969804567543,,#000000,0.15628882940952163,3.058090410746639,-0.17973396341100073,52.11013999053079,-0.4232732798156533,True,False,False,False,False,0.0,0.0,0.0,0.0,0.0,1,0.9569827465934985,0.9666325628982002,False,False,False,False,0.044028365241357566,0.08166600859184547,False,False,False,False,32388616,31442508.22191681,False,False,False,False,1852910.7707767829,False,False,False,False
2022-11-30 00:00:00+00:00,3.11,3.12,3.0215,3.03,903109,,,,,,,,,,,,,,,,,,,,,,,,,,,,,,,,2.98892507974353,3.0002226906188088,3.041167520664462,3.0361306732743447,3.1000481062281917,,,,,,,,,,,,3.1000481062281917,3.0332988141058674,,#000000,0.15001801693598593,3.0587113779910458,0.341883082155655,53.16811051222872,-0.4232732798156533,True,False,True,False,False,1.0076238279968806,0.0,0.0,0.0,0.0,0,0.9606838798099818,0.9585351405972332,False,False,False,False,0.0835185813599382,0.08259229497589184,False,False,False,False,33291725,31515026.526939683,False,False,False,False,1815663.6425110267,False,False,False,False
2022-12-01 00:00:00+00:00,3.26,3.28,3.14,3.18,2172634,,,,,,,,,,,,,,,,,,,,,,,,,,,,,,,,3.001192932578997,3.006112315181032,3.043769552691277,3.0376949277219616,3.1008674264358214,,,,,,,,,,,,3.1008674264358214,3.037927430921818,,"rgba(38, 166, 154, 1.0)",0.14551864373913065,3.063066212687929,1.3533234110201802,56.27046567353214,1.8636631022387604,True,False,True,False,True,3.3260896370761657,0.0,0.0,0.0,0.0,0,0.9717243528339122,0.9437949380821032,False,False,False,False,0.24106338114093334,0.16182783805841258,False,False,False,False,35464359,31669902.31019695,False,False,False,False,1829662.480059614,False,False,False,False
2022-12-02 00:00:00+00:00,3.46,3.51,3.15,3.18,3267018,,,,,,,,,,,,,,,,,,,,,,,,,,,,,,,,3.0279895512956143,3.0199338938933757,3.050577401644195,3.041787896022562,3.103493023495127,,,,,,,,,,,,3.103493023495127,3.048756353270175,,"rgba(0, 255, 0, 1.0)",0.15326571168522568,3.073302795611041,2.5230509820953992,60.72591846944664,6.05372422305777,True,False,True,False,True,6.2566914418572885,0.0,0.0,0.0,0.0,0,0.9864784161718143,0.9101941474077998,False,False,False,False,0.34282813777642246,0.2523279879174175,False,False,False,False,38731377,31946822.88626766,False,False,False,False,1886029.363194531,False,False,False,False
2022-12-05 00:00:00+00:00,3.5,3.616,3.4397,3.51,3358142,,,,,,,,,,,,,,,,,,,,,,,,,,,,,,,3.518566666666667,3.061797403183636,3.038506519496333,3.0603077609625786,3.047690195628262,3.1075640880169373,,,,,,,,,,,3.518566666666667,3.1075640880169373,3.1390721056590682,,"rgba(0, 255, 0, 1.0)",0.16322228252758217,3.1138851937563117,2.365576563839809,64.10405162640586,9.095829682742647,True,False,True,False,True,6.825572057865948,-1.0,3.616,3.4397,0.0,0,1.029078490650543,0.8854551561975144,False,False,False,False,0.34282816548491385,0.29757807670116565,False,False,False,False,42089519,32344575.675041478,False,False,False,False,1943759.2705202359,False,False,False,False
2022-12-06 00:00:00+00:00,3.03,3.5,3.02,3.5,2990077,,,,,,,,,,,,,,,,,,,,,,,,,,,,,,,3.360668289242489,3.0688238393217033,3.0431554732566712,3.062543932572815,3.0491690471805453,3.1082200563195643,,,,,,,,,,,3.360668289242489,3.1082200563195643,3.1154301063156313,,#000000,0.16299262128880232,3.1066401688318903,-0.47020637023864914,58.267229746219265,13.85608880457012,True,False,True,False,False,0.0,0.0,0.0,0.0,0.0,0,0.975137822938061,0.9138471516592802,False,False,False,False,0.11828826582375278,0.20793317126245922,False,False,False,False,39099442,32609472.393667303,False,False,False,False,1984791.3383429719,False,False,False,False
2022-12-07 00:00:00+00:00,2.89,3.05,2.89,3.02,1725386,,,,,,,,,,,,,,,,,,,,,,,,,,,,,,,3.2714808828439503,3.064772549913441,3.0413400988672614,3.061306569571797,3.0485073805419165,3.107400431151133,,,,,,,,,,,3.2714808828439503,3.107400431151133,3.09913465214825,,"rgba(239, 83, 80, 1.0)",0.16326897058766893,3.0993765235750894,-1.2824024235680622,52.80908660025064,9.100765054344436,True,False,False,False,False,0.0,0.0,0.0,0.0,0.0,0,0.9612528253148208,0.9594230976213541,False,False,False,False,-0.1125464307211108,0.04769337027067421,False,False,False,False,37374056,32796318.809601918,False,False,False,False,1974618.5799765808,False,False,False,False
2022-12-08 00:00:00+00:00,2.89,2.92,2.78,2.89,2342598,,,,,,,,,,,,,,,,,,,,,,,,,,,,,,,3.1796887362058257,3.056313780150739,3.037050722828826,3.058555366894142,3.046948805324571,3.1057642585476257,,,,,,,,,,,3.1796887362058257,3.1057642585476257,3.080720278325288,,"rgba(239, 83, 80, 1.0)",0.163543861378515,3.0901032450475157,-1.2235448237606756,49.17032450293823,6.078533310682502,False,False,False,False,False,0.0,0.0,0.0,0.0,0.0,0,0.943606984058128,0.9894805335646893,False,False,False,False,-0.2102113342804704,-0.08125898200489809,False,False,False,False,37374056,32975837.915107727,False,False,False,False,1989049.1454676955,False,False,False,False
2022-12-09 00:00:00+00:00,2.85,2.98,2.84,2.96,2318268,,,,,,,,,,,,,,,,,,,,,,,,,,,,,,,3.1269518673475587,3.0496782618794476,3.033625760291741,3.0562687541586135,3.0456523155206376,3.104342278200332,,,,,,,,,,,3.1269518673475587,3.104342278200332,3.0694198728997217,,"rgba(239, 83, 80, 1.0)",0.16434615194052463,3.083946231253244,-1.4234968600780327,46.27384153543929,3.659675313628412,False,True,False,True,False,0.0,0.0,0.0,0.0,0.0,0,0.9531641433395055,0.9818102603202266,False,False,False,False,-0.1609979689996843,-0.1211284755022912,False,False,False,False,35055788,33057404.585103504,False,False,False,False,2001959.6887826878,False,False,False,False
2022-12-12 00:00:00+00:00,2.89,2.9699,2.835,2.84,1468215,,,,,,,,,,,,,,,,,,,,,,,,,,,,,,,3.103314781980911,3.045947489961703,3.0316586180497325,3.054923104894787,3.0448854346112912,3.1034858567678874,,,,,,,,,,,3.103314781980911,3.1034858567678874,3.064035881044385,,"rgba(239, 83, 80, 1.0)",0.16066281629717838,3.0808224671422524,-1.1877201678656466,45.0520884942335,2.6662569837156553,False,True,False,True,False,0.0,0.0,0.0,0.0,0.0,0,0.9635509036111807,0.9715044228530395,False,False,False,False,-0.16714356620987866,-0.14413602085608493,False,False,False,False,36524003,33193349.620981798,False,False,False,False,1981028.5245167,False,False,False,False
2022-12-13 00:00:00+00:00,2.85,3.04,2.82,3.0,1796690,,,,,,,,,,,,,,,,,,,,,,,,,,,,,,,3.080857364330959,3.04177229264708,3.0294158028578266,3.0533592000558114,3.0439896293017084,3.1024729433360343,,,,,,,,,,,3.080857364330959,3.1024729433360343,3.0586445387549035,,"rgba(239, 83, 80, 1.0)",0.1610047282613864,3.0775395907841228,-1.4132478793710883,43.70021676142618,1.3741023201101612,False,True,False,True,False,0.0,0.0,0.0,0.0,0.0,0,0.9664589284168613,0.9644572838223839,False,False,False,False,-0.14477508810754242,-0.14445555448181369,False,False,False,False,34727313,33253505.047609966,False,False,False,False,1973799.562770947,False,False,False,False
2022-12-14 00:00:00+00:00,2.83,2.87,2.77,2.85,1301755,,,,,,,,,,,,,,,,,,,,,,,,,,,,,,,3.061480989747626,3.037235124324505,3.0268388085767004,3.051652571393384,3.0429825052084225,3.1014531801125544,,,,,,,,,,,3.061480989747626,3.1014531801125544,3.0536071965605323,,"rgba(255, 0, 0, 1.0)",0.16115607118343273,3.074313219109356,-1.5160038173881223,42.520394919720886,0.12090566441813877,False,True,False,True,False,0.0,0.0,0.0,0.0,0.0,0,0.9434930018256108,0.9956533078327394,False,False,False,False,-0.23518489985049224,-0.18982022716615296,False,False,False,False,33425558,33260252.2222135,False,False,False,False,1947444.8740348315,False,False,False,False
2022-12-15 00:00:00+00:00,2.8,2.845,2.77,2.82,1514733,,,,,,,,,,,,,,,,,,,,,,,,,,,,,,,3.040833507439963,3.0317546539501707,3.0236572269250996,3.0495414091871536,3.041725265449084,3.100198310569978,,,,,,,,,,,3.040833507439963,3.100198310569978,3.0479517289202414,,"rgba(255, 0, 0, 1.0)",0.1627466942413481,3.070564224392,-1.6624867598893427,41.298222399811976,-1.2614991758974128,False,True,False,True,False,0.0,0.0,0.0,0.0,0.0,0,0.9541604819697894,0.9918143717803195,False,False,False,False,-0.24567445884660127,-0.2177473430063771,False,False,False,False,31910825,33207333.507616892,False,False,False,False,1930475.7809354265,False,False,False,False
2022-12-16 00:00:00+00:00,2.85,2.87,2.78,2.79,1532067,,,,,,,,,,,,,,,,,,,,,,,,,,,,,,,3.025210092497037,3.02712897375745,3.020935867402939,3.0476857169814524,3.040617669823877,3.0990606300926773,,,,,,,,,,,3.025210092497037,3.0990606300926773,3.043439825092572,,"rgba(239, 83, 80, 1.0)",0.16348678211992643,3.0674612149386506,-1.3301455452168052,41.630946738226214,-1.2614991758974128,False,True,False,True,False,0.0,0.0,0.0,0.0,0.0,0,0.9536740483162519,1.0371751464128844,False,False,False,False,-0.23100338667894713,-0.22437536484266213,False,False,False,False,33442892,33216571.095553484,False,False,False,False,1914851.907173253,False,False,False,False
2022-12-19 00:00:00+00:00,2.72,2.88,2.65,2.88,2437433,,,,,,,,,,,,,,,,,,,,,,,,,,,,,,,2.995769871073086,3.0172181852961915,3.0149096429585858,3.043675601974963,3.0381808669261576,3.0967091088617495,,,,,,,,,,,2.995769871073086,3.0967091088617495,3.034410546181789,,"rgba(255, 26, 202, 1.0)",0.16646964931826014,3.0610821829913037,-2.0489151289026597,39.89744838693284,-3.2081890888441436,False,True,False,True,False,0.0,0.0,0.0,0.0,0.0,0,0.9447900835866262,1.0338383358662613,False,False,False,False,-0.2817541769055309,-0.2530647708740965,False,False,False,False,31005459,33129860.817296486,False,False,False,False,1935345.2833625372,False,False,False,False
2022-12-20 00:00:00+00:00,2.64,2.76,2.62,2.68,1722313,,,,,,,,,,,,,,,,,,,,,,,,,,,,,,,2.9731101697629954,3.0087423901542953,3.009624297342367,3.0401836590842497,3.0360319300701035,3.0947032932843945,,,,,,,,,,,2.9731101697629954,3.0947032932843945,3.0270659566164007,,"rgba(255, 26, 202, 1.0)",0.1713000633733452,3.055763727693686,-2.4271078451823853,37.69959160493687,-5.591967933337763,False,True,False,True,False,0.0,0.0,0.0,0.0,0.0,0,0.9506680614331224,0.9910845894156246,False,False,False,False,-0.34282825441539394,-0.29794651264474525,False,False,False,False,29283146,32979009.255833883,False,False,False,False,1926991.0761718496,False,False,False,False
2022-12-21 00:00:00+00:00,2.68,2.69,2.58,2.61,1461437,,,,,,,,,,,,,,,,,,,,,,,,,,,,,,,2.954926832542945,3.0013933774734367,3.0049637420746493,3.0370866671010495,3.034112207951579,3.0929227154319756,,,,,,,,,,,2.954926832542945,3.0929227154319756,3.0209009237626057,,"rgba(255, 26, 202, 1.0)",0.17457108312393388,3.051205362225255,-2.1263851697690606,37.23646369679012,-6.33195996092136,False,True,False,True,False,0.0,0.0,0.0,0.0,0.0,0,0.9597954970956746,0.989798857472037,False,False,False,False,-0.34282825441539394,-0.32038738353006957,False,False,False,False,30744583,32891384.696781576,False,False,False,False,1908734.053576875,False,False,False,False
2022-12-22 00:00:00+00:00,2.63,2.655,2.54,2.65,1127229,,,,,,,,,,,,,,,,,,,,,,,,,,,,,,,2.9405082726833895,2.995279331309277,3.0010383133181615,3.034477752495639,3.0324852787338377,3.0914307546900828,,,,,,,,,,,2.9405082726833895,3.0914307546900828,3.015869950538398,,"rgba(255, 26, 202, 1.0)",0.1792529040311592,3.047442066856396,-2.3287883067369055,36.221344379438,-7.633407649833288,False,True,False,True,False,0.0,0.0,0.0,0.0,0.0,0,0.9508534714230916,0.9850163022631377,False,False,False,False,-0.34282825441539394,-0.3316078189727317,False,False,False,False,29617354,32762991.336123478,False,False,False,False,1878086.7965738603,False,False,False,False
2022-12-23 00:00:00+00:00,2.54,2.605,2.51,2.6,1458766,,,,,,,,,,,,,,,,,,,,,,,,,,,,,,,2.920643914461448,2.986525630064835,2.995355633324172,3.0307055361971056,3.0301193751313087,3.08928868287881,,,,,,,,,,,2.920643914461448,3.08928868287881,3.00877312867628,,"rgba(255, 26, 202, 1.0)",0.18598924700100372,3.0420871109002583,-2.699549135211826,34.36403483672944,-9.705481876752913,False,True,False,True,False,0.0,0.0,0.0,0.0,0.0,0,0.9457416326281777,1.001329025178321,False,False,False,False,-0.34282825441539394,-0.3372180366940628,False,False,False,False,28158588,32582426.499412756,False,False,False,False,1861642.8437670423,False,False,False,False
2022-12-27 00:00:00+00:00,2.49,2.55,2.47,2.51,1982596,,,,,,,,,,,,,,,,,,,,,,,,,,,,,,,2.8935509063620417,2.9739055344548424,2.9870422045711504,3.025164411958201,3.0266198916539304,3.0861452293768337,,,,,,,,,,,2.8935509063620417,3.0861452293768337,2.9987380297294997,,"rgba(255, 26, 202, 1.0)",0.19249317292211165,3.034407699803738,-2.8281922498312233,32.51760681185333,-11.711918688216969,False,True,False,True,False,0.0,0.0,0.0,0.0,0.0,0,0.9196466907931055,1.0128810648346926,False,False,False,False,-0.34282825441539394,-0.34002314555472835,False,False,False,False,26175992,32331193.773945592,False,False,False,False,1866386.1047957859,False,False,False,False
2022-12-28 00:00:00+00:00,2.49,2.545,2.45,2.47,1590407,,,,,,,,,,,,,,,,,,,,,,,,,,,,,,,2.8738218245120244,2.964077619080332,2.980462219886196,3.02073322443399,3.0238019190678287,3.083612167461291,,,,,,,,,,,2.8738218245120244,3.083612167461291,2.99108482907361,,"rgba(255, 26, 202, 1.0)",0.19667506471609827,3.028442684351718,-2.737727251438627,31.28665479526925,-13.111699541325379,False,True,False,True,False,0.0,0.0,0.0,0.0,0.0,0,0.9138945673047141,1.0229201511491046,False,False,False,False,-0.34282825441539394,-0.3414256999850611,False,False,False,False,26175992,32089813.31222224,False,False,False,False,1855563.3948037943,False,False,False,False
2022-12-29 00:00:00+00:00,2.54,2.54,2.465,2.52,1500720,,,,,,,,,,,,,,,,,,,,,,,,,,,,,,,2.8578090445117645,2.955546717843653,2.9746618936510467,3.016775817804842,3.021269655940744,3.0813223192970463,,,,,,,,,,,2.8578090445117645,3.0813223192970463,2.9845642415081826,,"rgba(255, 26, 202, 1.0)",0.20165084443925207,3.023264085241954,-2.3965388619413335,32.06022781528992,-13.111699541325379,False,True,False,True,False,0.0,0.0,0.0,0.0,0.0,0,0.9011992791897097,1.029826632697446,False,False,False,False,-0.33923829335049177,-0.34033199666777647,False,False,False,False,27676712,31916750.515664503,False,False,False,False,1841647.9675565867,False,False,False,False
2022-12-30 00:00:00+00:00,2.54,2.56,2.475,2.52,1607870,,,,,,,,,,,,,,,,,,,,,,,,,,,,,,,2.8426227856388677,2.9469586656595173,2.9687374802041657,3.01268715057028,3.0186374524872503,3.078932315993133,,,,,,,,,,,2.8426227856388677,3.078932315993133,2.9780959750922023,,"rgba(255, 26, 202, 1.0)",0.20602921160853963,3.0180430132028406,-2.3202681283425655,32.57594316197037,-13.111699541325379,False,True,False,True,False,0.0,0.0,0.0,0.0,0.0,0,0.9114878763323567,1.0193230692513868,False,False,False,False,-0.32851834975294036,-0.3344251732103584,False,False,False,False,27676712,31750474.495442364,False,False,False,False,1832480.2041229953,False,False,False,False
2023-01-03 00:00:00+00:00,2.5,2.62,2.48,2.53,1150494,,,,,,,,,,,,,,,,,,,,,,,,,,,,,,,2.8328436408226305,2.9411381670872485,2.964671079567533,3.0098523127015846,3.016802587894341,3.077260278479908,,,,,,,,,,,2.8328436408226305,3.077260278479908,2.9737613444255406,,"rgba(255, 26, 202, 1.0)",0.20995040169328455,3.0144960380786263,-2.450559912860995,32.2355929390681,-13.111699541325379,False,True,False,True,False,0.0,0.0,0.0,0.0,0.0,0,0.913693543780347,1.0104064475269163,False,False,False,False,-0.30553605707922926,-0.3199806151447938,False,False,False,False,26526218,31545601.691699527,False,False,False,False,1805735.647098564,False,False,False,False
2023-01-04 00:00:00+00:00,2.6,2.61,2.5,2.5,1550545,,,,,,,,,,,,,,,,,,,,,,,,,,,,,,,2.822101016662185,2.9342305314372714,2.9597651576246444,3.006374299573548,3.014537430447902,3.0751738029157454,,,,,,,,,,,2.822101016662185,3.0751738029157454,2.968697039776883,,"rgba(255, 0, 0, 1.0)",0.21282332054022213,3.0102655120663186,-1.9277281785892502,35.289454041467906,-13.111699541325379,False,True,False,True,True,0.0,0.0,0.0,0.0,0.0,0,0.9183681100889987,1.0130880263256299,False,False,False,False,-0.30202848932895915,-0.3110045522368765,False,False,False,False,28076763,31409568.801828958,False,False,False,False,1795728.1707417578,False,False,False,False
2023-01-05 00:00:00+00:00,2.51,2.55,2.49,2.54,787510,,,,,,,,,,,,,,,,,,,,,,,,,,,,,,,2.8158897565992107,2.9303203010139733,2.9569852901812497,3.0044154897664868,3.01325877295289,3.0740094716802253,,,,,,,,,,,2.8158897565992107,3.0740094716802253,2.965813180365673,,"rgba(255, 26, 202, 1.0)",0.2174253107753698,3.0078714729392493,-2.289850575187261,35.605731271119666,-13.111699541325379,False,True,False,True,True,0.0,0.0,0.0,0.0,0.0,0,0.905326623150132,1.0155712790871494,False,False,False,False,-0.326738818086686,-0.3188716851617812,False,False,False,False,27289253,31247987.78999253,False,False,False,False,1756190.203261689,False,False,False,False
2023-01-06 00:00:00+00:00,2.54,2.565,2.48,2.51,796480,,,,,,,,,,,,,,,,,,,,,,,,,,,,,,,2.810094642513676,2.9265487816359683,2.9542825738728613,3.0024972508547982,3.012002440001272,3.072861352819473,,,,,,,,,,,2.810094642513676,3.072861352819473,2.9630478402830085,,"rgba(255, 26, 202, 1.0)",0.22137392442294282,3.0055557620008524,-2.1030289055697065,36.74531651470389,-13.111699541325379,False,True,False,True,True,0.0,0.0,0.0,0.0,0.0,0,0.8972244210096264,1.040854888542757,False,False,False,False,-0.32496128294223586,-0.32191648405200857,False,False,False,False,28085733,31123977.79822812,False,False,False,False,1718554.5090161327,False,False,False,False
2023-01-09 00:00:00+00:00,2.5,2.62,2.49,2.57,1188806,,,,,,,,,,,,,,,,,,,,,,,,,,,,,,,2.8021101539215754,2.9211644191614905,2.9503890682877953,2.9997125347998654,3.0101714319665334,3.071182746798507,,,,,,,,,,,2.8021101539215754,3.071182746798507,2.959121725822628,,"rgba(255, 26, 202, 1.0)",0.22610911820033644,3.0022378823659395,-2.221219057256012,36.721570876139374,-13.111699541325379,False,True,False,True,True,0.0,0.0,0.0,0.0,0.0,0,0.8738408729955428,1.0422665095547927,False,False,False,False,-0.3020284893289588,-0.3119724866904837,False,False,False,False,26896927,30958211.100258388,False,False,False,False,1697780.0576821668,False,False,False,False
2023-01-10 00:00:00+00:00,2.45,2.54,2.44,2.47,1379437,,,,,,,,,,,,,,,,,,,,,,,,,,,,,,,2.7914442222265725,2.914153787811693,2.945319096708667,2.996109392030852,3.007797424478623,3.069030926495989,,,,,,,,,,,2.7914442222265725,3.069030926495989,2.953975808292066,,"rgba(255, 26, 202, 1.0)",0.23201102800754428,2.997919899275652,-2.361611445719017,35.77078186312125,-13.111699541325379,False,True,False,True,True,0.0,0.0,0.0,0.0,0.0,0,0.8682112734005348,1.0482153877802922,False,False,False,False,-0.34282825441539394,-0.3274003705529388,False,False,False,False,25517490,30744849.48848355,False,False,False,False,1685296.016204435,False,False,False,False
2023-01-11 00:00:00+00:00,2.51,2.52,2.4409,2.46,1652557,,,,,,,,,,,,,,,,,,,,,,,,,,,,,,,2.7800672401207573,2.9062936734590847,2.939558958214086,2.9919692640514177,3.005053339655233,3.066532338781428,,,,,,,,,,,2.7800672401207573,3.066532338781428,2.9482458023803346,,"rgba(255, 26, 202, 1.0)",0.23623190621402923,2.9930498440661277,-2.0448120315656193,37.15827112878934,-16.75661061229215,False,True,False,True,True,0.0,0.0,0.0,0.0,0.0,0,0.877971228042964,1.0394224927940854,False,False,False,False,-0.34282825441539394,-0.33511431248416634,False,False,False,False,27170047,30604661.155601844,False,False,False,False,1684012.1332160258,False,False,False,False
2023-01-12 00:00:00+00:00,2.56,2.57,2.43,2.49,1497686,,,,,,,,,,,,,,,,,,,,,,,,,,,,,,,2.771457664605514,2.8999087396089163,2.9348000598028396,2.988493941026905,3.0027334833521198,3.0644022283193757,,,,,,,,,,,2.771457664605514,3.0644022283193757,2.9436326861192783,,"rgba(255, 0, 0, 1.0)",0.23922171102771467,2.989059112322403,-1.7935625929566863,39.635762564624976,-14.285699186195139,False,True,False,True,True,0.0,0.0,0.0,0.0,0.0,0,0.866377948609941,1.0625263268744733,False,False,False,False,-0.32906559797311896,-0.33208995522864265,False,False,False,False,28667733,30528703.1887155,False,False,False,False,1676705.2260310836,False,False,False,False
2023-01-13 00:00:00+00:00,2.54,2.55,2.4941,2.51,880879,,,,,,,,,,,,,,,,,,,,,,,,,,,,,,,2.766808438977686,2.8963283512439517,2.93210439017414,2.9865083371605188,3.0014019057144177,3.0631754928735164,,,,,,,,,,,2.766808438977686,3.0631754928735164,2.941054486024038,,"rgba(255, 0, 0, 1.0)",0.2425660121910542,2.986808286123896,-1.8420069740519658,40.79705249329051,-13.116823376380779,False,True,False,True,True,0.0,0.0,0.0,0.0,0.0,1,0.8498679092490076,1.067041034423248,False,False,False,False,-0.31368584164777863,-0.32288789843821064,False,False,False,False,27786854,30421179.691118814,False,False,False,False,1645496.3544220214,False,False,False,False
2023-01-17 00:00:00+00:00,2.51,2.57,2.46,2.54,1348556,,,,,,,,,,,,,,,,,,,,,,,,,,,,,,,2.759607514594096,2.8907651607853855,2.927898415110457,2.9834050853994736,2.999314919083933,3.0612570003169832,,,,,,,,,,,2.759607514594096,3.0612570003169832,2.9370413492150544,,"rgba(255, 0, 0, 1.0)",0.24511604164940787,2.983301505779943,-1.9309283170332494,40.8292201802832,-12.973349582793254,False,True,False,True,True,0.0,0.0,0.0,0.0,0.0,1,0.8765716765906653,1.0481506096816633,False,False,False,False,-0.31858725327085974,-0.3207375758545352,False,False,False,False,26438298,30264988.25225141,False,False,False,False,1633851.6346407658,False,False,False,False
2023-01-18 00:00:00+00:00,2.47,2.5599,2.46,2.5,1839040,,,,,,,,,,,,,,,,,,,,,,,,,,,,,,,2.749799506742138,2.883109620503765,2.9220713678701267,2.979090134688451,2.99640065523567,3.0585831211146326,,,,,,,,,,,2.749799506742138,3.0585831211146326,2.9315090676924633,,"rgba(255, 26, 202, 1.0)",0.24944984510964444,2.97845430044015,-2.0383027306217048,39.89119424084146,-12.973349582793254,False,True,False,True,True,0.0,0.0,0.0,0.0,0.0,1,0.8809458645793419,1.032171985330341,False,False,False,False,-0.3221073070786988,-0.321422441466617,False,False,False,False,24599258,30042802.75216312,False,False,False,False,1641898.237203873,False,False,False,False
2023-01-19 00:00:00+00:00,2.42,2.48,2.4,2.45,1554309,,,,,,,,,,,,,,,,,,,,,,,,,,,,,,,2.7401287006187465,2.8758451264177753,2.916553196203818,2.9750317406022653,2.9936551667656546,3.05609054941461,,,,,,,,,,,2.7401287006187465,3.05609054941461,2.926217413337145,,"rgba(255, 26, 202, 1.0)",0.25473887000591855,2.9738594001242893,-2.1742241382770566,38.14765400575458,-12.973349582793254,False,True,False,True,False,0.0,0.0,0.0,0.0,0.0,1,0.8654198346190132,1.0513347022587267,False,False,False,False,-0.34282825441539394,-0.33212534794100546,False,False,False,False,23044949,29768377.11482339,False,False,False,False,1638463.3651566622,False,False,False,False
2023-01-20 00:00:00+00:00,2.5,2.5,2.39,2.41,1821397,,,,,,,,,,,,,,,,,,,,,,,,,,,,,,,2.7305593732518942,2.868182644211659,2.9106350338723566,2.970611272200163,2.990642218702767,3.053334327979908,,,,,,,,,,,2.7305593732518942,3.053334327979908,2.9206608117031245,,"rgba(255, 0, 0, 1.0)",0.2580507667072481,2.939216307702244,-1.702053876090683,39.913146257589815,-12.973349582793254,False,True,False,True,False,0.0,0.0,0.0,0.0,0.0,1,0.9069780754479362,1.0415020894155358,False,False,False,False,-0.33942783486999656,-0.335776591405501,False,False,False,False,24866346,29576140.60051659,False,False,False,False,1645637.2331897342,False,False,False,False
2023-01-23 00:00:00+00:00,2.52,2.54,2.49,2.5,1336165,,,,,,,,,,,,,,,,,,,,,,,,,,,,,,,2.7252688702948173,2.863457058538594,2.9068969044675206,2.967752569742209,2.9886749790963623,3.0515099313479657,,,,,,,,,,,2.7252688702948173,3.0515099313479657,2.9172600522479115,,"rgba(255, 0, 0, 1.0)",0.2603499377570321,2.937651053897251,-1.604191103310414,41.762217757918044,-11.99813240637171,False,True,False,True,True,0.0,0.0,0.0,0.0,0.0,1,0.9264875461254611,1.0144142066420663,False,False,False,False,-0.2925687877626358,-0.3141726895840684,False,False,False,False,26202511,29443841.400496334,False,False,False,False,1633501.0671822936,False,False,False,False
2023-01-24 00:00:00+00:00,2.45,2.52,2.44,2.51,1119820,,,,,,,,,,,,,,,,,,,,,,,,,,,,,,,2.720084735350859,2.859073464659553,2.90345007190948,2.9651393156695574,2.9868770329398937,3.049857880054719,,,,,,,,,,,2.720084735350859,3.049857880054719,2.91408041676401,,"rgba(255, 0, 0, 1.0)",0.26411695471091234,2.934732012288774,-1.8352930534858478,41.16608457076232,-11.99813240637171,False,True,False,True,True,0.0,0.0,0.0,0.0,0.0,1,0.9240054949872853,1.0226522082249436,False,False,False,False,-0.31583045993750797,-0.31500157476078816,False,False,False,False,25082691,29272815.894594517,False,False,False,False,1613356.7116065174,False,False,False,False
2023-01-25 00:00:00+00:00,2.45,2.47,2.39,2.43,1633415,,,,,,,,,,,,,,,,,,,,,,,,,,,,,,,2.7119306336178766,2.8523186850383375,2.898139567888786,2.9611230189103988,2.9841090201191403,3.0473273316029794,,,,,,,,,,,2.7119306336178766,3.0473273316029794,2.90915804286292,,"rgba(255, 0, 0, 1.0)",0.26101962233373105,2.9298769881954874,-1.838470931437991,40.768662445991836,-11.99813240637171,False,True,False,True,True,0.0,0.0,0.0,0.0,0.0,1,0.905081125975143,1.0511672055290242,False,False,False,False,-0.34282825441539394,-0.3289149145880911,False,False,False,False,25082691,29108497.271277085,False,False,False,False,1614143.3111513602,False,False,False,False
2023-01-26 00:00:00+00:00,2.43,2.5101,2.41,2.46,1825148,,,,,,,,,,,,,,,,,,,,,,,,,,,,,,,2.7037734675517884,2.8452567374915567,2.892514641915724,2.956819442392162,2.981123574276207,3.0445856918564873,,,,,,,,,,,2.7037734675517884,3.0445856918564873,2.9040122592473208,,"rgba(255, 0, 0, 1.0)",0.26512788007449,2.925255541748033,-1.8679874089774582,39.97002933554301,-11.99813240637171,False,True,False,True,True,0.0,0.0,0.0,0.0,0.0,1,0.898077823244296,1.0701979555166323,False,False,False,False,-0.32268721668567146,-0.32580106563688127,False,False,False,False,23257543,28879048.08416818,False,False,False,False,1622418.004831699,False,False,False,False
2023-01-27 00:00:00+00:00,2.49,2.5,2.41,2.43,1754738,,,,,,,,,,,,,,,,,,,,,,,,,,,,,,,2.6968797655273753,2.838973187060712,2.8874366180575066,2.9528832494912525,2.978373516522203,3.042046525900654,,,,,,,,,,,2.6968797655273753,3.042046525900654,2.8994321437599506,,"rgba(255, 0, 0, 1.0)",0.2678386632836079,2.9213555057428873,-1.610504997503423,41.835794094814304,-11.746965116915042,False,False,False,True,True,0.0,0.0,0.0,0.0,0.0,1,0.88240145394566,1.07865357301037,False,False,False,False,-0.3260539435585958,-0.32592750459773856,False,False,False,False,25012281,28727410.15929884,False,False,False,False,1627607.0242500636,False,False,False,False
2023-01-30 00:00:00+00:00,2.44,2.5099,2.42,2.46,1677586,,,,,,,,,,,,,,,,,,,,,,,,,,,,,,,2.690382493245208,2.8330011718895696,2.8825807303960693,2.949102339639355,2.9757207086947477,3.0395978083318864,,,,,,,,,,,2.690382493245208,3.0395978083318864,2.895064208699473,,"rgba(255, 0, 0, 1.0)",0.2711834590613314,2.917532373923484,-1.760919989649828,41.611313152247135,-11.746965116915042,False,False,False,True,True,0.0,0.0,0.0,0.0,0.0,1,0.8728343301066648,1.0878753314014429,False,False,False,False,-0.31942723790630206,-0.32267737125202034,False,False,False,False,23334695,28515931.133443985,False,False,False,False,1629566.9840833945,False,False,False,False
2023-01-31 00:00:00+00:00,2.52,2.53,2.44,2.44,1876543,,,,,,,,,,,,,,,,,,,,,,,,,,,,,,,2.6846943612110983,2.8272256135346807,2.877775520195439,2.9452790180413984,2.973011473764039,3.0370692826911,,,,,,,,,,,2.6846943612110983,3.0370692826911,2.890842544906293,,"rgba(239, 83, 80, 1.0)",0.27324542642661637,2.9141127220970766,-1.4423396843310778,44.31332847220776,-9.253850221184429,False,False,False,True,True,0.0,0.0,0.0,0.0,0.0,1,0.8924831712789827,1.0716778858140117,False,False,False,False,-0.30615527261723113,-0.31441632193462576,False,False,False,False,25211238,28386335.32428932,False,False,False,False,1639252.3180409085,False,False,False,False
2023-02-01 00:00:00+00:00,2.51,2.545,2.45,2.5,2248063,,,,,,,,,,,,,,,,,,,,,,,,,,,,,,,2.6784748412990553,2.8206632758361607,2.872247687186666,2.9408330834476923,2.9698395817031846,3.0340987333513327,,,,,,,,,,,2.6784748412990553,3.0340987333513327,2.8860262004706816,,"rgba(239, 83, 80, 1.0)",0.275540419035979,2.910146415697941,-1.4522240225151568,45.78984091639815,-7.849317117758972,False,False,False,False,True,0.0,0.0,0.0,0.0,0.0,1,0.898794880577959,1.0537165633855445,False,False,False,False,-0.2979338755679093,-0.3061750987512675,False,False,False,False,22963175,28173662.370395623,False,False,False,False,1663127.2467451866,False,False,False,False
2023-02-02 00:00:00+00:00,2.58,2.61,2.5,2.51,2796517,,,,,,,,,,,,,,,,,,,,,,,,,,,,,,2.5633333333333335,2.6738050224512633,2.8143686099770204,2.8667011760748453,2.9361846765425663,2.966464879589913,3.030871854459842,,,,,,,,,,,2.6738050224512633,3.030871854459842,2.835961364632684,,"rgba(239, 83, 80, 1.0)",0.27685219004937545,2.8876343976352796,-1.1111864333831503,49.014695869554494,-4.842098007503601,True,False,False,False,True,0.0,0.0,0.0,0.0,0.0,1,0.8958596314062104,1.068637970209543,False,False,False,False,-0.26059623724651293,-0.2833856679988902,False,False,False,False,25759692,28078996.865674227,False,False,False,False,1707573.9037355715,False,False,False,False
2023-02-03 00:00:00+00:00,2.49,2.57,2.49,2.53,1531228,,,,,,,,,,,,,,,,,,,,,,,,,,,,,,2.5468218922325603,2.6703912555812077,2.810433941274844,2.8632934372819303,2.9333750917173114,2.96442953152403,3.028949161022263,,,,,,,,,,,2.6703912555812077,3.028949161022263,2.831099187233449,,"rgba(239, 83, 80, 1.0)",0.27893762420691576,2.8843648031237867,-1.4138100023080677,48.2722041117222,-4.842098007503601,True,False,False,False,True,0.0,0.0,0.0,0.0,0.0,1,0.8848144407977783,1.0757384498863922,False,False,False,False,-0.2767370910239052,-0.2800613795113977,False,False,False,False,24228464,27927995.576824255,False,False,False,False,1700658.3780988825,False,False,False,False
2023-02-06 00:00:00+00:00,2.43,2.51,2.42,2.48,1048116,,,,,,,,,,,,,,,,,,,,,,,,,,,,,,2.5285946995281314,2.6672108228002345,2.8072322808997474,2.8605796109789665,2.931184538977996,2.962851375204299,3.027479674252926,,,,,,,,,,,2.6672108228002345,3.027479674252926,2.826447571806043,,"rgba(255, 0, 0, 1.0)",0.2817217335157788,2.881269027392846,-1.6018253961495337,46.172104896628944,-4.842098007503601,False,False,False,False,False,0.0,0.0,0.0,0.0,0.0,1,0.8810212875426072,1.0961476622290822,False,False,False,False,-0.31939400674964985,-0.2997276931305238,False,False,False,False,23180348,27741813.318909578,False,False,False,False,1675068.4809185343,False,False,False,False
2023-02-07 00:00:00+00:00,2.45,2.45,2.38,2.43,1530493,,,,,,,,,,,,,,,,,,,,,,,,,,,,,,2.506006783994372,2.662171951865781,2.80231429454892,2.856425413154572,2.9278449811830516,2.960444630604886,3.025248269700105,,,,,,,,,,,2.662171951865781,3.025248269700105,2.8200651892930977,,"rgba(255, 0, 0, 1.0)",0.28445915174064856,2.8767444321843327,-1.5001958262654544,45.475432497524,-4.842098007503601,False,False,False,True,False,0.0,0.0,0.0,0.0,0.0,1,0.8711672249420251,1.0885725328523574,False,False,False,False,-0.34282825441539394,-0.32127797377295886,False,False,False,False,24710841,27622951.659344494,False,False,False,False,1669398.8542158466,False,False,False,False
2023-02-08 00:00:00+00:00,2.39,2.47,2.38,2.43,1508859,,,,,,,,,,,,,,,,,,,,,,,,,,,,,,2.489390309748151,2.65713699268582,2.797420954529148,2.85228240287585,2.92450918087758,2.9580342203056915,3.0230159309535605,,,,,,,,,,,2.65713699268582,3.0230159309535605,2.8145414274251146,,"rgba(255, 0, 0, 1.0)",0.2880604916451528,2.872543460627401,-1.6751462787261426,43.43657816410091,-2.3391593430890154,False,False,False,True,False,0.0,0.0,0.0,0.0,0.0,1,0.8679464055655757,1.0901829425405822,False,False,False,False,-0.33618724026857977,-0.32873260702076934,False,False,False,False,23201982,27449580.300154515,False,False,False,False,1663103.1736583626,False,False,False,False
2023-02-09 00:00:00+00:00,2.33,2.4,2.28,2.39,2572197,,,,,,,,,,,,,,,,,,,,,,,,,,,,,,2.4536370888741446,2.6464515156479935,2.7877473822816063,2.84419263864074,2.9180830777815183,2.953402206585044,3.0187738666581625,,,,,,,,,,,2.6464515156479935,3.0187738666581625,2.8031839680670294,,"rgba(255, 0, 0, 1.0)",0.2922274197690305,2.863858070112377,-1.826858241209279,40.69408689513056,-4.912920317594143,False,True,False,True,False,0.0,0.0,0.0,0.0,0.0,1,0.8572506809306597,1.1189577658911165,False,False,False,False,-0.34282825441539394,-0.3357804307180816,False,False,False,False,20629785,27182137.34720728,False,False,False,False,1698753.91194627,False,False,False,False
2023-02-10 00:00:00+00:00,2.27,2.32,2.24,2.31,1967612,,,,,,,,,,,,,,,,,,,,,,,,,,,,,,2.4267587766350376,2.6372543870011436,2.779669030608236,2.8374621063805323,2.9127638886719023,2.9495650810689646,3.0152817761045636,,,,,,,,,,,2.6372543870011436,3.0152817761045636,2.794107863781483,,"rgba(255, 0, 0, 1.0)",0.29739105810605965,2.856702703682872,-1.972832362275109,37.646062572127356,-7.711796375503873,False,True,False,True,False,0.0,0.0,0.0,0.0,0.0,1,0.8495404441827756,1.1030320871357078,False,False,False,False,-0.34282825441539394,-0.3393043425667378,False,False,False,False,18662173,26848021.098297194,False,False,False,False,1709297.3663797495,False,False,False,False
2023-02-13 00:00:00+00:00,2.29,2.3,2.24,2.25,1714622,,,,,,,,,,,,,,,,,,,,,,,,,,,,,,2.4092156628568033,2.6296049263083408,2.7728347778153206,2.831725806376593,2.908200046649818,2.9462566287159393,3.0122653774364396,,,,,,,,,,,2.6296049263083408,3.0122653774364396,2.7871576037370365,,"rgba(255, 0, 0, 1.0)",0.29906412581811215,2.850965630386413,-1.8757369472244443,36.451575912889986,-8.762671213833464,False,True,False,True,False,0.0,0.0,0.0,0.0,0.0,0,0.8450486331693025,1.1152054771975441,False,False,False,False,-0.34282825441539394,-0.34106629849106584,False,False,False,False,20376795,26594247.52581495,False,False,False,False,1709506.175541328,False,False,False,False
2023-02-14 00:00:00+00:00,2.3,2.3,2.22,2.25,1872076,,,,,,,,,,,,,,,,,,,,,,,,,,,,,,2.393837452614762,2.621539788614492,2.7655331855797027,2.825558455925586,2.903265401753811,2.942663515739615,3.0089851951790907,,,,,,,,,,,2.621539788614492,3.0089851951790907,2.7801975707724367,,"rgba(255, 0, 0, 1.0)",0.30060647406909335,2.8450375840624353,-1.8131265660537987,36.09020285332794,-9.127137000392622,False,True,False,True,False,0.0,0.0,0.0,0.0,0.0,0,0.8245936419371541,1.141995623193732,False,False,False,False,-0.34282825441539394,-0.34194727645322986,False,False,False,False,22248871,26423840.603233974,False,False,False,False,1715881.4627750015,False,False,False,False
2023-02-15 00:00:00+00:00,2.35,2.36,2.26,2.27,1822477,,,,,,,,,,,,,,,,,,,,,,,,,,,,,,2.386840569723794,2.615109666316781,2.7593287633549175,2.820215871582663,2.8989101305159615,2.9394608288619692,3.006034917010406,,,,,,,,,,,2.615109666316781,3.006034917010406,2.7751286781952134,,"rgba(255, 0, 0, 1.0)",0.3014715859199957,2.840401170219139,-1.6266911812686766,37.964010721832835,-9.127137000392622,False,True,False,True,False,0.0,0.0,0.0,0.0,0.0,0,0.8218682873159742,1.1781317126840258,False,False,False,False,-0.31388984470085013,-0.32791856057704,False,False,False,False,24071348,26331585.991342448,False,False,False,False,1720061.6799210801,False,False,False,False
2023-02-16 00:00:00+00:00,2.3,2.36,2.28,2.32,1621866,,,,,,,,,,,,,,,,,,,,,,,,,,,,,,2.380875468570273,2.609427872062411,2.7538285834516505,2.8154622880254894,2.895022526772147,2.9365925994013096,3.003392517017827,,,,,,,,,,,2.609427872062411,3.003392517017827,2.7706574079001576,,"rgba(255, 0, 0, 1.0)",0.302753132864814,2.836290284936457,-1.7713781517693585,37.858267364443414,-9.127137000392622,False,True,False,True,False,0.0,0.0,0.0,0.0,0.0,0,0.7709154854524135,1.2000071050481367,False,False,False,False,-0.2990030522325266,-0.3134608064047833,False,False,False,False,22449482,26179346.619132943,False,False,False,False,1716210.868943783,False,False,False,False
2023-02-17 00:00:00+00:00,2.3,2.3,2.24,2.29,1553419,,,,,,,,,,,,,,,,,,,,,,,,,,,,,,2.373600369312502,2.6035924489880067,2.7482971002477825,2.8106954237382693,2.8911364625736695,2.933724333494465,3.0007591210327615,,,,,,,,,,,2.6035924489880067,3.0007591210327615,2.765972179912494,,"rgba(255, 0, 0, 1.0)",0.29886313116738134,2.832052650196022,-1.7802552229101842,37.787771792850464,-9.127137000392622,False,True,False,True,False,0.0,0.0,0.0,0.0,0.0,0,0.8253291873008556,1.2053821643825098,False,False,False,False,-0.3324318721346873,-0.32294633926973526,False,False,False,False,22449482,26033077.41838263,False,False,False,False,1709826.8740832424,False,False,False,False
2023-02-21 00:00:00+00:00,2.19,2.27,2.18,2.25,1276071,,,,,,,,,,,,,,,,,,,,,,,,,,,,,,2.364636654215657,2.597995165168135,2.743215669503291,2.806358683761487,2.88763652426925,2.9311484734188706,2.9984114283661545,,,,,,,,,,,2.597995165168135,2.9984114283661545,2.7613432283861203,,"rgba(255, 26, 202, 1.0)",0.29865614926784234,2.827992077444994,-2.1362094134309175,35.1559402135508,-10.396015259350143,False,True,False,True,False,0.0,0.0,0.0,0.0,0.0,0,0.8317149599597661,1.1199272699137295,False,False,False,False,-0.34282825441539394,-0.3328872968425646,False,False,False,False,21173411,25842502.264720567,False,False,False,False,1692816.8398054682,False,False,False,False
2023-02-22 00:00:00+00:00,2.17,2.205,2.13,2.19,2045613,,,,,,,,,,,,,,,,,,,,,,,,,,,,,,2.3484845306531477,2.588338491983732,2.734593309631451,2.7990188333720307,2.881731287505094,2.9268009725129884,2.9944629619908016,,,,,,,,,,,2.588338491983732,2.9944629619908016,2.7533471982356064,,"rgba(255, 26, 202, 1.0)",0.3030877136443547,2.8210197079753025,-2.1479580948609938,33.00714521279871,-12.520530542899728,False,True,False,True,False,0.0,0.0,0.0,0.0,0.0,0,0.8413258110014101,1.1087212035731075,False,False,False,False,-0.34282825441539394,-0.33785777562897923,False,False,False,False,19127798,25579180.528849173,False,False,False,False,1706651.9833425088,False,False,False,False
2023-02-23 00:00:00+00:00,2.19,2.2,2.11,2.18,1379095,,,,,,,,,,,,,,,,,,,,,,,,,,,,,,2.338928828934539,2.582044662773798,2.728908174477053,2.7941522548242346,2.877795385699717,2.923891488817527,2.9918168197590784,,,,,,,,,,,2.582044662773798,2.9918168197590784,2.7482196593265633,,"rgba(255, 26, 202, 1.0)",0.30529843618193553,2.816485551027897,-2.0520431053061725,32.565731134686175,-13.032530428787297,False,True,False,True,False,0.0,0.0,0.0,0.0,0.0,0,0.823929730157474,1.122655693598164,False,False,False,False,-0.34282825441539394,-0.34034301502218656,False,False,False,False,20506893,25380267.292423718,False,False,False,False,1693806.611446724,False,False,False,False
2023-02-24 00:00:00+00:00,2.1,2.17,2.09,2.14,1324721,,,,,,,,,,,,,,,,,,,,,,,,,,,,,,2.328407522691894,2.5755137764718996,2.7231088886137393,2.7892051146609416,2.8738098106967183,2.9209466642433313,2.989148034102328,,,,,,,,,,,2.5755137764718996,2.989148034102328,2.742877115925836,,"rgba(255, 26, 202, 1.0)",0.30874345745703297,2.811800502851033,-2.305475583883725,30.46422617820863,-15.130198406416781,False,True,False,True,False,0.0,0.0,0.0,0.0,0.0,0,0.8157333811430503,1.123488515707484,False,False,False,False,-0.34282825441539394,-0.3415856347187902,False,False,False,False,19182172,25137204.731936514,False,False,False,False,1679332.6658997939,False,False,False,False
2023-02-27 00:00:00+00:00,2.1,2.12,2.07,2.1,1971662,,,,,,,,,,,,,,,,,,,,,,,,,,,,,,2.312938106475468,2.5656475439783586,2.7143530293794838,2.7817228944174857,2.867773637336394,2.916476912677695,2.985100211745068,,,,,,,,,,,2.5656475439783586,2.985100211745068,2.7348589051442787,,"rgba(255, 26, 202, 1.0)",0.3151322902534117,2.80474153804654,-2.2363355322294214,29.06322287389027,-16.53416396160231,False,True,False,True,False,0.0,0.0,0.0,0.0,0.0,0,0.8082434689375035,1.1525804655766096,False,False,False,False,-0.34282825441539394,-0.3422069445670921,False,False,False,False,19182172,24903674.03656646,False,False,False,False,1690796.561354704,False,False,False,False
2023-02-28 00:00:00+00:00,2.17,2.2,1.97,2.06,5952070,,,,,,,,,,,,,,,,,,,,,,,,,,,,,,2.279460940126862,2.5391610792904307,2.690020158952304,2.76061167885288,2.850489187248308,2.90354134136952,2.973325444848919,,,,,,,,,,,2.5391610792904307,2.973325444848919,2.7138014043841747,,"rgba(255, 0, 0, 1.0)",0.31973339118934957,2.7856520066587342,-1.9255167699833344,31.538602043422905,-16.53416396160231,False,True,False,True,True,0.0,0.0,0.0,0.0,0.0,0,0.8032088997771037,1.098395550111448,False,False,False,False,-0.34282825441539394,-0.34251759949124305,False,False,False,False,25134242,24912715.917485423,False,False,False,False,1857905.3236545194,False,False,False,False
2023-03-01 00:00:00+00:00,2.12,2.2,2.11,2.15,2348256,,,,,,,,,,,,,,,,,,,,,,,,,,,,,,2.2710125239503407,2.530222917530628,2.681425303819953,2.7530143026608087,2.844154642701386,2.89874122956289,2.9689260270747,,,,,,,,,,,2.530222917530628,2.9689260270747,2.7067852781858157,,"rgba(255, 26, 202, 1.0)",0.3252412548768592,2.7790815017871413,-2.026438810896479,31.993532689867067,-16.53416396160231,False,True,False,True,True,0.0,0.0,0.0,0.0,0.0,0,0.8318284650343346,1.093094956855993,False,False,False,False,-0.27424198287069207,-0.3083797911809676,False,False,False,False,22785986,24829314.7442507,False,False,False,False,1877134.7619425773,False,False,False,False
2023-03-02 00:00:00+00:00,2.08,2.11,2.07,2.09,2417352,,,,,,,,,,,,,,,,,,,,,,,,,,,,,,2.259942189023413,2.520146518742812,2.671952846098017,2.744677299717865,2.8372334009391458,2.8934968333568283,2.9641380873509684,,,,,,,,,,,2.520146518742812,2.9641380873509684,2.6987981678898647,,"rgba(255, 26, 202, 1.0)",0.3302724510035496,2.7717073525032547,-2.0943537688398375,31.423808637664063,-16.53416396160231,False,True,False,True,True,0.0,0.0,0.0,0.0,0.0,0,0.8183616218288963,1.1150376395083654,False,False,False,False,-0.33739195971813873,-0.32288587544955316,False,False,False,False,20368634,24654386.08761342,False,False,False,False,1898319.7516703194,False,False,False,False
2023-03-03 00:00:00+00:00,2.12,2.14,2.08,2.1,1876482,,,,,,,,,,,,,,,,,,,,,,,,,,,,,,2.253412314142719,2.5130969202161646,2.6651309322141703,2.73860459630059,2.8321351413414035,2.889605324594646,2.960568967582235,,,,,,,,,,,2.5130969202161646,2.960568967582235,2.6932220280559895,,"rgba(255, 0, 0, 1.0)",0.3316394981855402,2.7664650165918996,-1.9493004305241888,32.914889226476795,-16.53416396160231,False,True,False,True,True,0.0,0.0,0.0,0.0,0.0,0,0.8411670045350996,1.1149449309285457,False,False,False,False,-0.31251931819314493,-0.31770259682134905,False,False,False,False,22245116,24559904.907707013,False,False,False,False,1897463.3692518757,False,False,False,False
2023-03-06 00:00:00+00:00,2.07,2.125,2.06,2.11,1714726,,,,,,,,,,,,,,,,,,,,,,,,,,,,,,2.246825987696655,2.5064236516979914,2.6587284723534927,2.732909764620715,2.827357574163737,2.8859545034059826,2.9572253987133683,,,,,,,,,,,2.5064236516979914,2.9572253987133683,2.687917907521706,,"rgba(255, 26, 202, 1.0)",0.3340872734874923,2.761504854174686,-2.0698329719541833,32.71637076988124,-16.53416396160231,False,True,False,True,True,0.0,0.0,0.0,0.0,0.0,0,0.8407609503386482,1.0944818361324016,False,False,False,False,-0.33276159030616,-0.3252320935637545,False,False,False,False,20530390,24401884.715247914,False,False,False,False,1890297.1979086648,False,False,False,False
2023-03-07 00:00:00+00:00,2.06,2.1,1.99,2.04,3513144,,,,,,,,,,,,,,,,,,,,,,,,,,,,,,2.2322251135733513,2.492297867704478,2.64526877900644,2.720932819771401,2.8173050091536314,2.8782548203126774,2.9501824959156884,,,,,,,,,,,2.492297867704478,2.9501824959156884,2.676638129348238,,"rgba(255, 26, 202, 1.0)",0.33532692129345104,2.750996135568984,-2.060664061518281,32.352876504610975,-16.53416396160231,False,True,False,True,True,0.0,0.0,0.0,0.0,0.0,0,0.8343913883521941,1.0849274931527209,False,False,False,False,-0.34282825441539394,-0.33403017398957424,False,False,False,False,17017246,24112291.040140156,False,False,False,False,1953938.2489710702,False,False,False,False
2023-03-08 00:00:00+00:00,1.96,2.06,1.91,2.05,3758499,,,,,,,,,,,,,,,,,,,,,,,,,,,,,,2.21343463454705,2.4757723371585003,2.629818226797014,2.70722538020412,2.8058336065714786,2.869457339245242,2.9421637592373386,,,,,,,,,,,2.4757723371585003,2.9421637592373386,2.6633864691086777,,"rgba(255, 26, 202, 1.0)",0.34035868732270697,2.738769760361562,-2.2880854503448624,30.097564633523923,-16.53416396160231,False,True,False,True,False,0.0,0.0,0.0,0.0,0.0,0,0.8315642280556789,1.091103625076802,False,False,False,False,-0.34282825441539394,-0.33842921420248406,False,False,False,False,13258747,23686661.862095445,False,False,False,False,2024705.3372467144,False,False,False,False
2023-03-09 00:00:00+00:00,1.96,2.0,1.93,1.98,2712559,,,,,,,,,,,,,,,,,,,,,,,,,,,,,,2.2008316638408427,2.4641874391449234,2.6188850102900028,2.697467216628129,2.797617124973494,2.863120760753696,2.9363793227644512,,,,,,,,,,,2.4641874391449234,2.9363793227644512,2.6540697911993627,,"rgba(255, 26, 202, 1.0)",0.34480536355854285,2.7301216897969276,-2.2334968396342023,28.594023386132555,-17.517994087060828,False,True,False,True,False,0.0,0.0,0.0,0.0,0.0,0,0.8458211096597356,1.0995738666780874,False,False,False,False,-0.34282825441539394,-0.34062873430893903,False,False,False,False,13258747,23277724.024366215,False,False,False,False,2051679.99068802,False,False,False,False
2023-03-10 00:00:00+00:00,1.93,1.96,1.9,1.95,2129710,,,,,,,,,,,,,,,,,,,,,,,,,,,,,,2.190524325486781,2.4548711277299926,2.6101253377819194,2.689643568305801,2.79102428530203,2.858025477187843,2.931731535747789,,,,,,,,,,,2.4548711277299926,2.931731535747789,2.646563665363165,,"rgba(255, 26, 202, 1.0)",0.3461707124558089,2.723163827659451,-2.2912505279045066,27.038800593934592,-19.06505453266915,False,True,False,True,False,0.0,0.0,0.0,0.0,0.0,0,0.847308544269769,1.0967762747585967,False,False,False,False,-0.34282825441539394,-0.34172849436216646,False,False,False,False,11129037,22801304.92537146,False,False,False,False,2054739.9910531957,False,False,False,False
2023-03-13 00:00:00+00:00,1.96,1.99,1.9,1.9,1500042,,,,,,,,,,,,,,,,,,,,,,,,,,,,,,2.184245177726738,2.4487446407288433,2.604265600156131,2.6843706897203146,2.7865469700094647,2.854546557677598,2.9285484393510197,,,,,,,,,,,2.4487446407288433,2.9285484393510197,2.6416097250528727,,"rgba(255, 26, 202, 1.0)",0.3465621117452071,2.718528501193981,-2.188723104710454,27.689708586618398,-19.06505453266915,False,True,False,True,False,0.0,0.0,0.0,0.0,0.0,0,0.8514499773945615,1.0893453034510967,False,False,False,False,-0.325154299243149,-0.3334413968026577,False,False,False,False,12629079,22402394.10476866,False,False,False,False,2032987.1286589527,False,False,False,False
2023-03-14 00:00:00+00:00,1.99,1.995,1.94,1.95,767145,,,,,,,,,,,,,,,,,,,,,,,,,,,,,,2.1814883395819917,2.4458227600960973,2.6014218417381128,2.6817938223233773,2.784343454861074,2.8528265550870917,2.9269699040177666,,,,,,,,,,,2.4458227600960973,2.9269699040177666,2.639238096815073,,"rgba(255, 26, 202, 1.0)",0.3469385801238866,2.7162888744660947,-2.0934220524184646,29.73835925814524,-19.06505453266915,False,True,False,True,True,0.0,0.0,0.0,0.0,0.0,0,0.8562131073104281,1.087569460961318,False,False,False,False,-0.29900305482735323,-0.3162222258150055,False,False,False,False,13396224,22049210.963405184,False,False,False,False,1983346.2608684055,False,False,False,False
2023-03-15 00:00:00+00:00,1.94,1.985,1.91,1.95,943759,,,,,,,,,,,,,,,,,,,,,,,,,,,,,,2.1777163852916877,2.4420513559852597,2.597792586022937,2.6785157996663314,2.7815491262516607,2.850647775789277,2.9249741371460947,,,,,,,,,,,2.4420513559852597,2.9249741371460947,2.636178166593321,,"rgba(255, 26, 202, 1.0)",0.34714391957933094,2.713416077246654,-2.227940728974541,29.8503442960397,-19.06505453266915,False,True,False,True,True,0.0,0.0,0.0,0.0,0.0,0,0.8463170198489143,1.093075607697136,False,False,False,False,-0.3222278931817957,-0.3192250594984006,False,False,False,False,12452465,21672867.984448116,False,False,False,False,1942578.1329912131,False,False,False,False
2023-03-16 00:00:00+00:00,2.02,2.04,1.89,1.93,1971417,,,,,,,,,,,,,,,,,,,,,,,,,,,,,,2.1714488232996496,2.434947341984703,2.5907770959552296,2.672114551530386,2.776036409184825,2.846321317732173,2.9209933001282904,,,,,,,,,,,2.434947341984703,2.9209933001282904,2.6303769771164656,,"rgba(255, 26, 202, 1.0)",0.34365811630296317,2.707896377086112,-2.0016881442709016,33.739104628553406,-20.226409224723202,False,True,False,True,True,0.0,0.0,0.0,0.0,0.0,0,0.841249271042571,1.0939545130564376,False,False,False,False,-0.30188861991502025,-0.31055683970671044,False,False,False,False,14423882,21388594.024273682,False,False,False,False,1943709.068952342,False,False,False,False
2023-03-17 00:00:00+00:00,1.95,2.02,1.93,2.02,1407310,,,,,,,,,,,,,,,,,,,,,,,,,,,,,,2.1668413723892543,2.4298269805126154,2.585731501538697,2.667507779731898,2.7720657028454556,2.8432000168105334,2.918121932642148,,,,,,,,,,,2.4298269805126154,2.918121932642148,2.626185040924372,,"rgba(255, 26, 202, 1.0)",0.34366923129739235,2.703912581727201,-2.1937156808629363,34.44857855789529,-19.580323667421478,False,True,False,True,True,0.0,0.0,0.0,0.0,0.0,0,0.8448990216707517,1.096531378121,False,False,False,False,-0.29037508854834,-0.30046596412752524,False,False,False,False,13016572,21060279.43508648,False,False,False,False,1922673.811346368,False,False,False,False
2023-03-20 00:00:00+00:00,1.87,1.9436,1.85,1.94,1287098,,,,,,,,,,,,,,,,,,,,,,,,,,,,,,2.1612165433320216,2.4244608383004493,2.580609440571613,2.662879045506779,2.7681161455088836,2.840109770367617,2.9152946776627484,,,,,,,,,,,2.4244608383004493,2.9152946776627484,2.6218123516071588,,"rgba(255, 26, 202, 1.0)",0.34437398484996135,2.657088317254613,-2.2855626495640657,33.17516099357604,-19.580323667421478,False,True,False,True,True,0.0,0.0,0.0,0.0,0.0,0,0.8388225830996325,1.109784995325985,False,False,False,False,-0.34282825441539394,-0.32164710927145956,False,False,False,False,11729474,20694365.49645564,False,False,False,False,1897749.2697249416,False,False,False,False
2023-03-21 00:00:00+00:00,1.94,1.97,1.87,1.87,1472249,,,,,,,,,,,,,,,,,,,,,,,,,,,,,,2.1559290842372,2.418886117562163,2.5751650163641684,2.6579131116308514,2.763838717006861,2.8367424426637413,2.9122010959774474,,,,,,,,,,,2.418886117562163,2.9122010959774474,2.6172393693489187,,"rgba(255, 26, 202, 1.0)",0.34091012263016135,2.6540786035109427,-2.0946242311661005,35.17654155969131,-18.970934899535752,False,True,False,True,True,0.0,0.0,0.0,0.0,0.0,0,0.8458471472837981,1.1069578972458773,False,False,False,False,-0.3169390281561066,-0.31929306871378305,False,False,False,False,13201723,20400536.378947575,False,False,False,False,1881062.984637689,False,False,False,False
2023-03-22 00:00:00+00:00,1.89,1.97,1.89,1.92,1917234,,,,,,,,,,,,,,,,,,,,,,,,,,,,,,2.1491054725948837,2.411667187748394,2.5681022065211643,2.651458708089828,2.75826744075417,2.8323466071177332,2.9081608046463607,,,,,,,,,,,2.411667187748394,2.9081608046463607,2.611301203924648,,"rgba(255, 26, 202, 1.0)",0.33310940225978886,2.648925113066647,-2.2783058896511377,35.35764332232981,-18.745516126199668,False,False,False,True,True,0.0,0.0,0.0,0.0,0.0,0,0.8463493176192248,1.1201778790334946,False,False,False,False,-0.305907256854506,-0.3126001627841445,False,False,False,False,11284489,20043044.3248712,False,False,False,False,1882481.455828368,False,False,False,False
2023-03-23 00:00:00+00:00,1.93,1.95,1.89,1.92,1062676,,,,,,,,,,,,,,,,,,,,,,,,,,,,,,2.1455920979626417,2.4078072928492507,2.5642917376387713,2.6479613959895474,2.7552350800450456,2.8299457558541965,2.9059504270875474,,,,,,,,,,,2.4078072928492507,2.9059504270875474,2.608111969632428,,"rgba(255, 26, 202, 1.0)",0.31516402136087845,2.646162175527684,-2.2723474984082737,37.02324309450778,-17.07396398181516,False,False,False,True,True,0.0,0.0,0.0,0.0,0.0,0,0.856041017481049,1.1079802868571678,False,False,False,False,-0.3169390281561066,-0.3147695954701255,False,False,False,False,12347165,19741245.135660566,False,False,False,False,1850332.2222664712,False,False,False,False
2023-03-24 00:00:00+00:00,1.94,1.945,1.88,1.91,734372,,,,,,,,,,,,,,,,,,,,,,,,,,,,,,2.1432096286879965,2.405166283021432,2.5616779084951826,2.6455585983434395,2.753148204708689,2.828290985878344,2.9044261329428127,,,,,,,,,,,2.405166283021432,2.9044261329428127,2.6059253917254135,,"rgba(255, 26, 202, 1.0)",0.2924793054972334,2.644234655866424,-2.407810202739576,38.52018592011783,-15.583821492186878,False,False,False,True,True,0.0,0.0,0.0,0.0,0.0,0,0.8531746031746031,1.104992462534362,False,False,False,False,-0.32526199644462783,-0.32001579595737667,False,False,False,False,13081537,19480080.1107327,False,False,False,False,1806569.076295237,False,False,False,False
2023-03-27 00:00:00+00:00,1.96,1.98,1.915,1.94,1036670,,,,,,,,,,,,,,,,,,,,,,,,,,,,,,2.1403753651522117,2.4017149124206245,2.5581953749070667,2.6423330981320268,2.7503256584812728,2.8260422380690744,2.902347835162215,,,,,,,,,,,2.4017149124206245,2.902347835162215,2.6030477831892127,,"rgba(255, 26, 202, 1.0)",0.28651229868418754,2.6418806577292897,-2.379935035462135,40.31780569598926,-13.826725613950288,True,False,False,True,True,0.0,0.0,0.0,0.0,0.0,0,0.8610397222597952,1.1101492402723294,False,False,False,False,-0.28677231795432734,-0.303394056955852,False,False,False,False,14118207,19269810.57697848,False,False,False,False,1776376.9556562083,False,False,False,False
2023-03-28 00:00:00+00:00,1.9,1.95,1.8601,1.932,1250014,,,,,,,,,,,,,,,,,,,,,,,,,,,,,,2.1362207365212162,2.3971832795944397,2.553718446447047,2.6382142398670614,2.746744331437104,2.823197060730946,2.8997271470357164,,,,,,,,,,,2.3971832795944397,2.8997271470357164,2.5992864630905044,,"rgba(255, 26, 202, 1.0)",0.28495784420326586,2.6383646310806403,-2.591136359643256,39.771091948978196,-13.826725613950288,True,False,False,True,True,0.0,0.0,0.0,0.0,0.0,1,0.8354736229808939,1.1115486151505658,False,False,False,False,-0.33357280650960497,-0.3184834317327285,False,False,False,False,12868193,19018766.7504303,False,False,False,False,1755735.2711206707,False,False,False,False
2023-03-29 00:00:00+00:00,1.92,1.96,1.89,1.91,1197841,,,,,,,,,,,,,,,,,,,,,,,,,,,,,,2.132703775209076,2.3930899288091294,2.549615397340169,2.634416224968306,2.7434213618352175,2.8205458762321354,2.897278777500391,,,,,,,,,,,2.3930899288091294,2.897278777500391,2.5958673345563463,,"rgba(255, 26, 202, 1.0)",0.2823577055330235,2.6352965161184616,-2.5332990816317684,40.262750304255505,-13.738585340197922,True,False,False,True,True,0.0,0.0,0.0,0.0,0.0,1,0.8484355952864688,1.1148133098559754,False,False,False,False,-0.31141396252051695,-0.3149486971266227,False,False,False,False,14066034,18824541.93668794,False,False,False,False,1733857.0644100562,False,False,False,False
2023-03-30 00:00:00+00:00,1.89,1.95,1.885,1.95,669999,,,,,,,,,,,,,,,,,,,,,,,,,,,,,,2.1306494764385024,2.3907589225252823,2.547289199712451,2.6322649521390344,2.7415405830154453,2.8190450889922776,2.8958936474309085,,,,,,,,,,,2.3907589225252823,2.8958936474309085,2.593920267179129,,"rgba(255, 26, 202, 1.0)",0.2807850641545094,2.633499359464757,-2.6479305859930893,39.701796187876226,-13.738585340197922,True,False,False,True,True,0.0,0.0,0.0,0.0,0.0,1,0.846094336617443,1.1157022912921795,False,False,False,False,-0.3197085803605297,-0.3173286387435762,False,False,False,False,13396035,18611659.311719783,False,False,False,False,1692137.140315544,False,False,False,False
2023-03-31 00:00:00+00:00,1.94,1.94,1.885,1.9,1187675,,,,,,,,,,,,,,,,,,,,,,,,,,,,,,2.1273118330734597,2.3867941780202213,2.543292056395804,2.6285523200318366,2.7382803728830014,2.8164355881550396,2.893480827527208,,,,,,,,,,,2.3867941780202213,2.893480827527208,2.590592453726653,,"rgba(255, 26, 202, 1.0)",0.27655291268311233,2.630490797190156,-2.4967764414087146,41.497020819424904,-12.317641579576076,True,False,False,True,True,0.0,0.0,0.0,0.0,0.0,1,0.8589441405981831,1.1003684294835123,False,False,False,False,-0.32526199644462783,-0.321295317594102,False,False,False,False,14583710,18453700.515181754,False,False,False,False,1672354.3112835619,False,False,False,False
2023-04-03 00:00:00+00:00,1.95,1.97,1.91,1.91,1132920,,,,,,,,,,,,,,,,,,,,,,,,,,,,,,2.124551053977956,2.3832474614724664,2.5396577498320507,2.6251542703607575,2.735276413059496,2.814020430113082,2.891241422689353,,,,,,,,,,,2.3832474614724664,2.891241422689353,2.587592685929309,,"rgba(255, 26, 202, 1.0)",0.27260187780678147,2.62785524619228,-2.486612534168748,43.11077857702363,-10.69656954485285,True,False,False,True,True,0.0,0.0,0.0,0.0,0.0,1,0.865413551239612,1.0992152596124911,False,False,False,False,-0.2949472377313188,-0.3081212776627104,False,False,False,False,15716630,18346364.416547175,False,False,False,False,1651200.0245665594,False,False,False,False
2023-04-04 00:00:00+00:00,1.89,1.95,1.87,1.94,1562542,,,,,,,,,,,,,,,,,,,,,,,,,,,,,,2.1200654562231622,2.3780114228295495,2.534385476849841,2.6202508179698167,2.730962966599866,2.8105592170526448,2.8880404562544166,,,,,,,,,,,2.3780114228295495,2.8880404562544166,2.5831822591113283,,"rgba(255, 26, 202, 1.0)",0.2697224465968633,2.6237463350426022,-2.720375498222013,42.1679624527086,-10.69656954485285,True,False,False,True,True,0.0,0.0,0.0,0.0,0.0,1,0.8341571070599322,1.112324421251063,False,False,False,False,-0.3280459709301698,-0.3180836242964401,False,False,False,False,14154088,18181961.419819836,False,False,False,False,1647723.2392894393,False,False,False,False
2023-04-05 00:00:00+00:00,1.83,1.9,1.805,1.9,1184082,,,,,,,,,,,,,,,,,,,,,,,,,,,,,,2.1159028619238907,2.373640732767179,2.530084043159873,2.616280412417352,2.727495650379843,2.807786285654114,2.8854856923547096,,,,,,,,,,,2.373640732767179,2.8854856923547096,2.579525096950994,,"rgba(255, 26, 202, 1.0)",0.2682996173770738,2.581404115437041,-2.800615680271366,39.85172083465528,-10.69656954485285,True,False,False,True,False,0.0,0.0,0.0,0.0,0.0,1,0.831290522119636,1.1188114275241126,False,False,False,False,-0.34282825441539394,-0.330455939355917,False,False,False,False,12970006,17977571.011199452,False,False,False,False,1629541.22990554,False,False,False,False
2023-04-06 00:00:00+00:00,1.85,1.8599,1.82,1.84,846245,,,,,,,,,,,,,,,,,,,,,,,,,,,,,,2.112986100338111,2.3705508279523237,2.527035072140345,2.6134614534695184,2.725029454500042,2.805810771496446,2.883664526541694,,,,,,,,,,,2.3705508279523237,2.883664526541694,2.5769340294912118,,"rgba(255, 26, 202, 1.0)",0.2643758585699422,2.5789716512674916,-2.757330624704667,39.25888706388585,-6.911918851263714,True,False,False,True,False,0.0,0.0,0.0,0.0,0.0,1,0.8447558268590454,1.1176239363669995,False,False,False,False,-0.34282825441539394,-0.3366420968856555,False,False,False,False,13816251,17814381.991152413,False,False,False,False,1598823.730693558,False,False,False,False
2023-04-10 00:00:00+00:00,1.91,1.92,1.81,1.83,1255782,,,,,,,,,,,,,,,,,,,,,,,,,,,,,,2.1093446262219495,2.3663459484290095,2.5228003265252155,2.6095135026386274,2.721546279169248,2.803005296380713,2.881068636003864,,,,,,,,,,,2.3663459484290095,2.881068636003864,2.573374945052661,,"rgba(255, 26, 202, 1.0)",0.2621138601365352,2.576473350148931,-2.542686410408687,41.483807113947094,-6.911918851263714,True,False,False,True,True,0.0,0.0,0.0,0.0,0.0,1,0.8381894940826355,1.1127413661845111,False,False,False,False,-0.31709576759969077,-0.3268689322426731,False,False,False,False,15072033,17706838.893460162,False,False,False,False,1585371.1138036144,False,False,False,False
2023-04-11 00:00:00+00:00,1.87,1.9,1.85,1.88,709211,,,,,,,,,,,,,,,,,,,,,,,,,,,,,,2.107279604842635,2.363970796148962,2.520408578084199,2.607282389641801,2.7195763084340734,2.8014169964069304,2.8795987908844034,,,,,,,,,,,2.363970796148962,2.8795987908844034,2.5713619234918577,,"rgba(255, 26, 202, 1.0)",0.26191794327424084,2.5748046037505565,-2.690936691620977,41.663242810300716,-6.911918851263714,True,False,False,True,True,0.0,0.0,0.0,0.0,0.0,1,0.8440309429228517,1.113503844634934,False,False,False,False,-0.30693744721048216,-0.3169031897265776,False,False,False,False,14362822,17575700.97606957,False,False,False,False,1551011.893654453,False,False,False,False
2023-04-12 00:00:00+00:00,1.82,1.89,1.805,1.87,1693173,,,,,,,,,,,,,,,,,,,,,,,,,,,,,,2.1017765398305763,2.3579938544034413,2.5144640829749916,2.60175869191409,2.7147169937851205,2.7975047617136393,2.8759855012847177,,,,,,,,,,,2.3579938544034413,2.8759855012847177,2.5663143465580824,,"rgba(255, 26, 202, 1.0)",0.26143829478862,2.5698491961533967,-2.8681689373764856,40.3146593853577,-6.911918851263714,True,False,False,True,True,0.0,0.0,0.0,0.0,0.0,1,0.8310619098562725,1.1182613144797433,False,False,False,False,-0.33502784444525147,-0.32596551708591454,False,False,False,False,12669649,17383306.780929588,False,False,False,False,1556586.8390013373,False,False,False,False
2023-04-13 00:00:00+00:00,1.89,1.92,1.85,1.86,1332246,,,,,,,,,,,,,,,,,,,,,,,,,,,,,,2.098368174358252,2.353814300252583,2.510188283870808,2.5977395849414835,2.711139828832381,2.794602749401799,2.8732916321111484,,,,,,,,,,,2.353814300252583,2.8732916321111484,2.562734936252636,,"rgba(255, 26, 202, 1.0)",0.26023191320175937,2.5669995431145223,-2.6015239052930474,42.30564824566657,-6.911918851263714,True,False,False,True,True,0.0,0.0,0.0,0.0,0.0,1,0.8302937491298901,1.108728943338438,False,False,False,False,-0.2968401892095414,-0.311402853147728,False,False,False,False,14001895,17250702.397363722,False,False,False,False,1547789.1590405006,False,False,False,False
2023-04-14 00:00:00+00:00,1.86,1.91,1.85,1.88,1062865,,,,,,,,,,,,,,,,,,,,,,,,,,,,,,2.0955590318347195,2.350438974468928,2.5067465398780304,2.5945058792045383,2.708262261968141,2.792266948166589,2.8711240609302946,,,,,,,,,,,2.350438974468928,2.8711240609302946,2.5598433852073197,,"rgba(255, 26, 202, 1.0)",0.2609043178313889,2.564509842290826,-2.700261337744974,42.68420491513679,-6.911918851263714,True,False,False,True,True,0.0,0.0,0.0,0.0,0.0,1,0.8265649854963975,1.115467390287265,False,False,False,False,-0.30188134913676073,-0.3066421011422443,False,False,False,False,12939030,17081617.205310244,False,False,False,False,1528772.525352638,False,False,False,False
2023-04-17 00:00:00+00:00,1.96,1.97,1.845,1.85,1782032,,,,,,,,,,,,,,,,,,,,,,,,,,,,,,2.092062477187551,2.345486424347996,2.501522676376181,2.589532268668495,2.7037775709345473,2.7885958401427087,2.867697949891509,,,,,,,,,,,2.345486424347996,2.867697949891509,2.555525029649855,,"rgba(255, 26, 202, 1.0)",0.26051971618770403,2.561365043562284,-2.30832833830128,46.40525242316413,-7.591646977048974,True,False,False,False,True,0.0,0.0,0.0,0.0,0.0,1,0.814350319362208,1.116229194834258,False,False,False,False,-0.27189972643981136,-0.2892709137910279,False,False,False,False,14721062,16989046.412945136,False,False,False,False,1538704.2694564562,False,False,False,False
2023-04-18 00:00:00+00:00,2.04,2.06,1.95,1.97,2540408,,,,,,,,,,,,,,,,,,,,,,,,,,,,,2.016666666666667,2.0899216062537587,2.3401187089962834,2.4953944525363387,2.5835290660295707,2.6982145629823995,2.783965669728264,2.8633272532591003,,,,,,,,,,,2.3401187089962834,2.8633272532591003,2.4838922483065478,,"rgba(255, 0, 0, 1.0)",0.2591028874912544,2.5093907171256133,-1.811599714964415,51.0296906345575,-3.3604622931261687,True,False,True,False,True,0.0,0.0,0.0,0.0,0.0,1,0.8442155088403173,1.0878463037727966,False,False,False,False,-0.15699850538620383,-0.22313470958861586,False,False,False,True,17261470,16999729.69086886,False,False,False,False,1577986.768693458,False,False,False,False
2023-04-19 00:00:00+00:00,1.94,2.028,1.94,2.0,947321,,,,,,,,,,,,,,,,,,,,,,,,,,,,,2.0038102031436504,2.0886581283201293,2.337875280708412,2.4929266544215176,2.58113830069807,2.6960206262517437,2.7821476250767057,2.861618409090028,,,,,,,,,,,2.337875280708412,2.861618409090028,2.4805244034637823,,"rgba(255, 26, 202, 1.0)",0.25776845535591797,2.507356119620792,-2.201030063346603,50.881850584370895,-3.3604622931261687,True,False,False,False,True,0.0,0.0,0.0,0.0,0.0,1,0.8556877633223761,1.078383258484189,False,False,False,False,-0.16908923576137583,-0.19611197267499586,False,False,False,False,16314149,16972844.173579883,False,False,False,False,1553254.777764303,False,False,False,False
2023-04-20 00:00:00+00:00,1.83,1.925,1.82,1.92,1511159,,,,,,,,,,,,,,,,,,,,,,,,,,,,,1.9598326863227717,2.0848718062565306,2.3332911433132777,2.4882131479057983,2.5766778786859157,2.6920176596494607,2.7788704683591687,2.8585685271776566,,,,,,,,,,,2.3332911433132777,2.8585685271776566,2.4715429147088224,,"rgba(255, 26, 202, 1.0)",0.25790737914262063,2.5014341519281262,-2.6033925596088845,48.036938581156235,-3.3604622931261687,True,False,False,False,False,0.0,0.0,0.0,0.0,0.0,1,0.8424641860039361,1.0838939997253878,False,False,False,False,-0.30215125325963815,-0.249131612967317,False,False,False,False,14802990,16887751.85304734,False,False,False,False,1551603.9629500166,False,False,False,False
2023-04-21 00:00:00+00:00,1.81,1.85,1.8,1.83,1038823,,,,,,,,,,,,,,,,,,,,,,,,,,,,,1.9357736661570368,2.0819119975303204,2.3299400881853076,2.48481859044497,2.573481495719748,2.689162486784817,2.7765378371494105,2.856402725860939,,,,,,,,,,,2.3299400881853076,2.856402725860939,2.466003610979069,,"rgba(255, 26, 202, 1.0)",0.2587880276273276,2.497399528293413,-2.656226157739087,45.69502628546028,0.6908188066463978,True,False,False,True,False,0.0,0.0,0.0,0.0,0.0,1,0.8363896715783641,1.1066100050810663,False,False,False,False,-0.34282825441539394,-0.29597993369135545,False,False,False,False,13764167,16765258.329398425,False,False,False,False,1531494.9055794277,False,False,False,False
2023-04-24 00:00:00+00:00,1.8,1.83,1.77,1.8,953898,,,,,,,,,,,,,,,,,,,,,,,,,,,,,1.9172494282312798,2.0790486881244723,2.326782109455959,2.4816389141766018,2.5704928340371107,2.686497194301784,2.7743612976874057,2.854383697033824,,,,,,,,,,,2.326782109455959,2.854383697033824,2.4613067703810545,,"rgba(255, 26, 202, 1.0)",0.2575093455839268,2.4937757898400585,-2.6941771308022093,43.90060564391723,-0.941399753961349,True,False,False,True,False,0.0,0.0,0.0,0.0,0.0,1,0.850484800224835,1.0963979577497776,False,False,False,False,-0.34282825441539394,-0.31940409405337467,False,False,False,False,12810269,16610160.708637703,False,False,False,False,1508844.0465370973,False,False,False,False
2023-04-25 00:00:00+00:00,1.76,1.8,1.74,1.8,972146,,,,,,,,,,,,,,,,,,,,,,,,,,,,,1.8988675933651906,2.075848334183021,2.323400994145727,2.4782716599534167,2.5673399230840137,2.6836957859154658,2.772077536950686,2.8522691692413336,,,,,,,,,,,2.323400994145727,2.8522691692413336,2.456471374604857,,"rgba(255, 26, 202, 1.0)",0.2584574476625725,2.4899113102434383,-2.8241063155447135,41.76636484703937,-2.928424444953251,True,False,False,True,False,0.0,0.0,0.0,0.0,0.0,1,0.8541440633992171,1.0876456436624369,False,False,False,False,-0.34282825441539394,-0.33111617423438433,False,False,False,False,11838123,16423021.974965638,False,False,False,False,1487797.064319956,False,False,False,False
2023-04-26 00:00:00+00:00,1.73,1.76,1.7,1.75,1002248,,,,,,,,,,,,,,,,,,,,,,,,,,,,,1.879991042942993,2.0722335838160535,2.3197308763214406,2.4746560120913754,2.5639674973466553,2.680710673574525,2.7696484008290314,2.850024415706204,,,,,,,,,,,2.3197308763214406,2.850024415706204,2.451370312828535,,"rgba(255, 26, 202, 1.0)",0.25903841587861054,2.4240431704280656,-2.6793059557363303,39.66292958147047,-4.9017069956374755,False,False,False,True,False,0.0,0.0,0.0,0.0,0.0,0,0.8447096561158545,1.0923628473041183,False,False,False,False,-0.34282825441539394,-0.3369722143248891,False,False,False,False,10835875,16203918.172025809,False,False,False,False,1468755.924542703,False,False,False,False
2023-04-27 00:00:00+00:00,1.84,1.89,1.79,1.83,2363384,,,,,,,,,,,,,,,,,,,,,,,,,,,,,1.8716486506286707,2.06664756025048,2.3128348281190365,2.4675060483628783,2.5571564546746313,2.674550928292311,2.764566233746133,2.8452828801530528,,,,,,,,,,,2.3128348281190365,2.8452828801530528,2.445024198028399,,"rgba(255, 26, 202, 1.0)",0.25796654577432676,2.4222425904576523,-2.257046892301327,42.13486324175488,-4.9017069956374755,True,False,False,True,False,0.0,0.0,0.0,0.0,0.0,0,0.8591601463030697,1.0605583591832954,False,False,False,False,-0.20998189834721617,-0.2734770563360526,False,False,False,False,13199259,16086088.400573816,False,False,False,False,1503839.3784822049,False,False,False,False
2023-04-28 00:00:00+00:00,1.87,1.89,1.82,1.84,1073563,,,,,,,,,,,,,,,,,,,,,,,,,,,,,1.870640377571465,2.0644140816608787,2.309897117104168,2.4644129591115433,2.554189806745819,2.671848932548494,2.762325518360131,2.8431862772077445,,,,,,,,,,,2.309897117104168,2.8431862772077445,2.44261438378878,,"rgba(255, 26, 202, 1.0)",0.2570737616306222,2.420652133887305,-2.1420005308768624,44.68694927895426,-4.9017069956374755,True,False,False,True,True,0.0,0.0,0.0,0.0,0.0,1,0.855844095295818,1.0749685300013987,False,False,False,False,-0.19251303901065325,-0.23299504767335294,False,False,False,False,14272822,16014979.914276803,False,False,False,False,1486965.7950123143,False,False,False,False
2023-05-01 00:00:00+00:00,1.88,1.89,1.84,1.86,1081201,,,,,,,,,,,,,,,,,,,,,,,,,,,,,1.8705890301139465,2.062320661706998,2.3070416903739766,2.46138055004847,2.5512701351099403,2.6691790668187148,2.760104938287596,2.8411051414477835,,,,,,,,,,,2.3070416903739766,2.8411051414477835,2.440373901738428,,"rgba(255, 26, 202, 1.0)",0.2546648035401853,2.4190442917061152,-2.1166815524276243,46.69706141862123,-9.160556530843458,True,False,False,False,True,0.0,0.0,0.0,0.0,0.0,1,0.8548288652049392,1.075496502183201,False,False,False,False,-0.16652235198517926,-0.19975869982926608,False,False,False,False,15354023,15989060.035285557,False,False,False,False,1471053.4501098706,False,False,False,False
2023-05-02 00:00:00+00:00,1.85,1.88,1.8088,1.88,741815,,,,,,,,,,,,,,,,,,,,,,,,,,,,,1.8693207370475464,2.0607361939432405,2.304998691454365,2.459235058690963,2.5492120271510506,2.667303430465294,2.7585473209855658,2.8396476384915346,,,,,,,,,,,2.304998691454365,2.8396476384915346,2.438625137278695,,"rgba(255, 26, 202, 1.0)",0.25120021805235065,2.417534848414374,-2.259292817556785,47.067088652435274,-8.740761878445824,True,False,False,False,True,0.0,0.0,0.0,0.0,0.0,1,0.857269960196675,1.063591664715523,False,False,False,False,-0.17936578594644448,-0.18956224288785528,False,False,False,False,14612208,15935065.837823378,False,False,False,False,1442455.8638310523,False,False,False,False
2023-05-03 00:00:00+00:00,1.88,1.91,1.85,1.85,729196,,,,,,,,,,,,,,,,,,,,,,,,,,,,,1.8698414452704246,2.059442607827275,2.3031544119200027,2.4572558651672853,2.547297132772804,2.665543425471534,2.757077791847686,2.838267596373557,,,,,,,,,,,2.3031544119200027,2.838267596373557,2.437235034581321,,"rgba(255, 26, 202, 1.0)",0.24742726659010558,2.416470808168199,-2.1681959937622013,48.3466762118025,-7.371916726929442,True,False,False,False,True,0.0,0.0,0.0,0.0,0.0,1,0.8863927808121586,1.0573735454761337,False,False,False,False,-0.10408862952264912,-0.1468254362052522,False,False,False,False,15341404,15911784.981438149,False,False,False,False,1414484.8887788542,False,False,False,False
2023-05-04 00:00:00+00:00,1.92,1.95,1.82,1.85,1444782,,,,,,,,,,,,,,,,,,,,,,,,,,,,,1.8722046604752636,2.057166551617195,2.2996892258871293,2.45348617283171,2.5436292260782087,2.6621528986461307,2.7542356865047526,2.8355923130124583,,,,,,,,,,,2.2996892258871293,2.8355923130124583,2.434769591881606,,"rgba(255, 26, 202, 1.0)",0.24356903307660596,2.4146210619488695,-2.030722279023476,50.510573725859736,-5.167509762864185,True,False,False,False,True,0.0,0.0,0.0,0.0,0.0,0,0.8925457102672293,1.0320206282231599,False,False,False,False,-0.08953264371355087,-0.11817903995940154,False,False,False,False,16786186,15946075.217460183,False,False,False,False,1415673.0107875266,False,False,False,False
2023-05-05 00:00:00+00:00,2.01,2.03,1.95,1.95,1281139,,,,,,,,,,,,,,,,,,,,,,,,,,,,1.9966666666666666,1.8812229502570628,2.0564256005314387,2.2974158176049073,2.450778365243322,2.5409085940298572,2.6595608176494627,2.7520232028285236,2.833484036716072,,,,,,,,,,,2.2974158176049073,2.833484036716072,2.3853873390585907,,"rgba(239, 83, 80, 1.0)",0.2396895138779791,2.369041615646019,-1.4979446110804813,54.443844241464134,-1.3761556863678024,True,False,True,False,True,0.0,0.0,0.0,0.0,0.0,0,0.9210452636490902,1.0050396640223989,False,False,False,False,0.07389883914300338,-0.02214010040819908,False,False,False,False,18067325,16029261.483442139,False,False,False,False,1410397.1672272317,False,False,False,False
2023-05-08 00:00:00+00:00,1.99,2.015,1.96,2.01,1155856,,,,,,,,,,,,,,,,,,,,,,,,,,,,1.9927142033528997,1.8877953651776085,2.0556814379180692,2.2953377742055245,2.4483184259040303,2.5384399042291883,2.657210301632658,2.750016238943616,2.83157215013653,,,,,,,,,,,2.2953377742055245,2.83157215013653,2.3841206446111247,,"rgba(255, 0, 0, 1.0)",0.23671992802534217,2.368599378185384,-1.5993557506694278,56.258661164692256,0.35054007520607655,True,False,True,False,True,0.0,0.0,0.0,0.0,0.0,0,0.9319971704786606,1.0062721056354633,False,False,False,False,0.06999635071247254,0.02392812515213673,False,False,False,False,16911469,16063857.856640488,False,False,False,False,1400415.1606693012,False,False,False,False
2023-05-09 00:00:00+00:00,1.86,1.98,1.85,1.94,851370,,,,,,,,,,,,,,,,,,,,,,,,,,,,1.967847136798987,1.88817898166538,2.054411623809553,2.2933732191506198,2.446165418116947,2.536334941027454,2.6552536501275106,2.748367604896622,2.8300169465809613,,,,,,,,,,,2.2933732191506198,2.8300169465809613,2.3799943913526707,,"rgba(255, 26, 202, 1.0)",0.23289420712355755,2.3660648846537944,-2.1729389103495875,53.126942712120815,0.35054007520607655,True,False,True,False,False,0.0,0.0,0.0,0.0,0.0,0,0.9103209420457169,1.0003694296929115,False,False,False,False,-0.04273194074298167,-0.009401907795422472,False,False,False,False,16060099,16063710.450497724,False,False,False,False,1378883.977897956,False,False,False,False
2023-05-10 00:00:00+00:00,1.88,1.9,1.845,1.88,709192,,,,,,,,,,,,,,,,,,,,,,,,,,,,1.9513754650652888,1.8877207672809202,2.0532260750851847,2.2916628898017177,2.444314537735237,2.5345329820110907,2.6535850936351717,2.746964334071986,2.8286954236077264,,,,,,,,,,,2.2916628898017177,2.8286954236077264,2.3768975075882586,,"rgba(255, 26, 202, 1.0)",0.22792443824554734,2.3639742130919226,-2.1233976348360155,51.66788706960644,0.35054007520607655,True,False,False,False,False,0.0,0.0,0.0,0.0,0.0,0,0.9294032723772856,1.0388835418671798,False,False,False,False,-0.10913718820457702,-0.05926954799999974,False,False,False,False,16769291,16091380.275968403,False,False,False,False,1352621.5473921539,False,False,False,False
2023-05-11 00:00:00+00:00,1.76,1.89,1.76,1.86,1142835,,,,,,,,,,,,,,,,,,,,,,,,,,,,1.9184620744877048,1.8832435431059822,2.050593128549873,2.2884669620257396,2.4409847276399583,2.5313364695991636,2.6506651241593007,2.744527402674822,2.826414066617008,,,,,,,,,,,2.2884669620257396,2.826414066617008,2.3705214998732838,,"rgba(255, 26, 202, 1.0)",0.22602375702287905,2.359342399725313,-2.6516787775748956,47.61065449092679,3.9511723842541286,True,False,False,False,False,0.0,0.0,0.0,0.0,0.0,0,0.8764537654909436,1.0408960915157293,False,False,False,False,-0.16652236521073677,-0.11289595660536825,False,False,False,False,15626456,16073147.951420622,False,False,False,False,1344394.6239650105,False,False,False,False
2023-05-12 00:00:00+00:00,1.73,1.79,1.7,1.76,985616,,,,,,,,,,,,,,,,,,,,,,,,,,,,1.8897492363705697,1.8769759665799406,2.0477962351485,2.285388638620745,2.4378581763708524,2.528364177304338,2.6479758857904137,2.7422950597739044,2.824333397409832,,,,,,,,,,,2.285388638620745,2.824333397409832,2.3645263081521213,,"rgba(255, 26, 202, 1.0)",0.22426633137273652,2.3547098364010752,-2.7855712115912357,44.252693468014535,0.8437870963632292,True,False,False,True,False,0.0,0.0,0.0,0.0,0.0,0,0.8752596789423984,1.0452313503305004,False,False,False,False,-0.3138630587896487,-0.21337950769750846,False,False,False,False,14640840,16016979.012149226,False,False,False,False,1330324.8740055985,False,False,False,False
2023-05-15 00:00:00+00:00,1.76,1.77,1.7,1.73,740827,,,,,,,,,,,,,,,,,,,,,,,,,,,,1.8739531885262037,1.8727207118641853,2.045749329205236,2.283111506922248,2.4355375762384535,2.526154129102274,2.645972365427037,2.7406292239254206,2.8227795165687235,,,,,,,,,,,2.283111506922248,2.8227795165687235,2.3607341719755315,,"rgba(255, 26, 202, 1.0)",0.22203749379023194,2.351624542806691,-2.6645254038294235,43.091489511167204,-0.22972487110278905,True,False,False,True,False,0.0,0.0,0.0,0.0,0.0,0,0.8731983042863872,1.0569006123410272,False,False,False,False,-0.3326462633270109,-0.27301288551225966,False,False,False,False,15381667,15992064.815594355,False,False,False,False,1307207.3103191045,False,False,False,False
2023-05-16 00:00:00+00:00,1.72,1.74,1.68,1.72,1053731,,,,,,,,,,,,,,,,,,,,,,,,,,,,1.8525847508877524,1.8658149594039495,2.0426006739292077,2.2797271511680055,2.4321215090291424,2.522912321710781,2.6430436487984235,2.7381983469682565,2.820515789091215,,,,,,,,,,,2.2797271511680055,2.820515789091215,2.3552799056651925,,"rgba(255, 26, 202, 1.0)",0.21851670313627772,2.3470549767654068,-2.8695974621873392,41.358705202217905,-1.9427350955062366,False,False,False,True,False,0.0,0.0,0.0,0.0,0.0,0,0.8689509504811077,1.055526871626379,False,False,False,False,-0.34282825441539394,-0.3079205699638268,False,False,False,False,14327936,15926804.862041635,False,False,False,False,1297267.0628556102,False,False,False,False
2023-05-17 00:00:00+00:00,1.75,1.76,1.665,1.71,880027,,,,,,,,,,,,,,,,,,,,,,,,,,,,1.8398267440614513,1.8608975655293911,2.0401079806421984,2.276988940762505,2.429339141893304,2.5202633968720987,2.640642296652225,2.736200000775976,2.818652143396082,,,,,,,,,,,2.276988940762505,2.818652143396082,2.3514353567316926,,"rgba(255, 26, 202, 1.0)",0.21532435202868974,2.28901622538813,-2.5032757340716936,41.342073899614014,-2.1303195559106243,False,False,False,True,False,0.0,0.0,0.0,0.0,0.0,0,0.8814413565708902,1.0451248233631654,False,False,False,False,-0.33656438954014845,-0.3222424797519876,False,False,False,False,15207963,15898614.985098828,False,False,False,False,1280904.707449508,False,False,False,False
2023-05-18 00:00:00+00:00,1.82,1.85,1.73,1.75,2167374,,,,,,,,,,,,,,,,,,,,,,,,,,,,1.8319566028052419,1.8560748444897146,2.0355547756358967,2.27125985007866,2.4232988961577697,2.514422127642673,2.635261422840562,2.731674378852415,2.8144021063668028,,,,,,,,,,,2.27125985007866,2.8144021063668028,2.345989444985526,,"rgba(255, 26, 202, 1.0)",0.20824336075201957,2.2866979352971954,-2.2411179574312996,43.750968392380955,-2.1303195559106243,False,False,False,True,False,0.0,0.0,0.0,0.0,0.0,0,0.9149905123339658,1.0146110056925997,False,False,False,False,-0.15218101796627848,-0.23721174885913304,False,False,False,False,17375337,15956525.652349854,False,False,False,False,1315668.2091181546,False,False,False,False
2023-05-19 00:00:00+00:00,1.91,1.92,1.81,1.82,1644282,,,,,,,,,,,,,,,,,,,,,,,,,,,,1.8382201084834275,1.8574308158412343,2.033348636135858,2.2677268333940073,2.419371539581756,2.5105426541154117,2.631611552306045,2.7285624055479842,2.811453813788548,,,,,,,,,,,2.2677268333940073,2.811453813788548,2.3442520399104745,,"rgba(255, 0, 0, 1.0)",0.2000132428048096,2.286650164195584,-1.8831261316189565,47.90951970678606,-8.617812598247497,True,False,False,False,True,0.0,0.0,0.0,0.0,0.0,0,0.9298872180451129,0.9839285714285715,False,False,False,False,0.016781118508020092,-0.11021531517555648,False,False,False,False,19019619,16076646.96010084,False,False,False,False,1328555.0244468546,False,False,False,False
2023-05-22 00:00:00+00:00,1.98,2.03,1.8994,1.9,1342623,,,,,,,,,,,,,,,,,,,,,,,,,,,1.9698,1.8508796433532317,1.8624010140181166,2.0326211358201447,2.265546226422382,2.4167334946115373,2.507856074042652,2.6290103033190673,2.726305299133803,2.8092909430478,,,,,,,,,,,2.265546226422382,2.8092909430478,2.307044413376873,,"rgba(239, 83, 80, 1.0)",0.18809686981029425,2.249508312785228,-1.4328165750819861,52.33059718579505,-4.452610419804721,True,False,True,False,True,0.0,0.0,0.0,0.0,0.0,0,0.9586280220034207,0.9495215642767993,False,False,False,False,0.2446012579553948,0.06719297138991917,False,False,False,False,20362242,16244709.510685122,False,False,False,False,1329106.7097626643,False,False,False,False
2023-05-23 00:00:00+00:00,1.89,1.99,1.88,1.95,940988,,,,,,,,,,,,,,,,,,,,,,,,,,,1.949279341096185,1.8552460529569963,1.8641328741301342,2.0317247267228824,2.263782700706014,2.414699009911936,2.505816213157443,2.6270625434482575,2.724627765457182,2.807692160287143,,,,,,,,,,,2.263782700706014,2.807692160287143,2.3044063387874174,,"rgba(255, 26, 202, 1.0)",0.17912369273017903,2.2483418604526086,-2.000527428788513,52.468384820585364,-4.315573835373478,True,False,True,False,True,0.0,0.0,0.0,0.0,0.0,0,0.9543551281461373,0.9658583720609215,False,False,False,False,0.17515928655427246,0.12117612897209581,False,False,False,False,19421254,16369279.882815117,False,False,False,False,1313886.3682033443,False,False,False,False
2023-05-24 00:00:00+00:00,1.88,1.91,1.835,1.89,934343,,,,,,,,,,,,,,,,,,,,,,,,,,,1.927712102286111,1.856411986340289,1.8644479090875183,2.0304957964105057,2.2618224592242413,2.41251304973231,2.50365020119676,2.6250166828306933,2.722876199768848,2.806030158113109,,,,,,,,,,,2.2618224592242413,2.806030158113109,2.3010976544990385,,"rgba(255, 26, 202, 1.0)",0.17167138102508905,2.2462199235943223,-2.133261359042722,52.269066893735435,-4.315573835373478,True,False,True,False,True,0.0,0.0,0.0,0.0,0.0,0,0.9350982457747445,0.985480694361746,False,False,False,False,0.033571805658432534,0.07737396731526418,False,False,False,False,18486911,16452324.24035178,False,False,False,False,1299002.3145483113,False,False,False,False
2023-05-25 00:00:00+00:00,1.8,1.89,1.77,1.89,885749,,,,,,,,,,,,,,,,,,,,,,,,,,,1.904463371350217,1.8544825789999877,1.8632590633734734,2.0289426188641055,2.2597206955400706,2.4102466916917415,2.5014320818275335,2.622946003927849,2.721115106579788,2.804367301604442,,,,,,,,,,,2.2597206955400706,2.804367301604442,2.297097551375921,,"rgba(255, 26, 202, 1.0)",0.1636092906897349,2.2432211343103834,-2.7090217948007504,49.93681606765296,-4.315573835373478,True,False,False,False,True,0.0,0.0,0.0,0.0,0.0,0,0.9288794081604866,0.9890164752870694,False,False,False,False,-0.06160332420533296,0.007885321554965609,False,False,False,False,17601162,16497376.701514456,False,False,False,False,1282796.3022130835,False,False,False,False
2023-05-26 00:00:00+00:00,1.77,1.81,1.76,1.81,905612,,,,,,,,,,,,,,,,,,,,,,,,,,,1.881962186526501,1.8506547509290323,1.8610428063251443,2.0270786255478397,2.2573987668071815,2.4077915443483024,2.499046800412986,2.6207349543539245,2.7192419972210704,2.8026040933870737,,,,,,,,,,,2.2573987668071815,2.8026040933870737,2.2927556525859054,,"rgba(255, 26, 202, 1.0)",0.15748610692334733,2.239703643588254,-2.982508443216969,47.62962313002987,-4.315573835373478,True,False,False,False,False,0.0,0.0,0.0,0.0,0.0,0,0.9295499930339479,1.0201086704128546,False,False,False,False,-0.1636488554058417,-0.07788176692543805,False,False,False,False,16695550,16505148.20341585,False,False,False,False,1268004.7609498254,False,False,False,False
2023-05-30 00:00:00+00:00,1.75,1.78,1.72,1.78,1278946,,,,,,,,,,,,,,,,,,,,,,,,,,,1.8551228885696696,1.8438437182594543,1.8570196922604267,2.0241793474508123,2.253953987872889,2.404192538007221,2.4955655118551228,2.617521375597936,2.71652528492512,2.8000515768472107,,,,,,,,,,,2.253953987872889,2.8000515768472107,2.286797592164586,,"rgba(255, 26, 202, 1.0)",0.15318033886962865,2.234586439276657,-3.163502854560775,45.58576133183681,1.973728931191154,True,False,False,True,False,0.0,0.0,0.0,0.0,0.0,0,0.9103493429359771,1.0225880372258338,False,False,False,False,-0.24531376760614904,-0.16159776726579356,False,False,False,False,15416604,16462460.19543876,False,False,False,False,1268433.8291478716,False,False,False,False
2023-05-31 00:00:00+00:00,1.75,1.77,1.69,1.76,1290996,,,,,,,,,,,,,,,,,,,,,,,,,,,1.8349459096584269,1.8369910771093545,1.85277347423328,2.021174285432174,2.250433114736662,2.4005261100864144,2.492021828087329,2.6142519985210644,2.7137607600555302,2.7974549776138367,,,,,,,,,,,2.250433114736662,2.7974549776138367,2.2814333535534073,,"rgba(255, 26, 202, 1.0)",0.15027806059266766,2.229759985928159,-3.192481883490367,44.2231867997081,0.5106159542606221,False,False,False,True,False,0.0,0.0,0.0,0.0,0.0,0,0.9231781233848609,1.0085984118780247,False,False,False,False,-0.2933924789887864,-0.22749512312728998,False,False,False,False,15416604,16421446.226990182,False,False,False,False,1269318.6201616805,False,False,False,False
2023-06-01 00:00:00+00:00,1.74,1.76,1.69,1.75,858720,,,,,,,,,,,,,,,,,,,,,,,,,,,1.8242657251139698,1.832626497948288,1.8499583191139946,2.019163955801001,2.248087544857471,2.3980853019199095,2.489662336985868,2.6120743258765504,2.7119180415154256,2.7957240222541486,,,,,,,,,,,2.248087544857471,2.7957240222541486,2.2781566071386625,,"rgba(255, 26, 202, 1.0)",0.14653192008433363,2.226730239500254,-3.321666973449375,43.02579428805019,-0.8314630223868562,False,False,False,True,False,0.0,0.0,0.0,0.0,0.0,0,0.9179009132636158,1.0172715657975677,False,False,False,False,-0.30561283810645773,-0.26655398061687385,False,False,False,False,14557884,16348365.355343508,False,False,False,False,1253216.7134886733,False,False,False,False
2023-06-02 00:00:00+00:00,1.75,1.78,1.735,1.78,888460,,,,,,,,,,,,,,,,,,,,,,,,,,,1.8176672967822547,1.829482825698859,1.8477577535695286,2.017290330090756,2.245798926592766,2.3956723966680853,2.487316294183903,2.6098960336098216,2.7100671127604516,2.7939808907062176,,,,,,,,,,,2.245798926592766,2.7939808907062176,2.275492986066264,,"rgba(255, 26, 202, 1.0)",0.1417817126926175,2.224206973492029,-3.3446272053442376,42.67213179861983,-1.4267620908730834,False,True,False,True,False,0.0,0.0,0.0,0.0,0.0,1,0.9231796927187708,1.0126443362916306,False,False,False,False,-0.2275780153116246,-0.24706599796424922,False,False,False,False,15446344,16312991.968859449,False,False,False,False,1238912.5286459804,False,False,False,False
2023-06-05 00:00:00+00:00,1.7,1.75,1.68,1.75,648897,,,,,,,,,,,,,,,,,,,,,,,,,,,1.8106635226850551,1.8260503182390073,1.8454649537974888,2.015706705891298,2.2439887567457117,2.393798534095706,2.485507571089751,2.608228700103254,2.7086563015794956,2.792656478577462,,,,,,,,,,,2.2439887567457117,2.792656478577462,2.273072184280423,,"rgba(255, 26, 202, 1.0)",0.13543616560931118,2.2219163104337856,-3.85359632772935,40.89799322292379,-3.384778579341784,False,True,False,True,False,0.0,0.0,0.0,0.0,0.0,0,0.9102722772277227,1.0149942878903278,False,False,False,False,-0.33032587880491354,-0.2886959383845814,False,False,False,False,14797447,16253558.832825745,False,False,False,False,1215774.6647775106,False,False,False,False
2023-06-06 00:00:00+00:00,1.75,1.75,1.66,1.69,857939,,,,,,,,,,,,,,,,,,,,,,,,,,,1.8034834422062478,1.8221696324526273,1.8427634851537023,2.0137054808404224,2.2416586033844665,2.391372676088338,2.483159720821708,2.606058134077798,2.7068157141662623,2.7909264955967186,,,,,,,,,,,2.2416586033844665,2.7909264955967186,2.270211338478829,,"rgba(255, 26, 202, 1.0)",0.12936602168871597,2.1698333858268217,-3.245314189509794,41.968925427345745,-3.384778579341784,False,True,False,True,False,0.0,0.0,0.0,0.0,0.0,1,0.9084370415937161,1.0137226139213553,False,False,False,False,-0.34282825441539394,-0.31576209639998765,False,False,False,False,15655386,16230101.074675716,False,False,False,False,1201741.8936097652,False,False,False,False
2023-06-07 00:00:00+00:00,1.74,1.785,1.72,1.75,806359,,,,,,,,,,,,,,,,,,,,,,,,,,,1.799662807100202,1.8197146243515432,1.8408903932865663,2.012028189738127,2.2396052838783933,2.38920408437808,2.481047557211451,2.604092639468272,2.7051415115550204,2.7893484837916085,,,,,,,,,,,2.2396052838783933,2.7893484837916085,2.2680735574759265,,"rgba(255, 26, 202, 1.0)",0.12272990927491285,2.1685178539681003,-3.4915519493152054,42.34188491221016,-3.384778579341784,False,True,False,True,False,0.0,0.0,0.0,0.0,0.0,0,0.9143519613874035,1.013722613921355,False,False,False,False,-0.22944330825512302,-0.27260270232755535,False,False,False,False,14849027,16175941.307041375,False,False,False,False,1186236.6820956569,False,False,False,False
2023-06-08 00:00:00+00:00,1.7,1.74,1.68,1.74,727182,,,,,,,,,,,,,,,,,,,,,,,,,,,1.7941945337524556,1.816423610594734,1.8385315866102507,2.0102975220322845,2.237612372595398,2.3871345978968463,2.479045447696802,2.602241919731535,2.703571177226867,2.787872714312305,,,,,,,,,,,2.237612372595398,2.787872714312305,2.2656925482449477,,"rgba(255, 26, 202, 1.0)",0.12041325239087688,2.1658752455155232,-3.8689698705523905,41.260644106718175,-3.714682207891258,False,True,False,True,False,0.0,0.0,0.0,0.0,0.0,0,0.919483125134354,1.019824682924499,False,False,False,False,-0.33053342736596136,-0.30156806484675835,False,False,False,False,14121845,16095388.510686811,False,False,False,False,1168234.5376997488,False,False,False,False
2023-06-09 00:00:00+00:00,1.67,1.7,1.66,1.69,1044864,,,,,,,,,,,,,,,,,,,,,,,,,,,1.785038286688164,1.8108123514077383,1.83454499076868,2.0076025154051385,2.2346144461397395,2.3840527635255873,2.476075704459272,2.5995073726154554,2.7012558019643764,2.7857006175485073,,,,,,,,,,,2.2346144461397395,2.7857006175485073,2.261920485052266,,"rgba(255, 26, 202, 1.0)",0.11905135541111173,2.1117526055165485,-3.710605427305512,39.61490769124529,-5.526775281421926,False,True,False,True,False,0.0,0.0,0.0,0.0,0.0,0,0.9068972983376234,1.0319965357134264,False,False,False,False,-0.34282825441539394,-0.3221981596310761,False,False,False,False,13076981,15977019.588699093,False,False,False,False,1163396.4773977979,False,False,False,False
2023-06-12 00:00:00+00:00,1.75,1.76,1.66,1.67,902801,,,,,,,,,,,,,,,,,,,,,,,,,,,1.781146612140058,1.807879349485017,1.8322276654143514,2.0056322032639735,2.232264319282901,2.381585648064087,2.4736761453161593,2.5972764264223027,2.699354361344751,2.7839093574882097,,,,,,,,,,,2.232264319282901,2.7839093574882097,2.259495208822181,,"rgba(255, 26, 202, 1.0)",0.11496572148738377,2.0670653424233985,-2.757911996039558,42.17499883260557,-5.526775281421926,False,True,False,True,True,0.0,0.0,0.0,0.0,0.0,0,0.9088675239163106,1.0150297015530694,False,False,False,False,-0.275868449545621,-0.29903330458834854,False,False,False,False,13979782,15898696.546005012,False,False,False,False,1153177.0469116098,False,False,False,False
2023-06-13 00:00:00+00:00,1.76,1.79,1.73,1.75,1234201,,,,,,,,,,,,,,,,,,,,,,,,,,,1.7794680664467986,1.8057809548967645,1.8302271781958435,2.00332657830345,2.229315215522914,2.378428783474525,2.470579498810364,2.5943720538490846,2.696864077837099,2.7815546367084796,,,,,,,,,,,2.229315215522914,2.7815546367084796,2.256991704404532,,"rgba(255, 26, 202, 1.0)",0.11312864398589613,2.0677213114386985,-2.7201007684407714,44.28831809510261,-5.526775281421926,False,True,False,True,True,0.0,0.0,0.0,0.0,0.0,0,0.9256558724712272,1.0054804965806463,False,False,False,False,-0.16913300731238545,-0.234083155950367,False,False,False,False,15213983,15871845.034396973,False,False,False,False,1156354.4568366448,False,False,False,False
2023-06-14 00:00:00+00:00,1.73,1.81,1.722,1.76,1181350,,,,,,,,,,,,,,,,,,,,,,,,,,,1.7776697014530163,1.803696200980162,1.8282585161795342,2.001106439557391,2.226491043217388,2.3754079660112546,2.4676157080219316,2.5915910079214335,2.6944775831256673,2.7792976937835063,,,,,,,,,,,2.226491043217388,2.7792976937835063,2.2545611860251284,,"rgba(255, 26, 202, 1.0)",0.11155607001303992,2.0665273769806634,-3.016665762260416,44.549744726454506,-10.186628708832956,False,True,False,True,True,0.0,0.0,0.0,0.0,0.0,0,0.91833739673823,1.0078112055293869,False,False,False,False,-0.1566221298325711,-0.19535264289146903,False,False,False,False,14032633,15799719.072263759,False,False,False,False,1157334.6742156,False,False,False,False
2023-06-15 00:00:00+00:00,1.73,1.73,1.69,1.72,512401,,,,,,,,,,,,,,,,,,,,,,,,,,,1.7758568471039073,1.8022024981365286,1.8270223203068308,2.000012082324162,2.225180523234155,2.3740286063922333,2.4662709423846825,2.5903369560246086,2.693405271233298,2.778286310009103,,,,,,,,,,,2.225180523234155,2.778286310009103,2.253260235714951,,"rgba(255, 26, 202, 1.0)",0.10744367893990604,2.065077448448869,-3.118633425017774,44.724029147355765,-9.825021518555111,False,True,False,True,True,0.0,0.0,0.0,0.0,0.0,0,0.9194685401581951,1.0222238153272636,False,False,False,False,-0.275868449545621,-0.23561054621854502,False,False,False,False,14032633,15730421.579233808,False,False,False,False,1132043.157579694,False,False,False,False
2023-06-16 00:00:00+00:00,1.71,1.72,1.67,1.7,718572,,,,,,,,,,,,,,,,,,,,,,,,,,,1.7728220162352109,1.7998004032108412,1.8250791976215548,1.9984020635753634,2.2232941429598285,2.3720551485648156,2.4643514360774788,2.588550930513292,2.691879864578098,2.7768490060468456,,,,,,,,,,,2.2232941429598285,2.7768490060468456,2.251308420938333,,"rgba(255, 26, 202, 1.0)",0.10502372104424507,2.062720993877224,-3.3584888287154446,44.02683839568134,-9.825021518555111,False,True,False,True,True,0.0,0.0,0.0,0.0,0.0,1,0.927223654722028,1.0103621948574597,False,False,False,False,-0.30901250649298273,-0.2723115263557639,False,False,False,False,13314061,15635662.340832483,False,False,False,False,1115828.6023804902,False,False,False,False
2023-06-20 00:00:00+00:00,1.71,1.72,1.67,1.7,766171,,,,,,,,,,,,,,,,,,,,,,,,,,,1.769842703018975,1.7973605314005512,1.8230717966034202,1.9967043224045085,2.221297677302305,2.3699636566753663,2.4623153446872315,2.5866544731366936,2.6902585652470874,2.7753207083447626,,,,,,,,,,,2.221297677302305,2.7753207083447626,2.24927897788209,,"rgba(255, 26, 202, 1.0)",0.10350836672452797,2.0604266817424284,-3.38549136491581,43.562044561231716,-9.825021518555111,False,True,False,True,True,0.0,0.0,0.0,0.0,0.0,1,0.9237944131929419,1.0006971489013896,False,False,False,False,-0.30901250649298273,-0.2906620164243733,False,False,False,False,13314061,15544619.150995916,False,False,False,False,1102116.5395420396,False,False,False,False
2023-06-21 00:00:00+00:00,1.83,1.85,1.68,1.7,2630472,,,,,,,,,,,,,,,,,,,,,,,,,,,1.7719147930472612,1.7965324478355513,1.8211706057944723,1.9926801800022451,2.2156782384422704,2.363797233537194,2.4561921332501537,2.5808350314981423,2.6852159710996535,2.7705267477248636,,,,,,,,,,,2.2156782384422704,2.7705267477248636,2.2454543382231806,,"rgba(255, 26, 202, 1.0)",0.09901915366629908,2.059912496377493,-2.321899227217321,48.64753360619301,-5.63966965981944,True,False,False,False,True,0.0,0.0,0.0,0.0,0.0,1,0.9296175174178871,0.9841224702592539,False,False,False,False,-0.1587037988496646,-0.22468290763701892,False,False,False,False,15944533,15560302.047035292,False,False,False,False,1162052.0477952932,False,False,False,False
2023-06-22 00:00:00+00:00,1.9,1.905,1.785,1.84,2368275,,,,,,,,,,,,,,,,,,,,,,,,,,,1.7810400128225439,1.8008860756352525,1.8230639790304226,1.9904868548552537,2.2116239701278957,2.359078768317569,2.4513939276817323,2.5761664572606175,2.681107186683092,2.7665834769274316,,,,,,,,,,,2.2116239701278957,2.7665834769274316,2.244143070934181,,"rgba(255, 0, 0, 1.0)",0.09597803802840069,2.062820805066822,-1.6964381478463026,54.142117338600144,-0.5924644870058557,True,False,True,False,True,0.0,0.0,0.0,0.0,0.0,1,0.9481284172157577,0.9691574372634234,False,False,False,False,0.005076863593861376,-0.10980302202157878,False,False,False,False,18312808,15668243.456955478,False,False,False,False,1209354.908666066,False,False,False,False
2023-06-23 00:00:00+00:00,1.81,1.8791,1.79,1.85,1707860,,,,,,,,,,,,,,,,,,,,,,,,,,,1.7840836648471574,1.802029881761645,1.823167577656584,1.9885041830754129,2.208453478031056,2.3554812923210235,2.4477671635453886,2.5726646379491447,2.6780367857065186,2.7636455183518622,,,,,,,,,,,2.208453478031056,2.7636455183518622,2.242383418324579,,"rgba(255, 26, 202, 1.0)",0.09305176317850161,2.062640036067113,-2.7150483498359113,53.937006337354774,-0.5924644870058557,True,False,True,False,True,0.0,0.0,0.0,0.0,0.0,1,0.9551895558446384,0.9681750603976955,False,False,False,False,-0.016146114890554703,-0.06297456845606675,False,False,False,False,16604948,15704976.96844742,False,False,False,False,1228904.1279340633,False,False,False,False
2023-06-26 00:00:00+00:00,1.86,1.885,1.81,1.83,1974709,,,,,,,,,,,,,,,,,,,,,,,,,,,1.7889528408557591,1.8044790670673687,1.8241650382431567,1.9866191433085465,2.205090511998737,2.3515778387047552,2.4437944556404934,2.5687921115285812,2.6746186747950604,2.760362396647821,,,,,,,,,,,2.205090511998737,2.760362396647821,2.240845207879028,,"rgba(255, 26, 202, 1.0)",0.09218801782568026,2.063092587528441,-2.203025862997423,55.32134909071669,0.2758282360061983,True,False,True,False,True,0.0,0.0,0.0,0.0,0.0,0,0.9560960792560398,0.9806299359783166,False,False,False,False,0.010154090457802155,-0.026410238999132297,False,False,False,False,18579657,15817709.518704385,False,False,False,False,1258151.3778190021,False,False,False,False
2023-06-27 00:00:00+00:00,1.87,1.89,1.795,1.84,1463492,,,,,,,,,,,,,,,,,,,,,,,,,,,1.7921317421990632,1.8061437640582032,1.8248603649569743,1.98525527634252,2.2026387769101774,2.348723721903788,2.440884207201939,2.565948846070174,2.6721036398910547,2.7579444273345053,,,,,,,,,,,2.2026387769101774,2.7579444273345053,2.23966347668684,,"rgba(255, 26, 202, 1.0)",0.09132024631692956,2.063171325898834,-2.1153176178306285,56.53964294033317,1.453109946746281,True,False,True,False,True,0.0,0.0,0.0,0.0,0.0,0,0.9529758042087697,0.9773106517103923,False,False,False,False,-1.0153843053747272e-07,-0.013205170268781418,False,False,False,False,20043149,15983413.027774801,False,False,False,False,1266203.9512378648,False,False,False,False
2023-06-28 00:00:00+00:00,1.89,1.89,1.805,1.87,1060957,,,,,,,,,,,,,,,,,,,,,,,,,,,1.7945963703753467,1.8075283486599392,1.8255228438100712,1.9843563859184619,2.200932594850512,2.3467161441689885,2.438827752756997,2.5639303406926346,2.6703120646318936,2.7562188064576962,,,,,,,,,,,2.200932594850512,2.7562188064576962,2.238894165232254,,"rgba(255, 0, 0, 1.0)",0.09095647904947936,2.0633152261450283,-1.90547422191603,57.9596968727934,2.86763798265919,True,False,True,False,True,0.0,0.0,0.0,0.0,0.0,0,0.9560447272387013,0.9911340881444747,False,False,False,False,0.01015409045780172,-0.0015255399054898491,False,False,False,False,21104106,16184224.516881673,False,False,False,False,1258155.051189321,False,False,False,False
2023-06-29 00:00:00+00:00,1.92,1.94,1.86,1.87,786624,,,,,,,,,,,,,,,,,,,,,,,,,,,1.7974661112225672,1.809328056003443,1.8265914492351445,1.9839396839157941,2.1998448985656416,2.345375423683265,2.437430586170622,2.5625366372644454,2.66906247986218,2.7550078104639555,,,,,,,,,,,2.1998448985656416,2.7550078104639555,2.238658313638706,,"rgba(255, 0, 0, 1.0)",0.09040888101156357,2.0639830153467793,-1.5925760139467218,59.79929234906413,4.691542488030997,True,False,True,False,True,0.0,0.0,0.0,0.0,0.0,0,0.9439549566528459,1.0004947229551453,False,False,False,False,0.13928065124002637,0.06887755566726826,False,False,False,False,21890730,16408009.04563141,False,False,False,False,1239663.637417191,False,False,False,False
2023-06-30 00:00:00+00:00,1.97,1.98,1.89,1.91,1126656,,,,,,,,,,,,,,,,,,,,,,,,,,,1.8027445306479446,1.812808458651042,1.8288143705984317,1.9836555277162118,2.1985116072905853,2.343643113663963,2.4355920515830474,2.5606718601786116,2.6673733746971977,2.7533608403072356,,,,,,,,,,,2.1985116072905853,2.7533608403072356,2.2387175735334273,,"rgba(239, 83, 80, 1.0)",0.09001261172895474,2.0655681228666656,-1.0617192527913708,62.381008689046695,7.18910123269724,True,False,True,False,True,0.0,0.0,0.0,0.0,0.0,0,0.95610182299046,0.9863275715500142,False,False,False,False,0.21621027560317424,0.14254391563522126,False,False,False,False,23017386,16667200.298743905,False,False,False,False,1235231.965361615,False,False,False,False
2023-07-03 00:00:00+00:00,2.04,2.05,1.97,1.98,1473427,,,,,,,,,,,,,,,,,,,,,,,,,,,1.8123517778090037,1.8194548556959533,1.833333699289701,1.9840143089528455,2.197290590458237,2.341814538599412,2.4335658570209886,2.5585393425934173,2.6653998271027657,2.7514119366123917,,,,,,,,,,,2.197290590458237,2.7514119366123917,2.239717673413472,,#000000,0.09211586906353668,2.069097208777719,-0.31587617935460277,65.68551149817803,10.304005684774339,True,False,True,False,True,1.7222798385110778,0.0,0.0,0.0,0.0,0,0.9997854486507103,0.9485315152093068,False,False,False,False,0.3428280299737772,0.24268597280449922,False,False,False,False,24490813,16974008.639969636,False,False,False,False,1244572.9471121398,False,False,False,False
2023-07-05 00:00:00+00:00,1.96,2.05,1.93,2.04,1805181,,,,,,,,,,,,,,,,,,,,,,,,,,,1.8209677742773411,1.825525882001375,1.837461724249116,1.983966338560866,2.1954848139877723,2.339327235627846,2.4308727104343806,2.5557571300192925,2.6628494180324838,2.7489084835938074,,,,,,,,,,,2.1954848139877723,2.7489084835938074,2.2401121510784283,,"rgba(239, 83, 80, 1.0)",0.09086213693241658,2.0717770408989677,-1.2301828316244394,64.14368548686306,10.304005684774339,True,False,True,False,True,0.0,0.0,0.0,0.0,0.0,0,0.9950994184955918,0.9317904708309886,False,False,False,False,0.29856605853001156,0.2706260156672554,False,False,False,False,22685632,17197993.869774748,False,False,False,False,1266557.5766371537,False,False,False,False
2023-07-06 00:00:00+00:00,1.88,2.35,1.86,1.94,10147475,,,,,,,,,,,,,,,,,,,,,,,,,,2.03,1.867820909439654,1.8613713012832505,1.8637630047481653,1.9868639495992169,2.1880991451985734,2.327818398731085,2.4179246634713865,2.5419184263542505,2.6498832106428627,2.736028580106624,,,,,,,,,,,2.1880991451985734,2.736028580106624,2.2246810535977333,,"rgba(255, 26, 202, 1.0)",0.09015841913286761,2.0640942333349117,-2.041897308154991,60.14453189309427,15.894255490184946,True,False,True,False,False,0.0,0.0,0.0,0.0,0.0,0,0.9870282014143307,0.8698773110675643,False,False,False,False,0.34282808014306515,0.30672704790516025,False,False,False,False,12538157,17015255.168999266,False,False,False,False,1614828.8481415792,False,False,False,False
2023-07-07 00:00:00+00:00,2.01,2.04,1.86,1.91,5110079,,,,,,,,,,,,,,,,,,,,,,,,,,2.0099047252265994,1.8781845170053926,1.8701831830596778,1.870600744547103,1.9863458171073185,2.1833050954561535,2.321237521291492,2.41075555433843,2.534436814130768,2.6429400283948756,2.7291791740999867,,,,,,,,,,,2.1833050954561535,2.7291791740999867,2.2215521067870725,,"rgba(239, 83, 80, 0.5)",0.09206597712587124,2.0649124383861492,-0.5964465929805316,60.77946685964445,15.894255490184946,True,False,True,False,False,0.7977455077677575,0.0,0.0,0.0,0.0,0,0.9935822879455012,0.9312744039212427,False,False,False,False,0.08953248717129031,0.19812976753822528,False,False,False,False,17648236,17040077.946685567,False,False,False,False,1751897.4815477917,False,False,False,False
2023-07-10 00:00:00+00:00,2.06,2.09,1.965,2.02,3022909,,,,,,,,,,,,,,,,,,,,,,,,,,2.014605760167745,1.887249448554628,1.8778826915586782,1.876752841575293,1.9872738332898994,2.1814442140931143,2.3181927233493935,2.4072625372554857,2.530627182581196,2.639309424224372,2.725544249172291,,,,,,,,,,,2.1814442140931143,2.725544249172291,2.2223768096201906,,#000000,0.09467345490189093,2.0680103846609326,-0.0846106722231019,62.22116578127469,15.894255490184946,True,False,True,False,False,2.2376423211581873,0.0,0.0,0.0,0.0,0,1.0233821058240093,0.9137464650190582,False,False,False,False,0.21280201840847246,0.20546589297334888,False,False,False,False,20671145,17182472.733090054,False,False,False,False,1801741.0705067017,False,False,False,False
2023-07-11 00:00:00+00:00,2.02,2.13,2.02,2.06,3061207,,,,,,,,,,,,,,,,,,,,,,,,,,2.020638893535511,1.896434030591036,1.8858054577896748,1.883196008413326,1.9885059678493784,2.1798430700214753,2.3153730816622335,2.403963903672359,2.526969918620584,2.635787800199483,2.7219992128356365,,,,,,,,,,,2.1798430700214753,2.7219992128356365,2.223501576835518,,"rgba(239, 83, 80, 0.5)",0.0965742957240275,2.0713677511059028,-0.531898790675028,61.74657595754135,15.894255490184946,True,False,True,False,False,1.0332124408826182,0.0,0.0,0.0,0.0,0,1.028800364404323,0.9314878462876308,False,False,False,False,0.29138777544290884,0.24842683420812886,False,False,False,False,17609938,17199236.076890443,False,False,False,False,1851131.8912711449,False,False,False,False
2023-07-12 00:00:00+00:00,2.0,2.07,1.99,2.05,1759383,,,,,,,,,,,,,,,,,,,,,,,,,,2.020590235215685,1.900167763184801,1.8891384029082228,1.8859550172824207,1.9888241164248495,2.178672858670919,2.3135540730244943,2.4018987933412603,2.52473149519632,2.6336560644929596,2.7198673587181585,,,,,,,,,,,2.178672858670919,2.7198673587181585,2.2233687434963723,,"rgba(239, 83, 80, 0.5)",0.09766646680788688,2.072335195107022,-0.7406349125878342,60.7186663935714,15.894255490184946,True,False,True,False,False,0.433064674787623,0.0,0.0,0.0,0.0,0,1.016343650564073,0.9440266126699451,False,False,False,False,0.21686633398576038,0.2326465840969446,False,False,False,False,15850555,17146346.622894738,False,False,False,False,1847533.8955350216,False,False,False,False
2023-07-13 00:00:00+00:00,2.06,2.07,1.98,2.0,1994772,,,,,,,,,,,,,,,,,,,,,,,,,,2.021868089811752,1.9046892052757358,1.8931789566375594,1.8893241284910287,1.9893658715517009,2.1775038420856365,2.3116341752808056,2.399685115438854,2.522300401090127,2.6313220662857657,2.7175230799061727,,,,,,,,,,,2.1775038420856365,2.7175230799061727,2.2234904483504674,,#000000,0.1000590816458814,2.0737070339824006,-0.13698940422930406,61.46408001402912,15.894255490184946,True,False,True,False,False,2.1923134784058504,0.0,0.0,0.0,0.0,0,1.010061887782286,0.9444854297307267,False,False,False,False,0.20874461725926147,0.22069560067810304,False,False,False,False,17845327,17173757.618075337,False,False,False,False,1853307.9388473737,False,False,False,False
2023-07-14 00:00:00+00:00,1.91,2.07,1.91,2.07,2046872,,,,,,,,,,,,,,,,,,,,,,,,,,2.0174538949341203,1.9066169681924934,1.8950966578215098,1.8909837235699003,1.9890668617207832,2.17570986317653,2.3091735368945936,2.3969880779591524,2.519457944798807,2.628652985780043,2.7148769414049396,,,,,,,,,,,2.17570986317653,2.7148769414049396,2.2221888596593518,,"rgba(255, 0, 0, 1.0)",0.09951467816944648,2.0733671386866868,-1.6416386174561803,57.29998420451826,12.720215175850655,True,False,True,False,False,0.0,0.0,0.0,0.0,0.0,1,1.002073018556535,0.9434649599484766,False,False,False,False,0.15258489452996415,0.18664024760403358,False,False,False,False,15798455,17119824.182072382,False,False,False,False,1860898.6863435553,False,False,False,False
2023-07-17 00:00:00+00:00,1.85,1.9299,1.85,1.92,1551275,,,,,,,,,,,,,,,,,,,,,,,,,,2.0098407482879446,1.9058881412027198,1.8947219188319908,1.8907439178634802,1.9880965780059356,2.1738232198696816,2.306869980867132,2.3945619247518475,2.5169900442912496,2.626382563327713,2.7126539027246124,,,,,,,,,,,2.1738232198696816,2.7126539027246124,2.220052085456755,,"rgba(255, 26, 202, 1.0)",0.09937153869544356,2.0716924169753264,-2.2309447945127916,53.070616896752135,8.734219020876239,False,False,False,False,False,0.0,0.0,0.0,0.0,0.0,1,0.9817780896060939,0.9777889145033577,False,False,False,False,-0.00396009741638578,0.0913400750938239,False,False,False,False,14247180,17007171.469049938,False,False,False,False,1848756.5809967492,False,False,False,False
2023-07-18 00:00:00+00:00,1.87,1.905,1.84,1.85,821811,,,,,,,,,,,,,,,,,,,,,,,,,,2.0059935530368054,1.9054530651072132,1.894476658525997,1.8905765134251602,1.9875667076194155,2.1728168127489313,2.3056455787196954,2.3932735412155086,2.5156802191733085,2.625177388434767,2.711474017949022,,,,,,,,,,,2.1728168127489313,2.711474017949022,2.218921277814166,,"rgba(255, 26, 202, 1.0)",0.09908736703689142,2.07079119427797,-2.0264055881433696,50.83468228372227,6.696297756034106,False,False,False,False,False,0.0,0.0,0.0,0.0,0.0,1,0.9855996750279274,0.9906773636640602,False,False,False,False,-0.03106888669084048,0.03013559420149171,False,False,False,False,15068991,16931164.391832296,False,False,False,False,1808484.2052713865,False,False,False,False
2023-07-19 00:00:00+00:00,1.92,1.935,1.85,1.85,1150563,,,,,,,,,,,,,,,,,,,,,,,,,,2.002079338563301,1.9053868481703464,1.8945821712335464,1.8907111069583056,1.9870228583302427,2.1715582655623002,2.30406060606631,2.391583523335172,2.513940336538919,2.623563475309458,2.7098865018021088,,,,,,,,,,,2.1715582655623002,2.7098865018021088,2.2176704574427286,,"rgba(255, 0, 0, 1.0)",0.09929934723026981,2.0699134810863553,-1.5097126543915151,50.7740294366514,6.61538593045195,False,False,False,False,False,0.0,0.0,0.0,0.0,0.0,1,0.9671532101663775,1.0069613146881697,False,False,False,False,-7.764704033130429e-08,0.015067758277225689,False,False,False,False,16219554,16903258.10195652,False,False,False,False,1782683.3736921165,False,False,False,False
2023-07-20 00:00:00+00:00,1.87,1.91,1.84,1.91,887975,,,,,,,,,,,,,,,,,,,,,,,,,,1.9984562774302765,1.9049599872896796,1.8943442080048942,1.8905498486001995,1.9864700442724927,2.1704937770142743,2.3027603085435717,2.3902121603295745,2.512542439179166,2.622274118853646,2.7086227442984043,,,,,,,,,,,2.1704937770142743,2.7086227442984043,2.216516901256017,,"rgba(255, 26, 202, 1.0)",0.09880146623267823,2.0689983975825275,-2.0141239312570987,49.36826836854398,5.150442980337303,False,False,False,False,False,0.0,0.0,0.0,0.0,0.0,1,0.9612267695744897,1.0069259672996853,False,False,False,False,-0.0271832353495622,-0.006057738536168255,False,False,False,False,15331579,16841623.62736999,False,False,False,False,1747596.7708022296,False,False,False,False
2023-07-21 00:00:00+00:00,1.85,1.88,1.83,1.86,1036411,,,,,,,,,,,,,,,,,,,,,,,,,,1.9938412532689764,1.9041698227714547,1.8938150746613178,1.8901510839746736,1.9857187156477627,2.1691779409463123,2.30118232221275,2.388559128293388,2.5108677532585353,2.6207347865530584,2.707117352674083,,,,,,,,,,,2.1691779409463123,2.707117352674083,2.215030475842028,,"rgba(255, 26, 202, 1.0)",0.0981390813044253,2.0677494750058854,-2.2187845261199373,47.897900516053525,3.6008912916106652,False,True,False,True,False,0.0,0.0,0.0,0.0,0.0,1,0.9832626461156511,1.0080893762284058,False,False,False,False,-0.05830132463912761,-0.03217953158764793,False,False,False,False,14295168,16741762.622375088,False,False,False,False,1719707.132731554,False,False,False,False
2023-07-24 00:00:00+00:00,1.85,1.87,1.81,1.83,917227,,,,,,,,,,,,,,,,,,,,,,,,,,1.9897213387173676,1.9033567875742845,1.893245154097519,1.889711301966348,1.985011130475052,2.1679859129801264,2.2997640363681158,2.3870774824502643,2.5093702998381873,2.6193599188758454,2.7057739369980314,,,,,,,,,,,2.1679859129801264,2.7057739369980314,2.213670663667376,,"rgba(255, 26, 202, 1.0)",0.09803327252785064,2.066580398103106,-2.209253986105349,46.917655281059886,2.4889279739370025,False,True,False,True,False,0.0,0.0,0.0,0.0,0.0,1,0.9801798077916707,0.9936137232613411,False,False,False,False,-0.08171083772659699,-0.056945184657122457,False,False,False,False,14295168,16645817.735223124,False,False,False,False,1688237.3236048266,False,False,False,False
2023-07-25 00:00:00+00:00,1.8,1.8307,1.8,1.83,752128,,,,,,,,,,,,,,,,,,,,,,,,,,1.9857809530868968,1.9023473353266194,1.8924837190375314,1.8891037881134052,1.984301800440314,2.166915940113425,2.2985237139195918,2.3857949311406395,2.5080866141210914,2.618188215746326,2.7046332882143718,,,,,,,,,,,2.166915940113425,2.7046332882143718,2.2123782090236555,,"rgba(255, 26, 202, 1.0)",0.09817928076314515,2.065400235390272,-2.7032204078836437,44.85329669350428,0.3503708031255357,False,True,False,True,False,0.0,0.0,0.0,0.0,0.0,0,0.9915519596511506,0.995607859619628,False,False,False,False,-0.1203877102662787,-0.08866644746170058,False,False,False,False,13543040,16524140.17697908,False,False,False,False,1651527.1540516962,False,False,False,False
2023-07-26 00:00:00+00:00,1.81,1.88,1.8,1.84,1687827,,,,,,,,,,,,,,,,,,,,,,,,,,1.9784667234293483,1.9006292394121491,1.8912234965286685,1.8881070649764335,1.98290918300205,2.1646697699761903,2.2958748472119197,2.383035589277325,2.5053041342903546,2.6156351722717077,2.702140477648332,,,,,,,,,,,2.1646697699761903,2.702140477648332,2.2098177907294985,,"rgba(255, 26, 202, 1.0)",0.098288598772421,2.0631427986198303,-2.575505214047879,43.877997741604574,-0.7478765330885722,False,True,False,True,False,0.0,0.0,0.0,0.0,0.0,0,1.0041697378119407,0.9641571022428136,False,False,False,False,-0.08171083772659725,-0.0851886425941489,False,False,False,False,15230867,16473423.58180343,False,False,False,False,1652950.6774222178,False,False,False,False
2023-07-27 00:00:00+00:00,1.78,1.83,1.77,1.82,1977980,,,,,,,,,,,,,,,,,,,,,,,,,,1.968811311141846,1.8977240092734107,1.8889631874943553,1.8862703493824087,1.9809250604953788,2.161791028352964,2.2925671443853703,2.3796244597139347,2.50189676226798,2.6125255470179094,2.699115091525751,,,,,,,,,,,2.161791028352964,2.699115091525751,2.20638308645921,,"rgba(255, 26, 202, 1.0)",0.09835530369920609,2.0599377742799074,-2.846188906457182,42.35066221929508,-2.382596187793581,False,True,False,True,False,0.0,0.0,0.0,0.0,0.0,0,0.9978474200696424,0.9704125778199854,False,False,False,False,-0.14464754662298432,-0.11491809460856661,False,False,False,False,13252887,16347128.029575845,False,False,False,False,1665696.9253664445,False,False,False,False
2023-07-28 00:00:00+00:00,1.84,1.86,1.76,1.76,1521825,,,,,,,,,,,,,,,,,,,,,,,,,,1.9630704272753177,1.896137871388129,1.8877594236636484,1.88529673227025,1.9796395700880203,2.1597644848983935,2.2901861018887875,2.377144889585682,2.499395134890731,2.610226376757887,2.696869210648532,,,,,,,,,,,2.1597644848983935,2.696869210648532,2.2041354748504887,,"rgba(255, 26, 202, 1.0)",0.09832507218312689,2.0579311020883244,-2.2164347022541264,43.78736522968803,-2.382596187793581,False,True,False,True,False,0.0,0.0,0.0,0.0,0.0,0,1.0041609750971947,0.9621309236103815,False,False,False,False,-0.1288256608955913,-0.12187187775207896,False,False,False,False,14774712,16285464.655866988,False,False,False,False,1660054.8890775642,False,False,False,False
2023-07-31 00:00:00+00:00,1.94,1.95,1.86,1.88,2755126,,,,,,,,,,,,,,,,,,,,,,,,,1.9166666666666667,1.9600410531335823,1.8968692967130834,1.8886449380814998,1.8861094859997554,1.9787418520833162,2.157182723589108,2.286809732209909,2.373480549676589,2.4955503499523273,2.6066027498792734,2.6932773367123035,,,,,,,,,,,2.157182723589108,2.6932773367123035,2.1783313945581178,,"rgba(239, 83, 80, 0.5)",0.09884704719280209,2.0316950565022807,-0.9276458842865447,47.980262354420084,-7.321013219840815,False,True,False,False,True,0.0,0.0,0.0,0.0,0.0,0,1.0240494396145388,0.9433958311511471,False,False,False,False,0.01941412123690138,-0.05122887825758879,False,False,False,False,17529838,16334263.610538872,False,False,False,False,1702998.8542117774,False,False,False,False
2023-08-01 00:00:00+00:00,1.91,1.94,1.86,1.94,1479884,,,,,,,,,,,,,,,,,,,,,,,,,1.9120074600374812,1.9581199083440965,1.8969906813220634,1.8888827106420392,1.8863458925609264,1.9781688185899515,2.1557428414419033,2.28495680620614,2.371479516207961,2.4934589528798474,2.604634634883065,2.6913287325979325,,,,,,,,,,,2.1557428414419033,2.6913287325979325,2.1768430796427842,,"rgba(239, 83, 80, 1.0)",0.09898584847439305,2.03077926277263,-1.2201669696641035,49.7112672298323,-5.681222916863973,False,False,False,False,True,0.0,0.0,0.0,0.0,0.0,0,1.0105207563113974,0.9640435195943804,False,False,False,False,0.011647505124593996,-0.019790686566497396,False,False,False,False,16049954,16323114.214047153,False,False,False,False,1694249.2520858254,False,False,False,False
2023-08-02 00:00:00+00:00,1.84,1.9,1.83,1.88,1212623,,,,,,,,,,,,,,,,,,,,,,,,,1.8996888036816482,1.9553796573202797,1.8963796126112142,1.8884609801882768,1.8860158097489927,1.9774169432215196,2.1543592211529523,2.2832677677628124,2.36969032808766,2.49162158284102,2.602923378363474,2.6896450540891452,,,,,,,,,,,2.1543592211529523,2.6896450540891452,2.174570761589083,,"rgba(255, 0, 0, 1.0)",0.09898366413587179,2.0291447948291603,-1.9108687931528487,48.615484045641516,-5.681222916863973,False,False,False,False,True,0.0,0.0,0.0,0.0,0.0,0,0.9850749441904965,0.9850749441904965,False,False,False,False,-0.04273194074298161,-0.031261313654739505,False,False,False,False,14837331,16264848.205653148,False,False,False,False,1675361.9480824599,False,False,False,False
2023-08-03 00:00:00+00:00,1.87,1.9,1.81,1.84,1616534,,,,,,,,,,,,,,,,,,,,,,,,,1.8906065862636978,1.9520647098471418,1.8956592396499359,1.887972824762781,1.8856357297055737,1.976456252183634,2.1525549508602557,2.281054171184662,2.3673398045359866,2.4892014034350955,2.600664397107355,2.687420035889634,,,,,,,,,,,2.1525549508602557,2.687420035889634,2.172219175452146,,"rgba(255, 0, 0, 1.0)",0.09816276243018644,2.0274091288132086,-1.6035523544394765,48.8932735727499,-5.681222916863973,False,False,False,False,True,0.0,0.0,0.0,0.0,0.0,0,0.9614831971519868,1.00853546076476,False,False,False,False,-0.05830132463912761,-0.044781319146933556,False,False,False,False,16453865,16272260.628960866,False,False,False,False,1673054.969726285,False,False,False,False
2023-08-04 00:00:00+00:00,1.85,1.91,1.85,1.89,797294,,,,,,,,,,,,,,,,,,,,,,,,,1.8885167065850315,1.9506816864936853,1.8954110658857095,1.8878220600093916,1.8855238705889785,1.9760283852063762,2.151703323556716,2.27999663017734,2.3662111568596265,2.4880334212656954,2.599570265962384,2.686340229009005,,,,,,,,,,,2.151703323556716,2.686340229009005,2.171319900133328,,"rgba(255, 0, 0, 1.0)",0.09555433339534063,2.026749078623112,-1.8497233180607444,48.423133545468374,-5.681222916863973,False,False,False,False,True,0.0,0.0,0.0,0.0,0.0,0,0.9739426391207265,0.997788809642524,False,False,False,False,-0.019414276589521797,-0.032097797868227675,False,False,False,False,15656571,16248115.937629068,False,False,False,False,1638711.4022860385,False,False,False,False
2023-08-07 00:00:00+00:00,1.83,1.85,1.79,1.85,998109,,,,,,,,,,,,,,,,,,,,,,,,,1.88117322247769,1.9480504575413728,1.8945487908169563,1.8871518824462006,1.884971837893845,1.9752639470362574,2.150468985813476,2.2785305516522465,2.3646732335237126,2.4864675171250905,2.598117847228641,2.684915419029977,,,,,,,,,,,2.150468985813476,2.684915419029977,2.1695278077154554,,"rgba(255, 26, 202, 1.0)",0.09492377216756503,2.0253255456745043,-2.05770947797675,47.44650537787397,-5.681222916863973,False,True,False,True,True,0.0,0.0,0.0,0.0,0.0,1,0.9705952717544966,0.9934317840753388,False,False,False,False,-0.11306766539341871,-0.0725827316308232,False,False,False,False,14658462,16185776.567525968,False,False,False,False,1613589.739451292,False,False,False,False
2023-08-08 00:00:00+00:00,1.75,1.79,1.64,1.76,2736128,,,,,,,,,,,,,,,,,,,,,,,,,1.844715760965834,1.9361834152358308,1.8892179756666894,1.8827065908795708,1.8812112755724892,1.9718984241382576,2.1461464359864415,2.2737161076250407,2.3597567281264222,2.481592209826813,2.5936707449400767,2.6805980590444944,,,,,,,,,,,2.1461464359864415,2.6805980590444944,2.1617844773339967,,"rgba(255, 26, 202, 1.0)",0.09552925121571457,1.9860936064679429,-2.47142737395502,44.43482157104765,-5.681222916863973,False,True,False,True,False,0.0,0.0,0.0,0.0,0.0,1,0.9442575890657469,0.9935302812828037,True,False,False,False,-0.2829650461210333,-0.17777388887592824,False,False,False,False,11922334,16018582.741348479,False,False,False,False,1657610.8477081042,False,False,False,False
2023-08-09 00:00:00+00:00,1.76,1.82,1.735,1.75,1133684,,,,,,,,,,,,,,,,,,,,,,,,,1.8382099785624575,1.9326088585431376,1.8876914797318873,1.8814466677213049,1.8801435722761475,1.97078152117231,2.1445705341062453,2.271907895996403,2.3578849844987455,2.479709785471825,2.591936356671467,2.6789044361002525,,,,,,,,,,,2.1445705341062453,2.6789044361002525,2.1596496725710153,,"rgba(255, 26, 202, 1.0)",0.09593485026565036,1.9849745825037364,-2.3450767044589726,42.85724202390276,-2.292149512560208,False,True,False,True,False,0.0,0.0,0.0,0.0,0.0,1,0.9669990856705436,0.9701886070297049,False,False,False,False,-0.18052406992626918,-0.1791489794010987,False,False,False,False,13056018,15902403.731883833,False,False,False,False,1637064.6968175904,False,False,False,False
2023-08-10 00:00:00+00:00,1.75,1.78,1.72,1.77,1232632,,,,,,,,,,,,,,,,,,,,,,,,,1.8304223884414763,1.9283944670852409,1.885774455193166,1.8798447845721624,1.8787788460911385,1.9694505745819013,2.1427733842824797,2.2698720699031103,2.3557886283786926,2.4776120725772133,2.590009285021351,2.6770263343489287,,,,,,,,,,,2.1427733842824797,2.6770263343489287,2.157145607539739,,"rgba(255, 26, 202, 1.0)",0.09640417919241377,1.9829646456986159,-2.4165409388906274,41.50733526221576,-3.6762431483200544,False,True,False,True,False,0.0,0.0,0.0,0.0,0.0,1,0.9723149546024794,0.9723149546024794,False,False,False,False,-0.22501648243208355,-0.20208273091659112,False,False,False,False,11823386,15742442.252202114,False,False,False,False,1621204.5910600377,False,False,False,False
2023-08-11 00:00:00+00:00,1.73,1.75,1.72,1.72,861354,,,,,,,,,,,,,,,,,,,,,,,,,1.824780752480363,1.9252985886518175,1.884305643429818,1.87860764608384,1.8777208098014782,1.9684600889164658,2.141474357451036,2.268413544707852,2.354292204198571,2.4761199373723404,2.5886412748078174,2.675694917982306,,,,,,,,,,,2.141474357451036,2.675694917982306,2.1553174804903086,,"rgba(255, 26, 202, 1.0)",0.09680815988240389,1.9813177304717093,-2.5960387097223356,39.996451650049494,-5.218750166174843,False,True,False,True,False,0.0,0.0,0.0,0.0,0.0,1,0.9784650433063252,0.9763158460315072,False,False,False,False,-0.24964853897200828,-0.2258656349442997,False,False,False,False,10962032,15554975.183488306,False,False,False,False,1591406.5286655265,False,False,False,False
2023-08-14 00:00:00+00:00,1.73,1.74,1.69,1.73,1515704,,,,,,,,,,,,,,,,,,,,,,,,,1.815060701937866,1.919720711049682,1.8815662936476025,1.8762854545876522,1.8757273936457879,1.9666394835499654,2.1391343685644806,2.265802698718607,2.3516202113466864,2.4734618664611454,2.5862072371451426,2.6733281358077448,,,,,,,,,,,2.1391343685644806,2.6733281358077448,2.15204621303853,,"rgba(255, 26, 202, 1.0)",0.09680815988240389,1.9782343150159325,-2.5641879291732335,38.98919590860531,-6.296939688220583,False,True,False,True,False,0.0,0.0,0.0,0.0,0.0,1,0.9718966522048824,0.9762136027110447,False,False,False,False,-0.2829650461210333,-0.2544153405326665,False,False,False,False,10962032,15374859.76452798,False,False,False,False,1588437.8020511921,False,False,False,False
2023-08-15 00:00:00+00:00,1.68,1.73,1.6401,1.71,1791274,,,,,,,,,,,,,,,,,,,,,,,,,1.8020493616503512,1.9123676529971378,1.8777365335294325,1.8730041561377515,1.872896431741117,1.9642074643142668,2.1361634306411865,2.262544089131263,2.348309829675699,2.4701929609796887,2.5832272821712277,2.6704392144991824,,,,,,,,,,,2.1361634306411865,2.6704392144991824,2.1477615339556917,,"rgba(255, 26, 202, 1.0)",0.09857872876925837,1.9738676698570845,-2.9810454397818,36.77698267811383,-8.50500206389924,False,True,False,True,False,0.0,0.0,0.0,0.0,0.0,0,0.9518790884603872,0.9828551883363972,False,False,False,False,-0.3340527616058624,-0.2942340510692645,False,False,False,False,9170758,15131561.656115118,False,False,False,False,1596392.162755067,True,False,False,False
2023-08-16 00:00:00+00:00,1.8,1.81,1.65,1.69,2830773,,,,,,,,,,,,,,,,,,,,,,,,,1.7954703227342013,1.9049152656796122,1.8740503228074976,1.8698717129269748,1.8701789106914077,1.9613846930656893,2.1322599843701986,2.2580813475656876,2.3436882229701705,2.4655363519860307,2.5789209766154046,2.666229218407999,,,,,,,,,,,2.1322599843701986,2.666229218407999,2.143382277485073,,"rgba(255, 0, 0, 1.0)",0.09861198874539323,1.9703606863003906,-1.7275859504288638,40.89734158756448,-8.50500206389924,False,True,False,True,True,0.0,0.0,0.0,0.0,0.0,1,0.9663995972985441,0.9601073870548259,False,False,False,False,-0.25792421636449897,-0.27607913371688175,False,False,False,False,12001531,15008815.355875311,False,False,False,False,1644799.2544117311,False,False,False,False
2023-08-17 00:00:00+00:00,1.9,1.95,1.79,1.8,4751825,,,,,,,,,,,,,,,,,,,,,,,,1.8800000000000003,1.8110916469074874,1.9030983261813443,1.8743322362211456,1.870298008866531,1.8705398459890943,1.9595961482567632,2.128015005978594,2.252599812522285,2.3377199536379085,2.4592204564927047,2.5728856716748294,2.660217023801293,,,,,,,,,,,2.128015005978594,2.660217023801293,2.121508779733076,,#000000,0.09875403971664956,1.9487745375517544,-0.4938991629274213,46.785918539980415,-8.650405153202897,False,True,False,True,True,0.0,0.0,0.0,0.0,0.0,1,0.9999586588945387,0.9317458348836247,False,False,False,False,-0.034955476135415706,-0.15551730492614874,False,False,False,False,16753356,15077228.714468436,False,False,False,False,1766643.4012975455,False,False,False,False
2023-08-18 00:00:00+00:00,1.86,1.95,1.84,1.88,2927305,,,,,,,,,,,,,,,,,,,,,,,,1.8812706756277515,1.8184754322189494,1.902248570136503,1.874587523916649,1.8706274572239028,1.870823078682375,1.9585774694010987,2.125504523858497,2.2493309046378522,2.334145370617229,2.4554190030297947,2.5692369413434504,2.6565744669760174,,,,,,,,,,,2.125504523858497,2.6565744669760174,2.1205247244361596,,"rgba(239, 83, 80, 0.5)",0.09877684376847695,1.9493235442049734,-0.9042963998155156,49.2399886303605,-6.599219852534276,False,False,False,False,True,0.0,0.0,0.0,0.0,0.0,1,0.9979110346522486,0.9395428852297861,False,False,False,False,0.0038822938854346594,-0.07581750552035704,False,False,False,False,13826051,15028162.921744183,False,False,False,False,1812159.5424231319,False,False,False,False
2023-08-21 00:00:00+00:00,1.79,1.88,1.79,1.84,1350905,,,,,,,,,,,,,,,,,,,,,,,,1.8721045027326402,1.8185441040092467,1.9006484576945823,1.8738822833886586,1.870043780405539,1.8703090851049005,1.9577284745968115,2.12406480174242,2.247584112647935,2.332285559660277,2.453489220482878,2.5674118217447752,2.6547682368493226,,,,,,,,,,,2.12406480174242,2.6547682368493226,2.118681880081538,,"rgba(255, 0, 0, 1.0)",0.09881131350039281,1.948118427706667,-1.6002057062629613,48.58863261489961,-6.599219852534276,False,False,False,False,True,0.0,0.0,0.0,0.0,0.0,1,0.9958882918091514,0.9450008141996415,False,False,False,False,-0.08953264371355066,-0.08267507461695385,False,False,False,False,12475146,14928044.611087548,False,False,False,False,1794071.1289947738,False,False,False,False
2023-08-22 00:00:00+00:00,1.76,1.8495,1.76,1.79,1258802,,,,,,,,,,,,,,,,,,,,,,,,1.862038922669297,1.8173875847633194,1.8986753475438427,1.8728824867062144,1.8691912513096203,1.8695577722674919,1.9567754351028734,2.122603506272271,2.245855222716968,2.3304632776656957,2.451616398750612,2.565650801634267,2.6530315894679646,,,,,,,,,,,2.122603506272271,2.6530315894679646,2.116594584374649,,"rgba(255, 0, 0, 1.0)",0.09872666790159676,1.9465439630270893,-1.8894992304715699,47.26579620833493,-6.599219852534276,False,True,False,False,True,0.0,0.0,0.0,0.0,0.0,1,0.9939141124075531,0.9436350079600185,False,False,False,False,-0.1428412790005033,-0.11275817680872857,False,False,False,False,11216344,14782487.724378232,False,False,False,False,1773080.1827596847,False,False,False,False
2023-08-23 00:00:00+00:00,1.77,1.785,1.73,1.75,1073684,,,,,,,,,,,,,,,,,,,,,,,,1.8525544002368255,1.8155367208684832,1.8966257273252967,1.8717654155459456,1.8682252322488087,1.868705426336518,1.95583534172354,2.12126251968878,2.2443004210343767,2.3288381498192843,2.449959690961331,2.5641007416752917,2.6515076781385716,,,,,,,,,,,2.12126251968878,2.6515076781385716,2.1145551896617736,,"rgba(255, 0, 0, 1.0)",0.09685170237145788,1.944879317744228,-1.8056401019520423,46.75776745214241,-6.599219852534276,False,True,False,True,True,0.0,0.0,0.0,0.0,0.0,1,0.9877575092022044,0.9684379639232913,False,False,False,False,-0.2195996762860837,-0.16617892654740613,False,False,False,False,12290028,14684744.205775164,False,False,False,False,1745652.8814749913,False,False,False,False
2023-08-24 00:00:00+00:00,1.7,1.76,1.69,1.75,1693959,,,,,,,,,,,,,,,,,,,,,,,,1.8349242082347872,1.8106133334728691,1.892476241843804,1.8693459425675016,1.8661070067936665,1.8668337471991214,1.954030928707087,2.1189047422213028,2.2416407692848006,2.326091035319372,2.447192174187776,2.561530852867942,2.6489929069326723,,,,,,,,,,,2.1189047422213028,2.6489929069326723,2.110667991510208,,"rgba(255, 26, 202, 1.0)",0.09624012760880644,1.941455702914346,-2.508888017021412,44.36212329514732,-6.599219852534276,False,True,False,True,False,0.0,0.0,0.0,0.0,0.0,1,0.963502319081279,0.9776801085613593,False,False,False,False,-0.273861146911237,-0.22002003672932155,False,False,False,False,10596069,14524404.00162712,False,False,False,False,1743625.6704367565,False,False,False,False
2023-08-25 00:00:00+00:00,1.69,1.7187,1.67,1.71,942006,,,,,,,,,,,,,,,,,,,,,,,,1.8253669135171715,1.8074414822345202,1.8899495817360663,1.867828459937454,1.864771194102772,1.8656511176616495,1.9529399344213956,2.117528669223539,2.240106878191511,2.3245148518292424,2.4456124089313462,2.560068464713818,2.647564794486776,,,,,,,,,,,2.117528669223539,2.647564794486776,2.1084111346913277,,"rgba(255, 26, 202, 1.0)",0.09747034661098546,1.9394026544438905,-2.5587541556539564,42.49120269767395,-1.569087459107422,False,True,False,True,False,0.0,0.0,0.0,0.0,0.0,1,0.9607594936708861,0.9900163331972234,False,False,False,False,-0.32651288533600104,-0.2732664610326613,False,False,False,False,9654063,14333410.23685743,False,False,False,False,1712189.6049294327,False,False,False,False
2023-08-28 00:00:00+00:00,1.71,1.725,1.68,1.69,830659,,,,,,,,,,,,,,,,,,,,,,,,1.818624524794473,1.8050639099653845,1.8879076605083893,1.8666029118954715,1.863691988437807,1.8646936554634552,1.9520298478643645,2.116356973057661,2.2387911451865787,2.3231579744612705,2.444247160371174,2.5588009495932043,2.646324939255919,,,,,,,,,,,2.116356973057661,2.646324939255919,2.1066379723734734,,"rgba(255, 26, 202, 1.0)",0.09816551567870271,1.9377996796457022,-2.320567238614568,42.13565623306452,-2.078558447864367,False,True,False,True,False,0.0,0.0,0.0,0.0,0.0,1,0.9693656944727717,0.972425045890271,False,False,False,False,-0.3123520309253323,-0.2928092459789968,False,False,False,False,10484722,14182481.286392432,False,False,False,False,1677619.7772851414,False,False,False,False
2023-08-29 00:00:00+00:00,1.74,1.77,1.695,1.7,856764,,,,,,,,,,,,,,,,,,,,,,,,1.8140569551138754,1.803425898944202,1.8861860465466815,1.8655891277821892,1.862801598067135,1.8639012754100148,1.951211283174853,2.1152430361924965,2.2375167146111625,2.321832286503664,2.4429012013827784,2.557543329467651,2.645090179043431,,,,,,,,,,,2.1152430361924965,2.645090179043431,2.105176840941549,,"rgba(255, 0, 0, 1.0)",0.09836721053331374,1.936523784696314,-1.997858672934085,43.21113539352834,-2.078558447864367,False,True,False,True,False,0.0,0.0,0.0,0.0,0.0,1,0.9786091907279382,0.9633590890605939,False,False,False,False,-0.26120991063548743,-0.27700957830724215,False,False,False,False,11341486,14071069.706533905,False,False,False,False,1645429.3546465086,False,False,False,False
2023-08-30 00:00:00+00:00,1.87,1.9499,1.7,1.73,5832028,,,,,,,,,,,,,,,,,,,,,,,,1.8210792901661532,1.8084426483865368,1.8828958802048124,1.8643125035574764,1.8617745272352992,1.8629456155330397,1.9484266908103816,2.1098763555736113,2.230786930742177,2.3145508185324553,2.4352118710737893,2.550163197501362,2.637732460459296,,,,,,,,,,,2.1098763555736113,2.637732460459296,2.1021691376751073,,"rgba(239, 83, 80, 0.5)",0.09790195499983625,1.9352586494041464,-0.6665714632997413,48.347721928163104,-7.4087542996826485,False,False,False,False,True,0.0,0.0,0.0,0.0,0.0,1,0.9804216573203853,0.9296391097911252,False,False,False,False,-0.1105795428177193,-0.19379456056248073,False,False,False,False,17173514,14192734.188630614,False,False,False,False,1809609.6936799788,False,False,False,False
2023-08-31 00:00:00+00:00,2.05,2.095,1.87,1.9,7877782,,,,,,,,,,,,,,,,,,,,,,,,1.8703683467582477,1.8391919175624172,1.893607025264504,1.8731839587076913,1.8699778546691623,1.8702150842157914,1.9502769694012316,2.1071853788818946,2.2257394619277635,2.3083587760998774,2.4279262371834682,2.5426932972520393,2.630017087717008,,,,,,,,,,,2.1071853788818946,2.630017087717008,2.1083647227416225,,"rgba(38, 166, 154, 1.0)",0.10097595824819557,1.9451464093494366,1.0384015410166898,55.494299350036925,-0.8010700558885304,True,False,True,False,True,4.520527011271319,0.0,0.0,0.0,0.0,0,1.0115602466701463,0.9274681513271087,False,False,False,False,0.1383530265078122,-0.027720767027334267,False,False,False,False,25051296,14618560.14201765,False,False,False,False,2047577.2351042936,False,False,False,False
2023-09-01 00:00:00+00:00,1.97,2.12,1.955,2.09,3139935,,,,,,,,,,,,,,,,,,,,,,,,1.8843263876853378,1.8495107820540877,1.8977080326714424,1.8766609284854034,1.8732146689609919,1.8731092199976196,1.9511098375095526,2.1062521415283717,2.2238782969929094,2.3060383439349086,2.425157686313687,2.5398270005661128,2.6270424434487,,,,,,,,,,,2.1062521415283717,2.6270424434487,2.1102950592422407,,#000000,0.10145659880677378,1.9485529069262175,0.21139180029707966,57.54734163290625,0.8815253687953799,True,False,True,False,True,2.0631790031806254,0.0,0.0,0.0,0.0,0,1.0076275896433433,0.9338431169627629,False,False,False,False,0.22777483622892405,0.1000270346007949,False,False,False,False,21911361,14904552.332526762,False,False,False,False,2090414.7945119685,False,False,False,False
2023-09-05 00:00:00+00:00,2.06,2.14,1.93,1.97,5107597,,,,,,,,,,,,,,,,,,,,,,,,1.905901128893818,1.8664031653600806,1.905293749165303,1.8830531434469218,1.8791746288783986,1.878469852261782,1.95300069180163,2.1052328156484843,2.221321326789019,2.3027011469822103,2.4210383359517884,2.535478606966909,2.6224858865786427,,,,,,,,,,,2.1052328156484843,2.6224858865786427,2.1138118829788457,,"rgba(38, 166, 154, 1.0)",0.10433366433472346,1.9545615456249905,1.010589008325651,60.52728763170278,3.541049334622059,True,False,True,False,True,4.561920720200796,0.0,0.0,0.0,0.0,0,1.005772955489949,0.9303860546456306,False,False,False,False,0.223642208515728,0.16183462155826145,False,False,False,False,27018958,15379627.064584536,False,False,False,False,2208735.665315421,False,False,False,False
2023-09-06 00:00:00+00:00,2.0,2.11,1.95,2.08,2707807,,,,,,,,,,,,,,,,,,,,,,,,1.9135578729096359,1.8731866560851906,1.908376348505758,1.885782115833335,1.8817425460592327,1.8807939486369778,1.9537211233218377,2.1045069999938217,2.219821011532431,2.3008099919936824,2.4187575991890835,2.5330962051021637,2.6200027839345066,,,,,,,,,,,2.1045069999938217,2.6200027839345066,2.1149350156228968,,#000000,0.10600815878849597,1.956899891974663,0.40657349885048916,60.638585000838596,3.614618797241974,True,False,True,False,True,2.7499249445796288,0.0,0.0,0.0,0.0,0,1.0056821336689554,0.938125821318181,False,False,False,False,0.2153992942993386,0.1886169579288,False,False,False,False,24311151,15729882.905189065,False,False,False,False,2228307.090205012,False,False,False,False
2023-09-07 00:00:00+00:00,2.08,2.11,1.93,1.99,2393024,,,,,,,,,,,,,,,,,,,,,,,,1.92063672524616,1.879452837326945,1.9114298593224501,1.8884509986148867,1.884252413482512,1.8830713354413302,1.954533296584005,2.1040251636658787,2.218644458147818,2.2992771648974064,2.416863500086721,2.5310903704024557,2.617897899492696,,,,,,,,,,,2.1040251636658787,2.617897899492696,2.1161250786700974,,"rgba(38, 166, 154, 1.0)",0.10931696207906373,1.9591929755439792,1.1051077724667004,62.15314768644872,5.171878162959558,True,False,True,False,True,4.9213765035787915,0.0,0.0,0.0,0.0,0,1.0046830299385923,0.9399952623043423,False,False,False,False,0.19899839298917188,0.19380767545898595,False,False,False,False,26704175,16160247.301064005,False,False,False,False,2234766.576863639,False,False,False,False
2023-09-08 00:00:00+00:00,2.2,2.24,2.03,2.08,5684859,,,,,,,,,,,,,,,,,,,,,,,,1.9483432352182413,1.9021638932425384,1.9242391676726511,1.8990424174341958,1.8941431243437308,1.8920631127988767,1.9589545970619673,2.1049429779829056,2.217695861717007,2.2973134814131733,2.413808670345952,2.5275067435221015,2.6139554928966944,,,,,,,,,,,2.1049429779829056,2.6139554928966944,2.1226286750500023,,"rgba(0, 255, 255, 0.75)",0.11585172256647244,1.9689111645654527,1.9946948592150218,64.95127880266296,7.960406311883041,True,False,True,False,True,8.003358236703306,0.0,0.0,0.0,0.0,0,1.0206132302374886,0.9181706426268059,False,False,False,False,0.3428280898065686,0.2683178826327773,False,False,False,False,32389034,16796670.308865417,False,False,False,False,2370064.318947418,False,False,False,False
2023-09-11 00:00:00+00:00,2.4,2.43,2.21,2.25,8643649,,,,,,,,,,,,,,,,,,,,,,,,2.0086693555137414,1.9514006398004227,1.9553191016793448,1.9243959450091566,1.917817558922052,1.9136987648874013,1.97143389632149,2.1111855009630274,2.2206289381649853,2.298325559469867,2.4126311388818245,2.5249128207371974,2.6105262908891236,,,,,,,,,,,2.1111855009630274,2.6105262908891236,2.140072731633818,,"rgba(0, 255, 0, 1.0)",0.132377020950288,1.9925350947405984,3.0780637178141226,68.97928007586714,11.840262987556628,True,False,True,False,True,12.66560164512877,0.0,0.0,0.0,0.0,0,1.0400319283693973,0.8942719811206163,False,False,False,False,0.3428281377672375,0.3055730102000074,False,False,False,False,41032683,17747102.17910599,False,False,False,False,2616087.2476161467,False,False,False,False
2023-09-12 00:00:00+00:00,2.25,2.46,2.22,2.39,6386339,,,,,,,,,,,,,,,,,,,,,,,,2.0389944756678764,1.9785285215497626,1.9736056382688052,1.9398847055419028,1.932412776485762,1.9271607307975978,1.9792984123807806,2.1149080054584397,2.222105823971015,2.298499803903306,2.411318271554036,2.5226590944692227,2.607704321814369,,,,,,,,,,,2.1149080054584397,2.607704321814369,2.1497754293740674,,"rgba(0, 255, 255, 0.75)",0.1401463842166695,2.0062549462672563,1.7392175695086667,67.71571364378688,11.840262987556628,True,False,True,False,True,8.232864891630367,0.0,0.0,0.0,0.0,0,1.0356339528826801,0.8986453347765055,False,False,False,False,0.3428281413292845,0.32420057576464595,False,False,False,False,34646344,18409817.544631243,False,False,False,False,2763940.2575135524,False,False,False,False
2023-09-13 00:00:00+00:00,2.44,2.585,2.23,2.26,8777580,,,,,,,,,,,,,,,,,,,,,,,,2.085088579831564,2.0199504118130562,2.0030347363105516,1.9649166942810306,1.9560581322274027,1.9490697406255242,1.9928815986128032,2.122520500392184,2.2264637412201957,2.3009086283032643,2.411439478265825,2.5211767869119392,2.6052914352926657,,,,,,,,,,,2.122520500392184,2.6052914352926657,2.166061574160616,,"rgba(0, 255, 0, 1.0)",0.1553650742808811,2.0285075963706234,2.6485515199217073,68.92094847014366,11.86335223458078,True,False,True,False,True,12.328746283257917,0.0,0.0,0.0,0.0,0,1.0227379240129932,0.894261381082435,False,False,False,False,0.34282815189515226,0.3335143638298991,False,False,False,False,43423924,19390762.895822175,False,False,False,False,2999769.267022825,False,False,False,False
2023-09-14 00:00:00+00:00,2.47,2.52,2.4,2.44,4703252,,,,,,,,,,,,,,,,,,,,,,,,2.108210310004299,2.041250951832779,2.0187968213467786,1.9785082318808926,1.9689486117534485,1.9610741272558683,2.0005534557846936,2.1270412996064585,2.2292493127082236,2.302639439191969,2.4119155060946866,2.5207397374825837,2.604328821413596,,,,,,,,,,,2.1270412996064585,2.604328821413596,2.174865894335098,,"rgba(0, 255, 0, 1.0)",0.169965338278761,2.040480064715528,2.527103111929882,70.00861085784021,13.119816414512513,True,False,True,False,True,12.942117176694268,0.0,0.0,0.0,0.0,0,1.056675124032386,0.904765752517009,False,False,False,False,0.3428281588405187,0.3381712613352089,False,False,False,False,48127176,20517681.056770325,False,False,False,False,3066572.5114533026,False,False,False,False
2023-09-15 00:00:00+00:00,2.39,2.64,2.35,2.585,6001014,,,,,,,,,,,,,,,,,,,,,,,2.4600000000000004,2.1336633498959547,2.0654364483987817,2.037266815067253,1.99469788257467,1.9843699175022074,1.9755042671834835,2.0099183554224305,2.1325827973951132,2.232660505593833,2.3047502764853274,2.412471787167147,2.520159763047205,2.6030907946828705,,,,,,,,,,,2.1325827973951132,2.6030907946828705,2.204755211458305,,"rgba(0, 255, 255, 0.75)",0.17947591371435084,2.064116672971251,1.8157496473171129,68.80327612826679,13.119816414512513,True,False,True,False,True,10.660831247989176,0.0,0.0,0.0,0.0,0,1.0619081814993572,0.9316454850615407,False,False,False,False,0.3428281629705516,0.3404997121528802,False,False,False,False,42126162,21365072.466308746,False,False,False,False,3181648.6482590553,False,False,False,False
2023-09-18 00:00:00+00:00,2.25,2.405,2.25,2.32,3188239,,,,,,,,,,,,,,,,,,,,,,,2.4050657732099303,2.1398823311867163,2.0724693876039293,2.0430193896202327,2.0000852844043253,1.989577063275847,1.9804402316508827,2.0130438947049423,2.134064776020899,2.2331982547760885,2.304728456199865,2.411794903321671,2.5190569489811345,2.6017233602673935,,,,,,,,,,,2.134064776020899,2.6017233602673935,2.2034392896588466,,"rgba(38, 166, 154, 1.0)",0.18373718010067774,2.065695641588179,1.0030869000538303,65.03901995543482,13.119816414512513,True,False,True,False,False,6.868455379899405,0.0,0.0,0.0,0.0,0,1.0453973737610898,0.918781129987087,False,False,False,False,0.1959811928073934,0.26824045248013684,False,False,False,False,38937923,22054203.859786835,False,False,False,False,3181907.093425367,False,False,False,False
2023-09-19 00:00:00+00:00,2.21,2.315,2.2,2.25,2642100,,,,,,,,,,,,,,,,,,,,,,,2.368576558544629,2.142911744479554,2.07654326925921,2.0465375967495953,2.0035484727900985,1.992959431717437,1.9836757283742994,2.0150557457710656,2.134840692552882,2.2332525918989665,2.3043608131304714,2.410937991580267,2.5179015248329346,2.6003748069978725,,,,,,,,,,,2.134840692552882,2.6003748069978725,2.2022483549056635,,"rgba(38, 166, 154, 0.5)",0.18658650144777383,2.066512708405919,0.7690121765547083,61.756016841091494,18.497314024668313,True,False,True,False,False,5.825221047865131,0.0,0.0,0.0,0.0,0,1.0194359051890673,0.9421626434174939,False,False,False,False,0.13732627105004744,0.20278336176509215,False,False,False,False,36295823,22612698.72803049,False,False,False,False,3160738.187800843,False,False,False,False
2023-09-20 00:00:00+00:00,2.18,2.29,2.18,2.21,2518689,,,,,,,,,,,,,,,,,,,,,,,2.3419136558392424,2.1449466454772974,2.079687361560677,2.049362290590988,2.0064216581364747,1.9957846475832943,1.9863946104656915,2.016732956611754,2.1353993381507195,2.2331517569021657,2.3038761398813468,2.410009638086575,2.516710119208554,2.5990096718108533,,,,,,,,,,,2.1353993381507195,2.5990096718108533,2.2013857493075455,,"rgba(38, 166, 154, 0.5)",0.18866357874784304,2.0673019157732297,0.5973494459012475,58.97468812947402,15.814018783301265,True,False,True,False,False,5.0446138066694,0.0,0.0,0.0,0.0,0,1.0068370038132677,0.9530816912765208,False,False,False,False,0.11868922229572759,0.16073629203040987,False,False,False,False,33777134,23050519.719088122,False,False,False,False,3135559.7882792414,False,False,False,False
2023-09-21 00:00:00+00:00,2.12,2.1998,2.11,2.16,2584236,,,,,,,,,,,,,,,,,,,,,,,2.311599360732514,2.1449003977418437,2.0811181422725378,2.050935187557463,2.008288740572911,1.997671235206983,1.988250642908691,2.0178038500740323,2.1354540647571816,2.2325945502956204,2.302970508557945,2.4087081771393244,2.5152008104389907,2.597352109534379,,,,,,,,,,,2.1354540647571816,2.597352109534379,2.1994891269850294,,#000000,0.18885601551073838,2.0669567980864296,0.28086583194144765,55.94213508592942,12.91227588511964,True,False,True,False,False,3.4974190945271566,0.0,0.0,0.0,0.0,0,1.0001173964814598,0.958223623526255,False,False,False,False,0.052913655349371785,0.10682497368989083,False,False,False,False,31192898,23369828.671280745,False,False,False,False,3113939.2475624084,False,False,False,False
2023-09-22 00:00:00+00:00,2.08,2.145,2.07,2.12,2118562,,,,,,,,,,,,,,,,,,,,,,,2.287885452384002,2.143872660061234,2.0814299874161053,2.051577227113833,2.0092847661129674,1.9987159126208984,1.9893081319554944,2.0183587326803583,2.1352435768500477,2.23191568020754,2.3020288989997324,2.4074716603589073,2.5138241599553965,2.5958686259619834,,,,,,,,,,,2.1352435768500477,2.5958686259619834,2.19762753376275,,#000000,0.18900707837452374,2.066239455998386,0.07280438447044296,53.150862407548765,10.250834619795256,False,False,False,False,False,2.478645815453458,0.0,0.0,0.0,0.0,0,0.9950737259781092,0.9673319098138776,False,False,False,False,0.014240687964653448,0.060532830827272135,False,False,False,False,29074336,23593534.841034442,False,False,False,False,3074904.8456972158,False,False,False,False
2023-09-25 00:00:00+00:00,2.18,2.2,2.04,2.06,3079823,,,,,,,,,,,,,,,,,,,,,,,2.2673067711101917,2.143752272297957,2.0829327779474665,2.0532848038300155,2.011353456696311,2.0008157749498983,1.991383562805627,2.019565109822343,2.1352824643830353,2.2312449781396553,2.30095226522669,2.405931493222469,2.512038093280243,2.5939069949899554,,,,,,,,,,,2.1352824643830353,2.5939069949899554,2.1964107727644184,,"rgba(38, 166, 154, 0.5)",0.19045701319161654,2.066492517602378,0.5959742857220152,53.26351745452443,10.250834619795256,False,False,False,False,False,4.802753143418592,0.0,0.0,0.0,0.0,0,1.0017990147451958,0.9580846377591337,False,False,False,False,0.024430397288239935,0.04248161405775604,False,False,False,False,32154159,23929245.592366427,False,False,False,False,3075097.7144934037,False,False,False,False
2023-09-26 00:00:00+00:00,2.11,2.2286,2.09,2.18,2230123,,,,,,,,,,,,,,,,,,,,,,,2.2559157611065777,2.14373277614958,2.0840259886132757,2.0545202058562544,2.0128434804646957,2.002328275730642,1.9928793712618873,2.0204442661644637,2.135327099776318,2.2307804627236107,2.3001952819290232,2.404839175808773,2.5107652893079737,2.5925059730578193,,,,,,,,,,,2.135327099776318,2.5925059730578193,2.195793100567921,,#000000,0.19003764444526264,2.0668558376727235,0.22702955750276813,51.91239130368665,8.764947867750166,False,False,False,False,False,3.0168791502933523,0.0,0.0,0.0,0.0,0,1.0200952317527971,0.9304075652637187,False,False,False,False,0.056509808426995184,0.04949571124237561,False,False,False,False,29924036,24164335.412273627,False,False,False,False,3041961.451179937,False,False,False,False
2023-09-27 00:00:00+00:00,2.07,2.22,2.03,2.07,3328602,,,,,,,,,,,,,,,,,,,,,,,2.237975496275834,2.1425536021910006,2.084626039933711,2.0555719195463826,2.0144036949649236,2.0039605051253417,1.994532035392626,2.021352198108089,2.135077532875508,2.229814381056738,2.2988219378960766,2.403002622764864,2.5086964596497445,2.5902639171634414,,,,,,,,,,,2.135077532875508,2.5902639171634414,2.1943323102103056,,#000000,0.1884724751094219,2.0667496557475453,0.01724572381493615,50.22635040331065,6.925073511504138,False,False,False,False,False,2.011969437563735,0.0,0.0,0.0,0.0,0,1.0115308086244574,0.9291678898783312,False,False,False,False,0.028507583166220773,0.03900164720429819,False,False,False,False,26595434,24259672.611792307,False,False,False,False,3053202.257016018,False,False,False,False
2023-09-28 00:00:00+00:00,2.02,2.0781,1.99,2.06,2437650,,,,,,,,,,,,,,,,,,,,,,,2.2210975822350076,2.1399766597394385,2.083573918575292,2.0551905000576287,2.0145837247989573,2.0042482704403515,1.9948986557094273,2.0214135292642155,2.1344076904323206,2.2286782308316964,2.297428847871558,2.40132482564172,2.50690603510205,2.5883747024564747,,,,,,,,,,,2.1344076904323206,2.5883747024564747,2.192293083796867,,#000000,0.1876135572042827,2.065602861725994,-0.24306805118746946,48.137737092651406,4.717606879373612,False,True,False,True,False,0.7671584657461246,0.0,0.0,0.0,0.0,0,1.0033743581383976,0.9572255277528732,False,False,False,False,-0.04564378093446115,-0.0033210668650814797,False,False,False,False,24157784,24255676.979957316,False,False,False,False,3029062.9528193115,False,False,False,False
2023-09-29 00:00:00+00:00,2.0,2.055,1.982,2.03,3148949,,,,,,,,,,,,,,,,,,,,,,,2.2013431429771684,2.1363298575470804,2.081863788164903,2.0543995621653397,2.014549283392933,2.0043648624157684,1.995132511849246,2.02132464522905,2.133416558907225,2.2271056706626733,2.295537435108996,2.3990813921325427,2.504531079483607,2.5858791860584533,,,,,,,,,,,2.133416558907225,2.5858791860584533,2.189632784006785,,#000000,0.18670089776223106,2.0639968577042866,-0.34277745030336426,46.35765761170026,2.8205561656266127,False,True,False,True,False,0.2705612869915406,0.0,0.0,0.0,0.0,0,1.0053365973072215,0.9584985720114239,False,False,False,False,-0.058349390626964315,-0.030835228746022895,False,False,False,False,21008835,24128349.843488403,False,False,False,False,3033764.3664342407,False,False,False,False
2023-10-02 00:00:00+00:00,1.96,2.04,1.96,2.0,1133122,,,,,,,,,,,,,,,,,,,,,,,2.1942740700742895,2.1348068640206104,2.08104851848661,2.0539527191023947,2.014396568225363,2.0042734979110217,1.9950918464466085,2.0212029942125924,2.1329890662067057,2.2264784185669892,2.2948018240861146,2.3982272739963784,2.5036377685108726,2.584946528565987,,,,,,,,,,,2.1329890662067057,2.584946528565987,2.188580568458039,,"rgba(239, 83, 80, 0.5)",0.18518313312175771,2.063296345821246,-0.5578064485674777,44.38629460888817,0.7527184304426697,False,True,False,True,False,0.0,0.0,0.0,0.0,0.0,0,1.0033617539585873,0.9562647178237921,False,False,False,False,-0.07349028111011764,-0.052162754928070265,False,False,False,False,19875713,23961579.77119474,False,False,False,False,2959229.371672114,False,False,False,False
2023-10-03 00:00:00+00:00,1.95,1.98,1.9,1.93,1925158,,,,,,,,,,,,,,,,,,,,,,,2.180978797699096,2.1315527174381503,2.0790734803072053,2.0527265915739985,2.0137413881271944,2.0037436522945558,1.9946728634956947,2.0207413703248474,2.132055032696198,2.225228978942583,2.2933853984756163,2.3966322831325804,2.502000464114517,2.583254306491768,,,,,,,,,,,2.132055032696198,2.583254306491768,2.186413380365286,,"rgba(239, 83, 80, 0.5)",0.18359012319112156,2.061681799002753,-0.6083213903968552,42.87118201268224,-0.8799762308252852,False,True,False,True,False,0.0,0.0,0.0,0.0,0.0,0,0.9968757588021046,0.964500202347228,False,False,False,False,-0.12286469835040516,-0.0875137266392377,False,False,False,False,17950555,23725853.30957926,False,False,False,False,2918677.553175168,False,False,False,False
2023-10-04 00:00:00+00:00,2.0,2.035,1.9,1.94,1891245,,,,,,,,,,,,,,,,,,,,,,,2.1709532375408935,2.1290365912284823,2.077673887639839,2.0519252531864463,2.013423566539762,2.0035284516638656,1.9945439508466754,2.0204958272461377,2.1313148874301313,2.2241633095293283,2.2921430165369694,2.395196387520332,2.500501479562082,2.581691013687532,,,,,,,,,,,2.1313148874301313,2.581691013687532,2.1847564900113197,,#000000,0.1817192171287114,2.0605586206702284,-0.33325380566291385,43.37998592635615,-0.8799762308252852,False,True,False,True,False,0.30666183452911255,0.0,0.0,0.0,0.0,0,1.0015968063872256,0.9530059880239521,False,False,False,False,-0.10017512468857608,-0.09384442566390688,False,False,False,False,19841800,23573537.49351733,False,False,False,False,2878386.0805016323,False,False,False,False
2023-10-05 00:00:00+00:00,2.0,2.05,1.98,2.0,1502709,,,,,,,,,,,,,,,,,,,,,,,2.164865532198609,2.1275034003090876,2.0769349982515934,2.051569471194616,2.0133993227328144,2.003571708631463,1.9946402378242103,2.0204477621408325,2.1308525440108785,2.2234313377265207,2.2912617433488065,2.394148625931916,2.499388409207574,2.580519521785606,,,,,,,,,,,2.1308525440108785,2.580519521785606,2.1837524725210375,,#000000,0.17974456350083587,2.0599772908973994,-0.33368069514447674,43.719188535472085,-0.8799762308252852,False,True,False,True,False,0.30666183452911255,0.0,0.0,0.0,0.0,0,1.0143942423030787,0.9584166333466614,False,False,False,False,-0.061211624574965165,-0.07752802511943602,False,False,False,False,19841800,23427194.84671273,False,False,False,False,2824437.959697647,False,False,False,False
2023-10-06 00:00:00+00:00,1.99,2.05,1.94,1.94,1572858,,,,,,,,,,,,,,,,,,,,,,,2.158333433435637,2.1257186794481595,2.075990387563617,2.051056757424728,2.0132516874631907,2.0035005765181833,1.9946317713049666,2.0203184165544186,2.1303061579380755,2.222611126135658,2.290290897512426,2.393010724935039,2.498189284360127,2.5792628036123317,,,,,,,,,,,2.1303061579380755,2.5792628036123317,2.1826051931576114,,#000000,0.1792740114215362,2.059252551903901,-0.38629442915216544,43.67893933806856,-0.9280322147093614,False,True,False,True,False,0.04359087969046627,0.0,0.0,0.0,0.0,0,1.0126933756445855,0.9508131693772314,False,False,False,False,-0.07758790480093528,-0.07755796496018565,False,False,False,False,18268942,23224910.421351448,False,False,False,False,2775356.3926506806,False,False,False,False
2023-10-09 00:00:00+00:00,1.97,1.98,1.9,1.97,1287969,,,,,,,,,,,,,,,,,,,,,,,2.152033353570763,2.123825274611837,2.0748353623903566,2.050333415054252,2.0128728884401115,2.0031979233390196,1.9943962537581137,2.020044799636906,2.129721432462437,2.2218176996796366,2.2893852749298764,2.391983224828443,2.497127659250577,2.578161899359816,,,,,,,,,,,2.129721432462437,2.578161899359816,2.181409747236582,,#000000,0.17919167853908727,2.058376726173967,-0.4931965976014309,43.09853138131805,-1.856948550936302,False,True,False,True,False,0.0,0.0,0.0,0.0,0.0,0,1.006356773937227,0.9650377433452523,False,False,False,False,-0.12286469835040516,-0.1002113316552954,False,False,False,False,16980973,22980050.130318057,False,False,False,False,2717027.4752918305,False,False,False,False
2023-10-10 00:00:00+00:00,2.0,2.06,1.97,1.97,1230154,,,,,,,,,,,,,,,,,,,,,,,2.148046176358498,2.1226657722910014,2.07427258854975,2.050059548705728,2.0128565491752908,2.0032344779498836,1.9944745027475883,2.020007606896916,2.12935175384208,2.221230516192225,2.288676918266643,2.39113890887648,2.4962282964046953,2.5772140952754166,,,,,,,,,,,2.12935175384208,2.5772140952754166,2.1806755508237283,,#000000,0.17851216931792785,2.0579643850550515,-0.32470831135225137,43.85608113613583,-1.856948550936302,False,True,False,True,False,0.32150526730992013,0.0,0.0,0.0,0.0,0,1.0047827819848547,0.9697090474292548,False,False,False,False,-0.06121162457496473,-0.08071147811513006,False,False,False,False,18211127,22793033.536972255,False,False,False,False,2658718.711554896,False,False,False,False
2023-10-11 00:00:00+00:00,1.94,2.03,1.93,2.03,1295980,,,,,,,,,,,,,,,,,,,,,,,2.142836094377526,2.1210094001425768,2.073297501062954,2.0494672430872574,2.012581440040371,2.0030286110345705,1.9943283632907047,2.0198003420879562,2.1288242465099696,2.220489238989472,2.2878190936686678,2.3901527686332344,2.495200271645388,2.5761429654634154,,,,,,,,,,,2.1288242465099696,2.5761429654634154,2.179641255716719,,"rgba(239, 83, 80, 0.5)",0.17818403281312134,2.057244275122449,-0.657995406610953,42.62008929002552,-2.904210411110867,False,True,False,True,False,0.0,0.0,0.0,0.0,0.0,0,0.9984108065156934,0.972983710766786,False,False,False,False,-0.0898969499455648,-0.08530421403034744,False,False,False,False,16915147,22562528.182581186,False,False,False,False,2605277.9777684296,False,False,False,False
2023-10-12 00:00:00+00:00,1.87,1.94,1.87,1.94,1286384,,,,,,,,,,,,,,,,,,,,,,,2.1359194630185683,2.1186348991732107,2.0716932329176694,2.0483742047365805,2.011880594989932,2.0024190351877587,1.993804264626954,2.019314446812125,2.128068751310079,2.2195463565666493,2.2867787290003223,2.3890097325028856,2.4940427640623057,2.574955997347978,,,,,,,,,,,2.128068751310079,2.574955997347978,2.178174462303787,,"rgba(239, 83, 80, 1.0)",0.17818403281312134,2.056050551857614,-1.0441482826507982,40.07348241630265,-5.536399810401456,False,True,False,True,False,0.0,0.0,0.0,0.0,0.0,0,0.9952248308794269,0.9824910465578989,False,False,False,False,-0.1519287032633087,-0.11861645864682807,False,False,False,False,15628763,22290615.822479967,False,False,False,False,2553556.6453069225,False,False,False,False
2023-10-13 00:00:00+00:00,1.89,1.9,1.85,1.86,1163951,,,,,,,,,,,,,,,,,,,,,,,2.129657254400449,2.116404030954185,2.0701594184620955,2.0473143764846324,2.0111829859526034,2.0018065795528246,1.993272399862092,2.0188318121705104,2.1273507341439504,2.218663205783274,2.2858103587022205,2.387952310386712,2.4929760918991626,2.573864611744998,,,,,,,,,,,2.1273507341439504,2.573864611744998,2.176803297892836,,"rgba(239, 83, 80, 0.5)",0.17818403281312134,2.0549147967109636,-0.9255307229684581,39.2184370359599,-6.501571434395899,False,True,False,True,False,0.0,0.0,0.0,0.0,0.0,0,0.9951942330796958,0.9887865438526232,False,False,False,False,-0.1770432556584696,-0.14782985715264885,False,False,False,False,16792714,22075011.82944154,False,False,False,False,2499062.306275279,False,False,False,False
2023-10-16 00:00:00+00:00,1.88,1.9,1.85,1.88,782885,,,,,,,,,,,,,,,,,,,,,,,2.1255608554443874,2.1149060140153755,2.0691236492646032,2.046594945946065,2.01070608629201,2.0013868922364555,1.9929070046758122,2.0185013148476325,2.1268636453904906,2.218065948216043,2.2851562837445454,2.3872388945175165,2.4922568296129604,2.5731289438794755,,,,,,,,,,,2.1268636453904906,2.5731289438794755,2.175885522005955,,"rgba(239, 83, 80, 0.5)",0.17834898474720373,2.0541512296679802,-0.9764632521728488,38.38663361072396,-7.459423119221519,False,True,False,True,False,0.0,0.0,0.0,0.0,0.0,0,0.9887685519454473,0.9903730445246691,False,False,False,False,-0.1770432556584696,-0.1624365564055592,False,False,False,False,16009829,21837161.52240462,False,False,False,False,2431761.2354409546,False,False,False,False
2023-10-17 00:00:00+00:00,1.89,1.92,1.87,1.87,1100270,,,,,,,,,,,,,,,,,,,,,,,2.1203938280730883,2.112977151461562,2.0678110277938115,2.0456922167565628,2.0101241678790855,2.0008799853506996,1.9924704081080882,2.0180936974189434,2.1262276681217456,2.217270883386233,2.2842779325841844,2.386272234936804,2.4912760997591983,2.5721223326228606,,,,,,,,,,,2.1262276681217456,2.5721223326228606,2.1747064024466334,,"rgba(239, 83, 80, 0.5)",0.1784919812971589,2.0531912562671413,-0.9142778016198698,38.30693749877801,-7.735398715166326,False,True,False,True,False,0.0,0.0,0.0,0.0,0.0,0,1.0016070711128968,0.9775010044194457,False,False,False,False,-0.16027758444584508,-0.16135707042570213,False,False,False,False,17110099,21651786.521526005,False,False,False,False,2379545.8928746427,False,False,False,False
2023-10-18 00:00:00+00:00,1.81,1.88,1.8,1.88,1336941,,,,,,,,,,,,,,,,,,,,,,,2.1127494559129345,2.1100151884617415,2.065672736478224,2.0441594561843304,2.0090455408772265,1.999911429477197,1.9916093839393154,2.017352333283057,2.125250651015084,2.2161221629863763,2.2830438860034232,2.3849524644926072,2.489962961130286,2.5707894522065726,,,,,,,,,,,2.125250651015084,2.5707894522065726,2.172902650174884,,"rgba(239, 83, 80, 1.0)",0.17895341383813343,2.051617394437887,-1.350169238215451,36.151219918519054,-9.957713466126677,False,True,False,True,False,0.0,0.0,0.0,0.0,0.0,0,1.019599836668028,0.9787668436096367,False,False,False,False,-0.20662796662806834,-0.18399251852688525,False,False,False,False,15773158,21421252.069701456,False,False,False,False,2338659.426487402,False,False,False,False
2023-10-19 00:00:00+00:00,1.75,1.8,1.74,1.79,1530056,,,,,,,,,,,,,,,,,,,,,,,2.1025306092963234,2.105911419320344,2.0625932484862433,2.041894004880017,2.007373083890326,1.9983866921699014,1.9902332191794403,2.0162116528017853,2.1238896927973405,2.214590305030898,2.2814331719287,2.3832691980677567,2.488315367593801,2.569133156264174,,,,,,,,,,,2.1238896927973405,2.569133156264174,2.170411772979075,,"rgba(255, 0, 0, 1.0)",0.18043161465653815,2.0493440120508666,-1.6590441349243865,33.440060255391444,-12.597276376296122,False,True,False,True,False,0.0,0.0,0.0,0.0,0.0,0,0.9926320098239869,0.9950880065493247,False,False,False,False,-0.26694215384588227,-0.22546733618638376,False,False,False,False,14243102,21139755.988536693,False,False,False,False,2306949.4881937783,False,False,False,False
2023-10-20 00:00:00+00:00,1.73,1.7696,1.72,1.75,1125144,,,,,,,,,,,,,,,,,,,,,,,2.094895360772521,2.1027526148532703,2.0601939818238733,2.0401128751956956,2.0060408058671393,1.997167247658205,1.989128209345306,2.015302119864125,2.1228306971008544,2.2134121964595113,2.280201710437531,2.381990558615165,2.4870694874547303,2.56788416527501,,,,,,,,,,,2.1228306971008544,2.56788416527501,2.16849871648021,,"rgba(255, 0, 0, 1.0)",0.1820109886792495,2.047575375221296,-1.7448142967947173,31.238887086665734,-14.675372462749095,False,True,False,True,False,0.0,0.0,0.0,0.0,0.0,0,0.9917993800331305,0.9935051089862393,False,False,False,False,-0.28910605173594994,-0.2572866939611669,False,False,False,False,13117958,20825175.675260745,False,False,False,False,2260604.1749312775,False,False,False,False
2023-10-23 00:00:00+00:00,1.75,1.78,1.7,1.72,1558751,,,,,,,,,,,,,,,,,,,,,,,2.0849320502413358,2.098506445849825,2.056963772811025,2.037707858218104,2.0042406275903115,1.9955192472503707,1.9876344387627092,2.014067654827992,2.1213863940631743,2.211801575856982,2.2785157804446947,2.3802370505997246,2.4853582850982217,2.5661672612596447,,,,,,,,,,,2.1213863940631743,2.5661672612596447,2.165931317348151,,"rgba(239, 83, 80, 1.0)",0.18323204409158306,2.0217791306321833,-1.4832510982431797,30.852296537038345,-15.05776972751216,False,True,False,True,False,0.0,0.0,0.0,0.0,0.0,0,0.9886125164711816,0.9869857331099219,True,False,False,False,-0.29335864087785796,-0.2753226674195124,False,False,False,False,14676709,20584059.33505444,False,False,False,False,2233080.521012404,False,False,False,False
2023-10-24 00:00:00+00:00,1.86,1.8705,1.75,1.75,1887428,,,,,,,,,,,,,,,,,,,,,,,2.0763690096964047,2.094674956518001,2.05415768072302,2.035658767304728,2.0027807393596913,1.9942034792773018,1.9864597857747717,2.0130442240904505,2.1200352241181752,2.210211041584166,2.2768047792335073,2.3784033256049577,2.483528752671686,2.5643078765124057,,,,,,,,,,,2.1200352241181752,2.5643078765124057,2.1636171173192333,,"rgba(239, 83, 80, 0.5)",0.1829427124430866,2.022116115055574,-0.8861578189730194,35.522582040562845,-18.845844886462537,False,True,False,True,True,0.0,0.0,0.0,0.0,0.0,0,1.0016083376222338,0.9709695059186824,False,False,False,False,-0.23205652263736257,-0.25368959502843746,False,False,False,False,16564137,20426415.32191505,False,False,False,False,2219525.520188388,False,False,False,False
2023-10-25 00:00:00+00:00,1.78,1.8461,1.78,1.84,1068459,,,,,,,,,,,,,,,,,,,,,,,2.0713115681185963,2.092357076322921,2.0524292872110452,2.034380674805516,2.001849916305559,1.9933586665671281,1.9857002661508742,2.0123933101429663,2.1192115843558983,2.2092585957048354,2.2757888607512093,2.377324212195606,2.4824586245128186,2.563224175072914,,,,,,,,,,,2.1192115843558983,2.563224175072914,2.1622176298727065,,"rgba(239, 83, 80, 1.0)",0.18360572720659035,2.021065014847963,-1.3129493208930259,36.47252132261869,-18.047120068532784,False,True,False,True,True,0.0,0.0,0.0,0.0,0.0,0,1.0122428596742756,0.9710037534030318,False,False,False,False,-0.23646287260822463,-0.24507623381833105,False,False,False,False,15495678,20233053.073996812,False,False,False,False,2174385.6566515886,False,False,False,False
2023-10-26 00:00:00+00:00,1.73,1.7868,1.72,1.77,1422622,,,,,,,,,,,,,,,,,,,,,,,2.063508202123071,2.0887383494586214,2.0496539855238107,2.0322923887566313,2.000277601158249,1.991916882052804,1.9843908876802392,2.011302007514269,2.117927585975901,2.207822531705219,2.274282597280753,2.375753329984245,2.480921243112369,2.5616794104549876,,,,,,,,,,,2.117927585975901,2.5616794104549876,2.1600333573415123,,"rgba(255, 0, 0, 1.0)",0.1849731414639997,2.0185560484437906,-1.5599889051997888,35.94865367043111,-18.047120068532784,False,True,False,True,True,0.0,0.0,0.0,0.0,0.0,0,1.000997628587783,0.9933436912257748,False,False,False,False,-0.2891185297575506,-0.26709738178794085,False,False,False,False,14073056,19991484.561291058,False,False,False,False,2144904.728939762,False,False,False,False
2023-10-27 00:00:00+00:00,1.72,1.76,1.71,1.75,1535695,,,,,,,,,,,,,,,,,,,,,,,2.0551004138725903,2.084742044823123,2.046563056244791,2.0299509245945333,1.9984991813711244,1.9902818329194374,1.982902073849175,2.0100653623160865,2.1164937414666034,2.2062302938407616,2.2726184935818328,2.374024572842358,2.4792337956503867,2.5599866513943215,,,,,,,,,,,2.1164937414666034,2.5599866513943215,2.157620888483366,,"rgba(255, 0, 0, 1.0)",0.1859640573622451,2.0158584442946212,-1.5909442313269682,35.372382720634754,-18.047120068532784,False,True,False,True,True,0.0,0.0,0.0,0.0,0.0,0,0.976034640686152,1.0210009159796818,False,False,False,False,-0.30566797513469646,-0.28638267846131865,False,False,False,False,12537361,19699165.990260035,True,False,False,False,2121014.151334281,True,False,False,False
2023-10-30 00:00:00+00:00,1.77,1.79,1.73,1.76,868956,,,,,,,,,,,,,,,,,,,,,,,2.0509969277869833,2.0827287734939746,2.0450218141983116,2.0287874881985464,1.9976268583606014,1.9894829997616137,1.9821773603386839,2.009453136471468,2.115756671237635,2.20539676864384,2.271738946503616,2.3731008866321237,2.4783246583881535,2.5590702167433705,,,,,,,,,,,2.115756671237635,2.5590702167433705,2.1564045361970656,,"rgba(239, 83, 80, 1.0)",0.18684502418598362,2.0147454094201693,-1.3098845446189258,37.11349538673692,-17.344654957342108,False,True,False,True,True,0.0,0.0,0.0,0.0,0.0,0,0.9691675748176714,1.0144354095062453,False,False,False,False,-0.28322009724845454,-0.2848013878548866,False,False,False,False,13406317,19452387.598485135,False,False,False,False,2071913.8316741134,False,False,False,False
2023-10-31 00:00:00+00:00,1.81,1.8205,1.75,1.75,1261072,,,,,,,,,,,,,,,,,,,,,,,2.045846351756217,2.0801232310675686,2.0430510551546472,2.0273068356916863,1.996533874682494,1.9884869605551425,1.9812778991682327,2.008678270412811,2.114783548892702,2.2042748484276995,2.270543313270408,2.371831418937066,2.4770648669704465,2.557794263297826,,,,,,,,,,,2.114783548892702,2.557794263297826,2.154828338448925,,"rgba(239, 83, 80, 1.0)",0.18712138951603624,2.0135371680161915,-1.0877279638774189,39.830475880613776,-14.714625945029475,False,True,False,True,True,0.0,0.0,0.0,0.0,0.0,0,0.9808410428931875,0.9975777964676198,False,False,False,False,-0.26082646568735973,-0.27281392677112315,False,False,False,False,14667389,19264740.594622973,False,False,False,False,2040116.1127849326,False,False,False,False
2023-11-01 00:00:00+00:00,1.74,1.83,1.72,1.83,795400,,,,,,,,,,,,,,,,,,,,,,,2.0423265108238264,2.0783333960641186,2.0416754855969974,2.0262632215074983,1.9957489562165132,1.987767523580047,1.9806245422594517,2.0081242724547277,2.1141154378326874,2.2035186168442418,2.269744763039235,2.370991962843692,2.4762376941975135,2.5569599834636696,,,,,,,,,,,2.1141154378326874,2.5569599834636696,2.15374516905173,,"rgba(239, 83, 80, 1.0)",0.18823964025188716,2.0125428645100967,-1.4478505385231384,39.659075355000255,-14.714625945029475,False,True,False,True,True,0.0,0.0,0.0,0.0,0.0,0,0.9809068812337609,0.9908808984997067,False,False,False,False,-0.2698849469279504,-0.2713494368495368,False,False,False,False,13871989,19053260.139931876,False,False,False,False,1991303.7162051313,False,False,False,False
2023-11-02 00:00:00+00:00,1.83,1.85,1.76,1.76,1077424,,,,,,,,,,,,,,,,,,,,,,,2.0385260180643607,2.076320702661198,2.0401644791446962,2.025129000287815,1.9949210473906662,1.9870157781630637,1.979947963072264,2.0075302887384385,2.1133428977773776,2.202614263789813,2.2687734777373163,2.3699518093161545,2.475198654761085,2.555903706329805,,,,,,,,,,,2.1133428977773776,2.555903706329805,2.1525242919452894,,"rgba(239, 83, 80, 0.5)",0.1885495131760266,2.0116986635148626,-0.963665513923824,42.71498919849594,-11.872541822203281,False,True,False,True,True,0.0,0.0,0.0,0.0,0.0,0,0.9893862635993689,0.9736068432854414,False,False,False,False,-0.2434882941605407,-0.25741886550503873,False,False,False,False,14949413,18892324.957973763,False,False,False,False,1955465.2959617928,False,False,False,False
2023-11-03 00:00:00+00:00,1.86,1.9,1.83,1.83,1799729,,,,,,,,,,,,,,,,,,,,,,,2.0338001913611503,2.073652426256803,2.0382312411921606,2.023702074679596,1.9939309538766536,1.9861317776645215,1.9791654439599242,2.0067995269447927,2.112274859470309,2.2013057783708323,2.2673373388390563,2.368378263096179,2.4736008567233627,2.554264332190417,,,,,,,,,,,2.112274859470309,2.554264332190417,2.1508982189018395,,"rgba(239, 83, 80, 0.5)",0.1885906000160457,2.0109924744139347,-0.8006362692577882,45.67922212984597,-9.093185546434611,False,False,False,True,True,0.0,0.0,0.0,0.0,0.0,0,1.0093336660843526,0.9627485234173531,False,False,False,False,-0.19164015958092626,-0.22452951254298248,False,False,False,False,16749142,18808278.56746499,False,False,False,False,1949357.990237801,False,False,False,False
2023-11-06 00:00:00+00:00,1.9,1.94,1.83,1.87,2446160,,,,,,,,,,,,,,,,,,,,,,,2.0287143708849293,2.070577613871016,2.0360608494962804,2.022118365683273,1.992878835374917,1.9852068866553891,1.9783595587234795,2.0060005074474074,2.110991690362242,2.1996824596758544,2.265529368298644,2.3663672351389886,2.4715368030135756,2.552134046569924,,,,,,,,,,,2.110991690362242,2.552134046569924,2.1490113279425658,,"rgba(239, 83, 80, 0.5)",0.18841998325572534,2.010357935583799,-0.5857018649344645,48.84612857946887,-6.186007654092883,False,False,False,False,True,0.0,0.0,0.0,0.0,0.0,0,1.012533350900886,0.94973483975098,False,False,False,False,-0.1799295355900571,-0.20222952406651978,False,False,False,False,19195302,18823455.956976164,False,False,False,False,1968840.4219931816,False,False,False,False
2023-11-07 00:00:00+00:00,1.89,1.93,1.861,1.89,1386268,,,,,,,,,,,,,,,,,,,,,,,2.0260607883335813,2.068914822560572,2.0348890207202484,2.0212618528677058,1.9923129055087017,1.9847104814021848,1.9779279729216819,2.0055666882152536,2.1102830153493444,2.198780802848331,2.2645223696970636,2.3652437645334796,2.4703808822419755,2.55093949495633,,,,,,,,,,,2.1102830153493444,2.55093949495633,2.1479853472968897,,"rgba(239, 83, 80, 0.5)",0.18826730086920115,2.0099539142498637,-0.6371468316380754,50.591442060845154,-4.626722454455383,False,False,False,False,True,0.0,0.0,0.0,0.0,0.0,0,1.0159290002952854,0.9526067128186622,False,False,False,False,-0.19120813815055757,-0.19671883110853866,False,False,False,False,17809034,18783674.703761414,False,False,False,False,1945994.4446601155,False,False,False,False
2023-11-08 00:00:00+00:00,2.0,2.07,1.88,1.94,2285338,,,,,,,,,,,,,,,,,,,,,,,2.0247201529007968,2.067608987237482,2.034198940802294,2.020849456146146,1.992229250558175,1.9846982790643624,1.9779730042627,2.0054260348069963,2.1096042122279384,2.197739354691064,2.263272647784687,2.3637532299555946,2.468780061738859,2.549247012838072,,,,,,,,,,,2.1096042122279384,2.549247012838072,2.1471500446439404,,#000000,0.18791094306218642,2.0106140904040744,-0.05648468487842014,54.724836259124245,-0.8220150651486904,True,False,True,False,True,1.8936522316861648,0.0,0.0,0.0,0.0,0,1.0162780962194886,0.9381883171250079,False,False,False,False,-0.12218338205365557,-0.15945110658109712,False,False,False,False,20094372,18835074.597731553,False,False,False,False,1959302.035065601,False,False,False,False
2023-11-09 00:00:00+00:00,1.97,2.06,1.97,2.03,1901456,,,,,,,,,,,,,,,,,,,,,,,2.024091228486674,2.0667614280620827,2.03382227047882,2.0206625305984507,1.9922890203027654,1.9848102611503817,1.9781246329626894,2.0053976239897366,2.1091187589138083,2.196947251029496,2.262302688326681,2.3625758537561485,2.467501592714902,2.547887746960399,,,,,,,,,,,2.1091187589138083,2.547887746960399,2.146592349123788,,#000000,0.18748241959622622,2.0112145764575837,-0.21983168633275602,56.3254248360061,0.5710156053253144,True,False,True,False,True,1.0308996304744156,0.0,0.0,0.0,0.0,0,1.0307557553421807,0.967938653753987,False,False,False,False,-0.08706143874466366,-0.12325627266288039,False,False,False,False,18192916,18809891.907624435,False,False,False,False,1957033.5631022444,False,False,False,False
2023-11-10 00:00:00+00:00,2.06,2.1,1.921,1.97,2038037,,,,,,,,,,,,,,,,,,,,,,,2.024168442905721,2.0662342507076614,2.0337426716740867,2.020722850715021,1.9925728419079847,1.985138619156616,1.9784826052446507,2.005518182523548,2.1087307590779734,2.196220696573318,2.261377161704192,2.3614156859282858,2.466217706010531,2.5465097248788644,,,,,,,,,,,2.1087307590779734,2.5465097248788644,2.1462180142148894,,#000000,0.18727779626258625,2.0120759050280133,0.2558984349900796,59.465213205061744,3.464862209473111,True,False,True,False,True,3.487163235119084,0.0,0.0,0.0,0.0,0,0.9945211410681277,0.9851954237372813,False,False,False,False,-0.09100039580997982,-0.1071283342364301,False,False,False,False,20230953,18865619.79359995,False,False,False,False,1960210.1684707839,False,False,False,False
2023-11-13 00:00:00+00:00,2.01,2.05,1.94,2.05,2643721,,,,,,,,,,,,,,,,,,,,,,,2.023363920620634,2.065114361358631,2.033239591905548,2.0204701129778444,1.9926507930734247,1.9852871582920975,1.9786851149860598,2.005478521550287,2.1080684031075445,2.1951385138992827,2.260050308260039,2.3598020805188686,2.4644616730745987,2.5446406545299096,,,,,,,,,,,2.1080684031075445,2.5446406545299096,2.1454608005824833,,#000000,0.18717799978523492,2.0125732961643377,-0.01374785587670794,59.67743826122665,3.655285368537953,True,False,True,False,True,2.0369720529074833,0.0,0.0,0.0,0.0,0,0.9817278813402909,0.9959898656017719,False,False,False,False,-0.10459026994677756,-0.10585930209160382,False,False,False,False,17587232,18815486.93894897,False,False,False,False,1987014.514805263,False,False,False,False
2023-11-14 00:00:00+00:00,2.0,2.06,1.965,2.02,2783465,,,,,,,,,,,,,,,,,,,,,,,2.0228549706007155,2.064121239159654,2.0328546708349395,2.0203162433034523,1.9928221942428177,1.9855271545098585,1.9789760143471202,2.005499962345685,2.10743280802033,2.194060063143103,2.2587121022926056,2.3581576690179302,2.462659974057251,2.542716452678701,,,,,,,,,,,2.10743280802033,2.542716452678701,2.1447651084681545,,#000000,0.18733099289999694,2.013099929530559,-0.06992932310753464,59.44763741055863,3.655285368537953,True,False,True,False,True,1.7475742662944782,0.0,0.0,0.0,0.0,0,0.9899228387140926,0.9976218583722563,False,False,False,False,-0.08924940776476277,-0.09755435492818329,False,False,False,False,14803767,18658164.58840195,False,False,False,False,2018247.8671658407,False,False,False,False
2023-11-15 00:00:00+00:00,1.95,2.12,1.95,1.99,3478814,,,,,,,,,,,,,,,,,,,,,,2.006666666666667,2.0221976988748858,2.062892164700487,2.0323584187330903,2.0201033378906077,1.9930087578892608,1.9857987546457003,1.9793114656796584,2.005510811905602,2.1066365619218548,2.1927176419539816,2.2570484649618336,2.3561142787822527,2.4604199103363493,2.540323443437629,,,,,,,,,,,2.1066365619218548,2.540323443437629,2.1347405585586574,,#000000,0.18731560302103226,2.00540841168491,-0.2958024360559459,57.47561163201836,3.655285368537953,True,False,True,False,True,0.30426466249668493,0.0,0.0,0.0,0.0,0,0.983962151360399,0.9822541802592701,False,False,False,False,-0.06958581719642266,-0.08357008606230298,False,False,False,False,11324953,18370587.663366582,False,False,False,False,2075524.9704142392,False,False,False,False
2023-11-16 00:00:00+00:00,1.87,1.99,1.855,1.96,3238618,,,,,,,,,,,,,,,,,,,,,,1.9576509867659744,2.017929169720059,2.0598091281230277,2.030150610010662,2.0184558473803595,1.9919183459941097,1.9848437522161242,1.9784827411395012,2.004648133354677,2.105164088823717,2.1908115545385947,2.254898406343136,2.353685946659399,2.4578913679997614,2.537694014182514,,,,,,,,,,,2.105164088823717,2.537694014182514,2.129602272883441,,"rgba(239, 83, 80, 0.5)",0.18714064663140242,2.0016212519851257,-0.7033279747310622,53.66263312642608,3.655285368537953,True,False,True,False,False,0.0,0.0,0.0,0.0,0.0,0,0.9709289316511472,1.004492332053908,False,False,False,False,-0.16875498225272503,-0.126162534157514,False,False,False,False,8086335,17967283.637352206,False,False,False,False,2121136.4617705434,False,False,False,False
2023-11-17 00:00:00+00:00,1.96,1.99,1.87,1.87,2506184,,,,,,,,,,,,,,,,,,,,,,1.9528549696055575,2.015792972550273,2.058025731148609,2.0289572584531608,2.017596379424176,1.991425291773201,1.984437308156712,1.9781534790383537,2.0042215828579266,2.1042359784749176,2.189532301897321,2.2534171717010523,2.3519698561923787,2.456073286312238,2.5357858750426403,,,,,,,,,,,2.1042359784749176,2.5357858750426403,2.1281652961752346,,#000000,0.18700021679420295,2.0008255571918987,-0.21831823455492558,53.77698408870569,3.655285368537953,True,False,True,False,False,0.6050754758925052,0.0,0.0,0.0,0.0,0,0.9556111120823793,1.0272906869001208,False,False,False,False,-0.16206197138061237,-0.1441122527690632,False,False,False,False,10592519,17678077.18098545,False,False,False,False,2136236.365230522,False,False,False,False
2023-11-20 00:00:00+00:00,2.09,2.09,1.95,1.97,2283445,,,,,,,,,,,,,,,,,,,,,,1.9708093688446306,2.016464053506788,2.057829133681145,2.02912857962838,2.017850725965935,1.9918705832938217,1.9849196897580574,1.9786576690598803,2.0044553030949674,2.1039257512733514,2.188856036543561,2.2525206386067085,2.3508077228503867,2.4547573285817363,2.5343576005112385,,,,,,,,,,,2.1039257512733514,2.5343576005112385,2.1291473456800394,,#000000,0.18754055417284363,2.002396897785432,0.46711551323363415,56.766901002681855,3.655285368537953,True,False,True,False,False,4.062320118452863,0.0,0.0,0.0,0.0,0,0.9389154336666725,1.0454892626867263,False,False,False,False,-0.08268797276291491,-0.11340011276598905,False,False,False,False,12875964,17489759.017025236,False,False,False,False,2142009.252868541,False,False,False,False
2023-11-21 00:00:00+00:00,2.03,2.08,2.01,2.07,927100,,,,,,,,,,,,,,,,,,,,,,1.9759682721388814,2.0166946206884333,2.05773279549365,2.029180927229705,2.017939242649853,1.9920376332679233,1.9851022454405394,1.9788497195146846,2.004541332615008,2.103793816786513,2.1885770004125944,2.2521530525811215,2.3503332918732727,2.4542211200824284,2.533776149081628,,,,,,,,,,,2.103793816786513,2.533776149081628,2.1293934146570823,,#000000,0.18737138531812664,2.0028989670330875,0.14463805623734455,56.919715699833326,3.655285368537953,True,False,True,False,False,2.3690131920601765,0.0,0.0,0.0,0.0,0,0.9444413974661328,1.0523044296970694,False,False,False,False,-0.060864555367319946,-0.0871323340666545,False,False,False,False,11948864,17272469.01635758,False,False,False,False,2094365.7527560494,False,False,False,False
2023-11-22 00:00:00+00:00,2.0,2.06,2.0,2.02,1141917,,,,,,,,,,,,,,,,,,,,,,1.9796718880568207,2.016734028845457,2.0574833277906968,2.029126797374771,2.017949336757771,1.992156665619816,1.9852441299881585,1.9790077949197993,2.0045872799083795,2.103581345714948,2.1881886724267834,2.2516595198169274,2.349713385968711,2.45353077297021,2.5330329153462814,,,,,,,,,,,2.103581345714948,2.5330329153462814,2.129444524100369,,#000000,0.1861098193671219,2.0032633040366266,-0.01753429264357801,56.14102743160166,3.655285368537953,True,False,True,False,False,1.532722579245501,0.0,0.0,0.0,0.0,0,0.9374094185394887,1.0833059576030455,False,False,False,False,-0.07395033182367555,-0.08054133294516502,False,False,False,False,10806947,17018919.13336316,False,False,False,False,2057014.82127542,False,False,False,False
2023-11-24 00:00:00+00:00,2.05,2.07,1.995,2.0,515572,,,,,,,,,,,,,,,,,,,,,,1.9818181376914696,2.0168496741116932,2.05742633442185,2.029151239941458,2.017994317416076,1.9922452453928607,1.9853414051860097,1.9791105102801991,2.004632505393693,2.103506732973728,2.188032976977264,2.2514549583192274,2.3494497824603418,2.4532329526059584,2.5327100181748237,,,,,,,,,,,2.103506732973728,2.5327100181748237,2.1295304527564434,,#000000,0.18519510043525214,2.003494987534692,0.2511136220991266,56.80315793754398,3.655285368537953,True,False,True,False,False,2.858881915787734,0.0,0.0,0.0,0.0,0,0.9027466422347413,1.0694165578276378,False,False,False,False,-0.0717677333194225,-0.07615453313229376,False,False,False,False,11322519,16795530.892839115,False,False,False,False,1996566.083186188,False,False,False,False
2023-11-27 00:00:00+00:00,1.95,2.06,1.95,2.06,786330,,,,,,,,,,,,,,,,,,,,,,1.9820743918193195,2.0166051992968934,2.057106599457549,2.0289799064143397,2.0178892372748867,1.9922289718426442,1.9853450983708791,1.9791304108202155,2.0045958585578014,2.103303311755703,2.1877143970597426,2.2510682715313193,2.3489819798832547,2.4527230893174026,2.532166976424385,,,,,,,,,,,2.103303311755703,2.532166976424385,2.1293275799884226,,#000000,0.18370638539809647,2.003497305043347,-0.29121091750521844,54.40579029272519,3.655285368537953,True,False,True,False,False,0.09256077336814172,0.0,0.0,0.0,0.0,1,0.9002202064688175,1.0982040041212955,False,False,False,False,-0.02924889502601474,-0.05270171407915425,False,False,False,False,10536189,16550066.50488464,False,False,False,False,1949105.8446298668,False,False,False,False
2023-11-28 00:00:00+00:00,1.95,1.97,1.905,1.94,1261042,,,,,,,,,,,,,,,,,,,,,,1.9789170853516815,2.015644258764078,2.0562760808929736,2.028418837570902,2.01748141473834,1.991993530181485,1.985150761764085,1.9789728423346802,2.0043906726734457,2.102853264528159,2.1870917023843757,2.2503453487688105,2.348141410020148,2.4518290152491207,2.5312266928867215,,,,,,,,,,,2.102853264528159,2.5312266928867215,2.1285821945406003,,#000000,0.1818455933472619,2.0030481628418633,-0.2917209147903834,52.80754519617933,7.906180308051283,True,False,False,False,False,0.09256077336814172,0.0,0.0,0.0,0.0,1,0.9096894997839461,1.0701866293545135,False,False,False,False,-0.07434725826215498,-0.06352448617065462,False,False,False,False,10536189,16314228.171359751,False,False,False,False,1922122.948762029,False,False,False,False
2023-11-29 00:00:00+00:00,1.96,2.0,1.95,1.96,1092381,,,,,,,,,,,,,,,,,,,,,,1.9783517886887485,2.015142812354922,2.055741725636729,2.0280954504206052,2.0172623625259773,1.9919051718109912,1.985092592174136,1.9789402696626222,2.004293810178391,2.1025336041140905,2.1866168129175083,2.249779071474421,2.347466623776514,2.451099919579313,2.5304536155097446,,,,,,,,,,,2.1025336041140905,2.5304536155097446,2.128185042054981,,#000000,0.17991419376223508,2.002916102083458,-0.23853650001718985,52.0346259164532,6.99844006503632,True,False,False,False,False,0.36865894289774204,0.0,0.0,0.0,0.0,1,0.928277962001293,1.0461114934618032,False,False,False,False,-0.013200830107188463,-0.03836265813892154,False,False,False,False,11628570,16130476.870522114,False,False,False,False,1889584.0488105768,False,False,False,False
2023-11-30 00:00:00+00:00,2.02,2.03,1.9,1.95,2344264,,,,,,,,,,,,,,,,,,,,,,1.9789483484777297,2.0144101444034086,2.0547919378340356,2.0275699367689377,2.0169297418610834,1.9918319010212189,1.9850782154478406,1.9789742285179304,2.0041678795393354,2.1019212685059805,2.1856669743714088,2.2486290698746174,2.346077487719619,2.4495858524132688,2.5288410479338324,,,,,,,,,,,2.1019212685059805,2.5288410479338324,2.127561602312683,,#000000,0.17705162885236964,2.0028654940056287,0.0967768899130461,53.22107900871207,6.99844006503632,True,False,True,False,False,2.015658362913893,0.0,0.0,0.0,0.0,1,0.9223452200461069,1.0344970819747037,False,False,False,False,0.027772785911202462,-0.00529493611385954,False,False,False,False,13972834,16045863.424619287,False,False,False,False,1907414.6351317307,False,False,False,False
2023-12-01 00:00:00+00:00,2.1,2.1,2.01,2.03,1748919,,,,,,,,,,,,,,,,,,,,,,1.9864158774289917,2.015349240463409,2.0549393201703867,2.027938339612491,2.017315067052825,1.992327224478709,1.985592819066576,1.9794961626707586,2.0044616370743946,2.101799399192342,2.1852651752372036,2.248055734406728,2.345293978181373,2.4486714409212906,2.527834332694135,,,,,,,,,,,2.101799399192342,2.527834332694135,2.128050383243441,,"rgba(38, 166, 154, 0.5)",0.1766971246904484,2.003867154681992,0.5440543839432634,55.95650568400001,6.99844006503632,True,False,True,False,True,4.143144490207053,0.0,0.0,0.0,0.0,1,0.9597308467113871,1.0012253120392098,False,False,False,False,0.1693618279508081,0.08203344591847428,False,False,False,False,15721753,16033153.21188912,False,False,False,False,1901199.1200285256,False,False,False,False
2023-12-04 00:00:00+00:00,2.19,2.2,2.02,2.04,4070984,,,,,,,,,,,,,,,,,,,,,,2.0105015175218877,2.0199392851688716,2.0567422577473717,2.030092271039043,2.0192986738159036,1.994425270696488,1.9876941267378099,1.981566275139315,2.005820705096849,2.1021065271912094,2.1848753636770692,2.2472297034365014,2.343924816894466,2.4469316617077435,2.525846752369073,,,,,,,,,,,2.1021065271912094,2.525846752369073,2.1304663472159735,,"rgba(38, 166, 154, 1.0)",0.1783659564334305,2.0076524867894046,1.0223224030906979,59.578019730607444,4.576512110751629,True,False,True,False,True,6.437445922787614,0.0,0.0,0.0,0.0,1,0.9707526269791266,0.9697363874717994,False,False,False,False,0.2589504118789456,0.17049192889870993,False,False,False,False,19792737,16180587.870246409,False,True,False,False,1986288.7231646618,False,True,False,False
2023-12-05 00:00:00+00:00,2.07,2.245,2.07,2.2,1644367,,,,,,,,,,,,,,,,,,,,,2.1283333333333334,2.0176671684429834,2.021570877442027,2.057374551369202,2.0308721375292613,2.0200257593787523,1.9952068872057391,1.9884798560983388,1.9823429629026985,2.006327315177147,2.1021995102439877,2.184692764954697,2.2468746262433776,2.34335483023989,2.4462156853645243,2.5250325685621537,,,,,,,,,,,2.1021995102439877,2.5250325685621537,2.131035677155507,,#000000,0.17824287509609063,2.0102496155895886,0.3352189218121614,58.201730721938766,4.576512110751629,True,False,True,False,True,3.001212818965705,0.0,0.0,0.0,0.0,1,0.9870519341046785,0.9718546736641607,False,False,False,False,0.33968924722349103,0.25509058806110047,False,False,False,False,18148370,16257755.796903413,False,False,False,False,1972880.0281385966,False,False,False,False
2023-12-06 00:00:00+00:00,2.07,2.13,2.06,2.08,1346546,,,,,,,,,,,,,,,,,,,,,2.1095744850039657,2.0209402402897183,2.022363490224886,2.0575848824256933,2.0312324897929503,2.0203876849086173,1.9956419667795888,1.9889270128700884,1.9827931005709605,2.0065984439449243,2.102154545432545,2.1844342155726966,2.246483785419,2.3428003039448293,2.445555239459047,2.5242985584023434,,,,,,,,,,,2.102154545432545,2.5242985584023434,2.130110652815116,,#000000,0.17726368611312493,2.0099788390193516,0.3385981770814827,57.28420471615965,4.576512110751629,True,False,True,False,True,3.001212818965705,0.0,0.0,0.0,0.0,1,0.9745402239802732,1.0009657864995376,False,False,False,False,0.2366898329323595,0.24589021049673,False,False,False,False,18148370,16331897.53035818,False,False,False,False,1948317.9093880635,False,False,False,False
2023-12-07 00:00:00+00:00,2.08,2.11,2.02,2.07,1198263,,,,,,,,,,,,,,,,,,,,,2.098254683419046,2.022927294525361,2.022874111239649,2.057663708202097,2.031454026457127,2.020626303849077,1.9959554128401384,1.9892542460318177,1.9831266650591026,2.0067882787540974,2.102071926835565,2.1841662552460965,2.2461014805810113,2.3422768746635114,2.4449423606450993,2.5236226451092185,,,,,,,,,,,2.102071926835565,2.5236226451092185,2.1295066420911257,,#000000,0.17579390062085085,2.009866989504286,0.3989501925153563,56.92305606693726,4.576512110751629,True,False,True,False,False,3.2638541767271967,0.0,0.0,0.0,0.0,1,0.97820203503619,1.0033777404804363,False,False,False,False,0.18767567638602248,0.21678294344137622,False,False,False,False,19346633,16450122.450736292,False,False,False,False,1918903.9913728454,False,False,False,False
2023-12-08 00:00:00+00:00,2.1,2.11,2.04,2.05,1051232,,,,,,,,,,,,,,,,,,,,,2.095261443065756,2.0250000457523067,2.023437363283547,2.0578058988436805,2.0317128158544167,2.0208897849183063,1.9962773565451737,1.9895862058561893,1.9834617979960283,2.0069888183782276,2.1020297823270564,2.1839595401818483,2.2457927381889453,2.3418417294202944,2.4444253908817672,2.523048703516182,,,,,,,,,,,2.1020297823270564,2.523048703516182,2.129469963438108,,"rgba(38, 166, 154, 0.5)",0.1745379485828042,2.010184767391673,0.5145885656248385,57.20477687508274,4.576512110751629,True,False,True,False,False,3.793955290460559,0.0,0.0,0.0,0.0,1,0.9907547805576614,0.973506865470474,False,False,False,False,0.20390380247845735,0.21034337295991679,False,False,False,False,20397865,16604935.884040752,False,False,False,False,1884877.638769989,False,False,False,False
2023-12-11 00:00:00+00:00,2.02,2.0999,1.99,2.09,1252570,,,,,,,,,,,,,,,,,,,,,2.0839514076078287,2.025456996850405,2.023582237345991,2.057667072652736,2.0317418890558785,2.020968212778096,1.996453751871781,1.9897831789427416,1.9836728434088695,2.007081070684205,2.101854999272768,2.183600540841907,2.2453210801641315,2.3412318270210033,2.443731918921367,2.522294365062251,,,,,,,,,,,2.101854999272768,2.522294365062251,2.1286495870301225,,#000000,0.17132046784520769,2.0098260746191956,0.05938534670589863,54.77294513264905,4.576512110751629,True,False,True,False,False,1.4869843135312841,0.0,0.0,0.0,0.0,1,0.9820286705395579,0.9709742132319138,False,False,False,False,0.1554216074320029,0.18288249019595984,False,False,False,False,19145295,16704557.810156802,False,False,False,False,1860081.260779009,False,False,False,False
2023-12-12 00:00:00+00:00,1.9,2.02,1.88,2.01,1783062,,,,,,,,,,,,,,,,,,,,,2.051500940385337,2.0205786377901145,2.0221934975921574,2.0565172880095886,2.03092108062143,2.020351134465457,1.996063432930522,1.9894487373286034,1.9833900148828763,2.006755813892627,2.101216270976747,2.182735417241955,2.2443227827990557,2.3400747913586097,2.4424993421339494,2.5209970296916993,,,,,,,,,,,2.101216270976747,2.5209970296916993,2.125597888256295,,"rgba(239, 83, 80, 0.5)",0.16802219930550133,2.007462707190256,-0.6395744588181781,50.10192931718193,5.0408846098493925,True,False,False,False,False,0.0,0.0,0.0,0.0,0.0,1,0.9640896520411111,0.9847277830519668,False,False,False,False,0.005857975678959849,0.09437023293745984,False,False,False,False,17362233,16730348.994072221,False,False,False,False,1857060.8976112048,False,False,False,False
2023-12-13 00:00:00+00:00,1.96,1.97,1.85,1.88,1833432,,,,,,,,,,,,,,,,,,,,,2.0288612662131773,2.015729151538533,2.020705559706039,2.055294194130911,2.0300345516246807,2.019677698795562,1.9956249681892508,1.989068588305602,1.9830641986728708,2.0063942503458803,2.1005386476046572,2.1818284570720405,2.2432810618300008,2.338872507138718,2.441221625194425,2.5196539263700966,,,,,,,,,,,2.1005386476046572,2.5196539263700966,2.123115665795778,,#000000,0.16476825111827445,2.0007043033812364,-0.24703972461307452,48.79654584845585,3.8553380623180473,False,False,False,False,False,0.0,0.0,0.0,0.0,0.0,1,0.970524419699513,0.9828059114913825,True,False,False,False,-0.056687928306629644,0.0188411523154151,False,False,False,False,19195665,16827028.053128213,False,False,False,False,1856134.2741754712,False,False,False,False
2023-12-14 00:00:00+00:00,2.0,2.04,1.95,1.97,1960488,,,,,,,,,,,,,,,,,,,,,2.023631992373352,2.0147316540297173,2.0203117381853417,2.054709586615593,2.029733877922508,2.0195021739630734,1.9956319587592892,1.9891174668814329,1.98314723509778,2.006347517323385,2.100109241502459,2.181129837603952,2.2424192911175367,2.3378116266059985,2.440047263522943,2.518393191388423,,,,,,,,,,,2.100109241502459,2.518393191388423,2.1222984783057988,,#000000,0.16200133466249786,2.0021780058958516,-0.013444370075031182,49.05530420519947,3.8553380623180473,False,False,False,False,False,0.9299022039301725,0.0,0.0,0.0,0.0,1,0.9909098421618047,0.9795471448640606,False,False,False,False,0.07630147960092958,0.047571315958172336,False,False,False,False,21156153,16996797.65888789,False,False,False,False,1860226.577148982,False,False,False,False
2023-12-15 00:00:00+00:00,1.93,1.99,1.9,1.98,2001547,,,,,,,,,,,,,,,,,,,,,2.011736083609713,2.0109416870674255,2.0189905588555006,2.0535535670074316,2.028915888398237,2.018887826508279,1.9952534018406225,1.9887969806839831,1.9828799915520543,2.006023684952948,2.0994363288599596,2.1802045597583697,2.2413442185626256,2.3365565051741632,2.438702272575666,2.516973186207627,,,,,,,,,,,2.0994363288599596,2.516973186207627,2.1205747963509127,,#000000,0.1614960463075526,2.0005411790976977,-0.43679817995890335,47.44210531954799,2.43524422563668,False,False,False,True,False,0.0,0.0,0.0,0.0,0.0,1,0.9622207621550591,0.9909658344283836,False,False,False,False,-0.0019527428482807856,0.022809286554945775,False,False,False,False,19154606,17081417.59383346,False,False,False,False,1865768.5545156887,False,False,False,False
2023-12-18 00:00:00+00:00,1.88,1.95,1.865,1.93,1271146,,,,,,,,,,,,,,,,,,,,,2.002340612539435,2.0074279928541148,2.017743026068346,2.052566440675785,2.028164267013005,2.018299088608795,1.9948363621178804,1.9884236607527508,1.982548726685109,2.0056909044282216,2.0989009850074867,2.17951931689521,2.2405715620916484,2.3356801827631215,2.4377807900610526,2.5160101166010396,,,,,,,,,,,2.0989009850074867,2.5160101166010396,2.1191565021976873,,"rgba(239, 83, 80, 0.5)",0.16199410510906956,1.998900034145287,-0.7339775361901746,45.21314892059256,0.23256187476451373,False,False,False,True,False,0.0,0.0,0.0,0.0,0.0,0,0.9630577454905683,0.9991744747595657,False,False,False,False,-0.06060670559086598,-0.0188987095179601,False,False,False,False,17883460,17112870.237212542,False,False,False,False,1842450.0229660538,False,False,False,False
2023-12-19 00:00:00+00:00,1.91,1.96,1.87,1.89,1294716,,,,,,,,,,,,,,,,,,,,,1.9954140877683242,2.0045296501711034,2.0166549260791173,2.051670370641499,2.0274949786632717,2.0177795588580327,1.9944807166239176,1.9881093577467488,1.9822736011010211,2.005401124759075,2.098399197690523,2.1788618346945845,2.2398224852349244,2.33482169669961,2.4368714546338524,2.515056013638127,,,,,,,,,,,2.098399197690523,2.515056013638127,2.1179775659377333,,"rgba(239, 83, 80, 0.5)",0.162286810952114,1.997749887777196,-0.5407086827474133,44.69714849575962,-0.3616207855570792,False,False,False,True,False,0.0,0.0,0.0,0.0,0.0,0,0.9744087175465389,0.9847277830519668,False,False,False,False,-0.048855467858506536,-0.03387708868823332,False,False,False,False,19178176,17193862.620066952,False,False,False,False,1820970.257359542,False,False,False,False
2023-12-20 00:00:00+00:00,1.86,2.02,1.86,1.89,2782255,,,,,,,,,,,,,,,,,,,,,1.9836543549624508,1.998867922844798,2.0143917268067044,2.0497832694373384,2.0260827947440134,2.0166803426654916,1.9937268629161211,1.9874427652248778,1.9816897128251825,2.004784519578712,2.097330020149304,2.177459882224299,2.2382243172662073,2.3329886264360966,2.4349279853814663,2.5130158987638724,,,,,,,,,,,2.097330020149304,2.5130158987638724,2.1156906876391837,,"rgba(239, 83, 80, 0.5)",0.16289852033682226,1.9956734589694676,-0.8328710333828568,43.15077432629938,-1.9706800688372823,False,True,False,True,False,0.0,0.0,0.0,0.0,0.0,0,0.958497782479554,0.9890141188916466,False,False,False,False,-0.00976369965056327,-0.021820394169398294,True,False,False,False,16395921,17162570.791829035,False,False,False,False,1858667.6982474031,False,False,False,False
2023-12-21 00:00:00+00:00,1.91,1.93,1.86,1.87,1625558,,,,,,,,,,,,,,,,,,,,,1.977192780719755,1.9954072652110943,2.012946256805089,2.048598925263421,2.025178094066635,2.0159672739977585,1.9932208852861781,1.9869896888869445,1.9812874721864295,2.004376100473455,2.0966661872927266,2.176606604849625,2.2372597694916103,2.3318912050437857,2.4337703033039486,2.511803972849729,,,,,,,,,,,2.0966661872927266,2.511803972849729,2.1143226741080117,,"rgba(239, 83, 80, 0.5)",0.1631958973163819,1.9943875216813574,-0.5170934016665777,43.784249738248256,-1.9706800688372823,False,True,False,True,False,0.0,0.0,0.0,0.0,0.0,0,0.966430589102223,1.001228149179187,False,False,False,False,-0.08023093759571492,-0.05102566588255661,False,False,False,False,18021479,17196253.46665927,False,False,False,False,1849526.1414533872,False,False,False,False
2023-12-22 00:00:00+00:00,1.99,2.07,1.89,1.91,3056179,,,,,,,,,,,,,,,,,,,,,1.97797143500181,1.9946617624838194,2.0122590693804914,2.0476429061737305,2.0246211047720593,2.015596577898771,1.9931215401318132,1.9869544142907682,1.981306238071504,2.004223020920432,2.095953892807656,2.1754955529239073,2.235905575595822,2.330238164147302,2.431944975587581,2.5098469753112638,,,,,,,,,,,2.095953892807656,2.5098469753112638,2.1136089503436706,,#000000,0.16288756969259047,1.9947681108106792,-0.029272404393274446,46.548530989667064,-1.9706800688372823,False,False,False,True,True,0.8199690732517126,0.0,0.0,0.0,0.0,0,0.9851863714617447,0.9551587460463626,False,False,False,False,0.05277073284080735,0.0008725334791253696,False,False,False,False,21077658,17348465.40914322,False,False,False,False,1896845.8613963916,False,False,False,False
2023-12-26 00:00:00+00:00,2.05,2.08,1.971,2.0,1829546,,,,,,,,,,,,,,,,,,,,,1.9819009924334694,1.9960521027253308,2.012552384723945,2.0475214147940144,2.024692613482184,2.015718625737618,1.9933639535967878,1.9872226446909997,1.9815921830117262,2.004350689274798,2.095720419972343,2.1750091459315235,2.2352619728376917,2.3293985660960406,2.430981133813762,2.508793695648378,,,,,,,,,,,2.095720419972343,2.508793695648378,2.113758283673163,,#000000,0.16122481645652317,1.9957632382396588,0.3364045495748279,49.9156684265014,-5.002991028113421,False,False,False,False,True,2.41711171548107,0.0,0.0,0.0,0.0,0,1.00534188034188,0.9457898069009179,False,False,False,False,0.12443704071751358,0.06265478709831947,False,False,False,False,22907204,17566455.157804273,False,False,False,False,1894206.6511455528,False,False,False,False
2023-12-27 00:00:00+00:00,2.03,2.09,2.02,2.04,1873514,,,,,,,,,,,,,,,,,,,,,1.986265024951727,1.9978345672025897,2.0130244103534003,2.0475138732880223,2.024869073188798,2.0159312060996415,1.99368831571249,1.9875701430295911,1.9819540772019764,2.0045377512709206,2.095532851685792,2.1745599905566904,2.2346493620154226,2.3285812816903704,2.430031088094909,2.5077493009904974,,,,,,,,,,,2.095532851685792,2.5077493009904974,2.1140182698333025,,#000000,0.15404363486181297,1.9968644899680097,0.2151047010914459,51.522077603464176,-3.5019450937372056,True,False,False,False,True,1.8542814653309527,0.0,0.0,0.0,0.0,0,1.014977140154501,0.9440327920542331,False,False,False,False,0.1715446790968788,0.11709973309759913,False,False,False,False,21033690,17702425.15161587,False,False,False,False,1893395.174630041,False,False,False,False
2023-12-28 00:00:00+00:00,2.1,2.17,2.0,2.03,2996233,,,,,,,,,,,,,,,,,,,,,1.9963561793633773,2.002748582621257,2.0146908730583135,2.0481050270759638,2.02569491964021,2.0167360267068655,1.9946165814765275,1.988518885657237,1.982906549671048,2.005137700670257,2.0954992232120744,2.1740893538115795,2.233901814683253,2.3274834131919806,2.428692085371984,2.5062448750580626,,,,,,,,,,,2.0954992232120744,2.5062448750580626,2.1150888807043744,,"rgba(38, 166, 154, 0.5)",0.15152462411010897,1.9994454366742,0.6636186290931148,54.33060716516507,-0.861072394607568,True,False,True,False,True,3.705420119100136,0.0,0.0,0.0,0.0,1,1.0069305405821654,0.9337748344370861,False,False,False,False,0.22023856701762165,0.1686691500576104,False,False,False,False,24029923,17950562.32214074,False,False,False,False,1936643.716801412,False,False,False,False
2023-12-29 00:00:00+00:00,2.09,2.15,2.03,2.1,2425983,,,,,,,,,,,,,,,,,,,,,2.0031934141072814,2.006359338103164,2.015988218418925,2.0485717531484733,2.026348401496107,2.01737496999164,1.9953551697740675,1.9892742811577409,1.9836655295995977,2.00561733000815,2.095472293008187,2.1737121106565405,2.2333021794553405,2.3266018685767227,2.427615626244365,2.5050346903864806,,,,,,,,,,,2.095472293008187,2.5050346903864806,2.115842948383299,,"rgba(38, 166, 154, 0.5)",0.1424106484529541,2.001272891508122,0.6230370372984366,55.847769410009214,0.5574446074854293,True,False,True,False,True,3.416131507763726,0.0,0.0,0.0,0.0,1,1.027945792818314,0.9322410228925808,False,False,False,False,0.22844900598667642,0.1985590780221434,False,False,False,False,21603940,18093832.034997962,False,False,False,False,1955833.4926131214,False,False,False,False
2024-01-02 00:00:00+00:00,2.11,2.18,2.05,2.06,2763129,,,,,,,,,,,,,,,,,,,,,2.0116494514394265,2.0111745426410415,2.017861472914462,2.0493831906473003,2.0273436873176958,2.0183187602090524,1.9963865792539897,1.990317233652172,1.9847038261083914,2.00630629611286,2.0955713631620787,2.1734051627898716,2.232735488291077,2.325703987276248,2.426482034904186,2.503741878101018,,,,,,,,,,,2.0955713631620787,2.503741878101018,2.1169428096763045,,"rgba(38, 166, 154, 0.5)",0.13128608470067987,2.003614656853644,0.8103322099132171,57.37501361615814,2.0358682890593087,True,False,True,False,True,3.949098371900085,0.0,0.0,0.0,0.0,1,1.0446597532359396,0.9140867458935734,False,False,False,False,0.2699833332452926,0.234271205633718,False,False,False,False,24367069,18339841.32774314,False,False,False,False,1987492.1399616266,False,False,False,False
2024-01-03 00:00:00+00:00,2.14,2.22,2.07,2.12,5026188,,,,,,,,,,,,,,,,,,,,,2.0277862928979618,2.021176646009007,2.022104974938103,2.0514767510114504,2.0297085953300935,2.0205160617118283,1.9986868290324193,1.9926219615519543,1.9869811807760098,2.007882229088984,2.0960484484135096,2.173129625679363,2.2319738516755327,2.324317961209923,2.424636387982187,2.5015910115321676,,,,,,,,,,,2.0960484484135096,2.5015910115321676,2.119414925552531,,"rgba(38, 166, 154, 1.0)",0.12354376982697712,2.008352962342399,1.065590258755845,59.164336703878426,3.7904875698229787,True,False,True,False,True,4.749667086259624,0.0,0.0,0.0,0.0,1,1.0512553855296387,0.9026147674936857,False,False,False,False,0.3210690270107497,0.2776701163222338,False,False,False,False,29393257,18773308.609008115,False,False,False,False,2106656.683492543,False,False,False,False
2024-01-04 00:00:00+00:00,2.13,2.165,2.07,2.14,1846489,,,,,,,,,,,,,,,,,,,,,2.031830604545802,2.02389506264024,2.0233268185016446,2.0520466920116345,2.0303922739168967,2.0211650102016927,1.9993900091050425,1.9933320856071441,1.9876878089721908,2.008360959763967,2.0961421139648784,2.1729569768763928,2.231629696329624,2.323753722425775,2.4239126147261967,2.500759874965243,,,,,,,,,,,2.0961421139648784,2.500759874965243,2.120036395284648,,"rgba(38, 166, 154, 0.5)",0.1206286834848052,2.009653939211426,0.997657085462041,59.9182858896764,4.606781377919454,True,False,True,False,True,4.445193713100938,0.0,0.0,0.0,0.0,0,1.0548168450683357,0.9149968517352496,False,False,False,False,0.2741849780359426,0.2759275471790882,False,False,False,False,27546768,19117365.840027407,False,False,False,False,2096454.0292379337,False,False,False,False
2024-01-05 00:00:00+00:00,2.18,2.2,2.08,2.13,2112674,,,,,,,,,,,,,,,,,,,,,2.0375381084537625,2.0277810680319206,2.0251270093468383,2.0529790375782913,2.0314292438435775,2.022128126153068,2.000390578719971,1.9943331852960822,1.988676217383482,2.0090554941958163,2.0963803640731085,2.1728819407500763,2.2313511929225767,2.3232125451491763,2.423175053354406,2.499892437168728,,,,,,,,,,,2.0963803640731085,2.499892437168728,2.121020725151305,,"rgba(38, 166, 154, 1.0)",0.11986854661864597,2.0114944141311932,1.4057531406040698,61.75151434063251,6.47807745988532,True,False,True,False,True,5.793264606433418,0.0,0.0,0.0,0.0,0,1.047413553608801,0.9252680903080028,False,False,False,False,0.3124480865668004,0.29418781687294426,False,False,False,False,29659442,19530780.59139888,False,False,False,False,2097090.1065227208,False,False,False,False
2024-01-08 00:00:00+00:00,2.19,2.25,2.14,2.2,2771188,,,,,,,,,,,,,,,,,,,,,2.046580438695727,2.034053486546979,2.0281276359506095,2.0546534853238625,2.0332009104008635,2.023749078417933,2.002021607191024,1.9959530961881589,1.990265609772266,2.0102062801184295,2.096907268317297,2.172984005161893,2.2311746344810484,2.3226737968459763,2.42235618151198,2.4988917390443977,,,,,,,,,,,2.096907268317297,2.4988917390443977,2.122737453373028,,"rgba(38, 166, 154, 1.0)",0.12011135974060393,2.014450137858585,1.4615591940723809,63.23026278720276,8.006517081907802,True,False,True,False,True,6.062076355456924,0.0,0.0,0.0,0.0,0,1.055237323411858,0.9145377857182325,False,False,False,False,0.3428280934029126,0.3185079551379284,False,False,False,False,32430630,20036657.038795006,False,False,False,False,2123525.3180316337,False,False,False,False
2024-01-09 00:00:00+00:00,2.08,2.27,2.06,2.27,2965771,,,,,,,,,,,,,,,,,,,,2.1366666666666667,2.0518489101031214,2.0380521280739647,2.0301609946454993,2.0556874156406497,2.0343985769966495,2.0248817605430953,2.003228819675463,1.9971683814182541,1.9914723823258995,2.0110458458060765,2.0971371812324935,2.172791064531571,2.2307072355696587,2.321851698497056,2.4212710054230544,2.4976307118932617,,,,,,,,,,,2.0971371812324935,2.4976307118932617,2.12447063406132,,#000000,0.11952126728466095,2.0226851773206227,0.47953660450128954,59.53461053118757,8.006517081907802,True,False,True,False,False,2.6755771229158753,0.0,0.0,0.0,0.0,0,1.050228802153432,0.9025033647375504,False,False,False,False,0.29524636709390384,0.3068771611159161,False,False,False,False,29464859,20406390.44903834,False,False,False,False,2156554.5604617656,False,False,False,False
2024-01-10 00:00:00+00:00,2.04,2.08,2.01,2.08,1765408,,,,,,,,,,,,,,,,,,,,2.1018399536352352,2.0515624354818534,2.0381718547513663,2.0303062667298817,2.055595396402634,2.0344597200712093,2.024991282657182,2.0034417229496038,1.9974045026832263,1.9917256054875263,2.0111729409598182,2.0969526150912294,2.1723829576670886,2.230157239992351,2.3211208717740845,2.4204183909240826,2.496691216667253,,,,,,,,,,,2.0969526150912294,2.496691216667253,2.122258527877978,,#000000,0.11910749176518085,2.0210806752498853,0.15884244114059556,55.71101370206941,11.322220451145874,True,False,True,False,False,1.4898673591937452,0.0,0.0,0.0,0.0,0,1.0428967367009387,0.9320339740724183,False,False,False,False,0.10277402157351785,0.20482559134471698,False,False,False,False,27699451,20692392.82358586,False,False,False,False,2141215.4796593436,False,False,False,False
2024-01-11 00:00:00+00:00,2.01,2.0312,1.97,2.01,1801403,,,,,,,,,,,,,,,,,,,,2.074786399599219,2.0499750873828098,2.03739321554711,2.0300105577179997,2.055204199497452,2.0342466513073543,2.024863305299324,2.0034432940779316,1.9974373614518879,1.9917851348416526,2.0111431784425324,2.0966274583696523,2.1718422004540416,2.2294810957697524,2.3202733419629613,2.4194614003342436,2.495653175734891,,,,,,,,,,,2.0966274583696523,2.495653175734891,2.1202133563406367,,#000000,0.11661780186450835,2.01946599223439,-0.08117107408171068,52.190558444827374,8.119201437968364,False,False,False,False,False,0.6066067908855111,0.0,0.0,0.0,0.0,0,1.032382655341976,0.9463388466696467,False,False,False,False,0.02451911364843841,0.1146723524965777,False,False,False,False,25898048,20896536.163837396,False,False,False,False,2127889.5000648596,False,False,False,False
2024-01-12 00:00:00+00:00,1.99,2.06,1.97,2.01,1798403,,,,,,,,,,,,,,,,,,,,2.060081447896017,2.048586183002067,2.0367149686108146,2.0297540643259016,2.0548414212246824,2.034057032130285,2.024754593495605,2.0034605391732736,1.9974849527666525,1.9918584257228538,2.0111253708820063,2.096315277214544,2.1713151516664837,2.228818812610735,2.31943952580112,2.418517088586842,2.4946273687614156,,,,,,,,,,,2.096315277214544,2.4946273687614156,2.118926601404194,,#000000,0.11543447109557493,2.0185128889071735,-0.24700497725299086,49.20291233920102,5.436283149712871,False,True,False,False,False,0.017316716976591096,0.0,0.0,0.0,0.0,0,1.0287063435495367,0.9468282252316464,False,False,False,False,0.04717773798960606,0.08092504524309188,False,False,False,False,24099645,21022148.275059458,False,False,False,False,2114968.46084663,False,False,False,False
2024-01-16 00:00:00+00:00,2.04,2.13,1.975,2.01,4310749,,,,,,,,,,,,,,,,,,,,2.05607541730694,2.048568133542693,2.0372988080492935,2.0302308324682286,2.054726877588709,2.03428848942467,2.0250874804182013,2.0040286982806808,1.9981057738945114,1.9925173366471212,2.0114768057366477,2.0959194556520853,2.1703816766348516,2.2275420059463205,2.31772268057114,2.416498306557858,2.4923944279431858,,,,,,,,,,,2.0959194556520853,2.4923944279431858,2.1184037180390085,,#000000,0.11511560973039935,2.0187857376267506,0.18428658305275192,49.19438358420487,5.436283149712871,False,True,False,False,False,1.4791367494571617,0.0,0.0,0.0,0.0,1,1.0346650167933535,0.9365564786989572,False,False,False,False,0.08908093222564217,0.08500298873436703,False,False,False,False,28410394,21311883.401527718,False,False,False,False,2201077.5015977426,False,False,False,False
2024-01-17 00:00:00+00:00,2.01,2.07,1.96,2.0,2361679,,,,,,,,,,,,,,,,,,,,2.049347409343905,2.0472420194122094,2.036656700460267,2.029996568199498,2.0543315558332296,2.034103999047844,2.024997263252897,2.00409279741301,1.9982069533875664,1.9926495481763764,2.0114863630753517,2.0955478875293556,2.1697313058166463,2.226715000993417,2.3166702701566644,2.4152973497673362,2.4910848650825868,,,,,,,,,,,2.0955478875293556,2.4910848650825868,2.1175386974675385,,#000000,0.1150558031471505,2.0182739572417456,-0.07191255908373327,48.128223251621804,4.342588367739708,False,True,False,True,False,0.5770505367974046,0.0,0.0,0.0,0.0,1,1.0284779918684814,0.9542336927700195,False,False,False,False,-0.030009095854082905,0.027496946440142063,False,False,False,False,26048715,21497641.503428593,False,False,False,False,2207375.5995743014,False,False,False,False
2024-01-18 00:00:00+00:00,1.96,2.03,1.9344,2.03,1898970,,,,,,,,,,,,,,,,,,,,2.040972064049588,2.0451141305739515,2.0353521862015898,2.029388043258741,2.053725472241717,2.0336871292452945,2.024689367787662,2.003931431474362,1.998082562032071,1.9925588529839817,2.0113351311522933,2.0951126364539214,2.1690843676385976,2.225935393114394,2.315722487902662,2.4142447915027696,2.489952546760904,,,,,,,,,,,2.0951126364539214,2.489952546760904,2.116405211433794,,#000000,0.11497935576550365,2.017352503171609,-0.49880696225657695,45.79182731312309,1.9878654385036185,False,True,False,True,False,0.0,0.0,0.0,0.0,0.0,1,1.0115264139654383,0.9702776897898848,False,False,False,False,-0.12368500586115785,-0.0480940297105079,False,False,False,False,24149745,21601645.56211767,False,False,False,False,2195281.2623360935,False,False,False,False
2024-01-19 00:00:00+00:00,2.0,2.03,1.935,1.96,2137623,,,,,,,,,,,,,,,,,,,,2.035062309532185,2.0432967530856234,2.0342618571669195,2.02888479093915,2.0531692838249653,2.0333310717332513,2.0244400665358544,2.003835303250036,1.9980245873604503,1.9925348219069419,2.0112288875018134,2.094681115629303,2.168411614803949,2.225110542887936,2.314703963783095,2.4131022589213407,2.488717181361905,,,,,,,,,,,2.094681115629303,2.488717181361905,2.1154586123661603,,#000000,0.1150558031471505,2.016658914768093,-0.14478986989284662,45.909237761622094,1.93022084399378,False,True,False,True,False,0.2901443499807499,0.0,0.0,0.0,0.0,1,1.0116627849530664,0.9772566871338839,False,False,False,False,-0.13837656636297038,-0.09323529803673913,False,False,False,False,26287368,21785399.383211095,False,False,False,False,2193020.1540091876,False,False,False,False
2024-01-22 00:00:00+00:00,2.06,2.07,1.98,2.01,2262328,,,,,,,,,,,,,,,,,,,,2.035232693775871,2.043079523168202,2.0343194622644005,2.0289844538547492,2.0530220587400216,2.0333585576848168,2.0245281587882444,2.0040480530823737,1.9982662604613601,1.9927988581267302,2.0113526323207815,2.094434044620027,2.167894691876006,2.2244207182981897,2.313791518227788,2.412036563334084,2.4875420072637127,,,,,,,,,,,2.094434044620027,2.4875420072637127,2.11524177975808,,#000000,0.1155748655614514,2.016799237973358,0.37379028577517126,48.20338237291483,1.93022084399378,False,True,False,False,False,2.054210606223549,0.0,0.0,0.0,0.0,1,1.0140807931652778,0.9685511373624441,False,False,False,False,-0.044028523213817075,-0.0686319106252781,False,False,False,False,28549696,22050665.91720282,False,False,False,False,2195738.108753925,False,False,False,False
2024-01-23 00:00:00+00:00,2.05,2.1,2.04,2.06,1802215,,,,,,,,,,,,,,,,,,,,2.0374246168521473,2.0435947141422837,2.034862747214379,2.0293313540346625,2.0530948227794643,2.0335540379494748,2.0247496146181394,2.0043525213837907,1.9985888288227303,1.9931334373146725,2.011553292524902,2.094328888134849,2.167568886138449,2.223952331565751,2.3131384534413226,2.411251922058214,2.4866653146426176,,,,,,,,,,,2.094328888134849,2.4866653146426176,2.1153615166834028,,#000000,0.11592044491610429,2.0172438677930167,0.28257424504098405,49.34340900755197,1.93022084399378,False,True,False,False,True,1.7460227319638228,0.0,0.0,0.0,0.0,1,1.0217860612384413,0.9876047925736696,False,False,False,False,0.055055430485536565,-0.006788240069870766,False,False,False,False,26747481,22234854.74397918,False,False,False,False,2180305.829979262,False,False,False,False
2024-01-24 00:00:00+00:00,2.01,2.08,2.0,2.08,2333333,,,,,,,,,,,,,,,,,,,,2.0367435812410273,2.0431612735804072,2.034747648446729,2.0293399841468474,2.052885729854206,2.0335242810529093,2.024788123571048,2.0045219285902314,1.9987891542871137,1.9933584677358824,2.011645029188066,2.094048509516851,2.1670161353791157,2.223224926489842,2.3121858188525826,2.410144446999776,2.4854466745406683,,,,,,,,,,,2.094048509516851,2.4854466745406683,2.1150336302043122,,#000000,0.11596566748841682,2.017265409166638,-0.06265138056799359,48.57662641966793,1.93022084399378,False,True,False,False,True,0.513268908379807,0.0,0.0,0.0,0.0,1,0.9983959917817108,0.9893847096564901,False,False,False,False,-0.011000550045045764,-0.008894395057458265,False,False,False,False,24414148,22320317.224607445,False,False,False,False,2186306.8954702714,False,False,False,False
2024-01-25 00:00:00+00:00,2.03,2.0333,1.98,2.03,1824589,,,,,,,,,,,,,,,,,,,,2.035250428513981,2.042462466233285,2.0343784883717415,2.0291910386505148,2.0526154133162495,2.033400102310324,2.0247290740399344,2.004572858553176,1.9988667848413082,1.9934585814897727,2.0116558302624012,2.0937780854235575,2.1665382313903443,2.222614391072815,2.311404496768288,2.4092476314834883,2.4844658447092742,,,,,,,,,,,2.0937780854235575,2.4844658447092742,2.1146252792606153,,#000000,0.11616809814671603,2.0171030312986593,0.11101988331643424,48.886787607093865,1.93022084399378,False,True,False,False,True,1.1187473150300846,0.0,0.0,0.0,0.0,1,1.0037065039001272,1.0051264083792806,False,False,False,False,-0.08457113207974545,-0.04673276356860186,False,False,False,False,26238737,22473980.745211076,False,False,False,False,2172121.879961633,False,False,False,False
2024-01-26 00:00:00+00:00,1.96,2.045,1.96,2.02,1833377,,,,,,,,,,,,,,,,,,,,2.0322941055633317,2.0411709992010074,2.0335527840648404,2.0287849045839894,2.0521645251013676,2.033107462341178,2.024521711172169,2.0044894402037032,1.9988145238970412,1.9934342335350406,2.0115654025737237,2.093419426620267,2.1659791477618198,2.221928038012765,2.3105548937874776,2.4082912803073593,2.4834298987571697,,,,,,,,,,,2.093419426620267,2.4834298987571697,2.113970751616721,,#000000,0.1161701144679367,2.0166519447609015,-0.48766367340145494,46.58647751897129,1.7782503401104037,False,True,False,True,True,0.0,0.0,0.0,0.0,0.0,1,0.9983481504853469,0.9955641344494145,False,False,False,False,-0.09377398448952504,-0.07025337402906345,False,False,False,False,24405360,22549721.108143974,False,False,False,False,2158837.7670219615,False,False,False,False
2024-01-29 00:00:00+00:00,2.06,2.06,1.93,1.96,1954579,,,,,,,,,,,,,,,,,,,,2.0313103811240123,2.040563161127461,2.0332360116178894,2.028657830139122,2.0519010454791413,2.0329944293168603,2.0244742869125725,2.0045557635217532,1.998908454528413,1.9935513046452091,2.0115864023247667,2.093142107404626,2.1654814054798512,2.2212889439814263,2.3097332462139573,2.4073449463287635,2.4823931541171618,,,,,,,,,,,2.093142107404626,2.4823931541171618,2.11359546319194,,#000000,0.1166085312039714,2.0179725971835727,0.3604144772470645,48.77986749791516,1.7782503401104037,False,True,False,False,True,1.9744849285233563,0.0,0.0,0.0,0.0,1,0.9882166368548193,0.9946707481236976,False,False,False,False,-0.11044699002160789,-0.09035018202533568,False,False,False,False,26359939,22699141.417628527,False,False,False,False,2150827.61929561,False,False,False,False
2024-01-30 00:00:00+00:00,2.0,2.06,1.99,2.04,1996807,,,,,,,,,,,,,,,,,,,,2.0304255666328985,2.039972560839302,2.0329244374433286,2.0285307331738136,2.051635882048615,2.0328805480292758,2.0244264257756717,2.004622777818314,1.999003399243689,1.993669692893024,2.011607677978279,2.092860858595921,2.164976324844094,2.220640139132469,2.308898577973635,2.406382878286186,2.4813387560294076,,,,,,,,,,,2.092860858595921,2.4813387560294076,2.1132233668669365,,#000000,0.11662336390709639,2.017861865815294,-0.15315855431440834,48.24226511988904,1.7782503401104037,False,True,False,False,True,0.156877671908493,0.0,0.0,0.0,0.0,1,1.002085329425689,1.0058426797422457,False,False,False,False,-0.044028523213817075,-0.06718935261957637,False,False,False,False,24363132,22764395.950270545,False,False,False,False,2144787.595009508,False,False,False,False
2024-01-31 00:00:00+00:00,2.0,2.06,1.97,1.97,2249287,,,,,,,,,,,,,,,,,,,,2.02912393802494,2.0391607280212263,2.032448926544739,2.0283120976458444,2.051285890586684,2.0327021861036294,2.024327492293466,2.0046560866288563,1.999069230339172,1.9937633655178961,2.0116001294809123,2.092519011807415,2.1643860806866444,2.2198904819596277,2.307942729243583,2.4052863820188897,2.4801397828827376,,,,,,,,,,,2.092519011807415,2.4801397828827376,2.1127420317521333,,#000000,0.11610805777842946,2.01754122844741,-0.15107675369855952,47.88386353453829,1.7782503401104037,False,True,False,False,True,0.156877671908493,0.0,0.0,0.0,0.0,1,1.0163133064286933,0.9812614865761002,False,False,False,False,-0.06609617163344977,-0.06664276212651307,False,False,False,False,24363132,22827091.481632486,False,False,False,False,2148885.6108914884,False,False,False,False
2024-02-01 00:00:00+00:00,2.16,2.185,2.01,2.02,3843296,,,,,,,,,,,,,,,,,,,,2.0378837672329095,2.042662826518678,2.0353886684669837,2.030091048050314,2.052235264754123,2.033827775424756,2.025416269420211,2.0058466735960896,2.000276825922485,1.9949724448220651,2.012449602600197,2.0926997088537562,2.164088322468774,2.2192766379152107,2.3069123015208364,2.403936442960773,2.478574012698953,,,,,,,,,,,2.0926997088537562,2.478574012698953,2.1139140348957124,,"rgba(38, 166, 154, 1.0)",0.11776798078126051,2.021484029346305,1.176176832911583,52.345703024390076,-2.5417590936001773,False,False,False,False,True,4.762007990078445,0.0,0.0,0.0,0.0,1,1.018922308109828,0.9562222762919014,False,False,False,False,0.11601759962861447,0.024687418751050696,False,False,False,False,28206428,23038045.8549018,False,False,False,False,2215333.077131038,False,False,False,False
2024-02-02 00:00:00+00:00,2.09,2.16,2.05,2.14,1622654,,,,,,,,,,,,,,,,,,,,2.0403564621184684,2.0437140035669086,2.036309106002856,2.030669497363873,2.052519119426788,2.0341929852748,2.025779206909675,2.0062611780105803,2.000701325548244,1.9954010828660484,2.0127428089784476,2.0927212203688956,2.1639138506505984,2.2189730264638183,2.3064386371110523,2.4033339576786688,2.4778835633773477,,,,,,,,,,,2.0927212203688956,2.4778835633773477,2.1142300606892395,,"rgba(38, 166, 154, 0.5)",0.11800870329790135,2.0224220068578984,0.5726526201335121,52.99541797718982,-1.8774564443192148,False,False,True,False,True,2.6296045099485568,0.0,0.0,0.0,0.0,1,1.0115003105648515,0.9795027197952152,False,False,False,False,0.1327746153205652,0.07873101703580795,False,False,False,False,26583774,23177094.017454673,False,False,False,False,2192090.7603808013,False,False,False,False
2024-02-05 00:00:00+00:00,2.05,2.06,2.0,2.06,1461687,,,,,,,,,,,,,,,,,,,,2.0402287313051137,2.0435995104278466,2.036313636294489,2.0307138666327487,2.0524347092293285,2.0342052225629113,2.0258267232738727,2.0063812813423945,2.00083870815132,1.9955522335874436,2.0128147649369854,2.09257282548327,2.163602564855421,2.218555966625888,2.3058834810532036,2.402680391610441,2.477159879845269,,,,,,,,,,,2.09257282548327,2.477159879845269,2.114080264542232,,#000000,0.11787181921801254,2.0223440803209076,0.23462707085177464,52.220051552689284,-1.8774564443192148,False,False,False,False,True,1.438036859415039,0.0,0.0,0.0,0.0,1,0.9870559281594621,0.9926919536342971,False,False,False,False,-0.03301208594106768,0.022859465547370138,False,False,False,False,25122087,23253368.252064295,False,False,False,False,2163447.475659986,False,False,False,False
2024-02-06 00:00:00+00:00,2.16,2.18,2.03,2.04,2922365,,,,,,,,,,,,,,,,,,,,2.045608148459923,2.046107899271119,2.0384634947864178,2.032063890467234,2.0531815316562754,2.0350781173073518,2.026670170114942,2.0072976593764538,2.0017671196717135,1.9964812001430763,2.0134753779704546,2.092734778492904,2.1634065695752254,2.218122420842476,2.30513548835318,2.4016884261022473,2.476003380997773,,,,,,,,,,,2.092734778492904,2.476003380997773,2.1148991572699276,,"rgba(38, 166, 154, 1.0)",0.11803755700988967,2.0243417919949085,1.1492800379943957,54.466464377209064,-0.32346332537367317,True,False,True,False,True,4.475680697617346,0.0,0.0,0.0,0.0,1,0.994660902658464,0.9669493247612185,False,False,False,False,0.1327746153205652,0.07781704043396767,False,False,False,False,28044452,23441253.889238246,False,False,False,False,2193208.947202732,False,False,False,False
2024-02-07 00:00:00+00:00,2.14,2.25,2.13,2.19,2532237,,,,,,,,,,,,,,,,,,,,2.0523916813992926,2.049484003353138,2.041290184079621,2.0338258925768278,2.0542682918043624,2.036241516085694,2.0277612876507187,2.008417353646366,2.0028865118985544,1.9975882990260494,2.0142990843731416,2.093100807814619,2.163448258636788,2.2179464150763972,2.304669185193355,2.4009879411558934,2.4751485783557716,,,,,,,,,,,2.093100807814619,2.4751485783557716,2.1161032524780348,,"rgba(38, 166, 154, 0.5)",0.11620159556051253,2.0268347900966592,0.973869673281806,55.32501491627494,0.5980342022003597,True,False,True,False,True,3.8714336860754877,0.0,0.0,0.0,0.0,1,1.0139430916652925,0.9562285860862237,False,False,False,False,0.33053318244238195,0.2041751114381748,False,False,False,False,25512215,23522468.050444588,False,False,False,False,2206504.1649594875,False,False,False,False
2024-02-08 00:00:00+00:00,2.16,2.2,2.1,2.15,2288862,,,,,,,,,,,,,,,,,,,,2.057015505829622,2.0519165817215943,2.043373299622585,2.035158185147002,2.0550716383433065,2.037125405826121,2.028600067599096,2.0092953452277635,2.003768565706701,1.998464603652872,2.0149436352572927,2.093347046261113,2.1634100072753237,2.2177177233119574,2.3041867751628318,2.400303167138866,2.474329149899071,,,,,,,,,,,2.093347046261113,2.474329149899071,2.116942747234301,,"rgba(38, 166, 154, 1.0)",0.1138644681940563,2.0285419785181253,1.1545131116568714,56.39187575496382,1.751008177297905,True,False,True,False,True,4.4190065855930385,0.0,0.0,0.0,0.0,1,1.0167220396850163,0.9634905192826594,False,False,False,False,0.23524538079849538,0.2197102461183351,False,False,False,False,27801077,23690256.636701662,False,False,False,False,2209733.8839806844,False,False,False,False
2024-02-09 00:00:00+00:00,2.21,2.26,2.165,2.17,2230065,,,,,,,,,,,,,,,,,,,,2.063622736165174,2.055481108873792,2.046367606779787,2.0370547878185077,2.056299192101415,2.038399745248246,2.0297837762737685,2.010482930644794,2.004949393976492,1.9996270044853695,2.0158282034488724,2.093816457043657,2.163587157682098,2.217696928063161,2.3039003165982126,2.39979634440804,2.4736791335247523,,,,,,,,,,,2.093816457043657,2.4736791335247523,2.1182572248903613,,"rgba(0, 255, 255, 0.75)",0.11292156250812971,2.03099026741319,1.58525731145389,58.30214576724197,3.690802799327386,True,False,True,False,True,5.778425466395689,0.0,0.0,0.0,0.0,1,1.0357657444053332,0.9354538656550366,False,False,False,False,0.34282802113749644,0.2812691336279158,False,False,False,False,30031142,23938918.8078114,False,False,False,False,2210531.182648109,False,False,False,False
2024-02-12 00:00:00+00:00,2.17,2.255,2.16,2.23,1522433,,,,,,,,,,,,,,,,,,,,2.0673459795591174,2.0575744926110624,2.0481512998417433,2.0382049623857665,2.057037511429102,2.039176422967351,2.0305098758988103,2.011219199947332,2.005683477380438,2.0003515008928368,2.0163765249951227,2.09408976493964,2.163665685903218,2.2176438025755374,2.3036706179274327,2.399421390952709,2.4732091114364785,,,,,,,,,,,2.09408976493964,2.4732091114364785,2.119019507155511,,"rgba(38, 166, 154, 1.0)",0.11339049962586632,2.0323922833114416,1.2135735986929863,58.107273516411716,3.690802799327386,True,False,True,False,True,4.528023547502393,0.0,0.0,0.0,0.0,0,1.026429566381447,0.9423108232782794,False,False,False,False,0.3312083273941223,0.306238730511019,False,False,False,False,28508709,24118126.2663286,False,False,False,False,2183546.9401913206,False,False,False,False
2024-02-13 00:00:00+00:00,2.11,2.145,2.08,2.12,3101591,,,,,,,,,,,,,,,,,,,,2.06976520703093,2.0591789201084842,2.049667098968014,2.039278875042627,2.057623584404364,2.0399015401159515,2.031230060116822,2.0120291706105076,2.0065109532912717,2.00118614962453,2.016966944514519,2.0941859588653347,2.1634022021672488,2.2171408484764448,2.3028490875345233,2.398352072445142,2.471971085499723,,,,,,,,,,,2.0941859588653347,2.471971085499723,2.1194846916950842,,"rgba(38, 166, 154, 0.5)",0.11094142598686121,2.033417598573312,0.6902958092115896,55.962115663410934,3.690802799327386,True,False,True,False,False,2.6873791154964266,0.0,0.0,0.0,0.0,1,1.0220667286211484,0.962845532899652,False,False,False,False,0.12273849139493714,0.21448861095297808,False,False,False,False,25407118,24168674.961766694,False,False,False,False,2219548.668026955,False,False,False,False
2024-02-14 00:00:00+00:00,2.11,2.155,2.06,2.13,2472924,,,,,,,,,,,,,,,,,,,,2.071373717567646,2.060314514846065,2.0507625456764154,2.0400744722330377,2.0580536610806868,2.0404429956870223,2.031771756388741,2.012644373513541,2.007140883920008,2.0018228979361083,2.017416088143838,2.094247422255091,2.1631806173353056,2.2167306811407483,2.3021877617785447,2.39749532647103,2.4709809798063276,,,,,,,,,,,2.094247422255091,2.4709809798063276,2.119802393869421,,"rgba(38, 166, 154, 0.5)",0.10663011761214658,2.034153342047486,0.7113061454963051,54.53201042807708,3.690802799327386,True,False,True,False,False,2.6873791154964266,0.0,0.0,0.0,0.0,1,0.9983797265561001,0.9738025451036796,False,False,False,False,0.11220061581522123,0.16334461338409967,False,False,False,False,25407118,24217241.355422903,False,False,False,False,2229484.95555531,False,False,False,False
2024-02-15 00:00:00+00:00,2.2,2.23,2.12,2.12,2312907,,,,,,,,,,,,,,,,,,,,2.0755769720818704,2.0629164451321653,2.0530380575828393,2.041601741400398,2.0590396023738053,2.041492666379868,2.0327611637577117,2.0136581426455153,2.008154511649598,2.0028261933518294,2.018175444282733,2.094607947728473,2.1632561758651225,2.2166133446633722,2.301811019274674,2.3969052374519197,2.470250318258092,,,,,,,,,,,2.094607947728473,2.470250318258092,2.1207461755223522,,"rgba(0, 255, 255, 0.75)",0.10310023112319353,2.035858852792901,1.592054114902696,56.15201007006729,3.690802799327386,True,False,True,False,False,5.210168357556828,0.0,0.0,0.0,0.0,1,1.0057243829262459,0.976274181376429,False,False,False,False,0.2575975394531311,0.21047107641861537,False,False,False,False,27720025,24354605.419916123,False,False,False,False,2232756.408278631,False,False,False,False
2024-02-16 00:00:00+00:00,2.27,2.29,2.17,2.18,2849964,,,,,,,,,,,,,,,,,,,,2.082994255498602,2.0674990135118203,2.05697946110746,2.04421740148052,2.0608095931804313,2.043303283638658,2.0344414711975394,2.0153267807751485,2.0098099112259526,2.0044531967933064,2.01943808578109,2.0953459079424994,2.163624421829856,2.21672852079111,2.301583505514097,2.396385605177823,2.469542296765786,,,,,,,,,,,2.0953459079424994,2.469542296765786,2.1224989830712766,,"rgba(0, 255, 0, 1.0)",0.10286403165833677,2.0388383957651808,2.2472539770035778,58.859551456125516,4.359593821328787,True,False,True,False,True,7.0904679873921985,0.0,0.0,0.0,0.0,0,1.005782926421094,0.9732423436657432,False,False,False,False,0.34282803332365086,0.27664955487113313,False,False,False,False,30569989,24598345.952468432,False,False,False,False,2256960.627561822,False,False,False,False
2024-02-20 00:00:00+00:00,2.21,2.27,2.18,2.27,2069546,,,,,,,,,,,,,,,,,,,,2.0872562764658005,2.0702608804497333,2.0593950198965874,2.0458570433961096,2.061912134044881,2.044446852479188,2.035510514037457,2.01640091759508,2.0108788144127177,2.0055068788303045,2.0202515006850024,2.0957934440436037,2.163812054392983,2.216738728982512,2.301353663026998,2.3959532731519735,2.4689781703744234,,,,,,,,,,,2.0957934440436037,2.4689781703744234,2.1235474215450205,,"rgba(0, 255, 255, 0.75)",0.10182886190621715,2.0406238794077765,1.6633409960745351,58.48301656141711,4.359593821328787,True,False,True,False,True,5.200565166309978,0.0,0.0,0.0,0.0,0,1.0094666444357994,0.9557420478334169,False,False,False,False,0.3318131822121763,0.3042313685416547,False,False,False,False,28500443,24751369.366097122,False,False,False,False,2249611.0343241035,False,False,False,False
2024-02-21 00:00:00+00:00,2.19,2.22,2.15,2.21,1957371,,,,,,,,,,,,,,,,,,,,2.090097550530092,2.072221199498696,2.061153999930861,2.0470884144866504,2.06272402298164,2.04531210273295,2.0363296916251112,2.0172418742491223,2.0117202661574867,2.006340607139968,2.0208874052251637,2.096100971096889,2.1638837717333397,2.2166502406311324,2.3010488843858123,2.3954692254634185,2.468375844788247,,,,,,,,,,,2.096100971096889,2.468375844788247,2.1242732983915635,,"rgba(0, 255, 255, 0.75)",0.09754241396705784,2.0418923475256134,1.5183923223840412,57.53939497711382,4.359593821328787,True,False,True,False,True,4.577419949544311,0.0,0.0,0.0,0.0,1,1.0113613120362968,0.9611558414994701,False,False,False,False,0.24619980611234601,0.27521558732700035,False,False,False,False,26543072,24821632.214485474,False,False,False,False,2238150.6408211975,False,False,False,False
2024-02-22 00:00:00+00:00,2.22,2.26,2.155,2.17,997159,,,,,,,,,,,,,,,,,,,,2.0918422393352145,2.0734073447594716,2.062206316733486,2.047818358986617,2.0632161907266093,2.045826103369041,2.0368124386813897,2.017729849555436,2.0122066593071835,2.0068208722758922,2.021258066186645,2.096299864105434,2.1639600358646103,2.21664278122034,2.3009280403614802,2.395252914702765,2.4680971276888704,,,,,,,,,,,2.096299864105434,2.4680971276888704,2.124725011991793,,"rgba(0, 255, 255, 0.75)",0.09668132849354974,2.0426587988842964,1.8342859358571542,57.738985541537076,4.359593821328787,True,False,True,False,True,5.405084834927123,0.0,0.0,0.0,0.0,1,1.008516691607087,0.9540172550758376,False,False,False,False,0.2938466984594393,0.2845311428932198,False,False,False,False,27540231,24928243.931564476,False,False,False,False,2189484.3019654644,False,False,False,False
2024-02-23 00:00:00+00:00,2.23,2.26,2.17,2.25,1265874,,,,,,,,,,,,,,,,,,,,2.0941353476149493,2.0749734004681764,2.063594515007973,2.0487823919560806,2.0638711335129933,2.0465066187006102,2.0374504859768177,2.0183722746816954,2.0128463830163823,2.007452004085055,2.0217470465480316,2.0965695380579104,2.1640733522530544,2.216649148367412,2.3007893793410674,2.3949914762089954,2.467755642526662,,,,,,,,,,,2.0965695380579104,2.467755642526662,2.1253270669602276,,"rgba(0, 255, 255, 0.75)",0.09663304789741638,2.0436702450821125,1.928219785799277,58.153082900019456,4.359593821328787,True,False,True,False,True,5.682187127530415,0.0,0.0,0.0,0.0,1,1.020619703684474,0.9519924344972094,False,False,False,False,0.31001151528735454,0.2972713290902872,False,False,False,False,28806105,25080316.914640382,False,False,False,False,2153264.2901236815,False,False,False,False
2024-02-26 00:00:00+00:00,2.24,2.2985,2.21,2.25,1590447,,,,,,,,,,,,,,,,,,,,2.0975512504134013,2.0772849059631002,2.06562691308387,2.050184478706755,2.0648403102339192,2.0474982238092982,2.038374389304048,2.0192909074128966,2.0137582386106687,2.0083490055801145,2.0224489125622185,2.0969872757123347,2.164289830879884,2.216727240443869,2.30067920571825,2.3947192955068797,2.4673788572604316,,,,,,,,,,,2.0969872757123347,2.4673788572604316,2.1262346612471723,,"rgba(0, 255, 255, 0.75)",0.09754795540451912,2.0451593819603566,1.9973828998430978,58.725496868950785,4.849410693201143,True,False,True,False,True,5.9626791170654485,0.0,0.0,0.0,0.0,1,1.0489010371812637,0.9293630883289027,False,False,False,False,0.34282804824772284,0.320049688669005,False,False,False,False,30396552,25288796.721909385,False,False,False,False,2131193.0238443217,False,False,False,False
2024-02-27 00:00:00+00:00,2.3,2.31,2.24,2.26,2089749,,,,,,,,,,,,,,,,,,,,2.1027675633235523,2.0808093026972463,2.0687098786747935,2.0523049368354216,2.066328988389509,2.0490022716923373,2.0397687601514685,2.0206626618680774,2.0151161593692253,2.009681498667518,2.0235010156325797,2.0976536969446062,2.164684886860646,2.216934633798434,2.30063038578133,2.3944461720832733,2.4669623288634113,,,,,,,,,,,2.0976536969446062,2.4669623288634113,2.127645008331378,,"rgba(0, 255, 0, 1.0)",0.09975700205728887,2.047423535654262,2.531917150043133,60.78114659132224,6.977547923242639,True,False,True,False,True,7.631679764145133,0.0,0.0,0.0,0.0,1,1.0607022716105379,0.9170729863552178,False,False,False,False,0.34282805950555933,0.3314388740872822,False,False,False,False,32486301,25571051.791638426,False,False,False,False,2129567.7680072896,False,False,False,False
2024-02-28 00:00:00+00:00,2.26,2.32,2.25,2.31,1667933,,,,,,,,,,,,,,,,,,,2.276666666666667,2.106579243766464,2.083447157793431,2.071034080582717,2.0539218566523285,2.0674666404346387,2.050155267531912,2.0408401857997585,2.0217198123160043,2.016163510066781,2.010710112109192,2.024313291845198,2.0981632151536176,2.1649807126135783,2.2170827132061106,2.3005766745311433,2.3942161160848374,2.4666192065704315,,,,,,,,,,,2.0981632151536176,2.4666192065704315,2.1369253590958226,,"rgba(0, 255, 255, 0.75)",0.1021881324538858,2.062570585327022,1.9320190117191085,60.33329104976228,6.977547923242639,True,False,True,False,True,6.294722292456893,0.0,0.0,0.0,0.0,1,1.0438593163106578,0.9281405319270026,False,False,False,False,0.3428280645032457,0.33713346929526394,False,False,False,False,30818368,25776828.897848684,False,False,False,False,2111464.4437717097,False,False,False,False
2024-02-29 00:00:00+00:00,2.08,2.2,1.97,2.15,4681681,,,,,,,,,,,,,,,,,,,2.1341186325131996,2.1052319595293065,2.0834430115515548,2.071408180759879,2.054505009384663,2.0677039188868602,2.050620293013118,2.0413728633293817,2.022425779339183,2.01691009602082,2.0114870611171702,2.024840070319424,2.0980456766171125,2.1643797524821067,2.216158460288882,2.299218495403817,2.392520962076535,2.4646891340795927,,,,,,,,,,,2.0980456766171125,2.4646891340795927,2.128837742039589,,#000000,0.10163970991019766,2.0555239682171704,0.24081170444558625,54.213127652532144,8.223296467788401,True,False,True,False,False,0.6726504028465783,0.0,0.0,0.0,0.0,1,1.0093748855604792,0.9343025597832059,False,False,False,False,-0.008461822863898105,0.1643358232156829,False,False,False,False,26136687,25790940.98028599,False,False,False,False,2212257.2498983094,False,False,False,False
2024-03-01 00:00:00+00:00,2.02,2.095,2.01,2.05,1634617,,,,,,,,,,,,,,,,,,,2.115190879163358,2.1039711594536272,2.0829183551730663,2.071095645819113,2.0544167435804948,2.0675686744198796,2.0505766897782656,2.0413741436528547,2.0225024472649986,2.017005799592165,2.0115993729568373,2.024892344553811,2.0978900893466044,2.1640651994928004,2.215738467659939,2.298657521781638,2.391854266694576,2.4639466869464735,,,,,,,,,,,2.0978900893466044,2.4639466869464735,2.1275146937405833,,#000000,0.10176230916978085,2.054297117747768,-0.33703163801586383,48.772255340923216,3.350299741165813,False,True,False,False,False,0.0,0.0,0.0,0.0,0.0,1,1.0231076280807119,0.9462042699674076,False,False,False,False,-0.06354700783940637,0.05039440768813827,False,False,False,False,24502070,25740397.020274777,False,False,False,False,2189604.6910787676,False,False,False,False
2024-03-04 00:00:00+00:00,1.93,2.03,1.93,2.01,2548761,,,,,,,,,,,,,,,,,,,2.0784445690581874,2.0997521212088115,2.080621613049568,2.0693584161970247,2.0534506815284876,2.066731243064891,2.049919213750273,2.0408474514422603,2.022137099160203,2.0166842171124384,2.0113209186235625,2.024595589928918,2.0973135745290437,2.1632661015354775,2.2147947304311213,2.2975225544983338,2.3905883622226,2.462580435122363,,,,,,,,,,,2.0973135745290437,2.462580435122363,2.1244404940257535,,"rgba(239, 83, 80, 1.0)",0.10273783656989063,2.0511300848078577,-1.1790211751778057,43.39841479173906,-1.3085306171303372,False,True,False,True,False,0.0,0.0,0.0,0.0,0.0,0,1.007530065431151,0.9600102350403918,False,False,False,False,-0.18835000906015426,-0.06897780068600799,False,False,True,False,21953309,25591883.764577728,False,False,False,False,2203689.2522129337,False,False,False,False
2024-03-05 00:00:00+00:00,1.97,1.97,1.89,1.92,2274243,,,,,,,,,,,,,,,,,,,2.054452209890217,2.0956742305204874,2.0783084988704705,2.067571301536815,2.0524183043057698,2.065852933624772,2.0492072721324677,2.0402637337114427,2.021705301484779,2.016294150953475,2.010972725838724,2.0242475425174766,2.096727138640183,2.1624876323144826,2.2138920745297384,2.2964560764919186,2.389412521202464,2.461319032156817,,,,,,,,,,,2.096727138640183,2.461319032156817,2.122070148929028,,"rgba(239, 83, 80, 0.5)",0.10303939594696587,2.045212610547007,-0.7299403287041663,41.23750433590796,-2.9398596410569127,False,True,False,True,False,0.0,0.0,0.0,0.0,0.0,0,1.0020773824980524,0.9816745186778947,False,False,True,False,-0.2776937423018953,-0.17333577149395166,False,False,False,False,24227552,25538380.5581237,False,False,False,False,2206456.0658516423,False,False,False,False
2024-03-06 00:00:00+00:00,1.96,2.0,1.93,1.97,1600710,,,,,,,,,,,,,,,,,,,2.044328982955816,2.093289607636302,2.0769610150931035,2.0665411906453266,2.0518343127890875,2.0653418968298523,2.0488054397772424,2.0399409710780327,2.021481046678128,2.016096662864447,2.0108016181669366,2.02406446429375,2.0963705197141853,2.1619927107612966,2.2133070362802134,2.2957515826316843,2.3886255540515937,2.4604690095254877,,,,,,,,,,,2.0963705197141853,2.4604690095254877,2.1208890900984714,,"rgba(239, 83, 80, 0.5)",0.10289975879640753,2.044364367912421,-0.8198694428364998,39.5862745419239,-4.24746195847068,False,True,False,True,False,0.0,0.0,0.0,0.0,0.0,0,1.0094966057053827,0.9594168490559039,False,False,False,False,-0.2714027307270923,-0.22236925111052197,False,False,False,False,22626842,25424202.575452182,False,False,False,False,2182701.3181711854,False,False,False,False
2024-03-07 00:00:00+00:00,1.97,1.99,1.91,1.96,1283130,,,,,,,,,,,,,,,,,,,2.0371604398253997,2.091344340541635,2.075841418012849,2.0656776430641854,2.0513368355123975,2.0649093810648806,2.048461123165979,2.0396618477495716,2.0212820566130123,2.0159195485326378,2.01064620406379,2.0239024785723774,2.09607177144072,2.1615845000109157,2.2128275837963143,2.295177725490322,2.3879869610169395,2.4597806140996883,,,,,,,,,,,2.09607177144072,2.4597806140996883,2.119976248476312,,"rgba(239, 83, 80, 0.5)",0.10101592060766815,2.043443008187825,-0.7270438931410376,38.87795138541552,-4.829413090418598,False,True,False,True,False,0.0,0.0,0.0,0.0,0.0,0,1.0002267830819822,0.9869977699663606,False,False,False,False,-0.30164458604859395,-0.26200691857955793,False,False,False,False,23909972,25364820.984257977,False,False,False,False,2147424.011576237,False,False,False,False
2024-03-08 00:00:00+00:00,1.99,2.07,1.965,1.98,1733721,,,,,,,,,,,,,,,,,,,2.0342922191647657,2.089777502318356,2.075003013789577,2.0650750827323923,2.051035229750542,2.064606770998866,2.048259527119287,2.039520603416109,2.0212285635245704,2.0158891231239817,2.0106372670750585,2.023852082546001,2.0958189916008014,2.1611739295768624,2.212312692708224,2.2945233029055054,2.3872301085635836,2.4589486735056414,,,,,,,,,,,2.0958189916008014,2.4589486735056414,2.1193991491344515,,"rgba(239, 83, 80, 0.5)",0.10066213222887425,2.0435554818361674,-0.5320320626072075,39.22015952437792,-4.829413090418598,False,True,False,True,False,0.0,0.0,0.0,0.0,0.0,0,0.9953096039641411,0.9737489125089839,False,False,False,False,-0.16891229807975042,-0.21545960832965416,False,False,False,False,25643693,25375757.141738057,False,False,False,False,2131200.3640634436,False,False,False,False
2024-03-11 00:00:00+00:00,1.98,2.02,1.95,1.99,1465282,,,,,,,,,,,,,,,,,,,2.0303393959869656,2.0881061079882675,2.0740508084119393,2.064355540510464,2.050636285758266,2.0642410224875865,2.0479850168383433,2.039307318831193,2.0210967124794,2.015779143586007,2.0105483897257397,2.0237415365367704,2.0955457571328906,2.160772162310608,2.2118264541361436,2.293924418635423,2.3865507407821576,2.4582090558891196,,,,,,,,,,,2.0955457571328906,2.4582090558891196,2.1187231037792937,,"rgba(239, 83, 80, 0.5)",0.10106692101039297,2.0429867741182095,-0.6232184921487064,39.16849431908544,-4.829413090418598,False,True,False,True,False,0.0,0.0,0.0,0.0,0.0,0,0.9832053561296668,0.9850966448538033,False,False,False,False,-0.23181140318330476,-0.22363550575647945,False,False,False,False,24178411,25328802.391081665,False,False,False,False,2105085.918413897,False,False,False,False
2024-03-12 00:00:00+00:00,1.97,2.03,1.95,1.97,1582014,,,,,,,,,,,,,,,,,,,2.026706926515701,2.086359506898143,2.073044707530596,2.0635927636053863,2.0502108048785885,2.0638498143940383,2.0476912318282197,2.0390788533378745,2.020955383704069,2.0156612336884923,2.010453079258926,2.0236228590607572,2.095252241725799,2.160340421195254,2.211303792344481,2.29328040662931,2.38581981216734,2.4574130946553354,,,,,,,,,,,2.095252241725799,2.4574130946553354,2.1180353851899065,,"rgba(239, 83, 80, 0.5)",0.1015577765706815,2.0423716584634497,-0.7126156253832614,38.839555221962186,-5.421259205934426,False,True,False,True,False,0.0,0.0,0.0,0.0,0.0,0,0.9867626120752687,0.9983068457305577,False,False,False,False,-0.22202862792420391,-0.22283206684034168,False,False,False,False,22596397,25221649.238490228,False,False,False,False,2084573.294162372,False,False,False,False
2024-03-13 00:00:00+00:00,2.02,2.03,1.96,1.96,1334743,,,,,,,,,,,,,,,,,,,2.025276286081864,2.085207959179263,2.072398463212603,2.063117898920669,2.049962098356166,2.0636039413398533,2.0475218190194413,2.038956179957037,2.020899916742243,2.015623551288776,2.010432104264708,2.0235727076477414,2.095049835078755,2.1600187659063073,2.2109032031173754,2.2927740553170657,2.3852357280426455,2.456771858952573,,,,,,,,,,,2.095049835078755,2.456771858952573,2.1176292429125048,,#000000,0.10142178453555657,2.042150734488362,-0.21840213707338577,40.89983545148132,-5.421259205934426,False,True,False,True,False,0.0,0.0,0.0,0.0,0.0,0,0.9827485720946497,0.9944049423009675,False,False,False,False,-0.21228748867763977,-0.2175597777589907,False,False,False,False,23931140,25171041.03305924,False,False,False,False,2055168.1845873771,False,False,False,False
2024-03-14 00:00:00+00:00,1.98,2.03,1.97,2.02,1370928,,,,,,,,,,,,,,,,,,,2.023386910980149,2.083917523632611,2.0716527369124593,2.0625575994574596,2.0496551842079374,2.06331191675785,2.0473100809314,2.0387959292552016,2.0208110833793205,2.015553789212751,2.010380521205365,2.0234961303767953,2.0948203009949453,2.1596687617559724,2.21047361228818,2.292237909688333,2.384622003370204,2.456100638451999,,,,,,,,,,,2.0948203009949453,2.456100638451999,2.1171529240477187,,"rgba(239, 83, 80, 0.5)",0.10184743934385085,2.041760103581543,-0.6063981969446713,40.94203481188917,-5.421259205934426,False,True,False,True,False,0.0,0.0,0.0,0.0,0.0,0,0.9805412218852171,1.0002363414345927,False,False,False,False,-0.20258588292747387,-0.2100728303432323,False,False,False,False,22560212,25068655.580782406,False,False,False,False,2028335.236172186,False,False,False,False
2024-03-15 00:00:00+00:00,2.1,2.105,1.99,2.0,3040601,,,,,,,,,,,,,,,,,,,2.0282128719015415,2.083346009293933,2.0715164204348113,2.0626003318106134,2.0498374465517495,2.063327333754571,2.047462070950179,2.0389984926068725,2.0211246705867816,2.0158946512756506,2.0107435477498887,2.0237279381723337,2.0946717948674265,2.159229918779553,2.2098393227873814,2.2913390824053135,2.383515707459239,2.4548483235834393,,,,,,,,,,,2.0946717948674265,2.4548483235834393,2.117235329720627,,"rgba(38, 166, 154, 0.5)",0.10112306301666482,2.0428828917574444,0.5648277112921601,45.42188466387109,-9.883972395553698,False,True,False,True,True,1.710491767089973,0.0,0.0,0.0,0.0,0,0.9784656796769855,0.9913308526640806,False,False,False,False,-0.11201552184052928,-0.1610441760918808,False,False,False,False,25600813,25089524.499183096,False,False,False,False,2068031.9327928845,False,False,False,False
2024-03-18 00:00:00+00:00,2.23,2.24,2.08,2.15,3803908,,,,,,,,,,,,,,,,,,,2.0478670794246794,2.086987396163799,2.0743111102395764,2.0651863590536634,2.0517920910492795,2.064682977384106,2.048906992177766,2.0403809573359117,2.022552087843599,2.01732632039654,2.012166794724331,2.0248354122957566,2.0952207550320314,2.1593688949313004,2.209695523952782,2.2908072569314473,2.382652620541213,2.4537650125968167,,,,,,,,,,,2.0952207550320314,2.4537650125968167,2.1193614245597003,,"rgba(0, 255, 255, 0.75)",0.10208634395265676,2.0475160486279944,1.7875451731000747,51.639977299567796,-4.059228321189281,False,False,False,False,True,5.398193643613251,0.0,0.0,0.0,0.0,0,0.9963262594286162,0.9543127369367258,False,False,False,False,0.09791725449144474,-0.031563460800218025,False,False,False,False,29404721,25258747.891371995,False,False,False,False,2136105.5040559084,False,False,False,False
2024-03-19 00:00:00+00:00,2.29,2.31,2.12,2.2,2343980,,,,,,,,,,,,,,,,,,,2.0617814406911656,2.090345813355289,2.076824187233154,2.0674636141964853,2.0534750008529516,2.0658949085323557,2.050151073027081,2.041552216581312,2.0237248432169186,2.01849339184638,2.0133186683446405,2.0257514803673997,2.095771032789407,2.1596543566926116,2.2097964940096593,2.290653563197969,2.382274630756905,2.4532407445090065,,,,,,,,,,,2.095771032789407,2.4532407445090065,2.121120414455594,,"rgba(0, 255, 0, 1.0)",0.10453810891830195,2.0509189483628605,2.287022925046261,56.9515194969424,0.6948379038332675,True,False,True,False,True,7.00937653888311,0.0,0.0,0.0,0.0,0,1.0021590777653546,0.9481821336314917,False,False,False,False,0.20258568927692117,0.08551111423835157,False,False,False,False,31748701,25513255.856416233,False,False,False,False,2144257.445073324,False,False,False,False
2024-03-20 00:00:00+00:00,2.36,2.4,2.2798,2.31,3279480,,,,,,,,,,,,,,,,,,,2.08798532868769,2.097980542564828,2.0824301061654404,2.072460044076351,2.05709682522148,2.06858381089042,2.0528269542948188,2.044036032209538,2.026142936899822,2.020881871657823,2.0156595997338824,2.027651371757237,2.097097819405067,2.1605757941720767,2.2104312609821695,2.290889350124731,2.382142864617809,2.452876071705001,,,,,,,,,,,2.097097819405067,2.452876071705001,2.1248749213981215,,"rgba(0, 255, 0, 1.0)",0.10957378525182467,2.057610534028689,2.7596880519948557,61.693294874819784,4.828125952562743,True,False,True,False,True,8.832801080035445,0.0,0.0,0.0,0.0,0,1.0213560104663693,0.9405879636755428,False,False,False,False,0.3428280737231787,0.21416959398076513,False,False,False,False,35028181,25886390.17577246,False,False,False,False,2188775.976639076,False,False,False,False
2024-03-21 00:00:00+00:00,2.39,2.44,2.32,2.36,3177088,,,,,,,,,,,,,,,,,,,2.11215530401106,2.1059857271023117,2.0883680885897493,2.0777589300698778,2.0609557263588023,2.071477836718118,2.0556920545704003,2.046691516892792,2.0287158369138556,2.0234200882825077,2.018144559567027,2.0296801313521127,2.098557142066773,2.1616344099590252,2.2112049986124167,2.291265257299848,2.3821471092038893,2.4526464463345894,,,,,,,,,,,2.098557142066773,2.4526464463345894,2.1286945091058422,,"rgba(0, 255, 0, 1.0)",0.1154305688117962,2.0641277206917823,2.8231020834657445,65.33261751420812,7.932310196823153,True,False,True,False,True,9.599835323278384,0.0,0.0,0.0,0.0,0,1.0452658782990056,0.9356253426266741,False,False,False,False,0.3428280898248584,0.27849884190281177,False,False,False,False,38205269,26369483.46299707,False,False,False,False,2227533.310888524,False,False,False,False
2024-03-22 00:00:00+00:00,2.61,2.64,2.39,2.4,7998125,,,,,,,,,,,,,,,,,,,2.1863801235323206,2.1350551046205783,2.1100582654613653,2.0970519676976074,2.0750008145514043,2.082228231646658,2.066177869532572,2.056351964609974,2.0379408263286054,2.0324848109026776,2.026986585455383,2.0369985152147745,2.104235625236329,2.16618635579376,2.2149420593136138,2.2938532380812884,2.3836106777129697,2.453421538196055,,,,,,,,,,,2.104235625236329,2.453421538196055,2.14216469854933,,"rgba(0, 255, 0, 1.0)",0.13014794076928424,2.0858183230764245,4.027583331900751,70.37401625857976,12.387532585807897,True,False,True,False,True,14.820169595114127,0.0,0.0,0.0,0.0,0,1.0664195476208491,0.8640593085709964,False,False,False,False,0.3428281278072818,0.3106634848550468,False,False,False,False,46203394,27147283.876212873,False,False,False,False,2453831.0241870135,False,False,False,False
2024-03-25 00:00:00+00:00,2.49,2.68,2.455,2.6,6338028,,,,,,,,,,,,,,,,,,,2.2287401604429036,2.1552540515350516,2.125660275488087,2.11109073354938,2.0854547349910093,2.0903198345276763,2.074091227477802,2.0636707495951194,2.0449513563915924,2.039380306307085,2.033720571569859,2.042596905554966,2.10858457469033,2.1696713607232665,2.2178010847093335,2.2958272746642665,2.384717101759683,2.453994282390675,,,,,,,,,,,2.10858457469033,2.453994282390675,2.1514181436871156,,"rgba(0, 255, 0, 1.0)",0.13830049539689182,2.1000452384371093,2.8196194123803173,69.80158198720642,12.387532585807897,True,False,True,False,True,10.999429205988662,0.0,0.0,0.0,0.0,0,1.0854371072649105,0.8532319112189031,False,False,False,False,0.34282813823383007,0.32674581154443844,False,False,False,False,39865366,27646032.194792762,False,False,False,False,2606152.474218895,False,False,False,False
2024-03-26 00:00:00+00:00,2.64,2.73,2.45,2.47,6339987,,,,,,,,,,,,,,,,,,,2.2690105977146486,2.1766235916796974,2.1424463452961096,2.1262641914665976,2.0968781879506153,2.0992590303131826,2.082812209255665,2.071740197871385,2.052663990041435,2.046962335208453,2.0411223438009056,2.0487874898681375,2.1134892711837425,2.173691246236218,2.221175394345265,2.298284549650768,2.38626046684103,2.4549790962804305,,,,,,,,,,,2.1134892711837425,2.4549790962804305,2.161247251944683,,"rgba(0, 255, 0, 1.0)",0.15215426027199383,2.1147590619921526,3.452029125368668,71.1732996489493,12.906147938515645,True,False,True,False,True,14.293211239468189,0.0,0.0,0.0,0.0,0,1.0816674359975857,0.8544189184390868,False,False,False,False,0.3428281421945645,0.33478697686950143,False,False,False,False,46205353,28373848.696957752,False,False,False,False,2752577.35758286,False,False,False,False
2024-03-27 00:00:00+00:00,2.7,2.72,2.54,2.7,6046969,,,,,,,,,,,,,,,,,,,2.304466463604983,2.1972178281719223,2.1589034071716133,2.1412193280932192,2.1082722247702828,2.108259427981077,2.0915857487097163,2.0798685665432153,2.060428619222516,2.054594884480735,2.0485740186089414,2.0550500950762776,2.1185123388965246,2.177862914733635,2.2247226929601354,2.3009415575648426,2.388020102100688,2.456191984493898,,,,,,,,,,,2.1185123388965246,2.456191984493898,2.170816233510235,,"rgba(0, 255, 0, 1.0)",0.16727621867238665,2.128782740128846,3.414814516998935,72.68563398215441,14.488941238035864,True,False,True,False,True,15.542186564844364,0.0,0.0,0.0,0.0,0,1.0963305995475112,0.8692024886877828,False,False,False,False,0.34282814860718214,0.3388075627383418,False,False,False,False,52252322,29310259.414724115,False,False,False,False,2881769.1866972577,False,False,False,False
2024-03-28 00:00:00+00:00,2.61,2.77,2.61,2.74,4984361,,,,,,,,,,,,,,,,,,,2.3298275110310755,2.213245152465902,2.17195065906323,2.1531515008069295,2.117485014938592,2.1155934098752307,2.0987423820066406,2.0865135819390663,2.066784894728354,2.060845905099023,2.0546805435720694,2.0602001371239624,2.122659091545263,2.1813185240355,2.2276703547859347,2.303163251352074,2.3895071998938504,2.4572307903546853,,,,,,,,,,,2.122659091545263,2.4572307903546853,2.1783649947009653,,"rgba(0, 255, 0, 1.0)",0.17711145775603368,2.1396563794099284,2.6556363238676366,71.1222819969324,14.488941238035864,True,False,True,False,True,12.777999314323004,0.0,0.0,0.0,0.0,0,1.1103791435980097,0.8510757586376062,False,False,False,False,0.34282815696046065,0.3408178598494012,False,False,False,False,47267961,30014483.00630356,False,False,False,False,2964223.767611091,False,False,False,False
2024-04-01 00:00:00+00:00,2.64,2.68,2.57,2.6,3228156,,,,,,,,,,,,,,,,,,,2.3429650386479124,2.2223239370466,2.1794974185864167,2.160106524715096,2.1229357912815248,2.1199579653352285,2.1030145475917097,2.090493035451032,2.0706044960010113,2.064606151477263,2.058358089502598,2.0633075387262845,2.1251477404146,2.1833774821059473,2.229413924702936,2.3044558413737506,2.390345583749015,2.45779012364801,,,,,,,,,,,2.1251477404146,2.45779012364801,2.182705623908719,,"rgba(0, 255, 0, 1.0)",0.1869251427952053,2.1458211559587137,2.643725914296652,70.46428066703919,14.488941238035864,True,False,True,False,True,13.41747879821579,0.0,0.0,0.0,0.0,0,1.107584760573226,0.8601887451939881,False,False,False,False,0.280699707594355,0.3107587837218781,False,False,False,False,50496117,30817684.339389697,False,False,False,False,2974574.0512341857,False,False,False,False
2024-04-02 00:00:00+00:00,2.65,2.709,2.595,2.65,3548299,,,,,,,,,,,,,,,,,,,2.3571188218871884,2.2323562938617445,2.1878902851027004,2.1678575407662395,2.1290414255550933,2.1248678253585562,2.1078187336220178,2.0949707699056037,2.074901417791958,2.0688362055612326,2.062495328140608,2.066811357086301,2.1279695848970235,2.1857260053594803,2.2314141950490534,2.305957212019716,2.3913418276639127,2.4584764098285983,,,,,,,,,,,2.1279695848970235,2.4584764098285983,2.1875472910809464,,"rgba(0, 255, 0, 1.0)",0.19484001290964229,2.152651744696081,2.5525981438656853,70.15965423322035,14.488941238035864,True,False,True,False,True,13.63200347643058,0.0,0.0,0.0,0.0,0,1.1114788364396448,0.8556000696742732,False,False,False,False,0.30622605577164247,0.3084924197467603,False,False,False,False,54044416,31728536.561374415,False,False,False,False,2997073.0688328454,False,False,False,False
2024-04-03 00:00:00+00:00,2.88,2.8992,2.61,2.64,6948865,,,,,,,,,,,,,,,,,,,2.3933479299993587,2.257056211916457,2.2083740361537783,2.1866978475272076,2.1438088528525396,2.136803303711943,2.119434474336958,2.1057691537448786,2.0852068284004117,2.0789656480882766,2.0723879963112513,2.0752268282154893,2.1349167344750577,2.191669549410783,2.2366114837683297,2.3100794031929355,2.3943473650697222,2.4608068292704175,,,,,,,,,,,2.1349167344750577,2.4608068292704175,2.199528359802544,,"rgba(0, 255, 0, 1.0)",0.21212668321012504,2.169497850893499,3.3494237422394573,72.47359107110839,15.347774460451632,True,False,True,False,True,18.27003869232852,0.0,0.0,0.0,0.0,0,1.1026901451129592,0.835157065418673,False,False,False,False,0.3428281645951779,0.3256602921709691,False,False,False,False,60993281,32876173.598183263,False,False,False,False,3152045.301427636,False,False,False,False
2024-04-04 00:00:00+00:00,2.75,2.99,2.73,2.99,9936008,,,,,,,,,,,,,,,,,,2.8233333333333337,2.4387058768966043,2.29042448594952,2.2366143904543665,2.212862578340563,2.164649939965797,2.1538182822879914,2.1360131137000544,2.121224453225389,2.099980154050518,2.093494768771465,2.08658802514868,2.0873651175788166,2.1449974943006627,2.2003395244794066,2.2442286674620733,2.316174516930064,2.39885099217809,2.4643467364650555,,,,,,,,,,,2.1449974943006627,2.4643467364650555,2.2481059185009706,,"rgba(0, 255, 0, 1.0)",0.22269940957942863,2.2291529584810132,2.3387895033157684,70.58299527478218,15.347774460451632,True,False,True,False,True,14.37426242102778,0.0,0.0,0.0,0.0,0,1.1091169668740433,0.830624409628351,False,False,False,False,0.3428281747748008,0.33424423347288496,False,False,False,False,51057273,33589157.888450585,False,False,False,False,3418083.0543128266,False,False,False,False
2024-04-05 00:00:00+00:00,2.68,2.81,2.59,2.74,3683624,,,,,,,,,,,,,,,,,,2.7881729765777328,2.4482890134531328,2.2990381816662926,2.2442598664065128,2.220073461716079,2.1705937376805693,2.158730375357896,2.140837377941873,2.125756606764709,2.1043504765519847,2.0978041826514087,2.090811955257671,2.090988404073775,2.147958236535306,2.2028354542788375,2.246379902210327,2.3178277318337304,2.399992699863243,2.4651726911202365,,,,,,,,,,,2.147958236535306,2.4651726911202365,2.250519649049543,,"rgba(0, 255, 255, 0.75)",0.2292830187839951,2.2332435740190975,1.9484933003337104,67.68990970032611,15.347774460451632,True,False,True,False,False,12.369150693435866,0.0,0.0,0.0,0.0,0,1.0907614407184487,0.8598770739785359,False,False,False,False,0.2199302224816453,0.27708722797726515,False,False,False,False,47373649,34129726.16733488,False,False,False,False,3428496.4247319316,False,False,False,False
2024-04-08 00:00:00+00:00,2.7,2.87,2.67,2.71,3582147,,,,,,,,,,,,,,,,,,2.779529585476789,2.4588238066886055,2.3081547672812035,2.2523074636889238,2.2276482825412067,2.1768237884642043,2.163890178752655,2.145894508847217,2.130503286381814,2.108918387388797,2.1023059288089976,2.0952221305595904,2.094778880363814,2.15108548969851,2.2054997977546638,2.248699480700073,2.3196479359117124,2.4012948189693617,2.466156617663405,,,,,,,,,,,2.15108548969851,2.466156617663405,2.2545886913653446,,"rgba(0, 255, 255, 0.75)",0.23507384310405727,2.239018334239387,1.961007909997694,66.04722661553575,15.347774460451632,True,False,True,False,False,12.776145527154071,0.0,0.0,0.0,0.0,0,1.1042493270472546,0.846473416421603,False,False,False,False,0.2726930804299463,0.27489015420360574,False,False,False,False,50955796,34789572.04312567,False,False,False,False,3434521.937487542,False,False,False,False
2024-04-09 00:00:00+00:00,2.67,2.69,2.52,2.57,4924497,,,,,,,,,,,,,,,,,,2.745507909841373,2.466593378102609,2.3168297017472606,2.2603734608115014,2.2353858446691666,2.1834137696634563,2.169406941530472,2.151349026303121,2.1356634565999446,2.1139311898451254,2.1072599105929504,2.1000898819745046,2.098972641096475,2.154476143175066,2.2083174250199504,2.2510933654831065,2.3214290119286636,2.402452558575563,2.4669242131206732,,,,,,,,,,,2.154476143175066,2.4669242131206732,2.257340517372683,,"rgba(0, 255, 255, 0.75)",0.23986580332261387,2.2433815995022535,1.7785711618256594,64.20242325343534,20.73562586667299,True,False,True,False,False,11.911687401894731,0.0,0.0,0.0,0.0,0,1.081264662138334,0.8765697112804551,False,False,False,False,0.1501505126073044,0.21252033340545506,False,False,False,False,46031299,35230424.08065015,False,False,False,False,3492952.332095874,False,False,False,False
2024-04-10 00:00:00+00:00,2.61,2.7386,2.58,2.62,2713978,,,,,,,,,,,,,,,,,,2.7342936092199377,2.4709785290112674,2.3216511936697346,2.264862062659126,2.239694543952753,2.1870935044680175,2.1724972126286244,2.1544031987925547,2.1385540274489774,2.1167385484027554,2.110034248303976,2.102816029623805,2.101325843469379,2.156387612538446,2.209913724902211,2.252456112194003,2.3224534188252184,2.4031312741663067,2.467386702911298,,,,,,,,,,,2.156387612538446,2.467386702911298,2.259298494588863,,"rgba(0, 255, 255, 0.75)",0.24179046844453975,2.246215694880784,1.5045436135653891,61.49856116641541,17.991870760148956,True,False,True,False,False,10.199279215492012,0.0,0.0,0.0,0.0,0,1.0946492634150067,0.8719792382260897,False,False,False,False,0.18981496436019457,0.20116764888282482,False,False,False,False,43317321,35547557.29317368,False,False,False,False,3462404.3190725064,False,False,False,False
2024-04-11 00:00:00+00:00,2.54,2.645,2.48,2.6,2564990,,,,,,,,,,,,,,,,,,2.717512648805462,2.472908607683882,2.3248676059437363,2.2680446551256512,2.2428143763527473,2.1898573732161983,2.1748422874175435,2.1567420267924216,2.140785064245156,2.1189259813692614,2.1122019441109594,2.1049523479369547,2.1031733932309953,2.1578566294109227,2.2111076507448484,2.2534474522666272,2.3231517459733584,2.4035354016315824,2.467603824639462,,,,,,,,,,,2.1578566294109227,2.467603824639462,2.260227948257777,,"rgba(38, 166, 154, 1.0)",0.24272291695349618,2.247723601950005,1.204156581992597,58.09292693749339,14.661966186933313,True,False,True,False,False,8.246664013178911,0.0,0.0,0.0,0.0,0,1.069219772778572,0.8878940636520956,False,False,False,False,0.11943560853731765,0.16030162871007123,False,False,False,False,40752331,35751666.065990396,False,False,False,False,3427211.600677506,False,False,False,False
2024-04-12 00:00:00+00:00,2.51,2.63,2.49,2.51,2661659,,,,,,,,,,,,,,,,,,2.7020935036197997,2.474548237533931,2.32794829871822,2.2711429025876515,2.245868608113735,2.1925915975566004,2.1771717812891365,2.1590700453631544,2.143010551498511,2.1211127739686,2.114370438080011,2.1070910255394844,2.1050256361362085,2.1593251606820223,2.212296134371722,2.2544297743532398,2.3238357292597054,2.403920365463725,2.467798069595985,,,,,,,,,,,2.1593251606820223,2.467798069595985,2.2611921386174445,,"rgba(38, 166, 154, 1.0)",0.24398958772644036,2.2492348986182655,1.068755039145779,55.15841395368072,11.842112677972253,False,False,True,False,False,7.420600087643905,0.0,0.0,0.0,0.0,0,1.07318348144276,0.8909715480546636,False,False,False,False,0.11763636893760399,0.13896899882383762,False,False,False,False,38090672,35843391.78889274,False,False,False,False,3397189.930062702,False,False,False,False
2024-04-15 00:00:00+00:00,2.44,2.58,2.39,2.49,3864419,,,,,,,,,,,,,,,,,,2.675660506250439,2.4743995214682446,2.330798276544487,2.2743400414762713,2.2491277485032515,2.1956724821484577,2.1798350280721057,2.161764979346785,2.145614309571621,2.1237033999602724,2.116948647840306,2.1096434787657214,2.107241975439932,2.1610341029895337,2.213627700969932,2.255485171601654,2.324492000172577,2.40418350477205,2.4678062392875475,,,,,,,,,,,2.1610341029895337,2.4678062392875475,2.2616515323779574,,"rgba(38, 166, 154, 0.5)",0.24469705484261167,2.250188004388736,0.7757020031702068,51.712339894661085,8.57717779462088,False,True,False,False,False,5.518243957250569,0.0,0.0,0.0,0.0,0,1.0537273337810613,0.918662786359227,False,False,False,False,0.06395799231251185,0.10146349556817474,False,False,False,False,34226253,35779974.58148518,False,False,False,False,3415512.638687694,False,False,False,False
2024-04-16 00:00:00+00:00,2.44,2.5,2.3538,2.39,2246047,,,,,,,,,,,,,,,,,,2.660487483297454,2.4735951037752426,2.3319563181923595,2.2757928629888804,2.250654199045935,2.1971834690220273,2.1811571252450155,2.1631158052967856,2.1469302432991784,2.1250250561098976,2.1182675063232663,2.110952872796757,2.1083815860848727,2.1618953096194518,2.2142793457912675,2.2559839422947645,2.3247699157699158,2.4042460433627997,2.4677276135655037,,,,,,,,,,,2.1618953096194518,2.4677276135655037,2.261705357993756,,"rgba(38, 166, 154, 0.5)",0.245092223863177,2.250436395561569,0.7734378571890355,49.41495718864799,6.406344799990734,False,True,False,True,False,5.518243957250569,0.0,0.0,0.0,0.0,1,1.0421274511259222,0.9272640907269138,False,False,False,False,0.02264254046013842,0.06205301801415658,False,False,False,False,34226253,35719044.32338773,False,False,False,False,3369651.241092098,False,False,False,False
2024-04-17 00:00:00+00:00,2.42,2.5,2.3425,2.43,3068630,,,,,,,,,,,,,,,,,,2.641749014843526,2.4722841382506466,2.3333342381299884,2.27760450240325,2.252580692602402,2.199126150394303,2.1828666886964165,2.1648686508026302,2.148643387701423,2.1267516005106955,2.1199921204382832,2.112666964026607,2.109875773924059,2.1630178561582967,2.2151208583676025,2.2566205332537974,2.325110313593691,2.404298208683848,2.4675901549859374,,,,,,,,,,,2.1630178561582967,2.4675901549859374,2.261794834093021,,"rgba(38, 166, 154, 0.5)",0.24575473014244686,2.2507535930442186,0.6886801603276608,47.42927964737546,4.4798169197473285,False,True,False,True,False,4.969135345808766,0.0,0.0,0.0,0.0,0,1.0518062373240058,0.9176978924781755,False,False,False,False,0.018631150218584615,0.040342084116370594,False,False,False,False,31157623,35540165.0558039,False,False,False,False,3357846.486539467,False,False,False,False
2024-04-18 00:00:00+00:00,2.41,2.46,2.38,2.41,3944529,,,,,,,,,,,,,,,,,,2.6211925666849916,2.4705627465081235,2.3349625187552414,2.2798019806941694,2.2549341653879966,2.201528307543498,2.1849908700451035,2.1670509895665697,2.1507810666661906,2.128910550682245,2.12215002645041,2.114813244482171,2.111750137491907,2.1644235105205545,2.21617084310117,2.2574110634570808,2.32552545320571,2.4043480076707637,2.467398999205792,,,,,,,,,,,2.1644235105205545,2.467398999205792,2.2620372130589312,,"rgba(38, 166, 154, 0.5)",0.24616496336641555,2.2512626337078965,0.6448414271523432,45.86731804766622,2.893246682607085,False,True,False,True,False,4.691853258157558,0.0,0.0,0.0,0.0,0,1.0534584657420332,0.9406017047310744,False,False,False,False,0.017743760012282308,0.029042922064326453,False,False,False,False,27213094,35213613.249693945,False,False,False,False,3380853.643930076,False,False,False,False
2024-04-19 00:00:00+00:00,2.37,2.45,2.34,2.37,3872547,,,,,,,,,,,,,,,,,,2.6018947929942957,2.468088677320621,2.3359356915747505,2.281434527168906,2.256763358163736,2.203513837466133,2.1867738475435297,2.1689039025644847,2.1526137422069413,2.130781313825031,2.124025524173315,2.116684572062694,2.113389279617162,2.1656261050780077,2.217038421892298,2.258034831742491,2.3257964176533736,2.4042783917787856,2.467102570145435,,,,,,,,,,,2.1656261050780077,2.467102570145435,2.2620357792090524,,#000000,0.24630004407573955,2.25141262008006,0.4814752687720732,43.864801991860276,0.8453529489317546,False,True,False,True,False,3.579752878025868,0.0,0.0,0.0,0.0,0,1.0327176467089023,0.9524106956961423,False,False,False,False,-3.5483867160236196e-08,0.014521443290229646,False,False,False,False,23340547,34748002.80852948,False,False,False,False,3400135.7363249753,False,False,False,False
2024-04-22 00:00:00+00:00,2.36,2.375,2.17,2.33,5984052,,,,,,,,,,,,,,,,,,2.5680271582813523,2.4608355228136003,2.334967159716816,2.281901120807662,2.25770660103786,2.2051139233915653,2.1883222747010014,2.1706125055676173,2.154381978962576,2.1326765778611034,2.1259507132903392,2.1186314926253678,2.1151080965566815,2.1667541895361926,2.217698670708434,2.2583577922872036,2.3256322960471434,2.4036578734929828,2.4661692200381693,,,,,,,,,,,2.1667541895361926,2.4661692200381693,2.260658166722298,,#000000,0.24649631322279847,2.2586226686817596,0.4112732153791249,42.287781700471825,-0.8256654543911708,False,True,False,True,False,3.30100515228542,0.0,0.0,0.0,0.0,0,1.0117144028583143,0.9568031394599662,False,False,False,False,-0.08715552178977942,-0.03631703924977489,False,False,False,False,17356495,34065982.8944695,False,False,False,False,3501465.7858808585,False,False,False,False
2024-04-23 00:00:00+00:00,2.47,2.5,2.33,2.35,2332268,,,,,,,,,,,,,,,,,,2.5623546135068227,2.4603761646716014,2.3360388846137385,2.2832501216239245,2.259132792347673,2.2065547958088767,2.18960251482878,2.1719237074075686,2.15566581065602,2.1339706118846107,2.127243603637358,2.119917143532517,2.1162363500007477,2.1676129679816594,2.2183523660724713,2.258861125216197,2.325917047628361,2.4037276510505863,2.4660971768784177,,,,,,,,,,,2.1676129679816594,2.4660971768784177,2.261201865755154,,"rgba(38, 166, 154, 0.5)",0.24765916712906594,2.2611302897495316,0.8433756467476835,44.90046349382107,-0.8256654543911708,False,True,False,True,False,6.046518031324762,0.0,0.0,0.0,0.0,0,1.0260899814471243,0.948544758812616,False,False,False,False,0.014194464613830572,-0.011061287317972159,False,False,False,False,19688763,33502170.349588346,False,False,False,False,3455614.8923169035,False,False,False,False
2024-04-24 00:00:00+00:00,2.48,2.55,2.43,2.46,2520270,,,,,,,,,,,,,,,,,,2.559060051063623,2.4608422688204845,2.3377916667260354,2.2851896143243566,2.261112073353204,2.2084529005807707,2.1912704504856655,2.173612062367841,2.157303844272294,2.135603395898719,2.128869854231773,2.121529083746817,2.1176501451154572,2.1687197909041633,2.2192284564388234,2.2595670574321525,2.326375005790164,2.4039378563698803,2.466145829661801,,,,,,,,,,,2.1687197909041633,2.466145829661801,2.2622242846096854,,"rgba(38, 166, 154, 0.5)",0.24909985696250075,2.2640958698124622,0.8667372708288618,46.93715819065235,-0.8256654543911708,False,True,False,True,True,6.290584384474755,0.0,0.0,0.0,0.0,0,1.0411599896016868,0.9407873833800294,False,False,False,False,0.06752174002424856,0.0282302263531382,False,False,False,False,22209033,33059302.218231943,False,False,False,False,3418934.7004613387,False,False,False,False
2024-04-25 00:00:00+00:00,2.5,2.53,2.42,2.45,1409701,,,,,,,,,,,,,,,,,,2.5572601324856516,2.4610631143011736,2.3387328464110566,2.286240733916346,2.2621880898651163,2.2094908339028514,2.1921848238269193,2.1745385882876658,2.1582038184058248,2.136501500717615,2.129764673295472,2.1224163758123376,2.1184291474103016,2.169329088995437,2.2197099261720994,2.259954244791343,2.3266247231002897,2.4040502509294215,2.466168538907855,,,,,,,,,,,2.169329088995437,2.466168538907855,2.2627816553439355,,"rgba(38, 166, 154, 0.5)",0.2507625846769679,2.2654058462999025,0.9355229529249807,48.908304158936254,-0.8256654543911708,False,True,False,False,True,6.783356333792188,0.0,0.0,0.0,0.0,0,1.0504017741424498,0.9315975922352467,False,False,False,False,0.056835270328540174,0.042532748340839185,False,False,False,False,23618734,32689083.85673265,False,False,False,False,3340141.2220118744,False,False,False,False
2024-04-26 00:00:00+00:00,2.59,2.65,2.505,2.51,2348830,,,,,,,,,,,,,,,,,,2.5581898839769277,2.4630045155274747,2.3413225099732853,2.28882908515572,2.264744967142876,2.211817717166418,2.194205977855381,2.1765578046728375,2.160142560934299,2.1384090060981444,2.131657494859082,2.124285318407229,2.1200675600110572,2.170655355362363,2.2208060424914122,2.2608790891575636,2.3272990193376923,2.4044682102739494,2.4664222470438086,,,,,,,,,,,2.170655355362363,2.4664222470438086,2.264408650813028,,"rgba(38, 166, 154, 1.0)",0.25305342526042934,2.268964901930224,1.268645534986865,52.68634380656434,-4.1438448188319015,False,False,False,False,True,8.95823402797945,0.0,0.0,0.0,0.0,0,1.064293062064236,0.9157046519602241,False,False,False,False,0.1302476422651359,0.08639019530298755,False,False,False,False,25967564,32425494.842743136,False,False,False,False,3301266.272129056,False,False,False,False
2024-04-29 00:00:00+00:00,2.55,2.67,2.51,2.59,2575354,,,,,,,,,,,,,,,,,,2.5589306846365076,2.4649758397344734,2.344041436867489,2.2915678538328517,2.267458310246216,2.2143017533389813,2.1963697937106392,2.1787218185524884,2.1622230032363468,2.140458392481375,2.133691864143537,2.1262948879501646,2.121831399385114,2.1720821859467923,2.221983717975724,2.261871323998729,2.3280198071826503,2.4049113558939594,2.4666871316246994,,,,,,,,,,,2.1720821859467923,2.4666871316246994,2.266127503196776,,"rgba(38, 166, 154, 1.0)",0.25405731069409676,2.27224905575411,1.0932609791352224,53.77550363522478,-3.0165151472339886,False,False,True,False,True,7.761590691541631,0.0,0.0,0.0,0.0,1,1.0575349471530855,0.925417661097852,False,False,False,False,0.13928075393509975,0.11283547461904365,False,False,False,False,23392210,32071248.378321838,False,False,False,False,3272799.1242024265,False,False,False,False
2024-04-30 00:00:00+00:00,2.94,2.98,2.49,2.53,10845723,,,,,,,,,,,,,,,,,2.8033333333333337,2.594236346536458,2.488007404332588,2.365350893856451,2.3112847004925317,2.2863956466729602,2.230720039325974,2.2104948903558825,2.1926319849223828,2.1754307692312262,2.153260397408293,2.1463404812716247,2.1387281095421184,2.1327408833748716,2.1812883277178394,2.2299745815907093,2.2689426343101133,2.3337360997738292,2.4091830546588464,2.470059406568065,,,,,,,,,,,2.1812883277178394,2.470059406568065,2.306106999263805,,"rgba(0, 255, 0, 1.0)",0.2641144987850312,2.328759391374729,2.314301605694028,60.85815780495482,3.6910918654600877,True,False,True,False,True,16.111983375536525,0.0,0.0,0.0,0.0,1,1.0452140581979161,0.895400313124224,False,False,False,False,0.24614368615692006,0.17948958038798185,False,False,False,False,34237933,32156216.402701374,False,False,False,False,3569776.531096449,False,False,False,False
2024-05-01 00:00:00+00:00,2.71,2.91,2.66,2.91,6742067,,,,,,,,,,,,,,,,,2.7867220230625906,2.6078952484539286,2.4990492274362373,2.3764140946974472,2.3217799618767545,2.2965761285714468,2.23973468509659,2.218330944103557,2.20037929024181,2.1828224058857044,2.160458207866718,2.153462334792302,2.1457403513863604,2.1389213078285474,2.1864877220168646,2.2344650586389694,2.272897094258773,2.336899198018585,2.4115057247975558,2.4718537139293923,,,,,,,,,,,2.1864877220168646,2.4718537139293923,2.312119736148007,,"rgba(38, 166, 154, 1.0)",0.2667294070337509,2.338032764582739,1.3945490283723896,60.096344727188324,3.6910918654600877,True,False,True,False,True,9.77619663898016,0.0,0.0,0.0,0.0,1,1.061190651647542,0.9006474365722708,False,False,False,False,0.2841851906080575,0.2318373854980197,False,False,False,False,27495866,31973457.563379753,False,False,False,False,3694180.078896588,False,False,False,False
2024-05-02 00:00:00+00:00,2.66,2.885,2.63,2.75,4152144,,,,,,,,,,,,,,,,,2.77493363733303,2.6135508967873555,2.504560507103836,2.3823300520493307,2.3275057149297664,2.3021736280244376,2.2447718959416676,2.222741892426513,2.204754246441396,2.187011852960579,2.164552813685309,2.157518323597945,2.1497390568255095,2.1424562248915735,2.189450977423797,2.2370112143985565,2.275128214881383,2.3386647390608224,2.4127787843701034,2.4728148539493833,,,,,,,,,,,2.189450977423797,2.4728148539493833,2.3152224763541147,,"rgba(38, 166, 154, 1.0)",0.2686823369672782,2.3425020370196536,1.1816852814519525,58.6157173993033,3.6910918654600877,True,False,True,False,True,8.488341614161516,0.0,0.0,0.0,0.0,1,1.0597363890958609,0.8997970247424271,False,False,False,False,0.26316984877991967,0.24750361713896968,False,False,False,False,23343722,31635036.560894273,False,False,False,False,3712139.4483516244,False,False,False,False
2024-05-03 00:00:00+00:00,2.68,2.7652,2.64,2.7,2528486,,,,,,,,,,,,,,,,,2.7666124315358536,2.6158797882563145,2.507348761936813,2.385529070636927,2.330656862243705,2.3052749095769363,2.247600416309528,2.2252326998201193,2.207231608220958,2.189391294786265,2.16688566427431,2.159831372324503,2.152021867748806,2.1444784910922925,2.1911395872765747,2.238454494588633,2.2763864342180997,2.3396493394897395,2.413475133202504,2.473327533026035,,,,,,,,,,,2.1911395872765747,2.473327533026035,2.316820388028246,,"rgba(38, 166, 154, 1.0)",0.2703217968900654,2.3447159059163827,1.2403146839837371,57.945729097925394,3.6910918654600877,True,False,True,False,True,8.89820602544621,0.0,0.0,0.0,0.0,0,1.060222438624366,0.9205320075854646,False,False,False,False,0.22186689493858724,0.23468525603877846,False,False,False,False,25872208,31409043.28399646,False,False,False,False,3665721.6660633255,False,False,False,False
2024-05-06 00:00:00+00:00,2.65,2.79,2.64,2.74,2275498,,,,,,,,,,,,,,,,,2.7603305238912608,2.6178212985319225,2.509766633604725,2.388336758981931,2.333433612076062,2.3080121043591695,2.250105976669462,2.2274437486147933,2.2094319457729177,2.191506411718096,2.168960797756035,2.1618893499728844,2.1540534880775684,2.1462801174077373,2.192644435305909,2.239740712281974,2.2775076724651098,2.340526487504375,2.4140950387143003,2.4737833071653865,,,,,,,,,,,2.192644435305909,2.4737833071653865,2.3182835210435813,,"rgba(38, 166, 154, 1.0)",0.2703125984871975,2.3466955550840694,1.1220507168861964,56.85404021674516,3.6910918654600877,False,False,True,False,False,8.114265370616462,0.0,0.0,0.0,0.0,0,1.057855653323839,0.917984843090382,False,False,False,False,0.23112616905473957,0.23290571254675901,False,False,False,False,23596710,31102677.272859346,False,False,False,False,3611203.0909235873,False,False,False,False
2024-05-07 00:00:00+00:00,2.64,2.68,2.6,2.64,1600088,,,,,,,,,,,,,,,,,2.7534893006726424,2.6182054597460884,2.510946394186997,2.3899406864095636,2.33507525031278,2.3096506158812193,2.2516410562093774,2.2288094935143197,2.2107980732339896,2.1928261796557784,2.1702628043728143,2.1631827236746886,2.1553325941126693,2.147417100372116,2.1935850839874855,2.2405349763490445,2.2781918407244954,2.3410478341611314,2.414446360200251,2.474025089964324,,,,,,,,,,,2.1935850839874855,2.474025089964324,2.318970445887089,,"rgba(38, 166, 154, 1.0)",0.27050023729819234,2.3475822741179995,1.0810257647191897,55.90064963732166,3.6910918654600877,False,False,True,False,False,7.850947302070985,0.0,0.0,0.0,0.0,0,1.0477348235084458,0.9367990936748176,False,False,False,False,0.17565549983767845,0.20428060619221872,False,False,False,False,21996622,30745577.066080548,False,False,False,False,3532335.8324559955,False,False,False,False
2024-05-08 00:00:00+00:00,2.58,2.62,2.54,2.61,2323318,,,,,,,,,,,,,,,,,2.740259690646499,2.617268156545208,2.511842888584765,2.3916833694018895,2.3369649233651097,2.3115742224829985,2.2535075315721054,2.230489501820946,2.2124911707912127,2.1944734331391595,2.171900702080523,2.1648135344976205,2.1569494641657303,2.148858743323078,2.1947612519862267,2.2415102663846773,2.2790166837664256,2.3416503209618895,2.414819355095683,2.474248448369982,,,,,,,,,,,2.1947612519862267,2.474248448369982,2.3194541829490865,,"rgba(38, 166, 154, 0.5)",0.27045174087837587,2.3481155207857514,0.8573968814588954,53.90561408866592,3.6910918654600877,False,False,True,False,False,6.274481790694566,0.0,0.0,0.0,0.0,0,1.0336042810585984,0.9435701695431088,False,False,False,False,0.13205252819320767,0.1681665671927132,False,False,False,False,19673304,30311370.27917543,False,False,False,False,3484923.3684381135,False,False,False,False
2024-05-09 00:00:00+00:00,2.85,2.91,2.66,2.66,5257349,,,,,,,,,,,,,,,,,2.7500323385017404,2.6272296588399073,2.5202569770906758,2.4001186442878644,2.3450245982968188,2.3194193228712052,2.2605322849307172,2.2366598105149262,2.218593665563654,2.200311108828166,2.1775910963088023,2.170446324689389,2.1624993370188776,2.1537823432532774,2.1989470367424806,2.2451607569919423,2.2822598322472056,2.3442884261277417,2.416806962721452,2.4758263351676644,,,,,,,,,,,2.1989470367424806,2.4758263351676644,2.3252893430497257,,"rgba(0, 255, 255, 0.75)",0.2751805304238009,2.3559348260482063,1.7954219842184778,57.11890404716162,3.6910918654600877,False,False,True,False,False,11.796695608640956,0.0,0.0,0.0,0.0,0,1.03621453737463,0.9109981708589596,False,False,False,False,0.2841851906080575,0.22617587890038537,False,False,False,False,24930653,30100361.758423455,False,False,False,False,3554430.2559503443,False,False,False,False
2024-05-10 00:00:00+00:00,2.77,2.93,2.76,2.89,2760133,,,,,,,,,,,,,,,,,2.7550504241180267,2.6324095682619117,2.5246818209700197,2.4045521607857836,2.3492652713950144,2.3235493366811153,2.264237669599921,2.2399211878897716,2.2218191015060356,2.203397987630828,2.1806003880474374,2.173425319903498,2.1654347877127083,2.15639005596132,2.2011694638888883,2.247103529429531,2.28398947901608,2.3457010912163336,2.417877828410275,2.476681896074216,,,,,,,,,,,2.2011694638888883,2.476681896074216,2.328362918424936,,"rgba(38, 166, 154, 1.0)",0.27700079682456075,2.36001276704165,1.480094056256512,57.535393598162116,3.6910918654600877,True,False,True,False,True,9.738086013968957,0.0,0.0,0.0,0.0,0,1.0791188527143374,0.899699722149541,False,False,False,False,0.33092843353044876,0.27855215621541707,False,False,False,False,22170520,29789387.571818613,False,False,False,False,3523281.3439522916,False,False,False,False
2024-05-13 00:00:00+00:00,2.93,2.96,2.795,2.795,2719775,,,,,,,,,,,,,,,,,2.7642880221837465,2.639183084490879,2.5299913378790215,2.409602519474066,2.3540245833757365,2.328157657169275,2.268327467971175,2.2435103218073382,2.225357983544234,2.2067761347863164,2.18388282864143,2.1766715611355525,2.1686302911406936,2.1592279088815562,2.2036074238834256,2.249254033133741,2.2859199455951416,2.3473037395574647,2.419123258708841,2.4777040597022526,,,,,,,,,,,2.2036074238834256,2.4777040597022526,2.3320272081530944,,"rgba(0, 255, 255, 0.75)",0.28255921806182843,2.364904089639425,1.99992027949668,59.92229745232835,3.7549418952283844,True,False,True,False,True,12.751134772503388,0.0,0.0,0.0,0.0,0,1.0744075071640287,0.8813169513829957,False,False,False,False,0.3428281762457352,0.3106901662305761,False,False,False,False,24890295,29597266.294492394,False,False,False,False,3491771.2912482806,False,False,False,False
2024-05-14 00:00:00+00:00,2.93,3.12,2.92,2.95,4386477,,,,,,,,,,,,,,,,,2.786004570181284,2.653194974531877,2.540388159548886,2.4190841789844,2.3628456259361634,2.336655120600583,2.2757961031024987,2.2500488804156267,2.231786469676333,2.212897992419846,2.189812495701071,2.1825303599570116,2.1743918447742208,2.1643442163908335,2.2080388267453137,2.253198316150526,2.2894894764632774,2.3503138286046847,2.4215165224130804,2.4797150473545253,,,,,,,,,,,2.2080388267453137,2.4797150473545253,2.339102650497602,,"rgba(0, 255, 255, 0.75)",0.2862647297441579,2.374384834536519,1.940913803667146,61.51356668843917,5.4541264651212416,True,False,True,False,True,12.751134772503388,0.0,0.0,0.0,0.0,0,1.0984096514354444,0.8554228577676803,False,False,False,False,0.34282818646516167,0.3267591763478689,False,False,False,False,24890295,29412679.184904456,False,False,False,False,3526857.789630701,False,False,False,False
2024-05-15 00:00:00+00:00,2.9,3.01,2.89,2.98,2600970,,,,,,,,,,,,,,,,,2.793956044916806,2.6596759860601593,2.5455845823438215,2.424017793922913,2.367499216871034,2.3411632946241907,2.279806469000821,2.253579325634939,2.2352663725516497,2.2162215534389826,2.1930413960560977,2.1857236402254805,2.1775354361758024,2.1671421113089644,2.2104542152484496,2.2553389596699613,2.2914191576085767,2.3519284538156415,2.4227856462601656,2.4807684365051768,,,,,,,,,,,2.2104542152484496,2.4807684365051768,2.342645404611982,,"rgba(0, 255, 255, 0.75)",0.29033332816168683,2.379057429849482,1.7942913183580647,61.855552253270076,6.010872220879264,True,False,True,False,True,11.967251818893185,0.0,0.0,0.0,0.0,0,1.0991427776904568,0.8621673578449744,False,False,False,False,0.29510033226285143,0.3109297543053602,False,False,False,False,22289325,29133331.96196703,False,False,False,False,3490548.464547144,False,False,False,False
2024-05-16 00:00:00+00:00,3.02,3.14,2.8829,2.9,7148150,,,,,,,,,,,,,,,,3.0142999999999995,2.8224173130126173,2.6808755061189813,2.5620220988740425,2.439181566633061,2.381681371127859,2.3548562305434118,2.29191497879232,2.2642302645704375,2.24574355528444,2.2262132897905325,2.2027274561418406,2.1952967925766522,2.1869535410947614,2.1755292303588374,2.2177445410854952,2.26184754485035,2.2973248040459273,2.3569317439513817,2.426789364489986,2.484151840518742,,,,,,,,,,,2.2177445410854952,2.484151840518742,2.3802290596671467,,"rgba(0, 255, 255, 0.75)",0.2960190522234669,2.4342582725829556,1.9787298250480978,63.680723758827305,7.995437345572526,True,False,True,False,True,14.184659449275266,0.0,0.0,0.0,0.0,0,1.0913809411208324,0.8533932371719083,False,False,False,False,0.3369213147269603,0.32392553451616024,False,False,False,False,29437475,29145259.13992911,False,False,False,False,3633983.8188786283,False,False,False,False
2024-05-17 00:00:00+00:00,2.9,3.12,2.89,3.08,5879503,,,,,,,,,,,,,,,,2.9943069910597093,2.836591069502632,2.694425642019004,2.5734603733986905,2.4501655431666074,2.392103788813423,2.364979260544353,2.3009865915511067,2.272265522423008,2.2536676532383395,2.233794549444083,2.2100992142949663,2.202589638693865,2.1941363220761563,2.1819465120414385,2.2233145876564353,2.266807619643007,2.3018147855069704,2.3607172146305104,2.4297968413600106,2.4866728928163804,,,,,,,,,,,2.2233145876564353,2.4866728928163804,2.386898486053216,,"rgba(0, 255, 255, 0.75)",0.29799008387879367,2.4429732237038784,1.5336979350024795,62.129176908592335,7.995437345572526,True,False,True,False,True,11.094172076260495,0.0,0.0,0.0,0.0,0,1.0929368029739777,0.8571096654275092,False,False,False,False,0.3321314972771158,0.328028515896638,False,False,False,False,23557972,28926149.840324048,False,False,False,False,3722043.394608878,False,False,False,False
2024-05-20 00:00:00+00:00,2.78,2.9,2.7201,2.9,2194645,,,,,,,,,,,,,,,,2.9662979669582956,2.8353258782129656,2.6962413509752934,2.57580694741237,2.4528471781494936,2.394783588225181,2.367635341003934,2.3034663072594626,2.2744988973134723,2.255889911421247,2.235940733789668,2.2122073272667153,2.204681625605757,2.1962038105674058,2.1838044827822434,2.2249041681819532,2.2681980916046074,2.3030530173984354,2.361727425519101,2.430560396364603,2.4872786642071527,,,,,,,,,,,2.2249041681819532,2.4872786642071527,2.3872037223006104,,"rgba(38, 166, 154, 1.0)",0.2996163913773451,2.4435759476676537,1.1228492900064484,58.74419094766189,7.995437345572526,True,False,True,False,False,8.153861792705516,0.0,0.0,0.0,0.0,1,1.0662336316207717,0.8928929274781466,False,False,False,False,0.19869287114388057,0.26336069352025926,False,False,False,False,21363327,28629568.552468203,False,False,False,False,3662145.4183497066,False,False,False,False
2024-05-21 00:00:00+00:00,2.77,2.84,2.75,2.78,1616761,,,,,,,,,,,,,,,,2.949051107695507,2.8341161442357556,2.6973723341058347,2.5774035630745904,2.454721497538344,2.3966709645046476,2.3695115323388616,2.305228618547017,2.2760905955390305,2.2574755535992126,2.2374741975889445,2.213715633124911,2.2061790210478374,2.1976843775855484,2.1851365566311856,2.2260425077157375,2.269192172311438,2.3039368454208624,2.36244606026622,2.4311006067753054,2.4877044218766518,,,,,,,,,,,2.2260425077157375,2.4877044218766518,2.3875274944823395,,"rgba(38, 166, 154, 1.0)",0.29990250668094454,2.4440886860395934,1.0867242077010444,56.299858031722195,11.947595414610632,False,False,True,False,False,7.913073647065037,0.0,0.0,0.0,0.0,1,1.0712406209424443,0.8942881108595985,False,False,False,False,0.18800954115490226,0.22568511733758076,False,False,False,False,19746566,28281215.51119494,False,False,False,False,3581934.2646889337,False,False,False,False
2024-05-22 00:00:00+00:00,2.79,2.83,2.75,2.76,1163631,,,,,,,,,,,,,,,,2.93877059964372,2.8333406305001554,2.6981987226268576,2.578555879712433,2.456070943750669,2.398029667825004,2.3708622261055994,2.3064977987466424,2.277237518338782,2.258618088615502,2.2385792695206224,2.2148026004659767,2.207258142576708,2.1987514037492355,2.186096945117087,2.2268638080000205,2.269909879455054,2.304575344839813,2.3629658329559615,2.4314920345117277,2.4880135119496196,,,,,,,,,,,2.2268638080000205,2.4880135119496196,2.387873866852879,,"rgba(38, 166, 154, 1.0)",0.2995644285405852,2.444572260564011,1.1530999896043748,55.04731027043965,10.69149772732964,False,False,True,False,False,8.30720006787583,0.0,0.0,0.0,0.0,1,1.0712406209424443,0.8965861954061288,False,False,False,False,0.18394947758715927,0.20481729746237,False,False,False,False,20910197,27992155.961736318,False,False,False,False,3487098.8425442697,False,False,False,False
2024-05-23 00:00:00+00:00,2.64,2.81,2.61,2.81,1664194,,,,,,,,,,,,,,,,2.9174377920349084,2.8297435505680766,2.698053433652407,2.579387490187725,2.4573907101095087,2.3994486241129276,2.3723063987880946,2.307915969175313,2.278540178323225,2.259927515122618,2.2398573226271807,2.2160720495352484,2.2085221177344048,2.200005230362963,2.187231061897671,2.227819487648559,2.270729638127841,2.3052918321561116,2.3635276573635493,2.4318894347802833,2.488303581929723,,,,,,,,,,,2.227819487648559,2.488303581929723,2.38755487471543,,"rgba(38, 166, 154, 0.5)",0.29873468900416467,2.44426297102629,0.6552202880294935,51.39074175440271,7.1803950429943555,False,True,False,False,False,4.722808617731861,0.0,0.0,0.0,0.0,1,1.0532101574794235,0.9003724711023561,False,False,False,False,0.13014150332431157,0.1674794003933408,False,False,False,False,19246003,27649169.57107999,False,False,False,False,3415612.378130769,False,False,False,False
2024-05-24 00:00:00+00:00,2.64,2.71,2.63,2.64,929008,,,,,,,,,,,,,,,,2.905825681799393,2.8274510969450253,2.697787672461446,2.5797321637562196,2.4580359709864648,2.4001616998918363,2.373038952283034,2.3086476307782062,2.279216488544344,2.260609541634007,2.2405252166111107,2.2167377435168607,2.2091856255515974,2.2006641598082086,2.187828246641961,2.2283203492632366,2.2711566043980134,2.3056627465176476,2.36381462696452,2.4320875756940907,2.488443421537414,,,,,,,,,,,2.2283203492632366,2.488443421537414,2.3873244897023613,,"rgba(38, 166, 154, 0.5)",0.2974926450752598,2.4440121209718964,0.6587990737670932,48.95302941037809,4.886019630525951,False,True,False,True,False,4.72280861773185,0.0,0.0,0.0,0.0,1,1.0542195212868102,0.9118932779089338,False,False,False,False,0.09273272570381638,0.13010606304857858,False,False,False,False,19246003,27319633.62711607,False,False,False,False,3318098.4809491704,False,False,False,False
2024-05-28 00:00:00+00:00,2.68,2.69,2.62,2.69,1065200,,,,,,,,,,,,,,,,2.8939009436751078,2.8249484422060647,2.697513963210264,2.5801400186427466,2.458782915007929,2.4009849511600034,2.3738840236056293,2.3094907436995853,2.2799957626399077,2.2613951995463664,2.241294479659467,2.2175042965304153,2.2099496146979467,2.2014228344337177,2.1885159451602134,2.2288976336069037,2.2716491992997194,2.3060910750352304,2.36414667860527,2.4323176573083134,2.4886065914363615,,,,,,,,,,,2.2288976336069037,2.4886065914363615,2.38714131888654,,"rgba(38, 166, 154, 0.5)",0.2967452876892343,2.4438098010484364,0.7959358033645115,48.24899233538436,4.1753865636916245,False,True,False,True,False,5.55248020131538,0.0,0.0,0.0,0.0,0,1.052285204423783,0.9232771456824923,False,False,False,False,0.049925115178673186,0.09001558911362588,False,False,False,False,20311203,27044793.21036642,False,False,False,False,3229749.520911948,False,False,False,False
2024-05-29 00:00:00+00:00,2.56,2.66,2.55,2.66,1043470,,,,,,,,,,,,,,,,2.8799340802008566,2.8214904246767483,2.6966837443176392,2.58018691592184,2.4592489287797465,2.401562394953785,2.3744985686252074,2.310142414041432,2.28061062949904,2.262021986203458,2.241914871153582,2.218129567440231,2.210574880895764,2.2020460151717853,2.1890839410378855,2.229366449684155,2.2720404262899914,2.3064237441149595,2.3643916896047936,2.4324711956791143,2.488699175678297,,,,,,,,,,,2.229366449684155,2.488699175678297,2.3866411434146007,,#000000,0.29558907439366156,2.4432124713514454,0.39510096537945316,45.59056843337373,1.5692953750618273,False,True,False,True,False,2.742860658090944,0.0,0.0,0.0,0.0,0,1.0319346707877597,0.9395522302945972,False,False,False,False,-0.010248845752864723,0.03988337168038058,False,False,False,False,19267733,26739810.457018718,False,False,False,False,3144013.0691114794,False,False,False,False
2024-05-30 00:00:00+00:00,2.5,2.64,2.49,2.57,1361008,,,,,,,,,,,,,,,,2.860897909052919,2.816251196733202,2.69515462584211,2.579959696182868,2.4596366302314836,2.402125065486249,2.3751224494439604,2.31084687856131,2.2812885358579513,2.2627201135922435,2.242612703257177,2.218840017282658,2.211287410046915,2.202758425330395,2.189736419316921,2.2298972142409372,2.2724745829255686,2.3067852650967855,2.364644524587989,2.432611815521054,2.4887641670018343,,,,,,,,,,,2.2298972142409372,2.4887641670018343,2.385782573929535,,#000000,0.2936678273028789,2.442165272659994,0.19693926934787248,42.85721071311764,-1.0660161214831305,False,True,False,True,False,1.3835695472172027,0.0,0.0,0.0,0.0,0,1.0206235176846663,0.9495869567708155,False,False,False,False,-0.07186261513570827,-0.015989621727663845,False,False,False,False,17906725,26393414.94890034,False,False,False,False,3074091.301695343,False,False,False,False
2024-05-31 00:00:00+00:00,2.59,2.59,2.49,2.49,1443266,,,,,,,,,,,,,,,,2.843684790889714,2.811167816348801,2.6937055678652713,2.579808393091341,2.4601087536546533,2.4027727657420126,2.3758310629077792,2.3116318628552994,2.2820399866251746,2.2634916564897876,2.243381844594478,2.219620840130409,2.212069885029232,2.203540100016033,2.190451703682384,2.2304819603881474,2.272956052989845,2.3071889739650797,2.3649318093026905,2.432778455438644,2.488849716032023,,,,,,,,,,,2.2304819603881474,2.488849716032023,2.385082214100339,,"rgba(38, 166, 154, 0.5)",0.2910646502594078,2.4412892394743086,0.5109200323472965,43.2397739861476,-1.0660161214831305,False,True,False,True,False,3.3023361393866146,0.0,0.0,0.0,0.0,0,1.0023197859365849,0.9655477336150766,False,False,False,False,-0.09408941307505542,-0.05503951740135963,False,False,False,False,19349991,26117202.245021895,False,False,False,False,3010137.3682955257,False,False,False,False
2024-06-03 00:00:00+00:00,2.52,2.605,2.5,2.58,819877,,,,,,,,,,,,,,,,2.834279936439228,2.8082027653961013,2.692807194220034,2.579668168266812,2.460333565405463,2.403102665046888,2.376197960762948,2.312048399184865,2.2824418237215833,2.2639058135467054,2.2437962558679847,2.220043128144868,2.2124935288931256,2.2039638136356143,2.1908402026665224,2.2307979735917205,2.273214413830417,2.3074039746328077,2.36508188722173,2.432861482028974,2.4888874901437936,,,,,,,,,,,2.2307979735917205,2.4888874901437936,2.3846742476252194,,#000000,0.2880362214459592,2.4407711561197027,0.2750655576668924,42.27891445471607,-1.8477588843381128,False,True,False,True,False,1.7154001746721903,0.0,0.0,0.0,0.0,0,0.9988496094424058,0.9683642596661568,False,False,False,False,-0.0829657902308328,-0.06900265381609622,False,False,False,False,18530114,25819669.372668095,False,False,False,False,2924244.8048329563,False,False,False,False
2024-06-04 00:00:00+00:00,2.5,2.56,2.49,2.53,639219,,,,,,,,,,,,,,,,2.8267515713910387,2.805723314721916,2.691999463846632,2.579488101576403,2.460454370486696,2.403312576624163,2.3764398404919023,2.3123368634534116,2.2827241237264064,2.2641988717698474,2.24409150433915,2.2203460662446473,2.2127980411594455,2.204269025805738,2.1911209591685052,2.231024131008864,2.2733967745103176,2.3075534675768963,2.3651821786280145,2.432911272942695,2.488902971149908,,,,,,,,,,,2.231024131008864,2.488902971149908,2.3843061259736342,,#000000,0.2862289765677609,2.4403023579381395,0.20856603261384973,41.29677623375573,-3.0046829788325127,False,True,False,True,False,1.264775921991351,0.0,0.0,0.0,0.0,0,0.9894275611733058,0.9964758537244351,False,False,False,False,-0.10746872111382344,-0.08823568746495983,False,False,False,False,17890895,25508737.04432817,False,False,False,False,2834635.949741468,False,False,False,False
2024-06-05 00:00:00+00:00,2.57,2.58,2.48,2.51,869923,,,,,,,,,,,,,,,,2.81789485294395,2.802721086245785,2.691077426766201,2.5793480160672444,2.4606955449743295,2.40366391708024,2.3768300284731483,2.312779198831082,2.283150887021665,2.2646386198663575,2.2445314971825754,2.2207943589005694,2.2132477605510323,2.20471881261931,2.191533503126547,2.231360017723115,2.273671670087095,2.307782472448296,2.3653424430192618,2.4330004832804564,2.4889442210521007,,,,,,,,,,,2.231360017723115,2.4889442210521007,2.383939129860413,,#000000,0.28534947752593687,2.4398230179922615,0.45620192872407084,42.44281307037265,-3.0046829788325127,False,True,False,True,False,2.779844854273982,0.0,0.0,0.0,0.0,0,0.9803283379233879,0.9988077780559629,False,False,False,False,-0.103004926022791,-0.09562030674387542,False,False,False,False,18760818,25244112.76808001,False,False,False,False,2757588.38308494,False,False,False,False
2024-06-06 00:00:00+00:00,2.5,2.565,2.48,2.54,1121043,,,,,,,,,,,,,,,,2.8061693323585724,2.798540349520885,2.6896813020124886,2.579028317142045,2.460898424596048,2.4040227655480253,2.3772450619395835,2.313276985474837,2.2836391217669783,2.265145865723747,2.245043013322697,2.22131964097763,2.213775907699752,2.2052483294383247,2.19202101068128,2.2317525862297796,2.2739879606543347,2.3080415099897977,2.3655157377377556,2.4330857658290443,2.488969642675846,,,,,,,,,,,2.2317525862297796,2.488969642675846,2.3833719494321803,,#000000,0.28354556968870265,2.4390823789628024,0.21484243645237497,41.87649592274281,-3.0046829788325127,False,True,False,True,False,1.182543784278689,0.0,0.0,0.0,0.0,0,0.9798724032350536,1.0060992717469535,False,False,False,False,-0.10970220854464832,-0.10266125764426187,False,False,False,False,17639775,24945903.44384158,False,False,False,False,2693410.132767883,False,False,False,False
2024-06-07 00:00:00+00:00,2.43,2.505,2.43,2.46,1051124,,,,,,,,,,,,,,,,2.793869357593273,2.7939227786726812,2.687949437584659,2.57845322143883,2.460877834800995,2.4041763589693654,2.3774634393258114,2.313603338955023,2.2839768053442517,2.2655058459697317,2.2454146642481576,2.2217101841488702,2.2141711329302156,2.2056473268000016,2.1923921111428184,2.232041922513061,2.2742101297804695,2.3082135596589644,2.365612787338155,2.4331071151247197,2.4889385953092353,,,,,,,,,,,2.232041922513061,2.4889385953092353,2.382615967617003,,#000000,0.2814853139721198,2.438105428194115,-0.028795208104241195,40.28523987512207,-4.610758658120901,False,True,False,True,False,0.0,0.0,0.0,0.0,0.0,0,0.962311713025319,1.012356815401535,False,False,False,False,-0.15915648482515876,-0.13090887123471032,False,False,False,False,16588651,24618168.05388701,False,False,False,False,2629006.75501228,False,False,False,False
2024-06-10 00:00:00+00:00,2.49,2.51,2.4,2.43,831996,,,,,,,,,,,,,,,,2.7850427195295717,2.790477734543667,2.686664385099569,2.57804444570092,2.4608937853599326,2.404325035285744,2.3776613016723864,2.313881819869188,2.284261318998207,2.2658072978452597,2.245724228864969,2.222033799361494,2.214498158804311,2.2059769765600326,2.1926981231232254,2.2322823655847235,2.2743969201517045,2.3083602579125757,2.3656994625089505,2.433132973779157,2.488922494606475,,,,,,,,,,,2.2322823655847235,2.488922494606475,2.3820931555277793,,#000000,0.27969255965779427,2.4374197272379527,0.18799310509503642,40.85368937721387,-4.610758658120901,False,True,False,True,False,0.9482640442029471,0.0,0.0,0.0,0.0,0,0.9496437763437652,1.0180287714324792,False,False,False,False,-0.17049595358229236,-0.15070241240850135,False,False,False,False,17420647,24335912.326283596,False,False,False,False,2558535.7450117986,False,False,False,False
2024-06-11 00:00:00+00:00,2.48,2.5,2.46,2.46,689922,,,,,,,,,,,,,,,,2.778368354325804,2.7877908961317623,2.685673938001859,2.577748042857404,2.4609373412806415,2.404474041414225,2.377849191449863,2.314132064909336,2.2845137737708545,2.2660731368302223,2.2459957268737187,2.2223160962156334,2.2147830037529412,2.20626365253651,2.192963686699381,2.2324926975248256,2.2745622612431475,2.3084919281153486,2.365780700647415,2.4331629004579387,2.4889171490639597,,,,,,,,,,,2.2324926975248256,2.4889171490639597,2.3817186717519414,,#000000,0.2779801665100838,2.436920633491246,0.15497280633217905,41.03604130457016,-4.610758658120901,False,True,False,True,False,0.7211590671852122,0.0,0.0,0.0,0.0,0,0.9617444529456771,1.0081528215033801,False,False,False,False,-0.1478574607141747,-0.14927993656133803,False,False,False,False,16730725,24037669.686037183,False,False,False,False,2485256.7746191793,False,False,False,False
2024-06-12 00:00:00+00:00,2.5,2.54,2.48,2.49,899996,,,,,,,,,,,,,,,,2.7708285505938752,2.7846527388213422,2.684561770439929,2.5774688229108147,2.461072928368717,2.404735858483315,2.3781569709882024,2.3145096763008746,2.2848869117135195,2.2664620350569855,2.246389201224086,2.222721435219738,2.2151909321847127,2.2066730610128107,2.193341490153014,2.232796040780423,2.274805492733051,2.308690046210144,2.3659112027588924,2.4332240762634267,2.4889310100252833,,,,,,,,,,,2.232796040780423,2.4889310100252833,2.381353962110894,,#000000,0.27633554482428474,2.436418267214912,0.23008886831955677,41.74315408417195,-4.610758658120901,False,True,False,True,False,1.171701376216756,0.0,0.0,0.0,0.0,0,0.9608521600767803,1.0068193011479156,False,False,False,False,-0.12088646919668368,-0.13508320287901085,False,False,False,False,17630721,23786416.796388667,False,False,False,False,2423089.6854184275,False,False,False,False
2024-06-13 00:00:00+00:00,2.46,2.5594,2.44,2.52,1002507,,,,,,,,,,,,,,,,2.7623021702031445,2.7809905245791318,2.683200247749634,2.5770723687531665,2.4611565204287658,2.404968439036674,2.3784444623703385,2.314884524317203,2.285263354863724,2.2668574466725793,2.2467921895195038,2.2231395607567186,2.215612586359959,2.207097170866186,2.193734193873046,2.2331082820040287,2.2750522771848654,2.3088877950642406,2.366035463992915,2.4332733906547044,2.488928868233563,,,,,,,,,,,2.2331082820040287,2.488928868233563,2.3808936484625263,,#000000,0.2753751249831045,2.435787757215315,0.08792458209931153,41.32452338372903,-4.610758658120901,False,True,False,True,False,0.24032536675901284,0.0,0.0,0.0,0.0,0,0.9528965401540863,1.029010569242086,False,False,False,False,-0.13012484934585494,-0.13260402611243288,False,False,False,False,16628214,23505702.96123617,False,False,False,False,2367380.560500058,False,False,False,False
2024-06-14 00:00:00+00:00,2.38,2.45,2.36,2.42,899723,,,,,,,,,,,,,,,,2.752720732513691,2.7768005214098035,2.6814436294417368,2.5763697524262086,2.460966556986956,2.404947290900789,2.3784877682104257,2.3150442101735167,2.2854497543575842,2.2670664939848884,2.2470176323158424,2.223386104130477,2.2158648006993427,2.2073547081049893,2.1939778980578866,2.2332887643736,2.275179401538637,2.308975337251347,2.366063773522864,2.433242986291459,2.4888569593378125,,,,,,,,,,,2.2332887643736,2.4888569593378125,2.380182405834602,,#000000,0.2742870857430338,2.4348501927288293,-0.199973661101259,39.42857100121202,-6.618157634814104,False,True,False,True,False,0.0,0.0,0.0,0.0,0.0,0,0.9242314432921767,1.054685132232603,False,False,False,False,-0.21632235696754507,-0.17446319153998896,False,False,False,False,15728491,23200714.25687397,False,False,False,False,2309825.3620490753,False,False,False,False
2024-06-17 00:00:00+00:00,2.34,2.4,2.31,2.38,807216,,,,,,,,,,,,,,,,2.74347002578802,2.772666282697019,2.6796305772464257,2.5755815233677763,2.460674070732808,2.40482199494733,2.37842715602982,2.3151053392574616,2.285546509489112,2.2671861468159933,2.247156425067246,2.2235472930115927,2.216032234336182,2.207528360565295,2.194145821307188,2.2334041962700715,2.2752495048942527,2.3090120118137127,2.3660504647761056,2.433181002214914,2.488759929832646,,,,,,,,,,,2.2334041962700715,2.488759929832646,2.3794208470314167,,#000000,0.27045673747726795,2.433853098630645,-0.347017047924471,37.43025534396565,-8.656838508187874,False,True,False,True,False,0.0,0.0,0.0,0.0,0.0,0,0.934977007333521,1.0382093874431888,False,False,False,False,-0.2630619068078926,-0.21876254917394078,False,False,False,False,14921275,22876030.36444754,False,False,False,False,2250899.5047138175,False,False,False,False
2024-06-18 00:00:00+00:00,2.31,2.36,2.3,2.32,739925,,,,,,,,,,,,,,,,2.734806193052927,2.7687117270396526,2.6778529575613894,2.5747789660078233,2.460343044326543,2.404652022288459,2.3783199161910287,2.3151185074167824,2.28559835583386,2.267260302581648,2.2472504166592078,2.223663602443324,2.2161548667934166,2.207657442151154,2.194273146673196,2.2334856513137233,2.2752907660867447,2.3090237376876823,2.36601804873917,2.4331060775267126,2.4886540382708633,,,,,,,,,,,2.2334856513137233,2.4886540382708633,2.378668287418723,,#000000,0.26540175223628626,2.4328688709942314,-0.4629542569291014,35.55724237136994,-10.51049030392926,False,True,False,True,False,0.0,0.0,0.0,0.0,0.0,0,0.9214362814084084,1.0526035333178485,False,False,False,False,-0.28684760584346436,-0.25280507750870257,False,False,False,False,14181350,22535062.507018227,False,False,False,False,2191645.6025681775,False,False,False,False
2024-06-20 00:00:00+00:00,2.33,2.35,2.27,2.3,1568264,,,,,,,,,,,,,,,,2.7172958945715737,2.7604339040793318,2.674073575448457,2.5730500678966015,2.4596128017445817,2.4042647575132468,2.3780666060017035,2.315123741101409,2.285688443581587,2.267398219413287,2.24743147728607,2.2238927959414116,2.216397750874384,2.207914367528355,2.1945282863654465,2.233645033690209,2.275365882096607,2.3090369780665387,2.3659388003070947,2.4329379889565876,2.4884210171764747,,,,,,,,,,,2.233645033690209,2.4884210171764747,2.377104868623224,,#000000,0.2574369160896836,2.4308133064709057,-0.3916039237969473,35.089625451352376,-11.034923533482655,False,True,False,True,False,0.0,0.0,0.0,0.0,0.0,0,0.9383562592638769,1.0311681835182644,False,False,False,False,-0.3061051102953893,-0.2794550939020459,False,False,False,False,15749614,22268966.48713516,False,False,False,False,2167199.265212563,False,False,False,False
2024-06-21 00:00:00+00:00,2.33,2.37,2.31,2.32,896903,,,,,,,,,,,,,,,,2.7083931856446566,2.756041892457301,2.6720664311223508,2.57214799117972,2.459256463519316,2.4040950244346444,2.3779695542437267,2.315165311487112,2.2857728430034974,2.2675086281263916,2.247564393498868,2.2240515146664466,2.2165637332284382,2.208087684080607,2.1946975407057003,2.233757804100969,2.2754294630015575,2.3090643252632614,2.36591194232489,2.432858573868409,2.4883035193741954,,,,,,,,,,,2.233757804100969,2.4883035193741954,2.376320214997894,,#000000,0.25034210826621284,2.4297686400019636,-0.3985291994739851,34.777880838007334,-11.467796616647853,False,True,False,True,False,0.0,0.0,0.0,0.0,0.0,0,0.9346937629032485,1.0356164768338414,False,False,False,False,-0.277296777791823,-0.27837593584693443,False,False,False,False,15749614,22013305.605286725,False,False,False,False,2117383.7254003054,False,False,False,False
2024-06-24 00:00:00+00:00,2.31,2.39,2.27,2.29,1084265,,,,,,,,,,,,,,,,2.6978048240933723,2.7506874536291077,2.6695764517804035,2.5710053931398087,2.458781880880846,2.4038506188386877,2.3778151549589874,2.3151843211450798,2.2858478682867793,2.267615989550071,2.2477005823850633,2.2242201470891483,2.2167415702319118,2.2082749218179787,2.194882448626072,2.233876182308071,2.2754894527487957,2.309081378280492,2.365864766556496,2.432749460644676,2.4881492507140432,,,,,,,,,,,2.233876182308071,2.4881492507140432,2.375352543349593,,#000000,0.24286206369456523,2.4284781242165856,-0.4878412149440895,34.115575942491674,-12.263313167838568,False,True,False,True,False,0.0,0.0,0.0,0.0,0.0,0,0.9427586109422923,1.0197871468347632,False,False,False,False,-0.28684760584346436,-0.2826117708451994,False,False,False,False,14665349,21725150.44429509,False,False,False,False,2076869.2655806856,False,False,False,False
2024-06-25 00:00:00+00:00,2.27,2.32,2.27,2.3,868037,,,,,,,,,,,,,,,,2.6889488942567383,2.7461357127289743,2.6674001134791734,2.5699638851112585,2.4583021162041825,2.4035673976336724,2.3776094070326903,2.315131285776993,2.285849175547561,2.2676452760105694,2.247756573037945,2.224304946383954,2.2168346878081477,2.2083767522209174,2.1949879516731956,2.2339319755478044,2.2755006473236112,2.3090599529229827,2.36579457901676,2.4326330430032317,2.4879985249327174,,,,,,,,,,,2.2339319755478044,2.4879985249327174,2.3744867186360175,,"rgba(239, 83, 80, 0.5)",0.23593020803420692,2.4273289283584996,-0.6668452067642344,32.79160519363525,-13.67004752877768,False,True,False,True,False,0.0,0.0,0.0,0.0,0.0,0,0.9405895237140853,1.027915765965671,False,False,False,False,-0.3206934213179788,-0.3016525960815891,False,False,False,False,13797312,21414254.819028616,False,False,False,False,2029464.0786951687,False,False,False,False
2024-06-26 00:00:00+00:00,2.32,2.33,2.25,2.26,660251,,,,,,,,,,,,,,,,2.682679118942449,2.742831640214465,2.6658186230008774,2.5692138271923635,2.4579671918445207,2.4033773537633185,2.3774763842063806,2.315109911838991,2.2858663392410867,2.2676830643210257,2.247813610061158,2.2243830505115842,2.2169188412657577,2.208467191012708,2.195079685055491,2.233985044327327,2.275519296890812,2.309053370647524,2.3657502576089886,2.4325526942541478,2.4878916124892045,,,,,,,,,,,2.233985044327327,2.4878916124892045,2.373877324810049,,#000000,0.22866340974225866,2.4265142203008283,-0.46581226275287135,34.23554683549855,-13.67004752877768,False,True,False,True,True,0.0,0.0,0.0,0.0,0.0,0,0.95127485346094,1.0196355068142482,False,False,False,False,-0.3255853939387769,-0.313618995010183,False,False,False,False,14457563,21141443.37514514,False,False,False,False,1975769.4481581033,False,False,False,False
2024-06-27 00:00:00+00:00,2.34,2.41,2.29,2.3,2250300,,,,,,,,,,,,,,,,2.6651799150933315,2.73307806446086,2.6612040563177874,2.5671262170368268,2.4571703573051806,2.4030248859874312,2.377297446768028,2.3152611100176537,2.2861166471934395,2.267996221761059,2.2481800760294295,2.224811580774891,2.217364770544854,2.208930561341206,2.195529662183754,2.2342926858112664,2.275703407601031,2.3091462777244076,2.3657065437721156,2.4323757300254067,2.487618415671903,,,,,,,,,,,2.2342926858112664,2.487618415671903,2.3722748108874976,,#000000,0.2204718118486374,2.4243185120084427,-0.38244577073794295,36.080787398761515,-13.67004752877768,False,True,False,True,True,0.0,0.0,0.0,0.0,0.0,0,0.9622140135200247,0.9963498853864012,False,False,False,False,-0.2677950288367496,-0.29070701192346626,False,False,False,False,16707863,20967577.478080627,False,False,False,False,1986535.352151903,False,False,False,False
2024-06-28 00:00:00+00:00,2.33,2.37,2.26,2.37,1507819,,,,,,,,,,,,,,,,2.6535407815404852,2.7263742382695164,2.6579301283502854,2.5655826206114836,2.456515477465808,2.4026805624411556,2.377075335412436,2.315276275198843,2.2862098582721817,2.2681340116171276,2.2483580349768735,2.2250345718833695,2.2176005859449766,2.2091795333888955,2.1957767436870874,2.2344491895532284,2.275780081391578,2.3091642117054767,2.365636498321507,2.432220796604512,2.487401429442915,,,,,,,,,,,2.2344491895532284,2.487401429442915,2.371125976831842,,#000000,0.21162392276083972,2.4227475755000656,-0.4382660253627438,37.010845453142494,-16.525370098794347,False,True,False,True,True,0.0,0.0,0.0,0.0,0.0,0,0.9592007762879324,1.0022053634438957,False,False,False,False,-0.30127056368307453,-0.2959887878032704,False,False,False,False,15200044,20741399.694626488,False,False,False,False,1967762.1618714363,False,False,False,False
2024-07-01 00:00:00+00:00,2.3,2.3395,2.28,2.33,543045,,,,,,,,,,,,,,,,2.6493768848125274,2.723934375330349,2.6567198582335827,2.565001101558019,2.4562579770565454,2.4025371178554247,2.3769769412919413,2.3152661717984855,2.2862299410034463,2.2681705880301846,2.2484098748353705,2.2251032466389273,2.2176740884240336,2.2092580382110176,2.195855846048209,2.2344965424769723,2.2757992201002417,2.309162627195516,2.3656038768064227,2.432158401470402,2.4873171276881285,,,,,,,,,,,2.2344965424769723,2.4873171276881285,2.3706996359588812,,"rgba(239, 83, 80, 0.5)",0.20458377873752287,2.4221650059796476,-0.5971392587111374,36.73024488858921,-16.525370098794347,False,True,False,True,True,0.0,0.0,0.0,0.0,0.0,0,0.9564967335683002,1.0008110778487267,False,False,False,False,-0.3063472005972472,-0.3011679942002588,False,False,False,False,14656999,20502795.745817605,False,False,False,False,1911890.9006215762,False,False,False,False
2024-07-02 00:00:00+00:00,2.27,2.33,2.24,2.31,840867,,,,,,,,,,,,,,,,2.6426395810178587,2.7199755509645738,2.6547216369565394,2.564014011170595,2.455790748520084,2.4022547896806112,2.3767680407172964,2.3152034189183897,2.2862204075987598,2.2681880249083965,2.2484534278045265,2.2251748107707314,2.217753779110433,2.2093462890043964,2.1959488252630424,2.2345428020989533,2.2758032686104017,2.309135795716393,2.365530819669845,2.4320415598948775,2.487167639106059,,,,,,,,,,,2.2345428020989533,2.487167639106059,2.3699753794198353,,"rgba(239, 83, 80, 0.5)",0.1962539263393342,2.4211819444208453,-0.7703384448953299,35.68681653639818,-16.525370098794347,False,True,False,True,True,0.0,0.0,0.0,0.0,0.0,0,0.9563680466196331,1.0007395246335657,False,False,False,False,-0.3304924683258478,-0.3158302312630533,False,False,False,False,13816132,20240573.638138484,False,False,False,False,1869889.9633422988,False,False,False,False
2024-07-03 00:00:00+00:00,2.32,2.37,2.26,2.27,897084,,,,,,,,,,,,,,,,2.6364175247098065,2.7161747178831592,2.6528193873730554,2.563103423698129,2.455398408851647,2.402044924856448,2.376630235890332,2.3152061914425537,2.2862700320138107,2.2682641415115503,2.2485536127752614,2.2253018779538722,2.2178885219189532,2.209488932473581,2.19609096892907,2.234631775888545,2.2758452405733656,2.309143180587032,2.365486369835218,2.4319471183812404,2.4870365786905486,,,,,,,,,,,2.234631775888545,2.4870365786905486,2.369335329377331,,"rgba(239, 83, 80, 0.5)",0.19096549379356745,2.4202971632004777,-0.5252109227067928,37.54135054504881,-15.878547419068063,False,True,False,True,True,0.0,0.0,0.0,0.0,0.0,0,0.9842486611361967,0.9834985973807775,False,False,False,False,-0.3128870022666876,-0.3143586167648704,False,False,False,False,14713216,20023814.51507423,False,False,False,False,1831740.709877895,False,False,False,False
2024-07-05 00:00:00+00:00,2.23,2.31,2.2101,2.31,1173667,,,,,,,,,,,,,,,,2.627003587717317,2.7104973312471285,2.6498757734792213,2.5616027680465745,2.4546434924079374,2.4015588270735915,2.37625160674,2.3150450301434033,2.286192924490058,2.268226768727533,2.248556450639981,2.2253467343120557,2.2179457095431987,2.2095593138603027,2.1961739404951,2.2346535757625237,2.275810600925733,2.3090674428218896,2.3653491299454275,2.4317525088227585,2.486798470564221,,,,,,,,,,,2.2346535757625237,2.486798470564221,2.368255675860087,,"rgba(239, 83, 80, 0.5)",0.19096549379356745,2.4197451113950654,-0.993609408829528,36.22355459077305,-15.878547419068063,False,True,False,True,True,0.0,0.0,0.0,0.0,0.0,0,0.9508174386920983,1.009839539812292,False,False,False,False,-0.34282825441539394,-0.3285934355901322,False,False,False,False,13539549,19769529.592914455,False,False,False,False,1805933.8977258208,False,False,False,False
2024-07-08 00:00:00+00:00,2.25,2.2699,2.22,2.24,664132,,,,,,,,,,,,,,,,2.621830838864488,2.707322299059631,2.6482150784174383,2.5607507652495927,2.45421171101574,2.401278997124141,2.3760326126789195,2.3149494370326664,2.2861453486105665,2.268201749304342,2.248554365879256,2.2253685588285648,2.2179745603709202,2.2095956952872027,2.1962178211403494,2.2346631631257554,2.2757884609149124,2.309022208371667,2.3652693302933394,2.431640514332968,2.486662014583087,,,,,,,,,,,2.2346631631257554,2.486662014583087,2.3676516757951225,,"rgba(239, 83, 80, 0.5)",0.19177219969687423,2.4188634368293704,-0.8805417943595858,36.30654783350999,-15.878547419068063,False,True,False,True,True,0.0,0.0,0.0,0.0,0.0,0,0.9365045364831165,1.0237304732324548,False,False,False,False,-0.34282825441539394,-0.33571084500276305,False,False,False,False,14203681,19551261.0206433,False,False,False,False,1761157.352716965,False,False,False,False
2024-07-09 00:00:00+00:00,2.24,2.29,2.2247,2.25,706883,,,,,,,,,,,,,,,,2.6165478649097595,2.7040259733160483,2.6464839752159404,2.5598631305246795,2.4537649759665663,2.400991728707385,2.3758091888473896,2.314855309830925,2.286101142629634,2.2681812594729687,2.24855783757048,2.2253971168249955,2.2180104798008657,2.2096394876953607,2.1962690047469184,2.2346775494959545,2.2757689138284913,2.308977935502216,2.365188038697927,2.4315246340736376,2.4865199266431106,,,,,,,,,,,2.2346775494959545,2.4865199266431106,2.3670317773829073,,"rgba(239, 83, 80, 0.5)",0.19391258363007624,2.4180564819322856,-0.9182306717750754,36.07822257698717,-15.878547419068063,False,True,False,True,True,0.0,0.0,0.0,0.0,0.0,1,0.9383318954892779,1.0177162928272123,False,False,False,False,-0.3310241074152029,-0.333367476208983,False,False,False,False,13496798,19313831.098265134,False,False,False,False,1719813.2604535546,False,False,False,False
2024-07-10 00:00:00+00:00,2.31,2.31,2.23,2.24,917128,,,,,,,,,,,,,,,,2.6104915694754,2.7001149621075347,2.6444392532453116,2.558836942736444,2.453278897605004,2.4006995451229356,2.375594317034929,2.31479469152252,2.286096559401978,2.2682054349157235,2.2486097593526555,2.2254789400453863,2.2181009775292715,2.2097391144361023,2.1963733383580295,2.234731217086531,2.2757768257006834,2.3089523231088758,2.365112181217882,2.4314010104433685,2.4863607240156913,,,,,,,,,,,2.234731217086531,2.4863607240156913,2.366341393022328,,"rgba(239, 83, 80, 0.5)",0.1950421529860729,2.4175460064718335,-0.551398786494696,39.19413950798983,-14.143590530185243,False,True,False,True,True,0.0,0.0,0.0,0.0,0.0,1,0.9260262879212608,1.0342615087522582,False,False,False,False,-0.3190729926241094,-0.3262202344165462,False,False,False,False,14413926,19121677.9571567,False,False,False,False,1688335.407102435,False,False,False,False
2024-07-11 00:00:00+00:00,2.38,2.39,2.29,2.3,1011440,,,,,,,,,,,,,,,,2.6054382745040194,2.696595628628838,2.642642782135225,2.557999334799043,2.452965521484898,2.4005701779929414,2.3755374194066263,2.314876251457547,2.2862191225552704,2.2683549623672836,2.2487819130561175,2.225677767505696,2.2183072780302076,2.209952883479245,2.196580500100529,2.234875313199751,2.27586618328271,2.3090011527421543,2.3651001551372675,2.431329254010045,2.486245873932583,,,,,,,,,,,2.234875313199751,2.486245873932583,2.365833593793771,,#000000,0.19593462781851392,2.4178721979234927,-0.19328996790997185,43.88161181479448,-9.812112495370322,False,False,False,True,True,0.0,0.0,0.0,0.0,0.0,1,0.9339747217506132,1.0251524869521476,False,False,False,False,-0.2544097841548718,-0.29031500928570897,False,False,False,False,15425366,18976724.547072124,False,False,False,False,1661790.4891768491,False,False,False,False
2024-07-12 00:00:00+00:00,2.41,2.435,2.39,2.41,635253,,,,,,,,,,,,,,,,2.603075927145185,2.694790998792177,2.6417509916542823,2.5576256900540075,2.452884352040248,2.400589180159497,2.3755953247592854,2.315004733532619,2.286362580594754,2.2685128901103946,2.2489499136371798,2.225859248169349,2.2184923649038706,2.210141310921924,2.1967586476283465,2.2350101151502946,2.2759643822503954,2.309072048044693,2.365129996812484,2.4313179094878676,2.4862054555274335,,,,,,,,,,,2.2350101151502946,2.4862054555274335,2.3656444302924426,,#000000,0.19648047377940067,2.4183817424365124,-0.042659416863595714,47.993775565069484,-6.187243848995415,False,False,False,False,True,0.09859761435586023,0.0,0.0,0.0,0.0,1,0.9476899193412307,1.0700280112044822,False,False,False,False,-0.18955979408806692,-0.23993740168688793,False,False,False,False,16060619,18862367.466794785,False,False,False,False,1621534.1170522668,False,False,False,False
2024-07-15 00:00:00+00:00,2.38,2.425,2.3101,2.4,1253626,,,,,,,,,,,,,,,,2.5976400687320353,2.69080255854572,2.639708941946749,2.556693519524961,2.4525706863905437,2.400491881053093,2.375583043206288,2.3151528632093457,2.2865547324175286,2.26873680349321,2.249199252717141,2.2261395384412914,2.21878122823999,2.2104385872345866,2.1970441250629498,2.2352154864718936,2.276100803214972,2.309157277737151,2.365138295080494,2.4312501064189247,2.486083122246572,,,,,,,,,,,2.2352154864718936,2.486083122246572,2.365119989956943,,#000000,0.19713744233699576,2.418328079140477,-0.19442313284635918,49.514300771192374,-5.015689026256027,True,False,False,False,True,0.0,0.0,0.0,0.0,0.0,1,0.9080210376490602,1.0668275155786222,False,False,False,False,-0.22954758535101788,-0.2347424935189529,False,False,False,False,14806993,18703333.1739793,False,False,False,False,1607106.3477560997,False,False,False,False
2024-07-16 00:00:00+00:00,2.42,2.46,2.37,2.4,1068175,,,,,,,,,,,,,,,,2.5940884100322594,2.6879490820912273,2.6382810579995373,2.55609787059995,2.4524528756883046,2.400538166242261,2.375693117932491,2.315378354113882,2.286803884272647,2.269009816049975,2.249488601898831,2.2264510324935496,2.219098625465725,2.210761415702909,2.1973490740496606,2.235447483278993,2.2762712680744146,2.3092817980549194,2.3651936907191224,2.431235987990757,2.4860199887080023,,,,,,,,,,,2.235447483278993,2.4860199887080023,2.364843580637571,,#000000,0.19681472515042459,2.4186168621155484,0.007027613830186844,51.9073953477966,-2.9385264917893537,True,False,True,False,True,0.38122426796379116,0.0,0.0,0.0,0.0,1,0.9213738139061133,1.0580761601829847,False,False,False,False,-0.18735438929659123,-0.21104844140777207,False,False,False,False,15875168,18592424.735784035,False,False,False,False,1585971.7850989976,False,False,False,False
2024-07-17 00:00:00+00:00,2.45,2.53,2.4,2.4,1109578,,,,,,,,,,,,,,,,2.5914094967560724,2.685510759910413,2.6371033222435907,2.5556751110400455,2.45247851231312,2.4007143915263747,2.375927104166882,2.315711283191703,2.287147709357697,2.269375260573091,2.249865743317599,2.2268469907380735,2.219499327006937,2.211166037348385,2.1977273586826453,2.2357453206244133,2.2765024217294245,2.309462912364442,2.365299444793546,2.4312648851227943,2.4859954297392672,,,,,,,,,,,2.2357453206244133,2.4859954297392672,2.3647216696403626,,#000000,0.19692748013528624,2.4192002895696247,0.15640128238687914,54.4718161583981,-0.6725957269005605,True,False,True,False,True,1.191442656528281,0.0,0.0,0.0,0.0,0,0.9250120516345589,1.0241389776643042,False,False,False,False,-0.1435935452990111,-0.17732099335339158,False,False,False,False,16984746,18529378.51085133,False,False,False,False,1567289.675879429,False,False,False,False
2024-07-18 00:00:00+00:00,2.35,2.48,2.34,2.45,943547,,,,,,,,,,,,,,,,2.588044871391178,2.6828469717762036,2.6357229567601084,2.555057633751467,2.45229855767807,2.4006874569592234,2.375960239601956,2.3158564267084634,2.287321044473283,2.269571211097593,2.2500789091028133,2.227081871016588,2.2197401509593315,2.2114125790576065,2.197962555468331,2.2359191069949635,2.276623719158121,2.309545126239517,2.3653228525895846,2.431229662575384,2.4859184439001316,,,,,,,,,,,2.2359191069949635,2.4859184439001316,2.3644141951679893,,#000000,0.1977668114515497,2.4189381845522098,-0.3485831826190849,52.2573349654612,-0.6725957269005605,True,False,True,False,True,0.0,0.0,0.0,0.0,0.0,1,0.9141462018637428,1.0375610366846124,False,False,False,False,-0.19176702258161663,-0.1845440079675041,False,False,False,False,16041199,18431802.843759123,False,False,False,False,1542829.1787861183,False,False,False,False
2024-07-19 00:00:00+00:00,2.38,2.41,2.33,2.34,551217,,,,,,,,,,,,,,,,2.5859697028079127,2.681225593989793,2.6348694514155775,2.5546628209576157,2.4521659107648057,2.4006473437854843,2.3759566311919866,2.315921955448855,2.287405643387184,2.269669588647005,2.2501883422780407,2.2272047692517645,2.2198667838077824,2.211542881439828,2.198087788801553,2.2360094890857276,2.27668406156803,2.309583144280986,2.365327284909374,2.4312008067362876,2.485865721291477,,,,,,,,,,,2.2360094890857276,2.485865721291477,2.3642094997277794,,#000000,0.19810844241211942,2.418688474913103,-0.19528938010940783,51.84518957791821,-0.6725957269005605,True,False,True,False,False,0.0,0.0,0.0,0.0,0.0,0,0.919512064247259,1.030406553506591,False,False,False,False,-0.2273504777690783,-0.2059472428682912,False,False,False,False,16592416,18359670.026356805,False,False,False,False,1503942.4266768587,False,False,False,False
2024-07-22 00:00:00+00:00,2.49,2.49,2.36,2.39,1260137,,,,,,,,,,,,,,,,2.5829583440529023,2.6784498367144884,2.6334802564050923,2.5541290806956005,2.4521448732304134,2.400801104751244,2.376177984414641,2.3162618367488585,2.2877629437977673,2.270052394096451,2.2505863354995364,2.2276255600310066,2.2202934562830876,2.2119746423580904,2.1984929367833788,2.2363257675146277,2.2769261832014984,2.3097696698724053,2.3654300438284332,2.4312184085473887,2.4858238012218195,,,,,,,,,,,2.2363257675146277,2.4858238012218195,2.3640430829413455,,#000000,0.1939176011506874,2.4188718842050148,0.36679556354306375,54.80229087791922,-0.6725957269005605,True,False,True,False,False,2.2392638265541898,0.0,0.0,0.0,0.0,0,0.9395114661353164,1.0088953726271592,False,False,False,False,-0.17855053504444832,-0.19224888895636977,False,False,False,False,17852553,18339783.084146734,False,False,False,False,1494381.429552276,False,False,False,False
2024-07-23 00:00:00+00:00,2.49,2.54,2.4,2.41,1165877,,,,,,,,,,,,,,,2.4766666666666666,2.580874161092808,2.6762644902852424,2.6324166032821994,2.55377649363225,2.452231358994093,2.401034905049728,2.3764681867469233,2.3166467051657653,2.2881542340082213,2.270465003526959,2.2510092432321267,2.2280665648735543,2.2207389116132656,2.2124235793271394,2.198911774848351,2.236659157931401,2.277189063613511,2.309979510839029,2.3655599094217123,2.431266214110328,2.4858147499109378,,,,,,,,,,,2.236659157931401,2.4858147499109378,2.3662768262075473,,#000000,0.19218497096043718,2.4312439787856195,0.3057264099307543,56.77369174458656,1.08529731522502,True,False,True,False,True,2.2392638265541898,0.0,0.0,0.0,0.0,0,0.9373952751845919,1.0533981476366716,False,False,False,False,-0.1392500240743155,-0.16574945651534262,False,False,False,False,17852553,18320676.022023335,False,False,False,False,1481498.902903167,False,False,False,False
2024-07-24 00:00:00+00:00,2.37,2.5,2.35,2.5,815009,,,,,,,,,,,,,,,2.447866104695912,2.578518566291863,2.674238740476314,2.6313512362814446,2.5533098911787775,2.4521192962949234,2.401047011580583,2.376529028627549,2.316797440651094,2.288325591716493,2.2706548773326936,2.2512125233093636,2.2282873787777335,2.220964469610575,2.2126536096787914,2.1991302158131263,2.2368238536367158,2.2773080773446392,2.310064416894855,2.3655934302625092,2.4312481390915512,2.4857600984249335,,,,,,,,,,,2.2368238536367158,2.4857600984249335,2.3646397880227976,,#000000,0.19209776039701906,2.429559699144987,-0.31004889917452244,53.89515090629308,1.08529731522502,True,False,True,False,True,0.0,0.0,0.0,0.0,0.0,0,0.9094420521539857,1.064684248461439,False,False,False,False,-0.17855053504444832,-0.17214999577989548,False,False,False,False,17037544,18270357.119198892,False,False,False,False,1455362.0439657879,False,False,False,False
2024-07-25 00:00:00+00:00,2.42,2.47,2.36,2.38,890264,,,,,,,,,,,,,,,2.4381920241018404,2.576162756618163,2.6721418557261494,2.6302502147609768,2.552838102237567,2.4520243075117922,2.40108360345774,2.3766171682195734,2.316979776111395,2.2885279758316965,2.270876884062817,2.2514482126498248,2.228541445710645,2.2212234643730184,2.2129171775730856,2.1993797745409447,2.237013963362353,2.277447861108582,2.310166575808838,2.365638883497052,2.4312364451479267,2.4857080236622524,,,,,,,,,,,2.237013963362353,2.4857080236622524,2.3639736013632024,,#000000,0.19125022522509516,2.428866538522916,-0.046360931143899234,53.47523407529336,1.08529731522502,True,False,True,False,False,0.3196739860682527,0.0,0.0,0.0,0.0,0,0.9080830628974471,1.0815997298767563,False,False,False,False,-0.18735438929659123,-0.17975219253824337,False,False,False,False,17927808,18256923.82040678,False,False,False,False,1433201.3363592864,False,False,False,False
2024-07-26 00:00:00+00:00,2.42,2.45,2.4037,2.43,401801,,,,,,,,,,,,,,,2.436519318875636,2.5751733861341206,2.671235534131859,2.6297752267462906,2.5526385274959003,2.45199114446387,2.4011084062887074,2.3766646432534992,2.31706835562594,2.2886247270435374,2.27098227845183,2.2515594418296385,2.2286606947448413,2.2213448473589446,2.213040513844576,2.199496308158483,2.237103400857598,2.277514432374848,2.3102160342779103,2.365662543201431,2.4312340318771115,2.485687232914662,,,,,,,,,,,2.237103400857598,2.485687232914662,2.363818988257973,,#000000,0.19069356579611435,2.4287078188115756,-0.04566393614394885,53.195289521293546,1.08529731522502,True,False,True,False,False,0.3196739860682527,0.0,0.0,0.0,0.0,0,0.8896507764814958,1.1187900795796957,False,False,False,False,-0.1751429324025141,-0.17744756247037874,False,False,False,False,17927808,18244017.317645732,False,False,False,False,1392754.2643451968,False,False,False,False
2024-07-29 00:00:00+00:00,2.39,2.485,2.3801,2.43,708307,,,,,,,,,,,,,,,2.4332897741869526,2.5733898653925347,2.6696141443214696,2.628918086690075,2.5522712607403935,2.4519197057541815,2.401140479775935,2.376737302604115,2.3172151660153917,2.2887871849037893,2.27116023329216,2.251748158008004,2.228863915919452,2.22155195505464,2.2132512225472465,2.1996957928540204,2.2372556488909705,2.277626697948098,2.310298395545871,2.3656998198662476,2.4312258299126936,2.485646902465581,,,,,,,,,,,2.2372556488909705,2.485646902465581,2.3635217405155777,,#000000,0.19085563621196733,2.4283781914503715,-0.201084925821881,51.96949637158514,1.08529731522502,True,False,False,False,False,0.0,0.0,0.0,0.0,0.0,1,0.8905677921776022,1.0910482168109878,False,False,False,False,-0.17008720224588453,-0.17376738235813163,False,False,False,False,17219501,18203840.207149822,False,False,False,False,1365913.1951551891,False,False,False,False
2024-07-30 00:00:00+00:00,2.43,2.5005,2.39,2.4,1124285,,,,,,,,,,,,,,,2.434804125757698,2.571027334424444,2.6673024388746627,2.627711139204286,2.5517866495428603,2.4518802035811813,2.4012552636655733,2.3769122390091146,2.3174973584620897,2.2890874604181333,2.271483517808234,2.25208590658655,2.229222598391916,2.221916114974177,2.2136202428805367,2.20004317873139,2.237525810593901,2.2778320735348916,2.310455188755717,2.3657833268909645,2.4312348668676154,2.485603695863971,,,,,,,,,,,2.237525810593901,2.485603695863971,2.363461608604416,,#000000,0.19103624485120035,2.4283425968202463,0.008675857196862246,52.497225650588376,1.08529731522502,True,False,True,False,False,0.6017973154112717,0.0,0.0,0.0,0.0,1,0.8907586481906091,1.1165387299371947,False,False,False,False,-0.1573526714930976,-0.1655600269256146,False,False,False,False,18343786,18209328.27745767,False,False,False,False,1356437.5796589074,False,False,False,False
2024-07-31 00:00:00+00:00,2.45,2.5,2.395,2.43,801796,,,,,,,,,,,,,,,2.4366404287897927,2.5694950111414925,2.6657403339489387,2.6268968506177033,2.5514686949528054,2.4518717222535247,2.4013538055659365,2.3770524397937596,2.3177111625069795,2.2893124148904294,2.2717244427146395,2.2523364636047893,2.2294875281234936,2.2221847694393686,2.2138921418928565,2.2002987131760805,2.237725787365313,2.277985575004329,2.3105738020362163,2.365849292479784,2.4312471830366755,2.485578461965683,,,,,,,,,,,2.237725787365313,2.485578461965683,2.3634800690149116,,#000000,0.19115108877204876,2.428386461718679,0.11307044296826227,53.50097469551589,1.08529731522502,True,False,True,False,False,1.1519794031296584,0.0,0.0,0.0,0.0,1,0.8875370616501382,1.1155301093957675,False,False,False,False,-0.09370816279210209,-0.12963409485885835,False,False,False,False,19145582,18246044.109714232,False,False,False,False,1334686.9294762053,False,False,False,False
2024-08-01 00:00:00+00:00,2.35,2.48,2.32,2.46,911175,,,,,,,,,,,,,,,2.429516868919924,2.5668898488323495,2.663469245467719,2.6256468071528998,2.550883496126241,2.451685979541306,2.401311041938916,2.3770664200631004,2.3178328011261407,2.2894631075918372,2.271896963709206,2.2525262529221677,2.229698631061292,2.2224017714455964,2.214114911464028,2.200512535703976,2.2378825878170225,2.2780932473190405,2.310644864672784,2.365865155498865,2.43120799422436,2.4854998538756616,,,,,,,,,,,2.2378825878170225,2.4854998538756616,2.362870126918721,,#000000,0.19185645910654614,2.4275882544252316,-0.404407830659188,50.69081523073351,5.702434391026301,True,False,False,False,False,0.0,0.0,0.0,0.0,0.0,1,0.9065618198989858,1.0749394325134478,False,False,False,False,-0.14496393335356728,-0.1372990141062128,False,False,False,False,18234407,18245587.752470538,False,False,False,False,1318078.6185163541,False,False,False,False
2024-08-02 00:00:00+00:00,2.29,2.34,2.255,2.3,1064285,,,,,,,,,,,,,,,2.411355263399037,2.562517123151788,2.6600403392939524,2.6236764831227273,2.549847445886578,2.4511915645708777,2.401017181741255,2.3768536119894064,2.317783472734485,2.2894734537160097,2.271938601238669,2.252598008100862,2.2298031251066854,2.2225157798653092,2.2142389324184917,2.2006412890020934,2.2379543411655356,2.2781134066883366,2.3106270374282354,2.365790136212622,2.431077993707571,2.485328936747968,,,,,,,,,,,2.2379543411655356,2.485328936747968,2.3613988298416473,,"rgba(239, 83, 80, 0.5)",0.193324355181408,2.4255942768587704,-0.7013822791832617,47.15869070587143,2.285783991597789,False,False,False,True,False,0.0,0.0,0.0,0.0,0.0,1,0.8851423414554104,1.0892197883337433,False,False,False,False,-0.27294961493675746,-0.20512431452148513,False,False,False,False,17170122,18203412.624922674,False,False,False,False,1308125.9275941444,False,False,False,False
2024-08-05 00:00:00+00:00,2.19,2.24,2.1,2.11,1272477,,,,,,,,,,,,,,,2.378736275014174,2.555237672787844,2.6547214127738075,2.6205142117045312,2.5480495999134463,2.450159754340381,2.400278174757944,2.3762348751559492,2.317419902642705,2.289221993285651,2.271733750250287,2.2524449453867903,2.2297016583538407,2.222429854937535,2.2141701795925295,2.2006022929211424,2.2378624260412683,2.277968986425342,2.31044477822299,2.36555106445788,2.430788008649222,2.484998185979602,,,,,,,,,,,2.2378624260412683,2.484998185979602,2.3586741904483017,,"rgba(239, 83, 80, 1.0)",0.1964649752156535,2.418710387282732,-1.1641280438494637,42.55413959028112,-1.9972834240790789,False,False,False,True,False,0.0,0.0,0.0,0.0,0.0,1,0.8525754172015403,1.0952743902439024,True,False,False,False,-0.34282825441539394,-0.2739762844684395,False,False,False,False,15897645,18112990.365121786,False,False,False,False,1306727.9304335897,False,False,False,False
2024-08-06 00:00:00+00:00,2.25,2.28,2.185,2.19,1437577,,,,,,,,,,,,,,,2.3596819145229335,2.5486241975128756,2.649608659584037,2.6174839853982084,2.5463730322737743,2.4492641025426454,2.399677752760958,2.375755023852209,2.3171903770709776,2.289094159901983,2.271652812252793,2.252412881347997,2.229720239457765,2.2224634552256473,2.2142200291225422,2.200671500207067,2.2378632225585733,2.2779053421555955,2.310334107824441,2.36536964165099,2.430540500256534,2.4846999360668387,,,,,,,,,,,2.2378632225585733,2.4846999360668387,2.3567683218612006,,"rgba(239, 83, 80, 0.5)",0.19831978907496745,2.417608043043006,-0.8451402849145226,41.706122303975086,-2.70272939452083,False,True,False,True,False,0.0,0.0,0.0,0.0,0.0,1,0.8955046510674918,1.0850305290333158,False,False,False,False,-0.2527479330779997,-0.26336210877321964,False,False,False,False,17335222,18082489.64492093,False,False,False,False,1311859.2664950178,False,False,False,False
2024-08-07 00:00:00+00:00,2.22,2.29,2.2108,2.26,1062688,,,,,,,,,,,,,,,2.3487942902664636,2.5439394936661905,2.645926578960865,2.615285951570499,2.545153004581527,2.4486128950674533,2.399242046292534,2.375407408844924,2.317025700240346,2.2890036582205715,2.2715966898902633,2.252392514287016,2.2297369952864603,2.2224912169307345,2.2142596908809637,2.2007251146021005,2.2378662239718783,2.277860718300836,2.310254706861457,2.365237898227026,2.4303597817984945,2.484481653010548,,,,,,,,,,,2.2378662239718783,2.484481653010548,2.3555406398475056,,"rgba(239, 83, 80, 0.5)",0.20037649248037945,2.4162444774081444,-0.9793787433790926,40.44554354697655,-3.914561738572175,False,True,False,True,False,0.0,0.0,0.0,0.0,0.0,0,0.8966760932825114,1.0625025615803925,False,False,False,False,-0.2242759007051529,-0.24381900473918627,False,False,False,False,16272534,18011510.99217893,False,False,False,False,1302087.844279527,False,False,False,False
2024-08-08 00:00:00+00:00,2.32,2.35,2.12,2.2,1428996,,,,,,,,,,,,,,,2.3394608789570976,2.538321682813081,2.6413541398074587,2.612549659049709,2.543650649843357,2.4478398312951106,2.398744361056344,2.375022080288122,2.316871579299685,2.2889398366139027,2.271576868382572,2.2524171284077976,2.2298086180192045,2.2225766786357792,2.2143599688377185,2.2008389050410906,2.237908918083975,2.2778375947988154,2.3101833157438194,2.3650937976812707,2.430146732742904,2.4842164079014086,,,,,,,,,,,2.237908918083975,2.4842164079014086,2.354267824632795,,#000000,0.200796880920467,2.4149546861175892,-0.4728892484898692,42.92555976345682,-3.914561738572175,False,False,False,True,False,0.0,0.0,0.0,0.0,0.0,1,0.8839239652367156,1.0446446287551092,False,False,False,False,-0.23564633105810792,-0.2397326678986471,False,False,False,False,17701530,17999354.87483858,False,False,False,False,1307064.6346999377,False,False,False,False
2024-08-09 00:00:00+00:00,2.2,2.295,2.16,2.29,1517468,,,,,,,,,,,,,,,2.326873075131349,2.5316604228227315,2.6360528212529153,2.609321680312719,2.5418194096678093,2.446827433185494,2.3980455278489305,2.374452087139892,2.316572131813017,2.2887539172955473,2.271441589265336,2.252335895002807,2.229782698384538,2.222567270658331,2.2143685720918063,2.200872604685367,2.237874130910166,2.2777371865696874,2.3100351526818224,2.36487374942299,2.4298602170154258,2.4838781949989897,,,,,,,,,,,2.237874130910166,2.4838781949989897,2.3526133678071623,,"rgba(239, 83, 80, 1.0)",0.20366435910873545,2.412354160697826,-1.0426672670030142,41.78886217040386,-3.914561738572175,False,True,False,True,False,0.0,0.0,0.0,0.0,0.0,0,0.9053217089431537,1.0483253777269321,False,False,False,False,-0.2383366956494583,-0.2390346817740527,False,False,False,False,16184062,17928166.91896256,False,False,False,False,1315315.747064646,False,False,False,False
2024-08-12 00:00:00+00:00,2.16,2.2,2.16,2.2,815167,,,,,,,,,,,,,,,2.3187548203241604,2.527697649329735,2.6329585876059713,2.6074123025814373,2.540708509627568,2.4461808812100316,2.397578909957511,2.3740598365592698,2.316338681117605,2.288590884021879,2.2713078668749658,2.2522348768878855,2.229714287551694,2.222508702364864,2.214320897881843,2.2008441367556992,2.2378125776032216,2.2776426344384793,2.309916797837001,2.3647195983068268,2.4296739484770717,2.4836661372177566,,,,,,,,,,,2.2378125776032216,2.4836661372177566,2.3515651719418824,,"rgba(239, 83, 80, 1.0)",0.2072424701682601,2.41050962055281,-1.2087755002602554,40.23771249320255,-4.078325733163972,False,True,False,True,False,0.0,0.0,0.0,0.0,0.0,0,0.9153191660954069,1.0645187305939756,False,False,False,False,-0.3235852343284369,-0.2813099580512448,False,False,False,False,15368895,17827803.314297363,False,False,False,False,1295702.0707091698,False,False,False,False
2024-08-13 00:00:00+00:00,2.33,2.35,2.17,2.17,1935005,,,,,,,,,,,,,,,2.3148048401899852,2.521446799495801,2.6274955522857586,2.6040779475087064,2.538879739246988,2.4452721364743217,2.397018540822949,2.3736417418075075,2.3162114839663084,2.2885733145699017,2.271346649137407,2.252328982652635,2.2298680933959805,2.2226799751477917,2.214510696632251,2.201046053180671,2.2379153981596893,2.2776548418413025,2.3098622764123835,2.3645644153627354,2.4294221465300883,2.48334193644659,,,,,,,,,,,2.2379153981596893,2.48334193644659,2.3504599739145533,,#000000,0.20803611952501844,2.4093928054316534,-0.38162990932978585,43.80766750865368,-4.078325733163972,False,False,False,True,True,0.0,0.0,0.0,0.0,0.0,0,0.9168283892431383,1.0217830409125115,False,False,False,False,-0.1765166685346418,-0.2289133132929433,False,False,False,False,17303900,17807258.086285703,False,False,False,False,1320772.7738186142,False,False,False,False
2024-08-14 00:00:00+00:00,2.35,2.4,2.31,2.32,1329609,,,,,,,,,,,,,,,2.31754696726712,2.5185429213944492,2.6245832086656287,2.6023176952014406,2.537978226902025,2.444920948778855,2.3968718003884804,2.3735776377885753,2.316309526831317,2.2887216782057447,2.271527931289205,2.2525385662232673,2.230110969700809,2.2229322836083547,2.2147725439913883,2.2013017646488486,2.2380942576986733,2.2777662282773496,2.3099234531139077,2.3645497197504217,2.4293322912299016,2.483197527781116,,,,,,,,,,,2.2380942576986733,2.483197527781116,2.350244416486293,,#000000,0.20825426247219658,2.4096925465287127,-0.2866330120694743,46.63969373726123,-9.315996067908962,True,False,False,True,True,0.0,0.0,0.0,0.0,0.0,0,0.9424008898069437,1.0148963216016527,False,False,False,False,0.009166829210301137,-0.10987324204132108,False,False,False,False,18633509,17839660.082901947,False,False,False,False,1321119.292492394,False,False,False,False
2024-08-15 00:00:00+00:00,2.41,2.45,2.35,2.37,855557,,,,,,,,,,,,,,,2.3213036257847346,2.5172764684826743,2.623081157952399,2.60142288714552,2.537558585467436,2.444818980914858,2.396885736393084,2.373637952502193,2.3164571695480083,2.288890385763879,2.271715194503314,2.252739636997421,2.2303299575521467,2.2231561742673502,2.2150011236155,2.2015198175286073,2.2382588629635114,2.277885037351353,2.3100079635961506,2.364582346503527,2.429312550011912,2.483140486668841,,,,,,,,,,,2.2382588629635114,2.483140486668841,2.350326453241683,,#000000,0.20826758602189654,2.4102927215140086,-0.0014055068270571998,49.85697580496884,-6.309412669462425,True,False,False,False,True,0.6854730869278249,0.0,0.0,0.0,0.0,1,0.9526141209919443,0.9960511767493287,False,False,False,False,0.09192460236385426,-0.00897431983873341,False,False,False,False,19489066,17904342.667886186,False,False,False,False,1302861.9476887707,False,False,False,False
2024-08-16 00:00:00+00:00,2.45,2.46,2.4,2.42,961706,,,,,,,,,,,,,,2.4366666666666665,2.32671584410737,2.516292574741603,2.621669358576628,2.6005942652741774,2.5372063610875446,2.4447965741949744,2.3969819462170756,2.373781236133279,2.316685981479091,2.289134495928928,2.2719782066513097,2.253014902103263,2.2306227563047574,2.2234536174860486,2.2153027617946353,2.20180475434004,2.23848078327764,2.27805373370745,2.310136641724398,2.364650446844013,2.429318821511177,2.4831032055370006,,,,,,,,,,,2.23848078327764,2.4831032055370006,2.354168673089844,,#000000,0.20122597221008157,2.420396586514046,0.14711527125856289,52.84351780576466,-3.5467791203189094,True,False,True,False,True,1.7021629765176165,0.0,0.0,0.0,0.0,1,0.9641776787135805,0.9980098710396434,False,False,False,False,0.15811292039470717,0.07456930027798689,False,False,False,False,20450772,18004202.64169457,False,False,False,False,1289483.283073525,False,False,False,False
2024-08-19 00:00:00+00:00,2.41,2.44,2.34,2.43,903655,,,,,,,,,,,,,,2.41728907702048,2.329669275157943,2.5149361571900024,2.6200794881205773,2.599635078118333,2.5367468457094446,2.444672593928385,2.396981231367273,2.3738300171500786,2.3168287752539825,2.2893011463040502,2.2721647397975353,2.2532166302956758,2.230843860667886,2.223680059839665,2.2155343648890793,2.202026371039261,2.238646860534851,2.278172028187122,2.3102191661422857,2.364678842604569,2.429292677924238,2.4830381010112736,,,,,,,,,,,2.238646860534851,2.4830381010112736,2.353223688335695,,#000000,0.19944517637280418,2.4197798224609457,-0.04903514158028594,53.663103397783495,-2.7734760600023165,True,False,True,False,True,0.6461349248586679,0.0,0.0,0.0,0.0,1,0.9514351411354266,0.9980177608626707,False,False,False,False,0.09736520922830233,0.08596725475314461,False,False,False,False,19547117,18064709.087118316,False,False,False,False,1274352.7621686808,False,False,False,False
2024-08-20 00:00:00+00:00,2.36,2.45,2.31,2.41,742162,,,,,,,,,,,,,,2.4047782448451396,2.331132630354744,2.51362965394504,2.6186558242986666,2.5987642411295155,2.5363092022841918,2.4445219871989985,2.396937277243074,2.37382914917308,2.3169115060797694,2.289407967438032,2.272288887377809,2.2533550042968793,2.2309995211959723,2.223840566585952,2.2156996898663297,2.2021862315253204,2.2387628953096397,2.278249909507019,2.310268562908417,2.364685142085931,2.4292559042933046,2.4829702796035726,,,,,,,,,,,2.2387628953096397,2.4829702796035726,2.35252644762818,,#000000,0.19858962167706146,2.4192158804985042,-0.29818215070069903,52.809982514271816,-2.7734760600023165,True,False,True,False,True,0.0,0.0,0.0,0.0,0.0,1,0.9559669654389603,0.9843438099338526,False,False,False,False,0.07780355153845746,0.08188540314580103,False,False,False,False,18804955,18093738.338603873,False,False,False,False,1253482.5362012815,False,False,False,False
2024-08-21 00:00:00+00:00,2.39,2.415,2.335,2.36,538988,,,,,,,,,,,,,,2.4005338050092098,2.3322937613437884,2.512740204144616,2.6176599753130283,2.5981545727540785,2.5360057757870846,2.4444232141308593,2.3969144451763014,2.373836970902842,2.316978518124508,2.2894915241133447,2.2723847935532038,2.2534608702523573,2.2311176400831263,2.2239621061102284,2.215824607215036,2.2023066568028313,2.2388512077188634,2.2783103502851505,2.310308175556712,2.36469323355012,2.4292324082163472,2.4829240693205366,,,,,,,,,,,2.2388512077188634,2.4829240693205366,2.352277958718859,,#000000,0.1971848723251213,2.419067971033528,-0.14741481276312143,53.01894836207913,-2.7734760600023165,True,False,True,False,True,0.1317005774385791,0.0,0.0,0.0,0.0,1,0.9665341155163588,0.9921256742391431,False,False,False,False,0.06804588827745131,0.07496564571162617,False,False,False,False,19343943,18142765.972384114,False,False,False,False,1225463.1426247607,False,False,False,False
2024-08-22 00:00:00+00:00,2.31,2.42,2.3,2.41,979078,,,,,,,,,,,,,,2.3869590830949634,2.332750534919623,2.5107164007664124,2.6155962677085887,2.5968710660784047,2.535328761179739,2.4441428834176713,2.3967835603264365,2.373766898214089,2.317029271358989,2.2895815820436565,2.2724993622165064,2.253597132065881,2.231279001065966,2.224130634701635,2.216000465604218,2.202479940528911,2.238969746407842,2.278380436396492,2.3103422195452725,2.364672753314389,2.429158039962806,2.4828103674429927,,,,,,,,,,,2.238969746407842,2.4828103674429927,2.3513602623820646,,"rgba(239, 83, 80, 0.5)",0.19671518717390715,2.41811970363976,-0.5496256043727639,50.97123308573626,-2.7734760600023165,True,False,False,False,True,0.0,0.0,0.0,0.0,0.0,1,0.9486414202100857,0.9893406721190744,False,False,False,False,0.038842944230751006,0.05690429497118859,False,False,False,False,18364865,18151475.738172974,False,False,False,False,1215800.9801688876,False,False,False,False
2024-08-23 00:00:00+00:00,2.34,2.365,2.305,2.31,655623,,,,,,,,,,,,,,2.38006274280803,2.3328561129872503,2.509335103532424,2.614198196168918,2.595996381079026,2.5348624136765134,2.443943675524681,2.3966853852460748,2.3737099155030577,2.317054562290996,2.289634260907498,2.272568673462483,2.253681385086694,2.231380381378453,2.2242369246106004,2.216111803960485,2.2025902583721497,2.239043912614066,2.27842247560987,2.3103603785480837,2.364654783388058,2.4291044497469816,2.4827306981045254,,,,,,,,,,,2.239043912614066,2.4827306981045254,2.3508367471683678,,#000000,0.19600496408495977,2.417544084866159,-0.39562306612064685,50.45972439248595,-2.7734760600023165,True,False,False,False,False,0.0,0.0,0.0,0.0,0.0,1,0.945734330788015,1.007752238458855,False,False,False,False,0.000300172802411943,0.028602233886800266,False,False,False,False,19020488,18185554.650401488,False,False,False,False,1193833.2162406961,False,False,False,False
2024-08-26 00:00:00+00:00,2.3,2.35,2.28,2.33,625769,,,,,,,,,,,,,,2.3719541342325168,2.3322827301620466,2.507836522910155,2.6127498293714773,2.595081707238647,2.5343597246459084,2.443707133334739,2.396550478374795,2.3736166551227154,2.317045901105128,2.289655985396377,2.2726072246246636,2.253735852319567,2.2314525014358804,2.2243141694211244,2.2161944168318453,2.2026744752409284,2.239095288597561,2.278444199004214,2.3103601414294492,2.364621331855598,2.429038618509275,2.4826408695132267,,,,,,,,,,,2.239095288597561,2.4826408695132267,2.3501859535399867,,"rgba(239, 83, 80, 0.5)",0.19623133984850413,2.4167584025751943,-0.5950038493613459,49.03056040334547,-2.7734760600023165,True,False,False,False,False,0.0,0.0,0.0,0.0,0.0,1,0.9481449592986849,1.0145585472761427,False,False,False,False,-0.011000550045045309,0.008800841920877479,False,False,False,False,18394719,18193757.173915155,False,False,False,False,1171556.1881528257,False,False,False,False
2024-08-27 00:00:00+00:00,2.2,2.25,2.17,2.22,1231578,,,,,,,,,,,,,,2.3412901891309046,2.3263724856842245,2.5034453861750294,2.6089798921932674,2.5926521642618545,2.5329242647866588,2.442886120512643,2.395970654855017,2.37313705969321,2.3167798320233657,2.289482121798598,2.272473834605435,2.253646430797795,2.2314078337769474,2.224282942372292,2.216177945696998,2.2026806262305727,2.239049143196404,2.278347148365155,2.310226036719363,2.364431291712857,2.4287969835612606,2.482358695413789,,,,,,,,,,,2.239049143196404,2.482358695413789,2.347610605643787,,"rgba(239, 83, 80, 1.0)",0.19264138367106637,2.4133394603012297,-1.107443562934042,45.7124716908709,1.2733934033474128,False,False,False,True,False,0.0,0.0,0.0,0.0,0.0,1,0.9465022177262469,1.0048634347521597,False,False,False,False,-0.24689746958359077,-0.11904831383135664,False,False,False,False,17163141,18153340.853369463,False,False,False,False,1173909.984695852,False,False,False,False
2024-08-28 00:00:00+00:00,2.15,2.2099,2.13,2.18,1024287,,,,,,,,,,,,,,2.3174983712013355,2.3202316082387022,2.4993701281704017,2.6055651213899793,2.590430141491639,2.531582536193296,2.4420830502394457,2.3953812581610907,2.372636916682752,2.316472754313228,2.2892626453248632,2.2722904685360876,2.2535039059933197,2.231305905189616,2.2241933281101223,2.216102027916478,2.2026302274724707,2.2389596018290403,2.278217920142396,2.3100681723103333,2.3642302353036824,2.4285572621861347,2.4820876077036353,,,,,,,,,,,2.2389596018290403,2.4820876077036353,2.3453893044453293,,"rgba(239, 83, 80, 1.0)",0.19164136926669725,2.410266019284882,-1.3580889151479796,42.485231074671574,-1.8506813219710523,False,False,False,True,False,0.0,0.0,0.0,0.0,0.0,1,0.9483461006178975,1.0029432976629047,False,False,False,False,-0.34282825441539394,-0.2309382841233753,False,False,False,False,16138854,18074341.368923604,False,False,False,False,1168042.4166685636,False,False,False,False
2024-08-29 00:00:00+00:00,2.2,2.24,2.16,2.17,693643,,,,,,,,,,,,,,2.3077452413048913,2.31724177832098,2.496960755767464,2.6034716554645634,2.5890665850205132,2.5307694362672772,2.441613077436458,2.3950466635391874,2.3723587150934664,2.3163151574249645,2.2891576275049648,2.272208338481798,2.25344680869233,2.231274209542241,2.224169276356125,2.216086387734285,2.20262794991865,2.2389284396842473,2.2781584673996167,2.3099881436248273,2.364119135869317,2.4284175960647287,2.4819253939077757,,,,,,,,,,,2.2389284396842473,2.4819253939077757,2.344331735728942,,"rgba(239, 83, 80, 1.0)",0.18445800811229868,2.4087673431803425,-1.1317879083527997,42.01746371399312,-2.3651608562411894,False,True,False,True,False,0.0,0.0,0.0,0.0,0.0,1,0.9544600120148053,0.9874038331104782,False,False,False,False,-0.2702968555615204,-0.2506175698424479,False,False,False,False,16832497,18025641.58975013,False,False,False,False,1149438.517975679,False,False,False,False
2024-08-30 00:00:00+00:00,2.26,2.27,2.2,2.2,630059,,,,,,,,,,,,,,2.3032292355677995,2.315609228226729,2.495120095771923,2.6017909626715516,2.587973281821071,2.5301306250551234,2.4412640442358597,2.3948110338721023,2.3721701283937957,2.3162255694381555,2.289108709315245,2.2721785711159272,2.253437014808481,2.231285289423706,2.224186566229162,2.2161104059791716,2.2026599411491485,2.2389316376812602,2.2781344401588814,2.309944151604343,2.3640449616382857,2.4283149198713474,2.481800834024947,,,,,,,,,,,2.2389316376812602,2.481800834024947,2.343715046625972,,"rgba(239, 83, 80, 0.5)",0.17559299786979232,2.4078760247836817,-0.8421521733647749,43.559418946641046,-2.3651608562411894,False,False,False,True,False,0.0,0.0,0.0,0.0,0.0,0,0.9679630312797309,0.9796128380871016,False,False,False,False,-0.1891374192996294,-0.21987749457103864,False,False,False,False,17462556,18003559.801916793,False,False,False,False,1129070.6937413386,False,False,False,False
2024-09-03 00:00:00+00:00,2.24,2.345,2.23,2.31,951066,,,,,,,,,,,,,,2.3002085823049008,2.314191337226831,2.492698720729451,2.5994816790473996,2.5864705930356906,2.5292664412381445,2.44081459101249,2.3945230068471584,2.371948875359795,2.316143156574426,2.2890806483818134,2.272177775760261,2.2534636237719696,2.2313412172594465,2.2242511397354203,2.216184231818361,2.20274170946199,2.2389674728215456,2.278127711271208,2.3099060553051283,2.3639594088536353,2.428183853361236,2.4816353690019852,,,,,,,,,,,2.2389674728215456,2.4816353690019852,2.343099428448171,,"rgba(239, 83, 80, 0.5)",0.16726167662817554,2.4069656029847204,-0.9982298775820984,44.06727514302477,-2.3651608562411894,False,False,False,True,False,0.0,0.0,0.0,0.0,0.0,0,0.9663804199565824,0.9692620982460185,False,False,False,False,-0.07155505468920621,-0.14571627463012243,False,False,False,False,16511490,17945047.260665156,False,False,False,False,1122090.1175161882,False,False,False,False
2024-09-04 00:00:00+00:00,2.19,2.25,2.1808,2.21,546008,,,,,,,,,,,,,,2.2953506207968966,2.3122405762106584,2.490931952357665,2.5979115307323157,2.585438258028727,2.5286488991499936,2.4404592961825196,2.3942714517099755,2.371740583222553,2.316027318941188,2.289004845528262,2.272119630122986,2.2534246645823477,2.2313218253674023,2.2242376288126438,2.216177179750931,2.2027445589637806,2.23894735296241,2.278085213788223,2.3098472519833764,2.363875965166001,2.428077627498382,2.4815112427979233,,,,,,,,,,,2.23894735296241,2.4815112427979233,2.3424465319597427,,"rgba(239, 83, 80, 1.0)",0.15289317945652153,2.4060075087038872,-1.412800161993581,43.139845640285415,-2.3651608562411894,False,False,False,True,False,0.0,0.0,0.0,0.0,0.0,0,0.9642642351343486,0.9912697642836357,False,False,False,False,-0.2342176535558173,-0.18996696409296987,False,False,False,False,15965482,17867417.250442993,False,False,False,False,1099498.661927318,False,False,False,False
2024-09-05 00:00:00+00:00,2.17,2.2189,2.15,2.2,814129,,,,,,,,,,,,,,2.287011899265025,2.308739390125853,2.4880884331562827,2.5954316858880286,2.583799103171385,2.5276547265109617,2.439869834068904,2.393843142083268,2.371379697763773,2.3158119460213324,2.2888545681939196,2.271996895101839,2.2533326552535784,2.2312606658625014,2.224185801568099,2.2161356893476056,2.202721156378669,2.2388918575703163,2.277997665154245,2.3097364719072546,2.3637300964756953,2.42789989844737,2.4813079908839195,,,,,,,,,,,2.2388918575703163,2.4813079908839195,2.3413371642196426,,"rgba(255, 0, 0, 1.0)",0.14320023151624434,2.4043711472189266,-1.6366673764234811,42.02967965159945,-2.9234782182749726,False,True,False,True,False,0.0,0.0,0.0,0.0,0.0,0,0.9584412572002937,0.9837824254842076,False,False,False,False,-0.30743884198957233,-0.2487029030412711,False,False,False,False,15151353,17760904.926896207,False,False,False,False,1088307.6947929135,False,False,False,False
2024-09-06 00:00:00+00:00,2.14,2.175,2.1,2.15,1317307,,,,,,,,,,,,,,2.2714863808209733,2.3017577313858046,2.4829943629410627,2.591088420223071,2.5809065485206304,2.5258685598858808,2.438771198842075,2.393020800347837,2.3706734718536344,2.3153596451008935,2.28852066824591,2.2717104994818236,2.2531011076709846,2.231083092971108,2.2240246953673752,2.215993022579661,2.202615832369434,2.2387398534858267,2.2777969961939935,2.309500847991057,2.3634417216081354,2.4275651109920537,2.480934752549664,,,,,,,,,,,2.2387398534858267,2.480934752549664,2.3392506868139513,,"rgba(255, 0, 0, 1.0)",0.13830922399262105,2.394603186770198,-1.8408257918053337,40.550559890347614,-4.542647840265936,False,True,False,True,False,0.0,0.0,0.0,0.0,0.0,0,0.9525965482547789,0.9941954957046669,False,False,False,False,-0.34282825441539394,-0.29576557872833253,False,False,False,False,13834046,17606910.45917479,False,False,False,False,1097288.0597029955,False,False,False,False
2024-09-09 00:00:00+00:00,2.21,2.26,2.17,2.19,1566541,,,,,,,,,,,,,,2.265062624715309,2.2976496414893446,2.47840326971846,2.586867647101388,2.5780899484985906,2.524172643625135,2.4377986361309323,2.3923356935467477,2.370108491522734,2.3150513730197457,2.288322846568699,2.2715621295421244,2.253006114500126,2.231042849571646,2.2240008897644294,2.2159872353631966,2.202636640254562,2.238694264877495,2.277687039159227,2.3093438932753356,2.3632136825725047,2.427270965151044,2.480588888264114,,,,,,,,,,,2.238694264877495,2.480588888264114,2.337891193612261,,"rgba(239, 83, 80, 1.0)",0.13171768882556756,2.394570524546711,-1.4012584504966208,42.16612837334007,-4.542647840265936,False,True,False,True,False,0.0,0.0,0.0,0.0,0.0,0,0.9525965482547789,0.9874235740267782,False,False,False,False,-0.17802255332603517,-0.23689406602718385,False,False,False,False,15400587,17520387.9705797,False,False,False,False,1115690.135793074,False,False,False,False
2024-09-10 00:00:00+00:00,2.2,2.22,2.15,2.22,632162,,,,,,,,,,,,,,2.2618594044820894,2.295668569420651,2.476435332985141,2.58508625211724,2.5768935951158936,2.5234424921059215,2.437367989681752,2.3920248571106484,2.3698478847157594,2.314899084248785,2.2882185645591053,2.2714785629114305,2.25294543919242,2.231005332481974,2.223970366357909,2.215964436963703,2.2026267476071513,2.238659030936263,2.277626723339623,2.3092653431542436,2.3631075602148854,2.427139572984253,2.4804374078517877,,,,,,,,,,,2.238659030936263,2.4804374078517877,2.337264300474385,,"rgba(255, 0, 0, 1.0)",0.12358124584387281,2.393716312164116,-1.5675219232604958,42.95151022334991,-4.542647840265936,False,True,False,True,True,0.0,0.0,0.0,0.0,0.0,0,0.954176741283831,0.9873254816316981,False,False,False,False,-0.2402314100427494,-0.23856273803496664,False,False,False,False,14768425,17412467.85408638,False,False,False,False,1096728.2481149144,False,False,False,False
2024-09-11 00:00:00+00:00,2.18,2.21,2.145,2.2,691164,,,,,,,,,,,,,,2.2581360576461997,2.2933542816834804,2.474227833714343,2.5830998287820544,2.5755548049109587,2.5226200315752734,2.4368767333762325,2.3916665374832244,2.3695453887693136,2.3147174925167935,2.2880912893901395,2.271374338020268,2.25286696365701,2.2309527440358536,2.223925617002105,2.2159283768082916,2.2026059721482767,2.23861134448005,2.277552105546679,2.3091711904489673,2.362983872092498,2.4269890246326096,2.4802653243127817,,,,,,,,,,,2.23861134448005,2.4802653243127817,2.3365439465997753,,"rgba(255, 0, 0, 1.0)",0.12092362268193035,2.3925997418529206,-1.758132423903053,42.871403646127064,-4.542647840265936,False,True,False,True,True,0.0,0.0,0.0,0.0,0.0,0,0.949356239895596,0.9833459942733597,False,False,False,False,-0.2560545443909122,-0.2473086412129394,False,False,False,False,14077261,17281675.428435937,False,False,False,False,1080823.7677966824,False,False,False,False
2024-09-12 00:00:00+00:00,2.16,2.19,2.15,2.19,622350,,,,,,,,,,,,,,2.25460626259551,2.291143574219693,2.472190629609164,2.581276628215079,2.5743217993647525,2.5218578221619286,2.436416090482645,2.3913273311708383,2.36925725733775,2.314540441258728,2.2879647831356786,2.2712689465246583,2.2527854038429496,2.2308950021733627,2.223875106338657,2.2158859080914537,2.2025783185890546,2.2385601720618316,2.2774771236552467,2.3090789783114762,2.362865612369638,2.4268472680500035,2.4801045606725793,,,,,,,,,,,2.2385601720618316,2.4801045606725793,2.3358653789570227,,"rgba(255, 0, 0, 1.0)",0.11829159268899954,2.391479245643714,-1.9568528953050466,42.20823280755303,-4.542647840265936,False,True,False,True,True,0.0,0.0,0.0,0.0,0.0,0,0.9577096323688505,0.9852475461751804,False,False,False,False,-0.2720041796097203,-0.25965641041132986,False,False,False,False,13454911,17131606.23516394,False,False,False,False,1062844.4043536752,False,False,False,False
2024-09-13 00:00:00+00:00,2.18,2.21,2.16,2.16,743139,,,,,,,,,,,,,,2.251466701623327,2.2889429993641195,2.469923897017976,2.5792070532016638,2.5729189894184996,2.5209944508406323,2.4359019549674263,2.3909535764285095,2.368942490555129,2.314353346689289,2.287834777288412,2.2711633850217927,2.2527070252194874,2.230844045535891,2.2238324463670245,2.215852432094812,2.2025606527017394,2.238513306469212,2.277401168303364,2.3089818932716053,2.362736566496925,2.4266890308301985,2.4799230070067244,,,,,,,,,,,2.238513306469212,2.4799230070067244,2.3351648296189955,,"rgba(255, 0, 0, 1.0)",0.1133285107611961,2.390437895750091,-1.8568839768266423,42.65274752597821,-4.542647840265936,False,True,False,True,True,0.0,0.0,0.0,0.0,0.0,0,0.9552140767133103,0.9890523298632538,False,False,False,False,-0.2402314100427494,-0.24994391022703963,False,False,False,False,14198050,17016564.81417712,False,False,False,False,1050306.9375162763,False,False,False,False
2024-09-16 00:00:00+00:00,2.24,2.255,2.18,2.19,628652,,,,,,,,,,,,,,2.250515888310839,2.2878576378098647,2.4683087394243213,2.5776555561331693,2.5718662106108634,2.520357222078342,2.4355401369440832,2.3907016909692067,2.3687366355924704,2.314245692401961,2.2877688014790007,2.271116553544309,2.25268059941773,2.230838753727839,2.223833484728343,2.215860382997085,2.2025780640029833,2.238503612667119,2.2773654285451173,2.3089270779822146,2.3626528661840305,2.4265782234500226,2.4797911486029323,,,,,,,,,,,2.238503612667119,2.4797911486029323,2.334762908468343,,"rgba(239, 83, 80, 1.0)",0.11099468374574954,2.3900416990875955,-1.3517917617684188,45.38208115846026,-4.542647840265936,False,False,False,True,True,0.0,0.0,0.0,0.0,0.0,1,0.9709160152335133,0.9699338544798556,False,False,False,False,-0.17290578338221682,-0.21142484680462822,False,False,False,False,14826702,16930687.841072135,False,False,False,False,1033771.44977054,False,False,False,False
2024-09-17 00:00:00+00:00,2.26,2.28,2.2121,2.24,928336,,,,,,,,,,,,,,2.250525163492933,2.286949037663759,2.46621005963369,2.575554308312226,2.570437489531663,2.5195026665966127,2.435073045500799,2.390388598708281,2.368487882874314,2.314132835137239,2.287711414254877,2.2710860136581172,2.2526778138189067,2.230865276049805,2.223868722456768,2.2159050433308223,2.2026331399094032,2.2385165188795204,2.2773385987776864,2.308871009662288,2.3625524928414148,2.4264356491760686,2.4796162966917428,,,,,,,,,,,2.2385165188795204,2.4796162966917428,2.3343367319124857,,"rgba(239, 83, 80, 1.0)",0.10969359454719217,2.3897954738539124,-1.1832548143736168,47.94324777567897,-6.082905211530644,False,False,False,False,True,0.0,0.0,0.0,0.0,0.0,1,0.975454363890553,0.957040143798682,False,False,False,False,-0.11503717391114997,-0.1632310103578891,False,False,False,False,15755038,16884583.925735973,False,False,False,False,1029636.7262501267,False,False,False,False
2024-09-18 00:00:00+00:00,2.27,2.35,2.23,2.24,1400407,,,,,,,,,,,,,2.283333333333333,2.2528423529868244,2.286820409742946,2.463587625775525,2.5727484940901024,2.568523667773044,2.5183790204276684,2.4344968079228027,2.390028655889904,2.368218028484861,2.31405053999423,2.2877012136369106,2.271113587433792,2.252742715993051,2.230970757266642,2.223986143464862,2.2160351803388854,2.202772228995566,2.238587946297229,2.2773476838565525,2.308833967817018,2.3624454948803812,2.4262608682313127,2.4793905642293974,,,,,,,,,,,2.238587946297229,2.4793905642293974,2.3327143196852367,,"rgba(239, 83, 80, 1.0)",0.10575971405557114,2.3902788118798393,-1.1372838226154725,50.03066014464069,-4.107538444849965,True,False,False,False,True,0.0,0.0,0.0,0.0,0.0,1,0.9783274393978306,0.947646047770512,False,False,False,False,-0.02730010431776267,-0.09526555733782588,False,False,False,False,17155445,16895205.92864829,False,False,False,False,1044176.7369854159,False,False,False,False
2024-09-19 00:00:00+00:00,2.23,2.3393,2.23,2.31,804892,,,,,,,,,,,,,2.277165156229004,2.2533725439372514,2.286411911442434,2.4619759750771557,2.5710673333563028,2.567370688642945,2.517691935614477,2.4341307817733644,2.389790274465696,2.368032975052336,2.3139775251236556,2.287672771052778,2.271107538952588,2.252759355053082,2.23101168637045,2.2240342636056294,2.2160910241619245,2.2028352297835614,2.238613430022806,2.2773381852072636,2.3087986490917474,2.3623710186228006,2.4261487496493648,2.479249894655331,,,,,,,,,,,2.238613430022806,2.479249894655331,2.3321225292462353,,"rgba(255, 0, 0, 1.0)",0.10400103949583978,2.389760924731349,-1.5361473837743698,49.67782305127756,-4.107538444849965,True,False,False,False,True,0.0,0.0,0.0,0.0,0.0,1,0.9774111176586129,0.9539776075427224,False,False,False,False,-0.0379310506218514,-0.06659830397983864,False,False,False,False,16350553,16873846.990269925,False,False,False,False,1034793.0218095173,False,False,False,False
2024-09-20 00:00:00+00:00,2.15,2.23,2.14,2.23,1030599,,,,,,,,,,,,,2.244095828072042,2.249564798561007,2.28358334710375,2.4589860851383554,2.5682918137809905,2.565454417687678,2.5164936713331274,2.43340553664877,2.389257034371626,2.367580783860825,2.3137019313048977,2.287477314620913,2.270946015624017,2.252635946471479,2.230926575391167,2.2239607756715074,2.216030446690424,2.2027978941185795,2.238537022883873,2.2772224178869473,2.3086543213119484,2.362183449667014,2.425921871985696,2.478991373724009,,,,,,,,,,,2.238537022883873,2.478991373724009,2.3295474828610994,,"rgba(255, 26, 202, 1.0)",0.10394038485402368,2.3864966213215584,-2.2753102333967674,46.58277355271677,-4.107538444849965,False,False,False,True,False,0.0,0.0,0.0,0.0,0.0,1,0.947844912418815,0.991143475693761,False,False,False,False,-0.2402314100427494,-0.153414857011294,False,False,False,False,15319954,16812910.01025934,False,False,False,False,1034628.5503660068,False,False,False,False
2024-09-23 00:00:00+00:00,2.15,2.17,2.0913,2.16,1391595,,,,,,,,,,,,,2.2119196887746053,2.242776415818275,2.278797369588015,2.454546036142765,2.5642667555673664,2.5626599223749356,2.5147194037310125,2.432297085168511,2.388421040159113,2.366860249025804,2.3132358961406982,2.2871310101564277,2.2706481146906605,2.252394059418056,2.230739998746444,2.223791108503857,2.2158797392890404,2.2026858195568177,2.2383769613573983,2.2770121316268765,2.3084078750199883,2.3618822893103877,2.4255723170216363,2.4786016931761936,,,,,,,,,,,2.2383769613573983,2.4786016931761936,2.326457940291834,,"rgba(255, 26, 202, 1.0)",0.10165087752154328,2.382204721299035,-2.2843356295652533,44.51940722034291,-1.063231871402479,False,True,False,True,False,0.0,0.0,0.0,0.0,0.0,1,0.9209160185711206,1.0137128528610888,False,False,False,False,-0.34282825441539394,-0.248121555713344,False,False,False,False,15319954,16754362.715739368,False,False,False,False,1048627.2346653792,False,False,False,False
2024-09-24 00:00:00+00:00,2.15,2.2,2.135,2.15,630635,,,,,,,,,,,,,2.205892579012911,2.2406168421605934,2.277088396636661,2.452726615079163,2.5625708274796533,2.5614779145439046,2.51397275831442,2.43183906657133,2.3880808662086803,2.3665699574694905,2.313054853682809,2.2870002099908455,2.270538303555856,2.2523080616284106,2.23067780942143,2.2237361648482246,2.2158328705109502,2.2026541332307903,2.2383221464257885,2.2769337392651305,2.308312407576941,2.3617609632318937,2.4254276527902694,2.4784380749162156,,,,,,,,,,,2.2383221464257885,2.4784380749162156,2.325594705801852,,"rgba(255, 26, 202, 1.0)",0.10110969869982804,2.380942507706021,-2.284078685583243,43.143829665427006,-2.3433496593568606,False,True,False,True,False,0.0,0.0,0.0,0.0,0.0,1,0.944587322940571,1.0059349529160402,False,False,False,False,-0.26431886176951763,-0.2562202087414308,False,False,False,False,15319954,16698111.39355351,False,False,False,False,1032235.3823255604,False,False,False,False
2024-09-25 00:00:00+00:00,2.08,2.1507,2.07,2.15,850776,,,,,,,,,,,,,2.191177607161612,2.2357491607701663,2.273674473652046,2.4497970179211044,2.5599582524510955,2.559650958502121,2.512795690241168,2.431083669592772,2.3874994769745,2.3660626040523325,2.31271246229561,2.286737900136818,2.270307113935754,2.2521138442589423,2.2305195603742565,2.2235889840140493,2.215698201821424,2.2025475084463273,2.238189155374611,2.276771875394926,2.3081299391371335,2.3615473362813506,2.4251873429608786,2.4781748522430447,,,,,,,,,,,2.238189155374611,2.4781748522430447,2.323831775868582,,"rgba(255, 26, 202, 1.0)",0.1035927577558308,2.36900657109905,-2.78983374282053,39.94516978910162,-5.334519171021178,False,True,False,True,False,0.0,0.0,0.0,0.0,0.0,1,0.9197304528788027,1.0226538499653155,False,False,False,False,-0.34282825441539394,-0.29952423157841235,False,False,False,False,14469178,16610702.240865137,False,False,False,False,1025119.328116715,False,False,False,False
2024-09-26 00:00:00+00:00,2.19,2.21,2.09,2.09,877502,,,,,,,,,,,,,2.1876803288796363,2.2332487470813764,2.271520478278002,2.4473622781675792,2.557659994964389,2.5580384483400715,2.5117732558085977,2.430456049383268,2.387033458015945,2.3656650679377402,2.3124649994259756,2.28655939521144,2.2701575442480295,2.251997053131481,2.230435597852766,2.223515011305198,2.2156353580955606,2.2025054474168253,2.238114872072021,2.2766647985018413,2.307999093878176,2.361380481006812,2.4249879132727044,2.4779490077181507,,,,,,,,,,,2.238114872072021,2.4779490077181507,2.322924409205887,,"rgba(255, 0, 0, 1.0)",0.10219007197770996,2.369227209698381,-1.7538612727220169,42.83111071648409,-5.334519171021178,False,True,False,True,True,0.0,0.0,0.0,0.0,0.0,1,0.915766524625904,1.022792587454167,False,False,False,False,-0.2631480148532813,-0.28133612321584683,False,False,False,False,15346680,16561132.741223369,False,False,False,False,1019330.4132886085,False,False,False,False
2024-09-27 00:00:00+00:00,2.17,2.2,2.15,2.19,514188,,,,,,,,,,,,,2.1866967997156843,2.2320605416078694,2.270410035624428,2.4460042909610236,2.5563594633570474,2.5571234365989297,2.5111940317895836,2.4301033659557025,2.3867734519740864,2.3654443253308095,2.312330072521731,2.286463505669794,2.2700782816394454,2.251936462445676,2.230393813424646,2.223478938456476,2.2156056310612073,2.202487124033458,2.238077224390275,2.276607676766894,2.307927824869568,2.3612877698476678,2.4248756557458413,2.477821022112707,,,,,,,,,,,2.238077224390275,2.477821022112707,2.3224814236662388,,"rgba(255, 0, 0, 1.0)",0.10117383132086492,2.3690166046472183,-1.9670758935287596,44.052804803617065,-5.334519171021178,False,True,False,True,True,0.0,0.0,0.0,0.0,0.0,1,0.9384522248007263,1.0151346988194936,False,False,False,False,-0.21459418932702287,-0.24796515627143484,False,False,False,False,14832492,16493342.908234216,False,False,False,False,999520.9068851337,False,False,False,False
2024-09-30 00:00:00+00:00,2.19,2.27,2.14,2.14,996289,,,,,,,,,,,,,2.1882566460861783,2.2308741938575776,2.2689002145742005,2.443664618249736,2.5540381495292572,2.5554851736975883,2.510165490218139,2.4294934383686213,2.3863341788965995,2.365077224155864,2.3121193957198747,2.286321858135523,2.2699673020992175,2.251859066273815,2.2303507811401544,2.2234462817307397,2.215584411117638,2.2024841008090896,2.2380343964777696,2.2765257096675753,2.3078172655795917,2.361133842628689,2.4246814593051527,2.477595034844268,,,,,,,,,,,2.2380343964777696,2.477595034844268,2.321949131540258,,"rgba(255, 0, 0, 1.0)",0.09913263478430258,2.369080858186054,-1.8064773379191084,45.67895140582265,-9.52495278475184,False,True,False,True,True,0.0,0.0,0.0,0.0,0.0,1,0.9390670262711015,0.9870142842872841,False,False,False,False,-0.1575981089813263,-0.20278163262638058,False,False,False,False,15828781,16467281.656930914,False,False,False,False,999394.1654386579,False,False,False,False
2024-10-01 00:00:00+00:00,2.13,2.195,2.12,2.18,629688,,,,,,,,,,,,,2.1855021360998195,2.2289878963939853,2.267288037961536,2.441899965732701,2.5523746929551123,2.554308098076148,2.5094112120209995,2.4290231956121033,2.385980920143672,2.364773686752237,2.3119254754536804,2.2861791299357526,2.269845677909632,2.251761651089209,2.2302774536047774,2.2233803085450394,2.2155266641557136,2.202442530418359,2.2379706742911565,2.276439078142088,2.307714075548566,2.3610055608869978,2.424530708912414,2.477425843964543,,,,,,,,,,,2.2379706742911565,2.477425843964543,2.321264924264686,,"rgba(255, 26, 202, 1.0)",0.09899458534650526,2.367940045299153,-2.4035662603798436,44.63327613497657,-9.52495278475184,False,True,False,True,True,0.0,0.0,0.0,0.0,0.0,1,0.928290071709928,1.0181799818200181,False,False,False,False,-0.2484639763404894,-0.22562280448343497,False,False,False,False,15199093,16417548.76842382,False,False,False,False,984895.8844410634,False,False,False,False
2024-10-02 00:00:00+00:00,2.16,2.19,2.12,2.12,764583,,,,,,,,,,,,,2.1832731636537726,2.227035269191221,2.2655206650420814,2.4398454490335824,2.5504144107230062,2.5529171306263025,2.508520605172162,2.428471214322279,2.385568383337772,2.364420411324621,2.311702592003039,2.28601667515424,2.269708430793093,2.251653123725484,2.230197630187803,2.223309235716903,2.2154653590309836,2.2023999008803328,2.237900604663869,2.2763408776741754,2.3075955007909066,2.360856100992536,2.42435340104816,2.477225837903159,,,,,,,,,,,2.237900604663869,2.477225837903159,2.3205340566128365,,"rgba(255, 26, 202, 1.0)",0.09954165228957722,2.3668049915105938,-2.0775724207287216,45.219493938948794,-9.52495278475184,False,True,False,True,True,0.0,0.0,0.0,0.0,0.0,1,0.9190656695010758,1.0297100706894788,False,False,False,False,-0.2475283019590286,-0.2365755532212318,False,False,False,False,15963676,16399749.836328767,False,False,False,False,976256.1634825903,False,False,False,False
2024-10-03 00:00:00+00:00,2.24,2.26,2.14,2.16,1574552,,,,,,,,,,,,,2.1874012391764914,2.2263135506429554,2.2638582956755413,2.436534606781479,2.5470103103522304,2.550488355301777,2.506993730203072,2.427577030125476,2.3849326433060916,2.3638940659752694,2.3114126365270047,2.2858294053392547,2.2695679962969426,2.251563273818014,2.2301600533100636,2.2232873972702447,2.215460795817135,2.202420829032129,2.237857079837953,2.2762346716821464,2.307443359453229,2.3606342244565317,2.424066139100871,2.4768874099905025,,,,,,,,,,,2.237857079837953,2.4768874099905025,2.3199398983235637,,"rgba(239, 83, 80, 1.0)",0.09948914558929846,2.366581937585229,-1.2723190739598091,48.54558790389501,-6.642701208235152,True,False,False,False,True,0.0,0.0,0.0,0.0,0.0,1,0.9329965982888362,1.0072157509535102,False,False,False,False,-0.15574979037560607,-0.19616267179841895,False,False,False,False,17538228,16444396.03882568,False,False,False,False,999718.7453068024,False,False,False,False
2024-10-04 00:00:00+00:00,2.24,2.27,2.225,2.25,961578,,,,,,,,,,,,2.2449999999999997,2.191858021626715,2.2268959088170055,2.2634984426869047,2.434840025725487,2.545159137117601,2.5491598302466505,2.506168729089814,2.427114773874196,2.384617921595544,2.3636416550348267,2.311293301187421,2.285765262136004,2.269530677850618,2.2515538891025777,2.230180219401787,2.2233163859697425,2.2154993558500933,2.202470544517462,2.237864799775653,2.276202551789176,2.3073818706962754,2.360528111720898,2.42391739682459,2.476705940425057,,,,,,,,,,,2.237864799775653,2.476705940425057,2.318271444080305,,"rgba(239, 83, 80, 1.0)",0.09958418051582055,2.363587239322804,-1.2410328496218341,50.76298388052582,-4.515325890747292,True,False,False,False,True,0.0,0.0,0.0,0.0,0.0,1,0.9477588548740986,0.998955177097482,False,False,False,False,-0.06159498641813987,-0.1288788291082794,False,False,False,False,17538228,16487291.409852125,False,False,False,False,998223.0298045749,False,False,False,False
2024-10-07 00:00:00+00:00,2.2,2.255,2.2,2.23,730006,,,,,,,,,,,,2.2334919538925253,2.193326951504958,2.226698004988197,2.2628534996438754,2.4333955140747365,2.543645341309782,2.5480711864402346,2.505482272996565,2.426714242542691,2.3843344819024117,2.3634078353906753,2.311166663144283,2.2856849340493244,2.2694717062882654,2.251517866241323,2.2301680101876036,2.223311340352968,2.2155021615856283,2.202484593055823,2.237848787296809,2.276157409065877,2.3073153504863337,2.3604291187798716,2.4237878345615007,2.4765525292258173,,,,,,,,,,,2.237848787296809,2.4765525292258173,2.3174288673444337,,"rgba(255, 0, 0, 1.0)",0.09991293507145657,2.3627732746908516,-1.6291511662072373,50.5780304091523,-4.515325890747292,True,False,False,False,True,0.0,0.0,0.0,0.0,0.0,1,0.9335238413082473,0.9979141462600645,False,False,False,False,-0.10101105993630269,-0.11494494452229105,False,False,False,False,16808222,16499876.923191259,False,False,False,False,987704.7149102779,False,False,False,False
2024-10-08 00:00:00+00:00,2.17,2.22,2.15,2.2,757417,,,,,,,,,,,,2.2169481814557583,2.192601527704943,2.2256043885253947,2.2616438752796904,2.4316534615266288,2.5419061173757242,2.546818778825708,2.5046788741285537,2.426224143494764,2.3839737441820024,2.3631021374301104,2.3109815288391915,2.2855544711296933,2.2693649063942454,2.2514374939885142,2.230114423753194,2.223265886258494,2.215465730855936,2.202463951312788,2.237799622150561,2.276079644787637,2.307216749845961,2.3602988854217326,2.423628530868205,2.476369949150482,,,,,,,,,,,2.237799622150561,2.476369949150482,2.316080162230594,,"rgba(255, 0, 0, 1.0)",0.10059731517201785,2.361125387842922,-1.8999054548931507,49.29323131604285,-4.515325890747292,True,False,False,False,True,0.0,0.0,0.0,0.0,0.0,1,0.9274893366671567,1.0126068959720964,False,False,False,False,-0.18598132271079998,-0.1504631336165455,False,False,False,False,16050805,16482266.2595367,False,False,False,False,978673.8241294826,False,False,False,False
2024-10-09 00:00:00+00:00,2.12,2.16,2.11,2.16,431530,,,,,,,,,,,,2.203922545299229,2.1907184947360525,2.2243455670139856,2.260557902902046,2.43047653639095,2.540786757192914,2.5460122943932717,2.5041527009519706,2.425889259198531,2.383718545719386,2.36288098860475,2.3108361087094007,2.285445144208592,2.2692701912949467,2.2513597901712066,2.2300535351001223,2.22321015349805,2.215415793309864,2.2024260693741193,2.237747449125522,2.276012368350657,2.3071385892086607,2.3602042170666406,2.4235192544742215,2.4762484940975544,,,,,,,,,,,2.237747449125522,2.4762484940975544,2.3149612913597455,,"rgba(255, 26, 202, 1.0)",0.10222779721054819,2.3596265117332402,-2.3440445580540663,46.67874428313715,-4.515325890747292,False,False,False,True,False,0.0,0.0,0.0,0.0,0.0,1,0.9139908256880732,1.0266522256201154,False,False,False,False,-0.28957709899083056,-0.22002011630368803,False,False,False,False,15619275,16448423.465045067,False,False,False,False,957217.2035753853,False,False,False,False
2024-10-10 00:00:00+00:00,2.11,2.125,2.0606,2.12,734214,,,,,,,,,,,,2.182516267712752,2.1862303241837173,2.221588807178027,2.2583152736671326,2.428287552557733,2.538751350986745,2.544544025324679,2.5031858413763697,2.425260807862103,2.383231818027264,2.362454973448032,2.310546264722948,2.285221903179552,2.269072993137882,2.2511935916255403,2.229917580258188,2.2230835214040456,2.2152997113682305,2.202333744032133,2.2376329067341767,2.2758734077019107,2.306982168422237,2.360021332766158,2.423313604144205,2.4760232816234287,,,,,,,,,,,2.2376329067341767,2.4760232816234287,2.312933462939362,,"rgba(255, 26, 202, 1.0)",0.10405300104766531,2.344981231064458,-2.258284035044951,44.60097021107855,-0.21684783332293733,False,True,False,True,False,0.0,0.0,0.0,0.0,0.0,1,0.9015894777430272,1.0342744526798338,False,False,False,False,-0.34282825441539394,-0.281424185359541,False,False,False,False,14885061,16387115.133082515,False,False,False,False,948471.9799057622,False,False,False,False
2024-10-11 00:00:00+00:00,2.21,2.22,2.1,2.1,827271,,,,,,,,,,,,2.181426851261529,2.185732972236167,2.220506452441141,2.2570614694787725,2.4264317335909342,2.5368833852955897,2.543188965188582,2.5023112328759898,2.4247242345508537,2.382835351166263,2.362118225300931,2.3103406374997704,2.2850760119678624,2.268952894632874,2.251102383152148,2.2298556291797342,2.2230304620216557,2.2152565282817074,2.2023080694926898,2.237576439685084,2.2757859640819174,2.306872160574761,2.359877056045944,2.4231378699849166,2.4758223027751556,,,,,,,,,,,2.237576439685084,2.4758223027751556,2.3123359964650136,,"rgba(239, 83, 80, 1.0)",0.10419956597581365,2.3461806994480563,-1.3069219451419405,47.39343138697054,-0.21684783332293733,True,False,False,False,False,0.0,0.0,0.0,0.0,0.0,1,0.9254569811157685,1.0097230024631607,False,False,False,False,-0.20113909183276385,-0.24128163859615243,False,False,False,False,15712332,16360653.04943222,False,False,False,False,943719.0003016148,False,False,False,False
2024-10-14 00:00:00+00:00,2.2,2.22,2.18,2.22,422936,,,,,,,,,,,,2.183041513283858,2.1861024637566144,2.2202569299715424,2.2566169871041692,2.4255811469148623,2.5359972066915106,2.5425439074196596,2.5018978125517326,2.4244765288683765,2.382656121077225,2.3619681382302518,2.310254063462918,2.2850175983588934,2.2689071092574142,2.2510704296584696,2.2298378825184337,2.223017010783684,2.2152478148504997,2.2023068897699836,2.237558655147931,2.275751828530817,2.306826057314369,2.35981276616576,2.423056620160491,2.4757276640920267,,,,,,,,,,,2.237558655147931,2.4757276640920267,2.3122178104839017,,"rgba(239, 83, 80, 1.0)",0.10426490862782903,2.34664961082924,-1.4065097525064907,48.85552452897618,-0.21684783332293733,True,False,False,False,True,0.0,0.0,0.0,0.0,0.0,1,0.9584535992302982,0.9814134522872388,False,False,False,False,-0.12076163111483848,-0.18102163485549544,False,False,False,False,15289396,16318642.96906233,False,False,False,False,923296.1375446887,False,False,False,False
2024-10-15 00:00:00+00:00,2.16,2.205,2.15,2.2,452173,,,,,,,,,,,,2.1820741862942845,2.185713525938105,2.219632929410985,2.2559153625931008,2.4245654642943717,2.534975449889106,2.541800111832639,2.501415697113158,2.42417895242708,2.382435225739537,2.3617799667012775,2.3101379074392923,2.284934451988193,2.2688381261147232,2.251017383001469,2.229800937776504,2.2229849656689358,2.215221220032307,2.2022901551562426,2.237525330173559,2.2757017296705038,2.306763749431609,2.3597319133787726,2.4229587933255763,2.4756161651587285,,,,,,,,,,,2.237525330173559,2.4756161651587285,2.3118618674792435,,"rgba(255, 0, 0, 1.0)",0.10484789497686357,2.346302928439105,-1.7768876378511511,48.26758364696121,-0.21684783332293733,True,False,False,False,True,0.0,0.0,0.0,0.0,0.0,1,0.9898607543598759,0.9729620116263353,False,False,False,False,-0.16571764815626153,-0.17336964150587847,False,False,False,False,14837223,16260548.068314787,False,False,False,False,904820.7203860735,False,False,False,False
2024-10-16 00:00:00+00:00,2.16,2.19,2.15,2.15,352450,,,,,,,,,,,,2.181116375472,2.1853217573087944,2.2191079982829196,2.255344478962678,2.42376385863527,2.5341720928478138,2.5412146161103246,2.50103520006119,2.423942906179076,2.3822592906010156,2.361629702013473,2.3100442392529525,2.28486687025644,2.268781661228672,2.2509734821938996,2.2297696994602787,2.2229575846445266,2.215198135839921,2.202274996236318,2.237497407828801,2.2756608379685517,2.3067134268718883,2.359667265940318,2.4228810780256316,2.475527884357804,,,,,,,,,,,2.237497407828801,2.475527884357804,2.311563617670818,,"rgba(255, 0, 0, 1.0)",0.10555763550976652,2.345928323920133,-1.7613915186924622,47.87562305895122,-0.21684783332293733,True,False,False,False,True,0.0,0.0,0.0,0.0,0.0,1,0.9703413031575108,0.9851706515787554,False,False,False,False,-0.1808428248422985,-0.17710623317408847,False,False,False,False,14837223,16204731.398969108,False,False,False,False,883159.1235081883,False,False,False,False
2024-10-17 00:00:00+00:00,2.15,2.17,2.14,2.16,320969,,,,,,,,,,,,2.1796277802372086,2.18473358445065,2.218519662724593,2.254753684528159,2.4230005412219255,2.533417102451769,2.5406640804075717,2.500675653413755,2.4237171989366386,2.3820894260833616,2.3614837154633133,2.3099511211935106,2.284798457201955,2.268723586985157,2.250927225781292,2.2297352729973174,2.2229267716411822,2.2151713622914952,2.2022560375674245,2.2374672155820643,2.2756190731693726,2.3066632704942287,2.3596043658840595,2.4228066643721067,2.4754440639948068,,,,,,,,,,,2.2374672155820643,2.4754440639948068,2.3112319740580167,,"rgba(255, 0, 0, 1.0)",0.10644086460404174,2.3454130298713647,-1.8358835264848516,47.19586655679929,-0.21684783332293733,True,False,False,False,True,0.0,0.0,0.0,0.0,0.0,1,0.9617443470235348,0.991924319335487,False,False,False,False,-0.21134786049112422,-0.19422704683260633,False,False,False,False,14516254,16138516.599009536,False,False,False,False,861112.4519980632,False,False,False,False
2024-10-18 00:00:00+00:00,2.18,2.18,2.1401,2.15,433039,,,,,,,,,,,,2.178756267714347,2.1842970525472905,2.2179017668120338,2.2540710000958337,2.42202821457352,2.5324388851407993,2.539949337863926,2.5002103658123116,2.423428303945053,2.3818740183039995,2.361299707231717,2.3098363722690416,2.2847156427788504,2.268654393408318,2.250873425760906,2.229696992628602,2.2228932194158855,2.21514307717657,2.202237464677557,2.2374329818246785,2.2755689251092437,2.3066015479801485,2.359525059568373,2.4227113101341975,2.4753357358070063,,,,,,,,,,,2.2374329818246785,2.4753357358070063,2.310886924499062,,"rgba(255, 0, 0, 1.0)",0.1067248715070506,2.3449578940875093,-1.5456368488259224,48.202529933025694,-0.21684783332293733,True,False,False,False,True,0.0,0.0,0.0,0.0,0.0,1,0.9819252395086753,1.0036197784695577,False,False,False,False,-0.20103721616263645,-0.19763213149762138,False,False,False,False,14949293,16091880.379440535,False,False,False,False,844325.2578020608,False,False,False,False
2024-10-21 00:00:00+00:00,2.13,2.18,2.13,2.17,368996,,,,,,,,,,,,2.177013051414884,2.183536550568687,2.2171852621159855,2.2533660973287994,2.4211409381260465,2.5315640146955793,2.539309879186518,2.499791158201495,2.4231634767388326,2.3816737498229568,2.361127073214001,2.309725073993085,2.28463320426211,2.2685839362590086,2.250816738670622,2.2296540489556214,2.2228544795302385,2.215109044785721,2.2022127409388688,2.237395582580172,2.27551837349553,2.306541471538684,2.3594505179135625,2.42262376029974,2.47523750074607,,,,,,,,,,,2.237395582580172,2.47523750074607,2.3104928050694618,,"rgba(255, 0, 0, 1.0)",0.10778824753332132,2.344311022661976,-1.9882596439442508,46.71268128844527,-0.21684783332293733,False,False,False,True,True,0.0,0.0,0.0,0.0,0.0,1,0.9752100944495402,0.996281514167431,False,False,False,False,-0.21134786049112422,-0.2044899959943728,False,False,False,False,14580297,16032602.599854631,False,False,False,False,825684.8947509996,False,False,False,False
2024-10-22 00:00:00+00:00,2.29,2.305,2.105,2.12,2198495,,,,,,,,,,,,2.1907844716252285,2.1888882226267605,2.21809826714798,2.2526122325250273,2.4176032949284925,2.5275880722718895,2.5363741725269398,2.4979219356449147,2.422087366479631,2.380925016055279,2.360517582693912,2.309415875232188,2.2844513285877714,2.268463047097714,2.2507602563135576,2.2296653519468648,2.2228861137118154,2.2151628496802847,2.2022950162438586,2.2373856343997693,2.275420035078434,2.3063779957963733,2.359187926123563,2.422266743549501,2.4748074871760415,,,,,,,,,,,2.2373856343997693,2.4748074871760415,2.310694305386994,,"rgba(239, 83, 80, 0.5)",0.1078183323595345,2.3460887666253343,-0.5202154902405541,51.579593980486074,-3.2176115415725874,True,False,False,False,True,0.5820805707908896,0.0,0.0,0.0,0.0,1,0.9701948067431272,0.9439662366770788,False,False,False,False,-0.11084325275903004,-0.15766662437670143,False,False,False,False,16778792,16061864.929272097,False,True,False,False,879520.5851529213,False,True,False,False
2024-10-23 00:00:00+00:00,2.23,2.32,2.2,2.26,1606105,,,,,,,,,,,2.25,2.1997591578318465,2.193336957739963,2.219363694894696,2.2525423393821593,2.4153282169422448,2.5249105833831598,2.5343808693916436,2.49665785165396,2.4213776347971017,2.380444021061935,2.360133851896812,2.3092407051192994,2.2843623287153596,2.268416906210262,2.250758466237472,2.2297108865501456,2.222945779625703,2.2152378264244246,2.2023869755882504,2.237408161986242,2.2753768185007788,2.3062861743479255,2.359022093547966,2.4220297088931546,2.474515922833845,,,,,,,,,,,2.237408161986242,2.474515922833845,2.3115647526723224,,"rgba(239, 83, 80, 1.0)",0.10785492424865419,2.3417433821437474,-1.036052669103254,52.490827226415384,-2.3746181153054877,True,False,True,False,True,0.0,0.0,0.0,0.0,0.0,1,0.9927253328160236,0.978175998448071,False,False,False,False,-0.0027403174345384178,-0.08020347090561993,False,False,False,False,15172687,16026995.206555545,False,False,False,False,908014.0916175126,False,False,False,False
2024-10-24 00:00:00+00:00,2.19,2.27,2.17,2.22,1002071,,,,,,,,,,,2.234631849997853,2.2006438745982138,2.1940608937154122,2.2191375547677157,2.251843819745515,2.4136038712873016,2.523026791394422,2.5329782580377613,2.4957488388277267,2.420835118590483,2.380054231752816,2.3598093190434355,2.3090584944540793,2.2842426652643755,2.2683259632586594,2.2506986779221205,2.229683386766131,2.222928029908646,2.21523080254834,2.202396120760394,2.2373776570522104,2.275307545795278,2.3061884321924437,2.3588810156074502,2.421847839757268,2.474302053392441,,,,,,,,,,,2.2373776570522104,2.474302053392441,2.3104469281320705,,"rgba(239, 83, 80, 1.0)",0.1080552077779047,2.3405744364045638,-1.3934954131415174,51.699637929553035,-2.3746181153054877,True,False,False,False,True,0.0,0.0,0.0,0.0,0.0,1,0.9516195360313507,1.0024190231984327,False,False,False,False,-0.0812101620442405,-0.08070681647493022,False,False,False,False,14170616,15954196.021984741,False,False,False,False,911702.5978285907,False,False,False,False
2024-10-25 00:00:00+00:00,2.22,2.28,2.184,2.19,609884,,,,,,,,,,,2.233374987414778,2.2020103976607457,2.1949351939386563,2.21926593423853,2.2516079005036564,2.4126600335285806,2.521956560232551,2.532177763587467,2.495233081822104,2.4205343650935283,2.3798428870579014,2.3596361365792577,2.3089680157867774,2.2841876354504924,2.268287790575319,2.250678430943071,2.2296819585722587,2.2229322587987483,2.2152412157380144,2.20241482636617,2.237371309019105,2.2752770571905945,2.3061401551122787,2.3588056481795396,2.421746694544028,2.4741809099155874,,,,,,,,,,,2.237371309019105,2.4741809099155874,2.3102813686944303,,"rgba(239, 83, 80, 1.0)",0.10728139306187022,2.340492316507998,-1.1231427283807598,52.168459559724596,-2.3746181153054877,True,False,False,False,True,0.0,0.0,0.0,0.0,0.0,1,0.9452771253541248,1.0121068306738663,False,False,False,False,-0.05760820853032856,-0.06915751250262939,False,False,False,False,14780500,15908168.727004947,False,False,False,False,899866.5743843322,False,False,False,False
2024-10-28 00:00:00+00:00,2.23,2.27,2.22,2.24,518042,,,,,,,,,,,2.2342936011918306,2.203556711593627,2.1959001662913353,2.2195179531339275,2.2515111564630144,2.4119174454075294,2.52109043650285,2.531527802799282,2.494816152705601,2.420295514013788,2.379677980275695,2.3595027680092384,2.308902687457035,2.284150941889962,2.2682650639138537,2.2506703463917845,2.229689388855961,2.2229443379391416,2.2152583539889275,2.202438135754501,2.2373728196294644,2.275257756202955,2.306105485122076,2.358747565120311,2.421666179657828,2.4740831142021396,,,,,,,,,,,2.2373728196294644,2.4740831142021396,2.3102963472289444,,"rgba(239, 83, 80, 1.0)",0.10589387854598432,2.3406333626691045,-1.0447569225737827,52.81703986169288,-1.7616853151127643,True,False,True,False,True,0.0,0.0,0.0,0.0,0.0,1,0.9417461588873518,1.016990703657856,False,False,False,False,0.007994673015252508,-0.03058141974368844,False,False,False,False,15298542,15884261.796534164,False,False,False,False,884893.061663378,False,False,False,False
2024-10-29 00:00:00+00:00,2.19,2.28,2.19,2.22,659598,,,,,,,,,,,2.2321487708442342,2.2043669112837287,2.1965397886595888,2.219525299668485,2.2511802807234274,2.4108722120959043,2.5199173940052133,2.530647924086801,2.494245752688303,2.4199586753501308,2.379438590311007,2.35930503813186,2.3087955948224574,2.284083185923199,2.268215742010474,2.25064080961696,2.229680512783264,2.2229416871765926,2.2152625293887542,2.2024519923484327,2.2373601174004034,2.2752192888456566,2.3060480544466495,2.358661250996306,2.4215524922945963,2.4739480850218616,,,,,,,,,,,2.2373601174004034,2.4739480850218616,2.310010934595941,,"rgba(239, 83, 80, 1.0)",0.10520627528982524,2.3403498437645394,-1.4290957773227062,51.6906711983404,-1.7616853151127643,True,False,False,False,True,0.0,0.0,0.0,0.0,0.0,1,0.9512183223981074,1.0121954194004736,False,False,False,False,-0.003217395078950423,-0.01689940741131943,False,False,False,False,14638944,15835425.804513216,False,False,False,False,876057.9612059906,False,False,False,False
2024-10-30 00:00:00+00:00,2.11,2.23,2.11,2.19,650712,,,,,,,,,,,2.2215560584431073,2.2018467163161075,2.1953523294992507,2.218495471872442,2.250142918774352,2.4094780639592286,2.518501062177682,2.5295902532328505,2.4935423127932785,2.419511541481929,2.379099750047361,2.3590127765085547,2.3086071097980505,2.283943621080527,2.2680966852295112,2.250545284938158,2.2296085689179037,2.2228769605596983,2.215205883915111,2.2024111961747774,2.237297149504976,2.275133351552967,2.305945443125233,2.3585332712224356,2.4214015534790545,2.4737783352892397,,,,,,,,,,,2.237297149504976,2.4737783352892397,2.308871228285994,,"rgba(255, 26, 202, 1.0)",0.10474335860172351,2.3387457245265018,-2.183868529519713,48.3072990400935,-1.7616853151127643,True,False,False,False,False,0.0,0.0,0.0,0.0,0.0,1,0.9387239883330474,1.0269614451334594,False,False,False,False,-0.15057502557006536,-0.08373721649069239,False,False,False,False,13988232,15762986.831787208,False,False,False,False,867220.8646881087,False,False,False,False
2024-10-31 00:00:00+00:00,2.09,2.12,2.09,2.12,459277,,,,,,,,,,,2.2114160193211054,2.198620075008009,2.1936655433990757,2.2172694659479113,2.2490642359256685,2.4083151119453956,2.5173731620064825,2.528749407189477,2.4929755389435333,2.419138458617274,2.3788091327750895,2.358757758194042,2.308432491520107,2.283808583894233,2.267977282224971,2.250444498138411,2.2295260250972975,2.2228000490165725,2.2151353503430093,2.202355007030737,2.237227337118151,2.2750485595571885,2.305849905712537,2.358421401157585,2.4212755128240824,2.4736401464093105,,,,,,,,,,,2.237227337118151,2.4736401464093105,2.30773165982692,,"rgba(255, 26, 202, 1.0)",0.10376029201094322,2.3370698945944346,-2.381160363045019,45.46903067438659,0.12243544897096115,False,True,False,True,False,0.0,0.0,0.0,0.0,0.0,1,0.9267971909972953,1.0459068463237302,False,False,False,False,-0.3093715676328598,-0.19655439206177608,False,False,False,False,13528955,15675377.740344573,False,False,False,False,851223.0660728888,False,False,False,False
2024-11-01 00:00:00+00:00,2.16,2.185,2.09,2.09,792407,,,,,,,,,,,2.203059760759442,2.1958410541208795,2.19222420174426,2.2160020037207215,2.247790105643027,2.4066189212339917,2.5156496619077875,2.527457833372389,2.4921130314134743,2.4185872851938215,2.3783898398572125,2.358395257740797,2.308196798979814,2.2836329902283885,2.267826752356967,2.2503228423788117,2.2294332486032395,2.2227161212264344,2.2150613432604187,2.202300764617742,2.237146497657924,2.274940016381908,2.3057212680188095,2.358262185816716,2.421088709356953,2.473430650157306,,,,,,,,,,,2.237146497657924,2.473430650157306,2.3065809909179804,,"rgba(255, 0, 0, 1.0)",0.10351915869158805,2.3353812285548794,-1.6941910151857784,46.3749570133298,0.12243544897096115,False,False,False,True,False,0.0,0.0,0.0,0.0,0.0,1,0.9350795275787159,1.0312117655871558,False,False,False,False,-0.2112802946643246,-0.20391734336305034,False,False,False,False,14321362,15622279.083860472,False,False,False,False,848916.5536778736,False,False,False,False
2024-11-04 00:00:00+00:00,2.2,2.26,2.16,2.18,1411822,,,,,,,,,,,2.2037202488621364,2.1967561996377216,2.192948112999732,2.215719138846621,2.2469121726473342,2.404350097236849,2.5131225034198574,2.525545652119196,2.4908579940899545,2.417830852647985,2.3778429105570527,2.3579381953308727,2.307936591626338,2.2834599101135806,2.2676936605231672,2.250233286467414,2.229388813263026,2.222685333053604,2.215045590517016,2.202308108777643,2.2370989717714025,2.2748386405370824,2.3055803276665516,2.358060957967571,2.420830708745264,2.473128013520024,,,,,,,,,,,2.2370989717714025,2.473128013520024,2.306114768636855,,"rgba(239, 83, 80, 1.0)",0.10240407508782322,2.334791971834021,-1.3162754677333022,48.37053943819194,0.12243544897096115,True,False,False,False,True,0.0,0.0,0.0,0.0,0.0,1,0.9517911444040643,0.9987638754975403,False,False,False,False,0.01812063830102144,-0.09289835253101444,False,False,False,False,15733184,15626628.2962581,False,False,False,False,870991.277063055,False,False,False,False
2024-11-05 00:00:00+00:00,2.22,2.25,2.12,2.19,1775113,,,,,,,,,,,2.2024001788010317,2.196747597654736,2.1931685690354534,2.2150199277379192,2.245598728760446,2.4014288367485452,2.5099013324295516,2.5230991472762003,2.489240607544598,2.4168427247862736,2.3771202839691403,2.357329682061039,2.3075791943193855,2.2832151998393435,2.2674998549892065,2.250095479823646,2.229308709288699,2.2226227281297506,2.215002329681059,2.2022962022051455,2.2370198599034996,2.2746929704536676,2.3053858306867507,2.357792045009411,2.4204920932818106,2.472734231617618,,,,,,,,,,,2.2370198599034996,2.472734231617618,2.3052758657540586,,"rgba(239, 83, 80, 1.0)",0.09821377676244732,2.333634926880531,-1.1570161603232414,50.374789136503026,-4.4888770086432,True,False,False,False,True,0.0,0.0,0.0,0.0,0.0,1,0.9488416282978879,0.9975638870618044,False,False,False,False,-0.021423311644049196,-0.057160832087531824,False,False,False,False,17508297,15700419.225816606,False,False,False,False,906447.0309037196,False,False,False,False
2024-11-06 00:00:00+00:00,2.05,2.1,2.0,2.06,2847260,,,,,,,,,,,2.16721426459474,2.17715272766595,2.1807364345638214,2.2058460309049397,2.2377274863605945,2.3936749852218284,2.502513227247139,2.5175207178990693,2.485401108070061,2.414232498498876,2.375040818512873,2.35548085000109,2.3062589520029912,2.282165259452358,2.26655207787545,2.2492731881265398,2.228607394759835,2.2219590620076937,2.214381704445573,2.201782372645979,2.2364347450642534,2.274023373074507,2.304656396327046,2.3569716501090374,2.4195965843758565,2.471770627189338,,,,,,,,,,,2.2364347450642534,2.471770627189338,2.29917605804287,,"rgba(255, 26, 202, 1.0)",0.09607560836403968,2.3240417469282173,-2.8523550523858985,46.56146627843628,-4.4888770086432,False,False,False,True,False,0.0,0.0,0.0,0.0,0.0,1,0.9261007413764334,0.9928484588428805,False,False,False,False,-0.34282825441539394,-0.19999454325146288,False,False,False,False,14661037,15659659.13852968,False,False,False,False,982557.3434172992,False,False,False,False
2024-11-07 00:00:00+00:00,2.06,2.08,2.025,2.05,955425,,,,,,,,,,,2.159145736207286,2.171914212924789,2.177176395231981,2.203083584557342,2.235292899043514,2.3911859609408364,2.50011379258799,2.5156978908182763,2.484142347947628,2.4133768258677484,2.374359588662018,2.3548755043561527,2.305827544624106,2.2818225993135623,2.266243191011767,2.249005658121722,2.2283798433492645,2.221743946745654,2.2141807953960524,2.201616382622959,2.236244467484923,2.273804571659972,2.3044173480873265,2.356701805997838,2.4193011092454997,2.4714520857883495,,,,,,,,,,,2.236244467484923,2.4714520857883495,2.297459235016533,,"rgba(255, 26, 202, 1.0)",0.09673033007673708,2.3213245243423453,-2.7015779242667115,44.38663983553164,-0.3011786221781847,False,True,False,True,False,0.0,0.0,0.0,0.0,0.0,1,0.9412470023980817,0.9879856115107915,False,False,False,False,-0.3351325152654772,-0.26756352925847005,False,False,False,False,15616462,15657965.133097146,False,False,False,False,981493.3299499542,False,False,False,False
2024-11-08 00:00:00+00:00,2.0,2.0607,1.98,2.06,1036798,,,,,,,,,,,2.1486088280691407,2.1648728112983178,2.1722993415100276,2.1993907528172967,2.2321327913945486,2.3881981860293617,2.4972992621240793,2.513559556239198,2.4826536023754584,2.412346054670402,2.373528127719419,2.354130972471843,2.3052840117363633,2.281384211729276,2.265843469968078,2.248654350915946,2.228074736121292,2.2214532867145005,2.2139067475287546,2.201385896020757,2.235991335129316,2.273522761130665,2.304115450623577,2.356369384899971,2.41894460394163,2.4710726283332702,,,,,,,,,,,2.235991335129316,2.4710726283332702,2.295250349872703,,"rgba(255, 26, 202, 1.0)",0.09761811971808804,2.3178051430685747,-3.255595825717255,41.51619556219492,-2.936169819339554,False,True,False,True,False,0.0,0.0,0.0,0.0,0.0,0,0.9254933064147861,1.0022352008075563,False,False,False,False,-0.34282825441539394,-0.30519589183693197,False,False,False,False,14579664,15615678.81415216,False,False,False,False,983662.1405401521,False,False,False,False
2024-11-11 00:00:00+00:00,1.97,2.0,1.91,2.0,2107948,,,,,,,,,,,2.1244141820136266,2.1478861406467344,2.160168000553296,2.190268303909881,2.2244693148538195,2.3814190614046447,2.491053505393639,2.5088079052726946,2.4793132968774727,2.4099873449760243,2.371599605987559,2.3523906881717704,2.3039833680723163,2.280319925097413,2.2648629363480657,2.247781305192021,2.2273028363926333,2.220713203160123,2.2132035126873433,2.200785870469063,2.2353549363379908,2.2728340036055448,2.3033907748461484,2.3555902105223305,2.41812618630786,2.4702129746731973,,,,,,,,,,,2.2353549363379908,2.4702129746731973,2.290036515374007,,"rgba(255, 26, 202, 1.0)",0.09912645486474156,2.2888710709021964,-3.2168110050671874,38.94303484403632,-5.285492358598319,False,True,False,True,False,0.0,0.0,0.0,0.0,0.0,0,0.899538354820963,1.0239194393283422,False,False,False,False,-0.34282825441539394,-0.324012073126163,False,False,False,False,12471716,15492386.154773645,False,False,False,False,1027751.7820875971,False,False,False,False
2024-11-12 00:00:00+00:00,2.26,2.34,2.06,2.08,5193716,,,,,,,,,,2.22,2.1473699531281025,2.1601190773304317,2.167552234637752,2.1928202303186874,2.22417933336534,2.3753589128131383,2.4835064358455643,2.502826292907664,2.4752932613016245,2.4075774253387627,2.3698774437417343,2.350965880940181,2.3032110764816,2.279831740569412,2.264511333658532,2.247575808215582,2.2272513912184233,2.220708263468982,2.2132495781414065,2.200902832557602,2.235268192262313,2.2725495674943295,2.302960319315432,2.35493665452635,2.417259482102965,2.469180277792751,,,,,,,,,,2.22,2.235268192262313,2.469180277792751,2.291689283671146,,#000000,0.09716708002939581,2.291977801505112,-0.3291011883390777,45.39955497898025,-10.905085653939622,False,True,False,True,True,0.6437226775175375,-1.0,2.34,2.06,902.0,1,0.912077011520166,0.9695651193723653,False,False,False,False,0.1538898351745003,-0.08506111897583134,False,False,False,False,17665432,15577603.638900168,False,False,False,False,1191122.9278880835,False,False,False,False
2024-11-13 00:00:00+00:00,2.17,2.295,2.1,2.25,2562830,,,,,,,,,,2.2095370589778836,2.151710031054877,2.1622983468606254,2.168745145000763,2.1926379158646223,2.2230672814159593,2.37195718816662,2.4795059253187746,2.4996446916024517,2.473114757270387,2.4062136666863103,2.368865463347149,2.3501067734745975,2.3026921578050046,2.279467785806294,2.2642178665984227,2.247360358814828,2.227116576040197,2.220597994011128,2.2131665232991744,2.2008651898015104,2.235137719469674,2.2723264382740185,2.3026690907592124,2.3545413352442592,2.416766388268249,2.4686094688600635,,,,,,,,,,2.2095370589778836,2.235137719469674,2.4686094688600635,2.2906011753708038,,"rgba(239, 83, 80, 1.0)",0.09396606633045328,2.2914193887761973,-1.2921620912510927,47.52244240450847,-9.15423204875939,True,False,False,False,True,0.0,0.0,0.0,0.0,0.0,1,0.9340567795681244,0.9594431656253425,False,False,False,False,0.14885073412630742,0.03189480757523804,False,False,False,False,15102602,15558976.123649182,False,False,False,False,1244915.3620885508,False,False,False,False
2024-11-14 00:00:00+00:00,2.07,2.17,2.06,2.15,996454,,,,,,,,,,2.1970672040062453,2.1496641417523596,2.1604819709434566,2.167244312181977,2.191197148973285,2.221600527389336,2.3700474418943505,2.477516571128862,2.4980788731250114,2.4720166697151718,2.4054748740298675,2.3682840002414407,2.349594134220394,2.3023367919288598,2.2791906538017632,2.2639722613546027,2.2471522854144115,2.2269455970574907,2.220438498234811,2.2130200443224686,2.200747879322749,2.234991814752596,2.2721490998509504,2.3024690846510287,2.3543067181604633,2.4165013264574924,2.468318409252387,,,,,,,,,,2.1970672040062453,2.234991814752596,2.468318409252387,2.2890662000858084,,"rgba(255, 26, 202, 1.0)",0.09111758564850075,2.2891861384562446,-2.4055305778380363,46.85621658521379,-9.15423204875939,False,False,False,True,True,0.0,0.0,0.0,0.0,0.0,1,0.9326467648720291,0.9802068396123932,False,False,False,False,-0.014777289036045851,0.008558759269596095,False,False,False,False,14106148,15502002.47174137,False,False,False,False,1235171.779261549,False,False,False,False
2024-11-15 00:00:00+00:00,2.01,2.105,2.01,2.07,1249361,,,,,,,,,,2.17765664976499,2.144559971640438,2.1562917253904206,2.1638984719303935,2.188337069385345,2.2189513166530186,2.367181439677774,2.474670693790081,2.4958477318040178,2.4704345204617573,2.4043776648950415,2.367400755530797,2.348804818302745,2.301765040703867,2.278731668992018,2.263556173839438,2.2467891406140414,2.226633661076716,2.2201425475651164,2.212742407897146,2.2005162400248577,2.2347304636838228,2.271852097796619,2.302146784128807,2.3539458280270136,2.4161084797684733,2.4678964311483034,,,,,,,,,,2.17765664976499,2.2347304636838228,2.4678964311483034,2.2864386734957582,,"rgba(255, 26, 202, 1.0)",0.09231321535797099,2.2851273766574427,-2.9803682559485933,45.29308030837475,-9.15423204875939,False,False,False,True,True,0.0,0.0,0.0,0.0,0.0,1,0.9329381733223726,0.9848570068792454,False,False,False,False,-0.12876676176658441,-0.06010400124849416,False,False,False,False,12856787,15398268.531673081,False,False,False,False,1235728.219290508,False,False,False,False
2024-11-18 00:00:00+00:00,2.04,2.075,2.01,2.03,776752,,,,,,,,,,2.1678570965594908,2.1416228913565885,2.153832368241893,2.1619067145223143,2.186613410654081,2.217343221109984,2.365424674346654,2.47292001633513,2.4944715514073317,2.4694567188320216,2.4036988388082356,2.3668540292994917,2.348316121988456,2.3014108345653455,2.278447202398625,2.2632982684529193,2.2465640127938316,2.226440253376164,2.219959042758028,2.2125702490380035,2.2003725651424566,2.234568332578893,2.2716678314209537,2.30194680491364,2.35372187534567,2.415864654204163,2.4676344997070405,,,,,,,,,,2.1678570965594908,2.234568332578893,2.4676344997070405,2.2849503758422296,,"rgba(255, 26, 202, 1.0)",0.09358293522733258,2.282826138272663,-2.5947694169111863,45.002370407246715,-9.15423204875939,False,False,False,True,True,0.0,0.0,0.0,0.0,0.0,1,0.9233733251598214,1.0164200017514669,False,False,False,False,-0.15893690446491354,-0.10952045285670385,False,False,False,False,13633539,15329063.451999627,False,False,False,False,1217729.1518673508,False,False,False,False
2024-11-19 00:00:00+00:00,2.03,2.05,2.005,2.04,678819,,,,,,,,,,2.1595910864776178,2.1388655583304654,2.151522505484326,2.160031276072792,2.1850043622670605,2.215856711430937,2.3638422653437074,2.4713546699452333,2.4932404773710655,2.468579323019289,2.40308590436112,2.366358205958169,2.3478717977036787,2.301086226413945,2.2781851923050507,2.263059840377747,2.246354896930157,2.226259388556186,2.2197870131345314,2.212408363729963,2.200236686638808,2.2344170876346703,2.271497717507584,2.301763350535851,2.3535180702563903,2.4156442467681534,2.46739869924665,,,,,,,,,,2.1595910864776178,2.2344170876346703,2.46739869924665,2.283617253260652,,"rgba(255, 26, 202, 1.0)",0.09557639272772425,2.280749194414735,-2.6235473766944066,44.59993247123831,-9.15423204875939,False,True,False,True,True,0.0,0.0,0.0,0.0,0.0,1,0.9262536873156344,1.0132082948091403,False,False,False,False,-0.1893968204523448,-0.14945863665452433,False,False,False,False,12954720,15235951.944078075,False,False,False,False,1196595.4204215724,False,False,False,False
2024-11-20 00:00:00+00:00,2.01,2.05,1.99,2.01,688010,,,,,,,,,,2.1514950960575963,2.135923684478671,2.1490528899718364,2.1580197350348813,2.18328758820284,2.2142814832178397,2.3621982733849163,2.469737851670327,2.491968206913116,2.467670129956334,2.4024474336162673,2.365839855612016,2.347406318313008,2.300743970627175,2.277907820315474,2.262806690724378,2.246132038486969,2.2260656260538734,2.2196023634070396,2.2122341957595073,2.200089855468181,2.234255355777584,2.271317282150948,2.301569740217594,2.3533043644717866,2.415414389410113,2.467153620713787,,,,,,,,,,2.1514950960575963,2.234255355777584,2.467153620713787,2.282241062590203,,"rgba(255, 26, 202, 1.0)",0.0977417077886341,2.2785940685614987,-2.747998522210519,43.89272434407212,-9.15423204875939,False,True,False,True,True,0.0,0.0,0.0,0.0,0.0,1,0.9239686177715092,1.0110190409026798,False,False,False,False,-0.20475455827532907,-0.17710659746492668,False,False,False,False,12266710,15119511.083525993,False,False,False,False,1176650.8941305305,False,False,False,False
2024-11-21 00:00:00+00:00,2.05,2.1,2.0,2.005,1252972,,,,,,,,,,2.142003990024863,2.1323147335945882,2.1458560155434117,2.1553283318455074,2.18085719804337,2.2119490941829407,2.359528967095704,2.467037196586169,2.4898298480843075,2.466145398636463,2.401390084562748,2.364989538315265,2.3466470591122195,2.3001956712572205,2.2774684528128977,2.2624092533425904,2.2457860841443646,2.225769699346488,2.2193220425859184,2.2119717311322997,2.1998715411124583,2.2340064607287657,2.2710322646118875,2.301258994919082,2.352954337342252,2.4150314000065465,2.4667409538047966,,,,,,,,,,2.142003990024863,2.2340064607287657,2.4667409538047966,2.2803400195124666,,"rgba(255, 26, 202, 1.0)",0.09906772640174842,2.275684291491107,-2.278080861328054,44.61083412638524,-9.15423204875939,False,True,False,True,True,0.0,0.0,0.0,0.0,0.0,1,0.9260483730642074,0.9956499042978947,False,False,False,False,-0.14381932715790324,-0.16046296231141496,False,False,False,False,13519682,15056772.6880936,False,False,False,False,1179643.8786744312,False,False,False,False
2024-11-22 00:00:00+00:00,2.08,2.11,2.03,2.06,688583,,,,,,,,,,2.1386474358551175,2.130984011310981,2.144592118290099,2.154220760761753,2.1797904157985815,2.210875934031339,2.358190492961692,2.4656499851554545,2.488725355925426,2.4653589158112523,2.400850110982508,2.364558656518255,2.3462641397194486,2.299923374169669,2.2772524091714823,2.2622153929556754,2.2456190772049562,2.2256290258968883,2.219189558608734,2.2118485792968525,2.199770471513365,2.2338872728655494,2.2708924449483634,2.301104377077011,2.3527771093088847,2.414834698137205,2.466527194372891,,,,,,,,,,2.1386474358551175,2.2338872728655494,2.466527194372891,2.279519287521308,,"rgba(255, 0, 0, 1.0)",0.09870914595665754,2.2744600266640878,-1.9700304848091144,45.965268997659614,-9.15423204875939,False,False,False,True,True,0.0,0.0,0.0,0.0,0.0,1,0.9308496845016857,0.9978390526406777,False,False,False,False,-0.10380414371681446,-0.13213355301411472,False,False,False,False,14208265,15023497.876795813,False,False,False,False,1160386.5893146496,False,False,False,False
2024-11-25 00:00:00+00:00,2.13,2.2,2.0806,2.09,1839141,,,,,,,,,,2.138441800138024,2.1313183541281018,2.144248511638669,2.1536164609570707,2.1786823418204313,2.2093765669803815,2.3554599903123887,2.4625846815820718,2.486250710038186,2.4636115975616786,2.3996946537636497,2.363663738813096,2.345483493995509,2.299402313914718,2.2768566968272808,2.2618730638533844,2.245338507915172,2.2254107820623044,2.21899050408461,2.2116711017425206,2.199636562748767,2.233695427245045,2.270639752997813,2.3008073392044106,2.352412220598646,2.4144079689807563,2.4660494689141026,,,,,,,,,,2.138441800138024,2.233695427245045,2.4660494689141026,2.278598793606462,,"rgba(239, 83, 80, 1.0)",0.09891975089492659,2.2733317788646312,-1.448970277097438,48.27032971488913,-7.139549238736585,True,False,False,False,True,0.0,0.0,0.0,0.0,0.0,1,0.937936052732954,0.9881008432136286,False,False,False,False,0.03508293415991605,-0.04852530942709934,False,False,False,False,16047406,15063651.136529312,False,False,False,False,1187004.409341526,False,False,False,False
2024-11-26 00:00:00+00:00,2.09,2.14,2.07,2.12,718111,,,,,,,,,,2.1367832903257753,2.1306384281633255,2.1434931838913798,2.152897243695754,2.177897161700766,2.2085181451122278,2.354235298444507,2.4612695426956783,2.4851929196171825,2.462857964228821,2.3991833357039245,2.3632597248974587,2.3451266735972593,2.299153820734207,2.276662260713727,2.261700634113928,2.245192249377343,2.2252904980696284,2.2188782685296733,2.2115679911962007,2.199553813027456,2.2335922828032735,2.2705142251049466,2.3006656331204556,2.352245769286695,2.4142196182474196,2.4658424633102842,,,,,,,,,,2.1367832903257753,2.2335922828032735,2.4658424633102842,2.277989931740438,,"rgba(255, 0, 0, 1.0)",0.09950200323936123,2.272462522463463,-1.8337572764694283,48.62132551970895,-6.564269855371968,True,False,False,False,True,0.0,0.0,0.0,0.0,0.0,1,0.9288296575181295,1.006289173636811,False,False,False,False,-0.03449137125759913,-0.04150834034234924,False,False,False,False,15329295,15074068.542939927,False,False,False,False,1168616.4325046034,False,False,False,False
2024-11-27 00:00:00+00:00,2.08,2.1301,2.07,2.09,564934,,,,,,,,,,2.1353580736689532,2.130012544013865,2.142828955983048,2.1522755890694683,2.1772387228599075,2.2078115364649276,2.3532551381820004,2.4602227419663345,2.4843505642554877,2.4622564787222787,2.3987734177847813,2.3629347718923217,2.3448391166103737,2.2989522705892114,2.2765038669324493,2.2615596884589424,2.245072148014183,2.225191032040034,2.2187852036076183,2.2114821935423032,2.199484479670578,2.2335072279180967,2.2704117661153145,2.300550613706291,2.3521115376985287,2.414068477586699,2.4656768278403085,,,,,,,,,,2.1353580736689532,2.2335072279180967,2.4656768278403085,2.2774852027329247,,"rgba(255, 0, 0, 1.0)",0.09878413995325094,2.2717335582546383,-1.9409346312614058,48.55670995339632,-6.33447325113562,True,False,False,False,True,0.0,0.0,0.0,0.0,0.0,1,0.9240270434255008,1.023684666724452,False,False,False,False,-0.03961278637462933,-0.04056056335848929,False,False,False,False,14764361,15061923.149099147,False,False,False,False,1144942.61162207,False,False,False,False
2024-11-29 00:00:00+00:00,2.08,2.115,2.06,2.09,400771,,,,,,,,,,2.1342120466816654,2.129482632819507,2.1422904010287365,2.1517808687850293,2.176731824790286,2.207279231270106,2.3525420129607473,2.4594668794301535,2.483742439266251,2.4618213126922184,2.3984753344478595,2.3626975801781813,2.344628744322324,2.298803718527651,2.2763865404451993,2.2614548761780435,2.2449823692383557,2.225116087826814,2.218714867161999,2.211417097069443,2.199431474974481,2.2334433528706206,2.270335720775593,2.30046580294889,2.3520133201169737,2.413958547890277,2.465556774756717,,,,,,,,,,2.1342120466816654,2.2334433528706206,2.465556774756717,2.2771013432560285,,"rgba(255, 0, 0, 1.0)",0.0975002887498464,2.2711720870924723,-1.9607335480098609,48.513632909187905,-6.040820952687625,True,False,False,False,True,0.0,0.0,0.0,0.0,0.0,1,0.9209297226181341,1.024931476811753,False,False,False,False,-0.04330583409086637,-0.04193319872467783,False,False,False,False,14764361,15050254.045212908,False,False,False,False,1115759.4111663026,False,False,False,False
2024-12-02 00:00:00+00:00,2.07,2.0907,2.04,2.07,878806,,,,,,,,,,2.1310126633371658,2.1279077393128927,2.1407816486193827,2.15043388730161,2.175424058590218,2.2059575918941414,2.350886577377462,2.457740445778424,2.4823551742167624,2.460824924745543,2.397786052764827,2.3621450754265454,2.344136556096982,2.2984511808748223,2.2761054873858124,2.2612019495805753,2.2447636224100744,2.22493083858397,2.218540050437242,2.2112541846580225,2.199297061500566,2.233286425657605,2.2701529238696097,2.30026446153117,2.351783620223689,2.4137045031546136,2.4652812805147697,,,,,,,,,,2.1310126633371658,2.233286425657605,2.4652812805147697,2.276131985469624,,"rgba(255, 26, 202, 1.0)",0.09445567147541187,2.269723645265535,-2.1144695934698445,48.13778473487925,-6.040820952687625,True,False,False,False,True,0.0,0.0,0.0,0.0,0.0,1,0.9357250287534284,1.0063478722463064,False,False,False,False,-0.09146411708137492,-0.06669865790302637,False,False,False,False,13885555,15004579.572851617,False,False,False,False,1106467.1205323301,False,False,False,False
2024-12-03 00:00:00+00:00,2.03,2.1,2.01,2.08,889811,,,,,,,,,,2.1271398256947744,2.125889138207701,2.138912459484779,2.1487929421685936,2.1738902390978296,2.2044534613854236,2.3491118094484493,2.45591809825394,2.480891961752082,2.4597696125859327,2.3970485546294027,2.3615495569772427,2.3436037372654037,2.2980642230749906,2.275794233850306,2.2609199265488527,2.244517549622337,2.224719752277325,2.2183398910344954,2.2110665378536907,2.199140485999485,2.2331085489043327,2.2699497806805784,2.30004330732878,2.3515349291150134,2.4134326707136116,2.4649885764552435,,,,,,,,,,2.1271398256947744,2.2331085489043327,2.4649885764552435,2.2750196755606775,,"rgba(255, 26, 202, 1.0)",0.0902353279730916,2.2680350106003884,-2.6379358943691233,46.52187755006928,-6.040820952687625,False,False,False,True,False,0.0,0.0,0.0,0.0,0.0,1,0.940011031439603,0.9910424710424711,False,False,False,False,-0.11409920178096421,-0.0903989298419953,False,False,False,False,12995744,14925801.707249593,False,False,False,False,1097970.802080082,False,False,False,False
2024-12-04 00:00:00+00:00,2.02,2.04,1.98,2.03,1170213,,,,,,,,,,2.1206589265624367,2.1223275360570226,2.1357159114820448,2.1460331813203792,2.1714136889083244,2.2021091889504856,2.346555257314458,2.453352726013546,2.4788359737094137,2.4582785758880474,2.3959915319902962,2.360687244004314,2.3428275767718674,2.2974898958180674,2.2753268162859275,2.2604926294468135,2.244140496779441,2.22439107896756,2.218026390972714,2.2107705047045267,2.19889014796431,2.232833402792698,2.2696433838786,2.2997148629178827,2.3511727933309174,2.4130433543722543,2.464573632552944,,,,,,,,,,2.1206589265624367,2.232833402792698,2.464573632552944,2.273271256597384,,"rgba(255, 26, 202, 1.0)",0.0873225356092123,2.2653325799067225,-2.809499039338942,45.10955683170994,-6.040820952687625,False,False,False,True,False,0.0,0.0,0.0,0.0,0.0,1,0.923666482606295,1.0109110988404197,False,False,False,False,-0.21420059495251237,-0.15229976239725385,False,False,False,False,11825531,14804222.46382804,False,False,False,False,1100803.8294494906,False,False,False,False
2024-12-05 00:00:00+00:00,2.025,2.065,2.0,2.01,1130428,,,,,,,,,,2.115931770176036,2.1195890506604704,2.133178841715968,2.1437936474353516,2.1693375128159746,2.2000937575699173,2.3442440080139795,2.4509954560255545,2.476937479521933,2.45690125772482,2.395020194521377,2.3598980683502573,2.342119011136201,2.2969697024538296,2.274905491581511,2.26010899781234,2.243803646327025,2.2240995445316805,2.2177490426165165,2.210509445710096,2.1986706240436296,2.2325883965107494,2.269367299046839,2.2994167219822255,2.350840926736444,2.4126836442243325,2.464188297575411,,,,,,,,,,2.115931770176036,2.2325883965107494,2.464188297575411,2.271809296335042,,"rgba(255, 26, 202, 1.0)",0.08567921526207392,2.2631060024553964,-2.779040421029563,44.41059330661679,-6.040820952687625,False,False,False,True,False,0.0,0.0,0.0,0.0,0.0,1,0.9422403475331355,0.9944811383483313,False,False,False,False,-0.16374302463688653,-0.15802139351707017,False,False,False,False,12955959,14731741.54367792,False,False,False,False,1101965.5616279421,False,False,False,False
2024-12-06 00:00:00+00:00,2.04,2.09,2.03,2.03,763607,,,,,,,,,,2.113801933472198,2.118287640676166,2.1319050879019867,2.142629427858339,2.1681983455624847,2.19894195499822,2.342816274240894,2.44950534799548,2.4757305839568335,2.456026457001799,2.39440872265105,2.359404660701129,2.3416778332638506,2.2966500659314697,2.2746487415251186,2.2598767798637285,2.2436014694947053,2.2239267210624334,2.2175853818520306,2.210356266026061,2.1985431269052955,2.232442252187554,2.2691993071670584,2.29923310964487,2.350633413019155,2.412455833393133,2.4639423567965473,,,,,,,,,,2.113801933472198,2.232442252187554,2.4639423567965473,2.270998984801799,,"rgba(255, 26, 202, 1.0)",0.08238849959103321,2.261900669032906,-2.693345189369814,44.703472780640524,-6.040820952687625,False,False,False,True,False,0.0,0.0,0.0,0.0,0.0,1,0.9447692722856887,1.0032382837096339,False,False,False,False,-0.10315125873238996,-0.13058632612473006,False,False,False,False,13719566,14692048.385102315,False,False,False,False,1088696.5984268463,False,False,False,False
2024-12-09 00:00:00+00:00,2.02,2.13,2.02,2.05,1328677,,,,,,,,,,2.110608498857226,2.116251190616722,2.1298730423940393,2.140746565796541,2.16632463049392,2.1970252399752175,2.3403933641723196,2.4469605996228627,2.473663340640654,2.4545258347617445,2.393360309075491,2.3585592152482646,2.3409222252532653,2.2961034846847515,2.274210119038776,2.2594804622555658,2.2432568479733352,2.223632700013892,2.2173071506798143,2.210096086698792,2.1983268944751173,2.2321932501305506,2.2689121271754997,2.2989185982928557,2.3502770688068106,2.4120638029584973,2.463518589054893,,,,,,,,,,2.110608498857226,2.2321932501305506,2.463518589054893,2.2696650454126597,,"rgba(255, 26, 202, 1.0)",0.08178057876451983,2.259931371463086,-2.933842913412826,44.0631639157601,-6.040820952687625,False,True,False,True,False,0.0,0.0,0.0,0.0,0.0,1,0.9299724860211238,0.9921008254193666,False,False,False,False,-0.07044424714786679,-0.10051528663629843,False,False,False,False,12390889,14601806.840588499,False,False,False,False,1098107.59456697,False,False,False,False
2024-12-10 00:00:00+00:00,2.01,2.0499,2.0,2.03,1214366,,,,,,,,,,2.106203201311712,2.113428207226099,2.127225416210258,2.138376148483334,2.1641113617266083,2.1948716626531426,2.3379326847902995,2.4444474472883604,2.47162698584718,2.4530385394701484,2.3923039436137428,2.357697191638314,2.340146409290988,2.29552986384196,2.2737434036709896,2.2590542898488506,2.242881252025175,2.2233060085522207,2.2169957928135973,2.209802364768472,2.1980787902566736,2.231918832239858,2.2686050645766387,2.2985884182602874,2.3499115219559408,2.4116693331458867,2.463097182539295,,,,,,,,,,2.106203201311712,2.231918832239858,2.463097182539295,2.2681361087535725,,"rgba(255, 26, 202, 1.0)",0.08030218827303624,2.257613138817452,-3.083516702876642,43.21499316341987,-3.5520173560832617,False,True,False,True,False,0.0,0.0,0.0,0.0,0.0,1,0.9264463370004745,1.025865769083064,False,False,False,False,-0.18057010408912488,-0.14054269536271166,False,False,False,False,11176523,14467481.984094834,False,False,False,False,1102666.7477212064,False,False,False,False
2024-12-11 00:00:00+00:00,1.95,2.01,1.94,2.01,1566900,,,,,,,,,,2.097969192392758,2.108078508849434,2.1223851891408674,2.1341352757230387,2.1603324873171346,2.1913455398982378,2.334290004201874,2.4408463756851257,2.4687194244778174,2.4509001108968387,2.3907558537930216,2.3564168679113555,2.3389851742946988,2.2946507501238362,2.273017776621641,2.2583845447853066,2.242283049856964,2.2227759349758482,2.2164872078928575,2.2093186797563247,2.19766418469363,2.2314770184380195,2.2681252846264788,2.298082260321273,2.3493650484601876,2.4110924192481282,2.46248936271017,,,,,,,,,,2.097969192392758,2.2314770184380195,2.46248936271017,2.2656038974297497,,"rgba(255, 26, 202, 1.0)",0.08139033964411288,2.2536909393370803,-3.7312897410798174,40.39141150139276,-6.328549791089557,False,True,False,True,False,0.0,0.0,0.0,0.0,0.0,1,0.9173168690775042,1.0179568944071287,False,False,False,False,-0.29499023116381057,-0.2177664632632611,False,False,False,False,9609623,14276977.710208762,False,False,False,False,1120871.973300767,False,False,False,False
2024-12-12 00:00:00+00:00,1.96,1.98,1.92,1.95,1156651,,,,,,,,,,2.0919318868618118,2.1040237618629867,2.118705134453063,2.1308980081849884,2.157448762071795,2.188661388293867,2.3315507115774126,2.4381490040427694,2.4665380844750793,2.4492904607619996,2.389584591267533,2.355444978522493,2.3381020661401464,2.293978558424502,2.272461113801723,2.2578696118980917,2.241821848092455,2.222365751090591,2.216093139062081,2.2089433156259695,2.1973414732332657,2.2311354506172147,2.2677564774935264,2.2976946228766146,2.348948632942078,2.4106547651499866,2.4620295976123616,,,,,,,,,,2.0919318868618118,2.2311354506172147,2.4620295976123616,2.2636931088255685,,"rgba(255, 26, 202, 1.0)",0.08373418904134106,2.250732276896465,-3.472085658498769,39.14080389101887,-7.533379212598888,False,True,False,True,False,0.0,0.0,0.0,0.0,0.0,1,0.9125960514087542,1.0236643470770908,False,False,False,False,-0.34282825441539394,-0.2802973588393275,False,False,False,False,10766274,14139303.054906458,False,False,False,False,1122275.0723870115,False,False,False,False
2024-12-13 00:00:00+00:00,1.93,1.96,1.9,1.96,1525800,,,,,,,,,,2.083480727385258,2.0982095278619446,2.1134374752843748,2.126262387928027,2.153344307347143,2.184869797519191,2.3277776103867844,2.434467014119849,2.463559098402775,2.447083796218417,2.3879669488778354,2.3540960737010166,2.336873007404066,2.29303541235656,2.271676274381487,2.257141147517061,2.2411666735146945,2.221779798034893,2.215529101575988,2.2084047859583165,2.19687648532147,2.230648413641249,2.267235278024127,2.2971500429173854,2.3483683350158837,2.4100493195078716,2.4613966042495647,,,,,,,,,,2.083480727385258,2.230648413641249,2.4613966042495647,2.261008048288784,,"rgba(255, 26, 202, 1.0)",0.08709645683257951,2.246564047776552,-3.634637496047224,37.238843632710335,-9.337436176458603,False,True,False,True,False,0.0,0.0,0.0,0.0,0.0,1,0.9021991405657559,1.0446721970724084,False,False,False,False,-0.34282825441539394,-0.3115628066273607,False,False,False,False,9240474,13947192.111576794,False,False,False,False,1138099.5793522266,False,False,False,False
2024-12-16 00:00:00+00:00,1.93,2.0,1.91,1.93,1101150,,,,,,,,,,2.0785147293201227,2.0946415605755835,2.1101441043759386,2.123320646346138,2.1506872873136804,2.1823762595590144,2.3252106258913665,2.4319294479692295,2.4614961886281783,2.445553846393159,2.3868488033111954,2.3531659374981246,2.3360267467687033,2.2923888962697476,2.2711396172387373,2.256644113487137,2.2407207846419404,2.221382452062922,2.215147102737421,2.20804061538786,2.196562807547171,2.230317333805488,2.266878673570049,2.2967758231556465,2.347967183135631,2.409628461174828,2.4609550145646613,,,,,,,,,,2.0785147293201227,2.230317333805488,2.4609550145646613,2.259268988288809,,"rgba(255, 26, 202, 1.0)",0.08991352201664658,2.2438931660461536,-3.4910562839262322,35.97087012717131,-10.526860162914119,False,True,False,True,False,0.0,0.0,0.0,0.0,0.0,1,0.8861418791366251,1.0373916801237293,False,False,False,False,-0.2876820888922219,-0.2996224477597913,False,False,False,False,9240474,13762614.930730645,False,False,False,False,1136650.5762403745,False,False,False,False
2024-12-17 00:00:00+00:00,1.95,1.98,1.91,1.92,1022075,,,,,,,,,,2.07421743428301,2.091476944354005,2.1072015379399165,2.1206751015670555,2.148281484306234,2.180108052726791,2.3228587319184495,2.4295976195473217,2.459596099543097,2.444142112137571,2.385816011792363,2.3523063879139983,2.3352445353315487,2.2917909633621116,2.270643081637738,2.256184194070945,2.240308122169523,2.2210146657405687,2.21479350580725,2.207703502041122,2.1962723583594315,2.23001071930605,2.266548386576195,2.2964291909973804,2.3475955547928304,2.4092385087419657,2.4605458134871014,,,,,,,,,,2.07421743428301,2.23001071930605,2.4605458134871014,2.257698004409531,,"rgba(255, 26, 202, 1.0)",0.09104632025748724,2.2414901431915224,-3.201558749075876,36.58787484832513,-10.526860162914119,False,True,False,True,False,0.0,0.0,0.0,0.0,0.0,0,0.8921957522043658,1.0383978965024818,False,False,False,False,-0.30951961419311885,-0.3045710309764551,False,False,False,False,10262549,13625357.443251012,False,False,False,False,1132157.4163878106,False,False,False,False
2024-12-18 00:00:00+00:00,1.89,1.985,1.88,1.97,1318216,,,,,,,,,,2.067928976113811,2.086829368238866,2.102916406572222,2.116840920530079,2.1448366809374453,2.176898976543921,2.319642963148063,2.4264485257118094,2.4570318510202065,2.4422300583465932,2.384405627868412,2.351126080999376,2.3341670874013145,2.2909597689289507,2.2699491062695167,2.255538911090852,2.239726410145798,2.220492928109943,2.214290782604529,2.207222940093684,2.195856339115352,2.2295767960463166,2.266085762910305,2.295947002437896,2.3470834637396556,2.4087057919765233,2.4599899630389146,,,,,,,,,,2.067928976113811,2.2295767960463166,2.4599899630389146,2.2554742185337697,,"rgba(255, 26, 202, 1.0)",0.09411498621700518,2.2380693946312675,-3.698341875423626,34.74710326276467,-11.680047885714515,False,True,False,True,False,0.0,0.0,0.0,0.0,0.0,0,0.8975419974363013,1.029100231632447,False,False,False,False,-0.3372275254679853,-0.3208992782222202,False,False,False,False,8944333,13441787.857241169,False,False,False,False,1139453.8314314259,False,False,False,False
2024-12-19 00:00:00+00:00,1.87,1.95,1.87,1.91,1033605,,,,,,,,,,2.062677905399084,2.082909533907551,2.099311379025769,2.1136175040082508,2.1419554358493422,2.1742309878337487,2.3170228234067825,2.423902206507622,2.4549579842256612,2.4406789255433257,2.3832545594274896,2.3501589837610948,2.3332823384228987,2.290272872514891,2.2693734612798804,2.255002270937036,2.2392411114112156,2.220055849014416,2.21386902104133,2.206819072693363,2.1955056121891996,2.229213777478151,2.265701334484279,2.2955481365763934,2.3466625422722722,2.4082704800659176,2.4595375186224997,,,,,,,,,,2.062677905399084,2.229213777478151,2.4595375186224997,2.2536297113105377,,"rgba(255, 26, 202, 1.0)",0.09818960331009893,2.23522596286711,-3.719599128164985,32.8833562832191,-13.444742950278666,False,True,False,True,False,0.0,0.0,0.0,0.0,0.0,0,0.9069559182394165,1.0256117491660512,False,False,False,False,-0.34282825441539394,-0.3318637663188071,False,False,False,False,7910728,13224883.549114063,False,False,False,False,1135302.8968654878,True,False,False,False
2024-12-20 00:00:00+00:00,1.95,1.97,1.86,1.87,1907963,,,,,,,,,,2.0553922871479404,2.077182371011323,2.093915121840676,2.1086981094922668,2.1374383483399995,2.169955329445514,2.3126096909091887,2.4195294316373728,2.451373376157882,2.4379953165681103,2.3812741016898227,2.348501942661539,2.3317700909897647,2.289107340129907,2.2684006676739648,2.2540984560655235,2.238427015401897,2.219326682513236,2.213166767956357,2.206148158635164,2.194925126810833,2.2286060108017502,2.265051321309921,2.2948691658910683,2.345939275796122,2.407515871636364,2.4587486559139107,,,,,,,,,,2.0553922871479404,2.2286060108017502,2.4587486559139107,2.2507155303133723,,"rgba(255, 26, 202, 1.0)",0.09990053612025049,2.208070778881184,-2.583277216556114,36.66836116702369,-17.28574548168541,False,True,False,True,True,0.0,0.0,0.0,0.0,0.0,0,0.9166278837843227,1.0131640183498436,False,False,False,False,-0.33228385979422365,-0.3320738130565154,False,False,False,False,9818691,13091307.370717434,False,False,False,False,1165603.2930668413,False,False,False,False
2024-12-23 00:00:00+00:00,2.01,2.04,1.95,1.98,3031119,,,,,,,,,,2.051048139547758,2.072935109395601,2.0894722795319494,2.10433643482187,2.133004937970526,2.1654166734608578,2.3070941199967456,2.41374893853443,2.4465596572225943,2.434392343965849,2.37866477096087,2.3463489888785327,2.329821365942574,2.2876425371747398,2.2671957411559682,2.2529920833088286,2.2374445496929156,2.218464109732713,2.212341918986711,2.2053668261786625,2.194258760926843,2.227878765756255,2.264246461450136,2.2940094429774174,2.344995432936885,2.40650399029754,2.4576722722407673,,,,,,,,,,2.051048139547758,2.227878765756255,2.4576722722407673,2.247714576323035,,"rgba(255, 0, 0, 1.0)",0.1005956583878391,2.2061277549036253,-1.9496642106309354,41.96861814347352,-12.513316597897024,False,True,False,True,True,0.0,0.0,0.0,0.0,0.0,0,0.927358722084644,1.0188296187225307,False,False,False,False,-0.171372508199585,-0.2517231606280502,False,False,False,False,12849810,13081836.885591261,False,False,False,False,1238760.7717701024,False,False,False,False
2024-12-24 00:00:00+00:00,2.0,2.0303,1.99,2.02,958082,,,,,,,,,,2.0499770083475473,2.071803875305282,2.088253811421228,2.1031144308611527,2.131730804000051,2.164088723264942,2.305428532303403,2.4119841595115408,2.4450821442912356,2.4332833550241886,2.377862027011259,2.3456871884194994,2.3292227013974998,2.2871934410991215,2.266826720808651,2.2526536798972745,2.2371444936963956,2.2182012766355315,2.212090791292094,2.2051291882710244,2.194056385135577,2.2276566553773263,2.263999564060289,2.293744972072373,2.344704001973549,2.4061905038774882,2.457338111322742,,,,,,,,,,2.0499770083475473,2.2276566553773263,2.457338111322742,2.246837917642946,,"rgba(255, 26, 202, 1.0)",0.10080419875423238,2.2052072235370552,-2.0357011520657453,45.034963579651915,-9.94454904737698,False,False,False,True,True,0.0,0.0,0.0,0.0,0.0,1,0.9184401909606034,1.0209922812653371,False,False,False,False,-0.1420944421055912,-0.1969088013668207,False,False,False,False,11891728,13035165.94890141,False,False,False,False,1227753.7611124513,False,False,False,False
2024-12-26 00:00:00+00:00,2.01,2.04,1.99,2.0,747921,,,,,,,,,,2.049297885540444,2.0710337986944003,2.087401954822823,2.1022451306671686,2.130805230133314,2.1631100470442206,2.3041693930346936,2.4106392504469865,2.443952791358901,2.4324348864580503,2.3772488206361726,2.3451823231027347,2.328766383274522,2.286852040004393,2.2665466290064074,2.252397190851909,2.236917459975281,2.2180029090186366,2.211901432139239,2.204950200685668,2.1939042335755947,2.227488721468105,2.263812065797708,2.29354356912222,2.3444812609359484,2.4059501417901408,2.457081391423864,,,,,,,,,,2.049297885540444,2.227488721468105,2.457081391423864,2.2461927878447985,,"rgba(255, 0, 0, 1.0)",0.10092468871782095,2.204532856709748,-1.9275051444909554,47.542941365014926,-7.8527898139728265,True,False,False,False,True,0.0,0.0,0.0,0.0,0.0,1,0.9250491334643558,1.0154993746649992,False,False,False,False,-0.13277482962598144,-0.1648418154964011,False,False,False,False,12639649,13019655.48031704,False,False,False,False,1208936.7900884335,False,False,False,False
2024-12-27 00:00:00+00:00,1.98,2.03,1.95,2.01,1289015,,,,,,,,,,2.0473592889757013,2.0691612863811906,2.0854658819905656,2.1003480901220226,2.1288890390199504,2.1611577687876844,2.3018279454111137,2.40818836826392,2.4419005174413524,2.430888066136643,2.376119720915789,2.344246163990012,2.3279167964331795,2.2862084699642042,2.2660146658284477,2.2519072637791027,2.2364807151883173,2.2176175029477703,2.211532209753462,2.2045996837814927,2.1936039691474782,2.227163947374503,2.263455243632835,2.293164167683,2.344067219660081,2.4055084863706973,2.4566130932279187,,,,,,,,,,2.0473592889757013,2.227163947374503,2.4566130932279187,2.244891472255596,,"rgba(255, 26, 202, 1.0)",0.10164870613763703,2.202759332090244,-2.1914625434446524,47.70932566736981,-7.839430109591511,True,False,False,False,True,0.0,0.0,0.0,0.0,0.0,1,0.9168585089428014,1.0142553568266337,False,False,False,False,-0.1810970299177758,-0.17296942270708843,False,False,False,False,11350634,12954203.657559508,False,False,False,False,1212077.11204575,False,False,False,False
2024-12-30 00:00:00+00:00,1.95,1.98,1.92,1.96,1690287,,,,,,,,,,2.043561790739861,2.065791287480224,2.0821357393436752,2.097180332429585,2.125823977381455,2.1581378868199335,2.2984582532786413,2.4047412869550957,2.43902259748937,2.4287098268396092,2.3745105178959647,2.342900839710398,2.3266900869168716,2.2852659334193826,2.2652289990165184,2.251179119680211,2.2358265952559,2.2170341328936587,2.210971229324679,2.204064707150855,2.1931420160390536,2.226674667897864,2.262926932729393,2.292608729570055,2.3434701845150436,2.404880174439539,2.4559526219921937,,,,,,,,,,2.043561790739861,2.226674667897864,2.4559526219921937,2.2428617570010947,,"rgba(255, 26, 202, 1.0)",0.1030186285961623,2.1995771968867857,-2.4226414221173496,46.437160309498154,-7.839430109591511,True,False,False,False,True,0.0,0.0,0.0,0.0,0.0,1,0.9130090597238104,1.0207582021285952,False,False,False,False,-0.2602950157569418,-0.21663221923201512,False,False,False,False,9660347,12825032.80824345,False,False,False,False,1230830.4409851325,False,False,False,False
2024-12-31 00:00:00+00:00,2.02,2.03,1.94,1.94,1455627,,,,,,,,,,2.042037775765409,2.0641477992780572,2.0803638627614585,2.0953890692209107,2.1239459460191648,2.15617338902013,2.295989434029671,2.402114456418648,2.4368050124207117,2.427031070817317,2.3732857011319703,2.3418863568512047,2.3257701296731863,2.2845708655741923,2.2646552300144167,2.2506515967134026,2.2353572559368318,2.216621225901239,2.210576097409005,2.2036900913502686,2.192821682359452,2.226325533105788,2.2625410279605394,2.292196797920401,2.343018290627623,2.4043958456578736,2.4554375558503345,,,,,,,,,,2.042037775765409,2.226325533105788,2.4554375558503345,2.24155311831536,,"rgba(255, 0, 0, 1.0)",0.1030591975429382,2.197926317618858,-1.7264477296626297,48.98264301369868,-6.721018811752316,True,False,False,False,True,0.0,0.0,0.0,0.0,0.0,1,0.9182852295713074,1.0118320029580008,False,False,False,False,-0.19085555294804007,-0.20374388609002758,False,False,False,False,11115974,12758010.894194689,False,False,False,False,1239645.9923190488,False,False,False,False
2025-01-02 00:00:00+00:00,2.06,2.09,2.01,2.01,1804324,,,,,,,,,,2.04247517898861,2.0638382077158766,2.079686651448938,2.0944801301970344,2.1226957659072214,2.1546455324523763,2.293553552575643,2.399353507859088,2.434436826541497,2.4252398108687756,2.3720052383417674,2.3408421408114037,2.3248320169330574,2.2838825935287317,2.2640970782374135,2.2501459470903304,2.2349155469317856,2.216242856806465,2.2102175435907694,2.2033542009912837,2.192540349745476,2.2260006517767623,2.2621658508527775,2.2917853793026906,2.3425511555849248,2.4038803042552934,2.4548793689977733,,,,,,,,,,2.04247517898861,2.2260006517767623,2.4548793689977733,2.240547016390904,,"rgba(239, 83, 80, 1.0)",0.1018642888029434,2.1972286983003544,-1.3471718097970862,52.246928866262664,-3.6375142931787323,True,False,True,False,True,0.0,0.0,0.0,0.0,0.0,1,0.9361237763899994,0.9987898956284981,False,False,False,False,-0.06609615900702845,-0.13492002254852803,False,False,False,False,12920298,12764375.094422348,False,False,False,False,1261790.2279143804,False,False,False,False
2025-01-03 00:00:00+00:00,2.07,2.11,2.035,2.05,1347437,,,,,,,,,,2.0432956131063076,2.0640020656715845,2.0795393568720977,2.0941177694601927,2.1220298832445352,2.1537350115917917,2.291902552992329,2.3974277640711894,2.4327714605603976,2.4239786817766076,2.371110305042524,2.3401166664290733,2.3241826769712746,2.283411931183806,2.263718269758522,2.249805041727998,2.2346202454475677,2.215993109092624,2.209982012636065,2.2031348754175153,2.1923585663491076,2.225784506828921,2.26191107133421,2.2915026135134893,2.342225339960261,2.4035163770870964,2.454482520420865,,,,,,,,,,2.0432956131063076,2.225784506828921,2.454482520420865,2.2399437646527005,,"rgba(239, 83, 80, 1.0)",0.1001407567934618,2.196945570060364,-1.2676713670357704,54.799406178760535,-1.259829262008985,True,False,True,False,True,0.0,0.0,0.0,0.0,0.0,1,0.9454549492526705,1.0220756435027873,False,False,False,False,-0.02357588315177856,-0.07924795285015329,False,False,False,False,14267735,12823330.384837158,False,False,False,False,1265148.9248589147,False,False,False,False
2025-01-06 00:00:00+00:00,2.03,2.1206,2.02,2.1,1371806,,,,,,,,,2.0568666666666666,2.043673127085009,2.0638531856824507,2.0791232019835113,2.093524971746534,2.12117553505757,2.1526648145456613,2.290135472938111,2.3954022834156095,2.4310227610620436,2.422650404032233,2.370159886758362,2.33934157897632,2.3234864601966287,2.2829015540784363,2.263304537310708,2.249430581960575,2.234293492937712,2.215713746527243,2.209717473045443,2.2028872797705663,2.192151430354239,2.22554400162466,2.2616322586015505,2.2911961483872587,2.341876335006201,2.4031301986633657,2.4540637507583147,,,,,,,,,,2.043673127085009,2.22554400162466,2.4540637507583147,2.231922086800341,,"rgba(255, 0, 0, 1.0)",0.09832136131119289,2.1795290100111973,-1.520819158900062,54.35387939361566,-1.259829262008985,True,False,True,False,True,0.0,0.0,0.0,0.0,0.0,0,0.9206834251555772,1.0231525884950814,False,False,False,False,-0.014186120456747853,-0.046717036653450575,False,False,False,False,12895929,12826177.38935335,False,False,False,False,1269331.5552566042,False,False,False,False
2025-01-07 00:00:00+00:00,2.02,2.0566,1.994,2.03,1570282,,,,,,,,,2.0390756511248704,2.043051619950457,2.062912658633084,2.0779792643966055,2.0922728152965138,2.1197318065825446,2.151052160785661,2.2878606424681176,2.392887727555541,2.4288643601073967,2.4210042117308075,2.3689639888142136,2.3383554562089186,2.3225948705268094,2.282234410381669,2.2627568288143998,2.2489298345969533,2.2338509441322603,2.215328314278229,2.209349986413946,2.202540424536874,2.1918568715225706,2.2252153006573465,2.261262233134669,2.290796562005404,2.3414312805104913,2.402646748989886,2.453545336363067,,,,,,,,,,2.043051619950457,2.2252153006573465,2.453545336363067,2.22995287763995,,"rgba(255, 0, 0, 1.0)",0.09734479446280123,2.177388930678861,-1.6168191791601643,53.54501702916073,-1.259829262008985,True,False,True,False,True,0.0,0.0,0.0,0.0,0.0,0,0.9209159000427362,1.0264963224543961,False,False,False,False,-0.1032067443713452,-0.07496189051239788,False,False,False,False,11325647,12767333.060359102,False,False,False,False,1281133.5334818356,False,False,False,False
2025-01-08 00:00:00+00:00,2.03,2.03,1.97,2.0,2239626,,,,,,,,,2.026508654137736,2.0416582210757444,2.0612089471435127,2.076040977658898,2.090225785054366,2.117465519368223,2.148583740380803,2.284519792927865,2.389230329065701,2.4257237181383844,2.4186005295925224,2.3672062707626766,2.3368995957445393,2.32127523483884,2.281239341479709,2.261936022722529,2.2481768171034338,2.2331825529017073,2.2147426548960656,2.2087903679331506,2.2020108088501167,2.191404896205814,2.2247170005775376,2.260706536603613,2.290199954728038,2.3407717359753746,2.4019348139904246,2.4527848982759592,,,,,,,,,,2.0416582210757444,2.2247170005775376,2.4527848982759592,2.22766075364632,,"rgba(239, 83, 80, 1.0)",0.09733035599541483,2.174676921491077,-1.4864521968654145,53.496534979085375,-1.259829262008985,True,False,True,False,True,0.0,0.0,0.0,0.0,0.0,0,0.9116533254722328,1.0350121317943717,False,False,False,False,-0.15389003689204303,-0.11442596370222045,False,False,False,False,13565273,12798624.822697962,False,False,False,False,1318721.473345293,False,False,False,False
2025-01-10 00:00:00+00:00,1.98,1.995,1.9384,1.99,1836244,,,,,,,,,2.012019738619125,2.0393019666599783,2.0588921806261156,2.0736445310358578,2.087844909352341,2.115028916384505,2.146073679502012,2.281460615065245,2.3859813661150344,2.4229461898251827,2.4164651779438238,2.3656225146033085,2.335574771837764,2.3200675027824644,2.280312777025678,2.2611638113369845,2.247462786625154,2.232542600487943,2.214174285597679,2.208244631466078,2.201491295118328,2.190956961963081,2.2242365260976524,2.2601824091064615,2.289645102755576,2.3401696276929975,2.401295336483936,2.4521088095936574,,,,,,,,,,2.0393019666599783,2.2242365260976524,2.4521088095936574,2.2252412476446137,,"rgba(255, 0, 0, 1.0)",0.09785294169412666,2.171549369657707,-1.957522853594539,50.898176599160934,-1.259829262008985,True,False,False,False,False,0.0,0.0,0.0,0.0,0.0,1,0.8894305290351568,1.0324385038750983,False,False,False,False,-0.21825623686748688,-0.16634110028485366,False,False,False,False,11729029,12756679.888474513,False,False,False,False,1339016.4743905757,False,False,False,False
2025-01-13 00:00:00+00:00,1.95,1.99,1.94,1.96,1129312,,,,,,,,,2.0048091619401345,2.0377053010240505,2.05735223803404,2.072070063192519,2.086292120885674,2.1134574093598846,2.1444689051363013,2.2795422276730197,2.3839552177202545,2.4212130906015727,2.4151294233761007,2.364627448250997,2.3347399993698508,2.319305294475251,2.279725252572373,2.2606727729572103,2.247007854981227,2.232133875705856,2.2138100946451367,2.2078945389604843,2.2011575615413075,2.190668474047111,2.2239289733093575,2.2598486261241253,2.289292925168233,2.33978915488058,2.400892837598165,2.4516843458257163,,,,,,,,,,2.0377053010240505,2.2239289733093575,2.4516843458257163,2.223795614543097,,"rgba(255, 26, 202, 1.0)",0.09880762088999948,2.1696297747143025,-2.2228019735321016,47.842427902914565,3.468912341884163,True,False,False,False,False,0.0,0.0,0.0,0.0,0.0,1,0.8955910687974612,1.0361328346367449,False,False,False,False,-0.2121254835991624,-0.18923329194200803,False,False,False,False,10599717,12672093.108534336,False,False,False,False,1330792.769512514,False,False,False,False
2025-01-14 00:00:00+00:00,1.95,1.97,1.9346,1.95,1609130,,,,,,,,,1.9960223415877438,2.035302104140549,2.0550552844717322,2.0697366475936043,2.083999610161986,2.1111519140196173,2.142126758208771,2.2767765979084147,2.381044285593978,2.4187210134455888,2.413204431540897,2.3631885146211786,2.3335302129393605,2.318199339141271,2.278869746311549,2.259956239510711,2.246343066445441,2.231535553337983,2.2132757163846004,2.207380423552809,2.200666983615367,2.1902436149887534,2.2234779650486445,2.2593609138677517,2.2887795446855392,2.339236285538474,2.4003096041552427,2.45107040798805,,,,,,,,,,2.035302104140549,2.2234779650486445,2.45107040798805,2.221770990045889,,"rgba(255, 26, 202, 1.0)",0.10000112611976482,2.166899612799369,-2.1689717027746513,45.805262105416986,1.4630863141086508,True,False,False,True,False,0.0,0.0,0.0,0.0,0.0,1,0.9107906353278332,1.0299059372761101,False,False,False,False,-0.2415296336739344,-0.2153814628079712,False,False,False,False,10599717,12590823.457219265,False,False,False,False,1341707.955021827,False,False,False,False
2025-01-15 00:00:00+00:00,1.98,2.01,1.93,1.96,1237370,,,,,,,,,1.9934686499838847,2.0340010673817166,2.0537136107778826,2.0683226267874217,2.0825706057192725,2.1096593260368217,2.140565658979694,2.2748218639128774,2.378944654801391,2.416911182778628,2.4118043977538814,2.3621470565490434,2.3326579026042236,2.3174037026451595,2.278258526999831,2.2594462890054734,2.245871547291361,2.231112881180153,2.212900376692511,2.2070200517562726,2.200323949256721,2.1899476794320547,2.223159888686891,2.259013412106169,2.2884112816554083,2.338836061099277,2.399883880834289,2.4506198912801955,,,,,,,,,,2.0340010673817166,2.223159888686891,2.4506198912801955,2.2205800989818747,,"rgba(255, 0, 0, 1.0)",0.09986671297462535,2.1653263822894155,-1.8557372799133205,46.294757511620304,1.4630863141086508,True,False,False,True,False,0.0,0.0,0.0,0.0,0.0,1,0.9153282003244306,0.9952934725490646,False,False,False,False,-0.2006501311997874,-0.2080157970038793,False,False,False,False,11837087,12561265.164779294,False,False,False,False,1337616.2705111671,False,False,False,False
2025-01-16 00:00:00+00:00,1.97,2.0,1.95,1.98,887664,,,,,,,,,1.991964336975935,2.0331008836380313,2.052777943076188,2.0673335236204293,2.081567991969246,2.108608335653106,2.139463428736351,2.2734350198719095,2.3774516948306994,2.415621881354739,2.4108055194958355,2.361403356857093,2.332034723107915,2.3168351870025505,2.2778215549949867,2.2590815772800292,2.2455342911376888,2.2308105162329515,2.2126318382069283,2.2067622112437615,2.2000785004302608,2.189735878240499,2.2229322050339375,2.258764641118698,2.2881476264967104,2.3385494871594408,2.3995789981908926,2.4502972228465163,,,,,,,,,,2.0331008836380313,2.2229322050339375,2.4502972228465163,2.2197522907643186,,"rgba(255, 0, 0, 1.0)",0.10007038063821325,2.1642345409630406,-1.9409793359861518,46.08999161921886,1.4500399174511358,True,False,False,True,False,0.0,0.0,0.0,0.0,0.0,1,0.919065537062259,1.012557999953831,False,False,False,False,-0.18922669192483554,-0.19862124446435742,False,False,False,False,10949423,12498055.668121282,False,False,False,False,1319971.0834322977,False,False,False,False
2025-01-17 00:00:00+00:00,1.99,2.0,1.965,1.98,1402196,,,,,,,,,1.9912291941384495,2.031999281606689,2.051554151649983,2.0660011735085826,2.080187910516316,2.1071211300777994,2.137871807913411,2.2713542665111697,2.375183049474833,2.413653762291387,2.40927871656545,2.3602694969514126,2.3310865860400525,2.315971322502599,2.277160189610436,2.258530796788051,2.2450260037009535,2.2303559055705433,2.212229487962909,2.2063763701280585,2.1997117513883246,2.189420141599301,2.222590161157532,2.258388578421393,2.2877474432849816,2.3381121475156124,2.399111435835062,2.4498008542333407,,,,,,,,,,2.031999281606689,2.222590161157532,2.4498008542333407,2.218622030175454,,"rgba(255, 0, 0, 1.0)",0.09966082118503262,2.1627780521987363,-1.7336607319134218,47.20335990843195,1.4500399174511358,True,False,False,False,False,0.0,0.0,0.0,0.0,0.0,1,0.9049426984461789,1.0303264665213623,False,False,False,False,-0.16652237906336606,-0.18257181176386172,False,False,False,False,12351619,12492313.053685155,False,False,False,False,1323195.5899643644,False,False,False,False
2025-01-21 00:00:00+00:00,1.95,1.99,1.94,1.98,1159313,,,,,,,,,1.9887224743692011,2.030661314708443,2.050207504940383,2.0646016755041607,2.078784376882497,2.105672053058415,2.136369258331554,2.26950824473126,2.3732081668899836,2.411945974994157,2.407950729246088,2.3592750763934314,2.330250240921079,2.3152067891581014,2.2765690380552637,2.258035621615756,2.2445669949213416,2.2299431400275673,2.2118614226440876,2.2060224643056534,2.1993742765104445,2.189127994778079,2.222278427895528,2.2580500741773353,2.2873901192387076,2.3377258363073814,2.3987023690645994,2.4493692333042096,,,,,,,,,,2.030661314708443,2.222278427895528,2.4493692333042096,2.217468128084921,,"rgba(255, 26, 202, 1.0)",0.10044688435472902,2.1612362631694304,-2.1029648109686288,45.77328116036448,0.7749470902761857,True,False,False,True,False,0.0,0.0,0.0,0.0,0.0,1,0.9067090209940528,1.0309059208483602,False,False,False,False,-0.20776643998555766,-0.1951691258747097,False,False,False,False,11192306,12441332.38491319,False,False,False,False,1316768.8217304677,False,False,False,False
2025-01-22 00:00:00+00:00,1.92,1.95,1.91,1.95,1331514,,,,,,,,,1.9834843747796411,2.0284881058418676,2.0481551346549214,2.062541306314765,2.0767711133424505,2.103669693153536,2.134354248113194,2.2671893921939557,2.3707818789127773,2.4098568118229458,2.40632236065007,2.3580441838624346,2.3292082449324227,2.314250713318622,2.275821585959161,2.257405535385022,2.243980086987404,2.2294122672603987,2.211384235936001,2.205562339695148,2.1989340332199063,2.18874468909707,2.221875915105607,2.2576188608065935,2.2869389921925785,2.33724404747416,2.3981978531069337,2.4488407353759607,,,,,,,,,,2.0284881058418676,2.221875915105607,2.4488407353759607,2.215834180655837,,"rgba(255, 26, 202, 1.0)",0.10139597696230274,2.1589837812359822,-2.3569355352711114,43.4166426545335,-1.6361727799474934,False,False,False,True,False,0.0,0.0,0.0,0.0,0.0,1,0.9449449699268762,1.034789987271956,False,False,False,False,-0.2925528661521321,-0.2438609960134209,False,False,False,False,9860792,12340134.722759731,False,False,False,False,1317347.0640155475,False,False,False,False
2025-01-23 00:00:00+00:00,1.93,1.93,1.9,1.91,722403,,,,,,,,,1.9807043728402456,2.027271891221282,2.0470103649127736,2.061395424833873,2.075653443875431,2.102561744530994,2.133242564623368,2.2659200195154203,2.3694569200509754,2.408715326451916,2.4054312886300657,2.35736902339778,2.328635840716627,2.3137250794342337,2.275409678617701,2.2570578180201744,2.2436558994351565,2.2291186978469484,2.2111199630584673,2.2053073840752444,2.1986899428816793,2.1885319194594977,2.221653071830951,2.2573806752261416,2.2866901880662227,2.3369788922035917,2.3979207191631016,2.448550794671076,,,,,,,,,,2.027271891221282,2.221653071830951,2.448550794671076,2.214938137304434,,"rgba(255, 26, 202, 1.0)",0.1006023749114973,2.1577438908626996,-2.2638023313371303,42.55497566260818,-2.601290263527261,False,False,False,True,False,0.0,0.0,0.0,0.0,0.0,1,0.935809538160175,1.0350084130691382,False,False,False,False,-0.3301112022989988,-0.2869860991562099,False,False,False,False,10583195,12271235.125788761,False,False,False,False,1294015.924250232,False,False,False,False
2025-01-24 00:00:00+00:00,1.9,1.94,1.89,1.94,1148536,,,,,,,,,1.9761022365342968,2.0252182970789496,2.0450918013380535,2.059484862315772,2.0737968455706404,2.1007324994619307,2.1314168837463243,2.2638630729255813,2.367319838683007,2.4068744994399784,2.4039922456289053,2.356275426849945,2.3277068846973266,2.312871110517648,2.274738383047383,2.2564901033947877,2.2431259291414714,2.2286380400732493,2.2106863869139617,2.2048887958559593,2.198288852724894,2.188181761914843,2.221287731058563,2.256991475395115,2.2862845439637263,2.336547926191733,2.3974715639357753,2.4480817678932136,,,,,,,,,,2.0252182970789496,2.221287731058563,2.4480817678932136,2.2134657071607586,,"rgba(255, 26, 202, 1.0)",0.10021494916444151,2.1556947614994297,-2.55146326602295,40.58136265371664,-4.616824309600787,False,True,False,True,False,0.0,0.0,0.0,0.0,0.0,0,0.9441688600931364,1.0278649524195183,False,False,False,False,-0.3301112022989988,-0.30854865072760435,False,False,False,False,9434659,12159996.846346065,False,False,False,False,1288310.8291815957,False,False,False,False
2025-01-27 00:00:00+00:00,1.89,1.9,1.86,1.89,1601786,,,,,,,,,1.9683818372372643,2.021835795082093,2.0419933117312485,2.0564382459092707,2.070865592286835,2.0978899781371894,2.128619316874375,2.260820557857081,2.364200509021248,2.404193226273958,2.4018916241381807,2.3546685559059535,2.326335924350185,2.3116077179566403,2.273738132577645,2.2556407472827504,2.242330678849485,2.2279142130783174,2.210030346075174,2.2042543847422404,2.1976797665142573,2.1876482162567985,2.2207361170672444,2.2564085362053565,2.285680287287811,2.3359108527895653,2.3968123448455243,2.447396660406986,,,,,,,,,,2.021835795082093,2.2207361170672444,2.447396660406986,2.2111825347683567,,"rgba(255, 26, 202, 1.0)",0.10072364296553096,2.152472288135855,-2.6058657174033795,38.82205138002507,-6.392021837324499,False,True,False,True,False,0.0,0.0,0.0,0.0,0.0,0,0.9537065518302063,1.0229160258382037,False,False,False,False,-0.34282825441539394,-0.32568845257149914,False,False,False,False,7832873,11990305.715116808,False,False,False,False,1300603.9731352585,False,False,False,False
2025-01-28 00:00:00+00:00,1.89,1.9,1.86,1.87,1036058,,,,,,,,,1.9640376011656258,2.019732534465152,2.040051611222641,2.054523157271526,2.0690171951258924,2.0960906517851488,2.126843171151462,2.258878394465241,2.362204208036531,2.402473519312927,2.4005419162198636,2.353635011521346,2.32545366401905,2.3107944883525384,2.273093874630594,2.2550934278905497,2.241818169278582,2.2274476454653924,2.2096074081594916,2.2038453701430556,2.197287053988799,2.187304104880859,2.2203802833090687,2.2560324505732283,2.285290409721814,2.335499737664421,2.396386852136634,2.446954407724467,,,,,,,,,,2.019732534465152,2.2203802833090687,2.446954407724467,2.20975915098413,,"rgba(255, 26, 202, 1.0)",0.10159391873689969,2.1504683883914004,-2.563818697317327,37.64917719756402,-7.611131036065302,False,True,False,True,False,0.0,0.0,0.0,0.0,0.0,0,0.9326276881720431,1.1118391577060933,False,False,False,False,-0.34282825441539394,-0.33425835349344657,False,False,False,False,7832873,11827269.138053404,False,False,False,False,1290229.6212476015,False,False,False,False
2025-01-29 00:00:00+00:00,1.88,1.9075,1.86,1.88,995860,,,,,,,,,1.9602216486348891,2.017758232734966,2.038219832535114,2.0527131232106184,2.0672667146761965,2.0943826918719184,2.1251542553672786,2.2570262282303157,2.360297610262632,2.400828568567458,2.3992491018693425,2.3526440782129203,2.3246073482366576,2.310014198707438,2.2724752945205346,2.254567682684891,2.241325779985739,2.2269992863949692,2.2092008750001093,2.2034521867532004,2.1969095025757484,2.186973172632161,2.2200381183502205,2.2556708639908085,2.2849155950769497,2.3351045497880185,2.395977869023453,2.4465293396115464,,,,,,,,,,2.017758232734966,2.2200381183502205,2.4465293396115464,2.2084202369228594,,"rgba(255, 26, 202, 1.0)",0.10317146578074171,2.148586932910329,-2.6033063587671177,36.37181422809209,-8.945812846230254,False,True,False,True,False,0.0,0.0,0.0,0.0,0.0,0,0.9180418845109093,1.1013231299471333,False,False,False,False,-0.3321950479033559,-0.3332267006984012,False,False,False,False,6837013,11631572.818914056,False,False,False,False,1278685.714532009,False,False,False,False
2025-01-30 00:00:00+00:00,1.93,1.95,1.88,1.88,1408815,,,,,,,,,1.9577240695527407,2.0158083192543015,2.0363068494811367,2.0507666319882505,2.0653371001590144,2.0924320874856024,2.123167620918799,2.2546961970463104,2.3578358117074028,2.3986862782333813,2.397563101345353,2.3513605802595916,2.323516683391356,2.3090115897583443,2.2716873729735467,2.253901161835156,2.2407040675295375,2.2264358200476657,2.208693302619167,2.2029623994492025,2.196440455411203,2.1865637469873436,2.2196088952735704,2.2552118150756506,2.284435845947048,2.334592887759602,2.3954425759562654,2.4459690075269394,,,,,,,,,,2.0158083192543015,2.2196088952735704,2.4459690075269394,2.2069298522517933,,"rgba(255, 26, 202, 1.0)",0.10380608220474402,2.1465593716200586,-2.0861915508276616,39.66818455405996,-8.945812846230254,False,True,False,True,True,0.0,0.0,0.0,0.0,0.0,0,0.9348050950143336,1.053018884652895,False,False,False,False,-0.24610760129443215,-0.2896671509964167,False,False,False,False,8245828,11498798.512289977,False,False,False,False,1283788.823766048,False,False,False,False
2025-01-31 00:00:00+00:00,1.9,1.945,1.875,1.92,1403900,,,,,,,,,1.9547488064639382,2.0136812233869152,2.0342495598535812,2.0486908436483438,2.063292020488625,2.090384234790118,2.1210983913397086,2.252314894507674,2.3553359571835797,2.396511431070602,2.395848162548856,2.3500498123389852,2.3223999370512556,2.3079835242976467,2.270876061446817,2.2532131855017714,2.240061254382474,2.22585203120056,2.208165991498197,2.2024530824830357,2.1959521545276934,2.1861366516818794,2.219163408995483,2.254737469208997,2.2839415786171906,2.3340679066463346,2.3948954208973663,2.445397690578765,,,,,,,,,,2.0136812233869152,2.219163408995483,2.445397690578765,2.2053605202741347,,"rgba(255, 26, 202, 1.0)",0.10335040544817237,2.1444081831921142,-2.3648497761789518,40.16343917068956,-8.945812846230254,False,True,False,True,True,0.0,0.0,0.0,0.0,0.0,0,0.9477178670318875,1.0355494685443773,False,False,False,False,-0.25961345832927785,-0.2746403046628473,False,False,False,False,6841928,11316176.139258998,False,False,False,False,1288499.0659713012,False,False,False,False
2025-02-03 00:00:00+00:00,1.85,1.875,1.83,1.86,1628683,,,,,,,,,1.948221400630216,2.0100990961363996,2.0309489546732116,2.0454523630538897,2.0601743042837213,2.087369843243623,2.1181437207397305,2.249159683761788,2.352119050252809,2.3937317297395464,2.393651586017261,2.3483513895441135,2.3209414508571884,2.306634860595205,2.2697979016201537,2.2522923335877785,2.2391960977634287,2.225061193138161,2.2074453785971406,2.2017549454012904,2.1952804174272464,2.1855456130708535,2.2185574999852866,2.254102090482585,2.283286434118755,2.3333823143579027,2.394190857424962,2.4446689020603074,,,,,,,,,,2.0100990961363996,2.2185574999852866,2.4446689020603074,2.2030273641818328,,"rgba(255, 26, 202, 1.0)",0.10400428785337232,2.1140077331577265,-2.5384312378536804,38.184547017919755,-8.945812846230254,False,True,False,True,True,0.0,0.0,0.0,0.0,0.0,0,0.9269851651455245,1.039956000832417,True,False,False,False,-0.34282825441539394,-0.3087342795391206,False,False,False,False,5213245,11076845.50634688,False,False,False,False,1301839.6124037993,True,False,False,False
2025-02-04 00:00:00+00:00,1.88,1.9,1.85,1.88,1535339,,,,,,,,,1.9441906759935497,2.007374781631906,2.0283638465165974,2.0428769471227897,2.0576606774404826,2.084891195063393,2.115672922255354,2.2464147065386952,2.3492735359519172,2.391256847344062,2.3916918447017586,2.34684093021965,2.3196476119931497,2.3054402320794587,2.268847065347702,2.251482046252079,2.2384364337489884,2.2243684449528884,2.2068162754947758,2.201146175833292,2.194695472746891,2.1850319339940345,2.218026939852724,2.253542053349986,2.2827063202683413,2.33277124619133,2.393558874888205,2.444012413290292,,,,,,,,,,2.007374781631906,2.218026939852724,2.444012413290292,2.2011346598241244,,"rgba(255, 26, 202, 1.0)",0.10455340460458279,2.1120856259170386,-2.219780664195281,39.057416826213554,-8.945812846230254,False,True,False,True,True,0.0,0.0,0.0,0.0,0.0,0,0.9345147979932914,1.0250541752011162,False,False,False,False,-0.28594863052069297,-0.2973414550299068,False,False,False,False,6748584,10907109.760999942,False,False,False,False,1310996.4511330621,False,False,False,False
2025-02-05 00:00:00+00:00,2.05,2.12,1.92,1.92,5027242,,,,,,,,2.03,1.9575532253847288,2.0087925638561344,2.0284489437990563,2.0422642064616467,2.0564733223489595,2.082855288864392,2.112895648435813,2.241315788099552,2.3431371336335727,2.385682457625299,2.387257517258558,2.3435532164977415,2.3169116989200624,2.3029570057648603,2.2669703958552367,2.2499286185453835,2.237016043121796,2.223111150686644,2.2057219768398797,2.200103163309768,2.19371133803908,2.1841922966307235,2.217076353527876,2.25246123175653,2.2815313082562794,2.33145060318586,2.39211096475266,2.442451511188087,,,,,,,,,,2.0087925638561344,2.217076353527876,2.442451511188087,2.191142310099966,,#000000,0.1035179838142539,2.0979885602771704,-0.46357703762158087,47.21554187066455,-8.04087340742717,True,False,False,False,True,0.0,0.0,0.0,0.0,0.0,1,0.9505170907656325,0.9617888240764224,False,False,False,False,0.05417371788914395,-0.12158386857038142,False,False,False,False,11775826,10941177.064490141,False,False,False,False,1456731.5706964715,False,False,False,False
2025-02-06 00:00:00+00:00,2.02,2.11,2.01,2.06,3653080,,,,,,,,2.037014102318631,1.966612026857591,2.0104420545974255,2.0291123874514914,2.0424113447174066,2.0561766831976827,2.0819055448943184,2.111371452103204,2.238039359898723,2.3390535803599204,2.381923321615048,2.384250059693122,2.341331389440532,2.315069448153592,2.3012889341242238,2.2657197147849195,2.2488979234915245,2.236078114521391,2.222285660242398,2.2050098744270508,2.199426673306091,2.193075612159504,2.183653186101543,2.216452614929205,2.251740730229803,2.2807404323668954,2.3305508128215413,2.391114138996133,2.441370170174216,,,,,,,,,,2.0104420545974255,2.216452614929205,2.441370170174216,2.1906996488445096,,"rgba(239, 83, 80, 0.5)",0.10259634013454934,2.099470996016726,-0.7745987421432811,51.18539764123945,-4.613906364274996,True,False,False,False,True,0.0,0.0,0.0,0.0,0.0,0,0.9730605573872124,0.9786964240426074,False,False,False,False,0.14689873275417356,0.01265743209189607,False,False,False,False,8122746,10830650.356078764,False,False,False,False,1542862.881649551,False,False,False,False
2025-02-07 00:00:00+00:00,1.93,2.0,1.915,2.0,1934713,,,,,,,,2.0208510056726143,1.965678221425691,2.0090417774607383,2.027583873006975,2.0407750721952898,2.054476264059653,2.08007444022068,2.109408191468984,2.2354795443993023,2.336223990604847,2.3793919157914325,2.382220970333106,2.3397798972976105,2.31375016825607,2.300076479556998,2.264768307280882,2.248092907458409,2.235329167186428,2.221608546586139,2.204402705848463,2.1988417318968687,2.192516506741817,2.1831656470649174,2.215933871401728,2.251179191120266,2.2801486738413477,2.3299123029046243,2.390438485287341,2.440657789233283,,,,,,,,,,2.0090417774607383,2.215933871401728,2.440657789233283,2.1884506723055157,,"rgba(255, 0, 0, 1.0)",0.1017166617584079,2.0967235688080508,-1.6390979208897352,50.16108247089721,-4.613906364274996,True,False,False,False,True,0.0,0.0,0.0,0.0,0.0,1,0.9382712594789715,1.0068276576097601,False,False,False,False,-0.08944564325558381,-0.03839410558184387,False,False,False,False,6188033,10648586.930350186,False,False,False,False,1558229.5529574119,False,False,False,False
2025-02-10 00:00:00+00:00,1.96,1.98,1.905,1.94,1615665,,,,,,,,2.01127148323481,1.9649685231145997,2.007919902239382,2.0263510554326203,2.0394516213155205,2.0530968098663522,2.0785833306944914,2.1078045551197744,2.233376268798795,2.3338922348410236,2.3773004953712524,2.3805409103658843,2.33849361290732,2.3126556982487787,2.299070331844158,2.263978153325762,2.2474239411310104,2.234706707502501,2.2210456532538463,2.203897860394399,2.1983553357009855,2.192051555438357,2.182760051962164,2.2155022079569973,2.250711844038277,2.2796561125306956,2.3293807201816925,2.389875829675626,2.440064460485655,,,,,,,,,,2.007919902239382,2.2155022079569973,2.440064460485655,2.186791457450114,,"rgba(239, 83, 80, 1.0)",0.10127755992390018,2.0947188774515832,-1.3301947396127125,50.58391792492495,-4.613906364274996,True,False,False,False,True,0.0,0.0,0.0,0.0,0.0,1,0.9204806302604358,1.0382577153059203,False,False,False,False,-0.09503767020032514,-0.0667158878910845,False,False,False,False,7803698,10537022.658571748,False,False,False,False,1560481.9234296703,False,False,False,False
2025-02-11 00:00:00+00:00,1.97,1.98,1.925,1.96,1747605,,,,,,,,2.0046530144391608,1.9646873073483617,2.0069481488657415,2.0252255078381562,2.0382146015649014,2.0517831389865946,2.0771289416844088,2.106212068387278,2.231214256150663,2.331466021435032,2.375113218503733,2.3787799469713766,2.3371471874036747,2.3115115004102837,2.2980193246256353,2.263154840637764,2.246727779554948,2.2340598536974574,2.2204616278668237,2.2033753038987918,2.197852298911801,2.1915711778728633,2.182341556485474,2.215054276512153,2.250224617443076,2.2791410018697214,2.3288224379205515,2.3892825831963274,2.4394373054906024,,,,,,,,,,2.0069481488657415,2.215054276512153,2.4394373054906024,2.1852941795135394,,"rgba(239, 83, 80, 1.0)",0.09657107731079712,2.0930000996248124,-1.273674303424804,51.23662508556863,-4.613906364274996,True,False,False,False,True,0.0,0.0,0.0,0.0,0.0,1,0.928849930272932,1.0213450209181207,False,False,False,False,-0.06347240313188067,-0.06509414551148258,False,False,False,False,9551303,10498366.985686582,False,False,False,False,1567820.0832951735,False,False,False,False
2025-02-12 00:00:00+00:00,1.98,1.99,1.95,1.95,1237962,,,,,,,,2.002104914102782,1.9649393186831525,2.0064878930356387,2.0246242698061057,2.03752121576807,2.0510202566745543,2.0762472159688175,2.1052167262610584,2.229786252171567,2.3298345630303596,2.3736328396774184,2.3775855717797874,2.336236706939274,2.310739673650654,2.2973114341063066,2.262602871867413,2.2462622046304523,2.2336282951388386,2.22007307115018,2.203029058056863,2.19751946966576,2.191253890799016,2.1820658351822426,2.2147564002163174,2.2498981450261124,2.278794122454437,2.3284439498957252,2.3888779204124666,2.4390078514575824,,,,,,,,,,2.0064878930356387,2.2147564002163174,2.4390078514575824,2.184444217624965,,"rgba(239, 83, 80, 1.0)",0.09349726594255935,2.0921133091848856,-1.1991078889276092,52.06052472008604,-3.903707589888562,True,False,False,False,True,0.0,0.0,0.0,0.0,0.0,0,0.935596519349668,1.0157716968170372,False,False,False,False,-1.404254728183139e-07,-0.0325471429684777,False,False,False,False,10789265,10509774.750953775,False,False,False,False,1554884.4721855589,False,False,False,False
2025-02-13 00:00:00+00:00,2.0,2.01,1.97,2.0,1286259,,,,,,,,2.001421229392397,1.965773949011758,2.0063033782559403,2.024252060443253,2.0370359450178364,2.0504432270134387,2.0755218009806504,2.104352680622482,2.2284336052577074,2.328249344770766,2.372182492031903,2.376413059560013,2.3353473901989497,2.3099887732575506,2.296624392141808,2.2620710897908336,2.2458154679021254,2.233215747554085,2.219703266979612,2.2027016347956483,2.197205456825136,2.190955367114752,2.1818075021754852,2.214473254544341,2.2495842216176083,2.278458086156796,2.3280736488126084,2.388478499586191,2.438581608477179,,,,,,,,,,2.0063033782559403,2.214473254544341,2.438581608477179,2.183792526748938,,"rgba(239, 83, 80, 1.0)",0.09129079367057721,2.0915628401931574,-1.002979999533818,53.40125721379498,-2.407455414722122,True,False,True,False,True,0.0,0.0,0.0,0.0,0.0,0,0.9439429655608575,1.0057494394296558,False,False,False,False,0.078022924165828,0.022737890598675148,False,False,False,False,12075524,10571176.682288922,False,False,False,False,1544350.139942988,False,False,False,False
2025-02-14 00:00:00+00:00,1.97,2.02,1.96,2.01,1039422,,,,,,,,2.000349458053347,1.966181371172704,2.0060459328396316,2.0238624777580774,2.0365635528803057,2.049905112872107,2.074874599258575,2.103602117103946,2.2273057742877302,2.3269412804840033,2.37098780368585,2.3754461730232457,2.3346111848718545,2.3093654825688947,2.296053229283392,2.2616269566277065,2.245441359853297,2.232869548047379,2.219392147027706,2.202425189205791,2.196939996617096,2.190702614424088,2.1815882112998772,2.21423465096454,2.2493212239162244,2.2781776100249784,2.327766085368605,2.388148164158555,2.438230035325186,,,,,,,,,,2.0060459328396316,2.21423465096454,2.438230035325186,2.183192537545277,,"rgba(239, 83, 80, 1.0)",0.0881912847320955,2.0909891443031383,-1.3718945661203945,52.836398923849835,-2.407455414722122,True,False,True,False,True,0.0,0.0,0.0,0.0,0.0,0,0.9469594885174458,0.9959001118151325,False,False,False,False,0.07802292416582866,0.050380407382251906,False,False,False,False,11036102,10589409.047689358,False,False,False,False,1524549.036415812,False,False,False,False
2025-02-18 00:00:00+00:00,1.95,1.99,1.94,1.95,1306512,,,,,,,,1.9975525690162486,1.9660062023459546,2.0054062561682704,2.0231072494136972,2.0357262640771268,2.049008017777245,2.07386976830893,2.102491300167454,2.2257685919817183,2.325200401917522,2.3694067378743164,2.3741656410296965,2.3336289824409087,2.3085295680466,2.295284899884881,2.2610240638026364,2.244930903801781,2.2323951840994445,2.218963701097972,2.2020417931388065,2.1965709101786186,2.1903501361784277,2.1812808975497133,2.2139051967388585,2.2489624475781165,2.277797977948199,2.3273541310434362,2.3877098200122977,2.437766263488817,,,,,,,,,,2.0054062561682704,2.2139051967388585,2.437766263488817,2.1822254048195604,,"rgba(255, 0, 0, 1.0)",0.08465068658158374,2.0899086964634987,-1.6527768658870718,51.526973444340705,-2.407455414722122,True,False,False,False,True,0.0,0.0,0.0,0.0,0.0,0,0.9492444676469737,1.007250790336147,False,False,False,False,0.0037077321778577433,0.027044069780054823,False,False,False,False,9729590,10555690.653662326,False,False,False,False,1515998.5643995057,False,False,False,False
2025-02-19 00:00:00+00:00,1.96,1.99,1.9411,1.96,1202030,,,,,,,,1.995523102228424,1.9659476029030958,2.0048799278681138,2.022467847102778,2.0350088031468645,2.04823199031597,2.072990235067897,2.1015105328934087,2.2243893444348743,2.3236293480729713,2.367975866044555,2.373004928829896,2.3327387689710215,2.307772154085206,2.29458887711069,2.260478300900796,2.2444689564871414,2.231966117872099,2.2185763804120806,2.2016955026492115,2.196237648873289,2.1900319893145404,2.181003626696404,2.2136072483123286,2.2486373641689124,2.2774535615239024,2.32697974428753,2.387310804245103,2.437343671591385,,,,,,,,,,2.0048799278681138,2.2136072483123286,2.437343671591385,2.1813922293698544,,"rgba(255, 0, 0, 1.0)",0.08206803374126188,2.0890023127321125,-1.5718947664668266,51.14633669253246,-2.407455414722122,True,False,False,False,True,0.0,0.0,0.0,0.0,0.0,0,0.9581296554934824,0.9898161080074491,False,False,False,False,0.00533922586357773,0.016191647821816278,False,False,False,False,10931620,10570432.980969686,False,False,False,False,1503686.0716779565,False,False,False,False
2025-02-20 00:00:00+00:00,1.94,1.96,1.92,1.95,795309,,,,,,,,1.993404784628308,1.9655185870975362,2.004342679323482,2.021884726681716,2.034386733637937,2.047584464049314,2.072291452284781,2.1007589110932687,2.223402493623929,2.322529411334983,2.3669795063879504,2.3721962997145445,2.3321144461121195,2.3072384536605277,2.294097096206784,2.2600895548019038,2.2441384185761772,2.231657970201952,2.218296990493828,2.2014441752004132,2.1959952547112973,2.189799991084785,2.1808005960473924,2.21339184572387,2.248404827225889,2.2772089153930573,2.3267163265292754,2.3870324654151687,2.4370505125911737,,,,,,,,,,2.004342679323482,2.21339184572387,2.4370505125911737,2.180717857755573,,"rgba(255, 0, 0, 1.0)",0.08145174882948855,2.088197271824373,-1.8194486177897757,49.8883389137484,-2.407455414722122,True,False,False,False,False,0.0,0.0,0.0,0.0,0.0,1,0.9457764230025207,1.005862008324052,False,False,False,False,-0.07056645349203053,-0.027187402835107125,False,False,False,False,10136311,10553408.589559112,False,False,False,False,1475906.5786709778,False,False,False,False
2025-02-21 00:00:00+00:00,1.97,1.98,1.93,1.945,1766161,,,,,,,,1.9907956243510072,1.9653231360470964,2.0035419836295207,2.020928006455514,2.033320639137562,2.0464360694318358,2.070996286729145,2.0993191063782297,2.221388219442706,2.3202357090968966,2.3648862411224125,2.3704939152324065,2.330805427151243,2.306123020418315,2.293071259805658,2.2592833518814524,2.24345504710083,2.231022746683628,2.217722987721223,2.2009303332725625,2.1955005278475404,2.1893274500475215,2.180388288835628,2.21294961212959,2.2479230854175394,2.276699038332308,2.3261628165570647,2.3864431877460848,2.4364268678357566,,,,,,,,,,2.0035419836295207,2.21294961212959,2.4364268678357566,2.1795039555544617,,"rgba(239, 83, 80, 1.0)",0.08087500087023457,2.0868709489354993,-1.4450812695881254,50.62499946498017,-2.407455414722122,True,False,False,False,False,0.0,0.0,0.0,0.0,0.0,1,0.9411210551106924,1.0088318417333961,False,False,False,False,-0.025961023615319902,-0.026574213225213514,False,False,False,False,11902472,10606313.037027381,False,False,False,False,1487289.1049976062,False,False,False,False
2025-02-24 00:00:00+00:00,1.92,1.96,1.9,1.96,1543294,,,,,,,,1.9866983858942933,1.9641627191779816,2.0023478529129326,2.0196716123247747,2.032001500006078,2.045079378951511,2.0695561713268456,2.0977895895492398,2.2194319142662153,2.318071801614102,2.3629255266084073,2.3688979574134943,2.3295669575104694,2.3050608880541708,2.29209081978372,2.2585043516799845,2.2427906881917816,2.230402137771645,2.2171588988327002,2.2004212456066563,2.1950089755252566,2.1888563387918274,2.1799749668685315,2.2125136877646017,2.2474548669108203,2.276208088501935,2.3256366130192245,2.3858894541198423,2.4358452182994377,,,,,,,,,,2.0023478529129326,2.2125136877646017,2.4358452182994377,2.1781315198738502,,"rgba(255, 26, 202, 1.0)",0.07920284142683716,2.0851950096724776,-2.0857207481006212,48.66121613619801,-2.407455414722122,True,False,False,False,False,0.0,0.0,0.0,0.0,0.0,1,0.9314823641563392,1.0238322211630124,False,False,False,False,-0.09781083406719578,-0.062192523646204645,False,False,False,False,10359178,10596621.466947878,False,False,False,False,1489485.375389857,False,False,False,False
2025-02-25 00:00:00+00:00,1.89,1.93,1.89,1.91,1560319,,,,,,,,1.9816401250712945,1.962370936658095,2.0008169025798854,2.0181246980789505,2.030412396082566,2.043474415709566,2.067896056904469,2.0960633714074186,2.2173247074904587,2.3157790905426734,2.360855862803276,2.3672114971786535,2.328250448568012,2.3039272201275405,2.2910419289730934,2.257665338756813,2.2420724580784754,2.229729245614958,2.216545174403032,2.1998647525593404,2.194470769488335,2.188339509350269,2.1795200850488494,2.2120384354908977,2.2469485366752733,2.2756800796589087,2.325074980321118,2.3853025891692625,2.4352316134603518,,,,,,,,,,2.0008169025798854,2.2120384354908977,2.4352316134603518,2.176553331379428,,"rgba(255, 26, 202, 1.0)",0.0765162056673244,2.083186304421954,-2.5247763233567206,46.0795559838746,0.6471639633259301,False,False,False,True,False,0.0,0.0,0.0,0.0,0.0,1,0.9342675311482268,1.0089336400848548,False,False,False,False,-0.1588221422705036,-0.11050733295835412,False,False,False,False,8798859,10526120.978047961,False,False,False,False,1492263.164590255,False,False,False,False
2025-02-26 00:00:00+00:00,1.85,1.92,1.85,1.92,1831031,,,,,,,,1.9744409402577054,1.959396058005275,1.9985450020097495,2.0159001370877494,2.028168345409739,2.041243346542584,2.065642186669829,2.0937670426465287,2.214654590777991,2.3129273560568655,2.3582930603188874,2.365120968940797,2.3266075173135468,2.3025059763720073,2.289723567961601,2.2566028661851423,2.2411591802154907,2.2288708764466216,2.2157593344136175,2.1991485622491553,2.19377689287585,2.187671802283189,2.178930410293724,2.2114285705532097,2.2463045459315722,2.275012597091986,2.3243710606520342,2.3845729684460655,2.4344728391539743,,,,,,,,,,1.9985450020097495,2.2114285705532097,2.4344728391539743,2.1744238457940446,,"rgba(255, 26, 202, 1.0)",0.07355313088548668,2.0561278475095457,-2.8024347166194965,42.841306708573356,-2.4460499502961213,False,True,False,True,False,0.0,0.0,0.0,0.0,0.0,1,0.9402432101347517,1.0000000000000002,False,False,False,False,-0.23683076007848378,-0.17366904651841894,False,False,False,False,6967828,10386580.076948041,False,False,False,False,1505548.1777435783,False,False,False,False
2025-02-27 00:00:00+00:00,2.0,2.03,1.875,1.89,3234593,,,,,,,,1.9737991321238526,1.959894161478571,1.9976229143482953,2.0146432406008894,2.0266954585042876,2.0395926418271424,2.0636907798020703,2.0915233937943647,2.211322676156567,2.309047963039332,2.354705082451924,2.362175985171896,2.324336268887265,2.3005687934191377,2.2879415877743274,2.2552019307176008,2.23997068580232,2.2277670728709076,2.214762580252571,2.198257696213194,2.192919660486614,2.186853558923344,2.1782163622916575,2.2106577858055383,2.245460709135331,2.274116454974775,2.3233936904360077,2.3835276979932867,2.433363511100641,,,,,,,,,,1.9976229143482953,2.2106577858055383,2.433363511100641,2.1726760022618254,,"rgba(239, 83, 80, 0.5)",0.0732099904568848,2.0576576086735483,-0.7875647614993792,47.35422360369941,-2.4460499502961213,True,False,False,True,True,0.0,0.0,0.0,0.0,0.0,1,0.9480804176641957,0.9524070495255129,False,False,False,False,-0.030009141349539276,-0.10183909393397911,False,False,False,False,10202421,10379358.152361844,False,False,False,False,1573353.8570477518,False,False,False,False
2025-02-28 00:00:00+00:00,2.05,2.07,1.94,1.96,2991078,,,,,,,2.02,1.9778909618713378,1.9628400374917927,1.9982371312136054,2.014771008448477,2.0265464443257413,2.0391908650210953,2.0628953285515883,2.0903596104309914,2.208959109250143,2.3060698836203772,2.351881366782499,2.359843537618876,2.3225626003425095,2.299072814843006,2.2865748115939306,2.2541496756092787,2.2390881372809073,2.226956283222022,2.214039741372229,2.1976237432203245,2.1923137773877035,2.1862799503098507,2.177721852341646,2.210100410385454,2.244829577168837,2.2734316586213845,2.3226254862371043,2.3826854819508725,2.4324558376443,,,,,,,,,,1.9982371312136054,2.210100410385454,2.4324558376443,2.1630964674445203,,#000000,0.07308498077176234,2.0446312556787416,0.07345892773816712,51.86631008023075,-3.6679147904972567,True,False,False,False,True,0.6900495450352011,0.0,0.0,0.0,0.0,1,0.9731403206197516,0.9363849698888859,False,False,False,False,0.12819749725925755,0.013179201662639223,False,False,False,False,13193499,10489716.616975106,False,True,False,False,1628950.8822615654,False,False,False,False
2025-03-03 00:00:00+00:00,1.97,2.06,1.96,2.02,1844522,,,,,,,2.011099585022196,1.97886331771121,1.9638324241269525,1.998210990781214,2.014508576396013,2.0261419050455727,2.038659825904544,2.0621600074688486,2.0894288220293418,2.2073540316053752,2.3041164589553995,2.3500429155500298,2.358323288072337,2.3213955334473804,2.2980817385779777,2.285665715505163,2.2534412596917295,2.238489825198415,2.226403419550284,2.213543371980693,2.197183982181608,2.19189194820387,2.1858788201474386,2.1773735515674035,2.209716322856372,2.2444019224914604,2.272972487267971,2.3221173134882536,2.3821347623390805,2.431866529628028,,,,,,,,,,1.998210990781214,2.209716322856372,2.431866529628028,2.1619881506310334,,"rgba(239, 83, 80, 1.0)",0.0730964437581237,2.0441848390130026,-1.0148898523501424,51.74929708149657,-3.6679147904972567,True,False,False,False,True,0.0,0.0,0.0,0.0,0.0,1,0.97603541120415,0.9506611407144269,False,False,False,False,0.14347625263988695,0.07832772715126309,False,False,False,False,11348977,10523413.102583926,False,False,False,False,1637404.6515846413,False,False,False,False
2025-03-04 00:00:00+00:00,2.02,2.04,1.9254,1.95,3073230,,,,,,,2.004895384947373,1.980155679179719,1.9652911189921882,1.998127941503459,2.0140516688968026,2.025457854009118,2.037772645797702,2.060942618298179,2.0878934396894118,2.204713910982333,2.3009000352407516,2.34700859718114,2.355807793900645,2.3194603986373927,2.296436490598932,2.2841556631868083,2.252262562071031,2.237493207410358,2.225482035497599,2.212715555863465,2.196449968200216,2.1911876593131514,2.185208852286684,2.176791302033163,2.2090748571646475,2.2436882647831022,2.272206591857431,2.3212701646736758,2.3812170326970015,2.4308847456454594,,,,,,,,,,1.998127941503459,2.2090748571646475,2.4308847456454594,2.16055123009422,,#000000,0.07316850846248742,2.043621784231205,-0.32284086046821353,53.218289361010555,-2.5952312183130104,True,False,True,False,True,0.0,0.0,0.0,0.0,0.0,1,0.9666991507726578,0.9512738410135041,False,False,False,False,0.06067416735528181,0.06950094725327245,False,False,False,False,14422207,10676306.980913969,False,False,False,False,1693711.5279930867,False,False,False,False
2025-03-05 00:00:00+00:00,2.03,2.07,1.99,2.01,2334474,,,,,,2.03,2.0106167880337567,1.9829920396025453,1.9675034864863536,1.9987681295370732,2.014332328280645,2.025532713102756,2.0376541376075146,2.0605215215177206,2.0871861288699187,2.20307832756848,2.298774731981513,2.344963108472261,2.354102630429197,2.3181620979128494,2.2953418729075734,2.2831561697584957,2.25149480787004,2.2368497280375297,2.224892228761218,2.2121910115220347,2.1959919054559416,2.1907505766322015,2.1847958494945354,2.1764359109773252,2.2086691415989232,2.243224547178709,2.2717004788402195,2.320698068089786,2.380585508306531,2.4302013499090815,,,,,,,,,,1.9987681295370732,2.2086691415989232,2.4302013499090815,2.151296148836872,,#000000,0.066070055639803,2.03111864195163,-0.016931148926657143,54.49903269591869,-1.3242651009403943,True,False,True,False,True,0.0,0.0,0.0,0.0,0.0,1,0.9929903266507782,0.9439226132062248,False,False,False,False,0.2053378312653491,0.13741938925931077,False,False,False,False,16756681,10914753.020878127,False,False,False,False,1718839.4680717892,False,False,False,False
2025-03-06 00:00:00+00:00,2.01,2.0289,1.98,2.01,1035621,,,,,,2.022717054652762,2.010220424343041,1.9835659374446577,1.9680831291069154,1.9988346506309496,2.0142701068098927,2.025393117375699,2.037443489015479,2.060196138920251,2.08675009590805,2.2022644962201716,2.2977603462536575,2.3439964693386366,2.353296988494128,2.3175428033474583,2.2948160366565595,2.2826740119975,2.251119650083286,2.2365329828006137,2.2246000366465846,2.2119291310409057,2.1957606073979634,2.190528960425011,2.1845853921589407,2.1762533752956124,2.2084659494733074,2.2429966825636196,2.271454684058036,2.32042436053953,2.380287187812082,2.429881017389164,,,,,,,,,,1.9988346506309496,2.2084659494733074,2.429881017389164,2.150603898302314,,#000000,0.06248423224521253,2.0307536726440683,-0.33214255658328246,54.52730933547729,-1.1433763102763805,True,False,True,False,True,0.0,0.0,0.0,0.0,0.0,1,0.9926198218577691,0.9448607380178144,False,False,False,False,0.1265205890919974,0.13196998917565408,False,False,False,False,15721060,11103235.647510357,False,False,False,False,1692046.5869709349,False,False,False,False
2025-03-07 00:00:00+00:00,1.99,2.03,1.98,2.0,1040968,,,,,,2.01735605052569,2.0093568507156134,1.9839628492914372,1.9685553561167708,1.9988449050428612,2.0141598528758964,2.0252091981480174,2.0371923272161983,2.059835214717168,2.0862825708663157,2.201427137281209,2.2967259027674936,2.3430123612871356,2.352476305073769,2.3169102349820654,2.2942779106822107,2.2821800451696466,2.2507340363269646,2.2362067899882416,2.224298668740803,2.211658524656689,2.195520970845352,2.190299136705174,2.1843668901637563,2.1760635047253047,2.208255767167592,2.2427619982487625,2.271202219320671,2.3201442115285262,2.3799827626788757,2.4295547367729027,,,,,,,,,,1.9988449050428612,2.208255767167592,2.4295547367729027,2.1499502283907757,,"rgba(239, 83, 80, 0.5)",0.0616446515365074,2.0303816789550355,-0.6550718991593383,53.717053715313455,-1.1433763102763805,True,False,True,False,True,0.0,0.0,0.0,0.0,0.0,1,0.9953689055084137,0.9493456062131457,False,False,False,False,0.12819749725925755,0.1300837432174558,False,False,False,False,14680092,11243504.524078578,False,False,False,False,1666514.0933642315,False,False,False,False
2025-03-10 00:00:00+00:00,1.93,1.96,1.89,1.96,1480633,,,,,,1.9945650418770193,2.0004851732680335,1.9820599479888503,1.9676919947230018,1.9979526910025076,2.013208800325524,2.0242043656654216,2.036147783692018,2.0587091300792824,2.08506833041126,2.1998186913255116,2.2949062837628524,2.3413250728926926,2.35107404459285,2.315807624331103,2.2933259793599254,2.2812985909196932,2.250027768144189,2.235600809511508,2.2237317134952996,2.21114186822503,2.195053667079061,2.1898475945401636,2.1839337262126293,2.175681950505231,2.207852526294669,2.2423283719001375,2.270747049619023,2.319655498607564,2.3794671948841972,2.4290124165698566,,,,,,,,,,1.9979526910025076,2.207852526294669,2.4290124165698566,2.147350491868427,,"rgba(255, 0, 0, 1.0)",0.061832598766869036,2.0275959534568253,-1.5783899658624563,50.90686779143994,-1.1433763102763805,True,False,False,False,False,0.0,0.0,0.0,0.0,0.0,1,0.9466226875089633,0.9810411587551989,False,False,False,False,-0.11297834647628649,0.008552698370584658,False,False,False,False,13199459,11320208.621173536,False,False,False,False,1659224.638722497,False,False,False,False
2025-03-11 00:00:00+00:00,1.9,1.915,1.865,1.91,1605007,,,,,,1.972891834223658,1.9893216871907862,1.9789766632962902,1.966066967481769,1.9965693680080774,2.01181274484854,2.0227735988707525,2.034699550275394,2.0572069982728998,2.0835001616249524,2.1978860812024186,2.292777191556231,2.339365636991733,2.34944581863641,2.314517629098614,2.2922063327339695,2.2802586695507805,2.249187079104206,2.2348760128759295,2.223050880306292,2.210518547126629,2.1944862546114328,2.1892980929905392,2.18340519259481,2.1752144728650897,2.20736505199054,2.2418101676139814,2.2702073340002418,2.3190822843799803,2.3788685973477612,2.4283869397025954,,,,,,,,,,1.9965693680080774,2.20736505199054,2.4283869397025954,2.1443695453074847,,"rgba(255, 0, 0, 1.0)",0.062115483845234964,2.0241927686374592,-1.9993850317079427,48.02090186671972,3.4940491420701036,True,False,False,False,False,0.0,0.0,0.0,0.0,0.0,1,0.924213943950786,0.9869560264297109,False,False,False,False,-0.22103051994674686,-0.10623891078808109,False,False,False,False,11594452,11330963.263480458,False,False,False,False,1657098.4568118108,False,False,False,False
2025-03-12 00:00:00+00:00,1.89,1.94,1.87,1.92,1638481,,,,,,1.9598179995389258,1.9807349841201334,1.976270940528975,1.9646251992349208,1.9952832156128137,2.010499047336855,2.0214184886351236,2.033319406717709,2.055762676453227,2.0819807295344996,2.1959807849421296,2.2906627460543034,2.337412571555203,2.3478196605284993,2.313229546642792,2.291088778001311,2.2792209870109152,2.2483489363022486,2.2341536403636293,2.2223727305881424,2.209898064517364,2.1939219795749536,2.188751816464278,2.18287997036918,2.174750088597965,2.2068794986681173,2.241292830790411,2.2696676702390426,2.3185078411355167,2.378267403796115,2.4277578598848177,,,,,,,,,,1.9952832156128137,2.2068794986681173,2.4277578598848177,2.142000153485118,,"rgba(255, 26, 202, 1.0)",0.06264320530724345,2.0215131371013415,-2.0993998703660637,45.75888627226108,1.3049121375548935,False,True,False,True,False,0.0,0.0,0.0,0.0,0.0,1,0.9260591300407796,0.9826971001359315,False,False,False,False,-0.17424227032109474,-0.14024059055458793,False,False,False,False,9955971,11277041.998245932,False,False,False,False,1656368.3604662498,False,False,False,False
2025-03-13 00:00:00+00:00,1.86,1.9,1.86,1.87,1153027,,,,,,1.9501254344057812,1.9739296467467797,1.9738476226380377,1.9632444257912225,1.9941508646165398,2.0093742566629995,2.0202771382550013,2.032174109554525,2.0545907886262817,2.080771990344975,2.1945350514866706,2.289087729390384,2.3359653850894175,2.346614616757936,2.3122697034375355,2.2902527815725593,2.2784430291203503,2.2477165618633994,2.233606740964173,2.2218578742208974,2.2094254593414964,2.1934902748530236,2.188333239368891,2.1824767955253472,2.174392604849545,2.2065091132036283,2.2409013376267204,2.269261514382435,2.3180788409683912,2.3778216991326997,2.427293739685058,,,,,,,,,,1.9941508646165398,2.2065091132036283,2.427293739685058,2.1401417875772735,,"rgba(255, 26, 202, 1.0)",0.0639392307212049,2.0193258098835454,-2.491831823536567,43.24203682741923,-1.1056459956809093,False,True,False,True,False,0.0,0.0,0.0,0.0,0.0,1,0.9338049954170488,0.9910918881759857,False,False,False,False,-0.25274795544830775,-0.19649427300144784,False,False,False,False,8802944,11180018.547334328,False,False,False,False,1636629.4835852205,False,False,False,False
2025-03-14 00:00:00+00:00,1.89,1.9,1.855,1.88,1095755,,,,,,1.9435359877187501,1.9686894720340171,1.9718304528986401,1.9620884781129522,1.9931669674632573,2.0083867375062674,2.0192692600227784,2.0311571038208647,2.0535415416463225,2.0796818257921466,2.193208420198498,2.2876317045773362,2.334623044520751,2.345495151757671,2.3113786545653414,2.2894772227359783,2.277721623227352,2.247130904188432,2.23310052706925,2.2213816622156894,2.2089886629471724,2.193091740079785,2.1879469779026004,2.1821049208962355,2.174063044552921,2.2061666714801222,2.240538478962492,2.2688844111499074,2.317679539901996,2.377405846236927,2.426860016568341,,,,,,,,,,1.9931669674632573,2.2061666714801222,2.426860016568341,2.1386248371036145,,"rgba(255, 0, 0, 1.0)",0.06405410156986155,2.017566634576519,-1.9915451384075151,43.102858786165584,-1.3164212664619939,False,True,False,True,False,0.0,0.0,0.0,0.0,0.0,1,0.9407111213393937,0.9766699269317072,False,False,False,False,-0.2607533530549866,-0.22862381302821722,False,False,False,False,9898699,11129770.721948668,False,False,False,False,1615418.719523055,False,False,False,False
2025-03-17 00:00:00+00:00,1.9,1.93,1.88,1.89,1038080,,,,,,1.940176350227115,1.9653524342958297,1.9704392847126353,1.9613101934720474,1.9924286714367023,2.0076227497126893,2.0184760905113888,2.0303440428222808,2.0526830345887985,2.0787718048598096,2.1920486398985206,2.2863349932105392,2.333419135487944,2.34448887998672,2.310580292946644,2.2887840884045954,2.277077860099704,2.2466105896686246,2.232651782954995,2.220960439120536,2.2086032502086126,2.1927413231278097,2.1876077667592884,2.1817788127643745,2.1737745988982105,2.2058645362014264,2.2402161083674055,2.2685477852113487,2.3173206939450384,2.377029714690801,2.4264660622064222,,,,,,,,,,1.9924286714367023,2.2058645362014264,2.4264660622064222,2.1375280679209063,,"rgba(255, 0, 0, 1.0)",0.06333359411985329,2.016360472760606,-1.837263057271059,43.51820407914245,-1.3164212664619939,False,True,False,True,False,0.0,0.0,0.0,0.0,0.0,1,0.9414760491240324,0.9822187299924335,False,False,False,False,-0.17424227032109538,-0.2014330416746563,False,False,False,False,10936779,11122202.419127151,False,False,False,False,1592777.9854241118,False,False,False,False
2025-03-18 00:00:00+00:00,1.85,1.92,1.85,1.88,835198,,,,,,1.9359652823744262,1.9617214270015304,1.9688780343366512,1.9603824761199184,1.9916463545076388,2.006841584278291,2.017681546409502,2.0295446090229206,2.0518620840511668,2.0779223884455744,2.1910259814224253,2.2852168233555346,2.3323881613850044,2.343627762302952,2.309893076484101,2.2881849603404882,2.2765200726946375,2.24615662213283,2.232258817626772,2.2205904160597325,2.2082634630737767,2.1924308449348966,2.187306697909867,2.1814887836506305,2.1735172785302344,2.205597825581456,2.2399341316464465,2.2682551885954054,2.3170115424070734,2.3767083891135243,2.4261313803159608,,,,,,,,,,1.9916463545076388,2.205597825581456,2.4261313803159608,2.136415424017605,,"rgba(255, 26, 202, 1.0)",0.06200937156717741,2.015062242473824,-2.6618918770206363,41.904568047794655,-2.8188093158803866,False,True,False,True,False,0.0,0.0,0.0,0.0,0.0,0,0.9121183818808009,1.0025976300274357,False,False,False,False,-0.23683076007848378,-0.21913190087657003,False,False,False,False,10101581,11082178.049749617,False,False,False,False,1563068.9663878721,False,False,False,False
2025-03-19 00:00:00+00:00,1.85,1.87,1.8201,1.86,1080040,,,,,,1.9292408514727524,1.9561371823995863,1.9663895588375833,1.9588531187819556,1.9904254769246097,2.0056459425266318,2.0164796730007866,2.0283485966532018,2.050654824330275,2.0766926768272405,2.1896031626513976,2.283686882024264,2.3309848301728278,2.3424560617702017,2.3089535750885917,2.28736317712587,2.275753551881428,2.2455293863703507,2.2317143124847516,2.2200764759587837,2.2077902263134743,2.191996806406249,2.1868852706049755,2.181082193622692,2.1731557111468756,2.2052259660525424,2.2395436900230328,2.267851983764375,2.3165884395486027,2.376271519859524,2.4256783621840152,,,,,,,,,,1.9904254769246097,2.2052259660525424,2.4256783621840152,2.1347494658641546,,"rgba(255, 26, 202, 1.0)",0.06172629208958843,2.0130542848557798,-2.641569408042939,40.82881069356279,-4.044527187417565,False,True,False,True,False,0.0,0.0,0.0,0.0,0.0,0,0.8953279821234308,1.023198376995678,False,False,False,False,-0.34282825441539394,-0.280980077645982,False,False,False,False,10101581,11043723.263484927,False,False,False,False,1544126.6539805047,False,False,False,False
2025-03-20 00:00:00+00:00,1.82,1.87,1.81,1.84,1207236,,,,,,1.921792373901971,1.9498159861725508,1.9634277886313558,1.9569936109938237,1.9889602600849448,2.004219819446076,2.015051893603779,2.0269330940741757,2.049234748825548,2.0752545417671286,2.187965177876761,2.2819374217603703,2.3293827658035626,2.341117756836629,2.307877693379925,2.286420472961056,2.2748733957664142,2.244807189219475,2.2310864316104144,2.2194831731981997,2.2072431937358408,2.1914942085461164,2.1863969839761435,2.180610766328159,2.1727359987246713,2.2047957611867663,2.239093364557861,2.26738793033594,2.316102980481724,2.3757717483288703,2.4251611588794924,,,,,,,,,,1.9889602600849448,2.2047957611867663,2.4251611588794924,2.1328317797957075,,"rgba(255, 26, 202, 1.0)",0.0623643031413027,2.010718030707084,-3.0581281454386233,39.016332975425,-5.952511624923098,False,True,False,True,False,0.0,0.0,0.0,0.0,0.0,0,0.8955214997768192,1.026632941526559,False,False,False,False,-0.34282825441539394,-0.31190416603068793,False,False,False,False,8894345,10959433.919818852,False,False,False,False,1530915.255785191,False,False,False,False
2025-03-21 00:00:00+00:00,1.79,1.85,1.78,1.83,2332688,,,,,,1.9067703214786114,1.9368662379475796,1.956963361157155,1.9528102059868035,1.985733059218554,2.00111026562348,2.0119594553343885,2.0238865593429805,2.046210220018379,2.072222246019685,2.184607652652084,2.2783965648762354,2.3261513571947074,2.338416880224966,2.3056964949443923,2.2845034158545596,2.273080476956933,2.2433288910397,2.2297978315398304,2.218263088962503,2.2061156402590956,2.190455030969897,2.185386326626283,2.1796337900097984,2.1718644484236287,2.203907835802123,2.2381690427844068,2.2664391470744385,2.315116045905822,2.374761318163755,2.424119429868401,,,,,,,,,,1.985733059218554,2.203907835802123,2.424119429868401,2.1288387293186766,,"rgba(255, 26, 202, 1.0)",0.06376865563453071,2.005762251679497,-3.3835157654266403,36.79976168067931,-8.190447072435695,False,True,False,True,False,0.0,0.0,0.0,0.0,0.0,0,0.8945633777724993,1.0135099023130143,False,False,False,False,-0.34282825441539394,-0.3273662102230409,False,False,False,False,6561657,10786972.079825956,False,False,False,False,1562357.3241857719,False,False,False,False
2025-03-24 00:00:00+00:00,1.88,1.88,1.8,1.8,1471246,,,,,,1.9027070017394325,1.932357444929827,1.9543363926133765,1.9510943243851249,1.9842710570458388,1.9996576216932476,2.010488527080453,2.022411619516561,2.0447052394476244,2.0706746553675366,2.1827780140514355,2.276408577894851,2.324314993754827,2.3368756769338344,2.3044582686188306,2.2834194871384854,2.272069149678003,2.242500732066946,2.229078309051286,2.2175841013087347,2.2054904434502354,2.1898818392253196,2.1848298636254206,2.1790969948030807,2.1713868554161952,2.203415398370075,2.237650923703143,2.2659032825716876,2.314552493322099,2.3741780735159757,2.423513726705356,,,,,,,,,,1.9842710570458388,2.203415398370075,2.423513726705356,2.127109559715813,,"rgba(255, 0, 0, 1.0)",0.06293375610633405,2.003747444048305,-1.9663127025060936,40.28164251772837,-8.190447072435695,False,True,False,True,True,0.0,0.0,0.0,0.0,0.0,0,0.9055004561641015,0.9937902822331443,False,False,False,False,-0.26895596171706726,-0.2981610859700541,False,False,False,False,8032903,10678969.370813174,False,False,False,False,1558784.3310804476,False,False,False,False
2025-03-25 00:00:00+00:00,1.83,1.875,1.82,1.87,791684,,,,,,1.9003075814061783,1.929797691640562,1.9528201837209418,1.9500879804527724,1.983428716917667,1.9988263171498653,2.0096503218187505,2.0215744164536242,2.0438563010724646,2.0698066939989994,2.181767246041259,2.2753172218057127,2.323308397534029,2.336030482493015,2.303777615821103,2.2828227117412623,2.271511857923119,2.2420432339866974,2.2286802814756457,2.217208110658205,2.205143823423233,2.18956354385276,2.1845206883795245,2.1787985545820603,2.171121047471604,2.203142176045041,2.2373642524162265,2.26560736866916,2.3142421556201374,2.3738577486952033,2.423181668702305,,,,,,,,,,1.983428716917667,2.203142176045041,2.423181668702305,2.1261311682055934,,"rgba(255, 26, 202, 1.0)",0.06386309963890986,2.002593120324357,-2.7025484403391116,40.73658733591316,-8.190447072435695,False,True,False,True,True,0.0,0.0,0.0,0.0,0.0,0,0.9288536375248789,0.9937319906128391,False,False,False,False,-0.24737444078455909,-0.27276776337730657,False,False,False,False,7241219,10544155.630781285,False,False,False,False,1528701.9651557242,False,False,False,False
2025-03-26 00:00:00+00:00,1.8,1.8295,1.78,1.82,963954,,,,,,1.89587055690274,1.9255903772911944,1.950407586816913,1.9484610366308894,1.9821415021667748,1.997580770096815,2.0084095433860614,2.0203495333808954,2.042637159715624,2.068581852273841,2.1804061870541487,2.2738784415484727,2.3219909018936353,2.3349254191249718,2.3028827294046144,2.2820350274848464,2.270774642857167,2.24143416237673,2.2281486441698832,2.2167044891653505,2.204678060525834,2.189133970244079,2.1841027996864306,2.1783944696176722,2.170760224025144,2.202774684120169,2.236981854541117,2.265214950575922,2.313834098607627,2.3734400633569717,2.4227511321092563,,,,,,,,,,1.9821415021667748,2.202774684120169,2.4227511321092563,2.1246605281870785,,"rgba(255, 26, 202, 1.0)",0.06565354055480305,2.0007852922983553,-3.058255359903303,40.03285738891302,-8.190447072435695,False,True,False,True,True,0.0,0.0,0.0,0.0,0.0,0,0.9163473249561833,1.0056144728633813,False,False,False,False,-0.34282825441539394,-0.30779800889635023,False,False,False,False,6277265,10376826.586436922,False,False,False,False,1506554.9861300096,False,False,False,False
2025-03-27 00:00:00+00:00,1.83,1.84,1.78,1.81,1644355,,,,,,1.8901453611155665,1.9197480695029325,1.9468281106933092,1.9460176247730248,1.9801500966046164,1.995637290921425,2.006464013231792,2.018419408947813,2.04070140063131,2.066623195290407,2.1781891636658695,2.2715140524863124,2.31981687746062,2.333098483617742,2.3014045952643474,2.280735027113901,2.2695585633775304,2.2404309575936523,2.2272735244709154,2.2158761645257044,2.2039126583011344,2.1884289386626623,2.183417244580119,2.177731894416171,2.170168890915306,2.202170481847938,2.2363513467525884,2.2645665950184877,2.3131578807524837,2.3727458003627184,2.422034054492601,,,,,,,,,,1.9801500966046164,2.202170481847938,2.422034054492601,2.1224315990644396,,"rgba(255, 26, 202, 1.0)",0.06640118310023439,1.9980983468498614,-2.5315565024814743,41.07553293523111,-8.190447072435695,False,True,False,True,True,0.0,0.0,0.0,0.0,0.0,0,0.9185466985166181,0.996579079300481,False,False,False,False,-0.32766940183989807,-0.3177337053681242,False,False,False,False,7921620,10280543.9752041,False,False,False,False,1511958.9082425581,False,False,False,False
2025-03-28 00:00:00+00:00,1.79,1.835,1.77,1.83,937500,,,,,,1.8865114014497004,1.9161453754513493,1.944596260112908,1.9444729273973942,1.9789111067655818,1.994436224138456,2.005266927041421,2.017236751297374,2.0395234292586197,2.065439164218766,2.1768737337477204,2.2701230570493993,2.318540889306837,2.332025869784086,2.3005341576296137,2.2799679482647726,2.268840199495467,2.239836463152722,2.2267540516859903,2.215383825958661,2.2034570322119147,2.1880084069656376,2.1830080500271087,2.177336098454813,2.1698151970879183,2.201810510278845,2.235977053699326,2.264182688726144,2.312758964018903,2.3723377286862757,2.421613626037342,,,,,,,,,,1.9789111067655818,2.201810510278845,2.421613626037342,2.1210709881603416,,"rgba(255, 26, 202, 1.0)",0.06782409681007028,1.9964353534257628,-3.043687467064243,40.3638080500187,-8.190447072435695,False,True,False,True,True,0.0,0.0,0.0,0.0,0.0,0,0.9165852069077874,1.0098936579874997,False,False,False,False,-0.34282825441539394,-0.3302809798917591,False,False,False,False,6984120,10151272.446764724,False,False,False,False,1489431.1079193207,False,False,False,False
2025-03-31 00:00:00+00:00,1.81,1.83,1.72,1.77,1550166,,,,,,1.8803782892251801,1.910089746027521,1.9407665734439776,1.9417900956797631,1.9767690629762573,1.9923657460517694,2.003207548656796,2.015206103693311,2.037507549666462,2.0634195984610875,2.1746521060730863,2.267784451331601,2.31639766143121,2.3302231347643216,2.2990681862514886,2.2786743185822544,2.267627835866294,2.238831076943404,2.225874536984029,2.2145495788705802,2.202684260165151,2.1872942799077992,2.1823128841940536,2.1766633642042263,2.169213513562434,2.2011995291021744,2.235343096436059,2.263533417807799,2.3120857768907377,2.371650559883814,2.420906695999846,,,,,,,,,,1.9767690629762573,2.2011995291021744,2.420906695999846,2.1187591600490197,,"rgba(255, 26, 202, 1.0)",0.0688704227889503,1.9935935572080823,-2.66578234564778,40.92809870244765,-8.190447072435695,False,True,False,True,True,0.0,0.0,0.0,0.0,0.0,0,0.897668733083035,1.0082656654733841,False,False,False,False,-0.34282825441539394,-0.3365546171535765,False,False,False,False,8534286,10087861.213558264,False,False,False,False,1491812.8683930729,False,False,False,False
2025-04-01 00:00:00+00:00,1.79,1.85,1.78,1.8,784533,,,,,,1.8781558539950671,1.9076983498644853,1.9391407859612277,1.9406374066287821,1.975815222256111,1.9914338946223273,2.002274926618415,2.0142807210221867,2.036579893617108,2.062481675640286,2.1735948256351754,2.266658336501394,2.3153602556121404,2.3293487152472947,2.2983582813767076,2.278048708455067,2.2670420018457897,2.23834638408612,2.2254509646535907,2.2141482828417955,2.202313003814707,2.1869518248821547,2.1819797296913332,2.1763411930578305,2.16892560599751,2.200905884472919,2.235037205838986,2.263219249902759,2.3117586792815543,2.3713152696257804,2.420560784127377,,,,,,,,,,1.975815222256111,2.200905884472919,2.420560784127377,2.1177427743240536,,"rgba(255, 26, 202, 1.0)",0.07046358717174918,1.9923762026389817,-2.8720678404536293,40.55909303155288,-8.190447072435695,False,True,False,True,True,0.0,0.0,0.0,0.0,0.0,1,0.9116655622461033,1.0024201215822988,False,False,False,False,-0.24198358755263571,-0.2892691023531061,False,False,False,False,7749753,9996170.695379509,False,False,False,False,1464076.4029658935,False,False,False,False
2025-04-02 00:00:00+00:00,1.81,1.82,1.77,1.795,1015502,,,,,,1.8752202499273687,1.904568632922495,1.9369909918126225,1.9391014367714472,1.974548298111956,1.9901984777487634,2.0010401026874076,2.013056954838434,2.03535564831403,2.0612463782134745,2.1722105651383306,2.265187824033736,2.314006171824821,2.3282068105047538,2.2974299942883603,2.2772299571676777,2.266274954976587,2.237710944022308,2.2248952528766472,2.2136215358544544,2.201825400819961,2.1865017091027643,2.1815417254928007,2.1759175004314195,2.1685467701039722,2.2005200218814056,2.234635755766903,2.2628073022500117,2.3113303311933207,2.370876742174359,2.420108756703336,,,,,,,,,,1.974548298111956,2.2005200218814056,2.420108756703336,2.1164050591017842,,"rgba(255, 26, 202, 1.0)",0.0719233826579821,1.9907682498433004,-2.5133446615394774,41.42123025954041,-8.190447072435695,False,True,False,True,True,0.0,0.0,0.0,0.0,0.0,1,0.9159872079287793,1.0081823158258667,False,False,False,False,-0.29168421545567713,-0.2904766589043916,False,False,False,False,8765255,9947899.491639137,False,False,False,False,1446485.2499084077,False,False,False,False
2025-04-03 00:00:00+00:00,1.78,1.81,1.77,1.77,1045059,,,,,,1.8719246750908294,1.901145060144469,1.934638215332369,1.9374072084314948,1.9731652739788916,1.9888556748738635,1.9997017390762342,2.0117341731469778,2.0340383002485223,2.0599229428985137,2.170746036125727,2.263641057485401,2.3125841304439456,2.3270072679991802,2.29645278258341,2.2763668392538,2.2654657113933343,2.2370390682807852,2.2243069818802854,2.213063425452575,2.2013082286430343,2.1860236422416066,2.1810763049991,2.1754670408286967,2.1681436442233,2.200110509722091,2.234210743974497,2.2623719373388007,2.3108787886216406,2.3704156294550907,2.4196342722717405,,,,,,,,,,1.9731652739788916,2.200110509722091,2.4196342722717405,2.1149603282060303,,"rgba(255, 26, 202, 1.0)",0.07401679867759745,1.989014821497965,-2.8238835674100455,40.794593579223715,-8.190447072435695,False,True,False,True,True,0.0,0.0,0.0,0.0,0.0,1,0.9246304992941313,0.9995390244605146,False,False,False,False,-0.30432236570237203,-0.2973995123033818,False,False,False,False,7720196,9860538.570398387,False,False,False,False,1430743.0440296468,False,False,False,False
2025-04-04 00:00:00+00:00,1.71,1.75,1.67,1.74,2383039,,,,,,1.8592582589975581,1.8892745983399053,1.9268972384584246,1.9317862186144168,1.9688208221284815,1.984722680437204,1.9956353821668815,2.0077668545645504,2.030170925777863,2.0561188608042915,2.1667893603421344,2.2595901446070723,2.3089014196915043,2.3239064411488064,2.2939053555612494,2.27410363203168,2.263336727273578,2.2352549228360363,2.2227374789280416,2.2115683654484406,2.1999165676966976,2.1847293147469076,2.179813600511342,2.174241970449984,2.167043469918146,2.1990071278343186,2.2330790978545534,2.261222631649313,2.309701878052745,2.369229137510462,2.4184242348546814,,,,,,,,,,1.9688208221284815,2.1990071278343186,2.4184242348546814,2.1105272844079055,,"rgba(255, 26, 202, 1.0)",0.07831560082976306,1.9833670942736137,-3.490582864426206,38.049783021149025,-8.190447072435695,False,True,False,True,False,0.0,0.0,0.0,0.0,0.0,1,0.9037990368638936,1.0023655974541668,False,False,False,False,-0.34282825441539394,-0.32011388335938784,False,False,False,False,5337157,9683151.057833744,False,False,False,False,1468087.9834794644,False,False,False,False
2025-04-07 00:00:00+00:00,1.68,1.73,1.61,1.64,2053918,,,,,,1.8475148361071878,1.87830357113121,1.9195834805666292,1.9263950006842425,1.9646754678238625,1.980795070400528,1.991782844181737,2.004019365456397,2.0265376543822136,2.052565538313836,2.16316387072979,2.255916185971638,2.3055711276104964,2.3211006314858844,2.2915906810060003,2.2720416080380685,2.2613941007054277,2.233620178569961,2.221296217344723,2.2101932195249185,2.198634120758963,2.1835336530103544,2.178646192242334,2.1731082694546675,2.166023738295602,2.1979891033114667,2.2320395602992016,2.260170249852242,2.3086294091376454,2.368153238139263,2.4173308132933076,,,,,,,,,,1.9646754678238625,2.1979891033114667,2.4173308132933076,2.1064030325017375,,"rgba(255, 26, 202, 1.0)",0.08341257493718231,1.978058032138827,-3.5732985387789964,35.3859672220607,-10.619410017779344,False,True,False,True,False,0.0,0.0,0.0,0.0,0.0,1,0.8918500925184347,1.0106050981800108,False,False,False,False,-0.34282825441539394,-0.33147106888739086,False,False,False,False,3283239,9432174.114389284,False,False,False,False,1491061.7096175246,False,False,False,False
2025-04-08 00:00:00+00:00,1.62,1.7094,1.6,1.69,2031718,,,,,,1.83549610973201,1.8670502951204297,1.9119145914608746,1.9206683122305157,1.9602744269171448,1.9766340323607363,1.987708588527569,2.0000630256775,2.0227145837782716,2.0488401483045235,2.1594117011079654,2.2521409041259224,2.3021552646620975,2.3182205662739666,2.2892069345039237,2.2699135626964604,2.2593869746909028,2.2319257757773796,2.2197997891046604,2.2087637007309366,2.197299086569513,2.1822867183878474,2.1774279844048663,2.1719243982886205,2.1649575879991407,2.1969282113121396,2.2309596722458345,2.2590795609355396,2.3075218206469317,2.367046119887099,2.416208586916197,,,,,,,1.6431333333333333,,1.6431333333333333,1.9602744269171448,2.1969282113121396,2.416208586916197,2.1021144643891896,1.6431333333333333,"rgba(255, 26, 202, 1.0)",0.09049672733116362,1.9466899793389534,-3.609964569696143,32.1612947154714,-13.619375935385591,False,True,False,True,False,0.0,1.0,1.7094,1.6,0.0,0,0.8993035796547707,1.0051486329024744,False,False,False,False,-0.34282825441539394,-0.3371496616513924,False,False,False,False,1251521,9111364.188334802,False,False,False,False,1512263.9170835041,True,False,False,False
2025-04-09 00:00:00+00:00,1.72,1.735,1.6004,1.62,1513766,,,,,,1.829184655644561,1.860787748088702,1.9073222586024472,1.917173100500993,1.9574968774019483,1.973981959445607,1.9850968900885333,1.9975115025866237,2.0202250710368936,2.0463910725251755,2.1568756745794864,2.249550079688555,2.2997937757129017,2.316223097357736,2.28755696479536,2.268442984749952,2.2580013269810597,2.230759243565987,2.218770713580106,2.2077820293443744,2.196383632409944,2.1814334850564303,2.1765950007997765,2.1711155542078333,2.1642297646004462,2.196200156503402,2.2302149583621564,2.2583246691713303,2.3067510030784795,2.3662711686001714,2.4154198769375,,,,,,,1.6610654892815762,,1.6610654892815762,1.9574968774019483,2.196200156503402,2.4154198769375,2.09944635131385,1.6610654892815762,"rgba(255, 26, 202, 1.0)",0.09336550282149397,1.944340990047273,-2.402825275585907,35.20045335759764,-13.619375935385591,False,True,False,True,True,0.0,0.0,0.0,0.0,0.0,0,0.9019260746651167,0.9982562286982484,False,False,False,False,-0.3192520907774955,-0.32820087621444394,False,False,False,False,2765287,8862498.416243242,False,False,False,False,1512322.8222959158,False,False,False,False
2025-04-10 00:00:00+00:00,1.68,1.71,1.625,1.71,1658471,,,,,,1.8222593019363518,1.853914083703,1.9022075224554829,1.9132455108147188,1.9543701740253723,1.970998311161614,1.9821606474433475,1.994644633081114,2.0174314599775203,2.043646847495947,2.1540497427982226,2.246671556051624,2.297170978220795,2.3140027143007518,2.285719407354673,2.2668032968778635,2.256455370796387,2.2294554969901674,2.2176194664938063,2.206683130821481,2.195358096978488,2.1804767707368122,2.1756607018332375,2.1702080001148363,2.1634125545701535,2.1953839234843975,2.2293812846165877,2.25748051406833,2.3058904419844963,2.365407410949585,2.4145418249645227,,,,,,,1.6644440245031582,,1.6644440245031582,1.9543701740253723,2.1953839234843975,2.4145418249645227,2.0964754826400123,1.6644440245031582,"rgba(255, 26, 202, 1.0)",0.09720267671393418,1.9408896052939106,-2.6839755253006494,36.06501223589075,-13.619375935385591,False,True,False,True,True,0.0,0.0,0.0,0.0,0.0,0,0.9069512576975263,1.0041488362383886,False,False,False,False,-0.319612152999513,-0.3239065146069785,False,False,False,False,1106816,8558354.007763116,False,False,False,False,1518054.1233823504,False,False,False,False
2025-04-11 00:00:00+00:00,1.75,1.755,1.65,1.6799,1582344,,,,,,1.8180753843781046,1.8493701221779493,1.8984771022692324,1.9103151815382635,1.9519321264805327,1.9686413345934592,1.9798234288311163,1.9923444716225254,2.0151616539746398,2.041389601268829,2.1516419276386487,2.2441725027054553,2.2948740879015515,2.3120513416957076,2.284108855406074,2.265369266071949,2.2551050583615324,2.2283208467214948,2.216619074748656,2.2057299509317305,2.1944702248603454,2.179650726010735,2.1748547477433906,2.1694259398846905,2.1627091337162354,2.194676704213939,2.2286545563552544,2.256741348394978,2.305131807980232,2.364640603404982,2.4137585129210586,,,,,,,1.6770092569651487,,1.6770092569651487,1.9519321264805327,2.194676704213939,2.4137585129210586,2.094176165965872,1.6770092569651487,"rgba(255, 0, 0, 1.0)",0.09898803276469244,1.938828125885501,-1.9075853980689785,39.53991566384747,-15.38507757297321,False,True,False,True,True,0.0,0.0,0.0,0.0,0.0,1,0.9090862077881782,1.0034648601127374,False,False,False,False,-0.25771961877938093,-0.29081306669317974,False,False,False,False,2689160,8328189.536870444,False,False,False,False,1520575.2950144152,False,False,False,False
2025-04-14 00:00:00+00:00,1.72,1.7471,1.69,1.74,1703192,,,,,,1.8139618199959655,1.8448320083689576,1.8946422706401085,1.9072690946338406,1.9493712390104176,1.9661599592609162,1.9773601601047714,1.9899172712250963,2.0127623536760013,2.0389998971508336,2.1490839221100217,2.2415124201715675,2.292425038198153,2.3099676338353756,2.2823876195985813,2.2638360350820665,2.253661056780662,2.2271068247492845,2.2155482568904206,2.2047095909053973,2.1935196291055306,2.178766231668516,2.1739917344129074,2.1685884725475018,2.1619556598454115,2.1939189273394404,2.2278757017946096,2.2559490235925406,2.304318392633453,2.3638181526885993,2.4129181911758204,,,,,,,1.6854402772321684,,1.6854402772321684,1.9493712390104176,2.1939189273394404,2.4129181911758204,2.091775723619422,1.6854402772321684,"rgba(255, 26, 202, 1.0)",0.10081344826631257,1.9364639187914086,-2.147173045996695,40.898435125193465,-14.186280609948312,False,True,False,True,True,0.0,0.0,0.0,0.0,0.0,1,0.9197646082853735,1.0034738424845753,False,False,False,False,-0.2299966697840058,-0.26040486823859277,False,False,False,False,985968,8040259.280522584,False,False,False,False,1527736.7344256146,False,False,False,False
2025-04-15 00:00:00+00:00,1.72,1.73,1.6901,1.72,1300757,,,,,,1.8108690579736246,1.8414267145561942,1.8917311588494516,1.904939210311347,1.9474058685300084,1.964255168485369,1.975469450214019,1.9880542410838327,2.0109211420259507,2.0371666651971485,2.147125136669228,2.239477111953425,2.290550295080204,2.3083709401921397,2.2810669761795705,2.2626587443584194,2.252551842954024,2.2261732487617474,2.2147242557080022,2.203924142666715,2.1927875592705726,2.1780847144561633,2.1733266521061436,2.1679429432535087,2.1613746001891685,2.193334937903121,2.227275872293037,2.25533911252884,2.3036926924755647,2.3631859350344038,2.412272560987776,,,,,,,1.6891506476478768,,1.6891506476478768,1.9474058685300084,2.193334937903121,2.412272560987776,2.089943068587521,1.6891506476478768,"rgba(255, 26, 202, 1.0)",0.10258935898313062,1.9345252471893144,-2.091106225009068,41.8041147660908,-13.325750570317027,False,True,False,True,True,0.0,0.0,0.0,0.0,0.0,1,0.9374493768452955,0.9962114284221254,False,False,False,False,-0.2446327630369346,-0.2525188156377637,False,False,False,False,985968,7763620.4067766005,False,False,False,False,1518835.5683697083,False,False,False,False
2025-04-16 00:00:00+00:00,1.77,1.8197,1.69,1.71,2916258,,,,,,1.8075823800814907,1.8369520811603475,1.8871496768756328,1.9011344992771788,1.9439692212701645,1.9608603090723338,1.9720627757650724,1.984659604404323,2.007507238202761,2.033710703713535,2.1432612877679427,2.2353691303393144,2.286726305966587,2.3050996207128547,2.278369174473719,2.2602595659543416,2.2502946933263503,2.2242812944396166,2.2130572168637537,2.2023384628067944,2.1913128860832893,2.1767162759182046,2.1719926623995347,2.166649789970419,2.160212079805519,2.1921572332053794,2.2260574517331837,2.254093658266753,2.3024048946380584,2.3618741600950934,2.4109254856567057,,,,,,,1.7053882636212765,,1.7053882636212765,1.9439692212701645,2.1921572332053794,2.4109254856567057,2.0867322621237054,1.7053882636212765,"rgba(255, 0, 0, 1.0)",0.1030393959469393,1.9318563118028744,-1.5708196880950585,44.49148350845214,-10.751186853575895,False,False,False,True,True,0.0,0.0,0.0,0.0,0.0,1,0.9335807524955209,0.9797286920911186,False,False,False,False,-0.16848995071082007,-0.21050438317429188,False,False,False,False,3902226,7612193.175138302,False,False,False,False,1573636.4480414845,False,False,False,False
2025-04-17 00:00:00+00:00,1.77,1.7963,1.7001,1.78,2254371,,,,,,1.8051078534168372,1.8336355002548,1.8837045617514006,1.8982392855895855,1.9413357612911408,1.9582560698774891,1.9694486880819588,1.9820534581214617,2.004885019960296,2.0310552913800177,2.140292899488056,2.2322122641027153,2.2837832270525777,2.3025770477376017,2.276285072781666,2.258404256095307,2.2485483142385356,2.222815373196987,2.2117643618526115,2.201108210913266,2.1901681345557966,2.1756533600694086,2.1709562952432315,2.1656449053556734,2.159308112265378,2.1912419099600084,2.225110997843272,2.2531265622731143,2.3014054523537095,2.360856574964185,2.4098808896232833,,,,,,,1.7129342984928844,,1.7129342984928844,1.9413357612911408,2.1912419099600084,2.4098808896232833,2.0842756258592154,1.7129342984928844,"rgba(255, 0, 0, 1.0)",0.10376029201091891,1.9295841048380222,-1.5380074761280438,46.28306267002637,-9.041613046534998,True,False,False,False,True,0.0,0.0,0.0,0.0,0.0,1,0.9257546768707483,1.0436330782312926,False,False,False,False,-0.17965052055430336,-0.19507745186429762,False,False,False,False,3902226,7466704.266309349,False,False,False,False,1600331.9206673086,False,False,False,False
2025-04-21 00:00:00+00:00,1.74,1.76,1.7,1.75,1453938,,,,,,1.8029752282565916,1.831069904005577,1.881209435721329,1.8961521908369723,1.9394783722942395,1.9564317088732848,1.9676250154993562,1.9802427199513788,2.0030750681034806,2.0292340287091486,2.1382937191714926,2.2301047026000775,2.281823550176298,2.3008970600257026,2.2748929902486568,2.2571625653511336,2.2473782605003194,2.2218302471389895,2.2108941560678685,2.200279127811947,2.1893955917007073,2.174934721867097,2.1702551697176315,2.16496458370132,2.158695409041885,2.1906237323615256,2.2244739348499336,2.2524771776401518,2.3007367514864985,2.3601781735465375,2.4091862242754893,,,,,,,1.714741137736449,,1.714741137736449,1.9394783722942395,2.1906237323615256,2.4091862242754893,2.082552502567192,1.714741137736449,"rgba(255, 0, 0, 1.0)",0.1052124406030512,1.9277714828002153,-1.7846889752196267,46.239292290019186,-8.99807146228644,True,False,False,False,True,0.0,0.0,0.0,0.0,0.0,1,0.8983445837351334,1.048349941069324,False,False,False,False,-0.2002108762569932,-0.1976441640606454,False,False,False,False,2448288,7269903.628414865,False,False,False,False,1594590.9826019239,False,False,False,False
2025-04-22 00:00:00+00:00,1.77,1.78,1.73,1.74,1144387,,,,,,1.801993142007509,1.8296673033894713,1.8796468067217726,1.8948092632420817,1.9382257161846708,1.9551856107324839,1.966370438980977,1.9789878699450165,2.0018065124062914,2.027943901233836,2.1368366476650533,2.228546711341741,2.2803654004643166,2.299643509487797,2.2738560058546486,2.2562389028524157,2.246508629721223,2.2210998197890257,2.210249566963742,2.1996657742988153,2.188824809618517,2.174404783351295,2.1697384804292743,2.164463599645028,2.158244547547909,2.1901666460172184,2.2240008278634242,2.2519933867538766,2.300236211092759,2.359667909735328,2.408661993170326,,,,,,,1.717690796474312,,1.717690796474312,1.9382257161846708,2.1901666460172184,2.408661993170326,2.081382376664144,1.717690796474312,"rgba(239, 83, 80, 1.0)",0.10522528384543907,1.9266859533656795,-1.4890523231643527,47.569461592526665,-7.5726339666907165,True,False,False,False,True,0.0,0.0,0.0,0.0,0.0,1,0.9308085476591812,1.0191669838507966,False,False,False,False,-0.15483882715377267,-0.17624149560720903,False,False,False,False,3592675,7125698.584163302,False,False,False,False,1576935.924460672,False,False,False,False
2025-04-23 00:00:00+00:00,1.79,1.81,1.76,1.77,1174194,,,,,,1.8016420062491758,1.8288138423214138,1.878432944189284,1.8937257890179104,1.9371480864653405,1.9540958310566474,1.9652631592664853,1.9778700988358784,2.000660636466371,2.0267634286133065,2.1354582179317285,2.227049209184547,2.2789539553185563,2.2984265939288147,2.2728513358353775,2.2553454798008414,2.2456682996198065,2.220395969394349,2.209629159303361,2.1990762815291767,2.188277056787248,2.1738973460296163,2.1692440995272197,2.1639846594156675,2.157813906833122,2.189727672812104,2.223544239639689,2.2515248334765134,2.2997488990320405,2.3591684984031946,2.408147063559786,,,,,,,1.7220141478263382,,1.7220141478263382,1.9371480864653405,2.189727672812104,2.408147063559786,2.0803635162164182,1.7220141478263382,"rgba(239, 83, 80, 1.0)",0.10407239337622567,1.9258949493864042,-1.3057732697194604,49.32912591739971,-5.7506138803786655,True,False,False,False,True,0.0,0.0,0.0,0.0,0.0,1,0.9412843534435565,1.0056115186685648,False,False,False,False,-0.1011994395786435,-0.13872046759292628,False,False,False,False,4766869,7033195.463215722,False,False,False,False,1561142.12350143,False,False,False,False
2025-04-24 00:00:00+00:00,1.85,1.86,1.79,1.79,2199932,,,,,,1.8029463433586976,1.8289758781872105,1.8773561649242323,1.8926130399565402,1.9357832869696123,1.9526501876818407,1.9637574968498777,1.9763131659316857,1.9990073784998383,2.0250064351597956,2.13324629315766,2.2245651233162045,2.2765797589668626,2.296368590260943,2.2711597384066478,2.253846472620883,2.2442613566963154,2.219224605712641,2.2085993723266064,2.1981008093724883,2.1873735949397215,2.1730643393289646,2.16843383660156,2.1632011715685637,2.1571108647182604,2.189002718930157,2.222782456363858,2.2507373761286322,2.2989211876235123,2.3583112370349837,2.4072568705476787,,,,,,,1.7337129392660353,,1.7337129392660353,1.9357832869696123,2.189002718930157,2.4072568705476787,2.079018074917829,1.7337129392660353,"rgba(239, 83, 80, 0.5)",0.10201430742259474,1.925390317378356,-0.7390170975336935,52.82746864532827,-2.3593932177287797,True,False,True,False,True,0.0,0.0,0.0,0.0,0.0,1,0.9442505861185323,0.9919579085109864,False,False,False,False,-0.030521144221815,-0.08462080590737064,False,False,False,False,6966801,7030591.758775889,False,False,False,False,1586192.706893531,False,False,False,False
2025-04-25 00:00:00+00:00,1.8,1.87,1.79,1.855,2350388,,,,,,1.803664647292648,1.8286447439653397,1.8759294899205843,1.8912112167099642,1.9341795672309134,1.9509750597027173,1.9620257594163304,1.9745346905559669,1.9971374947176075,2.0230360570561734,2.1308151177512236,2.2218562747010417,2.2739955167250474,2.2941271291507253,2.269312177173,2.2522062601143378,2.242720331444665,2.2179379682663414,2.207466496124529,2.197026471059937,2.186377251373193,2.172144100695179,2.167538193700421,2.1623345230520075,2.1563323057180805,2.1882025224334805,2.2219441012959003,2.2498725638041135,2.2980148758499888,2.3573752462171784,2.4062868130478807,,,,,,,1.7424232358571974,,1.7424232358571974,1.9341795672309134,2.1882025224334805,2.4062868130478807,2.077440123453955,1.7424232358571974,"rgba(239, 83, 80, 1.0)",0.10111664836499117,1.9244632743575523,-1.2308880522650332,52.778320997209285,-2.3429473301051686,True,False,True,False,True,0.0,0.0,0.0,0.0,0.0,1,0.9381101342969637,0.9920446577854487,False,False,False,False,-0.021722123130354827,-0.05317146451886273,False,False,False,False,4616413,6935918.081961148,False,False,False,False,1616161.1497604514,False,False,False,False
2025-04-28 00:00:00+00:00,1.83,1.84,1.78,1.8,1307589,,,,,,1.803962343941014,1.8284038517494898,1.8751205982350188,1.8904191044847545,1.9332809678575313,1.950038070591731,1.9610580952624936,1.973541716568872,1.996094779124438,2.021938459700613,2.129464520642979,2.2203525388895855,2.2725599892957185,2.2928805443292175,2.2682832844013796,2.2512921239170165,2.241861128858236,2.2172197925621195,2.2068337017208055,2.196426163521346,2.1858202708701384,2.1716293925327177,2.1670371521099803,2.1618495973030822,2.155896448291788,2.187754833990515,2.221475353790981,2.2493892262427013,2.2975086461227057,2.3568527138437703,2.405745467633035,,,,,,,1.7463709683361661,,1.7463709683361661,1.9332809678575313,2.187754833990515,2.405745467633035,2.076551588782718,1.7463709683361661,"rgba(239, 83, 80, 0.5)",0.10004107264623298,1.9238875418482002,-0.9384899558225144,53.89792690777379,-1.1288333920632851,True,False,True,False,True,0.0,0.0,0.0,0.0,0.0,0,0.9303953650555229,1.005498632047637,False,False,False,False,-0.05695205595763924,-0.05506176023825099,False,False,False,False,5924002,6896235.098354829,False,False,False,False,1604060.2811423945,False,False,False,False
2025-04-29 00:00:00+00:00,1.85,1.89,1.81,1.82,1575400,,,,,,1.8051982284985022,1.8289147495140645,1.8747141794136888,1.8899081851017698,1.9325207062072565,1.9492042335580915,1.9601744399679355,1.9726125401677501,1.9950848278105657,2.020843706212332,2.128024418104569,2.218703956619106,2.270967958296976,2.291491786146288,2.267140894777175,2.2502799231660005,2.2409113355242547,2.216429654824744,2.206138921755912,2.1957686806890186,2.1852118318885982,2.171069290215301,2.1664926383665604,2.161323401235729,2.1554242592038464,2.18726520595974,2.220958424232271,2.2488530732776346,2.296942329440391,2.356263265244331,2.405131398139163,,,,,,,1.7526100869597452,,1.7526100869597452,1.9325207062072565,2.18726520595974,2.405131398139163,2.0757516663178004,1.7526100869597452,"rgba(239, 83, 80, 0.5)",0.09858128762733259,1.9236489708474718,-0.7470887489914649,55.38782974440355,0.442173680035431,True,False,True,False,True,0.0,0.0,0.0,0.0,0.0,0,0.9414385571741104,0.9947975028013447,False,False,False,False,0.013453957599366547,-0.020803901319442222,False,False,False,False,7499402,6919888.702340914,False,False,False,False,1602936.348548575,False,False,False,False
2025-04-30 00:00:00+00:00,1.88,1.92,1.8,1.83,2779553,,,,,,1.807977963118241,1.8304273419261554,1.8744908394780007,1.889401153571436,1.9314768405131253,1.9480080127674588,1.9588799159663004,1.971225057555903,1.99353739678579,2.019130950040993,2.1256696098284875,2.215960674000524,2.2682981809247034,2.2891543583286955,2.2652203929144674,2.2485802896459086,2.2393177205419317,2.2151068703143975,2.204976722891375,2.19467034129522,2.184196801162963,2.1701368697164742,2.165586826487711,2.1604487963410306,2.154639967079087,2.186447304502054,2.220090700333328,2.2479499972711645,2.2959837673911343,2.3552607373284604,2.4040836976734905,,,,,,,1.7635623250104844,,1.7635623250104844,1.9314768405131253,2.186447304502054,2.4040836976734905,2.074575531620456,1.7635623250104844,#000000,0.09787324032218284,1.9235535460494186,-0.4449995310878391,57.45535264048398,2.5311047223061607,True,False,True,False,True,0.0,0.0,0.0,0.0,0.0,0,0.9451312136608875,0.9791786705777593,False,False,False,False,0.031049046160234156,0.005122572420395967,False,False,False,False,10278955,7051616.792445192,False,False,False,False,1649078.1780172584,False,False,False,False
2025-05-01 00:00:00+00:00,1.87,1.89,1.84,1.89,1075248,,,,,,1.8089870012393734,1.8309804589044953,1.8744077321842285,1.8892108970436048,1.931081852285923,1.9475545134448542,1.9583887030657434,1.9706980201547337,1.9929487425824566,2.0184785480389094,2.1247700138836576,2.2149108911127806,2.267274832793389,2.2882570279370897,2.2644823938824974,2.2479268329719764,2.2387048778478595,2.2145978416046517,2.2045292672726156,2.194247421431443,2.183805877646938,2.1697777007114327,2.1652378867834168,2.1601118535209998,2.1543377115343154,2.186132024156821,2.2197561673081707,2.247601793257422,2.2956140999461305,2.3548740178199723,2.4036794958960392,,,,,,,1.767255102353404,,1.767255102353404,1.931081852285923,2.186132024156821,2.4036794958960392,2.074121893484114,1.767255102353404,"rgba(239, 83, 80, 0.5)",0.09751174565421905,1.923490108008916,-0.548550409492146,58.2670637471096,3.4268246692945183,True,False,True,False,True,0.0,0.0,0.0,0.0,0.0,0,0.9553321289241485,0.9870395098578274,False,False,False,False,0.03985312154331885,0.022487846981857407,False,False,False,False,9203707,7136012.486859106,False,False,False,False,1626575.0337812877,False,False,False,False
2025-05-02 00:00:00+00:00,1.84,1.88,1.84,1.88,1044777,,,,,,1.8097156704343125,1.831307115760456,1.8741924482883832,1.8889215126277785,1.9306241492250085,1.9470468423376712,1.957847740070337,1.9701259977084173,1.9923221379661757,2.0177947526588587,2.1238570301007385,2.2138580608215896,2.2662525391472923,2.2873613105579764,2.263743975513092,2.247271902630096,2.2380900580577205,2.214085761101167,2.204078511053608,2.193820846309414,2.1834110223405343,2.169414207776189,2.1648845087602244,2.1597703564161206,2.1540310444704995,2.185813512410865,2.219419468824885,2.2472522445141956,2.295244371532306,2.354488597023183,2.403277593655489,,,,,,,1.7701499628659576,,1.7701499628659576,1.9306241492250085,2.185813512410865,2.403277593655489,2.073615918118505,1.7701499628659576,"rgba(239, 83, 80, 0.5)",0.09722269412151051,1.923301596493581,-0.8568122622632647,57.141697642207774,3.4268246692945183,True,False,True,False,True,0.0,0.0,0.0,0.0,0.0,0,0.9608567014898018,0.9818029481842223,False,False,False,False,0.031049046160234156,0.02676844657104578,False,False,False,False,8158930,7176126.899139142,False,False,False,False,1603759.4246133943,False,False,False,False
2025-05-05 00:00:00+00:00,1.9,1.91,1.81,1.83,2016851,,,,,,1.8116715364148233,1.8324601625751489,1.8741758341849937,1.888682518228202,1.9299803961745718,1.9462880248263363,1.957015910109537,1.9692238009246548,1.9913000927794378,2.0166492272241734,2.1222408758967206,2.2119546984810263,2.264388201365043,2.2857217983586158,2.2623950997372058,2.2460776219861414,2.2369701400150688,2.213155905784625,2.2032610609081975,2.1930485852416726,2.1826974750202996,2.168759123429863,2.1642482496363638,2.1591561572885754,2.1534800717402547,2.1852372571632337,2.2188066623194347,2.2466133918511093,2.2945646115447844,2.3537758742378734,2.4025315691664164,,,,,,,1.7764403428496223,,1.7764403428496223,1.9299803961745718,2.1852372571632337,2.4025315691664164,2.0728330745608092,1.7764403428496223,#000000,0.0964949702278404,1.9232430072501117,-0.24087273352415373,58.72443790973851,4.051771643835998,True,False,True,False,True,0.0,0.0,0.0,0.0,0.0,0,0.9510247331558681,0.9794536479466571,False,False,False,False,0.031049046160234156,0.02890874636563997,False,False,False,False,10175781,7293760.393290548,False,False,False,False,1619959.0942363983,False,False,False,False
2025-05-06 00:00:00+00:00,1.85,1.895,1.83,1.89,1457230,,,,,,1.812685530791848,1.832963090271013,1.8739575222892324,1.888350004827409,1.929403396875981,1.945638665152142,1.9563190894019513,1.968481991529219,1.9904799784009592,2.015747343539127,2.121016483878404,2.2105323198836393,2.263000889760589,2.284502468396918,2.2613889339249282,2.245184923482898,2.236132036454727,2.212457695063396,2.202646202242495,2.1924668473467954,2.182159059094877,2.1682636672611975,2.1637666458226614,2.1586908147161026,2.153062079693261,2.18480225786561,2.2183460756896234,2.246134666016483,2.29405738668205,2.3532461883223803,2.401978610334324,,,,,,,1.7798953418334946,,1.7798953418334946,1.929403396875981,2.18480225786561,2.401978610334324,2.072167770675683,1.7798953418334946,"rgba(239, 83, 80, 0.5)",0.09587905294059433,1.9230047088651065,-0.7614250102192751,57.21081548633845,4.051771643835998,True,False,True,False,True,0.0,0.0,0.0,0.0,0.0,0,0.9652391905512626,0.979453647946657,False,False,False,False,0.03545039717946402,0.032179571772552,False,False,False,False,8718551,7349634.5347301345,False,False,False,False,1613577.5611290885,False,False,False,False
2025-05-07 00:00:00+00:00,1.85,1.89,1.84,1.85,1471180,,,,,,1.813701266927914,1.8334834581626007,1.8737660087806283,1.8880398521395887,1.928843666859839,1.94500507434742,1.9556373072692528,1.9677542615295023,1.9896725258319767,2.0148567207972823,2.1197996118905458,2.209114626002415,2.2616156096760753,2.2832832899351914,2.2603823859702867,2.24429170414849,2.2352933812033955,2.211758886754768,2.2020306712109377,2.1918845074551303,2.1816200874292937,2.1677677510964752,2.163284612181742,2.1582250743643967,2.1526436650584393,2.1843665031156188,2.217884419470914,2.245654625348084,2.2935484554731054,2.3527143763944913,2.401423204748073,,,,,,,1.783167858307695,,1.783167858307695,1.928843666859839,2.1843665031156188,2.401423204748073,2.071510740844662,1.783167858307695,"rgba(239, 83, 80, 0.5)",0.09492187399200791,1.9227724906856902,-0.7666567001386564,56.20173387073841,4.051771643835998,True,False,True,False,False,0.0,0.0,0.0,0.0,0.0,1,0.9704843657360867,0.9730621503879567,False,False,False,False,0.03985312154331885,0.03601634665793542,False,False,False,False,8718551,7403317.533368168,False,False,False,False,1607993.3430455949,False,False,False,False
2025-05-08 00:00:00+00:00,2.0,2.055,1.97,2.0,3942158,,,,,,1.8242884147410618,1.8420587239727313,1.8785381986085221,1.8914658287773773,1.9305251456143755,1.946236134295731,1.956618194668179,1.9684708100917376,1.9899769150770505,2.014758272018245,2.118424313572537,2.206962019821778,2.2593039564321478,2.2811834824877346,2.258700045562428,2.242834561161544,2.2339454313250995,2.2106838493044703,2.201102751541183,2.1910270353773806,2.180846718716514,2.167083417122015,2.1626285305409496,2.157601401103395,2.152093675365228,2.183735941758553,2.2171635153324987,2.244866673248077,2.292655169812806,2.3517222914103404,2.400346746380745,,,,,,,1.8053845199501162,,1.8053845199501162,1.9305251456143755,2.183735941758553,2.400346746380745,2.072355204222566,1.8053845199501162,"rgba(38, 166, 154, 0.5)",0.09565836357849217,1.9264512535475284,0.7688689592951417,60.28312753072231,5.583139397654051,True,False,True,False,True,3.7686606612603875,0.0,0.0,0.0,0.0,0,0.9839324415215605,0.9403382906110656,False,False,False,False,0.3086675719991802,0.1723419593285578,False,False,False,False,12660709,7609489.747745887,False,False,False,False,1699529.2119457675,False,False,False,False
2025-05-09 00:00:00+00:00,1.98,2.04,1.98,2.01,1483263,,,,,,1.8278125312778057,1.8449204039325782,1.8801375554056963,1.8926165334075453,1.9310737377462757,1.9466265176840405,1.9569199132074448,1.9686789064944963,1.9900380553162227,2.0146749427225266,2.1178770872963595,2.2061305092982653,2.2584165504544185,2.280377819140485,2.2580519782208683,2.242271632341374,2.2334238120593386,2.2102657583436605,2.200740919705713,2.190691854603583,2.1805435479365913,2.1668140139587146,2.162369856847218,2.15735505581589,2.1518758892959524,2.1834886405932408,2.216882780170742,2.2445611567060544,2.2923107035690538,2.351341468394442,2.3999346691916053,,,,,,,1.8123509071067343,,1.8123509071067343,1.9310737377462757,2.1834886405932408,2.3999346691916053,2.072587350932935,1.8123509071067343,"rgba(38, 166, 154, 0.5)",0.09631835352214922,1.9276386758144297,0.5436276916167315,62.00787530715013,7.1846544794249425,True,False,True,False,True,2.9525655553810495,0.0,0.0,0.0,0.0,0,0.9860051870682794,0.9770176925249725,False,False,False,False,0.30384566928808804,0.23809381430832294,False,False,False,False,11177446,7749409.600775461,False,False,False,False,1691048.1840263256,False,False,False,False
2025-05-12 00:00:00+00:00,2.05,2.06,1.97,2.01,2923309,,,,,,1.8353739763174342,1.8511866806755313,1.883844015206051,1.8953602538775225,1.932538602789429,1.9477557786909105,1.9578630232554177,1.9694235215414144,1.9904731789954646,2.0148069184996342,2.1170539167913502,2.2047206191536426,2.256863913594394,2.2789531489331143,2.2569151965635403,2.2412910622741764,2.23251922186125,2.2095504860925272,2.20012582419763,2.1901265895804047,2.1800368208472105,2.1663700651718742,2.161945781681474,2.1569536885943075,2.1515235282291223,2.183073739107034,2.216399377861604,2.2440266646798634,2.291695893744076,2.3506501109040028,2.399178986505728,,,,,,,1.8264741559568967,,1.8264741559568967,1.932538602789429,2.183073739107034,2.399178986505728,2.0733372964445413,1.8264741559568967,"rgba(38, 166, 154, 1.0)",0.09826733164414807,1.9303936045798793,1.2171531822319837,64.81472132637577,9.805996759862396,True,False,True,False,True,5.523364197846401,0.0,0.0,0.0,0.0,0,0.9664011623381681,0.9819681913706773,False,False,False,False,0.3135034294708091,0.27579862188956605,False,False,False,False,14100755,7998481.969372502,False,False,False,False,1739372.1375939208,False,False,False,False
2025-05-13 00:00:00+00:00,2.04,2.1,2.03,2.04,3086388,,,,,,1.8439151704667416,1.8584037579188315,1.8883393876590953,1.8987723011836894,1.934514878235918,1.9493542767347465,1.9592537149975828,1.970590477069214,1.991293096699264,2.0152877222113954,2.1164839522451038,2.203502704745632,2.255457791101183,2.2776430729384445,2.2558818653739223,2.2404087864209417,2.231710657946116,2.2089242248901275,2.1995926183471326,2.1896427616421414,2.1796093767472593,2.1660043913911733,2.161599571149525,2.1566295583876003,2.1512425273378946,2.182721632777133,2.2159719455179823,2.243542688084765,2.2911229941905358,2.3499906675636493,2.398448447489368,,,,,,,1.841448094539647,,1.841448094539647,1.934514878235918,2.182721632777133,2.398448447489368,2.074448660941361,1.841448094539647,"rgba(38, 166, 154, 1.0)",0.1000833886550472,1.9337301374998213,1.061813193260814,66.16679174624377,11.055703841874966,True,False,True,False,True,5.106692286158868,0.0,0.0,0.0,0.0,0,0.9765970242920274,0.9687524514290198,False,False,False,False,0.342828073899335,0.30931334789445053,False,False,False,False,11014367,8116751.97057358,False,False,False,False,1792196.289060826,False,False,False,False
2025-05-14 00:00:00+00:00,2.06,2.08,2.02,2.04,2368736,,,,,,1.8499401295403688,1.8635203853986202,1.8915687341206402,1.9012413846629443,1.935949221018212,1.9505124888814522,1.9602591483713254,1.9714312602692237,1.9918773288593645,2.0156201751999543,2.1160297892772126,2.20256057436041,2.2543740756321564,2.2766330349292225,2.255082861530809,2.239725176513219,2.2310834066034464,2.208436605370823,2.199176593630982,2.189264558230422,2.1792744860973503,2.1657168882166817,2.1613270108993876,2.1563739651125515,2.1510204305440115,2.182445615570763,2.2156386171193443,2.243166343769392,2.2906789726827768,2.349480833530334,2.3978844372315526,,,,,,,1.851523296448085,,1.851523296448085,1.935949221018212,2.182445615570763,2.3978844372315526,2.07521434662004,1.851523296448085,"rgba(38, 166, 154, 1.0)",0.10231113120066729,1.93608448545572,1.2111635663693245,67.54957757010266,12.39414652646736,True,False,True,False,True,5.837073502127161,0.0,0.0,0.0,0.0,0,0.9827837758972863,0.9682998647107198,False,False,False,False,0.3159840290136792,0.3126486884540649,False,False,False,False,13383103,8323275.540355008,False,False,False,False,1814805.6894898133,False,False,False,False
2025-05-15 00:00:00+00:00,2.08,2.1,2.035,2.05,2967207,,,,,,1.8576529384723366,1.8701464529863856,1.8958786334307156,1.9045848448095144,1.9379709261180191,1.952179712740537,1.9617308779917937,1.9726910925460088,1.992807568843815,2.0162270195577796,2.1156337005698176,2.201539915670496,2.253155151531345,2.2754833982715725,2.2541809833308633,2.2389594039283813,2.230384276098902,2.20790177367844,2.1987238772721387,2.18885724975663,2.1789181853842443,2.165417223705647,2.161045150772887,2.1561122233878174,2.1507955845136015,2.1821503787006202,2.2152699416981316,2.2427423368708332,2.2901678842105255,2.348884038278835,2.3972179778948672,,,,,,,1.863898793055654,,1.863898793055654,1.9379709261180191,2.1821503787006202,2.3972179778948672,2.076334489880275,1.863898793055654,"rgba(38, 166, 154, 1.0)",0.10493103698389315,1.939226914138589,1.3415771911509815,68.95189319746768,13.792015089384556,True,False,True,False,True,6.566791118041092,0.0,0.0,0.0,0.0,0,0.969504887208033,0.9708365515220926,False,False,False,False,0.3428280749925763,0.3277383817233206,False,False,False,False,16350310,8638061.205439126,False,False,False,False,1859997.8977451148,False,False,False,False
2025-05-16 00:00:00+00:00,2.14,2.14,2.07,2.07,2694786,,,,,,1.8655850046834752,1.8770733439783107,1.9005751149998003,1.9082973942202428,1.9403561913792462,1.9542100554457467,1.9635676797445947,1.9743159958835979,1.9941052865267392,2.0172050688808105,2.1156420091254375,2.200943095262927,2.252333155862429,2.2746784943720275,2.2535696198905715,2.238455412787365,2.229933145623891,2.207578905478542,2.19846013650764,2.188630880765846,2.1787315494617117,2.1652765617628904,2.1609188098667946,2.156001838500659,2.15070798523993,2.1819922636623894,2.2150411579167706,2.2424598857616993,2.289800950949167,2.3484318746252573,2.3966984011208905,,,,,,,1.8761768637215355,,1.8761768637215355,1.9403561913792462,2.1819922636623894,2.3966984011208905,2.0777757995709623,1.8761768637215355,"rgba(0, 255, 255, 0.75)",0.10912427827069832,1.942700994963717,1.808021167817988,71.18696147773736,15.98106938787862,True,False,True,False,True,8.70789843352307,0.0,0.0,0.0,0.0,0,0.9818793546507009,0.949797334887541,False,False,False,False,0.34282808993451247,0.3352832358289165,False,False,False,False,19045096,9046180.216990532,False,True,False,False,1892734.686068836,False,False,False,False
2025-05-19 00:00:00+00:00,2.07,2.15,2.05,2.13,2024341,,,,,2.09,1.8706315832313336,1.8814748733087097,1.9035543768328307,1.910655783873759,1.9418418106801814,1.9554576010979403,1.9646837137884434,1.9752885302228902,1.9948541481203226,2.017733697657732,2.115488004174703,2.2003601276603417,2.251602050830202,2.273978050759454,2.2530251603979776,2.2379972337415257,2.2295173670503985,2.207267160773578,2.1981988946737054,2.188399094938338,2.1785321583808184,2.1651137537095737,2.1607674660933145,2.1558633814931465,2.1505911573255085,2.1818257064075977,2.214823592451348,2.2422037343840953,2.28948402917795,2.3480544140259725,2.396272307976917,,,,,,,1.8837044794378253,,1.8837044794378253,1.9418418106801814,2.1818257064075977,2.396272307976917,2.0736805084438013,1.8837044794378253,"rgba(38, 166, 154, 1.0)",0.11110128485075328,1.9478037824057892,1.099863226229666,68.88023059090258,15.98106938787862,True,False,True,False,True,5.7019850523199125,0.0,0.0,0.0,0.0,0,0.9768870761105446,0.9481266504562451,False,True,False,False,0.33462612148322,0.33495467865606826,False,False,False,False,17020755,9358908.639853649,False,False,False,False,1897895.7179877053,False,False,False,False
2025-05-20 00:00:00+00:00,2.09,2.14,2.05,2.07,3002738,,,,,2.091991042246733,1.8778203176171795,1.8877777190549816,1.9078808894092063,1.9141063594683598,1.9440402886798873,1.9573112691544678,1.966346406966727,1.976742415446999,1.995981821583928,2.018539354440944,2.115292376714187,2.1995323789275125,2.250551759561829,2.2729674504041313,2.2522405747006364,2.237337984747636,2.228919793181272,2.2068208355010706,2.197825566850233,2.1880688618262307,2.1782491170527285,2.1648842102944026,2.1605546795821144,2.1556694125678444,2.150428178391992,2.1815886852753246,2.2145108457231353,2.241833648729793,2.2890236056270075,2.3475037530221865,2.395649308187587,,,,,,,1.894108016986183,,1.894108016986183,1.9440402886798873,2.1815886852753246,2.395649308187587,2.0750013302328956,1.894108016986183,"rgba(38, 166, 154, 1.0)",0.11356674427577015,1.9509898462738509,1.224039260900141,67.88053651203901,15.98106938787862,True,False,True,False,False,6.419967111116353,0.0,0.0,0.0,0.0,0,0.9977979919783994,0.94012635331743,False,False,False,False,0.32646733909458636,0.33071100887532734,False,False,False,False,20023493,9777127.634369193,False,False,False,False,1941222.8663019128,False,False,False,False
2025-05-21 00:00:00+00:00,2.07,2.1311,2.05,2.08,1712032,,,,,2.089884751129142,1.8815409472374836,1.8910455852867676,1.910136903170789,1.91591335960451,1.9451863838924992,1.9582727276686969,1.9672048390336228,1.977488263222945,1.9965508012557176,2.018932885804221,2.1151341206832632,2.1990238454362343,2.249922833212572,2.2723656652222712,2.251769768972566,2.2369398267939915,2.2285573829271477,2.206546453352698,2.197594384740279,2.1878625602389867,2.178070366937938,2.1647364581711694,2.1604166575465404,2.155542349784965,2.150320060866989,2.1814394245861184,2.2143191322880136,2.2416098294495583,2.2887491828482642,2.347178995013648,2.395283963930826,,,,,,,1.8993250820963867,,1.8993250820963867,1.9451863838924992,2.1814394245861184,2.395283963930826,2.0755005864323715,1.8993250820963867,"rgba(38, 166, 154, 1.0)",0.11538810343535087,1.9524751639283404,1.0185177897260935,66.17438781747455,15.98106938787862,True,False,True,False,False,5.568181531243994,0.0,0.0,0.0,0.0,0,1.0082489297274722,0.9348700010441685,False,False,False,False,0.3192411947091073,0.3249761017922173,False,False,False,False,18311461,10111807.374197852,False,False,False,False,1932234.9891920341,False,False,False,False
2025-05-22 00:00:00+00:00,2.05,2.08,2.04,2.06,1034118,,,,,2.0854655555711354,1.8834319669535184,1.892697549822086,1.911263858443113,1.9168134359438684,1.945736251852958,1.9587227745687161,1.9675983808223976,1.9778203702999164,1.9967854164984586,2.019070037474347,2.114957745174128,2.198647334998632,2.249483824745575,2.2719522003430046,2.25144112362438,2.236658074936213,2.2282986622524805,2.206344968980436,2.1974221602733177,2.1877061043687753,2.1779318881238288,2.1646177863708256,2.1603042349670116,2.155437019022558,2.1502284928654487,2.1813246115690426,2.2141796935343216,2.2414518507372647,2.2885619718102577,2.3469631316863877,2.3950445890930236,,,,,,,1.9018975432794176,,1.9018975432794176,1.945736251852958,2.1813246115690426,2.3950445890930236,2.0755305846789343,1.9018975432794176,"rgba(38, 166, 154, 0.5)",0.11682326684213437,1.9530287074255188,0.8300683176881217,64.00137658509897,19.29618568222334,True,False,True,False,False,4.7171899445219765,0.0,0.0,0.0,0.0,0,1.004367501578615,0.9543780256788045,False,False,False,False,0.27045035162793507,0.29771322671007616,False,False,False,False,17277343,10392808.771288132,False,False,False,False,1897014.7151060721,False,False,False,False
2025-05-23 00:00:00+00:00,2.03,2.04,2.0,2.04,1292771,,,,,2.076605778924921,1.8852953249979696,1.8943064050481158,1.91233110322206,1.917658218562432,1.9462117924027227,1.9590901145702053,1.967903205744166,1.9780577735836613,1.9969143112880463,2.0190893215515744,2.114613512504296,2.1980695953244,2.2488434163682514,2.2713578580623963,2.2509617861706377,2.2362420869983732,2.2279137212126177,2.2060379259327516,2.197156603215368,2.1874614201097504,2.1777117529169185,2.1644241025596243,2.160118942658647,2.1552613261314697,2.150073580435148,2.1811430781129126,2.213968909273304,2.2412191805098844,2.2882947799541804,2.346662793136093,2.3947163857932448,,,,,,,1.904329839836997,,1.904329839836997,1.9462117924027227,2.1811430781129126,2.3947163857932448,2.0752329927842483,1.904329839836997,"rgba(38, 166, 154, 0.5)",0.11648376912025692,1.9532847344886313,0.6585918887305948,61.5258648196309,16.89914882693685,True,False,True,False,False,3.8671646350230375,0.0,0.0,0.0,0.0,0,0.9938595570483889,0.9518736223365173,False,False,False,False,0.20838093572549155,0.25304708121778385,False,False,False,False,15984572,10612093.603786638,False,False,False,False,1873318.883141128,False,False,False,False
2025-05-27 00:00:00+00:00,2.0,2.07,2.0,2.03,1381855,,,,,2.069559854636829,1.887232971327046,1.8959828766107794,1.9134496414141013,1.9185465227818532,1.9467136992434666,1.9594781769763843,1.9682253705278092,1.9783088128061423,1.997050711321133,2.019109742509027,2.114248407608723,2.197456239674938,2.248162876270346,2.2707256941480933,2.2504516404328685,2.235799223791639,2.2275038497216424,2.2057108619168684,2.196873641169933,2.187200679037692,2.177477140479897,2.1642176584496413,2.159921435509215,2.1550740423695554,2.149908410770876,2.180949496017605,2.2137441142432905,2.2409710253773647,2.288009770704862,2.3463423742334166,2.3943662064745337,,,,,,,1.9068242646967142,,1.9068242646967142,1.9467136992434666,2.180949496017605,2.3943662064745337,2.075029540744481,1.9068242646967142,#000000,0.11621244913229468,1.9536622723167547,0.3987329070958228,58.3948872013701,13.934324586509845,True,False,True,False,False,2.6006494102203312,0.0,0.0,0.0,0.0,0,0.9952030867094218,0.9443662339016633,False,False,False,False,0.23144766596276514,0.24224737359027448,False,False,False,False,14602717,10768588.63893226,False,False,False,False,1854045.7896846132,False,False,False,False
2025-05-28 00:00:00+00:00,2.02,2.03,1.98,2.0,3070208,,,,,2.056032684199405,1.890945973789119,1.8991820033965974,1.9155639208490853,1.9202232340318195,1.9476157432933843,1.9601472427105227,1.968757941928715,1.9786944723697095,1.9971975686145913,2.019013383418982,2.113330131093388,2.19600559628157,2.24657665065806,2.269257539531375,2.24926027870355,2.234760496862445,2.226539960571015,2.204935544285262,2.1962001906125406,2.186577422221282,2.1769135529612456,2.163717930375077,2.159442010772132,2.154617910333184,2.1495044778878833,2.1804848497160787,2.213211715745087,2.24038803754493,2.287346936417443,2.3456034420482537,2.393562661738394,,,,,,,1.911415450775931,,1.911415450775931,1.9476157432933843,2.1804848497160787,2.393562661738394,2.074512027860057,1.911415450775931,"rgba(38, 166, 154, 0.5)",0.1170605448952124,1.954317144896327,0.5611015663942918,57.17623197028892,12.778734987482778,True,False,True,False,False,3.383020604627113,0.0,0.0,0.0,0.0,0,0.9834715052922468,0.9626153605506023,False,False,False,False,0.18553078444245555,0.213889079016365,False,False,False,False,17672925,11039346.927601583,False,False,False,False,1901738.4253832558,False,False,False,False
2025-05-29 00:00:00+00:00,2.05,2.05,2.01,2.03,905981,,,,,2.0548162955132416,1.8922349866376649,1.9003109825168756,1.9163414495682003,1.9208498205992912,1.9479887227750845,1.9604451073127198,1.9690124557423796,1.9789019063321365,1.9973292144505161,2.019068313458235,2.1131313768610793,2.195642565589367,2.2461649111224893,2.2688716963088775,2.248949906443589,2.234491954970399,2.2262919856509145,2.2047390669659324,2.1960307180790735,2.18642199208734,2.1767744234369966,2.163596559398108,2.159326263828589,2.154508577165963,2.1494084269769202,2.1803695915888834,2.213075689147778,2.2402364140451327,2.2871706938101286,2.345403288894765,2.3933426276370566,,,,,,,1.9130388111808194,,1.9130388111808194,1.9479887227750845,2.1803695915888834,2.3933426276370566,2.0745806718449034,1.9130388111808194,"rgba(38, 166, 154, 0.5)",0.11819925153339995,1.954770681059688,0.8056676984405646,57.607349594002905,12.778734987482778,True,False,True,False,False,4.5483126026406,0.0,0.0,0.0,0.0,0,0.9991066267276263,0.9544379631089392,False,False,False,False,0.2237329938028663,0.21881103640961563,False,False,False,False,18578906,11335015.910832895,False,False,False,False,1862689.1145839125,False,False,False,False
2025-05-30 00:00:00+00:00,1.98,2.05,1.97,2.05,1106743,,,,,2.0509100188161744,1.8933870429344446,1.9013010659913852,1.916992489358708,1.9213667130683754,1.9482534845708566,1.9606323111801298,1.9691536824396663,1.9789937262371833,1.9973400524889116,2.0189961068877325,2.11277421469372,2.195099558588233,2.245576468775536,2.2683279306420885,2.2485067077236036,2.234104270749025,2.2259315328395224,2.204447446492402,2.1957766582693226,2.186186173762929,2.1765604562345806,2.1634058679570343,2.1591429844667895,2.1543338187092362,2.1492532246416323,2.180193181342038,2.212875324402728,2.2400181904139855,2.286924268261328,2.345130137510197,2.3930466083104722,,,,,,,1.9143941999502274,,1.9143941999502274,1.9482534845708566,2.180193181342038,2.3930466083104722,2.074393574137351,1.9143941999502274,#000000,0.11829006949247022,1.95496907822124,0.21160628179657315,54.4915025833138,10.071529371999574,True,False,False,False,False,1.5814787740711758,0.0,0.0,0.0,0.0,0,0.9964806173257907,0.9417607341171567,False,False,False,False,0.1931251055881792,0.2059680709988974,False,False,False,False,17472163,11575688.345702194,False,False,False,False,1833044.1689139553,False,False,False,False
2025-06-02 00:00:00+00:00,1.92,1.9894,1.91,1.98,1570108,,,,,2.0407085217937424,1.8940804379558014,1.90183597448662,1.9172415409779222,1.9215359241284973,1.9481928736022265,1.9604933707664345,1.9689651109558501,1.9787532236403207,1.9970106919153523,2.0185729278311135,2.112002946012121,2.1940982494196257,2.2445430073692365,2.2673880396755863,2.247728993833574,2.233415599350978,2.225286402577214,2.2039137540511735,2.1953068754051532,2.1857448058041133,2.1761545977993757,2.163036715806939,2.1587856091855286,2.153990127993442,2.1489450098992116,2.1798600901159433,2.2125115152461987,2.239631802636724,2.286502197806535,2.3446759014501053,2.392563212450119,,,,,,1.9398000000000002,1.9149438113023687,,1.9149438113023687,1.9481928736022265,2.1798600901159433,2.392563212450119,2.073553723287427,1.9273719056511844,#000000,0.11791384853217435,1.95054923975361,-0.25908101663965494,50.140194021264975,5.964931063244556,False,False,False,False,False,0.0,0.0,0.0,0.0,0.0,0,0.983555105958032,0.9577724171919177,False,False,False,False,0.10273827140744225,0.15435317120316983,False,False,False,False,15902055,11745349.783125637,False,False,False,False,1822732.9466036041,False,False,False,False
2025-06-03 00:00:00+00:00,1.93,1.94,1.91,1.9399,1544697,,,,,2.0312607063803605,1.8945524494743102,1.902170814324418,1.9173417188198494,1.921581845560015,1.9480420935002918,1.9602728628081998,1.9686994575241774,1.9784406670113537,1.996616775997342,2.018092307517108,2.111193481912858,2.1930702992841886,2.2434895414047418,2.266431731922793,2.246935210727651,2.2327110463535256,2.2246254783021495,2.203364790720951,2.1948227050845306,2.185289016322326,2.1757345517367663,2.1626534292168813,2.158414134233278,2.153632405607911,2.148623681575071,2.1795154104802403,2.2121373474082144,2.239236029274219,2.2860722669739157,2.344215545447055,2.3920748793266435,,,,,1.9266666666666663,1.9332869050871562,1.915188111501575,,1.915188111501575,1.9480420935002918,2.1795154104802403,2.3920748793266435,2.0726857992315413,1.9250472277517992,#000000,0.11734556652032001,1.9456588590034116,-0.13344227198136316,47.73245902369142,3.7659800735345073,False,False,False,True,False,0.0,0.0,0.0,0.0,0.0,0,0.9912457735957855,0.9650355149005323,False,False,False,False,0.0662726491845408,0.11031291019385531,False,False,False,False,17446752,11968934.183787376,False,False,False,False,1811829.5761485607,False,False,False,False
2025-06-04 00:00:00+00:00,1.93,1.97,1.91,1.92,1416381,,,,,2.0245823402713183,1.8951044681829108,1.9025921371173298,1.9175282397397804,1.9217046354307084,1.947969499518846,1.960132601067286,1.9685160450852257,1.9782120740390796,1.9963105240723025,2.017703730143727,2.1104973358951082,2.1921697814016987,2.242559999219297,2.265585238701141,2.246233426484419,2.2320888742495617,2.224042275114198,2.20288145898113,2.1943967840306624,2.1848886011963056,2.1753660534534776,2.162317919025388,2.1580892133815874,2.153319795071411,2.148343098704745,2.179212653554409,2.2118071092106093,2.238885593005083,2.285689895338861,2.343804408896865,2.3916376118813654,,,,,1.9314499955759352,1.9343433680277082,1.915590839507642,,1.915590839507642,1.947969499518846,2.179212653554409,2.3916376118813654,2.0720405734372873,1.9271280677037617,#000000,0.11708547736163467,1.9456521049356177,-0.1336810105601232,46.12730235864238,2.2719775513157927,False,True,False,True,False,0.0,0.0,0.0,0.0,0.0,0,0.9885345943518348,0.967400206060286,False,False,False,False,0.08839061153183915,0.09935176086284722,False,False,False,False,17446752,12183750.56873689,False,False,False,False,1796321.788848617,False,False,False,False
2025-06-05 00:00:00+00:00,1.91,1.9494,1.91,1.94,2030325,,,,,2.0152589799304717,1.8956213981082908,1.902945581834138,1.9176047306915962,1.9217211136436245,1.9477443618585562,1.9598201309520205,1.9681465914648117,1.9777833943277947,1.995778561095632,2.0170611959671683,2.109432129663998,2.190822110654208,2.2411788008712112,2.2643297616296616,2.2451892291281963,2.231160915243796,2.2231712091016407,2.2021566037965616,2.1937567579435173,2.1842856950156344,2.1748099666420884,2.16180997237598,2.157596743741742,2.1528453546911446,2.1479165558000988,2.1787558360068844,2.2113118882112963,2.238362238939988,2.285122041847524,2.343196963932228,2.3909936680547226,,,,,1.9280670735262206,1.9308746527133764,1.9157882582929184,,1.9157882582929184,1.9477443618585562,2.1787558360068844,2.3909936680547226,2.0710341778953447,1.924909994844172,#000000,0.11691484542637828,1.9447542896660106,-0.2972615628003853,44.233015946431784,0.4420532950695417,False,True,False,True,False,0.0,0.0,0.0,0.0,0.0,0,0.9844874757616808,0.9726937073339178,False,False,False,False,0.0731949686584072,0.08627336476062722,False,False,False,False,15416427,12310522.193492306,False,False,False,False,1805498.3853643578,False,False,False,False
2025-06-06 00:00:00+00:00,1.98,2.0,1.91,1.92,5000662,,,,,2.0056748441341714,1.8985635205383729,1.9054007464898264,1.9190917605630564,1.9228705563455433,1.9480848118028393,1.9598917188351097,1.9680519789076054,1.9775116039191483,1.9952078565771603,2.016176905129685,2.1074146134206067,2.188049625809039,2.238250947074314,2.2616361898718917,2.242963402594789,2.2291941655049436,2.221331729734908,2.2006421366646407,2.1924254501391833,2.183039293173575,2.1736678416336135,2.1607772333906343,2.1565990210744124,2.151888157413057,2.1470595012604803,2.1778134750241818,2.2102685223063943,2.2372440374213682,2.2838854649217697,2.3418507561469073,2.3895507967326504,,,,,1.9457165429101324,1.9449130943407724,1.918667704088683,,1.918667704088683,1.9480848118028393,2.1778134750241818,2.3895507967326504,2.0699217282028415,1.9364324471131962,#000000,0.11709286373956182,1.9466018306841293,0.285228051046347,46.57407023412768,0.4420532950695417,False,True,False,True,False,1.6307140585460296,0.0,0.0,0.0,0.0,0,0.9952952926643364,0.9478539700896261,False,False,False,False,0.11059518342731146,0.09843427409396935,False,False,False,False,20417089,12628426.774139667,False,False,False,False,1930798.919271638,False,False,False,False
2025-06-09 00:00:00+00:00,1.96,2.01,1.94,1.98,894643,,,,,2.004534473178476,1.8991145500791877,1.9058672275826805,1.9193862181967734,1.9231023172069814,1.9481701040854316,1.9599284348540347,1.9680588054526067,1.9774864120471962,1.9951287788578447,2.0160413344632775,2.1070759611678116,2.1875752299137976,2.237746179301823,2.2611700286494956,2.2425782988556713,2.2288540933253067,2.221013813758799,2.2003807690935506,2.1921957771520098,2.182824508474157,2.173471244780284,2.160599803865133,2.1564277233500873,2.1517239475947263,2.146912541943214,2.1776509641418014,2.2100877987048686,2.2370497895607997,2.283669816971142,2.341615142710962,2.3892977076653756,,,,,1.947712097939371,1.946714824778124,1.9192179237317948,,1.9192179237317948,1.9481701040854316,2.1776509641418014,2.3892977076653756,2.069770440361138,1.9378816154830965,#000000,0.11722389449866566,1.9468892576167818,0.1118436001404767,47.21257347405118,0.4420532950695417,False,True,False,True,True,0.7949936670781881,0.0,0.0,0.0,0.0,0,1.0031719401263535,0.9481217395863374,False,False,False,False,0.1403750834635881,0.11940467877877872,False,False,False,False,19522446,12898780.469271446,False,False,False,False,1890165.3538100051,False,False,False,False
2025-06-10 00:00:00+00:00,1.95,1.98,1.935,1.95,1572004,,,,,2.001900189509737,1.8998618771154716,1.9064828377951397,1.9197445332771168,1.9233755760875142,1.9482164938994202,1.9598971792318014,1.967978886713592,1.977354677390008,1.994908795052562,2.01572805339759,2.106420255553926,2.1866895111836544,2.236814390686226,2.2603125107236535,2.24186715409339,2.2282241972232386,2.2204238723347487,2.199893135586687,2.1917661922503306,2.1824216251747175,2.1731013175769887,2.1602643623757243,2.1561033348993615,2.151412369146572,2.1466330609973316,2.1773454432902377,2.2097511027129535,2.236690020708927,2.2832735262818638,2.341185179927511,2.388837853466502,,,,,1.948631664198782,1.947643222789467,1.9198793954246445,,1.9198793954246445,1.9482164938994202,2.1773454432902377,2.388837853466502,2.0693930159552907,1.9387180941376314,#000000,0.11706977976115862,1.9470051762036964,0.025581527550606876,47.17224360683635,0.4420532950695417,False,True,False,True,True,0.3755894656265397,0.0,0.0,0.0,0.0,0,1.0045062850818247,0.9544364508393287,False,False,False,False,0.11430594076664859,0.11685530977271366,False,False,False,False,17950442,13096884.843025507,False,False,False,False,1877688.4379743186,False,False,False,False
2025-06-11 00:00:00+00:00,1.96,2.01,1.96,1.97,1262178,,,,,2.0008668555417324,1.9006777623698137,1.9071818606154254,1.9202006761601182,1.9237396249926468,1.9483708054452877,1.9599821364086278,1.9680213674619227,1.9773514562914594,1.9948288539974188,2.0155677514497934,2.1059726105107246,2.1860492754121736,2.2361278598872376,2.2596760840414243,2.2413416431699287,2.2277604806084708,2.219990604450804,2.1995375261611034,2.191453859591925,2.1821298959806734,2.1728346212656073,2.1600241697182745,2.1558716151252053,2.1511904311247982,2.146434556040818,2.177124588685214,2.2095043462806925,2.2364239895299347,2.282976986724974,2.3408599796315634,2.3884877405402505,,,,,1.9512105904451778,1.9500389298810537,1.9207099438465867,,1.9207099438465867,1.9483708054452877,2.177124588685214,2.3884877405402505,2.069234954728402,1.9406531547242727,#000000,0.11728505353955654,1.9474514804799685,0.10699163398343187,47.687475773481054,0.4420532950695417,False,True,False,True,True,0.7945776936225712,0.0,0.0,0.0,0.0,0,1.0219243197051835,0.9418110930114565,False,False,False,False,0.15535503936607575,0.1361051745693947,False,False,False,False,19212620,13336717.594279408,False,False,False,False,1853550.7737400315,False,False,False,False
2025-06-12 00:00:00+00:00,1.99,2.01,1.96,1.96,1905401,,,,,2.0000401100316623,1.902034949448892,1.9083592576397908,1.920995119204838,1.9243819464378236,1.9486818263651728,1.9601846698746697,1.9681579906709237,1.977416830826474,1.9947752122258668,2.0153898052089403,2.105354471318154,2.185135935467631,2.235137981061061,2.2587544748035606,2.2405820828268586,2.2270914279353575,2.219366208115243,2.1990268255254297,2.1910059446169017,2.181712419644845,2.1724538357592356,2.1596824704424447,2.1555423961031606,2.15087559268603,2.1461533668971184,2.1768086892086864,2.20914878366005,2.2360388359409256,2.2825449907502335,2.3403836002283755,2.3879731373649,,,,,1.955533947989748,1.9540973682959246,1.922134745255907,,1.922134745255907,1.9486818263651728,2.1768086892086864,2.3879731373649,2.069093653480263,1.9439220205138596,#000000,0.11781081184416084,1.948284496697155,0.35408892146525417,49.60526797627601,0.4420532950695417,False,False,False,False,True,2.0484423359301758,0.0,0.0,0.0,0.0,0,1.0059333637608399,0.9468682041506701,False,False,False,False,0.15535503936607575,0.14573010696773522,False,False,False,False,21118021,13641866.747444922,False,False,False,False,1855584.115946305,False,False,False,False
2025-06-13 00:00:00+00:00,1.93,1.985,1.92,1.96,1163812,,,,,1.9981500405643609,1.9024451935667317,1.908687797335596,1.9211690995469775,1.924509696155021,1.9486636524510756,1.9601146001617853,1.9680548065072316,1.9772784661358165,1.994576206173181,2.015126080584611,2.104848612282162,2.184465919221808,2.2344364793281066,2.258108878528603,2.2400446055255876,2.2266140909713275,2.2189184754131603,2.1986551274841326,2.190677732185883,2.1814040170046596,2.1721700288541563,2.1594243205787396,2.1552924812617262,2.150635237724367,2.1459373607120256,2.176574084749345,2.208891596387191,2.2357649597816036,2.2822446775175758,2.3400590580967053,2.387626899949065,,,,,1.9548037836138745,1.9535207068190379,1.9224325111455243,,1.9224325111455243,1.9486636524510756,2.176574084749345,2.387626899949065,2.0687772780061575,1.9435856671928124,#000000,0.11776063674912966,1.9481743845336186,-0.15433327328499655,47.882607007819956,0.4420532950695417,False,True,False,True,True,0.0,0.0,0.0,0.0,0.0,0,0.9965551312521698,0.9444815339012472,False,False,False,False,0.10688745699638916,0.1263087819820622,False,False,False,False,19954209,13889409.580878455,False,False,False,False,1828455.797673901,False,False,False,False
2025-06-16 00:00:00+00:00,1.93,1.9599,1.93,1.93,1288557,,,,,1.9960188995161157,1.9028377124515392,1.9089952690672867,1.9213187410148311,1.9246150106906343,1.948616380047128,1.9600121852762915,1.967916920961884,1.9771029673303162,1.9943355348967058,2.0148155908221828,2.1042747230188708,2.1837129331317873,2.2336502944186387,2.257385734336124,2.239441680348099,2.226078058460227,2.2184153755408027,2.1982367141295525,2.1903079357871835,2.1810562436687206,2.1718496827572884,2.1591325314998304,2.1550098637953714,2.150363276010353,2.1456927648679227,2.1763092534325406,2.2086020055574864,2.2354570896922623,2.281907844226854,2.3396957801645133,2.3872398292907877,,,,,1.9537462676861372,1.9526318392159077,1.9226817337349975,,1.9226817337349975,1.948616380047128,2.1763092534325406,2.3872398292907877,2.0684044330623097,1.943019946879014,#000000,0.11720129753606412,1.9479945565496184,-0.15353547211438795,46.734166362182584,0.4420532950695417,False,True,False,True,True,0.0,0.0,0.0,0.0,0.0,0,0.9992234777486212,0.9483746585979759,False,False,False,False,0.09570745194057514,0.11100811696131867,False,False,False,False,19954209,14127244.852216555,False,False,False,False,1807283.2958043364,False,False,False,False
2025-06-17 00:00:00+00:00,1.91,1.9382,1.9,1.92,804237,,,,,1.9942319687810186,1.9029235268610238,1.9090383895328242,1.921292774771686,1.9245788127866454,1.9485063286240567,1.9598732053970889,1.9677585416459977,1.9769243089024713,1.9941208347894,2.014561634891432,2.1038667502346136,2.183199460808694,2.2331219716073765,2.2569021982570017,2.2390366645651643,2.2257166531182637,2.2180754177739406,2.1979521490495446,2.1900557022829537,2.180818225140616,2.171629628760384,2.1589309909498136,2.154814284731904,2.1501746486633846,2.145522696504999,2.1761275778847344,2.208405524493074,2.2352497453886064,2.2816832790847887,2.339455842244356,2.3869856920058616,,,,,1.952141464710985,1.9511940522171032,1.9226235660892343,,1.9226235660892343,1.9485063286240567,2.1761275778847344,2.3869856920058616,2.0680868647340596,1.941986361005774,#000000,0.11580692225957867,1.9476805828868708,-0.32537418447587035,45.02604289500168,0.1380224265490213,False,True,False,True,False,0.0,0.0,0.0,0.0,0.0,0,1.015589166757672,0.9450966473735941,False,False,False,False,0.057591817882015756,0.0842999674216672,False,False,False,False,19149972,14324214.544286493,False,False,False,False,1767948.1469492645,False,False,False,False
2025-06-18 00:00:00+00:00,1.91,1.925,1.88,1.89,1108766,,,,,1.9915646581820179,1.9029419324693682,1.9090047223754614,1.9211824738810268,1.9244651768655434,1.948304474735734,1.95963499315364,1.9674953626565226,1.9766352290604927,1.9937850670359636,2.0141745526401973,2.103274213786859,2.182465587945755,2.2323711487076894,2.2562162382890145,2.238460871779685,2.2252020210629735,2.217590856201642,2.1975454062931776,2.1896947039452583,2.1804770924699324,2.171313759754603,2.1586410471309456,2.154532698766092,2.1499028243517673,2.1452773550266473,2.175866884581889,2.208124839146283,2.234954434106996,2.2813647753138575,2.3391168610577693,2.3866275502057173,,,,,1.9495269321800122,1.9488186260751341,1.9224124780299927,,1.9224124780299927,1.948304474735734,2.175866884581889,2.3866275502057173,2.0676004845534015,1.940252678761713,#000000,0.11547598322896213,1.9471433469629418,-0.32165430355587626,43.88729391688108,-1.123044411473657,False,True,False,True,False,0.0,0.0,0.0,0.0,0.0,1,1.0270639389040639,0.9420536261776021,False,False,False,False,0.03320999118596152,0.05875497930381436,False,False,False,False,19149972,14513459.93470663,False,False,False,False,1742097.8666767443,False,False,False,False
2025-06-20 00:00:00+00:00,1.86,1.93,1.86,1.93,1304642,,,,,1.987887225137076,1.9027395300294971,1.9087553435439106,1.9208833537800436,1.9241861776146985,1.9479517043298855,1.959247221160825,1.9670821169638193,1.9761960567172658,1.9932975804165647,2.0136328772496364,2.102505808471215,2.1815399667303494,2.231433892395863,2.2553629304426193,2.2377420389271054,2.224557752587219,2.2169832216786456,2.1970329125933405,2.1892388620361674,2.1800452882767445,2.170912885593366,2.1582716573439393,2.1541734806470365,2.149555521427992,2.144963337479103,2.175536292653616,2.2077716723371963,2.234584855165685,2.280969158084836,2.338698798281778,2.3861878924753475,,,,,1.9454718179624741,1.9450823661163357,1.9218693673442127,,1.9218693673442127,1.9479517043298855,2.175536292653616,2.3861878924753475,2.0669128286402874,1.9374745171410075,"rgba(239, 83, 80, 0.5)",0.11456112888866389,1.9462642237315346,-0.7529973261294441,40.889390664329525,-4.094667064345828,False,True,False,True,False,0.0,0.0,0.0,0.0,0.0,0,1.0245462743771843,0.9341956938338408,False,False,False,False,0.013200688276792261,0.03597783379030331,False,False,False,False,17845330,14644121.505894607,False,False,False,False,1724942.7346502054,False,False,False,False
2025-06-23 00:00:00+00:00,1.87,1.88,1.84,1.86,1570618,,,,,1.9829926225736585,1.9022558597386043,1.9082302867239156,1.9203409760186898,1.9236932842690375,1.9474021812229498,1.9586639719360384,1.966472447073708,1.9755601107437328,1.992610683103385,2.012887506623736,2.1015040753676457,2.180358983657843,2.2302477689093387,2.254285878804129,2.2368318915732535,2.2237400795384805,2.216210959815267,2.196378956473425,2.1886561232167465,2.179492186816666,2.1703983036012726,2.1577960199523156,2.1537104484758713,2.1491072925191905,2.144557476551576,2.1751121203184174,2.207321376656931,2.2341156848170503,2.280470026071989,2.3381744613874558,2.385638609168087,,,,1.863333333333333,1.9398301239553157,1.9398281884557362,1.9209061157611385,1.863333333333333,1.9209061157611385,1.9474021812229498,2.1751121203184174,2.385638609168087,2.065966232369179,1.915974440376381,"rgba(239, 83, 80, 0.5)",0.11340781866047026,1.9385094597698889,-0.6040982057418639,39.63500566733241,-5.365601291574862,False,True,False,True,False,0.0,1.0,1.88,1.84,0.0,0,1.0193120620765534,0.9542822398517578,False,False,True,False,-0.03962078569150001,-0.0018214759505983495,False,False,False,False,19415948,14831251.956643838,False,False,False,False,1718890.784271766,False,False,False,False
2025-06-24 00:00:00+00:00,1.89,1.92,1.88,1.88,890707,,,,,1.981110735422616,1.9022172243039055,1.9081549753889175,1.9202151173809996,1.9235697072443707,1.9472160148859483,1.9584509056813126,1.9662405888440928,1.9753088125616327,1.9923239681507443,2.0125615624552586,2.1010186929156647,2.179763138799132,2.229639302975861,2.2537295562339086,2.2363635942380644,2.2233207504704815,2.2158157306970145,2.196046236093087,2.1883603400008287,2.179212357423281,2.170138841122727,2.1575574214215854,2.1534785828991683,2.1488832994481633,2.1443550496373094,2.174897744765062,2.207091228942164,2.233874014318074,2.280210072077764,2.3378984583370843,2.38534746702584,,,,1.8753960366875562,1.9382118651664044,1.9383103162482704,1.9206820015586579,1.8753960366875562,1.9206820015586579,1.9472160148859483,2.174897744765062,2.38534746702584,2.065571347737192,1.9181500549152224,#000000,0.11250817788091155,1.9387258317977305,-0.43308702278785693,40.26896310123398,-5.365601291574862,False,True,False,True,False,0.0,0.0,0.0,0.0,0.0,0,1.0240847218962685,0.9346104200891812,False,False,False,False,-0.006149226288512937,-0.003985351119555643,False,False,False,False,20306655,15045973.64461859,False,False,False,False,1686412.9888101283,False,False,False,False
2025-06-25 00:00:00+00:00,1.89,1.92,1.871,1.89,1012551,,,,,1.9789961114931307,1.9021505568650146,1.9080484966925042,1.9200556359304406,1.9234150779208437,1.9469935725170209,1.9581987900021676,1.9659675923762103,1.9750142516351847,1.9919899493910507,2.0121837101674074,2.1004616395320355,2.179081672370343,2.228944084710674,2.2530939342630707,2.235828112226216,2.2228409974375247,2.2153634098822477,2.1956651162097245,2.1880213714708407,2.1788915501622417,2.1698412531863136,2.1572836000024926,2.1532124336982297,2.148626124592645,2.1441225506267236,2.1746518209749635,2.206827487614069,2.233597264229132,2.279912677003524,2.3375829879048475,2.3850148897552614,,,,1.8807214843016846,1.9363909545607811,1.936594163018991,1.9204010068475625,1.8807214843016846,1.9204010068475625,1.9469935725170209,2.1746518209749635,2.3850148897552614,2.0651157041546826,1.9185269021822549,#000000,0.11185608514415524,1.9385437342023046,-0.43398384754610075,40.691601390501695,-5.365601291574862,False,True,False,True,False,0.0,0.0,0.0,0.0,0.0,1,1.014346218086376,0.9469398711524699,False,False,False,False,-0.02009773270854714,-0.012041541914051393,False,False,False,False,20306655,15252274.87424139,False,False,False,False,1659987.028464633,False,False,False,False
2025-06-26 00:00:00+00:00,1.91,1.92,1.88,1.88,773531,,,,,1.977623663519751,1.90215756018046,1.9080221715278405,1.9199792454207114,1.9233360598324851,1.9468554596173415,1.9580361598467626,1.9657881177888683,1.9748172228330945,1.9917612359083574,2.0119200791655456,2.1000578938108356,2.178580812623019,2.2284301702635942,2.2526228843280047,2.2354316861504695,2.2224861686950543,2.2150290752348982,2.1953839079686546,2.187771430674702,2.1786552466514184,2.1696222865936607,2.157082455296808,2.1530170370477535,2.148437442389626,2.143952069166307,2.174470692216928,2.2066325133843514,2.23339214978977,2.27969147063341,2.3373475297282167,2.384766115296348,,,,1.8848395182441113,1.9353898825628786,1.9356452637916752,1.9202664562388283,1.8848395182441113,1.9202664562388283,1.9468554596173415,2.174470692216928,2.384766115296348,2.0648045502695225,1.919035280209373,#000000,0.11177164622968394,1.9384892357734453,-0.2548878605125111,42.49810035325848,-5.365601291574862,False,True,False,True,True,0.0,0.0,0.0,0.0,0.0,1,1.0060009601536248,0.9451212193951034,False,False,False,False,-0.012575752773761158,-0.012308647343906276,False,False,False,False,21080186,15480820.408584865,False,False,False,False,1625224.0469562162,False,False,False,False
2025-06-27 00:00:00+00:00,1.9,1.94,1.89,1.91,885531,,,,,1.9762479993677027,1.9022103614500632,1.9080347324660294,1.9199273293510517,1.9232762563115176,1.9467224735614983,1.957873707799264,1.9656057128982298,1.9746139037311108,1.991520481969472,2.011638273403988,2.09961330983248,2.178023495818436,2.227855857648921,2.252095448771071,2.234988107231772,2.2220893952761362,2.214655378053052,2.195069980339227,2.1874925327541326,2.1783917639914367,2.169378321629003,2.1568586170628867,2.1527996861951233,2.148227662241275,2.1437625988435123,2.1742687254850757,2.2064145154410744,2.2331623858124616,2.279443034555716,2.337082428314103,2.3844855752702987,,,,1.8891801875780823,1.9345391760899089,1.9348341851316482,1.9201746322598698,1.8891801875780823,1.9201746322598698,1.9467224735614983,2.1742687254850757,2.3844855752702987,2.064477736901758,1.9196820452648773,#000000,0.11177164622968394,1.9384718334821112,-0.34420029390149603,43.06829454692727,-5.365601291574862,False,True,False,True,True,0.0,0.0,0.0,0.0,0.0,1,1.00894432977355,0.9341888779203688,False,False,False,False,-0.004400115223320933,-0.008354381283613604,False,False,False,False,20194655,15665676.667071734,False,False,False,False,1596216.476487345,False,False,False,False
2025-06-30 00:00:00+00:00,1.91,1.92,1.89,1.92,845071,,,,,1.9749229089009288,1.9022388110426462,1.9080264909770133,1.9198618192981058,1.9232054791776365,1.9465850167435934,1.9577089762985103,1.965422382568015,1.974411111701341,1.9912827059372935,2.011362020435359,2.099183549678754,2.1774872076873724,2.2273039865570365,2.2515887341367145,2.2345615913715995,2.2217076547563486,2.2142957153893748,2.194767543932401,2.187223708590303,2.1781376844990024,2.169142944110861,2.1566425045942608,2.1525897857235616,2.1480250145375024,2.1435794971694233,2.174073846603201,2.2062044402963874,2.2329411654867153,2.2792041244013608,2.3368277737778045,2.3842162835207197,,,,1.891652133734381,1.933675570522751,1.9340089457492566,1.9200603118516701,1.891652133734381,1.9200603118516701,1.9465850167435934,2.174073846603201,2.3842162835207197,2.064157370759017,1.9198492404645149,#000000,0.1118077500577026,1.938354843967322,-0.253603564624889,44.25577524208451,-5.365601291574862,False,True,False,True,True,0.0,0.0,0.0,0.0,0.0,1,1.0092501233349778,0.9659903798717319,False,False,False,False,-0.022003632537499866,-0.015179006910556736,False,False,False,False,21039726,15876423.699735587,False,False,False,False,1566759.7911349002,False,False,False,False
2025-07-01 00:00:00+00:00,1.92,1.95,1.91,1.92,470816,,,,,1.974416290734798,1.9023253880411546,1.9080888431432166,1.9198804970862682,1.9232136767902022,1.9465470080752272,1.9576534394367466,1.9653553365436238,1.9743318545599051,1.9911819855089579,2.011238021940347,2.098969733805953,2.177211340136902,2.2270164705082616,2.251323403523971,2.2343389108270197,2.221508851766232,2.2141087036565414,2.194610999936556,2.187084821950851,2.1780067483309207,2.1690219689579933,2.156531883547076,2.152482496541944,2.1479216037461977,2.1434862094123974,2.1739735076713127,2.2060953345633205,2.232825593526901,2.2790782914227496,2.3366926186241166,2.384072661979295,,,,1.8942084757559197,1.933556634187693,1.9338910254216595,1.9200913153568597,1.8942084757559197,1.9200913153568597,1.9465470080752272,2.1739735076713127,2.384072661979295,2.0640202788986373,1.920436862680533,#000000,0.1118396535585695,1.9384345593401875,-0.1648302614826461,45.858241586784914,-8.420865848771797,False,True,False,True,True,0.0,0.0,0.0,0.0,0.0,1,1.0125196109193602,0.9486350800125514,False,False,False,False,0.0220034564523212,0.0034122247708822315,False,False,False,False,21510542,16097369.515432231,False,False,False,False,1523781.603247257,False,False,False,False
2025-07-02 00:00:00+00:00,2.0,2.015,1.91,1.91,1577891,,,,,1.9744361302846578,1.9031784833203225,1.9088306387767071,1.9203829106948622,1.9236214977005202,1.9467278147490632,1.9577568274686734,1.9654109320192905,1.974335551163538,1.991097890160251,2.011061083828327,2.0984569319301136,2.1764687128276416,2.2262113068417575,2.2505692414671383,2.2337118324546203,2.2209534346799082,2.2135888130485735,2.1941820871198536,2.1867066251164737,2.1776531169792634,2.168698093488601,2.156239714159798,2.152200472638656,2.1476512915917216,2.1432437137126192,2.173703430221123,2.2057934392892675,2.2324999484085755,2.2787149781995697,2.336293626594447,2.3836427782562297,,,,1.9100904652247155,1.9357867288946793,1.9359906988152609,1.9209415489983206,1.9100904652247155,1.9209415489983206,1.9467278147490632,2.173703430221123,2.3836427782562297,2.0638844372826144,1.9257023604832442,"rgba(38, 166, 154, 0.5)",0.11261142630002559,1.939721393387399,0.5352796655998611,51.787044633991485,-2.8135820597059364,False,False,True,False,True,3.053868570885232,0.0,0.0,0.0,0.0,1,1.0155183116076973,0.9208566108007452,False,False,False,False,0.06136250390960188,0.03238736434024206,False,False,False,False,23088433,16371528.867768222,False,False,False,False,1525903.5403748155,False,False,False,False
2025-07-03 00:00:00+00:00,2.04,2.07,2.0,2.0,1944842,,,,,1.9769383355477796,1.9050823056603776,1.910553903904116,1.9216748154401642,1.9247082200580536,1.9474267756352097,1.9583322894179043,1.9659136272895257,1.97475772622389,1.9913879194743431,2.0112142606568724,2.0981434931683975,2.1758387356479862,2.225467830357819,2.24985208843692,2.2331263217454618,2.220443066274013,2.2131159408419037,2.193803817785279,2.1863775696908214,2.177351056766503,2.168426999955091,2.156002979559742,2.151974634630636,2.1474378640337495,2.143054983709763,2.1734745482881337,2.2055215537577157,2.2321955539090332,2.2783590469878816,2.3358867874858267,2.383193934400318,,,,1.934777752082473,1.9420613994705467,1.9419532733807863,1.9231088616186118,1.934777752082473,1.9231088616186118,1.9474267756352097,2.1734745482881337,2.383193934400318,2.0642079521628416,1.9354753216381044,"rgba(38, 166, 154, 0.5)",0.11397407639495431,1.9425093522633006,0.8553756329541568,57.38804051225935,2.2251820853779236,True,False,True,False,True,4.8167374863104335,0.0,0.0,0.0,0.0,0,1.0339296730413328,0.9105490438001238,False,False,False,False,0.18780202952210065,0.11009469693117135,False,False,False,False,25033275,16711205.186679274,False,False,False,False,1542332.499575803,False,False,False,False
2025-07-07 00:00:00+00:00,2.04,2.09,2.03,2.03,1895197,,,,,1.9798188006965762,1.9071144617333502,1.9124051607926869,1.9230849283591689,1.9259019689003538,1.9482227917196653,1.9590026500009408,1.9665105098875608,1.9752729411534136,1.9917697480843264,2.0114583691510424,2.0979230799261717,2.175303144148448,2.2248123844816443,2.249212127768445,2.2326072156632994,2.219993295798572,2.212700861173981,2.193475859930349,2.186093842429875,2.177092673628177,2.168197176040098,2.1558052810181985,2.151787096186377,2.147261846812236,2.142900424187213,2.173279325641343,2.205283516466799,2.231925044962155,2.2780370555543206,2.335513418532799,2.3827786466910448,,,,1.9537118399540003,1.9484203493153724,1.9480306676306252,1.9254428684896832,1.9537118399540003,1.9254428684896832,1.9482227917196653,2.173279325641343,2.3827786466910448,2.064634207089994,1.94390143134742,"rgba(38, 166, 154, 0.5)",0.11519306160283385,1.9451259679587376,0.8236089111718552,61.122037764437934,5.400986930354996,True,False,True,False,True,4.8167374863104335,0.0,0.0,0.0,0.0,0,1.0338253382533829,0.9138991389913902,False,False,False,False,0.2334735506442959,0.1717841237877336,False,False,False,False,25033275,17037560.865633026,False,False,False,False,1556170.32312185,False,False,False,False
2025-07-08 00:00:00+00:00,2.08,2.1,2.045,2.05,1805189,,,,,1.98311864472684,1.909278212693455,1.914388721076593,1.9246190719446103,1.927208455916084,1.9491239692384352,1.9597770890686999,1.9672115135186214,1.9758919232117038,1.9922555580919254,2.011807220068897,2.0978161812158467,2.174887179423409,2.2242709914568057,2.248673422825,2.2321749656070016,2.21962253527481,2.21236097488998,2.1932129745584836,2.185868635359758,2.176890473088228,2.1680202508718702,2.155657345096849,2.151648292079399,2.147133333254256,2.142789192815038,2.1731274468981536,2.2050897068987583,2.231699310213152,2.2777607024958626,2.3351859348128063,2.382410004577254,,,,1.969726245245982,1.9549548541754738,1.9543036273625183,1.927953213324819,1.969726245245982,1.927953213324819,1.9491239692384352,2.1731274468981536,2.382410004577254,2.0651784120083483,1.9517344850271983,"rgba(38, 166, 154, 1.0)",0.1171090198170722,1.9477296751884179,1.1294631704559768,65.09111854284856,8.810595439843773,True,False,True,False,True,6.562772032035191,0.0,0.0,0.0,0.0,0,1.0277606415792724,0.9244293645897598,False,False,False,False,0.26320190575360997,0.2174930147706718,False,False,False,False,26838464,17421910.008157223,False,False,False,False,1565935.7614307972,False,False,False,False
2025-07-09 00:00:00+00:00,2.08,2.1,2.06,2.08,1452372,,,,,1.9857476391619153,1.9110303090442478,1.9159984097770315,1.9258713584069431,1.9282780935381694,1.9498682002969692,1.9604194144018599,1.967794825202142,1.976409221849041,1.9926656916654664,2.012107109390383,2.09774958601785,2.174571636786311,2.223852739227062,2.248254826610716,2.2318399229334096,2.219335877509167,2.2120986433375176,2.193011224661577,2.1856962474552906,2.176736326997078,2.1678860170867873,2.1555460692373622,2.1515442416335144,2.1470374125578,2.142706546616827,2.1730118015754236,2.2049401718386354,2.2315239453358866,2.2775443764416132,2.334928105361347,2.382118866173005,,,,1.9803157167790817,1.9599413718005156,1.959108954791751,1.9299791831417181,1.9803157167790817,1.9299791831417181,1.9498682002969692,2.1730118015754236,2.382118866173005,2.065630048863653,1.9573363066282665,"rgba(38, 166, 154, 1.0)",0.11869834580688243,1.9496964842781714,1.0977702750283256,67.73717239512231,11.022081370538004,True,False,True,False,True,6.562772032035191,0.0,0.0,0.0,0.0,0,1.0327920049968773,0.9266083697688947,False,False,False,False,0.2812564903824377,0.24937475257655475,False,False,False,False,26838464,17791186.635288313,False,False,False,False,1561482.2805903738,False,False,False,False
2025-07-10 00:00:00+00:00,2.1,2.15,2.07,2.07,2024659,,,,,1.990155139719942,1.9137897638187404,1.9185473485351707,1.9278800579555395,1.930002186231132,1.9511014025976787,1.9615006165314506,1.968788866147879,1.9773052787683223,1.9934037107937501,2.0126832755386665,2.097795810054955,2.1742582956259504,2.22338104817021,2.247766680632242,2.23145691164736,2.2190143291828037,2.211808148321506,2.1927972567913927,2.18551726169903,2.1765812692912014,2.167756143850284,2.1554460553669488,2.151453571725295,2.1469571615057563,2.142640538220634,2.172897149395449,2.2047766752148013,2.2313230602991965,2.277284200871656,2.3346070565261696,2.3817496836427017,,,,1.995233085767517,1.9676684240882971,1.966574933863776,1.9332013090073756,1.995233085767517,1.9332013090073756,1.9511014025976787,2.172897149395449,2.3817496836427017,2.0664476694381864,1.9656694381817414,"rgba(38, 166, 154, 1.0)",0.12025977887227063,1.9527480584897563,1.2244487965227497,70.20937626232279,13.173015276168897,True,False,True,False,True,7.437837754814989,0.0,0.0,0.0,0.0,0,1.038795779019243,0.9022346368715088,False,False,False,False,0.34282796954721717,0.29610136106188595,False,False,False,False,28863123,18225380.218218185,False,False,False,False,1579646.0735083984,False,False,False,False
2025-07-11 00:00:00+00:00,2.09,2.13,2.08,2.11,1139686,,,,,1.9923636031220084,1.9152565810859457,1.9199026058465547,1.9289498138840506,1.9309220297024194,1.9517576959377787,1.9620745965386115,1.9693154259856196,1.9777785540097543,1.9937907497862393,2.012981735481046,2.097802223067867,2.174065912230214,2.2231021276111744,2.24748046680793,2.231230879928771,2.2188234421377278,2.211635007263588,2.1926679930637727,2.1854083780686913,2.1764859943730817,2.1676753283542283,2.1553822674525405,2.1513951211198608,2.1469046767194846,2.142596622063446,2.172826306737644,2.2046786441417874,2.2312042333637763,2.2771323866702646,2.3344214602576576,2.38153727893833,,,,2.0017617969407384,1.9714783665908244,1.970269804632919,1.9348961433631289,2.0017617969407384,1.9348961433631289,1.9517576959377787,2.172826306737644,2.38153727893833,2.066865491077988,1.9696015278819028,"rgba(38, 166, 154, 1.0)",0.12215777716754501,1.9542639806402833,1.1111533175128783,70.81726123009418,13.70259349515139,True,False,True,False,True,6.903525925549303,0.0,0.0,0.0,0.0,0,1.0328947368421058,0.923245614035088,False,False,False,False,0.3280858061419488,0.3120935836019174,False,False,False,False,27723437,18597853.033190023,False,False,False,False,1562392.7372923829,False,False,False,False
2025-07-14 00:00:00+00:00,2.07,2.13,2.06,2.08,1948848,,,,,1.995497963979549,1.917534775186884,1.9220056193817654,1.930608381175593,1.9323498599442919,1.9527669022486382,1.9629513252666917,1.9701152370393862,1.978492073649687,1.9943638365862963,2.013409918074944,2.097747096309891,2.173680430925497,2.2225767440431357,2.2469495895795775,2.2308070764971797,2.218461974097999,2.2113049639995133,2.192416102238125,2.185193863058813,2.1762953185444323,2.1675104417776048,2.1552473518049347,2.151269628360301,2.146789764635402,2.142498294631028,2.172683364748251,2.204490138777207,2.230980939934806,2.2768538922728507,2.334086760120348,2.3811576446393903,,,,2.009938034715636,1.976883227512728,1.9755324299638748,1.9374881356303735,2.009938034715636,1.9374881356303735,1.9527669022486382,2.172683364748251,2.3811576446393903,2.0674616866641733,1.9749604569556531,"rgba(38, 166, 154, 0.5)",0.12329587938721628,1.956446749786862,0.9209817130750871,69.21261214351671,13.70259349515139,True,False,True,False,True,5.834304086425107,0.0,0.0,0.0,0.0,0,1.0302355187778487,0.9315722469764485,False,False,False,False,0.2990027768926379,0.30554818024727765,False,False,False,False,25774589,18879293.659339435,False,False,False,False,1577547.8456338579,False,False,False,False
2025-07-15 00:00:00+00:00,2.02,2.07,2.01,2.06,812894,,,,,1.9960153295785534,1.918173203950909,1.922588152195603,1.9310570088464691,1.9327345510537393,1.9530175109750874,1.963157302673259,1.97029444784541,1.9786415606447196,1.994463878431122,2.013458092736408,2.0976143601387474,2.1734227057900273,2.222273264845604,2.2466558493501103,2.2305658981888707,2.2182510069452346,2.2111091248827326,2.192258577093571,2.185056375143528,2.176168839676028,2.1673966214945652,2.155147590746829,2.151174332113342,2.146699558781524,2.142418301796446,2.172586999923609,2.2043761771910084,2.2308536591198336,2.276705460652471,2.333917382625384,2.380970956523125,,,,2.010841480501189,1.977966852533141,1.9766023164406998,1.9381660733306927,2.010841480501189,1.9381660733306927,1.9530175109750874,2.172586999923609,2.380970956523125,2.0675404100654853,1.9758941807014307,"rgba(38, 166, 154, 0.5)",0.12329587938721649,1.95690567395916,0.5117310193529615,64.02596720037468,13.70259349515139,True,False,True,False,False,3.2290666860137165,0.0,0.0,0.0,0.0,0,1.0015862944162437,0.941307106598985,False,False,False,False,0.1462333307157938,0.22589075548153573,False,False,False,False,24961695,19117819.20211044,False,False,False,False,1547561.420314883,False,False,False,False
2025-07-16 00:00:00+00:00,2.01,2.04,2.0,2.02,978775,,,,,1.9963498360164278,1.9188227234459128,1.9231771706090897,1.9315048294605708,1.9331177739893142,1.9532550090641811,1.963345194984945,1.9704521907240986,1.9787659526108359,1.994532296845695,2.0134674071026706,2.0974140108466792,2.1730768720375067,2.2218770265996715,2.246275688815857,2.2302518119704557,2.2179747892623682,2.2108518403490436,2.192049472915642,2.1848730124658298,2.175999112816793,2.167242825014622,2.1550112836037094,2.151043594072255,2.1465751954873142,2.1423074488087517,2.172457281487034,2.2042258105476193,2.2306877092893242,2.2765147568836817,2.3337024005325135,2.380735674145908,,,,2.011100298446603,1.9788411280854425,1.9774757648911818,1.9388289889451316,2.011100298446603,1.9388289889451316,1.9532550090641811,2.172457281487034,2.380735674145908,2.06757174550584,1.9765615450920895,#000000,0.12344046965862837,1.9572949859218487,0.42696705726983647,59.86107897327468,17.496323123399748,True,False,True,False,False,2.7178835878501566,0.0,0.0,0.0,0.0,0,0.9984137055837564,0.9476522842639596,False,False,False,False,0.09266414793204089,0.1592774517067883,False,False,False,False,23982920,19308607.468694344,False,False,False,False,1525256.0704986132,False,False,False,False
2025-07-17 00:00:00+00:00,2.05,2.06,2.01,2.01,1076702,,,,,1.9971139964269542,1.9196954525917027,1.9239762646930383,1.9321255733771736,1.9336519269012906,1.9536096146199928,1.9636401507808925,1.9707114688578675,1.9789855198120476,1.9946859040063734,2.013551866686661,2.0972581155416594,2.1727546868201473,2.221492266418469,2.2459012926915096,2.229944994446093,2.217706926900156,2.2106035137729942,2.191850548897066,2.184699681712333,2.1758401027486207,2.1671001639078655,2.1548868860692942,2.150924990712652,2.1464631869541906,2.142208335327951,2.1723361686548497,2.2040812210466076,2.23052532310425,2.2763241046904445,2.3334836262823835,2.380493767982639,,,,2.012446984504954,1.9803241605017108,1.978940124499917,1.9397601788182242,2.012446984504954,1.9397601788182242,1.9536096146199928,2.1723361686548497,2.380493767982639,2.067697988297721,1.9778678620812014,"rgba(38, 166, 154, 0.5)",0.12356564436954846,1.9579386505846987,0.7450400140347482,59.47869074269268,17.143340802498045,True,False,True,False,False,4.5956507550510075,0.0,0.0,0.0,0.0,0,1.0112830431979372,0.95003223726628,False,False,False,False,0.13277458397441497,0.14602601784060165,False,False,False,False,25059622,19534137.45031417,False,False,False,False,1507665.7147927852,False,False,False,False
2025-07-18 00:00:00+00:00,2.01,2.0701,1.985,2.05,1779389,,,,,1.9978053105460643,1.920895268432821,1.9250686195909126,1.9329645973529155,1.9343731724981055,1.9540665325126774,1.9640070238862637,1.9710236903539744,1.9792371478569604,1.9948358919163618,2.0135945073588224,2.0969205740430974,2.1721527118585873,2.220796200086343,2.245230796915078,2.229391459073627,2.2172206080227057,2.2101508486662986,2.19148345846706,2.184378025156469,2.1755428395015683,2.166831252880185,2.154649238947148,2.1506972925855488,2.1462468637289693,2.1420157056592024,2.1721088876171057,2.2038162372030636,2.2302318460528348,2.275985353920218,2.3331002872006072,2.3800732928204194,,,,2.013108609420028,1.9819183832033673,1.9805335019249513,1.9409878900707704,2.013108609420028,1.9409878900707704,1.9540665325126774,2.1721088876171057,2.3800732928204194,2.067779822229757,1.9791370961547794,#000000,0.1233759361529424,1.9586799667475954,0.4159646917595485,56.480611617846314,14.202615429227833,False,False,True,False,False,2.5401785797493908,0.0,0.0,0.0,0.0,0,0.998395944948831,0.9438259921080493,False,False,False,False,0.11280791690165178,0.1294169673711267,False,False,False,False,23280233,19681043.158144988,False,False,False,False,1518321.5298989506,False,False,False,False
2025-07-21 00:00:00+00:00,2.09,2.09,2.0,2.01,1224447,,,,,1.9989858676962122,1.922012144573492,1.9260985739826406,1.9337781654546566,1.9350773362174316,1.9545534482877989,1.9644226130500289,1.9713970330455979,1.9795632155034406,1.9950839122249542,2.013761018487852,2.096807425078781,2.1718459977448146,2.2204116287662554,2.244850390880747,2.2290821890983614,2.216952637257872,2.209903665821732,2.191288547784322,2.1842093585682507,2.1753897089872147,2.1666954656999913,2.154533167768243,2.1505874552223623,2.1461440831091547,2.1419255911411574,2.171992610996159,2.2036725949190927,2.230067378173915,2.275787804044002,2.3328694245065913,2.3798153853639907,,,,2.015307638414502,1.9839351481506253,1.982520235404204,1.9422024157417526,2.015307638414502,1.9422024157417526,1.9545534482877989,2.171992610996159,2.3798153853639907,2.068004258476262,1.980991359427771,"rgba(38, 166, 154, 1.0)",0.12396599359324689,1.9595712641938814,1.0521331860903476,58.37187138686638,14.202615429227833,False,False,True,False,False,6.16776728775665,0.0,0.0,0.0,0.0,0,1.0000000000000002,0.9366507237654812,False,False,False,False,0.15974488943624668,0.1445809284036867,False,False,False,False,24504680,19870205.38723734,False,False,False,False,1506797.0385303644,False,False,False,False
2025-07-22 00:00:00+00:00,2.14,2.17,2.085,2.1,1603883,,,,2.131666666666667,2.0022047741549756,1.9241941527459672,1.9281336126812254,1.935424410064349,1.9365102065059234,1.9556134275519943,1.965365701057236,1.9722730988918449,1.9803633760378174,1.9957614718799876,2.0143125936964106,2.0969468026353733,2.171702578839856,2.2201344760890462,2.2445467332829545,2.228849771124058,2.2167626520847987,2.2097353209386195,2.1911730003226255,2.184116192094356,2.1753139370332892,2.1666372425196254,2.154496495091566,2.1505574884947687,2.146121519203292,2.141910847401176,2.1719378993256955,2.2035785127090675,2.229943006365771,2.2756153422792784,2.3326468796316537,2.3795537472282646,,,,2.0220417427547632,1.9887697642541797,1.9872496416687284,1.9447016592222766,2.0220417427547632,1.9447016592222766,1.9556134275519943,2.1719378993256955,2.3795537472282646,2.0660837413625868,1.985690701974987,"rgba(38, 166, 154, 1.0)",0.1257092312075937,1.9689664590618186,1.3605487782813677,61.39175227167315,14.202615429227833,True,False,True,False,True,8.29746071679416,0.0,0.0,0.0,0.0,0,1.024694609989793,0.9489644726877615,False,False,False,False,0.3428279775341716,0.24370445296892915,False,False,False,False,26108563,20114846.86224764,False,False,False,False,1510604.3311370166,False,False,False,False
2025-07-23 00:00:00+00:00,2.09,2.17,2.08,2.15,2172067,,,2.1133333333333333,2.1211206508737317,2.0057397557731877,1.9268229416083837,1.9305836579751663,1.9374064235911637,1.938238513016702,1.9568814522630182,1.9664871121438714,1.973309642456477,1.9813039849132534,1.996546070759567,2.0149359754668446,2.097035053145678,2.171421780844587,2.219684676677417,2.2440717221004207,2.2284777351731986,2.216451567769816,2.2094552225776924,2.1909692408057295,2.183946627823306,2.1751688139865504,2.166517526082932,2.1544072858344445,2.150477818467877,2.1460524593835815,2.1418553354654306,2.1718304186990847,2.2034191098829146,2.2297437482221767,2.2753527797048596,2.3323188601683333,2.379174160323521,,,,2.0286767446741862,1.9940560088538466,1.9924411380247842,1.9476612466000838,2.0286767446741862,1.9476612466000838,1.9568814522630182,2.1718304186990847,2.379174160323521,2.062465363623176,1.990708784538225,"rgba(38, 166, 154, 0.5)",0.12586021131710487,1.977340528172667,0.8951158642463044,60.4158893131938,14.202615429227833,True,False,True,False,True,5.748098970271414,0.0,0.0,0.0,0.0,0,1.019562453131623,0.9445730494604027,False,False,False,False,0.33592161354178557,0.28981303325535734,False,False,False,False,23936496,20264715.455884986,False,False,False,False,1536544.0436414473,False,False,False,False
2025-07-24 00:00:00+00:00,2.07,2.1,2.05,2.08,1246795,,,2.0987460817858885,2.1092584144725643,2.006951833227932,1.9279825554688763,1.9316594920358783,1.9382701332033265,1.938992237151819,1.9574163982479276,1.966949912735768,1.9737297685682755,1.9816761570460455,1.9968390891522518,2.0151462450201927,2.0969620079920994,2.1711516637909463,2.2193317269139463,2.2437176618872554,2.22819145126834,2.2162049058487967,2.2092285752177068,2.190792748165317,2.1837947345187003,2.1750321298123048,2.1663975487299036,2.1543065545323232,2.1503831590979385,2.145964647399904,2.1417790169656588,2.1717268360552984,2.2032873498950853,2.2295904831355244,2.2751653345118896,2.3320967037883413,2.378924049861547,,,,2.030465154895186,1.9959412825178195,1.9943088803901108,1.9489146745217227,2.030465154895186,1.9489146745217227,1.9574163982479276,2.1717268360552984,2.378924049861547,2.061420315551792,1.9924074980812096,"rgba(38, 166, 154, 0.5)",0.12411125494328537,1.9768794237209986,0.7502992079288395,58.68804015129912,14.202615429227833,False,False,True,False,True,4.75183527589537,0.0,0.0,0.0,0.0,0,1.0132139671632916,0.9735720656734168,False,False,False,False,0.20321915500039764,0.2465160941278775,False,False,False,False,22689701,20359812.92820322,False,False,False,False,1525181.3360476652,False,False,False,False
2025-07-25 00:00:00+00:00,2.05,2.075,2.03,2.06,1110525,,,2.087203047932682,2.0988305227064843,2.0076547891969967,1.9288484025769874,1.9324597040560398,1.9389083148589752,1.9395493966343909,1.9578004643336688,1.9672754982141185,1.9740202587483406,1.9819273621181897,1.9970248116086284,2.0152629963013284,2.0968380119396293,2.1708593045254077,2.2189723417517797,2.2433635876136684,2.2279017925638973,2.2159527081655708,2.2089952489609868,2.190607075251569,2.1836333251231697,2.174884821550544,2.1662661252741633,2.154193092069666,2.1502753867525715,2.145863332351754,2.1416897097071965,2.1716144818734007,2.203150685985754,2.2294353280350157,2.274980777485198,2.331882607360779,2.37868584922623,,,,2.031195385304368,1.9970971519937881,1.9954647132745298,1.949819454480164,2.031195385304368,1.949819454480164,1.9578004643336688,2.1716144818734007,2.37868584922623,2.060482428240389,1.9933941762632124,"rgba(38, 166, 154, 0.5)",0.12106033042907678,1.976349993132521,0.6083744080859474,56.48081545021445,13.822138609647915,False,False,True,False,False,3.7602659222527635,0.0,0.0,0.0,0.0,1,0.9866759934712371,0.9950034975517139,False,False,False,False,0.1459813099440596,0.19624870203596856,False,False,False,False,21579176,20407631.087881528,False,False,False,False,1508920.3032614824,False,False,False,False
2025-07-28 00:00:00+00:00,2.06,2.07,2.0408,2.06,602726,,,2.0836481098396185,2.095081630135568,2.0080716932644935,1.9293332107984522,1.9329085506364292,1.9392677211569131,1.9398635852385298,1.958019226986697,1.9674621235557712,1.9741876471210407,1.9820731869575638,1.997134749612199,2.0153351720989723,2.0967788114972694,2.1707082125309007,2.218784053252003,2.243177228154067,2.227749667113713,2.2158205315155883,2.2088731321331743,2.1905103225197613,2.1835493764086333,2.1748084296775225,2.16619819479844,2.154134774377842,2.1502201116827453,2.1458115050903372,2.141644144550542,2.1715562643956066,2.203079191345015,2.22935372389689,2.2748830979382353,2.3317687269202487,2.3785587931414076,,,,2.031667682280719,1.997763267226142,1.9961297163684446,1.9503289254821836,2.031667682280719,1.9503289254821836,1.958019226986697,2.1715562643956066,2.3785587931414076,2.060213912179948,1.9939723978393724,"rgba(38, 166, 154, 0.5)",0.11577813514032052,1.9763116057924779,0.7228341871813162,55.497664669510954,12.629415692171499,False,False,True,False,False,4.209323881678785,0.0,0.0,0.0,0.0,1,0.9935381819405649,0.9899034092821326,False,False,False,False,0.15329789529399995,0.17477329866498426,False,False,False,False,22181902,20477210.339337155,False,False,False,False,1473383.271761032,False,False,False,False
2025-07-29 00:00:00+00:00,2.01,2.07,2.0,2.06,858814,,,2.075479680957555,2.0873453301574805,2.00829318065978,1.9298553391821816,1.9333878235758544,1.939645307828538,1.940193379365105,1.9582344038619135,1.967637201084717,1.9743381759439165,1.9821963796054614,1.9972117682726875,2.015363069288209,2.096630915473022,2.1704365274714776,2.2184664890001304,2.2428692817178972,2.2274950484955442,2.2155967701774406,2.208664874294354,2.1903415202503163,2.1834014036016485,2.174671845674965,2.166074775963039,2.154025962331808,2.1501159471903817,2.1457126488918847,2.141556137006132,2.171451536175944,2.2029563680615984,2.229217193099551,2.2747247599121128,2.3315887716129104,2.3783609058241004,,,,2.0315402530380244,1.998214581208782,1.996593303519321,1.9508428020663713,2.0315402530380244,1.9508428020663713,1.9582344038619135,2.171451536175944,2.3783609058241004,2.059467047320663,1.9942977349581248,#000000,0.11286203009795476,1.975787387900267,0.3031366002369365,52.274394405560265,9.331110882383825,False,True,False,False,False,1.7412789040258012,0.0,0.0,0.0,0.0,1,0.9748009273258745,0.9966401236434501,False,False,False,False,0.10212914563356157,0.1384512221492729,False,False,False,False,21323088,20510382.012304325,False,False,False,False,1449282.5160056974,False,False,False,False
2025-07-30 00:00:00+00:00,2.0,2.03,1.99,2.02,955903,,,2.0660108200814857,2.078326085041095,2.008271898972613,1.9303112393795747,1.933802398806634,1.9399660492327475,1.9404733013088808,1.958402790706039,1.9677652440041409,1.9744410603982534,1.982271392141145,1.9972391346333953,2.015339304214858,2.096420183985633,2.170093431297732,2.2180775272093567,2.2424959382864134,2.2271842544124283,2.215322035105804,2.2084082205265374,2.190131134981589,2.1832160556639137,2.174499613511948,2.165917990117403,2.153886082456338,2.1499814632012164,2.1455843564904806,2.14144131370254,2.1713190686900203,2.202804373835278,2.229050459758868,2.2745345688582117,2.33137560044429,2.3781283981995194,,,,2.0308542622260486,1.9983589672954583,1.9967606889991747,1.9512579589601347,2.0308542622260486,1.9512579589601347,1.958402790706039,2.1713190686900203,2.3781283981995194,2.0585311154872383,1.9943079693702042,#000000,0.10840082443751345,1.9750244949513978,0.23039958577989522,49.65676127310458,6.683486618667558,False,True,False,False,False,1.256373713640503,0.0,0.0,0.0,0.0,1,0.9592709500050912,1.0237586124970306,False,False,False,False,0.04011482332841007,0.08928302273884149,False,False,False,False,20367185,20504766.443194352,False,False,False,False,1429934.2996917486,False,False,False,False
2025-07-31 00:00:00+00:00,1.98,2.02,1.97,1.99,873240,,,2.0575229563503483,2.0701416352140125,2.0080560790684965,1.93063313010029,1.934091349375555,1.9401838361936383,1.9406630948759032,1.9585028286475963,1.967831681844247,1.9744861631816708,1.982292974622167,1.997220044022637,2.0152762039520327,2.0961929491278517,2.169749422780207,2.21769553398613,2.24213187962224,2.2268796995820304,2.2150516920846224,2.2081550080434647,2.1899219425904093,2.183031123277169,2.1743269898547184,2.165760070364368,2.153744090699663,2.1498445674763214,2.14545332903314,2.141323640231274,2.1711860120892554,2.2026539478645426,2.228886964157283,2.2743502649288247,2.3311711249475833,2.3779067325066063,,,,2.029850268634892,1.9982305247837462,1.9966595983181437,1.9515193881758404,2.029850268634892,1.9515193881758404,1.9585028286475963,2.1711860120892554,2.3779067325066063,2.057637908133757,1.9940649449781556,#000000,0.10570654603130213,1.9742355185914768,0.0545328707156523,46.975215302745845,4.009388822864338,False,True,False,True,False,0.28554344146879274,0.0,0.0,0.0,0.0,0,0.9585678279183791,1.0310741290612162,False,False,False,False,0.0030839974094584322,0.04618351007414996,False,False,False,False,19493945,20465126.386598498,False,False,False,False,1408103.150684229,False,False,False,False
2025-08-01 00:00:00+00:00,1.95,2.01,1.925,1.97,2314830,,,2.0356292015971214,2.0487509074492647,2.0066476900718904,1.9310705193657784,1.9344621431053157,1.9404288900868523,1.9408743130296855,1.958529160781222,1.967783233787266,1.9743884045143567,1.9821414078515571,1.9969732275922487,2.014924638181036,2.095435781076745,2.16870108952148,2.2165638538660644,2.241063994087809,2.2259800275178496,2.214248353110081,2.207399802211553,2.189291223725949,2.182470898083282,2.173800850254113,2.1652755540404565,2.1533039550399526,2.149418684465639,2.1450439483021517,2.14095434803658,2.1707792330579934,2.2022032257697273,2.228403365881124,2.2738142892663147,2.3305853579019664,2.377277522780467,,,1.9616666666666664,2.0256801310729213,1.9967994757319112,1.9953254501606896,1.951697710933596,2.0256801310729213,1.951697710933596,1.958529160781222,2.1707792330579934,2.377277522780467,2.0550998319402587,1.986233886913157,#000000,0.10193850822654524,1.9709164741007061,-0.20518717082088359,43.87685466927427,0.9790035433978801,False,True,False,True,False,0.0,0.0,0.0,0.0,0.0,0,0.9429322450108949,1.031127866357694,False,False,False,False,-0.06485724137422406,-0.009336865650037052,False,False,False,False,17179115,20336263.194967188,False,False,False,False,1443661.0663436712,False,False,False,False
2025-08-04 00:00:00+00:00,2.02,2.03,1.93,1.94,1555265,,,2.030002139570599,2.042267629112417,2.0063815320197484,1.9316545797305515,1.9349892443269943,1.9408312658447455,1.9412263749924406,1.9587226989669952,1.9679174277873102,1.9744849747156408,1.9821963915243859,1.9969563291630963,2.0148299230444033,2.0950511296224854,2.1681094860085883,2.215902877722007,2.2404318716960763,2.225450994405431,2.2137787788106302,2.206960048198786,2.1889280975820706,2.182149842662554,2.173501363548789,2.165001740375216,2.1530580498718224,2.149181705792338,2.1448172411597177,2.1407507562935497,2.170548069400188,2.2019410874748835,2.228117889538805,2.273491641419474,2.330226532819425,2.376887971997535,,,1.974392467540633,2.024403404250924,1.9967106657841411,1.9952756948889565,1.952183569468326,2.024403404250924,1.952183569468326,1.9587226989669952,2.170548069400188,2.376887971997535,2.0544072848631663,1.9885931603865958,#000000,0.09811245616152971,1.9710784156761982,0.4986276588903105,45.86600258581515,0.9790035433978801,False,True,False,True,False,2.161383350923696,0.0,0.0,0.0,0.0,0,0.945020960758711,1.0209951206102676,False,False,False,False,-0.033938368542860725,-0.02163761709644889,False,False,False,False,18734380,20273444.246144947,False,False,False,False,1448037.6911929392,False,False,False,False
2025-08-05 00:00:00+00:00,2.06,2.07,2.0,2.02,1454144,,,2.031476958476859,2.042372705544743,2.0070595102791353,1.932625559376109,1.9358886983289767,1.9415550313445413,1.9418630835349726,1.959160333089633,1.9682859630068388,1.9748115488919216,1.9824759324214418,1.9971567681550644,2.0149463524614495,2.094869600128203,2.1677171592528,2.215426448133404,2.239962763574946,2.225064610821664,2.213440709896225,2.206646369494215,2.188676276706049,2.181929875614501,2.173299706910323,2.16482085341061,2.1529005750341588,2.149031661923097,2.144675647740484,2.140625300138192,2.170393307031711,2.2017551903197052,2.227908310089112,2.273244361862689,2.329941418071764,2.376571850382329,,,1.9932214394082106,2.025077125548539,1.9978014377368107,1.9963723362576116,1.9531673327267045,2.025077125548539,1.9531673327267045,1.959160333089633,2.170393307031711,2.376571850382329,2.054640305310657,1.9931279343355754,"rgba(38, 166, 154, 0.5)",0.09595851205614919,1.9726907272940142,0.9098648033943847,49.01914722162178,0.9790035433978801,False,True,False,False,True,3.9643426353347984,0.0,0.0,0.0,0.0,1,0.9727909666009116,0.9897966124753419,False,False,False,False,0.10212914563356157,0.04024576426855634,False,False,False,False,20188524,20270114.04041377,False,False,False,False,1448277.154283412,False,False,False,False
2025-08-06 00:00:00+00:00,2.1,2.11,2.04,2.06,1387548,,,2.0364283703452353,2.0458950005970182,2.0083718875727503,1.9338655765056716,1.9370475198376929,1.9425038852067342,1.942699869928794,1.959770172986668,1.9688199282351486,1.9753005214980495,1.982914058721318,1.9975107018790565,2.015211868327719,2.09483109124296,2.1674647442822566,2.215079381574113,2.239607853504886,2.224778262537573,2.2131949329259157,2.2064212118421844,2.188502706228931,2.1817810208888284,2.1731669101492948,2.164705416290828,2.1528054362171822,2.1489429173193804,2.1445940893138467,2.140554983788421,2.170292362399875,2.2016228977778978,2.227752014400259,2.273049867356178,2.329707784258398,2.3763069050617815,,,2.0118505434295417,2.0269905451740575,1.9996691796565094,1.9982254938988155,1.9544941877917026,2.0269905451740575,1.9544941877917026,1.959770172986668,2.170292362399875,2.3763069050617815,2.0553858419775874,1.998245989990125,"rgba(38, 166, 154, 1.0)",0.09420124136054704,1.9749478649802232,1.327499863204039,52.71926458342055,-4.635757224364795,False,False,False,False,True,5.714356185538357,0.0,0.0,0.0,0.0,1,1.0033781501249917,0.9662184987500847,False,False,False,False,0.20321915500039764,0.12173245963447699,False,False,False,False,21576072,20321328.078044605,False,False,False,False,1445895.6188213176,False,False,False,False
2025-08-07 00:00:00+00:00,2.27,2.3381,2.14,2.15,3325228,,,2.076080328388797,2.080661497372587,2.0179155672407636,1.9399663678432646,1.942821241255372,1.9473478060424279,1.9469861126537502,1.9631389614457273,1.9719060358266682,1.9782282584757085,1.9856593419538033,1.9999654377433544,2.0173704641694403,2.0960575054592825,2.168047680801927,2.215293923955109,2.2396605599142103,2.2248967397883503,2.2133579452279735,2.206608311127006,2.188742088812067,2.182024667491476,2.173435506874909,2.164991860852063,2.153120869958812,2.149266953778885,2.1449268623613214,2.1408740905603096,2.1705114755277943,2.2017503749665037,2.2278078680858293,2.2729918835965446,2.329525791224129,2.3760326411786274,,,2.090538805172653,2.0432170144918897,2.0120863841359244,2.010427964433773,1.9615257506982584,2.0432170144918897,1.9615257506982584,1.9631389614457273,2.1705114755277943,2.3760326411786274,2.0615985043342766,2.0235591837865,"rgba(0, 255, 0, 1.0)",0.09621728413211443,1.9880302993078185,2.930551441308751,59.6270788878584,1.7887327019652517,True,False,True,False,True,12.40221126928645,0.0,0.0,0.0,0.0,0,1.0223763705526965,0.9111018764185023,False,False,False,False,0.34282805901706365,0.23228025932577032,False,False,False,False,24901300,20500934.820082072,False,False,False,False,1519594.9278871482,False,False,False,False
2025-08-08 00:00:00+00:00,2.3,2.35,2.21,2.29,3320555,,,2.1090992822713015,2.1106880893140167,2.02813917551212,1.9465342088907451,1.9490537869503748,1.9526135244412053,1.9516618520973739,1.9668540171319902,1.975326073083468,1.98148382095238,1.9887247482233181,2.002728971846679,2.0198269148644132,2.097556201344832,2.1688848144474306,2.215737120562785,2.239912718619776,2.2251925317046726,2.21368637754488,2.206955100286757,2.189125187730456,2.182400021055131,2.1738326767726073,2.1654015749906117,2.1535550905669796,2.149708255280903,2.1453749947462133,2.1412998018490645,2.17083199972615,2.2019761831304256,2.227959358446682,2.2730252350814464,2.3294290596741134,2.3758402457458607,,,2.1392941814217203,2.05975142794329,2.025076708032411,2.0232107935582953,1.9690881225502868,2.05975142794329,1.9690881225502868,1.9668540171319902,2.17083199972615,2.3758402457458607,2.0675329665045257,2.0432842467012007,"rgba(0, 255, 0, 1.0)",0.09985069935737328,1.999414238501328,3.010352090002418,64.77141052988684,6.386459949746815,True,False,True,False,True,13.471672304647704,0.0,0.0,0.0,0.0,0,1.0497156884069232,0.8974613926607217,False,False,False,False,0.34282807806839505,0.28755416869708267,False,False,False,False,28221855,20803716.003608268,False,False,False,False,1590220.8130680444,False,False,False,False
2025-08-11 00:00:00+00:00,2.67,2.67,2.405,2.54,13648842,,,2.2943031040057393,2.2871428733292496,2.102987726954919,1.992417300198681,1.9929186526460994,1.9903331402771545,1.9853988264828193,1.9945650220778988,2.001248551237028,2.006440199792063,2.012547889197075,2.0247926227751134,2.0401312969770755,2.112712233528257,2.180521447495666,2.2248446546925953,2.2472857535525343,2.2320736199617057,2.220340259168861,2.213510157105733,2.195337620585527,2.1882013316784983,2.179629126910366,2.171084417067249,2.159201293131697,2.1553365997695044,2.1509721705917824,2.146522537132784,2.1754396145666615,2.2060814578813543,2.2316621763203983,2.276088623057976,2.3317475720488368,2.377645683529203,,,2.3628659819354505,2.1736550001297035,2.1156914013254338,2.112457824071317,2.022542109023081,2.1736550001297035,2.022542109023081,1.9945650220778988,2.1754396145666615,2.377645683529203,2.1078257665728133,2.1574424632969973,"rgba(0, 255, 0, 1.0)",0.1247689034947164,2.0700028510149537,4.8088676920243545,71.96208885167417,12.831243987050982,True,False,True,False,True,20.0,0.0,0.0,0.0,0.0,0,1.0620015218555368,0.8238593129104079,False,False,False,False,0.34282814509325693,0.3151911568951698,False,False,False,False,41870697,21629872.121113826,False,False,False,False,2063107.9184379252,False,False,False,False
2025-08-12 00:00:00+00:00,2.56,2.77,2.48,2.7,8565366,,2.6033333333333335,2.3553043551913255,2.347332739244381,2.1421250753436123,2.0189123232726955,2.0183726261588433,2.0125635919547307,2.005489752407126,2.011310519138802,2.0169800236237228,2.021619695909329,2.027077445790609,2.038306037267381,2.0526210034856684,2.1221656249458047,2.18787145933258,2.2306653587938863,2.2520418482494224,2.236517145861474,2.22463751434236,2.2177432262587145,2.199349887728272,2.191952420475656,2.18337484568754,2.174756180810875,2.1628470024516724,2.158970114776864,2.154584979700896,2.1498973483399477,2.178430151617341,2.208758725396113,2.234087967932439,2.278114317000795,2.333305182105346,2.378881219017834,,,2.4207683694903674,2.225414075438787,2.160894349691551,2.157200243741052,2.0526953897842684,2.225414075438787,2.0526953897842684,2.011310519138802,2.178430151617341,2.378881219017834,2.1462623736823545,2.203394485629205,"rgba(0, 255, 0, 1.0)",0.13928388277182224,2.1305861306266918,3.083011909402203,73.04641240744317,13.560859684076576,True,False,True,False,True,19.297579189997826,0.0,0.0,0.0,0.0,0,1.0891360455525105,0.8070936327594923,False,False,False,False,0.34282815759742086,0.32900965724629533,False,False,False,False,33305331,22087733.253619168,False,False,False,False,2318098.4314403594,False,False,False,False
2025-08-13 00:00:00+00:00,2.62,2.66,2.555,2.57,4187627,,2.606069702095291,2.3778676503373215,2.3698389677025844,2.1594200028362436,2.031219752629886,2.030226430806459,2.0230006643512475,2.014974588767407,2.0192771634269104,2.0244808539547225,2.02886577460578,2.034022964462927,2.044779694723376,2.0586171754564004,2.1267338246597887,2.1914429007242764,2.233508628326698,2.254375237108546,2.2386995865880235,2.2267490096579974,2.2198235074523835,2.2013227840867087,2.193798424162839,2.1852179979833313,2.1765631695912058,2.1646410107552643,2.1607580948251384,2.156362780621215,2.151559208445985,2.17990544696901,2.2100819241478398,2.235288961238332,2.2791207269234888,2.3340835177318575,2.379502609334586,,,2.440874577405438,2.2468965530946443,2.180437557702212,2.1765884447331447,2.0665323320350066,2.2468965530946443,2.0665323320350066,2.0192771634269104,2.17990544696901,2.379502609334586,2.1547085286610943,2.222265892994089,"rgba(0, 255, 0, 1.0)",0.15398467222186168,2.143846889418492,3.0922110864090735,74.36231771812287,14.784268892610228,True,False,True,False,True,20.0,0.0,0.0,0.0,0.0,0,1.1242104706784009,0.8214540553397287,False,False,False,False,0.32597762458542784,0.3274936409158616,False,False,False,False,37492958,22691859.714261554,False,False,False,False,2391413.2772662276,False,False,False,False
2025-08-14 00:00:00+00:00,2.52,2.63,2.5,2.53,1774017,,2.5992225529089144,2.3840549676309295,2.3761110477309053,2.1654209538560565,2.035743126633122,2.0345888896407094,2.0268615203114306,2.0184976921751208,2.0222439715065823,2.0272739449936927,2.031562907301859,2.036606971150047,2.0471847225088373,2.060839808106974,2.1284006159239737,2.192718422554382,2.2345060353145554,2.2551855932963956,2.2394648986269825,2.22749438241133,2.220560521298134,2.202028138155003,2.194460878632081,2.1858818229563135,2.177216314688885,2.1652924487265874,2.1614082826118084,2.1570103111470624,2.1521657510942513,2.1804385735556933,2.2105541823431576,2.2357124579609944,2.279466524307814,2.334338975560005,2.3796951956125096,,,2.4455356514391386,2.253873729222503,2.187102740909162,2.183217237085305,2.071549714875081,2.253873729222503,2.071549714875081,2.0222439715065823,2.1804385735556933,2.3796951956125096,2.1571991512291397,2.228255814706238,"rgba(0, 255, 0, 1.0)",0.16278399992206136,2.147883217354006,2.2859542880391075,72.25495565140511,14.784268892610228,True,False,True,False,True,16.540613128149836,0.0,0.0,0.0,0.0,0,1.1068513607456425,0.8210561548958522,False,False,False,False,0.28576818159331885,0.3066309112545902,False,False,False,False,35718941,23202725.647035614,False,False,False,False,2367201.6585499053,False,False,False,False
2025-08-15 00:00:00+00:00,2.37,2.515,2.365,2.5,2675161,,2.5708327416928944,2.3857317657099446,2.3781339393970353,2.1711101856998622,2.040686643084356,2.039364171108246,2.0311208540408763,2.0224125800834654,2.025541056017033,2.0303700069883654,2.034545172986493,2.039455625810126,2.049818131040244,2.0632504149283726,2.1301023118816347,2.1939133619323434,2.2353676204516413,2.2558503418834106,2.2401194021487387,2.228149887109076,2.2212184115354083,2.2026809088094574,2.1950823075325774,2.1865134045516386,2.1778461923800596,2.165931616353877,2.1620496380926273,2.157652820153806,2.1527715396531475,2.1809506077517278,2.2109850984876536,2.2360789111663006,2.279730131594147,2.334485596958191,2.379758063282088,,,2.4437887241021348,2.2593350412171285,2.193180821192844,2.1893036120467992,2.0768674213482474,2.2593350412171285,2.0768674213482474,2.025541056017033,2.1809506077517278,2.379758063282088,2.158293810699708,2.2324951239814306,"rgba(38, 166, 154, 1.0)",0.1660492708817341,2.1501547666107257,1.323975903187528,67.19873500476544,14.784268892610228,True,False,True,False,False,10.666807832855703,0.0,0.0,0.0,0.0,0,1.069114579406369,0.8605142124707834,False,False,False,False,0.17207045135767357,0.23935068130613188,False,False,False,False,33043780,23588649.347151864,False,False,False,False,2379278.495469517,False,False,False,False
2025-08-18 00:00:00+00:00,2.53,2.57,2.39,2.4,3342797,,2.558765449444036,2.392428950885941,2.3850883672916248,2.1800684428680053,2.0479630639069213,2.0463962014687014,2.037391711708194,2.028168567393416,2.030411315395293,2.0349572383115664,2.0389741402822845,2.0436980702233805,2.05376265601708,2.0668886597639755,2.132786463087601,2.1959185779576753,2.2369028819483057,2.2570827471349135,2.2412980161549187,2.2293075268173514,2.2223682731644705,2.2037939007208265,2.196132550876891,2.187570407042767,2.178890724601087,2.166979122685504,2.1630969246359557,2.158697821883888,2.153752923391927,2.1818034122476018,2.211729483590765,2.236736669437049,2.2802497137239035,2.334845716134489,2.3800059454964173,,,2.4475059711677485,2.2688837079761486,2.2028999092762613,2.1990009987321675,2.0847974988385305,2.2688837079761486,2.0847974988385305,2.030411315395293,2.1818034122476018,2.3800059454964173,2.1619129524030596,2.240617617198171,"rgba(0, 255, 0, 1.0)",0.17448900943729864,2.1558991121858013,2.1439796639376816,66.10069550220943,14.784268892610228,True,False,True,False,False,14.866566900220587,0.0,0.0,0.0,0.0,0,1.0676410194467931,0.8428312598139873,False,False,False,False,0.2078439547391875,0.2235973180226597,False,False,False,False,36386577,24090528.86294983,False,False,False,False,2417063.5348628694,False,False,False,False
2025-08-19 00:00:00+00:00,2.48,2.53,2.43,2.5,3208610,,2.5481258898483983,2.3972254864971685,2.3901484281424805,2.1877864376051277,2.0544808193547026,2.052703071275947,2.04304123627878,2.0333716646920563,2.034828541391612,2.0391203239479987,2.0429942727396924,2.047549682836771,2.057343855289255,2.070190648013689,2.1352098265453443,2.1977131867627926,2.238266173955845,2.258172404894865,2.2423460040335224,2.230340660998966,2.2233964672852413,2.2047939711574687,2.197078253042889,2.1885238825959927,2.179834661812837,2.167927843404717,2.1640461036539245,2.1596456664071417,2.1546441300269694,2.182574560447965,2.2123987676637635,2.2373246256036983,2.280707875203823,2.3351544314880956,2.380209039465236,,,2.449559964201464,2.2767335297776627,2.211163748105105,2.2072605774310348,2.091835646221611,2.2767335297776627,2.091835646221611,2.034828541391612,2.182574560447965,2.380209039465236,2.165047930755251,2.2473106931473756,"rgba(0, 255, 255, 0.75)",0.1803067456378655,2.1607937423056285,1.7703511677565116,64.26550375540332,23.70236516538411,True,False,True,False,False,13.033984216452279,0.0,0.0,0.0,0.0,0,1.0771177250271118,0.8650439812025545,False,False,False,False,0.2078439547391875,0.2157206363809236,False,False,False,False,33177967,24446898.985971406,False,False,False,False,2448104.5727113844,False,False,False,False
2025-08-20 00:00:00+00:00,2.42,2.4874,2.38,2.48,3826643,,2.5316161587102584,2.3991820061155926,2.3924790006911247,2.194972605984825,2.0611024127122284,2.0591216262865375,2.048830494768106,2.038733289007595,2.039395299948865,2.0434233649111846,2.047146921852658,2.0515252379407083,2.061032314833465,2.073579980695814,2.1376361975777023,2.1994436780286484,2.2395342529821662,2.259163282136164,2.24331893184168,2.2313129324373895,2.2243710679698023,2.205758538393836,2.197996604176638,2.189455883711291,2.1807632417273823,2.168868608952599,2.164989649312972,2.160590462475767,2.155535474327013,2.18333264785816,2.2130417165944753,2.2378759250829567,2.2811127811896252,2.3353922028651106,2.3803272613066153,,,2.448128012462929,2.2832046536924238,2.2186499910448716,2.2147749814763618,2.0988506117581944,2.2832046536924238,2.0988506117581944,2.039395299948865,2.18333264785816,2.3803272613066153,2.1676274994731357,2.2527216500869565,"rgba(38, 166, 154, 1.0)",0.18342124018593617,2.1648448959522235,1.391088097480547,61.74962676012308,21.015360723601518,True,False,True,False,False,10.889317800086008,0.0,0.0,0.0,0.0,0,1.0573216460866035,0.8788124865652392,False,False,False,False,0.1664779098540168,0.19109927311747021,False,False,False,False,29351324,24639229.37867841,False,False,False,False,2502164.903193291,False,False,False,False
2025-08-21 00:00:00+00:00,2.56,2.56,2.4,2.41,2810562,,2.5293088113063753,2.4038140970585014,2.397281844169054,2.201643194554364,2.0668121760584306,2.0646571608869717,2.053817738531808,2.0433435114399057,2.0433366198292497,2.047147073131581,2.050748095027544,2.0549815979856847,2.064255971415024,2.0765628730964654,2.1398601991969866,2.2011217805482253,2.2408314407986842,2.2602124246987287,2.2443225758887806,2.2322985219315266,2.225349848926009,2.2067057932872705,2.198891200083785,2.190355781347031,2.1816523957032223,2.169759827372714,2.165880553963111,2.1614793141212405,2.1563709432171883,2.184061175111693,2.2136800848057723,2.2384421551783826,2.2815638076617417,2.3357098835182684,2.380551090692812,,,2.4509944681675355,2.2899629449110326,2.225736647669172,2.221859601251245,2.10498636570026,2.2899629449110326,2.10498636570026,2.0433366198292497,2.184061175111693,2.380551090692812,2.1708178853776947,2.258708005539849,"rgba(0, 255, 0, 1.0)",0.1912295917392296,2.1695753041512575,2.0416541827958588,62.10755857410697,21.015360723601518,True,False,True,False,False,14.404137674862056,0.0,0.0,0.0,0.0,0,1.061600688068063,0.8582021897301193,False,False,False,False,0.2078439547391875,0.19947161392832885,False,False,False,False,32161886,24934235.520691022,False,False,False,False,2514258.906989632,False,False,False,False
2025-08-22 00:00:00+00:00,2.6,2.635,2.54,2.55,2795874,,2.534562269239713,2.4115363125439626,2.4050884905265453,2.209773409796542,2.073418651718245,2.0710626858925263,2.059583470680313,2.0486653678035522,2.047899196371155,2.051466692497231,2.0549324023610707,2.0590055061816037,2.068024132412586,2.0800681029093524,2.14255268778999,2.20323238455216,2.2425180366989825,2.261604215334612,2.245634446762952,2.2335735668149614,2.226608969553814,2.207907548655636,2.200020348087204,2.191485126378981,2.182762169235504,2.1708642356969428,2.1669821093861903,2.1625756191869465,2.1573988245234874,2.1849727377513957,2.21449580432854,2.2391808154773853,2.282179436392227,2.336181282495292,2.3809225046785745,,,2.4575284719796118,2.298774752447604,2.234479320904345,2.230577929000301,2.1121629862807207,2.298774752447604,2.1121629862807207,2.047899196371155,2.1849727377513957,2.3809225046785745,2.1752101014444025,2.2667046921225165,"rgba(0, 255, 0, 1.0)",0.1990004753491434,2.17596318980788,2.1308331522733996,62.872256847494526,21.015360723601518,True,False,True,False,False,15.357449029018479,0.0,0.0,0.0,0.0,0,1.0899259839977866,0.8512762572344301,False,False,False,False,0.30693586290982955,0.25320373841907917,False,False,False,False,34957760,25327314.912036475,False,False,False,False,2525302.6361272936,False,False,False,False
2025-08-25 00:00:00+00:00,2.59,2.68,2.56,2.6,5352219,,2.5450389436474485,2.426014823216701,2.4197175738638372,2.2251315929187805,2.086043961749407,2.083317354472459,2.0706517399860638,2.058904651778142,2.056712430586183,2.059821792112181,2.0630321182965172,2.0668020646769905,2.075336820909686,2.0868826524134616,2.1478252765398134,2.207397514295527,2.2458690925887677,2.2643824085603335,2.2482499547428247,2.236113033393527,2.2291151965668274,2.2102962069639562,2.202264238288007,2.193727662964847,2.1849644713912566,2.1730537982368228,2.169165376321228,2.164747800814186,2.1594355466102644,2.1867845960828154,2.216123005949596,2.2406593698166444,2.2834205690896234,2.337143277750847,2.3816914164266896,,,2.4699788102744065,2.315254400958714,2.2509031379462945,2.2469621635822294,2.1258305124738404,2.315254400958714,2.1258305124738404,2.056712430586183,2.1867845960828154,2.3816914164266896,2.183662290037433,2.2817858050470967,"rgba(0, 255, 255, 0.75)",0.20565632137748285,2.18813857627936,1.9540436249611883,63.134331221416716,21.015360723601518,True,False,True,False,False,14.99626361173474,0.0,0.0,0.0,0.0,0,1.093035920942159,0.843427352560757,False,False,False,False,0.33799494244836653,0.2955993404337228,False,False,False,False,29605541,25495088.484113477,False,False,False,False,2636162.1013772036,False,False,False,False
2025-08-26 00:00:00+00:00,2.55,2.62,2.51,2.61,4495918,,2.5466019506076876,2.4337514851233624,2.427654363932416,2.235588765943673,2.095230017077814,2.092251645425039,2.078780346709595,2.066466859067037,2.0632548628681606,2.0660288902401143,2.0690500278757598,2.0725954151081574,2.0807684119997427,2.0919386214260522,2.151693945400906,2.21040450783406,2.2482570511636473,2.266349411180928,2.2501184797778166,2.2379381314535807,2.2309222106440156,2.2120326124857406,2.203901409353971,2.1953688832413953,2.1865813881744516,2.174667705072403,2.170776648715893,2.1663531436123593,2.160944008828644,2.1881162737907984,2.2173073545836126,2.241725380628141,2.28429738297611,2.337799030701577,2.382192751441692,,,2.475757235723973,2.3256769199922487,2.2618565644522257,2.2579196404601607,2.1356174046283654,2.3256769199922487,2.1356174046283654,2.0632548628681606,2.1881162737907984,2.382192751441692,2.1892361595107777,2.2913655530513948,"rgba(0, 255, 255, 0.75)",0.21209916089897707,2.196082694273161,1.6686407632485165,62.28369942735712,19.765082440075275,True,False,True,False,False,13.55150232683686,0.0,0.0,0.0,0.0,0,1.0910746812386158,0.8538307585059256,False,False,False,False,0.28576818159331885,0.29068376101352084,False,False,False,False,25109623,25479972.19061883,False,False,False,False,2709093.705244764,False,False,False,False
2025-08-27 00:00:00+00:00,2.56,2.59,2.51,2.54,2132523,,2.5469197651124595,2.4369393702454363,2.430938933864976,2.240226522779248,2.099403085082136,2.096314582643957,2.0824901399239026,2.0699271748035453,2.0662581329673304,2.068880503884299,2.0718157264788806,2.075259077928494,2.0832671538365224,2.09426557471669,2.1534741202130707,2.2117860790166914,2.249353117353209,2.2672523099422923,2.2509780577720533,2.238778875726541,2.231755213610284,2.212834552195872,2.2046582908850456,2.196128082771341,2.1873298606000318,2.17541535924782,2.1715232670537397,2.1670972271589677,2.161643656669182,2.18873333972084,2.2178553989833647,2.242217991736556,2.284701326490308,2.3380994311223215,2.3824206834610218,,,2.4780493829456054,2.330184340527534,2.266674882834952,2.2627443177039535,2.1400363947864083,2.330184340527534,2.1400363947864083,2.0662581329673304,2.18873333972084,2.3824206834610218,2.1917264152145863,2.2955378637596904,"rgba(0, 255, 255, 0.75)",0.21823823663126532,2.1996003030308393,1.6514049166282947,61.88891919000466,18.845108543362514,True,False,True,False,False,13.802125881366724,0.0,0.0,0.0,0.0,0,1.0878363353346676,0.8565488103179898,False,False,False,False,0.27179472586343884,0.28123924343847984,False,False,False,False,27242146,25549077.04588868,False,False,False,False,2686483.0893528126,False,False,False,False
2025-08-28 00:00:00+00:00,2.6,2.7065,2.5521,2.58,6266944,2.619533333333333,2.5557672756401293,2.4502050355018774,2.4443904284423477,2.2558271691293457,2.1129641222589357,2.1095215924815247,2.0945508233081336,2.0811717235366998,2.076045827854837,2.0781899793620755,2.080856298355948,2.083979472085974,2.0914726683136693,2.101936865532529,2.159466636760714,2.2165570942512995,2.2532207239695548,2.2704795843017287,2.2540231217470206,2.2417384348124103,2.2346773258424673,2.2156235678838296,2.2072824430875397,2.1987507061182447,2.189906519015759,2.177977439056751,2.1740781380494365,2.169639400701328,2.16403045393388,2.1908618082783335,2.2197714468984513,2.2439628062366155,2.2861722406317084,2.3392474458495642,2.383345110547476,,,2.4893531104643465,2.34609435941907,2.2830224364117457,2.2790843092566484,2.1544939165002437,2.34609435941907,2.1544939165002437,2.076045827854837,2.1908618082783335,2.383345110547476,2.219507988808384,2.3104096264104106,"rgba(0, 255, 255, 0.75)",0.22547447469444318,2.239050111935648,1.6008458986477356,62.33312567301774,18.768386932255424,True,False,True,False,False,14.80422468541217,0.0,0.0,0.0,0.0,0,1.1012529263851558,0.8302046301916239,False,False,False,False,0.34282815813858464,0.3120337007885322,False,False,False,False,33509090,25861234.416638143,False,False,False,False,2826893.3211428984,False,False,False,False
2025-08-29 00:00:00+00:00,2.6,2.66,2.51,2.6,5840700,2.6052865203282596,2.559258209019703,2.459070265215425,2.45346634611854,2.2681637824570693,2.1242806747201977,2.120565065976052,2.1047080437658936,2.090692397761114,2.0843820784871108,2.0861291593739173,2.088569925906161,2.0914243650768154,2.0984819571772237,2.108490789332207,2.1645647641931807,2.22058558785766,2.2564684182390895,2.2731845519416476,2.2565904471270555,2.244243170315512,2.2371553538451048,2.218001113249356,2.209525325733854,2.2009963580186844,2.1921172342824513,2.1801808506860376,2.1762770100252857,2.1718292321807073,2.1660898391538423,2.1926912927166504,2.2214100770204386,2.245447746484071,2.287411101211884,2.34019712644171,2.3840932758330693,,,2.4963279409255312,2.3579841826930212,2.2957284582432145,2.291811718539969,2.1663974438084543,2.3579841826930212,2.1663974438084543,2.0843820784871108,2.1926912927166504,2.3840932758330693,2.225718167503716,2.3216499488420377,"rgba(0, 255, 255, 0.75)",0.23220734754147795,2.2476757412154074,1.5172829908909706,62.6292633283598,18.54868984742481,True,False,True,False,False,14.804224685412159,0.0,0.0,0.0,0.0,0,1.0943156288415075,0.8410410749862235,False,False,False,False,0.30074467013194317,0.3063891854602377,False,False,False,False,33509090,26161150.32186802,False,False,False,False,2945081.8183529805,False,False,False,False
2025-09-02 00:00:00+00:00,2.5,2.575,2.47,2.54,2824418,2.588208713313227,2.557178259371588,2.4607343949688625,2.4552667938606225,2.2724930367764284,2.1287120479675026,2.1249008821065036,2.1087356642181314,2.0944971769162386,2.0877333486136265,2.08932225467686,2.0916713419571393,2.0944166741274226,2.1012947650698344,2.1111134904477487,2.1665600078605567,2.2221134422802984,2.257668433899898,2.274170461971298,2.2575418015037068,2.2451815789419203,2.238089225540908,2.218910413927391,2.2103885793730735,2.2018654862942633,2.192977675856573,2.181044479924917,2.1771407600388284,2.1726915559855673,2.1669036483304875,2.193404112904531,2.222037106142457,2.246005950479588,2.2878589739597244,2.3405166847934336,2.38432205592604,,,2.4969333851691524,2.3616002969574392,2.300031172647974,2.2961440316387316,2.17094495160301,2.3616002969574392,2.17094495160301,2.0877333486136265,2.193404112904531,2.38432205592604,2.2272166495953742,2.3251307676032615,"rgba(38, 166, 154, 1.0)",0.2361916308561399,2.249900623545523,1.0588833124523707,59.841586065883064,15.470671939504996,False,False,True,False,False,11.132832375918916,0.0,0.0,0.0,0.0,1,1.0837135322924951,0.8566405759491023,False,False,False,False,0.2430492018809297,0.27471919367058373,False,False,False,False,30684672,26338543.328853592,False,False,False,False,2940349.9039077656,False,False,False,False
2025-09-03 00:00:00+00:00,2.53,2.54,2.4747,2.51,3873385,2.5731092120614485,2.554618420380169,2.4628579358918725,2.4575673433401333,2.2781866589887425,2.134626723722343,2.130692803716293,2.114130912637794,2.0996042006333706,2.0922442754799384,2.093623696845202,2.0958509805340144,2.098451257795511,2.1050901024849473,2.1146548189773062,2.1692588366090444,2.224182420409967,2.2592954936903724,2.2755089756135356,2.2588346459481574,2.2464575050775806,2.2393593100452747,2.220147987901647,2.2115641497787237,2.20304923007504,2.1941498848209586,2.182221282913111,2.1783178135737855,2.173866774102087,2.168013227770295,2.1943762552400443,2.222892374599633,2.246767435267446,2.2884700554356225,2.3409527794789393,2.3846342668975766,,,2.497698303246522,2.366293802745484,2.305661877464509,2.301816345839884,2.176990079897598,2.366293802745484,2.176990079897598,2.0922442754799384,2.1943762552400443,2.3846342668975766,2.2296194857880076,2.3296920818387994,"rgba(38, 166, 154, 1.0)",0.24068034200371186,2.253241843528964,1.1498992986588306,58.66391090764509,14.033147433072983,False,False,True,False,False,11.922247451958082,0.0,0.0,0.0,0.0,1,1.0884146976163214,0.8542729259914646,False,False,False,False,0.22398686521202718,0.24935302944130544,False,False,False,False,34558057,26660877.198310316,False,False,False,False,2976939.515519226,False,False,False,False
2025-09-04 00:00:00+00:00,2.5,2.54,2.48,2.52,2359979,2.5657007615139267,2.5529123981857147,2.4638799651200043,2.458694920874717,2.2814102372913303,2.13806630400555,2.134064295741233,2.1172823277404453,2.10259493739715,2.0948936527080497,2.096151723342722,2.098308080495876,2.1008238618616124,2.107322794717282,2.116738429640421,2.1708440924005616,2.2253934385146685,2.260245169366903,2.276289435248374,2.259590879471596,2.2472053387797413,2.240104497633593,2.220876036206397,2.2122566423585703,2.2037471574024927,2.1948416876246077,2.1829165834454964,2.179013511651774,2.1745616714211002,2.168669847299586,2.194950545130478,2.223396404803212,2.2472151009551355,2.2888272860279826,2.3412048900288354,2.3848117834048455,,,2.49792505855983,2.368864375816994,2.308820762946335,2.3050023540527396,2.180482959137371,2.368864375816994,2.180482959137371,2.0948936527080497,2.194950545130478,2.3848117834048455,2.231060385281907,2.3322191021026533,"rgba(38, 166, 154, 1.0)",0.24440307867304295,2.2551937510020923,1.001649612300523,56.99995712813103,12.178260073232899,False,True,True,False,False,10.839594310518343,0.0,0.0,0.0,0.0,1,1.0830996156642776,0.864963124545549,False,False,False,False,0.22649332951475457,0.23792317947803,False,False,False,False,32198078,26878022.327788346,False,False,False,False,2952744.985498864,False,False,False,False
2025-09-05 00:00:00+00:00,2.5,2.58,2.5,2.52,1965092,2.562384554435832,2.5521572457413915,2.465076401115946,2.459970324575743,2.28425805905968,2.1410349836769664,2.1369740838919116,2.1200008867827376,2.105173527957921,2.0971799100481325,2.098334662651008,2.100430838606106,2.102874850202828,2.109255206245903,2.1185446972799493,2.172230710019944,2.2264650667666097,2.2610941233461346,2.2769913630343788,2.260267750165094,2.247872515459325,2.2407681510755633,2.221521672972414,2.2128697907248207,2.2043640677445455,2.1954521979641934,2.1835288975101905,2.1796257784301725,2.175172796299284,2.1692468948844694,2.1954577102099626,2.223844268907874,2.247615329141311,2.2891510790671576,2.341439535115786,2.3849833990613556,,,2.4985176859183764,2.3712344534581753,2.3116346416372675,2.3078363065525624,2.1835103065835733,2.3712344534581753,2.1835103065835733,2.0971799100481325,2.1954577102099626,2.3849833990613556,2.2325349622802104,2.334546678829991,"rgba(38, 166, 154, 0.5)",0.2478343678222831,2.2571384735355275,0.9799348193654216,55.89065460845499,10.884964917606183,False,True,True,False,False,10.839594310518343,0.0,0.0,0.0,0.0,1,1.0885540303436887,0.8575704407059551,False,False,False,False,0.2545441373626256,0.2462336584203278,False,False,False,False,32198078,27086651.961992726,False,False,False,False,2914013.4958714577,False,False,False,False
2025-09-08 00:00:00+00:00,2.48,2.5199,2.46,2.51,1512434,2.5577354067875744,2.550737675320613,2.465387987981074,2.4603498972445887,2.286050642587648,2.1430551136215468,2.1389573304686507,2.1218651961619166,2.106950406245656,2.098760620734295,2.099844121671955,2.1018982381531077,2.104292139521529,2.11058891808521,2.1197887817935737,2.1731708711717173,2.2271753706051065,2.2616459042685815,2.27744273367883,2.2607084357371767,2.2483104190280576,2.24120561239064,2.2219517847059898,2.213280076998163,2.2047784935668995,2.1958639409230645,2.183943872828532,2.1800413528959357,2.1755882997099683,2.169640151398444,2.195799942178558,2.2241426174509464,2.24787850547346,2.289357783861043,2.3415807810542826,2.385077959410953,,2.4866333333333333,2.4983320330047256,2.3725531744852457,2.31335725623813,2.3095785069256123,2.185536845168633,2.3725531744852457,2.185536845168633,2.098760620734295,2.195799942178558,2.385077959410953,2.233320289592018,2.36099852485928,"rgba(38, 166, 154, 0.5)",0.2507910368098132,2.2775228069761817,0.8073541845810319,54.49997864838348,9.34367511509847,False,True,False,False,False,10.103787385157975,0.0,0.0,0.0,0.0,1,1.0781185757750187,0.8705081818929364,False,False,False,False,0.20588118568678287,0.22605742205355533,False,False,False,False,30685644,27227788.904659677,False,False,False,False,2859049.5940725775,False,False,False,False
2025-09-09 00:00:00+00:00,2.55,2.575,2.46,2.48,2018739,2.555509174686882,2.5501080060519095,2.4665793961639166,2.4616176010007003,2.288881666624017,2.1460378205853106,2.1418830257480956,2.1246053796779694,2.1095541469227697,2.101075300109998,2.1020559502028844,2.1040499941664925,2.106372203595173,2.1125502713208952,2.1216235694690213,2.174582813535029,2.2282688439031535,2.2625139348745007,2.278161680746554,2.261402055791856,2.248994253306007,2.241885898028732,2.2226138172905943,2.213909048832296,2.205411319994477,2.1964902654760623,2.184572062313174,2.1806695024345744,2.1762152939935158,2.1702323900744744,2.1963208054981846,2.2246028832528655,2.2482900767661795,2.289691189818261,2.341822959025816,2.3852556145257577,2.528333333333333,2.5104728383080257,2.4989448173185282,2.374893589862274,2.3161451629124876,2.3123870895541554,2.1885687654378865,2.374893589862274,2.1885687654378865,2.101075300109998,2.1963208054981846,2.3852556145257577,2.234871641758856,2.3899636566752416,"rgba(38, 166, 154, 0.5)",0.25487195159865816,2.3020191716225398,0.9729624104261994,55.55081239100114,9.34367511509847,False,True,True,False,False,12.031496734638079,0.0,0.0,0.0,0.0,1,1.0750598450115634,0.8650951434251635,False,False,False,False,0.2322106473605694,0.22913403470706237,False,False,False,False,32704383,27442557.30055538,False,False,False,False,2826096.2374422806,False,False,False,False
2025-09-10 00:00:00+00:00,2.53,2.58,2.52,2.54,1233302,2.554970852648478,2.5499936486299615,2.467456788360679,2.4625380294779227,2.290685209653356,2.1479080283274925,2.143717416906696,2.1263228505380942,2.111185479149741,2.1025263817697217,2.103443169360008,2.105400005287057,2.107677776669529,2.1137823802733755,2.12277744608107,2.1754762389641122,2.2289661769722606,2.26307123113813,2.2786250948509674,2.2618477536438126,2.2494327305251267,2.242321599339732,2.2230366401666384,2.2143103428937545,2.2058146159174927,2.196888987759136,2.1849714106966642,2.181068651235335,2.1766135169702125,2.1706083585231917,2.1966525529084797,2.224897240208249,2.2485543589704315,2.2899071932037973,2.341982477443818,2.385375287974459,2.5340219239753328,2.5189788991511826,2.499491885817895,2.376425547160153,2.317930975236615,2.3141844557054476,2.1904754135352307,2.376425547160153,2.1904754135352307,2.1025263817697217,2.1966525529084797,2.385375287974459,2.2359185979351235,2.393072728654551,"rgba(38, 166, 154, 0.5)",0.25822624342384326,2.3039354484436054,0.8754514977214773,55.53667560993377,9.34367511509847,False,True,True,False,False,11.284257532181382,0.0,0.0,0.0,0.0,1,1.0867040367786425,0.8608702665645035,False,False,False,False,0.2609207094762642,0.2450273720916633,False,False,False,False,31471081,27600538.622102227,False,False,False,False,2763633.718326897,False,False,False,False
2025-09-11 00:00:00+00:00,2.58,2.63,2.53,2.53,1660820,2.556377307226613,2.55066057931772,2.469162992639657,2.4642931087031195,2.2934205999861472,2.1506298593532813,2.146385608256701,2.128814949328268,2.1135477734747408,2.104626791179169,2.1054521076102586,2.107356054796755,2.1095705821360617,2.1155711843765035,2.124455976430089,2.176791791401322,2.2300093356957156,2.263915954939969,2.279332684551504,2.2625236215581035,2.250094553322008,2.242977577227458,2.2236692552083777,2.214909252224057,2.2064150286244932,2.197481153742496,2.1855626693612957,2.181659040808842,2.1772019013453283,2.1711631480057743,2.197145442150711,2.2253383209967494,2.2489536817816798,2.290239494063594,2.342235939389096,2.3855735026149714,2.5495650684329694,2.5347517258792522,2.5008062482299063,2.3788887018561735,2.3206759979806777,2.316941420726956,2.193274307606623,2.3788887018561735,2.193274307606623,2.104626791179169,2.197145442150711,2.3855735026149714,2.2376449431480845,2.399271924387508,"rgba(38, 166, 154, 1.0)",0.2622475276637761,2.3075064639886977,1.039069990244722,56.90326669691463,9.34367511509847,False,True,True,False,True,12.649891597808313,0.0,0.0,0.0,0.0,1,1.0836753396820338,0.8585488305375144,False,False,False,False,0.28898752826509155,0.26700745017837746,False,False,False,False,33131901,27817454.793784495,False,False,False,False,2720386.1215297636,False,False,False,False
2025-09-12 00:00:00+00:00,2.53,2.6,2.52,2.57,1304984,2.5561076355167796,2.5506492408089105,2.4701146085854058,2.4652876635186094,2.295312676184139,2.1525968346514213,2.148315870828814,2.130625053012426,2.1152689927071133,2.1061609231886553,2.1069197387334877,2.108784899740477,2.1109530694905354,2.1168769583522957,2.125679965982765,2.1777430302656255,2.230754768447545,2.26451384418525,2.2798311010271237,2.2630026786785904,2.2505656024254606,2.243445502208284,2.2241230423099663,2.215339912627258,2.206847674554438,2.1979087724001816,2.185990768160228,2.182086868040155,2.1776286760196615,2.1715661079642317,2.197501562328329,2.225654879573158,2.249238401020556,2.290473086903639,2.3424096369190264,2.385704978096981,2.5496563506595398,2.5373258572599164,2.501429311793667,2.380500164762917,2.322547984278143,2.3188253892314914,2.195277042683814,2.380500164762917,2.195277042683814,2.1061609231886553,2.197501562328329,2.385704978096981,2.2387749776952983,2.400794585809927,"rgba(38, 166, 154, 0.5)",0.2647914698824717,2.3089346358968967,0.8348658822024116,55.973367937071885,9.34367511509847,False,True,True,False,True,10.773960084034762,0.0,0.0,0.0,0.0,1,1.0820919429761335,0.8768620855358003,False,False,False,False,0.2670614496322897,0.2670344499053336,False,False,False,False,31826917,27974688.605792947,False,False,False,False,2664880.155979577,False,False,False,False
2025-09-15 00:00:00+00:00,2.55,2.59,2.5,2.53,1506661,2.555668171300322,2.550571851158399,2.4711411011991435,2.4663635238234543,2.29743460643553,2.1548249840499385,2.1505033021046938,2.132679183716079,2.117224298673111,2.1079058484909248,2.108589518968072,2.1104107564130667,2.1125264191750714,2.118363274712204,2.127073354197024,2.178825483416741,2.2316021539142117,2.2651930090648675,2.2803971947133483,2.263547388163013,2.2511015783999526,2.24397811610077,2.224640049145716,2.2158308153398316,2.207340990945373,2.198396526475015,2.18647926305902,2.1825751148013537,2.1781157924251886,2.1720261894231006,2.1979079460331388,2.2260158451357035,2.2495628169216575,2.2907388008443035,2.342606603068679,2.3858534366082007,2.549073214304362,2.5388494606655447,2.5020812783561883,2.3822874704584147,2.3246404949599384,2.320932157940294,2.197540031757089,2.3822874704584147,2.197540031757089,2.1079058484909248,2.1979079460331388,2.3858534366082007,2.240042271184461,2.402200586920262,"rgba(38, 166, 154, 0.5)",0.2676575060418408,2.310426179572447,0.8950760394147226,55.95229336825815,9.34367511509847,False,True,True,False,True,11.33016298496349,0.0,0.0,0.0,0.0,1,1.0598276962348439,0.89031589023612,False,False,False,False,0.25107530308704196,0.25905487649618775,False,False,False,False,33333578,28184841.13105597,False,False,False,False,2619459.7969215545,False,False,False,False
2025-09-16 00:00:00+00:00,2.59,2.61,2.53,2.55,1566045,2.556637260423717,2.551088478613748,2.4725916559061494,2.4678587018165987,2.2998634810422707,2.157289685937427,2.1529218894557385,2.1349460591361207,2.119378644613798,2.1098279698447757,2.110429663480875,2.112203282844918,2.114261960983101,2.12000476650773,2.1286147733955554,2.1800351023939064,2.232561543186023,2.2659703572805343,2.2810490685803195,2.264171113326407,2.2517129644624605,2.2445844157732795,2.2252255790070565,2.216385656904709,2.207897434693777,2.198945607895374,2.187027784855136,2.18312292293175,2.178661850329002,2.1725414082288497,2.198365594186909,2.226425201025514,2.2499332435064443,2.291046710520409,2.342840969556307,2.3860361892265,2.5537244549148195,2.5443315979055785,2.5031820899807595,2.384436613581459,2.3270628043621904,2.323366649994054,2.2000610097442483,2.384436613581459,2.2000610097442483,2.1098279698447757,2.198365594186909,2.3860361892265,2.2415852729384858,2.4051664600690157,"rgba(38, 166, 154, 1.0)",0.27129698497044097,2.312705730897247,1.0221059741337168,57.103755767352595,9.34367511509847,False,True,True,False,True,12.435898444388528,0.0,0.0,0.0,0.0,1,1.0595900206578739,0.8907516287938982,False,False,False,False,0.2777929704300744,0.26842392346313104,False,False,False,False,34899623,28448165.91023025,False,False,False,False,2578149.4127285527,False,False,False,False
2025-09-17 00:00:00+00:00,2.58,2.6891,2.555,2.6,1139363,2.5583068925495467,2.5518970617709913,2.473932767477589,2.469227597321305,2.301801455664853,2.1591976061154443,2.154793311715631,2.1366968965392927,2.1210400104763223,2.1113098125268346,2.1118488371901525,2.113586272376517,2.115601606058203,2.121273173258551,2.129807639509984,2.1809797701200986,2.233319513410407,2.2665903268594016,2.2815716653698046,2.264668732209876,2.2521991289961494,2.2450656708102805,2.225688265597104,2.2168233071320103,2.208335563054514,2.1993771772600303,2.1874579372861604,2.1835522098016793,2.17908942631844,2.172944457589484,2.1987254073962244,2.2267490428736694,2.2502280391959424,2.291294866953684,2.343034020005289,2.3861907708528944,2.5596571525997236,2.550409079518254,2.504296005319329,2.38622087859309,2.3290138899239574,2.325324665042732,2.202025172155036,2.38622087859309,2.202025172155036,2.1113098125268346,2.1987254073962244,2.3861907708528944,2.2428725474260403,2.408135263307446,"rgba(38, 166, 154, 0.5)",0.2738788447865577,2.314795135031398,0.9683291353710953,57.44875167333743,9.34367511509847,False,True,True,False,True,12.050241273467549,0.0,0.0,0.0,0.0,1,1.0616619359890382,0.8797885876480378,False,False,False,False,0.33473575233081015,0.3015798378969706,False,False,False,False,33760260,28656483.325515337,False,False,False,False,2521726.4161509625,False,False,False,False
2025-09-18 00:00:00+00:00,2.67,2.71,2.5602,2.58,1997293,2.563071196667918,2.5542003404044156,2.476881013602837,2.472215188239022,2.305562508967324,2.162788529059923,2.1583139917440826,2.1399844815469167,2.124154555753702,2.1140870452510137,2.1145097202542398,2.1161804184161968,2.118115721071527,2.123656362712646,2.1320525265864405,2.18277489987562,2.234777338188873,2.267794290389638,2.2825918756088095,2.2656355141328097,2.2531405187203477,2.245995860521071,2.2265784812726612,2.21766380949814,2.209175427224015,2.2002029581618285,2.1882790641326118,2.1843710747443184,2.1799043512238443,2.1737118873363466,2.1994141271686445,2.2273728961675077,2.250799411360214,2.291781983748344,2.34342108101358,2.3865084136677375,2.573651982350767,2.564210565358175,2.506900170031785,2.3898148037362357,2.3328349537123425,2.3291538948284267,2.2057469593034353,2.3898148037362357,2.2057469593034353,2.1140870452510137,2.1994141271686445,2.3865084136677375,2.2454673759236976,2.414616189903024,"rgba(38, 166, 154, 1.0)",0.27729172851475503,2.319204974815865,1.2650756914498757,60.112842284930494,6.584264243630848,False,True,True,False,True,14.50086824919983,0.0,0.0,0.0,0.0,1,1.0584864802713525,0.8783128605101277,False,False,False,False,0.34282814347209317,0.32220399068453187,False,False,False,False,35757553,28934956.646083366,False,False,False,False,2501160.3998313174,False,False,False,False
2025-09-19 00:00:00+00:00,2.62,2.71,2.62,2.69,2214884,2.567972227720356,2.5567128235753263,2.4800956530698044,2.475472665558568,2.309677566765448,2.1667357687327016,2.162185483393571,2.143604202461362,2.1275868577095975,2.117152023207828,2.1174476223122767,2.119045348565182,2.120893102490323,2.1262903794636654,2.13453494403753,2.1847633868524645,2.2363947313610097,2.2691319636917684,2.2837266747356177,2.266711055746292,2.2541878477049155,2.2470307305187456,2.2275689293494145,2.21859911094984,2.2101099589568514,2.2011218176823277,2.189192684225765,2.1852821620079346,2.1808110422116815,2.1745658783940254,2.200180965632956,2.2280679223681097,2.251436319816045,2.2923255666413542,2.343853767905195,2.386864167472782,2.585201016073,2.5759728205874204,2.509743818118984,2.3937352776349003,2.3370092303831176,2.33333758551085,2.2098320719218787,2.3937352776349003,2.2098320719218787,2.117152023207828,2.200180965632956,2.386864167472782,2.2483067240725347,2.4206902600328783,"rgba(38, 166, 154, 1.0)",0.27940883539590394,2.323665883065864,1.0605753268834541,59.78752712044199,6.584264243630848,False,True,True,False,True,12.568314638994572,0.0,0.0,0.0,0.0,1,1.0678996997111874,0.8881089455463537,False,False,False,False,0.34282814822794133,0.3325160694562366,False,False,False,False,33542669,29115651.248197746,False,False,False,False,2489933.874347736,False,False,False,False
2025-09-22 00:00:00+00:00,2.59,2.64,2.58,2.6,1603880,2.569359277461689,2.557581717024432,2.4817307788127625,2.477146915308821,2.3121963097056533,2.169282233894509,2.1646865560369344,2.1459548542943057,2.1298249394307707,2.1191572215847443,2.119370354288412,2.120920168549352,2.122710473854421,2.1280128688480304,2.136156348716441,2.186049410999547,2.2374268403471453,2.2699768197452883,2.284439916355185,2.2673917758584716,2.254853802150047,2.247690413127587,2.228204348493539,2.219200882843454,2.2107126882177686,2.201715926418196,2.1897852451085145,2.18587366294393,2.18140034356258,2.175121862994953,2.2006771939333087,2.228514283502179,2.2518424084594337,2.2926669430564575,2.3441186861529912,2.38707560171862,2.586991125202673,2.5784439309817895,2.5110714568131653,2.3959975821610913,2.339523476659114,2.335863153428235,2.212434977144393,2.3959975821610913,2.212434977144393,2.1191572215847443,2.2006771939333087,2.38707560171862,2.2499687890558455,2.4229036717700656,"rgba(38, 166, 154, 0.5)",0.280657336516505,2.325776504772984,0.9414451747691163,58.39226860242857,6.584264243630848,False,True,True,False,False,11.425771149566891,0.0,0.0,0.0,0.0,1,1.0582249966592217,0.8978676288108736,False,False,False,False,0.28546654095819085,0.30899130520721374,False,False,False,False,31938789,29226362.532582145,False,False,False,False,2455186.6635890016,False,False,False,False
