date,Close,High,Low,Open,Volume,aVWAP_peak_188,aVWAP_peak_175,aVWAP_peak_149,aVWAP_peak_143,aVWAP_peak_113,aVWAP_valley_182,aVWAP_valley_176,aVWAP_valley_171,aVWAP_valley_165,aVWAP_valley_136,aVWAP_valley_126,aVWAP_valley_110,aVWAP_valley_105,aVWAP_valley_95,aVWAP_valley_91,aVWAP_valley_84,aVWAP_valley_71,aVWAP_valley_60,aVWAP_valley_45,aVWAP_OB_bull_71,aVWAP_OB_bull_45,aVWAP_OB_bear_188,aVWAP_OB_bear_149,aVWAP_OB_bear_113,Peaks_avg,Valleys_avg,color,StDev,StDev_Mean,StdDev_ZScore,QQEMOD,QQE1_Value,QQE1_Above_Upper,QQE1_Below_Lower,QQE2_Above_Threshold,QQE2_Below_Threshold,QQE2_Above_TL,banker_RSI,OB,OB_High,OB_Low,OB_Mitigated_Index,TTM_squeeze_Active,VI_plus,VI_minus,VI_Regular_Bullish,VI_Regular_Bearish,VI_Hidden_Bullish,VI_Hidden_Bearish,Fisher,Fisher_Signal,Fisher_Regular_Bullish,Fisher_Regular_Bearish,Fisher_Hidden_Bullish,Fisher_Hidden_Bearish,OBV,OBV_Smoothed,OBV_Regular_Bullish,OBV_Regular_Bearish,OBV_Hidden_Bullish,OBV_Hidden_Bearish,Volume_MA,Vol_Regular_Bullish,Vol_Regular_Bearish,Vol_Hidden_Bullish,Vol_Hidden_Bearish
2021-12-31 00:00:00+00:00,67.36,70.66,66.73,68.16,234779,,,,,,,,,,,,,,,,,,,,,,,,,,,#000000,,,,,,False,False,False,False,False,,0.0,0.0,0.0,0.0,0,,,False,False,False,False,,,False,False,False,False,0,0.0,False,False,False,False,234779.0,False,False,False,False
2022-01-07 00:00:00+00:00,53.21,68.0346,52.36,67.33,689926,,,,,,,,,,,,,,,,,,,,,,,,,,,#000000,,,,0.0,,False,False,False,True,False,,0.0,0.0,0.0,0.0,0,,,False,False,False,False,,,False,False,False,False,-689926,-51105.62962962963,False,False,False,False,268493.5925925926,False,False,False,False
2022-01-14 00:00:00+00:00,55.87,56.68,48.335,52.35,754504,,,,,,,,,,,,,,,,,,,,,,,,,,,#000000,,,,4.7899159663865465,-61.97478991596637,False,False,False,True,True,,0.0,0.0,0.0,0.0,0,,,False,False,False,False,,,False,False,False,False,64578,-42536.47187928669,False,False,False,False,304494.3635116598,False,False,False,False
2022-01-21 00:00:00+00:00,52.45,56.13,51.5701,54.2,595988,,,,,,,,,,,,,,,,,,,,,,,,,,,#000000,,,,7.3126278427986975,-59.32809031588374,False,False,False,True,True,,0.0,0.0,0.0,0.0,0,,,False,False,False,False,,,False,False,False,False,-531410,-78749.32581415435,False,False,False,False,326086.4847330183,False,False,False,False
2022-01-28 00:00:00+00:00,53.82,54.38,48.44,51.02,716621,,,,,,,,,,,,,,,,,,,,,,,,,,,#000000,,,,10.953800814843708,-55.53110466858282,False,False,False,True,True,,0.0,0.0,0.0,0.0,0,,,False,False,False,False,,,False,False,False,False,185211,-59196.70908717996,False,False,False,False,355014.9673453873,False,False,False,False
2022-02-04 00:00:00+00:00,53.53,57.99,51.03,54.09,408069,,,,,,,,,,,,,,,,,,,,,,,,,,,#000000,,,,13.45939344122602,-52.785665911284454,False,False,False,True,True,,0.0,0.0,0.0,0.0,0,,,False,False,False,False,,,False,False,False,False,-222858,-71319.76767331478,False,False,False,False,358944.89569017343,False,False,False,False
2022-02-11 00:00:00+00:00,54.49,56.78,53.0,53.68,370052,,,,,,,,,,,,,,,,,,,,,,,,,,,#000000,,,,16.525931805257436,-49.44936761767042,False,False,False,True,True,,0.0,0.0,0.0,0.0,0,,,False,False,False,False,,,False,False,False,False,147194,-55133.56266047666,False,False,False,False,359767.644157568,False,False,False,False
2022-02-18 00:00:00+00:00,49.58,57.24,49.25,54.6,358275,,,,,,,,,,,,,,,,,,,,,,,,,,,#000000,,,,17.10060598825692,-48.44997192948378,False,False,False,True,True,,0.0,0.0,0.0,0.0,0,,,False,False,False,False,,,False,False,False,False,-211081,-66685.22468562654,False,False,False,False,359657.0779236741,False,False,False,False
2022-02-25 00:00:00+00:00,51.27,51.44,45.35,49.1935,432260,,,,,,,,,,,,,,,,,,,,,,,,,,,#000000,,,,19.358240963153868,-45.74764618490289,False,False,False,True,True,,0.0,0.0,0.0,0.0,0,,,False,False,False,False,,,False,False,False,False,221179,-45361.94878298754,False,False,False,False,365035.0721515501,False,False,False,False
2022-03-04 00:00:00+00:00,43.43,53.3601,42.8571,50.97,567433,,,,,,,,,,,,,,,,,,,,,,,,,,,#000000,,,,18.9500966471309,-45.601615035980714,False,False,False,True,True,,0.0,0.0,0.0,0.0,0,,,False,False,False,False,-0.34282825441539394,-0.34282825441539394,False,False,False,False,-346254,-67650.24887313662,False,False,False,False,380027.51125143527,False,False,False,False
2022-03-11 00:00:00+00:00,40.71,46.05,39.71,43.33,515751,,,,,,,,,,,,,,,,,,,,,,,,,,,#000000,,,,18.171150549308365,-45.601615035980714,False,False,False,True,True,,0.0,0.0,0.0,0.0,0,,,False,False,False,False,-0.34282825441539394,-0.34282825441539394,False,False,False,False,-862005,-126491.34154920056,False,False,False,False,390081.1030105882,False,False,False,False
2022-03-18 00:00:00+00:00,49.05,49.85,38.31,40.52,359836,,,,,,,,,,,,,,,,,,,,,,,,,,,#000000,,45.736666666666665,,23.314851533157004,-40.2249264787832,False,False,False,True,True,,0.0,0.0,0.0,0.0,0,,,False,False,False,False,-0.27046230073401034,-0.30664527757470217,False,False,False,False,-502169,-154319.31624925978,False,False,False,False,387840.7250098039,False,False,False,False
2022-03-25 00:00:00+00:00,48.87,51.68,47.51,49.01,242287,,,,,,,,,,,,,,,,,,,,,,,,,,,#000000,,47.1919695145344,,26.93232013513516,-36.28528089665725,False,False,False,True,True,,0.0,0.0,0.0,0.0,0,,,False,False,False,False,0.03903730006381926,-0.13380398875544144,False,False,False,False,-744456,-198033.14467524053,False,False,False,False,377058.96760167024,False,False,False,False
2022-04-01 00:00:00+00:00,50.91,52.84,48.37,48.54,231023,,,,,,,,,,,,,,,,,,,,,,,,,,,#000000,,48.16655965861125,,30.656864194327092,-32.31123107415496,False,False,False,True,True,,0.0,0.0,0.0,0.0,0,,,False,False,False,False,0.09480423992124119,-0.019499874417100126,False,False,False,False,-513433,-221396.096921519,False,False,False,False,366241.48852006503,False,False,False,False
2022-04-08 00:00:00+00:00,49.05,52.12,47.36,51.1,244068,,,,,,,,,,,,,,,,,,,,,,,,,,,#000000,,48.47094745643236,,32.66158251120123,-30.02249145163035,False,False,False,True,True,,0.0,0.0,0.0,0.0,0,,,False,False,False,False,0.04702046426347201,0.013760294923185944,False,False,False,False,-757501,-261107.5712236287,False,False,False,False,357191.6004815417,False,False,False,False
2022-04-15 00:00:00+00:00,48.89,51.19,47.6843,48.06,170946,,,,,,,,,,,,,,,,,,,,,,,,,,,#000000,,48.57829808352562,,34.036863286209055,-28.306778876197882,False,False,False,True,True,,0.0,0.0,0.0,0.0,0,,,False,False,False,False,0.030352278550948717,0.022056286737067332,False,False,False,False,-928447,-310540.12150335993,False,False,False,False,343395.6300755016,False,False,False,False
2022-04-22 00:00:00+00:00,45.48,50.06,44.8583,48.89,237635,,,,,,,,,,,,,,,,,,,,,,,,,,,#000000,,48.293790109739234,,33.870280506392554,-28.02895914579787,False,False,False,True,True,,0.0,0.0,0.0,0.0,0,,,False,False,False,False,-0.038437735011730326,-0.008190724137331497,False,False,False,False,-1166082,-373913.59398459253,False,False,False,False,335561.5093291682,False,False,False,False
2022-04-29 00:00:00+00:00,42.88,46.18,42.82,44.95,214098,,,,,,,,,,,,,,,,,,,,,,,,,,,#000000,,47.74795822801788,,32.980948902669425,-28.02895914579787,False,False,False,True,True,,0.0,0.0,0.0,0.0,0,,,False,False,False,False,-0.19398955654018582,-0.10109014033875866,False,False,False,False,-1380180,-448451.8462820301,False,False,False,False,326564.2123418224,False,False,False,False
2022-05-06 00:00:00+00:00,40.37,47.24,38.43,42.76,239953,,,,,,,,,,,,,,,,,,,,,,,,,,,#000000,,47.038602718686604,,31.66950229443995,-28.02895914579787,False,False,False,True,True,,0.0,0.0,0.0,0.0,0,,,False,False,False,False,-0.34282825441539394,-0.2219591973770763,False,False,False,False,-1620133,-535243.0428537315,False,False,False,False,320148.5669831689,False,False,False,False
2022-05-13 00:00:00+00:00,32.68,39.82,28.72,38.99,701524,,,,,,,,,,,,,,,,,,,,,,,,,,,#000000,,38.623307012920066,,29.09701098587574,-28.02895914579787,False,False,False,True,True,,0.0,0.0,0.0,0.0,0,,,False,False,False,False,-0.34282825441539394,-0.2823937258962351,False,False,False,False,-2321657,-667570.002642344,False,False,False,False,348398.5990584897,False,False,False,False
2022-05-20 00:00:00+00:00,35.35,35.38,30.48,32.33,520273,,,,,,,,,,,,,,,,,,,,,,,,,,,#000000,,37.81873680649322,,28.8013643727664,-28.02895914579787,False,False,False,True,True,,0.0,0.0,0.0,0.0,1,,,False,False,False,False,-0.34282825441539394,-0.3126109901558145,False,False,False,False,-1801384,-751556.2246688369,False,False,False,False,361130.0361652683,False,False,False,False
2022-05-27 00:00:00+00:00,34.74,36.74,32.52,35.37,262746,,,,,,,,,,,,,,,,,,,,,,,,,,,#000000,,37.62341017992344,,28.45553453529927,-28.02895914579787,False,False,False,True,True,,0.0,0.0,0.0,0.0,0,,,False,False,False,False,-0.27311451360946387,-0.2928627518826392,False,False,False,False,-2064130,-848783.9117304046,False,False,False,False,353842.3297826558,False,False,False,False
2022-06-03 00:00:00+00:00,33.11,35.54,31.95,34.92,280684,,,,,,,,,,,,,,,,,,,,,,,,,,,#000000,,37.29817871599579,,27.84686342768462,-28.02895914579787,False,False,False,True,True,,0.0,0.0,0.0,0.0,0,,,False,False,False,False,-0.30904405165072507,-0.30095340176668217,False,False,False,False,-2344814,-959600.9553059302,False,False,False,False,348423.19424319983,False,False,False,False
2022-06-10 00:00:00+00:00,31.1,34.67,30.49,33.68,305662,,,,,,,,,,,,,,,,,,,,,,,,,,,#000000,,36.83827461256748,,26.982257337463917,-28.02895914579787,False,False,False,True,False,,0.0,0.0,0.0,0.0,0,,,False,False,False,False,-0.34282825441539394,-0.3218908280910381,False,False,False,False,-2650476,-1084850.958616602,False,False,False,False,345255.69837333314,False,False,False,False
2022-06-17 00:00:00+00:00,25.7,29.75,25.09,29.6,474473,,,,,,,,,,,,,,,,,,,,,,,,,,,#000000,,32.62201450864287,,25.362900818706002,-28.02895914579787,False,False,False,True,False,,0.0,0.0,0.0,0.0,0,,,False,False,False,False,-0.34282825441539394,-0.332359541253216,False,False,False,False,-3124949,-1235969.3320524092,False,False,False,False,354827.35034567886,False,False,False,False
2022-06-24 00:00:00+00:00,32.67,33.0461,26.06,26.13,318348,,,,,,,,,,,,,,,,,,,,,,,,,,,#000000,,32.880056421099574,,27.880371215585335,-28.02895914579787,False,False,False,True,False,,0.0,0.0,0.0,0.0,0,,,False,False,False,False,-0.26583694474500774,-0.29909824299911186,False,False,False,True,-2806601,-1352312.4185670456,False,False,False,False,352125.17624599894,False,False,False,False
2022-07-01 00:00:00+00:00,28.38,33.09,27.43,33.09,236260,,,,,,,,,,,,,,,,,,,,,,,,,,,#000000,,32.78150815508343,,28.72862647182102,-28.02895914579787,False,False,False,True,False,,0.0,0.0,0.0,0.0,0,0.7636179197433297,1.2082497817830098,False,False,False,False,-0.2239268396161825,-0.2615125413076472,False,False,False,False,-3042861,-1477538.239413931,False,False,False,False,343542.57059814717,False,False,False,False
2022-07-08 00:00:00+00:00,30.49,31.68,26.76,27.24,264703,,,,,,,,,,,,,,,,,,,,,,,,,,,#000000,,32.654311822444804,,30.298063876814844,-27.085885049141922,False,False,False,True,True,,0.0,0.0,0.0,0.0,0,0.8338805577280806,1.2146996185172172,False,False,False,False,-0.2585429596440422,-0.2600277504758447,False,False,False,False,-2778158,-1573880.443901788,False,False,False,False,337702.6024056918,False,False,False,False
2022-07-15 00:00:00+00:00,26.85,30.0,26.2504,30.0,219421,,,,,,,,,,,,,,,,,,,,,,,,,,,#000000,,32.38807146770812,,30.61060231788922,-26.46800520338708,False,False,False,True,True,,0.0,0.0,0.0,0.0,0,0.849029063453483,1.1546904897347054,False,False,False,False,-0.27195854805480735,-0.265993149265326,True,False,False,False,-2997579,-1679339.5962053593,False,False,False,False,328941.00222749246,False,False,False,False
2022-07-22 00:00:00+00:00,29.95,31.38,26.14,27.32,189230,,,,,,,,,,,,,,,,,,,,,,,,,,,#000000,,32.2799843424231,,32.209091140244574,-24.612553483025863,False,False,False,True,True,,0.0,0.0,0.0,0.0,0,0.8281582559994749,1.1415919179333243,False,False,False,False,-0.21038714707617664,-0.23819014817075135,False,False,False,False,-2808349,-1762969.9224123699,False,False,False,False,318592.03909953,False,False,False,False
2022-07-29 00:00:00+00:00,31.49,31.7499,28.44,29.92,168688,,,,,,,,,,,,,,,,,,,,,,,,,,,#000000,,32.264107159189415,,34.00699978725681,-22.609642549122768,False,False,False,True,True,,0.0,0.0,0.0,0.0,0,0.8607492176554541,1.1301513623924686,False,False,False,False,-0.08534293600712305,-0.1617665420889372,False,False,False,False,-2639661,-1827910.002233676,False,False,False,False,307488.03620326857,False,False,False,False
2022-08-05 00:00:00+00:00,35.18,35.45,30.63,31.22,405779,,,,,,,,,,,,,,,,,,,,,,,,,,,#000000,,32.567091002015395,,36.77766843693575,-19.730154928816404,False,False,False,True,True,,0.0,0.0,0.0,0.0,0,0.8561146302272155,1.1314024673651781,False,False,False,False,0.26228847649452175,0.05026096720279227,False,False,False,False,-2233882,-1857982.0020682183,False,False,False,False,314768.8483363598,False,False,False,False
2022-08-12 00:00:00+00:00,36.45,40.555,34.44,35.67,394341,,,,,,,,,,,,,,,,,,,,,,,,,,,#000000,,34.1123174361612,,39.243305631975176,-17.214358003404193,False,False,False,True,True,,0.0,0.0,0.0,0.0,0,0.8703421580871054,1.0881058708913895,False,False,False,False,0.34282824706577736,0.19654460713428482,False,False,False,False,-1839541,-1856616.0019150171,False,False,False,False,320663.0817929257,False,False,False,False
2022-08-19 00:00:00+00:00,31.44,36.505,31.31,35.97,222156,,,,,,,,,,,,,,,,,,,,,,,,,,,#000000,,33.77402154444449,,39.53367604792517,-16.800562681707,False,False,False,True,True,,0.0,0.0,0.0,0.0,0,0.872057863679352,1.119783410813475,False,False,False,False,0.09516843643641,0.14585652178534741,False,False,False,False,-2061697,-1871807.1869583493,False,False,False,False,313366.2609193757,False,False,False,False
2022-08-26 00:00:00+00:00,29.39,32.48,29.25,30.65,438489,,,,,,,,,,,,,,,,,,,,,,,,,,,#000000,,33.07744011495783,,39.196443521705135,-16.800562681707,False,False,False,True,True,,0.0,0.0,0.0,0.0,0,0.8820661841587116,1.110057982428744,False,False,False,False,-0.1379306137604835,0.003962954012431963,True,False,False,False,-2500186,-1918353.7657021752,False,False,False,False,322634.61196238495,False,False,False,False
2022-09-02 00:00:00+00:00,29.59,31.57,28.63,29.0,455993,,,,,,,,,,,,,,,,,,,,,,,,,,,#000000,,32.65223073467128,,39.042308177938814,-16.800562681707,False,False,False,True,True,,0.0,0.0,0.0,0.0,0,0.8890869792374914,1.1362703348768635,False,False,False,False,-0.1933063597733095,-0.09467170288043877,False,False,False,False,-2044193,-1927675.1904649772,False,False,False,False,332513.01107628236,False,False,False,False
2022-09-09 00:00:00+00:00,31.55,32.08,28.97,29.94,249925,,,,,,,,,,,,,,,,,,,,,,,,,,,#000000,,32.552183968996424,,39.79398444126279,-15.921922737273896,False,False,False,True,True,,0.0,0.0,0.0,0.0,0,0.9120101397141244,1.0822020176858886,False,False,False,False,-0.1624186929819208,-0.1285451979311798,False,False,False,False,-1794268,-1917793.1763564602,False,False,False,False,326395.38062618737,False,False,False,False
2022-09-16 00:00:00+00:00,28.7,32.125,28.39,31.79,338633,,,,,,,,,,,,,,,,,,,,,,,,,,,#000000,,32.34837441744625,,39.4837066678353,-15.921922737273896,False,False,False,True,True,,0.0,0.0,0.0,0.0,1,0.9130455054084298,1.1163667163993534,False,False,False,False,-0.18182026707525825,-0.155182732503219,False,False,False,False,-2132901,-1933727.0892189448,False,False,False,False,327301.87095017347,False,False,False,False
2022-09-23 00:00:00+00:00,26.2,28.65,25.485,28.4,388949,,,,,,,,,,,,,,,,,,,,,,,,,,,#000000,,31.9088908801708,,38.568860675879634,-15.921922737273896,False,False,False,True,True,,0.0,0.0,0.0,0.0,1,0.8172359531209632,1.1583772400241126,False,False,False,False,-0.34282825441539394,-0.24900549345930648,False,False,False,False,-2521850,-1977291.7492768005,False,False,False,False,331868.3249538643,False,False,False,False
2022-09-30 00:00:00+00:00,27.01,28.39,26.03,26.03,186215,,,,,,,,,,,,,,,,,,,,,,,,,,,#000000,,31.742836277761487,,38.30309682180807,-15.921922737273896,False,False,False,True,True,,0.0,0.0,0.0,0.0,1,0.8116586930737206,1.172341052195856,False,False,False,False,-0.3327423482302132,-0.2908739208447598,False,False,False,False,-2335635,-2003835.6937748154,False,False,False,False,321079.1897720966,False,False,False,False
2022-10-07 00:00:00+00:00,27.23,29.41,26.645,26.81,134827,,,,,,,,,,,,,,,,,,,,,,,,,,,#000000,,31.64822950671556,,38.22300480682647,-15.921922737273896,False,False,False,True,True,,0.0,0.0,0.0,0.0,1,0.8217636781311678,1.1610476591063512,False,False,False,False,-0.27605735140022636,-0.2834656361224931,False,False,False,False,-2200808,-2018426.234976681,False,False,False,False,307282.7312704598,False,False,False,False
2022-10-14 00:00:00+00:00,26.25,27.23,24.85,27.19,302651,,,,,,,,,,,,,,,,,,,,,,,,,,,#000000,,29.31359011851994,,37.855572426487136,-15.921922737273896,False,False,False,True,True,,0.0,0.0,0.0,0.0,1,0.8028257428636033,1.1727314507564348,False,False,False,False,-0.34282825441539394,-0.3131469452689435,False,False,False,False,-2503459,-2054354.5879413714,False,False,False,False,306939.6400652405,False,False,False,False
2022-10-21 00:00:00+00:00,28.33,29.6777,27.05,27.12,152025,,,,,,,,,,,,,,,,,,,,,,,,,,,#000000,,29.455569216196018,,38.691828232850455,-15.60428611402218,False,False,False,True,True,,0.0,0.0,0.0,0.0,1,0.8349326545640086,1.139008832229063,False,False,False,False,-0.1358837837775346,-0.22451536452323906,False,False,False,False,-2351434,-2076360.4703160846,False,False,False,False,295464.48154188937,False,False,False,False
2022-10-28 00:00:00+00:00,29.63,30.28,26.9,28.33,165949,,,,,,,,,,,,,,,,,,,,,,,,,,,#000000,,29.562588190907313,,39.952926847912224,-14.17974091654073,False,False,False,True,True,,0.0,0.0,0.0,0.0,1,0.8505983107008547,1.1018647881585082,False,False,False,False,0.018810501216580653,-0.1028524316533292,False,False,False,False,-2185485,-2084443.7688111893,False,False,False,False,285870.7421684161,False,False,False,False
2022-11-04 00:00:00+00:00,26.25,30.4,25.29,29.27,424031,,,,,,,,,,,,,,,,,,,,,,,,,,,#000000,,29.38643214514437,,39.640334312858585,-14.17974091654073,False,False,False,True,True,,0.0,0.0,0.0,0.0,1,0.8696264704399809,1.1131156966824807,False,False,False,False,-0.06447045106977033,-0.08366144136154977,True,False,False,False,-2609516,-2123338.0081585087,False,False,False,False,296104.835341126,False,False,False,False
2022-11-11 00:00:00+00:00,30.63,31.165,23.4,26.59,646771,,,,,,,,,,,,,,,,,,,28.398333333333333,,28.398333333333333,,,,,28.398333333333333,#000000,,28.826926621876773,,41.51906936470131,-12.349689355437896,False,False,False,True,True,,1.0,31.165,23.4,0.0,1,0.9391145362498265,1.0495301922089582,False,False,False,False,-0.14823345517075695,-0.11594744826615336,False,False,False,False,-1962745,-2111442.229776397,False,False,False,False,322080.1067973389,False,False,False,False
2022-11-18 00:00:00+00:00,30.16,32.02,29.2,30.0,229627,,,,,,,,,,,,,,,,,,,28.93851522748036,,28.93851522748036,,,,,28.93851522748036,#000000,,29.06069580651083,,42.68083998384637,-11.121108102190732,False,False,False,True,True,,0.0,0.0,0.0,0.0,1,0.9743435781976227,1.0027906985118373,False,False,False,False,0.34282823820844427,0.11344039497114546,False,False,False,False,-2192372,-2117437.027570738,False,False,False,False,315231.7285160546,False,False,False,False
2022-11-25 00:00:00+00:00,30.88,31.45,29.6,30.11,124638,,,,,,,,,,,,,,,,,,,29.150780439797703,,29.150780439797703,,,,,29.150780439797703,#000000,,29.16391634244571,,43.85125457477598,-9.904143228623838,False,False,False,True,True,,0.0,0.0,0.0,0.0,1,0.958698705678146,1.0206046546282745,False,False,False,False,0.32911381394714057,0.221277104459143,False,False,False,False,-2067734,-2113755.3218247574,False,False,False,False,301113.6745519024,False,False,False,False
2022-12-02 00:00:00+00:00,32.87,33.31,29.91,30.49,370856,,,,,,,,,,,,,,,,,,,29.929103988020437,,29.929103988020437,,,,,29.929103988020437,#000000,,29.57612508066726,,45.613634612942874,-8.1438251979719,False,False,False,True,True,,0.0,0.0,0.0,0.0,1,0.9667352540882925,0.9924440189341829,False,False,False,False,0.34282824111813004,0.28205267278863655,False,False,False,False,-1696878,-2082875.5202081087,False,False,False,False,306279.772733243,False,False,False,False
2022-12-09 00:00:00+00:00,32.22,32.75,29.85,32.75,170625,,,,,,,,,,,,,,,,,,,30.114667020417496,,30.114667020417496,,,,,30.114667020417496,#000000,,29.69303647991308,,46.5741527722719,-7.178703790439279,False,False,False,False,True,0.0,0.0,0.0,0.0,0.0,1,0.97829798450681,0.9883572878255419,False,False,False,False,0.3021374954458411,0.29209508411723883,False,False,False,False,-1867503,-2066922.0001926932,False,False,False,False,296231.27104929904,False,False,False,False
2022-12-16 00:00:00+00:00,33.75,35.15,31.87,32.16,439480,,,,,,,,,,,,,,,,,,,30.885273301792754,,30.885273301792754,,,,,30.885273301792754,#000000,,31.06662704001165,,47.989338119714716,-5.7787486459864965,False,False,False,False,True,0.0,0.0,0.0,0.0,0.0,1,1.0474036468313623,0.9309971108624119,False,False,False,False,0.34282824450029875,0.31746166430876877,False,False,False,False,-1428023,-2019596.1483265678,False,False,False,False,306842.28800861025,False,False,False,False
2022-12-23 00:00:00+00:00,31.94,33.99,31.6001,33.82,103825,,,,,,,,,,,,,,,,,,,30.96614823276707,,30.96614823276707,,,,,30.96614823276707,#000000,,31.06922421461739,,48.12257130028745,-5.605585923426503,False,False,False,False,True,0.0,0.0,0.0,0.0,0.0,1,1.0409331732163154,0.9758831266158426,False,False,False,False,0.2599283270015942,0.2886949956551815,False,False,True,False,-1531848,-1983466.6558579332,False,False,False,False,291803.97037834284,False,False,False,False
2022-12-30 00:00:00+00:00,33.14,33.79,30.395,31.76,151068,,,,,,,,,,,,,,,,,,,31.065797128677165,,31.065797128677165,,,,,31.065797128677165,#000000,,31.08783047376096,,48.816013644723775,-4.86124269499701,False,False,False,False,True,0.0,0.0,0.0,0.0,0.0,1,1.0154498260483042,0.9778261632795107,False,False,False,False,0.1817462042942782,0.23522059997472983,False,False,False,False,-1380780,-1938823.1998684567,False,False,False,False,281379.0836836508,False,False,False,False
2023-01-06 00:00:00+00:00,32.29,34.69,31.08,33.82,101720,,,,,,,,,,,,,,,,,,,31.136298344957048,,31.136298344957048,,,,,31.136298344957048,#000000,,31.120900197436097,,48.87936151436729,-4.70493104235922,False,False,False,False,True,0.0,0.0,0.0,0.0,0.0,1,1.0297600156500224,0.9534869685469934,False,False,False,False,0.27014691193137913,0.2526837559530545,False,False,False,False,-1482500,-1905021.481359682,False,False,False,False,268071.0034107878,False,False,False,False
2023-01-13 00:00:00+00:00,35.21,36.0,32.61,32.77,153512,,,,,,,,,,,,,,,,,,,31.350069252562005,,31.350069252562005,,,,,31.350069252562005,#000000,,31.3111628005401,,50.368564010209276,-3.169989340454748,False,False,False,False,True,0.0,0.0,0.0,0.0,0.0,0,1.0530445473331764,0.9237228282194145,False,False,False,False,0.3428282438684718,0.2977559999107632,False,False,False,False,-1328988,-1862352.3345922981,False,False,False,False,259585.151306285,False,False,False,False
2023-01-20 00:00:00+00:00,35.57,36.405,33.75,35.07,115805,,,,,,,,,,,,,,,,,,,31.522875638070644,,31.522875638070644,,,,,31.522875638070644,#000000,,31.46759842908588,,51.601880844426454,-1.9138105448631038,False,False,False,False,True,0.0,0.0,0.0,0.0,0.0,0,1.0679661244790966,0.932087646189004,False,False,False,False,0.34282823814614416,0.32029211902845367,False,False,False,False,-1213183,-1814265.717215091,False,False,False,False,248934.76972804166,False,False,False,False
2023-01-27 00:00:00+00:00,36.78,37.34,34.5,35.19,229629,,,,,,,,,,,,,,,,,,,31.901911065073836,,31.901911065073836,,,,,31.901911065073836,#000000,,31.815801466821224,,53.058865938425015,-0.46406795605761886,False,False,False,False,True,0.0,0.0,0.0,0.0,0.0,0,1.051557757659083,0.9256346900481638,False,False,False,False,0.3428282406868007,0.3315601798576272,False,False,False,False,-983554,-1752731.515939899,False,False,False,False,247504.71271114968,False,False,False,False
2023-02-03 00:00:00+00:00,40.28,40.68,36.14,36.14,346110,,,,,,,,,,,,,,,,,,,32.6771985987747,,32.6771985987747,,,,,32.6771985987747,#000000,,34.54079838066752,,55.59868913751605,1.9863594608959687,False,False,True,False,True,0.0,0.0,0.0,0.0,0.0,0,1.0457514072352274,0.9293129916650044,False,False,False,False,0.34282824399826867,0.33719421192794796,False,False,False,False,-637444,-1670117.625870277,False,False,False,False,254808.80806587933,False,False,False,False
2023-02-10 00:00:00+00:00,37.41,40.66,37.2,39.94,407643,,,,,,,,,,,,,,,,,,,33.329431977077626,,33.329431977077626,,,,,33.329431977077626,#000000,,34.94251917269627,,55.70978788595036,2.0793815020234874,False,False,True,False,True,0.0,0.0,0.0,0.0,0.0,0,1.0164094366539933,0.9844277795018229,False,False,False,False,0.3428282447082169,0.3400112283180824,False,False,False,False,-1045087,-1623819.0609909971,False,False,False,False,266129.8593202586,False,False,False,False
2023-02-17 00:00:00+00:00,37.71,40.18,36.64,37.65,243128,,,,,,,,,,,,,,,,,,,33.63677787312714,,33.63677787312714,,,,,33.63677787312714,#000000,,35.12870182558054,,55.92321187963353,2.3240189917692007,False,False,True,False,True,0.0,0.0,0.0,0.0,0.0,0,1.0459468926707882,0.9435330885865189,False,False,False,False,0.28747180575280173,0.31374151703544206,False,False,False,False,-801959,-1562940.5379546268,False,False,False,False,264426.01788912836,False,False,False,False
2023-02-24 00:00:00+00:00,34.39,37.29,34.26,37.13,96980,,,,,,,,,,,,,,,,,,35.31333333333333,33.67813506025096,,33.67813506025096,,,,,34.49573419679214,#000000,,35.814083016087544,,54.2653745114188,2.3240189917692007,False,False,True,False,True,0.0,0.0,0.0,0.0,0.0,0,1.0374372075927194,0.9260331534834755,False,False,False,False,0.025464363903905714,0.1696029404696739,False,False,False,False,-898939,-1513755.238846877,False,False,False,False,252022.60915660035,False,False,False,False
2023-03-03 00:00:00+00:00,36.13,36.38,34.46,34.62,135963,,,,,,,,,,,,,,,,,,35.5137284085234,33.74427274416618,,33.74427274416618,,,,,34.629000576344794,#000000,,35.80371023653045,,53.9260622864203,2.3240189917692007,True,False,False,False,True,0.0,0.0,0.0,0.0,0.0,0,1.0464462324651138,0.9244245254456546,False,False,False,False,-0.008808276364979856,0.08039733205234702,False,False,False,False,-762976,-1458141.9618952563,False,False,False,False,243425.60107092626,False,False,False,False
2023-03-10 00:00:00+00:00,35.42,39.68,35.17,36.01,197447,,,,,,,,,,,,,,,,,,36.08394247078231,33.8837363479222,,33.8837363479222,,,,,34.98383940935226,#000000,,35.95271218449031,,53.300575284519475,2.3240189917692007,True,False,False,False,False,0.0,0.0,0.0,0.0,0.0,0,1.049888484563916,0.8941280576449024,False,False,False,False,0.1672238733848279,0.12381060271858746,False,False,False,False,-960423,-1421273.890643756,False,False,False,False,240019.77876937616,False,False,False,False
2023-03-17 00:00:00+00:00,38.44,39.42,35.02,35.02,164813,,,,,,,,,,,,,,,,,,36.51112614239735,34.02299903622717,,34.02299903622717,,,,,35.26706258931226,#000000,,36.11216029024539,,54.27751605457803,2.3240189917692007,True,False,True,False,False,0.0,0.0,0.0,0.0,0.0,0,1.0543340660030072,0.8983336806232398,False,False,False,False,0.0861911727728903,0.10500088774573887,False,False,False,False,-795610,-1374928.417262737,False,False,False,False,234448.90626794088,False,False,False,False
2023-03-24 00:00:00+00:00,38.18,39.76,37.23,38.31,124930,,,,,,,,,,,,,,,,,,36.83707664186106,34.142784093961296,,34.142784093961296,,,,,35.48993036791118,#000000,,36.257894631507696,,54.822448854336656,2.3240189917692007,True,False,True,False,False,0.0,0.0,0.0,0.0,0.0,1,1.113064702588465,0.855042358338903,False,False,False,False,0.26126350125543657,0.1831321945005877,False,False,False,False,-920540,-1341270.0159840155,False,False,False,False,226336.39469253784,False,False,False,False
2023-03-31 00:00:00+00:00,40.74,40.74,37.91,37.91,243803,,,,,,,,,,,,,,,,,,37.58562937442596,34.430055119551284,,34.430055119551284,,,,,36.00784224698862,#000000,,36.64470867887606,,56.34479676751573,2.9083858819310464,True,False,True,False,True,0.0,0.0,0.0,0.0,0.0,0,1.1139839816008514,0.8418823191192125,False,False,False,False,0.34282823544849017,0.26298021497453894,False,False,False,False,-676737,-1292045.3481333477,False,False,False,False,227630.2173079054,False,True,False,False
2023-04-07 00:00:00+00:00,37.97,41.48,36.47,40.33,147404,,,,,,,,,,,,,,,,,,37.72547716870325,34.55552836979238,,34.55552836979238,,,,,36.14050276924782,#000000,,37.76524289924044,,55.80006055253975,2.9083858819310464,True,False,True,False,True,0.0,0.0,0.0,0.0,0.0,1,1.0886709328028779,0.8488376933070152,False,False,False,False,0.2777755509416749,0.27037788295810694,False,False,False,False,-824141,-1257385.766790137,False,False,False,False,221687.53454435684,False,False,False,False
2023-04-14 00:00:00+00:00,38.93,39.45,37.1,37.44,94107,,,,,,,,,,,,,,,,,,37.785422267977495,34.629056850151045,,34.629056850151045,,,,,36.20723955906427,#000000,,37.78280282638216,,55.8543857838283,2.9083858819310464,True,False,True,False,True,0.0,0.0,0.0,0.0,0.0,1,1.1152717542563986,0.8471443943082928,False,False,False,False,0.15373500500230464,0.2120564439802058,False,False,False,False,-730034,-1218322.6729538306,False,False,False,False,212237.12457810817,False,False,False,False
2023-04-21 00:00:00+00:00,37.36,39.38,36.88,39.03,70952,,,,,,,,,,,,,,,,,,37.79030903607205,34.67409603846285,,34.67409603846285,,,,,36.232202537267455,#000000,,37.747873420030515,,54.992151150296294,2.9083858819310464,True,False,True,False,True,0.0,0.0,0.0,0.0,0.0,1,1.0985222765509233,0.88230130326153,False,False,False,False,0.12873463047749006,0.17039553722884793,False,False,False,False,-800986,-1187408.8453276209,False,False,False,False,201771.5597945446,False,False,False,False
2023-04-28 00:00:00+00:00,38.68,38.9,35.77,37.24,128482,,,,,,,,,,,,,,,,,,37.78967108008911,34.750342799228186,,34.750342799228186,,,,,36.27000693965864,#000000,,37.706404778451876,,55.026967465633405,2.9083858819310464,True,False,True,False,True,0.0,0.0,0.0,0.0,0.0,1,1.088139077692266,0.8939888927001083,False,False,False,False,-0.006338121327258395,0.08202870795079477,False,False,False,False,-672504,-1149267.7456737228,False,False,False,False,196342.70351346722,False,False,False,False
2023-05-05 00:00:00+00:00,36.15,38.95,35.61,38.42,124499,,,,,,,,,,,,,,,,,,37.71751885949426,34.800315639186294,,34.800315639186294,,,,,36.25891724934028,#000000,,37.60187135502749,,53.631197479569025,2.9083858819310464,True,False,False,False,False,0.0,0.0,0.0,0.0,0.0,1,1.1063240744200582,0.8926568449944459,False,False,False,False,-0.015635084772134128,0.03319681158933032,False,False,False,False,-797003,-1123174.0608090027,False,False,False,False,191020.94769765483,False,False,False,False
2023-05-12 00:00:00+00:00,29.97,38.2,29.4,36.21,277015,,,,,,,,,,,,,,,,,32.523333333333326,36.92097806773528,34.688495564868205,32.523333333333326,34.688495564868205,,,,,34.71093565531227,#000000,,35.77848895099018,,49.897727025598826,3.1403004195462003,True,False,False,False,False,0.0,1.0,38.2,29.4,164.0,1,1.0567432084423152,0.9108560837784935,False,False,True,False,-0.34282825441539394,-0.15481572141303182,False,False,False,False,-1074018,-1119532.871119447,True,False,False,False,197390.87749782857,False,False,False,False
2023-05-19 00:00:00+00:00,33.5,33.5,29.77,29.77,542875,,,,,,,,,,,,,,,,,32.34676493188111,35.84313769525569,34.475002410501226,32.34676493188111,34.475002410501226,,,,,34.22163501254601,#000000,,34.86939697786761,,49.00833760387411,2.3401352813920937,True,False,False,False,False,0.0,0.0,0.0,0.0,0.0,1,0.9960115178501195,0.9732993278299666,False,False,False,False,-0.34282825441539394,-0.2488219879142129,False,False,False,False,-531143,-1075948.4362217102,False,False,False,False,222982.2939794709,False,False,False,False
2023-05-26 00:00:00+00:00,32.35,33.72,31.34,33.44,209944,,,,,,,,,,,,,,,,,32.37188787707534,35.56642382127221,34.40916550040553,32.37188787707534,34.40916550040553,,,,,34.11582573291769,#000000,,34.6736130422578,,47.9019318489369,1.31048909457553,True,False,False,False,False,0.0,0.0,0.0,0.0,0.0,1,1.0089216972372477,0.9647537886923545,False,False,False,False,-0.25881406856079464,-0.25381802823750377,False,False,False,False,-741087,-1051143.8853904724,False,False,False,False,222016.49442543605,False,False,False,False
2023-06-02 00:00:00+00:00,34.6,35.26,32.41,32.41,124409,,,,,,,,,,,,,,,,,32.55707298203238,35.49797888277651,34.40307364780829,32.55707298203238,34.40307364780829,,,,,34.15270850420573,#000000,8.822416867694892,34.67855842372452,-0.008904410764376142,48.19012156506184,1.31048909457553,True,False,False,False,False,0.0,0.0,0.0,0.0,0.0,1,1.016722056170605,0.9674418244095511,False,False,False,False,-0.14213279561031153,-0.19797541192390766,False,False,False,False,-616678,-1018961.2272134003,False,False,False,False,214786.30965318152,False,False,False,False
2023-06-09 00:00:00+00:00,35.5,36.53,34.2529,34.37,355832,,,,,,,,,,,,,,,,,33.23348788256654,35.48974345979789,34.45611072229531,33.23348788256654,34.45611072229531,,,,,34.39311402155325,#000000,8.087374172684791,34.87282507817957,0.07754988311765328,48.81404946379532,1.31048909457553,True,False,False,False,False,0.0,0.0,0.0,0.0,0.0,1,1.0394486193150732,0.9480777605323985,False,False,False,False,0.007773585219265471,-0.0951009133523211,False,False,False,False,-260846,-962804.5437161115,False,False,False,False,225234.13856776067,False,False,False,False
2023-06-16 00:00:00+00:00,37.79,38.6,35.41,35.41,163101,,,,,,,,,,,,,,,,,33.62664167682699,35.58023928624512,34.52125281993317,33.62664167682699,34.52125281993317,,,,,34.576044594335094,"rgba(38, 166, 154, 0.5)",7.856836639639517,35.05368785616726,0.3482714824472012,50.2866435875105,1.31048909457553,True,False,False,False,True,0.0,0.0,0.0,0.0,0.0,1,1.0298434059485622,0.9517140398135626,False,False,False,False,0.20665758230842932,0.05577833447805411,False,False,False,False,-97745,-898726.0589963995,False,False,False,False,220631.68385903767,False,False,False,False
2023-06-23 00:00:00+00:00,36.91,39.069,35.63,38.39,129505,,,,,,,,,,,,,,,,,33.88356804629697,35.64331004822541,34.56971437933841,33.88356804629697,34.56971437933841,,,,,34.698864157953594,#000000,7.525741284011422,35.174498442800505,0.2306087190223502,50.89200071907112,1.31048909457553,True,False,False,False,True,0.0,0.0,0.0,0.0,0.0,1,1.0349098116246724,0.9342768855485378,False,False,False,False,0.2561470403827202,0.15596268743038716,False,False,False,False,-227250,-848987.0916633329,False,False,False,False,213881.55912873856,False,False,False,False
2023-06-30 00:00:00+00:00,39.43,39.65,36.45,36.95,125446,,,,,,,,,,,,,,,,,34.18456864577213,35.74731989916434,34.63750056502079,34.18456864577213,34.63750056502079,,,,,34.85646303665242,"rgba(38, 166, 154, 0.5)",7.295384355940468,35.33717876451245,0.5610151618886065,52.433964601580584,-1.0440959762046518,True,False,False,False,True,0.0,0.0,0.0,0.0,0.0,1,1.0574062981961025,0.9254880642507675,False,False,False,False,0.3428282428696791,0.24939546515003314,False,False,False,False,-101804,-793640.1959845675,False,False,False,False,207330.77697105423,False,False,False,False
2023-07-07 00:00:00+00:00,37.26,39.67,37.22,39.4,109364,,,,,,,,,,,,,,,,,34.39204884304602,35.8179224823662,34.68792470467381,34.39204884304602,34.68792470467381,,,,,34.96596534336201,#000000,6.99792681525834,35.85581624280333,0.2006571080644878,52.40941933403279,-1.0377542326696556,True,False,False,False,True,0.0,0.0,0.0,0.0,0.0,1,1.0591064937511987,0.9343884272401304,False,False,False,False,0.3428282435393644,0.2961118543446988,False,False,False,False,-211168,-750494.1073931181,False,False,False,False,200073.97867690207,False,False,False,False
2023-07-14 00:00:00+00:00,38.38,39.65,37.16,37.16,189208,,,,,,,,,,,,,,,,,34.732330905943435,35.947823645154074,34.78037212842534,34.732330905943435,34.78037212842534,,,,,35.15350889317428,"rgba(38, 166, 154, 0.5)",6.695136131537569,36.08306049057673,0.34307584854077827,52.899346386012056,-0.49711011150552054,True,False,False,False,True,0.0,0.0,0.0,0.0,0.0,1,1.0454849893849405,0.9522407611458125,False,False,False,False,0.3384840411292705,0.3172979477369846,False,False,False,False,-21960,-696528.6179565908,False,False,False,False,199269.09136750194,False,False,False,False
2023-07-21 00:00:00+00:00,38.56,39.46,37.13,38.25,123666,,,,,,,,,,,,,,,,,34.92443079944321,36.02545496914531,34.83813117538147,34.92443079944321,34.83813117538147,,,,,35.26267231465666,"rgba(38, 166, 154, 0.5)",6.33487455310708,36.190633675264415,0.3740194545089261,53.33288227896145,0.004616676166577349,True,False,False,False,True,0.0,0.0,0.0,0.0,0.0,1,1.0322999996575972,0.9588545940757466,False,False,False,False,0.32660013365631735,0.321949040696651,False,False,False,False,101706,-637400.1277375842,False,False,False,False,193668.8623773166,False,False,False,False
2023-07-28 00:00:00+00:00,38.11,39.5,37.345,38.9464,108782,,,,,,,,,,,,,,,,,35.07456233100339,36.087990309689104,34.886525025991844,35.07456233100339,34.886525025991844,,,,,35.34969255556145,"rgba(38, 166, 154, 0.5)",6.125753689977283,36.26984106440632,0.30039714763662034,53.38143103523638,0.15472322614846235,True,False,False,False,True,0.0,0.0,0.0,0.0,0.0,1,1.0264002181037626,0.9688258862478448,False,False,False,False,0.3400134725922627,0.3309812566444569,False,False,False,False,-7076,-590709.4516088743,False,False,False,False,187380.94664566353,False,False,False,False
2023-08-04 00:00:00+00:00,37.31,39.09,36.65,38.21,249794,,,,,,,,,,,,,,,,,35.31511956121106,36.18201506978825,34.97306619746311,35.31511956121106,34.97306619746311,,,,,35.49006694282081,#000000,5.841364227304789,36.343206049640386,0.16550824648811457,52.94224985190813,0.15472322614846235,True,False,False,False,True,0.0,0.0,0.0,0.0,0.0,1,0.9995284748164291,1.0122596547728369,False,False,False,False,0.25293854760871426,0.29195990212658557,False,False,False,False,-256870,-565980.6033415502,False,False,False,False,192004.1357830218,False,False,False,False
2023-08-11 00:00:00+00:00,36.12,37.31,34.94,37.29,299942,,,,,,,,,,,,,,,,36.123333333333335,35.39568675350066,36.17813668781793,35.014273146866195,35.39568675350066,35.014273146866195,,,,,35.67785748037953,#000000,5.762241437008554,36.21849160150246,-0.017092584991300026,51.93119867196875,0.15472322614846235,True,False,False,False,True,0.0,0.0,0.0,0.0,0.0,1,0.9664441952637355,1.0334363890610465,False,False,False,False,-0.17315930788641895,0.05940029712008331,False,False,False,False,-556812,-565301.4475384725,False,False,False,False,199999.5331324276,False,False,False,False
2023-08-18 00:00:00+00:00,40.81,40.83,35.84,36.1,288587,,,,,,,,,,,,,,,,37.61237214592087,35.725130802079576,36.35641589427197,35.15240537540976,35.725130802079576,35.15240537540976,,,,,36.21158105442054,"rgba(38, 166, 154, 1.0)",5.763573378563868,36.82038293655816,0.6922124177823774,53.60627181415312,0.5690757836781586,True,False,False,False,True,0.0,0.0,0.0,0.0,0.0,1,0.9841532742270026,0.9859140215351134,False,False,False,False,0.3080991862013481,0.1837497416607157,False,False,False,False,-268225,-543295.7847578449,False,False,False,False,206561.56771521072,False,False,False,False
2023-08-25 00:00:00+00:00,44.97,46.515,40.83,40.83,357498,,,,,,,,,,,,,,,,40.065897756265585,36.544778601600164,36.890736375966014,35.5072796376415,36.544778601600164,35.5072796376415,,,,,37.25217309286832,"rgba(38, 166, 154, 1.0)",5.648036227329395,39.97394459654362,0.8845650421436311,56.44445796833954,3.3087807313621624,True,False,True,False,True,2.7205872733245293,0.0,0.0,0.0,0.0,0,1.0734166532298184,0.8927911021760835,False,False,False,False,0.34282824460210987,0.2632889931314128,False,False,False,False,89273,-496438.83773874526,False,False,False,False,217742.04418075067,False,False,False,False
2023-09-01 00:00:00+00:00,43.08,45.16,42.13,45.16,275129,,,,,,,,,,,,,,,,40.829845081218124,37.028649827031415,37.22162481728561,35.742606422880606,37.028649827031415,35.742606422880606,,,,,37.70568153710394,"rgba(38, 166, 154, 1.0)",5.4937166992093065,40.36234045791504,0.49468505401381613,57.34341574142952,4.132172034335632,True,False,True,False,True,1.1014420336892279,0.0,0.0,0.0,0.0,0,1.085776184056027,0.899871279217866,False,False,False,False,0.3401319861679135,0.3017104896496632,False,False,False,False,-185856,-473432.70160994935,False,False,False,False,221992.92979699138,False,False,False,False
2023-09-08 00:00:00+00:00,40.37,43.27,39.8,43.0,178067,,,,,,,,,,,,,,,,40.87016422209564,37.207143895083064,37.345600865542394,35.8441991937519,37.207143895083064,35.8441991937519,,,,,37.81677704411825,"rgba(38, 166, 154, 0.5)",5.207244703814623,40.29823515398259,0.013781731049596508,56.501543744872095,4.132172034335632,True,False,True,False,True,0.0,0.0,0.0,0.0,0.0,0,1.0520320517438744,0.9580312901318643,False,False,False,False,0.1440724192835274,0.2228914544665953,False,False,False,False,-363923,-465320.8718610642,False,False,False,False,218739.15721943646,False,False,False,False
2023-09-15 00:00:00+00:00,41.33,41.54,39.61,40.5,191656,,,,,,,,,,,,,,,,40.86492399484813,37.36847698723823,37.4600534743361,35.9430149694261,37.36847698723823,35.9430149694261,,,,,37.90911735646213,"rgba(38, 166, 154, 0.5)",4.993851433927944,40.24124322637216,0.21801945613177112,56.31743656099795,4.132172034335632,True,False,True,False,True,0.0,0.0,0.0,0.0,0.0,0,1.0530737466181668,0.9741103675033332,False,False,False,False,0.059204547485277634,0.14104800097593648,False,False,False,False,-172267,-443613.17764913355,False,False,False,False,216732.99742540412,False,False,False,False
2023-09-22 00:00:00+00:00,39.01,42.36,39.0,41.18,121081,,,,,,,,,,,,,,,,40.812473856476394,37.4439278424466,37.5142479886132,35.99474432205745,37.4439278424466,35.99474432205745,,,,,37.941348502398405,#000000,4.738398855279255,40.177575750100814,-0.24640723285672117,54.96400340588621,4.132172034335632,True,False,True,False,False,0.0,0.0,0.0,0.0,0.0,0,1.0196955694292134,0.9687667893075201,False,False,False,False,0.06842390177481196,0.10473595137537423,False,False,False,False,-293348,-432482.4237491977,False,False,False,False,209647.66428278157,False,False,False,False
2023-09-29 00:00:00+00:00,40.52,40.72,37.24,38.78,130471,,,,,,,,,,,,,,,39.49333333333334,40.71905945821941,37.50267671724775,37.55671202003743,36.04078120616426,37.50267671724775,36.04078120616426,,,,,38.26251254700044,"rgba(38, 166, 154, 0.5)",4.617186999005328,40.58278503367853,-0.013598113676586138,54.69847744825234,4.132172034335632,True,False,True,False,False,0.0,0.0,0.0,0.0,0.0,0,0.9913250771200646,0.9993060061696053,False,False,False,False,-0.08051470795552584,0.01211062170992419,False,False,False,False,-162877,-412511.6516196275,False,False,False,False,203782.7261877607,False,False,False,False
2023-10-06 00:00:00+00:00,40.09,40.56,37.53,40.56,129056,,,,,,,,,,,,,,,39.44360594466087,40.632275771198756,37.55480882573132,37.5948817992333,36.08385731266345,37.55480882573132,36.08385731266345,,,,,38.26188593069754,"rgba(38, 166, 154, 0.5)",4.559701697213054,40.47728391736432,-0.08493623993013119,54.273695531434726,4.132172034335632,True,False,True,False,False,0.0,0.0,0.0,0.0,0.0,0,1.0116009143414528,1.0099436408641023,False,False,False,False,-0.07479634575611749,-0.03134286202309665,False,False,False,False,-291933,-403579.8996478033,False,False,False,False,198247.41313681548,False,False,False,False
2023-10-13 00:00:00+00:00,40.68,41.4,39.12,39.81,112011,,,,,,,,,,,,,,,39.731938913381676,40.61978838632594,37.62130788990741,37.64458333209687,36.131459052768385,37.62130788990741,36.131459052768385,,,,,38.34981551489606,"rgba(38, 166, 154, 0.5)",4.565259026822249,40.52255544014365,0.034487541436601515,54.263022274011846,4.132172034335632,True,False,True,False,False,0.0,0.0,0.0,0.0,0.0,1,1.0229841208159125,0.9759496055379885,False,False,False,False,0.03160044005464387,0.00012878901577361226,False,True,False,False,-179922,-387012.6478220401,False,False,False,False,191859.53068223657,False,False,False,False
2023-10-20 00:00:00+00:00,39.48,40.77,39.212,40.63,86930,,,,,,,,,,,,,,,39.74876255994602,40.58778195667705,37.66049128810167,37.674100313378894,36.16276794610257,37.66049128810167,36.16276794610257,,,,,38.36678081284124,"rgba(38, 166, 154, 0.5)",4.596554926158201,40.49067577412556,-0.21987679694067938,53.549591573391226,6.620664818662732,True,False,False,False,False,0.0,0.0,0.0,0.0,0.0,1,1.0269816603785342,0.9823876373195183,False,False,False,False,-0.1258908518678784,-0.06288103142605239,False,False,False,False,-266852,-378111.85909448157,False,False,False,False,184086.97285392275,False,False,False,False
2023-10-27 00:00:00+00:00,37.26,41.63,37.0,39.18,116073,,,,,,,,,,,,,,38.629999999999995,39.52274191630072,40.488396203048524,37.683018580925044,37.69110524383143,36.19041268654125,37.683018580925044,36.19041268654125,,,,,38.367612438441164,#000000,4.606242630514724,40.031596106235504,-0.6017043235791933,51.815278755976045,4.877180969560271,True,False,False,False,False,0.0,0.0,0.0,0.0,0.0,1,1.0135351283659806,0.9669272080796479,False,False,False,False,-0.2908122759222157,-0.17684665367413405,False,False,False,False,-382925,-378468.38805044594,False,False,False,False,179048.90079066923,False,False,False,False
2023-11-03 00:00:00+00:00,43.51,43.7,37.86,38.04,137094,,,,,,,,,,,,,,40.28703918757183,39.94025662500204,40.55636658215034,37.7900481488943,37.77339755698911,36.26224339032487,37.7900481488943,36.26224339032487,,,,,38.76822524848875,"rgba(38, 166, 154, 1.0)",4.719997091158063,40.57105135674098,0.622658994592291,53.57550106162867,4.877180969560271,True,False,False,False,True,1.641112632214778,0.0,0.0,0.0,0.0,1,1.0178279230696734,0.9383403679819586,False,False,False,False,-0.0754806461116565,-0.12616364989289527,False,False,False,False,-245831,-368643.39634300553,False,False,False,False,175941.1303617308,False,False,False,False
2023-11-10 00:00:00+00:00,45.65,46.02,42.57,44.15,258950,,,,,,,,,,,,,,42.54203274512139,41.22259653370561,40.9608623900065,38.12417057176198,38.03430826324336,36.46651856578099,38.12417057176198,36.46651856578099,,,,,39.558414844936635,"rgba(0, 255, 255, 0.75)",4.881967193219932,41.65686413042419,0.8179358261811898,55.65299396344554,2.4528739416747456,True,False,True,False,True,3.3289081254240713,0.0,0.0,0.0,0.0,1,1.1510020661531708,0.8972363841231422,False,False,False,False,0.3428282404801616,0.10833229529363315,False,False,False,False,13119,-340364.7003175977,False,False,False,False,182089.9355201211,False,False,False,False
2023-11-17 00:00:00+00:00,50.62,52.47,44.94,45.32,445962,,,,,,,,,,,,,,45.70786939629543,43.779193684831256,42.15576574385162,38.98127803781151,38.71891708515524,36.97919013165923,38.98127803781151,36.97919013165923,,,,,41.05370234660071,"rgba(0, 255, 0, 1.0)",5.188694147370316,43.712831914936274,1.3311958440572853,58.7621467179468,5.367869393389043,True,False,True,False,True,7.034617791486038,0.0,0.0,0.0,0.0,0,1.1674871494935508,0.7728693935439428,False,False,False,False,0.3428282467993774,0.22558027104650527,False,False,False,False,459081,-281146.500294072,False,False,False,False,201636.0143704825,False,False,False,False
2023-11-24 00:00:00+00:00,47.93,52.665,47.61,50.94,340078,,,,,,,,,,,,,,46.675532928605705,44.86768973078109,42.86619131913061,39.554929192678976,39.190308342837795,37.34523167249831,39.554929192678976,37.34523167249831,,,,,41.749980531088745,"rgba(0, 255, 255, 0.75)",5.2766304495294065,46.22116988548453,0.32384873848193646,59.50581437509469,5.975251623786605,True,False,True,False,True,4.75707572391152,0.0,0.0,0.0,0.0,0,1.174797144494114,0.7799619011740224,False,False,False,False,0.34282824777718995,0.2842042594118476,False,False,False,False,119003,-251505.79656858515,False,False,False,False,211890.97626896526,False,False,False,False
2023-12-01 00:00:00+00:00,45.24,48.37,44.16,48.37,742849,,,,,,,,,,,,,,46.40176072159186,45.18142925938284,43.405436357307266,40.23852836866018,39.78223330174662,37.86396617621248,40.23852836866018,37.86396617621248,,,,,42.14555903081688,"rgba(38, 166, 154, 1.0)",5.386223962719762,45.736336395015265,-0.0921492307877667,58.68950386145262,5.975251623786605,True,False,True,False,True,2.55982314531375,0.0,0.0,0.0,0.0,0,1.1229982395669755,0.8482690180364266,False,False,False,False,0.10127469274065379,0.1927394760762507,False,False,False,False,-623846,-279086.5523783196,False,False,False,False,251221.2002490419,False,False,False,False
2023-12-08 00:00:00+00:00,46.23,46.665,43.9,45.18,576778,,,,,,,,,,,,,,46.224741058340435,45.25959616442346,43.66958813923304,40.65087390674834,40.153870844535035,38.21083059002807,40.65087390674834,38.21083059002807,,,,,42.36158345055139,"rgba(38, 166, 154, 1.0)",5.456830278163751,45.63146806598752,0.10968490927921737,58.470751309300645,5.975251623786605,True,False,True,False,True,3.301606399482324,0.0,0.0,0.0,0.0,0,1.0992239796871737,0.8817833078690219,False,False,False,False,0.04115235296491494,0.11694591452058281,False,False,False,False,-47068,-261899.99294288852,False,False,False,False,275336.51874911285,False,False,False,False
2023-12-15 00:00:00+00:00,48.88,49.05,45.82,46.32,651706,,,,,,,,,,,,,,46.561991843783986,45.72409409834195,44.17839113199867,41.231956575671106,40.67659616822854,38.67893562016139,41.231956575671106,38.67893562016139,,,,,42.84199423969761,"rgba(0, 255, 255, 0.75)",5.6239299458684595,46.04425889813942,0.5042276716024569,59.249744571233,5.975251623786605,True,False,True,False,True,5.252400317085915,0.0,0.0,0.0,0.0,0,1.1075623235219794,0.8783743696232573,False,False,False,False,0.16671823101387082,0.1418320727672268,False,False,False,False,604638,-197711.99346563753,False,False,False,False,303215.7395825119,False,False,False,False
2023-12-22 00:00:00+00:00,51.16,52.88,48.64,48.91,608828,,,,,,,,,,,,,,47.241936597256846,46.449787638433925,44.854274171318586,41.90360842719469,41.28126177940386,39.20554152070252,41.90360842719469,39.20554152070252,,,,,43.48940168905174,"rgba(0, 255, 255, 0.75)",5.782942213843105,48.082573651247046,0.5321558187778985,60.54803403560196,6.871442945483693,True,False,True,False,True,6.879604403240755,0.0,0.0,0.0,0.0,0,1.1349408612690322,0.8428303818423404,False,False,False,False,0.3428282479439426,0.24233016035558472,False,False,False,False,1213466,-93180.29024596067,False,False,False,False,325853.68479862215,False,False,False,False
2023-12-29 00:00:00+00:00,48.38,51.69,48.24,51.0,238428,,,,,,,,,,,,,,47.369047937375775,46.60544278220283,45.02805187778589,42.1032603891717,41.46600148774635,39.37541605118789,42.1032603891717,39.37541605118789,,,,,43.6578700875784,"rgba(38, 166, 154, 1.0)",5.895362651507771,48.082703263379855,0.050428914079460756,60.010115375884325,6.871442945483693,True,False,True,False,True,4.569956627525919,0.0,0.0,0.0,0.0,0,1.1213233696832776,0.862492940000869,False,False,False,False,0.29219588154096154,0.26726302094827314,False,False,False,False,975038,-14053.009487000629,False,False,False,False,319377.70814687235,False,False,False,False
2024-01-05 00:00:00+00:00,43.77,47.79,42.99,47.61,484025,,,,,,,,,,,,,44.85000000000001,47.10403101349751,46.437496932509674,45.0153242116598,42.2434999468292,41.614776355305835,39.55392879518356,42.2434999468292,39.55392879518356,,,,,43.83129389356937,"rgba(38, 166, 154, 0.5)",5.920530037752352,46.96512396667831,-0.5396685678992509,57.53101691744434,6.871442945483693,True,False,True,False,False,0.9450283260894139,0.0,0.0,0.0,0.0,0,1.057468844728865,0.9017977433479285,False,False,False,False,-0.025135555754316183,0.12106373259697847,False,False,False,False,491013,23359.287512036448,False,False,False,False,331573.80383969663,False,False,False,False
2024-01-12 00:00:00+00:00,46.31,47.51,44.0,44.16,313739,,,,,,,,,,,,,45.278667513199395,47.02972005957867,46.408447085272506,45.056271197668444,42.3619143391432,41.73461741352615,39.686109806976376,42.3619143391432,39.686109806976376,,,,,43.93653534505211,"rgba(38, 166, 154, 0.5)",6.017664127346214,46.904384262765205,-0.09877325324026122,56.71563969611998,10.48460885006648,True,False,True,False,False,2.79441534117235,0.0,0.0,0.0,0.0,0,1.065449105528891,0.9033846537430655,False,False,False,False,-0.1829659948075968,-0.030951131105309157,False,False,False,False,804752,81240.22917781152,False,False,False,False,330252.70725897833,False,False,False,False
2024-01-19 00:00:00+00:00,46.17,47.35,43.91,45.71,317936,,,,,,,,,,,,,45.430078936990235,46.95560693602953,46.3750134623952,45.08864207423586,42.47032915514509,41.845921350794896,39.811920833783496,42.47032915514509,39.811920833783496,,,,,43.996787535624904,"rgba(38, 166, 154, 0.5)",6.110392320162939,46.80804439009011,-0.10441954569507814,56.070093651837595,9.84475566207054,True,False,True,False,False,2.685301289709244,0.0,0.0,0.0,0.0,0,1.0640867636184372,0.9041779640128174,False,False,False,False,-0.29652435363535595,-0.16373774237033256,False,False,False,False,486816,111282.878868344,False,False,False,False,329340.3585731281,False,False,False,False
2024-01-26 00:00:00+00:00,44.59,47.2899,43.92,46.63,249076,,,,,,,,,,,,,45.400249589773956,46.878861318833216,46.328536803507525,45.09443580666366,42.537552356266154,41.917578023528655,39.8983223091265,42.537552356266154,39.8983223091265,,,,,44.007933743957096,"rgba(38, 166, 154, 0.5)",6.1345833489214865,46.68830039251942,-0.3420444834103231,54.88409498142786,8.668995793133256,True,False,True,False,False,1.4504482583456237,0.0,0.0,0.0,0.0,0,1.0612175133821384,0.9063742292020218,False,False,False,False,-0.29981910152492597,-0.23177842194762927,False,False,False,False,237740,120650.07302624444,False,False,False,False,323394.8505306742,False,False,False,False
2024-02-02 00:00:00+00:00,43.56,46.27,42.96,45.23,346477,,,,,,,,,,,,,45.17005841770134,46.723367076326994,46.21471364930413,45.05843399135021,42.59339646432252,41.983996835330224,39.99242712620341,42.59339646432252,39.99242712620341,,,,,43.962341937219826,#000000,6.106781275725326,46.43654055072294,-0.47104037640209706,53.569443927867816,7.374939726259228,False,False,False,False,False,0.6505357502253517,0.0,0.0,0.0,0.0,0,1.0580174132679894,0.9133258054817911,False,False,False,False,-0.34282825441539394,-0.2873033381815116,False,False,False,False,-108737,103658.43798726337,False,False,False,False,325104.6393802539,False,False,False,False
2024-02-09 00:00:00+00:00,46.19,46.69,41.25,43.48,403317,,,,,,,,,,,,44.71,45.08231037396098,46.59305348460368,46.12399673005885,45.04170777925789,42.67022900778846,42.07097767113804,40.107919378335886,42.67022900778846,40.107919378335886,,,,,44.050024303142976,"rgba(38, 166, 154, 0.5)",6.1185687456704585,45.793383016014936,0.0648218562986174,53.75795033730826,7.374939726259228,False,False,False,False,False,2.623647099519779,0.0,0.0,0.0,0.0,1,1.056280109126839,0.894462602989186,False,False,True,False,-0.34282825441539394,-0.31506579629845277,False,False,False,False,294580,117800.77591413276,False,False,False,False,330898.14757430914,False,False,False,False
2024-02-16 00:00:00+00:00,45.55,46.7,44.265,46.0,238696,,,,,,,,,,,,45.005575510153214,45.12518454244725,46.55291228941564,46.102671411449556,45.05450643302116,42.72984886694702,42.134624119255996,40.184999872210774,42.72984886694702,40.184999872210774,,,,,44.11129038061257,"rgba(38, 166, 154, 0.5)",6.142553147606542,45.84354849531424,-0.047789329332644424,53.578437692173146,7.275867907416824,False,False,False,False,False,2.1154719520498197,0.0,0.0,0.0,0.0,1,1.0788753189773919,0.9268765273652843,False,False,False,False,-0.1850666014519424,-0.2500661988751976,False,False,False,False,55884,113214.34806864144,False,False,False,False,324068.35886510107,False,False,False,False
2024-02-23 00:00:00+00:00,53.39,55.0,45.42,47.78,889545,,,,,,,,,,,,48.644019162186474,46.81078689984297,47.123063697647375,46.69061674410097,45.63467116833167,43.350560908154854,42.72484400090566,40.74517429722364,43.350560908154854,40.74517429722364,,,,,45.21546710979921,"rgba(0, 255, 255, 0.75)",6.304155071948263,47.59031117998767,0.9199787685774625,56.264956902691225,7.275867907416824,True,False,True,False,True,7.628680774660257,0.0,0.0,0.0,0.0,1,1.0391938206656401,0.9046155298051192,False,False,False,False,0.2839305948858611,0.016932198005331744,False,False,False,False,945429,174859.87784133467,False,False,False,False,365955.5174676862,False,False,False,False
2024-03-01 00:00:00+00:00,53.84,56.41,52.05,54.5,655885,,,,,54.10000000000001,,,,,,,50.27994567172721,48.037065002623095,47.69397018872654,47.26410682563303,46.17976767955347,43.897323156841935,43.242085778449095,41.22490529651151,43.897323156841935,41.22490529651151,,,54.10000000000001,54.10000000000001,45.97739620000823,"rgba(38, 166, 154, 1.0)",6.400608901214486,50.22270040489703,0.5651492929706429,58.318871334817416,4.510945143403696,True,False,True,False,True,7.92584374462464,-1.0,56.41,52.05,0.0,1,1.0893766359965351,0.8795317044599892,False,False,False,False,0.34282824719650884,0.1798802226009203,False,False,False,False,1601314,280523.146149384,False,False,False,False,387431.7754330428,False,False,False,False
2024-03-08 00:00:00+00:00,52.09,54.74,51.27,53.85,1092810,,,,,53.22509957425395,,,,,,,51.08618213290255,49.057939663393505,48.294594703513546,47.88505093394601,46.811523796590855,44.585049345660714,43.908174750181004,41.87292423148261,44.585049345660714,41.87292423148261,,,53.22509957425395,53.22509957425395,46.68767994470885,"rgba(38, 166, 154, 1.0)",6.443826371520736,50.6585023414248,0.22215025297731164,58.87064194662847,5.0319170488941225,True,False,True,False,True,6.499339116778735,0.0,0.0,0.0,0.0,1,1.104114272783198,0.8774399108515598,False,False,False,False,0.25669196790377263,0.21828609525234646,False,False,False,False,508504,297410.61680498515,False,False,False,False,439682.01428985444,False,False,False,False
2024-03-15 00:00:00+00:00,51.93,53.0,51.33,51.83,477976,,,,,52.98072417823139,,,,,,,51.21342493676321,49.32261899100012,48.483670050840985,48.08498445920779,47.02598883566891,44.83291972671897,44.152571653801076,42.11912029931394,44.83291972671897,42.11912029931394,,,52.98072417823139,52.98072417823139,46.904412369164376,"rgba(38, 166, 154, 1.0)",6.47055447726414,50.74877062350555,0.18255458332743899,59.18004649392034,5.360800852006342,True,False,True,False,True,6.368753060934903,0.0,0.0,0.0,0.0,1,1.1067552226656587,0.8772314939344924,False,False,False,False,0.19977985013538457,0.2090329726938655,False,False,False,False,30528,277641.53407868993,False,False,False,False,442518.60582393926,False,False,False,False
2024-03-22 00:00:00+00:00,50.35,52.46,49.67,52.0,333188,,,,,52.7003547851659,,,,,,,51.18192895028788,49.408981068623014,48.56237008282208,48.17300776061864,47.13073297009732,44.967866248033204,44.288761382968225,42.263012935742786,44.967866248033204,42.263012935742786,,,52.7003547851659,52.7003547851659,46.99708267489915,"rgba(38, 166, 154, 0.5)",6.415546062439192,50.709284264127476,-0.05600213304226115,58.553265125296406,5.360800852006342,True,False,True,False,True,5.075881229938769,0.0,0.0,0.0,0.0,1,1.0972754255440476,0.8895947879539479,False,False,False,False,0.1270832514292104,0.16805811206153795,False,False,False,False,-302660,234656.23525804622,False,False,False,False,434420.04242957337,False,False,False,False
2024-03-29 00:00:00+00:00,48.98,50.685,48.87,50.38,281728,,,,,52.3842135844043,,,,,,,51.07432683495897,49.413735755638164,48.58858708632417,48.208387819131374,47.18495208537767,45.05275167629024,44.37734947078829,42.3629012039475,45.05275167629024,42.3629012039475,,,52.3842135844043,52.3842135844043,47.03287399155705,"rgba(38, 166, 154, 0.5)",6.370517008450308,50.6041895465481,-0.2549541182283418,57.38984175730383,5.360800852006342,True,False,True,False,True,3.965750853821003,0.0,0.0,0.0,0.0,1,1.108202446680347,0.889119274936476,False,False,False,False,0.04360949202305201,0.10583380204229498,False,False,False,False,-584388,173986.29190559834,False,False,False,False,423109.5207681235,False,False,False,False
2024-04-05 00:00:00+00:00,47.91,49.3,46.35,48.73,396095,,,,,51.829909914974145,,,,,,,50.80681682895667,49.3183622096035,48.56110536818127,48.19566721188733,47.205687468780845,45.124427355576465,44.45831035515648,42.46725285293207,45.124427355576465,42.46725285293207,,,51.829909914974145,51.829909914974145,47.01720370638433,#000000,6.324746122455289,50.35203935416042,-0.38610867644002966,56.00654522479645,5.360800852006342,True,False,True,False,False,3.1028197800185957,0.0,0.0,0.0,0.0,1,1.0808983419738611,0.9009726319934424,False,False,False,False,-0.08220219947502999,0.011815801283632493,False,False,False,False,-980483,88470.04806073921,False,False,False,False,421108.44515566994,False,False,False,False
2024-04-12 00:00:00+00:00,44.94,48.5,44.75,48.34,195141,,,,,51.50210521292048,,,,,,,50.62035891752331,49.22321175798434,48.51594223153743,48.15868282054235,47.18849056758896,45.13611839602162,44.47651879885714,42.50061267510305,45.13611839602162,42.50061267510305,,,51.50210521292048,51.50210521292048,46.977492020644775,#000000,6.138404044718455,50.17770396721751,-0.8532680366200538,53.58549119563357,7.406461516847202,False,False,False,False,False,0.7579844638894251,0.0,0.0,0.0,0.0,1,1.0491025570805215,0.918130374495882,False,False,False,False,-0.16057658748722903,-0.07438039310179827,False,False,False,False,-1175624,-5166.548091908131,False,False,False,False,404370.11588487955,False,False,False,False
2024-04-19 00:00:00+00:00,44.49,45.25,43.05,45.25,317993,,,,,50.88840441120012,,,,,,,50.237673095468054,48.997691206217695,48.39422715848214,48.05161125913995,47.118451153219844,45.118761046513455,44.47264922789701,42.52686276438665,45.118761046513455,42.52686276438665,,,50.88840441120012,50.88840441120012,46.8647408639156,#000000,6.05083130317307,49.82050025682477,-0.8809533747915668,51.64895307777146,5.570816195493251,False,True,False,False,False,0.4079644808474505,0.0,0.0,0.0,0.0,1,1.0316875481687977,0.9436538474394495,False,False,False,False,-0.34282825441539394,-0.2086043237585961,False,False,False,False,-1493617,-115422.13712213715,False,False,False,False,397971.81100451807,False,False,False,False
2024-04-26 00:00:00+00:00,44.72,45.255,43.45,44.54,282011,,,,,50.43992234355701,,,,,,,49.945612570841156,48.82238717518198,48.297209258612305,47.966499765232065,47.06348598057197,45.10760381615921,44.472686469548506,42.55225595393296,45.10760381615921,42.55225595393296,,,50.43992234355701,50.43992234355701,46.77846762376002,#000000,5.947219857718031,49.55089043335575,-0.8122939035264415,50.39164446180428,4.398233580573944,False,True,False,False,False,0.5872729879423346,0.0,0.0,0.0,0.0,0,1.0582029329174394,0.9504833395331398,False,False,False,False,-0.3280205926750359,-0.26831245821681604,False,False,False,False,-1211606,-196620.94177975663,False,False,False,False,389382.1213004797,False,False,False,False
2024-05-03 00:00:00+00:00,45.62,48.65,44.325,48.29,527583,,,,,49.94922298652972,,,,,,,49.62108676539338,48.6449724642512,48.204312083872935,47.89113849778263,47.03109229472511,45.14185816709661,44.52235835869427,42.639049039829004,45.14185816709661,42.639049039829004,,,49.94922298652972,49.94922298652972,46.71198345895564,#000000,5.861381244219636,49.26007931249508,-0.6210275634407585,49.99959190389858,4.0298867865001995,False,True,False,False,False,1.2947227711117648,0.0,0.0,0.0,0.0,0,1.0656009477808437,0.942166926096949,False,False,False,False,-0.1788317237399168,-0.22357209097836642,False,False,False,False,-684023,-232724.79794421908,False,False,False,False,399619.22342637007,False,False,False,False
2024-05-10 00:00:00+00:00,35.81,47.5,35.47,46.0,975882,,,,,48.123790674335815,,,,,,,48.23652086843948,47.63879544384736,47.55268386109877,47.28476688780115,46.54932927584786,44.837237120433635,44.273187316655516,42.51059687511746,44.837237120433635,42.51059687511746,,,48.123790674335815,48.123790674335815,46.11038970615515,"rgba(239, 83, 80, 1.0)",5.81666238777299,47.97206720206391,-2.09090134363469,45.77475627590045,-0.00872677519858911,False,True,False,True,False,0.0,0.0,0.0,0.0,0.0,0,0.935209907900238,0.9787724769473715,False,False,False,False,-0.34282825441539394,-0.2832001726968802,False,False,False,False,-1659905,-338441.849948351,False,False,False,False,442305.35502441676,False,False,False,False
2024-05-17 00:00:00+00:00,37.26,38.115,35.5368,36.35,981576,,,,,46.44414569083019,,,,,,,46.862713898556244,46.56595567409467,46.80419344965415,46.57855774707581,45.96344088519089,44.42556217224543,43.91984102040796,42.28514951921547,44.42556217224543,42.28514951921547,,,46.44414569083019,46.44414569083019,45.425676795805074,"rgba(239, 83, 80, 1.0)",5.743304956191988,46.68791452228329,-1.6415486543368807,43.5474336716294,-2.0375494823647102,False,True,False,True,False,0.0,0.0,0.0,0.0,0.0,0,0.9098319988471744,1.1309018250818923,False,False,False,False,-0.34282825441539394,-0.31301421355613707,False,False,False,False,-678329,-363618.6758781028,False,False,False,False,482251.3287263118,False,False,False,False
2024-05-24 00:00:00+00:00,35.78,37.525,35.5,37.07,928490,,,,,45.17531869972766,,,,,,,45.76705022660789,45.67147647115817,46.1434817841203,45.951415446865205,45.433184727499906,44.04081255905004,43.58496188339349,42.06212540108726,44.04081255905004,42.06212540108726,,,45.17531869972766,45.17531869972766,44.83181356247278,"rgba(239, 83, 80, 1.0)",5.7133858691751005,45.65967974862623,-1.7292162606991326,41.472375581604766,-3.9161359875890014,False,True,False,True,False,0.0,0.0,0.0,0.0,0.0,0,0.8801412002419097,1.1426748140096306,False,False,False,False,-0.34282825441539394,-0.3279212339857655,False,False,False,False,-1606819,-455707.5887760211,False,False,False,False,515306.04511695536,False,False,False,False
2024-05-31 00:00:00+00:00,34.39,37.12,33.81,35.95,853152,,,,,44.14030691959726,,,,,,35.10666666666666,44.84192921687315,44.89057732493606,45.54216365379454,45.37736866419503,44.93905466175009,43.669694503304285,43.25718705870124,41.83303090763958,43.669694503304285,41.83303090763958,,,44.14030691959726,44.14030691959726,43.273074739762286,"rgba(239, 83, 80, 1.0)",5.667553445187234,42.244870032018284,-1.3859366493823666,39.54477078173092,-5.659955849588329,False,True,False,True,False,0.0,0.0,0.0,0.0,0.0,0,0.8967508175988083,1.1048577383100713,True,False,False,False,-0.34282825441539394,-0.3353747442005797,False,False,False,False,-2459971,-604171.5451629825,False,False,False,False,540331.6714045883,True,False,False,False
2024-06-07 00:00:00+00:00,38.01,38.3999,34.54,34.56,934724,,,,,43.415847680648625,,,,,,36.08779411390946,44.15961533452129,44.2981997315016,45.06004505473966,44.91724561316285,44.54274534450914,43.3786365772372,43.002243352177636,41.664116209351754,43.3786365772372,41.664116209351754,,,43.415847680648625,43.415847680648625,43.01229348123451,"rgba(239, 83, 80, 0.5)",5.603133238652256,41.99036421514525,-0.7103818605788971,40.16441777729014,-5.659955849588329,False,True,False,True,False,0.0,0.0,0.0,0.0,0.0,0,0.9063675990189948,1.0724345417175538,False,False,False,False,-0.2837125338055102,-0.30954363900304493,False,False,False,False,-1525247,-672399.3566323912,False,False,False,False,569545.9179672113,False,False,False,False
2024-06-14 00:00:00+00:00,37.78,38.75,37.365,37.57,470970,,,,,43.151331269437165,,,,,,36.47919204726661,43.89997844053889,44.067836461336604,44.86422904715357,44.730390832207156,44.38169048173116,43.262447855297374,42.90117663903694,41.60031892861445,43.262447855297374,41.60031892861445,,,43.151331269437165,43.151331269437165,42.909695637020306,"rgba(239, 83, 80, 0.5)",5.521434149119473,41.89958455464482,-0.7461077037931865,40.52079738495172,-5.659955849588329,False,True,False,True,False,0.0,0.0,0.0,0.0,0.0,0,0.9137739207832667,1.094368248573856,False,False,False,False,-0.1785537354841744,-0.24404868724360967,False,False,False,False,-1996217,-770459.9228077697,False,False,False,False,562243.9981177882,False,False,False,False
2024-06-21 00:00:00+00:00,37.01,38.145,36.5,37.47,421928,,,,,42.9041440151203,,,,,,36.595525764524226,43.65816969900849,43.851680180356794,44.67974486682986,44.553766721513405,44.227933399504444,43.14842771138005,42.80083318811175,41.533644180955264,43.14842771138005,41.533644180955264,,,42.9041440151203,42.9041440151203,42.783302856909366,"rgba(239, 83, 80, 0.5)",5.49892524470432,41.75237991475245,-0.8624194190163891,40.47607179855542,-5.659955849588329,False,True,False,True,False,0.0,0.0,0.0,0.0,0.0,0,0.8731731638154,1.142978820645456,False,False,False,False,-0.2223717945197895,-0.2332102408816996,True,False,False,False,-2418145,-892510.6692664535,False,False,False,False,551850.2204794335,False,False,False,False
2024-06-28 00:00:00+00:00,38.63,38.92,36.55,37.0,247255,,,,,42.78805693497521,,,,,,36.71694024178039,43.541356718972466,43.74603323671532,44.58707746674589,44.46514682012845,44.15098317774608,43.09249903518634,42.75200731037752,41.50270929383036,43.09249903518634,41.50270929383036,,,42.78805693497521,42.78805693497521,42.72830592238699,"rgba(239, 83, 80, 0.5)",5.46769415635028,41.69809678311085,-0.5611317486636487,41.363238974264874,-5.659955849588329,False,True,False,True,False,0.0,0.0,0.0,0.0,0.0,0,0.8764615045223915,1.1239586944418183,False,False,False,False,-0.19657135178958055,-0.21489079633564007,False,False,False,False,-2170890,-987205.4345059755,False,False,False,False,529287.611555031,False,False,False,False
2024-07-05 00:00:00+00:00,38.04,38.86,37.635,38.52,164071,,,,,42.71628913355255,,,,,,36.79448373194054,43.46845568802891,43.67974775234899,44.52832854633695,44.40895502262607,44.102153349113,43.05710111236656,42.72113494649199,41.48332726076735,43.05710111236656,41.48332726076735,,,42.71628913355255,42.71628913355255,42.69374304555782,"rgba(239, 83, 80, 0.5)",5.4556600149017545,41.66474407646775,-0.6644006530038554,41.74023614122481,-5.659955849588329,False,True,False,True,False,0.0,0.0,0.0,0.0,0.0,0,0.9369974073911325,1.0939271432965683,False,False,False,False,-0.16486852675893257,-0.1898796615472863,False,False,False,False,-2334961,-1087039.1800981255,False,False,False,False,502234.5292176213,False,False,False,False
2024-07-12 00:00:00+00:00,38.31,38.62,37.57,38.14,300753,,,,,42.59005184508355,,,,,,36.91611827790162,43.33956079446637,43.56200360482797,44.42319566617185,44.30832988448021,44.014515357598476,42.993369242205304,42.665470248645306,41.448255984593516,42.993369242205304,41.448255984593516,,,42.59005184508355,42.59005184508355,42.630091006765625,"rgba(239, 83, 80, 0.5)",5.4652663873487715,41.601933630569874,-0.6023372690835672,42.173393485472204,-5.659955849588329,False,True,False,True,False,0.0,0.0,0.0,0.0,0.0,0,0.9255133691050285,1.098938169304263,False,False,False,False,-0.04168526254052059,-0.11578246204390344,False,False,False,False,-2034208,-1157199.8334241903,False,False,False,False,487309.9714977975,False,False,False,False
2024-07-19 00:00:00+00:00,37.42,38.97,36.98,38.38,274055,,,,,42.471681763020875,,,,,,36.98142988521482,43.21928352658764,43.45181706515414,44.32478837680992,44.21396860206735,43.93188013912796,42.932303910193966,42.61176998408837,41.41334293856899,42.932303910193966,41.41334293856899,,,42.471681763020875,42.471681763020875,42.564509380868124,"rgba(239, 83, 80, 0.5)",5.465171503948177,41.53105305999437,-0.7522276395213655,42.060921393883945,-5.659955849588329,False,True,False,True,False,0.0,0.0,0.0,0.0,0.0,0,0.9185157904428691,1.0947196390755918,False,False,False,False,0.27186983357955546,0.07804368576782601,False,False,False,False,-2308263,-1242463.771689065,False,False,False,False,471513.3069424051,False,False,False,False
2024-07-26 00:00:00+00:00,38.26,38.65,37.43,37.88,206724,,,,,42.39209024211152,,,,,,37.04183614177426,43.13715159604119,43.37603544107118,44.256047050673494,44.14807108211589,43.874190224877175,42.89001856593063,42.57470350423694,41.38975626072521,42.89001856593063,41.38975626072521,,,42.39209024211152,42.39209024211152,42.52086776304955,"rgba(239, 83, 80, 0.5)",5.460721161495359,41.48677835524954,-0.5909069992443864,42.535616206049966,-5.659955849588329,False,True,False,True,True,0.0,0.0,0.0,0.0,0.0,0,0.9215321641429127,1.1000600603435358,False,False,False,False,0.28853041779259136,0.18328705178020868,False,False,False,False,-2101539,-1306098.9737861713,False,False,False,False,451899.28420593066,False,False,False,False
2024-08-02 00:00:00+00:00,36.75,40.18,36.0,38.24,545878,,,,,42.17362818574531,,,,,,37.116130369852456,42.91330602110684,43.1689123721935,44.068288655808665,43.967680280721574,43.71522074148045,42.771201950389354,42.469690310281386,41.32035733809669,42.771201950389354,41.32035733809669,,,42.17362818574531,42.17362818574531,42.390087559992324,"rgba(239, 83, 80, 0.5)",5.4272976103536985,41.34299423722453,-0.8462764651900495,42.120358685909494,-5.659955849588329,False,True,False,True,True,0.0,0.0,0.0,0.0,0.0,0,0.9168400139690088,1.0692610557814295,False,False,False,False,0.3014527201606066,0.24236988597040765,True,False,False,False,-2647417,-1405455.8646168252,False,False,False,False,458860.6705610469,False,False,False,False
2024-08-09 00:00:00+00:00,41.79,42.2,34.2,34.5,769571,,,,,42.00449523728195,,,,,39.39666666666666,37.454347213735915,42.722277275591054,42.9860829734973,43.88848642900121,43.795693788947766,43.565282983560344,42.66679950663532,42.38012309629564,41.27139882089143,42.66679950663532,41.27139882089143,,,42.00449523728195,42.00449523728195,42.01271587548226,#000000,5.393809097157239,40.39444659831889,0.2587324424248942,44.81329032141463,-9.166438899477463,False,True,False,True,True,0.0,0.0,0.0,0.0,0.0,0,0.9182336657287923,1.0491051633001844,False,False,False,False,0.3231621275831084,0.282766006776758,False,False,False,False,-1877846,-1440447.7264970606,False,False,False,False,481876.2505194879,False,False,False,False
2024-08-16 00:00:00+00:00,42.14,42.71,40.98,42.11,471781,,,,,42.002293777002286,,,,,40.3645379446496,37.828463092287585,42.697173339181724,42.95599437806979,43.843648579220215,43.75393043238443,43.53148000179057,42.65333325442062,42.37245555850828,41.281721397190665,42.65333325442062,41.281721397190665,,,42.002293777002286,42.002293777002286,42.12827379777035,#000000,5.349321950802077,40.72311703828029,0.26487150609943383,46.91736032113738,-7.0782797722410535,False,True,False,False,True,0.0,0.0,0.0,0.0,0.0,0,0.9606164638043009,1.0437848892973953,False,False,False,False,0.34282823803822193,0.31279712240748997,False,False,False,False,-1406065,-1437900.8578676486,False,False,False,False,481128.454184711,False,False,False,False
2024-08-23 00:00:00+00:00,44.2,44.73,41.98,42.05,364265,,,,,42.04648674018738,,,,,41.10688307983784,38.17961341244203,42.719983680852835,42.970828690637056,43.84002916035598,43.7519240411796,43.53314580056261,42.667265118264105,42.38936126308265,41.30932704321302,42.667265118264105,41.30932704321302,,,42.04648674018738,42.04648674018738,42.24683612904278,"rgba(38, 166, 154, 0.5)",5.3467797768359215,41.01324172833002,0.5960144993209009,49.45858108485692,-4.6257819043257555,False,True,False,False,True,1.3928893802057338,0.0,0.0,0.0,0.0,0,0.9553588589724354,1.1253672043857443,False,False,False,False,0.3428282421376052,0.32781268227254756,False,False,False,False,-1041800,-1408560.053581156,False,False,False,False,472471.9020228805,False,False,False,False
2024-08-30 00:00:00+00:00,43.14,45.72,42.58,44.53,282952,,,,,42.082833758769375,,,,,41.51237290421125,38.432316702787006,42.74022217176354,42.98485380656524,43.83967140532168,43.75272950705704,43.53655063589726,42.679740698803265,42.40400063769809,41.331921982802676,42.679740698803265,41.331921982802676,,,42.082833758769375,42.082833758769375,42.32143804529071,#000000,5.335408431894857,41.19193638438279,0.3651198667325565,50.63253057430166,-3.5201430729791596,False,False,False,False,True,0.5345823450328808,0.0,0.0,0.0,0.0,0,0.8787506405567147,1.1325810752791066,False,False,False,False,0.3428282428696791,0.33532046257111336,False,False,False,False,-1324752,-1402352.0496121815,False,False,False,False,458433.3907619264,False,False,False,False
2024-09-06 00:00:00+00:00,40.12,43.4962,39.99,42.81,273792,,,,,42.06564363564827,,,,,41.47308281093366,38.54753247989819,42.71315659097818,42.95659188043878,43.805906569793315,43.7207628788014,43.5094194181019,42.664338371120394,42.392161755413056,41.33079797856039,42.664338371120394,41.33079797856039,,,42.06564363564827,42.06564363564827,42.31137507340392,#000000,5.337237663236806,41.199853879364575,-0.20232448834022737,49.797827623824176,-3.5201430729791596,False,True,False,False,True,0.0,0.0,0.0,0.0,0.0,0,0.856026921958789,1.1394902799294733,False,False,False,False,0.07287300832111025,0.20409673544611182,False,False,True,False,-1598544,-1416884.7866779459,False,False,False,False,444756.25070548744,False,False,False,False
2024-09-13 00:00:00+00:00,42.47,42.76,40.2275,40.23,357287,,,,,42.05952199101512,,,,,41.52215762716326,38.71598409372338,42.69308939910061,42.93353879988536,43.77326302153903,43.69016345297806,43.48416779009703,42.652996579890775,42.38489014247636,41.336252723173644,42.652996579890775,41.336252723173644,,,42.05952199101512,42.05952199101512,42.318650363002746,#000000,5.3212519288311935,41.24768827775059,0.2297037874915814,50.44959012913969,-3.5201430729791596,False,False,False,False,True,0.028332866328018014,0.0,0.0,0.0,0.0,0,0.8586336074042669,1.1239908839191688,False,False,False,False,0.04612579574872931,0.12511126559742056,False,False,False,False,-1241257,-1403875.320998098,False,False,False,False,438277.0469495254,False,False,False,False
2024-09-20 00:00:00+00:00,46.57,46.745,42.3975,42.56,304017,,,,,42.125293948527826,,,,,41.92217931605437,38.98971097472218,42.740776948455554,42.972599135342634,43.79345219639753,43.71106383741852,43.50617660127395,42.682175114625025,42.415364764637744,41.372981180881574,42.682175114625025,41.372981180881574,,,42.125293948527826,42.125293948527826,42.41064800698091,"rgba(38, 166, 154, 0.5)",5.341549162879534,41.44449029693998,0.9595549056590442,52.764352534012914,-1.4747909450562844,False,False,False,False,True,3.161717973301009,0.0,0.0,0.0,0.0,0,0.908033976201047,1.066443622631936,False,False,False,False,0.3428282431869292,0.23396975439217488,False,False,False,False,-937240,-1369309.7416649056,False,False,False,False,428331.8582865976,False,False,False,False
2024-09-27 00:00:00+00:00,44.36,47.21,43.99,46.69,158675,,,,45.18666666666667,42.158009230806385,,,,,42.09586592802966,39.122556404502475,42.764470910325166,42.99201855917569,43.80340674635202,43.72139379736074,43.51711472786628,42.69684629382841,42.43073128794329,41.39162891001767,42.69684629382841,41.39162891001767,,,42.158009230806385,43.672337948736526,42.45360335654014,"rgba(38, 166, 154, 0.5)",5.324885963335,42.1407745575013,0.4167648768028801,53.20729341955992,-1.034130074603027,False,False,False,False,True,1.4053215041262135,0.0,0.0,0.0,0.0,0,0.9382733074474949,1.0384630143491327,False,False,False,False,0.34282824461833555,0.2883989995052552,False,False,False,False,-1095915,-1349058.2793193571,False,False,False,False,408357.2761912941,False,False,False,False
2024-10-04 00:00:00+00:00,43.36,44.3,41.1,44.05,192403,,,,43.94445420485855,42.16775679425079,,,,,42.145811976528485,39.21876593822548,42.766276604162876,42.99126068207582,43.795818852001474,43.71464840053157,43.51243894934688,42.698420200399056,42.43399891400524,41.400637273031656,42.698420200399056,41.400637273031656,,,42.16775679425079,43.056105499554675,42.46780777903085,#000000,5.314693729787355,41.86919722846582,0.28050586681573947,52.99774885653577,-1.034130074603027,False,False,False,False,True,0.620716815089569,0.0,0.0,0.0,0.0,0,0.9333646349301926,1.0558231722615283,False,False,False,False,0.07528170206513307,0.18184035078519414,False,False,True,False,-1288318,-1344558.9993697752,False,False,False,False,392360.66314008716,False,False,False,False
2024-10-11 00:00:00+00:00,44.51,44.68,42.57,43.03,121653,,,,43.93816113885769,42.1818157529069,,,,,42.211288119449236,39.29288804745245,42.77468414033247,42.997399419584006,43.79648962410278,43.715735490347114,43.51444690838274,42.703843645415894,42.44024754616542,41.40999139994589,42.703843645415894,41.40999139994589,,,42.1818157529069,43.0599884458823,42.48570143411781,"rgba(38, 166, 154, 0.5)",5.279840292424866,41.90603826466657,0.49318948890734526,53.392374013365696,-0.7114908117780061,False,False,False,False,True,1.5063399089059466,0.0,0.0,0.0,0.0,0,0.9694437606779281,1.042559388168429,False,False,False,False,0.15508278096455058,0.16846156587487238,False,False,False,False,-1166665,-1331381.6660831252,False,False,False,False,372308.2436482288,False,False,False,False
2024-10-18 00:00:00+00:00,46.15,46.49,43.9,44.51,159148,,,,44.334891374245174,42.216421203102335,,,,,42.36336660309731,39.41859784275765,42.80054608287243,43.01896810309451,43.80853638641865,43.72809897617935,43.5272477491869,42.720067128047084,42.457060203368094,41.42982603691728,42.720067128047084,41.42982603691728,,,42.216421203102335,43.27565628867376,42.527231511193925,"rgba(38, 166, 154, 0.5)",5.1086051339298075,42.08331925580062,0.7960452290958484,54.42650254208537,0.3948955299311905,True,False,True,False,True,2.7580573177750516,0.0,0.0,0.0,0.0,0,1.0063370356984325,0.9809888929047031,False,False,False,False,0.27137530529114234,0.21991843558300736,False,False,False,False,-1007517,-1307391.6908177086,False,False,False,False,356518.5959705822,False,False,False,False
2024-10-25 00:00:00+00:00,46.06,46.66,44.2601,46.24,179035,,,,44.62745851532961,42.256195997837985,,,,,42.525756450187664,39.55733922034302,42.83060410011034,43.04419547357064,43.823036941881846,43.742932017882644,43.54250291006697,42.73904220904706,42.476652575285115,41.452704652643256,42.73904220904706,41.452704652643256,,,42.256195997837985,43.44182725658379,42.57347665510186,"rgba(38, 166, 154, 0.5)",5.023524702082392,42.24168754592456,0.7600863299214278,55.11007811134155,1.1594043078786882,True,False,True,False,True,2.683967180776861,0.0,0.0,0.0,0.0,0,1.0058111881628045,0.9791382439037313,False,False,False,False,0.31778831606418945,0.2688533758235984,False,False,False,False,-1186552,-1298440.6026089895,False,False,False,False,343371.6629357243,False,False,False,False
2024-11-01 00:00:00+00:00,48.39,48.58,44.9401,46.3,224632,,,,45.207920030174094,42.32829458899167,,,,,42.80384545287451,39.76751729462799,42.888826661137195,43.09463577786635,43.85690333798781,43.77690322049152,43.57595403683396,42.77570696188071,42.5134145285087,41.492138549929855,42.77570696188071,41.492138549929855,,,42.32829458899167,43.76810730958288,42.65458458221386,"rgba(38, 166, 154, 1.0)",4.9303167962831,42.52689434166707,1.1891945083028033,56.65642512449111,2.744879234830023,True,False,True,False,True,4.459548499301501,0.0,0.0,0.0,0.0,0,1.003491918563991,0.9968735430103348,False,False,False,False,0.3428282403512958,0.30584080808744707,False,False,False,False,-961920,-1273513.1505638792,False,False,False,False,334576.1323478929,False,False,False,False
2024-11-08 00:00:00+00:00,51.45,53.86,47.495,47.9,327063,,,50.935,46.58257406238082,42.503656537063186,,,,,43.43911199291621,40.191937707232704,43.03848831316313,43.2275354560145,43.95578482149602,43.87498165483998,43.67003814680069,42.87003365392805,42.60578031084243,41.58390563201747,42.87003365392805,41.58390563201747,,50.935,42.503656537063186,46.673743533148006,42.84575976892512,"rgba(0, 255, 255, 0.75)",4.943949994644877,45.28715594063244,1.2465425552529767,58.97553808782604,5.028240921513017,True,False,True,False,True,6.706655663302275,-1.0,53.86,47.495,0.0,0,1.1525165391946972,0.9128057827856776,False,False,False,False,0.3428282463505229,0.324334527218985,False,False,False,False,-634857,-1226205.2875591475,False,True,False,False,334019.60402582673,False,True,False,False
2024-11-15 00:00:00+00:00,46.83,51.57,46.5,51.5,753224,,,49.097761155137476,47.1939675109362,42.76345123647807,,,,,44.18034875589246,40.84448412159706,43.25461490444998,43.4181114886223,44.091194610867724,44.010341972109636,43.80246085067558,43.01085240657844,42.74606515890209,41.730926889832865,43.01085240657844,41.730926889832865,,49.097761155137476,42.76345123647807,46.35172663418391,43.10894011595281,"rgba(38, 166, 154, 0.5)",4.889383302736716,45.329140385890796,0.3069629687795457,57.88658713032715,5.028240921513017,True,False,True,False,True,2.8843096593418878,0.0,0.0,0.0,0.0,0,1.134308812906941,0.825953043627602,False,False,False,False,0.2152226331163039,0.26977858016764444,False,False,False,False,-1388081,-1238196.0810732846,False,False,False,False,365071.7815053951,False,False,False,False
2024-11-22 00:00:00+00:00,49.03,49.28,46.52,46.91,492498,,,48.840645660404945,47.39839983520752,42.92042134405534,,,,,44.55174600626239,41.21603493211088,43.38597052698519,43.53460370263554,44.17479364649018,44.09400042351544,43.8845970448954,43.098654872298816,42.83374285400809,41.82329673740059,43.098654872298816,41.82329673740059,,48.840645660404945,42.92042134405534,46.386488946555936,43.259744074660254,"rgba(38, 166, 154, 1.0)",4.900004504502384,45.501706608496434,0.7200592138765555,58.01013097305453,5.028240921513017,True,False,True,False,True,4.487168751894128,0.0,0.0,0.0,0.0,0,1.133784348513702,0.8488239989790224,False,False,False,False,0.10054743317688726,0.18516300667226585,False,False,False,False,-895583,-1212817.3343271154,False,False,False,False,374510.7606531436,False,False,False,False
2024-11-29 00:00:00+00:00,49.87,50.205,48.24,49.28,207219,,,48.910225415223785,47.548534970278155,42.99757808787119,,,,,44.731308895658934,41.385421852660244,43.45185213752608,43.59356703406299,44.21865937027978,44.1377331012436,43.92716544827259,43.1428218112954,42.87750519247851,41.86824341875798,43.1428218112954,41.86824341875798,,48.910225415223785,42.99757808787119,46.485446157791046,43.333427826223605,"rgba(38, 166, 154, 1.0)",4.905753184405612,45.64387278345528,0.8614634812812666,58.43158027245004,5.028240921513017,True,False,True,False,True,5.092537017635106,0.0,0.0,0.0,0.0,0,1.1794704397137128,0.8293105993504575,False,False,False,False,0.2127779650613851,0.19897048586682547,False,False,False,False,-688364,-1173968.9391917735,False,False,False,False,362118.77838254033,False,False,False,False
2024-12-06 00:00:00+00:00,49.21,50.5255,48.29,49.88,328168,,,48.97741154010836,47.73573469277461,43.1143252561465,,,,,44.984858329918936,41.63680016596236,43.55166739256245,43.683071280866734,44.28539515269463,44.204311433056965,43.99210370084273,43.21046963117768,42.94463434175834,41.93745533518076,43.21046963117768,41.93745533518076,,48.97741154010836,43.1143252561465,46.60915716300982,43.44307667640216,"rgba(38, 166, 154, 1.0)",4.9309941142688904,45.833701182191064,0.6847095615139535,58.34150669001381,5.028240921513017,True,False,True,False,True,4.545013182490024,0.0,0.0,0.0,0.0,0,1.176716056455393,0.8398117285558043,False,False,False,False,0.22886405542824917,0.21391727064753732,False,False,False,False,-1016532,-1162306.9436960868,False,False,False,False,359603.9059097596,False,False,False,False
2024-12-13 00:00:00+00:00,50.25,50.8,47.46,49.24,277463,,,49.038579253741666,47.879089639971305,43.21220728046208,,,,,45.18561742467842,41.84146999245899,43.63573949414643,43.75869848386313,44.342237295497696,44.26101617729912,44.04742655311647,43.26800035778239,43.001718790976014,41.99623573291714,43.26800035778239,41.99623573291714,,49.038579253741666,43.21220728046208,46.70995872472502,43.53381603027359,"rgba(38, 166, 154, 1.0)",4.938909818795811,45.986189077712595,0.8633101390231485,58.724709115674784,5.079341262285524,True,False,True,False,True,5.311030084784136,0.0,0.0,0.0,0.0,0,1.125922116837441,0.8447479018270928,False,False,False,False,0.18734032738438805,0.2006287990159627,False,False,False,False,-739069,-1130955.984903784,False,False,False,False,353519.3943608885,False,False,False,False
2024-12-20 00:00:00+00:00,46.19,50.51,45.36,50.25,447492,,,48.77239490428773,47.818275055443216,43.31206180194177,,,,,45.33056460567791,42.06344159881416,43.7185475103225,43.832482671915415,44.394226403823254,44.31347959365257,44.10009519371681,43.32736152894259,43.061957665333644,42.06252985366617,43.32736152894259,42.06252985366617,,48.77239490428773,43.31206180194177,46.63424392055757,43.6204686625865,"rgba(38, 166, 154, 0.5)",4.909199901783909,45.99616904105575,0.03948320761470976,56.69181603128348,5.079341262285524,True,False,True,False,False,1.9771125769604225,0.0,0.0,0.0,0.0,1,1.1055443450354954,0.8475335505202761,False,False,False,False,-0.0001504848137120633,0.10023915710112531,False,False,False,False,-1186561,-1135074.874910911,False,False,False,False,360480.32811193384,False,False,False,False
2024-12-27 00:00:00+00:00,45.65,46.7,44.82,46.16,169610,,,48.60016825471783,47.730286406433954,43.33389968012465,,,,,45.340272855273746,42.11846589062926,43.73533143086422,43.84707976014067,44.402867742539655,44.32248760710324,44.10983825266398,43.3404846652978,43.07584842826989,42.07962039384162,43.3404846652978,42.07962039384162,,48.60016825471783,43.33389968012465,46.55478478042548,43.63722970266241,"rgba(38, 166, 154, 0.5)",4.876587357184501,45.9472983517637,-0.060964426552454036,54.96088404083898,8.579268234411288,True,False,True,False,False,1.5458488344283587,0.0,0.0,0.0,0.0,1,1.0989617726905863,0.9026891187908137,False,False,False,False,-0.3008133390365054,-0.10028709096769006,False,False,False,False,-1356171,-1151452.3656582509,False,False,False,False,346341.7852888276,False,False,False,False
2025-01-03 00:00:00+00:00,44.08,45.82,42.04,45.06,241475,,,48.25627731007303,47.518685561247466,43.34212439842023,,,,,45.29403150265723,42.15747626663859,43.73821332823013,43.84852477938829,44.39898941151166,44.31940024310883,44.10873813025869,43.34543294431826,43.08251751888102,42.092168073453784,43.34543294431826,42.092168073453784,,48.25627731007303,43.34212439842023,46.372362423246905,43.63854921984465,#000000,4.830669287558942,45.806617660154075,-0.3574282480071368,52.91965910876016,6.600775917755243,False,False,False,False,False,0.2943695960788908,0.0,0.0,0.0,0.0,1,1.050131034400977,0.9153612636222416,False,False,False,False,-0.34282825441539394,-0.221557672691542,False,False,False,False,-1597646,-1184503.7459798618,False,False,False,False,338573.87526743294,False,False,False,False
2025-01-10 00:00:00+00:00,42.22,45.33,41.72,44.35,252924,,,47.8826357009469,47.271564570431664,43.33880697057198,,,,,45.21825306754833,42.17750518111477,43.73031362209817,43.839984877351135,44.386534454110134,44.30790090630236,44.09977661347537,43.34337945484029,43.08257488381486,42.09902145919804,43.34337945484029,42.09902145919804,,47.8826357009469,43.33880697057198,46.16433574731684,43.62852445198534,#000000,4.773117446927282,45.63748963001042,-0.7159869137958146,50.56049719128346,4.361142876183074,False,False,False,False,False,0.0,0.0,0.0,0.0,0.0,1,1.0457192509984001,0.9207321985521759,False,False,False,False,-0.34282825441539394,-0.28219296355346796,False,False,False,False,-1850570,-1233841.9870183906,False,False,False,False,332229.4400624379,False,False,False,False
2025-01-17 00:00:00+00:00,42.14,43.68,41.5,41.75,223177,,,47.556138680983736,47.04483495415514,43.32849125961736,,,,,45.13644816992465,42.18238747465559,43.71658577685666,43.826213648974324,44.37032768125394,44.29261036071279,44.08699251871569,43.33701625912332,43.07825714916077,42.101075505044086,43.33701625912332,42.101075505044086,,47.556138680983736,43.32849125961736,45.97648829825207,43.61279145444219,#000000,4.689329455128759,45.47995231992978,-0.7122451838560511,48.83671086771784,2.763755323975289,False,True,False,False,False,0.0,0.0,0.0,0.0,0.0,0,1.0498685102033785,0.9438728051539405,False,False,False,False,-0.34282825441539394,-0.31251060898443095,False,False,False,False,-2073747,-1296057.1731651765,False,False,False,False,324151.48153929436,False,False,False,False
2025-01-24 00:00:00+00:00,43.21,43.94,42.0436,42.14,261216,,,47.26145812421977,46.83759897139934,43.32499243152516,,,,,45.06742186552544,42.201182410535395,43.708565944490374,43.817544014011865,44.3577254386981,44.28095558701303,44.07785729907608,43.334788188684946,43.07815005761529,42.10782101503901,43.334788188684946,42.10782101503901,,47.26145812421977,43.32499243152516,45.808016509048095,43.60320118206895,#000000,4.675136180509157,45.34191534291999,-0.4560113888891697,48.26508300342583,2.2588023482035737,False,True,False,False,False,0.0,0.0,0.0,0.0,0.0,0,1.0506704624971794,0.9378030073371366,False,False,False,False,-0.29977128953868015,-0.30614094926155555,False,False,False,False,-1812531,-1334314.4936714596,False,False,False,False,319489.59401786514,False,False,False,False
2025-01-31 00:00:00+00:00,41.95,43.84,41.83,42.4,400279,,,46.83015202032281,46.520056750847985,43.30936514991272,,,,,44.944661088379966,42.21189456686736,43.68694921520623,43.79564334358843,44.331235030224526,44.25600052318279,44.05708682161757,43.32495269556012,43.071791122127834,42.11240849499893,43.32495269556012,42.11240849499893,,46.83015202032281,43.30936514991272,45.55319130702784,43.57926229017538,#000000,4.68032666912569,45.12669110660453,-0.6787327746928298,47.18914742006273,1.230353088816841,False,True,False,False,False,0.0,0.0,0.0,0.0,0.0,0,1.0661697169981093,0.9552733612697105,False,False,False,False,-0.3164378873921235,-0.31128941832683954,False,False,False,False,-2212810,-1399388.2348809813,False,False,False,False,325473.9944609862,False,False,False,False
2025-02-07 00:00:00+00:00,41.9,43.26,40.13,41.0,216107,,,46.59200603763517,46.33758256178573,43.29292523472181,,,,,44.8633678455975,42.204366418793946,43.667927692487126,43.77700632187896,44.31118841197717,44.23685825870414,44.040482241381454,43.31458853781043,43.06349672187431,42.1104194081168,43.31458853781043,42.1104194081168,,46.59200603763517,43.29292523472181,45.40750461138091,43.55897018586218,#000000,4.685560099010671,44.999330715953086,-0.6614642967886577,46.3937096557156,0.4516287054275665,False,True,False,False,False,0.0,0.0,0.0,0.0,0.0,0,1.0714016658117052,0.9847903609919534,False,False,False,False,-0.34282825441539394,-0.32705883637111677,False,False,False,False,-2428917,-1475649.6248897975,False,False,False,False,317372.73561202426,False,False,False,False
2025-02-14 00:00:00+00:00,42.26,43.4,41.505,41.97,223190,,,46.397399674389995,46.187081373427695,43.28309879364297,,,,,44.79972926921477,42.20750077917828,43.654991919208335,43.76397769564596,44.29580942508689,44.22231273486832,44.02822193273685,43.308282903969726,43.05910529082904,42.11204534136963,43.308282903969726,42.11204534136963,,46.397399674389995,43.28309879364297,45.28919328048689,43.545197729210784,#000000,4.6707283341220585,44.89792777405268,-0.5647786780449793,46.08074796184186,0.10517330133165359,False,True,False,False,False,0.0,0.0,0.0,0.0,0.0,0,1.0044206532921809,0.9893966148306425,False,False,False,False,-0.26906782324064027,-0.2980633298058785,False,False,False,False,-2205727,-1529729.4304535163,False,False,False,False,310396.23667780025,False,False,False,False
2025-02-21 00:00:00+00:00,39.31,42.53,39.25,42.3,230842,,,46.12168103713941,45.96624076711054,43.25065890073487,,,,,44.68480520315841,42.17556604781045,43.62093090254854,43.731295894104804,44.26354606723804,44.19115998319079,44.00030726262756,43.287692310404985,43.04109135510504,42.101527399550875,43.287692310404985,42.101527399550875,,46.12168103713941,43.25065890073487,45.11286023499494,43.50979224257395,"rgba(239, 83, 80, 0.5)",4.692365372900137,44.7370732638047,-1.1565751667906616,44.25722059361092,-1.7071551817675328,False,True,False,True,False,0.0,0.0,0.0,0.0,0.0,0,0.9644043518213669,1.0249691647706891,False,False,False,False,-0.34282825441539394,-0.32044579211063623,False,False,False,False,-2436569,-1596902.731901404,False,False,False,False,304503.33025722246,False,False,False,False
2025-02-28 00:00:00+00:00,32.09,39.53,27.61,39.32,1065526,,,43.849533373862045,44.04618766324634,42.75434998732596,,,,33.07666666666667,43.44503721790059,41.502116255317205,43.140262860248654,43.27872981155718,43.85535942358935,43.791883138185966,43.62930051014044,42.96845400418863,42.74294202153455,41.857741068195836,42.96845400418863,41.857741068195836,,43.849533373862045,42.75434998732596,43.55002367481145,42.14307519093292,"rgba(255, 26, 202, 1.0)",4.857291919659786,41.104356230418915,-1.8558399164632244,40.17793582499277,-5.6178365466825895,False,True,False,True,False,0.0,0.0,0.0,0.0,0.0,0,0.832142017555921,1.0667828042457117,False,False,False,False,-0.34282825441539394,-0.3316370232630151,False,False,False,False,-3502095,-1738028.0850938926,False,False,False,False,360875.3798677986,False,False,False,False
2025-03-07 00:00:00+00:00,31.04,34.03,30.57,32.51,768023,,,42.51442593492175,42.8665560001786,42.38497632476691,,,,32.57541607378187,42.618377674815456,41.014784361243315,42.782045097853064,42.9401093049024,43.54847550760982,43.491225197188385,43.34854208447208,42.72408356945388,42.51360595921298,41.66717896067666,42.72408356945388,41.66717896067666,,42.51442593492175,42.38497632476691,42.58865275328909,41.75566648305333,"rgba(255, 26, 202, 1.0)",5.065963885588759,40.14369392092442,-1.7970309553176775,36.949421936822276,-8.606395157326155,False,True,False,True,False,0.0,0.0,0.0,0.0,0.0,0,0.8936308304727838,1.1031650583241435,False,False,False,False,-0.34282825441539394,-0.3372326388392045,False,False,False,False,-4270118,-1925590.3010128636,False,False,False,False,391034.46284055425,False,False,False,False
2025-03-14 00:00:00+00:00,29.45,30.52,28.84,30.47,432179,,,41.751901896964085,42.1803433034315,42.14524987165307,,,,32.00850259313268,42.11512221990097,40.698570955672494,42.550276148566574,42.72083022520155,43.35024065632708,43.29673706654758,43.16616900946422,42.56336240435357,42.36203334182082,41.53890544640816,42.56336240435357,41.53890544640816,,41.751901896964085,42.14524987165307,42.025831690682885,41.483184462098755,"rgba(255, 26, 202, 1.0)",5.314126802747103,39.51396750335731,-1.8938139560679668,34.17913029755686,-11.110911071116618,False,True,False,True,False,0.0,0.0,0.0,0.0,0.0,0,0.867689326623126,1.1299972573477437,False,False,False,False,-0.34282825441539394,-0.3400304466272992,False,False,False,False,-4702297,-2131272.2787156147,False,False,False,False,394082.20633384655,False,False,False,False
2025-03-21 00:00:00+00:00,30.03,30.81,29.09,29.34,255810,,,41.354169159094745,41.81772147985451,42.011643127921246,,,,31.802372862647054,41.84352063834287,40.52554958967646,42.42073771772178,42.59799994681888,43.23865214892002,43.187232544410094,43.063392411134785,42.47275942038769,42.27655807376686,41.466591466264546,42.47275942038769,41.466591466264546,,41.354169159094745,42.011643127921246,41.727844588956835,41.34287753538265,"rgba(255, 26, 202, 1.0)",5.5325472751121465,39.2044460349848,-1.6582679873799773,32.647554992431324,-12.428836915540813,False,True,False,True,False,0.0,0.0,0.0,0.0,0.0,0,0.8416443944699866,1.1763590442729541,False,False,False,False,-0.3278786690944694,-0.3339545578608843,False,False,False,False,-4446487,-2302769.665477421,False,False,False,False,383839.82067948754,False,False,False,False
2025-03-28 00:00:00+00:00,29.29,32.29,29.25,30.33,325838,,,40.89723490572546,41.39684074637991,41.8497892422575,,,,31.627779463150166,41.52299423901256,40.31912936274002,42.263439017010946,42.44857028348394,43.102339438669965,43.053440297250795,42.93772574918968,42.36195123017492,42.17199168033243,41.378152096600424,42.36195123017492,41.378152096600424,,40.89723490572546,41.8497892422575,41.38128829812096,41.18093607610154,"rgba(255, 26, 202, 1.0)",5.75367416651429,38.86121233856703,-1.6634957179658114,31.318314764605834,-13.598740326495573,False,True,False,True,False,0.0,0.0,0.0,0.0,0.0,0,0.8248293467239518,1.1650425208921504,False,False,False,False,-0.2833012723462631,-0.3086279151035737,False,False,False,False,-4772325,-2485699.6902568713,False,False,False,False,379543.389518044,False,False,False,False
2025-04-04 00:00:00+00:00,27.72,30.785,26.875,28.91,529346,,,40.11613879809493,40.67326621835691,41.55634280172032,,,,31.131187979545448,40.960257318693984,39.94339247674831,41.978965270429974,42.1782883942408,42.85638415684529,42.811821565390396,42.710205651745895,42.15974178890418,41.98058886370185,41.214389003103726,42.15974178890418,41.214389003103726,,40.11613879809493,41.55634280172032,40.78191593939072,40.871083346624616,"rgba(255, 26, 202, 1.0)",5.991322638195547,38.220212578672815,-1.7525700438384746,29.881040042885157,-14.914842850657038,False,True,False,True,False,0.0,0.0,0.0,0.0,0.0,0,0.8326987423560631,1.1484520206953197,False,False,False,False,-0.34282825441539394,-0.3257280847594838,False,False,False,False,-5301671,-2694290.157645251,False,False,False,False,390639.8791833741,False,False,False,False
2025-04-11 00:00:00+00:00,29.78,30.67,26.0,26.04,636813,,,39.32239713643467,39.925774306611835,41.22908956293352,,,28.816666666666666,30.763951301450383,40.361930039748984,39.534861531665655,41.66052879269966,41.87476249599347,42.578292654535,42.5385102179888,42.45241295107892,41.930274831994474,41.76318214409931,41.028156036826,41.930274831994474,41.028156036826,,39.32239713643467,41.22908956293352,40.159087001993335,39.251219148382205,"rgba(255, 0, 0, 1.0)",6.189799222463837,34.707197352790885,-0.796018929807811,30.517515377848763,-14.914842850657038,False,True,False,True,False,0.0,0.0,0.0,0.0,0.0,0,0.8114248357598002,1.1497280144555793,False,False,False,False,-0.34282825441539394,-0.33427816958743883,False,False,False,False,-4664858,-2840258.145967825,False,False,False,False,408874.9251697908,False,False,False,False
2025-04-18 00:00:00+00:00,29.18,30.41,28.84,30.41,210896,,,39.098557058642214,39.71207267296578,41.12995378140162,,,28.98086376732267,30.699686272541793,40.18716372326865,39.41402865773832,41.56368613132356,41.78218764795628,42.492909652805274,42.45457560385931,42.37316537756614,41.85974880792982,41.696347147761344,40.97097475183041,41.85974880792982,40.97097475183041,,39.098557058642214,41.12995378140162,39.98019450433654,39.180801564231174,"rgba(255, 0, 0, 1.0)",6.386030398631984,34.62279494286811,-0.8522970614161292,30.75150442036957,-14.914842850657038,False,True,False,True,False,0.0,0.0,0.0,0.0,0.0,0,0.8262171813729068,1.1746809210489388,False,False,False,False,-0.2765314958876904,-0.3054048327375646,False,False,False,False,-4875754,-2991035.616636875,False,False,False,False,394209.81960165815,False,False,False,False
2025-04-25 00:00:00+00:00,31.87,32.3742,28.2,28.72,344991,,,38.801526081988264,39.424043539194976,40.989553113915605,,,29.511314421676307,30.70837231654244,39.94730726808243,39.248293206505295,41.42571860595238,41.649841684339094,42.369725371306174,42.33349299763936,42.258831580030936,41.758368123688214,41.60037162835878,40.8893943587746,41.758368123688214,40.8893943587746,,38.801526081988264,40.989553113915605,39.73837424503295,39.12112655757626,"rgba(239, 83, 80, 1.0)",6.444448097337648,34.611314089850495,-0.4253760831719624,32.95035989106937,-14.914842850657038,False,True,False,True,True,0.0,0.0,0.0,0.0,0.0,0,0.8186029873088905,1.1515206216772518,False,False,False,False,-0.23142556054881194,-0.26841519664318825,False,False,False,False,-4530763,-3105089.4968859954,False,False,False,False,390563.9811126464,False,False,False,False
2025-05-02 00:00:00+00:00,31.66,32.2,30.96,31.87,257493,,,38.61399173487121,39.23961577884023,40.895191563091785,,,29.883360442874384,30.75629205556758,39.790978460513834,39.13992716777521,41.33254408423077,41.560193904761505,42.28565018380533,42.250850262246686,42.18076293777226,41.689293228721276,41.53501317747583,40.83407334868219,41.689293228721276,40.83407334868219,,38.61399173487121,40.895191563091785,39.58293302560107,39.08698527282688,"rgba(239, 83, 80, 1.0)",6.535766729216879,34.62331500303835,-0.45339975029883245,34.42663213431298,-14.914842850657038,False,True,False,True,True,0.0,0.0,0.0,0.0,0.0,0,0.8371970501214796,1.1793081148792948,False,False,False,False,0.07927740728595775,-0.09456889467861525,False,False,False,False,-4788256,-3229768.4971166626,False,False,False,False,380706.87140059855,False,False,False,False
2025-05-09 00:00:00+00:00,26.6,33.7,26.12,31.36,1453386,,28.806666666666672,37.35618049110233,38.01360068040429,40.245855697611965,,,29.344421546902403,30.305110138415337,38.74009552814951,38.374120228471796,40.695760422454384,40.94845418468281,41.716447988218995,41.69058098613312,41.649493401407376,41.21282466851228,41.08188607906786,40.442661859897065,41.21282466851228,40.442661859897065,,37.35618049110233,40.245855697611965,36.105575883946315,38.4677309093348,"rgba(255, 0, 0, 1.0)",6.775629947775244,31.453094710771687,-0.7162573440666108,33.504729922104936,-14.914842850657038,False,True,False,True,True,0.0,0.0,0.0,0.0,0.0,0,0.756931549381539,1.2190348414841283,False,False,False,False,-0.06793534746892849,-0.08125212107377186,False,False,False,False,-6241642,-3452870.238070984,False,False,False,False,460164.5846301839,False,False,False,False
2025-05-16 00:00:00+00:00,26.71,27.08,25.5,26.92,707073,,28.028833423823368,36.71448257322264,37.38717356004463,39.89400878085246,,26.429999999999996,28.77369116733857,29.912976305175587,38.1926150327569,37.95846182387226,40.35144896422571,40.61738258473381,41.40871971493891,41.387331705635575,41.36094345326336,40.95153299024436,40.83244523970659,40.22426647054528,40.95153299024436,40.22426647054528,,36.71448257322264,39.89400878085246,35.506124584485775,36.63935707519407,"rgba(255, 0, 0, 1.0)",6.987734878967456,28.28637522408438,-0.22559173342840297,32.9289674509284,-14.914842850657038,False,True,False,True,True,0.0,0.0,0.0,0.0,0.0,0,0.7514392041412875,1.2781513667942737,True,False,False,False,-0.34282825441539394,-0.2120401877445829,False,False,False,False,-5534569,-3607070.146362022,False,False,False,False,478454.09687979985,False,False,False,False
2025-05-23 00:00:00+00:00,26.26,26.91,25.9,26.44,432021,,27.75017701968772,36.35567644107052,37.03436019410985,39.686591815503824,,26.402187071479613,28.515395395752595,29.705897365944253,37.87949775809592,37.71690982735008,40.148070192901436,40.4214195042222,41.225830553235426,41.20702730942744,41.18912314624492,40.79559791828916,40.683419122250776,40.09345416281688,40.79559791828916,40.09345416281688,,36.35567644107052,39.686591815503824,35.20670136759298,36.44113581246539,"rgba(255, 0, 0, 1.0)",7.1670841772371565,28.093414213216043,-0.255810336236738,32.35472918357554,-14.914842850657038,False,True,False,True,True,0.0,0.0,0.0,0.0,0.0,0,0.7507879672281439,1.258806222246438,False,False,False,False,-0.3268107329867161,-0.2694254603656495,False,False,False,False,-5966590,-3781849.39477965,False,False,False,False,475014.6082220369,False,False,False,False
2025-05-30 00:00:00+00:00,27.32,27.335,26.3363,26.81,325636,,27.66614026844718,36.11753510817424,36.798069748449386,39.541716031936275,,26.534446987226314,28.402213924503354,29.592007319660823,37.66674197846618,37.551280398265,40.00557720729104,40.28380074547034,41.09670071803812,41.07969507365173,41.06767280070891,40.68536290094133,40.57803439869819,40.00099534707865,40.68536290094133,40.00099534707865,,36.11753510817424,39.541716031936275,35.030865289251764,36.32801371532818,"rgba(239, 83, 80, 1.0)",7.264095504293367,28.04870212495942,-0.10031560357772379,32.80746921872182,-14.914842850657038,False,True,False,True,True,0.0,0.0,0.0,0.0,0.0,0,0.7318524566025946,1.266635622204053,False,False,False,False,-0.268171598326751,-0.2687985293462003,False,False,False,False,-5640954,-3919560.8470181944,False,False,False,False,463949.5261315156,False,False,False,False
2025-06-06 00:00:00+00:00,27.0,27.595,26.45,27.12,334797,,27.599123471977276,35.885464314499245,36.56687978652422,39.39638116808229,,26.623852540473134,28.30346321374286,29.485226046643568,37.45685590951382,37.38652405312951,39.862456656033885,40.14540818956107,40.96652461761511,40.951301528943006,40.9451101511597,40.57399388718501,40.47150428297356,39.90741570874868,40.57399388718501,39.90741570874868,,35.885464314499245,39.39638116808229,34.861962185270755,36.21267229068157,"rgba(239, 83, 80, 1.0)",7.398922850750032,28.00291631820921,-0.1355489627936238,32.995641500166286,-14.914842850657038,False,True,False,True,True,0.0,0.0,0.0,0.0,0.0,0,0.7290783255868113,1.2708962030720865,False,False,False,False,-0.243300299192903,-0.25604941426955163,False,False,False,False,-5975751,-4071871.22872055,False,False,False,False,454382.67234399595,False,False,False,False
2025-06-13 00:00:00+00:00,26.2,28.1999,26.18,27.59,435483,,27.511852413488143,35.59576312416505,36.27740143386161,39.210004936089604,,26.669858459022553,28.18113036968579,29.350967200364146,37.19204235961207,37.17668512623459,39.678756207143834,39.96758253680194,40.79891619399168,40.785942409572826,40.787112375033445,40.43019316250989,40.333847415291345,39.786252843663625,40.43019316250989,39.786252843663625,,35.59576312416505,39.210004936089604,34.6487554769011,36.05889932374629,"rgba(255, 0, 0, 1.0)",7.584848925669178,27.92845211064016,-0.22788220669637996,32.78577998081253,-14.914842850657038,False,True,False,True,True,0.0,0.0,0.0,0.0,0.0,0,0.7315726867631016,1.2712316102828332,False,False,False,False,-0.22126025329214638,-0.238654833780849,False,False,False,False,-6411234,-4245157.359926435,False,False,False,False,452982.6966148111,False,False,False,False
2025-06-20 00:00:00+00:00,26.19,27.39,26.13,26.35,291890,,27.442782678053792,35.40566990932151,36.087166347156916,39.08529351331708,,26.658323500929992,28.09453159200751,29.258799834578546,37.017056180341896,37.03683493010701,39.55578598963837,39.84845450683265,40.686494619962765,40.67500012112639,40.681017103801885,40.3334608147071,40.241176257597985,39.704499511281035,40.3334608147071,39.704499511281035,,35.40566990932151,39.08529351331708,34.505228111962325,35.9512298379327,"rgba(255, 0, 0, 1.0)",7.739225426242466,27.86360940139246,-0.21625024588604413,32.63143628552197,-14.914842850657038,False,True,False,True,True,0.0,0.0,0.0,0.0,0.0,0,0.7445954256786064,1.2916236704624169,False,False,False,False,-0.27833248882126027,-0.25849366130105467,True,False,False,False,-6703124,-4427228.962894848,False,False,False,False,441049.9042729732,True,False,False,False
2025-06-27 00:00:00+00:00,28.065,28.12,26.08,26.11,464923,,27.440574161117436,35.14652942198485,35.824868784141344,38.904832888493246,27.421666666666667,26.77694542296341,28.041468140238784,29.166682271890096,36.77171448246434,36.8390579088194,39.377150629152034,39.67491412923178,40.52163664701732,40.51227925405226,40.52526390244253,40.19150614004445,40.105155470413436,39.584660169439644,40.19150614004445,39.584660169439644,,35.14652942198485,38.904832888493246,34.32920131393422,34.51035155524961,"rgba(239, 83, 80, 1.0)",7.840611056463548,27.420163597746573,0.08224313100212338,34.23011635985663,-14.914842850657038,False,True,False,True,True,0.0,0.0,0.0,0.0,0.0,0,0.7514545419307325,1.2323610545832768,False,False,False,False,-0.2330720265813923,-0.2457828439412235,False,False,False,False,-6238201,-4561375.039717452,False,False,False,False,442818.2817342344,False,False,False,False
2025-07-04 00:00:00+00:00,29.44,29.46,28.03,28.07,229912,,27.51611575675439,35.04906294247881,35.7238725420334,38.829447311740815,27.936196245631457,26.933923669337588,28.076570563332208,29.162084639569176,36.67438345812246,36.75988821891907,39.30198088807868,39.60153948603648,40.45111527273092,40.442663019057946,40.45856647339652,40.13086295596427,40.04706861451215,39.53372422410071,40.13086295596427,39.53372422410071,,35.04906294247881,38.829447311740815,34.27962463825185,34.5340345460816,"rgba(239, 83, 80, 1.0)",7.92137214146661,27.615701558763913,0.23030081261885102,36.51682011121156,-17.638919445123,False,True,False,True,True,0.0,0.0,0.0,0.0,0.0,0,0.8066999353725407,1.2100552331585506,False,False,False,False,-0.02370955147921096,-0.13474619771021723,False,False,False,False,-6008289,-4668553.851590233,False,False,False,False,427047.4460502171,False,False,False,False
2025-07-11 00:00:00+00:00,28.42,29.61,27.8,28.65,283009,,27.578554435408787,34.92624069088712,35.59703145623802,38.734813817687076,28.131209485698466,27.06926727396732,28.100128260321252,29.14611691312951,36.552310912263835,36.66010796490104,39.20769654213718,39.509520096694914,40.36274506372459,40.35541075871028,40.37492768597516,40.054684639269816,39.97405336919798,39.46953810954542,40.054684639269816,39.46953810954542,,34.92624069088712,38.734813817687076,34.20916010005525,34.50945132715484,"rgba(239, 83, 80, 1.0)",8.02228403986146,27.71978986384896,0.08728313939917974,37.558600561260235,-16.552382164577793,False,True,False,True,True,0.0,0.0,0.0,0.0,0.0,1,0.8031783522537221,1.2064795789502427,False,False,False,False,0.11075450312750941,-0.01199584729135391,False,False,False,False,-6291298,-4788757.121842808,False,False,False,False,416377.93152797874,False,False,False,False
2025-07-18 00:00:00+00:00,30.12,30.16,28.355,28.36,236489,,27.668078372606992,34.84181399278419,35.50818444722536,38.66424915882215,28.406542450327326,27.225762086411972,28.15155127617857,29.15552978967425,36.46478231620732,36.58805288557655,39.137015654348474,39.4402955230681,40.295700934886284,40.289207513914896,40.31142034226791,39.99693440705002,39.91871278495703,39.42104676845511,39.99693440705002,39.42104676845511,,34.84181399278419,38.66424915882215,34.170581492859675,34.515444043059375,"rgba(239, 83, 80, 0.5)",8.064371948758792,27.862983546381216,0.2798750439538157,39.678953045129845,-14.449485403729668,False,True,False,True,True,0.0,0.0,0.0,0.0,0.0,0,0.8128007904433207,1.1773516031864746,False,False,False,False,0.3428282294564189,0.1654161910825325,False,False,False,False,-6054809,-4882538.742447045,False,False,False,False,403052.8254888692,False,False,False,False
2025-07-25 00:00:00+00:00,31.43,31.98,30.01,30.01,283297,,27.847632966229014,34.77352409507819,35.43269218942557,38.59566904747466,28.923612970715954,27.501295343265753,28.27375180133088,29.210086187268217,36.38628024921329,36.52275208366307,39.067549437951634,39.37178943232314,40.228227282440756,40.222576385289116,40.247443045480836,39.93901433328971,39.86326186060164,39.372859134041704,39.93901433328971,39.372859134041704,,34.77352409507819,38.59566904747466,34.16237957455186,34.57079211734618,"rgba(239, 83, 80, 0.5)",8.088531461161411,28.136573270385398,0.40717239531410654,42.17316475641265,-12.04053358258254,False,False,False,True,True,0.0,0.0,0.0,0.0,0.0,0,0.8282259977160593,1.155786417270211,False,False,False,False,0.3428282382790627,0.2541222146807976,False,False,False,False,-5771512,-4948388.613376893,False,False,False,False,394182.02360080485,False,False,False,False
2025-08-01 00:00:00+00:00,29.99,31.57,29.545,31.46,339924,,27.994912119933407,34.678126344359896,35.329807202315756,38.50666489887806,29.190867769509538,27.72459361190044,28.371714831037046,29.247073041627853,36.28167533573093,36.43549461841263,38.97781430260932,39.28350075980701,40.14180389522404,40.13721169935787,40.165440562613746,39.864501014752996,39.791840132984625,39.31042396530289,39.864501014752996,39.31042396530289,,34.678126344359896,38.50666489887806,34.12737764137178,34.579174986521664,"rgba(239, 83, 80, 0.5)",7.993065143446982,28.320522083095106,0.2088657964052243,43.008993295195545,-11.249852483852663,False,False,False,True,True,0.0,0.0,0.0,0.0,0.0,0,0.8248155473409076,1.1600033443395,False,False,False,False,0.2680593854496519,0.2610908000652248,False,False,False,False,-6111436,-5034540.271645271,False,False,False,False,390162.910741486,False,False,False,False
2025-08-08 00:00:00+00:00,30.56,33.42,28.85,30.21,480187,30.943333333333335,28.219711654327096,34.56726454320728,35.207434758920904,38.39282196936148,29.553941633973192,28.043625913905004,28.531087922374432,29.320288896658212,36.15373614441599,36.32765578507344,38.86241955443966,39.16954813042739,40.02930225440131,40.026064125113685,40.05855841771205,39.76745203460688,39.698805045553264,39.22926465605465,39.76745203460688,39.22926465605465,30.943333333333335,34.56726454320728,38.39282196936148,33.466113251830016,34.601767036078236,"rgba(239, 83, 80, 0.5)",7.864160635153332,29.190153133884657,0.17418856629047397,44.04809024565957,-10.2356026913601,False,False,False,True,True,0.0,-1.0,33.42,28.85,0.0,0,0.8417144831053064,1.1242447825309714,False,False,False,False,0.34282823748607744,0.3019595187756511,False,False,False,False,-5631249,-5078740.918190066,False,False,False,False,396831.36179767223,False,False,False,False
2025-08-15 00:00:00+00:00,31.54,32.85,30.48,30.74,632016,31.329747396233724,28.530120025397633,34.45657252445058,35.08049280668073,38.26131563033495,29.9973302467514,28.45673054404661,28.764297175151153,29.4440931096774,36.01519971162989,36.20914289514679,38.728113212943065,39.03624025611388,39.8961301488312,39.89445580038076,39.93181818506951,39.65248936353851,39.588576645841925,39.133385435800385,39.65248936353851,39.133385435800385,31.329747396233724,34.45657252445058,38.26131563033495,33.53164967661952,34.64417331006722,"rgba(239, 83, 80, 0.5)",7.751915896284147,29.578482053107344,0.2530365361462322,45.54264515121341,-8.77487216038471,False,False,False,True,True,0.0,0.0,0.0,0.0,0.0,0,0.846124360760263,1.132939160537489,False,False,False,False,0.34282823931534095,0.322393879045496,False,False,False,False,-4999233,-5072851.44276858,False,False,False,False,414252.4461089558,False,False,False,False
2025-08-22 00:00:00+00:00,31.11,32.24,29.45,31.5,534563,31.201065913432757,28.702221394918013,34.34797871197194,34.95987055732878,38.142856594301946,30.140931471085704,28.676968734771535,28.8943602843504,29.5088607427212,35.88707544314565,36.09907218312481,38.607685806240575,38.916952119510384,39.77761903700456,39.77729546447996,39.81889746146808,39.549615866158184,39.489791767385974,39.046877978578536,39.549615866158184,39.046877978578536,31.201065913432757,34.34797871197194,38.142856594301946,33.47079863439068,34.62868212864348,"rgba(239, 83, 80, 0.5)",7.63722146717892,29.680296878552003,0.18720199847446722,46.290917455296665,-8.025956576723907,False,False,False,False,True,0.0,0.0,0.0,0.0,0.0,0,0.8615792891222722,1.130319517208651,False,False,False,False,0.22330262384258362,0.2728482514440398,False,False,False,False,-5533796,-5106995.484044981,False,False,False,False,423164.3389897739,False,False,False,False
2025-08-29 00:00:00+00:00,31.18,31.52,30.27,30.87,451272,31.155667242442703,28.832644125873763,34.26282086368031,34.864731724804045,38.04655882189977,30.23828934079888,28.838486342084963,28.995331494771573,29.561313660610605,35.785019562933336,36.01064582414534,38.509611248166756,38.81964647144125,39.68061152842451,39.68136737498292,39.726348045558275,39.46520107350701,39.40867799875057,38.97575784498372,39.46520107350701,38.97575784498372,31.155667242442703,34.26282086368031,38.04655882189977,33.43248455574012,34.61203228483602,"rgba(239, 83, 80, 0.5)",7.546855554849686,29.76627176280008,0.1873267915259678,46.88374512282486,-7.397605504586778,False,False,False,False,True,0.0,0.0,0.0,0.0,0.0,0,1.0339595160254953,1.1163588593419669,False,False,False,False,0.22226381380288696,0.24755603262346337,False,False,False,False,-5082524,-5105182.781523131,False,False,False,False,425246.3879534943,False,False,False,False
2025-09-05 00:00:00+00:00,31.18,31.5025,30.1,30.57,407428,31.11856367637797,28.935187867397087,34.18816475080148,34.781346638240564,37.961066948725126,30.30294566760764,28.96237754556579,29.075877832347114,29.60364166162935,35.695311232348615,35.93243787814928,38.422491436271855,38.73313916890849,39.59423374234538,39.59593085712158,39.64385551447609,39.389853730486465,39.33622953820594,38.9121233362779,39.389853730486465,38.9121233362779,31.11856367637797,34.18816475080148,37.961066948725126,33.39686597630844,34.59183870222951,"rgba(239, 83, 80, 0.5)",7.476090943320085,29.829768689237124,0.1806065925360783,47.307193456773575,-6.903220791193867,True,False,False,False,True,0.0,0.0,0.0,0.0,0.0,0,0.9843277118751277,1.0313218698403739,False,False,False,False,0.13828179035097096,0.19291891148721718,False,True,False,False,-5082524,-5103504.353262158,False,False,False,False,423926.5073643466,False,False,False,False
2025-09-12 00:00:00+00:00,30.25,31.96,29.91,31.28,337803,31.069627031420527,29.004279579882134,34.12473096779745,34.71103232069597,37.88954923086158,30.332081177462456,29.04412681617112,29.130359971304063,29.631266549884042,35.62007727513441,35.86661508587617,38.349679264944136,38.6608512159731,39.52210701161455,39.52457627784408,39.57492054948847,39.32677941099775,39.27554062388784,38.85868308522721,39.32677941099775,38.85868308522721,31.069627031420527,34.12473096779745,37.88954923086158,33.35984382613153,34.568174064620806,"rgba(239, 83, 80, 0.5)",7.429782529888829,29.862528651234058,0.05215110229770611,46.82644266740932,-6.903220791193867,False,False,False,False,True,0.0,0.0,0.0,0.0,0.0,0,1.0161559897637003,0.9753473610962076,False,False,False,False,0.1688153075808963,0.18086710953405674,False,False,False,False,-5420327,-5126972.697464961,False,False,False,False,417546.9883003209,False,False,False,False
2025-09-19 00:00:00+00:00,30.0,30.8,29.72,30.3,312483,30.980875905330965,29.044988966272744,34.059235802711235,34.63973536812819,37.819816485835865,30.32214667663735,29.091048115947004,29.161626104007972,29.643540494217582,35.54513715572151,35.801042777935955,38.27892231607086,38.59072480330693,39.45244712712304,39.455651499238044,39.50831430385783,39.265683455605505,39.21670856926626,38.806670632350944,39.265683455605505,38.806670632350944,30.980875905330965,34.059235802711235,37.819816485835865,33.3089305056558,34.534228707020624,"rgba(239, 83, 80, 0.5)",7.428327708815045,29.859764916047013,0.018878419134171102,46.273672396484685,-6.903220791193867,False,False,False,False,True,0.0,0.0,0.0,0.0,0.0,0,1.0090969431510877,0.998910732651405,False,False,False,False,-0.055227431723420234,0.06281983890531825,False,False,False,False,-5732810,-5171849.534689778,False,False,False,False,409764.4706484453,False,False,False,False
2025-09-26 00:00:00+00:00,27.855,30.3,27.66,30.01,357435,30.739152022081377,29.028134716878792,33.957749803799835,34.533191565226105,37.725535651497765,30.207439513206367,29.068994482337207,29.143172009621058,29.617321237100224,35.43760595926152,35.707472475533194,38.18410115260043,38.497234620311474,39.360774333448596,39.36493498218319,39.420667159640686,39.18490781747492,39.138828875748,38.7372645986074,39.18490781747492,38.7372645986074,30.739152022081377,33.957749803799835,37.725535651497765,33.19675275189677,34.45890507656033,"rgba(239, 83, 80, 1.0)",7.4595370886253,29.760930183625938,-0.25550247434686013,44.22864045229825,-6.903220791193867,False,False,False,True,False,0.0,0.0,0.0,0.0,0.0,0,0.9724426377537352,1.0316488772313972,False,False,False,False,-0.34282825441539394,-0.14000420775503786,False,False,False,False,-6090245,-5239878.828416462,False,False,False,False,405888.2135633753,False,False,False,False
2025-10-03 00:00:00+00:00,27.44,28.05,26.95,28.05,269628,30.506849189029865,28.98465638467723,33.868087276535995,34.440491974912945,37.64706625827871,30.0765950684614,29.01640785431699,29.10259252263417,29.5773781524008,35.34567321213049,35.62755540916057,38.105537528722614,38.41997180422077,39.28551406873761,39.29045064871183,39.34869737400842,39.11838723148196,39.07463936310466,38.67978634280676,39.11838723148196,38.67978634280676,30.506849189029865,33.868087276535995,37.64706625827871,33.08943021668695,34.384767626949724,"rgba(239, 83, 80, 1.0)",7.4876535463809,29.64612712412137,-0.29463531004151283,42.47758308718795,-3.5344888398120915,False,False,False,True,False,0.0,0.0,0.0,0.0,0.0,0,0.999977452711398,1.0461126740043636,False,False,False,False,-0.34282825441539394,-0.2414162310852159,False,False,False,False,-6359873,-5322841.359644872,False,False,False,False,395794.8644105327,False,False,False,False
2025-10-10 00:00:00+00:00,26.67,28.025,26.6421,27.55,222383,30.318375309144102,28.942269762090575,33.79183283323943,34.36190705705837,37.580937613798994,29.96377254840984,28.965817173673017,29.063332048283236,29.539959831042907,35.2679626402691,35.559878811914146,38.0393905836794,38.35494380294885,39.222244141050204,39.2278261002165,39.28816944486064,39.062373716763936,39.02056495152127,38.63127774436758,39.062373716763936,38.63127774436758,30.318375309144102,33.79183283323943,37.580937613798994,32.999064515066294,34.320512768148724,"rgba(239, 83, 80, 1.0)",7.507918387510173,29.547558698329382,-0.38326984255933766,40.692282182984755,-5.277458758088969,False,True,False,True,False,0.0,0.0,0.0,0.0,0.0,0,1.0104065698599398,1.0472452385988467,False,False,False,False,-0.34282825441539394,-0.2921222427503049,False,False,False,False,-6582256,-5416131.333004511,False,False,False,False,382949.54112086364,False,False,False,False
2025-10-17 00:00:00+00:00,26.285,27.23,25.69,26.98,267727,30.072967618926146,28.874862777097015,33.69275501785119,34.26044770326021,37.49708784983503,29.807700999616127,28.886337933177803,29.00158676789801,29.483637010469,35.16834608229322,35.47308079232692,37.95569341462881,38.27275533089335,39.142521147174214,39.1489087556199,39.21188225189127,38.99165900195991,38.95226300943353,38.569845215298514,38.99165900195991,38.569845215298514,30.072967618926146,33.69275501785119,37.49708784983503,32.87962419339392,34.23405682340974,"rgba(239, 83, 80, 1.0)",7.601642870085661,29.41046733220427,-0.4111568230209491,39.15174517153591,-6.76431078842009,False,True,False,True,False,0.0,0.0,0.0,0.0,0.0,0,0.9406269840539572,1.0571168302984018,False,False,False,False,-0.34282825441539394,-0.3174752485828494,False,False,False,False,-6849983,-5522342.56759677,False,False,False,False,374414.53807487374,False,False,False,False
2025-10-24 00:00:00+00:00,28.22,28.225,26.39,26.39,388814,29.867681937241304,28.827995595459196,33.576615855418396,34.13961285606871,37.39056858142906,29.67632534181282,28.831429952169945,28.956286623499597,29.43608541065423,35.0470237199805,35.366344382069,37.84877080194721,38.167350620550735,39.0393204081017,39.04672917980829,39.11300087405035,38.90009285193814,38.86381323777589,38.49048239516317,38.90009285193814,38.49048239516317,29.867681937241304,33.576615855418396,37.39056858142906,32.76049496512333,34.1415666440594,"rgba(239, 83, 80, 1.0)",7.66062949804428,29.300858206670817,-0.14109260954948363,40.29342897121364,-6.76431078842009,False,True,False,True,False,0.0,0.0,0.0,0.0,0.0,0,0.9617831583351404,1.0761515623170772,False,False,False,False,-0.20795220022592176,-0.26271372440438556,False,False,False,False,-6461169,-5591885.266293305,False,False,False,False,375481.16488414234,False,False,False,False
2025-10-31 00:00:00+00:00,25.07,28.72,24.48,28.49,421230,29.554622195498993,28.72219373390238,33.42485275980549,33.98418289067521,37.26017079748162,29.458037240793313,28.70919846758917,28.85853213245371,29.346468403290043,34.893893107091195,35.23187463769847,37.7185492508728,38.03935931054571,38.91496777133248,38.9235924169948,38.993836971875695,38.78939140603115,38.75678347316106,38.39394391389747,38.78939140603115,38.39394391389747,29.554622195498993,33.42485275980549,37.26017079748162,32.58920447547274,34.00944727386617,"rgba(239, 83, 80, 1.0)",7.7707021376264045,29.111012909445968,-0.520031888737446,38.956351436486,-6.880872872449736,False,True,False,True,False,0.0,0.0,0.0,0.0,0.0,0,0.8791168907527951,1.0598617555843086,False,False,False,False,-0.31982862609022744,-0.2912711752473065,False,False,False,False,-6882399,-5687478.876197504,False,False,False,False,378869.967485317,False,False,False,False
