date,Close,High,Low,Open,Volume,aVWAP_peak_923,aVWAP_peak_902,aVWAP_peak_890,aVWAP_peak_862,aVWAP_peak_839,aVWAP_peak_809,aVWAP_peak_782,aVWAP_peak_767,aVWAP_peak_739,aVWAP_peak_717,aVWAP_peak_683,aVWAP_peak_665,aVWAP_peak_635,aVWAP_peak_624,aVWAP_peak_613,aVWAP_peak_582,aVWAP_peak_542,aVWAP_peak_494,aVWAP_peak_475,aVWAP_peak_411,aVWAP_peak_376,aVWAP_peak_313,aVWAP_peak_296,aVWAP_peak_272,aVWAP_peak_238,aVWAP_peak_219,aVWAP_peak_173,aVWAP_peak_152,aVWAP_peak_120,aVWAP_peak_59,aVWAP_peak_21,aVWAP_valley_901,aVWAP_valley_869,aVWAP_valley_841,aVWAP_valley_817,aVWAP_valley_791,aVWAP_valley_773,aVWAP_valley_759,aVWAP_valley_691,aVWAP_valley_672,aVWAP_valley_649,aVWAP_valley_638,aVWAP_valley_637,aVWAP_valley_619,aVWAP_valley_605,aVWAP_valley_591,aVWAP_valley_573,aVWAP_valley_525,aVWAP_valley_504,aVWAP_valley_485,aVWAP_valley_457,aVWAP_valley_435,aVWAP_valley_400,aVWAP_valley_341,aVWAP_valley_316,aVWAP_valley_287,aVWAP_valley_248,aVWAP_valley_215,aVWAP_OB_bear_839,aVWAP_OB_bear_717,aVWAP_OB_bear_542,Peaks_avg,Valleys_avg,color,StDev,StDev_Mean,StdDev_ZScore,QQEMOD,QQE1_Value,QQE1_Above_Upper,QQE1_Below_Lower,QQE2_Above_Threshold,QQE2_Below_Threshold,QQE2_Above_TL,banker_RSI,OB,OB_High,OB_Low,OB_Mitigated_Index,TTM_squeeze_Active,VI_plus,VI_minus,VI_Regular_Bullish,VI_Regular_Bearish,VI_Hidden_Bullish,VI_Hidden_Bearish,Fisher,Fisher_Signal,Fisher_Regular_Bullish,Fisher_Regular_Bearish,Fisher_Hidden_Bullish,Fisher_Hidden_Bearish,OBV,OBV_Smoothed,OBV_Regular_Bullish,OBV_Regular_Bearish,OBV_Hidden_Bullish,OBV_Hidden_Bearish,Volume_MA,Vol_Regular_Bullish,Vol_Regular_Bearish,Vol_Hidden_Bullish,Vol_Hidden_Bearish
2022-01-03 00:00:00+00:00,67.0,68.0346,65.5101,67.33,54039,,,,,,,,,,,,,,,,,,,,,,,,,,,,,,,,,,,,,,,,,,,,,,,,,,,,,,,,,,,,,,,,#000000,,,,,,False,False,False,False,False,,0.0,0.0,0.0,0.0,0,,,False,False,False,False,,,False,False,False,False,0,0.0,False,False,False,False,54039.0,False,False,False,False
2022-01-04 00:00:00+00:00,63.55,67.26,63.44,66.82,101859,,,,,,,,,,,,,,,,,,,,,,,,,,,,,,,,,,,,,,,,,,,,,,,,,,,,,,,,,,,,,,,,#000000,,,,0.0,,False,False,False,True,False,,0.0,0.0,0.0,0.0,0,,,False,False,False,False,,,False,False,False,False,-101859,-3994.470588235294,False,False,False,False,55914.29411764706,False,False,False,False
2022-01-05 00:00:00+00:00,55.43,63.36,55.06,62.16,294062,,,,,,,,,,,,,,,,,,,,,,,,,,,,,,,,,,,,,,,,,,,,,,,,,,,,,,,,,,,,,,,,#000000,,,,0.0,-50.0,False,False,False,True,True,,0.0,0.0,0.0,0.0,0,,,False,False,False,False,,,False,False,False,False,-395921,-19364.138408304498,False,False,False,False,65253.41983852365,False,False,False,False
2022-01-06 00:00:00+00:00,54.72,56.35,53.24,55.0,157829,,,,,,,,,,,,,,,,,,,,,,,,,,,,,,,,,,,,,,,,,,,,,,,,,,,,,,,,,,,,,,,,#000000,,,,0.0,-50.0,False,False,False,True,True,,0.0,0.0,0.0,0.0,0,,,False,False,False,False,,,False,False,False,False,-553750,-40320.44670601805,False,False,False,False,68883.83474681684,False,False,False,False
2022-01-07 00:00:00+00:00,53.21,55.8695,52.36,54.56,82137,,,,,,,,,,,,,,,,,,,,,,,,,,,,,,,,,,,,,,,,,,,,,,,,,,,,,,,,,,,,,,,,#000000,,,,0.0,-50.0,False,False,False,True,True,,0.0,0.0,0.0,0.0,0,,,False,False,False,False,,,False,False,False,False,-635887,-63675.99781558597,False,False,False,False,69403.5667175299,False,False,False,False
2022-01-10 00:00:00+00:00,51.88,52.35,48.335,52.35,149178,,,,,,,,,,,,,,,,,,,,,,,,,,,,,,,,,,,,,,,,,,,,,,,,,,,,,,,,,,,,,,,,#000000,,,,0.0,-50.0,False,False,False,True,True,,0.0,0.0,0.0,0.0,0,,,False,False,False,False,,,False,False,False,False,-785065,-91965.76260713162,False,False,False,False,72531.97586586207,False,False,False,False
2022-01-11 00:00:00+00:00,54.25,55.52,50.74,51.27,235546,,,,,,,,,,,,,,,,,,,,,,,,,,,,,,,,,,,,,,,,,,,,,,,,,,,,,,,,,,,,,,,,#000000,,,,6.054240109968309,-44.45027989919571,False,False,False,True,True,,0.0,0.0,0.0,0.0,0,,,False,False,False,False,,,False,False,False,False,-549519,-109909.02681861665,False,False,False,False,78924.6826946518,False,False,False,False
2022-01-12 00:00:00+00:00,56.08,56.68,54.97,55.08,119794,,,,,,,,,,,,,,,,,,,,,,,,,,,,,,,,,,,,,,,,,,,,,,,,,,,,,,,,,,,,,,,,#000000,,,,13.7362563835019,-37.74477832123261,False,False,False,True,True,,0.0,0.0,0.0,0.0,0,,,False,False,False,False,,,False,False,False,False,-429725,-122450.82968847481,False,False,False,False,80527.40102035172,False,False,False,False
2022-01-13 00:00:00+00:00,55.07,56.485,54.42,56.08,98777,,,,,,,,,,,,,,,,,,,,,,,,,,,,,,,,,,,,,,,,,,,,,,,,,,,,,,,,,,,,,,,,#000000,,,,18.12960812905847,-34.35453457348707,False,False,False,True,True,,0.0,0.0,0.0,0.0,0,,,False,False,False,False,,,False,False,False,False,-528502,-138374.40499480913,False,False,False,False,81243.07156857323,False,False,False,False
2022-01-14 00:00:00+00:00,55.87,56.34,54.08,54.08,151209,,,,,,,,,,,,,,,,,,,,,,,,,,,,,,,,,,,,,,,,,,,,,,,,,,,,,,,,,,,,,,,,#000000,,,,22.553720893240783,-30.926696685284686,False,False,False,True,True,,0.0,0.0,0.0,0.0,0,,,False,False,False,False,,,False,False,False,False,-377293,-147743.76166167934,False,False,False,False,83986.83346784486,False,False,False,False
2022-01-18 00:00:00+00:00,52.14,56.13,52.04,54.2,129830,,,,,,,,,,,,,,,,,,,,,,,,,,,,,,,,,,,,,,,,,,,,,,,,,,,,,,,,,,,,,,,,#000000,,,,22.997047101828286,-30.926696685284686,False,False,False,True,True,,0.0,0.0,0.0,0.0,0,,,False,False,False,False,,,False,False,False,False,-507123,-161837.0651259272,False,False,False,False,85784.60470439997,False,False,False,False
2022-01-19 00:00:00+00:00,51.83,54.6,51.5701,52.99,114930,,,,,,,,,,,,,,,,,,,,,,,,,,,,,,,,,,,,,,,,,,,,,,,,,,,,,,,,,,,,,,,,#000000,,,,23.1220750433433,-30.926696685284686,False,False,False,True,True,,0.0,0.0,0.0,0.0,0,,,False,False,False,False,,,False,False,False,False,-622053,-179884.74884647908,False,False,False,False,86927.5613826588,False,False,False,False
2022-01-20 00:00:00+00:00,53.18,56.0956,52.41,52.41,131441,,,,,,,,,,,,,,,,,,,,,,,,,,,,,,,,,,,,,,,,,,,,,,,,,,,,,,,,,,,,,,,,#000000,,,,25.58233684956445,-29.17958203143886,False,False,False,True,True,,0.0,0.0,0.0,0.0,0,,,False,False,False,False,,,False,False,False,False,-490612,-192070.1312446564,False,False,False,False,88673.1864264761,False,False,False,False
2022-01-21 00:00:00+00:00,52.45,53.4,51.81,52.81,219787,,,,,,,,,,,,,,,,,,,,,,,,,,,,,,,,,,,,,,,,,,,,,,,,,,,,,,,,,,,,,,,,#000000,,,,26.68923642297679,-28.250858294583626,False,False,False,True,True,,0.0,0.0,0.0,0.0,0,,,False,False,False,False,,,False,False,False,False,-710399,-212396.75354878753,False,False,False,False,93814.90460582997,False,False,False,False
2022-01-24 00:00:00+00:00,53.07,53.45,48.44,51.02,197374,,,,,,,,,,,,,,,,,,,,,,,,,,,,,,,,,,,,,,,,,,,,,,,,,,,,,,,,,,,,,,,,#000000,,,,28.534170023308654,-26.546177527511844,False,False,False,True,True,,0.0,0.0,0.0,0.0,0,,,False,False,False,False,,,False,False,False,False,-513025,-224186.0965468743,False,False,False,False,97876.04560167977,False,False,False,False
2022-01-25 00:00:00+00:00,51.52,52.94,50.27,51.66,131289,,,,,,,,,,,,,,,,,,,,,,,,,,,,,,,,,,,,,,,,,,,,,,,,,,,,,,,,,,,,,,,,#000000,,,,28.541410839880797,-26.4958171478952,False,False,False,True,True,,0.0,0.0,0.0,0.0,0,,,False,False,False,False,,,False,False,False,False,-644314,-240661.70060385964,False,False,False,False,99186.35753886879,False,False,False,False
2022-01-26 00:00:00+00:00,52.2,54.38,51.54,53.08,134377,,,,,,,,,,,,,,,,,,,,,,,,,,,,,,,,,,,,,,,,,,,,,,,,,,,,,,,,,,,,,,,,#000000,,,,29.786337560976786,-25.184767179560307,False,False,False,True,True,,0.0,0.0,0.0,0.0,0,,,False,False,False,False,,,False,False,False,False,-509937,-251221.51626645337,False,False,False,False,100566.38273342296,False,False,False,False
2022-01-27 00:00:00+00:00,52.0,53.3,51.58,53.08,140650,,,,,,,,,,,,,,,,,,,,,,,,,,,,,,,,,,,,,,,,,,,,,,,,,,,,,,,,,,,,,,,,#000000,,,,30.438038309134313,-24.40336966259619,False,False,False,True,True,,0.0,0.0,0.0,0.0,0,,,False,False,False,False,,,False,False,False,False,-650587,-266882.907785416,False,False,False,False,102138.28929289657,False,False,False,False
2022-01-28 00:00:00+00:00,53.82,53.82,50.85,51.97,112931,,,,,,,,,,,,,,,,,,,,,,,,,,,,,,,,,,,,,,,,,,,,,,,,,,,,,,,,,,,,,,,,#000000,,,,34.10917569677179,-20.813609635264747,False,False,False,True,True,,0.0,0.0,0.0,0.0,0,,,False,False,False,False,,,False,False,False,False,-537656,-277501.46042128204,False,False,False,False,102561.5328500379,False,False,False,False
2022-01-31 00:00:00+00:00,56.69,56.7,54.09,54.09,86640,,,,,,,,,,,,,,,,,,,,,,,,,,,,,,,,,,,,,,,,,,,,,,,,,,,,,,,,,,,,,,,,#000000,,,,40.41919924278223,-14.949189403522247,False,False,False,True,True,,0.0,0.0,0.0,0.0,1,,,False,False,False,False,,,False,False,False,False,-451016,-284305.9521694671,False,False,False,False,101937.1590127815,False,False,False,False
2022-02-01 00:00:00+00:00,57.2,57.36,55.61,57.0,80056,,,,,,,,,,,,,,,,,,,,,,,,,,,,,,,,,,,,,,,,,,,,,,,,,,,,,,,,,,,,,,,,#000000,,,,45.20891676545737,-10.71893984691431,False,False,False,False,True,,0.0,0.0,0.0,0.0,1,,,False,False,False,False,,,False,False,False,False,-370960,-287704.1501236057,False,False,False,False,101079.0743456136,False,False,False,False
2022-02-02 00:00:00+00:00,53.37,57.99,53.25,57.99,91692,,,,,,,,,,,,,,,,,,,,,,,,,,,,,,,54.87,,,,,,,,,,,,,,,,,,,,,,,,,,,,,,,54.87,,#000000,,54.87,,44.10504521490126,-10.71893984691431,False,False,False,True,True,,0.0,0.0,0.0,0.0,1,,,False,False,False,False,,,False,False,False,False,-462652,-294564.8501187584,False,False,False,False,100710.95378304052,False,False,False,False
2022-02-03 00:00:00+00:00,52.54,52.97,51.03,51.3,75940,,,,,,,,,,,,,,,,,,,,,,,,,,,,,,,53.65138660876205,,,,,,,,,,,,,,,,,,,,,,,,,,,,,,,53.65138660876205,,#000000,,53.65138660876205,,42.62741657733373,-10.71893984691431,False,False,False,True,False,,0.0,0.0,0.0,0.0,1,,,False,False,False,False,,,False,False,False,False,-538592,-304134.54227096395,False,False,False,False,99739.54383076442,False,False,False,False
2022-02-04 00:00:00+00:00,53.53,53.9671,52.31,52.42,73741,,,,,,,,,,,,,,,,,,,,,,,,,,,,,,,53.53457523017625,,,,,,,,,,,,,,,,,,,,,,,,,,,,,,,53.53457523017625,,#000000,,53.53457523017625,,42.95230697611939,-10.71893984691431,False,False,False,True,False,,0.0,0.0,0.0,0.0,1,,,False,False,False,False,,,False,False,False,False,-464851,-310437.1484564164,False,False,False,False,98719.99309230308,False,False,False,False
2022-02-07 00:00:00+00:00,53.97,55.58,53.0,53.68,53905,,,,,,,,,,,,,,,,,,,,,,,,,,,,,,,53.65301041854343,,,,,,,,,,,,,,,,,,,,,,,,,,,,,,,53.65301041854343,,#000000,,53.65301041854343,,43.74913465896052,-10.71893984691431,False,False,False,True,False,,0.0,0.0,0.0,0.0,1,,,False,False,False,False,,,False,False,False,False,-410946,-314378.67204636085,False,False,False,False,96962.542382801,False,False,False,False
2022-02-08 00:00:00+00:00,54.57,54.82,53.33,53.33,71237,,,,,,,,,,,,,,,,,,,,,,,,,,,,,,,53.7670995467216,,,,,,,,,,,,,,,,,,,,,,,,,,,,,,,53.7670995467216,,#000000,,53.7670995467216,,45.08651813896897,-10.71893984691431,False,False,False,True,False,,0.0,0.0,0.0,0.0,1,,,False,False,False,False,,,False,False,False,False,-339709,-315372.01824062126,False,False,False,False,95953.69758347547,False,False,False,False
2022-02-09 00:00:00+00:00,55.33,56.03,54.77,55.42,58156,,,,,,,,,,,,,,,,,,,,,,,,,,,,,,,53.98751955521647,,,,,,,,,,,,,,,,,,,,,,,,,,,,,,,53.98751955521647,,#000000,,53.98751955521647,,46.989317455285125,-8.982008092589751,False,False,False,False,True,,0.0,0.0,0.0,0.0,1,,,False,False,False,False,,,False,False,False,False,-281553,-314045.7822311851,False,False,False,False,94471.4349331431,False,False,False,False
2022-02-10 00:00:00+00:00,55.53,56.78,53.84,54.06,75824,,,,,,,,,,,,,,,,,,,,,,,,,,,,,,,54.1989825746511,,,,,,,,,,,,,,,,,,,,,,,,,,,,,,,54.1989825746511,,#000000,,54.1989825746511,,48.5290118635878,-7.3225511022406735,False,False,False,False,True,,0.0,0.0,0.0,0.0,1,,,False,False,False,False,,,False,False,False,False,-205729,-309798.06528094254,False,False,False,False,93740.16297498063,False,False,False,False
2022-02-11 00:00:00+00:00,54.49,56.64,53.9763,55.68,110930,,,,,,,,,,,,,,,,,,,,,,,,,,,,,,,54.35073868972755,,,,,,,,,,,,,,,,,,,,,,,,,,,,,,,54.35073868972755,,#000000,,54.35073868972755,,48.06922248622995,-7.3225511022406735,False,False,False,False,True,,0.0,0.0,0.0,0.0,1,,,False,False,False,False,,,False,False,False,False,-316659,-310067.121544435,False,False,False,False,94414.27423086374,False,False,False,False
2022-02-14 00:00:00+00:00,55.56,57.24,54.45,54.6,64547,,,,,,,,,,,,,,,,,,,,,,,,,,,,,,,54.48435091004756,,,,,,,,,,,,,,,,,,,,,,,,,,,,,,,54.48435091004756,,#000000,,54.48435091004756,,49.33179064638481,-6.116782760363407,False,False,False,False,True,,0.0,0.0,0.0,0.0,1,,,False,False,False,False,,,False,False,False,False,-252112,-307794.37167994736,False,False,False,False,93243.00857475144,False,False,False,False
2022-02-15 00:00:00+00:00,56.31,56.88,55.49,56.67,63747,,,,,,,,,,,,,,,,,,,,,,,,,,,,,,,54.6344990102548,,,,,,,,,,,,,,,,,,,,,,,,,,,,,,,54.6344990102548,,#000000,,54.6344990102548,,51.20474305403788,-4.112731663539229,False,False,True,False,True,,0.0,0.0,0.0,0.0,1,,,False,False,False,False,,,False,False,False,False,-188365,-303110.8669081847,False,False,False,False,92086.30235613373,False,False,False,False
2022-02-16 00:00:00+00:00,56.01,56.4,54.21,55.59,44207,,,,,,,,,,,,,,,,,,,,,,,,,,,,,,,54.685561843039615,,,,,,,,,,,,,,,,,,,,,,,,,,,,,,,54.685561843039615,,#000000,,54.685561843039615,,51.949712314744936,-3.1910947871451256,False,False,True,False,True,,0.0,0.0,0.0,0.0,1,,,False,False,False,False,,,False,False,False,False,-232572,-300344.63683335396,False,False,False,False,90208.6826558932,False,False,False,False
2022-02-17 00:00:00+00:00,52.49,55.52,52.38,55.52,97655,,,,,,,,,,,,,,,,,,,,,,,,,,,,,,,54.55017244023333,,,,,,,,,,,,,,,,,,,,,,,,,,,,,,,54.55017244023333,,#000000,,54.55017244023333,,47.78040619825889,-3.1910947871451256,False,False,False,False,False,,0.0,0.0,0.0,0.0,1,,,False,False,False,False,,,False,False,False,False,-330227,-301516.4942124381,False,False,False,False,90500.69510076013,False,False,False,False
2022-02-18 00:00:00+00:00,49.58,52.63,49.25,52.37,88119,,,,,,,,,,,,,,,,,,,,,,,,,,,,,,,54.18091177687258,,,,,,,,,,,,,,,,,,,,,,,,,,,,,,,54.18091177687258,,#000000,,54.18091177687258,,42.47165402031697,-1.9513495021192,False,False,False,True,False,,0.0,0.0,0.0,0.0,1,,,False,False,False,False,,,False,False,False,False,-418346,-306098.0434590092,False,False,False,False,90407.29529288718,False,False,False,False
2022-02-22 00:00:00+00:00,49.85,51.39,48.87,49.1935,168545,,,,,,,,,,,,,,,,,,,,,,,,,,,,,,,53.567254970034284,,,,,,,,,,,,,,,,,,,,,,,,,,,,,,,53.567254970034284,,#000000,,53.567254970034284,,39.36989470514781,-4.703550137066472,False,False,False,True,False,,0.0,0.0,0.0,0.0,0,,,False,False,False,False,,,False,False,False,False,-249801,-303890.3162645382,False,False,False,False,93471.51900689161,False,False,False,False
2022-02-23 00:00:00+00:00,47.82,51.44,47.69,50.56,81240,,,,,,,,,,,,,,,,,,,,,,,,,,,,,,,53.26188196932859,,,,,,,,,,,,,,,,,,,,,,,,,,,,,,,53.26188196932859,,#000000,,53.26188196932859,,35.78328542060994,-7.913152763232809,False,False,False,True,False,,0.0,0.0,0.0,0.0,0,,,False,False,False,False,,,False,False,False,False,-331041,-304955.04896004655,False,False,False,False,92991.85159485665,False,False,False,False
2022-02-24 00:00:00+00:00,50.6,50.7,45.35,45.68,129916,,,,,,,,,,,,,,,,,,,,,,,,,,,,,,,52.840329351097274,,,,,,,,,,,,,,,,,,,,,,,,,,,,,,,52.840329351097274,,#000000,,52.840329351097274,,37.47244182841013,-7.913152763232809,False,False,False,True,False,,0.0,0.0,0.0,0.0,0,,,False,False,False,False,,,False,False,False,False,-201125,-300883.2823341624,False,False,False,False,94439.8574146662,False,False,False,False
2022-02-25 00:00:00+00:00,51.27,51.42,48.96,50.62,52559,,,,,,,,,,,,,,,,,,,,,,,,,,,,,,,52.754465688536065,,,,,,,,,,,,,,,,,,,,,,,,,,,,,,,52.754465688536065,,#000000,,52.754465688536065,,39.45580838582384,-7.913152763232809,False,False,False,True,True,,0.0,0.0,0.0,0.0,0,,,False,False,False,False,,,False,False,False,False,-148566,-294910.0555759599,False,False,False,False,92797.47084938516,False,False,False,False
2022-02-28 00:00:00+00:00,52.62,52.62,50.97,50.97,50635,,,,,,,,,,,,,,,,,,,,,,,,,,,,,,,52.730606374591694,,,,,,,,,,,,,,,,,,,,,,,,,,,,,,,52.730606374591694,,#000000,,52.730606374591694,,42.43574094394242,-14.398590395555907,False,False,False,True,True,,0.0,0.0,0.0,0.0,0,,,False,False,False,False,,,False,False,False,False,-97931,-287185.38672984386,False,False,False,False,91144.04061999751,False,False,False,False
2022-03-01 00:00:00+00:00,51.46,53.3601,51.08,52.71,38374,,,,,,,,,,,,,,,,,,,,,,,,,,,,,,,52.71094523930412,,,,,,,,,,,,,,,,,,,,,,,,,,,,,,,52.71094523930412,,#000000,,52.71094523930412,,43.18492983814996,-13.634119237345182,False,False,False,True,True,,0.0,0.0,0.0,0.0,0,,,False,False,False,False,,,False,False,False,False,-136305,-281268.5088188696,False,False,False,False,89074.62726235055,False,False,False,False
2022-03-02 00:00:00+00:00,49.8,51.86,49.42,51.81,100180,,,,,,,,,,,,,,,,,,,,,,,,,,,,,,,52.56292786690625,,,,,,,,,,,,,,,,,,,,,,,,,,,,,,,52.56292786690625,,#000000,,52.56292786690625,,42.07968174802337,-13.634119237345182,False,False,False,True,True,,0.0,0.0,0.0,0.0,0,,,False,False,False,False,,,False,False,False,False,-236485,-279512.2927867571,False,False,False,False,89510.13207559171,False,False,False,False
2022-03-03 00:00:00+00:00,44.49,50.07,44.33,50.07,198222,,,,,,,,,,,,,,,,,,,,,,,,,,,,,,,51.868767277719385,,,,,,,,,,,,,,,,,,,,,,,,,,,,,,,51.868767277719385,,#000000,,51.868767277719385,,37.68966149664736,-13.634119237345182,False,False,False,True,False,,0.0,0.0,0.0,0.0,0,,,False,False,False,False,,,False,False,False,False,-434707,-285598.35973629606,False,False,False,False,93773.34258243126,False,False,False,False
2022-03-04 00:00:00+00:00,43.43,44.79,42.8571,44.36,180022,,,,,,,,,,,,,,,,,,,,,,,,,,,,,,,51.12136338687437,,,,,,,,,,,,,,,,,,,,,,,,,,,,,,,51.12136338687437,,#000000,,51.12136338687437,,34.214417508810726,-8.797166765002096,False,False,False,True,False,,0.0,0.0,0.0,0.0,0,,,False,False,False,False,,,False,False,False,False,-614729,-298505.44366820605,False,False,False,False,97155.6428733163,False,False,False,False
2022-03-07 00:00:00+00:00,40.51,43.99,40.27,43.33,83446,,,,,,,,,,,,,,,,,,,,,,,,,,,,,,,50.73392231176759,,,,,,,,,,,,,,,,,,,,,,,,,,,,,,,50.73392231176759,,#000000,,50.73392231176759,,30.560586339259547,-12.220615563893091,False,False,False,True,False,,0.0,0.0,0.0,0.0,0,,,False,False,False,False,,,False,False,False,False,-698175,-314178.7596027862,False,False,False,False,96618.00981946076,False,False,False,False
2022-03-08 00:00:00+00:00,41.92,42.75,39.71,40.34,128369,,,,,,,,,,,,,,,,,,,,,,,,,,,,,,,50.18813111109379,,,,,,,,,,,,,,,,,,,,,,,,,,,,,,,50.18813111109379,,#000000,,50.18813111109379,,29.978903715579772,-12.794359047553527,False,False,False,True,False,,0.0,0.0,0.0,0.0,0,,,False,False,False,False,,,False,False,False,False,-569806,-324203.35726542206,False,False,False,False,97863.14668928583,False,False,False,False
2022-03-09 00:00:00+00:00,45.38,45.55,42.87,42.93,104851,,,,,,,,,,,,,,,,,,,,,,,,,,,,,,,49.931829267996434,,,,,,,,,,,,,,,,,,,,,,,,,,,,,,,49.931829267996434,,#000000,,49.931829267996434,,33.47377038820602,-12.794359047553527,False,False,False,True,False,,0.0,0.0,0.0,0.0,0,,,False,False,False,False,,,False,False,False,False,-464955,-329723.02952952316,False,False,False,False,98137.1801524511,False,False,False,False
2022-03-10 00:00:00+00:00,43.51,46.05,41.64,46.0,90499,,,,,,,,,,,,,,,,,,,,,,,,,,,,,,,49.695791399957415,,,,,,,,,,,,,,,,,,,,,,,,,,,,,,,49.695791399957415,,#000000,,49.695791399957415,,34.60791091276631,-12.794359047553527,False,False,False,True,True,,0.0,0.0,0.0,0.0,0,,,False,False,False,False,,,False,False,False,False,-555454,-338575.22444993403,False,False,False,False,97837.64367588439,False,False,False,False
2022-03-11 00:00:00+00:00,40.71,44.02,40.36,43.76,108586,,,,,,,,,,,,,,,,,,,,,,,,,,,,,,,49.346277263839305,,,,,,,,,,,,,,,,,,,,,,,,,,,,,,,49.346277263839305,,#000000,,49.346277263839305,,33.79780518481737,-12.794359047553527,False,False,False,True,True,,0.0,0.0,0.0,0.0,0,,,False,False,False,False,,,False,False,False,False,-664040,-351338.54898130917,False,False,False,False,98259.14784545756,False,False,False,False
2022-03-14 00:00:00+00:00,38.52,41.06,38.31,40.52,105418,,,,,,,,,,,,,,,,,,,,,,,,,,,,,,,48.93732744911464,,,,,,,,,,,,,,,,,,,,,,,,,,,,,,,48.93732744911464,,#000000,,44.11699705789066,,32.19809568995922,-12.794359047553527,False,False,False,True,True,,0.0,0.0,0.0,0.0,0,,,False,False,False,False,,,False,False,False,False,-769458,-367735.3901977284,False,False,False,False,98539.8871456357,False,False,False,False
2022-03-15 00:00:00+00:00,41.49,41.69,38.63,38.63,80761,,,,,,,,,,,,,,,,,,,,,,,,,,,,,,,48.68536926255891,,,,,,,,,,,,,,,,,,,,,,,,,,,,,,,48.68536926255891,,#000000,,44.27442185728239,,34.17159464432079,-12.794359047553527,False,False,False,True,True,0.0,0.0,0.0,0.0,0.0,0,,,False,False,False,False,-0.3298948946341949,-0.3298948946341949,False,False,False,False,-688697,-380322.11999389593,False,False,False,False,97842.67588502255,False,False,False,False
2022-03-16 00:00:00+00:00,45.63,45.72,42.11,42.11,62548,,,,,,,,,,,,,,,,,,,,,,,,,,,,,,,48.58930750618202,,,,,,,,,,,,,,,,,,,,,,,,,,,,,,,48.58930750618202,,#000000,,44.80769382647803,,38.88134835210965,-18.00310639196951,False,False,False,True,True,0.0,0.0,0.0,0.0,0.0,0,0.8218439965430278,1.1162091063928716,False,False,False,False,-0.22494010864017036,-0.27741750163718265,False,False,False,False,-626149,-389962.38979805686,False,False,False,False,96458.570948355,False,False,False,False
2022-03-17 00:00:00+00:00,47.52,47.61,45.27,45.27,41489,,,,,,,,,,,,,,,,,,,,,,,,,,,,,,,48.5625590558462,,,,,,,,,,,,,,,,,,,,,,,,,,,,,,,48.5625590558462,,#000000,,45.20703661345021,,43.33647042697184,-13.79631699129142,True,False,False,True,True,0.0,0.0,0.0,0.0,0.0,0,0.8535158741091061,1.1003132477258928,False,False,False,False,-0.10201439178647431,-0.18971594671182848,False,False,False,False,-584660,-397597.590198133,False,False,False,False,94302.9014993999,False,False,False,False
2022-03-18 00:00:00+00:00,49.05,49.85,47.18,47.31,69620,,,,,,,,,,,,,,,,,,,,,,,,,,,,,,,48.565759255917435,,,,,,,,,,,,,,,,,,,,,,,,,,,,,,,48.565759255917435,,#000000,,45.8705041337521,,47.319543277756,-10.11948714019315,True,False,False,False,True,0.0,0.0,0.0,0.0,0.0,0,0.9162189513394371,1.064773016276704,False,False,False,False,0.016894462249744273,-0.0864107422310421,False,False,False,False,-515040,-402203.1748962455,False,False,False,False,93334.94457785481,False,False,False,False
2022-03-21 00:00:00+00:00,49.19,49.61,47.51,49.01,50476,,,,,,,,,,,,,,,,,,,,,,,,,,,,,,,48.56931975063686,,,,,,,,,,,,,,,,,,,,,,,,,,,,,,,48.56931975063686,,#000000,,46.21641354488371,,50.06979003660845,-7.604456627195006,True,False,False,False,True,0.0,0.0,0.0,0.0,0.0,0,0.9299901052682115,1.0200695031564462,False,False,False,False,0.018662878687650264,-0.03387393177169592,False,False,False,False,-464564,-404648.6974493339,False,False,False,False,91654.20165323306,False,False,False,False
2022-03-22 00:00:00+00:00,50.4,51.32,49.5,49.5,77900,,,,,,,,,,,,,,,,,,,,,,,,,,,,,,,48.61745704894851,,,,,,,,,,,,,,,,,,,,,,,,,,,,,,,48.61745704894851,,#000000,,46.76250143118965,,52.748308764456745,-5.0993188900717,True,False,True,False,True,0.0,0.0,0.0,0.0,0.0,0,0.9465677159986622,1.0034286837151993,False,False,False,False,0.0915945727635938,0.02886032049594894,False,False,False,False,-386664,-403943.4151964189,False,False,False,False,91114.82119624353,False,False,False,False
2022-03-23 00:00:00+00:00,49.45,51.68,48.8,49.76,37459,,,,,,,,,,,,,,,,,,,,,,,,,,,,,,,48.634367630658154,,,,,,,,,,,,,,,,,,,,,,,,,,,,,,,48.634367630658154,,#000000,,46.95156797703225,,53.6243874426201,-4.198660577132962,True,False,True,False,True,0.0,0.0,0.0,0.0,0.0,0,0.9742504142102245,0.9828790833556726,False,False,False,False,0.08486385288419368,0.05686208669007131,False,False,False,False,-424123,-404734.771463226,False,False,False,False,89010.67134541046,False,False,False,False
2022-03-24 00:00:00+00:00,49.93,50.25,48.68,49.91,30580,,,,,,,,,,,,,,,,,,,,,,,,,,,,,,,48.64427776658409,,,,,,,,,,,,,,,,,,,,,,,,,,,,,,,48.64427776658409,,#000000,,47.07612792181362,,54.58681081958537,-3.082063067994305,True,False,True,False,True,0.0,0.0,0.0,0.0,0.0,0,0.9560651992443215,1.0145751958062492,False,False,False,False,0.05426749262727814,0.05556478965867473,False,False,False,False,-393543,-404295.8784646681,False,False,False,False,86719.27246911985,False,False,False,False
2022-03-25 00:00:00+00:00,48.87,49.94,47.8723,49.34,45872,,,,,,,,,,,,,,,,,,,,,,,,,,,,,,,48.64798973755753,,,,,,,,,,,,,,,,,,,,,,,,,,,,,,,48.64798973755753,,#000000,,47.20696767378151,,54.132174348111924,-3.082063067994305,True,False,True,False,True,0.0,0.0,0.0,0.0,0.0,0,0.9257669612394432,1.0299233737904805,False,False,False,False,0.03227065963797472,0.043917724648324726,False,False,False,False,-439415,-405673.0989170341,False,False,False,False,85117.41864680142,False,False,False,False
2022-03-28 00:00:00+00:00,49.52,50.44,48.37,48.54,47960,,,,,,,,,,,,,,,,,,,,,,,,,,,,,,,48.660156218279155,,,,,,,,,,,,,,,,,,,,,,,,,,,,,,,48.660156218279155,,#000000,,47.34870091207397,,54.418040592225886,-2.5912924217131987,True,False,True,False,True,0.0,0.0,0.0,0.0,0.0,0,0.9330942343589421,1.0250634451225908,False,False,False,False,0.05190369983230793,0.04791071224031633,False,False,False,False,-391455,-405115.52641048376,False,False,False,False,83660.26497437785,False,False,False,False
2022-03-29 00:00:00+00:00,52.3,52.84,50.42,50.82,66957,,,,,,,,,,,,,,,,,,,,,,,,,,,,,,51.85333333333334,48.726924886192265,,,,,,,,,,,,,,,,,,,,,,,,,,,,,,,50.2901291097628,,#000000,,49.05353617135662,,56.87247958883906,0.11535368809963842,True,False,True,False,True,0.0,0.0,0.0,0.0,0.0,0,0.9439266605134042,1.0009715677633817,False,False,False,False,0.1401788714101943,0.09404479182525532,False,False,False,False,-324498,-401954.05478654325,False,False,False,False,83005.23497538264,False,False,False,False
2022-03-30 00:00:00+00:00,51.07,52.06,50.715,51.66,39744,,,,,,,,,,,,,,,,,,,,,,,,,,,,,,51.6403988716132,48.75824441497982,,,,,,,,,,,,,,,,,,,,,,,,,,,,,,,50.199321643296514,,#000000,,49.07529748523621,,57.099896559036516,0.6866610144120529,True,False,True,False,True,0.0,0.0,0.0,0.0,0.0,0,0.957730662749308,1.0033193965760778,False,False,False,False,0.13047647656886727,0.1122606341970613,False,False,False,False,-364242,-400475.15067726705,False,False,False,False,81308.71595674018,False,False,False,False
2022-03-31 00:00:00+00:00,51.82,52.53,50.43,51.21,41058,,,,,,,,,,,,,,,,,,,,,,,,,,,,,,51.62732070466097,48.793700880773386,,,,,,,,,,,,,,,,,,,,,,,,,,,,,,,50.21051079271717,,#000000,,49.16451324070268,,57.87224652304522,1.8116066605172136,True,False,True,False,True,0.0,0.0,0.0,0.0,0.0,0,0.9587657229630442,0.989122869628706,False,False,False,False,0.13417441154364484,0.12321752287035306,False,False,False,False,-323184,-397444.1251605115,False,False,False,False,79730.25650745626,False,False,False,False
2022-04-01 00:00:00+00:00,50.91,52.555,50.54,51.99,35304,,,,,,,,,,,,,,,,,,,,,,,,,,,,,,51.57094617699918,48.82073830791363,,,,,,,,,,,,,,,,,,,,,,,,,,,,,,,50.19584224245641,,#000000,,49.21494080551995,,57.291554939734255,1.8116066605172136,True,False,True,False,True,0.0,0.0,0.0,0.0,0.0,0,0.9570122424798518,1.0037612481621832,False,False,False,False,0.13687520299253736,0.13004636293144523,False,False,False,False,-358488,-395916.43397774635,False,False,False,False,77988.05036990896,False,False,False,False
2022-04-04 00:00:00+00:00,51.7,52.12,50.6,51.1,60104,,,,,,,,,,,,,,,,,,,,,,,,,,,,,,51.54681904479912,48.86792983483672,,,,,,,,,,,,,,,,,,,,,,,,,,,,,,,50.207374439817926,,#000000,,49.31728352219475,,57.63814079205427,2.325000306764565,True,False,True,False,True,0.0,0.0,0.0,0.0,0.0,0,0.9617612936103773,0.9874224292782716,False,False,False,False,0.12937777890097077,0.129712070916208,False,False,False,False,-298384,-392091.6326452857,False,False,False,False,77286.71506128508,False,False,False,False
2022-04-05 00:00:00+00:00,49.53,51.81,48.985,51.81,42323,,,,,,,,,,,,,,,,,,,,,,,,,,,,,,51.33356803507421,48.88327679200005,,,,,,,,,,,,,,,,,,,,,,,,,,,,,,,50.10842241353713,,#000000,,49.290087550244145,,55.30952208355053,2.325000306764565,True,False,True,False,False,0.0,0.0,0.0,0.0,0.0,0,0.9740372292178489,0.9898646043339836,False,False,False,False,0.09109939228497495,0.11040573160059147,False,False,False,False,-340707,-390076.5490121372,False,False,False,False,75915.58898045038,False,False,False,False
2022-04-06 00:00:00+00:00,48.63,49.3,47.36,48.19,59189,,,,,,,,,,,,,,,,,,,,,,,,,,,,,,50.83496124896885,48.875567100979175,,,,,,,,,,,,,,,,,,,,,,,,,,,,,,,49.85526417497401,,#000000,,48.96003833228057,,52.80051573739861,2.325000306764565,True,False,True,False,False,0.0,0.0,0.0,0.0,0.0,0,0.9476855080002804,1.003836887988696,False,False,False,False,0.009625295216762421,0.060015513408676946,False,False,False,False,-399896,-390461.6255214652,False,False,False,False,75259.64431455037,False,False,False,False
2022-04-07 00:00:00+00:00,48.97,49.94,47.86,48.86,34237,,,,,,,,,,,,,,,,,,,,,,,,,,,,,,50.66223588253509,48.87603246977524,,,,,,,,,,,,,,,,,,,,,,,,,,,,,,,49.76913417615516,,#000000,,48.97234905811008,,51.528220081148135,6.44544556229701,True,False,False,False,False,0.0,0.0,0.0,0.0,0.0,0,0.9418166705628718,1.0099445996742031,False,False,False,False,0.03202880268292799,0.046022158045802466,False,False,False,False,-365659,-389488.9735402313,False,False,False,False,73650.91316496016,False,False,False,False
2022-04-08 00:00:00+00:00,49.05,49.63,48.32,48.48,48215,,,,,,,,,,,,,,,,,,,,,,,,,,,,,,50.47460093429573,48.877710317557465,,,,,,,,,,,,,,,,,,,,,,,,,,,,,,,49.6761556259266,,#000000,,48.97307731369114,,50.78066666758042,5.5597554729660885,True,False,False,False,False,0.0,0.0,0.0,0.0,0.0,1,0.9447655700423935,1.004243076155773,False,False,False,False,0.03497854196053967,0.040500350003171065,False,False,False,False,-317444,-386663.68046022224,False,False,False,False,72653.42637417742,False,False,False,False
2022-04-11 00:00:00+00:00,48.16,49.35,47.6843,48.06,30475,,,,,,,,,,,,,,,,,,,,,,,,,,,,,,50.336313049144174,48.8736421840184,,,,,,,,,,,,,,,,,,,,,,,,,,,,,,,49.60497761658129,,#000000,,48.926345315415006,,49.172810530931635,3.857206633830657,True,False,False,False,False,0.0,0.0,0.0,0.0,0.0,1,0.9449328809115389,1.010298258617087,False,False,False,False,0.016978950766074127,0.028739650384622596,False,False,False,False,-347919,-385144.28122648806,False,False,False,False,70999.37043793517,False,False,False,False
2022-04-12 00:00:00+00:00,49.13,51.0201,48.7,49.62,50874,,,,,,,,,,,,,,,,,,,,,,,,,,,,,,50.264314948408334,48.884016872029875,,,,,,,,,,,,,,,,,,,,,,,,,,,,,,,49.57416591021911,,#000000,,48.984039874875904,,49.4501922993073,3.857206633830657,True,False,False,False,False,0.0,0.0,0.0,0.0,0.0,1,0.9261722412137825,1.0133062882154509,False,False,False,False,0.06984747110699882,0.049293560745810705,False,False,False,False,-297045,-381689.4074529003,False,False,False,False,70210.14022468281,False,False,False,False
2022-04-13 00:00:00+00:00,50.17,51.19,48.93,49.1,38677,,,,,,,,,,,,,,,,,,,,,,,,,,,,,,50.25246435965059,48.89675363606838,,,,,,,,,,,,,,,,,,,,,,,,,,,,,,,49.574608997859485,,#000000,,49.04645415575825,,50.9877568453326,3.857206633830657,True,False,False,False,False,0.0,0.0,0.0,0.0,0.0,1,0.9167929252267225,1.0169260116100458,False,False,False,False,0.0852055978160636,0.06724957928093715,False,False,False,False,-258368,-376853.2738272964,False,False,False,False,68973.54649038153,False,False,False,False
2022-04-14 00:00:00+00:00,48.89,50.25,48.22,50.24,50920,,,,,,,,,,,,,,,,,,,,,,,,,,,,,,50.15604686626193,48.89979858093529,,,,,,,,,,,,,,,,,,,,,,,,,,,,,,,49.52792272359861,,#000000,,49.036821258746755,,50.228589473569485,3.857206633830657,True,False,False,False,False,0.0,0.0,0.0,0.0,0.0,1,0.9276826414641438,1.029278592303629,False,False,False,False,0.052046943199887855,0.0596482612404125,False,False,False,False,-309288,-374203.6552458338,False,False,False,False,68265.56427507245,False,False,False,False
2022-04-18 00:00:00+00:00,48.48,49.13,47.37,48.89,46762,,,,,,,,,,,,,,,,,,,,,,,,,,,,,,50.023385105894654,48.892708547434545,,,,,,,,,,,,,,,,,,,,,,,,,,,,,,,49.4580468266646,,#000000,,48.98020727777609,,49.175157210237394,3.301716690674219,True,False,False,False,False,0.0,0.0,0.0,0.0,0.0,1,0.9366516601488262,1.0025339335940469,False,False,False,False,0.012600664778829734,0.03612446300962112,False,False,False,False,-356050,-373491.7471969776,False,False,False,False,67422.28724467746,False,False,False,False
2022-04-19 00:00:00+00:00,49.38,50.06,48.03,48.03,35321,,,,,,,,,,,,,,,,,,,,,,,,,,,,,,49.97837604627343,48.89515214351783,,,,,,,,,,,,,,,,,,,,,,,,,,,,,,,49.43676409489563,,#000000,,48.98099324718649,,49.80088904405892,3.301716690674219,True,False,False,False,False,0.0,0.0,0.0,0.0,0.0,1,0.9320853993562279,1.0030404608698584,False,False,False,False,0.04442920841308674,0.04027683571135393,False,False,False,False,-320729,-371422.6198559196,False,False,False,False,66163.41323508226,False,False,False,False
2022-04-20 00:00:00+00:00,48.57,49.19,48.0,48.81,48878,,,,,,,,,,,,,,,,,,,,,,,,,,,,,,49.8850695642294,48.89125019757532,,,,,,,,,,,,,,,,,,,,,,,,,,,,,,,49.38815988090236,,#000000,4.716676956662764,48.95009105108664,-0.08058449933691597,49.03792110682623,2.861461526778996,True,False,False,False,False,0.0,0.0,0.0,0.0,0.0,1,0.9244234389344477,1.020787418125392,False,False,False,False,0.02640613365254792,0.033341484681950924,False,False,False,False,-369607,-371351.4190772561,False,False,False,False,65485.55389253002,False,False,False,False
2022-04-21 00:00:00+00:00,46.6,49.765,46.1301,49.27,64881,,,,,,,,,,,,,,,,,,,,,,,,,,,,,,49.69002237339914,48.86824986203958,,,,,,,,,,,,,,,,,,,,,,,,,,,,,,,49.27913611771936,,"rgba(239, 83, 80, 0.5)",4.356902619112852,48.84274498429029,-0.5147567389851269,46.05084358131037,-0.08834345179855063,False,False,False,True,False,0.0,0.0,0.0,0.0,0.0,1,0.90893279442585,1.010300258228614,False,False,False,False,0.0005019980391256051,0.016921741360538263,False,False,False,False,-434488,-373827.36342716764,False,False,False,False,65461.845896744526,False,False,False,False
2022-04-22 00:00:00+00:00,45.48,47.14,44.8583,46.49,41793,,,,,,,,,,,,,,,,,,,,,,,,,,,,,,49.49679204075887,48.83623210271762,,,,,,,,,,,,,,,,,,,,,,,,,,,,,,,49.16651207173824,,"rgba(239, 83, 80, 0.5)",4.133001518212829,48.71497749463828,-0.7827186804511842,42.86860008224489,-3.086761084092821,False,True,False,True,False,0.0,0.0,0.0,0.0,0.0,0,0.8905227548465761,1.040718642490319,False,False,False,False,-0.07758932610529015,-0.030333792372375944,False,False,False,False,-476281,-377845.1530966905,False,False,False,False,64533.655861578074,False,False,False,False
2022-04-25 00:00:00+00:00,46.07,46.18,44.49,44.95,56727,,,,,,,,,,,,,,,,,,,,,,,,,,,,,,49.24782503898493,48.79037023669127,,,,,,,,,,,,,,,,,,,,,,,,,,,,,,,49.0190976378381,,"rgba(239, 83, 80, 0.5)",4.1234992661813585,48.54992615690664,-0.6014130224893246,41.78670642743829,-4.063191161120592,False,True,False,True,False,0.0,0.0,0.0,0.0,0.0,0,0.8937628983128665,1.0541481279238085,False,False,False,False,-0.10437740831572884,-0.06735560034405239,False,False,False,False,-419554,-379480.7941517222,False,False,False,False,64227.51249445737,False,False,False,False
2022-04-26 00:00:00+00:00,43.76,45.63,43.7,45.5,58461,,,,,,,,,,,,,,,,,,,,,,,,,,,,,,48.94752819430715,48.72703177354335,,,,,,,,,,,,,,,,,,,,,,,,,,,,,,,48.83727998392525,,"rgba(239, 83, 80, 1.0)",4.161554846297084,48.34104340819997,-1.1008009211451697,38.75932150478867,-6.880336033743035,False,True,False,True,False,0.0,0.0,0.0,0.0,0.0,0,0.8830809283326747,1.0540403781756364,False,False,False,False,-0.1315536899468672,-0.09945464514545979,False,False,False,False,-478015,-383344.8806555763,False,False,False,False,64001.37474957669,False,False,False,False
2022-04-27 00:00:00+00:00,43.7,45.15,43.58,43.9,30097,,,,,,,,,,,,,,,,,,,,,,,,,,,,,,48.800135437009494,48.69351669468589,,,,,,,,,,,,,,,,,,,,,,,,,,,,,,,48.74682606584769,,"rgba(239, 83, 80, 1.0)",4.214120181117395,48.23820721936537,-1.0769050298328322,36.68695023757574,-8.755130284543462,False,True,False,True,False,0.0,0.0,0.0,0.0,0.0,0,0.8773996378312776,1.062881872352114,False,False,False,False,-0.14378270453676095,-0.12161867484111037,False,False,False,False,-508112,-388237.7088651616,False,False,False,False,62671.79142606388,False,False,False,False
2022-04-28 00:00:00+00:00,45.67,46.03,43.6,44.35,34993,,,,,,,,,,,,,,,,,,,,,,,,,,,,,,48.672694380161225,48.66322487190304,,,,,,,,,,,,,,,,,,,,,,,,,,,,,,,48.66795962603213,,"rgba(239, 83, 80, 0.5)",4.239694141611446,48.153269355332924,-0.5857189864146821,38.723817200466016,-8.755130284543462,False,True,False,True,False,0.0,0.0,0.0,0.0,0.0,0,0.8705683435120755,1.0528901683223866,False,False,False,False,-0.11372722607097013,-0.11767295045604026,False,False,False,False,-473119,-391566.38694888074,False,False,False,False,61586.34862504177,False,False,False,False
2022-04-29 00:00:00+00:00,42.88,46.08,42.82,45.01,33820,,,,,,,,,,,,,,,,,,,,,,,,,,,,,,48.51979942081583,48.62494793468574,,,,,,,,,,,,,,,,,,,,,,,,,,,,,,,48.57237367775079,,"rgba(239, 83, 80, 1.0)",4.289447924324937,48.04598755862684,-1.204347890396606,37.35002162724528,-8.755130284543462,False,True,False,True,False,0.0,0.0,0.0,0.0,0.0,0,0.8754157553138103,1.0484367752040151,False,False,False,False,-0.1099786036866368,-0.11382577707133854,False,False,False,False,-506939,-396090.8031469639,False,False,False,False,60497.47220837347,False,False,False,False
2022-05-02 00:00:00+00:00,44.69,44.91,42.74,42.76,46194,,,,,,,,,,,,,,,,,,,,,,,,,,,,,,48.334077202242575,48.575692877494376,,,,,,,,,,,,,,,,,,,,,,,,,,,,,,,48.45488503986847,,"rgba(239, 83, 80, 0.5)",4.268195508748505,47.91656853068572,-0.7559561233950598,39.054861027595635,-8.755130284543462,False,True,False,True,True,0.0,0.0,0.0,0.0,0.0,0,0.8912159781234333,1.054967790870587,False,False,False,False,-0.11249132995951025,-0.11315855351542439,False,False,False,False,-460745,-398626.261847083,False,False,False,False,59936.551729613726,False,False,False,False
2022-05-03 00:00:00+00:00,44.66,45.15,43.22,45.0,64782,,,,,,,,,,,,,,,,,,,,,,,,,,,,,,48.11135882924731,48.511870743811386,,,,,,,,,,,,,,,,,,,,,,,,,,,,,,,48.31161478652935,,"rgba(239, 83, 80, 0.5)",4.261066004592689,47.76259845843135,-0.7281272937540253,40.160463038628535,-8.755130284543462,False,True,False,True,True,0.0,0.0,0.0,0.0,0.0,0,0.9180175780870923,1.0312868523019902,False,False,False,False,-0.09333445041471108,-0.10324650196506774,False,False,False,False,-525527,-403602.76138249156,False,False,False,False,60126.56930884456,False,False,False,False
2022-05-04 00:00:00+00:00,47.23,47.24,44.1507,44.9,45958,,,,,,,,,,,,,,,,,,,,,,,,,,,,,,48.038828848676,48.48747356440967,,,,,,,,,,,,,,,,,,,,,,,,,,,,,,,48.26315120654283,,#000000,4.205126270988181,47.72054532971345,-0.1166541259647312,44.17999498841174,-10.96779768113879,False,False,False,True,True,0.0,0.0,0.0,0.0,0.0,0,0.9285091522939866,1.0054105276501155,False,False,False,False,-0.013541701609105242,-0.05839410178708649,False,False,False,False,-479569,-406581.8295635703,False,False,False,False,59570.93913987027,False,False,False,False
2022-05-05 00:00:00+00:00,41.7,46.3191,41.41,46.3191,37220,,,,,,,,,,,,,,,,,,,,,,,,,,,,,,47.89234429680709,48.442049634418794,,,,,,,,,,,,,,,,,,,,,,,,,,,,,,,48.167196965612945,,"rgba(239, 83, 80, 1.0)",4.287346994617098,47.614342113791814,-1.3794876228160347,41.84700372370081,-10.96779768113879,False,True,False,True,True,0.0,0.0,0.0,0.0,0.0,0,0.9108320134137305,1.0057817803927653,False,False,False,False,-0.11038296130547899,-0.08438853154628274,False,False,False,False,-516789,-410903.6793846068,False,False,False,False,58694.43172262046,False,False,False,False
2022-05-06 00:00:00+00:00,40.37,41.505,38.43,41.46,45799,,,,,,,,,,,,,,,,,,,,,,,,,,,,,,47.61570025849711,48.35572600441283,,,,,,,,,,,,,,,,,,,,,,,,,,,,,,,47.98571313145497,,"rgba(255, 0, 0, 1.0)",4.399611338280683,47.40423890963605,-1.5988318896334492,39.41428433788909,-10.96779768113879,False,True,False,True,False,0.0,0.0,0.0,0.0,0.0,0,0.9029438637554749,1.035859884329437,False,False,False,False,-0.326226114288228,-0.20530732291725537,False,False,False,False,-562588,-416852.0841146222,False,False,False,False,58188.72851781181,False,False,False,False
2022-05-09 00:00:00+00:00,36.79,39.82,36.72,38.99,52887,,,,,,,,,,,,,,,,,,,,,,,,,,,,,,47.228140604401744,48.23077958199091,,,,,,,,,,,,,,,,,,,,,,,,,,,,,,,47.72946009319632,,"rgba(255, 26, 202, 1.0)",4.600328652576001,47.10450337264979,-2.242123150674045,35.79682515053011,-8.39163182052539,False,True,False,True,False,0.0,0.0,0.0,0.0,0.0,0,0.8588674406812636,1.049741339824476,False,False,False,False,-0.34282825441539394,-0.27406778866632464,False,False,False,False,-615475,-424641.21807091153,False,False,False,False,57980.817595544686,False,False,False,False
2022-05-10 00:00:00+00:00,36.22,37.79,35.29,37.79,102170,,,,,,,,,,,,,,,,,,,,,,,,,,,,,,46.46478914270752,47.96760650031176,,,,,,,,,,,,,,,,,,,,,,,,,,,,,,,47.21619782150964,,"rgba(255, 26, 202, 1.0)",4.810567852453916,46.507585589928794,-2.1385387142353687,33.10474757381024,-10.826753144016692,False,True,False,True,False,0.0,0.0,0.0,0.0,0.0,0,0.8336022172267316,1.073999637767736,False,False,False,False,-0.34282825441539394,-0.30844802154085926,False,False,False,False,-717645,-436131.5624602876,False,False,False,False,59713.72670944489,False,False,False,False
2022-05-11 00:00:00+00:00,34.22,36.9,34.05,35.69,148052,,,,,,,,,,,,,,,,,,,,,,,,,,,,,,45.40444320855662,47.56332341227769,,,,,,,,,,,,,,,,,,,,,,,,,,,,,,,46.483883310417156,,"rgba(255, 26, 202, 1.0)",5.066742383265446,45.66633272033257,-2.2591108555544057,30.36675880169252,-13.326703767109578,False,True,False,True,False,0.0,0.0,0.0,0.0,0.0,0,0.8240917188031577,1.0860314614710256,False,False,False,False,-0.34282825441539394,-0.3256381379781266,False,False,False,False,-865697,-452977.2658932175,False,False,False,False,63177.972720839214,False,False,False,False
2022-05-12 00:00:00+00:00,29.72,33.29,28.72,33.29,304240,,,,,,,,,,,,,,,,,,,,,,,,,,,,,,43.02651152339275,46.53636150683278,,,,,,,,,,,,,,,,,,,,,,,,,,,,,,,44.781436515112766,,"rgba(255, 26, 202, 1.0)",5.4973458788502425,41.09787969509166,-2.0697041710374102,26.867972345326866,-16.54380201059967,False,True,False,True,False,0.0,0.0,0.0,0.0,0.0,0,0.8052693589104637,1.0928195394901998,False,False,False,False,-0.34282825441539394,-0.3342331961967603,False,False,False,False,-1169937,-481093.3338974051,False,False,False,False,72631.38555531611,False,False,False,False
2022-05-13 00:00:00+00:00,32.68,32.85,30.24,30.24,94175,,,,,,,,,,,,,,,,,,,,,,,,,,,,,,42.50140298502091,46.26791750604798,,,,,,,,,,,,,,,,,,,,,,,,,,,,,,,44.38466024553445,,"rgba(239, 83, 80, 1.0)",5.760944783001555,40.81182911451073,-1.411544359616983,27.937026454293527,-16.54380201059967,False,True,False,True,False,0.0,0.0,0.0,0.0,0.0,0,0.8474189234395022,1.080527957603908,False,False,False,False,-0.3235574106614101,-0.3288953034290852,False,False,False,False,-1075762,-504413.6737445657,False,False,False,False,73476.23318059783,False,False,False,False
2022-05-16 00:00:00+00:00,30.56,32.36,30.48,32.33,52063,,,,,,,,,,,,,,,,,,,,,,,,,,,,,,42.21175323814651,46.11576144931964,,,,,,,,,,,,,,,,,,,,,,,,,,,,,,,44.163757343733074,,"rgba(255, 0, 0, 1.0)",6.079638316055824,40.623082784353706,-1.6552107643933247,27.735599908125526,-16.54380201059967,False,True,False,True,False,0.0,0.0,0.0,0.0,0.0,0,0.8582231051197339,1.041856325511853,False,False,False,False,-0.3279971716205272,-0.3284462375248062,False,False,False,False,-1127825,-528861.1767349748,False,False,False,False,72636.49854606458,False,False,False,False
2022-05-17 00:00:00+00:00,33.24,33.37,31.4,31.4,108580,,,,,,,,,,,,,,,,,,,,,,,,,,,,,,41.73030469353867,45.83963180570075,,,,,,,,,,,,,,,,,,,,,,,,,,,,,,,43.78496824961971,,"rgba(239, 83, 80, 1.0)",6.259141716483745,40.36455845900318,-1.1382644429092115,30.327054613373193,-16.54380201059967,False,True,False,True,True,0.0,0.0,0.0,0.0,0.0,0,0.8774824637817525,1.0220367509356192,False,False,False,False,-0.29403022692804875,-0.31123823222642744,False,False,False,False,-1019245,-548091.9149022307,False,False,False,False,74046.04762268951,False,False,False,False
2022-05-18 00:00:00+00:00,32.71,33.43,31.87,32.38,80976,,,,,,,,,,,,,,,,,,,,,,,,,,,,,,41.4017341075561,45.640973518900026,,,,,,,,,,,,,,,,,,,,,,,,,,,,,,,43.52135381322806,,"rgba(239, 83, 80, 1.0)",6.388020328060311,40.17510074850223,-1.168609422814559,31.771860543292373,-16.54380201059967,False,True,False,True,True,0.0,0.0,0.0,0.0,0.0,0,0.8839954752103537,1.0123104054813192,False,False,False,False,-0.28481977737142355,-0.29802900479892547,False,False,False,False,-1100221,-569744.035886457,False,False,False,False,74317.81046101541,False,False,False,False
2022-05-19 00:00:00+00:00,34.38,34.81,32.35,32.35,178633,,,,,,,,,,,,,,,,,,,,,,,,,,,,,,40.84209797388031,45.26113914046491,,,,,,,,,,,,,,,,,,,,,,,,,,,,,,,43.05161855717261,,"rgba(239, 83, 80, 0.5)",6.441522557972217,39.889381644738705,-0.85529183436921,34.40086421790294,-22.048189733534628,False,True,False,True,True,0.0,0.0,0.0,0.0,0.0,0,0.8695475411664126,1.0289163847898002,False,False,False,False,-0.25285444407899377,-0.27544172443895965,False,False,False,False,-921588,-583541.8384007135,False,False,False,False,78408.60220764225,False,False,False,False
2022-05-20 00:00:00+00:00,35.35,35.38,33.83,34.92,100021,,,,,,,,,,,,,,,,,,,,,,,,,,,,,,40.60359989773952,45.076786668052705,,,,,,,,,,,,,,,,,,,,,,,,,,,,,,,42.84019328289611,,"rgba(239, 83, 80, 0.5)",6.526797752412816,39.78167188056955,-0.6789963545187612,37.0906508844849,-19.389106357902097,False,True,False,True,True,0.0,0.0,0.0,0.0,0.0,0,0.8880541107302826,1.0290169662259334,False,False,False,False,-0.21819813597020646,-0.24681993020458304,False,False,False,False,-821567,-592876.1584634307,False,False,False,False,79256.14721910725,False,False,False,False
2022-05-23 00:00:00+00:00,36.22,36.74,35.22,35.37,50290,,,,,,,,,,,,,,,,,,,,,,,,,,,,,,40.514407463031276,44.99719248290541,,,,,,,,,,,,,,,,,,,,,,,,,,,,,,,42.75579997296835,,"rgba(239, 83, 80, 0.5)",6.594758314390703,39.75543271619198,-0.536097389418679,39.72658610218238,-16.814160881439093,False,True,False,True,True,0.0,0.0,0.0,0.0,0.0,0,0.9076331782326252,1.0022080905856878,False,False,False,False,-0.17249058792312616,-0.2096552590638546,False,False,False,False,-771277,-599872.2698962373,False,False,False,False,78120.21987718149,False,False,False,False
2022-05-24 00:00:00+00:00,32.79,35.41,32.7,35.41,50820,,,,,,,,,,,,,,,,,,,,,,,,,,,,,,40.3805611727339,44.89671898416644,,,,,,,,,,,,,,,,,,,,,,,,,,,,,,,42.638640078450166,,"rgba(239, 83, 80, 1.0)",6.720823557965006,39.6710604148191,-1.0238418484687337,39.082792518776216,-16.814160881439093,False,True,False,True,True,0.0,0.0,0.0,0.0,0.0,0,0.8979547557972337,0.9826595380146737,False,False,False,False,-0.2367250017947133,-0.22319013042928396,False,False,False,False,-822097,-608586.965194424,False,False,False,False,77049.6230192528,False,False,False,False
2022-05-25 00:00:00+00:00,33.33,33.62,32.52,32.52,57173,,,,,,,,,,,,,,,,,,,,,,,,,,,,,,40.225866038752095,44.78109350313892,,,,,,,,,,,,,,,,,,,,,,,,,,,,,,,42.5034797709455,,"rgba(239, 83, 80, 0.5)",6.812692439136702,39.56665021645742,-0.9154457319443767,39.212903795802085,-16.814160881439093,False,True,False,True,True,0.0,0.0,0.0,0.0,0.0,0,0.8930600874022261,1.0029641533642044,False,False,False,False,-0.2703172368896188,-0.24675368365945138,False,False,False,False,-764924,-614717.8293044466,False,False,False,False,76270.14760673308,False,False,False,False
2022-05-26 00:00:00+00:00,34.05,34.49,33.26,33.48,44865,,,,,,,,,,,,,,,,,,,,,,,,,,,,,,40.12187162026266,44.69789860267963,,,,,,,,,,,,,,,,,,,,,,,,,,,,,,,42.40988511147114,,"rgba(239, 83, 80, 0.5)",6.865176291510193,39.501998505377315,-0.7941527316814169,40.06745794572166,-15.899564859611033,False,True,False,True,True,0.0,0.0,0.0,0.0,0.0,0,0.8726918147042918,1.0275722163251955,False,False,False,False,-0.24282256333141702,-0.24478812349543422,False,False,False,False,-720059,-618848.855606233,False,False,False,False,75038.57319078277,False,False,False,False
2022-05-27 00:00:00+00:00,34.74,35.26,34.13,34.75,59598,,,,,,,,,,,,,,,,,,,,,,,,,,,,,,40.005613094770375,44.597170037339104,,,,,,,,,,,,,,,,,,,,,,,,,,,,,,,42.30139156605474,,"rgba(239, 83, 80, 0.5)",6.877135633570321,39.43725056209942,-0.6830242723685827,41.38572985648293,-14.344792223281189,False,False,False,True,True,0.0,0.0,0.0,0.0,0.0,0,0.851514349931426,1.036595947580713,False,False,False,False,-0.21518077575075167,-0.22998444962309295,False,False,False,False,-660461,-620480.7044059886,False,False,False,False,74433.06051663443,False,False,False,False
2022-05-31 00:00:00+00:00,34.44,35.54,34.02,34.92,59636,,,,,,,,,,,,,,,,,,,,,,,,,,,,,,39.89326308577711,44.49795765132467,,,,,,,,,,,,,,,,,,,,,,,,,,,,,,,42.19561036855089,,"rgba(239, 83, 80, 0.5)",6.879930996930323,39.372479757628234,-0.7169373878646461,41.99879119023686,-13.459401550146254,False,False,False,True,True,0.0,0.0,0.0,0.0,0.0,0,0.8328782248899234,1.0536270866934798,False,False,False,False,-0.2123345864169235,-0.22115951802000822,False,False,False,False,-720097,-624387.2258018322,False,False,False,False,73852.78363362917,False,False,False,False
2022-06-01 00:00:00+00:00,32.9,35.06,32.9,34.6,67014,,,,,,,,,,,,,,,,,,,,,,,,,,,,,,39.748346564316506,44.377190031448684,,,,,,,,,,,,,,,,,,,,,,,,,,,,,,,42.0627682978826,,"rgba(239, 83, 80, 0.5)",6.925281338806516,39.273957629373584,-0.9203897022430652,41.07060610705774,-13.459401550146254,False,False,False,True,True,0.0,0.0,0.0,0.0,0.0,0,0.8206350582921818,1.055640295746099,False,False,False,False,-0.23926352801946074,-0.23021152301973447,False,False,False,False,-787111,-630768.5502801917,False,False,False,False,73584.59604015351,False,False,False,False
2022-06-02 00:00:00+00:00,34.7,35.01,32.33,32.44,72415,,,,,,,,,,,,,,,,,,,,,,,,,,,,,,39.608673115183635,44.25433063182965,,,,,,,,,,,,,,,,,,,,,,,,,,,,,,,41.93150187350665,,"rgba(239, 83, 80, 0.5)",6.898974090072787,39.1819294804185,-0.6496515890482514,42.61136749914127,-12.384630050785795,False,False,False,True,True,0.0,0.0,0.0,0.0,0.0,0,0.8024286502533757,1.07289928269428,False,False,False,False,-0.24978867173104163,-0.24000009737538805,False,False,False,False,-714696,-634059.8228182235,False,False,False,False,73538.72952877494,False,False,False,False
2022-06-03 00:00:00+00:00,33.11,34.13,31.95,34.13,81619,,,,,,,,,,,,,,,,,,,,,,,,,,,,,,39.43380377431678,44.10677554474531,,,,,,,,,,,,,,,,,,,,,,,,,,,,,,,41.770289659531045,,"rgba(239, 83, 80, 0.5)",6.875357581527962,39.05387266059838,-0.8645183308818433,42.2092170896809,-12.384630050785795,False,False,False,True,True,0.0,0.0,0.0,0.0,0.0,0,0.8000930237286757,1.0786558833695938,False,False,False,False,-0.27134939224418736,-0.2556747448097877,False,False,False,False,-796315,-640422.770942999,False,False,False,False,73855.6028805877,False,False,False,False
2022-06-06 00:00:00+00:00,33.92,34.67,33.23,33.68,53681,,,,,,,,,,,,,,,,,,,,,,,,,,,,,,39.33893594159691,44.0193681787029,,,,,,,,,,,,,,,,,,,,,,,,,,,,,,,41.6791520601499,,"rgba(239, 83, 80, 0.5)",6.82849178076683,38.98934799469882,-0.74238179636932,42.916927867630164,-11.593721877166843,False,False,False,True,True,0.0,0.0,0.0,0.0,0.0,0,0.8109213010191111,1.0609543450337386,False,False,False,False,-0.24027978470593414,-0.24797726475786092,False,False,False,False,-742634,-644431.0544354304,False,False,False,False,73064.44198330975,False,False,False,False
2022-06-07 00:00:00+00:00,33.59,34.4,33.11,33.11,68682,,,,,,,,,,,,,,,,,,,,,,,,,,,,,,39.217044103220516,43.90709160632683,,,,,,,,,,,,,,,,,,,,,,,,,,,,,,,41.56206785477367,,"rgba(239, 83, 80, 0.5)",6.8500019727754236,38.903467082739134,-0.7756884018219146,43.06511869937164,-11.164514865585382,False,False,False,True,True,0.0,0.0,0.0,0.0,0.0,0,0.8155325480375993,1.061017495588362,False,False,False,False,-0.2468974388787347,-0.2474373518182978,False,False,False,False,-811316,-650975.5621046294,False,False,False,False,72892.58151337605,False,False,False,False
2022-06-08 00:00:00+00:00,33.38,33.93,33.17,33.38,57898,,,,,,,,,,,,,,,,,,,,,,,,,,,,,,39.11461266709549,43.81244631024547,,,,,,,,,,,,,,,,,,,,,,,,,,,,,,,41.46352948867048,,"rgba(239, 83, 80, 0.5)",6.910520573342848,38.82926763825814,-0.7885466196683565,42.94568732028729,-10.98125891345574,False,False,False,True,True,0.0,0.0,0.0,0.0,0.0,0,0.8096728645890385,1.0700735832570702,False,False,False,False,-0.2538774006948816,-0.2506573762565897,False,False,False,False,-869214,-659533.9322181734,False,False,False,False,72304.55870892992,False,False,False,False
2022-06-09 00:00:00+00:00,32.08,33.13,32.03,33.13,49732,,,,,,,,,,,,,,,,,,,,,,,,,,,,,,39.01316068885796,43.7241469109162,,,,,,,,,,,,,,,,,,,,,,,,,,,,,,,41.36865379988708,,"rgba(239, 83, 80, 0.5)",6.986225206120312,38.749618201178734,-0.9546812483708353,41.538935546019594,-10.98125891345574,False,False,False,True,True,0.0,0.0,0.0,0.0,0.0,0,0.7847976645809697,1.1050666554353157,False,False,False,False,-0.28702853594683214,-0.26884295610171094,False,False,False,False,-918946,-669706.9544841273,False,False,False,False,71419.36032818757,False,False,False,False
2022-06-10 00:00:00+00:00,31.1,31.479,30.49,31.06,75669,,,,,,,,,,,,,,,,,,,,,,,,,,,,,,38.833252900379655,43.57619417263365,,,,,,,,,,,,,,,,,,,,,,,,,,,,,,,41.20472353650665,,"rgba(239, 83, 80, 1.0)",7.097423417774322,38.59907026746349,-1.0565905154655573,39.67480655884193,-10.98125891345574,False,False,False,True,False,0.0,0.0,0.0,0.0,0.0,1,0.7752082315171221,1.109536841163201,False,False,False,False,-0.34282825441539394,-0.30583560525855247,False,False,False,False,-994615,-682448.446465142,False,False,False,False,71586.01286433708,False,False,False,False
2022-06-13 00:00:00+00:00,28.07,29.75,28.0575,29.6,84357,,,,,,,,,,,,,,,,,,,,,,,,,,,,,,38.583306588942634,43.38453423987123,,,,,,,,,,,,,,,,,,,,,,,,,,,,,,,40.98392041440693,,"rgba(239, 83, 80, 1.0)",7.238816868636603,38.37652994262995,-1.4237865288849527,36.081444212922854,-10.145082587080118,False,True,False,True,False,0.0,0.0,0.0,0.0,0.0,0,0.7594953452227835,1.1160265659074333,False,False,False,False,-0.34282825441539394,-0.32433192983697323,False,False,False,False,-1078972,-697998.3897410188,False,False,False,False,72086.83588926504,False,False,False,False
2022-06-14 00:00:00+00:00,27.65,28.48,27.0,28.48,91485,,,,,,,,,,,,,,,,,,,,,,,,,,,,,,38.30202675267276,43.16959947792081,,,,,,,,,,,,,,,,,,,,,,,,,,,,,,,40.735813115296786,,"rgba(239, 83, 80, 1.0)",7.365418092387958,38.122747644299935,-1.4218809459198731,33.406138005059326,-12.607113811929018,False,True,False,True,False,0.0,0.0,0.0,0.0,0.0,0,0.7481631275616545,1.1278912599493611,False,False,False,False,-0.34282825441539394,-0.33358009212618356,False,False,False,False,-1170457,-716526.1783786259,False,False,False,False,72847.54820733308,False,False,False,False
2022-06-15 00:00:00+00:00,27.56,28.22,27.06,28.0,81048,,,,,,,,,,,,,,,,,,,,,,,,,,,,,,38.06255552490246,42.98289025412143,,,,,,,,,,,,,,,,,,,,,,,,,,,,,,,40.52272288951194,,"rgba(239, 83, 80, 1.0)",7.454160879295174,37.90694676262317,-1.3880766635132678,31.559014181167026,-14.262946028487129,False,True,False,True,False,0.0,0.0,0.0,0.0,0.0,0,0.7473679871460244,1.1267602298560242,False,False,False,False,-0.34282825441539394,-0.3382041732707888,False,False,False,False,-1251505,-737505.7400108366,False,False,False,False,73169.13455214356,False,False,False,False
2022-06-16 00:00:00+00:00,25.29,27.04,25.09,26.45,89218,,,,,,,,,,,,,,,,,,,,,,,,,,,,,,37.76756855726655,42.75891609047196,,,,,,,,,,,,,,,,,,,,,,,,,,,,,,,40.26324232386926,,"rgba(239, 83, 80, 1.0)",7.6098190789541515,35.66385948756194,-1.3632202526669879,28.853504318026964,-16.72621200322638,False,True,False,True,False,0.0,0.0,0.0,0.0,0.0,0,0.7392327575437121,1.1302353775419174,True,False,False,False,-0.34282825441539394,-0.3405162138430914,False,False,False,False,-1340723,-761161.3188339411,False,False,False,False,73798.50182460852,False,False,False,False
2022-06-17 00:00:00+00:00,25.7,26.38,25.34,25.54,128365,,,,,,,,,,,,,,,,,,,,,,,,,,,,,,37.36722667240313,42.4467259030486,,,,,,,,,,,,,,,,,,,,,,,,,,,,,,,39.90697628772587,,"rgba(239, 83, 80, 1.0)",7.762571188688684,35.35768174750496,-1.2441343870157044,27.829887241945848,-17.619088391543137,False,True,False,True,False,0.0,0.0,0.0,0.0,0.0,0,0.7549842695511448,1.1166513596046335,False,False,False,False,-0.34282825441539394,-0.34167223412924264,False,False,False,False,-1212358,-778855.3063306493,False,False,False,False,75938.3644981533,False,False,False,False
2022-06-21 00:00:00+00:00,27.05,27.845,26.06,26.13,46713,,,,,,,,,,,,,,,,,,,,,,,,,,,,,,37.242289734141416,42.34379631609037,,,,,,,,,,,,,,,,,,,,,,,,,,,,,,,39.79304302511589,,"rgba(239, 83, 80, 1.0)",7.922089830296009,35.29848273808291,-1.0412003542977628,29.613423688122737,-17.619088391543137,False,True,False,True,False,0.0,0.0,0.0,0.0,0.0,0,0.753882850477411,1.1060646680136208,False,False,False,False,-0.3097443947251827,-0.3257083144272127,False,False,False,False,-1165645,-794023.5296118003,False,False,False,False,74792.27177273552,False,False,False,False
2022-06-22 00:00:00+00:00,29.04,30.435,26.48,26.48,94357,,,,,,,,,,,,,,,,,,,,,,,,,,,,,,37.03843015965432,42.16212403207591,,,,,,,,,,,,,,,,,,,,,,,,,,,,,,,39.60027709586511,,"rgba(239, 83, 80, 0.5)",8.034958921168487,35.26530778698858,-0.7747777988743298,33.901488863528215,-21.068794987332424,False,True,False,True,True,0.0,0.0,0.0,0.0,0.0,0,0.7591821618086598,1.0784783623113738,False,False,False,False,-0.26520674247049436,-0.29545752844885353,False,False,False,False,-1071288,-804896.6460976121,False,False,False,False,75559.51601694197,False,False,False,False
2022-06-23 00:00:00+00:00,29.75,30.12,28.16,29.32,66352,,,,,,,,,,,,,,,,,,,,,,,,,,,,,,36.912127344963466,42.04362595726289,,,,,,,,,,,,,,,,,,,,,,,,,,,,,,,39.47787665111318,,"rgba(239, 83, 80, 0.5)",8.135101536490444,35.24305652402622,-0.6752290059794357,37.75301432950957,-17.612844763215612,False,False,False,True,True,0.0,0.0,0.0,0.0,0.0,0,0.7798293082789376,1.0785813467602745,False,False,False,False,-0.2453529865514731,-0.2704052575001633,False,False,False,False,-1004936,-812741.3266428038,False,False,False,False,75198.43695745406,False,False,False,False
2022-06-24 00:00:00+00:00,32.67,33.0461,29.8,30.36,110926,,,,,,,,,,,,,,,,,,,,,,,,,,,,,,36.77663230222034,41.88831820461353,,,,,,,,,,,,,,,,,,,,,,,,,,,,,,,39.33247525341694,,#000000,8.185190509430788,35.31720469471218,-0.32341393785057676,43.77129270145795,-12.221742976537605,True,False,False,True,True,0.0,0.0,0.0,0.0,0.0,0,0.7902606777016921,1.0716839977763317,False,False,False,False,-0.18020613138688096,-0.22530569444352214,False,False,False,False,-894010,-815928.3334411252,False,False,False,False,76599.51786108332,False,False,False,False
2022-06-27 00:00:00+00:00,31.16,33.09,30.74,33.09,35662,,,,,,,,,,,,,,,,,,,,,,,,,,,,,31.66333333333333,36.73310291779409,41.8385331980178,,,,,,,,,,,,,,,,,,,,,,,,,,,,,,,36.74498981638174,,#000000,8.235240300732638,34.80220667136006,-0.4422708431514787,45.97086068061664,-10.474538411024476,True,False,False,False,True,0.0,0.0,0.0,0.0,0.0,0,0.7965379000899974,1.072713571517769,False,False,False,False,-0.16039680217306213,-0.19285124830829214,False,False,False,False,-929672,-820388.8693846104,False,False,False,False,74994.12500378594,False,False,False,False
2022-06-28 00:00:00+00:00,29.76,32.03,29.52,31.28,65889,,,,,,,,,,,,,,,,,,,,,,,,,,,,,30.86743925055719,36.63560267146163,41.73687797901587,,,,,,,,,,,,,,,,,,,,,,,,,,,,,,,36.41330663367823,,"rgba(239, 83, 80, 0.5)",8.31577806298322,34.660991077489875,-0.5893604952380945,45.919557088079934,-10.474538411024476,True,False,False,False,True,0.0,0.0,0.0,0.0,0.0,0,0.7930013851425238,1.073443430007419,False,False,False,False,-0.19242666474850084,-0.1926389565283965,False,False,False,False,-995561,-827258.364702861,False,False,False,False,74637.06127814727,False,False,False,False
2022-06-29 00:00:00+00:00,28.77,29.7,28.53,29.4,43393,,,,,,,,,,,,,,,,,,,,,,,,,,,,,30.308369600213414,36.55852040914908,41.66252799048488,,,,,,,,,,,,,,,,,,,,,,,,,,,,,,,36.17647266661579,,"rgba(239, 83, 80, 0.5)",8.41819049910843,34.53693522176305,-0.6850563933393795,44.882069235397935,-10.474538411024476,True,False,False,True,True,0.0,0.0,0.0,0.0,0.0,0,0.7903329614136967,1.0836870877830862,False,False,False,False,-0.24195444583549894,-0.21729670118194772,False,False,False,False,-1038954,-835560.1543223568,False,False,False,False,73411.80397312189,False,False,False,False
2022-06-30 00:00:00+00:00,28.67,29.0,27.43,28.32,65752,,,,,,,,,,,,,,,,,,,,,,,,,,,,,29.702421450810647,36.43509925674282,41.545954672611856,,,,,,,,,,,,,,,,,,,,,,,,,,,,,,,35.89449179338844,,"rgba(239, 83, 80, 0.5)",8.517385871855886,34.369323084109666,-0.6691399415097554,44.08701244444029,-10.474538411024476,True,False,False,True,True,0.0,0.0,0.0,0.0,0.0,0,0.7742743578320913,1.0981198828765315,False,False,False,False,-0.26786172229507127,-0.2425792117385095,False,False,False,False,-1104706,-846114.8933685389,False,False,False,False,73111.41950358769,False,False,False,False
2022-07-01 00:00:00+00:00,28.38,28.73,28.01,28.4,25564,,,,,,,,,,,,,,,,,,,,,,,,,,,,,29.55861035864443,36.38815084688143,41.50120428298622,,,,,,,,,,,,,,,,,,,,,,,,,,,,,,,35.8159884961707,,"rgba(239, 83, 80, 0.5)",8.617004146945076,34.31805987029491,-0.6891095523494772,43.2369226508053,-10.474538411024476,True,False,False,True,True,0.0,0.0,0.0,0.0,0.0,0,0.7799381440608294,1.0951163387547904,False,False,False,False,-0.2607516826779004,-0.25166544720820494,False,False,False,False,-1130270,-857258.2308834982,False,False,False,False,71246.81481717249,False,False,False,False
2022-07-05 00:00:00+00:00,29.3,29.46,26.76,27.24,53111,,,,,,,,,,,,,,,,,,,,,,,,,,,,,29.36553717085218,36.29393338025524,41.41013191280912,,,,,,,,,,,,,,,,,,,,,,,,,,,,,,,35.68986748797218,,"rgba(239, 83, 80, 0.5)",8.67038958568574,34.23027105633791,-0.5686331632061233,44.09439358124733,-10.474538411024476,True,False,False,True,True,0.0,0.0,0.0,0.0,0.0,0,0.7835708571909733,1.0945367758504547,False,False,False,False,-0.26210464830135394,-0.25688504775477944,False,False,False,False,-1077159,-865881.7904566944,False,False,False,False,70535.60639296965,False,False,False,False
2022-07-06 00:00:00+00:00,29.55,29.86,28.88,29.37,57313,,,,,,,,,,,,,,,,,,,,,,,,,,,,,29.37619401722221,36.2065158493063,41.32020620634578,,,,,,,,,,,,,,,,,,,,,,,,,,,,,,,35.63430535762476,,"rgba(239, 83, 80, 0.5)",8.692554571181773,34.185493310325604,-0.5332716950312337,45.0522046090051,-10.474538411024476,True,False,False,True,True,0.0,0.0,0.0,0.0,0.0,0,0.8111649671407238,1.068789321777799,False,False,False,False,-0.2165302648059436,-0.2367076562803615,False,False,False,False,-1019846,-871919.6025956477,False,False,False,False,70017.07280893163,False,False,False,False
2022-07-07 00:00:00+00:00,30.27,30.4,29.495,29.52,32783,,,,,,,,,,,,,,,,,,,,,,,,,,,,,29.434837579200998,36.1620270309924,41.272045119731125,,,,,,,,,,,,,,,,,,,,,,,,,,,,,,,35.62296990997484,,#000000,8.675674840953073,34.173979158726794,-0.44999141050080205,46.81201973295771,-8.792583370634972,True,False,False,False,True,0.0,0.0,0.0,0.0,0.0,0,0.8186260363160712,1.0558697103095078,False,False,False,False,-0.19648281658495306,-0.21659523643265727,False,False,False,False,-987063,-876435.029944838,False,False,False,False,68556.91309093431,False,False,False,False
2022-07-08 00:00:00+00:00,30.49,31.68,29.49,29.9,121496,,,,,,,,,,,,,,,,,,,,,,,,,,,,,29.706100646820886,36.01562178457999,41.104864510351725,,,,,,,,,,,,,,,,,,,,,,,,,,,,,,,35.608862313917534,,#000000,8.646279827003463,34.15572581099742,-0.4239656689746355,48.330829616133244,-7.11367092113305,True,False,False,False,True,0.0,0.0,0.0,0.0,0.0,0,0.829296536961185,1.0435204384350147,False,False,False,False,-0.17453151234443828,-0.19556337438854776,False,False,False,False,-865567,-876008.8326920994,False,False,False,False,70632.95571481924,False,False,False,False
2022-07-11 00:00:00+00:00,28.15,30.0,28.11,30.0,46737,,,,,,,,,,,,,,,,,,,,,,,,,,,,,29.624797952041867,35.9434232980861,41.03119885869787,,,,,,,,,,,,,,,,,,,,,,,,,,,,,,,35.533140036275285,,"rgba(239, 83, 80, 0.5)",8.621363465253054,34.09736076093956,-0.6898399290215974,45.98231905958956,-7.11367092113305,True,False,False,False,True,0.0,0.0,0.0,0.0,0.0,0,0.8149767798075395,1.0495153834330346,False,False,False,False,-0.22753691042368762,-0.2115501424061177,False,False,False,False,-912304,-877432.1725865268,False,False,False,False,69695.8594122773,False,False,False,False
2022-07-12 00:00:00+00:00,27.21,28.59,26.99,28.13,49028,,,,,,,,,,,,,,,,,,,,,,,,,,,,,29.45816387309908,35.857274357414916,40.94766905609097,,,,,,,,,,,,,,,,,,,,,,,,,,,,,,,35.421035762201655,,"rgba(239, 83, 80, 0.5)",8.619025205642204,34.0097388583499,-0.7889220295931654,43.31826129891452,-7.11367092113305,True,False,False,True,False,0.0,0.0,0.0,0.0,0.0,0,0.8033984080255703,1.0703803785974046,False,False,False,False,-0.2723189707256842,-0.24193455656590093,False,False,False,False,-961332,-880722.3618968592,False,False,False,False,68885.35512159977,False,False,False,False
2022-07-13 00:00:00+00:00,27.33,27.71,26.2504,26.39,32498,,,,,,,,,,,,,,,,,,,,,,,,,,,,,29.33620514420362,35.79774773956435,40.890820135984264,,,,,,,,,,,,,,,,,,,,,,,,,,,,,,,35.34159100658408,,"rgba(239, 83, 80, 0.5)",8.595393853424964,33.946553550275986,-0.7697789843148982,41.77132280296582,-2.8275310378760707,True,False,False,True,False,0.0,0.0,0.0,0.0,0.0,0,0.800545839113921,1.0799936318770043,False,False,False,False,-0.30154574878166346,-0.2717401526737822,False,False,False,False,-928834,-882609.0928028648,False,False,False,False,67458.40001879194,False,False,False,False
2022-07-14 00:00:00+00:00,26.87,27.18,26.46,26.8,49890,,,,,,,,,,,,,,,,,,,,,,,,,,,,,29.152581176215357,35.705236596008206,40.80282090048683,,,,,,,,,,,,,,,,,,,,,,,,,,,,,,,35.22021289090347,,"rgba(239, 83, 80, 0.5)",8.588358084907426,33.84831547651259,-0.8125319656589292,40.16438625673739,-4.452630390878099,True,False,False,True,False,0.0,0.0,0.0,0.0,0.0,0,0.7994439457755069,1.0736781053649107,False,False,False,False,-0.3073858354804799,-0.28956299407713104,False,False,False,False,-978724,-886378.3048498114,False,False,False,False,66769.44315530991,False,False,False,False
2022-07-15 00:00:00+00:00,26.85,29.39,26.72,27.39,41268,,,,,,,,,,,,,,,,,,,,,,,,,,,,,29.06669509326508,35.63705939182596,40.73506620432915,,,,,,,,,,,,,,,,,,,,,,,,,,,,,,,35.14627356314006,,"rgba(239, 83, 80, 0.5)",8.559196661807443,33.78689246044399,-0.8104606932794934,39.06684970050195,-5.620845943030702,True,False,False,True,False,0.0,0.0,0.0,0.0,0.0,1,0.7987893473539833,1.0551660761229855,False,False,False,False,-0.2628547465244889,-0.27620887030081,False,False,False,False,-1019992,-891618.0576007991,False,False,False,False,65769.38656098404,False,False,False,False
2022-07-18 00:00:00+00:00,26.67,28.205,26.14,27.32,43878,,,,,,,,,,,,,,,,,,,,,,,,,,,,,28.948328541870026,35.560040702938785,40.66025548935079,,,,,,,,,,,,,,,,,,,,,,,,,,,,,,,35.05620824471987,,"rgba(239, 83, 80, 0.5)",8.459961344234742,32.8732395058058,-0.7332467907826972,38.08123822190342,-6.720969777701477,False,False,False,True,False,0.0,0.0,0.0,0.0,0.0,0,0.7829426739598774,1.0859170634180741,False,False,False,False,-0.289730952012607,-0.2829699111567085,False,False,False,False,-1063870,-898373.0357341012,False,False,False,False,64910.900813494474,False,False,False,False
2022-07-19 00:00:00+00:00,27.79,28.07,27.095,27.21,26304,,,,,,,,,,,,,,,,,,,,,,,,,,,,,28.90518553551085,35.51796541375719,40.61790288944977,,,,,,,,,,,,,,,,,,,,,,,,,,,,,,,35.013684612905934,,"rgba(239, 83, 80, 0.5)",8.358609130387348,32.871850596372205,-0.6079780160909027,40.06252982139726,-6.720969777701477,True,False,False,True,False,0.0,0.0,0.0,0.0,0.0,0,0.8139498182224095,1.0866845268682481,False,False,False,False,-0.2547891279955533,-0.2688795195761309,False,False,False,False,-1037566,-903831.5833523718,False,False,False,False,63396.90470316136,False,False,False,False
2022-07-20 00:00:00+00:00,30.34,30.64,27.99,27.99,53505,,,,,,,,,,,,,,,,,,,,,,,,,,,,,28.952821336198816,35.45521283179631,40.54578959078441,,,,,,,,,,,,,,,,,,,,,,,,,,,,,,,34.98460791959318,,#000000,8.19526820628667,32.978834778651475,-0.32199492588018036,45.801636518472165,-9.632034683347847,True,False,False,True,True,0.0,0.0,0.0,0.0,0.0,0,0.8505867734897805,1.0156427841257143,False,False,False,False,-0.1473093956590655,-0.2080944576175982,False,False,False,False,-984061,-906977.8349856121,False,False,False,False,63008.986871664834,False,False,False,False
2022-07-21 00:00:00+00:00,30.94,31.38,30.08,30.28,23309,,,,,,,,,,,,,,,,,,,,,,,,,,,,,29.002460349635303,35.43360129369783,40.517937410622906,,,,,,,,,,,,,,,,,,,,,,,,,,,,,,,34.98466635131868,,#000000,8.036360406090354,33.02785097453109,-0.2598005650603739,50.450063043039144,-5.424678633520934,True,False,False,False,True,0.0,0.0,0.0,0.0,0.0,1,0.8901216235187576,0.9974690602502071,False,False,False,False,-0.02905311830017267,-0.11857378795888544,False,False,False,False,-960752,-909086.62577049,False,False,False,False,61452.124641403476,False,False,False,False
2022-07-22 00:00:00+00:00,29.95,31.34,29.5,30.89,42234,,,,,,,,,,,,,,,,,,,,,,,,,,,,,29.06100354443387,35.390473238217446,40.46511033561697,,,,,,,,,,,,,,,,,,,,,,,,,,,,,,,34.97219570608943,,#000000,7.852969962073289,33.06162976499452,-0.39623604572823423,51.65959096123411,-4.459056380507256,True,False,True,False,True,0.0,0.0,0.0,0.0,0.0,0,0.8978586540509235,0.9776491170107535,False,False,False,False,-0.03262026387597779,-0.07559702591743162,False,False,False,False,-1002986,-912768.9541716473,False,False,False,False,60698.472694681775,False,False,False,False
2022-07-25 00:00:00+00:00,29.88,30.11,29.04,29.92,30846,,,,,,,,,,,,,,,,,,,,,,,,,,,,,29.081196582594337,35.35587363168433,40.42467117373259,,,,,,,,,,,,,,,,,,,,,,,,,,,,,,,34.953913796003754,,#000000,7.712636730284493,33.05878481001959,-0.4121527982172103,52.33390390530748,-3.8403526897675277,True,False,True,False,True,0.0,0.0,0.0,0.0,0.0,0,0.9039188233601667,0.98069056066264,False,False,False,False,-0.08794341391647505,-0.08177021991695332,False,False,False,False,-1033832,-917516.5245962887,False,False,False,False,59527.78749096877,False,False,False,False
2022-07-26 00:00:00+00:00,28.95,29.11,28.44,29.09,31585,,,,,,,,,,,,,,,,,,,,,,,,,,,,,29.073142674876166,35.31567975560714,40.380351635278245,,,,,,,,,,,,,,,,,,,,,,,,,,,,,,,34.92305802192052,,"rgba(239, 83, 80, 0.5)",7.5923828637358435,33.03085538727772,-0.537493361507026,51.053148091615284,-3.8403526897675277,True,False,False,False,True,0.0,0.0,0.0,0.0,0.0,0,0.935402891972589,0.9539769377547592,False,False,False,False,-0.14081471102864657,-0.11129246547279995,False,False,False,False,-1065417,-923316.5432395715,False,False,False,False,58431.99190308764,False,False,False,False
2022-07-27 00:00:00+00:00,30.52,30.75,29.25,29.44,27920,,,,,,,,,,,,,,,,,,,,,,,,,,,,,29.103861073204232,35.28781984691902,40.3459697473638,,,,,,,,,,,,,,,,,,,,,,,,,,,,,,,34.91255022249569,,#000000,7.43746289444905,33.036297744212675,-0.33832743503039375,52.81299814856176,-3.2928055911799703,True,False,True,False,True,0.0,0.0,0.0,0.0,0.0,0,0.9292313825170223,0.936389686041951,False,False,False,False,-0.06007215859865525,-0.0856823120357276,False,False,False,False,-1037497,-927794.2082105686,False,False,False,False,57235.44320100577,False,False,False,False
2022-07-28 00:00:00+00:00,30.26,30.96,29.3301,30.32,35289,,,,,,,,,,,,,,,,,,,,,,,,,,,,,29.140658489961563,35.25310400076294,40.3028858835997,,,,,,,,,,,,,,,,,,,,,,,,,,,,,,,34.8988827914414,,#000000,7.270773593548954,33.03975010782232,-0.3823183423409956,53.479563605789465,-2.4828115154849613,True,False,True,False,True,0.0,0.0,0.0,0.0,0.0,0,0.93052256596092,0.9319015699512981,False,False,False,False,-0.05058331808495028,-0.06813281506033894,False,False,False,False,-1072786,-933480.160829762,False,False,False,False,56374.79836959378,False,False,False,False
2022-07-29 00:00:00+00:00,31.49,31.7499,29.76,30.28,43048,,,,,,,,,,,,,,,,,,,,,,,,,,,,,29.21488583850659,35.218108410173095,40.2550226147191,,,,,,,,,,,,,,,,,,,,,,,,,,,,,,,34.89600562113293,,#000000,7.106754490439888,33.06322782301287,-0.22137078537456223,55.77850289432372,-0.11022576257975203,True,False,True,False,True,0.0,0.0,0.0,0.0,0.0,0,0.9337089896440693,0.9428259072317466,False,False,False,False,-0.010764549352611081,-0.03944868220647501,False,False,False,False,-1029738,-937254.9780521244,False,False,False,False,55852.17882568814,False,False,False,False
2022-08-01 00:00:00+00:00,30.92,31.38,30.63,31.22,16174,,,,,,,,,,,,,,,,,,,,,,,,,,,,,29.24092116784653,35.20503643124199,40.2371215078947,,,,,,,,,,,,,,,,,,,,,,,,,,,,,,,34.89435970232774,,#000000,6.907752200858727,33.07007254541727,-0.31125501941861544,56.122578210896954,0.4198957850061902,True,False,True,False,True,0.0,0.0,0.0,0.0,0.0,0,0.9363791818301397,0.9458938045336959,False,False,False,False,0.005543531730142647,-0.016952575238166182,False,False,False,False,-1045912,-941516.0377363547,False,False,False,False,54296.17181291606,False,False,False,False
2022-08-02 00:00:00+00:00,31.33,31.83,30.63,30.63,88097,,,,,,,,,,,,,,,,,,,,,,,,,,,,,29.391582855998458,35.139959740033476,40.143798601548234,,,,,,,,,,,,,,,,,,,,,,,,,,,,,,,34.89178039919339,,#000000,6.6585811680245595,33.11012889399349,-0.2673435750159389,56.994641442785664,1.5068936976044043,True,False,True,False,True,0.0,0.0,0.0,0.0,0.0,0,0.9301529432687176,0.9554730570869643,False,False,False,False,0.02022014308982315,0.001633783925828483,False,False,False,False,-957815,-942155.212727086,False,False,False,False,55621.694486919354,False,False,False,False
2022-08-03 00:00:00+00:00,34.15,34.5,31.75,31.75,89078,,,,,,,,,,,,,,,,,,,,,,,,,,,,,29.677038783518434,35.11248504998226,40.074317156395416,,,,,,,,,,,,,,,,,,,,,,,,,,,,,,,34.95461366329871,,#000000,6.426201593392402,33.234315571110926,0.14249232856787508,61.0485247203568,5.52465100101459,True,False,True,False,True,0.0,0.0,0.0,0.0,0.0,0,0.9228719919640128,0.9287461239463687,False,False,False,False,0.14480810373801878,0.07322094383192362,False,False,False,False,-868737,-939276.0671299454,False,False,False,False,56933.70646782448,False,False,False,False
2022-08-04 00:00:00+00:00,35.12,35.45,33.37,33.97,133778,,,,,,,,,,,,,,,,,,,,,,,,,,,,,30.15008073651058,35.10127487723894,39.99080100115836,,,,,,,,,,,,,,,,,,,,,,,,,,,,,,,35.08071887163596,,#000000,6.1944619061147215,33.443339375696056,0.270670907290408,64.6476312459278,8.95218543738018,True,False,True,False,True,0.0,0.0,0.0,0.0,0.0,0,0.9258366974866519,0.9336285106567694,False,False,False,False,0.31240486712152854,0.19281290547672608,False,False,False,False,-734959,-931263.6331248495,False,False,False,False,59947.20817496862,False,False,False,False
2022-08-05 00:00:00+00:00,35.18,35.31,32.97,34.16,78652,,,,,,,,,,,,,,,,,,,,,,,,,,,,,30.379907246369974,35.09270020727074,39.94145391570434,,,,,,,,,,,,,,,,,,,,,,,,,,,,,,,35.138020456448345,,#000000,5.916758465472362,33.53615206280253,0.27782914357418087,67.10238817387435,11.241438831842636,True,False,True,False,True,0.0,0.0,0.0,0.0,0.0,0,0.9570838096913199,0.9285902735027701,False,False,False,False,0.29055519392050927,0.24168404969861768,False,False,False,False,-656307,-920481.0200611299,False,False,False,False,60680.72942300907,False,False,False,False
2022-08-08 00:00:00+00:00,35.93,36.49,35.37,35.67,32232,,,,,,,,,,,,,,,,,,,,,,,,,,,,,30.49788459645205,35.09746014828425,39.92676941920093,,,,,,,,,,,,,,,,,,,,,,,,,,,,,,,35.17403805464574,,#000000,5.653610938917602,33.58949600349172,0.4139839160839705,69.43874393257049,13.43096941633992,True,False,True,False,True,0.0,0.0,0.0,0.0,0.0,0,0.9833951172431945,0.8954133672596458,False,False,False,False,0.3428282470603036,0.2922561483794607,False,False,False,False,-624075,-908857.2545685366,False,False,False,False,59565.09297504793,False,False,False,False
2022-08-09 00:00:00+00:00,34.58,35.63,34.44,35.63,62422,,,,,,,,,,,,,,,,,,,,,,,,,,,,,30.671281956397575,35.095128372458454,39.8912663264405,,,,,,,,,,,,,,,,,,,,,,,,,,,,,,,35.21922555176551,,#000000,5.436342116129532,33.6595031994451,0.16932282422473055,67.80154229378485,13.43096941633992,True,False,True,False,True,0.0,0.0,0.0,0.0,0.0,0,0.961897679301822,0.9113497670552724,False,False,False,False,0.2783104133878855,0.28528328088367305,False,False,False,False,-686497,-900137.2445854568,False,False,False,False,59677.1285446539,False,False,False,False
2022-08-10 00:00:00+00:00,35.68,36.24,35.09,35.47,103859,,,,,,,,,,,,,,,,,,,,,,,,,,,,,30.979830457872385,35.10535882258262,39.84239751226522,,,,,,,,,,,,,,,,,,,,,,,,,,,,,,,35.309195597573414,,#000000,5.249138043355148,33.7917379782788,0.3597280174621309,67.93828422964575,13.43096941633992,True,False,True,False,True,0.0,0.0,0.0,0.0,0.0,0,0.9550104475013059,0.9088455511056939,False,False,False,False,0.3234594011288602,0.3043713410062666,False,False,False,False,-582638,-887686.2938173997,False,False,False,False,61409.75095466747,False,False,False,False
2022-08-11 00:00:00+00:00,36.64,40.555,36.56,39.62,123572,,,,,,,,,,,,,,,,,,,,,,,,,,,,37.91833333333334,31.45454024497194,35.1636853229365,39.81625524049135,,,,,,,,,,,,,,,,,,,,,,,,,,,,,,,36.08820353543328,,#000000,5.039684002677842,34.45435250441997,0.433687408658694,68.99024555172292,13.43096941633992,True,False,True,False,True,0.01306238660579595,0.0,0.0,0.0,0.0,0,0.9639448568398727,0.8671713406759551,False,False,False,False,0.34282824858229594,0.32359979479428125,False,False,False,False,-459066,-870877.6548441683,False,True,False,False,63847.48621134718,False,True,False,False
2022-08-12 00:00:00+00:00,36.45,37.3,35.33,36.78,72256,,,,,,,,,,,,,,,,,,,,,,,,,,,,37.34334439746444,31.643235277323196,35.17801596252919,39.789012756028185,,,,,,,,,,,,,,,,,,,,,,,,,,,,,,,35.98840209833625,,#000000,4.894157071594817,34.46376896252499,0.40583720718791294,69.23279271793913,13.66211392844982,True,False,True,False,True,0.0,0.0,0.0,0.0,0.0,0,0.9627155376474178,0.8961000704869915,False,False,False,False,0.21677035620776627,0.2701850755010238,False,False,False,False,-531322,-857561.7468110637,False,False,False,False,64177.23185011788,False,False,False,False
2022-08-15 00:00:00+00:00,36.47,36.5,35.45,35.97,53114,,,,,,,,,,,,,,,,,,,,,,,,,,,,37.0866001183676,31.766888764227016,35.186412798124046,39.7679922893586,,,,,,,,,,,,,,,,,,,,,,,,,,,,,,,35.951973492519315,,#000000,4.744251239112441,34.4821155115021,0.4190091098273692,69.4170661944142,14.157797158523508,True,False,True,False,True,0.0,0.0,0.0,0.0,0.0,0,0.9694507776457619,0.9023152756815773,False,False,False,False,0.19832486257524012,0.23425496903813195,False,False,False,False,-478208,-842685.1292890613,False,False,False,False,63743.3796207015,False,False,False,False
2022-08-16 00:00:00+00:00,36.4,36.505,35.41,36.01,59595,,,,,,,,,,,,,,,,,,,,,,,,,,,,36.89700062445239,31.896729412128078,35.195321949030394,39.74446858235529,,,,,,,,,,,,,,,,,,,,,,,,,,,,,,,35.93338014199154,,#000000,4.5155084635824565,34.50996234534522,0.41856585363484894,69.34132775461437,14.438094761958581,True,False,True,False,True,0.0,0.0,0.0,0.0,0.0,0,0.9788161450614592,0.8971210007845872,False,False,False,False,0.19737915981809626,0.2158170644281141,False,False,False,False,-537803,-830728.967356157,False,False,False,False,63580.6980669485,False,False,False,False
2022-08-17 00:00:00+00:00,34.23,35.77,34.18,35.7,42266,,,,,,,,,,,,,,,,,,,,,,,,,,,,36.635511027556774,31.955552223413985,35.192120300351114,39.72171807720945,,,,,,,,,,,,,,,,,,,,,,,,,,,,,,,35.876225407132836,,#000000,4.354908933585172,34.49798088570199,-0.061535359243753494,64.09065528853166,19.047996151318557,True,False,True,False,False,0.0,0.0,0.0,0.0,0.0,0,0.9462933310252305,0.9061323408490933,False,False,False,False,0.1447895516408983,0.1803033080345062,False,False,False,False,-580069,-820899.1647147392,False,False,False,False,62744.82755451915,False,False,False,False
2022-08-18 00:00:00+00:00,33.72,34.24,33.33,34.01,39184,,,,,,,,,,,,,,,,,,,,,,,,,,,,36.346928560011825,31.989729944338322,35.18312815403892,39.69677775677638,,,,,,,,,,,,,,,,,,,,,,,,,,,,,,,35.80414110379136,,#000000,4.1142514649833,34.47097390425419,-0.18252989897330846,59.606304053531545,14.837211849526525,True,False,True,False,False,0.0,0.0,0.0,0.0,0.0,0,0.9381409699287329,0.9194333391274115,False,False,False,False,0.0821155502622818,0.131209429148394,False,False,False,False,-619253,-812991.4719808279,False,False,False,False,61820.8735327733,False,False,False,False
2022-08-19 00:00:00+00:00,31.44,33.01,31.31,33.01,27997,,,,,,,,,,,,,,,,,,,,,,,,,,,,36.05040831307737,31.988800567161352,35.1685203743888,39.67358891873617,,,,,,,,,,,,,,,,,,,,,,,,,,,,,,,35.720329543340924,,"rgba(239, 83, 80, 0.5)",3.8504439758047293,34.42785743523061,-0.7759773818306637,53.01920022483668,8.843707382506423,True,False,False,False,False,0.0,0.0,0.0,0.0,0.0,0,0.9162842323208605,0.9213857286174731,False,False,False,False,-0.0025339713811371985,0.0643377288836284,False,False,False,False,-647250,-806491.8064129524,False,False,False,False,60494.447119723365,False,False,False,False
2022-08-22 00:00:00+00:00,30.19,30.9,29.89,30.65,80587,,,,,,,,,,,,,,,,,,,,,,,,,,,,35.12524586267552,31.92739008943997,35.10692404248409,39.59404814138322,,,,,,,,,,,,,,,,,,,,,,,,,,,,,,,35.4384020339957,,"rgba(239, 83, 80, 1.0)",3.4235610510505565,34.264069648923694,-1.1900093464591557,47.115077294603886,3.682024609909682,False,False,False,True,False,0.0,0.0,0.0,0.0,0.0,0,0.9182730196596306,0.9324160259004451,False,False,False,False,-0.09455724436145459,-0.015109757738913092,False,False,False,False,-727837,-803407.3042006798,False,False,False,False,61282.3903699303,False,False,False,False
2022-08-23 00:00:00+00:00,30.77,30.9,29.87,30.15,76269,,,,,,,,,,,,,,,,,,,,,,,,,,,,34.51334349558138,31.879615184511852,35.052275212014976,39.52149761593541,,,,,,,,,,,,,,,,,,,,,,,,,,,,,,,35.2416828770109,,"rgba(239, 83, 80, 1.0)",3.225689690900553,34.14504219666556,-1.046300952688139,44.3637108157202,1.4931069105328447,False,False,False,True,False,0.0,0.0,0.0,0.0,0.0,0,0.92869999357175,0.9207611048019027,False,False,False,False,-0.09508171902086059,-0.055095738379886836,False,False,False,False,-651568,-797452.821683006,False,False,False,False,61870.10055150166,False,False,False,False
2022-08-24 00:00:00+00:00,31.43,31.64,30.62,30.62,78228,,,,,,,,,,,,,,,,,,,,,,,,,,,,34.12004693998175,31.857857714186956,35.006196814002685,39.45410330185003,,,,,,,,,,,,,,,,,,,,,,,,,,,,,,,35.10955119250536,,"rgba(239, 83, 80, 0.5)",3.062329167141908,34.06507082169193,-0.8604792881071182,43.840758364859184,1.2062844803785424,False,True,False,True,False,0.0,0.0,0.0,0.0,0.0,0,0.9605488662932362,0.9067518657840126,False,False,False,False,-0.05613093964222913,-0.055613339011057986,False,False,False,False,-573340,-788664.0835777902,False,False,False,False,62511.586804383944,False,False,False,False
2022-08-25 00:00:00+00:00,31.8,32.48,31.62,32.0,68215,,,,,,,,,,,,,,,,,,,,,,,,,,,,33.9163920148772,31.860945394086304,34.97457709734877,39.40140777102587,,,,,,,,,,,,,,,,,,,,,,,,,,,,,,,35.03833056933453,,"rgba(239, 83, 80, 0.5)",3.0014060188668603,34.02389921585978,-0.7409524742338526,44.21984873047935,1.2062844803785424,False,True,False,True,False,0.0,0.0,0.0,0.0,0.0,0,0.9809100461569779,0.8810041205692878,False,False,False,False,-0.0082518141597271,-0.031932576585392544,False,False,False,False,-505125,-777544.9038296416,False,False,False,False,62735.25006695712,False,False,False,False
2022-08-26 00:00:00+00:00,29.39,31.43,29.25,31.37,135190,,,,,,,,,,,,,,,,,,,,,,,,,,,,33.30189207949346,31.763103637845454,34.87456146136344,39.272403707006895,,,,,,,,,,,,,,,,,,,,,,,,,,,,,,,34.802990221427315,,"rgba(255, 0, 0, 1.0)",2.960286551749441,33.86186675771252,-1.5106195564310416,41.25326847038417,-1.353634844750701,False,True,False,True,False,0.0,0.0,0.0,0.0,0.0,0,0.9549717964139994,0.8873482126891753,False,False,False,False,-0.09744250471360251,-0.06468754064949753,False,False,False,False,-640315,-772163.3389735774,False,False,False,False,65576.6128094294,False,False,False,False
2022-08-29 00:00:00+00:00,29.0,30.225,28.79,29.0,134833,,,,,,,,,,,,,,,,,,,,,,,,,,,,32.76278657985863,31.640833151115103,34.765227132158536,39.13795682459733,,,,,,,,,,,,,,,,,,,,,,,,,,,,,,,34.5767009219324,,"rgba(255, 0, 0, 1.0)",2.955198668646712,33.69566983403411,-1.5889523380789907,38.842103628441095,-3.7438174743398562,False,True,False,True,False,0.0,0.0,0.0,0.0,0.0,0,0.9762715022385892,0.8920435552194474,False,False,False,False,-0.14134131024153362,-0.10301442544551558,False,False,False,False,-775148,-772280.3845040253,False,False,False,False,68292.5495620008,False,False,False,False
2022-08-30 00:00:00+00:00,30.47,30.47,29.07,29.07,139847,,,,,,,,,,,,,,,,,,,,,,,,,,,,32.42162914300718,31.559447213780537,34.66964574358687,39.01150729297565,,,,,,,,,,,,,,,,,,,,,,,,,,,,,,,34.41555734833756,,"rgba(239, 83, 80, 1.0)",2.9508334568542183,33.57448604868486,-1.0520709128716628,40.147226902339554,-3.7438174743398562,False,True,False,True,False,0.0,0.0,0.0,0.0,0.0,0,0.9764790630917753,0.8823953154588765,False,False,False,False,-0.16561927294069367,-0.13431684919310463,False,False,False,False,-635301,-766908.6439352401,False,False,False,False,71098.60644192234,False,False,False,False
2022-08-31 00:00:00+00:00,30.05,31.57,29.965,30.78,53943,,,,,,,,,,,,,,,,,,,,,,,,,,,,32.33545042342561,31.540051332059374,34.637828391483474,38.96645114084827,,,,,,,,,,,,,,,,,,,,,,,,,,,,,,,34.369945321954184,,"rgba(239, 83, 80, 1.0)",2.9507049821851083,33.53999656943237,-1.1827670304226394,40.44781504679206,-3.7438174743398562,False,True,False,True,False,0.0,0.0,0.0,0.0,0.0,0,0.9822135363771608,0.8896580497472015,False,False,False,False,-0.10845519532136465,-0.12138602225723463,False,False,False,False,-689244,-763862.9716240542,False,False,False,False,70425.83756184696,False,False,False,False
2022-09-01 00:00:00+00:00,29.89,29.98,28.63,29.7,77644,,,,,,,,,,,,,,,,,,,,,,,,,,,,32.1611028042194,31.48627211869124,34.58163281557497,38.89463067079902,,,,,,,,,,,,,,,,,,,,,,,,,,,,,,,34.28090960232116,,"rgba(239, 83, 80, 1.0)",2.9541008113474616,33.073072406342085,-1.0775097431052738,40.42287074179766,-3.7438174743398562,False,True,False,True,False,0.0,0.0,0.0,0.0,0.0,0,0.9610934491306728,0.9329158455257464,False,False,False,False,-0.1926156068190348,-0.15700081453813472,False,False,False,False,-766888,-763981.6001878169,False,False,False,False,70708.90275550002,False,False,False,False
2022-09-02 00:00:00+00:00,29.59,30.59,29.43,30.23,49726,,,,,,,,,,,,,,,,,,,,,,,,,,,,32.07429874373888,31.459437682194462,34.54885816749161,38.85099305335791,,,,,,,,,,,,,,,,,,,,,,,,,,,,,,,34.23339691169571,,"rgba(239, 83, 80, 1.0)",2.9522390769664466,33.05378824878743,-1.1732749816273753,39.96415455175578,-3.7438174743398562,False,True,False,True,False,0.0,0.0,0.0,0.0,0.0,0,0.9507097230057383,0.9217623695802063,False,False,False,False,-0.15178111100094513,-0.15439096276953992,False,False,False,False,-816614,-766045.615866726,False,False,False,False,69886.0438239118,False,False,False,False
2022-09-06 00:00:00+00:00,29.14,29.94,28.97,29.94,82073,,,,,,,,,,,,,,,,,,,,,,,,,,,,31.91396520642305,31.403174960079188,34.4898470851037,38.77576755022003,,,,,,,,,,,,,,,,,,,,,,,,,,,,,,,34.14568870045649,,"rgba(239, 83, 80, 1.0)",2.9576332941564667,32.978781626026056,-1.2979234557612378,38.989136053284355,-5.043690954412227,False,True,False,True,False,0.0,0.0,0.0,0.0,0.0,0,0.9253682418747966,0.9620823840954161,False,False,False,False,-0.18387861161751512,-0.16913478719352754,False,False,False,False,-898687,-771247.2387739132,False,False,False,False,70363.96367395448,False,False,False,False
2022-09-07 00:00:00+00:00,30.27,30.28,29.085,29.22,69995,,,,,,,,,,,,,,,,,,,,,,,,,,,,31.816675520449962,31.369261090143144,34.445633888812715,38.716090837647634,,,,,,,,,,,,,,,,,,,,,,,,,,,,,,,34.08691533426337,,"rgba(239, 83, 80, 0.5)",2.9365106890708152,32.94491473927473,-0.9109160573568826,40.949068717354294,-5.043690954412227,False,True,False,True,False,0.0,0.0,0.0,0.0,0.0,0,0.9145546636539276,0.9580487133356435,False,False,False,False,-0.17067983969115408,-0.1699073134423408,False,False,False,False,-828692,-773499.9745082696,False,False,False,False,70349.49451026999,False,False,False,False
2022-09-08 00:00:00+00:00,31.07,31.19,29.38,29.85,39684,,,,,,,,,,,,,,,,,,,,,,,,,,,,31.78317038266173,31.359017675375895,34.42455478694628,38.68514290605239,,,,,,,,,,,,,,,,,,,,,,,,,,,,,,,34.062971437759074,,"rgba(239, 83, 80, 0.5)",2.895617832282216,32.939316777200744,-0.6455675042336024,43.8783037173861,-5.043690954412227,False,True,False,True,True,0.0,0.0,0.0,0.0,0.0,0,0.9319686373623216,0.9341226646753878,False,False,False,False,-0.13599518089356696,-0.15295124716795389,False,False,False,False,-789008,-774108.1323706903,False,False,False,False,69146.92609810254,False,False,False,False
2022-09-09 00:00:00+00:00,31.55,32.08,31.25,31.78,58173,,,,,,,,,,,,,,,,,,,,,,,,,,,,31.7773432301304,31.363815831536975,34.40255539928725,38.64616198548434,,,,,,,,,,,,,,,,,,,,,,,,,,,,,,,34.04746911160974,,#000000,2.8340168672052277,32.95834561077482,-0.49694327054717324,46.75372885067691,-8.875655426529313,False,True,False,False,True,0.0,0.0,0.0,0.0,0.0,0,0.9646646925288322,0.8953139023137726,False,False,False,False,-0.057629210845819526,-0.1052902290068867,False,False,False,False,-730835,-772411.146787526,False,False,False,False,68716.57605503971,False,False,False,False
2022-09-12 00:00:00+00:00,31.9,32.125,31.41,31.79,59428,,,,,,,,,,,,,,,,,,,,,,,,,,,31.811666666666664,31.77860093717815,31.37187017566106,34.3819099596007,38.6078200563643,,,,,,,,,,,,,,,,,,,,,,,,,,,,,,,33.590373559094175,,#000000,2.8285223150059497,32.86914604901033,-0.34263334033774284,49.34035522231741,-6.360466035590889,False,False,False,False,True,0.0,0.0,0.0,0.0,0.0,0,0.9795731330328502,0.8851973708137044,False,False,False,False,-0.05184832981068354,-0.07856927940878512,False,False,False,False,-671407,-768450.1998546819,False,False,False,False,68352.31817052835,False,False,False,False
2022-09-13 00:00:00+00:00,31.25,31.93,30.35,30.63,102125,,,,,,,,,,,,,,,,,,,,,,,,,,,31.41025428187654,31.74294285467896,31.366018146898703,34.3386116798375,38.53686263214214,,,,,,,,,,,,,,,,,,,,,,,,,,,,,,,33.47893791908677,,"rgba(239, 83, 80, 0.5)",2.8159906774518317,32.8236382036511,-0.5588222348360448,49.619460574752935,-5.995872330848435,False,False,False,False,True,0.0,0.0,0.0,0.0,0.0,0,0.9601076912371295,0.8854820790551582,False,False,False,False,-0.08730742588338572,-0.08293835264608543,False,False,False,False,-773532,-768649.4861348904,False,False,False,False,69676.73706580175,False,False,False,False
2022-09-14 00:00:00+00:00,30.83,31.65,30.41,31.65,49129,,,,,,,,,,,,,,,,,,,,,,,,,,,31.30603664923123,31.721341129214643,31.360293202277116,34.316818934548884,38.50223240023354,,,,,,,,,,,,,,,,,,,,,,,,,,,,,,,33.44134446310108,,"rgba(239, 83, 80, 0.5)",2.793594687723939,32.80461852102216,-0.7068378708261951,48.91055239831614,-5.995872330848435,False,False,False,False,True,0.0,0.0,0.0,0.0,0.0,1,0.9753936406909809,0.8957740562270575,False,False,False,False,-0.09354346280795046,-0.08824090772701795,False,False,False,False,-822661,-770767.5847178358,False,False,False,False,68870.94345537815,False,False,False,False
2022-09-15 00:00:00+00:00,30.34,31.51,30.08,30.54,47340,,,,,,,,,,,,,,,,,,,,,,,,,,,31.18444866458416,31.693307441772827,31.35060413223078,34.29410578067641,38.46775775393086,,,,,,,,,,,,,,,,,,,,,,,,,,,,,,,33.39804475463901,,"rgba(239, 83, 80, 0.5)",2.7594504806129585,32.77901647569808,-0.88387760274513,47.42070238295457,-5.995872330848435,False,True,False,False,True,0.0,0.0,0.0,0.0,0.0,1,0.945773226426231,0.9029018914395779,False,False,False,False,-0.10689087245937944,-0.09756589009319869,False,False,False,False,-870001,-774659.0911994892,False,False,False,False,68026.59273163784,False,False,False,False
2022-09-16 00:00:00+00:00,28.7,29.53,28.39,29.53,80611,,,,,,,,,,,,,,,,,,,,,,,,,,,30.634291656946214,31.57372929186235,31.29487964475195,34.2376279794262,38.39662148409688,,,,,,,,,,,,,,,,,,,,,,,,,,,,,,,33.22743001141672,,"rgba(239, 83, 80, 1.0)",2.739929459209046,32.66016172265257,-1.4453517076296465,43.59344364356366,-1.0068803189798388,False,True,False,True,False,0.0,0.0,0.0,0.0,0.0,1,0.9222876221451495,0.9246261890713368,False,False,False,False,-0.2128237755776967,-0.1551948328354477,False,False,False,False,-950612,-781559.2052700975,False,False,False,False,68520.09889902458,False,False,False,False
2022-09-19 00:00:00+00:00,28.37,28.65,27.83,28.4,69190,,,,,,,,,,,,,,,,,,,,,,,,,,,30.235435274616687,31.458177125259827,31.23783616223465,34.18485282995834,38.332668836331024,,,,,,,,,,,,,,,,,,,,,,,,,,,,,,,33.08979404568011,,"rgba(255, 0, 0, 1.0)",2.743826157390828,32.55714254733927,-1.5260232635586959,40.55526599110792,-3.8886557425727943,False,True,False,True,False,0.0,0.0,0.0,0.0,0.0,0,0.9136653652497306,0.9491253210892907,False,False,False,False,-0.25557639757463196,-0.20538561520503984,False,False,False,False,-1019802,-790902.0599653877,False,False,False,False,68546.36953043538,False,False,False,False
2022-09-20 00:00:00+00:00,27.71,28.27,27.25,28.27,70112,,,,,,,,,,,,,,,,,,,,,,,,,,,29.869849470464953,31.330523442495625,31.172025835303124,34.12751340886198,38.2652455606653,,,,,,,,,,,,,,,,,,,,,,,,,,,,,,,32.9530315435582,,"rgba(255, 0, 0, 1.0)",2.7275193626946095,32.45000710370627,-1.7378454461358814,37.5869047376147,-6.655376406740189,False,True,False,True,False,0.0,0.0,0.0,0.0,0.0,0,0.9270460519476661,0.9370702585502769,False,False,False,False,-0.28458554220194915,-0.2449855787034945,False,False,False,False,-1089914,-802628.0183981175,False,False,False,False,68607.76680375164,False,False,False,False
2022-09-21 00:00:00+00:00,27.81,28.32,27.01,27.63,66506,,,,,,,,,,,,,,,,,,,,,,,,,,,29.60642099572467,31.216340230260407,31.111324345542933,34.073807392947245,38.20189861240068,,,,,,,,,,,,,,,,,,,,,,,,,,,,,,,32.84195831537519,,"rgba(255, 0, 0, 1.0)",2.7325249650615855,32.359734021472164,-1.6650292603528414,35.91532683778086,-8.207564596101747,False,True,False,True,False,0.0,0.0,0.0,0.0,0.0,0,0.937713005375436,0.9187101934560773,False,False,False,False,-0.29038119133435997,-0.26768338501892724,False,False,False,False,-1023408,-811286.056892309,False,False,False,False,68525.34457615354,False,False,False,False
2022-09-22 00:00:00+00:00,26.77,27.795,26.36,27.41,71557,,,,,,,,,,,,,,,,,,,,,,,,,,,29.30074371724151,31.077018197851714,31.034664344399697,34.0104257534926,38.12984605413445,,,,,,,,,,,,,,,,,,,,,,,,,,,,,,,32.71053961342399,,"rgba(255, 0, 0, 1.0)",2.740391811270683,32.250761448648994,-1.99999190849561,33.349449725611656,-10.639962110154357,False,True,False,True,False,0.0,0.0,0.0,0.0,0.0,0,0.9386322306247576,0.9141045006012063,False,False,False,False,-0.3266647905920858,-0.2971740878055065,False,False,False,False,-1094965,-822410.7213279047,False,False,False,False,68644.23302414751,False,False,False,False
2022-09-23 00:00:00+00:00,26.2,26.73,25.485,26.26,111584,,,,,,,,,,,,,,,,,,,,,,,,,,,28.815747661431985,30.836369853123447,30.897133070656842,33.90232887474095,38.01102630184211,,,,,,,,,,,,,,,,,,,,,,,,,,,,,,,32.49252115235906,,"rgba(255, 0, 0, 1.0)",2.761297697274437,31.57191737681818,-1.9454321720257035,30.937313501579524,-12.9253535991649,False,True,False,True,False,0.0,0.0,0.0,0.0,0.0,0,0.9269029335218326,0.9225158737416552,False,False,False,False,-0.34282825441539394,-0.32000117111045023,False,False,False,False,-1206549,-837474.9675503399,False,False,False,False,70328.1454545731,False,False,False,False
2022-09-26 00:00:00+00:00,26.19,26.84,26.03,26.03,48174,,,,,,,,,,,,,,,,,,,,,,,,,,,28.662833152434537,30.744003632648703,30.842692108519312,33.85783954387541,37.96136887836159,,,,,,,,,,,,,,,,,,,,,,,,,,,,,,,32.41374746316791,,"rgba(255, 0, 0, 1.0)",2.781934079956849,31.514501490317567,-1.9139567427852766,29.31671178369548,-14.49336946621738,False,True,False,True,False,0.0,0.0,0.0,0.0,0.0,0,0.9287880819329165,0.9472551157478262,False,False,False,False,-0.32346713924855575,-0.321734155179503,False,False,False,False,-1254723,-853837.6354895423,False,False,False,False,69459.3554367467,False,False,False,False
2022-09-27 00:00:00+00:00,26.82,27.07,26.46,26.54,43883,,,,,,,,,,,,,,,,,,,,,,,,,,,28.562205814592364,30.67103809705727,30.79886595359539,33.82006309075771,37.91816340533691,,,,,,,,,,,,,,,,,,,,,,,,,,,,,,,32.354067272267926,,"rgba(255, 0, 0, 1.0)",2.803331627941359,31.476497588924463,-1.661058414392444,30.468420839714796,-14.49336946621738,False,True,False,True,False,0.0,0.0,0.0,0.0,0.0,0,0.9372069013339358,0.9248152162188539,False,False,False,False,-0.30419245292035463,-0.3129633040499288,False,False,False,False,-1210840,-867837.7282154426,False,False,False,False,68456.36110589388,False,False,False,False
2022-09-28 00:00:00+00:00,28.07,28.14,26.74,26.84,25242,,,,,,,,,,,,,,,,,,,,,,,,,,,28.5349523917175,30.6393603125585,30.779431655650015,33.80116968693956,37.89538470188012,,,,,,,,,,,,,,,,,,,,,,,,,,,,,,,32.33005974974914,,"rgba(239, 83, 80, 1.0)",2.812815440568904,31.46858547159027,-1.2082504321374499,34.9352917932666,-14.49336946621738,False,True,False,True,True,0.0,0.0,0.0,0.0,0.0,0,0.9339966202160391,0.9147991391310154,False,False,False,False,-0.2654236792158942,-0.2891934916329115,False,False,False,False,-1185598,-880298.9153442488,False,False,False,False,66761.68027821177,False,False,False,False
2022-09-29 00:00:00+00:00,27.13,27.59,27.09,27.35,32544,,,,,,,,,,,,,,,,,,,,,,,,,,,28.488034865278138,30.594417389808626,30.751726758805336,33.77548658021949,37.86508155698554,,,,,,,,,,,,,,,,,,,,,,,,,,,,,,,32.294949430219425,,"rgba(255, 0, 0, 1.0)",2.8245728370342738,31.447752574495045,-1.528639133635715,36.156402715160034,-20.214977186819418,False,True,False,True,True,0.0,0.0,0.0,0.0,0.0,0,0.9215181146453908,0.9500689430141253,False,False,False,False,-0.2711156573363976,-0.28015457448465453,False,False,False,False,-1218142,-893547.6637621215,False,False,False,False,65419.810463379945,False,False,False,False
2022-09-30 00:00:00+00:00,27.01,28.39,26.96,27.22,36372,,,,,,,,,,,,,,,,,,,,,,,,,,,28.44685048393316,30.548278926452,30.722879570933678,33.747822684213446,37.83200038626252,,,,,,,,,,,,,,,,,,,,,,,,,,,,,,,32.25956641035896,,"rgba(255, 0, 0, 1.0)",2.833342068878979,31.427109008489484,-1.5589748435271447,36.75701632484518,-19.52000940939915,False,True,False,True,True,0.0,0.0,0.0,0.0,0.0,0,0.892493314489563,0.9493661242953284,False,False,False,False,-0.2521127142593474,-0.26613364437200093,False,False,False,False,-1254514,-907703.2063596853,False,False,False,False,64280.68064128661,False,False,False,False
2022-10-03 00:00:00+00:00,27.85,28.1,26.77,26.81,29411,,,,,,,,,,,,,,,,,,,,,,,,,,,28.41961257573445,30.513358683891553,30.7007623226612,33.72605270369652,37.805711245404126,,,,,,,,,,,,,,,,,,,,,,,,,,,,,,,32.23309950627757,,"rgba(239, 83, 80, 1.0)",2.829894468474546,31.411488679799692,-1.2585234960084961,39.50007719743077,-16.7656513893173,False,True,False,True,True,0.0,0.0,0.0,0.0,0.0,0,0.8969253472405876,0.9523304524441715,False,False,False,False,-0.26570787648347044,-0.2659207604277357,False,False,False,False,-1225103,-920150.257090678,False,False,False,False,62913.24218476557,False,False,False,False
2022-10-04 00:00:00+00:00,29.24,29.33,28.35,28.46,30472,,,,,,,,,,,,,,,,,,,,,,,,,,,28.436941656054017,30.494854607119958,30.688284864469377,33.70875427112724,37.78232272685652,,,,,,,,,,,,,,,,,,,,,,,,,,,,,,,32.222231625125424,,"rgba(239, 83, 80, 0.5)",2.7735129121520252,31.41694940424314,-0.7849068936023099,44.46356282936733,-12.033896302426704,False,True,False,True,True,0.0,0.0,0.0,0.0,0.0,0,0.9177350371145843,0.9202338929016712,False,False,False,False,-0.18730467737557407,-0.2266127189016549,False,False,False,False,-1194631,-930914.2077930045,False,False,False,False,61641.03660889241,False,False,False,False
2022-10-05 00:00:00+00:00,29.06,29.223,28.515,28.77,19357,,,,,,,,,,,,,,,,,,,,,,,,,,,28.446604688781324,30.483021257887128,30.68026614690376,33.69773707719939,37.76746136450588,,,,,,,,,,,,,,,,,,,,,,,,,,,,,,,32.21501810705549,,"rgba(239, 83, 80, 0.5)",2.7257388253727237,31.418719789803276,-0.8653506226814452,47.34157004677467,-9.376162033535408,False,False,False,False,True,0.0,0.0,0.0,0.0,0.0,0,0.9371081707598797,0.9176179437544971,False,False,False,False,-0.1857132271179419,-0.2061629730097984,False,False,False,False,-1213988,-942015.1408207298,False,False,False,False,59982.8390948182,False,False,False,False
2022-10-06 00:00:00+00:00,28.54,29.41,28.445,28.99,9992,,,,,,,,,,,,,,,,,,,,,,,,,,,28.450108548207485,30.47645960258619,30.675839543631458,33.69191015129821,37.75969316228751,,,,,,,,,,,,,,,,,,,,,,,,,,,,,,,32.210802201602164,,"rgba(239, 83, 80, 1.0)",2.7071308903815106,31.41863798139423,-1.0633538229060473,48.017134831475595,-8.72325797068708,False,False,False,False,True,0.0,0.0,0.0,0.0,0.0,0,0.9286163082937728,0.9364702597039933,False,False,False,False,-0.1825057073917499,-0.19433434020077417,False,False,False,False,-1223980,-953072.5862787403,False,False,False,False,58022.41403227631,False,False,False,False
2022-10-07 00:00:00+00:00,27.23,27.93,26.645,27.93,45595,,,,,,,,,,,,,,,,,,,,,,,,,,,28.398724028186784,30.420437512614825,30.63965430979704,33.657237469653225,37.7183928005547,,,,,,,,,,,,,,,,,,,,,,,,,,,,,,,32.16688922416132,,"rgba(255, 0, 0, 1.0)",2.7266512279569333,31.383333784751645,-1.523236174163616,45.78644363673568,-8.72325797068708,False,False,False,True,True,0.0,0.0,0.0,0.0,0.0,0,0.9093363335603124,0.9511437473494946,False,False,False,False,-0.2741108033152021,-0.23422257175798813,False,False,False,False,-1269575,-965484.4456403584,False,False,False,False,57535.064462383125,False,False,False,False
2022-10-10 00:00:00+00:00,26.9,27.23,26.46,27.19,33298,,,,,,,,,,,,,,,,,,,,,,,,,,,28.3514697535189,30.375645366238157,30.610593381084158,33.630561374958035,37.68727503200937,,,,,,,,,,,,,,,,,,,,,,,,,,,,,,,32.131108981561724,,"rgba(255, 0, 0, 1.0)",2.754017782430985,31.35198740946846,-1.6165427245493929,43.704295690470964,-8.72325797068708,False,True,False,True,False,0.0,0.0,0.0,0.0,0.0,0,0.8994696042431659,0.970595675234598,False,False,False,False,-0.2995531330483594,-0.26688785240317375,False,False,False,False,-1302873,-978715.3693407365,False,False,False,False,56584.591346211244,False,False,False,False
2022-10-11 00:00:00+00:00,26.76,26.92,25.58,26.65,78833,,,,,,,,,,,,,,,,,,,,,,,,,,,28.22029344578888,30.261132449502643,30.535610052968792,33.56414987370529,37.61132157954834,,,,,,,,,,,,,,,,,,,,,,,,,,,,,,,32.03850148030279,,"rgba(255, 0, 0, 1.0)",2.768444894726147,31.266682693404835,-1.627875166303656,42.055765006893964,-8.72325797068708,False,True,False,True,False,0.0,0.0,0.0,0.0,0.0,0,0.8779624375084449,0.9714633157681392,False,False,False,False,-0.33437429641893657,-0.3006310744110552,False,False,False,False,-1381706,-994518.923484237,False,False,False,False,57457.07796008532,False,False,False,False
2022-10-12 00:00:00+00:00,26.48,26.83,25.91,26.71,67731,,,,,,,,,,,,,,,,,,,,,,,,,,,28.12030145941156,30.16758951588813,30.473095405059453,33.507955757330365,37.546800966652604,,,,,,,,,,,,,,,,,,,,,,,,,,,,,,,31.963148620868424,,"rgba(255, 0, 0, 1.0)",2.798509255667057,31.198016011705036,-1.6859033080383512,40.41851291054638,-2.9702469849091386,False,True,False,True,False,0.0,0.0,0.0,0.0,0.0,0,0.8819747728197476,0.9786789637867892,False,False,False,False,-0.32729079320495874,-0.31396093380800694,False,False,False,False,-1449437,-1012358.8480534826,False,False,False,False,57859.97686361139,False,False,False,False
2022-10-13 00:00:00+00:00,25.95,26.7,24.85,25.57,88676,,,,,,,,,,,,,,,,,,,,,,,,,,,27.966334684217532,30.034115847841658,30.38291077456149,33.42987125868651,37.45915293138119,,,,,,,,,,,,,,,,,,,,,,,,,,,,,,,31.85447709933768,,"rgba(255, 0, 0, 1.0)",2.839269015176384,30.690544681738455,-1.6696356197314959,38.338748275644654,-5.120355591854718,False,True,False,True,False,0.0,0.0,0.0,0.0,0.0,0,0.8555171937577681,1.022759287391244,False,False,False,False,-0.34282825441539394,-0.32839459411170047,False,False,False,False,-1538113,-1032976.6579337382,False,False,False,False,59068.44835915604,False,False,False,False
2022-10-14 00:00:00+00:00,26.25,26.98,26.02,26.17,34113,,,,,,,,,,,,,,,,,,,,,,,,,,,27.927213243294915,29.991763003034663,30.353473691965508,33.4025285445434,37.42745805534053,,,,,,,,,,,,,,,,,,,,,,,,,,,,,,,31.8204873076358,,"rgba(255, 0, 0, 1.0)",2.869505485223867,30.67500776335242,-1.5420802595215104,37.99101090616006,-5.669656387037733,False,True,False,True,False,0.0,0.0,0.0,0.0,0.0,0,0.8461042600896861,1.0315022421524662,False,False,False,False,-0.3013701742844332,-0.3148823841980668,False,False,False,False,-1504000,-1051448.1615441798,False,False,False,False,58089.80332546365,False,False,False,False
2022-10-17 00:00:00+00:00,28.58,28.925,27.05,27.12,43793,,,,,,,,,,,,,,,,,,,,,,,,,,,27.935305505060207,29.96500909970349,30.333007553239888,33.37654451634456,37.39352701781988,,,,,,,,,,,,,,,,,,,,,,,,,,,,,,,31.8006787384336,,"rgba(239, 83, 80, 0.5)",2.8700996498379863,30.70886090075301,-0.7417376260344072,43.77875015254891,-5.669656387037733,False,False,False,True,True,0.0,0.0,0.0,0.0,0.0,0,0.855610572564335,0.9930678568937862,False,False,False,False,-0.21920666105182982,-0.2670445226249483,False,False,False,False,-1460207,-1067477.9199149963,False,False,False,False,57529.1443715239,False,False,False,False
2022-10-18 00:00:00+00:00,28.47,29.6777,28.33,29.43,25486,,,,,,,,,,,,,,,,,,,,,,,,,,,27.95128356101446,29.955276659274638,30.32477481890804,33.36339364115088,37.37526115060941,,,,,,,,,,,,,,,,,,,,,,,,,,,,,,,31.793997966191483,,"rgba(239, 83, 80, 0.5)",2.869420715622471,30.730706553323575,-0.7878616547985559,47.36534899889507,-9.373848415742593,False,False,False,False,True,0.0,0.0,0.0,0.0,0.0,0,0.842721659717256,1.0000041821930583,False,False,False,False,-0.16475931173532388,-0.2159019171801361,False,False,False,False,-1485693,-1083878.5112908788,False,False,False,False,56272.55047460139,False,False,False,False
2022-10-19 00:00:00+00:00,27.51,27.855,27.08,27.56,24583,,,,,,,,,,,,,,,,,,,,,,,,,,,27.94329498130627,29.935057810290264,30.309872833904972,33.34704389942099,37.354957465222085,,,,,,,,,,,,,,,,,,,,,,,,,,,,,,,31.778045398028915,,"rgba(239, 83, 80, 1.0)",2.8829666464745682,30.72449160354409,-1.1149943782648082,47.50341097710651,-9.222327979988087,False,False,False,False,True,0.0,0.0,0.0,0.0,0.0,1,0.846899530521675,1.0090461479184785,False,False,False,False,-0.24754654079243896,-0.23172422898628753,False,False,False,False,-1510276,-1100599.9814363346,False,False,False,False,55029.82300500918,False,False,False,False
2022-10-20 00:00:00+00:00,27.82,28.88,27.43,27.43,25587,,,,,,,,,,,,,,,,,,,,,,,,,,,27.945035403923512,29.919099445971106,30.297574800629146,33.331743047295674,37.335110046939135,,,,,,,,,,,,,,,,,,,,,,,,,,,,,,,31.76571254895172,,"rgba(239, 83, 80, 1.0)",2.8935474969520114,30.72585149415207,-1.0042522188465957,48.329413173931016,-8.26898706635253,False,False,False,False,True,0.0,0.0,0.0,0.0,0.0,1,0.8493896198267497,1.0104028551146904,False,False,False,False,-0.21015331386793193,-0.22093877142710971,False,False,False,False,-1484689,-1115662.2958898116,False,False,False,False,53875.20249500882,False,False,False,False
2022-10-21 00:00:00+00:00,28.33,28.58,27.3,27.7,32576,,,,,,,,,,,,,,,,,,,,,,,,,,,27.94774334424267,29.899450934900695,30.282292340392388,33.312487688802584,37.31003564293439,,,,,,,,,,,,,,,,,,,,,,,,,,,,,,,31.750401990254545,,"rgba(239, 83, 80, 0.5)",2.899591005642025,30.72558442101153,-0.8261801117296205,50.06211335334595,-6.408960008539964,True,False,False,False,True,0.0,0.0,0.0,0.0,0.0,1,0.8307918446298487,1.082532652588839,False,False,False,False,-0.1969379013181178,-0.20893833637261378,False,False,False,False,-1452113,-1128856.4411490348,False,False,False,False,53039.9396520673,False,False,False,False
2022-10-24 00:00:00+00:00,28.21,28.33,26.9,28.33,28791,,,,,,,,,,,,,,,,,,,,,,,,,,,27.945217516061387,29.88004173754013,30.267412150340515,33.294759086333876,37.28737489105272,,,,,,,,,,,,,,,,,,,,,,,,,,,,,,,31.734961076265723,,"rgba(239, 83, 80, 0.5)",2.9058492920501293,30.719603849701453,-0.863638680976081,50.89574614635495,-5.3766231337865165,True,False,False,False,True,0.0,0.0,0.0,0.0,0.0,1,0.8417690008723735,1.0385360177268654,False,False,False,False,-0.214156148935011,-0.2115472426538124,False,False,False,False,-1480904,-1142662.2277706414,False,False,False,False,52089.000842182315,False,False,False,False
2022-10-25 00:00:00+00:00,29.58,30.02,28.27,28.27,26437,,,,,,,,,,,,,,,,,,,,,,,,,,,27.968028793451257,29.87504355161626,30.26203278631703,33.282938836088384,37.26989036609482,,,,,,,,,,,,,,,,,,,,,,,,,,,,,,,31.73158686671355,,#000000,2.8987320123252873,30.733714642804674,-0.3980066587387622,54.369345368164865,-1.8802690881343054,True,False,True,False,True,0.0,0.0,0.0,0.0,0.0,1,0.8610239581940315,1.0006319096751248,False,False,False,False,-0.11203279460139988,-0.16179001862760614,False,False,False,False,-1454467,-1154889.865897283,False,False,False,False,51083.04002484184,False,False,False,False
2022-10-26 00:00:00+00:00,29.52,30.28,29.14,29.14,33363,,,,,,,,,,,,,,,,,,,,,,,,,,,28.003209842508063,29.87262799777149,30.257788216092386,33.26944470494971,37.248915394490666,,,,,,,,,,,,,,,,,,,,,,,,,,,,,,,31.730397231162463,,#000000,2.881516667712758,30.754333068492084,-0.4283622865426118,56.50498291953585,0.26680102985455534,True,False,True,False,True,0.0,0.0,0.0,0.0,0.0,0,0.8744799369095368,0.9968865972417016,False,False,False,False,-0.047742766268722196,-0.10476639244816417,False,False,False,False,-1487830,-1167946.3417444483,False,False,False,False,50388.13649445588,False,False,False,False
2022-10-27 00:00:00+00:00,29.67,30.175,29.28,29.6,29898,,,,,,,,,,,,,,,,,,,,,,,,,,,28.034644130278355,29.871085345698628,30.25441275586252,33.25764124681951,37.2303683331038,,,,,,,,,,,,,,,,,,,,,,,,,,,,,,,31.72963036235256,,#000000,2.8651202952592474,30.77092192880588,-0.38424980990414653,58.23806146601706,2.036678476771449,True,False,True,False,True,0.0,0.0,0.0,0.0,0.0,0,0.9019436044674295,0.9968248119974179,False,False,False,False,-0.004325873745894991,-0.05454613309702958,False,False,False,False,-1457932,-1179318.3283427053,False,False,False,False,49584.60172996741,False,False,False,False
2022-10-28 00:00:00+00:00,29.63,29.73,29.0001,29.46,47460,,,,,,,,,,,,,,,,,,,,,,,,,,,28.074981175007444,29.864950711733563,30.246676525273333,33.23772983243724,37.200121795747364,,,,,,,,,,,,,,,,,,,,,,,,,,,,,,,31.724892008039784,,#000000,2.8419348059801743,30.78758924197549,-0.4073243480250214,59.25169423797516,3.1636572816257527,True,False,True,False,True,0.0,0.0,0.0,0.0,0.0,0,0.9102400446930059,0.980521898972181,False,False,False,False,0.04111680611624354,-0.0067146634903930205,False,False,False,False,-1505392,-1192105.5311527953,False,False,False,False,49501.28401506673,False,False,False,False
2022-10-31 00:00:00+00:00,29.18,29.72,28.43,29.27,116280,,,,,,,,,,,,,,,,,,,,,,,,,,,28.14238528268093,29.83872975401642,30.220402322208045,33.18546795261143,37.123759832848634,,,,,,,,,,,,,,,,,,,,,,,,,,,,,,,31.702149028873087,,"rgba(239, 83, 80, 0.5)",2.8192112819461377,30.799516723645752,-0.5744573789190355,58.32224959683055,3.1636572816257527,True,False,True,False,True,0.0,0.0,0.0,0.0,0.0,0,0.9319205225180088,0.9723985605093205,False,False,False,False,0.017093292516685767,0.005189314513146373,False,False,False,False,-1621672,-1208951.2750291564,False,False,False,False,52120.05719094647,False,False,False,False
2022-11-01 00:00:00+00:00,29.43,30.4,28.95,29.65,92586,,,,,,,,,,,,,,,,,,,,,,,,,,,28.213913105108045,29.832125994858504,30.20906976781638,33.14961620263216,37.06758650844089,,,,,,,,,,,,,,,,,,,,,,,,,,,,,,,31.694462315771194,,#000000,2.7920691219921676,30.81872667595405,-0.4973826274627401,58.36761967216677,3.1636572816257527,True,False,True,False,True,0.0,0.0,0.0,0.0,0.0,0,0.957211217789853,0.9379356133619713,False,False,False,False,0.08037180797611933,0.04278056124463285,False,False,False,False,-1529086,-1221505.5779691895,False,False,False,False,53706.95690894857,False,False,False,False
2022-11-02 00:00:00+00:00,27.69,29.545,27.6,29.32,76569,,,,,,,,,,,,,,,,,,,,,,,,,,,28.216436578188596,29.79829892256112,30.180638235337696,33.10973770426023,37.0136976197986,,,,,,,,,,,,,,,,,,,,,,,,,,,,,,,31.663761812029247,,"rgba(239, 83, 80, 1.0)",2.793215699860302,30.795535445777926,-1.1118136869749238,53.33710010311038,3.1636572816257527,True,False,True,False,False,0.0,0.0,0.0,0.0,0.0,0,0.9377362988174874,0.9516916958598484,False,False,False,False,-0.03577621682985681,0.0035021722073880213,False,False,False,False,-1605655,-1236570.261186084,False,False,False,False,54603.50761840157,False,False,False,False
2022-11-03 00:00:00+00:00,26.75,27.4,26.01,27.3,60528,,,,,,,,,,,,,,,,,,,,,,,,,,,28.171490283106685,29.746218443764345,30.14081738621198,33.0686529791994,36.9640472856273,,,,,,,,,,,,,,,,,,,,,,,,,,,,,,,31.618245275581945,,"rgba(239, 83, 80, 1.0)",2.8198337948593286,30.74644025156359,-1.4172609246861512,48.05475403995223,4.091886693361353,True,False,False,False,False,0.0,0.0,0.0,0.0,0.0,0,0.9050380475213093,0.9909325302572652,False,False,False,False,-0.2364959080496875,-0.11649686792114974,False,False,False,False,-1666183,-1253417.8195709437,False,False,False,False,54835.84065297406,False,False,False,False
2022-11-04 00:00:00+00:00,26.25,27.79,25.29,27.2,78068,,,,,,,,,,,,,,,,,,,,,,,,,,,28.107039394188384,29.67568429700958,30.0867445395024,33.01416080357113,36.89900148112656,,,,,,,,,,,,,,,,,,,,,,,,,,,,,,,31.556526103079612,,"rgba(255, 0, 0, 1.0)",2.8518969694441023,30.680119854980106,-1.5533940750474005,43.62651940056793,0.09378562612945984,False,False,False,True,False,0.0,0.0,0.0,0.0,0.0,1,0.8846805063705723,1.0004825083415458,False,False,False,False,-0.2508789200291747,-0.18368789397516222,False,False,False,False,-1744251,-1272666.1795877696,False,False,False,False,55746.905725406454,False,False,False,False
2022-11-07 00:00:00+00:00,26.61,27.03,25.87,26.59,66083,,,,,,,,,,,,,,,,,,,,,,,,,,,28.05796116712814,29.619356428823608,30.042927493905548,32.96914478875816,36.844879182194845,,,,,,,,,,,,,,,,,,,,,,,,,,,,,,,31.506853812162056,,"rgba(239, 83, 80, 1.0)",2.8786154204302576,30.628468201357084,-1.3959725821090947,41.85588244058888,-1.4102406683444286,False,False,False,True,False,0.0,0.0,0.0,0.0,0.0,0,0.926167044263954,1.0016865017178438,False,False,False,False,-0.2614562128852817,-0.22257205343022196,False,False,False,False,-1678168,-1288568.211760798,False,False,False,False,56152.242755782674,False,False,False,False
2022-11-08 00:00:00+00:00,25.71,26.7665,25.38,26.52,168266,,,,,,,,,,,,,,,,,,,,,,,,,,,27.905731745079073,29.46072913320068,29.91940629517257,32.847747680065645,36.702368614134855,,,,,,,,,,,,,,,,,,,,,,,,,,,,,,,31.367196693530566,,"rgba(255, 0, 0, 1.0)",2.920034881934091,30.48182064666004,-1.6341656314391062,39.01507931913466,-4.016216036717395,False,True,False,True,False,0.0,0.0,0.0,0.0,0.0,0,0.9256654932259563,0.9876258511427976,False,False,False,False,-0.3063922449744222,-0.26448214920232205,False,False,False,False,-1846434,-1310445.3014956687,False,False,False,False,60548.86068692845,False,False,False,False
2022-11-09 00:00:00+00:00,23.92,25.27,23.4,25.26,230547,,,,,,,,,,,,,,,,,,,,,,,,,,,27.57146474131047,29.16620320764917,29.692054261835366,32.64743090891627,36.482143844953235,,,,,,,,,,,,,,,,,,,,,,,,,,,24.19666666666667,,,,31.111859392932907,24.19666666666667,"rgba(255, 0, 0, 1.0)",2.998810106367887,29.774979934257566,-1.9524343744956314,34.660741787110254,-8.038192408215231,False,True,False,True,False,0.0,0.0,0.0,0.0,0.0,0,0.8910377156714225,1.0080095465534609,True,False,False,False,-0.34282825441539394,-0.30365520180885797,False,False,False,False,-2076981,-1340505.524966427,False,False,False,False,67215.45438548028,False,False,False,False
2022-11-10 00:00:00+00:00,28.79,29.9899,25.17,26.99,109535,,,,,,,,,,,,,,,,,,,,,,,,,,,27.588374509670146,29.13557290538935,29.660398922533275,32.59667817675887,36.41162699502638,,,,,,,,,,,,,,,,,,,,,,,,,,,25.416281001346732,,,,31.078530301875606,25.416281001346732,#000000,3.000093554096848,29.845122064765345,-0.35169638737582004,41.5957158345346,-8.038192408215231,False,True,False,True,True,0.0,0.0,0.0,0.0,0.0,0,0.8925808549800025,0.9401195698805686,False,False,False,False,-0.041875523329352696,-0.17276536256910532,False,False,False,False,-1967446,-1365091.4259481358,False,False,False,False,68875.04440957909,False,False,False,False
2022-11-11 00:00:00+00:00,30.63,31.165,28.31,28.5,72340,,,,,,,,,,,,,,,,,,,,,,,,,,,27.65296779204718,29.150695609198987,29.664926655022093,32.57840016375846,36.376875272013336,,,,,,,,,,,,,,,,,,,,,,,,,,,26.226417541983697,,,,31.08477309840801,26.226417541983697,#000000,3.001150668216019,29.923811341820674,0.23530596636093137,48.32861385313553,-10.340575206235272,True,False,False,False,True,0.0,0.0,0.0,0.0,0.0,0,0.9563465139631447,0.9047140879854533,False,False,False,False,0.150872039875714,-0.010946661346695669,False,False,False,False,-1895106,-1385876.3112050716,False,False,False,False,69010.92502096815,False,False,False,False
2022-11-14 00:00:00+00:00,29.77,30.13,29.2,30.0,37568,,,,,,,,,,,,,,,,,,,,,,,,,,,27.680654420770686,29.155450498554913,29.665145436702595,32.567773697650544,36.358031374359214,,,,,,,,,,,,,,,,,,,,,,,,,,,26.516414088090848,,,,31.085411085607586,26.516414088090848,#000000,2.9947280223633084,29.951931423457534,-0.06075056636160305,51.41472563912325,-7.8001409373825155,True,False,False,False,True,0.0,0.0,0.0,0.0,0.0,0,0.9509626304688769,0.920542426045103,False,False,False,False,0.14429283321623057,0.06667308593476745,False,False,False,False,-1932674,-1407319.3578244806,False,False,False,False,67777.86913779292,False,False,False,False
2022-11-15 00:00:00+00:00,31.05,32.02,30.64,30.64,64828,,,,,,,,,,,,,,,,,,,,,,,,,,31.23666666666667,27.761756781475018,29.186080701469603,29.68188132439647,32.55934739093208,36.33321045966801,,,,,,,,,,,,,,,,,,,,,,,,,,,27.110807707124977,,,,31.12649055410131,27.110807707124977,#000000,2.9954283605292895,30.107849116235627,0.31452959989932666,54.89006052193799,-4.737391499020902,True,False,True,False,True,0.5084848432177687,0.0,0.0,0.0,0.0,0,0.9654856201158896,0.8901307745468078,False,False,False,False,0.2998226940258011,0.18324788998028427,False,False,False,False,-1867846,-1425379.2261450894,False,False,False,False,67662.18799513437,False,False,False,False
2022-11-16 00:00:00+00:00,31.54,31.54,30.26,30.59,56408,,,,,,,,,,,,,,,,,,,,,,,,,,31.179282831282237,27.82697416217782,29.210448886155714,29.69502381263186,32.5514262215007,36.3112903441171,,,,,,,,,,,,,,,,,,,,,,,,,,,27.50605313629515,,,,31.1290743763109,27.50605313629515,#000000,2.9969833181065813,30.154254248562452,0.4623802018067375,57.72237878760302,-2.1601882024493193,True,False,True,False,True,1.3106423488250876,0.0,0.0,0.0,0.0,0,0.9589533911242683,0.9011403310809916,False,False,False,False,0.25857979988037855,0.2209138449303314,False,False,False,False,-1811438,-1440518.7859041055,False,False,False,False,67220.84728944283,False,False,False,False
2022-11-17 00:00:00+00:00,30.82,31.61,30.41,30.76,46304,,,,,,,,,,,,,,,,,,,,,,,,,,31.114993354820736,27.876022190392206,29.228284257501297,29.704386449545193,32.54424239147035,36.29286120176923,,,,,,,,,,,,,,,,,,,,,,,,,,,27.764039256662294,,,,31.126798307583172,27.764039256662294,#000000,2.9559737835456414,30.184418403898515,0.21501597870706257,58.31178107102329,-1.5225501992386299,True,False,True,False,True,0.09811313880812733,0.0,0.0,0.0,0.0,0,0.9566776857291986,0.9115753690493716,False,False,False,False,0.2690435186677602,0.2449786817990458,False,False,False,False,-1857742,-1456880.4805745329,False,False,False,False,66400.57876828821,False,False,False,False
2022-11-18 00:00:00+00:00,30.16,31.41,29.75,31.41,24519,,,,,,,,,,,,,,,,,,,,,,,,,,31.028821074079662,27.89719154677151,29.234839775144636,29.707288700020175,32.539266191389984,36.282233752606665,,,,,,,,,,,,,,,,,,,,,,,,,,,27.866230649322194,,,,31.114940173335437,27.866230649322194,#000000,2.8889388743654556,30.191996293744506,-0.011075448507553967,57.547324657945296,-1.5225501992386299,True,False,True,False,True,0.0,0.0,0.0,0.0,0.0,0,0.9258713794796267,0.9275962265652986,False,False,False,False,0.22844360294688712,0.23671114237296648,False,False,False,False,-1882261,-1473562.06957161,False,False,False,False,64758.16391462985,False,False,False,False
2022-11-21 00:00:00+00:00,30.28,30.415,29.63,30.11,49007,,,,,,,,,,,,,,,,,,,,,,,,,,30.841692475642905,27.93308844410728,29.244184151619976,29.710426476171342,32.52782997259421,36.2599081860934,,,,,,,,,,,,,,,,,,,,,,,,,,,28.025231839146656,,,,31.08618828437152,28.025231839146656,#000000,2.8174935957624263,30.19966154701809,0.028514156377407035,57.20684510813078,-1.5225501992386299,True,False,True,False,True,0.0,0.0,0.0,0.0,0.0,0,0.9222285555216797,0.9414493829451611,False,False,False,False,0.20965191586656573,0.2231815291197661,False,False,False,False,-1833254,-1487667.6354707626,False,False,False,False,64140.47121209535,False,False,False,False
2022-11-22 00:00:00+00:00,30.69,30.72,29.6,30.54,37068,,,,,,,,,,,,,,,,,,,,,,,,,,30.774385721750427,27.96224519779576,29.252953073045497,29.71411072258522,32.52006065921187,36.24375132098668,,,,,,,,,,,,,,,,,,,,,,,,,,,28.142904469339467,,,,31.07791778256258,28.142904469339467,#000000,2.722236050954663,30.211456985468732,0.17579041845524315,57.5821569884436,-1.0960863753068395,True,False,True,False,True,0.0,0.0,0.0,0.0,0.0,0,0.9354886034756398,0.9344216380586564,False,False,False,False,0.223243004666083,0.22321226689292456,False,False,False,False,-1796186,-1499766.3948640663,False,False,False,False,63078.80567436612,False,False,False,False
2022-11-23 00:00:00+00:00,31.16,31.45,30.66,30.79,16503,,,,,,,,,,,,,,,,,,,,,,,,,,30.792063686276105,27.97904631642024,29.259494409513096,29.717705060801094,32.51780672590236,36.23750020185789,,,,,,,,,,,,,,,,,,,,,,,,,,,28.20822028187714,,,,31.083936066795133,28.20822028187714,#000000,2.6648616075487874,30.222913983995223,0.3516452836988913,58.52403240026038,0.3599855829740619,True,False,True,False,True,0.7266718724666141,0.0,0.0,0.0,0.0,0,0.948516684780421,0.9204739094848986,False,False,False,False,0.31397931314511074,0.2685957900190177,False,False,False,False,-1779683,-1510743.516634103,False,False,False,False,61252.30349105765,False,False,False,False
2022-11-25 00:00:00+00:00,30.88,31.14,30.565,31.05,22060,,,,,,,,,,,,,,,,,,,,,,,,,,30.79691198527299,27.99959709563168,29.26708430511804,29.721685908693537,32.5143248583136,36.22879820016401,,,,,,,,,,,,,,,,,,,,,,,,,,,28.284568292536584,,,,31.088067058865647,28.284568292536584,#000000,2.570484407673038,30.23520839909847,0.250844392977755,58.515590660042406,0.9347003777070597,True,False,True,False,True,0.23144512610617696,0.0,0.0,0.0,0.0,0,0.9508508155345078,0.9216082720438572,False,False,False,False,0.29305736959053297,0.2808265798047753,False,False,False,False,-1801743,-1522155.2610798245,False,False,False,False,59715.350412976964,False,False,False,False
2022-11-28 00:00:00+00:00,30.25,31.035,29.91,30.49,34863,,,,,,,,,,,,,,,,,,,,,,,,,,30.757386306747073,28.026322042160785,29.275490602982224,29.725386779767017,32.507317605638065,36.213920829163875,,,,,,,,,,,,,,,,,,,,,,,,,,,28.376505402657344,,,,31.084304027743173,28.376505402657344,#000000,2.430687864678559,30.246423053690062,0.0014715778039278578,57.09539410311828,0.9347003777070597,True,False,True,False,True,0.0,0.0,0.0,0.0,0.0,0,0.9605181901768927,0.9061054769517902,False,False,False,False,0.2544447264058264,0.26763565310530085,False,False,False,False,-1836606,-1534486.662606106,False,False,False,False,58740.74843599748,False,False,False,False
2022-11-29 00:00:00+00:00,30.43,30.62,29.91,30.27,51866,,,,,,,,,,,,,,,,,,,,,,,,,,30.701154238943452,28.063719784399986,29.286911548555373,29.73018604296383,32.49659428385877,36.19163135662411,,,,,,,,,,,,,,,,,,,,,,,,,,,28.494620472899495,,,,31.078366209224253,28.494620472899495,#000000,2.288434430816024,30.26086094858807,0.07391037695216629,56.48849985277637,0.9347003777070597,True,False,True,False,True,0.0,0.0,0.0,0.0,0.0,0,0.9688209162552092,0.9001911730322245,False,False,False,False,0.233676308544932,0.2506559808251164,False,False,False,False,-1784740,-1544300.518974494,False,False,False,False,58471.150458115226,False,False,False,False
2022-11-30 00:00:00+00:00,31.9,32.59,30.75,30.75,139040,,,,,,,,,,,,,,,,,,,,,,,,,,30.969130569166246,28.217955876099552,29.356958867092565,29.772892589264117,32.4868662885618,36.147020547400935,,,,,,,,,,,,,,,,,,,,,,,,,,,28.950222033856747,,,,31.158470789597533,28.950222033856747,"rgba(38, 166, 154, 0.5)",2.150948108571167,30.368081793695904,0.7122060268212228,58.57122108659527,2.329861404329769,True,False,True,False,True,2.0547454099254274,0.0,0.0,0.0,0.0,0,0.9855320072136572,0.8702762071350119,False,False,False,False,0.3428282443178123,0.2967421125714643,False,False,False,False,-1645700,-1548276.9692107884,False,False,False,False,61630.713185247965,False,False,False,False
2022-12-01 00:00:00+00:00,32.86,33.0,31.85,32.32,82360,,,,,,,,,,,,,,,,,,,,,,,,,,31.180145485836594,28.323301988687543,29.410258929311386,29.807548052555674,32.48750020708454,36.12588100491074,,,,,,,,,,,,,,,,,,,,,,,,,,,29.227595010525828,,,,31.22243927806441,29.227595010525828,"rgba(38, 166, 154, 1.0)",2.02633617800858,30.44424389403789,1.1921793294616296,61.28907132227786,5.238246279028999,True,False,True,False,True,3.6963378667868874,0.0,0.0,0.0,0.0,0,1.0037097935832802,0.8651021212409464,False,False,False,False,0.34282824526017025,0.31978517891581726,False,False,False,False,-1563340,-1548867.6763005613,False,False,False,False,62443.62639366962,False,False,False,False
2022-12-02 00:00:00+00:00,32.87,33.31,31.63,31.93,62727,,,,,,,,,,,,,,,,,,,,,,,,,,31.30998610046547,28.400779679883133,29.45009770967895,29.833683241837733,32.48816903182454,36.110096941412195,,,,,,,,,,,,,,,,,,,,,,,,,,,29.413741765219715,,,,31.26546878418367,29.413741765219715,"rgba(38, 166, 154, 1.0)",1.9860900336142204,30.49737248358139,1.1946223364813822,63.11455693407537,7.212002284806289,True,False,True,False,True,3.7133900094420085,0.0,0.0,0.0,0.0,0,1.0097264931792627,0.8544141752123436,False,False,False,False,0.34282824531081363,0.3313067121133154,False,False,False,False,-1500613,-1546975.3360534806,False,False,False,False,62454.73908411395,False,False,False,False
2022-12-05 00:00:00+00:00,31.01,32.75,30.435,32.75,42867,,,,,,,,,,,,,,,,,,,,,,,,,,31.315171036298754,28.437408728893832,29.466568702568935,29.843615363428317,32.48388553118385,36.095712726867916,,,,,,,,,,,,,,,,,,,,,,,,,,,29.48581289876681,,,,31.2737270148736,29.48581289876681,#000000,1.9255070889377845,30.515380023924013,0.2568777746483643,59.87197884303842,7.212002284806289,True,False,True,False,False,0.29576401348751347,0.0,0.0,0.0,0.0,0,1.0042417532580135,0.8488441889314251,False,False,False,False,0.2648299961430924,0.29806835412820387,False,False,False,False,-1543480,-1546838.2640513836,False,False,False,False,61686.592453364385,False,False,False,False
2022-12-06 00:00:00+00:00,30.14,30.91,29.85,30.82,41147,,,,,,,,,,,,,,,,,,,,,,,,,,31.26103284398288,28.459002424753166,29.473277629695612,29.84637932957533,32.47567734155405,36.07877895025572,,,,,,,,,,,,,,,,,,,,,,,,,,,29.51323802641492,,,,31.265691419969457,29.51323802641492,#000000,1.910051713841712,30.518363522975392,-0.19809072195976501,56.04700627801516,12.109831186628107,True,False,True,False,False,0.0,0.0,0.0,0.0,0.0,1,0.9878915014803703,0.8741087906106029,False,False,False,False,0.16183457303839913,0.22995146358330149,False,False,False,False,-1584627,-1548320.175265055,False,False,False,False,60881.118239506955,False,False,False,False
2022-12-07 00:00:00+00:00,31.06,31.37,29.9,29.94,35650,,,,,,,,,,,,,,,,,,,,,,,,,,31.239641255077636,28.482050823682496,29.48230497960033,29.851235202601476,32.47016262706496,36.065390840912684,,,,,,,,,,,,,,,,,,,,,,,,,,,29.549064450404742,,,,31.265130954823263,29.549064450404742,#000000,1.919415855208385,30.526008330590308,0.27820530291061746,55.18372717421189,11.259094664268886,True,False,True,False,False,0.4013385946886281,0.0,0.0,0.0,0.0,1,0.9865365108221685,0.8756142222924819,False,False,False,False,0.18314535822583697,0.2065484109045692,False,False,False,False,-1548977,-1548345.933097798,False,False,False,False,59891.66262227139,False,False,False,False
2022-12-08 00:00:00+00:00,32.09,32.23,30.91,31.21,32554,,,,,,,,,,,,,,,,,,,,,,,,,,31.259167044745933,28.51140010336181,29.49651513964907,29.860211010910966,32.46801470338009,36.055448114999514,,,,,,,,,,,,,,,,,,,,,,,,,,,29.604448532583426,,,,31.275126019507898,29.604448532583426,"rgba(38, 166, 154, 0.5)",1.9408150512254319,30.541907987766248,0.7976504568306442,56.27985976919538,11.259094664268886,True,False,True,False,False,2.1846428344584687,0.0,0.0,0.0,0.0,1,0.9961492305054797,0.8782523836526922,False,False,False,False,0.2628744895594789,0.23471145023202405,False,False,False,False,-1516423,-1547094.0533684727,False,False,False,False,58819.597421398,False,False,False,False
2022-12-09 00:00:00+00:00,32.22,32.39,31.93,31.94,18407,,,,,,,,,,,,,,,,,,,,,,,,,,31.278917926506317,28.5299731750425,29.506017471196998,29.86641675263075,32.467534246235935,36.05041367736426,,,,,,,,,,,,,,,,,,,,,,,,,,,29.640688660656224,,,,31.283212208162798,29.640688660656224,"rgba(38, 166, 154, 0.5)",1.9555906644405314,30.55297080771916,0.8524428054363588,57.21463962377864,11.259094664268886,True,False,True,False,False,2.408135056447371,0.0,0.0,0.0,0.0,1,1.0113930605903678,0.8743576464964347,False,False,False,False,0.31485720817980506,0.27478432920591456,False,False,False,False,-1498016,-1545169.4238246111,False,False,False,False,57234.7896793824,False,False,False,False
2022-12-12 00:00:00+00:00,32.81,33.04,31.87,32.16,60189,,,,,,,,,,,,,,,,,,,,,,,,,,31.36375282249181,28.59581915080306,29.541126911700434,29.88988992404667,32.468108221935246,36.035706240430066,,,,,,,,,,,,,,,,,,,,,,,,,,,29.76968493151519,,,,31.315733878567883,29.76968493151519,"rgba(38, 166, 154, 1.0)",1.9775526325270152,30.59430875858977,1.1204208702040528,58.772587667848846,11.259094664268886,True,False,True,False,True,3.4255082391663656,0.0,0.0,0.0,0.0,1,1.0123652547002624,0.8759210649042624,False,False,False,False,0.3414631726364839,0.30812375092119926,False,False,False,False,-1437827,-1540959.9170079597,False,False,False,False,57350.641064504656,False,False,False,False
2022-12-13 00:00:00+00:00,33.82,35.15,33.35,34.37,46913,,,,,,,,,,,,,,,,,,,,,,,,,34.10666666666666,31.497059549215432,28.66489138318542,29.58149853446276,29.918199158619903,32.47500771293241,36.02936739680165,,,,,,,,,,,,,,,,,,,,,,,,,,,29.913446068359157,,,,31.753241485983462,29.913446068359157,"rgba(38, 166, 154, 1.0)",2.0497400230668954,30.86065821791849,1.4437644524565776,61.26336757528084,5.562417209452491,True,False,True,False,True,5.135877285543653,0.0,0.0,0.0,0.0,1,1.0270579418609238,0.8470660934274709,False,False,False,False,0.3428282469453223,0.3254759989332608,False,False,False,False,-1390914,-1535075.7633998045,False,False,False,False,56941.3218070731,False,False,False,False
2022-12-14 00:00:00+00:00,33.51,34.35,33.04,33.42,26492,,,,,,,,,,,,,,,,,,,,,,,,,33.935839792929634,31.5541232343052,28.699810542313063,29.60163086685964,29.932230532837156,32.477755454447866,36.02492948887126,,,,,,,,,,,,,,,,,,,,,,,,,,,29.981798024801133,,,,31.746617130366264,29.981798024801133,"rgba(38, 166, 154, 1.0)",2.1089042199704386,30.87238227727003,1.25070531783892,62.10335679002894,6.519178561305651,True,False,True,False,True,4.540579114309686,0.0,0.0,0.0,0.0,0,1.0088023297184043,0.8734730988680836,False,False,False,False,0.30190608320915985,0.3136910410712103,False,False,False,False,-1417406,-1530461.262874322,False,False,False,False,55747.23075581533,False,False,False,False
2022-12-15 00:00:00+00:00,34.0,34.11,32.77,32.77,106986,,,,,,,,,,,,,,,,,,,,,,,,,33.7524758995737,31.75592666295339,28.835789222745877,29.68080734213458,29.98773296962016,32.48865738028097,36.00712383707764,,,,,,,,,,,,,,,,,,,,,,,,,,,30.233581992572926,,,,31.78693047348376,30.233581992572926,"rgba(38, 166, 154, 1.0)",2.17449754370238,30.945990842608268,1.404466593322457,63.39598476527773,7.940295362404534,True,False,True,False,True,5.374802391956454,0.0,0.0,0.0,0.0,0,1.0032678029906934,0.8764509045278678,False,False,False,False,0.28343546200034425,0.2985632515357773,False,False,False,False,-1310420,-1521832.1937419956,False,False,False,False,57756.59425558728,False,False,False,False
2022-12-16 00:00:00+00:00,33.75,34.15,33.21,33.64,198900,,,,,,,,,,,,,,,,,,,,,,,,,33.726705563801936,32.05441762647272,29.07335700613725,29.822724251688218,30.088690136500603,32.50971408475097,35.975757889846435,,,,,,,,,,,,,,,,,,,,,,,,,,,30.62847475225751,,,,31.893052365599733,30.62847475225751,"rgba(38, 166, 154, 1.0)",2.232624666373867,31.087484402322474,1.192549575295103,63.53331595849255,8.306957568660494,True,False,True,False,True,4.882408971881755,0.0,0.0,0.0,0.0,0,1.0099373684279347,0.8783326141816711,False,False,False,False,0.30081413688144687,0.2996886942086121,False,False,False,False,-1509320,-1521341.5194776037,False,False,False,False,63291.62977497602,False,False,False,False
2022-12-19 00:00:00+00:00,32.81,33.99,32.78,33.82,28270,,,,,,,,,,,,,,,,,,,,,,,,,33.68970881250495,32.078700353010625,29.101740190433624,29.83954178812051,30.10063378227563,32.51139430625648,35.97038398156838,,,,,,,,,,,,,,,,,,,,,,,,,,,30.669303524806136,,,,31.8988718877386,30.669303524806136,"rgba(38, 166, 154, 0.5)",2.2671333806739047,31.100755922254876,0.7539230343990849,61.07475514313227,8.306957568660494,True,False,True,False,True,3.0479186794764423,0.0,0.0,0.0,0.0,0,1.0225611525978309,0.8678655302530544,False,False,False,False,0.2794765741293101,0.28958263416896113,False,False,False,False,-1537590,-1521978.7147922076,False,False,False,False,61918.23252889853,False,False,False,False
2022-12-20 00:00:00+00:00,32.62,32.79,32.31,32.67,20425,,,,,,,,,,,,,,,,,,,,,,,,,33.63643144090383,32.08620423841296,29.118934121416597,29.84936136740361,30.107487518609055,32.511504101206675,35.96565029462986,,,,,,,,,,,,,,,,,,,,,,,,,,,30.69095295859421,,,,31.89651044036894,30.69095295859421,"rgba(38, 166, 154, 0.5)",2.2973272210028077,31.10580117376051,0.6591132566559335,58.94965862344435,8.306957568660494,True,False,True,False,False,2.679982026962321,0.0,0.0,0.0,0.0,0,1.0186033578729938,0.8737487421217097,False,False,False,False,0.22033582377244443,0.2549592289707028,False,False,False,False,-1558015,-1523391.9024474153,False,False,False,False,60291.04693952996,False,False,False,False
2022-12-21 00:00:00+00:00,33.24,33.74,32.65,32.72,24019,,,,,,,,,,,,,,,,,,,,,,,,,33.61377138895956,32.105901408522655,29.142623495703496,29.863496880459714,30.117567254738397,32.512957117020726,35.96114209240372,,,,,,,,,,,,,,,,,,,,,,,,,,,30.724190848029128,,,,31.90249423397261,30.724190848029128,"rgba(38, 166, 154, 0.5)",2.3384506151038136,31.117323575051344,0.9077277113480643,58.820319607669795,8.306957568660494,True,False,True,False,False,3.797663329595032,0.0,0.0,0.0,0.0,0,1.0344603208328906,0.8562493360246467,False,False,False,False,0.26586503440618936,0.26041213168844607,False,False,False,False,-1533996,-1523807.7494102619,False,False,False,False,58868.61372621506,False,False,False,False
2022-12-22 00:00:00+00:00,32.92,33.07,32.31,32.82,19170,,,,,,,,,,,,,,,,,,,,,,,,,33.57930649263366,32.11501726827977,29.159295015615342,29.873210338824624,30.124418608681864,32.51337764030328,35.95697647541056,,,,,,,,,,,,,,,,,,,,,,,,,,,30.745475751712938,,,,31.903085977107015,30.745475751712938,"rgba(38, 166, 154, 0.5)",2.3700955467873075,31.123567101232236,0.757958007727938,57.83284812077249,12.608361425633753,True,False,True,False,False,3.161476857077158,0.0,0.0,0.0,0.0,0,1.023302440449319,0.8617122978463498,False,False,False,False,0.23013592783537842,0.24527402976191226,False,False,False,False,-1553166,-1524959.0533549574,False,False,False,False,57311.805344794855,False,False,False,False
2022-12-23 00:00:00+00:00,31.94,32.9,31.6001,32.9,11941,,,,,,,,,,,,,,,,,,,,,,,,,33.54389728629701,32.115287213401814,29.167830964945733,29.87793868039782,30.127671272894144,32.51299945200602,35.95388402858911,,,,,,,,,,,,,,,,,,,,,,,,,,,30.75451289065517,,,,31.899929842647378,30.75451289065517,#000000,2.379832434104246,31.12498761459443,0.3424662903681853,54.66841711499887,9.462317783533415,True,False,True,False,False,1.2379756255800984,0.0,0.0,0.0,0.0,1,1.0278816697176796,0.8609994932064255,False,False,False,False,0.19947602346741553,0.2223750266146639,False,False,False,False,-1565107,-1526533.4826351553,False,False,False,False,55532.55807637153,False,False,False,False
2022-12-27 00:00:00+00:00,31.63,31.95,30.69,31.76,24410,,,,,,,,,,,,,,,,,,,,,,,,,33.441906519140566,32.103441588090185,29.180928777634822,29.88448112196823,30.131917379309346,32.51070684566789,35.94637983749556,,,,,,,,,,,,,,,,,,,,,,,,,,,30.763215942501034,,,,31.88568029561523,30.763215942501034,#000000,2.3807615028249804,31.122307934309397,0.21324776341022866,51.83790552623228,6.747287255588979,False,False,False,False,False,0.6371555404378633,0.0,0.0,0.0,0.0,0,1.0009998147010088,0.8787558039243394,False,False,False,False,0.1357906833409037,0.1790828549777838,False,False,False,False,-1589517,-1529003.4244926001,False,False,False,False,54312.06560278834,False,False,False,False
2022-12-28 00:00:00+00:00,31.06,31.6,30.395,31.44,33032,,,,,,,,,,,,,,,,,,,,,,,,,33.2938086841745,32.07887329577144,29.195254876285947,29.890939791749116,30.135831030087594,32.50646996785219,35.93535880104952,,,,,,,,,,,,,,,,,,,,,,,,,,31.018333333333338,30.767630511852722,,,,31.862362349567185,30.89298192259303,#000000,2.371490450108345,31.10955001484736,-0.02089403937726111,48.673646895481866,3.7905403104899094,False,True,False,True,False,0.0,0.0,0.0,0.0,0.0,0,0.9934759473128378,0.916138739417103,False,False,False,False,0.1139858119541481,0.14653433346596595,False,False,False,False,-1622549,-1532671.8784340667,False,False,False,False,53477.5532262084,False,False,False,False
2022-12-29 00:00:00+00:00,33.15,33.33,31.3,31.3,30229,,,,,,,,,,,,,,,,,,,,,,,,,33.25671136173973,32.08931654910552,29.219329396697063,29.90495392042495,30.145720570874825,32.5066950634954,35.92853292526489,,,,,,,,,,,,,,,,,,,,,,,,,,31.77094038981363,30.796091095796225,,,,31.8644656839432,31.28351574280493,"rgba(38, 166, 154, 0.5)",2.4000485205305804,31.16259202066034,0.828069917061635,51.38331687377722,3.7905403104899094,False,False,False,False,True,3.436475602957774,0.0,0.0,0.0,0.0,0,0.9853012636886177,0.9008365527369183,False,False,False,False,0.203977816310759,0.17525607488836248,False,False,False,False,-1592320,-1535011.0204562603,False,False,False,False,52565.84525655317,False,False,False,False
2022-12-30 00:00:00+00:00,33.14,33.79,32.55,32.55,63397,,,,,,,,,,,,,,,,,,,,,,,,,33.24704348900845,32.13303692849168,29.277023827686513,29.939974373553365,30.17094728543951,32.510226386431,35.91672463718195,,,,,,,,,,,,,,,,,,,,,,,,,,32.46621595161775,30.870928381424736,,,,31.88499670397035,31.668572166521244,"rgba(38, 166, 154, 0.5)",2.4311989553223503,31.231956360704544,0.7848159177258577,53.16480729406843,3.7905403104899094,False,False,False,False,True,3.4166825177839932,0.0,0.0,0.0,0.0,0,1.0143921276406864,0.878204938517369,False,False,False,False,0.26408128765844036,0.21966868127340142,False,False,False,False,-1655717,-1539744.588281505,False,False,False,False,52990.59642296285,False,False,False,False
2023-01-03 00:00:00+00:00,33.88,34.69,33.1933,33.82,18150,,,,,,,,,,,,,,,,,,,,,,,,,33.26579787813196,32.15369862333231,29.29640832158933,29.952199202363303,30.17991113869831,32.51240633365451,35.91429078588537,,,,,,,,,,,,,,,,,,,,,,,,,,32.64856876001326,30.898325254512777,,,,31.896387469093586,31.77344700726302,"rgba(38, 166, 154, 1.0)",2.479835856236054,31.254454612752717,1.0587577321478012,55.75006726971985,0.07480368899489775,True,False,True,False,True,4.755173381851076,0.0,0.0,0.0,0.0,1,1.0175965999607768,0.8793316515819476,False,False,False,False,0.3199640627885437,0.2698163720309726,False,False,False,False,-1637567,-1543580.7612900734,False,False,False,False,51624.29852402313,False,False,False,False
2023-01-04 00:00:00+00:00,33.74,34.48,33.35,34.48,20510,,,,,,,,,,,,,,,,,,,,,,,,,33.28380906475597,32.17564912176953,29.31781700507153,29.965700744068265,30.189815536937378,32.514749335663986,35.911458923566485,,,,,,,,,,,,,,,,,,,,,,,,,,32.798450128439335,30.928050686924028,,,,31.908428533119018,31.863250407681683,"rgba(38, 166, 154, 0.5)",2.522028984408849,31.27600172052345,0.9769904686698521,57.07219307139928,1.3246602470075644,True,False,True,False,True,4.468314809006824,0.0,0.0,0.0,0.0,1,1.0214910049235355,0.8778766612558917,False,False,False,False,0.31800337433267467,0.2939098731818236,False,False,False,False,-1658077,-1548070.8098669334,False,False,False,False,50404.129954453594,False,False,False,False
2023-01-05 00:00:00+00:00,31.8,33.26,31.78,33.26,37008,,,,,,,,,,,,,,,,,,,,,,,,,33.23147566868399,32.17802092636189,29.342698643542192,29.980051330626445,30.199926023954138,32.51401336602935,35.902463118824706,,,,,,,,,,,,,,,,,,,,,,,,,,32.70361900266567,30.952125715074864,,,,31.906949868288958,31.827872358870266,#000000,2.5285975174799047,31.277433357869167,0.20666264145178898,53.34489538033853,1.3246602470075644,False,False,False,False,False,0.6223377677029198,0.0,0.0,0.0,0.0,1,1.001693257174626,0.8852901791083873,False,False,False,False,0.21824127024487883,0.2560755717133512,False,False,False,False,-1695085,-1553836.072225093,False,False,False,False,49878.79152486718,False,False,False,False
2023-01-06 00:00:00+00:00,32.29,32.4399,31.08,32.19,26052,,,,,,,,,,,,,,,,,,,,,,,,,33.185636493301665,32.17421947570865,29.35794658212786,29.98855491501539,30.205819658906375,32.51274189839274,35.89555942166829,,,,,,,,,,,,,,,,,,,,,,,,,,32.61612585246098,30.964314503666614,,,,31.902925492160133,31.790220178063798,#000000,2.5339636579516984,31.27495849072048,0.4005746120684373,51.9501467875071,1.3246602470075644,False,False,False,False,False,1.5386424545478476,0.0,0.0,0.0,0.0,1,0.9746786938277213,0.9191514478441324,False,False,False,False,0.165749168691772,0.2109123702025616,False,False,False,False,-1669033,-1558353.5988045011,False,False,False,False,48944.40754349984,False,False,False,False
2023-01-09 00:00:00+00:00,33.17,33.96,32.61,32.77,28026,,,,,,,,,,,,,,,,,,,,,,,,,33.18787548331217,32.192085765058145,29.382383201357747,30.003717184217503,30.21688051202305,32.51447645117001,35.89060811821879,,,,,,,,,,,,,,,,,,,,,,,,,,32.68504652787528,30.994312905251505,,,,31.912575245051055,31.839679716563392,"rgba(38, 166, 154, 0.5)",2.552283076169459,31.291404306409877,0.7360451946457194,52.82787308308395,1.3246602470075644,False,False,False,False,False,3.160531027223115,0.0,0.0,0.0,0.0,1,0.9793968715498472,0.9031707698037945,False,False,False,False,0.2723003213248643,0.24160634576371295,False,False,False,False,-1641007,-1561594.908655305,False,False,False,False,48124.07783591161,False,False,False,False
2023-01-10 00:00:00+00:00,33.76,33.86,32.81,33.17,22119,,,,,,,,,,,,,,,,,,,,,,,,,33.19600191332432,32.20875636951309,29.402588633927813,30.016426111351738,30.226211820852914,32.51626784866308,35.887052246707675,,,,,,,,,,,,,,,,,,,,,,,,,,32.747913313921416,31.0197989013213,,,,31.921900706334373,31.883856107621355,"rgba(38, 166, 154, 0.5)",2.564683307636365,31.306023248142523,0.9568342198628343,54.517060896814144,1.3246602470075644,False,False,True,False,False,4.229481795245096,0.0,0.0,0.0,0.0,1,0.9802387654857179,0.9033041082531431,False,False,False,False,0.275884983246257,0.258745664504985,False,False,False,False,-1618888,-1563841.6965511753,False,False,False,False,47104.27086195429,False,False,False,False
2023-01-11 00:00:00+00:00,34.27,34.27,33.79,33.807,27585,,,,,,,,,,,,,,,,,,,,,,,,,33.226989602163464,32.23903684022124,29.43138350855873,30.0350231191171,30.240027391977655,32.51995972080186,35.88379365517972,,,,,,,,,,,,,,,,,,,,,,,,,,32.87065810084459,31.05886560567849,,,,31.939459119717107,31.96476185326154,"rgba(38, 166, 154, 1.0)",2.573405217686199,31.330984783400467,1.1420724557487547,56.553290921929104,1.3246602470075644,True,False,True,False,True,5.146285133790148,0.0,0.0,0.0,0.0,1,0.9966141643907367,0.8911949567885068,False,False,False,False,0.3264812795497838,0.2926134720273844,False,False,False,False,-1591303,-1564918.6104119136,False,False,False,False,46338.80925952471,False,False,False,False
2023-01-12 00:00:00+00:00,35.31,36.0,33.6749,34.36,39562,,,,,,,,,,,,,,,,,,,,,,,,,33.30896925118417,32.3005814174075,29.479767256868005,30.067130284756477,30.264162736727805,32.528155165658944,35.88146228321182,,,,,,,,,,,,,,,,,,,,,,,,,,33.1137856371684,31.128960728403364,,,,31.975746913687818,32.12137318278588,"rgba(0, 255, 255, 0.75)",2.6022590878620258,31.37860212688428,1.5107634329930206,59.577452852437055,3.5801472661209885,True,False,True,False,True,6.979859063503547,0.0,0.0,0.0,0.0,1,1.0026569561246397,0.869747206967129,False,False,False,False,0.34282824736315753,0.317720859695271,False,False,False,False,-1551741,-1564401.8413761524,False,False,False,False,46073.05203366099,False,False,False,False
2023-01-13 00:00:00+00:00,35.21,35.605,34.63,34.82,36220,,,,,,,,,,,,,,,,,,,,,,,,,33.383874320415494,32.35763780879675,29.52454314855418,30.097066421906746,30.28675480772111,32.536074388115914,35.87970596482006,,,,,,,,,,,,,,,,,,,,,,,,,,33.30675041120043,31.193440937773644,,,,32.00937955147575,32.25009567448704,"rgba(38, 166, 154, 1.0)",2.6349112298499424,31.42085165416101,1.4380554088172386,61.3036408073623,5.282575179601409,True,False,True,False,True,6.769268156984449,0.0,0.0,0.0,0.0,0,1.0084441514934093,0.8831837116866684,False,False,False,False,0.34282824754632263,0.33027455362079683,False,False,False,False,-1587961,-1565325.7299496366,False,False,False,False,45686.65783626252,False,False,False,False
2023-01-17 00:00:00+00:00,35.55,35.72,34.61,35.07,55010,,,,,,,,,,,,,,,,,,,,,,,,,33.495094617506645,32.44433161256602,29.59292956511907,30.143149884947178,30.321681633180113,32.548673312647566,35.87758021338602,,,,,,,,,,,,,,,,,,,,,,,,,,33.55688070771344,31.29095768736915,,,,32.06049154847894,32.423919197541295,"rgba(0, 255, 255, 0.75)",2.689710872301468,31.482697175763025,1.5121710166404458,63.00925002414685,6.996802089199484,True,False,True,False,True,7.371983074671878,0.0,0.0,0.0,0.0,0,1.0263751855731074,0.8688670351083531,False,False,False,False,0.34282824757645025,0.33655140059862354,False,False,False,False,-1532951,-1564056.1326967098,False,False,False,False,46052.27909758556,False,False,False,False
2023-01-18 00:00:00+00:00,34.71,36.405,34.59,35.82,13392,,,,,,,,,,,,,,,,,,,,,,,,,33.51942159077542,32.46425109334457,29.609165445973513,30.154119627167425,30.330011917679222,32.551658253316546,35.87701360002303,,,,,,,,,,,,,,,,,,,,,,,,,,33.6067891528164,31.313663895909244,,,,32.07223450403996,32.460226524362824,"rgba(38, 166, 154, 1.0)",2.7069050043736023,31.496631530459876,1.1871005684899245,61.627961693643286,6.996802089199484,True,False,True,False,True,5.5775783032596955,0.0,0.0,0.0,0.0,0,1.0458720263235044,0.8351019326303556,False,False,False,False,0.3428282477801634,0.3396898241893935,False,False,False,False,-1546343,-1563361.500041937,False,False,False,False,44771.48383885672,False,False,False,False
2023-01-19 00:00:00+00:00,33.8,34.54,33.75,34.445,23943,,,,,,,,,,,,,,,,,,,,,,,,,33.531873479628274,32.48398067265294,29.631793442256136,30.16899112580523,30.34119351698802,32.554589301310585,35.874106375599624,,,,,,,,,,,,,,,,,,,,,,,,,,33.62815606439845,31.34133792561339,,,,32.0837897020344,32.48474699500592,"rgba(38, 166, 154, 0.5)",2.7015484515433346,31.510719314419724,0.847395753451121,58.36489471244613,6.996802089199484,True,False,True,False,False,3.6828071249172183,0.0,0.0,0.0,0.0,0,1.0442406026136768,0.8601296040392938,False,False,False,False,0.2554462519353144,0.29756803806235393,False,False,False,False,-1570286,-1563633.0490599002,False,False,False,False,43954.680551058416,False,False,False,False
2023-01-20 00:00:00+00:00,35.57,35.57,33.9,34.09,23460,,,,,,,,,,,,,,,,,,,,,,,,,33.56644801415145,32.5148285534983,29.658648444778827,30.187135372640455,30.354987344281835,32.55935655189077,35.872780883067634,,,,,,,,,,,,,,,,,,,,,,,,,,33.69344958498679,31.377631239869384,,,,32.10202645204418,32.535540412428084,"rgba(38, 166, 154, 1.0)",2.7418111854350458,31.532146701022892,1.4726956109986173,59.45545165569151,6.996802089199484,True,False,True,False,False,6.862845426495678,0.0,0.0,0.0,0.0,0,1.0366904202582845,0.8356664448098376,False,False,False,False,0.293024312245544,0.29529617515394896,False,False,False,False,-1546826,-1562973.949096767,False,False,False,False,43150.967588271815,False,False,False,False
2023-01-23 00:00:00+00:00,35.83,36.36,35.0,35.19,29608,,,,,,,,,,,,,,,,,,,,,,,,,33.62835046102625,32.5635665174241,29.696646247873428,30.213213199409015,30.3749406247942,32.56709620876976,35.87250393613942,,,,,,,,,,,,,,,,,,,,,,,,,,33.8078016457331,31.431253778553426,,,,32.13090245649088,32.61952771214327,"rgba(0, 255, 255, 0.75)",2.7990285830997093,31.56537984206353,1.5236072199068902,60.58947019939029,6.996802089199484,True,False,True,False,False,7.315225123100181,0.0,0.0,0.0,0.0,0,1.0582644471203393,0.821321638949458,False,False,False,False,0.34282824788690025,0.3190622115204246,False,False,False,False,-1517218,-1561179.5981517958,False,False,False,False,42619.87082010429,False,False,False,False
2023-01-24 00:00:00+00:00,35.73,36.6,35.51,35.99,53559,,,,,,,,,,,,,,,,,,,,,,,,,33.7424335799672,32.65385928405146,29.766612526347927,30.26159659382379,30.41210624101296,32.58195370776133,35.872763243254255,,,,,,,,,,,,,,,,,,,,,,,,,,34.00501797535387,31.529693380088975,,,,32.18447502517413,32.767355677721426,"rgba(38, 166, 154, 1.0)",2.8485554866213367,31.626064324089302,1.4407076482046557,61.06711150933201,6.996802089199484,True,False,True,False,False,7.101296103344662,0.0,0.0,0.0,0.0,0,1.0966110902753265,0.8004392980056474,False,False,False,False,0.34282824567612274,0.3309452285982737,False,False,False,False,-1570777,-1561555.9668517255,False,False,False,False,43048.856278139414,False,False,False,False
2023-01-25 00:00:00+00:00,35.72,36.21,34.5,35.55,35334,,,,,,,,,,,,,,,,,,,,,,,,,33.796964319674565,32.70270195254305,29.80847378702887,30.290469427973466,30.43429570043566,32.59032499586545,35.871851674297666,,,,,,,,,,,,,,,,,,,,,,,,,,34.08940546709164,31.585655632532795,,,,32.21358312254553,32.837530549812215,"rgba(38, 166, 154, 1.0)",2.888948017643933,31.658885097545756,1.4057417709323357,61.355369147469816,6.996802089199484,True,False,True,False,False,7.0795291166652525,0.0,0.0,0.0,0.0,0,1.0803448695736368,0.8809768663931141,False,False,False,False,0.26364271773403813,0.2972939731661559,False,False,False,False,-1606111,-1563303.2230536188,False,False,False,False,42746.31289468297,False,False,False,False
2023-01-26 00:00:00+00:00,36.84,37.34,36.06,36.06,54875,,,,,,,,,,,,,,,,,,,,,,,,,33.93430126885328,32.808527595561976,29.88657961357242,30.345508305476045,30.476957004186296,32.608908755928276,35.87496724009041,,,,,,,,,,,,,,,,,,,,,,,,,,34.30669575131891,31.696851390484486,,,,32.27653568338125,33.0017735709017,"rgba(0, 255, 255, 0.75)",2.932995136114043,31.72826703935516,1.7428371761357346,63.48126271934197,8.196176267724582,True,False,True,False,True,9.07698549479655,0.0,0.0,0.0,0.0,0,1.0531406740485194,0.8743745321597668,False,False,False,False,0.34282824388721195,0.3200611085266839,False,False,False,False,-1551236,-1562829.9986201436,False,False,False,False,43221.947683126775,False,False,False,False
2023-01-27 00:00:00+00:00,36.78,37.295,36.21,36.73,56253,,,,,,,,,,,,,,,,,,,,,,,,,34.06310054465455,32.91180373176508,29.965013427229515,30.401093634048735,30.52019838295957,32.627855914683096,35.87819265540351,,,,,,,,,,,,,,,,,,,,,,,,,,34.49656914873335,31.806297567346746,,,,32.33817975582058,33.15143335804005,"rgba(0, 255, 255, 0.75)",2.9629949664438073,31.795546378411093,1.6822349271727788,64.6975803927813,9.567967275695167,True,False,True,False,True,8.942038480849114,0.0,0.0,0.0,0.0,0,1.0498115939199428,0.8663645961772111,False,False,False,False,0.34282824341008034,0.3314446759683821,False,False,False,False,-1607489,-1564581.332007589,False,False,False,False,43732.969342612,False,False,False,False
2023-01-30 00:00:00+00:00,37.36,37.78,36.14,36.14,29011,,,,,,,,,,,,,,,,,,,,,,,,,34.13265731033714,32.96739386958345,30.006708199023073,30.43086080383247,30.543439957929696,32.63833857920646,35.880467956232756,,,,,,,,,,,,,,,,,,,,,,,,,,34.596174119757336,31.864568650747525,,,,32.37140952516358,33.23037138525243,"rgba(0, 255, 255, 0.75)",2.99883642299677,31.831516406501215,1.8435428992069232,66.4557241020824,11.430055855898033,True,False,True,False,True,9.971571018102651,0.0,0.0,0.0,0.0,0,1.040571490066677,0.8841513969706657,False,False,False,False,0.34282824373924825,0.3371364598538152,False,False,False,False,-1578478,-1565126.2993798405,False,False,False,False,43155.637211529174,False,False,False,False
2023-01-31 00:00:00+00:00,38.09,38.435,37.53,37.53,88670,,,,,,,,,,,,,,,,,,,,,,,,,34.38739667894242,33.16461400111322,30.14742096688328,30.532629152324215,30.62335780151339,32.67666468935358,35.892633407751575,,,,,,,,,,,,,,,,,,,,,,,,,,34.95527596822898,32.065111383269,,,,32.489245242554524,33.510193675748994,"rgba(0, 255, 0, 1.0)",3.0415787330249016,31.957479138064354,2.0162295308518132,68.69783031777237,13.697105720800757,True,False,True,False,True,11.247656747374773,0.0,0.0,0.0,0.0,0,1.065025186293426,0.8639484019285414,False,False,False,False,0.3428282451106501,0.33998235248223263,False,False,False,False,-1489808,-1562172.640580631,False,False,False,False,44940.51418362607,False,False,False,False
2023-02-01 00:00:00+00:00,39.17,39.255,37.82,38.17,70044,,,,,,,,,,,,,,,,,,,,,,,,,34.6021181853798,33.3316860759045,30.26511855919401,30.61876370076201,30.691403793745728,32.71064114640768,35.90541270125281,,,,,,,,,,,,,,,,,,,,,,,,,,35.24562207000208,32.232840155689935,,,,32.5893063089495,33.73923111284601,"rgba(0, 255, 0, 1.0)",3.095851667885548,32.06327562767105,2.2955635911273533,71.51728661648764,16.43783832315893,True,False,True,False,True,13.081949637161802,0.0,0.0,0.0,0.0,0,1.0669147290579943,0.8530699993485329,False,False,False,False,0.34282824571712484,0.34140529909967876,False,False,False,False,-1419764,-1556587.9880088416,False,False,False,False,45924.96460779759,False,False,False,False
2023-02-02 00:00:00+00:00,39.33,40.68,39.22,39.81,66540,,,,,,,,,,,,,,,,,,,,,,,,39.74333333333333,34.83184957344911,33.50889654248714,30.386751756131012,30.7087451136116,30.76285210299953,32.74782898318089,35.921659200114654,,,,,,,,,,,,,,,,,,,,,,,,,,35.55051312670918,32.407731883777004,,,,33.57648957566341,33.97912250524309,"rgba(0, 255, 0, 1.0)",3.1516966573291922,32.595073254284316,2.1369209914456007,73.57647684516724,18.411855918459707,True,False,True,False,True,13.350097952529765,0.0,0.0,0.0,0.0,0,1.0975887899002197,0.8273006260733822,False,False,False,False,0.34282824695472813,0.34211677302720345,False,False,False,False,-1353224,-1548612.9296555538,False,False,False,False,46733.39736827612,False,False,False,False
2023-02-03 00:00:00+00:00,40.28,40.62,37.93,38.39,91845,,,,,,,,,,,,,,,,,,,,,,,,39.66601540549926,35.10943358944355,33.733099236674526,30.54728196336795,30.828279471260643,30.858202123857478,32.79755174523563,35.94308501548948,,,,,,,,,,,,,,,,,,,,,,,,,,35.89785033782546,32.63201849492613,,,,33.68536856885356,34.264934416375795,"rgba(0, 255, 0, 1.0)",3.2728629393575295,32.724382173821056,2.308565303887162,75.94150945714354,20.664116509777898,True,False,True,False,True,14.926327729631023,0.0,0.0,0.0,0.0,0,1.0775783317271717,0.8183571699485975,False,False,False,False,0.2925654892132253,0.31734113112021434,False,False,False,False,-1261379,-1537348.853982787,False,True,False,False,48502.47982442215,False,True,False,False
2023-02-06 00:00:00+00:00,39.5,40.66,39.45,39.94,62189,,,,,,,,,,,,,,,,,,,,,,,,39.723527160952784,35.28960888973956,33.882092146174394,30.655870810059433,30.909753562347422,30.92348950312518,32.83208169799166,35.95847049305249,,,,,,,,,,,,,,,,,,,,,,,,,,36.11537324405488,32.78148618046919,,,,33.771861782930365,34.44842971226203,"rgba(0, 255, 255, 0.75)",3.356733987533605,32.81663928371576,1.991030787993692,74.62570730747532,20.664116509777898,True,False,True,False,True,13.040446683104246,0.0,0.0,0.0,0.0,0,1.1003199709947988,0.8225037914573196,False,False,False,False,0.3428282468499433,0.3300846889850788,False,False,False,False,-1323568,-1528965.2910815014,False,False,False,False,49039.206105817364,False,False,False,False
2023-02-07 00:00:00+00:00,39.51,39.7,38.5,39.7,118306,,,,,,,,,,,,,,,,,,,,,,,,39.55355986386528,35.55470826347158,34.11848034405521,30.841884664283743,31.050087943814045,31.036503820915403,32.89101968663828,35.98272333656805,,,,,,,,,,,,,,,,,,,,,,,,,,36.40986179935228,33.025490159813664,,,,33.87862099045145,34.71767597958297,"rgba(0, 255, 255, 0.75)",3.4159543533461245,32.9511831614633,1.9200540054383222,73.76264559021627,20.664116509777898,True,False,True,False,True,13.057440694454382,0.0,0.0,0.0,0.0,0,1.0702711255070692,0.8483282278468026,False,False,False,False,0.2721432143832273,0.30111395168415306,False,False,False,False,-1205262,-1516271.0443724229,False,False,False,False,51755.55096441276,False,False,False,False
2023-02-08 00:00:00+00:00,39.13,39.8,39.04,39.8,89915,,,,,,,,,,,,,,,,,,,,,,,,39.50528313840724,35.737738086336066,34.287447418016,30.979357265118736,31.154717385508473,31.121249200514423,32.93569524597681,36.00140191265396,,,,,,,,,,,,,,,,,,,,,,,,,,36.60479870644708,33.20136549612231,,,,33.96536120656646,34.903082101284696,"rgba(0, 255, 255, 0.75)",3.4624503482959312,33.05280879231833,1.755170644013019,71.7575236366193,20.664116509777898,True,False,True,False,False,12.130788431498605,0.0,0.0,0.0,0.0,0,1.0796742121654541,0.8429942900903031,False,False,False,False,0.29550205607185925,0.29830800387800616,False,False,False,False,-1295177,-1507600.6896911513,False,False,False,False,53251.99994620049,False,False,False,False
2023-02-09 00:00:00+00:00,38.22,39.76,38.12,39.54,71048,,,,,,,,,,,,,,,,,,,,,,,,39.39081968404746,35.84721624584248,34.39780530706596,31.076989301730528,31.229371687600985,31.181999674943775,32.96715769246843,36.0132722036677,,,,,,,,,,,,,,,,,,,,,,,,,,36.71000805211046,33.320081295358506,,,,34.01307897467092,35.01504467373448,"rgba(38, 166, 154, 1.0)",3.489554296638669,33.116552758891565,1.4624925727690656,67.35900448408407,22.830707781768126,True,False,True,False,False,9.946411954030136,0.0,0.0,0.0,0.0,0,1.0752350960764374,0.843224315672056,False,False,False,False,0.2605730577048756,0.2794405307914409,False,False,False,False,-1366225,-1502056.5449973806,False,False,False,False,53949.882301251455,False,False,False,False
2023-02-10 00:00:00+00:00,37.41,38.1599,37.2,37.69,66185,,,,,,,,,,,,,,,,,,,,,,,,39.18024802159375,35.90521874136434,34.47048345633657,31.152819129867318,31.28746153726104,31.229494806889285,32.99054372876085,36.01970652109467,,,,,,,,,,,,,,,,,,,,,,,,,,36.74933082932218,33.40426530806644,,,,34.02949699289598,35.076798068694316,"rgba(38, 166, 154, 1.0)",3.493566029661356,33.15385540185997,1.2182808517154573,62.138962438337614,18.040953879835072,True,False,True,False,False,8.055199905539585,0.0,0.0,0.0,0.0,0,1.0607452140725113,0.8601716392370239,False,False,False,False,0.16958839196761955,0.2245144613795302,False,False,False,False,-1432410,-1499325.3079386598,False,False,False,False,54429.69083845728,False,False,False,False
2023-02-13 00:00:00+00:00,37.44,38.38,37.265,37.65,61773,,,,,,,,,,,,,,,,,,,,,,,,39.034105810864695,35.95914063553872,34.537578540165555,31.22314712850206,31.341617543553603,31.273914586516746,33.01265193391263,36.026063253607326,,,,,,,,,,,,,,,,,,,,,,,,,,36.7871937594063,33.48179448455516,,,,34.051027429082666,35.13449412198073,"rgba(38, 166, 154, 1.0)",3.5147517283176515,33.19138809465363,1.2087943142942783,58.735441229752254,15.055926442905104,False,False,True,False,False,8.111480273944785,0.0,0.0,0.0,0.0,0,1.0550048456929044,0.8845654784333672,False,False,False,False,0.17961228331559603,0.2020633723475631,False,False,False,False,-1370637,-1494278.7076273398,False,False,False,False,54717.663746753075,False,False,False,False
2023-02-14 00:00:00+00:00,37.53,37.8735,36.64,37.15,73409,,,,,,,,,,,,,,,,,,,,,,,,38.857571568194025,36.0071410415367,34.60539171784756,31.30040224551791,31.40134398885675,31.32310292664251,33.03672787716872,36.0319965450035,,,,,,,,,,,,,,,,,,,,,,,,,,36.81265749416812,33.56306324334273,,,,34.07045973884596,35.18786036875542,"rgba(38, 166, 154, 1.0)",3.533430678584281,33.229584176848405,1.2170652870639076,56.71382047262114,13.317825723263567,False,True,True,False,False,8.283180393235547,0.0,0.0,0.0,0.0,0,1.029677075462304,0.8981276468624244,False,False,False,False,0.14001955352839868,0.1710414629379809,False,False,False,False,-1297228,-1486551.2288968558,False,False,False,False,55450.657325311775,False,False,False,False
2023-02-15 00:00:00+00:00,39.75,40.18,37.26,37.37,36379,,,,,,,,,,,,,,,,,,,,,,,,38.867720048247286,36.05860992046592,34.658071212720195,31.348626363760037,31.43891680949125,31.3540421272988,33.05326868168665,36.03872492274633,,,,,,,,,,,,,,,,,,,,,,,,,,36.86220091284359,33.61977094767658,,,,34.10224751080206,35.24098593026008,"rgba(0, 255, 255, 0.75)",3.597330216241608,33.264686815740575,1.8028128624330468,60.02384338650832,13.317825723263567,False,False,True,False,False,12.332182224694513,0.0,0.0,0.0,0.0,0,1.0412291955517459,0.8712295982648816,False,False,False,False,0.24363926289933102,0.20734036291865596,False,False,False,False,-1260849,-1477700.1610969792,False,False,False,False,54702.749194907396,False,False,False,False
2023-02-16 00:00:00+00:00,38.23,39.08,38.1,39.08,37664,,,,,,,,,,,,,,,,,,,,,,,,38.84839767490956,36.09993371648434,34.704144223505494,31.394134996478233,31.474433364801538,31.383369332910544,33.068617131400366,36.044299206726485,,,,,,,,,,,,,,,,,,,,,,,,,,36.8980265492202,33.67099628428326,,,,34.12716620590207,35.28451141675173,"rgba(38, 166, 154, 1.0)",3.622056431475496,33.294764920929545,1.3625505765684645,58.18949309989602,13.317825723263567,False,False,True,False,False,8.779825057458446,0.0,0.0,0.0,0.0,0,1.0633020769993917,0.8696136647299955,False,False,False,False,0.23425494099547609,0.22079765195706602,False,False,False,False,-1298513,-1470673.21360298,False,False,False,False,54034.562951969856,False,False,False,False
2023-02-17 00:00:00+00:00,37.71,38.23,37.44,38.1,33903,,,,,,,,,,,,,,,,,,,,,,,,38.804191308804064,36.12565873764954,34.737391690216214,31.430734588060353,31.503035043927277,31.407061044415652,33.08063723870003,36.047901421409925,,,,,,,,,,,,,,,,,,,,,,,,,,36.91563094423227,33.709817444481,,,,34.14207638414788,35.31272419435663,"rgba(38, 166, 154, 1.0)",3.627424435606653,33.315851154430916,1.211368816517939,55.80222476869578,12.973420111481403,False,True,True,False,False,7.606841272728932,0.0,0.0,0.0,0.0,0,1.064010273000904,0.8558913261590031,False,False,False,False,0.17626156361760176,0.1985296077873339,False,False,False,False,-1332416,-1465251.3620891378,False,False,False,False,53245.089895029865,False,False,False,False
2023-02-21 00:00:00+00:00,36.33,37.29,36.16,37.13,20376,,,,,,,,,,,,,,,,,,,,,,,,38.749885456699275,36.12989003641183,34.74931945461994,31.448419770863257,31.516845061756342,31.418556158909293,33.08600002460811,36.048575724912695,,,,,,,,,,,,,,,,,,,,,,,,,,36.911866638579696,33.72604589468828,,,,34.14343646109759,35.31895626663399,"rgba(38, 166, 154, 0.5)",3.6145731209711416,33.322526145528826,0.832041226949406,51.53068199795051,8.938944608036877,False,True,False,False,False,4.5892752809634665,0.0,0.0,0.0,0.0,0,1.042753172231036,0.8703760514452166,False,False,False,False,0.08757344303960655,0.14305152541347022,False,False,False,False,-1352792,-1460841.1910268187,False,False,False,False,51956.10597757772,False,False,False,False
2023-02-22 00:00:00+00:00,36.7,37.0,36.14,36.35,19980,,,,,,,,,,,,,,,,,,,,,,,,38.69963506420941,36.1341412807843,34.76099271406725,31.46571094223099,31.53036718146452,31.429821869810603,33.09127260576685,36.049259522179405,,,,,,,,,,,,,,,,,,,,,,,,,,36.90848636697739,33.741892314252524,,,,34.145150147564166,35.325189340614955,"rgba(38, 166, 154, 0.5)",3.5708505913782167,33.329245089366246,0.9439641408611189,49.52688848022675,7.060978857690998,False,True,False,False,False,5.285993814210627,0.0,0.0,0.0,0.0,0,1.027893883818135,0.886412504743107,False,False,False,False,0.07620290908038205,0.10962721724692613,False,False,False,False,-1332812,-1455820.4384375317,False,False,False,False,50702.141037280555,False,False,False,False
2023-02-23 00:00:00+00:00,36.04,37.16,35.77,37.16,25146,,,,,,,,,,,,,,,,,,,,,,,,38.63131752372546,36.13621221714705,34.77321022159682,31.486092271971597,31.546318762720684,31.443141800747583,33.09734155434255,36.049676530716226,,,,,,,,,,,,,,,,,,,,,,,,,,36.900264765238106,33.75960103668624,,,,34.145413860370994,35.32993290096218,"rgba(38, 166, 154, 0.5)",3.4922126391612136,33.336064661062096,0.7742756865994721,46.97492240419398,4.599776727077142,False,True,False,True,False,3.865556550404719,0.0,0.0,0.0,0.0,0,1.007350188760276,0.8879451681141671,False,False,False,False,0.06851162603277842,0.08906942163985228,False,False,False,False,-1357958,-1451982.6957537069,False,False,False,False,49699.93942797544,False,False,False,False
2023-02-24 00:00:00+00:00,34.39,35.36,34.26,35.36,31478,,,,,,,,,,,,,,,,,,,,,,,,38.49370644436007,36.11639291446357,34.77220967545797,31.50272763927104,31.559278575232028,31.454099570646925,33.10102952058837,36.04705372265238,,,,,,,,,,,,,,,,,,,,,,,,,34.67,36.86171608716303,33.767352459859204,,,,34.130812257834044,35.09968951567408,#000000,3.3833143193891986,33.403026330999815,0.2917179947910863,42.752943858354726,0.5808587354075385,False,True,False,True,False,0.45981311851448936,0.0,0.0,0.0,0.0,0,0.9884458404162603,0.9143835911950223,False,False,False,False,-0.05223902384471497,0.018415198897568655,False,False,False,False,-1389436,-1449529.8841555223,False,False,False,False,48985.35356805484,False,False,False,False
2023-02-27 00:00:00+00:00,34.7,34.9,34.46,34.62,22083,,,,,,,,,,,,,,,,,,,,,,,,38.403134220121174,36.102962284331745,34.77163183721044,31.514355468552406,31.56835474282284,31.461782156160165,33.10363383485167,36.04524186590666,,,,,,,,,,,,,,,,,,,,,,,,,34.67687160433898,36.83565822886308,33.77281102167316,,,,34.12138705124464,35.09511361829174,#000000,3.2790655777314477,33.40150340015764,0.39599592294238395,40.72617887328347,-1.3534369737636496,False,True,False,True,False,1.0718618441947818,0.0,0.0,0.0,0.0,0,0.9761695867563522,0.9478135514612261,False,False,False,False,-0.0617427077906137,-0.02166375444652252,False,False,False,False,-1367353,-1446307.2612474628,False,False,False,False,47930.35931048406,False,False,False,False
2023-02-28 00:00:00+00:00,35.01,35.19,34.6701,34.69,30966,,,,,,,,,,,,,,,,,,,,,,,,38.291870718231266,36.08805937308266,34.773368382721856,31.531894148313093,31.582087938868113,31.47339073158215,33.10789186232513,36.0432126736342,,,,,,,,,,,,,,,,,,,,,,,,,34.77938519289694,36.804614175391116,33.78258679829635,,,,34.11147197859481,35.12219538886147,"rgba(38, 166, 154, 0.5)",3.1385596168415657,33.4064500806456,0.5109190568659977,40.17868453649269,-2.011102678473293,False,True,False,True,False,1.6861266175203546,0.0,0.0,0.0,0.0,0,0.9836609463290557,0.9309076073067684,False,False,False,False,-0.04347114141072335,-0.032567447928622935,False,False,False,False,-1336387,-1441996.6627671702,False,False,False,False,47265.09031791606,False,False,False,False
2023-03-01 00:00:00+00:00,34.93,35.24,34.5501,34.8,40824,,,,,,,,,,,,,,,,,,,,,,,,38.15367575258489,36.06815178059186,34.77499759845826,31.55441134989602,31.599758118782272,31.488359556731776,33.11332460563324,36.0404264447788,,,,,,,,,,,,,,,,,,,,,,,,,34.82084876068001,36.7641556366439,33.79469218251266,,,,34.099138150932134,35.12656552661219,"rgba(38, 166, 154, 0.5)",2.909385917064737,33.40816324103621,0.5230783410470203,39.67439151442993,-2.7668295315587557,False,True,False,True,False,1.5187034087227786,0.0,0.0,0.0,0.0,0,0.9857643458209082,0.925853263953446,False,False,False,False,-0.046026625819790945,-0.039297036874206936,False,False,False,False,-1377211,-1439456.0485410066,False,False,False,False,47012.49854074288,False,False,False,False
2023-03-02 00:00:00+00:00,35.68,35.835,34.52,34.74,13358,,,,,,,,,,,,,,,,,,,,,,,,38.11665235365535,36.06418622579411,34.777267542008424,31.56266889681896,31.606260181024467,31.49385358264853,33.11552784801804,36.039869039152656,,,,,,,,,,,,,,,,,,,,,,,,,34.87132574670713,36.75432524683471,33.80013576405712,,,,34.097035708640064,35.14192891919965,"rgba(38, 166, 154, 0.5)",2.845733978058047,33.41202567894758,0.7969734130243986,41.36861754030958,-2.7668295315587557,False,True,False,True,False,3.021997158755049,0.0,0.0,0.0,0.0,0,0.9787899433057916,0.9179419612174397,False,False,False,False,-0.0254181174575381,-0.03235757716587252,False,False,False,False,-1363853,-1436491.223108026,False,False,False,False,45692.714284243164,False,False,False,False
2023-03-03 00:00:00+00:00,36.13,36.38,35.71,35.71,28732,,,,,,,,,,,,,,,,,,,,,,,,38.06031543932006,36.06429285843349,34.78827496471372,31.583705670572083,31.62287899473062,31.507842799995842,33.12179548778665,36.039926633272124,,,,,,,,,,,,,,,,,,,,,,,,,35.07758396290833,36.74432791415536,33.81717541559149,,,,34.098629106103076,35.213029097551725,"rgba(38, 166, 154, 0.5)",2.8220036457412276,33.4299678723417,0.956778398119012,43.63084562551767,-2.7668295315587557,False,True,False,True,True,3.9123990497376226,0.0,0.0,0.0,0.0,0,1.002670570195469,0.9061943316164658,False,False,False,False,0.037818180613187105,0.0027303017236572913,False,False,False,False,-1335121,-1432515.9202410446,False,False,False,False,45027.58823388069,False,False,False,False
2023-03-06 00:00:00+00:00,36.35,37.02,36.01,36.01,22529,,,,,,,,,,,,,,,,,,,,,,,,38.02645055268131,36.06787716023449,34.79933399251816,31.601472883404764,31.63694837354121,31.519676178289338,33.12733284341485,36.04049275782861,,,,,,,,,,,,,,,,,,,,,,,,,35.2415280114404,36.74109222288956,33.83261809967944,,,,34.10244809273909,35.271746111336476,"rgba(38, 166, 154, 1.0)",2.7805695313944443,33.446001018399954,1.044389988745832,45.69238333982311,-2.7668295315587557,False,True,False,True,True,4.3484049274928545,0.0,0.0,0.0,0.0,0,1.0145051937177174,0.8796005894516954,False,False,False,False,0.07217307689223816,0.037451689307947726,False,False,False,False,-1312592,-1427813.0214080624,False,False,False,False,44145.29065608145,False,False,False,False
2023-03-07 00:00:00+00:00,35.28,36.76,35.275,36.53,31897,,,,,,,,,,,,,,,,,,,,,,,,37.960860765296424,36.06412652464506,34.808356477768875,31.622875108748822,31.653905686227034,31.534012829738124,33.13352860815915,36.03998079514014,,,,,,,,,,,,,,,,,,,,,,,,,35.31774408992775,36.72572029674276,33.8485282003291,,,,34.102205849465456,35.297330862333204,"rgba(38, 166, 154, 0.5)",2.754287684438365,33.45605522455916,0.6622201398009625,44.63807861533837,-2.7668295315587557,False,True,False,True,True,2.0044496114386376,0.0,0.0,0.0,0.0,0,0.9988299066313252,0.8987630441531149,False,False,False,False,0.035811598627168935,0.03663164396755833,False,False,False,False,-1344489,-1424545.4127253934,False,False,False,False,43664.96553231356,False,False,False,False
2023-03-08 00:00:00+00:00,35.75,36.2599,35.29,35.56,42747,,,,,,,,,,,,,,,,,,,,,,,,37.878530435020494,36.05916255082109,34.820126863367236,31.651180950855235,31.67638672624978,31.55305263757904,33.14177076759227,36.039284920952355,,,,,,,,,,,,,,,,,,,,,,,,,35.390259786330276,36.705763293711165,33.86939053727662,,,,34.10243698155469,35.32180453910602,"rgba(38, 166, 154, 0.5)",2.7367016907482524,33.46811782190247,0.8338074207399764,45.19965325453515,-2.7668295315587557,False,True,False,True,True,2.9583061201729883,0.0,0.0,0.0,0.0,0,1.006511257495925,0.8986907391306289,False,False,False,False,0.01812419957016566,0.027377921768861994,False,False,False,False,-1301742,-1419729.5926185152,False,False,False,False,43628.96688398754,False,False,False,False
2023-03-09 00:00:00+00:00,36.75,39.68,36.0036,37.88,59283,,,,,,,,,,,,,,,,,,,,,,,37.477866666666664,37.85871277944413,36.09124987045029,34.8646413208619,31.705861505920307,31.72003528640814,31.58978522909699,33.1605127300639,36.04434601221035,,,,,,,,,,,,,,,,,,,,,,,,,35.77235532499529,36.72741948108539,33.923011789928566,,,,34.501445711235846,35.47426219866975,"rgba(38, 166, 154, 1.0)",2.7138761349177076,33.71764883535764,1.1173506136212463,47.968195475602656,-8.358046274016552,False,True,False,False,True,4.9457604133783555,0.0,0.0,0.0,0.0,0,1.0233480517690834,0.8475981579944645,False,False,False,False,0.17035813256686905,0.09886802716786552,False,False,False,False,-1242459,-1412777.8046726913,False,False,False,False,44242.85053559587,False,False,False,False
2023-03-10 00:00:00+00:00,35.42,38.74,35.17,38.74,40991,,,,,,,,,,,,,,,,,,,,,,,37.0549598726157,37.811907078908995,36.09667120675583,34.882714880746256,31.736404198529524,31.744479798639762,31.61050270117169,33.170294685032204,36.04531422738137,,,,,,,,,,,,,,,,,,,,,,,,,35.84773204206953,36.72201476452265,33.94864410956552,,,,34.46147207219792,35.5061303053859,"rgba(38, 166, 154, 0.5)",2.665091232824775,33.71291419290189,0.6405355982086742,46.8940483778085,-8.358046274016552,False,True,False,True,True,2.0605921825948776,0.0,0.0,0.0,0.0,0,1.0236615851455821,0.852350597166723,False,False,False,False,0.10448845825083454,0.10167824270935003,False,False,False,False,-1283450,-1407706.1260580758,False,False,False,False,44115.32698518035,False,False,False,False
2023-03-13 00:00:00+00:00,36.98,37.28,35.02,35.02,40840,,,,,,,,,,,,,,,,,,,,,,,36.87312465760543,37.76772257639493,36.101657225637624,34.90012699887998,31.76633886109177,31.76849843868371,31.630898130790108,33.17993347085678,36.04623401549348,,,,,,,,,,,,,,,,,,,,,,,,,35.90600677309265,36.71652062950319,33.9735015245923,,,,34.44828159727043,35.53200964239605,"rgba(38, 166, 154, 1.0)",2.627951608697895,33.71917651991764,1.240823259184,49.38989770765615,-6.651510376817434,False,True,False,False,True,5.080681399060499,0.0,0.0,0.0,0.0,1,1.0257266617533036,0.8700406311388498,False,False,False,False,0.01929902013185875,0.060488631420604386,False,False,False,False,-1242610,-1401231.7681734455,False,False,False,False,43986.88278968308,False,False,False,False
2023-03-14 00:00:00+00:00,39.1,39.42,37.59,37.59,41586,,,,,,,,,,,,,,,,,,,,,,,37.28971501331874,37.79715459835761,36.14107841340181,34.943305773654544,31.81113047261253,31.80453427307735,31.661264528367703,33.19653122040955,36.05274377825438,,,,,,,,,,,,,,,,,,,,,,,,,36.166069329449414,36.75345528192777,34.02132534581407,,,,34.52193978571714,35.64694998573042,"rgba(0, 255, 0, 1.0)",2.631351435741447,33.78240696249604,2.0208600665329226,54.19819697063097,-2.0104064097582466,False,False,True,False,True,8.877269693801424,0.0,0.0,0.0,0.0,0,1.0433658337911824,0.868155838192001,False,False,False,False,0.2096938355401748,0.1350912334803896,False,False,False,False,-1201024,-1393380.4831470358,False,False,False,False,43892.73052342099,False,False,False,False
2023-03-15 00:00:00+00:00,38.21,39.05,37.825,38.84,39001,,,,,,,,,,,,,,,,,,,,,,,37.47828965408365,37.813331653432265,36.172191641003984,34.97931942961055,31.850558842323117,31.836334460281584,31.68813705376416,33.21104668111449,36.058036739073316,,,,,,,,,,,,,,,,,,,,,,,,,36.34214963079486,36.78101294710684,34.0620964260422,,,,34.56524957274301,35.7284196679813,"rgba(0, 255, 255, 0.75)",2.622851058614627,33.825406342384134,1.6716899128583307,55.54952896898428,-0.7153320506427505,False,False,True,False,True,6.970569804954348,0.0,0.0,0.0,0.0,0,1.0287965553418432,0.8788741475782478,False,False,False,False,0.20408996340028063,0.1695905984403351,False,False,False,False,-1240025,-1387366.5426314657,False,False,False,False,43700.89795387507,False,False,False,False
2023-03-16 00:00:00+00:00,38.49,38.905,37.57,37.84,20875,,,,,,,,,,,,,,,,,,,,,,,37.550866888178,37.82101085794771,36.188191470972825,34.99806115250482,31.87133974639133,31.853125315791864,31.70234632336058,33.218722428511626,36.06081078004893,,,,,,,,,,,,,,,,,,,,,,,,,36.42362288169457,36.79501494475663,34.08340560811579,,,,34.584941662634186,35.767347811522335,"rgba(0, 255, 255, 0.75)",2.6097961468145594,33.846062423810494,1.7794254090909598,56.85791223452951,0.6189753882926396,False,False,True,False,True,7.463424660572219,0.0,0.0,0.0,0.0,0,1.0173041669749356,0.8935649872171115,False,False,False,False,0.1875584626883939,0.1785745305643645,False,False,False,False,-1219150,-1380769.8154694475,False,False,False,False,42805.76470078193,False,False,False,False
2023-03-17 00:00:00+00:00,38.44,39.0,38.15,38.7,22511,,,,,,,,,,,,,,,,,,,,,,,37.63401417748387,37.83237551226811,36.20683939547228,35.019289746787614,31.894319194394527,31.871714968807833,31.71808125443483,33.227310814619074,36.064069571498365,,,,,,,,,,,,,,,,,,,,,,,,,36.51313876954483,36.81185383148056,34.10726504631822,,,,34.60755718175183,35.81075254911454,"rgba(0, 255, 255, 0.75)",2.576614567728519,33.86935432421824,1.7738957673483642,57.61678818089558,1.5059183719335039,False,False,True,False,True,7.354707892152451,0.0,0.0,0.0,0.0,0,1.0231927072874862,0.8889602548268281,False,False,False,False,0.2155190062208473,0.1970467683926059,False,False,False,False,-1241661,-1375314.5678039792,False,False,False,False,42009.89157526107,False,False,False,False
2023-03-20 00:00:00+00:00,37.45,38.69,37.27,38.31,36353,,,,,,,,,,,,,,,,,,,,,,,37.65443369470984,37.83164270076185,36.22710887740792,35.046052728409336,31.927068310187213,31.898265208069837,31.740644631370053,33.23922909464774,36.06776860682824,,,,,,,,,,,,,,,,,,,,,,,,,36.59599737133443,36.827153878612194,34.13901704871678,,,,34.625801539154665,35.85405609955446,"rgba(38, 166, 154, 1.0)",2.5289039038593666,33.893414875882584,1.4063741681483843,55.939378459817625,1.5059183719335039,False,False,True,False,True,5.217995408333181,0.0,0.0,0.0,0.0,0,1.0370842005204508,0.8821710947481021,False,False,False,False,0.16642109813562891,0.1817339332641174,False,False,False,False,-1278014,-1371498.8592626466,False,False,False,False,41788.05268995671,False,False,False,False
2023-03-21 00:00:00+00:00,38.0,38.18,37.52,38.12,9521,,,,,,,,,,,,,,,,,,,,,,,37.66195244076695,37.83209147681786,36.232653138067946,35.05322001347869,31.935725650121864,31.905292783626656,31.746620231846148,33.242406183440146,36.068788615395086,,,,,,,,,,,,,,,,,,,,,,,,,36.61756781658921,36.83147241987778,34.14746008705157,,,,34.630972281506814,35.865500107839516,"rgba(0, 255, 255, 0.75)",2.5170982864767066,33.899936384370264,1.628884989377501,55.823116831782535,1.5059183719335039,False,False,True,False,True,6.229484848384164,0.0,0.0,0.0,0.0,0,1.0497118326826334,0.8758203647556623,False,False,False,False,0.11554843547727839,0.1486411843706979,False,False,False,False,-1268493,-1367459.4138013665,False,False,False,False,40522.67807466429,False,False,False,False
2023-03-22 00:00:00+00:00,37.47,38.74,37.47,37.823,14100,,,,,,,,,,,,,,,,,,,,,,,37.67198892802684,37.83268117204215,36.240764096488945,35.06374372012537,31.94848633992384,31.915658457970874,31.75543888485673,33.247096579105275,36.07029160734943,,,,,,,,,,,,,,,,,,,,,,,,,36.64807325396758,36.83776491048236,34.15987219599721,,,,34.63846108732105,35.88190345348239,"rgba(38, 166, 154, 1.0)",2.511703682241911,33.909421007070215,1.417595163833841,54.57876291719969,1.5059183719335039,False,False,True,False,False,5.087994004399732,0.0,0.0,0.0,0.0,0,1.0322793769319758,0.8883344133891303,False,False,False,False,0.13937770132381133,0.14400944284725462,False,False,False,False,-1282593,-1364131.3191424895,False,False,False,False,39486.49462075589,False,False,False,False
2023-03-23 00:00:00+00:00,38.86,39.76,37.23,37.81,30863,,,,,,,,,,,,,,,,,,,,,,,37.753904137587426,37.848863762365156,36.265895431683994,35.092328161274025,31.97960330557956,31.940953158647158,31.776918103303668,33.258923477394546,36.07487472671241,,,,,,,,,,,,,,,,,,,,,,,,,36.74598296859607,36.860543609287305,34.19196410919912,,,,34.66580714050532,35.932830229027495,"rgba(0, 255, 255, 0.75)",2.5249336803350455,33.93834720065908,1.9492206221780213,56.20433297392939,1.5059183719335039,False,False,True,False,False,7.6218991525736435,0.0,0.0,0.0,0.0,0,1.0255624271017083,0.8751871084836741,False,False,False,False,0.1604755244226347,0.15224248363494466,False,False,False,False,-1251730,-1359723.4242741566,False,False,False,False,39148.31836111841,False,False,False,False
2023-03-24 00:00:00+00:00,38.18,38.83,37.5,38.8,34093,,,,,,,,,,,,,,,,,,,,,,,37.79027679887458,37.856022970173285,36.28788717556095,35.11943947995182,32.01135029062027,31.966819256117653,31.798950143775794,33.27084357283067,36.079032044783354,,,,,,,,,,,,,,,,,,,,,,,,,36.82014537864334,36.878807571443346,34.22335675731251,,,,34.68673574807649,35.97410323579973,"rgba(0, 255, 255, 0.75)",2.488361869341551,33.9630944344429,1.6946512553147826,55.773755548441315,1.5059183719335039,False,False,True,False,False,6.153600435189777,0.0,0.0,0.0,0.0,0,1.0156026476725335,0.8948703046075653,False,False,False,False,0.11949959626256033,0.1358710399487525,False,False,False,False,-1285823,-1356825.368420268,False,False,False,False,38950.07058225101,False,False,False,False
2023-03-27 00:00:00+00:00,38.65,39.09,37.91,37.91,64255,,,,,,,,,,,,,,,,,,,,,,,37.89773667817226,37.88400556372044,36.336078927787675,35.17546475649765,32.073944802636426,32.0179404698687,31.84251595552518,33.29488316616425,36.08823846826192,,,,,,,,,,,,,,,,,,,,,,,,,36.97476211717389,36.921613426955545,34.28676421160326,,,,34.73453430984828,36.061046585244235,"rgba(0, 255, 255, 0.75)",2.4298747826708365,34.01576310155873,1.907191650981895,56.31184957113413,1.5059183719335039,False,False,True,False,False,7.005824565613775,0.0,0.0,0.0,0.0,1,1.0231101499933628,0.9135312043714877,False,False,False,False,0.15763807586048342,0.14675455790461794,False,False,False,False,-1221568,-1351521.157893983,False,False,False,False,39942.420755496074,False,False,False,False
2023-03-28 00:00:00+00:00,38.33,38.73,38.11,38.64,22948,,,,,,,,,,,,,,,,,,,,,,,37.92140806392579,37.89118874824826,36.35158808923924,35.1941049043227,32.095465172954086,32.03556348993336,31.85757117513984,33.30315589762516,36.0912972223892,,,,,,,,,,,,,,,,,,,,,,,,,37.018541290055005,36.93492410810913,34.30812840412754,,,,34.749038084864175,36.08719793409722,"rgba(0, 255, 255, 0.75)",2.3868028674207915,34.03244419978732,1.8005491190215759,55.915067082394714,1.5059183719335039,False,False,True,False,False,6.306587610543819,0.0,0.0,0.0,0.0,1,1.0127320121942747,0.9126183508827509,False,False,False,False,0.14849305121536732,0.14762380455999263,False,False,False,False,-1244516,-1347324.8771922584,False,False,False,False,39275.97288273152,False,False,False,False
2023-03-29 00:00:00+00:00,38.92,39.46,38.67,38.87,45812,,,,,,,,,,,,,,,,,,,,,,,38.01734098410805,37.92220617610657,36.391165842463636,35.237849205686274,32.142225296158124,32.07389604244434,31.890283861112383,33.321615689771185,36.099037361461896,,,,,,,,,,,,,,,,,,,,,,,,,37.13475862595633,36.971926718963225,34.35656678800916,,,,34.78840227325694,36.15441737764291,"rgba(0, 255, 0, 1.0)",2.3736238915166328,34.07386927776854,2.0416590596141235,56.759946836598004,2.4289173763746845,False,False,True,False,False,7.391161403949209,0.0,0.0,0.0,0.0,1,1.0160623546636809,0.8993765644925138,False,False,False,False,0.22306939935260528,0.18534660195629896,False,False,False,False,-1198704,-1341496.6074984444,False,False,False,False,39532.287671644015,False,False,False,False
2023-03-30 00:00:00+00:00,38.62,39.54,38.62,39.27,29212,,,,,,,,,,,,,,,,,,,,,,,38.065441500979034,37.939552922959834,36.414950327270475,35.264571799119395,32.17132733146776,32.09780573495971,31.910725984146122,33.33313937952084,36.10379992146841,,,,,,,,,,,,,,,,,,,,,,,,,37.19883979757395,36.993833659074944,34.386350013080666,,,,34.81125721132128,36.193007823243185,"rgba(0, 255, 255, 0.75)",2.3548553483625905,34.09843202646319,1.9201043396065924,56.547231785313855,2.494341247136063,False,False,True,False,False,6.721701480961443,0.0,0.0,0.0,0.0,1,1.0158425841008702,0.9066197611023272,False,False,False,False,0.22482995396804742,0.2050882779621732,False,False,False,False,-1227916,-1337042.4660279173,False,False,False,False,39127.57050805013,False,False,False,False
2023-03-31 00:00:00+00:00,40.74,40.74,38.71,38.71,81576,,,,,,,,,,,,,,,,,,,,,,,38.32258078991933,38.03726331292078,36.50808283829324,35.359725064968686,32.26474443787288,32.17466787092268,31.9763352223489,33.371559116216815,36.1223363135663,,,,,,,,,,,,,,,,,,,,,,,,,37.458930048692125,37.08698260677795,34.48781871511486,,,,34.90414388522551,36.34457712352832,"rgba(0, 255, 0, 1.0)",2.38858020325623,34.19047451776583,2.7420161455351333,59.86307603322686,5.8395974629817715,True,False,True,False,True,10.500788516943548,0.0,0.0,0.0,0.0,1,1.0281828348087003,0.8668058992542889,False,False,False,False,0.2979975815973555,0.25154292977976433,False,False,False,False,-1146340,-1329563.9379483913,False,False,False,False,40792.21480185209,False,True,False,False
2023-04-03 00:00:00+00:00,39.05,41.48,38.73,40.33,36893,,,,,,,,,,,,,,,,,,,,,,39.75333333333333,38.40128025389896,38.07224203996165,36.54512067409939,35.39877499040577,32.30461954444217,32.20759706412064,32.004537504458085,33.38799261453873,36.130007634203984,,,,,,,,,,,,,,,,,,,,,,,,,37.549430398174465,37.12308112054138,34.530040870135245,,,,35.420550565346275,36.4008507962837,"rgba(0, 255, 255, 0.75)",2.3979906904221995,34.407576658502464,1.9359638717697316,58.267813468085436,5.8395974629817715,False,False,True,False,True,6.817179916355016,0.0,0.0,0.0,0.0,1,1.027396044417013,0.8739137440395885,False,True,False,False,0.3428282407627192,0.2971855852712418,False,False,False,False,-1183233,-1323825.4697935523,False,False,False,False,40639.30441746573,False,False,False,False
2023-04-04 00:00:00+00:00,39.74,39.86,39.02,39.02,27937,,,,,,,,,,,,,,,,,,,,,,39.6614022314772,38.44681437477039,38.0945524286123,36.57078177537557,35.42646036209842,32.33367658717294,32.23164312241657,32.025173575241034,33.3999654000993,36.135454406168854,,,,,,,,,,,,,,,,,,,,,,,,,37.6071617604658,37.14760788189682,34.56027799323549,,,,35.43259242634325,36.43834921186603,"rgba(0, 255, 0, 1.0)",2.4131190836160363,34.42751394288642,2.2015018211007105,58.2763684413504,5.8395974629817715,False,False,True,False,True,8.01941284529288,0.0,0.0,0.0,0.0,1,1.0164523085216988,0.9061559661794555,False,False,False,False,0.25444959134283257,0.2758175883070372,False,False,False,False,-1155296,-1317216.470978119,False,False,False,False,40141.17483246708,False,False,False,False
2023-04-05 00:00:00+00:00,37.81,39.79,37.71,39.79,50611,,,,,,,,,,,,,,,,,,,,,,39.12446048919651,38.44612891849436,38.10372078505732,36.59930222841822,35.46248127516221,32.37775740454363,32.268289717468434,32.056824919017274,33.41766083362398,36.14209417135351,,,,,,,,,,,,,,,,,,,,,,,,,37.64856930361237,37.17087831028307,34.60220327895747,,,,35.39987207423355,36.47388363095097,"rgba(38, 166, 154, 1.0)",2.4055399873273395,34.42906631940488,1.4054780624750645,54.774427170898804,8.794449995902824,False,False,True,False,False,4.0415373986336505,0.0,0.0,0.0,0.0,1,0.9915376808605323,0.9116225618426337,False,False,False,False,0.16667864503697916,0.22124811667200817,False,False,False,False,-1205907,-1312851.3936848594,False,False,False,False,40551.75621158602,False,False,False,False
2023-04-06 00:00:00+00:00,37.97,37.97,36.47,37.5,31963,,,,,,,,,,,,,,,,,,,,,,38.765708212350646,38.40619157834373,38.093173708961984,36.60762694329058,35.477538709061754,32.4008802958739,32.28761928450884,32.0736491711074,33.42663224710994,36.14450949469924,,,,,,,,,,,,,,,,,,,,,,,,37.470000000000006,37.64311185164431,37.17425008769038,34.621658821225054,,,,35.36835296453081,36.72725519013994,"rgba(38, 166, 154, 1.0)",2.3947720837970197,34.59577824090742,1.4089949444134977,52.72175185741258,6.8750137789300325,False,True,False,False,False,4.32799183532326,0.0,0.0,0.0,0.0,1,0.9883839593322917,0.9308276139833345,False,False,False,False,-0.020989262535454207,0.10012942706827697,False,False,False,False,-1173944,-1307404.044912904,False,False,False,False,40214.942242504214,False,False,False,False
2023-04-10 00:00:00+00:00,38.09,38.29,37.1,37.44,20294,,,,,,,,,,,,,,,,,,,,,,38.65206995114234,38.39151832264944,38.09038696030997,36.61498243166196,35.488672802174456,32.41647817570858,32.3006571865446,32.08497952146233,33.43280844562733,36.146449904395894,,,,,,,,,,,,,,,,,,,,,,,,37.60851145938981,37.646605848087596,37.17888625312329,34.635404858971015,,,,35.36190037016769,36.76735210489293,"rgba(38, 166, 154, 1.0)",2.3670053913167814,34.60477264106044,1.4724205410452,51.57912784527632,5.804767198119535,False,True,False,False,False,4.545659689645781,0.0,0.0,0.0,0.0,1,0.9802403946172628,0.9461603105256821,False,False,False,False,0.03681846456901097,0.06847394581864397,False,False,False,False,-1153650,-1301374.4745241627,False,False,False,False,39433.72882122954,False,False,False,False
2023-04-11 00:00:00+00:00,38.56,38.87,37.66,37.66,19613,,,,,,,,,,,,,,,,,,,,,,38.62183685599529,38.39084511436056,38.09311767293085,36.62511859164718,35.5017804968601,32.4329545513769,32.314417443734236,32.09690687148238,33.43948797632158,36.14891856965412,,,,,,,,,,,,,,,,,,,,,,,,37.81449895644914,37.65955288092507,37.1869651779616,34.6507933468734,,,,35.36653841443632,36.82795259055231,"rgba(0, 255, 255, 0.75)",2.33761322797502,34.62364501921216,1.6839205620844924,51.72587855413185,5.804767198119535,False,True,False,False,False,5.4023658251876086,0.0,0.0,0.0,0.0,1,0.9858761385032012,0.937712636736523,False,False,False,False,0.10654883887027178,0.08751139234445787,False,False,False,False,-1134037,-1294812.2206212543,False,False,False,False,38656.44533804407,False,False,False,False
2023-04-12 00:00:00+00:00,38.37,39.45,38.355,39.45,17453,,,,,,,,,,,,,,,,,,,,,,38.63062993657739,38.39779970116291,38.0986935299469,36.63589641075893,35.51480607712302,32.4484292718189,32.32733884092361,32.10809298622505,33.44585215961735,36.15146877323228,,,,,,,,,,,,,,,,,,,,,,,,37.99240358026488,37.6764086480396,37.19624419740712,34.66570429043328,,,,35.37590076873864,36.88269017903622,"rgba(0, 255, 255, 0.75)",2.316158476894506,34.64343564837836,1.6089418702550093,51.418931673895464,5.461291829034373,False,True,False,False,False,5.001083840728445,0.0,0.0,0.0,0.0,1,0.9963010990705252,0.9359375688295668,False,False,False,False,0.18581447161608672,0.1366629319802723,False,False,False,False,-1151490,-1289191.741381205,False,False,False,False,37824.937677728616,False,False,False,False
2023-04-13 00:00:00+00:00,39.35,39.37,38.61,38.61,25369,,,,,,,,,,,,,,,,,,,,,,38.68347389697841,38.418712655202306,38.11150079515115,36.654217834646914,35.53580123560322,32.47215890758768,32.3471529615875,32.12522767349001,33.45574825823406,36.15571986223987,,,,,,,,,,,,,,,,,,,,,,,,38.239607426847556,37.70863427488131,37.2128807678443,34.68922194700064,,,,35.395971408072114,36.962586104143455,"rgba(0, 255, 0, 1.0)",2.298564401165757,34.6758301310721,2.033517036354221,53.132185780138244,5.461291829034373,False,False,False,False,False,6.792752743979499,0.0,0.0,0.0,0.0,1,0.9796922067792777,0.9450351531387026,False,False,False,False,0.19685421856794577,0.16675857527410903,False,False,False,False,-1126121,-1282796.810346648,False,False,False,False,37336.469533503965,False,False,False,False
2023-04-14 00:00:00+00:00,38.93,39.28,38.68,39.1,11378,,,,,,,,,,,,,,,,,,,,,,38.696658557995285,38.425791913306696,38.1163117433228,36.66186163899573,35.54475498541133,32.48251287990854,32.35581013186239,32.1327245755096,33.46006059879621,36.157528052601045,,,,,,,,,,,,,,,,,,,,,,,,38.30492473757965,37.72115765617345,37.219679066512576,34.69934170252291,,,,35.403401507770965,36.98627579069714,"rgba(0, 255, 255, 0.75)",2.2463281590627817,34.68706941553009,1.8888293624205625,53.28919094071515,5.461291829034373,False,False,True,False,False,5.88734509207741,0.0,0.0,0.0,0.0,1,0.9754370278761949,0.9561481939523584,False,False,False,False,0.19559018174588833,0.18117437850999868,False,False,False,False,-1137499,-1277098.856999721,False,False,False,False,36318.49033611165,False,False,False,False
2023-04-17 00:00:00+00:00,38.55,39.38,38.39,39.03,12464,,,,,,,,,,,,,,,,,,,,,,38.70042142599337,38.430671143601096,38.12035162809123,36.6694906576586,35.55396764970037,32.4934858533311,32.36499568935637,32.14069027951162,33.464613970617805,36.15937220780204,,,,,,,,,,,,,,,,,,,,,,,,38.34706778360065,37.73253757219296,37.22626097789257,34.70988098069345,,,,35.40980605056636,37.0039368285949,"rgba(0, 255, 255, 0.75)",2.1746474665112485,34.69675930283378,1.7718921142413513,52.51056035878417,5.461291829034373,False,False,False,False,False,5.069064369333972,0.0,0.0,0.0,0.0,1,0.9522510212785055,0.9751175592565986,False,False,False,False,0.18361196829587598,0.18239317340293731,False,False,False,False,-1149963,-1272113.137117379,False,False,False,False,35383.020126852374,False,False,False,False
2023-04-18 00:00:00+00:00,37.71,38.73,36.88,38.73,21469,,,,,,,,,,,,,,,,,,,,,,38.62816116887643,38.415150474742944,38.116714818306015,36.67631798136103,35.564822599164046,32.5093016076802,32.378296767366734,32.152304403730234,33.4709648371655,36.161329755858624,,,,,,,,,,,,,,,,,,,,,,,,38.270084821326265,37.73328368396601,37.23022411591593,34.72347116427537,,,,35.40733644142518,36.98926594637089,"rgba(38, 166, 154, 1.0)",2.069199975966733,34.69686641912089,1.4561828802802752,50.16891894889935,3.8726224002414114,False,True,False,False,False,3.2827518716393413,0.0,0.0,0.0,0.0,1,0.948558554977627,0.9831963908510682,False,False,False,False,0.050226517744037164,0.11630984557348724,False,False,False,False,-1171432,-1268164.857230423,False,False,False,False,34837.37227874051,False,False,False,False
2023-04-19 00:00:00+00:00,37.73,37.79,37.19,37.19,16244,,,,,,,,,,,,,,,,,,,,,,38.5692325532761,38.40031686518827,38.11241371334153,36.68048072668256,35.57221573511298,32.52074558405343,32.38793964543696,32.16074344248543,33.47553112745555,36.16262130667793,,,,,,,,,,,,,,,,,,,,,,,,38.205560728220426,37.731055021558,37.23207634282595,34.73299376660589,,,,35.40422406997107,36.975421464802565,"rgba(38, 166, 154, 1.0)",2.023538493836039,34.695639928094344,1.499531677380345,48.658751158191556,2.3828726472333486,False,True,False,False,False,3.3216031756572804,0.0,0.0,0.0,0.0,1,0.9307822067440699,0.9970830493232442,False,False,False,False,0.011862301217195323,0.06408607339534128,False,False,False,False,-1155188,-1263734.3922409946,False,False,False,False,34108.22042467226,False,False,False,False
2023-04-20 00:00:00+00:00,37.66,37.85,37.4056,37.65,9403,,,,,,,,,,,,,,,,,,,,,,38.540167038979355,38.39265511925734,38.11026544715036,36.68305698979838,35.57661642238141,32.52743601516101,32.39357877406802,32.16567819968631,33.47821388859763,36.16340420552273,,,,,,,,,,,,,,,,,,,,,,,,38.17684131753298,37.73032974994267,37.233354903701034,34.7386094177356,,,,35.403107210060256,36.96978384722807,"rgba(0, 255, 255, 0.75)",1.9743297825060226,34.695765685252965,1.5013876308873384,47.48958118261406,1.221864876660959,False,True,False,True,False,3.17036337968689,0.0,0.0,0.0,0.0,1,0.9468988499889973,0.9822851401901624,False,False,False,False,0.02863417614407922,0.04636012476971025,False,False,False,False,-1164591,-1259846.416074681,False,False,False,False,33139.3882511557,False,False,False,False
2023-04-21 00:00:00+00:00,37.36,37.69,37.27,37.69,11372,,,,,,,,,,,,,,,,,,,,,,38.500126779597366,38.38120654201756,38.106610660455694,36.68551070614071,35.5814035933757,32.53519070395775,32.40012504183251,32.17141836695173,33.481299196137165,36.16422265237388,,,,,,,,,,,,,,,,,,,,,,,,38.13431124747489,37.72760315146539,37.23413806870219,34.744909078475295,,,,35.40071142428401,36.96024038652944,"rgba(38, 166, 154, 1.0)",1.9396363363056763,34.69476159471592,1.3740918106125082,45.989035089295896,-0.25164205801733175,False,True,False,True,False,2.5157698355340976,0.0,0.0,0.0,0.0,1,0.9368075114638856,0.9859800167593862,False,False,False,False,0.010645557139085805,0.028502840954398027,False,False,False,False,-1175963,-1256556.8703462621,False,False,False,False,32285.76518248293,False,False,False,False
2023-04-24 00:00:00+00:00,36.78,37.62,36.67,37.24,13839,,,,,,,,,,,,,,,,,,,,,,38.437493560975206,38.36163443833179,38.099469802222295,36.68683812479139,35.585897592404436,32.543795829072536,32.407411836629215,32.177835841506656,33.48465283771973,36.164892406419916,,,,,,,,,,,,,,,,,,,,,,,,38.061396752362924,37.71964519970016,37.233170285687955,34.751356729053796,,,,35.39499222700732,36.94139224170121,"rgba(38, 166, 154, 1.0)",1.900110305001097,34.69047148094979,1.0996880094542751,43.663621951523815,-2.4689192089386864,False,True,False,True,False,1.2560197876836625,0.0,0.0,0.0,0.0,0,0.9408693326436199,0.9862787225412795,False,False,False,False,-0.030119709471315342,-0.0008084342584586575,False,False,False,False,-1189802,-1253939.0322934675,False,False,False,False,31562.362626307127,False,False,False,False
2023-04-25 00:00:00+00:00,35.77,36.32,35.77,36.11,16305,,,,,,,,,,,,,,,,,,,,,,38.319269962182126,38.32141909246671,38.082930230607786,36.68345800340318,35.587241887301836,32.55148044491534,32.41398436633442,32.183710261524915,33.48740364829921,36.164698266316115,,,,,,,,,,,,,,,,,,,,,,,,37.91008901244023,37.69643910499329,37.22628494203413,34.75535096227264,,,,35.37955961633517,36.89704100543507,"rgba(38, 166, 154, 0.5)",1.8024821024714561,34.675991913750906,0.6069453254204624,40.1565127516744,-5.716104285697014,False,True,False,True,False,0.0,0.0,0.0,0.0,0.0,0,0.9455653932531423,0.9759882770703258,False,False,False,False,-0.16542821215432943,-0.08311832320639405,False,False,False,False,-1206107,-1252063.2663211746,False,False,False,False,30964.034680177436,False,False,False,False
2023-04-26 00:00:00+00:00,36.34,36.52,35.85,36.1,31883,,,,,,,,,,,,,,,,,,,,,,38.141963115882035,38.255498729094555,38.05552060377671,36.67946796929847,35.591854898224916,32.56765061832208,32.42778944198814,32.19600393819455,33.49338095056707,36.164827175904925,,,,,,,,,,,,,,,,,,,,,,,,37.7041290409665,37.65987610150591,37.215982689012606,34.76491432254725,,,,35.35739574412535,36.83622553850807,"rgba(38, 166, 154, 0.5)",1.7124080089713962,34.657172719029916,0.9827256542562675,39.72240806293074,-6.048180247194026,False,True,False,True,False,0.3227503478275615,0.0,0.0,0.0,0.0,0,0.9443112869905989,0.974973623002515,False,False,False,False,-0.14797387813242865,-0.11554610066941134,False,False,False,False,-1174224,-1249010.7460732854,False,False,False,False,31000.072535856754,False,False,False,False
2023-04-27 00:00:00+00:00,37.19,37.44,36.72,36.72,22909,,,,,,,,,,,,,,,,,,,,,,38.082857490666385,38.23019905587464,38.04561123080753,36.68225550088236,35.59959787319611,32.58194786968639,32.43992503257378,32.20670519759268,33.49903240901511,36.16605065190044,,,,,,,,,,,,,,,,,,,,,,,,37.656397905361786,37.65027271515695,37.21524530406349,34.77577336328041,,,,35.35341823121954,36.824422321965656,"rgba(0, 255, 255, 0.75)",1.6450597623253131,34.65671569004833,1.5399345166468834,41.93826555361222,-6.048180247194026,False,True,False,True,True,2.0874950449010328,0.0,0.0,0.0,0.0,0,0.9607101664073106,0.954099181066967,False,False,False,False,-0.03803677176868045,-0.0767914362190459,False,False,False,False,-1151315,-1245179.5403449214,False,False,False,False,30682.775573666295,False,False,False,False
2023-04-28 00:00:00+00:00,38.68,38.9,37.7575,37.76,43546,,,,,,,,,,,,,,,,,,,,,,38.11870356227345,38.23893585903274,38.0534828570164,36.703373167626005,35.626808134614905,32.616771646525095,32.469327349188774,32.2323905619901,33.513655487839216,36.171607231108645,,,,,,,,,,,,,,,,,,,,,,,,37.76200875852011,37.676138047284084,37.23237081174291,34.8077049159945,,,,35.374505585721536,36.8695556333854,"rgba(0, 255, 0, 1.0)",1.5999515533206523,34.685718666626094,2.4965014253612194,46.84066395717141,-7.909837967695353,False,True,False,True,True,5.044530381363781,0.0,0.0,0.0,0.0,0,0.9577319758597658,0.9670416152186593,False,False,False,False,0.11439967931562611,0.018804121548290108,False,False,False,False,-1107769,-1239790.8917039442,False,False,False,False,31187.21574724801,False,False,False,False
2023-05-01 00:00:00+00:00,38.21,38.95,37.9,38.42,20132,,,,,,,,,,,,,,,,,,,,,,38.12894819939692,38.241039298856414,38.056184796658926,36.712456931229916,35.63880574632326,32.63247852817025,32.48261452818195,32.244018240208725,33.52026054191252,36.174062866287066,,,,,,,,,,,,,,,,,,,,,,,,37.796451196055955,37.68616613495586,37.23953678675152,34.82190972328054,,,,35.3830869677226,36.88601596026098,"rgba(0, 255, 0, 1.0)",1.561558380777604,34.697561458184325,2.2493161863513547,48.93189523440812,-6.126935506859368,False,True,False,False,True,4.0131018969761705,0.0,0.0,0.0,0.0,1,0.9569277534607955,0.959438057116254,False,False,False,False,0.12627988599890919,0.07254200377359965,False,False,False,False,-1127901,-1235403.0528135933,False,False,False,False,30753.677874806912,False,False,False,False
2023-05-02 00:00:00+00:00,38.34,38.5,37.44,38.07,31400,,,,,,,,,,,,,,,,,,,,,,38.126677419656154,38.23692140871072,38.056699662483624,36.72421339166802,35.65553688323623,32.655700064205256,32.50230671584705,32.261297994348574,33.529974300129325,36.17742628379446,,,,,,,,,,,,,,,,,,,,,,,,37.8211758884209,37.695357988373544,37.24796571834993,34.84222470024893,,,,35.39267541240795,36.90168107384833,"rgba(0, 255, 0, 1.0)",1.5457102743568887,34.71179852827341,2.3472713689738187,50.616948418016364,-4.6558975793504445,False,False,False,False,True,4.270335957845997,0.0,0.0,0.0,0.0,0,0.9601343048617329,0.9535433058935651,False,False,False,False,0.07037400321232805,0.07145800349296386,False,False,False,False,-1096501,-1229955.9134875701,False,False,False,False,30779.02384050076,False,False,False,False
2023-05-03 00:00:00+00:00,37.27,38.8599,37.27,38.6784,13826,,,,,,,,,,,,,,,,,,,,,,38.1177556813476,38.231622562653314,38.055142411370866,36.72823108083896,35.66195392298586,32.665314156266035,32.51048111428051,32.26849315150142,33.53396424758955,36.178677326202326,,,,,,,,,,,,,,,,,,,,,,,,37.82042565253209,37.69638759006132,37.250354855586785,34.850290006574866,,,,35.39516356550364,36.90436452618876,"rgba(0, 255, 255, 0.75)",1.5235750986023884,34.7161970786061,1.6761910349785625,49.14501346373983,-4.6558975793504445,False,False,False,False,True,1.9290472106364582,0.0,0.0,0.0,0.0,0,0.9787837489968051,0.9402474295492057,False,False,False,False,0.08199282599934953,0.07672541474615668,False,False,False,False,-1110327,-1225264.583546881,False,False,False,False,30114.1993761674,False,False,False,False
2023-05-04 00:00:00+00:00,35.62,37.5,35.61,37.28,41496,,,,,,,,,,,,,,,,,,,,,,37.97576741602912,38.16179798310622,38.022748460296796,36.722856030837036,35.667128908879135,32.68527173967024,32.52768852788257,32.2839305552865,33.54154132411731,36.17882660262925,,,,,,,,,,,,,,,,,,,,,,,,37.66906260876402,37.65469587134298,37.2374413389309,34.861598247468024,,,,35.37675575487342,36.85569951662649,"rgba(38, 166, 154, 0.5)",1.5224015286430221,34.7027606209804,0.6024950459930047,45.13678713503333,0.8052090611592746,False,True,False,True,False,0.0,0.0,0.0,0.0,0.0,0,0.954657144135144,0.9571172971119289,False,False,False,False,-0.10224420437920217,-0.012759394816522746,False,False,False,False,-1151823,-1222384.5214470036,False,False,False,False,30560.54449867064,False,False,False,False
2023-05-05 00:00:00+00:00,36.15,36.52,35.8763,35.91,17645,,,,,,,,,,,,,,,,,,,,,,37.91979500929064,38.13267030903953,38.00886018058592,36.7203191101867,35.66907072053053,32.69354594270844,32.53483772420341,32.290357641142506,33.54467770359529,36.178829813112074,,,,,,,,,,,,,,,,,,,,,,,,37.61075754139416,37.63694578960813,37.23171796058811,34.86614067826659,,,,35.36929641543951,36.83639049246425,"rgba(38, 166, 154, 0.5)",1.4959098228831826,34.69745350930121,0.9710120680263876,43.82572342114108,-0.3660270902758711,False,True,False,True,False,0.0,0.0,0.0,0.0,0.0,0,0.9600309406870033,0.9700746481623332,False,False,False,False,-0.14633916728173307,-0.07954928104912791,False,False,False,False,-1134178,-1218925.4421745723,False,False,False,False,30054.052557546303,False,False,False,False
2023-05-08 00:00:00+00:00,37.65,37.8,36.2,36.21,25161,,,,,,,,,,,,,,,,,,,,,,37.889840281124165,38.11384713273576,38.00042746649282,36.72361749996657,35.67734745793817,32.708756089235806,32.54786194416168,32.30191241447907,33.55088647166128,36.18027925226007,,,,,,,,,,,,,,,,,,,,,,,,37.58988954529382,37.629844133431,37.231602457402936,34.87761416828772,,,,35.369477601005535,36.83223757610387,"rgba(0, 255, 0, 1.0)",1.432127781303812,34.7008785635616,2.0592585905662064,46.24755519577503,-0.3660270902758711,False,True,False,True,False,2.60947940477946,0.0,0.0,0.0,0.0,0,0.9846890096163974,0.933145720778341,False,False,False,False,-0.04778750064446688,-0.0636683908467974,False,False,False,False,-1109017,-1214615.3071873342,False,False,False,False,29862.16814352488,False,False,False,False
2023-05-09 00:00:00+00:00,37.64,37.66,37.1565,37.65,11265,,,,,,,,,,,,,,,,,,,,,,37.88227237897442,38.10811889146953,37.99798504513617,36.72587754545471,35.681666637969464,32.715936959989754,32.55400406219627,32.30735014513503,33.55386279975334,36.181094870059745,,,,,,,,,,,,,,,,,,,,,,,,37.58747203271185,37.62876032864004,37.23247180276906,34.8833010511185,,,,35.370816933613845,36.833001303809866,"rgba(0, 255, 0, 1.0)",1.4133657101510666,34.703665084085515,2.077547866645667,47.84113324710761,-0.3660270902758711,False,True,False,False,True,2.5884795545513093,0.0,0.0,0.0,0.0,0,0.9971268389961241,0.9293765285773408,False,False,False,False,-0.011626649227970843,-0.03764752003738412,False,False,False,False,-1120282,-1210915.9618074389,False,False,False,False,29132.8674320141,False,False,False,False
2023-05-10 00:00:00+00:00,36.88,38.2,36.7,37.66,33857,,,,,,,,,,,,,,,,,,,,,,37.84913193357107,38.08550077547344,37.987612343960535,36.73059744216685,35.692917231975834,32.73637545815852,32.571532656092224,32.322916073892195,33.56226960995647,36.18311736934118,,,,,,,,,,,,,,,,,,,,,,,,37.56616217503449,37.62062225287956,37.232752205653185,34.898776387593706,,,,35.37219708945884,36.82957825529024,"rgba(0, 255, 255, 0.75)",1.4010129282863253,34.70927303532509,1.5493982395509205,47.3155593376854,-0.3660270902758711,False,True,False,False,True,0.9938227325466329,0.0,0.0,0.0,0.0,1,0.9872817126601464,0.9266952030921377,False,False,False,False,-0.006337291981761576,-0.02199240600957285,False,False,False,False,-1154139,-1208689.4142855785,False,False,False,False,29318.127532719427,False,False,False,False
2023-05-11 00:00:00+00:00,30.4,35.19,30.15,35.19,144393,,,,,,,,,,,,,,,,,,,,,,36.750470487531835,37.455192718927236,37.64409078398765,36.555643598697166,35.581407570065586,32.720884707646235,32.56124050892967,32.31749863396566,33.54647059162753,36.149252419263505,,,,,,,,,,,,,,,,,,,,,,,,36.33815750670624,37.129668390829224,37.011290542522616,34.81811294010168,,,,35.12821520206421,36.32430734503994,"rgba(255, 26, 202, 1.0)",1.6152834242140717,34.48286398692578,-2.527645567162511,39.76587750776029,-3.894964118580347,False,True,False,True,False,0.0,0.0,0.0,0.0,0.0,0,0.9189044236054484,0.9513712400987165,False,False,False,False,-0.34282825441539394,-0.1824103302124834,False,False,False,False,-1298532,-1212212.652941046,False,False,False,False,33830.86762947553,False,False,False,False
2023-05-12 00:00:00+00:00,29.97,31.105,29.4,30.61,62339,,,,,,,,,,,,,,,,,,,,,,36.262675546703164,37.147067413860555,37.46567536264188,36.456884440455816,35.513200266061794,32.700229861928555,32.54512747907108,32.30523895489769,33.53251307558466,36.128808361072046,,,,,,,,,,,,,,,,,,,,,,,30.15833333333333,35.80826132924723,36.88003440634584,36.89028943804642,34.76438374111847,,,,35.005742076227726,34.90026044961826,"rgba(255, 26, 202, 1.0)",1.824577206363758,34.2000372639899,-2.3183657283651145,34.46180914971822,-8.648813609701953,False,True,False,True,False,0.0,0.0,0.0,0.0,0.0,0,0.9095848899227783,1.0149974205411578,True,False,False,False,-0.34282825441539394,-0.26261929231393866,False,False,False,False,-1360871,-1218042.3920413973,True,False,False,False,34948.83360479021,False,False,False,False
2023-05-15 00:00:00+00:00,32.29,32.29,29.77,29.77,421091,,,,,,,,,,,,,,,,,,,,,,34.658802048514104,35.88269419494703,36.63148194961189,35.98407632730142,35.19503190955891,32.63567468864968,32.497672489153864,32.273648824387834,33.476132297225725,36.02338720965993,,,,,,,,,,,,,,,,,,,,,,,31.283437709009917,34.20978538193382,35.82242314825948,36.310573837875154,34.524891773460695,,,,34.52586019390104,34.43022237010781,"rgba(239, 83, 80, 0.5)",1.9180242743816638,33.830425386008194,-0.8031313297663035,35.07780472634771,-8.648813609701953,False,True,False,True,False,0.0,0.0,0.0,0.0,0.0,0,0.9013197626092367,1.0065756871368405,False,False,False,False,-0.28542305234788995,-0.2740211723309143,False,False,False,False,-939780,-1207130.1413731072,False,False,False,False,50091.663659504324,False,False,False,False
2023-05-16 00:00:00+00:00,32.19,32.99,31.94,32.24,26641,,,,,,,,,,,,,,,,,,,,,,34.611609677740226,35.83410149838019,36.59444934854751,35.96263253570073,35.181121890681226,32.63482047582834,32.49733254256491,32.273881233134205,33.474246604175804,36.01819146631122,,,,,,,,,,,,,,,,,,,,,,,31.340362939669177,34.168138291891886,35.780439162076625,36.28420800810491,34.515100594215745,,,,34.50823872730644,34.417649799191665,"rgba(239, 83, 80, 0.5)",2.0084800581893596,33.81847998750892,-0.8108021689680086,35.395317814438954,-8.648813609701953,False,True,False,True,False,0.0,0.0,0.0,0.0,0.0,0,0.9260705271374551,1.0057797436889715,False,False,False,False,-0.1838320944725425,-0.2289266334017284,False,False,False,False,-966421,-1197690.567201613,False,False,False,False,49172.02979050416,False,False,False,False
2023-05-17 00:00:00+00:00,32.05,32.29,31.89,32.13,40639,,,,,,,,,,,,,,,,,,,,,,34.534201181518306,35.756378548172265,36.535298967059525,35.92774423975097,35.15795107211739,32.632061842864246,32.49558541321704,32.273182334060174,33.47061069958591,36.00965136225944,,,,,,,,,,,,,,,,,,,,,,,31.39469761156809,34.098205689755844,35.71292019149218,36.2416622239789,34.49829008179565,,,,34.47926656606053,34.38915515971813,"rgba(239, 83, 80, 0.5)",2.0985318763450374,33.796532405759244,-0.8322639391121094,35.466312682276495,-8.648813609701953,False,True,False,True,False,0.0,0.0,0.0,0.0,0.0,0,0.934174575928241,1.0117597085264582,False,False,False,False,-0.20994036145376968,-0.21943349742774904,False,False,False,False,-1007060,-1190214.8586839028,False,False,False,False,48837.401171268706,False,False,False,False
2023-05-18 00:00:00+00:00,32.1,32.695,31.7533,32.05,21050,,,,,,,,,,,,,,,,,,,,,,34.49758720946633,35.718495418744006,36.505980046786554,35.910409228609055,35.146493220469026,32.630914560084044,32.49491389724212,32.2730166686716,33.468877600718066,36.005361273981066,,,,,,,,,,,,,,,,,,,,,,,31.423711277459066,34.06559591973401,35.67989825246608,36.220513880571424,34.49005097448619,,,,34.46520491247719,34.37595406094336,"rgba(239, 83, 80, 0.5)",2.1784647209768453,33.78609417006408,-0.7739827750380183,35.61196130485579,-8.648813609701953,False,True,False,True,False,0.0,0.0,0.0,0.0,0.0,0,0.9322411331353606,0.9997653825270307,False,False,False,False,-0.2005699084242114,-0.21000170292598022,False,False,False,False,-986010,-1182206.8250100242,False,False,False,False,47747.69916455229,False,False,False,False
2023-05-19 00:00:00+00:00,33.5,33.5,32.19,32.19,33454,,,,,,,,,,,,,,,,,,,,,,34.4629518585891,35.67450382998687,36.46951558532636,35.889617686105446,35.13382084959582,32.632662314144824,32.49684652995681,32.27531134997265,33.46801210197649,36.00012899930601,,,,,,,,,,,,,,,,,,,,,,,31.514343543495904,34.03919236245363,35.6415692440884,36.19458508070711,34.48202835894227,,,,34.450337110496044,34.374343717937464,#000000,2.20621478457467,33.77894826654513,-0.126437493074323,38.35071046746566,-8.648813609701953,False,True,False,True,True,0.0,0.0,0.0,0.0,0.0,0,0.9282898160547879,1.0383183341544135,False,False,False,False,-0.15762603171899373,-0.18381386732248697,False,False,False,False,-952556,-1173200.9103037487,False,False,False,False,47187.16194241299,False,False,False,False
2023-05-22 00:00:00+00:00,33.09,33.72,32.52,33.44,36182,,,,,,,,,,,,,,,,,,,,,,34.42851502907225,35.62935847293742,36.431465848736366,35.867835545973975,35.12059255503068,32.63473986509436,32.49909299687647,32.27792428493919,33.46718764287536,35.994580558836695,,,,,,,,,,,,,,,,,,,,,,,31.60435664290599,34.01345108568293,35.60208682490281,36.16742795849712,34.47373458259407,,,,34.43512928003728,34.372211418916585,#000000,2.2380753072855386,33.77160350236304,-0.30454895782292757,39.61694122791669,-8.648813609701953,False,True,False,True,True,0.0,0.0,0.0,0.0,0.0,0,0.9425480165591659,1.0229762015798647,False,False,False,False,-0.1387961583765878,-0.16130501284953738,False,False,False,False,-988738,-1165967.0706839939,False,False,False,False,46755.58696427915,False,False,False,False
2023-05-23 00:00:00+00:00,32.11,33.38,32.0,33.0,20317,,,,,,,,,,,,,,,,,,,,,,34.40129317801253,35.59869491817754,36.40659954081873,35.853066373333355,35.11099723853482,32.63440324328057,32.499088015433095,32.278308117050486,33.465934264737626,35.99081385122869,,,,,,,,,,,,,,,,,,,,,,,31.631753811697816,33.99021775116255,35.5751271569013,36.1493700101502,34.46704642987117,,,,34.423919874060736,34.362703031956606,"rgba(239, 83, 80, 0.5)",2.275186463005091,33.76370418659916,-0.7268433658026137,39.17557716013766,-8.648813609701953,False,True,False,True,True,0.0,0.0,0.0,0.0,0.0,0,0.9364361025730457,1.0069932204128786,False,False,False,False,-0.16828744897872217,-0.16479623091412976,False,False,False,False,-1009055,-1159813.6561473666,False,False,False,False,45718.77963234664,False,False,False,False
2023-05-24 00:00:00+00:00,32.16,32.28,31.34,31.9,84153,,,,,,,,,,,,,,,,,,,,,,34.26482584160886,35.455620867337146,36.29232525231797,35.783087000746015,35.063484823576296,32.6273278440942,32.49426127906429,32.275770807867396,33.45774425514294,35.97276708161921,,,,,,,,,,,,,,,,,,,,,,,31.66502761890205,33.86710646126143,35.44848701384247,36.06504574691272,34.43194294429184,,,,34.36872150533743,34.295521957042105,"rgba(239, 83, 80, 0.5)",2.3192338902831704,33.71828114462038,-0.6718947800603758,38.986417916551915,-8.648813609701953,False,True,False,True,True,0.0,0.0,0.0,0.0,0.0,0,0.8960949048796972,1.0551363477666593,False,False,False,False,-0.22961825154589238,-0.19720724123001107,False,False,False,False,-924902,-1150601.434337666,False,False,False,False,47226.003960489914,False,False,False,False
2023-05-25 00:00:00+00:00,31.77,32.86,31.77,32.86,26316,,,,,,,,,,,,,,,,,,,,,,34.2286908905183,35.415627985537846,36.25941245120628,35.76285794754208,35.04987640596441,32.62578828596709,32.49331206345453,32.27545012998045,33.45554426213567,35.96744299819683,,,,,,,,,,,,,,,,,,,,,,,31.68098750035613,33.83535253820654,35.41288889790657,36.04064571515289,34.42205298575759,,,,34.35340034205034,34.27838552747595,"rgba(239, 83, 80, 0.5)",2.368746960348937,33.70617693753056,-0.817384452599083,38.31988937071151,-8.648813609701953,False,True,False,True,True,0.0,0.0,0.0,0.0,0.0,0,0.8994584689643869,1.041880386446081,False,False,False,False,-0.19424376358216133,-0.19572550240608622,False,False,False,False,-951218,-1142782.4761283458,False,False,False,False,46406.00380517659,False,False,False,False
2023-05-26 00:00:00+00:00,32.35,32.6467,31.71,31.71,42976,,,,,,,,,,,,,,,,,,,,,,34.17499711009617,35.35431784339075,36.208073436657294,35.731217244071914,35.02869210646282,32.62381228730384,32.49220981335523,32.27530403008343,33.45224376020003,35.959011035886896,,,,,,,,,,,,,,,,,,,,,,,31.710225506057313,33.78889309867686,35.358131732600484,36.00246895094006,34.40679696550574,,,,34.32998786675084,34.2533032507561,"rgba(239, 83, 80, 0.5)",2.4037942080375263,33.68806929386944,-0.5566488551288452,39.22570576804597,-8.648813609701953,False,True,False,True,True,0.0,0.0,0.0,0.0,0.0,0,0.9017807098261252,1.0431539635105846,False,False,False,False,-0.2037650788667188,-0.1997452906364025,False,False,False,False,-908242,-1133584.8103978224,False,False,False,False,46271.493852032414,False,False,False,False
2023-05-30 00:00:00+00:00,32.78,33.19,32.41,32.41,19569,,,,,,,,,,,,,,,,,,,,,,34.15825386541264,35.33203090367165,36.1883496313934,35.71926603672708,35.02105645548117,32.62420226641978,32.49279505021622,32.27616667131008,33.451433055881076,35.955757435832,,,,,,,,,,,,,,,,,,,,,,,31.73561744506487,33.77589988066385,35.338161605951186,35.98787454005606,34.40168699156099,,,,34.321931137234515,34.24784809265939,#000000,2.436337733063647,33.6829286617144,-0.3706089880153779,40.80857092360511,-8.648813609701953,False,True,False,True,True,0.0,0.0,0.0,0.0,0.0,0,0.9026653196674871,1.0355415925967004,False,False,False,False,-0.1607175178724421,-0.1802314042544223,False,False,False,False,-888673,-1123980.4256763393,False,False,False,False,45224.33723038408,False,False,False,False
2023-05-31 00:00:00+00:00,34.12,34.19,32.59,32.59,53728,,,,,,,,,,,,,,,,,,,,,,34.14135146045778,35.29239060604282,36.148463170657315,35.696225860624004,35.00816269283757,32.630536045609205,32.49884870499423,32.28234342139643,33.45204545831239,35.949222410655175,,,,,,,,,,,,,,,,,,,,,,,31.850379002200448,33.77096803611279,35.30247921705765,35.958837809189326,34.395063413604305,,,,34.309958983158694,34.25554549563291,#000000,2.4499519907044944,33.68082748620783,0.17925759992785792,44.58747970251595,-10.21868492303868,False,True,False,True,True,0.0,0.0,0.0,0.0,0.0,0,0.9187726657119538,1.0158633823744845,False,False,False,False,-0.12040339386809563,-0.15031739906125896,False,False,False,False,-834945,-1112645.7031007966,False,False,False,False,45557.81420174157,False,False,False,False
2023-06-01 00:00:00+00:00,34.79,35.1756,33.85,33.85,37405,,,,,,,,,,,,,,,,,,,,,,34.15152171721435,35.28140489588852,36.131870884295196,35.68790012392436,35.005572867533786,32.63912705027456,32.506603417993894,32.28968018175826,33.4547419762074,35.94659461688422,,,,,,,,,,,,,,,,,,,,,,,31.961674532218694,33.79058682358622,35.29246478420863,35.94731495347991,34.396317026682404,,,,34.309501773197454,34.277671624035165,#000000,2.4551870591658904,33.68850470846284,0.44864006896133496,48.2912764715677,-6.710983974589439,False,False,False,False,True,0.0,0.0,0.0,0.0,0.0,0,0.9354914226617158,0.9946008255817741,False,False,False,False,-0.044640339715107114,-0.09747886938818304,False,False,False,False,-797540,-1100288.616704687,False,False,False,False,45238.095997751705,False,False,False,False
2023-06-02 00:00:00+00:00,34.6,35.26,34.36,35.18,13707,,,,,,,,,,,,,,,,,,,,,,34.15621226370458,35.27825171346419,36.12640865086702,35.68525680118532,35.00494887346632,32.64247109028713,32.50961245833018,32.29251297638464,33.45584236683895,35.94573074794628,,,,,,,,,,,,,,,,,,,,,,,32.00220650831713,33.79869880043335,35.28957239123018,35.94356057239531,34.39706672101355,,,,34.309724794247465,34.286220998677905,#000000,2.461168235021986,33.6916710033734,0.3690641637988175,50.34014277301635,-4.830082505731106,True,False,False,False,True,0.0,0.0,0.0,0.0,0.0,0,0.9434788697561748,1.0016566897788792,False,False,False,False,-0.024706881467033547,-0.061092875427608294,False,False,False,False,-811247,-1088953.651343719,False,False,False,False,44001.58242921242,False,False,False,False
2023-06-05 00:00:00+00:00,34.77,35.2,34.2529,34.37,10531,,,,,,,,,,,,,,,,,,,,,,34.15977138088957,35.27585828796603,36.12224399243382,35.68323801280381,35.004473192982346,32.645034252843715,32.511919782235246,32.29468580681356,33.45668714624401,35.94506841423276,,,,,,,,,,,,,,,,,,,,,,,32.03256325386083,33.80484393558161,35.28737454728378,35.94069423300976,34.39764210567904,,,,34.30989802694449,34.292623615083,#000000,2.437086452791229,33.69406172115673,0.4414854785356455,52.03708325143417,-3.2475786098484036,True,False,True,False,True,0.0,0.0,0.0,0.0,0.0,0,0.9441415708838566,1.0181754652580373,False,False,False,False,-0.030307985588011364,-0.04570043050780983,False,False,False,False,-800716,-1077650.2140361224,False,False,False,False,42689.010569243306,False,False,False,False
2023-06-06 00:00:00+00:00,35.54,35.67,34.51,34.62,34292,,,,,,,,,,,,,,,,,,,,,,34.18076485772254,35.275345576032755,36.11369189669537,35.68017370321667,35.005847119122265,32.65531439260096,32.521074827736555,32.30317244308703,33.46049622802682,35.94380846646971,,,,,,,,,,,,,,,,,,,,,,,32.144296835976256,33.83468766665716,35.28676448264275,35.935297850800964,34.40220653354054,,,,34.31396895107107,34.32065067392354,"rgba(38, 166, 154, 0.5)",2.4288309351850463,33.70586159500441,0.7551527685297098,54.62369130447827,-0.809194914060626,True,False,True,False,True,0.3813354158098008,0.0,0.0,0.0,0.0,0,0.9442323026558453,0.9972634984672225,False,False,False,False,-0.005945264911270871,-0.02582284770954035,False,False,False,False,-766424,-1065445.2644660785,False,False,False,False,42359.716037116115,False,False,False,False
2023-06-07 00:00:00+00:00,35.8,36.53,35.41,35.5,168217,,,,,,,,,,,,,,,,,,,,,,34.33156084249526,35.31716066321792,36.10459708757137,35.6878215971771,35.031092801644846,32.71742121168096,32.576013513593395,32.353489127889794,33.485930057751524,35.943543644780625,,,,,,,,,,,,,,,,,,,,,,,32.69436812000968,34.02709741290033,35.32399286080867,35.93449825963436,34.44133335506729,,,,34.35486305478028,34.48425800168407,"rgba(38, 166, 154, 0.5)",2.4240100644991034,33.78356506452444,0.8318591432466821,56.81857250398524,1.2507594434632878,True,False,True,False,True,0.8843570635368003,0.0,0.0,0.0,0.0,0,0.9516872986523979,0.9880696519089631,False,False,False,False,0.053054031353697476,0.013615591822078563,False,False,False,False,-598207,-1047122.1952713303,False,False,False,False,47295.29580036647,False,False,False,False
2023-06-08 00:00:00+00:00,36.11,36.36,35.17,35.5,114036,,,,,,,,,,,,,,,,,,,,,,34.417832583661784,35.34110468830846,36.09789208084251,35.69200195940307,35.04680602531893,32.75776928170866,32.61189393716121,32.38649708632538,33.50264134290523,35.94317150912478,,,,,,,,,,,,,,,,,,,,,,,32.98117088690341,34.13650309430535,35.34552107441368,35.93318571696493,34.466150338207356,,,,34.37976104947601,34.572506222158935,"rgba(38, 166, 154, 0.5)",2.424092972379338,33.82874650090008,0.9410750846164051,58.85100324523584,3.1747832343581592,True,False,True,False,True,1.4872829738966402,0.0,0.0,0.0,0.0,0,0.9454235378267518,0.9852875294803707,False,False,False,False,0.039291962617646704,0.026453777219862633,False,False,False,False,-484171,-1025045.6778097096,False,False,False,False,49912.578317999156,False,False,False,False
2023-06-09 00:00:00+00:00,35.5,36.35,35.24,36.03,28756,,,,,,,,,,,,,,,,,,,,,,34.43555063533507,35.34487850186582,36.09489421017955,35.69202740686823,35.04982520822319,32.76719376171216,32.62031838218421,32.39429155182826,33.506496458303175,35.94280801262564,,,,,,,,,,,,,,,,,,,,,,,33.041450998778494,34.1593920118315,35.34891640132397,35.931757961455425,34.471479730236474,,,,34.384828412912526,34.59059942072517,"rgba(38, 166, 154, 0.5)",2.4252843206593715,33.83831379975167,0.6851510918095425,58.381618580972216,3.1747832343581592,True,False,True,False,True,0.25800852477179603,0.0,0.0,0.0,0.0,0,0.9431283220591565,1.0016892276796359,False,False,False,False,0.04130487084677042,0.033879324033316525,False,False,False,False,-512927,-1004962.5924054073,False,False,False,False,49082.908580038405,False,False,False,False
2023-06-12 00:00:00+00:00,36.95,37.18,35.41,35.41,41528,,,,,,,,,,,,,,,,,,,,,,34.47630842667483,35.36251788328309,36.09936113023211,35.69844732567324,35.05957898375902,32.78446258897139,32.63561189587085,32.408251072340036,33.51410703423268,35.94402039154042,,,,,,,,,,,,,,,,,,,,,,,33.14929557786874,34.20823003250056,35.36495228626321,35.93678412526907,34.48417142239622,,,,34.398266673257766,34.62868668885956,"rgba(38, 166, 154, 1.0)",2.4263934827915867,33.859064660959156,1.2738804983455112,60.69740573978992,5.058000885386704,True,False,True,False,True,3.0623317517374744,0.0,0.0,0.0,0.0,0,0.9471526974800126,0.9904197579744116,False,False,False,False,0.07491526861211832,0.05439729632271742,False,False,False,False,-471399,-984038.5299581364,False,False,False,False,48786.63765533102,False,False,False,False
2023-06-13 00:00:00+00:00,37.09,37.57,36.75,36.96,26007,,,,,,,,,,,,,,,,,,,,,,34.50859316459906,35.37913379290285,36.106249843034455,35.70545345511908,35.0682122040956,32.796990695466555,32.646658215478745,32.4182653222383,33.51984006912648,35.945605455437196,,,,,,,,,,,,,,,,,,,,,,,33.225381110921965,34.24579136769853,35.380101770953324,35.943243261208345,34.49445659334812,,,,34.40950022174984,34.65779482082606,"rgba(38, 166, 154, 1.0)",2.417953888933609,33.87519735503461,1.3295549843521708,62.46432566770378,6.829841767691761,True,False,True,False,True,3.327274040662573,0.0,0.0,0.0,0.0,0,0.9665977861358943,1.0039951727545127,False,False,False,False,0.13350773001152016,0.09395251316711879,False,False,False,False,-445392,-962915.1366264449,False,False,False,False,47893.318531592544,False,False,False,False
2023-06-14 00:00:00+00:00,37.55,38.09,36.9941,37.05,44227,,,,,,,,,,,,,,,,,,,,,,34.5699834921378,35.413083834621055,36.122313566095926,35.72056494364553,35.0855939134292,32.820118624297365,32.66701523812433,32.436662621546525,33.53064320351588,35.949211458002296,,,,,,,,,,,,,,,,,,,,,,,33.3611370880328,34.31621226510412,35.41112656937963,35.957770747687775,34.5144383768916,,,,34.43151908954159,34.71213700941918,"rgba(0, 255, 255, 0.75)",2.4145705081316007,33.905741836940976,1.50927800649688,64.38136236169781,8.747056174958288,True,False,True,False,True,4.2014980229712755,0.0,0.0,0.0,0.0,0,0.9692474515416293,1.0075512202470622,False,False,False,False,0.19613436810838553,0.14504344063775215,False,False,False,False,-401165,-940885.7195038393,False,False,False,False,47749.54133427519,False,False,False,False
2023-06-15 00:00:00+00:00,38.19,38.32,37.16,37.34,28237,,,,,,,,,,,,,,,,,,,,,,34.612297436837196,35.43763012634279,36.13482774066655,35.73188563175474,35.098104753796186,32.8358379119231,32.68083786933647,32.44912893816003,33.53810097188462,35.95200166460329,,,,,,,,,,,,,,,,,,,,,,,33.450228407684364,34.364264333799824,35.4336047415096,35.96889720599117,34.5284976944018,,,,34.4470653045305,34.749098476677354,"rgba(0, 255, 255, 0.75)",2.418527770478713,33.92678485507262,1.7627315249241635,66.62080503629234,10.956510543851934,True,False,True,False,True,5.406624865010858,0.0,0.0,0.0,0.0,0,0.9674634006195664,0.9786274607774557,False,False,False,False,0.24008855603736823,0.1925659983375602,False,False,False,False,-372928,-918612.8677585906,False,False,False,False,46984.343634891855,False,False,False,False
2023-06-16 00:00:00+00:00,37.79,38.6,37.79,38.3,23102,,,,,,,,,,,,,,,,,,,,,,34.647876867296226,35.45872090241513,36.145914112154614,35.741782808354955,35.10887595335747,32.84905642056558,32.69245980036718,32.45960325257599,33.54442117343835,35.95447822489417,,,,,,,,,,,,,,,,,,,,,,,33.523245166906634,34.404477092762,35.45294613099848,35.97870256426757,34.54049079094837,,,,34.460318951541964,34.7799723491766,"rgba(0, 255, 255, 0.75)",2.4176050020518454,33.94451380718169,1.5906180660424694,66.72204003476318,11.185825593836832,True,False,True,False,True,4.543119083813124,0.0,0.0,0.0,0.0,0,0.9977092718734271,0.9726195862033808,False,False,False,False,0.2768082642043793,0.23468713127096974,False,False,False,False,-396030,-898119.4219641361,False,False,False,False,46047.7811394059,False,False,False,False
2023-06-20 00:00:00+00:00,38.05,39.069,37.8,38.39,24893,,,,,,,,,,,,,,,,,,,,,,34.68811076779031,35.483186718475224,36.15923701981409,35.75347675437217,35.12135634849368,32.86389481827345,32.70549879366166,32.4713404202847,33.551582039203836,35.95745172137776,,,,,,,,,,,,,,,,,,,,,,,33.60351075648867,34.44969387664845,35.47540993814886,35.99040405082829,34.5542209425986,,,,34.47551354017469,34.81464791294257,"rgba(0, 255, 255, 0.75)",2.4230620788246418,33.96457026953051,1.686060694099596,67.23378915663454,11.897657170240514,True,False,True,False,True,5.041431390372747,0.0,0.0,0.0,0.0,0,1.0175241152416001,0.9357704887632725,False,False,False,False,0.2964270466816223,0.26555708897629604,False,False,False,False,-371137,-877453.4446322093,False,False,False,False,45218.181879037045,False,False,False,False
2023-06-21 00:00:00+00:00,37.08,37.38,35.961,37.38,33982,,,,,,,,,,,,,,,,,,,,,,34.719451029200656,35.498533354006646,36.16464466288687,35.75999409846887,35.130290495491295,32.87847664895954,32.71846226000762,32.48318960863083,33.55825121214801,35.958915474054876,,,,,,,,,,,,,,,,,,,,,,,33.67525371486943,34.48640514808525,35.48956860484071,35.995969953261756,34.565377938291334,,,,34.48702088438552,34.8425150718697,"rgba(38, 166, 154, 1.0)",2.423752157817024,33.9810934716389,1.2785575119001271,64.34639893282615,11.897657170240514,True,False,True,False,False,2.9428454139127567,0.0,0.0,0.0,0.0,0,0.9810441777195018,0.9577827928791164,False,False,False,False,0.15604753980061767,0.21080231438845687,False,False,False,False,-405119,-858930.5252348677,False,False,False,False,44777.547295545395,False,False,False,False
2023-06-22 00:00:00+00:00,36.43,37.18,36.27,36.96,26004,,,,,,,,,,,,,,,,,,,,,,34.740796093449305,35.50845314239012,36.16757744777711,35.76407749684164,35.136335010673626,32.88905356979822,32.72789195538353,32.49183694352106,33.56305396576262,35.959794725932476,,,,,,,,,,,,,,,,,,,,,,,33.72498132059591,34.51161071810614,35.498746045215704,35.99924246232772,34.57316038084618,,,,34.49488703515296,34.86154818541833,"rgba(38, 166, 154, 1.0)",2.423711300561316,33.992554496364164,1.005666600255294,60.57272537172565,15.997510623854296,True,False,True,False,False,1.5701103113112431,0.0,0.0,0.0,0.0,0,0.9769796430245375,0.9699332412814634,False,False,False,False,0.1602681209036961,0.1855352176460765,False,False,False,False,-431123,-842153.7595393828,False,False,False,False,44041.329754543614,False,False,False,False
2023-06-23 00:00:00+00:00,36.91,36.94,35.63,36.2,44626,,,,,,,,,,,,,,,,,,,,,,34.77382168410312,35.52309407132154,36.17108781251985,35.76992670381402,35.14567717694061,32.90642381223034,32.7434190264293,32.506117164417034,33.570903935414705,35.96099763286664,,,,,,,,,,,,,,,,,,,,,,,33.80277734574723,34.550868933384955,35.51233357029012,36.003603249360985,34.585521574781524,,,,34.507146902005715,34.89102093471296,"rgba(38, 166, 154, 1.0)",2.4200915178883444,34.010617404939424,1.1980466745284222,59.175327476004014,14.659769525801934,True,False,True,False,False,2.531854204741183,0.0,0.0,0.0,0.0,0,0.9559902663497867,0.9829755806576843,False,False,False,False,0.1263417828176704,0.15593850023187344,False,False,False,False,-386497,-824284.8670084266,False,False,False,False,44064.25799946347,False,False,False,False
2023-06-26 00:00:00+00:00,36.68,37.3,36.61,36.95,23764,,,,,,,,,,,,,,,,,,,,,,34.794581491448824,35.533620346592045,36.1750375358335,35.7745769865394,35.15195121075572,32.91655270461424,32.75244597169895,32.514381893785306,33.57559409799786,35.96207967656458,,,,,,,,,,,,,,,,,,,,,,,33.847902331082594,34.575008911104796,35.52209101913905,36.00762500232613,34.59330343154572,,,,34.51508219158305,34.90918613903966,"rgba(38, 166, 154, 1.0)",2.418558747356485,34.021770067656874,1.0990966976711252,57.56188220267211,13.069860744468066,True,False,True,False,False,2.0385044373512997,0.0,0.0,0.0,0.0,0,0.9710773290536621,0.9797201932195542,False,False,False,False,0.1787428946001675,0.16734069741602048,False,False,False,False,-410261,-808048.6369296648,False,False,False,False,43268.169450464906,False,False,False,False
2023-06-27 00:00:00+00:00,37.99,38.14,36.45,37.17,29125,,,,,,,,,,,,,,,,,,,,,,34.8274487035873,35.55262218894163,36.18442361201649,35.78366235420292,35.16253469654701,32.93097065482601,32.76523203479314,32.526006900913245,33.58248022855833,35.96437574569037,,,,,,,,,,,,,,,,,,,,,,,33.91319845092573,34.61229553448681,35.539679264454,36.01628437720787,34.605534460814695,,,,34.52797571200764,34.937398417577825,"rgba(0, 255, 255, 0.75)",2.4244094070459985,34.03899512982838,1.6296772561139712,59.30543741898659,13.069860744468066,True,False,True,False,False,4.640548152803245,0.0,0.0,0.0,0.0,0,0.9690407598263363,0.9666218253435668,False,False,False,False,0.2115358951097649,0.18943829626289269,False,False,False,False,-381136,-791306.9648932073,False,False,False,False,42713.53535436824,False,False,False,False
2023-06-28 00:00:00+00:00,38.88,39.08,37.75,37.75,28172,,,,,,,,,,,,,,,,,,,,,,34.87049776361073,35.58019448938255,36.20034072074364,35.79756824407417,35.17716091851258,32.94797798518598,32.7802305190144,32.53953572299017,33.59087415376326,35.968069200008685,,,,,,,,,,,,,,,,,,,,,,,33.99180014387287,34.66007129842093,35.56518102264693,36.03028840625357,34.621459682385115,,,,34.54524497172862,34.97376011071588,"rgba(0, 255, 255, 0.75)",2.435840813449973,34.06106452201723,1.978345814461303,61.97574068402931,13.069860744468066,True,False,True,False,True,6.338123900768959,0.0,0.0,0.0,0.0,0,0.9938867828457352,0.9537581227548907,False,False,False,False,0.3410640764635561,0.26525118636322437,False,False,False,False,-352964,-774117.0447013167,False,False,False,False,42143.279065961644,False,False,False,False
2023-06-29 00:00:00+00:00,38.53,39.42,38.36,38.88,18605,,,,,,,,,,,,,,,,,,,,,,34.89989662239092,35.59932852376824,36.211613965228466,35.8073329660548,35.18731688150325,32.9595511854301,32.790433901613916,32.54873231474961,33.59662413585345,35.97068969890224,,,,,,,,,,,,,,,,,,,,,,,34.04447534438485,34.692577185509535,35.58289393758091,36.04017455956235,34.63243602243519,,,,34.5571520195495,34.99851140989457,"rgba(0, 255, 255, 0.75)",2.4458444846807823,34.07615780089843,1.8209833973491012,62.634745344316556,13.069860744468066,True,False,True,False,True,5.558171183882006,0.0,0.0,0.0,0.0,0,1.0271296508758752,0.9376247489304989,False,False,False,False,0.3428282458404868,0.3040397161018556,False,False,False,False,-371569,-758330.8468698927,False,False,False,False,41220.209298669026,False,False,False,False
2023-06-30 00:00:00+00:00,39.43,39.65,38.56,38.65,25780,,,,,,,,,,,,,,,,,,,,,,34.94449146184329,35.62911982392565,36.22975093205939,35.822766788557644,35.2030246461363,32.976729518496306,32.805558871513725,32.562335685387346,33.60525148967909,35.974886482616434,,,,,,,,,,,,,,,,,,,,,,,34.122244220737365,34.74158421771168,35.610486092551945,36.0559616263055,34.649169135156306,,,,34.575391570021516,35.035889058492565,"rgba(0, 255, 0, 1.0)",2.4506954335674327,34.09898903109668,2.175305383069599,64.56202942578447,9.045064484120232,True,False,True,False,True,7.262493456802414,0.0,0.0,0.0,0.0,0,1.0247272704597823,0.919423581167242,False,False,False,False,0.34282824604874484,0.3234339810753002,False,False,False,False,-345789,-742152.7352279362,False,False,False,False,40614.71089479965,False,False,False,False
2023-07-03 00:00:00+00:00,38.57,39.46,38.57,39.4,14496,,,,,,,,,,,,,,,,,,,,,,34.96716065360297,35.6440571781438,36.23867952604267,35.83050283877195,35.21104448073707,32.9858128240522,32.813573917028094,32.56956302536124,33.60979183175701,35.97698944724029,,,,,,,,,,,,,,,,,,,,,,,34.16204587424652,34.76657650450455,35.62434242008637,36.06380272509621,34.65781393967264,,,,34.584717572273725,35.054916292721266,"rgba(0, 255, 255, 0.75)",2.454233496237514,34.11072524692172,1.8169724925988568,63.220340615439035,9.045064484120232,True,False,True,False,True,5.339881570108265,0.0,0.0,0.0,0.0,0,1.0213737007186494,0.9238498050884455,False,False,False,False,0.3353167855287794,0.3293753833020398,False,False,False,False,-360285,-727177.5299248799,False,False,False,False,39590.44772245457,False,False,False,False
2023-07-05 00:00:00+00:00,38.89,39.67,38.27,38.91,41758,,,,,,,,,,,,,,,,,,,,,38.94333333333333,35.03227767879497,35.68733184403412,36.26480561953113,35.85312676302281,35.234432268189764,33.01216189158448,32.8368354165703,32.59054254506821,33.62301741800762,35.983190577513696,,,,,,,,,,,,,,,,,,,,,,,34.27486524341627,34.83822214942262,35.66453499916914,36.08675885714036,34.682969761625074,,,,35.00555048687732,35.1094702021547,"rgba(0, 255, 255, 0.75)",2.4588071670395064,34.42589610922856,1.8155567262911407,62.91806088605054,9.045064484120232,True,False,True,False,True,5.952602225284899,0.0,0.0,0.0,0.0,0,1.0185471547914247,0.9193453443011952,False,False,False,False,0.33157473878473687,0.3304750610433883,False,False,False,False,-318527,-711152.0189474337,False,False,False,False,39675.44977255439,False,False,False,False
2023-07-06 00:00:00+00:00,37.25,38.42,37.25,38.38,25281,,,,,,,,,,,,,,,,,,,,,38.451834802627324,35.057878888221836,35.70271562155064,36.272801182091214,35.86095482042587,35.24352389399336,33.024520543074274,32.84784522275062,32.60058485979057,33.62903888435788,35.98528482097199,,,,,,,,,,,,,,,,,,,,,,,34.32226058342516,34.86701946362616,35.67891276095856,36.09421955380397,34.69344116100516,,,,34.9706348672596,35.1311707045638,"rgba(38, 166, 154, 1.0)",2.4506917795182557,34.41498604543418,1.1568219138202311,58.51210710842438,13.904428112202382,True,False,True,False,False,2.392637035950937,0.0,0.0,0.0,0.0,0,1.004922777883417,0.9309000141858099,False,False,False,False,0.2398085156441693,0.2851417883437788,False,False,False,False,-343808,-696746.3711455736,False,False,False,False,39110.96154617971,False,False,False,False
2023-07-07 00:00:00+00:00,37.26,37.93,37.22,37.3,27829,,,,,,,,,,,,,,,,,,,,,38.163819025734,35.08366782202913,35.717910394391915,36.28041467394206,35.868677046973296,35.25274838253188,33.03755041312306,32.85947859433395,32.61122186889103,33.635366346373154,35.9873478115612,,,,,,,,,,,,,,,,,,,,,,,34.370317265109186,34.89614047672076,35.693148383303786,36.101455623374164,34.7042224220575,,,,34.95438203453497,35.15305683411308,"rgba(38, 166, 154, 1.0)",2.4498975010734476,34.41455271889812,1.1614556445137456,55.59753730194659,11.154838465721397,True,False,True,False,False,2.4124982989846515,0.0,0.0,0.0,0.0,1,1.0144959174330008,0.9252797763608305,False,False,False,False,0.21938364395851156,0.25226271615114515,False,False,False,False,-315979,-681814.317375159,False,False,False,False,38668.531681623645,False,False,False,False
2023-07-10 00:00:00+00:00,37.97,38.345,37.16,37.16,35664,,,,,,,,,,,,,,,,,,,,,38.07124676962992,35.12072039075789,35.74087421525178,36.29290106319021,35.88063575811138,35.266333717568656,33.055465952194474,32.87544326167353,32.62577691654047,33.64419271853163,35.99061427056416,,,,,,,,,,,,,,,,,,,,,,,34.43661223269135,34.93753893295625,35.714643901173666,36.11299523045992,34.71967504418415,,,,34.96038227581946,35.184293068293066,"rgba(38, 166, 154, 1.0)",2.449667563399436,34.429809145731475,1.445171951967129,55.25773947176198,10.803557200167326,True,False,True,False,False,3.823078145514277,0.0,0.0,0.0,0.0,1,1.0134973131882694,0.923736114123232,False,False,False,False,0.2333070267548021,0.24278487145297362,False,False,False,False,-280315,-666069.2461055449,False,False,False,False,38550.70690979527,False,False,False,False
2023-07-11 00:00:00+00:00,37.98,38.445,37.4201,38.05,25040,,,,,,,,,,,,,,,,,,,,,38.0514686747401,35.1473021695758,35.75763730797967,36.30224417159841,35.88947229642329,35.27624244362337,33.06828798148362,32.88686884396986,32.636189007415,33.65054980859497,35.99305452025922,,,,,,,,,,,,,,,,,,,,,,,34.48329842541187,34.967124988063475,35.73034611110815,36.121582597796134,34.73086073978548,,,,34.969028838696666,35.20664257243301,"rgba(38, 166, 154, 1.0)",2.452834154073109,34.44311516597838,1.4419584088668882,55.05363500386023,10.454436337572886,True,False,True,False,False,3.8429514152579642,0.0,0.0,0.0,0.0,1,1.0100462431754753,0.9357118840588452,False,False,False,False,0.24752183136614436,0.245153351409559,False,False,False,False,-255275,-649959.6678268961,False,False,False,False,38020.87526627389,False,False,False,False
2023-07-12 00:00:00+00:00,37.22,38.48,37.22,38.36,30748,,,,,,,,,,,,,,,,,,,,,37.983564859739516,35.17574851855606,35.77502771910922,36.31145144850149,35.898610621102414,35.28691757921552,33.08295211820174,32.89997824714827,32.64818003544277,33.65777213653692,35.99557146716636,,,,,,,,,,,,,,,,,,,,,,,34.53400308678639,34.99899287551324,35.74668926813591,36.13025664431907,34.74318440318413,,,,34.974161340974575,35.230625255587746,"rgba(38, 166, 154, 1.0)",2.4397086519308946,34.45534071073236,1.1331923945425064,52.91045099856522,8.239122910468296,False,False,False,False,False,2.171948877490756,0.0,0.0,0.0,0.0,1,0.9999423135018285,0.9558804553589999,False,False,False,False,0.24099272953038686,0.2430730404699729,False,False,False,False,-286023,-635687.6416376061,False,False,False,False,37735.66447151806,False,False,False,False
2023-07-13 00:00:00+00:00,38.74,39.43,37.55,37.55,40765,,,,,,,,,,,,,,,,,,,,,38.089436721932316,35.22638648857542,35.808887581513495,36.331904115889316,35.91699510920837,35.306477675585604,33.106201305261706,32.92064767863274,32.66694501484257,33.66954187261602,36.00078376421242,,,,,,,,,,,,,,,,,,,,,,,34.61822845880101,35.05461274685135,35.77840123128134,36.148620398817975,34.764575313766024,,,,35.00401884802454,35.272887629903536,"rgba(0, 255, 255, 0.75)",2.445520766589394,34.48765609774138,1.7388296024118766,54.82309919750071,8.239122910468296,False,False,True,False,False,5.191393873149831,0.0,0.0,0.0,0.0,1,0.997817502644208,0.9382948474862494,False,False,False,False,0.29218923634400934,0.26763113840699115,False,False,False,False,-245258,-620376.6752988765,False,False,False,False,37854.461943223236,False,False,False,False
2023-07-14 00:00:00+00:00,38.38,39.65,38.05,38.74,56991,,,,,,,,,,,,,,,,,,,,,38.21058976471085,35.2971510474213,35.85687042541518,36.36138347730912,35.943419844083245,35.33442661040014,33.13908265069813,32.94990124947831,32.69350976960631,33.68630259395512,36.00837378457617,,,,,,,,,,,,,,,,,,,,,,,34.73365671280431,35.13208656535793,35.82341448948678,36.17508357752386,34.79501288380666,,,,35.04372829251399,35.331850845795906,"rgba(0, 255, 255, 0.75)",2.4426409574161743,34.53176390952511,1.575440745309354,55.15251027782622,8.239122910468296,False,False,True,False,False,4.395859179638293,0.0,0.0,0.0,0.0,1,1.0120417383789158,0.9288727944321203,False,False,False,False,0.32163927994526276,0.29463520917612696,False,False,False,False,-302249,-607901.0801891166,False,False,False,False,38604.91441603801,False,False,False,False
2023-07-17 00:00:00+00:00,39.25,39.46,38.1961,38.25,8106,,,,,,,,,,,,,,,,,,,,,38.23162200340883,35.307779236489345,35.86421579050004,36.366004805072116,35.94750978145793,35.33868727200397,33.143958358091105,32.95423634033401,32.69744168089281,33.68880804810433,36.00956022254221,,,,,,,,,,,,,,,,,,,,,,,34.75065031117649,35.1436701082039,35.830307668585455,36.17920956979492,34.799606943228945,,,,35.04998395808151,35.34068892019794,"rgba(0, 255, 255, 0.75)",2.4538115084331715,34.53852677264765,1.9200632204878523,57.05043483320689,8.239122910468296,True,False,True,False,True,6.081851679325126,0.0,0.0,0.0,0.0,1,1.0168006745252225,0.9367052654902129,False,False,False,False,0.3198285945640543,0.30723190187009064,False,False,False,False,-294143,-595596.8417503277,False,False,False,False,37408.878556585536,False,False,False,False
2023-07-18 00:00:00+00:00,38.96,39.3525,38.41,38.94,20662,,,,,,,,,,,,,,,,,,,,,38.27626083671095,35.33414569413925,35.88241701610536,36.37743544055877,35.957674914843636,35.349320205442645,33.156219414739496,32.96514603653555,32.70734418830292,33.69510975311704,36.01251767069381,,,,,,,,,,,,,,,,,,,,,,,34.79273635931688,35.17241493007378,35.84740233120796,36.18944217185947,34.81110024497622,,,,35.06487192465358,35.362619207486865,"rgba(0, 255, 255, 0.75)",2.4543276578836024,34.554998100346765,1.794789658790597,57.50233857773682,8.239122910468296,True,False,True,False,True,5.428587899871157,0.0,0.0,0.0,0.0,1,1.0453048123825412,0.9169107599117948,False,False,False,False,0.3242206609222469,0.31572628139616876,False,False,False,False,-314805,-584585.3969758052,False,False,False,False,36752.138221033165,False,False,False,False
2023-07-19 00:00:00+00:00,37.99,39.34,37.98,38.9,36696,,,,,,,,,,,,,,,,,,,,,38.293100833094925,35.373986760320804,35.909262986299495,36.39375382987175,35.972702994082226,35.365570793466475,33.17609490194127,32.98289613517662,32.723523906144635,33.70525665269281,36.01690345251968,,,,,,,,,,,,,,,,,,,,,,,34.85710146319407,35.21609754510365,35.872699084905264,36.20431196941634,34.82902673383161,,,,35.08300484051006,35.39584735929019,"rgba(38, 166, 154, 1.0)",2.448380983719976,34.577845235798705,1.3936371777471497,55.300316151868635,8.239122910468296,False,False,True,False,True,3.276094972332139,0.0,0.0,0.0,0.0,1,1.0384018526119014,0.9068301582688985,False,False,False,False,0.30603195098814556,0.31087911619215713,False,False,False,False,-351501,-575444.8323885187,False,False,False,False,36749.93672216912,False,False,False,False
2023-07-20 00:00:00+00:00,38.0,38.05,37.13,37.83,32953,,,,,,,,,,,,,,,,,,,,,38.24430071103698,35.400807812626866,35.92625573494724,36.40317208764718,35.98219957791038,35.37667853108975,33.191424254446986,32.996675502911636,32.73617962561612,33.71296982781795,36.01967674007979,,,,,,,,,,,,,,,,,,,,,,,34.90190765628652,35.24590916192544,35.888823099279996,36.21330441305841,34.84183575559683,,,,35.0900309460119,35.41835601722944,"rgba(38, 166, 154, 1.0)",2.4056678569241416,34.59089945680129,1.4171118982142226,53.856132928412045,8.239122910468296,False,False,True,False,False,3.2962821290257303,0.0,0.0,0.0,0.0,1,1.021808335024489,0.9454791624387778,False,False,False,False,0.22055696311716658,0.26571803965466184,False,False,False,False,-318548,-565370.4468046553,False,False,False,False,36601.03724286838,False,False,False,False
2023-07-21 00:00:00+00:00,38.56,38.91,38.11,38.11,25249,,,,,,,,,,,,,,,,,,,,,38.261785929664676,35.42787570706222,35.94475281608304,36.41460677450145,35.99271180924762,35.38799230444645,33.20515966689785,33.00895593845409,32.747380897477214,33.72003373555924,36.02278860927066,,,,,,,,,,,,,,,,,,,,,,,34.944761058749656,35.27548950502221,35.906284732488196,36.22372743316769,34.85427430812516,,,,35.10309492624223,35.44090740751058,"rgba(0, 255, 255, 0.75)",2.3994494263371555,34.60687606606899,1.6475129213144508,54.23858652946357,8.239122910468296,False,False,True,False,False,4.431255235909401,0.0,0.0,0.0,0.0,1,1.0203728985509428,0.9309112638723109,False,False,False,False,0.29381205656582005,0.27976504811024094,False,False,False,False,-293299,-554700.978302512,False,False,False,False,36155.8593117755,False,False,False,False
2023-07-24 00:00:00+00:00,39.26,39.32,38.77,38.9464,21991,,,,,,,,,,,,,,,,,,,,,38.30553328508633,35.45548827496768,35.96428276537444,36.427220309069554,36.00391247133148,35.39962009913073,33.21838521977774,33.02074636207858,32.75809393641244,33.72692240330242,36.026129816915585,,,,,,,,,,,,,,,,,,,,,,,34.9872809765427,35.30541883965388,35.92468807000998,36.23503551952762,34.866769172088475,,,,35.11875772213154,35.46383851556453,"rgba(0, 255, 255, 0.75)",2.391440351536101,34.62423880503173,1.938480795471468,56.01844274612397,8.239122910468296,False,False,True,False,False,5.827814377600578,0.0,0.0,0.0,0.0,1,1.0344007196752332,0.9289153270427714,False,False,False,False,0.33781651703837995,0.3087907825743105,False,False,False,False,-271308,-543587.5281730017,False,False,False,False,35600.37463288235,False,False,False,False
2023-07-25 00:00:00+00:00,37.91,39.5,37.87,39.2,19520,,,,,,,,,,,,,,,,,,,,,38.31079651896222,35.475099748263084,35.97766729890787,36.435471005393744,36.01159852070765,35.407976058823635,33.22870768221553,33.02999359705817,32.7665444400489,33.73224139881084,36.02842875551854,,,,,,,,,,,,,,,,,,,,,,,35.01811728403453,35.326857738911485,35.937354495878104,36.242613402005624,34.876008105860706,,,,35.12768409315547,35.48019020533809,"rgba(38, 166, 154, 1.0)",2.3921862894104624,34.63561017044263,1.3687854679429314,53.68166723958177,8.239122910468296,False,False,True,False,False,2.7979395480824145,0.0,0.0,0.0,0.0,1,1.1085874880149447,0.8981786016637983,False,False,False,False,0.3080771557279484,0.3084339691511294,False,False,False,False,-290828,-533675.3898132762,False,False,False,False,34969.77170610265,False,False,False,False
2023-07-26 00:00:00+00:00,37.88,39.08,37.345,37.54,35678,,,,,,,,,,,,,,,,,,,,,38.295410134362754,35.506409710553335,35.998561661250534,36.447943814090785,36.0236478805149,35.421498650744795,33.246296308323544,33.045800925429766,32.78104190904204,33.74126132425982,36.0320514298733,,,,,,,,,,,,,,,,,,,,,,,35.06783302745715,35.361261795173256,35.95719766148639,36.25428840280679,34.89123699445365,,,,35.1399930680405,35.506363576275454,"rgba(38, 166, 154, 1.0)",2.391481933412417,34.65298883979042,1.3493771853860288,52.053276637151995,6.634615029645055,False,False,False,False,False,2.731866497516652,0.0,0.0,0.0,0.0,1,1.1122450157769814,0.8377766744795581,False,False,False,False,0.2629499286514994,0.28569194890131444,False,False,False,False,-326506,-525551.1000166772,False,False,False,False,34997.545364686855,False,False,False,False
2023-07-27 00:00:00+00:00,37.56,38.49,37.38,38.46,18770,,,,,,,,,,,,,,,,,,,,,38.27732172830045,35.52076619144194,36.00788819447874,36.4532868742032,36.02904943998072,35.42779017699342,33.25494591721049,33.05360011284272,32.78822099549307,33.74567530871455,36.03368434671883,,,,,,,,,,,,,,,,,,,,,,,35.09089691301376,35.377131141453766,35.96609160095394,36.259411415591615,34.898468605566265,,,,35.14474811694347,35.51839993531587,"rgba(38, 166, 154, 1.0)",2.3876174335536176,34.660622763550805,1.2143391130018266,50.18332428284822,4.806066675030763,False,True,False,False,False,2.0198962575746364,0.0,0.0,0.0,0.0,1,1.1092604570025486,0.8638888279071812,False,False,False,False,0.22801789298322653,0.25685492094227047,False,False,False,False,-345276,-518481.4882513173,False,False,False,False,34361.17103665992,False,False,False,False
2023-07-28 00:00:00+00:00,38.11,38.51,37.58,37.78,12823,,,,,,,,,,,,,,,,,,,,,38.27209209743077,35.53155974395658,36.01510436465449,36.45759903260941,36.03324996762729,35.43253034939736,33.26116810125218,33.05920030419123,32.79336379096008,33.74887536795802,36.03495911555977,,,,,,,,,,,,,,,,,,,,,,,35.10789793265317,35.38898612110067,35.97295764796298,36.263468044553825,34.903822125772194,,,,35.14906383959975,35.52742637440856,"rgba(38, 166, 154, 1.0)",2.3830135890854502,34.66669246044271,1.4449382728357654,50.42828740080606,4.806066675030763,False,True,False,False,False,3.173702436682216,0.0,0.0,0.0,0.0,1,1.0757828213200082,0.874823018355344,False,False,False,False,0.23852142682388078,0.24768817388307562,False,False,False,False,-332453,-511186.2534179323,False,False,False,False,33516.53687835953,False,False,False,False
2023-07-31 00:00:00+00:00,38.41,38.85,38.15,38.21,35630,,,,,,,,,,,,,,,,,,,,,38.28486291602222,35.565771856847384,36.03878248070338,36.472433959804924,36.04712831769581,35.44761554551194,33.27981691860582,33.075943604190115,32.808690055196756,33.75857049486624,36.03919431884188,,,,,,,,,,,,,,,,,,,,,,,35.16043582314993,35.426264466004255,35.99543235692425,36.27714476386491,34.92048776514484,,,,35.16534640620785,35.55595303501764,"rgba(0, 255, 255, 0.75)",2.383436273213241,34.687068332511515,1.5620017658241785,51.372624584718054,4.806066675030763,False,True,False,False,False,3.8002289736696966,0.0,0.0,0.0,0.0,1,1.0851045221448357,0.8573742395675482,False,False,False,False,0.2825503826892261,0.2651192782861509,False,False,False,False,-296823,-502779.85132311145,False,False,False,False,33599.41778509053,False,False,False,False
2023-08-01 00:00:00+00:00,38.98,39.09,37.68,38.33,87524,,,,,,,,,,,,,,,,,,,,,38.325701157770006,35.649676064674885,36.09767589356964,36.50997927105353,36.082121915429745,35.485409392400044,33.32605325376083,33.117491401573226,32.84673622401586,33.782786920479225,36.05001784116492,,,,,,,,,,,,,,,,,,,,,,,35.286970084986706,35.517389661744566,36.05141194780721,36.311731945374994,34.962058887867805,,,,35.20669539417199,35.62591250555626,"rgba(0, 255, 255, 0.75)",2.377889919333656,34.73792103827397,1.7839677637031937,53.41558654955519,4.806066675030763,False,False,True,False,True,4.984303207453859,0.0,0.0,0.0,0.0,1,1.078877456003044,0.8612422944834012,False,False,False,False,0.27132732868690346,0.2682233034865272,False,False,False,False,-209299,-491270.7983300483,False,False,False,False,35714.10728371444,False,False,False,False
2023-08-02 00:00:00+00:00,37.82,38.52,36.65,38.47,78748,,,,,,,,,,,,,,,,,,,,,38.25309779787109,35.6988227643864,36.12961433795653,36.528145644001775,36.101510600348384,35.508773812216305,33.35980964862865,33.148138619286094,32.875120095218236,33.80023238359065,36.05616961377904,,,,,,,,,,,,,,,,,,,,,,,35.36346449245474,35.57170851345462,36.08218475548779,36.32972729489264,34.98936387417764,,,,35.22358502884392,35.66728978609349,"rgba(38, 166, 154, 1.0)",2.366123510822844,34.76543221362561,1.2909587231615538,51.54202029229094,4.806066675030763,False,True,False,False,True,2.3142676915008096,0.0,0.0,0.0,0.0,1,1.047490247245073,0.8798776099095225,False,False,False,False,0.19491250260860385,0.23156790304756553,False,False,False,False,-288047,-483301.2376112229,False,False,False,False,37401.71091964721,False,False,False,False
2023-08-03 00:00:00+00:00,37.21,37.8599,36.87,37.5901,22648,,,,,,,,,,,,,,,,,,,,,38.22437658983224,35.710076409713636,36.136518376620316,36.53168633513551,36.105769005924365,35.51432425874256,33.36863919880764,33.15619903830454,32.8826292509038,33.80476872045247,36.057546745893816,,,,,,,,,,,,,,,,,,,,,,,35.381350073247646,35.584295412004984,36.08890730976534,36.33347917237215,34.99610026146469,,,,35.22659399366645,35.67682644577096,"rgba(38, 166, 154, 1.0)",2.355523223756839,34.77154856969245,1.03520585393272,48.87570998315428,3.4194414825810497,False,True,False,False,False,0.9537405522082523,0.0,0.0,0.0,0.0,1,1.0458409253930696,0.8939738970557928,False,False,False,False,0.17431700042691756,0.20294245173724154,False,False,False,False,-310695,-476532.3655480377,False,False,False,False,36823.13402083751,False,False,False,False
2023-08-04 00:00:00+00:00,37.31,37.94,36.72,37.21,25244,,,,,,,,,,,,,,,,,,,,,38.1946944787934,35.7225138774457,36.14418428891695,36.53564560762402,36.11051953866832,35.52050509730612,33.37845937641587,33.165168282023686,32.89098813104716,33.80982566288267,36.059090414696215,,,,,,,,,,,,,,,,,,,,,,,35.40100453074018,35.598192547657284,36.09637512721415,36.33766999324895,35.00359523546595,,,,35.230144977801835,35.687367486865305,"rgba(38, 166, 154, 1.0)",2.353173115542472,34.77844715276171,1.0758039136677378,47.39529418796303,2.0129461372034143,False,True,False,True,False,1.1710698252237712,0.0,0.0,0.0,0.0,1,1.052079458373633,0.8867478444890846,False,False,False,False,0.17105973226290738,0.18700109200007448,False,False,False,False,-285451,-469038.978663801,False,False,False,False,36369.05033374585,False,False,False,False
2023-08-07 00:00:00+00:00,37.17,37.3,36.86,37.29,11474,,,,,,,,,,,,,,,,,,,,,38.178693048527116,35.72735888624559,36.1470115024385,36.53694827734707,36.11228888107524,35.52296970922868,33.38266626874034,33.16902376525315,32.894594683701584,33.81198009307026,36.059672618447244,,,,,,,,,,,,,,,,,,,,,,,35.40883017180427,35.60366390150027,36.09915464857901,36.339153373646916,35.00667412062491,,,,35.231200703097706,35.691495243231074,"rgba(38, 166, 154, 1.0)",2.350051622971458,34.78105494858957,1.0165500315221991,46.056766725611766,0.7090281660508637,False,True,False,True,False,0.8530238082912831,0.0,0.0,0.0,0.0,1,1.0656726866629442,0.8779888156414342,False,False,False,False,0.13791742710586546,0.16245925955296997,False,False,False,False,-296925,-462289.41087306367,False,False,False,False,35392.77385006955,False,False,False,False
2023-08-08 00:00:00+00:00,35.4,36.74,34.94,36.74,70649,,,,,,,,,,,,,,,,,,,,,37.97173914304786,35.726642704044416,36.13897910285403,36.52532933002572,36.107771481815846,35.52458083994442,33.39859559668966,33.184123817026794,32.90924864852623,33.819512171882145,36.05842722840085,,,,,,,,,,,,,,,,,,,,,,35.69333333333334,35.41663173890475,35.605618521904475,36.09241639689408,36.3316051206337,35.01279893480641,,,,35.21499546038709,35.69206734107946,#000000,2.349157349402633,34.92738639063482,0.2011843138073986,41.57566330924284,-3.503845081189297,False,True,False,True,False,0.0,0.0,0.0,0.0,0.0,1,1.0229003263296501,0.891877744972152,False,False,True,False,0.018899475139860133,0.09067936734641505,False,False,False,False,-367574,-458575.08103490435,False,False,False,False,36775.37095398839,False,False,False,False
2023-08-09 00:00:00+00:00,35.31,35.65,35.0,35.165,125601,,,,,,,,,,,,,,,,,,,,,37.629802051930696,35.71197494658172,36.11398727371957,36.49652157002176,36.09295444005111,35.521198128734554,33.42185912581826,33.20659908057759,32.93148217562652,33.830116517973934,36.05399114405663,,,,,,,,,,,,,,,,,,,,,,35.454398097664544,35.41213984680668,35.59496289088599,36.07026930876681,36.3110129866429,35.01759437641661,,,,35.18277149591748,35.64339625119726,#000000,2.3503064550038117,34.90005891050419,0.17442027128974757,38.439418081967915,-6.329145911228778,False,True,False,True,False,0.0,0.0,0.0,0.0,0.0,0,1.0249803608347385,0.9057763797540754,False,False,False,False,-0.06578068360738679,0.01244934186951413,False,False,False,False,-493175,-459931.940602163,False,False,False,False,40258.72895579277,False,False,True,False
2023-08-10 00:00:00+00:00,36.71,37.31,35.06,36.21,63580,,,,,,,,,,,,,,,,,,,,,37.55199528370319,35.723595095132914,36.11772969636704,36.49488960934845,36.09547303671052,35.52816065505242,33.4397570730907,33.22330722153847,32.94741405353542,33.839134896279774,36.05491890229474,,,,,,,,,,,,,,,,,,,,,,35.67599748553542,35.43393100390311,35.60914293250323,36.074414350960424,36.311512614369235,35.028118811689154,,,,35.18330686573215,35.68885286649343,"rgba(38, 166, 154, 0.5)",2.3501749752762167,34.917622441114595,0.7626570692570441,40.64037596576719,-6.329145911228778,False,True,False,True,False,0.0,0.0,0.0,0.0,0.0,0,1.0150985097449639,0.890937360459252,False,False,False,False,-0.00721797876474664,0.002615681552383745,False,False,False,False,-429595,-458742.25665698014,False,False,False,False,41173.288604585214,False,False,False,False
2023-08-11 00:00:00+00:00,36.12,36.63,36.0,36.13,28638,,,,,,,,,,,,,,,,,,,,,37.51702581946868,35.72781272370064,36.11862984480659,36.49357810773757,36.09612670688729,35.530849399137225,33.447446724412494,33.23051338667833,32.954312142498146,33.84299968927468,36.05518494141851,,,,,,,,,,,,,,,,,,,,,,35.73298226030848,35.44229494541146,35.61444893700843,36.07553858313317,36.311231319798104,35.03241848289661,,,,35.18313449872911,35.70148575475938,"rgba(38, 166, 154, 0.5)",2.349218440094371,34.92288477204758,0.5095802108144215,40.89342901317174,-6.329145911228778,False,True,False,True,True,0.0,0.0,0.0,0.0,0.0,0,1.026398208832645,0.9154279605917113,False,False,False,False,-0.07110386953411382,-0.03424409399086504,False,False,False,False,-458233,-458722.28580768686,False,False,False,False,40681.70865930736,False,False,False,False
2023-08-14 00:00:00+00:00,37.45,37.54,35.84,36.1,17813,,,,,,,,,,,,,,,,,,,,,37.50759916254103,35.73384034751802,36.122106082925534,36.49507133111236,36.09835000104355,35.53411438852364,33.45338658111939,33.23600362837727,32.959487871501295,33.846088016532896,36.05593767622833,,,,,,,,,,,,,,,,,,,,,,35.80337508148835,35.45180341149778,35.62125752692425,36.078980910970394,36.313024174794094,35.036591906362695,,,,35.18563500794758,35.71750550200626,"rgba(38, 166, 154, 1.0)",2.352186063915742,34.93024956125229,1.0712377211150648,44.32504033332219,-11.369223052043615,False,True,False,True,True,1.5387175243630544,0.0,0.0,0.0,0.0,0,1.0032392755684119,0.9171652451645719,False,False,False,False,-0.034037765732386545,-0.03414092986162579,False,False,False,False,-440420,-458004.54910934623,False,False,False,False,39784.8965550208,False,False,False,False
2023-08-15 00:00:00+00:00,37.6,37.95,37.09,37.32,21896,,,,,,,,,,,,,,,,,,,,,37.50837262189688,35.74482353780281,36.12944912340092,36.49934554391504,36.10300693567204,35.5398165683282,33.46191781222219,33.24382477953689,32.96679230377123,33.85061366470387,36.05748910080848,,,,,,,,,,,,,,,,,,,,,,35.919687658387595,35.467989186176766,35.633307723795795,36.086102608689544,36.317310286720506,35.043312399603344,,,,35.19140472655078,35.74461831056226,"rgba(38, 166, 154, 1.0)",2.3544343212273144,34.943233418099766,1.1284097237060842,46.9431146269427,-8.924811146679644,False,True,False,True,True,1.8560669777329366,0.0,0.0,0.0,0.0,0,1.015234464897524,0.9118345861249683,False,False,False,False,0.09133843978695672,0.028598754962665462,False,False,False,False,-418524,-456456.29228152876,False,False,False,False,39083.371199921945,False,False,False,False
2023-08-16 00:00:00+00:00,38.1,38.73,37.6,37.6,37688,,,,,,,,,,,,,,,,,,,,,37.52929707677506,35.76957760935202,36.14715965632367,36.510766873561536,36.11423688022685,35.55245169549022,33.47865184233034,33.25907806031804,32.980941444787554,33.85963080363483,36.06121880931508,,,,,,,,,,,,,,,,,,,,,,36.14874689662398,35.50310139880011,35.660058367104675,36.10314221732519,36.32816527441831,35.05753308759796,,,,35.20572825019229,35.80012454031171,"rgba(38, 166, 154, 1.0)",2.3479302980891146,34.971018003613814,1.3326554024762742,49.79291366475766,-6.270096304593466,False,True,False,False,True,2.9152603449991936,0.0,0.0,0.0,0.0,1,1.0251611454130316,0.898521615057583,False,False,False,False,0.1773146491399055,0.10295670205128547,False,False,False,False,-380836,-453490.7906234296,False,False,False,False,39028.65076070932,False,False,False,False
2023-08-17 00:00:00+00:00,40.66,40.81,37.42,37.64,155994,,,,,,,,,,,,,,,,,,,,,37.78143942253215,35.927730794647445,36.269482643669825,36.59795523014878,36.19254729042218,35.63274618971495,33.56833687189961,33.34012885848708,33.05532374256178,33.90936842533618,36.08743776023103,,,,,,,,,,,,,,,,,,,,,,37.18936245869734,35.715735777735354,35.82778334415322,36.220046357469954,36.4074567747699,35.1427336830694,,,,35.30568156633191,36.083853065982524,"rgba(0, 255, 0, 1.0)",2.389631642615142,35.12824454434936,2.314898814110467,55.85697660212499,-0.678430137669757,False,False,True,False,True,7.985295119715019,0.0,0.0,0.0,0.0,0,1.0174685838437436,0.8769400656007713,False,False,False,False,0.34282823487297726,0.22289246846213137,False,False,False,False,-224842,-444524.1713832951,False,False,False,False,43615.52720146582,False,False,False,False
2023-08-18 00:00:00+00:00,40.81,40.83,39.63,40.5,55196,,,,,,,,,,,,,,,,,,,,,37.88906927025708,35.991967088213734,36.32046985853881,36.63541891804822,36.22563077652577,35.66589436217128,33.60351898426967,33.37187083196734,33.08437357625448,33.92917475552423,36.09867983365505,,,,,,,,,,,,,,,,,,,,,,37.498695635598,35.80002313351676,35.895470550225895,36.26877302645524,36.4412925954929,35.177321332616124,,,,35.34691529594779,36.180262712317486,"rgba(0, 255, 0, 1.0)",2.432420845818282,35.186519142385485,2.31188647609322,60.08931549280231,3.0546996087484573,True,False,True,False,True,8.265929218602722,0.0,0.0,0.0,0.0,0,1.0378533564088226,0.8901785338756388,False,False,False,False,0.34282823931534095,0.28286035388873615,False,False,False,False,-169646,-433744.6352506169,False,False,False,False,44069.66338964363,False,False,False,False
2023-08-21 00:00:00+00:00,43.12,43.51,40.83,40.83,66712,,,,,,,,,,,,,,,,,,,,,38.104828811373054,36.10222551949389,36.41061211539116,36.7038684608462,36.28425099415094,35.72246405332897,33.65828261694082,33.420973098074604,33.12896578472203,33.96050821551743,36.118635633046885,,,,,,,,,,,,,,,,,,,,,,38.0155868764113,35.9416578417483,36.010753861161255,36.35468913365478,36.50223445020554,35.23473140318946,,,,35.419601391171454,36.3432755943951,"rgba(0, 255, 0, 1.0)",2.548452277169256,35.28566420877994,3.074154403990723,65.33609768512828,7.712982931646607,True,False,True,False,True,12.386282593326694,0.0,0.0,0.0,0.0,0,1.0585951471042585,0.8490223742144831,False,False,False,False,0.34282824359497593,0.31284429874185604,False,False,False,False,-102934,-420771.66916235746,False,False,False,False,44957.59815867722,False,False,False,False
2023-08-22 00:00:00+00:00,44.17,44.39,43.36,43.36,52036,,,,,,,,,,,,,,,,,,,,,38.312059089234154,36.20509235404714,36.49587596460492,36.7696008751431,36.33999723186718,35.77549744710442,33.707646953307254,33.46512842123856,33.16893500975333,33.989023640256484,36.137728782462126,,,,,,,,,,,,,,,,,,,,,,38.461140135929284,36.07220001982378,36.117923313040485,36.43592601292405,36.56052194407641,35.28794209804028,,,,35.487871433547156,36.48927558730572,"rgba(0, 255, 0, 1.0)",2.6921699944987574,35.37620856792669,3.266432450418343,69.66935783960388,11.488211490409967,True,False,True,False,True,14.129474266409389,0.0,0.0,0.0,0.0,0,1.0921580624640363,0.832232851692323,False,False,False,False,0.3428282457527319,0.32783627224729395,False,False,False,False,-50898,-406266.8193912846,False,False,False,False,45235.182544611445,False,False,False,False
2023-08-23 00:00:00+00:00,45.82,46.515,44.57,44.57,158740,,,,,,,,,,,,,,,,,,,,45.635,39.02419455173111,36.56662815171089,36.79974632282844,37.00758090134754,36.54112521190846,35.96510427611692,33.87926937747319,33.618517098629574,33.30753959141394,34.089329165520255,36.207635812458406,,,,,,,,,,,,,,,,,,,,,,39.79375711930237,36.52394748293943,36.49326626749096,36.72572726954531,36.77147216385204,35.47663828218351,,,,36.55347253842823,36.96413476421893,"rgba(0, 255, 0, 1.0)",2.8901103691634527,36.30825815256743,3.2911344663234288,73.65579402583019,14.982176784905974,True,False,True,False,True,16.73073430087434,0.0,0.0,0.0,0.0,0,1.100993225476783,0.8135914906810799,False,False,False,False,0.34282824716648164,0.3353322597068878,False,False,False,False,107842,-386105.6892190774,False,False,False,False,49686.35185658747,False,False,False,False
2023-08-24 00:00:00+00:00,45.07,46.43,44.4,46.43,56458,,,,,,,,,,,,,,,,,,,,45.547111497318745,39.2340008595488,36.684113297226986,36.89909203028697,37.08600253647488,36.60801824493844,36.028518578209926,33.93741888854709,33.670648800968436,33.35477651360473,34.123565820836745,36.23137700182779,,,,,,,,,,,,,,,,,,,,,,40.13499874314079,36.66896243081612,36.61508923471633,36.820733816727085,36.84140732066222,35.53994323586905,,,,36.61705367248246,37.10352246365527,"rgba(0, 255, 0, 1.0)",3.0418663782393907,36.39667616303608,2.851316513772696,74.39163948557636,15.555641927108468,True,False,True,False,True,14.94786777055441,0.0,0.0,0.0,0.0,0,1.0768661095844647,0.8239470451632743,False,False,False,False,0.3336137266403175,0.3344729931736027,False,False,False,False,51384,-368949.2308183293,False,False,False,False,49951.9066857409,False,False,False,False
2023-08-25 00:00:00+00:00,44.97,45.69,44.621,44.94,23552,,,,,,,,,,,,,,,,,,,,45.502380470506104,39.31459609537408,36.731042791541064,36.93885086790248,37.1174693554833,36.6349669858605,36.05413544197979,33.96106453385877,33.69187534645275,33.37403355741839,34.13752370928328,36.24101975600291,,,,,,,,,,,,,,,,,,,,,,40.259963883624934,36.72663737066505,36.663734512765146,36.858797887121426,36.869540160074045,35.565557776659396,,,,36.641579909305285,37.15737193181833,"rgba(0, 255, 0, 1.0)",3.179916441760183,36.43098144035272,2.6852965214773596,74.62293547975156,15.900343522321194,True,False,True,False,True,14.710642696454464,0.0,0.0,0.0,0.0,0,1.076555087603071,0.8425096712370905,False,False,False,False,0.31502511866260613,0.32474905591810443,False,False,False,False,27832,-353389.18255094386,False,False,False,False,48916.616227476545,False,False,False,False
2023-08-28 00:00:00+00:00,43.11,45.16,43.11,45.16,51310,,,,,,,,,,,,,,,,,,,,45.200059541704015,39.44489595996193,36.815871843548514,37.01054600277265,37.17413587668702,36.684153626236245,36.10148934111606,34.00625639672292,33.73260419604081,33.41113800730042,34.16421501675329,36.258879743008194,,,,,,,,,,,,,,,,,,,,,,40.443860821094475,36.83048430678335,36.75175062993416,36.9276180569084,36.92058424351649,35.61333723566749,,,,36.66702046265434,37.247939215650725,"rgba(0, 255, 0, 1.0)",3.256699678016529,36.47998962781493,2.0358064997331997,70.43727513252767,15.900343522321194,True,False,True,False,True,10.434146671315247,0.0,0.0,0.0,0.0,0,1.0510850463852224,0.8556482546429013,False,False,False,False,0.24380070971464343,0.2842748828163739,False,False,False,False,-23478,-340451.48911757354,False,False,False,False,49010.47441463433,False,False,False,False
2023-08-29 00:00:00+00:00,42.49,43.0,42.13,43.0,84420,,,,,,,,,,,,,,,,,,,,44.60039540340383,39.58628020197593,36.92680277715161,37.104093109232764,37.24804172679652,36.749614835712435,36.165660270955414,34.070306162475994,33.790645535469466,33.46431334905154,34.20213597429289,36.283223918523134,,,,,,,,,,,,,,,,,,,,,,40.609196596289635,36.96527019871056,36.86697780860603,37.01778656596333,36.9879283689814,35.678890821841215,,,,36.68262610542013,37.35434172673203,"rgba(0, 255, 255, 0.75)",3.219517797255828,36.53060155282127,1.8510220543766702,66.41010611006462,15.900343522321194,True,False,True,False,False,9.070998764118173,0.0,0.0,0.0,0.0,0,1.0291192023668088,0.8899294150534631,False,False,False,False,0.13854795826012448,0.21141142053824918,False,False,False,False,-107898,-331331.7444462961,False,False,False,False,50399.08326111926,False,False,False,False
2023-08-30 00:00:00+00:00,42.5,43.77,42.37,42.45,54303,,,,,,,,,,,,,,,,,,,,44.38251682241756,39.680298775672696,37.000100702597294,37.16627244990764,37.29750083573526,36.793382046289445,36.20843224450433,34.11263395015391,33.82901310805532,33.49946129123393,34.227334906890825,36.29962931747551,,,,,,,,,,,,,,,,,,,,,,40.71884711410836,37.05374370243252,36.9430022183759,37.07774946511934,37.03300173511082,35.72246352031525,,,,36.70804803757781,37.42480129257704,"rgba(0, 255, 255, 0.75)",3.160543247864487,36.573140727484926,1.8752659931230902,63.74003350550871,22.656169534540027,True,False,True,False,False,9.088307135137473,0.0,0.0,0.0,0.0,0,1.032556152095366,0.8858935937050357,False,False,False,False,0.17196398616349576,0.19168770335087248,False,False,False,False,-53595,-320440.1074091865,False,False,False,False,50552.178035193014,False,False,False,False
2023-08-31 00:00:00+00:00,43.83,44.31,42.5,42.5,59233,,,,,,,,,,,,,,,,,,,,44.28106541042371,39.7970480033673,37.08685700623924,37.240325558313145,37.356794521016575,36.84556721315653,36.259070667546474,34.161818861666234,33.87355180776096,33.540205727818964,34.25676018337591,36.31923486438649,,,,,,,,,,,,,,,,,,,,,,40.86033853767622,37.15798255866964,37.03283537542859,37.14912900649241,37.0869041759089,35.77376596807895,,,,36.75152498542263,37.51015927037579,"rgba(0, 255, 0, 1.0)",3.1877351501320765,36.63195750700645,2.258042827897831,63.82086825705929,22.533555725430816,True,False,True,False,False,11.355891592479868,0.0,0.0,0.0,0.0,0,1.0589418199436123,0.8626782555906443,False,False,False,False,0.1943382015891623,0.19301295247001737,False,False,False,False,5638,-307652.73064804194,False,False,False,False,50892.602425969766,False,False,False,False
2023-09-01 00:00:00+00:00,43.08,44.1,43.05,44.06,25863,,,,,,,,,,,,,,,,,,,,44.23722558682751,39.84406334922285,37.123234262557816,37.27143397319862,37.38176871448155,36.867641239130876,36.28055192362767,34.182823659580514,33.89259806751337,33.55765100984165,34.269361834964975,36.327600790711905,,,,,,,,,,,,,,,,,,,,,,40.91485029729576,37.20150277537863,37.07049036245749,37.179148594366865,37.10966885665319,35.795565681505316,,,,36.769662867638274,37.54520442794287,"rgba(0, 255, 0, 1.0)",3.1867624566250843,36.65639329213764,2.0157155719303987,62.235820368533496,20.697292341924765,True,False,True,False,False,9.679547831291998,0.0,0.0,0.0,0.0,0,1.0623314284382774,0.8631038721215406,False,False,False,False,0.2057648377899056,0.1993888951299615,False,False,False,False,-20225,-296381.05493635405,False,False,False,False,49911.04938965723,False,False,False,False
2023-09-05 00:00:00+00:00,43.19,43.27,42.4,43.0,23658,,,,,,,,,,,,,,,,,,,,44.180719108328056,39.880639322000405,37.15375482246598,37.29752011319967,37.40271689945151,36.88630330060604,36.29883761829046,34.20100746547526,33.90912122019915,33.57281787150974,34.28028437267149,36.334743870581555,,,,,,,,,,,,,,,,,,,,,,40.953952598094055,37.23789591051701,37.10209434682834,37.204363602942465,37.12885060944816,35.81420867497877,,,,36.78320549873161,37.5735609571348,"rgba(0, 255, 0, 1.0)",3.1781090587312106,36.6756580175137,2.049754071399616,61.34621582789731,19.472325420011117,True,False,True,False,False,9.868767271866997,0.0,0.0,0.0,0.0,0,1.0625868447435847,0.8708688285267029,False,False,False,False,0.15637105696399078,0.17787997604697614,False,False,False,False,3433,-284623.64101728133,False,False,False,False,48881.51804104322,False,False,False,False
2023-09-06 00:00:00+00:00,41.06,43.27,40.981,43.07,63746,,,,,,,,,,,,,,,,,,,,43.92517812078506,39.93869595687071,37.21796864431061,37.35217543149187,37.44652062136097,36.92632809917758,36.3389418850538,34.24305811045406,33.94755960711225,33.60831879708823,34.30558290731508,36.35048781052874,,,,,,,,,,,,,,,,,,,,,,40.99407407527334,37.31387225861477,37.16870459775005,37.25746380025294,37.16954273683007,35.85571741109359,,,,36.80006799929575,37.62656247996913,"rgba(38, 166, 154, 1.0)",3.125984529596952,36.707774890977404,1.3922733998890746,56.645441844737746,14.704666793113446,False,False,True,False,False,5.274112082617041,0.0,0.0,0.0,0.0,0,1.0267958673353943,0.8789817856846197,False,False,False,False,0.10971682370194442,0.14379839987446028,False,False,False,False,-60313,-275827.14529111347,False,False,False,False,49464.43890217879,False,False,False,False
2023-09-07 00:00:00+00:00,41.31,41.33,40.09,40.6,46785,,,,,,,,,,,,,,,,,,,,43.70750789423333,39.96011427809222,37.25527787983319,37.38379911179084,37.47182803779854,36.95014492149088,36.36340011081421,34.27013063085395,33.97245592325018,33.6314530678228,34.321914315897274,36.36015981778731,,,,,,,,,,,,,,,,,,,,,,40.99114715326098,37.357576643313664,37.20747847895133,37.28837531194202,37.19345642607895,35.88143754793019,,,,36.80401549913872,37.653245260246194,"rgba(38, 166, 154, 1.0)",3.104174504010938,36.722080569214505,1.4779837360487937,53.969071967858206,11.981012710367523,False,True,False,False,False,5.7232984446452235,0.0,0.0,0.0,0.0,0,1.0164326219257305,0.9182693277904469,False,False,False,False,0.017846275605919268,0.08082233774018976,False,False,False,False,-13528,-265540.9042993051,False,False,False,False,49359.36286679923,False,False,False,False
2023-09-08 00:00:00+00:00,40.37,41.25,39.8,41.25,43878,,,,,,,,,,,,,,,,,,,,43.502420920129616,39.97051307714792,37.28549047729293,37.40934116013758,37.49225710218147,36.96978973770773,36.38392161703143,34.29366525996257,33.994184523231326,33.65172336058431,34.336147387144905,36.36832662481581,,,,,,,,,,,,,,,,,,,,,,40.97477485914239,37.392689933002664,37.238916374776686,37.313455809910735,37.21300537279481,35.903248679102326,,,,36.8048151039473,37.6726818381216,"rgba(38, 166, 154, 1.0)",3.0588618680692554,36.731811965073966,1.1893927192019444,50.61055343517378,8.646980558485438,False,True,False,False,False,3.776193894824228,0.0,0.0,0.0,0.0,0,0.9926675887293651,0.932283025324136,False,False,False,False,0.0058943639720929804,0.04335835085614137,False,False,False,False,-57406,-257378.75118952847,False,False,False,False,49144.40746025809,False,False,False,False
2023-09-11 00:00:00+00:00,41.12,41.3,40.2136,40.5,37282,,,,,,,,,,,,,,,,,,,,43.36823979752104,39.985869715663334,37.31392055506852,37.43353584384061,37.51172388907001,36.988217597529065,36.40290685241028,34.314822018170204,34.01367853950756,33.66986813692266,34.348982941344346,36.37592162572745,,,,,,,,,,,,,,,,,,,,,,40.97223952395889,37.42574563429897,37.26843848345034,37.33714643030663,37.23147175829287,35.92324495160818,,,,36.81064062606459,37.69304779698598,"rgba(38, 166, 154, 1.0)",2.992751152277729,36.744484378085644,1.4620379040149152,49.840815602317804,7.735157889388212,False,True,False,False,False,5.147949878537162,0.0,0.0,0.0,0.0,0,0.9898477449174051,0.936476546623628,False,False,False,False,0.020870459587676398,0.032114405221908886,False,False,False,False,-20124,-248074.64329974304,False,False,False,False,48679.215010836204,False,False,False,False
2023-09-12 00:00:00+00:00,40.38,41.51,40.37,41.07,31165,,,,,,,,,,,,,,,,,,,,43.26106684885317,39.996576131116186,37.33652453145315,37.452781359921254,37.527230025513354,37.00300015503188,36.4182162108955,34.33206984707713,34.029595466294,33.68470520580002,34.359470007291876,36.382075801632006,,,,,,,,,,,,,,,,,,,,,,40.967554569851856,37.45192079129685,37.29191283164464,37.3560216492518,37.24624375300016,35.93942036817368,,,,36.81527596590662,37.7088456605365,"rgba(38, 166, 154, 1.0)",2.913656957307275,36.75450467870098,1.2443109722325059,48.06269893272865,5.787260298011994,False,True,False,True,False,3.6233784814725887,0.0,0.0,0.0,0.0,0,0.9896552615925724,0.9372131849438081,False,False,False,False,0.032712908385691686,0.03241365680380029,False,False,False,False,-51289,-240357.55924877274,False,False,False,False,47992.383049626944,False,False,False,False
2023-09-13 00:00:00+00:00,39.74,40.56,39.61,40.46,33167,,,,,,,,,,,,,,,,,,,,43.123516047179805,39.99618733963932,37.354815718934134,37.46821636498047,37.53960257694321,37.01534589010083,36.43146839003549,34.348097551958,34.04448861283512,33.69868497575758,34.36923036386514,36.38743605749435,,,,,,,,,,,,,,,,,,,,,,40.94533977572962,37.472825672602774,37.31097469680801,37.371302417059944,37.25834805818326,35.953734396806055,,,,36.81475749081029,37.718754169531614,"rgba(38, 166, 154, 1.0)",2.811095724298872,36.75949507039864,1.0602644740405418,45.845534708584395,3.422385192269765,False,True,False,True,False,2.3253053169578344,0.0,0.0,0.0,0.0,0,0.9786105775718267,0.9481773053921444,False,False,False,False,-0.022531341301752387,0.004941157751023951,False,False,False,False,-84456,-234243.77261156598,False,False,False,False,47410.99547905334,False,False,False,False
2023-09-14 00:00:00+00:00,41.22,41.54,39.8201,40.33,44594,,,,,,,,,,,,,,,,,,,,43.00308740501945,40.012851064050054,37.3872467649111,37.49595101501702,37.56206175416068,37.03673574169724,36.45357391285952,34.372893182995796,34.06738567527708,33.720037173855985,34.384376987272994,36.396402100297145,,,,,,,,,,,,,,,,,,,,,,40.942859813454135,37.51021688679875,37.344617151084556,37.39850942383305,37.279740502647186,35.97705017102807,,,,36.824383564784505,37.742165658140955,"rgba(0, 255, 255, 0.75)",2.7329156261802257,36.775880652744476,1.6261458292684405,47.30303966259318,3.422385192269765,False,True,False,True,False,5.050440915907561,0.0,0.0,0.0,0.0,0,0.9848702409057306,0.936339397607215,False,False,False,False,0.01591110184229679,0.010426129796660369,False,False,False,False,-39862,-226620.9579993477,False,False,False,False,47300.52506811007,False,False,False,False
2023-09-15 00:00:00+00:00,41.33,41.5,40.38,41.06,45448,,,,,,,,,,,,,,,,,,,,42.903659205011614,40.033233452472004,37.42164855051376,37.52548927598367,37.58607805840783,37.0594755212601,36.47693958496533,34.3987817820749,34.09127992082122,33.74230375782131,34.40023928152108,36.405931034389894,,,,,,,,,,,,,,,,,,,,,,40.9465183223218,37.54982014752317,37.38026294245773,37.42745991771834,37.30254607359641,36.00159755825679,,,,36.837088285436884,37.768034160312375,"rgba(0, 255, 255, 0.75)",2.6620647814997183,36.79500197587819,1.7035641114514646,48.47616337812629,3.422385192269765,False,True,False,True,False,5.248804274159195,0.0,0.0,0.0,0.0,0,1.0142348498574933,0.9252221004708042,False,False,False,False,0.032712908385691686,0.021569519091176027,False,False,False,False,5586,-217514.80278368705,False,False,False,False,47227.87702622341,False,False,False,False
2023-09-18 00:00:00+00:00,41.86,42.36,41.18,41.18,25883,,,,,,,,,,,,,,,,,,,,42.872250208487955,40.05242257686131,37.44481793605197,37.54551422112266,37.602444359438486,37.074648245040215,36.49223930772741,34.41503986429088,34.10623098460212,33.75618187437916,34.4102244455117,36.41218715792534,,,,,,,,,,,,,,,,,,,,,,40.96027950801766,37.57657925300257,37.40421668966503,37.447007870316234,37.31790471941869,36.01747035954189,,,,36.848683431786604,37.787243066660345,"rgba(0, 255, 255, 0.75)",2.6293413692474936,36.81006211377113,1.920609451968627,50.24922606313387,3.422385192269765,False,True,False,False,True,6.207922197223116,0.0,0.0,0.0,0.0,0,1.0259946350981137,0.9064413103158666,False,False,False,False,0.08653046286211476,0.054049990976645396,False,False,False,False,31469,-207750.73208628755,False,False,False,False,46390.823025195044,False,False,False,False
2023-09-19 00:00:00+00:00,41.14,41.91,40.55,41.66,26186,,,,,,,,,,,,,,,,,,,,42.82545005762354,40.06489544718875,37.46481519829281,37.56275322797505,37.616525018291064,37.08796347504827,36.50588922600532,34.430085268368224,34.12012315408005,33.76913020684489,34.419481120302464,36.4177985580611,,,,,,,,,,,,,,,,,,,,,,40.96412714567726,37.599513265750005,37.4249161101777,37.46390604589787,37.33127095366225,36.03178368211428,,,,36.85707582984013,37.802586200546564,"rgba(0, 255, 255, 0.75)",2.598262413146105,36.82186870948776,1.661930399587174,49.94556883031479,3.422385192269765,False,True,False,False,True,4.68895281220658,0.0,0.0,0.0,0.0,0,1.0178084963297318,0.9189990539369902,False,False,False,False,0.05147923789416832,0.05276461443540686,False,False,False,False,5283,-199396.46808290374,False,False,False,False,45598.47702420701,False,False,False,False
2023-09-20 00:00:00+00:00,40.81,41.85,40.67,41.43,16144,,,,,,,,,,,,,,,,,,,,42.796353830173594,40.0718518660625,37.476743471889456,37.57303950368255,37.624934483712906,37.09595100210632,36.514104608593456,34.43920487579981,34.128552240525586,33.776994181468886,34.42509982877634,36.421186523840085,,,,,,,,,,,,,,,,,,,,,,40.965556464463646,37.6131584442978,37.437263878919424,37.47399922818324,37.339275002372645,36.04041571323867,,,,36.862001368052624,37.8116114552459,"rgba(0, 255, 255, 0.75)",2.5562452193836727,36.828845569609726,1.5574227387113349,49.08369647269749,3.422385192269765,False,True,False,False,True,3.9978837560940796,0.0,0.0,0.0,0.0,0,1.0157774943951372,0.9214523028630653,False,False,False,False,0.05342242630130648,0.05309352036835667,False,False,False,False,-10861,-192002.92031494674,False,False,False,False,44443.39949384595,False,False,False,False
2023-09-21 00:00:00+00:00,39.36,40.52,39.18,40.42,25579,,,,,,,,,,,,,,,,,,,,42.71497141125621,40.06783199807642,37.48814234002065,37.58270617056413,37.63276809751756,37.1040773254632,36.52304874613463,34.45053118759673,34.1391516551953,33.78700786566909,34.432091592011936,36.42491803949216,,,,,,,,,,,,,,,,,,,,,,40.946005436020585,37.6258502555196,37.44914291429027,37.483661698014,37.34712675921649,36.05020954602573,,,,36.862270535749836,37.81699943484778,"rgba(38, 166, 154, 1.0)",2.507186427807882,36.83226398531643,1.0081962739777808,45.94632029162729,2.0784157989049135,False,True,False,True,False,1.0412301419149053,0.0,0.0,0.0,0.0,0,0.9975944234748066,0.9370661017356638,False,False,False,False,-0.037725254288973824,0.007684133039691423,False,False,False,False,-36440,-185902.41363592923,False,False,False,False,43703.619121538264,False,False,False,False
2023-09-22 00:00:00+00:00,39.01,40.1512,39.0,39.4,27289,,,,,,,,,,,,,,,,,,,,42.624579523889636,40.06033590396235,37.49853467066561,37.59146733568618,37.63985050003918,37.111691650171124,36.53163698021075,34.461872586769246,34.14980687899485,33.79711301520344,34.439106175751405,36.4285248223423,,,,,,,,,,,,,,,,,,,,,,40.920987952738216,37.63727661398682,37.46000003676253,37.49248820079168,37.35438039420057,36.05974420316465,,,,36.86121000364051,37.82081290027408,"rgba(38, 166, 154, 0.5)",2.472417119827211,36.83441613659859,0.8799420801427921,43.308290392285386,-0.6101068120602307,False,True,False,True,False,0.3466491407806984,0.0,0.0,0.0,0.0,0,0.994973575738781,0.9597814273551762,False,False,False,False,-0.055489132382170216,-0.023902499671239398,False,False,False,False,-63729,-181111.29937569672,False,False,False,False,43059.90856775245,False,False,False,False
2023-09-25 00:00:00+00:00,38.94,39.13,38.5,38.78,7292,,,,,,,,,,,,,,,,,,,,42.59742903049319,40.056804659186156,37.50051789421887,37.59310676776385,37.64116177221914,37.11324542785727,36.53349850073269,34.46456893144663,34.15235917195686,33.799551455035264,34.44077664204767,36.42931460021255,,,,,,,,,,,,,,,,,,,,,,40.912173557179756,37.63938691572861,37.46208779483237,37.49417650179368,37.35580645357105,36.06187811004875,,,,36.86019457109751,37.82091822219237,"rgba(38, 166, 154, 0.5)",2.4414129124360096,36.83423060694108,0.862520789634807,41.43539176140701,-2.5309283510941682,False,True,False,True,False,0.20645405255029559,0.0,0.0,0.0,0.0,0,0.9803427103792994,0.9772851362586068,False,False,False,False,-0.10494685098936979,-0.06442467533030459,False,False,False,False,-71021,-176794.03273351255,False,False,False,False,41657.24548666412,False,False,False,False
2023-09-26 00:00:00+00:00,37.98,38.8,37.25,38.52,44845,,,,,,,,,,,,,,,,,,,,42.402766500570905,40.02053038996897,37.50505253878717,37.596402709517236,37.6435900729797,37.11812935196257,36.54073298245713,34.477896094657204,34.16518078170834,33.81199402978913,34.449057732217426,36.432470155979715,,,,,,,,,,,,,,,,,,,,,,40.83791459037873,37.6432898586358,37.46707884057843,37.49807281846332,37.359603365830075,36.07097610240146,,,,36.84698361171629,37.81282259604797,#000000,2.4190189955643535,36.825827078341405,0.47712437305161604,38.68363692070971,-5.2542523048274745,False,True,False,True,False,0.0,0.0,0.0,0.0,0.0,0,0.9582363836314175,0.9774251895583728,False,False,False,False,-0.1568675076864855,-0.11064609150839505,False,False,False,False,-115866,-174404.69811651207,False,False,False,False,41782.255467579256,False,False,False,False
2023-09-27 00:00:00+00:00,37.74,38.505,37.24,38.07,23651,,,,,,,,,,,,,,,,,,,,42.30263431855183,40.000230345809385,37.506562952297,37.59736574260123,37.644229314972556,37.12016343299668,36.54405169231699,34.48452505648837,34.17159067268553,33.81824390623429,34.45318765364886,36.43393824280938,,,,,,,,,,,,,,,,,,,,,37.82833333333333,40.7978421655668,37.644311916070016,37.46880606151883,37.499383262828296,37.361033758157035,36.07529384372531,,,,36.83972694428434,37.81071490588566,#000000,2.386186131099694,37.02143654770768,0.3011347031680074,36.496816620112234,-7.407485874829682,False,True,False,True,False,0.0,0.0,0.0,0.0,0.0,0,0.9552055652775079,0.9802305903025329,False,False,False,False,-0.1669788764234141,-0.13881248396590457,False,False,False,False,-139517,-173036.55309233512,False,False,False,False,41071.22584139968,False,False,False,False
2023-09-28 00:00:00+00:00,39.37,39.76,37.61,37.65,21510,,,,,,,,,,,,,,,,,,,,42.23647722129512,39.99115309290038,37.5125153039661,37.6023166207926,37.64821057244203,37.12482216476977,36.54959257487878,34.492480072049986,34.17912481678493,33.82544452057097,34.4581395970652,36.43630759877432,,,,,,,,,,,,,,,,,,,,,38.34511440549738,40.77529452637246,37.65065477764769,37.4750601916079,37.5044674611789,37.36533006436704,36.081621407624596,,,,36.83804867969085,37.88536326204228,"rgba(38, 166, 154, 0.5)",2.3711031529991344,37.04735120451241,0.9795646353680318,39.388358157218434,-7.407485874829682,False,True,False,True,True,1.1197976471351403,0.0,0.0,0.0,0.0,0,0.9671021995001461,0.9624027171552473,False,False,False,False,-0.11344478409880852,-0.12612863403235655,False,False,False,False,-118007,-170878.53140243964,False,False,False,False,40304.11894565852,False,False,False,False
2023-09-29 00:00:00+00:00,40.52,40.72,39.1,39.79,33173,,,,,,,,,,,,,,,,,,,,42.17443184930563,39.992706743755974,37.52937675383808,37.61680161991358,37.660079456227855,37.136748550784,36.56239962646993,34.508007494008325,34.19363056653988,33.839119333868055,34.46780623526161,36.44171870432761,,,,,,,,,,,,,,,,,,,,,39.09392241342627,40.76330121431943,37.66949272149429,37.49255926634844,37.51885487775792,37.3770097587512,36.09543673560353,,,,36.84356891119171,38.001510998243006,"rgba(38, 166, 154, 1.0)",2.3614840577389535,37.09286920009115,1.451261459368149,43.68867498245636,-12.754325631561699,False,True,False,True,True,3.3219323000018157,0.0,0.0,0.0,0.0,0,1.0004215988324956,0.9310481454586476,False,False,False,False,-0.03384458083463243,-0.07998660743349449,False,False,False,False,-84834,-167504.23605332436,False,False,False,False,40024.46722229936,False,False,False,False
2023-10-02 00:00:00+00:00,39.36,40.56,38.96,40.56,20505,,,,,,,,,,,,,,,,,,,,42.12922653781667,39.9898520740357,37.537747834730745,37.62394271779764,37.665914834048266,37.1428754972006,36.5691913662377,34.51673293529163,34.20182727122945,33.846889006292805,34.47325123865403,36.444613192870285,,,,,,,,,,,,,,,,,,,,,39.20444478731405,40.750712950882416,37.67870318751267,37.501273109021604,37.52601565229757,37.38290451805062,36.10290042952808,,,,36.8451720421838,38.02099351922958,"rgba(38, 166, 154, 0.5)",2.352393245608026,37.101521162750856,0.9600770795723788,44.361006690981085,-12.13428691393316,False,True,False,True,True,0.9905710375860117,0.0,0.0,0.0,0.0,0,0.9863134596183522,0.945816605106793,False,False,False,False,-0.04354843129782809,-0.061767519365661286,False,False,False,False,-105339,-165066.38365907635,False,False,False,False,39258.9979194641,False,False,False,False
2023-10-03 00:00:00+00:00,37.58,39.42,37.58,39.12,23176,,,,,,,,,,,,,,,,,,,,42.051846530515306,39.97415472544044,37.540692095625694,37.62622015565712,37.667677766800615,37.14578896452966,36.573249912619126,34.52380295108341,34.208622002281736,33.85347410825624,34.4776838313332,36.44640760684592,,,,,,,,,,,,,,,,,,,,,39.01239037550029,40.71909627074667,37.68142602809455,37.50445229826324,37.52856820729047,37.385297608192246,36.10788246134009,,,,36.84080172091571,37.99130189277537,#000000,2.357482838396414,37.08920826539857,0.2081846478828546,42.13888946824997,-12.13428691393316,False,True,False,True,True,0.0,0.0,0.0,0.0,0.0,0,0.9613415783355458,0.9708338778795029,False,False,False,False,-0.12556649206724022,-0.09366700571645076,False,False,False,False,-128515,-163632.99606460278,False,False,False,False,38628.2921187008,False,False,False,False
2023-10-04 00:00:00+00:00,39.05,39.07,37.53,37.53,26879,,,,,,,,,,,,,,,,,,,,41.97377981411845,39.959867513750744,37.54592194346431,37.63048564997067,37.671085000237525,37.150291361621306,36.57896227941068,34.53276229297073,34.217176236313136,33.86171202290734,34.48330364185073,36.448908078922635,,,,,,,,,,,,,,,,,,,,,38.92891763043956,40.688434888986,37.68672329237664,37.50999323612521,37.53307953202066,37.389272716821864,36.11461397448914,,,,36.837854652961525,37.97871932446559,"rgba(38, 166, 154, 0.5)",2.350804562291466,37.083925513813355,0.8363411053916769,43.51010057000629,-12.13428691393316,False,True,False,True,True,0.405843520544213,0.0,0.0,0.0,0.0,0,0.9730015633501149,0.9780979469838363,False,False,False,False,-0.1387125759458374,-0.11618979083114409,False,False,False,False,-101636,-161201.7413169713,False,False,False,False,38167.535565026265,False,False,False,False
2023-10-05 00:00:00+00:00,38.91,39.1,38.5,39.1,29144,,,,,,,,,,,,,,,,,,,,41.8997405111627,39.947781438973955,37.55313316171191,37.6364943502429,37.67594502853186,37.156133804483105,36.586014222592425,34.54312165842306,34.22702443490262,33.87115568773107,34.489807810202265,36.451981538542476,,,,,,,,,,,,,,,,,,,,,38.91381657286647,40.66048180293346,37.694277604363904,37.517572920827156,37.53929245585494,37.39460916948875,36.122725129007826,,,,36.83652780395836,37.977539379334644,"rgba(38, 166, 154, 0.5)",2.3464626395745576,37.08374478323859,0.7783014252860747,44.20553912716572,-12.13428691393316,False,True,False,True,True,0.14171495178612759,0.0,0.0,0.0,0.0,0,0.993491964654274,0.9714533586135973,False,False,False,False,-0.1059265883460403,-0.11105818958859219,False,False,False,False,-130780,-160008.73185356066,False,False,False,False,37813.67142522131,False,False,False,False
2023-10-06 00:00:00+00:00,40.09,40.44,38.44,38.67,29352,,,,,,,,,,,,,,,,,,,,41.84766158164652,39.94466039828743,37.564902971466594,37.64657924887903,37.6842280374663,37.164828385005784,36.59564357042332,34.55548766986954,34.23865741562942,33.882195259182915,34.49757080022714,36.45613058563263,,,,,,,,,,,,,,,,,,,,,39.01895248083322,40.64544925882294,37.70717577778614,37.52981101147253,37.549407376536905,37.402977685100865,36.13329896710085,,,,36.83987882697639,37.99815322252192,"rgba(38, 166, 154, 1.0)",2.33258372772493,37.094199685219834,1.2843270229369657,46.77696936390552,-9.505298984027036,False,True,False,True,True,2.3309273036343185,0.0,0.0,0.0,0.0,0,0.9922590542529592,0.9451306396887593,False,False,False,False,-0.06427972702442819,-0.0876689583065102,False,False,False,False,-101428,-157711.44825146027,False,False,False,False,37481.84117325185,False,False,False,False
2023-10-09 00:00:00+00:00,39.93,40.1493,39.12,39.81,8925,,,,,,,,,,,,,,,,,,,,41.83283796740593,39.943972971217896,37.56858554159816,37.64974165487414,37.68682998269703,37.1675408779723,36.598632395671,34.55929208927162,34.242234515988635,33.88558801137346,34.499961555819745,36.457420126105966,,,,,,,,,,,,,,,,,,,,,39.04841768948063,40.64131367043215,37.71121659987973,37.53363724071655,37.552574729861426,37.40559590290144,36.13657107321406,,,,36.84105314083299,38.00418955806942,"rgba(38, 166, 154, 1.0)",2.3071668597912915,37.09739498207984,1.227741723967203,48.19633754112426,-7.983977534786533,False,True,False,False,True,2.0192828612052267,0.0,0.0,0.0,0.0,0,0.9991702883144565,0.9497561945363281,False,False,False,False,-0.0516638303434349,-0.06966639432497254,False,False,False,False,-110353,-155854.25420238342,False,False,False,False,36361.965048810605,False,False,False,False
2023-10-10 00:00:00+00:00,40.4,40.9599,39.75,39.78,23583,,,,,,,,,,,,,,,,,,,,41.80623318989429,39.94759935181813,37.58110168690648,37.66059228009878,37.695803486728245,37.176453125848056,36.608101673336236,34.57055197152163,34.252757807966034,33.895508278857264,34.50703580239957,36.46148419988745,,,,,,,,,,,,,,,,,,,,,39.17833160926728,40.63810207246665,37.725155612481274,37.546592876421755,37.56333149767825,37.4143712209759,36.14671454713368,,,,36.84693523793851,38.03037134806068,"rgba(38, 166, 154, 1.0)",2.29037911020616,37.111207649814126,1.4359161483488398,49.99439978175038,-6.0932775120888465,False,False,False,False,True,2.8903494560580363,0.0,0.0,0.0,0.0,0,1.0005472898180774,0.944173695248729,False,False,False,False,-0.0050901376714082985,-0.03737826599819042,False,False,False,False,-86770,-153145.06776307427,False,False,False,False,35860.829164543524,False,False,False,False
2023-10-11 00:00:00+00:00,40.51,40.81,40.3,40.5,24057,,,,,,,,,,,,,,,,,,,,41.783169631113054,39.9526993859558,37.594526121127586,37.67226123437715,37.70547383583144,37.185974878835715,36.61814680362385,34.58232874299216,34.26375278447301,33.90586165412978,34.51444346676776,36.465801246083274,,,,,,,,,,,,,,,,,,,,,39.30243479532497,40.63693175247044,37.74012951002772,37.56047613277513,37.57487982922076,37.42378146032742,36.15742652056971,,,,36.85370331544255,38.0565800001023,"rgba(38, 166, 154, 1.0)",2.2693330607341085,37.12561186950929,1.4913580509843218,51.39820476906509,-4.5730223335606865,False,False,False,False,True,3.095309499854256,0.0,0.0,0.0,0.0,0,1.0147198724527704,0.9488908362926309,False,False,False,False,0.007832307569208908,-0.014772979214490757,False,False,False,False,-62713,-149598.71216452235,False,False,False,False,35397.933903188874,False,False,False,False
2023-10-12 00:00:00+00:00,40.63,41.4,40.13,40.53,24836,,,,,,,,,,,,,,,,,,,,41.76354666358505,39.95945897643993,37.609097228944975,37.68495918087505,37.71601819120096,37.19627309141368,36.628937007351496,34.59480407865907,34.275387910190304,33.91680558286541,34.522299825294425,36.4704449891795,,,,,,,,,,,,,,,,,,,,,39.424345275302905,40.637942367169686,37.75640520242007,37.575532246396286,37.5874265495469,37.43399489205425,36.168882659732766,,,,36.86150272716666,38.083504170374695,"rgba(0, 255, 255, 0.75)",2.2653175661871283,37.140953828492606,1.5402017905065684,52.57312482639022,-3.249276673152586,False,False,True,False,True,3.3220993304209223,0.0,0.0,0.0,0.0,0,1.0335458462718143,0.9382603633534288,False,False,False,False,0.021400375712537046,0.0033136982490231445,False,False,False,False,-37877,-145217.46855022735,False,False,False,False,34983.74041678931,False,False,False,False
2023-10-13 00:00:00+00:00,40.68,40.69,40.2625,40.38,30610,,,,,,,,,,,,,,,,,,,,41.73642513171941,39.965739347663146,37.62586550766414,37.69956610333767,37.72815813347169,37.208253967463804,36.64158969211125,34.60967076330891,34.28928078102113,33.92989818009866,34.531681411221946,36.475918167030336,,,,,,,,,,,,,,,,,,,,,39.531664077653694,40.63655701922371,37.7750460491438,37.59286575234723,37.60189285855666,37.44582711602238,36.18238081522367,,,,36.87017059884268,38.10946195545302,"rgba(0, 255, 255, 0.75)",2.267305318082615,37.156713532854425,1.5539532497216129,53.46348508205941,-2.1680286172164784,False,False,True,False,True,3.4180907282244313,0.0,0.0,0.0,0.0,0,1.0325706889374178,0.9384760088829153,False,False,False,False,0.002745293583841964,0.003029495916432554,False,False,False,False,-7267,-139807.64625414,False,False,False,False,34812.22118475836,False,False,False,False
2023-10-16 00:00:00+00:00,40.2,40.77,40.18,40.63,17899,,,,,,,,,,,,,,,,,,,,41.7190528896604,39.96834578336178,37.63504666802586,37.70755943628213,37.73480603087516,37.214884205311535,36.648647096536614,34.61809491932367,34.297167897361845,33.937344473830244,34.53700731825062,36.47898550863731,,,,,,,,,,,,,,,,,,,,,39.57685834983695,40.63438830259934,37.78520470182533,37.602360684183786,37.60982771496868,37.45234732011952,36.18994563581691,,,,36.874745185621435,38.1215618156215,"rgba(38, 166, 154, 1.0)",2.2647863531082857,37.16452701924676,1.3402910948254492,52.768236937904575,-2.1680286172164784,False,False,True,False,True,2.402665122635554,0.0,0.0,0.0,0.0,0,1.0338325761301062,0.9379217602860409,False,False,False,False,0.002664549171942565,0.0028470225441875594,False,False,False,False,-25166,-135311.89542064432,False,False,False,False,34148.95760888548,False,False,False,False
2023-10-17 00:00:00+00:00,40.45,40.66,39.37,40.04,14880,,,,,,,,,,,,,,,,,,,,41.7025882289094,39.96933510539404,37.64201636962833,37.71361677292753,37.739843457657344,37.21998805388582,36.65414426669372,34.62480892621899,34.30346914649543,33.94330772012738,34.541258682315664,36.481386170262105,,,,,,,,,,,,,,,,,,,,,39.601496738599586,40.6310345930395,37.79286908359148,37.60957510667326,37.61586142213443,37.4573344292094,36.19587996754159,,,,36.87798024170965,38.12915019154132,"rgba(38, 166, 154, 1.0)",2.2666365922753795,37.16978755741868,1.4471717494371068,52.92956342396219,-2.1680286172164784,False,False,True,False,True,2.8988536423636475,0.0,0.0,0.0,0.0,0,1.0201140917635492,0.9312942063086201,False,False,False,False,-0.02705578311039032,-0.012104380283101379,False,False,False,False,-10286,-130408.91912963866,False,False,False,False,33393.3122124586,False,False,False,False
2023-10-18 00:00:00+00:00,40.16,40.41,39.81,40.02,16609,,,,,,,,,,,,,,,,,,,,41.68422801848193,39.970236428619714,37.64964823360991,37.72025106227777,37.74536445244249,37.22559974434316,36.66020174773662,34.63223887335998,34.310446658197066,33.949914771721865,34.54596834582384,36.48403783673459,,,,,,,,,,,,,,,,,,,,,39.62514860276925,40.62708578588223,37.801246170065916,37.61747527990633,37.62247479277363,37.46281098051178,36.202427405591095,,,,36.881511347779075,38.13695271678575,"rgba(38, 166, 154, 1.0)",2.2639023313221953,37.17537082071913,1.3183559811689145,52.2048587000518,-2.1680286172164784,False,False,True,False,True,2.273695874154434,0.0,0.0,0.0,0.0,0,1.056953174024634,0.9308704202613538,False,False,False,False,-0.020915702330651268,-0.016510041306876323,False,False,False,False,-26895,-126349.54975200577,False,False,False,False,32735.103890401402,False,False,False,False
2023-10-19 00:00:00+00:00,40.17,40.34,39.81,39.91,15037,,,,,,,,,,,,,,,,,,,,41.66776194003709,39.97094038601017,37.6564619716303,37.72617638807062,37.75029911922895,37.2306267493311,36.66563616829179,34.63892388484637,34.31672768654423,33.95586498700279,34.550210149970276,36.486422041641994,,,,,,,,,,,,,,,,,,,,,39.64401284627236,40.623422912443345,37.80871390037055,37.624528400115054,37.628384667469945,37.46771276313229,36.208306245366174,,,,36.88467095605048,38.14358310502424,"rgba(38, 166, 154, 1.0)",2.2628140656041102,37.18024684456959,1.3212544507638238,51.75086293835335,-2.1680286172164784,False,False,False,False,True,2.294226556835884,0.0,0.0,0.0,0.0,0,1.0561813412153775,0.9159421215609816,False,False,False,False,-0.05568934757264856,-0.03609969443976244,False,False,False,False,-11858,-121859.68505584868,False,False,False,False,32041.06060058174,False,False,False,False
2023-10-20 00:00:00+00:00,39.48,40.1527,39.212,39.88,22505,,,,,,,,,,,,,,,,,,,,41.63618648544592,39.96821196179944,37.664556767140894,37.73316903343783,37.756112834264236,37.236836829038054,36.672579807261286,34.64800139071163,34.32530647600256,33.964038589253796,34.55598574074909,36.48950056947737,,,,,,,,,,,,,,,,,,,,,39.64240040566271,40.61291003993909,37.81742791824314,37.632933389080996,37.63543256069538,37.473654324927146,36.21596601567197,,,,36.88754054038184,38.14724637917435,"rgba(38, 166, 154, 1.0)",2.2450211179007047,37.18414405613597,1.022643362041448,49.43578860828063,-2.1680286172164784,False,False,False,False,False,0.7878468488216939,0.0,0.0,0.0,0.0,0,1.0472641784398058,0.9414102319415657,False,False,False,False,-0.08938648218546053,-0.06274308831261148,False,False,False,False,-34363,-118428.44250463892,False,False,False,False,31667.097439774614,False,False,False,False
2023-10-23 00:00:00+00:00,39.69,40.2,38.54,39.18,20985,,,,,,,,,,,,,,,,,,,,41.60565186907849,39.96472446478961,37.671514054300346,37.739167326746255,37.761100590974586,37.2422634894405,36.67872227017135,34.65620126468369,34.33307246167978,33.97145297635364,34.56121255614039,36.49223899541436,,,,,,,,,,,,,,,,,,,,,39.6342614113053,40.601972088378005,37.82485888663996,37.640164821082664,37.64150372493229,37.47880928303898,36.22278825071872,,,,36.88977685998108,38.14919406658514,"rgba(38, 166, 154, 1.0)",2.226634822019754,37.186973212251466,1.1241299035636503,48.59582437928212,-2.1680286172164784,False,False,False,False,False,1.2343103251832943,0.0,0.0,0.0,0.0,1,1.0242572617861316,0.9327782341191969,False,False,False,False,-0.1309351946370356,-0.09683914147482353,False,False,False,False,-13378,-114308.81730837858,False,False,False,False,31248.19165782267,False,False,False,False
2023-10-24 00:00:00+00:00,41.4,41.63,39.35,39.61,35733,,,,,,,,,,,,,,,,,,,,41.58655379007446,39.974615574453765,37.69179058610535,37.75695514588054,37.77599493980651,37.25685328936593,36.69401283262087,34.67389632514669,34.34961384401098,33.9870408786711,34.57246439526174,36.498942527587765,,,,,,,,,,,,,,,,,,,,,39.72370576166526,40.60505824524869,37.84732515729585,37.66108392389161,37.65910137232521,37.49327114279224,36.23901381279027,,,,36.90156117741548,38.175508488001306,"rgba(0, 255, 255, 0.75)",2.224949413333302,37.20499815216027,1.8854369554204813,52.54974681935249,-1.794252568310668,False,False,True,False,True,4.746127608630076,0.0,0.0,0.0,0.0,1,1.0380872189501489,0.9258191877060716,False,False,False,False,-0.08587266061312257,-0.09135590104397305,False,False,False,False,22355,-108949.45192373628,False,False,False,False,31424.066494770803,False,False,False,False
2023-10-25 00:00:00+00:00,38.29,41.56,38.05,41.56,27158,,,,,,,,,,,,,,,,,,,,41.54641342547136,39.96855019792833,37.69969042479451,37.76375530019239,37.78166327324799,37.26321338956901,36.70135239837337,34.68401164432241,34.35922874456185,33.99625162440383,34.578942608471095,36.502256591775094,,,,,,,,,,,,,,,,,,,,,39.70023200246699,40.58925554427516,37.85563329041514,37.6693062855486,37.66603503843528,37.49924268440914,36.24725047451564,,,,36.90377746859261,38.17527933143799,#000000,2.221829519655981,37.20723776887141,0.4873291229365974,48.37614547504239,-1.794252568310668,False,True,False,False,False,0.0,0.0,0.0,0.0,0.0,1,1.0011508938934353,0.9352461951531487,False,False,False,False,-0.165195745343301,-0.12827582319363703,False,False,False,False,-4803,-104865.27733849174,False,False,False,False,31256.769769485672,False,False,False,False
2023-10-26 00:00:00+00:00,37.63,39.135,37.33,38.1,19875,,,,,,,,,,,,,,,,,,,,41.50183144661675,39.955889254607605,37.700879566310626,37.764616576102895,37.78234191991538,37.26496002788201,36.70408872209111,34.689359995044036,34.364441323797216,34.001364970981385,34.58240165453423,36.50357970289651,,,,,,,,,,,,,,,,,,,,,39.6352174831367,40.566790362582246,37.85636700215696,37.670631842244944,37.66716221865329,37.500527412543434,36.25075751661198,,,,36.90131293006498,38.16392197684708,#000000,2.2159099406034484,37.202302188085525,0.1930122718787047,44.618205002799954,-0.3401190190944803,False,True,False,True,False,0.0,0.0,0.0,0.0,0.0,1,0.9841618434874313,0.9800898056878777,False,False,False,False,-0.30844540576457113,-0.2183606144791041,False,False,False,False,-24678,-101720.67822717833,False,False,False,False,30810.425856956823,False,False,False,False
2023-10-27 00:00:00+00:00,37.26,37.95,37.0,37.64,12322,,,,,,,,,,,,,,,,,,,,41.46985264326024,39.9455864511784,37.70022025326541,37.76389794117213,37.78170513810286,37.265154743299114,36.704979281609916,34.69204551801043,34.36711313359873,34.00403539557579,34.584152675913465,36.504062025014065,,,,,,,,,,,,,,,,,,,,37.403333333333336,39.58257378880458,40.549656448341054,37.85519934808913,37.670026996869254,37.66665893045501,37.50038222870005,36.252160199619894,,,,36.898567100000044,38.05999890927654,#000000,2.231994220019064,37.35546377985234,-0.042770621445215755,41.57936728575241,-2.991761488283565,False,True,False,True,False,0.0,0.0,0.0,0.0,0.0,0,0.9814671174896756,1.0260351716227198,True,False,False,False,-0.34282825441539394,-0.280594434447249,False,False,False,False,-37000,-99182.61241434781,True,False,False,False,30085.38954884087,False,False,False,False
2023-10-30 00:00:00+00:00,38.07,38.69,37.86,38.04,14473,,,,,,,,,,,,,,,,,,,,41.440218346000954,39.937381367984095,37.70153493074917,37.7649299925535,37.78254211288882,37.26670832460954,36.70722234487754,34.69612565460486,34.371074090332534,34.007906621008594,34.58679186063893,36.50513337502483,,,,,,,,,,,,,,,,,,,,37.83724426198918,39.54548241819511,40.53484531442091,37.85626014745738,37.67144950650054,37.66786618746279,37.501619241427186,36.254950070768615,,,,36.89729741843945,38.10871464352771,#000000,2.2349044923867334,37.374392394771384,0.31124712827694595,41.57681318353751,-2.991761488283565,False,True,False,True,False,0.0,0.0,0.0,0.0,0.0,0,0.9537639904720274,1.0071559457993344,False,False,False,False,-0.2709969082333715,-0.27579567134031024,False,False,False,False,-22527,-96176.50996672633,False,False,False,False,29473.13897829809,False,False,False,False
2023-10-31 00:00:00+00:00,39.28,39.5,37.9,37.9,30201,,,,,,,,,,,,,,,,,,,,41.39285177847788,39.9272017502434,37.707955966926896,37.77039189891197,37.787088608054695,37.27229001246834,36.71401509136082,34.70626870562794,34.380788215381706,34.01727918589051,34.59332905453487,36.50826508213156,,,,,,,,,,,,,,,,,,,,38.39684398905187,39.510750768383424,40.51347389485398,37.86275088141876,37.67817105724546,37.67355658835683,37.50668708234521,36.26278537778931,,,,36.89814377916755,38.175627454930606,"rgba(38, 166, 154, 0.5)",2.2348120262771776,37.40218557046702,0.8402560964651271,44.18359356278514,-2.991761488283565,False,True,False,True,False,0.4175095943237608,0.0,0.0,0.0,0.0,0,0.9365389316311636,1.034607501522377,False,False,False,False,-0.23396044440159466,-0.25487805787095247,False,False,False,False,7674,-92103.94094842333,False,False,False,False,29501.6825477766,False,False,False,False
2023-11-01 00:00:00+00:00,38.87,39.64,38.04,39.35,17204,,,,,,,,,,,,,,,,,,,,41.366194555467416,39.92125183636376,37.71145028494291,37.773360544065795,37.789561118009864,37.27536798888223,36.717789174418535,34.71196523573305,34.38625027180405,34.022554901865384,34.59700666346607,36.5100130441775,,,,,,,,,,,,,,,,,,,,38.50191266846361,39.491295169512895,40.50122760975165,37.86625818731118,37.681831664246566,37.676660240853494,37.50946780904528,36.267154806146955,,,,36.898563801599714,38.186976019416456,"rgba(38, 166, 154, 0.5)",2.2352796386723908,37.40726800859507,0.6543843401507009,45.1385556396225,-2.991761488283565,False,True,False,True,True,0.0,0.0,0.0,0.0,0.0,0,0.9058897032043337,1.0485508592059634,False,False,False,False,-0.2219015508120478,-0.23838980434150014,False,False,False,False,-9530,-88865.74718574007,False,False,False,False,29019.420487079482,False,False,False,False
2023-11-02 00:00:00+00:00,40.2,40.7228,39.59,39.59,25957,,,,,,,,,,,,,,,,,,,,41.34758369913724,39.92331541376414,37.72275210025421,37.783266376258695,37.79788971354214,37.283866054508245,36.72697031877102,34.723264614436545,34.396897334151625,34.03266512228834,34.60426297690357,36.514131370647306,,,,,,,,,,,,,,,,,,,,38.934461261153324,39.52020411800404,40.49759919280094,37.878545588304874,37.69350821269965,37.686549092829885,37.51775433947052,36.277076759473914,,,,36.90473875788859,38.25071232059214,"rgba(38, 166, 154, 1.0)",2.225995167669238,37.4370631774327,1.2412142050875516,48.33542500038871,-7.502576647575978,False,False,False,False,True,2.205476984483802,0.0,0.0,0.0,0.0,0,0.905508089385572,1.054148646356333,False,False,False,False,-0.10752533343922753,-0.17295756889036384,False,False,False,False,16427,-84736.61984512281,False,False,False,False,28899.325566017542,False,False,False,False
2023-11-03 00:00:00+00:00,43.51,43.7,40.51,40.51,49259,,,,,,,,,,,,,,,,,,,,41.38276319456342,39.96423729241728,37.76468534343166,37.82053127853585,37.829375633804624,37.313162682616785,36.75632066373938,34.75397929333339,34.42535708385836,34.05923379451068,34.623902092849534,36.52703913022921,,,,,,,,,,,,,,,,,,,,40.13411323553033,39.74824740550135,40.53998868654047,37.9255702188418,37.73656663210653,37.72304136043209,37.54745016256425,36.30729963821882,,,,36.93504895699085,38.45778466746695,"rgba(0, 255, 0, 1.0)",2.256396513298481,37.5397430349687,2.645925452306147,54.75573929237979,-1.5406670326450254,True,False,True,False,True,8.0722491287306,0.0,0.0,0.0,0.0,0,0.9185527042393079,1.005147416851331,False,False,False,False,0.06796919238734372,-0.05249418825151006,False,False,False,False,65686,-78837.69357668662,False,False,False,False,29697.744171271755,False,False,False,False
2023-11-06 00:00:00+00:00,43.38,44.15,42.7233,44.15,12937,,,,,,,,,,,,,,,,,,,,41.39798757727077,39.97818684032451,37.77749132766829,37.83194411317601,37.83903583260878,37.32202974789586,36.765092119896245,34.76287298860735,34.43356994111739,34.06687354334052,34.62959011178493,36.53089218864938,,,,,,,,,,,,,,,,,,,,40.39576916082034,39.81884541227033,40.55534081986219,37.93998017030513,37.74970183004985,37.73418809197756,37.55649216282352,36.316252303927264,,,,36.944630527695004,38.50832124400452,"rgba(0, 255, 0, 1.0)",2.286824880929092,37.56619050208267,2.5423063857671937,58.76262626851016,1.988876289877858,True,False,True,False,True,7.804797468172605,0.0,0.0,0.0,0.0,0,0.9471037050428806,0.9883136913707188,False,False,False,False,0.2669603066608978,0.10723305920469388,False,False,False,False,52749,-73677.43108348323,False,False,False,False,29040.460086123843,False,False,False,False
2023-11-07 00:00:00+00:00,43.95,44.6,43.12,43.37,25154,,,,,,,,,,,,,,,,,,,,41.43371703401736,40.008669376349395,37.80429609405696,37.85586671056067,37.85930519587424,37.3405267888661,36.783286842979514,34.78105391755738,34.450332810319026,34.082440572440014,34.64122170238608,36.53888440526654,,,,,,,,,,,,,,,,,,,,40.864519034311606,39.965645064357375,40.58957459923197,37.97017958083121,37.77718150050796,37.757527179480604,37.57540349318134,36.334748254648794,,,,36.96496678755611,38.60434733831886,"rgba(0, 255, 0, 1.0)",2.3316381512723607,37.617793278285205,2.7157759098509135,62.0459947322001,4.855301788217112,True,False,True,False,True,8.758959006358744,0.0,0.0,0.0,0.0,0,0.9738376894467954,0.974264852457896,False,False,False,False,0.34282824281543145,0.22503065101006267,False,False,False,False,77903,-67733.1004527584,False,False,False,False,28888.04988666801,False,False,False,False
2023-11-08 00:00:00+00:00,43.12,45.0986,42.57,45.09,48489,,,,,,,,,,,,,,,,,,,,41.49187708330331,40.06176143923804,37.85284665425432,37.899233264250476,37.89611243338098,37.37430448049179,36.81666040553504,34.814773579604044,34.48147869752541,34.111415319245054,34.662851842310815,36.553628208788346,,,,,,,,,,,,,,,,,,,,41.425784811465725,40.20160159742011,40.64792021923926,38.02469119533854,37.82695261803466,37.7998901393148,37.60986032127183,36.368772284765406,,,,37.00141195066063,38.73818414835629,"rgba(0, 255, 0, 1.0)",2.345991275146477,37.695021034480746,2.312446351779604,62.37478021003487,5.066886220960534,True,False,True,False,True,7.028249247652191,0.0,0.0,0.0,0.0,0,0.9788602300938708,0.9393140650381583,False,False,False,False,0.3398499736731959,0.2824403123416293,False,False,False,False,29414,-63923.410238924735,False,False,False,False,29656.714596994756,False,False,False,False
2023-11-09 00:00:00+00:00,44.82,46.02,43.91,44.18,65083,,,,,,,,,,,,,,,,,,,,41.61120141286236,40.15631915599108,37.931438561122455,37.9696764237363,37.95605400699792,37.4285734395615,36.86956985929325,34.866374414227565,34.528959695857914,34.15540542385064,34.69598775003906,36.577013475223325,,,,,,,,,,,,,,,,,,,,42.18039427868875,40.5799119204038,40.756284584192755,38.11317100687119,37.90742063423414,37.868529125907514,37.66555965465592,36.42219463925949,,,,37.06221446823029,38.9366832305267,"rgba(0, 255, 0, 1.0)",2.394688544513787,37.81370461670214,2.9257647719363047,64.50228519150082,7.138706561242948,True,False,True,False,True,9.84212325950162,0.0,0.0,0.0,0.0,0,0.9835233367085426,0.9277095609407281,False,False,False,False,0.34282824452677424,0.3126342784342018,False,False,False,False,94497,-57710.845131515925,False,False,False,False,31045.98069123026,False,False,False,False
2023-11-10 00:00:00+00:00,45.65,45.79,44.9,45.75,107287,,,,,,,,,,,,,,,,,,,,41.81952532672362,40.32089093323414,38.066791213874716,38.0913900150868,38.06001818205691,37.52256175435963,36.96094254071408,34.95472095134278,34.61023997766101,34.230678075941086,34.75295449836185,36.61771091663278,,,,,,,,,,,,,,,,,,,,43.038518034557235,41.14841391122125,40.94467980935988,38.26515432262983,38.045889283080626,37.98712759016637,37.762124694780816,36.514221325280964,,,,37.167368698832455,39.21326612138462,"rgba(0, 255, 0, 1.0)",2.457131008471696,37.99219906007924,3.1165619226317993,66.72027502032398,9.33773786546056,True,False,True,False,True,11.158803462329132,0.0,0.0,0.0,0.0,0,0.9940998959129975,0.9363964914121319,False,False,False,False,0.3428282450042426,0.3277312617192222,False,False,False,False,201784,-47534.576694985895,False,False,False,False,34035.82458569182,False,False,False,False
2023-11-13 00:00:00+00:00,47.22,47.46,44.94,45.32,80148,,,,,,,,,,,,,,,,,,,,42.00359346870255,40.46213423156422,38.1792811863068,38.19289646790182,38.14703979397375,37.60084071045682,37.036573889993534,35.02654060210292,34.67622150802632,34.291676274102194,34.79942959744541,36.65160561978073,,,,,,,,,,,,,,,,,,,,43.612988319065565,41.581146309351666,41.1076816360554,38.391313278312914,38.16085512542112,38.08596609234232,37.84275638436508,36.5900196818312,,,,37.25565277919643,39.42159085334316,"rgba(0, 255, 0, 1.0)",2.571265520785188,38.13236104018178,3.534305923039456,69.52342278741159,12.099194819727657,True,False,True,False,True,13.555387572043337,0.0,0.0,0.0,0.0,0,0.9873169042097489,0.91222496732486,False,False,False,False,0.3428282459264814,0.3352797538228518,False,False,False,False,281932,-34614.31878537861,False,False,False,False,35844.145190174495,False,False,False,False
2023-11-14 00:00:00+00:00,51.44,52.28,47.43,48.7,194935,,,,,,,,,,,,,,,,,,,,42.72948227027697,40.98147284359119,38.56101930291224,38.539007829824385,38.44500988694505,37.86514276562208,37.288046800573525,35.254645797028054,34.88470945299795,34.48331254081967,34.947457563495874,36.76475414354577,,,,,,,,,,,,,,,,,,,,45.54404272891369,43.018774931917704,41.72141369609329,38.8200935990979,38.550385206888215,38.42215641577121,38.11680965379822,36.8390739965446,,,,37.56200509980273,40.1290937786281,"rgba(0, 255, 0, 1.0)",2.859402079500645,38.611454618096175,4.486443328090519,73.79153644392277,16.188908939506547,True,False,True,False,True,19.291286732206917,0.0,0.0,0.0,0.0,0,1.0255136403096565,0.8419014742750902,False,False,False,False,0.3428282484326992,0.3390540011277755,False,False,False,False,476867,-14556.22785261866,False,False,False,False,42083.0022415402,False,False,False,False
2023-11-15 00:00:00+00:00,51.22,52.47,50.4879,52.47,59687,,,,,,,,,,,,,,,,,,,,42.95332166058165,41.1457094215445,38.68274801639727,38.64978569855163,38.54083440425989,37.95024702368598,37.36895031553757,35.3277097635379,34.95152930641773,34.5447470346889,34.99514837195652,36.80156709738937,,,,,,,,,,,,,,,,,,,,46.01378827670844,43.41759659455365,41.913455153538294,38.95624642262896,38.67449192973179,38.52982740712944,38.205051092367164,36.919092454653416,,,,37.65935817621241,40.32869366641389,"rgba(0, 255, 0, 1.0)",3.1061623029475816,38.75360052974228,4.013441106547386,76.18890954177681,18.473796476042452,True,False,True,False,True,18.825355234978154,0.0,0.0,0.0,0.0,0,1.0831635440434488,0.8388353633062314,False,False,False,False,0.34282824912647464,0.34094112512712504,False,False,False,False,417180,2374.6046121899144,False,False,False,False,42773.35509481313,False,False,False,False
2023-11-16 00:00:00+00:00,50.42,51.405,50.31,50.72,60188,,,,,,,,,,,,,,,,,,,,43.150332101453635,41.29549679058937,38.79672933277476,38.75370937983188,38.63099315569186,38.03069529818891,37.44568234275331,35.39762532449592,35.015596272782204,34.60376107625996,35.04097464116242,36.83677814651998,,,,,,,,,,,,,,,,,,,,46.36577067053061,43.75185385354314,42.08616935635639,39.083232189740606,38.79066279963041,38.630954024864906,38.28831942902692,36.99514175375666,,,,37.74986448854202,40.49901300968121,"rgba(0, 255, 0, 1.0)",3.2822981292090745,38.87972463827206,3.5159132130720767,76.13234149498541,18.54870814848458,True,False,True,False,True,17.135999579651134,0.0,0.0,0.0,0.0,0,1.0925026562349074,0.8272655269004152,False,False,False,False,0.3103014695951375,0.32562129736113127,False,False,False,False,356992,16281.169137202076,False,False,False,False,43456.28234599693,False,False,False,False
2023-11-17 00:00:00+00:00,50.62,51.12,50.36,50.79,51004,,,,,,,,,,,,,,,,,,,,43.30936831920142,41.41865181852844,38.891548114211524,38.840299339288954,38.706282885354625,38.09801636346664,37.50996188772588,35.45633228422635,35.06944097721541,34.65339807139019,35.079570920755195,36.86645218304787,,,,,,,,,,,,,,,,,,,,46.62452729880482,44.01158754506832,42.227117436838185,39.188607550042335,38.887271717070504,38.71526331620675,38.35795346905757,37.05887914264442,,,,37.82494359703438,40.63390093446661,"rgba(0, 255, 0, 1.0)",3.4400450552256396,38.981809097308606,3.383150719207083,76.22715161715158,18.937579269562974,True,False,True,False,True,17.400564969244105,0.0,0.0,0.0,0.0,0,1.0986065866900745,0.8290269514613611,False,False,False,False,0.3042242518842972,0.31492277462271423,False,False,False,False,407996,31642.53505339023,False,False,False,False,43752.27127360489,False,False,False,False
2023-11-20 00:00:00+00:00,50.82,51.12,50.62,50.94,59815,,,,,,,,,,,,,,,,,,,,43.491244209126954,41.561353929165065,39.00225933520325,38.941554450183865,38.79450454090327,38.17701095246812,37.58542310616916,35.525296399148544,35.13273314595116,34.711773816197784,35.12503499212653,36.901474944266056,,,,,,,,,,,,,,,,,,,,46.90123021394537,44.29892909877302,42.38953537557773,39.31139063681734,39.00003679979695,38.813894582483876,38.43963017777152,37.133707782013246,,,,37.912471985075804,40.786044333397385,"rgba(0, 255, 0, 1.0)",3.5904717499776804,39.09878453635186,3.2645335431816185,76.43114850458818,19.531273564168586,True,False,True,False,True,17.668047381741037,0.0,0.0,0.0,0.0,0,1.0973514993231652,0.8283683500827534,False,False,False,False,0.31094928405012834,0.3129360293364213,False,False,False,False,467811,48747.180737571005,False,False,False,False,44382.18220405176,False,False,False,False
2023-11-21 00:00:00+00:00,50.42,50.95,50.025,50.31,49707,,,,,,,,,,,,,,,,,,,,43.62821712433039,41.67187720180927,39.0897504637195,39.02170798391152,38.8645190116894,38.23992751358722,37.64566949599402,35.58069808036123,35.183655080086425,34.7588062606828,35.16168937137359,36.92963975021547,,,,,,,,,,,,,,,,,,,,47.08501846393802,44.50687416427624,42.51394271408154,39.40810801743594,39.08912407995156,38.892042386485315,38.50459854737026,37.19353374251422,,,,37.981346444813404,40.89915526450664,"rgba(0, 255, 0, 1.0)",3.7105439002976968,39.188223968130714,3.026989124416009,75.59620992405499,19.531273564168586,True,False,True,False,True,16.79805706814882,0.0,0.0,0.0,0.0,0,1.0877521975502027,0.8328771119676303,False,False,False,False,0.2912374825951848,0.30208675596580303,False,False,False,False,418104,63231.761885117245,False,False,False,False,44590.99858820659,False,False,False,False
2023-11-22 00:00:00+00:00,49.45,52.665,49.3254,52.1,155945,,,,,,,,,,,,,,,,,,,50.48013333333334,44.02592556455009,42.00204717603957,39.35612383332991,39.266413590431924,39.07910261531261,38.433438651591146,37.831293453784646,35.75204692802632,35.341395176101756,34.90469515018064,35.27566881470356,37.017344502284836,,,,,,,,,,,,,,,,,,,,47.557829280478416,45.07838962287748,42.881211774279386,39.70134118746991,39.360204984369815,39.13086282768229,38.704195060189896,37.37799849707167,,,,39.13581759920542,41.22400415430236,"rgba(0, 255, 0, 1.0)",3.7561115363996174,40.20934722775577,2.460164636405277,72.77662073891182,19.531273564168586,True,False,True,False,False,14.713902985614773,0.0,0.0,0.0,0.0,0,1.0858500338278185,0.8040101572643171,False,False,False,False,0.3174518658799546,0.30976931092287885,False,False,False,False,262159,71032.8300464852,False,False,False,False,48957.82217298281,False,False,False,False
2023-11-24 00:00:00+00:00,47.93,49.18,47.61,49.18,74611,,,,,,,,,,,,,,,,,,,49.75519627624815,44.13979055451259,42.11194813437285,39.45442397179581,39.35717505383325,39.15936315296122,38.50705813772049,37.90282368478757,35.820383153138884,35.404721945723466,34.963639672479374,35.32165740353969,37.051990434029,,,,,,,,,,,,,,,,,,,,47.60044246188761,45.21678362262843,42.99686456885533,39.808182357826645,39.46017141015402,39.21980483802015,38.77963431038684,37.44967314323625,,,,39.150013198087876,41.3164445891244,"rgba(0, 255, 0, 1.0)",3.752168444517978,40.255788379773435,2.045273748687589,67.8385322376391,24.212280279007416,True,False,True,False,False,11.571114728212518,0.0,0.0,0.0,0.0,0,1.062570597906163,0.8585520409241815,False,False,False,False,0.18679755043645144,0.24828343067966513,False,False,False,False,187548,75602.05239760342,False,False,False,False,49963.82914659132,False,False,False,False
2023-11-27 00:00:00+00:00,46.4,48.37,46.25,48.37,183784,,,,,,,,,,,,,,,,,,,48.53606279705878,44.318693610646704,42.31553145012685,39.65480374151684,39.54312048159746,39.325137217118545,38.66137814218226,38.05436546591603,35.969160065647706,35.54335271173404,35.09335102606603,35.422874889837246,37.12711786935321,,,,,,,,,,,,,,,,,,,,47.521261441310706,45.39099150441957,43.199270150105036,40.02341662103735,39.66379222220934,39.40268870155366,38.93688999696133,37.60252811073368,,,,39.197303805292435,41.46760484354134,"rgba(0, 255, 255, 0.75)",3.7416655105438315,40.347278580516885,1.6176543313203273,62.00716149925615,18.748894765536946,True,False,True,False,False,8.56435848449214,0.0,0.0,0.0,0.0,0,1.0376419195304156,0.8700130901079776,False,False,False,False,0.13432124722368674,0.19130233895167592,False,False,False,False,3764,72784.87387220722,False,False,False,False,55211.6789839799,False,False,False,False
2023-11-28 00:00:00+00:00,46.21,46.45,44.51,45.95,208772,,,,,,,,,,,,,,,,,,,47.59366535390107,44.41167461559325,42.46927751568049,39.83235744392682,39.709190495403334,39.475077892493154,38.80408562128627,38.19668798871838,36.11433524744593,35.67968071272011,35.221837686235126,35.523242842032346,37.20018733038056,,,,,,,,,,,,,,,,,,,,47.28473589945232,45.42407791953818,43.3361530854054,40.210656116336224,39.843998375959835,39.56693816521366,39.0811150962263,37.74743938919589,,,,39.24856159583206,41.56188925591597,"rgba(0, 255, 255, 0.75)",3.7115751494602036,40.418261284097824,1.5604530375047112,57.82361058849604,14.9822480239105,True,False,True,False,False,8.198194850398739,0.0,0.0,0.0,0.0,0,1.0056485775175406,0.9058699120764967,False,False,False,False,0.04730738366253351,0.11930486130710471,False,False,False,False,-205008,61891.03568114027,False,False,False,False,61233.65235715716,False,False,False,False
2023-11-29 00:00:00+00:00,45.01,47.14,44.16,46.5,121624,,,,,,,,,,,,,,,,,,,47.24140252742807,44.44973417594571,42.545272342071094,39.926281161213424,39.797468433585045,39.55537167344277,38.88125917527304,38.27412541007457,36.19447059433932,35.755211806007026,35.29326366658604,35.57919938607974,37.2407729294821,,,,,,,,,,,,,,,,,,,,47.15318292385243,45.42476801547896,43.40048301333245,40.30878879553848,39.93924206177634,39.65447326500059,39.15883907677179,37.82655120824153,,,,39.287217944732916,41.60829104499908,"rgba(38, 166, 154, 1.0)",3.687410023944331,40.461818247838536,1.2334353170999912,53.23511241993983,10.866790446981952,False,False,False,False,False,5.91325195020017,0.0,0.0,0.0,0.0,0,1.008955420685007,0.8938132510924147,False,False,False,False,0.05534057506330951,0.08732271818520712,False,False,False,False,-326632,46654.8382034485,False,False,False,False,63601.90128432747,False,False,False,False
2023-11-30 00:00:00+00:00,44.62,45.55,44.44,45.55,134736,,,,,,,,,,,,,,,,,,,46.878101261514495,44.46633863831234,42.60940750058509,40.01639306248771,39.88262637646664,39.633502986164636,38.95747121253608,38.351364062763636,36.27630648459041,35.832713732502086,35.366876889617195,35.63693416537693,37.28219301492652,,,,,,,,,,,,,,,,,,,,46.98629567657377,45.39300669301432,43.448704040791746,40.40173814565831,40.030543597287775,39.739237087165094,39.23517805663286,37.905926690024714,,,,39.322325337526436,41.642578748393575,"rgba(38, 166, 154, 1.0)",3.659201719668605,40.4981019841238,1.1264473324114794,49.6245486346313,7.67361633166162,False,False,False,True,False,5.182952827278115,0.0,0.0,0.0,0.0,0,1.0109182178438014,0.9124184188563182,False,False,False,False,0.02441914023120114,0.055870929208204134,False,False,False,False,-461368,26732.373960176006,False,False,False,False,66391.4737829813,False,False,False,False
2023-12-01 00:00:00+00:00,45.24,45.45,44.5,44.78,93933,,,,,,,,,,,,,,,,,,,46.70297724242907,44.48234177478351,42.65571447113074,40.079722704903766,39.942559995015365,39.6885894055071,39.011166170952244,38.4057160799394,36.33371517180489,35.88710941902492,35.41856192100229,35.677596031623,37.31153351699669,,,,,,,,,,,,,,,,,,,,46.89305569433726,45.38035326290032,43.484815568838755,40.4670374710178,40.09468481749058,39.798885613120994,39.28898759683218,37.96172133218112,,,,39.35363876193178,41.67119266958988,"rgba(38, 166, 154, 1.0)",3.6426401819965624,40.52970147621689,1.293100138482894,48.40071585606792,6.618038341663919,False,False,False,True,False,6.190420303558312,0.0,0.0,0.0,0.0,0,1.0299855709457253,0.9001019028854411,False,False,False,False,0.023476008304169294,0.039673468756186714,False,False,False,False,-367435,11274.829883306362,False,False,False,False,67471.53363462909,False,False,False,False
2023-12-04 00:00:00+00:00,44.74,45.42,44.45,45.18,95105,,,,,,,,,,,,,,,,,,,46.539829213265826,44.49258505118551,42.69722749332378,40.13981819222828,39.999606712682294,39.74127031332138,39.06287124088684,38.45828452201653,36.389810459367396,35.940387842075324,35.46929570810591,35.71756869772739,37.34028023471348,,,,,,,,,,,,,,,,,,,,46.79838609258857,45.36126250406761,43.515487506359044,40.52861015438272,40.155518972552294,39.855763543474225,39.340675085868746,38.01581887485508,,,,39.38375659083845,41.696440341768536,"rgba(38, 166, 154, 1.0)",3.647609484985394,40.559136542402044,1.1461927256214215,46.79080380298164,5.030870271572226,False,True,False,True,False,5.237624448039405,0.0,0.0,0.0,0.0,0,1.0316581145916304,0.8956943235216024,False,False,False,False,0.02158986803246665,0.030631668394326683,False,False,False,False,-462540,-7306.143837607613,False,False,False,False,68555.19898229069,False,False,False,False
2023-12-05 00:00:00+00:00,44.46,45.03,44.34,44.74,117286,,,,,,,,,,,,,,,,,,,46.348951567273524,44.496290406178005,42.74045201261314,40.20792360160349,40.06450501322806,39.80156126698665,39.12259291239473,38.519366066010264,36.455891487713075,36.00334030255263,35.52940704987788,35.76500104591434,37.37421797123029,,,,,,,,,,,,,,,,,,,,46.67898640945221,45.328134088661194,43.54458106494701,40.59780409222294,40.22441837615871,39.92062668972526,39.40017798942735,38.07889099755668,,,,39.417653900275084,41.72170246351892,"rgba(38, 166, 154, 1.0)",3.6504751017461996,40.59092569904452,1.0598823969802496,45.26811556795471,3.421976420194035,False,True,False,True,False,4.703143203771191,0.0,0.0,0.0,0.0,0,1.0364474390537364,0.8879822791527064,False,False,False,False,0.009804438411384106,0.020218053402855395,False,False,False,False,-579826,-29757.90290279947,False,False,False,False,70466.21078690674,False,False,False,False
2023-12-06 00:00:00+00:00,44.11,45.05,44.06,45.0,109787,,,,,,,,,,,,,,,,,,,46.18436339933451,44.49371887977226,42.77496731908409,40.266961457904415,40.12097542729247,39.85432987257153,39.17531377021629,38.5735807439493,36.51527329303305,36.060072172281465,35.5837189766208,35.80793424831816,37.4048152523636,,,,,,,,,,,,,,,,,,,,46.56857323605818,45.29160598036118,43.56551049964273,40.657304791432736,40.2841067935157,39.97719508967565,39.45254461917327,38.13504249514826,,,,39.44738652405707,41.74148543812596,"rgba(38, 166, 154, 0.5)",3.6547277390863613,40.617793768414096,0.9555311587885652,43.67860635609201,1.67856516318043,False,True,False,True,False,4.0316534151890835,0.0,0.0,0.0,0.0,0,1.0505822529548328,0.8843921353839258,False,False,False,False,0.003677298101803562,0.011947675752329478,False,False,False,False,-689613,-55634.573377199486,False,False,False,False,72008.20252075353,False,False,False,False
2023-12-07 00:00:00+00:00,45.3,45.35,43.9,44.44,153465,,,,,,,,,,,,,,,,,,,46.043044354638354,44.507457429979745,42.833361198562244,40.35530402738006,40.205410092269204,39.93308648700973,39.25336841332867,38.65334646795185,36.60138915721943,36.142247298292254,35.66229351302257,35.87029571016097,37.44982192028929,,,,,,,,,,,,,,,,,,,44.85,46.45926863981264,45.268420374651896,43.60767066190893,40.74690252541933,40.37341381945064,40.06159845124591,39.53032409039098,38.21731562638501,,,,39.50080200539264,42.12387935436281,"rgba(38, 166, 154, 1.0)",3.6641872517949565,41.08920240217803,1.1491764226184795,45.24530547739707,1.67856516318043,False,True,False,True,False,6.0470912032856,0.0,0.0,0.0,0.0,0,1.0486031334024677,0.8772682393705871,False,False,False,False,0.006976463875813368,0.009462069814071423,False,False,False,False,-536148,-74478.23716632891,False,False,False,False,75202.58673562596,False,False,False,False
2023-12-08 00:00:00+00:00,46.23,46.665,45.2,45.2,101135,,,,,,,,,,,,,,,,,,,46.0423020664872,44.54523085718511,42.89159486072929,40.42650675964167,40.27316655549443,39.995794844956954,39.314259079407506,38.714628312929904,36.66516575022262,36.20280237288766,35.719917174340964,35.91627091154087,37.48387430108926,,,,,,,,,,,,,,,,,,,45.3193945731867,46.44206698591466,45.2939454997688,43.65899247104754,40.820294397638776,40.445420384025844,40.128977176859806,39.59148391787926,38.27990595775386,,,,39.5531933728395,42.22005348489725,"rgba(38, 166, 154, 1.0)",3.6695461731823973,41.16303176694897,1.380816044796276,48.04839117219001,1.67856516318043,False,True,False,True,True,7.5740994310027965,0.0,0.0,0.0,0.0,0,1.060669259530654,0.875463615354264,False,False,False,False,0.06870615600208159,0.03908411290807651,False,False,False,False,-435013,-88616.85531666895,False,False,False,False,76219.54411854259,False,False,False,False
2023-12-11 00:00:00+00:00,46.41,46.73,45.82,46.32,163814,,,,,,,,,,,,,,,,,,,46.06884284180972,44.61372301829076,42.9898087421405,40.54386494921864,40.38496454065737,40.09939932842661,39.414734530824134,38.81558628953008,36.769782122913796,36.30216049064211,35.81447891994228,35.991960952698065,37.54030246492485,,,,,,,,,,,,,,,,,,,45.71114336120047,46.434599688032954,45.346670040340705,43.74722356088281,40.94128466964738,40.56406690660097,40.24012166345107,39.692470667814256,38.38287977885037,,,,39.6422776301553,42.340051148535665,"rgba(38, 166, 154, 1.0)",3.685549052694901,41.269150362794434,1.394866697933795,50.2461056531526,1.67856516318043,False,False,False,False,True,7.867718106850635,0.0,0.0,0.0,0.0,0,1.0502183268140715,0.8856574133169877,False,False,False,False,0.08494383882995277,0.06201397586901464,False,False,False,False,-271199,-95776.93942189762,False,False,False,False,79654.62081977622,False,False,False,False
2023-12-12 00:00:00+00:00,46.42,46.76,46.11,46.5,60780,,,,,,,,,,,,,,,,,,,46.08121123066917,44.63936291409643,43.025989800836015,40.58703510040575,40.42615014789615,40.13764615595802,39.45186708399308,38.852905511245865,36.808464122845365,36.33893018447765,35.849499401908645,36.02006103362425,37.56131618225238,,,,,,,,,,,,,,,,,,,45.80232168669336,46.43449760438351,45.36693802831627,43.77982670579891,40.98572332192319,40.60769665707263,40.28107922543465,39.72978225281325,38.420938745807305,,,,39.67541837463145,42.37875602536034,"rgba(38, 166, 154, 1.0)",3.7024511140935696,41.30595131239352,1.3812602867704575,51.73089989653877,-5.66954501845585,False,False,False,False,True,7.884286582359124,0.0,0.0,0.0,0.0,0,1.0563291098759824,0.8818374278057423,False,False,False,False,0.09254414713355848,0.07727906150128655,False,False,False,False,-210419,-100272.70650339185,False,False,False,False,78914.43961115753,False,False,False,False
2023-12-13 00:00:00+00:00,47.63,47.91,46.49,46.78,106086,,,,,,,,,,,,,,,,,,,46.15239849172074,44.704385225856456,43.10381365180965,40.6724306681129,40.507440544510956,40.2128374587623,39.524106115308406,38.9249206331161,36.881582032777814,36.4082238788549,35.91530298851166,36.07301787874752,37.60150947191914,,,,,,,,,,,,,,,,,,,46.08164057943777,46.46839021398643,45.42943599684432,43.85384417687502,41.07431382592442,40.694018342164945,40.36171090772552,39.80266924073556,38.493989541818934,,,,39.744766849231425,42.473334758390315,"rgba(0, 255, 255, 0.75)",3.748711379795659,41.38955716089567,1.6646901313177376,54.947698606615106,-2.4001329608003914,False,False,True,False,True,9.869001666242276,0.0,0.0,0.0,0.0,0,1.0782979652937057,0.8509813747598763,False,False,False,False,0.12904656494199188,0.10316281322163921,False,False,False,False,-104333,-100431.93369933727,False,False,False,False,79979.99099895528,False,False,False,False
2023-12-14 00:00:00+00:00,47.98,48.39,47.1,47.76,173207,,,,,,,,,,,,,,,,,,,46.29329807698861,44.822213932151215,43.23874227185638,40.81701582089377,40.64517119365837,40.34032732478261,39.64631881677368,39.046466722050845,37.00418334738095,36.52438812847641,36.02558159397312,36.16206162690609,37.66962672224364,,,,,,,,,,,,,,,,,,,46.47937103074938,46.546154247782134,45.5469642113865,43.984045300477376,41.22444518657232,40.840136077180055,40.49825781024198,39.92610606475117,38.617054669999575,,,,39.86426119831813,42.62917051101561,"rgba(0, 255, 255, 0.75)",3.800206386050242,41.53056638684008,1.697127197310765,57.66922519551743,0.33524322505155624,True,False,True,False,True,10.432566752390205,0.0,0.0,0.0,0.0,0,1.0870582472333048,0.8398017389735029,False,False,False,False,0.1552561200962785,0.12920946665895885,False,False,False,False,68874,-93792.48531897111,False,False,False,False,83635.95213625116,False,False,False,False
2023-12-15 00:00:00+00:00,48.88,49.05,47.755,48.2,147819,,,,,,,,,,,,,,,,,,,46.445580038775795,44.9390117547123,43.36552271673738,40.94838680298738,40.77035230694974,40.45620645016866,39.75697046441203,39.15610894150713,37.11365537375175,36.62802876879179,36.123882870252146,36.24173751942708,37.73122092900971,,,,,,,,,,,,,,,,,,,46.81899457799022,46.640265300603325,45.66819707398701,44.10869601304413,41.36114240441643,40.972873284755586,40.6222521558428,40.03805574261098,38.72776158365935,,,,39.97512807211407,42.77313757076776,"rgba(0, 255, 255, 0.75)",3.867574196077256,41.66134234611671,1.866456152594285,60.86708613403938,3.4799552490913186,True,False,True,False,True,11.865969556000056,0.0,0.0,0.0,0.0,0,1.0822606507004644,0.8331751192993438,False,False,False,False,0.187163524807416,0.15818649573318744,False,False,False,False,216693,-81616.58393391343,False,False,False,False,86152.93440541778,False,False,False,False
2023-12-18 00:00:00+00:00,49.65,49.76,48.64,48.91,115632,,,,,,,,,,,,,,,,,,,46.59049518256793,45.04421445117331,43.47498357185461,41.05840973488857,40.87518192500756,40.55319829370109,39.84921209948852,39.24717374634988,37.20365347075202,36.71314036129067,36.20451748863824,36.307296844315694,37.782391703792236,,,,,,,,,,,,,,,,,,,47.10537713638205,46.73575344953882,45.780484958326,44.21801314048244,41.475898778506085,41.08402878229074,40.72599071044693,40.13153999626327,38.81946491592715,,,,40.069528374909254,42.897394652018164,"rgba(0, 255, 255, 0.75)",3.9473686890849256,41.77362972283062,1.9953470013958259,64.04388228048428,6.560307495079499,True,False,True,False,True,13.066308329853577,0.0,0.0,0.0,0.0,0,1.0954069996575762,0.8394187842019912,False,False,False,False,0.22638377683294308,0.19228513628306526,False,False,False,False,332325,-65383.58064238741,False,False,False,False,87308.97619344061,False,False,False,False
2023-12-19 00:00:00+00:00,51.95,52.0,49.7,49.9,145691,,,,,,,,,,,,,,,,,,,46.86411822016674,45.2242859806692,43.649376036116045,41.223297020816894,41.031971531140634,40.697733797444485,39.98528111231622,39.38039702281801,37.332318877437444,36.83437233246147,36.31895369702758,36.40065993007516,37.85652736617244,,,,,,,,,,,,,,,,,,,47.61836360978816,46.92624569260783,45.98164670127212,44.397219218847916,41.649059802900915,41.250643152759594,40.88077983171392,40.270003255151906,38.952862804370874,,,,40.21533022497402,43.10298045215703,"rgba(0, 255, 0, 1.0)",4.085880213260981,41.95388538217738,2.4465021234297577,68.52324978009203,10.807296516219573,True,False,True,False,True,16.45875706779734,0.0,0.0,0.0,0.0,0,1.0979987345985653,0.8093258561152173,False,False,False,False,0.30991290206886307,0.25109901917596417,False,False,False,False,478016,-44073.79316621536,False,False,False,False,89598.46732310961,False,False,False,False
2023-12-20 00:00:00+00:00,51.09,52.88,50.92,51.99,176020,,,,,,,,,,,,,,,,,,51.629999999999995,47.181972243945715,45.44237829617397,43.86082071527511,41.42345640836268,41.22260782491434,40.87387509227222,40.151285118095466,39.54293487357603,37.4891867280705,36.982297598783894,36.45867843201434,36.515014346389094,37.94774940449727,,,,,,,,,,,,,,,,,,,48.14389389143544,47.15603641987609,46.223364062321195,44.614259843251496,41.8589194023925,41.452826966899636,41.06904477428371,40.43889029906817,39.11555479748347,,,,41.19444693445504,43.34142116189019,"rgba(0, 255, 255, 0.75)",4.193029286159957,42.874217292863094,1.9593907283822132,69.1950333293106,11.476056194730504,True,False,True,False,True,14.586466400037658,0.0,0.0,0.0,0.0,0,1.1044987245202946,0.8102524153571024,False,False,False,False,0.34282824928085254,0.2969636342284083,False,False,False,False,301996,-30502.428728324565,False,False,False,False,92987.54703592884,False,False,False,False
2023-12-21 00:00:00+00:00,52.01,52.18,51.39,51.85,61018,,,,,,,,,,,,,,,,,,51.689206287599454,47.287682418047716,45.5172378433743,43.93362060490239,41.49258049851451,41.28852702975329,40.93489514129022,40.20886275401315,39.599330139671515,37.54363661776322,37.03368281696475,36.5072464805897,36.55485306052443,37.97961732412715,,,,,,,,,,,,,,,,,,,48.305319597693504,47.234371195054706,46.30576014654687,44.68885662395956,41.93128735397447,41.52263122300435,41.13416554612894,40.497448797567344,39.17200091554661,,,,41.25506992979542,43.42131571105293,"rgba(0, 255, 0, 1.0)",4.312170394768046,42.94685480721143,2.1017595231823116,70.57968492334341,12.95763627722971,True,False,True,False,True,15.90699363710695,0.0,0.0,0.0,0.0,0,1.0989938818320273,0.8147520686454199,False,False,False,False,0.3369349416897946,0.3169492879591015,False,False,False,False,363014,-15070.41191544909,False,False,False,False,91733.83930902967,False,False,False,False
2023-12-22 00:00:00+00:00,51.16,52.31,50.52,52.1,110467,,,,,,,,,,,,,,,,,,51.57501961122862,47.446553871959836,45.63745166417079,44.053510284975566,41.609141149659564,41.39993175541722,41.03838225113175,40.30699666975749,39.69576803467845,37.6375594355908,37.12251983804703,36.59139059931119,36.62397385964905,38.03475231981814,,,,,,,,,,,,,,,,,,,48.525846211182206,47.35423443425431,46.43529530891172,44.81037296202103,42.052819163996546,41.64029272189152,41.2443544697053,40.597075168003315,39.2687131424111,,,,41.34092509609968,43.54766706470856,"rgba(0, 255, 255, 0.75)",4.403357543699825,43.05381334193812,1.8409103911309534,69.34194071639655,12.95763627722971,True,False,True,False,True,14.071483310144338,0.0,0.0,0.0,0.0,0,1.089665753479071,0.8216578140846049,False,False,False,False,0.31812367531365393,0.3175364816363777,False,False,False,False,252547,-4575.611448176578,False,False,False,False,92468.47306161675,False,False,False,False
2023-12-26 00:00:00+00:00,51.6,51.69,50.805,51.0,40471,,,,,,,,,,,,,,,,,,51.553111803307424,47.50217399706135,45.68052156251587,44.096672970346845,41.65130754711346,41.440271782768924,41.075909415559046,40.342629989879725,39.73080871146098,37.671736890640396,37.1548702065881,36.6220519012262,36.64919544194043,38.05489079688609,,,,,,,,,,,,,,,,,,,48.599710330278796,47.39678176752105,46.48142352698498,44.85401947863979,42.09672596902205,41.68284914237905,41.28426785972426,40.6332349737572,39.30386262340761,,,,41.373296644092484,43.59254174130164,"rgba(0, 255, 255, 0.75)",4.49189431337415,43.0930166735874,1.8938520661726035,69.04595438711118,12.95763627722971,True,False,True,False,True,14.714438230245246,0.0,0.0,0.0,0.0,0,1.0910417216957258,0.8215540288677301,False,False,False,False,0.3096795857513782,0.31360803369387796,False,False,False,False,293018,7094.726255673483,False,False,False,False,90429.35647096513,False,False,False,False
2023-12-27 00:00:00+00:00,50.92,51.66,50.71,51.46,52747,,,,,,,,,,,,,,,,,,51.49848313264039,47.56746426865615,45.73308860194402,44.150120219243135,41.70421705136815,41.490952110725694,41.12314724296474,40.38760639750484,39.77511750224416,37.715158811418675,37.196021396597175,36.661099260334694,36.681341142508565,38.08051938542463,,,,,,,,,,,,,,,,,,,48.68159971511212,47.44723902633332,46.537030568014046,44.90773148391618,42.15169439007465,41.736236471116584,41.33444580334845,40.678830833765005,39.34835607396646,,,,41.4117383231125,43.64701826284964,"rgba(0, 255, 255, 0.75)",4.564703943312272,43.139782853637556,1.704429738047132,67.13003771043608,12.95763627722971,True,False,True,False,True,13.245902131854795,0.0,0.0,0.0,0.0,0,1.0904853657877212,0.8236951601050901,False,False,False,False,0.3065397972657994,0.31007391547983865,False,False,False,False,240271,16238.893853490208,False,False,False,False,88951.61700151551,False,False,False,False
2023-12-28 00:00:00+00:00,49.42,50.81,49.3825,50.81,77696,,,,,,,,,,,,,,,,,,51.25454554777764,47.62748596914464,45.79140933449291,44.21374431398153,41.771049831141525,41.555238438739714,41.18346959623667,40.445669874438444,39.83275949103716,37.77279732566779,37.250889755464605,36.71338187824135,36.72442742167939,38.114549148755266,,,,,,,,,,,,,,,,,,,48.73640165147533,47.49496542097993,46.59516534013022,44.96984514502303,42.22052057567246,41.80362663257417,41.39826533721806,40.73745592996748,39.40651159967513,,,,41.446529851914185,43.70697307030176,"rgba(38, 166, 154, 1.0)",4.5978757649103645,43.18484960251586,1.3560937085488423,62.592549518389085,19.497369238886975,True,False,True,False,False,10.110023362649663,0.0,0.0,0.0,0.0,0,1.0825234332982543,0.8319479377104891,False,False,False,False,0.2527174492800598,0.2813956823799492,False,False,False,False,162575,21977.564682765103,False,False,False,False,88510.22025635804,False,False,False,False
2023-12-29 00:00:00+00:00,48.38,49.87,48.24,49.01,67514,,,,,,,,,,,,,,,,,,50.97517782465459,47.65411196832774,45.82817478198971,44.25792978784126,41.820892954182476,41.60341205269236,41.22901558205306,40.490041563401014,39.87717728672047,37.818169377116156,37.29428281030987,36.7549106209924,36.758693182821176,38.14135634147442,,,,,,,,,,,,,,,,,,,48.74000528733326,47.51742583385559,46.62852374354154,45.01137270288573,42.2713359823335,41.85384605303117,41.44623345096566,40.78205784024644,39.451551680205576,,,,41.46452472389833,43.744705841599824,"rgba(38, 166, 154, 1.0)",4.605135996857213,43.209421916362224,1.1227851006281795,57.68692495390332,14.817798364068551,False,False,True,False,False,8.022757004276745,0.0,0.0,0.0,0.0,0,1.062863658426466,0.8427978836849832,False,False,False,False,0.202555635631445,0.24197565900569712,False,False,False,False,95061,24843.58175402922,False,False,False,False,87686.8390698342,False,False,False,False
2024-01-02 00:00:00+00:00,44.94,47.79,44.68,47.61,110001,,,,,,,,,,,,,,,,,,50.15770365915926,47.589668127926565,45.82769453011284,44.281660659834536,41.8661878625682,41.64824257236188,41.27298192781513,40.53546451334853,39.924464555682796,37.8712011180198,37.34592269312885,36.80515928807358,36.80021447159926,38.17246046014813,,,,,,,,,,,,,,,,,,,48.56666161630526,47.47169406764724,46.60893163429725,45.02501513013215,42.315032306056914,41.89930881362682,41.49157740708903,40.82674705445276,39.500633076067224,,,,41.435644745698525,43.745066789519406,#000000,4.596654357168898,43.18321416968394,0.3821879336165854,49.992269903042455,7.723266479432702,False,True,False,False,False,1.6759491306078154,0.0,0.0,0.0,0.0,0,1.0226553966705252,0.8651598817046743,False,False,False,False,0.07092283298391959,0.15644924599480836,False,False,False,False,-14940,23283.4412930869,False,False,False,False,88561.9042043505,False,False,False,False
2024-01-03 00:00:00+00:00,44.27,45.37,44.21,44.59,124199,,,,,,,,,,,,,,,,,,49.31858213444243,47.47720848433534,45.80182491534513,44.28736993117072,41.90106078226643,41.68359158348577,41.308878517794604,40.57448110985148,39.96636070826983,37.92140543224638,37.395403727569025,36.85383288236903,36.84052007592973,38.201862800790146,,,,,,,,,,,,,,,,,,,48.31985871799542,47.3882056598453,46.556919250592294,45.0172244619477,42.34673950794836,41.934172660867134,41.52787121261043,40.86445195643991,39.54488209124516,,,,41.395170220419004,43.72225839105463,#000000,4.587131227782942,43.13858929003726,0.24664886478723616,44.215822328287786,2.630191829775235,False,True,False,True,False,0.5284325827300371,0.0,0.0,0.0,0.0,0,1.0242919593940036,0.891643300813027,False,False,False,False,0.004689806759183913,0.08056952637699613,False,False,False,False,-139139,16913.93379139722,False,False,False,False,89959.43737280736,False,False,False,False
2024-01-04 00:00:00+00:00,44.94,45.25,43.635,44.04,110967,,,,,,,,,,,,,,,,,,48.75722226040884,47.38341908934713,45.779472721279184,44.29218382323519,41.93138542364384,41.71438219127358,41.340225804414644,40.60864467674214,40.00309949962532,37.96557804725881,37.43899651586509,36.89676448065474,36.8761433656074,38.227872794604906,,,,,,,,,,,,,,,,,,,48.123617641915665,47.31742488289023,46.512503084623525,45.01037136825635,42.37423738416012,41.9644795702607,41.55950699034535,40.89743740080782,39.58371048604023,,,,41.37252790671148,43.70480986769999,#000000,4.58222161783512,43.109556079145186,0.3994664757658773,41.66871757054325,0.5361778470078207,False,True,False,True,False,1.6485979473538386,0.0,0.0,0.0,0.0,0,1.0254333430685472,0.8935332193809101,False,False,False,False,-0.011210177146113354,0.034679674615441386,False,False,False,False,-28172,15145.857956440466,False,False,False,False,90783.26335818745,False,False,False,False
2024-01-05 00:00:00+00:00,43.77,45.0,42.99,44.66,138858,,,,,,,,,,,,,,,,,,48.12945275110487,47.247302387374525,45.7368925787359,44.28532736091122,41.958873625707916,41.74306054052267,41.37053565344093,40.643370109971734,40.041511056326996,38.014394694478995,37.487642855229325,36.945085841788575,36.91633518443725,38.25664494136747,,,,,,,,,,,,,,,,,,43.92,47.86275362254072,47.2125199404198,46.440607246806636,44.98797300331498,42.39740314308059,41.99182455973696,41.589456990275416,40.93039766949578,39.624925040827016,,,,41.341173541528455,43.69578612164979,#000000,4.570386949139581,43.34511694548948,0.09296435055471874,38.74682987238714,-2.0738911791362966,False,True,False,True,False,0.0,0.0,0.0,0.0,0.0,0,1.008530178365703,0.9128072901042694,False,False,False,False,-0.031695186696421115,0.0014922439595101353,False,False,False,False,-167030,8001.706664031037,False,False,False,False,92668.54714806247,False,False,False,False
2024-01-08 00:00:00+00:00,45.52,45.71,44.0,44.16,75913,,,,,,,,,,,,,,,,,,47.927208213955446,47.20164550736758,45.7287295369501,44.29321775206446,41.98225761951025,41.766589743971906,41.394188721538285,40.66864161984489,40.068361741970385,38.04590668680403,37.51865705635529,36.975557190466965,36.941711441659244,38.275439416639585,,,,,,,,,,,,,,,,,,44.328835628025516,47.771333601325566,47.17706369612967,46.420237285029984,44.98895798848623,42.419176264095405,42.01522834828895,41.61347933199097,40.95496945820536,39.65310640817805,,,,41.342008017792736,43.734238800975575,#000000,4.558355488194981,43.359581168898,0.4739469830066902,39.9692051225064,-2.0738911791362966,False,True,False,True,False,2.5348317925864414,0.0,0.0,0.0,0.0,0,1.033421202511703,0.8991704150778276,False,False,False,False,0.007663925867399139,0.004578084913454637,False,False,False,False,-91117,4114.698559559231,False,False,False,False,92011.4668677463,False,False,False,False
2024-01-09 00:00:00+00:00,46.02,46.42,45.12,45.12,65515,,,,,,,,,,,,,,,,,,47.815047504814046,47.177606232300796,45.730045082039425,44.30652830088423,42.00715339124303,41.791333036008695,41.418615002383476,40.694023314915746,40.094863468753736,38.07585654276452,37.54794972712921,37.004175450671205,36.96556411863574,38.293419259715314,,,,,,,,,,,,,,,,,,44.68517689074731,47.71851435152785,47.15836688316149,46.413023437117,44.9971637985469,42.44309370679498,42.04019500424512,41.638536874547036,40.979894700591146,39.68064399041984,,,,41.351584316589935,43.775460963769866,"rgba(38, 166, 154, 0.5)",4.530359451164699,43.381864901945114,0.5823235720019208,41.60279500764284,-2.0738911791362966,False,True,False,True,False,3.335330047223625,0.0,0.0,0.0,0.0,0,1.0556333757190721,0.8610601060082083,False,False,False,False,0.0495691524963573,0.027073618704905968,False,False,False,False,-25602,2949.3378317333795,False,False,False,False,90972.38973567782,False,False,False,False
2024-01-10 00:00:00+00:00,47.14,47.51,45.985,46.01,58603,,,,,,,,,,,,,,,,,,47.77182330319397,47.17290830960706,45.74078800051128,44.32600675714926,42.03501562871206,41.81873459486024,41.44523649114667,40.720986451319654,40.12254741036498,38.10595769700671,37.57719028549845,37.03256560333969,36.98924053295048,38.31160084238275,,,,,,,,,,,,,,,,,,45.0644324788746,47.69831548188985,47.15487303007781,46.41826020672668,45.01300374728175,42.470553268902826,42.068183607451694,41.666091293221456,41.00662059515685,39.70912585878697,,,,41.36932870771737,43.82694595683705,"rgba(38, 166, 154, 0.5)",4.502940972898265,43.41502813860314,0.8272308883941077,44.439386706762704,-2.0738911791362966,False,True,False,True,True,5.1002644159894,0.0,0.0,0.0,0.0,0,1.0694504011414683,0.8349813418428628,False,False,False,False,0.08058499229518656,0.05382930550004626,False,False,False,False,33001,4127.834387351679,False,False,False,False,89703.00190290614,False,False,False,False
2024-01-11 00:00:00+00:00,46.82,47.44,46.0201,47.0,52183,,,,,,,,,,,,,,,,,,47.73189034742328,47.16721666646414,45.74920885769401,44.34231217370665,42.05895915517085,41.84232230091342,41.468212596770684,40.744341133267106,40.14658071355074,38.132229369611636,37.602744484321434,37.05740643812242,37.00997711859111,38.32750324796469,,,,,,,,,,,,,,,,,,45.29068631292107,47.67865030489051,47.15053466311269,46.42165128401995,45.026005178824285,42.49407139361793,42.09222860943362,41.68983295715618,41.029740243024925,39.73388308604647,,,,41.38435032882659,43.86072840330476,"rgba(38, 166, 154, 0.5)",4.469021506462663,43.438057847462694,0.7567522661608747,45.845696946066994,-2.0738911791362966,False,True,False,True,True,4.529238056080846,0.0,0.0,0.0,0.0,0,1.0667865146110724,0.8517149028898958,False,False,False,False,0.07162472684986888,0.06272701617495757,False,False,False,False,-19182,3213.7232349065152,False,False,False,False,88231.62927926276,False,False,False,False
2024-01-12 00:00:00+00:00,46.31,47.43,46.1,46.88,61525,,,,,,,,,,,,,,,,,,47.68215458858888,47.15835821099487,45.75754502644987,44.360108635425135,42.086008014571355,41.869024077991156,41.49430415012729,40.77098001275792,40.17407032462937,38.16247692901743,37.6322116434395,37.086091524039,37.03394710066502,38.34585098652455,,,,,,,,,,,,,,,,,,45.47048392079488,47.652960280693264,47.143664372621174,46.42386770771763,45.03981176138499,42.5205284580356,42.11938247240646,41.71674048062149,41.0560695408012,39.76224523405954,,,,41.400937944658665,43.89057542291362,"rgba(38, 166, 154, 0.5)",4.41142224211181,43.45953719617125,0.6461550600661157,45.99801815769804,-2.0738911791362966,False,True,False,True,True,3.6177791341571144,0.0,0.0,0.0,0.0,0,1.067477071765909,0.8610121083962514,False,False,False,False,0.07061483878808511,0.06667092748152134,False,False,False,False,-80707,-77.28551940354419,False,False,False,False,87184.31048399756,False,False,False,False
2024-01-16 00:00:00+00:00,44.59,45.71,44.445,45.71,86415,,,,,,,,,,,,,,,,,,47.51949782245616,47.10907170426338,45.74628146326456,44.366149568246584,42.10941156369549,41.89278116372512,41.518496272602746,40.79723137668982,40.20220863873877,38.196133624028754,37.66551055428578,37.118961156094606,37.0614796582213,38.366218804831945,,,,,,,,,,,,,,,,,,45.38142812423471,47.56326199808852,47.10433760339466,46.39975403472667,45.03830536604506,42.54193611746295,42.14276837202261,41.741103439537056,41.08145956271564,39.79191094781961,,,,41.40495952651036,43.87862655660474,#000000,4.340489726178793,43.45059624000744,0.2625058073794014,43.74963041932588,-2.0738911791362966,False,True,False,True,True,0.6347080076693317,0.0,0.0,0.0,0.0,0,1.0480743180619125,0.8764217440694317,False,False,False,False,-0.0534810569859592,0.00659493524778107,False,False,False,False,-167122,-6628.05863628968,False,False,False,False,87154.14144540942,False,False,False,False
2024-01-17 00:00:00+00:00,45.44,45.6351,43.91,44.12,71635,,,,,,,,,,,,,,,,,,47.40220230400968,47.07125879813835,45.738047369102866,44.37177428635724,42.129065855263164,41.912709958264855,41.53875927586141,40.81916010607179,40.22567418767724,38.22410986926361,37.693186418680995,37.14627800173861,37.08438887858063,38.383212686662134,,,,,,,,,,,,,,,,,,45.33610015104198,47.495358886671085,47.073927899301424,46.38138769609276,45.037876715549004,42.55998305729895,42.16241106921612,41.76152208080719,41.102689244275794,39.81662521481266,,,,41.40998771397661,43.872788201506694,#000000,4.298725568527737,43.44638811267024,0.4637681227956463,43.798538559404165,-2.0738911791362966,False,True,False,True,True,2.0309034295471378,0.0,0.0,0.0,0.0,0,1.0319030816558472,0.898579665474625,False,False,False,False,-0.15140333088798508,-0.072404197820102,False,False,False,False,-95487,-10112.723003494006,False,False,False,False,86545.5476632365,False,False,False,False
2024-01-18 00:00:00+00:00,46.05,47.35,45.9,46.1,92927,,,,,,,,,,,,,,,,,,47.347124602377406,47.05679268081153,45.74779459602913,44.39541894056039,42.16676343817172,41.950070638191335,41.5754889605422,40.856948714105535,40.26485145310931,38.267696919739954,37.735789281509,37.18787537821889,37.11927863848648,38.40989563788776,,,,,,,,,,,,,,,,,,45.481021066156515,47.46014112164174,47.0621674022641,46.38225404747607,45.05558121984099,42.59659874705245,42.20022806068191,41.79924451007383,41.139938780763856,39.8571456910678,,,,41.43441356283861,43.90343206470192,"rgba(38, 166, 154, 0.5)",4.274376734504,43.47146498531039,0.6032540355825281,44.89540174693403,-2.0738911791362966,False,True,False,True,True,3.020525623772265,0.0,0.0,0.0,0.0,0,1.0436780912062786,0.9165424341486786,False,False,False,False,-0.08154218283005246,-0.07697319032507724,False,False,False,False,-2560,-9816.537787670712,False,False,False,False,86795.80069605076,False,False,False,False
2024-01-19 00:00:00+00:00,46.17,46.3086,45.24,46.27,66959,,,,,,,,,,,,,,,,,,47.290424438211225,47.038294384881084,45.74937872175302,44.407802097788064,42.190214113363126,41.97349001895398,41.59877987663695,40.88131940683843,40.29038938663218,38.296808940322165,37.764385479650834,37.21592251895135,37.1428439346088,38.42775680010642,,,,,,,,,,,,,,,,,,45.51796894020114,47.42387732155516,47.04707537177911,46.37660103034754,45.06328701074673,42.618989822927624,42.22372289604878,41.823000982593435,41.16381715963608,39.88372079156766,,,,41.44770072276412,43.914206132740325,"rgba(38, 166, 154, 0.5)",4.231120972589332,43.48120202500899,0.635481233557248,45.841194233579714,-2.0738911791362966,False,True,False,True,True,3.2159522507766702,0.0,0.0,0.0,0.0,0,1.008863152918932,0.934348098351149,False,False,False,False,-0.1729579639187909,-0.12496557712193407,False,False,False,False,64399,-6906.124541095389,False,False,False,False,86017.88694326446,False,False,False,False
2024-01-22 00:00:00+00:00,45.15,47.2899,45.03,46.63,33833,,,,,,,,,,,,,,,,,,47.26182277092532,47.02850394488457,45.74975036966479,44.413640253898215,42.20168989891352,41.98497099131311,41.61022861764666,40.89334248348831,40.303016258389086,38.31127508023512,37.778612211721345,37.22989110940778,37.15459080415185,38.43664966295654,,,,,,,,,,,,,,,,,,45.53081168311441,47.40522401102961,47.03905527151943,46.37330099143075,45.06675000234112,42.62990631994532,42.2352167148012,41.834658832935986,41.175582331787204,39.8968764221605,,,,41.45414174697117,43.91873825810655,#000000,4.145765007268999,43.48551027694877,0.4014915751695487,44.84681581168001,-2.0738911791362966,False,True,False,True,True,1.4164403674750652,0.0,0.0,0.0,0.0,0,1.0014578578902336,0.9285541018545448,False,False,False,False,-0.1406162696650948,-0.13279092339351445,False,False,False,False,30566,-5436.629461052432,False,False,False,False,83971.42078862664,False,False,False,False
2024-01-23 00:00:00+00:00,44.81,45.605,44.28,45.51,55036,,,,,,,,,,,,,,,,,,47.189174427227684,47.00094307225013,45.7428436229862,44.416870499874825,42.21547502835437,41.99903595107042,41.624660466767466,40.909129757002354,40.320012570024446,38.33180570851834,37.798999176606415,37.25008175720224,37.171599925665895,38.44926430394339,,,,,,,,,,,,,,,,,,45.49030784619227,47.35858333306853,47.01647447086418,46.3591282719521,45.065510878481334,42.64240832766541,42.24897801359982,41.849113931190324,41.19081060796639,39.91483189856826,,,,41.45856401910673,43.91361475795486,#000000,4.088695944005027,43.482482744029355,0.32467986716329317,43.66825260664341,-2.0738911791362966,False,True,False,True,True,0.823086861794188,0.0,0.0,0.0,0.0,0,0.999030097590307,0.9542406901002598,False,False,False,False,-0.2563643361809627,-0.19457762978723858,False,False,False,False,-24470,-6183.036148854298,False,False,False,False,82836.69840475892,False,False,False,False
2024-01-24 00:00:00+00:00,44.22,45.58,44.14,45.42,52926,,,,,,,,,,,,,,,,,,47.11617739900881,46.972010439608,45.73435847812539,44.41833388706622,42.22736823534357,42.01127117720262,41.637362249302065,40.92324440676819,40.335347140792315,38.35067679768892,37.81780360802574,37.26876267945087,37.1873561398743,38.4608773603494,,,,,,,,,,,,,,,,,,45.4413665081345,47.31091538739829,46.992676978060864,46.34344924521887,45.06256820292939,42.65297492535895,42.26083382991644,41.861750024871654,41.20435188265464,39.93111193608327,,,,41.46149642847189,43.90619989206269,#000000,4.027560220944433,43.477533000694216,0.18434659162754377,41.994949800612666,-2.1009664089114324,False,True,False,True,False,0.0,0.0,0.0,0.0,0.0,0,0.990408702493962,0.9750591351123535,False,False,False,False,-0.2637288020355158,-0.2291532159113772,False,False,False,False,-77396,-8975.701397918834,False,False,False,False,81663.72983986641,False,False,False,False
2024-01-25 00:00:00+00:00,45.22,45.48,43.92,44.22,63777,,,,,,,,,,,,,,,,,,47.04117661724881,46.941384682430396,45.726401333377964,44.421798880191346,42.242874468607184,42.027120727400124,41.65366928023345,40.9411387035511,40.35464578390218,38.37408087883546,37.84107419954019,37.291836369018995,37.206828975725884,38.47532432809885,,,,,,,,,,,,,,,,,,45.40425221019596,47.26035601714868,46.967337905301704,46.32740646910945,45.06097956573576,42.666991737102386,42.27630808884357,41.87805300665364,41.22159431967241,39.95151738781131,,,,41.46709680201156,43.90147967075749,#000000,3.9853914905983796,43.47501987514416,0.43784409360342136,43.073375750984894,-2.1009664089114324,False,True,False,True,False,1.5183578541947362,0.0,0.0,0.0,0.0,1,0.9764914708550931,0.9746223744456146,False,False,False,False,-0.2780922757546775,-0.25362274583302735,False,False,False,False,-13619,-9157.791539176918,False,False,False,False,80962.2894539893,False,False,False,False
2024-01-26 00:00:00+00:00,44.59,45.41,44.42,45.04,43504,,,,,,,,,,,,,,,,,,46.991343392052165,46.92034471081382,45.72063977528292,44.42378780335022,42.253082394300876,42.03758091297219,41.6644703973468,40.95304678347542,40.36752317517388,38.38978653606869,37.856710175218986,37.30735769059448,37.219940392731544,38.485039406186026,,,,,,,,,,,,,,,,,,45.378754826899325,47.22612454464526,46.949858945791235,46.31617007031256,45.059531537057815,42.676166036891594,42.286490477050286,41.88882754344715,41.23305013974097,39.965152863543494,,,,41.47076096754058,43.89801269853797,#000000,3.9393448625306458,43.473110444880895,0.28352164994298457,42.748999219530845,-2.1009664089114324,False,True,False,True,False,0.4073329664606611,0.0,0.0,0.0,0.0,1,0.9818415119288094,0.9960861846861567,False,False,False,False,-0.25881609867178695,-0.2562194222524071,False,False,False,False,-57123,-11038.78010626802,False,False,False,False,79493.33692638189,False,False,False,False
2024-01-29 00:00:00+00:00,46.15,46.15,45.01,45.23,66243,,,,,,,,,,,,,,,,,,46.95123066238894,46.90333589491369,45.721106157901964,44.43429838369394,42.27427589167286,42.05884688353177,41.685774613848444,40.97553648758768,40.39121321714404,38.417122767662384,37.88366601659149,37.33388923887824,37.24234234525187,38.50202086410208,,,,,,,,,,,,,,,,,,45.40262295441735,47.19583545537075,46.93550237063437,46.31009359052995,45.06563835922049,42.69623415792751,42.307705445780456,41.91044895859999,41.25501836886644,39.98987101785896,,,,41.483904244654944,43.906897067920625,"rgba(38, 166, 154, 0.5)",3.9006573851130124,43.48205896840279,0.6839721534579002,45.59365027889373,-2.1009664089114324,False,True,False,True,True,3.0470930884177037,0.0,0.0,0.0,0.0,1,0.9531506368329558,1.0469892829375762,False,False,False,False,-0.20030251817794703,-0.22826097021517708,False,False,False,False,9120,-10248.239709943784,False,False,False,False,78973.71587044535,False,False,False,False
2024-01-30 00:00:00+00:00,45.53,46.27,45.4,46.1,53359,,,,,,,,,,,,,,,,,,46.91984128002992,46.88956511076119,45.721198514138635,44.44241694322668,42.29098537010186,42.07563378436156,41.70262251127601,40.99336251911419,40.41001603591459,38.43888632004448,37.90514554512816,37.3550474756571,37.26022480222121,38.51557331660186,,,,,,,,,,,,,,,,,,45.41811295153692,47.171734437214205,46.92383379044865,46.30497073058947,45.07022949040805,42.71202019569737,42.32442820735065,41.9275269016203,41.27241730952987,40.00950370020143,,,,41.494322823469815,43.913477771459696,"rgba(38, 166, 154, 0.5)",3.8608271764593582,43.488897432003,0.5286697577250353,46.3816967304435,-2.1009664089114324,False,True,False,True,True,1.942817606457595,0.0,0.0,0.0,0.0,1,0.9167117686775913,1.0486271126496405,False,False,False,False,-0.17823954939979514,-0.20325025980748612,False,False,False,False,-44239,-11581.210701710694,False,False,False,False,77969.21720885925,False,False,False,False
2024-01-31 00:00:00+00:00,43.95,45.53,43.83,45.53,62478,,,,,,,,,,,,,,,,,,46.84709907088795,46.856220429376194,45.70993742781133,44.44237516982648,42.30305350727956,42.0881963512341,41.71588319659338,41.00840233477875,40.42654275103829,38.45970453698101,37.92600572311659,37.375873284084875,37.277878178437085,38.52853824520152,,,,,,,,,,,,,,,,,,45.367085771471096,47.119958703301634,46.89588461922811,46.285740221569725,45.06516928526516,42.72245294013518,42.33643300554822,41.9405832858757,41.28674668066678,40.0271525350649,,,,41.497550729046225,43.904720704812654,#000000,3.8250545918498062,43.483098156835304,0.12206409920515776,44.44835480176209,-2.1009664089114324,False,True,False,True,True,0.0,0.0,0.0,0.0,0.0,1,0.8988818693804435,1.0439172578025957,False,False,False,False,-0.2798954883302926,-0.24157287406888936,False,False,False,False,-106717,-15312.025968310274,False,False,False,False,77361.71849478634,False,False,False,False
2024-02-01 00:00:00+00:00,44.31,44.81,42.96,44.52,98664,,,,,,,,,,,,,,,,,,46.722393265867595,46.7967539727826,45.686952148708755,44.43766021325949,42.318227717147956,42.104348607511426,41.73344776799165,41.02907853305659,40.44972661672817,38.49005245039081,37.9566202313181,37.40661740790824,37.30399330984579,38.54748416033594,,,,,,,,,,,,,,,,,,45.26538176451573,47.030170764822195,46.84585585371781,46.2496073321589,45.05223405276798,42.73479392499131,42.35146822522818,41.957585566628474,41.30620167781678,40.05217349030692,,,,41.49881117163236,43.884547265295424,#000000,3.7876104330822424,43.46846179736707,0.22218182611460235,43.894615762659626,-2.1009664089114324,False,True,False,True,False,0.0,0.0,0.0,0.0,0.0,1,0.8882743913461514,1.0489883495806949,False,False,False,False,-0.34282825441539394,-0.29220056424214164,False,False,False,False,-8053,-15027.3582832785,False,False,False,False,78197.1020832261,False,False,False,False
2024-02-02 00:00:00+00:00,43.56,44.09,43.48,43.77,65733,,,,,,,,,,,,,,,,,,46.63619491425598,46.754131150301596,45.66912903498992,44.43220297647756,42.32634329358698,42.113212934802505,41.74340681014515,41.04125845955657,40.46365458808127,38.5089422339478,37.975791401439416,37.425970555603584,37.32046584069697,38.559308882615554,,,,,,,,,,,,,,,,,,45.19054027611243,46.967181893876976,46.80984602101447,46.22283043572178,45.04118740318952,42.74090324573841,42.35947193588288,41.96704979551259,41.31751959251157,40.06735581018203,,,,41.49785807689292,43.86838864097427,#000000,3.7446047290171016,43.456296209423286,0.02769418886140674,42.40738569411199,-2.9516670118734822,False,True,False,True,False,0.0,0.0,0.0,0.0,0.0,1,0.8892769849199039,1.055298902056329,False,False,False,False,-0.34282825441539394,-0.3175144093287678,False,False,False,False,-73786,-17331.618742757775,False,False,False,False,77708.31376623684,False,False,False,False
2024-02-05 00:00:00+00:00,41.81,43.59,41.38,43.48,123633,,,,,,,,,,,,,,,,,,46.41269943366275,46.64036796646734,45.61228571941576,44.40198869322016,42.32562357612982,42.11472144066098,41.74825648449904,41.051584358430546,40.47797313828928,38.53430050383406,38.00247434923309,37.45372531614108,37.344240512035434,38.5751832490597,,,,,,,,,,,,,,,,,,44.94733233826871,46.80500509235006,46.71365543281404,46.14577169611295,44.998792619111214,42.735302860390334,42.35838178345947,41.96999560023595,41.32579258542873,40.08434047267031,,,,41.47824462436279,43.80843704808418,#000000,3.7232011219641703,43.40770490572069,-0.4291213000273868,39.21415896962855,-6.089168534647861,False,True,False,True,False,0.0,0.0,0.0,0.0,0.0,0,0.8717962532518513,1.0586205481068711,False,False,False,False,-0.34282825441539394,-0.33017133187208086,False,False,False,False,-197419,-24393.868988139824,False,False,False,False,79509.2818538354,True,False,False,False
2024-02-06 00:00:00+00:00,42.99,42.995,41.25,41.88,89794,,,,,,,,,,,,,,,,,,46.26959942729792,46.56402591492465,45.573989571981656,44.382082750668346,42.326296220436774,42.11692142166965,41.75274918883665,41.05990257207296,40.4891033330421,38.553245234667465,38.0223295847356,37.47431431480343,37.36189330089534,38.58709865554204,,,,,,,,,,,,,,,,,42.411666666666676,44.80318185434371,46.69775401137284,46.6485975138024,46.09376908078267,44.9704636407256,42.732588469827405,42.35880256859722,41.97319789808742,41.33267154431446,40.09736081559328,,,,41.46668224939818,43.64727764219215,#000000,3.68259725228312,43.53273622325222,-0.1473786531817284,39.55976700251997,-6.089168534647861,False,True,False,True,False,0.0,0.0,0.0,0.0,0.0,0,0.8765783580623618,1.0900957294954232,True,False,False,False,-0.34282825441539394,-0.3364997931437374,False,False,False,False,-107625,-27657.83491017356,False,False,False,False,79912.60413407715,False,False,False,False
2024-02-07 00:00:00+00:00,44.55,44.77,42.51,43.37,64191,,,,,,,,,,,,,,,,,,46.21160458697699,46.53063481860718,45.560159916400316,44.378968104214955,42.33528283213123,42.126543614830624,41.76330313897231,41.07245438859743,40.503258332405544,38.572006409592305,38.04132909212711,37.49346179936974,37.378242386509385,38.598964503591425,,,,,,,,,,,,,,,,,43.050165319132816,44.76960248943849,46.650509607065786,46.61966424321481,46.0725713345684,44.96248591005309,42.73980450386294,42.36769742755328,41.9833566534344,41.344441053410485,40.11268102575282,,,,41.469015280309044,43.6975435970443,#000000,3.6308895393343374,43.5577594650312,0.27327753274221367,42.54774439783481,-6.089168534647861,False,True,False,True,True,0.3927274771408946,0.0,0.0,0.0,0.0,1,0.915734361365442,1.0246128599523319,False,False,False,False,-0.23162086120945485,-0.28406032717659613,False,False,False,False,-43434,-28276.508050951066,False,False,False,False,79296.07063862315,False,False,False,False
2024-02-08 00:00:00+00:00,45.37,45.37,44.27,44.88,59856,,,,,,,,,,,,,,,,,,46.184154257842266,46.51270220717588,45.555790922469555,44.383073916781555,42.34903777587679,42.14060696297468,41.77779389364678,41.08834574595322,40.52038826166516,38.592812526418626,38.0620981746662,37.51413188910458,37.39586402542531,38.61216690284666,,,,,,,,,,,,,,,,,43.59687443786115,44.77781481738242,46.62457959936766,46.60370391000555,46.06283271336151,44.962779619562205,42.7523145412545,42.381421720727865,41.997807670337174,41.35975788905311,40.13077978140438,,,,41.47778339020338,43.75006060911978,"rgba(38, 166, 154, 0.5)",3.5600943554659477,43.58812803223517,0.5005125678843465,45.81158753662008,-9.092991250756135,False,True,False,True,True,1.73472864417419,0.0,0.0,0.0,0.0,1,0.9557819986536609,1.0063330737450666,False,False,False,False,-0.14900666977410565,-0.2165334984753509,False,False,False,False,16422,-26523.62538228632,False,False,False,False,78533.7149273046,False,False,False,False
2024-02-09 00:00:00+00:00,46.19,46.69,45.23,45.82,65843,,,,,,,,,,,,,,,,,,46.18055825166647,46.50663223466699,45.559905866574866,44.39494965534339,42.36983272847249,42.161446063044885,41.79864394585381,41.110253812361776,40.543390451004214,38.61920909269436,38.08818188061442,37.539857614656,37.41777464353202,38.628965071060975,,,,,,,,,,,,,,,,,44.171248516182544,44.824659195012856,46.6145721975448,46.59761088068425,46.06257315586884,44.97120699375189,42.77216140417408,42.4022398842295,42.018955967331294,41.38119592277459,40.15472421777676,,,,41.49425723653904,43.815558939575574,"rgba(38, 166, 154, 0.5)",3.491192227760004,43.62983806721602,0.7333202429894877,49.18517189480234,-5.999239487224159,False,True,False,False,True,3.055248008637875,0.0,0.0,0.0,0.0,1,0.9913656832401271,0.9633347059683054,False,False,False,False,-0.07108086392087672,-0.1438071811981138,False,False,False,False,82265,-22257.404779059405,False,False,False,False,78036.03983211618,False,False,False,False
2024-02-12 00:00:00+00:00,45.47,46.7,45.381,46.0,39824,,,,,,,,,,,,,,,,,,46.175759234196036,46.501609413189776,45.561401282694604,44.40124417284635,42.381663388435705,42.17334152433409,41.8106058362743,41.12291299539106,40.556741295407676,38.63468514543103,38.103507610184586,37.55500256405905,37.43068771708528,38.63883367192964,,,,,,,,,,,,,,,,,44.38053239564162,44.84723593462844,46.606784226408905,46.5927855678905,46.06130737145845,44.97536001118532,42.78337089492863,42.414077023272775,42.03105174116665,41.39355205765111,40.168656788898815,,,,41.503428275104234,43.84133763755739,"rgba(38, 166, 154, 0.5)",3.4541143347953223,43.646999657795035,0.5277764907318818,50.16881249116361,-5.147885704010513,False,False,False,False,True,1.8147844896900516,0.0,0.0,0.0,0.0,1,0.9979760934528662,0.9717440912795435,False,False,False,False,-0.06562152009673351,-0.10471435064742365,False,False,False,False,42441,-19720.212434782563,False,False,False,False,76537.52846615085,False,False,False,False
2024-02-13 00:00:00+00:00,44.32,45.35,44.265,44.87,50031,,,,,,,,,,,,,,,,,,46.14831278637606,46.48392847897718,45.55551143479591,44.4025614613669,42.391287487364714,42.18331422593454,41.821079784009385,41.13469067520244,40.56962161275048,38.65080198072421,38.11969341397056,37.57119786988671,37.444540109695396,38.64912763900519,,,,,,,,,,,,,,,,,44.41633803107836,44.84179394322897,46.58198626051578,46.57711191873263,46.05077459508745,44.97341095480707,42.79184898693449,42.42365728982762,42.04137818848841,41.40480650522255,40.182371168413795,,,,41.50897635428998,43.844134349303374,#000000,3.3453354536276327,43.64878928945573,0.20064077873458747,48.97300104706206,-5.147885704010513,False,False,False,False,True,0.0,0.0,0.0,0.0,0.0,1,0.9782540866852066,0.9668968323950349,False,False,False,False,-0.14986942740233683,-0.12729188902488026,False,False,False,False,-7590,-19244.51782949697,False,False,False,False,75498.05676159592,False,False,False,False
2024-02-14 00:00:00+00:00,45.93,46.0,44.42,44.42,29368,,,,,,,,,,,,,,,,,,46.14103972157817,46.47818084166426,45.55511486674457,44.40587364302199,42.39890305229835,42.19103284370029,41.82893434190145,41.143144537094734,40.57863056837434,38.66148741947858,38.130324666567844,37.58174796866741,37.45355295896161,38.65596279654245,,,,,,,,,,,,,,,,,44.49243743445632,44.85125150416229,46.57364886078617,46.571813031876005,46.04816339370152,44.975055761034575,42.79893595332355,42.431266734172894,42.04926428372906,41.413008894145904,40.191827502416146,,,,41.51456644475686,43.85424303216404,"rgba(38, 166, 154, 0.5)",3.2028611252110357,43.65587638850913,0.7100287906928934,50.685565508915055,-4.699211555705915,False,False,False,False,True,2.49065554737043,0.0,0.0,0.0,0.0,1,0.978400161192827,0.9558036134058701,False,False,False,False,-0.12219237147905317,-0.1247421302519667,False,False,False,False,21778,-17635.79164010493,False,False,False,False,73689.03492780784,False,False,False,False
2024-02-15 00:00:00+00:00,45.8,46.21,45.3984,46.21,60937,,,,,,,,,,,,,,,,,,46.133884662512315,46.47047937365677,45.55703155295271,44.414979599364834,42.41639784078589,42.208654007390976,41.84670150620683,41.16200889099951,40.598564117160734,38.68469904263803,38.15334435951889,37.60452648503466,37.47301177803191,38.67083583685086,,,,,,,,,,,,,,,,,44.66608233067446,44.88099381599877,46.56204564218689,46.56438383242241,46.045970355805025,44.98094114259534,42.815462106311315,42.448765565826264,42.06719718638343,41.43140086279765,40.21265023771268,,,,41.528222789507495,43.87962664351948,"rgba(38, 166, 154, 0.5)",3.0355852070976814,43.67422973148724,0.7002835115754189,51.604261394314534,-3.7243355022149416,False,False,False,False,True,2.269026700869208,0.0,0.0,0.0,0.0,0,0.992197785334098,0.9524786435238656,False,False,False,False,-0.08165921685029388,-0.1032006735511303,False,False,False,False,-39159,-18479.83902676748,False,False,False,False,73188.95512671734,False,False,False,False
2024-02-16 00:00:00+00:00,45.55,46.12,45.42,45.77,58536,,,,,,,,,,,,,,,,,,46.12517719064505,46.46209498738621,45.558061871000675,44.42295523073236,42.432513378864854,42.22492463334488,41.86316577616351,41.17957554121556,40.61718194459548,38.70652410402593,38.17502233852554,37.62600721480175,37.49138159441159,38.68485293803241,,,,,,,,,,,,,,,,,44.78245696837583,44.904770644724195,46.54971110475044,46.556405414318796,46.042996850738824,44.98579638356825,42.83060882013489,42.46487819838732,42.08377802857962,41.44849818392373,40.23213050515644,,,,41.54067419598185,43.89836646387803,"rgba(38, 166, 154, 0.5)",2.88717447835582,43.68838408283034,0.6447881591935537,51.76267426007591,-3.3920931225221054,False,False,False,False,True,1.8377834017664085,0.0,0.0,0.0,0.0,0,0.9939701143793928,0.9484471698570326,False,False,False,False,-0.08398365502825873,-0.09359216428969452,False,False,False,False,-97695,-21586.31592767856,False,False,False,False,72614.32943547351,False,False,False,False
2024-02-20 00:00:00+00:00,45.96,47.78,45.62,47.78,125880,,,,,,,,,,,,,,,,,,46.13865426423486,46.46189548323345,45.57204576110753,44.44976669630521,42.47454919120878,42.26692006016794,41.90499426778653,41.22314632242724,40.662658057630445,38.7580321277906,38.225868230223284,37.67611167554806,37.53422608828886,38.71804016687614,,,,,,,,,,,,,,,,,45.10892441447035,44.99611787505875,46.54684484658522,46.554406888169346,46.05037353046311,45.00689710324241,42.87110658838773,42.506979298403806,42.12628778303565,41.49127197954952,40.27929327499213,,,,41.57620774234493,43.95804578021437,"rgba(38, 166, 154, 0.5)",2.7712778657164194,43.73465668432301,0.8030025942929789,52.570479404611845,-2.387702150284042,False,False,True,False,True,2.514776394257975,0.0,0.0,0.0,0.0,0,0.9994969326127998,0.9266554226692756,False,False,False,False,-0.021013067254516394,-0.05730261577210546,False,False,False,False,28185,-19634.499616789202,False,False,False,False,74703.17926153337,False,False,False,False
2024-02-21 00:00:00+00:00,45.94,46.45,45.51,45.93,101462,,,,,,,,,,,,,,,,,,46.13314345429289,46.452970241542296,45.57695220088299,44.46574200326619,42.503729915151624,42.296302032002174,41.934609627797805,41.2545253985841,40.69576267546151,38.796458595918565,38.26400130678568,37.71386847132363,37.5665945540701,38.742914099997044,,,,,,,,,,,,,,,,,45.22562774948305,45.040169058469154,46.533262998505684,46.54536277399473,46.0491779445363,45.017892671536124,42.89874964572259,42.53616652689464,42.1561677342964,41.52189052744106,40.313834498605935,,,,41.59982675550548,43.98530019358961,"rgba(38, 166, 154, 0.5)",2.631976423126287,43.757601983923365,0.8291860052015052,53.06651109384443,-1.658761233836131,True,False,True,False,True,2.4790900637502737,0.0,0.0,0.0,0.0,0,1.0001599432734523,0.9478824843455519,False,False,False,False,-0.06972412283353398,-0.06351336930281971,False,False,False,False,-73277,-21738.12708279747,False,False,False,False,75752.54478068891,False,False,False,False
2024-02-22 00:00:00+00:00,45.88,47.28,45.42,47.03,90315,,,,,,,,,,,,,,,,,,46.134812563681066,46.4488707959824,45.5836992226308,44.48178691815053,42.53097103700351,42.32365724113529,41.96207202465961,41.283436737113874,40.726136921200826,38.83139082903183,38.298619861006806,37.74810418864342,37.59597041158332,38.76560236950097,,,,,,,,,,,,,,,,,45.33016657946957,45.08494934990315,46.526324168854316,46.54060605212391,46.05098770182559,45.02975859271892,42.92473121404418,42.563425411313986,42.18393553138512,41.550166917576654,40.34544862938161,,,,41.62250936580887,44.01186364987246,"rgba(38, 166, 154, 0.5)",2.5312116387929953,43.78029718050775,0.8295247964699984,53.25834058122837,-1.1899174535102048,True,False,True,False,True,2.3700501618126637,0.0,0.0,0.0,0.0,0,0.9817293719571053,0.9545859541563692,False,False,False,False,-0.044665324603578166,-0.05408934695319894,False,False,False,False,-163592,-27301.02405994267,False,False,False,False,76323.62145595602,False,False,False,False
2024-02-23 00:00:00+00:00,53.39,55.0,50.5,51.23,571888,,,,,,,,,,,,,,,,,,47.15476821647867,47.040982843739975,46.06204716209581,44.95287781517309,42.99691686713209,42.7764491038054,42.39366219634346,41.70091031574489,41.1397873921165,39.24172180472677,38.69312594496311,38.127399072508084,37.92033205728504,39.034196163574144,,,,,,,,,,,,,,,,,48.43069854568484,46.63985162896707,47.26310829146798,47.04683246713505,46.56001996169229,45.50642098153798,43.402179378278625,43.032147597536934,42.63381485901474,41.971470663313816,40.76091691318341,,,,42.08822692540622,44.84067829889207,"rgba(0, 255, 0, 1.0)",2.6303947567955173,44.47329316002213,3.3898740167961185,61.341190036448786,6.5352949737276305,True,False,True,False,True,13.436036368185313,0.0,0.0,0.0,0.0,0,0.9816098221246516,0.8892739108183988,False,False,False,False,0.34282824744613866,0.14436945024646985,False,False,False,False,408296,-10218.787822297858,False,False,False,False,95757.51865376167,False,False,False,False
2024-02-26 00:00:00+00:00,53.02,54.51,52.05,54.5,115709,,,,,,,,,,,,,,,,,,47.33190718380979,47.1520813987987,46.15436261253717,45.044454243201685,43.08823342586889,42.865377555855574,42.478709811156484,41.783424446641604,41.221664490578405,39.32320519135665,38.771622943258706,38.20300672243438,37.98527918571928,39.08818585179545,,,,,,,,,,,,,,,,,48.792386266386806,46.891497159553936,47.39733548292719,47.143312697959644,46.65740302465773,45.59874240883712,43.49550132714068,43.12396906412609,42.72223474349471,42.054662116771375,40.84319408070863,,,,42.177965361643764,44.97456712477854,"rgba(0, 255, 0, 1.0)",2.7054472378439653,44.59202267705061,3.115188204396789,66.02853068911699,10.717161943205618,True,False,True,False,True,12.76379461354086,0.0,0.0,0.0,0.0,0,0.9967463156120673,0.8977055673114736,False,False,False,False,0.34282824777718995,0.2435988490118299,False,False,False,False,292587,1655.9489550471553,False,False,False,False,96539.9296869475,False,False,False,False
2024-02-27 00:00:00+00:00,54.28,54.91,53.2032,53.33,125797,,,,,,,,,,,,,,,,,,47.54204510297076,47.28645662126759,46.265066689018305,45.15292732171683,43.194715757388266,42.96897561045216,42.577625709709785,41.87906168679499,41.316301587483075,39.4166362554574,38.861491740076254,38.28943833881579,38.059580202461085,39.15028870328894,,,,,,,,,,,,,,,,,49.199550905777,47.18161267658442,47.55905803927507,47.26055985080608,46.774815064726425,45.708715659361395,43.60457917061126,43.231054390884765,42.82515821761708,42.151215683680775,40.938116511142404,,,,42.28290080906437,45.130403288224244,"rgba(0, 255, 0, 1.0)",2.8225637059019006,44.73088061286343,3.383136886217885,69.91009213891328,14.07177456846766,True,False,True,False,True,14.365414213794551,0.0,0.0,0.0,0.0,0,1.004450056848894,0.9056005479860579,False,False,False,False,0.34282824820916474,0.2932135486104973,False,False,False,False,418384,17998.225466613934,False,False,False,False,97687.26577765543,False,False,False,False
2024-02-28 00:00:00+00:00,53.84,54.56,52.965,54.0,72281,,,,,,,,,,,,,,,,,,47.65103353530328,47.35760110124884,46.32458505315222,45.211755831364314,43.253086553835274,43.025842633685805,42.63204163934357,41.93182761487435,41.368615940696884,39.46855082318623,38.91150643432105,38.33761230160921,38.10106002180073,39.18492954920079,,,,,,,,,,,,,,,,,49.39219740103648,47.33031285908577,47.64384988124025,47.32289265986075,46.837558196594124,45.76811203293473,43.66423954726889,43.28974141282996,42.88169330953344,42.20443133865796,40.99064546795631,,,,42.34000350240161,45.21142491881806,"rgba(0, 255, 0, 1.0)",2.900705549463009,44.80410320052516,3.1150686084451435,71.61137164921004,15.427519590603282,True,False,True,False,True,13.553374182595746,0.0,0.0,0.0,0.0,0,0.9945882948369409,0.9155695059352312,False,False,False,False,0.3246830195471071,0.3089482840788022,False,False,False,False,346103,30865.079369883977,False,False,False,False,96690.94162951208,False,False,False,False
2024-02-29 00:00:00+00:00,54.5,54.72,53.51,54.64,94514,,,,,,,,,,,,,,,,,,47.79808522418338,47.45473141971025,46.40566314276876,45.2914982035269,43.33170292020945,43.10241148538885,42.70527312066125,42.00274336828426,41.43884516429407,39.5380097014934,38.97838654455156,38.40199593358703,38.15653334881784,39.23138263220803,,,,,,,,,,,,,,,,,49.64464410178029,47.52794990903761,47.75925805923418,47.40823574416432,46.923187416969846,45.84880531754472,43.74466330503961,43.36878620220713,42.95779181813425,42.2759902491793,41.061106514900544,,,,42.41694730069178,45.32003805801744,"rgba(0, 255, 0, 1.0)",3.0151392659035867,44.90256863436095,3.183080620577194,73.19089462595171,16.807234815243646,True,False,True,False,True,14.396267331143406,0.0,0.0,0.0,0.0,0,0.9933047956347549,0.9212959089768261,False,False,False,False,0.34282824823938707,0.3258882661590946,False,False,False,False,440617,46933.78213969245,False,False,False,False,96605.57136953122,False,False,False,False
2024-03-01 00:00:00+00:00,53.84,56.41,53.61,55.15,247584,,,,,,,,,,,,,,,,,54.62,48.174704326422564,47.71006337911784,46.62022435206013,45.50237732546837,43.53933656044902,43.30473555666004,42.89892036966663,42.190294130464025,41.624539335981105,39.721484365690266,39.15510281668757,38.572158942707716,38.30341757107877,39.354740323361554,,,,,,,,,,,,,,,,,50.241510341746576,48.022072267324496,48.0597768842175,47.63391663103374,47.14945896888141,46.062243782517086,43.95700799697586,43.57752800384729,43.15888093918834,42.465246154852366,41.2473533592051,,,54.62,43.41947329038771,45.59772684816271,"rgba(0, 255, 0, 1.0)",3.1074552434574065,45.82564186534372,2.5790743572349495,72.83016559906847,16.807234815243646,True,False,True,False,True,13.162222497634527,-1.0,56.41,53.61,0.0,0,0.9844862642121869,0.9116337062465238,False,True,False,False,0.34282824866829326,0.33435825741369396,False,False,False,False,193033,52663.16323225353,False,False,False,False,102526.29406092216,False,False,False,False
2024-03-04 00:00:00+00:00,54.22,54.74,53.02,53.85,119702,,,,,,,,,,,,,,,,,54.41576337422789,48.32597527748695,47.816482254823235,46.71217567167225,45.59417596292354,43.63148444587368,43.394750091928415,42.9854193719545,42.27451438949355,41.708215730926206,39.804935001235044,39.235713045819516,38.64999243511701,38.37080579189593,39.41125547216048,,,,,,,,,,,,,,,,,50.44718849498728,48.21666168795266,48.182830157987944,47.728699055215785,47.24537044192016,46.15446820872828,44.05086608402905,43.67012641061885,43.24845619796426,42.5500707662752,41.33144291457132,,,54.41576337422789,43.48877722116922,45.71147094729553,"rgba(0, 255, 0, 1.0)",3.210088360042466,45.91768470384949,2.5863198656751867,72.90565013580247,16.807234815243646,True,False,True,False,True,13.659697259770724,0.0,0.0,0.0,0.0,0,0.9660068234310931,0.9564535607198122,False,False,False,False,0.2791627030856834,0.3067604802496887,False,False,False,False,312735,62862.058791773,False,False,False,False,103199.85115657227,False,False,False,False
2024-03-05 00:00:00+00:00,52.06,53.88,51.77,53.72,212472,,,,,,,,,,,,,,,,,53.7393207280739,48.513181692372875,47.95521677973194,46.839038703959986,45.72552297968937,43.76918203901092,43.52988457480527,43.11625052211016,42.40328116939846,41.83709796898844,39.93606090232253,39.36306638482874,38.77359156446567,38.47823664365594,39.50081552196542,,,,,,,,,,,,,,,,,50.63543599834835,48.454704198622494,48.338592768486656,47.853475588351664,47.37460753822248,46.28420806395745,44.1899710977045,43.80838594124672,43.38327244767717,42.67925042475472,41.46152679848152,,,53.7393207280739,43.5653165450253,45.8603118968958,"rgba(0, 255, 255, 0.75)",3.2215686012023865,46.021494061275675,1.8743993023990162,68.68803530463018,16.807234815243646,True,False,True,False,False,9.707112973597443,0.0,0.0,0.0,0.0,0,0.9341199247502332,0.9726785812131287,False,False,False,False,0.22166125785886942,0.26421086905427904,False,False,False,False,100263,64328.76236856622,False,False,False,False,107485.03346415768,False,False,False,False
2024-03-06 00:00:00+00:00,52.46,53.1,52.0,52.98,168906,,,,,,,,,,,,,,,,,53.46422991711457,48.648924803948,48.05872429103493,46.93518899352047,45.82572389488603,43.875050543600125,43.63392488379877,43.21719793565833,42.502877503932986,41.9369247692297,40.03798887625281,39.462207471365986,38.86994202776864,38.56218767686912,39.5708776904994,,,,,,,,,,,,,,,,,50.75954041111575,48.6240553870176,48.453370271338926,47.947166950243464,47.47200773736831,46.38286995713666,44.296713295731855,43.91465888282837,43.48712655899967,42.779083095029534,41.56235304830349,,,53.46422991711457,43.64013141863199,45.97081323591942,"rgba(0, 255, 255, 0.75)",3.2448079830473326,46.1107680041767,1.956735815800255,66.33299058116364,22.649806602457346,True,False,True,False,False,10.252566331385207,0.0,0.0,0.0,0.0,0,0.9348122851311927,0.977019024877984,False,False,False,False,0.20692093264830896,0.235565900851294,False,False,False,False,269169,72361.71286391656,False,False,False,False,109893.69881850443,False,False,False,False
2024-03-07 00:00:00+00:00,52.77,54.0,52.37,52.5,415524,,,,,,,,,,,,,,,,,53.3151925175888,48.98724890323501,48.322266062602026,47.17948120353404,46.07852763635369,44.14013115807378,43.89448738843859,43.470101499575236,42.752198372660445,42.18658087789847,40.292140075461475,39.70944556013839,39.110249207476755,38.77213831510388,39.74695086363686,,,,,,,,,,,,,,,,,51.078407471266296,49.035161975874104,48.74392667081454,48.18718662790116,47.72005989642526,46.632528911598,44.564116797741,44.180731190811464,43.747168598369925,43.0290934903428,41.81429525880956,,,53.3151925175888,43.86380930945183,46.24842517181401,"rgba(0, 255, 255, 0.75)",3.2858016587343486,46.362229862555225,1.950139053710556,65.12814449931625,21.412808713788593,True,False,True,False,False,10.67750889145863,0.0,0.0,0.0,0.0,0,0.94887229050126,0.9681721089151027,False,False,False,False,0.2411030316383974,0.23833446624484572,False,False,False,False,684693,96374.70451631199,False,False,False,False,121879.20082562191,False,False,False,False
2024-03-08 00:00:00+00:00,52.09,53.24,51.27,52.8,176206,,,,,,,,,,,,,,,,,53.168591135641215,49.08874817911352,48.40724425481223,47.263164091704134,46.16807851542471,44.23771865934313,43.99085218972818,43.564322111025064,42.845994331354675,42.28110143140435,40.389984046450664,39.80510775896703,39.20366842066645,38.85417053638384,39.815569111274876,,,,,,,,,,,,,,,,,51.14101599972966,49.155184094122276,48.834212025542236,48.26571200016155,47.80302646741324,46.71959768540075,44.661807483032874,44.27860347781603,43.84356310416873,43.122820620129474,41.910022358768465,,,53.168591135641215,43.93895431821961,46.339596846935024,"rgba(0, 255, 255, 0.75)",3.309593491817679,46.4420678928534,1.7065334824684681,62.97767337348358,19.24464186552514,True,False,True,False,False,9.43710773472009,0.0,0.0,0.0,0.0,0,0.9338556032194597,0.9701434209129332,False,False,False,False,0.19120637355145492,0.21477041989815032,False,False,False,False,508487,112535.97100586838,False,False,False,False,124009.66353834263,False,False,False,False
2024-03-11 00:00:00+00:00,52.39,52.48,51.44,51.83,107691,,,,,,,,,,,,,,,,,53.0893701796971,49.145852183743685,48.456092907575574,47.31197372534911,46.22067374982883,44.295495755548586,44.0479731721494,43.62027824847636,42.901824779281576,42.33744112818661,40.4485121811967,39.86240473797309,39.25968954184193,38.90345457305073,39.85681070387376,,,,,,,,,,,,,,,,,51.17276325542102,49.22196725277291,48.88558621552284,48.31106632094305,47.85115483568645,46.77056780633121,44.719541535013256,44.3365364261826,43.90073207734465,43.178565973542874,41.967121990190094,,,53.0893701796971,43.983856504518194,46.39232760808645,"rgba(0, 255, 255, 0.75)",3.3362776203969027,46.48877287642988,1.7688057754822213,61.96173667302175,18.126995402523704,True,False,True,False,False,9.861647492973752,0.0,0.0,0.0,0.0,0,0.9369128455790929,0.9784105449154095,False,False,False,False,0.1755845728649224,0.19517749638153636,False,False,False,False,616178,132286.63880955984,False,False,False,False,123369.71594860371,False,False,False,False
2024-03-12 00:00:00+00:00,52.47,52.78,52.0,52.5,93032,,,,,,,,,,,,,,,,,53.048761352966714,49.19851433011052,48.50080148383431,47.35605971113471,46.26774534430982,44.346704893988374,44.09856948921063,43.66979428582407,42.95114019139115,42.387138995290506,40.49995125088774,39.912730339078365,39.30886587558073,38.946739434614706,39.89312208535536,,,,,,,,,,,,,,,,,51.207231828383335,49.283284660281495,48.932881545389634,48.35255930485776,47.894873345083866,46.81637100838929,44.770786415401716,44.38788858203276,43.95134817688079,43.227840281658835,42.01744560035578,,,53.048761352966714,44.02577593757185,46.4402282498832,"rgba(0, 255, 255, 0.75)",3.369288357507695,46.53251476132101,1.7622371874015024,61.40221076401983,17.372207686133265,True,False,True,False,False,9.976218608792625,0.0,0.0,0.0,0.0,0,0.9591016637247908,0.9663886394648404,False,False,False,False,0.1983857549717877,0.19678162567666202,False,False,False,False,709210,154911.08434643983,False,False,False,False,122180.00159767809,False,False,False,False
2024-03-13 00:00:00+00:00,51.58,52.73,51.47,52.22,74260,,,,,,,,,,,,,,,,,52.99717788272748,49.23313121052561,48.531395031900175,47.38735246362552,46.30185509637829,44.3846659230624,44.13616614288779,43.70672881821169,42.98812050294478,42.4245374884908,40.53901937096802,39.951049701087875,39.34639880857039,38.979842124803746,39.92082804530041,,,,,,,,,,,,,,,,,51.22280042157169,49.32317181820252,48.96455061490295,48.38116145694811,47.92545702694073,46.84924956856394,44.808613749614906,44.42593959913428,43.98900740359478,43.26471901409034,42.055391971243026,,,52.99717788272748,44.05521790743232,46.47364205861884,"rgba(38, 166, 154, 1.0)",3.3951371000194963,46.56229006171594,1.4779108443824678,59.07221757908542,14.934948874753786,True,False,True,False,False,8.312715537904044,0.0,0.0,0.0,0.0,0,0.9659287924104364,0.9560749767711898,False,False,False,False,0.18298728148075788,0.18988445357870995,False,False,False,False,634950,173736.13986226573,False,False,False,False,120300.78584874954,False,False,False,False
2024-03-14 00:00:00+00:00,52.55,52.99,51.33,51.67,135382,,,,,,,,,,,,,,,,,52.94249351090965,49.30224586599139,48.59160642633976,47.44779175070292,46.366942483501575,44.45618962705299,44.206940307259295,43.7761590390863,43.05746905315465,42.494547110615265,40.61181119058818,40.02238411441389,39.416212588218244,39.04143999404835,39.97253001919368,,,,,,,,,,,,,,,,,51.26330510923558,49.40260204249646,49.027468678513245,48.437368988700065,47.98499190377622,46.91232601441973,44.88002479776584,44.49764306181801,44.059856893899735,43.33394008174683,42.12634754508021,,,52.94249351090965,44.113784205405075,46.53871591976836,"rgba(0, 255, 255, 0.75)",3.4447431526005334,46.622095637349275,1.720855256850015,59.107630554422,14.735969265901872,True,False,True,False,False,9.733640828336679,0.0,0.0,0.0,0.0,0,1.001507153714467,0.9345488075582358,False,False,False,False,0.18616590686286488,0.1880251802207874,False,False,False,False,770332,197132.05594609847,False,False,False,False,120892.20601154369,False,False,False,False
2024-03-15 00:00:00+00:00,51.93,53.0,51.93,52.92,67611,,,,,,,,,,,,,,,,,52.918108424944684,49.33556805361262,48.620933537141624,47.4774007605797,46.39890282069848,44.49141183043367,44.24181315923583,43.810400849193876,43.0917042688528,42.52912806656891,40.647817196674524,40.0576916471582,39.45078805585266,39.071981871139755,39.99818202100424,,,,,,,,,,,,,,,,,51.28234174996799,49.440654834587654,49.057976264397674,48.46481486231568,48.014097614575,46.943263342239696,44.9151643135486,44.532949967001,44.09477473240644,43.36810095876323,42.16140480751489,,,52.918108424944684,44.142788837539435,46.57050394975617,"rgba(0, 255, 255, 0.75)",3.4787360084112593,46.65147552055326,1.5173685116328912,57.780487039248136,13.200305673764944,True,False,True,False,False,8.572234719773473,0.0,0.0,0.0,0.0,0,1.0140425516961058,0.9060151741086646,False,False,False,False,0.20238299450268527,0.19520408736173633,False,False,False,False,702721,216959.073359977,False,False,False,False,118802.74695226748,False,False,False,False
2024-03-18 00:00:00+00:00,51.14,52.22,51.0226,52.0,67057,,,,,,,,,,,,,,,,,52.86628023929504,49.35884560377464,48.64311434368733,47.501429979410666,46.42586384324236,44.522366109108596,44.27258423692946,43.84080873899431,43.12238198461608,42.56030293020751,40.680791224361755,40.09015844815164,39.482702788045835,39.10025040045822,40.02181584752503,,,,,,,,,,,,,,,,,51.285575803872845,49.466749929453464,49.08007892411459,48.485853192127834,48.037073639934825,46.968909362958215,44.94582053907801,44.56395683782035,44.12565317698654,43.39861199541774,42.193120306680704,,,52.86628023929504,44.16597978118724,46.595582155313195,"rgba(38, 166, 154, 1.0)",3.4981190982049366,46.67361307055152,1.2767967024737419,55.286572030051616,10.618860788707195,False,False,True,False,False,7.108952564154585,0.0,0.0,0.0,0.0,0,1.010198760469209,0.9133223074342419,False,False,False,False,0.15775218268804336,0.17647813502488985,False,False,False,False,635664,233378.87440468377,False,False,False,False,116773.50197374719,False,False,False,False
2024-03-19 00:00:00+00:00,50.54,50.97,49.67,50.79,67880,,,,,,,,,,,,,,,,,52.78034206573774,49.37018922802774,48.65684335349383,47.518981557858936,46.4471400102961,44.54864342898737,44.29888055088638,43.86706669586348,43.14926150317506,42.58788103045788,40.71068053379653,40.11976805271535,39.51197302640436,39.12627471310488,40.04341726450791,,,,,,,,,,,,,,,,,51.269508715748074,49.47870913609642,49.09219416459941,48.49931624487621,48.05286657710191,46.98847565678988,44.97152475279081,44.59024813071677,44.152137192026295,43.4252053929647,42.22133269410212,,,52.78034206573774,44.182489534354225,46.61286533252842,"rgba(38, 166, 154, 1.0)",3.499084564967485,46.68727076942475,1.1010677675951084,52.48095621303321,7.838142521574042,False,False,False,False,False,6.009690807410294,0.0,0.0,0.0,0.0,0,1.0011135923422758,0.922600593521025,False,False,False,False,0.0900564400216489,0.13326728752326938,False,False,False,False,567784,246492.80089861774,False,False,False,False,114856.10973948259,False,False,False,False
2024-03-20 00:00:00+00:00,51.45,51.9,49.8243,50.22,74125,,,,,,,,,,,,,,,,,52.7173751237526,49.39016158740785,48.67723742905292,47.54228293275833,46.473984688495,44.580304203742394,44.33044345702279,43.898397397925564,43.18106069862918,42.620321380607166,40.74533672953321,40.15398763680051,39.54569905378974,39.156225276598626,40.068411978578,,,,,,,,,,,,,,,,,51.26543169561391,49.50066002158358,49.1118013620814,48.51888690809581,48.07470260957874,47.01371028513112,45.00272585380175,44.62194665857879,44.18385657855688,43.45676388317414,42.25440788982014,,,52.7173751237526,44.20541530497959,46.636808522365115,"rgba(38, 166, 154, 1.0)",3.5049565572870347,46.7081027377795,1.3529118506081876,52.419111044175594,7.649930351193191,False,False,False,False,False,7.410104815663761,0.0,0.0,0.0,0.0,0,0.9937112051020024,0.9228430982930246,False,False,False,False,0.11812495010159177,0.1256961188124306,False,False,False,False,641909,261999.31851043666,False,False,False,False,113258.81131832642,False,False,False,False
2024-03-21 00:00:00+00:00,51.43,52.46,50.95,51.67,66885,,,,,,,,,,,,,,,,,52.68211597475453,49.41364734643194,48.69956719449213,47.566325702568435,46.50084205671455,44.61103553725703,44.36100126120542,43.92860881906877,43.21154240815531,42.651292850824234,40.77808224547921,40.18624458325437,39.57742187972608,39.18437647048336,40.092002788006354,,,,,,,,,,,,,,,,,51.27138212271288,49.52682655840279,49.13411302586353,48.54009648549806,48.09775185510271,47.03930237282762,45.03316259221421,44.65272817791589,44.21452042382688,43.487080539846836,42.28590964364574,,,52.68211597475453,44.229607141228115,46.66207943616883,"rgba(38, 166, 154, 1.0)",3.515346652905089,46.73114716528419,1.3366684138625893,52.33495040575417,7.339727700831922,False,False,False,False,False,7.372606333391733,0.0,0.0,0.0,0.0,0,0.9937940375566916,0.9248040284483205,False,False,False,False,0.1621492730805572,0.1439226959464939,False,False,False,False,575024,274274.7962159097,False,False,False,False,111440.23048231362,False,False,False,False
2024-03-22 00:00:00+00:00,50.35,51.205,50.21,51.12,57241,,,,,,,,,,,,,,,,,52.62641205593031,49.42417237053756,48.71178105826509,47.581522866687266,46.519041274192126,44.63330456898945,44.3832826478383,43.950853211346946,43.234293337866774,42.67461752480873,40.80331371383979,40.21124328749054,39.60213772889763,39.20638923134017,40.11032631319182,,,,,,,,,,,,,,,,,51.26152815995864,49.53796016827965,49.14512923402388,48.552040976819534,48.11155844695465,47.05612170202603,45.05496601732523,44.67500929131987,44.236954844607354,43.50959740667108,42.30975714469971,,,52.62641205593031,44.24484607941483,46.67732939933505,"rgba(38, 166, 154, 1.0)",3.5060034895118695,46.74400735822242,1.0285194103670543,50.059687361345276,4.958074699191158,False,True,False,False,False,5.357819737500591,0.0,0.0,0.0,0.0,0,0.9721025621594228,0.9496354150631955,False,False,False,False,0.11010132762629789,0.1270120117863959,False,False,False,False,517783,283824.137540776,False,False,False,False,109314.77046339937,False,False,False,False
2024-03-25 00:00:00+00:00,50.42,50.6,50.01,50.38,72839,,,,,,,,,,,,,,,,,52.551651493371004,49.43453395319497,48.725097051934284,47.59908379054976,46.54058645075261,44.660247041819524,44.41029572464406,43.97790826833685,43.26208396357093,42.70318786272509,40.834434416591385,40.242133909360675,39.632730789857646,39.23367752100415,40.13300761042672,,,,,,,,,,,,,,,,,51.24497615969121,49.54856757302413,49.1565691574942,48.56523568695527,48.12719136579082,47.07582650736785,45.08124702664113,44.70195649835579,44.26418281120063,43.5370598481338,42.33901343010672,,,52.551651493371004,44.26271065654264,46.69471146043286,"rgba(38, 166, 154, 1.0)",3.491851631988502,46.758374411777694,1.048620037197034,48.70662192351731,3.507816484831011,False,True,False,True,False,5.470297023414261,0.0,0.0,0.0,0.0,0,0.9690142461998772,0.9555333924084841,False,False,False,False,0.08928206053199345,0.10814703615919467,False,False,False,False,590622,295855.4262646672,False,False,False,False,107884.34809228567,False,False,False,False
2024-03-26 00:00:00+00:00,49.84,50.685,49.81,50.42,61773,,,,,,,,,,,,,,,,,52.48572237055861,49.440946208365055,48.734628377878494,47.61256016197773,46.55756745112855,44.68197450805302,44.43212664188713,43.99984563096673,43.28471730980921,42.72652171669376,40.860029317167665,40.26758682023204,39.657981549007424,39.25623507937327,40.15172976917459,,,,,,,,,,,,,,,,,51.227911028165,49.554787817119895,49.16424051819715,48.57483619163567,48.13891056135199,47.09118172152934,45.10235919477199,44.723679526179744,44.28621187518862,43.55939083119637,42.362945211952535,,,52.48572237055861,44.27667819415156,46.7078594979353,"rgba(38, 166, 154, 0.5)",3.46608361174461,46.76900598213272,0.886012676515192,46.640148054600985,1.41268727236276,False,True,False,True,False,4.38626597318483,0.0,0.0,0.0,0.0,0,0.9654792207995212,0.9541478441647138,False,False,False,False,0.08631458670965773,0.0972308114344262,False,False,False,False,528849,304992.42915624887,False,False,False,False,106076.05993180389,False,False,False,False
2024-03-27 00:00:00+00:00,50.0,50.395,49.52,49.92,78673,,,,,,,,,,,,,,,,,52.4020853999892,49.4472706674616,48.74536422340627,47.6285657117246,46.57811900373701,44.708689679112695,44.45900982326933,44.026923709757845,43.31274039054081,42.755468008201625,40.891932584662946,40.29935542523711,39.68953649000884,39.28446012737314,40.17513877320661,,,,,,,,,,,,,,,,,51.20427293162746,49.56057133604714,49.172416398033505,48.585793753889156,48.152591933708905,47.10961832685943,45.12824774154829,44.75038195426319,44.3133600420079,43.58700949457329,42.39266493559065,,,52.4020853999892,44.29364400117931,46.723357168013536,"rgba(38, 166, 154, 0.5)",3.4559489016494114,46.781425026487966,0.9313143987678503,45.69417177262389,0.3930722692570896,False,True,False,True,False,4.653023980372755,0.0,0.0,0.0,0.0,0,0.9794833853144362,0.943495344821502,False,False,False,False,0.07137020264982374,0.08430050704212497,False,False,False,False,607522,316856.33389521955,False,False,False,False,105001.43013055668,False,False,False,False
2024-03-28 00:00:00+00:00,48.98,50.4112,48.87,50.2,68443,,,,,,,,,,,,,,,,,52.31821712727836,49.44699495264429,48.75042266279364,47.63907972171769,46.592926117986494,44.72930098396879,44.47986836622516,44.048115779298094,43.33492672366423,42.77855344079695,40.917832131922296,40.32525881228803,39.71536823779118,39.307633983495535,40.19427238784569,,,,,,,,,,,,,,,,,51.17554172318297,49.558899727646455,49.17458185201253,48.59145095226725,48.16077225819528,47.12241408544118,45.148009008742676,44.770962728598334,44.33448751269237,43.608786117909915,42.41646502085611,,,52.31821712727836,44.30525142864776,46.732942817049555,"rgba(38, 166, 154, 0.5)",3.4489853475955647,46.78821559215313,0.6354867263715267,43.071846222862,-2.1923891659370724,False,True,False,True,False,2.7425497647846555,0.0,0.0,0.0,0.0,0,0.9780348174365255,0.9422575475587059,False,False,False,False,0.055075675289930515,0.06968809116602774,False,False,False,False,539079,325570.94825226977,False,False,False,False,103567.76620386819,False,False,False,False
2024-04-01 00:00:00+00:00,48.91,49.3,48.51,48.73,53082,,,,,,,,,,,,,,,,,52.24538320987346,49.44272900823834,48.75132546923383,47.64482213746584,46.602236878088554,44.74342560173482,44.494255517144914,44.06287652017184,43.35057973777593,42.79497151517923,40.93660372664694,40.34411844572389,39.73425268595957,39.32462465688535,40.20823404856186,,,,,,,,,,,,,,,,,51.147550138164725,49.552922523834624,49.17277962185477,48.59309937567125,48.16448628242408,47.130044015524895,45.16138243518181,44.78505006814858,44.34911024555364,43.624080583689285,42.43346703500189,,,52.24538320987346,44.31202927724562,46.73763384773178,"rgba(38, 166, 154, 0.5)",3.442838882022878,46.79065554424772,0.615580492836491,41.19511008761832,-4.018679560660658,False,True,False,True,False,2.612190876484842,0.0,0.0,0.0,0.0,0,0.9543607663335534,0.9755395469956749,False,False,False,False,0.01734994361726612,0.04351901739164693,False,False,False,False,485997,331862.16596786707,False,False,False,False,101587.93223508904,False,False,False,False
2024-04-02 00:00:00+00:00,47.23,48.38,46.35,48.38,147831,,,,,,,,,,,,,,,,,51.968971167617426,49.39705967208656,48.72865738065509,47.6407751134774,46.61019168783237,44.76746174072441,44.5196023098244,44.09020369721947,43.381395136311575,42.828483999680905,40.978104392916514,40.38655518477207,39.77741116214307,39.36384438935782,40.23983217611526,,,,,,,,,,,,,,,,,51.020409344987655,49.49735229361445,49.13870789758715,48.57482418033283,48.15293587808839,47.13227961448591,45.1825622246669,44.80887143767423,44.375337873507696,43.653558389946454,42.46885897103118,,,51.968971167617426,44.31190328071562,46.72779073690208,#000000,3.43811750817231,46.773482052016064,0.1327813685538096,37.29769725471718,-7.6892265141177845,False,True,False,True,False,0.0,0.0,0.0,0.0,0.0,0,0.9336974047165781,0.9680737402385488,False,False,False,False,-0.0615967001556142,-0.009038841381983635,False,False,False,False,338166,332109.3751455978,False,False,False,False,103401.3858729287,False,False,False,False
2024-04-03 00:00:00+00:00,47.47,48.295,47.12,47.29,71035,,,,,,,,,,,,,,,,,51.85499314998258,49.37896165622271,48.72034717986903,47.64070106992345,46.61558501859357,44.780228622646426,44.53294404358659,44.104410417095195,43.397178750950715,42.84550468337088,40.998814965772965,40.407662225115175,39.798815884399396,39.38327856776051,40.25557276198757,,,,,,,,,,,,,,,,,50.9671176826733,49.475265817426745,49.125478467959624,48.568340260350205,48.149510591493076,47.1350691211041,45.19403915809568,44.82154544064984,44.38907906488643,43.66873346465623,42.48675295266378,,,51.85499314998258,44.314333266485114,46.725539274723545,#000000,3.4385975194695115,46.76825168307683,0.204079806650775,35.45714168332104,-9.358108822482706,False,True,False,True,False,0.0,0.0,0.0,0.0,0.0,0,0.9448695187863173,0.9807664625571638,False,False,False,False,-0.04400705004158517,-0.0265229457117844,False,False,False,False,409201,335132.5761202802,False,False,False,False,102132.1158386962,False,False,False,False
2024-04-04 00:00:00+00:00,47.69,48.62,47.4,47.97,65434,,,,,,,,,,,,,,,,,51.761668035446085,49.365183086284134,48.71470248475908,47.64213295977717,46.62183814084793,44.79301426359661,44.546215749826224,44.11840978003593,43.412552630021594,42.86197220675724,41.01856536633542,40.42773277617603,39.81911877343921,39.401694085764916,40.27055161209964,,,,,,,,,,,,,,,,,50.92341149170514,49.45833898167726,49.11569663317655,48.564170159580186,48.148038816876884,47.1390282216865,45.205699843576994,44.8342537217952,44.402700366025925,43.68357357416051,42.504002296077275,,,51.761668035446085,44.31835679674449,46.725355827848944,#000000,3.4391392071981417,46.76563005738065,0.26877944942869353,34.946219241269986,-9.851257669874386,False,True,False,True,False,0.3811794629381495,0.0,0.0,0.0,0.0,0,0.9574868586225546,0.9559814671776624,False,False,False,False,-0.028494617756400987,-0.027508781734092692,False,False,False,False,474635,340603.259409681,False,False,False,False,100692.97404110029,False,False,False,False
2024-04-05 00:00:00+00:00,47.91,48.32,47.45,47.53,58713,,,,,,,,,,,,,,,,,51.68139551811274,49.35295388943908,48.70964195182093,47.64335586612867,46.62735412872854,44.804361255461586,44.558000399809174,44.130850717172606,43.42622785198702,42.87662814272738,41.0361655862583,40.44562655833268,39.83722744730544,39.41813108088269,40.2839245217648,,,,,,,,,,,,,,,,,50.88511617767783,49.44336240559454,49.10698056115326,48.56041670385798,48.146679755858024,47.14250006599147,45.2160392308239,44.84553093207128,44.41479833850496,43.696769787607984,42.51935814515743,,,51.68139551811274,44.322122994395436,46.725232009481694,#000000,3.4387844699299785,46.763448184026444,0.33341776025785613,35.34298345415599,-9.851257669874386,False,True,False,True,False,0.7840038814847858,0.0,0.0,0.0,0.0,0,0.9595434024482383,0.9590818920437841,False,False,False,False,-0.03490262591017827,-0.031205703822135483,False,False,False,False,533348,348161.87668773276,False,False,False,False,99046.70054929244,False,False,False,False
2024-04-08 00:00:00+00:00,47.95,48.5,47.805,48.34,44037,,,,,,,,,,,,,,,,,51.6262784173529,49.34510111171852,48.70676872313577,47.6449626074245,46.63208164730475,44.813342275546276,44.567289833226155,44.14060082116493,43.436867876115635,42.887982582078,41.04967472571499,40.45933533033691,39.851078301181275,39.430695618467745,40.294175829798775,,,,,,,,,,,,,,,,,50.85882234468829,49.43368208656244,49.10154392696611,48.55842990663683,48.14643389343653,47.14574257566465,45.22429355470187,44.854463349800625,44.42431433554339,43.70706285922067,42.531227047296696,,,51.6262784173529,44.32574904670447,46.726001443683465,#000000,3.4353364680405933,46.76280323641445,0.34558383862256536,35.74908338164916,-9.851257669874386,False,True,False,True,False,0.8582615669379905,0.0,0.0,0.0,0.0,0,0.9663154832148022,0.9551266053757279,False,False,False,False,-0.021192311175047527,-0.026199007498591505,False,False,False,False,577385,357151.0187784099,False,False,False,False,96889.45739049665,False,False,False,False
2024-04-09 00:00:00+00:00,47.56,48.035,47.285,47.87,28061,,,,,,,,,,,,,,,,,51.58759707403248,49.338346075388515,48.70361213313927,47.64492029109223,46.63413286588311,44.81824136707386,44.572415778240575,44.14606966279466,43.44295648606267,42.89455619313956,41.05769691780518,40.467521625374665,39.85939008157902,39.43825992478598,40.30031059921963,,,,,,,,,,,,,,,,,50.83959742060318,49.42551337443681,49.096561291707495,48.55595524898161,48.14511702585343,47.14679456387707,45.22868985442835,44.8593256669585,44.42959637904505,43.712912572026454,42.538141735758025,,,51.58759707403248,44.32706847170743,46.72529137578872,#000000,3.409135252695635,46.76114556623825,0.23432758589735986,35.20834201852048,-10.079517574832202,False,True,False,True,False,0.11056829010847125,0.0,0.0,0.0,0.0,0,0.9533835891617474,0.9599596980625132,False,False,False,False,-0.046444619895158995,-0.036321813696875246,False,False,False,False,549324,364687.214120433,False,False,False,False,94190.30219871248,False,False,False,False
2024-04-10 00:00:00+00:00,46.37,47.24,46.31,46.72,33588,,,,,,,,,,,,,,,,,51.530978301608336,49.32570934467653,48.69641853961529,47.64214591562908,46.63414731383429,44.822030704562664,44.57655401253566,44.15074389563801,43.44850785085838,42.90076502653206,41.06583508412758,40.47594870613032,39.86805481556168,39.44620700559469,40.30665310675732,,,,,,,,,,,,,,,,,50.809909485516194,49.41052224427706,49.08666758149924,48.54988372822888,48.1405664177241,47.14547110127791,45.231774462932385,44.86305621720331,44.4339517872165,43.71813213266022,42.54479366693507,,,51.530978301608336,44.326046641577456,46.721338984133716,#000000,3.398881904126584,46.75589680320131,-0.11353639640518104,32.76994140448183,-12.594589880226174,False,True,False,True,False,0.0,0.0,0.0,0.0,0.0,0,0.935837777292306,0.980449527023017,False,False,False,False,-0.09199286731634333,-0.06415734050660929,False,False,False,False,515736,370610.69591963175,False,False,False,False,91813.74132817474,False,False,False,False
2024-04-11 00:00:00+00:00,46.5,46.7623,45.53,46.38,37079,,,,,,,,,,,,,,,,,51.46527137451076,49.309962582953716,48.68709428594943,47.63795875546389,46.63314407956082,44.8253344482754,44.58027443992042,44.15510749559799,43.45389467924192,42.906908679563514,41.074187594923885,40.48465928986329,39.87706491623406,39.4545023707007,40.313225411269286,,,,,,,,,,,,,,,,,50.77470878057651,49.391939176526755,49.07417382093683,48.54191526651036,48.13432423154337,47.14293753546087,45.23425926341817,44.86628903112355,44.43792410288299,43.723134101220374,42.55144021454338,,,51.46527137451076,44.32390602693527,46.715731411340286,#000000,3.3738066131691675,46.748827806561884,-0.0737528362149214,31.660597511781603,-13.79349569851179,False,True,False,True,False,0.0,0.0,0.0,0.0,0.0,0,0.9214226633581472,0.988051870344252,False,False,False,False,-0.12457968772128522,-0.09436851411394725,False,False,False,False,552815,377755.96274631284,False,False,False,False,89667.28088393259,False,False,False,False
2024-04-12 00:00:00+00:00,44.94,46.09,44.75,46.09,52376,,,,,,,,,,,,,,,,,51.35781396685713,49.28075114136752,48.668636541015495,47.62779616293516,46.62790559647668,44.82673654055435,44.58238464551002,44.15832065129267,43.458762545952226,42.912964604889254,41.08366649890934,40.49478892593758,39.88775492967759,39.46446292089643,40.320922166627916,,,,,,,,,,,,,,,,,50.715040649310126,49.357753002535205,49.05047391313478,48.52583335422781,48.12088111242445,47.13532281898785,45.23434648541804,44.867568110823186,44.440436823729875,43.72738738881437,42.55826017740051,,,51.35781396685713,44.316911189259955,46.70302762152783,"rgba(239, 83, 80, 0.5)",3.3734677696390887,46.73385580281281,-0.531754243795467,28.753200373679604,-16.64708071203144,False,True,False,True,False,0.0,0.0,0.0,0.0,0.0,0,0.9262457570268156,0.9820582848212738,False,False,False,False,-0.16254358400147115,-0.1284560490577092,False,False,False,False,500439,382567.06224645744,False,False,False,False,88204.87771201367,False,False,False,False
2024-04-15 00:00:00+00:00,43.28,45.25,43.21,45.25,57711,,,,,,,,,,,,,,,,,51.21842527630671,49.23843015709564,48.640583018505524,47.6103868271681,46.61654253474771,44.82350157749523,44.580103810860166,44.15753813711086,43.46010851650951,42.915793379208,41.0907094981214,40.502760481588965,39.89654443409823,39.47285751414323,40.32707045111656,,,,,,,,,,,,,,,,,50.63490660492753,49.30856794483498,49.01554133758035,48.501062875282805,48.09930926749192,47.12102936122776,45.22943265677434,44.864164422873614,44.438667553008024,43.72795268939729,42.56200929753276,,,51.21842527630671,44.303423707605056,46.6820585464483,"rgba(239, 83, 80, 1.0)",3.390073346890627,46.71010239742031,-1.0118077240324,25.24411564466454,-19.954142152509974,False,True,False,True,False,0.0,0.0,0.0,0.0,0.0,0,0.9180245688175033,0.9836049137635009,False,False,False,False,-0.22583226513713142,-0.17714415709742032,False,False,False,False,442728,384926.3147073807,False,False,False,False,87009.03937036608,False,False,False,False
2024-04-16 00:00:00+00:00,44.16,44.33,43.05,43.1,93093,,,,,,,,,,,,,,,,,51.00230286108156,49.17071424829743,48.59539276949018,47.58214512638366,46.59796491553873,44.81795260818838,44.57609261369687,44.155944622658176,43.46194606120352,42.92002016956596,41.1017302961442,40.51529142695241,39.91040810192991,39.486129878118085,40.33676040836255,,,,,,,,,,,,,,,,43.846666666666664,50.50830517503708,49.230116546075614,48.95945904740094,48.461089224793085,48.064427489932385,47.09776443711196,45.221185165182945,44.85834346158034,44.43547943751373,43.728532022608555,42.56771722463272,,,51.00230286108156,44.28205307384077,46.414923824877995,"rgba(239, 83, 80, 0.5)",3.398119071666873,46.71859122502209,-0.7529433698646205,25.820850301320277,-19.954142152509974,False,True,False,True,False,0.0,0.0,0.0,0.0,0.0,0,0.9127516443965893,0.9889310113630982,False,False,False,False,-0.2551190093549277,-0.216131583226174,False,False,False,False,535821,390843.75334630697,False,False,False,False,87247.62606172427,False,False,False,False
2024-04-17 00:00:00+00:00,44.14,44.94,43.8,44.29,76301,,,,,,,,,,,,,,,,,50.84487364674156,49.121019316914044,48.56240892069952,47.56204203048135,46.58536511733004,44.81552134903049,44.57483078968496,44.15651942508403,43.4651727037866,42.925112184201,41.1121568680847,40.52685994846554,39.922979899331374,39.49805644223565,40.34566845537575,,,,,,,,,,,,,,,,44.0478610025542,50.41473328838334,49.17267432570572,48.91832946351643,48.43195660372754,48.03924432093661,47.081527241063974,45.216671315453496,44.85570652874795,44.434854772576486,43.73078212270335,42.57397860082384,,,50.84487364674156,44.26790580649644,46.40985996551607,"rgba(239, 83, 80, 0.5)",3.4186066757678484,46.701604714256085,-0.7493124998595301,26.181356104013187,-19.954142152509974,False,True,False,True,False,0.0,0.0,0.0,0.0,0.0,0,0.9475699803718979,0.9747613429966582,False,False,False,False,-0.2183030774540341,-0.21721733034010404,False,False,False,False,459520,393536.9394895891,False,False,False,False,86818.34660832332,False,False,False,False
2024-04-18 00:00:00+00:00,44.46,44.9447,43.93,44.41,51079,,,,,,,,,,,,,,,,,50.745892915819134,49.08934035316728,48.54138332676696,47.54933865420584,46.577559705889286,44.814375085891164,44.57444378994343,44.15732486108778,43.46771155918985,42.92887522144152,41.119429605652655,40.53487493478791,39.931646229318886,39.50625887103948,40.351837584342775,,,,,,,,,,,,,,,,44.13984666497334,50.35516361358842,49.13613283111284,48.89208755107354,48.413386499152786,48.023247353675934,47.07134725696733,45.21416603021906,44.85442703676201,44.43488423770457,43.73268158857489,42.57851216390509,,,50.745892915819134,44.2593528465696,46.40382356897582,"rgba(239, 83, 80, 0.5)",3.438342608276956,46.68923704578827,-0.6483463981808946,27.51429526986404,-19.954142152509974,False,True,False,True,True,0.0,0.0,0.0,0.0,0.0,0,0.9503964080421303,0.9668812203681959,False,False,False,False,-0.2917185866061881,-0.25446795847314607,False,False,False,False,510599,398127.60852921306,False,False,False,False,85416.80360407535,False,False,False,False
2024-04-19 00:00:00+00:00,44.49,44.72,44.19,44.19,39809,,,,,,,,,,,,,,,,,50.67110799555624,49.06506136905925,48.525231372354185,47.5395786148444,46.57157751544878,44.81353897783047,44.57419418275261,44.157996751155046,43.46972501166573,42.931837013886664,41.1251126813185,40.54113345202551,39.93840989704689,39.51266078293989,40.35665820544144,,,,,,,,,,,,,,,,44.189832362975544,50.30972322901396,49.10817345728185,48.871947185981696,48.399111913379656,48.010953565403774,47.063533015173505,45.21227968615155,44.85348807131132,44.43495672849528,43.734199996071354,42.582071271589534,,,50.67110799555624,44.25292158822171,46.39752254023575,"rgba(239, 83, 80, 0.5)",3.4435617010865474,46.67881055009531,-0.6356240253818216,28.510048079770584,-19.954142152509974,False,True,False,True,True,0.0,0.0,0.0,0.0,0.0,0,0.9362419650666973,0.9922019921289918,False,False,False,False,-0.29354845126652857,-0.27400820486983735,False,False,False,False,550408,404099.388586891,False,False,False,False,83628.26228626848,False,False,False,False
2024-04-22 00:00:00+00:00,44.14,44.54,43.72,44.54,97698,,,,,,,,,,,,,,,,,50.485442890241586,49.00230198730676,48.48291778584229,47.513315689965246,46.554736606152865,44.80954839391382,44.57170260175102,44.15786598106209,43.472991406568326,42.937489455304174,41.1375952857231,40.55511169516239,39.95370825249639,39.527249883536925,40.36748546064991,,,,,,,,,,,,,,,,44.17441294793005,50.194926702310575,49.03612771948123,48.81960586198558,48.36158075111908,47.97833580846434,47.042116533307386,45.20563869402329,44.84923362414007,44.433277766125585,43.73621615233938,42.58921440483535,,,50.485442890241586,44.235297558378456,46.36839058050516,"rgba(239, 83, 80, 0.5)",3.4453260518569926,46.64411479520153,-0.726815040873081,28.606789327286844,-19.954142152509974,False,True,False,True,True,0.0,0.0,0.0,0.0,0.0,0,0.9068320949760504,1.0023785879979434,False,False,False,False,-0.3143026367933834,-0.2941554208316104,False,False,False,False,452710,406005.6870736796,False,False,False,False,84180.01670641483,False,False,False,False
2024-04-23 00:00:00+00:00,45.03,45.255,44.28,44.28,52284,,,,,,,,,,,,,,,,,50.401153032276525,48.97424889734304,48.46430828604321,47.50239202022091,46.548476945908426,44.809690648800014,44.57255685698034,44.15983851283976,43.47662225609293,42.942304967508676,41.14583202185299,40.5640474026929,39.963255267988814,39.536236932406176,40.37435981552104,,,,,,,,,,,,,,,,44.26114688858881,50.14233538652642,49.003972398940824,48.79630795606829,48.34514760820288,47.96433864685309,47.03359514067626,45.20448750167032,44.849251797386415,44.43453031235311,43.73923237276319,42.59478416667951,,,50.401153032276525,44.229021590965054,46.364094181392424,#000000,3.444380198955371,46.63418167332674,-0.4657388501458868,31.874322450165057,-22.58420903303459,False,True,False,True,True,0.0,0.0,0.0,0.0,0.0,0,0.8993124966321403,1.0085008063148848,False,False,False,False,-0.27382194128044446,-0.2839886810560274,False,False,False,False,504994,409887.5816982412,False,False,False,False,82929.19252184955,False,False,False,False
2024-04-24 00:00:00+00:00,44.55,45.23,44.21,45.2,51561,,,,,,,,,,,,,,,,,50.31767592171648,48.945682880751825,48.44517747353533,47.49093339499768,46.54165526048926,44.80924030258132,44.57282599890894,44.16123953535582,43.479688955944596,42.94655674994568,41.15350129432674,40.57243125041823,39.972266438852145,39.54475175122601,40.380829399807794,,,,,,,,,,,,,,,,44.30604947133654,50.08963242808901,48.971299757649746,48.77249449238172,48.32821013219083,47.94981402256668,47.02452274453196,45.20274104533071,44.848675751714644,44.43519851986639,43.741682765572605,42.5997866383831,,,50.31767592171648,44.22229710725719,46.3558423141345,"rgba(239, 83, 80, 0.5)",3.4336224561200757,46.6217220427756,-0.6033633776721652,33.103571615972314,-21.34690689981081,False,True,False,True,True,0.0,0.0,0.0,0.0,0.0,0,0.8959992294284442,1.0089961590174688,False,False,False,False,-0.2768066527867191,-0.28039766692137325,False,False,False,False,453433,411595.2451610553,False,False,False,False,81699.06732491427,False,False,False,False
2024-04-25 00:00:00+00:00,44.0,44.0994,43.45,43.7,39168,,,,,,,,,,,,,,,,,50.24697600937442,48.92016003881025,48.427674479181825,47.47980390402025,46.53427593228877,44.80700288961246,44.57120121737489,44.160582608706726,43.48041408727367,42.948248684348435,41.15795969663951,40.57751514266113,39.97790553797604,39.55017606076771,40.38479981877334,,,,,,,,,,,,,,,,44.270379553207334,50.0443682500681,48.942181754553644,48.75104208438012,48.312614402246886,47.936155463331005,47.015318659357824,45.19943230827327,44.84633025435875,44.43390268736353,43.74190010942289,42.602078806193454,,,50.24697600937442,44.21497974052063,46.34130869439641,"rgba(239, 83, 80, 0.5)",3.4509565301483964,46.606085834660334,-0.7551778215381543,32.9101272404197,-21.34690689981081,False,True,False,True,True,0.0,0.0,0.0,0.0,0.0,0,0.8982940664271584,1.0017414766083224,False,False,False,False,-0.33729646823537884,-0.30884706757837604,False,False,False,False,414265,411699.94142924924,False,False,False,False,80031.18233178038,False,False,False,False
2024-04-26 00:00:00+00:00,44.72,44.94,44.14,44.52,41300,,,,,,,,,,,,,,,,,50.182631013866825,48.89746449747343,48.41236345947418,47.470552176944246,46.52870088369869,44.80649513173917,44.571269295250524,44.16155776488299,43.48272223942783,42.95150469013332,41.16395055858725,40.584083765553466,39.98498248870558,39.55687621385163,40.38988081372846,,,,,,,,,,,,,,,,44.29548281740683,50.00304079961129,48.91630586437777,48.73205501597042,48.299031626120424,47.924477647515,47.00795756625901,45.19789052365508,44.845721858954285,44.43428946914828,43.743715162533924,42.605934387391564,,,50.182631013866825,44.20966899955451,46.333825228245324,"rgba(239, 83, 80, 0.5)",3.462524111862055,46.595686240715516,-0.5417106654332645,35.24559103745371,-19.087391096415203,False,True,False,True,True,0.0,0.0,0.0,0.0,0.0,0,0.9038948319320441,0.9997651545376548,False,False,False,False,-0.2881614082444972,-0.29850423791143665,False,False,False,False,455565,413420.1398045728,False,False,False,False,78512.31243641645,False,False,False,False
2024-04-29 00:00:00+00:00,46.48,48.65,46.28,48.29,192415,,,,,,,,,,,,,,,,47.13666666666667,50.02908155374509,48.85539788416982,48.389024239428295,47.46562844712768,46.53675661992578,44.832823386070096,44.59921521964512,44.19200315078795,43.5174843664159,42.9895912122835,41.211993175477964,40.63355921126336,40.03563693350758,39.60344320871229,40.42755850009553,,,,,,,,,,,,,,,,45.039569434614386,49.90513257519853,48.86823135129029,48.698766199507,48.27955113499512,47.91183608246818,47.00975951668368,45.220848140518285,44.871783564560545,44.46329307101658,43.7768251605985,42.64630650682142,,,50.02908155374509,44.40349148595766,46.39099189485605,#000000,3.4646435538098053,46.804109669950876,-0.09354776758910162,41.36029880336882,-13.35882613724408,False,True,False,True,True,0.0,0.0,0.0,0.0,0.0,0,0.902630368697421,0.9692856767694111,False,False,False,False,-0.11034855548084323,-0.20442639669613993,False,False,False,False,647980,422618.5656945896,False,False,False,False,82979.08449773346,False,False,False,False
2024-04-30 00:00:00+00:00,44.78,46.5,44.7,46.5,62734,,,,,,,,,,,,,,,,46.691638310686436,49.953043922880134,48.82812437662012,48.37086590533224,47.45539361663864,46.531551440902,44.83463593797871,44.60178971539775,44.195776293028544,43.523078666972786,42.99650489069327,41.22275576460233,40.64508402565425,40.047827159161244,39.61488401783732,40.43646236084475,,,,,,,,,,,,,,,,45.06215509947223,49.85470587706845,48.837311748121024,48.675981048701786,48.26350385913387,47.89838164013077,47.00211186910664,45.22125510026856,44.87346447380328,44.4663036619498,43.781740497467695,42.654070952768166,,,49.953043922880134,44.37183852532691,46.382582152332695,"rgba(239, 83, 80, 0.5)",3.4790557484613234,46.76998671973443,-0.5719904662679063,41.95856841584716,-12.947480248805242,False,True,False,True,True,0.0,0.0,0.0,0.0,0.0,0,0.8837512774550189,0.9957352898449119,False,False,False,False,-0.22222694106188678,-0.21332666887901336,False,False,False,False,585246,428996.112137939,False,False,False,False,82185.1596154694,False,False,False,False
2024-05-01 00:00:00+00:00,45.09,45.87,44.36,44.82,118062,,,,,,,,,,,,,,,,46.19024654507326,49.809919702446656,48.774769868856275,48.33484252650856,47.4344320378792,46.52010940277924,44.83650204666657,44.605130111105574,44.201441293649744,43.53224072123456,43.00818772486051,41.24178078860005,40.665608265554766,40.06966705769855,39.63546688007797,40.4523815693051,,,,,,,,,,,,,,,,45.06789524331225,49.758289197901675,48.77700690193431,48.63116271491784,48.231544718485345,47.87130330813984,46.986040967888194,45.220431709975706,44.875075024867456,44.4704785582277,43.78960154469219,42.66736904271027,,,49.809919702446656,44.332045408893535,46.36218324442106,#000000,3.4880163029622735,46.71931117126538,-0.46711684514824386,43.06966222843412,-11.922506599387617,False,True,False,True,True,0.0,0.0,0.0,0.0,0.0,0,0.8766925076458444,1.025782336600745,False,False,False,False,-0.25212692750488275,-0.23272679819194805,False,False,False,False,703308,439753.44107370614,False,False,False,False,83592.09453250981,False,False,False,False
2024-05-02 00:00:00+00:00,45.14,45.8,44.325,45.8,96426,,,,,,,,,,,,,,,,45.96400141669701,49.69871658541685,48.732102787518926,48.30584162646381,47.41745477757182,46.51078021749831,44.83790513885825,44.6077271933472,44.20592346259623,43.53955923258175,43.017551496694715,41.257108510357135,40.68216304631129,40.08730075631709,39.65210766926255,40.4652522381708,,,,,,,,,,,,,,,,45.06984277255674,49.68210044548675,48.728942192942775,48.59519822095414,48.20576819685209,47.84942990062832,46.97298992426465,45.21966097490604,44.87627118422767,44.47375108706629,43.79586469388099,42.678042785033846,,,49.69871658541685,44.311343509728985,46.34565519823335,#000000,3.482207320051564,46.68751363998674,-0.4444059465028705,43.93120223435186,-11.053895906502234,False,False,False,True,True,0.0,0.0,0.0,0.0,0.0,0,0.8784774672908199,1.0096535289700836,False,False,False,False,-0.2553892556497211,-0.24405802692083456,False,False,False,False,799734,453870.32573748234,False,False,False,False,84095.38494299963,False,False,False,False
2024-05-03 00:00:00+00:00,45.62,45.97,45.15,45.97,57946,,,,,,,,,,,,,,,,45.92182540630258,49.64123660325391,48.710330419515486,48.291287047408225,47.40949899667373,46.5071498727186,44.8403814978345,44.61085739903288,44.210083916748935,43.54530985564499,43.02446452461946,41.267435431477764,40.69315541606905,40.09887397593706,39.662958998651014,40.47377130021615,,,,,,,,,,,,,,,,45.09747361080475,49.64227354025872,48.70447621236496,48.576916056745596,48.19289159033653,47.838761297206446,46.96725665861514,45.2209199820336,44.87863523249403,44.47726102236622,43.8010202273042,42.68571109256117,,,49.64123660325391,44.30678879138152,46.34029971025762,#000000,3.480765438238681,46.677026829500946,-0.30367654708609715,45.69001062116969,-9.298269737612408,False,False,False,False,True,0.0,0.0,0.0,0.0,0.0,0,0.8884821986418854,1.018120167345981,False,False,False,False,-0.22467749521657723,-0.23436776106870588,False,False,False,False,857680,469705.99923797324,False,False,False,False,83069.91886680356,False,False,False,False
2024-05-06 00:00:00+00:00,46.66,47.04,45.785,46.0,99912,,,,,,,,,,,,,,,,46.01308831677277,49.56730780762842,48.68425710439759,48.274900444412886,47.40272237274309,46.50706871015131,44.84984723841489,44.621258721282345,44.22195069598452,43.5595743435807,43.040533505726884,41.28887938914753,40.71552046875023,40.12202683644473,39.68445505014681,40.49101384778211,,,,,,,,,,,,,,,,45.21683682584651,49.59045455629938,48.675268196963756,48.55537572674019,48.17865544378174,47.82795688630993,46.96392887365036,45.228549538413894,44.8879436595063,44.488239345813625,43.8143762109046,42.70298825357773,,,49.56730780762842,44.315275303335426,46.34421445981733,#000000,3.4778181158375325,46.67849933380091,-0.005319235562281755,49.14519970060691,-5.994659611723243,False,False,False,False,True,0.0,0.0,0.0,0.0,0.0,0,0.8764006075764843,1.0865155887213993,False,False,False,False,-0.1729723491635573,-0.2036700551161316,False,False,False,False,957592,488838.78358158213,False,False,False,False,83730.39263673284,False,False,False,False
2024-05-07 00:00:00+00:00,46.95,47.5,46.2,46.63,54815,,,,,,,,,,,,,,,,46.08300152423385,49.53314768153852,48.67270291298143,48.26797048105255,47.400619356332776,46.508442658641236,44.85620960582015,44.628089183811866,44.22951233603448,43.56836943499645,43.05027038017339,41.301441675943835,40.728537120272854,40.13542787319903,39.69686030798716,40.50104093454127,,,,,,,,,,,,,,,,45.2914316178386,49.56621981070365,48.66236556525139,48.54593816205719,48.17272415821098,47.823808225438206,46.96361849330777,45.23396831352905,44.89422824179706,44.495367562639046,43.82270102360254,42.71336456593225,,,49.53314768153852,44.32260271672256,46.348811311692316,#000000,3.4746395859503374,46.68260334574112,0.07695665914246087,52.030365016722115,-3.3124140310168286,False,False,True,False,True,0.47943060208442034,0.0,0.0,0.0,0.0,0,0.8578965728371615,1.0742173194974984,False,False,False,False,-0.14680534609446855,-0.17523770060530008,False,False,False,False,1012407,509370.8704999515,False,False,False,False,82596.45567058645,False,False,False,False
2024-05-08 00:00:00+00:00,45.97,46.92,45.215,46.61,79386,,,,,,,,,,,,,,,,46.0779986766374,49.469834891659985,48.648420157565184,48.25198104070734,47.392658041861296,46.50595209126614,44.86152695471433,44.63421493273655,44.23691118771084,43.577786125420936,43.06118303813054,41.31678548498401,40.744706462799186,40.15231391849804,39.712638773742626,40.51358421848577,,,,,,,,,,,,,,,,45.33669957607004,49.52102323414347,48.635250183751864,48.525579112493894,48.15864110952213,47.81250235895146,46.95846799148477,45.23774924935963,44.89940807166113,44.50197528821325,43.83135805875811,42.72526242895132,,,49.469834891659985,44.322405999807515,46.34532638861342,#000000,3.4680671616678245,46.674907610463436,-0.2032566203603855,51.47549703397994,-3.3124140310168286,False,False,True,False,True,0.0,0.0,0.0,0.0,0.0,0,0.8287802493207003,1.0908237622096204,False,False,False,False,-0.1937718490247747,-0.1845047748150374,False,False,False,False,933021,525984.6010685809,False,False,False,False,82470.55544821052,False,False,False,False
2024-05-09 00:00:00+00:00,46.45,46.9,45.7862,46.03,110904,,,,,,,,,,,,,,,,46.11622085904195,49.3936049778829,48.619600324800906,48.233427539077674,47.38446695793951,46.50502396866892,44.87102815092874,44.644762147536106,44.2491032524112,43.59264521915578,43.0780421128704,41.33960488238429,40.76858812895247,40.17711187984508,39.73574185738389,40.53209755271468,,,,,,,,,,,,,,,,45.4183776335737,49.46582394869899,48.603178612856404,48.50153360720273,48.14240929388218,47.79995348616145,46.954010478388994,45.24522368013873,44.90873282835131,44.513160659581224,43.84520818946502,42.74345349447077,,,49.3936049778829,44.32756686322466,46.345088826064284,#000000,3.4552286165742605,46.67074252982943,-0.06388651933784001,52.17787260317053,-3.1396021335317172,False,False,True,False,True,0.0,0.0,0.0,0.0,0.0,0,0.8394012572662419,1.0866412174708295,False,False,False,False,-0.17714391620988773,-0.18082434551246257,False,False,False,False,1043925,546295.9892619698,False,False,False,False,83585.59248945718,False,False,False,False
2024-05-10 00:00:00+00:00,35.81,45.61,35.47,45.61,630865,,,,,,,,,,,,,,,,43.11481651048301,48.11043320144282,47.96911688025545,47.739002838047824,47.014483082733214,46.2045180400665,44.66782076991368,44.45586557640062,44.08331583947978,43.4570385035057,42.962439311825904,41.28019271386975,40.726084506533994,40.150222729443,39.72080854570522,40.504426623920295,,,,,,,,,,,,,,,38.96333333333333,43.4277895373907,48.511698560327254,47.8821106568906,47.93023311337951,47.68972688354951,47.380870721327874,46.61916461311161,45.019545864861875,44.70293315917723,44.331177482400065,43.698751732522915,42.63933744129912,,,48.11043320144282,43.88503660460167,45.29205177689012,"rgba(255, 26, 202, 1.0)",3.6960015258763286,45.79089783322862,-2.700458255590717,41.70721733973115,-2.2949396050060713,False,True,False,True,False,0.0,0.0,0.0,0.0,0.0,0,0.7143726484624793,1.0836178936104661,False,False,False,False,-0.34282825441539394,-0.26182629996392826,False,False,False,False,413060,541071.0485065985,False,False,False,False,105047.53003889024,False,False,False,False
2024-05-13 00:00:00+00:00,36.26,37.8399,35.5368,36.35,424559,,,,,,,,,,,,,,,,41.668240044401244,47.22616053912766,47.47369586895406,47.35115097132982,46.71383337553559,45.95227249105225,44.48405655632832,44.282744204327756,43.927498793987276,43.32342243244444,42.84336458525127,41.201846142889416,40.66087787903776,40.09727149286835,39.68002609290993,40.45798441161317,,,,,,,,,,,,,,,37.990753026050825,42.24498196258482,47.822258551479024,47.338786787548756,47.48911202267716,47.33174274901992,47.04574190055384,46.34287178718347,44.81950783702948,44.51723212888659,44.16307795348151,43.55719121168824,42.52843950069679,,,47.22616053912766,43.58402786762865,44.860899801452334,"rgba(255, 26, 202, 1.0)",3.910402043798693,45.30928597757698,-2.314157438600918,35.45846577898696,-7.717090621556288,False,True,False,True,False,0.0,0.0,0.0,0.0,0.0,0,0.7121194186549186,1.2058677460526586,False,False,False,False,-0.34282825441539394,-0.3023272771896611,False,False,False,False,837619,552700.3799377122,False,False,False,False,117577.39160599258,False,False,False,False
2024-05-14 00:00:00+00:00,37.35,37.57,36.12,36.19,164444,,,,,,,,,,,,,,,,41.30241773352488,46.93239809036007,47.300887237522375,47.21424530004536,46.607117513293666,45.86275897897797,44.41915759431911,44.22164000938142,43.87257890940322,43.2765234167906,42.80176042876623,41.175171447180446,40.63897373101772,40.07982396516912,39.66682547337065,40.44240327682639,,,,,,,,,,,,,,,37.85899220934833,41.91845776278506,47.58630859932407,47.1506043263989,47.33421808493415,47.204937001275155,46.92697812108106,46.24480187877979,44.74877997249702,44.451644989415094,44.103781668733504,43.507412887053995,42.489836532955714,,,46.93239809036007,43.48841769412183,44.73282723342937,"rgba(255, 0, 0, 1.0)",4.067291978213129,45.16313529907002,-1.920967400649348,33.05785849989568,-9.533187016129055,False,True,False,True,False,0.0,0.0,0.0,0.0,0.0,0,0.7262630853212001,1.1885086736248471,False,False,False,False,-0.3358112387263551,-0.3190692579580081,False,False,False,False,1002063,570322.4434695666,False,False,False,False,119415.2978175223,False,False,False,False
2024-05-15 00:00:00+00:00,36.8,38.115,36.52,37.65,180622,,,,,,,,,,,,,,,,40.97206517121334,46.63264656061025,47.11988693917833,47.06987749886299,46.49414845037578,45.76791509290124,44.35040546657759,44.15690186387935,43.81439154624833,43.22687353306057,42.757766230521874,41.14717593503279,40.61607861619546,40.06169919566817,39.65318799633666,40.426101829275765,,,,,,,,,,,,,,,37.76690822385974,41.612214708809894,47.34182212399477,46.954242041774194,47.17138409740269,47.070953587733655,46.801419214303586,46.14093560222629,44.67385376226706,44.38216609860029,44.04096360742064,43.454693868027235,42.44905836356124,,,46.63264656061025,43.39169512037115,44.60466271538318,"rgba(255, 0, 0, 1.0)",4.243075278594599,45.016755082912,-1.936509381382829,31.11129321899978,-11.117432478367313,False,True,False,True,False,0.0,0.0,0.0,0.0,0.0,0,0.7491873177176483,1.1767091132689802,False,False,False,False,-0.3148345874614815,-0.3169519227097448,False,False,False,False,821441,580170.2300001719,False,False,False,False,121815.5606482077,False,False,False,False
2024-05-16 00:00:00+00:00,36.97,37.47,36.1,36.88,140418,,,,,,,,,,,,,,,,40.73204930749487,46.40506789431792,46.97949434032575,46.957183981448814,46.405427756020224,45.693093917079665,44.295671886960335,44.105279378256874,43.767854091946376,43.18696080739758,42.72224155470343,41.12407668321911,40.59697383068995,40.046337193133354,39.64143854718583,40.41239759387983,,,,,,,,,,,,,,,37.683049564564094,41.385823038673216,47.15419034977198,46.802348986468544,47.044685402287065,46.96617624520869,46.70306539286172,46.05918832728275,44.614349531210486,44.326869251938895,43.99082703395084,43.412399666975794,42.41602516644635,,,46.40506789431792,43.316971797753745,44.504538304433886,"rgba(255, 0, 0, 1.0)",4.400626593385902,44.903584783903455,-1.8028307141141116,30.11299256818983,-11.9967991537262,False,True,False,True,False,0.0,0.0,0.0,0.0,0.0,0,0.7416122661907001,1.174332168569057,False,False,False,False,-0.33849509318842247,-0.32772350794908367,False,False,False,False,961859,595138.4170589887,False,False,False,False,122545.06807376818,False,False,False,False
2024-05-17 00:00:00+00:00,37.26,37.42,36.59,37.0,71533,,,,,,,,,,,,,,,,40.62721131362956,46.29600374105072,46.91112169828153,46.902083359321225,46.361989980693444,45.65649353296495,44.26899571585169,44.08013293000718,43.74520988885691,43.167592491498056,42.705050632225124,41.11306841255144,40.58794222743107,40.03915851909174,39.63600863648259,40.405930199484,,,,,,,,,,,,,,,37.65674000377894,41.28431685883795,47.063357580320364,46.72856081010075,46.98284124678591,46.91488473683202,46.65492319505691,46.01917973503037,44.585321601660254,44.29991655554715,43.96641454853891,43.391852078250594,42.4000751380061,,,46.29600374105072,43.28149957996383,44.457568006826634,"rgba(255, 0, 0, 1.0)",4.5307923933581975,44.850284951657336,-1.675266552222549,29.989798554316504,-12.24630641343807,False,True,False,True,False,0.0,0.0,0.0,0.0,0.0,0,0.7404723655877223,1.1886543917169068,False,False,False,False,-0.32803415315367185,-0.3278788305513778,False,False,False,False,1033392,612324.8320762833,False,False,False,False,120544.59481597335,False,False,False,False
2024-05-20 00:00:00+00:00,37.47,37.525,36.9425,37.07,43381,,,,,,,,,,,,,,,,40.57033967926767,46.232666073352156,46.871044885150546,46.86971744625046,46.336471453512665,45.635021211037454,44.253412442182544,44.06545318403348,43.73200863984563,43.156334278319356,42.69508735725779,41.10678929649152,40.582834618497486,40.03514915895307,39.63301371917849,40.40228267013368,,,,,,,,,,,,,,,37.6477212350925,41.228205696729695,47.010277806595774,46.68537624991988,46.946544067865645,46.884736412730504,46.626635361931235,45.995690300263604,44.56834587914123,44.28417014958684,43.95216994174528,43.37989364701227,42.390852096230596,,,46.232666073352156,43.2611016320915,44.430816834218845,"rgba(255, 0, 0, 1.0)",4.652671297029157,44.81980040581174,-1.579694746651191,30.322415370177126,-12.24630641343807,False,True,False,True,False,0.0,0.0,0.0,0.0,0.0,0,0.7551000459288675,1.1805767755256715,False,False,False,False,-0.31743273968019,-0.32265578511578386,False,False,False,False,1076773,630538.4857203506,False,False,False,False,117518.57148985675,False,False,False,False
2024-05-21 00:00:00+00:00,36.63,37.5,36.04,37.47,206818,,,,,,,,,,,,,,,,40.27945838239667,45.92342495054588,46.672991960763795,46.709039714713136,46.20894924889235,45.52701268429483,44.17384361275502,43.99030405852834,43.664101200796345,43.09789900459432,42.64294509327427,41.07253239986713,40.55435389925217,40.012094145445474,39.6152426324298,40.381717299812394,,,,,,,,,,,,,,,37.54508193975576,40.94394046051303,46.75006164174738,46.47221761193426,46.76682076631499,46.734880444833856,46.48571149647613,45.87794363038694,44.4820079462137,44.2038022886558,43.87913672641807,43.318049049313395,42.342288850131474,,,45.92342495054588,43.15786939302262,44.292457142514984,"rgba(255, 0, 0, 1.0)",4.786758338101909,44.66453653834681,-1.6784922009521661,29.797455676754844,-13.070005092009652,False,True,False,True,False,0.0,0.0,0.0,0.0,0.0,0,0.7421888211428118,1.1697800419969453,False,False,False,False,-0.33899990123782053,-0.3308278431768022,False,False,False,False,869955,639927.3686332781,False,False,False,False,121020.50986280355,False,False,False,False
2024-05-22 00:00:00+00:00,36.55,37.23,36.18,36.18,240368,,,,,,,,,,,,,,,,39.98654196807285,45.585820686473944,46.45075651508571,46.52731046844665,46.063864065441535,45.403754617155535,44.08260514274313,43.90405153620381,43.586033365544175,43.03057304912584,42.58277371002078,41.032754994865144,40.521181453629076,39.98513742979351,39.594366170886005,40.35765100313228,,,,,,,,,,,,,,,37.443157539549695,40.65077568585169,46.461702970060706,46.233965365381536,46.56432200521103,46.56499539338967,46.32574551533991,45.743780843875605,44.38313787825698,44.11166350694607,43.795276368764476,43.24685273662419,42.28619283946242,,,45.585820686473944,43.04344851103875,44.139351434516456,"rgba(255, 0, 0, 1.0)",4.898190962253661,44.493463071889735,-1.6217136353203643,29.37545686928333,-13.901972162413884,False,True,False,True,False,0.0,0.0,0.0,0.0,0.0,0,0.7375399193585833,1.1767344604733672,False,False,False,False,-0.3420467975449076,-0.3364373203608549,False,False,False,False,629587,639521.8639809926,False,False,False,False,125700.803593674,False,False,False,False
2024-05-23 00:00:00+00:00,35.8,36.73,35.75,36.56,174224,,,,,,,,,,,,,,,,39.77120020343941,45.3416914100741,46.286879877711016,46.392401290530394,45.95533136223824,45.31095168997069,44.012963832285095,43.838059366425696,43.52604251483098,42.97843788537076,42.53586224141925,41.000738328290545,40.49405739220881,39.962628693493194,39.57657110557164,40.337792690459814,,,,,,,,,,,,,,,37.33988665081116,40.435719089332025,46.251424037733265,46.05869866207396,46.414531978354276,46.43863744254439,46.2064876516828,45.64310888094865,44.30794186899621,44.04136285678326,43.73102769381746,43.19188888124763,42.24224585459803,,,45.3416914100741,42.95760061776998,44.023304734532545,"rgba(255, 0, 0, 1.0)",5.040790878888493,44.36521741802916,-1.699181264174525,28.40997273879202,-15.258437547075935,False,True,False,True,False,0.0,0.0,0.0,0.0,0.0,0,0.7378929747625202,1.1833862249253237,False,False,False,False,-0.34282825441539394,-0.3396327873881244,False,False,False,False,455363,632299.9477464439,False,False,False,False,127603.67404098091,False,False,False,False
2024-05-24 00:00:00+00:00,35.78,36.25,35.5,35.75,263699,,,,,,,,,,,,,,,,39.46776819541603,44.985810869965015,46.04262906914131,46.189918025753876,45.791429896215284,45.17023990536144,43.906581316409955,43.73711386067664,43.43405471578197,42.898190157083846,42.46342922604511,40.950632092593494,40.451333092444244,39.92688179568116,39.548070029865244,40.30633546671425,,,,,,,,,,,,,,,37.184573652045906,40.12958627567017,45.941449406172524,45.798278988738275,46.19049639392402,46.248599357110514,46.02684597151312,45.49078285873589,44.19330195604404,43.93399849752162,43.63267972545988,43.10741188504396,42.17424651158847,,,44.985810869965015,42.82940110719681,43.85017319073602,"rgba(255, 0, 0, 1.0)",5.189469232871473,44.174806946882875,-1.617661955428494,27.74773107807654,-16.312884654631816,False,True,False,True,False,0.0,0.0,0.0,0.0,0.0,0,0.7331947528130628,1.1956115269874779,False,False,False,False,-0.34282825441539394,-0.3412305209017592,False,False,False,False,191664,615020.106658348,False,False,False,False,132940.74564721697,False,False,False,False
2024-05-28 00:00:00+00:00,36.69,37.12,35.01,35.95,417613,,,,,,,,,,,,,,,,39.11955953344484,44.49780055278288,45.69371225212166,45.89736956296823,45.553223069085995,44.9656469656148,43.75234815420518,43.590792002656435,43.300800732460644,42.7822571447945,42.35911862159161,40.87975759360953,40.391420862954746,39.87735183709861,39.50895008782523,40.26212251159569,,,,,,,,,,,,,,,37.05594761058142,39.76135841277696,45.50599036332664,45.42865592287032,45.86845709099227,45.973079369614155,45.76624261780608,45.26933423312236,44.02699840096809,43.778341954590346,43.49017539994736,42.985218823339906,42.07658233880441,,,44.49780055278288,42.65201446780066,43.614337118364645,"rgba(239, 83, 80, 1.0)",5.310911840407189,43.91479171009683,-1.3603674711992402,29.644554025411818,-16.312884654631816,False,True,False,True,False,0.0,0.0,0.0,0.0,0.0,0,0.7223929051444612,1.181473982560652,False,False,False,False,-0.3339642623493935,-0.33759739162557634,False,False,False,False,609277,614794.8867893931,False,False,False,False,144104.36346497317,False,False,False,False
2024-05-29 00:00:00+00:00,36.23,36.86,36.2,36.5,119423,,,,,,,,,,,,,,,,39.03825594634897,44.370609910316176,45.60005432937431,45.81816858538671,45.488394076105976,44.90988277173486,43.71028221658824,43.55087136637981,43.26443102929545,42.75062674107942,42.33068400280841,40.8605590894972,40.3752424938294,39.86403894915847,39.498467769374116,40.25014642112541,,,,,,,,,,,,,,,37.03166127434115,39.67280884396576,45.39057718258391,45.329892690329736,45.781616636831764,45.89829439615377,45.69544814589642,45.20901966667247,43.98165291501088,43.73589094213069,43.45129595566728,42.95187212605434,42.04998335483345,,,44.370609910316176,42.60504473115019,43.552308779267044,"rgba(239, 83, 80, 1.0)",5.439404372532769,43.84645544405572,-1.4002370337672188,30.34795057155663,-16.312884654631816,False,True,False,True,True,0.0,0.0,0.0,0.0,0.0,0,0.7484792450253267,1.1758170836050363,False,False,False,False,-0.3124794838585058,-0.3250384377420411,False,False,False,False,489854,609895.2441702012,False,False,False,False,143136.46685850364,False,False,False,False
2024-05-30 00:00:00+00:00,34.63,36.25,34.63,36.12,174814,,,,,,,,,,,,,,,,38.874337681586255,44.16307252685312,45.44794564340182,45.68935005134891,45.38216896186477,44.81761980866539,43.63906192605858,43.483031643892645,43.20219315084475,42.69577177611342,42.28076546463958,40.824844967765706,40.3443093274952,39.83765295522029,39.47700339924804,40.22701203903333,,,,,,,,,,,,,,,36.93161013225298,39.50416938344451,45.20380369954785,45.16924550721193,45.64059662633116,45.77662225698423,45.57990025594545,45.1097387320143,43.905329194050594,43.66406152693772,43.38507365675476,42.89435251348594,42.0028671185952,,,44.16307252685312,42.524133832751986,43.44364389258127,"rgba(255, 0, 0, 1.0)",5.602653303215959,43.72844661829959,-1.6239531746640512,29.107271611149066,-16.312884654631816,False,True,False,True,True,0.0,0.0,0.0,0.0,0.0,0,0.7469442079929655,1.1691840397256306,False,False,False,False,-0.34282825441539394,-0.3339333460787175,False,False,False,False,315040,598332.2934184286,False,False,False,False,144378.72306013096,False,False,False,False
2024-05-31 00:00:00+00:00,34.39,34.87,33.81,34.84,141302,,,,,,,,,,,,,,,,38.72472357860505,43.98747652364802,45.31872507282583,45.57960570985352,45.29118042724174,44.73813129149915,43.57691122130938,43.423707353649796,43.1475578353289,42.64727983384902,42.236364844970915,40.79219809762746,40.31568533200552,39.81286225474135,39.4565616858231,40.205483142656405,,,,,,,,,,,,,,34.35666666666667,36.82441043749765,39.352920462907974,45.04591212911547,45.03279663678229,45.52067665778446,45.67288520883793,45.48118714889188,45.02446379665657,43.838941620469505,43.601400673095945,43.327091938808486,42.84364677118993,41.960774728961105,,,43.98747652364802,42.4534033878522,42.70598391983327,"rgba(255, 0, 0, 1.0)",5.761107882693803,43.185990727807365,-1.5267880600240553,28.049767101579533,-17.05843768972609,False,True,False,True,True,0.0,0.0,0.0,0.0,0.0,0,0.7302635143922314,1.2028052930466449,True,False,False,False,-0.34282825441539394,-0.33838080024705575,False,False,False,False,173738,581681.5368137844,True,False,False,False,144258.0672538513,True,False,False,False
2024-06-03 00:00:00+00:00,35.63,35.674,34.54,34.56,364030,,,,,,,,,,,,,,,,38.45403149490514,43.60356307116406,45.02623158525162,45.328936651921595,45.08279469248632,44.55656026473954,43.43624362867647,43.28959710912976,43.024347067330964,42.538559776552276,42.137395035593585,40.7214593454067,40.25443748842964,39.760666840547785,39.414056302844635,40.15939446795667,,,,,,,,,,,,,,35.02277608911897,36.67494011602808,39.06639849429261,44.69297443643337,44.72574978186202,45.247803166540415,45.435260080943856,45.25518702372149,44.829392746500375,43.688358781762894,43.459555057317566,43.19614083186177,42.72968323630656,41.86736956547036,,,43.60356307116406,42.299267176433546,42.563684957725734,"rgba(239, 83, 80, 1.0)",5.884204637520422,43.00362475523289,-1.2531217402289567,30.51874526496486,-17.05843768972609,False,True,False,True,True,0.0,0.0,0.0,0.0,0.0,0,0.7220199044456158,1.1980742367335409,False,False,False,False,-0.30849973582240153,-0.32344026803472864,False,False,False,False,537768,579959.4373308909,False,False,False,False,152876.57442036696,False,False,False,False
2024-06-04 00:00:00+00:00,35.92,36.07,35.3,35.54,153913,,,,,,,,,,,,,,,,38.367476469257994,43.4600630750124,44.91349568064349,45.23149599732194,45.00148102101975,44.485753044186254,43.381624707677666,43.23754784519593,42.97657752395623,42.49654120708553,42.09927503209886,40.69469585824378,40.23145430015369,39.74129431515697,39.39840986830824,40.142066423097965,,,,,,,,,,,,,,35.19567294404964,36.63907426678657,38.97096158824642,44.55856494554693,44.608001512014795,45.14212764945786,45.34264443519927,45.1670914055316,44.75329178979808,43.62983360069472,43.404476124273245,43.14534186893159,42.68557737861725,41.831491767490526,,,43.4600630750124,42.241203273026045,42.505296519759895,"rgba(239, 83, 80, 1.0)",5.995133425770722,42.93180099854231,-1.1695821428095878,32.85350801824326,-17.05843768972609,False,True,False,True,True,0.0,0.0,0.0,0.0,0.0,0,0.743894035678738,1.1797964496264783,False,False,False,False,-0.28161281435982105,-0.30252654119727485,False,False,False,False,691681,584340.6750826207,False,False,False,False,152917.21856074472,False,False,False,False
2024-06-05 00:00:00+00:00,37.29,37.4,35.94,36.0,199712,,,,,,,,,,,,,,,,38.30774283817296,43.30733871283133,44.78854919409752,45.122504783830074,44.910526173732634,44.40707085936957,43.32209094067702,43.18097584702772,42.924946048827124,42.451677821315364,42.05905931283404,40.6681398991525,40.20932453847815,39.7233927750115,39.38446360902429,40.12545007977409,,,,,,,,,,,,,,35.586512786243475,36.65061441194291,38.89528151708217,44.41140388803359,44.478411491341014,45.024333574628564,45.23874470157907,45.068438478352725,44.66842536482438,43.56573674814328,43.34441548497087,43.09023925580766,42.63824467719333,41.79398875190022,,,43.30733871283133,42.18082833963474,42.46105650943166,"rgba(239, 83, 80, 0.5)",6.073821000782797,42.86846785263443,-0.9184445593499507,37.38050635127982,-17.667757503152757,False,False,False,True,True,0.0,0.0,0.0,0.0,0.0,1,0.7580492654488082,1.1512273137417002,False,False,False,False,-0.23770686277634245,-0.27011670198680865,False,False,False,False,891393,596381.9427264394,False,False,False,False,154752.30802895082,False,False,False,False
2024-06-06 00:00:00+00:00,37.22,37.63,37.025,37.44,79250,,,,,,,,,,,,,,,,38.29184027331345,43.25246581295242,44.74258241409127,45.082176023834286,44.876830628703175,44.37799315183669,43.30026929712793,43.1602642458018,42.9060882423497,42.43538345093959,42.044536210935505,40.65884629561415,40.201707154557425,39.717377488011465,39.379880849932555,40.11973943966119,,,,,,,,,,,,,,35.73054650697199,36.662736467932305,38.872611311115364,44.35768902591057,44.430925521215684,44.98084935756265,45.20022969286761,45.03188895329224,44.637020022314346,43.54219487320909,43.32239699658479,43.07008343916809,42.62101267985704,41.780506356268546,,,43.25246581295242,42.15924881122891,42.44576365744788,"rgba(239, 83, 80, 0.5)",6.150547732145974,42.84617970079029,-0.9147444985078217,40.275407143629636,-15.043276654950233,True,False,False,True,True,0.0,0.0,0.0,0.0,0.0,0,0.77458460770916,1.1498150799331908,False,False,False,False,-0.20663916504369625,-0.23837793351525244,False,False,False,False,812143,604843.160658736,False,False,False,False,151791.4332042861,False,False,False,False
2024-06-07 00:00:00+00:00,38.01,38.3999,37.41,37.78,137819,,,,,,,,,,,,,,,,38.28251685974583,43.16950990111376,44.67081243180282,45.0187778462134,44.82388524878315,44.33256263591387,43.266748501154304,43.128531591540444,42.8773449764589,42.410831370723294,42.02290597730395,40.64589399893798,40.1914846638016,39.70976415034063,39.37441829688537,40.11212707027849,,,,,,,,,,,,,,36.01353230563202,36.70340046352263,38.85023267848251,44.2745776875225,44.35718776533196,44.91266059993786,45.13955050773477,44.974395151917136,44.58780156408745,43.505875562330786,43.28856058503966,43.03925872834582,42.5949220205126,41.760609850574404,,,43.16950990111376,42.12738222006236,42.428754676498,"rgba(239, 83, 80, 0.5)",6.210790160230418,42.817018930807635,-0.7739786414920993,43.82085192050644,-11.83333602073268,True,False,False,True,True,0.0,0.0,0.0,0.0,0.0,0,0.7820607157081809,1.1323229800247079,False,False,False,False,-0.1780828396678106,-0.20823038659153154,False,False,False,False,949962,618377.232789766,False,False,False,False,151243.49464725525,False,False,False,False
2024-06-10 00:00:00+00:00,38.0,38.15,37.45,37.57,123525,,,,,,,,,,,,,,,,38.27287018348779,43.09631734458854,44.607074372846746,44.96232541027745,44.77661526251954,44.29192473624706,43.23665007926509,43.10001898761924,42.85148584450365,42.38869545855378,42.00336737644939,40.634077841708645,40.18210487805581,39.70271531727927,39.369309008124986,40.10512054732121,,,,,,,,,,,,,,36.204360725554814,36.73567399068622,38.82952527564564,44.20105358920685,44.29176832390579,44.85202604532966,45.08547523993595,44.9231220696619,44.54381892407415,43.47329755346188,43.258182351072406,43.01155149351296,42.57141894619655,41.742612522945834,,,43.09631734458854,42.09879204055301,42.40884907508504,"rgba(239, 83, 80, 0.5)",6.268883697342881,42.787682597944986,-0.7637217133210312,46.16327466659266,-9.762043381965924,True,False,False,False,True,0.0,0.0,0.0,0.0,0.0,0,0.7889800383200888,1.1374770741806457,False,False,False,False,-0.1749773457508102,-0.19160386617117087,False,False,False,False,826437,626536.4393470301,False,False,False,False,150156.4948571668,False,False,False,False
2024-06-11 00:00:00+00:00,38.07,38.39,37.72,37.88,62795,,,,,,,,,,,,,,,,38.27038914033692,43.06122561473437,44.576044537511855,44.934740287077,44.75349604977075,44.27207706408447,43.22202380914928,43.08617360782377,42.838948084981965,42.378002535194135,41.99396595083475,40.628526391822554,40.17776126467815,39.69952776074697,39.367057386042056,40.10188164451726,,,,,,,,,,,,,,36.296668910663165,36.75409231020522,38.821376510601986,44.165441250656414,44.26000037441353,44.82244239858466,45.05902074280998,44.8980459224079,44.52232095628444,43.45744625354468,43.24341855669804,42.99810480138308,42.5600476214428,41.733980244687714,,,43.06122561473437,42.085115070581644,42.39945763245597,"rgba(239, 83, 80, 0.5)",6.2510073422443915,42.773727454937074,-0.7524751127948963,47.88103745942837,-8.211120117267306,True,False,False,False,True,0.0,0.0,0.0,0.0,0.0,0,0.7972513620763473,1.1192198103283895,False,False,False,False,-0.15368553454077155,-0.1726447003559712,False,False,False,False,889232,636838.2260393035,False,False,False,False,146730.55388237594,False,False,False,False
2024-06-12 00:00:00+00:00,38.19,38.75,37.92,38.45,109933,,,,,,,,,,,,,,,38.28666666666667,38.27071463105515,43.00368660063863,44.52428929969348,44.888550032050475,44.714760671294535,44.238889940943544,43.197731797038145,43.06320214122331,42.81818953960924,42.360385473122285,41.97855681582767,40.61971768817762,40.171009035930425,39.69474448671985,39.36381450012464,40.096862754942904,,,,,,,,,,,,,,36.456087238357995,36.790520053138046,38.811644273070776,44.10635851302121,44.20716326684734,44.77298247169496,45.01466877059952,44.856025050651745,44.48633459190871,43.4310743561597,43.21889448254925,42.97581168206288,42.541273468621405,41.71989142353666,,,43.00368660063863,41.84069247500344,42.38490926015859,"rgba(239, 83, 80, 0.5)",6.231210120640134,42.51701224243016,-0.6944096184619833,49.31270737396082,-6.845390213021766,True,False,True,False,True,0.0,0.0,0.0,0.0,0.0,0,0.8291846058790644,1.1116016324975169,False,False,False,False,-0.14001554662016638,-0.1563301234880688,False,False,False,False,999165,651047.1191358014,False,False,False,False,145287.51255365534,False,False,False,False
2024-06-13 00:00:00+00:00,37.78,38.59,37.53,38.27,108468,,,,,,,,,,,,,,,38.12773992182576,38.26483187657625,42.94449735162138,44.4714746197872,44.84142134964955,44.67511352463749,44.20476269192002,43.1724501967155,43.03924722782937,42.79645903410208,42.341797461101436,41.96217108633179,40.609907858485535,40.16327049326975,39.68899122220615,39.359688944562684,40.09106727318063,,,,,,,,,,,,,,36.56674052985869,36.8174712554709,38.796737513918885,44.046073609483706,44.15316982052043,44.722538268275684,44.96941908093481,44.81309016608001,44.44942076726639,43.40371398297097,43.19337936223005,42.95253443284058,42.52152935776872,41.704817571492605,,,42.94449735162138,41.80911130198839,42.36504540850804,"rgba(239, 83, 80, 0.5)",6.186304935642697,42.483664655878655,-0.7603350796334434,49.18496925249464,-6.845390213021766,True,False,False,False,True,0.0,0.0,0.0,0.0,0.0,0,0.8126305951560686,1.112834214843328,False,False,False,False,-0.15344094209716544,-0.15488553279261713,False,False,False,False,890697,660445.1536794956,False,False,False,False,143843.6101005708,False,False,False,False
2024-06-14 00:00:00+00:00,37.78,38.03,37.365,37.64,66249,,,,,,,,,,,,,,,38.034006856373324,38.258527055512474,42.90730362376947,44.43845046474491,44.8119501311337,44.65026247445473,44.18330041917341,43.15641754642713,43.0240349575549,42.78262286431947,42.329898789737086,41.95162749857696,40.60340737261409,40.15805362933904,39.68500569229291,39.35674607948413,40.087142146444876,,,,,,,,,,,,,,36.61634216531049,36.829997435707256,38.78531268547914,44.00839162040982,44.11937905969878,44.69100560258036,44.941122681151256,44.78621268839215,44.426246986786886,43.38640065689026,43.17720214901227,42.93773954176564,42.50891848121016,41.69507897175814,,,42.90730362376947,41.7893386824678,42.350667909010895,"rgba(239, 83, 80, 0.5)",6.1423855946035495,42.46159336302814,-0.7621783574025701,49.099810504850524,-6.703289129731999,True,False,False,False,True,0.0,0.0,0.0,0.0,0.0,0,0.8048661132899513,1.1262366470406038,False,False,False,False,-0.17122310916447386,-0.1630543209785455,False,False,False,False,890697,669474.6378489272,False,False,False,False,140800.6842142739,False,False,False,False
2024-06-17 00:00:00+00:00,37.84,37.89,37.0,37.47,63311,,,,,,,,,,,,,,,37.95079447121948,38.251000623970484,42.87124804251982,44.40650090829091,44.78342836291041,44.6261738803807,44.16245434972465,43.14076781410676,43.0091738071303,42.76908492773021,42.31822052861695,41.941248513081135,40.59690375864823,40.15278626336821,39.68092489135761,39.35368885082847,40.083168452086,,,,,,,,,,,,,,36.65409838478004,36.839718085566204,38.77312395982084,43.9719579314582,44.086675722853315,44.660499721846854,44.91373532897827,44.7601813733721,44.40376276450984,43.36952257516657,43.16141337527993,42.923278706190295,42.4965569170112,41.685470626111716,,,42.87124804251982,41.77044520270414,42.33571396235324,"rgba(239, 83, 80, 0.5)",6.07510389930804,42.43981157419428,-0.757157680005802,49.228559510683155,-6.257144076646419,True,False,False,False,True,0.0,0.0,0.0,0.0,0.0,0,0.7990535211586236,1.123938675410356,False,False,False,False,-0.18367232155156415,-0.17336332126505483,False,False,False,False,954008,680632.8089136751,False,False,False,False,137761.8730686161,False,False,False,False
2024-06-18 00:00:00+00:00,37.37,38.145,37.3,37.9,57776,,,,,,,,,,,,,,,37.90155414714458,38.24455830689549,42.83894149442361,44.37772298743773,44.75769722247712,44.604421756198974,44.143626584153786,43.12663501784297,42.995752852419095,42.75685893237677,42.30767659727443,41.93188100696107,40.59104851872498,40.14805078657497,39.67726457634285,39.35095238998075,40.07959398973174,,,,,,,,,,,,,,36.687033971151315,36.84870328163915,38.76247179467268,43.93921355824622,44.057244159695884,44.63299869018821,44.88901532578621,44.736682421989904,44.38345729343382,43.35428034128766,43.14715513844413,42.910219603384654,42.485394675115344,41.676801532467344,,,42.83894149442361,41.754955127468286,42.32219084196447,"rgba(239, 83, 80, 0.5)",6.020584234318365,42.421458317276425,-0.8390312502368535,47.8983800334731,-6.257144076646419,True,False,False,False,True,0.0,0.0,0.0,0.0,0.0,0,0.7987027920869469,1.1226181758666278,False,False,False,False,-0.163849339685542,-0.1686063304752984,False,False,False,False,896232,689087.6791523546,False,False,False,False,134625.1721639645,False,False,False,False
2024-06-20 00:00:00+00:00,36.88,37.555,36.72,37.0,136515,,,,,,,,,,,,,,,37.68759017947375,38.217096556648855,42.75625277082032,44.30520636830282,44.692978418146026,44.54953561568413,44.09583776441172,43.09020870372914,42.961076681983954,42.72512153154018,42.28004001696322,41.90709706082676,40.57475729180116,40.13451182563337,39.66637120396239,39.342482072374445,40.06930954973607,,,,,,,,,,,,,,36.71461786098621,36.85418191919174,38.726387006819245,43.85652287952873,43.98287923378265,44.563812704701235,44.82687816559004,44.67750604239657,44.33207989438974,43.31514816707612,43.11041951493781,42.87642455841619,42.45625398992673,41.65369971892807,,,42.75625277082032,41.70914550659049,42.28191511833365,"rgba(239, 83, 80, 0.5)",5.955945721834757,42.365810822430035,-0.9210646098265822,45.660143418419786,-6.257144076646419,True,False,False,False,False,0.0,0.0,0.0,0.0,0.0,0,0.7980983733157836,1.1242328456897734,False,False,False,False,-0.19163772410732227,-0.18012202729131033,False,False,False,False,759717,691857.4564404977,False,False,False,False,134699.28305949533,False,False,False,False
2024-06-21 00:00:00+00:00,37.01,37.2,36.5,36.77,164326,,,,,,,,,,,,,,,37.50519872304733,38.1816724261804,42.65729160568796,44.21805166813606,44.6150178628334,44.48323057900574,44.03796721114086,43.04587386329367,42.918834749813016,42.68639710775655,42.2462233909639,41.876694687648275,40.55452769458386,40.11759427266406,39.6526407987709,39.33171371701887,40.056418247846814,,,,,,,,,,,,,36.903333333333336,36.73036801625321,36.85572870425145,38.68124714480722,43.757469201218505,43.893560733438584,44.48057697772,44.75197457747936,44.606109559042196,44.26994213654735,43.267583284471065,43.065714793825855,42.83523543442303,42.42063720792024,41.62530932891774,,,42.65729160568796,41.65796168272892,41.87631936224328,"rgba(239, 83, 80, 0.5)",5.926753519362818,42.000395620085676,-0.8420116685774024,44.66769944430902,-6.257144076646419,True,False,False,True,False,0.0,0.0,0.0,0.0,0.0,0,0.8105106781252175,1.123498976712214,False,False,False,False,-0.20667615961127755,-0.19339909345129394,False,False,False,False,924043,700962.7718742037,False,False,False,False,135861.11509637788,False,False,False,False
2024-06-24 00:00:00+00:00,36.87,37.1278,36.55,37.0,60885,,,,,,,,,,,,,,,37.45316178673543,38.16849273153767,42.62113292803185,44.18604366894035,44.586327417674376,44.45878154337965,44.01660042754002,43.02946493501812,42.903193404897074,42.672046741793274,42.23367592523167,41.86540234643299,40.54697868790054,40.111266300936805,39.64748871735489,39.32765970248742,40.05158701541055,,,,,,,,,,,,,36.888716600580494,36.73393443276354,36.855654225414675,38.66459310755001,43.72119738204968,43.860785022356396,44.44997763666721,44.72439138249109,44.579804675536224,44.24701532640688,43.24999033876791,43.04917025836985,42.81998038276847,42.407428254607275,41.61475681692729,,,42.62113292803185,41.63995907537074,41.85782638955046,"rgba(239, 83, 80, 0.5)",5.8844060987609765,41.977261791390575,-0.8679315644897392,43.58907140395671,-1.6390824105400839,True,False,False,True,False,0.0,0.0,0.0,0.0,0.0,0,0.8206314026933962,1.1188445978685648,False,False,False,False,-0.20725858394636515,-0.20032883869882956,False,False,False,False,863158,707323.3690556076,False,False,False,False,132920.8752886768,False,False,False,False
2024-06-25 00:00:00+00:00,38.03,38.1,36.66,36.8,72530,,,,,,,,,,,,,,,37.46555285301981,38.161833064037346,42.58414394725155,44.1521223372016,44.55570001985602,44.432700605300276,43.9939492044355,43.01238094297933,42.88695277636384,42.65722601615263,42.22086881166848,41.85401075891905,40.53983547588061,40.10547981858817,39.6430086222709,39.324298737937,40.0471895283388,,,,,,,,,,,,,37.06117393192965,36.76369840942239,36.86569053316576,38.65315196190416,43.68312794049926,43.82625622547709,44.417397624144755,44.69487759765022,44.55170777230587,44.22262843253707,43.23159054962298,43.0319380529153,42.804170951782424,42.393879396138765,41.6042087442162,,,42.58414394725155,41.62572079530593,41.85369987491413,"rgba(239, 83, 80, 0.5)",5.8120541313055085,41.968081100282795,-0.6775713046220749,46.98569179260427,-1.6390824105400839,True,False,False,False,True,0.0,0.0,0.0,0.0,0.0,0,0.838550351497139,1.1015986567942198,False,False,False,False,-0.17901963702051413,-0.18967423785967186,False,False,False,False,935688,716278.844778917,False,False,False,False,130552.605669513,False,False,False,False
2024-06-26 00:00:00+00:00,38.13,38.64,37.87,37.87,28793,,,,,,,,,,,,,,,37.49033553065235,38.16207007261606,42.571407558901434,44.14001052714377,44.54468666094818,44.423330900815344,43.98586389601076,43.00639753980051,42.881281409617145,42.65208048107271,42.216479625533424,41.85015795785201,40.53760148671094,40.10375289458116,39.641769855809756,39.323443072945054,40.0458863826819,,,,,,,,,,,,,37.16276863767121,36.78328393409386,36.872897685128514,38.651289326351325,43.669663955873446,43.8140007401566,44.40571131136854,44.68424086062891,44.54159985147422,44.213893227804796,43.22511509318461,43.02590008348902,42.79866148220155,42.38921059005551,41.600678683665855,,,42.571407558901434,41.62215034433486,41.855927697543194,"rgba(239, 83, 80, 0.5)",5.745930718327536,41.96872336970567,-0.6680768630678866,49.55207330199587,-5.372108927474791,True,False,False,False,True,0.0,0.0,0.0,0.0,0.0,0,0.8758797109824894,1.083249481487566,False,False,False,False,-0.13392644130851247,-0.16180033958409218,False,False,False,False,964481,726012.2626307242,False,False,False,False,126562.03289815955,False,False,False,False
2024-06-27 00:00:00+00:00,38.54,38.74,38.05,38.05,46841,,,,,,,,,,,,,,,37.539088319807085,38.16416017455152,42.55193077989124,44.12117258367176,44.527499318119645,44.40871058196186,43.97328093827836,42.99716100561016,42.87253762725414,42.644167470312006,42.209768793117284,41.84430283027487,40.53433507261185,40.10129121679519,39.64008293552484,39.32234169727842,40.04403593174307,,,,,,,,,,,,,37.32341927284901,36.818986109423754,36.88644290853535,38.64986639778534,43.64881889940934,43.79499131302551,44.38749622816263,44.66762361611377,44.525819947973886,44.20027937793913,43.21509813781317,43.01657756519729,42.79017493729039,42.382054639743274,41.595340460157466,,,42.55193077989124,41.61740395745902,41.86019932076129,"rgba(239, 83, 80, 0.5)",5.661731502252977,41.97092117380598,-0.6059844364644836,52.489741650877434,-2.6186597702495646,True,False,True,False,True,0.0,0.0,0.0,0.0,0.0,0,0.8798268275288598,1.0688842922625763,False,False,False,False,-0.12676612269604684,-0.14428323114006952,False,False,False,False,1011322,737200.8797824605,False,False,False,False,123435.71788254545,False,False,False,False
2024-06-28 00:00:00+00:00,38.63,38.92,38.37,38.62,38206,,,,,,,,,,,,,,38.63999999999999,37.58318559013999,38.16702696700812,42.536933997064295,44.10642839242747,44.51400278808015,44.397229711731526,43.963423341288234,42.989979011624015,42.86574674810709,42.6380363326007,42.20459762477215,41.839817265059736,40.53192822262929,40.099526273746704,39.63893604326572,39.32164593174618,40.042714818766456,,,,,,,,,,,,,37.44563405745163,36.85037962804448,36.89869320881849,38.64981163839495,43.632577016248305,43.78015171552115,44.37321008740621,44.65456128674068,44.513423573777125,44.18960038919081,43.207294261199905,43.009327457604094,42.78358938569286,42.37652753944829,41.59127050993795,,,42.536933997064295,41.44895328111431,41.863736783698464,"rgba(239, 83, 80, 0.5)",5.567273653048505,41.755644755406884,-0.5614318516021488,54.71511049493106,-0.5647682845971218,True,False,True,False,True,0.0,0.0,0.0,0.0,0.0,1,0.8723502070279033,1.0759092361013678,False,False,False,False,-0.11401144331644195,-0.12914733722825572,False,False,False,False,1049528,749449.0021439326,False,False,False,False,120093.37600479857,False,False,False,False
2024-07-01 00:00:00+00:00,38.06,38.52,37.85,38.52,36818,,,,,,,,,,,,,,38.396261018696244,37.60400373861902,38.16689019991708,42.520762334391414,44.09101055393059,44.49996021805494,44.38525835900367,43.953075206982895,42.98229262864262,42.85845642409237,42.631413891514626,42.19893611030486,41.834837422669814,40.52900722018316,40.097252071721094,39.63728502536852,39.32048922411395,40.04099410379308,,,,,,,,,,,,,37.50292207981433,36.87150880376967,36.90701631231166,38.64711717159603,43.61547736729635,43.76455785167948,44.358323153046285,44.64099190645397,44.50052085151715,44.178430563165065,43.19898398117919,43.00157182416632,42.77650450207456,42.37051072918521,41.58670074811496,,,42.520762334391414,41.430454764,41.86140918969135,"rgba(239, 83, 80, 0.5)",5.491674458702049,41.740232174779564,-0.6701475483398155,53.868371172303505,-0.5647682845971218,True,False,True,False,True,0.0,0.0,0.0,0.0,0.0,1,0.8605175768523886,1.0805903437780384,False,False,False,False,-0.13751168119997859,-0.13332950921411715,False,False,False,False,1012710,759772.9628441705,False,False,False,False,116827.67498500255,False,False,False,False
2024-07-02 00:00:00+00:00,38.52,38.73,37.635,37.9,47737,,,,,,,,,,,,,,38.35688452901709,37.63577036971408,38.16784187562262,42.50069145368273,44.071645335811084,44.482277214676294,44.37018025815215,43.94006165131753,42.97267416639556,42.84934044652163,42.623145635820265,42.191892671550185,41.828665121708056,40.52547066152127,40.09453954716048,39.63536655961465,39.31918564709804,40.038945657345906,,,,,,,,,,,,,37.579133892051104,36.901044247343094,36.918947166428225,38.64470499690413,43.594074613892055,43.74500942192612,44.33959530069536,44.62389097926954,44.484266491455145,44.16437184783264,43.18857169259892,42.9918656348079,42.76765027521464,42.363013936782906,41.581053929511384,,,42.50069145368273,41.42247660015165,41.859146295114215,"rgba(239, 83, 80, 0.5)",5.38053332029557,41.735041448659885,-0.5975321138766351,54.817286562939444,-0.4666382158392821,True,False,True,False,True,0.0,0.0,0.0,0.0,0.0,1,0.8546328986826803,1.0734573961658258,False,False,False,False,-0.13763978993926992,-0.13548464957669354,False,False,False,False,1060447,771564.1015561639,False,False,False,False,114118.23675029658,False,False,False,False
2024-07-03 00:00:00+00:00,38.72,38.86,38.275,38.47,32152,,,,,,,,,,,,,,38.41114790237101,37.66528011657668,38.17008461370519,42.488311394081634,44.059401140904434,44.4710434089215,44.36060506512041,43.931830500063725,42.966664379835194,42.84365555679809,42.6180092121208,42.1875554811206,41.824899325353094,40.52343938839983,40.09304462691835,39.63438846818949,39.31858611380389,40.037823981809126,,,,,,,,,,,,,37.642380341783266,36.92471204709531,36.92872910724896,38.644583877775496,43.58062980523576,43.73269811300362,44.32771795401403,44.613010730356656,44.47393611577202,44.155460316079854,43.18204537420347,42.985799298697835,42.762136122914114,42.358380285264495,41.577634721211204,,,42.488311394081634,41.4225428153385,41.859323614043745,"rgba(239, 83, 80, 0.5)",5.274708736248124,41.737470361150535,-0.5720638829617821,56.07653583202075,0.8614866708032665,True,False,True,False,True,0.0,0.0,0.0,0.0,0.0,1,0.8706683896969942,1.0690941123338271,False,False,False,False,-0.11796125420767022,-0.12672295189218188,False,False,False,False,1092599,784153.7054167065,False,False,False,False,110903.87452479475,False,False,False,False
2024-07-05 00:00:00+00:00,38.04,38.81,37.95,38.68,47364,,,,,,,,,,,,,,38.37731702071912,37.690760008015005,38.17078777568233,42.468572906231024,44.04030437622904,44.45358310758725,44.345697218232246,43.91895179126524,42.95712780218974,42.83461407185857,42.60980338138385,42.18055776034526,41.81876125569146,40.51990402812055,40.0903240899514,39.63245352766782,39.317262190825296,40.035766271018936,,,,,,,,,,,,,37.693745919409636,36.95141526675769,36.93997883666893,38.64204416951715,43.559561457594874,43.71342964411105,44.30923847179926,44.596118307032334,44.45787429579837,44.14155408615993,43.17172693205974,42.97617630503163,42.75335261092841,42.35093530986496,41.57201528800049,,,42.468572906231024,41.41458603238968,41.85527779338229,"rgba(239, 83, 80, 0.5)",5.18676043246493,41.730941894795095,-0.711608323317341,54.18677039008146,0.8614866708032665,True,False,True,False,True,0.0,0.0,0.0,0.0,0.0,1,0.8590282796273273,1.082898313935134,False,False,False,False,-0.1275326688117939,-0.1271278103519879,False,False,False,False,1045235,794392.1875572278,False,False,False,False,108412.11473950869,False,False,False,False
2024-07-08 00:00:00+00:00,38.31,38.62,37.63,38.14,92433,,,,,,,,,,,,,,38.317521343015166,37.72863222061294,38.17101022480231,42.42985576708706,44.002885084911654,44.419353058270865,44.316432830137636,43.89363294962207,42.938312221934844,42.81676446129371,42.59358479717284,42.1666954069394,41.80657490394826,40.512792584831885,40.08480622850518,39.628472864645964,39.31449205681351,40.03158332148046,,,,,,,,,,,,,37.76194404304841,36.99759101700461,36.960105606515036,38.63614923895262,43.51830883074105,43.6756683283223,44.27302434758251,44.5629962139218,44.426365163967,44.11423674399533,43.15138788073752,42.957192078549475,42.7360057804579,42.3362007877879,41.560839362289684,,,42.42985576708706,41.39852235144587,41.84453436159154,"rgba(239, 83, 80, 0.5)",5.10315990431507,41.715714648589866,-0.6673736885473842,53.87779961538894,0.8614866708032665,True,False,True,False,True,0.0,0.0,0.0,0.0,0.0,1,0.8552228015106406,1.085405374658901,False,False,False,False,-0.14058753909674726,-0.13385767472436758,False,False,False,False,1137668,807853.984123611,False,False,False,False,107785.48278893973,False,False,False,False
2024-07-09 00:00:00+00:00,38.02,38.47,37.74,38.28,61030,,,,,,,,,,,,,,38.276200825509264,37.745339074135686,38.17014557454313,42.40402098023198,43.977977333781425,44.396561198056645,44.29691860166029,43.87671825249244,42.92568443194714,42.80477578173869,42.582675646225034,42.157343734273844,41.79833029618934,40.507899961468304,40.08097037647236,39.62565697155908,39.3124928063011,40.02866778350314,,,,,,,,,,,,,37.78828765375375,37.02358290594344,36.97188194664449,38.63140776048651,43.49086191767509,43.65052351526826,44.248919514433275,44.54093990048061,44.405370142331975,44.09600492679225,43.13775397052903,42.94445265864442,42.7243491839554,42.32627277531805,41.55326143383044,,,42.40402098023198,41.387132201671605,41.83559134707247,"rgba(239, 83, 80, 0.5)",4.992291813340793,41.7036934326697,-0.7378762240672401,52.54208517995769,0.8614866708032665,True,False,True,False,False,0.0,0.0,0.0,0.0,0.0,1,0.8709647315239757,1.0779034290092282,False,False,False,False,-0.14161340980646833,-0.13773554226541795,False,False,False,False,1076638,818394.5337658223,False,False,False,False,105951.93444427542,False,False,False,False
2024-07-10 00:00:00+00:00,37.87,38.31,37.57,38.01,82912,,,,,,,,,,,,,,38.208243318925554,37.755828133887725,38.167028335666465,42.36813091392569,43.943564162951304,44.36508128608336,44.26992544734393,43.853266275480664,42.90807112750445,42.788037561858054,42.567415957249615,42.14421190517329,41.78670881276178,40.500849147571294,40.07536848574966,39.621454323784135,39.309436750495884,40.02439727510752,,,,,,,,,,,,,37.80139579020566,37.0518817109954,36.9852280996805,38.62327237044132,43.45292570678987,43.61575252687813,44.21562974901432,44.510478875646044,44.3763533968357,44.07075816145758,43.118766768695615,42.92668637750984,42.708064336979625,42.312353999910826,41.54254776032971,,,42.36813091392569,41.369834401195575,41.820806375424674,"rgba(239, 83, 80, 0.5)",4.874226916756745,41.68400987042073,-0.7824850864675237,51.07076290392456,0.8614866708032665,True,False,False,False,False,0.0,0.0,0.0,0.0,0.0,1,0.8597049041232803,1.094132957707353,False,False,False,False,-0.15008835603045942,-0.1439119491479387,False,False,False,False,993726,825270.2775397116,False,False,False,False,105048.40760332345,False,False,False,False
2024-07-11 00:00:00+00:00,38.01,38.45,37.905,38.3,31528,,,,,,,,,,,,,,38.20243790675911,37.764151195657114,38.166817195853746,42.355255192417296,43.931022210962375,44.35356890295694,44.26005018006369,43.84470309727403,42.90167972184059,42.78196933887534,42.56189411037756,42.13948084036259,41.78254100651412,40.498389967159106,40.07344748954894,39.62005316847471,39.30844869816705,40.02293540772878,,,,,,,,,,,,,37.81336596428211,37.0646182032156,36.991299957989696,38.621110670249585,43.439164449274124,43.60311260599363,44.20347169661273,44.49932703149995,44.36573552480368,44.06152991359222,43.11186600848307,42.92023858897675,42.702164505396226,42.307330058570585,41.53871973985106,,,42.355255192417296,41.3649358683885,41.81620366125273,"rgba(239, 83, 80, 0.5)",4.774638091091387,41.67864232484588,-0.768360293462013,50.68866636456551,5.323070126268377,True,False,False,False,False,0.0,0.0,0.0,0.0,0.0,1,0.8477787619203608,1.1375502694554123,False,False,False,False,-0.1282403704444533,-0.136076159796196,False,False,False,False,1025254,833112.7764597229,False,False,False,False,102165.25436397742,False,False,False,False
2024-07-12 00:00:00+00:00,38.31,38.5,37.86,38.01,32850,,,,,,,,,,,,,,38.20380246704968,37.77478388081121,38.16708996258512,42.3422425566002,43.918239407931544,44.34181382296372,44.24996438180488,43.83596604944328,42.89517970482276,42.77580100179585,42.55628669978035,42.13468765667854,41.77832883006942,40.4959424466842,40.07155400833244,39.618694910655705,39.3075090047743,40.02149595108898,,,,,,,,,,,,,37.82873263616707,37.078815797184866,36.998120613473624,38.6193325290253,43.42517423538586,43.590247525223184,44.19106624663162,44.48793348636072,44.354890223094195,44.052109175964425,43.10484221193807,42.913680767676475,42.696169496265874,42.30223509013578,41.53485870863433,,,42.3422425566002,41.36052126354845,41.81188058287743,"rgba(239, 83, 80, 0.5)",4.66264522223902,41.67394239886575,-0.7214665149347065,51.6936491256162,5.323070126268377,True,False,False,False,False,0.0,0.0,0.0,0.0,0.0,1,0.8697860386449169,1.1044938850826473,False,False,False,False,-0.12810629725331424,-0.13209122852475513,False,False,False,False,1058104,841935.9616965966,False,False,False,False,99447.00909480185,False,False,False,False
2024-07-15 00:00:00+00:00,37.97,38.695,37.95,38.38,42292,,,,,,,,,,,,,,38.20389534073446,37.787237909057744,38.16732406495796,42.32553589304079,43.90181382914689,44.3267010765915,44.236989813392306,43.824721031136704,42.88680521594171,42.767852368728484,42.54905841626187,42.12850518534779,41.772892724729886,40.492773827419335,40.0690978631557,39.6169272126524,39.306281194302564,40.01962728205942,,,,,,,,,,,,,37.84605401563301,37.09630511887254,37.006661559575214,38.61696166922091,43.40720988352482,43.5737187162674,44.17512187764281,44.47328314197913,44.34094236533141,44.039987324417176,43.09579539619587,42.90523206690482,42.68844340741025,42.295664976597806,41.52987368569759,,,42.32553589304079,41.354668902703196,41.806083680351385,"rgba(239, 83, 80, 0.5)",4.5607657488864835,41.66757460468118,-0.8107354791427178,50.82424513026509,5.127384637674311,True,False,False,False,False,0.0,0.0,0.0,0.0,0.0,1,0.8752056639397913,1.092271957034896,False,False,False,False,-0.12047154122076267,-0.12628138487275892,False,False,False,False,1015812,848754.6298653574,False,False,False,False,97205.63618912334,False,False,False,False
2024-07-16 00:00:00+00:00,38.85,38.97,38.0,38.0,72974,,,,,,,,,,,,,38.60666666666666,38.25143217541976,37.82622095720146,38.17195599333011,42.29980327081588,43.875675542434216,44.302498170922256,44.2162150063958,43.80680252183056,42.87365900432232,42.755403612492756,42.53779048649222,42.11897050614481,41.76460322712248,40.48828330413428,40.06578492070255,39.61475221049259,39.304939405375265,40.01712366597602,,,,,,,,,,,,,37.902025146780865,37.13572089882388,37.02596356115974,38.61686101631984,43.3788727658104,43.54755191796499,44.14964659259118,44.449773871383535,44.31858954075591,44.020620774616106,43.081539180875126,42.8919647943504,42.67636326054089,42.28548608731678,41.52234203013179,,,42.29980327081588,41.20518845517221,41.800221429294766,"rgba(239, 83, 80, 0.5)",4.440152691960917,41.44922177860491,-0.585390178880764,53.58255134570158,5.127384637674311,True,False,True,False,True,0.0,0.0,0.0,0.0,0.0,1,0.8751349483600365,1.0867968012485512,False,False,False,False,-0.11178221400515075,-0.11903179943895484,False,False,False,False,1088786,858167.6247725984,False,False,False,False,96255.37594641263,False,False,False,False
2024-07-17 00:00:00+00:00,37.52,38.65,37.45,38.18,59684,,,,,,,,,,,,,38.2767335554584,38.21814734210449,37.82798541673072,38.16940304358737,42.274893510386384,43.851539849831724,44.28032576366495,44.19713091859066,43.790184714961306,42.861129287970485,42.74348731526059,42.52691218226239,42.109590379108575,41.75628868270663,40.48320125467286,40.06173026189269,39.61169126727466,39.302697289878104,40.01402138713274,,,,,,,,,,,,,37.90039635137512,37.1511355994654,37.034242595323356,38.61096270341419,43.35242047627642,43.52320855906906,44.12624977893302,44.428290073570814,44.29810617186354,44.00275195054657,43.068046646263916,42.879327960919845,42.664765394938236,42.27555142162322,41.51466874507835,,,42.274893510386384,41.17668912755135,41.788674961910736,"rgba(239, 83, 80, 0.5)",4.3492976548047295,41.419107751070875,-0.8964913557395809,50.56727984172407,4.993590415128224,True,False,False,False,False,0.0,0.0,0.0,0.0,0.0,1,0.8506684835749418,1.0909000083529736,False,False,False,False,-0.1350842955129002,-0.12705804747592753,False,False,False,False,1029102,864870.9336050455,False,False,False,False,94821.20434067097,False,False,False,False
2024-07-18 00:00:00+00:00,37.0,37.58,36.98,37.49,68064,,,,,,,,,,,,,37.90709638206076,38.12404203371383,37.80171624587538,38.15991443636747,42.242447610275896,43.82111674799716,44.252536090426354,44.17315895953694,43.76916072994048,42.84496010923838,42.7280626399186,42.51274683134547,42.09721793106255,41.745180833918674,40.47591119286694,40.05567941272594,39.60683996832797,39.298924688115704,40.00936314294713,,,,,,,,,,,,37.18666666666666,37.856999466687625,37.151962676242995,37.03592220213451,38.598193047029966,43.318820730292806,43.49235774155679,44.09687310162862,44.401411841356705,44.27242545685075,43.98023187996453,43.05072205448039,42.863028150724176,42.649721583133896,42.262517619445035,41.50431462471756,,,42.242447610275896,41.13821452561377,41.48263555268206,"rgba(239, 83, 80, 0.5)",4.258083407626737,41.08215270233032,-0.9586831237309009,47.13460866889909,1.8131283586987479,True,False,False,True,False,0.0,0.0,0.0,0.0,0.0,1,0.8330303588711753,1.1304035287809138,False,False,False,False,-0.17670870063510277,-0.15188337405551516,False,False,False,False,961038,868642.1911107302,False,False,False,False,93771.90220966427,False,False,False,False
2024-07-19 00:00:00+00:00,37.42,37.5,36.98,37.1,31041,,,,,,,,,,,,,37.82578539283665,38.09112531447654,37.79251575932586,38.15614452831244,42.22811608128252,43.80756957563048,44.24013672701789,44.16245721367476,43.75978131561327,42.83776369957854,42.72119980895632,42.506448493891114,42.091725776831176,41.74025844227145,40.4727113962297,40.05303700909874,39.604737247845456,39.29730070800393,40.00732890754548,,,,,,,,,,,37.300000000000004,37.22216416931537,37.841970851659326,37.1535177139332,37.037242667907464,38.59290659456478,43.30389960862881,43.4786386486031,44.083776486741854,44.38941151140168,44.26096143369557,43.970181311960324,43.04300695821451,42.855773275414286,42.64302992294507,42.256727842682444,41.49973251362341,,,42.22811608128252,41.12611281044328,41.23134950066418,"rgba(239, 83, 80, 0.5)",4.196812552831424,40.74692607954843,-0.7927268701347843,46.40817533233732,1.19241747296401,True,False,False,True,False,0.0,0.0,0.0,0.0,0.0,1,0.8238599571784896,1.1411966139723255,False,False,False,False,-0.17222401721060823,-0.1620536956330617,False,False,False,False,992079,873482.8502828584,False,False,False,False,91311.86682889314,False,False,False,False
2024-07-22 00:00:00+00:00,37.87,38.0,37.43,37.88,59576,,,,,,,,,,,,,37.813696186687444,38.06802163401107,37.79163691661036,38.15289474058995,42.2034243354547,43.7835792567599,44.218054395901575,44.14340119282869,43.743150667381784,42.82516358256607,42.709206355512954,42.4954825168627,42.082243170238506,41.73183123674189,40.46748880962639,40.04883696209714,39.601527264423936,39.29491775966844,40.00410471740109,,,,,,,,,,,37.60680924477011,37.426594950456156,37.838263257732265,37.165634926838,37.04417633420371,38.58649913603221,43.277678139798624,43.454453525019176,44.06050088958758,44.368001549755554,44.24053218078154,43.95231971593477,43.02945598168654,42.843067235476056,42.63135126272631,42.24669610282053,41.49194023963435,,,42.2034243354547,41.11466640533499,41.25082203960314,"rgba(239, 83, 80, 0.5)",4.121067682876204,40.75980862548768,-0.7012281398569039,47.47681697987829,1.19241747296401,True,False,False,False,False,0.0,0.0,0.0,0.0,0.0,1,0.8453271036052493,1.1258123774680064,False,False,False,False,-0.14543982291463778,-0.15374675927384973,False,False,False,False,1051655,880469.9934090208,False,False,False,False,90067.32303168165,False,False,False,False
2024-07-23 00:00:00+00:00,38.44,38.54,37.69,37.69,44481,,,,,,,,,,,,,37.8679546284716,38.07586193636592,37.8023240379444,38.1533308434208,42.18704557076485,43.76714138639019,44.202825260105406,44.130260966725345,43.73173804010845,42.81664236754113,42.701113393995605,42.48811554451412,42.07593660088514,41.72628449912813,40.464259709814904,40.04633662694197,39.599732579424575,39.29367362230367,40.00219359156111,,,,,,,,,,,37.80979972563127,37.60103564314849,37.851916561779014,37.181014369199374,37.052486053260914,38.58440849034874,43.25987078176998,43.43796850899,44.044487079407,44.35320595194781,44.22643282625541,43.94003031183921,43.02025775996887,42.83447156001421,42.62348320308451,42.23999582908054,41.486854101553604,,,42.18704557076485,41.1122511161267,41.26751286807524,"rgba(239, 83, 80, 0.5)",4.030628426624475,40.77647004668828,-0.5796788488997493,49.960932687195395,1.19241747296401,True,False,False,False,True,0.0,0.0,0.0,0.0,0.0,1,0.8392619918569609,1.116735271971646,False,False,False,False,0.07197888171125201,-0.04088393878129886,False,False,False,False,1096136,888927.483863569,False,False,False,False,88279.62408926277,False,False,False,False
2024-07-24 00:00:00+00:00,37.81,38.21,37.65,38.09,40928,,,,,,,,,,,,,37.87034952629698,38.06761206669053,37.80427670031204,38.15183922095552,42.17083632730103,43.751197877251215,44.188103421653835,44.1175423808826,43.72064569022705,42.808262664481404,42.69314021077501,42.480831376548416,42.0696514661327,41.720712104108905,40.460856002094175,40.04362249418982,39.59768645512081,39.29217569631463,40.00010990604369,,,,,,,,,,,37.828447180151414,37.649487989402814,37.85311976142046,37.19037467932972,37.05788172781638,38.580749661030815,43.242519209254624,43.421928035735846,44.028990513802896,44.338918100657224,44.212800802082704,43.92811239890345,43.01123934783178,42.82602098955004,42.61572183239982,42.233340443738896,41.48171161822493,,,42.17083632730103,41.105760609862116,41.264786134784345,"rgba(239, 83, 80, 0.5)",3.9321409385168438,40.7727543790466,-0.7534710544134555,49.53571221929415,1.19241747296401,True,False,False,False,True,0.0,0.0,0.0,0.0,0.0,1,1.0251842841706849,1.1342813492088373,False,False,False,False,0.22405890059369404,0.09158748090619759,False,False,False,False,1055208,895448.2884179387,False,False,False,False,86422.69765438972,False,False,False,False
2024-07-25 00:00:00+00:00,37.82,38.63,37.605,37.77,34568,,,,,,,,,,,,,37.88278644643048,38.06583138553978,37.808228870378926,38.15120354098187,42.15764844672649,43.73809250834496,44.17597494048685,44.10706105179011,43.711515280312604,42.80139139509313,42.68660595557583,42.474868564147656,42.064520234530754,41.71617547592557,40.458131372254385,40.04147172479462,39.5960916851667,39.29102859342374,39.998460053360944,,,,,,,,,,,37.85961608592837,37.69524388318297,37.8574137816698,37.19950527791168,37.063079606872414,38.578257877198794,43.22830038417171,43.408764866805235,44.01623503781523,44.32713879225906,44.201565498897665,43.91829614772015,43.00383726933259,42.81909104654087,42.60936381821327,42.22790073604097,41.47753447259777,,,42.15764844672649,41.1014256592245,41.264184975479914,"rgba(239, 83, 80, 0.5)",3.8251014236096603,40.77201222155563,-0.7717474374234712,49.28611353446022,1.19241747296401,True,False,False,False,True,0.0,0.0,0.0,0.0,0.0,1,1.0234747429631603,0.9620972660041401,False,False,False,False,0.25448386090528524,0.1730356709057414,False,False,False,False,1089776,903068.9829897843,False,False,False,False,84389.18009931562,False,False,False,False
2024-07-26 00:00:00+00:00,38.26,38.65,37.88,38.39,27171,,,,,,,,,,,,,37.90636716709959,38.071286027064204,37.81473903621917,38.15162162941874,42.14795128289182,43.72827289691445,44.16685315547184,44.0991782981571,43.70466708706867,42.796280230461356,42.68175161085344,42.47044992003717,42.060739782582715,41.71285314910145,40.456208660346974,40.03998872402409,39.595034728881366,39.29030169267032,39.997325384990795,,,,,,,,,,,37.905751561415684,37.745715089151126,37.86554034382957,37.20864736047584,37.06816367791539,38.5771649769026,43.21770138820589,43.39893154853329,44.006654956015595,44.318269204214246,44.193111724532635,43.9109227289397,42.99831966702705,42.81393527535327,42.604644681161474,42.223883160026745,41.474490276760356,,,42.14795128289182,41.09957212969765,41.26657927179179,"rgba(239, 83, 80, 0.5)",3.7189058014905534,40.77514220266843,-0.6763124254613679,50.613158396397175,1.19241747296401,True,False,False,False,True,0.0,0.0,0.0,0.0,0.0,1,1.0157782942902163,0.9539709070016454,False,False,False,False,0.27874391402616805,0.22588979246595473,False,False,False,False,1116947,911456.3562058713,False,False,False,False,82145.32989934245,False,False,False,False
2024-07-29 00:00:00+00:00,38.32,38.5,37.82,38.24,54474,,,,,,,,,,,,,37.940288055241695,38.078738604985354,37.82585163902125,38.15207952230545,42.12840621702107,43.708512539903836,44.148495613944405,44.083303525262465,43.690863472508056,42.78595502415595,42.67194159144763,42.46151408348522,42.053083620414995,41.70611530822776,40.452276363097695,40.03693949172063,39.592841350867474,39.28877665021317,39.994989533119444,,,,,,,,,,,37.96308548824763,37.81641401820134,37.87896121156824,37.22566381180479,37.07780683992069,38.5746510828229,43.19637454973922,43.37913907799041,43.98737766420248,44.30041866975445,44.176093100837406,43.89606747329821,42.98717985201236,42.80352056824237,42.595105671794045,42.215751589901735,41.46830967136139,,,42.12840621702107,41.09478801089177,41.26717178480586,"rgba(239, 83, 80, 0.5)",3.6379335288539956,40.776886435303666,-0.6753522063603021,51.69962590902619,-2.7959674448824146,True,False,False,False,True,0.0,0.0,0.0,0.0,0.0,1,1.0058844167321725,0.9684684084540195,False,False,False,False,0.261442852826854,0.24366632264640437,False,False,False,False,1171421,921651.0481193666,False,False,False,False,81060.17970721138,False,False,False,False
2024-07-30 00:00:00+00:00,38.23,38.55,37.8896,38.54,40593,,,,,,,,,,,,,37.96181210824022,38.0841740038707,37.833938647171756,38.15247059567366,42.11400378673485,43.69390559955265,44.134911983274634,44.07154930327199,43.68064076590011,42.77830761306338,42.66467542749643,42.454895029610874,42.047412785735254,41.70112537843743,40.44936791707759,40.034686130662436,39.59122306741866,39.28765342320998,39.99326249125673,,,,,,,,,,,37.994809686568594,37.85760341235632,37.88858329834168,37.23809699077238,37.084949326444054,38.57285079101921,43.18063124802534,43.36451604946541,43.97312020681315,44.28720596836719,44.163494879548395,43.88506702132827,42.97892942745276,42.7958069497219,42.58804023071468,42.20972839052939,41.46373312712111,,,42.11400378673485,41.09105347671892,41.26630394144646,"rgba(239, 83, 80, 0.5)",3.548773283800972,40.776884745342024,-0.717680319835519,52.0481824427633,-2.2686994565380587,True,False,False,False,True,0.0,0.0,0.0,0.0,0.0,1,1.0170244063116194,0.9522838333566463,False,False,False,False,0.27127683203543995,0.2574715773409222,False,False,False,False,1130828,929854.0658401757,False,False,False,False,79473.23148339917,False,False,False,False
2024-07-31 00:00:00+00:00,39.77,40.057,38.69,38.69,119902,,,,,,,,,,,,,38.24509246570032,38.22635196614109,37.92873767242637,38.17409790312496,42.085896080236594,43.66121958469471,44.10377615455991,44.04465729939482,43.65771090758746,42.762185714437706,42.64950827863422,42.44135287742308,42.03634467288103,41.691873751820964,40.44574485881682,40.03275188340547,39.59092551569044,39.28833011497452,39.99186265453446,,,,,,,,,,,38.39494480703165,38.23703282705898,38.0119119629366,37.31861407339976,37.12873052405006,38.58675439371572,43.146586625263204,43.33245781584695,43.94071769899522,44.25669544230013,44.134559210643246,43.86012581869874,42.96125263908759,42.77952160361153,42.5733961929259,42.19773235801822,41.45561032957781,,,42.085896080236594,41.1083379134992,41.31274378371536,#000000,3.490285395801302,40.840948016310946,-0.3068368041190151,56.73134867052715,2.2682214818144217,True,False,True,False,True,0.0,0.0,0.0,0.0,0.0,1,1.0133490432817904,0.9150074136835418,False,False,False,False,0.34282823970082943,0.3001499085208758,False,False,False,False,1250730,942437.4358072276,False,False,False,False,81058.67338601098,False,False,False,False
2024-08-01 00:00:00+00:00,37.86,40.18,37.79,39.95,48417,,,,,,,,,,,,,38.27026472348511,38.24124545661799,37.943988431903634,38.17689307362507,42.07083645329747,43.645351235717925,44.088895750656064,44.03176262531307,43.64654095308252,42.75394237879956,42.64169178655988,42.434262026118304,42.03033043055261,41.686638461904266,40.442903331752014,40.030654391827234,39.58954986563704,39.28748098030874,39.9902625418964,,,,,,,,,,,38.4157216333334,38.268757134416106,38.02978075508412,37.336868661907005,37.13947014248936,38.58689346507279,43.12967931824019,43.31666837283328,43.92515067449852,44.24218334441659,44.12073529551646,43.84807972340101,42.952328632962335,42.77120448138181,42.56580723510494,42.19131678841645,41.450851521555805,,,42.07083645329747,41.105447099950254,41.311264540037065,"rgba(239, 83, 80, 0.5)",3.464335548527667,40.84146131359127,-0.8606156279689422,53.72319740823181,2.2682214818144217,True,False,True,False,False,0.0,0.0,0.0,0.0,0.0,1,0.9862611422666675,0.9178851282965302,False,False,False,False,0.2866616286898004,0.29340576860533807,False,False,False,False,1202313,952628.6344030226,False,False,False,False,79778.60776303016,False,False,False,False
2024-08-02 00:00:00+00:00,36.75,37.11,36.0,37.0,282492,,,,,,,,,,,,,37.79667354311324,37.94184507501644,37.79103623839993,38.12074504144261,41.936443375660225,43.51889984454747,43.97269772503392,43.93055877022174,43.55697655043811,42.68370431905843,42.57446621522389,42.372148725400045,41.975482936312325,41.63691391676446,40.40868676316957,40.001567494775216,39.565449050595674,39.268139725509165,39.96764562352983,,,,,,,,,,,37.768389881957305,37.721901583838886,37.82051180585113,37.28224939745465,37.11838726002658,38.5205520309598,42.99114074603492,43.18853116252868,43.80276797196565,44.129577836272745,44.012803141352514,43.75259531876981,42.877451138419076,42.700437614266,42.500115791393696,42.13378953425445,41.404170784137925,,,41.936443375660225,41.00105689127433,41.16031605879317,"rgba(239, 83, 80, 1.0)",3.4294006935785166,40.655915387522406,-1.1389498447458044,49.316388916430405,4.403212299840916,True,False,False,False,False,0.0,0.0,0.0,0.0,0.0,1,0.9805382386790409,0.966862406399448,False,False,False,False,-0.039586579903943625,0.1269095943506972,False,False,False,False,919821,951342.0605048649,False,False,False,False,87728.15255663682,False,False,False,False
2024-08-05 00:00:00+00:00,36.25,36.55,34.2,34.5,50545,,,,,,,,,,,,,37.69264401632348,37.86907165146215,37.74801447314667,38.1050109083396,41.90890576881767,43.49369265696744,43.94964083620191,43.91041816607684,43.53902216282179,42.669357032075645,42.5606953536497,42.35935601045522,41.96406031207647,41.62644857733623,40.401104765825934,39.99496286161898,39.55979562157132,39.26347342753201,39.96248754548572,,,,,,,,,,35.66666666666667,37.641042569460765,37.606765403604896,37.764786113549626,37.26052103800441,37.107921226091925,38.5034321986268,42.96335583526924,43.162866846471076,43.77845268526621,44.10726649896391,43.99136990201159,43.73352815232123,42.862227286802074,42.68598864003324,42.486633853752544,42.121863465017206,41.39426796505438,,,41.90890576881767,40.97779800777815,40.82438646372044,"rgba(239, 83, 80, 1.0)",3.3967704428532,40.211592273066145,-1.1662820139645673,45.438650674010134,0.9819248234470308,False,False,False,True,False,0.0,0.0,0.0,0.0,0.0,1,0.937486105190591,0.9697118649944625,False,False,False,False,-0.19679087042351684,-0.034940638036409816,True,False,False,False,869276,948123.7836223212,True,False,False,False,86269.98971127853,False,False,False,False
2024-08-06 00:00:00+00:00,36.6,37.08,36.0,36.19,76215,,,,,,,,,,,,,37.61495297012787,37.80883978414845,37.71281155010834,38.090217447249415,41.87371452696387,43.46029154700992,43.91883885151737,43.88350473453158,43.51515802262863,42.65057957174759,42.54271154375501,42.34272084217628,41.949346798494076,41.61309245160811,40.391866448936796,39.98708955363367,39.553250942875465,39.25820199066828,39.95634575862961,,,,,,,,,,36.20378720942463,37.550542363034104,37.52523048701011,37.71954925354704,37.246597104029654,37.102028939948696,38.48601076279953,42.92693705725426,43.12907045264403,43.74606971163476,44.077382773554426,43.96270469977262,43.70811199708513,42.84222784088476,42.66707199615213,42.46905491601903,42.106440678762205,41.381719228400854,,,41.87371452696387,40.95387028088476,40.82502985955321,"rgba(239, 83, 80, 1.0)",3.3500278229313394,40.201954111315544,-1.0752012525566916,43.91030935067342,-0.2560548617998819,False,False,False,True,False,0.0,0.0,0.0,0.0,0.0,1,0.9830039630280221,0.9488083437311085,False,False,False,False,-0.041556642065127304,-0.038248640050768556,False,False,False,False,945491,948020.5372057596,False,False,False,False,85875.67638926761,False,False,False,False
2024-08-07 00:00:00+00:00,36.5,37.65,36.06,37.22,90636,,,,,,,,,,,,,37.54871321247181,37.75321707894435,37.67958454917485,38.07497846971951,41.83383418902483,43.4219932716034,43.883412698353155,43.85252024765295,43.48770551014084,42.62904223275969,42.52209215884537,42.32366245921058,41.93252340310946,41.59785264790289,40.38144164968105,39.978253605761374,39.545962170893034,39.25236852895102,39.94944908320395,,,,,,,,,,36.4259534980711,37.476852489197064,37.458377928911744,37.677537317378295,37.23482197136382,37.097415436604834,38.46755870489743,42.885349814860625,43.09039576686758,43.70887312166135,44.04297919856019,43.92970887288951,43.67886144156515,42.819273020964864,42.645373948771216,42.44890602238514,42.088791316691314,41.36742431216947,,,41.83383418902483,40.92887406144232,40.80802523243392,"rgba(239, 83, 80, 1.0)",3.2995222804640894,40.177203891910416,-1.1144655435977855,42.67709616073324,-1.3469056980028782,False,True,False,True,False,0.0,0.0,0.0,0.0,0.0,1,0.9894935069873182,0.9286559093519796,False,False,False,False,-0.0002294691561189062,-0.01923905460344373,False,False,False,False,854855,944366.9867271023,False,False,False,False,86062.35574655124,False,False,False,False
2024-08-08 00:00:00+00:00,41.74,42.05,37.54,38.99,351187,,,,,,,,,,,,,38.20330883086019,38.20346125964088,38.00162363818893,38.1739754540511,41.79322885614541,43.357672168170694,43.818898926332544,43.796197475410466,43.44067038180077,42.59862906285517,42.49387574770841,42.29921594389975,41.91413080208796,41.58403960741583,40.38211812755395,39.98310121828369,39.55487075032445,39.26294942085968,39.95351445639343,,,,,,,,,,38.907300235849476,38.24727807501607,38.19645081093767,38.070519159615024,37.49832137485328,37.253483855087545,38.54513840118,42.82339481218636,43.029763875736876,43.6430807574195,43.97877745490232,43.86909752539628,43.62710189268306,42.78515840747495,42.61459273869463,42.421958622746196,42.0680993612684,41.35653512563092,,,41.79322885614541,40.99028853305175,41.052002915926586,#000000,3.259276280690782,40.470548647349034,0.389488721828122,51.334655395682574,-5.295668812442798,True,False,False,False,True,3.1411792528594162,0.0,0.0,0.0,0.0,0,1.0075829774326848,0.8476851323089137,False,False,False,False,0.34282824083780267,0.16179459311717947,False,False,False,False,1206042,954628.7519534905,False,False,False,False,96459.40061923552,False,False,False,False
2024-08-09 00:00:00+00:00,41.79,42.2,39.54,41.61,200988,,,,,,,,,,,,,38.54403348940136,38.463361892082865,38.20012080004936,38.2441291354494,41.78309389231831,43.331047346657456,43.79084134221144,43.77166160760288,43.42082725001003,42.58739480484304,42.483722070259816,42.29092506252211,41.90895465479256,41.581269169993696,40.38705742543598,39.99017897165507,39.5640330345074,39.27263064352009,39.95924962665748,,,,,,,,,,39.49998813624734,38.62634493525469,38.565904799958226,38.30410842351594,37.663446485331384,37.35549051004923,38.602974497128905,42.79982691232193,43.00578600206836,43.61496568704147,43.950463961045806,43.842572471735096,43.604870729608,42.7720484474101,42.60318057293536,42.41245575880541,42.061729637402195,41.35533023284838,,,41.78309389231831,41.03023853789317,41.146749344483766,#000000,3.1971986612156176,40.59800811637357,0.3728238404720267,57.15827503913668,-0.22756823548242266,True,False,True,False,True,3.2413625547488643,0.0,0.0,0.0,0.0,0,1.0219278060823944,0.8457834543423373,False,False,False,False,0.3428282430730109,0.25231141809509516,False,False,False,False,1407030,972369.9773670791,False,False,False,False,100558.56137926549,False,False,False,False
2024-08-12 00:00:00+00:00,42.26,42.5,41.62,42.11,89488,,,,,,,,,,,,,38.71795043838711,38.600597838335815,38.306458291764685,38.28410112364483,41.785590163653566,43.32453654803816,43.78301021324224,43.76482989232301,43.41579659603184,42.585779811698934,42.482500802398015,42.290386679037496,41.909632901509205,41.58291562906344,40.3918590784344,39.99580496383904,39.57046283814145,39.27904465087146,39.96376503730121,,,,,,,,,,39.773608700527745,38.81702881528929,38.75216373772528,38.427952777931644,37.750906354788505,37.41009285187458,38.6371216430071,42.79556451970201,43.00075029884855,43.60745016037382,43.94229569353133,43.8350787249669,43.59892373862646,42.7697148779021,42.60150265847625,42.41148803689704,42.06193557689517,41.35762394296398,,,41.785590163653566,41.05447492093241,41.19728906168488,"rgba(38, 166, 154, 0.5)",3.1522727793887593,40.66585443939781,0.5057130750313108,61.54871150325059,3.477494818074092,True,False,True,False,True,4.188301643121491,0.0,0.0,0.0,0.0,0,1.0889899413013933,0.8270503812940035,False,False,False,False,0.3428282448213836,0.29756983145823934,False,False,False,False,1496518,992924.8017840565,False,False,False,False,100124.4217173335,False,False,False,False
2024-08-13 00:00:00+00:00,41.93,42.71,41.7074,42.71,121367,,,,,,,,,,,,,38.927838822314094,38.77056211514515,38.441415520014175,38.33686603415356,41.78881227329842,43.315738923191624,43.77243744394774,43.75559375810042,43.408979008236024,42.58355608603606,42.48080758383284,42.28961402552224,41.91050032143316,41.585088490936506,40.398288538814484,40.003349301634096,39.579094948360975,39.28766462598356,39.96982841401193,,,,,,,,,,40.06354871787026,39.043982501553714,38.974982955676985,38.583175533774835,37.86390642497458,37.482014162160546,38.68224857616412,42.789776690816915,42.99392838663571,43.597303857412825,43.93126817387732,43.824955405610744,43.59087527682293,42.76652380628798,42.599194150163974,42.410136323555435,42.062166262819964,41.36066940064053,,,41.78881227329842,41.084528222893006,41.2567031448233,#000000,3.114797360117388,40.74701781383469,0.37979426890252926,63.62322384301151,5.127377835667211,True,False,True,False,True,3.4466291823335524,0.0,0.0,0.0,0.0,0,1.1056989619440523,0.7977539611475197,False,False,False,False,0.3428282439860938,0.32019903772216657,False,False,False,False,1375151,1007914.0644591915,False,False,False,False,100957.46400292827,False,False,False,False
2024-08-14 00:00:00+00:00,41.16,42.22,40.98,42.13,106632,,,,,,,,,,,,,39.05784535922085,38.879884674484266,38.532336527277806,38.37412068133249,41.78596063043732,43.30390505726185,43.75958775697522,43.744319935551154,43.40000948887664,42.57887710449366,42.47665612489949,42.28637490361922,41.90881660324946,41.58461816316852,40.40173433232315,40.007868700677456,39.584662847033385,39.29343103142404,39.97349167124994,,,,,,,,,,40.199875862434816,39.18131813022677,39.11129213057454,38.68552950835864,37.94373338666286,37.53463544311509,38.71347601948146,42.779853349359286,42.983564296781296,43.58456710012088,43.91819327398173,43.812749552282895,43.580732161697796,42.760917562951576,42.59442907249622,42.40630878566946,42.059883960989374,41.360995274991346,,,41.78596063043732,41.10181587334505,41.28955860400978,#000000,3.049072155428379,40.79433743379606,0.11992584877105467,63.077824853862865,5.127377835667211,True,False,True,False,True,1.735440786569665,0.0,0.0,0.0,0.0,0,1.0818249623861733,0.8240534235454309,False,False,False,False,0.27817119175096905,0.29918511473656784,False,False,False,False,1268519,1018133.8658529487,False,False,False,False,101179.99482634285,False,False,False,False
2024-08-15 00:00:00+00:00,42.06,42.45,41.58,41.71,100060,,,,,,,,,,,,,39.194799594347884,38.995903505232555,38.62868415528036,38.41467509779299,41.78789176429463,43.296354472100866,43.75064161741259,43.73647859105478,43.39413851141531,42.576753119230986,42.47496905702989,42.2854464759348,41.90923396466066,41.586105078076145,40.40670926951004,40.01376570452487,39.591460659899774,39.30025141416439,39.978245862922364,,,,,,,,,,40.354133671013884,39.32595216139012,39.25453439482709,38.793823432140954,38.02726564028714,37.58984292029469,38.74817960695994,42.774664857006556,42.97758248643675,43.575949066425714,43.90889027757531,43.80418127331634,43.57385772797727,42.75800114858482,42.59223511089725,42.404901484405165,42.05977920929643,41.363195721282224,,,41.78789176429463,41.122237258678204,41.32705389945098,#000000,2.9374507057392973,40.847021429259556,0.41293580463171187,63.96735865650277,5.459487776258378,True,False,True,False,True,3.5931974797254043,0.0,0.0,0.0,0.0,0,1.0705239100561468,0.8211034405139442,False,False,False,False,0.3219758585305748,0.3105804866335713,False,False,False,False,1368579,1031876.812290088,False,False,False,False,101136.07346060392,False,False,False,False
2024-08-16 00:00:00+00:00,42.14,42.32,41.87,41.87,54234,,,,,,,,,,,,,39.26583422220045,39.05685173053621,38.67989727942086,38.43676056959769,41.78926741036775,43.292555411802915,43.74605489901389,43.73245621396776,43.3911627214871,42.575776186180235,42.474223401497014,42.285102778139176,41.909608041309674,41.58705136705904,40.40952534075877,40.01707386903541,39.59524976328014,39.30404189817412,39.98091364670875,,,,,,,,,,40.43084652481058,39.40051533338766,39.32852338492768,38.85101994633446,38.07200649265619,37.61973226266907,38.76713883753023,42.77218142099163,42.97464260087637,43.571557436451016,43.90409919125474,43.799779330530576,43.570348853058746,42.75660275468696,42.59122125650354,42.40430492816541,42.0598744435615,41.3645247243091,,,41.78926741036775,41.13312667108089,41.34660665126142,#000000,2.878182159026802,40.87458602496638,0.43965736187507,64.66973451064048,6.403766774060642,True,False,True,False,True,3.7570519061555316,0.0,0.0,0.0,0.0,0,1.065763064281314,0.845072949829534,False,False,False,False,0.33055437958205314,0.3205674331078122,False,False,False,False,1422813,1047207.6431806728,False,False,False,False,99296.77646214886,False,False,False,False
2024-08-19 00:00:00+00:00,42.42,42.5403,41.98,42.05,58608,,,,,,,,,,,,,39.34402523648488,39.12430245303861,38.736756745790395,38.46163782925604,41.791675425370435,43.28917878150149,43.74173975784872,43.72867396611877,43.38847057199817,42.57518414641528,42.47386918491533,42.285162626743244,41.910419517078175,41.588466453682464,40.412920896280845,40.02098346958619,39.59966187246283,39.308422749131616,39.98406383971002,,,,,,,,,,40.51572194226489,39.48245047081107,39.40982760266033,38.914374217327676,38.12164714915137,37.65303433025023,38.78862048220274,42.77033657650157,42.97223016147646,43.56749756851785,43.89953414300243,43.79561761888669,43.56710144502186,42.75557166326093,42.59059156214589,42.40410671180553,42.06039298650328,41.36634607858358,,,41.791675425370435,41.14555871175861,41.36861126168746,"rgba(38, 166, 154, 0.5)",2.812736956984927,40.90544412292313,0.5384633900143935,65.54013472727449,7.599232148424981,True,False,True,False,True,4.336157565698539,0.0,0.0,0.0,0.0,0,1.0477662784885118,0.8451243219225002,False,False,False,False,0.3428282436580742,0.3316978383829432,False,False,False,False,1481421,1064235.6179579012,False,False,False,False,97701.13816951559,False,False,False,False
2024-08-20 00:00:00+00:00,42.53,42.7,42.28,42.38,81812,,,,,,,,,,,,,39.45326207020134,39.21925322321214,38.81727523003143,38.49752126960145,41.796210094699305,43.28541383994211,43.73655456843117,43.724131782739995,43.385394840470546,42.57495851089926,42.47395951453635,42.28580409723445,41.912078023671214,41.590947623873625,40.41811220795436,40.02686898773477,39.606226228488424,39.31490188355082,39.98880438818626,,,,,,,,,,40.63340449997057,39.596583082226736,39.523142252512784,39.003760750467144,38.19208222129701,37.70060116437928,38.81976784165304,42.76884607993389,42.96985414955223,43.56272551511004,43.89396308042882,43.7905863665444,43.56327870850599,42.754755098997315,42.59031632257139,42.40440792867455,42.06165386490489,41.36938432975895,,,41.796210094699305,41.163562020287316,41.39995073652717,"rgba(38, 166, 154, 0.5)",2.7457765897976327,40.949246954146744,0.5757034464226969,66.28547076675602,8.72877717134159,True,False,True,False,True,4.565671408144841,0.0,0.0,0.0,0.0,0,1.0504195999857284,0.8579406644871378,False,False,False,False,0.34282824400558914,0.3372630411942662,False,False,False,False,1563233,1083804.142743866,False,False,False,False,97078.03471188752,False,False,False,False
2024-08-21 00:00:00+00:00,43.77,43.87,42.48,42.51,53268,,,,,,,,,,,,,39.539570214577545,39.29389063141395,38.87981903480972,38.52554484395421,41.802726247768696,43.28568724278614,43.735567062533555,43.72328714993662,43.38536761300023,42.57658760023673,42.47575119219802,42.28788207049287,41.914734530068365,41.594089459861536,40.42288291583949,40.03202705949212,39.61176308424574,39.32025359650169,39.992946004005574,,,,,,,,,,40.73510935077303,39.687258465945796,39.612829471297,39.07348851562954,38.2457495330663,37.73659375338947,38.844492620403656,42.77103522893123,42.97118096747779,43.56217414669968,43.89261398809002,43.78953133024116,43.562835313770805,42.75605619356054,42.59192117104079,42.40631924806855,42.06408047988675,41.37286489007697,,,41.802726247768696,41.178967239669625,41.42645192601939,"rgba(38, 166, 154, 1.0)",2.689048607670387,40.98540748998626,1.0355307457332021,68.47969250809112,11.216867050379086,True,False,True,False,True,7.102371726192189,0.0,0.0,0.0,0.0,0,1.0527407583175603,0.8334356015875988,False,False,False,False,0.34282824491978364,0.3400456430570249,False,False,False,False,1616501,1104694.2155774399,False,False,False,False,95359.99413495076,False,False,False,False
2024-08-22 00:00:00+00:00,43.45,43.97,43.23,43.96,94373,,,,,,,,,,,,,39.69013096025186,39.4251912784806,38.99070438321929,38.57619106410562,41.81542323088712,43.28713545177541,43.73467752580514,43.72255109645307,43.3860234092635,42.58009390069863,42.47952931254401,42.29214013897623,41.91998451267423,41.60017862867769,40.431801132558405,40.041607615340915,39.62199151545539,39.33011223329332,40.000640902375956,,,,,,,,,,40.908803228907644,39.84485884691076,39.76887477531582,39.1965664166527,38.34133308313634,37.80121542859276,38.889326965787205,42.77600126414955,42.97453364286028,43.56211167756305,43.89104828310325,43.78846308631622,43.56278245010395,42.75900380336677,42.59538751229956,42.41030228168889,42.06893480322415,41.37954363608923,,,41.81542323088712,41.20663727857034,41.473282843670454,"rgba(38, 166, 154, 0.5)",2.581059793506785,41.049257084513684,0.9301384344236844,68.89973162172625,12.007723151774393,True,False,True,False,True,6.33103624814197,0.0,0.0,0.0,0.0,0,1.0615591402826348,0.8362434298346142,False,False,False,False,0.3428282454104383,0.3414369442337316,False,False,False,False,1522128,1121064.1679077363,False,False,False,False,95321.28848259975,False,False,False,False
2024-08-23 00:00:00+00:00,44.2,44.73,43.665,43.72,76204,,,,,,,,,,,,,39.82277398774715,39.54120316031024,39.088667581435814,38.621582022172355,41.82932392167175,43.29114909363913,43.73646529278139,43.72417737238865,43.38862782770807,42.58478704266202,42.48439669728947,42.29731892683528,41.92587559945046,41.60669361730149,40.440454927707194,40.05072826169275,39.63156887539857,39.33925728658029,40.007960632846675,,,,,,,,,,41.06492723113087,39.983710277798714,39.90623658025289,39.30519836791377,38.4253352624065,37.858124449383055,38.9298609310609,42.78328565197138,42.98023085690342,43.56473692165234,43.892178018289954,43.78993378385982,43.564889084637755,42.763305803975946,42.60005681467933,42.415316400669504,42.07453723065124,41.38650874286182,,,41.82932392167175,41.23226379619046,41.51602068944996,"rgba(38, 166, 154, 1.0)",2.476430939517156,41.10695503823852,1.248993021531444,70.18492618591459,13.63477464572361,True,False,True,False,True,7.840015951168269,0.0,0.0,0.0,0.0,0,1.061417730536822,0.8263044152830082,False,False,False,False,0.34282824602029494,0.3421325951270133,False,False,False,False,1598332,1139780.553479982,False,False,False,False,94571.59089504681,False,False,False,False
2024-08-26 00:00:00+00:00,44.85,45.3032,44.51,44.53,55556,,,,,,,,,,,,,39.929137563474804,39.63429149082066,39.16712220625562,38.65824880704184,41.84227585099379,43.29625977195304,43.739692491779444,43.7270696874194,43.392123739342914,42.589645972710414,42.489348250278276,42.30243956756561,41.93144841529981,41.6126807671843,40.44789171918142,40.05845346332544,39.6395761990869,39.346845656490544,40.01415626342581,,,,,,,,,,41.192776537502915,40.09514930015184,40.016369986390124,39.39221376183107,38.49220733446171,37.903421878745675,38.962840089963564,42.79111390517167,42.98668292630874,43.56870489368208,43.89483930291003,43.79279808457536,43.56807807030755,42.76792493245055,42.60490478165024,42.42036077734925,42.07992290726956,41.39280462551724,,,41.84227585099379,41.25361620440158,41.55128411645773,"rgba(0, 255, 255, 0.75)",2.4333950775826,41.15416079357167,1.5187994914906615,71.82963656933866,15.561775130090467,True,False,True,False,True,9.120283228618828,0.0,0.0,0.0,0.0,0,1.0783395680866248,0.8073030090099679,False,False,False,False,0.34282824664484546,0.34248042088592934,False,False,False,False,1653888,1159941.6298141005,False,False,False,False,93041.56772269204,False,False,False,False
2024-08-27 00:00:00+00:00,45.65,45.72,44.44,44.66,60320,,,,,,,,,,,,45.269999999999996,40.048198069300014,39.738852277142456,39.255469371967564,38.69999033331191,41.85796439939315,43.30309574420721,43.74433591835672,43.73122271151115,43.39686645788237,42.595772094370496,42.49555455902452,42.30879512837579,41.93825473978936,41.61991249850208,40.45663090181679,40.06747494403845,39.648873826464445,39.355628067817946,40.02139162857975,,,,,,,,,,41.33563980750043,40.219752113817385,40.13952363259755,39.49003213288251,38.56751124532686,37.954603100841354,39.0005200349377,42.80108546618358,42.99503777278194,43.574227041212445,43.898819009700674,43.796970977400164,43.57252109374328,42.77381777410251,42.611022789313076,42.42665939217662,42.08654004266251,41.40035968030395,,,41.85796439939315,41.4777141835926,41.59136906152692,"rgba(0, 255, 255, 0.75)",2.399243514410545,41.28458142244308,1.8194979172964143,73.79787920801019,17.73613960339543,True,False,True,False,True,10.660626249361385,0.0,0.0,0.0,0.0,0,1.079188988648671,0.7917320527636325,False,False,False,False,0.3428282467836823,0.3426543338348058,False,False,False,False,1714208,1181677.5658998222,False,False,False,False,91758.36898846882,False,False,False,False
2024-08-28 00:00:00+00:00,43.0,45.68,42.99,45.68,80957,,,,,,,,,,,,44.47920843449394,40.15980244881702,39.83970781405447,39.34379765387155,38.743596581564965,41.870370681083315,43.30581128627,43.74492671821536,43.73179423425734,43.39853235579785,42.5997300154005,42.49971924595376,42.31332711874009,41.94358053021592,41.62592097086662,40.4649618100185,40.076335210752084,39.65825255284774,39.36463356198222,40.02852613909111,,,,,,,,,,41.450368836380115,40.334648313653084,40.25392052595232,39.58616141235002,38.64571163009451,38.009437963761044,39.039412354673665,42.806932762085765,42.99941140692579,43.57559668785833,43.89878488829285,43.797322348035614,43.573629573898714,42.77733485205525,42.61495120255159,42.43098759127593,42.091546851891636,41.4068537255289,,,41.870370681083315,41.459626768214726,41.627389607070285,"rgba(38, 166, 154, 0.5)",2.4372366570610566,41.29424653742169,0.6998719051908532,67.93420520270121,17.73613960339543,True,False,True,False,False,4.386648146617251,0.0,0.0,0.0,0.0,0,1.057623420406772,0.7965612169785302,False,False,False,False,0.28696106757527284,0.31480770070503933,False,False,False,False,1633251,1199386.3280213978,False,False,False,False,91334.78589088182,False,False,False,False
2024-08-29 00:00:00+00:00,43.16,43.68,42.58,42.58,49560,,,,,,,,,,,,44.131418592830535,40.21187546124896,39.88807479688453,39.3875783388453,38.76609370144772,41.87509831660813,43.305342956391605,43.74342844650782,43.73049305591842,43.39799880174687,42.60073957463684,42.50088776247724,42.31477505709302,41.945575776144935,41.628370281023905,40.468929466853766,40.08067630062391,39.662959608143446,39.369218133059526,40.03203496991852,,,,,,,,,,41.49558356009597,40.38739927501839,40.306823288606026,39.63306550377728,38.68577460714396,38.03829153179972,39.059283117180755,42.80802406363921,42.99983074798969,43.57444311928376,43.89699190909741,43.79580599864097,43.5727047020659,42.77803307268146,42.61593660826163,42.43226905666678,42.093325716870815,41.409616833609626,,,41.87509831660813,41.452078469920245,41.643511261801635,"rgba(38, 166, 154, 0.5)",2.481093554307227,41.299511366651885,0.7498663765089661,64.28873267674152,20.781076139200493,True,False,True,False,False,4.70385407937755,0.0,0.0,0.0,0.0,0,1.044948693776967,0.8369079496224836,False,False,False,False,0.20001313024746323,0.25741041547625126,False,False,False,False,1682811,1218344.1582950687,False,False,False,False,89696.55899320017,False,False,False,False
2024-08-30 00:00:00+00:00,43.14,43.65,42.815,43.3925,36559,,,,,,,,,,,,43.98194014699761,40.249921506399616,39.92351439098379,39.41975254732689,38.7827740776442,41.87873217829737,43.305127392354805,43.74244042492662,43.72963673134928,43.397700361593834,42.60156676892902,42.50182992139253,42.31591948692296,41.94711912142022,41.630245495079315,40.47191615640266,40.08393511227544,39.66648515719599,39.37264810116639,40.03466952301035,,,,,,,,,,41.528609990315424,40.42590175969074,40.34544442715504,39.66747404456463,38.71527599062989,38.05962361658159,39.0740378747214,42.80897320203361,43.00027387094537,43.573716306184416,43.895782004217295,43.7947966672374,43.57212184597323,42.77863386435725,42.61674640324783,42.433293500718676,42.09471115499529,41.41172189756883,,,41.87873217829737,41.45189373008345,41.6553965789521,"rgba(38, 166, 154, 0.5)",2.531266371095917,41.30870562096038,0.7234696434760267,61.811353050496784,18.50583400786995,True,False,True,False,False,4.658211627766299,0.0,0.0,0.0,0.0,0,1.0592028515311414,0.8271136817177748,False,False,False,False,0.20727689146482842,0.23234365347053984,False,False,False,False,1646252,1235124.8579697718,False,False,False,False,87612.73315032959,False,False,False,False
2024-09-03 00:00:00+00:00,42.69,43.25,42.39,42.81,88643,,,,,,,,,,,,43.643883587152224,40.325549548905876,39.99563280020326,39.48703693147311,38.81886189523348,41.88465677198459,43.30247659953868,43.7381886777108,43.725909787223465,43.39541984390954,42.602149240431366,42.50272292797218,42.31735654650662,41.949583126204075,41.63354904870218,40.47800755364371,40.090735159110366,39.67398013218474,39.38001889733331,40.04018446462931,,,,,,,,,,41.58456326591855,40.501377963131,40.42162576461186,39.738502060009154,38.77860439163803,38.106406910483095,39.10574139229132,42.808785427640096,42.999089859225876,43.56996604490052,43.89108025167612,43.79062015600186,43.569103578362125,42.77862712310081,42.617280694183364,42.43439847987088,42.09677181170478,41.415598446275474,,,41.88465677198459,41.44929517700265,41.67823020116805,"rgba(38, 166, 154, 0.5)",2.5634248487042903,41.324632514986476,0.5326340991442214,59.06492791243659,15.94269308730037,True,False,True,False,False,3.6244892420233263,0.0,0.0,0.0,0.0,0,1.0554622464302719,0.8283809733101021,False,False,False,False,0.17816762181776957,0.20525563764415472,False,False,False,False,1557609,1247771.2949121338,False,False,False,False,87653.1357718853,False,False,False,False
2024-09-04 00:00:00+00:00,42.59,43.4962,42.275,42.46,51886,,,,,,,,,,,,43.5230524320627,40.36793210916035,40.036331054690486,39.52530460616204,38.83973913827078,41.88812853018393,43.30096774164284,43.735744029801374,43.72376551778139,43.39411503377517,42.60250859864078,42.50326269217745,42.318212510715036,41.95103666915841,41.63549143329451,40.48157421972604,40.094714914587676,39.678365128436724,39.38433166789983,40.04341451070138,,,,,,,,,,41.61531244188305,40.5435415480724,40.46422957384019,39.77872876064723,38.81485885340931,38.133422835561056,39.1240998421506,42.80871178798391,42.99843474752084,43.56781577290873,43.888371941602536,43.7882162629537,43.56737052661589,42.77864401767654,42.61761207959428,42.43506152407844,42.0979905838656,41.41787459317981,,,41.88812853018393,41.45139962694344,41.69112764964134,#000000,2.5925152140604313,41.33714720052539,0.48325764596473686,56.98532229069876,13.972619607996293,True,False,True,False,False,3.3938057440795433,0.0,0.0,0.0,0.0,0,1.0520009589563244,0.8247938502613846,False,False,False,False,0.18277572064011022,0.19401567914213247,False,False,False,False,1505723,1257887.0480528346,False,False,False,False,86250.50299651724,False,False,False,False
2024-09-05 00:00:00+00:00,42.79,43.01,42.365,42.58,44835,,,,,,,,,,,,43.4360039516103,40.40243812815712,40.06974107632511,39.557015396252226,38.85730718889205,41.89089035868403,43.29950600329023,43.73349676286474,43.72179169749691,43.39287105402747,42.60270836000112,42.50362035692343,42.318846823590086,41.952190689963004,41.6370695765011,40.484560159504376,40.09806108943786,39.68206478764069,39.38797811685365,40.04613311541606,,,,,,,,,,41.639229989686264,40.577716051109995,40.49882446318299,39.811906227809345,38.845155300825695,38.156192970178864,39.1395360357685,42.80845750484032,42.997697765341826,43.5658123536764,43.88590401364927,43.78601321143345,43.56575416425525,42.77854562857953,42.617787277112576,42.435526384085954,42.098940645728646,41.41974169275597,,,41.89089035868403,41.45371473467158,41.70159676000116,"rgba(38, 166, 154, 0.5)",2.625686408754251,41.347942237678936,0.5492117251752251,56.06630866749214,13.012162849044287,False,False,True,False,False,3.8200126841535145,0.0,0.0,0.0,0.0,0,1.0523741490293732,0.8478614034872965,False,False,False,False,0.16888268312820398,0.18144918113516822,False,False,False,False,1550558,1269364.3402860567,False,False,False,False,84626.36562410482,False,False,False,False
2024-09-06 00:00:00+00:00,40.12,42.84,39.99,42.84,88428,,,,,,,,,,,,43.00326263012416,40.418762206327045,40.09162246467724,39.584388516652474,38.876115861109604,41.88499800355281,43.288036281246136,43.72152878856989,43.71119447795068,43.38411155963861,42.597371638990296,42.498725800377045,42.31471838680748,41.94933757422426,41.63520156751573,40.48586798730187,40.1002795734683,39.68517733700054,39.391408680429905,40.0480056550437,,,,,,,,,40.98333333333334,41.612407627681044,40.58989116188121,40.5130391890517,39.83738622240948,38.8773655445469,38.183596652516044,39.15500842393585,42.79800204551813,42.98717386397534,43.55380876722498,43.87384480964406,43.77464154740776,43.55605607826812,42.772452272440795,42.61237758895111,42.43089566848686,42.095598896049594,41.41851255679421,,,41.88499800355281,41.43350574955039,41.66449432895351,#000000,2.623961917433983,41.19167861969887,-0.4084200355875915,49.961065279502165,7.1939693940760705,False,True,False,False,False,0.0,0.0,0.0,0.0,0.0,0,0.9900446640242844,0.8651811280576802,False,False,False,False,0.08093358718928735,0.13119138416222778,False,False,False,False,1462130,1276923.7779218976,False,False,False,False,84775.44932512031,False,False,False,False
2024-09-09 00:00:00+00:00,40.78,41.04,40.2275,40.23,89638,,,,,,,,,,,,42.65116485406307,40.426066986737794,40.105628143760924,39.605343585464006,38.89217139102737,41.87713564554363,43.27502240017531,43.7081816633866,43.69936015751125,43.37419244066046,42.590996044570865,42.49281774000781,42.309619689672594,41.94556716621451,41.632450004252576,40.486389243518005,40.10175482957545,39.687589660873456,39.39421683986075,40.04928813337748,,,,,,,,,40.83189455033527,41.575393819091396,40.59262576333662,40.517933379471735,39.85561803869224,38.90451619902527,38.207911242164585,39.16789230457601,42.78578821627475,42.97503280304458,43.540343498646344,43.86046078500558,43.76197583331863,43.54515847713211,42.76528609145411,42.60592436092198,42.42526235033534,42.0913210932183,41.416417208173236,,,41.87713564554363,41.41524783101269,41.65403979022201,#000000,2.6183620008637565,41.16780626349116,-0.1481102549468813,47.47445880412934,4.913006353066812,False,True,False,True,False,0.0,0.0,0.0,0.0,0.0,0,0.9892427392692122,0.895831057220223,False,False,False,False,0.027634540295181982,0.07941296222870488,False,False,False,False,1551768,1287701.9827092742,False,False,False,False,84966.13758688029,False,False,False,False
2024-09-10 00:00:00+00:00,41.65,41.67,40.27,40.45,59814,,,,,,,,,,,,42.51745134954301,40.440050651835755,40.12261613756779,39.62535217442517,38.90575868172836,41.8741796975269,43.26811848838582,43.70084280544721,43.69285174113354,43.368870604761334,42.5879050854214,42.49001036955403,42.30730461956086,41.94408280167509,41.631611765466104,40.48764344748071,40.10360297499395,39.69002142596151,39.396829054213384,40.050833581131464,,,,,,,,,40.92361507903144,41.565594935749566,40.60429774400499,40.53076647451785,39.87464908531489,38.92729272581947,38.22719128097297,39.17924698227382,42.77968953032258,42.968803276398305,43.533032332941474,43.85302698847054,43.754983287917554,43.53923040695311,42.76170523314736,42.60278688508397,42.422626556079145,42.089517503276255,41.41600054274372,,,41.8741796975269,41.41029687289066,41.66073983426416,#000000,2.620245934403191,41.171078821113895,0.18277718614042499,47.726326789429365,4.913006353066812,False,True,False,True,False,1.1832524330113543,0.0,0.0,0.0,0.0,0,0.9847956821394422,0.8898411956642422,False,False,False,False,0.050537567673466725,0.0649752649510858,False,False,False,False,1611582,1300403.1598579301,False,False,False,False,83979.77925013988,False,False,False,False
2024-09-11 00:00:00+00:00,41.29,41.95,40.94,41.51,50335,,,,,,,,,,,,42.436731665751275,40.4543890045549,40.139050942755794,39.64386325815992,38.91804016764182,41.8724283298799,43.26289233979772,43.69518253996152,43.68783036917765,43.36481590833704,42.58568076200646,42.48801511083955,42.30570753637091,41.943165707395515,41.631226689271756,40.488987270378814,40.10543236661173,39.69232808337758,39.399260999284124,40.0523535582906,,,,,,,,,41.00564852049107,41.561924214119244,40.6169229013625,40.544275890107066,39.89257152562241,38.94774282143686,38.24428607730106,39.189626141603775,42.775226592071824,42.96417272320594,43.52742998328316,43.84726410884272,43.749578442535665,43.53468179530979,42.75908157393344,42.60052519288498,42.42077163472822,42.08833843837629,41.415964432502534,,,41.8724283298799,41.40836913049223,41.66768594787992,#000000,2.6045128402706785,41.17698348739752,0.0433925726358609,47.19678237556444,4.401450002355901,False,True,False,True,False,0.40746655239655283,0.0,0.0,0.0,0.0,0,1.006314517447053,0.8808495956232553,False,False,False,False,0.08298750907261143,0.07398138701184861,False,False,False,False,1561247,1310632.3300595798,False,False,False,False,82660.37614229126,False,False,False,False
2024-09-12 00:00:00+00:00,42.17,42.76,40.91,41.66,96967,,,,,,,,,,,,42.37717829875688,40.49641093819819,40.182993729061174,39.68939270473009,38.94657421101727,41.872945598924574,43.255861802495566,43.68695880031298,43.68053653495714,43.35923075419371,42.583396767995154,42.48612437109643,42.30450296298577,41.9431769020301,41.632205689028986,40.4931419622777,40.11044984615067,39.698193926296014,39.40522472410077,40.05647626355591,,,,,,,,,41.242543563821776,41.57709524979516,40.65668574018373,40.58534896091264,39.93823208537082,38.99489820630179,38.28239920477852,39.21430131877188,42.77011990929666,42.958443950830834,43.51949669555106,43.83872432690169,43.74166463297285,43.52822363682935,42.75609183088047,42.59817815408098,42.41913138619779,42.08787771935385,41.41758813462618,,,41.872945598924574,41.41304883940825,41.69089708986622,#000000,2.5977671077187923,41.20433026480067,0.37173068067958154,48.71934779473399,4.401450002355901,False,True,False,False,False,2.2551962276976703,0.0,0.0,0.0,0.0,0,1.009253265546709,0.8725332098477573,False,False,False,False,0.10975857186378872,0.09186997943781866,False,False,False,False,1658214,1324262.9837827336,False,False,False,False,83221.42021514259,False,False,False,False
2024-09-13 00:00:00+00:00,42.47,42.72,41.98,41.98,60533,,,,,,,,,,,,42.37808238570332,40.52912332444734,40.21598598843185,39.72231860857479,38.966708196814054,41.87518487578053,43.252984210296354,43.683161972196885,43.6771704847126,43.35685368282618,42.58296620765528,42.48591524379486,42.304681652903,41.94406704684956,41.633671050652254,40.49651101517162,40.11432113670317,39.70255926974614,39.40958049591474,40.05964233960964,,,,,,,,,41.39838077022313,41.596624788541895,40.68844882496477,40.61775164213401,39.97178908259113,39.0279005400354,38.30862737615298,39.231945640558806,42.768662988131126,42.956453017594335,43.51596908152583,43.8346720961886,43.73797094767743,43.52534127347659,42.75525272322618,42.59771270970341,42.41906860529097,42.088489820280536,41.41944185933115,,,41.87518487578053,41.41957445943922,41.70844756776991,#000000,2.6073908949904308,41.227038770544354,0.4767068995461099,50.340518602548805,4.401450002355901,False,True,False,False,False,2.876682128038606,0.0,0.0,0.0,0.0,0,1.0162235482973812,0.8756194630534101,False,False,False,False,0.14535829834395622,0.11861413889088744,False,False,False,False,1718747,1339732.9452030186,False,False,False,False,82331.6782459213,False,False,False,False
2024-09-16 00:00:00+00:00,42.9,43.335,42.3975,42.56,79715,,,,,,,,,,,,42.42051630114013,40.58135966791193,40.26736889477402,39.77217616825947,38.99659093224023,41.88086887293547,43.25134805829419,43.6800679429282,43.67443319942991,43.35531049576731,42.58382719426292,42.48703393023982,42.30625389741003,41.94650945463866,41.63683039865949,40.502067033019365,40.12048699136575,39.70932526405827,39.41623225527409,40.064668088126666,,,,,,,,,41.62278362008259,41.635905553668344,40.740030233457084,40.669948740525896,40.023234413891764,39.0765559549516,38.34672519502144,39.25842522042902,42.769209567677194,42.95609053501023,43.5133539033096,43.83115932773064,43.734885523070865,43.52318803704188,42.75562060290143,42.59853406613078,42.420365957365014,42.09058930916979,41.42309300194162,,,41.88086887293547,41.432663752036795,41.73629993491457,"rgba(38, 166, 154, 0.5)",2.6150769509632386,41.26468595521196,0.6253406975980905,52.28933938294257,4.401450002355901,False,True,False,False,True,3.766770369648828,0.0,0.0,0.0,0.0,0,1.028264097124534,0.8649739612944307,False,False,False,False,0.1814156820357287,0.15001491046330806,False,False,False,False,1798462,1357722.3199009395,False,False,False,False,82229.06341274791,False,False,False,False
2024-09-17 00:00:00+00:00,43.05,43.3,42.465,42.67,70686,,,,,,,,,,,,42.45679669113614,40.626949751715784,40.31232405202772,39.815927312678824,39.023118935272066,41.88615978209153,43.25014325746239,43.677550631025355,43.672205672975124,43.35412355204244,42.584743739906585,42.488174290130736,42.307788558398975,41.94880537317094,41.63975521259651,40.50709771254568,40.12605162355648,39.71541556267228,39.42221257851779,40.069205674757534,,,,,,,,,41.77877833760543,41.67038559880362,40.78502244843104,40.71547802572544,40.06829273025882,39.119357154530995,38.38042674217685,39.281975149378404,42.76995936703542,42.9560185367789,43.51127294383125,43.82826326034579,43.73236083558105,43.52146939132782,42.756106866111416,42.5994163135823,42.42166251190577,42.09258487264358,41.426450111833915,,,41.88615978209153,41.44422749823405,41.75869901041515,"rgba(38, 166, 154, 0.5)",2.5887099851831854,41.29571003541559,0.6776695630740072,53.8963258642757,4.401450002355901,False,False,True,False,True,4.078324191690513,0.0,0.0,0.0,0.0,0,1.0346457744368738,0.8621090035044751,False,False,False,False,0.1825577884543523,0.1662863494588302,False,False,False,False,1869148,1377778.228924432,False,False,False,False,81776.39425930682,False,False,False,False
2024-09-18 00:00:00+00:00,43.48,44.23,42.82,43.0,45933,,,,,,,,,,,,42.5026597692726,40.66273751622935,40.346919035602326,39.84880274566053,39.04265590167608,41.89142225042104,43.250791579822604,43.67718193433751,43.67188733356548,43.35441134964879,42.586295607809305,42.48984935984267,42.309682333469766,41.951150236743096,41.642482363743284,40.51112165856968,40.130388502904665,39.72006064186533,39.426717877691814,40.07273257747628,,,,,,,,,41.90263213165973,41.70149736916519,40.820788107287704,40.75145671608897,40.102517981202745,39.150752957382544,38.404776306933535,39.299484871891366,42.77208524350297,42.95747430149098,43.5112699573432,43.82759383014974,43.73190380049943,43.52144753175684,42.757408393705425,42.60095003729691,42.42342992280783,42.094749710960336,41.429445509835034,,,41.89142225042104,41.454497528817605,41.776929720050546,"rgba(38, 166, 154, 0.5)",2.558897024497417,41.32127502535603,0.8436154147578305,55.85850674993194,-0.47351687535917364,False,False,True,False,True,4.974224113242997,0.0,0.0,0.0,0.0,0,1.0382123851615146,0.8462243425375924,False,False,False,False,0.22812709447253565,0.19720672196568292,False,False,False,False,1915081,1398848.9258293563,False,False,False,False,80370.77095502029,False,False,False,False
2024-09-19 00:00:00+00:00,45.21,45.25,44.15,44.28,48953,,,,,,,,,,,,42.60765378638389,40.71766993571246,40.39847616506568,39.895979506155406,39.069572925798916,41.90167433662747,43.255085569799334,43.67997277194972,43.674388076817095,43.35738773251492,42.59037045658503,42.494000399899136,42.31397342130842,41.955815027276444,41.64749030802688,40.51733779318836,40.13685334725101,39.72677059208303,39.43310405327143,40.07796748512445,,,,,,,,,42.11285085643746,41.75759550864668,40.87664740354214,40.807203192897376,40.15251427453074,39.19400829785685,38.437319223057976,39.32396304446209,42.778488445868824,42.96281555451352,43.51465882550122,43.8299253429589,43.734391365437226,43.52418117831003,42.761288247063916,42.60501584595214,42.42765695062637,42.09925973357602,41.43470893766283,,,41.90167433662747,41.47257718454195,41.80707853836328,"rgba(38, 166, 154, 1.0)",2.595858968392457,41.363703748388325,1.4817046297371,60.06439757295183,3.649017339789417,True,False,True,False,True,8.426711432012375,0.0,0.0,0.0,0.0,0,1.050738942792139,0.8194232317022936,False,False,False,False,0.3140947467467538,0.2556507343562184,False,False,False,False,1964034,1421013.046385068,False,False,False,False,79138.70150580381,False,False,False,False
2024-09-20 00:00:00+00:00,46.57,46.745,45.12,45.12,58730,,,,,,,,,,,,42.78636326836371,40.80137387047022,40.47600110328012,39.965633413222314,39.108566197459766,41.91912454794046,43.26425082175478,43.68687271356509,43.68055928943135,43.363940103565035,42.597963536151966,42.501623598069635,42.32166113202031,41.96383178454766,41.655847030080885,40.52694975355352,40.146669163795856,39.73678752522058,39.44253803558225,40.085899872485996,,,,,,,,,42.42870788161636,41.84885005399012,40.962420602833674,40.892497635604435,40.2269714383688,39.25651196176377,38.48358528886203,39.35973405403168,42.790770833782126,42.97344202927314,43.52250606083691,43.83612093349446,43.74069608112739,43.53053942391624,42.768727305442496,42.6126095255886,42.43534633376132,42.10713217342293,41.443338172924705,,,41.91912454794046,41.50162283802808,41.853710936349536,"rgba(0, 255, 255, 0.75)",2.673750276398363,41.4295152355257,1.9225747482291868,64.52316149341635,7.856536073447998,True,False,True,False,True,10.959481312025975,0.0,0.0,0.0,0.0,0,1.0603548506753198,0.8017913974271457,False,False,False,False,0.34282824739992995,0.29923949087807417,False,False,False,False,2022764,1444611.1229974183,False,False,False,False,78338.3602702821,False,True,False,False
2024-09-23 00:00:00+00:00,45.5,47.21,45.22,46.69,63574,,,,,,,,,,,45.976666666666674,42.95178694722252,40.88635520229687,40.55517365734299,40.037296166139065,39.14929578840603,41.93710695792607,43.273530797410835,43.693789839960694,43.686750919727075,43.37057105728899,42.60575806947659,42.509460143796595,42.32958335548142,41.97212726044423,41.66452018077383,40.537006910382566,40.15696132172074,39.74731155732846,39.45246455019027,40.09422526537599,,,,,,,,,42.706042527863644,41.93974028279843,41.04925959119181,40.97894471507034,40.30327794279176,39.321293411064126,38.53195862710135,39.39708474413736,42.80330345804027,42.98425896296042,43.53040605650035,43.84230402188418,43.74700851176673,43.5369464995933,42.77634349911503,42.620402918494534,42.44325807831394,42.115265642075265,41.452310413221355,,,41.93710695792607,41.824675867499124,41.89891631073601,"rgba(38, 166, 154, 1.0)",2.733265986865301,41.600328617144584,1.4267441959894398,64.55937312806694,7.900438287150472,True,False,True,False,True,8.411817602662538,0.0,0.0,0.0,0.0,0,1.0613244555975836,0.7995411541667049,False,False,False,False,0.3428282475827592,0.32103386923041666,False,False,False,False,1959190,1464790.6868014412,False,False,False,False,77759.36574987888,False,False,False,False
2024-09-24 00:00:00+00:00,45.26,45.48,44.888,45.48,30502,,,,,,,,,,,45.727876312768394,43.00658675102873,40.9201470774927,40.58709349470451,40.066711765582625,39.16648926002469,41.944050075172854,43.27670319850116,43.69598323822237,43.68871826638178,43.37280734611425,42.60863665122041,42.512378155225534,42.33257500840254,41.97533484864334,41.66793081248291,40.54114022887485,40.161237093119546,39.75172784042052,39.45665757837335,40.09769137355657,,,,,,,,,42.79653156820035,41.973920536367004,41.08354151635354,41.01317660091524,40.33431934845017,39.3484007504854,38.55257712585846,39.41278332105,42.80783599481265,42.988097447622394,43.53299506996851,43.84419595631429,43.74898655286039,43.53904554046721,42.779111756584726,42.62327733641375,42.44621987021904,42.1183827935702,41.4558746301415,,,41.944050075172854,41.82303925013785,41.91575124824498,"rgba(38, 166, 154, 1.0)",2.780046827008524,41.611791022679085,1.3122832831008737,63.96426755505607,7.900438287150472,True,False,True,False,True,7.849811248073465,0.0,0.0,0.0,0.0,0,1.0546886471538348,0.8282710709216389,False,False,False,False,0.2738751064863075,0.29745448785836204,False,False,False,False,1928688,1482982.738299424,False,False,False,False,75906.13572047188,False,False,False,False
2024-09-25 00:00:00+00:00,44.71,45.25,44.58,45.13,21550,,,,,,,,,,,45.56363930834472,43.037611838056684,40.94171280525953,40.60763371706761,40.08584186484122,39.17785242847449,41.94839486954025,43.278518852083714,43.69715862300284,43.68977438321306,43.374072677526335,42.61038349546512,42.51415924419702,42.33441891045729,41.97734350980163,41.670090146151,40.543829530787306,40.164036899098555,39.75463663727149,39.45942979063705,40.09996384429723,,,,,,,,,42.84758605821713,41.99498264934186,41.10532416063067,41.034968147868554,40.35440071895488,39.36622661237211,38.56627826742516,39.42313277461987,42.81054595431069,42.99035992360828,43.534424738284514,43.845175208301136,43.75003457719229,43.54020405130334,42.780772464366706,42.625020039793,42.448034437905385,42.120323355912625,41.458145798898876,,,41.94839486954025,41.821526976563845,41.926102102068796,"rgba(38, 166, 154, 1.0)",2.8191358653010745,41.61832971561524,1.0966730346125342,62.153815989001295,7.900438287150472,True,False,True,False,True,6.564698451036289,0.0,0.0,0.0,0.0,0,1.049762370271998,0.8354959790467757,False,False,False,False,0.25631830039861037,0.2768863941284862,False,False,False,False,1907138,1499616.2779739567,False,False,False,False,73774.52255496319,False,False,False,False
2024-09-26 00:00:00+00:00,45.12,45.335,44.68,45.18,18180,,,,,,,,,,,45.49317264298063,43.065764559718005,40.96063742850625,40.62561198282596,40.102529090947236,39.18773747775207,41.952300255101626,43.28024062370939,43.69831909725782,43.690816333341694,43.37528198849989,42.61198555838146,42.515787276598964,42.33609499962941,41.97915285070548,41.67202311691265,40.546200121504775,40.16649620059575,39.75718345228551,39.46185228461232,40.10195928663236,,,,,,,,,42.89280084859583,42.01373154508249,41.12446907488876,41.05410675968238,40.37194511067681,39.381716195425625,38.57815406962005,39.43215133146943,42.81304867834689,42.99246778391089,43.53581034157976,43.84616314577395,43.75107677626296,43.54132792604365,42.782305699123754,42.626619153165855,42.449689510374135,42.122077244435935,41.46017144347588,,,41.952300255101626,41.823959367093344,41.935254349365,"rgba(38, 166, 154, 1.0)",2.8637162461980337,41.62783574490389,1.2194519131329515,61.67242185059342,7.900438287150472,True,False,True,False,True,7.362749660961001,0.0,0.0,0.0,0.0,0,1.0635551713307476,0.8304029281247376,False,False,False,False,0.26233755283115295,0.2696119734798196,False,False,False,False,1925318,1516310.4631514486,False,False,False,False,71594.3451998666,False,False,False,False
2024-09-27 00:00:00+00:00,44.36,45.46,43.99,45.46,24869,,,,,,,,,,,45.35370887243317,43.094707000628986,40.983475074476175,40.647536043179706,40.1231513525549,39.20019015540924,41.956865972984886,43.282002366877954,43.69938374363601,43.69177503664125,43.3764965839595,42.613776452084586,42.517622617489124,42.33801114801688,41.98126839226781,41.674317939973164,40.54912092312415,40.16955214148809,39.76037269287181,39.46490081333685,40.10444264613743,,,,,,,,,42.939629233188796,42.035325597696215,41.14744206102365,41.07712831253765,40.39348487213538,39.4011267180867,38.5932243183874,39.44347425949187,42.81578749631084,42.99472524753385,43.53714814907904,43.84701503020518,43.752014013299444,43.54241182299645,42.78399096126967,42.6284043389296,42.451565414746035,42.124111024771686,41.46259774818172,,,41.956865972984886,41.82391176617171,41.94582140104585,"rgba(38, 166, 154, 0.5)",2.889780857678525,41.63597584238262,0.94264039101072,59.39491510820434,7.900438287150472,True,False,True,False,False,5.5852489348379954,0.0,0.0,0.0,0.0,0,1.0593318626292874,0.8143338416364703,False,False,False,False,0.2440107099097863,0.2568113416948029,False,False,False,False,1900449,1531374.7194984506,False,False,False,False,69761.97872144046,False,False,False,False
2024-09-30 00:00:00+00:00,44.2,44.3,42.93,44.05,49367,,,,,,,,,,,44.987396897421355,43.12047204512985,41.01821973443206,40.68176271997113,40.156382676148226,39.22113610671873,41.96317986197005,43.28339429335076,43.6996414554621,43.69202108816459,43.37734602695274,42.615908214597646,42.51987421698688,42.34047654521573,41.98419026834286,41.67763175333272,40.55377438002644,40.17452276998981,39.765656134676995,39.470009029794454,40.10849634132418,,,,,,,,,42.98449116684451,42.06422362485337,41.1818930282412,41.111869310174,40.427663392410054,39.43342245851874,38.61899821255651,39.462371559521884,42.818797602635065,42.996986960003085,43.537825233251795,43.84693254523387,43.752140322072535,43.54295286079973,42.78587237117465,42.630518845102614,42.45391020325986,42.12684965739813,41.466189278532646,,,41.96317986197005,41.81514981093426,41.96020571750443,"rgba(38, 166, 154, 0.5)",2.9116236639305213,41.638506416980725,0.8797474806759235,57.47624701057893,13.398112478790878,False,False,True,False,False,5.213366208083919,0.0,0.0,0.0,0.0,0,1.0415694569266287,0.8323226546353537,False,False,False,False,0.1734151122784812,0.21511322698664204,False,False,False,False,1851082,1543912.259910276,False,False,False,False,68962.17563432515,False,False,False,False
2024-10-01 00:00:00+00:00,43.64,44.18,43.36,44.12,42612,,,,,,,,,,,44.77306863378735,43.13875123582418,41.04665563648218,40.70994457876467,40.18394554878921,39.23873795246514,41.968350952613186,43.28440067577988,43.699695693901425,43.692083215165155,43.377935857436285,42.61761419386989,42.521686295241594,42.342477664392106,41.98659007011176,41.68037241049885,40.557677904289584,40.17870425633303,39.77011181726011,39.47432415118955,40.111909620764024,,,,,,,,,43.016104546478395,42.087266133746475,41.210000587175315,41.14024959725179,40.4559065844668,39.46039743473108,38.640687617003316,39.478241921977904,42.82116399922915,42.99873005935526,43.53822885911105,43.846701658081514,43.752092516214226,43.54327292741553,42.787359111896116,42.63220941858939,42.45580367515387,42.12908972833759,41.46917063702881,,,41.968350952613186,41.81215643720976,41.9717198428023,"rgba(38, 166, 154, 0.5)",2.9174924318822026,41.644526412446695,0.6839687279894462,54.80683962334706,10.714653463413576,False,False,True,False,False,3.9127781658748155,0.0,0.0,0.0,0.0,0,1.0409544535236654,0.8421727637436666,False,False,False,False,0.18315561306659842,0.19913442002662024,False,False,False,False,1808470,1554287.0732471277,False,False,False,False,67928.83541337123,False,False,False,False
2024-10-02 00:00:00+00:00,42.55,43.88,42.43,43.49,43133,,,,,,,,,,,44.505900097689825,43.133259410158814,41.06670546539904,40.7307668711796,40.205419039371186,39.25336940719169,41.971265888437806,43.28364159226401,43.69818253620146,43.690744709697,43.37721138537149,42.61813530856646,42.52234137062971,42.3433689817317,41.98793590675472,41.682093528250505,40.56065753990786,40.18200647349455,39.77373223457253,39.47789040464119,40.11462032461235,,,,,,,,,43.013509949986535,42.09924902121989,41.22927598839985,41.15995244634108,40.47736285527072,39.48247191557688,38.659145577182336,39.49128411364892,42.82151179830652,42.998620552005235,43.53696616209597,43.84496896157396,43.75057805119042,43.542234398314925,42.78762418446997,42.63270995751612,42.456551770182195,42.130256295359644,41.4711494004903,,,41.971265888437806,41.80323140757556,41.97818017890166,#000000,2.908644308215007,41.64089303439636,0.31255350234334417,50.67379513961274,6.752165338220941,False,True,False,False,False,1.4507821669128838,0.0,0.0,0.0,0.0,0,1.0228141027747326,0.8561329983779957,False,False,False,False,0.14469138125793513,0.17191290064227768,False,False,False,False,1765337,1562563.5409629266,False,False,False,False,66956.44971088608,False,False,False,False
2024-10-03 00:00:00+00:00,42.37,42.615,41.1,42.19,32940,,,,,,,,,,,44.256116488689344,43.10881957627902,41.07436638041044,40.73989958865367,40.21614990994286,39.26169169692817,41.97139457182436,43.281447384502144,43.69560114540165,43.68844763749415,43.3754560497686,42.61743697509722,42.52176948733031,42.343018323769236,41.98797880972381,41.68245066804002,40.56205028150988,40.18368307041623,39.77568881796502,39.479885420356325,40.11601354724177,,,,,,,,42.028333333333336,42.98336322098658,42.09850753801432,41.23596656154984,41.167099812365144,40.4874725678648,39.4946999761254,38.6701220263718,39.498534884775744,42.81992101625942,42.99683639256221,43.53448301230856,43.84228218893264,43.74808791105938,43.54020185841143,42.78669923739477,42.63199138577129,42.45606061506273,42.13014625020676,41.47171613925329,,,41.97139457182436,41.79116761420512,41.981126296430475,#000000,2.897640127121751,41.54626129698735,0.28427916058398545,47.561203861309735,3.84855496546912,False,True,False,True,False,1.0509620394419272,0.0,0.0,0.0,0.0,0,1.0069075875601363,0.8748877055284339,False,False,False,False,0.06478142519477946,0.11834716291852856,False,False,False,False,1732397,1569223.6766114393,False,False,False,False,65622.47129085133,False,False,False,False
2024-10-04 00:00:00+00:00,43.36,43.765,42.62,42.78,24351,,,,,,,,,,,44.186215989039475,43.111064136820005,41.087094655144014,40.75288370577662,40.22928797927969,39.27051079353182,41.97351964543075,43.281404650648234,43.69509059181981,43.68799852882571,43.37533387367139,42.617988706743915,42.52239074088006,42.343762643826715,41.988967542079024,41.68364378393494,40.563933413842015,40.185738974081744,39.777915220335956,39.48206330749915,40.117698428656254,,,,,,,,42.54688284372763,42.98922462050671,42.10732696306441,41.248346138291396,41.17968661152298,40.50071248560483,39.50798090807336,38.681121730327426,39.506440575969044,42.82055525315035,42.99717779711938,43.534135253841875,43.84163350853782,43.747554312118034,43.53991246327531,42.787114582290506,42.6325326332195,42.45673181690018,42.13103803499251,41.47305102766757,,,41.97351964543075,41.79084044416055,42.011457978010036,"rgba(38, 166, 154, 0.5)",2.888350774784471,41.5755786368435,0.6177993956740419,48.079368383823905,3.84855496546912,False,True,False,True,False,3.1595342253376977,0.0,0.0,0.0,0.0,0,1.0261942829599757,0.8613135789987242,False,False,False,False,0.14702351191566945,0.132685337417099,False,False,False,False,1756748,1576577.5716462848,False,False,False,False,64003.98222062187,False,False,False,False
2024-10-07 00:00:00+00:00,42.73,43.28,42.57,43.03,21128,,,,,,,,,,,44.11093431325664,43.107607767499964,41.09605537987968,40.76230463618618,40.239140817570544,39.27738714978112,41.9747978135256,43.28093333197105,43.6942643276054,43.68726608763011,43.37490450400306,42.61817219897829,42.522641022501,42.344130638323634,41.989560012186686,41.68442095538577,40.565329110573934,40.18729463346885,39.779628735604334,39.48375627348233,40.118977684485714,,,,,,,,42.63124427753478,42.98679110120167,42.11230290731384,41.25690271650426,41.18845769913927,40.510488457676665,39.51823963789933,38.68981497843576,39.51256387976592,42.82060585458408,42.99701641671464,43.533425160606626,43.84070419696845,43.74673284050793,43.53932804324199,42.78717143541502,42.63270581573623,42.45702802359369,42.13154210589579,41.47395461501603,,,41.9747978135256,41.7890264854707,42.018351008187594,#000000,2.8616529778723394,41.58035071485237,0.4017430813719411,47.03410798395629,3.2566777529040536,False,True,False,True,False,1.7386799177546663,0.0,0.0,0.0,0.0,0,1.0211368461913977,0.868363397893226,False,False,False,False,0.13042081393999697,0.131553075678548,False,False,False,False,1735620,1582814.5296209403,False,False,False,False,62322.571153146506,False,False,False,False
2024-10-08 00:00:00+00:00,43.41,43.99,42.75,42.75,25392,,,,,,,,,,,44.0644671678429,43.11209547241932,41.10986510384816,40.77631302622984,40.25322998222149,39.28681860611639,41.97723435199078,43.281070790102625,43.693895034014595,43.68694331421047,43.37491293567682,42.61886879008407,42.52340717335891,42.34502016459597,41.99069844628819,41.685768809221074,40.567386277765394,40.18952747423838,39.782034987121015,39.48610369587822,40.12080677319676,,,,,,,,42.815204024621664,42.99556712933506,42.12232196026838,41.27038476233068,41.202141149325115,40.52472394763537,39.53240381018331,38.70152007397454,39.521039347005576,42.82147210057563,42.99756184245095,43.533235396326546,43.840184410291826,43.74632906714713,43.53916706318408,42.787729789226354,42.633392015792204,42.457845001625245,42.13258153869383,41.47544844216611,,,41.97723435199078,41.79028308016123,42.03251264360798,"rgba(38, 166, 154, 0.5)",2.842013453252524,41.59493350224021,0.6386551392578897,48.01859837206942,3.2566777529040536,False,True,False,True,False,3.1767333627861376,0.0,0.0,0.0,0.0,0,1.0241656120788691,0.8566465274416377,False,False,False,False,0.15808428211452139,0.14481867889653469,False,False,False,False,1761012,1589802.6657142367,False,False,False,False,60874.31346086625,False,False,False,False
2024-10-09 00:00:00+00:00,43.75,43.87,43.18,43.44,18959,,,,,,,,,,,44.04332760462554,43.117953543915775,41.12104027138433,40.78753636012064,40.26439012838309,39.29420338565668,41.97932759294836,43.28139012635297,43.69381184156095,43.68687442824744,43.375080928733716,42.6195352522853,42.52412224213628,42.34582172509316,41.99167930604476,41.68690206394623,40.56903834192483,40.19130555840024,39.78393749223926,39.48795190215083,40.12226173874931,,,,,,,,42.9363976948766,43.00539268954778,42.13096806474989,41.281361068765165,41.21325106984181,40.53605992649184,39.54350324396223,38.710624411694305,39.52769705801141,42.8223658935415,42.99819624557138,43.53329836324363,43.83998077567002,43.74620777231272,43.53921389974599,42.78829741318264,42.634051339708215,42.458596648551165,42.133490756295245,41.476688781288516,,,41.97932759294836,41.79226150480752,42.042782155852606,"rgba(38, 166, 154, 0.5)",2.8211263803760955,41.60641423718425,0.7598332984040168,49.47464157652222,3.2566777529040536,False,True,False,False,False,3.88889998022324,0.0,0.0,0.0,0.0,0,1.0294073927261915,0.859185820795467,False,False,False,False,0.1677743673470587,0.1562965231217967,False,False,False,False,1779971,1597260.2474509333,False,False,False,False,59230.57567808719,False,False,False,False
2024-10-10 00:00:00+00:00,43.54,43.6722,42.93,43.54,26875,,,,,,,,,,,44.00316987798204,43.12235114108761,41.13532459311645,40.802065296311035,40.279051490045106,39.30409745114882,41.98188539523661,43.28153092846567,43.693419122030804,43.686530979665314,43.37508690249487,42.620267505323326,42.52492799965906,42.34675786948016,41.99287838177101,41.68832233761269,40.571207922703174,40.19366094788551,39.78647633651036,39.490429402233666,40.12419221194043,,,,,,,,43.01619668771648,43.01384691696475,42.14124858032478,41.29528954346615,41.2273937884153,40.55084682140336,39.55828878540142,38.72289610183802,39.53659127863417,42.82327310741841,42.998766425105174,43.533094671240505,43.83942950490073,43.74577883704913,43.53904112448408,42.788883692569314,42.63477260902865,42.45945608196539,42.13458525827973,41.47826321383259,,,41.98188539523661,41.79397209403816,42.051897151501905,"rgba(38, 166, 154, 0.5)",2.814686048132088,41.616360444066096,0.6834295274993419,49.89416955141538,3.2566777529040536,False,True,False,False,False,3.3989620381569523,0.0,0.0,0.0,0.0,0,1.0199624917543977,0.883814659571258,False,False,False,False,0.15378642272327056,0.15504147292253362,False,False,False,False,1753096,1603371.4534332498,False,False,False,False,57961.72957306416,False,False,False,False
2024-10-11 00:00:00+00:00,44.51,44.68,43.36,43.36,29299,,,,,,,,,,,44.01433607837579,43.141361219377,41.15618621283304,40.82259286954521,40.298974396936345,39.31694237152638,41.98625711713521,43.282922213681296,43.69408817438866,43.68713785184178,43.37601707315912,42.62190503759464,42.52662691037815,42.34856722792937,41.99493786189816,41.6906010098387,40.57424397729777,40.19687048207434,39.789857240731656,39.493683258920385,40.126812251794966,,,,,,,,43.207295224576775,43.041876217248834,42.15939902134533,41.31602875576272,41.24827226533029,40.571315920742755,39.577636029371185,38.738494024515894,39.54825577870919,42.825677932406165,43.00068817497478,43.53403974220739,43.83987896545952,43.74633797104242,43.539805975564605,42.79038649576154,42.63640166961006,42.46120587446849,42.13654339595489,41.48069955709473,,,41.98625711713521,41.80070542927315,42.07001194960738,"rgba(38, 166, 154, 1.0)",2.821172313990252,41.63942757833008,1.0175104893220068,52.4435332202142,3.2566777529040536,False,True,False,False,True,5.435257161362884,0.0,0.0,0.0,0.0,0,1.0402709274471085,0.868649480476933,False,False,False,False,0.19893966907754884,0.17699057100004123,False,False,False,False,1782395,1610391.9846711617,False,False,False,False,56837.70096235576,False,False,False,False
2024-10-14 00:00:00+00:00,44.76,44.85,43.9,44.51,25087,,,,,,,,,,,44.03897856646405,43.16194038496826,41.17568757001332,40.84162719240239,40.31726440309355,39.32860678589842,41.99052977952121,43.284532242120825,43.69503334144188,43.6879906567451,43.37712684270076,42.62359122872433,42.52835926659921,42.35038335280428,41.996955604364814,41.692798840595195,40.57706965192072,40.19983478351099,39.79295852748609,39.49665562519384,40.12922970873273,,,,,,,,43.36665193034391,43.0712646783696,42.17710264351797,41.335506820489,41.26783996222715,40.59019651624527,39.59521583508356,38.752559730870104,39.5588832879378,42.82821403611683,43.002772602373724,43.53524450840022,43.84062057590795,43.747165337613815,43.54078436728493,42.7919657007967,42.638081797469574,42.46297917238123,42.13847872601468,41.483028756243584,,,41.99052977952121,41.80789623232846,42.08622784928438,"rgba(38, 166, 154, 1.0)",2.834785130964714,41.661030973822854,1.0931936224466245,54.67673401238642,-0.8682663415811476,False,True,True,False,True,5.951693310828091,0.0,0.0,0.0,0.0,0,1.0670361014020642,0.8288893493702745,False,False,False,False,0.2215243555475896,0.1992574632738154,False,False,False,False,1807482,1618121.0048801359,False,False,False,False,55592.57543442024,False,False,False,False
2024-10-15 00:00:00+00:00,44.87,45.19,44.4,44.64,32800,,,,,,,,,,,44.08725718313363,43.194061366696,41.20323842173108,40.86834533933801,40.34272991864206,39.34470694509847,41.99679548051276,43.28717614049175,43.69674860375443,43.68953497834424,43.37898157688755,42.626161913436405,42.53098209169769,42.35310180632698,41.99992150118058,41.69599040281784,40.581055429841776,40.20398904284386,39.797279333368806,39.500781992061306,40.13261491759671,,,,,,,,43.5679339275686,43.11606377123443,42.20294632852982,41.363127270030134,41.29554113347077,40.616585797197374,39.619482941262305,38.77185370721183,39.573595160299504,42.83214296810002,43.00606246511045,43.53732894092307,43.84204982072765,43.74869622237941,43.54248042799965,42.794407285950804,42.640646085401784,42.46565214556623,42.14134249268482,41.48638737985796,,,41.99679548051276,41.81894197341026,42.108216313575326,"rgba(38, 166, 154, 1.0)",2.8488776041808994,41.6913487603291,1.1157556347826374,56.40961644911657,0.9046123794021952,False,False,True,False,True,6.181076678721247,0.0,0.0,0.0,0.0,0,1.1080241984725652,0.8132149086138168,False,False,False,False,0.23749869727878792,0.21837808027630168,False,False,False,False,1840282,1626833.2007671895,False,False,False,False,54698.748946795924,False,False,False,False
2024-10-16 00:00:00+00:00,45.49,45.86,44.67,44.67,34045,,,,,,,,,,,44.16278830382016,43.23636126495112,41.23544650218223,40.89930040615303,40.37189387143858,39.36289632573947,42.004462205749995,43.29083848960027,43.699345099582786,43.69186875355314,43.38159455412196,42.62945476231746,42.53431513673229,42.356510565873755,42.003559823467754,41.69984648864044,40.58569111661361,40.20877794982795,39.80221979461351,39.50547626331517,40.13651267943199,,,,,,,,43.7906557243905,43.17366739032026,42.234466592283866,41.395580187869655,41.32801577156008,40.64697641980021,39.64692873221696,38.793461353545226,39.590283607550674,42.83726716523261,43.01043992234759,43.54035956866524,43.84431537867177,43.75104964285819,43.54495074962533,42.79758432557944,42.643934890931675,42.469031541660584,42.14488427993496,41.49040901767558,,,42.004462205749995,41.83313238391473,42.13371311313601,"rgba(38, 166, 154, 1.0)",2.863249039651104,41.72760449027088,1.3140301306754596,58.902430792997045,3.3703841717383014,False,False,True,False,True,7.471315515912327,0.0,0.0,0.0,0.0,0,1.083925428793813,0.8113479145632038,False,False,False,False,0.26934238151466555,0.24386023089548362,False,False,False,False,1874327,1636538.83995279,False,False,False,False,53888.79800770589,False,False,False,False
2024-10-17 00:00:00+00:00,46.0,46.25,45.565,45.91,27217,,,,,,,,,,,44.24443493669888,43.27827915567507,41.26453765879304,40.9270336569245,40.397743628758185,39.37880620712685,42.01166097965014,43.29460909531334,43.70216981104802,43.69440533335491,43.38431515510735,42.63266128670267,42.53754105748255,42.35977547355236,42.00698334541504,41.70342908342512,40.58985616928393,40.213045657742185,39.80658913066847,39.509607930032914,40.139982340237246,,,,,,,,43.98674668084569,43.22975358586039,42.2639811034647,41.42502400233094,41.35742088123693,40.674053972459326,39.67096751237682,38.81220289585975,39.604936872111075,42.84232438906601,43.01482345417582,43.543578147456486,43.846844212716114,43.753632648139536,43.547577398552995,42.80071487640123,42.64714055936457,42.47228931422225,42.14823927304167,41.4941168238534,,,42.01166097965014,41.84687423763778,42.15681843017679,"rgba(38, 166, 154, 1.0)",2.891157672055365,41.7611459408092,1.4661442024285511,61.56316321006244,5.944277299399623,True,False,True,False,True,8.517532527126189,0.0,0.0,0.0,0.0,0,1.0970629499079994,0.8105311329209934,False,False,False,False,0.3077489397772022,0.2758045853363429,False,False,False,False,1901544,1646931.1991703275,False,False,False,False,52842.845144658604,False,False,False,False
2024-10-18 00:00:00+00:00,46.15,46.49,45.875,46.15,39999,,,,,,,,,,,44.36643193607215,43.34277674678202,41.30874582909246,40.969113968901354,40.43688219938525,39.40287544392855,42.02281868292714,43.30061841585342,43.70674001059896,43.69850935437829,43.388667271332814,42.637694273027925,42.54259541777034,42.3648750580997,42.012301846745125,41.70897269555653,40.59623204570333,40.21956124044988,39.81324309391393,39.51589037909998,40.14527883659942,,,,,,,,44.24524026990681,43.31492486874622,42.30921378313613,41.46981111833474,41.40212805459911,40.715090579770184,39.70726711594423,38.84046437966263,39.62713832030895,42.850284678332805,43.02175414101582,43.548751984697105,43.850962991802874,43.757821918548245,43.55180289259479,42.80564562924454,42.6521736119706,42.477387518932424,42.15346201187688,41.49984023855224,,,42.02281868292714,41.867777295480956,42.190058305398864,"rgba(38, 166, 154, 1.0)",2.9212151735348098,41.810116625869846,1.485643171187108,63.62558063698647,7.930601709512231,True,False,True,False,True,8.825227888774805,0.0,0.0,0.0,0.0,0,1.1030578801995299,0.8837912767448569,False,False,False,False,0.33852144439112186,0.3071630148637324,False,False,False,False,1941543,1658484.6031244323,False,False,False,False,52339.164942907286,False,False,False,False
2024-10-21 00:00:00+00:00,46.29,46.41,45.7,46.24,24073,,,,,,,,,,,44.43127603645796,43.37971880752629,41.334763473202486,40.993931439104784,40.46002688548329,39.417197658280976,42.02944325280451,43.304174853309576,43.709439746721095,43.700934588140925,43.391244016219346,42.64068364967298,42.54559850315959,42.36790678141424,42.015466751479416,41.71227383614851,40.60003595275257,40.22345050469443,39.817216911320855,39.519643956664986,40.14844175103622,,,,,,,,44.370741255136934,43.363191440015434,42.335670151734135,41.4961442461012,41.42842354869629,40.739322631840636,39.728790523494986,38.857280496423826,39.64034998457889,42.85500209587776,43.0258600729476,43.55181063483642,43.85339398130837,43.76029627116625,43.55430229704691,42.80857249083456,42.655162865035514,42.48041728717764,42.15656881046138,41.50324986415092,,,42.02944325280451,41.87972138022794,42.208227547443286,"rgba(0, 255, 255, 0.75)",2.9400635649192504,41.8371559743927,1.5145400523779482,65.28152826206032,9.553905185474058,True,False,True,False,True,9.115634759299397,0.0,0.0,0.0,0.0,0,1.0679743649896565,0.8838515785507617,False,False,False,False,0.3217401167999636,0.31445156583184797,False,False,False,False,1965616,1670528.9716293565,False,False,False,False,51230.68788632269,False,False,False,False
2024-10-22 00:00:00+00:00,46.28,46.66,45.98,46.04,66962,,,,,,,,,,,44.60498951742531,43.48367216428009,41.40824232918498,41.06401275011331,40.52536561783842,39.45773790687798,42.04853207227075,43.31462393916949,43.717452660460914,43.70813425455289,43.398837638294296,42.64938348122322,42.5543278995457,42.37670131424981,42.02461430341197,41.7217895068841,40.610920146961696,40.234558624589354,39.82854696058285,39.53033568707437,40.15747653602393,,,,,,,,44.672827671062414,43.49703283036113,42.410645464178295,41.57053355046617,41.50269268800772,40.80773089786403,39.789509193268486,38.90475597441205,39.6777927924291,42.868743192863555,43.03785834052194,43.56084940677931,43.86064094672547,43.767652712188585,43.56169486587313,42.81710993913608,42.6638639335371,42.48921725633983,42.165560858036635,41.51306188806849,,,42.04853207227075,41.91313893874957,42.25698872010598,"rgba(38, 166, 154, 1.0)",2.958954234550121,41.910407414968724,1.4767354405181026,66.33862901797453,10.659345304750573,True,False,True,False,True,9.088738111488315,0.0,0.0,0.0,0.0,0,1.0361122803512952,0.8843290503470859,False,False,False,False,0.34282824138997986,0.3286399036109139,False,False,False,False,1898654,1679475.0511733033,False,False,False,False,51847.60208685906,False,False,False,False
2024-10-23 00:00:00+00:00,44.96,46.35,44.2601,45.87,45745,,,,,,,,,,,44.63980707548254,43.524092354973796,41.446042151170865,41.10086249752295,40.5607081184397,39.48068893332512,42.058080844098214,43.31907205901268,43.72054979813927,43.71092613925892,43.402019150766954,42.65349570669962,42.558500406161535,42.380986084383764,42.02921729913446,41.72668980010334,40.616878793249505,40.24073262091547,39.83493410391191,39.53641997862589,40.1625153824295,,,,,,,,44.722650724475926,43.54803834080506,42.44603845714733,41.60837067710978,41.54064863336913,40.84421030529975,39.8233513190577,38.93200191543166,39.69886269963598,42.875039094728564,43.04322182519494,43.56449294643514,43.8633182849345,43.77045440773537,43.56467717875862,42.8210597111639,42.66796949087612,42.49345404000257,42.17003101476886,41.518185876861104,,,42.058080844098214,41.92703519576882,42.2758038471896,"rgba(38, 166, 154, 1.0)",2.9466606538603908,41.93881404863584,1.0252914421639066,61.81008620732937,10.659345304750573,True,False,True,False,False,5.61662474735887,0.0,0.0,0.0,0.0,0,1.0038037516118703,0.8956277852332551,False,False,False,False,0.21546902336114104,0.27205446348602746,False,False,False,False,1852909,1686276.3824998403,False,False,False,False,51608.28435796262,False,False,False,False
2024-10-24 00:00:00+00:00,46.06,46.24,45.41,45.41,23469,,,,,,,,,,,44.67724256286021,43.552659752483855,41.46878227591314,41.12276700167915,40.58139511029916,39.49385473181812,42.064067845713645,43.32221285423925,43.72290254214076,43.71304319090662,43.404296419155976,42.656192106178906,42.56121480064329,42.38373619680672,42.03210537808136,41.729715153511776,40.620405682671816,40.244349803953874,39.83864075067076,39.53992957537426,40.165462816720726,,,,,,,,44.77825409675972,43.58388881891568,42.46847869458604,41.63128235910241,41.56356700991608,40.86572428933175,39.842835447363434,38.9474715218196,39.711006072089816,42.879247074574,43.046873974010396,43.56717339149349,43.8654239334296,43.77260760399296,43.56687260050578,42.823689614228684,42.67066488185013,42.496196130944966,42.1728597222518,41.52131874910914,,,42.064067845713645,41.93647568675513,42.28877179931378,"rgba(38, 166, 154, 1.0)",2.9461748417563647,41.958439244248446,1.3921647478689376,61.52693433515012,10.659345304750573,True,False,True,False,False,7.970140180754758,0.0,0.0,0.0,0.0,0,1.0287564626421257,0.881188793949026,False,False,False,False,0.27961163717326337,0.27583305032964545,False,False,False,False,1876378,1693731.3478920034,False,False,False,False,50504.783010591535,False,False,False,False
2024-10-25 00:00:00+00:00,46.06,46.39,45.7504,46.14,18786,,,,,,,,,,,44.70943367808834,43.57659331642855,41.48748316532958,41.14075186223948,40.59834422704479,39.50462238454886,42.06905026015957,43.324880312702476,43.72492308377829,43.714861116065414,43.40623533751855,42.65845573783896,42.56349050988126,42.3860365574005,42.03451155613143,41.732228397300894,40.62331267770982,40.24732542796417,39.84168439716276,39.542808176032935,40.16788709278813,,,,,,,,44.82506391975924,43.61377642279757,42.48707728992363,41.650141899071635,41.58242397421833,40.88336851876096,39.85876020792841,38.96009478301128,39.720947854743,42.882788596445955,43.04995757275574,43.56946438031358,43.86724123836054,43.77446000998434,43.56874972249171,42.825903083525255,42.67292813855824,42.498493045226326,42.17521998622072,41.5239166931857,,,42.06905026015957,41.94435160906633,42.29953886686411,"rgba(38, 166, 154, 1.0)",2.9442837395092694,41.97475123131355,1.387518707475983,61.33816642036396,10.659345304750573,True,False,True,False,False,7.970140180754758,0.0,0.0,0.0,0.0,0,1.0319239809209515,0.8886648733634339,False,False,False,False,0.3106252859528988,0.2932291681412721,False,False,False,False,1876378,1700893.96170016,False,False,False,False,49260.90916703893,False,False,False,False
2024-10-28 00:00:00+00:00,46.22,46.7,46.12,46.3,24764,,,,,,,,,,,44.7579504964432,43.61092377702264,41.51339625465972,41.16559644286762,40.62166272911539,39.51936574716208,42.07605770365767,43.328746784298055,43.72789894485533,43.71753789647753,43.409055344177915,42.661679747944916,42.56672516365505,42.38929477450387,42.03789887949704,41.73575056797461,40.627336759835465,40.251431714020406,39.84587221143485,39.546761530544785,40.17123124246015,,,,,,,,44.89459998960431,43.65646398878944,42.51319642423972,41.67631905545806,41.60857790867612,40.90769129197412,39.88056914645392,38.977319339191226,39.73458173130309,42.88785437259817,43.054389008817175,43.57281571213179,43.86993648639563,43.77719487988662,43.57149661191995,42.829067871009585,42.67615263737018,42.50175348462193,42.1785503953847,41.5275475077572,,,42.07605770365767,41.95554717350741,42.31480389217914,"rgba(38, 166, 154, 1.0)",2.946911041189509,41.99790389522318,1.432719225576821,61.5983843798394,10.659345304750573,True,False,True,False,False,8.312734128004394,0.0,0.0,0.0,0.0,0,1.0321625418402114,0.8802246283954686,False,False,False,False,0.3428282415929296,0.31802870486710083,False,False,False,False,1901142,1708746.8259472128,False,False,False,False,48300.246062449165,False,False,False,False
2024-10-29 00:00:00+00:00,46.34,46.68,45.87,46.07,32222,,,,,,,,,,,44.815077483926714,43.65354609201901,41.54635794125804,41.197261902560285,40.65145963025614,39.538314611030245,42.08503488215252,43.333679799943674,43.731687189621915,43.7209466006041,43.412654228765945,42.66580947652723,42.57087014012651,42.39347276606844,42.04224732744417,41.74027583513038,40.6325185822434,40.25672263020235,39.851271326140214,39.55186084316405,40.17554192392941,,,,,,,,44.973290756871904,43.70905481951396,42.54622062350249,41.70958607695256,41.64182698466364,40.93872885078248,39.90850984217493,38.9994601462454,39.752104335974536,42.89432866861594,43.06004992644387,43.577085866547826,43.87336406193055,43.78067562003995,43.57499839153407,42.83311885543986,42.68028273394871,42.50593252433893,42.18282396001635,41.532214681569975,,,42.08503488215252,41.96955346445927,42.3336828863554,"rgba(38, 166, 154, 1.0)",2.9412968151743737,42.0265489620718,1.4665133473353595,62.073532612121056,10.659345304750573,True,False,True,False,False,8.57256696347443,0.0,0.0,0.0,0.0,0,1.0257039769476726,0.8849664990155028,False,False,False,False,0.32561453674805957,0.3218216208075802,False,False,False,False,1933364,1717555.3425767338,False,False,False,False,47669.72660901978,False,False,False,False
2024-10-30 00:00:00+00:00,46.23,46.55,45.7,46.19,44397,,,,,,,,,,,44.88052823619939,43.70717999607028,41.589751516847606,41.239104927667356,40.6910247082102,39.5637258730218,42.09694233474876,43.34013767081881,43.7366114089343,43.72538011962391,43.417363985650944,42.671270663756445,42.57635727816528,42.39901373467715,42.04803229785125,41.74630969373508,40.63947094822736,40.26383294139255,39.85853826966247,39.558732199196335,40.18133906704957,,,,,,,,45.058473422095034,43.77452576687892,42.589165643547766,41.753303398917986,41.68555143979802,40.97983681116921,39.94579644922415,39.029181024178584,39.775594088334294,42.902852366347005,43.067489515451406,43.58265303368288,43.8778054562962,43.78519616691137,43.579567052302295,42.83846538097569,42.685743492617675,42.51146849635335,42.18850263590941,41.53844635851528,,,42.09694233474876,41.98746544022286,42.35748089997533,"rgba(38, 166, 154, 1.0)",2.9458322979979514,42.062640911160464,1.4146627055694094,61.896125222995614,10.659345304750573,True,False,True,False,False,8.269093778760993,0.0,0.0,0.0,0.0,0,1.0173252237282586,0.8908739074850123,False,False,False,False,0.30670396516615694,0.31426279298686854,False,False,False,False,1888967,1724277.3683580384,False,False,False,False,47541.38438905822,False,False,False,False
2024-10-31 00:00:00+00:00,45.66,45.9,44.9401,45.9,57629,,,,,,,,,,,44.91733667235095,43.755632196798814,41.63691512212196,41.28523309213484,40.7354457016469,39.59314999710436,42.109801471816084,43.34652474648377,43.74124091651188,43.72955750678301,43.42198808999577,42.6769978891373,42.582147729736924,42.40492401431345,42.054315890226626,41.752949888017504,40.6473936050219,40.272006678606154,39.86696080297079,39.56674061299537,40.18801844372842,,,,,,,,45.09610866592027,43.832350796941405,42.63338506364198,41.8004760580808,41.732873436587575,41.02556443498196,39.98846734737092,39.06385720402669,39.802703607807054,42.911621896694854,43.0750437693498,43.58800245312474,43.881885154712336,43.789414860067275,43.5839627423166,42.84400594996254,42.69146461895581,42.5173341206409,42.19462873973404,41.545358775612804,,,42.109801471816084,42.004863131238714,42.37992548482653,"rgba(38, 166, 154, 1.0)",2.911291110131018,42.096524686749284,1.224018890055397,59.352521125596965,14.056761993650312,False,False,True,False,False,6.700404664514977,0.0,0.0,0.0,0.0,0,0.9948493630623261,0.9166807704319939,False,False,False,False,0.22038746481740146,0.267325128902135,False,False,False,False,1831338,1728475.8245008604,False,False,False,False,47936.977158114765,False,False,False,False
2024-11-01 00:00:00+00:00,48.39,48.58,45.82,45.82,65620,,,,,,,,,,,45.08711921627174,43.870302044141184,41.71765689149918,41.36208670323692,40.806860014338916,39.63806784217447,42.13330824942206,43.36078765112408,43.752731702520315,43.73989488273757,43.43251567873803,42.68831351830285,42.59343085210024,42.41616670689317,42.06577964840327,41.764696940101835,40.66026760590152,40.28500286013007,39.88007884356217,39.579046291700195,40.198597439478945,,,,,,,,45.31732150729999,43.97071266964211,42.717778101180095,41.88239679643169,41.814552232898144,41.1003952749028,40.05444574707301,39.11560775542505,39.844506540071585,42.92956578077995,43.09097639609412,43.6006969566611,43.89249240342423,43.80005009119884,43.59439365295632,42.85524476572743,42.70279281166874,42.52866031089625,42.20598393175128,41.55735772246891,,,42.13330824942206,42.04170570716499,42.42879657242757,"rgba(0, 255, 0, 1.0)",2.914208053069745,42.1707572185334,2.1341107663591217,63.507966986035605,14.056761993650312,True,False,True,False,True,12.458551019453537,0.0,0.0,0.0,0.0,0,0.9945321574025984,0.8736782125046013,False,False,False,False,0.3428282431356285,0.3050766860188817,False,False,False,False,1896958,1735082.9686380816,False,False,False,False,48630.42903426713,False,False,False,False
2024-11-04 00:00:00+00:00,48.04,48.8,47.495,47.9,51127,,,,,,,,,,,45.22942148889316,43.966714823575266,41.78444471044857,41.42552129678939,40.865622333250265,39.67495924175374,42.15319746208952,43.37317728697765,43.76283038078413,43.74898128289317,43.441691280233066,42.698015204385605,42.60308810609554,42.42576007223021,42.07550729511036,41.77462217001619,40.671007491454795,40.295807718946946,39.89094885065079,39.5892221790591,40.20739134128858,,,,,,,,45.497506912216885,44.08600017703067,42.788302270877864,41.95024621479438,41.88216028146873,41.16205717197624,40.10852052288105,39.15791764912771,39.878910445351856,42.94498380057931,43.10472250798126,43.61179968725432,43.90185822533144,43.80941374511399,43.603524200547426,42.864911696461554,42.71250783650823,42.53834321293236,42.215640223091526,41.56746803164114,,,42.15319746208952,42.072527033781874,42.469339740658405,"rgba(0, 255, 255, 0.75)",2.911422673192947,42.23230931426589,1.99479475763127,65.04901097352852,10.15896280404155,True,False,True,False,True,11.504476119322614,0.0,0.0,0.0,0.0,0,1.0189807168551521,0.886416446706307,False,False,False,False,0.3428282445580309,0.32395246528845634,False,False,False,False,1845831,1739426.0286914902,False,False,False,False,48728.33377802136,False,False,False,False
2024-11-05 00:00:00+00:00,49.49,49.92,48.26,48.26,63998,,,,,,,,,,,45.45155480955604,44.11214904995166,41.88045251452616,41.51619031737937,40.94894101706999,39.72671306016006,42.1825181852361,43.39221227993481,43.77862013054002,43.7631867255645,43.455848241915604,42.71259413684299,42.6175589289847,42.44006199446068,42.08987422690571,41.78917415027829,40.68640956971225,40.31120839463437,39.90634945087243,39.603582686086256,40.21991583353434,,,,,,,,45.775777295721085,44.25900508564061,42.89192438987712,42.048074101258834,41.97951133966966,41.24983505459955,40.18445518754936,39.21682753571778,39.92733476567661,42.968279186032255,43.12562025758414,43.62903509642358,43.91660379237795,43.82409131333692,43.617706959606004,42.87951547329912,42.72711325091553,42.55282467662507,42.22995364418094,41.58222204406822,,,42.1825181852361,42.1182599935306,42.52928552250801,"rgba(0, 255, 0, 1.0)",2.951341231213879,42.32332052647824,2.428278844115265,68.09078083591245,13.032412137128858,True,False,True,False,True,14.303568508400677,0.0,0.0,0.0,0.0,0,1.018902033498576,0.8803037062713219,False,False,False,False,0.34282824565669345,0.3333903554725749,False,False,False,False,1909829,1746108.498154569,False,False,False,False,49327.144218098954,False,False,False,False
2024-11-06 00:00:00+00:00,50.49,50.8,49.8,50.34,54137,,,,,,,,,,,45.672261307140495,44.25510531385967,41.97206483451092,41.602362320606105,41.02766880913753,39.775259536750546,42.21111715499677,43.411346993417396,43.794687553538076,43.777642825760964,43.47012626121113,42.727026425034616,42.631854762812615,42.45413868498249,42.10391746222588,41.803320460064114,40.70112927366895,40.3258558114358,39.920926627362974,39.617132734533506,40.23182142736429,,,,,,,,46.04839068356638,44.42808324129122,42.992329597004456,42.141621968568515,42.07251507544805,41.33301376910024,40.25568637323067,39.27174091336052,39.97288317306937,42.991417545272164,43.1464710656697,43.64648661596722,43.931679575575295,43.83905376130125,43.63207716783743,42.89402736064647,42.741576328324165,42.56711110550692,42.243982345633114,41.59651380395708,,,42.21111715499677,42.16274725765252,42.58733307351651,"rgba(0, 255, 0, 1.0)",3.02611506066117,42.4113913145984,2.6696303754016957,71.20127097121758,15.907315746335456,True,False,True,False,True,16.12988046473834,0.0,0.0,0.0,0.0,0,1.040442535528329,0.8675460131852246,False,False,False,False,0.3428282467530884,0.33810930111283166,False,False,False,False,1963966,1754651.9295994877,False,False,False,False,49515.766013467626,False,False,False,False
2024-11-07 00:00:00+00:00,51.18,51.69,50.42,50.48,73987,,,,,,,,,,,45.98610010017242,44.46244947282588,42.10478060825106,41.72708475694379,41.14144410811471,39.84543982908357,42.25336741277074,43.44006910680188,43.81895730358453,43.79948590714397,43.49161009035681,42.74854837520271,42.65315228733865,42.47507232977546,42.12473011671693,41.82422818679682,40.72269519604043,40.34726246536071,39.94217755485986,39.63685593180651,40.249221675823335,,,,,,,,46.4275823197375,44.67130824243405,43.1384896050906,42.277222239802704,42.20728443299685,41.45330029655484,40.35838538540595,39.350824219060335,40.03884157640098,43.025929189799015,43.17764948159924,43.6727792147222,43.954505653822544,43.8616780184509,43.65374649227777,42.915707702997736,42.763147411308935,42.588380136540295,42.26480135668556,41.61759829480334,,,42.25336741277074,42.22727555699738,42.670958063524566,"rgba(0, 255, 0, 1.0)",3.098853737511097,42.538016579928424,2.7887677677270912,73.93071651241556,18.39276005000079,True,False,True,False,True,17.35118839724045,0.0,0.0,0.0,0.0,0,1.0765587360007878,0.8485648950600202,False,False,False,False,0.3428282473082081,0.3404687742105199,False,False,False,False,2037953,1765761.7754975471,False,False,False,False,50475.4222482336,False,False,False,False
2024-11-08 00:00:00+00:00,51.45,53.86,50.41,51.7,83814,,,,,,,,,,51.90666666666667,46.35027380385716,44.70954042874589,42.263665279584735,41.87634950493306,41.27750146926599,39.92954609189182,42.305086272842644,43.47576265727456,43.849294767757726,43.826802463753495,43.518378256443526,42.77514821258017,42.67945155227025,42.50088068328052,42.15030913366918,41.849858623695006,40.74891677650027,40.37322937680872,39.967894679288555,39.66069051827997,40.27033269654663,,,,,,,,46.85723662649159,44.958394622411824,43.31403855201547,42.43961574762048,42.36864749143888,41.59718108239825,40.480999489768564,39.44523368219846,40.118026493818846,43.06855961790025,43.21625750843127,43.70556609032351,43.98310115365507,43.88998777700614,43.680797434289154,42.94254762725085,42.78981151588835,42.61462797000085,42.29041974909871,41.643401829986594,,51.90666666666667,42.305086272842644,42.9167278350555,42.770222603099654,"rgba(0, 255, 0, 1.0)",3.168965972258672,43.097929154477825,2.635582369339631,75.99870811231841,20.272805836692243,True,False,True,False,True,17.82480456104342,-1.0,53.86,50.41,0.0,0,1.0801516934916442,0.7862986102381678,False,False,False,False,0.342828247975593,0.3416485110930565,False,False,False,False,2121767,1779722.764693722,False,False,False,False,51782.81745418522,False,True,False,False
2024-11-11 00:00:00+00:00,50.14,51.57,49.86,51.5,154167,,,,,,,,,,51.010526428580434,46.77442876706909,45.044070237156824,42.502804178699975,42.103444988348926,41.48755947474772,40.063707574830836,42.385285149471564,43.529992752319274,43.895027916671175,43.868049951602124,43.559126425316045,42.816323203882895,42.72024386663998,42.541057614745505,42.1903895582473,41.89022617572665,40.79088877089098,40.4149969637909,40.00946330865281,39.69936558760015,40.304372531383706,,,,,,,,47.31937580436128,45.336919607210746,43.57010362663609,42.682828483601504,42.61077915875409,41.81758909919105,40.67336741378703,39.59636147814541,40.244181206333614,43.13380685484437,43.275224883335184,43.755138815252984,44.02607630634034,43.93264732065925,43.72180426084607,42.983946275784504,42.831072773471,42.65539351793766,42.33046046949589,41.68417635001962,,51.010526428580434,42.385285149471564,42.97988066536955,42.90906268530038,"rgba(0, 255, 0, 1.0)",3.1986087910524823,43.25811785837125,2.151523550138281,73.05720485344523,20.272805836692243,True,False,True,False,True,14.196807527605944,0.0,0.0,0.0,0.0,0,1.066388111398501,0.8256835253765887,False,False,False,False,0.2538275191514421,0.2977380151222493,False,False,False,False,1967600,1787090.4994116153,False,False,False,False,55797.88343637403,False,False,False,False
2024-11-12 00:00:00+00:00,50.04,50.89,49.55,49.69,100785,,,,,,,,,,50.7574895060307,46.9853727727115,45.229537557797165,42.64504314968944,42.23943422430819,41.614481255255434,40.14660904927902,42.43457031446557,43.56317762798512,43.92296781730497,43.893284300270196,43.58413334616996,42.84174729337206,42.74545175579312,42.565920368424,42.21525147459548,41.91531140258704,40.81711610768589,40.44114196177693,40.03552881980638,39.72365675766145,40.32571691629491,,,,,,,,47.5356455827052,45.54225716254811,43.71964852842436,42.82705922532541,42.75452710011004,41.95011616647394,40.79069759428059,39.689738728018185,40.322155779629384,43.17378055603738,43.311355657945754,43.78543970170047,44.0523127840008,43.95871902792789,43.7469294634336,43.00947413547923,42.856546816256994,42.68059692796906,42.35527524759083,41.70954304660805,,50.7574895060307,42.43457031446557,43.02967850526541,42.98859096162327,"rgba(0, 255, 0, 1.0)",3.218872070369594,43.36163487695102,2.0747531983407344,70.7961861086078,20.272805836692243,True,False,True,False,False,13.926078608098216,0.0,0.0,0.0,0.0,0,1.0677159116500374,0.8314920436159661,False,False,False,False,0.2237691763758646,0.26075359574905693,False,False,False,False,1866815,1790216.9504150813,False,False,False,False,57562.08408592799,False,False,False,False
2024-11-13 00:00:00+00:00,49.84,51.19,49.51,49.85,307992,,,,,,,,,,50.48248378837216,47.49635306200348,45.72328127866228,43.04979990131245,42.62893378424529,41.981164070653485,40.392209155404196,42.581763627618486,43.66286190221365,44.00709547796114,43.96940167671373,43.65962087163535,42.91857138990259,42.82164249728931,42.6411010049622,42.29046440044698,41.991219337326136,40.896532391439756,40.520339563395694,40.11451578873537,39.79733559478867,40.3905061937441,,,,,,,,48.034761268221054,46.07617698491937,44.13860941218112,43.236367706972345,43.16285005558309,42.33114919299347,41.13264766457158,39.965657655262795,40.553488411563826,43.29350858255775,43.4197714207938,43.87657068065908,44.13137470766205,44.0373091929127,43.82274506052489,43.08658711750037,42.93351800921357,42.75678152231125,42.430333889504894,41.786310728375454,,50.48248378837216,42.581763627618486,43.19146774851469,43.21032596321423,"rgba(0, 255, 255, 0.75)",3.2242291515371018,43.66719194630528,1.914506619590587,68.65629321372433,24.9016392783967,True,False,True,False,False,13.378638558422278,0.0,0.0,0.0,0.0,0,1.0684124822218242,0.8318648335391928,False,False,False,False,0.2316227699100387,0.2461881828295478,False,False,False,False,1558823,1781142.677849784,False,False,False,False,67382.8651021661,False,False,False,False
2024-11-14 00:00:00+00:00,47.46,50.46,47.29,49.84,107020,,,,,,,,,,50.18728986960794,47.54410781848097,45.8130507108619,43.14789510619024,42.725705393643054,42.075294819087794,40.459774106062305,42.619953638465475,43.68754824134602,44.02753886493394,43.987977633692374,43.67841073108455,42.93845114877344,42.841448422047925,42.66080332493615,42.310456955127684,42.011618089897155,40.9185922242445,40.542551949989104,40.13688088224827,39.818355348745754,40.40877029660664,,,,,,,,48.05744639589537,46.165689914812845,44.232593840877094,43.33441386456559,43.26110547331834,42.42729008727234,41.22350684811988,40.04207506924748,40.61697976418071,43.323671434724304,43.446955293976686,43.898876761075165,44.15044163109222,44.056390049576905,43.841426578453984,43.106380867359256,42.95342141064053,42.77664333865896,42.4501767577432,41.80708348791792,,50.18728986960794,42.619953638465475,43.215767496536046,43.25862844347544,"rgba(38, 166, 154, 1.0)",3.210059515038644,43.71961738453682,1.1652066255906022,61.379460493515865,18.147376389968457,True,False,True,False,False,7.231585332635056,0.0,0.0,0.0,0.0,0,1.0305622931400633,0.8420539105008238,False,False,False,False,0.14390997901758532,0.19504908092356654,False,False,False,False,1451803,1768227.3963654786,False,False,False,False,68937.26254913998,False,False,False,False
2024-11-15 00:00:00+00:00,46.83,47.58,46.5,47.41,83260,,,,,,,,,,49.86726669916221,47.52151614089265,45.84243388605461,43.20161485856442,42.78033050776875,42.1304801309634,40.50221213721095,42.64204203416686,43.70079315151785,44.03814569260451,43.997665571311835,43.68852293939651,42.949787513182535,42.852814254967186,42.67223581008904,42.322282859351944,42.023859748461284,40.93239554037062,40.5566112295626,40.15119477910196,39.83191908471193,40.42038477785748,,,,,,,,48.00775457311908,46.189059427524185,44.278735460290356,43.38730420950664,43.31442815111881,42.48256560218689,41.27883751512348,40.09054750509227,40.656706323617165,43.34034021338407,43.461842801125265,43.91060526222239,44.16019828092604,44.06626285315755,43.85132196822039,43.11753900866033,42.96475988587277,42.788087449388094,42.46182831252342,41.81966227435512,,49.86726669916221,42.64204203416686,43.218710274235086,43.28141935387071,"rgba(38, 166, 154, 0.5)",3.1405922549276846,43.73384056641949,0.9858520884787072,55.3803170674025,12.823059635421572,False,True,True,False,False,5.715189939852607,0.0,0.0,0.0,0.0,0,1.056243820888413,0.8801342443818068,False,False,False,False,0.037640848119489895,0.11634496452152822,False,False,False,False,1368543,1752553.4984687932,False,False,False,False,69498.93852760509,False,False,False,False
2024-11-18 00:00:00+00:00,46.98,47.44,46.52,46.91,58858,,,,,,,,,,49.67758090596826,47.506860009506326,45.862497174862746,43.23878660577687,42.81819547694462,42.16882587176757,40.53192594296632,42.65755763483861,43.71012035661902,44.04562324981924,44.0044991721406,43.69565570809547,42.95778284476276,42.860830708658995,42.68029983008751,42.330624562683234,42.03249461555703,40.942131522276995,40.56652837685577,40.16129219086159,39.84148992503837,40.428582985489506,,,,,,,,47.97559366609531,46.204978184904625,44.31054412463484,43.42387614402909,43.351307792907534,42.520921486990055,41.31738086509376,40.124455547426734,40.684535323631714,43.3520642364161,43.47232114742388,43.91886937483908,44.16707919647968,44.07322574236361,43.85830182575201,43.12540846999042,42.97275662999809,42.79615913986791,42.470047020288014,41.82853472337015,,49.67758090596826,42.65755763483861,43.22250563805248,43.29741803212512,"rgba(38, 166, 154, 1.0)",3.0318450244450665,43.7455164249402,1.0668367113031516,51.73753555506468,9.74573003303253,False,True,False,False,False,6.024215977064113,0.0,0.0,0.0,0.0,0,1.0545203285916407,0.8558095008296265,False,False,False,False,0.02527631434886701,0.07081063943519761,False,False,False,False,1427401,1739802.420097468,False,False,False,False,69081.64682064019,False,False,False,False
2024-11-19 00:00:00+00:00,47.56,47.84,46.57,46.67,46896,,,,,,,,,,49.56047682132787,47.50298590194007,45.88274119767888,43.27055461083183,42.85032854234845,42.201096568256666,40.55665669268436,42.67081635246477,43.71829038298737,44.05224786683452,44.01054724422779,43.70190854468029,42.964672411642255,42.86772620391364,42.68721470796827,42.337738808788544,42.039829012946385,40.95030623397551,40.57482994860771,40.169720124281284,39.84946319481544,40.43544192764285,,,,,,,,47.95972666715081,46.22262906084245,44.338548228836395,43.45524897616101,43.382895618046525,42.553334228548096,41.34955931575687,40.15257542127724,40.70773349630934,43.362230521589204,43.48143817600125,43.92615709789336,44.173203918093094,44.07940222233177,43.86445008100307,43.13221211149876,42.979649343083786,42.803094100605925,42.47707091569457,41.836051868321874,,49.56047682132787,42.67081635246477,43.22853440891932,43.31186056845226,"rgba(38, 166, 154, 1.0)",2.9014336499781077,43.75899333905197,1.3100443158425192,50.68656423528017,8.952564747417611,False,True,False,False,False,7.217071994968553,0.0,0.0,0.0,0.0,0,1.0547493559037837,0.8591262271583306,False,False,False,False,0.02562768247390021,0.04821916095454891,False,False,False,False,1474297,1729390.4428387438,False,False,False,False,68211.6214551249,False,False,False,False
2024-11-20 00:00:00+00:00,48.05,48.06,47.09,47.54,65615,,,,,,,,,,49.44158829718557,47.509594083775724,45.9179404365044,43.318596297493954,42.89857728173985,42.24913640681275,40.59303655862409,42.69086514233227,43.73095277077411,44.06262809934886,44.020015301706266,43.711607571884656,42.975178928656206,42.87822291931889,42.69770779938186,42.348474605934726,42.050850631296505,40.96244244481421,40.587114592760365,40.182152853273806,39.86120101795921,40.445585694344025,,,,,,,,47.95227473235629,46.25526884189778,44.38213160219195,43.502870662288586,43.43076990366353,42.60179289433449,41.39705832915937,40.19378151347534,40.74191545261462,43.377831022821894,43.495475751753844,43.93752589782318,44.18284376112816,44.08909208786658,43.87403130076611,43.1426221913278,42.99016361894898,42.81363851091325,42.48769295658007,41.84731838950241,,49.44158829718557,42.69086514233227,43.24133415118096,43.33480497107071,"rgba(0, 255, 255, 0.75)",2.778127037742858,43.78407289909002,1.5355406872883357,51.09421947461081,8.952564747417611,False,True,False,False,False,8.212768160083495,0.0,0.0,0.0,0.0,0,1.0524272668288983,0.85998029971455,False,False,False,False,0.03782384883735639,0.04302150489595265,False,False,False,False,1539912,1721959.9156685972,False,False,False,False,68109.79316276706,False,False,False,False
2024-11-21 00:00:00+00:00,48.52,48.54,47.865,48.24,268089,,,,,,,,,,49.203582702178466,47.59339401367594,46.0903114547478,43.52881571157052,43.10850216715014,42.456747346214634,40.74959019673308,42.78031243675626,43.78918426615429,44.110987597567124,44.064118091827744,43.75635271294809,43.022759573621116,42.925667830395184,42.74497489354259,42.396535344295756,42.099954957155475,41.01575341904315,40.64087562477906,40.236364486834574,39.91227496364457,40.48998668289488,,,,,,,,47.994483543075766,46.42180444738206,44.57781483438421,43.71192072087875,43.64063859697863,42.8118803618127,41.60096667134022,40.37008041064461,40.889394777481556,43.448695292422194,43.55953315406363,43.99021035516505,44.22798539111575,44.134317996119655,43.918449815783354,43.1899373313404,43.037793556984475,42.861237223171514,42.53535870756327,41.89736074717273,,49.203582702178466,42.78031243675626,43.31573924135954,43.44099319674403,"rgba(0, 255, 255, 0.75)",2.6442519676590104,43.91638265528228,1.7409904203620077,52.38988066045956,8.952564747417611,False,True,False,False,False,9.159389006136479,0.0,0.0,0.0,0.0,0,1.066297582063705,0.8626288234908104,False,False,False,False,0.07761839940206745,0.06031995214901005,False,False,False,False,1808001,1725334.0758384562,False,False,False,False,75952.11499952129,False,False,False,False
2024-11-22 00:00:00+00:00,49.03,49.28,48.27,48.6,53040,,,,,,,,,,49.18987594544262,47.619150246882015,46.129269602727746,43.57288524173852,43.15232195110961,42.49986213041847,40.782019517206535,42.799405093467065,43.80191494523553,44.121665407648976,44.07385653003689,43.7661626648885,43.03304476482039,42.93590847411204,42.755150191252376,42.40683095317929,42.1104339722565,41.02700011065612,40.652182275199564,40.24773154572277,39.922965710797676,40.49932748209117,,,,,,,,48.01431768443375,46.460315306800375,44.61962765994304,43.7558508984461,43.68469461439643,42.855614476199996,41.64309288787967,40.40641751972327,40.92001336203065,43.46403897034403,43.573453911170034,44.00179602381843,44.23799131099882,44.14431850097168,43.92822368797044,43.200193758416084,43.048091751584266,42.87150069161301,42.54558911737563,41.908013710811616,,49.18987594544262,42.799405093467065,43.33383357820008,43.46415779224636,"rgba(0, 255, 255, 0.75)",2.663248723977138,43.947207098279776,1.908493508683591,54.31668255380694,8.952564747417611,False,True,True,False,False,10.176714440483039,0.0,0.0,0.0,0.0,0,1.055414517226597,0.8507894162288102,False,False,False,False,0.11472841637533027,0.08752418426217015,False,False,False,False,1861041,1730655.916001654,False,False,False,False,75053.60068581457,False,False,False,False
2024-11-25 00:00:00+00:00,49.6,49.88,48.85,49.28,66085,,,,,,,,,,49.20187757875049,47.664225934160335,46.186349392401375,43.63273125698231,43.21147892487344,42.55762827379226,40.824955357381036,42.82529994559725,43.81950653372206,44.1365319885246,44.08740701395494,43.77972638164799,43.04708677757059,42.94986994515863,42.76898766959498,42.42076835441763,42.124569368805176,41.04200803837448,40.66722442105887,40.26280888085389,39.9371172112968,40.51174646108829,,,,,,,,48.05398640188511,46.517886634407546,44.677606905688236,43.81568435765404,43.7446272672253,42.914436390689914,41.69908825966319,40.45435294750053,40.96061357476151,43.48508863581579,43.592599048554526,44.017878260608185,44.251963628251616,44.15825354540498,43.94178145094726,43.21423265473663,43.06215461571095,42.885480252339164,42.55946271868604,41.92235111376927,,49.20187757875049,42.82529994559725,43.36055210188111,43.496476433214994,"rgba(0, 255, 0, 1.0)",2.6916718405662663,43.99200118107532,2.0834630486548797,56.71825373052032,8.952564747417611,False,True,True,False,True,11.299222294849415,0.0,0.0,0.0,0.0,0,1.0579188242146103,0.8512477443214186,False,False,False,False,0.15330612341153804,0.1204151538368541,False,False,False,False,1927126,1738360.6251780598,False,False,False,False,74701.89085499832,False,False,False,False
2024-11-26 00:00:00+00:00,48.86,50.2,48.86,49.6,53132,,,,,,,,,,49.20572064504209,47.69622029722912,46.22896815658279,43.678858399246906,43.2572145679551,42.60247147983536,40.858625540663944,42.84554642868563,43.833228937638296,44.148118270823595,44.09797530411412,43.790322611658134,43.058091676000764,42.960816189105316,42.77984451979197,42.43171668183253,42.135683211922,41.05383991970239,40.67909319857273,40.274715248667185,39.9483013369328,40.521553873301585,,,,,,,,48.08133395484055,46.56049852090331,44.72191275437758,43.861738580834874,43.7907815651661,42.9599984311329,41.742744313258584,40.491945190103046,40.9924550996477,43.50151955137222,43.60754386521759,44.030415547614055,44.2628487136426,44.16911586612494,43.95236399471617,43.22522751104668,43.07317512006511,42.896443354438226,42.57035596950982,41.933630058614966,,49.20572064504209,42.84554642868563,43.38085356425349,43.521302398131354,"rgba(0, 255, 255, 0.75)",2.707859431858087,44.025966313986686,1.7851863465070201,56.213999529842724,8.952564747417611,False,True,True,False,True,9.363932733057581,0.0,0.0,0.0,0.0,0,1.0565493856004446,0.8468294962302513,False,False,False,False,0.16417143149459112,0.1422932926657226,False,False,False,False,1873994,1743679.58105343,False,False,False,False,73856.0127822533,False,False,False,False
2024-11-27 00:00:00+00:00,49.36,49.71,48.24,48.61,53995,,,,,,,,,,49.20204178278727,47.72353501729077,46.26831906186599,43.72330657882789,43.30145644996411,42.646072880561874,40.891752847448124,42.86534913978722,43.84658864146892,44.15937764367215,44.108253942851995,43.800654015782264,43.06887311331758,42.97154647345444,42.7904982593943,42.4424792143213,42.14662313507017,41.065533928881564,40.69083791419063,40.286511255858535,39.95939344451368,40.53126803611167,,,,,,,,48.103515734903276,46.599379765127324,44.764119003309055,43.906037611859574,43.835206996308095,43.00417763194006,41.785420211181645,40.52894860336039,41.02378055686015,43.51754105246526,43.62211253484096,44.042607060581986,44.27341866609516,44.179672725188574,43.96266895378941,43.23598814220141,43.08397082095195,42.90719405420388,42.58105711416254,41.94474182720153,,49.20204178278727,42.86534913978722,43.39998056483985,43.545077953326604,"rgba(0, 255, 255, 0.75)",2.725653392200578,44.05793310510789,1.9452461967702506,56.936375331066074,8.952564747417611,False,True,True,False,True,10.363312092345357,0.0,0.0,0.0,0.0,0,1.0411188775896438,0.8693696535365514,False,False,False,False,0.12776191583721597,0.13502760425146929,False,False,False,False,1927989,1750907.4014042758,False,False,False,False,73077.14953589042,False,False,False,False
2024-11-29 00:00:00+00:00,49.87,50.205,49.675,49.73,34007,,,,,,,,,,49.21785578594723,47.75002427445201,46.29950761065368,43.75510472975339,43.33283691155214,42.67665611959584,40.91453375691497,42.87937482924952,43.85626459615829,44.16760505918401,44.115756535511544,43.80813519827506,43.0765562910829,42.97917923752599,42.798051887356976,42.45006535914609,42.15429916947014,41.07362509883263,40.69893168236602,40.29460827307227,39.96698582793845,40.537954338587134,,,,,,,,48.127966812873915,46.631021294650274,44.79519118062235,43.937861990082915,43.86706875631844,43.03534501210972,41.81500435542361,40.55428644815384,41.04535958719043,43.52904715793311,43.63260421579915,44.051484670325294,44.2811691929343,44.18739296486467,43.970161576725566,43.24368184238019,43.0916663695801,42.914832223847725,42.5886171221453,41.9525156791755,,49.21785578594723,42.87937482924952,43.41494862030504,43.562613922656816,"rgba(0, 255, 0, 1.0)",2.7361640933880516,44.08264577127174,2.115134191956328,58.440140940207534,8.952564747417611,False,False,True,False,True,11.371664826576222,0.0,0.0,0.0,0.0,0,1.0490898091271963,0.8815199403342435,False,False,False,False,0.19134305300329874,0.163185328627384,False,False,False,False,1961996,1759185.3856629317,False,False,False,False,71544.98680899276,False,False,False,False
2024-12-02 00:00:00+00:00,48.81,49.88,48.615,49.88,44732,,,,,,,,,,49.214569403141894,47.77116263335807,46.330666750812576,43.7909702394299,43.368609629242805,42.71201032605958,40.94162757613853,42.895612342369496,43.86723995354407,44.17686235990324,44.12421343332093,43.816638726474004,43.085435305206346,42.988017209111455,42.80682864413932,42.45893393566583,42.163315290752315,41.083266722560154,40.7086170287733,40.30433781934655,39.97613845391508,40.545971831349874,,,,,,,,48.144937639569406,46.6616352780811,44.82908264045506,43.973576577864904,43.90289593348016,43.07111124096903,41.84971055410788,40.58452448038873,41.070992101988246,43.542196110069,43.644568641381426,44.06150431271718,44.289862000624744,44.19607632203745,43.978641690556145,43.25254228740727,43.10055692843695,42.923687465013145,42.597434350455,41.96167410485456,,49.214569403141894,42.895612342369496,43.43044676646752,43.58186053302287,"rgba(0, 255, 255, 0.75)",2.738190248656575,44.1083850026226,1.7170519833982083,56.48968081836593,8.952564747417611,False,True,True,False,True,8.605501275195131,0.0,0.0,0.0,0.0,0,1.0166963397476556,0.9101308083848721,False,False,False,False,0.14559069008779366,0.15438800935758884,False,False,False,False,1917264,1765384.5470094834,False,False,False,False,70493.49713020874,False,False,False,False
2024-12-03 00:00:00+00:00,49.53,49.8648,48.29,48.48,56600,,,,,,,,,,49.21504267783091,47.79943669047977,46.37087001612665,43.836733065438864,43.4142280492714,42.75706607631949,40.97618172442444,42.91645347848217,43.88139586029348,44.18882591523355,44.13514415595625,43.82761608507452,43.09686823122449,42.99939432662665,42.81812167114397,42.470334848579064,42.17489757443864,41.09562535168881,40.721024446531516,40.31679469910333,39.9878534418393,40.55624477691612,,,,,,,,48.1683132408853,46.70125530260344,44.87245722059239,44.01916315014839,43.948618683771386,43.11670423206715,41.89391219744304,40.62304398829971,41.10370006689393,43.55912184051788,43.659982043587846,44.0744424842929,44.30110450804586,44.20730202644064,43.98959577661146,43.26395701602934,43.11200516850922,42.935084720971965,42.608773241302934,41.97343368698691,,49.21504267783091,42.91645347848217,43.450602747213395,43.60659852980009,"rgba(0, 255, 255, 0.75)",2.7515256570567472,44.141683980273875,1.958301208606538,56.72619939865412,8.952564747417611,False,True,True,False,True,10.047298996360663,0.0,0.0,0.0,0.0,0,1.0099212072692858,0.9173081473174495,False,False,False,False,0.13445154013272273,0.14441977474515577,False,False,False,False,1973864,1773560.211832641,False,False,False,False,69948.65410549467,False,False,False,False
2024-12-04 00:00:00+00:00,50.02,50.5255,49.77,49.99,134029,,,,,,,,,,49.282364697438915,47.900729282423086,46.48965856917397,43.9592230951882,43.53534473731326,42.87544006612267,41.065442222644066,42.97204360602146,43.92006981396329,44.22182142273899,44.16526694210331,43.85762576583028,43.12762026759321,43.02994023062498,42.84834254478921,42.50066307281945,42.20556466516716,41.12788106141978,40.75327531904738,40.34904344249726,40.01809801956995,40.582924543366744,,,,,,,,48.26246734052102,46.821293631963506,44.991841975227935,44.141673533978576,44.07129505192293,43.237133677568075,42.00876495469673,40.72206056307004,41.188364290520674,43.60494087826485,43.701838714120825,44.10999240016016,44.33222568210428,44.23829373861096,44.01966530241768,43.29476265737963,43.142807197931134,42.9656476867667,42.63900630707779,42.00447681178453,,49.282364697438915,42.97204360602146,43.50936804124599,43.67492761980441,"rgba(0, 255, 0, 1.0)",2.775740550484453,44.23759953510721,2.083191984165662,57.85200681411948,8.952564747417611,False,True,True,False,True,11.012252896988777,0.0,0.0,0.0,0.0,0,1.0355002520546888,0.8757716658318528,False,False,False,False,0.20521594827541223,0.174817861510284,False,False,False,False,2107893,1786671.3015646941,False,False,False,False,72461.60884645567,False,False,False,False
2024-12-05 00:00:00+00:00,49.6,50.3,49.59,50.22,56549,,,,,,,,,,49.2992995809329,47.935837805077675,46.53389629539941,44.0072293193589,43.58305488742154,42.92239001820862,41.101450723104726,42.994346064200776,43.93552365223433,44.23498666670068,44.17730069821841,43.86964755887899,43.14000575746462,43.04225123837219,42.860537522200715,42.512926478032725,42.217984347239344,41.14100606912409,40.7664176658672,40.36220409346711,40.03045789986908,40.593812504836286,,,,,,,,48.29397150051434,46.86540326830157,45.037970323246704,44.189578267742576,44.11930582472532,43.28472253365068,42.05465071940431,40.76201264237669,41.222521999128745,43.623270603404784,43.71858418264753,44.12418340247914,44.34463521925431,44.250663447540695,44.03169395167173,43.3071552037429,43.15521141735295,42.977970695037556,42.65122167388954,42.0170609335168,,49.2992995809329,42.994346064200776,43.531914822075244,43.701589390481445,"rgba(0, 255, 255, 0.75)",2.7894334081922216,44.274251010554096,1.9092583367664695,57.397802568355104,8.952564747417611,False,True,True,False,True,9.908962045326124,0.0,0.0,0.0,0.0,1,1.037704625102826,0.8759201992282641,False,False,False,False,0.1916760636956168,0.1832469626029504,False,False,False,False,2051344,1797050.623071961,False,False,False,False,71837.58497012408,False,False,False,False
2024-12-06 00:00:00+00:00,49.21,50.16,49.12,49.69,36258,,,,,,,,,,49.30313680949115,47.953839589227364,46.558842623637325,44.03586039449837,43.6116548252495,42.95072458472394,41.12350756278456,43.0078761541238,43.94483193263128,44.242894494950136,44.18453621247187,43.876900587448525,43.14752852861079,43.04973487798442,42.86796138759116,42.52041071816213,42.22557853127282,41.14907868843311,40.774515079171834,40.370326800098745,40.038097408524145,40.60052868904375,,,,,,,,48.309272685467356,46.889907075541394,45.065061497387816,44.218081255461506,44.1478979608325,43.31334006040741,42.08254027133868,40.78651027520436,41.24343881268336,43.634338408951685,43.72868995544246,44.132715978319766,44.35208079029432,44.25809375934607,44.038938420262106,43.3146715496897,43.16274457797351,42.98546544599925,42.65866942990929,42.024764992366116,,49.30313680949115,43.0078761541238,43.544987019128136,43.71736116014394,"rgba(0, 255, 255, 0.75)",2.8088783436720237,44.29546763675428,1.7496422991467089,56.005366118498245,8.952564747417611,False,True,True,False,True,8.88937132392422,0.0,0.0,0.0,0.0,1,1.0283530678492978,0.8802842026279624,False,False,False,False,0.1714362176849019,0.17734159014392614,False,False,False,False,2015086,1805601.0300103156,False,False,False,False,70442.30712815843,False,False,False,False
2024-12-09 00:00:00+00:00,48.71,49.24,47.46,49.24,48963,,,,,,,,,,49.281822646786,47.9617554324302,46.58032879620013,44.06687278416911,43.64317856160095,42.982661613883494,41.14948028700718,43.02318136766502,43.9550371849321,44.25145618566563,44.192393534183154,43.88488155843208,43.15602097503798,43.05820834598851,42.876411644968314,42.5290084273287,42.23436416859607,41.15861756781636,40.7841417522078,40.38004147423413,40.04727663448964,40.608537367720075,,,,,,,,48.31198740753083,46.90953112047537,45.09277200537779,44.248696995794155,44.17871063542074,43.34522193094904,42.11470285851669,40.815501019014455,41.26802483150914,43.646612478023066,43.739861772098365,44.1419983014612,44.36010153648932,44.26613441534709,44.04685638842275,43.32311187706883,43.17124472293795,42.99396755498546,42.667195048583395,42.0337174065111,,49.281822646786,43.02318136766502,43.557493215456645,43.73379751532583,"rgba(0, 255, 255, 0.75)",2.815426615457624,44.31579708646918,1.5607591721287248,53.73856813859483,8.952564747417611,False,True,False,False,False,7.591925432777593,0.0,0.0,0.0,0.0,1,1.0127708959845387,0.8975112513472164,False,False,False,False,0.08715505650830326,0.1322483233261147,False,False,False,False,1966123,1811896.0092255974,False,False,False,False,69599.98135842672,False,False,False,False
2024-12-10 00:00:00+00:00,49.9,50.76,48.46,48.49,64486,,,,,,,,,,49.2956706447692,47.99630151061746,46.62594431176703,44.11834873711235,43.69455614753737,43.03351743899296,41.18913989299027,43.047755516821475,43.97207011334262,44.265969560626594,44.2056771083743,43.898174182962464,43.16975789339791,43.07186882028895,42.889954063842296,42.542643271503024,42.24818483291678,41.173261287777535,40.79881784629169,40.39475095005408,40.06110609925467,40.62071556842719,,,,,,,,48.34233697009271,46.95454749918411,45.14170143002361,44.299970054869455,44.230131301446704,43.396603390325566,42.164718262128645,40.859465723070144,41.30566788689339,43.666803448109484,43.758321234311765,44.157638891725576,44.37378186649239,44.279779022523876,44.06014514581124,43.336846840897536,43.18500135967824,43.00764470818558,42.68077034994932,42.047728350556454,,49.2956706447692,43.047755516821475,43.58161820659932,43.76248018681379,"rgba(0, 255, 255, 0.75)",2.8468778536343393,44.354678575720314,1.9478606773383333,55.02021083965766,8.952564747417611,False,True,True,False,False,10.03216026918404,0.0,0.0,0.0,0.0,1,1.0458854324508084,0.8577711758083182,False,False,False,False,0.1694531658335625,0.1508507445798386,False,False,False,False,2030609,1820472.9892559662,False,False,False,False,69399.43306986097,False,False,False,False
2024-12-11 00:00:00+00:00,49.75,50.8,49.47,50.07,42371,,,,,,,,,50.00666666666666,49.31057883074031,48.02211760427268,46.65804732024063,44.15345130932737,43.7295037862472,43.06799940429988,41.21590980521934,43.06452702480037,43.98378952202589,44.27598722079723,44.21484448695722,43.907324598828524,43.17916530784152,43.08121848393125,42.89921333100759,42.551947962149114,42.257602146365485,41.183193071928294,40.80875850267689,40.40470124799582,40.07045326308955,40.62896322923966,,,,,,,,48.365798432327445,46.986484451090355,45.1753657462388,44.334978572815054,44.26522244670302,43.431498200188166,42.19851704417338,40.88908866689078,41.33109597107166,43.68065231132694,43.77099669066354,44.16842089601717,44.38323609999364,44.289200662696935,44.06930480453225,43.34626289105199,43.194423120572765,43.01700217155444,42.69004128442415,42.05726603023434,,49.31057883074031,43.06452702480037,44.07859231931617,43.78224282472834,"rgba(0, 255, 255, 0.75)",2.877769093404665,44.68292501426518,1.7607649610761524,55.44545952742957,8.952564747417611,False,True,True,False,False,9.638062807902422,0.0,0.0,0.0,0.0,0,1.054884557309968,0.856675605807273,False,False,False,False,0.2043623481884491,0.17760654638414386,False,False,False,False,1988238,1827052.009285144,False,False,False,False,68339.49451810172,False,False,False,False
2024-12-12 00:00:00+00:00,49.97,50.2,49.14,49.45,34639,,,,,,,,,49.900214301173,49.31832137683733,48.04027647775348,46.68201949361478,44.18069101689902,43.75672147197537,43.09498375732503,41.237088249085744,43.07771268960031,43.99296142302824,44.28381374336333,44.22201211102596,43.91449540108844,43.186570891416686,43.088582715046826,42.90651359553265,42.559296538557795,42.26504937606807,41.191078557363234,40.81666053068906,40.4126203696036,40.07789998451106,40.63552517626489,,,,,,,,48.38179642538183,47.01009374187002,45.2012114135872,44.36210010476624,44.292425336599166,43.45873576111727,42.22510145904724,40.912538830884614,41.35120961977846,43.691507234990745,43.78092910113907,44.17684975783243,44.39061725850681,44.29656213487827,44.07647439266662,43.35366811356017,43.201839331453456,43.02437509288388,42.6973584187141,42.064814645936266,,49.31832137683733,43.07771268960031,44.08575318587222,43.7975104087797,"rgba(0, 255, 255, 0.75)",2.9137318753518824,44.69778389317129,1.8094376326895207,56.23617873290618,8.952564747417611,False,True,True,False,True,10.08830760506724,0.0,0.0,0.0,0.0,1,1.0646267835389993,0.8605025970177802,False,False,False,False,0.17342060572575355,0.17551357605494872,False,False,False,False,2022877,1834731.4206857267,False,False,False,False,67017.906497784,False,False,False,False
2024-12-13 00:00:00+00:00,50.25,50.56,49.7,50.02,87004,,,,,,,,,50.04332668755919,49.352908723342416,48.09443744302528,46.74822584297206,44.25277271969698,43.82849181304309,43.16581728779832,41.29229533051611,43.112569935624,44.0174573364802,44.30480004318513,44.241226109837264,43.93365453779483,43.20622428346838,43.10811149580765,42.92584634665142,42.578708648363275,42.28468339380397,41.21174159636592,40.83733098971442,40.43329991764699,40.09732370494292,40.652685503238544,,,,,,,,48.43154419103147,47.07600844305951,45.270437217101374,44.43399472144487,44.36448461749435,43.530399166477245,42.294555117518485,40.97353229142491,41.403689824416205,43.72038500585001,43.80738879515631,44.19941547733093,44.410439820531124,44.31631019097996,44.09566281007393,43.373347849678254,43.22152325606279,43.04391703569633,42.71670625536187,42.08469066837023,,49.352908723342416,43.112569935624,44.127031528252495,43.838421637753,"rgba(0, 255, 255, 0.75)",2.931222436624886,44.759863258727606,1.8729853704292512,57.41685308340929,8.952564747417611,False,True,True,False,True,10.663864200533691,0.0,0.0,0.0,0.0,1,1.0952356814621331,0.8333145888543744,False,False,False,False,0.1885212789933309,0.1820174275241398,False,False,False,False,2109881,1845521.6002666785,False,False,False,False,67801.67487041993,False,False,False,False
2024-12-16 00:00:00+00:00,49.52,50.51,49.28,50.25,101786,,,,,,,,,49.938658402307496,49.371826191649596,48.142848004470856,46.81387027702799,44.32937573780665,43.90527417194927,43.242275143834306,41.353150869814385,43.150630236822195,44.0440224571943,44.327501254866974,44.26204162489393,43.95449225094666,43.2277641898188,43.12953557797735,42.94709184317745,42.60010351836422,42.30637086407454,41.23472088495156,40.8603661960408,40.45639261133868,40.119054197852364,40.67184266001735,,,,,,,,48.473733249235615,47.14018582241966,45.342600294686484,44.51016718790416,44.44091972130423,43.60738432622268,42.37023380606347,41.04081660422495,41.46153354226829,43.751768939266064,43.83613849691562,44.223846112813504,44.431859705796654,44.337678309390576,44.11649032643148,43.39488090583583,43.24309323762767,43.06536822038831,42.738006546796036,42.10667597586782,,49.371826191649596,43.150630236822195,44.15709598489947,43.881669066572954,"rgba(0, 255, 255, 0.75)",2.93550015997093,44.8111695513097,1.6040981747849508,55.86032965740537,8.952564747417611,False,True,True,False,True,8.68973288629411,0.0,0.0,0.0,0.0,1,1.0686448120931256,0.8557477443710525,False,False,False,False,0.17113002405532185,0.17657372578973082,False,False,False,False,2008095,1851897.027707201,False,False,False,False,69134.39350295249,False,False,False,False
2024-12-17 00:00:00+00:00,49.57,50.01,48.4,49.2,48612,,,,,,,,,49.8440368794236,49.37086871164779,48.15896070778965,46.83967302863292,44.36229459660171,43.93852931725631,43.27573167912404,41.38039298296552,43.167447167384424,44.05564769822398,44.337398976365506,44.271131980409905,43.96363706124188,43.23730789647059,43.13903909753382,42.95653573350349,42.609647614149374,42.31607169735364,41.24508430327438,40.8707803846745,40.46685813501507,40.12892289160605,40.68051911268635,,,,,,,,48.4863828619286,47.16478234111515,45.372884273604996,44.542782225954156,44.47369294282981,43.64088824294179,42.403705975473336,41.07097542747029,41.48741877515784,43.7655472919289,43.848752922611915,44.23451185387553,44.44118474873412,44.346996505956604,44.125607696103906,43.404402204257345,43.252648464760725,43.074890653123724,42.74749554137737,42.11652674919769,,49.37086871164779,43.167447167384424,44.16701087570136,43.90010388492018,"rgba(0, 255, 255, 0.75)",2.937741039372699,44.82978741759213,1.6135569877936067,54.96099860938582,8.952564747417611,False,True,True,False,False,8.796363348421746,0.0,0.0,0.0,0.0,1,1.0560040260438635,0.859091600336758,False,False,False,False,0.11155372509722745,0.14406372544347915,False,False,False,False,2056707,1859928.7913265263,False,False,False,False,68329.59375773866,False,False,False,False
2024-12-18 00:00:00+00:00,46.99,49.73,46.89,49.55,109184,,,,,,,,,49.335218942892126,49.30264513439257,48.15038914642607,46.862900221923745,44.41343572265028,43.99195818839204,43.33178028838523,41.42981322949215,43.19603216189513,44.074408250108974,44.35303840419085,44.285581976660815,43.97851543349334,43.25353311776507,43.155278324863744,42.97281822782293,42.62635813932516,42.333255671481226,41.26408626654357,40.89006445408982,40.48642432061373,40.14751314583743,40.69667088669033,,,,,,,,48.466512881628525,47.18216154702051,45.41480111601922,44.592627918379684,44.52410289176767,43.69580966872792,42.462149640155225,41.12610739339785,41.5342525718579,43.78820557674016,43.869396945535506,44.251499176191196,44.45579375030581,44.36171386536506,44.14026690075574,43.42044362924623,43.26888006455188,43.091214276937116,42.7640120554044,42.134103980579575,,49.30264513439257,43.19603216189513,44.160055565139736,43.927202792528355,"rgba(38, 166, 154, 0.5)",2.907704069356978,44.83351505938398,0.7416452600325725,48.46584815413255,3.0351297147029825,False,True,False,True,False,2.2552435109076363,0.0,0.0,0.0,0.0,1,1.0291013345123592,0.8779494130624024,False,False,False,False,0.04425474370946843,0.0941592345764738,False,False,False,False,1947523,1863363.8583333292,False,False,False,False,69931.72733586657,False,False,False,False
2024-12-19 00:00:00+00:00,46.13,48.3,46.06,47.24,96694,,,,,,,,,48.869633134085475,49.20695794315784,48.11659029494358,46.862256236720924,44.44424024004435,44.0257090260924,43.36917146174841,41.465988909341924,43.21548999109512,44.08635893038996,44.36271197125405,44.29459746508244,43.98810131257449,43.26459189131093,43.166415185325135,42.984105034282265,42.63815106089267,42.3455434588124,41.27818867671078,40.90452261108367,40.501237538744746,40.16169522489884,40.70884945627799,,,,,,,,48.42108924030309,47.174639901993636,45.4355311132663,44.62192342826526,44.554019909182585,43.73144593904991,42.5031190701708,41.166776171156194,41.56844403890569,43.80300429512274,43.88279631159759,44.262125340848726,44.46471857710566,44.37081193152091,44.149560322099106,43.43125603450471,43.279932183766796,43.10245209048065,42.77558927611547,42.14677483600286,,49.20695794315784,43.21548999109512,44.14446624174744,43.942300500572934,#000000,2.8738947738515668,44.82194133281219,0.45515190016326423,42.85005837490571,-2.008023551078118,False,True,False,True,False,0.2570981798648404,0.0,0.0,0.0,0.0,0,1.0095972932703878,0.9003537339329029,False,False,False,False,-0.040220570352527546,0.026969332111973124,False,False,False,False,1850829,1862872.2952614338,False,False,False,False,70981.22822465612,False,False,False,False
2024-12-20 00:00:00+00:00,46.19,47.12,45.36,45.36,91216,,,,,,,,,48.47489476254798,49.10187411202381,48.07195087284452,46.85067244021347,44.46537975209757,44.05008969859209,43.39766294175645,41.49586392526948,43.23060651309926,44.09506606812596,44.3695416425521,44.30102280102843,43.99516741527635,43.2731971971817,43.17512991200212,42.99302199495818,42.64761409945521,42.35551387259191,41.289980217849894,40.916707488625775,40.51381480562983,40.173806634282016,40.71915957450377,,,,,,,,48.36501178697726,47.15585108205105,45.446268790787315,44.64146256378483,44.57420378842738,43.75789031633974,42.53574821723685,41.20055969010902,41.59662359988104,43.81406165688949,43.892746717895854,44.26972019313806,44.47093279144801,44.377231130304644,44.15629762258166,43.43958375425652,43.28852450044667,43.111276188159174,42.78482518800311,42.157125032233296,,49.10187411202381,43.23060651309926,44.12754788640462,43.95179723054755,#000000,2.8423976365604626,44.80597116144123,0.4869230190585015,39.29481625198076,-5.012162309255778,False,True,False,True,False,0.39446974667256995,0.0,0.0,0.0,0.0,0,1.0039790906156838,0.917355761649525,False,False,False,False,-0.15057319368321725,-0.061801930785622065,False,False,False,False,1942045,1865977.107211966,False,False,False,False,71774.74868643432,False,False,False,False
2024-12-23 00:00:00+00:00,45.95,46.61,45.81,46.16,49834,,,,,,,,,48.29769738712311,49.0456435076377,48.04716913672308,46.84353876097987,44.4760730884224,44.06258000135157,43.41244729716052,41.51168567075488,43.23852729418077,44.0995710217278,44.37305162123316,44.304333429782226,43.99883658777269,43.27771877588926,43.179714562655214,42.997722720450795,42.652618971361306,42.36079910505161,41.29626846249791,40.92321589271773,40.52054287184953,40.18029399443269,40.72467398919582,,,,,,,,48.334192357046426,47.14482883372795,45.45127323659695,44.65127512866048,44.584369781556966,43.77152551549211,42.55285698192087,41.2184629543796,41.611545641443776,43.81981107964898,43.89791553993349,44.27363356972695,44.474116607521005,44.38053042107339,44.15978277288003,43.44394979990716,43.2930383517202,43.11592177574496,42.789704030427515,42.16261896263443,,49.0456435076377,43.23852729418077,44.11996066477367,43.956567667102156,#000000,2.7443652214070653,44.79867095973707,0.41952471605533276,36.547769325060955,-7.3057174733789765,False,True,False,True,False,0.0,0.0,0.0,0.0,0.0,0,1.0043068432769438,0.9392586586113848,False,False,False,False,-0.1757168561614113,-0.11875939347351669,False,False,False,False,1892211,1867005.8873213008,False,False,False,False,70914.32716931925,False,False,False,False
2024-12-24 00:00:00+00:00,46.43,46.5456,45.0392,45.82,39567,,,,,,,,,48.16826823986634,49.00073897195227,48.026753868076575,46.83705879353961,44.48386237547166,44.07182668107735,43.423564269718625,41.52385036500722,43.24452853061768,44.10292519031963,44.37564062665008,44.30678289701199,44.00157896881007,43.28114964760821,43.183198516352846,43.00130394107429,42.65644725539586,42.36485318519601,41.30112735934582,40.92825443850441,40.525760667089635,40.185332319415195,40.72894844701883,,,,,,,,48.309040999690616,47.13524852280092,45.45450348020372,44.65835477040022,44.59173309270807,43.78170067634249,42.565878538732306,41.232244339391585,41.62301442376111,43.82412204642919,43.9017849946468,44.276530811974084,44.4764549026866,44.382963751082514,44.162374790431954,43.44725349408737,43.29646251923946,43.119455255437046,42.7934303496461,42.16684011013788,,49.00073897195227,43.24452853061768,44.11418570607982,43.9599695934915,"rgba(38, 166, 154, 0.5)",2.6600977290182617,44.792903899021724,0.6154270510890081,36.36520155901761,-7.328882901464397,False,True,False,True,False,0.9582051901247404,0.0,0.0,0.0,0.0,0,0.9849641558319132,0.9432090509654434,False,False,False,False,-0.24510895765710478,-0.18193417556531072,False,False,False,False,1931778,1869545.970171446,False,False,False,False,69685.02022150281,False,False,False,False
2024-12-26 00:00:00+00:00,46.65,46.7,46.05,46.07,29841,,,,,,,,,48.09878123128629,48.97282612510089,48.01507995773063,46.834912774505,44.49145207278912,44.080394254805654,43.43337417125011,41.533922225607625,43.249791601965114,44.10605927934703,44.37813961733725,44.30912663250099,44.00411784208166,43.284169136932675,43.18624942797022,43.004413553732824,42.65972606172947,42.36829185035566,41.30514432352584,40.93239286825211,40.53002037763568,40.189427434092494,40.73244935084142,,,,,,,,48.29415838260974,47.131037328685174,45.45893768807433,44.665459477568994,44.599034123294615,43.79089463636027,42.576944301898244,41.24358620393479,41.63253179026365,43.82804809619746,43.905332540769656,44.27929149196908,44.478745009020685,44.38531518581465,44.164813521949426,43.45018826038215,43.29947855331835,43.122539979290416,42.79663822721295,42.17039977519644,,48.97282612510089,43.249791601965114,44.112418250440314,43.96366872869056,"rgba(38, 166, 154, 0.5)",2.595601463043806,44.79182494923487,0.7158938216139256,36.98818494032792,-7.328882901464397,False,True,False,True,False,1.4729261387597923,0.0,0.0,0.0,0.0,0,0.992472446941821,0.9458311377970247,False,False,False,False,-0.2271923394421432,-0.20456325750372695,False,False,False,False,1961619,1873156.6772235462,False,False,False,False,68122.50962458114,False,False,False,False
2024-12-27 00:00:00+00:00,45.65,46.4,44.82,46.4,50368,,,,,,,,,47.93915915246049,48.911688967434046,47.98524859277239,46.82317897842789,44.49871798167283,44.08965523380525,43.44522554742022,41.547938939650344,43.256317459768965,44.10944729859957,44.38064635149483,44.311529271489185,44.00692780319929,43.28790560551256,43.19006560092452,43.00837417977711,42.66402436865493,42.37289121403053,41.310804834024175,40.93830173461298,40.5361770185563,40.195400399008086,40.73748114216384,,,,,,,,48.25823255545384,47.1151768865525,45.46014438329563,44.671769806014126,44.60572250935949,43.80142471816156,42.59146144602841,41.25954575357657,41.64572368971929,43.83253886347661,43.909333947626195,44.28214498042619,44.48096373836947,44.38766882040097,44.16741431057089,43.45374759753479,43.30320420718733,43.126423961763045,42.800798765454005,42.17521793636782,,48.911688967434046,43.256317459768965,44.10390245578661,43.96643294386694,#000000,2.5207299957972302,44.78241027063383,0.3441819357141319,35.509623133931704,-8.257333781126071,False,True,False,True,False,0.0,0.0,0.0,0.0,0.0,0,0.9669547645819413,0.9568657325295252,False,False,False,False,-0.31010399540153183,-0.25733362645262936,False,False,False,False,1911251,1874650.5722343875,False,False,False,False,67426.25434518581,False,False,False,False
2024-12-30 00:00:00+00:00,45.03,45.38,44.44,45.06,53601,,,,,,,,,47.747211558568154,48.83620237943649,47.94548882445511,46.80407028380407,44.50177993493769,44.09511574903689,43.453841998214635,41.56030309614909,43.26125854204586,44.1114399631077,44.38186349626883,44.31276903799216,44.0086662343012,43.29072617546192,43.19299345301548,43.01149398142241,42.667547239775146,42.376760578194485,41.31587441505897,40.94367216284289,40.54184747816234,40.20095563180621,40.74208816196391,,,,,,,,48.21154481335434,47.09120645058729,45.45619035895294,44.67370681662872,44.60809833137125,43.808405951791414,42.603361807306385,41.27380145987663,41.65730657309544,43.83550562853407,43.91190697147964,44.2836504902698,44.481929310337705,44.38880420923075,44.16889655376031,43.456351034916125,43.30600906676182,43.12943297648516,42.80415990151559,42.179332234320654,,48.83620237943649,43.26125854204586,44.090953955204455,43.96648004702881,#000000,2.471665375759818,44.76681537648131,0.10648068549238139,33.5254182274395,-10.29121689487829,False,True,False,True,False,0.0,0.0,0.0,0.0,0.0,0,0.9458172516127723,0.9747970325866381,False,False,False,False,-0.34282825441539394,-0.3000809404340117,False,False,False,False,1857650,1873983.8831271566,False,False,False,False,66884.0875081197,False,False,False,False
2024-12-31 00:00:00+00:00,44.77,45.36,44.7,45.23,62449,,,,,,,,,47.55204211245931,48.751659668103834,47.90035965251221,46.78221491677206,44.50524304861091,44.101341924538424,43.463712969735774,41.57456724434841,43.26695643569008,44.11373131417302,44.383258446863834,44.31419234792854,44.010669277786214,43.29398713649627,43.196379450957686,43.01510369542562,42.67162601837112,42.381242393861825,41.321752251966785,40.94990060772023,40.548425657389814,40.20740246249175,40.74743449275504,,,,,,,,48.15867754050852,47.06385515563109,45.45160058859289,44.67587619116456,44.610772134616404,43.81638642710066,42.61703704207704,41.29024222458246,41.670672341851706,43.838921757622956,43.914869578256784,44.285378515474015,44.48303331730883,44.39010560379723,44.17060172827539,43.4593593350519,43.3092516991743,43.13291340208277,42.808050505397404,42.18409882730967,,48.751659668103834,43.26695643569008,44.07749704571611,43.966585195793826,#000000,2.4313055848344196,44.75035044773881,0.008081893277323584,31.801431676871825,-12.07779679009817,False,True,False,True,False,0.0,0.0,0.0,0.0,0.0,0,0.9451268107789527,0.9785878428304114,False,False,False,False,-0.3305757983644715,-0.3153283693992416,False,False,False,False,1795201,1870894.3582986407,False,False,False,False,66710.16250780129,False,False,False,False
2025-01-02 00:00:00+00:00,45.29,45.82,45.1,45.12,55380,,,,,,,,,47.427118494924834,48.68839269426847,47.86751054437678,46.76800055561294,44.5114463205252,44.10976230721905,43.475045353543166,41.58883006487083,43.27335484056293,44.11687361403417,44.385500965788204,44.31636811907987,44.01331097277185,43.2976717506545,43.20015900558922,43.01905450675831,42.67596083381998,42.385915045368215,41.327608875489375,40.95604217832829,40.55485164101538,40.21365876460936,40.75268279659214,,,,,,,,48.11971077704226,47.04531281903519,45.45122053784114,44.681029890576816,44.6163385982861,43.82622089358477,42.631402980323394,41.30651962431177,41.68408778927575,43.84318808861819,43.91865136193125,44.2879694647946,44.48498193568234,44.39220994543158,44.173004052860264,43.46284074220019,43.31292301734636,43.13677008765293,42.81222961037919,42.18901453748391,,48.68839269426847,43.27335484056293,44.07019635217931,43.9687813377329,#000000,2.394636401522304,44.74165722683654,0.22898790514287382,32.615647910860666,-12.07779679009817,False,True,False,True,False,0.0,0.0,0.0,0.0,0.0,0,0.9489354448683375,0.9661254931304816,False,False,False,False,-0.2874192729508854,-0.3013738211750635,False,False,False,False,1850581,1870097.7560124197,False,False,False,False,66265.84240945613,False,False,False,False
2025-01-03 00:00:00+00:00,44.08,45.13,42.04,45.08,70045,,,,,,,,,47.1752448084001,48.57312645597428,47.800120980275054,46.72915709033334,44.50485174763071,44.10684336482064,43.47706229025543,41.598964936692305,43.27515359214853,44.115746426436864,44.38373883325577,44.31494068469845,44.0126807577457,43.298668907772324,43.20134742293192,43.020580707433346,42.67811217837527,42.3885774434589,41.331997211410204,40.96090705380699,40.56019171665658,40.21903615797248,40.75695010055726,,,,,,,,48.042922363032744,46.99941946078032,45.43444524618624,44.67276141803133,44.60871047817782,43.82562811044116,42.638650369714746,41.31868936535272,41.69343652579253,43.842867762246456,43.91811113145787,44.2863971290078,44.48301886154444,44.3905273834548,44.1719639824862,43.463489718392125,43.31389006657559,43.13808477803964,42.81413566645081,42.192023513612185,,48.57312645597428,43.27515359214853,44.04739114469281,43.96245866653888,#000000,2.3754221094783117,44.71180837488721,-0.2659773066716009,31.173920526604128,-12.997914888306838,False,True,False,True,False,0.0,0.0,0.0,0.0,0.0,0,0.9020141762574851,0.9782021586130725,False,False,False,False,-0.34282825441539394,-0.3221010377952287,False,False,False,False,1780536,1866585.5302864425,False,False,False,False,66414.04466790883,False,False,False,False
2025-01-06 00:00:00+00:00,44.47,45.33,44.1172,44.35,82073,,,,,,,,,46.986814888871194,48.4683984900706,47.74064201130978,46.6981053232043,44.50620004732027,44.111855441222524,43.48696479951324,41.61557842369734,43.281157993773135,44.1176236230863,44.38456569892576,44.315895048012074,44.01443249394684,43.30212230380036,43.20497929585609,43.02453071146061,42.68270376139695,42.39371243354325,41.33900209954373,40.96839599591693,40.56816377176631,40.22689743267533,40.76341540133096,,,,,,,,47.974249396720715,46.96152083077785,45.42536040275206,44.672414400702515,44.60902046455714,43.832973757861254,42.65372223380443,41.337953789211724,41.708972760206244,43.84606173602935,43.92080697008717,44.2876007618887,44.483505698840496,44.391288026811964,44.17330583360031,43.466594504250125,43.31731666440502,43.1418458287415,42.81847153097037,42.19753799761015,,48.4683984900706,43.281157993773135,44.03218404422356,43.96102617949145,#000000,2.3590562092070617,44.69193870808464,-0.0940794488992877,31.60062761585942,-12.997914888306838,False,True,False,True,False,0.0,0.0,0.0,0.0,0.0,0,0.9538433568877704,0.9702323405142894,False,False,False,False,-0.247012235614296,-0.28455663670476233,False,False,False,False,1862609,1866429.5879222685,False,False,False,False,67028.12134759869,False,False,False,False
2025-01-07 00:00:00+00:00,43.28,44.6,43.26,44.6,66477,,,,,,,,,46.80100358744165,48.36803298390363,47.68018474433877,46.66261510935822,44.49980067413455,44.10883863640815,43.48851660477823,41.6248228601379,43.28269355905416,44.11645238102166,44.38280962374076,44.3144614149397,44.013751999253536,43.30297863783093,43.2060173170863,43.02588964068271,42.6846547096306,42.39614677259704,41.343068646935876,40.97291536502086,40.57313493578804,40.231912714083784,40.76738929057855,,,,,,,,47.90574015051159,46.919819770093184,45.409666684160754,44.66448012010529,44.60167286526615,43.83210501880112,42.66014943506777,41.34906436521623,41.71749910948829,43.84563186724754,43.920180491726576,44.28601764680777,44.48156441448411,44.389611607809286,44.17223804424291,43.46712120161097,43.318144349834895,43.14300335550073,42.82019031522416,42.20029973848401,,48.36803298390363,43.28269355905416,44.01378276341477,43.95521002758416,"rgba(239, 83, 80, 0.5)",2.387842163585858,44.66712593186198,-0.5809119015550479,30.12073450473996,-14.47033082635371,False,True,False,True,False,0.0,0.0,0.0,0.0,0.0,0,0.9319563705182765,0.9853244752605747,False,False,False,False,-0.31322529814186245,-0.2988909674233124,False,False,False,False,1796132,1863672.8197684542,False,False,False,False,67006.50874573208,False,False,False,False
2025-01-08 00:00:00+00:00,43.29,43.615,42.93,43.34,48562,,,,,,,,,46.660749842980906,48.290747118365466,47.63243649428433,46.633472186522745,44.4926410346695,44.10427125423725,43.48746929530033,41.630128795469986,43.28268227106343,44.11468241028854,44.38070282739876,44.31266369968183,44.01253984307025,43.30294120285002,43.20612502615604,43.026252941407236,42.68547453163488,42.397333996454506,41.345486929410086,40.97568484465455,40.57625481044815,40.235110670225566,40.76985783439983,,,,,,,,47.85201993270673,46.88598557641593,45.395489393019375,44.656153477587125,44.59378987867796,43.82918308940877,42.662876516707186,41.3556339828658,41.722334390491106,43.8442928611131,43.91876781427416,44.283992417354376,44.47935296775145,44.38760784602144,44.17072471216281,43.46682727007772,43.31808365975691,43.14320329626546,42.82083223785467,42.20173265919883,,48.290747118365466,43.28268227106343,43.99872432729503,43.949444198985546,"rgba(239, 83, 80, 0.5)",2.422851792993332,44.64655626030806,-0.5599006361970215,29.170688078720698,-15.62397808776825,False,True,False,True,False,0.0,0.0,0.0,0.0,0.0,0,0.9225657739200922,1.0013059092393082,False,False,False,False,-0.34282825441539394,-0.32085961091935317,False,False,False,False,1844694,1862928.5523265542,False,False,False,False,66283.194677272,False,False,False,False
2025-01-10 00:00:00+00:00,42.22,42.83,41.72,42.83,55812,,,,,,,,,46.46804282641391,48.18724810374996,47.5662433517654,46.59058003438232,44.477678978501274,44.09266669507829,43.48046093658345,41.63243095087396,43.2796385671902,44.11018370050891,44.37605651903142,44.308572074741136,44.00921993406528,43.30111788405367,43.20450253647901,43.02498215561937,42.6847950570641,42.39711676373334,41.3467936371674,40.97745097722749,40.578479193212225,40.23754666184451,40.77153586367579,,,,,,,,47.778347936470865,46.83707393355891,45.371675403004595,44.63970134952664,44.57789822875597,43.819704591743736,42.66082740519176,41.35914653303755,41.724230065403276,43.839997757291,43.91457406289219,44.279320423066466,44.474667852959975,44.38320101205085,44.167007777258824,43.464665698085575,43.316227261088834,43.14170050647599,42.81992521042028,42.20181645055701,,48.18724810374996,43.2796385671902,43.97578908421149,43.938585472942016,"rgba(239, 83, 80, 0.5)",2.475804632150277,44.614908385570764,-0.9673252705286153,27.169153677145854,-17.744700031389442,False,True,False,True,False,0.0,0.0,0.0,0.0,0.0,0,0.8988465320954112,1.01094294334339,False,False,False,False,-0.34282825441539394,-0.33184393266737355,False,False,False,False,1788882,1860024.765960807,False,False,False,False,65872.55959188878,False,False,False,False
2025-01-13 00:00:00+00:00,41.87,42.0,41.5,41.75,43463,,,,,,,,,46.313891828167975,48.102924754899135,47.51138213893282,46.554221643002215,44.463746231219325,44.08145880704516,43.47299810486221,41.63288053339677,43.27620520734138,44.10581718533156,44.371658702923455,44.30467492315383,44.005957163684826,43.299069938363196,43.20262268166358,43.02339613170346,42.683692272743265,42.396387517212666,41.347288047772004,40.978322454327504,40.57972677585412,40.23900209860081,40.7724301997005,,,,,,,41.790000000000006,47.717570307332245,46.795886167792965,45.3506383279931,44.624566348475796,44.563213605223545,43.81022181581486,42.65741989911595,41.36045056207121,41.724411271905566,43.83568795930731,43.910407703602935,44.274861058376,44.47026826058071,44.37903150534943,44.163418588450234,43.46233951838852,43.31415136588384,43.1399185330411,42.818637351624744,42.20132786773197,,48.102924754899135,43.27620520734138,43.956429813387324,43.9081550075165,"rgba(239, 83, 80, 1.0)",2.5339021149065957,44.48198877569497,-1.0308167629400546,25.438089972734872,-19.55555939495016,False,True,False,True,False,0.0,0.0,0.0,0.0,0.0,0,0.8960774169142274,1.0191622995872138,False,False,False,False,-0.34282825441539394,-0.3373360935413837,False,False,False,False,1745419,1855530.422197638,False,False,False,False,64993.75333338335,False,False,False,False
2025-01-14 00:00:00+00:00,42.21,42.86,41.8,42.06,46084,,,,,,,,,46.17804669365445,48.02280269344831,47.45932453328615,46.520250706427035,44.45186345023721,44.07226078547264,43.46748641360423,41.63486252320816,43.27380097666769,44.10220101033656,44.36791193615835,44.30137490438118,44.00328633160136,43.29762200624486,43.201338487303175,43.0223988286276,42.68317848088867,42.3962521945552,41.34840177257351,40.97981239974984,40.581592126487024,40.24103885445902,40.77384185919863,,,,,,,42.047317386400444,47.65978412236244,46.757231892723475,45.33169547751642,44.61149317612076,44.55058841683679,43.802728155329135,42.65590180195778,41.36342407034361,41.72605871614602,43.832250094443964,43.907045395371334,44.271098106713346,44.46648637574576,44.37547614039373,44.16042400625429,43.460615428725625,43.31267649174611,43.13873215834585,42.81793738803946,42.20143927310722,,48.02280269344831,43.27380097666769,43.93922385642131,43.91244824007582,"rgba(239, 83, 80, 0.5)",2.5767694908565644,44.47095860430933,-0.8774392169466998,25.637490397502308,-19.55555939495016,False,True,False,True,False,0.0,0.0,0.0,0.0,0.0,0,0.902897730739576,1.0053777755589945,False,False,False,False,-0.30199707369328993,-0.3196665836173368,False,False,False,False,1791503,1853019.54289577,False,False,False,False,64252.19437913303,False,False,False,False
2025-01-15 00:00:00+00:00,42.68,43.185,42.48,42.96,38899,,,,,,,,,46.08394451654996,47.96252626581515,47.42028758485787,46.49527875074266,44.44419220538807,44.06669165440491,43.46479986628544,41.637774784457136,43.272790356421595,44.09998492819664,44.36550565466462,44.29927664163033,44.00168347663968,43.29699783807801,43.20084061032204,43.02212282631624,42.683286854758364,42.39666555612244,41.349829616513226,40.98153837674215,40.58361570941865,40.24316669554232,40.7754171273695,,,,,,,42.269710085691,47.616335742465125,46.72865131371601,45.31844279695288,44.60288472569661,44.54233443888923,43.798497341064596,42.65633889358303,41.36724319980557,41.72864773032398,43.830281432187434,43.90507777998814,44.26871845777597,44.464023147468836,44.373189802456025,44.1585662362513,43.45977365971167,43.31203179712968,43.13831194550097,42.817896895319954,42.20205394756935,,47.96252626581515,43.272790356421595,43.92730091824533,43.91784787109889,"rgba(239, 83, 80, 0.5)",2.6119678612318906,44.46538268426492,-0.6835393002970838,27.5782966007713,-19.55555939495016,False,True,False,True,True,0.0,0.0,0.0,0.0,0.0,0,0.9233627729408177,0.9926570441259835,False,False,False,False,-0.2673997674362417,-0.29353317552678926,False,False,False,False,1830402,1852132.580429269,False,False,False,False,63257.95146230428,False,False,False,False
2025-01-16 00:00:00+00:00,42.87,43.04,42.49,42.82,34003,,,,,,,,,46.00629030170436,47.91114332789086,47.386826614599975,46.473827973975105,44.437617301354166,44.0619315950309,43.462531205075024,41.640349013456834,43.271943181939875,44.098080710275966,44.36343248892958,44.297469316096944,44.000306808445,43.29647283265262,43.2004253574841,43.0219004361613,42.683399010491364,42.39704333634464,41.35109136873242,40.98305974652068,40.5853962768963,40.24503721193955,40.77680466667804,,,,,,,42.38070767851244,47.579126684447616,46.704117008514885,45.30705339226298,44.59550093289454,44.53525665659519,43.79489381561471,42.656774018309974,41.37060788190014,41.73093972058867,43.82859656939624,43.903391421476584,44.26667011037714,44.46189924428382,44.37121955990431,44.156967957593984,43.459059394845625,43.311488963740295,43.13796427244594,42.817879446999335,42.20260715213864,,47.91114332789086,43.271943181939875,43.917257096358085,43.918505736535224,"rgba(239, 83, 80, 0.5)",2.635208763120185,44.456801743703224,-0.6021540934101913,29.593618549215087,-19.55555939495016,False,True,False,True,True,0.0,0.0,0.0,0.0,0.0,0,0.9105214564425507,1.0354013657569787,False,False,False,False,-0.2720093001922066,-0.2827712378594979,False,False,False,False,1864405,1852613.851784984,False,False,False,False,62110.69846378254,False,False,False,False
2025-01-17 00:00:00+00:00,42.14,43.68,42.04,43.3,60728,,,,,,,,,45.869075558820626,47.8187318704037,47.325958568122694,46.434283975114006,44.424728266538715,44.05231872933891,43.45742735850695,41.64420899686069,43.26986349415812,44.094224030682206,44.35931881069872,44.29386563008239,43.99748843269798,43.29519899868816,43.199353452631726,43.02118307689194,42.683290390135575,42.3974156767975,41.353060083541514,40.985501977788026,40.588311301878285,40.24813620492978,40.77905798003225,,,,,,,42.44582076856785,47.511633859299764,46.65906821035805,45.285524417830636,44.581156101486435,44.52146155286221,43.78736960738347,42.65657616448001,41.375826125860705,41.73432369634377,43.82507695414912,43.89990318495208,44.26257879444873,44.45771011174726,44.36731132547234,44.15374542953453,43.45744023442015,43.31018217584239,43.13701535400896,42.81753549896509,42.203295683137995,,47.8187318704037,43.26986349415812,43.898824868925004,43.91236297840068,"rgba(239, 83, 80, 0.5)",2.671401137237952,44.43402171382432,-0.8587335244590726,29.617478017006604,-19.55555939495016,False,True,False,True,True,0.0,0.0,0.0,0.0,0.0,0,0.8804902976848331,1.0292108707213272,False,False,False,False,-0.2655249976277443,-0.27414811774362113,False,False,False,False,1803677,1850694.759558122,False,False,False,False,62056.4749946146,False,False,False,False
2025-01-21 00:00:00+00:00,42.47,42.75,42.0436,42.14,57917,,,,,,,,,45.740789901510276,47.730298904756026,47.266946910332635,46.395392515663616,44.411269561180106,44.04201348396139,43.45147509844284,41.64711782594105,43.2672894159702,44.09007109425672,44.354967235820176,44.290036670462065,43.99442483921372,43.29363220709019,43.19798532079546,43.02016346322579,42.68286283919078,42.397453498100596,41.354638259913024,40.98754191418504,40.59081235319051,40.25083713421889,40.78097035022629,,,,,,,42.44074787105618,47.446407448830826,46.61495133065925,45.26380338884887,44.56630074824096,44.50713257092467,43.77907607766592,42.655374563778686,41.37997363977187,41.7368080761517,43.82118869286557,43.896080041697296,44.25822579363679,44.45330232187296,44.36317798301868,44.15028789883375,43.45553663237924,43.3085828095393,43.13576685263037,42.81687957596933,42.2036379609091,,47.730298904756026,43.2672894159702,43.88081854800059,43.9024802159186,"rgba(239, 83, 80, 0.5)",2.6922892767215294,44.40821790132763,-0.7199144304760041,30.930150004695886,-23.5018263273555,False,True,False,True,True,0.0,0.0,0.0,0.0,0.0,0,0.8705518887387175,1.0628068134268194,False,False,False,False,-0.297358900739018,-0.2857535092413196,False,False,False,False,1861594,1851122.1807519211,False,False,False,False,61894.14264188461,False,False,False,False
2025-01-22 00:00:00+00:00,43.06,43.06,42.25,42.49,80538,,,,,,,,,45.59562839977107,47.62025058439283,47.19327686172841,46.34745122409401,44.39626512008718,44.03110968813103,43.44623330511086,41.65303675888143,43.2652847828305,44.0855989226039,44.3500963017186,44.28578378047362,43.99117847104955,43.29237985254734,43.19699027855242,43.019620834575306,42.68310532572365,42.398319606609085,41.35758127280546,40.99109623183937,40.594977403834385,40.2552181630099,40.78421852695114,,,,,,,42.51852878635371,47.364891191429464,46.5603709940942,45.23798896549645,44.549473405216084,44.4909949407948,43.770796494495755,42.65632352281567,41.38771021516623,41.7420787106794,43.817232386797365,43.892117605469274,44.2534150975174,44.448311234901794,44.35854537475405,44.14652343181715,43.45384083306243,43.307288665449725,43.13493025988401,42.81681785840762,42.20491594634723,,47.62025058439283,43.2652847828305,43.86001438017628,43.895408998730126,#000000,2.682573277170183,44.38224631691831,-0.49290221749809315,33.978147209526185,-20.500735364297622,False,True,False,True,True,0.0,0.0,0.0,0.0,0.0,0,0.8545678319706383,1.0761924624126684,False,False,False,False,-0.279545472665916,-0.2826494909536178,False,False,False,False,1942132,1854691.1932714537,False,False,False,False,62625.27430298717,False,False,False,False
2025-01-23 00:00:00+00:00,42.72,43.16,42.27,43.04,61928,,,,,,,,,45.490695808680215,47.53767450787644,47.13734183753875,46.310703879615176,44.38439714371408,44.02236593116019,43.44181475975272,41.65725559525553,43.26351870778874,44.081987549917386,44.34619638347056,44.2823704519649,43.98854244936055,43.291281158961375,43.196091187991875,43.01907262969012,42.68316363234104,42.39885878449505,41.359720611741395,40.993708705732644,40.59806267967381,40.2584794327585,40.7866179553115,,,,,,,42.54749819482482,47.30315220448599,46.51865455416844,45.2179192593519,44.53621931600018,44.47826492282131,43.76405474493755,42.65664882496298,41.39329350364277,41.745814605609006,43.81399514897616,43.888888577710084,44.24955310639447,44.44432495302409,44.35483606807556,44.1434872467464,43.45239935261596,43.30615749569661,43.13415354829456,42.816641351135694,42.205772150861996,,47.53767450787644,43.26351870778874,43.844338085852435,43.88829784897373,"rgba(239, 83, 80, 0.5)",2.6754152864471603,44.361064172558144,-0.6133867070548925,35.2280513827758,-19.263150246332323,False,True,False,True,True,0.0,0.0,0.0,0.0,0.0,0,0.8448900500826345,1.088287811945691,False,False,False,False,-0.2754310474087812,-0.2790402691811995,False,False,False,False,1880204,1855691.6954961028,False,False,False,False,62597.93021267396,False,False,False,False
2025-01-24 00:00:00+00:00,43.21,43.94,42.7,42.7,60833,,,,,,,,43.28333333333333,45.414396092182095,47.46844364858528,47.090611242653026,46.280901786290194,44.376807317329366,44.01756811671442,43.44087748092709,41.66356671999566,43.263581168351514,44.07992322846779,44.343709432732474,44.280240207235664,43.9871125885662,43.29126628736704,43.19625130969265,43.019541528843135,42.68418613455094,42.40032786907117,41.36269044217461,40.99710879508133,40.60189297747226,40.26241119890466,40.789659482976276,,,,,,,42.639908817977684,47.25137944758681,46.484525738026846,45.2029096217874,44.52738195186832,44.46990234397748,43.7610534805818,42.659949983452265,41.40106158599778,41.751582455260134,43.81246626125551,43.887258895728955,44.24717371552441,44.44170550644188,44.35246341413605,44.14169680945119,43.452075226708274,43.30611463601909,43.13442517994924,42.81744791317927,42.207540223036695,,47.46844364858528,43.263581168351514,43.947266796753176,43.88712414924552,#000000,2.6779262717851857,44.32248711664393,-0.4154285830663699,37.824315705243094,-16.767040582765084,False,True,False,True,True,0.0,0.0,0.0,0.0,0.0,0,0.846374169632402,1.1124887592159165,False,False,False,False,-0.2177968318047001,-0.2484185504929498,False,False,False,False,1941037,1859038.5701825302,False,False,False,False,62528.71726315733,False,False,False,False
2025-01-27 00:00:00+00:00,42.71,43.62,41.895,42.4,62037,,,,,,,,43.00984611106589,45.323389988611076,47.39128296340368,47.03749261194347,46.245724365691885,44.365393161851124,44.00917655558504,43.43668569895646,41.66781702883829,43.261908780198645,44.07640498234639,44.33989578595287,44.27690183822822,43.98454269459343,43.29021954632482,43.19540205478777,43.01903962267878,42.68428582846113,42.400905065535966,41.36485814185066,40.99974674036226,40.605001060330174,40.26569321580327,40.79208149615048,,,,,,,42.65146153590884,47.19291548708466,46.44469009510863,45.18358880213035,44.514628663500034,44.45765552775012,43.754604292524064,42.660386612829484,41.406657084724195,41.75535573424951,43.80932934179926,43.88412344179054,44.24340238207374,44.437802918022854,44.34883418977903,44.1387312203729,43.45068901712153,43.305035792028015,43.133697229393874,42.81731458683031,42.20843247516761,,47.39128296340368,43.261908780198645,43.91905864134528,43.8795451977511,"rgba(239, 83, 80, 0.5)",2.6783177926075883,44.28853305509777,-0.5893748155856161,38.30715429107329,-16.266452717545548,False,True,False,True,True,0.0,0.0,0.0,0.0,0.0,0,0.8425169927846494,1.08239268176899,False,False,False,False,-0.2582737801876781,-0.25334616534031396,False,False,False,False,1879000,1859821.3713518428,False,False,False,False,62509.434233229586,False,False,False,False
2025-01-28 00:00:00+00:00,43.02,43.74,42.54,42.74,144301,,,,,,,,43.058538882089245,45.16021742589687,47.23430035497312,46.928716200544244,46.17464107026333,44.345175185759345,43.99547724416335,43.43205528836514,41.68083112746827,43.260710932255684,44.070470433653455,44.33306812440279,44.27099182441199,43.98031748544068,43.289380575586684,43.19498927688695,43.01937834477821,42.68595619849604,42.403644039212956,41.37117950571329,41.00710789252286,40.61340240509274,40.2743938260976,40.79872324566825,,,,,,,42.74516595761109,47.073106844866814,46.363888084540626,45.1462256812887,44.49151250675907,44.43564004470273,43.74511095333331,42.66578330064865,41.42293899487985,41.767170899536566,43.80452855606443,43.87916303538396,44.23677859171096,44.43069746471114,44.34232351008713,44.13363837179829,43.449104508078854,43.30412827153033,43.1335525786305,42.818466719616104,42.21188337273193,,47.23430035497312,43.260710932255684,43.894501976018084,43.869446243788964,#000000,2.6849642271175767,44.256360348997305,-0.4604755387465952,39.76327887479242,-14.79230132154322,False,True,False,True,True,0.0,0.0,0.0,0.0,0.0,0,0.856788189637634,1.0703316807677778,False,False,False,False,-0.22715353967977364,-0.2402498525100438,False,False,False,False,2023301,1866232.3371811823,False,False,False,False,65716.9466162402,False,False,False,False
2025-01-29 00:00:00+00:00,43.25,43.31,41.83,42.94,97439,,,,,,,,42.988555703354265,45.04861995708325,47.12732546843518,46.853047346283404,46.12387306413685,44.32864686152513,43.983402772314214,43.42620895975898,41.68763604090397,43.258404238273826,44.065263944555156,44.32737640967518,44.266009467193314,43.97651193096602,43.28791752792501,43.1938289238131,43.01875093356052,42.68625576503008,42.40468105485397,41.374677632350085,41.01133318673106,40.61835533144797,40.279611285867304,40.802598190903694,,,,,,,42.75153282971948,46.990217116064095,46.306630580528456,45.11811613460523,44.47301551703075,44.417888160469694,43.73591316918565,42.666859317679226,41.431800631609406,41.77324317210448,43.799943457863826,43.87455865131969,44.23116718595159,44.42485805989912,44.336901355100174,44.129226652986446,43.44712000315694,43.3026161128558,43.13257889956455,42.81840688857135,42.2134077858054,,47.12732546843518,43.258404238273826,43.87134970009957,43.8581296948133,#000000,2.6927313772952655,44.22454685205327,-0.36191759054412753,41.569628452393,-12.997418361425595,False,True,False,True,True,0.0,0.0,0.0,0.0,0.0,1,0.8460683932481347,1.0817484514316489,False,False,False,False,-0.2720745679596073,-0.25616221023482555,False,False,False,False,2120740,1876213.0298407439,False,False,False,False,66960.94870972098,False,False,False,False
2025-01-30 00:00:00+00:00,42.84,43.84,42.645,43.3,42064,,,,,,,,43.00094480673299,45.00986119877852,47.08593225673285,46.82367570402,46.1044343312275,44.323049699765605,43.979614391746566,43.42495131750894,41.69136647916953,43.25808289155288,44.063578420334046,44.32542996875298,44.26432301787307,43.975308617415244,43.287687620411404,43.19372154197073,43.01885974683654,42.68674822124609,42.405481643075234,41.37651228132492,41.013468417219144,40.620791479689586,40.28213504222227,40.80452707480244,,,,,,,42.76961021077592,46.95800496296308,46.28462159597609,45.107789539931254,44.466616123729644,44.41179352017402,43.73329677153756,42.66842059115557,41.436456442604154,41.77663403798816,43.798587848298105,43.87315427784827,44.229281632883406,44.42283016408161,44.33504364213669,44.12777445608118,43.44667573292578,43.30236651093502,43.13254868603014,42.81874998829555,42.21441375320788,,47.08593225673285,43.25808289155288,43.86497820782379,43.85501283681756,"rgba(239, 83, 80, 0.5)",2.704624354859855,44.21575784370355,-0.5086687329541679,41.584411409717546,-12.864967834524066,False,True,False,True,True,0.0,0.0,0.0,0.0,0.0,1,0.8892814815635283,1.0643658591001945,False,False,False,False,-0.2159983528860489,-0.23608028156043723,False,False,False,False,2078676,1884152.7541607148,False,False,False,False,65984.59777992801,False,False,False,False
2025-01-31 00:00:00+00:00,41.95,43.15,41.85,42.94,54438,,,,,,,,42.920160239450134,44.9419910912651,47.0231980344608,46.778385594129546,46.07309644032194,44.31121024901149,43.97034919143679,43.41930552677581,41.69348418257533,43.255481242051225,44.05960533175969,44.321287625975344,44.26065803340139,43.9723387596301,43.286081469704975,43.192298229891236,43.01775763628811,42.68619025348156,42.40535105909993,41.377798120084684,41.01518346593361,40.62293606895298,40.284481496091395,40.806162422904585,,,,,,,42.7417384790446,46.908690652410726,46.24959572955527,45.0893521176932,44.45364733348092,44.399250030394256,43.72569445550233,42.666818005619426,41.439608566424994,41.778403276776,43.7948382071074,43.869471000298404,44.22513400689655,44.41863995778604,44.33110157301043,44.124446464138586,43.44476122135562,43.30073034100035,43.13123500986049,42.81798221093418,42.21456228962854,,47.0231980344608,43.255481242051225,43.84830141553975,43.84555693196448,"rgba(239, 83, 80, 0.5)",2.74690297024269,44.191973021919,-0.8161820953293137,39.39343448461191,-12.864967834524066,False,True,False,True,False,0.0,0.0,0.0,0.0,0.0,1,0.8895867268177384,1.0296098432466445,False,False,False,False,-0.27800282136369686,-0.25704155146206703,False,False,False,False,2024238,1889646.293213236,False,False,False,False,65531.7900238524,False,False,False,False
2025-02-03 00:00:00+00:00,41.16,41.53,40.13,41.0,65534,,,,,,,,42.67375597333566,44.824156697747235,46.92837227775409,46.70860252332349,46.02247595780325,44.28743123250755,43.950159474236756,43.40419384353124,41.690424698401145,43.24780355401267,44.05108740290867,44.312914509794275,44.2531527726536,43.96581661947504,43.28141915726118,43.187906696747206,43.01383924125534,42.68302666332489,42.40276200058459,41.377078486732515,41.01506454307684,40.623418017806024,40.285390350867516,40.806336441581,,,,,,40.94,42.61747581443744,46.83331108797074,46.19376703367124,45.05661607884762,44.42831637644189,44.37449658470786,43.70781349716581,42.657398721045375,41.43746398263908,41.775109649362015,43.78616879248983,43.861149395979844,44.21658024099072,44.41032847666138,44.32314717424973,44.11741773514547,43.4396629606727,43.29602243635958,43.12699591196118,42.8145314350793,42.21233732021622,,46.92837227775409,43.24780355401267,43.813318989169524,43.72996209753998,"rgba(239, 83, 80, 1.0)",2.809246745887492,44.02556707524647,-1.0200481959946845,36.36734030427289,-9.092576550109747,False,True,False,True,False,0.0,0.0,0.0,0.0,0.0,1,0.8674991954053372,1.0456761005067003,False,False,False,False,-0.34282825441539394,-0.2999349029387305,False,False,False,False,1958704,1892354.4385774229,False,False,False,False,65531.87668958368,False,False,False,False
2025-02-04 00:00:00+00:00,41.74,42.06,41.12,41.31,35631,,,,,,,,42.60824776459526,44.773985522584134,46.88392834870856,46.675876464663816,45.99910344713795,44.27731702818122,43.94182130893592,43.39836672858402,41.69031362220723,43.244910202049155,44.04751332193494,44.30932060080759,44.24994551089254,43.96309991977861,43.27964753911113,43.18626748059011,43.01243200990021,42.6820002605495,42.40202996268572,41.37731325364389,41.01560153302109,40.624257476014556,40.28641072109607,40.806925370713664,,,,,,41.186544753620325,42.582147011862354,46.79789436853413,46.167881779048095,45.04202308407485,44.41742963699252,44.36389902075918,43.70062203854027,42.65439030584684,41.43793557237186,41.774821682457095,43.78263112494673,43.857724189739436,44.21293778017018,44.406734313963916,44.319729592851985,44.11444824044402,43.43767353432171,43.29422878436975,43.12543348748746,42.81335919223363,42.211794614526156,,46.88392834870856,43.244910202049155,43.80017201487707,43.73385651512014,"rgba(239, 83, 80, 0.5)",2.8565809462892675,44.01872747448528,-0.79771150103251,36.620281083161416,-9.092576550109747,False,True,False,True,False,0.0,0.0,0.0,0.0,0.0,1,0.8815060925390816,1.0438800339438117,False,False,False,False,-0.28352809876273827,-0.2917315008507344,False,False,False,False,1994335,1896353.676280269,False,False,False,False,64359.293289992165,False,False,False,False
2025-02-05 00:00:00+00:00,42.34,42.43,41.39,41.39,38212,,,,,,,,42.57293589335802,44.72877627358926,46.84077980774686,46.64408859907622,45.97666398239795,44.26824227817452,43.93453954323086,43.39361910315351,41.6911691909063,43.24261497973689,44.04434814725569,44.30607223729772,44.247058000989234,43.96071059864521,43.27822971703755,43.18498226814062,43.01137959297535,42.6813374999378,42.40167143948834,41.3779599887516,41.01655693876002,40.62552191908148,40.287836926933316,40.80786894325284,,,,,,41.42418600869106,42.5624145300339,46.76344612696495,46.142950985795586,45.02839558810028,44.40757188235448,44.35433550786857,43.6945009267505,42.65249028246561,41.439468446962856,41.77545683754752,43.77957952475921,43.85474503067067,44.20966859695757,44.403464445249604,44.31663795127197,44.11180218238275,43.43603431631111,43.29278907527271,43.1242267653739,42.81254657042104,42.211633636790374,,46.84077980774686,43.24261497973689,43.78935895709448,43.73870825058924,"rgba(239, 83, 80, 0.5)",2.8938657582941216,44.01480158975844,-0.5787419768723832,38.88657835059069,-9.092576550109747,False,True,False,True,False,0.0,0.0,0.0,0.0,0.0,1,0.8777328706283829,1.041490459442288,False,False,False,False,-0.2591505543901188,-0.2754410276204266,False,False,False,False,2032547,1901694.5909359448,False,False,False,False,63333.90923940424,False,False,False,False
2025-02-06 00:00:00+00:00,42.21,43.26,42.18,42.51,30123,,,,,,,,42.571840294296116,44.700604558809836,46.810777628076444,46.62201423828749,45.961370441491646,44.26273304441011,43.93034380677824,43.3912782106357,41.692761856581946,43.241564871486176,44.04248073366479,44.3040812149745,44.245301228891556,43.95932063801816,43.27756659848297,43.184414929838766,43.01098083823584,42.6812284406901,42.401791566557435,41.37884323200011,41.017669064115665,40.62686330148622,40.2892754299865,40.80890799039799,,,,,,41.62426208456244,42.56205978442482,46.739467281111956,46.12587073744969,45.019519000305834,44.40148588584798,44.34846737222779,43.691158169136386,42.65223551524532,41.4416447939166,41.77684679155716,43.77787144086776,43.85304904456627,44.20769041186239,44.40143656793943,44.314740229528425,44.11022318160417,43.43520801645485,43.29211033051824,43.12371770578936,42.81232546519323,42.211904394374514,,46.810777628076444,43.241564871486176,43.783564918610395,43.74495321724584,"rgba(239, 83, 80, 0.5)",2.9339774190500645,44.01633707475767,-0.6156615463463622,40.06023723870691,-9.092576550109747,False,True,False,True,True,0.0,0.0,0.0,0.0,0.0,1,0.8787337251854165,1.03580032607802,False,False,False,False,-0.19870086951569435,-0.2370709485680605,False,False,False,False,2002424,1905644.7638404176,False,False,False,False,62031.52064178054,False,False,False,False
2025-02-07 00:00:00+00:00,41.9,42.67,41.68,42.25,46607,,,,,,,,42.538220676521675,44.64927119685809,46.76018086675305,46.58446462164202,45.9347746608116,44.25197465017618,43.921724078228614,43.38568685797552,41.69387930152999,43.23885422476424,44.03870005407613,44.30019233310474,44.24184401802361,43.95646511392467,43.275886427679495,43.182894896952234,43.00974203301046,42.68046126635191,42.401393021291334,41.37966369618474,41.01886352618379,40.628432312572485,40.29103882326507,40.810082945239344,,,,,,41.72326828839417,42.54179049903146,46.69882651635663,46.096354076932975,45.003337757957006,44.38979398704443,44.337126412286764,43.683925106172445,42.650055877724995,41.44358460567526,41.77769541488688,43.774237110558126,43.84949698281183,44.20377997009033,44.39751907198401,44.31103772612473,44.10705754853176,43.4332601898222,43.29040375106488,43.12229263430545,42.81137682196484,42.211745410804,,46.76018086675305,43.23885422476424,43.77131369979301,43.741742176387824,"rgba(239, 83, 80, 0.5)",2.9788240741717265,44.00329677264799,-0.7060829106642774,40.02852428941608,-9.092576550109747,False,True,False,True,True,0.0,0.0,0.0,0.0,0.0,1,0.8646526936165393,1.0564497983492416,False,False,False,False,-0.2391896775418372,-0.23813031305494886,False,False,False,False,1955817,1907612.3025133426,False,False,False,False,61426.63747935777,False,False,False,False
2025-02-10 00:00:00+00:00,42.69,42.83,41.97,41.97,36648,,,,,,,,42.53608740610412,44.616577227909616,46.724599428394335,46.55804367991869,45.91633369202541,44.24518760822842,43.91651375177362,43.38270847330844,41.695681278912446,43.23749092343883,44.03636370804702,44.29771234640287,44.23965237617254,43.954719981178144,43.27502534833235,43.1821507991597,43.009203831961344,42.68027601431794,42.401486684691925,41.38068567209906,41.020164849087784,40.63001351406967,40.292742191573126,40.81130474232159,,,,,,41.83540653992997,42.540336605103754,46.67018225841013,46.07580507202593,44.99252224977965,44.38231568462068,44.32990910921188,43.67974011688426,42.64959516074641,41.44608187592621,41.77925737408681,43.77208618566938,43.8473652411535,44.201312615171034,44.3949964824917,44.30867357261057,44.105082272314434,43.43220027153206,43.28952356545355,43.121619519389924,42.81105512586555,42.212022175652955,,46.724599428394335,43.23749092343883,43.764325011618844,43.742700588625596,#000000,3.0079348037788254,43.99864422966504,-0.4350640273256624,42.789165201756674,-11.672009713885501,False,False,False,True,True,0.0,0.0,0.0,0.0,0.0,1,0.8588473356117441,1.0622879531760208,False,False,False,False,-0.22238796337156347,-0.23025913821325616,False,False,False,False,1992465,1910939.8592775252,False,False,False,False,60454.92620565747,False,False,False,False
2025-02-11 00:00:00+00:00,42.43,43.06,41.98,42.62,68241,,,,,,,,42.53206615752982,44.55808909680047,46.65980074341499,46.50966612038305,45.88245138643465,44.232640888155146,43.90686753699887,43.377174040847386,41.69898746486544,43.23494294176237,44.03201333378431,44.29309554844121,44.23557047479139,43.95146671496514,43.273413332595844,43.18075609766344,43.00819167256977,42.67991956724401,42.40164842064039,41.38257234582046,41.02257098798118,40.632940204950145,40.29589740224625,40.813566117977594,,,,,,41.974567502398784,42.53748754527229,46.617788738949315,46.038089931569914,44.97257663874682,44.3684981969024,44.31657142646304,43.67198202247977,42.64870753060425,41.450671228069,41.782120973787976,43.768079425608285,43.84339414281897,44.19671929750731,44.39030061753809,44.30427160370515,44.10140186827831,43.43021899379202,43.287876055191084,43.12035665739061,42.8104451903831,42.21252406330478,,46.65980074341499,43.23494294176237,43.75156669428541,43.741084019853666,"rgba(239, 83, 80, 0.5)",3.040219183658451,43.986840258533675,-0.5120815850718533,43.858021432092706,-10.58345749355292,False,False,False,True,True,0.0,0.0,0.0,0.0,0.0,1,0.8582746465136677,1.0639450962890373,False,False,False,False,-0.2134778737551571,-0.22186850598420663,False,False,False,False,1924224,1911460.8059725245,False,False,False,False,60760.26243288659,False,False,False,False
2025-02-12 00:00:00+00:00,41.51,42.22,41.505,41.83,35247,,,,,,,,42.4981253107075,44.5186868676922,46.62126022888217,46.48057850191139,45.86142617337616,44.22348984539541,43.899343124159756,43.37196427471874,41.699086172955354,43.23232431964057,44.028694925374324,44.289738701679596,44.23257294617278,43.9489383415617,43.271793974822224,43.17926335062072,43.00692104001645,42.67901583033091,42.40102926769492,41.38289044235818,41.02318130708603,40.63384327026609,40.296971394782645,40.81421374891196,,,,,,41.951853889058874,42.51497769688766,46.58644619519656,46.01489341015913,44.95934424059658,44.35864089198926,44.306978826670566,43.6655136187099,42.6461188933637,41.451338049271605,41.78204388464009,43.76481906708811,43.84022806200539,44.19332505410518,44.38693689135227,44.30107607468548,44.09863163643372,43.4283906249339,43.28623568189429,43.1189377822004,42.809400743793326,42.212088478931825,,46.62126022888217,43.23232431964057,43.741357182003554,43.732836523562135,"rgba(239, 83, 80, 0.5)",3.0850934075540573,43.97060550481713,-0.7975789319027341,42.16071854061856,-10.58345749355292,False,False,False,True,True,0.0,0.0,0.0,0.0,0.0,1,0.8560359847083878,1.0666969896802079,False,False,False,False,-0.26274945991353243,-0.24230898294886954,False,False,False,False,1888977,1910579.088091249,False,False,False,False,59759.74233747928,False,False,False,False
2025-02-13 00:00:00+00:00,42.48,42.54,41.78,41.86,29342,,,,,,,,42.49010418918062,44.49273058537843,46.593017873134315,46.45927126413588,45.84628318603685,44.21751572294114,43.89462624546696,43.36903509456988,41.70009797769637,43.23091354063188,44.02656915036509,44.28752245201201,44.23060524131635,43.94733512040448,43.27090823179963,43.17847417026519,43.00630169058103,42.678684278746985,42.40092388477261,41.38353569573166,41.0240552130295,40.634946343381515,40.29818590411817,40.81505397055687,,,,,,41.97581030987547,42.50924189519655,46.56343884834425,45.99810934315691,44.95018553279288,44.35211792742527,44.300662633901744,43.661615587445965,42.6452162138657,41.452872873370175,41.782880248216415,43.76281185289317,43.83825408981721,44.191107142293,44.384694843433735,44.298963650579836,44.0968405082943,43.42734232417395,43.28533408662877,43.11820647244077,42.80895820076667,42.2121307767806,,46.593017873134315,43.23091354063188,43.73522277975837,43.72978531920731,#000000,3.114217307999172,43.96274167760659,-0.4761201711255098,44.1763469429643,-10.31704280525993,False,False,False,True,True,0.0,0.0,0.0,0.0,0.0,1,0.8389563596246888,1.0699557931111323,False,False,False,False,-0.24031441800928022,-0.24131170047907488,False,False,False,False,1918319,1910882.6140484551,False,False,False,False,58566.88969679381,False,False,False,False
2025-02-14 00:00:00+00:00,42.26,43.4,42.14,42.48,53712,,,,,,,42.599999999999994,42.496659792013034,44.453621921812186,46.54616778086365,46.423877456627245,45.82144192514668,44.208526289714044,43.88781557509825,43.36532236881866,41.703025034709796,43.22923076056536,44.02342559719421,44.28414516111397,44.22762306995212,43.944988744640845,43.26982771532766,43.1775598969985,43.005680363387256,42.678568636421616,42.40120929499255,41.38515933259409,41.02608004164758,40.637373424946226,40.30078106182049,40.81694213081082,,,,,,42.05212878379168,42.512923854007674,46.52517003080309,45.97048163083087,44.9356430708206,44.342173911594486,44.29107956938416,43.65622775225451,42.64502016462576,41.45681222823808,41.78545353836413,43.75996696630531,43.835417134023466,44.18776129297859,44.381246905734656,44.29574047653592,44.094166331909626,43.425977951475815,43.28422650307818,43.11739377963806,42.808646769876084,42.212680254918475,,46.54616778086365,43.22923076056536,43.78743586926987,43.727750593819735,"rgba(239, 83, 80, 0.5)",3.145828509154492,43.99470595705772,-0.5514305538301447,44.92485685989981,-9.539093096998904,False,False,False,True,True,0.0,0.0,0.0,0.0,0.0,1,0.8612293838014631,1.0513637412289445,False,False,False,False,-0.19502020362952974,-0.2181659520543023,False,False,False,False,1864607,1909067.8840857707,False,False,False,False,58376.501865547,False,False,False,False
2025-02-18 00:00:00+00:00,41.935,42.3,41.4561,42.3,67662,,,,,,,42.20811927925256,42.454749719872474,44.38876461850983,46.478453107281766,46.37217604803011,45.78397323027794,44.19245613719121,43.87470945536752,43.356446751822425,41.70381672245235,43.224769651383625,44.017539316184,44.27814211535859,44.222266044712036,43.94050579119278,43.26704821287084,43.17501546798549,43.003548778072286,42.67712436891037,42.40030038188668,41.38601853703949,41.02748742786514,40.639330293145605,40.30304493540371,40.81837950340176,,,,,,42.031428750122465,42.48297885823662,46.469553737543066,45.9291846874172,44.912140678375415,44.32481662244018,44.27420547857559,43.645052260211195,42.64095692154027,41.45870842418325,41.785894440923585,43.75424309353076,43.82983880084585,44.18170920747298,44.37521572677571,44.29002156025843,44.08923268490187,43.422808298112685,43.281408111390064,43.114987599882234,42.80693843944709,42.212117957855206,,46.478453107281766,43.224769651383625,43.750996259930744,43.71471929713697,"rgba(239, 83, 80, 0.5)",3.181618058232105,43.94913457443516,-0.6330535399193494,44.54530835293032,-9.539093096998904,False,False,False,True,True,0.0,0.0,0.0,0.0,0.0,1,0.8539211141311251,1.0691823100566467,False,False,False,False,-0.26157056339653983,-0.23986825772542109,False,False,False,False,1796945,1904670.9082392699,False,False,False,False,58740.63904729025,False,False,False,False
2025-02-19 00:00:00+00:00,41.42,42.53,40.865,42.53,49050,,,,,,,42.03453456907478,42.41377109121399,44.338494441196445,46.42753407172574,46.333030597610325,45.75524806182298,44.17948101968706,43.86392875223146,43.34880524232406,41.70352526483806,43.22084709941947,44.012707665324406,44.27327777328176,44.21791216071179,43.93680554820335,43.26461229638931,43.172757203873175,43.00160217986904,42.675690012845756,42.399262379376616,41.386284675009094,41.02816314605389,40.64041657429881,40.30438212977932,40.819137643727174,,,,,,41.99381006014891,42.45308683981165,46.427542439371074,45.89763653007035,44.89370089959168,44.31089202307436,44.26063639115386,43.63570051051905,42.6368933505818,41.45916380199766,41.78537774599674,43.749466634434036,43.82520697393604,44.17678359612269,44.37034877123464,44.28538892076423,44.085195377655246,43.42008051340421,43.27894264457187,43.11283240176975,42.80530783740588,42.21133494113837,,46.42753407172574,43.22084709941947,43.72869137155098,43.702934321310494,"rgba(239, 83, 80, 0.5)",3.2250288175261366,43.91837079790226,-0.7746816972068851,42.977910501497554,-9.539093096998904,False,False,False,True,True,0.0,0.0,0.0,0.0,0.0,1,0.8266922413508713,1.0789908996225066,False,False,False,False,-0.27521270333009334,-0.25754048052775724,False,False,False,False,1747895,1898522.8334063573,False,False,False,False,58360.6139866122,False,False,False,False
2025-02-20 00:00:00+00:00,40.27,41.28,40.16,41.28,40235,,,,,,,41.75481450780645,42.34361106010338,44.28348658000147,46.377758424591974,46.29447206142369,45.726175341752935,44.164694523107556,43.851144739253094,43.338895695159,41.70078941856731,43.21559172979849,44.00706124233741,44.26775819924934,44.21294113361291,43.93243568063635,43.26137667085742,43.169689896193496,42.99882911101198,42.67338169881502,42.39730604314966,41.38547170714598,41.027723834437,40.64035165811689,40.30460572117984,40.818940834491876,,,,,,41.897730271052346,42.40192526211256,46.38633859189288,45.86594245987307,44.874015607245504,44.29524746833613,44.245310432336964,43.62421589901607,42.63026425816244,41.45689920040914,41.78253676136147,43.74368102925822,43.819657442083965,44.17113683585875,44.36487978531394,44.28013799612833,44.0805154901091,43.41657662809616,43.275678566006356,43.10985876185311,42.802823073885506,42.20960033472697,,46.377758424591974,43.21559172979849,43.69861068787145,43.68612743732533,"rgba(239, 83, 80, 1.0)",3.2905189040116167,43.87568659011019,-1.0957805426111782,39.52734825512607,-6.069152637844702,False,False,False,True,False,0.0,0.0,0.0,0.0,0.0,1,0.8178196356455012,1.092090077826769,False,False,False,False,-0.34282825441539394,-0.3001843674715756,False,False,False,False,1707660,1891038.0164100297,False,False,False,False,57649.80559498035,False,False,False,False
2025-02-21 00:00:00+00:00,39.31,41.05,39.25,41.05,73895,,,,,,,41.26535251446123,42.18203110190989,44.16825794880167,46.27775405567856,46.216486532244616,45.66648665593099,44.13262381276864,43.8229682180513,43.316324068390244,41.69270983326824,43.2034543721154,43.99463699629664,44.255752858888435,44.202099089050336,43.92277486558108,43.25391403353606,43.1625635175414,42.99228949354791,42.66774895183265,42.39235172162956,41.382704784846666,41.02568864692033,40.63904956077701,40.303934858869894,40.81756607517157,,,,,,41.67413616836706,42.281591268306364,46.30322687717212,45.80113982897057,44.832520244544334,44.26151767216262,44.21219376377732,43.59856284370022,42.61410032526818,41.44951091417445,41.774361192600566,43.730778334108834,43.80732950101096,44.158805031796525,44.35303120926798,44.268720551251334,44.07024546115594,43.40858686940711,43.26815860676315,43.10291530061195,42.79684778500755,42.20506807982627,,46.27775405567856,43.2034543721154,43.63942903207625,43.64857159822088,"rgba(239, 83, 80, 1.0)",3.376291820838301,43.78847473239743,-1.326447762825628,35.67605790219895,-9.637825447374802,False,True,False,True,False,0.0,0.0,0.0,0.0,0.0,1,0.8131781358757643,1.092398105490967,False,False,False,False,-0.34282825441539394,-0.3215063109434848,False,False,False,False,1633765,1880948.8785115972,False,False,False,False,58286.87204223603,False,False,False,False
2025-02-24 00:00:00+00:00,38.65,39.53,38.065,39.32,102388,,,,,,,40.59932876951412,41.89704542366121,43.97903552836498,46.12077811819355,46.092954388455404,45.57014553145402,44.07748362062166,43.77368715629572,43.27550784100105,41.674814883918835,43.18117170810398,43.97289686741113,44.234999629648144,44.18329907980533,43.905780846819496,43.24021849990088,43.14939347804503,42.98003431959146,42.65686752286704,42.38248068212297,41.376057215673775,41.020155047612654,40.63463183396699,40.300614825568516,40.81342073685072,,,,,,41.28636059460274,42.06329327666745,46.17203316822404,45.697081756643584,44.76340785198928,44.20390074570708,44.15548627317852,43.55307203748024,42.582986282246615,41.43219725477638,41.75654354474431,43.707888989681514,43.78554461494069,44.137396315753904,44.33263492993832,44.24898881979784,44.052319897521464,43.39408532213105,43.25437252652392,43.09002263599264,42.785451102052825,42.19581452581282,,46.12077811819355,43.18117170810398,43.5473961947898,43.58348084192708,"rgba(239, 83, 80, 1.0)",3.460601308214305,43.648530025149824,-1.4444108349855256,32.200807880757246,-12.757379024404713,False,True,False,True,False,0.0,0.0,0.0,0.0,0.0,0,0.8196149521203621,1.102128791663638,False,False,False,False,-0.34282825441539394,-0.3321672826794394,False,False,False,False,1531377,1867240.1773934953,False,False,False,False,60016.32804057971,False,False,False,False
2025-02-25 00:00:00+00:00,38.42,38.96,37.86,38.65,111350,,,,,,,40.11083890449777,41.60863314574815,43.77544554490314,45.94990008673746,45.95724665063595,45.463374280931895,44.01509497178873,43.71766662520719,43.228714988370996,41.65339919103958,43.15537796305846,43.94795449548661,44.2112394421707,44.16174889987762,43.88623334399264,43.22431462263567,43.13407612924862,42.96573779114442,42.64409360288611,42.370822168349,41.36794894936367,41.013284627603895,40.62900170395436,40.29624448713808,40.80820310175393,,,,,,40.92441930012132,41.83348735119394,46.02822305087379,45.582055569875116,44.68591866223277,44.13882761218378,44.09139745157745,43.50117576577639,42.54680558248099,41.411299309172094,41.73527145534659,43.681568307594524,43.7605033595248,44.112869781219054,44.30930061951473,44.22639230061968,44.03173923298839,43.37728670032969,43.23836734161438,43.07501266775152,42.77210703374901,42.18483463723491,,45.94990008673746,43.15537796305846,43.459095642435535,43.51459607109955,"rgba(239, 83, 80, 1.0)",3.547804590787738,43.51119620226743,-1.4350272321895272,29.5811864488783,-15.051737614308834,False,True,False,True,False,0.0,0.0,0.0,0.0,0.0,0,0.7972126830329213,1.1369986934944218,False,False,False,False,-0.34282825441539394,-0.33749776854741664,False,False,False,False,1420027,1849702.4057310054,False,False,False,False,62029.41321545894,False,False,False,False
2025-02-26 00:00:00+00:00,38.0,38.99,37.7912,38.3,138907,,,,,,,39.70745014069389,41.29520617945372,43.53476523977129,45.74295290486088,45.79123376741824,45.33176935626222,43.93709396571171,43.647434241139784,43.16977512722778,41.62583203662034,43.12256417208255,43.91630019643339,44.181094868532035,44.134380834334806,43.86136640964356,43.203995130227256,43.11449181854784,42.94743320319124,42.62769364285152,42.355815721580306,41.35737569855968,41.00426334379345,40.62153607455275,40.29038034980344,40.801312292473405,,,,,,40.562611793431785,41.57328378964793,45.85267092302952,45.44060249628065,44.589570594294074,44.05755773083029,44.011325723804326,43.43598464550255,42.50090391817021,41.38432227589158,41.707907079796485,43.648155772109234,43.72870609639484,44.08175335885141,44.27969975572248,44.197712526938815,44.005581746099395,43.35584816879423,43.217920767553906,43.05581267114378,42.75499424432164,42.170674667320725,,45.74295290486088,43.12256417208255,43.36243244782922,43.434396591714375,"rgba(239, 83, 80, 1.0)",3.6212210958771007,43.35961734250214,-1.4800580247928719,27.28795674977994,-17.077073307577948,False,True,False,True,False,0.0,0.0,0.0,0.0,0.0,0,0.7797553714831692,1.137440481360697,False,False,False,False,-0.34282825441539394,-0.34016301148140526,False,False,False,False,1281120,1827405.0564866522,False,False,False,False,65044.2205403429,False,False,False,False
2025-02-27 00:00:00+00:00,37.33,38.76,37.29,38.03,102272,,,,,,,39.442719604780535,41.06941449804392,43.356030295678806,45.588491856167295,45.66620930805316,45.23170696365334,43.876387881004725,43.59248529786779,43.12322180016818,41.603042649806355,43.09639050388654,43.891312530811014,44.15735952683035,44.11280308884635,43.841682793917506,43.187737223464794,43.098795151892425,42.9327130451241,42.614414206797484,42.34358479223094,41.348469765125884,40.99653480825702,40.61498804132875,40.28509591178112,40.79533440373235,,,,,,40.31087352736219,41.38092786234423,45.72076272918051,45.33334985201879,44.51535970262889,43.99443728181084,43.94908848701867,43.38477529069586,42.46407797219131,41.36182772646454,41.68534115584995,43.621707543680586,43.703549327519184,44.05723294004717,44.25641347688204,44.1751250213806,43.984920617984976,43.338741895768564,43.20156554513885,43.04040668332207,42.74117677586619,42.15907685528842,,45.588491856167295,43.09639050388654,43.29132515095127,43.37402423196448,"rgba(255, 0, 0, 1.0)",3.6876726015491577,43.24825952934699,-1.6048766169916449,24.958903369670924,-19.1825283448143,False,True,False,True,False,0.0,0.0,0.0,0.0,0.0,0,0.7784859682569572,1.1307505825311275,False,False,False,False,-0.34282825441539394,-0.3414956329483996,False,False,False,False,1178848,1801971.446428352,False,False,False,False,66504.13346032945,False,False,False,False
2025-02-28 00:00:00+00:00,32.09,35.54,27.61,35.54,610609,,,,,,,35.961978323901796,38.47809379022085,41.536458629160805,44.14967320758736,44.4779840268517,44.2414987887495,43.200675461421,42.96386281832328,42.56400202300252,41.265115372283034,42.773064835892775,43.602443980253256,43.888007713155424,43.86656763561326,43.611888493453336,42.98610255439907,42.90232219159485,42.74517054189762,42.43905769359139,42.176649446783514,41.20732512094522,40.8654924382074,40.49407141821391,40.17855815451802,40.68922804387276,,,,,31.746666666666666,37.297975423752085,39.135885871779095,44.4767883567383,44.2835697143016,43.73386969192033,43.29942132481041,43.26099839262668,42.78658624954887,41.98585645131642,41.01518661236978,41.35466122238619,43.309842680225415,43.408443332212585,43.77715679833798,43.993905056646135,43.91881538373967,43.74663826107123,43.129740010572355,42.99901227644803,42.84639936214543,42.561363316779,41.99693051551727,,44.14967320758736,42.773064835892775,42.49153087640682,42.13305098887349,"rgba(255, 26, 202, 1.0)",3.9199897005288613,41.52985159125246,-2.4081317330958516,20.18258783596295,-23.568278964982667,False,True,False,True,False,0.0,0.0,0.0,0.0,0.0,0,0.6880142718399791,1.1394507545753234,True,False,False,False,-0.34282825441539394,-0.3421619436818968,False,False,False,False,568239,1753589.7818625343,False,False,False,False,87841.5792069832,False,False,False,False
2025-03-03 00:00:00+00:00,33.02,34.03,32.3,32.51,112313,,,,,,,35.743456019597105,38.2173166163005,41.30052720051862,43.94268374713127,44.30235218557116,44.093244236907005,43.09839710370405,42.868674056723336,42.47934969740791,41.214051050274904,42.722730172436435,43.556768097275786,43.84517947322873,43.827339278408964,43.57533943423688,42.95421272849068,42.87126931048664,42.7155691930501,42.41147164677701,42.1504732626817,41.18550839226046,40.84535293736371,40.475615858615804,40.16238786310017,40.67293017963694,,,,,31.959509559814197,37.04385154866562,38.88849357251509,44.29377449863697,44.127090816317875,43.61567658279608,43.194234753387086,43.156860639778444,42.69602151182433,41.913655967367056,40.96315519229237,41.304551966733406,43.26084056285797,43.36193292504857,43.73273169147801,43.95208283095013,43.87799469091063,43.708705120384884,43.096643259627726,42.96697433388113,42.81575306644317,42.53303657327462,41.971567178423165,,43.94268374713127,42.722730172436435,42.39452022556044,42.055739101263384,"rgba(255, 26, 202, 1.0)",4.080336612814434,41.3949162753628,-2.0525062194773573,19.533184753386152,-24.06592652291596,False,True,False,True,False,0.0,0.0,0.0,0.0,0.0,0,0.7578843254820908,1.1551531026391364,False,False,False,False,-0.2773778201538264,-0.3097698819178616,False,False,False,False,680552,1711509.8688483173,False,False,False,False,88801.24276749366,False,False,False,False
2025-03-04 00:00:00+00:00,31.09,32.66,30.84,32.66,354252,,,,,,,34.92181765775188,37.3278344221408,40.50710722213551,43.249202534810735,43.708536131250746,43.58646720634922,42.739780877186305,42.533188427973435,42.17839845645062,41.02634367352273,42.54168454157748,43.39376674640028,43.6926440435702,43.687406684221024,43.444468996583964,42.83895643943305,42.75887854114061,42.60814501967321,42.31084861830151,42.05456294772064,41.104078282541145,40.769608860684976,40.40558285187502,40.1004887142714,40.61128241149602,,,,,31.81825603848589,36.15689017822843,38.04403493241229,43.67655938283576,43.59388779042397,43.20571076652485,42.8261828927424,42.79219887081159,42.375635491043965,41.65371288570695,40.7711433779484,41.12055009032649,43.085621674639384,43.19564873238437,43.574417663523576,43.80323929474238,43.732548270694096,43.57315211447736,42.977298526907234,42.85120869851606,42.704734256996886,42.42992334989293,41.87834192404441,,43.249202534810735,42.54168454157748,42.055501959409696,41.741394883668775,"rgba(255, 26, 202, 1.0)",4.322101729524704,40.88332727716069,-2.265871534272667,18.11165312985686,-25.44141386136254,False,True,False,True,False,0.0,0.0,0.0,0.0,0.0,0,0.747027568515172,1.160859883173933,False,False,False,False,-0.33510269628946765,-0.3224362891036646,False,False,False,False,326300,1657187.9132072069,False,False,False,False,99211.0763844547,False,False,False,False
2025-03-05 00:00:00+00:00,33.16,33.49,31.09,31.09,107620,,,,,,,34.79084483627082,37.14343566802191,40.316255271861664,43.07114007369881,43.55354435693688,43.45322125499753,42.644993409675656,42.44452014659479,42.09891514647544,40.97689850619192,42.49297247088038,43.34942472892125,43.65098618223986,43.64914162838037,43.40872685359106,42.80760964241126,42.728326229359375,42.578972095371824,42.28358880912801,42.02864077130252,41.082294830096636,40.749428834161726,40.387015146921456,40.08414181294027,40.59486484307093,,,,,31.887448560678063,35.99023653362772,37.8599574900199,43.51590490579233,43.45405960203074,43.097327372446756,42.72889646321487,42.6958139098627,42.2909870140654,41.58522664980143,40.720802720948164,41.07198599108688,43.038166016942135,43.15051801729482,43.531255131838975,43.76253348085578,43.69278243704337,43.5361058065683,42.94480940958124,42.81972126055849,42.67456709898294,42.40196054907674,41.85318962385805,,43.07114007369881,42.49297247088038,41.97360790411557,41.66872693871291,"rgba(255, 0, 0, 1.0)",4.463398669700562,40.767176569351086,-1.704346201694198,21.71113906452457,-25.44141386136254,False,True,False,True,True,0.0,0.0,0.0,0.0,0.0,0,0.7694799844751161,1.1467074308359606,False,False,False,False,-0.30925555104998975,-0.3158459200768272,False,False,False,False,433920,1609216.6224931986,False,False,False,False,99540.83809486825,False,False,False,False
2025-03-06 00:00:00+00:00,31.83,32.755,31.62,32.71,94162,,,,,,,34.66383646384041,36.97664296165425,40.14609598967969,42.912785462295076,43.41527305747275,43.33389347661103,42.55935530206383,42.36426839023293,42.026762758995275,40.93150154519909,42.4485611817428,43.30909577958844,43.61312029159956,43.61433963221446,43.37617808168865,42.77897523682835,42.70040434652458,42.55228709931306,42.258611776990655,42.00485433843116,41.06218503288237,40.73075297981261,40.369781464802664,40.068926032755606,40.57964174827379,,,,,31.900766041469247,35.83662072424486,37.694131003242234,43.372707971637816,43.3289761230047,42.99976897766979,42.64106300629451,42.60877140910751,42.21427531644847,41.522790294941885,40.67452541452454,41.027412611892565,42.99498072551,43.10944833950137,43.49201563028495,43.72554083171,43.65662994251007,43.502392154283584,42.915154094056426,42.790960546443536,42.64698902490858,42.37635666232319,41.830085863266596,,42.912785462295076,42.4485611817428,41.8993421586483,41.60044655793891,"rgba(255, 0, 0, 1.0)",4.637406831098299,40.65966550727153,-1.9040092510452349,23.126289522960455,-25.44141386136254,False,True,False,True,True,0.0,0.0,0.0,0.0,0.0,0,0.7803919951052175,1.1329950983425112,False,False,False,False,-0.3124736690667435,-0.31415979457178533,False,False,False,False,339758,1559433.931415034,False,False,False,False,99329.90326761852,False,False,False,False
2025-03-07 00:00:00+00:00,31.04,31.95,30.57,31.78,99676,,,,,,,34.500204016927725,36.78198508349073,39.95461571261381,42.73681901343024,43.26139196826631,43.20059877220326,42.46270791918291,42.273499051282414,41.94484496537697,40.87921715845035,42.39800146890956,43.26339432849359,43.570265249197945,43.5749310623074,43.33925565654082,42.74634847575222,42.66856848981833,42.52182355045071,42.23002877496995,41.97757527123414,41.03891792526311,40.70906758498053,40.34968696774383,40.05111400002046,40.561923179578116,,,,,31.84913618717686,35.65149828860465,37.5026997458751,43.21345594019082,43.18939263975742,42.89018173755691,42.54202642174002,42.51059366965224,42.12736766342479,41.4515034629114,40.62111090431815,40.976111142777704,42.94597660318223,43.06285883883802,43.44758667119474,43.68369361824029,43.615711549230284,43.46418433680307,42.88140053206175,42.758193241929554,42.6155317735363,42.347084924595514,41.803549574853555,,42.73681901343024,42.39800146890956,41.81430379944497,41.519234159773305,"rgba(255, 0, 0, 1.0)",4.852925139068749,40.53328165819914,-1.956197836594044,23.5283189122802,-25.44141386136254,False,True,False,True,True,0.0,0.0,0.0,0.0,0.0,0,0.7744010062128116,1.1285105147856618,False,False,False,False,-0.34282825441539394,-0.32849402449358966,False,False,False,False,240082,1507694.6399869935,False,False,False,False,99343.47568849623,False,False,False,False
2025-03-10 00:00:00+00:00,29.67,30.47,29.08,30.47,141401,,,,,,,34.20230783785586,36.46141866399931,39.65403841458154,42.46590825784298,43.02425065195501,42.99427296860807,42.311155102165394,42.13075754344096,41.815393112232634,40.79507356594932,42.31789584323674,43.19145415977569,43.50293230899888,43.51297404993821,43.28106962061772,42.694624637739736,42.618054421631165,42.473406999634776,42.18445430226296,41.93395568954806,41.00127944214992,40.673825063258185,40.316854348475054,40.02186414118462,40.53304091982368,,,,,31.652933890251074,35.33548178802301,37.19172868954395,42.96821916520697,42.973582403504246,42.71937240442589,42.386905773659315,42.356751177205176,41.99040911373189,41.3380291154256,40.53489816016344,40.8936252441778,42.86868579401598,42.98941269957083,43.37773507523516,43.61798892132824,43.551420041516224,43.40404847986951,42.82796727059645,42.70625366694968,42.56559009048925,42.30047286217139,41.76103256981512,,42.46590825784298,42.31789584323674,41.67826990760075,41.384272443720015,"rgba(255, 26, 202, 1.0)",5.10375921072704,40.325390711691114,-2.0877534130716233,22.931425295357723,-25.44141386136254,False,True,False,True,True,0.0,0.0,0.0,0.0,0.0,0,0.746536889287925,1.1319240108555921,False,False,False,False,-0.34282825441539394,-0.33566113945449183,False,False,False,False,98681,1452439.2031247586,False,False,False,False,100992.79036737872,False,False,False,False
2025-03-11 00:00:00+00:00,29.75,30.46,29.55,29.55,91885,,,,,,,34.034968509619915,36.273475546165216,39.4713995101788,42.298244051988405,42.87658868996931,42.86533095065339,42.215976435337126,42.04105382085779,41.733966963213064,40.74195282125197,42.26712017017327,43.1457350571432,43.46009610724719,43.473532125535904,43.24402448462834,42.66169743905662,42.58589635177641,42.442583134798106,42.15544281161484,41.90619312827208,40.97734417797426,40.65141997835185,40.29598904990208,40.00327702456363,40.51466681604109,,,,,31.55415055852718,35.153674600927886,37.007237220571355,42.81569332531948,42.838876615454076,42.612242591774276,42.2895110203263,42.26015101981171,41.90430672992752,41.26658894144962,40.480526083010744,40.84152507785698,42.819625902336945,42.942761076602395,43.33331863867116,43.5761731858905,43.510500952943666,43.3657638388496,42.79395199019716,42.67318942070874,42.53379676419082,42.2707992209374,41.733975811180784,,42.298244051988405,42.26712017017327,41.59476390547405,41.30198843955786,"rgba(255, 0, 0, 1.0)",5.328762049668009,40.19969815925416,-1.9609992080440515,22.710971711199022,-25.44141386136254,False,True,False,True,True,0.0,0.0,0.0,0.0,0.0,0,0.7614809755589115,1.1322569983034836,False,False,False,False,-0.3326004096774655,-0.33413077456597867,False,False,False,False,190566,1402953.9794728071,False,False,False,False,100635.62211767759,False,False,False,False
2025-03-12 00:00:00+00:00,29.61,30.52,29.44,30.2,81020,,,,,,,33.895795362621996,36.11492932795301,39.31491953185311,42.153342316925254,42.74849767519641,42.75318156523199,42.13283105225128,41.96263595028874,41.66270840512082,40.69527044969806,42.222464412378166,43.105490779181004,43.42237300076322,43.43878181931651,43.211375325272336,42.632660625685446,42.557534550621405,42.41539254160642,42.129843609497996,41.88169081542516,40.95620438018945,40.63162537241962,40.27754846327158,39.98684182150773,40.49842153621958,,,,,31.47291300291762,35.00138059929628,36.850771790992404,42.68348501767265,42.721813812446115,42.51879331547338,42.20445332300456,42.175779100877186,41.82900244431543,41.203986356378294,40.432758537450695,40.79573021639471,42.77646363994624,42.901702529109734,43.29421300456276,43.539343195301235,43.47445644542826,43.33202793808774,42.763960433127764,42.64403234165619,42.505755104432595,42.24461855204799,41.71009342418473,,42.153342316925254,42.222464412378166,41.52258595584442,41.23085335222196,"rgba(255, 0, 0, 1.0)",5.533591215362654,40.091698924413365,-1.8941946588525562,22.468043355939493,-25.44141386136254,False,True,False,True,True,0.0,0.0,0.0,0.0,0.0,0,0.7475979662985848,1.1327686889606667,False,False,False,False,-0.3332696503338341,-0.3337002124499064,False,False,False,False,109546,1352232.097924854,False,False,False,False,99866.3820346314,False,False,False,False
2025-03-13 00:00:00+00:00,28.91,29.51,28.84,29.51,72010,,,,,,,33.75751763936732,35.96390346246842,39.16907623823865,42.01946981502478,42.630073929533324,42.64925956669499,42.05528881444544,41.88940162550651,41.59600405286541,40.65119046987854,42.180588899313,43.06785903162527,43.38712701743317,43.40630196901599,43.18082492898094,42.605414461786665,42.53091083606664,42.389848481000655,42.10575865666137,41.85860769180169,40.93618406930716,40.61283999795658,40.26000618520236,39.97117202486291,40.48298263004118,,,,,31.375553987992856,34.854004142278,36.70265491685468,42.56130392144777,42.61340515735186,42.43189677056636,42.12517188808033,42.09712031557638,41.75860428446389,41.14518274214541,40.387597345652445,40.75250483780577,42.736069879958634,42.863284355836704,43.257665447557905,43.5049417256793,43.440777279382544,43.30047955172133,42.73583736528931,42.616675091570414,42.47942495214104,42.22000127908369,41.68757375262019,,42.01946981502478,42.180588899313,41.45472137938543,41.163036550360594,"rgba(255, 0, 0, 1.0)",5.737548818218579,39.98912453082774,-1.9309856668492165,21.819716969131317,-25.44141386136254,False,True,False,True,True,0.0,0.0,0.0,0.0,0.0,0,0.7546874070507902,1.146613155590234,False,False,False,False,-0.34282825441539394,-0.33826423343265016,False,False,False,False,37536,1300675.3882023105,False,False,False,False,98773.97489601841,False,False,False,False
2025-03-14 00:00:00+00:00,29.45,30.095,29.32,29.32,45863,,,,,,,33.6831405574756,35.878276201844834,39.08315233610163,41.93909574004073,42.55865182992685,42.58647031557171,42.00839863739346,41.845122563920256,41.555689049742334,40.62458084375074,42.15514141664771,43.04490970738461,43.36560557378954,43.3864621584753,43.162172221575794,42.58880298620141,42.51468163253119,42.374282724478924,42.09109377496945,41.84456348351734,40.924042455810884,40.601461332218165,40.249395783962484,39.96170482220917,40.47363197277236,,,,,31.331132712543358,34.77226655210653,36.61765241743814,42.487669645961915,42.5479494637546,42.379331540568025,42.07722682979991,42.04955351115462,41.716047817881226,41.109675913937835,40.3603740465009,40.72639559644889,42.71147073182981,42.839872983656576,43.23536133616071,43.483926580272005,43.4202055881658,43.28121275126541,42.71868576571864,42.59999549460345,42.46337687992924,42.205007287986724,41.673880038779565,,41.93909574004073,42.15514141664771,41.414514687766975,41.12330036398843,"rgba(255, 0, 0, 1.0)",5.900705299880346,39.92934388418322,-1.7759476794063447,22.800138162227416,-25.44141386136254,False,True,False,True,True,0.0,0.0,0.0,0.0,0.0,0,0.7645666774150248,1.1225146728924111,False,False,False,False,-0.318797036503815,-0.3285306349682326,False,False,False,False,83399,1252939.0592532004,False,False,False,False,96699.03470401769,False,False,False,False
2025-03-17 00:00:00+00:00,29.57,30.18,29.33,29.34,48817,,,,,,,33.608202888975505,35.79065338377547,38.994057236485304,41.85517309646276,42.48390255444771,42.520664231209814,41.95916184829873,41.79861564450269,41.5133304879025,40.596581584737876,42.128322175629854,43.02069810719152,43.34289082909731,43.36551675438652,43.1424791944604,42.57126567907122,42.497547664424424,42.35784890982731,42.07561164204007,41.82973751568703,40.91122917336196,40.58945451678133,40.238201205864826,39.951716567086564,40.46376233257334,,,,,31.288138924379865,34.68919635675558,36.5302930520221,42.4106393325474,42.479380892249985,42.324164182721255,42.02688732514936,41.999609557904655,41.67134347189041,41.07235601514763,40.33174054802566,40.69891740738683,42.68553116093487,42.815179100978334,43.211825217567835,43.46174293683766,43.398489453896154,43.2608718177607,42.700578297016946,42.58238633523656,42.44643420279954,42.189177382082924,41.659424901497076,,41.85517309646276,42.128322175629854,41.372613071430706,41.081963569320486,"rgba(255, 0, 0, 1.0)",6.037817663289864,39.86737555154272,-1.7054797156514203,23.776444968929017,-25.44141386136254,False,True,False,True,True,0.0,0.0,0.0,0.0,0.0,0,0.7617334100768679,1.1207440810168796,False,False,False,False,-0.31667097605013056,-0.3226008055091816,False,False,False,False,132216,1208989.135360918,False,False,False,False,94821.30785287973,False,False,False,False
2025-03-18 00:00:00+00:00,29.71,29.7918,29.09,29.46,43724,,,,,,,33.540741273605285,35.71221435085628,38.914309211401815,41.779983740341855,42.416842862155804,42.461550726462185,41.91481423424954,41.75670596887669,41.47512831493743,40.571252450365755,42.10408567499949,42.99882300718745,43.322368062488515,43.346588228090035,43.12467670096611,42.555400476483726,42.4820455371407,42.342977055421834,42.061595711651734,41.81631135275671,40.89961135132865,40.578562492533216,40.22804025273616,39.94264519673486,40.454804372056984,,,,,31.24776455751048,34.61471680607985,36.45207983404378,42.34155584789781,42.41781024735231,42.27452671665263,41.98155549956428,41.95463068266824,41.631044188469865,41.03866109570126,40.305834212920985,40.67405971070522,42.66209551516057,42.79286679361223,43.19056100062155,43.44170005343668,43.37886691716408,43.2424867509492,42.68420026564428,42.56645643524147,42.43110409755488,42.17484874955707,41.64633175484584,,41.779983740341855,42.10408567499949,41.33492074702194,41.04467365656983,"rgba(255, 0, 0, 1.0)",6.1478836371727255,39.81162351858743,-1.6431058417418163,24.82946959088713,-29.64039514779291,False,True,False,True,True,0.0,0.0,0.0,0.0,0.0,0,0.7562832086700724,1.1376681844470737,False,False,False,False,-0.330214160054129,-0.3264074827816553,False,False,False,False,175940,1168477.4045624507,False,False,False,False,92817.49185864917,False,False,False,False
2025-03-19 00:00:00+00:00,30.1,30.355,29.81,29.81,38429,,,,,,,33.491259693829605,35.65095492686166,38.84942077258495,41.71762791236364,42.361001086235966,42.412260170195275,41.87784127106077,41.72177686351663,41.443311421497725,40.55020599163665,42.083802575197744,42.9804492345502,43.30510829720882,43.33066453143065,43.109708872010536,42.542084125616334,42.469036712573924,42.33050238234544,42.04985008171499,41.80506988242846,40.88991998079284,40.56948957742031,40.21959048451013,39.93511177972507,40.4473446807857,,,,,31.224818724528333,34.55799895949258,36.390191473350235,42.284064289726544,42.36649841939697,42.233112745204146,41.94375665968296,41.91712851743109,41.59746780600711,41.01063607507725,40.284340784097175,40.653392386000434,42.64243869283406,42.77414040701276,43.172687242251946,43.42483628558727,43.36235921451115,43.227024334210626,42.67044815109525,42.55308537223944,42.41824170612534,42.162836390429526,41.63537617720827,,41.71762791236364,42.083802575197744,41.304096840243005,41.014521326986866,"rgba(255, 0, 0, 1.0)",6.24656636996793,39.766773428607024,-1.5475339340157612,26.68629882791653,-27.65332526870766,False,True,False,True,True,0.0,0.0,0.0,0.0,0.0,0,0.8024027316719405,1.1261829834565782,False,False,False,False,-0.30018165976479105,-0.3132945712732232,False,False,False,False,214369,1131061.3886972568,False,False,False,False,90684.60982497665,False,False,False,False
2025-03-20 00:00:00+00:00,30.33,30.81,29.14,29.87,62293,,,,,,,33.41410877165614,35.55452662984835,38.746299149348275,41.61799346430023,42.27158538881799,42.333221669178414,41.818422312697464,41.66562338739293,41.39213512830755,40.51628506659744,42.051082600037574,42.950787893338486,43.27723638409698,43.30494320058162,43.085528347625974,42.520567430107384,42.4480159529266,42.31034316950046,42.03086735481266,41.7869010435638,40.87425448313584,40.55482277112015,40.20593012122951,39.922930817304206,40.43528120593584,,,,,31.189648556423908,34.46911885037268,36.29246612862319,42.19204622539356,42.28425718568358,42.16660321407103,41.883018544346754,41.85686437478344,41.543477324826156,40.9655319396096,40.24970859674639,40.62007753831766,42.61071806063328,42.743914044351946,43.14382846716956,43.39760080959081,43.33569738746484,43.20204650477838,42.64822863093839,42.531480459214386,42.397457190093654,42.14342316734148,41.61766902527167,,41.61799346430023,42.051082600037574,41.254823717236825,40.96631664216698,"rgba(239, 83, 80, 1.0)",6.320048204428997,39.69533284212139,-1.48184515990848,28.61651517834133,-25.672970276706582,False,True,False,True,True,0.0,0.0,0.0,0.0,0.0,0,0.7648288872774293,1.1223098036355108,False,False,False,False,-0.30317504681762075,-0.308234809045422,False,False,False,False,276662,1097555.5303169722,False,False,False,False,89571.21336125208,False,False,False,False
2025-03-21 00:00:00+00:00,30.03,30.35,29.65,30.03,62547,,,,,,,33.3382321463207,35.45958725417756,38.64419840409498,41.51894547086433,42.18250156726892,42.254341381454374,41.75894113672577,41.609381855568785,41.340836822147644,40.48217598413356,42.01818068041417,42.92095052575433,43.249192745995444,43.27905509713519,43.06118429912717,42.49889333400619,42.426839324642906,42.29003085996137,42.01173514218144,41.76858514691113,40.85844955110668,40.54002044251821,40.19213836638168,39.91062705427838,40.42309941789703,,,,,31.15394608448607,34.38173390924792,36.19606873749034,42.100413262457096,42.20222519446926,42.10009579873956,41.822229326652874,41.79654513696215,41.48938333135118,40.92027305294757,40.21488783432828,40.58657453373875,42.57881805604184,42.713510097271815,43.114795655782274,43.37019542476902,43.30886664232587,43.17690340678033,42.625849799903605,42.509717869686895,42.376517470111715,42.12385915116385,41.59981608248397,,41.51894547086433,42.01818068041417,41.20568945894429,40.918151657771624,"rgba(255, 0, 0, 1.0)",6.380476291210757,39.62423838538776,-1.5036868640361585,29.458841001192965,-24.74686739757995,False,True,False,True,True,0.0,0.0,0.0,0.0,0.0,0,0.7823918563309898,1.1195422939290576,False,False,False,False,-0.30021115108041346,-0.3042229800629177,False,False,False,False,214115,1062910.8036378752,False,False,False,False,88511.4402882618,False,False,False,False
2025-03-24 00:00:00+00:00,30.92,31.19,30.33,30.33,50021,,,,,,,33.29401191990654,35.39682133657052,38.57168525327734,41.446386286986126,42.116824959225724,42.196072471436246,41.7150246654991,41.56788075068987,41.3030284447816,40.45713709214518,41.99374865205967,42.898665954684745,43.228206147819634,43.25967297692178,43.0429750022747,42.48272526705859,42.41104780219519,42.274894141732354,41.99749944018201,41.754976166836485,40.84677638734296,40.529113216594126,40.182003535285666,39.9016058792131,40.41412768545836,,,,,31.145896640874252,34.32667172726557,36.13081772809193,42.03292095645905,42.141677119416634,42.05092841568187,41.777336140207844,41.752003840373895,41.44948825337695,40.8869915068928,40.18938920997695,40.56195644316755,42.55504567005874,42.69083031565789,43.09308698199165,43.34967200384306,43.288778271500846,43.15808707634932,42.60914562885895,42.493482985924025,42.36090666443569,42.109293037686164,41.58656483774906,,41.446386286986126,41.99374865205967,41.170464236614166,40.8842103457985,"rgba(239, 83, 80, 1.0)",6.4282185215159116,39.574592881349545,-1.346343913540233,32.73233163869359,-21.571163901936384,False,False,False,True,True,0.0,0.0,0.0,0.0,0.0,0,0.7940528365942232,1.0882626604101167,False,False,False,False,-0.2618708195415851,-0.2830468998022514,False,False,False,False,264136,1031586.3015344292,False,False,False,False,87002.01125734959,False,False,False,False
2025-03-25 00:00:00+00:00,31.24,31.5947,30.85,30.92,53215,,,,,,,33.256226421851835,35.337761183724815,38.500049207390035,41.373236215333385,42.05031685021439,42.13696687101257,41.67045267166052,41.525768368772525,41.264682061214955,40.43178127624699,41.968833483746835,42.875859136284596,43.20670066520831,43.2398044637816,43.02431752835361,42.466183672400746,42.3948943376595,42.259416009089364,41.98295477578284,41.74108286858123,40.834899899553335,40.518030727759935,40.17172200721562,39.89246553242145,40.40501312973958,,,,,31.147915920066016,34.27662992065851,36.06839740919254,41.96462223128959,42.080299083858144,42.001003561859285,41.73176878046793,41.70679567378685,41.40901468217288,40.8532730226795,40.163607511588,40.537011064240374,42.53075050683146,42.6676365896455,43.0708535732821,43.32863179741431,43.26818637200274,43.13880271518594,42.59204986887988,42.47687261875016,42.34494031127599,42.09440562671834,41.57304470068502,,41.373236215333385,41.968833483746835,41.13536440341552,40.85070614519259,"rgba(239, 83, 80, 1.0)",6.447550087834523,39.52593938243972,-1.2851298973347933,35.818285675999164,-18.690738895678393,True,False,False,True,True,0.0,0.0,0.0,0.0,0.0,0,0.8204585814269301,1.0787327204986248,False,False,False,False,-0.23891586186030653,-0.260981380831279,False,False,False,False,317351,1003577.074023275,False,False,False,False,85677.03042372804,False,False,False,False
2025-03-26 00:00:00+00:00,30.41,32.29,30.35,31.95,46395,,,,,,31.016666666666666,33.22107279790202,35.28503760765513,38.43694062818077,41.3089980351344,41.99187114238074,42.084964218097326,41.63111993384044,41.48858340439793,41.230787789595794,40.409282900614265,41.946779311992465,42.85568798604564,43.187684062792194,43.22223159084101,43.00780831960118,42.45153090668662,42.38058301729575,42.245698761396795,41.97005734258932,41.728756853954934,40.82434189312847,40.50817053492772,40.16256580781886,39.88431810689976,40.3968985740321,,,,,31.145168349342352,34.231364415302835,36.01293688931325,41.90461775415074,42.02631549567326,41.95700391392563,41.69156755382984,41.666907690909746,41.373260950027706,40.823425426871395,40.140721375035994,40.51487939368412,42.50925898201727,42.64711924155206,43.051192385194014,43.310027915065525,43.24997634620351,43.12174288209339,42.57691023292678,42.46215932127947,42.33079330931404,42.08120731184825,41.5610455804526,,41.3089980351344,41.946779311992465,40.56866932118531,40.820827825719945,"rgba(239, 83, 80, 1.0)",6.4648249371864885,39.026430533159896,-1.332817302383101,36.29415242974226,-18.272005515983672,True,False,False,True,True,0.0,0.0,0.0,0.0,0.0,0,0.8227258730412172,1.0587549325973402,False,False,False,False,-0.2340998952506493,-0.24754063804096416,False,False,False,False,270956,974846.8358262839,False,False,False,False,84136.55864240538,False,False,False,False
2025-03-27 00:00:00+00:00,30.94,31.05,30.18,30.2,120248,,,,,,30.805000130018463,33.12342942768317,35.14520017670796,38.27194805381534,41.14151306825401,41.83926016485508,41.94890618649665,41.527734915614,41.39075434157062,41.14148115286316,40.34966276559695,41.88850691746044,42.802438308176185,43.13749005009612,43.17583103169853,42.96418822133886,42.41275765310844,42.342704376458656,42.209376608389974,41.935878721912836,41.69607018493604,40.79626744336412,40.48192271871751,40.13816111582213,39.862574590930336,40.3752765135813,,,,,31.12345860527856,34.109501957626385,35.86658832030135,41.748006475659516,41.88515737606958,41.84157406878684,41.58593843310279,41.56208744476983,41.27913580939282,40.74461313918962,40.080044039859374,40.45623714011752,42.452515984500465,42.59294382045972,42.99929636054369,43.2609261559257,43.20190435229333,43.07668331113926,42.53686356056562,42.42322736704411,42.29334423101538,42.04624243028985,41.52921084875871,,41.14151306825401,41.88850691746044,40.47770311360577,40.74133518613131,"rgba(239, 83, 80, 1.0)",6.469142677510041,38.904064462402786,-1.2310849921566633,38.14944198630837,-16.484161655950388,True,False,False,True,True,0.0,0.0,0.0,0.0,0.0,0,0.8155258478234766,1.0889335521387853,False,False,False,False,-0.2691247015108314,-0.25833266977589775,False,False,False,False,391204,951958.8814801552,False,False,False,False,85552.69359760518,False,False,False,False
2025-03-28 00:00:00+00:00,29.29,31.03,29.25,30.99,55959,,,,,,30.566602486350828,33.06506133601326,35.0708174696363,38.18900767914555,41.05903101285767,41.764213295162286,41.88189168327247,41.47648273915534,41.342182300798584,41.097022289755564,40.31969184346843,41.8595059345394,42.77605035120808,43.11264806913997,43.152860507707246,42.94256473802158,42.39346997864305,42.32385231710452,42.19128206474077,41.91882004185432,41.67972890896518,40.782136254211125,40.46867536134545,40.125805546572764,39.85153490376818,40.36434678345627,,,,,31.09382866800783,34.04184498671174,35.790192382142486,41.67099904946318,41.815655048445805,41.784537755134544,41.53360634444083,41.510143660244076,41.23234845374581,40.705218922573955,40.04948200457558,40.42677725868174,42.42435834929633,42.56607148439451,42.97360004676324,43.23663587404808,43.17811399687929,43.05436243332722,42.516958989195416,42.40386224269811,42.274699812790686,42.02880453916187,41.513276734386864,,41.05903101285767,41.8595059345394,40.425152906928766,40.70042989753849,"rgba(239, 83, 80, 1.0)",6.505389953065166,38.83453437815291,-1.467173289689695,36.57961788139539,-16.484161655950388,True,False,False,True,True,0.0,0.0,0.0,0.0,0.0,0,0.7986874051378877,1.0966130869438644,False,False,False,False,-0.29308687302977093,-0.27570977140283437,False,False,False,False,335245,927774.0233828942,False,False,False,False,84392.15659377753,False,False,False,False
2025-03-31 00:00:00+00:00,28.71,29.3,27.8,28.91,143580,,,,,,29.796804448789583,32.86948418722581,34.84554945852226,37.95258018386672,40.82974019138968,41.5560677027908,41.695723692666505,41.33305125630515,41.2060096509247,40.97199333959369,40.234451329528454,41.77802702812449,42.70231266546135,43.04334495182259,43.088761800018126,42.882125282295874,42.33933105371053,42.27090432461311,42.140403590655154,41.8707452915981,41.63358303410794,40.74190451478951,40.43083920389722,40.09038631442116,39.81978227744564,40.3330742177008,,,,,30.952827161267372,33.82855866030063,35.56319235723403,41.45741593795338,41.62263610100723,41.62552757165939,41.387258862068684,41.36484133659238,41.10100105252551,40.59390477203576,39.96235499414582,40.3430581398458,42.345536054163446,42.490889677534646,42.90186950058153,43.16891204938825,43.11175211336572,42.992028478284944,42.46114468927501,42.34951095822405,42.222314074228365,41.97970609417462,41.46821662326956,,40.82974019138968,41.77802702812449,40.27037057149513,40.58121102337268,"rgba(255, 0, 0, 1.0)",6.552885979296252,38.62770839623596,-1.5134870998169072,34.72867658829682,-16.484161655950388,True,False,False,True,False,0.0,0.0,0.0,0.0,0.0,0,0.7809947204457919,1.1174359160291505,False,False,False,False,-0.34282825441539394,-0.3092690129091141,False,False,False,False,191665,898907.002858075,False,False,False,False,86713.24849206077,False,False,False,False
2025-04-01 00:00:00+00:00,29.58,29.71,28.62,28.62,81977,,,,,,29.7065389813288,32.782412413440966,34.73748229226725,37.832470375188805,40.70985380556385,41.44641751780977,41.59731246974611,41.25700826505226,41.13380588255681,40.9057008111538,40.1892328660306,41.73440221434136,42.66262843138759,43.005976226827876,43.05417362056484,42.84952585376691,42.31017618948908,42.24239546601699,42.11301834123952,41.84489237231291,41.60878937536525,40.720370960907495,40.41061680419437,40.07148757607641,39.80285978433174,40.31635471629414,,,,,30.901177150139652,33.72945172443918,35.452303668663035,41.34504469675602,41.520730613427155,41.541237781380325,41.309672348826076,41.28780941060046,41.03135845503874,40.53492045761283,39.91623115119797,40.298606809787934,42.30320627497666,42.45047198827746,42.86322447634127,43.132370316805684,43.07594814624977,42.95839918206915,42.431077464614354,42.32024114292054,42.194112173766435,41.95329262776502,41.444022530956865,,40.70985380556385,41.73440221434136,40.205771219804305,40.52017416300621,"rgba(239, 83, 80, 1.0)",6.5465385826720786,38.53813545604959,-1.3683774017250467,35.94100841480065,-16.484161655950388,True,False,False,True,False,0.0,0.0,0.0,0.0,0.0,0,0.7971489841288579,1.121575703408909,False,False,False,False,-0.31228962446409864,-0.31077931868660635,False,False,False,False,273642,874386.8066675622,False,False,False,False,86527.513257078,False,False,False,False
2025-04-02 00:00:00+00:00,30.69,30.785,29.2,29.2,68505,,,,,,29.775282249843873,32.731275242839644,34.66513263156605,37.745201394356286,40.61950756369451,41.36312258288637,41.52234099897257,41.19903864113473,41.07878510681648,40.8552327499596,40.15490659463747,41.700865586003495,42.631921207234,42.976994147915406,43.02733088754121,42.824248956700444,42.28763176944619,42.22035784786201,42.09186314948061,41.82495122454874,41.589692747015604,40.703885947850324,40.39517160943852,40.05709275678781,39.78999772971941,40.30358774320335,,,,,30.88393495636178,33.666466648870006,35.376052081955905,41.25978824627786,41.44318374911549,41.476918122012876,41.25051518610448,41.229080337153164,40.978312616142254,40.490106394887654,39.881313121531655,40.264825000544185,42.270536101551336,42.41924053744361,42.83328200882013,43.10400656029903,43.04816300477808,42.932311250640915,42.40781329661877,42.29760679432063,42.17231747961993,41.9329062585756,41.4254074273691,,40.61950756369451,41.700865586003495,40.164799526671985,40.475672800771484,"rgba(239, 83, 80, 1.0)",6.511272605715848,38.480463875047576,-1.1964579502029762,39.418561175712945,-15.496481704370055,True,False,False,True,True,0.0,0.0,0.0,0.0,0.0,0,0.8076241823895879,1.0922608801874536,False,False,False,False,-0.2720610893359604,-0.2914202040112834,False,False,False,False,342147,853514.6573864814,False,False,False,False,85820.74803131024,False,False,False,False
2025-04-03 00:00:00+00:00,28.94,29.92,28.85,29.19,81895,,,,,,29.70158872391861,32.64969024043059,34.56304154314166,37.63009638901586,40.50344753413759,41.256462217065035,41.42627447072964,41.12436304039264,41.0078104539939,40.789971076748515,40.1101264355822,41.6575986709044,42.592501885288925,42.939847296673534,42.99292257199993,42.79180396098505,42.25859178420158,42.19195665663839,42.0645734714047,41.799178540601616,41.56496934394376,40.682394284695405,40.37498047959308,40.03821518991486,39.773082811355664,40.28687514165773,,,,,30.835205633678854,33.57329056604662,35.27082608445873,41.150591253588544,41.343820203229946,41.39430935062431,41.1743529381746,41.1534524499498,40.909811924103394,40.43193244827253,39.83565999632434,40.22078995749761,42.22852583681367,42.37910421627704,42.79488130858102,43.06767242267885,43.012556264938475,42.898849358482714,42.37787123525566,42.26845317074106,42.14421996633366,41.90657850520191,41.401278178788715,,40.50344753413759,41.6575986709044,40.102592348192715,40.41609783098588,"rgba(239, 83, 80, 1.0)",6.493957147412671,38.39451692708507,-1.4558945666667893,38.89438143042452,-15.496481704370055,True,False,False,True,True,0.0,0.0,0.0,0.0,0.0,0,0.7921833002140437,1.0965030409529597,False,False,False,False,-0.3015034602142679,-0.29646183211277566,False,False,False,False,260252,830249.4551360311,False,False,False,False,85666.7971281216,False,False,False,False
2025-04-04 00:00:00+00:00,27.72,28.33,26.875,27.72,153389,,,,,,29.281387613682508,32.43987930895313,34.327533750409174,37.383261622041054,40.262426828360674,41.035803675952,41.227303405990824,40.968541827472784,40.859432709243734,40.65308254700011,40.0150748931854,41.5670596385502,42.51054729513486,42.86277328226887,42.92151666373425,42.724347909630055,42.19792647849381,42.13258609608703,42.00745376737604,41.74509630180817,41.512971058722066,40.636777075688734,40.33197107007739,39.99783926820008,39.736772760699715,40.25120922364821,,,,,30.66755113633525,33.34846301246818,35.03353087951218,40.924634467987765,41.13804670266059,41.22263579028277,41.01555237495788,40.99571847326454,40.766397376084456,40.30928037913485,39.738486614664566,40.12741149553824,42.14099386106037,42.29553880092625,42.715144540397155,42.99233930598101,42.93869184541347,42.82934751734058,42.31539205432997,42.207556722986375,42.085457822647605,41.85138841622022,41.35044811683688,,40.262426828360674,41.5670596385502,39.956151780768735,40.28613566756633,"rgba(255, 0, 0, 1.0)",6.483794228273616,38.19302319408972,-1.6152615004992659,36.98581051385784,-15.496481704370055,True,False,False,True,False,0.0,0.0,0.0,0.0,0.0,0,0.7743931512495252,1.1095223599957977,False,False,False,False,-0.34282825441539394,-0.3196450432640848,False,False,False,False,106863,801881.3588561867,False,False,False,False,88322.56978976389,False,False,False,False
2025-04-07 00:00:00+00:00,27.15,28.335,26.0,26.04,157163,,,,,,28.914939838662903,32.222633535614946,34.08612403191818,37.130841246919694,40.01562619487674,40.80917283421703,41.02231227879229,40.80696136756735,40.70538450906029,40.510684927251916,39.915456004285225,41.472342167293284,42.4248221458318,42.78213923517035,42.84676282217263,42.65367253910795,42.134256107769524,42.07025680749587,41.947456183056715,41.68823890535727,41.458264982422506,40.58865309647189,40.28654830924094,39.955145311271586,39.6983265720381,40.2134906972618,,,,27.16166666666667,30.488596590231968,33.11717616108598,34.790410481814334,40.692738653885385,40.9262497189629,41.04506596666908,40.85096170891802,40.83220475118355,40.617376979838106,40.18135637694817,39.63662825578585,40.02953933142997,42.049457992179974,42.20812200329637,42.631737587945715,42.913522240398535,42.86139097109097,42.75655940628345,42.24984659154528,42.143646792053666,42.02375725511698,41.7933863494802,41.296945510230245,,40.01562619487674,41.472342167293284,39.808004184121096,39.402030421808014,"rgba(255, 0, 0, 1.0)",6.490041877875381,37.33735642220687,-1.5696903985990707,35.05311646849668,-15.496481704370055,True,False,False,True,False,0.0,0.0,0.0,0.0,0.0,0,0.7603505213753268,1.1182173423662585,False,False,False,False,-0.34282825441539394,-0.33123664883973936,False,False,False,False,-50300,768462.4820382971,False,False,False,False,91022.1945038908,False,False,False,False
2025-04-08 00:00:00+00:00,27.03,29.67,26.685,28.41,158165,,,,,,28.748970319455015,32.04652933762075,33.879826387937776,36.90445084397159,39.788249104988566,40.598694016717694,40.831114037644724,40.6554967263322,40.560900950251174,40.377038825228155,39.82165053519362,41.382433308418626,42.34305168366561,42.705079373292804,42.77525382563556,42.58607304760958,42.07340934725575,42.01069445359365,41.890129122916505,41.63394010885372,41.40604990902483,40.54283619154423,40.24334178864838,39.914577794387256,39.661814551595704,40.17758184449585,,,,27.479339587138895,30.35698855784836,32.92420378127434,34.57953599917487,40.47768243335939,40.728999280371475,40.87878316917671,40.69670614996013,40.67895001196959,40.477571829719146,40.06124700837502,39.540892990188084,39.937298606914624,41.96233211741832,42.12482186935078,42.552096765211346,42.83814856146247,42.78746578451584,42.686934132694745,42.18719812779188,42.082571023323204,41.96480046830806,41.737981773656784,41.24590190717237,,39.788249104988566,41.382433308418626,39.680649267829146,39.297859838195805,"rgba(255, 0, 0, 1.0)",6.483922109257523,37.18350156750703,-1.5659505768908306,33.62283311313858,-11.341998750223965,False,False,False,True,False,0.0,0.0,0.0,0.0,0.0,0,0.7837444777491149,1.0946667850316973,False,False,False,False,-0.2969640832265626,-0.31410036603315095,False,False,False,False,-208465,730151.6003897365,False,False,False,False,93655.24569981666,False,False,False,False
2025-04-09 00:00:00+00:00,30.38,30.67,26.52,26.52,128374,,,,,,28.796322591616835,31.95719777550574,33.75824090974603,36.75554509459836,39.630580731473415,40.45087488523909,40.69612206278014,40.54818574906273,40.45854483884288,40.28241309133963,39.75528279746242,41.31772696287769,42.28365189708711,42.64891174095092,42.72306994982587,42.53678893989512,42.02918971325011,41.96742335759564,41.848511508663144,41.5945909154533,41.3682758290066,40.50993272079464,40.21239783568359,39.88561688552108,39.63580838979752,40.15185518122971,,,,27.97427609822208,30.312474911278848,32.81745220553266,34.45082045569481,40.32696209312059,40.590009199761916,40.760923829264364,40.58741001206416,40.57036935312941,40.37855809586485,39.976353467453045,39.473414624114554,39.871932652392225,41.899282253179045,42.064429465431154,42.494133797394134,42.78314421831371,42.73352941143153,42.63614689494551,42.14163764555165,42.03818293960641,41.921982156050426,41.69780127529682,41.20902276442401,,39.630580731473415,41.31772696287769,39.601958775663306,39.24216303420702,"rgba(239, 83, 80, 1.0)",6.45699118771257,37.105164199206925,-1.0415321941285407,39.48321935072605,-15.90972874356531,True,False,False,True,True,0.0,0.0,0.0,0.0,0.0,1,0.7815817129524876,1.0800938287248647,False,False,False,False,-0.2783641163789118,-0.29623224120603137,False,False,False,False,-80091,698377.3807666096,False,False,False,False,95016.76547629443,False,False,False,False
2025-04-10 00:00:00+00:00,29.32,30.0,28.57,29.4,101423,,,,,,28.83544637040475,31.893048150529,33.668690648805935,36.64350681791378,39.51053134553074,40.3378511234174,40.592632593493455,40.46559674551909,40.37972457521427,40.20948573855758,39.703954922559134,41.26753415562629,42.23747983150501,42.60521414408544,42.68244698218637,42.49841642474281,41.9947561394668,41.93372631711132,41.81609896916805,41.56394409048711,41.33885682554628,40.484315292092745,40.18830794103086,39.86307352320565,39.61556203210875,40.13181159436348,,,,28.22031291294046,30.28275803796635,32.73968876467974,34.35536995655014,40.21181417997172,40.483549769084796,40.67031844461734,40.50331140994709,40.48681532966373,40.30228545986071,39.910868441645675,39.4212682566711,39.821359375434035,41.850322013756696,42.0175052537149,42.4490583429325,42.740338624406135,42.691551374686945,42.59660763317165,42.10616202732627,42.00361865029755,41.888637326529576,41.66650699900588,41.18030240822633,,39.51053134553074,41.26753415562629,39.54200430431622,39.1930632804514,"rgba(239, 83, 80, 1.0)",6.455614298652961,37.0396369187334,-1.1958020664809843,41.79965840950413,-13.884980463214745,True,False,False,True,True,0.0,0.0,0.0,0.0,0.0,1,0.8122790413524424,1.0780102955462751,False,False,False,False,-0.24802438007570984,-0.2721283106408706,False,False,False,False,-181514,663871.836422821,False,False,False,False,95267.990359577,False,False,False,False
2025-04-11 00:00:00+00:00,29.78,30.15,28.86,29.235,91688,,,,,,28.885703229953414,31.844061118037967,33.596120918038835,36.549099482670194,39.40749819908407,40.240352361858626,40.503122553656986,40.39394915723023,40.311324753601795,40.14617619321622,39.6593105001185,41.2236465710329,42.19698231147587,42.56684119954206,42.646752476377685,42.46470193741164,41.96451919003386,41.90413706044871,41.78763995031024,41.537044368829804,41.3130441991412,40.46187556673267,40.16721895033858,39.84335268997969,39.59785726705784,40.114255403060035,,,,28.41847960076192,30.265080853831464,32.678160697157836,34.27701347740125,40.11257305342044,40.391556531938775,40.59176176367979,40.43036247995136,40.41433660150449,40.23608684949047,39.854010068549314,39.37596818121853,39.77734620939056,41.807437354259044,41.976374315527714,42.4094970343395,42.70273320740329,42.65467254342654,42.561866425734245,42.0750068867871,41.97326688688041,41.859358872804854,41.63903492536682,41.15511012360087,,39.40749819908407,41.2236465710329,39.49144917664649,39.15051620678868,"rgba(239, 83, 80, 1.0)",6.437706333612726,36.98464099382431,-1.1191316628109051,44.10440038021879,-11.816956728614336,True,False,False,True,True,0.0,0.0,0.0,0.0,0.0,1,0.8059374148162785,1.0826691608043597,False,False,False,False,-0.23537405325905345,-0.25375118194996205,False,False,False,False,-89826,634315.058523887,False,False,False,False,95127.59858077006,False,False,False,False
2025-04-14 00:00:00+00:00,29.62,30.41,29.53,30.41,62778,,,,,,28.927552524137024,31.815403076215507,33.55100102724293,36.48823821464633,39.33999222053862,40.17619565908677,40.44409422262831,40.346588253466926,40.26610021410297,40.10430662210136,39.629743521430534,41.19444614498176,42.16996511068366,42.541215223071944,42.622903321310226,42.44217776779914,41.94432900730894,41.884380070426694,41.768639273636175,41.51909040557872,41.29582160613776,40.446926237843776,40.15317730001866,39.83023077338208,39.58608118630004,40.10256105787079,,,,28.547236613964444,30.25794308545655,32.640798681857525,34.227696539595534,40.04731942511966,40.33093745717475,40.539855040654174,40.38214526703987,40.36642922845319,40.192313500327124,39.816404943792676,39.345999532345374,39.74818291925459,41.7788608644821,41.94894969180248,42.38308971607721,42.67761078121305,42.630035464413865,42.538655097555086,42.05420150760847,41.95299999227978,41.839810385516664,41.62069641534548,41.13830591181403,,39.33999222053862,41.19444614498176,39.45881809401972,39.12273326790938,"rgba(239, 83, 80, 1.0)",6.4192081525921765,36.94960734369048,-1.141824220286527,45.3805453067021,-10.647062734727498,True,False,False,False,True,0.0,0.0,0.0,0.0,0.0,1,0.8233279952535505,1.071164061734013,False,False,False,False,-0.21469049650884894,-0.2342208392294055,False,False,False,False,-152604,603455.4876013816,False,False,False,False,93858.98687172026,False,False,False,False
2025-04-15 00:00:00+00:00,29.4,30.17,29.38,29.54,46948,,,,,,28.950186997507043,31.792339189999282,33.51614637352304,36.442069006193016,39.28905986014938,40.127797290680014,40.39953692249043,40.31076607193366,40.231878774568564,40.072600081213714,39.607290908661945,41.17231692044217,42.149505411850924,42.5218124256427,42.604842889099835,42.42511454770189,41.929020708436596,41.869398263101736,41.75422746214665,41.50546630674857,41.282747355851804,40.43555995904146,40.142494521751544,39.82024062837557,39.57710953093013,40.09365979030229,,,,28.616586688706146,30.250162541435593,32.61150590084283,34.189846773488135,39.99809738451284,40.285186871686165,40.5006314347191,40.34568192246977,40.33019774679896,40.15917936384097,39.78789639480655,39.32323329211941,39.72603929659378,41.75721645322885,41.92817796277953,42.363094402353525,42.65859042724914,42.61138048858694,42.521074687584935,42.03843008568436,41.937633849936255,41.82498547893135,41.60678303763623,41.1255458025987,,39.28905986014938,41.17231692044217,39.43356882060456,39.10011050597438,"rgba(239, 83, 80, 1.0)",6.3871754130254095,36.92097285983793,-1.1775115561254765,45.853017019740115,-10.120315477594943,True,False,False,False,True,0.0,0.0,0.0,0.0,0.0,1,0.8382027451409885,1.0598719885080015,False,False,False,False,-0.2233412603271677,-0.22878104977828662,False,False,False,False,-199552,571964.9978915235,False,False,False,False,92019.34032773125,False,False,False,False
2025-04-16 00:00:00+00:00,29.16,29.74,28.84,29.14,42018,,,,,,28.958273620230596,31.768301418674966,33.48227608517904,36.398850954930516,39.24203931650371,40.08320414586417,40.358484757388574,40.277703140757296,40.20027719140045,40.04329384700004,39.5864710340864,41.15189253425706,42.130661765295145,42.503953988892725,42.588219651060086,42.409400759487966,41.914903249027866,41.85557921422759,41.74092923876633,41.492885437699194,41.270666049765985,40.42502786836013,40.13258513279128,39.810962230476854,39.56876803673657,40.08539891794534,,,,28.650160292787966,30.238798450905872,32.58226668823667,34.153535711646725,39.95273597309365,40.24303132764142,40.46446951296441,40.31203432281535,40.29676128829272,40.12856939761247,39.76150704596539,39.30210239655433,39.70551314613449,41.73726716698233,41.90903813814695,42.34468590547206,42.64108808953212,42.59421174602237,42.50488922998512,42.02389033981569,41.92346346532685,41.81130934206618,41.59393897350903,41.11374909974741,,39.24203931650371,41.15189253425706,39.40938006753648,39.0773278085304,"rgba(239, 83, 80, 1.0)",6.345915849818094,36.891753372196334,-1.2183825873483596,45.7370403644471,-10.042339601392968,True,False,False,False,True,0.0,0.0,0.0,0.0,0.0,1,0.8186259145152784,1.0721342639665055,False,False,False,False,-0.24500365848345562,-0.23689235413087112,False,False,False,False,-241570,540061.6646408755,False,False,False,False,90058.50345213394,False,False,False,False
2025-04-17 00:00:00+00:00,29.18,29.88,29.0708,29.28,59152,,,,,,28.973754788599475,31.736929789586792,33.436933730189104,36.33997430316877,39.17743924834167,40.02179006531986,40.30187353379029,40.232037104193104,40.15662152232935,40.002799624225894,39.557670174226935,41.123571143271164,42.10449446440787,42.47914079495259,42.56511563627462,42.387560945483,41.8952860086365,41.836376726204044,41.72245083904555,41.475406006367315,41.25388312012692,40.41040697948819,40.11883199640139,39.79808859793994,39.557195783130624,40.07393026331419,,,,28.700873543318913,30.22527388369783,32.54352950016719,34.104645981145396,39.890291241328946,40.18492507044455,40.4145402756765,40.265563864263484,40.250581550394,40.08627964858683,39.725037342035364,39.272887989508384,39.67711101048058,41.70958236667431,41.88246742307572,42.31911510584598,42.61676484542617,42.57035175820011,42.48239370370889,42.00368565335697,41.90377270518531,41.79230579592772,41.57609285090559,41.09736348332844,,39.17743924834167,41.123571143271164,39.3763613224307,39.0462950878668,"rgba(239, 83, 80, 1.0)",6.316111335735377,36.852332913438396,-1.2147241404738658,45.70560823295301,-9.781163486811145,True,False,False,False,True,0.0,0.0,0.0,0.0,0.0,1,0.8175900344266195,1.0752861856481637,False,False,False,False,-0.23669722400498874,-0.23679478906792994,False,False,False,False,-182418,511729.1287726059,False,False,False,False,88846.483708913,False,False,False,False
2025-04-21 00:00:00+00:00,28.63,29.18,28.2,28.72,41808,,,,,,28.966018175146388,31.70875399678694,33.400009907191425,36.29478817640648,39.12903174754088,39.97595194250087,40.25964568474006,40.197903947086516,40.12396836874666,39.97247187338357,39.53600514684178,41.10243618637178,42.08504069710792,42.460716397742964,42.54796192879007,42.371332569742556,41.880676832727644,41.822072176696516,41.70867782411125,41.462362016526676,41.241345320796626,40.39943579606215,40.108494298537224,39.788392856001686,39.5484656036307,40.06530442883179,,,,28.699422462452468,30.208213427895448,32.51072315483809,34.06561321571996,39.84366097285159,40.14156779136974,40.37727830809327,40.230839564781704,40.216070368962974,40.05462996076578,39.69766467748376,39.250875420876866,39.65575941020653,41.68897237296189,41.862697599623516,42.30011879822253,42.59871211738772,42.552638838079716,42.465685402724446,41.98864675124023,41.88910942932973,41.77814649216154,41.56278169757006,41.08511300257004,,39.12903174754088,41.10243618637178,39.35029127980945,39.02048953082691,"rgba(239, 83, 80, 1.0)",6.29917841561193,36.81882815236303,-1.2999835235763098,44.60461558236335,-9.781163486811145,True,False,False,True,True,0.0,0.0,0.0,0.0,0.0,1,0.7961061195034382,1.0949594003587817,False,False,False,False,-0.27212050042079605,-0.254457644744363,False,False,False,False,-224226,482868.14333054295,False,False,False,False,87001.83728895562,False,False,False,False
2025-04-22 00:00:00+00:00,29.47,29.8,28.7,28.7,93010,,,,,,28.98517894878854,31.66097678145118,33.3309503155086,36.20459995040505,39.029551677520246,39.8811089707075,40.17202694849921,40.12694919503681,40.056092646832745,39.909447315006,39.49099446397259,41.05813112699405,42.044061390244536,42.42183708573776,42.51174109421256,42.337081762223605,41.84989299869218,41.79193546061189,41.67967121385225,41.434915437022326,41.21498691499465,40.376457087942875,40.08687268962045,39.768147219695585,39.5302571834336,40.04725885865573,,,,28.75848440181966,30.187133586940526,32.45177778667438,33.99103171809214,39.747285516272534,40.051699857327115,40.29980310917115,40.158653457959325,40.144329447477425,39.988849492283755,39.64083155517841,39.2052341956765,39.61136181026251,41.64564358222509,41.821094915731635,42.26006354598949,42.56059344941128,42.515241366521494,42.43041263647582,41.95694642405165,41.85821090900215,41.74832029129043,41.53476237421746,41.05937552118804,,39.029551677520246,41.05813112699405,39.298857239165976,38.9713235927771,"rgba(239, 83, 80, 1.0)",6.266821734951232,36.75679655618869,-1.1627579121245575,45.916348440504294,-9.087555510412756,True,False,False,False,True,0.0,0.0,0.0,0.0,0.0,1,0.8084469715344924,1.078400784339758,False,False,False,False,-0.24680008793612446,-0.25062886634024373,False,False,False,False,-131216,458786.41221954126,False,False,False,False,87237.45151291814,False,False,False,False
2025-04-23 00:00:00+00:00,30.19,30.95,30.18,30.77,100707,,,,,,29.06501335409785,31.63506032037731,33.278879459712364,36.12496852226476,38.93622334950325,39.790965300791385,40.08833026395549,40.05899300962603,39.99110232569601,39.84915306710425,39.44800767673758,41.01506318748465,42.003855609373026,42.38356574062003,42.47604761519455,42.30336353400383,41.81968755031013,41.76237594464046,41.651241491992174,41.40806420054191,41.18924603796298,40.35418680390655,40.065977984089734,39.74864848755558,39.5127638347349,40.02981562889245,,,,28.914812943340653,30.193491931480985,32.412285320050934,33.93157575724879,39.65587341370008,39.96601782235469,40.22554219181488,40.08950805095653,40.075616362663446,39.92589120335089,39.58657776954794,39.16181791786873,39.56888957140188,41.60329076980074,41.780356648029816,42.22069103375834,42.52302730998028,42.47839422770301,42.39566939501521,41.925819242762344,41.827891432536234,41.71907444459844,41.50732966754418,41.03427433558619,,38.93622334950325,41.01506318748465,39.25449807620136,38.93175744414151,"rgba(239, 83, 80, 1.0)",6.207740218599769,36.71046519850454,-1.0503766215873165,48.35681791269475,-6.5593732039618615,True,False,False,False,True,0.0,0.0,0.0,0.0,0.0,1,0.816754855901242,1.06682521290918,False,False,False,False,-0.18848339957078436,-0.21955613295551404,False,False,False,False,-30509,439598.3568383828,False,False,False,False,87765.66910064685,False,False,False,False
2025-04-24 00:00:00+00:00,31.99,32.04,30.33,30.33,64948,,,,,,29.14664808751682,31.632606238367543,33.257917238942944,36.08371714572715,38.88415355471553,39.73993889073318,40.040701298565665,40.020234075188384,39.95405031977797,39.81481777398677,39.42359488841946,40.990116433816574,41.980332798991626,42.36109630667991,42.45506854291316,42.28356795141204,41.80201923893683,41.745092784456155,41.63463307080339,41.392410227926916,41.17426917732657,40.341339716591115,40.0539640254992,39.73748075708617,39.50277376323544,40.0197848537849,,,,29.058406748407485,30.213596216670965,32.400296581241,33.905101343736234,39.60424450504478,39.91735776646261,40.183138590153874,40.050062628174544,40.03642199731579,39.890017206338946,39.55576544305062,39.137272011308355,39.54472380289491,41.578610012994545,41.756571908932585,42.1976099276011,42.500944862834835,42.456740072748865,42.37525946274197,41.907596991922695,41.81015540820925,41.70198063865954,41.491322904418915,41.0196912975897,,38.88415355471553,40.990116433816574,39.2321358433939,38.91348690402883,"rgba(239, 83, 80, 0.5)",6.1473827236760545,36.69167141035341,-0.7648249054423394,53.11179724232183,-2.0031695969935015,True,False,True,False,True,0.0,0.0,0.0,0.0,0.0,0,0.8185262650433003,1.05362482957413,False,False,False,False,-0.1614442519217699,-0.19050019243864197,False,False,False,False,34439,423709.7546094266,False,False,False,False,86870.85854768031,False,False,False,False
2025-04-25 00:00:00+00:00,31.87,32.3742,31.7,31.7,44518,,,,,,29.211542858004808,31.635805183043075,33.24794859235626,36.05903698706587,38.851386136219205,39.707528513589544,40.01034580144051,39.99549337860369,39.93040474125922,39.79292084986669,39.40805029221768,40.97403464401075,41.965075573251845,42.34649116666777,42.44142270465501,42.27070048467635,41.79055960713342,41.73388576802407,41.623869029159025,41.38227733867824,41.164586234392424,40.33307711935698,40.04625293292505,39.730330138027995,39.49638874062854,40.01334589069935,,,,29.167508629496105,30.232723447972482,32.39673742084499,33.891117660159786,39.571498234645,39.88638521441928,40.156053331318084,40.0248806941231,40.011402021838286,39.86713082996645,39.53614763454935,39.12168741256451,39.52931817634196,41.562640713495036,41.7411643998846,42.18262103670144,42.4865805462387,42.44265646386791,42.36198786143126,41.89577236831823,41.79865147245852,41.69089871553149,41.48095626535108,41.01027146520484,,38.851386136219205,40.97403464401075,39.21893898249615,38.90330070490883,"rgba(239, 83, 80, 0.5)",6.075451158867402,36.682392526311624,-0.7921045533034552,55.97905485590341,0.6291935980353784,True,False,True,False,True,0.0,0.0,0.0,0.0,0.0,0,0.8438338291189459,1.0416510290595018,False,False,False,False,-0.12465312279291473,-0.15757665761577835,False,False,False,False,-10079,406698.430899253,False,False,False,False,85209.9621340458,False,False,False,False
2025-04-28 00:00:00+00:00,31.54,32.2,31.11,31.87,27448,,,,,,29.24501781982216,31.635697568134496,33.240131818531765,36.042619730734636,38.83027326137738,39.68674318684855,39.990898470913436,39.97962422327584,39.9152298637814,39.77885346355851,39.39802933695278,40.96374684449137,41.95534894827315,42.33719054141138,42.43273418389632,42.262502270804966,41.783245157246405,41.72673084649024,41.6169937261857,41.3757987067888,41.15838956747445,40.3277687442941,40.04129123825806,39.72572071491992,39.49226658888968,40.00920097859363,,,,29.222603986620204,30.2418945982648,32.392672232792215,33.88096935583949,39.55048455678172,39.86653342600063,40.13870149541936,40.00873222144795,39.99535585552472,39.85243629892716,39.523521132860516,39.111623259284,39.51939344637416,41.552447340324576,41.73133482520345,42.17307175297436,42.47743680976919,42.43368984634398,42.35353508899415,41.888228120180926,41.7913090032921,41.68382243935471,41.4743308964777,41.00423913365427,,38.83027326137738,40.96374684449137,39.209870498475965,38.89573328249637,"rgba(239, 83, 80, 0.5)",6.0234182814073485,36.674773671729824,-0.8524683878553598,57.02601503769418,1.5743932311783198,True,False,True,False,True,0.0,0.0,0.0,0.0,0.0,0,0.836463946561024,1.051236682414117,False,False,False,False,-0.14110372485937883,-0.14934019123757858,False,False,False,False,-37527,389277.825765949,False,False,False,False,82944.78714839694,False,False,False,False
2025-04-29 00:00:00+00:00,31.53,31.8372,31.41,31.56,66315,,,,,,29.321384484483254,31.635117246854247,33.221274187599974,36.00323681377573,38.7795991171414,39.6368136504569,39.94414799005077,39.94142036793603,39.87868806252593,39.74496480655194,39.373849347960196,40.938920098709985,41.93186949847712,42.31473569977533,42.41175299541658,42.242702134952644,41.7655745257757,41.70944468932331,41.60038154253994,41.36014276560716,41.14341342630065,40.31493457699787,40.02929327852231,39.714572563336354,39.48229451837973,39.99917473521261,,,,29.34476297807762,30.263176219519924,32.38272158041902,33.85656173691653,39.500016365291245,39.818822156737596,40.09695008368115,39.969859842601416,39.95672837138602,39.817045074935585,39.49308760626493,39.08734069120637,39.495444184141455,41.527845984782665,41.70760813654147,42.15001866504247,42.4553594657294,42.41203900033042,42.33312173768724,41.8700037063347,41.77357084684395,41.66672583401999,41.45832120507727,40.98965921188041,,38.7795991171414,40.938920098709985,39.18780100129571,38.87692567938137,"rgba(239, 83, 80, 0.5)",5.96667090920374,36.65566455684712,-0.8590493149103721,57.69642008987079,2.2696980870713332,True,False,True,False,True,0.0,0.0,0.0,0.0,0.0,0,0.8339688006328391,1.0673307066786382,False,False,False,False,-0.13081480749862734,-0.14007749936810296,False,False,False,False,-103842,369939.7933829706,False,False,False,False,82292.63863277352,False,False,False,False
2025-04-30 00:00:00+00:00,31.25,31.54,30.96,31.2004,38132,,,,,,29.35680006067777,31.63217186562456,33.20838644633034,35.97917162292921,38.74940792674529,39.60717127301961,39.916408313557234,39.918715368671116,39.85695872604146,39.72479204192018,39.35940443447169,40.924183071097346,41.91797111793469,42.301455355712356,42.399344630284524,42.23098507371855,41.75510034940745,41.69919610050649,41.59052827036178,41.350848285833884,41.134515204916546,40.30728280197816,40.022130350822884,39.70790640457299,39.47632348942046,39.99318595037785,,,,29.399610307351807,30.2720377409021,32.37468038278015,33.84067436821945,39.47004124050674,39.790504339245516,40.072167529399806,39.9467629427623,39.93377477703428,39.79599014381735,39.4749396289771,39.07281414206589,39.48114465672471,41.513269219309244,41.69355507422992,42.13637983369994,42.44230634596914,42.399235850479826,42.321045749425515,41.859205466828165,41.763057001276685,41.65658803510607,41.448820214343904,40.98099127795892,,38.74940792674529,40.924183071097346,39.17395001674228,38.86450698698644,"rgba(239, 83, 80, 0.5)",5.926353349828752,36.64231137087681,-0.9098869157089035,57.33046326250431,2.2696980870713332,True,False,True,False,True,0.0,0.0,0.0,0.0,0.0,0,0.8363944011362089,1.0573131936212052,False,False,False,False,-0.1455793264223665,-0.14282841289523474,False,False,False,False,-141974,349864.74266206985,False,False,False,False,80560.84888246868,False,False,False,False
2025-05-01 00:00:00+00:00,31.5,31.97,31.33,31.61,89781,,,,,,29.44976710242789,31.63160279149031,33.184003799590336,35.927584621933306,38.682543902439875,39.54108809698487,39.85439931861887,39.86786210674554,39.808290082035725,39.679617941153595,39.327055352426,40.89091040140066,41.88645899341383,42.2712988914696,42.371151768877404,42.20437206046997,41.731340229346706,41.67595073758653,41.56818559939812,41.32978791441282,41.11436721095449,40.29001199033016,40.005982514204526,39.6929002415085,39.46289566527078,39.979680969972684,,,,29.539285462328735,30.299533313523273,32.3619448835798,33.808973632288144,39.403287035836165,39.72726635814697,40.016655526634935,39.895031205314446,39.88236509341362,39.74883671886939,39.434329441378885,39.040344192645016,39.44909509658588,41.480276128891184,41.661720012968985,42.105429979761574,42.412650143739626,42.37014945686204,42.29361233472418,41.83470364297375,41.73920651230589,41.63359671362826,41.4272853080361,40.96137546332937,,38.682543902439875,40.89091040140066,39.1441635856111,38.838274483023326,"rgba(239, 83, 80, 0.5)",5.885790741918804,36.61549694966779,-0.8691265411858837,57.650539119504565,2.577115416366638,True,False,True,False,True,0.0,0.0,0.0,0.0,0.0,0,0.8457780780125264,1.05439616434322,False,False,False,False,-0.11217260606827853,-0.12750050948175662,False,False,False,False,-52193,334097.7723615965,False,False,False,False,80922.42343609736,False,False,False,False
2025-05-02 00:00:00+00:00,31.66,32.11,31.66,31.87,35817,,,,,,29.488155408032455,31.632852853423035,33.1757440944915,35.90832448262154,38.6569976393268,39.51571756086695,39.83054168541871,39.84825880143175,39.789526703788475,39.66220093779093,39.3145739213994,40.878001383497285,41.874196825291314,42.25955153906261,42.36016409555184,42.19400179044925,41.72208825669437,41.66689977780239,41.559487323391835,41.32159229802896,41.10653004862502,40.28330715962747,39.9997183069168,39.68708415057079,39.457694299582016,39.97444016145412,,,,29.595367778679577,30.311907606766212,32.358348591839686,33.79775452971501,39.37767942195346,39.70295485904376,39.99525967432017,39.87508992821739,39.86254794054697,39.73065739142545,39.41867629527136,39.02783270327201,39.43672208373108,41.46745360563017,41.649339681990746,42.09337940356209,42.40109329516747,42.35881488055671,42.282921408504315,41.8251614672582,41.729919290176774,41.62464527886834,41.41890350641785,40.95374788584329,,38.6569976393268,40.878001383497285,39.13294386891807,38.828448127372596,"rgba(239, 83, 80, 0.5)",5.834726558203773,36.60579439448499,-0.8476480166034647,58.23533599379851,3.4039416079787514,True,False,True,False,True,0.0,0.0,0.0,0.0,0.0,0,0.8576934750015961,1.0364903889364332,False,False,False,False,-0.09041891796989826,-0.10895971372582744,False,False,False,False,-16376,320353.7028572202,False,False,False,False,79153.58330134844,False,False,False,False
2025-05-05 00:00:00+00:00,31.7,31.94,31.25,31.36,57723,,,,,,29.54286387517125,31.63282099636334,33.160912539859034,35.8763142588395,38.61515245984114,39.47423179344712,39.79153265582566,39.81616290255791,39.75879407631287,39.633653459525455,39.294065344795634,40.85686271836743,41.85414536403834,42.240349658227544,42.342202995315255,42.17704349368709,41.706943840962786,41.65208233204226,41.54524348030319,41.30816443097622,41.09368333959682,40.27229480687732,39.98942153695341,39.67751514851216,39.44912964805081,39.965822263875225,,,,29.67325346708084,30.32908346213377,32.35077988732342,33.778322852452135,39.33579846182767,39.66320049804086,39.960258585279654,39.842445920040774,39.830105048077705,39.7008721518491,39.39299075283951,39.0072593644182,39.416397119742356,41.44647628918558,41.62908896917713,42.073678936460695,42.382205457849565,42.34028826570467,42.26544228617297,41.809545677619276,41.71471750069762,41.60998939911831,41.40517355369492,40.94124047302004,,38.61515245984114,40.85686271836743,39.11397713382296,38.81137467266379,"rgba(239, 83, 80, 0.5)",5.7708642435181705,36.58832796759246,-0.8470703453270503,58.72388558810021,4.154060050499041,True,False,True,False,True,0.0,0.0,0.0,0.0,0.0,0,0.8622141687450193,1.0362327172951948,False,False,False,False,-0.07890366800594754,-0.09393169086588748,False,False,False,False,41347,309412.2635294861,False,False,False,False,78313.168269923,False,False,False,False
2025-05-06 00:00:00+00:00,31.49,31.77,31.33,31.33,50752,,,,,,29.58651073497284,31.63182129766783,33.147268733801795,35.84790939040694,38.5782495031312,39.437654642806855,39.75712343121432,39.78780730910047,39.73163347705296,39.60840916145947,39.2758896384029,40.83815600063861,41.836408381959245,42.22336536414877,42.32631363796364,42.16203716282062,41.6935340966031,41.63896080021934,41.53262756627356,41.2962672308475,41.0822977726091,40.26252373885979,39.980281128707624,39.669016205276066,39.441518678826505,39.958169089113106,,,,29.7337112425909,30.34268669467859,32.34334861351475,33.760741442969184,39.298874579001506,39.62813809332648,39.929359007730056,39.81361012047165,39.80144539212534,39.674542096473076,39.370257599245335,38.989020979841605,39.39838557478765,41.427918963352965,41.61117397831854,42.056253540969415,42.36549933607579,42.32390022675081,42.24997731793901,41.795720728106495,41.701257170529615,41.59701015856139,41.39301032845253,40.93015341879597,,38.5782495031312,40.83815600063861,39.0968973780746,38.795728276413456,"rgba(239, 83, 80, 0.5)",5.700170301707476,36.572042248224804,-0.8915597217687494,58.24532775117589,4.154060050499041,True,False,True,False,True,0.0,0.0,0.0,0.0,0.0,0,0.8772708575899806,1.0186425031385704,False,False,False,False,-0.07285042068600589,-0.08339105577594669,False,False,False,False,-9405,296909.6257440161,False,False,False,False,77232.33814169072,False,False,False,False
2025-05-07 00:00:00+00:00,32.74,32.74,31.65,31.65,65649,,,,,,29.663594287000823,31.641072549822393,33.13901908234934,35.81881055341354,38.536747094694455,39.39585047976294,39.71757411630515,39.75514648628544,39.70036486914637,39.57938538986973,39.2550608441229,40.81626031752205,41.81543271437321,42.20320866007954,42.30743589861317,42.1442295109249,41.677681208367616,41.62345548622203,41.51773296021134,41.28225120739488,41.06891221661678,40.25113926357504,39.96966873389341,39.65918975691856,39.43274663161421,39.94928250023675,,,,29.840529911997887,30.372058706952135,32.343734300028444,33.74688158879475,39.25677668532854,39.587925115503985,39.89371929536123,39.78038793645231,39.768430459317074,39.64424868021658,39.34420050632268,38.968223683002286,39.3777027622949,41.40606190896483,41.59003287347253,42.03560474151088,42.345648290586325,42.3044324575232,42.231613696183025,41.77936322513136,41.68534352669282,41.581678522119965,41.37866805358211,40.91713895909742,,38.536747094694455,40.81626031752205,39.07951568582409,38.78087884124725,"rgba(239, 83, 80, 0.5)",5.63212691090497,36.55911287943015,-0.6780942510431633,60.905393291510336,6.6886765771615515,True,False,True,False,True,0.0,0.0,0.0,0.0,0.0,0,0.8823976177327548,0.9958735537046424,False,False,False,False,-0.034359910769659364,-0.05887548327280302,False,False,False,True,56244,287471.7580677802,False,False,False,False,76778.08958711462,False,False,False,True
2025-05-08 00:00:00+00:00,32.03,33.7,31.7,33.23,324576,,,,,32.47666666666667,30.001657794146347,31.689415798674407,33.10572371929354,35.68580570526852,38.34265829311436,39.199076646963015,39.530686430916475,39.59993996585755,39.55165431092543,39.4411909282114,39.15537246122389,40.71091291615583,41.7141631163008,42.10575407238845,42.21607441345727,42.058022095738956,41.60092310181743,41.54837289304395,41.44559663515598,41.21436760607404,41.00408727590182,40.19604142889553,39.9183174994462,39.61165506767588,39.39030492563803,39.90622674630757,,,,30.279562082200858,30.512306620728005,32.35093050184626,33.686960694570374,39.05886343240444,39.398154977749165,39.72462217805724,39.62256190587752,39.61157360397026,39.50010686590249,39.21998166566384,38.868823657596394,39.278644735912195,41.30071084529845,41.48803456725105,41.93583946005917,42.24962359916213,42.21024894842148,42.14272769701454,41.700168935773746,41.60829288139747,41.50743570614351,41.30920380442732,40.854118266473286,32.47666666666667,38.34265829311436,40.71091291615583,38.558983398266015,38.70702234877298,"rgba(239, 83, 80, 0.5)",5.557044530946133,36.14644640975664,-0.74076181805507,60.12640664124528,6.6886765771615515,True,False,True,False,True,0.0,-1.0,33.7,31.7,0.0,0,0.8852158635534373,0.9836136060253668,False,False,False,True,0.006306780957121618,-0.026284351157840703,False,False,False,False,-268332,265675.5322612006,False,False,False,False,86495.65470134543,False,False,False,False
2025-05-09 00:00:00+00:00,26.6,33.4999,26.12,31.0,954686,,,,,29.68804699673197,29.67215158184671,31.260495770122375,32.54336820488251,34.95796389060454,37.5159330622719,38.391724432764654,38.769302001285595,38.95899181575952,38.93436606822084,38.8619291219072,38.723508920370335,40.28206066500264,41.31313173514147,41.723133249169585,41.85750588362299,41.71763854893616,41.2929037253406,41.24641339202967,41.15425645201978,40.9377799372321,40.73784078080778,39.96211264752579,39.697440931638965,39.404067180743134,39.20254150264938,39.720141497343434,,,,29.773348823021525,30.221848834360102,31.85494224499457,33.084183613588856,38.24295316519198,38.62245816068518,39.034306861302774,38.97220854234086,38.96463328430102,38.899180100756645,38.69058536950143,38.43229776296691,38.85172502684462,40.87944049726425,41.08174467460728,41.54281416146236,41.87374768196575,41.84095823501552,41.792894883422726,41.38357670451643,41.299201859575525,41.208395353515066,41.027189223640896,40.593791350581185,29.68804699673197,37.5159330622719,40.28206066500264,37.943241275901556,38.20199243140553,"rgba(255, 0, 0, 1.0)",5.52747656206189,35.41812037275171,-1.5953247876753225,49.98083507259997,4.74116946057341,True,False,False,False,False,0.0,0.0,0.0,0.0,0.0,0,0.8312207811330483,0.9844350098776642,False,False,False,False,-0.03922945374860953,-0.032756902453225115,False,False,False,False,-1223018,207295.39374115353,False,False,False,False,120542.3349091358,False,False,False,False
2025-05-12 00:00:00+00:00,25.85,27.08,25.5,26.92,194782,,,,,29.219644142553864,29.493633370429926,31.11304241815057,32.379476954202474,34.773454927139696,37.319617862570475,38.201813851118864,38.590118085469584,38.806507564991776,38.787081039686385,38.72299824768507,38.61797629618349,40.17946830600808,41.21806344109236,41.632665245747624,41.77265894018068,41.636847001253514,41.21923615161062,41.174115861357976,41.084357154537045,40.87115452867086,40.6734822946468,39.90478023923366,39.64301776687092,39.352606892666856,39.155736382298024,39.674135334250124,,,26.143333333333334,29.54514375682283,30.08988878436796,31.69924118951565,32.9158186639035,38.05085693221503,38.43986706587869,38.87111368073808,38.817672246906646,38.810835621748495,38.75547220547294,38.56258748964917,38.325182573806714,38.74754986375692,40.77928958936216,40.985235305596,41.449800739166555,41.78495641284227,41.753642710555354,41.709995740089006,41.3079962495072,41.22529065117682,41.136745758986194,40.959365314619696,40.530710727901614,29.219644142553864,37.319617862570475,40.17946830600808,37.79713884309851,37.311874195286364,"rgba(255, 0, 0, 1.0)",5.510378019602494,34.6034080745872,-1.5885313209816139,42.52739073877502,-1.7689089145596242,True,False,False,True,False,0.0,0.0,0.0,0.0,0.0,0,0.9126872691086062,1.0507299916845019,False,False,False,False,-0.34282825441539394,-0.18779257843430952,False,False,False,False,-1417800,143566.16261404948,False,False,False,False,123453.69432446381,True,False,False,False
2025-05-13 00:00:00+00:00,26.59,26.84,25.77,25.92,185212,,,,,28.904905530229613,29.351649714836494,30.987350410685686,32.2373394521404,34.61004472100404,37.14327768487899,38.0303458641243,38.42780962360929,38.667714418127794,38.65292413239702,38.59631807518518,38.521289060571014,40.08504672195167,41.13028510486579,41.54902063055189,41.69413719085642,41.56205834838529,41.15103075820128,41.1071725136182,41.01962472078138,40.80945115636713,40.61388186645504,39.851712768407296,39.59264855472867,39.30498764297311,39.112412755346575,39.63150214859516,,,26.268434641950492,29.367739945338002,29.979756624565553,31.56534965469076,32.768917600620945,37.87758903909944,38.27465687474687,38.72277813960156,38.67704929292373,38.67087256426289,38.624516827419804,38.44574305006665,38.22715766232524,38.652050020485,40.68696182819746,40.896184251756964,41.363859134904565,41.70282260728662,41.672863743112146,41.633266445210374,41.23802590287899,41.1568610886813,41.07040123145952,40.89655190392078,40.47229904547815,28.904905530229613,37.14327768487899,40.08504672195167,37.671467233850095,37.20392849742826,"rgba(239, 83, 80, 1.0)",5.459101685828501,34.4593252964917,-1.4415055350443449,39.25504838373298,-4.271876944997246,False,False,False,True,False,0.0,0.0,0.0,0.0,0.0,0,0.8535599486804535,1.0367155489949924,False,False,False,False,-0.3410960353211153,-0.2644443068777124,False,False,False,False,-1232588,89599.33270761618,False,False,False,False,125875.58866468091,False,False,False,False
2025-05-14 00:00:00+00:00,26.48,26.71,26.31,26.54,118812,,,,,28.74420771897738,29.270093853541997,30.91187240048752,32.151165757474786,34.509771309098056,37.03415010564411,37.92387302337318,38.32679332711625,38.58101561368976,38.56907295662032,38.517071212256305,38.4605716853915,40.02559200854662,41.07490004046426,41.496196252810584,41.64451367954334,41.514781251701514,41.10790150714999,41.06483720341713,40.97868101179274,40.77041800651051,40.57617717866217,39.8181408886937,39.56078174748196,39.27485947805707,39.08499300880378,39.60450280054935,,,26.32359184399012,29.267597863126408,29.914382743629357,31.484559689750267,32.67954515443597,37.77007180258972,38.171914775582245,38.63022312435342,38.58922680535182,38.58345579731967,38.542637027578685,38.372575552859374,38.16564403638456,38.592055279982844,40.628766208345716,40.84001915133872,41.30960817089164,41.65093587499007,41.621827074314325,41.584769319981376,41.19378544331666,41.113590911096075,41.028443327621325,40.85681817561081,40.43534647402,28.74420771897738,37.03415010564411,40.02559200854662,37.59535309595487,37.13617036483981,"rgba(239, 83, 80, 1.0)",5.412045746495637,34.37182928330761,-1.458197076108912,36.94953784996183,-6.030781505291905,False,False,False,True,False,0.0,0.0,0.0,0.0,0.0,0,0.8832505975363121,1.0251941109083966,False,False,False,False,-0.3176139973547719,-0.29102915211624214,False,False,False,False,-1351400,33089.55495437633,False,False,False,False,125598.58518763461,False,False,False,False
2025-05-15 00:00:00+00:00,26.44,26.555,26.23,26.47,92165,,,,,28.629095931968546,29.207982872129776,30.853868100477392,32.085025597631315,34.43280779947456,36.95030328045363,37.84197249384491,38.24900528988082,38.514103883548785,38.50433248800055,38.455845762381045,38.41353495477887,39.97951877858991,41.03195623016078,41.455225054245794,41.60601069551245,41.47808865945641,41.07441086814591,41.0319598088054,40.946878716374364,40.74009195778716,40.546877740529986,39.79203607005368,39.53599587743431,39.25141888406812,39.06365057131098,39.583489205869775,,,26.336807719837353,29.192187834542363,29.8640215893759,31.42252217420587,32.61095026432014,37.68739067783616,38.092825836537735,38.558850688512464,38.52145865976604,38.515996922723815,38.47940112212691,38.31599888316916,38.1179977853485,38.54557280200132,40.58365965076164,40.79647502611854,41.26753772100402,41.61068747144269,41.58223413687854,41.54713530564592,41.15943672455737,41.079991425820246,40.995857438190285,40.82595077566269,40.40662824509924,28.629095931968546,36.95030328045363,39.97951877858991,37.53709636329306,37.08248561360776,"rgba(239, 83, 80, 1.0)",5.3487516965840785,34.30357550525341,-1.470170228742418,35.36373672964554,-7.299836179688327,False,False,False,True,False,0.0,0.0,0.0,0.0,0.0,0,0.874912577223453,1.040307728173447,False,False,False,False,-0.3310302273182131,-0.3110296897172276,False,False,False,False,-1443565,-24818.46680854038,False,False,False,False,124287.46419988424,False,False,False,False
2025-05-16 00:00:00+00:00,26.71,26.79,26.36,26.36,116102,,,,,28.511663547253274,29.139108809089382,30.78627109536381,32.00687191989202,34.34041522166768,36.84862800486467,37.742323797572865,38.15417374337239,38.43230931659219,38.425162334669224,38.38093424356956,38.35583743109092,39.9228196545945,40.97899357021677,41.40465008083267,41.55845553444942,41.432764908879854,41.03304441777994,40.99134931908323,40.90759420704578,40.702632983586646,40.51069070178839,39.75981343832945,39.50540658989643,39.222496269042956,39.03731513222992,39.557536793190536,,,26.38330813791504,29.109478076868115,29.806365274979996,31.34970709319071,32.52952363780852,37.586855653215544,37.996474540903506,38.47166500101391,38.438628743803875,38.43354144046341,38.402054105388906,38.24673867892686,38.05959881270548,38.488532738689685,40.528086129872484,40.74279572465115,41.215627821793646,41.56098905456846,41.533342180028654,41.50065099911588,41.117011116184266,41.03849091236385,40.955607176796036,40.78782185570916,40.37116278925991,28.511663547253274,36.84862800486467,39.9228196545945,37.467668557894015,37.01919819229519,"rgba(239, 83, 80, 1.0)",5.264905802396414,34.224623769525,-1.4273045048791926,35.04150180176393,-7.579045028653958,False,False,False,True,False,0.0,0.0,0.0,0.0,0.0,0,0.8729303041971507,1.03260270726578,False,False,False,False,-0.31023978919811246,-0.31063473945767006,False,False,False,False,-1327463,-75902.56614938194,False,False,False,False,123966.46560381034,False,False,False,False
2025-05-19 00:00:00+00:00,26.77,26.83,26.295,26.44,47358,,,,,28.467884622769184,29.11218169436837,30.759389544822643,31.97569882408932,34.303408757633946,36.807773720670454,37.702225529146176,38.11597327428794,38.39930007753376,38.39320251051892,38.35067946449654,38.33248763125923,39.899850201390024,40.957519173018575,41.38413563045556,41.53915941949581,41.41437115196437,41.016252555012095,40.97486333827537,40.891644883692884,40.68742308810447,40.49599630340335,39.7467266815556,39.49298204458845,39.21074761856922,39.026614951144275,39.54699013750386,,,26.398898381694284,29.07739938031881,29.783515487152755,31.320707651341607,32.49700610917641,37.54641301787483,37.95767579237018,38.436501166250345,38.40520556874878,38.400268039182414,38.37082414811618,38.218750525114615,38.03597198174019,38.46544518917167,40.505563413491934,40.72103447870022,41.19457611261873,41.54082732193011,41.513506310365955,41.481787878680926,41.09979059191787,41.021644818305546,40.93926705077764,40.772340536824814,40.35676099934619,28.467884622769184,36.807773720670454,39.899850201390024,37.439900100245055,36.993593897702056,"rgba(239, 83, 80, 1.0)",5.1803661884895895,34.193031457497554,-1.432916359077281,34.999124212327914,-7.7929967411003815,False,True,False,True,False,0.0,0.0,0.0,0.0,0.0,0,0.8860926556383761,1.0203428468587368,False,False,False,False,-0.3116553465588158,-0.31114504300824297,False,False,False,False,-1280105,-123126.19100626891,False,False,False,False,120962.21205071974,False,False,False,False
2025-05-20 00:00:00+00:00,26.67,26.785,26.5,26.71,79081,,,,,28.399903697129936,29.068836116638774,30.715482175408898,31.924634358484063,34.24255809813534,36.74040912759625,37.636028347942755,38.05285564823686,38.34468215489618,38.34030872038825,38.30058984048342,38.2937697782084,39.86172855476082,40.92185284278798,41.35005244977576,41.50709175209264,41.383799358102394,40.98833856109118,40.94745662818819,40.86512835981827,40.66213396756917,40.47156332130627,39.72496499361245,39.472320406833724,39.19120898797888,39.008817050081134,39.529444275876,,,26.422880242476015,29.026068179465437,29.7463216735577,31.27327256565389,32.4436810037787,37.47966375055243,37.89358805153901,38.378344649333,38.349907635801095,38.345216260322864,38.31913065263954,38.17239398205607,37.996804432834764,38.42715692108083,40.468170026909625,40.684896950393174,41.15960605124973,41.507326266174175,41.48054509267305,41.4504379403482,41.07116552513842,40.9936409065481,40.91210237741695,40.74660077697855,40.33281422665293,28.399903697129936,36.74040912759625,39.86172855476082,37.39427532850832,36.951270616441974,"rgba(239, 83, 80, 1.0)",5.110251950735825,34.141232122866874,-1.4620085653097965,34.80501286476399,-8.290299701973751,False,True,False,True,False,0.0,0.0,0.0,0.0,0.0,0,0.9149256945940127,1.0075597673917727,False,False,False,False,-0.3026164010947342,-0.3068807220514886,False,False,False,False,-1359186,-171599.1246922976,False,False,False,False,119319.81157814249,False,False,False,False
2025-05-21 00:00:00+00:00,26.11,26.91,26.08,26.5,101807,,,,,28.306433301438663,29.008912572003798,30.656451563519287,31.856843683774837,34.16274272992975,36.65257715253373,37.549785383255795,37.97060980773128,38.27341597339035,38.271268820466986,38.235171420385306,38.243090656363755,39.8119216165993,40.87528605739512,41.30555977763038,41.465223317073054,41.34387010259013,40.95185087898827,40.91162760258966,40.83045508885559,40.6290516788735,40.43958951499983,39.69644735396578,39.4452296743637,39.165575088237354,38.98545298166486,39.506427980450006,,,26.416761543387874,28.95554124965029,29.695428661797447,31.209927131592536,32.37313913432914,37.39269683972868,37.81008031446302,38.30251593138442,38.27776408518549,38.27339005212576,38.25164006475745,38.111797070724485,37.94551937179904,38.377045227389644,40.41933996328276,40.637707491488925,41.11395374555594,41.463595973228344,41.43751484370041,41.40949989351431,41.033755804122464,40.95703641504452,40.876587059237046,40.71293462390548,40.30146901092067,28.306433301438663,36.65257715253373,39.8119216165993,37.33415487532575,36.8937429294543,"rgba(255, 0, 0, 1.0)",5.0592816986510645,34.07081429658445,-1.5735068277986994,33.74975020842827,-9.659970408225895,False,True,False,True,False,0.0,0.0,0.0,0.0,0.0,0,0.9011121037552757,1.0054896645205016,False,False,False,False,-0.31932046857506124,-0.31310059531327494,False,False,False,False,-1460993,-222163.59039063888,False,False,False,False,118633.03465350946,False,False,False,False
2025-05-22 00:00:00+00:00,26.34,26.59,25.905,26.16,96925,,,,,28.221391952028966,28.952454738908255,30.600594833277814,31.792808844975255,34.08739952771756,36.569621668333305,37.46825684655025,37.89278858454541,38.205853282163915,38.205793141056446,38.173094422352285,38.19488446089795,39.76453422995282,40.83096010714431,41.26319650728716,41.425345277798534,41.30582936001487,40.91707236037807,40.87747377361131,40.79739761328296,40.59750357856738,40.40909314729148,39.66923097780334,39.41936840712342,39.14109768798888,38.96313425864114,39.4844432595197,,,26.40376349810058,28.889611359691056,29.647131792280554,31.150048182495183,32.30651960847932,37.3105024972842,37.73108860108916,38.23068005653415,38.20937923397924,38.205302616891764,38.187618009253164,38.05425165986891,37.89674284561898,38.3293739445532,40.372874423712624,40.59279276326055,41.07049291794725,41.421954556265334,41.39653632302683,41.37050326723473,40.99810302193097,40.922147115629514,40.84273074591713,40.68083258412481,40.27156902693436,28.221391952028966,36.569621668333305,39.76453422995282,37.277337576613874,36.838858407878334,"rgba(255, 0, 0, 1.0)",4.981252216927781,34.00404954331912,-1.5385788973452084,33.84784459543931,-9.955103728721049,False,True,False,True,False,0.0,0.0,0.0,0.0,0.0,0,0.899499434345313,1.0114122770313203,False,False,False,False,-0.34282825441539394,-0.3279644248643344,False,False,False,False,-1364068,-266944.15547335893,False,False,False,False,117781.73917690125,False,False,False,False
2025-05-23 00:00:00+00:00,26.26,26.53,25.9,26.01,106850,,,,,28.133406465163386,28.891783772662468,30.539976823224045,31.72329525207413,34.00548869916558,36.47927327343138,37.379353485239044,37.80783823488791,38.13195053984661,38.134147211487644,38.10512847228306,38.141976441310845,39.71249166707089,40.78224489873091,41.216621481538525,41.381486259858576,41.263981130019054,40.87879715535321,40.83988287183225,40.761007967877624,40.56276849284241,40.37551136784785,39.63924750421034,39.3908720222037,39.11412036795268,38.93852740025537,39.46020346669893,,,26.387464026966462,28.81931641528596,29.594705676209088,31.085062096980295,32.2341704647037,37.22089811964152,37.64489065816676,38.15216020089664,38.13458771755914,38.13083272267443,38.117545701359816,37.991201062998975,37.8432203779624,38.27704560248738,40.32182900855048,40.54343722204217,41.022720299942186,41.3761672960084,41.35147402165693,41.32760877721937,40.958870165574766,40.88375057703305,40.805465849485245,40.645490189817394,40.23864139076316,28.133406465163386,36.47927327343138,39.71249166707089,37.21550660515287,36.7788168734656,"rgba(255, 0, 0, 1.0)",4.877562940982158,33.931530092813304,-1.5728203173670465,33.76253097700143,-10.47852300016396,False,True,False,True,False,0.0,0.0,0.0,0.0,0.0,0,0.9100750151428085,0.9982356686908848,False,False,False,False,-0.34282825441539394,-0.33539633963986415,False,False,False,False,-1470918,-314158.8160430311,False,False,False,False,117353.04352290512,False,False,False,False
2025-05-27 00:00:00+00:00,26.84,27.185,26.3363,26.81,81731,,,,,28.08939400731521,28.85650783084705,30.500580601488892,31.676559552955883,33.9483848064338,36.414922149173975,37.315644621990906,37.74677598970003,38.07865142577745,38.08245804558485,38.05607483432408,38.103699148413156,39.6745867214599,40.74661899494631,41.182507060484134,41.34933569021128,41.233307722665984,40.85076264227721,40.812350544168005,40.7343579828343,40.53734064253921,40.35093882188869,39.61735199756188,39.370076901057296,39.09445000042433,38.92059167534862,39.442500111637976,,,26.414218596795884,28.779045122794308,29.562139452368402,31.042072824187365,32.18500995087165,37.15675554498421,37.58299943453284,38.09556370675363,38.08065392738641,38.077129345560934,38.06698434927738,37.945687895368884,37.80455874246157,38.239160367042935,40.284565515075144,40.50737337310324,40.987753865928944,41.34261125197946,41.31844884320401,41.29616657495747,40.93013061433406,40.85562718331819,40.77817406843947,40.61961303806842,40.214556152650985,28.08939400731521,36.414922149173975,39.6745867214599,37.172674018652614,36.738444934231744,"rgba(239, 83, 80, 1.0)",4.757409039147783,33.88427334687519,-1.4806953299388914,35.82563219198602,-10.47852300016396,False,True,False,True,False,0.0,0.0,0.0,0.0,0.0,0,0.9142326944968581,1.0023406677374587,False,False,False,False,-0.28168880557807474,-0.30854257260896945,False,False,False,False,-1389187,-356316.78404134366,False,False,False,False,115956.10063965395,False,False,False,False
2025-05-28 00:00:00+00:00,26.87,27.01,26.48,26.9,55003,,,,,28.061350411231437,28.833421382284047,30.474527206885767,31.64559984146351,33.9104588747428,36.372092359779884,37.273198021339205,37.70606045197725,38.04306207081522,38.04793544121733,38.023300322904646,38.0780834144365,39.64920165528287,40.72274480586586,41.159638847608775,41.327778110340184,41.21273770591858,40.83195821806971,40.79388202968004,40.716479776481236,40.520280550843246,40.334451530006575,39.602658300633415,39.356120389354224,39.08124715191159,38.90855070940786,39.430613588826176,,,26.430275432973726,28.752824467035637,29.540641808074447,31.013620054975117,32.15242000124393,37.11402947394482,37.54174215070372,38.05779043761124,38.044644090160155,38.04127222136959,38.033209742518586,37.91526503256571,37.77869122693276,38.2138038834818,40.25960257054324,40.48320876460334,40.96431811852739,41.32011493296566,41.29630721426786,41.27508253539483,40.91085452491469,40.8367633187886,40.75986653127541,40.602252125646324,40.198395339252784,28.061350411231437,36.372092359779884,39.64920165528287,37.14417554741625,36.71144320799468,"rgba(255, 0, 0, 1.0)",4.634157325460193,33.852848309991444,-1.506821590114663,37.309509523654846,-10.47852300016396,False,True,False,True,True,0.0,0.0,0.0,0.0,0.0,0,0.9158979422320437,1.0064271945084395,False,False,False,False,-0.2834121354908572,-0.2959773540499133,False,False,False,False,-1334184,-394664.5180005067,False,False,False,False,113565.78296751066,False,False,False,False
2025-05-29 00:00:00+00:00,26.99,27.15,26.83,27.05,67558,,,,,28.0337530016355,28.80850839385149,30.444759817520318,31.609674628276444,33.86573611032115,36.321109753011996,37.222530442624205,37.6573868216851,38.0004389863622,38.00658081312412,37.98402838091434,38.04734259681643,39.618649434722975,40.69395881752002,41.132045915474706,41.30175600953493,41.18790737497171,40.809263566215805,40.77159266272027,40.69490292914559,40.49969354063613,40.31455872281742,39.584942213423794,39.339297089958244,39.06533688518935,38.894041462916604,39.41627865896385,,,26.458423613987346,28.72478258410418,29.51660473347589,30.98084534717753,32.11442219697966,37.06305390937719,37.492446878302005,38.01256970609642,38.00152083104867,37.99833088091684,37.99274651836928,37.87880269477352,37.747669582765106,38.183364208890936,40.229528475562425,40.4540834594725,40.936049874302384,41.2929638275916,41.2695835112917,41.24963181398961,40.887590061073524,40.81399700614244,40.73777182970642,40.581300907091396,40.17889894024441,28.0337530016355,36.321109753011996,39.618649434722975,37.11059632282246,36.679871232423736,"rgba(255, 0, 0, 1.0)",4.4706029049036085,33.8166739724939,-1.5270141673746116,38.762414928570614,-10.47852300016396,False,False,False,True,True,0.0,0.0,0.0,0.0,0.0,0,0.9246939702200391,0.9981379640899835,False,False,False,False,-0.2566138939081527,-0.276295623979033,False,False,False,False,-1266626,-428859.0859220554,False,False,False,False,111761.55618447103,False,False,False,False
2025-05-30 00:00:00+00:00,27.32,27.335,26.685,26.95,121344,,,,,27.993050476179715,28.768334761445242,30.39441492232372,31.548206995984728,33.78825753795988,36.232107638829866,37.133848838744115,37.57206129575765,37.92554990133907,37.93389637261723,37.91497132190418,37.993164641034724,39.564674253427135,40.643019509440656,41.08318379034229,41.255653698776754,41.143911051775454,40.76904913010743,40.73209461543601,40.656664869434664,40.46320930669612,40.27930623069015,39.55355658156235,39.3094952958755,39.037155432743866,38.86833834836323,39.39086855260205,,,26.51267891358817,28.680019336383943,29.476602263723166,30.925077088448603,32.0491681714736,36.9738772828145,37.40607868163884,37.93316637209147,37.925762290271294,37.922888969312275,37.921614794706244,37.814653470616804,37.69302957282927,38.12970060134442,40.17635197905338,40.402561009169546,40.886008636811624,41.24487227213186,41.222246137362305,41.204539032966025,40.84636748047276,40.77365598317557,40.6986185009387,40.54417099462082,40.14435083800403,27.993050476179715,36.232107638829866,39.564674253427135,37.052305781143026,36.62504484383687,"rgba(239, 83, 80, 1.0)",4.295922844987945,33.754752405546355,-1.4978742956367996,41.01074470355496,-13.958524037685024,False,False,False,True,True,0.0,0.0,0.0,0.0,0.0,0,0.9126394052044611,1.0051032473490547,False,False,False,False,-0.2544426036765528,-0.26536911382779294,False,False,False,False,-1145282,-456954.1021604062,False,False,False,False,112137.33829488393,False,False,False,False
2025-06-02 00:00:00+00:00,26.83,27.4,26.805,27.12,56855,,,,,27.97312915363341,28.749043047352785,30.37063113711349,31.51933415988881,33.75202019863789,36.19053714760818,37.09241454082529,37.53217182044677,37.89048777267903,37.89985632839732,37.88261430121516,37.967728687915,39.539339295433315,40.619105081137796,41.06024096867044,41.23400111039393,41.12324264506657,40.75014835805269,40.713528962549546,40.63868869810901,40.446053508411175,40.26272653514476,39.538785579776196,39.29546579022519,39.023884659734215,38.85623003176642,39.378900587306745,,,26.531323911206627,28.658584155442224,29.457527198431528,30.898814542064425,32.01855831544687,36.93221661187196,37.365709133576026,37.89601324392691,37.89029723870581,37.88757064660921,37.88829498546043,37.78457596620076,37.667376869476556,38.10450503791038,40.151391754557686,40.37837350600551,40.8625143995263,41.222290012528234,41.200016203621956,41.1833581841095,40.826995296730786,40.754695991966194,40.68021405286622,40.526713184520936,40.128100510758266,27.97312915363341,36.19053714760818,39.539339295433315,37.02491317075632,36.598965595833945,"rgba(255, 0, 0, 1.0)",4.1434420745588385,33.725312015193225,-1.6641506967193178,41.037233724382105,-13.739728194859019,False,False,False,True,True,0.0,0.0,0.0,0.0,0.0,0,0.9238026660166275,1.0114457174381608,False,False,False,False,-0.24443052593720424,-0.2548998198824986,False,False,False,False,-1202137,-486176.9608992138,False,False,False,False,109969.40345979045,False,False,False,False
2025-06-03 00:00:00+00:00,27.05,27.13,26.45,26.83,72874,,,,,27.94532422501465,28.723052967309503,30.339425184404806,31.481767055995522,33.7052167901189,36.13702342939126,37.039094893159444,37.48083149817512,37.84532128887685,37.8559973391142,37.84090883856358,37.93489829676254,39.5066669957809,40.588272257381036,41.03066160096323,41.20608141679508,41.09658652394469,40.72576075914512,40.68957201130419,40.61548927549774,40.42390759296433,40.241320091001,39.51970013882739,39.277333072517585,39.006726907742205,38.84056981364512,39.36342734210116,,,26.54710763970726,28.62971480060862,29.432179272553338,30.864512205164747,31.978820536070348,36.87860502541398,37.31375295766003,37.84817410504447,37.84461554442177,37.84207650458985,37.84535730763619,37.74578805994573,37.634261804749386,38.07198608800018,40.11920973138205,40.347186781420945,40.83222434212124,41.19317575291132,41.171354302421015,41.156044122664234,40.802002294743396,40.73023227601324,40.656464095371135,40.50417950389755,40.10711656436878,27.94532422501465,36.13702342939126,39.5066669957809,36.98939763238492,36.56480734422433,"rgba(255, 0, 0, 1.0)",3.9349313157231447,33.68663066313974,-1.686593775251217,41.953177762901575,-12.633873035404712,False,False,False,True,True,0.0,0.0,0.0,0.0,0.0,0,0.9099016286143304,1.0084013526867646,False,False,False,False,-0.27846125538813393,-0.2666805376353163,False,False,False,False,-1129263,-511396.0212561074,False,False,False,False,108514.68175548495,False,False,False,False
2025-06-04 00:00:00+00:00,27.1,27.56,26.9,27.21,60507,,,,,27.929679873967984,28.705547600878738,30.316217384668924,31.453102949305705,33.668579894007394,36.09452808067976,36.996582515089756,37.43981347414364,37.80915221194722,37.82086644793342,37.8074926581407,37.908546703448394,39.48032985365926,40.563353231307055,41.00673140318954,41.18348190418854,41.075010573843734,40.706028682743565,40.67018859655927,40.596719528023016,40.40599428500818,40.22400942150266,39.50428471193462,39.262693096496854,38.99288081521452,38.827934381292145,39.35092727006953,,,26.570490475393452,28.61056076934636,29.414015786721205,30.838652251549785,31.948266640288242,36.83589024155704,37.27227318497109,37.80988136159451,37.8080370971494,37.80564741235214,37.81096034548927,37.71470417768373,37.60770842981041,38.04587220663978,40.09323019221615,40.32199522249493,40.80773058854854,41.16961343327688,41.14815765523138,41.13393511544247,40.78177909826725,40.710438644696644,40.63724883734594,40.48595065372003,40.090151156236736,27.929679873967984,36.09452808067976,39.48032985365926,36.96159767838628,36.538381129387844,"rgba(255, 0, 0, 1.0)",3.712142363639511,33.65738928267729,-1.7664703129133776,42.775682109508864,-11.620609917079214,False,False,False,True,True,0.0,0.0,0.0,0.0,0.0,1,0.9103051336455611,1.019951419256346,False,False,False,False,-0.23070800516918466,-0.24869427140225048,False,False,False,False,-1068756,-533253.2753244953,False,False,False,False,106632.02756899536,False,False,False,False
2025-06-05 00:00:00+00:00,26.85,27.595,26.79,27.15,76478,,,,,27.90805395608206,28.68244628981667,30.2863695095528,31.416509514211743,33.62209349150484,36.04074362550238,36.942783305450035,37.387891098488396,37.763323246512705,37.7763432971162,37.76512713493108,37.87508916056012,39.44690969219324,40.53173502398019,40.97636669530915,41.15480093813555,41.047623191079666,40.68097121269262,40.645572145784584,40.572879340211514,40.3832369735329,40.2020138591895,39.48468450677478,39.24407395805846,38.97526618820597,38.81185468018696,39.33502405712679,,,26.592921929191277,28.585278976817737,29.390377783756175,30.805527912382463,31.9093348910308,36.781836343772234,37.21977040989824,37.761383339115426,37.761693429420575,37.759491489598545,37.767360463696455,37.67527489165629,37.573991813383984,38.01271671687372,40.06026786806076,40.29003045860607,40.77665193328857,41.13971509601845,41.11872140677698,41.10587401956278,40.75610072162342,40.685303303296266,40.61284497046372,40.46279441905121,40.06859182079098,27.90805395608206,36.04074362550238,39.44690969219324,36.92618159345578,36.504411058645374,"rgba(255, 0, 0, 1.0)",3.481343703511789,33.619708691961065,-1.9445677498410032,42.4571078105798,-11.620609917079214,False,False,False,True,True,0.0,0.0,0.0,0.0,0.0,0,0.9002140704897772,1.0259049527025388,False,False,False,False,-0.23473496682619102,-0.24171461911422076,False,False,False,False,-1145234,-557252.5194294171,False,False,False,False,105449.51668393672,False,False,False,False
2025-06-06 00:00:00+00:00,27.0,27.1,26.835,26.98,68083,,,,,27.887494518862233,28.661177733645413,30.25944330902949,31.383705067640093,33.58063421211715,35.992871892154305,36.894897777377956,37.3416600113039,37.722474282380716,37.736649225936155,37.72734230539077,37.845203444314926,39.41706992901653,40.50350374464718,40.949252602246446,41.12918555428534,41.02315825556029,40.658578286965316,40.62357177571597,40.55156998021638,40.36289124661804,40.18234585772806,39.46714754584574,39.22741060470767,38.95949744509534,38.797455352023334,39.320785953807324,,,26.60750351903583,28.56201654551269,29.368840585181907,30.77574872709806,31.87449005885258,36.73372661949724,37.17302741310901,37.71817558215867,37.72038941652546,37.71835343993569,37.72848317630328,37.64008998767197,37.543873181358535,37.98310052012537,40.03083902772699,40.261489611404514,40.748901818794586,41.113016720585875,41.092433914671545,41.080809883950245,40.73315535945568,40.66284105637063,40.59103374125246,40.44209372662643,40.04931179294556,27.887494518862233,35.992871892154305,39.41706992901653,36.89447219544032,36.473765487475,"rgba(255, 26, 202, 1.0)",3.24455889365775,33.58566399686772,-2.0297563436869477,42.96623310737822,-10.97029558103987,False,False,False,True,True,0.0,0.0,0.0,0.0,0.0,0,0.9064886541958305,1.0463911790835347,False,False,False,False,-0.25905943006786714,-0.25038702459104395,False,False,False,False,-1077151,-577640.6951380674,False,False,False,False,103984.16308848822,False,False,False,False
2025-06-09 00:00:00+00:00,28.05,28.13,27.09,27.59,86626,,,,,27.883914232067518,28.647038668291927,30.233788910238086,31.349912230749407,33.53475650859009,35.93788451983966,36.83936169265725,37.28780129377046,37.67467785065462,37.690187567574064,37.68310099915009,37.81012087996382,39.38167172482078,40.46981034902298,40.91681874931341,41.098512407682385,40.99387106249963,40.63180706411145,40.597272469389054,40.52610244106156,40.33859348615433,40.15887567308398,39.44629140928859,39.20761723467314,38.940793272491526,38.780388004397004,39.30385677640069,,,26.660281531650224,28.547451171373822,29.350730553697222,30.746152365404484,31.837796216109737,36.67802190010478,37.11866063639902,37.667645937187615,37.67206596742128,37.67022327512457,37.682972749383566,37.59889921429141,37.508602997390575,37.94829609870438,39.995807290153415,40.227469367885135,40.71574123432511,41.08105456586904,41.06096444961222,41.05080058905076,40.70571665808019,40.63598673086949,40.56496371174642,40.417364047378456,40.02631849587645,27.883914232067518,35.93788451983966,39.38167172482078,36.859420581072406,36.44098190555692,"rgba(255, 0, 0, 1.0)",3.0224830016882933,33.55141765144529,-1.8201649598599292,47.463478929434956,-6.577555138778656,True,False,False,False,True,0.0,0.0,0.0,0.0,0.0,0,0.9124296260778268,1.0071709063251792,False,False,False,False,-0.19029025709596697,-0.22033864084350546,False,False,False,False,-990525,-593832.2365052019,False,False,False,False,103303.4508105083,False,False,False,False
2025-06-10 00:00:00+00:00,27.37,28.09,27.285,28.09,49433,,,,,27.879266732745478,28.637619339053483,30.2183659034945,31.329983597731545,33.50811578654754,35.90616965774341,36.80736676291198,37.25677793129716,37.6471301433332,37.6634039640097,37.6575882746309,37.78986361093334,39.36126530300054,40.45039939708201,40.89813661752198,41.08084303672281,40.97699606301124,40.616372864949106,40.582109053966036,40.51141626281234,40.32457766448743,40.14533371407605,39.434245469428625,39.19618060904077,38.92998115403997,38.770517936411885,39.29407228841434,,,26.683812819528555,28.537585497146722,29.33946261487932,30.72854831815707,31.816263133005783,36.64592531255548,37.08734204773072,37.63853524043405,37.644216746406755,37.642484552279626,37.65673338753516,37.575132050008214,37.48823066614618,37.928201754066414,39.97562139220413,40.207867328167566,40.69663942947687,41.06264521898919,41.042837576341675,41.03351170102665,40.689899836150666,40.62050482861254,40.54993168118398,40.40310079052784,40.013049317035716,27.879266732745478,35.90616965774341,39.36126530300054,36.83895951517491,36.42157983930431,"rgba(255, 26, 202, 1.0)",2.826335768070214,33.53091880504961,-2.1798255092869607,47.885023969985546,-6.151461085681561,True,False,False,False,True,0.0,0.0,0.0,0.0,0.0,0,0.9299005974237677,1.0076245052978297,False,False,False,False,-0.18212612359365224,-0.20123238221857886,False,False,False,False,-1039958,-611327.36448539,False,False,False,False,101190.884112057,False,False,False,False
2025-06-11 00:00:00+00:00,27.62,28.1999,27.31,27.49,64438,,,,27.709966666666674,27.875939984893055,28.62704988562564,30.1994939229303,31.305198519121546,33.47448849207246,35.86581928718183,36.76656597691916,37.21716652468195,37.611900373579985,37.629144374861895,37.624945229984974,37.763907936440006,39.33505897568679,40.425435411413225,40.87409599643447,41.05809775716732,40.95527251885848,40.59650595592726,40.56259041526574,40.492511637070585,40.30653710910776,40.12790474130985,39.418749330074405,39.18147053449419,38.916076959610734,38.75782521068354,39.28148173980821,,,26.71687407359445,28.526709799787355,29.326044597580932,30.706816331473615,31.789359434704306,36.60501199474171,37.047371330596995,37.60132046950612,37.608604022098824,37.6070123554279,37.62316622194104,37.54471494022665,37.46214198784467,37.90244795637772,39.94967794566506,40.182665017141524,40.67206545866857,41.03895077951772,41.01950601836337,41.01125574742219,40.66954033425162,40.600576603676586,40.53058232041563,40.38474113373085,39.99597288584814,27.875939984893055,35.86581928718183,39.33505897568679,36.17393221028563,36.39708582413404,"rgba(255, 26, 202, 1.0)",2.6351169897271576,33.00943570215924,-2.0452358370310018,49.06270509348314,-4.956636434438508,True,False,False,False,True,0.0,0.0,0.0,0.0,0.0,0,0.9542188354268756,0.9764633570703316,False,False,False,False,-0.17504022313125286,-0.18813630267491588,False,False,False,False,-975520,-625609.4286232179,False,False,False,False,99749.59453903517,False,False,False,False
2025-06-12 00:00:00+00:00,27.37,27.71,27.25,27.51,117436,,,,27.537801584613526,27.860983331174392,28.602970334253882,30.162214409920242,31.25760470772135,33.41140786781102,35.79092388482787,36.690979925840445,37.14381411503398,37.54662199934503,37.56564812118617,37.56441704978708,37.715701392515406,39.286512319952216,40.37924138024603,40.829624615340805,41.01601962873076,40.915071245212594,40.55971017224568,40.52643539435101,40.457486162076655,40.273098059104775,40.09558705412982,39.38997254178312,39.15413774868994,38.89022466050457,38.73421145640282,39.25807905291957,,,26.757164076535094,28.5013709408949,29.29820846230896,30.664551817157225,31.73807822606391,36.529198064069064,36.97334042526852,37.53240147015534,37.54262283443696,37.5412887504355,37.560940527718955,37.488270651630145,37.413662389983365,37.854625791377565,39.90165424240768,40.13601884443264,40.62660228487316,40.99512456646623,40.97634677951787,40.970076457493974,40.63183962669965,40.56366793506494,40.49473809185235,40.3507165288298,39.9643005388616,27.860983331174392,35.79092388482787,39.286512319952216,36.118185174005475,36.35007738016135,"rgba(255, 26, 202, 1.0)",2.4342001146572483,32.954177361393356,-2.294050241707282,48.9126664721809,-4.956636434438508,True,False,False,False,True,0.0,0.0,0.0,0.0,0.0,0,0.938620519210372,0.9916537087190682,False,False,False,False,-0.20404201048396656,-0.1960891565794412,False,False,False,False,-1092956,-643936.7451477975,False,False,False,False,100443.17906691614,False,False,False,False
2025-06-13 00:00:00+00:00,26.2,27.15,26.18,26.95,117550,,,,27.134299940552527,27.81579386075789,28.561203571259007,30.11342754740745,31.19975187544881,33.33990368564292,35.70904367875314,36.609024830758536,37.06452573064702,37.4761550712296,37.497090369464495,37.499025498148136,37.6635535005456,39.234515465246375,40.33001806762988,40.78232082674134,40.971281845859004,40.872298466837925,40.52047804345358,40.48787673158034,40.42011359516902,40.237377869722614,40.06102829736345,39.35906640872852,39.12473524995439,38.86236323579891,38.70872755595112,39.23290289016054,,,26.7441645207404,28.45581647952385,29.2575461938461,30.61138430047521,31.67705010788681,36.446889353943746,36.89322560469488,37.45805001704016,37.47140499600807,37.4703446916512,37.493735686637535,37.427208484596946,37.36110445976824,37.80294100168374,39.85037816677696,40.08625992984481,40.57820715427224,40.94853597801762,40.930459016033986,40.92627988836004,40.59166151982653,40.52431684294287,40.45650340010666,40.314387808277615,39.93040580565772,27.81579386075789,35.70904367875314,39.234515465246375,36.044079430398185,36.29454930159012,"rgba(255, 26, 202, 1.0)",2.245584038880494,32.87545030291337,-2.97270117142502,45.25921873312632,-4.956636434438508,False,False,False,True,False,0.0,0.0,0.0,0.0,0.0,0,0.9093439824158811,1.0160479277834609,False,False,False,False,-0.29224740004935323,-0.24416827831439722,False,False,False,False,-1210506,-666155.1472988643,False,False,False,False,101114.03478978218,False,False,False,False
2025-06-16 00:00:00+00:00,27.04,27.39,26.35,26.35,98384,,,,27.08294905766936,27.791580127188052,28.53435194325767,30.078192943106,31.1566112346304,33.28476922627108,35.6446702559248,36.544228086058986,37.001652354094375,37.42008026206184,37.442512270723924,37.4469402576353,37.62189633949491,39.19273512405336,40.29032220485086,40.74411812466031,40.935122687784244,40.837727292163095,40.48878209241288,40.45672473495296,40.389920414736395,40.2085270404194,40.033124271220125,39.33414829201207,39.1010409700916,38.839924046540375,38.6882059637909,39.21259547599194,,,26.751859445440132,28.427089221394368,29.229438890105023,30.572336073235835,31.631088417498763,36.3818784898146,36.82976336849412,37.39892714624956,37.41474094584283,37.41389619319392,37.4402234843008,37.37855266574897,37.3191779986101,37.76162657510542,39.80909432487603,40.046162098207795,40.53914909489298,40.910891821715225,40.89337949926484,40.890881144247,40.559199421672865,40.49252496218953,40.42561431741541,40.28504193682174,39.903045153698194,27.791580127188052,35.6446702559248,39.19273512405336,35.999798330949716,36.252007844911915,"rgba(255, 26, 202, 1.0)",2.05141983790508,32.82950518407658,-2.8221942076902464,45.87670698442907,-4.956636434438508,True,False,False,True,False,0.0,0.0,0.0,0.0,0.0,1,0.9282371322115891,1.0077542275132645,False,False,False,False,-0.2696922759552738,-0.2569302771348355,False,False,False,False,-1112122,-683644.0434832226,False,False,False,False,101006.97460194759,False,False,False,False
2025-06-17 00:00:00+00:00,26.69,26.995,26.465,26.58,56055,,,,27.03771082624786,27.775156300391792,28.51749656646555,30.0571493918232,31.131217798515333,33.252754221415586,35.6075399245101,36.50689835208605,36.96543787736416,37.38776294310348,37.41105133110716,37.416905362079774,37.59784290925822,39.168651696208784,40.26745640857802,40.72211653849665,40.91429628855023,40.81781046454734,40.470510494994194,40.43876508552668,40.37251059065612,40.19188591239903,40.01702481833278,39.31975609321792,39.087349943560035,38.82695214468576,38.676337380195385,39.20085786609175,,,26.751033844553007,28.408975254057477,29.21229265633681,30.549195589597836,31.604145655727095,36.344419707574275,36.79320629429874,37.3648678069263,37.38208670051338,37.381365095402884,37.40937202141041,37.350478817865984,37.294960757222434,37.737773922334355,39.7853087749081,40.02306120889165,40.51665349634842,40.889213311711046,40.87202452081365,40.87049028731476,40.540488932726156,40.474198325985014,40.407805220303395,40.26811742985819,39.88725620225168,27.775156300391792,35.6075399245101,39.168651696208784,35.97322653906351,36.22704628619043,"rgba(255, 26, 202, 1.0)",2.0403770451771006,32.80153564034554,-2.9952971950902687,45.293198401746174,-4.956636434438508,False,False,False,True,False,0.0,0.0,0.0,0.0,0.0,1,0.9552972883740294,0.9966571207097024,False,False,False,False,-0.2850654296865148,-0.27099785341067517,False,False,False,False,-1168177,-702645.3358956453,False,False,False,False,99244.15206853788,False,False,False,False
2025-06-18 00:00:00+00:00,26.5,26.73,26.4,26.69,56584,,,,26.98290816101704,27.756445977915845,28.499188780852762,30.035084333656503,31.104882661199465,33.21990339154508,35.56964647396228,36.46884077499803,36.928525471977196,37.35481127748607,37.37896841712248,37.38626869708014,37.57328479067294,39.14409800775451,40.24415857595126,40.6997032074094,40.89307922637057,40.797516146628304,40.45188374776584,40.420455101134735,40.354758876182004,40.174913779546316,40.00060158721672,39.30506198403681,39.07336716518288,38.813698933457786,38.66420734327423,39.18886763367708,,,26.746229115537965,28.389241957055326,29.19403455203221,30.525072952315906,31.57629262919646,36.3062252761953,36.75594111532372,37.33015052928537,37.34879341969608,37.34819658500798,37.37790700086257,37.32183008675848,37.27022818777632,37.71342338747559,39.76106895639567,39.99952067532946,40.493735453820264,40.867130458343354,40.85026999917285,40.84971507002484,40.52141692129963,40.455515668953915,40.38964792040395,40.25085799769123,39.87114729940125,27.756445977915845,35.56964647396228,39.14409800775451,35.94548266112502,36.201250370380286,"rgba(255, 26, 202, 1.0)",2.0073312209572634,32.77202077181283,-3.124556977110037,44.36788856872719,-1.699207544837904,False,False,False,True,False,0.0,0.0,0.0,0.0,0.0,1,0.9687056773890935,1.0015579223235194,False,False,False,False,-0.3033543976438824,-0.2871761255272788,False,False,False,False,-1224761,-723120.4599781691,False,False,False,False,97571.20492859522,False,False,False,False
2025-06-20 00:00:00+00:00,26.19,26.67,26.13,26.67,80867,,,,26.89361765841273,27.726139226154853,28.470815491666947,30.00212930409293,31.06603049024133,33.17202674064115,35.51477073704547,36.41379448556424,36.875149310092894,37.30714210300772,37.3325482802947,37.341927208268714,37.53770119403372,39.10858113457649,40.210483143091324,40.66731306185591,40.86241620866819,40.76817991092057,40.42494267271609,40.39397000540746,40.32907733632876,40.15035274588324,39.97682872717029,39.28377040500742,39.05309839368954,38.794479233028994,38.64660937076525,39.17148275423498,,,26.732908762581296,28.358577126321027,29.16630490561224,30.48927778569374,31.535349620633525,36.25097203683078,36.70204878458734,37.279945588023494,37.30063340071702,37.300215683742486,37.33237456488667,37.280344250139656,37.2343794660856,37.67814500434006,39.72602362449045,39.96548898028172,40.460613449142954,40.83522022284561,40.81883205918195,40.81968735691258,40.49383558703992,40.428494074550095,40.36338228097076,40.22588418473033,39.84782523696174,27.726139226154853,35.51477073704547,39.10858113457649,35.90448391833767,36.16336713365251,"rgba(255, 26, 202, 1.0)",2.016704090189369,32.72789246208316,-3.2418699867213787,42.88054832960313,-3.218873617843805,False,False,False,True,False,0.0,0.0,0.0,0.0,0.0,1,0.9485904946139267,1.0288355785056278,False,False,False,False,-0.3218424636249296,-0.3045092945761042,False,False,False,False,-1305628,-745963.8929202016,False,False,False,False,96916.13806865031,False,False,False,False
2025-06-23 00:00:00+00:00,26.79,26.79,26.08,26.11,122670,,,,26.83515321361076,27.689520684340795,28.433509557061534,29.956216097166493,31.011009533310492,33.10298749578203,35.434755160000044,36.3332488738614,36.79689291733704,37.23706815280111,37.26428615216563,37.27668938740379,37.48521818664642,39.056013692512764,40.16052666344142,40.619218143573434,40.81685915724456,40.72459001737024,40.38491492389218,40.354618342944406,40.290917802014455,40.11386055038097,39.94151184675033,39.25216007275212,39.02301231847745,38.76595727441515,38.620492360513985,39.14565766138126,,26.55333333333333,26.724594765251226,28.318698985812677,29.128483671093274,30.43898384787794,31.47706040042035,36.17017581864562,36.62309049547656,37.20619235746248,37.22984711791612,37.22968988923468,37.265404402123814,37.21927870554134,37.18155018100271,37.62609046696268,39.674090371649854,39.9150276309497,40.411453642248496,40.78782219936403,40.77213286859071,40.775072049199984,40.45285704860046,40.38834705705538,40.32435693259514,40.18877724268939,39.81318210917273,27.689520684340795,35.434755160000044,39.056013692512764,35.84866481762333,35.39765005754788,"rgba(255, 26, 202, 1.0)",1.9680842379244616,32.13467221074974,-2.7156724838090387,44.20547072911633,-3.218873617843805,False,False,False,True,False,0.0,0.0,0.0,0.0,0.0,1,0.9472976814575131,1.0493035175291177,False,False,False,False,-0.31790332648114195,-0.3112063105286231,False,False,False,False,-1182958,-763100.9167272525,False,False,False,False,97926.09343850716,False,False,False,False
2025-06-24 00:00:00+00:00,27.44,27.47,26.72,27.09,130991,,,,26.893263282424527,27.674048853681555,28.408607980142598,29.917723472249218,30.962158226444306,33.038071498737835,35.35707649512794,36.254358229086044,36.71990141038864,37.1677798531383,37.196752525629336,37.21210476976736,37.43305938316648,39.00328712249342,40.1101384203237,40.57060218791514,40.77075598573973,40.68048075250514,40.344443444150286,40.31483131091806,40.252339191155734,40.07698519886026,39.90584363190734,39.22031492751232,38.992728359833826,38.737276750303145,38.5942388981858,39.11962925610395,,26.892437189792677,26.74746199136314,28.29314901891345,29.099282450941374,30.395517834133067,31.424407449551246,36.09116292573212,36.54553209885356,37.13333403474214,37.1598677312198,37.15996463247332,37.19913209803779,37.15880154781035,37.129161316150594,37.57430484528857,39.62183749342029,39.86418855265381,40.36181080314673,40.739874089701054,40.72488981122887,40.729923041720994,40.411418766407294,40.347755143972606,40.2849027427316,40.15127254281245,39.778209996188636,27.674048853681555,35.35707649512794,39.00328712249342,35.80147226020148,35.3658058957577,"rgba(255, 26, 202, 1.0)",1.9420776930300458,32.10836634029993,-2.403799990625661,47.23432278250614,-6.776330740579802,True,False,False,False,True,0.0,0.0,0.0,0.0,0.0,1,0.9240857282109602,1.0296855093158672,False,False,False,False,-0.24524050306511136,-0.2782234067968672,False,False,False,False,-1051967,-774428.998424223,False,False,False,False,99222.75644091865,False,False,False,False
2025-06-25 00:00:00+00:00,27.16,27.67,27.08,27.67,63286,,,,26.921836229233666,27.668358705198756,28.39784564960154,29.90013823101919,30.939579642014248,33.00771226758005,35.320494651781836,36.21711868592613,36.68350638859881,37.134956921424475,37.164750729001874,37.18148623824213,37.40827736509668,38.978181285042425,40.08610956064087,40.547403520744574,40.74874633004509,40.65942007370757,40.3251176232575,40.29583136294906,40.23391482255059,40.059373608352075,39.888808825084524,39.20510886461386,38.97826821497013,38.72358298301915,38.5817018679582,39.107192949186505,,26.97448236876618,26.759832162384267,28.282249970282354,29.08617189524653,30.375537616245065,31.39998500383168,36.05388232333552,36.50888726942224,37.098840501647146,37.12672131927593,37.12693734708958,37.16772202873708,37.13011580358293,37.10428358996299,37.549693222733964,39.59693773970092,39.839952121834564,40.33812951674701,40.71698888971151,40.702339695075395,40.70836743679201,40.39163224511373,40.328372019242714,40.266061535132536,40.1333604768321,39.76150823482527,27.668358705198756,35.320494651781836,38.978181285042425,35.779343573055314,35.34698451928064,"rgba(255, 26, 202, 1.0)",1.9318671638437968,32.092505911424034,-2.5532324394447117,48.28940204314558,-5.788367123708923,True,False,False,False,True,0.0,0.0,0.0,0.0,0.0,1,0.924451610663102,1.0290513971232889,False,False,False,False,-0.21520480136630757,-0.2467141040815874,False,False,False,False,-1115253,-787794.6455448418,False,False,False,False,97813.47187460812,False,False,False,False
2025-06-26 00:00:00+00:00,27.84,27.97,26.96,27.21,77928,,,,26.97463408677241,27.666905174278003,28.388274278881124,29.881161581559173,30.91431904178908,32.97262438723928,35.27749759914049,36.17314791703416,36.640433440726156,37.096008601116104,37.126765483589054,37.14512932531357,37.378788788470274,38.94816998466605,40.05730568991093,40.51956467078424,40.722318831327684,40.634132338736215,40.301921229889864,40.27302616297362,40.21180102144394,40.038239820993596,39.8683723103129,39.186887628057306,38.96094760626895,38.707188121884116,38.56669385027047,39.09228629661948,,27.09595386725757,26.781973949226074,28.27298947629621,29.072842575012068,30.35354950361191,31.37238366234891,36.00989839360829,36.46555426836867,37.057930914622965,37.08739325364008,37.087749539777974,37.13043377509338,37.096045607176606,37.07471356915038,37.52039231928531,39.567126803986,39.810915967558515,40.30972572131661,40.68951574568769,40.67526806496613,40.682485160371556,40.36788162641079,40.30510692283563,40.24344759234099,40.11186401055898,39.741475469127934,27.666905174278003,35.27749759914049,38.94816998466605,35.75460643070987,35.32661784889957,"rgba(255, 26, 202, 1.0)",1.9309674744507022,32.07736084555953,-2.194423728843452,51.086470353863966,-3.157724559088159,True,False,False,False,True,0.0,0.0,0.0,0.0,0.0,1,0.9075684261551514,1.0281040631546146,False,False,False,False,-0.2056335653646947,-0.22617383472314107,False,False,False,False,-1037325,-797580.1496411226,False,False,False,False,97033.64944815291,False,False,False,False
2025-06-27 00:00:00+00:00,28.065,28.12,27.69,27.99,70048,,,,27.039871495444043,27.6716847466081,28.38374367595609,29.86706774339368,30.89441580010973,32.94360207690178,35.241086882600555,36.135684005534344,36.60362435368269,37.06261504596781,37.09418640657325,37.11393395527257,37.35342455603353,38.92219852623203,40.03228911669556,40.49535271827168,40.69931783003355,40.612124545968825,40.28174450590131,40.25319005427323,40.19256741023866,40.019864397999754,39.850609528579376,39.17107628951322,38.94592621245282,38.69297914782844,38.55368987372074,39.07934791054103,,27.22588496733151,26.80951622767568,28.269250794268718,29.063988394389895,30.336674059631427,31.35029547234436,35.97246295000232,36.42856246863441,37.02287626324737,37.053678121150355,37.05415365241345,37.098447501645886,37.0668061861705,37.04931620843501,37.49517251461446,39.54127656949877,39.78571625591549,40.28503810760933,40.66561023925524,40.65171140890561,40.6599591539144,40.347220970537165,40.284870477571026,40.22377880946526,40.09317056595936,39.7240687147771,27.6716847466081,35.241086882600555,38.92219852623203,35.73505790207272,35.31132191815699,"rgba(255, 26, 202, 1.0)",1.9280620597650486,32.06840620756602,-2.0763886656500414,53.58739852080899,-0.8628862043743482,True,False,True,False,True,0.0,0.0,0.0,0.0,0.0,1,0.9260355416746638,1.0198188020169945,False,False,False,False,-0.15933798766827847,-0.19275591119570978,False,False,False,False,-967277,-804234.9280865687,False,False,False,False,95975.38868548025,False,False,False,False
2025-06-30 00:00:00+00:00,28.94,29.42,28.03,28.07,109070,,,,27.204303399933806,27.699697859847426,28.390409559752065,29.854989149430892,30.87265097775065,32.906562769330385,35.19155212131048,36.083936457655824,36.55242504454634,37.01584530868679,37.04852962635848,37.070189189435936,37.31770124335482,38.885076013060726,39.99623207610127,40.46034669559436,40.66601379575329,40.580268726264926,40.2525871054763,40.22452799228496,40.164783081520895,39.99334445864077,39.824999078094464,39.14837938771564,38.92439660904356,38.67265134188895,38.535102130215094,39.06077578726385,,27.524364495734268,26.8794117378983,28.27883119521029,29.060721995549397,30.319962981971315,31.324826912862605,35.9208867221113,36.37723743657545,36.973826656029054,37.00646736022593,37.0071080334287,37.05361181589707,37.02580511228962,37.01367197353708,37.45959589829928,39.50415088937211,39.74945716316573,40.24939449560497,40.631009694650324,40.61761621726562,40.627347361587454,40.31735503433374,40.25562656242383,40.19536280345922,40.06618064371045,39.6989911499965,27.699697859847426,35.19155212131048,38.885076013060726,35.713692255596484,35.29889793938392,"rgba(255, 0, 0, 1.0)",1.9251041694054372,32.07150864335772,-1.6266697112421054,57.44376659776078,2.6526189611482067,True,False,True,False,True,0.0,0.0,0.0,0.0,0.0,0,0.9458075458994746,0.9822768038256036,False,False,False,False,-0.07468752856477556,-0.13372171988024267,False,False,False,False,-858207,-806351.4799263111,False,False,False,False,96488.90285467712,False,False,False,False
2025-07-01 00:00:00+00:00,28.68,28.86,28.22,28.86,45628,,,,27.25639081266404,27.708842142953387,28.391726048444045,29.849030053804942,30.86277181778025,32.890481685919106,35.17038199801857,36.06188679410166,36.53063060732188,36.99594055266064,37.02909614767551,37.051564318630135,37.30247907660537,38.869305340293515,39.98093510282044,40.44550191309936,40.6518911954704,40.56675657726638,40.240210572745234,40.212360541796855,40.1529860551325,39.98207995362583,39.814117114489065,39.13872185116538,38.91523086460328,38.66399192791367,38.52717995829049,39.052867719584455,,27.602590900997008,26.904168803841873,28.281152795992362,29.0583111144103,30.312130244549163,31.313450027866228,35.89890024485572,36.35538136575313,36.95295798150794,36.986376039209624,36.98708645107133,37.03452535911934,37.00833857428043,36.99847310408424,37.444440383899945,39.4883927422377,39.734070068083305,40.234276779571914,40.6163389963123,40.60315869862249,40.61351655715946,40.30467987551318,40.24321348639186,40.183298991640235,40.05471830239472,39.68833297791528,27.708842142953387,35.17038199801857,38.869305340293515,35.703409165003585,35.290726033813314,"rgba(255, 0, 0, 1.0)",1.9248532575399606,32.06873239655313,-1.7605146695099585,58.94435042028763,3.924531210988981,True,False,True,False,True,0.0,0.0,0.0,0.0,0.0,0,0.9430912062822155,0.9956476804926143,False,False,False,False,-0.0936498494121721,-0.11368578464620738,False,False,False,False,-903835,-810174.3630664557,False,False,False,False,94494.35764468978,False,False,False,False
2025-07-02 00:00:00+00:00,28.77,28.8,28.55,28.59,50590,,,,27.314550147955845,27.720119117114084,28.39405111594008,29.843109918070468,30.852489903876975,32.87328443961569,35.147492676949845,36.03798041071885,36.50696796956911,36.97429414926888,37.00795816821053,37.031300772369974,37.28589496398854,38.85207939609515,39.96420059604272,40.42925222030841,40.63642668562845,40.55196025212458,40.22665975670294,40.19903854493407,40.14006959837152,39.96974767316676,39.80220505037906,39.12815622952309,38.90520518668559,38.654522299912685,38.51851685223573,39.04421397565515,,27.685930614885958,26.932690918613712,28.284681371730095,29.056339410063405,30.304126303262727,31.30149621128338,35.87507388867665,36.3316634934752,36.930271069060815,36.96452824849517,36.96531408069989,37.013762792005416,36.98933164043668,36.98192482582325,37.4279239604232,39.47116574240313,39.71724227614922,40.217732995781745,40.6002764422229,40.58732917806823,40.5983714006874,40.2908018789151,40.22962270522162,40.170090637273496,40.042168876808944,39.67666709255412,27.720119117114084,35.147492676949845,38.85207939609515,35.692455560274254,35.281940273178044,"rgba(255, 0, 0, 1.0)",1.9225772750080847,32.066108065502895,-1.714421629938924,60.17838274262151,5.036367225688004,True,False,True,False,True,0.0,0.0,0.0,0.0,0.0,0,0.9685575072713372,0.9815185012697379,False,False,False,False,-0.07980663069989756,-0.09674620767305248,False,False,False,False,-853245,-811863.4076520848,False,False,False,False,92772.61812921175,False,False,False,False
2025-07-03 00:00:00+00:00,29.44,29.46,28.925,28.99,24624,,,,27.352083992912174,27.72862554065984,28.3972053487323,29.8416804989753,30.848836836731035,32.86609975301298,35.13738807576886,36.02729813612073,36.49633761163901,36.96452037210797,36.99841008125489,37.022144261740415,37.27837920877286,38.844184518457126,39.956483568583465,40.421741838544555,40.629271925864195,40.54511659540705,40.22040042086709,40.19288551580198,40.13410521571471,39.964057254113776,39.79671276617124,39.12330132794572,38.90060398788965,38.65018255821161,38.514549651552834,39.04023840112377,,27.74224505578063,26.950593390052255,28.28866249104945,29.0569345496174,30.301635075369823,31.29698313059169,35.86444869511397,36.32102878472899,36.92003366023297,36.95466480361667,36.955484479503234,37.00438314572657,36.98074437240833,36.974445593269024,37.42042979726495,39.46324228836059,39.70949196562086,40.210094426412205,40.59284672095377,40.580007449594916,40.59136527754088,40.28438977800285,40.22334485458873,40.1639908344172,40.03637640018983,39.67129155581009,27.72862554065984,35.13738807576886,38.844184518457126,35.68845470509769,35.27941999376342,"rgba(239, 83, 80, 1.0)",1.9217758702550694,32.067413495510465,-1.3671799798182178,62.63296566602406,7.344376789530955,True,False,True,False,True,0.0,0.0,0.0,0.0,0.0,0,0.9635600294841169,0.9840967825013542,False,False,False,False,-0.026976477244421444,-0.06186134245873696,False,False,False,False,-828621,-812520.5681363168,False,False,False,False,90100.12330061522,False,False,False,False
2025-07-07 00:00:00+00:00,28.98,29.26,27.8,28.65,72545,,,,27.42298565784496,27.74371613349857,28.400157277897556,29.833132678928397,30.83414033595271,32.84161906915278,35.104818922521076,35.99326626120526,36.462634738588,36.93365250769417,36.96826038275011,36.99323119867245,37.254678664154135,38.81955928950306,39.93255015431036,40.39849615521192,40.60714365299301,40.52394072478015,40.20100106052977,40.1738125276412,40.115610773667086,39.94639656588663,39.77965201432115,39.10816356228457,38.88623751986784,38.63661056716396,38.50213022615224,39.02783220797974,,27.830896613585622,26.98867752452736,28.293243037264975,29.053936114927044,30.29015193902811,31.27992478264162,35.83053497196532,36.28725319457224,36.88769666565127,36.923512504171974,36.924438754976556,36.97476431844454,36.95361119192992,36.95079880009364,37.39682409545093,39.43861124808553,39.68542722820329,40.18643110250617,40.56986674449616,40.557359423001586,40.56969215397352,40.26452373832734,40.20388849948023,40.14507998993711,40.01840575614882,39.65458235150986,27.74371613349857,35.104818922521076,38.81955928950306,35.67213986969148,35.265198012776196,"rgba(255, 0, 0, 1.0)",1.9180630314960785,32.06133685894507,-1.6064836287166449,62.241578035383675,7.344376789530955,True,False,True,False,True,0.0,0.0,0.0,0.0,0.0,0,0.917783156199393,1.0089311788182616,False,False,False,False,-0.09467663336873368,-0.07826898791373532,False,False,False,False,-901166,-815996.8595819515,False,False,False,False,89411.68709274795,False,False,False,False
2025-07-08 00:00:00+00:00,29.17,29.23,28.91,29.15,49257,,,,27.481772423472126,27.758203171419158,28.40510598860553,29.82950467083526,30.826213450314846,32.826833914525835,35.08433637006691,35.97166545435902,36.441151930020034,36.91389274037538,36.948952691137286,36.97470751150324,37.23945148524202,38.8036022623586,39.91696672335344,40.38333335673753,40.59269715676581,40.51011802163522,40.188348940204754,40.16137387890408,40.10355092622238,39.93488608324221,39.76853849859074,39.09832646556861,38.876909543748695,38.62780733962244,38.494078156222926,39.019769426697245,,27.90764603285589,27.019830642071554,28.29963040348539,29.0542014851693,30.28447297509991,31.270333966701465,35.8090424585589,36.26575650625964,36.86700961588552,36.90357328560601,36.90456718683245,36.95579367671167,36.936226526335986,36.93563755353425,37.38164358765078,39.42260671599703,39.669773607957616,40.171008425679275,40.55486788675771,40.5425771600755,40.555543675034954,40.25156521673613,40.19119918241113,40.132748060650314,40.00669069439251,39.64370249080765,27.758203171419158,35.08433637006691,38.8036022623586,35.6629116070918,35.2578099849613,"rgba(255, 0, 0, 1.0)",1.9113439755292416,32.06054259660724,-1.5123089478474763,62.48571043244225,7.344520028484901,True,False,True,False,True,0.0,0.0,0.0,0.0,0.0,0,0.9400909523896757,1.0380960449907488,False,False,False,False,-0.039457631676598284,-0.0588633097951668,False,False,False,False,-851909,-817405.1788140319,False,False,False,False,87836.99348126764,False,False,False,False
2025-07-09 00:00:00+00:00,29.5,29.61,29.09,29.09,49731,,,,27.547215624121037,27.77567725892254,28.4121252130376,29.82735971874084,30.8196490632082,32.81320457123694,35.064816792640265,35.950929827869466,36.4204610321961,36.89479765922027,36.93028861440689,36.95679514608015,37.224693850841845,38.788035856407404,39.9017091575025,40.36846742782683,40.57852406767516,40.49655828319001,40.17594538419343,40.14918001470001,40.091729445870435,39.923607217977136,39.7576529447695,39.08870851938011,38.86779515154443,38.619212203664326,38.4862189677011,39.01188547210725,,27.99330969441777,27.054713888057176,28.30832086085307,29.05606693208508,30.280220561407962,31.262050173447403,35.788435849411094,36.24507664453931,36.84702859301617,36.8843068112942,36.88536563829899,36.93745313370156,36.91941432576809,36.920967272596,37.36692050830547,39.40696147401488,39.65445867299817,40.155897033923075,40.540155723301005,40.52807735629325,40.54166354615484,40.23885983335467,40.17875914884608,40.12065951693924,39.99520950862065,39.63304920057246,27.77567725892254,35.064816792640265,38.788035856407404,35.65482172820088,35.25176005738649,"rgba(239, 83, 80, 1.0)",1.9036092485513683,32.06181673744006,-1.3457681713773895,63.51069584126786,8.520578551339781,True,False,True,False,True,0.0,0.0,0.0,0.0,0.0,0,0.912533033067537,1.0371785738906636,False,False,False,False,-0.010941073701986707,-0.034902191748576755,False,False,False,False,-802178,-816808.034546815,False,False,False,False,86342.64079572774,False,False,False,False
2025-07-10 00:00:00+00:00,29.08,29.5,28.71,29.46,43109,,,,27.59172234423936,27.78775335982391,28.416286281422693,29.824210162088033,30.812802037556345,32.800435289221234,35.047104274645505,35.9322334703942,36.40185269116265,36.87765681771259,36.913535583365075,36.94071580916948,37.2114519948035,38.774149213958225,39.888138022461746,40.35525803973884,40.565934633250166,40.484510285068886,40.16491448646265,40.13833452741188,40.08121305139001,39.913568477919064,39.74795954625065,39.080126146891246,38.8596558986185,38.6115297927335,38.47919019591145,39.0048464215433,,28.04560856037774,27.080329978006876,28.31368127649993,29.056255904134574,30.275308390061493,31.253768435551564,35.769836988306245,36.22646104640901,36.82909251325452,36.86701202510122,36.86812893906185,36.92098972991828,36.90431589997821,36.90778554196127,37.353717526105264,39.39302906639864,39.640828320141466,40.14246363500703,40.52708754387981,40.51519701289025,40.52933275240903,40.22756275153312,40.167695953028115,40.10990678263312,39.984992853838904,39.62355916704626,27.78775335982391,35.047104274645505,38.774149213958225,35.64644996619784,35.24454491665226,"rgba(255, 0, 0, 1.0)",1.8970748393105314,32.05999419836594,-1.5708363932806078,62.24703683716126,8.520578551339781,True,False,True,False,True,0.0,0.0,0.0,0.0,0.0,0,0.9167850614341579,1.0359511303422264,False,False,False,False,-0.03589050349928223,-0.03539634762392949,False,False,False,False,-845287,-817924.8567214498,False,False,False,False,84647.20390177764,False,False,False,False
2025-07-11 00:00:00+00:00,28.42,29.08,28.35,29.08,68367,,,,27.63637837536649,27.799599146816846,28.418199533839815,29.816011610571582,30.799047996176224,32.77776201949194,35.016979739223395,35.9007234903475,36.370608260543115,36.848959520273986,36.885490734054216,36.91379767137807,37.18930286426179,38.75111937028327,39.86573097330686,40.33348206729483,40.5451922138736,40.46465220494413,40.14670872549887,40.12043231845372,40.06384918892638,39.89698127172707,39.73193162950595,39.065892512518154,38.84614227664409,38.5987582135999,38.46749558146201,38.9931637779855,,28.085534693332132,27.110299279728657,28.316913666966133,29.053034791048237,30.264462444289197,31.237869579637223,35.73844546048867,36.19516214365024,36.79906187452784,36.83805638750941,36.839270215997495,36.893428472035275,36.879025542010304,36.8856922812781,37.331652803437045,39.36998409735384,39.61830305775465,40.12030338071316,40.50555593479153,40.49397316363231,40.50901285679764,40.208922913341084,40.14943720249702,40.092155499092655,39.9681168271183,39.60785916873468,27.799599146816846,35.016979739223395,38.75111937028327,35.63000894180002,35.22880146350907,"rgba(255, 0, 0, 1.0)",1.877288674062915,32.050671035477606,-1.933997198001487,58.74805291229069,8.520578551339781,True,False,True,False,False,0.0,0.0,0.0,0.0,0.0,0,0.9021985395153473,1.0370153355484173,False,False,False,False,-0.07571102793564018,-0.05555368777978484,False,False,False,False,-913654,-821678.9407715889,False,False,False,False,84008.76453308048,False,False,False,False
2025-07-14 00:00:00+00:00,28.94,29.035,28.355,28.36,40047,,,,27.664755819633505,27.807710297952088,28.42019326984818,29.811894488471705,30.79165590329424,32.76510089161812,34.999902425853676,35.88279446727438,36.352797823787256,36.832566973088795,36.86946709411955,36.89841317543878,37.17662278025785,38.737889942966355,39.852833133041116,40.320937619469724,40.53323796599464,40.453207539223385,40.1362186790724,40.11011713666487,40.053844275235974,39.887425163452924,39.722699292033596,39.05770030860651,38.83836656987439,38.59141188682436,38.46076921227775,38.98643802130976,,28.11272597622601,27.129124935386415,28.319768920057843,29.05185362695289,30.258785412739684,31.229208364066604,35.720595280509635,36.1773321810846,36.78191474738718,36.82151764551166,36.82278646098721,36.87767930558924,36.86456838343673,36.87305477286161,37.31901608218095,39.35673105101627,39.60534251754085,40.10754220441815,40.49314884061171,40.48174310473158,40.4973020416986,40.19818243538363,40.1389166590311,40.08192748466861,39.95839369853915,39.59881701454358,27.807710297952088,34.999902425853676,38.737889942966355,35.620915871353525,35.22022199066484,"rgba(255, 0, 0, 1.0)",1.851326471128697,32.04612094693214,-1.6777813072798737,58.08271030307445,12.956643363691931,True,False,True,False,False,0.0,0.0,0.0,0.0,0.0,0,0.9128537957533047,1.0311486985268157,False,False,False,False,-0.07775850389339002,-0.06665609583658744,False,False,False,False,-873607,-823715.3352511345,False,False,False,False,82284.77376707733,False,False,False,False
2025-07-15 00:00:00+00:00,28.74,29.3569,28.61,28.97,80528,,,,27.723733751505907,27.825682295871285,28.425525492335193,29.80470640464039,30.777870650917865,32.740676822122204,34.96653168259876,35.84764650962156,36.3178253650046,36.80031587835104,36.83793434227517,36.86812871416414,37.15162018399824,38.71172784476317,39.827281437437506,40.29606865535699,40.50952937772264,40.43050877546742,40.11541603298171,40.08966097172772,40.0340031480916,39.86847573505005,39.7043941261982,39.04146736533341,38.82296196379321,38.57686150198818,38.44744690899454,38.973106481593206,,28.170611734744817,27.16851188081196,28.326953909439755,29.050579303289215,30.24845659782275,31.212858082236753,35.68562157002366,36.1423414855679,36.74819326667578,36.78898167301609,36.79035788635473,36.84668286233869,36.836102166060684,36.848154144894366,37.29409042312711,39.33049672743019,39.579675836048445,40.0822518301442,40.468546153200094,40.457490700352835,40.47407578668276,40.176882952022524,40.11805363373589,40.06164441798605,39.93911222401474,39.58089088594892,27.825682295871285,34.96653168259876,38.71172784476317,35.60341955944317,35.203847911679006,"rgba(255, 0, 0, 1.0)",1.8382525069419628,32.03818331823006,-1.7941949246770115,56.84430909073876,11.659122612468039,True,False,True,False,False,0.0,0.0,0.0,0.0,0.0,0,0.9121056116499072,1.0354391053619174,False,False,False,False,-0.04828313337808078,-0.05746961460733411,False,False,False,False,-954135,-828829.8319079528,False,False,False,False,82215.88067817234,False,False,False,False
2025-07-16 00:00:00+00:00,29.56,29.62,28.72,28.72,36357,,,,27.75693498203068,27.83653079645336,28.429870495429295,29.80291209034618,30.773018322106847,32.730882763273,34.9525649934551,35.832795564197276,36.30298429702205,36.78656974177188,36.82448886947057,36.855209723881764,37.140923209091476,38.70043869054786,39.816202846083314,40.285266879912506,40.49922266996318,40.42064241222367,40.10638143723217,40.08077726157093,40.025387549667855,39.86025129224687,39.69645346399452,39.03444226672488,38.8163008723404,38.57057602333578,38.44169438027182,38.96733629996703,,28.20679611753039,27.189675553826536,28.332342433832867,29.051535151388663,30.245207195297652,31.206808933440076,35.670867711330565,36.12751557135632,36.73382992802698,36.77511601202599,36.77653758058043,36.833463930719084,36.82395764427183,36.837522985529006,37.283416259055905,39.3191455403662,39.56855818429777,40.07127587598405,40.457853411269724,40.44695012510753,40.46397934102818,40.16763117997123,40.10899280181324,40.0528365568807,39.93074188143889,39.5731179064728,27.83653079645336,34.9525649934551,38.70043869054786,35.59673090230315,35.19791880726188,"rgba(239, 83, 80, 1.0)",1.8202684857898002,32.03673632464752,-1.360643412761654,58.441892800247466,11.659122612468039,True,False,True,False,False,0.0,0.0,0.0,0.0,0.0,0,0.9113201492146656,1.0360450375198864,False,False,False,False,-0.029268189458897125,-0.043368902033115615,False,False,False,False,-917778,-832317.9953625429,False,False,False,False,80417.49320059695,False,False,False,False
2025-07-17 00:00:00+00:00,29.97,30.0296,29.49,29.49,42194,,,,27.80639834849304,27.85340909983922,28.43789716370785,29.803022846198854,30.76943813046413,32.72133065419059,34.93795341721518,35.81703567885482,36.287136307407984,36.771804367136276,36.81003937825719,36.841319452395744,37.129381812449964,38.68810758000159,39.80402116966027,40.27336087135778,40.48784979487157,40.4097584764797,40.09642845614899,40.07099144889345,40.01589918327975,39.85120058907485,39.687722041025474,39.02674509548023,38.809011821200166,38.56370841909877,38.43541379604727,38.96101492477663,,28.264982680272226,27.219752263812353,28.341905358568297,29.054981477822572,30.243562332489542,31.20177393971149,35.65524740968424,36.11171884450413,36.7184131112121,36.760224591331955,36.761694450070024,36.819255630521276,36.8109014650776,36.82608719960122,37.27188390021662,39.306699113236576,39.55634996982316,40.05919099381286,40.44605770836537,40.43532253326025,40.45283984244537,40.15743632011913,40.09901084115917,40.04313549575605,39.92152756441998,39.56457624355254,27.85340909983922,34.93795341721518,38.68810758000159,35.590834222701204,35.19330024866969,"rgba(239, 83, 80, 1.0)",1.8260583824772272,32.03839390529254,-1.1327096248075919,60.53712178008904,11.659122612468039,True,False,True,False,True,0.0,0.0,0.0,0.0,0.0,0,0.9379646145027096,1.02293183027568,False,False,False,False,0.030775782731406905,-0.006296559650854355,False,False,False,False,-875584,-834014.7014267569,False,False,False,False,78918.53268292648,False,False,False,False
2025-07-18 00:00:00+00:00,30.12,30.16,29.6907,30.14,37363,,,,27.851586929948102,27.869311548469494,28.445738426139737,29.803701546538964,30.7668277126326,32.71339079262976,34.925488226819375,35.80352109376935,36.27351439112949,36.75908261620008,36.797586847040925,36.82934559802099,37.11941608483005,38.677414065494915,39.79343205319516,40.26300219923245,40.47795050432256,40.40028515817412,40.0877685388367,40.0624770945281,40.007643965289255,39.84332780349591,39.68012878193662,39.02005861212084,38.802682294235304,38.55774762035119,38.42996344705578,38.955522792628926,,28.31806576386653,27.24742054434995,28.35117371380862,29.05863416038292,30.242677051823414,31.197863656139592,35.64186399464061,36.098152183805446,36.70513528568994,36.74739527070149,36.748906490137315,36.80700972091369,36.79964542880191,36.81622327127685,37.26192110356004,39.29589100701404,39.5457428754487,40.04868094578265,40.43579184383555,40.425202853399234,40.44314384128993,40.148565412180226,40.09032571670821,40.034695157084755,39.91351170005694,39.55714944687043,27.869311548469494,34.925488226819375,38.677414065494915,35.58604207139764,35.18966985826892,"rgba(239, 83, 80, 1.0)",1.83563096891864,32.04051843917114,-1.0462443005646733,62.30315418570217,7.493628624477459,True,False,True,False,True,0.0,0.0,0.0,0.0,0.0,0,0.9407608249116752,1.0160604898711871,False,False,False,False,0.04765067564192613,0.020677057995535885,False,False,False,False,-838221,-834179.6543119822,False,False,False,False,77288.9039502627,False,False,False,False
2025-07-21 00:00:00+00:00,30.58,30.68,30.01,30.01,46072,,,,27.91557369051856,27.892536128677797,28.457979969757037,29.806459200562973,30.765414579752786,32.70521060318042,34.91154502693231,35.78817757835674,36.25795047454925,36.74446062778534,36.78326715961629,36.81556961209252,37.10790988729777,38.66491972090744,39.780981601637706,40.25079501358606,40.466272475941985,40.38911239011539,40.07756762155598,40.05244849627467,39.99792252093146,39.83406318503464,39.671199720561454,39.01222198382538,38.795272873962126,38.55077979892095,38.4235967382213,38.94908645565388,,28.395020304240834,27.286055049364474,28.36544216293892,29.065174933760293,30.243452186286163,31.19479336869144,35.6267058447582,36.082686175651986,36.68988586378086,36.73265201692788,36.73421032853429,36.79292528507324,36.786696298923076,36.80486851984091,37.25040299699518,39.283216772312535,39.533287057340154,40.03630799432102,40.42368452925571,40.41326812336896,40.43170685508391,40.13811352093807,40.08009504265223,40.024754861936366,39.90407582487336,39.54842124184171,27.892536128677797,34.91154502693231,38.66491972090744,35.58170759295495,35.187036790618315,"rgba(239, 83, 80, 0.5)",1.8471435386161477,32.04584627436115,-0.7935746430725926,64.57132578268394,9.690202434605105,True,False,True,False,True,0.0,0.0,0.0,0.0,0.0,0,0.943650602744035,1.030384682992719,False,False,False,False,0.0905706595310131,0.0556238587632745,False,False,False,False,-792149,-832531.3933585711,False,False,False,False,76064.7116384877,False,False,False,False
2025-07-22 00:00:00+00:00,31.87,31.94,30.2642,30.65,69854,,,,28.040716947816538,27.939666449615405,28.484945379482124,29.81685891677303,30.769088391147832,32.697953898563206,34.89493710151242,35.76910442802926,36.23826520834045,36.72567854407069,36.76485106775476,36.7978330522695,37.092968489955666,38.64818826421265,39.764046667842905,40.2340991777965,40.450261164005845,40.373804392300414,40.06363560056022,40.038755132015766,39.984655810724995,39.82144273782698,39.65905942135841,39.001657510634146,38.78531524073866,38.541450392655726,38.41508847539327,38.9404141179935,,28.550614546114705,27.35980007763918,28.396362868945186,29.081716833869642,30.250656402496677,31.195768824439668,35.60798897738349,36.0632434837151,36.67033332205865,36.71372143281258,36.715339021691,36.77480518139037,36.770032260351755,36.79023973620627,37.23539410031906,39.266089230821905,39.516397501870856,40.019427031665636,40.40709388671692,40.39691507459657,40.41603079570791,40.12382988219849,40.066122087318895,40.011186067480395,39.891211968939366,39.536571720261925,27.939666449615405,34.89493710151242,38.64818826421265,35.58028291370326,35.189096989755264,#000000,1.8707687994244593,32.06285412562231,-0.10308816657709878,68.43209795139005,13.315109663605853,True,False,True,False,True,3.180647439831578,0.0,0.0,0.0,0.0,0,0.9479835195309404,1.023623093164054,False,False,False,False,0.3428282392600339,0.1992260490116542,False,False,False,False,-722295,-828208.397540588,False,False,False,False,75821.15431933133,False,False,False,False
2025-07-23 00:00:00+00:00,31.675,31.98,31.06,31.87,69085,,,31.57166666666667,28.163257163828913,27.987868629191222,28.513071544216608,29.82841451198773,30.77397877020953,32.69198547612383,34.879646763687624,35.75130773529148,36.21979693542186,36.70796569430069,36.747474966254806,36.78108911960232,37.07881529490985,38.63219882259639,39.74778889893609,40.218044565073484,40.4348520949781,40.359073347220786,40.05023767271981,40.02558706318057,39.9718990465178,39.80931221392434,39.64739565324743,38.99152915567031,38.77577588438113,38.53252111554983,38.40694808880358,38.932097786537454,,28.6997625652925,27.433910806188642,28.428481690013548,29.09935677913814,30.259047010709633,31.197976809848,35.590561167855014,36.0450373835151,36.651908441941636,36.69587144148439,36.69754427439267,36.75770500333835,36.754298487047045,36.776414936385045,37.22116218371582,39.24967846724233,39.50019791369936,40.00320650823136,40.3911314015149,40.38118086044246,40.400944833068884,40.11009223676547,40.0526848109382,39.99813859612464,39.8788452684243,39.5251915112957,27.987868629191222,34.879646763687624,38.63219882259639,35.15692673366089,35.19172170659979,#000000,1.9051372535736335,31.824145414630607,-0.07828591580519513,70.07840901007711,14.802571600600956,True,False,True,False,True,2.6326794478046622,0.0,0.0,0.0,0.0,0,1.1136770777608602,1.0212227206013471,False,False,False,False,0.3428282404538933,0.2710271447327738,False,False,False,False,-791380,-826764.1466566435,False,False,False,False,75556.99140484774,False,False,False,False
2025-07-24 00:00:00+00:00,31.38,31.5,31.085,31.4,42603,,,31.47630503426211,28.229435445933078,28.014931671858697,28.528765236315362,29.834453891262537,30.776029062774207,32.68752201740681,34.86958020927649,35.73975603390767,36.207872056409876,36.69657446842888,36.736302622649504,36.770323967999985,37.069728915106374,38.62202663978542,39.737489689927436,40.20788831159546,40.42510906031021,40.34975588455242,40.04175355920821,40.01724750567216,39.96381798363766,39.801622902887786,39.639997506328385,38.985087022424004,38.76970205981543,38.52682869247526,38.401754509267576,38.92680478958086,,28.77722795093486,27.475643345367892,28.446416893617105,29.109023394938642,30.263192957711734,31.198423232863366,35.57922479887515,36.03326017587426,36.640056632771575,36.684391405809336,36.686099722876435,36.746710012354136,36.7441774988733,36.76751822908434,37.212034514719825,39.23926482551484,39.48992695991941,39.992939059850485,40.38103823480568,40.37123133821295,40.3914046309999,40.1013951494949,40.04417590805399,39.989874518782855,39.87100838567556,39.5179697344848,28.014931671858697,34.86958020927649,38.62202663978542,35.15108018894854,35.19189005924878,#000000,1.929782807645414,31.828575572408546,-0.2324487349723401,69.7740737462877,14.802571600600956,True,False,True,False,True,1.8017041494169668,0.0,0.0,0.0,0.0,0,1.130104479505943,0.849377493901837,False,False,False,False,0.31138493623070124,0.2912060404817375,False,False,False,False,-833983,-827047.2389446183,False,False,False,False,74264.67801642233,False,False,False,False
2025-07-25 00:00:00+00:00,31.43,31.91,31.205,31.35,55683,,,31.48917854148369,28.317015625710088,28.05167789130243,28.550416444157474,29.843290839675767,30.77962715858163,32.68255142257531,34.85722087944736,35.725404982144894,36.19298650051928,36.68229127264303,36.72228824230649,36.75681452193803,37.05829397750677,38.60912495455586,39.72437467957845,40.19493683405008,40.41267585616915,40.33786686599964,40.03093478414155,40.00661340531152,39.95351437985892,39.79182244704585,39.6305720526596,38.97689532840941,38.76198403377011,38.51960138868301,38.395162909237,38.920073408215885,,28.879020356941748,27.531531485498515,28.471079887965594,29.122624731488344,30.269544170656804,31.19990961366006,35.565167109690364,36.01858339023237,36.62520553515268,36.669998779902535,36.671751172556114,36.732915959362934,36.73147549446424,36.75634497235872,37.20053713299286,39.22602650220817,39.47685826129698,39.97985424164655,40.36816088213479,40.35853712572762,40.37923073053013,40.09030353685845,40.03332551797673,39.979337285111946,39.86101817786555,39.50877206564867,28.05167789130243,34.85722087944736,38.60912495455586,35.150948613724346,35.1927563402969,#000000,1.948945140880393,31.842101767339347,-0.21144862351189092,69.67986299506262,14.802571600600956,True,False,True,False,True,1.9369622162767683,0.0,0.0,0.0,0.0,0,1.1271836222985194,0.8292906700098298,False,False,False,False,0.3428282405518918,0.3170171405168146,False,False,False,False,-778300,-825135.5825154176,False,False,False,False,73535.98476087635,False,False,False,False
2025-07-28 00:00:00+00:00,31.06,31.57,31.04,31.46,30632,,,31.448051031213332,28.35901757516598,28.06989056984097,28.56103505296782,29.84727138524982,30.78081246830026,32.67915635308804,34.84987063777253,35.717007744842036,36.184329887630184,36.67402579316531,36.71418073895355,36.74900048433515,37.051693580705205,38.60175652752104,39.716922054809366,40.18758962816495,40.40562723837569,40.33112442368999,40.02479148396516,40.00057422832917,39.94766138811864,39.78625131807409,39.62521028400687,38.97222077484183,38.75757463971678,38.51546660933521,38.39138866220835,38.91622994395304,,28.92600902452154,27.559418725071893,28.483195158175896,29.12913741873171,30.272198861388947,31.199969958390636,35.55692123836015,36.01002980213114,36.616608174125716,36.66166927131696,36.66344720143717,36.724936192715816,36.72412499585007,36.74987773797256,37.19390857586172,39.21848851400332,39.469424536307045,39.97242587825854,40.36085994896914,40.35133956286206,40.37232803433582,40.08400697764765,40.027164354870095,39.97335241041637,39.85534089941565,39.503537021574736,28.06989056984097,34.84987063777253,38.60175652752104,35.14765773298782,35.19219953882261,#000000,1.9584820537738117,31.845580016914283,-0.4011167809276298,67.78133458331597,14.802571600600956,True,False,True,False,True,0.8782326133862348,0.0,0.0,0.0,0.0,0,1.1067009211814969,0.8358820774133109,False,False,False,False,0.30820882969622637,0.31261298510652047,False,False,False,False,-808932,-824500.1479069699,False,False,False,False,71853.47555456747,False,False,False,False
2025-07-29 00:00:00+00:00,30.18,31.25,30.165,31.25,40971,,,31.29094112051241,28.400218070192413,28.088654107862464,28.5714507249458,29.84990156915725,30.77992543040874,32.67249424974533,34.83821969296019,35.704103860530964,36.17119078859787,36.66161166877802,36.70201278059282,36.737279530688,37.04184380976899,38.59100232547938,39.70616432500745,40.17702457476414,40.3955075581056,40.321438153981696,40.01594339440092,39.99187415529512,39.93922546111649,39.778210141663514,39.617459979680284,38.96541995953431,38.75114434730702,38.50941970140646,38.385860214947364,38.91063355730135,,28.96793103308007,27.58914822126137,28.495185355226056,29.134929176768022,30.27316121011466,31.19767505503686,35.54418852825022,35.996990504906584,36.60368244765338,36.64915622283164,36.650972825825086,36.71296183620224,36.71309179603104,36.7401716268212,37.18404126416585,39.2075581503868,39.458670439239384,39.961726040567505,40.35037519047443,40.341002241223734,40.36241502232825,40.07494283471647,40.018290750017414,39.96472852442784,39.84715154782106,39.49596133206562,28.088654107862464,34.83821969296019,38.59100232547938,35.135846386824014,35.18863095830331,"rgba(239, 83, 80, 0.5)",1.9563396760090157,31.84095736850211,-0.849012770568814,62.85300313756885,18.098277661970087,True,False,True,False,False,0.0,0.0,0.0,0.0,0.0,0,1.0823558834562959,0.8439331415947645,False,False,False,False,0.22890914240212626,0.27076106375432335,False,False,False,False,-849903,-825496.3381851279,False,False,False,False,70642.39808183933,False,False,False,False
2025-07-30 00:00:00+00:00,30.43,30.62,30.08,30.08,52318,,,31.12673128681873,28.446946559128854,28.11070837658513,28.583552923034897,29.85247400537549,30.77810037102065,32.663435316123284,34.82290088756758,35.6872283020061,36.15404262280915,36.645433194878194,36.68615576821312,36.72200428982659,37.029010873891956,38.57704801315056,39.69223233362795,40.16335081183661,40.38241274063591,40.3089016608195,40.00448449906066,39.98060615095039,39.9282980136268,39.767790451811216,39.607413890490655,38.956592248413116,38.742793205192875,38.501561628846595,38.378672854286435,38.90336609497861,,29.013382721542524,27.62430288261008,28.5091437954556,29.141442741710346,30.2736491145797,31.194090685608273,35.527523087738416,35.979960243452574,36.58683722905465,36.63284875920435,36.634715626135,36.69735656728414,36.698708106561035,36.72751301810129,37.17119099937324,39.19339187860083,39.44473775314784,39.94787406982898,40.336808289991374,40.32762549442031,40.34958645256558,40.063205752044205,40.006798920517504,39.95355853869384,39.83654137689998,39.48613917270273,28.11070837658513,34.82290088756758,38.57704801315056,35.12185774182055,35.18315515322003,"rgba(239, 83, 80, 0.5)",1.965065120530885,31.835465095571315,-0.7152257097676301,60.36544482136053,15.819262831455404,True,False,True,False,False,0.0,0.0,0.0,0.0,0.0,0,1.0761486570720151,0.8683722798609282,False,False,False,False,0.18283880910250488,0.22679993642841412,False,False,False,False,-797585,-824401.7759033582,False,False,False,False,69923.79423549269,False,False,False,False
2025-07-31 00:00:00+00:00,30.3,30.84,30.18,30.49,126000,,,30.91937494608092,28.554316900533664,28.1635542374624,28.61305014631819,29.85930361931228,30.774454928969284,32.64250507949474,34.78695547740036,35.64750104369132,36.11360566659497,36.60719974410285,36.648670974292045,36.685879765677775,36.998598885896136,38.543893007662106,39.65907636188108,40.130787797163705,40.3512146322771,40.279030439773706,39.977179781691994,39.95375519642168,39.90225694760792,39.742959339864036,39.58347420565792,38.935562719366786,38.72290067572931,38.48284586280439,38.36155259369196,38.88604383397979,,29.11624311135984,27.707302509179932,28.5430372009962,29.157642829587473,30.27551641213858,31.186244372212272,35.48831278979747,35.939824783827994,36.54704964702736,36.59431462743069,36.59629900626796,36.6604606919244,36.664678079188185,36.6975343562618,37.14072791855971,39.15970411494873,39.41159091949997,39.91489710568901,40.30449225163721,40.295760655933606,40.31902099211013,40.03523907749649,39.97941597403313,39.92694103004514,39.81125611921055,39.462734459968644,28.1635542374624,34.78695547740036,38.543893007662106,35.09780767181384,35.17008166917341,"rgba(239, 83, 80, 0.5)",1.9696893773492246,31.8315055164708,-0.7775365669747748,58.184402745011724,13.813301181809166,True,False,True,False,False,0.0,0.0,0.0,0.0,0.0,0,1.0804411744405948,0.8638571014452742,False,False,False,False,0.20335167362992726,0.21507580502917067,False,False,False,False,-923585,-828291.3141032265,False,False,False,False,72122.86112821847,False,False,False,False
2025-08-01 00:00:00+00:00,29.99,30.49,29.545,29.86,90003,,,30.757740239899864,28.608196255443552,28.19297379949665,28.628708496715895,29.860530880921498,30.768599527573254,32.62491087284991,34.75912413583337,35.61716788036292,36.082898719983255,36.57828495660248,36.62032697133746,36.658563143220746,36.97562813387226,38.51912229578558,39.63443571256314,40.10663078325898,40.328083754766176,40.25687233798574,39.95689255192851,39.93380159894959,39.88289830713952,39.72448376087072,39.565646565901645,38.919844567107525,38.70801202156777,38.468815465077924,38.34870463028155,38.87308355368243,,29.15993749870752,27.754753960671067,28.561182557215517,29.165156658306696,30.273391135609984,31.1775542657583,35.45830909352565,35.90928750915894,36.516956238226584,36.565171509733695,36.56724433578403,36.632560411568264,36.63892575833184,36.674829569635904,37.117745167025056,39.13461553132092,39.386930792107755,39.89041424861714,40.28053302193852,40.272133342930736,40.296354011099034,40.01446729289569,39.959071088382665,39.90715792403925,39.792449644213605,39.445293971907255,28.19297379949665,34.75912413583337,38.51912229578558,35.07678457252007,35.1568816303087,"rgba(239, 83, 80, 0.5)",1.972362435399668,31.82212756179971,-0.9289000484479724,55.49026654380464,11.30890167044619,True,False,True,False,False,0.0,0.0,0.0,0.0,0.0,0,1.0562260211759282,0.8745631278554288,False,False,False,False,0.14067260662443448,0.17787420582680258,False,False,False,False,-1013588,-835557.8508050608,False,False,False,False,72824.04304475892,False,False,False,False
2025-08-04 00:00:00+00:00,30.34,30.605,30.0,30.21,46037,,,30.720904429890197,28.639945402981798,28.210143564193388,28.638333047756657,29.86243718937273,30.76683313563483,32.61704603749729,34.745924079390136,35.602619557771646,36.06809798123198,36.56427842607251,36.60659030068675,36.64531711793505,36.964451336424105,38.506961991485575,39.62228045330873,40.0946927534824,40.316642545564335,40.24591331464549,39.94686630684179,39.92394054050924,39.87333212936048,39.7153579134125,39.556845051785615,38.91210196566101,38.70068380789157,38.46191626819825,38.342389173641706,38.86669774669625,,29.188168474737882,27.78147798004047,28.572221622142905,29.170328208166527,30.27355974391241,31.174311517260513,35.443945142573746,35.89459422046239,36.502390368027996,36.55105668139421,36.55317181210348,36.61903605135552,36.62643586381466,36.6638069371516,37.10655115765466,39.1222651293782,39.374777762479454,39.87832503633313,40.26868539001928,40.26044959967924,40.285142672932864,40.004200262692315,39.94901635992416,39.89738178736464,39.783158539177464,39.43668701149058,28.210143564193388,34.745924079390136,38.506961991485575,35.06931394860837,35.151277934934406,"rgba(239, 83, 80, 0.5)",1.9794983143654632,31.821216919221985,-0.748278949505848,55.00913214961153,10.837994645754208,False,False,True,False,False,0.0,0.0,0.0,0.0,0.0,0,1.0801467279396726,0.8738276083073103,False,False,False,False,0.17677897867540238,0.17732659225110248,False,False,False,False,-967551,-840734.0527342741,False,False,False,False,71773.57076849387,False,False,False,False
2025-08-05 00:00:00+00:00,30.76,30.84,30.09,30.55,81375,,,30.7007024343516,28.701173317307443,28.243324394260537,28.657559676230182,29.867595628634678,30.765441955688676,32.604759990277756,34.7240794435525,35.57829688954977,36.04324244659756,36.54065087471473,36.58340782967705,36.6229514663253,36.94552111222584,38.486204307920914,39.60144340388191,40.07419616727106,40.2969834381781,40.227084049341066,39.92965044087587,39.9070086951631,39.85690776145375,39.699695283329866,39.54174533442003,38.89884451256615,38.688144385401415,38.45012062100795,38.33159481807311,38.85576057772432,,29.245118081177996,27.831874291812507,28.59413061010754,29.181315224286177,30.275620545803143,31.170278221369415,35.41997056628809,35.86995785853177,36.477837058757416,36.5272499803993,36.52943563744303,36.59620764525499,36.60534290990879,36.64517495999377,37.087574685883354,39.101132120269114,39.353962170893446,39.85758360220589,40.2483330373852,40.24037834925568,40.26587906289491,39.98656909807729,39.93175161355249,39.8805967117149,39.76720964251068,39.421926079894334,28.243324394260537,34.7240794435525,38.486204307920914,35.05971346334314,35.14292387785133,"rgba(239, 83, 80, 0.5)",1.9923787833179085,31.8239764307492,-0.5340231685148544,56.13583932377402,10.837994645754208,True,False,True,False,False,0.16415818576672336,0.0,0.0,0.0,0.0,0,1.0872194165770521,0.8589412357241059,False,False,False,False,0.19756606671962018,0.18744632948536133,False,False,False,False,-886176,-842516.0898819496,False,False,False,False,72150.09740502352,False,False,False,False
2025-08-06 00:00:00+00:00,30.16,31.23,30.07,30.81,60378,,,30.68211038937684,28.74237263240617,28.266551416529456,28.671014951952248,29.870957861096066,30.764035053197144,32.59539986101261,34.70772227113066,35.560127754847045,36.02468890721781,36.52301645463692,36.56610409774057,36.60625416947642,36.931379750442375,38.470724294328406,39.58591411052133,40.05892301333752,40.28233357621929,40.21305005208495,39.91681328971382,39.89438250912476,39.84465851355724,39.688011418135744,39.53047910005106,38.88894480311186,38.67877786950901,38.44130646299772,38.32352619153391,38.847589247781066,,29.282130174182758,27.867085729074862,28.60945655628718,29.188909879768914,30.276728334444947,31.166946186797237,35.402055341571995,35.8515630319108,36.459515526776634,36.50948254279111,36.51172051038717,36.57916667561334,36.589589734529845,36.63125058879001,37.07340102750436,39.085379132969365,39.33844687741195,39.84212717188589,40.23316812872804,40.22542208921636,40.25152270934409,39.97342367336182,39.91887814517494,39.868079453278106,39.75531333984203,39.41091106338943,28.266551416529456,34.70772227113066,38.470724294328406,35.051974695363384,35.13617726203214,"rgba(239, 83, 80, 0.5)",1.9981921446262318,31.82494272011862,-0.8332245347856942,54.370509780964895,10.083039820776264,False,False,False,False,False,0.0,0.0,0.0,0.0,0.0,0,1.0855762650456906,0.8488708184050562,False,False,False,False,0.21722140795691178,0.20233386872113657,False,False,False,False,-946554,-846596.0079257947,False,False,False,False,71688.44652639514,False,False,False,False
2025-08-07 00:00:00+00:00,29.08,30.555,28.85,30.515,100232,,,30.53250155598334,28.770138698131564,28.287309221142273,28.680955929264837,29.867598505084068,30.75349148338347,32.57282070289187,34.67453087206038,35.52441034935796,35.988694167884574,36.489195540530574,36.532944022863006,36.57427573772598,36.90444894647209,38.441982708781836,39.557453957011795,40.03106001016777,40.2556578042936,40.187475398894755,39.89334662462146,39.871295084005894,39.82224701501372,39.66659726289099,39.50979406551634,38.870628321328155,38.66139936451956,38.42489854199909,38.30847795393902,38.83245466388867,29.494999999999997,29.29216809725928,27.90215718418895,28.621203399110616,29.19183796097357,30.269975360070394,31.153526260531645,35.36665782429377,35.81570872948503,36.42433765906643,36.47539828848705,36.477737513860795,36.546515721818196,36.55939624155107,36.60456536884624,37.04648331068509,39.05635350412019,39.30993774273302,39.81387271000208,40.20554612831535,40.198176672110264,40.22537204540466,39.949408671559254,39.895345802984465,39.84518461044821,39.733526023934616,39.39065987939207,28.287309221142273,34.67453087206038,38.441982708781836,35.026014611827364,34.58141895026995,"rgba(239, 83, 80, 1.0)",1.9983483608145765,31.459251198008197,-1.1906088271007746,49.739504814306095,5.640788451857382,False,False,False,False,False,0.0,0.0,0.0,0.0,0.0,0,1.042288027548861,0.8889370818711144,False,False,False,False,0.09288373515592736,0.14760880193853196,False,False,False,False,-1046786,-854446.5958502734,False,False,False,False,72807.80156457573,False,False,False,False
2025-08-08 00:00:00+00:00,30.56,33.42,30.37,32.5,192165,,31.45,30.71104768491983,28.947163727590805,28.38655286910979,28.743556263029163,29.894250180431563,30.764412048937196,32.5573593846018,34.63564195684518,35.47892235972811,35.94122850095857,36.443128195633776,36.487651730114614,36.53047482524156,36.86683909757869,38.39931970744785,39.513850882725194,39.987886143118814,40.21410709356573,40.14768616297965,39.85705388008665,39.8356031446479,39.7876327168685,39.633635335451345,39.47806939273835,38.84299187630904,38.635331482635586,38.40045910643084,38.286138314208856,38.80962171471012,30.77983731023232,29.471074958547998,28.042884064612153,28.691360893194407,29.232507004225997,30.289200275518795,31.15801939822486,35.32217173114937,35.76900298301238,36.376629093215065,36.429014158668195,36.43148300857209,36.5018753684773,36.51804444517351,36.5678744811468,37.00863065546896,39.01247239885458,39.26653481811615,39.77031401452258,40.16257868277701,40.15579743764405,40.18465983227199,39.912226119959435,39.858950484984234,39.80980978935126,39.69993975371969,39.35968959941476,28.38655286910979,34.63564195684518,38.39931970744785,34.6050539407279,34.64007548718553,#000000,2.007181841773455,31.313309679743515,-0.3753071416179842,51.315408767167185,5.640788451857382,False,False,False,False,False,0.0,0.0,0.0,0.0,0.0,0,1.0405003404895883,0.7955867770569752,False,False,False,False,0.3428282409366386,0.24521852143758527,False,False,False,False,-854621,-854453.435228694,False,False,False,False,77488.47601302374,False,False,False,False
2025-08-11 00:00:00+00:00,31.155,32.85,30.48,30.74,214258,,31.4737230914589,30.85081839665818,29.12194425840979,28.491632191861335,28.81120487605266,29.923756435884066,30.776964466906588,32.54129540356065,34.59397042384505,35.429940763681714,35.88998149759838,36.39320166487846,36.43853725058113,36.48293753420622,36.825855472292844,38.35266557502265,39.46605273593495,39.94050902958472,40.168474775741984,40.10397485229814,39.81716934827324,39.796374435216826,39.74958125902155,39.59739462137712,39.44318717823098,38.8126058947348,38.606668560641054,38.3735861644079,38.261564114935645,38.78448429004101,31.082270578598852,29.642339691089923,28.189090473572747,28.766802496643226,29.277044363672506,30.310712886443334,31.16361895834429,35.27431048911765,35.71862237565234,36.32497923664196,36.37875496139955,36.38136085339672,36.4534511024859,36.47312305573579,36.52793063603657,36.96736215174233,38.964427077699874,39.21897899218032,39.722539073454094,40.115410731846396,40.109269183464875,40.13994166493151,39.87136887967932,39.81895412065938,39.7709282478641,39.663014304893935,39.325637147073174,28.491632191861335,34.59397042384505,38.35266557502265,34.60387203482292,34.647656509287714,#000000,2.019132254970485,31.366502205952607,-0.10474906011329958,53.79501702048289,5.640788451857382,False,False,False,False,True,1.345185287073324,0.0,0.0,0.0,0.0,1,1.0331423755452547,0.8213045112353788,False,False,False,False,0.31213140746004864,0.27867496444881695,False,False,False,False,-640363,-846057.7318863923,False,False,False,False,82851.98675761104,False,False,False,False
2025-08-12 00:00:00+00:00,31.65,31.75,30.76,31.43,103550,,31.456046287417834,30.893327791780628,29.194619176859998,28.538169644390035,28.841448672182075,29.936673671968126,30.781985514923456,32.532918666429474,34.57353431845581,35.406057407772394,35.865035000965165,36.36890603893607,36.414632531134245,36.45979118086427,36.805873600511596,38.32999044955423,39.44284455908129,39.91750953486762,40.14631831392318,40.082743419770644,39.797780228651064,39.777301635534215,39.73107632490474,39.57976243189288,39.426209490026565,38.79779429553228,38.592688446577334,38.360470043469675,38.24956201515771,38.77221767123436,31.133925702564436,29.710873821292385,28.25322844661517,28.800435771261906,29.29692557132055,30.319910941006707,31.165395952520104,35.25095501988345,35.69408328226378,36.2998556944396,36.35429939684907,36.356971059323975,36.42987801377126,36.45123327036985,36.50843985908164,36.947247419252015,38.94109283042075,39.19588401705666,39.699345389773306,40.09251400931171,40.08668045039758,40.118225353812406,39.851511036856486,39.79951104462632,39.752022727165276,39.645052143534144,39.309058991572655,28.538169644390035,34.57353431845581,38.32999044955423,34.599421289089406,34.645124773418914,#000000,2.0123210300364756,31.382277533093674,0.13304162850272033,56.53871491103478,0.29636588697788113,False,False,True,False,True,2.666359921889004,0.0,0.0,0.0,0.0,1,1.042494038402857,0.8517229298283286,False,False,False,False,0.2587543950366484,0.26871467974273266,False,False,False,False,-536813,-833930.4874986907,False,False,False,False,83663.67355143023,False,False,False,False
2025-08-13 00:00:00+00:00,32.2,32.355,31.41,31.76,80360,,31.52850469141993,30.956832028289977,29.26250176887578,28.58067993813622,28.869867879028178,29.95063675309808,30.78964628188651,32.52986971861184,34.56081394168158,35.3904617858268,35.84844041461641,36.352470684605926,36.39843793396196,36.44408607083964,36.79217800833936,38.31401094991555,39.42626379261133,39.90099867560777,40.13037642836098,40.067472969709165,39.78386660431145,39.763616799478676,39.71780331490959,39.56713209944335,39.414065535168255,38.78727028196192,38.58277917948739,38.351200414549126,38.24109066939802,38.763499387123595,31.23335182061066,29.778260705899935,28.31047886880234,28.831882769377888,29.316466387762343,30.330906732485037,31.170452662063013,35.235814576124554,35.677863857841736,36.28290015989643,36.33776388433495,36.34047833452934,36.41389926740722,36.43637784378833,36.49518051909708,36.93341528314877,38.92451745537364,39.17942846864014,39.68273104849929,40.076049935238544,40.07043768135399,40.10260270292259,39.8372551155166,39.78555862661364,39.73846076613217,39.63217790529437,39.29721460008581,28.58067993813622,34.56081394168158,38.31401094991555,34.60472753577115,34.64941102904606,#000000,2.019407240653241,31.407686679121944,0.39234945033759494,59.48662251376112,3.078802603000426,True,False,True,False,True,4.108100473380347,0.0,0.0,0.0,0.0,1,1.054046174719397,0.8407768296648463,False,False,False,False,0.34114433120503096,0.3049295054738818,False,False,False,False,-456453,-819127.4487732518,False,True,False,False,83534.11772588395,False,True,False,False
2025-08-14 00:00:00+00:00,31.37,32.0,31.23,31.95,143871,,31.529450888308972,31.01105934472296,29.357169375150796,28.64440704476577,28.91224640878052,29.96968904551868,30.798006420988436,32.51998011040486,34.53437699406906,35.359206062475685,35.81562232048381,36.3203160651858,36.3667773145959,36.41339932254442,36.76554781409056,38.28355921367552,39.39495754296661,39.86991994960686,40.100403962970304,40.03874563470329,39.757633343564244,39.73780942341607,39.69276139457487,39.54327301240514,39.391096462150124,38.76725435249782,38.56389342341818,38.3334899678725,38.22488179698431,38.746902138654676,31.285073750413453,29.866555628579817,28.396556990143594,28.878764343775842,29.3449127883828,30.344928993554934,31.174401295126998,35.20530720382691,35.645639954201044,36.24969380781064,36.305406179916694,36.30820517874152,36.38266553120686,36.407331819123314,36.469258125260396,36.90658205349781,38.893104859755105,39.1483022670597,39.65141560782592,40.04509137177547,40.03989192291184,40.07322245092074,39.810388905520455,39.759252872758644,39.71287980260938,39.607870990315426,39.27479051814427,28.64440704476577,34.53437699406906,38.28355921367552,34.60024204180044,34.645459887498944,#000000,2.016421993942932,31.429667748183743,-0.02959090327469938,58.6633983760378,3.078802603000426,True,False,True,False,True,1.752357816418872,0.0,0.0,0.0,0.0,1,1.0531399351625945,0.8392433407974332,False,False,False,False,0.30553469914377396,0.3052321023088279,False,False,False,False,-600324,-810546.9213703793,False,False,False,False,85900.26997192772,False,False,False,False
2025-08-15 00:00:00+00:00,31.54,31.68,31.185,31.55,89977,,31.522778598794844,31.03646483560544,29.410813089006123,28.682016793441925,28.937430858985472,29.98088726689526,30.80268620268596,32.513493363313316,34.517723659576184,35.33958713132728,35.79504268170672,36.30015362512806,36.34692186790588,36.39414894722102,36.748824722205725,38.26447125906189,39.375343671683076,39.85044973049632,40.08162374188679,40.02074108601464,39.74118267252708,39.721624357855376,39.67705376030556,39.52830291859189,39.376681254171864,38.75468044997965,38.552024883736685,38.32235510915083,38.21468643205057,38.736467701729005,31.302911175344068,29.915414959209635,28.447023765775366,28.906568053477265,29.361817612066687,30.35306287649479,31.17638804256843,35.1861488575703,35.625426023972125,36.22887853507789,36.28511761973303,36.287969085301796,36.363075199316874,36.38910075781245,36.45297178030206,36.88973428558131,38.87342244685273,39.128799336944546,39.6317971108899,40.02569667383852,40.02075431554637,40.05481112697591,39.7935436882208,39.74275698565383,39.696835877636346,39.59262167470823,39.260715004586224,28.682016793441925,34.517723659576184,38.26447125906189,34.59608015664709,34.64156620990649,#000000,2.01660315140818,31.44068429239086,0.04924900942448122,58.51602857384316,3.078802603000426,True,False,True,False,True,2.205412611868681,0.0,0.0,0.0,0.0,1,1.0422662775485556,0.8554224950521616,False,False,False,False,0.28166944890203943,0.29345077560543364,False,False,False,False,-510347,-798774.375434286,False,False,False,False,86060.14173773448,False,False,False,False
2025-08-18 00:00:00+00:00,31.65,32.13,31.475,31.5,87276,,31.54469563384047,31.073036727963597,29.467119814036526,28.721166161878095,28.964071816736922,29.993629392727982,30.809069256496617,32.50896244812563,34.5032270898362,35.3221242652869,35.77656118816731,36.281893359027265,36.32892527507606,36.37668494058615,36.733569182790355,38.246825828426175,39.35708951636694,39.8322854803177,40.064081856570766,40.003925319028454,39.72583246166754,39.70652244006313,39.66239878545297,39.514343733062084,39.363247962150766,38.74299798109165,38.54100944842145,38.312034014905606,38.2052405723225,38.7267684796719,31.34162424256203,29.96818379775041,28.498860481605373,28.935892939767918,29.380130954832477,30.362816824566423,31.18013517657662,35.16915436344609,35.60732860333339,36.21005195049556,36.266748112214245,36.26964592540473,36.34531294196712,36.372555941665276,36.438167566945104,36.874340574160996,38.85515699743125,39.11067246481665,39.61351456066538,40.00758791320638,40.00288494547737,40.0376144213764,39.77782289437315,39.72736463320348,39.681866927846954,39.57839857028181,39.24760509782951,28.721166161878095,34.5032270898362,38.246825828426175,34.59544722766431,34.64039411667067,#000000,2.0236018151566872,31.45638955897685,0.09567615504839762,58.690080918760856,3.078802603000426,True,False,True,False,True,2.5014890564395564,0.0,0.0,0.0,0.0,1,1.0513838870003254,0.8456239552129962,False,False,False,False,0.33041084166084556,0.3119308086331396,False,False,False,False,-423071,-784040.9097309806,False,False,False,False,86107.82245390175,False,False,False,False
2025-08-19 00:00:00+00:00,31.13,32.24,31.065,31.775,155803,,31.535007792540398,31.10693944823042,29.54992654737083,28.782542792763582,29.005855123196728,30.012459594568494,30.817010088421355,32.49813499178002,34.47518883937033,35.28901448420727,35.741772823018074,36.24771249940626,36.29524848927507,36.344009771730015,36.705084114999615,38.214246533728,39.32355566067063,39.79897082743746,40.03192578106819,39.97308693950299,39.6976414851642,39.67878318810241,39.63547206726424,39.48867524255508,39.33852753133333,38.721427750857536,38.52064530641972,38.29292511454021,38.187735222392725,38.70884456573089,31.359868210374604,30.041875596543843,28.580019963217424,28.981828851959303,29.408446487731013,30.376534141406804,31.183562744884075,35.13683732992736,35.5731776821405,36.17479734377845,36.232359775790904,36.235344393569385,36.31207539125644,36.341582341753906,36.41044199485815,36.84563406147926,38.82153606249521,39.0773395678232,39.57995961372431,39.974393103928335,39.970125842302394,40.00608484167711,39.74896022751161,39.69909682759586,39.65436824450034,39.55225343661827,39.22346580543611,28.782542792763582,34.47518883937033,38.214246533728,34.58738465716428,34.63238073293213,#000000,2.0174639954586815,31.472800176682625,-0.16991637890652359,56.989874481006154,3.078802603000426,False,False,True,False,True,1.0102020363283373,0.0,0.0,0.0,0.0,1,1.0403505107033302,0.835409497212846,False,False,False,False,0.31047978199222676,0.31120529531268315,False,False,False,False,-578874,-775995.1485650599,False,False,False,False,88840.96667139581,False,False,False,False
2025-08-20 00:00:00+00:00,29.75,31.12,29.71,31.1,89846,,31.430830575015023,31.064897403551043,29.564848484846134,28.800423548343478,29.017127065999283,30.013772848814572,30.812771808880616,32.48425601663934,34.45242316515216,35.26382786933605,35.71599678905599,36.22297055238218,36.27091582372157,36.32044049303897,36.68479372528894,38.19204450438027,39.3012011339581,39.77693167726559,40.01072246377556,39.952729980375395,39.67894430634839,39.660378525418245,39.61759137080208,39.47158497280146,39.322023484890686,38.70685064981156,38.50682228181562,38.2798854606292,38.175756430171184,38.696718961244265,31.276510757913414,30.046020948368838,28.604970080635756,28.99432131383778,29.4145074374175,30.375244185966118,31.17704239699572,35.11200148405336,35.54763984004847,36.14920763060745,36.20745317766219,36.210503100121166,36.28807338170662,36.31922602361276,36.39046514438923,36.82528837174657,38.79891860788101,39.05502159214086,39.55768603414428,39.95249057075856,39.94850769724187,39.98528437604485,39.72983541823827,39.68034939884907,39.63611526229646,39.53486568598768,39.207315384643614,28.800423548343478,34.45242316515216,38.19204450438027,34.56769629649101,34.61512960400038,"rgba(239, 83, 80, 0.5)",1.9931950944861914,31.458471701043532,-0.8571522706280512,52.06514890073203,7.933949735214853,False,True,False,False,False,0.0,0.0,0.0,0.0,0.0,1,1.0066642631619196,0.8851780232265957,False,False,False,False,0.1534311395748332,0.2323182174437582,False,False,False,False,-668720,-771788.2799938811,False,False,False,False,88880.37974310579,False,False,False,False
2025-08-21 00:00:00+00:00,30.67,30.73,29.45,29.61,105783,,31.334713100940252,31.024728347567414,29.583945897724465,28.82222685319661,29.031121905516585,30.016057657634757,30.808569367291252,32.46876151855841,34.42648753888121,35.23501164269262,35.686443474624056,36.19452877661617,36.242935167224616,36.2933251922253,36.6613946636609,38.16635364488263,39.27527994138416,39.751354946930036,39.98610271125768,39.92909047163445,39.65723264832284,39.6390056936855,39.596825805711006,39.451737991777016,39.30285894778967,38.68993235339424,38.49078157389723,38.26475680211292,38.16185725445248,38.682637325548825,31.19943668488222,30.05342949944394,28.634983832950297,29.009782978914494,29.422335473750422,30.374488492426224,31.170167055443468,35.08360744100463,35.51838132460802,36.11980909197423,36.178825594272,36.18194955983925,36.26046788133443,36.29349529165574,36.36744791330637,36.80181561137982,38.7727176773655,39.029153546213394,39.5318473980928,39.92706500155022,39.923410820037574,39.961131106316266,39.707627701766164,39.6585795946089,39.6149185870476,39.51467274783243,39.18856319496432,28.82222685319661,34.42648753888121,38.16635364488263,34.54692164102219,34.596560367520375,#000000,1.9764690055067553,31.445234004402568,-0.39223180441617955,51.37612780335883,7.210326672927003,False,True,False,False,False,0.0,0.0,0.0,0.0,0.0,1,0.996756160591676,0.8939264513478151,False,False,False,False,0.11369021731948603,0.1730042173816221,False,False,False,False,-562937,-763598.0337196114,False,False,False,False,89543.22759631733,False,False,False,False
2025-08-22 00:00:00+00:00,31.11,31.27,30.32,30.56,95855,,31.304045495938404,31.01917797747294,29.614898227097914,28.849545341190524,29.04965361114069,30.022795077157735,30.809222293773075,32.45881738704052,34.406719870230916,35.2124025657851,35.662965010924275,36.17165474905835,36.22040574593805,36.271463836536434,36.64237469496423,38.14502752478452,39.25352190882884,39.729799159687225,39.965312014598254,39.90913229197608,39.638933734924656,39.62099373574555,39.57932939299769,39.43503225506365,39.28674562164501,38.675780736774705,38.477388327627374,38.252152724768145,38.150287269525435,38.67085177631306,31.1797636378757,30.076718983570196,28.67110181310949,29.030107245626077,29.434301873332906,30.37837479291231,31.168296750506425,35.0614335589042,35.495238409653204,36.096210904192816,36.155811202536135,36.1589926171677,36.238229786967956,36.27274111841138,36.348839100798024,36.78268929158854,38.75082914558754,39.007488199077464,39.51011069846637,39.90560676970398,39.90222921083557,39.94073630181495,39.68890508508411,39.64023169344755,39.59705789875657,39.49766818717719,39.17281084739325,28.849545341190524,34.406719870230916,38.14502752478452,34.5359467392062,34.586144294999414,#000000,1.9699381066782977,31.44527899616213,-0.17019773109901273,52.01957823032102,7.210326672927003,False,True,False,False,False,0.957694490570681,0.0,0.0,0.0,0.0,1,1.0150102804222747,0.8847750401713977,False,False,False,False,0.2005250684143572,0.18676464289798966,False,False,False,False,-467082,-751969.9539659012,False,False,False,False,89790.74808273626,False,False,False,False
2025-08-25 00:00:00+00:00,30.59,31.03,30.505,30.87,49238,,31.28321307374668,31.01223140844706,29.62795040368929,28.862014890867776,29.058059354064472,30.02546863722374,30.808853561072155,32.453136162933184,34.39610139080595,35.20036825233706,35.650512387657834,36.15955726712016,36.208492474973816,36.259904788995534,36.63232894112254,38.13383297495308,39.24213388385144,39.71852786170133,39.954444352257994,39.898697224466986,39.6293582935593,39.611567629367286,39.57017145522696,39.42628420427451,39.27830405419766,38.66835273280933,38.47035339806547,38.245526777984104,38.144201683443846,38.66466276291208,31.16437305979125,30.085520148671673,28.687653236383568,29.039325469079028,29.43957964507407,30.37962347679357,31.16666690166001,35.049614189052,35.482948398766354,36.08372787426973,36.143638926663684,36.146850736640886,36.226470715988704,36.261764157122265,36.33899493169389,36.77259422273883,38.739359536163036,38.996142123280904,39.498740070420375,39.89439014670258,39.891156598910115,39.93007437524042,39.679109660666214,39.630630725094846,39.58771023719357,39.4887653557784,39.164555638698666,28.862014890867776,34.39610139080595,38.13383297495308,34.5292914646144,34.57989889834782,#000000,1.9268218289088104,31.443660702405833,-0.44304080927361833,51.04121234609758,6.574098371143222,False,True,False,False,False,0.0,0.0,0.0,0.0,0.0,1,1.0185158870617008,0.8780319765063533,False,False,False,False,0.1970897845329675,0.19192721371547858,False,False,False,False,-516320,-742728.7793005718,False,False,False,False,88200.44423635444,False,False,False,False
2025-08-26 00:00:00+00:00,30.44,31.25,30.27,30.525,140716,,31.225981671916234,30.990686025188975,29.661776404777015,28.895711745696822,29.080833766443096,30.032389396104808,30.807245934181957,32.4365959104201,34.36564088876382,35.165910733445195,35.614874728416794,36.12493180900166,36.17439035207461,36.22680905684398,36.603541227075446,38.10178976098268,39.20954635522086,39.686274936956266,39.92334222450927,39.868827485521436,39.60193772031055,39.58457284943308,39.54394136149684,39.40122266966795,39.25411620562555,38.6470544303297,38.45017654478188,38.22651694832959,38.12673634874416,38.64690635979772,31.120762071969903,30.107266050064126,28.732258119349666,29.064270322676528,29.453781095231054,30.382552041772197,31.16152065097798,35.015763522571966,35.44776983532536,36.04800794216869,36.10880107373153,36.11209916410946,36.192806573324674,36.23032245435807,36.31077705459616,36.74366789682234,38.70653719493993,38.9636727689931,39.466203294729624,39.86229371838282,39.859470336900486,39.89955831459427,39.651062090374445,39.603137361923515,39.56093905227007,39.46326256924198,39.14089894085216,28.895711745696822,34.36564088876382,38.10178976098268,34.50985502067705,34.561556642304765,"rgba(239, 83, 80, 0.5)",1.898893684550127,31.438179545764683,-0.5256637345661422,49.98785976430264,5.337581468091052,False,True,False,False,False,0.0,0.0,0.0,0.0,0.0,1,1.0370918276862915,0.8653663980482993,False,False,False,False,0.19615368869779717,0.19404045120663788,False,False,False,False,-657036,-739368.2781515297,False,False,False,False,90259.87779571308,False,False,False,False
2025-08-27 00:00:00+00:00,30.97,30.98,30.27,30.27,82739,,31.2013349110835,30.98213900681047,29.682292603776116,28.91588773869881,29.094645183886964,30.03694601925776,30.806839678436113,32.427477440557915,34.34837366830617,35.14627738684724,35.59451850507642,36.1050943606404,36.15484525882619,36.20783079281952,36.58698818008559,38.08329438396717,39.19069346047964,39.667598526353174,39.90532160290349,39.85151876451199,39.58604828109757,39.568929411430744,39.52874000432509,39.38669890891353,39.2401000008801,38.63471929575628,38.43849272903575,38.215511223650864,38.11662360137148,38.6366153456492,31.10256929201443,30.121200463994484,28.75869364693624,29.07936129611869,29.462569422576703,30.384786747663433,31.159050494778015,34.99649269025033,35.42769317150651,36.027557573759374,36.08884469955956,36.092191404892986,36.17350845596273,36.21228396758844,36.29456789881362,36.727027168857134,38.68756858602596,38.94489684694115,39.44737068419639,39.843701984886614,39.84111498363414,39.88187616111206,39.63480981653599,39.58720591656671,39.54542517178297,39.44848274981511,39.127191841773765,28.91588773869881,34.34837366830617,38.08329438396717,34.499495873666234,34.55159682486613,#000000,1.899447169454492,31.436457468428813,-0.24557538421180589,50.79696927527907,5.337581468091052,False,True,False,False,False,0.6008799361192736,0.0,0.0,0.0,0.0,1,1.0370438362990255,0.878378201177535,False,False,False,False,0.17936023282329963,0.18670034201496877,False,False,False,False,-574297,-732894.894694607,False,False,False,False,89964.94141156747,False,False,False,False
2025-08-28 00:00:00+00:00,31.29,31.34,30.95,30.95,114623,,31.200809634262278,30.99166444411829,29.721101020080138,28.94988806618773,29.118571623551603,30.047170858044254,30.810047555330545,32.418356297140804,34.327693784702475,35.12213317184911,35.56920456289055,36.08015452694266,36.13024702337314,36.18391694414387,36.56597617780618,38.05939706877319,39.166107405171246,39.64316081571503,39.8817022087801,39.82883583748438,39.5652529218209,39.54845696582534,39.508849036567824,39.3677093011545,39.221790165508516,38.618671812828374,38.42331457168911,38.20123910035662,38.10351767582309,38.6232187269065,31.108204178970606,30.15294184822643,28.802307640008074,29.105410191108877,29.478798696961896,30.39172945512573,31.159326573110405,34.97289390718252,35.40282365491393,36.00189229291469,36.063764370677376,36.06717004917155,36.149210102066895,36.189543236143166,36.274087692851126,36.705859752724,38.6629295041405,38.92045608350613,39.422766067620444,39.81934702154804,39.817068584535214,39.85870172593476,39.6135348615038,39.56635565773126,39.525124728965146,39.42915156648377,39.10929875848063,28.94988806618773,34.327693784702475,38.05939706877319,34.490806951317374,34.54257311594862,#000000,1.8892565342619265,31.442553858188308,-0.08074809080806332,52.202758044587,5.337581468091052,False,True,False,False,False,1.4699919833254818,0.0,0.0,0.0,0.0,1,1.0505797470354343,0.8623045932115615,False,False,False,False,0.2446872055146836,0.21569377376482618,False,False,False,False,-459674,-722180.3498046225,False,False,False,False,90931.92410130992,False,False,False,False
2025-08-29 00:00:00+00:00,31.18,31.52,31.07,31.27,63956,,31.20278331425431,30.998169747718755,29.74279544812726,28.968944772480935,29.132086522720844,30.053108714304337,30.8121063618245,32.413585446676834,34.31650324765003,35.10900433377381,35.55540894760932,36.06652758624655,36.11680242484665,36.17084072714113,36.554460516965136,38.046257368394684,39.15256321093084,39.629688253394036,39.86867457882472,39.81632351036677,39.553781939726974,39.53716369015913,39.4978759302991,39.357233708440106,39.21169033628789,38.609823988882866,38.41494719457029,38.193372636151814,38.0962933541178,38.6158283159382,31.11317477276947,30.170878114101594,28.826597184336947,29.120099996380564,29.48805215328506,30.39585367824871,31.15976199452951,34.96007190506688,35.38928068389417,35.98787703767779,36.05006224464917,36.053499684397885,36.135927114620465,36.17710368512736,36.262873259947895,36.69425412864697,38.64936793697963,38.906997009875894,39.40920628857252,39.80591657664924,39.803807601380456,39.84591889364896,39.601799593355736,39.55485449199717,39.513926335690115,39.41848732252203,39.09942961770211,28.968944772480935,34.31650324765003,38.046257368394684,34.48633175171258,34.53784277248788,#000000,1.888781512934394,31.44641336698769,-0.14105038892179456,52.768864934022595,5.337581468091052,False,True,False,False,True,1.1579308094150775,0.0,0.0,0.0,0.0,1,1.0544957935375427,0.852927015031209,False,False,False,False,0.2638944008931628,0.2397940873289945,False,False,False,False,-523630,-714394.0615769902,False,False,False,False,89874.04472478796,False,False,False,False
2025-09-02 00:00:00+00:00,30.775,31.455,30.42,30.57,130448,,31.181308238648075,30.99269409722489,29.77474081582947,29.00066755588843,29.154377334014942,30.061339663418767,30.812769821518675,32.40087379156807,34.2911751346539,35.07993212957194,35.52512240609103,36.03683175717546,36.087519888269846,36.14237382930758,36.529482423016084,38.01814864839522,39.1237816483898,39.6011233809128,39.84107774119345,39.789807431805606,39.52943468931563,39.51319019571256,39.474575022792365,39.3349699302338,39.1902063325987,38.590930355360555,38.39705414110264,38.17652233534177,38.08080368233924,38.60003794492615,31.098482552031268,30.19373533105921,28.867291793595378,29.144320477836853,29.50270885248013,30.400549016195843,31.157262726714585,34.93158291898869,35.35945937880753,35.95731032261054,36.02019747157655,36.0237049016661,36.10700082515528,36.15001439607265,36.2384601748743,36.66912051768605,38.620471304718144,38.878358686900945,39.38042802802347,39.77746277862946,39.77571088338917,39.81883563080626,39.57689935222812,39.53044356799008,39.49015082182806,39.39583101750847,39.07842214108285,29.00066755588843,34.2911751346539,38.01814864839522,34.4722573868447,34.52389612278115,#000000,1.8785764689116822,31.446519701806885,-0.35746200004087064,51.785321286756826,5.337581468091052,False,True,False,False,True,0.007945674087473265,0.0,0.0,0.0,0.0,1,1.0456842460800317,0.854611510697908,False,False,False,False,0.2176302306241899,0.2287121589765922,False,False,False,False,-654078,-712028.7258288729,False,False,False,False,91465.18022577668,False,False,False,False
2025-09-03 00:00:00+00:00,30.62,30.93,30.505,30.75,50181,,31.168797095916148,30.987151883263305,29.784443922895246,29.011336250696292,29.161835417445097,30.063709133150542,30.81231363037046,32.39540815489959,34.28096984197417,35.068331315555675,35.51308268555894,36.025062577250324,36.07591653471661,36.13109468302595,36.51959683183674,38.00709544920307,39.11249799213901,39.58993575669852,39.83027277796045,39.7794228390493,39.519891106602444,39.503792227697204,39.46543896731236,39.32623633053011,39.181774696121124,38.58350051058368,38.3900125362591,38.16988528698783,38.074699080677746,38.593825156721564,31.088558980274787,30.199724356515354,28.881022450541955,29.15241886147745,29.507467125590956,30.401599074735934,31.155625882226083,34.92019774400576,35.34758886434067,35.94519331352225,36.008360752824544,36.011895937481235,36.09553880110895,36.13927767574549,36.22878217585372,36.65918043140517,38.60912899940704,38.86712446921912,39.36915203008363,39.76632238296011,39.764709647040746,39.80823044696115,39.56714085362864,39.52087514451922,39.48082970450492,39.386945229375875,39.07017464025912,29.011336250696292,34.28096984197417,38.00709544920307,34.46591373868027,34.51770801546601,#000000,1.863930004872017,31.445079133571728,-0.4426556423337254,50.61644632048498,5.017335510862566,False,True,False,False,True,0.0,0.0,0.0,0.0,0.0,1,1.0489089704934031,0.8677606009376578,False,False,False,False,0.1697043250184099,0.19920824199750103,False,False,False,False,-704259,-711724.0306983289,False,False,False,False,89846.19276594231,False,False,False,False
2025-09-04 00:00:00+00:00,31.14,31.19,30.1,30.63,68716,,31.1568248864575,30.982887595378532,29.799198614680567,29.02680308175384,29.172759628985737,30.067571700965356,30.81230237362291,32.38852282359013,34.26757096769315,35.05299477709328,35.49711711565203,36.00940530934259,36.06047450923485,36.11607763103658,36.506402851155926,37.9922710242208,39.097323891174995,39.57487571680305,39.815719835459824,39.765435857819575,39.50704026996031,39.491137364077474,39.45313682353757,39.314478020492366,39.170425268781884,38.573509638185065,38.380546952630446,38.16096727705161,38.06649712264471,38.585467613646905,31.079695523647278,30.209744985527852,28.900771383850163,29.16426466674627,29.51460625546654,30.40365317435494,31.153993235536866,34.905163213314616,35.331864458246436,35.92908295534913,35.99261554552747,35.996187151099626,36.080282327008334,36.124978848135676,36.215881662105424,36.64590597735872,38.59389394262553,38.85202489019313,39.353980031024285,39.75132072302306,39.74989488701333,39.793946417999244,39.55400019346957,39.507990920097214,39.46827861890479,39.37498109359726,39.05907504569929,29.02680308175384,34.26757096769315,37.9922710242208,34.45812700960606,34.509995547507074,#000000,1.859183410789288,31.444415523128203,-0.16373614424569746,51.60206664813743,5.017335510862566,False,True,False,False,True,1.0522572229695015,0.0,0.0,0.0,0.0,1,1.0259506591467422,0.8778156465174213,False,False,False,False,0.14856123973375018,0.1738847408656256,False,False,False,False,-635543,-708736.5392983945,False,False,False,False,89017.5577555132,False,False,False,False
2025-09-05 00:00:00+00:00,31.18,31.5025,30.405,31.43,158083,,31.147724050378123,30.985315910942376,29.83860353529642,29.065646200313935,29.20064123759939,30.078886502810786,30.814702865535594,32.37507578079773,34.23906498316707,35.01992957926466,35.462494572584234,35.97524320698868,36.02675987176673,36.08326397698785,36.477438986737326,37.95943143474936,39.06354280200899,39.54128650510801,39.78322846360733,39.73420689400855,39.47836144866402,39.46289538430309,39.425682036120776,39.28824453110915,39.14511347596802,38.55126868999287,38.35948843437249,38.141142219365356,38.048266201513265,38.566848857151975,31.076249074144382,30.239571382279298,28.949747661811696,29.194428818075636,29.533465689906528,30.410808056673858,31.152651316764658,34.87281885503644,35.29783392853362,35.893972119047206,35.9582694683332,35.9619184585612,36.046962312703236,36.09371802862731,36.18762942063249,36.61673360909241,38.56005075708888,38.81844268905233,39.320169931370714,39.71784034264206,39.71682951835595,39.76205463520586,39.524672938724905,39.479237854327614,39.440269408191455,39.348284658093625,39.03432845940977,29.065646200313935,34.23906498316707,37.95943143474936,34.44362436803266,34.495164096018854,#000000,1.8541590745869165,31.447783000095818,-0.14442288354114213,52.392043748054085,5.017335510862566,False,True,False,False,True,1.1662758171150855,0.0,0.0,0.0,0.0,1,1.0244924501220343,0.8767355949098483,False,False,False,False,0.19209712548130298,0.1829909331734643,False,False,False,False,-477460,-699666.8710906144,False,False,False,False,91726.00647098327,False,False,False,False
2025-09-08 00:00:00+00:00,31.79,31.85,30.9119,31.28,130375,,31.168246699028618,31.007382224843806,29.881816294723617,29.104251449862197,29.228985778841537,30.09271113134022,30.821058824033198,32.36813437065239,34.21944840168631,34.99635186174195,35.43744147046303,35.95016548169692,36.001975507664156,36.05910170437084,36.45590085066026,37.93447126138344,39.03757458417274,39.51535990828949,39.75809641766825,39.710053919129635,39.45621293678749,39.441084892922746,39.4044822103333,39.268005132913494,39.12560477236822,38.53420838332979,38.343362001937386,38.12599126873111,38.03434231865805,38.55255233974721,31.099737969783575,30.276810183801487,28.99756630889604,29.225007188755978,29.55363167084044,30.421148650707877,31.155855884868306,34.84988350617149,35.27333390385736,35.868259476976604,35.933068972584024,35.936771752884695,36.02245269519801,36.07068080853876,36.16674268472067,36.594983462111266,38.53416088064187,38.792684885601936,39.29412140119339,39.691961457762986,39.691269404894506,39.73738723560973,39.50201845005989,39.45703220224094,39.418641520354086,39.32767997828784,39.01527132332138,29.104251449862197,34.21944840168631,37.93447126138344,34.43742640711263,34.48794318729483,#000000,1.855462177434784,31.45894018874497,0.17842444609284797,54.850594419679034,5.017335510862566,False,True,True,False,True,2.896299631015605,0.0,0.0,0.0,0.0,1,1.0379607174380636,0.8755280950871087,False,False,False,False,0.2500537191331045,0.21652232615328437,False,False,False,False,-347085,-685840.1310478451,False,False,False,False,93241.65327604275,False,False,False,False
2025-09-09 00:00:00+00:00,30.99,31.96,30.91,31.89,64561,31.286666666666665,31.1714158977165,31.013003355158958,29.899498839191548,29.121137465713378,29.241377680865828,30.098366641080393,30.823135313444677,32.36381792233138,34.20901847803678,34.98402719239015,35.42442975284011,35.93721060486039,35.98917701155356,36.04662830925714,36.44480952227979,37.921740929336856,39.02438896775651,39.50221469036533,39.74536093357646,39.69781076648354,39.44497337106134,39.4300156484678,39.39372044216611,39.2577245987967,39.11568933618717,38.52551414070176,38.335135523130376,38.11825329214943,38.027226009808416,38.54526284385749,31.104541060590858,30.29117730071277,29.01848486805677,29.238359615446164,29.562311607937463,30.425135630977742,31.156422683057652,34.837863730368966,35.26058103734734,35.85496921695708,35.92004914072182,35.923779925437444,36.0097972744151,36.058785066957846,36.15595905809896,36.58379535269441,38.520991613778165,38.77959470983659,39.2809059521079,39.67884689492118,39.678315608158854,39.72488544151243,39.490524791893776,39.44576378867832,39.40766381891678,39.31721662925637,39.00558088141318,29.121137465713378,34.20901847803678,37.921740929336856,34.012371308721114,34.48311758702111,#000000,1.8299912666554383,31.255317149354603,-0.14498274073160383,53.427011228612685,5.017335510862566,False,True,True,False,True,0.5279856181154905,0.0,0.0,0.0,0.0,1,1.021988616662297,0.8780054633255244,False,False,False,False,0.24453760279150413,0.23052996447239427,False,False,False,False,-411646,-675087.420026361,False,False,False,False,92116.92177502147,False,False,False,False
2025-09-10 00:00:00+00:00,30.045,31.31,30.0,31.27,55419,30.900978510307272,31.15525259485612,31.003469915973973,29.90540094611268,29.12991611598751,29.2476020904554,30.09979735705591,30.82171866976073,32.35728904855482,34.19758316875238,34.97113833777993,35.41108456781232,35.92416106555723,35.97630515774068,36.03410390896229,36.433791560330654,37.90948174619407,39.01188864222655,39.489820872747515,39.73338317707707,39.68628913239569,39.43436504529224,39.41956594047549,39.3835561712673,39.24799869430485,39.10629229109675,38.51720869340424,38.32725447409257,38.11081483095093,38.02037411408883,38.53829874294187,31.09045180464462,30.29311360248909,29.029639704365362,29.245067640470435,29.566118843088624,30.425240126269337,31.153811124181082,34.82519961221787,35.24741235239443,35.84154822403764,35.906927367982206,35.91068778404585,35.997076703068934,36.04684240239672,36.14515951279559,36.57272109693133,38.50842487789017,38.767146365077814,39.26841532250087,39.666505136766276,39.66612464222615,39.71312438369744,39.47968270533755,39.43512839796837,39.397297732919505,39.30732496838222,38.99638425299092,29.12991611598751,34.19758316875238,37.90948174619407,33.985708372712246,34.475375480180716,"rgba(239, 83, 80, 0.5)",1.7989077642122966,31.233310078285882,-0.6605730999255629,49.67091822403737,3.9246469297264994,False,True,False,False,False,0.0,0.0,0.0,0.0,0.0,1,0.9955524681683792,0.9190972781105191,False,False,False,False,0.08700938712598516,0.1587696757991897,False,False,False,False,-467065,-666929.678064543,False,False,False,False,90677.78758776574,False,False,False,False
2025-09-11 00:00:00+00:00,30.2,30.55,29.91,29.97,46904,30.70958439195289,31.13780835284856,30.992367906639032,29.908221493128387,29.13596946964211,29.25181631853748,30.100207928771987,30.81978276652701,32.351130515547766,34.18736391251227,34.95973072577067,35.39932068124125,35.91269947380663,35.96500282753885,36.023109502516654,36.424138182678305,37.898816224979505,39.00105186100879,39.47908963767039,39.72301744877378,39.676316114487015,39.42517514719464,39.410512813458254,39.374748996961195,39.23956757227836,39.098142526962846,38.5099911774827,38.32040078535642,38.10434045937735,38.01440746712764,38.53224543067529,31.074838540282386,30.29237456925183,29.037429751091757,29.249608334169096,29.568479396721017,30.42455824195991,31.150891604957746,34.81397357435246,35.23578754695719,35.829755327802175,35.89540129407152,35.899187911044265,35.9859081532278,36.03635751436076,36.13568057651017,36.56302602626717,38.49751458438613,38.75634700800643,39.25759438010725,39.655823469836314,39.65557315680263,39.702945261711115,39.47029183312445,39.42591512287184,39.38831638235206,39.29875180941097,38.98840548988588,29.13596946964211,34.18736391251227,37.898816224979505,33.96901148110463,34.46802689026816,"rgba(239, 83, 80, 0.5)",1.7648460693918293,31.22009626708108,-0.5780086347318707,47.72912952568316,2.1617812122019586,False,True,False,True,False,0.0,0.0,0.0,0.0,0.0,1,0.9913019865414153,0.924900078918561,False,False,False,False,0.0034323958439102346,0.08110103582154997,False,False,False,False,-420161,-657252.4750031885,False,False,False,False,88961.16846667689,False,False,False,False
2025-09-12 00:00:00+00:00,30.25,30.68,30.075,30.1,40544,30.63636790436521,31.12507022543548,30.984413328124255,29.91150352236674,29.14169747479622,29.255858994456858,30.100899114527905,30.818438306388863,32.34612130839003,34.17882739747592,34.95015217504603,35.38941964311844,35.90302847532784,35.95546360382377,36.01382701549538,36.41597212692784,37.88975843372419,38.991828405696026,39.469948480399815,39.71418366866754,39.66781694884126,39.41734517900792,39.402799341763064,39.36724513263635,39.23238511604088,39.091200970212626,38.5038488451703,38.31456973545216,38.098834047109165,38.00933321230083,38.5270923123592,31.06354264459757,30.292743778996414,29.044728684218313,29.253960505600578,29.57086392493362,30.424301778648815,31.14869258401313,34.80455556546018,35.22601165046983,35.81980945745698,35.885676814416136,35.88948529560167,35.9764806114681,36.027503289898746,36.12767016052853,36.554820890329076,38.48823750583271,38.74715943153276,39.2483803058607,39.64672193621762,39.646582319670486,39.69427045399753,39.46229038846916,39.41806526497712,39.380664223066255,39.29144786713453,38.98161059795146,29.14169747479622,34.17882739747592,37.88975843372419,33.95963898022771,34.46206734080407,"rgba(239, 83, 80, 0.5)",1.741877740561089,31.213937543415597,-0.5533898969884623,46.62631770175109,1.1519932301037556,False,True,False,True,False,0.0,0.0,0.0,0.0,0.0,1,0.9878927487039977,0.9214607872450633,False,False,False,False,0.032373850191772906,0.056737443006661434,False,False,False,False,-379617,-646364.8093167889,False,False,False,False,87062.4559777876,False,False,False,False
2025-09-15 00:00:00+00:00,30.62,30.62,30.16,30.3,40246,30.608792155548556,31.114860947419235,30.978268120301635,29.915709374223713,29.14795093621834,29.260328218417296,30.101964840182802,30.817472558503084,32.34149740720005,34.170679942521964,34.94095333033271,35.37988462122703,35.8936878951173,35.94624748877185,36.00485561384698,36.40806277049069,37.88094497544398,38.98283109884501,39.461023095995095,39.70555411165714,39.659514343047775,39.40969857401166,39.39526651109289,39.35991713610756,39.22537223920109,39.08442475124406,38.49785890936973,38.30888532908501,38.09346838702405,38.004389185259896,38.522065584685386,31.05463154624451,30.294226430602897,29.052624318987395,29.258768301629146,29.573621631938376,30.424421863743078,31.146872742624655,34.79552011915692,35.2166063009697,35.81020838452597,35.876285572301505,35.880114916762686,35.96737110902926,36.01894396464086,36.11992071284854,36.54686938140989,38.47919782442192,38.738201625729914,39.23938758732951,39.63783236191378,39.63780065844196,39.6857961983943,39.45447598268353,39.41039925946288,39.3731914685591,39.28431578310131,38.9749787426793,29.14795093621834,34.170679942521964,37.88094497544398,33.95307847511323,34.45658133484052,#000000,1.720754535420527,31.2107885543383,-0.343331103988007,47.31681559299702,1.1519932301037556,False,True,False,True,False,0.0,0.0,0.0,0.0,0.0,1,0.9849774238186119,0.9343026774039295,False,False,False,False,0.03482832921618815,0.045782886111424795,False,False,False,False,-339371,-634325.836402405,False,False,False,False,85226.51652767828,False,False,False,False
2025-09-16 00:00:00+00:00,29.86,30.58,29.72,30.58,61766,30.49791938663392,31.090186531183697,30.96172119358608,29.91729110957537,29.15446180694518,29.264795120706353,30.101748345594345,30.814266464947416,32.3328903653951,34.156857685476275,34.92561152919829,35.36409770014628,35.8783280163142,35.93110107213715,35.99012001537451,36.39512338967507,37.866707699216896,38.96839131037754,39.44673166953023,39.691750401459245,39.64622973325078,39.39744740352661,39.383196417943765,39.34817260560274,39.214124417382735,39.07354809483386,38.48821120675103,38.299718442592756,38.08480281895089,37.99639874291532,38.513967970575,31.032203119309056,30.291115513532592,29.061080137560857,29.263573510178325,29.57587740692971,30.42281454446619,31.142412905218947,34.78040921286168,35.20099408951761,35.79440570559204,35.86083944880096,35.86470368407334,35.95240296342163,36.004884902529504,36.10720217784249,36.53387958710577,38.46465045516204,38.72380651484542,39.22497355494,39.623609503291945,39.62375003514588,39.67223915309098,39.4419591783112,39.39811711383783,39.361216183302844,39.27288044926898,38.96432735593297,29.15446180694518,34.156857685476275,37.866707699216896,33.937505040673656,34.446291946859006,"rgba(239, 83, 80, 0.5)",1.696105334672776,31.199411498940844,-0.7896982997222001,45.372739741698226,-0.07124466483068659,False,True,False,True,False,0.0,0.0,0.0,0.0,0.0,1,1.0024719381284632,0.9328277682482772,False,False,False,False,-0.029915180062316554,0.00793385302455412,False,False,False,False,-401137,-625181.1761513303,False,False,False,False,84306.49627169089,False,False,False,False
2025-09-17 00:00:00+00:00,30.33,30.34,29.81,30.105,71659,30.43437955754279,31.065760646405156,30.94541963054866,29.920484809459563,29.162781714972482,29.270607383605153,30.102047655846373,30.811097111080265,32.323449002769266,34.14135120302712,34.908319731856004,35.34626458309903,35.86093336184689,35.913943074194684,35.973420927460445,36.38042878122249,37.85047942560117,38.95189686756795,39.43039317594941,39.67596184066025,39.631034173358934,39.383435910428304,39.36939174637435,39.33473999579008,39.20126110497474,39.06111095114781,38.477187024446515,38.28924601732568,38.074905884003655,37.9872727998591,38.50471094979902,31.010111253085434,30.28918006844105,29.071748515163044,29.269819226704186,29.579046812889043,30.421500474861286,31.13778643404514,34.7633911157387,35.183372058919865,35.77651891571852,35.843348963324814,35.84725219891004,35.93544434087552,35.98894767150094,36.09277200419298,36.51912118341213,38.44804909873481,38.707370158198295,39.208501248826735,39.60734471167083,39.60768158006866,39.65673231805024,39.427643780512845,39.38407028073114,39.34752010802315,39.25980206377843,38.95214931255035,29.162781714972482,34.14135120302712,37.85047942560117,33.923471024235766,34.43503132276067,"rgba(239, 83, 80, 0.5)",1.6786284808067924,31.190582720348033,-0.5126701531564722,45.862158775211405,-0.07124466483068659,False,True,False,True,False,0.0,0.0,0.0,0.0,0.0,1,0.980634337779946,0.9376233089818155,False,False,False,False,-0.04540618815945292,-0.0187361675674494,False,False,False,False,-329478,-613584.9731650036,False,False,False,False,83810.51602574222,False,False,False,False
2025-09-18 00:00:00+00:00,30.62,30.8,30.14,30.45,72227,30.448021192254583,31.051688310196962,30.936876016392404,29.92833202022701,29.174006851628118,29.2787304080265,30.104201059965423,30.809682726529076,32.3155852161897,34.12724535750254,34.892329189845114,35.329652490220255,35.844607985016154,35.89782757962053,35.95772232052236,36.36654074693122,37.83495398742997,38.93601226904134,39.414620500359476,39.66070100839016,39.61634765163415,39.369905844213754,39.356061683638586,39.32177029019815,39.18884753897857,39.04911587836002,38.46658462891302,38.279184052978785,38.06540806660499,37.97851807286068,38.49580291961516,30.997910403117782,30.292563948144547,29.085782346504256,29.278537490975694,29.584164833843587,30.42199438593277,31.1348678886842,34.74769604974725,35.16699857358628,35.7597531285486,35.826937931209486,35.83087670703659,35.919510699200785,35.973958502121604,36.07917641154839,36.505153009882456,38.43210708401029,38.69156231425656,39.192616993356744,39.59163002035223,39.592155915435576,39.64174419918337,39.41381828035413,39.37050615207532,39.33429597033641,39.24717794344187,38.940409979996794,29.174006851628118,34.12724535750254,37.83495398742997,33.915466861814444,34.42568993610301,#000000,1.651860531708219,31.188860713464685,-0.34437575239866924,47.22495045090043,-0.07124466483068659,False,True,False,True,False,0.0,0.0,0.0,0.0,0.0,1,0.9838923711709713,0.9361028498768992,False,False,False,False,0.03610942462426099,0.008686628528405795,False,False,False,False,-257251,-599611.0918644153,False,False,False,False,83356.26049532097,False,False,False,False
2025-09-19 00:00:00+00:00,30.0,30.78,29.98,30.78,66585,30.423087518825337,31.033151535070132,30.924450926146093,29.932206986193034,29.182174044665736,29.2845370907543,30.10490606027903,30.80720180470152,32.30732856172026,34.11338423704472,34.87679783731566,35.31359553957695,35.82889670246451,35.88232354958999,35.94262405531683,36.353214446929044,37.820179812486465,38.920959100078,39.39969483524983,39.64626814898177,39.60245456015911,39.357094476535316,39.343438627494976,39.30948625121548,39.17708400005444,39.03774280283446,38.45650827906935,38.269613134979174,38.05636460014928,37.970177475683464,38.48733434683017,30.981206124494403,30.292040813674674,29.096120013113126,29.284764286824167,29.5875035086072,30.42121831165196,31.131045305630693,34.732423318891854,35.15114526179687,35.743609663854826,35.81114250251583,35.81511577411332,35.904183191408144,35.95954072926542,36.06610306375963,36.491762286218105,38.41697364732626,38.676569470415025,39.17757621869825,39.57676650479816,39.5774706234364,39.62756770440524,39.40072970624963,39.357662648956016,39.32177211622195,39.23521759558669,38.92927476628662,29.182174044665736,34.11338423704472,37.820179812486465,33.90484913966946,34.415840499852905,"rgba(239, 83, 80, 0.5)",1.6247225320975427,31.183334677370034,-0.7283303173264485,46.11999390807624,-0.07124466483068659,False,True,False,True,False,0.0,0.0,0.0,0.0,0.0,1,0.9885884194854335,0.9341967740421735,False,False,False,False,0.01753303551333171,0.013109832020868753,False,False,False,False,-323836,-588796.3823795363,False,False,False,False,82698.56400530839,False,False,False,False
2025-09-22 00:00:00+00:00,30.04,30.3,29.83,30.01,84946,30.371627445274942,31.005058888389158,30.904783119481102,29.93407174127614,29.190535277074364,29.29036172343901,30.10461687598083,30.802956202082232,32.29589118118674,34.0949505606112,34.856297563474136,35.292467277175284,35.80827821091812,35.86198069883741,35.922816194532196,36.33575206936947,37.800927288380215,38.90139655759789,39.38031591155552,39.627535372518906,39.58441856224438,39.340450562785385,39.327038146017586,39.29352380291707,39.16179176761178,39.02295231362428,38.44338185138362,38.257137351541715,38.04456770423119,37.95929253106859,38.47629832647291,30.95548116691801,30.288103613966637,29.10684887113368,29.29100386223609,29.590470890819237,30.4190907991444,31.125134514994897,34.71224019904512,35.130262073883515,35.72241866051494,35.79041245845642,35.794431122550314,35.88407267663693,35.94062205988864,36.048948219785586,36.47422614490583,38.39728507836043,38.65707469230774,39.1580399804126,39.55747434146537,39.55840898448829,39.60916590400303,39.38372828430463,39.34097713868118,39.305499418148045,39.219672159585045,38.914789278648726,29.190535277074364,34.0949505606112,37.800927288380215,33.889131007957744,34.40218207137132,"rgba(239, 83, 80, 0.5)",1.597360443790484,31.173489328520578,-0.7096014759391723,45.542446143295294,-0.2085186903313101,False,True,False,True,False,0.0,0.0,0.0,0.0,0.0,1,0.9930290719871647,0.935116746957458,False,False,False,False,-0.04747314009950584,-0.017181654039318543,False,False,False,False,-238890,-575074.5634626917,False,False,False,False,82786.69875019825,False,False,False,False
