date,Close,High,Low,Open,Volume,aVWAP_peak_519,aVWAP_peak_459,aVWAP_peak_428,aVWAP_peak_397,aVWAP_peak_366,aVWAP_peak_351,aVWAP_peak_285,aVWAP_valley_535,aVWAP_valley_481,aVWAP_valley_466,aVWAP_valley_454,aVWAP_valley_409,aVWAP_OB_bull_535,aVWAP_OB_bull_466,aVWAP_OB_bull_409,Peaks_avg,Valleys_avg,color,StDev,StDev_Mean,StdDev_ZScore,QQEMOD,QQE1_Value,QQE1_Above_Upper,QQE1_Below_Lower,QQE2_Above_Threshold,QQE2_Below_Threshold,QQE2_Above_TL,banker_RSI,OB,OB_High,OB_Low,OB_Mitigated_Index,TTM_squeeze_Active,VI_plus,VI_minus,VI_Regular_Bullish,VI_Regular_Bearish,VI_Hidden_Bullish,VI_Hidden_Bearish,Fisher,Fisher_Signal,Fisher_Regular_Bullish,Fisher_Regular_Bearish,Fisher_Hidden_Bullish,Fisher_Hidden_Bearish,OBV,OBV_Smoothed,OBV_Regular_Bullish,OBV_Regular_Bearish,OBV_Hidden_Bullish,OBV_Hidden_Bearish,Volume_MA,Vol_Regular_Bullish,Vol_Regular_Bearish,Vol_Hidden_Bullish,Vol_Hidden_Bearish
2023-08-14 00:00:00+00:00,20.1681371296,20.3639442862,20.1681371296,20.3639442862,6100,,,,,,,,,,,,,,,,,,#000000,,,,,,False,False,False,False,False,,0.0,0.0,0.0,0.0,0,,,False,False,False,False,,,False,False,False,False,0,0.0,False,False,False,False,6100.0,False,False,False,False
2023-08-15 00:00:00+00:00,19.7765228165,19.7765228165,18.0142584071,19.7765228165,2100,,,,,,,,,,,,,,,,,,#000000,,,,0.0,,False,False,False,True,False,,0.0,0.0,0.0,0.0,0,,,False,False,False,False,,,False,False,False,False,-2100,-82.3529411764706,False,False,False,False,5943.137254901961,False,False,False,False
2023-08-16 00:00:00+00:00,19.7765228165,19.7765228165,19.7765228165,19.7765228165,2100,,,,,,,,,,,,,,,,,,#000000,,,,0.0,-50.0,False,False,False,True,True,,0.0,0.0,0.0,0.0,0,,,False,False,False,False,,,False,False,False,False,-2100,-161.47635524798156,False,False,False,False,5792.425990003844,False,False,False,False
2023-08-17 00:00:00+00:00,19.7765228165,19.7765228165,19.7765228165,19.7765228165,0,,,,,,,,,,,,,,,,,,#000000,,,,0.0,-50.0,False,False,False,True,True,,0.0,0.0,0.0,0.0,0,,,False,False,False,False,,,False,False,False,False,-2100,-237.49689033629602,False,False,False,False,5565.272029611537,False,False,False,False
2023-08-18 00:00:00+00:00,19.1891013467,19.1891013467,19.1891013467,19.1891013467,200,,,,,,,,,,,,,,,,,,#000000,,,,0.0,-50.0,False,False,False,True,True,,0.0,0.0,0.0,0.0,0,,,False,False,False,False,,,False,False,False,False,-2300,-318.3793652250687,False,False,False,False,5354.8692049208885,False,False,False,False
2023-08-21 00:00:00+00:00,19.1891013467,19.1891013467,19.1891013467,19.1891013467,100,,,,,,,,,,,,,,,,,,#000000,,,,0.0,-50.0,False,False,False,True,True,,0.0,0.0,0.0,0.0,0,,,False,False,False,False,,,False,False,False,False,-2300,-396.0899783534974,False,False,False,False,5148.795902767129,False,False,False,False
2023-08-22 00:00:00+00:00,19.64337395,19.64337395,19.64337395,19.64337395,100,,,,,,,,,,,,,,,,,,#000000,,,,12.801027990261272,-38.2657243422605,False,False,False,True,True,,0.0,0.0,0.0,0.0,0,,,False,False,False,False,,,False,False,False,False,-2200,-466.8315478298308,False,False,False,False,4950.803906580182,False,False,False,False
2023-08-23 00:00:00+00:00,18.9541327587,18.9932941901,18.6682543101,18.9932941901,2700,,,,,,,,,,,,,,,,,,#000000,,,,16.33507964310327,-35.73734521550318,False,False,False,True,True,,0.0,0.0,0.0,0.0,0,,,False,False,False,False,,,False,False,False,False,-4900,-640.6812910521904,False,False,False,False,4862.537086714293,False,False,False,False
2023-08-24 00:00:00+00:00,18.9541327587,18.9541327587,18.9541327587,18.9541327587,0,,,,,,,,,,,,,,,,,,#000000,,,,18.691114078331267,-34.218463324697254,False,False,False,True,True,,0.0,0.0,0.0,0.0,0,,,False,False,False,False,,,False,False,False,False,-4900,-807.7133972854378,False,False,False,False,4671.849357823537,False,False,False,False
2023-08-25 00:00:00+00:00,18.9541327587,18.9541327587,18.9541327587,18.9541327587,0,,,,,,,,,,,,,,,,,,#000000,,,,20.2618037018166,-33.27919884226691,False,False,False,True,True,,0.0,0.0,0.0,0.0,0,,,False,False,False,False,,,False,False,False,False,-4900,-968.1952248428717,False,False,False,False,4488.6395790853585,False,False,False,False
2023-08-28 00:00:00+00:00,19.972329973,19.972329973,19.972329973,19.972329973,100,,,,,,,,,,,,,,,,,,#000000,,,,32.39986916480949,-22.49276733403151,False,False,False,True,True,,0.0,0.0,0.0,0.0,0,,,False,False,False,False,,,False,False,False,False,-4800,-1118.4620787706021,False,False,False,False,4316.5360661800505,False,False,False,False
2023-08-29 00:00:00+00:00,19.7373613851,19.7491098145,19.7373613851,19.7491098145,200,,,,,,,,,,,,,,,,,,#000000,,,,38.61562455860532,-17.597719677776894,False,False,False,True,True,,0.0,0.0,0.0,0.0,0,,,False,False,False,False,,,False,False,False,False,-5000,-1270.6792521521472,False,False,False,False,4155.103279271029,False,False,False,False
2023-08-30 00:00:00+00:00,19.7373613851,19.7373613851,19.7373613851,19.7373613851,100,,,,,,,,,,,,,,,,,,#000000,,,,42.75946148780254,-14.54376774829467,False,False,False,True,True,,0.0,0.0,0.0,0.0,0,,,False,False,False,False,,,False,False,False,False,-5000,-1416.9271246167689,False,False,False,False,3996.079621260401,False,False,False,False
2023-08-31 00:00:00+00:00,20.9122043247,21.1694576319,20.9122043247,21.1611591381,600,,,,,,,,,,,,,,,,,,#000000,,20.9979554271,,51.646638891156,-6.951185566242259,False,False,True,False,True,,0.0,0.0,0.0,0.0,0,,,False,False,False,False,,,False,False,False,False,-4400,-1533.9103746317976,False,False,False,False,3862.900028269797,False,False,False,False
2023-09-01 00:00:00+00:00,19.8914895898,19.8914895898,19.8914895898,19.8914895898,100,,,,,,,,,,,,,,,,,,#000000,,20.839888878914284,,51.46223766670833,-6.951185566242259,False,False,False,False,True,,0.0,0.0,0.0,0.0,0,,,False,False,False,False,,,False,False,False,False,-4500,-1650.2276148423155,False,False,False,False,3715.3353212788247,False,False,False,False
2023-09-06 00:00:00+00:00,18.6716110042,18.6716110042,18.6716110042,18.6716110042,1000,,,,,,,,,,,,,,,,,,#000000,,19.56443130555294,,46.95124952161619,-6.951185566242259,False,False,False,False,True,,0.0,0.0,0.0,0.0,0,,,False,False,False,False,,,False,False,False,False,-5500,-1801.1990809269307,False,False,False,False,3608.851583189459,False,False,False,False
2023-09-07 00:00:00+00:00,18.6516946191,18.6516946191,18.6516946191,18.6516946191,600,,,,,,,,,,,,,,,,,,#000000,,19.326326082999998,,43.88569191033278,-6.951185566242259,False,False,False,True,False,,0.0,0.0,0.0,0.0,0,,,False,False,False,False,,,False,False,False,False,-6100,-1969.7795091258747,False,False,False,False,3490.857403456539,False,False,False,False
2023-09-08 00:00:00+00:00,18.6716110042,18.6716110042,18.2566863152,18.2566863152,2000,,,,,,,,,,,,,,,,,,#000000,,18.74539040354186,,41.94657773059288,2.344292129539099,False,False,False,True,False,,0.0,0.0,0.0,0.0,0,,,False,False,False,False,,,False,False,False,False,-4100,-2053.3175675915268,False,False,False,False,3432.392407242557,False,False,False,False
2023-09-11 00:00:00+00:00,19.0989834339,19.0989834339,18.4226561908,18.4226561908,4200,,,,,,,,,,,,,,,,,,#000000,,18.83989501006497,,42.84897923106175,2.344292129539099,False,False,False,True,False,,0.0,0.0,0.0,0.0,0,,,False,False,False,False,,,False,False,False,False,100,-1968.8737414114669,False,False,False,False,3462.4946657820647,False,False,False,False
2023-09-12 00:00:00+00:00,19.0989834339,19.0989834339,19.0989834339,19.0989834339,0,,,,,,,,,,,,,,,,,,#000000,,18.83989501006497,,43.450580231374325,2.344292129539099,False,False,False,True,False,,0.0,0.0,0.0,0.0,0,,,False,False,False,False,,,False,False,False,False,100,-1887.7414378267035,False,False,False,False,3326.7105612415917,False,False,False,False
2023-09-13 00:00:00+00:00,19.0989834339,19.0989834339,19.0989834339,19.0989834339,0,,,,,,,,,,,,,,,,,,#000000,,18.83989501006497,,43.85164756491604,2.344292129539099,False,False,False,True,False,,0.0,0.0,0.0,0.0,0,,,False,False,False,False,,,False,False,False,False,100,-1809.7907932060484,False,False,False,False,3196.251323545843,False,False,False,False
2023-09-14 00:00:00+00:00,19.0989834339,19.0989834339,19.0989834339,19.0989834339,0,,,,,,,,,,,,,,,,,,#000000,,18.83989501006497,,44.11902578727719,2.344292129539099,False,False,False,True,False,,0.0,0.0,0.0,0.0,0,,,False,False,False,False,,,False,False,False,False,100,-1734.8970366097328,False,False,False,False,3070.9081343871826,False,False,False,False
2023-09-15 00:00:00+00:00,19.0989834339,19.0989834339,19.0989834339,19.0989834339,0,,,,,,,,,,,,,,,,,,#000000,,18.83989501006497,,44.297277935517954,2.344292129539099,False,False,False,True,False,,0.0,0.0,0.0,0.0,0,,,False,False,False,False,,,False,False,False,False,100,-1662.9402900760178,False,False,False,False,2950.480364411215,False,False,False,False
2023-09-18 00:00:00+00:00,19.553740893,19.553740893,19.0533417181,19.0533417181,4000,,,,,,,,,,,,,,,,,,#000000,,19.037432214630307,,47.25975462382496,2.344292129539099,False,False,False,False,False,,0.0,0.0,0.0,0.0,0,,,False,False,False,False,,,False,False,False,False,4100,-1436.9426316416643,False,False,False,False,2991.6379971794026,False,False,False,False
2023-09-22 00:00:00+00:00,21.468203408,21.468203408,21.2856365448,21.2856365448,300,,,,,,,,,,,,,,,,,,#000000,,19.09913573757666,,55.734207904513724,-2.370888069527439,False,False,True,False,True,,0.0,0.0,0.0,0.0,0,,,False,False,False,False,,,False,False,False,False,4400,-1208.0429205968933,False,False,False,False,2886.0835659174654,False,False,False,False
2023-09-25 00:00:00+00:00,21.468203408,21.468203408,21.468203408,21.468203408,100,,,,,,,,,,,,,,,,,,#000000,,19.119511878880942,,61.3838434249729,2.896713124218941,False,False,True,False,True,,0.0,0.0,0.0,0.0,0,,,False,False,False,False,,,False,False,False,False,4400,-988.1196688087798,False,False,False,False,2776.8253868618785,False,False,False,False
2023-09-26 00:00:00+00:00,21.468203408,21.468203408,21.468203408,21.468203408,0,,,,,,,,,,,,,,,,,,#000000,,19.119511878880942,,65.15026710527903,6.319720168192163,False,False,True,False,True,,0.0,0.0,0.0,0.0,0,,,False,False,False,False,,,False,False,False,False,4400,-776.8208582672592,False,False,False,False,2667.930273651609,False,False,False,False
2023-09-27 00:00:00+00:00,21.6673672587,21.6673672587,21.5677853333,21.5677853333,1200,,,,,,,,,,,,,,,,,,#000000,,20.114424943764877,,68.15770868463407,9.083350811177745,False,False,True,False,True,,0.0,0.0,0.0,0.0,0,,,False,False,False,False,,,False,False,False,False,5600,-526.7494520606999,False,False,False,False,2610.364380567232,False,False,False,False
2023-09-28 00:00:00+00:00,21.5096958769,21.5096958769,21.5096958769,21.5096958769,100,,,,,,,,,,,,,,,,,,#000000,,20.122327925290943,,69.0419087454334,9.976619879805455,False,False,True,False,True,,0.0,0.0,0.0,0.0,0,,,False,False,False,False,,,False,False,False,False,5500,-290.40633629361366,False,False,False,False,2511.9187185842034,False,False,False,False
2023-09-29 00:00:00+00:00,21.5096958769,21.5096958769,21.5096958769,21.5096958769,0,,,,,,,,,,,,,,,,,,#000000,,20.122327925290943,,69.63137545263295,10.775075863108853,False,False,True,False,True,,0.0,0.0,0.0,0.0,0,,,False,False,False,False,,,False,False,False,False,5500,-63.3315780075896,False,False,False,False,2413.4121021691367,False,False,False,False
2023-10-02 00:00:00+00:00,21.5096958769,21.5096958769,21.5096958769,21.5096958769,0,,,,,,,,,,,,,,,,,,#000000,,20.122327925290943,,70.02435325743265,11.526445281178596,False,False,True,False,True,,0.0,0.0,0.0,0.0,0,,,False,False,False,False,,,False,False,False,False,5500,154.8382877966296,False,False,False,False,2318.7684903193667,False,False,False,False
2023-10-03 00:00:00+00:00,21.5096958769,21.5096958769,21.5096958769,21.5096958769,0,,,,,,,,,,,,,,,,,,#000000,,20.122327925290943,,70.28633846063245,12.25153444822299,False,False,True,False,True,,0.0,0.0,0.0,0.0,0,,,False,False,False,False,,,False,False,False,False,5500,364.4524725889187,False,False,False,False,2227.836392659784,False,False,False,False
2023-10-04 00:00:00+00:00,21.5096958769,21.5096958769,21.5096958769,21.5096958769,0,,,,,,,,,,,,,,,,,,#000000,,20.122327925290943,,70.46099526276565,12.956425492081884,False,False,True,False,True,,0.0,0.0,0.0,0.0,0,,,False,False,False,False,,,False,False,False,False,5500,565.8464932717062,False,False,False,False,2140.4702596143024,False,False,False,False
2023-10-05 00:00:00+00:00,21.5096958769,21.5096958769,21.5096958769,21.5096958769,0,,,,,,,,,,,,,,,,,,#000000,,20.122327925290943,,70.57743313085444,13.63983869932511,False,False,True,False,True,,0.0,0.0,0.0,0.0,0,,,False,False,False,False,,,False,False,False,False,5500,759.3427092218353,False,False,False,False,2056.5302494333496,False,False,False,False
2023-10-06 00:00:00+00:00,21.5096958769,21.5096958769,21.5096958769,21.5096958769,0,,,,,,,,,,,,,,,,,,#000000,,20.122327925290943,,70.65505837624698,14.297439005112452,False,False,True,False,True,,0.0,0.0,0.0,0.0,0,,,False,False,False,False,,,False,False,False,False,5500,945.2508382719595,False,False,False,False,1975.882004357532,False,False,False,False
2023-10-09 00:00:00+00:00,19.9163850712,19.9163850712,19.9163850712,19.9163850712,100,,,,,,,,,,,,,,,,,,#000000,,20.042426033297623,,59.57439539009771,16.276042346716793,False,False,True,False,False,,0.0,0.0,0.0,0.0,0,,,False,False,False,False,,,False,False,False,False,5400,1119.946883829922,False,False,False,False,1902.3180041866485,False,False,False,False
2023-10-10 00:00:00+00:00,19.9163850712,19.9163850712,19.9163850712,19.9163850712,100,,,,,,,,,,,,,,,,,,#000000,,19.99771305987893,,52.187286732664866,9.55727726297264,False,False,False,False,False,,0.0,0.0,0.0,0.0,0,,,False,False,False,False,,,False,False,False,False,5400,1287.792104071886,False,False,False,False,1831.6388667675644,False,False,False,False
2023-10-11 00:00:00+00:00,19.9163850712,19.9163850712,19.9163850712,19.9163850712,0,,,,,,,,,,,,,,,,,,#000000,,19.99771305987893,,47.26254762770964,5.302338605983387,False,False,False,True,False,,0.0,0.0,0.0,0.0,0,,,False,False,False,False,,,False,False,False,False,5400,1449.055158814165,False,False,False,False,1759.809891600209,False,False,False,False
2023-10-12 00:00:00+00:00,19.9163850712,19.9163850712,19.9163850712,19.9163850712,0,,,,,,,,,,,,,,,,,,#000000,,19.99771305987893,,43.97938822440615,2.5345874924239666,False,False,False,True,False,,0.0,0.0,0.0,0.0,0,,,False,False,False,False,,,False,False,False,False,5400,1603.9941721940017,False,False,False,False,1690.7977389884363,False,False,False,False
2023-10-13 00:00:00+00:00,19.9163850712,19.9163850712,19.9163850712,19.9163850712,0,,,,,,,,,,,,,,,,,,#000000,,19.99771305987893,,41.79061528887049,0.6484903008380485,False,False,False,True,False,,0.0,0.0,0.0,0.0,0,,,False,False,False,False,,,False,False,False,False,5400,1752.8571458334527,False,False,False,False,1624.4919453026152,False,False,False,False
2023-10-16 00:00:00+00:00,22.8125594003,22.8125594003,21.9080235783,21.9080235783,5200,,,,,,,,,,,,,,,,,,#000000,,21.968192033227186,,52.43067221670473,-7.278013611103901,False,False,False,False,True,,0.0,0.0,0.0,0.0,0,,,False,False,False,False,,,False,False,False,False,10600,2099.803924428219,False,False,False,False,1764.7079474476109,False,False,False,False
2023-10-17 00:00:00+00:00,22.8125594003,22.8125594003,22.8125594003,22.8125594003,100,,,,,,,,,,,,,,,,,,#000000,,21.976203833092445,,59.52404350192755,-1.0969117265445973,False,False,True,False,True,,0.0,0.0,0.0,0.0,0,,,False,False,False,False,,,False,False,False,False,10600,2433.1449469996614,False,False,False,False,1699.4252828418223,False,False,False,False
2023-10-18 00:00:00+00:00,22.8125594003,22.8125594003,22.8125594003,22.8125594003,0,,,,,,,,,,,,,,,,,,#000000,,21.976203833092445,,64.25295769207611,2.899432398088365,False,False,True,False,True,,0.0,0.0,0.0,0.0,0,,,False,False,False,False,,,False,False,False,False,10600,2753.413772607518,False,False,False,False,1632.7811541029273,False,False,False,False
2023-10-19 00:00:00+00:00,22.8125594003,22.8125594003,22.8125594003,22.8125594003,0,,,,,,,,,,,,,,,,,,#000000,,21.976203833092445,,67.40556715217514,5.595970893626301,False,False,True,False,True,,0.0,0.0,0.0,0.0,0,,,False,False,False,False,,,False,False,False,False,10600,3061.123036426831,False,False,False,False,1568.7505206086948,False,False,False,False
2023-10-20 00:00:00+00:00,22.8125594003,22.8125594003,22.8125594003,22.8125594003,0,,,,,,,,,,,,,,,,,,#000000,,21.976203833092445,,69.50730679224117,7.533893956590205,False,False,True,False,True,,0.0,0.0,0.0,0.0,0,,,False,False,False,False,,,False,False,False,False,10600,3356.765270292445,False,False,False,False,1507.2308923495304,False,False,False,False
2023-10-23 00:00:00+00:00,22.8125594003,22.8125594003,22.8125594003,22.8125594003,0,,,,,,,,,,,,,,,,,,#000000,,21.976203833092445,,70.90846655228518,9.037123692411043,False,False,True,False,True,,0.0,0.0,0.0,0.0,0,,,False,False,False,False,,,False,False,False,False,10600,3640.81369106529,False,False,False,False,1448.123798531902,False,False,False,False
2023-10-24 00:00:00+00:00,22.8125594003,22.8125594003,22.8125594003,22.8125594003,0,,,,,,,,,,,,,,,,,,#000000,,21.976203833092445,,71.84257305898119,10.294029441723907,False,False,True,False,True,,0.0,0.0,0.0,0.0,0,,,False,False,False,False,,,False,False,False,False,10600,3913.7229580823378,False,False,False,False,1391.3346299620234,False,False,False,False
2023-10-25 00:00:00+00:00,22.8125594003,22.8125594003,22.8125594003,22.8125594003,0,,,,,,,,,,,,,,,,,,#000000,,21.976203833092445,,72.46531073011187,11.409831325890323,False,False,True,False,True,,0.0,0.0,0.0,0.0,0,,,False,False,False,False,,,False,False,False,False,10600,4175.929900902638,False,False,False,False,1336.7724876105715,False,False,False,False
2023-10-26 00:00:00+00:00,22.8125594003,22.8125594003,22.8125594003,22.8125594003,0,,,,,,,,,,,,,,,,,,#000000,,21.976203833092445,,72.88046917753232,12.439895589640045,False,False,True,False,True,,0.0,0.0,0.0,0.0,0,,,False,False,False,False,,,False,False,False,False,10600,4427.8542185143,False,False,False,False,1284.3500371160394,False,False,False,False
2023-10-27 00:00:00+00:00,22.8125594003,22.8125594003,22.8125594003,22.8125594003,0,,,,,,,,,,,,,,,,,,#000000,,21.976203833092445,,73.15724147581261,13.410637390733754,False,False,True,False,True,19.13666287013517,0.0,0.0,0.0,0.0,0,,,False,False,False,False,0.3428282373825595,0.3428282373825595,False,False,False,False,10600,4669.899151121583,False,False,False,False,1233.9833689938419,False,False,False,False
2023-10-30 00:00:00+00:00,24.0988259361,24.0988259361,24.0988259361,24.0988259361,400,,,,,,,,,,,,,,,,,,#000000,,22.079927092918368,,76.85144121585185,17.54964942064234,False,False,True,False,True,20.0,0.0,0.0,0.0,0.0,0,1.0980347120817275,0.9017863135263664,False,False,False,False,0.3428282412707618,0.3428282393266606,False,False,False,False,11000,4918.138400097207,False,False,False,False,1201.2781388372207,False,False,False,False
2023-10-31 00:00:00+00:00,24.0988259361,24.0988259361,24.0988259361,24.0988259361,0,,,,,,,,,,,,,,,,,,#000000,,22.079927092918368,,79.31424104254467,20.374496457386954,True,False,True,False,True,20.0,0.0,0.0,0.0,0.0,0,1.2169061832850432,0.8772492068026486,False,False,False,False,0.3428282412707618,0.3428282402987112,False,False,False,False,11000,5156.642776563983,False,False,False,False,1154.1691922161533,False,False,False,False
2023-11-01 00:00:00+00:00,24.0988259361,24.0988259361,24.0988259361,24.0988259361,0,,,,,,,,,,,,,,,,,,#000000,,22.079927092918368,,80.95610759367321,22.379288708045152,True,False,True,False,True,20.0,0.0,0.0,0.0,0.0,0,1.1107539002525775,0.8772492068026486,False,False,False,False,0.3428282412707618,0.3428282407847365,False,False,False,False,11000,5385.79404022814,False,False,False,False,1108.9076552665003,False,False,False,False
2023-11-02 00:00:00+00:00,24.0988259361,24.0988259361,24.0988259361,24.0988259361,0,,,,,,,,,,,,,,,,,,#000000,,22.079927092918368,,82.05068529442559,23.8729283052312,True,False,True,False,True,20.0,0.0,0.0,0.0,0.0,0,1.1107539002525775,0.8772492068026486,False,False,False,False,0.3428282412707618,0.3428282410277491,False,False,False,False,11000,5605.958979827036,False,False,False,False,1065.421080550167,False,False,False,False
2023-11-03 00:00:00+00:00,25.3187045217,25.3187045217,24.3726762308,24.3726762308,1000,,,,,,,,,,,,,,,,,,#000000,,22.664247644182495,,84.65783719468348,26.767103780468588,True,False,True,False,True,20.0,0.0,0.0,0.0,0.0,0,1.106689368718346,0.8268600561227866,False,False,False,False,0.34282824280914515,0.34282824191844713,False,False,False,False,12000,5856.705686500486,False,False,False,False,1062.8555479795723,False,True,False,False
2023-11-06 00:00:00+00:00,25.3187045217,25.3187045217,25.3187045217,25.3187045217,100,,,,,,,,,,,,,,,,,,#000000,,22.93412136608323,,86.39593846152206,28.778872241423485,True,False,True,False,True,20.0,0.0,0.0,0.0,0.0,0,1.1615833221064173,0.8268600561227866,False,False,False,False,0.3428282436100606,0.34282824276425383,False,False,False,False,12000,6097.619188990664,False,False,False,False,1025.096506882334,False,True,False,False
2023-11-07 00:00:00+00:00,25.3187045217,25.3187045217,25.3187045217,25.3187045217,0,,,,,,,,,,,,,,,,,,#000000,,22.93412136608323,,87.55467263941446,30.24267707318613,True,False,True,False,True,20.0,0.0,0.0,0.0,0.0,0,1.165957886629201,0.8221726178024925,False,False,False,False,0.3428282436100606,0.3428282431871572,False,False,False,False,12000,6329.085103147893,False,False,False,False,984.8966438673407,False,True,False,False
2023-11-08 00:00:00+00:00,24.5776490272,24.8124964012,24.5776490272,24.8124964012,2500,,,,,,,,,,,,,,,,,,#000000,,23.33685878375246,,81.61129875184592,30.24267707318613,True,False,True,False,False,20.0,0.0,0.0,0.0,0.0,0,1.1737568668476484,0.819656933791013,False,False,False,False,0.2768128857598886,0.3098205644735229,False,False,False,False,9500,6453.4347069460155,False,False,False,False,1044.312461754896,False,False,False,False
2023-11-09 00:00:00+00:00,22.2399633295,23.1279021639,21.7337552089,23.1279021639,5100,,,,,,,,,,,,,,,,,,#000000,,22.76033144269705,,67.47995653980489,25.900312216758124,True,False,True,False,False,5.974228378529293,0.0,0.0,0.0,0.0,0,1.0616243265731466,0.8562009280175463,False,False,False,False,0.051983815459172945,0.18090218996634794,False,False,False,False,4400,6372.907855693231,False,False,False,False,1203.359031882155,False,False,False,False
2023-11-10 00:00:00+00:00,22.4889181429,22.4889181429,22.3644407362,22.3644407362,2400,,,,,,,,,,,,,,,,,,#000000,,22.690874003049792,,59.04692145126725,18.65005111826767,False,False,True,False,False,7.349833417698509,0.0,0.0,0.0,0.0,0,1.086619747403029,0.8842230758952816,False,False,False,False,0.05158322745244461,0.11624270870939628,False,False,False,False,6800,6389.656567234673,False,False,False,False,1250.28612867109,False,False,False,False
2023-11-13 00:00:00+00:00,22.5138136242,22.5138136242,22.5138136242,22.5138136242,200,,,,,,,,,,,,,,,,,,#000000,,22.68722679837145,,53.52771305341145,14.145393978127046,False,True,False,False,False,7.487124717237705,0.0,0.0,0.0,0.0,0,1.0979105749523812,0.8780551108829693,False,False,False,False,0.059999248861949434,0.08812097878567285,False,False,False,False,7000,6413.591603813706,False,False,False,False,1209.098437350655,False,False,False,False
2023-11-14 00:00:00+00:00,22.1569783917,22.4965489417,22.0720857542,22.4965489417,700,,,,,,,,,,,,,,,,,,#000000,,22.663071435528323,,48.74940961470988,10.174896395932933,False,True,False,True,False,5.10930866173458,0.0,0.0,0.0,0.0,0,1.0749440313370617,0.8793925616676288,False,False,False,False,0.03784806394865225,0.06298452136716255,False,False,False,False,6300,6409.1370311151295,False,False,False,False,1189.1337927486686,False,False,False,False
2023-11-15 00:00:00+00:00,22.1569783917,22.1569783917,22.1569783917,22.1569783917,0,,,,,,,,,,,,,,,,,,#000000,,22.663071435528323,,45.56387398890884,7.498423728711515,False,True,False,True,False,5.109308661734602,0.0,0.0,0.0,0.0,0,1.079447210415205,0.8967820757446118,False,False,False,False,0.025574576383369296,0.044279548875265924,False,False,False,False,6300,6404.857147541988,False,False,False,False,1142.501094993819,False,False,False,False
2023-11-16 00:00:00+00:00,21.8428756329,22.3267636667,21.8428756329,22.3267636667,600,,,,,,,,,,,,,,,,,,#000000,,22.63550164754576,,42.44302268764067,4.659644042123688,False,True,False,True,False,3.0472474553769295,0.0,0.0,0.0,0.0,0,1.0661107005892334,0.8962009575949247,False,False,False,False,0.018623254748441658,0.03145140181185379,False,False,False,False,5700,6377.215690775636,False,False,False,False,1121.2265422489634,False,False,False,False
2023-11-17 00:00:00+00:00,21.8428756329,21.8428756329,21.8428756329,21.8428756329,100,,,,,,,,,,,,,,,,,,#000000,,22.630144216714015,,40.362455153461894,2.608989608363302,False,True,False,True,False,3.0472474553769295,0.0,0.0,0.0,0.0,0,1.07010768022672,0.9033493920337933,False,False,False,False,-0.004674832148620111,0.013388284831616838,False,False,False,False,5700,6350.658212706004,False,False,False,False,1081.1784425529256,False,False,False,False
2023-11-20 00:00:00+00:00,22.3734546173,22.3734546173,22.3734546173,22.3734546173,300,,,,,,,,,,,,,,,,,,#000000,,22.62410150786529,,41.845356882400466,2.608989608363302,False,True,False,True,False,6.1637117426019294,0.0,0.0,0.0,0.0,0,1.0730919162404946,0.8992353174543287,False,False,False,False,0.04644607180662766,0.02991717831912225,False,False,False,False,6000,6336.906910246945,False,False,False,False,1050.5439938253598,False,False,False,False
2023-11-21 00:00:00+00:00,22.3734546173,22.3734546173,22.3734546173,22.3734546173,0,,,,,,,,,,,,,,,,,,#000000,,22.62410150786529,,42.83395803502618,2.608989608363302,False,True,False,True,False,6.16371174260194,0.0,0.0,0.0,0.0,0,1.0731819227404167,0.8991112342881159,False,False,False,False,0.04644607180662766,0.03818162506287495,False,False,False,False,6000,6323.694874550986,False,False,False,False,1009.346190145934,False,False,False,False
2023-11-22 00:00:00+00:00,22.3734546173,22.3734546173,22.3734546173,22.3734546173,0,,,,,,,,,,,,,,,,,,#000000,,22.62410150786529,,43.493025470109984,2.608989608363302,False,True,False,True,False,6.1637117426019294,0.0,0.0,0.0,0.0,0,1.1001749278300732,0.8977186748909478,False,False,False,False,0.033596173928033206,0.03588889949545408,False,False,False,False,6000,6311.000957901928,False,False,False,False,969.7639866107993,False,False,False,False
2023-11-24 00:00:00+00:00,22.3734546173,22.3734546173,22.3734546173,22.3734546173,0,,,,,,,,,,,,,,,,,,#000000,,22.62410150786529,,43.932403760165855,2.608989608363302,False,True,False,True,False,6.1637117426019294,0.0,0.0,0.0,0.0,0,1.093662744563202,0.9214681208186754,False,False,False,False,0.017469278332149226,0.026679088913801656,False,False,False,False,6000,6298.804841905774,False,False,False,False,931.7340263515523,False,False,False,False
2023-11-27 00:00:00+00:00,22.3734546173,22.3734546173,22.3734546173,22.3734546173,0,,,,,,,,,,,,,,,,,,#000000,,22.62410150786529,,44.2253226202031,2.608989608363302,False,True,False,True,False,6.1637117426019294,0.0,0.0,0.0,0.0,0,1.0488203616923706,0.9214681208186754,False,False,False,False,0.017469278332149226,0.02207418362297544,False,False,False,False,6000,6287.087004968293,False,False,False,False,895.195437082864,False,False,False,False
2023-11-28 00:00:00+00:00,22.4371240955,22.4371240955,20.9939492577,20.9939492577,1100,,,,,,,,,,,,,,,,,,#000000,,22.57824976992625,,44.88820383712087,2.608989608363302,False,True,False,True,False,6.557255498571472,0.0,0.0,0.0,0.0,0,0.9610794774106148,0.9244735224272304,False,False,False,False,-0.05239474865627591,-0.015160282516650234,False,False,False,False,7100,6318.965945949928,False,False,False,False,903.2269885698106,False,False,False,False
2023-11-29 00:00:00+00:00,22.4371240955,22.4371240955,22.4371240955,22.4371240955,100,,,,,,,,,,,,,,,,,,#000000,,22.577080801052333,,45.330124648399384,2.608989608363302,False,True,False,True,False,6.557255498571461,0.0,0.0,0.0,0.0,0,1.0484096727087293,0.9244735224272304,False,False,False,False,0.024228469413150516,0.004534093448250141,False,False,False,False,7100,6349.594732383264,False,False,False,False,871.7278909788376,False,False,False,False
2023-11-30 00:00:00+00:00,20.4591256413,20.5015719601,20.3742330038,20.4591256413,800,,,,,,,,,,,,,,,,,,#000000,,22.483564774592022,,38.09772591882405,-3.6847891894776694,False,True,False,True,False,0.0,0.0,0.0,0.0,0.0,0,1.0361868353262924,0.9328552552107934,False,False,False,False,-0.20850471285371971,-0.10198530970273478,False,False,False,False,6300,6347.649840917254,False,False,False,False,868.9150325090793,False,False,False,False
2023-12-01 00:00:00+00:00,20.4591256413,20.4591256413,20.4591256413,20.4591256413,2000,,,,,,,,,,,,,,,,,,#000000,,22.285283092929653,,33.276126765773824,-8.417358537736618,False,True,False,True,False,0.0,0.0,0.0,0.0,0.0,0,1.044404565917165,0.9584857781863548,False,False,False,False,-0.2700738193023973,-0.18602956450256605,False,False,False,False,6300,6345.781219704812,False,False,False,False,913.2713057440174,False,False,False,False
2023-12-04 00:00:00+00:00,20.4591256413,20.4591256413,20.4591256413,20.4591256413,0,,,,,,,,,,,,,,,,,,"rgba(239, 83, 80, 1.0)",1.7744009561990144,22.285283092929653,-1.0291684330138695,30.061727330407006,-11.5328016195092,False,True,False,True,False,0.0,0.0,0.0,0.0,0.0,0,1.018721341358212,0.9648597403172582,False,False,False,False,-0.2700738193023973,-0.2280516919024817,False,False,False,False,6300,6343.985877755605,False,False,False,False,877.4567447344481,False,False,False,False
2023-12-05 00:00:00+00:00,20.4591256413,20.4591256413,20.4591256413,20.4591256413,0,,,,,,,,,,,,,,,,,,"rgba(239, 83, 80, 1.0)",1.7721261514275657,22.285283092929653,-1.0304895338057958,27.918794373495796,-13.66192244696191,False,True,False,True,False,0.0,0.0,0.0,0.0,0.0,0,1.007433335009324,0.9648597403172582,False,False,False,False,-0.2700738193023973,-0.2490627556024395,False,False,False,False,6300,6342.260941373032,False,False,False,False,843.0466763134893,False,False,False,False
2023-12-06 00:00:00+00:00,20.4591256413,20.4591256413,20.4591256413,20.4591256413,0,,,,,,,,,,,,,,,,,,"rgba(239, 83, 80, 1.0)",1.765721891100367,22.285283092929653,-1.0342271117744493,26.490172402221656,-15.195769807937651,False,True,False,True,False,0.0,0.0,0.0,0.0,0.0,0,1.007433335009324,0.9648597403172582,False,False,False,False,-0.2700738193023973,-0.25956828745241844,False,False,False,False,6300,6340.603649554482,False,False,False,False,809.9860223404114,False,False,False,False
2023-12-07 00:00:00+00:00,20.4591256413,20.4591256413,20.4591256413,20.4591256413,0,,,,,,,,,,,,,,,,,,"rgba(239, 83, 80, 1.0)",1.7592465967447635,22.285283092929653,-1.0380338123198287,25.537757754705563,-16.372835805171306,False,True,False,True,False,0.0,0.0,0.0,0.0,0.0,0,1.0075260117383318,0.9706554807418645,False,False,False,False,-0.2700738193023973,-0.2648210533774079,False,False,False,False,6300,6339.011349571953,False,False,False,False,778.2218646015717,False,False,False,False
2023-12-08 00:00:00+00:00,23.0992866681,23.0992866681,23.0398618218,23.0398618218,300,,,,,,,,,,,,,,,,,,#000000,1.7606792599853403,22.295921381682167,0.4562814503900738,38.54829546528981,-20.244608834519163,False,True,False,True,True,9.282832693500364,0.0,0.0,0.0,0.0,0,1.0119091362533053,0.9713827238875555,False,False,False,False,0.05528055880051827,-0.10477024728844482,False,False,False,False,6600,6349.246198608348,False,False,False,False,759.4680659897454,False,False,False,False
2023-12-11 00:00:00+00:00,21.1807130602,23.9736808345,20.7986961914,23.0907974043,31800,,,,,,,,,,,,,,,,,,"rgba(239, 83, 80, 0.5)",1.7417409349020274,22.098155796747218,-0.5267389186089406,40.76586732596995,-18.456127467571736,False,True,False,True,True,0.0,0.0,0.0,0.0,0.0,0,0.9065562240868876,0.9351613536122321,False,False,False,False,-0.028272274658190676,-0.06652126097331774,False,False,False,False,-25200,5112.020857486453,False,False,False,False,1976.7438281077946,False,False,False,False
2023-12-12 00:00:00+00:00,20.16200141,20.4081900588,19.8057070104,20.2214262563,37783,,,,,,,,,,,,,,,,,,"rgba(239, 83, 80, 0.5)",1.7283941655112423,21.285869722439596,-0.6502384322196368,39.998054686372924,-18.456127467571736,False,True,False,True,True,0.0,0.0,0.0,0.0,0.0,0,0.8693492860343027,1.0604337075970722,False,False,False,False,-0.31691954798851796,-0.19172040448091784,False,False,False,False,-62983,2441.627882683062,True,False,False,False,3380.91073680945,True,False,False,False
2023-12-13 00:00:00+00:00,20.3742330038,20.5567521745,19.5677529474,19.6950919037,53250,,,,,,,,,,,,,,,,,,#000000,1.7201488471157347,20.825163321633397,-0.262146103570918,40.163823235371,-18.456127467571736,False,True,False,True,True,0.0,0.0,0.0,0.0,0.0,0,0.864817642195644,1.0517517447373297,False,False,False,False,-0.3229583315973303,-0.25733936803912405,False,False,False,False,-9733,1964.1914951268634,False,False,False,False,5336.561296150256,False,False,False,False
2023-12-14 00:00:00+00:00,20.9769707302,21.1297774777,20.5015719601,20.5440182789,61312,,,,,,,,,,,,,,,,,,#000000,1.6961263314865629,20.85029170628828,0.0746872574053447,42.129862908441766,-16.816292404755657,False,True,False,True,True,0.0,0.0,0.0,0.0,0.0,0,0.9015273576055122,1.0218760439906862,False,False,False,False,-0.22379694290956567,-0.24056815547434485,False,False,False,False,51579,3909.8702600238494,False,False,False,False,7531.676539438482,False,False,False,False
2023-12-15 00:00:00+00:00,21.9447467979,22.2758280842,20.9345244114,21.223159379,78209,,,,,,,,,,,,,,,,,,"rgba(38, 166, 154, 0.5)",1.6709050781981472,21.099389338567693,0.5059278772699123,45.98997402334605,-12.883647373414725,False,True,False,True,True,2.578285233065216,0.0,0.0,0.0,0.0,0,0.9231822415246697,0.9768292115333548,False,False,False,False,-0.12431731150842001,-0.18244273349138243,False,False,False,False,129788,8846.267504728796,False,False,False,False,10303.336282989914,False,False,False,False
2023-12-18 00:00:00+00:00,22.8361194918,23.2436041519,22.4456133592,22.9210121293,87626,,,,,,,,,,,,,,,,,,"rgba(38, 166, 154, 0.5)",1.6503470864890708,21.51894365002891,0.7981204999569134,50.50163345538566,-8.451099302165169,False,False,False,False,True,6.2511175799961265,0.0,0.0,0.0,0.0,0,0.9637056077949286,0.9367082017623286,False,False,False,False,0.027747458722845057,-0.07734763738426868,False,False,False,False,217414,17025.394269249235,False,False,False,False,13335.597605225605,False,False,False,False
2023-12-19 00:00:00+00:00,22.8361194918,23.0568403493,22.5729523155,22.6408664255,36729,,,,,,,,,,,,,,,,,,"rgba(38, 166, 154, 0.5)",1.645964477256734,21.638076612323513,0.727866789369125,53.50940641007873,-5.500225517646534,False,False,True,False,True,6.2511175799961265,0.0,0.0,0.0,0.0,0,0.9670186250348092,0.9411426393586786,False,False,False,False,0.024115054147000752,-0.026616291618633964,False,False,False,False,217414,24883.770964572795,False,False,False,False,14252.985934432443,False,False,False,False
2023-12-20 00:00:00+00:00,22.7002912718,23.3200075256,22.657844953,23.0313725581,51653,,,,,,,,,,,,,,,,,,"rgba(38, 166, 154, 0.5)",1.6359386560357727,21.78088564769487,0.5620049509271006,55.06543370172625,-3.8631129260428523,False,False,True,False,True,5.602543512561532,0.0,0.0,0.0,0.0,0,0.9709798235580325,0.9328219873574929,False,False,False,False,0.045402742102490456,0.009393225241928246,False,False,False,False,165761,30408.368181648373,False,False,False,False,15719.653152689994,False,False,False,False
2023-12-21 00:00:00+00:00,23.719002922,23.7444707132,23.2605826794,23.3115182619,19458,,,,,,,,,,,,,,,,,,"rgba(38, 166, 154, 1.0)",1.637653568055146,21.854643958306422,1.1384330606061361,58.296599650101626,-0.5968863865133898,False,False,True,False,True,9.597913718014269,0.0,0.0,0.0,0.0,0,0.9735790581663953,0.9001439304978915,False,False,False,False,0.10854226819285669,0.058967746717392466,False,False,False,False,185219,36479.3733509955,False,False,False,False,15866.254989839406,False,False,False,False
2023-12-22 00:00:00+00:00,24.8480750009,27.5561501377,23.9269898839,23.9651915708,40626,,,,,,,,,,,,,,,,,,"rgba(38, 166, 154, 1.0)",1.674629246359045,22.358821682037046,1.4864504034400763,62.341652859600586,3.3824679670680737,True,False,True,False,True,13.59601982131515,0.0,0.0,0.0,0.0,0,0.9911687044576748,0.7973504494852774,False,False,False,False,0.3428282417006456,0.20089799420901902,False,False,False,False,225845,43905.47635683881,False,False,False,False,16837.225382394725,False,False,False,False
2023-12-26 00:00:00+00:00,24.2650323665,24.9584354297,23.7954062957,24.9584354297,28538,,,,,,,,,,,,,,,,,,"rgba(38, 166, 154, 1.0)",1.684975676489822,22.436482582051966,1.0852084157424222,63.07150845235176,4.254744301939844,True,False,True,False,True,10.831239268177793,0.0,0.0,0.0,0.0,0,0.9874913014429341,0.8832406773200437,False,False,False,False,0.173121609025828,0.1870098016174235,False,False,False,False,197307,49921.22238206082,False,False,False,False,17296.07928896748,False,False,False,False
2023-12-27 00:00:00+00:00,23.3879216357,23.6935351307,23.3115182619,23.4982820644,48859,,,,,,,,,,,,,,,,,,"rgba(38, 166, 154, 0.5)",1.6538601500955044,22.48760064967463,0.5443755241175502,60.939085267549395,4.254744301939844,True,False,True,False,True,6.90751707592371,0.0,0.0,0.0,0.0,0,0.9592769232748639,0.9274046909201259,False,False,False,False,0.0699118790755026,0.12846084034646305,False,False,False,False,148448,53785.01758276432,False,False,False,False,18533.84088547856,False,False,False,False
2023-12-28 00:00:00+00:00,22.9295013931,23.0228832943,22.8191409643,22.9210121293,41830,,,,,,,,,,,,,,,,,,#000000,1.6144468956531126,22.49759710457765,0.267524617678816,58.281610048391826,4.254744301939844,False,False,True,False,False,4.9581269302957836,0.0,0.0,0.0,0.0,0,0.9225371564538627,0.9383775488156568,False,False,False,False,0.002219728735852128,0.06534028454115759,False,False,False,False,106618,55856.89924618533,False,False,False,False,19447.415752714693,False,False,False,False
2023-12-29 00:00:00+00:00,22.7512268543,22.8530980193,22.5050382055,22.7087805355,12713,,,,,,,,,,,,,,,,,,#000000,1.5712156485764777,22.49700105750443,0.16180197608514058,56.029322474374815,4.254744301939844,False,False,True,False,False,4.210035512416823,0.0,0.0,0.0,0.0,0,0.9113750265340245,0.9421085491192278,False,False,False,False,-0.025902657895593106,0.01971881332278224,False,False,False,False,93905,57348.98162868787,False,False,False,False,19183.321017314116,False,False,False,False
2024-01-02 00:00:00+00:00,23.3454753169,23.5067713282,23.0907974043,23.0907974043,40576,,,,,,,,,,,,,,,,,,"rgba(38, 166, 154, 0.5)",1.5419533663570224,22.540193873620844,0.5222475989541063,55.99431002166793,4.254744301939844,False,False,True,False,False,6.39332392012005,0.0,0.0,0.0,0.0,0,0.9209237670751197,0.9276518076596937,False,False,False,False,0.04615381360140762,0.03293631346209493,False,False,False,False,134481,60373.76666285697,False,False,False,False,20022.249604870427,False,False,False,False
2024-01-03 00:00:00+00:00,23.9991486258,24.3217406483,23.0907974043,23.2266256244,76439,,,,,,,,,,,,,,,,,,"rgba(38, 166, 154, 0.5)",1.5191143056107026,22.66692615852586,0.8769731562356458,57.42474877174896,4.254744301939844,False,False,True,False,False,8.688902888790775,0.0,0.0,0.0,0.0,0,0.9237844963009848,0.9063175661515342,False,False,False,False,0.0937490162968325,0.06334266487946372,False,False,False,False,210920,66277.54051921552,False,False,False,False,22234.671188993158,False,False,False,False
2024-01-04 00:00:00+00:00,24.1774231645,24.4787920277,24.0840412633,24.2877835933,37155,,,,,,,,,,,,,,,,,,"rgba(38, 166, 154, 0.5)",1.4961138516899415,22.742290156247087,0.959240506083044,58.76002339131009,4.254744301939844,True,False,True,False,False,9.30067442050882,0.0,0.0,0.0,0.0,0,0.9511688665587434,0.9006080221836624,False,False,False,False,0.16170885222801654,0.11252575855374013,False,False,False,False,248075,73406.85265571687,False,False,False,False,22819.782122758133,False,False,False,False
2024-01-05 00:00:00+00:00,24.6613111984,24.8777874241,23.5492176469,23.5492176469,65369,,,,,,,,,,,,,,,,,,"rgba(38, 166, 154, 1.0)",1.4792244031445358,22.867763163497077,1.2124921892109117,60.66914293204424,4.254744301939844,True,False,True,False,True,10.937625011324595,0.0,0.0,0.0,0.0,0,0.9380542546710756,0.8931584837421095,False,False,False,False,0.15361861626286738,0.13307218740830376,False,False,False,False,313444,82820.07412019857,False,False,False,False,24488.378902257813,False,False,False,False
2024-01-08 00:00:00+00:00,24.0500842083,24.1348919532,23.7614492407,23.922745252,49459,,,,,,,,,,,,,,,,,,"rgba(38, 166, 154, 0.5)",1.4467552940873358,22.92814581518074,0.7754859427191634,59.80954103498112,4.254744301939844,True,False,True,False,True,8.263624198265305,0.0,0.0,0.0,0.0,0,0.931018633318202,0.9016688729071674,False,False,False,False,0.12219151505149943,0.1276318512299016,False,False,False,False,263985,89924.58101744569,False,False,False,False,25467.618945306527,False,False,False,False
2024-01-09 00:00:00+00:00,24.1689339008,24.5085044509,23.5577069107,24.2538265383,40733,,,,,,,,,,,,,,,,,,"rgba(38, 166, 154, 0.5)",1.4256093075378198,22.97752200074997,0.8357211851455459,59.52671998310473,4.254744301939844,True,False,True,False,True,8.67310853575579,0.0,0.0,0.0,0.0,0,0.9273525451863229,0.8942356083262761,False,False,False,False,0.1322225811524033,0.12992721619115244,False,False,False,False,304718,98347.85235009488,False,False,False,False,26066.261339608234,False,False,False,False
2024-01-10 00:00:00+00:00,23.752959977,23.9142559882,23.5322391194,23.786917032,49088,,,,,,,,,,,,,,,,,,"rgba(38, 166, 154, 0.5)",1.430286151646585,23.013764682875735,0.516816368020681,57.88251302331616,4.254744301939844,False,False,True,False,True,6.878836420428232,0.0,0.0,0.0,0.0,0,0.9212491102491096,0.9048539950313795,False,False,False,False,0.09573987563068119,0.11283354591091682,False,False,False,False,255630,104515.77970891469,False,False,False,False,26969.07462040791,False,False,False,False
2024-01-11 00:00:00+00:00,22.9210121293,23.2605826794,22.5389952605,22.9804369756,109725,,,,,,,,,,,,,,,,,,#000000,1.4272000194665893,22.998210842677818,-0.0540910260123672,54.236587489892415,10.245746240441619,False,False,True,False,False,3.4458181028533232,0.0,0.0,0.0,0.0,1,0.8964640802631172,0.9088911427697908,False,False,False,False,-0.00024664258101611493,0.05629345166495035,False,False,False,False,145905,106138.88638699647,False,False,False,False,30214.40502745074,False,False,False,False
2024-01-12 00:00:00+00:00,24.0415949445,24.5000151871,23.8657822922,23.9397237795,35453,,,,,,,,,,,,,,,,,,"rgba(38, 166, 154, 0.5)",1.4347060344449085,23.033803357151037,0.7024376862950062,54.8461935705284,10.245746240441619,False,False,True,False,False,7.34459799178488,0.0,0.0,0.0,0.0,1,0.9101604907945482,0.888052972641175,False,False,False,False,0.14997952659516736,0.10313648913005885,False,False,False,False,181358,109088.65554829073,False,False,False,False,30419.840124413455,False,False,False,False
2024-01-16 00:00:00+00:00,24.6188648796,24.9329676384,24.4406752335,24.7377145722,46611,,,,,,,,,,,,,,,,,,"rgba(38, 166, 154, 1.0)",1.452944999504421,23.098786795643864,1.0462048353341753,56.55258868946197,10.245746240441619,False,False,True,False,False,9.228424262547207,0.0,0.0,0.0,0.0,1,0.9164448028796446,0.8700702170546275,False,False,False,False,0.21048057968139003,0.15680853440572445,False,False,False,False,227969,113750.62984051462,False,False,False,False,31054.787570514887,False,False,False,False
2024-01-17 00:00:00+00:00,24.4915259234,24.6188648796,24.1179983183,24.2538265383,33263,,,,,,,,,,,,,,,,,,"rgba(38, 166, 154, 0.5)",1.46614662687427,23.134863514558145,0.925325191883552,57.26872742319806,10.245746240441619,True,False,True,False,True,8.70381027188272,0.0,0.0,0.0,0.0,1,0.9096319596405203,0.8792691059437387,False,False,False,False,0.17210537419309338,0.16445695429940893,False,False,False,False,194706,116925.3502389258,False,False,False,False,31141.38413637705,False,False,False,False
2024-01-18 00:00:00+00:00,24.2453372746,24.6358434071,24.0755519995,24.6358434071,31763,,,,,,,,,,,,,,,,,,"rgba(38, 166, 154, 0.5)",1.4741172479097546,23.1651174316221,0.7327909937351411,56.90640612421715,10.245746240441619,True,False,True,False,True,7.687787995681692,0.0,0.0,0.0,0.0,1,0.9071159260550858,0.9002110171562216,False,False,False,False,0.17058168101771937,0.16751931765856415,False,False,False,False,162943,118729.96395504638,False,False,False,False,31165.76122906815,False,False,False,False
2024-01-19 00:00:00+00:00,24.058573472,24.1859124283,23.786917032,24.1859124283,46690,,,,,,,,,,,,,,,,,,"rgba(38, 166, 154, 0.5)",1.4785119271093758,23.1954397305101,0.583785443772107,56.01736669904419,10.245746240441619,True,False,True,False,True,6.918061781202759,0.0,0.0,0.0,0.0,1,0.8766055166307669,0.910846352886628,False,False,False,False,0.12670510501499394,0.14711221133677904,False,False,False,False,116253,118632.82811367202,False,False,False,False,31774.554906359597,False,False,False,False
2024-01-22 00:00:00+00:00,23.5294376624,23.9821700983,23.5152605919,23.854831142,25966,,,,,,,,,,,,,,,,,,#000000,1.4765415381897427,23.20462296303585,0.21998344845914541,53.666032163164346,8.543259234352071,False,False,False,False,False,4.771270693580394,0.0,0.0,0.0,0.0,1,0.8698441597741092,0.9150755941370758,False,False,False,False,0.09872758892160306,0.12291990012919105,False,False,False,False,90287,117521.22701117508,False,False,False,False,31546.76843944354,False,False,False,False
2024-01-23 00:00:00+00:00,23.9651915708,23.9821700983,22.9889262393,23.2945397344,68698,,,,,,,,,,,,,,,,,,"rgba(38, 166, 154, 0.5)",1.4783691895127617,23.22579083970738,0.5001461991617328,53.476120756760366,8.152413891922286,False,False,False,False,False,6.284527767236522,0.0,0.0,0.0,0.0,1,0.863658199362268,0.9155877829272525,False,False,False,False,0.0679293971466961,0.09542464863794357,False,False,False,False,158985,119147.25732446233,False,False,False,False,33003.679481033985,False,False,False,False
2024-01-24 00:00:00+00:00,24.6528219346,24.8650535284,24.1944016921,24.1944016921,65614,,,,,,,,,,,,,,,,,,"rgba(38, 166, 154, 0.5)",1.4894712406333357,23.28685324854273,0.917082954536569,55.27636386912339,8.152413891922286,True,False,True,False,False,8.58876473194795,0.0,0.0,0.0,0.0,1,0.9164631100050616,0.8883351246900005,False,False,False,False,0.19147663377278232,0.14345064120536294,False,False,False,False,224599,123282.61978232657,False,False,False,False,34282.515579816965,False,False,False,False
2024-01-25 00:00:00+00:00,24.2113802196,24.3811654946,23.9821700983,24.3217406483,61266,,,,,,,,,,,,,,,,,,"rgba(38, 166, 154, 0.5)",1.4926098612120913,23.323397825335004,0.5949192869085687,54.90524206382892,8.152413891922286,True,False,True,False,False,6.7920628834591845,0.0,0.0,0.0,0.0,1,0.8927645185370434,0.882001736618042,False,False,False,False,0.14983323853019667,0.1466419398677798,False,False,False,False,163333,124853.22292811768,False,False,False,False,35340.69143943199,False,False,False,False
2024-01-26 00:00:00+00:00,25.2300918697,25.5016634172,23.9111998533,24.0076378895,68825,,,,,,,,,,,,,,,,,,"rgba(38, 166, 154, 1.0)",1.482348990914319,23.391575796052734,1.2402720849921192,57.23857695865237,8.152413891922286,True,False,True,False,True,10.078090571782806,0.0,0.0,0.0,0.0,1,0.8921060221167489,0.8596459548853159,False,False,False,False,0.21286314562686415,0.17975254274732197,False,False,False,False,232158,129061.25340152484,False,False,False,False,36653.801579062114,False,False,False,False
2024-01-29 00:00:00+00:00,24.8650535284,25.1367099685,24.5169937146,25.1282207047,39919,,,,,,,,,,,,,,,,,,"rgba(38, 166, 154, 0.5)",1.4612898058835115,23.42739917572915,0.9838256223252236,57.50604900950283,8.152413891922286,True,False,True,False,True,8.605332485973918,0.0,0.0,0.0,0.0,1,0.9150391727005909,0.866996195567426,False,False,False,False,0.22754716347298848,0.2036498531101552,False,False,False,False,192239,131538.81209166112,False,False,False,False,36781.84857596164,False,False,False,False
2024-01-30 00:00:00+00:00,25.5102375736,25.5102375736,24.7377145722,24.7377145722,29396,,,,,,,,,,,,,,,,,,"rgba(38, 166, 154, 1.0)",1.4503242863305337,23.46013135152151,1.4135502255605643,59.19804634028394,5.072559685729615,True,False,True,False,True,10.615418400523126,0.0,0.0,0.0,0.0,1,0.9197350820437612,0.8527694889178811,False,False,False,False,0.2642096097294152,0.2339297314197852,False,False,False,False,221635,135071.99593120383,False,False,False,False,36492.207455335694,False,False,False,False
2024-01-31 00:00:00+00:00,25.0687958585,25.4422385709,24.8905213197,25.425344936,22656,,,,,,,,,,,,,,,,,,"rgba(38, 166, 154, 1.0)",1.4259452913369983,23.482929263948087,1.112151079137804,58.754836614479025,5.072559685729615,True,False,True,False,True,8.843217185443677,0.0,0.0,0.0,0.0,1,0.929257304268124,0.8571792079856577,False,False,False,False,0.26949674304185345,0.25171323723081934,False,False,False,False,198979,137578.15295350956,False,False,False,False,35949.61108453821,False,False,False,False
2024-02-01 00:00:00+00:00,24.5339722421,25.6375765298,23.5661961744,25.3828986173,103346,,,,,,,,,,,,,,,,,,"rgba(38, 166, 154, 0.5)",1.388875968488002,23.611289894793984,0.6643374701849668,56.69976386500049,5.072559685729615,True,False,True,False,False,6.751194997182935,0.0,0.0,0.0,0.0,1,0.9031473716707289,0.848680000899654,False,False,False,False,0.20018805714859475,0.22595064718970703,False,False,False,False,95633,135933.2449945484,False,False,False,False,38592.60672828181,False,False,False,False
2024-02-02 00:00:00+00:00,23.9651915708,24.2792943296,23.8123848232,23.854831142,78479,,,,,,,,,,,,,,,,,,#000000,1.3921148747148142,23.614636164824113,0.2518149991376967,53.639414956223256,7.73934549163895,True,False,False,False,False,4.5959458723163955,0.0,0.0,0.0,0.0,1,0.9033683524067097,0.8736802257775063,False,False,False,False,0.1337287235809237,0.17983968538531536,False,False,False,False,17154,131275.23538691906,False,False,False,False,40156.77901344723,False,False,False,False
2024-02-05 00:00:00+00:00,23.7699385045,23.956702307,23.5746854382,23.956702307,32656,,,,,,,,,,,,,,,,,,#000000,1.393762996678823,23.612309986210633,0.11309564012316183,51.04271158745325,5.3327311103883375,False,False,False,False,False,3.8676144781440627,0.0,0.0,0.0,0.0,1,0.8988060511267928,0.881634442801459,False,False,False,False,0.10072037099875068,0.14028002819203303,False,False,False,False,-15502,125519.26537174576,False,False,False,False,39862.630816841454,False,False,False,False
2024-02-06 00:00:00+00:00,23.5916639657,24.0840412633,23.5492176469,23.6425995482,35078,,,,,,,,,,,,,,,,,,#000000,1.3943425177384587,23.61061855279194,-0.013593924628134794,48.79069938993566,3.2812256283597065,False,False,False,False,False,3.2009375507484066,0.0,0.0,0.0,0.0,1,0.8994259100788586,0.8802491763255158,False,False,False,False,0.10670356811051829,0.12349179815127566,False,False,False,False,-50580,118613.41182775574,False,False,False,False,39674.998235788844,False,False,False,False
2024-02-07 00:00:00+00:00,23.8378526145,23.9482130433,23.3284967894,23.3539645806,34438,,,,,,,,,,,,,,,,,,#000000,1.396207387258758,23.614685025135845,0.1598384247216394,48.2034942741461,2.7574582069081686,False,False,False,True,False,4.0461104356591875,0.0,0.0,0.0,0.0,1,0.8960446817246805,0.8847328991244132,False,False,False,False,0.08579282453486337,0.1046423113430695,False,False,False,False,-16142,113328.88587372612,False,False,False,False,39469.62575595399,False,False,False,False
2024-02-08 00:00:00+00:00,24.1689339008,24.1689339008,23.5407283832,23.7699385045,35305,,,,,,,,,,,,,,,,,,#000000,1.400630566191404,23.62713390463293,0.3868257692250221,49.010482843136884,2.7574582069081686,False,False,False,False,False,5.1740457525334556,0.0,0.0,0.0,0.0,1,0.901890868256688,0.8816088295320146,False,False,False,False,0.11119594267028306,0.10791912700667627,False,False,False,False,19163,109636.10603554078,False,False,False,False,39306.30709885775,False,False,False,False
2024-02-09 00:00:00+00:00,23.7020243945,24.024616417,23.5746854382,23.5746854382,33467,,,,,,,,,,,,,,,,,,#000000,1.4013944234199658,23.62657189924412,0.05384101291893729,47.94094367906241,2.4322102168400974,False,False,False,True,False,3.381002330107165,0.0,0.0,0.0,0.0,1,0.9273252320596467,0.880818770094362,False,False,False,False,0.10470834423860921,0.10631373562264274,False,False,False,False,-14304,104775.70972042154,False,False,False,False,39077.314663608435,False,False,False,False
2024-02-12 00:00:00+00:00,24.5849078246,24.6613111984,24.2792943296,24.3217406483,21760,,,,,,,,,,,,,,,,,,"rgba(38, 166, 154, 0.5)",1.4101300626452378,23.643864488962052,0.6673450631019525,50.215619723667274,2.4322102168400974,False,False,False,False,True,6.343664951364929,0.0,0.0,0.0,0.0,1,0.9011371705264029,0.8684136346274575,False,False,False,False,0.184324072963517,0.14531890429307986,False,False,False,False,7456,100959.25051569912,False,False,False,False,38398.204284643405,False,False,False,False
2024-02-13 00:00:00+00:00,24.2113802196,24.4151225496,23.8463418782,24.4151225496,49080,,,,,,,,,,,,,,,,,,#000000,1.4142103876625864,23.659559217953888,0.39019724820305096,50.42750229002024,2.4322102168400974,False,False,False,False,True,4.916469313465186,0.0,0.0,0.0,0.0,1,0.8880300377679538,0.8662981681511597,False,False,False,False,0.14378544146935987,0.14455217288121985,False,False,False,False,-41624,95367.75049547563,False,False,False,False,38817.098234265235,False,False,False,False
2024-02-14 00:00:00+00:00,24.8565642647,25.3489415623,24.4151225496,24.6613111984,62265,,,,,,,,,,,,,,,,,,"rgba(38, 166, 154, 0.5)",1.425967647646324,23.71127003695569,0.8031698542633233,52.527309984843875,-1.9019569407081107,False,False,False,False,True,7.018717411213643,0.0,0.0,0.0,0.0,1,0.896628062347341,0.8446107387592328,False,False,False,False,0.23430782893195834,0.1894300009065891,False,False,False,False,20641,92437.2896917315,False,False,False,False,39736.62379370581,False,False,False,False
2024-02-15 00:00:00+00:00,25.1706670235,25.2272904127,24.1519553733,24.1944016921,88102,,,,,,,,,,,,,,,,,,"rgba(38, 166, 154, 0.5)",1.4422367423045048,23.768883888060547,0.9719507861099048,54.79508469414714,0.3053709298383751,True,False,True,False,True,8.016866719855344,0.0,0.0,0.0,0.0,1,0.8934920776722459,0.8505677071567148,False,False,False,False,0.21082080149520224,0.20012540120089567,False,False,False,False,108743,93076.7293116636,False,False,False,False,41633.30521356048,False,False,False,False
2024-02-16 00:00:00+00:00,25.6121087386,25.7054906398,25.3659200898,25.425344936,42886,,,,,,,,,,,,,,,,,,"rgba(38, 166, 154, 1.0)",1.4643318799938239,23.813082724366378,1.2285643977383116,57.46062048741358,2.8315160402045265,True,False,True,False,True,9.398196824727584,0.0,0.0,0.0,0.0,1,0.9154415267458561,0.8441140449815516,False,False,False,False,0.3162102732642952,0.2581678372325954,False,False,False,False,151629,95372.89678963758,False,False,False,False,41682.43049930321,False,False,False,False
2024-02-20 00:00:00+00:00,25.5272161011,25.9007437061,25.3871432492,25.8922544424,34441,,,,,,,,,,,,,,,,,,"rgba(38, 166, 154, 1.0)",1.484078993377547,23.846950706421353,1.1321940423498666,58.867506979100966,4.152949140215242,True,False,True,False,True,9.05803791777684,0.0,0.0,0.0,0.0,1,0.9167470955624674,0.8417879385815419,False,False,False,False,0.33014904832427777,0.2941584427784366,False,False,False,False,117188,96228.39103318121,False,False,False,False,41398.45283266387,False,False,False,False
2024-02-21 00:00:00+00:00,25.2640489248,25.9686578161,24.8906062123,25.1451992322,54651,,,,,,,,,,,,,,,,,,"rgba(38, 166, 154, 0.5)",1.4984317399701552,23.88939279364365,0.9173965650138518,58.63609708663509,4.152949140215242,True,False,True,False,True,7.999852871348001,0.0,0.0,0.0,0.0,1,0.9087076153897055,0.843816586414828,False,False,False,False,0.30266473908175184,0.29841159093009423,False,False,False,False,62537,94907.16001227214,False,False,False,False,41918.16056471627,False,False,False,False
2024-02-22 00:00:00+00:00,24.8650535284,25.1451992322,24.2877835933,24.4575688684,40121,,,,,,,,,,,,,,,,,,"rgba(38, 166, 154, 0.5)",1.5063362301459675,23.90466893665633,0.6375632295922462,56.80192468068917,4.152949140215242,True,False,True,False,True,6.414255504625782,0.0,0.0,0.0,0.0,1,0.8908557847437688,0.8541193206466186,False,False,False,False,0.21408629393364828,0.25624894243187124,False,False,False,False,22416,92064.36942355559,False,False,False,False,41847.68367982544,False,False,False,False
2024-02-23 00:00:00+00:00,24.7886501547,24.9414569022,24.1179983183,24.3641869671,48709,,,,,,,,,,,,,,,,,,"rgba(38, 166, 154, 0.5)",1.4981489997956305,23.91847513367476,0.5808334292142802,55.26173902098307,4.152949140215242,True,False,True,False,False,6.111482946423266,0.0,0.0,0.0,0.0,1,0.9298124760810129,0.8698995863169203,False,False,False,False,0.19147663377278232,0.2238627881023268,False,False,False,False,-26293,87422.90395596517,False,False,False,False,42116.754908067574,False,False,False,False
2024-02-26 00:00:00+00:00,26.5034814325,26.5374384875,24.9159891109,24.9159891109,138029,,,,,,,,,,,,,,,,,,"rgba(0, 255, 255, 0.75)",1.5253682530981512,24.155359832730355,1.5393801431230867,59.12418130897101,4.298607158917157,True,False,True,False,True,11.518365538683916,0.0,0.0,0.0,0.0,0,0.9656194803046273,0.7747558001427917,False,False,False,False,0.34089203174907456,0.2823774099257007,False,False,False,False,111736,88376.35870279006,False,False,False,False,45878.01942147669,False,False,False,False
2024-02-27 00:00:00+00:00,25.6970013761,25.8498081236,25.2470703973,25.4677912548,272110,,,,,,,,,,,,,,,,,,"rgba(38, 166, 154, 0.5)",1.5325783795603296,24.29273587962847,0.9162764627244648,58.64746080575816,4.298607158917157,True,False,True,False,True,8.377877812347489,0.0,0.0,0.0,0.0,0,0.9640219097123719,0.7798962039117889,False,False,False,False,0.3140568025718864,0.29821710624879355,False,False,False,False,-160374,78621.44267522967,False,False,False,False,54749.861797105055,False,False,False,False
2024-02-28 00:00:00+00:00,25.5951302111,26.0073688588,25.493259046,25.6290872661,53751,,,,,,,,,,,,,,,,,,"rgba(38, 166, 154, 0.5)",1.547983261655341,24.32051685487736,0.823402544327014,57.970528017919705,4.298607158917157,True,False,True,False,True,7.989598704019439,0.0,0.0,0.0,0.0,0,0.9519115927851324,0.7903183548700392,False,False,False,False,0.342828236547288,0.3205226713980408,False,False,False,False,-214125,67141.1900212991,False,False,False,False,54710.69074623819,False,False,False,False
2024-02-29 00:00:00+00:00,24.8141179459,25.7309584311,24.7122467809,25.2046240785,121994,,,,,,,,,,,,,,,,,,#000000,1.5511799387569958,24.345089703872226,0.3023686874158655,54.95158031767871,4.298607158917157,False,False,True,False,False,5.072461399298135,0.0,0.0,0.0,0.0,0,0.9255620507283859,0.8193541579120641,False,False,False,False,0.2198570000799279,0.27018983573898436,False,False,False,False,-336119,51327.06492242463,False,False,False,False,57349.25189344454,False,False,False,False
2024-03-01 00:00:00+00:00,25.153688496,25.3744093535,24.6655558303,25.2810274523,85371,,,,,,,,,,,,,,,,,,"rgba(38, 166, 154, 0.5)",1.5604783251968894,24.361629912913717,0.5075742291943389,53.97931052472829,8.866972984899114,False,False,True,False,False,6.146221039272408,0.0,0.0,0.0,0.0,0,0.9016674375192895,0.849287529324089,False,False,False,False,0.17481357949198936,0.22250170761548688,False,False,False,False,-250748,39480.983945074644,False,False,False,False,58448.143976054555,False,False,False,False
2024-03-04 00:00:00+00:00,25.1451992322,25.153688496,24.6103756159,25.1282207047,59342,,,,,,,,,,,,,,,,,,#000000,1.5689919955744152,24.370660088977694,0.49365398001201627,53.302038419801235,8.111124504447048,False,True,False,False,False,6.114447105799851,0.0,0.0,0.0,0.0,1,0.897837460823588,0.8502177997717598,False,False,False,False,0.14440467964831535,0.1834531936319011,False,False,False,False,-310090,25772.317908012894,False,False,False,False,58483.19715346418,False,False,False,False
2024-03-05 00:00:00+00:00,25.5187268373,25.9262114974,25.4083664085,25.493259046,66841,,,,,,,,,,,,,,,,,,"rgba(38, 166, 154, 0.5)",1.578892769588178,24.398245680206045,0.7096626057678446,54.05319476851646,8.111124504447048,False,True,True,False,False,7.304561441880885,0.0,0.0,0.0,0.0,1,0.907828535449784,0.8449124339866091,False,False,False,False,0.3229348323912203,0.2531940130115607,False,False,False,False,-243249,15222.462303777093,False,False,False,False,58810.95412783814,False,False,False,False
2024-03-06 00:00:00+00:00,25.7224691673,26.0110192423,25.5187268373,25.5187268373,37651,,,,,,,,,,,,,,,,,,"rgba(38, 166, 154, 0.5)",1.591013593935307,24.41517390475369,0.8216744769054867,55.192615193982874,8.111124504447048,False,False,True,False,False,7.949318674902141,0.0,0.0,0.0,0.0,1,0.9082015575288708,0.8627333323410438,False,False,False,False,0.34282823041330684,0.29801112171243377,False,False,False,False,-205598,6562.836331079951,False,False,False,False,57981.15200517781,False,False,False,False
2024-03-07 00:00:00+00:00,25.7139799036,25.9856363436,25.5187268373,25.7139799036,59638,,,,,,,,,,,,,,,,,,"rgba(38, 166, 154, 0.5)",1.597177803528781,24.44077316773093,0.7971602992829371,55.91445236970703,8.111124504447048,False,False,True,False,True,7.915742092542196,0.0,0.0,0.0,0.0,1,0.8900615337692442,0.9387470215876227,False,False,False,False,0.3397850674552597,0.31889809458384677,False,False,False,False,-265236,-4095.9415642565173,False,False,False,False,58046.12643634732,False,False,False,False
2024-03-08 00:00:00+00:00,25.1791562872,25.708786816,25.048919272,25.708786816,63897,,,,,,,,,,,,,,,,,,#000000,1.5935712725823024,24.456879750525204,0.45324394904809306,54.09704945473632,8.111124504447048,False,True,True,False,True,5.812842556556582,0.0,0.0,0.0,0.0,1,0.8805425902058934,0.8824083686502812,False,False,False,False,0.2526808254121931,0.28578945999801997,False,False,False,False,-329133,-16842.492875462143,False,False,False,False,58275.572458451345,False,False,False,False
2024-03-11 00:00:00+00:00,25.1357439488,25.4830426562,25.1357439488,25.4830426562,21337,,,,,,,,,,,,,,,,,,#000000,1.5953342706983735,24.46165791939046,0.4225359172623109,52.70679943600044,6.982763374302735,False,True,False,False,False,5.643437218516741,0.0,0.0,0.0,0.0,1,0.9015518837204384,0.8693342510128255,False,False,False,False,0.23691612010578858,0.26135279005190426,False,False,False,False,-350470,-29925.924527404804,False,False,False,False,56827.00098949247,False,False,False,False
2024-03-12 00:00:00+00:00,24.8318575798,25.1357439488,24.60611342,25.1357439488,49735,,,,,,,,,,,,,,,,,,#000000,1.5930118741540096,24.486214926068836,0.21697431095089809,50.521871795866275,4.8212252561773425,False,True,False,False,False,4.453749254326237,0.0,0.0,0.0,0.0,1,0.8954003559712117,0.8702222272751713,False,False,False,False,0.13970264769045324,0.20052771887117876,False,False,False,False,-400205,-44446.67258515363,False,False,False,False,56548.88330363003,False,False,False,False
2024-03-13 00:00:00+00:00,25.2572984964,25.5698673331,25.239933561,25.3528056409,33147,,,,,,,,,,,,,,,,,,#000000,1.5946174225176346,24.504710124113714,0.47195544314201404,50.93699784989596,4.8212252561773425,False,True,False,False,False,5.909819492621118,0.0,0.0,0.0,0.0,1,0.9110413040994084,0.8536784712293852,False,False,False,False,0.25229713951774685,0.2264124291944628,False,False,False,False,-367058,-57098.09718965741,False,False,False,False,55631.16238976218,False,False,False,False
2024-03-14 00:00:00+00:00,26.2036874741,26.2123699418,25.3701705763,25.6480095422,45285,,,,,,,,,,,,,,,,,,"rgba(38, 166, 154, 1.0)",1.6105755353563442,24.540167232053946,1.032873159642274,54.48219481010972,4.8212252561773425,False,True,True,False,True,9.001854906096263,0.0,0.0,0.0,0.0,1,0.9059791136454782,0.8486819833259552,False,False,False,False,0.3428282288002331,0.28462032899734796,False,False,False,False,-321773,-67477.50514300418,False,False,False,False,55225.430531340135,False,False,False,False
2024-03-15 00:00:00+00:00,27.2108537256,27.3758206116,26.5770335846,26.7767303413,169018,,,,,,,,,,,,,,,,,,"rgba(38, 166, 154, 1.0)",1.6482827543304945,24.83301648696515,1.4426148865463855,59.30801166574342,4.575484634863805,True,False,True,False,True,12.060686378505274,0.0,0.0,0.0,0.0,1,0.9258647914807026,0.848648378827194,False,False,False,False,0.342828236247051,0.3137242826221995,False,False,False,False,-152755,-70821.72062759225,False,False,False,False,59687.884235993464,False,False,False,False
2024-03-18 00:00:00+00:00,26.9590621627,27.0806167103,26.620445923,26.9764270981,72756,,,,,,,,,,,,,,,,,,"rgba(38, 166, 154, 1.0)",1.6770759428614497,24.87961685896396,1.2399231606578667,61.37106738048999,6.340103461170671,True,False,True,False,True,11.043372017519843,0.0,0.0,0.0,0.0,0,0.9022238757773703,0.8587967407055555,False,False,False,False,0.3201225147150862,0.31692339866864283,False,False,False,False,-225511,-76887.96687749059,False,False,False,False,60200.359363993724,False,False,False,False
2024-03-19 00:00:00+00:00,26.2384173448,26.7072705998,26.151592668,26.5596686492,53448,,,,,,,,,,,,,,,,,,"rgba(38, 166, 154, 0.5)",1.6882988570399755,24.896371746583092,0.7949099726157838,59.766357465440116,6.340103461170671,True,False,True,False,True,8.203943007658324,0.0,0.0,0.0,0.0,0,0.8964807434719166,0.8696383835651081,False,False,False,False,0.24630529521795752,0.2816143469433002,False,False,False,False,-278959,-84812.321117589,False,False,False,False,59935.5609575626,False,False,False,False
2024-03-20 00:00:00+00:00,26.0300381204,26.1429102003,25.6133664962,26.0647679911,46186,,,,,,,,,,,,,,,,,,"rgba(38, 166, 154, 0.5)",1.6527859522783752,24.90115330304338,0.6830193684792919,57.91211126664042,6.340103461170671,True,False,True,False,False,7.401606881096445,0.0,0.0,0.0,0.0,0,0.8884072161210158,0.8749263054769002,False,False,False,False,0.15338069865923865,0.2174975228012694,False,False,False,False,-325145,-94237.13205415415,False,False,False,False,59396.36248863858,False,False,False,False
2024-03-21 00:00:00+00:00,26.4033842309,26.5232022849,26.0300381204,26.0560855234,37097,,,,,,,,,,,,,,,,,,"rgba(38, 166, 154, 0.5)",1.6194922023073735,24.9134660221216,0.9199909741186995,57.832925061430515,6.340103461170671,True,False,True,False,False,8.5726966858375,0.0,0.0,0.0,0.0,0,0.9024670013908004,0.8733478855166801,False,False,False,False,0.22019359629324553,0.21884555954725748,False,False,False,False,-288048,-101837.5582481089,False,False,False,False,58521.87768516256,False,False,False,False
2024-03-22 00:00:00+00:00,25.9518959112,26.1255452649,25.9011034753,26.0474030558,26835,,,,,,,,,,,,,,,,,,"rgba(38, 166, 154, 0.5)",1.5739288151426536,24.918193339245498,0.6567657711132338,56.01941639172428,11.336411962942485,False,False,True,False,False,6.823491928952265,0.0,0.0,0.0,0.0,0,0.8990047350761239,0.8674813040173514,False,False,False,False,0.17586644916031213,0.1973560043537848,False,False,False,False,-314883,-110192.28145406542,False,False,False,False,57279.25503084246,False,False,False,False
2024-03-25 00:00:00+00:00,26.0647679911,26.2557822802,25.9692608466,25.986625782,14338,,,,,,,,,,,,,,,,,,"rgba(38, 166, 154, 0.5)",1.5251555526120892,24.92154387862052,0.7495786974132006,55.20027346198413,10.420714777816386,False,False,True,False,False,7.185578342225458,0.0,0.0,0.0,0.0,0,0.9218484528012909,0.856594125492702,False,False,False,False,0.16823587941713986,0.18279594188546233,False,False,False,False,-300545,-117657.09394606286,False,False,False,False,55595.28424531923,False,False,False,False
2024-03-26 00:00:00+00:00,25.9084835728,25.9953082497,25.7435166868,25.9953082497,35679,,,,,,,,,,,,,,,,,,"rgba(38, 166, 154, 0.5)",1.468604030461855,24.926549293008854,0.6686174485591893,54.010215984780224,9.11776493203277,False,True,True,False,False,6.573468333792778,0.0,0.0,0.0,0.0,0,0.9015429227947799,0.88237019344028,False,False,False,False,0.1212945893200304,0.15204526560274637,False,False,False,False,-336224,-126228.34516386432,False,False,False,False,54814.25349060083,False,False,False,False
2024-03-27 00:00:00+00:00,26.0908153942,26.1950050064,26.0039907173,26.0734504588,15529,,,,,,,,,,,,,,,,,,"rgba(38, 166, 154, 0.5)",1.4087098478504987,24.93037032304279,0.8237644344773283,53.93013620061574,8.824084625389077,False,True,True,False,False,7.174843353934321,0.0,0.0,0.0,0.0,0,0.8996700223341854,0.8952214122309377,False,False,False,False,0.16570427619536857,0.15887477089905747,False,False,False,False,-320695,-133854.4884907716,False,False,False,False,53273.655314498836,False,False,False,False
2024-03-28 00:00:00+00:00,26.0387205881,26.2644647479,26.0213556527,26.2644647479,10093,,,,,,,,,,,,,,,,,,"rgba(38, 166, 154, 0.5)",1.4116579598981918,24.932919424799927,0.7833350533296477,53.630962191315675,8.265565075565299,False,True,True,False,False,6.964826445833385,0.0,0.0,0.0,0.0,0,0.9080863947730597,0.8842229458112332,False,False,False,False,0.17415132960623073,0.1665130502526441,False,False,False,False,-330788,-141577.37129505505,False,False,False,False,51580.296282557705,False,False,False,False
2024-04-01 00:00:00+00:00,26.1342277326,26.6551757937,26.1342277326,26.1950050064,104203,,,,,,,,,,,,,,,,,,"rgba(38, 166, 154, 0.5)",1.3702957955896657,24.96798649011085,0.851087222366681,53.852824091440695,8.197075428552338,False,True,True,False,False,7.288563760761324,0.0,0.0,0.0,0.0,0,0.9098243080885372,0.8718456309418792,False,False,False,False,0.2236735406185094,0.19509329543557674,False,False,False,False,-226585,-144911.0037932882,False,False,False,False,53643.931722457404,False,False,False,False
2024-04-02 00:00:00+00:00,26.3599718924,26.3860192955,26.0734504588,26.3599718924,43011,,,,,,,,,,,,,,,,,,"rgba(38, 166, 154, 1.0)",1.286415701507691,24.98147763407056,1.0715776064563203,54.99695855463583,8.197075428552338,False,False,True,False,False,8.056844648487907,0.0,0.0,0.0,0.0,0,0.9171854749756421,0.8680851339587748,False,False,False,False,0.19112079597405973,0.19310704570481824,False,False,False,False,-183574,-146427.19972296318,False,False,False,False,53226.95400785124,False,False,False,False
2024-04-03 00:00:00+00:00,27.2455835963,27.254266064,26.5857160522,26.5857160522,38544,,,,,,,,,,,,,,,,,,"rgba(0, 255, 255, 0.75)",1.2221168624968912,25.00458560425904,1.8337018830281138,58.89337941999654,4.723370206523484,True,False,True,False,True,10.965375142469124,0.0,0.0,0.0,0.0,0,0.9348398839174445,0.8474515809393807,False,False,False,False,0.3309007966440272,0.2620039211744227,False,False,False,False,-145030,-146372.40757696464,False,False,False,False,52651.15188989629,False,False,False,False
2024-04-04 00:00:00+00:00,26.6638582614,27.2716309994,26.6638582614,27.0545693073,34084,,,,,,,,,,,,,,,,,,"rgba(38, 166, 154, 1.0)",1.1613889931845234,25.0223172573033,1.4134291040554843,58.44109500687286,4.723370206523484,True,False,True,False,True,8.532763139765017,0.0,0.0,0.0,0.0,0,0.9504117252587895,0.8454043620048269,False,False,False,False,0.3409029719440982,0.30145344655926043,False,False,False,False,-179114,-147656.3915935543,False,False,False,False,51923.02828637094,False,False,False,False
2024-04-05 00:00:00+00:00,27.0719342426,27.3584556762,26.759365406,26.9156498243,37560,,,,,,,,,,,,,,,,,,"rgba(0, 255, 255, 0.75)",1.1417803596190983,25.044046082753017,1.776075532183348,59.494683966570946,5.421929440746531,True,False,True,False,True,9.85237094886067,0.0,0.0,0.0,0.0,0,0.923751294804424,0.8582033252918821,False,False,False,False,0.34282823276225716,0.3221408396607588,False,False,False,False,-141554,-147417.08211929727,False,False,False,False,51359.77227514071,False,False,False,False
2024-04-08 00:00:00+00:00,26.5857160522,26.9851095658,26.5075738431,26.9156498243,55740,,,,,,,,,,,,,,,,,,"rgba(38, 166, 154, 1.0)",1.1336519573971413,25.067811724600574,1.33895091672097,57.90779219641372,5.421929440746531,True,False,True,False,True,7.852477557851827,0.0,0.0,0.0,0.0,0,0.9274691665707189,0.8598084113892475,False,False,False,False,0.27652891484990305,0.2993348772553309,False,False,False,False,-197294,-149373.0396832464,False,False,False,False,51531.5459114097,False,False,False,False
2024-04-09 00:00:00+00:00,26.4294316339,26.7615360229,26.3947017632,26.6378108584,21626,,,,,,,,,,,,,,,,,,"rgba(38, 166, 154, 1.0)",1.12031201659753,25.075568609209313,1.208469609031301,56.15795415629067,5.421929440746531,False,False,True,False,False,7.216908990394373,0.0,0.0,0.0,0.0,1,0.9238063888201472,0.892679628475157,False,False,False,False,0.2418376160800738,0.27058624666770237,False,False,False,False,-218920,-152100.371460374,False,False,False,False,50358.77940507991,False,False,False,False
2024-04-10 00:00:00+00:00,26.6551757937,26.7246355352,25.7817195446,25.8737537021,56128,,,,,,,,,,,,,,,,,,"rgba(38, 166, 154, 1.0)",1.105184355488193,25.092602285799178,1.4138577877449112,55.8882436121489,5.421929440746531,False,False,True,False,False,7.974736227048012,0.0,0.0,0.0,0.0,1,0.8929462967486592,0.886829886280527,False,False,False,False,0.1763382135334068,0.2234622301005546,False,False,False,False,-162792,-152519.6510109476,False,False,False,False,50585.02334997874,False,False,False,False
2024-04-11 00:00:00+00:00,27.6623420452,27.6623420452,27.254266064,27.2889959348,58802,,,,,,,,,,,,,,,,,,"rgba(0, 255, 0, 1.0)",1.1358732903253792,25.132084217308897,2.2275881028651456,58.95439598478805,5.421929440746531,True,False,True,False,True,11.221009292863041,0.0,0.0,0.0,0.0,1,0.9117053317600422,0.8846864285032792,False,False,False,False,0.34282823502619364,0.2831452325633741,False,False,False,False,-103990,-150616.52744189082,False,False,False,False,50907.25772841095,False,False,False,False
2024-04-12 00:00:00+00:00,26.8375076151,27.9054511404,26.7246355352,27.7838965928,76727,,,,,,,,,,,,,,,,,,"rgba(38, 166, 154, 1.0)",1.1536716718027464,25.289384453855895,1.3419096603325482,57.43595564367419,5.421929440746531,True,False,True,False,True,7.8669746743849664,0.0,0.0,0.0,0.0,1,0.8963113637275283,0.8798246725588469,False,False,False,False,0.3152964782205426,0.2992208553919583,False,False,False,False,-180717,-151796.93813044415,False,False,False,False,51919.79664102229,False,False,False,False
2024-04-15 00:00:00+00:00,26.4641615047,27.0285219042,26.4120666985,27.0024745011,48325,,,,,,,,,,,,,,,,,,"rgba(38, 166, 154, 1.0)",1.1601388734634641,25.294743098866228,1.0079986392858356,55.05320025496495,9.352089353234277,False,False,True,False,False,6.404389930809405,0.0,0.0,0.0,0.0,1,0.92074020052662,0.9052899148259963,False,False,False,False,0.20532635241303185,0.2522736039024951,False,False,False,False,-229042,-154826.15624297573,False,False,False,False,51778.82422372729,False,False,False,False
2024-04-16 00:00:00+00:00,26.5336212461,26.7420004706,26.2731472156,26.6812231968,31002,,,,,,,,,,,,,,,,,,"rgba(38, 166, 154, 1.0)",1.153240985357974,25.299004696403088,1.070562497667111,53.717095706535936,8.102260544131141,False,True,True,False,False,6.633465395973776,0.0,0.0,0.0,0.0,1,0.9164398503186978,0.881252745524919,False,False,False,False,0.16727851184997042,0.20977605787623277,False,False,False,False,-198040,-156520.8167824669,False,False,False,False,50964.04680318897,False,False,False,False
2024-04-17 00:00:00+00:00,26.5683511169,27.0372043719,26.48152644,26.8896024212,19555,,,,,,,,,,,,,,,,,,"rgba(38, 166, 154, 1.0)",1.1341177248182712,25.304451178197944,1.1144345168439913,52.96192866096652,7.348127659180058,False,True,False,False,False,6.749752195156102,0.0,0.0,0.0,0.0,1,0.9297634235066755,0.8644779240032043,False,False,False,False,0.21237573133051377,0.21107589460337328,False,False,False,False,-178485,-157382.1573008015,False,False,False,False,49732.31947757372,False,False,False,False
2024-04-18 00:00:00+00:00,26.1081803296,26.7333180029,25.9518959112,26.7333180029,38708,,,,,,,,,,,,,,,,,,"rgba(38, 166, 154, 0.5)",1.1012156120494332,25.30685456833991,0.7276738110975101,50.606096167286026,5.067493846007515,False,True,False,False,False,4.911992961067227,0.0,0.0,0.0,0.0,1,0.9160108318204321,0.8776034646272057,False,False,False,False,0.13810436707139642,0.17459013083738484,False,False,False,False,-217193,-159727.68054390734,False,False,False,False,49299.993223551224,False,False,False,False
2024-04-19 00:00:00+00:00,26.5249387785,26.6117634553,26.0474030558,26.0474030558,20999,,,,,,,,,,,,,,,,,,"rgba(38, 166, 154, 1.0)",1.0875253244576264,25.310211608604085,1.1169644904606961,50.787605852352065,5.067493846007515,False,True,False,False,False,6.338438312151894,0.0,0.0,0.0,0.0,1,0.9248262614523164,0.8770079287312639,False,False,False,False,0.12706469207663787,0.15082741145701134,False,False,False,False,-196194,-161157.73228728352,False,False,False,False,48190.15035203942,False,False,False,False
2024-04-22 00:00:00+00:00,26.3512894247,26.3512894247,25.7869290252,25.9779433143,26561,,,,,,,,,,,,,,,,,,"rgba(38, 166, 154, 0.5)",1.0832623844196947,25.31184659124569,0.9595485345049994,50.181801423436255,4.475454090768437,False,True,False,False,False,5.640642929339673,0.0,0.0,0.0,0.0,1,0.9068285314363411,0.8860632123274073,False,False,False,False,0.07956469621257835,0.11519605383479484,False,False,False,False,-222755,-163573.3114132724,False,False,False,False,47341.94837744963,False,False,False,False
2024-04-23 00:00:00+00:00,26.3860192955,26.6208800464,26.1689576034,26.2991946186,21837,,,,,,,,,,,,,,,,,,"rgba(38, 166, 154, 0.5)",1.08134665178936,25.315842875095818,0.989670073545153,49.93597041872957,4.053643365772089,False,True,False,False,False,5.7618649568759,0.0,0.0,0.0,0.0,1,0.9203968898846807,0.877969494779637,False,False,False,False,0.11965292103891241,0.11742448743685363,False,False,False,False,-200918,-165037.80900490878,False,False,False,False,46341.754323432,False,False,False,False
2024-04-24 00:00:00+00:00,26.3860192955,26.4381141016,26.1081803296,26.4033842309,13671,,,,,,,,,,,,,,,,,,"rgba(38, 166, 154, 0.5)",1.0844943125213757,25.31790371661734,0.9848973540482308,49.77208308225844,3.6668253641656676,False,True,False,False,False,5.761864956875911,0.0,0.0,0.0,0.0,1,0.913528513619654,0.9013405603909507,False,False,False,False,0.09521936763234959,0.10632192753460161,False,False,False,False,-200918,-166444.87531844177,False,False,False,False,45060.54827153271,False,False,False,False
2024-04-25 00:00:00+00:00,26.7420004706,26.7506829383,25.9345309759,26.0474030558,18989,,,,,,,,,,,,,,,,,,"rgba(38, 166, 154, 1.0)",1.084131467700031,25.322213350678744,1.3096078863325624,51.404045056229215,3.6668253641656676,False,True,False,False,False,7.029713278575031,0.0,0.0,0.0,0.0,1,0.9260656886412328,0.8903706779396143,False,False,False,False,0.07872260697075172,0.09252226725267666,False,False,False,False,-181929,-167052.09589418917,False,False,False,False,44038.13461382554,False,False,False,False
2024-04-26 00:00:00+00:00,27.2716309994,27.3324082732,26.7333180029,27.0545693073,57689,,,,,,,,,,,,,,,,,,"rgba(0, 255, 255, 0.75)",1.0947074225531501,25.350191538492002,1.755208214836698,54.6776456010386,0.8299629199121412,False,True,True,False,True,8.868165762490943,0.0,0.0,0.0,0.0,1,0.9375769356291409,0.9048877917221332,False,False,False,False,0.23854427888872778,0.16553327307070223,False,False,False,False,-124240,-165373.1901728484,False,False,False,False,44573.462668185326,False,False,False,False
2024-04-29 00:00:00+00:00,27.3584556762,27.4018680147,26.8288251474,27.4018680147,29803,,,,,,,,,,,,,,,,,,"rgba(0, 255, 255, 0.75)",1.0976187155955694,25.3648918466746,1.8162626066773004,57.18859833289714,3.1830331266727683,True,False,True,False,True,9.16603619853003,0.0,0.0,0.0,0.0,1,0.9472840272036782,0.8978033460676597,False,False,False,False,0.258304731818948,0.2119190024448251,False,False,False,False,-94437,-162591.37879352103,False,False,False,False,43994.228838060415,False,False,False,False
2024-04-30 00:00:00+00:00,27.1848063225,27.558152433,27.0806167103,27.1240290487,24413,,,,,,,,,,,,,,,,,,"rgba(0, 255, 255, 0.75)",1.0716005517936702,25.377310478137712,1.6867253766684396,57.76430727312417,3.7123913796246626,True,False,True,False,True,8.399409869686245,0.0,0.0,0.0,0.0,1,0.9244115937823755,0.9047563610667979,False,False,False,False,0.3080832161679729,0.26000110930639897,False,False,False,False,-118850,-160876.0306055398,False,False,False,False,43226.337511077654,False,False,False,False
2024-05-01 00:00:00+00:00,26.6030809876,27.3150433378,26.3860192955,27.3150433378,15694,,,,,,,,,,,,,,,,,,"rgba(38, 166, 154, 1.0)",1.062978884866419,25.382135570704904,1.1486074034749307,54.941235251590655,3.7123913796246626,False,True,True,False,False,5.8810804927520195,0.0,0.0,0.0,0.0,1,0.9043275593360312,0.9187810003920368,False,False,False,False,0.1954814937161855,0.22774130151129224,False,False,False,False,-134544,-159843.40195434217,False,False,False,False,42146.63800083931,False,False,False,False
2024-05-02 00:00:00+00:00,27.0024745011,27.1674413872,26.5075738431,26.7246355352,25802,,,,,,,,,,,,,,,,,,"rgba(0, 255, 255, 0.75)",1.0687066514518286,25.391168059790726,1.5077163028042622,54.91473367399186,3.7123913796246626,False,True,True,False,False,7.312977939713811,0.0,0.0,0.0,0.0,1,0.9215019438561073,0.9241747535969447,False,False,False,False,0.19243459018868236,0.2100879458499873,False,False,False,False,-108742,-157839.42540711307,False,False,False,False,41505.671804727965,False,False,False,False
2024-05-03 00:00:00+00:00,27.6797069806,27.8533563343,27.4626452885,27.6710245129,28380,,,,,,,,,,,,,,,,,,"rgba(0, 255, 0, 1.0)",1.0857972616540406,25.40880142034574,2.0914637017917084,57.45442075009599,3.7123913796246626,True,False,True,False,True,9.65524496223179,0.0,0.0,0.0,0.0,1,0.9574869995098334,0.8863091276562556,False,False,False,False,0.34282823073915014,0.27645808829456875,False,False,False,False,-80362,-154801.094998991,False,False,False,False,40990.93957709157,False,False,False,False
2024-05-06 00:00:00+00:00,27.9141336081,27.9575459465,27.5668349007,27.7578491898,29445,,,,,,,,,,,,,,,,,,"rgba(0, 255, 0, 1.0)",1.1028202127645435,25.428073567528706,2.254275004934169,59.90666958070296,5.4691486995564205,True,False,True,False,True,10.444302476909616,0.0,0.0,0.0,0.0,1,0.9652080314502087,0.8755201382244268,False,False,False,False,0.342828228798288,0.3096431585464284,False,False,False,False,-50917,-150727.2089205992,False,False,False,False,40538.1576328919,False,False,False,False
2024-05-07 00:00:00+00:00,27.9922758173,28.0530530911,27.4973751592,27.4973751592,37274,,,,,,,,,,,,,,,,,,"rgba(0, 255, 0, 1.0)",1.115794198532358,25.452103909772127,2.276559522239001,61.79722892358332,7.222831136662528,True,False,True,False,True,10.708363969140521,0.0,0.0,0.0,0.0,0,0.9407121846314803,0.921880881779661,False,False,False,False,0.3428282289131629,0.32623569372979566,False,False,False,False,-13643,-145351.35759037963,False,False,False,False,40410.151451209866,False,False,False,False
2024-05-08 00:00:00+00:00,28.330892057,28.5653186845,27.697071916,27.7925790605,43628,,,,,,,,,,,,,,,,,,"rgba(0, 255, 0, 1.0)",1.1225915640894464,25.484244021639775,2.535782493314201,64.13774040813566,9.400313195906733,True,False,True,False,True,11.850548049368413,0.0,0.0,0.0,0.0,0,0.9565520420936684,0.9035895694626321,False,False,False,False,0.34282823169769394,0.3345319627137448,False,False,False,False,29985,-138475.42199860004,False,False,False,False,40536.341590378106,False,False,False,False
2024-05-09 00:00:00+00:00,28.9212998596,29.1644089548,28.5132238784,28.5219063461,44319,,,,,,,,,,,,,,,,,,"rgba(0, 255, 0, 1.0)",1.1558244651729923,25.525128132500583,2.93831098876343,67.28769805410796,12.306154693034841,True,False,True,False,True,13.785430799305814,0.0,0.0,0.0,0.0,0,0.9691624101236749,0.8849628537980112,False,False,False,False,0.3428282357490999,0.33868009923142234,False,False,False,False,74304,-130131.1309398314,False,False,False,False,40684.681135853476,False,False,False,False
2024-05-10 00:00:00+00:00,28.7216031028,29.2512336316,28.660825829,29.0254894718,53315,,,,,,,,,,,,,,,,,,"rgba(0, 255, 0, 1.0)",1.1909257802837574,25.572324457883354,2.644395391429245,68.06704200537055,12.989404416135777,True,False,True,False,True,12.856355109679765,0.0,0.0,0.0,0.0,0,0.9983049944895634,0.871830445930656,False,False,False,False,0.34282823628468956,0.34075416775805595,False,False,False,False,20989,-124204.85129513213,False,False,False,False,41179.98775797687,False,False,False,False
2024-05-13 00:00:00+00:00,29.2425511639,29.3554232438,28.7823803766,28.7823803766,26399,,,,,,,,,,,,,,,,,,"rgba(0, 255, 0, 1.0)",1.2317948113881358,25.59692032337864,2.9596088624638877,69.94150012641671,14.781971079461243,True,False,True,False,True,14.540469168760943,0.0,0.0,0.0,0.0,0,1.0017304521491543,0.854880978876629,False,False,False,False,0.3428282367721748,0.3417912022651154,False,False,False,False,47388,-117475.71987179361,False,False,False,False,40600.34117923268,False,False,False,False
2024-05-14 00:00:00+00:00,29.3988355823,29.9458310464,28.7216031028,29.2772810347,68895,,,,,,,,,,,,,,,,,,"rgba(0, 255, 0, 1.0)",1.2878829055512362,25.663320583406705,2.9005082548979315,71.56204204950362,16.35391902573363,True,False,True,False,True,15.037916009262002,0.0,0.0,0.0,0.0,0,1.0015188360503269,0.8326330802848987,False,False,False,False,0.34282823781909727,0.34230972004210636,False,False,False,False,116283,-108308.71124937033,False,False,False,False,41709.93564279218,False,False,False,False
2024-05-15 00:00:00+00:00,29.8937362403,30.206305077,28.825792715,29.3988355823,44684,,,,,,,,,,,,,,,,,,"rgba(0, 255, 0, 1.0)",1.3526308694139506,25.708216870865034,3.09435446438422,73.72086214878372,18.443761716835027,True,False,True,False,True,16.590801477009723,0.0,0.0,0.0,0.0,0,0.9882880421838198,0.8438603672553443,False,False,False,False,0.34282823847054067,0.3425689792563235,False,False,False,False,160967,-97748.87943566953,False,False,False,False,41826.565617584645,False,False,False,False
2024-05-16 00:00:00+00:00,30.2931297539,30.6404284613,29.737451822,30.5709687198,66318,,,,,,,,,,,,,,,,,,"rgba(0, 255, 0, 1.0)",1.4322294112864755,25.783009347725976,3.14902093940585,75.90913199416187,20.5483608869728,True,False,True,False,True,17.810454379999666,0.0,0.0,0.0,0.0,0,1.0126953376544356,0.8352253588114203,False,False,False,False,0.34282824048805266,0.3426986098721881,False,False,False,False,227285,-85002.45279113347,False,False,False,False,42787.01402473819,False,False,False,False
2024-05-17 00:00:00+00:00,30.3278596246,30.8227602827,30.2497174154,30.8227602827,37296,,,,,,,,,,,,,,,,,,"rgba(0, 255, 0, 1.0)",1.5021986958533589,25.826014974761485,2.9968370111526004,77.43167269522868,22.034828869233493,True,False,True,False,True,17.916219828456274,0.0,0.0,0.0,0.0,0,1.0281153282591284,0.8294841404822543,False,False,False,False,0.342828241341836,0.342763425607012,False,False,False,False,264581,-71293.29777971646,False,False,False,False,42571.68014141513,False,False,False,False
2024-05-20 00:00:00+00:00,31.2047888608,31.6562771804,30.3886368984,30.510191446,63468,,,,,,,,,,,,,,,,,,"rgba(0, 255, 0, 1.0)",1.5917090185588916,25.907224730852533,3.328223983265358,79.8270514888736,24.355454592736933,True,False,True,False,True,20.0,0.0,0.0,0.0,0.0,0,1.0439301843985507,0.7983321943893977,False,False,False,False,0.34282824237517295,0.3427958339910925,False,False,False,False,328049,-55632.815513845235,False,False,False,False,43391.1436652812,False,False,False,False
2024-05-21 00:00:00+00:00,31.3697557468,31.447897956,30.9009024918,31.117964184,47884,,,,,,,,,,,,,,,,,,"rgba(0, 255, 0, 1.0)",1.6678580643500938,25.968182131609172,3.238629072010173,81.6395590503312,26.116996805811965,True,False,True,False,True,20.0,0.0,0.0,0.0,0.0,0,1.056186375309888,0.7990060119283686,False,False,False,False,0.34282824266539874,0.3428120383282456,False,False,False,False,375933,-38708.665885851304,False,False,False,False,43567.33410977998,False,False,False,False
2024-05-22 00:00:00+00:00,30.8661726211,31.1005992486,30.4407317045,30.9095849595,60685,,,,,,,,,,,,,,,,,,"rgba(0, 255, 0, 1.0)",1.7129133248568635,26.03588494097415,2.819925334242749,79.33159742882405,26.116996805811965,True,False,True,False,True,18.464314054856715,0.0,0.0,0.0,0.0,0,1.0497281360249153,0.7935146432827993,False,False,False,False,0.29182631765029154,0.31731917798926856,False,False,False,False,315248,-24828.012321700277,False,False,False,False,44238.615125082724,False,False,False,False
2024-05-23 00:00:00+00:00,30.4233667691,31.3176609407,29.9631959818,31.1353291193,53426,,,,,,,,,,,,,,,,,,"rgba(0, 255, 0, 1.0)",1.7338490836667642,26.090260630422847,2.4991253157474635,75.13115826883775,30.974216322191737,True,False,True,False,False,16.313403059585095,0.0,0.0,0.0,0.0,0,1.028765988679429,0.8090533509801531,False,False,False,False,0.27097543608449937,0.29414730703688396,False,False,False,False,261822,-13586.835367908108,False,False,False,False,44598.90472802066,False,False,False,False
2024-05-24 00:00:00+00:00,31.2916135377,31.473945359,30.7793479442,30.7793479442,40576,,,,,,,,,,,,,,,,,,"rgba(0, 255, 0, 1.0)",1.7827033687546585,26.13666475463095,2.891646963493506,74.40839231929195,30.320330351305117,True,False,True,False,False,18.89666839792946,0.0,0.0,0.0,0.0,0,1.041300444655883,0.8164974255138074,False,False,False,False,0.33617564826857105,0.3151614776527275,False,False,False,False,302398,-1195.273196617596,False,False,False,False,44441.14375829436,False,False,False,False
2024-05-28 00:00:00+00:00,31.5607700359,31.586817439,30.9703622333,31.5607700359,37450,,,,,,,,,,,,,,,,,,"rgba(0, 255, 0, 1.0)",1.840811762466286,26.180296021842558,2.9228811569786908,74.46770061373697,30.268193821244623,True,False,True,False,False,19.66712633489732,0.0,0.0,0.0,0.0,0,1.0233695351686003,0.833649115211604,False,False,False,False,0.34282824072278306,0.3289948591877553,False,False,False,False,339848,12178.972811092899,False,False,False,False,44166.98125796909,False,True,False,False
2024-05-29 00:00:00+00:00,31.0398219748,31.2047888608,30.8314427503,31.1613765224,33958,,,,,,,,,,,,,,,,,,"rgba(0, 255, 0, 1.0)",1.8655228440893283,26.216179734597443,2.5856784630033625,71.68916049993014,27.482681666362097,True,False,True,False,False,17.16735161958264,0.0,0.0,0.0,0.0,0,1.0115128368094857,0.8303107965274571,False,False,False,False,0.3075628246295535,0.3182788419086544,False,False,False,False,305890,23697.0523086971,False,False,False,False,43766.62905177422,False,False,False,False
2024-05-30 00:00:00+00:00,31.0485044425,31.1874239254,30.7533005412,31.0658693778,29944,,,,,,,,,,,,,,,,,,"rgba(0, 255, 0, 1.0)",1.9033268082077228,26.2470587829389,2.5226596078276255,69.86021155547509,25.64037229524152,True,False,True,False,False,17.19331148536996,0.0,0.0,0.0,0.0,0,1.0303602240574536,0.8254287116536139,False,False,False,False,0.301179496219634,0.3097291690641442,False,False,False,False,335834,35937.71692404231,False,False,False,False,43224.56516739092,False,False,False,False
2024-05-31 00:00:00+00:00,31.3784382145,31.3784382145,30.8661726211,31.0485044425,26418,,,,,,,,,,,,,,,,,,"rgba(0, 255, 0, 1.0)",1.9387657351241327,26.275226107007427,2.632196358249457,69.5395702923399,25.176613042745245,True,False,True,False,False,18.182253631897584,0.0,0.0,0.0,0.0,0,1.0517800256338463,0.805561548897205,False,False,False,False,0.3215756836118897,0.31565242633801693,False,False,False,False,362252,48734.355476040655,False,False,False,False,42565.48418043442,False,False,False,False
2024-06-03 00:00:00+00:00,31.4652628914,31.8559739372,31.0658693778,31.5781349713,54554,,,,,,,,,,,,,,,,,,"rgba(0, 255, 0, 1.0)",1.983263535411101,26.335418728727213,2.5865670754690933,69.55979375350184,24.942549778880874,True,False,True,False,False,18.44207602731255,0.0,0.0,0.0,0.0,0,1.0450456118226779,0.8044164831598758,False,False,False,False,0.34282824116928134,0.32924033375364914,False,False,False,False,416806,63168.537614235145,False,False,False,False,43035.6220557115,False,False,False,False
2024-06-04 00:00:00+00:00,31.1700589901,31.9362333711,31.080489855,31.7343445407,65990,,,,,,,,,,,,,,,,,,"rgba(0, 255, 0, 1.0)",2.019818959875998,26.68400468687766,2.221018018118688,67.76738666803709,22.973400946342736,True,False,True,False,False,16.982751716760276,0.0,0.0,0.0,0.0,0,1.0566785847384765,0.8006596498490348,False,False,False,False,0.34282824128071954,0.33603428751718434,False,False,False,False,350816,74448.83025681417,False,False,False,False,43935.79373980125,False,False,False,False
2024-06-05 00:00:00+00:00,30.3639367748,30.6326441799,30.1847985047,30.1847985047,46093,,,,,,,,,,,,,,,,,,"rgba(0, 255, 255, 0.75)",2.0403309586599643,26.698346173725735,1.796566672439126,62.51812121946523,17.89422545306462,False,False,True,False,False,13.146838269875342,0.0,0.0,0.0,0.0,0,1.0390397795262984,0.8301952832791907,False,False,False,False,0.20408156633657606,0.2700579269268802,False,False,False,False,304723,83479.18985458616,False,False,False,False,44020.390063730614,False,False,False,False
2024-06-06 00:00:00+00:00,29.7906943106,30.4938120206,29.530943819,30.4445489963,49832,,,,,,,,,,,,,,,,,,"rgba(0, 255, 255, 0.75)",2.0476400038962472,26.71428050186118,1.5024192743280183,56.78005633010481,12.603114433616028,False,True,True,False,False,10.557829341214823,0.0,0.0,0.0,0.0,0,1.028434024063794,0.8317643805971578,False,False,False,False,0.14958276611582383,0.209820346521352,False,False,False,False,254891,90201.22162499456,False,False,False,False,44248.29633574118,False,False,False,False
2024-06-07 00:00:00+00:00,30.1400139372,30.3101952938,29.6294698676,29.6473836946,35063,,,,,,,,,,,,,,,,,,"rgba(0, 255, 255, 0.75)",2.0553949470680597,26.731387435866857,1.6583803060309232,54.40675761653349,10.576223630739108,False,True,False,False,False,11.713662969863552,0.0,0.0,0.0,0.0,0,1.026310860436985,0.8461952563760593,False,False,False,False,0.1443080172043806,0.17706418186286632,False,False,False,False,289954,98034.66391421047,False,False,False,False,43888.08863630035,False,False,False,False
2024-06-10 00:00:00+00:00,30.0952293697,30.4624628233,29.7459097431,29.8444357916,29442,,,,,,,,,,,,,,,,,,"rgba(0, 255, 255, 0.75)",2.0537500764374097,26.74778253200777,1.6299192760099448,52.64069765186403,9.026522322935278,False,True,False,False,False,11.510673187329484,0.0,0.0,0.0,0.0,0,1.0286489829478676,0.8459255959079122,False,False,False,False,0.16099372879649262,0.1690289553296795,False,False,False,False,260512,104406.32415286888,False,False,False,False,43321.575356445435,False,False,False,False
2024-06-11 00:00:00+00:00,29.298064068,29.3607624625,28.6621232093,29.0293566629,71548,,,,,,,,,,,,,,,,,,"rgba(38, 166, 154, 1.0)",2.0373793896394785,26.76225667122494,1.2446417243986057,48.53923890160521,5.239716850491625,False,True,False,True,False,7.9823660246945884,0.0,0.0,0.0,0.0,0,0.9998945680449149,0.8717894785376173,False,False,False,False,0.02702993799100927,0.09802944666034438,False,False,False,False,188964,107722.31144099167,False,False,False,False,44428.49396991816,False,False,False,False
2024-06-12 00:00:00+00:00,29.315977895,29.5973145481,29.1905811059,29.5757283865,24552,,,,,,,,,,,,,,,,,,"rgba(38, 166, 154, 1.0)",2.0423732780951562,26.771045128419026,1.246066423741372,45.8923633677673,2.845799111042787,False,True,False,True,False,8.044983237296353,0.0,0.0,0.0,0.0,0,1.0154186364808084,0.858784305876837,False,False,False,False,0.07356903193776584,0.08579923929905511,False,False,False,False,213516,111871.08354134495,False,False,False,False,43649.023618156665,False,False,False,False
2024-06-13 00:00:00+00:00,28.0351392641,28.4740280257,27.891828648,28.3665450637,80780,,,,,,,,,,,,,,,,,,"rgba(38, 166, 154, 0.5)",2.029804029390151,26.769230137355947,0.6236607615388324,40.650857522308385,-1.9764004385042426,False,True,False,True,False,2.745199039213034,0.0,0.0,0.0,0.0,0,0.9893762243009995,0.8860861308240509,False,False,False,False,-0.07364159365893098,0.0060788228200620645,False,False,False,False,132736,112689.31555933143,False,False,False,False,45105.14033901327,False,False,False,False
2024-06-14 00:00:00+00:00,27.0050942112,27.6186427862,26.8169990277,27.5335521079,137733,,,,,,,,,,,,,,,,,,#000000,2.016610923725625,26.795195960576013,0.10408465418614612,35.29426496955998,-6.800223740784446,False,True,False,True,False,0.0,0.0,0.0,0.0,0.0,0,0.9633739815693918,0.8995342657539147,False,False,False,False,-0.19297537464899453,-0.09344827591446624,False,False,False,False,-4997,108074.16592955374,False,False,False,False,48737.60542375784,False,False,False,False
2024-06-17 00:00:00+00:00,27.0498787787,27.4618967999,26.9692665572,27.1573617408,59744,,,,,,,,,,,,,,,,,,#000000,1.9895617144580142,26.78723303887013,0.1320118586527064,31.943907428437708,-9.721003709811832,False,True,False,True,False,0.0,0.0,0.0,0.0,0.0,0,0.9670986196167553,0.9077303313871726,False,False,False,False,-0.1932573427488237,-0.14335280933164496,False,False,False,False,54747,105982.90452055163,False,False,False,False,49169.22874047323,False,False,False,False
2024-06-18 00:00:00+00:00,27.873914821,27.9186993885,27.0498787787,27.0498787787,43145,,,,,,,,,,,,,,,,,,"rgba(38, 166, 154, 0.5)",1.9664322048140654,26.79175366541361,0.5503170426812217,33.47010013989251,-9.721003709811832,False,True,False,True,False,2.0608541126121054,0.0,0.0,0.0,0.0,0,0.9780488778863125,0.8894844364742843,False,False,False,False,-0.15962383878679115,-0.15148832405921805,False,False,False,False,97892,105665.61414719665,False,False,False,False,48932.98447614095,False,False,False,False
2024-06-20 00:00:00+00:00,28.5546402472,29.0470913516,27.9007855615,27.981397783,72689,,,,,,,,,,,,,,,,,,"rgba(38, 166, 154, 0.5)",1.9440625165239518,26.824251583232417,0.890089001387452,37.038783205458586,-9.721003709811832,False,True,False,True,True,4.423773906214208,0.0,0.0,0.0,0.0,0,1.001910545698718,0.8572461448346054,False,False,False,False,-0.038216127002596335,-0.09485222553090719,False,False,False,False,170581,108211.31555318895,False,False,False,False,49864.59292805699,False,False,False,False
2024-06-21 00:00:00+00:00,28.9845720954,29.0830981439,28.5994248147,28.9666582684,50697,,,,,,,,,,,,,,,,,,"rgba(38, 166, 154, 1.0)",1.9297130656707568,26.85082033997014,1.105735248099271,40.8561495256869,-18.079394295000654,False,True,False,True,True,5.867133167143667,0.0,0.0,0.0,0.0,0,1.0339282668713614,0.852779088559238,False,False,False,False,0.006373603045373235,-0.04423931124276698,False,False,False,False,221278,112645.3031785541,False,False,False,False,49897.236342642995,False,False,False,False
2024-06-24 00:00:00+00:00,28.8233476523,29.2264087599,28.5008987662,29.1995380194,62315,,,,,,,,,,,,,,,,,,"rgba(38, 166, 154, 1.0)",1.9162912514905188,26.87906486480955,1.0146071407350838,42.901639775202824,-16.102895918001373,False,True,False,True,True,5.239208076099409,0.0,0.0,0.0,0.0,0,1.009445166539833,0.860226577239867,False,False,False,False,0.00909085141886601,-0.017574229911950484,False,False,False,False,158963,114461.68344606177,False,False,False,False,50384.20746646092,False,False,False,False
2024-06-25 00:00:00+00:00,28.1426222261,28.5994248147,28.021166479,28.5635971607,33385,,,,,,,,,,,,,,,,,,"rgba(38, 166, 154, 0.5)",1.8991322153641708,26.88631404360124,0.6615169667151661,42.2995310233636,-16.102895918001373,False,True,False,True,True,2.6417640607865636,0.0,0.0,0.0,0.0,0,1.005066970956477,0.8754649321028247,False,False,False,False,-0.058119336358326064,-0.03784678313513827,False,False,False,False,125578,114897.61742856915,False,False,False,False,49717.57187954088,False,False,False,False
2024-06-26 00:00:00+00:00,28.7606492578,28.7875199983,28.0620100046,28.0620100046,34208,,,,,,,,,,,,,,,,,,"rgba(38, 166, 154, 0.5)",1.873580863105279,26.896742621045178,0.9948365045027083,44.08488583538971,-14.564904701377174,False,True,False,True,True,4.748568208467962,0.0,0.0,0.0,0.0,0,1.0141053326696798,0.8485326347922911,False,False,False,False,-0.044192997840860365,-0.04101989048799932,False,False,False,False,159786,116657.94615686056,False,False,False,False,49109.35337446085,False,False,False,False
2024-06-27 00:00:00+00:00,28.6531662958,29.0472704899,28.6083817282,29.0472704899,17571,,,,,,,,,,,,,,,,,,"rgba(38, 166, 154, 0.5)",1.8449824613567485,26.903288206056494,0.9484524251014791,44.94373622892304,-13.396585216797291,False,True,False,True,True,4.338621950391428,0.0,0.0,0.0,0.0,0,1.0316831094628947,0.834413006029351,False,False,False,False,0.004743301764068751,-0.018138294361965283,False,False,False,False,142215,117660.18356247387,False,False,False,False,47872.55520291337,False,False,False,False
2024-06-28 00:00:00+00:00,28.7875199983,28.8950029603,28.5295608894,28.8143907388,22888,,,,,,,,,,,,,,,,,,"rgba(38, 166, 154, 1.0)",1.808307773551806,26.911395941731996,1.0375026220691372,46.012075555711625,-11.97068948052209,False,True,False,True,True,4.798912237771937,0.0,0.0,0.0,0.0,0,1.0244401281908466,0.8451283705863658,False,False,False,False,-0.00927715469092672,-0.013707724526446002,False,False,False,False,165103,119520.68616786705,False,False,False,False,46892.76872436774,False,False,False,False
2024-07-01 00:00:00+00:00,27.945570129,28.2053206206,27.748518032,28.2053206206,68221,,,,,,,,,,,,,,,,,,"rgba(38, 166, 154, 0.5)",1.777799980715458,26.918724314809815,0.5775935568279966,44.13668418922953,-11.97068948052209,False,True,False,True,True,1.6078625105255853,0.0,0.0,0.0,0.0,0,1.0195415066755786,0.8411232237683968,False,False,False,False,-0.09882641813860392,-0.05626707133252496,False,False,False,False,96882,118632.8945534409,False,False,False,False,47729.16995086313,False,False,False,False
2024-07-02 00:00:00+00:00,28.5904679012,28.6979508633,27.945570129,27.945570129,35422,,,,,,,,,,,,,,,,,,"rgba(38, 166, 154, 0.5)",1.7642507717258258,26.92724763201784,0.9427346133765134,45.2629542461335,-11.97068948052209,False,True,False,True,True,3.8321902005157362,0.0,0.0,0.0,0.0,0,1.0220340360015383,0.8262422038741247,False,False,False,False,-0.05672359702632516,-0.05649533417942506,False,False,False,False,132304,119169.0163356589,False,False,False,False,47246.535835143004,False,False,False,False
2024-07-03 00:00:00+00:00,28.9039598738,28.9397875278,28.4740280257,28.6531662958,12811,,,,,,,,,,,,,,,,,,"rgba(38, 166, 154, 1.0)",1.7628126906651067,26.9316334573338,1.1188519500174727,47.06535697372078,-9.979043921538576,False,True,False,False,True,4.886241989073838,0.0,0.0,0.0,0.0,0,1.0468736340263045,0.8166003908358768,False,False,False,False,-0.02318158087456361,-0.03983845752699433,False,False,False,False,145115,120186.50589112328,False,False,False,False,45896.1226651374,False,False,False,False
2024-07-05 00:00:00+00:00,27.9186993885,28.2948897556,27.8112164265,28.2948897556,65381,,,,,,,,,,,,,,,,,,"rgba(38, 166, 154, 0.5)",1.7573084093965985,26.939433201411465,0.5572534575332634,45.36108415091314,-9.979043921538576,False,True,False,True,True,1.2638484459314725,0.0,0.0,0.0,0.0,0,1.013425977591372,0.8272715918313591,False,False,False,False,-0.10600372405720937,-0.07292109079210185,False,False,False,False,79734,118600.13311107922,False,False,False,False,46660.235501798685,False,False,False,False
2024-07-08 00:00:00+00:00,27.3096292703,27.7126903779,27.1036202598,27.7126903779,79712,,,,,,,,,,,,,,,,,,#000000,1.7455267474502538,26.935638670219227,0.21425658508359924,42.76022540367231,-9.979043921538576,False,True,False,True,False,0.0,0.0,0.0,0.0,0.0,0,0.9969180006341818,0.8341815439086818,False,False,False,False,-0.19634559596221257,-0.1346333433771572,False,False,False,False,22,113950.01024397809,False,False,False,False,47956.38312917913,False,False,False,False
2024-07-09 00:00:00+00:00,27.2827585298,27.3544138378,26.9155250762,27.1394479138,64712,,,,,,,,,,,,,,,,,,#000000,1.7303452393240255,26.930250905150917,0.20372097812503134,40.96300625627331,-9.979043921538576,False,True,False,True,False,0.0,0.0,0.0,0.0,0.0,0,0.9965252544330159,0.8494874368902865,False,False,False,False,-0.2963492259941637,-0.21549128468566045,False,False,False,False,-64690,106944.51964617503,False,False,False,False,48613.466143721125,False,False,False,False
2024-07-10 00:00:00+00:00,27.4798106269,27.4887675404,26.9603096437,27.1394479138,37055,,,,,,,,,,,,,,,,,,#000000,1.7194758608687486,26.92872008928553,0.320499141718708,40.58315191162619,-9.979043921538576,False,True,False,True,False,0.0,0.0,0.0,0.0,0.0,0,0.97751289805582,0.8604963737843254,False,False,False,False,-0.28260227834175444,-0.24904678151370746,False,False,False,False,-27635,101666.8914247564,False,False,False,False,48160.19296161441,False,False,False,False
2024-07-11 00:00:00+00:00,27.0946633462,27.1394479138,26.7811713736,26.8707405087,112635,,,,,,,,,,,,,,,,,,#000000,1.7039401072135936,26.917007687597653,0.10426168023761284,39.29821086088197,-4.677107436287088,False,True,False,True,False,0.0,0.0,0.0,0.0,0.0,0,0.9621302561677795,0.8629070498718133,False,False,False,False,-0.3234774471785583,-0.2862621143461329,False,False,False,False,-140270,92179.170192413,False,False,False,False,50688.6167670413,False,False,False,False
2024-07-12 00:00:00+00:00,26.9692665572,27.0230080382,26.6289038441,26.8886543357,68146,,,,,,,,,,,,,,,,,,#000000,1.6913985443354413,26.90890772987501,0.03568575101777981,38.11003526577115,-6.097951403722213,False,True,False,True,False,0.0,0.0,0.0,0.0,0.0,0,0.9501620008193834,0.8679203251461826,False,False,False,False,-0.34282825441539394,-0.3145451843807634,False,False,False,False,-208416,80391.12430251445,False,False,False,False,51373.2200310789,False,False,False,False
2024-07-15 00:00:00+00:00,27.3006723568,27.3991984053,26.5035070551,26.7095160656,55555,,,,,,,,,,,,,,,,,,#000000,1.6727237498695526,26.945129483539652,0.21255325231561661,38.88136490898208,-6.097951403722213,False,True,False,True,False,0.0,0.0,0.0,0.0,0.0,0,0.9644390227543593,0.8522304756809561,False,False,False,False,-0.3231195699200941,-0.3188323771504288,False,False,False,False,-152861,71243.98217300409,False,False,False,False,51537.211402409135,False,False,False,False
2024-07-16 00:00:00+00:00,27.748518032,27.766431859,27.0857064327,27.3275430973,33668,,,,,,,,,,,,,,,,,,#000000,1.6542081769694807,26.95517180602161,0.4795927362853474,41.339157380318895,-6.097951403722213,False,True,False,True,True,0.8105521816107704,0.0,0.0,0.0,0.0,0,0.9760395769752803,0.8393635614197633,False,False,False,False,-0.250525028336447,-0.2846787027434379,False,False,False,False,-119193,63775.86522504313,False,False,False,False,50836.45801407937,False,False,False,False
2024-07-17 00:00:00+00:00,27.4081553188,27.8112164265,27.3275430973,27.6768627239,36336,,,,,,,,,,,,,,,,,,#000000,1.6363089395549013,26.960362453494305,0.2736603427880186,41.81158154659799,-6.097951403722213,False,True,False,True,True,0.0,0.0,0.0,0.0,0.0,0,0.9693942650990838,0.8508316360653625,False,False,False,False,-0.2291399110618122,-0.25690930690262503,False,False,False,False,-155529,55175.67443190418,False,False,False,False,50267.81260176253,False,False,False,False
2024-07-18 00:00:00+00:00,26.8976112492,27.3275430973,26.7363868061,27.3275430973,53396,,,,,,,,,,,,,,,,,,#000000,1.6248384089330792,26.95132252988703,-0.033056382955827315,40.54530375306503,-6.097951403722213,False,True,False,True,True,0.0,0.0,0.0,0.0,0.0,0,0.9500588936740619,0.8646694272745896,False,False,False,False,-0.310577494222422,-0.2837434005625235,False,False,False,False,-208925,44818.78523849617,False,False,False,False,50390.48661737969,False,False,False,False
2024-07-19 00:00:00+00:00,27.2558877893,27.3096292703,26.8887439048,26.9334389032,29064,,,,,,,,,,,,,,,,,,#000000,1.6133819510807015,26.949752439482985,0.18974759796460788,41.33111259004565,-6.097951403722213,False,True,False,True,True,0.0,0.0,0.0,0.0,0.0,0,0.9554969477651035,0.8670758733446117,False,False,False,False,-0.3001908652240275,-0.29196713289327547,False,False,False,False,-179861,36007.81326835907,False,False,False,False,49554.15380885499,False,False,False,False
2024-07-22 00:00:00+00:00,28.6621232093,28.756170801,27.4260691459,27.4260691459,67534,,,,,,,,,,,,,,,,,,"rgba(38, 166, 154, 1.0)",1.6086099092501505,26.976170229471034,1.0480806876384765,46.69040275620094,-8.315038106028055,False,True,False,False,True,3.9701757904503374,0.0,0.0,0.0,0.0,0,0.9603639390552853,0.8474768606982155,False,False,False,False,-0.15285044336639872,-0.2224087881298371,False,False,False,False,-112327,30190.761767639106,False,False,False,False,50259.24581635088,False,False,False,False
2024-07-23 00:00:00+00:00,29.0830981439,29.2174518464,28.2053206206,28.5456833337,100631,,,,,,,,,,,,,,,,,,"rgba(38, 166, 154, 1.0)",1.5982613876602074,27.024525357572042,1.288007582628038,51.35932078730312,-4.017790292551879,False,False,True,False,True,5.341997565753292,0.0,0.0,0.0,0.0,0,0.9641424677581012,0.8560834578940856,False,False,False,False,-0.06433119630405226,-0.14336999221694469,False,False,False,False,-11696,28548.143659104237,False,False,False,False,52234.60872551359,False,False,False,False
2024-07-24 00:00:00+00:00,28.2321913611,28.8860460468,28.0530530911,28.8860460468,93899,,,,,,,,,,,,,,,,,,"rgba(38, 166, 154, 0.5)",1.5908588545232256,27.048867907943407,0.7438268013482757,51.50776550089507,-3.990456092892451,False,False,False,False,True,2.264234863810156,0.0,0.0,0.0,0.0,0,0.9523500179926727,0.8630548913149493,False,False,False,False,-0.09864901012627388,-0.12100950117160927,False,False,False,False,-105595,23287.628221492305,False,False,False,False,53868.50642255228,False,False,False,False
2024-07-25 00:00:00+00:00,27.8649579075,28.0530530911,27.5872935889,27.927656302,80466,,,,,,,,,,,,,,,,,,"rgba(38, 166, 154, 0.5)",1.5778109551292707,27.055250596416755,0.5131839834493381,50.4837945917641,-3.990456092892451,False,False,False,False,True,0.9823779107668784,0.0,0.0,0.0,0.0,0,0.9350725986944796,0.883154714447101,False,False,False,False,-0.19219389325434996,-0.15660169721297962,False,False,False,False,-186061,15077.878095159276,False,False,False,False,54911.545386373764,False,False,False,False
2024-07-26 00:00:00+00:00,27.909742475,27.9903546965,27.6141643294,27.9903546965,35147,,,,,,,,,,,,,,,,,,"rgba(38, 166, 154, 0.5)",1.5616267067188216,27.058109814244755,0.5453497030315497,49.949788807304586,-3.990456092892451,False,False,False,False,True,1.13487465305926,0.0,0.0,0.0,0.0,0,0.9358879867996226,0.8970172043657485,False,False,False,False,-0.19481463776840804,-0.17570816749069385,False,False,False,False,-150914,8568.392679662835,False,False,False,False,54136.46517514342,False,False,False,False
2024-07-29 00:00:00+00:00,28.4650711122,28.5456833337,27.9903546965,27.9903546965,39312,,,,,,,,,,,,,,,,,,"rgba(38, 166, 154, 0.5)",1.5474451831866762,27.066460347200348,0.903819262999335,51.39164875354217,-3.928425996909432,False,False,False,False,True,3.011527767877329,0.0,0.0,0.0,0.0,0,0.9395506665629082,0.8854889589461027,False,False,False,False,-0.12742178939589657,-0.1515649784432952,False,False,False,False,-111602,3855.828260852528,False,False,False,False,53555.11359964761,False,False,False,False
2024-07-30 00:00:00+00:00,28.5635971607,28.7516923443,27.9679624128,28.0261823505,56832,,,,,,,,,,,,,,,,,,"rgba(38, 166, 154, 0.5)",1.5445572069636295,27.07945580541957,0.9608846785274016,52.660408336426855,-2.549724830971705,False,False,True,False,True,3.341129468091065,0.0,0.0,0.0,0.0,0,0.9154783693656016,0.890973659729966,False,False,False,False,-0.11429099071455216,-0.13292798457892369,False,False,False,False,-54770,1556.7761721916445,False,False,False,False,53683.61894868104,False,False,False,False
2024-07-31 00:00:00+00:00,29.1010119709,29.2264087599,28.7069077768,28.7964769118,58421,,,,,,,,,,,,,,,,,,"rgba(38, 166, 154, 1.0)",1.533997362273361,27.22970456329274,1.2198895862728292,55.118911393390576,-0.07502278587372047,False,False,True,False,True,5.121868426838912,0.0,0.0,0.0,0.0,0,0.9177992143175591,0.8801062014485904,False,False,False,False,-0.028268719681585723,-0.08059835213025471,False,False,False,False,3651,1638.9025968115802,False,False,False,False,53869.39859775238,False,False,False,False
2024-08-01 00:00:00+00:00,28.3307174096,28.9935290089,28.1605360531,28.9935290089,54455,,,,,,,,,,,,,,,,,,"rgba(38, 166, 154, 0.5)",1.5152900847893185,27.228694575980644,0.7272685571440116,53.846424519429135,-0.07502278587372047,False,False,True,False,True,2.3119228931091875,0.0,0.0,0.0,0.0,0,0.8981130523566467,0.9051860727629588,False,False,False,False,-0.08337282008135041,-0.08198558610580256,False,False,False,False,-50804,-417.6818187496581,False,False,False,False,53892.36335862484,False,False,False,False
2024-08-02 00:00:00+00:00,26.3333256985,27.0319649517,26.252713477,26.7363868061,166868,,,,,,,,,,,,,,,,,,"rgba(239, 83, 80, 0.5)",1.5190469840798,27.12524781792983,-0.5213282589212036,47.98295764396062,3.438763656907696,False,False,False,False,False,0.0,0.0,0.0,0.0,0.0,0,0.8657408099873283,0.9200517012624917,False,False,False,False,-0.34282825441539394,-0.21240692026059826,False,False,False,False,-217672,-8937.459002328103,False,False,False,False,58322.78048181602,False,False,False,False
2024-08-05 00:00:00+00:00,25.9840060719,26.198971996,24.8554349705,25.0793578081,72782,,,,,,,,,,,,,,,,,,"rgba(239, 83, 80, 0.5)",1.5307393454426088,27.042052165493555,-0.6911993846265332,43.428548593328074,-0.6714416762594624,False,True,False,True,False,0.0,0.0,0.0,0.0,0.0,0,0.8505479307263827,0.9363023884525518,True,False,False,False,-0.34282825441539394,-0.27761758733799613,False,False,False,False,-290454,-19977.32335517798,True,False,False,False,58889.80869821539,True,False,False,False
2024-08-06 00:00:00+00:00,26.3333256985,26.5124639686,25.6078157048,25.7421694073,53770,,,,,,,,,,,,,,,,,,#000000,1.5261392230900197,27.03236818841456,-0.45804634291436735,41.60707724540174,-2.1965381005746494,False,True,False,True,False,0.0,0.0,0.0,0.0,0.0,0,0.8793037267859042,0.9332088326385657,False,False,False,False,-0.27815035324279114,-0.27788397029039363,False,False,False,False,-236684,-28475.624400072964,False,False,False,False,58689.03188652067,False,False,False,False
2024-08-07 00:00:00+00:00,26.288541131,27.0140511247,26.288541131,26.6378607576,55391,,,,,,,,,,,,,,,,,,#000000,1.5305805955902456,27.03047928234958,-0.4847429488438441,40.294507538737186,-3.366032875121185,False,True,False,True,False,0.0,0.0,0.0,0.0,0.0,0,0.8838245014508258,0.9329337448115441,False,False,False,False,-0.20894898626572708,-0.24341647827806034,False,False,False,False,-292075,-38812.85481575638,False,False,False,False,58559.69730273555,False,False,False,False
2024-08-08 00:00:00+00:00,26.5303777956,26.5930761901,26.1631443419,26.4766363145,32766,,,,,,,,,,,,,,,,,,#000000,1.5272717508860332,27.0256937518838,-0.32431422632969353,40.335448786574005,-3.398418364497715,False,True,False,True,False,0.0,0.0,0.0,0.0,0.0,0,0.8753559031891491,0.9459927598409236,False,False,False,False,-0.24064554093808532,-0.24203100960807283,False,False,False,False,-259309,-47459.76247004044,False,False,False,False,57548.1797614518,False,False,False,False
2024-08-09 00:00:00+00:00,27.2917154433,27.6679058104,26.5255410623,26.8886543357,124871,,,,,,,,,,,,,,,,,,#000000,1.5135904421409985,27.04331312941351,0.16411461579733647,42.99331658928334,-3.398418364497715,False,True,False,True,False,0.0,0.0,0.0,0.0,0.0,0,0.8978868767483076,0.9192522607400763,False,False,False,False,-0.15811349612978223,-0.20007225286892755,False,False,False,False,-134438,-50870.67374572513,False,False,False,False,60188.29035904193,False,False,False,False
2024-08-12 00:00:00+00:00,27.3096292703,27.5828151322,26.7095160656,26.9244819897,86789,,,,,,,,,,,,,,,,,,#000000,1.4994830255964327,27.05003840507833,0.17312024263723616,44.82409418268307,-3.398418364497715,False,False,False,True,True,0.0,0.0,0.0,0.0,0.0,0,0.9054152955605853,0.9217830033903883,False,False,False,False,-0.15252503481949395,-0.17629864384421073,False,False,False,False,-47649,-50744.33359883395,False,False,False,False,61231.455443001076,False,False,False,False
2024-08-13 00:00:00+00:00,27.1036202598,27.2111032218,26.6735092733,27.0857064327,77499,,,,,,,,,,,,,,,,,,#000000,1.4941405204016986,27.048544211503092,0.03686135778052544,45.375072045340076,-3.398418364497715,False,False,False,True,True,0.0,0.0,0.0,0.0,0.0,0,0.899652379431607,0.9333701420674356,False,False,False,False,-0.1756322160985332,-0.17596542997137196,False,False,False,False,-125148,-53662.12443809537,False,False,False,False,61869.39836680496,False,False,False,False
2024-08-14 00:00:00+00:00,27.3185861838,27.4798106269,26.9423958167,27.0409218652,55914,,,,,,,,,,,,,,,,,,#000000,1.4936024262443148,27.051664275260606,0.17871014658872364,46.552240894780724,-3.398418364497715,False,False,False,False,True,0.0,0.0,0.0,0.0,0.0,0,0.900730812894259,0.938093759851119,False,False,False,False,-0.14519939675271187,-0.16058241336204193,False,False,False,False,-69234,-54272.78622483673,False,False,False,False,61635.853332812614,False,False,False,False
2024-08-15 00:00:00+00:00,28.2321913611,28.3844588907,27.5425090214,27.5425090214,66304,,,,,,,,,,,,,,,,,,"rgba(38, 166, 154, 0.5)",1.4874810776484204,27.070871450733996,0.7807291990577457,50.31850754490983,-5.635676137697189,True,False,False,False,True,2.393418949751407,0.0,0.0,0.0,0.0,0,0.9100914213061203,0.9158222436602445,False,False,False,False,-0.0006055114053744999,-0.08059396238370821,False,False,False,False,-2930,-52259.343627784314,False,False,False,False,61818.91790799644,False,False,False,False
2024-08-16 00:00:00+00:00,28.2859328421,28.4023727177,27.9590054993,28.0978376586,82303,,,,,,,,,,,,,,,,,,"rgba(38, 166, 154, 0.5)",1.478995104621982,27.09568907680964,0.8047651825017863,52.98671649361388,-3.045569246752166,True,False,True,False,True,2.5698604550163964,0.0,0.0,0.0,0.0,0,0.9325453252797278,0.8952408460743245,False,False,False,False,0.052680765867367266,-0.013956598258170472,False,False,False,False,79373,-47097.290936498655,False,False,False,False,62622.21524493775,False,False,False,False
2024-08-19 00:00:00+00:00,28.2053206206,28.6979508633,27.838087167,28.2142775341,123148,,,,,,,,,,,,,,,,,,"rgba(38, 166, 154, 0.5)",1.4613950775217746,27.128883324869054,0.7365819909263416,54.41275231082668,-1.6250437949629202,True,False,True,False,True,2.282404983674912,0.0,0.0,0.0,0.0,0,0.9456262669049973,0.8841690241262276,False,False,False,False,0.06531777287369996,0.025680587307764742,False,False,False,False,-43775,-46967.00501742028,False,False,False,False,64995.77543141079,False,False,False,False
2024-08-20 00:00:00+00:00,28.7158646903,29.0566337047,28.586012589,28.9755688929,105124,,,,,,,,,,,,,,,,,,"rgba(38, 166, 154, 1.0)",1.44926863796312,27.167842478754057,1.0681402819297978,56.96212906154059,0.8757748090304034,True,False,True,False,True,3.9831730917543027,0.0,0.0,0.0,0.0,0,0.9525102930647081,0.8618011940676678,False,False,False,False,0.14604085116988122,0.08586071923882298,False,False,False,False,61349,-42719.3185461489,False,False,False,False,66569.43129684567,False,False,False,False
2024-08-21 00:00:00+00:00,28.1686308347,28.3911416855,27.7883496809,27.9182017822,94011,,,,,,,,,,,,,,,,,,"rgba(38, 166, 154, 0.5)",1.4460195747460458,27.184403508462736,0.6806459216917008,56.24425957252305,0.8757748090304034,True,False,True,False,True,2.013093325716774,0.0,0.0,0.0,0.0,0,0.9318394920812811,0.8746656385029649,False,False,False,False,0.1078063634217301,0.09683354133027654,False,False,False,False,-32662,-42324.91389728032,False,False,False,False,67645.57124598898,False,False,False,False
2024-08-22 00:00:00+00:00,27.8068999811,28.3077580861,27.7883496809,28.1129799342,53385,,,,,,,,,,,,,,,,,,#000000,1.4467991065413728,27.191403207008836,0.4254196531559457,54.334890206961774,0.8757748090304034,True,False,True,False,True,0.738843963453828,0.0,0.0,0.0,0.0,0,0.9566814121819855,0.864625658216562,False,False,False,False,0.10061255814145902,0.09872304973586778,False,False,False,False,-86047,-44039.505509151684,False,False,False,False,67086.33315791098,False,False,False,False
2024-08-23 00:00:00+00:00,28.2057314351,28.3263083863,27.7234236302,27.7790745308,40778,,,,,,,,,,,,,,,,,,"rgba(38, 166, 154, 0.5)",1.4457214816240098,27.197662497686288,0.6972774149287216,54.49278208537143,0.8757748090304034,True,False,True,False,True,2.0959668816585157,0.0,0.0,0.0,0.0,0,0.9420131341920192,0.8707588265516035,False,False,False,False,0.15040255531822605,0.1245628025270469,False,False,False,False,-45269,-44087.72097938103,False,False,False,False,66054.63381838506,False,False,False,False
2024-08-26 00:00:00+00:00,28.7436901406,29.2074476452,28.2984829361,28.3819592869,122828,,,,,,,,,,,,,,,,,,"rgba(38, 166, 154, 1.0)",1.445311680613213,27.23322139238345,1.0450816723322212,56.31573571138273,0.8757748090304034,True,False,True,False,True,3.8847339083987187,0.0,0.0,0.0,0.0,0,0.9715531593931285,0.8375582688234744,False,False,False,False,0.2974685112582717,0.21101565689265928,False,False,False,False,77559,-39317.261333130795,False,False,False,False,68281.04033531115,False,False,False,False
2024-08-27 00:00:00+00:00,28.5118113882,28.7529652906,28.2057314351,28.4561604876,86331,,,,,,,,,,,,,,,,,,"rgba(38, 166, 154, 0.5)",1.4450319655634065,27.251719600191173,0.8720165491408552,56.50585807987365,1.1312601102119046,True,False,True,False,True,3.042525677284303,0.0,0.0,0.0,0.0,0,0.9930358207994807,0.8351501371028954,False,False,False,False,0.24105252614007652,0.22603409151636789,False,False,False,False,-8772,-38119.40794751782,False,False,False,False,68988.88189078914,False,False,False,False
2024-08-28 00:00:00+00:00,27.9182017822,28.4376101875,27.9182017822,28.4376101875,84329,,,,,,,,,,,,,,,,,,#000000,1.447400553423428,27.261987341391535,0.45337445757939693,54.23943768811471,1.1312601102119046,True,False,True,False,False,0.9250165004816857,0.0,0.0,0.0,0.0,0,0.9798344353660069,0.83774914362323,False,False,False,False,0.18058330553401214,0.20330869852519,False,False,False,False,-93101,-40275.548812321045,False,False,False,False,69590.45514997387,False,False,False,False
2024-08-29 00:00:00+00:00,28.4839859379,28.5581871387,28.0202284332,28.1315302344,30633,,,,,,,,,,,,,,,,,,"rgba(38, 166, 154, 0.5)",1.4457121269235504,27.267236155739447,0.8416266001377306,54.68756492478951,1.1312601102119046,True,False,True,False,False,2.8295011550668576,0.0,0.0,0.0,0.0,0,0.9776295188518583,0.8428475800864474,False,False,False,False,0.20273611284457185,0.20302240568488095,False,False,False,False,-62468,-41145.84101575943,False,False,False,False,68062.71181075923,False,False,False,False
2024-08-30 00:00:00+00:00,29.179622195,29.4207760974,28.7993410411,28.7993410411,84705,,,,,,,,,,,,,,,,,,"rgba(38, 166, 154, 1.0)",1.4443370866610012,27.294283547601758,1.3053314664630973,57.00691076223769,2.038540396711113,True,False,True,False,False,5.084693219335321,0.0,0.0,0.0,0.0,0,0.9681136916558792,0.8538448242646345,False,False,False,False,0.3428282337431209,0.2729253197140009,False,False,False,False,22237,-38660.23940729828,False,False,False,False,68715.35056327848,False,False,False,False
2024-09-03 00:00:00+00:00,28.0573290336,28.4561604876,27.8254502813,28.4561604876,123171,,,,,,,,,,,,,,,,,,"rgba(38, 166, 154, 0.5)",1.437952830991005,27.307586961739162,0.5213954558885852,54.546643282592974,2.038540396711113,True,False,True,False,False,1.166499919860854,0.0,0.0,0.0,0.0,0,0.9263599566523069,0.8651241435069642,False,False,False,False,0.15262746404893293,0.2127763918814669,False,False,False,False,-100934,-41102.3476658356,False,False,False,False,70850.86622746364,False,False,False,False
2024-09-04 00:00:00+00:00,27.8347254314,28.3819592869,27.603959697,27.69559818,54166,,,,,,,,,,,,,,,,,,#000000,1.426638996725146,27.3114832301791,0.36676566561127466,52.231472891525,2.038540396711113,True,False,False,False,False,0.41967160710304086,0.0,0.0,0.0,0.0,1,0.9233290491006448,0.8708396794630975,False,False,False,False,0.12486334757646263,0.16881986972896476,False,False,False,False,-155100,-45572.84383580283,False,False,False,False,70196.55774795526,False,False,False,False
2024-09-05 00:00:00+00:00,27.7883496809,27.9181090307,27.4544442775,27.500820028,65067,,,,,,,,,,,,,,,,,,#000000,1.4141898208842372,27.313460743861224,0.3358028250704335,50.54102677610042,5.622776744288139,True,False,False,False,False,0.26279081237914426,0.0,0.0,0.0,0.0,1,0.9368874270453178,0.8712777658324273,False,False,False,False,0.06782804889278368,0.11832395931087422,False,False,False,False,-220167,-52419.67348930076,False,False,False,False,69995.39862058446,False,False,False,False
2024-09-06 00:00:00+00:00,27.9831278329,28.1686308347,27.8254502813,27.9089266321,30691,,,,,,,,,,,,,,,,,,#000000,1.3802409137802956,27.315909488511625,0.4834071630009517,50.13699829262866,5.141306855609159,True,False,False,False,False,0.9231660356009037,0.0,0.0,0.0,0.0,1,0.9439132106895444,0.8675491578429336,False,False,False,False,0.1256269777554883,0.12197546853318127,False,False,False,False,-189476,-57794.43139168112,False,False,False,False,68454.04965507134,False,False,False,False
2024-09-09 00:00:00+00:00,27.7512490805,28.1037047841,27.2411158254,27.2967667259,112749,,,,,,,,,,,,,,,,,,#000000,1.340642933770405,27.36868050404229,0.2853620205805139,49.02892826239758,3.9327886697539753,True,False,False,False,False,0.11688562949078118,0.0,0.0,0.0,0.0,1,0.9155554190080069,0.8773044399178385,False,False,False,False,0.06526239064227002,0.09361892958772564,False,False,False,False,-302225,-67379.943886125,False,False,False,False,70191.10653134304,False,False,False,False
2024-09-10 00:00:00+00:00,27.5286454783,28.1222550843,27.3245921762,28.1222550843,48973,,,,,,,,,,,,,,,,,,#000000,1.3139700864579145,27.368798964176495,0.12165156252103489,47.49266504569172,2.318573379496975,False,False,False,True,False,0.0,0.0,0.0,0.0,0.0,1,0.9205924253979432,0.87432002166197,False,False,False,False,0.07470575696657993,0.08416234327715277,False,False,False,False,-351198,-78510.06373372793,False,False,False,False,69359.02392227078,False,False,False,False
2024-09-11 00:00:00+00:00,27.8161751312,28.0295035833,27.4856087818,27.5564709286,68445,,,,,,,,,,,,,,,,,,#000000,1.293786532106374,27.37253273910823,0.34290231122555487,47.722808397434136,2.318573379496975,False,False,False,True,False,0.3564225729838242,0.0,0.0,0.0,0.0,1,0.9420556242312036,0.8723453581364491,False,False,False,False,0.08103155856549468,0.08259695092132373,False,False,False,False,-282753,-86519.59064613076,False,False,False,False,69323.17984688761,False,False,False,False
2024-09-12 00:00:00+00:00,29.5413530486,29.6804803,29.082233119,29.3372997466,385592,,,,,,,,,,,,,,,,,,"rgba(0, 255, 255, 0.75)",1.255322732763434,27.536400036131802,1.597161399327605,53.21062108930949,-1.6568723244835297,True,False,True,False,True,6.01145428238835,0.0,0.0,0.0,0.0,1,0.94699386800175,0.8679295423231289,False,False,False,False,0.342828235198265,0.21271259305979437,False,False,False,False,102839,-79093.76356196878,False,False,False,False,81725.87867642143,False,False,False,False
2024-09-13 00:00:00+00:00,30.0143857034,30.3111905064,29.5228027484,29.6526548497,193600,,,,,,,,,,,,,,,,,,"rgba(0, 255, 255, 0.75)",1.2135813180477835,27.613906617514186,1.9780125568736686,57.88642458615079,2.6182439889586817,True,False,True,False,True,7.443448381308258,0.0,0.0,0.0,0.0,1,0.9452419973979388,0.8593600368032136,False,False,False,False,0.34282823754312736,0.27777041530146085,False,False,False,False,296439,-64366.98852032295,False,False,False,False,86113.09912048333,False,False,False,False
2024-09-16 00:00:00+00:00,30.9048001124,30.9836388882,30.4874183582,30.6358207597,143689,,,,,,,,,,,,,,,,,,"rgba(0, 255, 0, 1.0)",1.2095727860483214,27.68839396755697,2.659125752449376,62.6414865559363,6.845134156045809,True,False,True,False,True,10.033616255533989,0.0,0.0,0.0,0.0,0,0.9799570157266221,0.8383531587961285,False,False,False,False,0.34282824019474556,0.3102993277481032,False,False,False,False,440128,-44582.87132344754,False,False,False,False,88370.97758634674,False,False,False,False
2024-09-17 00:00:00+00:00,30.867699512,31.1274037146,30.5245189586,30.6172704595,88873,,,,,,,,,,,,,,,,,,"rgba(0, 255, 0, 1.0)",1.2042087058517192,27.731891749828662,2.6040401027938325,65.64733320444604,9.39471739863616,True,False,True,False,True,9.8952257201014,0.0,0.0,0.0,0.0,0,0.9986589144881253,0.8245212592647558,False,False,False,False,0.34282824043744625,0.32656378409277476,False,False,False,False,351255,-29059.817546057446,False,False,False,False,88390.66473982333,False,False,False,False
2024-09-18 00:00:00+00:00,30.6821965101,31.456671543,30.6172704595,31.0161019135,138311,,,,,,,,,,,,,,,,,,"rgba(0, 255, 0, 1.0)",1.1827048440146317,27.797357578349118,2.4391875507657863,66.78678462969603,10.296048723388232,True,False,True,False,True,9.196105803794765,0.0,0.0,0.0,0.0,0,1.0056115818587719,0.8092694074282597,False,False,False,False,0.342828240972765,0.33469601253276987,False,False,False,False,212944,-19569.47175993755,False,False,False,False,90348.32494610477,False,False,False,False
2024-09-19 00:00:00+00:00,31.5818860692,31.7024630205,31.257255816,31.7024630205,151885,,,,,,,,,,,,,,,,,,"rgba(0, 255, 0, 1.0)",1.1869942198923484,27.879545466424258,3.1190889902661163,69.21510561779978,12.536946667868335,True,False,True,False,True,11.772943321478124,0.0,0.0,0.0,0.0,0,1.0060359060845503,0.7948004501381177,False,False,False,False,0.34282824197292094,0.3387621272528454,False,False,False,False,364829,-4495.021886998824,False,False,False,False,92761.52788939477,False,False,False,False
2024-09-20 00:00:00+00:00,30.3297408066,30.6265456096,30.070036604,30.570894709,123873,,,,,,,,,,,,,,,,,,"rgba(0, 255, 0, 1.0)",1.16326145947043,27.918620293389107,2.0727244881890488,65.93151864939679,12.536946667868335,True,False,True,False,True,7.201521926717618,0.0,0.0,0.0,0.0,0,0.9972618842454447,0.8014666694071747,False,False,False,False,0.20746361648532338,0.2731128718690844,False,False,False,False,240956,5130.508383079562,False,False,False,False,93981.58561922243,False,False,False,False
2024-09-23 00:00:00+00:00,30.66364621,30.7934983113,29.7546815008,29.8938087522,136299,,,,,,,,,,,,,,,,,,"rgba(0, 255, 0, 1.0)",1.1709772767555526,27.96099514860772,2.3080303222284244,64.48795675116541,12.536946667868335,True,False,True,False,False,8.159703798573442,0.0,0.0,0.0,0.0,0,0.9951399386736977,0.7991533841569479,False,False,False,False,0.19889219927820423,0.2360025355736443,False,False,False,False,377255,19723.625701390167,False,False,False,False,95641.09206552744,False,False,False,False
2024-09-24 00:00:00+00:00,31.1459540148,31.2201552156,30.765672861,30.8398740617,90489,,,,,,,,,,,,,,,,,,"rgba(0, 255, 0, 1.0)",1.2043921346561492,27.996977751894143,2.614577239666948,64.55488858931602,12.536946667868335,True,False,True,False,False,9.523619213627455,0.0,0.0,0.0,0.0,0,1.0197223514365372,0.7939018831863738,False,False,False,False,0.28335783900904116,0.25968018729134273,False,False,False,False,467744,37293.05214447291,False,False,False,False,95439.04923942832,False,False,False,False
2024-09-25 00:00:00+00:00,29.9494596527,30.3111905064,29.8938087522,30.1535129548,162054,,,,,,,,,,,,,,,,,,"rgba(0, 255, 255, 0.75)",1.2006755830783773,28.034693936573966,1.5947402804817783,60.71917729399492,17.601031435218516,True,False,True,False,False,5.372030674177886,0.0,0.0,0.0,0.0,0,0.9870526047569871,0.8070343729364462,False,False,False,False,0.17917859196618754,0.21942938962876513,False,False,False,False,305690,47818.42264861123,False,False,False,False,98051.40024964682,False,False,False,False
2024-09-26 00:00:00+00:00,30.9511758629,31.0161019135,30.3297408066,30.3297408066,133020,,,,,,,,,,,,,,,,,,"rgba(0, 255, 0, 1.0)",1.2217769123537892,28.07810824931415,2.3515484574436782,60.387021681896215,17.13146617354556,True,False,True,False,False,8.17602106264243,0.0,0.0,0.0,0.0,0,0.9829140811208781,0.7863967707973443,False,False,False,False,0.24533746533683654,0.23238342748280083,False,False,False,False,438710,63147.50411337158,False,False,False,False,99422.71788691558,False,False,False,False
2024-09-27 00:00:00+00:00,30.66364621,30.9975516133,30.6079953094,30.7285722606,81125,,,,,,,,,,,,,,,,,,"rgba(0, 255, 0, 1.0)",1.2464861701437249,28.103597105041,2.0538126826259253,59.31037712992898,15.861772952825433,True,False,True,False,False,7.206381810960558,0.0,0.0,0.0,0.0,0,1.0049557766286186,0.7760244017473048,False,False,False,False,0.26067648970336726,0.24652995859308405,False,False,False,False,357585,74694.07257951387,False,False,False,False,98705.16032272282,False,False,False,False
2024-09-30 00:00:00+00:00,30.2648147559,30.6914716602,30.0793117541,30.6172704595,90058,,,,,,,,,,,,,,,,,,"rgba(0, 255, 255, 0.75)",1.2612788759798084,28.126015985135336,1.6957381999307388,57.42061056642576,13.813442143455298,True,False,True,False,False,5.87196734581736,0.0,0.0,0.0,0.0,0,0.9891227111049411,0.7837090684207016,False,False,False,False,0.21176054614448134,0.2291452523687827,False,False,False,False,267527,82256.14816463097,False,False,False,False,98366.05599634153,False,False,False,False
2024-10-01 00:00:00+00:00,30.7007468103,30.9697261631,29.9587348028,30.0514863038,82285,,,,,,,,,,,,,,,,,,"rgba(0, 255, 255, 0.75)",1.2895233871047118,28.14825221130612,1.9794093108499893,57.22497237202509,13.346414417374064,True,False,True,False,False,7.101245994917079,0.0,0.0,0.0,0.0,0,0.9775446916200836,0.807186194020816,False,False,False,False,0.22091737563364894,0.22503131400121582,False,False,False,False,349812,92748.53451111603,False,False,False,False,97735.42634942618,False,False,False,False
2024-10-02 00:00:00+00:00,31.6468121199,31.7395636208,31.2758061161,31.7395636208,90520,,,,,,,,,,,,,,,,,,"rgba(0, 255, 0, 1.0)",1.3330221207761257,28.18444268803385,2.597383327630193,59.12610450191067,13.346414417374064,True,False,True,False,False,9.673773072269391,0.0,0.0,0.0,0.0,0,0.9766848159693312,0.8009364009220159,False,False,False,False,0.34282824203081214,0.283929778016014,False,False,False,False,440332,106379.25864793501,False,False,False,False,97452.46845337025,False,False,False,False
2024-10-03 00:00:00+00:00,32.4537501781,32.5279513788,31.8230399717,31.9992678235,108559,,,,,,,,,,,,,,,,,,"rgba(0, 255, 0, 1.0)",1.4007757431825798,28.23677092684511,3.0104599339176605,61.83900249778612,13.346414417374064,True,False,True,False,True,11.759169939089183,0.0,0.0,0.0,0.0,0,0.9935669893118426,0.7782889918854772,False,False,False,False,0.34282824327482464,0.3133790106454193,False,False,False,False,548891,123732.66026958462,False,False,False,False,97888.01871010083,False,False,False,False
2024-10-04 00:00:00+00:00,31.952892073,32.3795489773,31.8044896715,32.3795489773,46414,,,,,,,,,,,,,,,,,,"rgba(0, 255, 0, 1.0)",1.453557528527336,28.25726183457931,2.5424726341343353,61.98933271418275,13.346414417374064,True,False,True,False,True,10.039790400501701,0.0,0.0,0.0,0.0,0,1.0065695630011557,0.7646621177226393,False,False,False,False,0.33355668970717045,0.32346785017629487,False,False,False,False,502477,138585.37947469894,False,False,False,False,95869.42974107729,False,False,False,False
2024-10-07 00:00:00+00:00,33.0473597841,33.0566349341,32.4073744276,32.5650519792,106027,,,,,,,32.8371230486,,,,,,,,,32.8371230486,,"rgba(0, 255, 0, 1.0)",1.5425969486786588,28.583629130768138,2.8936467540373134,63.986880928320105,8.4779403414948,True,False,True,False,True,12.788865832462083,0.0,0.0,0.0,0.0,0,1.0092725241687532,0.742265649823341,False,False,False,False,0.3428282441353378,0.33314804715581636,False,False,False,False,608504,157013.56067176958,False,False,False,False,96267.7658296625,False,False,False,False
2024-10-08 00:00:00+00:00,32.1569453751,32.3609986771,31.9475124859,32.3609986771,55816,,,,,,,32.601926679049704,,,,,,,,,32.601926679049704,,"rgba(0, 255, 0, 1.0)",1.5949474526665477,28.59504671140318,2.2332388805297514,62.62186320116453,8.4779403414948,True,False,True,False,True,9.809347174577212,0.0,0.0,0.0,0.0,0,0.9782735947656769,0.759783186672673,False,False,False,False,0.2845109971288168,0.30882952214231657,False,False,False,False,552688,172530.20535130802,False,False,False,False,94681.42207163652,False,False,False,False
2024-10-09 00:00:00+00:00,31.7024630205,32.0456435739,31.5818860692,31.7395636208,57885,,,,,,,32.384520079196115,,,,,,,,,32.384520079196115,,"rgba(0, 255, 255, 0.75)",1.6327373355782193,28.605144632237074,1.8970095928908488,60.46148555678516,8.4779403414948,True,False,True,False,False,8.336223336272056,0.0,0.0,0.0,0.0,0,0.9677079635452127,0.7680672297292179,False,False,False,False,0.25102729973318577,0.27992841093775117,False,False,False,False,494803,185168.35416106065,False,False,False,False,93238.42512765079,False,False,False,False
2024-10-10 00:00:00+00:00,32.2775223263,32.4351998779,31.7673890711,31.8137648216,32215,,,,,,,32.355816287306524,,,,,,,,,32.355816287306524,,"rgba(0, 255, 0, 1.0)",1.682223666553394,28.61673101236505,2.1761620566397832,60.19348528829634,8.4779403414948,True,False,True,False,False,9.798477306301251,0.0,0.0,0.0,0.0,0,0.956843812363992,0.7721978756969897,False,False,False,False,0.27926363027694645,0.2795960206073488,False,False,False,False,527018,198574.2226253328,False,False,False,False,90845.3496324488,False,False,False,False
2024-10-11 00:00:00+00:00,32.0085429736,32.1847708253,31.751435813,32.1291199248,68744,,,,,,,32.275593892631605,,,,,,,,,32.275593892631605,,"rgba(0, 255, 255, 0.75)",1.723290640102262,28.638640602740036,1.955504366146845,59.22692749579705,8.4779403414948,True,False,True,False,False,8.919903794985313,0.0,0.0,0.0,0.0,0,0.9690759919606581,0.770756784931239,False,False,False,False,0.26613239212964374,0.2728642063684963,False,False,False,False,458274,208758.5276204178,False,False,False,False,89978.63003901942,False,False,False,False
2024-10-14 00:00:00+00:00,30.7934983113,31.6189866696,30.765672861,31.3407321668,91500,,,,,,,32.00561199849656,,,,,,,,,32.00561199849656,,"rgba(38, 166, 154, 1.0)",1.7382644473286262,28.648915303475526,1.2337495661953386,55.441132538548814,10.466981429599123,False,False,True,False,False,5.094813697972544,0.0,0.0,0.0,0.0,0,0.9646564270780938,0.7547161696238341,False,False,False,False,0.1912555128761448,0.23205985962232056,False,False,False,False,366774,214955.21281177396,False,False,False,False,90038.2916061167,False,False,False,False
2024-10-15 00:00:00+00:00,29.6897554501,30.2648147559,29.6804803,30.1627881049,102584,,,,,,,31.581689462939448,,,,,,,,,31.581689462939448,,"rgba(38, 166, 154, 0.5)",1.7410051861278277,28.63964902767797,0.6031609961815083,50.664807895335514,5.986114109994844,False,True,False,False,False,1.8479893726698364,0.0,0.0,0.0,0.0,0,0.9837256579446167,0.7556075155971411,False,False,False,False,0.05709844356806139,0.14457915159519097,False,False,False,False,264190,216885.98877993968,False,False,False,False,90530.28017058272,False,False,False,False
2024-10-16 00:00:00+00:00,29.8845336021,30.1024996293,29.8103324013,29.8659833019,41343,,,,,,,31.459080983954806,,,,,,,,,31.459080983954806,,"rgba(38, 166, 154, 0.5)",1.7417353751900895,28.63852914953257,0.715381033373938,48.00412952576197,3.6045235733181613,False,True,False,True,False,2.378102120087423,0.0,0.0,0.0,0.0,0,0.9655885557585512,0.7612823698976597,False,False,False,False,0.04171461075246574,0.09314688117382836,False,False,False,False,305533,220362.34216111852,False,False,False,False,88601.36722271673,False,False,False,False
2024-10-17 00:00:00+00:00,29.6619299998,29.9225617175,29.5135275983,29.6433796996,67346,,,,,,,31.26899415934811,,,,,,,,,31.26899415934811,,"rgba(38, 166, 154, 0.5)",1.743726098733003,28.635316358038175,0.5887470758783548,45.76877460185645,1.5936927201510258,False,True,False,True,False,1.7296601358514891,0.0,0.0,0.0,0.0,0,0.9415373319472417,0.7760275915739882,False,False,False,False,0.016931629544969854,0.0550392553593991,False,False,False,False,238187,221061.34835087857,False,False,False,False,87767.82341006117,False,False,False,False
2024-10-18 00:00:00+00:00,29.6248293995,29.8381578516,29.528089584,29.6804803,46333,,,,,,,31.15794723581873,,,,,,,,,31.15794723581873,,"rgba(38, 166, 154, 0.5)",1.7457687666339863,28.633872566608783,0.5676334986802863,44.19714629390506,0.1471496503668348,False,True,False,True,False,1.6204606774445196,0.0,0.0,0.0,0.0,0,0.9447818954084869,0.7671586989801557,False,False,False,False,-0.017560747747275538,0.018739253806061784,False,False,False,False,191854,219915.9621410402,False,False,False,False,86142.92837437251,False,False,False,False
2024-10-21 00:00:00+00:00,29.2445482456,29.9123590524,29.2445482456,29.9123590524,39427,,,,,,,31.06395243905498,,,,,,,,,31.06395243905498,,#000000,1.7423728792754092,28.631775460421828,0.35168866117395214,42.29414267687251,-1.6756834541986052,False,True,False,True,False,0.4966767012518325,0.0,0.0,0.0,0.0,0,0.9281866407787844,0.789136164414845,False,False,False,False,-0.029499421256358804,-0.00538008372514851,False,False,False,False,152427,217269.3361747249,False,False,False,False,84310.93118322066,False,False,False,False
2024-10-22 00:00:00+00:00,28.68803924,29.2248849274,28.6509386396,29.2167227953,68758,,,,,,,30.868690856452417,,,,,,,,,30.868690856452417,,#000000,1.7323871561749975,28.62182808873333,0.03821960410561906,39.852752217444284,-4.0254555713759,False,True,False,True,False,0.0,0.0,0.0,0.0,0.0,0,0.9088440041739998,0.8021573689386149,False,False,False,False,-0.10287115165512206,-0.05412561769013528,False,False,False,False,83669,212030.10730512784,False,False,False,False,83701.01231329044,False,False,False,False
2024-10-23 00:00:00+00:00,27.5471957785,28.1500805346,27.4083467816,27.7883496809,215768,,,,,,,30.18109295844902,,,,,,,,,30.18109295844902,,"rgba(239, 83, 80, 0.5)",1.7292361446330482,28.56036562297512,-0.5859060068919146,36.23303350423667,-7.449956993341388,False,True,False,True,False,0.0,0.0,0.0,0.0,0.0,0,0.8945133426073337,0.8117248926264522,False,False,False,False,-0.2683457092290283,-0.1612356634595818,False,False,False,False,-132099,198534.84819512282,False,False,False,False,88880.109869632,False,False,False,False
2024-10-24 00:00:00+00:00,26.8979352719,27.1437267494,26.5269292681,27.0741631237,187722,,,,,,,29.652804337002607,,,,,,,,,29.652804337002607,,"rgba(239, 83, 80, 0.5)",1.7371763267163147,28.495379111685814,-0.9195634405203825,32.88584489936274,-10.558118137291636,False,True,False,True,False,0.0,0.0,0.0,0.0,0.0,0,0.870967346278143,0.8350025016317489,False,False,False,False,-0.34282825441539394,-0.25203195893748787,False,False,False,False,-319821,178207.16787374546,False,False,False,False,92756.26242376407,False,False,False,False
2024-10-25 00:00:00+00:00,26.8979352719,27.0741631237,26.6567813695,26.71243227,133892,,,,,,,29.370180095892167,,,,,,,,,29.370180095892167,,"rgba(239, 83, 80, 0.5)",1.7401389480037324,28.455409421906996,-0.8950286135447476,30.654385829446785,-12.619743130277186,False,True,False,True,False,0.0,0.0,0.0,0.0,0.0,0,0.8628589360314532,0.8587305434998967,False,False,False,False,-0.3390466661202919,-0.2955393125288899,False,False,False,False,-319821,158676.65148653978,False,False,False,False,94369.42860322431,False,False,False,False
2024-10-28 00:00:00+00:00,25.9518699623,26.5269292681,25.8034675608,26.3878020167,235848,,,,,,,28.872078262225116,,,,,,,,,28.872078262225116,,"rgba(239, 83, 80, 1.0)",1.759508350630121,28.36895749652889,-1.3737289359060285,27.895653956094126,-15.217470100767564,False,True,False,True,False,0.0,0.0,0.0,0.0,0.0,0,0.831618898553811,0.8656498316012807,False,False,False,False,-0.34282825441539394,-0.31918378347214194,False,False,False,False,-555669,130663.09652628332,False,False,False,False,99917.60787368611,False,False,False,False
2024-10-29 00:00:00+00:00,26.5176541181,27.0370625233,26.3507014164,26.8422843713,136424,,,,,,,28.69124964922969,,,,,,,,,28.69124964922969,,"rgba(239, 83, 80, 1.0)",1.771522598452659,28.333449327467612,-1.0249912764046147,28.31802377240473,-15.217470100767564,False,True,False,True,False,0.0,0.0,0.0,0.0,0.0,0,0.8390091339151254,0.8516248343368065,False,False,False,False,-0.2842829620027766,-0.30173337273745926,False,False,False,False,-419245,109098.07313309574,False,False,False,False,101349.23109432586,False,False,False,False
2024-10-30 00:00:00+00:00,24.8945028516,25.9518699623,24.8945028516,25.5159379079,360939,,,,,,,28.08439785683391,,,,,,,,,28.08439785683391,,"rgba(255, 0, 0, 1.0)",1.8265751928031337,28.190271983130696,-1.8043435301849693,26.49798132732403,-16.72860074284263,False,True,False,True,False,0.0,0.0,0.0,0.0,0.0,0,0.80436111007713,0.8840534319086916,False,False,False,False,-0.34282825441539394,-0.3222808135764266,False,False,False,False,-780184,74224.26634356257,False,False,False,False,111529.22203180328,False,False,False,False
2024-10-31 00:00:00+00:00,24.5884228985,24.9918919276,24.3101683957,24.5884228985,190111,,,,,,,27.79106079108093,,,,,,,,,27.79106079108093,,"rgba(255, 0, 0, 1.0)",1.8851609755349683,28.109297595340518,-1.8676785391451092,24.95759625231223,-18.37680030186751,False,True,False,True,False,0.0,0.0,0.0,0.0,0.0,0,0.8067415532318665,0.8980836294385623,False,False,False,False,-0.34282825441539394,-0.3325545339959103,False,False,False,False,-970295,33262.726486952284,False,False,False,False,114610.86038349726,False,False,False,False
2024-11-01 00:00:00+00:00,24.2823429455,24.9965295027,24.2823429455,24.7646507503,117032,,,,,,,27.628574439519035,,,,,,,,,27.628574439519035,,"rgba(255, 0, 0, 1.0)",1.9446897984441307,28.060650265608253,-1.9428843217726164,23.601908434275668,-19.87954095579401,False,True,False,True,False,0.0,0.0,0.0,0.0,0.0,0,0.8069736487235178,0.896471950357602,False,False,False,False,-0.34282825441539394,-0.3376913942056521,False,False,False,False,-1087327,-10681.968669398786,False,False,False,False,114705.80703512482,False,False,False,False
2024-11-04 00:00:00+00:00,23.7536593901,24.143215694,23.7072836396,23.9762629924,158567,,,,,,,27.39141136279681,,,,,,,,,27.39141136279681,,"rgba(255, 26, 202, 1.0)",2.022703740127317,27.986314891850157,-2.092573132575379,22.148689541438074,-21.49484914942788,False,True,False,True,False,0.0,0.0,0.0,0.0,0.0,0,0.7980694751987163,0.9137385870030055,False,False,False,False,-0.34282825441539394,-0.34025982431052304,False,False,False,False,-1245894,-59121.65617255962,False,False,False,False,116425.8538180611,False,False,False,False
2024-11-05 00:00:00+00:00,23.3919285365,24.0875647935,23.3362776359,23.8278605909,90032,,,,,,,27.260522698256608,,,,,,,,,27.260522698256608,,"rgba(255, 26, 202, 1.0)",2.1152704739736032,27.94317311824546,-2.15161353488559,20.82033819396799,-23.00163493541548,False,True,False,True,False,0.0,0.0,0.0,0.0,0.0,0,0.7765583370723768,0.9377261158580832,False,False,False,False,-0.34282825441539394,-0.3415440393629585,False,False,False,False,-1335926,-109192.41475402788,False,False,False,False,115390.80072715676,False,False,False,False
2024-11-06 00:00:00+00:00,23.5681563882,23.6609078892,22.7241177297,22.7241177297,160181,,,,,,,27.03206826718543,,,,,,,,,27.03206826718543,,"rgba(255, 0, 0, 1.0)",2.1954434435045607,27.86437485048429,-1.9568795884927408,20.730314145449952,-23.37968164193353,False,True,False,True,False,0.0,0.0,0.0,0.0,0.0,0,0.7663631731072161,0.9376420233823681,False,False,False,False,-0.34282825441539394,-0.34218614688917626,False,False,False,False,-1175745,-151018.0063323013,False,False,False,False,117147.27913001337,False,False,False,False
2024-11-07 00:00:00+00:00,23.9484375421,24.3739814284,23.6887333395,23.6887333395,115080,,,,,,,26.911042513523224,,,,,,,,,26.911042513523224,,"rgba(255, 0, 0, 1.0)",2.2601108404807557,27.81816315758055,-1.7121839983110778,22.384902660800336,-23.37968164193353,False,True,False,True,False,0.0,0.0,0.0,0.0,0.0,0,0.7958169303162433,0.9140405510835177,False,False,False,False,-0.2789830800191505,-0.3105846134541634,False,False,False,False,-1060665,-186690.43745652479,False,False,False,False,117066.20936020893,False,False,False,False
2024-11-08 00:00:00+00:00,21.9913808723,23.1136740336,21.7327896877,22.7704934802,530186,,,,,,,26.190846714354365,,,,,,,,,26.190846714354365,,"rgba(255, 26, 202, 1.0)",2.3826243105279916,27.534072860175467,-2.3262970848506126,21.19084245926092,-23.37968164193353,False,True,False,True,False,0.0,0.0,0.0,0.0,0.0,0,0.7659761556556492,0.9317701523643099,False,False,False,False,-0.34282825441539394,-0.32670643393477866,False,False,False,False,-1590851,-241755.55755626893,False,False,False,False,133266.98546373015,False,False,False,False
2024-11-11 00:00:00+00:00,21.6110997185,21.9079045215,21.4255967166,21.7316766697,235864,,,,,,,25.89694730250462,,,,,,,,,25.89694730250462,,"rgba(255, 26, 202, 1.0)",2.5102991550991454,27.40517903446157,-2.3081230395158747,20.054977110123296,-24.701119367205905,False,True,False,True,False,0.0,0.0,0.0,0.0,0.0,0,0.744499023302073,0.9726734206956967,False,False,False,False,-0.34282825441539394,-0.3347673441750863,False,False,False,False,-1826715,-303910.8298089643,False,False,False,False,137290.39779848585,False,False,False,False
2024-11-12 00:00:00+00:00,21.2400937147,21.6110997185,21.1473422138,21.462697317,370616,,,,,,,25.475774947512008,,,,,,,,,25.475774947512008,,"rgba(255, 26, 202, 1.0)",2.6424568493523366,26.92555057792619,-2.151579831708394,18.971782501794916,-25.982596120604477,False,True,False,True,False,0.0,0.0,0.0,0.0,0.0,0,0.7562663774867495,0.9734028649233256,False,False,False,False,-0.34282825441539394,-0.3387977992952401,False,False,False,False,-2197331,-378162.6011890049,False,False,False,False,146440.4214142315,False,False,False,False
2024-11-13 00:00:00+00:00,22.2325347747,22.2789105252,21.6992136443,21.7873275702,267033,,,,,,,25.263461688871526,,,,,,,,,25.263461688871526,,"rgba(255, 0, 0, 1.0)",2.7332213459775363,26.827701764646445,-1.6812275364046612,22.111735072894007,-25.982596120604477,False,True,False,True,True,0.0,0.0,0.0,0.0,0.0,0,0.7650128081597988,0.9498367040913887,False,False,False,False,-0.30353750615914804,-0.32116765272719405,False,False,False,False,-1930298,-439030.6560443381,False,False,False,False,151169.5421430852,False,False,False,False
2024-11-14 00:00:00+00:00,22.4458632269,23.0672982832,22.4458632269,22.6313662288,150318,,,,,,,25.174955974051265,,,,,,,,,25.174955974051265,,"rgba(255, 0, 0, 1.0)",2.810748384093276,26.783532111401644,-1.5432433970431478,24.965986865649164,-30.15035039664314,False,True,False,True,True,0.0,0.0,0.0,0.0,0.0,0,0.7826875585527018,0.9242889380742749,False,False,False,False,-0.25533438280141835,-0.28825101776430617,False,False,False,False,-1779980,-491616.904826913,False,False,False,False,151136.14833355244,False,False,False,False
2024-11-15 00:00:00+00:00,22.362386876,23.0287217344,22.3340322012,22.9767381639,156134,,,,,,,25.086511852113734,,,,,,,,,25.086511852113734,,"rgba(255, 0, 0, 1.0)",2.888086176039961,26.7344213384847,-1.5138171771866853,26.730414336865593,-28.451188939275355,False,True,False,True,True,0.0,0.0,0.0,0.0,0.0,0,0.7740868875815112,0.9322650100342488,False,False,False,False,-0.2600031539660863,-0.27412708586519624,False,False,False,False,-1936114,-548263.8497356615,False,False,False,False,151332.14251655038,False,False,False,False
2024-11-18 00:00:00+00:00,22.7120945322,23.1563177711,22.5892242746,22.5892242746,169220,,,,,,,25.00589052777036,,,,,,,,,25.00589052777036,,"rgba(239, 83, 80, 1.0)",2.9466637652462655,26.68627262321585,-1.3487043000590573,29.271667020700633,-26.02309750881754,False,True,False,True,True,0.0,0.0,0.0,0.0,0.0,0,0.7877170561096363,0.9225872846774734,False,False,False,False,-0.24814239099813457,-0.2611347384316654,False,False,False,False,-1766894,-596053.2673930866,False,False,False,False,152033.6271237445,False,False,False,False
2024-11-19 00:00:00+00:00,23.2130271207,23.2130271207,22.8010336955,23.0996084214,130588,,,,,,,24.95433954207517,,,,,,,,,24.95433954207517,,"rgba(239, 83, 80, 1.0)",2.989229694714594,26.6530674031506,-1.150811624992588,32.81886112966649,-22.703010320179743,False,True,False,True,True,0.0,0.0,0.0,0.0,0.0,0,0.7871748017502723,0.9191387132781241,False,False,False,False,-0.2398631134096844,-0.2504989259206749,False,False,False,False,-1636306,-636847.4922012009,False,False,False,False,151192.62213849963,False,False,False,False
2024-11-20 00:00:00+00:00,22.7499007653,23.3737036114,22.6931914156,23.2130271207,107963,,,,,,,24.91079984700794,,,,,,,,,24.91079984700794,,"rgba(239, 83, 80, 1.0)",3.043624598482076,26.62383718956557,-1.27280362571573,34.12872118015067,-21.506633094968,False,True,False,True,True,0.0,0.0,0.0,0.0,0.0,0,0.7816818468030255,0.9135862508622715,False,False,False,False,-0.23823789449592872,-0.2443684102083018,False,False,False,False,-1744269,-680275.7866246832,False,False,False,False,149497.34283895063,False,False,False,False
2024-11-21 00:00:00+00:00,22.050485453,22.8113358941,21.8412279528,22.4852571336,213556,,,,,,,24.801115281710093,,,,,,,,,24.801115281710093,,"rgba(239, 83, 80, 1.0)",3.112620172245613,26.550238288742293,-1.4456479065018482,33.57623382962676,-21.506633094968,False,True,False,True,True,0.0,0.0,0.0,0.0,0.0,0,0.7494603316701051,0.9439116154795407,False,False,False,False,-0.28220228498602523,-0.2632853475971635,False,False,False,False,-1957825,-730375.7557766564,False,False,False,False,152009.44704134474,False,False,False,False
2024-11-22 00:00:00+00:00,22.2867744099,22.428547784,21.7480355882,21.8614542875,164694,,,,,,,24.72003082111909,,,,,,,,,24.72003082111909,,"rgba(239, 83, 80, 1.0)",3.1748716843490548,26.49399409569481,-1.32516211805814,34.141157653051465,-21.331920174167074,False,True,False,True,True,0.0,0.0,0.0,0.0,0.0,0,0.736311947429985,0.9675324563412067,False,False,False,False,-0.2972323586995435,-0.2802588531483535,False,False,False,False,-1793131,-772052.4320207092,False,False,False,False,152506.88049070377,False,False,False,False
2024-11-25 00:00:00+00:00,21.7291324717,22.1260979192,21.5495528645,22.0977432444,178040,,,,,,,24.626473306096322,,,,,,,,,24.626473306096322,,"rgba(239, 83, 80, 1.0)",3.250804675757985,26.428719755699,-1.4456689197739025,33.375325547231725,-21.331920174167074,False,True,False,True,True,0.0,0.0,0.0,0.0,0.0,0,0.7148137714125077,0.9893922427947989,False,False,False,False,-0.31319266678331154,-0.2967257599658325,False,False,False,False,-1971171,-819076.6895885245,False,False,False,False,153508.1792949899,False,False,False,False
2024-11-26 00:00:00+00:00,20.8312344357,21.7291324717,20.8312344357,21.7291324717,176735,,,,,,,24.51865503408196,,,,,,,,,24.51865503408196,,"rgba(255, 0, 0, 1.0)",3.346485609403601,26.35459926347633,-1.6504971102387873,31.306159610332934,-21.331920174167074,False,True,False,True,False,0.0,0.0,0.0,0.0,0.0,0,0.6990978763394095,1.0021248945777628,False,False,False,False,-0.34282825441539394,-0.3197770071906132,False,False,False,False,-2147906,-871187.6429379941,False,False,False,False,154419.03500891186,False,False,False,False
2024-11-27 00:00:00+00:00,20.8690406688,20.8973953436,19.8010145838,20.1318191234,250831,,,,,,,24.35107357523754,,,,,,,,,24.35107357523754,,"rgba(255, 0, 0, 1.0)",3.436034690478144,26.23984658177465,-1.5630825637058021,30.090707985330184,-21.331920174167074,False,True,False,True,False,0.0,0.0,0.0,0.0,0.0,0,0.6747639897704045,1.0291306742389,False,False,False,False,-0.34282825441539394,-0.3313026308030036,False,False,False,False,-1897075,-911418.5196855237,False,False,False,False,158199.8963811114,False,False,False,False
2024-11-29 00:00:00+00:00,20.9635562515,21.1658195986,20.5287845709,20.5476876875,180156,,,,,,,24.249760039424782,,,,,,,,,24.249760039424782,,"rgba(239, 83, 80, 1.0)",3.51915379187497,26.16706149742901,-1.478623997036696,29.72017039671789,-21.331920174167074,False,True,False,True,False,0.0,0.0,0.0,0.0,0.0,0,0.6874015685393162,1.0423643679300127,False,False,False,False,-0.31331685904107615,-0.3223097449220399,False,False,False,False,-1716919,-943006.7738155031,False,False,False,False,159060.9200524404,False,False,False,False
2024-12-02 00:00:00+00:00,20.2357862644,20.8595891105,20.2074315896,20.6611063867,218750,,,,,,,24.118944221716045,,,,,,,,,24.118944221716045,,"rgba(255, 0, 0, 1.0)",3.615398667529243,26.073316745741902,-1.6146298148998486,28.18066163160764,-17.061773095767656,False,True,False,True,False,0.0,0.0,0.0,0.0,0.0,0,0.6926507025462287,1.0450824481172076,False,False,False,False,-0.33184383564862313,-0.32707679028533154,False,False,False,False,-1935669,-981934.7042541108,False,False,False,False,161401.66828567802,False,False,False,False
2024-12-03 00:00:00+00:00,21.6157137724,21.9181636372,20.1601737982,20.1979800313,415789,,,,,,,23.94227832366436,,,,,,,,,23.94227832366436,,"rgba(239, 83, 80, 1.0)",3.6738310759318753,25.932858452578365,-1.1751070179739587,32.601510274564,-17.061773095767656,False,True,False,True,True,0.0,0.0,0.0,0.0,0.0,0,0.704145964547563,1.0233662865598883,False,False,False,False,-0.30209112663591337,-0.3145839584606225,False,False,False,False,-1519880,-1003030.59820493,False,False,False,False,171377.64207839654,False,False,False,False
2024-12-04 00:00:00+00:00,20.8973953436,21.5968106559,20.8501375522,21.5022950731,236499,,,,,,,23.847191815014845,,,,,,,,,23.847191815014845,,"rgba(239, 83, 80, 1.0)",3.7448866682796687,25.854846439444668,-1.323792022288896,34.014548065189764,-20.962433946164236,False,True,False,True,True,0.0,0.0,0.0,0.0,0.0,0,0.700028787098166,1.042689191801657,False,False,False,False,-0.2913769700759612,-0.30298046426829184,False,False,False,False,-1756379,-1032573.6727851288,False,False,False,False,173931.42082042023,False,False,False,False
2024-12-05 00:00:00+00:00,20.5949454788,21.256554558,20.4531721047,20.7556219695,185820,,,,,,,23.767930969745773,,,,,,,,,23.767930969745773,,"rgba(239, 83, 80, 1.0)",3.8163527703135927,25.79046749183607,-1.3613841082644853,34.35581492975312,-20.566304980054145,False,True,False,True,True,0.0,0.0,0.0,0.0,0.0,0,0.7063174534577839,1.0494299995644012,False,False,False,False,-0.3128730319606706,-0.30792674811448123,False,False,False,False,-1942199,-1068245.2542445355,False,False,False,False,174397.63961177628,False,False,False,False
2024-12-06 00:00:00+00:00,20.15072224,20.6516548285,20.0325777615,20.6516548285,160641,,,,,,,23.69196209308948,,,,,,,,,23.69196209308948,,"rgba(239, 83, 80, 1.0)",3.896431137534046,25.730213226502247,-1.4319490809821849,33.72782545656889,-20.566304980054145,False,True,False,True,True,0.0,0.0,0.0,0.0,0.0,0,0.6918016059730073,1.0894435234885196,False,False,False,False,-0.34282825441539394,-0.3253775012649376,False,False,False,False,-2102840,-1108817.597215338,False,False,False,False,173858.16354856937,False,False,False,False
2024-12-09 00:00:00+00:00,19.8671754917,20.4248174299,19.8577239335,20.3964627551,160273,,,,,,,23.614537814196368,,,,,,,,,23.614537814196368,,"rgba(239, 83, 80, 1.0)",3.9799730663882364,25.6688316562662,-1.4577124185996346,32.77972236956221,-20.566304980054145,False,True,False,True,True,0.0,0.0,0.0,0.0,0.0,0,0.682325398332174,1.0940201601883448,False,False,False,False,-0.34282825441539394,-0.3341028778401658,False,False,False,False,-2263113,-1154084.08359905,False,False,False,False,173325.41203686077,False,False,False,False
2024-12-10 00:00:00+00:00,19.7064990011,20.1459964608,19.6970474428,19.9616910745,128460,,,,,,,23.551466804950827,,,,,,,,,23.551466804950827,,"rgba(239, 83, 80, 1.0)",4.061038971828952,25.618815713394355,-1.4558630816664266,31.84306339962758,-20.566304980054145,False,True,False,True,False,0.0,0.0,0.0,0.0,0.0,0,0.6898749179992635,1.0937356705310723,False,False,False,False,-0.34282825441539394,-0.3384655661277799,False,False,False,False,-2391573,-1202613.0607128127,False,False,False,False,171565.9841138466,False,False,False,False
2024-12-11 00:00:00+00:00,18.8558587564,19.6119834183,18.8180525233,19.5741771852,348632,,,,,,,23.357668043903736,,,,,,,,,23.357668043903736,,"rgba(255, 0, 0, 1.0)",4.154444686870584,25.468880172030527,-1.5917943104477612,29.75031284877749,-20.566304980054145,False,True,False,True,False,0.0,0.0,0.0,0.0,0.0,0,0.6726122873798183,1.1112001678731636,False,False,False,False,-0.34282825441539394,-0.3406469102715869,False,False,False,False,-2740205,-1262910.783822114,False,False,False,False,178509.7494427154,False,False,False,False
2024-12-12 00:00:00+00:00,18.1375403276,18.7613431737,17.943783383,18.4777964255,349907,,,,,,,23.145339416277288,,,,,,,,,23.145339416277288,,"rgba(255, 0, 0, 1.0)",4.261440069915692,25.30624128192289,-1.6822249842093204,27.33147224065899,-18.169974243806195,False,True,False,True,False,0.0,0.0,0.0,0.0,0.0,0,0.6332435494347249,1.1473039408709576,False,False,False,False,-0.34282825441539394,-0.3417375823434904,False,False,False,False,-3090112,-1334565.733476149,False,False,False,False,185231.21024888344,False,False,False,False
2024-12-13 00:00:00+00:00,18.874761873,18.9031165478,18.2604105852,18.3454746096,285077,,,,,,,22.998180039976095,,,,,,,,,22.998180039976095,,"rgba(239, 83, 80, 1.0)",4.346910245187164,25.187753502347423,-1.4522939911945674,28.804210655861095,-18.169974243806195,False,True,False,True,False,0.0,0.0,0.0,0.0,0.0,0,0.6279528808838172,1.1605537565670643,False,False,False,False,-0.33106785732100436,-0.33640271983224734,False,False,False,False,-2805035,-1392231.1949084566,False,False,False,False,189146.7314155939,False,False,False,False
2024-12-16 00:00:00+00:00,18.28876526,18.5723120082,18.080830978,18.5156026586,212872,,,,,,,22.88569000879969,,,,,,,,,22.88569000879969,,"rgba(255, 0, 0, 1.0)",4.437627335094283,25.09714733736798,-1.5342392596883812,28.785444718907847,-18.169974243806195,False,True,False,True,False,0.0,0.0,0.0,0.0,0.0,0,0.6199002892303994,1.1588956326688953,False,False,False,False,-0.34282825441539394,-0.3396154871238206,False,False,False,False,-3017907,-1455983.1872649877,False,False,False,False,190077.13410517847,False,False,False,False
2024-12-17 00:00:00+00:00,17.9579607204,18.151717665,17.7594779967,17.9863153952,179484,,,,,,,22.787861672657282,,,,,,,,,22.787861672657282,,"rgba(239, 83, 80, 1.0)",4.524494204770678,24.64260859117239,-1.4774353923857437,28.24154092961511,-18.169974243806195,False,True,False,True,False,0.0,0.0,0.0,0.0,0.0,0,0.5998154566445931,1.1942077621404985,True,False,False,False,-0.34282825441539394,-0.3412218707696073,False,False,False,False,-3197391,-1524273.6897251843,False,False,False,False,189661.717081446,False,False,False,False
2024-12-18 00:00:00+00:00,18.1753465607,18.6857307075,18.0241216283,18.0241216283,176810,,,,,,,22.7017091587274,,,,,,,,,22.7017091587274,,"rgba(239, 83, 80, 1.0)",4.608674837463641,24.58234153629977,-1.3902033017208528,28.81477608868004,-18.169974243806195,False,True,False,True,False,0.0,0.0,0.0,0.0,0.0,0,0.6269099938864009,1.1810126938124859,False,False,False,False,-0.32206002597645117,-0.33164094837302927,False,False,False,False,-3020581,-1582952.4077751772,False,False,False,False,189157.72817629128,False,False,False,False
2024-12-19 00:00:00+00:00,18.0997340945,18.8180525233,18.0524763031,18.3832808427,260025,,,,,,,22.581624907752314,,,,,,,,,22.581624907752314,,"rgba(239, 83, 80, 1.0)",4.690640236486601,24.488980674115123,-1.3621267582867997,29.05180504315445,-18.169974243806195,False,True,False,True,False,0.0,0.0,0.0,0.0,0.0,0,0.6410013583192422,1.17194559504555,False,False,False,False,-0.31791457450696203,-0.32477776143999565,False,False,False,False,-3280606,-1649527.0584506604,False,False,False,False,191936.83687526023,False,False,False,False
2024-12-20 00:00:00+00:00,17.7972842298,18.1186372111,17.7972842298,17.9296060456,164939,,,,,,,22.50164381739704,,,,,,,,,22.50164381739704,,"rgba(239, 83, 80, 1.0)",4.774511866498609,24.421404094626098,-1.3873920622767038,28.61835886385399,-18.169974243806195,False,True,False,True,False,0.0,0.0,0.0,0.0,0.0,0,0.6280734928168421,1.2021905757251699,False,False,False,False,-0.34270336454155315,-0.33374056299077437,False,False,False,False,-3445545,-1719959.1345898502,False,False,False,False,190878.09817426966,True,False,False,False
2024-12-23 00:00:00+00:00,19.3000819953,19.3851460198,18.1469918859,18.1469918859,228644,,,,,,,22.419265202440226,,,,,,,,,22.419265202440226,,"rgba(239, 83, 80, 1.0)",4.822601317479525,24.35780239704687,-1.0487535810632231,34.2839023488988,-19.586767219570937,False,False,False,True,True,0.0,0.0,0.0,0.0,0.0,0,0.6401933480550492,1.1556981209659367,False,False,False,False,-0.2981174707363826,-0.3159290168635785,False,False,False,False,-3216901,-1778662.737154954,False,False,False,False,192359.11393214142,False,False,False,False
2024-12-24 00:00:00+00:00,20.3870111968,20.4516598554,19.1488570629,19.6025318601,213078,,,,,,,22.368073830268415,,,,,,,,,22.368073830268415,,"rgba(239, 83, 80, 0.5)",4.852063632834057,24.319754048079925,-0.810529941253643,41.04081761180519,-13.435986382224534,True,False,False,True,True,0.0,0.0,0.0,0.0,0.0,0,0.6914728224128509,1.1256090142611246,False,False,False,False,-0.23280421604274093,-0.27436661645315974,False,False,False,False,-3003823,-1826708.2376586813,False,False,False,False,193171.6192681359,False,False,False,False
2024-12-26 00:00:00+00:00,19.7632083507,20.53351035,19.7537567925,20.5004298961,150691,,,,,,,22.333465947077894,,,,,,,,,22.333465947077894,,"rgba(239, 83, 80, 0.5)",4.889860898625709,24.29121192807666,-0.9259984427469604,43.8357604765574,-11.17052644078418,True,False,False,True,True,0.0,0.0,0.0,0.0,0.0,0,0.7184657481530271,1.1046424267651083,False,False,False,False,-0.21282221416473857,-0.24359441530894915,False,False,False,False,-3154514,-1878779.051868145,False,False,False,False,191505.7126301698,False,False,False,False
2024-12-27 00:00:00+00:00,19.8671754917,20.15072224,19.4040491363,19.7064990011,214712,,,,,,,22.281575104832353,,,,,,,,,22.281575104832353,,"rgba(239, 83, 80, 0.5)",4.921696923723537,24.24510403250951,-0.8895160772104928,45.98470280827624,-9.429295585748982,True,False,False,False,True,0.0,0.0,0.0,0.0,0.0,0,0.7120982328176002,1.1119984934318528,False,False,False,False,-0.23184469604614472,-0.23771955567754693,False,False,False,False,-2939802,-1920387.794932139,False,False,False,False,192415.7631152612,False,False,False,False
2024-12-30 00:00:00+00:00,19.5552740687,19.9522395162,18.9976321305,19.9522395162,187603,,,,,,,22.23256198813096,,,,,,,,,22.23256198813096,,"rgba(239, 83, 80, 0.5)",4.938878620412828,24.199628322233583,-0.9403661459380778,46.5297628517981,-9.06240133816133,True,False,False,False,True,0.0,0.0,0.0,0.0,0.0,0,0.7132239703560015,1.1109890015688055,False,False,False,False,-0.24954926458341772,-0.24363441013048232,False,False,False,False,-3127405,-1967721.802974016,False,False,False,False,192227.02730681957,False,False,False,False
2024-12-31 00:00:00+00:00,20.0940128903,20.1601737982,19.564725627,19.564725627,99535,,,,,,,22.211311375565664,,,,,,,,,22.211311375565664,,"rgba(239, 83, 80, 0.5)",4.938583769335758,24.179296953876133,-0.8272177317193923,48.48926925590945,-7.234575487403582,True,False,False,False,True,0.0,0.0,0.0,0.0,0.0,0,0.7280080133690404,1.1031094441104659,False,False,False,False,-0.22546436615942214,-0.23454938814495224,False,False,False,False,-3027870,-2009296.2420730742,False,False,False,False,188592.04584380705,False,False,False,False
2025-01-02 00:00:00+00:00,20.3964627551,21.1431358587,20.1318191234,20.1790769148,278294,,,,,,,22.169530255388555,,,,,,,,,22.169530255388555,,"rgba(239, 83, 80, 0.5)",4.917159026259613,24.136046098502263,-0.7605170634977187,50.64332481703414,-5.192473697776144,True,False,True,False,True,0.0,0.0,0.0,0.0,0.0,0,0.7494052820564197,1.0800933532851642,False,False,False,False,-0.17046012023120144,-0.20250475418807684,False,False,False,False,-2749576,-2038326.8208153066,False,False,False,False,192109.7695362068,False,False,False,False
2025-01-03 00:00:00+00:00,19.9994973076,20.3492049637,19.8860786083,20.3492049637,146286,,,,,,,22.142128383078205,,,,,,,,,22.142128383078205,,"rgba(239, 83, 80, 0.5)",4.897137417849821,24.107611603270612,-0.8388807470863984,50.76741860551617,-4.9943612186848725,True,False,True,False,True,0.0,0.0,0.0,0.0,0.0,0,0.755489119253736,1.0820939485058998,False,False,False,False,-0.18688887239133953,-0.19469681328970817,False,False,False,False,-2895862,-2071955.6513715691,False,False,False,False,190312.75896615948,False,False,False,False
2025-01-06 00:00:00+00:00,19.5741771852,20.4909783378,19.5741771852,19.9994973076,147926,,,,,,,22.112544493176134,,,,,,,,,22.112544493176134,,"rgba(239, 83, 80, 0.5)",4.881477895234765,24.076833201366423,-0.9223960679125183,49.52641615313834,-4.9943612186848725,True,False,False,False,True,0.0,0.0,0.0,0.0,0.0,0,0.7644114123384819,1.066787229772064,False,False,False,False,-0.178003985320496,-0.18635039930510208,False,False,False,False,-3043788,-2110066.7238668017,False,False,False,False,188650.5331243493,False,False,False,False
2025-01-07 00:00:00+00:00,21.2943607911,21.3983279321,20.7556219695,20.7839766443,318256,,,,,,,22.086190124829955,,,,,,,,,22.086190124829955,,"rgba(239, 83, 80, 0.5)",4.825259941508217,24.040523950583875,-0.5691223255892643,53.239688912979545,-2.4914234732999603,True,False,True,False,True,0.0,0.0,0.0,0.0,0.0,0,0.7862910521694478,1.0154799368608205,False,False,False,False,-0.09910683508706149,-0.1427286171960818,False,False,False,False,-2725532,-2134202.617048496,False,False,False,False,193733.10045280622,False,False,False,False
2025-01-08 00:00:00+00:00,20.8406859939,21.0202656012,20.2263347061,20.2641409392,351080,,,,,,,22.045448334293383,,,,,,,,,22.045448334293383,,"rgba(239, 83, 80, 0.5)",4.7921519227606835,23.988782607335096,-0.6569275482446575,54.31092087421683,-1.403990358579378,True,False,True,False,True,0.0,0.0,0.0,0.0,0.0,0,0.7681767200130714,1.0160349080375237,False,False,False,False,-0.12922376072092495,-0.13597618895850339,False,False,False,False,-3076612,-2171159.8477524766,False,False,False,False,199903.5671017158,False,False,False,False
2025-01-10 00:00:00+00:00,22.9389319308,23.2413817955,22.1922588271,22.2300650602,496359,,,,,,,22.075099884180677,,,,,,,,,22.075099884180677,,#000000,4.735785496057859,23.983826960388143,-0.22063816666906275,58.81451605432956,2.894303558465019,True,False,True,False,True,0.0,0.0,0.0,0.0,0.0,0,0.8098558914268219,0.9844534873703519,False,False,False,False,0.029622373974466893,-0.05317690749201825,False,False,False,False,-2580253,-2187202.716468066,False,False,False,False,211529.2703526289,False,False,False,False
2025-01-13 00:00:00+00:00,23.6761534761,23.9501541505,23.4039485978,23.5438316603,489674,,,,,,23.676752074800003,22.135580311033685,,,,,,,,,22.906166192916842,,#000000,4.665273570321137,23.948321854840703,-0.058339210903331176,62.79995356733433,6.569501304251517,True,False,True,False,True,0.0,0.0,0.0,0.0,0.0,0,0.8228165743872569,0.9857659447875716,False,False,False,False,0.17751455565729618,0.06216882408263896,False,False,False,False,-2090579,-2183413.551116377,False,False,False,False,222436.90680938854,False,False,False,False
2025-01-14 00:00:00+00:00,23.5249285437,23.671427697,23.05235063,23.2508333538,261562,,,,,,23.586046618701662,22.16090089877482,,,,,,,,,22.873473758738243,,#000000,4.614712647850872,23.947500267389916,-0.09157053882579519,64.9789521910926,8.524540544991766,True,False,True,False,True,0.0,0.0,0.0,0.0,0.0,0,0.8384924535854075,0.9798753637714882,False,False,False,False,0.20577957527692306,0.13397419967978103,False,False,False,False,-2352141,-2190030.3138176957,False,False,False,False,223971.22418941255,False,False,False,False
2025-01-15 00:00:00+00:00,23.8746361999,23.8935393164,23.3737036114,23.8368299668,216227,,,,,,23.614635064798712,22.185876944316075,,,,,,,,,22.90025600455739,,#000000,4.542279170154463,23.954896652245857,-0.017669643220790492,66.93257624244579,10.339124455139142,True,False,True,False,True,0.41073504259754046,0.0,0.0,0.0,0.0,0,0.8585211822914943,0.9528828798432419,False,False,False,False,0.23490772966078396,0.18444096467028248,False,False,False,False,-2135914,-2187908.1054326883,False,False,False,False,223667.52912316108,False,False,False,False
2025-01-16 00:00:00+00:00,22.5514180415,23.5249285437,22.4379993422,23.4587676358,323373,,,,,,23.420105687752535,22.20119538101384,,,,,,,,,22.810650534383186,,#000000,4.475078855719364,23.93711303654855,-0.3096470564485283,64.23410025053842,10.339124455139142,True,False,True,False,True,0.0,0.0,0.0,0.0,0.0,0,0.8326370586633929,0.9541728678603592,False,False,False,False,0.219405913564304,0.20192343911729324,False,False,False,False,-2459287,-2198550.415023563,False,False,False,False,227577.54758891946,False,False,False,False
2025-01-17 00:00:00+00:00,22.3056775264,22.7499007653,21.9937761034,22.1071948027,298543,,,,,,23.219060619659945,22.204348810525925,,,,,,,,,22.711704715092935,,#000000,4.413397445956416,23.911283053937666,-0.3638026140176277,61.778984499256275,10.339124455139142,True,False,True,False,False,0.0,0.0,0.0,0.0,0.0,0,0.8331282160206842,0.9557155447863657,False,False,False,False,0.15086332673444033,0.1763933829258668,False,False,False,False,-2757830,-2220482.947767737,False,False,False,False,230360.50650700106,False,False,False,False
2025-01-21 00:00:00+00:00,21.3699732573,22.1733557106,21.1714905335,22.1639041523,248026,,,,,,22.996675541047974,22.19338599862257,,,,,,,,,22.595030769835272,,"rgba(239, 83, 80, 0.5)",4.343879482732388,23.876843627528643,-0.577104033432293,57.812458802212994,14.877116390308288,True,False,True,False,False,0.0,0.0,0.0,0.0,0.0,0,0.8216303935456194,0.9646873420901511,False,False,False,False,0.073886917341336,0.12514015013360139,False,False,False,False,-3005856,-2251281.8909925316,False,False,False,False,231053.2709577069,False,False,False,False
2025-01-22 00:00:00+00:00,21.6629715638,21.8236480544,21.1336843004,21.2281998832,279894,,,,,,22.804125320749122,22.18085791734757,,,,,,,,,22.492491619048344,,"rgba(239, 83, 80, 0.5)",4.244523071361464,23.84094595130183,-0.5131258214137184,55.84664032953361,13.0311688546023,True,False,True,False,False,0.0,0.0,0.0,0.0,0.0,0,0.8334276161632599,0.9627817018270001,False,False,False,False,0.05275413244801803,0.0889471412908097,False,False,False,False,-2725962,-2269896.7972281184,False,False,False,False,232968.5936652478,False,False,False,False
2025-01-23 00:00:00+00:00,22.258419735,22.362386876,21.8330996127,21.9181636372,184275,,,,,,22.75185717569262,22.180489407311086,,,,,,,,,22.466173291501853,,#000000,4.112700435765086,23.82710618832238,-0.3814249245290718,55.87021000571478,12.94037613988931,True,False,True,False,False,0.0,0.0,0.0,0.0,0.0,0,0.8260140749226843,0.96465641217959,False,False,False,False,0.14890938961524677,0.11892826545302823,False,False,False,False,-2541687,-2280555.2365525058,False,False,False,False,231059.040972493,False,False,False,False
2025-01-24 00:00:00+00:00,21.5873590976,22.1260979192,21.152587417,22.0693885696,247785,,,,,,22.64204212403874,22.17128073077553,,,,,,,,,22.406661427407133,,"rgba(239, 83, 80, 0.5)",3.9899871723810203,23.800055006549762,-0.5545621610681365,54.14254097888488,11.080867701224989,True,False,True,False,False,0.0,0.0,0.0,0.0,0.0,0,0.8405248361514408,0.9564071332091577,False,False,False,False,0.09522628843727868,0.10707727694515345,False,False,False,False,-2789472,-2300512.7566877017,False,False,False,False,231714.96093435603,False,False,False,False
2025-01-27 00:00:00+00:00,21.3038123494,22.083565907,21.1809420918,21.5022950731,203681,,,,,,22.559234114377023,22.16260837188239,,,,,,,,,22.360921243129706,,"rgba(239, 83, 80, 0.5)",3.8233536363750695,23.777479266341878,-0.646988783200072,52.286849280790406,9.095530533021702,True,False,False,False,False,0.0,0.0,0.0,0.0,0.0,0,0.8512508767584943,0.9322415766420535,False,False,False,False,0.09440119986211283,0.10073923840363314,False,False,False,False,-2993153,-2327675.1191705368,False,False,False,False,230615.58991732248,False,False,False,False
2025-01-28 00:00:00+00:00,21.6535200055,22.0552112321,21.4172310487,21.9843245451,165490,,,,,,22.51100350261871,22.15772901678242,,,,,,,,,22.334366259700566,,"rgba(239, 83, 80, 0.5)",3.672628568518311,23.761811413003294,-0.5740551673467665,51.96675537041876,8.522949503932374,True,False,False,False,False,0.0,0.0,0.0,0.0,0.0,0,0.8612574780371238,0.9240728720118374,False,False,False,False,0.10651594606919641,0.10362759223641477,False,False,False,False,-2827663,-2347282.4870462017,False,False,False,False,228061.64521468236,False,False,False,False
2025-01-29 00:00:00+00:00,22.324580643,22.6081273912,21.9370667537,22.0221307782,220908,,,,,,22.495447207041384,22.15959892836062,,,,,,,,,22.327523067701,,#000000,3.5239750853763017,23.749796827181864,-0.4044342396449361,53.39959076064005,8.522949503932374,True,False,True,False,False,0.0,0.0,0.0,0.0,0.0,0,0.8642353711746964,0.9265085537794961,False,False,False,False,0.1695962758313026,0.13661193403385868,False,False,False,False,-2606755,-2357457.8797110566,False,False,False,False,227781.1101082242,False,False,False,False
2025-01-30 00:00:00+00:00,23.0145443969,23.0996084214,22.5183375876,22.7782554401,169693,,,,,,22.5150387982814,22.167315506483316,,,,,,,,,22.341177152382357,,#000000,3.342491095358018,23.746989067876513,-0.21913137539654678,55.855544481269405,8.522949503932374,True,False,True,False,True,0.0,0.0,0.0,0.0,0.0,0,0.8607544892992199,0.9260151508868434,False,False,False,False,0.23404434218787712,0.1853281381108679,False,False,False,False,-2437062,-2360579.6099184663,False,False,False,False,225503.14500594093,False,False,False,False
2025-01-31 00:00:00+00:00,22.8633194646,23.222478679,22.6553851825,23.222478679,173833,,,,,,22.53493716672668,22.175444808097044,,,,,,,,,22.355190987411863,,#000000,3.156506354654809,23.744362626435976,-0.2791197174486048,57.00228975149554,8.522949503932374,True,False,True,False,True,0.0,0.0,0.0,0.0,0.0,0,0.865996265706717,0.9221393093484899,False,False,False,False,0.24993121120265982,0.21762967465676386,False,False,False,False,-2610895,-2370395.8997255852,False,False,False,False,223476.86480962954,False,False,False,False
2025-02-03 00:00:00+00:00,23.4209614027,23.430412961,22.6081273912,22.7971585566,112398,,,,,,22.55426424007377,22.1822818586818,,,,,,,,,22.368273049377784,,#000000,3.0054394757619503,23.74423250150219,-0.10756200595928851,58.98042036755325,3.089830283998694,True,False,True,False,True,0.06324631672314851,0.0,0.0,0.0,0.0,0,0.8643685449713222,0.9255099220854722,False,False,False,False,0.2598138812097404,0.23872177793325214,False,False,False,False,-2498497,-2375419.472285366,False,False,False,False,219120.83089552642,False,False,False,False
2025-02-04 00:00:00+00:00,24.4417296963,24.4984390459,22.948383489,23.2508333538,347034,,,,,23.962850743733334,22.67825670777894,22.219913096321676,,,,,,,,,22.953673515944647,,#000000,2.892057161276263,23.734301424241046,0.24461075027533946,62.184711099923874,6.274533675647405,True,False,True,False,True,2.7151406833267195,0.0,0.0,0.0,0.0,0,0.8723317436976424,0.906818976034208,False,False,False,False,0.34282824157417396,0.29077500975371307,False,False,False,False,-2151463,-2366636.8655290776,False,True,False,False,224137.03360550577,False,False,False,False
2025-02-05 00:00:00+00:00,24.1865376229,24.3708430093,24.0258611323,24.1581829481,138694,,,,,24.028970924940037,22.729782625756695,22.236450976382798,,,,,,,,,22.998401509026507,,#000000,2.7624996419795216,23.745246266325484,0.1597434981958229,63.399926078542855,7.5390500145544905,True,False,True,False,True,2.019831694689433,0.0,0.0,0.0,0.0,0,0.8963979229099195,0.9111110175608282,False,False,False,False,0.34282824255111766,0.31680162615241536,False,False,False,False,-2290157,-2363637.6551161725,False,False,False,False,220786.32640528987,False,False,False,False
2025-02-06 00:00:00+00:00,23.5721863351,24.4228265798,23.3358973783,24.4228265798,175123,,,,,23.96219166476956,22.772869428897177,22.252572507533667,,,,,,,,,22.9958778670668,,#000000,2.627620426123081,23.747069275418113,-0.06655563283778554,62.0950255026288,7.5390500145544905,True,False,True,False,True,0.36346465830818886,0.0,0.0,0.0,0.0,0,0.9002651562096926,0.8976954713501692,False,False,False,False,0.3054317860983172,0.3111167061253663,False,False,False,False,-2465280,-2367623.629425342,False,False,False,False,218995.6077227295,False,False,False,False
2025-02-07 00:00:00+00:00,23.4020582862,23.8383422161,23.2413817955,23.5721863351,88389,,,,,23.906949810067147,22.78753903405072,22.2590948306908,,,,,,,,,22.98452789160289,,#000000,2.482964715382405,23.74541771712617,-0.1382860693907563,60.65952155828339,7.5390500145544905,True,False,True,False,False,0.0,0.0,0.0,0.0,0.0,0,0.9000502693316434,0.9019937363157551,False,False,False,False,0.2665189299948153,0.28881781806009077,False,False,False,False,-2553669,-2374919.526310623,False,False,False,False,213873.779968897,False,False,False,False
2025-02-10 00:00:00+00:00,23.3358973783,23.8746361999,22.844416348,23.3548004948,131964,,,,,23.82379132760223,22.8041683736526,22.26759863859168,,,,,,,,,22.96518611328217,,#000000,2.3421972520318257,23.741799524919536,-0.173299727965875,59.470314681683334,7.5390500145544905,True,False,True,False,False,0.0,0.0,0.0,0.0,0.0,0,0.8998618712387717,0.8986916426874981,False,False,False,False,0.24617226380599858,0.26749504093304466,False,False,False,False,-2685633,-2387104.3684160886,False,False,False,False,210661.6317348226,False,False,False,False
2025-02-11 00:00:00+00:00,23.0050928387,23.2886395869,22.8349647897,23.2886395869,181467,,,,,23.69044227131885,22.8134688108961,22.275808931733714,,,,,,,,,22.926573337982887,,#000000,2.2110814700218664,23.732742871193334,-0.3290923660475238,57.49423294943985,12.956467256832497,True,False,True,False,False,0.0,0.0,0.0,0.0,0.0,0,0.9137325836585846,0.9009569105640641,False,False,False,False,0.21300503881348823,0.24025003987326643,False,False,False,False,-2867100,-2405927.726517419,False,False,False,False,209516.74421580994,False,False,False,False
2025-02-12 00:00:00+00:00,23.0145443969,23.638347243,22.844416348,22.9956412804,164022,,,,,23.62028787629433,22.825452298357288,22.284246679834347,,,,,,,,,22.909995618161986,,#000000,2.115105855091593,23.728083828567726,-0.3373540052144705,56.2070480264247,11.569939929534186,True,False,True,False,False,0.0,0.0,0.0,0.0,0.0,0,0.9364943254553176,0.8737527566184794,False,False,False,False,0.2329509187422263,0.23660047930774636,False,False,False,False,-2703078,-2417580.678418697,False,False,False,False,207732.6365995037,False,False,False,False
2025-02-13 00:00:00+00:00,22.9011256977,23.1941240042,22.7026429739,22.7782554401,144564,,,,,23.547792024468478,22.828571959076527,22.289619871641943,,,,,,,,,22.888661285062316,,#000000,2.035337821379737,23.72163469182499,-0.40313160081149246,54.90022791870968,10.154064497179064,True,False,True,False,False,0.0,0.0,0.0,0.0,0.0,0,0.9166948822308911,0.8893949944525136,False,False,False,False,0.2004940790533149,0.21854727918053063,False,False,False,False,-2847642,-2434445.8282846306,False,False,False,False,205255.43516422904,False,False,False,False
2025-02-14 00:00:00+00:00,23.0050928387,23.8179268502,22.9861897221,23.7045081509,184936,,,,,23.514748255501818,22.844409351874194,22.299901433336135,,,,,,,,,22.886353013570716,,#000000,1.9517008372900284,23.7195446149853,-0.36606623445288206,54.42158169411782,9.493632688678979,True,False,True,False,False,0.0,0.0,0.0,0.0,0.0,0,0.9309992170594564,0.8693398458324348,False,False,False,False,0.2509524475934792,0.2347498633870049,False,False,False,False,-2662706,-2443397.207567586,False,False,False,False,204458.5945695534,False,False,False,False
2025-02-18 00:00:00+00:00,23.118511538,23.3831551696,22.9105772559,23.1563177711,116824,,,,,23.488399676495487,22.85090661630296,22.3054147789159,,,,,,,,,22.881573690571447,,#000000,1.8960157058651197,23.717113137457055,-0.3157155278858428,54.54872000108096,9.36423556032608,True,False,True,False,False,0.0,0.0,0.0,0.0,0.0,0,0.9282934854590075,0.8999779330982105,False,False,False,False,0.22243135202234282,0.22859060770467388,False,False,False,False,-2545882,-2447416.219035524,False,False,False,False,201021.94380211993,False,False,False,False
2025-02-19 00:00:00+00:00,22.7499007653,23.222478679,22.5041602502,22.9767381639,141796,,,,,23.436606656303006,22.850241077685165,22.309537507272427,,,,,,,,,22.865461747086865,,"rgba(239, 83, 80, 0.5)",1.8153332516354908,23.71092209725225,-0.5293911358073979,52.92996900893352,7.5684665552424235,True,False,False,False,False,0.0,0.0,0.0,0.0,0.0,0,0.9032806283508251,0.8965877003233197,False,False,False,False,0.19115154334990986,0.20987107552729187,False,False,False,False,-2687678,-2456838.249661582,False,False,False,False,198699.35777066424,False,False,False,False
2025-02-20 00:00:00+00:00,21.2092967666,21.5401013062,20.8973953436,21.1336843004,896706,,,,,22.702113568628516,22.617829140618657,22.257317591413326,,,,,,,,,22.5257534335535,,"rgba(239, 83, 80, 1.0)",1.7762772822527826,23.583980820139775,-1.3368881521290727,46.88032087994499,1.7711794406219852,False,False,False,True,False,0.0,0.0,0.0,0.0,0.0,0,0.8944691319046785,0.9020284049287867,False,False,False,False,0.014989762033207983,0.11243041878024992,False,False,False,False,-3584384,-2501055.73006701,False,False,False,False,226072.16726985388,False,False,False,False
2025-02-21 00:00:00+00:00,20.7556219695,22.0032276616,20.5098814544,21.6913262386,685425,,,,,22.376740863627315,22.468021308417246,22.21620880602628,,,,,,,,,22.35365699269028,,"rgba(255, 0, 0, 1.0)",1.744542461202417,23.500572110261064,-1.573449888327235,41.82012876448125,-2.8279364763718604,False,True,False,True,False,0.0,0.0,0.0,0.0,0.0,0,0.8972461464731696,0.8802635959872923,False,False,False,False,0.01898789299984744,0.06570915589004868,False,False,False,False,-4269809,-2570418.603397716,False,False,False,False,244086.00384750665,False,False,False,False
2025-02-24 00:00:00+00:00,20.8690406688,20.9352015767,20.1979800313,20.8879437853,490557,,,,,22.161043045579586,22.34997775416359,22.178145458667743,,,,,,,,,22.229722086136974,,"rgba(239, 83, 80, 1.0)",1.7170774937155604,23.435470783898914,-1.4946501392581013,38.98813050976927,-5.252407926452264,False,True,False,True,False,0.0,0.0,0.0,0.0,0.0,0,0.894607060827985,0.8992800652539162,False,False,False,False,-0.054011586881610785,0.005848784504218947,False,False,False,False,-3779252,-2617823.834637021,False,False,False,False,253751.53310838874,False,False,False,False
2025-02-25 00:00:00+00:00,20.2830440558,21.2092967666,20.2830440558,20.9635562515,163451,,,,,22.097725788565892,22.31239405880568,22.16526098371473,,,,,,,,,22.1917936103621,,"rgba(255, 0, 0, 1.0)",1.7028386373525302,23.414253844262312,-1.8388176775989327,35.7774699348299,-8.072493771479714,False,True,False,True,False,0.0,0.0,0.0,0.0,0.0,0,0.90107328875912,0.8882532788044808,False,False,False,False,-0.034987779364646185,-0.014569497430213619,False,False,False,False,-3942703,-2669779.8803375303,False,False,False,False,250210.3357315892,False,False,False,False
2025-02-26 00:00:00+00:00,20.4531721047,21.1431358587,20.4531721047,20.5949454788,187237,,,,,22.035232339051625,22.273452218353206,22.151598569615572,,,,,,,,,22.153427709006802,,"rgba(255, 0, 0, 1.0)",1.6919342403423336,23.391530751178557,-1.7366860817735048,34.499669183690074,-9.143413016854907,False,True,False,True,False,0.0,0.0,0.0,0.0,0.0,0,0.9185703750715353,0.8763062927211823,False,False,False,False,-0.02948621574885181,-0.022027856589532713,False,False,False,False,-3755466,-2712355.806598804,False,False,False,False,247740.79315387984,False,False,False,False
2025-02-27 00:00:00+00:00,19.4796616025,20.5807681414,19.4513069277,20.5098814544,239353,,,,,21.917736014015137,22.201221287207858,22.124643615014623,,,,,,,,,22.081200305412537,,"rgba(255, 26, 202, 1.0)",1.6881984347899726,23.352569079625773,-2.294106781118773,31.652583121409887,-11.786155244926718,False,True,False,True,False,0.0,0.0,0.0,0.0,0.0,0,0.9157687413054598,0.8726765474439455,False,False,False,False,-0.11263899545983934,-0.06733342602468603,False,False,False,False,-3994819,-2762648.4808498314,False,False,True,False,247411.86008902182,False,False,False,False
2025-02-28 00:00:00+00:00,19.8577239335,20.2735924975,19.3772067108,19.3851460198,190649,,,,,21.832725001430397,22.14665712725174,22.103608766620468,,,,,,,,,22.027663631767535,,"rgba(255, 26, 202, 1.0)",1.6701586179380223,23.32250246481742,-2.0745206437907275,31.58367630341236,-11.88967165527039,False,True,False,True,False,0.0,0.0,0.0,0.0,0.0,0,0.910197772374259,0.8854408620236685,False,False,False,False,-0.13310021728677104,-0.10021682165572854,False,False,False,False,-3804170,-2803492.4619929753,False,False,False,False,245185.86557572684,False,False,False,False
2025-03-03 00:00:00+00:00,19.8388208169,20.7103256054,19.3197819002,20.3290242383,423715,,,,,21.676582013076256,22.039824556879697,22.06062111897016,,,,,,,,,21.925675896308704,,"rgba(255, 26, 202, 1.0)",1.6770827630807033,23.261038007765876,-2.040577403931731,31.495185124737223,-12.176118898221802,False,True,False,True,False,0.0,0.0,0.0,0.0,0.0,0,0.9204372759681442,0.8769452984248611,False,False,False,False,-0.11274432982990955,-0.10648057574281905,False,False,False,False,-4227885,-2859350.992895212,False,False,False,False,252187.00810216894,False,False,False,False
2025-03-04 00:00:00+00:00,20.1079521071,20.3250833872,19.128025856,19.6273605175,188747,,,,,21.61142606683367,21.993336703557116,22.04111410132197,,,,,,,,,21.881958957237586,,"rgba(255, 0, 0, 1.0)",1.6822778507631935,23.024758843468913,-1.7338436305546399,32.80475480841034,-12.176118898221802,False,True,False,True,False,0.0,0.0,0.0,0.0,0.0,0,0.92718819812032,0.8808270280515454,False,False,False,False,-0.14393472429957777,-0.1252076500211984,False,False,False,False,-4039138,-2905617.1500365767,False,False,False,False,249699.16464718193,False,False,False,False
2025-03-05 00:00:00+00:00,19.5793013586,20.4732017151,19.5696895268,20.2617414157,104807,,,,,21.577615085940717,21.968604602947302,22.030529991523405,,,,,,,,,21.858916560137143,,"rgba(255, 26, 202, 1.0)",1.6936899364060265,23.010995979508284,-2.0261646167599405,32.32709796319065,-12.176118898221802,False,True,False,True,False,0.0,0.0,0.0,0.0,0.0,0,0.9325722897878665,0.8907758566154967,False,False,False,False,-0.11222930985332016,-0.11871847993725929,False,False,False,False,-4143945,-2954179.0265057306,False,False,False,False,244017.11897474344,False,False,False,False
2025-03-06 00:00:00+00:00,20.4539780515,20.7134975099,20.1271757707,20.3578597336,130734,,,,,21.5504533119177,21.946550714631027,22.02084746371746,,,,,,,,,21.83928383008873,,"rgba(255, 0, 0, 1.0)",1.6922963109819142,23.00588021565047,-1.5079523293824313,35.95053764382964,-12.176118898221802,False,True,False,True,True,0.0,0.0,0.0,0.0,0.0,0,0.9326998648284036,0.8779275460794169,False,False,False,False,-0.06968530992991911,-0.0942018949335892,False,False,False,False,-4013211,-2995709.692132957,False,False,False,False,239574.64372083195,False,False,False,False
2025-03-07 00:00:00+00:00,20.9441814729,21.0883589498,20.665438351,20.7231093417,104991,,,,,21.538291733793447,21.934621177144088,22.015419836936346,,,,,,,,,21.829444249291296,,"rgba(239, 83, 80, 1.0)",1.6866292676520938,23.00572844242579,-1.2222881513230295,40.18437783112745,-15.775747376700238,False,True,False,True,True,0.0,0.0,0.0,0.0,0.0,0,0.9452050557176206,0.8520586318214937,False,False,False,False,-0.07367591896197737,-0.08393890694778328,False,False,False,False,-3908220,-3031494.4100885275,False,False,False,False,234296.8537709954,False,False,False,False
2025-03-10 00:00:00+00:00,19.512018536,20.6529429696,19.3774528909,20.4635898833,311839,,,,,21.4494224317909,21.866314259379696,21.98469910031757,,,,,,,,,21.766811930496058,,"rgba(255, 26, 202, 1.0)",1.6924884531435334,22.958625131798335,-2.0364136543423985,39.18241437066182,-15.775747376700238,False,True,False,True,True,0.0,0.0,0.0,0.0,0.0,0,0.9129380288482876,0.8873371872498246,False,False,False,False,-0.2602287898820017,-0.1720838484148925,False,False,False,False,-4220059,-3078104.786163487,False,False,False,False,237337.72225056423,False,False,False,False
2025-03-11 00:00:00+00:00,19.9445509666,20.3698745234,19.7138670036,20.0791166117,246716,,,,,21.391933125164506,21.819447960504576,21.96279961946058,,,,,,,,,21.724726901709886,,"rgba(255, 0, 0, 1.0)",1.6886930281530266,22.928721034546246,-1.767147739817532,40.03584552295225,-15.775747376700238,False,True,False,True,True,0.0,0.0,0.0,0.0,0.0,0,0.893966913307839,0.9103194468622355,False,False,False,False,-0.25624769225825517,-0.21416577033657383,False,False,False,False,-3973343,-3113212.1670982526,False,False,False,False,237705.49784858132,False,False,False,False
2025-03-12 00:00:00+00:00,20.800003996,20.8768986504,20.1463994342,20.1944585932,193617,,,,,21.368110856473905,21.795914148107098,21.95111159212159,,,,,,,,,21.705045532234198,,"rgba(239, 83, 80, 1.0)",1.6715301462424512,22.91568026250073,-1.265712300347501,43.25528552189239,-12.706649903284323,False,True,False,True,True,0.0,0.0,0.0,0.0,0.0,0,0.8864940388590827,0.8975179505970833,False,False,False,False,-0.1873006736139624,-0.2007332219752681,False,False,False,False,-3779726,-3139349.9644669485,False,False,False,False,235976.53714863697,False,False,False,False
2025-03-13 00:00:00+00:00,20.6077673602,21.078747118,20.4732017151,20.6750501827,95316,,,,,21.358559538683977,21.785723320069692,21.945905588762916,,,,,,,,,21.69672948250553,,"rgba(239, 83, 80, 1.0)",1.661333589150572,22.90981174371992,-1.385660531126045,44.86094594498677,-11.104646466326159,False,True,False,True,True,0.0,0.0,0.0,0.0,0.0,0,0.9003204485175818,0.8849766810202498,False,False,False,False,-0.1493063548651243,-0.17501978842019622,False,False,False,False,-3875042,-3168200.6325270683,False,False,False,False,230460.437652612,False,False,False,False
2025-03-14 00:00:00+00:00,20.9730169683,20.9730169683,20.5020372105,20.5597082013,115662,,,,,21.3490292249381,21.774705566236687,21.940137805497418,,,,,,,,,21.687957532224065,,"rgba(239, 83, 80, 1.0)",1.6574608287434032,22.903301973045775,-1.164603694561645,47.03669859666968,-8.947035209008284,False,True,False,False,True,0.0,0.0,0.0,0.0,0.0,0,0.9085055263202377,0.8818387741682312,False,False,False,False,-0.18279812528714684,-0.17890895685367153,False,False,False,False,-3759380,-3191384.13713385,False,False,False,False,225958.53813682328,False,False,False,False
2025-03-17 00:00:00+00:00,21.4632203896,21.8669173248,21.3478784081,21.4728322214,112714,,,,,21.352568817229795,21.7723470459526,21.93825283803767,,,,,,,,,21.687722900406687,,"rgba(239, 83, 80, 0.5)",1.651964011122682,22.90297563738191,-0.8715415336460305,49.88318620234976,-6.184138266397319,False,False,False,False,True,0.0,0.0,0.0,0.0,0.0,1,0.9072397475193302,0.8762160546220157,False,False,False,False,-0.05245128050770325,-0.1156801186806874,False,False,False,False,-3646666,-3209238.3278344832,False,False,False,False,221517.57585694786,False,False,False,False
2025-03-18 00:00:00+00:00,21.4824440532,21.8573054931,21.4824440532,21.7419635116,122228,,,,,21.35713634616786,21.770411173926107,21.93648633878059,,,,,,,,,21.688011286291516,,"rgba(239, 83, 80, 0.5)",1.650843227808529,22.902395412875407,-0.8601370110476051,51.835671917178416,-4.283871975248296,False,False,True,False,True,0.0,0.0,0.0,0.0,0.0,0,0.8971225096939122,0.8960383396120606,False,False,False,False,-0.043209033772524226,-0.0794445762266058,False,False,False,False,-3524438,-3221599.0992919547,False,False,False,False,217623.86699981266,False,False,False,False
2025-03-19 00:00:00+00:00,22.4340154005,22.6550875317,21.8092463341,22.0783776243,142725,,,,,21.376454306912116,21.777563246313267,21.93873523166053,,,,,,,,,21.697584261628638,,#000000,1.6583440841998245,22.907892938327723,-0.28575344667169883,55.61259767663949,-0.6879661873968743,True,False,True,False,True,0.0,0.0,0.0,0.0,0.0,0,0.9047120066629937,0.8581589797133197,False,False,False,False,0.03982851396613321,-0.019808031130236298,False,False,False,False,-3381713,-3227878.0757903093,False,False,False,False,214686.65652923175,False,False,False,False
2025-03-20 00:00:00+00:00,22.5685810456,22.7608176814,21.953423811,22.0687657925,157549,,,,22.42760751266667,21.399715343515886,21.787121310304986,21.94205613857057,,,,,,,,,21.889125076264527,,#000000,1.6671451337309315,22.84180137551992,-0.1638851497640631,58.44283746857301,1.9557276378142774,True,False,True,False,True,0.33543887551386575,0.0,0.0,0.0,0.0,0,0.9140994386288084,0.8585913221628897,False,False,False,False,0.05831562234020966,0.01925379560498668,False,False,False,False,-3224164,-3227732.425759317,False,False,False,False,212445.9641163207,False,False,False,False
2025-03-21 00:00:00+00:00,21.8092463341,22.3763444098,21.7323516798,22.184107774,182522,,,,22.183422574597593,21.414036306675754,21.79022870269167,21.94229500487496,,,,,,,,,21.832495647209996,,"rgba(239, 83, 80, 0.5)",1.6691168269644838,22.83055163504307,-0.6118836527461365,57.41611535404125,1.9557276378142774,True,False,True,False,True,0.0,0.0,0.0,0.0,0.0,0,0.9033827300716373,0.8932697144951015,False,False,False,False,0.013563714980418255,0.016408755292702467,False,False,False,False,-3406686,-3234750.212984442,False,False,False,False,211272.4753274454,False,False,False,False
2025-03-24 00:00:00+00:00,21.9342001474,22.1600781945,21.5305032122,21.6170096983,169386,,,,22.080852975763552,21.424485197884955,21.79152507651695,21.941810346706564,,,,,,,,,21.809668399218005,,"rgba(239, 83, 80, 0.5)",1.6686964242255153,22.824591833234624,-0.5335851823664567,57.09002734929415,1.9557276378142774,True,False,True,False,True,0.0,0.0,0.0,0.0,0.0,0,0.9155262183006164,0.8946922385499146,False,False,False,False,-0.017293959605104936,-0.0004426021562012345,False,False,False,False,-3237300,-3234850.2046321104,False,False,False,False,209629.8684518593,False,False,False,False
2025-03-25 00:00:00+00:00,21.5785623711,22.2081373534,21.443996726,22.184107774,85653,,,,22.032307857088266,21.428101683085092,21.791156738243245,21.94109177021093,,,,,,,,,21.798164512156884,,"rgba(239, 83, 80, 0.5)",1.6685548628995812,22.82087678750597,-0.7445451414447963,55.55344062353101,1.9557276378142774,True,False,True,False,False,0.0,0.0,0.0,0.0,0.0,0,0.8966319585578336,0.9173963546268336,False,False,False,False,-0.02013220750048856,-0.010287404828344896,False,False,False,False,-3322953,-3238305.216215165,False,False,False,False,204768.03047335503,False,False,False,False
2025-03-26 00:00:00+00:00,21.6939043526,21.8188581659,21.5208913804,21.6170096983,143228,,,,21.96355434644072,21.43274770031883,21.789720463003817,21.939506038584454,,,,,,,,,21.781382137086958,,"rgba(239, 83, 80, 0.5)",1.669612147597398,22.814538293535463,-0.6711941707827624,54.9156421689368,1.9557276378142774,True,False,True,False,False,0.0,0.0,0.0,0.0,0.0,0,0.8796170176104963,0.944377844004094,False,False,False,False,-0.043209033772524226,-0.026748219300434563,False,False,False,False,-3179725,-3236007.952834178,False,False,False,False,202354.69594498817,False,False,False,False
2025-03-27 00:00:00+00:00,21.0691352862,21.6939043526,20.953889423,21.1460299405,242422,,,,21.784454825559333,21.426833581611326,21.7781490421724,21.93243478259097,,,,,,,,,21.730468057983508,,"rgba(239, 83, 80, 1.0)",1.6684291221385115,22.794249538269355,-1.0339751501449375,52.220428732499485,1.9557276378142774,False,False,False,False,False,0.0,0.0,0.0,0.0,0.0,0,0.8751277988301467,0.9411235276082485,False,False,False,False,-0.09452614554615472,-0.06063718242329465,False,False,False,False,-3422147,-3243307.5233112695,False,False,False,False,203925.9627706749,False,False,False,False
2025-03-28 00:00:00+00:00,21.7419635116,21.8573054931,21.1075826133,21.1075826133,304644,,,,21.73337976451002,21.4320831204928,21.772767608651208,21.927881738811465,,,,,,,,,21.716528058116374,,"rgba(239, 83, 80, 0.5)",1.6657513826026216,22.78296514290076,-0.6249441796495859,52.74067241896429,1.9557276378142774,False,False,True,False,False,0.0,0.0,0.0,0.0,0.0,0,0.8712123602625482,0.9419415916809115,False,False,False,False,-0.07096425733725292,-0.06580071988027378,False,False,False,False,-3117503,-3238374.012593181,False,False,False,False,207875.68972084453,False,False,False,False
2025-03-31 00:00:00+00:00,21.2421482584,21.4488026419,20.7375270894,21.0499116226,181384,,,,21.660351484591832,21.425858429384558,21.76326495687449,21.9220701333112,,,,,,,,,21.69288625104052,,"rgba(239, 83, 80, 0.5)",1.658831742127592,22.76986649378753,-0.9209603340650453,51.357219331887315,6.936873259465351,False,False,False,False,False,0.0,0.0,0.0,0.0,0.0,0,0.8841914803991779,0.9435761081174968,False,False,False,False,-0.12901074126982887,-0.09740573057505132,False,False,False,False,-3298887,-3240747.07092286,False,False,False,False,206836.79992787025,False,False,False,False
2025-04-01 00:00:00+00:00,20.9153459775,21.3382665763,20.8672868186,21.2709837538,81684,,,,21.627642916044458,21.422157816253712,21.7583867570851,21.9191402945688,,,,,,,,,21.681831945988016,,"rgba(239, 83, 80, 1.0)",1.650142777482913,22.763569522513496,-1.120038562864682,49.383543900890146,4.85155917331582,False,False,False,False,False,0.0,0.0,0.0,0.0,0.0,0,0.8966662296893984,0.9278816729071896,False,False,False,False,-0.1275686384043519,-0.1124871844897016,False,False,False,False,-3380571,-3246230.3622592185,False,False,False,False,201928.8469895224,False,False,False,False
2025-04-02 00:00:00+00:00,20.8672868186,20.8768986504,20.4155307244,20.665438351,89843,,,,21.577863806501032,21.41482175363752,21.75073648351179,21.914773573287935,,,,,,,,,21.664548904234568,,"rgba(239, 83, 80, 1.0)",1.6277394609052125,22.754490819846673,-1.1594017633492573,47.910377784869844,3.2717407433184746,False,False,False,False,False,0.0,0.0,0.0,0.0,0.0,0,0.9060004473998828,0.9263124631899914,False,False,False,False,-0.19676653640453376,-0.15462686044711768,False,False,False,False,-3470414,-3255021.877464739,False,False,False,False,197533.32357816858,False,False,False,False
2025-04-03 00:00:00+00:00,20.0118337892,20.9249578093,19.9829982938,20.1752349296,224686,,,,21.42454347191879,21.38660616323405,21.724611807871916,21.90026115168401,,,,,,,,,21.60900564867719,,"rgba(255, 0, 0, 1.0)",1.5937169733957257,22.72592249926155,-1.7029929123981484,44.394309637829934,-0.1743125805757444,False,True,False,True,False,0.0,0.0,0.0,0.0,0.0,0,0.897368043398838,0.9174902321995969,False,False,False,False,-0.22643037272123756,-0.19052861658417763,False,False,False,False,-3695100,-3272279.8430543575,False,False,False,False,198598.13441824043,False,False,False,False
2025-04-04 00:00:00+00:00,17.8203361408,18.4739407026,17.4454747009,18.1951975806,403930,,,,20.798888538362164,21.23458506316913,21.604564416017315,21.83661173217321,,,,,,,,,21.368662437430455,,"rgba(255, 26, 202, 1.0)",1.6194043862665883,22.6115728672627,-2.9586413171996706,38.03149757114675,-6.109140508450665,False,True,False,True,False,0.0,0.0,0.0,0.0,0.0,0,0.8662641208408318,0.9566689832749757,False,False,False,False,-0.34282825441539394,-0.26667843549978576,False,False,False,False,-4099030,-3304701.4178365394,False,False,False,False,206650.36444105452,False,False,False,False
2025-04-07 00:00:00+00:00,18.8968613014,19.1371570962,17.2147907379,17.5704285142,401175,,,,20.440639238022257,21.117178523068837,21.507852229006115,21.783227563451312,,,,,18.416269711833333,,,18.416269711833333,21.212224388387128,18.416269711833333,"rgba(255, 26, 202, 1.0)",1.6059111910744108,22.26366078451833,-2.096504154047162,37.486373021583475,-6.47438685805578,False,True,False,True,False,0.0,1.0,19.137157,17.21479,0.0,0,0.8814035372395619,0.9406437278078483,False,False,False,False,-0.31736314283613337,-0.2920207891679596,False,False,False,False,-3697855,-3320119.2053723615,False,False,False,False,214278.7815217975,False,False,False,False
2025-04-08 00:00:00+00:00,18.0798555991,19.3005582366,17.9164544587,19.2909464048,238530,,,,20.275826141591295,21.052283388094803,21.453365152795698,21.752416492093058,,,,,18.42224306474466,,,18.42224306474466,21.133472793643715,18.42224306474466,"rgba(255, 26, 202, 1.0)",1.602597992011388,22.218891952351576,-2.582704067947044,35.78502119925699,-8.076800615227462,False,True,False,True,False,0.0,0.0,0.0,0.0,0.0,0,0.897231439698781,0.9368004847228926,False,False,False,False,-0.2675698767274579,-0.27979533294770875,False,False,False,False,-3936385,-3344286.4914361904,False,False,False,False,215229.8096974133,False,False,False,False
2025-04-09 00:00:00+00:00,19.281334573,19.6561960129,17.8780071315,18.0221846084,235209,,,,20.175710385632538,21.003076593913036,21.410186312282597,21.727132788577663,,,,,18.561035259911026,,,18.561035259911026,21.079026520101458,18.561035259911026,"rgba(255, 0, 0, 1.0)",1.5788694290177019,22.19082906950359,-1.8427708099419855,38.06297370440615,-8.076800615227462,False,True,False,True,False,0.0,0.0,0.0,0.0,0.0,0,0.8960486683716243,0.9324404165117144,False,False,False,False,-0.2496440301154611,-0.2647196815315849,False,False,False,False,-3701176,-3358282.158438693,False,False,False,False,216013.30735633828,False,False,False,False
2025-04-10 00:00:00+00:00,18.6661773384,19.1275452644,18.3826283006,18.868025806,108526,,,,20.127287936032058,20.978872457318122,21.38908483109499,21.714739708708056,,,,,18.57917902746542,,,18.57917902746542,21.052496233288306,18.57917902746542,"rgba(255, 26, 202, 1.0)",1.5648343547280683,22.174758247925105,-2.2421420509615624,38.46551015556804,-8.076800615227462,False,True,False,True,False,0.0,0.0,0.0,0.0,0.0,0,0.8983563229820544,0.9580686155810453,False,False,False,False,-0.2509964245593976,-0.25785805304549125,False,False,False,False,-3809702,-3375984.89732345,False,False,False,False,211798.1188325603,False,False,False,False
2025-04-11 00:00:00+00:00,19.7330906672,19.8099853215,19.1659925915,19.1659925915,146816,,,,20.10319024342356,20.95890075865168,21.369942951072826,21.7028252974491,,,,,18.70784261293678,,,18.70784261293678,21.03371481264929,18.70784261293678,"rgba(255, 0, 0, 1.0)",1.5221844544953205,22.165887451334864,-1.5982273218927714,41.37251306280829,-8.076800615227462,False,True,False,True,True,0.0,0.0,0.0,0.0,0.0,0,0.8969563381207181,0.949547089991476,False,False,False,False,-0.16993691115028428,-0.21389748209788778,False,False,False,False,-3662886,-3387235.9209578247,False,False,False,False,209249.80044696972,False,False,False,False
2025-04-14 00:00:00+00:00,19.8388208169,20.3242183224,19.7330906672,20.1944585932,161818,,,,20.09692424272929,20.943619893240783,21.353842201832897,21.69225347295631,,,,,18.865334858016556,,,18.865334858016556,21.02165995268982,18.865334858016556,"rgba(255, 0, 0, 1.0)",1.5138937440963314,22.160850228336603,-1.5338126737703517,43.557153912690175,-12.630590795545729,False,True,False,True,True,0.0,0.0,0.0,0.0,0.0,0,0.9060601114626716,0.941335260124298,False,False,False,False,-0.11158233661713143,-0.1627399093575096,False,False,False,False,-3501068,-3391699.9240575177,False,False,False,False,207389.7298412062,False,False,False,False
2025-04-15 00:00:00+00:00,19.3870647227,20.3098005747,19.2236635823,19.8964918077,167407,,,,20.076405093482975,20.923204742522778,21.33375789998156,21.67941677907394,,,,,18.95421157525051,,,18.95421157525051,21.00319612876531,18.95421157525051,"rgba(255, 0, 0, 1.0)",1.5264102491264542,22.149151440626934,-1.809531034993798,44.02663165435741,-12.044111014946196,False,True,False,True,True,0.0,0.0,0.0,0.0,0.0,0,0.8969049713167248,0.9463134457179085,False,False,False,False,-0.1397332955062573,-0.15123660243188344,False,False,False,False,-3668475,-3402553.848604282,False,False,False,False,205821.77965135497,False,False,False,False
2025-04-16 00:00:00+00:00,20.0310574527,20.0598929481,19.4543475453,19.4543475453,90901,,,,20.07097642593509,20.9141412855127,21.324365163667085,21.673218566569997,,,,,19.0066409699401,,,19.0066409699401,20.995675360421217,19.0066409699401,"rgba(239, 83, 80, 1.0)",1.5231032103496616,22.144176597189247,-1.3873775133099049,45.9598096885597,-10.022147993521564,False,False,False,True,True,0.0,0.0,0.0,0.0,0.0,0,0.891205446102857,0.9719770514663036,False,False,False,False,-0.1407702861901698,-0.14600344431102663,False,False,False,False,-3577574,-3409417.3839531336,False,False,False,False,201315.08241012538,False,False,False,False
2025-04-17 00:00:00+00:00,20.6846620145,20.6942738463,20.1271757707,20.1944585932,95153,,,,20.081460025494472,20.910535321611782,21.318957569263578,21.66908310830315,,,,,19.093112201775337,,,19.093112201775337,20.995009006168246,19.093112201775337,"rgba(239, 83, 80, 0.5)",1.5156757898187345,22.143974394721262,-0.9628130171530864,48.74964987254453,-7.236972759239919,False,False,False,False,True,0.0,0.0,0.0,0.0,0.0,0,0.8826579145153391,0.9582806809035547,False,False,False,False,-0.05678973197260489,-0.10139658814181576,False,False,False,False,-3482421,-3412280.2708569323,False,False,False,False,197151.86349208126,False,False,False,False
2025-04-21 00:00:00+00:00,20.3290242383,20.7615566689,20.2425177521,20.7615566689,76974,,,,20.088462096310906,20.907258775888817,21.314329693990345,21.66559477468952,,,,,19.153495878598427,,,19.153495878598427,20.9939113352199,19.153495878598427,"rgba(239, 83, 80, 1.0)",1.5062233090257828,22.14309728947308,-1.2043851932861214,49.68630378298666,-6.215317816634496,True,False,False,False,True,0.0,0.0,0.0,0.0,0.0,0,0.8985170523653883,0.9574435425367009,False,False,False,False,-0.02931107097855884,-0.0653538295601873,False,False,False,False,-3559395,-3418049.4759213664,False,False,False,False,192439.00610023495,False,False,False,False
2025-04-22 00:00:00+00:00,20.5500963695,21.030687959,20.3194124065,20.9057341457,97178,,,,20.101420456951082,20.904850044854047,21.309811012421036,21.661896412435063,,,,,19.23252816104453,,,19.23252816104453,20.994494481665306,19.23252816104453,"rgba(239, 83, 80, 1.0)",1.5021495758175671,22.143109711382273,-1.060489160019402,50.8546472965714,-4.921373834634508,True,False,False,False,True,0.0,0.0,0.0,0.0,0.0,0,0.902436666859309,0.9392655587666033,False,False,False,False,-0.0007073577682353257,-0.033030593664211315,False,False,False,False,-3462217,-3419781.535689156,False,False,False,False,188703.28037081397,False,False,False,False
2025-04-23 00:00:00+00:00,21.1556417723,21.4536085578,20.7615566689,20.9345696411,110978,,,,20.12844537793923,20.907025453989203,21.308410461906174,21.659702787135835,,,,,19.341230411023307,,,19.341230411023307,21.000896020242614,19.341230411023307,"rgba(239, 83, 80, 0.5)",1.4984000405607076,22.14687406965954,-0.6615271426371656,53.071237652008236,-2.641831763217759,True,False,True,False,True,0.0,0.0,0.0,0.0,0.0,0,0.9156503439495963,0.9262560064607541,False,False,False,False,0.05179259870808963,0.009381002521939158,False,False,False,False,-3351239,-3417093.593113111,False,False,False,False,185655.23016019384,False,False,False,False
2025-04-24 00:00:00+00:00,21.8765291566,21.9726474745,21.309431081,21.5593387075,130611,,,,20.176459237882543,20.91642499676035,21.312017814631957,21.65998838134833,,,,,19.49192971511821,,,19.49192971511821,21.016222607655795,19.49192971511821,#000000,1.4915464371832075,22.156351996849303,-0.1876058520697144,56.07414927896767,0.3132500702373804,True,False,True,False,True,0.6402124891164291,0.0,0.0,0.0,0.0,0,0.9258348565699364,0.9009094682399188,False,False,False,False,0.11696978243421574,0.06317539247807745,False,False,False,False,-3220628,-3409389.060049852,False,False,False,False,183496.63289900977,False,False,False,False
2025-04-25 00:00:00+00:00,22.1552722786,22.4436272323,21.6650688572,21.8380818295,86641,,,,20.213972848686538,20.925347107565706,21.31650819714742,21.661339281977327,,,,,19.596647547330825,,,19.596647547330825,21.029291858844246,19.596647547330825,#000000,1.479644083685376,22.164392845476417,-0.006164027536745307,58.629605723284165,2.782561654503141,True,False,True,False,True,1.3863962510504457,0.0,0.0,0.0,0.0,0,0.9331973899166977,0.8982892821425579,False,False,False,False,0.16812810134595982,0.11565174691201863,False,False,False,False,-3133987,-3398588.979263583,False,False,False,False,179698.3727853231,False,False,False,False
2025-04-28 00:00:00+00:00,22.2417787647,22.3282852508,20.9153459775,21.8669173248,130845,,,,20.26044516422969,20.935615811642002,21.320943566873492,21.66213215435122,,,,,19.724797309576378,,,19.724797309576378,21.0447841742741,19.724797309576378,#000000,1.482866968442259,22.173117262669386,0.04630321093654365,60.51126609649212,4.610012067930228,True,False,True,False,True,1.6195842831111271,0.0,0.0,0.0,0.0,0,0.921763352399695,0.8933682558399508,False,False,False,False,0.11460711077763033,0.11512942884482448,False,False,False,False,-3003142,-3383081.2545865797,False,False,False,False,177782.55424472218,False,False,False,False
2025-04-29 00:00:00+00:00,22.5589692138,22.7512058496,22.3475089144,22.4147917369,74620,,,,20.29746380517162,20.946033113733716,21.32699873046546,21.66453469705197,,,,,19.81445880562783,,,19.81445880562783,21.058757586605694,19.81445880562783,#000000,1.487352137846601,22.181533127378838,0.25376377040585535,62.43348471388745,6.498323718154843,True,False,True,False,True,2.479105663766209,0.0,0.0,0.0,0.0,0,0.9448975137783144,0.8970665954928944,False,False,False,False,0.2596568912326001,0.1873931600387123,False,False,False,False,-2928522,-3365255.4014655375,False,False,False,False,173736.96388218406,False,False,False,False
2025-04-30 00:00:00+00:00,22.8473241675,22.9049951583,22.0110948017,22.0110948017,126874,,,,20.35867578436129,20.963822401223993,21.33745075207274,21.668750982674243,,,,,19.956325406561596,,,19.956325406561596,21.082174980083067,19.956325406561596,#000000,1.4861287013124467,22.195308645188543,0.43873422384995303,64.311826272392,8.361455891685807,True,False,True,False,True,3.258625992974167,0.0,0.0,0.0,0.0,0,0.9399271571939098,0.885661016655506,False,False,False,False,0.2827541655729573,0.2350736628058348,False,False,False,False,-2801648,-3343153.150427673,False,False,False,False,171899.20059268665,False,False,False,False
2025-05-01 00:00:00+00:00,22.8088768404,23.4817050658,22.7319821861,22.9722779808,132979,,,,20.4308538283762,20.986771665614118,21.351836752936656,21.675128388563436,,,,,20.11159081026142,,,20.11159081026142,21.111147658872603,20.11159081026142,#000000,1.4716651707325803,22.212502485327512,0.40523779928529435,65.38871901286939,9.503333563689154,True,False,True,False,True,3.144344867374439,0.0,0.0,0.0,0.0,0,0.9635346216255335,0.8703198959418561,False,False,False,False,0.34282824002569035,0.28895095141576255,False,False,False,False,-2934627,-3327132.5170775685,False,False,False,False,170372.91821650288,False,False,False,False
2025-05-02 00:00:00+00:00,23.0491726352,23.087523844,22.5301337184,22.7608176814,131692,,,,20.495442795533876,21.007692304400557,21.364838343411744,21.680827705641846,,,,,20.244838476644713,,,20.244838476644713,21.137200287247005,20.244838476644713,"rgba(38, 166, 154, 0.5)",1.4634353399631674,22.227411888247286,0.561528565364151,66.65244206888188,10.870357718848638,True,False,True,False,True,3.8073719345223545,0.0,0.0,0.0,0.0,0,0.9772736567545264,0.8650262956078195,False,False,False,False,0.3005179570426736,0.29473445422921807,False,False,False,False,-2802935,-3306575.751701978,False,False,False,False,168856.01946291453,False,False,False,False
2025-05-05 00:00:00+00:00,23.885402001,24.2698752726,23.702777197,24.0295794779,131206,,,23.952684823533332,20.583641366954666,21.039612881162824,21.386464568204524,21.691406074808803,,,,,20.413986317787618,,,20.413986317787618,21.730761942932833,20.413986317787618,"rgba(38, 166, 154, 1.0)",1.463681331073336,22.275049523264208,1.1002070215344615,69.15772185718845,13.399214520038214,True,False,True,False,True,6.0660616001939225,0.0,0.0,0.0,0.0,0,0.9967348574414485,0.8611545612095518,False,False,False,False,0.34282824212562313,0.3187813481774206,False,False,False,False,-2671729,-3281679.8006548416,False,False,False,False,167379.5481114277,False,False,False,False
2025-05-06 00:00:00+00:00,23.654718038,24.1545332911,23.3279157571,23.8565665056,114257,,,23.84083303069098,20.65163822725516,21.064604722715174,21.403268769558306,21.69956761399971,,,,,20.540011885872225,,,20.540011885872225,21.731982472843868,20.540011885872225,"rgba(38, 166, 154, 0.5)",1.4807988699625219,22.286753405308033,0.9238017805393028,69.67050391982399,14.04559620687705,True,False,True,False,True,5.348490113810222,0.0,0.0,0.0,0.0,0,0.9953828988003279,0.8408697885717868,False,False,False,False,0.3129934370813704,0.31588739262939547,False,False,False,False,-2785986,-3262240.828080142,False,False,False,False,165296.31093058738,False,False,False,False
2025-05-07 00:00:00+00:00,23.241409271,23.4528695704,22.9146069901,23.4528695704,83834,,,23.6784407687037,20.691683437037618,21.079175538910984,21.41275867723915,21.704009165915394,,,,,20.612630457309802,,,20.612630457309802,21.71321351756137,20.612630457309802,"rgba(38, 166, 154, 0.5)",1.4922583628882118,22.288207515140723,0.6387645595192968,68.02175869680134,14.04559620687705,True,False,True,False,True,4.0689230276885695,0.0,0.0,0.0,0.0,0,0.9801972899785225,0.8569913164357772,False,False,False,False,0.24700924264202234,0.2814483176357089,False,False,False,False,-2869820,-3246851.7759985677,False,False,False,False,162101.7105019369,False,False,False,False
2025-05-08 00:00:00+00:00,22.7223703543,23.1452909531,22.6428805053,22.9434424855,124962,,,23.446927014055923,20.74072445884654,21.096848541154753,21.42386468840121,21.70897599425728,,,,,20.699509613901466,,,20.699509613901466,21.68346813934314,20.699509613901466,#000000,1.4996437910094744,22.287554262061253,0.2899462491329721,64.66813887602858,14.04559620687705,True,False,True,False,False,2.4876136188098243,0.0,0.0,0.0,0.0,0,0.972071435968391,0.8630476575678181,False,False,False,False,0.21357330703152147,0.24751081233361516,False,False,False,False,-2994782,-3236966.686743722,False,False,False,False,160645.25126656683,False,False,False,False
2025-05-09 00:00:00+00:00,22.7992650086,23.1549027849,22.6358638681,23.0683962987,63586,,,23.375269053267925,20.76513243861892,21.10584045803669,21.42955439705567,21.711545628185405,,,,,20.74167914523922,,,20.74167914523922,21.67746839503292,20.74167914523922,#000000,1.5075368684751251,22.28942175611727,0.33819620809568324,62.66702243919134,18.27524905939329,True,False,True,False,False,2.7061794955581853,0.0,0.0,0.0,0.0,0,0.99365859774441,0.8485742781088863,False,False,False,False,0.21372199802800085,0.230616405180808,False,False,False,False,-2931196,-3224975.6794204386,False,False,False,False,156839.00611885835,False,False,False,False
2025-05-12 00:00:00+00:00,23.3375275889,23.3951985796,23.0011134762,23.2510211028,86226,,,23.35661904305536,20.803201956487758,21.12050247357273,21.439231168609084,21.716159399592534,,,,,20.806121701816018,,,20.806121701816018,21.68714280826349,20.806121701816018,"rgba(38, 166, 154, 0.5)",1.520299446784822,22.29761901353855,0.6840156243960226,62.90647661680419,18.27524905939329,True,False,True,False,False,4.229854057849209,0.0,0.0,0.0,0.0,0,0.9988946473680498,0.8309097366017077,False,False,False,False,0.24868718543080756,0.23965179530580777,False,False,False,False,-2844970,-3210073.495913755,False,False,False,False,154069.86862400116,False,False,False,False
2025-05-13 00:00:00+00:00,23.4817050658,23.6354943744,23.1968103715,23.2894684299,119187,,,23.370030497784366,20.857958314375047,21.142256699019114,21.4538531077194,21.72329246661481,,,,,20.896568453801475,,,20.896568453801475,21.709478217102546,20.896568453801475,"rgba(38, 166, 154, 0.5)",1.5377400491848618,22.3118031409923,0.7607930387374976,63.4634256298325,18.27524905939329,True,False,True,False,False,4.635197981545435,0.0,0.0,0.0,0.0,0,1.0046178893038709,0.8317154716738009,False,False,False,False,0.27423154439974284,0.25694166985277533,False,False,False,False,-2725783,-3191081.7117602746,False,False,False,False,152701.9129916874,False,False,False,False
2025-05-14 00:00:00+00:00,23.9142374964,24.0199676461,23.4624814022,23.5297642247,159133,,,23.44737328207009,20.937357769595067,21.175140228182286,21.476536210791533,21.734709747265846,,,,,21.023895589777364,,,21.023895589777364,21.754223447580966,21.023895589777364,"rgba(38, 166, 154, 1.0)",1.5624583383727768,22.336181049014108,1.0099830559510201,64.98012818541577,18.27524905939329,True,False,True,False,False,5.847680557380183,0.0,0.0,0.0,0.0,0,1.0152248629222487,0.8115018026212885,False,False,False,False,0.31299343708739996,0.2849675534700876,False,False,False,False,-2566650,-3166594.193652028,False,False,False,False,152954.11248220946,False,False,False,False
2025-05-15 00:00:00+00:00,23.010725308,23.1645146167,21.9726474745,22.2513905965,317351,,,23.253903391240463,21.028226785490446,21.212258510495708,21.49999223118991,21.745357076815555,,,,,21.160023390452928,,,21.160023390452928,21.747947599046416,21.160023390452928,#000000,1.571620435282281,22.345652890356,0.4231762343587413,61.85897953326131,17.054435059545497,True,False,True,False,False,2.9834260100969274,0.0,0.0,0.0,0.0,0,0.9679473315385413,0.821616734865027,False,False,False,False,0.17654855265589295,0.2307580530629903,False,False,False,False,-2884001,-3155512.1076264586,False,False,False,False,159401.049247613,False,False,False,False
2025-05-16 00:00:00+00:00,24.116085964,24.2602634408,23.457579368,23.5874352155,122347,,,23.31782488945061,21.084560500523242,21.237401434545102,21.51769930427298,21.754518901676523,,,,,21.24379238622366,,,21.24379238622366,21.78240100609369,21.24379238622366,"rgba(38, 166, 154, 1.0)",1.596835640733338,22.363862580645023,1.097309791100528,62.692330524722756,17.054435059545497,True,False,True,False,False,6.033606058140471,0.0,0.0,0.0,0.0,0,0.9911123383178135,0.8183012485866101,False,False,False,False,0.3272497092552255,0.2790038811591079,False,False,False,False,-2761654,-3140066.691641107,False,True,False,False,157947.94927711837,False,True,False,False
2025-05-19 00:00:00+00:00,23.6451062062,24.0391913096,23.5297642247,23.7316126923,77009,,,23.340953254973506,21.11643410989964,21.25180140348131,21.527776007278067,21.759706230352066,,,,,21.290142979906697,,,21.290142979906697,21.799334201196917,21.290142979906697,"rgba(38, 166, 154, 0.5)",1.60611181262774,22.373362010640726,0.7918154798192973,61.43473242549484,16.483384183737172,True,False,True,False,False,4.568376471360676,0.0,0.0,0.0,0.0,1,0.9836545272353613,0.8345174749072917,False,False,False,False,0.31821798526197187,0.2986109332105399,False,False,False,False,-2838663,-3128246.9390277304,False,False,False,False,154773.87283487845,False,False,False,False
2025-05-20 00:00:00+00:00,22.9242188219,23.5393760565,22.8665478311,23.5297642247,89878,,,23.32701525921734,21.143997033449438,21.264207069638086,21.536112843531193,21.763815296263772,,,,,21.328776218489022,,,21.328776218489022,21.807029500419965,21.328776218489022,#000000,1.606779179914872,22.37918026455538,0.33921186193954467,58.14972414230794,13.274641453299793,True,False,True,False,False,2.383005280396933,0.0,0.0,0.0,0.0,1,1.0013212740496629,0.8372502550206182,False,False,False,False,0.24924680432423987,0.27392886876738987,False,False,False,False,-2928541,-3120415.333575662,False,False,False,False,152228.9366452754,False,False,False,False
2025-05-21 00:00:00+00:00,22.3475089144,23.3183039253,22.2994497554,22.9146069901,132905,,,23.27195415755471,21.174271284919083,21.277803604597846,21.54476367477402,21.767807824655243,,,,,21.36914286732779,,,21.36914286732779,21.80732010930018,21.36914286732779,#000000,1.5950001196890906,22.382589137416343,-0.021993868579258752,54.26112028245187,9.620691290313573,False,False,True,False,False,0.686072658772062,0.0,0.0,0.0,0.0,1,0.9853265547934505,0.8410343913665617,False,False,False,False,0.203829277046325,0.23887907290685745,False,False,False,False,-3061446,-3118102.810690342,False,False,False,False,151471.1352082058,False,False,False,False
2025-05-22 00:00:00+00:00,21.6842925208,22.366732578,21.6842925208,22.2898379237,59493,,,23.223826087903866,21.180826587672758,21.280565674721725,21.546029396747393,21.768095927975267,,,,,21.376436240984113,,,21.376436240984113,21.799868735004203,21.376436240984113,#000000,1.5594617010033964,22.38055202298724,-0.4464742556609426,49.94739579255473,5.680520824960205,False,False,False,False,False,0.0,0.0,0.0,0.0,0.0,0,0.9658566459349327,0.8781796673117751,False,False,False,False,0.11577770494145008,0.17732838892415376,False,False,False,False,-3120939,-3118214.0338005247,False,False,False,False,147864.14951376634,False,False,False,False
2025-05-23 00:00:00+00:00,22.5397455502,22.6166402046,21.6842925208,21.6842925208,104130,,,23.16879564967054,21.197668484628036,21.28813104178646,21.550434646468005,21.769883501908158,,,,,21.39720946039136,,,21.39720946039136,21.79498266489224,21.39720946039136,#000000,1.5330704115362987,22.380383514791056,0.10394958653545827,49.73486112865085,5.585856426970231,False,True,False,False,False,1.2233741525104804,0.0,0.0,0.0,0.0,0,0.9586761680045789,0.8779920365404664,False,False,False,False,0.1296692640324139,0.15349882647828383,False,False,False,False,-3016809,-3114237.3658083472,False,False,False,False,146149.08482695196,False,False,False,False
2025-05-27 00:00:00+00:00,22.9818898126,23.2510211028,22.7992650086,23.0972317941,146717,,,23.156793085616595,21.235975401636708,21.30630538313799,21.56267646361348,21.775956092746284,,,,,21.447823681838617,,,21.447823681838617,21.80754128535021,21.447823681838617,#000000,1.5238717879459929,22.38871606943779,0.38925436369009675,50.80720122036031,5.585856426970231,False,False,False,False,False,2.446477020608576,0.0,0.0,0.0,0.0,0,0.9776030306230048,0.8643025058738636,False,False,False,False,0.22863936372713167,0.19106909510270775,False,False,False,False,-2870092,-3104663.0377374315,False,False,False,False,146171.35601020875,False,False,False,False
2025-05-28 00:00:00+00:00,21.8861409884,22.6839230271,21.8765291566,22.6839230271,143326,,,23.08719100571784,21.254436421889743,21.314900807294883,21.567437986466945,21.777730416462298,,,,,21.46866755749032,,,21.46866755749032,21.80033932756634,21.46866755749032,#000000,1.5084193375949193,22.387440913300573,-0.3323345918515359,48.631130515393735,4.515418022722599,False,True,False,False,False,0.0,0.0,0.0,0.0,0.0,0,0.9448120180292873,0.8826960494653389,False,False,False,False,0.1441480592279001,0.16760857716530392,False,False,False,False,-3013418,-3101084.800963415,False,False,False,False,146059.7734215731,False,False,False,False
2025-05-29 00:00:00+00:00,22.1072131196,22.2658083442,21.8765291566,21.8765291566,73955,,,23.05264748255885,21.262994851172685,21.3189238118392,21.56959062242546,21.778478505002152,,,,,21.477952916312844,,,21.477952916312844,21.796527054599668,21.477952916312844,#000000,1.494714381222238,22.386558379104734,-0.18688872135980314,47.83187966741342,3.636404974750114,False,True,False,True,False,0.0,0.0,0.0,0.0,0.0,0,0.9422085807198205,0.8923156179040586,False,False,False,False,0.12084803212162036,0.14422830464346215,False,False,False,False,-2939463,-3094746.691121713,False,False,False,False,143232.1352481781,False,False,False,False
2025-05-30 00:00:00+00:00,22.4244035687,22.8088768404,22.3090615872,22.8088768404,102737,,,23.028082010366795,21.280689580175665,21.327555148808976,21.575035602391758,21.7809728433813,,,,,21.49925540679006,,,21.49925540679006,21.7984670370249,21.49925540679006,#000000,1.4881656420893008,22.388639788413983,0.024032123356784327,48.23912179362502,3.636404974750114,False,True,False,True,False,0.8438864758580067,0.0,0.0,0.0,0.0,0,0.946839674545506,0.9017718649938217,False,False,False,False,0.17546297443665124,0.1598456395400567,False,False,False,False,-2836726,-3084628.2326463517,False,False,False,False,141644.0907286417,False,False,False,False
2025-06-02 00:00:00+00:00,22.366732578,22.4916863913,22.0399302971,22.4628508959,142333,,,22.984772218580748,21.300267594418653,21.337182690286667,21.580775372044517,21.783397026907966,,,,,21.52141594466159,,,21.52141594466159,21.797278980447707,21.52141594466159,#000000,1.4809198609312988,22.389413757544673,-0.01531560224360112,48.340862992925835,3.636404974750114,False,True,False,False,False,0.6770135988495198,0.0,0.0,0.0,0.0,0,0.9369217162273371,0.9106749391760807,False,False,False,False,0.14253644611967786,0.15119104282986728,False,False,False,False,-2979059,-3080488.2627386516,False,False,False,False,141671.10677849886,False,False,False,False
2025-06-03 00:00:00+00:00,21.7323516798,21.8395997141,21.3229566833,21.7518513224,221855,,,22.870035583442768,21.309904851459958,21.341660048733115,21.581395844281946,21.78229901695435,,,,,21.52597689625818,,,21.52597689625818,21.777059068974427,21.52597689625818,#000000,1.4716446248163264,22.380915617480856,-0.4407068980813226,46.60284483372354,1.7557658994905765,False,True,False,True,False,0.0,0.0,0.0,0.0,0.0,0,0.9273972158309953,0.90956172670877,False,False,False,False,0.0667119956063443,0.1089515192181058,False,False,False,False,-3200914,-3085210.840670469,False,False,False,False,144815.57317934206,False,False,False,False
2025-06-04 00:00:00+00:00,21.7031022159,21.9273481058,21.4886061472,21.6446032881,221494,,,22.779212443189195,21.321091242737754,21.347113620702174,21.58289944934299,21.78175436021805,,,,,21.533133107182728,,,21.533133107182728,21.762414223238032,21.533133107182728,#000000,1.4605945733142696,22.37436299269359,-0.45958049485999236,45.363256736758636,0.34136658476501225,False,True,False,True,False,0.0,0.0,0.0,0.0,0.0,0,0.9355090917759885,0.9021923484268592,False,False,False,False,0.08066302061157177,0.09480726991483879,False,False,False,False,-3422408,-3098434.258683392,False,False,False,False,147822.57030956392,False,False,False,False
2025-06-05 00:00:00+00:00,21.7128520372,22.0540957827,21.6348534668,22.0540957827,107060,,,22.743636593209246,21.327543082905756,21.350367914898733,21.584158324319752,21.78181946250743,,,,,21.538165710778966,,,21.538165710778966,21.757505075568183,21.538165710778966,#000000,1.4475254050469255,22.37206133264694,-0.45540430112559477,44.576073560644296,-0.639895501451555,False,True,False,True,False,0.0,0.0,0.0,0.0,0.0,0,0.9403763077513762,0.8995930392007992,False,False,False,False,0.09572828361871336,0.09526777676677607,False,False,False,False,-3315348,-3106940.6799114943,False,False,False,False,146224.0381405614,False,False,False,False
2025-06-06 00:00:00+00:00,21.3033595425,21.966347391,21.0644889207,21.7616011437,131243,,,22.688220556566606,21.329444673254095,21.351190808594374,21.58317691923772,21.780398011704946,,,,,21.53605916400116,,,21.53605916400116,21.746486193871547,21.53605916400116,"rgba(239, 83, 80, 0.5)",1.4389873425517115,22.366475944924137,-0.7387948253519343,42.805958917220096,-2.530167360436508,False,True,False,True,False,0.0,0.0,0.0,0.0,0.0,0,0.9264381661299896,0.8940999929596589,False,False,False,False,0.05947060993024406,0.07736919334851007,False,False,False,False,-3446591,-3120260.300307122,False,False,False,False,145636.54644877466,False,False,False,False
2025-06-09 00:00:00+00:00,21.3326090064,21.4983559685,21.0011150822,21.3228591851,111246,,,22.638980064465212,21.328738004433987,21.35064907643661,21.581363118228452,21.778606380331908,,,,,21.531207963873943,,,21.531207963873943,21.735667328779236,21.531207963873943,"rgba(239, 83, 80, 0.5)",1.438852456720657,22.360793363639964,-0.7145863722423207,41.76314161752704,-3.6990777771374255,False,True,False,True,False,0.0,0.0,0.0,0.0,0.0,0,0.9375766164736722,0.9013761649314194,False,False,False,False,0.030313873352283527,0.0538415333503968,False,False,False,False,-3335345,-3128694.9944127253,False,False,False,False,144287.89756843058,False,False,False,False
2025-06-10 00:00:00+00:00,21.1766118656,21.3911079342,21.0888634739,21.254610436,81088,,,22.60374905210397,21.327662007873233,21.34994797874042,21.579802713320603,21.777156992883416,,,,,21.526996166021505,,,21.526996166021505,21.72766374898433,21.526996166021505,"rgba(239, 83, 80, 0.5)",1.4371713179198446,22.356486656138408,-0.8209701765034886,40.5619849061851,-5.013752221715649,False,True,False,True,False,0.0,0.0,0.0,0.0,0.0,0,0.9362356479795391,0.9074322023732027,False,False,False,False,0.02924518270955606,0.04154335802997643,True,False,False,False,-3416433,-3139978.8377690893,True,False,False,False,141809.47021280584,False,False,False,False
2025-06-11 00:00:00+00:00,21.5081057898,21.6251036455,20.962115797,21.157112223,135111,,,22.55458035335808,21.328263208599143,21.350081182269513,21.57827381812417,21.77538685592656,,,,21.365108410766666,21.523438798372002,,,21.523438798372002,21.717317083655495,21.444273604569332,"rgba(239, 83, 80, 0.5)",1.435911576769881,22.24989877760165,-0.5166007432507329,41.45316316243525,-5.013752221715649,False,True,False,True,False,0.0,0.0,0.0,0.0,0.0,0,0.948265609989109,0.898528407289546,False,False,False,False,0.03512387328460172,0.03833361565728907,False,False,False,False,-3281322,-3145521.706876184,False,False,False,False,141546.7851064213,False,False,False,False
2025-06-12 00:00:00+00:00,21.9273481058,22.0443459614,21.3618584703,21.7226018585,183363,,,22.51487525658496,21.33785022947349,21.35512183988863,21.580184162523018,21.775401138080817,,,,21.602746934228957,21.530806148075097,,,21.530806148075097,21.712686525310183,21.566776541152027,#000000,1.4311351163720314,22.259025619570117,-0.23175835040015588,43.98645314138291,-5.013752221715649,False,True,False,True,True,0.0,0.0,0.0,0.0,0.0,0,0.9547993529643982,0.8867060118782067,False,False,False,False,0.08012569092867894,0.059229653292984005,False,False,False,False,-3097959,-3143656.502684961,False,False,False,False,143186.6366708754,False,False,False,False
2025-06-13 00:00:00+00:00,23.5653180843,23.6140671909,22.6195854182,23.0778270193,312071,,,22.575018634405183,21.40538734495684,21.39269709495542,21.607212435849252,21.789965391738708,,,,22.426088682359403,21.61232363906336,,,21.61232363906336,21.754056180381077,22.01920616071138,"rgba(38, 166, 154, 0.5)",1.4476197508156021,22.321301951051773,0.8593528325013091,50.86802058483998,-3.888280780170703,False,False,False,False,True,4.493156314007255,0.0,0.0,0.0,0.0,0,0.9799072661774515,0.8550211447253482,False,False,False,False,0.23923965738218317,0.1492346553375836,False,False,False,False,-2785888,-3129626.3653247664,False,False,False,False,149809.55287986068,False,False,False,False
2025-06-16 00:00:00+00:00,22.775582559,23.4952168692,22.4635882773,23.2143245175,204896,,,22.591815913429933,21.43923921308104,21.41205221994236,21.620796161421165,21.797112574201506,,,,22.545129006900172,21.651189348823667,,,21.651189348823667,21.7722032164152,22.09815917786192,#000000,1.436496048530232,22.336434446742565,0.30570784563365444,52.44953860774265,-2.623287608679142,False,False,True,False,True,2.042939784603398,0.0,0.0,0.0,0.0,0,0.9846350829819092,0.8577266972198847,False,False,False,False,0.22336987543692893,0.18630226538725625,False,False,False,False,-2990784,-3124181.5666845795,False,False,False,False,151969.80570810146,False,False,False,False
2025-06-17 00:00:00+00:00,23.6140671909,23.7505646891,23.1363259471,23.165575411,176225,,,22.62922073266744,21.478327743943662,21.43469298283622,21.63748272087546,21.80639719461979,,,,22.71151633742156,21.69757453276687,,,21.69757453276687,21.797224274988515,22.204545435094214,"rgba(38, 166, 154, 0.5)",1.4435850102211727,22.357794158919184,0.870245273458707,55.57723731779811,0.1648724569590243,False,False,True,False,True,4.400504791420403,0.0,0.0,0.0,0.0,0,1.016092437151371,0.8166607279761998,False,False,False,False,0.2750676390746291,0.23068495223094268,False,False,False,False,-2814559,-3112039.5052459682,False,False,False,False,152920.98979797983,False,False,False,False
2025-06-18 00:00:00+00:00,23.4288205861,23.8968120086,23.2533238027,23.6384417441,146157,,23.526318799133335,22.65884248508786,21.510042158958303,21.453333303696905,21.651289086939535,21.814138219507054,,,,22.814372372753738,21.73484580541885,,,21.73484580541885,22.102327342220494,22.274609089086294,"rgba(38, 166, 154, 0.5)",1.4452661914466187,22.382144367107227,0.7242099934165874,56.9835800546151,1.3685727087747992,True,False,True,False,True,3.826260942829464,0.0,0.0,0.0,0.0,0,1.0249721121642157,0.823472486768146,False,False,False,False,0.28716974438551746,0.25892734830823005,False,False,False,False,-2960716,-3106105.2501382832,False,False,False,False,152655.73529609825,False,False,False,False
2025-06-20 00:00:00+00:00,23.0583273767,23.45807005,22.7560829164,23.263073624,195278,,23.27724647113377,22.67709502802615,21.542085747964226,21.47260154419407,21.66521171081252,21.821769627833778,,,,22.854269959068446,21.77079098449584,,,21.77079098449584,22.07600168832742,22.312530471782143,#000000,1.4440455630603921,22.381195421679177,0.4689131509020841,56.57455107166683,1.3685727087747992,False,False,True,False,True,2.6797327701022837,0.0,0.0,0.0,0.0,0,0.9959978444544155,0.8352824041979446,False,False,False,False,0.22267831491662804,0.24080283161242905,False,False,False,False,-3155994,-3108061.6717014876,False,False,False,False,154327.1966570356,False,False,False,False
2025-06-23 00:00:00+00:00,22.9023302359,23.8480629021,22.873080772,23.3313223731,166876,,23.254455624489623,22.695590462260526,21.57044908429075,21.489876348228904,21.677856771592786,21.82881376778953,,,,22.893086197984484,21.802623152460534,,,21.802623152460534,22.08617367644202,22.347854675222507,#000000,1.4306622711750991,22.390802601957425,0.3575460430101522,55.737961172859826,1.3685727087747992,False,False,True,False,True,2.1973116739360243,0.0,0.0,0.0,0.0,0,0.9998048330696627,0.8311146312708821,False,False,False,False,0.25653483859342435,0.2486688351029267,False,False,False,False,-3322870,-3116485.527713194,False,False,False,False,154819.3065920538,False,False,False,False
2025-06-24 00:00:00+00:00,21.9858470336,22.4148391708,21.7128520372,22.0930950679,221165,,22.885599829660055,22.666552788111435,21.580764032991738,21.49701217404193,21.681725634865206,21.830212285817733,,,,22.784451071971738,21.809331802520326,,,21.809331802520326,22.02364445758135,22.296891437246032,#000000,1.4236760721332062,22.365830975967008,-0.2669033706506345,52.22586559275801,1.3685727087747992,False,False,False,False,False,0.0,0.0,0.0,0.0,0.0,0,0.9729411901673087,0.8465071421576109,False,False,False,False,0.047968701481308225,0.14831876829211746,False,False,False,False,-3544035,-3133252.1736852257,False,False,False,False,157421.09849040463,False,False,False,False
2025-06-25 00:00:00+00:00,22.0443459614,22.1989781272,21.7421015011,22.1905932809,77441,,22.800141281410298,22.656331971854627,21.583941559155644,21.49927321729846,21.682900636783067,21.830597756655912,,,,22.750839796361053,21.811169033365577,,,21.811169033365577,22.008864403859672,22.281004414863315,#000000,1.4213261846552698,22.359351780143363,-0.22162809785972112,50.09232490684971,5.82089543190213,False,True,False,False,False,0.0,0.0,0.0,0.0,0.0,0,0.9660485331363722,0.8772157106449148,False,False,False,False,0.01542229787724221,0.08187053308467983,False,False,False,False,-3466594,-3146324.402168158,False,False,False,False,154284.62403980052,False,False,False,False
2025-06-26 00:00:00+00:00,21.7616011437,22.1028448892,21.7226018585,22.0540957827,82432,,22.71321919700033,22.643671432997234,21.586195633917526,21.50101902208639,21.683613904452187,21.8306765525459,,,,22.712312983667655,21.811702091866163,,,21.811702091866163,21.993065957166593,22.26200753776691,#000000,1.3975004128846096,22.352014722808327,-0.42247828599180465,47.79854046501296,3.6156450005872927,False,True,False,True,False,0.0,0.0,0.0,0.0,0.0,0,0.9509709311893538,0.8920575427712211,False,False,False,False,0.006398464289502666,0.044134498687091246,False,False,False,False,-3549026,-3162116.6216909755,False,False,False,False,151466.8740774554,False,False,False,False
2025-06-27 00:00:00+00:00,21.3813581129,21.6446032881,21.2838598999,21.5568548964,72864,,22.616547187981567,22.626894591322714,21.58513270185701,21.50074641350691,21.682749105361555,21.829814016834877,,,,22.665221427657535,21.80828032199747,,,21.80828032199747,21.973647336144108,22.2367508748275,"rgba(239, 83, 80, 0.5)",1.3820900150995707,22.34244946768132,-0.6953898402283732,45.14838742630612,1.0862337630913999,False,True,False,True,False,0.0,0.0,0.0,0.0,0.0,0,0.9530305600854879,0.8987932339502854,False,False,False,False,-0.06367813031017669,-0.009771815811542722,False,False,False,False,-3621890,-3180146.9502521134,False,False,False,False,148384.4084273591,False,False,False,False
2025-06-30 00:00:00+00:00,21.1863616869,21.2156111508,20.7378699071,21.1473624017,182399,,22.3663714094024,22.57376090132857,21.575721174852724,21.49598552494333,21.677222286211144,21.82554612664475,,,21.046614248266664,22.528303863728524,21.791275284007696,,21.046614248266664,21.791275284007696,21.91910123723049,21.78873113200096,"rgba(239, 83, 80, 0.5)",1.3791214374040095,22.20239104412402,-0.7367221838974126,42.82301545119791,-1.1264489170497853,False,True,False,True,False,0.0,1.0,21.21561,20.73787,0.0,0,0.9339295427801085,0.9007975244089252,False,False,True,False,-0.22946683949341695,-0.11961932765247983,False,False,False,False,-3804289,-3204623.109065756,False,False,False,False,149718.31397922736,False,False,False,False
2025-07-01 00:00:00+00:00,21.1766118656,21.3716082916,20.9036168692,21.0011150822,73378,,22.293127812297275,22.55476786195676,21.572753199378603,21.494535050694637,21.675388100766057,21.824069759932502,,,21.076449503710855,22.48296402275233,21.78557229222958,,21.076449503710855,21.78557229222958,21.90244029750431,21.78166193956426,"rgba(239, 83, 80, 0.5)",1.3741385963243617,22.19491142148356,-0.7410457421160971,41.243404267437164,-2.6642398148742643,False,True,False,True,False,0.0,0.0,0.0,0.0,0.0,0,0.9229336169550036,0.9117080504297469,False,False,False,False,-0.21276153490498242,-0.16619043127873112,False,False,True,False,-3877667,-3231016.987141609,False,False,False,False,146724.57617612043,False,False,True,False
2025-07-02 00:00:00+00:00,21.5958541816,21.5958541816,21.254610436,21.4301072194,67325,,22.25064637733578,22.54179213006074,21.572176232780603,21.494487342794116,21.674772399481395,21.82338481987509,,,21.16097649997843,22.45362866976229,21.783113844028367,,21.16097649997843,21.783113844028367,21.892876550387953,21.799239671256363,#000000,1.3710232581885906,22.19377930511916,-0.43611595933765973,42.221407553969534,-2.6642398148742643,False,True,False,True,False,0.0,0.0,0.0,0.0,0.0,0,0.9268340693333293,0.9053676164676567,False,False,False,False,-0.1824731264769846,-0.17433177887785786,False,False,False,False,-3810342,-3253735.6150968405,False,False,False,False,143610.86730646866,False,False,False,False
2025-07-03 00:00:00+00:00,22.6098355969,22.7073338099,22.1125947105,22.678084346,167158,,22.276648896003724,22.539890863442803,21.586246584574674,21.50375882274322,21.681064316124555,21.826617163485402,,,21.60954459375823,22.455186147753487,21.796787458180134,,21.60954459375823,21.796787458180134,21.902371107729063,21.953839399897287,#000000,1.3736455910517076,22.22054695663369,0.28339816529259165,46.73436521771498,-2.6642398148742643,False,True,False,True,True,1.558609809385672,0.0,0.0,0.0,0.0,0,0.9343925994161185,0.8979608295646161,False,False,False,False,-0.015696356750379555,-0.09501406781411871,False,False,False,False,-3643184,-3269008.1007793173,False,False,False,False,144534.28427484244,False,False,False,False
2025-07-07 00:00:00+00:00,23.4678198713,23.7115654039,23.2143245175,23.263073624,230147,,22.43913149006434,22.575580563414512,21.625636308613355,21.52891811589479,21.70012744117367,21.837701248702007,,,22.20216587071302,22.54140811882108,21.840867066239312,,22.20216587071302,21.840867066239312,21.951182527977114,22.194813685257802,"rgba(38, 166, 154, 0.5)",1.3862825160791392,22.27630531539639,0.8595034144076245,52.12999983007741,-4.465235587059354,False,True,False,False,True,4.098298938757491,0.0,0.0,0.0,0.0,0,0.9415524393846645,0.8994941008988546,False,False,False,False,0.21864147237234738,0.061813702279114334,False,False,False,False,-3413037,-3274656.2929056184,False,False,False,False,147891.64567582903,False,False,False,False
2025-07-08 00:00:00+00:00,22.775582559,23.45807005,22.7268334525,23.2240743388,130136,,22.47845014212899,22.5843641448201,21.641587926401513,21.539419490241553,21.70785731800468,21.842081511810736,,,22.322221976379648,22.56193099078647,21.857741068364593,,22.322221976379648,21.857741068364593,21.96562675556793,22.24729801184357,#000000,1.388824440712612,22.290184052743474,0.3495031423895927,53.09252330725174,-3.6732272624720537,False,False,True,False,True,1.9086991747015887,0.0,0.0,0.0,0.0,0,0.9185661715691971,0.9228181753434955,False,False,False,False,0.13478425911765513,0.09829898069838473,False,False,False,False,-3543173,-3285186.359850496,False,False,False,False,147195.34584540437,False,False,False,False
2025-07-09 00:00:00+00:00,22.4245889921,22.775582559,22.161343817,22.775582559,70592,,22.477527642333488,22.582869221190936,21.646718681046995,21.542978465053046,21.71028039809718,21.843343838821415,,,22.332308522360112,22.559295263217173,21.86246461458605,,22.332308522360112,21.86246461458605,21.967286374423846,22.251356133387777,#000000,1.3879069977652232,22.29153168287204,0.09586903837375543,52.533485492645084,-3.6732272624720537,False,False,True,False,True,0.8227359424623018,0.0,0.0,0.0,0.0,0,0.8944842696938101,0.9522157292895905,False,False,False,False,-0.002866302919345627,0.04771633888951955,False,False,False,False,-3613765,-3298071.796719104,False,False,False,False,144191.29306715325,False,False,False,False
2025-07-10 00:00:00+00:00,22.8633309507,22.9803288063,22.2393423874,22.2393423874,82571,,22.48663377627558,22.584342732480298,21.654402340737175,21.54819627878505,21.714005034101994,21.845392842033064,,,22.362090958340985,22.563040005184007,21.870104227112414,,22.362090958340985,21.870104227112414,21.9721621674022,22.265078396879137,#000000,1.3929088609780425,22.295676086298368,0.4075319500825407,53.49832834995487,-3.121658723939994,False,False,True,False,True,2.1350633072139225,0.0,0.0,0.0,0.0,0,0.9143308686673206,0.9429798289635148,False,False,False,False,0.02814400084579716,0.037930169867658355,False,False,False,False,-3531194,-3307213.8439065902,False,False,False,False,141774.81098608844,False,False,False,False
2025-07-11 00:00:00+00:00,23.360571837,23.4190707648,22.9023302359,22.9315796998,72297,,22.512906605697157,22.59169987077481,21.664438929129414,21.55483272784003,21.719003669473157,21.848300094117363,,,22.420226273391737,22.578786765275364,21.880930550057094,,22.420226273391737,21.880930550057094,21.981863649505318,22.29331452957473,"rgba(38, 166, 154, 0.5)",1.4036995399900534,22.30403085596867,0.7526831426038765,55.528498600996016,-0.9914851272097209,False,False,True,False,True,3.5959805671780813,0.0,0.0,0.0,0.0,0,0.8960364613029252,0.943375403084802,False,False,False,False,0.15005708119977249,0.09399362553371542,False,False,False,False,-3458897,-3313162.202969077,False,False,False,False,139050.1909474183,False,False,False,False
2025-07-14 00:00:00+00:00,22.8340814868,23.3410721944,22.6890041458,23.0583273767,47348,,22.522936960218868,22.59439996741372,21.669808422418964,21.558446855453955,21.72167103376987,21.849822390816282,,,22.44275456123028,22.584533723848672,21.886510984587225,,22.44275456123028,21.886510984587225,21.98618093834861,22.304599756555394,#000000,1.407608513184766,22.30758238679796,0.3740380191441259,54.934106044732026,-0.9914851272097209,False,False,True,False,True,1.9295105454988075,0.0,0.0,0.0,0.0,0,0.898156568721144,0.9486365229501987,False,False,False,False,0.11753546535297416,0.10576454544334479,False,False,False,False,-3506245,-3320734.0773624466,False,False,False,False,135454.02659653916,False,False,False,False
2025-07-15 00:00:00+00:00,22.4635882773,22.8535811294,22.4635882773,22.8535811294,65023,,22.525073030819406,22.594391736188726,21.67505779060203,21.562103962160545,21.724248053540705,21.85122507537329,,,22.451007439359586,22.58471985674288,21.891521604101218,,22.451007439359586,21.891521604101218,21.988683274780783,22.30908296673456,#000000,1.4089584476663202,22.309369271715113,0.10945603530063203,53.27387671151352,-0.9914851272097209,False,False,True,False,True,0.7758141354516823,0.0,0.0,0.0,0.0,0,0.8720129841683072,0.9764500114252597,False,False,False,False,0.038846745364974136,0.07230564540415946,False,False,False,False,-3571268,-3330558.9370737234,False,False,False,False,132692.02555353762,False,False,False,False
2025-07-16 00:00:00+00:00,22.1125947105,22.3514653324,22.0345961401,22.1223445318,76114,,22.512806526951053,22.58938323211489,21.678303291759896,21.564592037816517,21.725771877235594,21.85191892730207,,,22.43386500067943,22.57488348089712,21.89378150804943,,22.43386500067943,21.89378150804943,21.98712931553,22.300843329875324,#000000,1.4057804207932645,22.307528451890825,-0.13866585314997096,51.02664877582968,-0.9914851272097209,False,True,False,False,False,0.0,0.0,0.0,0.0,0.0,0,0.8685046748848156,0.9762575302475289,False,False,False,False,-0.06335305568964017,0.004476294857259644,False,False,False,False,-3647382,-3342983.3709139694,False,False,False,False,130473.27945339889,False,False,False,False
2025-07-17 00:00:00+00:00,22.3173409578,22.3514653324,21.8883488206,22.161343817,44266,,22.506430879773532,22.586655693141505,21.680245792899967,21.56607623228552,21.726692293660932,21.852345998552295,,,22.42547193464727,22.569635625657998,21.89517164500153,,22.42547193464727,21.89517164500153,21.986407815052292,22.296759735102267,#000000,1.406393140138474,22.306633083162698,0.007613713642151989,50.27876880387032,-0.9914851272097209,False,True,False,False,False,0.3281246987965858,0.0,0.0,0.0,0.0,0,0.8476692369722153,0.9922595570930669,False,False,False,False,-0.06832871226326336,-0.031926208703001856,False,False,False,False,-3603116,-3353184.6504859705,False,False,False,False,127092.60182777542,False,False,False,False
2025-07-18 00:00:00+00:00,22.5220872051,22.9315796998,22.3855897069,22.3855897069,125061,,22.51199773380059,22.587150782712143,21.69022703634054,21.573097103296387,21.731675474753796,21.855085902527527,,,22.441836071413302,22.571230219948358,21.904701559387043,,22.441836071413302,21.904701559387043,21.991539005571834,22.305922616916234,#000000,1.4057891559446638,22.310271539307337,0.15067385098039626,50.53575137043978,-0.9914851272097209,False,True,False,False,False,0.9653042753233443,0.0,0.0,0.0,0.0,0,0.8688066387255459,0.9731605879974097,False,False,False,False,0.05518692765354215,0.011630359475270146,False,False,False,False,-3478055,-3358081.526937501,False,False,False,False,127012.93116786267,False,False,False,False
2025-07-21 00:00:00+00:00,22.063845604,22.3075911365,21.9858470336,22.2393423874,102445,,22.495887508704445,22.580077149457495,21.693953352588984,21.57607988120051,21.7334514410709,21.85586251976364,,,22.420314160458528,22.558034436399602,21.90700777119897,,22.420314160458528,21.90700777119897,21.989218642130997,22.29511878935237,#000000,1.4007256826790222,22.307676762827725,-0.174074882643241,49.03517303701719,-0.9914851272097209,False,True,False,False,False,0.0,0.0,0.0,0.0,0.0,0,0.8723930102319879,0.9705212925787339,False,False,False,False,-0.062162749754557274,-0.025266195139643566,False,False,False,False,-3580500,-3366803.8199987756,False,False,False,False,126049.48288677001,False,False,False,False
2025-07-22 00:00:00+00:00,22.1028448892,22.1515939957,21.8201000715,21.9858470336,71191,,22.4828375950385,22.574306626192683,21.695939282919774,21.57777710597525,21.734376754017774,21.856207251544404,,22.024846318800005,22.40279962899504,22.54743552614,21.907882102183176,,22.40279962899504,21.907882102183176,21.98690743594807,22.220740894029554,#000000,1.395013444314703,22.24405093136905,-0.10122199376968456,48.198739026023965,3.3466965639177033,False,True,False,False,False,0.0,0.0,0.0,0.0,0.0,0,0.8770566103145799,0.9687633767301306,False,False,False,False,-0.09924598914731775,-0.06225609214348066,False,False,False,False,-3509309,-3372392.2584301964,False,False,False,False,123898.16983238688,False,False,False,False
2025-07-23 00:00:00+00:00,23.2045746962,23.3508220157,22.91792995,23.0095782702,211112,,22.53407778928113,22.59175136380495,21.721501679069323,21.595300567264296,21.74765530548116,21.864033825011717,,22.872074143847932,22.49044271723153,22.581411023709784,21.93479108349549,,22.49044271723153,21.93479108349549,22.009053421652094,22.469679742071186,"rgba(38, 166, 154, 0.5)",1.3830667521077136,22.303625650206747,0.6514140005319774,51.575242612398924,3.3466965639177033,False,False,False,False,True,3.074432815856845,0.0,0.0,0.0,0.0,0,0.887377786712808,0.9565410814665476,False,False,False,False,0.16558079291719238,0.05166235038685586,False,False,False,False,-3298197,-3369482.640452542,False,False,False,False,127318.32003503837,False,False,False,False
2025-07-24 00:00:00+00:00,23.8480629021,23.9114367405,23.3995711222,23.8480629021,300208,,22.64960268233105,22.637751460341807,21.769983776876202,21.628285130822892,21.77347342873943,21.879766905867545,,23.30890904907157,22.664614416201537,22.664907176922778,21.9878124423492,,22.664614416201537,21.9878124423492,22.056477230829817,22.65656077113627,"rgba(38, 166, 154, 1.0)",1.3092388512991462,22.362217396286926,1.134892616682344,55.55134187912061,0.24918389267965324,True,False,True,False,True,4.977240255355628,0.0,0.0,0.0,0.0,0,0.8910594459758945,0.9508140017779619,False,False,False,False,0.2913955256365891,0.17152893801172248,False,False,False,False,-2997989,-3354914.2623955794,False,False,False,False,134098.3074846447,False,False,False,False
2025-07-25 00:00:00+00:00,23.3898213009,23.6335668335,23.3020729092,23.6335668335,100564,,22.674643504382743,22.648588079794273,21.783462337080817,21.63766873901051,21.780758205053257,21.884190758695755,,23.328476580970747,22.699831694040157,22.68353954248361,22.002138411108586,,22.699831694040157,22.002138411108586,22.068218604002894,22.678496557150776,"rgba(38, 166, 154, 0.5)",1.2629217530728731,22.37199465642475,0.8059300918673137,56.32536368997059,0.9846764338760892,True,False,True,False,True,3.468771750773673,0.0,0.0,0.0,0.0,0,0.8776451736805995,0.959169439248178,False,False,False,False,0.2452414448447392,0.20838519142823084,False,False,False,False,-3098553,-3344860.879556537,False,False,False,False,132783.2366028939,False,False,False,False
2025-07-28 00:00:00+00:00,24.0820586133,24.0820586133,23.6725661187,23.7700643317,85339,,22.707842950210225,22.66325360967186,21.79815393697388,21.647758054110824,21.78875004854939,21.88913299295414,,23.397009139016355,22.745959390653137,22.708711524456373,22.018252785165107,,22.745959390653137,22.018252785165107,22.082481932078384,22.717483209822742,"rgba(38, 166, 154, 1.0)",1.1892632162673078,22.386307459855804,1.4258837995230198,58.64449083373243,3.2321389688454474,True,False,True,False,True,5.489711378080148,0.0,0.0,0.0,0.0,0,0.873295038224922,0.9520753925592985,False,False,False,False,0.34282822888051234,0.2756067101543716,False,False,False,False,-3013214,-3331855.119573928,False,False,False,False,130922.67830474122,False,False,False,False
2025-07-29 00:00:00+00:00,23.68231594,23.8090636169,23.3215725518,23.3898213009,86571,,22.73098583345436,22.673925894783793,21.810518879437623,21.65639663290353,21.795524005746632,21.893294474814066,,23.418000011168463,22.777034796390538,22.726473561369193,22.031482611737843,,22.777034796390538,22.031482611737843,22.09344095352333,22.738247745166507,"rgba(38, 166, 154, 1.0)",1.1494956505044105,22.395545569485247,1.1194216958977652,58.5997695478988,3.2842669271110907,True,False,True,False,True,4.171676415283542,0.0,0.0,0.0,0.0,0,0.8975087978654399,0.9475572364750661,False,False,False,False,0.26504519022412476,0.2703259501892482,False,False,False,False,-3099785,-3322754.330571029,False,False,False,False,129183.3968025945,False,False,False,False
2025-07-30 00:00:00+00:00,23.4483202287,23.7895639743,23.0781195139,23.1460757684,81280,,22.74773249617702,22.681982736883835,21.820917074182987,21.663754259939193,21.80125986216242,21.89680679184909,,23.41979425367684,22.79878484507326,22.73949243151725,22.04241733778396,,22.79878484507326,22.04241733778396,22.102075536865758,22.750122217012827,"rgba(38, 166, 154, 0.5)",1.0758673023064793,22.401979671984087,0.9725554020209858,57.66673964497463,3.2842669271110907,True,False,True,False,True,3.404791011909076,0.0,0.0,0.0,0.0,0,0.8597400511368057,0.9743366132978672,False,False,False,False,0.23323104781729234,0.25177849900327026,False,False,False,False,-3181065,-3317197.88623491,False,False,False,False,127304.83222210061,False,False,False,False
2025-07-31 00:00:00+00:00,23.068077198,23.5945675482,22.9900786276,23.5458184417,45162,,22.753830085957425,22.68509974806897,21.825855684397514,21.667310238690458,21.804001627824185,21.89847261183549,,23.4104887725607,22.806297048336013,22.744299472196825,22.047469426142236,,22.806297048336013,22.047469426142236,22.10576166612901,22.752138679808944,"rgba(38, 166, 154, 0.5)",1.034066344827049,22.404147378698354,0.6420572747802665,55.622704604685964,3.2842669271110907,True,False,True,False,False,2.165393850193656,0.0,0.0,0.0,0.0,0,0.8574586493735532,0.9757849645428661,False,False,False,False,0.19949582492720475,0.2256371619652375,False,False,False,False,-3226227,-3313630.4005002077,False,False,False,False,124083.54468397902,False,False,False,False
2025-08-01 00:00:00+00:00,23.0095782702,23.3215725518,22.7560829164,22.970578985,66852,,22.759018175713937,22.688037744591334,21.832120880474754,21.671907867424395,21.807502145293014,21.90057951136604,,23.386165020204007,22.81205952526174,22.748475922954785,22.053676680460597,,22.81205952526174,22.053676680460597,22.10986105414391,22.750094287220282,"rgba(38, 166, 154, 0.5)",0.9918397834790301,22.405745569643763,0.6088006456427872,54.04060256166739,3.2842669271110907,True,False,True,False,False,1.9743756984399141,0.0,0.0,0.0,0.0,0,0.8717948139665797,0.9721979502812051,False,False,False,False,0.14011994242978767,0.1828785521975126,False,False,False,False,-3293079,-3312824.4632256897,False,False,False,False,121839.17038264651,False,False,False,False
2025-08-04 00:00:00+00:00,23.6628162974,23.8285632595,23.4093209435,23.5945675482,66188,,22.775039650346603,22.695966463585957,21.841360237427157,21.67844323395158,21.812653521183805,21.903770994185656,,23.400858170576544,22.832572360312454,22.761143466348745,22.063506429937938,,22.832572360312454,22.063506429937938,22.11787235011346,22.764520106793917,"rgba(38, 166, 154, 1.0)",0.9350354216713417,22.412409548062612,1.3372827599432868,55.20649228878737,3.2842669271110907,True,False,True,False,False,3.9776686470037284,0.0,0.0,0.0,0.0,0,0.8945105452528074,0.9448275611771999,False,False,False,False,0.27816949688090187,0.23052402453920723,False,False,False,False,-3226891,-3309454.523491349,False,False,False,False,119656.77154411135,False,False,False,False
2025-08-05 00:00:00+00:00,24.88154396,24.9497927091,24.3745532523,24.7547962831,194294,,22.87507715044205,22.744959560970432,21.88428419463929,21.708048879790276,21.836657397561133,21.918995958269097,,23.598964156366794,22.96251442797673,22.840739663989712,22.111428730259103,,22.96251442797673,22.111428730259103,22.161337190278715,22.878411744648083,"rgba(0, 255, 0, 1.0)",0.929647060507228,22.45546564385082,2.6096767463831694,59.06532996221533,3.9712224744043354,True,False,True,False,True,7.502713383732303,0.0,0.0,0.0,0.0,0,0.9207015530149193,0.898221952394577,False,False,False,False,0.3428282343184962,0.2866761294288517,False,False,False,False,-3032597,-3298597.3657073746,False,False,False,False,122583.72167963641,False,False,False,False
2025-08-06 00:00:00+00:00,24.6085489635,25.4470335954,24.5403002144,25.0180414582,145658,,22.948413594599565,22.782471933110696,21.91706704221415,21.730807260226086,21.85519108899026,21.930824748539678,,23.72578531994462,23.05518739770954,22.900139226452346,22.147967350576558,,23.05518739770954,22.147967350576558,22.19412927794674,22.957269823670764,"rgba(0, 255, 0, 1.0)",0.9327882712528512,22.48671580784923,2.274721092709369,60.504477437842624,5.344661074826682,True,False,True,False,True,6.577246898012458,0.0,0.0,0.0,0.0,0,0.9253034992013256,0.8911962921302261,False,False,False,False,0.34282823597697804,0.31475218270291483,False,False,False,False,-3178255,-3293878.057248262,False,False,False,False,123488.5953392585,False,False,False,False
2025-08-07 00:00:00+00:00,24.2380557541,24.6085489635,24.0138098642,24.3940528949,126859,,22.990030589757737,22.80529953377318,21.939548819387305,21.74675365202015,21.868082122962385,21.939034050988887,,23.770793457607954,23.10530443228131,22.934689728931783,22.172400775354557,,23.10530443228131,22.172400775354557,22.214791461481607,22.995797098543903,"rgba(0, 255, 255, 0.75)",0.912166358073154,22.504380438180867,1.9006130850750964,59.971474454595,5.344661074826682,True,False,True,False,True,5.329385364263423,0.0,0.0,0.0,0.0,0,0.8860847943113414,0.9293943064788726,False,False,False,False,0.22141263977901607,0.26808241124096543,False,False,False,False,-3305114,-3294318.6824542126,False,False,False,False,123620.7680710523,False,False,False,False
2025-08-08 00:00:00+00:00,23.8285632595,24.8522944961,23.5360686204,24.784045747,173851,,23.03426489934712,22.831111031049076,21.966921557006067,21.76646821594709,21.883980818041895,21.949172427940756,,23.800659491614226,23.15638155350322,22.97225214963543,22.201686008270094,,23.15638155350322,22.201686008270094,22.238653158221997,23.032744800755744,"rgba(38, 166, 154, 1.0)",0.8874371952004462,22.5234662114894,1.4706359560642692,58.0631968235318,5.344661074826682,True,False,True,False,True,3.967053531201337,0.0,0.0,0.0,0.0,0,0.9011199276671743,0.9154331850808445,False,False,False,False,0.20131708262307643,0.23469974693202095,False,False,False,False,-3478965,-3301559.7145148315,False,False,False,False,125590.58108787378,False,False,False,False
2025-08-11 00:00:00+00:00,23.5945675482,24.1113080772,23.2240743388,23.7505646891,380072,,23.084221697942176,22.865741965327768,22.012674967993835,21.800619202368242,21.911292463376434,21.966593373399462,,23.772652008150608,23.20678938782169,23.017431506163394,22.248682463149777,,23.20678938782169,22.248682463149777,22.273523945067982,23.061388841321367,"rgba(38, 166, 154, 1.0)",0.8741689970001,22.54696695635368,1.19839595712201,55.9346517662486,5.344661074826682,True,False,True,False,False,3.1938092670316394,0.0,0.0,0.0,0.0,0,0.8938549626141221,0.9255245917157634,False,False,False,False,0.11260950588691113,0.17365462640946605,False,False,False,False,-3859037,-3323421.568847583,False,False,False,False,135570.24457462382,False,False,False,False
2025-08-12 00:00:00+00:00,24.1405575411,24.3745532523,23.7018155826,23.7603145104,184488,,23.12205567110633,22.8902075244631,22.03960417807151,21.820507897147717,21.92745461336824,21.977051669009043,,23.796484116997444,23.248200190671533,23.05081365752522,22.277089816240665,,23.248200190671533,22.277089816240665,22.296146925527655,23.093146945358715,"rgba(0, 255, 255, 0.75)",0.8827886565442656,22.564734428956065,1.7850513828673331,56.261367849145344,5.344661074826682,True,False,True,False,False,4.829775550011888,0.0,0.0,0.0,0.0,0,0.8979415644722045,0.9336289562093731,False,False,False,False,0.17476757220475622,0.17421109930711115,False,False,False,False,-3674549,-3337191.272030031,False,False,False,False,137488.5879246386,False,False,False,False
2025-08-13 00:00:00+00:00,25.2325375268,25.271536812,24.3745532523,24.6670478914,145310,,23.175849711954974,22.922737269027163,22.069367752463076,21.84200580777197,21.945211198676713,21.98867343514932,,23.865045612578854,23.31034941804749,23.097232232713374,22.309602908352215,,23.31034941804749,22.309602908352215,22.323974195840535,23.145557542922987,"rgba(0, 255, 0, 1.0)",0.9240884975541839,22.589042951119996,2.860650882114247,59.24426450467148,5.344661074826682,True,False,True,False,True,7.9474562774020505,0.0,0.0,0.0,0.0,0,0.9189893698839918,0.8956307796133854,False,False,False,False,0.31168145234655215,0.24294627582683165,False,False,False,False,-3529239,-3344722.555479834,False,False,False,False,137795.3099668096,False,False,False,False
2025-08-14 00:00:00+00:00,24.9107934239,25.2661744103,24.7060471766,25.1545389564,116229,,23.2166959771963,22.948047922747325,22.09275330636842,21.8589984866394,21.95927195647771,21.997908878516377,,23.914395094321264,23.356944343898682,23.13279476660558,22.33506127943586,,23.356944343898682,22.33506127943586,22.34561275465759,23.184798871065347,"rgba(0, 255, 0, 1.0)",0.9525834895513426,22.607726102723475,2.4177065280243792,59.95614332243552,5.344661074826682,True,False,True,False,True,6.854032052985065,0.0,0.0,0.0,0.0,0,0.9501559799517123,0.8909638650911412,False,False,False,False,0.3414356480935993,0.29219096196021543,False,False,False,False,-3645468,-3356516.494480625,False,False,False,False,136949.57232105237,False,False,False,False
2025-08-15 00:00:00+00:00,25.271536812,25.3787848463,25.0326661901,25.1545389564,71764,,23.244710340076892,22.965393094842813,22.108329371700982,21.87029223166734,21.968653726098005,22.00409316589977,,23.94991926116207,23.388990691573316,23.157187578693062,22.35210908995454,,23.388990691573316,22.35210908995454,22.3602453217143,23.212051655345746,"rgba(0, 255, 0, 1.0)",0.9919596665034472,22.62050705230823,2.6725176932207027,61.30029269385736,6.366245789113208,True,False,True,False,True,7.866512250880806,0.0,0.0,0.0,0.0,0,0.9512679580673203,0.8870279576340567,False,False,False,False,0.34282823690155545,0.3175095994308854,False,False,False,False,-3573704,-3365033.651559816,False,False,False,False,134393.27536728562,False,False,False,False
2025-08-18 00:00:00+00:00,25.466533238,25.6322802001,25.1545389564,25.4275339528,87878,,23.281158684581666,22.98803185766883,22.128343118830504,21.884796502818396,21.98073492626139,22.012078643017578,,23.996982065700614,23.4306743228667,23.188967520758023,22.374075376643653,,23.4306743228667,22.374075376643653,22.379190622196393,23.247674821492247,"rgba(0, 255, 0, 1.0)",1.0356202253323739,22.63713693985198,2.7320790275604625,62.65988980658413,7.793689565867467,True,False,True,False,True,8.412198793477888,0.0,0.0,0.0,0.0,0,0.9506787378676395,0.8837391169747205,False,False,False,False,0.34282823764579706,0.33016891853834124,False,False,False,False,-3485826,-3369770.606400608,False,False,False,False,132569.14692150973,False,False,False,False
2025-08-19 00:00:00+00:00,24.8327948535,25.5445318084,24.8327948535,25.4275339528,95191,,23.313080020049792,23.008644803430002,22.14748788313549,21.89884124444217,21.992411956157316,22.01980767994204,,24.032998747255785,23.466365413766965,23.217183022704965,22.394838981585533,,23.466365413766965,22.394838981585533,22.396712264526133,23.277846541328316,"rgba(0, 255, 0, 1.0)",1.0586958680477212,22.652065006169202,2.05982654050795,60.92287678836274,7.793689565867467,True,False,True,False,True,6.222729305477252,0.0,0.0,0.0,0.0,0,0.957262365989625,0.8831308556660054,False,False,False,False,0.3088647429658001,0.31951683075207066,False,False,False,False,-3581017,-3378054.7786986236,False,False,False,False,131103.33723831328,False,False,False,False
2025-08-20 00:00:00+00:00,25.3495353824,25.4762830593,25.1057898499,25.4470335954,79605,,23.34244895406156,23.02754672163139,22.16460951166811,21.911375173447507,22.002867292256592,22.026748532656587,,24.067878723474703,23.499341075818556,23.24311617372576,22.41349792987667,,23.499341075818556,22.41349792987667,22.412599364286958,23.305958475723923,"rgba(0, 255, 0, 1.0)",1.0943064234178224,22.665751165056612,2.4524979109244236,61.15655571150166,7.793689565867467,True,False,True,False,True,7.692697541189418,0.0,0.0,0.0,0.0,0,0.9591706394238607,0.8651607627679563,False,False,False,False,0.32575573050066375,0.3226362806263672,False,False,False,False,-3501412,-3382892.3167888736,False,False,False,False,129083.79460151668,False,False,False,False
2025-08-21 00:00:00+00:00,26.8315082202,26.9095067906,25.7200285919,25.7297784132,248691,,23.480546894260808,23.114073306902252,22.236488452010036,21.96329490668519,22.046578290905025,22.05594625346504,,24.258001805008607,23.657407027596086,23.363983476241632,22.49334096541196,,23.657407027596086,22.49334096541196,22.482821350704725,23.44318331856457,"rgba(0, 255, 0, 1.0)",1.1769478422096722,22.728610117765122,3.4860492158529746,64.3360081255098,9.611059227568134,True,False,True,False,True,11.654737021516492,0.0,0.0,0.0,0.0,0,0.9646643383444033,0.8319392636842194,False,False,False,False,0.34282824054027516,0.33273226058332117,False,False,False,False,-3252721,-3377787.5592677416,False,False,False,False,133774.27324459446,False,False,False,False
2025-08-22 00:00:00+00:00,27.28,27.55,27.04,27.2,102964,,23.54857508423418,23.156873361215126,22.271043774621756,21.98820235000654,22.067654949677507,22.07009364070035,,24.35355001167367,23.735271084184408,23.423627998725316,22.531952905408364,,23.735271084184408,22.531952905408364,22.517073860075907,23.511100499997937,"rgba(0, 255, 0, 1.0)",1.2737954884266027,22.759511114592506,3.548834115428703,67.16821353138566,12.312795323072706,True,False,True,False,True,12.785665758395304,0.0,0.0,0.0,0.0,0,0.9974747558284006,0.8228205496185877,False,False,False,False,0.34282824269289963,0.33778025163811043,False,False,False,False,-3149757,-3368845.184394497,False,False,False,False,132566.02723500252,False,False,False,False
2025-08-25 00:00:00+00:00,26.75,27.37,26.56,27.37,105980,,23.608944825855627,23.195879478813367,22.303348898558056,22.011697293416777,22.087538353151366,22.0834752650295,,24.433343139067134,23.803442441494116,23.47704887133578,22.567792386350643,,23.803442441494116,22.567792386350643,22.54848068580412,23.57040670956192,"rgba(0, 255, 0, 1.0)",1.3427689674206682,22.787398043074525,2.95106757235927,66.9536357366929,12.312795323072706,True,False,True,False,True,10.93559019597934,0.0,0.0,0.0,0.0,0,0.9742870336733578,0.8392164970990941,False,False,False,False,0.3046130299227515,0.321196640780431,False,False,False,False,-3255737,-3364409.5693202033,False,False,False,False,131523.4379316691,False,False,False,False
2025-08-26 00:00:00+00:00,26.28,26.85,26.09,26.85,99546,,23.655584767839205,23.227057321039087,22.330110224148783,22.03138204790896,22.10418975486025,22.094712101566454,,24.489906662849904,23.855176325142246,23.51881205588949,22.59719610518388,,23.855176325142246,22.59719610518388,22.573839369560456,23.61527278726638,"rgba(0, 255, 0, 1.0)",1.3906638125147233,22.809456942974798,2.4956017592414774,65.08305157053104,12.312795323072706,True,False,True,False,True,9.327425173364297,0.0,0.0,0.0,0.0,0,0.9456563562569538,0.8792841161213171,False,False,False,False,0.24883283204885417,0.2850147364146426,False,False,False,False,-3355283,-3364051.66464098,False,False,False,False,130269.42075787815,False,False,False,False
2025-08-27 00:00:00+00:00,26.71,26.89,26.23,26.23,143639,,23.724983311563264,23.273802289690746,22.370011402286334,22.060782863313552,22.12911657593709,22.11158337385045,,24.574112183583264,23.93197035260506,23.58111576137478,22.64106142584311,,23.93197035260506,22.64106142584311,22.61171330277357,23.682064930851553,"rgba(0, 255, 0, 1.0)",1.4489247329542103,22.842427805225448,2.6692706024066317,64.77284064179442,12.312795323072706,True,False,True,False,False,10.455049259026456,0.0,0.0,0.0,0.0,0,0.9550139821975372,0.8753978495900823,False,False,False,False,0.2588531334456944,0.2719339349301685,False,False,False,False,-3211644,-3358074.893478588,False,False,False,False,130793.7179830594,False,False,False,False
2025-08-28 00:00:00+00:00,26.86,26.86,26.39,26.47,93696,,23.769930161346313,23.304437912493253,22.396204668558212,22.080147750598176,22.14556389162218,22.122747688642427,,24.627882997211,23.981464014374755,23.621631868293328,22.669822511553765,,23.981464014374755,22.669822511553765,22.636505345543426,23.72520034785821,"rgba(0, 255, 0, 1.0)",1.508787393040907,22.863954326244844,2.648514755747838,64.89033765711913,12.312795323072706,True,False,True,False,False,10.847145799630788,0.0,0.0,0.0,0.0,0,0.950167981783409,0.8915733174388083,False,False,False,False,0.26612166477848626,0.26902779985432734,False,False,False,False,-3117948,-3348658.152557859,False,False,False,False,129338.90551313551,False,False,False,False
2025-08-29 00:00:00+00:00,27.57,27.8473,27.205,27.65,132549,,23.848751250834006,23.357304734170803,22.439823556377913,22.112180959323197,22.172868625663885,22.141319682392346,,24.72835836681212,24.069172286662,23.69228147836254,22.71812579070624,,24.069172286662,22.71812579070624,22.67870813479369,23.801984480635724,"rgba(0, 255, 0, 1.0)",1.5885595718505505,22.90118638560575,2.9390233121414755,66.40799432765729,12.312795323072706,True,False,True,False,False,12.675787219203897,0.0,0.0,0.0,0.0,0,0.9603374987143626,0.8789684209891273,False,False,False,False,0.3428282431066246,0.30592802148047593,False,False,False,False,-2985399,-3334412.6955948058,False,False,False,False,129464.79157144393,False,False,False,False
2025-09-02 00:00:00+00:00,26.85,27.51,26.43,27.51,213992,,23.94933750063211,23.427862977905274,22.50045616707128,22.1573807522212,22.211422000371897,22.167674388336987,,24.844494887932527,24.178629841607652,23.7838446470687,22.78449429997888,,24.178629841607652,22.78449429997888,22.735688964423122,23.897865919146938,"rgba(0, 255, 0, 1.0)",1.6388497797329515,22.950360080203577,2.379498089466056,64.61070918618577,12.312795323072706,True,False,True,False,False,10.163809847138229,0.0,0.0,0.0,0.0,0,0.9516395068420309,0.8760247544148482,False,False,False,False,0.2811351867621893,0.2935316041213326,False,False,False,False,-3199391,-3329117.7271401077,False,False,False,False,132779.58405883829,False,False,False,False
2025-09-03 00:00:00+00:00,27.41,27.73,27.15,27.19,126049,,24.015004008503446,23.473884671667122,22.539356270387064,22.18635824731461,22.23621579629207,22.184678592124158,,24.92240980509057,24.2502909124139,23.84358721214993,22.82721605907456,,24.2502909124139,22.82721605907456,22.772582931048078,23.96087599718224,"rgba(0, 255, 0, 1.0)",1.7037640078307648,22.98241551222129,2.598707607056401,64.63477770786109,12.312795323072706,True,False,True,False,False,11.605321987009159,0.0,0.0,0.0,0.0,0,0.9597617835931296,0.8721656272463181,False,False,False,False,0.33311665521516254,0.3133241296682476,False,False,False,False,-3073342,-3319087.3064679466,False,False,False,False,132515.63958594267,False,False,False,False
2025-09-04 00:00:00+00:00,27.55,27.65,26.79,27.13,76019,,24.052297605479616,23.500443072559115,22.562047534297847,22.203350494026857,22.250769432625972,22.194686154889325,,24.965385053001732,24.290690281656588,23.87770177023188,22.85205184673624,,24.290690281656588,22.85205184673624,22.79393238231312,23.99645723790661,"rgba(0, 255, 0, 1.0)",1.7678021489278717,23.000856644074414,2.573332857800026,64.94765154468709,12.312795323072706,True,False,True,False,False,11.962851018725843,0.0,0.0,0.0,0.0,0,0.9695936515991836,0.8472315539112916,False,False,False,False,0.3085841595138887,0.3109541445910681,False,False,False,False,-2997323,-3306469.0983711644,False,False,False,False,130300.08509237629,False,False,False,False
2025-09-05 00:00:00+00:00,28.23,28.25,27.59,27.59,129963,,24.12723164152911,23.553078932520442,22.60591622401136,22.236035869101105,22.27882900915697,22.21400314470846,,25.05593925867303,24.372564432321052,23.94591116550225,22.900359566368547,,24.372564432321052,22.900359566368547,22.835849136837908,24.06869360571622,"rgba(0, 255, 0, 1.0)",1.8515609496262175,23.03746817182175,2.804407723778409,66.51862350377621,12.67657610013152,True,False,True,False,False,13.676954468970688,0.0,0.0,0.0,0.0,0,0.9897322262473934,0.8248946322575154,False,False,False,False,0.3428282437481041,0.3268911941695861,False,False,False,False,-2867360,-3289249.133729158,False,False,False,False,130286.86606914585,False,False,False,False
2025-09-08 00:00:00+00:00,28.62,29.4,28.3,29.07,131697,,24.21440706250611,23.613923506272716,22.655712682368765,22.273029044377246,22.310662229258558,22.23595803420896,,25.164240321432153,24.468254661218655,24.025078078174527,22.955432828665135,,24.468254661218655,22.955432828665135,22.883948759832055,24.15325147237262,"rgba(0, 255, 0, 1.0)",1.9413563027219467,23.07979273223975,2.853781791622903,68.27062348368456,14.473032170980773,True,False,True,False,True,14.637542122279157,0.0,0.0,0.0,0.0,0,1.0075622508163644,0.7961083693742637,False,False,False,False,0.34282824500813874,0.3348597195888624,False,False,False,False,-2735663,-3267539.8735829163,False,False,False,False,130342.16543898327,False,False,False,False
2025-09-09 00:00:00+00:00,28.26,28.745,27.87,28.6,106521,,24.275359574285343,23.6576103675334,22.692280154093428,22.300450952584374,22.334280585072385,22.252308191076953,,25.236239153869594,24.534335845608975,24.08093098260643,22.995602229632965,,24.534335845608975,22.995602229632965,22.918714970774314,24.21177705292949,"rgba(0, 255, 0, 1.0)",2.0087809444796982,23.110048371542575,2.563719873294265,67.85773827995669,14.473032170980773,True,False,True,False,True,13.334213155198345,0.0,0.0,0.0,0.0,0,1.0066832520073359,0.806540500183882,False,False,False,False,0.2925969329758624,0.3137283262823624,False,False,False,False,-2842184,-3250859.2510894686,False,False,False,False,129408.0020884349,False,False,False,False
2025-09-10 00:00:00+00:00,28.08,28.4,27.88,27.95,81783,,24.318986087549003,23.689379606813965,22.71918401929493,22.32073712327017,22.35176882072585,22.264446347221025,,25.286325134830395,24.581292717856453,24.121122178824496,23.025048369512593,,24.581292717856453,23.025048369512593,22.94408366747916,24.253447100255983,"rgba(0, 255, 0, 1.0)",2.0582135490995914,23.132001022447948,2.4040260446816393,66.79892409091859,14.473032170980773,True,False,True,False,True,12.683743383294146,0.0,0.0,0.0,0.0,0,1.0222218454229797,0.8080746966889273,False,False,False,False,0.27604488634517826,0.29488660631377034,False,False,False,False,-2923967,-3238039.947125176,False,False,False,False,127540.35494771198,False,False,False,False
2025-09-11 00:00:00+00:00,28.78,28.8383,28.13,28.61,98630,,24.376547660538566,23.731036032662953,22.75402720805873,22.34695212727422,22.37440024910335,22.280169909386952,,25.353956087684182,24.64350700878401,24.17402878851217,23.063298136549115,,24.64350700878401,23.063298136549115,22.97718886450413,24.30869750538237,"rgba(0, 255, 0, 1.0)",2.1329226480419816,23.16080429614712,2.634505151422763,67.62875773954126,14.473032170980773,True,False,True,False,True,14.452997761773588,0.0,0.0,0.0,0.0,0,1.0229533376608728,0.8007974820272774,False,False,False,False,0.3067515395013803,0.3008190729075753,False,False,False,False,-2825337,-3221855.5178261497,False,False,False,False,126406.6155379978,False,False,False,False
2025-09-12 00:00:00+00:00,29.26,29.94,29.1005,29.73,186924,,24.502704508435844,23.82157598266642,22.82841290294198,22.402734051278905,22.42265948978544,22.313749093132884,,25.506642808963488,24.78061062868146,24.28962963606114,23.145316948257623,,24.78061062868146,23.145316948257623,23.048639338040246,24.43055000549093,"rgba(0, 255, 0, 1.0)",2.220010799063706,23.223439216579738,2.719158296872337,69.09901291090574,15.616899070886817,True,False,True,False,True,15.632382927696788,0.0,0.0,0.0,0.0,0,1.0322442465767725,0.7892356665012183,False,False,False,False,0.3428282445850515,0.3218236587463134,False,False,False,False,-2638413,-3198975.4190878696,False,False,False,False,128779.84630121358,False,False,False,False
2025-09-15 00:00:00+00:00,30.75,31.1,30.29,30.32,231891,30.71333333333333,24.689144624261374,23.954699699080106,22.935862418641296,22.483103237142664,22.49238184966407,22.362380488156308,,25.737668156708818,24.984049170381436,24.46013573410337,23.26429836034441,,24.984049170381436,23.26429836034441,24.23298652146845,24.61153785538451,"rgba(0, 255, 0, 1.0)",2.3423732133490116,23.67833608229592,3.0190167294448167,72.26223442805428,18.639619821600988,True,False,True,False,True,19.082469210148698,0.0,0.0,0.0,0.0,0,1.027045321969148,0.7704468061822392,False,False,False,False,0.3428282459110353,0.33232595232867435,False,False,False,False,-2406522,-3167898.814417757,False,False,False,False,132823.42095606794,False,False,False,False
2025-09-16 00:00:00+00:00,30.16,31.0,29.77,31.0,340233,30.473477445448886,24.92627082102717,24.129852401990718,23.080410824834722,22.59260484746107,22.587666586209032,22.429324987367398,,26.017139441109165,25.239172716987436,24.679416412841864,23.42315662085098,,25.239172716987436,23.42315662085098,24.31708684490557,24.83972129794736,"rgba(0, 255, 0, 1.0)",2.4349950851180306,23.784626502785116,2.6182284868578503,71.94585162547864,18.639619821600988,True,False,True,False,True,16.923985127460007,0.0,0.0,0.0,0.0,0,1.0012727950044473,0.7887321663744735,False,False,False,False,0.3166861637967397,0.32450605806270705,False,False,False,False,-2746755,-3151383.3707151,False,False,False,False,140957.12993818294,False,False,False,False
2025-09-17 00:00:00+00:00,30.36,30.575,30.16,30.33,153820,30.450492200500314,25.02806096737219,24.206586079901726,23.14440076218792,22.641457015330783,22.630288151507592,22.45943059229906,,26.134055233324755,25.347827487215643,24.774163902155067,23.493204047013016,,25.347827487215643,23.493204047013016,24.3658165384428,24.937312667427122,"rgba(0, 255, 0, 1.0)",2.5293975549743974,23.835204878007822,2.5795846561013307,72.05401182931853,18.639619821600988,True,False,True,False,True,17.38123751114207,0.0,0.0,0.0,0.0,0,1.023871768554773,0.7915933695127444,False,False,False,False,0.3152231181069843,0.31986458808484564,False,False,False,False,-2592935,-3129483.4346086257,False,False,False,False,141461.55621511696,False,False,False,False
2025-09-18 00:00:00+00:00,30.19,30.39,29.88,30.16,95554,30.415927638695813,25.08696447743645,24.25170381435593,23.18243994046355,22.67067303596978,22.655812368697614,22.477519983654794,,26.20009217360978,25.410284114123414,24.829279078226943,23.53469202618415,,25.410284114123414,23.53469202618415,24.39157732275342,24.99358684803607,"rgba(0, 255, 0, 1.0)",2.610284683457123,23.863865943836917,2.423541806093197,71.39725307809374,18.639619821600988,True,False,True,False,True,16.754652337415,0.0,0.0,0.0,0.0,0,1.0312229561222492,0.7783395049589303,False,False,False,False,0.2959063192544366,0.30788545366964115,False,False,False,False,-2688489,-3112189.535212209,False,False,False,False,139661.2598929555,False,False,False,False
2025-09-19 00:00:00+00:00,29.28,29.84,29.0,29.84,98539,30.304262346695477,25.137170538055514,24.291464197360266,23.216896187580662,22.697448729823275,22.679233626630555,22.494198996067073,,26.252961588188843,25.462697958985395,24.87679006288488,23.571959482706294,,25.462697958985395,23.571959482706294,24.402953517458975,25.041102273191353,"rgba(0, 255, 0, 1.0)",2.652593199620545,23.885026465359907,2.033848814590887,67.4268666395138,21.06630866797734,True,False,True,False,False,13.476779945662265,0.0,0.0,0.0,0.0,0,0.9998773566402478,0.7910662087914915,False,False,False,False,0.23775856786822636,0.27282201076893375,False,False,False,False,-2787028,-3099438.1024587895,False,False,False,False,138048.62225009452,False,False,False,False
2025-09-22 00:00:00+00:00,29.63,29.77,29.31,29.39,132816,30.21163613217293,25.206065439115253,24.34612517649339,23.26420010186242,22.734254984341717,22.711464703085152,22.517191653160165,,26.32581489916399,25.53463321827591,24.942010711581396,23.623121687963298,,25.53463321827591,23.623121687963298,24.42727688431872,25.106395129246152,"rgba(0, 255, 0, 1.0)",2.698584923810864,23.91718576101767,2.116966632613828,65.59195483763385,19.39908612140978,True,False,True,False,False,14.327441555081435,0.0,0.0,0.0,0.0,0,0.9911812675319227,0.8038072665265942,False,False,False,False,0.24739821248466065,0.2601101116267972,False,False,False,False,-2654212,-3081978.2553035426,False,False,False,False,137843.4213775418,False,False,False,False
2025-09-23 00:00:00+00:00,30.52,30.68,29.85,29.85,145955,30.228481947623525,25.29244583313222,24.413678993551276,23.32170826394037,22.778814055536202,22.750527140035977,22.545062589371582,,26.42065404662278,25.625562520679782,25.023356919142152,23.685591478871817,,25.625562520679782,23.685591478871817,24.475816974741594,25.18879124132913,"rgba(0, 255, 0, 1.0)",2.763390922301174,23.963552404190523,2.3726095149613107,66.19607855175656,19.39908612140978,True,False,True,False,False,16.42878899696163,0.0,0.0,0.0,0.0,0,1.0051076056127248,0.779912737630561,False,False,False,False,0.30667980494836056,0.2833949582875789,False,False,False,False,-2508257,-3059479.3825465413,False,False,False,False,138161.52249999114,False,False,False,False
2025-09-24 00:00:00+00:00,30.08,30.42,29.94,30.15,126093,30.220695453220024,25.361861264324613,24.46887022484236,23.36922845428381,22.81586906802476,22.783059223082432,22.56835842659475,,26.495002597992205,25.69813355526841,25.089079836905537,23.737015129063103,,25.69813355526841,23.737015129063103,24.51256315919611,25.254807779807315,"rgba(0, 255, 0, 1.0)",2.8036606241579505,24.000365239117176,2.168463154383664,64.96740733990225,18.872909024255705,True,False,True,False,False,14.85877812438179,0.0,0.0,0.0,0.0,0,1.010451897248448,0.7727933522430592,False,False,False,False,0.29962793732201637,0.29151144780479765,False,False,False,False,-2634350,-3042807.64205452,False,False,False,False,137688.24710783464,False,False,False,False
2025-09-25 00:00:00+00:00,29.46,29.67,29.13,29.64,133781,30.147260778337337,25.422510769053382,24.518929377722202,23.41359911929364,22.850921162119704,22.81388799113444,22.590563968640527,,26.55564255199772,25.76045667102014,25.14723373335564,23.784601892530755,,25.76045667102014,23.784601892530755,24.536810452328748,25.311983712226066,"rgba(0, 255, 255, 0.75)",2.8246196939907566,24.030451108745403,1.92222298201974,62.04043361317392,16.107286903495464,True,False,True,False,False,12.693566436546323,0.0,0.0,0.0,0.0,0,1.0013841756725472,0.7744757267692505,False,False,False,False,0.236156214261526,0.2638338310331618,False,False,False,False,-2768131,-3032036.0090327743,False,False,False,False,137535.0217310568,False,False,False,False
2025-09-26 00:00:00+00:00,29.5,29.7809,29.395,29.66,112541,30.10509953115078,25.473865922708594,24.56143264433044,23.451274267351188,22.880737497604603,22.840140837450033,22.60950977563005,,26.60711737315803,25.81321667766477,25.196507208281638,23.824990292791117,,25.81321667766477,23.824990292791117,24.560294353746524,25.360457887973887,"rgba(0, 255, 255, 0.75)",2.839289727673743,24.057038397962742,1.9170152129901614,60.19321859504359,14.413088049622687,False,False,True,False,False,12.792245859791596,0.0,0.0,0.0,0.0,0,1.0115235808933873,0.7713129302210425,False,False,False,False,0.2512625948422571,0.25754821293770946,False,False,False,False,-2655590,-3017273.4204432536,False,False,False,False,136554.8640161134,False,False,False,False
2025-09-29 00:00:00+00:00,29.54,29.6,29.26,29.6,131144,30.05591704606977,25.530812456230308,24.609170989727286,23.493946023917427,22.914675852247644,22.87006134773247,22.631167286828315,,26.66311720539538,25.871413175895494,25.251373078977878,23.870604246070375,,25.871413175895494,23.870604246070375,24.586535857536173,25.414126926584782,"rgba(0, 255, 255, 0.75)",2.8562910317159105,24.0868498034107,1.9091717671757455,59.074552042543324,13.376686339049094,False,False,True,False,False,12.892617462895398,0.0,0.0,0.0,0.0,0,0.9976056420351677,0.7886423465720552,False,False,False,False,0.2385601938131139,0.24805420337541167,False,False,False,False,-2524446,-2997946.854935675,False,False,False,False,136342.67327038344,False,False,False,False
2025-09-30 00:00:00+00:00,29.27,29.75,29.2,29.33,109404,30.01671198731333,25.576385194011326,24.64780726745491,23.52873055828073,22.942464883527393,22.894590770550682,22.648972524199063,,26.7072182569935,25.917775572166125,25.295440167866502,23.907694163503226,,25.917775572166125,23.907694163503226,24.60795188361963,25.457032040132336,"rgba(0, 255, 255, 0.75)",2.8707820039388143,24.111044947007777,1.7970556614587783,57.29414012486335,11.68226671316637,False,True,True,False,False,11.926574148395243,0.0,0.0,0.0,0.0,0,1.0074860863543142,0.7748345355328781,False,False,False,False,0.24217125312886262,0.24511272825213715,False,False,False,False,-2633850,-2983668.546898982,False,False,False,False,135286.25471076055,False,False,False,False
2025-10-01 00:00:00+00:00,29.44,29.85,29.1,29.24,110036,29.985027445853472,25.621815135292717,24.68649937856187,23.563638958121395,22.970418423655584,22.919289967248552,22.666935853111042,,26.75106828474609,25.963932888618658,25.339427034901245,23.944879685396604,,25.963932888618658,23.944879685396604,24.630517880263515,25.499826973415647,"rgba(0, 255, 255, 0.75)",2.904707929285193,24.13568866743815,1.8261083254133461,56.669251553403726,11.04727665340139,False,True,True,False,False,12.368850446404256,0.0,0.0,0.0,0.0,0,1.0090234604082164,0.770862710413755,False,False,False,False,0.22873743130909818,0.23692507978061766,False,False,False,False,-2523814,-2965635.0352558848,False,False,False,False,134296.0486436719,False,False,False,False
2025-10-02 00:00:00+00:00,28.74,29.5,28.34,29.49,172568,29.892329750227788,25.680102183865387,24.738435115759856,23.61205099593049,23.009749093319112,22.9541165553889,22.692433553007792,,26.802408438748994,26.021877439826973,25.39674832759961,23.995937761279286,,26.021877439826973,23.995937761279286,24.6541738924999,25.554242991863717,"rgba(0, 255, 255, 0.75)",2.9160699229295175,24.166374717708607,1.568420992352843,53.635317907959994,8.137544080977094,False,True,False,False,False,9.868410902003266,0.0,0.0,0.0,0.0,0,0.9833848434914519,0.7908303340822883,False,False,False,False,0.17886970176757525,0.20789739077409647,False,False,False,False,-2696382,-2955076.0926968306,False,False,False,False,135796.90948117495,False,False,False,False
2025-10-03 00:00:00+00:00,29.44,29.55,28.9803,29.51,83832,29.87043480432912,25.711684035206773,24.76598609434327,23.63729989175064,23.030165189243274,22.972204112842867,22.70566953752444,,26.831874048719442,26.053658718121927,25.427562938518026,24.022687333862915,,26.053658718121927,24.022687333862915,24.6704919521772,25.583945759805577,"rgba(0, 255, 255, 0.75)",2.9456426144480354,24.18403455125977,1.7843187842816808,53.969314867001984,8.137544080977094,False,True,False,False,False,11.716505155288484,0.0,0.0,0.0,0.0,0,0.986209102513724,0.8003874569648728,False,False,False,False,0.20976320357214062,0.20883029717311855,False,False,False,False,-2612550,-2941643.696904798,False,False,False,False,133759.0698936779,False,False,False,False
2025-10-06 00:00:00+00:00,29.2,29.39,29.04,29.09,100774,29.841231113306044,25.747761383074916,24.797856395484928,23.66675791979843,23.05409396563311,22.993425651866893,22.721239145411985,,26.86482382311512,26.08976466409419,25.462910814637375,24.0538088986109,,26.08976466409419,24.0538088986109,24.68890936779662,25.617827050114393,"rgba(0, 255, 255, 0.75)",2.967036244720866,24.204308777415843,1.6837311075902084,53.31064304649341,7.724400011302173,False,True,False,False,False,10.864128912569523,0.0,0.0,0.0,0.0,0,0.9940835890611588,0.8008181465475014,False,False,False,False,0.20525117833833126,0.2070407377557249,False,False,False,False,-2713324,-2932689.983300688,False,False,False,False,132465.53774098464,False,False,False,False
2025-10-07 00:00:00+00:00,28.2,28.6,27.74,28.6,127690,29.753091687161778,25.77913408104067,24.82831307773943,23.696786569472412,23.079120291576267,23.01568777587065,22.737745922262004,28.180000000000007,26.88751471621663,26.119628710493505,25.494708205727964,24.084939514236314,28.180000000000007,26.119628710493505,24.084939514236314,24.698554200731884,26.153358229334884,"rgba(38, 166, 154, 1.0)",2.96827651135892,24.451060371597386,1.2630021542993968,49.72535766545418,4.261470721923246,False,True,False,False,False,7.4196538961396,1.0,28.6,27.74,0.0,0,0.9674134354321418,0.8249005074413919,False,False,False,False,0.1128085803220477,0.1599246590388863,False,False,False,False,-2841014,-2929094.8467006614,False,False,False,False,132278.26175114213,False,False,False,False
2025-10-08 00:00:00+00:00,28.45,28.5,27.93,28.3,94766,29.69778929091558,25.802973923487865,24.851316855157688,23.719372359802243,23.09794551289115,23.032446486937083,22.75018592004086,28.228279869577204,26.905287971482977,26.14243574719034,25.518805723450765,24.108372382119235,28.228279869577204,26.14243574719034,24.108372382119235,24.707432907033212,26.180636338764106,"rgba(38, 166, 154, 1.0)",2.9690015977347963,24.466083562756555,1.3418370809510436,48.24563517395354,2.864024805687606,False,True,False,True,False,8.104233316180704,0.0,0.0,0.0,0.0,0,0.987032000740932,0.8265191370030704,False,False,False,False,0.11673913412637352,0.1383318965826299,False,False,False,False,-2746248,-2921924.382124165,False,False,False,False,130807.19266286204,False,False,False,False
2025-10-09 00:00:00+00:00,29.25,29.46,28.6,28.88,128267,29.668793981058954,25.8447944012265,24.889184270220973,23.754942789295804,23.12714919932819,23.058427276000888,22.769382655599767,28.54830588051919,26.942268061158643,26.183895805278325,25.560099986627414,24.145735469308995,28.54830588051919,26.183895805278325,24.145735469308995,24.730382081818725,26.276061040578515,"rgba(0, 255, 255, 0.75)",2.9651988487656675,24.50591069319447,1.599922820953599,49.873976207752186,2.864024805687606,False,True,False,False,False,10.246103937755755,0.0,0.0,0.0,0.0,0,1.0055338411802979,0.8053557681147026,False,False,False,False,0.18867618839106032,0.1635040424868451,False,False,False,False,-2617981,-2910005.0338055706,False,False,False,False,130707.57726431843,False,False,False,False
2025-10-10 00:00:00+00:00,28.89,29.84,28.83,29.14,155331,29.641904079182726,25.89530088143169,24.935037433989528,23.798055689449036,23.162624641050936,23.090023427061524,22.792778927382823,28.744247853654613,26.98708220998561,26.233964850792745,25.609997597437154,24.19098856599257,28.744247853654613,26.233964850792745,24.19098856599257,24.75938929707832,26.353256215572536,"rgba(38, 166, 154, 1.0)",2.9539537477000883,24.54503244331037,1.4708989807550539,49.78594100052445,2.864024805687606,False,True,False,False,False,9.010961645568159,0.0,0.0,0.0,0.0,0,1.0130746469389054,0.7935103758190571,False,False,False,False,0.21606174858256558,0.18978289553470534,False,False,False,False,-2773312,-2904644.5226759408,False,False,False,False,131673.20168532556,False,False,False,False
2025-10-13 00:00:00+00:00,29.39,30.0,29.2344,29.37,163027,29.636349918500127,25.952233392775554,24.986050875304766,23.8455058781024,23.201580486105474,23.124746086931175,22.818504052290283,28.93849666871425,27.0395141141134,26.29085197916988,25.665962238197064,24.240929745600063,28.93849666871425,26.29085197916988,24.240929745600063,24.794995812858538,26.43515094915893,"rgba(0, 255, 255, 0.75)",2.9417974429085505,24.5886248524152,1.6321229590973088,51.271426949398645,2.864024805687606,False,True,False,False,True,10.338747369079044,0.0,0.0,0.0,0.0,0,1.0198369471350979,0.7778358427122799,False,False,False,False,0.23363113578481295,0.21170701565975913,False,False,False,False,-2610285,-2893101.0119827664,False,False,False,False,132902.76240354808,False,False,False,False
2025-10-14 00:00:00+00:00,28.87,29.13,28.1,28.44,157636,29.588823579573198,25.993102171779377,25.02539920055006,23.883978548477398,23.23385855305254,23.15361047414233,22.84010257471096,28.893020815587438,27.071829191508716,26.33026230864825,25.707156688001533,24.28081426194193,28.893020815587438,26.33026230864825,24.28081426194193,24.816982157469408,26.456616653137576,"rgba(38, 166, 154, 1.0)",2.910724055586113,24.61053026593369,1.4633711931200604,50.541124717561516,2.864024805687606,False,True,False,False,True,8.554587533269853,0.0,0.0,0.0,0.0,1,0.9860690192967916,0.811544097686883,False,False,False,False,0.13547051782507638,0.17358876674241774,False,False,False,False,-2767921,-2888191.991905011,False,False,False,False,133872.69328968346,False,False,False,False
2025-10-15 00:00:00+00:00,29.81,29.84,29.32,29.4,107746,29.591098341872456,26.029971785783985,25.058695981602558,23.915080382391668,23.259527096292935,23.176541676326977,22.857169637173236,28.98107115666074,27.105761243143114,26.36704456293702,25.74347242654574,24.313481019475734,28.98107115666074,26.36704456293702,24.313481019475734,24.841154985920543,26.50216608175247,"rgba(0, 255, 255, 0.75)",2.885251835676014,24.637436798300733,1.7927596952684495,52.75500143248436,2.864024805687606,False,True,False,False,True,11.021862333344664,0.0,0.0,0.0,0.0,1,0.9980963935013459,0.8092247754329828,False,False,False,False,0.2292114554702258,0.20140011110632178,False,False,False,False,-2660175,-2879250.1490852064,False,False,False,False,132848.1170822449,False,False,False,False
2025-10-16 00:00:00+00:00,30.53,30.93,30.26,30.26,125689,29.6280708535519,26.082691048218184,25.104561709419226,23.95666601546202,23.293465847901373,23.20684330950999,22.879640730347237,29.169845823617745,27.158060841369622,26.420610945109686,25.794728916243677,24.35754170545161,29.169845823617745,26.420610945109686,24.35754170545161,24.878848502058563,26.58015764635847,"rgba(0, 255, 0, 1.0)",2.8677561761737183,24.679487254379488,2.0401011753469622,55.91816123750735,1.3577045171226416,False,True,True,False,True,12.826283516578265,0.0,0.0,0.0,0.0,1,1.0056836196198011,0.805437153936585,False,False,False,False,0.3323246839900474,0.2668623975481846,False,False,False,False,-2534486,-2865729.986375983,False,False,False,False,132567.3673927451,False,False,False,False
2025-10-17 00:00:00+00:00,30.83,31.015,30.2,30.2,98886,29.658374896541677,26.12429589520112,25.14081814846935,23.989549972432698,23.320340694940985,23.2308572617858,22.89747575793146,29.298830305477473,27.199382204300512,26.462879595000913,25.83519373196294,24.3923695675953,29.298830305477473,26.462879595000913,24.3923695675953,24.908816089614728,26.63773108086743,"rgba(0, 255, 0, 1.0)",2.8606784270886076,24.71179633417785,2.138724719243894,58.673785991363836,3.91872569771931,False,True,True,False,True,13.562997685414807,0.0,0.0,0.0,0.0,1,1.016500484451303,0.7849623721896272,False,False,False,False,0.33363372438712163,0.3002480609676531,False,False,False,False,-2435600,-2848862.1437730035,False,False,False,False,131246.52945577473,False,False,False,False
2025-10-20 00:00:00+00:00,31.3,31.8,31.11,31.11,157426,29.734777630242338,26.199245456364988,25.204967926185553,24.046817124730197,23.3668793068049,23.27244281406827,22.928318183817304,29.550491948836683,27.276428789154878,26.53968729744046,25.907638169685267,24.453302872348562,29.550491948836683,26.53968729744046,24.453302872348562,24.964778348887652,26.745509815493172,"rgba(0, 255, 0, 1.0)",2.879501718181673,24.77122226746013,2.267328993525525,61.4822719467315,6.490114794643816,False,False,True,False,True,14.705147203330242,0.0,0.0,0.0,0.0,0,1.0425985458907319,0.7684214483798784,False,False,False,False,0.3428282449043083,0.3215381529359807,False,False,False,False,-2278174,-2826482.216566219,False,False,False,False,132273.17535946984,False,False,False,False
2025-10-21 00:00:00+00:00,31.09,31.22,30.665,31.0,99021,29.768465424168653,26.241664319401302,25.242013714662246,24.080396638634806,23.394393061208692,23.29707060674194,22.946666968426925,29.65131008660165,27.31876923068652,26.582801032417418,25.948906235498303,24.488852023302105,29.65131008660165,26.582801032417418,24.488852023302105,24.99581010474922,26.7981277217012,"rgba(0, 255, 0, 1.0)",2.9035567147013794,24.80287775006662,2.165317528705475,62.49452020857086,7.392029470524577,False,False,True,False,True,13.95120140890862,0.0,0.0,0.0,0.0,0,1.0378295921781664,0.761362166823715,False,False,False,False,0.2924564577308256,0.3069973053334032,False,False,False,False,-2377195,-2808863.1100342106,False,False,False,False,130969.1684826279,False,False,False,False
2025-10-22 00:00:00+00:00,32.2,32.23,30.58,30.68,173512,29.853765564790354,26.32457086620029,25.313322064337786,24.144159643185812,23.446391077607537,23.343619601800896,22.981312581782046,29.871742802493234,27.403960643833614,26.66768693688688,26.02913936207075,24.556622140743272,29.871742802493234,26.66768693688688,24.556622140743272,25.058163057100675,26.905830377205554,"rgba(0, 255, 0, 1.0)",2.937159127435108,24.866101145054742,2.496936167482908,65.33046809527858,10.056763674703355,True,False,True,False,True,16.598625034436914,0.0,0.0,0.0,0.0,0,1.0265453357929,0.7513836956464939,False,False,False,False,0.33725444983873437,0.3221258775860688,False,False,False,False,-2203683,-2785130.5566995353,False,False,False,False,132637.5148166425,False,False,False,False
2025-10-23 00:00:00+00:00,33.1,33.14,32.32,32.43,327667,30.088022603223106,26.50759463931519,25.46803850672719,24.280176782499716,23.55670129804932,23.44242205969874,23.05480286784573,30.381466376614092,27.598257546848615,26.85664757087987,26.205206038588923,24.701894117398,30.381466376614092,26.85664757087987,24.701894117398,25.199679822479855,27.1486943300659,"rgba(0, 255, 0, 1.0)",2.9815694883151385,25.007185291626786,2.71428009311512,68.57562658801542,13.059085691860794,True,False,True,False,True,18.62142918398751,0.0,0.0,0.0,0.0,0,1.0540760573370627,0.7568024245902449,False,False,False,False,0.3428282448509801,0.3324770612185245,False,False,False,False,-1876016,-2749479.0054564164,False,False,False,False,140285.7299218722,False,False,False,False
2025-10-24 00:00:00+00:00,32.5,33.29,32.055,32.55,237907,30.22362169206541,26.6294254120526,25.57295357678587,24.37362922434108,23.633173998677282,23.511097651613184,23.10619826025942,30.628092402741274,27.724852343568877,26.981596242219293,26.32307084396668,24.801231097123452,30.628092402741274,26.981596242219293,24.801231097123452,25.292871402256406,27.291768585923915,"rgba(0, 255, 0, 1.0)",3.011771043592258,25.097055778607135,2.458003651088657,68.40729343874531,13.059085691860794,True,False,True,False,True,16.466294024872717,0.0,0.0,0.0,0.0,0,1.039613014676733,0.7570026949963282,False,False,False,False,0.3371914396926132,0.33483425045556886,False,False,False,False,-2113923,-2724555.2405365566,False,False,False,False,144114.01502297528,False,False,False,False
2025-10-27 00:00:00+00:00,33.3,33.32,32.32,32.61,124929,30.29916255439037,26.695258423306086,25.629614363559647,24.424004893882678,23.674427321786844,23.5481796017818,23.1339936962942,30.756989732953134,27.79357785115046,27.049174130591677,26.386735241326118,24.854792810570615,30.756989732953134,27.049174130591677,24.854792810570615,25.343520122143094,27.3682539533184,"rgba(0, 255, 0, 1.0)",3.0653943003182533,25.14552776973412,2.660170741956188,69.57482933453238,14.065186099680304,True,False,True,False,True,18.243856146376768,0.0,0.0,0.0,0.0,0,1.0404974643444238,0.7645371295820226,False,False,False,False,0.34282824470991724,0.3388312475827431,False,False,False,False,-1988994,-2695709.701691986,False,False,False,False,143361.6614926625,False,False,False,False
